,,All people in households,Owned: Total,Owned: Owned outright,Owned: Owned with a mortgage or loan or shared ownership,Rented or living rent free: Total,Rented or living rent free: Social rented,Rented or living rent free: Private rented or living rent free
S92000003,All people in households,5196386,3406960,1253193,2153767,1789426,1115545,673881
S92000003,Whole house or bungalow: Total,3664149,2822674,1049861,1772813,841475,537277,304198
S92000003,Whole house or bungalow: Detached,1343029,1199320,500015,699305,143709,28821,114888
S92000003,Whole house or bungalow: Semi-detached,1300551,948464,331730,616734,352087,245369,106718
S92000003,Whole house or bungalow: Terraced (including end-terrace),1020569,674890,218116,456774,345679,263087,82592
S92000003,Flat maisonette or apartment or mobile/temporary accommodation,1532237,584286,203332,380954,947951,578268,369683
S01006506,All people in households,852,621,246,375,231,74,157
S01006506,Whole house or bungalow: Total,463,384,187,197,79,21,58
S01006506,Whole house or bungalow: Detached,254,222,121,101,32,0,32
S01006506,Whole house or bungalow: Semi-detached,143,112,51,61,31,13,18
S01006506,Whole house or bungalow: Terraced (including end-terrace),66,50,15,35,16,8,8
S01006506,Flat maisonette or apartment or mobile/temporary accommodation,389,237,59,178,152,53,99
S01006507,All people in households,836,591,274,317,245,194,51
S01006507,Whole house or bungalow: Total,683,507,242,265,176,125,51
S01006507,Whole house or bungalow: Detached,262,223,105,118,39,0,39
S01006507,Whole house or bungalow: Semi-detached,131,89,22,67,42,39,3
S01006507,Whole house or bungalow: Terraced (including end-terrace),290,195,115,80,95,86,9
S01006507,Flat maisonette or apartment or mobile/temporary accommodation,153,84,32,52,69,69,0
S01006508,All people in households,643,546,152,394,97,31,66
S01006508,Whole house or bungalow: Total,255,236,73,163,19,7,12
S01006508,Whole house or bungalow: Detached,125,119,32,87,6,0,6
S01006508,Whole house or bungalow: Semi-detached,49,43,10,33,6,2,4
S01006508,Whole house or bungalow: Terraced (including end-terrace),81,74,31,43,7,5,2
S01006508,Flat maisonette or apartment or mobile/temporary accommodation,388,310,79,231,78,24,54
S01006509,All people in households,580,430,115,315,150,109,41
S01006509,Whole house or bungalow: Total,428,321,82,239,107,86,21
S01006509,Whole house or bungalow: Detached,86,79,23,56,7,1,6
S01006509,Whole house or bungalow: Semi-detached,179,124,30,94,55,40,15
S01006509,Whole house or bungalow: Terraced (including end-terrace),163,118,29,89,45,45,0
S01006509,Flat maisonette or apartment or mobile/temporary accommodation,152,109,33,76,43,23,20
S01006510,All people in households,577,401,175,226,176,132,44
S01006510,Whole house or bungalow: Total,434,323,142,181,111,89,22
S01006510,Whole house or bungalow: Detached,104,97,51,46,7,0,7
S01006510,Whole house or bungalow: Semi-detached,254,178,62,116,76,66,10
S01006510,Whole house or bungalow: Terraced (including end-terrace),76,48,29,19,28,23,5
S01006510,Flat maisonette or apartment or mobile/temporary accommodation,143,78,33,45,65,43,22
S01006511,All people in households,749,636,291,345,113,64,49
S01006511,Whole house or bungalow: Total,712,620,286,334,92,47,45
S01006511,Whole house or bungalow: Detached,218,205,126,79,13,4,9
S01006511,Whole house or bungalow: Semi-detached,451,397,159,238,54,25,29
S01006511,Whole house or bungalow: Terraced (including end-terrace),43,18,1,17,25,18,7
S01006511,Flat maisonette or apartment or mobile/temporary accommodation,37,16,5,11,21,17,4
S01006512,All people in households,496,398,160,238,98,11,87
S01006512,Whole house or bungalow: Total,485,391,160,231,94,9,85
S01006512,Whole house or bungalow: Detached,342,275,131,144,67,0,67
S01006512,Whole house or bungalow: Semi-detached,102,75,16,59,27,9,18
S01006512,Whole house or bungalow: Terraced (including end-terrace),41,41,13,28,0,0,0
S01006512,Flat maisonette or apartment or mobile/temporary accommodation,11,7,0,7,4,2,2
S01006513,All people in households,568,506,233,273,62,5,57
S01006513,Whole house or bungalow: Total,518,477,204,273,41,2,39
S01006513,Whole house or bungalow: Detached,111,97,46,51,14,0,14
S01006513,Whole house or bungalow: Semi-detached,366,344,145,199,22,0,22
S01006513,Whole house or bungalow: Terraced (including end-terrace),41,36,13,23,5,2,3
S01006513,Flat maisonette or apartment or mobile/temporary accommodation,50,29,29,0,21,3,18
S01006514,All people in households,940,759,311,448,181,19,162
S01006514,Whole house or bungalow: Total,926,747,305,442,179,17,162
S01006514,Whole house or bungalow: Detached,710,566,244,322,144,14,130
S01006514,Whole house or bungalow: Semi-detached,195,176,61,115,19,0,19
S01006514,Whole house or bungalow: Terraced (including end-terrace),21,5,0,5,16,3,13
S01006514,Flat maisonette or apartment or mobile/temporary accommodation,14,12,6,6,2,2,0
S01006515,All people in households,762,629,282,347,133,25,108
S01006515,Whole house or bungalow: Total,732,616,274,342,116,17,99
S01006515,Whole house or bungalow: Detached,539,461,195,266,78,0,78
S01006515,Whole house or bungalow: Semi-detached,173,138,73,65,35,14,21
S01006515,Whole house or bungalow: Terraced (including end-terrace),20,17,6,11,3,3,0
S01006515,Flat maisonette or apartment or mobile/temporary accommodation,30,13,8,5,17,8,9
S01006516,All people in households,467,378,229,149,89,12,77
S01006516,Whole house or bungalow: Total,442,374,227,147,68,6,62
S01006516,Whole house or bungalow: Detached,301,258,198,60,43,0,43
S01006516,Whole house or bungalow: Semi-detached,120,97,29,68,23,6,17
S01006516,Whole house or bungalow: Terraced (including end-terrace),21,19,0,19,2,0,2
S01006516,Flat maisonette or apartment or mobile/temporary accommodation,25,4,2,2,21,6,15
S01006517,All people in households,1014,865,437,428,149,60,89
S01006517,Whole house or bungalow: Total,966,836,422,414,130,47,83
S01006517,Whole house or bungalow: Detached,727,661,345,316,66,0,66
S01006517,Whole house or bungalow: Semi-detached,152,118,56,62,34,18,16
S01006517,Whole house or bungalow: Terraced (including end-terrace),87,57,21,36,30,29,1
S01006517,Flat maisonette or apartment or mobile/temporary accommodation,48,29,15,14,19,13,6
S01006518,All people in households,627,563,349,214,64,3,61
S01006518,Whole house or bungalow: Total,596,548,341,207,48,0,48
S01006518,Whole house or bungalow: Detached,524,479,296,183,45,0,45
S01006518,Whole house or bungalow: Semi-detached,62,59,39,20,3,0,3
S01006518,Whole house or bungalow: Terraced (including end-terrace),10,10,6,4,0,0,0
S01006518,Flat maisonette or apartment or mobile/temporary accommodation,31,15,8,7,16,3,13
S01006519,All people in households,807,741,347,394,66,10,56
S01006519,Whole house or bungalow: Total,783,722,343,379,61,5,56
S01006519,Whole house or bungalow: Detached,714,665,309,356,49,0,49
S01006519,Whole house or bungalow: Semi-detached,57,45,26,19,12,5,7
S01006519,Whole house or bungalow: Terraced (including end-terrace),12,12,8,4,0,0,0
S01006519,Flat maisonette or apartment or mobile/temporary accommodation,24,19,4,15,5,5,0
S01006520,All people in households,729,522,220,302,207,2,205
S01006520,Whole house or bungalow: Total,718,520,218,302,198,2,196
S01006520,Whole house or bungalow: Detached,680,489,213,276,191,0,191
S01006520,Whole house or bungalow: Semi-detached,26,24,5,19,2,2,0
S01006520,Whole house or bungalow: Terraced (including end-terrace),12,7,0,7,5,0,5
S01006520,Flat maisonette or apartment or mobile/temporary accommodation,11,2,2,0,9,0,9
S01006521,All people in households,663,528,236,292,135,10,125
S01006521,Whole house or bungalow: Total,617,503,224,279,114,5,109
S01006521,Whole house or bungalow: Detached,400,345,176,169,55,0,55
S01006521,Whole house or bungalow: Semi-detached,118,95,34,61,23,3,20
S01006521,Whole house or bungalow: Terraced (including end-terrace),99,63,14,49,36,2,34
S01006521,Flat maisonette or apartment or mobile/temporary accommodation,46,25,12,13,21,5,16
S01006522,All people in households,574,518,227,291,56,7,49
S01006522,Whole house or bungalow: Total,544,504,225,279,40,5,35
S01006522,Whole house or bungalow: Detached,252,239,142,97,13,0,13
S01006522,Whole house or bungalow: Semi-detached,284,257,83,174,27,5,22
S01006522,Whole house or bungalow: Terraced (including end-terrace),8,8,0,8,0,0,0
S01006522,Flat maisonette or apartment or mobile/temporary accommodation,30,14,2,12,16,2,14
S01006523,All people in households,941,805,387,418,136,15,121
S01006523,Whole house or bungalow: Total,665,616,298,318,49,8,41
S01006523,Whole house or bungalow: Detached,267,243,118,125,24,0,24
S01006523,Whole house or bungalow: Semi-detached,339,318,154,164,21,6,15
S01006523,Whole house or bungalow: Terraced (including end-terrace),59,55,26,29,4,2,2
S01006523,Flat maisonette or apartment or mobile/temporary accommodation,276,189,89,100,87,7,80
S01006524,All people in households,711,534,310,224,177,18,159
S01006524,Whole house or bungalow: Total,534,423,229,194,111,14,97
S01006524,Whole house or bungalow: Detached,346,275,161,114,71,0,71
S01006524,Whole house or bungalow: Semi-detached,165,127,61,66,38,12,26
S01006524,Whole house or bungalow: Terraced (including end-terrace),23,21,7,14,2,2,0
S01006524,Flat maisonette or apartment or mobile/temporary accommodation,177,111,81,30,66,4,62
S01006525,All people in households,798,681,336,345,117,38,79
S01006525,Whole house or bungalow: Total,734,639,318,321,95,37,58
S01006525,Whole house or bungalow: Detached,492,454,241,213,38,0,38
S01006525,Whole house or bungalow: Semi-detached,109,103,55,48,6,5,1
S01006525,Whole house or bungalow: Terraced (including end-terrace),133,82,22,60,51,32,19
S01006525,Flat maisonette or apartment or mobile/temporary accommodation,64,42,18,24,22,1,21
S01006526,All people in households,902,409,143,266,493,343,150
S01006526,Whole house or bungalow: Total,493,304,117,187,189,153,36
S01006526,Whole house or bungalow: Detached,19,12,5,7,7,5,2
S01006526,Whole house or bungalow: Semi-detached,168,95,39,56,73,57,16
S01006526,Whole house or bungalow: Terraced (including end-terrace),306,197,73,124,109,91,18
S01006526,Flat maisonette or apartment or mobile/temporary accommodation,409,105,26,79,304,190,114
S01006527,All people in households,674,282,130,152,392,277,115
S01006527,Whole house or bungalow: Total,586,264,123,141,322,228,94
S01006527,Whole house or bungalow: Detached,33,16,5,11,17,9,8
S01006527,Whole house or bungalow: Semi-detached,362,140,68,72,222,165,57
S01006527,Whole house or bungalow: Terraced (including end-terrace),191,108,50,58,83,54,29
S01006527,Flat maisonette or apartment or mobile/temporary accommodation,88,18,7,11,70,49,21
S01006528,All people in households,981,479,196,283,502,271,231
S01006528,Whole house or bungalow: Total,697,387,174,213,310,214,96
S01006528,Whole house or bungalow: Detached,19,13,4,9,6,2,4
S01006528,Whole house or bungalow: Semi-detached,318,169,88,81,149,107,42
S01006528,Whole house or bungalow: Terraced (including end-terrace),360,205,82,123,155,105,50
S01006528,Flat maisonette or apartment or mobile/temporary accommodation,284,92,22,70,192,57,135
S01006529,All people in households,892,390,129,261,502,169,333
S01006529,Whole house or bungalow: Total,294,200,69,131,94,63,31
S01006529,Whole house or bungalow: Detached,18,9,9,0,9,5,4
S01006529,Whole house or bungalow: Semi-detached,206,139,41,98,67,45,22
S01006529,Whole house or bungalow: Terraced (including end-terrace),70,52,19,33,18,13,5
S01006529,Flat maisonette or apartment or mobile/temporary accommodation,598,190,60,130,408,106,302
S01006530,All people in households,748,356,152,204,392,264,128
S01006530,Whole house or bungalow: Total,453,280,122,158,173,114,59
S01006530,Whole house or bungalow: Detached,12,7,5,2,5,3,2
S01006530,Whole house or bungalow: Semi-detached,279,183,77,106,96,68,28
S01006530,Whole house or bungalow: Terraced (including end-terrace),162,90,40,50,72,43,29
S01006530,Flat maisonette or apartment or mobile/temporary accommodation,295,76,30,46,219,150,69
S01006531,All people in households,955,349,139,210,606,418,188
S01006531,Whole house or bungalow: Total,369,173,85,88,196,135,61
S01006531,Whole house or bungalow: Detached,19,3,3,0,16,9,7
S01006531,Whole house or bungalow: Semi-detached,168,80,44,36,88,56,32
S01006531,Whole house or bungalow: Terraced (including end-terrace),182,90,38,52,92,70,22
S01006531,Flat maisonette or apartment or mobile/temporary accommodation,586,176,54,122,410,283,127
S01006532,All people in households,703,558,252,306,145,10,135
S01006532,Whole house or bungalow: Total,578,509,232,277,69,4,65
S01006532,Whole house or bungalow: Detached,104,85,46,39,19,0,19
S01006532,Whole house or bungalow: Semi-detached,374,343,145,198,31,4,27
S01006532,Whole house or bungalow: Terraced (including end-terrace),100,81,41,40,19,0,19
S01006532,Flat maisonette or apartment or mobile/temporary accommodation,125,49,20,29,76,6,70
S01006533,All people in households,694,620,282,338,74,3,71
S01006533,Whole house or bungalow: Total,577,520,250,270,57,2,55
S01006533,Whole house or bungalow: Detached,140,121,70,51,19,0,19
S01006533,Whole house or bungalow: Semi-detached,215,204,105,99,11,0,11
S01006533,Whole house or bungalow: Terraced (including end-terrace),222,195,75,120,27,2,25
S01006533,Flat maisonette or apartment or mobile/temporary accommodation,117,100,32,68,17,1,16
S01006534,All people in households,910,781,327,454,129,12,117
S01006534,Whole house or bungalow: Total,664,610,265,345,54,0,54
S01006534,Whole house or bungalow: Detached,133,118,53,65,15,0,15
S01006534,Whole house or bungalow: Semi-detached,265,245,109,136,20,0,20
S01006534,Whole house or bungalow: Terraced (including end-terrace),266,247,103,144,19,0,19
S01006534,Flat maisonette or apartment or mobile/temporary accommodation,246,171,62,109,75,12,63
S01006535,All people in households,1038,706,227,479,332,24,308
S01006535,Whole house or bungalow: Total,377,324,135,189,53,3,50
S01006535,Whole house or bungalow: Detached,52,38,17,21,14,0,14
S01006535,Whole house or bungalow: Semi-detached,173,153,60,93,20,0,20
S01006535,Whole house or bungalow: Terraced (including end-terrace),152,133,58,75,19,3,16
S01006535,Flat maisonette or apartment or mobile/temporary accommodation,661,382,92,290,279,21,258
S01006536,All people in households,1013,611,205,406,402,30,372
S01006536,Whole house or bungalow: Total,252,224,89,135,28,0,28
S01006536,Whole house or bungalow: Detached,19,19,0,19,0,0,0
S01006536,Whole house or bungalow: Semi-detached,92,82,32,50,10,0,10
S01006536,Whole house or bungalow: Terraced (including end-terrace),141,123,57,66,18,0,18
S01006536,Flat maisonette or apartment or mobile/temporary accommodation,761,387,116,271,374,30,344
S01006537,All people in households,754,686,372,314,68,17,51
S01006537,Whole house or bungalow: Total,711,661,356,305,50,2,48
S01006537,Whole house or bungalow: Detached,146,122,89,33,24,0,24
S01006537,Whole house or bungalow: Semi-detached,477,454,230,224,23,2,21
S01006537,Whole house or bungalow: Terraced (including end-terrace),88,85,37,48,3,0,3
S01006537,Flat maisonette or apartment or mobile/temporary accommodation,43,25,16,9,18,15,3
S01006538,All people in households,569,542,249,293,27,9,18
S01006538,Whole house or bungalow: Total,553,531,246,285,22,8,14
S01006538,Whole house or bungalow: Detached,159,159,74,85,0,0,0
S01006538,Whole house or bungalow: Semi-detached,340,328,158,170,12,4,8
S01006538,Whole house or bungalow: Terraced (including end-terrace),54,44,14,30,10,4,6
S01006538,Flat maisonette or apartment or mobile/temporary accommodation,16,11,3,8,5,1,4
S01006539,All people in households,713,635,304,331,78,19,59
S01006539,Whole house or bungalow: Total,610,570,275,295,40,9,31
S01006539,Whole house or bungalow: Detached,52,50,28,22,2,2,0
S01006539,Whole house or bungalow: Semi-detached,447,415,207,208,32,5,27
S01006539,Whole house or bungalow: Terraced (including end-terrace),111,105,40,65,6,2,4
S01006539,Flat maisonette or apartment or mobile/temporary accommodation,103,65,29,36,38,10,28
S01006540,All people in households,960,779,327,452,181,16,165
S01006540,Whole house or bungalow: Total,749,693,305,388,56,8,48
S01006540,Whole house or bungalow: Detached,82,71,35,36,11,0,11
S01006540,Whole house or bungalow: Semi-detached,622,585,249,336,37,8,29
S01006540,Whole house or bungalow: Terraced (including end-terrace),45,37,21,16,8,0,8
S01006540,Flat maisonette or apartment or mobile/temporary accommodation,211,86,22,64,125,8,117
S01006541,All people in households,801,665,284,381,136,80,56
S01006541,Whole house or bungalow: Total,704,655,283,372,49,4,45
S01006541,Whole house or bungalow: Detached,86,79,37,42,7,0,7
S01006541,Whole house or bungalow: Semi-detached,548,509,228,281,39,1,38
S01006541,Whole house or bungalow: Terraced (including end-terrace),70,67,18,49,3,3,0
S01006541,Flat maisonette or apartment or mobile/temporary accommodation,97,10,1,9,87,76,11
S01006542,All people in households,1000,828,488,340,172,12,160
S01006542,Whole house or bungalow: Total,789,702,416,286,87,2,85
S01006542,Whole house or bungalow: Detached,273,215,127,88,58,2,56
S01006542,Whole house or bungalow: Semi-detached,505,476,283,193,29,0,29
S01006542,Whole house or bungalow: Terraced (including end-terrace),11,11,6,5,0,0,0
S01006542,Flat maisonette or apartment or mobile/temporary accommodation,211,126,72,54,85,10,75
S01006543,All people in households,797,754,369,385,43,12,31
S01006543,Whole house or bungalow: Total,772,738,367,371,34,3,31
S01006543,Whole house or bungalow: Detached,33,28,3,25,5,0,5
S01006543,Whole house or bungalow: Semi-detached,718,692,357,335,26,0,26
S01006543,Whole house or bungalow: Terraced (including end-terrace),21,18,7,11,3,3,0
S01006543,Flat maisonette or apartment or mobile/temporary accommodation,25,16,2,14,9,9,0
S01006544,All people in households,1020,730,292,438,290,25,265
S01006544,Whole house or bungalow: Total,636,540,227,313,96,5,91
S01006544,Whole house or bungalow: Detached,277,245,118,127,32,5,27
S01006544,Whole house or bungalow: Semi-detached,237,192,82,110,45,0,45
S01006544,Whole house or bungalow: Terraced (including end-terrace),122,103,27,76,19,0,19
S01006544,Flat maisonette or apartment or mobile/temporary accommodation,384,190,65,125,194,20,174
S01006545,All people in households,1065,822,416,406,243,52,191
S01006545,Whole house or bungalow: Total,667,585,274,311,82,17,65
S01006545,Whole house or bungalow: Detached,184,150,68,82,34,0,34
S01006545,Whole house or bungalow: Semi-detached,345,312,169,143,33,5,28
S01006545,Whole house or bungalow: Terraced (including end-terrace),138,123,37,86,15,12,3
S01006545,Flat maisonette or apartment or mobile/temporary accommodation,398,237,142,95,161,35,126
S01006546,All people in households,626,588,306,282,38,0,38
S01006546,Whole house or bungalow: Total,604,571,297,274,33,0,33
S01006546,Whole house or bungalow: Detached,126,122,70,52,4,0,4
S01006546,Whole house or bungalow: Semi-detached,471,444,222,222,27,0,27
S01006546,Whole house or bungalow: Terraced (including end-terrace),7,5,5,0,2,0,2
S01006546,Flat maisonette or apartment or mobile/temporary accommodation,22,17,9,8,5,0,5
S01006547,All people in households,907,605,301,304,302,206,96
S01006547,Whole house or bungalow: Total,702,568,285,283,134,58,76
S01006547,Whole house or bungalow: Detached,413,343,185,158,70,13,57
S01006547,Whole house or bungalow: Semi-detached,104,88,31,57,16,11,5
S01006547,Whole house or bungalow: Terraced (including end-terrace),185,137,69,68,48,34,14
S01006547,Flat maisonette or apartment or mobile/temporary accommodation,205,37,16,21,168,148,20
S01006548,All people in households,721,679,369,310,42,3,39
S01006548,Whole house or bungalow: Total,715,675,367,308,40,3,37
S01006548,Whole house or bungalow: Detached,68,62,32,30,6,2,4
S01006548,Whole house or bungalow: Semi-detached,644,611,333,278,33,0,33
S01006548,Whole house or bungalow: Terraced (including end-terrace),3,2,2,0,1,1,0
S01006548,Flat maisonette or apartment or mobile/temporary accommodation,6,4,2,2,2,0,2
S01006549,All people in households,811,675,382,293,136,24,112
S01006549,Whole house or bungalow: Total,712,630,361,269,82,17,65
S01006549,Whole house or bungalow: Detached,359,324,219,105,35,0,35
S01006549,Whole house or bungalow: Semi-detached,324,288,137,151,36,8,28
S01006549,Whole house or bungalow: Terraced (including end-terrace),29,18,5,13,11,9,2
S01006549,Flat maisonette or apartment or mobile/temporary accommodation,99,45,21,24,54,7,47
S01006550,All people in households,909,822,469,353,87,2,85
S01006550,Whole house or bungalow: Total,895,812,466,346,83,0,83
S01006550,Whole house or bungalow: Detached,357,305,182,123,52,0,52
S01006550,Whole house or bungalow: Semi-detached,513,488,274,214,25,0,25
S01006550,Whole house or bungalow: Terraced (including end-terrace),25,19,10,9,6,0,6
S01006550,Flat maisonette or apartment or mobile/temporary accommodation,14,10,3,7,4,2,2
S01006551,All people in households,690,344,157,187,346,278,68
S01006551,Whole house or bungalow: Total,383,282,117,165,101,61,40
S01006551,Whole house or bungalow: Detached,123,108,30,78,15,6,9
S01006551,Whole house or bungalow: Semi-detached,87,76,35,41,11,4,7
S01006551,Whole house or bungalow: Terraced (including end-terrace),173,98,52,46,75,51,24
S01006551,Flat maisonette or apartment or mobile/temporary accommodation,307,62,40,22,245,217,28
S01006552,All people in households,870,734,333,401,136,13,123
S01006552,Whole house or bungalow: Total,699,633,311,322,66,3,63
S01006552,Whole house or bungalow: Detached,211,191,106,85,20,0,20
S01006552,Whole house or bungalow: Semi-detached,328,299,129,170,29,0,29
S01006552,Whole house or bungalow: Terraced (including end-terrace),160,143,76,67,17,3,14
S01006552,Flat maisonette or apartment or mobile/temporary accommodation,171,101,22,79,70,10,60
S01006553,All people in households,826,592,289,303,234,175,59
S01006553,Whole house or bungalow: Total,733,581,285,296,152,95,57
S01006553,Whole house or bungalow: Detached,367,330,193,137,37,7,30
S01006553,Whole house or bungalow: Semi-detached,173,114,48,66,59,46,13
S01006553,Whole house or bungalow: Terraced (including end-terrace),193,137,44,93,56,42,14
S01006553,Flat maisonette or apartment or mobile/temporary accommodation,93,11,4,7,82,80,2
S01006554,All people in households,692,484,194,290,208,148,60
S01006554,Whole house or bungalow: Total,415,339,166,173,76,41,35
S01006554,Whole house or bungalow: Detached,133,126,78,48,7,0,7
S01006554,Whole house or bungalow: Semi-detached,176,133,58,75,43,20,23
S01006554,Whole house or bungalow: Terraced (including end-terrace),106,80,30,50,26,21,5
S01006554,Flat maisonette or apartment or mobile/temporary accommodation,277,145,28,117,132,107,25
S01006555,All people in households,763,384,93,291,379,267,112
S01006555,Whole house or bungalow: Total,263,187,66,121,76,47,29
S01006555,Whole house or bungalow: Detached,32,10,7,3,22,12,10
S01006555,Whole house or bungalow: Semi-detached,125,85,26,59,40,21,19
S01006555,Whole house or bungalow: Terraced (including end-terrace),106,92,33,59,14,14,0
S01006555,Flat maisonette or apartment or mobile/temporary accommodation,500,197,27,170,303,220,83
S01006556,All people in households,838,433,148,285,405,335,70
S01006556,Whole house or bungalow: Total,492,346,127,219,146,121,25
S01006556,Whole house or bungalow: Detached,25,22,9,13,3,2,1
S01006556,Whole house or bungalow: Semi-detached,169,121,40,81,48,36,12
S01006556,Whole house or bungalow: Terraced (including end-terrace),298,203,78,125,95,83,12
S01006556,Flat maisonette or apartment or mobile/temporary accommodation,346,87,21,66,259,214,45
S01006557,All people in households,701,316,84,232,385,332,53
S01006557,Whole house or bungalow: Total,396,238,57,181,158,147,11
S01006557,Whole house or bungalow: Detached,38,20,9,11,18,14,4
S01006557,Whole house or bungalow: Semi-detached,98,49,6,43,49,45,4
S01006557,Whole house or bungalow: Terraced (including end-terrace),260,169,42,127,91,88,3
S01006557,Flat maisonette or apartment or mobile/temporary accommodation,305,78,27,51,227,185,42
S01006558,All people in households,622,443,193,250,179,7,172
S01006558,Whole house or bungalow: Total,254,230,111,119,24,4,20
S01006558,Whole house or bungalow: Detached,7,7,5,2,0,0,0
S01006558,Whole house or bungalow: Semi-detached,38,26,9,17,12,4,8
S01006558,Whole house or bungalow: Terraced (including end-terrace),209,197,97,100,12,0,12
S01006558,Flat maisonette or apartment or mobile/temporary accommodation,368,213,82,131,155,3,152
S01006559,All people in households,607,427,180,247,180,18,162
S01006559,Whole house or bungalow: Total,360,277,118,159,83,0,83
S01006559,Whole house or bungalow: Detached,37,32,17,15,5,0,5
S01006559,Whole house or bungalow: Semi-detached,152,125,64,61,27,0,27
S01006559,Whole house or bungalow: Terraced (including end-terrace),171,120,37,83,51,0,51
S01006559,Flat maisonette or apartment or mobile/temporary accommodation,247,150,62,88,97,18,79
S01006560,All people in households,985,780,323,457,205,50,155
S01006560,Whole house or bungalow: Total,662,577,252,325,85,13,72
S01006560,Whole house or bungalow: Detached,141,126,40,86,15,1,14
S01006560,Whole house or bungalow: Semi-detached,292,250,110,140,42,3,39
S01006560,Whole house or bungalow: Terraced (including end-terrace),229,201,102,99,28,9,19
S01006560,Flat maisonette or apartment or mobile/temporary accommodation,323,203,71,132,120,37,83
S01006561,All people in households,766,658,304,354,108,20,88
S01006561,Whole house or bungalow: Total,587,513,257,256,74,13,61
S01006561,Whole house or bungalow: Detached,98,89,48,41,9,0,9
S01006561,Whole house or bungalow: Semi-detached,282,258,141,117,24,9,15
S01006561,Whole house or bungalow: Terraced (including end-terrace),207,166,68,98,41,4,37
S01006561,Flat maisonette or apartment or mobile/temporary accommodation,179,145,47,98,34,7,27
S01006562,All people in households,703,509,240,269,194,136,58
S01006562,Whole house or bungalow: Total,536,459,218,241,77,44,33
S01006562,Whole house or bungalow: Detached,180,158,86,72,22,4,18
S01006562,Whole house or bungalow: Semi-detached,231,207,85,122,24,14,10
S01006562,Whole house or bungalow: Terraced (including end-terrace),125,94,47,47,31,26,5
S01006562,Flat maisonette or apartment or mobile/temporary accommodation,167,50,22,28,117,92,25
S01006563,All people in households,824,597,274,323,227,42,185
S01006563,Whole house or bungalow: Total,460,391,196,195,69,25,44
S01006563,Whole house or bungalow: Detached,69,64,36,28,5,0,5
S01006563,Whole house or bungalow: Semi-detached,230,204,91,113,26,4,22
S01006563,Whole house or bungalow: Terraced (including end-terrace),161,123,69,54,38,21,17
S01006563,Flat maisonette or apartment or mobile/temporary accommodation,364,206,78,128,158,17,141
S01006564,All people in households,980,377,142,235,603,322,281
S01006564,Whole house or bungalow: Total,96,39,22,17,57,49,8
S01006564,Whole house or bungalow: Detached,29,25,18,7,4,1,3
S01006564,Whole house or bungalow: Semi-detached,15,3,0,3,12,11,1
S01006564,Whole house or bungalow: Terraced (including end-terrace),52,11,4,7,41,37,4
S01006564,Flat maisonette or apartment or mobile/temporary accommodation,884,338,120,218,546,273,273
S01006565,All people in households,850,339,106,233,511,162,349
S01006565,Whole house or bungalow: Total,47,24,9,15,23,9,14
S01006565,Whole house or bungalow: Detached,2,0,0,0,2,0,2
S01006565,Whole house or bungalow: Semi-detached,9,3,1,2,6,2,4
S01006565,Whole house or bungalow: Terraced (including end-terrace),36,21,8,13,15,7,8
S01006565,Flat maisonette or apartment or mobile/temporary accommodation,803,315,97,218,488,153,335
S01006566,All people in households,748,418,175,243,330,28,302
S01006566,Whole house or bungalow: Total,178,151,80,71,27,4,23
S01006566,Whole house or bungalow: Detached,15,8,3,5,7,2,5
S01006566,Whole house or bungalow: Semi-detached,68,58,29,29,10,2,8
S01006566,Whole house or bungalow: Terraced (including end-terrace),95,85,48,37,10,0,10
S01006566,Flat maisonette or apartment or mobile/temporary accommodation,570,267,95,172,303,24,279
S01006567,All people in households,835,287,77,210,548,225,323
S01006567,Whole house or bungalow: Total,59,45,20,25,14,2,12
S01006567,Whole house or bungalow: Detached,14,4,2,2,10,0,10
S01006567,Whole house or bungalow: Semi-detached,31,28,14,14,3,1,2
S01006567,Whole house or bungalow: Terraced (including end-terrace),14,13,4,9,1,1,0
S01006567,Flat maisonette or apartment or mobile/temporary accommodation,776,242,57,185,534,223,311
S01006568,All people in households,923,432,114,318,491,24,467
S01006568,Whole house or bungalow: Total,86,71,26,45,15,0,15
S01006568,Whole house or bungalow: Detached,14,14,5,9,0,0,0
S01006568,Whole house or bungalow: Semi-detached,56,50,16,34,6,0,6
S01006568,Whole house or bungalow: Terraced (including end-terrace),16,7,5,2,9,0,9
S01006568,Flat maisonette or apartment or mobile/temporary accommodation,837,361,88,273,476,24,452
S01006569,All people in households,566,325,121,204,241,43,198
S01006569,Whole house or bungalow: Total,197,179,72,107,18,2,16
S01006569,Whole house or bungalow: Detached,10,10,2,8,0,0,0
S01006569,Whole house or bungalow: Semi-detached,62,53,14,39,9,0,9
S01006569,Whole house or bungalow: Terraced (including end-terrace),125,116,56,60,9,2,7
S01006569,Flat maisonette or apartment or mobile/temporary accommodation,369,146,49,97,223,41,182
S01006570,All people in households,783,514,204,310,269,14,255
S01006570,Whole house or bungalow: Total,391,317,132,185,74,4,70
S01006570,Whole house or bungalow: Detached,66,56,24,32,10,0,10
S01006570,Whole house or bungalow: Semi-detached,251,211,84,127,40,0,40
S01006570,Whole house or bungalow: Terraced (including end-terrace),74,50,24,26,24,4,20
S01006570,Flat maisonette or apartment or mobile/temporary accommodation,392,197,72,125,195,10,185
S01006571,All people in households,886,616,229,387,270,38,232
S01006571,Whole house or bungalow: Total,465,394,164,230,71,7,64
S01006571,Whole house or bungalow: Detached,26,16,4,12,10,0,10
S01006571,Whole house or bungalow: Semi-detached,78,59,25,34,19,0,19
S01006571,Whole house or bungalow: Terraced (including end-terrace),361,319,135,184,42,7,35
S01006571,Flat maisonette or apartment or mobile/temporary accommodation,421,222,65,157,199,31,168
S01006572,All people in households,901,761,361,400,140,10,130
S01006572,Whole house or bungalow: Total,753,667,321,346,86,0,86
S01006572,Whole house or bungalow: Detached,545,474,254,220,71,0,71
S01006572,Whole house or bungalow: Semi-detached,173,158,54,104,15,0,15
S01006572,Whole house or bungalow: Terraced (including end-terrace),35,35,13,22,0,0,0
S01006572,Flat maisonette or apartment or mobile/temporary accommodation,148,94,40,54,54,10,44
S01006573,All people in households,724,573,232,341,151,6,145
S01006573,Whole house or bungalow: Total,528,453,185,268,75,1,74
S01006573,Whole house or bungalow: Detached,54,46,18,28,8,0,8
S01006573,Whole house or bungalow: Semi-detached,324,270,99,171,54,0,54
S01006573,Whole house or bungalow: Terraced (including end-terrace),150,137,68,69,13,1,12
S01006573,Flat maisonette or apartment or mobile/temporary accommodation,196,120,47,73,76,5,71
S01006574,All people in households,977,742,354,388,235,19,216
S01006574,Whole house or bungalow: Total,628,527,269,258,101,6,95
S01006574,Whole house or bungalow: Detached,184,159,117,42,25,0,25
S01006574,Whole house or bungalow: Semi-detached,249,213,91,122,36,0,36
S01006574,Whole house or bungalow: Terraced (including end-terrace),195,155,61,94,40,6,34
S01006574,Flat maisonette or apartment or mobile/temporary accommodation,349,215,85,130,134,13,121
S01006575,All people in households,909,686,263,423,223,11,212
S01006575,Whole house or bungalow: Total,596,515,204,311,81,8,73
S01006575,Whole house or bungalow: Detached,72,60,37,23,12,0,12
S01006575,Whole house or bungalow: Semi-detached,299,255,119,136,44,4,40
S01006575,Whole house or bungalow: Terraced (including end-terrace),225,200,48,152,25,4,21
S01006575,Flat maisonette or apartment or mobile/temporary accommodation,313,171,59,112,142,3,139
S01006576,All people in households,714,517,172,345,197,9,188
S01006576,Whole house or bungalow: Total,451,378,135,243,73,3,70
S01006576,Whole house or bungalow: Detached,41,26,12,14,15,0,15
S01006576,Whole house or bungalow: Semi-detached,307,263,96,167,44,3,41
S01006576,Whole house or bungalow: Terraced (including end-terrace),103,89,27,62,14,0,14
S01006576,Flat maisonette or apartment or mobile/temporary accommodation,263,139,37,102,124,6,118
S01006577,All people in households,769,459,186,273,310,17,293
S01006577,Whole house or bungalow: Total,254,201,99,102,53,0,53
S01006577,Whole house or bungalow: Detached,34,28,24,4,6,0,6
S01006577,Whole house or bungalow: Semi-detached,87,61,31,30,26,0,26
S01006577,Whole house or bungalow: Terraced (including end-terrace),133,112,44,68,21,0,21
S01006577,Flat maisonette or apartment or mobile/temporary accommodation,515,258,87,171,257,17,240
S01006578,All people in households,1032,511,157,354,521,63,458
S01006578,Whole house or bungalow: Total,147,123,51,72,24,3,21
S01006578,Whole house or bungalow: Detached,8,6,4,2,2,0,2
S01006578,Whole house or bungalow: Semi-detached,31,17,5,12,14,3,11
S01006578,Whole house or bungalow: Terraced (including end-terrace),108,100,42,58,8,0,8
S01006578,Flat maisonette or apartment or mobile/temporary accommodation,885,388,106,282,497,60,437
S01006579,All people in households,964,391,109,282,573,25,548
S01006579,Whole house or bungalow: Total,47,34,12,22,13,1,12
S01006579,Whole house or bungalow: Detached,7,6,4,2,1,1,0
S01006579,Whole house or bungalow: Semi-detached,24,17,5,12,7,0,7
S01006579,Whole house or bungalow: Terraced (including end-terrace),16,11,3,8,5,0,5
S01006579,Flat maisonette or apartment or mobile/temporary accommodation,917,357,97,260,560,24,536
S01006580,All people in households,712,432,159,273,280,23,257
S01006580,Whole house or bungalow: Total,181,145,74,71,36,0,36
S01006580,Whole house or bungalow: Detached,28,28,23,5,0,0,0
S01006580,Whole house or bungalow: Semi-detached,30,19,4,15,11,0,11
S01006580,Whole house or bungalow: Terraced (including end-terrace),123,98,47,51,25,0,25
S01006580,Flat maisonette or apartment or mobile/temporary accommodation,531,287,85,202,244,23,221
S01006581,All people in households,889,758,360,398,131,11,120
S01006581,Whole house or bungalow: Total,658,584,272,312,74,0,74
S01006581,Whole house or bungalow: Detached,169,162,93,69,7,0,7
S01006581,Whole house or bungalow: Semi-detached,325,277,114,163,48,0,48
S01006581,Whole house or bungalow: Terraced (including end-terrace),164,145,65,80,19,0,19
S01006581,Flat maisonette or apartment or mobile/temporary accommodation,231,174,88,86,57,11,46
S01006582,All people in households,797,247,74,173,550,100,450
S01006582,Whole house or bungalow: Total,72,56,19,37,16,0,16
S01006582,Whole house or bungalow: Detached,4,3,0,3,1,0,1
S01006582,Whole house or bungalow: Semi-detached,26,19,6,13,7,0,7
S01006582,Whole house or bungalow: Terraced (including end-terrace),42,34,13,21,8,0,8
S01006582,Flat maisonette or apartment or mobile/temporary accommodation,725,191,55,136,534,100,434
S01006583,All people in households,712,264,52,212,448,23,425
S01006583,Whole house or bungalow: Total,35,16,2,14,19,3,16
S01006583,Whole house or bungalow: Detached,9,9,0,9,0,0,0
S01006583,Whole house or bungalow: Semi-detached,11,2,2,0,9,0,9
S01006583,Whole house or bungalow: Terraced (including end-terrace),15,5,0,5,10,3,7
S01006583,Flat maisonette or apartment or mobile/temporary accommodation,677,248,50,198,429,20,409
S01006584,All people in households,628,299,89,210,329,21,308
S01006584,Whole house or bungalow: Total,89,64,28,36,25,3,22
S01006584,Whole house or bungalow: Detached,7,3,0,3,4,0,4
S01006584,Whole house or bungalow: Semi-detached,32,28,10,18,4,0,4
S01006584,Whole house or bungalow: Terraced (including end-terrace),50,33,18,15,17,3,14
S01006584,Flat maisonette or apartment or mobile/temporary accommodation,539,235,61,174,304,18,286
S01006585,All people in households,795,255,122,133,540,269,271
S01006585,Whole house or bungalow: Total,48,42,14,28,6,0,6
S01006585,Whole house or bungalow: Detached,6,6,6,0,0,0,0
S01006585,Whole house or bungalow: Semi-detached,19,15,6,9,4,0,4
S01006585,Whole house or bungalow: Terraced (including end-terrace),23,21,2,19,2,0,2
S01006585,Flat maisonette or apartment or mobile/temporary accommodation,747,213,108,105,534,269,265
S01006586,All people in households,1017,299,115,184,718,272,446
S01006586,Whole house or bungalow: Total,85,45,15,30,40,7,33
S01006586,Whole house or bungalow: Detached,28,16,6,10,12,0,12
S01006586,Whole house or bungalow: Semi-detached,16,11,5,6,5,2,3
S01006586,Whole house or bungalow: Terraced (including end-terrace),41,18,4,14,23,5,18
S01006586,Flat maisonette or apartment or mobile/temporary accommodation,932,254,100,154,678,265,413
S01006587,All people in households,535,112,18,94,423,136,287
S01006587,Whole house or bungalow: Total,45,20,0,20,25,2,23
S01006587,Whole house or bungalow: Detached,1,0,0,0,1,0,1
S01006587,Whole house or bungalow: Semi-detached,25,13,0,13,12,2,10
S01006587,Whole house or bungalow: Terraced (including end-terrace),19,7,0,7,12,0,12
S01006587,Flat maisonette or apartment or mobile/temporary accommodation,490,92,18,74,398,134,264
S01006588,All people in households,586,127,33,94,459,66,393
S01006588,Whole house or bungalow: Total,20,12,8,4,8,2,6
S01006588,Whole house or bungalow: Detached,6,5,2,3,1,0,1
S01006588,Whole house or bungalow: Semi-detached,12,7,6,1,5,2,3
S01006588,Whole house or bungalow: Terraced (including end-terrace),2,0,0,0,2,0,2
S01006588,Flat maisonette or apartment or mobile/temporary accommodation,566,115,25,90,451,64,387
S01006589,All people in households,682,147,25,122,535,188,347
S01006589,Whole house or bungalow: Total,31,20,2,18,11,3,8
S01006589,Whole house or bungalow: Detached,2,0,0,0,2,2,0
S01006589,Whole house or bungalow: Semi-detached,15,10,0,10,5,1,4
S01006589,Whole house or bungalow: Terraced (including end-terrace),14,10,2,8,4,0,4
S01006589,Flat maisonette or apartment or mobile/temporary accommodation,651,127,23,104,524,185,339
S01006590,All people in households,633,268,80,188,365,38,327
S01006590,Whole house or bungalow: Total,77,32,23,9,45,1,44
S01006590,Whole house or bungalow: Detached,22,11,7,4,11,0,11
S01006590,Whole house or bungalow: Semi-detached,17,6,4,2,11,0,11
S01006590,Whole house or bungalow: Terraced (including end-terrace),38,15,12,3,23,1,22
S01006590,Flat maisonette or apartment or mobile/temporary accommodation,556,236,57,179,320,37,283
S01006591,All people in households,705,402,97,305,303,42,261
S01006591,Whole house or bungalow: Total,114,97,38,59,17,1,16
S01006591,Whole house or bungalow: Detached,8,8,5,3,0,0,0
S01006591,Whole house or bungalow: Semi-detached,29,19,7,12,10,0,10
S01006591,Whole house or bungalow: Terraced (including end-terrace),77,70,26,44,7,1,6
S01006591,Flat maisonette or apartment or mobile/temporary accommodation,591,305,59,246,286,41,245
S01006592,All people in households,680,399,106,293,281,12,269
S01006592,Whole house or bungalow: Total,191,157,65,92,34,0,34
S01006592,Whole house or bungalow: Detached,27,17,12,5,10,0,10
S01006592,Whole house or bungalow: Semi-detached,85,79,28,51,6,0,6
S01006592,Whole house or bungalow: Terraced (including end-terrace),79,61,25,36,18,0,18
S01006592,Flat maisonette or apartment or mobile/temporary accommodation,489,242,41,201,247,12,235
S01006593,All people in households,742,426,129,297,316,6,310
S01006593,Whole house or bungalow: Total,148,127,58,69,21,1,20
S01006593,Whole house or bungalow: Detached,18,12,8,4,6,0,6
S01006593,Whole house or bungalow: Semi-detached,21,18,1,17,3,1,2
S01006593,Whole house or bungalow: Terraced (including end-terrace),109,97,49,48,12,0,12
S01006593,Flat maisonette or apartment or mobile/temporary accommodation,594,299,71,228,295,5,290
S01006594,All people in households,539,270,109,161,269,72,197
S01006594,Whole house or bungalow: Total,123,110,75,35,13,1,12
S01006594,Whole house or bungalow: Detached,20,16,6,10,4,0,4
S01006594,Whole house or bungalow: Semi-detached,78,76,60,16,2,1,1
S01006594,Whole house or bungalow: Terraced (including end-terrace),25,18,9,9,7,0,7
S01006594,Flat maisonette or apartment or mobile/temporary accommodation,416,160,34,126,256,71,185
S01006595,All people in households,916,433,143,290,483,52,431
S01006595,Whole house or bungalow: Total,135,114,53,61,21,2,19
S01006595,Whole house or bungalow: Detached,18,14,7,7,4,0,4
S01006595,Whole house or bungalow: Semi-detached,38,32,13,19,6,0,6
S01006595,Whole house or bungalow: Terraced (including end-terrace),79,68,33,35,11,2,9
S01006595,Flat maisonette or apartment or mobile/temporary accommodation,781,319,90,229,462,50,412
S01006596,All people in households,678,404,153,251,274,32,242
S01006596,Whole house or bungalow: Total,248,214,106,108,34,5,29
S01006596,Whole house or bungalow: Detached,37,37,15,22,0,0,0
S01006596,Whole house or bungalow: Semi-detached,94,74,29,45,20,4,16
S01006596,Whole house or bungalow: Terraced (including end-terrace),117,103,62,41,14,1,13
S01006596,Flat maisonette or apartment or mobile/temporary accommodation,430,190,47,143,240,27,213
S01006597,All people in households,513,243,69,174,270,25,245
S01006597,Whole house or bungalow: Total,40,26,10,16,14,3,11
S01006597,Whole house or bungalow: Detached,4,4,4,0,0,0,0
S01006597,Whole house or bungalow: Semi-detached,15,7,0,7,8,3,5
S01006597,Whole house or bungalow: Terraced (including end-terrace),21,15,6,9,6,0,6
S01006597,Flat maisonette or apartment or mobile/temporary accommodation,473,217,59,158,256,22,234
S01006598,All people in households,957,716,316,400,241,5,236
S01006598,Whole house or bungalow: Total,690,586,282,304,104,2,102
S01006598,Whole house or bungalow: Detached,90,75,42,33,15,2,13
S01006598,Whole house or bungalow: Semi-detached,407,362,188,174,45,0,45
S01006598,Whole house or bungalow: Terraced (including end-terrace),193,149,52,97,44,0,44
S01006598,Flat maisonette or apartment or mobile/temporary accommodation,267,130,34,96,137,3,134
S01006599,All people in households,805,385,147,238,420,188,232
S01006599,Whole house or bungalow: Total,128,96,43,53,32,11,21
S01006599,Whole house or bungalow: Detached,28,24,9,15,4,4,0
S01006599,Whole house or bungalow: Semi-detached,70,52,21,31,18,2,16
S01006599,Whole house or bungalow: Terraced (including end-terrace),30,20,13,7,10,5,5
S01006599,Flat maisonette or apartment or mobile/temporary accommodation,677,289,104,185,388,177,211
S01006600,All people in households,1058,644,228,416,414,157,257
S01006600,Whole house or bungalow: Total,523,479,174,305,44,10,34
S01006600,Whole house or bungalow: Detached,41,36,18,18,5,1,4
S01006600,Whole house or bungalow: Semi-detached,257,238,80,158,19,5,14
S01006600,Whole house or bungalow: Terraced (including end-terrace),225,205,76,129,20,4,16
S01006600,Flat maisonette or apartment or mobile/temporary accommodation,535,165,54,111,370,147,223
S01006601,All people in households,1002,647,250,397,355,126,229
S01006601,Whole house or bungalow: Total,473,416,181,235,57,20,37
S01006601,Whole house or bungalow: Detached,16,12,4,8,4,0,4
S01006601,Whole house or bungalow: Semi-detached,306,282,124,158,24,8,16
S01006601,Whole house or bungalow: Terraced (including end-terrace),151,122,53,69,29,12,17
S01006601,Flat maisonette or apartment or mobile/temporary accommodation,529,231,69,162,298,106,192
S01006602,All people in households,851,676,298,378,175,11,164
S01006602,Whole house or bungalow: Total,498,436,169,267,62,5,57
S01006602,Whole house or bungalow: Detached,165,144,74,70,21,0,21
S01006602,Whole house or bungalow: Semi-detached,173,151,52,99,22,4,18
S01006602,Whole house or bungalow: Terraced (including end-terrace),160,141,43,98,19,1,18
S01006602,Flat maisonette or apartment or mobile/temporary accommodation,353,240,129,111,113,6,107
S01006603,All people in households,820,414,158,256,406,352,54
S01006603,Whole house or bungalow: Total,417,301,132,169,116,94,22
S01006603,Whole house or bungalow: Detached,41,32,12,20,9,6,3
S01006603,Whole house or bungalow: Semi-detached,114,63,37,26,51,44,7
S01006603,Whole house or bungalow: Terraced (including end-terrace),262,206,83,123,56,44,12
S01006603,Flat maisonette or apartment or mobile/temporary accommodation,403,113,26,87,290,258,32
S01006604,All people in households,675,478,200,278,197,161,36
S01006604,Whole house or bungalow: Total,560,423,178,245,137,110,27
S01006604,Whole house or bungalow: Detached,9,6,0,6,3,3,0
S01006604,Whole house or bungalow: Semi-detached,149,110,46,64,39,27,12
S01006604,Whole house or bungalow: Terraced (including end-terrace),402,307,132,175,95,80,15
S01006604,Flat maisonette or apartment or mobile/temporary accommodation,115,55,22,33,60,51,9
S01006605,All people in households,802,384,129,255,418,377,41
S01006605,Whole house or bungalow: Total,278,168,67,101,110,100,10
S01006605,Whole house or bungalow: Detached,26,15,14,1,11,11,0
S01006605,Whole house or bungalow: Semi-detached,103,57,19,38,46,42,4
S01006605,Whole house or bungalow: Terraced (including end-terrace),149,96,34,62,53,47,6
S01006605,Flat maisonette or apartment or mobile/temporary accommodation,524,216,62,154,308,277,31
S01006606,All people in households,818,632,314,318,186,117,69
S01006606,Whole house or bungalow: Total,519,467,246,221,52,25,27
S01006606,Whole house or bungalow: Detached,86,76,42,34,10,3,7
S01006606,Whole house or bungalow: Semi-detached,400,367,198,169,33,15,18
S01006606,Whole house or bungalow: Terraced (including end-terrace),33,24,6,18,9,7,2
S01006606,Flat maisonette or apartment or mobile/temporary accommodation,299,165,68,97,134,92,42
S01006607,All people in households,932,626,222,404,306,269,37
S01006607,Whole house or bungalow: Total,516,388,142,246,128,109,19
S01006607,Whole house or bungalow: Detached,17,10,0,10,7,4,3
S01006607,Whole house or bungalow: Semi-detached,193,163,43,120,30,28,2
S01006607,Whole house or bungalow: Terraced (including end-terrace),306,215,99,116,91,77,14
S01006607,Flat maisonette or apartment or mobile/temporary accommodation,416,238,80,158,178,160,18
S01006608,All people in households,732,603,272,331,129,56,73
S01006608,Whole house or bungalow: Total,701,595,270,325,106,48,58
S01006608,Whole house or bungalow: Detached,480,432,209,223,48,2,46
S01006608,Whole house or bungalow: Semi-detached,201,143,59,84,58,46,12
S01006608,Whole house or bungalow: Terraced (including end-terrace),20,20,2,18,0,0,0
S01006608,Flat maisonette or apartment or mobile/temporary accommodation,31,8,2,6,23,8,15
S01006609,All people in households,1063,642,246,396,421,361,60
S01006609,Whole house or bungalow: Total,858,580,214,366,278,231,47
S01006609,Whole house or bungalow: Detached,42,32,5,27,10,10,0
S01006609,Whole house or bungalow: Semi-detached,268,172,55,117,96,85,11
S01006609,Whole house or bungalow: Terraced (including end-terrace),548,376,154,222,172,136,36
S01006609,Flat maisonette or apartment or mobile/temporary accommodation,205,62,32,30,143,130,13
S01006610,All people in households,449,267,135,132,182,159,23
S01006610,Whole house or bungalow: Total,296,217,123,94,79,62,17
S01006610,Whole house or bungalow: Detached,8,7,7,0,1,1,0
S01006610,Whole house or bungalow: Semi-detached,88,54,24,30,34,31,3
S01006610,Whole house or bungalow: Terraced (including end-terrace),200,156,92,64,44,30,14
S01006610,Flat maisonette or apartment or mobile/temporary accommodation,153,50,12,38,103,97,6
S01006611,All people in households,919,536,209,327,383,330,53
S01006611,Whole house or bungalow: Total,636,435,179,256,201,171,30
S01006611,Whole house or bungalow: Detached,18,10,0,10,8,8,0
S01006611,Whole house or bungalow: Semi-detached,238,154,55,99,84,72,12
S01006611,Whole house or bungalow: Terraced (including end-terrace),380,271,124,147,109,91,18
S01006611,Flat maisonette or apartment or mobile/temporary accommodation,283,101,30,71,182,159,23
S01006612,All people in households,861,690,217,473,171,135,36
S01006612,Whole house or bungalow: Total,776,650,212,438,126,106,20
S01006612,Whole house or bungalow: Detached,239,226,43,183,13,6,7
S01006612,Whole house or bungalow: Semi-detached,168,118,36,82,50,38,12
S01006612,Whole house or bungalow: Terraced (including end-terrace),369,306,133,173,63,62,1
S01006612,Flat maisonette or apartment or mobile/temporary accommodation,85,40,5,35,45,29,16
S01006613,All people in households,612,555,135,420,57,3,54
S01006613,Whole house or bungalow: Total,520,477,128,349,43,2,41
S01006613,Whole house or bungalow: Detached,338,316,107,209,22,0,22
S01006613,Whole house or bungalow: Semi-detached,166,151,21,130,15,2,13
S01006613,Whole house or bungalow: Terraced (including end-terrace),16,10,0,10,6,0,6
S01006613,Flat maisonette or apartment or mobile/temporary accommodation,92,78,7,71,14,1,13
S01006614,All people in households,678,628,83,545,50,9,41
S01006614,Whole house or bungalow: Total,658,611,79,532,47,8,39
S01006614,Whole house or bungalow: Detached,184,168,32,136,16,5,11
S01006614,Whole house or bungalow: Semi-detached,337,314,37,277,23,2,21
S01006614,Whole house or bungalow: Terraced (including end-terrace),137,129,10,119,8,1,7
S01006614,Flat maisonette or apartment or mobile/temporary accommodation,20,17,4,13,3,1,2
S01006615,All people in households,796,729,110,619,67,17,50
S01006615,Whole house or bungalow: Total,778,727,110,617,51,5,46
S01006615,Whole house or bungalow: Detached,589,556,78,478,33,0,33
S01006615,Whole house or bungalow: Semi-detached,149,137,27,110,12,3,9
S01006615,Whole house or bungalow: Terraced (including end-terrace),40,34,5,29,6,2,4
S01006615,Flat maisonette or apartment or mobile/temporary accommodation,18,2,0,2,16,12,4
S01006616,All people in households,788,709,147,562,79,18,61
S01006616,Whole house or bungalow: Total,655,610,142,468,45,6,39
S01006616,Whole house or bungalow: Detached,217,212,52,160,5,0,5
S01006616,Whole house or bungalow: Semi-detached,326,298,84,214,28,2,26
S01006616,Whole house or bungalow: Terraced (including end-terrace),112,100,6,94,12,4,8
S01006616,Flat maisonette or apartment or mobile/temporary accommodation,133,99,5,94,34,12,22
S01006617,All people in households,681,609,224,385,72,54,18
S01006617,Whole house or bungalow: Total,654,589,222,367,65,48,17
S01006617,Whole house or bungalow: Detached,315,306,117,189,9,3,6
S01006617,Whole house or bungalow: Semi-detached,152,121,35,86,31,28,3
S01006617,Whole house or bungalow: Terraced (including end-terrace),187,162,70,92,25,17,8
S01006617,Flat maisonette or apartment or mobile/temporary accommodation,27,20,2,18,7,6,1
S01006618,All people in households,514,485,195,290,29,3,26
S01006618,Whole house or bungalow: Total,461,438,191,247,23,3,20
S01006618,Whole house or bungalow: Detached,179,178,82,96,1,0,1
S01006618,Whole house or bungalow: Semi-detached,256,234,99,135,22,3,19
S01006618,Whole house or bungalow: Terraced (including end-terrace),26,26,10,16,0,0,0
S01006618,Flat maisonette or apartment or mobile/temporary accommodation,53,47,4,43,6,0,6
S01006619,All people in households,881,779,283,496,102,64,38
S01006619,Whole house or bungalow: Total,810,733,276,457,77,51,26
S01006619,Whole house or bungalow: Detached,202,201,93,108,1,1,0
S01006619,Whole house or bungalow: Semi-detached,177,138,44,94,39,25,14
S01006619,Whole house or bungalow: Terraced (including end-terrace),431,394,139,255,37,25,12
S01006619,Flat maisonette or apartment or mobile/temporary accommodation,71,46,7,39,25,13,12
S01006620,All people in households,848,693,221,472,155,94,61
S01006620,Whole house or bungalow: Total,789,653,217,436,136,85,51
S01006620,Whole house or bungalow: Detached,95,77,26,51,18,7,11
S01006620,Whole house or bungalow: Semi-detached,288,250,73,177,38,23,15
S01006620,Whole house or bungalow: Terraced (including end-terrace),406,326,118,208,80,55,25
S01006620,Flat maisonette or apartment or mobile/temporary accommodation,59,40,4,36,19,9,10
S01006621,All people in households,520,460,133,327,60,44,16
S01006621,Whole house or bungalow: Total,479,426,128,298,53,39,14
S01006621,Whole house or bungalow: Detached,24,20,12,8,4,4,0
S01006621,Whole house or bungalow: Semi-detached,130,112,25,87,18,14,4
S01006621,Whole house or bungalow: Terraced (including end-terrace),325,294,91,203,31,21,10
S01006621,Flat maisonette or apartment or mobile/temporary accommodation,41,34,5,29,7,5,2
S01006622,All people in households,669,607,82,525,62,8,54
S01006622,Whole house or bungalow: Total,587,547,75,472,40,5,35
S01006622,Whole house or bungalow: Detached,90,82,15,67,8,0,8
S01006622,Whole house or bungalow: Semi-detached,292,274,42,232,18,0,18
S01006622,Whole house or bungalow: Terraced (including end-terrace),205,191,18,173,14,5,9
S01006622,Flat maisonette or apartment or mobile/temporary accommodation,82,60,7,53,22,3,19
S01006623,All people in households,705,437,155,282,268,185,83
S01006623,Whole house or bungalow: Total,278,215,81,134,63,39,24
S01006623,Whole house or bungalow: Detached,70,44,27,17,26,12,14
S01006623,Whole house or bungalow: Semi-detached,167,144,51,93,23,13,10
S01006623,Whole house or bungalow: Terraced (including end-terrace),41,27,3,24,14,14,0
S01006623,Flat maisonette or apartment or mobile/temporary accommodation,427,222,74,148,205,146,59
S01006624,All people in households,806,355,140,215,451,174,277
S01006624,Whole house or bungalow: Total,214,170,93,77,44,12,32
S01006624,Whole house or bungalow: Detached,11,9,9,0,2,0,2
S01006624,Whole house or bungalow: Semi-detached,135,113,52,61,22,10,12
S01006624,Whole house or bungalow: Terraced (including end-terrace),68,48,32,16,20,2,18
S01006624,Flat maisonette or apartment or mobile/temporary accommodation,592,185,47,138,407,162,245
S01006625,All people in households,623,354,125,229,269,156,113
S01006625,Whole house or bungalow: Total,286,209,68,141,77,44,33
S01006625,Whole house or bungalow: Detached,10,8,2,6,2,0,2
S01006625,Whole house or bungalow: Semi-detached,213,146,50,96,67,42,25
S01006625,Whole house or bungalow: Terraced (including end-terrace),63,55,16,39,8,2,6
S01006625,Flat maisonette or apartment or mobile/temporary accommodation,337,145,57,88,192,112,80
S01006626,All people in households,718,260,100,160,458,370,88
S01006626,Whole house or bungalow: Total,111,79,27,52,32,29,3
S01006626,Whole house or bungalow: Detached,13,9,3,6,4,4,0
S01006626,Whole house or bungalow: Semi-detached,90,65,19,46,25,22,3
S01006626,Whole house or bungalow: Terraced (including end-terrace),8,5,5,0,3,3,0
S01006626,Flat maisonette or apartment or mobile/temporary accommodation,607,181,73,108,426,341,85
S01006627,All people in households,843,304,100,204,539,261,278
S01006627,Whole house or bungalow: Total,79,37,16,21,42,10,32
S01006627,Whole house or bungalow: Detached,15,11,4,7,4,1,3
S01006627,Whole house or bungalow: Semi-detached,40,21,10,11,19,2,17
S01006627,Whole house or bungalow: Terraced (including end-terrace),24,5,2,3,19,7,12
S01006627,Flat maisonette or apartment or mobile/temporary accommodation,764,267,84,183,497,251,246
S01006628,All people in households,1097,332,79,253,765,225,540
S01006628,Whole house or bungalow: Total,70,23,11,12,47,7,40
S01006628,Whole house or bungalow: Detached,5,1,0,1,4,0,4
S01006628,Whole house or bungalow: Semi-detached,13,10,7,3,3,1,2
S01006628,Whole house or bungalow: Terraced (including end-terrace),52,12,4,8,40,6,34
S01006628,Flat maisonette or apartment or mobile/temporary accommodation,1027,309,68,241,718,218,500
S01006629,All people in households,724,222,84,138,502,465,37
S01006629,Whole house or bungalow: Total,237,167,68,99,70,65,5
S01006629,Whole house or bungalow: Detached,23,16,4,12,7,4,3
S01006629,Whole house or bungalow: Semi-detached,166,121,49,72,45,45,0
S01006629,Whole house or bungalow: Terraced (including end-terrace),48,30,15,15,18,16,2
S01006629,Flat maisonette or apartment or mobile/temporary accommodation,487,55,16,39,432,400,32
S01006630,All people in households,627,279,90,189,348,325,23
S01006630,Whole house or bungalow: Total,323,182,57,125,141,134,7
S01006630,Whole house or bungalow: Detached,16,9,0,9,7,7,0
S01006630,Whole house or bungalow: Semi-detached,180,114,38,76,66,61,5
S01006630,Whole house or bungalow: Terraced (including end-terrace),127,59,19,40,68,66,2
S01006630,Flat maisonette or apartment or mobile/temporary accommodation,304,97,33,64,207,191,16
S01006631,All people in households,904,360,132,228,544,436,108
S01006631,Whole house or bungalow: Total,268,140,59,81,128,110,18
S01006631,Whole house or bungalow: Detached,44,31,9,22,13,10,3
S01006631,Whole house or bungalow: Semi-detached,108,45,20,25,63,54,9
S01006631,Whole house or bungalow: Terraced (including end-terrace),116,64,30,34,52,46,6
S01006631,Flat maisonette or apartment or mobile/temporary accommodation,636,220,73,147,416,326,90
S01006632,All people in households,812,190,77,113,622,532,90
S01006632,Whole house or bungalow: Total,64,30,20,10,34,21,13
S01006632,Whole house or bungalow: Detached,11,7,7,0,4,4,0
S01006632,Whole house or bungalow: Semi-detached,33,16,13,3,17,4,13
S01006632,Whole house or bungalow: Terraced (including end-terrace),20,7,0,7,13,13,0
S01006632,Flat maisonette or apartment or mobile/temporary accommodation,748,160,57,103,588,511,77
S01006633,All people in households,699,212,68,144,487,435,52
S01006633,Whole house or bungalow: Total,450,150,49,101,300,264,36
S01006633,Whole house or bungalow: Detached,40,12,8,4,28,28,0
S01006633,Whole house or bungalow: Semi-detached,156,40,15,25,116,114,2
S01006633,Whole house or bungalow: Terraced (including end-terrace),254,98,26,72,156,122,34
S01006633,Flat maisonette or apartment or mobile/temporary accommodation,249,62,19,43,187,171,16
S01006634,All people in households,634,92,22,70,542,512,30
S01006634,Whole house or bungalow: Total,274,65,11,54,209,194,15
S01006634,Whole house or bungalow: Detached,30,9,0,9,21,18,3
S01006634,Whole house or bungalow: Semi-detached,119,15,2,13,104,96,8
S01006634,Whole house or bungalow: Terraced (including end-terrace),125,41,9,32,84,80,4
S01006634,Flat maisonette or apartment or mobile/temporary accommodation,360,27,11,16,333,318,15
S01006635,All people in households,658,293,117,176,365,315,50
S01006635,Whole house or bungalow: Total,237,178,75,103,59,40,19
S01006635,Whole house or bungalow: Detached,10,3,2,1,7,5,2
S01006635,Whole house or bungalow: Semi-detached,108,79,24,55,29,18,11
S01006635,Whole house or bungalow: Terraced (including end-terrace),119,96,49,47,23,17,6
S01006635,Flat maisonette or apartment or mobile/temporary accommodation,421,115,42,73,306,275,31
S01006636,All people in households,870,106,39,67,764,735,29
S01006636,Whole house or bungalow: Total,92,46,23,23,46,37,9
S01006636,Whole house or bungalow: Detached,3,3,3,0,0,0,0
S01006636,Whole house or bungalow: Semi-detached,45,15,1,14,30,25,5
S01006636,Whole house or bungalow: Terraced (including end-terrace),44,28,19,9,16,12,4
S01006636,Flat maisonette or apartment or mobile/temporary accommodation,778,60,16,44,718,698,20
S01006637,All people in households,706,264,111,153,442,193,249
S01006637,Whole house or bungalow: Total,179,142,81,61,37,7,30
S01006637,Whole house or bungalow: Detached,26,21,13,8,5,0,5
S01006637,Whole house or bungalow: Semi-detached,16,12,12,0,4,0,4
S01006637,Whole house or bungalow: Terraced (including end-terrace),137,109,56,53,28,7,21
S01006637,Flat maisonette or apartment or mobile/temporary accommodation,527,122,30,92,405,186,219
S01006638,All people in households,834,299,92,207,535,176,359
S01006638,Whole house or bungalow: Total,65,28,4,24,37,10,27
S01006638,Whole house or bungalow: Detached,2,2,2,0,0,0,0
S01006638,Whole house or bungalow: Semi-detached,38,17,2,15,21,7,14
S01006638,Whole house or bungalow: Terraced (including end-terrace),25,9,0,9,16,3,13
S01006638,Flat maisonette or apartment or mobile/temporary accommodation,769,271,88,183,498,166,332
S01006639,All people in households,945,247,77,170,698,317,381
S01006639,Whole house or bungalow: Total,62,26,16,10,36,18,18
S01006639,Whole house or bungalow: Detached,20,10,5,5,10,1,9
S01006639,Whole house or bungalow: Semi-detached,18,7,3,4,11,7,4
S01006639,Whole house or bungalow: Terraced (including end-terrace),24,9,8,1,15,10,5
S01006639,Flat maisonette or apartment or mobile/temporary accommodation,883,221,61,160,662,299,363
S01006640,All people in households,723,239,35,204,484,53,431
S01006640,Whole house or bungalow: Total,19,9,0,9,10,0,10
S01006640,Whole house or bungalow: Detached,4,1,0,1,3,0,3
S01006640,Whole house or bungalow: Semi-detached,9,2,0,2,7,0,7
S01006640,Whole house or bungalow: Terraced (including end-terrace),6,6,0,6,0,0,0
S01006640,Flat maisonette or apartment or mobile/temporary accommodation,704,230,35,195,474,53,421
S01006641,All people in households,1000,354,77,277,646,176,470
S01006641,Whole house or bungalow: Total,92,47,4,43,45,11,34
S01006641,Whole house or bungalow: Detached,12,8,0,8,4,4,0
S01006641,Whole house or bungalow: Semi-detached,9,1,1,0,8,4,4
S01006641,Whole house or bungalow: Terraced (including end-terrace),71,38,3,35,33,3,30
S01006641,Flat maisonette or apartment or mobile/temporary accommodation,908,307,73,234,601,165,436
S01006642,All people in households,830,294,80,214,536,125,411
S01006642,Whole house or bungalow: Total,56,43,26,17,13,0,13
S01006642,Whole house or bungalow: Detached,24,16,10,6,8,0,8
S01006642,Whole house or bungalow: Semi-detached,15,12,9,3,3,0,3
S01006642,Whole house or bungalow: Terraced (including end-terrace),17,15,7,8,2,0,2
S01006642,Flat maisonette or apartment or mobile/temporary accommodation,774,251,54,197,523,125,398
S01006643,All people in households,730,256,74,182,474,35,439
S01006643,Whole house or bungalow: Total,41,20,3,17,21,0,21
S01006643,Whole house or bungalow: Detached,12,12,0,12,0,0,0
S01006643,Whole house or bungalow: Semi-detached,5,0,0,0,5,0,5
S01006643,Whole house or bungalow: Terraced (including end-terrace),24,8,3,5,16,0,16
S01006643,Flat maisonette or apartment or mobile/temporary accommodation,689,236,71,165,453,35,418
S01006644,All people in households,963,286,50,236,677,217,460
S01006644,Whole house or bungalow: Total,34,18,3,15,16,7,9
S01006644,Whole house or bungalow: Detached,7,5,0,5,2,2,0
S01006644,Whole house or bungalow: Semi-detached,14,7,3,4,7,3,4
S01006644,Whole house or bungalow: Terraced (including end-terrace),13,6,0,6,7,2,5
S01006644,Flat maisonette or apartment or mobile/temporary accommodation,929,268,47,221,661,210,451
S01006645,All people in households,687,124,63,61,563,464,99
S01006645,Whole house or bungalow: Total,20,12,4,8,8,5,3
S01006645,Whole house or bungalow: Detached,9,6,1,5,3,0,3
S01006645,Whole house or bungalow: Semi-detached,3,3,3,0,0,0,0
S01006645,Whole house or bungalow: Terraced (including end-terrace),8,3,0,3,5,5,0
S01006645,Flat maisonette or apartment or mobile/temporary accommodation,667,112,59,53,555,459,96
S01006646,All people in households,550,118,33,85,432,118,314
S01006646,Whole house or bungalow: Total,26,4,4,0,22,11,11
S01006646,Whole house or bungalow: Detached,10,2,2,0,8,1,7
S01006646,Whole house or bungalow: Semi-detached,4,0,0,0,4,0,4
S01006646,Whole house or bungalow: Terraced (including end-terrace),12,2,2,0,10,10,0
S01006646,Flat maisonette or apartment or mobile/temporary accommodation,524,114,29,85,410,107,303
S01006647,All people in households,648,156,91,65,492,303,189
S01006647,Whole house or bungalow: Total,50,25,12,13,25,7,18
S01006647,Whole house or bungalow: Detached,6,5,0,5,1,0,1
S01006647,Whole house or bungalow: Semi-detached,16,11,5,6,5,2,3
S01006647,Whole house or bungalow: Terraced (including end-terrace),28,9,7,2,19,5,14
S01006647,Flat maisonette or apartment or mobile/temporary accommodation,598,131,79,52,467,296,171
S01006648,All people in households,1078,272,73,199,806,256,550
S01006648,Whole house or bungalow: Total,26,10,4,6,16,2,14
S01006648,Whole house or bungalow: Detached,4,3,0,3,1,0,1
S01006648,Whole house or bungalow: Semi-detached,12,4,4,0,8,2,6
S01006648,Whole house or bungalow: Terraced (including end-terrace),10,3,0,3,7,0,7
S01006648,Flat maisonette or apartment or mobile/temporary accommodation,1052,262,69,193,790,254,536
S01006649,All people in households,961,252,54,198,709,287,422
S01006649,Whole house or bungalow: Total,38,23,6,17,15,0,15
S01006649,Whole house or bungalow: Detached,5,5,2,3,0,0,0
S01006649,Whole house or bungalow: Semi-detached,6,3,1,2,3,0,3
S01006649,Whole house or bungalow: Terraced (including end-terrace),27,15,3,12,12,0,12
S01006649,Flat maisonette or apartment or mobile/temporary accommodation,923,229,48,181,694,287,407
S01006650,All people in households,859,327,100,227,532,105,427
S01006650,Whole house or bungalow: Total,107,55,20,35,52,3,49
S01006650,Whole house or bungalow: Detached,7,4,4,0,3,1,2
S01006650,Whole house or bungalow: Semi-detached,65,34,6,28,31,0,31
S01006650,Whole house or bungalow: Terraced (including end-terrace),35,17,10,7,18,2,16
S01006650,Flat maisonette or apartment or mobile/temporary accommodation,752,272,80,192,480,102,378
S01006651,All people in households,635,162,54,108,473,171,302
S01006651,Whole house or bungalow: Total,49,20,19,1,29,5,24
S01006651,Whole house or bungalow: Detached,19,10,10,0,9,0,9
S01006651,Whole house or bungalow: Semi-detached,18,4,4,0,14,3,11
S01006651,Whole house or bungalow: Terraced (including end-terrace),12,6,5,1,6,2,4
S01006651,Flat maisonette or apartment or mobile/temporary accommodation,586,142,35,107,444,166,278
S01006652,All people in households,545,181,32,149,364,78,286
S01006652,Whole house or bungalow: Total,43,14,11,3,29,8,21
S01006652,Whole house or bungalow: Detached,11,10,10,0,1,1,0
S01006652,Whole house or bungalow: Semi-detached,21,3,1,2,18,6,12
S01006652,Whole house or bungalow: Terraced (including end-terrace),11,1,0,1,10,1,9
S01006652,Flat maisonette or apartment or mobile/temporary accommodation,502,167,21,146,335,70,265
S01006653,All people in households,564,308,112,196,256,31,225
S01006653,Whole house or bungalow: Total,167,149,57,92,18,0,18
S01006653,Whole house or bungalow: Detached,29,26,6,20,3,0,3
S01006653,Whole house or bungalow: Semi-detached,114,99,39,60,15,0,15
S01006653,Whole house or bungalow: Terraced (including end-terrace),24,24,12,12,0,0,0
S01006653,Flat maisonette or apartment or mobile/temporary accommodation,397,159,55,104,238,31,207
S01006654,All people in households,904,333,134,199,571,398,173
S01006654,Whole house or bungalow: Total,83,40,17,23,43,36,7
S01006654,Whole house or bungalow: Detached,18,13,2,11,5,3,2
S01006654,Whole house or bungalow: Semi-detached,22,12,10,2,10,8,2
S01006654,Whole house or bungalow: Terraced (including end-terrace),43,15,5,10,28,25,3
S01006654,Flat maisonette or apartment or mobile/temporary accommodation,821,293,117,176,528,362,166
S01006655,All people in households,624,357,122,235,267,72,195
S01006655,Whole house or bungalow: Total,190,156,71,85,34,0,34
S01006655,Whole house or bungalow: Detached,2,2,2,0,0,0,0
S01006655,Whole house or bungalow: Semi-detached,46,26,14,12,20,0,20
S01006655,Whole house or bungalow: Terraced (including end-terrace),142,128,55,73,14,0,14
S01006655,Flat maisonette or apartment or mobile/temporary accommodation,434,201,51,150,233,72,161
S01006656,All people in households,954,333,80,253,621,197,424
S01006656,Whole house or bungalow: Total,130,85,21,64,45,16,29
S01006656,Whole house or bungalow: Detached,29,19,6,13,10,1,9
S01006656,Whole house or bungalow: Semi-detached,58,40,13,27,18,0,18
S01006656,Whole house or bungalow: Terraced (including end-terrace),43,26,2,24,17,15,2
S01006656,Flat maisonette or apartment or mobile/temporary accommodation,824,248,59,189,576,181,395
S01006657,All people in households,536,203,50,153,333,145,188
S01006657,Whole house or bungalow: Total,50,26,8,18,24,1,23
S01006657,Whole house or bungalow: Detached,7,7,3,4,0,0,0
S01006657,Whole house or bungalow: Semi-detached,15,3,1,2,12,0,12
S01006657,Whole house or bungalow: Terraced (including end-terrace),28,16,4,12,12,1,11
S01006657,Flat maisonette or apartment or mobile/temporary accommodation,486,177,42,135,309,144,165
S01006658,All people in households,1019,192,50,142,827,414,413
S01006658,Whole house or bungalow: Total,84,45,10,35,39,4,35
S01006658,Whole house or bungalow: Detached,16,11,2,9,5,0,5
S01006658,Whole house or bungalow: Semi-detached,35,23,4,19,12,2,10
S01006658,Whole house or bungalow: Terraced (including end-terrace),33,11,4,7,22,2,20
S01006658,Flat maisonette or apartment or mobile/temporary accommodation,935,147,40,107,788,410,378
S01006659,All people in households,632,303,127,176,329,34,295
S01006659,Whole house or bungalow: Total,216,130,59,71,86,16,70
S01006659,Whole house or bungalow: Detached,27,18,8,10,9,6,3
S01006659,Whole house or bungalow: Semi-detached,132,88,38,50,44,5,39
S01006659,Whole house or bungalow: Terraced (including end-terrace),57,24,13,11,33,5,28
S01006659,Flat maisonette or apartment or mobile/temporary accommodation,416,173,68,105,243,18,225
S01006660,All people in households,527,103,26,77,424,205,219
S01006660,Whole house or bungalow: Total,34,12,0,12,22,0,22
S01006660,Whole house or bungalow: Detached,15,5,0,5,10,0,10
S01006660,Whole house or bungalow: Semi-detached,17,5,0,5,12,0,12
S01006660,Whole house or bungalow: Terraced (including end-terrace),2,2,0,2,0,0,0
S01006660,Flat maisonette or apartment or mobile/temporary accommodation,493,91,26,65,402,205,197
S01006661,All people in households,622,288,150,138,334,39,295
S01006661,Whole house or bungalow: Total,279,181,112,69,98,3,95
S01006661,Whole house or bungalow: Detached,20,16,11,5,4,0,4
S01006661,Whole house or bungalow: Semi-detached,150,85,52,33,65,0,65
S01006661,Whole house or bungalow: Terraced (including end-terrace),109,80,49,31,29,3,26
S01006661,Flat maisonette or apartment or mobile/temporary accommodation,343,107,38,69,236,36,200
S01006662,All people in households,600,126,36,90,474,320,154
S01006662,Whole house or bungalow: Total,97,60,24,36,37,1,36
S01006662,Whole house or bungalow: Detached,5,0,0,0,5,0,5
S01006662,Whole house or bungalow: Semi-detached,33,17,9,8,16,1,15
S01006662,Whole house or bungalow: Terraced (including end-terrace),59,43,15,28,16,0,16
S01006662,Flat maisonette or apartment or mobile/temporary accommodation,503,66,12,54,437,319,118
S01006663,All people in households,562,164,71,93,398,24,374
S01006663,Whole house or bungalow: Total,236,103,48,55,133,1,132
S01006663,Whole house or bungalow: Detached,30,9,5,4,21,0,21
S01006663,Whole house or bungalow: Semi-detached,47,18,4,14,29,1,28
S01006663,Whole house or bungalow: Terraced (including end-terrace),159,76,39,37,83,0,83
S01006663,Flat maisonette or apartment or mobile/temporary accommodation,326,61,23,38,265,23,242
S01006664,All people in households,503,178,76,102,325,42,283
S01006664,Whole house or bungalow: Total,136,63,34,29,73,5,68
S01006664,Whole house or bungalow: Detached,30,14,9,5,16,0,16
S01006664,Whole house or bungalow: Semi-detached,77,31,14,17,46,3,43
S01006664,Whole house or bungalow: Terraced (including end-terrace),29,18,11,7,11,2,9
S01006664,Flat maisonette or apartment or mobile/temporary accommodation,367,115,42,73,252,37,215
S01006665,All people in households,584,208,77,131,376,47,329
S01006665,Whole house or bungalow: Total,133,60,43,17,73,12,61
S01006665,Whole house or bungalow: Detached,17,11,5,6,6,2,4
S01006665,Whole house or bungalow: Semi-detached,76,40,29,11,36,8,28
S01006665,Whole house or bungalow: Terraced (including end-terrace),40,9,9,0,31,2,29
S01006665,Flat maisonette or apartment or mobile/temporary accommodation,451,148,34,114,303,35,268
S01006666,All people in households,877,94,38,56,783,727,56
S01006666,Whole house or bungalow: Total,42,24,10,14,18,6,12
S01006666,Whole house or bungalow: Detached,13,1,1,0,12,0,12
S01006666,Whole house or bungalow: Semi-detached,15,13,5,8,2,2,0
S01006666,Whole house or bungalow: Terraced (including end-terrace),14,10,4,6,4,4,0
S01006666,Flat maisonette or apartment or mobile/temporary accommodation,835,70,28,42,765,721,44
S01006667,All people in households,737,89,34,55,648,547,101
S01006667,Whole house or bungalow: Total,24,15,5,10,9,9,0
S01006667,Whole house or bungalow: Detached,6,4,0,4,2,2,0
S01006667,Whole house or bungalow: Semi-detached,16,11,5,6,5,5,0
S01006667,Whole house or bungalow: Terraced (including end-terrace),2,0,0,0,2,2,0
S01006667,Flat maisonette or apartment or mobile/temporary accommodation,713,74,29,45,639,538,101
S01006668,All people in households,723,284,87,197,439,124,315
S01006668,Whole house or bungalow: Total,7,5,0,5,2,1,1
S01006668,Whole house or bungalow: Detached,0,0,0,0,0,0,0
S01006668,Whole house or bungalow: Semi-detached,2,2,0,2,0,0,0
S01006668,Whole house or bungalow: Terraced (including end-terrace),5,3,0,3,2,1,1
S01006668,Flat maisonette or apartment or mobile/temporary accommodation,716,279,87,192,437,123,314
S01006669,All people in households,730,175,84,91,555,296,259
S01006669,Whole house or bungalow: Total,167,65,35,30,102,12,90
S01006669,Whole house or bungalow: Detached,52,29,16,13,23,2,21
S01006669,Whole house or bungalow: Semi-detached,67,27,15,12,40,3,37
S01006669,Whole house or bungalow: Terraced (including end-terrace),48,9,4,5,39,7,32
S01006669,Flat maisonette or apartment or mobile/temporary accommodation,563,110,49,61,453,284,169
S01006670,All people in households,530,223,66,157,307,129,178
S01006670,Whole house or bungalow: Total,10,3,2,1,7,5,2
S01006670,Whole house or bungalow: Detached,0,0,0,0,0,0,0
S01006670,Whole house or bungalow: Semi-detached,7,3,2,1,4,4,0
S01006670,Whole house or bungalow: Terraced (including end-terrace),3,0,0,0,3,1,2
S01006670,Flat maisonette or apartment or mobile/temporary accommodation,520,220,64,156,300,124,176
S01006671,All people in households,465,184,77,107,281,127,154
S01006671,Whole house or bungalow: Total,120,82,34,48,38,4,34
S01006671,Whole house or bungalow: Detached,50,42,27,15,8,4,4
S01006671,Whole house or bungalow: Semi-detached,27,18,4,14,9,0,9
S01006671,Whole house or bungalow: Terraced (including end-terrace),43,22,3,19,21,0,21
S01006671,Flat maisonette or apartment or mobile/temporary accommodation,345,102,43,59,243,123,120
S01006672,All people in households,752,172,58,114,580,414,166
S01006672,Whole house or bungalow: Total,154,76,19,57,78,33,45
S01006672,Whole house or bungalow: Detached,38,28,5,23,10,3,7
S01006672,Whole house or bungalow: Semi-detached,71,37,11,26,34,9,25
S01006672,Whole house or bungalow: Terraced (including end-terrace),45,11,3,8,34,21,13
S01006672,Flat maisonette or apartment or mobile/temporary accommodation,598,96,39,57,502,381,121
S01006673,All people in households,719,181,66,115,538,384,154
S01006673,Whole house or bungalow: Total,166,87,38,49,79,25,54
S01006673,Whole house or bungalow: Detached,58,44,26,18,14,4,10
S01006673,Whole house or bungalow: Semi-detached,60,35,12,23,25,1,24
S01006673,Whole house or bungalow: Terraced (including end-terrace),48,8,0,8,40,20,20
S01006673,Flat maisonette or apartment or mobile/temporary accommodation,553,94,28,66,459,359,100
S01006674,All people in households,928,106,75,31,822,766,56
S01006674,Whole house or bungalow: Total,36,19,10,9,17,10,7
S01006674,Whole house or bungalow: Detached,15,8,5,3,7,3,4
S01006674,Whole house or bungalow: Semi-detached,10,5,2,3,5,2,3
S01006674,Whole house or bungalow: Terraced (including end-terrace),11,6,3,3,5,5,0
S01006674,Flat maisonette or apartment or mobile/temporary accommodation,892,87,65,22,805,756,49
S01006675,All people in households,712,51,7,44,661,630,31
S01006675,Whole house or bungalow: Total,65,35,4,31,30,20,10
S01006675,Whole house or bungalow: Detached,4,4,0,4,0,0,0
S01006675,Whole house or bungalow: Semi-detached,19,10,0,10,9,5,4
S01006675,Whole house or bungalow: Terraced (including end-terrace),42,21,4,17,21,15,6
S01006675,Flat maisonette or apartment or mobile/temporary accommodation,647,16,3,13,631,610,21
S01006676,All people in households,747,149,64,85,598,468,130
S01006676,Whole house or bungalow: Total,250,84,37,47,166,84,82
S01006676,Whole house or bungalow: Detached,16,14,4,10,2,2,0
S01006676,Whole house or bungalow: Semi-detached,115,29,13,16,86,31,55
S01006676,Whole house or bungalow: Terraced (including end-terrace),119,41,20,21,78,51,27
S01006676,Flat maisonette or apartment or mobile/temporary accommodation,497,65,27,38,432,384,48
S01006677,All people in households,723,218,91,127,505,397,108
S01006677,Whole house or bungalow: Total,215,147,66,81,68,43,25
S01006677,Whole house or bungalow: Detached,9,7,5,2,2,2,0
S01006677,Whole house or bungalow: Semi-detached,56,43,19,24,13,9,4
S01006677,Whole house or bungalow: Terraced (including end-terrace),150,97,42,55,53,32,21
S01006677,Flat maisonette or apartment or mobile/temporary accommodation,508,71,25,46,437,354,83
S01006678,All people in households,1148,294,109,185,854,776,78
S01006678,Whole house or bungalow: Total,393,213,78,135,180,141,39
S01006678,Whole house or bungalow: Detached,37,20,5,15,17,13,4
S01006678,Whole house or bungalow: Semi-detached,125,55,20,35,70,57,13
S01006678,Whole house or bungalow: Terraced (including end-terrace),231,138,53,85,93,71,22
S01006678,Flat maisonette or apartment or mobile/temporary accommodation,755,81,31,50,674,635,39
S01006679,All people in households,654,487,248,239,167,79,88
S01006679,Whole house or bungalow: Total,507,444,229,215,63,7,56
S01006679,Whole house or bungalow: Detached,62,56,34,22,6,4,2
S01006679,Whole house or bungalow: Semi-detached,288,257,131,126,31,3,28
S01006679,Whole house or bungalow: Terraced (including end-terrace),157,131,64,67,26,0,26
S01006679,Flat maisonette or apartment or mobile/temporary accommodation,147,43,19,24,104,72,32
S01006680,All people in households,851,137,53,84,714,686,28
S01006680,Whole house or bungalow: Total,144,87,34,53,57,50,7
S01006680,Whole house or bungalow: Detached,22,15,7,8,7,2,5
S01006680,Whole house or bungalow: Semi-detached,29,18,4,14,11,11,0
S01006680,Whole house or bungalow: Terraced (including end-terrace),93,54,23,31,39,37,2
S01006680,Flat maisonette or apartment or mobile/temporary accommodation,707,50,19,31,657,636,21
S01006681,All people in households,734,328,89,239,406,312,94
S01006681,Whole house or bungalow: Total,178,151,53,98,27,9,18
S01006681,Whole house or bungalow: Detached,16,14,9,5,2,2,0
S01006681,Whole house or bungalow: Semi-detached,67,57,23,34,10,1,9
S01006681,Whole house or bungalow: Terraced (including end-terrace),95,80,21,59,15,6,9
S01006681,Flat maisonette or apartment or mobile/temporary accommodation,556,177,36,141,379,303,76
S01006682,All people in households,853,133,42,91,720,645,75
S01006682,Whole house or bungalow: Total,88,62,18,44,26,22,4
S01006682,Whole house or bungalow: Detached,24,18,9,9,6,2,4
S01006682,Whole house or bungalow: Semi-detached,36,35,7,28,1,1,0
S01006682,Whole house or bungalow: Terraced (including end-terrace),28,9,2,7,19,19,0
S01006682,Flat maisonette or apartment or mobile/temporary accommodation,765,71,24,47,694,623,71
S01006683,All people in households,872,189,49,140,683,519,164
S01006683,Whole house or bungalow: Total,176,132,40,92,44,12,32
S01006683,Whole house or bungalow: Detached,7,7,2,5,0,0,0
S01006683,Whole house or bungalow: Semi-detached,149,112,36,76,37,12,25
S01006683,Whole house or bungalow: Terraced (including end-terrace),20,13,2,11,7,0,7
S01006683,Flat maisonette or apartment or mobile/temporary accommodation,696,57,9,48,639,507,132
S01006684,All people in households,684,170,58,112,514,391,123
S01006684,Whole house or bungalow: Total,124,68,24,44,56,27,29
S01006684,Whole house or bungalow: Detached,35,23,5,18,12,3,9
S01006684,Whole house or bungalow: Semi-detached,50,34,12,22,16,9,7
S01006684,Whole house or bungalow: Terraced (including end-terrace),39,11,7,4,28,15,13
S01006684,Flat maisonette or apartment or mobile/temporary accommodation,560,102,34,68,458,364,94
S01006685,All people in households,740,275,66,209,465,362,103
S01006685,Whole house or bungalow: Total,62,42,14,28,20,11,9
S01006685,Whole house or bungalow: Detached,13,11,5,6,2,2,0
S01006685,Whole house or bungalow: Semi-detached,28,14,7,7,14,5,9
S01006685,Whole house or bungalow: Terraced (including end-terrace),21,17,2,15,4,4,0
S01006685,Flat maisonette or apartment or mobile/temporary accommodation,678,233,52,181,445,351,94
S01006686,All people in households,622,323,103,220,299,214,85
S01006686,Whole house or bungalow: Total,47,30,13,17,17,13,4
S01006686,Whole house or bungalow: Detached,15,12,4,8,3,0,3
S01006686,Whole house or bungalow: Semi-detached,10,4,4,0,6,6,0
S01006686,Whole house or bungalow: Terraced (including end-terrace),22,14,5,9,8,7,1
S01006686,Flat maisonette or apartment or mobile/temporary accommodation,575,293,90,203,282,201,81
S01006687,All people in households,833,424,164,260,409,256,153
S01006687,Whole house or bungalow: Total,47,28,7,21,19,11,8
S01006687,Whole house or bungalow: Detached,5,5,3,2,0,0,0
S01006687,Whole house or bungalow: Semi-detached,32,21,3,18,11,5,6
S01006687,Whole house or bungalow: Terraced (including end-terrace),10,2,1,1,8,6,2
S01006687,Flat maisonette or apartment or mobile/temporary accommodation,786,396,157,239,390,245,145
S01006688,All people in households,948,600,307,293,348,256,92
S01006688,Whole house or bungalow: Total,499,453,242,211,46,15,31
S01006688,Whole house or bungalow: Detached,47,45,34,11,2,0,2
S01006688,Whole house or bungalow: Semi-detached,337,307,163,144,30,8,22
S01006688,Whole house or bungalow: Terraced (including end-terrace),115,101,45,56,14,7,7
S01006688,Flat maisonette or apartment or mobile/temporary accommodation,449,147,65,82,302,241,61
S01006689,All people in households,629,478,159,319,151,13,138
S01006689,Whole house or bungalow: Total,337,294,113,181,43,0,43
S01006689,Whole house or bungalow: Detached,91,79,22,57,12,0,12
S01006689,Whole house or bungalow: Semi-detached,106,91,47,44,15,0,15
S01006689,Whole house or bungalow: Terraced (including end-terrace),140,124,44,80,16,0,16
S01006689,Flat maisonette or apartment or mobile/temporary accommodation,292,184,46,138,108,13,95
S01006690,All people in households,594,355,141,214,239,84,155
S01006690,Whole house or bungalow: Total,135,86,33,53,49,14,35
S01006690,Whole house or bungalow: Detached,7,7,2,5,0,0,0
S01006690,Whole house or bungalow: Semi-detached,57,39,15,24,18,2,16
S01006690,Whole house or bungalow: Terraced (including end-terrace),71,40,16,24,31,12,19
S01006690,Flat maisonette or apartment or mobile/temporary accommodation,459,269,108,161,190,70,120
S01006691,All people in households,559,344,117,227,215,43,172
S01006691,Whole house or bungalow: Total,184,139,67,72,45,0,45
S01006691,Whole house or bungalow: Detached,62,61,24,37,1,0,1
S01006691,Whole house or bungalow: Semi-detached,102,60,30,30,42,0,42
S01006691,Whole house or bungalow: Terraced (including end-terrace),20,18,13,5,2,0,2
S01006691,Flat maisonette or apartment or mobile/temporary accommodation,375,205,50,155,170,43,127
S01006692,All people in households,737,536,238,298,201,62,139
S01006692,Whole house or bungalow: Total,415,346,161,185,69,0,69
S01006692,Whole house or bungalow: Detached,36,31,20,11,5,0,5
S01006692,Whole house or bungalow: Semi-detached,239,195,91,104,44,0,44
S01006692,Whole house or bungalow: Terraced (including end-terrace),140,120,50,70,20,0,20
S01006692,Flat maisonette or apartment or mobile/temporary accommodation,322,190,77,113,132,62,70
S01006693,All people in households,1001,490,149,341,511,246,265
S01006693,Whole house or bungalow: Total,204,156,58,98,48,11,37
S01006693,Whole house or bungalow: Detached,84,65,36,29,19,4,15
S01006693,Whole house or bungalow: Semi-detached,73,55,13,42,18,3,15
S01006693,Whole house or bungalow: Terraced (including end-terrace),47,36,9,27,11,4,7
S01006693,Flat maisonette or apartment or mobile/temporary accommodation,797,334,91,243,463,235,228
S01006694,All people in households,865,260,98,162,605,565,40
S01006694,Whole house or bungalow: Total,223,180,79,101,43,35,8
S01006694,Whole house or bungalow: Detached,2,0,0,0,2,2,0
S01006694,Whole house or bungalow: Semi-detached,41,29,12,17,12,12,0
S01006694,Whole house or bungalow: Terraced (including end-terrace),180,151,67,84,29,21,8
S01006694,Flat maisonette or apartment or mobile/temporary accommodation,642,80,19,61,562,530,32
S01006695,All people in households,712,484,207,277,228,173,55
S01006695,Whole house or bungalow: Total,570,438,186,252,132,99,33
S01006695,Whole house or bungalow: Detached,14,14,7,7,0,0,0
S01006695,Whole house or bungalow: Semi-detached,181,145,64,81,36,32,4
S01006695,Whole house or bungalow: Terraced (including end-terrace),375,279,115,164,96,67,29
S01006695,Flat maisonette or apartment or mobile/temporary accommodation,142,46,21,25,96,74,22
S01006696,All people in households,849,372,119,253,477,345,132
S01006696,Whole house or bungalow: Total,399,268,67,201,131,92,39
S01006696,Whole house or bungalow: Detached,2,2,2,0,0,0,0
S01006696,Whole house or bungalow: Semi-detached,60,32,12,20,28,12,16
S01006696,Whole house or bungalow: Terraced (including end-terrace),337,234,53,181,103,80,23
S01006696,Flat maisonette or apartment or mobile/temporary accommodation,450,104,52,52,346,253,93
S01006697,All people in households,926,464,172,292,462,365,97
S01006697,Whole house or bungalow: Total,482,357,125,232,125,71,54
S01006697,Whole house or bungalow: Detached,63,39,23,16,24,1,23
S01006697,Whole house or bungalow: Semi-detached,165,130,41,89,35,23,12
S01006697,Whole house or bungalow: Terraced (including end-terrace),254,188,61,127,66,47,19
S01006697,Flat maisonette or apartment or mobile/temporary accommodation,444,107,47,60,337,294,43
S01006698,All people in households,691,204,69,135,487,374,113
S01006698,Whole house or bungalow: Total,112,69,24,45,43,28,15
S01006698,Whole house or bungalow: Detached,3,0,0,0,3,1,2
S01006698,Whole house or bungalow: Semi-detached,18,8,3,5,10,8,2
S01006698,Whole house or bungalow: Terraced (including end-terrace),91,61,21,40,30,19,11
S01006698,Flat maisonette or apartment or mobile/temporary accommodation,579,135,45,90,444,346,98
S01006699,All people in households,471,325,142,183,146,53,93
S01006699,Whole house or bungalow: Total,250,221,116,105,29,4,25
S01006699,Whole house or bungalow: Detached,14,8,8,0,6,0,6
S01006699,Whole house or bungalow: Semi-detached,168,155,94,61,13,2,11
S01006699,Whole house or bungalow: Terraced (including end-terrace),68,58,14,44,10,2,8
S01006699,Flat maisonette or apartment or mobile/temporary accommodation,221,104,26,78,117,49,68
S01006700,All people in households,830,445,226,219,385,234,151
S01006700,Whole house or bungalow: Total,412,313,199,114,99,49,50
S01006700,Whole house or bungalow: Detached,137,128,92,36,9,5,4
S01006700,Whole house or bungalow: Semi-detached,115,78,45,33,37,16,21
S01006700,Whole house or bungalow: Terraced (including end-terrace),160,107,62,45,53,28,25
S01006700,Flat maisonette or apartment or mobile/temporary accommodation,418,132,27,105,286,185,101
S01006701,All people in households,728,317,93,224,411,384,27
S01006701,Whole house or bungalow: Total,399,244,75,169,155,138,17
S01006701,Whole house or bungalow: Detached,10,7,3,4,3,3,0
S01006701,Whole house or bungalow: Semi-detached,90,55,22,33,35,27,8
S01006701,Whole house or bungalow: Terraced (including end-terrace),299,182,50,132,117,108,9
S01006701,Flat maisonette or apartment or mobile/temporary accommodation,329,73,18,55,256,246,10
S01006702,All people in households,761,528,190,338,233,202,31
S01006702,Whole house or bungalow: Total,728,517,185,332,211,187,24
S01006702,Whole house or bungalow: Detached,18,8,0,8,10,10,0
S01006702,Whole house or bungalow: Semi-detached,230,156,71,85,74,63,11
S01006702,Whole house or bungalow: Terraced (including end-terrace),480,353,114,239,127,114,13
S01006702,Flat maisonette or apartment or mobile/temporary accommodation,33,11,5,6,22,15,7
S01006703,All people in households,675,345,93,252,330,294,36
S01006703,Whole house or bungalow: Total,443,288,86,202,155,141,14
S01006703,Whole house or bungalow: Detached,28,17,3,14,11,7,4
S01006703,Whole house or bungalow: Semi-detached,133,82,23,59,51,51,0
S01006703,Whole house or bungalow: Terraced (including end-terrace),282,189,60,129,93,83,10
S01006703,Flat maisonette or apartment or mobile/temporary accommodation,232,57,7,50,175,153,22
S01006704,All people in households,605,218,68,150,387,368,19
S01006704,Whole house or bungalow: Total,253,169,50,119,84,75,9
S01006704,Whole house or bungalow: Detached,5,1,0,1,4,4,0
S01006704,Whole house or bungalow: Semi-detached,58,46,13,33,12,9,3
S01006704,Whole house or bungalow: Terraced (including end-terrace),190,122,37,85,68,62,6
S01006704,Flat maisonette or apartment or mobile/temporary accommodation,352,49,18,31,303,293,10
S01006705,All people in households,739,409,174,235,330,297,33
S01006705,Whole house or bungalow: Total,600,385,157,228,215,190,25
S01006705,Whole house or bungalow: Detached,18,7,2,5,11,7,4
S01006705,Whole house or bungalow: Semi-detached,141,95,25,70,46,38,8
S01006705,Whole house or bungalow: Terraced (including end-terrace),441,283,130,153,158,145,13
S01006705,Flat maisonette or apartment or mobile/temporary accommodation,139,24,17,7,115,107,8
S01006706,All people in households,619,333,74,259,286,255,31
S01006706,Whole house or bungalow: Total,472,306,69,237,166,142,24
S01006706,Whole house or bungalow: Detached,20,11,2,9,9,9,0
S01006706,Whole house or bungalow: Semi-detached,149,94,24,70,55,40,15
S01006706,Whole house or bungalow: Terraced (including end-terrace),303,201,43,158,102,93,9
S01006706,Flat maisonette or apartment or mobile/temporary accommodation,147,27,5,22,120,113,7
S01006707,All people in households,685,288,110,178,397,361,36
S01006707,Whole house or bungalow: Total,410,251,85,166,159,143,16
S01006707,Whole house or bungalow: Detached,27,10,3,7,17,17,0
S01006707,Whole house or bungalow: Semi-detached,77,43,21,22,34,33,1
S01006707,Whole house or bungalow: Terraced (including end-terrace),306,198,61,137,108,93,15
S01006707,Flat maisonette or apartment or mobile/temporary accommodation,275,37,25,12,238,218,20
S01006708,All people in households,790,488,161,327,302,261,41
S01006708,Whole house or bungalow: Total,724,485,161,324,239,200,39
S01006708,Whole house or bungalow: Detached,21,5,2,3,16,16,0
S01006708,Whole house or bungalow: Semi-detached,239,153,48,105,86,64,22
S01006708,Whole house or bungalow: Terraced (including end-terrace),464,327,111,216,137,120,17
S01006708,Flat maisonette or apartment or mobile/temporary accommodation,66,3,0,3,63,61,2
S01006709,All people in households,878,412,126,286,466,410,56
S01006709,Whole house or bungalow: Total,680,386,116,270,294,254,40
S01006709,Whole house or bungalow: Detached,24,14,4,10,10,10,0
S01006709,Whole house or bungalow: Semi-detached,286,116,37,79,170,145,25
S01006709,Whole house or bungalow: Terraced (including end-terrace),370,256,75,181,114,99,15
S01006709,Flat maisonette or apartment or mobile/temporary accommodation,198,26,10,16,172,156,16
S01006710,All people in households,853,565,193,372,288,266,22
S01006710,Whole house or bungalow: Total,809,563,193,370,246,224,22
S01006710,Whole house or bungalow: Detached,13,9,4,5,4,4,0
S01006710,Whole house or bungalow: Semi-detached,253,147,50,97,106,96,10
S01006710,Whole house or bungalow: Terraced (including end-terrace),543,407,139,268,136,124,12
S01006710,Flat maisonette or apartment or mobile/temporary accommodation,44,2,0,2,42,42,0
S01006711,All people in households,927,526,141,385,401,355,46
S01006711,Whole house or bungalow: Total,677,471,129,342,206,181,25
S01006711,Whole house or bungalow: Detached,11,9,2,7,2,2,0
S01006711,Whole house or bungalow: Semi-detached,159,78,21,57,81,65,16
S01006711,Whole house or bungalow: Terraced (including end-terrace),507,384,106,278,123,114,9
S01006711,Flat maisonette or apartment or mobile/temporary accommodation,250,55,12,43,195,174,21
S01006712,All people in households,524,367,134,233,157,138,19
S01006712,Whole house or bungalow: Total,516,367,134,233,149,130,19
S01006712,Whole house or bungalow: Detached,19,12,6,6,7,7,0
S01006712,Whole house or bungalow: Semi-detached,150,103,47,56,47,45,2
S01006712,Whole house or bungalow: Terraced (including end-terrace),347,252,81,171,95,78,17
S01006712,Flat maisonette or apartment or mobile/temporary accommodation,8,0,0,0,8,8,0
S01006713,All people in households,937,496,179,317,441,407,34
S01006713,Whole house or bungalow: Total,768,462,175,287,306,281,25
S01006713,Whole house or bungalow: Detached,13,2,0,2,11,11,0
S01006713,Whole house or bungalow: Semi-detached,222,134,48,86,88,82,6
S01006713,Whole house or bungalow: Terraced (including end-terrace),533,326,127,199,207,188,19
S01006713,Flat maisonette or apartment or mobile/temporary accommodation,169,34,4,30,135,126,9
S01006714,All people in households,682,420,153,267,262,220,42
S01006714,Whole house or bungalow: Total,507,343,138,205,164,148,16
S01006714,Whole house or bungalow: Detached,17,13,0,13,4,1,3
S01006714,Whole house or bungalow: Semi-detached,264,191,92,99,73,65,8
S01006714,Whole house or bungalow: Terraced (including end-terrace),226,139,46,93,87,82,5
S01006714,Flat maisonette or apartment or mobile/temporary accommodation,175,77,15,62,98,72,26
S01006715,All people in households,623,220,64,156,403,377,26
S01006715,Whole house or bungalow: Total,438,184,49,135,254,241,13
S01006715,Whole house or bungalow: Detached,37,9,2,7,28,21,7
S01006715,Whole house or bungalow: Semi-detached,181,82,21,61,99,94,5
S01006715,Whole house or bungalow: Terraced (including end-terrace),220,93,26,67,127,126,1
S01006715,Flat maisonette or apartment or mobile/temporary accommodation,185,36,15,21,149,136,13
S01006716,All people in households,606,294,84,210,312,295,17
S01006716,Whole house or bungalow: Total,531,284,80,204,247,236,11
S01006716,Whole house or bungalow: Detached,27,3,0,3,24,24,0
S01006716,Whole house or bungalow: Semi-detached,289,169,55,114,120,118,2
S01006716,Whole house or bungalow: Terraced (including end-terrace),215,112,25,87,103,94,9
S01006716,Flat maisonette or apartment or mobile/temporary accommodation,75,10,4,6,65,59,6
S01006717,All people in households,974,535,177,358,439,408,31
S01006717,Whole house or bungalow: Total,847,515,171,344,332,309,23
S01006717,Whole house or bungalow: Detached,22,11,8,3,11,11,0
S01006717,Whole house or bungalow: Semi-detached,197,111,36,75,86,79,7
S01006717,Whole house or bungalow: Terraced (including end-terrace),628,393,127,266,235,219,16
S01006717,Flat maisonette or apartment or mobile/temporary accommodation,127,20,6,14,107,99,8
S01006718,All people in households,627,323,119,204,304,266,38
S01006718,Whole house or bungalow: Total,585,309,119,190,276,241,35
S01006718,Whole house or bungalow: Detached,27,13,4,9,14,10,4
S01006718,Whole house or bungalow: Semi-detached,466,235,95,140,231,204,27
S01006718,Whole house or bungalow: Terraced (including end-terrace),92,61,20,41,31,27,4
S01006718,Flat maisonette or apartment or mobile/temporary accommodation,42,14,0,14,28,25,3
S01006719,All people in households,916,518,127,391,398,351,47
S01006719,Whole house or bungalow: Total,894,510,127,383,384,337,47
S01006719,Whole house or bungalow: Detached,27,12,5,7,15,11,4
S01006719,Whole house or bungalow: Semi-detached,384,203,57,146,181,163,18
S01006719,Whole house or bungalow: Terraced (including end-terrace),483,295,65,230,188,163,25
S01006719,Flat maisonette or apartment or mobile/temporary accommodation,22,8,0,8,14,14,0
S01006720,All people in households,587,335,82,253,252,204,48
S01006720,Whole house or bungalow: Total,543,324,80,244,219,171,48
S01006720,Whole house or bungalow: Detached,8,3,3,0,5,2,3
S01006720,Whole house or bungalow: Semi-detached,157,105,35,70,52,39,13
S01006720,Whole house or bungalow: Terraced (including end-terrace),378,216,42,174,162,130,32
S01006720,Flat maisonette or apartment or mobile/temporary accommodation,44,11,2,9,33,33,0
S01006721,All people in households,888,483,155,328,405,376,29
S01006721,Whole house or bungalow: Total,810,477,152,325,333,306,27
S01006721,Whole house or bungalow: Detached,12,4,0,4,8,6,2
S01006721,Whole house or bungalow: Semi-detached,335,179,57,122,156,140,16
S01006721,Whole house or bungalow: Terraced (including end-terrace),463,294,95,199,169,160,9
S01006721,Flat maisonette or apartment or mobile/temporary accommodation,78,6,3,3,72,70,2
S01006722,All people in households,774,454,149,305,320,279,41
S01006722,Whole house or bungalow: Total,672,436,142,294,236,208,28
S01006722,Whole house or bungalow: Detached,33,14,12,2,19,10,9
S01006722,Whole house or bungalow: Semi-detached,181,101,36,65,80,80,0
S01006722,Whole house or bungalow: Terraced (including end-terrace),458,321,94,227,137,118,19
S01006722,Flat maisonette or apartment or mobile/temporary accommodation,102,18,7,11,84,71,13
S01006723,All people in households,645,392,125,267,253,212,41
S01006723,Whole house or bungalow: Total,625,388,125,263,237,200,37
S01006723,Whole house or bungalow: Detached,17,9,6,3,8,5,3
S01006723,Whole house or bungalow: Semi-detached,248,153,54,99,95,80,15
S01006723,Whole house or bungalow: Terraced (including end-terrace),360,226,65,161,134,115,19
S01006723,Flat maisonette or apartment or mobile/temporary accommodation,20,4,0,4,16,12,4
S01006724,All people in households,1005,209,35,174,796,755,41
S01006724,Whole house or bungalow: Total,467,158,27,131,309,283,26
S01006724,Whole house or bungalow: Detached,11,6,0,6,5,5,0
S01006724,Whole house or bungalow: Semi-detached,240,87,15,72,153,129,24
S01006724,Whole house or bungalow: Terraced (including end-terrace),216,65,12,53,151,149,2
S01006724,Flat maisonette or apartment or mobile/temporary accommodation,538,51,8,43,487,472,15
S01006725,All people in households,664,329,86,243,335,303,32
S01006725,Whole house or bungalow: Total,567,328,85,243,239,208,31
S01006725,Whole house or bungalow: Detached,29,6,0,6,23,14,9
S01006725,Whole house or bungalow: Semi-detached,233,138,46,92,95,85,10
S01006725,Whole house or bungalow: Terraced (including end-terrace),305,184,39,145,121,109,12
S01006725,Flat maisonette or apartment or mobile/temporary accommodation,97,1,1,0,96,95,1
S01006726,All people in households,1391,186,44,142,1205,1134,71
S01006726,Whole house or bungalow: Total,358,111,27,84,247,211,36
S01006726,Whole house or bungalow: Detached,56,19,12,7,37,25,12
S01006726,Whole house or bungalow: Semi-detached,204,48,12,36,156,156,0
S01006726,Whole house or bungalow: Terraced (including end-terrace),98,44,3,41,54,30,24
S01006726,Flat maisonette or apartment or mobile/temporary accommodation,1033,75,17,58,958,923,35
S01006727,All people in households,956,152,46,106,804,763,41
S01006727,Whole house or bungalow: Total,360,120,39,81,240,214,26
S01006727,Whole house or bungalow: Detached,28,3,0,3,25,10,15
S01006727,Whole house or bungalow: Semi-detached,186,50,13,37,136,133,3
S01006727,Whole house or bungalow: Terraced (including end-terrace),146,67,26,41,79,71,8
S01006727,Flat maisonette or apartment or mobile/temporary accommodation,596,32,7,25,564,549,15
S01006728,All people in households,754,379,124,255,375,352,23
S01006728,Whole house or bungalow: Total,445,300,110,190,145,139,6
S01006728,Whole house or bungalow: Detached,7,5,0,5,2,2,0
S01006728,Whole house or bungalow: Semi-detached,176,107,42,65,69,67,2
S01006728,Whole house or bungalow: Terraced (including end-terrace),262,188,68,120,74,70,4
S01006728,Flat maisonette or apartment or mobile/temporary accommodation,309,79,14,65,230,213,17
S01006729,All people in households,831,236,70,166,595,549,46
S01006729,Whole house or bungalow: Total,284,127,40,87,157,139,18
S01006729,Whole house or bungalow: Detached,19,7,7,0,12,9,3
S01006729,Whole house or bungalow: Semi-detached,217,85,26,59,132,120,12
S01006729,Whole house or bungalow: Terraced (including end-terrace),48,35,7,28,13,10,3
S01006729,Flat maisonette or apartment or mobile/temporary accommodation,547,109,30,79,438,410,28
S01006730,All people in households,704,479,126,353,225,209,16
S01006730,Whole house or bungalow: Total,628,471,123,348,157,146,11
S01006730,Whole house or bungalow: Detached,19,10,2,8,9,9,0
S01006730,Whole house or bungalow: Semi-detached,133,81,17,64,52,49,3
S01006730,Whole house or bungalow: Terraced (including end-terrace),476,380,104,276,96,88,8
S01006730,Flat maisonette or apartment or mobile/temporary accommodation,76,8,3,5,68,63,5
S01006731,All people in households,577,313,113,200,264,255,9
S01006731,Whole house or bungalow: Total,408,278,104,174,130,126,4
S01006731,Whole house or bungalow: Detached,6,0,0,0,6,6,0
S01006731,Whole house or bungalow: Semi-detached,68,31,14,17,37,37,0
S01006731,Whole house or bungalow: Terraced (including end-terrace),334,247,90,157,87,83,4
S01006731,Flat maisonette or apartment or mobile/temporary accommodation,169,35,9,26,134,129,5
S01006732,All people in households,933,724,254,470,209,67,142
S01006732,Whole house or bungalow: Total,850,691,238,453,159,34,125
S01006732,Whole house or bungalow: Detached,680,579,221,358,101,26,75
S01006732,Whole house or bungalow: Semi-detached,139,87,17,70,52,2,50
S01006732,Whole house or bungalow: Terraced (including end-terrace),31,25,0,25,6,6,0
S01006732,Flat maisonette or apartment or mobile/temporary accommodation,83,33,16,17,50,33,17
S01006733,All people in households,900,813,240,573,87,18,69
S01006733,Whole house or bungalow: Total,887,812,239,573,75,13,62
S01006733,Whole house or bungalow: Detached,694,637,200,437,57,0,57
S01006733,Whole house or bungalow: Semi-detached,178,169,35,134,9,4,5
S01006733,Whole house or bungalow: Terraced (including end-terrace),15,6,4,2,9,9,0
S01006733,Flat maisonette or apartment or mobile/temporary accommodation,13,1,1,0,12,5,7
S01006734,All people in households,910,792,169,623,118,7,111
S01006734,Whole house or bungalow: Total,859,767,160,607,92,1,91
S01006734,Whole house or bungalow: Detached,512,457,125,332,55,0,55
S01006734,Whole house or bungalow: Semi-detached,334,303,34,269,31,1,30
S01006734,Whole house or bungalow: Terraced (including end-terrace),13,7,1,6,6,0,6
S01006734,Flat maisonette or apartment or mobile/temporary accommodation,51,25,9,16,26,6,20
S01006735,All people in households,618,552,268,284,66,17,49
S01006735,Whole house or bungalow: Total,610,550,266,284,60,11,49
S01006735,Whole house or bungalow: Detached,492,447,248,199,45,0,45
S01006735,Whole house or bungalow: Semi-detached,76,62,15,47,14,11,3
S01006735,Whole house or bungalow: Terraced (including end-terrace),42,41,3,38,1,0,1
S01006735,Flat maisonette or apartment or mobile/temporary accommodation,8,2,2,0,6,6,0
S01006736,All people in households,1079,955,182,773,124,44,80
S01006736,Whole house or bungalow: Total,1050,950,180,770,100,24,76
S01006736,Whole house or bungalow: Detached,588,546,135,411,42,0,42
S01006736,Whole house or bungalow: Semi-detached,429,373,40,333,56,24,32
S01006736,Whole house or bungalow: Terraced (including end-terrace),33,31,5,26,2,0,2
S01006736,Flat maisonette or apartment or mobile/temporary accommodation,29,5,2,3,24,20,4
S01006737,All people in households,669,545,239,306,124,35,89
S01006737,Whole house or bungalow: Total,653,540,234,306,113,24,89
S01006737,Whole house or bungalow: Detached,435,379,176,203,56,5,51
S01006737,Whole house or bungalow: Semi-detached,175,139,51,88,36,10,26
S01006737,Whole house or bungalow: Terraced (including end-terrace),43,22,7,15,21,9,12
S01006737,Flat maisonette or apartment or mobile/temporary accommodation,16,5,5,0,11,11,0
S01006738,All people in households,827,488,139,349,339,165,174
S01006738,Whole house or bungalow: Total,226,166,74,92,60,16,44
S01006738,Whole house or bungalow: Detached,102,74,55,19,28,2,26
S01006738,Whole house or bungalow: Semi-detached,77,64,12,52,13,2,11
S01006738,Whole house or bungalow: Terraced (including end-terrace),47,28,7,21,19,12,7
S01006738,Flat maisonette or apartment or mobile/temporary accommodation,601,322,65,257,279,149,130
S01006739,All people in households,607,470,117,353,137,13,124
S01006739,Whole house or bungalow: Total,361,314,102,212,47,6,41
S01006739,Whole house or bungalow: Detached,67,54,19,35,13,0,13
S01006739,Whole house or bungalow: Semi-detached,102,96,47,49,6,1,5
S01006739,Whole house or bungalow: Terraced (including end-terrace),192,164,36,128,28,5,23
S01006739,Flat maisonette or apartment or mobile/temporary accommodation,246,156,15,141,90,7,83
S01006740,All people in households,737,502,177,325,235,198,37
S01006740,Whole house or bungalow: Total,662,466,170,296,196,168,28
S01006740,Whole house or bungalow: Detached,27,12,4,8,15,4,11
S01006740,Whole house or bungalow: Semi-detached,316,229,70,159,87,74,13
S01006740,Whole house or bungalow: Terraced (including end-terrace),319,225,96,129,94,90,4
S01006740,Flat maisonette or apartment or mobile/temporary accommodation,75,36,7,29,39,30,9
S01006741,All people in households,666,447,227,220,219,178,41
S01006741,Whole house or bungalow: Total,644,436,224,212,208,174,34
S01006741,Whole house or bungalow: Detached,17,8,5,3,9,4,5
S01006741,Whole house or bungalow: Semi-detached,135,92,33,59,43,33,10
S01006741,Whole house or bungalow: Terraced (including end-terrace),492,336,186,150,156,137,19
S01006741,Flat maisonette or apartment or mobile/temporary accommodation,22,11,3,8,11,4,7
S01006742,All people in households,460,306,113,193,154,130,24
S01006742,Whole house or bungalow: Total,438,300,111,189,138,119,19
S01006742,Whole house or bungalow: Detached,8,2,2,0,6,6,0
S01006742,Whole house or bungalow: Semi-detached,53,29,11,18,24,24,0
S01006742,Whole house or bungalow: Terraced (including end-terrace),377,269,98,171,108,89,19
S01006742,Flat maisonette or apartment or mobile/temporary accommodation,22,6,2,4,16,11,5
S01006743,All people in households,531,416,152,264,115,95,20
S01006743,Whole house or bungalow: Total,389,300,135,165,89,78,11
S01006743,Whole house or bungalow: Detached,73,70,37,33,3,2,1
S01006743,Whole house or bungalow: Semi-detached,237,170,64,106,67,60,7
S01006743,Whole house or bungalow: Terraced (including end-terrace),79,60,34,26,19,16,3
S01006743,Flat maisonette or apartment or mobile/temporary accommodation,142,116,17,99,26,17,9
S01006744,All people in households,608,437,150,287,171,115,56
S01006744,Whole house or bungalow: Total,280,217,92,125,63,52,11
S01006744,Whole house or bungalow: Detached,53,49,27,22,4,4,0
S01006744,Whole house or bungalow: Semi-detached,107,84,34,50,23,21,2
S01006744,Whole house or bungalow: Terraced (including end-terrace),120,84,31,53,36,27,9
S01006744,Flat maisonette or apartment or mobile/temporary accommodation,328,220,58,162,108,63,45
S01006745,All people in households,822,453,177,276,369,304,65
S01006745,Whole house or bungalow: Total,429,272,112,160,157,129,28
S01006745,Whole house or bungalow: Detached,83,59,21,38,24,7,17
S01006745,Whole house or bungalow: Semi-detached,136,84,48,36,52,49,3
S01006745,Whole house or bungalow: Terraced (including end-terrace),210,129,43,86,81,73,8
S01006745,Flat maisonette or apartment or mobile/temporary accommodation,393,181,65,116,212,175,37
S01006746,All people in households,806,508,201,307,298,256,42
S01006746,Whole house or bungalow: Total,770,498,198,300,272,240,32
S01006746,Whole house or bungalow: Detached,22,12,8,4,10,10,0
S01006746,Whole house or bungalow: Semi-detached,533,366,144,222,167,143,24
S01006746,Whole house or bungalow: Terraced (including end-terrace),215,120,46,74,95,87,8
S01006746,Flat maisonette or apartment or mobile/temporary accommodation,36,10,3,7,26,16,10
S01006747,All people in households,816,717,425,292,99,23,76
S01006747,Whole house or bungalow: Total,781,709,425,284,72,13,59
S01006747,Whole house or bungalow: Detached,32,26,17,9,6,0,6
S01006747,Whole house or bungalow: Semi-detached,622,572,358,214,50,3,47
S01006747,Whole house or bungalow: Terraced (including end-terrace),127,111,50,61,16,10,6
S01006747,Flat maisonette or apartment or mobile/temporary accommodation,35,8,0,8,27,10,17
S01006748,All people in households,906,727,311,416,179,92,87
S01006748,Whole house or bungalow: Total,722,639,280,359,83,62,21
S01006748,Whole house or bungalow: Detached,384,373,173,200,11,1,10
S01006748,Whole house or bungalow: Semi-detached,201,167,62,105,34,23,11
S01006748,Whole house or bungalow: Terraced (including end-terrace),137,99,45,54,38,38,0
S01006748,Flat maisonette or apartment or mobile/temporary accommodation,184,88,31,57,96,30,66
S01006749,All people in households,909,667,227,440,242,181,61
S01006749,Whole house or bungalow: Total,638,531,199,332,107,79,28
S01006749,Whole house or bungalow: Detached,88,79,36,43,9,6,3
S01006749,Whole house or bungalow: Semi-detached,228,173,69,104,55,54,1
S01006749,Whole house or bungalow: Terraced (including end-terrace),322,279,94,185,43,19,24
S01006749,Flat maisonette or apartment or mobile/temporary accommodation,271,136,28,108,135,102,33
S01006750,All people in households,641,496,195,301,145,114,31
S01006750,Whole house or bungalow: Total,504,417,167,250,87,71,16
S01006750,Whole house or bungalow: Detached,53,49,28,21,4,0,4
S01006750,Whole house or bungalow: Semi-detached,273,226,93,133,47,43,4
S01006750,Whole house or bungalow: Terraced (including end-terrace),178,142,46,96,36,28,8
S01006750,Flat maisonette or apartment or mobile/temporary accommodation,137,79,28,51,58,43,15
S01006751,All people in households,509,312,118,194,197,152,45
S01006751,Whole house or bungalow: Total,367,267,103,164,100,73,27
S01006751,Whole house or bungalow: Detached,65,56,19,37,9,4,5
S01006751,Whole house or bungalow: Semi-detached,220,160,59,101,60,41,19
S01006751,Whole house or bungalow: Terraced (including end-terrace),82,51,25,26,31,28,3
S01006751,Flat maisonette or apartment or mobile/temporary accommodation,142,45,15,30,97,79,18
S01006752,All people in households,712,499,215,284,213,178,35
S01006752,Whole house or bungalow: Total,527,411,190,221,116,103,13
S01006752,Whole house or bungalow: Detached,27,16,9,7,11,11,0
S01006752,Whole house or bungalow: Semi-detached,302,220,123,97,82,73,9
S01006752,Whole house or bungalow: Terraced (including end-terrace),198,175,58,117,23,19,4
S01006752,Flat maisonette or apartment or mobile/temporary accommodation,185,88,25,63,97,75,22
S01006753,All people in households,913,775,378,397,138,79,59
S01006753,Whole house or bungalow: Total,786,710,362,348,76,37,39
S01006753,Whole house or bungalow: Detached,273,253,136,117,20,2,18
S01006753,Whole house or bungalow: Semi-detached,398,369,181,188,29,13,16
S01006753,Whole house or bungalow: Terraced (including end-terrace),115,88,45,43,27,22,5
S01006753,Flat maisonette or apartment or mobile/temporary accommodation,127,65,16,49,62,42,20
S01006754,All people in households,892,801,424,377,91,31,60
S01006754,Whole house or bungalow: Total,791,723,406,317,68,23,45
S01006754,Whole house or bungalow: Detached,297,293,174,119,4,0,4
S01006754,Whole house or bungalow: Semi-detached,424,374,208,166,50,12,38
S01006754,Whole house or bungalow: Terraced (including end-terrace),70,56,24,32,14,11,3
S01006754,Flat maisonette or apartment or mobile/temporary accommodation,101,78,18,60,23,8,15
S01006755,All people in households,731,560,171,389,171,47,124
S01006755,Whole house or bungalow: Total,617,522,154,368,95,4,91
S01006755,Whole house or bungalow: Detached,329,280,107,173,49,0,49
S01006755,Whole house or bungalow: Semi-detached,275,234,47,187,41,4,37
S01006755,Whole house or bungalow: Terraced (including end-terrace),13,8,0,8,5,0,5
S01006755,Flat maisonette or apartment or mobile/temporary accommodation,114,38,17,21,76,43,33
S01006756,All people in households,658,502,72,430,156,9,147
S01006756,Whole house or bungalow: Total,402,369,62,307,33,7,26
S01006756,Whole house or bungalow: Detached,248,235,49,186,13,0,13
S01006756,Whole house or bungalow: Semi-detached,50,34,2,32,16,6,10
S01006756,Whole house or bungalow: Terraced (including end-terrace),104,100,11,89,4,1,3
S01006756,Flat maisonette or apartment or mobile/temporary accommodation,256,133,10,123,123,2,121
S01006757,All people in households,737,667,188,479,70,7,63
S01006757,Whole house or bungalow: Total,659,602,176,426,57,5,52
S01006757,Whole house or bungalow: Detached,183,171,72,99,12,2,10
S01006757,Whole house or bungalow: Semi-detached,417,380,95,285,37,2,35
S01006757,Whole house or bungalow: Terraced (including end-terrace),59,51,9,42,8,1,7
S01006757,Flat maisonette or apartment or mobile/temporary accommodation,78,65,12,53,13,2,11
S01006758,All people in households,694,654,248,406,40,1,39
S01006758,Whole house or bungalow: Total,596,577,232,345,19,0,19
S01006758,Whole house or bungalow: Detached,268,254,102,152,14,0,14
S01006758,Whole house or bungalow: Semi-detached,318,313,127,186,5,0,5
S01006758,Whole house or bungalow: Terraced (including end-terrace),10,10,3,7,0,0,0
S01006758,Flat maisonette or apartment or mobile/temporary accommodation,98,77,16,61,21,1,20
S01006759,All people in households,595,545,232,313,50,18,32
S01006759,Whole house or bungalow: Total,556,522,230,292,34,12,22
S01006759,Whole house or bungalow: Detached,316,309,153,156,7,0,7
S01006759,Whole house or bungalow: Semi-detached,220,203,77,126,17,2,15
S01006759,Whole house or bungalow: Terraced (including end-terrace),20,10,0,10,10,10,0
S01006759,Flat maisonette or apartment or mobile/temporary accommodation,39,23,2,21,16,6,10
S01006760,All people in households,493,445,130,315,48,1,47
S01006760,Whole house or bungalow: Total,407,384,120,264,23,0,23
S01006760,Whole house or bungalow: Detached,57,52,39,13,5,0,5
S01006760,Whole house or bungalow: Semi-detached,146,139,48,91,7,0,7
S01006760,Whole house or bungalow: Terraced (including end-terrace),204,193,33,160,11,0,11
S01006760,Flat maisonette or apartment or mobile/temporary accommodation,86,61,10,51,25,1,24
S01006761,All people in households,697,651,267,384,46,6,40
S01006761,Whole house or bungalow: Total,600,574,256,318,26,0,26
S01006761,Whole house or bungalow: Detached,235,225,108,117,10,0,10
S01006761,Whole house or bungalow: Semi-detached,303,287,127,160,16,0,16
S01006761,Whole house or bungalow: Terraced (including end-terrace),62,62,21,41,0,0,0
S01006761,Flat maisonette or apartment or mobile/temporary accommodation,97,77,11,66,20,6,14
S01006762,All people in households,805,597,339,258,208,101,107
S01006762,Whole house or bungalow: Total,732,583,331,252,149,58,91
S01006762,Whole house or bungalow: Detached,270,190,109,81,80,6,74
S01006762,Whole house or bungalow: Semi-detached,370,337,192,145,33,22,11
S01006762,Whole house or bungalow: Terraced (including end-terrace),92,56,30,26,36,30,6
S01006762,Flat maisonette or apartment or mobile/temporary accommodation,73,14,8,6,59,43,16
S01006763,All people in households,865,781,131,650,84,5,79
S01006763,Whole house or bungalow: Total,848,773,130,643,75,1,74
S01006763,Whole house or bungalow: Detached,163,155,55,100,8,0,8
S01006763,Whole house or bungalow: Semi-detached,421,374,61,313,47,0,47
S01006763,Whole house or bungalow: Terraced (including end-terrace),264,244,14,230,20,1,19
S01006763,Flat maisonette or apartment or mobile/temporary accommodation,17,8,1,7,9,4,5
S01006764,All people in households,790,713,189,524,77,5,72
S01006764,Whole house or bungalow: Total,713,663,181,482,50,4,46
S01006764,Whole house or bungalow: Detached,111,109,42,67,2,0,2
S01006764,Whole house or bungalow: Semi-detached,416,393,114,279,23,0,23
S01006764,Whole house or bungalow: Terraced (including end-terrace),186,161,25,136,25,4,21
S01006764,Flat maisonette or apartment or mobile/temporary accommodation,77,50,8,42,27,1,26
S01006765,All people in households,586,544,156,388,42,3,39
S01006765,Whole house or bungalow: Total,480,464,141,323,16,0,16
S01006765,Whole house or bungalow: Detached,120,115,48,67,5,0,5
S01006765,Whole house or bungalow: Semi-detached,292,285,73,212,7,0,7
S01006765,Whole house or bungalow: Terraced (including end-terrace),68,64,20,44,4,0,4
S01006765,Flat maisonette or apartment or mobile/temporary accommodation,106,80,15,65,26,3,23
S01006766,All people in households,608,575,200,375,33,12,21
S01006766,Whole house or bungalow: Total,576,556,197,359,20,2,18
S01006766,Whole house or bungalow: Detached,399,387,180,207,12,0,12
S01006766,Whole house or bungalow: Semi-detached,128,122,17,105,6,2,4
S01006766,Whole house or bungalow: Terraced (including end-terrace),49,47,0,47,2,0,2
S01006766,Flat maisonette or apartment or mobile/temporary accommodation,32,19,3,16,13,10,3
S01006767,All people in households,689,586,219,367,103,65,38
S01006767,Whole house or bungalow: Total,681,586,219,367,95,60,35
S01006767,Whole house or bungalow: Detached,247,238,94,144,9,0,9
S01006767,Whole house or bungalow: Semi-detached,210,180,50,130,30,14,16
S01006767,Whole house or bungalow: Terraced (including end-terrace),224,168,75,93,56,46,10
S01006767,Flat maisonette or apartment or mobile/temporary accommodation,8,0,0,0,8,5,3
S01006768,All people in households,599,589,212,377,10,3,7
S01006768,Whole house or bungalow: Total,590,583,209,374,7,0,7
S01006768,Whole house or bungalow: Detached,528,521,193,328,7,0,7
S01006768,Whole house or bungalow: Semi-detached,59,59,16,43,0,0,0
S01006768,Whole house or bungalow: Terraced (including end-terrace),3,3,0,3,0,0,0
S01006768,Flat maisonette or apartment or mobile/temporary accommodation,9,6,3,3,3,3,0
S01006769,All people in households,959,837,273,564,122,82,40
S01006769,Whole house or bungalow: Total,935,833,271,562,102,66,36
S01006769,Whole house or bungalow: Detached,247,235,88,147,12,6,6
S01006769,Whole house or bungalow: Semi-detached,387,332,108,224,55,35,20
S01006769,Whole house or bungalow: Terraced (including end-terrace),301,266,75,191,35,25,10
S01006769,Flat maisonette or apartment or mobile/temporary accommodation,24,4,2,2,20,16,4
S01006770,All people in households,655,630,285,345,25,5,20
S01006770,Whole house or bungalow: Total,646,630,285,345,16,4,12
S01006770,Whole house or bungalow: Detached,156,151,73,78,5,1,4
S01006770,Whole house or bungalow: Semi-detached,463,452,209,243,11,3,8
S01006770,Whole house or bungalow: Terraced (including end-terrace),27,27,3,24,0,0,0
S01006770,Flat maisonette or apartment or mobile/temporary accommodation,9,0,0,0,9,1,8
S01006771,All people in households,465,429,129,300,36,3,33
S01006771,Whole house or bungalow: Total,458,427,129,298,31,0,31
S01006771,Whole house or bungalow: Detached,245,220,75,145,25,0,25
S01006771,Whole house or bungalow: Semi-detached,201,195,52,143,6,0,6
S01006771,Whole house or bungalow: Terraced (including end-terrace),12,12,2,10,0,0,0
S01006771,Flat maisonette or apartment or mobile/temporary accommodation,7,2,0,2,5,3,2
S01006772,All people in households,839,776,315,461,63,11,52
S01006772,Whole house or bungalow: Total,725,678,295,383,47,9,38
S01006772,Whole house or bungalow: Detached,178,160,79,81,18,0,18
S01006772,Whole house or bungalow: Semi-detached,531,506,213,293,25,9,16
S01006772,Whole house or bungalow: Terraced (including end-terrace),16,12,3,9,4,0,4
S01006772,Flat maisonette or apartment or mobile/temporary accommodation,114,98,20,78,16,2,14
S01006773,All people in households,672,630,217,413,42,11,31
S01006773,Whole house or bungalow: Total,664,627,217,410,37,6,31
S01006773,Whole house or bungalow: Detached,218,206,77,129,12,0,12
S01006773,Whole house or bungalow: Semi-detached,436,411,134,277,25,6,19
S01006773,Whole house or bungalow: Terraced (including end-terrace),10,10,6,4,0,0,0
S01006773,Flat maisonette or apartment or mobile/temporary accommodation,8,3,0,3,5,5,0
S01006774,All people in households,651,626,261,365,25,7,18
S01006774,Whole house or bungalow: Total,637,619,261,358,18,3,15
S01006774,Whole house or bungalow: Detached,281,275,149,126,6,0,6
S01006774,Whole house or bungalow: Semi-detached,350,341,112,229,9,0,9
S01006774,Whole house or bungalow: Terraced (including end-terrace),6,3,0,3,3,3,0
S01006774,Flat maisonette or apartment or mobile/temporary accommodation,14,7,0,7,7,4,3
S01006775,All people in households,618,431,118,313,187,140,47
S01006775,Whole house or bungalow: Total,359,289,93,196,70,59,11
S01006775,Whole house or bungalow: Detached,51,48,11,37,3,0,3
S01006775,Whole house or bungalow: Semi-detached,161,135,46,89,26,26,0
S01006775,Whole house or bungalow: Terraced (including end-terrace),147,106,36,70,41,33,8
S01006775,Flat maisonette or apartment or mobile/temporary accommodation,259,142,25,117,117,81,36
S01006776,All people in households,496,270,114,156,226,189,37
S01006776,Whole house or bungalow: Total,276,196,84,112,80,64,16
S01006776,Whole house or bungalow: Detached,10,10,1,9,0,0,0
S01006776,Whole house or bungalow: Semi-detached,195,143,62,81,52,39,13
S01006776,Whole house or bungalow: Terraced (including end-terrace),71,43,21,22,28,25,3
S01006776,Flat maisonette or apartment or mobile/temporary accommodation,220,74,30,44,146,125,21
S01006777,All people in households,649,620,310,310,29,8,21
S01006777,Whole house or bungalow: Total,639,615,310,305,24,8,16
S01006777,Whole house or bungalow: Detached,189,187,91,96,2,0,2
S01006777,Whole house or bungalow: Semi-detached,434,415,209,206,19,8,11
S01006777,Whole house or bungalow: Terraced (including end-terrace),16,13,10,3,3,0,3
S01006777,Flat maisonette or apartment or mobile/temporary accommodation,10,5,0,5,5,0,5
S01006778,All people in households,634,570,254,316,64,45,19
S01006778,Whole house or bungalow: Total,586,547,245,302,39,24,15
S01006778,Whole house or bungalow: Detached,104,95,48,47,9,2,7
S01006778,Whole house or bungalow: Semi-detached,372,351,171,180,21,15,6
S01006778,Whole house or bungalow: Terraced (including end-terrace),110,101,26,75,9,7,2
S01006778,Flat maisonette or apartment or mobile/temporary accommodation,48,23,9,14,25,21,4
S01006779,All people in households,615,386,139,247,229,191,38
S01006779,Whole house or bungalow: Total,474,323,117,206,151,128,23
S01006779,Whole house or bungalow: Detached,31,23,10,13,8,4,4
S01006779,Whole house or bungalow: Semi-detached,193,131,46,85,62,59,3
S01006779,Whole house or bungalow: Terraced (including end-terrace),250,169,61,108,81,65,16
S01006779,Flat maisonette or apartment or mobile/temporary accommodation,141,63,22,41,78,63,15
S01006780,All people in households,576,454,185,269,122,87,35
S01006780,Whole house or bungalow: Total,533,426,181,245,107,78,29
S01006780,Whole house or bungalow: Detached,79,69,48,21,10,2,8
S01006780,Whole house or bungalow: Semi-detached,222,174,75,99,48,43,5
S01006780,Whole house or bungalow: Terraced (including end-terrace),232,183,58,125,49,33,16
S01006780,Flat maisonette or apartment or mobile/temporary accommodation,43,28,4,24,15,9,6
S01006781,All people in households,691,625,334,291,66,22,44
S01006781,Whole house or bungalow: Total,652,602,330,272,50,8,42
S01006781,Whole house or bungalow: Detached,74,67,43,24,7,0,7
S01006781,Whole house or bungalow: Semi-detached,471,435,258,177,36,4,32
S01006781,Whole house or bungalow: Terraced (including end-terrace),107,100,29,71,7,4,3
S01006781,Flat maisonette or apartment or mobile/temporary accommodation,39,23,4,19,16,14,2
S01006782,All people in households,744,597,204,393,147,52,95
S01006782,Whole house or bungalow: Total,584,485,182,303,99,39,60
S01006782,Whole house or bungalow: Detached,316,269,84,185,47,3,44
S01006782,Whole house or bungalow: Semi-detached,195,169,78,91,26,16,10
S01006782,Whole house or bungalow: Terraced (including end-terrace),73,47,20,27,26,20,6
S01006782,Flat maisonette or apartment or mobile/temporary accommodation,160,112,22,90,48,13,35
S01006783,All people in households,672,555,320,235,117,97,20
S01006783,Whole house or bungalow: Total,568,539,313,226,29,16,13
S01006783,Whole house or bungalow: Detached,46,42,25,17,4,0,4
S01006783,Whole house or bungalow: Semi-detached,433,423,251,172,10,1,9
S01006783,Whole house or bungalow: Terraced (including end-terrace),89,74,37,37,15,15,0
S01006783,Flat maisonette or apartment or mobile/temporary accommodation,104,16,7,9,88,81,7
S01006784,All people in households,599,498,226,272,101,1,100
S01006784,Whole house or bungalow: Total,447,407,201,206,40,0,40
S01006784,Whole house or bungalow: Detached,92,88,53,35,4,0,4
S01006784,Whole house or bungalow: Semi-detached,310,284,128,156,26,0,26
S01006784,Whole house or bungalow: Terraced (including end-terrace),45,35,20,15,10,0,10
S01006784,Flat maisonette or apartment or mobile/temporary accommodation,152,91,25,66,61,1,60
S01006785,All people in households,611,563,162,401,48,9,39
S01006785,Whole house or bungalow: Total,557,519,153,366,38,5,33
S01006785,Whole house or bungalow: Detached,296,285,94,191,11,0,11
S01006785,Whole house or bungalow: Semi-detached,235,211,56,155,24,5,19
S01006785,Whole house or bungalow: Terraced (including end-terrace),26,23,3,20,3,0,3
S01006785,Flat maisonette or apartment or mobile/temporary accommodation,54,44,9,35,10,4,6
S01006786,All people in households,832,751,253,498,81,31,50
S01006786,Whole house or bungalow: Total,739,688,244,444,51,20,31
S01006786,Whole house or bungalow: Detached,336,328,129,199,8,4,4
S01006786,Whole house or bungalow: Semi-detached,360,326,106,220,34,13,21
S01006786,Whole house or bungalow: Terraced (including end-terrace),43,34,9,25,9,3,6
S01006786,Flat maisonette or apartment or mobile/temporary accommodation,93,63,9,54,30,11,19
S01006787,All people in households,650,537,225,312,113,49,64
S01006787,Whole house or bungalow: Total,641,534,225,309,107,47,60
S01006787,Whole house or bungalow: Detached,212,195,105,90,17,2,15
S01006787,Whole house or bungalow: Semi-detached,247,196,72,124,51,32,19
S01006787,Whole house or bungalow: Terraced (including end-terrace),182,143,48,95,39,13,26
S01006787,Flat maisonette or apartment or mobile/temporary accommodation,9,3,0,3,6,2,4
S01006788,All people in households,746,649,156,493,97,7,90
S01006788,Whole house or bungalow: Total,653,604,151,453,49,5,44
S01006788,Whole house or bungalow: Detached,262,235,80,155,27,0,27
S01006788,Whole house or bungalow: Semi-detached,301,279,58,221,22,5,17
S01006788,Whole house or bungalow: Terraced (including end-terrace),90,90,13,77,0,0,0
S01006788,Flat maisonette or apartment or mobile/temporary accommodation,93,45,5,40,48,2,46
S01006789,All people in households,596,434,249,185,162,27,135
S01006789,Whole house or bungalow: Total,529,408,238,170,121,26,95
S01006789,Whole house or bungalow: Detached,311,262,170,92,49,0,49
S01006789,Whole house or bungalow: Semi-detached,174,118,52,66,56,16,40
S01006789,Whole house or bungalow: Terraced (including end-terrace),44,28,16,12,16,10,6
S01006789,Flat maisonette or apartment or mobile/temporary accommodation,67,26,11,15,41,1,40
S01006790,All people in households,889,552,307,245,337,232,105
S01006790,Whole house or bungalow: Total,815,532,298,234,283,205,78
S01006790,Whole house or bungalow: Detached,343,277,187,90,66,19,47
S01006790,Whole house or bungalow: Semi-detached,354,193,79,114,161,143,18
S01006790,Whole house or bungalow: Terraced (including end-terrace),118,62,32,30,56,43,13
S01006790,Flat maisonette or apartment or mobile/temporary accommodation,74,20,9,11,54,27,27
S01006791,All people in households,529,255,153,102,274,32,242
S01006791,Whole house or bungalow: Total,506,254,152,102,252,13,239
S01006791,Whole house or bungalow: Detached,443,222,135,87,221,3,218
S01006791,Whole house or bungalow: Semi-detached,48,23,13,10,25,10,15
S01006791,Whole house or bungalow: Terraced (including end-terrace),15,9,4,5,6,0,6
S01006791,Flat maisonette or apartment or mobile/temporary accommodation,23,1,1,0,22,19,3
S01006792,All people in households,482,196,134,62,286,8,278
S01006792,Whole house or bungalow: Total,478,196,134,62,282,8,274
S01006792,Whole house or bungalow: Detached,386,155,114,41,231,0,231
S01006792,Whole house or bungalow: Semi-detached,83,35,18,17,48,8,40
S01006792,Whole house or bungalow: Terraced (including end-terrace),9,6,2,4,3,0,3
S01006792,Flat maisonette or apartment or mobile/temporary accommodation,4,0,0,0,4,0,4
S01006793,All people in households,506,286,174,112,220,58,162
S01006793,Whole house or bungalow: Total,467,277,170,107,190,46,144
S01006793,Whole house or bungalow: Detached,282,196,121,75,86,0,86
S01006793,Whole house or bungalow: Semi-detached,161,74,46,28,87,43,44
S01006793,Whole house or bungalow: Terraced (including end-terrace),24,7,3,4,17,3,14
S01006793,Flat maisonette or apartment or mobile/temporary accommodation,39,9,4,5,30,12,18
S01006794,All people in households,560,417,199,218,143,112,31
S01006794,Whole house or bungalow: Total,554,414,196,218,140,109,31
S01006794,Whole house or bungalow: Detached,262,246,130,116,16,10,6
S01006794,Whole house or bungalow: Semi-detached,216,133,48,85,83,61,22
S01006794,Whole house or bungalow: Terraced (including end-terrace),76,35,18,17,41,38,3
S01006794,Flat maisonette or apartment or mobile/temporary accommodation,6,3,3,0,3,3,0
S01006795,All people in households,733,577,299,278,156,67,89
S01006795,Whole house or bungalow: Total,649,532,283,249,117,54,63
S01006795,Whole house or bungalow: Detached,500,457,241,216,43,0,43
S01006795,Whole house or bungalow: Semi-detached,119,70,42,28,49,29,20
S01006795,Whole house or bungalow: Terraced (including end-terrace),30,5,0,5,25,25,0
S01006795,Flat maisonette or apartment or mobile/temporary accommodation,84,45,16,29,39,13,26
S01006796,All people in households,575,433,176,257,142,66,76
S01006796,Whole house or bungalow: Total,564,431,176,255,133,60,73
S01006796,Whole house or bungalow: Detached,399,336,158,178,63,0,63
S01006796,Whole house or bungalow: Semi-detached,145,85,13,72,60,55,5
S01006796,Whole house or bungalow: Terraced (including end-terrace),20,10,5,5,10,5,5
S01006796,Flat maisonette or apartment or mobile/temporary accommodation,11,2,0,2,9,6,3
S01006797,All people in households,613,341,156,185,272,17,255
S01006797,Whole house or bungalow: Total,598,334,151,183,264,17,247
S01006797,Whole house or bungalow: Detached,484,275,124,151,209,0,209
S01006797,Whole house or bungalow: Semi-detached,93,54,24,30,39,17,22
S01006797,Whole house or bungalow: Terraced (including end-terrace),21,5,3,2,16,0,16
S01006797,Flat maisonette or apartment or mobile/temporary accommodation,15,7,5,2,8,0,8
S01006798,All people in households,625,395,219,176,230,10,220
S01006798,Whole house or bungalow: Total,619,393,218,175,226,8,218
S01006798,Whole house or bungalow: Detached,574,370,206,164,204,0,204
S01006798,Whole house or bungalow: Semi-detached,34,14,9,5,20,6,14
S01006798,Whole house or bungalow: Terraced (including end-terrace),11,9,3,6,2,2,0
S01006798,Flat maisonette or apartment or mobile/temporary accommodation,6,2,1,1,4,2,2
S01006799,All people in households,875,613,228,385,262,199,63
S01006799,Whole house or bungalow: Total,829,606,225,381,223,168,55
S01006799,Whole house or bungalow: Detached,318,272,130,142,46,15,31
S01006799,Whole house or bungalow: Semi-detached,467,318,89,229,149,125,24
S01006799,Whole house or bungalow: Terraced (including end-terrace),44,16,6,10,28,28,0
S01006799,Flat maisonette or apartment or mobile/temporary accommodation,46,7,3,4,39,31,8
S01006800,All people in households,853,706,371,335,147,8,139
S01006800,Whole house or bungalow: Total,833,692,365,327,141,7,134
S01006800,Whole house or bungalow: Detached,703,601,325,276,102,0,102
S01006800,Whole house or bungalow: Semi-detached,104,70,37,33,34,3,31
S01006800,Whole house or bungalow: Terraced (including end-terrace),26,21,3,18,5,4,1
S01006800,Flat maisonette or apartment or mobile/temporary accommodation,20,14,6,8,6,1,5
S01006801,All people in households,875,706,281,425,169,5,164
S01006801,Whole house or bungalow: Total,861,699,280,419,162,5,157
S01006801,Whole house or bungalow: Detached,700,589,237,352,111,0,111
S01006801,Whole house or bungalow: Semi-detached,141,97,37,60,44,5,39
S01006801,Whole house or bungalow: Terraced (including end-terrace),20,13,6,7,7,0,7
S01006801,Flat maisonette or apartment or mobile/temporary accommodation,14,7,1,6,7,0,7
S01006802,All people in households,675,359,161,198,316,74,242
S01006802,Whole house or bungalow: Total,603,344,152,192,259,51,208
S01006802,Whole house or bungalow: Detached,389,256,120,136,133,2,131
S01006802,Whole house or bungalow: Semi-detached,165,71,26,45,94,29,65
S01006802,Whole house or bungalow: Terraced (including end-terrace),49,17,6,11,32,20,12
S01006802,Flat maisonette or apartment or mobile/temporary accommodation,72,15,9,6,57,23,34
S01006803,All people in households,687,428,162,266,259,185,74
S01006803,Whole house or bungalow: Total,630,427,162,265,203,134,69
S01006803,Whole house or bungalow: Detached,166,137,52,85,29,3,26
S01006803,Whole house or bungalow: Semi-detached,352,218,81,137,134,117,17
S01006803,Whole house or bungalow: Terraced (including end-terrace),112,72,29,43,40,14,26
S01006803,Flat maisonette or apartment or mobile/temporary accommodation,57,1,0,1,56,51,5
S01006804,All people in households,748,577,143,434,171,114,57
S01006804,Whole house or bungalow: Total,691,567,138,429,124,74,50
S01006804,Whole house or bungalow: Detached,425,389,96,293,36,0,36
S01006804,Whole house or bungalow: Semi-detached,186,139,22,117,47,39,8
S01006804,Whole house or bungalow: Terraced (including end-terrace),80,39,20,19,41,35,6
S01006804,Flat maisonette or apartment or mobile/temporary accommodation,57,10,5,5,47,40,7
S01006805,All people in households,1122,804,321,483,318,141,177
S01006805,Whole house or bungalow: Total,1025,773,307,466,252,104,148
S01006805,Whole house or bungalow: Detached,579,519,238,281,60,1,59
S01006805,Whole house or bungalow: Semi-detached,250,143,48,95,107,46,61
S01006805,Whole house or bungalow: Terraced (including end-terrace),196,111,21,90,85,57,28
S01006805,Flat maisonette or apartment or mobile/temporary accommodation,97,31,14,17,66,37,29
S01006806,All people in households,1031,797,311,486,234,45,189
S01006806,Whole house or bungalow: Total,1018,791,305,486,227,41,186
S01006806,Whole house or bungalow: Detached,679,568,241,327,111,2,109
S01006806,Whole house or bungalow: Semi-detached,226,144,44,100,82,24,58
S01006806,Whole house or bungalow: Terraced (including end-terrace),113,79,20,59,34,15,19
S01006806,Flat maisonette or apartment or mobile/temporary accommodation,13,6,6,0,7,4,3
S01006807,All people in households,620,478,142,336,142,13,129
S01006807,Whole house or bungalow: Total,613,476,142,334,137,12,125
S01006807,Whole house or bungalow: Detached,245,186,84,102,59,0,59
S01006807,Whole house or bungalow: Semi-detached,178,124,21,103,54,12,42
S01006807,Whole house or bungalow: Terraced (including end-terrace),190,166,37,129,24,0,24
S01006807,Flat maisonette or apartment or mobile/temporary accommodation,7,2,0,2,5,1,4
S01006808,All people in households,626,554,226,328,72,18,54
S01006808,Whole house or bungalow: Total,616,551,223,328,65,12,53
S01006808,Whole house or bungalow: Detached,499,468,192,276,31,0,31
S01006808,Whole house or bungalow: Semi-detached,95,61,27,34,34,12,22
S01006808,Whole house or bungalow: Terraced (including end-terrace),22,22,4,18,0,0,0
S01006808,Flat maisonette or apartment or mobile/temporary accommodation,10,3,3,0,7,6,1
S01006809,All people in households,813,502,191,311,311,236,75
S01006809,Whole house or bungalow: Total,795,495,184,311,300,225,75
S01006809,Whole house or bungalow: Detached,334,293,125,168,41,5,36
S01006809,Whole house or bungalow: Semi-detached,320,125,43,82,195,166,29
S01006809,Whole house or bungalow: Terraced (including end-terrace),141,77,16,61,64,54,10
S01006809,Flat maisonette or apartment or mobile/temporary accommodation,18,7,7,0,11,11,0
S01006810,All people in households,877,622,234,388,255,167,88
S01006810,Whole house or bungalow: Total,804,598,226,372,206,135,71
S01006810,Whole house or bungalow: Detached,440,375,150,225,65,7,58
S01006810,Whole house or bungalow: Semi-detached,252,135,45,90,117,113,4
S01006810,Whole house or bungalow: Terraced (including end-terrace),112,88,31,57,24,15,9
S01006810,Flat maisonette or apartment or mobile/temporary accommodation,73,24,8,16,49,32,17
S01006811,All people in households,1090,805,282,523,285,121,164
S01006811,Whole house or bungalow: Total,1062,793,280,513,269,121,148
S01006811,Whole house or bungalow: Detached,639,564,212,352,75,6,69
S01006811,Whole house or bungalow: Semi-detached,269,134,37,97,135,87,48
S01006811,Whole house or bungalow: Terraced (including end-terrace),154,95,31,64,59,28,31
S01006811,Flat maisonette or apartment or mobile/temporary accommodation,28,12,2,10,16,0,16
S01006812,All people in households,735,536,156,380,199,100,99
S01006812,Whole house or bungalow: Total,715,529,153,376,186,93,93
S01006812,Whole house or bungalow: Detached,405,347,110,237,58,0,58
S01006812,Whole house or bungalow: Semi-detached,265,143,30,113,122,91,31
S01006812,Whole house or bungalow: Terraced (including end-terrace),45,39,13,26,6,2,4
S01006812,Flat maisonette or apartment or mobile/temporary accommodation,20,7,3,4,13,7,6
S01006813,All people in households,789,577,153,424,212,157,55
S01006813,Whole house or bungalow: Total,667,510,136,374,157,115,42
S01006813,Whole house or bungalow: Detached,228,212,48,164,16,1,15
S01006813,Whole house or bungalow: Semi-detached,339,222,61,161,117,95,22
S01006813,Whole house or bungalow: Terraced (including end-terrace),100,76,27,49,24,19,5
S01006813,Flat maisonette or apartment or mobile/temporary accommodation,122,67,17,50,55,42,13
S01006814,All people in households,782,730,235,495,52,14,38
S01006814,Whole house or bungalow: Total,769,725,232,493,44,6,38
S01006814,Whole house or bungalow: Detached,668,637,205,432,31,0,31
S01006814,Whole house or bungalow: Semi-detached,96,88,27,61,8,1,7
S01006814,Whole house or bungalow: Terraced (including end-terrace),5,0,0,0,5,5,0
S01006814,Flat maisonette or apartment or mobile/temporary accommodation,13,5,3,2,8,8,0
S01006815,All people in households,577,338,126,212,239,217,22
S01006815,Whole house or bungalow: Total,396,267,97,170,129,123,6
S01006815,Whole house or bungalow: Detached,115,107,38,69,8,5,3
S01006815,Whole house or bungalow: Semi-detached,156,95,31,64,61,58,3
S01006815,Whole house or bungalow: Terraced (including end-terrace),125,65,28,37,60,60,0
S01006815,Flat maisonette or apartment or mobile/temporary accommodation,181,71,29,42,110,94,16
S01006816,All people in households,703,579,189,390,124,92,32
S01006816,Whole house or bungalow: Total,617,543,184,359,74,51,23
S01006816,Whole house or bungalow: Detached,385,375,137,238,10,2,8
S01006816,Whole house or bungalow: Semi-detached,113,77,16,61,36,25,11
S01006816,Whole house or bungalow: Terraced (including end-terrace),119,91,31,60,28,24,4
S01006816,Flat maisonette or apartment or mobile/temporary accommodation,86,36,5,31,50,41,9
S01006817,All people in households,650,434,156,278,216,116,100
S01006817,Whole house or bungalow: Total,608,425,154,271,183,90,93
S01006817,Whole house or bungalow: Detached,321,284,119,165,37,5,32
S01006817,Whole house or bungalow: Semi-detached,215,86,14,72,129,69,60
S01006817,Whole house or bungalow: Terraced (including end-terrace),72,55,21,34,17,16,1
S01006817,Flat maisonette or apartment or mobile/temporary accommodation,42,9,2,7,33,26,7
S01006818,All people in households,719,604,234,370,115,44,71
S01006818,Whole house or bungalow: Total,716,603,233,370,113,44,69
S01006818,Whole house or bungalow: Detached,522,468,193,275,54,0,54
S01006818,Whole house or bungalow: Semi-detached,180,122,38,84,58,44,14
S01006818,Whole house or bungalow: Terraced (including end-terrace),14,13,2,11,1,0,1
S01006818,Flat maisonette or apartment or mobile/temporary accommodation,3,1,1,0,2,0,2
S01006819,All people in households,836,673,262,411,163,26,137
S01006819,Whole house or bungalow: Total,821,663,257,406,158,26,132
S01006819,Whole house or bungalow: Detached,530,437,198,239,93,1,92
S01006819,Whole house or bungalow: Semi-detached,194,141,40,101,53,25,28
S01006819,Whole house or bungalow: Terraced (including end-terrace),97,85,19,66,12,0,12
S01006819,Flat maisonette or apartment or mobile/temporary accommodation,15,10,5,5,5,0,5
S01006820,All people in households,444,403,142,261,41,11,30
S01006820,Whole house or bungalow: Total,439,403,142,261,36,8,28
S01006820,Whole house or bungalow: Detached,197,180,59,121,17,0,17
S01006820,Whole house or bungalow: Semi-detached,153,141,48,93,12,6,6
S01006820,Whole house or bungalow: Terraced (including end-terrace),89,82,35,47,7,2,5
S01006820,Flat maisonette or apartment or mobile/temporary accommodation,5,0,0,0,5,3,2
S01006821,All people in households,582,452,224,228,130,10,120
S01006821,Whole house or bungalow: Total,561,447,219,228,114,0,114
S01006821,Whole house or bungalow: Detached,487,376,200,176,111,0,111
S01006821,Whole house or bungalow: Semi-detached,67,64,19,45,3,0,3
S01006821,Whole house or bungalow: Terraced (including end-terrace),7,7,0,7,0,0,0
S01006821,Flat maisonette or apartment or mobile/temporary accommodation,21,5,5,0,16,10,6
S01006822,All people in households,759,594,254,340,165,11,154
S01006822,Whole house or bungalow: Total,746,585,249,336,161,11,150
S01006822,Whole house or bungalow: Detached,635,498,212,286,137,0,137
S01006822,Whole house or bungalow: Semi-detached,101,77,32,45,24,11,13
S01006822,Whole house or bungalow: Terraced (including end-terrace),10,10,5,5,0,0,0
S01006822,Flat maisonette or apartment or mobile/temporary accommodation,13,9,5,4,4,0,4
S01006823,All people in households,676,577,285,292,99,13,86
S01006823,Whole house or bungalow: Total,567,520,261,259,47,12,35
S01006823,Whole house or bungalow: Detached,401,387,207,180,14,0,14
S01006823,Whole house or bungalow: Semi-detached,71,51,26,25,20,12,8
S01006823,Whole house or bungalow: Terraced (including end-terrace),95,82,28,54,13,0,13
S01006823,Flat maisonette or apartment or mobile/temporary accommodation,109,57,24,33,52,1,51
S01006824,All people in households,813,414,124,290,399,359,40
S01006824,Whole house or bungalow: Total,500,322,105,217,178,153,25
S01006824,Whole house or bungalow: Detached,42,30,8,22,12,6,6
S01006824,Whole house or bungalow: Semi-detached,158,81,29,52,77,67,10
S01006824,Whole house or bungalow: Terraced (including end-terrace),300,211,68,143,89,80,9
S01006824,Flat maisonette or apartment or mobile/temporary accommodation,313,92,19,73,221,206,15
S01006825,All people in households,807,691,252,439,116,74,42
S01006825,Whole house or bungalow: Total,799,691,252,439,108,72,36
S01006825,Whole house or bungalow: Detached,138,129,64,65,9,5,4
S01006825,Whole house or bungalow: Semi-detached,400,343,117,226,57,30,27
S01006825,Whole house or bungalow: Terraced (including end-terrace),261,219,71,148,42,37,5
S01006825,Flat maisonette or apartment or mobile/temporary accommodation,8,0,0,0,8,2,6
S01006826,All people in households,884,728,262,466,156,94,62
S01006826,Whole house or bungalow: Total,859,711,257,454,148,93,55
S01006826,Whole house or bungalow: Detached,538,493,184,309,45,5,40
S01006826,Whole house or bungalow: Semi-detached,148,86,24,62,62,50,12
S01006826,Whole house or bungalow: Terraced (including end-terrace),173,132,49,83,41,38,3
S01006826,Flat maisonette or apartment or mobile/temporary accommodation,25,17,5,12,8,1,7
S01006827,All people in households,884,550,194,356,334,263,71
S01006827,Whole house or bungalow: Total,722,468,171,297,254,213,41
S01006827,Whole house or bungalow: Detached,134,127,46,81,7,2,5
S01006827,Whole house or bungalow: Semi-detached,313,159,56,103,154,129,25
S01006827,Whole house or bungalow: Terraced (including end-terrace),275,182,69,113,93,82,11
S01006827,Flat maisonette or apartment or mobile/temporary accommodation,162,82,23,59,80,50,30
S01006828,All people in households,914,613,260,353,301,148,153
S01006828,Whole house or bungalow: Total,512,427,194,233,85,39,46
S01006828,Whole house or bungalow: Detached,109,100,52,48,9,3,6
S01006828,Whole house or bungalow: Semi-detached,229,198,82,116,31,11,20
S01006828,Whole house or bungalow: Terraced (including end-terrace),174,129,60,69,45,25,20
S01006828,Flat maisonette or apartment or mobile/temporary accommodation,402,186,66,120,216,109,107
S01006829,All people in households,428,411,63,348,17,1,16
S01006829,Whole house or bungalow: Total,427,411,63,348,16,0,16
S01006829,Whole house or bungalow: Detached,345,343,58,285,2,0,2
S01006829,Whole house or bungalow: Semi-detached,73,59,5,54,14,0,14
S01006829,Whole house or bungalow: Terraced (including end-terrace),9,9,0,9,0,0,0
S01006829,Flat maisonette or apartment or mobile/temporary accommodation,1,0,0,0,1,1,0
S01006830,All people in households,729,546,217,329,183,162,21
S01006830,Whole house or bungalow: Total,700,542,215,327,158,137,21
S01006830,Whole house or bungalow: Detached,239,214,97,117,25,11,14
S01006830,Whole house or bungalow: Semi-detached,358,233,95,138,125,120,5
S01006830,Whole house or bungalow: Terraced (including end-terrace),103,95,23,72,8,6,2
S01006830,Flat maisonette or apartment or mobile/temporary accommodation,29,4,2,2,25,25,0
S01006831,All people in households,538,495,235,260,43,4,39
S01006831,Whole house or bungalow: Total,536,495,235,260,41,4,37
S01006831,Whole house or bungalow: Detached,221,199,121,78,22,0,22
S01006831,Whole house or bungalow: Semi-detached,221,206,79,127,15,4,11
S01006831,Whole house or bungalow: Terraced (including end-terrace),94,90,35,55,4,0,4
S01006831,Flat maisonette or apartment or mobile/temporary accommodation,2,0,0,0,2,0,2
S01006832,All people in households,1003,822,399,423,181,87,94
S01006832,Whole house or bungalow: Total,798,744,374,370,54,25,29
S01006832,Whole house or bungalow: Detached,387,364,204,160,23,5,18
S01006832,Whole house or bungalow: Semi-detached,325,305,135,170,20,13,7
S01006832,Whole house or bungalow: Terraced (including end-terrace),86,75,35,40,11,7,4
S01006832,Flat maisonette or apartment or mobile/temporary accommodation,205,78,25,53,127,62,65
S01006833,All people in households,438,387,196,191,51,9,42
S01006833,Whole house or bungalow: Total,414,369,188,181,45,9,36
S01006833,Whole house or bungalow: Detached,220,196,129,67,24,0,24
S01006833,Whole house or bungalow: Semi-detached,136,122,44,78,14,6,8
S01006833,Whole house or bungalow: Terraced (including end-terrace),58,51,15,36,7,3,4
S01006833,Flat maisonette or apartment or mobile/temporary accommodation,24,18,8,10,6,0,6
S01006834,All people in households,532,433,91,342,99,45,54
S01006834,Whole house or bungalow: Total,529,431,89,342,98,44,54
S01006834,Whole house or bungalow: Detached,414,364,71,293,50,3,47
S01006834,Whole house or bungalow: Semi-detached,84,60,15,45,24,19,5
S01006834,Whole house or bungalow: Terraced (including end-terrace),31,7,3,4,24,22,2
S01006834,Flat maisonette or apartment or mobile/temporary accommodation,3,2,2,0,1,1,0
S01006835,All people in households,841,480,239,241,361,167,194
S01006835,Whole house or bungalow: Total,397,301,139,162,96,26,70
S01006835,Whole house or bungalow: Detached,77,62,25,37,15,3,12
S01006835,Whole house or bungalow: Semi-detached,110,76,31,45,34,12,22
S01006835,Whole house or bungalow: Terraced (including end-terrace),210,163,83,80,47,11,36
S01006835,Flat maisonette or apartment or mobile/temporary accommodation,444,179,100,79,265,141,124
S01006836,All people in households,514,395,58,337,119,62,57
S01006836,Whole house or bungalow: Total,377,351,47,304,26,6,20
S01006836,Whole house or bungalow: Detached,328,315,39,276,13,0,13
S01006836,Whole house or bungalow: Semi-detached,45,35,8,27,10,3,7
S01006836,Whole house or bungalow: Terraced (including end-terrace),4,1,0,1,3,3,0
S01006836,Flat maisonette or apartment or mobile/temporary accommodation,137,44,11,33,93,56,37
S01006837,All people in households,599,515,182,333,84,63,21
S01006837,Whole house or bungalow: Total,569,510,179,331,59,51,8
S01006837,Whole house or bungalow: Detached,263,260,103,157,3,0,3
S01006837,Whole house or bungalow: Semi-detached,258,206,57,149,52,47,5
S01006837,Whole house or bungalow: Terraced (including end-terrace),48,44,19,25,4,4,0
S01006837,Flat maisonette or apartment or mobile/temporary accommodation,30,5,3,2,25,12,13
S01006838,All people in households,648,566,114,452,82,56,26
S01006838,Whole house or bungalow: Total,630,558,114,444,72,52,20
S01006838,Whole house or bungalow: Detached,351,338,78,260,13,3,10
S01006838,Whole house or bungalow: Semi-detached,266,209,34,175,57,47,10
S01006838,Whole house or bungalow: Terraced (including end-terrace),13,11,2,9,2,2,0
S01006838,Flat maisonette or apartment or mobile/temporary accommodation,18,8,0,8,10,4,6
S01006839,All people in households,1040,841,342,499,199,135,64
S01006839,Whole house or bungalow: Total,1020,841,342,499,179,124,55
S01006839,Whole house or bungalow: Detached,183,163,84,79,20,10,10
S01006839,Whole house or bungalow: Semi-detached,532,440,194,246,92,51,41
S01006839,Whole house or bungalow: Terraced (including end-terrace),305,238,64,174,67,63,4
S01006839,Flat maisonette or apartment or mobile/temporary accommodation,20,0,0,0,20,11,9
S01006840,All people in households,1020,978,312,666,42,12,30
S01006840,Whole house or bungalow: Total,1015,978,312,666,37,8,29
S01006840,Whole house or bungalow: Detached,845,819,268,551,26,0,26
S01006840,Whole house or bungalow: Semi-detached,159,149,44,105,10,7,3
S01006840,Whole house or bungalow: Terraced (including end-terrace),11,10,0,10,1,1,0
S01006840,Flat maisonette or apartment or mobile/temporary accommodation,5,0,0,0,5,4,1
S01006841,All people in households,922,856,204,652,66,34,32
S01006841,Whole house or bungalow: Total,910,854,202,652,56,30,26
S01006841,Whole house or bungalow: Detached,521,504,158,346,17,0,17
S01006841,Whole house or bungalow: Semi-detached,324,306,39,267,18,9,9
S01006841,Whole house or bungalow: Terraced (including end-terrace),65,44,5,39,21,21,0
S01006841,Flat maisonette or apartment or mobile/temporary accommodation,12,2,2,0,10,4,6
S01006842,All people in households,809,771,286,485,38,13,25
S01006842,Whole house or bungalow: Total,800,765,285,480,35,13,22
S01006842,Whole house or bungalow: Detached,285,281,134,147,4,0,4
S01006842,Whole house or bungalow: Semi-detached,462,437,145,292,25,7,18
S01006842,Whole house or bungalow: Terraced (including end-terrace),53,47,6,41,6,6,0
S01006842,Flat maisonette or apartment or mobile/temporary accommodation,9,6,1,5,3,0,3
S01006843,All people in households,835,797,192,605,38,9,29
S01006843,Whole house or bungalow: Total,823,792,192,600,31,8,23
S01006843,Whole house or bungalow: Detached,404,386,91,295,18,4,14
S01006843,Whole house or bungalow: Semi-detached,385,373,95,278,12,3,9
S01006843,Whole house or bungalow: Terraced (including end-terrace),34,33,6,27,1,1,0
S01006843,Flat maisonette or apartment or mobile/temporary accommodation,12,5,0,5,7,1,6
S01006844,All people in households,671,625,198,427,46,6,40
S01006844,Whole house or bungalow: Total,546,523,175,348,23,5,18
S01006844,Whole house or bungalow: Detached,216,214,66,148,2,0,2
S01006844,Whole house or bungalow: Semi-detached,308,290,105,185,18,2,16
S01006844,Whole house or bungalow: Terraced (including end-terrace),22,19,4,15,3,3,0
S01006844,Flat maisonette or apartment or mobile/temporary accommodation,125,102,23,79,23,1,22
S01006845,All people in households,942,889,224,665,53,8,45
S01006845,Whole house or bungalow: Total,890,852,216,636,38,3,35
S01006845,Whole house or bungalow: Detached,448,430,122,308,18,0,18
S01006845,Whole house or bungalow: Semi-detached,388,373,83,290,15,0,15
S01006845,Whole house or bungalow: Terraced (including end-terrace),54,49,11,38,5,3,2
S01006845,Flat maisonette or apartment or mobile/temporary accommodation,52,37,8,29,15,5,10
S01006846,All people in households,551,485,148,337,66,43,23
S01006846,Whole house or bungalow: Total,514,455,142,313,59,43,16
S01006846,Whole house or bungalow: Detached,83,83,28,55,0,0,0
S01006846,Whole house or bungalow: Semi-detached,348,296,107,189,52,43,9
S01006846,Whole house or bungalow: Terraced (including end-terrace),83,76,7,69,7,0,7
S01006846,Flat maisonette or apartment or mobile/temporary accommodation,37,30,6,24,7,0,7
S01006847,All people in households,659,643,150,493,16,0,16
S01006847,Whole house or bungalow: Total,658,642,150,492,16,0,16
S01006847,Whole house or bungalow: Detached,309,303,94,209,6,0,6
S01006847,Whole house or bungalow: Semi-detached,333,323,54,269,10,0,10
S01006847,Whole house or bungalow: Terraced (including end-terrace),16,16,2,14,0,0,0
S01006847,Flat maisonette or apartment or mobile/temporary accommodation,1,1,0,1,0,0,0
S01006848,All people in households,916,703,303,400,213,25,188
S01006848,Whole house or bungalow: Total,798,640,242,398,158,21,137
S01006848,Whole house or bungalow: Detached,596,479,202,277,117,5,112
S01006848,Whole house or bungalow: Semi-detached,157,130,39,91,27,14,13
S01006848,Whole house or bungalow: Terraced (including end-terrace),45,31,1,30,14,2,12
S01006848,Flat maisonette or apartment or mobile/temporary accommodation,118,63,61,2,55,4,51
S01006849,All people in households,971,792,82,710,179,150,29
S01006849,Whole house or bungalow: Total,900,764,78,686,136,113,23
S01006849,Whole house or bungalow: Detached,551,519,49,470,32,17,15
S01006849,Whole house or bungalow: Semi-detached,306,204,22,182,102,94,8
S01006849,Whole house or bungalow: Terraced (including end-terrace),43,41,7,34,2,2,0
S01006849,Flat maisonette or apartment or mobile/temporary accommodation,71,28,4,24,43,37,6
S01006850,All people in households,959,753,169,584,206,161,45
S01006850,Whole house or bungalow: Total,957,753,169,584,204,159,45
S01006850,Whole house or bungalow: Detached,77,61,22,39,16,6,10
S01006850,Whole house or bungalow: Semi-detached,344,256,58,198,88,73,15
S01006850,Whole house or bungalow: Terraced (including end-terrace),536,436,89,347,100,80,20
S01006850,Flat maisonette or apartment or mobile/temporary accommodation,2,0,0,0,2,2,0
S01006851,All people in households,805,585,137,448,220,191,29
S01006851,Whole house or bungalow: Total,762,580,137,443,182,160,22
S01006851,Whole house or bungalow: Detached,206,192,61,131,14,2,12
S01006851,Whole house or bungalow: Semi-detached,284,180,43,137,104,98,6
S01006851,Whole house or bungalow: Terraced (including end-terrace),272,208,33,175,64,60,4
S01006851,Flat maisonette or apartment or mobile/temporary accommodation,43,5,0,5,38,31,7
S01006852,All people in households,595,535,226,309,60,12,48
S01006852,Whole house or bungalow: Total,588,534,225,309,54,7,47
S01006852,Whole house or bungalow: Detached,375,349,172,177,26,0,26
S01006852,Whole house or bungalow: Semi-detached,195,172,46,126,23,2,21
S01006852,Whole house or bungalow: Terraced (including end-terrace),18,13,7,6,5,5,0
S01006852,Flat maisonette or apartment or mobile/temporary accommodation,7,1,1,0,6,5,1
S01006853,All people in households,842,650,257,393,192,6,186
S01006853,Whole house or bungalow: Total,830,644,251,393,186,4,182
S01006853,Whole house or bungalow: Detached,693,555,231,324,138,0,138
S01006853,Whole house or bungalow: Semi-detached,123,81,20,61,42,4,38
S01006853,Whole house or bungalow: Terraced (including end-terrace),14,8,0,8,6,0,6
S01006853,Flat maisonette or apartment or mobile/temporary accommodation,12,6,6,0,6,2,4
S01006854,All people in households,853,667,290,377,186,145,41
S01006854,Whole house or bungalow: Total,847,664,288,376,183,145,38
S01006854,Whole house or bungalow: Detached,486,458,232,226,28,3,25
S01006854,Whole house or bungalow: Semi-detached,318,197,55,142,121,108,13
S01006854,Whole house or bungalow: Terraced (including end-terrace),43,9,1,8,34,34,0
S01006854,Flat maisonette or apartment or mobile/temporary accommodation,6,3,2,1,3,0,3
S01006855,All people in households,790,612,281,331,178,24,154
S01006855,Whole house or bungalow: Total,776,602,279,323,174,20,154
S01006855,Whole house or bungalow: Detached,635,494,250,244,141,0,141
S01006855,Whole house or bungalow: Semi-detached,93,64,19,45,29,18,11
S01006855,Whole house or bungalow: Terraced (including end-terrace),48,44,10,34,4,2,2
S01006855,Flat maisonette or apartment or mobile/temporary accommodation,14,10,2,8,4,4,0
S01006856,All people in households,678,439,188,251,239,3,236
S01006856,Whole house or bungalow: Total,659,434,188,246,225,3,222
S01006856,Whole house or bungalow: Detached,492,360,159,201,132,0,132
S01006856,Whole house or bungalow: Semi-detached,140,64,29,35,76,3,73
S01006856,Whole house or bungalow: Terraced (including end-terrace),27,10,0,10,17,0,17
S01006856,Flat maisonette or apartment or mobile/temporary accommodation,19,5,0,5,14,0,14
S01006857,All people in households,997,617,270,347,380,35,345
S01006857,Whole house or bungalow: Total,964,608,261,347,356,23,333
S01006857,Whole house or bungalow: Detached,712,432,213,219,280,0,280
S01006857,Whole house or bungalow: Semi-detached,224,159,46,113,65,14,51
S01006857,Whole house or bungalow: Terraced (including end-terrace),28,17,2,15,11,9,2
S01006857,Flat maisonette or apartment or mobile/temporary accommodation,33,9,9,0,24,12,12
S01006858,All people in households,642,553,267,286,89,5,84
S01006858,Whole house or bungalow: Total,638,549,263,286,89,5,84
S01006858,Whole house or bungalow: Detached,542,473,241,232,69,0,69
S01006858,Whole house or bungalow: Semi-detached,64,57,16,41,7,3,4
S01006858,Whole house or bungalow: Terraced (including end-terrace),32,19,6,13,13,2,11
S01006858,Flat maisonette or apartment or mobile/temporary accommodation,4,4,4,0,0,0,0
S01006859,All people in households,1084,990,447,543,94,1,93
S01006859,Whole house or bungalow: Total,995,933,416,517,62,0,62
S01006859,Whole house or bungalow: Detached,917,873,380,493,44,0,44
S01006859,Whole house or bungalow: Semi-detached,71,53,36,17,18,0,18
S01006859,Whole house or bungalow: Terraced (including end-terrace),7,7,0,7,0,0,0
S01006859,Flat maisonette or apartment or mobile/temporary accommodation,89,57,31,26,32,1,31
S01006860,All people in households,542,301,129,172,241,177,64
S01006860,Whole house or bungalow: Total,487,291,119,172,196,145,51
S01006860,Whole house or bungalow: Detached,103,86,43,43,17,1,16
S01006860,Whole house or bungalow: Semi-detached,133,87,33,54,46,37,9
S01006860,Whole house or bungalow: Terraced (including end-terrace),251,118,43,75,133,107,26
S01006860,Flat maisonette or apartment or mobile/temporary accommodation,55,10,10,0,45,32,13
S01006861,All people in households,604,517,90,427,87,6,81
S01006861,Whole house or bungalow: Total,600,517,90,427,83,6,77
S01006861,Whole house or bungalow: Detached,489,422,88,334,67,0,67
S01006861,Whole house or bungalow: Semi-detached,110,95,2,93,15,5,10
S01006861,Whole house or bungalow: Terraced (including end-terrace),1,0,0,0,1,1,0
S01006861,Flat maisonette or apartment or mobile/temporary accommodation,4,0,0,0,4,0,4
S01006862,All people in households,681,515,217,298,166,112,54
S01006862,Whole house or bungalow: Total,637,511,215,296,126,82,44
S01006862,Whole house or bungalow: Detached,258,237,95,142,21,7,14
S01006862,Whole house or bungalow: Semi-detached,305,235,110,125,70,41,29
S01006862,Whole house or bungalow: Terraced (including end-terrace),74,39,10,29,35,34,1
S01006862,Flat maisonette or apartment or mobile/temporary accommodation,44,4,2,2,40,30,10
S01006863,All people in households,687,525,195,330,162,95,67
S01006863,Whole house or bungalow: Total,677,525,195,330,152,93,59
S01006863,Whole house or bungalow: Detached,251,229,134,95,22,4,18
S01006863,Whole house or bungalow: Semi-detached,201,161,27,134,40,16,24
S01006863,Whole house or bungalow: Terraced (including end-terrace),225,135,34,101,90,73,17
S01006863,Flat maisonette or apartment or mobile/temporary accommodation,10,0,0,0,10,2,8
S01006864,All people in households,447,230,48,182,217,165,52
S01006864,Whole house or bungalow: Total,419,229,48,181,190,138,52
S01006864,Whole house or bungalow: Detached,199,145,33,112,54,9,45
S01006864,Whole house or bungalow: Semi-detached,179,57,15,42,122,117,5
S01006864,Whole house or bungalow: Terraced (including end-terrace),41,27,0,27,14,12,2
S01006864,Flat maisonette or apartment or mobile/temporary accommodation,28,1,0,1,27,27,0
S01006865,All people in households,902,693,330,363,209,26,183
S01006865,Whole house or bungalow: Total,608,535,275,260,73,10,63
S01006865,Whole house or bungalow: Detached,435,397,221,176,38,1,37
S01006865,Whole house or bungalow: Semi-detached,156,129,50,79,27,7,20
S01006865,Whole house or bungalow: Terraced (including end-terrace),17,9,4,5,8,2,6
S01006865,Flat maisonette or apartment or mobile/temporary accommodation,294,158,55,103,136,16,120
S01006866,All people in households,549,489,262,227,60,11,49
S01006866,Whole house or bungalow: Total,545,488,261,227,57,11,46
S01006866,Whole house or bungalow: Detached,461,429,219,210,32,0,32
S01006866,Whole house or bungalow: Semi-detached,72,52,35,17,20,8,12
S01006866,Whole house or bungalow: Terraced (including end-terrace),12,7,7,0,5,3,2
S01006866,Flat maisonette or apartment or mobile/temporary accommodation,4,1,1,0,3,0,3
S01006867,All people in households,723,631,368,263,92,30,62
S01006867,Whole house or bungalow: Total,689,621,362,259,68,25,43
S01006867,Whole house or bungalow: Detached,552,518,306,212,34,2,32
S01006867,Whole house or bungalow: Semi-detached,110,78,43,35,32,21,11
S01006867,Whole house or bungalow: Terraced (including end-terrace),27,25,13,12,2,2,0
S01006867,Flat maisonette or apartment or mobile/temporary accommodation,34,10,6,4,24,5,19
S01006868,All people in households,879,606,247,359,273,206,67
S01006868,Whole house or bungalow: Total,856,592,240,352,264,205,59
S01006868,Whole house or bungalow: Detached,367,315,117,198,52,13,39
S01006868,Whole house or bungalow: Semi-detached,339,208,99,109,131,123,8
S01006868,Whole house or bungalow: Terraced (including end-terrace),150,69,24,45,81,69,12
S01006868,Flat maisonette or apartment or mobile/temporary accommodation,23,14,7,7,9,1,8
S01006869,All people in households,490,294,118,176,196,33,163
S01006869,Whole house or bungalow: Total,468,279,114,165,189,32,157
S01006869,Whole house or bungalow: Detached,314,224,109,115,90,1,89
S01006869,Whole house or bungalow: Semi-detached,108,43,5,38,65,31,34
S01006869,Whole house or bungalow: Terraced (including end-terrace),46,12,0,12,34,0,34
S01006869,Flat maisonette or apartment or mobile/temporary accommodation,22,15,4,11,7,1,6
S01006870,All people in households,483,401,187,214,82,30,52
S01006870,Whole house or bungalow: Total,465,390,187,203,75,29,46
S01006870,Whole house or bungalow: Detached,320,282,140,142,38,0,38
S01006870,Whole house or bungalow: Semi-detached,131,98,42,56,33,26,7
S01006870,Whole house or bungalow: Terraced (including end-terrace),14,10,5,5,4,3,1
S01006870,Flat maisonette or apartment or mobile/temporary accommodation,18,11,0,11,7,1,6
S01006871,All people in households,711,565,216,349,146,112,34
S01006871,Whole house or bungalow: Total,687,550,208,342,137,109,28
S01006871,Whole house or bungalow: Detached,492,460,165,295,32,10,22
S01006871,Whole house or bungalow: Semi-detached,177,84,39,45,93,87,6
S01006871,Whole house or bungalow: Terraced (including end-terrace),18,6,4,2,12,12,0
S01006871,Flat maisonette or apartment or mobile/temporary accommodation,24,15,8,7,9,3,6
S01006872,All people in households,714,536,250,286,178,2,176
S01006872,Whole house or bungalow: Total,709,536,250,286,173,2,171
S01006872,Whole house or bungalow: Detached,632,478,236,242,154,0,154
S01006872,Whole house or bungalow: Semi-detached,75,58,14,44,17,0,17
S01006872,Whole house or bungalow: Terraced (including end-terrace),2,0,0,0,2,2,0
S01006872,Flat maisonette or apartment or mobile/temporary accommodation,5,0,0,0,5,0,5
S01006873,All people in households,955,697,406,291,258,27,231
S01006873,Whole house or bungalow: Total,902,658,372,286,244,24,220
S01006873,Whole house or bungalow: Detached,710,519,283,236,191,9,182
S01006873,Whole house or bungalow: Semi-detached,134,87,47,40,47,10,37
S01006873,Whole house or bungalow: Terraced (including end-terrace),58,52,42,10,6,5,1
S01006873,Flat maisonette or apartment or mobile/temporary accommodation,53,39,34,5,14,3,11
S01006874,All people in households,566,383,200,183,183,16,167
S01006874,Whole house or bungalow: Total,561,382,200,182,179,14,165
S01006874,Whole house or bungalow: Detached,511,352,185,167,159,0,159
S01006874,Whole house or bungalow: Semi-detached,46,29,14,15,17,11,6
S01006874,Whole house or bungalow: Terraced (including end-terrace),4,1,1,0,3,3,0
S01006874,Flat maisonette or apartment or mobile/temporary accommodation,5,1,0,1,4,2,2
S01006875,All people in households,694,440,216,224,254,168,86
S01006875,Whole house or bungalow: Total,676,436,214,222,240,161,79
S01006875,Whole house or bungalow: Detached,330,273,150,123,57,12,45
S01006875,Whole house or bungalow: Semi-detached,314,153,56,97,161,127,34
S01006875,Whole house or bungalow: Terraced (including end-terrace),32,10,8,2,22,22,0
S01006875,Flat maisonette or apartment or mobile/temporary accommodation,18,4,2,2,14,7,7
S01006876,All people in households,992,784,338,446,208,102,106
S01006876,Whole house or bungalow: Total,970,775,334,441,195,101,94
S01006876,Whole house or bungalow: Detached,686,606,266,340,80,8,72
S01006876,Whole house or bungalow: Semi-detached,226,140,53,87,86,70,16
S01006876,Whole house or bungalow: Terraced (including end-terrace),58,29,15,14,29,23,6
S01006876,Flat maisonette or apartment or mobile/temporary accommodation,22,9,4,5,13,1,12
S01006877,All people in households,928,704,315,389,224,18,206
S01006877,Whole house or bungalow: Total,914,701,313,388,213,13,200
S01006877,Whole house or bungalow: Detached,826,646,289,357,180,0,180
S01006877,Whole house or bungalow: Semi-detached,81,53,22,31,28,8,20
S01006877,Whole house or bungalow: Terraced (including end-terrace),7,2,2,0,5,5,0
S01006877,Flat maisonette or apartment or mobile/temporary accommodation,14,3,2,1,11,5,6
S01006878,All people in households,704,451,217,234,253,76,177
S01006878,Whole house or bungalow: Total,672,445,213,232,227,58,169
S01006878,Whole house or bungalow: Detached,500,341,168,173,159,1,158
S01006878,Whole house or bungalow: Semi-detached,112,67,35,32,45,36,9
S01006878,Whole house or bungalow: Terraced (including end-terrace),60,37,10,27,23,21,2
S01006878,Flat maisonette or apartment or mobile/temporary accommodation,32,6,4,2,26,18,8
S01006879,All people in households,740,427,234,193,313,12,301
S01006879,Whole house or bungalow: Total,732,422,232,190,310,11,299
S01006879,Whole house or bungalow: Detached,646,393,211,182,253,6,247
S01006879,Whole house or bungalow: Semi-detached,82,29,21,8,53,5,48
S01006879,Whole house or bungalow: Terraced (including end-terrace),4,0,0,0,4,0,4
S01006879,Flat maisonette or apartment or mobile/temporary accommodation,8,5,2,3,3,1,2
S01006880,All people in households,600,502,172,330,98,22,76
S01006880,Whole house or bungalow: Total,583,499,169,330,84,17,67
S01006880,Whole house or bungalow: Detached,506,449,152,297,57,2,55
S01006880,Whole house or bungalow: Semi-detached,75,50,17,33,25,13,12
S01006880,Whole house or bungalow: Terraced (including end-terrace),2,0,0,0,2,2,0
S01006880,Flat maisonette or apartment or mobile/temporary accommodation,17,3,3,0,14,5,9
S01006881,All people in households,578,469,235,234,109,8,101
S01006881,Whole house or bungalow: Total,572,463,229,234,109,8,101
S01006881,Whole house or bungalow: Detached,486,415,213,202,71,0,71
S01006881,Whole house or bungalow: Semi-detached,80,48,16,32,32,8,24
S01006881,Whole house or bungalow: Terraced (including end-terrace),6,0,0,0,6,0,6
S01006881,Flat maisonette or apartment or mobile/temporary accommodation,6,6,6,0,0,0,0
S01006882,All people in households,398,235,95,140,163,135,28
S01006882,Whole house or bungalow: Total,368,235,95,140,133,107,26
S01006882,Whole house or bungalow: Detached,115,104,41,63,11,1,10
S01006882,Whole house or bungalow: Semi-detached,251,131,54,77,120,104,16
S01006882,Whole house or bungalow: Terraced (including end-terrace),2,0,0,0,2,2,0
S01006882,Flat maisonette or apartment or mobile/temporary accommodation,30,0,0,0,30,28,2
S01006883,All people in households,458,344,138,206,114,52,62
S01006883,Whole house or bungalow: Total,388,324,133,191,64,14,50
S01006883,Whole house or bungalow: Detached,293,257,109,148,36,0,36
S01006883,Whole house or bungalow: Semi-detached,63,44,13,31,19,9,10
S01006883,Whole house or bungalow: Terraced (including end-terrace),32,23,11,12,9,5,4
S01006883,Flat maisonette or apartment or mobile/temporary accommodation,70,20,5,15,50,38,12
S01006884,All people in households,888,750,319,431,138,76,62
S01006884,Whole house or bungalow: Total,852,734,318,416,118,71,47
S01006884,Whole house or bungalow: Detached,545,507,233,274,38,4,34
S01006884,Whole house or bungalow: Semi-detached,254,208,78,130,46,34,12
S01006884,Whole house or bungalow: Terraced (including end-terrace),53,19,7,12,34,33,1
S01006884,Flat maisonette or apartment or mobile/temporary accommodation,36,16,1,15,20,5,15
S01006885,All people in households,518,457,218,239,61,16,45
S01006885,Whole house or bungalow: Total,518,457,218,239,61,16,45
S01006885,Whole house or bungalow: Detached,441,403,196,207,38,2,36
S01006885,Whole house or bungalow: Semi-detached,67,50,22,28,17,11,6
S01006885,Whole house or bungalow: Terraced (including end-terrace),10,4,0,4,6,3,3
S01006885,Flat maisonette or apartment or mobile/temporary accommodation,0,0,0,0,0,0,0
S01006886,All people in households,733,514,270,244,219,48,171
S01006886,Whole house or bungalow: Total,725,514,270,244,211,45,166
S01006886,Whole house or bungalow: Detached,537,424,232,192,113,5,108
S01006886,Whole house or bungalow: Semi-detached,113,56,21,35,57,18,39
S01006886,Whole house or bungalow: Terraced (including end-terrace),75,34,17,17,41,22,19
S01006886,Flat maisonette or apartment or mobile/temporary accommodation,8,0,0,0,8,3,5
S01006887,All people in households,587,476,169,307,111,51,60
S01006887,Whole house or bungalow: Total,552,471,168,303,81,32,49
S01006887,Whole house or bungalow: Detached,461,414,153,261,47,0,47
S01006887,Whole house or bungalow: Semi-detached,77,46,15,31,31,29,2
S01006887,Whole house or bungalow: Terraced (including end-terrace),14,11,0,11,3,3,0
S01006887,Flat maisonette or apartment or mobile/temporary accommodation,35,5,1,4,30,19,11
S01006888,All people in households,800,679,267,412,121,49,72
S01006888,Whole house or bungalow: Total,783,669,265,404,114,49,65
S01006888,Whole house or bungalow: Detached,613,547,244,303,66,9,57
S01006888,Whole house or bungalow: Semi-detached,140,97,19,78,43,36,7
S01006888,Whole house or bungalow: Terraced (including end-terrace),30,25,2,23,5,4,1
S01006888,Flat maisonette or apartment or mobile/temporary accommodation,17,10,2,8,7,0,7
S01006889,All people in households,826,452,159,293,374,344,30
S01006889,Whole house or bungalow: Total,811,450,157,293,361,339,22
S01006889,Whole house or bungalow: Detached,161,118,44,74,43,38,5
S01006889,Whole house or bungalow: Semi-detached,329,197,75,122,132,124,8
S01006889,Whole house or bungalow: Terraced (including end-terrace),321,135,38,97,186,177,9
S01006889,Flat maisonette or apartment or mobile/temporary accommodation,15,2,2,0,13,5,8
S01006890,All people in households,665,592,213,379,73,51,22
S01006890,Whole house or bungalow: Total,606,569,211,358,37,18,19
S01006890,Whole house or bungalow: Detached,428,418,154,264,10,1,9
S01006890,Whole house or bungalow: Semi-detached,149,130,51,79,19,13,6
S01006890,Whole house or bungalow: Terraced (including end-terrace),29,21,6,15,8,4,4
S01006890,Flat maisonette or apartment or mobile/temporary accommodation,59,23,2,21,36,33,3
S01006891,All people in households,913,686,251,435,227,179,48
S01006891,Whole house or bungalow: Total,812,644,245,399,168,124,44
S01006891,Whole house or bungalow: Detached,419,386,176,210,33,3,30
S01006891,Whole house or bungalow: Semi-detached,237,171,46,125,66,61,5
S01006891,Whole house or bungalow: Terraced (including end-terrace),156,87,23,64,69,60,9
S01006891,Flat maisonette or apartment or mobile/temporary accommodation,101,42,6,36,59,55,4
S01006892,All people in households,612,344,82,262,268,255,13
S01006892,Whole house or bungalow: Total,610,344,82,262,266,253,13
S01006892,Whole house or bungalow: Detached,104,90,38,52,14,11,3
S01006892,Whole house or bungalow: Semi-detached,434,218,40,178,216,207,9
S01006892,Whole house or bungalow: Terraced (including end-terrace),72,36,4,32,36,35,1
S01006892,Flat maisonette or apartment or mobile/temporary accommodation,2,0,0,0,2,2,0
S01006893,All people in households,543,336,128,208,207,189,18
S01006893,Whole house or bungalow: Total,540,336,128,208,204,186,18
S01006893,Whole house or bungalow: Detached,175,157,74,83,18,6,12
S01006893,Whole house or bungalow: Semi-detached,166,106,40,66,60,56,4
S01006893,Whole house or bungalow: Terraced (including end-terrace),199,73,14,59,126,124,2
S01006893,Flat maisonette or apartment or mobile/temporary accommodation,3,0,0,0,3,3,0
S01006894,All people in households,934,734,324,410,200,164,36
S01006894,Whole house or bungalow: Total,790,661,283,378,129,107,22
S01006894,Whole house or bungalow: Detached,277,264,117,147,13,1,12
S01006894,Whole house or bungalow: Semi-detached,497,389,161,228,108,98,10
S01006894,Whole house or bungalow: Terraced (including end-terrace),16,8,5,3,8,8,0
S01006894,Flat maisonette or apartment or mobile/temporary accommodation,144,73,41,32,71,57,14
S01006895,All people in households,534,322,122,200,212,137,75
S01006895,Whole house or bungalow: Total,275,168,79,89,107,80,27
S01006895,Whole house or bungalow: Detached,24,14,7,7,10,0,10
S01006895,Whole house or bungalow: Semi-detached,158,87,34,53,71,58,13
S01006895,Whole house or bungalow: Terraced (including end-terrace),93,67,38,29,26,22,4
S01006895,Flat maisonette or apartment or mobile/temporary accommodation,259,154,43,111,105,57,48
S01006896,All people in households,768,589,301,288,179,97,82
S01006896,Whole house or bungalow: Total,571,497,274,223,74,42,32
S01006896,Whole house or bungalow: Detached,209,204,139,65,5,0,5
S01006896,Whole house or bungalow: Semi-detached,302,253,114,139,49,32,17
S01006896,Whole house or bungalow: Terraced (including end-terrace),60,40,21,19,20,10,10
S01006896,Flat maisonette or apartment or mobile/temporary accommodation,197,92,27,65,105,55,50
S01006897,All people in households,708,628,212,416,80,41,39
S01006897,Whole house or bungalow: Total,639,568,201,367,71,35,36
S01006897,Whole house or bungalow: Detached,196,190,80,110,6,0,6
S01006897,Whole house or bungalow: Semi-detached,263,231,83,148,32,20,12
S01006897,Whole house or bungalow: Terraced (including end-terrace),180,147,38,109,33,15,18
S01006897,Flat maisonette or apartment or mobile/temporary accommodation,69,60,11,49,9,6,3
S01006898,All people in households,751,578,254,324,173,127,46
S01006898,Whole house or bungalow: Total,676,545,244,301,131,98,33
S01006898,Whole house or bungalow: Detached,241,232,103,129,9,0,9
S01006898,Whole house or bungalow: Semi-detached,383,301,141,160,82,58,24
S01006898,Whole house or bungalow: Terraced (including end-terrace),52,12,0,12,40,40,0
S01006898,Flat maisonette or apartment or mobile/temporary accommodation,75,33,10,23,42,29,13
S01006899,All people in households,609,559,157,402,50,14,36
S01006899,Whole house or bungalow: Total,602,552,154,398,50,14,36
S01006899,Whole house or bungalow: Detached,318,299,83,216,19,3,16
S01006899,Whole house or bungalow: Semi-detached,281,253,71,182,28,8,20
S01006899,Whole house or bungalow: Terraced (including end-terrace),3,0,0,0,3,3,0
S01006899,Flat maisonette or apartment or mobile/temporary accommodation,7,7,3,4,0,0,0
S01006900,All people in households,579,529,142,387,50,10,40
S01006900,Whole house or bungalow: Total,563,521,138,383,42,10,32
S01006900,Whole house or bungalow: Detached,276,249,92,157,27,4,23
S01006900,Whole house or bungalow: Semi-detached,241,232,35,197,9,3,6
S01006900,Whole house or bungalow: Terraced (including end-terrace),46,40,11,29,6,3,3
S01006900,Flat maisonette or apartment or mobile/temporary accommodation,16,8,4,4,8,0,8
S01006901,All people in households,595,348,108,240,247,207,40
S01006901,Whole house or bungalow: Total,491,306,102,204,185,169,16
S01006901,Whole house or bungalow: Detached,70,64,23,41,6,2,4
S01006901,Whole house or bungalow: Semi-detached,302,183,64,119,119,113,6
S01006901,Whole house or bungalow: Terraced (including end-terrace),119,59,15,44,60,54,6
S01006901,Flat maisonette or apartment or mobile/temporary accommodation,104,42,6,36,62,38,24
S01006902,All people in households,693,411,122,289,282,222,60
S01006902,Whole house or bungalow: Total,559,378,119,259,181,152,29
S01006902,Whole house or bungalow: Detached,222,170,77,93,52,32,20
S01006902,Whole house or bungalow: Semi-detached,321,198,40,158,123,114,9
S01006902,Whole house or bungalow: Terraced (including end-terrace),16,10,2,8,6,6,0
S01006902,Flat maisonette or apartment or mobile/temporary accommodation,134,33,3,30,101,70,31
S01006903,All people in households,778,469,146,323,309,263,46
S01006903,Whole house or bungalow: Total,612,413,136,277,199,168,31
S01006903,Whole house or bungalow: Detached,151,131,43,88,20,7,13
S01006903,Whole house or bungalow: Semi-detached,315,222,77,145,93,84,9
S01006903,Whole house or bungalow: Terraced (including end-terrace),146,60,16,44,86,77,9
S01006903,Flat maisonette or apartment or mobile/temporary accommodation,166,56,10,46,110,95,15
S01006904,All people in households,694,448,200,248,246,122,124
S01006904,Whole house or bungalow: Total,465,342,135,207,123,64,59
S01006904,Whole house or bungalow: Detached,198,174,95,79,24,1,23
S01006904,Whole house or bungalow: Semi-detached,112,74,23,51,38,16,22
S01006904,Whole house or bungalow: Terraced (including end-terrace),155,94,17,77,61,47,14
S01006904,Flat maisonette or apartment or mobile/temporary accommodation,229,106,65,41,123,58,65
S01006905,All people in households,878,692,327,365,186,137,49
S01006905,Whole house or bungalow: Total,750,639,314,325,111,80,31
S01006905,Whole house or bungalow: Detached,349,329,178,151,20,5,15
S01006905,Whole house or bungalow: Semi-detached,335,263,122,141,72,56,16
S01006905,Whole house or bungalow: Terraced (including end-terrace),66,47,14,33,19,19,0
S01006905,Flat maisonette or apartment or mobile/temporary accommodation,128,53,13,40,75,57,18
S01006906,All people in households,843,430,194,236,413,359,54
S01006906,Whole house or bungalow: Total,665,416,188,228,249,202,47
S01006906,Whole house or bungalow: Detached,46,35,20,15,11,8,3
S01006906,Whole house or bungalow: Semi-detached,276,193,93,100,83,71,12
S01006906,Whole house or bungalow: Terraced (including end-terrace),343,188,75,113,155,123,32
S01006906,Flat maisonette or apartment or mobile/temporary accommodation,178,14,6,8,164,157,7
S01006907,All people in households,594,349,143,206,245,84,161
S01006907,Whole house or bungalow: Total,299,227,111,116,72,11,61
S01006907,Whole house or bungalow: Detached,189,160,76,84,29,4,25
S01006907,Whole house or bungalow: Semi-detached,61,45,26,19,16,7,9
S01006907,Whole house or bungalow: Terraced (including end-terrace),49,22,9,13,27,0,27
S01006907,Flat maisonette or apartment or mobile/temporary accommodation,295,122,32,90,173,73,100
S01006908,All people in households,803,491,247,244,312,175,137
S01006908,Whole house or bungalow: Total,473,336,183,153,137,65,72
S01006908,Whole house or bungalow: Detached,153,142,93,49,11,0,11
S01006908,Whole house or bungalow: Semi-detached,147,104,52,52,43,20,23
S01006908,Whole house or bungalow: Terraced (including end-terrace),173,90,38,52,83,45,38
S01006908,Flat maisonette or apartment or mobile/temporary accommodation,330,155,64,91,175,110,65
S01006909,All people in households,768,709,183,526,59,8,51
S01006909,Whole house or bungalow: Total,754,699,179,520,55,8,47
S01006909,Whole house or bungalow: Detached,673,630,168,462,43,0,43
S01006909,Whole house or bungalow: Semi-detached,68,66,11,55,2,0,2
S01006909,Whole house or bungalow: Terraced (including end-terrace),13,3,0,3,10,8,2
S01006909,Flat maisonette or apartment or mobile/temporary accommodation,14,10,4,6,4,0,4
S01006910,All people in households,852,713,288,425,139,16,123
S01006910,Whole house or bungalow: Total,786,697,279,418,89,15,74
S01006910,Whole house or bungalow: Detached,661,604,264,340,57,0,57
S01006910,Whole house or bungalow: Semi-detached,82,57,9,48,25,10,15
S01006910,Whole house or bungalow: Terraced (including end-terrace),43,36,6,30,7,5,2
S01006910,Flat maisonette or apartment or mobile/temporary accommodation,66,16,9,7,50,1,49
S01006911,All people in households,671,551,51,500,120,95,25
S01006911,Whole house or bungalow: Total,653,547,49,498,106,89,17
S01006911,Whole house or bungalow: Detached,531,519,41,478,12,0,12
S01006911,Whole house or bungalow: Semi-detached,79,25,6,19,54,49,5
S01006911,Whole house or bungalow: Terraced (including end-terrace),43,3,2,1,40,40,0
S01006911,Flat maisonette or apartment or mobile/temporary accommodation,18,4,2,2,14,6,8
S01006912,All people in households,423,330,189,141,93,7,86
S01006912,Whole house or bungalow: Total,408,321,185,136,87,7,80
S01006912,Whole house or bungalow: Detached,329,276,158,118,53,1,52
S01006912,Whole house or bungalow: Semi-detached,63,39,23,16,24,4,20
S01006912,Whole house or bungalow: Terraced (including end-terrace),16,6,4,2,10,2,8
S01006912,Flat maisonette or apartment or mobile/temporary accommodation,15,9,4,5,6,0,6
S01006913,All people in households,546,480,108,372,66,5,61
S01006913,Whole house or bungalow: Total,542,478,107,371,64,5,59
S01006913,Whole house or bungalow: Detached,482,443,94,349,39,0,39
S01006913,Whole house or bungalow: Semi-detached,60,35,13,22,25,5,20
S01006913,Whole house or bungalow: Terraced (including end-terrace),0,0,0,0,0,0,0
S01006913,Flat maisonette or apartment or mobile/temporary accommodation,4,2,1,1,2,0,2
S01006914,All people in households,743,577,279,298,166,14,152
S01006914,Whole house or bungalow: Total,731,572,274,298,159,11,148
S01006914,Whole house or bungalow: Detached,559,453,236,217,106,3,103
S01006914,Whole house or bungalow: Semi-detached,134,101,37,64,33,0,33
S01006914,Whole house or bungalow: Terraced (including end-terrace),38,18,1,17,20,8,12
S01006914,Flat maisonette or apartment or mobile/temporary accommodation,12,5,5,0,7,3,4
S01006915,All people in households,826,706,304,402,120,45,75
S01006915,Whole house or bungalow: Total,813,698,304,394,115,44,71
S01006915,Whole house or bungalow: Detached,634,579,264,315,55,0,55
S01006915,Whole house or bungalow: Semi-detached,167,114,37,77,53,42,11
S01006915,Whole house or bungalow: Terraced (including end-terrace),12,5,3,2,7,2,5
S01006915,Flat maisonette or apartment or mobile/temporary accommodation,13,8,0,8,5,1,4
S01006916,All people in households,562,403,88,315,159,128,31
S01006916,Whole house or bungalow: Total,492,388,87,301,104,78,26
S01006916,Whole house or bungalow: Detached,298,276,75,201,22,2,20
S01006916,Whole house or bungalow: Semi-detached,182,103,12,91,79,73,6
S01006916,Whole house or bungalow: Terraced (including end-terrace),12,9,0,9,3,3,0
S01006916,Flat maisonette or apartment or mobile/temporary accommodation,70,15,1,14,55,50,5
S01006917,All people in households,996,883,91,792,113,76,37
S01006917,Whole house or bungalow: Total,992,883,91,792,109,72,37
S01006917,Whole house or bungalow: Detached,853,816,75,741,37,0,37
S01006917,Whole house or bungalow: Semi-detached,129,63,16,47,66,66,0
S01006917,Whole house or bungalow: Terraced (including end-terrace),10,4,0,4,6,6,0
S01006917,Flat maisonette or apartment or mobile/temporary accommodation,4,0,0,0,4,4,0
S01006918,All people in households,493,398,142,256,95,59,36
S01006918,Whole house or bungalow: Total,468,383,140,243,85,51,34
S01006918,Whole house or bungalow: Detached,300,281,99,182,19,0,19
S01006918,Whole house or bungalow: Semi-detached,139,78,30,48,61,48,13
S01006918,Whole house or bungalow: Terraced (including end-terrace),29,24,11,13,5,3,2
S01006918,Flat maisonette or apartment or mobile/temporary accommodation,25,15,2,13,10,8,2
S01006919,All people in households,485,411,210,201,74,38,36
S01006919,Whole house or bungalow: Total,455,404,208,196,51,31,20
S01006919,Whole house or bungalow: Detached,240,228,115,113,12,0,12
S01006919,Whole house or bungalow: Semi-detached,130,113,60,53,17,13,4
S01006919,Whole house or bungalow: Terraced (including end-terrace),85,63,33,30,22,18,4
S01006919,Flat maisonette or apartment or mobile/temporary accommodation,30,7,2,5,23,7,16
S01006920,All people in households,502,352,135,217,150,106,44
S01006920,Whole house or bungalow: Total,326,283,112,171,43,26,17
S01006920,Whole house or bungalow: Detached,189,181,90,91,8,0,8
S01006920,Whole house or bungalow: Semi-detached,115,94,18,76,21,16,5
S01006920,Whole house or bungalow: Terraced (including end-terrace),22,8,4,4,14,10,4
S01006920,Flat maisonette or apartment or mobile/temporary accommodation,176,69,23,46,107,80,27
S01006921,All people in households,829,766,136,630,63,16,47
S01006921,Whole house or bungalow: Total,827,766,136,630,61,16,45
S01006921,Whole house or bungalow: Detached,673,631,95,536,42,3,39
S01006921,Whole house or bungalow: Semi-detached,143,127,39,88,16,10,6
S01006921,Whole house or bungalow: Terraced (including end-terrace),11,8,2,6,3,3,0
S01006921,Flat maisonette or apartment or mobile/temporary accommodation,2,0,0,0,2,0,2
S01006922,All people in households,506,417,208,209,89,6,83
S01006922,Whole house or bungalow: Total,478,391,185,206,87,6,81
S01006922,Whole house or bungalow: Detached,377,302,151,151,75,1,74
S01006922,Whole house or bungalow: Semi-detached,75,63,25,38,12,5,7
S01006922,Whole house or bungalow: Terraced (including end-terrace),26,26,9,17,0,0,0
S01006922,Flat maisonette or apartment or mobile/temporary accommodation,28,26,23,3,2,0,2
S01006923,All people in households,775,678,353,325,97,49,48
S01006923,Whole house or bungalow: Total,735,676,353,323,59,14,45
S01006923,Whole house or bungalow: Detached,528,495,267,228,33,0,33
S01006923,Whole house or bungalow: Semi-detached,133,118,50,68,15,5,10
S01006923,Whole house or bungalow: Terraced (including end-terrace),74,63,36,27,11,9,2
S01006923,Flat maisonette or apartment or mobile/temporary accommodation,40,2,0,2,38,35,3
S01006924,All people in households,556,475,211,264,81,2,79
S01006924,Whole house or bungalow: Total,548,470,210,260,78,2,76
S01006924,Whole house or bungalow: Detached,462,402,189,213,60,0,60
S01006924,Whole house or bungalow: Semi-detached,66,48,21,27,18,2,16
S01006924,Whole house or bungalow: Terraced (including end-terrace),20,20,0,20,0,0,0
S01006924,Flat maisonette or apartment or mobile/temporary accommodation,8,5,1,4,3,0,3
S01006925,All people in households,499,431,194,237,68,37,31
S01006925,Whole house or bungalow: Total,453,424,192,232,29,4,25
S01006925,Whole house or bungalow: Detached,260,256,150,106,4,0,4
S01006925,Whole house or bungalow: Semi-detached,187,164,42,122,23,4,19
S01006925,Whole house or bungalow: Terraced (including end-terrace),6,4,0,4,2,0,2
S01006925,Flat maisonette or apartment or mobile/temporary accommodation,46,7,2,5,39,33,6
S01006926,All people in households,737,654,152,502,83,30,53
S01006926,Whole house or bungalow: Total,730,652,150,502,78,30,48
S01006926,Whole house or bungalow: Detached,540,501,135,366,39,0,39
S01006926,Whole house or bungalow: Semi-detached,186,149,13,136,37,28,9
S01006926,Whole house or bungalow: Terraced (including end-terrace),4,2,2,0,2,2,0
S01006926,Flat maisonette or apartment or mobile/temporary accommodation,7,2,2,0,5,0,5
S01006927,All people in households,1002,831,62,769,171,61,110
S01006927,Whole house or bungalow: Total,952,809,61,748,143,42,101
S01006927,Whole house or bungalow: Detached,797,731,59,672,66,3,63
S01006927,Whole house or bungalow: Semi-detached,143,73,2,71,70,39,31
S01006927,Whole house or bungalow: Terraced (including end-terrace),12,5,0,5,7,0,7
S01006927,Flat maisonette or apartment or mobile/temporary accommodation,50,22,1,21,28,19,9
S01006928,All people in households,1033,794,276,518,239,63,176
S01006928,Whole house or bungalow: Total,981,777,273,504,204,61,143
S01006928,Whole house or bungalow: Detached,575,479,180,299,96,4,92
S01006928,Whole house or bungalow: Semi-detached,309,224,69,155,85,45,40
S01006928,Whole house or bungalow: Terraced (including end-terrace),97,74,24,50,23,12,11
S01006928,Flat maisonette or apartment or mobile/temporary accommodation,52,17,3,14,35,2,33
S01006929,All people in households,836,776,305,471,60,6,54
S01006929,Whole house or bungalow: Total,833,773,305,468,60,6,54
S01006929,Whole house or bungalow: Detached,783,744,298,446,39,0,39
S01006929,Whole house or bungalow: Semi-detached,47,27,5,22,20,6,14
S01006929,Whole house or bungalow: Terraced (including end-terrace),3,2,2,0,1,0,1
S01006929,Flat maisonette or apartment or mobile/temporary accommodation,3,3,0,3,0,0,0
S01006930,All people in households,889,861,372,489,28,4,24
S01006930,Whole house or bungalow: Total,869,843,362,481,26,3,23
S01006930,Whole house or bungalow: Detached,706,687,296,391,19,0,19
S01006930,Whole house or bungalow: Semi-detached,155,151,66,85,4,0,4
S01006930,Whole house or bungalow: Terraced (including end-terrace),8,5,0,5,3,3,0
S01006930,Flat maisonette or apartment or mobile/temporary accommodation,20,18,10,8,2,1,1
S01006931,All people in households,392,247,100,147,145,5,140
S01006931,Whole house or bungalow: Total,382,238,91,147,144,5,139
S01006931,Whole house or bungalow: Detached,299,184,78,106,115,1,114
S01006931,Whole house or bungalow: Semi-detached,57,46,11,35,11,4,7
S01006931,Whole house or bungalow: Terraced (including end-terrace),26,8,2,6,18,0,18
S01006931,Flat maisonette or apartment or mobile/temporary accommodation,10,9,9,0,1,0,1
S01006932,All people in households,614,494,78,416,120,104,16
S01006932,Whole house or bungalow: Total,612,492,78,414,120,104,16
S01006932,Whole house or bungalow: Detached,436,409,75,334,27,11,16
S01006932,Whole house or bungalow: Semi-detached,166,75,3,72,91,91,0
S01006932,Whole house or bungalow: Terraced (including end-terrace),10,8,0,8,2,2,0
S01006932,Flat maisonette or apartment or mobile/temporary accommodation,2,2,0,2,0,0,0
S01006933,All people in households,580,558,167,391,22,3,19
S01006933,Whole house or bungalow: Total,579,558,167,391,21,3,18
S01006933,Whole house or bungalow: Detached,195,187,54,133,8,0,8
S01006933,Whole house or bungalow: Semi-detached,384,371,113,258,13,3,10
S01006933,Whole house or bungalow: Terraced (including end-terrace),0,0,0,0,0,0,0
S01006933,Flat maisonette or apartment or mobile/temporary accommodation,1,0,0,0,1,0,1
S01006934,All people in households,558,401,189,212,157,43,114
S01006934,Whole house or bungalow: Total,554,398,187,211,156,42,114
S01006934,Whole house or bungalow: Detached,336,268,136,132,68,5,63
S01006934,Whole house or bungalow: Semi-detached,126,89,36,53,37,18,19
S01006934,Whole house or bungalow: Terraced (including end-terrace),92,41,15,26,51,19,32
S01006934,Flat maisonette or apartment or mobile/temporary accommodation,4,3,2,1,1,1,0
S01006935,All people in households,699,658,317,341,41,8,33
S01006935,Whole house or bungalow: Total,650,617,302,315,33,8,25
S01006935,Whole house or bungalow: Detached,228,224,107,117,4,0,4
S01006935,Whole house or bungalow: Semi-detached,395,380,188,192,15,3,12
S01006935,Whole house or bungalow: Terraced (including end-terrace),27,13,7,6,14,5,9
S01006935,Flat maisonette or apartment or mobile/temporary accommodation,49,41,15,26,8,0,8
S01006936,All people in households,643,562,233,329,81,46,35
S01006936,Whole house or bungalow: Total,573,531,226,305,42,15,27
S01006936,Whole house or bungalow: Detached,75,62,23,39,13,0,13
S01006936,Whole house or bungalow: Semi-detached,444,422,179,243,22,9,13
S01006936,Whole house or bungalow: Terraced (including end-terrace),54,47,24,23,7,6,1
S01006936,Flat maisonette or apartment or mobile/temporary accommodation,70,31,7,24,39,31,8
S01006937,All people in households,730,654,263,391,76,12,64
S01006937,Whole house or bungalow: Total,618,566,238,328,52,12,40
S01006937,Whole house or bungalow: Detached,296,283,156,127,13,3,10
S01006937,Whole house or bungalow: Semi-detached,188,165,50,115,23,9,14
S01006937,Whole house or bungalow: Terraced (including end-terrace),134,118,32,86,16,0,16
S01006937,Flat maisonette or apartment or mobile/temporary accommodation,112,88,25,63,24,0,24
S01006938,All people in households,537,429,155,274,108,61,47
S01006938,Whole house or bungalow: Total,425,368,145,223,57,24,33
S01006938,Whole house or bungalow: Detached,96,88,41,47,8,0,8
S01006938,Whole house or bungalow: Semi-detached,270,223,91,132,47,24,23
S01006938,Whole house or bungalow: Terraced (including end-terrace),59,57,13,44,2,0,2
S01006938,Flat maisonette or apartment or mobile/temporary accommodation,112,61,10,51,51,37,14
S01006939,All people in households,615,584,212,372,31,7,24
S01006939,Whole house or bungalow: Total,605,578,212,366,27,7,20
S01006939,Whole house or bungalow: Detached,342,328,152,176,14,5,9
S01006939,Whole house or bungalow: Semi-detached,256,245,60,185,11,0,11
S01006939,Whole house or bungalow: Terraced (including end-terrace),7,5,0,5,2,2,0
S01006939,Flat maisonette or apartment or mobile/temporary accommodation,10,6,0,6,4,0,4
S01006940,All people in households,939,840,290,550,99,16,83
S01006940,Whole house or bungalow: Total,848,788,288,500,60,16,44
S01006940,Whole house or bungalow: Detached,588,559,202,357,29,2,27
S01006940,Whole house or bungalow: Semi-detached,211,196,79,117,15,8,7
S01006940,Whole house or bungalow: Terraced (including end-terrace),49,33,7,26,16,6,10
S01006940,Flat maisonette or apartment or mobile/temporary accommodation,91,52,2,50,39,0,39
S01006941,All people in households,626,570,183,387,56,36,20
S01006941,Whole house or bungalow: Total,596,547,164,383,49,36,13
S01006941,Whole house or bungalow: Detached,158,153,62,91,5,3,2
S01006941,Whole house or bungalow: Semi-detached,140,128,63,65,12,7,5
S01006941,Whole house or bungalow: Terraced (including end-terrace),298,266,39,227,32,26,6
S01006941,Flat maisonette or apartment or mobile/temporary accommodation,30,23,19,4,7,0,7
S01006942,All people in households,1082,995,308,687,87,26,61
S01006942,Whole house or bungalow: Total,1047,979,303,676,68,25,43
S01006942,Whole house or bungalow: Detached,570,549,162,387,21,4,17
S01006942,Whole house or bungalow: Semi-detached,426,390,130,260,36,21,15
S01006942,Whole house or bungalow: Terraced (including end-terrace),51,40,11,29,11,0,11
S01006942,Flat maisonette or apartment or mobile/temporary accommodation,35,16,5,11,19,1,18
S01006943,All people in households,682,627,121,506,55,2,53
S01006943,Whole house or bungalow: Total,682,627,121,506,55,2,53
S01006943,Whole house or bungalow: Detached,642,593,119,474,49,0,49
S01006943,Whole house or bungalow: Semi-detached,38,34,2,32,4,0,4
S01006943,Whole house or bungalow: Terraced (including end-terrace),2,0,0,0,2,2,0
S01006943,Flat maisonette or apartment or mobile/temporary accommodation,0,0,0,0,0,0,0
S01006944,All people in households,874,684,79,605,190,115,75
S01006944,Whole house or bungalow: Total,702,549,74,475,153,103,50
S01006944,Whole house or bungalow: Detached,517,468,61,407,49,7,42
S01006944,Whole house or bungalow: Semi-detached,179,77,13,64,102,96,6
S01006944,Whole house or bungalow: Terraced (including end-terrace),6,4,0,4,2,0,2
S01006944,Flat maisonette or apartment or mobile/temporary accommodation,172,135,5,130,37,12,25
S01006945,All people in households,508,478,175,303,30,7,23
S01006945,Whole house or bungalow: Total,470,450,167,283,20,7,13
S01006945,Whole house or bungalow: Detached,303,296,128,168,7,0,7
S01006945,Whole house or bungalow: Semi-detached,151,138,37,101,13,7,6
S01006945,Whole house or bungalow: Terraced (including end-terrace),16,16,2,14,0,0,0
S01006945,Flat maisonette or apartment or mobile/temporary accommodation,38,28,8,20,10,0,10
S01006946,All people in households,800,721,253,468,79,15,64
S01006946,Whole house or bungalow: Total,707,652,233,419,55,14,41
S01006946,Whole house or bungalow: Detached,442,427,158,269,15,0,15
S01006946,Whole house or bungalow: Semi-detached,228,202,71,131,26,14,12
S01006946,Whole house or bungalow: Terraced (including end-terrace),37,23,4,19,14,0,14
S01006946,Flat maisonette or apartment or mobile/temporary accommodation,93,69,20,49,24,1,23
S01006947,All people in households,861,725,94,631,136,90,46
S01006947,Whole house or bungalow: Total,849,724,94,630,125,79,46
S01006947,Whole house or bungalow: Detached,477,448,69,379,29,0,29
S01006947,Whole house or bungalow: Semi-detached,365,271,24,247,94,78,16
S01006947,Whole house or bungalow: Terraced (including end-terrace),7,5,1,4,2,1,1
S01006947,Flat maisonette or apartment or mobile/temporary accommodation,12,1,0,1,11,11,0
S01006948,All people in households,871,722,324,398,149,80,69
S01006948,Whole house or bungalow: Total,835,711,318,393,124,56,68
S01006948,Whole house or bungalow: Detached,478,426,217,209,52,2,50
S01006948,Whole house or bungalow: Semi-detached,282,238,82,156,44,26,18
S01006948,Whole house or bungalow: Terraced (including end-terrace),75,47,19,28,28,28,0
S01006948,Flat maisonette or apartment or mobile/temporary accommodation,36,11,6,5,25,24,1
S01006949,All people in households,655,606,223,383,49,12,37
S01006949,Whole house or bungalow: Total,653,605,222,383,48,12,36
S01006949,Whole house or bungalow: Detached,523,496,197,299,27,0,27
S01006949,Whole house or bungalow: Semi-detached,97,80,19,61,17,8,9
S01006949,Whole house or bungalow: Terraced (including end-terrace),33,29,6,23,4,4,0
S01006949,Flat maisonette or apartment or mobile/temporary accommodation,2,1,1,0,1,0,1
S01006950,All people in households,548,409,20,389,139,109,30
S01006950,Whole house or bungalow: Total,507,373,19,354,134,106,28
S01006950,Whole house or bungalow: Detached,291,274,15,259,17,2,15
S01006950,Whole house or bungalow: Semi-detached,213,96,1,95,117,104,13
S01006950,Whole house or bungalow: Terraced (including end-terrace),3,3,3,0,0,0,0
S01006950,Flat maisonette or apartment or mobile/temporary accommodation,41,36,1,35,5,3,2
S01006951,All people in households,470,418,180,238,52,34,18
S01006951,Whole house or bungalow: Total,467,416,178,238,51,33,18
S01006951,Whole house or bungalow: Detached,190,181,76,105,9,0,9
S01006951,Whole house or bungalow: Semi-detached,271,229,98,131,42,33,9
S01006951,Whole house or bungalow: Terraced (including end-terrace),6,6,4,2,0,0,0
S01006951,Flat maisonette or apartment or mobile/temporary accommodation,3,2,2,0,1,1,0
S01006952,All people in households,827,684,349,335,143,51,92
S01006952,Whole house or bungalow: Total,795,677,344,333,118,49,69
S01006952,Whole house or bungalow: Detached,701,620,322,298,81,34,47
S01006952,Whole house or bungalow: Semi-detached,83,46,17,29,37,15,22
S01006952,Whole house or bungalow: Terraced (including end-terrace),11,11,5,6,0,0,0
S01006952,Flat maisonette or apartment or mobile/temporary accommodation,32,7,5,2,25,2,23
S01006953,All people in households,793,743,244,499,50,12,38
S01006953,Whole house or bungalow: Total,773,730,241,489,43,11,32
S01006953,Whole house or bungalow: Detached,646,617,218,399,29,6,23
S01006953,Whole house or bungalow: Semi-detached,40,32,6,26,8,1,7
S01006953,Whole house or bungalow: Terraced (including end-terrace),87,81,17,64,6,4,2
S01006953,Flat maisonette or apartment or mobile/temporary accommodation,20,13,3,10,7,1,6
S01006954,All people in households,829,773,336,437,56,14,42
S01006954,Whole house or bungalow: Total,813,763,332,431,50,10,40
S01006954,Whole house or bungalow: Detached,418,392,205,187,26,0,26
S01006954,Whole house or bungalow: Semi-detached,365,341,115,226,24,10,14
S01006954,Whole house or bungalow: Terraced (including end-terrace),30,30,12,18,0,0,0
S01006954,Flat maisonette or apartment or mobile/temporary accommodation,16,10,4,6,6,4,2
S01006955,All people in households,622,420,76,344,202,151,51
S01006955,Whole house or bungalow: Total,515,406,76,330,109,68,41
S01006955,Whole house or bungalow: Detached,38,29,18,11,9,1,8
S01006955,Whole house or bungalow: Semi-detached,374,312,50,262,62,43,19
S01006955,Whole house or bungalow: Terraced (including end-terrace),103,65,8,57,38,24,14
S01006955,Flat maisonette or apartment or mobile/temporary accommodation,107,14,0,14,93,83,10
S01006956,All people in households,1105,939,169,770,166,94,72
S01006956,Whole house or bungalow: Total,1099,939,169,770,160,92,68
S01006956,Whole house or bungalow: Detached,593,557,91,466,36,5,31
S01006956,Whole house or bungalow: Semi-detached,409,288,63,225,121,84,37
S01006956,Whole house or bungalow: Terraced (including end-terrace),97,94,15,79,3,3,0
S01006956,Flat maisonette or apartment or mobile/temporary accommodation,6,0,0,0,6,2,4
S01006957,All people in households,1053,916,288,628,137,22,115
S01006957,Whole house or bungalow: Total,1025,897,282,615,128,20,108
S01006957,Whole house or bungalow: Detached,780,683,240,443,97,0,97
S01006957,Whole house or bungalow: Semi-detached,203,179,29,150,24,16,8
S01006957,Whole house or bungalow: Terraced (including end-terrace),42,35,13,22,7,4,3
S01006957,Flat maisonette or apartment or mobile/temporary accommodation,28,19,6,13,9,2,7
S01006958,All people in households,876,796,413,383,80,12,68
S01006958,Whole house or bungalow: Total,848,779,407,372,69,10,59
S01006958,Whole house or bungalow: Detached,567,530,285,245,37,0,37
S01006958,Whole house or bungalow: Semi-detached,269,243,120,123,26,7,19
S01006958,Whole house or bungalow: Terraced (including end-terrace),12,6,2,4,6,3,3
S01006958,Flat maisonette or apartment or mobile/temporary accommodation,28,17,6,11,11,2,9
S01006959,All people in households,680,401,201,200,279,210,69
S01006959,Whole house or bungalow: Total,437,337,177,160,100,66,34
S01006959,Whole house or bungalow: Detached,171,153,70,83,18,3,15
S01006959,Whole house or bungalow: Semi-detached,237,172,100,72,65,55,10
S01006959,Whole house or bungalow: Terraced (including end-terrace),29,12,7,5,17,8,9
S01006959,Flat maisonette or apartment or mobile/temporary accommodation,243,64,24,40,179,144,35
S01006960,All people in households,976,874,135,739,102,66,36
S01006960,Whole house or bungalow: Total,964,874,135,739,90,54,36
S01006960,Whole house or bungalow: Detached,854,819,129,690,35,0,35
S01006960,Whole house or bungalow: Semi-detached,98,43,6,37,55,54,1
S01006960,Whole house or bungalow: Terraced (including end-terrace),12,12,0,12,0,0,0
S01006960,Flat maisonette or apartment or mobile/temporary accommodation,12,0,0,0,12,12,0
S01006961,All people in households,984,919,77,842,65,4,61
S01006961,Whole house or bungalow: Total,977,919,77,842,58,4,54
S01006961,Whole house or bungalow: Detached,847,799,68,731,48,0,48
S01006961,Whole house or bungalow: Semi-detached,95,85,6,79,10,4,6
S01006961,Whole house or bungalow: Terraced (including end-terrace),35,35,3,32,0,0,0
S01006961,Flat maisonette or apartment or mobile/temporary accommodation,7,0,0,0,7,0,7
S01006962,All people in households,871,793,384,409,78,5,73
S01006962,Whole house or bungalow: Total,776,713,379,334,63,4,59
S01006962,Whole house or bungalow: Detached,252,237,116,121,15,0,15
S01006962,Whole house or bungalow: Semi-detached,516,472,261,211,44,4,40
S01006962,Whole house or bungalow: Terraced (including end-terrace),8,4,2,2,4,0,4
S01006962,Flat maisonette or apartment or mobile/temporary accommodation,95,80,5,75,15,1,14
S01006963,All people in households,663,602,239,363,61,6,55
S01006963,Whole house or bungalow: Total,609,568,230,338,41,5,36
S01006963,Whole house or bungalow: Detached,382,367,161,206,15,0,15
S01006963,Whole house or bungalow: Semi-detached,214,189,68,121,25,5,20
S01006963,Whole house or bungalow: Terraced (including end-terrace),13,12,1,11,1,0,1
S01006963,Flat maisonette or apartment or mobile/temporary accommodation,54,34,9,25,20,1,19
S01006964,All people in households,741,614,231,383,127,6,121
S01006964,Whole house or bungalow: Total,432,405,176,229,27,6,21
S01006964,Whole house or bungalow: Detached,211,200,77,123,11,0,11
S01006964,Whole house or bungalow: Semi-detached,168,158,87,71,10,5,5
S01006964,Whole house or bungalow: Terraced (including end-terrace),53,47,12,35,6,1,5
S01006964,Flat maisonette or apartment or mobile/temporary accommodation,309,209,55,154,100,0,100
S01006965,All people in households,488,417,192,225,71,33,38
S01006965,Whole house or bungalow: Total,403,377,178,199,26,13,13
S01006965,Whole house or bungalow: Detached,256,251,118,133,5,0,5
S01006965,Whole house or bungalow: Semi-detached,127,108,57,51,19,13,6
S01006965,Whole house or bungalow: Terraced (including end-terrace),20,18,3,15,2,0,2
S01006965,Flat maisonette or apartment or mobile/temporary accommodation,85,40,14,26,45,20,25
S01006966,All people in households,602,402,97,305,200,160,40
S01006966,Whole house or bungalow: Total,591,400,97,303,191,154,37
S01006966,Whole house or bungalow: Detached,59,57,15,42,2,2,0
S01006966,Whole house or bungalow: Semi-detached,381,264,66,198,117,90,27
S01006966,Whole house or bungalow: Terraced (including end-terrace),151,79,16,63,72,62,10
S01006966,Flat maisonette or apartment or mobile/temporary accommodation,11,2,0,2,9,6,3
S01006967,All people in households,629,604,170,434,25,1,24
S01006967,Whole house or bungalow: Total,611,591,169,422,20,1,19
S01006967,Whole house or bungalow: Detached,169,164,35,129,5,0,5
S01006967,Whole house or bungalow: Semi-detached,435,420,134,286,15,1,14
S01006967,Whole house or bungalow: Terraced (including end-terrace),7,7,0,7,0,0,0
S01006967,Flat maisonette or apartment or mobile/temporary accommodation,18,13,1,12,5,0,5
S01006968,All people in households,514,393,147,246,121,76,45
S01006968,Whole house or bungalow: Total,491,387,147,240,104,76,28
S01006968,Whole house or bungalow: Detached,74,58,34,24,16,6,10
S01006968,Whole house or bungalow: Semi-detached,404,322,113,209,82,64,18
S01006968,Whole house or bungalow: Terraced (including end-terrace),13,7,0,7,6,6,0
S01006968,Flat maisonette or apartment or mobile/temporary accommodation,23,6,0,6,17,0,17
S01006969,All people in households,889,732,283,449,157,75,82
S01006969,Whole house or bungalow: Total,767,676,271,405,91,47,44
S01006969,Whole house or bungalow: Detached,169,152,69,83,17,2,15
S01006969,Whole house or bungalow: Semi-detached,584,517,200,317,67,41,26
S01006969,Whole house or bungalow: Terraced (including end-terrace),14,7,2,5,7,4,3
S01006969,Flat maisonette or apartment or mobile/temporary accommodation,122,56,12,44,66,28,38
S01006970,All people in households,712,630,247,383,82,24,58
S01006970,Whole house or bungalow: Total,663,611,245,366,52,0,52
S01006970,Whole house or bungalow: Detached,600,563,236,327,37,0,37
S01006970,Whole house or bungalow: Semi-detached,61,46,7,39,15,0,15
S01006970,Whole house or bungalow: Terraced (including end-terrace),2,2,2,0,0,0,0
S01006970,Flat maisonette or apartment or mobile/temporary accommodation,49,19,2,17,30,24,6
S01006971,All people in households,510,304,138,166,206,178,28
S01006971,Whole house or bungalow: Total,391,267,121,146,124,115,9
S01006971,Whole house or bungalow: Detached,111,98,54,44,13,13,0
S01006971,Whole house or bungalow: Semi-detached,209,131,53,78,78,69,9
S01006971,Whole house or bungalow: Terraced (including end-terrace),71,38,14,24,33,33,0
S01006971,Flat maisonette or apartment or mobile/temporary accommodation,119,37,17,20,82,63,19
S01006972,All people in households,522,449,223,226,73,12,61
S01006972,Whole house or bungalow: Total,521,448,222,226,73,12,61
S01006972,Whole house or bungalow: Detached,389,356,189,167,33,0,33
S01006972,Whole house or bungalow: Semi-detached,103,71,27,44,32,12,20
S01006972,Whole house or bungalow: Terraced (including end-terrace),29,21,6,15,8,0,8
S01006972,Flat maisonette or apartment or mobile/temporary accommodation,1,1,1,0,0,0,0
S01006973,All people in households,522,439,226,213,83,51,32
S01006973,Whole house or bungalow: Total,508,434,224,210,74,48,26
S01006973,Whole house or bungalow: Detached,329,307,158,149,22,8,14
S01006973,Whole house or bungalow: Semi-detached,154,113,61,52,41,31,10
S01006973,Whole house or bungalow: Terraced (including end-terrace),25,14,5,9,11,9,2
S01006973,Flat maisonette or apartment or mobile/temporary accommodation,14,5,2,3,9,3,6
S01006974,All people in households,1037,887,255,632,150,89,61
S01006974,Whole house or bungalow: Total,997,867,246,621,130,83,47
S01006974,Whole house or bungalow: Detached,692,657,211,446,35,0,35
S01006974,Whole house or bungalow: Semi-detached,207,141,25,116,66,55,11
S01006974,Whole house or bungalow: Terraced (including end-terrace),98,69,10,59,29,28,1
S01006974,Flat maisonette or apartment or mobile/temporary accommodation,40,20,9,11,20,6,14
S01006975,All people in households,951,804,300,504,147,24,123
S01006975,Whole house or bungalow: Total,936,790,293,497,146,24,122
S01006975,Whole house or bungalow: Detached,749,642,254,388,107,4,103
S01006975,Whole house or bungalow: Semi-detached,132,100,19,81,32,15,17
S01006975,Whole house or bungalow: Terraced (including end-terrace),55,48,20,28,7,5,2
S01006975,Flat maisonette or apartment or mobile/temporary accommodation,15,14,7,7,1,0,1
S01006976,All people in households,446,381,179,202,65,1,64
S01006976,Whole house or bungalow: Total,436,372,170,202,64,1,63
S01006976,Whole house or bungalow: Detached,352,317,156,161,35,1,34
S01006976,Whole house or bungalow: Semi-detached,69,45,11,34,24,0,24
S01006976,Whole house or bungalow: Terraced (including end-terrace),15,10,3,7,5,0,5
S01006976,Flat maisonette or apartment or mobile/temporary accommodation,10,9,9,0,1,0,1
S01006977,All people in households,823,534,176,358,289,24,265
S01006977,Whole house or bungalow: Total,816,530,176,354,286,23,263
S01006977,Whole house or bungalow: Detached,647,434,150,284,213,0,213
S01006977,Whole house or bungalow: Semi-detached,144,76,21,55,68,21,47
S01006977,Whole house or bungalow: Terraced (including end-terrace),25,20,5,15,5,2,3
S01006977,Flat maisonette or apartment or mobile/temporary accommodation,7,4,0,4,3,1,2
S01006978,All people in households,855,630,261,369,225,105,120
S01006978,Whole house or bungalow: Total,846,630,261,369,216,104,112
S01006978,Whole house or bungalow: Detached,627,546,217,329,81,7,74
S01006978,Whole house or bungalow: Semi-detached,177,78,42,36,99,61,38
S01006978,Whole house or bungalow: Terraced (including end-terrace),42,6,2,4,36,36,0
S01006978,Flat maisonette or apartment or mobile/temporary accommodation,9,0,0,0,9,1,8
S01006979,All people in households,842,631,280,351,211,112,99
S01006979,Whole house or bungalow: Total,824,627,279,348,197,104,93
S01006979,Whole house or bungalow: Detached,429,382,185,197,47,0,47
S01006979,Whole house or bungalow: Semi-detached,265,185,77,108,80,42,38
S01006979,Whole house or bungalow: Terraced (including end-terrace),130,60,17,43,70,62,8
S01006979,Flat maisonette or apartment or mobile/temporary accommodation,18,4,1,3,14,8,6
S01006980,All people in households,843,676,285,391,167,15,152
S01006980,Whole house or bungalow: Total,834,673,282,391,161,13,148
S01006980,Whole house or bungalow: Detached,659,559,245,314,100,0,100
S01006980,Whole house or bungalow: Semi-detached,173,112,37,75,61,13,48
S01006980,Whole house or bungalow: Terraced (including end-terrace),2,2,0,2,0,0,0
S01006980,Flat maisonette or apartment or mobile/temporary accommodation,9,3,3,0,6,2,4
S01006981,All people in households,798,608,260,348,190,80,110
S01006981,Whole house or bungalow: Total,770,597,252,345,173,75,98
S01006981,Whole house or bungalow: Detached,480,417,193,224,63,3,60
S01006981,Whole house or bungalow: Semi-detached,177,127,38,89,50,22,28
S01006981,Whole house or bungalow: Terraced (including end-terrace),113,53,21,32,60,50,10
S01006981,Flat maisonette or apartment or mobile/temporary accommodation,28,11,8,3,17,5,12
S01006982,All people in households,910,746,161,585,164,120,44
S01006982,Whole house or bungalow: Total,875,729,158,571,146,104,42
S01006982,Whole house or bungalow: Detached,436,415,101,314,21,2,19
S01006982,Whole house or bungalow: Semi-detached,379,298,53,245,81,60,21
S01006982,Whole house or bungalow: Terraced (including end-terrace),60,16,4,12,44,42,2
S01006982,Flat maisonette or apartment or mobile/temporary accommodation,35,17,3,14,18,16,2
S01006983,All people in households,743,618,188,430,125,37,88
S01006983,Whole house or bungalow: Total,737,614,184,430,123,35,88
S01006983,Whole house or bungalow: Detached,400,340,107,233,60,7,53
S01006983,Whole house or bungalow: Semi-detached,333,270,77,193,63,28,35
S01006983,Whole house or bungalow: Terraced (including end-terrace),4,4,0,4,0,0,0
S01006983,Flat maisonette or apartment or mobile/temporary accommodation,6,4,4,0,2,2,0
S01006984,All people in households,702,566,202,364,136,24,112
S01006984,Whole house or bungalow: Total,696,561,197,364,135,24,111
S01006984,Whole house or bungalow: Detached,496,412,150,262,84,0,84
S01006984,Whole house or bungalow: Semi-detached,163,123,40,83,40,16,24
S01006984,Whole house or bungalow: Terraced (including end-terrace),37,26,7,19,11,8,3
S01006984,Flat maisonette or apartment or mobile/temporary accommodation,6,5,5,0,1,0,1
S01006985,All people in households,1006,776,333,443,230,175,55
S01006985,Whole house or bungalow: Total,943,731,313,418,212,168,44
S01006985,Whole house or bungalow: Detached,488,462,204,258,26,4,22
S01006985,Whole house or bungalow: Semi-detached,383,220,91,129,163,147,16
S01006985,Whole house or bungalow: Terraced (including end-terrace),72,49,18,31,23,17,6
S01006985,Flat maisonette or apartment or mobile/temporary accommodation,63,45,20,25,18,7,11
S01006986,All people in households,646,523,121,402,123,70,53
S01006986,Whole house or bungalow: Total,615,503,119,384,112,59,53
S01006986,Whole house or bungalow: Detached,451,397,93,304,54,4,50
S01006986,Whole house or bungalow: Semi-detached,132,81,20,61,51,51,0
S01006986,Whole house or bungalow: Terraced (including end-terrace),32,25,6,19,7,4,3
S01006986,Flat maisonette or apartment or mobile/temporary accommodation,31,20,2,18,11,11,0
S01006987,All people in households,665,479,209,270,186,122,64
S01006987,Whole house or bungalow: Total,598,455,202,253,143,94,49
S01006987,Whole house or bungalow: Detached,339,301,149,152,38,4,34
S01006987,Whole house or bungalow: Semi-detached,189,112,38,74,77,65,12
S01006987,Whole house or bungalow: Terraced (including end-terrace),70,42,15,27,28,25,3
S01006987,Flat maisonette or apartment or mobile/temporary accommodation,67,24,7,17,43,28,15
S01006988,All people in households,612,447,103,344,165,104,61
S01006988,Whole house or bungalow: Total,606,445,101,344,161,102,59
S01006988,Whole house or bungalow: Detached,413,365,89,276,48,12,36
S01006988,Whole house or bungalow: Semi-detached,176,67,12,55,109,90,19
S01006988,Whole house or bungalow: Terraced (including end-terrace),17,13,0,13,4,0,4
S01006988,Flat maisonette or apartment or mobile/temporary accommodation,6,2,2,0,4,2,2
S01006989,All people in households,1026,923,396,527,103,26,77
S01006989,Whole house or bungalow: Total,1018,917,393,524,101,26,75
S01006989,Whole house or bungalow: Detached,794,738,339,399,56,0,56
S01006989,Whole house or bungalow: Semi-detached,186,147,50,97,39,23,16
S01006989,Whole house or bungalow: Terraced (including end-terrace),38,32,4,28,6,3,3
S01006989,Flat maisonette or apartment or mobile/temporary accommodation,8,6,3,3,2,0,2
S01006990,All people in households,905,741,148,593,164,43,121
S01006990,Whole house or bungalow: Total,898,741,148,593,157,43,114
S01006990,Whole house or bungalow: Detached,766,663,141,522,103,0,103
S01006990,Whole house or bungalow: Semi-detached,118,71,7,64,47,39,8
S01006990,Whole house or bungalow: Terraced (including end-terrace),14,7,0,7,7,4,3
S01006990,Flat maisonette or apartment or mobile/temporary accommodation,7,0,0,0,7,0,7
S01006991,All people in households,443,287,160,127,156,115,41
S01006991,Whole house or bungalow: Total,406,282,159,123,124,88,36
S01006991,Whole house or bungalow: Detached,176,157,93,64,19,1,18
S01006991,Whole house or bungalow: Semi-detached,132,83,43,40,49,43,6
S01006991,Whole house or bungalow: Terraced (including end-terrace),98,42,23,19,56,44,12
S01006991,Flat maisonette or apartment or mobile/temporary accommodation,37,5,1,4,32,27,5
S01006992,All people in households,608,530,224,306,78,4,74
S01006992,Whole house or bungalow: Total,607,529,223,306,78,4,74
S01006992,Whole house or bungalow: Detached,495,437,190,247,58,0,58
S01006992,Whole house or bungalow: Semi-detached,108,89,33,56,19,3,16
S01006992,Whole house or bungalow: Terraced (including end-terrace),4,3,0,3,1,1,0
S01006992,Flat maisonette or apartment or mobile/temporary accommodation,1,1,1,0,0,0,0
S01006993,All people in households,535,440,195,245,95,12,83
S01006993,Whole house or bungalow: Total,525,430,189,241,95,12,83
S01006993,Whole house or bungalow: Detached,482,410,181,229,72,0,72
S01006993,Whole house or bungalow: Semi-detached,36,20,8,12,16,5,11
S01006993,Whole house or bungalow: Terraced (including end-terrace),7,0,0,0,7,7,0
S01006993,Flat maisonette or apartment or mobile/temporary accommodation,10,10,6,4,0,0,0
S01006994,All people in households,559,436,196,240,123,21,102
S01006994,Whole house or bungalow: Total,559,436,196,240,123,21,102
S01006994,Whole house or bungalow: Detached,506,409,177,232,97,6,91
S01006994,Whole house or bungalow: Semi-detached,50,27,19,8,23,14,9
S01006994,Whole house or bungalow: Terraced (including end-terrace),3,0,0,0,3,1,2
S01006994,Flat maisonette or apartment or mobile/temporary accommodation,0,0,0,0,0,0,0
S01006995,All people in households,859,657,257,400,202,39,163
S01006995,Whole house or bungalow: Total,850,651,257,394,199,39,160
S01006995,Whole house or bungalow: Detached,672,561,237,324,111,4,107
S01006995,Whole house or bungalow: Semi-detached,119,51,14,37,68,27,41
S01006995,Whole house or bungalow: Terraced (including end-terrace),59,39,6,33,20,8,12
S01006995,Flat maisonette or apartment or mobile/temporary accommodation,9,6,0,6,3,0,3
S01006996,All people in households,782,618,168,450,164,141,23
S01006996,Whole house or bungalow: Total,759,613,166,447,146,125,21
S01006996,Whole house or bungalow: Detached,443,428,109,319,15,4,11
S01006996,Whole house or bungalow: Semi-detached,284,176,55,121,108,100,8
S01006996,Whole house or bungalow: Terraced (including end-terrace),32,9,2,7,23,21,2
S01006996,Flat maisonette or apartment or mobile/temporary accommodation,23,5,2,3,18,16,2
S01006997,All people in households,786,697,191,506,89,35,54
S01006997,Whole house or bungalow: Total,775,695,191,504,80,32,48
S01006997,Whole house or bungalow: Detached,675,627,170,457,48,5,43
S01006997,Whole house or bungalow: Semi-detached,73,54,15,39,19,15,4
S01006997,Whole house or bungalow: Terraced (including end-terrace),27,14,6,8,13,12,1
S01006997,Flat maisonette or apartment or mobile/temporary accommodation,11,2,0,2,9,3,6
S01006998,All people in households,1091,902,361,541,189,60,129
S01006998,Whole house or bungalow: Total,1075,901,360,541,174,53,121
S01006998,Whole house or bungalow: Detached,840,738,298,440,102,0,102
S01006998,Whole house or bungalow: Semi-detached,150,113,41,72,37,20,17
S01006998,Whole house or bungalow: Terraced (including end-terrace),85,50,21,29,35,33,2
S01006998,Flat maisonette or apartment or mobile/temporary accommodation,16,1,1,0,15,7,8
S01006999,All people in households,848,656,291,365,192,16,176
S01006999,Whole house or bungalow: Total,829,637,279,358,192,16,176
S01006999,Whole house or bungalow: Detached,674,545,241,304,129,0,129
S01006999,Whole house or bungalow: Semi-detached,145,87,33,54,58,11,47
S01006999,Whole house or bungalow: Terraced (including end-terrace),10,5,5,0,5,5,0
S01006999,Flat maisonette or apartment or mobile/temporary accommodation,19,19,12,7,0,0,0
S01007000,All people in households,927,707,217,490,220,180,40
S01007000,Whole house or bungalow: Total,878,700,214,486,178,146,32
S01007000,Whole house or bungalow: Detached,545,512,170,342,33,9,24
S01007000,Whole house or bungalow: Semi-detached,285,175,43,132,110,102,8
S01007000,Whole house or bungalow: Terraced (including end-terrace),48,13,1,12,35,35,0
S01007000,Flat maisonette or apartment or mobile/temporary accommodation,49,7,3,4,42,34,8
S01007001,All people in households,906,711,282,429,195,112,83
S01007001,Whole house or bungalow: Total,869,686,270,416,183,112,71
S01007001,Whole house or bungalow: Detached,539,491,192,299,48,0,48
S01007001,Whole house or bungalow: Semi-detached,212,134,65,69,78,60,18
S01007001,Whole house or bungalow: Terraced (including end-terrace),118,61,13,48,57,52,5
S01007001,Flat maisonette or apartment or mobile/temporary accommodation,37,25,12,13,12,0,12
S01007002,All people in households,605,397,151,246,208,113,95
S01007002,Whole house or bungalow: Total,569,393,149,244,176,82,94
S01007002,Whole house or bungalow: Detached,411,322,127,195,89,6,83
S01007002,Whole house or bungalow: Semi-detached,135,59,10,49,76,65,11
S01007002,Whole house or bungalow: Terraced (including end-terrace),23,12,12,0,11,11,0
S01007002,Flat maisonette or apartment or mobile/temporary accommodation,36,4,2,2,32,31,1
S01007003,All people in households,524,396,219,177,128,25,103
S01007003,Whole house or bungalow: Total,512,387,215,172,125,24,101
S01007003,Whole house or bungalow: Detached,423,355,197,158,68,0,68
S01007003,Whole house or bungalow: Semi-detached,77,32,18,14,45,12,33
S01007003,Whole house or bungalow: Terraced (including end-terrace),12,0,0,0,12,12,0
S01007003,Flat maisonette or apartment or mobile/temporary accommodation,12,9,4,5,3,1,2
S01007004,All people in households,718,573,303,270,145,26,119
S01007004,Whole house or bungalow: Total,704,570,300,270,134,26,108
S01007004,Whole house or bungalow: Detached,578,480,268,212,98,6,92
S01007004,Whole house or bungalow: Semi-detached,106,81,32,49,25,12,13
S01007004,Whole house or bungalow: Terraced (including end-terrace),20,9,0,9,11,8,3
S01007004,Flat maisonette or apartment or mobile/temporary accommodation,14,3,3,0,11,0,11
S01007005,All people in households,904,735,332,403,169,32,137
S01007005,Whole house or bungalow: Total,895,730,332,398,165,29,136
S01007005,Whole house or bungalow: Detached,765,648,295,353,117,3,114
S01007005,Whole house or bungalow: Semi-detached,106,72,35,37,34,21,13
S01007005,Whole house or bungalow: Terraced (including end-terrace),24,10,2,8,14,5,9
S01007005,Flat maisonette or apartment or mobile/temporary accommodation,9,5,0,5,4,3,1
S01007006,All people in households,898,606,266,340,292,135,157
S01007006,Whole house or bungalow: Total,853,597,261,336,256,123,133
S01007006,Whole house or bungalow: Detached,505,430,205,225,75,9,66
S01007006,Whole house or bungalow: Semi-detached,248,132,46,86,116,62,54
S01007006,Whole house or bungalow: Terraced (including end-terrace),100,35,10,25,65,52,13
S01007006,Flat maisonette or apartment or mobile/temporary accommodation,45,9,5,4,36,12,24
S01007007,All people in households,848,623,314,309,225,67,158
S01007007,Whole house or bungalow: Total,843,621,312,309,222,64,158
S01007007,Whole house or bungalow: Detached,617,493,262,231,124,2,122
S01007007,Whole house or bungalow: Semi-detached,193,112,42,70,81,45,36
S01007007,Whole house or bungalow: Terraced (including end-terrace),33,16,8,8,17,17,0
S01007007,Flat maisonette or apartment or mobile/temporary accommodation,5,2,2,0,3,3,0
S01007008,All people in households,991,595,236,359,396,321,75
S01007008,Whole house or bungalow: Total,885,559,229,330,326,277,49
S01007008,Whole house or bungalow: Detached,266,236,98,138,30,13,17
S01007008,Whole house or bungalow: Semi-detached,436,225,93,132,211,191,20
S01007008,Whole house or bungalow: Terraced (including end-terrace),183,98,38,60,85,73,12
S01007008,Flat maisonette or apartment or mobile/temporary accommodation,106,36,7,29,70,44,26
S01007009,All people in households,1011,716,362,354,295,185,110
S01007009,Whole house or bungalow: Total,787,635,322,313,152,81,71
S01007009,Whole house or bungalow: Detached,349,303,184,119,46,7,39
S01007009,Whole house or bungalow: Semi-detached,286,243,115,128,43,37,6
S01007009,Whole house or bungalow: Terraced (including end-terrace),152,89,23,66,63,37,26
S01007009,Flat maisonette or apartment or mobile/temporary accommodation,224,81,40,41,143,104,39
S01007010,All people in households,781,584,331,253,197,103,94
S01007010,Whole house or bungalow: Total,629,538,312,226,91,43,48
S01007010,Whole house or bungalow: Detached,400,374,233,141,26,4,22
S01007010,Whole house or bungalow: Semi-detached,138,98,61,37,40,26,14
S01007010,Whole house or bungalow: Terraced (including end-terrace),91,66,18,48,25,13,12
S01007010,Flat maisonette or apartment or mobile/temporary accommodation,152,46,19,27,106,60,46
S01007011,All people in households,857,442,217,225,415,300,115
S01007011,Whole house or bungalow: Total,588,359,185,174,229,175,54
S01007011,Whole house or bungalow: Detached,136,120,64,56,16,6,10
S01007011,Whole house or bungalow: Semi-detached,241,146,73,73,95,71,24
S01007011,Whole house or bungalow: Terraced (including end-terrace),211,93,48,45,118,98,20
S01007011,Flat maisonette or apartment or mobile/temporary accommodation,269,83,32,51,186,125,61
S01007012,All people in households,707,323,169,154,384,336,48
S01007012,Whole house or bungalow: Total,699,322,169,153,377,329,48
S01007012,Whole house or bungalow: Detached,42,19,7,12,23,20,3
S01007012,Whole house or bungalow: Semi-detached,234,90,49,41,144,121,23
S01007012,Whole house or bungalow: Terraced (including end-terrace),423,213,113,100,210,188,22
S01007012,Flat maisonette or apartment or mobile/temporary accommodation,8,1,0,1,7,7,0
S01007013,All people in households,565,492,278,214,73,9,64
S01007013,Whole house or bungalow: Total,561,488,275,213,73,9,64
S01007013,Whole house or bungalow: Detached,484,430,256,174,54,1,53
S01007013,Whole house or bungalow: Semi-detached,65,51,19,32,14,3,11
S01007013,Whole house or bungalow: Terraced (including end-terrace),12,7,0,7,5,5,0
S01007013,Flat maisonette or apartment or mobile/temporary accommodation,4,4,3,1,0,0,0
S01007014,All people in households,996,825,281,544,171,21,150
S01007014,Whole house or bungalow: Total,987,823,279,544,164,17,147
S01007014,Whole house or bungalow: Detached,761,645,231,414,116,0,116
S01007014,Whole house or bungalow: Semi-detached,211,166,47,119,45,17,28
S01007014,Whole house or bungalow: Terraced (including end-terrace),15,12,1,11,3,0,3
S01007014,Flat maisonette or apartment or mobile/temporary accommodation,9,2,2,0,7,4,3
S01007015,All people in households,625,409,166,243,216,44,172
S01007015,Whole house or bungalow: Total,615,402,164,238,213,41,172
S01007015,Whole house or bungalow: Detached,506,354,150,204,152,2,150
S01007015,Whole house or bungalow: Semi-detached,98,44,14,30,54,32,22
S01007015,Whole house or bungalow: Terraced (including end-terrace),11,4,0,4,7,7,0
S01007015,Flat maisonette or apartment or mobile/temporary accommodation,10,7,2,5,3,3,0
S01007016,All people in households,592,460,172,288,132,25,107
S01007016,Whole house or bungalow: Total,592,460,172,288,132,25,107
S01007016,Whole house or bungalow: Detached,507,404,161,243,103,0,103
S01007016,Whole house or bungalow: Semi-detached,73,46,11,35,27,23,4
S01007016,Whole house or bungalow: Terraced (including end-terrace),12,10,0,10,2,2,0
S01007016,Flat maisonette or apartment or mobile/temporary accommodation,0,0,0,0,0,0,0
S01007017,All people in households,986,628,224,404,358,283,75
S01007017,Whole house or bungalow: Total,812,569,207,362,243,182,61
S01007017,Whole house or bungalow: Detached,143,120,35,85,23,8,15
S01007017,Whole house or bungalow: Semi-detached,356,252,107,145,104,80,24
S01007017,Whole house or bungalow: Terraced (including end-terrace),313,197,65,132,116,94,22
S01007017,Flat maisonette or apartment or mobile/temporary accommodation,174,59,17,42,115,101,14
S01007018,All people in households,990,815,323,492,175,115,60
S01007018,Whole house or bungalow: Total,928,789,317,472,139,97,42
S01007018,Whole house or bungalow: Detached,526,496,231,265,30,14,16
S01007018,Whole house or bungalow: Semi-detached,259,212,63,149,47,33,14
S01007018,Whole house or bungalow: Terraced (including end-terrace),143,81,23,58,62,50,12
S01007018,Flat maisonette or apartment or mobile/temporary accommodation,62,26,6,20,36,18,18
S01007019,All people in households,665,449,221,228,216,117,99
S01007019,Whole house or bungalow: Total,621,446,218,228,175,95,80
S01007019,Whole house or bungalow: Detached,219,203,135,68,16,1,15
S01007019,Whole house or bungalow: Semi-detached,171,90,37,53,81,59,22
S01007019,Whole house or bungalow: Terraced (including end-terrace),231,153,46,107,78,35,43
S01007019,Flat maisonette or apartment or mobile/temporary accommodation,44,3,3,0,41,22,19
S01007020,All people in households,768,513,223,290,255,126,129
S01007020,Whole house or bungalow: Total,535,425,187,238,110,45,65
S01007020,Whole house or bungalow: Detached,272,253,128,125,19,0,19
S01007020,Whole house or bungalow: Semi-detached,156,117,38,79,39,21,18
S01007020,Whole house or bungalow: Terraced (including end-terrace),107,55,21,34,52,24,28
S01007020,Flat maisonette or apartment or mobile/temporary accommodation,233,88,36,52,145,81,64
S01007021,All people in households,879,661,289,372,218,144,74
S01007021,Whole house or bungalow: Total,824,642,282,360,182,118,64
S01007021,Whole house or bungalow: Detached,214,188,98,90,26,8,18
S01007021,Whole house or bungalow: Semi-detached,457,347,140,207,110,81,29
S01007021,Whole house or bungalow: Terraced (including end-terrace),153,107,44,63,46,29,17
S01007021,Flat maisonette or apartment or mobile/temporary accommodation,55,19,7,12,36,26,10
S01007022,All people in households,498,328,160,168,170,143,27
S01007022,Whole house or bungalow: Total,492,328,160,168,164,137,27
S01007022,Whole house or bungalow: Detached,248,228,121,107,20,8,12
S01007022,Whole house or bungalow: Semi-detached,227,89,34,55,138,123,15
S01007022,Whole house or bungalow: Terraced (including end-terrace),17,11,5,6,6,6,0
S01007022,Flat maisonette or apartment or mobile/temporary accommodation,6,0,0,0,6,6,0
S01007023,All people in households,494,301,146,155,193,65,128
S01007023,Whole house or bungalow: Total,486,298,143,155,188,63,125
S01007023,Whole house or bungalow: Detached,279,182,90,92,97,1,96
S01007023,Whole house or bungalow: Semi-detached,169,86,46,40,83,54,29
S01007023,Whole house or bungalow: Terraced (including end-terrace),38,30,7,23,8,8,0
S01007023,Flat maisonette or apartment or mobile/temporary accommodation,8,3,3,0,5,2,3
S01007024,All people in households,1014,769,435,334,245,91,154
S01007024,Whole house or bungalow: Total,983,749,415,334,234,82,152
S01007024,Whole house or bungalow: Detached,735,612,350,262,123,0,123
S01007024,Whole house or bungalow: Semi-detached,208,117,55,62,91,65,26
S01007024,Whole house or bungalow: Terraced (including end-terrace),40,20,10,10,20,17,3
S01007024,Flat maisonette or apartment or mobile/temporary accommodation,31,20,20,0,11,9,2
S01007025,All people in households,854,469,236,233,385,323,62
S01007025,Whole house or bungalow: Total,800,457,231,226,343,284,59
S01007025,Whole house or bungalow: Detached,182,135,57,78,47,16,31
S01007025,Whole house or bungalow: Semi-detached,537,285,157,128,252,237,15
S01007025,Whole house or bungalow: Terraced (including end-terrace),81,37,17,20,44,31,13
S01007025,Flat maisonette or apartment or mobile/temporary accommodation,54,12,5,7,42,39,3
S01007026,All people in households,860,701,394,307,159,111,48
S01007026,Whole house or bungalow: Total,798,688,388,300,110,70,40
S01007026,Whole house or bungalow: Detached,529,498,283,215,31,13,18
S01007026,Whole house or bungalow: Semi-detached,223,147,77,70,76,54,22
S01007026,Whole house or bungalow: Terraced (including end-terrace),46,43,28,15,3,3,0
S01007026,Flat maisonette or apartment or mobile/temporary accommodation,62,13,6,7,49,41,8
S01007027,All people in households,1085,796,389,407,289,186,103
S01007027,Whole house or bungalow: Total,1034,785,383,402,249,153,96
S01007027,Whole house or bungalow: Detached,544,486,245,241,58,6,52
S01007027,Whole house or bungalow: Semi-detached,388,244,104,140,144,111,33
S01007027,Whole house or bungalow: Terraced (including end-terrace),102,55,34,21,47,36,11
S01007027,Flat maisonette or apartment or mobile/temporary accommodation,51,11,6,5,40,33,7
S01007028,All people in households,734,539,294,245,195,57,138
S01007028,Whole house or bungalow: Total,717,527,287,240,190,57,133
S01007028,Whole house or bungalow: Detached,523,414,233,181,109,0,109
S01007028,Whole house or bungalow: Semi-detached,175,100,49,51,75,51,24
S01007028,Whole house or bungalow: Terraced (including end-terrace),19,13,5,8,6,6,0
S01007028,Flat maisonette or apartment or mobile/temporary accommodation,17,12,7,5,5,0,5
S01007029,All people in households,560,511,276,235,49,16,33
S01007029,Whole house or bungalow: Total,550,507,272,235,43,10,33
S01007029,Whole house or bungalow: Detached,516,483,257,226,33,0,33
S01007029,Whole house or bungalow: Semi-detached,29,19,15,4,10,10,0
S01007029,Whole house or bungalow: Terraced (including end-terrace),5,5,0,5,0,0,0
S01007029,Flat maisonette or apartment or mobile/temporary accommodation,10,4,4,0,6,6,0
S01007030,All people in households,820,541,292,249,279,220,59
S01007030,Whole house or bungalow: Total,799,539,290,249,260,205,55
S01007030,Whole house or bungalow: Detached,370,332,191,141,38,10,28
S01007030,Whole house or bungalow: Semi-detached,166,91,50,41,75,51,24
S01007030,Whole house or bungalow: Terraced (including end-terrace),263,116,49,67,147,144,3
S01007030,Flat maisonette or apartment or mobile/temporary accommodation,21,2,2,0,19,15,4
S01007031,All people in households,630,385,177,208,245,161,84
S01007031,Whole house or bungalow: Total,594,382,175,207,212,135,77
S01007031,Whole house or bungalow: Detached,359,288,144,144,71,7,64
S01007031,Whole house or bungalow: Semi-detached,161,59,17,42,102,92,10
S01007031,Whole house or bungalow: Terraced (including end-terrace),74,35,14,21,39,36,3
S01007031,Flat maisonette or apartment or mobile/temporary accommodation,36,3,2,1,33,26,7
S01007032,All people in households,966,559,259,300,407,229,178
S01007032,Whole house or bungalow: Total,707,499,235,264,208,118,90
S01007032,Whole house or bungalow: Detached,201,153,85,68,48,11,37
S01007032,Whole house or bungalow: Semi-detached,316,229,94,135,87,59,28
S01007032,Whole house or bungalow: Terraced (including end-terrace),190,117,56,61,73,48,25
S01007032,Flat maisonette or apartment or mobile/temporary accommodation,259,60,24,36,199,111,88
S01007033,All people in households,740,471,204,267,269,231,38
S01007033,Whole house or bungalow: Total,659,463,204,259,196,167,29
S01007033,Whole house or bungalow: Detached,167,154,86,68,13,4,9
S01007033,Whole house or bungalow: Semi-detached,243,159,69,90,84,71,13
S01007033,Whole house or bungalow: Terraced (including end-terrace),249,150,49,101,99,92,7
S01007033,Flat maisonette or apartment or mobile/temporary accommodation,81,8,0,8,73,64,9
S01007034,All people in households,592,386,159,227,206,156,50
S01007034,Whole house or bungalow: Total,468,358,153,205,110,78,32
S01007034,Whole house or bungalow: Detached,183,165,79,86,18,0,18
S01007034,Whole house or bungalow: Semi-detached,194,129,43,86,65,64,1
S01007034,Whole house or bungalow: Terraced (including end-terrace),91,64,31,33,27,14,13
S01007034,Flat maisonette or apartment or mobile/temporary accommodation,124,28,6,22,96,78,18
S01007035,All people in households,786,392,196,196,394,348,46
S01007035,Whole house or bungalow: Total,701,379,183,196,322,277,45
S01007035,Whole house or bungalow: Detached,83,71,39,32,12,7,5
S01007035,Whole house or bungalow: Semi-detached,419,219,101,118,200,175,25
S01007035,Whole house or bungalow: Terraced (including end-terrace),199,89,43,46,110,95,15
S01007035,Flat maisonette or apartment or mobile/temporary accommodation,85,13,13,0,72,71,1
S01007036,All people in households,919,699,356,343,220,154,66
S01007036,Whole house or bungalow: Total,808,668,343,325,140,87,53
S01007036,Whole house or bungalow: Detached,516,487,263,224,29,3,26
S01007036,Whole house or bungalow: Semi-detached,163,104,49,55,59,39,20
S01007036,Whole house or bungalow: Terraced (including end-terrace),129,77,31,46,52,45,7
S01007036,Flat maisonette or apartment or mobile/temporary accommodation,111,31,13,18,80,67,13
S01007037,All people in households,1020,668,262,406,352,305,47
S01007037,Whole house or bungalow: Total,958,660,254,406,298,253,45
S01007037,Whole house or bungalow: Detached,242,215,93,122,27,9,18
S01007037,Whole house or bungalow: Semi-detached,467,291,91,200,176,157,19
S01007037,Whole house or bungalow: Terraced (including end-terrace),249,154,70,84,95,87,8
S01007037,Flat maisonette or apartment or mobile/temporary accommodation,62,8,8,0,54,52,2
S01007038,All people in households,755,518,213,305,237,155,82
S01007038,Whole house or bungalow: Total,614,482,202,280,132,67,65
S01007038,Whole house or bungalow: Detached,241,207,105,102,34,9,25
S01007038,Whole house or bungalow: Semi-detached,250,184,61,123,66,32,34
S01007038,Whole house or bungalow: Terraced (including end-terrace),123,91,36,55,32,26,6
S01007038,Flat maisonette or apartment or mobile/temporary accommodation,141,36,11,25,105,88,17
S01007039,All people in households,860,589,231,358,271,243,28
S01007039,Whole house or bungalow: Total,811,586,231,355,225,197,28
S01007039,Whole house or bungalow: Detached,327,308,129,179,19,9,10
S01007039,Whole house or bungalow: Semi-detached,300,192,58,134,108,95,13
S01007039,Whole house or bungalow: Terraced (including end-terrace),184,86,44,42,98,93,5
S01007039,Flat maisonette or apartment or mobile/temporary accommodation,49,3,0,3,46,46,0
S01007040,All people in households,647,402,214,188,245,207,38
S01007040,Whole house or bungalow: Total,589,399,212,187,190,158,32
S01007040,Whole house or bungalow: Detached,190,172,98,74,18,10,8
S01007040,Whole house or bungalow: Semi-detached,252,158,78,80,94,86,8
S01007040,Whole house or bungalow: Terraced (including end-terrace),147,69,36,33,78,62,16
S01007040,Flat maisonette or apartment or mobile/temporary accommodation,58,3,2,1,55,49,6
S01007041,All people in households,713,518,237,281,195,162,33
S01007041,Whole house or bungalow: Total,629,486,222,264,143,116,27
S01007041,Whole house or bungalow: Detached,245,231,118,113,14,1,13
S01007041,Whole house or bungalow: Semi-detached,220,143,58,85,77,71,6
S01007041,Whole house or bungalow: Terraced (including end-terrace),164,112,46,66,52,44,8
S01007041,Flat maisonette or apartment or mobile/temporary accommodation,84,32,15,17,52,46,6
S01007042,All people in households,737,558,236,322,179,108,71
S01007042,Whole house or bungalow: Total,718,554,234,320,164,95,69
S01007042,Whole house or bungalow: Detached,459,395,177,218,64,25,39
S01007042,Whole house or bungalow: Semi-detached,200,124,37,87,76,51,25
S01007042,Whole house or bungalow: Terraced (including end-terrace),59,35,20,15,24,19,5
S01007042,Flat maisonette or apartment or mobile/temporary accommodation,19,4,2,2,15,13,2
S01007043,All people in households,964,712,428,284,252,23,229
S01007043,Whole house or bungalow: Total,958,707,424,283,251,23,228
S01007043,Whole house or bungalow: Detached,810,641,396,245,169,0,169
S01007043,Whole house or bungalow: Semi-detached,128,57,26,31,71,15,56
S01007043,Whole house or bungalow: Terraced (including end-terrace),20,9,2,7,11,8,3
S01007043,Flat maisonette or apartment or mobile/temporary accommodation,6,5,4,1,1,0,1
S01007044,All people in households,667,532,277,255,135,51,84
S01007044,Whole house or bungalow: Total,639,521,275,246,118,36,82
S01007044,Whole house or bungalow: Detached,309,265,143,122,44,2,42
S01007044,Whole house or bungalow: Semi-detached,222,170,76,94,52,27,25
S01007044,Whole house or bungalow: Terraced (including end-terrace),108,86,56,30,22,7,15
S01007044,Flat maisonette or apartment or mobile/temporary accommodation,28,11,2,9,17,15,2
S01007045,All people in households,799,689,375,314,110,12,98
S01007045,Whole house or bungalow: Total,775,673,359,314,102,9,93
S01007045,Whole house or bungalow: Detached,725,635,344,291,90,2,88
S01007045,Whole house or bungalow: Semi-detached,44,32,15,17,12,7,5
S01007045,Whole house or bungalow: Terraced (including end-terrace),6,6,0,6,0,0,0
S01007045,Flat maisonette or apartment or mobile/temporary accommodation,24,16,16,0,8,3,5
S01007046,All people in households,574,494,252,242,80,25,55
S01007046,Whole house or bungalow: Total,570,492,252,240,78,23,55
S01007046,Whole house or bungalow: Detached,347,316,160,156,31,0,31
S01007046,Whole house or bungalow: Semi-detached,197,160,78,82,37,16,21
S01007046,Whole house or bungalow: Terraced (including end-terrace),26,16,14,2,10,7,3
S01007046,Flat maisonette or apartment or mobile/temporary accommodation,4,2,0,2,2,2,0
S01007047,All people in households,665,592,313,279,73,22,51
S01007047,Whole house or bungalow: Total,657,585,306,279,72,22,50
S01007047,Whole house or bungalow: Detached,545,492,269,223,53,11,42
S01007047,Whole house or bungalow: Semi-detached,90,79,34,45,11,3,8
S01007047,Whole house or bungalow: Terraced (including end-terrace),22,14,3,11,8,8,0
S01007047,Flat maisonette or apartment or mobile/temporary accommodation,8,7,7,0,1,0,1
S01007048,All people in households,879,748,378,370,131,47,84
S01007048,Whole house or bungalow: Total,863,741,371,370,122,38,84
S01007048,Whole house or bungalow: Detached,715,636,326,310,79,0,79
S01007048,Whole house or bungalow: Semi-detached,111,80,36,44,31,31,0
S01007048,Whole house or bungalow: Terraced (including end-terrace),37,25,9,16,12,7,5
S01007048,Flat maisonette or apartment or mobile/temporary accommodation,16,7,7,0,9,9,0
S01007049,All people in households,945,590,268,322,355,284,71
S01007049,Whole house or bungalow: Total,910,584,265,319,326,263,63
S01007049,Whole house or bungalow: Detached,241,213,100,113,28,7,21
S01007049,Whole house or bungalow: Semi-detached,479,276,119,157,203,171,32
S01007049,Whole house or bungalow: Terraced (including end-terrace),190,95,46,49,95,85,10
S01007049,Flat maisonette or apartment or mobile/temporary accommodation,35,6,3,3,29,21,8
S01007050,All people in households,641,515,240,275,126,67,59
S01007050,Whole house or bungalow: Total,613,509,239,270,104,53,51
S01007050,Whole house or bungalow: Detached,334,312,146,166,22,9,13
S01007050,Whole house or bungalow: Semi-detached,203,147,76,71,56,24,32
S01007050,Whole house or bungalow: Terraced (including end-terrace),76,50,17,33,26,20,6
S01007050,Flat maisonette or apartment or mobile/temporary accommodation,28,6,1,5,22,14,8
S01007051,All people in households,768,582,223,359,186,123,63
S01007051,Whole house or bungalow: Total,704,551,218,333,153,102,51
S01007051,Whole house or bungalow: Detached,334,306,118,188,28,7,21
S01007051,Whole house or bungalow: Semi-detached,289,196,74,122,93,65,28
S01007051,Whole house or bungalow: Terraced (including end-terrace),81,49,26,23,32,30,2
S01007051,Flat maisonette or apartment or mobile/temporary accommodation,64,31,5,26,33,21,12
S01007052,All people in households,573,481,208,273,92,41,51
S01007052,Whole house or bungalow: Total,568,478,208,270,90,39,51
S01007052,Whole house or bungalow: Detached,390,361,158,203,29,1,28
S01007052,Whole house or bungalow: Semi-detached,130,84,42,42,46,29,17
S01007052,Whole house or bungalow: Terraced (including end-terrace),48,33,8,25,15,9,6
S01007052,Flat maisonette or apartment or mobile/temporary accommodation,5,3,0,3,2,2,0
S01007053,All people in households,494,446,192,254,48,1,47
S01007053,Whole house or bungalow: Total,492,446,192,254,46,0,46
S01007053,Whole house or bungalow: Detached,455,421,189,232,34,0,34
S01007053,Whole house or bungalow: Semi-detached,30,20,3,17,10,0,10
S01007053,Whole house or bungalow: Terraced (including end-terrace),7,5,0,5,2,0,2
S01007053,Flat maisonette or apartment or mobile/temporary accommodation,2,0,0,0,2,1,1
S01007054,All people in households,957,693,330,363,264,157,107
S01007054,Whole house or bungalow: Total,913,675,318,357,238,140,98
S01007054,Whole house or bungalow: Detached,264,222,121,101,42,4,38
S01007054,Whole house or bungalow: Semi-detached,393,274,125,149,119,71,48
S01007054,Whole house or bungalow: Terraced (including end-terrace),256,179,72,107,77,65,12
S01007054,Flat maisonette or apartment or mobile/temporary accommodation,44,18,12,6,26,17,9
S01007055,All people in households,515,445,221,224,70,6,64
S01007055,Whole house or bungalow: Total,507,443,219,224,64,4,60
S01007055,Whole house or bungalow: Detached,458,412,207,205,46,0,46
S01007055,Whole house or bungalow: Semi-detached,45,27,10,17,18,4,14
S01007055,Whole house or bungalow: Terraced (including end-terrace),4,4,2,2,0,0,0
S01007055,Flat maisonette or apartment or mobile/temporary accommodation,8,2,2,0,6,2,4
S01007056,All people in households,614,516,271,245,98,19,79
S01007056,Whole house or bungalow: Total,604,508,266,242,96,19,77
S01007056,Whole house or bungalow: Detached,532,467,260,207,65,2,63
S01007056,Whole house or bungalow: Semi-detached,63,35,6,29,28,17,11
S01007056,Whole house or bungalow: Terraced (including end-terrace),9,6,0,6,3,0,3
S01007056,Flat maisonette or apartment or mobile/temporary accommodation,10,8,5,3,2,0,2
S01007057,All people in households,520,452,261,191,68,49,19
S01007057,Whole house or bungalow: Total,508,452,261,191,56,39,17
S01007057,Whole house or bungalow: Detached,330,314,186,128,16,3,13
S01007057,Whole house or bungalow: Semi-detached,158,132,75,57,26,22,4
S01007057,Whole house or bungalow: Terraced (including end-terrace),20,6,0,6,14,14,0
S01007057,Flat maisonette or apartment or mobile/temporary accommodation,12,0,0,0,12,10,2
S01007058,All people in households,576,410,201,209,166,151,15
S01007058,Whole house or bungalow: Total,537,408,199,209,129,114,15
S01007058,Whole house or bungalow: Detached,201,186,101,85,15,7,8
S01007058,Whole house or bungalow: Semi-detached,258,184,81,103,74,68,6
S01007058,Whole house or bungalow: Terraced (including end-terrace),78,38,17,21,40,39,1
S01007058,Flat maisonette or apartment or mobile/temporary accommodation,39,2,2,0,37,37,0
S01007059,All people in households,1020,771,303,468,249,178,71
S01007059,Whole house or bungalow: Total,994,771,303,468,223,157,66
S01007059,Whole house or bungalow: Detached,442,416,171,245,26,4,22
S01007059,Whole house or bungalow: Semi-detached,513,342,128,214,171,136,35
S01007059,Whole house or bungalow: Terraced (including end-terrace),39,13,4,9,26,17,9
S01007059,Flat maisonette or apartment or mobile/temporary accommodation,26,0,0,0,26,21,5
S01007060,All people in households,604,336,115,221,268,248,20
S01007060,Whole house or bungalow: Total,602,336,115,221,266,246,20
S01007060,Whole house or bungalow: Detached,80,67,35,32,13,11,2
S01007060,Whole house or bungalow: Semi-detached,476,250,68,182,226,210,16
S01007060,Whole house or bungalow: Terraced (including end-terrace),46,19,12,7,27,25,2
S01007060,Flat maisonette or apartment or mobile/temporary accommodation,2,0,0,0,2,2,0
S01007061,All people in households,930,790,299,491,140,10,130
S01007061,Whole house or bungalow: Total,916,784,293,491,132,4,128
S01007061,Whole house or bungalow: Detached,832,720,282,438,112,0,112
S01007061,Whole house or bungalow: Semi-detached,76,56,11,45,20,4,16
S01007061,Whole house or bungalow: Terraced (including end-terrace),8,8,0,8,0,0,0
S01007061,Flat maisonette or apartment or mobile/temporary accommodation,14,6,6,0,8,6,2
S01007062,All people in households,665,581,271,310,84,15,69
S01007062,Whole house or bungalow: Total,654,572,268,304,82,15,67
S01007062,Whole house or bungalow: Detached,558,500,248,252,58,0,58
S01007062,Whole house or bungalow: Semi-detached,95,72,20,52,23,14,9
S01007062,Whole house or bungalow: Terraced (including end-terrace),1,0,0,0,1,1,0
S01007062,Flat maisonette or apartment or mobile/temporary accommodation,11,9,3,6,2,0,2
S01007063,All people in households,670,542,208,334,128,70,58
S01007063,Whole house or bungalow: Total,654,542,208,334,112,54,58
S01007063,Whole house or bungalow: Detached,321,303,118,185,18,4,14
S01007063,Whole house or bungalow: Semi-detached,241,175,71,104,66,45,21
S01007063,Whole house or bungalow: Terraced (including end-terrace),92,64,19,45,28,5,23
S01007063,Flat maisonette or apartment or mobile/temporary accommodation,16,0,0,0,16,16,0
S01007064,All people in households,627,488,236,252,139,69,70
S01007064,Whole house or bungalow: Total,614,484,236,248,130,69,61
S01007064,Whole house or bungalow: Detached,453,401,189,212,52,3,49
S01007064,Whole house or bungalow: Semi-detached,127,72,38,34,55,43,12
S01007064,Whole house or bungalow: Terraced (including end-terrace),34,11,9,2,23,23,0
S01007064,Flat maisonette or apartment or mobile/temporary accommodation,13,4,0,4,9,0,9
S01007065,All people in households,578,491,246,245,87,44,43
S01007065,Whole house or bungalow: Total,572,486,244,242,86,44,42
S01007065,Whole house or bungalow: Detached,354,338,171,167,16,0,16
S01007065,Whole house or bungalow: Semi-detached,123,67,37,30,56,34,22
S01007065,Whole house or bungalow: Terraced (including end-terrace),95,81,36,45,14,10,4
S01007065,Flat maisonette or apartment or mobile/temporary accommodation,6,5,2,3,1,0,1
S01007066,All people in households,648,543,217,326,105,28,77
S01007066,Whole house or bungalow: Total,634,530,217,313,104,27,77
S01007066,Whole house or bungalow: Detached,501,440,202,238,61,3,58
S01007066,Whole house or bungalow: Semi-detached,119,78,11,67,41,22,19
S01007066,Whole house or bungalow: Terraced (including end-terrace),14,12,4,8,2,2,0
S01007066,Flat maisonette or apartment or mobile/temporary accommodation,14,13,0,13,1,1,0
S01007067,All people in households,553,511,228,283,42,11,31
S01007067,Whole house or bungalow: Total,481,447,208,239,34,11,23
S01007067,Whole house or bungalow: Detached,192,181,93,88,11,0,11
S01007067,Whole house or bungalow: Semi-detached,262,246,107,139,16,8,8
S01007067,Whole house or bungalow: Terraced (including end-terrace),27,20,8,12,7,3,4
S01007067,Flat maisonette or apartment or mobile/temporary accommodation,72,64,20,44,8,0,8
S01007068,All people in households,708,452,179,273,256,204,52
S01007068,Whole house or bungalow: Total,679,442,172,270,237,187,50
S01007068,Whole house or bungalow: Detached,312,287,103,184,25,3,22
S01007068,Whole house or bungalow: Semi-detached,189,85,42,43,104,88,16
S01007068,Whole house or bungalow: Terraced (including end-terrace),178,70,27,43,108,96,12
S01007068,Flat maisonette or apartment or mobile/temporary accommodation,29,10,7,3,19,17,2
S01007069,All people in households,845,574,196,378,271,162,109
S01007069,Whole house or bungalow: Total,831,568,195,373,263,160,103
S01007069,Whole house or bungalow: Detached,276,251,115,136,25,14,11
S01007069,Whole house or bungalow: Semi-detached,306,210,55,155,96,55,41
S01007069,Whole house or bungalow: Terraced (including end-terrace),249,107,25,82,142,91,51
S01007069,Flat maisonette or apartment or mobile/temporary accommodation,14,6,1,5,8,2,6
S01007070,All people in households,500,351,128,223,149,124,25
S01007070,Whole house or bungalow: Total,464,345,123,222,119,107,12
S01007070,Whole house or bungalow: Detached,118,111,45,66,7,3,4
S01007070,Whole house or bungalow: Semi-detached,230,166,52,114,64,58,6
S01007070,Whole house or bungalow: Terraced (including end-terrace),116,68,26,42,48,46,2
S01007070,Flat maisonette or apartment or mobile/temporary accommodation,36,6,5,1,30,17,13
S01007071,All people in households,821,624,213,411,197,175,22
S01007071,Whole house or bungalow: Total,782,606,202,404,176,159,17
S01007071,Whole house or bungalow: Detached,355,346,125,221,9,0,9
S01007071,Whole house or bungalow: Semi-detached,367,216,64,152,151,144,7
S01007071,Whole house or bungalow: Terraced (including end-terrace),60,44,13,31,16,15,1
S01007071,Flat maisonette or apartment or mobile/temporary accommodation,39,18,11,7,21,16,5
S01007072,All people in households,641,566,208,358,75,35,40
S01007072,Whole house or bungalow: Total,636,565,207,358,71,31,40
S01007072,Whole house or bungalow: Detached,255,249,108,141,6,0,6
S01007072,Whole house or bungalow: Semi-detached,257,233,76,157,24,8,16
S01007072,Whole house or bungalow: Terraced (including end-terrace),124,83,23,60,41,23,18
S01007072,Flat maisonette or apartment or mobile/temporary accommodation,5,1,1,0,4,4,0
S01007073,All people in households,913,817,352,465,96,67,29
S01007073,Whole house or bungalow: Total,905,812,352,460,93,64,29
S01007073,Whole house or bungalow: Detached,317,305,163,142,12,7,5
S01007073,Whole house or bungalow: Semi-detached,378,352,149,203,26,9,17
S01007073,Whole house or bungalow: Terraced (including end-terrace),210,155,40,115,55,48,7
S01007073,Flat maisonette or apartment or mobile/temporary accommodation,8,5,0,5,3,3,0
S01007074,All people in households,661,442,184,258,219,197,22
S01007074,Whole house or bungalow: Total,545,429,180,249,116,99,17
S01007074,Whole house or bungalow: Detached,42,33,17,16,9,7,2
S01007074,Whole house or bungalow: Semi-detached,157,133,68,65,24,20,4
S01007074,Whole house or bungalow: Terraced (including end-terrace),346,263,95,168,83,72,11
S01007074,Flat maisonette or apartment or mobile/temporary accommodation,116,13,4,9,103,98,5
S01007075,All people in households,727,431,156,275,296,227,69
S01007075,Whole house or bungalow: Total,660,425,155,270,235,181,54
S01007075,Whole house or bungalow: Detached,34,28,24,4,6,6,0
S01007075,Whole house or bungalow: Semi-detached,175,92,29,63,83,47,36
S01007075,Whole house or bungalow: Terraced (including end-terrace),451,305,102,203,146,128,18
S01007075,Flat maisonette or apartment or mobile/temporary accommodation,67,6,1,5,61,46,15
S01007076,All people in households,759,550,178,372,209,167,42
S01007076,Whole house or bungalow: Total,741,545,178,367,196,160,36
S01007076,Whole house or bungalow: Detached,61,52,29,23,9,0,9
S01007076,Whole house or bungalow: Semi-detached,172,137,45,92,35,35,0
S01007076,Whole house or bungalow: Terraced (including end-terrace),508,356,104,252,152,125,27
S01007076,Flat maisonette or apartment or mobile/temporary accommodation,18,5,0,5,13,7,6
S01007077,All people in households,674,532,262,270,142,102,40
S01007077,Whole house or bungalow: Total,668,531,261,270,137,97,40
S01007077,Whole house or bungalow: Detached,104,94,53,41,10,6,4
S01007077,Whole house or bungalow: Semi-detached,351,264,141,123,87,57,30
S01007077,Whole house or bungalow: Terraced (including end-terrace),213,173,67,106,40,34,6
S01007077,Flat maisonette or apartment or mobile/temporary accommodation,6,1,1,0,5,5,0
S01007078,All people in households,843,545,293,252,298,230,68
S01007078,Whole house or bungalow: Total,649,496,276,220,153,109,44
S01007078,Whole house or bungalow: Detached,192,179,98,81,13,3,10
S01007078,Whole house or bungalow: Semi-detached,266,213,125,88,53,37,16
S01007078,Whole house or bungalow: Terraced (including end-terrace),191,104,53,51,87,69,18
S01007078,Flat maisonette or apartment or mobile/temporary accommodation,194,49,17,32,145,121,24
S01007079,All people in households,978,601,260,341,377,269,108
S01007079,Whole house or bungalow: Total,611,483,208,275,128,61,67
S01007079,Whole house or bungalow: Detached,215,194,102,92,21,4,17
S01007079,Whole house or bungalow: Semi-detached,307,231,80,151,76,34,42
S01007079,Whole house or bungalow: Terraced (including end-terrace),89,58,26,32,31,23,8
S01007079,Flat maisonette or apartment or mobile/temporary accommodation,367,118,52,66,249,208,41
S01007080,All people in households,790,476,220,256,314,246,68
S01007080,Whole house or bungalow: Total,537,384,171,213,153,117,36
S01007080,Whole house or bungalow: Detached,108,103,48,55,5,0,5
S01007080,Whole house or bungalow: Semi-detached,364,250,111,139,114,90,24
S01007080,Whole house or bungalow: Terraced (including end-terrace),65,31,12,19,34,27,7
S01007080,Flat maisonette or apartment or mobile/temporary accommodation,253,92,49,43,161,129,32
S01007081,All people in households,951,484,177,307,467,324,143
S01007081,Whole house or bungalow: Total,664,401,150,251,263,195,68
S01007081,Whole house or bungalow: Detached,95,66,28,38,29,5,24
S01007081,Whole house or bungalow: Semi-detached,332,232,76,156,100,81,19
S01007081,Whole house or bungalow: Terraced (including end-terrace),237,103,46,57,134,109,25
S01007081,Flat maisonette or apartment or mobile/temporary accommodation,287,83,27,56,204,129,75
S01007082,All people in households,551,324,112,212,227,140,87
S01007082,Whole house or bungalow: Total,380,254,95,159,126,57,69
S01007082,Whole house or bungalow: Detached,121,77,23,54,44,4,40
S01007082,Whole house or bungalow: Semi-detached,202,149,60,89,53,30,23
S01007082,Whole house or bungalow: Terraced (including end-terrace),57,28,12,16,29,23,6
S01007082,Flat maisonette or apartment or mobile/temporary accommodation,171,70,17,53,101,83,18
S01007083,All people in households,904,315,176,139,589,445,144
S01007083,Whole house or bungalow: Total,484,219,131,88,265,215,50
S01007083,Whole house or bungalow: Detached,72,47,33,14,25,22,3
S01007083,Whole house or bungalow: Semi-detached,222,103,56,47,119,82,37
S01007083,Whole house or bungalow: Terraced (including end-terrace),190,69,42,27,121,111,10
S01007083,Flat maisonette or apartment or mobile/temporary accommodation,420,96,45,51,324,230,94
S01007084,All people in households,559,430,213,217,129,60,69
S01007084,Whole house or bungalow: Total,395,350,186,164,45,19,26
S01007084,Whole house or bungalow: Detached,141,120,59,61,21,8,13
S01007084,Whole house or bungalow: Semi-detached,218,202,115,87,16,4,12
S01007084,Whole house or bungalow: Terraced (including end-terrace),36,28,12,16,8,7,1
S01007084,Flat maisonette or apartment or mobile/temporary accommodation,164,80,27,53,84,41,43
S01007085,All people in households,770,453,188,265,317,109,208
S01007085,Whole house or bungalow: Total,353,275,109,166,78,26,52
S01007085,Whole house or bungalow: Detached,85,72,35,37,13,5,8
S01007085,Whole house or bungalow: Semi-detached,174,137,54,83,37,18,19
S01007085,Whole house or bungalow: Terraced (including end-terrace),94,66,20,46,28,3,25
S01007085,Flat maisonette or apartment or mobile/temporary accommodation,417,178,79,99,239,83,156
S01007086,All people in households,1118,281,129,152,837,537,300
S01007086,Whole house or bungalow: Total,380,148,60,88,232,182,50
S01007086,Whole house or bungalow: Detached,70,53,28,25,17,10,7
S01007086,Whole house or bungalow: Semi-detached,138,46,11,35,92,61,31
S01007086,Whole house or bungalow: Terraced (including end-terrace),172,49,21,28,123,111,12
S01007086,Flat maisonette or apartment or mobile/temporary accommodation,738,133,69,64,605,355,250
S01007087,All people in households,868,324,136,188,544,283,261
S01007087,Whole house or bungalow: Total,409,218,86,132,191,115,76
S01007087,Whole house or bungalow: Detached,79,64,37,27,15,3,12
S01007087,Whole house or bungalow: Semi-detached,199,104,39,65,95,47,48
S01007087,Whole house or bungalow: Terraced (including end-terrace),131,50,10,40,81,65,16
S01007087,Flat maisonette or apartment or mobile/temporary accommodation,459,106,50,56,353,168,185
S01007088,All people in households,535,191,66,125,344,259,85
S01007088,Whole house or bungalow: Total,123,70,21,49,53,27,26
S01007088,Whole house or bungalow: Detached,16,12,3,9,4,0,4
S01007088,Whole house or bungalow: Semi-detached,82,47,16,31,35,14,21
S01007088,Whole house or bungalow: Terraced (including end-terrace),25,11,2,9,14,13,1
S01007088,Flat maisonette or apartment or mobile/temporary accommodation,412,121,45,76,291,232,59
S01007089,All people in households,529,487,217,270,42,9,33
S01007089,Whole house or bungalow: Total,520,484,214,270,36,8,28
S01007089,Whole house or bungalow: Detached,380,368,168,200,12,0,12
S01007089,Whole house or bungalow: Semi-detached,132,114,44,70,18,2,16
S01007089,Whole house or bungalow: Terraced (including end-terrace),8,2,2,0,6,6,0
S01007089,Flat maisonette or apartment or mobile/temporary accommodation,9,3,3,0,6,1,5
S01007090,All people in households,540,457,140,317,83,10,73
S01007090,Whole house or bungalow: Total,494,441,137,304,53,5,48
S01007090,Whole house or bungalow: Detached,118,113,27,86,5,0,5
S01007090,Whole house or bungalow: Semi-detached,318,280,100,180,38,5,33
S01007090,Whole house or bungalow: Terraced (including end-terrace),58,48,10,38,10,0,10
S01007090,Flat maisonette or apartment or mobile/temporary accommodation,46,16,3,13,30,5,25
S01007091,All people in households,829,460,65,395,369,340,29
S01007091,Whole house or bungalow: Total,791,457,65,392,334,308,26
S01007091,Whole house or bungalow: Detached,221,216,37,179,5,2,3
S01007091,Whole house or bungalow: Semi-detached,541,235,22,213,306,292,14
S01007091,Whole house or bungalow: Terraced (including end-terrace),29,6,6,0,23,14,9
S01007091,Flat maisonette or apartment or mobile/temporary accommodation,38,3,0,3,35,32,3
S01007092,All people in households,624,375,157,218,249,223,26
S01007092,Whole house or bungalow: Total,555,372,156,216,183,167,16
S01007092,Whole house or bungalow: Detached,69,52,22,30,17,13,4
S01007092,Whole house or bungalow: Semi-detached,294,201,81,120,93,87,6
S01007092,Whole house or bungalow: Terraced (including end-terrace),192,119,53,66,73,67,6
S01007092,Flat maisonette or apartment or mobile/temporary accommodation,69,3,1,2,66,56,10
S01007093,All people in households,952,859,379,480,93,26,67
S01007093,Whole house or bungalow: Total,895,836,373,463,59,14,45
S01007093,Whole house or bungalow: Detached,467,437,196,241,30,5,25
S01007093,Whole house or bungalow: Semi-detached,377,364,166,198,13,3,10
S01007093,Whole house or bungalow: Terraced (including end-terrace),51,35,11,24,16,6,10
S01007093,Flat maisonette or apartment or mobile/temporary accommodation,57,23,6,17,34,12,22
S01007094,All people in households,893,773,397,376,120,55,65
S01007094,Whole house or bungalow: Total,866,763,392,371,103,46,57
S01007094,Whole house or bungalow: Detached,376,337,186,151,39,4,35
S01007094,Whole house or bungalow: Semi-detached,429,379,191,188,50,28,22
S01007094,Whole house or bungalow: Terraced (including end-terrace),61,47,15,32,14,14,0
S01007094,Flat maisonette or apartment or mobile/temporary accommodation,27,10,5,5,17,9,8
S01007095,All people in households,551,481,187,294,70,9,61
S01007095,Whole house or bungalow: Total,543,474,180,294,69,8,61
S01007095,Whole house or bungalow: Detached,482,438,170,268,44,2,42
S01007095,Whole house or bungalow: Semi-detached,47,32,10,22,15,0,15
S01007095,Whole house or bungalow: Terraced (including end-terrace),14,4,0,4,10,6,4
S01007095,Flat maisonette or apartment or mobile/temporary accommodation,8,7,7,0,1,1,0
S01007096,All people in households,837,720,185,535,117,69,48
S01007096,Whole house or bungalow: Total,802,713,178,535,89,47,42
S01007096,Whole house or bungalow: Detached,622,600,157,443,22,2,20
S01007096,Whole house or bungalow: Semi-detached,149,105,14,91,44,22,22
S01007096,Whole house or bungalow: Terraced (including end-terrace),31,8,7,1,23,23,0
S01007096,Flat maisonette or apartment or mobile/temporary accommodation,35,7,7,0,28,22,6
S01007097,All people in households,484,424,137,287,60,8,52
S01007097,Whole house or bungalow: Total,476,424,137,287,52,3,49
S01007097,Whole house or bungalow: Detached,409,371,111,260,38,0,38
S01007097,Whole house or bungalow: Semi-detached,57,46,24,22,11,0,11
S01007097,Whole house or bungalow: Terraced (including end-terrace),10,7,2,5,3,3,0
S01007097,Flat maisonette or apartment or mobile/temporary accommodation,8,0,0,0,8,5,3
S01007098,All people in households,807,740,322,418,67,6,61
S01007098,Whole house or bungalow: Total,807,740,322,418,67,6,61
S01007098,Whole house or bungalow: Detached,672,627,281,346,45,2,43
S01007098,Whole house or bungalow: Semi-detached,109,95,37,58,14,0,14
S01007098,Whole house or bungalow: Terraced (including end-terrace),26,18,4,14,8,4,4
S01007098,Flat maisonette or apartment or mobile/temporary accommodation,0,0,0,0,0,0,0
S01007099,All people in households,883,775,241,534,108,71,37
S01007099,Whole house or bungalow: Total,858,771,237,534,87,53,34
S01007099,Whole house or bungalow: Detached,644,622,193,429,22,1,21
S01007099,Whole house or bungalow: Semi-detached,157,124,30,94,33,22,11
S01007099,Whole house or bungalow: Terraced (including end-terrace),57,25,14,11,32,30,2
S01007099,Flat maisonette or apartment or mobile/temporary accommodation,25,4,4,0,21,18,3
S01007100,All people in households,722,575,274,301,147,87,60
S01007100,Whole house or bungalow: Total,702,560,264,296,142,82,60
S01007100,Whole house or bungalow: Detached,481,436,217,219,45,5,40
S01007100,Whole house or bungalow: Semi-detached,166,96,32,64,70,57,13
S01007100,Whole house or bungalow: Terraced (including end-terrace),55,28,15,13,27,20,7
S01007100,Flat maisonette or apartment or mobile/temporary accommodation,20,15,10,5,5,5,0
S01007101,All people in households,800,424,167,257,376,319,57
S01007101,Whole house or bungalow: Total,778,422,167,255,356,299,57
S01007101,Whole house or bungalow: Detached,231,202,81,121,29,11,18
S01007101,Whole house or bungalow: Semi-detached,372,152,55,97,220,193,27
S01007101,Whole house or bungalow: Terraced (including end-terrace),175,68,31,37,107,95,12
S01007101,Flat maisonette or apartment or mobile/temporary accommodation,22,2,0,2,20,20,0
S01007102,All people in households,697,567,287,280,130,15,115
S01007102,Whole house or bungalow: Total,692,564,284,280,128,15,113
S01007102,Whole house or bungalow: Detached,607,506,276,230,101,0,101
S01007102,Whole house or bungalow: Semi-detached,85,58,8,50,27,15,12
S01007102,Whole house or bungalow: Terraced (including end-terrace),0,0,0,0,0,0,0
S01007102,Flat maisonette or apartment or mobile/temporary accommodation,5,3,3,0,2,0,2
S01007103,All people in households,832,669,370,299,163,144,19
S01007103,Whole house or bungalow: Total,827,667,368,299,160,141,19
S01007103,Whole house or bungalow: Detached,540,529,294,235,11,1,10
S01007103,Whole house or bungalow: Semi-detached,201,106,61,45,95,86,9
S01007103,Whole house or bungalow: Terraced (including end-terrace),86,32,13,19,54,54,0
S01007103,Flat maisonette or apartment or mobile/temporary accommodation,5,2,2,0,3,3,0
S01007104,All people in households,486,397,208,189,89,4,85
S01007104,Whole house or bungalow: Total,479,392,207,185,87,4,83
S01007104,Whole house or bungalow: Detached,399,336,182,154,63,2,61
S01007104,Whole house or bungalow: Semi-detached,61,45,25,20,16,0,16
S01007104,Whole house or bungalow: Terraced (including end-terrace),19,11,0,11,8,2,6
S01007104,Flat maisonette or apartment or mobile/temporary accommodation,7,5,1,4,2,0,2
S01007105,All people in households,543,446,222,224,97,60,37
S01007105,Whole house or bungalow: Total,524,446,222,224,78,47,31
S01007105,Whole house or bungalow: Detached,385,361,186,175,24,3,21
S01007105,Whole house or bungalow: Semi-detached,99,66,30,36,33,26,7
S01007105,Whole house or bungalow: Terraced (including end-terrace),40,19,6,13,21,18,3
S01007105,Flat maisonette or apartment or mobile/temporary accommodation,19,0,0,0,19,13,6
S01007106,All people in households,713,578,298,280,135,90,45
S01007106,Whole house or bungalow: Total,710,576,296,280,134,89,45
S01007106,Whole house or bungalow: Detached,415,385,201,184,30,3,27
S01007106,Whole house or bungalow: Semi-detached,198,136,73,63,62,52,10
S01007106,Whole house or bungalow: Terraced (including end-terrace),97,55,22,33,42,34,8
S01007106,Flat maisonette or apartment or mobile/temporary accommodation,3,2,2,0,1,1,0
S01007107,All people in households,685,627,276,351,58,17,41
S01007107,Whole house or bungalow: Total,674,625,274,351,49,12,37
S01007107,Whole house or bungalow: Detached,592,568,250,318,24,0,24
S01007107,Whole house or bungalow: Semi-detached,78,57,24,33,21,10,11
S01007107,Whole house or bungalow: Terraced (including end-terrace),4,0,0,0,4,2,2
S01007107,Flat maisonette or apartment or mobile/temporary accommodation,11,2,2,0,9,5,4
S01007108,All people in households,577,487,239,248,90,21,69
S01007108,Whole house or bungalow: Total,571,485,237,248,86,19,67
S01007108,Whole house or bungalow: Detached,507,444,223,221,63,0,63
S01007108,Whole house or bungalow: Semi-detached,45,30,10,20,15,11,4
S01007108,Whole house or bungalow: Terraced (including end-terrace),19,11,4,7,8,8,0
S01007108,Flat maisonette or apartment or mobile/temporary accommodation,6,2,2,0,4,2,2
S01007109,All people in households,824,431,202,229,393,331,62
S01007109,Whole house or bungalow: Total,756,404,189,215,352,304,48
S01007109,Whole house or bungalow: Detached,178,156,80,76,22,10,12
S01007109,Whole house or bungalow: Semi-detached,451,206,92,114,245,217,28
S01007109,Whole house or bungalow: Terraced (including end-terrace),127,42,17,25,85,77,8
S01007109,Flat maisonette or apartment or mobile/temporary accommodation,68,27,13,14,41,27,14
S01007110,All people in households,796,514,190,324,282,224,58
S01007110,Whole house or bungalow: Total,731,510,189,321,221,169,52
S01007110,Whole house or bungalow: Detached,314,281,107,174,33,9,24
S01007110,Whole house or bungalow: Semi-detached,243,148,51,97,95,73,22
S01007110,Whole house or bungalow: Terraced (including end-terrace),174,81,31,50,93,87,6
S01007110,Flat maisonette or apartment or mobile/temporary accommodation,65,4,1,3,61,55,6
S01007111,All people in households,525,428,182,246,97,76,21
S01007111,Whole house or bungalow: Total,503,425,180,245,78,59,19
S01007111,Whole house or bungalow: Detached,181,168,63,105,13,1,12
S01007111,Whole house or bungalow: Semi-detached,242,204,90,114,38,34,4
S01007111,Whole house or bungalow: Terraced (including end-terrace),80,53,27,26,27,24,3
S01007111,Flat maisonette or apartment or mobile/temporary accommodation,22,3,2,1,19,17,2
S01007112,All people in households,540,480,248,232,60,23,37
S01007112,Whole house or bungalow: Total,522,477,246,231,45,22,23
S01007112,Whole house or bungalow: Detached,411,397,212,185,14,0,14
S01007112,Whole house or bungalow: Semi-detached,88,68,32,36,20,15,5
S01007112,Whole house or bungalow: Terraced (including end-terrace),23,12,2,10,11,7,4
S01007112,Flat maisonette or apartment or mobile/temporary accommodation,18,3,2,1,15,1,14
S01007113,All people in households,496,400,221,179,96,28,68
S01007113,Whole house or bungalow: Total,328,274,156,118,54,12,42
S01007113,Whole house or bungalow: Detached,121,101,51,50,20,0,20
S01007113,Whole house or bungalow: Semi-detached,147,132,88,44,15,7,8
S01007113,Whole house or bungalow: Terraced (including end-terrace),60,41,17,24,19,5,14
S01007113,Flat maisonette or apartment or mobile/temporary accommodation,168,126,65,61,42,16,26
S01007114,All people in households,888,761,350,411,127,90,37
S01007114,Whole house or bungalow: Total,869,754,347,407,115,79,36
S01007114,Whole house or bungalow: Detached,234,220,103,117,14,6,8
S01007114,Whole house or bungalow: Semi-detached,331,279,114,165,52,33,19
S01007114,Whole house or bungalow: Terraced (including end-terrace),304,255,130,125,49,40,9
S01007114,Flat maisonette or apartment or mobile/temporary accommodation,19,7,3,4,12,11,1
S01007115,All people in households,641,541,227,314,100,74,26
S01007115,Whole house or bungalow: Total,620,541,227,314,79,58,21
S01007115,Whole house or bungalow: Detached,407,394,158,236,13,3,10
S01007115,Whole house or bungalow: Semi-detached,195,137,69,68,58,47,11
S01007115,Whole house or bungalow: Terraced (including end-terrace),18,10,0,10,8,8,0
S01007115,Flat maisonette or apartment or mobile/temporary accommodation,21,0,0,0,21,16,5
S01007116,All people in households,1006,955,320,635,51,18,33
S01007116,Whole house or bungalow: Total,991,947,317,630,44,11,33
S01007116,Whole house or bungalow: Detached,839,818,276,542,21,0,21
S01007116,Whole house or bungalow: Semi-detached,133,113,37,76,20,8,12
S01007116,Whole house or bungalow: Terraced (including end-terrace),19,16,4,12,3,3,0
S01007116,Flat maisonette or apartment or mobile/temporary accommodation,15,8,3,5,7,7,0
S01007117,All people in households,471,423,234,189,48,24,24
S01007117,Whole house or bungalow: Total,468,423,234,189,45,24,21
S01007117,Whole house or bungalow: Detached,398,380,222,158,18,0,18
S01007117,Whole house or bungalow: Semi-detached,50,41,10,31,9,9,0
S01007117,Whole house or bungalow: Terraced (including end-terrace),20,2,2,0,18,15,3
S01007117,Flat maisonette or apartment or mobile/temporary accommodation,3,0,0,0,3,0,3
S01007118,All people in households,679,264,76,188,415,346,69
S01007118,Whole house or bungalow: Total,663,260,74,186,403,334,69
S01007118,Whole house or bungalow: Detached,60,17,6,11,43,28,15
S01007118,Whole house or bungalow: Semi-detached,172,70,18,52,102,81,21
S01007118,Whole house or bungalow: Terraced (including end-terrace),431,173,50,123,258,225,33
S01007118,Flat maisonette or apartment or mobile/temporary accommodation,16,4,2,2,12,12,0
S01007119,All people in households,812,377,145,232,435,386,49
S01007119,Whole house or bungalow: Total,806,377,145,232,429,385,44
S01007119,Whole house or bungalow: Detached,67,34,18,16,33,21,12
S01007119,Whole house or bungalow: Semi-detached,372,205,77,128,167,152,15
S01007119,Whole house or bungalow: Terraced (including end-terrace),367,138,50,88,229,212,17
S01007119,Flat maisonette or apartment or mobile/temporary accommodation,6,0,0,0,6,1,5
S01007120,All people in households,1078,480,158,322,598,413,185
S01007120,Whole house or bungalow: Total,938,464,151,313,474,375,99
S01007120,Whole house or bungalow: Detached,177,142,54,88,35,19,16
S01007120,Whole house or bungalow: Semi-detached,332,165,46,119,167,131,36
S01007120,Whole house or bungalow: Terraced (including end-terrace),429,157,51,106,272,225,47
S01007120,Flat maisonette or apartment or mobile/temporary accommodation,140,16,7,9,124,38,86
S01007121,All people in households,533,228,79,149,305,178,127
S01007121,Whole house or bungalow: Total,236,182,55,127,54,15,39
S01007121,Whole house or bungalow: Detached,20,12,8,4,8,2,6
S01007121,Whole house or bungalow: Semi-detached,101,92,16,76,9,4,5
S01007121,Whole house or bungalow: Terraced (including end-terrace),115,78,31,47,37,9,28
S01007121,Flat maisonette or apartment or mobile/temporary accommodation,297,46,24,22,251,163,88
S01007122,All people in households,594,388,192,196,206,138,68
S01007122,Whole house or bungalow: Total,371,310,165,145,61,42,19
S01007122,Whole house or bungalow: Detached,127,122,85,37,5,0,5
S01007122,Whole house or bungalow: Semi-detached,204,170,77,93,34,23,11
S01007122,Whole house or bungalow: Terraced (including end-terrace),40,18,3,15,22,19,3
S01007122,Flat maisonette or apartment or mobile/temporary accommodation,223,78,27,51,145,96,49
S01007123,All people in households,644,427,193,234,217,157,60
S01007123,Whole house or bungalow: Total,543,407,182,225,136,87,49
S01007123,Whole house or bungalow: Detached,61,43,15,28,18,5,13
S01007123,Whole house or bungalow: Semi-detached,300,231,97,134,69,48,21
S01007123,Whole house or bungalow: Terraced (including end-terrace),182,133,70,63,49,34,15
S01007123,Flat maisonette or apartment or mobile/temporary accommodation,101,20,11,9,81,70,11
S01007124,All people in households,913,659,286,373,254,187,67
S01007124,Whole house or bungalow: Total,894,643,277,366,251,186,65
S01007124,Whole house or bungalow: Detached,118,96,48,48,22,5,17
S01007124,Whole house or bungalow: Semi-detached,515,358,150,208,157,127,30
S01007124,Whole house or bungalow: Terraced (including end-terrace),261,189,79,110,72,54,18
S01007124,Flat maisonette or apartment or mobile/temporary accommodation,19,16,9,7,3,1,2
S01007125,All people in households,867,482,248,234,385,308,77
S01007125,Whole house or bungalow: Total,771,437,220,217,334,296,38
S01007125,Whole house or bungalow: Detached,163,131,61,70,32,25,7
S01007125,Whole house or bungalow: Semi-detached,438,241,125,116,197,177,20
S01007125,Whole house or bungalow: Terraced (including end-terrace),170,65,34,31,105,94,11
S01007125,Flat maisonette or apartment or mobile/temporary accommodation,96,45,28,17,51,12,39
S01007126,All people in households,919,257,103,154,662,567,95
S01007126,Whole house or bungalow: Total,562,224,83,141,338,275,63
S01007126,Whole house or bungalow: Detached,56,28,12,16,28,24,4
S01007126,Whole house or bungalow: Semi-detached,233,92,37,55,141,95,46
S01007126,Whole house or bungalow: Terraced (including end-terrace),273,104,34,70,169,156,13
S01007126,Flat maisonette or apartment or mobile/temporary accommodation,357,33,20,13,324,292,32
S01007127,All people in households,1007,316,132,184,691,374,317
S01007127,Whole house or bungalow: Total,500,231,97,134,269,171,98
S01007127,Whole house or bungalow: Detached,91,46,25,21,45,29,16
S01007127,Whole house or bungalow: Semi-detached,125,50,11,39,75,63,12
S01007127,Whole house or bungalow: Terraced (including end-terrace),284,135,61,74,149,79,70
S01007127,Flat maisonette or apartment or mobile/temporary accommodation,507,85,35,50,422,203,219
S01007128,All people in households,847,438,170,268,409,339,70
S01007128,Whole house or bungalow: Total,687,409,159,250,278,215,63
S01007128,Whole house or bungalow: Detached,82,55,11,44,27,15,12
S01007128,Whole house or bungalow: Semi-detached,319,203,65,138,116,74,42
S01007128,Whole house or bungalow: Terraced (including end-terrace),286,151,83,68,135,126,9
S01007128,Flat maisonette or apartment or mobile/temporary accommodation,160,29,11,18,131,124,7
S01007129,All people in households,956,848,298,550,108,21,87
S01007129,Whole house or bungalow: Total,932,832,298,534,100,20,80
S01007129,Whole house or bungalow: Detached,684,656,254,402,28,0,28
S01007129,Whole house or bungalow: Semi-detached,156,112,31,81,44,6,38
S01007129,Whole house or bungalow: Terraced (including end-terrace),92,64,13,51,28,14,14
S01007129,Flat maisonette or apartment or mobile/temporary accommodation,24,16,0,16,8,1,7
S01007130,All people in households,612,532,227,305,80,31,49
S01007130,Whole house or bungalow: Total,514,470,205,265,44,18,26
S01007130,Whole house or bungalow: Detached,229,226,119,107,3,0,3
S01007130,Whole house or bungalow: Semi-detached,168,147,48,99,21,10,11
S01007130,Whole house or bungalow: Terraced (including end-terrace),117,97,38,59,20,8,12
S01007130,Flat maisonette or apartment or mobile/temporary accommodation,98,62,22,40,36,13,23
S01007131,All people in households,775,661,244,417,114,55,59
S01007131,Whole house or bungalow: Total,727,661,244,417,66,17,49
S01007131,Whole house or bungalow: Detached,450,425,156,269,25,1,24
S01007131,Whole house or bungalow: Semi-detached,240,220,80,140,20,4,16
S01007131,Whole house or bungalow: Terraced (including end-terrace),37,16,8,8,21,12,9
S01007131,Flat maisonette or apartment or mobile/temporary accommodation,48,0,0,0,48,38,10
S01007132,All people in households,700,652,293,359,48,14,34
S01007132,Whole house or bungalow: Total,671,635,284,351,36,13,23
S01007132,Whole house or bungalow: Detached,373,367,170,197,6,0,6
S01007132,Whole house or bungalow: Semi-detached,266,244,103,141,22,10,12
S01007132,Whole house or bungalow: Terraced (including end-terrace),32,24,11,13,8,3,5
S01007132,Flat maisonette or apartment or mobile/temporary accommodation,29,17,9,8,12,1,11
S01007133,All people in households,674,563,211,352,111,18,93
S01007133,Whole house or bungalow: Total,651,552,210,342,99,10,89
S01007133,Whole house or bungalow: Detached,430,365,153,212,65,0,65
S01007133,Whole house or bungalow: Semi-detached,156,123,29,94,33,10,23
S01007133,Whole house or bungalow: Terraced (including end-terrace),65,64,28,36,1,0,1
S01007133,Flat maisonette or apartment or mobile/temporary accommodation,23,11,1,10,12,8,4
S01007134,All people in households,743,582,224,358,161,59,102
S01007134,Whole house or bungalow: Total,692,572,222,350,120,36,84
S01007134,Whole house or bungalow: Detached,489,436,169,267,53,1,52
S01007134,Whole house or bungalow: Semi-detached,186,126,53,73,60,33,27
S01007134,Whole house or bungalow: Terraced (including end-terrace),17,10,0,10,7,2,5
S01007134,Flat maisonette or apartment or mobile/temporary accommodation,51,10,2,8,41,23,18
S01007135,All people in households,558,517,209,308,41,12,29
S01007135,Whole house or bungalow: Total,523,486,197,289,37,12,25
S01007135,Whole house or bungalow: Detached,435,413,178,235,22,5,17
S01007135,Whole house or bungalow: Semi-detached,73,63,19,44,10,2,8
S01007135,Whole house or bungalow: Terraced (including end-terrace),15,10,0,10,5,5,0
S01007135,Flat maisonette or apartment or mobile/temporary accommodation,35,31,12,19,4,0,4
S01007136,All people in households,533,452,146,306,81,0,81
S01007136,Whole house or bungalow: Total,528,452,146,306,76,0,76
S01007136,Whole house or bungalow: Detached,486,415,121,294,71,0,71
S01007136,Whole house or bungalow: Semi-detached,40,35,23,12,5,0,5
S01007136,Whole house or bungalow: Terraced (including end-terrace),2,2,2,0,0,0,0
S01007136,Flat maisonette or apartment or mobile/temporary accommodation,5,0,0,0,5,0,5
S01007137,All people in households,751,684,71,613,67,15,52
S01007137,Whole house or bungalow: Total,723,674,67,607,49,11,38
S01007137,Whole house or bungalow: Detached,663,634,62,572,29,0,29
S01007137,Whole house or bungalow: Semi-detached,19,18,0,18,1,1,0
S01007137,Whole house or bungalow: Terraced (including end-terrace),41,22,5,17,19,10,9
S01007137,Flat maisonette or apartment or mobile/temporary accommodation,28,10,4,6,18,4,14
S01007138,All people in households,597,525,200,325,72,10,62
S01007138,Whole house or bungalow: Total,552,493,187,306,59,10,49
S01007138,Whole house or bungalow: Detached,383,370,157,213,13,0,13
S01007138,Whole house or bungalow: Semi-detached,107,75,21,54,32,10,22
S01007138,Whole house or bungalow: Terraced (including end-terrace),62,48,9,39,14,0,14
S01007138,Flat maisonette or apartment or mobile/temporary accommodation,45,32,13,19,13,0,13
S01007139,All people in households,776,645,264,381,131,44,87
S01007139,Whole house or bungalow: Total,769,643,264,379,126,41,85
S01007139,Whole house or bungalow: Detached,450,406,186,220,44,0,44
S01007139,Whole house or bungalow: Semi-detached,215,160,43,117,55,31,24
S01007139,Whole house or bungalow: Terraced (including end-terrace),104,77,35,42,27,10,17
S01007139,Flat maisonette or apartment or mobile/temporary accommodation,7,2,0,2,5,3,2
S01007140,All people in households,1022,778,315,463,244,87,157
S01007140,Whole house or bungalow: Total,1015,774,314,460,241,84,157
S01007140,Whole house or bungalow: Detached,715,621,274,347,94,7,87
S01007140,Whole house or bungalow: Semi-detached,258,124,27,97,134,67,67
S01007140,Whole house or bungalow: Terraced (including end-terrace),42,29,13,16,13,10,3
S01007140,Flat maisonette or apartment or mobile/temporary accommodation,7,4,1,3,3,3,0
S01007141,All people in households,684,585,213,372,99,23,76
S01007141,Whole house or bungalow: Total,682,584,213,371,98,23,75
S01007141,Whole house or bungalow: Detached,434,388,160,228,46,4,42
S01007141,Whole house or bungalow: Semi-detached,214,169,48,121,45,14,31
S01007141,Whole house or bungalow: Terraced (including end-terrace),34,27,5,22,7,5,2
S01007141,Flat maisonette or apartment or mobile/temporary accommodation,2,1,0,1,1,0,1
S01007142,All people in households,566,528,78,450,38,3,35
S01007142,Whole house or bungalow: Total,561,524,78,446,37,3,34
S01007142,Whole house or bungalow: Detached,530,500,73,427,30,0,30
S01007142,Whole house or bungalow: Semi-detached,25,21,5,16,4,0,4
S01007142,Whole house or bungalow: Terraced (including end-terrace),6,3,0,3,3,3,0
S01007142,Flat maisonette or apartment or mobile/temporary accommodation,5,4,0,4,1,0,1
S01007143,All people in households,671,625,75,550,46,8,38
S01007143,Whole house or bungalow: Total,666,625,75,550,41,7,34
S01007143,Whole house or bungalow: Detached,530,504,67,437,26,0,26
S01007143,Whole house or bungalow: Semi-detached,126,111,8,103,15,7,8
S01007143,Whole house or bungalow: Terraced (including end-terrace),10,10,0,10,0,0,0
S01007143,Flat maisonette or apartment or mobile/temporary accommodation,5,0,0,0,5,1,4
S01007144,All people in households,589,394,185,209,195,21,174
S01007144,Whole house or bungalow: Total,575,394,185,209,181,21,160
S01007144,Whole house or bungalow: Detached,359,269,135,134,90,2,88
S01007144,Whole house or bungalow: Semi-detached,181,101,32,69,80,13,67
S01007144,Whole house or bungalow: Terraced (including end-terrace),35,24,18,6,11,6,5
S01007144,Flat maisonette or apartment or mobile/temporary accommodation,14,0,0,0,14,0,14
S01007145,All people in households,892,757,376,381,135,84,51
S01007145,Whole house or bungalow: Total,840,727,359,368,113,63,50
S01007145,Whole house or bungalow: Detached,457,435,202,233,22,0,22
S01007145,Whole house or bungalow: Semi-detached,275,238,131,107,37,24,13
S01007145,Whole house or bungalow: Terraced (including end-terrace),108,54,26,28,54,39,15
S01007145,Flat maisonette or apartment or mobile/temporary accommodation,52,30,17,13,22,21,1
S01007146,All people in households,759,611,257,354,148,75,73
S01007146,Whole house or bungalow: Total,692,570,238,332,122,61,61
S01007146,Whole house or bungalow: Detached,191,179,93,86,12,0,12
S01007146,Whole house or bungalow: Semi-detached,411,334,127,207,77,40,37
S01007146,Whole house or bungalow: Terraced (including end-terrace),90,57,18,39,33,21,12
S01007146,Flat maisonette or apartment or mobile/temporary accommodation,67,41,19,22,26,14,12
S01007147,All people in households,711,653,274,379,58,24,34
S01007147,Whole house or bungalow: Total,665,619,260,359,46,15,31
S01007147,Whole house or bungalow: Detached,486,461,196,265,25,0,25
S01007147,Whole house or bungalow: Semi-detached,109,98,33,65,11,8,3
S01007147,Whole house or bungalow: Terraced (including end-terrace),70,60,31,29,10,7,3
S01007147,Flat maisonette or apartment or mobile/temporary accommodation,46,34,14,20,12,9,3
S01007148,All people in households,538,501,193,308,37,13,24
S01007148,Whole house or bungalow: Total,532,501,193,308,31,9,22
S01007148,Whole house or bungalow: Detached,353,348,154,194,5,0,5
S01007148,Whole house or bungalow: Semi-detached,114,95,36,59,19,9,10
S01007148,Whole house or bungalow: Terraced (including end-terrace),65,58,3,55,7,0,7
S01007148,Flat maisonette or apartment or mobile/temporary accommodation,6,0,0,0,6,4,2
S01007149,All people in households,542,513,251,262,29,12,17
S01007149,Whole house or bungalow: Total,532,506,248,258,26,9,17
S01007149,Whole house or bungalow: Detached,354,346,179,167,8,0,8
S01007149,Whole house or bungalow: Semi-detached,174,160,69,91,14,5,9
S01007149,Whole house or bungalow: Terraced (including end-terrace),4,0,0,0,4,4,0
S01007149,Flat maisonette or apartment or mobile/temporary accommodation,10,7,3,4,3,3,0
S01007150,All people in households,700,639,398,241,61,19,42
S01007150,Whole house or bungalow: Total,567,542,324,218,25,5,20
S01007150,Whole house or bungalow: Detached,316,301,195,106,15,0,15
S01007150,Whole house or bungalow: Semi-detached,237,227,126,101,10,5,5
S01007150,Whole house or bungalow: Terraced (including end-terrace),14,14,3,11,0,0,0
S01007150,Flat maisonette or apartment or mobile/temporary accommodation,133,97,74,23,36,14,22
S01007151,All people in households,859,807,295,512,52,7,45
S01007151,Whole house or bungalow: Total,833,806,294,512,27,3,24
S01007151,Whole house or bungalow: Detached,647,642,233,409,5,0,5
S01007151,Whole house or bungalow: Semi-detached,169,150,56,94,19,3,16
S01007151,Whole house or bungalow: Terraced (including end-terrace),17,14,5,9,3,0,3
S01007151,Flat maisonette or apartment or mobile/temporary accommodation,26,1,1,0,25,4,21
S01007152,All people in households,543,489,212,277,54,23,31
S01007152,Whole house or bungalow: Total,472,448,188,260,24,1,23
S01007152,Whole house or bungalow: Detached,244,232,87,145,12,0,12
S01007152,Whole house or bungalow: Semi-detached,198,187,88,99,11,0,11
S01007152,Whole house or bungalow: Terraced (including end-terrace),30,29,13,16,1,1,0
S01007152,Flat maisonette or apartment or mobile/temporary accommodation,71,41,24,17,30,22,8
S01007153,All people in households,633,548,217,331,85,52,33
S01007153,Whole house or bungalow: Total,623,540,211,329,83,50,33
S01007153,Whole house or bungalow: Detached,223,221,85,136,2,0,2
S01007153,Whole house or bungalow: Semi-detached,198,165,85,80,33,13,20
S01007153,Whole house or bungalow: Terraced (including end-terrace),202,154,41,113,48,37,11
S01007153,Flat maisonette or apartment or mobile/temporary accommodation,10,8,6,2,2,2,0
S01007154,All people in households,776,565,238,327,211,117,94
S01007154,Whole house or bungalow: Total,358,309,109,200,49,17,32
S01007154,Whole house or bungalow: Detached,140,115,49,66,25,4,21
S01007154,Whole house or bungalow: Semi-detached,197,179,55,124,18,7,11
S01007154,Whole house or bungalow: Terraced (including end-terrace),21,15,5,10,6,6,0
S01007154,Flat maisonette or apartment or mobile/temporary accommodation,418,256,129,127,162,100,62
S01007155,All people in households,640,533,219,314,107,52,55
S01007155,Whole house or bungalow: Total,550,492,198,294,58,20,38
S01007155,Whole house or bungalow: Detached,118,109,60,49,9,0,9
S01007155,Whole house or bungalow: Semi-detached,335,309,111,198,26,7,19
S01007155,Whole house or bungalow: Terraced (including end-terrace),97,74,27,47,23,13,10
S01007155,Flat maisonette or apartment or mobile/temporary accommodation,90,41,21,20,49,32,17
S01007156,All people in households,722,572,224,348,150,68,82
S01007156,Whole house or bungalow: Total,711,563,217,346,148,68,80
S01007156,Whole house or bungalow: Detached,335,303,138,165,32,8,24
S01007156,Whole house or bungalow: Semi-detached,182,127,49,78,55,30,25
S01007156,Whole house or bungalow: Terraced (including end-terrace),194,133,30,103,61,30,31
S01007156,Flat maisonette or apartment or mobile/temporary accommodation,11,9,7,2,2,0,2
S01007157,All people in households,648,435,110,325,213,149,64
S01007157,Whole house or bungalow: Total,611,417,105,312,194,134,60
S01007157,Whole house or bungalow: Detached,55,34,13,21,21,6,15
S01007157,Whole house or bungalow: Semi-detached,281,190,42,148,91,65,26
S01007157,Whole house or bungalow: Terraced (including end-terrace),275,193,50,143,82,63,19
S01007157,Flat maisonette or apartment or mobile/temporary accommodation,37,18,5,13,19,15,4
S01007158,All people in households,939,793,198,595,146,70,76
S01007158,Whole house or bungalow: Total,904,786,192,594,118,46,72
S01007158,Whole house or bungalow: Detached,412,384,96,288,28,2,26
S01007158,Whole house or bungalow: Semi-detached,332,272,63,209,60,25,35
S01007158,Whole house or bungalow: Terraced (including end-terrace),160,130,33,97,30,19,11
S01007158,Flat maisonette or apartment or mobile/temporary accommodation,35,7,6,1,28,24,4
S01007159,All people in households,840,547,196,351,293,211,82
S01007159,Whole house or bungalow: Total,570,426,175,251,144,98,46
S01007159,Whole house or bungalow: Detached,83,75,33,42,8,1,7
S01007159,Whole house or bungalow: Semi-detached,318,245,102,143,73,54,19
S01007159,Whole house or bungalow: Terraced (including end-terrace),169,106,40,66,63,43,20
S01007159,Flat maisonette or apartment or mobile/temporary accommodation,270,121,21,100,149,113,36
S01007160,All people in households,826,552,212,340,274,209,65
S01007160,Whole house or bungalow: Total,772,540,205,335,232,185,47
S01007160,Whole house or bungalow: Detached,123,112,55,57,11,3,8
S01007160,Whole house or bungalow: Semi-detached,377,240,82,158,137,111,26
S01007160,Whole house or bungalow: Terraced (including end-terrace),272,188,68,120,84,71,13
S01007160,Flat maisonette or apartment or mobile/temporary accommodation,54,12,7,5,42,24,18
S01007161,All people in households,701,522,216,306,179,79,100
S01007161,Whole house or bungalow: Total,613,493,210,283,120,39,81
S01007161,Whole house or bungalow: Detached,164,143,80,63,21,2,19
S01007161,Whole house or bungalow: Semi-detached,238,187,72,115,51,23,28
S01007161,Whole house or bungalow: Terraced (including end-terrace),211,163,58,105,48,14,34
S01007161,Flat maisonette or apartment or mobile/temporary accommodation,88,29,6,23,59,40,19
S01007162,All people in households,523,225,93,132,298,161,137
S01007162,Whole house or bungalow: Total,218,137,50,87,81,48,33
S01007162,Whole house or bungalow: Detached,53,35,19,16,18,8,10
S01007162,Whole house or bungalow: Semi-detached,98,53,23,30,45,28,17
S01007162,Whole house or bungalow: Terraced (including end-terrace),67,49,8,41,18,12,6
S01007162,Flat maisonette or apartment or mobile/temporary accommodation,305,88,43,45,217,113,104
S01007163,All people in households,865,672,321,351,193,137,56
S01007163,Whole house or bungalow: Total,798,662,321,341,136,88,48
S01007163,Whole house or bungalow: Detached,233,224,114,110,9,3,6
S01007163,Whole house or bungalow: Semi-detached,441,343,172,171,98,67,31
S01007163,Whole house or bungalow: Terraced (including end-terrace),124,95,35,60,29,18,11
S01007163,Flat maisonette or apartment or mobile/temporary accommodation,67,10,0,10,57,49,8
S01007164,All people in households,558,454,221,233,104,32,72
S01007164,Whole house or bungalow: Total,480,414,211,203,66,25,41
S01007164,Whole house or bungalow: Detached,196,175,95,80,21,0,21
S01007164,Whole house or bungalow: Semi-detached,172,133,61,72,39,24,15
S01007164,Whole house or bungalow: Terraced (including end-terrace),112,106,55,51,6,1,5
S01007164,Flat maisonette or apartment or mobile/temporary accommodation,78,40,10,30,38,7,31
S01007165,All people in households,788,652,275,377,136,23,113
S01007165,Whole house or bungalow: Total,664,581,245,336,83,13,70
S01007165,Whole house or bungalow: Detached,310,281,127,154,29,0,29
S01007165,Whole house or bungalow: Semi-detached,275,239,89,150,36,8,28
S01007165,Whole house or bungalow: Terraced (including end-terrace),79,61,29,32,18,5,13
S01007165,Flat maisonette or apartment or mobile/temporary accommodation,124,71,30,41,53,10,43
S01007166,All people in households,707,554,240,314,153,58,95
S01007166,Whole house or bungalow: Total,652,527,229,298,125,47,78
S01007166,Whole house or bungalow: Detached,184,148,80,68,36,0,36
S01007166,Whole house or bungalow: Semi-detached,340,275,100,175,65,39,26
S01007166,Whole house or bungalow: Terraced (including end-terrace),128,104,49,55,24,8,16
S01007166,Flat maisonette or apartment or mobile/temporary accommodation,55,27,11,16,28,11,17
S01007167,All people in households,795,745,342,403,50,13,37
S01007167,Whole house or bungalow: Total,784,741,342,399,43,8,35
S01007167,Whole house or bungalow: Detached,493,478,239,239,15,0,15
S01007167,Whole house or bungalow: Semi-detached,270,244,96,148,26,7,19
S01007167,Whole house or bungalow: Terraced (including end-terrace),21,19,7,12,2,1,1
S01007167,Flat maisonette or apartment or mobile/temporary accommodation,11,4,0,4,7,5,2
S01007168,All people in households,965,918,442,476,47,5,42
S01007168,Whole house or bungalow: Total,961,918,442,476,43,5,38
S01007168,Whole house or bungalow: Detached,559,540,278,262,19,0,19
S01007168,Whole house or bungalow: Semi-detached,394,374,160,214,20,3,17
S01007168,Whole house or bungalow: Terraced (including end-terrace),8,4,4,0,4,2,2
S01007168,Flat maisonette or apartment or mobile/temporary accommodation,4,0,0,0,4,0,4
S01007169,All people in households,758,626,230,396,132,90,42
S01007169,Whole house or bungalow: Total,681,595,218,377,86,53,33
S01007169,Whole house or bungalow: Detached,465,445,164,281,20,3,17
S01007169,Whole house or bungalow: Semi-detached,194,145,53,92,49,33,16
S01007169,Whole house or bungalow: Terraced (including end-terrace),22,5,1,4,17,17,0
S01007169,Flat maisonette or apartment or mobile/temporary accommodation,77,31,12,19,46,37,9
S01007170,All people in households,648,475,210,265,173,26,147
S01007170,Whole house or bungalow: Total,611,453,193,260,158,18,140
S01007170,Whole house or bungalow: Detached,473,371,175,196,102,0,102
S01007170,Whole house or bungalow: Semi-detached,131,75,15,60,56,18,38
S01007170,Whole house or bungalow: Terraced (including end-terrace),7,7,3,4,0,0,0
S01007170,Flat maisonette or apartment or mobile/temporary accommodation,37,22,17,5,15,8,7
S01007171,All people in households,799,519,247,272,280,19,261
S01007171,Whole house or bungalow: Total,653,502,244,258,151,11,140
S01007171,Whole house or bungalow: Detached,474,388,197,191,86,2,84
S01007171,Whole house or bungalow: Semi-detached,148,88,36,52,60,8,52
S01007171,Whole house or bungalow: Terraced (including end-terrace),31,26,11,15,5,1,4
S01007171,Flat maisonette or apartment or mobile/temporary accommodation,146,17,3,14,129,8,121
S01007172,All people in households,792,629,318,311,163,14,149
S01007172,Whole house or bungalow: Total,751,593,291,302,158,11,147
S01007172,Whole house or bungalow: Detached,596,488,245,243,108,0,108
S01007172,Whole house or bungalow: Semi-detached,96,62,31,31,34,0,34
S01007172,Whole house or bungalow: Terraced (including end-terrace),59,43,15,28,16,11,5
S01007172,Flat maisonette or apartment or mobile/temporary accommodation,41,36,27,9,5,3,2
S01007173,All people in households,881,765,175,590,116,48,68
S01007173,Whole house or bungalow: Total,851,757,170,587,94,33,61
S01007173,Whole house or bungalow: Detached,528,498,88,410,30,0,30
S01007173,Whole house or bungalow: Semi-detached,199,160,55,105,39,15,24
S01007173,Whole house or bungalow: Terraced (including end-terrace),124,99,27,72,25,18,7
S01007173,Flat maisonette or apartment or mobile/temporary accommodation,30,8,5,3,22,15,7
S01007174,All people in households,851,623,134,489,228,183,45
S01007174,Whole house or bungalow: Total,822,620,134,486,202,162,40
S01007174,Whole house or bungalow: Detached,456,417,65,352,39,16,23
S01007174,Whole house or bungalow: Semi-detached,186,154,48,106,32,27,5
S01007174,Whole house or bungalow: Terraced (including end-terrace),180,49,21,28,131,119,12
S01007174,Flat maisonette or apartment or mobile/temporary accommodation,29,3,0,3,26,21,5
S01007175,All people in households,665,482,232,250,183,67,116
S01007175,Whole house or bungalow: Total,643,482,232,250,161,48,113
S01007175,Whole house or bungalow: Detached,142,135,83,52,7,2,5
S01007175,Whole house or bungalow: Semi-detached,377,257,125,132,120,34,86
S01007175,Whole house or bungalow: Terraced (including end-terrace),124,90,24,66,34,12,22
S01007175,Flat maisonette or apartment or mobile/temporary accommodation,22,0,0,0,22,19,3
S01007176,All people in households,708,424,190,234,284,106,178
S01007176,Whole house or bungalow: Total,568,374,178,196,194,35,159
S01007176,Whole house or bungalow: Detached,145,132,70,62,13,0,13
S01007176,Whole house or bungalow: Semi-detached,289,127,69,58,162,21,141
S01007176,Whole house or bungalow: Terraced (including end-terrace),134,115,39,76,19,14,5
S01007176,Flat maisonette or apartment or mobile/temporary accommodation,140,50,12,38,90,71,19
S01007177,All people in households,631,345,136,209,286,243,43
S01007177,Whole house or bungalow: Total,390,274,115,159,116,92,24
S01007177,Whole house or bungalow: Detached,51,46,29,17,5,1,4
S01007177,Whole house or bungalow: Semi-detached,84,61,28,33,23,13,10
S01007177,Whole house or bungalow: Terraced (including end-terrace),255,167,58,109,88,78,10
S01007177,Flat maisonette or apartment or mobile/temporary accommodation,241,71,21,50,170,151,19
S01007178,All people in households,1047,391,148,243,656,571,85
S01007178,Whole house or bungalow: Total,592,366,135,231,226,163,63
S01007178,Whole house or bungalow: Detached,94,84,32,52,10,6,4
S01007178,Whole house or bungalow: Semi-detached,142,62,11,51,80,53,27
S01007178,Whole house or bungalow: Terraced (including end-terrace),356,220,92,128,136,104,32
S01007178,Flat maisonette or apartment or mobile/temporary accommodation,455,25,13,12,430,408,22
S01007179,All people in households,914,845,450,395,69,33,36
S01007179,Whole house or bungalow: Total,893,845,450,395,48,16,32
S01007179,Whole house or bungalow: Detached,610,584,306,278,26,5,21
S01007179,Whole house or bungalow: Semi-detached,267,246,136,110,21,11,10
S01007179,Whole house or bungalow: Terraced (including end-terrace),16,15,8,7,1,0,1
S01007179,Flat maisonette or apartment or mobile/temporary accommodation,21,0,0,0,21,17,4
S01007180,All people in households,750,650,366,284,100,72,28
S01007180,Whole house or bungalow: Total,665,638,361,277,27,4,23
S01007180,Whole house or bungalow: Detached,473,458,281,177,15,0,15
S01007180,Whole house or bungalow: Semi-detached,172,168,76,92,4,0,4
S01007180,Whole house or bungalow: Terraced (including end-terrace),20,12,4,8,8,4,4
S01007180,Flat maisonette or apartment or mobile/temporary accommodation,85,12,5,7,73,68,5
S01007181,All people in households,739,647,306,341,92,34,58
S01007181,Whole house or bungalow: Total,650,598,283,315,52,30,22
S01007181,Whole house or bungalow: Detached,316,302,168,134,14,1,13
S01007181,Whole house or bungalow: Semi-detached,248,236,95,141,12,12,0
S01007181,Whole house or bungalow: Terraced (including end-terrace),86,60,20,40,26,17,9
S01007181,Flat maisonette or apartment or mobile/temporary accommodation,89,49,23,26,40,4,36
S01007182,All people in households,1024,739,347,392,285,147,138
S01007182,Whole house or bungalow: Total,640,555,262,293,85,40,45
S01007182,Whole house or bungalow: Detached,206,183,89,94,23,7,16
S01007182,Whole house or bungalow: Semi-detached,283,251,119,132,32,10,22
S01007182,Whole house or bungalow: Terraced (including end-terrace),151,121,54,67,30,23,7
S01007182,Flat maisonette or apartment or mobile/temporary accommodation,384,184,85,99,200,107,93
S01007183,All people in households,1078,698,264,434,380,251,129
S01007183,Whole house or bungalow: Total,718,523,203,320,195,137,58
S01007183,Whole house or bungalow: Detached,155,141,67,74,14,5,9
S01007183,Whole house or bungalow: Semi-detached,171,123,60,63,48,36,12
S01007183,Whole house or bungalow: Terraced (including end-terrace),392,259,76,183,133,96,37
S01007183,Flat maisonette or apartment or mobile/temporary accommodation,360,175,61,114,185,114,71
S01007184,All people in households,1039,608,225,383,431,245,186
S01007184,Whole house or bungalow: Total,498,397,158,239,101,56,45
S01007184,Whole house or bungalow: Detached,92,81,34,47,11,5,6
S01007184,Whole house or bungalow: Semi-detached,111,79,28,51,32,22,10
S01007184,Whole house or bungalow: Terraced (including end-terrace),295,237,96,141,58,29,29
S01007184,Flat maisonette or apartment or mobile/temporary accommodation,541,211,67,144,330,189,141
S01007185,All people in households,820,316,109,207,504,387,117
S01007185,Whole house or bungalow: Total,257,184,56,128,73,56,17
S01007185,Whole house or bungalow: Detached,55,42,11,31,13,7,6
S01007185,Whole house or bungalow: Semi-detached,60,31,12,19,29,25,4
S01007185,Whole house or bungalow: Terraced (including end-terrace),142,111,33,78,31,24,7
S01007185,Flat maisonette or apartment or mobile/temporary accommodation,563,132,53,79,431,331,100
S01007186,All people in households,593,197,66,131,396,289,107
S01007186,Whole house or bungalow: Total,224,126,35,91,98,79,19
S01007186,Whole house or bungalow: Detached,26,18,1,17,8,8,0
S01007186,Whole house or bungalow: Semi-detached,72,36,10,26,36,35,1
S01007186,Whole house or bungalow: Terraced (including end-terrace),126,72,24,48,54,36,18
S01007186,Flat maisonette or apartment or mobile/temporary accommodation,369,71,31,40,298,210,88
S01007187,All people in households,804,292,109,183,512,289,223
S01007187,Whole house or bungalow: Total,229,163,58,105,66,51,15
S01007187,Whole house or bungalow: Detached,41,33,13,20,8,5,3
S01007187,Whole house or bungalow: Semi-detached,73,46,16,30,27,23,4
S01007187,Whole house or bungalow: Terraced (including end-terrace),115,84,29,55,31,23,8
S01007187,Flat maisonette or apartment or mobile/temporary accommodation,575,129,51,78,446,238,208
S01007188,All people in households,602,321,141,180,281,131,150
S01007188,Whole house or bungalow: Total,244,195,96,99,49,20,29
S01007188,Whole house or bungalow: Detached,26,11,0,11,15,7,8
S01007188,Whole house or bungalow: Semi-detached,42,26,11,15,16,7,9
S01007188,Whole house or bungalow: Terraced (including end-terrace),176,158,85,73,18,6,12
S01007188,Flat maisonette or apartment or mobile/temporary accommodation,358,126,45,81,232,111,121
S01007189,All people in households,768,374,162,212,394,304,90
S01007189,Whole house or bungalow: Total,397,286,129,157,111,92,19
S01007189,Whole house or bungalow: Detached,126,113,50,63,13,8,5
S01007189,Whole house or bungalow: Semi-detached,128,71,36,35,57,46,11
S01007189,Whole house or bungalow: Terraced (including end-terrace),143,102,43,59,41,38,3
S01007189,Flat maisonette or apartment or mobile/temporary accommodation,371,88,33,55,283,212,71
S01007190,All people in households,815,618,272,346,197,130,67
S01007190,Whole house or bungalow: Total,780,599,264,335,181,119,62
S01007190,Whole house or bungalow: Detached,235,221,123,98,14,6,8
S01007190,Whole house or bungalow: Semi-detached,434,311,115,196,123,78,45
S01007190,Whole house or bungalow: Terraced (including end-terrace),111,67,26,41,44,35,9
S01007190,Flat maisonette or apartment or mobile/temporary accommodation,35,19,8,11,16,11,5
S01007191,All people in households,616,353,136,217,263,165,98
S01007191,Whole house or bungalow: Total,498,333,126,207,165,132,33
S01007191,Whole house or bungalow: Detached,43,37,21,16,6,3,3
S01007191,Whole house or bungalow: Semi-detached,180,108,54,54,72,54,18
S01007191,Whole house or bungalow: Terraced (including end-terrace),275,188,51,137,87,75,12
S01007191,Flat maisonette or apartment or mobile/temporary accommodation,118,20,10,10,98,33,65
S01007192,All people in households,612,324,124,200,288,250,38
S01007192,Whole house or bungalow: Total,397,274,114,160,123,101,22
S01007192,Whole house or bungalow: Detached,67,54,27,27,13,7,6
S01007192,Whole house or bungalow: Semi-detached,123,92,34,58,31,25,6
S01007192,Whole house or bungalow: Terraced (including end-terrace),207,128,53,75,79,69,10
S01007192,Flat maisonette or apartment or mobile/temporary accommodation,215,50,10,40,165,149,16
S01007193,All people in households,769,479,117,362,290,245,45
S01007193,Whole house or bungalow: Total,727,468,117,351,259,222,37
S01007193,Whole house or bungalow: Detached,19,14,5,9,5,5,0
S01007193,Whole house or bungalow: Semi-detached,288,191,39,152,97,81,16
S01007193,Whole house or bungalow: Terraced (including end-terrace),420,263,73,190,157,136,21
S01007193,Flat maisonette or apartment or mobile/temporary accommodation,42,11,0,11,31,23,8
S01007194,All people in households,641,215,85,130,426,331,95
S01007194,Whole house or bungalow: Total,337,148,66,82,189,169,20
S01007194,Whole house or bungalow: Detached,13,8,8,0,5,2,3
S01007194,Whole house or bungalow: Semi-detached,169,77,39,38,92,90,2
S01007194,Whole house or bungalow: Terraced (including end-terrace),155,63,19,44,92,77,15
S01007194,Flat maisonette or apartment or mobile/temporary accommodation,304,67,19,48,237,162,75
S01007195,All people in households,580,267,113,154,313,274,39
S01007195,Whole house or bungalow: Total,511,251,106,145,260,237,23
S01007195,Whole house or bungalow: Detached,75,45,26,19,30,29,1
S01007195,Whole house or bungalow: Semi-detached,249,92,45,47,157,144,13
S01007195,Whole house or bungalow: Terraced (including end-terrace),187,114,35,79,73,64,9
S01007195,Flat maisonette or apartment or mobile/temporary accommodation,69,16,7,9,53,37,16
S01007196,All people in households,768,370,68,302,398,338,60
S01007196,Whole house or bungalow: Total,549,311,61,250,238,209,29
S01007196,Whole house or bungalow: Detached,63,42,16,26,21,13,8
S01007196,Whole house or bungalow: Semi-detached,288,113,14,99,175,162,13
S01007196,Whole house or bungalow: Terraced (including end-terrace),198,156,31,125,42,34,8
S01007196,Flat maisonette or apartment or mobile/temporary accommodation,219,59,7,52,160,129,31
S01007197,All people in households,637,119,34,85,518,463,55
S01007197,Whole house or bungalow: Total,282,91,18,73,191,157,34
S01007197,Whole house or bungalow: Detached,38,19,11,8,19,8,11
S01007197,Whole house or bungalow: Semi-detached,197,68,5,63,129,115,14
S01007197,Whole house or bungalow: Terraced (including end-terrace),47,4,2,2,43,34,9
S01007197,Flat maisonette or apartment or mobile/temporary accommodation,355,28,16,12,327,306,21
S01007198,All people in households,532,222,79,143,310,279,31
S01007198,Whole house or bungalow: Total,244,173,52,121,71,62,9
S01007198,Whole house or bungalow: Detached,52,45,9,36,7,4,3
S01007198,Whole house or bungalow: Semi-detached,155,96,36,60,59,53,6
S01007198,Whole house or bungalow: Terraced (including end-terrace),37,32,7,25,5,5,0
S01007198,Flat maisonette or apartment or mobile/temporary accommodation,288,49,27,22,239,217,22
S01007199,All people in households,804,279,90,189,525,465,60
S01007199,Whole house or bungalow: Total,353,202,64,138,151,114,37
S01007199,Whole house or bungalow: Detached,51,30,14,16,21,14,7
S01007199,Whole house or bungalow: Semi-detached,127,58,25,33,69,59,10
S01007199,Whole house or bungalow: Terraced (including end-terrace),175,114,25,89,61,41,20
S01007199,Flat maisonette or apartment or mobile/temporary accommodation,451,77,26,51,374,351,23
S01007200,All people in households,849,573,182,391,276,204,72
S01007200,Whole house or bungalow: Total,737,548,175,373,189,129,60
S01007200,Whole house or bungalow: Detached,37,25,9,16,12,2,10
S01007200,Whole house or bungalow: Semi-detached,90,49,18,31,41,29,12
S01007200,Whole house or bungalow: Terraced (including end-terrace),610,474,148,326,136,98,38
S01007200,Flat maisonette or apartment or mobile/temporary accommodation,112,25,7,18,87,75,12
S01007201,All people in households,738,486,219,267,252,215,37
S01007201,Whole house or bungalow: Total,570,462,215,247,108,80,28
S01007201,Whole house or bungalow: Detached,151,138,67,71,13,4,9
S01007201,Whole house or bungalow: Semi-detached,260,239,118,121,21,15,6
S01007201,Whole house or bungalow: Terraced (including end-terrace),159,85,30,55,74,61,13
S01007201,Flat maisonette or apartment or mobile/temporary accommodation,168,24,4,20,144,135,9
S01007202,All people in households,735,446,216,230,289,241,48
S01007202,Whole house or bungalow: Total,567,429,205,224,138,102,36
S01007202,Whole house or bungalow: Detached,98,95,50,45,3,3,0
S01007202,Whole house or bungalow: Semi-detached,113,64,35,29,49,37,12
S01007202,Whole house or bungalow: Terraced (including end-terrace),356,270,120,150,86,62,24
S01007202,Flat maisonette or apartment or mobile/temporary accommodation,168,17,11,6,151,139,12
S01007203,All people in households,643,502,144,358,141,100,41
S01007203,Whole house or bungalow: Total,623,499,141,358,124,89,35
S01007203,Whole house or bungalow: Detached,42,36,17,19,6,3,3
S01007203,Whole house or bungalow: Semi-detached,197,141,33,108,56,36,20
S01007203,Whole house or bungalow: Terraced (including end-terrace),384,322,91,231,62,50,12
S01007203,Flat maisonette or apartment or mobile/temporary accommodation,20,3,3,0,17,11,6
S01007204,All people in households,956,616,259,357,340,156,184
S01007204,Whole house or bungalow: Total,923,603,254,349,320,139,181
S01007204,Whole house or bungalow: Detached,456,351,138,213,105,0,105
S01007204,Whole house or bungalow: Semi-detached,268,143,76,67,125,61,64
S01007204,Whole house or bungalow: Terraced (including end-terrace),199,109,40,69,90,78,12
S01007204,Flat maisonette or apartment or mobile/temporary accommodation,33,13,5,8,20,17,3
S01007205,All people in households,672,458,201,257,214,34,180
S01007205,Whole house or bungalow: Total,662,456,199,257,206,31,175
S01007205,Whole house or bungalow: Detached,447,324,160,164,123,10,113
S01007205,Whole house or bungalow: Semi-detached,155,86,34,52,69,12,57
S01007205,Whole house or bungalow: Terraced (including end-terrace),60,46,5,41,14,9,5
S01007205,Flat maisonette or apartment or mobile/temporary accommodation,10,2,2,0,8,3,5
S01007206,All people in households,392,250,126,124,142,60,82
S01007206,Whole house or bungalow: Total,265,199,103,96,66,26,40
S01007206,Whole house or bungalow: Detached,54,48,21,27,6,5,1
S01007206,Whole house or bungalow: Semi-detached,90,69,32,37,21,7,14
S01007206,Whole house or bungalow: Terraced (including end-terrace),121,82,50,32,39,14,25
S01007206,Flat maisonette or apartment or mobile/temporary accommodation,127,51,23,28,76,34,42
S01007207,All people in households,898,658,303,355,240,157,83
S01007207,Whole house or bungalow: Total,731,620,287,333,111,56,55
S01007207,Whole house or bungalow: Detached,195,181,87,94,14,1,13
S01007207,Whole house or bungalow: Semi-detached,417,357,170,187,60,27,33
S01007207,Whole house or bungalow: Terraced (including end-terrace),119,82,30,52,37,28,9
S01007207,Flat maisonette or apartment or mobile/temporary accommodation,167,38,16,22,129,101,28
S01007208,All people in households,990,426,139,287,564,332,232
S01007208,Whole house or bungalow: Total,278,181,65,116,97,51,46
S01007208,Whole house or bungalow: Detached,61,58,14,44,3,1,2
S01007208,Whole house or bungalow: Semi-detached,88,44,17,27,44,32,12
S01007208,Whole house or bungalow: Terraced (including end-terrace),129,79,34,45,50,18,32
S01007208,Flat maisonette or apartment or mobile/temporary accommodation,712,245,74,171,467,281,186
S01007209,All people in households,702,371,186,185,331,114,217
S01007209,Whole house or bungalow: Total,241,181,85,96,60,25,35
S01007209,Whole house or bungalow: Detached,48,37,18,19,11,3,8
S01007209,Whole house or bungalow: Semi-detached,77,56,23,33,21,13,8
S01007209,Whole house or bungalow: Terraced (including end-terrace),116,88,44,44,28,9,19
S01007209,Flat maisonette or apartment or mobile/temporary accommodation,461,190,101,89,271,89,182
S01007210,All people in households,779,354,109,245,425,311,114
S01007210,Whole house or bungalow: Total,282,169,48,121,113,85,28
S01007210,Whole house or bungalow: Detached,49,30,11,19,19,7,12
S01007210,Whole house or bungalow: Semi-detached,77,41,12,29,36,31,5
S01007210,Whole house or bungalow: Terraced (including end-terrace),156,98,25,73,58,47,11
S01007210,Flat maisonette or apartment or mobile/temporary accommodation,497,185,61,124,312,226,86
S01007211,All people in households,967,443,177,266,524,428,96
S01007211,Whole house or bungalow: Total,494,294,102,192,200,165,35
S01007211,Whole house or bungalow: Detached,62,48,21,27,14,10,4
S01007211,Whole house or bungalow: Semi-detached,159,87,30,57,72,70,2
S01007211,Whole house or bungalow: Terraced (including end-terrace),273,159,51,108,114,85,29
S01007211,Flat maisonette or apartment or mobile/temporary accommodation,473,149,75,74,324,263,61
S01007212,All people in households,546,394,189,205,152,53,99
S01007212,Whole house or bungalow: Total,366,307,151,156,59,14,45
S01007212,Whole house or bungalow: Detached,141,124,70,54,17,0,17
S01007212,Whole house or bungalow: Semi-detached,95,81,37,44,14,8,6
S01007212,Whole house or bungalow: Terraced (including end-terrace),130,102,44,58,28,6,22
S01007212,Flat maisonette or apartment or mobile/temporary accommodation,180,87,38,49,93,39,54
S01007213,All people in households,873,620,316,304,253,114,139
S01007213,Whole house or bungalow: Total,556,473,272,201,83,38,45
S01007213,Whole house or bungalow: Detached,173,156,87,69,17,3,14
S01007213,Whole house or bungalow: Semi-detached,237,195,108,87,42,28,14
S01007213,Whole house or bungalow: Terraced (including end-terrace),146,122,77,45,24,7,17
S01007213,Flat maisonette or apartment or mobile/temporary accommodation,317,147,44,103,170,76,94
S01007214,All people in households,726,313,138,175,413,327,86
S01007214,Whole house or bungalow: Total,237,176,75,101,61,40,21
S01007214,Whole house or bungalow: Detached,50,45,13,32,5,3,2
S01007214,Whole house or bungalow: Semi-detached,74,49,27,22,25,15,10
S01007214,Whole house or bungalow: Terraced (including end-terrace),113,82,35,47,31,22,9
S01007214,Flat maisonette or apartment or mobile/temporary accommodation,489,137,63,74,352,287,65
S01007215,All people in households,770,433,179,254,337,193,144
S01007215,Whole house or bungalow: Total,372,296,140,156,76,43,33
S01007215,Whole house or bungalow: Detached,132,127,72,55,5,0,5
S01007215,Whole house or bungalow: Semi-detached,126,98,35,63,28,13,15
S01007215,Whole house or bungalow: Terraced (including end-terrace),114,71,33,38,43,30,13
S01007215,Flat maisonette or apartment or mobile/temporary accommodation,398,137,39,98,261,150,111
S01007216,All people in households,694,554,248,306,140,73,67
S01007216,Whole house or bungalow: Total,549,494,229,265,55,14,41
S01007216,Whole house or bungalow: Detached,300,265,125,140,35,4,31
S01007216,Whole house or bungalow: Semi-detached,168,152,70,82,16,6,10
S01007216,Whole house or bungalow: Terraced (including end-terrace),81,77,34,43,4,4,0
S01007216,Flat maisonette or apartment or mobile/temporary accommodation,145,60,19,41,85,59,26
S01007217,All people in households,943,539,201,338,404,310,94
S01007217,Whole house or bungalow: Total,784,506,196,310,278,205,73
S01007217,Whole house or bungalow: Detached,103,77,22,55,26,7,19
S01007217,Whole house or bungalow: Semi-detached,212,155,53,102,57,32,25
S01007217,Whole house or bungalow: Terraced (including end-terrace),469,274,121,153,195,166,29
S01007217,Flat maisonette or apartment or mobile/temporary accommodation,159,33,5,28,126,105,21
S01007218,All people in households,876,793,385,408,83,26,57
S01007218,Whole house or bungalow: Total,853,786,384,402,67,18,49
S01007218,Whole house or bungalow: Detached,578,544,280,264,34,0,34
S01007218,Whole house or bungalow: Semi-detached,102,91,41,50,11,6,5
S01007218,Whole house or bungalow: Terraced (including end-terrace),173,151,63,88,22,12,10
S01007218,Flat maisonette or apartment or mobile/temporary accommodation,23,7,1,6,16,8,8
S01007219,All people in households,808,498,149,349,310,257,53
S01007219,Whole house or bungalow: Total,681,483,145,338,198,155,43
S01007219,Whole house or bungalow: Detached,156,135,33,102,21,7,14
S01007219,Whole house or bungalow: Semi-detached,59,32,20,12,27,21,6
S01007219,Whole house or bungalow: Terraced (including end-terrace),466,316,92,224,150,127,23
S01007219,Flat maisonette or apartment or mobile/temporary accommodation,127,15,4,11,112,102,10
S01007220,All people in households,701,477,133,344,224,169,55
S01007220,Whole house or bungalow: Total,593,461,122,339,132,102,30
S01007220,Whole house or bungalow: Detached,38,24,10,14,14,4,10
S01007220,Whole house or bungalow: Semi-detached,119,88,13,75,31,20,11
S01007220,Whole house or bungalow: Terraced (including end-terrace),436,349,99,250,87,78,9
S01007220,Flat maisonette or apartment or mobile/temporary accommodation,108,16,11,5,92,67,25
S01007221,All people in households,699,577,205,372,122,74,48
S01007221,Whole house or bungalow: Total,647,556,186,370,91,54,37
S01007221,Whole house or bungalow: Detached,452,425,141,284,27,9,18
S01007221,Whole house or bungalow: Semi-detached,161,106,38,68,55,40,15
S01007221,Whole house or bungalow: Terraced (including end-terrace),34,25,7,18,9,5,4
S01007221,Flat maisonette or apartment or mobile/temporary accommodation,52,21,19,2,31,20,11
S01007222,All people in households,806,512,247,265,294,226,68
S01007222,Whole house or bungalow: Total,782,510,247,263,272,214,58
S01007222,Whole house or bungalow: Detached,277,226,114,112,51,25,26
S01007222,Whole house or bungalow: Semi-detached,298,139,70,69,159,148,11
S01007222,Whole house or bungalow: Terraced (including end-terrace),207,145,63,82,62,41,21
S01007222,Flat maisonette or apartment or mobile/temporary accommodation,24,2,0,2,22,12,10
S01007223,All people in households,516,445,147,298,71,9,62
S01007223,Whole house or bungalow: Total,503,445,147,298,58,9,49
S01007223,Whole house or bungalow: Detached,423,391,121,270,32,0,32
S01007223,Whole house or bungalow: Semi-detached,62,40,18,22,22,5,17
S01007223,Whole house or bungalow: Terraced (including end-terrace),18,14,8,6,4,4,0
S01007223,Flat maisonette or apartment or mobile/temporary accommodation,13,0,0,0,13,0,13
S01007224,All people in households,615,460,217,243,155,95,60
S01007224,Whole house or bungalow: Total,566,440,210,230,126,70,56
S01007224,Whole house or bungalow: Detached,267,242,137,105,25,3,22
S01007224,Whole house or bungalow: Semi-detached,162,99,33,66,63,41,22
S01007224,Whole house or bungalow: Terraced (including end-terrace),137,99,40,59,38,26,12
S01007224,Flat maisonette or apartment or mobile/temporary accommodation,49,20,7,13,29,25,4
S01007225,All people in households,873,660,285,375,213,44,169
S01007225,Whole house or bungalow: Total,845,656,285,371,189,31,158
S01007225,Whole house or bungalow: Detached,527,432,207,225,95,4,91
S01007225,Whole house or bungalow: Semi-detached,192,126,48,78,66,12,54
S01007225,Whole house or bungalow: Terraced (including end-terrace),126,98,30,68,28,15,13
S01007225,Flat maisonette or apartment or mobile/temporary accommodation,28,4,0,4,24,13,11
S01007226,All people in households,797,596,291,305,201,22,179
S01007226,Whole house or bungalow: Total,772,587,282,305,185,14,171
S01007226,Whole house or bungalow: Detached,562,445,233,212,117,2,115
S01007226,Whole house or bungalow: Semi-detached,150,90,23,67,60,12,48
S01007226,Whole house or bungalow: Terraced (including end-terrace),60,52,26,26,8,0,8
S01007226,Flat maisonette or apartment or mobile/temporary accommodation,25,9,9,0,16,8,8
S01007227,All people in households,962,752,289,463,210,129,81
S01007227,Whole house or bungalow: Total,894,739,283,456,155,90,65
S01007227,Whole house or bungalow: Detached,330,299,121,178,31,6,25
S01007227,Whole house or bungalow: Semi-detached,341,269,104,165,72,46,26
S01007227,Whole house or bungalow: Terraced (including end-terrace),223,171,58,113,52,38,14
S01007227,Flat maisonette or apartment or mobile/temporary accommodation,68,13,6,7,55,39,16
S01007228,All people in households,648,404,177,227,244,37,207
S01007228,Whole house or bungalow: Total,636,399,177,222,237,33,204
S01007228,Whole house or bungalow: Detached,433,307,155,152,126,2,124
S01007228,Whole house or bungalow: Semi-detached,173,78,22,56,95,23,72
S01007228,Whole house or bungalow: Terraced (including end-terrace),30,14,0,14,16,8,8
S01007228,Flat maisonette or apartment or mobile/temporary accommodation,12,5,0,5,7,4,3
S01007229,All people in households,1102,676,292,384,426,30,396
S01007229,Whole house or bungalow: Total,1079,670,287,383,409,22,387
S01007229,Whole house or bungalow: Detached,769,528,243,285,241,1,240
S01007229,Whole house or bungalow: Semi-detached,259,131,42,89,128,19,109
S01007229,Whole house or bungalow: Terraced (including end-terrace),51,11,2,9,40,2,38
S01007229,Flat maisonette or apartment or mobile/temporary accommodation,23,6,5,1,17,8,9
S01007230,All people in households,742,270,73,197,472,434,38
S01007230,Whole house or bungalow: Total,400,232,61,171,168,145,23
S01007230,Whole house or bungalow: Detached,55,41,10,31,14,7,7
S01007230,Whole house or bungalow: Semi-detached,235,135,35,100,100,89,11
S01007230,Whole house or bungalow: Terraced (including end-terrace),110,56,16,40,54,49,5
S01007230,Flat maisonette or apartment or mobile/temporary accommodation,342,38,12,26,304,289,15
S01007231,All people in households,701,286,91,195,415,290,125
S01007231,Whole house or bungalow: Total,316,204,64,140,112,81,31
S01007231,Whole house or bungalow: Detached,33,26,6,20,7,0,7
S01007231,Whole house or bungalow: Semi-detached,155,102,31,71,53,43,10
S01007231,Whole house or bungalow: Terraced (including end-terrace),128,76,27,49,52,38,14
S01007231,Flat maisonette or apartment or mobile/temporary accommodation,385,82,27,55,303,209,94
S01007232,All people in households,726,208,72,136,518,414,104
S01007232,Whole house or bungalow: Total,382,154,52,102,228,180,48
S01007232,Whole house or bungalow: Detached,90,50,7,43,40,23,17
S01007232,Whole house or bungalow: Semi-detached,125,43,16,27,82,72,10
S01007232,Whole house or bungalow: Terraced (including end-terrace),167,61,29,32,106,85,21
S01007232,Flat maisonette or apartment or mobile/temporary accommodation,344,54,20,34,290,234,56
S01007233,All people in households,788,515,218,297,273,177,96
S01007233,Whole house or bungalow: Total,569,454,205,249,115,89,26
S01007233,Whole house or bungalow: Detached,194,183,91,92,11,3,8
S01007233,Whole house or bungalow: Semi-detached,156,112,56,56,44,38,6
S01007233,Whole house or bungalow: Terraced (including end-terrace),219,159,58,101,60,48,12
S01007233,Flat maisonette or apartment or mobile/temporary accommodation,219,61,13,48,158,88,70
S01007234,All people in households,613,374,158,216,239,138,101
S01007234,Whole house or bungalow: Total,530,327,141,186,203,127,76
S01007234,Whole house or bungalow: Detached,81,52,26,26,29,9,20
S01007234,Whole house or bungalow: Semi-detached,349,223,90,133,126,93,33
S01007234,Whole house or bungalow: Terraced (including end-terrace),100,52,25,27,48,25,23
S01007234,Flat maisonette or apartment or mobile/temporary accommodation,83,47,17,30,36,11,25
S01007235,All people in households,774,401,169,232,373,154,219
S01007235,Whole house or bungalow: Total,341,239,103,136,102,46,56
S01007235,Whole house or bungalow: Detached,121,88,45,43,33,4,29
S01007235,Whole house or bungalow: Semi-detached,116,78,28,50,38,16,22
S01007235,Whole house or bungalow: Terraced (including end-terrace),104,73,30,43,31,26,5
S01007235,Flat maisonette or apartment or mobile/temporary accommodation,433,162,66,96,271,108,163
S01007236,All people in households,619,425,137,288,194,110,84
S01007236,Whole house or bungalow: Total,449,334,111,223,115,88,27
S01007236,Whole house or bungalow: Detached,98,82,17,65,16,5,11
S01007236,Whole house or bungalow: Semi-detached,218,161,56,105,57,50,7
S01007236,Whole house or bungalow: Terraced (including end-terrace),133,91,38,53,42,33,9
S01007236,Flat maisonette or apartment or mobile/temporary accommodation,170,91,26,65,79,22,57
S01007237,All people in households,719,615,272,343,104,44,60
S01007237,Whole house or bungalow: Total,649,585,250,335,64,21,43
S01007237,Whole house or bungalow: Detached,271,261,119,142,10,0,10
S01007237,Whole house or bungalow: Semi-detached,360,313,124,189,47,14,33
S01007237,Whole house or bungalow: Terraced (including end-terrace),18,11,7,4,7,7,0
S01007237,Flat maisonette or apartment or mobile/temporary accommodation,70,30,22,8,40,23,17
S01007238,All people in households,915,618,224,394,297,231,66
S01007238,Whole house or bungalow: Total,800,601,220,381,199,145,54
S01007238,Whole house or bungalow: Detached,224,201,85,116,23,6,17
S01007238,Whole house or bungalow: Semi-detached,222,151,61,90,71,48,23
S01007238,Whole house or bungalow: Terraced (including end-terrace),354,249,74,175,105,91,14
S01007238,Flat maisonette or apartment or mobile/temporary accommodation,115,17,4,13,98,86,12
S01007239,All people in households,810,686,339,347,124,48,76
S01007239,Whole house or bungalow: Total,753,667,328,339,86,19,67
S01007239,Whole house or bungalow: Detached,558,494,248,246,64,0,64
S01007239,Whole house or bungalow: Semi-detached,153,141,66,75,12,9,3
S01007239,Whole house or bungalow: Terraced (including end-terrace),42,32,14,18,10,10,0
S01007239,Flat maisonette or apartment or mobile/temporary accommodation,57,19,11,8,38,29,9
S01007240,All people in households,539,320,169,151,219,18,201
S01007240,Whole house or bungalow: Total,524,318,167,151,206,11,195
S01007240,Whole house or bungalow: Detached,391,250,142,108,141,1,140
S01007240,Whole house or bungalow: Semi-detached,110,61,23,38,49,1,48
S01007240,Whole house or bungalow: Terraced (including end-terrace),23,7,2,5,16,9,7
S01007240,Flat maisonette or apartment or mobile/temporary accommodation,15,2,2,0,13,7,6
S01007241,All people in households,614,507,248,259,107,9,98
S01007241,Whole house or bungalow: Total,603,500,248,252,103,7,96
S01007241,Whole house or bungalow: Detached,445,380,218,162,65,0,65
S01007241,Whole house or bungalow: Semi-detached,121,90,24,66,31,0,31
S01007241,Whole house or bungalow: Terraced (including end-terrace),37,30,6,24,7,7,0
S01007241,Flat maisonette or apartment or mobile/temporary accommodation,11,7,0,7,4,2,2
S01007242,All people in households,999,811,337,474,188,89,99
S01007242,Whole house or bungalow: Total,957,810,337,473,147,55,92
S01007242,Whole house or bungalow: Detached,631,574,241,333,57,1,56
S01007242,Whole house or bungalow: Semi-detached,191,151,58,93,40,20,20
S01007242,Whole house or bungalow: Terraced (including end-terrace),135,85,38,47,50,34,16
S01007242,Flat maisonette or apartment or mobile/temporary accommodation,42,1,0,1,41,34,7
S01007243,All people in households,585,495,205,290,90,45,45
S01007243,Whole house or bungalow: Total,564,487,205,282,77,37,40
S01007243,Whole house or bungalow: Detached,388,359,154,205,29,3,26
S01007243,Whole house or bungalow: Semi-detached,145,101,35,66,44,31,13
S01007243,Whole house or bungalow: Terraced (including end-terrace),31,27,16,11,4,3,1
S01007243,Flat maisonette or apartment or mobile/temporary accommodation,21,8,0,8,13,8,5
S01007244,All people in households,717,539,305,234,178,33,145
S01007244,Whole house or bungalow: Total,707,537,305,232,170,27,143
S01007244,Whole house or bungalow: Detached,540,432,255,177,108,2,106
S01007244,Whole house or bungalow: Semi-detached,115,68,31,37,47,16,31
S01007244,Whole house or bungalow: Terraced (including end-terrace),52,37,19,18,15,9,6
S01007244,Flat maisonette or apartment or mobile/temporary accommodation,10,2,0,2,8,6,2
S01007245,All people in households,669,445,211,234,224,111,113
S01007245,Whole house or bungalow: Total,626,436,208,228,190,77,113
S01007245,Whole house or bungalow: Detached,362,261,144,117,101,14,87
S01007245,Whole house or bungalow: Semi-detached,164,118,45,73,46,23,23
S01007245,Whole house or bungalow: Terraced (including end-terrace),100,57,19,38,43,40,3
S01007245,Flat maisonette or apartment or mobile/temporary accommodation,43,9,3,6,34,34,0
S01007246,All people in households,564,422,195,227,142,55,87
S01007246,Whole house or bungalow: Total,558,416,195,221,142,55,87
S01007246,Whole house or bungalow: Detached,281,227,133,94,54,2,52
S01007246,Whole house or bungalow: Semi-detached,170,100,30,70,70,36,34
S01007246,Whole house or bungalow: Terraced (including end-terrace),107,89,32,57,18,17,1
S01007246,Flat maisonette or apartment or mobile/temporary accommodation,6,6,0,6,0,0,0
S01007247,All people in households,641,356,141,215,285,53,232
S01007247,Whole house or bungalow: Total,613,349,141,208,264,40,224
S01007247,Whole house or bungalow: Detached,286,164,60,104,122,2,120
S01007247,Whole house or bungalow: Semi-detached,216,114,36,78,102,27,75
S01007247,Whole house or bungalow: Terraced (including end-terrace),111,71,45,26,40,11,29
S01007247,Flat maisonette or apartment or mobile/temporary accommodation,28,7,0,7,21,13,8
S01007248,All people in households,763,712,347,365,51,21,30
S01007248,Whole house or bungalow: Total,745,709,347,362,36,9,27
S01007248,Whole house or bungalow: Detached,580,564,292,272,16,0,16
S01007248,Whole house or bungalow: Semi-detached,140,128,52,76,12,3,9
S01007248,Whole house or bungalow: Terraced (including end-terrace),25,17,3,14,8,6,2
S01007248,Flat maisonette or apartment or mobile/temporary accommodation,18,3,0,3,15,12,3
S01007249,All people in households,377,286,164,122,91,51,40
S01007249,Whole house or bungalow: Total,318,278,164,114,40,24,16
S01007249,Whole house or bungalow: Detached,175,167,112,55,8,0,8
S01007249,Whole house or bungalow: Semi-detached,92,75,42,33,17,10,7
S01007249,Whole house or bungalow: Terraced (including end-terrace),51,36,10,26,15,14,1
S01007249,Flat maisonette or apartment or mobile/temporary accommodation,59,8,0,8,51,27,24
S01007250,All people in households,822,525,212,313,297,167,130
S01007250,Whole house or bungalow: Total,519,410,179,231,109,71,38
S01007250,Whole house or bungalow: Detached,159,145,70,75,14,3,11
S01007250,Whole house or bungalow: Semi-detached,202,150,73,77,52,40,12
S01007250,Whole house or bungalow: Terraced (including end-terrace),158,115,36,79,43,28,15
S01007250,Flat maisonette or apartment or mobile/temporary accommodation,303,115,33,82,188,96,92
S01007251,All people in households,523,292,84,208,231,183,48
S01007251,Whole house or bungalow: Total,405,246,76,170,159,135,24
S01007251,Whole house or bungalow: Detached,130,109,39,70,21,11,10
S01007251,Whole house or bungalow: Semi-detached,160,81,18,63,79,71,8
S01007251,Whole house or bungalow: Terraced (including end-terrace),115,56,19,37,59,53,6
S01007251,Flat maisonette or apartment or mobile/temporary accommodation,118,46,8,38,72,48,24
S01007252,All people in households,798,539,215,324,259,173,86
S01007252,Whole house or bungalow: Total,694,494,203,291,200,159,41
S01007252,Whole house or bungalow: Detached,216,195,72,123,21,4,17
S01007252,Whole house or bungalow: Semi-detached,348,212,92,120,136,123,13
S01007252,Whole house or bungalow: Terraced (including end-terrace),130,87,39,48,43,32,11
S01007252,Flat maisonette or apartment or mobile/temporary accommodation,104,45,12,33,59,14,45
S01007253,All people in households,798,676,316,360,122,56,66
S01007253,Whole house or bungalow: Total,733,658,310,348,75,26,49
S01007253,Whole house or bungalow: Detached,399,378,196,182,21,2,19
S01007253,Whole house or bungalow: Semi-detached,242,196,81,115,46,24,22
S01007253,Whole house or bungalow: Terraced (including end-terrace),92,84,33,51,8,0,8
S01007253,Flat maisonette or apartment or mobile/temporary accommodation,65,18,6,12,47,30,17
S01007254,All people in households,793,369,123,246,424,305,119
S01007254,Whole house or bungalow: Total,440,258,85,173,182,121,61
S01007254,Whole house or bungalow: Detached,102,70,26,44,32,14,18
S01007254,Whole house or bungalow: Semi-detached,201,103,33,70,98,75,23
S01007254,Whole house or bungalow: Terraced (including end-terrace),137,85,26,59,52,32,20
S01007254,Flat maisonette or apartment or mobile/temporary accommodation,353,111,38,73,242,184,58
S01007255,All people in households,792,284,92,192,508,443,65
S01007255,Whole house or bungalow: Total,384,232,79,153,152,104,48
S01007255,Whole house or bungalow: Detached,56,29,9,20,27,12,15
S01007255,Whole house or bungalow: Semi-detached,99,59,12,47,40,30,10
S01007255,Whole house or bungalow: Terraced (including end-terrace),229,144,58,86,85,62,23
S01007255,Flat maisonette or apartment or mobile/temporary accommodation,408,52,13,39,356,339,17
S01007256,All people in households,799,374,135,239,425,262,163
S01007256,Whole house or bungalow: Total,412,248,77,171,164,115,49
S01007256,Whole house or bungalow: Detached,87,78,18,60,9,2,7
S01007256,Whole house or bungalow: Semi-detached,183,96,24,72,87,59,28
S01007256,Whole house or bungalow: Terraced (including end-terrace),142,74,35,39,68,54,14
S01007256,Flat maisonette or apartment or mobile/temporary accommodation,387,126,58,68,261,147,114
S01007257,All people in households,606,251,97,154,355,225,130
S01007257,Whole house or bungalow: Total,243,179,79,100,64,29,35
S01007257,Whole house or bungalow: Detached,73,52,26,26,21,3,18
S01007257,Whole house or bungalow: Semi-detached,97,71,31,40,26,13,13
S01007257,Whole house or bungalow: Terraced (including end-terrace),73,56,22,34,17,13,4
S01007257,Flat maisonette or apartment or mobile/temporary accommodation,363,72,18,54,291,196,95
S01007258,All people in households,870,506,207,299,364,254,110
S01007258,Whole house or bungalow: Total,577,462,197,265,115,47,68
S01007258,Whole house or bungalow: Detached,257,227,116,111,30,3,27
S01007258,Whole house or bungalow: Semi-detached,188,142,39,103,46,24,22
S01007258,Whole house or bungalow: Terraced (including end-terrace),132,93,42,51,39,20,19
S01007258,Flat maisonette or apartment or mobile/temporary accommodation,293,44,10,34,249,207,42
S01007259,All people in households,840,442,173,269,398,281,117
S01007259,Whole house or bungalow: Total,610,375,157,218,235,168,67
S01007259,Whole house or bungalow: Detached,104,61,34,27,43,11,32
S01007259,Whole house or bungalow: Semi-detached,216,130,57,73,86,66,20
S01007259,Whole house or bungalow: Terraced (including end-terrace),290,184,66,118,106,91,15
S01007259,Flat maisonette or apartment or mobile/temporary accommodation,230,67,16,51,163,113,50
S01007260,All people in households,884,421,123,298,463,412,51
S01007260,Whole house or bungalow: Total,740,408,116,292,332,286,46
S01007260,Whole house or bungalow: Detached,41,27,15,12,14,7,7
S01007260,Whole house or bungalow: Semi-detached,226,115,37,78,111,96,15
S01007260,Whole house or bungalow: Terraced (including end-terrace),473,266,64,202,207,183,24
S01007260,Flat maisonette or apartment or mobile/temporary accommodation,144,13,7,6,131,126,5
S01007261,All people in households,782,651,310,341,131,98,33
S01007261,Whole house or bungalow: Total,711,638,309,329,73,42,31
S01007261,Whole house or bungalow: Detached,435,415,174,241,20,1,19
S01007261,Whole house or bungalow: Semi-detached,183,156,100,56,27,18,9
S01007261,Whole house or bungalow: Terraced (including end-terrace),93,67,35,32,26,23,3
S01007261,Flat maisonette or apartment or mobile/temporary accommodation,71,13,1,12,58,56,2
S01007262,All people in households,712,495,176,319,217,167,50
S01007262,Whole house or bungalow: Total,611,473,166,307,138,103,35
S01007262,Whole house or bungalow: Detached,27,17,3,14,10,2,8
S01007262,Whole house or bungalow: Semi-detached,290,229,66,163,61,40,21
S01007262,Whole house or bungalow: Terraced (including end-terrace),294,227,97,130,67,61,6
S01007262,Flat maisonette or apartment or mobile/temporary accommodation,101,22,10,12,79,64,15
S01007263,All people in households,777,530,240,290,247,201,46
S01007263,Whole house or bungalow: Total,674,521,238,283,153,116,37
S01007263,Whole house or bungalow: Detached,114,90,61,29,24,11,13
S01007263,Whole house or bungalow: Semi-detached,225,192,98,94,33,27,6
S01007263,Whole house or bungalow: Terraced (including end-terrace),335,239,79,160,96,78,18
S01007263,Flat maisonette or apartment or mobile/temporary accommodation,103,9,2,7,94,85,9
S01007264,All people in households,744,558,239,319,186,154,32
S01007264,Whole house or bungalow: Total,648,549,239,310,99,72,27
S01007264,Whole house or bungalow: Detached,204,196,105,91,8,4,4
S01007264,Whole house or bungalow: Semi-detached,255,212,82,130,43,32,11
S01007264,Whole house or bungalow: Terraced (including end-terrace),189,141,52,89,48,36,12
S01007264,Flat maisonette or apartment or mobile/temporary accommodation,96,9,0,9,87,82,5
S01007265,All people in households,1059,660,199,461,399,326,73
S01007265,Whole house or bungalow: Total,677,532,167,365,145,99,46
S01007265,Whole house or bungalow: Detached,170,143,33,110,27,15,12
S01007265,Whole house or bungalow: Semi-detached,173,122,39,83,51,35,16
S01007265,Whole house or bungalow: Terraced (including end-terrace),334,267,95,172,67,49,18
S01007265,Flat maisonette or apartment or mobile/temporary accommodation,382,128,32,96,254,227,27
S01007266,All people in households,678,425,175,250,253,142,111
S01007266,Whole house or bungalow: Total,599,394,162,232,205,121,84
S01007266,Whole house or bungalow: Detached,184,144,74,70,40,5,35
S01007266,Whole house or bungalow: Semi-detached,197,107,47,60,90,53,37
S01007266,Whole house or bungalow: Terraced (including end-terrace),218,143,41,102,75,63,12
S01007266,Flat maisonette or apartment or mobile/temporary accommodation,79,31,13,18,48,21,27
S01007267,All people in households,521,283,157,126,238,33,205
S01007267,Whole house or bungalow: Total,511,280,154,126,231,33,198
S01007267,Whole house or bungalow: Detached,386,215,135,80,171,0,171
S01007267,Whole house or bungalow: Semi-detached,94,44,18,26,50,26,24
S01007267,Whole house or bungalow: Terraced (including end-terrace),31,21,1,20,10,7,3
S01007267,Flat maisonette or apartment or mobile/temporary accommodation,10,3,3,0,7,0,7
S01007268,All people in households,594,359,208,151,235,10,225
S01007268,Whole house or bungalow: Total,579,348,201,147,231,6,225
S01007268,Whole house or bungalow: Detached,410,259,170,89,151,3,148
S01007268,Whole house or bungalow: Semi-detached,134,80,28,52,54,3,51
S01007268,Whole house or bungalow: Terraced (including end-terrace),35,9,3,6,26,0,26
S01007268,Flat maisonette or apartment or mobile/temporary accommodation,15,11,7,4,4,4,0
S01007269,All people in households,528,421,186,235,107,47,60
S01007269,Whole house or bungalow: Total,518,420,185,235,98,42,56
S01007269,Whole house or bungalow: Detached,343,295,143,152,48,2,46
S01007269,Whole house or bungalow: Semi-detached,144,106,37,69,38,29,9
S01007269,Whole house or bungalow: Terraced (including end-terrace),31,19,5,14,12,11,1
S01007269,Flat maisonette or apartment or mobile/temporary accommodation,10,1,1,0,9,5,4
S01007270,All people in households,457,256,129,127,201,24,177
S01007270,Whole house or bungalow: Total,452,256,129,127,196,21,175
S01007270,Whole house or bungalow: Detached,289,154,90,64,135,6,129
S01007270,Whole house or bungalow: Semi-detached,123,78,26,52,45,10,35
S01007270,Whole house or bungalow: Terraced (including end-terrace),40,24,13,11,16,5,11
S01007270,Flat maisonette or apartment or mobile/temporary accommodation,5,0,0,0,5,3,2
S01007271,All people in households,957,751,338,413,206,95,111
S01007271,Whole house or bungalow: Total,820,716,319,397,104,26,78
S01007271,Whole house or bungalow: Detached,278,251,125,126,27,0,27
S01007271,Whole house or bungalow: Semi-detached,294,261,124,137,33,7,26
S01007271,Whole house or bungalow: Terraced (including end-terrace),248,204,70,134,44,19,25
S01007271,Flat maisonette or apartment or mobile/temporary accommodation,137,35,19,16,102,69,33
S01007272,All people in households,864,367,143,224,497,449,48
S01007272,Whole house or bungalow: Total,428,292,126,166,136,108,28
S01007272,Whole house or bungalow: Detached,60,53,15,38,7,7,0
S01007272,Whole house or bungalow: Semi-detached,215,141,73,68,74,54,20
S01007272,Whole house or bungalow: Terraced (including end-terrace),153,98,38,60,55,47,8
S01007272,Flat maisonette or apartment or mobile/temporary accommodation,436,75,17,58,361,341,20
S01007273,All people in households,668,452,197,255,216,148,68
S01007273,Whole house or bungalow: Total,490,412,190,222,78,53,25
S01007273,Whole house or bungalow: Detached,207,197,102,95,10,0,10
S01007273,Whole house or bungalow: Semi-detached,234,184,83,101,50,42,8
S01007273,Whole house or bungalow: Terraced (including end-terrace),49,31,5,26,18,11,7
S01007273,Flat maisonette or apartment or mobile/temporary accommodation,178,40,7,33,138,95,43
S01007274,All people in households,826,471,193,278,355,187,168
S01007274,Whole house or bungalow: Total,528,393,163,230,135,67,68
S01007274,Whole house or bungalow: Detached,170,155,69,86,15,10,5
S01007274,Whole house or bungalow: Semi-detached,164,106,45,61,58,30,28
S01007274,Whole house or bungalow: Terraced (including end-terrace),194,132,49,83,62,27,35
S01007274,Flat maisonette or apartment or mobile/temporary accommodation,298,78,30,48,220,120,100
S01007275,All people in households,551,430,209,221,121,92,29
S01007275,Whole house or bungalow: Total,486,405,198,207,81,58,23
S01007275,Whole house or bungalow: Detached,236,222,119,103,14,0,14
S01007275,Whole house or bungalow: Semi-detached,120,106,50,56,14,8,6
S01007275,Whole house or bungalow: Terraced (including end-terrace),130,77,29,48,53,50,3
S01007275,Flat maisonette or apartment or mobile/temporary accommodation,65,25,11,14,40,34,6
S01007276,All people in households,850,618,243,375,232,163,69
S01007276,Whole house or bungalow: Total,698,600,236,364,98,61,37
S01007276,Whole house or bungalow: Detached,370,353,148,205,17,2,15
S01007276,Whole house or bungalow: Semi-detached,170,141,49,92,29,17,12
S01007276,Whole house or bungalow: Terraced (including end-terrace),158,106,39,67,52,42,10
S01007276,Flat maisonette or apartment or mobile/temporary accommodation,152,18,7,11,134,102,32
S01007277,All people in households,756,658,293,365,98,64,34
S01007277,Whole house or bungalow: Total,750,655,292,363,95,62,33
S01007277,Whole house or bungalow: Detached,526,494,237,257,32,6,26
S01007277,Whole house or bungalow: Semi-detached,198,140,53,87,58,52,6
S01007277,Whole house or bungalow: Terraced (including end-terrace),26,21,2,19,5,4,1
S01007277,Flat maisonette or apartment or mobile/temporary accommodation,6,3,1,2,3,2,1
S01007278,All people in households,542,506,203,303,36,8,28
S01007278,Whole house or bungalow: Total,536,506,203,303,30,3,27
S01007278,Whole house or bungalow: Detached,427,407,147,260,20,0,20
S01007278,Whole house or bungalow: Semi-detached,104,97,56,41,7,0,7
S01007278,Whole house or bungalow: Terraced (including end-terrace),5,2,0,2,3,3,0
S01007278,Flat maisonette or apartment or mobile/temporary accommodation,6,0,0,0,6,5,1
S01007279,All people in households,558,392,246,146,166,17,149
S01007279,Whole house or bungalow: Total,542,388,246,142,154,8,146
S01007279,Whole house or bungalow: Detached,499,373,235,138,126,0,126
S01007279,Whole house or bungalow: Semi-detached,39,13,9,4,26,6,20
S01007279,Whole house or bungalow: Terraced (including end-terrace),4,2,2,0,2,2,0
S01007279,Flat maisonette or apartment or mobile/temporary accommodation,16,4,0,4,12,9,3
S01007280,All people in households,568,272,132,140,296,33,263
S01007280,Whole house or bungalow: Total,561,272,132,140,289,27,262
S01007280,Whole house or bungalow: Detached,411,207,108,99,204,2,202
S01007280,Whole house or bungalow: Semi-detached,132,62,21,41,70,19,51
S01007280,Whole house or bungalow: Terraced (including end-terrace),18,3,3,0,15,6,9
S01007280,Flat maisonette or apartment or mobile/temporary accommodation,7,0,0,0,7,6,1
S01007281,All people in households,885,619,274,345,266,26,240
S01007281,Whole house or bungalow: Total,852,608,269,339,244,15,229
S01007281,Whole house or bungalow: Detached,558,409,197,212,149,1,148
S01007281,Whole house or bungalow: Semi-detached,271,178,57,121,93,14,79
S01007281,Whole house or bungalow: Terraced (including end-terrace),23,21,15,6,2,0,2
S01007281,Flat maisonette or apartment or mobile/temporary accommodation,33,11,5,6,22,11,11
S01007282,All people in households,538,243,103,140,295,49,246
S01007282,Whole house or bungalow: Total,515,240,100,140,275,36,239
S01007282,Whole house or bungalow: Detached,420,197,85,112,223,4,219
S01007282,Whole house or bungalow: Semi-detached,80,30,9,21,50,31,19
S01007282,Whole house or bungalow: Terraced (including end-terrace),15,13,6,7,2,1,1
S01007282,Flat maisonette or apartment or mobile/temporary accommodation,23,3,3,0,20,13,7
S01007283,All people in households,992,684,336,348,308,172,136
S01007283,Whole house or bungalow: Total,919,661,328,333,258,139,119
S01007283,Whole house or bungalow: Detached,492,403,212,191,89,14,75
S01007283,Whole house or bungalow: Semi-detached,251,151,52,99,100,66,34
S01007283,Whole house or bungalow: Terraced (including end-terrace),176,107,64,43,69,59,10
S01007283,Flat maisonette or apartment or mobile/temporary accommodation,73,23,8,15,50,33,17
S01007284,All people in households,841,605,400,205,236,122,114
S01007284,Whole house or bungalow: Total,815,597,396,201,218,111,107
S01007284,Whole house or bungalow: Detached,616,528,356,172,88,5,83
S01007284,Whole house or bungalow: Semi-detached,182,61,35,26,121,102,19
S01007284,Whole house or bungalow: Terraced (including end-terrace),17,8,5,3,9,4,5
S01007284,Flat maisonette or apartment or mobile/temporary accommodation,26,8,4,4,18,11,7
S01007285,All people in households,833,605,337,268,228,73,155
S01007285,Whole house or bungalow: Total,797,595,329,266,202,70,132
S01007285,Whole house or bungalow: Detached,574,471,272,199,103,0,103
S01007285,Whole house or bungalow: Semi-detached,182,108,52,56,74,45,29
S01007285,Whole house or bungalow: Terraced (including end-terrace),41,16,5,11,25,25,0
S01007285,Flat maisonette or apartment or mobile/temporary accommodation,36,10,8,2,26,3,23
S01007286,All people in households,939,609,314,295,330,160,170
S01007286,Whole house or bungalow: Total,742,537,279,258,205,92,113
S01007286,Whole house or bungalow: Detached,386,325,186,139,61,21,40
S01007286,Whole house or bungalow: Semi-detached,245,136,52,84,109,64,45
S01007286,Whole house or bungalow: Terraced (including end-terrace),111,76,41,35,35,7,28
S01007286,Flat maisonette or apartment or mobile/temporary accommodation,197,72,35,37,125,68,57
S01007287,All people in households,562,361,218,143,201,78,123
S01007287,Whole house or bungalow: Total,501,334,200,134,167,55,112
S01007287,Whole house or bungalow: Detached,353,268,163,105,85,9,76
S01007287,Whole house or bungalow: Semi-detached,133,59,30,29,74,44,30
S01007287,Whole house or bungalow: Terraced (including end-terrace),15,7,7,0,8,2,6
S01007287,Flat maisonette or apartment or mobile/temporary accommodation,61,27,18,9,34,23,11
S01007288,All people in households,534,356,210,146,178,38,140
S01007288,Whole house or bungalow: Total,509,336,204,132,173,36,137
S01007288,Whole house or bungalow: Detached,407,293,184,109,114,0,114
S01007288,Whole house or bungalow: Semi-detached,56,28,11,17,28,12,16
S01007288,Whole house or bungalow: Terraced (including end-terrace),46,15,9,6,31,24,7
S01007288,Flat maisonette or apartment or mobile/temporary accommodation,25,20,6,14,5,2,3
S01007289,All people in households,792,707,339,368,85,25,60
S01007289,Whole house or bungalow: Total,708,649,313,336,59,9,50
S01007289,Whole house or bungalow: Detached,448,412,226,186,36,0,36
S01007289,Whole house or bungalow: Semi-detached,206,187,80,107,19,6,13
S01007289,Whole house or bungalow: Terraced (including end-terrace),54,50,7,43,4,3,1
S01007289,Flat maisonette or apartment or mobile/temporary accommodation,84,58,26,32,26,16,10
S01007290,All people in households,786,328,59,269,458,389,69
S01007290,Whole house or bungalow: Total,613,284,58,226,329,283,46
S01007290,Whole house or bungalow: Detached,161,127,15,112,34,20,14
S01007290,Whole house or bungalow: Semi-detached,439,153,42,111,286,258,28
S01007290,Whole house or bungalow: Terraced (including end-terrace),13,4,1,3,9,5,4
S01007290,Flat maisonette or apartment or mobile/temporary accommodation,173,44,1,43,129,106,23
S01007291,All people in households,643,372,140,232,271,170,101
S01007291,Whole house or bungalow: Total,407,286,116,170,121,61,60
S01007291,Whole house or bungalow: Detached,152,108,62,46,44,22,22
S01007291,Whole house or bungalow: Semi-detached,196,152,49,103,44,21,23
S01007291,Whole house or bungalow: Terraced (including end-terrace),59,26,5,21,33,18,15
S01007291,Flat maisonette or apartment or mobile/temporary accommodation,236,86,24,62,150,109,41
S01007292,All people in households,771,639,244,395,132,77,55
S01007292,Whole house or bungalow: Total,677,619,239,380,58,9,49
S01007292,Whole house or bungalow: Detached,241,217,107,110,24,0,24
S01007292,Whole house or bungalow: Semi-detached,418,390,124,266,28,3,25
S01007292,Whole house or bungalow: Terraced (including end-terrace),18,12,8,4,6,6,0
S01007292,Flat maisonette or apartment or mobile/temporary accommodation,94,20,5,15,74,68,6
S01007293,All people in households,786,385,101,284,401,357,44
S01007293,Whole house or bungalow: Total,300,235,73,162,65,53,12
S01007293,Whole house or bungalow: Detached,44,33,2,31,11,5,6
S01007293,Whole house or bungalow: Semi-detached,63,38,9,29,25,22,3
S01007293,Whole house or bungalow: Terraced (including end-terrace),193,164,62,102,29,26,3
S01007293,Flat maisonette or apartment or mobile/temporary accommodation,486,150,28,122,336,304,32
S01007294,All people in households,865,645,224,421,220,150,70
S01007294,Whole house or bungalow: Total,354,290,121,169,64,50,14
S01007294,Whole house or bungalow: Detached,211,200,87,113,11,4,7
S01007294,Whole house or bungalow: Semi-detached,121,68,28,40,53,46,7
S01007294,Whole house or bungalow: Terraced (including end-terrace),22,22,6,16,0,0,0
S01007294,Flat maisonette or apartment or mobile/temporary accommodation,511,355,103,252,156,100,56
S01007295,All people in households,520,120,29,91,400,333,67
S01007295,Whole house or bungalow: Total,150,48,12,36,102,89,13
S01007295,Whole house or bungalow: Detached,47,32,6,26,15,9,6
S01007295,Whole house or bungalow: Semi-detached,88,8,1,7,80,78,2
S01007295,Whole house or bungalow: Terraced (including end-terrace),15,8,5,3,7,2,5
S01007295,Flat maisonette or apartment or mobile/temporary accommodation,370,72,17,55,298,244,54
S01007296,All people in households,544,271,128,143,273,114,159
S01007296,Whole house or bungalow: Total,82,52,30,22,30,12,18
S01007296,Whole house or bungalow: Detached,45,36,24,12,9,0,9
S01007296,Whole house or bungalow: Semi-detached,29,10,2,8,19,11,8
S01007296,Whole house or bungalow: Terraced (including end-terrace),8,6,4,2,2,1,1
S01007296,Flat maisonette or apartment or mobile/temporary accommodation,462,219,98,121,243,102,141
S01007297,All people in households,880,649,295,354,231,37,194
S01007297,Whole house or bungalow: Total,482,443,209,234,39,10,29
S01007297,Whole house or bungalow: Detached,268,255,142,113,13,0,13
S01007297,Whole house or bungalow: Semi-detached,158,136,44,92,22,8,14
S01007297,Whole house or bungalow: Terraced (including end-terrace),56,52,23,29,4,2,2
S01007297,Flat maisonette or apartment or mobile/temporary accommodation,398,206,86,120,192,27,165
S01007298,All people in households,532,368,154,214,164,106,58
S01007298,Whole house or bungalow: Total,356,294,134,160,62,39,23
S01007298,Whole house or bungalow: Detached,146,131,70,61,15,0,15
S01007298,Whole house or bungalow: Semi-detached,107,85,38,47,22,18,4
S01007298,Whole house or bungalow: Terraced (including end-terrace),103,78,26,52,25,21,4
S01007298,Flat maisonette or apartment or mobile/temporary accommodation,176,74,20,54,102,67,35
S01007299,All people in households,785,456,180,276,329,181,148
S01007299,Whole house or bungalow: Total,411,306,151,155,105,64,41
S01007299,Whole house or bungalow: Detached,150,136,65,71,14,0,14
S01007299,Whole house or bungalow: Semi-detached,173,114,67,47,59,41,18
S01007299,Whole house or bungalow: Terraced (including end-terrace),88,56,19,37,32,23,9
S01007299,Flat maisonette or apartment or mobile/temporary accommodation,374,150,29,121,224,117,107
S01007300,All people in households,464,245,82,163,219,185,34
S01007300,Whole house or bungalow: Total,266,177,63,114,89,70,19
S01007300,Whole house or bungalow: Detached,36,29,16,13,7,0,7
S01007300,Whole house or bungalow: Semi-detached,84,44,13,31,40,37,3
S01007300,Whole house or bungalow: Terraced (including end-terrace),146,104,34,70,42,33,9
S01007300,Flat maisonette or apartment or mobile/temporary accommodation,198,68,19,49,130,115,15
S01007301,All people in households,723,550,292,258,173,45,128
S01007301,Whole house or bungalow: Total,689,548,290,258,141,36,105
S01007301,Whole house or bungalow: Detached,548,470,272,198,78,6,72
S01007301,Whole house or bungalow: Semi-detached,118,66,11,55,52,24,28
S01007301,Whole house or bungalow: Terraced (including end-terrace),23,12,7,5,11,6,5
S01007301,Flat maisonette or apartment or mobile/temporary accommodation,34,2,2,0,32,9,23
S01007302,All people in households,625,405,131,274,220,166,54
S01007302,Whole house or bungalow: Total,595,396,131,265,199,146,53
S01007302,Whole house or bungalow: Detached,41,27,7,20,14,9,5
S01007302,Whole house or bungalow: Semi-detached,345,229,86,143,116,81,35
S01007302,Whole house or bungalow: Terraced (including end-terrace),209,140,38,102,69,56,13
S01007302,Flat maisonette or apartment or mobile/temporary accommodation,30,9,0,9,21,20,1
S01007303,All people in households,868,677,345,332,191,61,130
S01007303,Whole house or bungalow: Total,797,663,340,323,134,41,93
S01007303,Whole house or bungalow: Detached,622,567,293,274,55,0,55
S01007303,Whole house or bungalow: Semi-detached,146,78,42,36,68,38,30
S01007303,Whole house or bungalow: Terraced (including end-terrace),29,18,5,13,11,3,8
S01007303,Flat maisonette or apartment or mobile/temporary accommodation,71,14,5,9,57,20,37
S01007304,All people in households,684,479,305,174,205,55,150
S01007304,Whole house or bungalow: Total,661,463,293,170,198,53,145
S01007304,Whole house or bungalow: Detached,455,343,209,134,112,6,106
S01007304,Whole house or bungalow: Semi-detached,144,85,55,30,59,32,27
S01007304,Whole house or bungalow: Terraced (including end-terrace),62,35,29,6,27,15,12
S01007304,Flat maisonette or apartment or mobile/temporary accommodation,23,16,12,4,7,2,5
S01007305,All people in households,736,555,275,280,181,91,90
S01007305,Whole house or bungalow: Total,716,541,262,279,175,91,84
S01007305,Whole house or bungalow: Detached,495,427,226,201,68,4,64
S01007305,Whole house or bungalow: Semi-detached,149,69,23,46,80,60,20
S01007305,Whole house or bungalow: Terraced (including end-terrace),72,45,13,32,27,27,0
S01007305,Flat maisonette or apartment or mobile/temporary accommodation,20,14,13,1,6,0,6
S01007306,All people in households,756,526,240,286,230,147,83
S01007306,Whole house or bungalow: Total,712,507,226,281,205,138,67
S01007306,Whole house or bungalow: Detached,356,312,156,156,44,12,32
S01007306,Whole house or bungalow: Semi-detached,303,163,60,103,140,116,24
S01007306,Whole house or bungalow: Terraced (including end-terrace),53,32,10,22,21,10,11
S01007306,Flat maisonette or apartment or mobile/temporary accommodation,44,19,14,5,25,9,16
S01007307,All people in households,782,618,298,320,164,19,145
S01007307,Whole house or bungalow: Total,729,588,286,302,141,19,122
S01007307,Whole house or bungalow: Detached,606,493,252,241,113,3,110
S01007307,Whole house or bungalow: Semi-detached,110,85,29,56,25,16,9
S01007307,Whole house or bungalow: Terraced (including end-terrace),13,10,5,5,3,0,3
S01007307,Flat maisonette or apartment or mobile/temporary accommodation,53,30,12,18,23,0,23
S01007308,All people in households,749,520,317,203,229,74,155
S01007308,Whole house or bungalow: Total,718,505,308,197,213,70,143
S01007308,Whole house or bungalow: Detached,412,311,212,99,101,3,98
S01007308,Whole house or bungalow: Semi-detached,254,171,86,85,83,40,43
S01007308,Whole house or bungalow: Terraced (including end-terrace),52,23,10,13,29,27,2
S01007308,Flat maisonette or apartment or mobile/temporary accommodation,31,15,9,6,16,4,12
S01007309,All people in households,609,417,236,181,192,87,105
S01007309,Whole house or bungalow: Total,575,410,234,176,165,67,98
S01007309,Whole house or bungalow: Detached,401,310,192,118,91,21,70
S01007309,Whole house or bungalow: Semi-detached,127,77,36,41,50,28,22
S01007309,Whole house or bungalow: Terraced (including end-terrace),47,23,6,17,24,18,6
S01007309,Flat maisonette or apartment or mobile/temporary accommodation,34,7,2,5,27,20,7
S01007310,All people in households,808,580,372,208,228,77,151
S01007310,Whole house or bungalow: Total,781,574,370,204,207,67,140
S01007310,Whole house or bungalow: Detached,433,353,230,123,80,4,76
S01007310,Whole house or bungalow: Semi-detached,182,103,62,41,79,47,32
S01007310,Whole house or bungalow: Terraced (including end-terrace),166,118,78,40,48,16,32
S01007310,Flat maisonette or apartment or mobile/temporary accommodation,27,6,2,4,21,10,11
S01007311,All people in households,734,404,157,247,330,166,164
S01007311,Whole house or bungalow: Total,606,353,135,218,253,120,133
S01007311,Whole house or bungalow: Detached,226,153,70,83,73,1,72
S01007311,Whole house or bungalow: Semi-detached,266,134,35,99,132,82,50
S01007311,Whole house or bungalow: Terraced (including end-terrace),114,66,30,36,48,37,11
S01007311,Flat maisonette or apartment or mobile/temporary accommodation,128,51,22,29,77,46,31
S01007312,All people in households,770,589,317,272,181,74,107
S01007312,Whole house or bungalow: Total,718,574,314,260,144,48,96
S01007312,Whole house or bungalow: Detached,423,375,229,146,48,0,48
S01007312,Whole house or bungalow: Semi-detached,195,147,68,79,48,30,18
S01007312,Whole house or bungalow: Terraced (including end-terrace),100,52,17,35,48,18,30
S01007312,Flat maisonette or apartment or mobile/temporary accommodation,52,15,3,12,37,26,11
S01007313,All people in households,965,780,445,335,185,47,138
S01007313,Whole house or bungalow: Total,893,729,429,300,164,39,125
S01007313,Whole house or bungalow: Detached,646,548,349,199,98,8,90
S01007313,Whole house or bungalow: Semi-detached,172,130,48,82,42,15,27
S01007313,Whole house or bungalow: Terraced (including end-terrace),75,51,32,19,24,16,8
S01007313,Flat maisonette or apartment or mobile/temporary accommodation,72,51,16,35,21,8,13
S01007314,All people in households,635,498,191,307,137,66,71
S01007314,Whole house or bungalow: Total,623,496,191,305,127,59,68
S01007314,Whole house or bungalow: Detached,264,248,90,158,16,0,16
S01007314,Whole house or bungalow: Semi-detached,259,189,73,116,70,29,41
S01007314,Whole house or bungalow: Terraced (including end-terrace),100,59,28,31,41,30,11
S01007314,Flat maisonette or apartment or mobile/temporary accommodation,12,2,0,2,10,7,3
S01007315,All people in households,937,727,253,474,210,146,64
S01007315,Whole house or bungalow: Total,845,676,238,438,169,131,38
S01007315,Whole house or bungalow: Detached,337,319,126,193,18,6,12
S01007315,Whole house or bungalow: Semi-detached,345,254,63,191,91,74,17
S01007315,Whole house or bungalow: Terraced (including end-terrace),163,103,49,54,60,51,9
S01007315,Flat maisonette or apartment or mobile/temporary accommodation,92,51,15,36,41,15,26
S01007316,All people in households,861,488,225,263,373,294,79
S01007316,Whole house or bungalow: Total,580,364,187,177,216,173,43
S01007316,Whole house or bungalow: Detached,201,172,106,66,29,16,13
S01007316,Whole house or bungalow: Semi-detached,215,103,43,60,112,107,5
S01007316,Whole house or bungalow: Terraced (including end-terrace),164,89,38,51,75,50,25
S01007316,Flat maisonette or apartment or mobile/temporary accommodation,281,124,38,86,157,121,36
S01007317,All people in households,639,439,155,284,200,132,68
S01007317,Whole house or bungalow: Total,572,416,146,270,156,106,50
S01007317,Whole house or bungalow: Detached,197,175,84,91,22,3,19
S01007317,Whole house or bungalow: Semi-detached,162,130,32,98,32,20,12
S01007317,Whole house or bungalow: Terraced (including end-terrace),213,111,30,81,102,83,19
S01007317,Flat maisonette or apartment or mobile/temporary accommodation,67,23,9,14,44,26,18
S01007318,All people in households,607,364,117,247,243,204,39
S01007318,Whole house or bungalow: Total,532,331,108,223,201,173,28
S01007318,Whole house or bungalow: Detached,115,101,47,54,14,0,14
S01007318,Whole house or bungalow: Semi-detached,272,173,44,129,99,94,5
S01007318,Whole house or bungalow: Terraced (including end-terrace),145,57,17,40,88,79,9
S01007318,Flat maisonette or apartment or mobile/temporary accommodation,75,33,9,24,42,31,11
S01007319,All people in households,725,494,247,247,231,136,95
S01007319,Whole house or bungalow: Total,500,390,194,196,110,57,53
S01007319,Whole house or bungalow: Detached,255,228,123,105,27,1,26
S01007319,Whole house or bungalow: Semi-detached,141,99,41,58,42,29,13
S01007319,Whole house or bungalow: Terraced (including end-terrace),104,63,30,33,41,27,14
S01007319,Flat maisonette or apartment or mobile/temporary accommodation,225,104,53,51,121,79,42
S01007320,All people in households,743,526,323,203,217,26,191
S01007320,Whole house or bungalow: Total,731,520,322,198,211,25,186
S01007320,Whole house or bungalow: Detached,545,395,261,134,150,6,144
S01007320,Whole house or bungalow: Semi-detached,160,104,54,50,56,16,40
S01007320,Whole house or bungalow: Terraced (including end-terrace),26,21,7,14,5,3,2
S01007320,Flat maisonette or apartment or mobile/temporary accommodation,12,6,1,5,6,1,5
S01007321,All people in households,586,453,289,164,133,26,107
S01007321,Whole house or bungalow: Total,559,433,283,150,126,24,102
S01007321,Whole house or bungalow: Detached,405,333,217,116,72,3,69
S01007321,Whole house or bungalow: Semi-detached,128,81,51,30,47,17,30
S01007321,Whole house or bungalow: Terraced (including end-terrace),26,19,15,4,7,4,3
S01007321,Flat maisonette or apartment or mobile/temporary accommodation,27,20,6,14,7,2,5
S01007322,All people in households,730,470,259,211,260,196,64
S01007322,Whole house or bungalow: Total,455,351,194,157,104,80,24
S01007322,Whole house or bungalow: Detached,215,198,127,71,17,9,8
S01007322,Whole house or bungalow: Semi-detached,187,128,51,77,59,47,12
S01007322,Whole house or bungalow: Terraced (including end-terrace),53,25,16,9,28,24,4
S01007322,Flat maisonette or apartment or mobile/temporary accommodation,275,119,65,54,156,116,40
S01007323,All people in households,448,326,159,167,122,72,50
S01007323,Whole house or bungalow: Total,285,228,110,118,57,30,27
S01007323,Whole house or bungalow: Detached,122,111,53,58,11,0,11
S01007323,Whole house or bungalow: Semi-detached,94,62,23,39,32,18,14
S01007323,Whole house or bungalow: Terraced (including end-terrace),69,55,34,21,14,12,2
S01007323,Flat maisonette or apartment or mobile/temporary accommodation,163,98,49,49,65,42,23
S01007324,All people in households,323,186,131,55,137,48,89
S01007324,Whole house or bungalow: Total,312,178,123,55,134,46,88
S01007324,Whole house or bungalow: Detached,207,142,96,46,65,8,57
S01007324,Whole house or bungalow: Semi-detached,100,35,26,9,65,34,31
S01007324,Whole house or bungalow: Terraced (including end-terrace),5,1,1,0,4,4,0
S01007324,Flat maisonette or apartment or mobile/temporary accommodation,11,8,8,0,3,2,1
S01007325,All people in households,828,537,356,181,291,122,169
S01007325,Whole house or bungalow: Total,809,530,349,181,279,116,163
S01007325,Whole house or bungalow: Detached,389,297,219,78,92,5,87
S01007325,Whole house or bungalow: Semi-detached,241,112,58,54,129,87,42
S01007325,Whole house or bungalow: Terraced (including end-terrace),179,121,72,49,58,24,34
S01007325,Flat maisonette or apartment or mobile/temporary accommodation,19,7,7,0,12,6,6
S01007326,All people in households,762,451,287,164,311,80,231
S01007326,Whole house or bungalow: Total,724,423,263,160,301,77,224
S01007326,Whole house or bungalow: Detached,411,253,173,80,158,9,149
S01007326,Whole house or bungalow: Semi-detached,224,134,75,59,90,41,49
S01007326,Whole house or bungalow: Terraced (including end-terrace),89,36,15,21,53,27,26
S01007326,Flat maisonette or apartment or mobile/temporary accommodation,38,28,24,4,10,3,7
S01007327,All people in households,763,440,227,213,323,226,97
S01007327,Whole house or bungalow: Total,685,414,210,204,271,185,86
S01007327,Whole house or bungalow: Detached,162,113,72,41,49,14,35
S01007327,Whole house or bungalow: Semi-detached,295,168,78,90,127,93,34
S01007327,Whole house or bungalow: Terraced (including end-terrace),228,133,60,73,95,78,17
S01007327,Flat maisonette or apartment or mobile/temporary accommodation,78,26,17,9,52,41,11
S01007328,All people in households,846,459,213,246,387,308,79
S01007328,Whole house or bungalow: Total,757,447,206,241,310,257,53
S01007328,Whole house or bungalow: Detached,118,86,49,37,32,10,22
S01007328,Whole house or bungalow: Semi-detached,256,152,50,102,104,96,8
S01007328,Whole house or bungalow: Terraced (including end-terrace),383,209,107,102,174,151,23
S01007328,Flat maisonette or apartment or mobile/temporary accommodation,89,12,7,5,77,51,26
S01007329,All people in households,702,405,255,150,297,130,167
S01007329,Whole house or bungalow: Total,686,403,255,148,283,120,163
S01007329,Whole house or bungalow: Detached,412,289,201,88,123,16,107
S01007329,Whole house or bungalow: Semi-detached,212,85,43,42,127,77,50
S01007329,Whole house or bungalow: Terraced (including end-terrace),62,29,11,18,33,27,6
S01007329,Flat maisonette or apartment or mobile/temporary accommodation,16,2,0,2,14,10,4
S01007330,All people in households,766,570,388,182,196,112,84
S01007330,Whole house or bungalow: Total,734,547,378,169,187,109,78
S01007330,Whole house or bungalow: Detached,475,414,303,111,61,5,56
S01007330,Whole house or bungalow: Semi-detached,177,96,53,43,81,64,17
S01007330,Whole house or bungalow: Terraced (including end-terrace),82,37,22,15,45,40,5
S01007330,Flat maisonette or apartment or mobile/temporary accommodation,32,23,10,13,9,3,6
S01007331,All people in households,986,695,344,351,291,183,108
S01007331,Whole house or bungalow: Total,963,686,338,348,277,177,100
S01007331,Whole house or bungalow: Detached,407,359,219,140,48,9,39
S01007331,Whole house or bungalow: Semi-detached,302,171,69,102,131,103,28
S01007331,Whole house or bungalow: Terraced (including end-terrace),254,156,50,106,98,65,33
S01007331,Flat maisonette or apartment or mobile/temporary accommodation,23,9,6,3,14,6,8
S01007332,All people in households,505,420,264,156,85,41,44
S01007332,Whole house or bungalow: Total,484,410,254,156,74,39,35
S01007332,Whole house or bungalow: Detached,352,326,203,123,26,3,23
S01007332,Whole house or bungalow: Semi-detached,108,75,45,30,33,23,10
S01007332,Whole house or bungalow: Terraced (including end-terrace),24,9,6,3,15,13,2
S01007332,Flat maisonette or apartment or mobile/temporary accommodation,21,10,10,0,11,2,9
S01007333,All people in households,781,606,292,314,175,120,55
S01007333,Whole house or bungalow: Total,531,471,232,239,60,31,29
S01007333,Whole house or bungalow: Detached,366,347,195,152,19,0,19
S01007333,Whole house or bungalow: Semi-detached,73,54,15,39,19,18,1
S01007333,Whole house or bungalow: Terraced (including end-terrace),92,70,22,48,22,13,9
S01007333,Flat maisonette or apartment or mobile/temporary accommodation,250,135,60,75,115,89,26
S01007334,All people in households,750,213,97,116,537,468,69
S01007334,Whole house or bungalow: Total,365,121,58,63,244,219,25
S01007334,Whole house or bungalow: Detached,55,17,11,6,38,26,12
S01007334,Whole house or bungalow: Semi-detached,143,54,24,30,89,83,6
S01007334,Whole house or bungalow: Terraced (including end-terrace),167,50,23,27,117,110,7
S01007334,Flat maisonette or apartment or mobile/temporary accommodation,385,92,39,53,293,249,44
S01007335,All people in households,810,407,185,222,403,356,47
S01007335,Whole house or bungalow: Total,561,363,168,195,198,175,23
S01007335,Whole house or bungalow: Detached,38,35,16,19,3,3,0
S01007335,Whole house or bungalow: Semi-detached,300,200,92,108,100,85,15
S01007335,Whole house or bungalow: Terraced (including end-terrace),223,128,60,68,95,87,8
S01007335,Flat maisonette or apartment or mobile/temporary accommodation,249,44,17,27,205,181,24
S01007336,All people in households,500,223,97,126,277,105,172
S01007336,Whole house or bungalow: Total,106,60,18,42,46,31,15
S01007336,Whole house or bungalow: Detached,41,33,7,26,8,1,7
S01007336,Whole house or bungalow: Semi-detached,25,8,5,3,17,10,7
S01007336,Whole house or bungalow: Terraced (including end-terrace),40,19,6,13,21,20,1
S01007336,Flat maisonette or apartment or mobile/temporary accommodation,394,163,79,84,231,74,157
S01007337,All people in households,654,371,174,197,283,206,77
S01007337,Whole house or bungalow: Total,309,223,110,113,86,60,26
S01007337,Whole house or bungalow: Detached,81,76,37,39,5,5,0
S01007337,Whole house or bungalow: Semi-detached,106,82,28,54,24,13,11
S01007337,Whole house or bungalow: Terraced (including end-terrace),122,65,45,20,57,42,15
S01007337,Flat maisonette or apartment or mobile/temporary accommodation,345,148,64,84,197,146,51
S01007338,All people in households,752,518,249,269,234,223,11
S01007338,Whole house or bungalow: Total,727,502,248,254,225,215,10
S01007338,Whole house or bungalow: Detached,71,66,49,17,5,3,2
S01007338,Whole house or bungalow: Semi-detached,460,295,134,161,165,160,5
S01007338,Whole house or bungalow: Terraced (including end-terrace),196,141,65,76,55,52,3
S01007338,Flat maisonette or apartment or mobile/temporary accommodation,25,16,1,15,9,8,1
S01007339,All people in households,610,460,258,202,150,112,38
S01007339,Whole house or bungalow: Total,450,382,212,170,68,54,14
S01007339,Whole house or bungalow: Detached,283,269,176,93,14,3,11
S01007339,Whole house or bungalow: Semi-detached,127,94,27,67,33,30,3
S01007339,Whole house or bungalow: Terraced (including end-terrace),40,19,9,10,21,21,0
S01007339,Flat maisonette or apartment or mobile/temporary accommodation,160,78,46,32,82,58,24
S01007340,All people in households,470,280,162,118,190,125,65
S01007340,Whole house or bungalow: Total,211,152,80,72,59,29,30
S01007340,Whole house or bungalow: Detached,71,63,36,27,8,0,8
S01007340,Whole house or bungalow: Semi-detached,59,35,14,21,24,7,17
S01007340,Whole house or bungalow: Terraced (including end-terrace),81,54,30,24,27,22,5
S01007340,Flat maisonette or apartment or mobile/temporary accommodation,259,128,82,46,131,96,35
S01007341,All people in households,730,593,351,242,137,53,84
S01007341,Whole house or bungalow: Total,304,268,158,110,36,11,25
S01007341,Whole house or bungalow: Detached,175,166,95,71,9,0,9
S01007341,Whole house or bungalow: Semi-detached,100,81,56,25,19,7,12
S01007341,Whole house or bungalow: Terraced (including end-terrace),29,21,7,14,8,4,4
S01007341,Flat maisonette or apartment or mobile/temporary accommodation,426,325,193,132,101,42,59
S01007342,All people in households,797,709,411,298,88,11,77
S01007342,Whole house or bungalow: Total,534,485,288,197,49,6,43
S01007342,Whole house or bungalow: Detached,286,260,166,94,26,0,26
S01007342,Whole house or bungalow: Semi-detached,212,197,102,95,15,0,15
S01007342,Whole house or bungalow: Terraced (including end-terrace),36,28,20,8,8,6,2
S01007342,Flat maisonette or apartment or mobile/temporary accommodation,263,224,123,101,39,5,34
S01007343,All people in households,649,352,220,132,297,38,259
S01007343,Whole house or bungalow: Total,576,292,178,114,284,33,251
S01007343,Whole house or bungalow: Detached,423,208,130,78,215,10,205
S01007343,Whole house or bungalow: Semi-detached,131,75,43,32,56,14,42
S01007343,Whole house or bungalow: Terraced (including end-terrace),22,9,5,4,13,9,4
S01007343,Flat maisonette or apartment or mobile/temporary accommodation,73,60,42,18,13,5,8
S01007344,All people in households,438,326,178,148,112,55,57
S01007344,Whole house or bungalow: Total,134,109,48,61,25,9,16
S01007344,Whole house or bungalow: Detached,50,39,24,15,11,0,11
S01007344,Whole house or bungalow: Semi-detached,44,34,12,22,10,5,5
S01007344,Whole house or bungalow: Terraced (including end-terrace),40,36,12,24,4,4,0
S01007344,Flat maisonette or apartment or mobile/temporary accommodation,304,217,130,87,87,46,41
S01007345,All people in households,595,225,94,131,370,329,41
S01007345,Whole house or bungalow: Total,229,119,45,74,110,99,11
S01007345,Whole house or bungalow: Detached,29,29,17,12,0,0,0
S01007345,Whole house or bungalow: Semi-detached,157,70,20,50,87,81,6
S01007345,Whole house or bungalow: Terraced (including end-terrace),43,20,8,12,23,18,5
S01007345,Flat maisonette or apartment or mobile/temporary accommodation,366,106,49,57,260,230,30
S01007346,All people in households,533,179,103,76,354,260,94
S01007346,Whole house or bungalow: Total,120,70,40,30,50,40,10
S01007346,Whole house or bungalow: Detached,22,15,15,0,7,6,1
S01007346,Whole house or bungalow: Semi-detached,41,21,7,14,20,20,0
S01007346,Whole house or bungalow: Terraced (including end-terrace),57,34,18,16,23,14,9
S01007346,Flat maisonette or apartment or mobile/temporary accommodation,413,109,63,46,304,220,84
S01007347,All people in households,601,325,171,154,276,229,47
S01007347,Whole house or bungalow: Total,346,200,106,94,146,126,20
S01007347,Whole house or bungalow: Detached,32,24,8,16,8,5,3
S01007347,Whole house or bungalow: Semi-detached,139,89,52,37,50,40,10
S01007347,Whole house or bungalow: Terraced (including end-terrace),175,87,46,41,88,81,7
S01007347,Flat maisonette or apartment or mobile/temporary accommodation,255,125,65,60,130,103,27
S01007348,All people in households,600,280,108,172,320,272,48
S01007348,Whole house or bungalow: Total,416,247,87,160,169,143,26
S01007348,Whole house or bungalow: Detached,55,34,8,26,21,8,13
S01007348,Whole house or bungalow: Semi-detached,239,118,39,79,121,108,13
S01007348,Whole house or bungalow: Terraced (including end-terrace),122,95,40,55,27,27,0
S01007348,Flat maisonette or apartment or mobile/temporary accommodation,184,33,21,12,151,129,22
S01007349,All people in households,457,233,127,106,224,177,47
S01007349,Whole house or bungalow: Total,272,164,89,75,108,81,27
S01007349,Whole house or bungalow: Detached,93,63,34,29,30,17,13
S01007349,Whole house or bungalow: Semi-detached,117,80,45,35,37,30,7
S01007349,Whole house or bungalow: Terraced (including end-terrace),62,21,10,11,41,34,7
S01007349,Flat maisonette or apartment or mobile/temporary accommodation,185,69,38,31,116,96,20
S01007350,All people in households,553,310,183,127,243,112,131
S01007350,Whole house or bungalow: Total,135,104,56,48,31,19,12
S01007350,Whole house or bungalow: Detached,41,31,16,15,10,0,10
S01007350,Whole house or bungalow: Semi-detached,61,41,20,21,20,19,1
S01007350,Whole house or bungalow: Terraced (including end-terrace),33,32,20,12,1,0,1
S01007350,Flat maisonette or apartment or mobile/temporary accommodation,418,206,127,79,212,93,119
S01007351,All people in households,650,483,347,136,167,95,72
S01007351,Whole house or bungalow: Total,504,364,268,96,140,95,45
S01007351,Whole house or bungalow: Detached,310,271,208,63,39,3,36
S01007351,Whole house or bungalow: Semi-detached,139,72,49,23,67,61,6
S01007351,Whole house or bungalow: Terraced (including end-terrace),55,21,11,10,34,31,3
S01007351,Flat maisonette or apartment or mobile/temporary accommodation,146,119,79,40,27,0,27
S01007352,All people in households,488,319,217,102,169,30,139
S01007352,Whole house or bungalow: Total,448,311,211,100,137,27,110
S01007352,Whole house or bungalow: Detached,346,243,173,70,103,3,100
S01007352,Whole house or bungalow: Semi-detached,91,60,35,25,31,21,10
S01007352,Whole house or bungalow: Terraced (including end-terrace),11,8,3,5,3,3,0
S01007352,Flat maisonette or apartment or mobile/temporary accommodation,40,8,6,2,32,3,29
S01007353,All people in households,642,516,303,213,126,68,58
S01007353,Whole house or bungalow: Total,583,466,279,187,117,64,53
S01007353,Whole house or bungalow: Detached,376,343,229,114,33,3,30
S01007353,Whole house or bungalow: Semi-detached,140,92,44,48,48,32,16
S01007353,Whole house or bungalow: Terraced (including end-terrace),67,31,6,25,36,29,7
S01007353,Flat maisonette or apartment or mobile/temporary accommodation,59,50,24,26,9,4,5
S01007354,All people in households,786,618,325,293,168,60,108
S01007354,Whole house or bungalow: Total,476,396,219,177,80,22,58
S01007354,Whole house or bungalow: Detached,306,261,165,96,45,0,45
S01007354,Whole house or bungalow: Semi-detached,129,109,45,64,20,11,9
S01007354,Whole house or bungalow: Terraced (including end-terrace),41,26,9,17,15,11,4
S01007354,Flat maisonette or apartment or mobile/temporary accommodation,310,222,106,116,88,38,50
S01007355,All people in households,916,707,426,281,209,65,144
S01007355,Whole house or bungalow: Total,845,679,411,268,166,55,111
S01007355,Whole house or bungalow: Detached,593,499,332,167,94,18,76
S01007355,Whole house or bungalow: Semi-detached,180,132,63,69,48,30,18
S01007355,Whole house or bungalow: Terraced (including end-terrace),72,48,16,32,24,7,17
S01007355,Flat maisonette or apartment or mobile/temporary accommodation,71,28,15,13,43,10,33
S01007356,All people in households,714,541,295,246,173,92,81
S01007356,Whole house or bungalow: Total,624,490,256,234,134,84,50
S01007356,Whole house or bungalow: Detached,375,350,206,144,25,4,21
S01007356,Whole house or bungalow: Semi-detached,180,93,29,64,87,59,28
S01007356,Whole house or bungalow: Terraced (including end-terrace),69,47,21,26,22,21,1
S01007356,Flat maisonette or apartment or mobile/temporary accommodation,90,51,39,12,39,8,31
S01007357,All people in households,793,575,358,217,218,105,113
S01007357,Whole house or bungalow: Total,740,549,343,206,191,102,89
S01007357,Whole house or bungalow: Detached,429,386,269,117,43,3,40
S01007357,Whole house or bungalow: Semi-detached,251,139,65,74,112,68,44
S01007357,Whole house or bungalow: Terraced (including end-terrace),60,24,9,15,36,31,5
S01007357,Flat maisonette or apartment or mobile/temporary accommodation,53,26,15,11,27,3,24
S01007358,All people in households,843,681,270,411,162,77,85
S01007358,Whole house or bungalow: Total,752,631,252,379,121,51,70
S01007358,Whole house or bungalow: Detached,345,311,120,191,34,0,34
S01007358,Whole house or bungalow: Semi-detached,231,177,60,117,54,27,27
S01007358,Whole house or bungalow: Terraced (including end-terrace),176,143,72,71,33,24,9
S01007358,Flat maisonette or apartment or mobile/temporary accommodation,91,50,18,32,41,26,15
S01007359,All people in households,823,532,248,284,291,226,65
S01007359,Whole house or bungalow: Total,684,469,217,252,215,165,50
S01007359,Whole house or bungalow: Detached,197,166,77,89,31,5,26
S01007359,Whole house or bungalow: Semi-detached,283,142,76,66,141,127,14
S01007359,Whole house or bungalow: Terraced (including end-terrace),204,161,64,97,43,33,10
S01007359,Flat maisonette or apartment or mobile/temporary accommodation,139,63,31,32,76,61,15
S01007360,All people in households,494,408,222,186,86,35,51
S01007360,Whole house or bungalow: Total,393,354,194,160,39,16,23
S01007360,Whole house or bungalow: Detached,295,276,167,109,19,0,19
S01007360,Whole house or bungalow: Semi-detached,85,70,25,45,15,11,4
S01007360,Whole house or bungalow: Terraced (including end-terrace),13,8,2,6,5,5,0
S01007360,Flat maisonette or apartment or mobile/temporary accommodation,101,54,28,26,47,19,28
S01007361,All people in households,983,787,410,377,196,71,125
S01007361,Whole house or bungalow: Total,632,578,304,274,54,19,35
S01007361,Whole house or bungalow: Detached,403,374,212,162,29,2,27
S01007361,Whole house or bungalow: Semi-detached,177,162,77,85,15,8,7
S01007361,Whole house or bungalow: Terraced (including end-terrace),52,42,15,27,10,9,1
S01007361,Flat maisonette or apartment or mobile/temporary accommodation,351,209,106,103,142,52,90
S01007362,All people in households,729,542,244,298,187,61,126
S01007362,Whole house or bungalow: Total,411,329,131,198,82,41,41
S01007362,Whole house or bungalow: Detached,269,240,107,133,29,3,26
S01007362,Whole house or bungalow: Semi-detached,113,77,23,54,36,21,15
S01007362,Whole house or bungalow: Terraced (including end-terrace),29,12,1,11,17,17,0
S01007362,Flat maisonette or apartment or mobile/temporary accommodation,318,213,113,100,105,20,85
S01007363,All people in households,679,500,276,224,179,115,64
S01007363,Whole house or bungalow: Total,548,453,246,207,95,51,44
S01007363,Whole house or bungalow: Detached,327,305,176,129,22,4,18
S01007363,Whole house or bungalow: Semi-detached,149,95,54,41,54,35,19
S01007363,Whole house or bungalow: Terraced (including end-terrace),72,53,16,37,19,12,7
S01007363,Flat maisonette or apartment or mobile/temporary accommodation,131,47,30,17,84,64,20
S01007364,All people in households,897,404,139,265,493,428,65
S01007364,Whole house or bungalow: Total,635,321,111,210,314,268,46
S01007364,Whole house or bungalow: Detached,66,41,13,28,25,14,11
S01007364,Whole house or bungalow: Semi-detached,350,192,60,132,158,134,24
S01007364,Whole house or bungalow: Terraced (including end-terrace),219,88,38,50,131,120,11
S01007364,Flat maisonette or apartment or mobile/temporary accommodation,262,83,28,55,179,160,19
S01007365,All people in households,467,319,132,187,148,111,37
S01007365,Whole house or bungalow: Total,342,271,122,149,71,42,29
S01007365,Whole house or bungalow: Detached,192,168,91,77,24,2,22
S01007365,Whole house or bungalow: Semi-detached,107,89,27,62,18,16,2
S01007365,Whole house or bungalow: Terraced (including end-terrace),43,14,4,10,29,24,5
S01007365,Flat maisonette or apartment or mobile/temporary accommodation,125,48,10,38,77,69,8
S01007366,All people in households,465,203,92,111,262,188,74
S01007366,Whole house or bungalow: Total,283,149,72,77,134,87,47
S01007366,Whole house or bungalow: Detached,112,89,47,42,23,2,21
S01007366,Whole house or bungalow: Semi-detached,93,46,19,27,47,28,19
S01007366,Whole house or bungalow: Terraced (including end-terrace),78,14,6,8,64,57,7
S01007366,Flat maisonette or apartment or mobile/temporary accommodation,182,54,20,34,128,101,27
S01007367,All people in households,556,359,147,212,197,75,122
S01007367,Whole house or bungalow: Total,302,244,104,140,58,14,44
S01007367,Whole house or bungalow: Detached,147,123,58,65,24,0,24
S01007367,Whole house or bungalow: Semi-detached,92,69,26,43,23,10,13
S01007367,Whole house or bungalow: Terraced (including end-terrace),63,52,20,32,11,4,7
S01007367,Flat maisonette or apartment or mobile/temporary accommodation,254,115,43,72,139,61,78
S01007368,All people in households,541,263,83,180,278,242,36
S01007368,Whole house or bungalow: Total,482,217,67,150,265,236,29
S01007368,Whole house or bungalow: Detached,122,109,37,72,13,6,7
S01007368,Whole house or bungalow: Semi-detached,141,58,15,43,83,72,11
S01007368,Whole house or bungalow: Terraced (including end-terrace),219,50,15,35,169,158,11
S01007368,Flat maisonette or apartment or mobile/temporary accommodation,59,46,16,30,13,6,7
S01007369,All people in households,786,558,228,330,228,120,108
S01007369,Whole house or bungalow: Total,490,399,166,233,91,28,63
S01007369,Whole house or bungalow: Detached,257,212,93,119,45,0,45
S01007369,Whole house or bungalow: Semi-detached,163,141,60,81,22,11,11
S01007369,Whole house or bungalow: Terraced (including end-terrace),70,46,13,33,24,17,7
S01007369,Flat maisonette or apartment or mobile/temporary accommodation,296,159,62,97,137,92,45
S01007370,All people in households,738,461,190,271,277,93,184
S01007370,Whole house or bungalow: Total,333,241,108,133,92,29,63
S01007370,Whole house or bungalow: Detached,173,133,61,72,40,6,34
S01007370,Whole house or bungalow: Semi-detached,121,79,31,48,42,15,27
S01007370,Whole house or bungalow: Terraced (including end-terrace),39,29,16,13,10,8,2
S01007370,Flat maisonette or apartment or mobile/temporary accommodation,405,220,82,138,185,64,121
S01007371,All people in households,716,576,206,370,140,57,83
S01007371,Whole house or bungalow: Total,461,415,159,256,46,26,20
S01007371,Whole house or bungalow: Detached,332,323,122,201,9,0,9
S01007371,Whole house or bungalow: Semi-detached,94,73,27,46,21,11,10
S01007371,Whole house or bungalow: Terraced (including end-terrace),35,19,10,9,16,15,1
S01007371,Flat maisonette or apartment or mobile/temporary accommodation,255,161,47,114,94,31,63
S01007372,All people in households,814,680,325,355,134,38,96
S01007372,Whole house or bungalow: Total,620,541,278,263,79,12,67
S01007372,Whole house or bungalow: Detached,367,319,178,141,48,0,48
S01007372,Whole house or bungalow: Semi-detached,202,183,91,92,19,2,17
S01007372,Whole house or bungalow: Terraced (including end-terrace),51,39,9,30,12,10,2
S01007372,Flat maisonette or apartment or mobile/temporary accommodation,194,139,47,92,55,26,29
S01007373,All people in households,605,536,264,272,69,14,55
S01007373,Whole house or bungalow: Total,502,455,202,253,47,12,35
S01007373,Whole house or bungalow: Detached,433,412,181,231,21,0,21
S01007373,Whole house or bungalow: Semi-detached,48,30,10,20,18,10,8
S01007373,Whole house or bungalow: Terraced (including end-terrace),21,13,11,2,8,2,6
S01007373,Flat maisonette or apartment or mobile/temporary accommodation,103,81,62,19,22,2,20
S01007374,All people in households,531,434,144,290,97,68,29
S01007374,Whole house or bungalow: Total,416,344,114,230,72,48,24
S01007374,Whole house or bungalow: Detached,189,179,80,99,10,1,9
S01007374,Whole house or bungalow: Semi-detached,141,110,23,87,31,22,9
S01007374,Whole house or bungalow: Terraced (including end-terrace),86,55,11,44,31,25,6
S01007374,Flat maisonette or apartment or mobile/temporary accommodation,115,90,30,60,25,20,5
S01007375,All people in households,464,408,206,202,56,9,47
S01007375,Whole house or bungalow: Total,363,324,171,153,39,7,32
S01007375,Whole house or bungalow: Detached,271,252,142,110,19,5,14
S01007375,Whole house or bungalow: Semi-detached,75,58,25,33,17,2,15
S01007375,Whole house or bungalow: Terraced (including end-terrace),17,14,4,10,3,0,3
S01007375,Flat maisonette or apartment or mobile/temporary accommodation,101,84,35,49,17,2,15
S01007376,All people in households,844,475,177,298,369,311,58
S01007376,Whole house or bungalow: Total,726,411,159,252,315,270,45
S01007376,Whole house or bungalow: Detached,104,76,33,43,28,9,19
S01007376,Whole house or bungalow: Semi-detached,113,49,24,25,64,59,5
S01007376,Whole house or bungalow: Terraced (including end-terrace),509,286,102,184,223,202,21
S01007376,Flat maisonette or apartment or mobile/temporary accommodation,118,64,18,46,54,41,13
S01007377,All people in households,664,619,217,402,45,14,31
S01007377,Whole house or bungalow: Total,583,548,200,348,35,10,25
S01007377,Whole house or bungalow: Detached,447,434,172,262,13,0,13
S01007377,Whole house or bungalow: Semi-detached,77,68,17,51,9,4,5
S01007377,Whole house or bungalow: Terraced (including end-terrace),59,46,11,35,13,6,7
S01007377,Flat maisonette or apartment or mobile/temporary accommodation,81,71,17,54,10,4,6
S01007378,All people in households,548,449,167,282,99,27,72
S01007378,Whole house or bungalow: Total,487,411,154,257,76,12,64
S01007378,Whole house or bungalow: Detached,390,343,139,204,47,0,47
S01007378,Whole house or bungalow: Semi-detached,54,37,8,29,17,0,17
S01007378,Whole house or bungalow: Terraced (including end-terrace),43,31,7,24,12,12,0
S01007378,Flat maisonette or apartment or mobile/temporary accommodation,61,38,13,25,23,15,8
S01007379,All people in households,484,309,110,199,175,141,34
S01007379,Whole house or bungalow: Total,441,303,107,196,138,109,29
S01007379,Whole house or bungalow: Detached,34,23,9,14,11,1,10
S01007379,Whole house or bungalow: Semi-detached,156,113,43,70,43,36,7
S01007379,Whole house or bungalow: Terraced (including end-terrace),251,167,55,112,84,72,12
S01007379,Flat maisonette or apartment or mobile/temporary accommodation,43,6,3,3,37,32,5
S01007380,All people in households,581,396,99,297,185,155,30
S01007380,Whole house or bungalow: Total,539,363,97,266,176,153,23
S01007380,Whole house or bungalow: Detached,123,112,42,70,11,7,4
S01007380,Whole house or bungalow: Semi-detached,95,58,24,34,37,27,10
S01007380,Whole house or bungalow: Terraced (including end-terrace),321,193,31,162,128,119,9
S01007380,Flat maisonette or apartment or mobile/temporary accommodation,42,33,2,31,9,2,7
S01007381,All people in households,470,374,204,170,96,11,85
S01007381,Whole house or bungalow: Total,415,333,192,141,82,6,76
S01007381,Whole house or bungalow: Detached,376,318,192,126,58,0,58
S01007381,Whole house or bungalow: Semi-detached,33,13,0,13,20,2,18
S01007381,Whole house or bungalow: Terraced (including end-terrace),6,2,0,2,4,4,0
S01007381,Flat maisonette or apartment or mobile/temporary accommodation,55,41,12,29,14,5,9
S01007382,All people in households,650,540,201,339,110,62,48
S01007382,Whole house or bungalow: Total,519,438,169,269,81,56,25
S01007382,Whole house or bungalow: Detached,325,308,126,182,17,0,17
S01007382,Whole house or bungalow: Semi-detached,157,97,24,73,60,56,4
S01007382,Whole house or bungalow: Terraced (including end-terrace),37,33,19,14,4,0,4
S01007382,Flat maisonette or apartment or mobile/temporary accommodation,131,102,32,70,29,6,23
S01007383,All people in households,749,594,263,331,155,81,74
S01007383,Whole house or bungalow: Total,556,447,181,266,109,68,41
S01007383,Whole house or bungalow: Detached,311,302,139,163,9,0,9
S01007383,Whole house or bungalow: Semi-detached,118,66,22,44,52,32,20
S01007383,Whole house or bungalow: Terraced (including end-terrace),127,79,20,59,48,36,12
S01007383,Flat maisonette or apartment or mobile/temporary accommodation,193,147,82,65,46,13,33
S01007384,All people in households,793,566,181,385,227,45,182
S01007384,Whole house or bungalow: Total,623,463,153,310,160,24,136
S01007384,Whole house or bungalow: Detached,226,210,109,101,16,0,16
S01007384,Whole house or bungalow: Semi-detached,242,131,26,105,111,19,92
S01007384,Whole house or bungalow: Terraced (including end-terrace),155,122,18,104,33,5,28
S01007384,Flat maisonette or apartment or mobile/temporary accommodation,170,103,28,75,67,21,46
S01007385,All people in households,826,676,329,347,150,69,81
S01007385,Whole house or bungalow: Total,609,546,265,281,63,27,36
S01007385,Whole house or bungalow: Detached,336,318,174,144,18,0,18
S01007385,Whole house or bungalow: Semi-detached,105,96,41,55,9,9,0
S01007385,Whole house or bungalow: Terraced (including end-terrace),168,132,50,82,36,18,18
S01007385,Flat maisonette or apartment or mobile/temporary accommodation,217,130,64,66,87,42,45
S01007386,All people in households,806,752,381,371,54,4,50
S01007386,Whole house or bungalow: Total,691,661,327,334,30,3,27
S01007386,Whole house or bungalow: Detached,602,585,301,284,17,0,17
S01007386,Whole house or bungalow: Semi-detached,56,56,25,31,0,0,0
S01007386,Whole house or bungalow: Terraced (including end-terrace),33,20,1,19,13,3,10
S01007386,Flat maisonette or apartment or mobile/temporary accommodation,115,91,54,37,24,1,23
S01007387,All people in households,778,724,335,389,54,13,41
S01007387,Whole house or bungalow: Total,713,666,314,352,47,10,37
S01007387,Whole house or bungalow: Detached,625,617,298,319,8,0,8
S01007387,Whole house or bungalow: Semi-detached,57,41,8,33,16,1,15
S01007387,Whole house or bungalow: Terraced (including end-terrace),31,8,8,0,23,9,14
S01007387,Flat maisonette or apartment or mobile/temporary accommodation,65,58,21,37,7,3,4
S01007388,All people in households,680,628,226,402,52,9,43
S01007388,Whole house or bungalow: Total,669,618,223,395,51,9,42
S01007388,Whole house or bungalow: Detached,551,525,198,327,26,0,26
S01007388,Whole house or bungalow: Semi-detached,97,85,25,60,12,0,12
S01007388,Whole house or bungalow: Terraced (including end-terrace),21,8,0,8,13,9,4
S01007388,Flat maisonette or apartment or mobile/temporary accommodation,11,10,3,7,1,0,1
S01007389,All people in households,585,144,25,119,441,166,275
S01007389,Whole house or bungalow: Total,570,142,25,117,428,158,270
S01007389,Whole house or bungalow: Detached,61,45,16,29,16,9,7
S01007389,Whole house or bungalow: Semi-detached,43,4,3,1,39,16,23
S01007389,Whole house or bungalow: Terraced (including end-terrace),466,93,6,87,373,133,240
S01007389,Flat maisonette or apartment or mobile/temporary accommodation,15,2,0,2,13,8,5
S01007390,All people in households,571,168,35,133,403,156,247
S01007390,Whole house or bungalow: Total,556,168,35,133,388,152,236
S01007390,Whole house or bungalow: Detached,71,46,18,28,25,8,17
S01007390,Whole house or bungalow: Semi-detached,76,35,8,27,41,10,31
S01007390,Whole house or bungalow: Terraced (including end-terrace),409,87,9,78,322,134,188
S01007390,Flat maisonette or apartment or mobile/temporary accommodation,15,0,0,0,15,4,11
S01007391,All people in households,572,530,245,285,42,10,32
S01007391,Whole house or bungalow: Total,563,522,241,281,41,10,31
S01007391,Whole house or bungalow: Detached,446,433,209,224,13,0,13
S01007391,Whole house or bungalow: Semi-detached,92,82,27,55,10,4,6
S01007391,Whole house or bungalow: Terraced (including end-terrace),25,7,5,2,18,6,12
S01007391,Flat maisonette or apartment or mobile/temporary accommodation,9,8,4,4,1,0,1
S01007392,All people in households,450,421,199,222,29,5,24
S01007392,Whole house or bungalow: Total,343,328,143,185,15,3,12
S01007392,Whole house or bungalow: Detached,234,228,112,116,6,0,6
S01007392,Whole house or bungalow: Semi-detached,104,98,29,69,6,0,6
S01007392,Whole house or bungalow: Terraced (including end-terrace),5,2,2,0,3,3,0
S01007392,Flat maisonette or apartment or mobile/temporary accommodation,107,93,56,37,14,2,12
S01007393,All people in households,653,521,244,277,132,76,56
S01007393,Whole house or bungalow: Total,468,410,178,232,58,34,24
S01007393,Whole house or bungalow: Detached,270,255,120,135,15,0,15
S01007393,Whole house or bungalow: Semi-detached,86,74,29,45,12,9,3
S01007393,Whole house or bungalow: Terraced (including end-terrace),112,81,29,52,31,25,6
S01007393,Flat maisonette or apartment or mobile/temporary accommodation,185,111,66,45,74,42,32
S01007394,All people in households,640,541,281,260,99,6,93
S01007394,Whole house or bungalow: Total,352,320,147,173,32,1,31
S01007394,Whole house or bungalow: Detached,211,197,90,107,14,0,14
S01007394,Whole house or bungalow: Semi-detached,100,93,34,59,7,1,6
S01007394,Whole house or bungalow: Terraced (including end-terrace),41,30,23,7,11,0,11
S01007394,Flat maisonette or apartment or mobile/temporary accommodation,288,221,134,87,67,5,62
S01007395,All people in households,785,430,161,269,355,95,260
S01007395,Whole house or bungalow: Total,83,68,29,39,15,10,5
S01007395,Whole house or bungalow: Detached,42,41,23,18,1,1,0
S01007395,Whole house or bungalow: Semi-detached,21,12,1,11,9,7,2
S01007395,Whole house or bungalow: Terraced (including end-terrace),20,15,5,10,5,2,3
S01007395,Flat maisonette or apartment or mobile/temporary accommodation,702,362,132,230,340,85,255
S01007396,All people in households,783,472,201,271,311,93,218
S01007396,Whole house or bungalow: Total,110,92,36,56,18,7,11
S01007396,Whole house or bungalow: Detached,51,48,22,26,3,0,3
S01007396,Whole house or bungalow: Semi-detached,40,34,7,27,6,2,4
S01007396,Whole house or bungalow: Terraced (including end-terrace),19,10,7,3,9,5,4
S01007396,Flat maisonette or apartment or mobile/temporary accommodation,673,380,165,215,293,86,207
S01007397,All people in households,937,748,311,437,189,65,124
S01007397,Whole house or bungalow: Total,523,473,199,274,50,28,22
S01007397,Whole house or bungalow: Detached,378,360,172,188,18,3,15
S01007397,Whole house or bungalow: Semi-detached,105,78,17,61,27,22,5
S01007397,Whole house or bungalow: Terraced (including end-terrace),40,35,10,25,5,3,2
S01007397,Flat maisonette or apartment or mobile/temporary accommodation,414,275,112,163,139,37,102
S01007398,All people in households,703,337,76,261,366,315,51
S01007398,Whole house or bungalow: Total,426,260,51,209,166,141,25
S01007398,Whole house or bungalow: Detached,19,16,1,15,3,2,1
S01007398,Whole house or bungalow: Semi-detached,249,134,28,106,115,92,23
S01007398,Whole house or bungalow: Terraced (including end-terrace),158,110,22,88,48,47,1
S01007398,Flat maisonette or apartment or mobile/temporary accommodation,277,77,25,52,200,174,26
S01007399,All people in households,642,235,70,165,407,347,60
S01007399,Whole house or bungalow: Total,189,128,41,87,61,40,21
S01007399,Whole house or bungalow: Detached,50,40,23,17,10,8,2
S01007399,Whole house or bungalow: Semi-detached,50,31,3,28,19,10,9
S01007399,Whole house or bungalow: Terraced (including end-terrace),89,57,15,42,32,22,10
S01007399,Flat maisonette or apartment or mobile/temporary accommodation,453,107,29,78,346,307,39
S01007400,All people in households,699,595,253,342,104,54,50
S01007400,Whole house or bungalow: Total,417,388,137,251,29,24,5
S01007400,Whole house or bungalow: Detached,166,162,74,88,4,0,4
S01007400,Whole house or bungalow: Semi-detached,194,172,49,123,22,21,1
S01007400,Whole house or bungalow: Terraced (including end-terrace),57,54,14,40,3,3,0
S01007400,Flat maisonette or apartment or mobile/temporary accommodation,282,207,116,91,75,30,45
S01007401,All people in households,676,589,214,375,87,17,70
S01007401,Whole house or bungalow: Total,523,498,164,334,25,7,18
S01007401,Whole house or bungalow: Detached,103,99,43,56,4,1,3
S01007401,Whole house or bungalow: Semi-detached,332,320,101,219,12,6,6
S01007401,Whole house or bungalow: Terraced (including end-terrace),88,79,20,59,9,0,9
S01007401,Flat maisonette or apartment or mobile/temporary accommodation,153,91,50,41,62,10,52
S01007402,All people in households,610,567,198,369,43,17,26
S01007402,Whole house or bungalow: Total,602,565,196,369,37,11,26
S01007402,Whole house or bungalow: Detached,146,137,60,77,9,4,5
S01007402,Whole house or bungalow: Semi-detached,346,327,111,216,19,7,12
S01007402,Whole house or bungalow: Terraced (including end-terrace),110,101,25,76,9,0,9
S01007402,Flat maisonette or apartment or mobile/temporary accommodation,8,2,2,0,6,6,0
S01007403,All people in households,825,391,59,332,434,52,382
S01007403,Whole house or bungalow: Total,804,388,59,329,416,46,370
S01007403,Whole house or bungalow: Detached,266,201,34,167,65,5,60
S01007403,Whole house or bungalow: Semi-detached,489,155,20,135,334,38,296
S01007403,Whole house or bungalow: Terraced (including end-terrace),49,32,5,27,17,3,14
S01007403,Flat maisonette or apartment or mobile/temporary accommodation,21,3,0,3,18,6,12
S01007404,All people in households,426,236,108,128,190,46,144
S01007404,Whole house or bungalow: Total,402,223,101,122,179,46,133
S01007404,Whole house or bungalow: Detached,261,140,47,93,121,9,112
S01007404,Whole house or bungalow: Semi-detached,93,56,37,19,37,31,6
S01007404,Whole house or bungalow: Terraced (including end-terrace),48,27,17,10,21,6,15
S01007404,Flat maisonette or apartment or mobile/temporary accommodation,24,13,7,6,11,0,11
S01007405,All people in households,665,579,237,342,86,16,70
S01007405,Whole house or bungalow: Total,548,493,198,295,55,10,45
S01007405,Whole house or bungalow: Detached,432,399,158,241,33,0,33
S01007405,Whole house or bungalow: Semi-detached,63,60,33,27,3,0,3
S01007405,Whole house or bungalow: Terraced (including end-terrace),53,34,7,27,19,10,9
S01007405,Flat maisonette or apartment or mobile/temporary accommodation,117,86,39,47,31,6,25
S01007406,All people in households,603,565,258,307,38,5,33
S01007406,Whole house or bungalow: Total,566,531,242,289,35,5,30
S01007406,Whole house or bungalow: Detached,384,374,202,172,10,2,8
S01007406,Whole house or bungalow: Semi-detached,165,148,35,113,17,0,17
S01007406,Whole house or bungalow: Terraced (including end-terrace),17,9,5,4,8,3,5
S01007406,Flat maisonette or apartment or mobile/temporary accommodation,37,34,16,18,3,0,3
S01007407,All people in households,722,630,262,368,92,53,39
S01007407,Whole house or bungalow: Total,635,577,233,344,58,33,25
S01007407,Whole house or bungalow: Detached,408,397,188,209,11,5,6
S01007407,Whole house or bungalow: Semi-detached,146,127,34,93,19,10,9
S01007407,Whole house or bungalow: Terraced (including end-terrace),81,53,11,42,28,18,10
S01007407,Flat maisonette or apartment or mobile/temporary accommodation,87,53,29,24,34,20,14
S01007408,All people in households,596,427,134,293,169,132,37
S01007408,Whole house or bungalow: Total,361,299,95,204,62,50,12
S01007408,Whole house or bungalow: Detached,86,86,39,47,0,0,0
S01007408,Whole house or bungalow: Semi-detached,173,148,44,104,25,19,6
S01007408,Whole house or bungalow: Terraced (including end-terrace),102,65,12,53,37,31,6
S01007408,Flat maisonette or apartment or mobile/temporary accommodation,235,128,39,89,107,82,25
S01007409,All people in households,669,537,198,339,132,91,41
S01007409,Whole house or bungalow: Total,505,467,187,280,38,36,2
S01007409,Whole house or bungalow: Detached,123,117,53,64,6,6,0
S01007409,Whole house or bungalow: Semi-detached,359,336,132,204,23,21,2
S01007409,Whole house or bungalow: Terraced (including end-terrace),23,14,2,12,9,9,0
S01007409,Flat maisonette or apartment or mobile/temporary accommodation,164,70,11,59,94,55,39
S01007410,All people in households,703,238,80,158,465,397,68
S01007410,Whole house or bungalow: Total,663,235,78,157,428,362,66
S01007410,Whole house or bungalow: Detached,56,32,7,25,24,22,2
S01007410,Whole house or bungalow: Semi-detached,259,37,10,27,222,195,27
S01007410,Whole house or bungalow: Terraced (including end-terrace),348,166,61,105,182,145,37
S01007410,Flat maisonette or apartment or mobile/temporary accommodation,40,3,2,1,37,35,2
S01007411,All people in households,895,366,104,262,529,428,101
S01007411,Whole house or bungalow: Total,577,339,99,240,238,186,52
S01007411,Whole house or bungalow: Detached,89,62,16,46,27,13,14
S01007411,Whole house or bungalow: Semi-detached,235,135,34,101,100,79,21
S01007411,Whole house or bungalow: Terraced (including end-terrace),253,142,49,93,111,94,17
S01007411,Flat maisonette or apartment or mobile/temporary accommodation,318,27,5,22,291,242,49
S01007412,All people in households,478,299,126,173,179,158,21
S01007412,Whole house or bungalow: Total,441,286,116,170,155,134,21
S01007412,Whole house or bungalow: Detached,69,61,31,30,8,4,4
S01007412,Whole house or bungalow: Semi-detached,225,138,53,85,87,81,6
S01007412,Whole house or bungalow: Terraced (including end-terrace),147,87,32,55,60,49,11
S01007412,Flat maisonette or apartment or mobile/temporary accommodation,37,13,10,3,24,24,0
S01007413,All people in households,910,791,176,615,119,67,52
S01007413,Whole house or bungalow: Total,728,672,162,510,56,21,35
S01007413,Whole house or bungalow: Detached,352,331,70,261,21,0,21
S01007413,Whole house or bungalow: Semi-detached,350,336,89,247,14,8,6
S01007413,Whole house or bungalow: Terraced (including end-terrace),26,5,3,2,21,13,8
S01007413,Flat maisonette or apartment or mobile/temporary accommodation,182,119,14,105,63,46,17
S01007414,All people in households,694,636,92,544,58,23,35
S01007414,Whole house or bungalow: Total,688,636,92,544,52,17,35
S01007414,Whole house or bungalow: Detached,570,541,84,457,29,0,29
S01007414,Whole house or bungalow: Semi-detached,96,81,4,77,15,11,4
S01007414,Whole house or bungalow: Terraced (including end-terrace),22,14,4,10,8,6,2
S01007414,Flat maisonette or apartment or mobile/temporary accommodation,6,0,0,0,6,6,0
S01007415,All people in households,853,455,141,314,398,365,33
S01007415,Whole house or bungalow: Total,745,430,131,299,315,288,27
S01007415,Whole house or bungalow: Detached,21,19,7,12,2,2,0
S01007415,Whole house or bungalow: Semi-detached,368,225,66,159,143,126,17
S01007415,Whole house or bungalow: Terraced (including end-terrace),356,186,58,128,170,160,10
S01007415,Flat maisonette or apartment or mobile/temporary accommodation,108,25,10,15,83,77,6
S01007416,All people in households,595,181,55,126,414,369,45
S01007416,Whole house or bungalow: Total,586,177,54,123,409,366,43
S01007416,Whole house or bungalow: Detached,47,23,7,16,24,17,7
S01007416,Whole house or bungalow: Semi-detached,210,68,14,54,142,126,16
S01007416,Whole house or bungalow: Terraced (including end-terrace),329,86,33,53,243,223,20
S01007416,Flat maisonette or apartment or mobile/temporary accommodation,9,4,1,3,5,3,2
S01007417,All people in households,992,839,221,618,153,50,103
S01007417,Whole house or bungalow: Total,937,820,217,603,117,49,68
S01007417,Whole house or bungalow: Detached,769,713,195,518,56,10,46
S01007417,Whole house or bungalow: Semi-detached,91,68,20,48,23,14,9
S01007417,Whole house or bungalow: Terraced (including end-terrace),77,39,2,37,38,25,13
S01007417,Flat maisonette or apartment or mobile/temporary accommodation,55,19,4,15,36,1,35
S01007418,All people in households,654,386,121,265,268,214,54
S01007418,Whole house or bungalow: Total,596,365,110,255,231,188,43
S01007418,Whole house or bungalow: Detached,34,21,5,16,13,8,5
S01007418,Whole house or bungalow: Semi-detached,336,219,62,157,117,103,14
S01007418,Whole house or bungalow: Terraced (including end-terrace),226,125,43,82,101,77,24
S01007418,Flat maisonette or apartment or mobile/temporary accommodation,58,21,11,10,37,26,11
S01007419,All people in households,865,354,107,247,511,469,42
S01007419,Whole house or bungalow: Total,449,252,78,174,197,162,35
S01007419,Whole house or bungalow: Detached,47,36,6,30,11,8,3
S01007419,Whole house or bungalow: Semi-detached,182,113,34,79,69,57,12
S01007419,Whole house or bungalow: Terraced (including end-terrace),220,103,38,65,117,97,20
S01007419,Flat maisonette or apartment or mobile/temporary accommodation,416,102,29,73,314,307,7
S01007420,All people in households,794,656,149,507,138,41,97
S01007420,Whole house or bungalow: Total,766,651,146,505,115,28,87
S01007420,Whole house or bungalow: Detached,480,408,70,338,72,6,66
S01007420,Whole house or bungalow: Semi-detached,194,177,54,123,17,9,8
S01007420,Whole house or bungalow: Terraced (including end-terrace),92,66,22,44,26,13,13
S01007420,Flat maisonette or apartment or mobile/temporary accommodation,28,5,3,2,23,13,10
S01007421,All people in households,663,512,129,383,151,98,53
S01007421,Whole house or bungalow: Total,513,432,90,342,81,52,29
S01007421,Whole house or bungalow: Detached,348,322,56,266,26,3,23
S01007421,Whole house or bungalow: Semi-detached,87,56,27,29,31,28,3
S01007421,Whole house or bungalow: Terraced (including end-terrace),78,54,7,47,24,21,3
S01007421,Flat maisonette or apartment or mobile/temporary accommodation,150,80,39,41,70,46,24
S01007422,All people in households,550,437,150,287,113,76,37
S01007422,Whole house or bungalow: Total,404,343,110,233,61,44,17
S01007422,Whole house or bungalow: Detached,204,196,67,129,8,4,4
S01007422,Whole house or bungalow: Semi-detached,107,76,22,54,31,23,8
S01007422,Whole house or bungalow: Terraced (including end-terrace),93,71,21,50,22,17,5
S01007422,Flat maisonette or apartment or mobile/temporary accommodation,146,94,40,54,52,32,20
S01007423,All people in households,764,578,151,427,186,111,75
S01007423,Whole house or bungalow: Total,687,535,134,401,152,96,56
S01007423,Whole house or bungalow: Detached,304,272,36,236,32,0,32
S01007423,Whole house or bungalow: Semi-detached,143,122,37,85,21,13,8
S01007423,Whole house or bungalow: Terraced (including end-terrace),240,141,61,80,99,83,16
S01007423,Flat maisonette or apartment or mobile/temporary accommodation,77,43,17,26,34,15,19
S01007424,All people in households,787,713,334,379,74,20,54
S01007424,Whole house or bungalow: Total,774,707,332,375,67,16,51
S01007424,Whole house or bungalow: Detached,316,300,129,171,16,0,16
S01007424,Whole house or bungalow: Semi-detached,276,249,140,109,27,9,18
S01007424,Whole house or bungalow: Terraced (including end-terrace),182,158,63,95,24,7,17
S01007424,Flat maisonette or apartment or mobile/temporary accommodation,13,6,2,4,7,4,3
S01007425,All people in households,872,700,323,377,172,131,41
S01007425,Whole house or bungalow: Total,745,667,315,352,78,56,22
S01007425,Whole house or bungalow: Detached,256,254,135,119,2,0,2
S01007425,Whole house or bungalow: Semi-detached,378,339,159,180,39,29,10
S01007425,Whole house or bungalow: Terraced (including end-terrace),111,74,21,53,37,27,10
S01007425,Flat maisonette or apartment or mobile/temporary accommodation,127,33,8,25,94,75,19
S01007426,All people in households,658,387,145,242,271,169,102
S01007426,Whole house or bungalow: Total,396,283,122,161,113,73,40
S01007426,Whole house or bungalow: Detached,102,96,47,49,6,1,5
S01007426,Whole house or bungalow: Semi-detached,146,106,39,67,40,16,24
S01007426,Whole house or bungalow: Terraced (including end-terrace),148,81,36,45,67,56,11
S01007426,Flat maisonette or apartment or mobile/temporary accommodation,262,104,23,81,158,96,62
S01007427,All people in households,642,363,154,209,279,233,46
S01007427,Whole house or bungalow: Total,496,335,147,188,161,136,25
S01007427,Whole house or bungalow: Detached,40,38,18,20,2,2,0
S01007427,Whole house or bungalow: Semi-detached,190,128,60,68,62,58,4
S01007427,Whole house or bungalow: Terraced (including end-terrace),266,169,69,100,97,76,21
S01007427,Flat maisonette or apartment or mobile/temporary accommodation,146,28,7,21,118,97,21
S01007428,All people in households,887,557,194,363,330,208,122
S01007428,Whole house or bungalow: Total,565,424,155,269,141,93,48
S01007428,Whole house or bungalow: Detached,140,121,45,76,19,8,11
S01007428,Whole house or bungalow: Semi-detached,227,175,63,112,52,29,23
S01007428,Whole house or bungalow: Terraced (including end-terrace),198,128,47,81,70,56,14
S01007428,Flat maisonette or apartment or mobile/temporary accommodation,322,133,39,94,189,115,74
S01007429,All people in households,715,499,155,344,216,116,100
S01007429,Whole house or bungalow: Total,409,359,123,236,50,20,30
S01007429,Whole house or bungalow: Detached,129,125,60,65,4,2,2
S01007429,Whole house or bungalow: Semi-detached,187,156,48,108,31,14,17
S01007429,Whole house or bungalow: Terraced (including end-terrace),93,78,15,63,15,4,11
S01007429,Flat maisonette or apartment or mobile/temporary accommodation,306,140,32,108,166,96,70
S01007430,All people in households,442,299,122,177,143,73,70
S01007430,Whole house or bungalow: Total,367,264,112,152,103,66,37
S01007430,Whole house or bungalow: Detached,145,124,68,56,21,10,11
S01007430,Whole house or bungalow: Semi-detached,131,90,29,61,41,23,18
S01007430,Whole house or bungalow: Terraced (including end-terrace),91,50,15,35,41,33,8
S01007430,Flat maisonette or apartment or mobile/temporary accommodation,75,35,10,25,40,7,33
S01007431,All people in households,554,512,199,313,42,29,13
S01007431,Whole house or bungalow: Total,548,512,199,313,36,24,12
S01007431,Whole house or bungalow: Detached,341,337,140,197,4,0,4
S01007431,Whole house or bungalow: Semi-detached,186,158,51,107,28,21,7
S01007431,Whole house or bungalow: Terraced (including end-terrace),21,17,8,9,4,3,1
S01007431,Flat maisonette or apartment or mobile/temporary accommodation,6,0,0,0,6,5,1
S01007432,All people in households,782,609,206,403,173,116,57
S01007432,Whole house or bungalow: Total,704,558,185,373,146,100,46
S01007432,Whole house or bungalow: Detached,233,207,63,144,26,6,20
S01007432,Whole house or bungalow: Semi-detached,133,98,32,66,35,23,12
S01007432,Whole house or bungalow: Terraced (including end-terrace),338,253,90,163,85,71,14
S01007432,Flat maisonette or apartment or mobile/temporary accommodation,78,51,21,30,27,16,11
S01007433,All people in households,798,576,223,353,222,147,75
S01007433,Whole house or bungalow: Total,773,572,222,350,201,135,66
S01007433,Whole house or bungalow: Detached,360,318,130,188,42,5,37
S01007433,Whole house or bungalow: Semi-detached,247,145,64,81,102,85,17
S01007433,Whole house or bungalow: Terraced (including end-terrace),166,109,28,81,57,45,12
S01007433,Flat maisonette or apartment or mobile/temporary accommodation,25,4,1,3,21,12,9
S01007434,All people in households,496,219,75,144,277,231,46
S01007434,Whole house or bungalow: Total,273,169,58,111,104,80,24
S01007434,Whole house or bungalow: Detached,36,28,8,20,8,7,1
S01007434,Whole house or bungalow: Semi-detached,129,89,30,59,40,24,16
S01007434,Whole house or bungalow: Terraced (including end-terrace),108,52,20,32,56,49,7
S01007434,Flat maisonette or apartment or mobile/temporary accommodation,223,50,17,33,173,151,22
S01007435,All people in households,668,496,165,331,172,107,65
S01007435,Whole house or bungalow: Total,475,401,144,257,74,35,39
S01007435,Whole house or bungalow: Detached,177,153,55,98,24,3,21
S01007435,Whole house or bungalow: Semi-detached,190,160,51,109,30,19,11
S01007435,Whole house or bungalow: Terraced (including end-terrace),108,88,38,50,20,13,7
S01007435,Flat maisonette or apartment or mobile/temporary accommodation,193,95,21,74,98,72,26
S01007436,All people in households,674,258,76,182,416,350,66
S01007436,Whole house or bungalow: Total,263,151,55,96,112,96,16
S01007436,Whole house or bungalow: Detached,63,48,21,27,15,10,5
S01007436,Whole house or bungalow: Semi-detached,63,48,17,31,15,9,6
S01007436,Whole house or bungalow: Terraced (including end-terrace),137,55,17,38,82,77,5
S01007436,Flat maisonette or apartment or mobile/temporary accommodation,411,107,21,86,304,254,50
S01007437,All people in households,440,231,108,123,209,154,55
S01007437,Whole house or bungalow: Total,233,183,94,89,50,34,16
S01007437,Whole house or bungalow: Detached,82,80,42,38,2,1,1
S01007437,Whole house or bungalow: Semi-detached,70,52,26,26,18,11,7
S01007437,Whole house or bungalow: Terraced (including end-terrace),81,51,26,25,30,22,8
S01007437,Flat maisonette or apartment or mobile/temporary accommodation,207,48,14,34,159,120,39
S01007438,All people in households,671,431,199,232,240,194,46
S01007438,Whole house or bungalow: Total,476,380,182,198,96,68,28
S01007438,Whole house or bungalow: Detached,57,56,33,23,1,1,0
S01007438,Whole house or bungalow: Semi-detached,191,157,75,82,34,19,15
S01007438,Whole house or bungalow: Terraced (including end-terrace),228,167,74,93,61,48,13
S01007438,Flat maisonette or apartment or mobile/temporary accommodation,195,51,17,34,144,126,18
S01007439,All people in households,686,485,195,290,201,144,57
S01007439,Whole house or bungalow: Total,453,369,162,207,84,72,12
S01007439,Whole house or bungalow: Detached,133,119,49,70,14,11,3
S01007439,Whole house or bungalow: Semi-detached,187,162,71,91,25,23,2
S01007439,Whole house or bungalow: Terraced (including end-terrace),133,88,42,46,45,38,7
S01007439,Flat maisonette or apartment or mobile/temporary accommodation,233,116,33,83,117,72,45
S01007440,All people in households,645,446,153,293,199,179,20
S01007440,Whole house or bungalow: Total,549,409,145,264,140,122,18
S01007440,Whole house or bungalow: Detached,87,84,38,46,3,3,0
S01007440,Whole house or bungalow: Semi-detached,173,136,38,98,37,22,15
S01007440,Whole house or bungalow: Terraced (including end-terrace),289,189,69,120,100,97,3
S01007440,Flat maisonette or apartment or mobile/temporary accommodation,96,37,8,29,59,57,2
S01007441,All people in households,551,519,193,326,32,15,17
S01007441,Whole house or bungalow: Total,543,519,193,326,24,9,15
S01007441,Whole house or bungalow: Detached,317,312,137,175,5,0,5
S01007441,Whole house or bungalow: Semi-detached,184,170,45,125,14,6,8
S01007441,Whole house or bungalow: Terraced (including end-terrace),42,37,11,26,5,3,2
S01007441,Flat maisonette or apartment or mobile/temporary accommodation,8,0,0,0,8,6,2
S01007442,All people in households,478,460,208,252,18,3,15
S01007442,Whole house or bungalow: Total,475,460,208,252,15,0,15
S01007442,Whole house or bungalow: Detached,368,359,176,183,9,0,9
S01007442,Whole house or bungalow: Semi-detached,99,95,32,63,4,0,4
S01007442,Whole house or bungalow: Terraced (including end-terrace),8,6,0,6,2,0,2
S01007442,Flat maisonette or apartment or mobile/temporary accommodation,3,0,0,0,3,3,0
S01007443,All people in households,856,663,321,342,193,108,85
S01007443,Whole house or bungalow: Total,803,642,316,326,161,90,71
S01007443,Whole house or bungalow: Detached,434,402,217,185,32,0,32
S01007443,Whole house or bungalow: Semi-detached,319,204,82,122,115,81,34
S01007443,Whole house or bungalow: Terraced (including end-terrace),50,36,17,19,14,9,5
S01007443,Flat maisonette or apartment or mobile/temporary accommodation,53,21,5,16,32,18,14
S01007444,All people in households,936,816,373,443,120,68,52
S01007444,Whole house or bungalow: Total,806,735,336,399,71,39,32
S01007444,Whole house or bungalow: Detached,393,376,187,189,17,1,16
S01007444,Whole house or bungalow: Semi-detached,293,255,114,141,38,28,10
S01007444,Whole house or bungalow: Terraced (including end-terrace),120,104,35,69,16,10,6
S01007444,Flat maisonette or apartment or mobile/temporary accommodation,130,81,37,44,49,29,20
S01007445,All people in households,625,582,255,327,43,23,20
S01007445,Whole house or bungalow: Total,614,574,255,319,40,21,19
S01007445,Whole house or bungalow: Detached,432,423,210,213,9,0,9
S01007445,Whole house or bungalow: Semi-detached,170,143,45,98,27,18,9
S01007445,Whole house or bungalow: Terraced (including end-terrace),12,8,0,8,4,3,1
S01007445,Flat maisonette or apartment or mobile/temporary accommodation,11,8,0,8,3,2,1
S01007446,All people in households,541,488,212,276,53,6,47
S01007446,Whole house or bungalow: Total,531,483,207,276,48,6,42
S01007446,Whole house or bungalow: Detached,427,395,181,214,32,0,32
S01007446,Whole house or bungalow: Semi-detached,52,47,18,29,5,1,4
S01007446,Whole house or bungalow: Terraced (including end-terrace),52,41,8,33,11,5,6
S01007446,Flat maisonette or apartment or mobile/temporary accommodation,10,5,5,0,5,0,5
S01007447,All people in households,485,427,232,195,58,20,38
S01007447,Whole house or bungalow: Total,479,423,228,195,56,20,36
S01007447,Whole house or bungalow: Detached,356,328,196,132,28,0,28
S01007447,Whole house or bungalow: Semi-detached,110,86,29,57,24,17,7
S01007447,Whole house or bungalow: Terraced (including end-terrace),13,9,3,6,4,3,1
S01007447,Flat maisonette or apartment or mobile/temporary accommodation,6,4,4,0,2,0,2
S01007448,All people in households,867,736,352,384,131,74,57
S01007448,Whole house or bungalow: Total,835,716,351,365,119,66,53
S01007448,Whole house or bungalow: Detached,497,460,241,219,37,3,34
S01007448,Whole house or bungalow: Semi-detached,269,223,92,131,46,31,15
S01007448,Whole house or bungalow: Terraced (including end-terrace),69,33,18,15,36,32,4
S01007448,Flat maisonette or apartment or mobile/temporary accommodation,32,20,1,19,12,8,4
S01007449,All people in households,980,592,243,349,388,315,73
S01007449,Whole house or bungalow: Total,723,530,214,316,193,143,50
S01007449,Whole house or bungalow: Detached,238,219,128,91,19,5,14
S01007449,Whole house or bungalow: Semi-detached,266,172,48,124,94,82,12
S01007449,Whole house or bungalow: Terraced (including end-terrace),219,139,38,101,80,56,24
S01007449,Flat maisonette or apartment or mobile/temporary accommodation,257,62,29,33,195,172,23
S01007450,All people in households,774,356,122,234,418,356,62
S01007450,Whole house or bungalow: Total,686,349,118,231,337,300,37
S01007450,Whole house or bungalow: Detached,104,63,20,43,41,24,17
S01007450,Whole house or bungalow: Semi-detached,346,182,62,120,164,151,13
S01007450,Whole house or bungalow: Terraced (including end-terrace),236,104,36,68,132,125,7
S01007450,Flat maisonette or apartment or mobile/temporary accommodation,88,7,4,3,81,56,25
S01007451,All people in households,623,481,176,305,142,101,41
S01007451,Whole house or bungalow: Total,576,455,175,280,121,81,40
S01007451,Whole house or bungalow: Detached,139,133,60,73,6,0,6
S01007451,Whole house or bungalow: Semi-detached,125,89,26,63,36,28,8
S01007451,Whole house or bungalow: Terraced (including end-terrace),312,233,89,144,79,53,26
S01007451,Flat maisonette or apartment or mobile/temporary accommodation,47,26,1,25,21,20,1
S01007452,All people in households,523,264,96,168,259,202,57
S01007452,Whole house or bungalow: Total,483,250,93,157,233,192,41
S01007452,Whole house or bungalow: Detached,141,112,53,59,29,6,23
S01007452,Whole house or bungalow: Semi-detached,248,92,21,71,156,138,18
S01007452,Whole house or bungalow: Terraced (including end-terrace),94,46,19,27,48,48,0
S01007452,Flat maisonette or apartment or mobile/temporary accommodation,40,14,3,11,26,10,16
S01007453,All people in households,635,581,79,502,54,16,38
S01007453,Whole house or bungalow: Total,629,580,78,502,49,11,38
S01007453,Whole house or bungalow: Detached,528,498,65,433,30,2,28
S01007453,Whole house or bungalow: Semi-detached,57,50,11,39,7,4,3
S01007453,Whole house or bungalow: Terraced (including end-terrace),44,32,2,30,12,5,7
S01007453,Flat maisonette or apartment or mobile/temporary accommodation,6,1,1,0,5,5,0
S01007454,All people in households,512,283,101,182,229,187,42
S01007454,Whole house or bungalow: Total,508,283,101,182,225,187,38
S01007454,Whole house or bungalow: Detached,71,39,23,16,32,14,18
S01007454,Whole house or bungalow: Semi-detached,315,184,66,118,131,113,18
S01007454,Whole house or bungalow: Terraced (including end-terrace),122,60,12,48,62,60,2
S01007454,Flat maisonette or apartment or mobile/temporary accommodation,4,0,0,0,4,0,4
S01007455,All people in households,846,336,114,222,510,441,69
S01007455,Whole house or bungalow: Total,744,313,110,203,431,375,56
S01007455,Whole house or bungalow: Detached,87,57,32,25,30,24,6
S01007455,Whole house or bungalow: Semi-detached,312,152,51,101,160,137,23
S01007455,Whole house or bungalow: Terraced (including end-terrace),345,104,27,77,241,214,27
S01007455,Flat maisonette or apartment or mobile/temporary accommodation,102,23,4,19,79,66,13
S01007456,All people in households,853,342,98,244,511,406,105
S01007456,Whole house or bungalow: Total,306,178,46,132,128,94,34
S01007456,Whole house or bungalow: Detached,18,14,1,13,4,4,0
S01007456,Whole house or bungalow: Semi-detached,121,53,15,38,68,51,17
S01007456,Whole house or bungalow: Terraced (including end-terrace),167,111,30,81,56,39,17
S01007456,Flat maisonette or apartment or mobile/temporary accommodation,547,164,52,112,383,312,71
S01007457,All people in households,1033,624,177,447,409,329,80
S01007457,Whole house or bungalow: Total,801,591,167,424,210,160,50
S01007457,Whole house or bungalow: Detached,344,316,49,267,28,6,22
S01007457,Whole house or bungalow: Semi-detached,315,220,97,123,95,87,8
S01007457,Whole house or bungalow: Terraced (including end-terrace),142,55,21,34,87,67,20
S01007457,Flat maisonette or apartment or mobile/temporary accommodation,232,33,10,23,199,169,30
S01007458,All people in households,523,438,182,256,85,61,24
S01007458,Whole house or bungalow: Total,510,428,182,246,82,59,23
S01007458,Whole house or bungalow: Detached,153,147,63,84,6,6,0
S01007458,Whole house or bungalow: Semi-detached,336,272,113,159,64,41,23
S01007458,Whole house or bungalow: Terraced (including end-terrace),21,9,6,3,12,12,0
S01007458,Flat maisonette or apartment or mobile/temporary accommodation,13,10,0,10,3,2,1
S01007459,All people in households,643,472,194,278,171,129,42
S01007459,Whole house or bungalow: Total,630,470,192,278,160,118,42
S01007459,Whole house or bungalow: Detached,252,227,105,122,25,11,14
S01007459,Whole house or bungalow: Semi-detached,196,133,50,83,63,50,13
S01007459,Whole house or bungalow: Terraced (including end-terrace),182,110,37,73,72,57,15
S01007459,Flat maisonette or apartment or mobile/temporary accommodation,13,2,2,0,11,11,0
S01007460,All people in households,717,436,158,278,281,226,55
S01007460,Whole house or bungalow: Total,569,399,155,244,170,134,36
S01007460,Whole house or bungalow: Detached,100,78,35,43,22,15,7
S01007460,Whole house or bungalow: Semi-detached,270,184,80,104,86,67,19
S01007460,Whole house or bungalow: Terraced (including end-terrace),199,137,40,97,62,52,10
S01007460,Flat maisonette or apartment or mobile/temporary accommodation,148,37,3,34,111,92,19
S01007461,All people in households,680,188,70,118,492,416,76
S01007461,Whole house or bungalow: Total,305,137,59,78,168,140,28
S01007461,Whole house or bungalow: Detached,39,26,7,19,13,13,0
S01007461,Whole house or bungalow: Semi-detached,70,24,6,18,46,37,9
S01007461,Whole house or bungalow: Terraced (including end-terrace),196,87,46,41,109,90,19
S01007461,Flat maisonette or apartment or mobile/temporary accommodation,375,51,11,40,324,276,48
S01007462,All people in households,774,458,143,315,316,187,129
S01007462,Whole house or bungalow: Total,496,346,119,227,150,110,40
S01007462,Whole house or bungalow: Detached,79,71,35,36,8,2,6
S01007462,Whole house or bungalow: Semi-detached,267,180,42,138,87,80,7
S01007462,Whole house or bungalow: Terraced (including end-terrace),150,95,42,53,55,28,27
S01007462,Flat maisonette or apartment or mobile/temporary accommodation,278,112,24,88,166,77,89
S01007463,All people in households,988,261,67,194,727,682,45
S01007463,Whole house or bungalow: Total,890,240,61,179,650,609,41
S01007463,Whole house or bungalow: Detached,148,79,19,60,69,59,10
S01007463,Whole house or bungalow: Semi-detached,415,97,25,72,318,299,19
S01007463,Whole house or bungalow: Terraced (including end-terrace),327,64,17,47,263,251,12
S01007463,Flat maisonette or apartment or mobile/temporary accommodation,98,21,6,15,77,73,4
S01007464,All people in households,686,217,73,144,469,426,43
S01007464,Whole house or bungalow: Total,597,203,72,131,394,359,35
S01007464,Whole house or bungalow: Detached,41,27,4,23,14,14,0
S01007464,Whole house or bungalow: Semi-detached,120,38,9,29,82,70,12
S01007464,Whole house or bungalow: Terraced (including end-terrace),436,138,59,79,298,275,23
S01007464,Flat maisonette or apartment or mobile/temporary accommodation,89,14,1,13,75,67,8
S01007465,All people in households,785,164,47,117,621,552,69
S01007465,Whole house or bungalow: Total,649,150,43,107,499,475,24
S01007465,Whole house or bungalow: Detached,86,22,7,15,64,63,1
S01007465,Whole house or bungalow: Semi-detached,200,63,20,43,137,129,8
S01007465,Whole house or bungalow: Terraced (including end-terrace),363,65,16,49,298,283,15
S01007465,Flat maisonette or apartment or mobile/temporary accommodation,136,14,4,10,122,77,45
S01007466,All people in households,984,307,96,211,677,492,185
S01007466,Whole house or bungalow: Total,355,160,62,98,195,169,26
S01007466,Whole house or bungalow: Detached,61,36,14,22,25,22,3
S01007466,Whole house or bungalow: Semi-detached,75,30,4,26,45,44,1
S01007466,Whole house or bungalow: Terraced (including end-terrace),219,94,44,50,125,103,22
S01007466,Flat maisonette or apartment or mobile/temporary accommodation,629,147,34,113,482,323,159
S01007467,All people in households,974,564,214,350,410,242,168
S01007467,Whole house or bungalow: Total,560,439,166,273,121,79,42
S01007467,Whole house or bungalow: Detached,116,108,49,59,8,5,3
S01007467,Whole house or bungalow: Semi-detached,312,259,69,190,53,32,21
S01007467,Whole house or bungalow: Terraced (including end-terrace),132,72,48,24,60,42,18
S01007467,Flat maisonette or apartment or mobile/temporary accommodation,414,125,48,77,289,163,126
S01007468,All people in households,714,635,210,425,79,35,44
S01007468,Whole house or bungalow: Total,642,597,209,388,45,26,19
S01007468,Whole house or bungalow: Detached,242,234,107,127,8,4,4
S01007468,Whole house or bungalow: Semi-detached,340,313,96,217,27,14,13
S01007468,Whole house or bungalow: Terraced (including end-terrace),60,50,6,44,10,8,2
S01007468,Flat maisonette or apartment or mobile/temporary accommodation,72,38,1,37,34,9,25
S01007469,All people in households,611,399,112,287,212,179,33
S01007469,Whole house or bungalow: Total,533,390,109,281,143,115,28
S01007469,Whole house or bungalow: Detached,33,24,9,15,9,2,7
S01007469,Whole house or bungalow: Semi-detached,85,55,16,39,30,30,0
S01007469,Whole house or bungalow: Terraced (including end-terrace),415,311,84,227,104,83,21
S01007469,Flat maisonette or apartment or mobile/temporary accommodation,78,9,3,6,69,64,5
S01007470,All people in households,699,271,89,182,428,350,78
S01007470,Whole house or bungalow: Total,300,184,60,124,116,85,31
S01007470,Whole house or bungalow: Detached,77,65,12,53,12,5,7
S01007470,Whole house or bungalow: Semi-detached,171,99,42,57,72,51,21
S01007470,Whole house or bungalow: Terraced (including end-terrace),52,20,6,14,32,29,3
S01007470,Flat maisonette or apartment or mobile/temporary accommodation,399,87,29,58,312,265,47
S01007471,All people in households,479,315,74,241,164,120,44
S01007471,Whole house or bungalow: Total,456,314,73,241,142,100,42
S01007471,Whole house or bungalow: Detached,127,118,30,88,9,3,6
S01007471,Whole house or bungalow: Semi-detached,206,134,31,103,72,49,23
S01007471,Whole house or bungalow: Terraced (including end-terrace),123,62,12,50,61,48,13
S01007471,Flat maisonette or apartment or mobile/temporary accommodation,23,1,1,0,22,20,2
S01007472,All people in households,554,319,109,210,235,191,44
S01007472,Whole house or bungalow: Total,518,311,106,205,207,168,39
S01007472,Whole house or bungalow: Detached,42,26,7,19,16,16,0
S01007472,Whole house or bungalow: Semi-detached,202,121,44,77,81,62,19
S01007472,Whole house or bungalow: Terraced (including end-terrace),274,164,55,109,110,90,20
S01007472,Flat maisonette or apartment or mobile/temporary accommodation,36,8,3,5,28,23,5
S01007473,All people in households,438,277,77,200,161,148,13
S01007473,Whole house or bungalow: Total,340,240,69,171,100,92,8
S01007473,Whole house or bungalow: Detached,50,44,25,19,6,5,1
S01007473,Whole house or bungalow: Semi-detached,65,45,2,43,20,16,4
S01007473,Whole house or bungalow: Terraced (including end-terrace),225,151,42,109,74,71,3
S01007473,Flat maisonette or apartment or mobile/temporary accommodation,98,37,8,29,61,56,5
S01007474,All people in households,535,470,154,316,65,42,23
S01007474,Whole house or bungalow: Total,514,462,151,311,52,29,23
S01007474,Whole house or bungalow: Detached,317,302,108,194,15,6,9
S01007474,Whole house or bungalow: Semi-detached,155,134,34,100,21,7,14
S01007474,Whole house or bungalow: Terraced (including end-terrace),42,26,9,17,16,16,0
S01007474,Flat maisonette or apartment or mobile/temporary accommodation,21,8,3,5,13,13,0
S01007475,All people in households,594,490,159,331,104,54,50
S01007475,Whole house or bungalow: Total,543,468,158,310,75,34,41
S01007475,Whole house or bungalow: Detached,288,264,95,169,24,7,17
S01007475,Whole house or bungalow: Semi-detached,182,161,50,111,21,7,14
S01007475,Whole house or bungalow: Terraced (including end-terrace),73,43,13,30,30,20,10
S01007475,Flat maisonette or apartment or mobile/temporary accommodation,51,22,1,21,29,20,9
S01007476,All people in households,651,525,264,261,126,85,41
S01007476,Whole house or bungalow: Total,618,513,261,252,105,68,37
S01007476,Whole house or bungalow: Detached,215,201,132,69,14,4,10
S01007476,Whole house or bungalow: Semi-detached,266,237,103,134,29,20,9
S01007476,Whole house or bungalow: Terraced (including end-terrace),137,75,26,49,62,44,18
S01007476,Flat maisonette or apartment or mobile/temporary accommodation,33,12,3,9,21,17,4
S01007477,All people in households,540,437,150,287,103,44,59
S01007477,Whole house or bungalow: Total,416,362,130,232,54,14,40
S01007477,Whole house or bungalow: Detached,155,149,45,104,6,0,6
S01007477,Whole house or bungalow: Semi-detached,226,197,77,120,29,4,25
S01007477,Whole house or bungalow: Terraced (including end-terrace),35,16,8,8,19,10,9
S01007477,Flat maisonette or apartment or mobile/temporary accommodation,124,75,20,55,49,30,19
S01007478,All people in households,901,648,215,433,253,131,122
S01007478,Whole house or bungalow: Total,556,479,148,331,77,40,37
S01007478,Whole house or bungalow: Detached,213,202,47,155,11,7,4
S01007478,Whole house or bungalow: Semi-detached,207,186,73,113,21,9,12
S01007478,Whole house or bungalow: Terraced (including end-terrace),136,91,28,63,45,24,21
S01007478,Flat maisonette or apartment or mobile/temporary accommodation,345,169,67,102,176,91,85
S01007479,All people in households,579,444,78,366,135,63,72
S01007479,Whole house or bungalow: Total,353,317,41,276,36,11,25
S01007479,Whole house or bungalow: Detached,163,158,13,145,5,1,4
S01007479,Whole house or bungalow: Semi-detached,158,139,24,115,19,5,14
S01007479,Whole house or bungalow: Terraced (including end-terrace),32,20,4,16,12,5,7
S01007479,Flat maisonette or apartment or mobile/temporary accommodation,226,127,37,90,99,52,47
S01007480,All people in households,776,613,119,494,163,81,82
S01007480,Whole house or bungalow: Total,605,507,102,405,98,52,46
S01007480,Whole house or bungalow: Detached,292,282,47,235,10,7,3
S01007480,Whole house or bungalow: Semi-detached,202,162,39,123,40,17,23
S01007480,Whole house or bungalow: Terraced (including end-terrace),111,63,16,47,48,28,20
S01007480,Flat maisonette or apartment or mobile/temporary accommodation,171,106,17,89,65,29,36
S01007481,All people in households,830,745,459,286,85,17,68
S01007481,Whole house or bungalow: Total,822,741,455,286,81,13,68
S01007481,Whole house or bungalow: Detached,683,635,394,241,48,0,48
S01007481,Whole house or bungalow: Semi-detached,119,97,53,44,22,8,14
S01007481,Whole house or bungalow: Terraced (including end-terrace),20,9,8,1,11,5,6
S01007481,Flat maisonette or apartment or mobile/temporary accommodation,8,4,4,0,4,4,0
S01007482,All people in households,478,287,169,118,191,133,58
S01007482,Whole house or bungalow: Total,342,247,149,98,95,49,46
S01007482,Whole house or bungalow: Detached,184,128,82,46,56,39,17
S01007482,Whole house or bungalow: Semi-detached,80,52,33,19,28,10,18
S01007482,Whole house or bungalow: Terraced (including end-terrace),78,67,34,33,11,0,11
S01007482,Flat maisonette or apartment or mobile/temporary accommodation,136,40,20,20,96,84,12
S01007483,All people in households,783,537,186,351,246,172,74
S01007483,Whole house or bungalow: Total,762,533,186,347,229,165,64
S01007483,Whole house or bungalow: Detached,121,93,34,59,28,13,15
S01007483,Whole house or bungalow: Semi-detached,485,347,114,233,138,114,24
S01007483,Whole house or bungalow: Terraced (including end-terrace),156,93,38,55,63,38,25
S01007483,Flat maisonette or apartment or mobile/temporary accommodation,21,4,0,4,17,7,10
S01007484,All people in households,548,301,133,168,247,140,107
S01007484,Whole house or bungalow: Total,380,277,119,158,103,25,78
S01007484,Whole house or bungalow: Detached,156,120,61,59,36,5,31
S01007484,Whole house or bungalow: Semi-detached,102,66,22,44,36,13,23
S01007484,Whole house or bungalow: Terraced (including end-terrace),122,91,36,55,31,7,24
S01007484,Flat maisonette or apartment or mobile/temporary accommodation,168,24,14,10,144,115,29
S01007485,All people in households,481,90,44,46,391,347,44
S01007485,Whole house or bungalow: Total,207,66,31,35,141,110,31
S01007485,Whole house or bungalow: Detached,34,13,4,9,21,12,9
S01007485,Whole house or bungalow: Semi-detached,104,24,14,10,80,66,14
S01007485,Whole house or bungalow: Terraced (including end-terrace),69,29,13,16,40,32,8
S01007485,Flat maisonette or apartment or mobile/temporary accommodation,274,24,13,11,250,237,13
S01007486,All people in households,540,97,54,43,443,405,38
S01007486,Whole house or bungalow: Total,296,84,48,36,212,183,29
S01007486,Whole house or bungalow: Detached,38,8,8,0,30,23,7
S01007486,Whole house or bungalow: Semi-detached,137,46,24,22,91,83,8
S01007486,Whole house or bungalow: Terraced (including end-terrace),121,30,16,14,91,77,14
S01007486,Flat maisonette or apartment or mobile/temporary accommodation,244,13,6,7,231,222,9
S01007487,All people in households,893,414,135,279,479,273,206
S01007487,Whole house or bungalow: Total,550,369,121,248,181,84,97
S01007487,Whole house or bungalow: Detached,62,38,22,16,24,5,19
S01007487,Whole house or bungalow: Semi-detached,124,74,14,60,50,35,15
S01007487,Whole house or bungalow: Terraced (including end-terrace),364,257,85,172,107,44,63
S01007487,Flat maisonette or apartment or mobile/temporary accommodation,343,45,14,31,298,189,109
S01007488,All people in households,1032,654,264,390,378,167,211
S01007488,Whole house or bungalow: Total,865,618,252,366,247,87,160
S01007488,Whole house or bungalow: Detached,112,79,36,43,33,6,27
S01007488,Whole house or bungalow: Semi-detached,258,188,75,113,70,38,32
S01007488,Whole house or bungalow: Terraced (including end-terrace),495,351,141,210,144,43,101
S01007488,Flat maisonette or apartment or mobile/temporary accommodation,167,36,12,24,131,80,51
S01007489,All people in households,856,627,294,333,229,130,99
S01007489,Whole house or bungalow: Total,791,602,286,316,189,106,83
S01007489,Whole house or bungalow: Detached,268,238,143,95,30,5,25
S01007489,Whole house or bungalow: Semi-detached,210,150,46,104,60,39,21
S01007489,Whole house or bungalow: Terraced (including end-terrace),313,214,97,117,99,62,37
S01007489,Flat maisonette or apartment or mobile/temporary accommodation,65,25,8,17,40,24,16
S01007490,All people in households,883,579,282,297,304,228,76
S01007490,Whole house or bungalow: Total,843,572,279,293,271,203,68
S01007490,Whole house or bungalow: Detached,87,64,37,27,23,13,10
S01007490,Whole house or bungalow: Semi-detached,377,218,98,120,159,120,39
S01007490,Whole house or bungalow: Terraced (including end-terrace),379,290,144,146,89,70,19
S01007490,Flat maisonette or apartment or mobile/temporary accommodation,40,7,3,4,33,25,8
S01007491,All people in households,1127,611,172,439,516,403,113
S01007491,Whole house or bungalow: Total,990,585,171,414,405,305,100
S01007491,Whole house or bungalow: Detached,239,205,83,122,34,19,15
S01007491,Whole house or bungalow: Semi-detached,493,226,40,186,267,207,60
S01007491,Whole house or bungalow: Terraced (including end-terrace),258,154,48,106,104,79,25
S01007491,Flat maisonette or apartment or mobile/temporary accommodation,137,26,1,25,111,98,13
S01007492,All people in households,679,450,176,274,229,180,49
S01007492,Whole house or bungalow: Total,615,444,173,271,171,125,46
S01007492,Whole house or bungalow: Detached,171,152,81,71,19,4,15
S01007492,Whole house or bungalow: Semi-detached,355,233,78,155,122,99,23
S01007492,Whole house or bungalow: Terraced (including end-terrace),89,59,14,45,30,22,8
S01007492,Flat maisonette or apartment or mobile/temporary accommodation,64,6,3,3,58,55,3
S01007493,All people in households,824,510,172,338,314,251,63
S01007493,Whole house or bungalow: Total,784,504,168,336,280,219,61
S01007493,Whole house or bungalow: Detached,184,141,84,57,43,15,28
S01007493,Whole house or bungalow: Semi-detached,533,325,77,248,208,180,28
S01007493,Whole house or bungalow: Terraced (including end-terrace),67,38,7,31,29,24,5
S01007493,Flat maisonette or apartment or mobile/temporary accommodation,40,6,4,2,34,32,2
S01007494,All people in households,533,394,240,154,139,62,77
S01007494,Whole house or bungalow: Total,524,391,239,152,133,60,73
S01007494,Whole house or bungalow: Detached,299,251,169,82,48,2,46
S01007494,Whole house or bungalow: Semi-detached,142,83,27,56,59,48,11
S01007494,Whole house or bungalow: Terraced (including end-terrace),83,57,43,14,26,10,16
S01007494,Flat maisonette or apartment or mobile/temporary accommodation,9,3,1,2,6,2,4
S01007495,All people in households,844,660,391,269,184,34,150
S01007495,Whole house or bungalow: Total,830,654,385,269,176,32,144
S01007495,Whole house or bungalow: Detached,601,510,313,197,91,2,89
S01007495,Whole house or bungalow: Semi-detached,201,131,67,64,70,23,47
S01007495,Whole house or bungalow: Terraced (including end-terrace),28,13,5,8,15,7,8
S01007495,Flat maisonette or apartment or mobile/temporary accommodation,14,6,6,0,8,2,6
S01007496,All people in households,1011,722,468,254,289,80,209
S01007496,Whole house or bungalow: Total,917,666,425,241,251,57,194
S01007496,Whole house or bungalow: Detached,589,459,308,151,130,2,128
S01007496,Whole house or bungalow: Semi-detached,214,138,68,70,76,37,39
S01007496,Whole house or bungalow: Terraced (including end-terrace),114,69,49,20,45,18,27
S01007496,Flat maisonette or apartment or mobile/temporary accommodation,94,56,43,13,38,23,15
S01007497,All people in households,596,286,146,140,310,129,181
S01007497,Whole house or bungalow: Total,576,276,138,138,300,122,178
S01007497,Whole house or bungalow: Detached,289,149,74,75,140,3,137
S01007497,Whole house or bungalow: Semi-detached,201,83,43,40,118,87,31
S01007497,Whole house or bungalow: Terraced (including end-terrace),86,44,21,23,42,32,10
S01007497,Flat maisonette or apartment or mobile/temporary accommodation,20,10,8,2,10,7,3
S01007498,All people in households,836,590,283,307,246,113,133
S01007498,Whole house or bungalow: Total,781,546,249,297,235,111,124
S01007498,Whole house or bungalow: Detached,215,127,71,56,88,3,85
S01007498,Whole house or bungalow: Semi-detached,450,341,157,184,109,81,28
S01007498,Whole house or bungalow: Terraced (including end-terrace),116,78,21,57,38,27,11
S01007498,Flat maisonette or apartment or mobile/temporary accommodation,55,44,34,10,11,2,9
S01007499,All people in households,842,491,228,263,351,200,151
S01007499,Whole house or bungalow: Total,819,481,223,258,338,193,145
S01007499,Whole house or bungalow: Detached,352,258,158,100,94,8,86
S01007499,Whole house or bungalow: Semi-detached,354,151,45,106,203,155,48
S01007499,Whole house or bungalow: Terraced (including end-terrace),113,72,20,52,41,30,11
S01007499,Flat maisonette or apartment or mobile/temporary accommodation,23,10,5,5,13,7,6
S01007500,All people in households,603,284,186,98,319,89,230
S01007500,Whole house or bungalow: Total,570,279,182,97,291,76,215
S01007500,Whole house or bungalow: Detached,310,172,120,52,138,0,138
S01007500,Whole house or bungalow: Semi-detached,208,89,44,45,119,53,66
S01007500,Whole house or bungalow: Terraced (including end-terrace),52,18,18,0,34,23,11
S01007500,Flat maisonette or apartment or mobile/temporary accommodation,33,5,4,1,28,13,15
S01007501,All people in households,678,459,343,116,219,81,138
S01007501,Whole house or bungalow: Total,640,451,335,116,189,53,136
S01007501,Whole house or bungalow: Detached,375,284,220,64,91,4,87
S01007501,Whole house or bungalow: Semi-detached,179,104,70,34,75,39,36
S01007501,Whole house or bungalow: Terraced (including end-terrace),86,63,45,18,23,10,13
S01007501,Flat maisonette or apartment or mobile/temporary accommodation,38,8,8,0,30,28,2
S01007502,All people in households,521,334,187,147,187,69,118
S01007502,Whole house or bungalow: Total,494,317,181,136,177,65,112
S01007502,Whole house or bungalow: Detached,271,179,128,51,92,2,90
S01007502,Whole house or bungalow: Semi-detached,132,85,31,54,47,33,14
S01007502,Whole house or bungalow: Terraced (including end-terrace),91,53,22,31,38,30,8
S01007502,Flat maisonette or apartment or mobile/temporary accommodation,27,17,6,11,10,4,6
S01007503,All people in households,1044,695,412,283,349,152,197
S01007503,Whole house or bungalow: Total,921,656,391,265,265,89,176
S01007503,Whole house or bungalow: Detached,515,390,255,135,125,1,124
S01007503,Whole house or bungalow: Semi-detached,309,195,95,100,114,71,43
S01007503,Whole house or bungalow: Terraced (including end-terrace),97,71,41,30,26,17,9
S01007503,Flat maisonette or apartment or mobile/temporary accommodation,123,39,21,18,84,63,21
S01007504,All people in households,677,436,286,150,241,71,170
S01007504,Whole house or bungalow: Total,664,430,280,150,234,68,166
S01007504,Whole house or bungalow: Detached,377,261,200,61,116,0,116
S01007504,Whole house or bungalow: Semi-detached,165,92,44,48,73,37,36
S01007504,Whole house or bungalow: Terraced (including end-terrace),122,77,36,41,45,31,14
S01007504,Flat maisonette or apartment or mobile/temporary accommodation,13,6,6,0,7,3,4
S01007505,All people in households,429,251,151,100,178,84,94
S01007505,Whole house or bungalow: Total,426,251,151,100,175,84,91
S01007505,Whole house or bungalow: Detached,255,185,130,55,70,5,65
S01007505,Whole house or bungalow: Semi-detached,144,45,16,29,99,73,26
S01007505,Whole house or bungalow: Terraced (including end-terrace),27,21,5,16,6,6,0
S01007505,Flat maisonette or apartment or mobile/temporary accommodation,3,0,0,0,3,0,3
S01007506,All people in households,514,389,270,119,125,17,108
S01007506,Whole house or bungalow: Total,501,376,260,116,125,17,108
S01007506,Whole house or bungalow: Detached,383,305,212,93,78,0,78
S01007506,Whole house or bungalow: Semi-detached,94,49,33,16,45,17,28
S01007506,Whole house or bungalow: Terraced (including end-terrace),24,22,15,7,2,0,2
S01007506,Flat maisonette or apartment or mobile/temporary accommodation,13,13,10,3,0,0,0
S01007507,All people in households,921,575,323,252,346,209,137
S01007507,Whole house or bungalow: Total,809,538,300,238,271,171,100
S01007507,Whole house or bungalow: Detached,204,177,125,52,27,5,22
S01007507,Whole house or bungalow: Semi-detached,350,192,95,97,158,104,54
S01007507,Whole house or bungalow: Terraced (including end-terrace),255,169,80,89,86,62,24
S01007507,Flat maisonette or apartment or mobile/temporary accommodation,112,37,23,14,75,38,37
S01007508,All people in households,696,456,311,145,240,101,139
S01007508,Whole house or bungalow: Total,658,451,306,145,207,82,125
S01007508,Whole house or bungalow: Detached,317,240,192,48,77,8,69
S01007508,Whole house or bungalow: Semi-detached,220,122,46,76,98,55,43
S01007508,Whole house or bungalow: Terraced (including end-terrace),121,89,68,21,32,19,13
S01007508,Flat maisonette or apartment or mobile/temporary accommodation,38,5,5,0,33,19,14
S01007509,All people in households,626,452,324,128,174,50,124
S01007509,Whole house or bungalow: Total,621,447,319,128,174,50,124
S01007509,Whole house or bungalow: Detached,418,319,234,85,99,3,96
S01007509,Whole house or bungalow: Semi-detached,137,82,61,21,55,33,22
S01007509,Whole house or bungalow: Terraced (including end-terrace),66,46,24,22,20,14,6
S01007509,Flat maisonette or apartment or mobile/temporary accommodation,5,5,5,0,0,0,0
S01007510,All people in households,997,644,464,180,353,190,163
S01007510,Whole house or bungalow: Total,920,609,443,166,311,157,154
S01007510,Whole house or bungalow: Detached,497,378,266,112,119,18,101
S01007510,Whole house or bungalow: Semi-detached,276,123,87,36,153,118,35
S01007510,Whole house or bungalow: Terraced (including end-terrace),147,108,90,18,39,21,18
S01007510,Flat maisonette or apartment or mobile/temporary accommodation,77,35,21,14,42,33,9
S01007511,All people in households,829,407,254,153,422,310,112
S01007511,Whole house or bungalow: Total,799,401,254,147,398,293,105
S01007511,Whole house or bungalow: Detached,232,147,90,57,85,57,28
S01007511,Whole house or bungalow: Semi-detached,285,95,55,40,190,158,32
S01007511,Whole house or bungalow: Terraced (including end-terrace),282,159,109,50,123,78,45
S01007511,Flat maisonette or apartment or mobile/temporary accommodation,30,6,0,6,24,17,7
S01007512,All people in households,526,348,281,67,178,80,98
S01007512,Whole house or bungalow: Total,502,337,270,67,165,73,92
S01007512,Whole house or bungalow: Detached,321,241,196,45,80,4,76
S01007512,Whole house or bungalow: Semi-detached,123,57,39,18,66,60,6
S01007512,Whole house or bungalow: Terraced (including end-terrace),58,39,35,4,19,9,10
S01007512,Flat maisonette or apartment or mobile/temporary accommodation,24,11,11,0,13,7,6
S01007513,All people in households,1045,562,231,331,483,359,124
S01007513,Whole house or bungalow: Total,905,537,218,319,368,275,93
S01007513,Whole house or bungalow: Detached,224,178,94,84,46,29,17
S01007513,Whole house or bungalow: Semi-detached,501,250,80,170,251,195,56
S01007513,Whole house or bungalow: Terraced (including end-terrace),180,109,44,65,71,51,20
S01007513,Flat maisonette or apartment or mobile/temporary accommodation,140,25,13,12,115,84,31
S01007514,All people in households,518,310,174,136,208,60,148
S01007514,Whole house or bungalow: Total,379,274,157,117,105,35,70
S01007514,Whole house or bungalow: Detached,84,64,47,17,20,0,20
S01007514,Whole house or bungalow: Semi-detached,151,108,57,51,43,23,20
S01007514,Whole house or bungalow: Terraced (including end-terrace),144,102,53,49,42,12,30
S01007514,Flat maisonette or apartment or mobile/temporary accommodation,139,36,17,19,103,25,78
S01007515,All people in households,563,477,255,222,86,20,66
S01007515,Whole house or bungalow: Total,524,465,249,216,59,10,49
S01007515,Whole house or bungalow: Detached,424,387,221,166,37,0,37
S01007515,Whole house or bungalow: Semi-detached,72,64,22,42,8,0,8
S01007515,Whole house or bungalow: Terraced (including end-terrace),28,14,6,8,14,10,4
S01007515,Flat maisonette or apartment or mobile/temporary accommodation,39,12,6,6,27,10,17
S01007516,All people in households,620,290,120,170,330,195,135
S01007516,Whole house or bungalow: Total,575,287,118,169,288,165,123
S01007516,Whole house or bungalow: Detached,77,54,44,10,23,4,19
S01007516,Whole house or bungalow: Semi-detached,357,159,43,116,198,117,81
S01007516,Whole house or bungalow: Terraced (including end-terrace),141,74,31,43,67,44,23
S01007516,Flat maisonette or apartment or mobile/temporary accommodation,45,3,2,1,42,30,12
S01007517,All people in households,423,310,185,125,113,52,61
S01007517,Whole house or bungalow: Total,378,303,183,120,75,30,45
S01007517,Whole house or bungalow: Detached,222,202,139,63,20,1,19
S01007517,Whole house or bungalow: Semi-detached,93,63,24,39,30,24,6
S01007517,Whole house or bungalow: Terraced (including end-terrace),63,38,20,18,25,5,20
S01007517,Flat maisonette or apartment or mobile/temporary accommodation,45,7,2,5,38,22,16
S01007518,All people in households,832,519,223,296,313,237,76
S01007518,Whole house or bungalow: Total,803,509,215,294,294,220,74
S01007518,Whole house or bungalow: Detached,199,166,112,54,33,7,26
S01007518,Whole house or bungalow: Semi-detached,449,233,66,167,216,175,41
S01007518,Whole house or bungalow: Terraced (including end-terrace),155,110,37,73,45,38,7
S01007518,Flat maisonette or apartment or mobile/temporary accommodation,29,10,8,2,19,17,2
S01007519,All people in households,433,335,239,96,98,24,74
S01007519,Whole house or bungalow: Total,421,328,234,94,93,19,74
S01007519,Whole house or bungalow: Detached,285,232,181,51,53,0,53
S01007519,Whole house or bungalow: Semi-detached,120,84,51,33,36,16,20
S01007519,Whole house or bungalow: Terraced (including end-terrace),16,12,2,10,4,3,1
S01007519,Flat maisonette or apartment or mobile/temporary accommodation,12,7,5,2,5,5,0
S01007520,All people in households,978,651,356,295,327,138,189
S01007520,Whole house or bungalow: Total,933,620,336,284,313,135,178
S01007520,Whole house or bungalow: Detached,355,248,157,91,107,8,99
S01007520,Whole house or bungalow: Semi-detached,286,176,98,78,110,70,40
S01007520,Whole house or bungalow: Terraced (including end-terrace),292,196,81,115,96,57,39
S01007520,Flat maisonette or apartment or mobile/temporary accommodation,45,31,20,11,14,3,11
S01007521,All people in households,443,222,178,44,221,19,202
S01007521,Whole house or bungalow: Total,432,219,176,43,213,19,194
S01007521,Whole house or bungalow: Detached,338,191,167,24,147,0,147
S01007521,Whole house or bungalow: Semi-detached,84,28,9,19,56,11,45
S01007521,Whole house or bungalow: Terraced (including end-terrace),10,0,0,0,10,8,2
S01007521,Flat maisonette or apartment or mobile/temporary accommodation,11,3,2,1,8,0,8
S01007522,All people in households,940,656,372,284,284,186,98
S01007522,Whole house or bungalow: Total,881,635,354,281,246,167,79
S01007522,Whole house or bungalow: Detached,289,239,182,57,50,11,39
S01007522,Whole house or bungalow: Semi-detached,262,130,42,88,132,116,16
S01007522,Whole house or bungalow: Terraced (including end-terrace),330,266,130,136,64,40,24
S01007522,Flat maisonette or apartment or mobile/temporary accommodation,59,21,18,3,38,19,19
S01007523,All people in households,540,358,212,146,182,37,145
S01007523,Whole house or bungalow: Total,526,353,207,146,173,35,138
S01007523,Whole house or bungalow: Detached,329,259,172,87,70,0,70
S01007523,Whole house or bungalow: Semi-detached,114,59,18,41,55,14,41
S01007523,Whole house or bungalow: Terraced (including end-terrace),83,35,17,18,48,21,27
S01007523,Flat maisonette or apartment or mobile/temporary accommodation,14,5,5,0,9,2,7
S01007524,All people in households,897,604,380,224,293,69,224
S01007524,Whole house or bungalow: Total,826,570,366,204,256,36,220
S01007524,Whole house or bungalow: Detached,490,372,270,102,118,0,118
S01007524,Whole house or bungalow: Semi-detached,249,136,78,58,113,25,88
S01007524,Whole house or bungalow: Terraced (including end-terrace),87,62,18,44,25,11,14
S01007524,Flat maisonette or apartment or mobile/temporary accommodation,71,34,14,20,37,33,4
S01007525,All people in households,504,355,176,179,149,74,75
S01007525,Whole house or bungalow: Total,495,355,176,179,140,68,72
S01007525,Whole house or bungalow: Detached,116,93,74,19,23,3,20
S01007525,Whole house or bungalow: Semi-detached,269,190,72,118,79,41,38
S01007525,Whole house or bungalow: Terraced (including end-terrace),110,72,30,42,38,24,14
S01007525,Flat maisonette or apartment or mobile/temporary accommodation,9,0,0,0,9,6,3
S01007526,All people in households,734,391,237,154,343,208,135
S01007526,Whole house or bungalow: Total,479,333,206,127,146,60,86
S01007526,Whole house or bungalow: Detached,78,52,31,21,26,3,23
S01007526,Whole house or bungalow: Semi-detached,153,109,55,54,44,22,22
S01007526,Whole house or bungalow: Terraced (including end-terrace),248,172,120,52,76,35,41
S01007526,Flat maisonette or apartment or mobile/temporary accommodation,255,58,31,27,197,148,49
S01007527,All people in households,787,594,292,302,193,105,88
S01007527,Whole house or bungalow: Total,751,582,284,298,169,92,77
S01007527,Whole house or bungalow: Detached,336,288,186,102,48,9,39
S01007527,Whole house or bungalow: Semi-detached,220,157,43,114,63,44,19
S01007527,Whole house or bungalow: Terraced (including end-terrace),195,137,55,82,58,39,19
S01007527,Flat maisonette or apartment or mobile/temporary accommodation,36,12,8,4,24,13,11
S01007528,All people in households,735,382,165,217,353,201,152
S01007528,Whole house or bungalow: Total,550,357,155,202,193,101,92
S01007528,Whole house or bungalow: Detached,100,85,44,41,15,3,12
S01007528,Whole house or bungalow: Semi-detached,272,181,79,102,91,62,29
S01007528,Whole house or bungalow: Terraced (including end-terrace),178,91,32,59,87,36,51
S01007528,Flat maisonette or apartment or mobile/temporary accommodation,185,25,10,15,160,100,60
S01007529,All people in households,663,536,339,197,127,62,65
S01007529,Whole house or bungalow: Total,591,521,328,193,70,21,49
S01007529,Whole house or bungalow: Detached,483,453,288,165,30,1,29
S01007529,Whole house or bungalow: Semi-detached,77,48,32,16,29,15,14
S01007529,Whole house or bungalow: Terraced (including end-terrace),31,20,8,12,11,5,6
S01007529,Flat maisonette or apartment or mobile/temporary accommodation,72,15,11,4,57,41,16
S01007530,All people in households,524,338,208,130,186,7,179
S01007530,Whole house or bungalow: Total,521,338,208,130,183,7,176
S01007530,Whole house or bungalow: Detached,357,261,177,84,96,0,96
S01007530,Whole house or bungalow: Semi-detached,150,69,27,42,81,7,74
S01007530,Whole house or bungalow: Terraced (including end-terrace),14,8,4,4,6,0,6
S01007530,Flat maisonette or apartment or mobile/temporary accommodation,3,0,0,0,3,0,3
S01007531,All people in households,690,385,266,119,305,83,222
S01007531,Whole house or bungalow: Total,661,374,263,111,287,74,213
S01007531,Whole house or bungalow: Detached,383,232,189,43,151,0,151
S01007531,Whole house or bungalow: Semi-detached,209,99,53,46,110,54,56
S01007531,Whole house or bungalow: Terraced (including end-terrace),69,43,21,22,26,20,6
S01007531,Flat maisonette or apartment or mobile/temporary accommodation,29,11,3,8,18,9,9
S01007532,All people in households,597,362,192,170,235,79,156
S01007532,Whole house or bungalow: Total,579,360,192,168,219,74,145
S01007532,Whole house or bungalow: Detached,261,174,107,67,87,1,86
S01007532,Whole house or bungalow: Semi-detached,207,112,62,50,95,55,40
S01007532,Whole house or bungalow: Terraced (including end-terrace),111,74,23,51,37,18,19
S01007532,Flat maisonette or apartment or mobile/temporary accommodation,18,2,0,2,16,5,11
S01007533,All people in households,533,346,200,146,187,20,167
S01007533,Whole house or bungalow: Total,530,346,200,146,184,20,164
S01007533,Whole house or bungalow: Detached,358,228,147,81,130,0,130
S01007533,Whole house or bungalow: Semi-detached,123,85,33,52,38,6,32
S01007533,Whole house or bungalow: Terraced (including end-terrace),49,33,20,13,16,14,2
S01007533,Flat maisonette or apartment or mobile/temporary accommodation,3,0,0,0,3,0,3
S01007534,All people in households,939,578,289,289,361,262,99
S01007534,Whole house or bungalow: Total,775,530,270,260,245,178,67
S01007534,Whole house or bungalow: Detached,194,173,118,55,21,7,14
S01007534,Whole house or bungalow: Semi-detached,372,246,99,147,126,101,25
S01007534,Whole house or bungalow: Terraced (including end-terrace),209,111,53,58,98,70,28
S01007534,Flat maisonette or apartment or mobile/temporary accommodation,164,48,19,29,116,84,32
S01007535,All people in households,1058,594,334,260,464,409,55
S01007535,Whole house or bungalow: Total,882,588,328,260,294,240,54
S01007535,Whole house or bungalow: Detached,398,379,244,135,19,2,17
S01007535,Whole house or bungalow: Semi-detached,351,140,59,81,211,186,25
S01007535,Whole house or bungalow: Terraced (including end-terrace),133,69,25,44,64,52,12
S01007535,Flat maisonette or apartment or mobile/temporary accommodation,176,6,6,0,170,169,1
S01007536,All people in households,934,578,299,279,356,146,210
S01007536,Whole house or bungalow: Total,803,518,267,251,285,125,160
S01007536,Whole house or bungalow: Detached,154,105,70,35,49,1,48
S01007536,Whole house or bungalow: Semi-detached,355,214,108,106,141,85,56
S01007536,Whole house or bungalow: Terraced (including end-terrace),294,199,89,110,95,39,56
S01007536,Flat maisonette or apartment or mobile/temporary accommodation,131,60,32,28,71,21,50
S01007537,All people in households,1010,631,397,234,379,193,186
S01007537,Whole house or bungalow: Total,714,563,359,204,151,40,111
S01007537,Whole house or bungalow: Detached,335,302,220,82,33,1,32
S01007537,Whole house or bungalow: Semi-detached,206,135,68,67,71,19,52
S01007537,Whole house or bungalow: Terraced (including end-terrace),173,126,71,55,47,20,27
S01007537,Flat maisonette or apartment or mobile/temporary accommodation,296,68,38,30,228,153,75
S01007538,All people in households,892,656,351,305,236,29,207
S01007538,Whole house or bungalow: Total,867,646,349,297,221,20,201
S01007538,Whole house or bungalow: Detached,620,481,285,196,139,0,139
S01007538,Whole house or bungalow: Semi-detached,208,134,50,84,74,18,56
S01007538,Whole house or bungalow: Terraced (including end-terrace),39,31,14,17,8,2,6
S01007538,Flat maisonette or apartment or mobile/temporary accommodation,25,10,2,8,15,9,6
S01007539,All people in households,667,608,375,233,59,4,55
S01007539,Whole house or bungalow: Total,645,597,369,228,48,4,44
S01007539,Whole house or bungalow: Detached,394,367,258,109,27,0,27
S01007539,Whole house or bungalow: Semi-detached,102,88,43,45,14,4,10
S01007539,Whole house or bungalow: Terraced (including end-terrace),149,142,68,74,7,0,7
S01007539,Flat maisonette or apartment or mobile/temporary accommodation,22,11,6,5,11,0,11
S01007540,All people in households,837,561,265,296,276,184,92
S01007540,Whole house or bungalow: Total,718,537,253,284,181,113,68
S01007540,Whole house or bungalow: Detached,196,174,102,72,22,4,18
S01007540,Whole house or bungalow: Semi-detached,198,129,58,71,69,56,13
S01007540,Whole house or bungalow: Terraced (including end-terrace),324,234,93,141,90,53,37
S01007540,Flat maisonette or apartment or mobile/temporary accommodation,119,24,12,12,95,71,24
S01007541,All people in households,724,581,317,264,143,54,89
S01007541,Whole house or bungalow: Total,701,571,309,262,130,47,83
S01007541,Whole house or bungalow: Detached,278,252,158,94,26,0,26
S01007541,Whole house or bungalow: Semi-detached,296,226,101,125,70,44,26
S01007541,Whole house or bungalow: Terraced (including end-terrace),127,93,50,43,34,3,31
S01007541,Flat maisonette or apartment or mobile/temporary accommodation,23,10,8,2,13,7,6
S01007542,All people in households,866,554,254,300,312,229,83
S01007542,Whole house or bungalow: Total,608,486,242,244,122,62,60
S01007542,Whole house or bungalow: Detached,144,129,72,57,15,0,15
S01007542,Whole house or bungalow: Semi-detached,256,185,91,94,71,39,32
S01007542,Whole house or bungalow: Terraced (including end-terrace),208,172,79,93,36,23,13
S01007542,Flat maisonette or apartment or mobile/temporary accommodation,258,68,12,56,190,167,23
S01007543,All people in households,1078,635,264,371,443,296,147
S01007543,Whole house or bungalow: Total,1027,630,263,367,397,254,143
S01007543,Whole house or bungalow: Detached,180,122,77,45,58,22,36
S01007543,Whole house or bungalow: Semi-detached,380,262,100,162,118,58,60
S01007543,Whole house or bungalow: Terraced (including end-terrace),467,246,86,160,221,174,47
S01007543,Flat maisonette or apartment or mobile/temporary accommodation,51,5,1,4,46,42,4
S01007544,All people in households,1047,858,604,254,189,13,176
S01007544,Whole house or bungalow: Total,1038,856,602,254,182,13,169
S01007544,Whole house or bungalow: Detached,882,772,555,217,110,0,110
S01007544,Whole house or bungalow: Semi-detached,107,59,34,25,48,10,38
S01007544,Whole house or bungalow: Terraced (including end-terrace),49,25,13,12,24,3,21
S01007544,Flat maisonette or apartment or mobile/temporary accommodation,9,2,2,0,7,0,7
S01007545,All people in households,808,576,369,207,232,51,181
S01007545,Whole house or bungalow: Total,797,568,361,207,229,50,179
S01007545,Whole house or bungalow: Detached,544,424,282,142,120,0,120
S01007545,Whole house or bungalow: Semi-detached,200,117,71,46,83,35,48
S01007545,Whole house or bungalow: Terraced (including end-terrace),53,27,8,19,26,15,11
S01007545,Flat maisonette or apartment or mobile/temporary accommodation,11,8,8,0,3,1,2
S01007546,All people in households,565,463,192,271,102,21,81
S01007546,Whole house or bungalow: Total,564,463,192,271,101,21,80
S01007546,Whole house or bungalow: Detached,422,349,156,193,73,0,73
S01007546,Whole house or bungalow: Semi-detached,126,102,34,68,24,19,5
S01007546,Whole house or bungalow: Terraced (including end-terrace),16,12,2,10,4,2,2
S01007546,Flat maisonette or apartment or mobile/temporary accommodation,1,0,0,0,1,0,1
S01007547,All people in households,549,383,195,188,166,29,137
S01007547,Whole house or bungalow: Total,536,375,193,182,161,29,132
S01007547,Whole house or bungalow: Detached,331,241,141,100,90,0,90
S01007547,Whole house or bungalow: Semi-detached,140,76,32,44,64,29,35
S01007547,Whole house or bungalow: Terraced (including end-terrace),65,58,20,38,7,0,7
S01007547,Flat maisonette or apartment or mobile/temporary accommodation,13,8,2,6,5,0,5
S01007548,All people in households,703,467,222,245,236,108,128
S01007548,Whole house or bungalow: Total,688,462,217,245,226,106,120
S01007548,Whole house or bungalow: Detached,275,203,111,92,72,1,71
S01007548,Whole house or bungalow: Semi-detached,300,188,79,109,112,73,39
S01007548,Whole house or bungalow: Terraced (including end-terrace),113,71,27,44,42,32,10
S01007548,Flat maisonette or apartment or mobile/temporary accommodation,15,5,5,0,10,2,8
S01007549,All people in households,620,399,258,141,221,115,106
S01007549,Whole house or bungalow: Total,602,396,255,141,206,105,101
S01007549,Whole house or bungalow: Detached,302,241,169,72,61,2,59
S01007549,Whole house or bungalow: Semi-detached,228,108,67,41,120,86,34
S01007549,Whole house or bungalow: Terraced (including end-terrace),72,47,19,28,25,17,8
S01007549,Flat maisonette or apartment or mobile/temporary accommodation,18,3,3,0,15,10,5
S01007550,All people in households,915,595,377,218,320,131,189
S01007550,Whole house or bungalow: Total,877,583,371,212,294,113,181
S01007550,Whole house or bungalow: Detached,409,290,200,90,119,8,111
S01007550,Whole house or bungalow: Semi-detached,297,176,95,81,121,77,44
S01007550,Whole house or bungalow: Terraced (including end-terrace),171,117,76,41,54,28,26
S01007550,Flat maisonette or apartment or mobile/temporary accommodation,38,12,6,6,26,18,8
S01007551,All people in households,856,631,413,218,225,30,195
S01007551,Whole house or bungalow: Total,841,623,405,218,218,25,193
S01007551,Whole house or bungalow: Detached,614,487,333,154,127,0,127
S01007551,Whole house or bungalow: Semi-detached,176,114,58,56,62,24,38
S01007551,Whole house or bungalow: Terraced (including end-terrace),51,22,14,8,29,1,28
S01007551,Flat maisonette or apartment or mobile/temporary accommodation,15,8,8,0,7,5,2
S01007552,All people in households,913,465,214,251,448,352,96
S01007552,Whole house or bungalow: Total,782,429,201,228,353,269,84
S01007552,Whole house or bungalow: Detached,159,87,54,33,72,19,53
S01007552,Whole house or bungalow: Semi-detached,276,135,64,71,141,122,19
S01007552,Whole house or bungalow: Terraced (including end-terrace),347,207,83,124,140,128,12
S01007552,Flat maisonette or apartment or mobile/temporary accommodation,131,36,13,23,95,83,12
S01007553,All people in households,885,404,177,227,481,445,36
S01007553,Whole house or bungalow: Total,829,401,177,224,428,395,33
S01007553,Whole house or bungalow: Detached,91,64,29,35,27,20,7
S01007553,Whole house or bungalow: Semi-detached,421,183,67,116,238,217,21
S01007553,Whole house or bungalow: Terraced (including end-terrace),317,154,81,73,163,158,5
S01007553,Flat maisonette or apartment or mobile/temporary accommodation,56,3,0,3,53,50,3
S01007554,All people in households,435,168,103,65,267,251,16
S01007554,Whole house or bungalow: Total,420,166,101,65,254,238,16
S01007554,Whole house or bungalow: Detached,32,13,10,3,19,15,4
S01007554,Whole house or bungalow: Semi-detached,310,128,74,54,182,170,12
S01007554,Whole house or bungalow: Terraced (including end-terrace),78,25,17,8,53,53,0
S01007554,Flat maisonette or apartment or mobile/temporary accommodation,15,2,2,0,13,13,0
S01007555,All people in households,509,396,201,195,113,53,60
S01007555,Whole house or bungalow: Total,499,391,196,195,108,48,60
S01007555,Whole house or bungalow: Detached,237,195,112,83,42,3,39
S01007555,Whole house or bungalow: Semi-detached,204,151,64,87,53,37,16
S01007555,Whole house or bungalow: Terraced (including end-terrace),58,45,20,25,13,8,5
S01007555,Flat maisonette or apartment or mobile/temporary accommodation,10,5,5,0,5,5,0
S01007556,All people in households,456,261,122,139,195,161,34
S01007556,Whole house or bungalow: Total,360,247,112,135,113,88,25
S01007556,Whole house or bungalow: Detached,80,61,29,32,19,12,7
S01007556,Whole house or bungalow: Semi-detached,123,50,28,22,73,65,8
S01007556,Whole house or bungalow: Terraced (including end-terrace),157,136,55,81,21,11,10
S01007556,Flat maisonette or apartment or mobile/temporary accommodation,96,14,10,4,82,73,9
S01007557,All people in households,1131,606,218,388,525,436,89
S01007557,Whole house or bungalow: Total,945,575,201,374,370,295,75
S01007557,Whole house or bungalow: Detached,61,32,19,13,29,4,25
S01007557,Whole house or bungalow: Semi-detached,607,369,136,233,238,204,34
S01007557,Whole house or bungalow: Terraced (including end-terrace),277,174,46,128,103,87,16
S01007557,Flat maisonette or apartment or mobile/temporary accommodation,186,31,17,14,155,141,14
S01007558,All people in households,427,324,175,149,103,25,78
S01007558,Whole house or bungalow: Total,422,324,175,149,98,20,78
S01007558,Whole house or bungalow: Detached,247,176,94,82,71,1,70
S01007558,Whole house or bungalow: Semi-detached,92,75,40,35,17,13,4
S01007558,Whole house or bungalow: Terraced (including end-terrace),83,73,41,32,10,6,4
S01007558,Flat maisonette or apartment or mobile/temporary accommodation,5,0,0,0,5,5,0
S01007559,All people in households,734,393,183,210,341,28,313
S01007559,Whole house or bungalow: Total,717,390,183,207,327,25,302
S01007559,Whole house or bungalow: Detached,432,237,120,117,195,1,194
S01007559,Whole house or bungalow: Semi-detached,201,106,41,65,95,24,71
S01007559,Whole house or bungalow: Terraced (including end-terrace),84,47,22,25,37,0,37
S01007559,Flat maisonette or apartment or mobile/temporary accommodation,17,3,0,3,14,3,11
S01007560,All people in households,940,622,335,287,318,165,153
S01007560,Whole house or bungalow: Total,873,618,335,283,255,128,127
S01007560,Whole house or bungalow: Detached,255,238,139,99,17,1,16
S01007560,Whole house or bungalow: Semi-detached,333,181,81,100,152,96,56
S01007560,Whole house or bungalow: Terraced (including end-terrace),285,199,115,84,86,31,55
S01007560,Flat maisonette or apartment or mobile/temporary accommodation,67,4,0,4,63,37,26
S01007561,All people in households,687,437,259,178,250,147,103
S01007561,Whole house or bungalow: Total,678,437,259,178,241,146,95
S01007561,Whole house or bungalow: Detached,151,115,87,28,36,12,24
S01007561,Whole house or bungalow: Semi-detached,297,176,88,88,121,84,37
S01007561,Whole house or bungalow: Terraced (including end-terrace),230,146,84,62,84,50,34
S01007561,Flat maisonette or apartment or mobile/temporary accommodation,9,0,0,0,9,1,8
S01007562,All people in households,851,491,237,254,360,116,244
S01007562,Whole house or bungalow: Total,841,486,233,253,355,116,239
S01007562,Whole house or bungalow: Detached,402,234,140,94,168,1,167
S01007562,Whole house or bungalow: Semi-detached,330,189,63,126,141,99,42
S01007562,Whole house or bungalow: Terraced (including end-terrace),109,63,30,33,46,16,30
S01007562,Flat maisonette or apartment or mobile/temporary accommodation,10,5,4,1,5,0,5
S01007563,All people in households,889,553,302,251,336,85,251
S01007563,Whole house or bungalow: Total,872,551,300,251,321,85,236
S01007563,Whole house or bungalow: Detached,458,314,187,127,144,1,143
S01007563,Whole house or bungalow: Semi-detached,264,153,67,86,111,59,52
S01007563,Whole house or bungalow: Terraced (including end-terrace),150,84,46,38,66,25,41
S01007563,Flat maisonette or apartment or mobile/temporary accommodation,17,2,2,0,15,0,15
S01007564,All people in households,772,514,289,225,258,70,188
S01007564,Whole house or bungalow: Total,746,500,285,215,246,62,184
S01007564,Whole house or bungalow: Detached,531,381,227,154,150,6,144
S01007564,Whole house or bungalow: Semi-detached,176,98,49,49,78,45,33
S01007564,Whole house or bungalow: Terraced (including end-terrace),39,21,9,12,18,11,7
S01007564,Flat maisonette or apartment or mobile/temporary accommodation,26,14,4,10,12,8,4
S01007565,All people in households,943,647,326,321,296,106,190
S01007565,Whole house or bungalow: Total,916,628,315,313,288,106,182
S01007565,Whole house or bungalow: Detached,482,380,219,161,102,8,94
S01007565,Whole house or bungalow: Semi-detached,292,172,72,100,120,60,60
S01007565,Whole house or bungalow: Terraced (including end-terrace),142,76,24,52,66,38,28
S01007565,Flat maisonette or apartment or mobile/temporary accommodation,27,19,11,8,8,0,8
S01007566,All people in households,719,518,262,256,201,73,128
S01007566,Whole house or bungalow: Total,705,516,260,256,189,73,116
S01007566,Whole house or bungalow: Detached,362,282,168,114,80,5,75
S01007566,Whole house or bungalow: Semi-detached,283,193,76,117,90,59,31
S01007566,Whole house or bungalow: Terraced (including end-terrace),60,41,16,25,19,9,10
S01007566,Flat maisonette or apartment or mobile/temporary accommodation,14,2,2,0,12,0,12
S01007567,All people in households,588,444,239,205,144,21,123
S01007567,Whole house or bungalow: Total,584,442,239,203,142,21,121
S01007567,Whole house or bungalow: Detached,451,364,207,157,87,4,83
S01007567,Whole house or bungalow: Semi-detached,118,63,25,38,55,17,38
S01007567,Whole house or bungalow: Terraced (including end-terrace),15,15,7,8,0,0,0
S01007567,Flat maisonette or apartment or mobile/temporary accommodation,4,2,0,2,2,0,2
S01007568,All people in households,657,456,212,244,201,32,169
S01007568,Whole house or bungalow: Total,641,444,206,238,197,32,165
S01007568,Whole house or bungalow: Detached,405,285,152,133,120,2,118
S01007568,Whole house or bungalow: Semi-detached,156,122,40,82,34,10,24
S01007568,Whole house or bungalow: Terraced (including end-terrace),80,37,14,23,43,20,23
S01007568,Flat maisonette or apartment or mobile/temporary accommodation,16,12,6,6,4,0,4
S01007569,All people in households,781,445,269,176,336,85,251
S01007569,Whole house or bungalow: Total,709,397,228,169,312,65,247
S01007569,Whole house or bungalow: Detached,455,259,173,86,196,12,184
S01007569,Whole house or bungalow: Semi-detached,178,93,46,47,85,32,53
S01007569,Whole house or bungalow: Terraced (including end-terrace),76,45,9,36,31,21,10
S01007569,Flat maisonette or apartment or mobile/temporary accommodation,72,48,41,7,24,20,4
S01007570,All people in households,680,495,254,241,185,118,67
S01007570,Whole house or bungalow: Total,668,487,248,239,181,114,67
S01007570,Whole house or bungalow: Detached,411,365,180,185,46,2,44
S01007570,Whole house or bungalow: Semi-detached,214,99,56,43,115,92,23
S01007570,Whole house or bungalow: Terraced (including end-terrace),43,23,12,11,20,20,0
S01007570,Flat maisonette or apartment or mobile/temporary accommodation,12,8,6,2,4,4,0
S01007571,All people in households,539,366,184,182,173,14,159
S01007571,Whole house or bungalow: Total,520,360,180,180,160,7,153
S01007571,Whole house or bungalow: Detached,404,280,159,121,124,0,124
S01007571,Whole house or bungalow: Semi-detached,97,69,19,50,28,7,21
S01007571,Whole house or bungalow: Terraced (including end-terrace),19,11,2,9,8,0,8
S01007571,Flat maisonette or apartment or mobile/temporary accommodation,19,6,4,2,13,7,6
S01007572,All people in households,882,599,283,316,283,210,73
S01007572,Whole house or bungalow: Total,742,590,277,313,152,84,68
S01007572,Whole house or bungalow: Detached,490,428,208,220,62,6,56
S01007572,Whole house or bungalow: Semi-detached,190,109,44,65,81,71,10
S01007572,Whole house or bungalow: Terraced (including end-terrace),62,53,25,28,9,7,2
S01007572,Flat maisonette or apartment or mobile/temporary accommodation,140,9,6,3,131,126,5
S01007573,All people in households,895,737,133,604,158,22,136
S01007573,Whole house or bungalow: Total,875,734,130,604,141,9,132
S01007573,Whole house or bungalow: Detached,619,533,110,423,86,0,86
S01007573,Whole house or bungalow: Semi-detached,241,197,20,177,44,6,38
S01007573,Whole house or bungalow: Terraced (including end-terrace),15,4,0,4,11,3,8
S01007573,Flat maisonette or apartment or mobile/temporary accommodation,20,3,3,0,17,13,4
S01007574,All people in households,1023,603,217,386,420,350,70
S01007574,Whole house or bungalow: Total,1009,601,217,384,408,339,69
S01007574,Whole house or bungalow: Detached,81,40,22,18,41,24,17
S01007574,Whole house or bungalow: Semi-detached,258,129,52,77,129,114,15
S01007574,Whole house or bungalow: Terraced (including end-terrace),670,432,143,289,238,201,37
S01007574,Flat maisonette or apartment or mobile/temporary accommodation,14,2,0,2,12,11,1
S01007575,All people in households,854,419,186,233,435,381,54
S01007575,Whole house or bungalow: Total,675,412,180,232,263,216,47
S01007575,Whole house or bungalow: Detached,69,47,20,27,22,9,13
S01007575,Whole house or bungalow: Semi-detached,135,66,26,40,69,62,7
S01007575,Whole house or bungalow: Terraced (including end-terrace),471,299,134,165,172,145,27
S01007575,Flat maisonette or apartment or mobile/temporary accommodation,179,7,6,1,172,165,7
S01007576,All people in households,718,190,76,114,528,499,29
S01007576,Whole house or bungalow: Total,358,183,72,111,175,157,18
S01007576,Whole house or bungalow: Detached,32,22,11,11,10,9,1
S01007576,Whole house or bungalow: Semi-detached,153,75,19,56,78,71,7
S01007576,Whole house or bungalow: Terraced (including end-terrace),173,86,42,44,87,77,10
S01007576,Flat maisonette or apartment or mobile/temporary accommodation,360,7,4,3,353,342,11
S01007577,All people in households,688,233,95,138,455,432,23
S01007577,Whole house or bungalow: Total,390,225,89,136,165,145,20
S01007577,Whole house or bungalow: Detached,26,22,11,11,4,4,0
S01007577,Whole house or bungalow: Semi-detached,191,99,34,65,92,81,11
S01007577,Whole house or bungalow: Terraced (including end-terrace),173,104,44,60,69,60,9
S01007577,Flat maisonette or apartment or mobile/temporary accommodation,298,8,6,2,290,287,3
S01007578,All people in households,692,240,96,144,452,383,69
S01007578,Whole house or bungalow: Total,458,231,93,138,227,168,59
S01007578,Whole house or bungalow: Detached,25,14,7,7,11,5,6
S01007578,Whole house or bungalow: Semi-detached,173,83,25,58,90,61,29
S01007578,Whole house or bungalow: Terraced (including end-terrace),260,134,61,73,126,102,24
S01007578,Flat maisonette or apartment or mobile/temporary accommodation,234,9,3,6,225,215,10
S01007579,All people in households,663,222,56,166,441,389,52
S01007579,Whole house or bungalow: Total,521,213,54,159,308,265,43
S01007579,Whole house or bungalow: Detached,58,36,11,25,22,16,6
S01007579,Whole house or bungalow: Semi-detached,187,103,20,83,84,67,17
S01007579,Whole house or bungalow: Terraced (including end-terrace),276,74,23,51,202,182,20
S01007579,Flat maisonette or apartment or mobile/temporary accommodation,142,9,2,7,133,124,9
S01007580,All people in households,809,347,98,249,462,396,66
S01007580,Whole house or bungalow: Total,543,296,83,213,247,210,37
S01007580,Whole house or bungalow: Detached,56,29,8,21,27,22,5
S01007580,Whole house or bungalow: Semi-detached,272,134,32,102,138,120,18
S01007580,Whole house or bungalow: Terraced (including end-terrace),215,133,43,90,82,68,14
S01007580,Flat maisonette or apartment or mobile/temporary accommodation,266,51,15,36,215,186,29
S01007581,All people in households,509,270,111,159,239,180,59
S01007581,Whole house or bungalow: Total,355,209,90,119,146,93,53
S01007581,Whole house or bungalow: Detached,39,19,10,9,20,5,15
S01007581,Whole house or bungalow: Semi-detached,171,100,29,71,71,50,21
S01007581,Whole house or bungalow: Terraced (including end-terrace),145,90,51,39,55,38,17
S01007581,Flat maisonette or apartment or mobile/temporary accommodation,154,61,21,40,93,87,6
S01007582,All people in households,660,328,100,228,332,286,46
S01007582,Whole house or bungalow: Total,492,303,96,207,189,156,33
S01007582,Whole house or bungalow: Detached,23,12,8,4,11,7,4
S01007582,Whole house or bungalow: Semi-detached,176,103,33,70,73,64,9
S01007582,Whole house or bungalow: Terraced (including end-terrace),293,188,55,133,105,85,20
S01007582,Flat maisonette or apartment or mobile/temporary accommodation,168,25,4,21,143,130,13
S01007583,All people in households,1048,289,96,193,759,678,81
S01007583,Whole house or bungalow: Total,288,124,34,90,164,136,28
S01007583,Whole house or bungalow: Detached,59,26,12,14,33,20,13
S01007583,Whole house or bungalow: Semi-detached,102,50,17,33,52,44,8
S01007583,Whole house or bungalow: Terraced (including end-terrace),127,48,5,43,79,72,7
S01007583,Flat maisonette or apartment or mobile/temporary accommodation,760,165,62,103,595,542,53
S01007584,All people in households,624,324,117,207,300,240,60
S01007584,Whole house or bungalow: Total,475,283,106,177,192,163,29
S01007584,Whole house or bungalow: Detached,37,25,8,17,12,4,8
S01007584,Whole house or bungalow: Semi-detached,231,120,44,76,111,105,6
S01007584,Whole house or bungalow: Terraced (including end-terrace),207,138,54,84,69,54,15
S01007584,Flat maisonette or apartment or mobile/temporary accommodation,149,41,11,30,108,77,31
S01007585,All people in households,906,762,403,359,144,77,67
S01007585,Whole house or bungalow: Total,875,754,399,355,121,57,64
S01007585,Whole house or bungalow: Detached,396,368,207,161,28,0,28
S01007585,Whole house or bungalow: Semi-detached,395,326,167,159,69,35,34
S01007585,Whole house or bungalow: Terraced (including end-terrace),84,60,25,35,24,22,2
S01007585,Flat maisonette or apartment or mobile/temporary accommodation,31,8,4,4,23,20,3
S01007586,All people in households,858,465,186,279,393,310,83
S01007586,Whole house or bungalow: Total,677,453,174,279,224,146,78
S01007586,Whole house or bungalow: Detached,70,56,28,28,14,2,12
S01007586,Whole house or bungalow: Semi-detached,307,204,80,124,103,55,48
S01007586,Whole house or bungalow: Terraced (including end-terrace),300,193,66,127,107,89,18
S01007586,Flat maisonette or apartment or mobile/temporary accommodation,181,12,12,0,169,164,5
S01007587,All people in households,623,486,224,262,137,47,90
S01007587,Whole house or bungalow: Total,525,455,211,244,70,15,55
S01007587,Whole house or bungalow: Detached,185,169,79,90,16,0,16
S01007587,Whole house or bungalow: Semi-detached,205,177,93,84,28,4,24
S01007587,Whole house or bungalow: Terraced (including end-terrace),135,109,39,70,26,11,15
S01007587,Flat maisonette or apartment or mobile/temporary accommodation,98,31,13,18,67,32,35
S01007588,All people in households,844,724,339,385,120,50,70
S01007588,Whole house or bungalow: Total,791,695,332,363,96,47,49
S01007588,Whole house or bungalow: Detached,314,296,163,133,18,4,14
S01007588,Whole house or bungalow: Semi-detached,342,294,132,162,48,26,22
S01007588,Whole house or bungalow: Terraced (including end-terrace),135,105,37,68,30,17,13
S01007588,Flat maisonette or apartment or mobile/temporary accommodation,53,29,7,22,24,3,21
S01007589,All people in households,751,509,251,258,242,30,212
S01007589,Whole house or bungalow: Total,439,382,192,190,57,1,56
S01007589,Whole house or bungalow: Detached,200,189,108,81,11,0,11
S01007589,Whole house or bungalow: Semi-detached,135,119,45,74,16,0,16
S01007589,Whole house or bungalow: Terraced (including end-terrace),104,74,39,35,30,1,29
S01007589,Flat maisonette or apartment or mobile/temporary accommodation,312,127,59,68,185,29,156
S01007590,All people in households,661,615,297,318,46,3,43
S01007590,Whole house or bungalow: Total,633,593,289,304,40,3,37
S01007590,Whole house or bungalow: Detached,188,181,110,71,7,0,7
S01007590,Whole house or bungalow: Semi-detached,397,374,150,224,23,2,21
S01007590,Whole house or bungalow: Terraced (including end-terrace),48,38,29,9,10,1,9
S01007590,Flat maisonette or apartment or mobile/temporary accommodation,28,22,8,14,6,0,6
S01007591,All people in households,574,402,145,257,172,76,96
S01007591,Whole house or bungalow: Total,414,335,128,207,79,29,50
S01007591,Whole house or bungalow: Detached,143,132,65,67,11,6,5
S01007591,Whole house or bungalow: Semi-detached,183,147,49,98,36,8,28
S01007591,Whole house or bungalow: Terraced (including end-terrace),88,56,14,42,32,15,17
S01007591,Flat maisonette or apartment or mobile/temporary accommodation,160,67,17,50,93,47,46
S01007592,All people in households,694,278,110,168,416,276,140
S01007592,Whole house or bungalow: Total,376,176,63,113,200,158,42
S01007592,Whole house or bungalow: Detached,57,36,14,22,21,16,5
S01007592,Whole house or bungalow: Semi-detached,231,110,36,74,121,105,16
S01007592,Whole house or bungalow: Terraced (including end-terrace),88,30,13,17,58,37,21
S01007592,Flat maisonette or apartment or mobile/temporary accommodation,318,102,47,55,216,118,98
S01007593,All people in households,1047,814,354,460,233,132,101
S01007593,Whole house or bungalow: Total,958,765,342,423,193,103,90
S01007593,Whole house or bungalow: Detached,462,415,207,208,47,11,36
S01007593,Whole house or bungalow: Semi-detached,315,217,85,132,98,56,42
S01007593,Whole house or bungalow: Terraced (including end-terrace),181,133,50,83,48,36,12
S01007593,Flat maisonette or apartment or mobile/temporary accommodation,89,49,12,37,40,29,11
S01007594,All people in households,799,658,255,403,141,71,70
S01007594,Whole house or bungalow: Total,799,658,255,403,141,71,70
S01007594,Whole house or bungalow: Detached,356,313,142,171,43,0,43
S01007594,Whole house or bungalow: Semi-detached,345,260,79,181,85,58,27
S01007594,Whole house or bungalow: Terraced (including end-terrace),98,85,34,51,13,13,0
S01007594,Flat maisonette or apartment or mobile/temporary accommodation,0,0,0,0,0,0,0
S01007595,All people in households,977,630,341,289,347,99,248
S01007595,Whole house or bungalow: Total,961,622,334,288,339,94,245
S01007595,Whole house or bungalow: Detached,555,405,229,176,150,6,144
S01007595,Whole house or bungalow: Semi-detached,293,160,66,94,133,73,60
S01007595,Whole house or bungalow: Terraced (including end-terrace),113,57,39,18,56,15,41
S01007595,Flat maisonette or apartment or mobile/temporary accommodation,16,8,7,1,8,5,3
S01007596,All people in households,550,391,241,150,159,7,152
S01007596,Whole house or bungalow: Total,504,359,209,150,145,7,138
S01007596,Whole house or bungalow: Detached,369,277,170,107,92,0,92
S01007596,Whole house or bungalow: Semi-detached,87,49,25,24,38,5,33
S01007596,Whole house or bungalow: Terraced (including end-terrace),48,33,14,19,15,2,13
S01007596,Flat maisonette or apartment or mobile/temporary accommodation,46,32,32,0,14,0,14
S01007597,All people in households,646,461,222,239,185,26,159
S01007597,Whole house or bungalow: Total,639,459,222,237,180,26,154
S01007597,Whole house or bungalow: Detached,473,376,184,192,97,0,97
S01007597,Whole house or bungalow: Semi-detached,137,69,30,39,68,26,42
S01007597,Whole house or bungalow: Terraced (including end-terrace),29,14,8,6,15,0,15
S01007597,Flat maisonette or apartment or mobile/temporary accommodation,7,2,0,2,5,0,5
S01007598,All people in households,627,462,236,226,165,25,140
S01007598,Whole house or bungalow: Total,601,451,228,223,150,22,128
S01007598,Whole house or bungalow: Detached,390,298,161,137,92,4,88
S01007598,Whole house or bungalow: Semi-detached,124,90,38,52,34,16,18
S01007598,Whole house or bungalow: Terraced (including end-terrace),87,63,29,34,24,2,22
S01007598,Flat maisonette or apartment or mobile/temporary accommodation,26,11,8,3,15,3,12
S01007599,All people in households,808,517,187,330,291,154,137
S01007599,Whole house or bungalow: Total,787,511,184,327,276,153,123
S01007599,Whole house or bungalow: Detached,206,174,87,87,32,6,26
S01007599,Whole house or bungalow: Semi-detached,320,165,43,122,155,86,69
S01007599,Whole house or bungalow: Terraced (including end-terrace),261,172,54,118,89,61,28
S01007599,Flat maisonette or apartment or mobile/temporary accommodation,21,6,3,3,15,1,14
S01007600,All people in households,1037,772,338,434,265,108,157
S01007600,Whole house or bungalow: Total,773,686,300,386,87,3,84
S01007600,Whole house or bungalow: Detached,443,417,199,218,26,0,26
S01007600,Whole house or bungalow: Semi-detached,276,238,84,154,38,1,37
S01007600,Whole house or bungalow: Terraced (including end-terrace),54,31,17,14,23,2,21
S01007600,Flat maisonette or apartment or mobile/temporary accommodation,264,86,38,48,178,105,73
S01007601,All people in households,631,500,158,342,131,36,95
S01007601,Whole house or bungalow: Total,560,461,155,306,99,28,71
S01007601,Whole house or bungalow: Detached,163,155,62,93,8,0,8
S01007601,Whole house or bungalow: Semi-detached,220,167,63,104,53,12,41
S01007601,Whole house or bungalow: Terraced (including end-terrace),177,139,30,109,38,16,22
S01007601,Flat maisonette or apartment or mobile/temporary accommodation,71,39,3,36,32,8,24
S01007602,All people in households,650,572,212,360,78,10,68
S01007602,Whole house or bungalow: Total,628,571,211,360,57,0,57
S01007602,Whole house or bungalow: Detached,292,268,102,166,24,0,24
S01007602,Whole house or bungalow: Semi-detached,292,272,102,170,20,0,20
S01007602,Whole house or bungalow: Terraced (including end-terrace),44,31,7,24,13,0,13
S01007602,Flat maisonette or apartment or mobile/temporary accommodation,22,1,1,0,21,10,11
S01007603,All people in households,778,705,251,454,73,15,58
S01007603,Whole house or bungalow: Total,770,705,251,454,65,13,52
S01007603,Whole house or bungalow: Detached,547,523,210,313,24,2,22
S01007603,Whole house or bungalow: Semi-detached,186,158,35,123,28,7,21
S01007603,Whole house or bungalow: Terraced (including end-terrace),37,24,6,18,13,4,9
S01007603,Flat maisonette or apartment or mobile/temporary accommodation,8,0,0,0,8,2,6
S01007604,All people in households,891,837,424,413,54,21,33
S01007604,Whole house or bungalow: Total,881,830,420,410,51,20,31
S01007604,Whole house or bungalow: Detached,646,630,341,289,16,0,16
S01007604,Whole house or bungalow: Semi-detached,208,179,74,105,29,14,15
S01007604,Whole house or bungalow: Terraced (including end-terrace),27,21,5,16,6,6,0
S01007604,Flat maisonette or apartment or mobile/temporary accommodation,10,7,4,3,3,1,2
S01007605,All people in households,828,746,361,385,82,2,80
S01007605,Whole house or bungalow: Total,816,734,349,385,82,2,80
S01007605,Whole house or bungalow: Detached,387,361,226,135,26,0,26
S01007605,Whole house or bungalow: Semi-detached,402,353,118,235,49,2,47
S01007605,Whole house or bungalow: Terraced (including end-terrace),27,20,5,15,7,0,7
S01007605,Flat maisonette or apartment or mobile/temporary accommodation,12,12,12,0,0,0,0
S01007606,All people in households,614,506,215,291,108,6,102
S01007606,Whole house or bungalow: Total,522,465,198,267,57,5,52
S01007606,Whole house or bungalow: Detached,163,148,79,69,15,2,13
S01007606,Whole house or bungalow: Semi-detached,349,307,114,193,42,3,39
S01007606,Whole house or bungalow: Terraced (including end-terrace),10,10,5,5,0,0,0
S01007606,Flat maisonette or apartment or mobile/temporary accommodation,92,41,17,24,51,1,50
S01007607,All people in households,702,649,294,355,53,1,52
S01007607,Whole house or bungalow: Total,696,646,294,352,50,0,50
S01007607,Whole house or bungalow: Detached,249,228,135,93,21,0,21
S01007607,Whole house or bungalow: Semi-detached,422,395,154,241,27,0,27
S01007607,Whole house or bungalow: Terraced (including end-terrace),25,23,5,18,2,0,2
S01007607,Flat maisonette or apartment or mobile/temporary accommodation,6,3,0,3,3,1,2
S01007608,All people in households,731,672,285,387,59,14,45
S01007608,Whole house or bungalow: Total,716,665,284,381,51,10,41
S01007608,Whole house or bungalow: Detached,256,233,118,115,23,2,21
S01007608,Whole house or bungalow: Semi-detached,450,426,162,264,24,5,19
S01007608,Whole house or bungalow: Terraced (including end-terrace),10,6,4,2,4,3,1
S01007608,Flat maisonette or apartment or mobile/temporary accommodation,15,7,1,6,8,4,4
S01007609,All people in households,917,479,203,276,438,338,100
S01007609,Whole house or bungalow: Total,480,323,138,185,157,118,39
S01007609,Whole house or bungalow: Detached,90,71,46,25,19,12,7
S01007609,Whole house or bungalow: Semi-detached,212,145,52,93,67,50,17
S01007609,Whole house or bungalow: Terraced (including end-terrace),178,107,40,67,71,56,15
S01007609,Flat maisonette or apartment or mobile/temporary accommodation,437,156,65,91,281,220,61
S01007610,All people in households,456,250,106,144,206,124,82
S01007610,Whole house or bungalow: Total,233,166,81,85,67,31,36
S01007610,Whole house or bungalow: Detached,55,49,26,23,6,0,6
S01007610,Whole house or bungalow: Semi-detached,120,78,37,41,42,31,11
S01007610,Whole house or bungalow: Terraced (including end-terrace),58,39,18,21,19,0,19
S01007610,Flat maisonette or apartment or mobile/temporary accommodation,223,84,25,59,139,93,46
S01007611,All people in households,917,379,189,190,538,321,217
S01007611,Whole house or bungalow: Total,325,196,91,105,129,63,66
S01007611,Whole house or bungalow: Detached,40,24,14,10,16,3,13
S01007611,Whole house or bungalow: Semi-detached,142,82,34,48,60,42,18
S01007611,Whole house or bungalow: Terraced (including end-terrace),143,90,43,47,53,18,35
S01007611,Flat maisonette or apartment or mobile/temporary accommodation,592,183,98,85,409,258,151
S01007612,All people in households,1037,354,170,184,683,274,409
S01007612,Whole house or bungalow: Total,341,195,109,86,146,29,117
S01007612,Whole house or bungalow: Detached,84,36,16,20,48,2,46
S01007612,Whole house or bungalow: Semi-detached,104,52,26,26,52,18,34
S01007612,Whole house or bungalow: Terraced (including end-terrace),153,107,67,40,46,9,37
S01007612,Flat maisonette or apartment or mobile/temporary accommodation,696,159,61,98,537,245,292
S01007613,All people in households,736,587,261,326,149,17,132
S01007613,Whole house or bungalow: Total,617,526,229,297,91,15,76
S01007613,Whole house or bungalow: Detached,228,203,127,76,25,1,24
S01007613,Whole house or bungalow: Semi-detached,196,172,48,124,24,3,21
S01007613,Whole house or bungalow: Terraced (including end-terrace),193,151,54,97,42,11,31
S01007613,Flat maisonette or apartment or mobile/temporary accommodation,119,61,32,29,58,2,56
S01007614,All people in households,843,771,329,442,72,14,58
S01007614,Whole house or bungalow: Total,826,762,321,441,64,13,51
S01007614,Whole house or bungalow: Detached,498,465,197,268,33,0,33
S01007614,Whole house or bungalow: Semi-detached,235,215,91,124,20,5,15
S01007614,Whole house or bungalow: Terraced (including end-terrace),93,82,33,49,11,8,3
S01007614,Flat maisonette or apartment or mobile/temporary accommodation,17,9,8,1,8,1,7
S01007615,All people in households,1074,782,298,484,292,103,189
S01007615,Whole house or bungalow: Total,803,688,262,426,115,25,90
S01007615,Whole house or bungalow: Detached,253,223,87,136,30,4,26
S01007615,Whole house or bungalow: Semi-detached,432,383,161,222,49,6,43
S01007615,Whole house or bungalow: Terraced (including end-terrace),118,82,14,68,36,15,21
S01007615,Flat maisonette or apartment or mobile/temporary accommodation,271,94,36,58,177,78,99
S01007616,All people in households,736,443,173,270,293,157,136
S01007616,Whole house or bungalow: Total,290,215,83,132,75,31,44
S01007616,Whole house or bungalow: Detached,55,42,21,21,13,0,13
S01007616,Whole house or bungalow: Semi-detached,159,129,49,80,30,12,18
S01007616,Whole house or bungalow: Terraced (including end-terrace),76,44,13,31,32,19,13
S01007616,Flat maisonette or apartment or mobile/temporary accommodation,446,228,90,138,218,126,92
S01007617,All people in households,519,295,123,172,224,166,58
S01007617,Whole house or bungalow: Total,479,286,118,168,193,140,53
S01007617,Whole house or bungalow: Detached,92,67,40,27,25,5,20
S01007617,Whole house or bungalow: Semi-detached,113,58,17,41,55,49,6
S01007617,Whole house or bungalow: Terraced (including end-terrace),274,161,61,100,113,86,27
S01007617,Flat maisonette or apartment or mobile/temporary accommodation,40,9,5,4,31,26,5
S01007618,All people in households,638,394,161,233,244,209,35
S01007618,Whole house or bungalow: Total,601,389,161,228,212,184,28
S01007618,Whole house or bungalow: Detached,34,30,19,11,4,4,0
S01007618,Whole house or bungalow: Semi-detached,189,110,29,81,79,69,10
S01007618,Whole house or bungalow: Terraced (including end-terrace),378,249,113,136,129,111,18
S01007618,Flat maisonette or apartment or mobile/temporary accommodation,37,5,0,5,32,25,7
S01007619,All people in households,629,405,130,275,224,172,52
S01007619,Whole house or bungalow: Total,614,404,130,274,210,167,43
S01007619,Whole house or bungalow: Detached,72,31,2,29,41,29,12
S01007619,Whole house or bungalow: Semi-detached,138,89,32,57,49,47,2
S01007619,Whole house or bungalow: Terraced (including end-terrace),404,284,96,188,120,91,29
S01007619,Flat maisonette or apartment or mobile/temporary accommodation,15,1,0,1,14,5,9
S01007620,All people in households,579,515,228,287,64,2,62
S01007620,Whole house or bungalow: Total,547,504,226,278,43,0,43
S01007620,Whole house or bungalow: Detached,147,137,68,69,10,0,10
S01007620,Whole house or bungalow: Semi-detached,373,340,156,184,33,0,33
S01007620,Whole house or bungalow: Terraced (including end-terrace),27,27,2,25,0,0,0
S01007620,Flat maisonette or apartment or mobile/temporary accommodation,32,11,2,9,21,2,19
S01007621,All people in households,656,583,277,306,73,7,66
S01007621,Whole house or bungalow: Total,655,582,276,306,73,7,66
S01007621,Whole house or bungalow: Detached,89,71,46,25,18,0,18
S01007621,Whole house or bungalow: Semi-detached,433,390,201,189,43,7,36
S01007621,Whole house or bungalow: Terraced (including end-terrace),133,121,29,92,12,0,12
S01007621,Flat maisonette or apartment or mobile/temporary accommodation,1,1,1,0,0,0,0
S01007622,All people in households,582,374,147,227,208,67,141
S01007622,Whole house or bungalow: Total,574,369,142,227,205,66,139
S01007622,Whole house or bungalow: Detached,159,142,60,82,17,2,15
S01007622,Whole house or bungalow: Semi-detached,259,133,51,82,126,44,82
S01007622,Whole house or bungalow: Terraced (including end-terrace),156,94,31,63,62,20,42
S01007622,Flat maisonette or apartment or mobile/temporary accommodation,8,5,5,0,3,1,2
S01007623,All people in households,608,508,195,313,100,38,62
S01007623,Whole house or bungalow: Total,598,504,195,309,94,34,60
S01007623,Whole house or bungalow: Detached,386,360,140,220,26,6,20
S01007623,Whole house or bungalow: Semi-detached,127,101,31,70,26,8,18
S01007623,Whole house or bungalow: Terraced (including end-terrace),85,43,24,19,42,20,22
S01007623,Flat maisonette or apartment or mobile/temporary accommodation,10,4,0,4,6,4,2
S01007624,All people in households,664,593,182,411,71,5,66
S01007624,Whole house or bungalow: Total,660,590,182,408,70,4,66
S01007624,Whole house or bungalow: Detached,187,174,65,109,13,0,13
S01007624,Whole house or bungalow: Semi-detached,289,238,82,156,51,4,47
S01007624,Whole house or bungalow: Terraced (including end-terrace),184,178,35,143,6,0,6
S01007624,Flat maisonette or apartment or mobile/temporary accommodation,4,3,0,3,1,1,0
S01007625,All people in households,505,426,155,271,79,14,65
S01007625,Whole house or bungalow: Total,499,425,155,270,74,9,65
S01007625,Whole house or bungalow: Detached,251,221,121,100,30,0,30
S01007625,Whole house or bungalow: Semi-detached,238,204,34,170,34,0,34
S01007625,Whole house or bungalow: Terraced (including end-terrace),10,0,0,0,10,9,1
S01007625,Flat maisonette or apartment or mobile/temporary accommodation,6,1,0,1,5,5,0
S01007626,All people in households,650,569,128,441,81,7,74
S01007626,Whole house or bungalow: Total,636,565,124,441,71,5,66
S01007626,Whole house or bungalow: Detached,273,258,75,183,15,0,15
S01007626,Whole house or bungalow: Semi-detached,352,299,48,251,53,5,48
S01007626,Whole house or bungalow: Terraced (including end-terrace),11,8,1,7,3,0,3
S01007626,Flat maisonette or apartment or mobile/temporary accommodation,14,4,4,0,10,2,8
S01007627,All people in households,547,459,120,339,88,34,54
S01007627,Whole house or bungalow: Total,441,402,105,297,39,6,33
S01007627,Whole house or bungalow: Detached,337,310,98,212,27,0,27
S01007627,Whole house or bungalow: Semi-detached,66,60,5,55,6,0,6
S01007627,Whole house or bungalow: Terraced (including end-terrace),38,32,2,30,6,6,0
S01007627,Flat maisonette or apartment or mobile/temporary accommodation,106,57,15,42,49,28,21
S01007628,All people in households,713,600,326,274,113,5,108
S01007628,Whole house or bungalow: Total,685,584,323,261,101,5,96
S01007628,Whole house or bungalow: Detached,409,356,222,134,53,1,52
S01007628,Whole house or bungalow: Semi-detached,232,185,87,98,47,4,43
S01007628,Whole house or bungalow: Terraced (including end-terrace),44,43,14,29,1,0,1
S01007628,Flat maisonette or apartment or mobile/temporary accommodation,28,16,3,13,12,0,12
S01007629,All people in households,696,542,239,303,154,53,101
S01007629,Whole house or bungalow: Total,682,533,231,302,149,51,98
S01007629,Whole house or bungalow: Detached,363,307,159,148,56,7,49
S01007629,Whole house or bungalow: Semi-detached,293,204,63,141,89,43,46
S01007629,Whole house or bungalow: Terraced (including end-terrace),26,22,9,13,4,1,3
S01007629,Flat maisonette or apartment or mobile/temporary accommodation,14,9,8,1,5,2,3
S01007630,All people in households,809,683,344,339,126,10,116
S01007630,Whole house or bungalow: Total,791,671,334,337,120,4,116
S01007630,Whole house or bungalow: Detached,576,494,259,235,82,0,82
S01007630,Whole house or bungalow: Semi-detached,195,159,71,88,36,4,32
S01007630,Whole house or bungalow: Terraced (including end-terrace),20,18,4,14,2,0,2
S01007630,Flat maisonette or apartment or mobile/temporary accommodation,18,12,10,2,6,6,0
S01007631,All people in households,625,494,299,195,131,18,113
S01007631,Whole house or bungalow: Total,610,484,293,191,126,17,109
S01007631,Whole house or bungalow: Detached,488,399,255,144,89,8,81
S01007631,Whole house or bungalow: Semi-detached,101,68,27,41,33,8,25
S01007631,Whole house or bungalow: Terraced (including end-terrace),21,17,11,6,4,1,3
S01007631,Flat maisonette or apartment or mobile/temporary accommodation,15,10,6,4,5,1,4
S01007632,All people in households,960,646,294,352,314,205,109
S01007632,Whole house or bungalow: Total,894,610,286,324,284,185,99
S01007632,Whole house or bungalow: Detached,312,263,171,92,49,11,38
S01007632,Whole house or bungalow: Semi-detached,236,113,44,69,123,101,22
S01007632,Whole house or bungalow: Terraced (including end-terrace),346,234,71,163,112,73,39
S01007632,Flat maisonette or apartment or mobile/temporary accommodation,66,36,8,28,30,20,10
S01007633,All people in households,977,667,327,340,310,223,87
S01007633,Whole house or bungalow: Total,911,645,325,320,266,195,71
S01007633,Whole house or bungalow: Detached,318,286,193,93,32,9,23
S01007633,Whole house or bungalow: Semi-detached,213,127,53,74,86,73,13
S01007633,Whole house or bungalow: Terraced (including end-terrace),380,232,79,153,148,113,35
S01007633,Flat maisonette or apartment or mobile/temporary accommodation,66,22,2,20,44,28,16
S01007634,All people in households,570,384,212,172,186,41,145
S01007634,Whole house or bungalow: Total,559,377,205,172,182,41,141
S01007634,Whole house or bungalow: Detached,363,273,163,110,90,3,87
S01007634,Whole house or bungalow: Semi-detached,142,72,29,43,70,24,46
S01007634,Whole house or bungalow: Terraced (including end-terrace),54,32,13,19,22,14,8
S01007634,Flat maisonette or apartment or mobile/temporary accommodation,11,7,7,0,4,0,4
S01007635,All people in households,671,554,357,197,117,24,93
S01007635,Whole house or bungalow: Total,664,547,354,193,117,24,93
S01007635,Whole house or bungalow: Detached,497,415,288,127,82,4,78
S01007635,Whole house or bungalow: Semi-detached,116,94,59,35,22,9,13
S01007635,Whole house or bungalow: Terraced (including end-terrace),51,38,7,31,13,11,2
S01007635,Flat maisonette or apartment or mobile/temporary accommodation,7,7,3,4,0,0,0
S01007636,All people in households,819,534,233,301,285,207,78
S01007636,Whole house or bungalow: Total,697,500,214,286,197,146,51
S01007636,Whole house or bungalow: Detached,234,206,110,96,28,5,23
S01007636,Whole house or bungalow: Semi-detached,246,142,65,77,104,91,13
S01007636,Whole house or bungalow: Terraced (including end-terrace),217,152,39,113,65,50,15
S01007636,Flat maisonette or apartment or mobile/temporary accommodation,122,34,19,15,88,61,27
S01007637,All people in households,857,553,208,345,304,218,86
S01007637,Whole house or bungalow: Total,755,533,197,336,222,153,69
S01007637,Whole house or bungalow: Detached,104,85,33,52,19,5,14
S01007637,Whole house or bungalow: Semi-detached,165,90,28,62,75,52,23
S01007637,Whole house or bungalow: Terraced (including end-terrace),486,358,136,222,128,96,32
S01007637,Flat maisonette or apartment or mobile/temporary accommodation,102,20,11,9,82,65,17
S01007638,All people in households,768,511,215,296,257,165,92
S01007638,Whole house or bungalow: Total,556,418,165,253,138,90,48
S01007638,Whole house or bungalow: Detached,157,143,73,70,14,7,7
S01007638,Whole house or bungalow: Semi-detached,148,85,30,55,63,39,24
S01007638,Whole house or bungalow: Terraced (including end-terrace),251,190,62,128,61,44,17
S01007638,Flat maisonette or apartment or mobile/temporary accommodation,212,93,50,43,119,75,44
S01007639,All people in households,1087,596,210,386,491,394,97
S01007639,Whole house or bungalow: Total,1044,580,204,376,464,374,90
S01007639,Whole house or bungalow: Detached,331,269,115,154,62,21,41
S01007639,Whole house or bungalow: Semi-detached,155,90,30,60,65,51,14
S01007639,Whole house or bungalow: Terraced (including end-terrace),558,221,59,162,337,302,35
S01007639,Flat maisonette or apartment or mobile/temporary accommodation,43,16,6,10,27,20,7
S01007640,All people in households,722,334,149,185,388,44,344
S01007640,Whole house or bungalow: Total,712,330,145,185,382,40,342
S01007640,Whole house or bungalow: Detached,475,197,103,94,278,8,270
S01007640,Whole house or bungalow: Semi-detached,203,112,35,77,91,28,63
S01007640,Whole house or bungalow: Terraced (including end-terrace),34,21,7,14,13,4,9
S01007640,Flat maisonette or apartment or mobile/temporary accommodation,10,4,4,0,6,4,2
S01007641,All people in households,854,540,245,295,314,188,126
S01007641,Whole house or bungalow: Total,830,524,236,288,306,186,120
S01007641,Whole house or bungalow: Detached,351,281,156,125,70,6,64
S01007641,Whole house or bungalow: Semi-detached,329,164,40,124,165,124,41
S01007641,Whole house or bungalow: Terraced (including end-terrace),150,79,40,39,71,56,15
S01007641,Flat maisonette or apartment or mobile/temporary accommodation,24,16,9,7,8,2,6
S01007642,All people in households,794,563,346,217,231,96,135
S01007642,Whole house or bungalow: Total,651,511,316,195,140,60,80
S01007642,Whole house or bungalow: Detached,322,274,188,86,48,5,43
S01007642,Whole house or bungalow: Semi-detached,161,127,68,59,34,17,17
S01007642,Whole house or bungalow: Terraced (including end-terrace),168,110,60,50,58,38,20
S01007642,Flat maisonette or apartment or mobile/temporary accommodation,143,52,30,22,91,36,55
S01007643,All people in households,897,677,346,331,220,132,88
S01007643,Whole house or bungalow: Total,786,613,305,308,173,113,60
S01007643,Whole house or bungalow: Detached,276,245,165,80,31,10,21
S01007643,Whole house or bungalow: Semi-detached,276,194,75,119,82,67,15
S01007643,Whole house or bungalow: Terraced (including end-terrace),234,174,65,109,60,36,24
S01007643,Flat maisonette or apartment or mobile/temporary accommodation,111,64,41,23,47,19,28
S01007644,All people in households,844,553,277,276,291,224,67
S01007644,Whole house or bungalow: Total,768,513,260,253,255,193,62
S01007644,Whole house or bungalow: Detached,360,328,201,127,32,12,20
S01007644,Whole house or bungalow: Semi-detached,250,101,31,70,149,121,28
S01007644,Whole house or bungalow: Terraced (including end-terrace),158,84,28,56,74,60,14
S01007644,Flat maisonette or apartment or mobile/temporary accommodation,76,40,17,23,36,31,5
S01007645,All people in households,524,342,198,144,182,35,147
S01007645,Whole house or bungalow: Total,515,340,196,144,175,30,145
S01007645,Whole house or bungalow: Detached,396,264,163,101,132,2,130
S01007645,Whole house or bungalow: Semi-detached,94,58,21,37,36,23,13
S01007645,Whole house or bungalow: Terraced (including end-terrace),25,18,12,6,7,5,2
S01007645,Flat maisonette or apartment or mobile/temporary accommodation,9,2,2,0,7,5,2
S01007646,All people in households,576,282,184,98,294,32,262
S01007646,Whole house or bungalow: Total,543,271,178,93,272,20,252
S01007646,Whole house or bungalow: Detached,362,187,136,51,175,1,174
S01007646,Whole house or bungalow: Semi-detached,144,60,33,27,84,17,67
S01007646,Whole house or bungalow: Terraced (including end-terrace),37,24,9,15,13,2,11
S01007646,Flat maisonette or apartment or mobile/temporary accommodation,33,11,6,5,22,12,10
S01007647,All people in households,717,518,263,255,199,78,121
S01007647,Whole house or bungalow: Total,514,433,229,204,81,16,65
S01007647,Whole house or bungalow: Detached,174,159,94,65,15,3,12
S01007647,Whole house or bungalow: Semi-detached,139,116,65,51,23,7,16
S01007647,Whole house or bungalow: Terraced (including end-terrace),201,158,70,88,43,6,37
S01007647,Flat maisonette or apartment or mobile/temporary accommodation,203,85,34,51,118,62,56
S01007648,All people in households,873,583,329,254,290,64,226
S01007648,Whole house or bungalow: Total,700,533,297,236,167,23,144
S01007648,Whole house or bungalow: Detached,134,113,77,36,21,3,18
S01007648,Whole house or bungalow: Semi-detached,123,85,57,28,38,10,28
S01007648,Whole house or bungalow: Terraced (including end-terrace),443,335,163,172,108,10,98
S01007648,Flat maisonette or apartment or mobile/temporary accommodation,173,50,32,18,123,41,82
S01007649,All people in households,729,460,230,230,269,127,142
S01007649,Whole house or bungalow: Total,690,439,222,217,251,117,134
S01007649,Whole house or bungalow: Detached,152,89,42,47,63,13,50
S01007649,Whole house or bungalow: Semi-detached,208,125,62,63,83,34,49
S01007649,Whole house or bungalow: Terraced (including end-terrace),330,225,118,107,105,70,35
S01007649,Flat maisonette or apartment or mobile/temporary accommodation,39,21,8,13,18,10,8
S01007650,All people in households,949,629,290,339,320,79,241
S01007650,Whole house or bungalow: Total,938,622,287,335,316,79,237
S01007650,Whole house or bungalow: Detached,528,365,199,166,163,3,160
S01007650,Whole house or bungalow: Semi-detached,202,108,29,79,94,38,56
S01007650,Whole house or bungalow: Terraced (including end-terrace),208,149,59,90,59,38,21
S01007650,Flat maisonette or apartment or mobile/temporary accommodation,11,7,3,4,4,0,4
S01007651,All people in households,585,338,157,181,247,40,207
S01007651,Whole house or bungalow: Total,584,338,157,181,246,39,207
S01007651,Whole house or bungalow: Detached,389,245,127,118,144,0,144
S01007651,Whole house or bungalow: Semi-detached,154,71,28,43,83,32,51
S01007651,Whole house or bungalow: Terraced (including end-terrace),41,22,2,20,19,7,12
S01007651,Flat maisonette or apartment or mobile/temporary accommodation,1,0,0,0,1,1,0
S01007652,All people in households,588,402,198,204,186,89,97
S01007652,Whole house or bungalow: Total,530,370,169,201,160,72,88
S01007652,Whole house or bungalow: Detached,299,245,125,120,54,2,52
S01007652,Whole house or bungalow: Semi-detached,158,90,33,57,68,42,26
S01007652,Whole house or bungalow: Terraced (including end-terrace),73,35,11,24,38,28,10
S01007652,Flat maisonette or apartment or mobile/temporary accommodation,58,32,29,3,26,17,9
S01007653,All people in households,886,698,350,348,188,109,79
S01007653,Whole house or bungalow: Total,865,687,344,343,178,102,76
S01007653,Whole house or bungalow: Detached,516,462,247,215,54,7,47
S01007653,Whole house or bungalow: Semi-detached,254,161,73,88,93,71,22
S01007653,Whole house or bungalow: Terraced (including end-terrace),95,64,24,40,31,24,7
S01007653,Flat maisonette or apartment or mobile/temporary accommodation,21,11,6,5,10,7,3
S01007654,All people in households,1050,604,302,302,446,262,184
S01007654,Whole house or bungalow: Total,978,591,293,298,387,220,167
S01007654,Whole house or bungalow: Detached,395,294,159,135,101,4,97
S01007654,Whole house or bungalow: Semi-detached,278,166,78,88,112,82,30
S01007654,Whole house or bungalow: Terraced (including end-terrace),305,131,56,75,174,134,40
S01007654,Flat maisonette or apartment or mobile/temporary accommodation,72,13,9,4,59,42,17
S01007655,All people in households,780,484,290,194,296,38,258
S01007655,Whole house or bungalow: Total,774,482,288,194,292,34,258
S01007655,Whole house or bungalow: Detached,614,402,243,159,212,7,205
S01007655,Whole house or bungalow: Semi-detached,127,59,40,19,68,19,49
S01007655,Whole house or bungalow: Terraced (including end-terrace),33,21,5,16,12,8,4
S01007655,Flat maisonette or apartment or mobile/temporary accommodation,6,2,2,0,4,4,0
S01007656,All people in households,848,363,256,107,485,14,471
S01007656,Whole house or bungalow: Total,829,363,256,107,466,8,458
S01007656,Whole house or bungalow: Detached,598,323,229,94,275,2,273
S01007656,Whole house or bungalow: Semi-detached,178,33,22,11,145,5,140
S01007656,Whole house or bungalow: Terraced (including end-terrace),53,7,5,2,46,1,45
S01007656,Flat maisonette or apartment or mobile/temporary accommodation,19,0,0,0,19,6,13
S01007657,All people in households,428,273,131,142,155,25,130
S01007657,Whole house or bungalow: Total,421,273,131,142,148,20,128
S01007657,Whole house or bungalow: Detached,271,183,101,82,88,0,88
S01007657,Whole house or bungalow: Semi-detached,112,73,28,45,39,10,29
S01007657,Whole house or bungalow: Terraced (including end-terrace),38,17,2,15,21,10,11
S01007657,Flat maisonette or apartment or mobile/temporary accommodation,7,0,0,0,7,5,2
S01007658,All people in households,505,362,192,170,143,10,133
S01007658,Whole house or bungalow: Total,498,358,188,170,140,8,132
S01007658,Whole house or bungalow: Detached,257,180,108,72,77,0,77
S01007658,Whole house or bungalow: Semi-detached,135,90,38,52,45,4,41
S01007658,Whole house or bungalow: Terraced (including end-terrace),106,88,42,46,18,4,14
S01007658,Flat maisonette or apartment or mobile/temporary accommodation,7,4,4,0,3,2,1
S01007659,All people in households,820,511,265,246,309,156,153
S01007659,Whole house or bungalow: Total,799,506,262,244,293,144,149
S01007659,Whole house or bungalow: Detached,393,282,168,114,111,18,93
S01007659,Whole house or bungalow: Semi-detached,206,130,64,66,76,39,37
S01007659,Whole house or bungalow: Terraced (including end-terrace),200,94,30,64,106,87,19
S01007659,Flat maisonette or apartment or mobile/temporary accommodation,21,5,3,2,16,12,4
S01007660,All people in households,851,364,111,253,487,382,105
S01007660,Whole house or bungalow: Total,708,346,104,242,362,287,75
S01007660,Whole house or bungalow: Detached,42,23,10,13,19,13,6
S01007660,Whole house or bungalow: Semi-detached,226,107,40,67,119,93,26
S01007660,Whole house or bungalow: Terraced (including end-terrace),440,216,54,162,224,181,43
S01007660,Flat maisonette or apartment or mobile/temporary accommodation,143,18,7,11,125,95,30
S01007661,All people in households,652,421,191,230,231,109,122
S01007661,Whole house or bungalow: Total,499,361,144,217,138,70,68
S01007661,Whole house or bungalow: Detached,111,102,48,54,9,1,8
S01007661,Whole house or bungalow: Semi-detached,220,145,52,93,75,43,32
S01007661,Whole house or bungalow: Terraced (including end-terrace),168,114,44,70,54,26,28
S01007661,Flat maisonette or apartment or mobile/temporary accommodation,153,60,47,13,93,39,54
S01007662,All people in households,908,555,281,274,353,195,158
S01007662,Whole house or bungalow: Total,728,517,265,252,211,91,120
S01007662,Whole house or bungalow: Detached,128,113,64,49,15,1,14
S01007662,Whole house or bungalow: Semi-detached,249,179,89,90,70,36,34
S01007662,Whole house or bungalow: Terraced (including end-terrace),351,225,112,113,126,54,72
S01007662,Flat maisonette or apartment or mobile/temporary accommodation,180,38,16,22,142,104,38
S01007663,All people in households,841,655,331,324,186,108,78
S01007663,Whole house or bungalow: Total,821,655,331,324,166,100,66
S01007663,Whole house or bungalow: Detached,230,209,127,82,21,5,16
S01007663,Whole house or bungalow: Semi-detached,263,201,90,111,62,35,27
S01007663,Whole house or bungalow: Terraced (including end-terrace),328,245,114,131,83,60,23
S01007663,Flat maisonette or apartment or mobile/temporary accommodation,20,0,0,0,20,8,12
S01007664,All people in households,578,328,160,168,250,168,82
S01007664,Whole house or bungalow: Total,469,299,142,157,170,113,57
S01007664,Whole house or bungalow: Detached,54,31,16,15,23,10,13
S01007664,Whole house or bungalow: Semi-detached,196,112,61,51,84,51,33
S01007664,Whole house or bungalow: Terraced (including end-terrace),219,156,65,91,63,52,11
S01007664,Flat maisonette or apartment or mobile/temporary accommodation,109,29,18,11,80,55,25
S01007665,All people in households,660,454,118,336,206,114,92
S01007665,Whole house or bungalow: Total,647,452,116,336,195,107,88
S01007665,Whole house or bungalow: Detached,102,89,32,57,13,5,8
S01007665,Whole house or bungalow: Semi-detached,211,150,31,119,61,37,24
S01007665,Whole house or bungalow: Terraced (including end-terrace),334,213,53,160,121,65,56
S01007665,Flat maisonette or apartment or mobile/temporary accommodation,13,2,2,0,11,7,4
S01007666,All people in households,502,444,183,261,58,22,36
S01007666,Whole house or bungalow: Total,497,444,183,261,53,17,36
S01007666,Whole house or bungalow: Detached,400,370,142,228,30,2,28
S01007666,Whole house or bungalow: Semi-detached,69,59,32,27,10,4,6
S01007666,Whole house or bungalow: Terraced (including end-terrace),28,15,9,6,13,11,2
S01007666,Flat maisonette or apartment or mobile/temporary accommodation,5,0,0,0,5,5,0
S01007667,All people in households,717,655,291,364,62,14,48
S01007667,Whole house or bungalow: Total,707,649,288,361,58,12,46
S01007667,Whole house or bungalow: Detached,368,345,167,178,23,0,23
S01007667,Whole house or bungalow: Semi-detached,294,267,113,154,27,5,22
S01007667,Whole house or bungalow: Terraced (including end-terrace),45,37,8,29,8,7,1
S01007667,Flat maisonette or apartment or mobile/temporary accommodation,10,6,3,3,4,2,2
S01007668,All people in households,1041,629,224,405,412,342,70
S01007668,Whole house or bungalow: Total,998,625,220,405,373,303,70
S01007668,Whole house or bungalow: Detached,34,22,13,9,12,6,6
S01007668,Whole house or bungalow: Semi-detached,455,321,118,203,134,99,35
S01007668,Whole house or bungalow: Terraced (including end-terrace),509,282,89,193,227,198,29
S01007668,Flat maisonette or apartment or mobile/temporary accommodation,43,4,4,0,39,39,0
S01007669,All people in households,642,202,79,123,440,403,37
S01007669,Whole house or bungalow: Total,504,202,79,123,302,272,30
S01007669,Whole house or bungalow: Detached,62,35,17,18,27,20,7
S01007669,Whole house or bungalow: Semi-detached,175,68,29,39,107,92,15
S01007669,Whole house or bungalow: Terraced (including end-terrace),267,99,33,66,168,160,8
S01007669,Flat maisonette or apartment or mobile/temporary accommodation,138,0,0,0,138,131,7
S01007670,All people in households,729,311,114,197,418,350,68
S01007670,Whole house or bungalow: Total,671,308,114,194,363,310,53
S01007670,Whole house or bungalow: Detached,106,92,36,56,14,6,8
S01007670,Whole house or bungalow: Semi-detached,297,124,44,80,173,155,18
S01007670,Whole house or bungalow: Terraced (including end-terrace),268,92,34,58,176,149,27
S01007670,Flat maisonette or apartment or mobile/temporary accommodation,58,3,0,3,55,40,15
S01007671,All people in households,711,591,315,276,120,31,89
S01007671,Whole house or bungalow: Total,701,588,312,276,113,25,88
S01007671,Whole house or bungalow: Detached,490,409,221,188,81,0,81
S01007671,Whole house or bungalow: Semi-detached,155,137,68,69,18,15,3
S01007671,Whole house or bungalow: Terraced (including end-terrace),56,42,23,19,14,10,4
S01007671,Flat maisonette or apartment or mobile/temporary accommodation,10,3,3,0,7,6,1
S01007672,All people in households,874,796,451,345,78,18,60
S01007672,Whole house or bungalow: Total,866,794,451,343,72,18,54
S01007672,Whole house or bungalow: Detached,619,576,347,229,43,3,40
S01007672,Whole house or bungalow: Semi-detached,137,124,62,62,13,4,9
S01007672,Whole house or bungalow: Terraced (including end-terrace),110,94,42,52,16,11,5
S01007672,Flat maisonette or apartment or mobile/temporary accommodation,8,2,0,2,6,0,6
S01007673,All people in households,697,590,261,329,107,27,80
S01007673,Whole house or bungalow: Total,657,583,258,325,74,25,49
S01007673,Whole house or bungalow: Detached,136,125,81,44,11,2,9
S01007673,Whole house or bungalow: Semi-detached,229,194,87,107,35,17,18
S01007673,Whole house or bungalow: Terraced (including end-terrace),292,264,90,174,28,6,22
S01007673,Flat maisonette or apartment or mobile/temporary accommodation,40,7,3,4,33,2,31
S01007674,All people in households,797,523,220,303,274,206,68
S01007674,Whole house or bungalow: Total,770,520,219,301,250,182,68
S01007674,Whole house or bungalow: Detached,94,82,48,34,12,9,3
S01007674,Whole house or bungalow: Semi-detached,245,156,60,96,89,57,32
S01007674,Whole house or bungalow: Terraced (including end-terrace),431,282,111,171,149,116,33
S01007674,Flat maisonette or apartment or mobile/temporary accommodation,27,3,1,2,24,24,0
S01007675,All people in households,627,542,258,284,85,32,53
S01007675,Whole house or bungalow: Total,622,540,256,284,82,32,50
S01007675,Whole house or bungalow: Detached,358,337,169,168,21,0,21
S01007675,Whole house or bungalow: Semi-detached,190,146,59,87,44,15,29
S01007675,Whole house or bungalow: Terraced (including end-terrace),74,57,28,29,17,17,0
S01007675,Flat maisonette or apartment or mobile/temporary accommodation,5,2,2,0,3,0,3
S01007676,All people in households,681,551,303,248,130,33,97
S01007676,Whole house or bungalow: Total,676,549,301,248,127,30,97
S01007676,Whole house or bungalow: Detached,486,431,247,184,55,2,53
S01007676,Whole house or bungalow: Semi-detached,157,93,42,51,64,24,40
S01007676,Whole house or bungalow: Terraced (including end-terrace),33,25,12,13,8,4,4
S01007676,Flat maisonette or apartment or mobile/temporary accommodation,5,2,2,0,3,3,0
S01007677,All people in households,511,423,171,252,88,23,65
S01007677,Whole house or bungalow: Total,490,421,171,250,69,8,61
S01007677,Whole house or bungalow: Detached,259,245,123,122,14,0,14
S01007677,Whole house or bungalow: Semi-detached,87,74,27,47,13,3,10
S01007677,Whole house or bungalow: Terraced (including end-terrace),144,102,21,81,42,5,37
S01007677,Flat maisonette or apartment or mobile/temporary accommodation,21,2,0,2,19,15,4
S01007678,All people in households,788,489,214,275,299,216,83
S01007678,Whole house or bungalow: Total,733,474,210,264,259,189,70
S01007678,Whole house or bungalow: Detached,105,84,52,32,21,13,8
S01007678,Whole house or bungalow: Semi-detached,252,141,44,97,111,78,33
S01007678,Whole house or bungalow: Terraced (including end-terrace),376,249,114,135,127,98,29
S01007678,Flat maisonette or apartment or mobile/temporary accommodation,55,15,4,11,40,27,13
S01007679,All people in households,843,471,248,223,372,308,64
S01007679,Whole house or bungalow: Total,735,395,178,217,340,282,58
S01007679,Whole house or bungalow: Detached,251,200,131,69,51,30,21
S01007679,Whole house or bungalow: Semi-detached,189,82,30,52,107,85,22
S01007679,Whole house or bungalow: Terraced (including end-terrace),295,113,17,96,182,167,15
S01007679,Flat maisonette or apartment or mobile/temporary accommodation,108,76,70,6,32,26,6
S01007680,All people in households,916,845,365,480,71,6,65
S01007680,Whole house or bungalow: Total,903,842,364,478,61,6,55
S01007680,Whole house or bungalow: Detached,222,217,137,80,5,0,5
S01007680,Whole house or bungalow: Semi-detached,634,578,211,367,56,6,50
S01007680,Whole house or bungalow: Terraced (including end-terrace),47,47,16,31,0,0,0
S01007680,Flat maisonette or apartment or mobile/temporary accommodation,13,3,1,2,10,0,10
S01007681,All people in households,389,299,108,191,90,58,32
S01007681,Whole house or bungalow: Total,381,298,108,190,83,52,31
S01007681,Whole house or bungalow: Detached,71,57,25,32,14,4,10
S01007681,Whole house or bungalow: Semi-detached,99,75,23,52,24,17,7
S01007681,Whole house or bungalow: Terraced (including end-terrace),211,166,60,106,45,31,14
S01007681,Flat maisonette or apartment or mobile/temporary accommodation,8,1,0,1,7,6,1
S01007682,All people in households,882,691,381,310,191,10,181
S01007682,Whole house or bungalow: Total,670,587,325,262,83,5,78
S01007682,Whole house or bungalow: Detached,359,330,186,144,29,0,29
S01007682,Whole house or bungalow: Semi-detached,274,234,130,104,40,0,40
S01007682,Whole house or bungalow: Terraced (including end-terrace),37,23,9,14,14,5,9
S01007682,Flat maisonette or apartment or mobile/temporary accommodation,212,104,56,48,108,5,103
S01007683,All people in households,701,469,196,273,232,13,219
S01007683,Whole house or bungalow: Total,531,438,181,257,93,8,85
S01007683,Whole house or bungalow: Detached,283,262,120,142,21,0,21
S01007683,Whole house or bungalow: Semi-detached,218,173,61,112,45,0,45
S01007683,Whole house or bungalow: Terraced (including end-terrace),30,3,0,3,27,8,19
S01007683,Flat maisonette or apartment or mobile/temporary accommodation,170,31,15,16,139,5,134
S01007684,All people in households,781,735,420,315,46,10,36
S01007684,Whole house or bungalow: Total,737,703,412,291,34,5,29
S01007684,Whole house or bungalow: Detached,436,424,256,168,12,0,12
S01007684,Whole house or bungalow: Semi-detached,267,254,147,107,13,5,8
S01007684,Whole house or bungalow: Terraced (including end-terrace),34,25,9,16,9,0,9
S01007684,Flat maisonette or apartment or mobile/temporary accommodation,44,32,8,24,12,5,7
S01007685,All people in households,638,575,257,318,63,6,57
S01007685,Whole house or bungalow: Total,500,470,219,251,30,2,28
S01007685,Whole house or bungalow: Detached,204,195,124,71,9,0,9
S01007685,Whole house or bungalow: Semi-detached,182,167,57,110,15,0,15
S01007685,Whole house or bungalow: Terraced (including end-terrace),114,108,38,70,6,2,4
S01007685,Flat maisonette or apartment or mobile/temporary accommodation,138,105,38,67,33,4,29
S01007686,All people in households,665,514,287,227,151,12,139
S01007686,Whole house or bungalow: Total,503,450,254,196,53,6,47
S01007686,Whole house or bungalow: Detached,235,207,130,77,28,0,28
S01007686,Whole house or bungalow: Semi-detached,210,204,106,98,6,0,6
S01007686,Whole house or bungalow: Terraced (including end-terrace),58,39,18,21,19,6,13
S01007686,Flat maisonette or apartment or mobile/temporary accommodation,162,64,33,31,98,6,92
S01007687,All people in households,869,538,240,298,331,22,309
S01007687,Whole house or bungalow: Total,389,334,157,177,55,8,47
S01007687,Whole house or bungalow: Detached,141,130,74,56,11,0,11
S01007687,Whole house or bungalow: Semi-detached,115,86,33,53,29,8,21
S01007687,Whole house or bungalow: Terraced (including end-terrace),133,118,50,68,15,0,15
S01007687,Flat maisonette or apartment or mobile/temporary accommodation,480,204,83,121,276,14,262
S01007688,All people in households,1015,304,93,211,711,116,595
S01007688,Whole house or bungalow: Total,285,161,47,114,124,15,109
S01007688,Whole house or bungalow: Detached,79,48,21,27,31,6,25
S01007688,Whole house or bungalow: Semi-detached,108,65,13,52,43,8,35
S01007688,Whole house or bungalow: Terraced (including end-terrace),98,48,13,35,50,1,49
S01007688,Flat maisonette or apartment or mobile/temporary accommodation,730,143,46,97,587,101,486
S01007689,All people in households,579,204,60,144,375,64,311
S01007689,Whole house or bungalow: Total,149,74,29,45,75,11,64
S01007689,Whole house or bungalow: Detached,47,39,17,22,8,1,7
S01007689,Whole house or bungalow: Semi-detached,36,12,0,12,24,7,17
S01007689,Whole house or bungalow: Terraced (including end-terrace),66,23,12,11,43,3,40
S01007689,Flat maisonette or apartment or mobile/temporary accommodation,430,130,31,99,300,53,247
S01007690,All people in households,835,239,106,133,596,104,492
S01007690,Whole house or bungalow: Total,251,124,56,68,127,25,102
S01007690,Whole house or bungalow: Detached,70,59,28,31,11,0,11
S01007690,Whole house or bungalow: Semi-detached,75,10,6,4,65,19,46
S01007690,Whole house or bungalow: Terraced (including end-terrace),106,55,22,33,51,6,45
S01007690,Flat maisonette or apartment or mobile/temporary accommodation,584,115,50,65,469,79,390
S01007691,All people in households,1013,95,36,59,918,278,640
S01007691,Whole house or bungalow: Total,141,27,8,19,114,14,100
S01007691,Whole house or bungalow: Detached,25,10,0,10,15,0,15
S01007691,Whole house or bungalow: Semi-detached,17,7,6,1,10,2,8
S01007691,Whole house or bungalow: Terraced (including end-terrace),99,10,2,8,89,12,77
S01007691,Flat maisonette or apartment or mobile/temporary accommodation,872,68,28,40,804,264,540
S01007692,All people in households,939,209,60,149,730,101,629
S01007692,Whole house or bungalow: Total,222,103,26,77,119,11,108
S01007692,Whole house or bungalow: Detached,57,29,4,25,28,5,23
S01007692,Whole house or bungalow: Semi-detached,94,54,18,36,40,4,36
S01007692,Whole house or bungalow: Terraced (including end-terrace),71,20,4,16,51,2,49
S01007692,Flat maisonette or apartment or mobile/temporary accommodation,717,106,34,72,611,90,521
S01007693,All people in households,563,63,25,38,500,144,356
S01007693,Whole house or bungalow: Total,58,23,13,10,35,11,24
S01007693,Whole house or bungalow: Detached,7,2,0,2,5,5,0
S01007693,Whole house or bungalow: Semi-detached,37,17,9,8,20,3,17
S01007693,Whole house or bungalow: Terraced (including end-terrace),14,4,4,0,10,3,7
S01007693,Flat maisonette or apartment or mobile/temporary accommodation,505,40,12,28,465,133,332
S01007694,All people in households,1015,142,37,105,873,381,492
S01007694,Whole house or bungalow: Total,340,61,18,43,279,97,182
S01007694,Whole house or bungalow: Detached,42,16,8,8,26,19,7
S01007694,Whole house or bungalow: Semi-detached,146,23,10,13,123,64,59
S01007694,Whole house or bungalow: Terraced (including end-terrace),152,22,0,22,130,14,116
S01007694,Flat maisonette or apartment or mobile/temporary accommodation,675,81,19,62,594,284,310
S01007695,All people in households,963,307,130,177,656,279,377
S01007695,Whole house or bungalow: Total,114,104,38,66,10,8,2
S01007695,Whole house or bungalow: Detached,56,56,22,34,0,0,0
S01007695,Whole house or bungalow: Semi-detached,43,38,10,28,5,5,0
S01007695,Whole house or bungalow: Terraced (including end-terrace),15,10,6,4,5,3,2
S01007695,Flat maisonette or apartment or mobile/temporary accommodation,849,203,92,111,646,271,375
S01007696,All people in households,800,108,43,65,692,212,480
S01007696,Whole house or bungalow: Total,168,16,4,12,152,61,91
S01007696,Whole house or bungalow: Detached,3,1,1,0,2,2,0
S01007696,Whole house or bungalow: Semi-detached,91,5,3,2,86,41,45
S01007696,Whole house or bungalow: Terraced (including end-terrace),74,10,0,10,64,18,46
S01007696,Flat maisonette or apartment or mobile/temporary accommodation,632,92,39,53,540,151,389
S01007697,All people in households,948,336,155,181,612,237,375
S01007697,Whole house or bungalow: Total,134,107,46,61,27,13,14
S01007697,Whole house or bungalow: Detached,21,18,8,10,3,1,2
S01007697,Whole house or bungalow: Semi-detached,67,54,22,32,13,7,6
S01007697,Whole house or bungalow: Terraced (including end-terrace),46,35,16,19,11,5,6
S01007697,Flat maisonette or apartment or mobile/temporary accommodation,814,229,109,120,585,224,361
S01007698,All people in households,1056,206,45,161,850,217,633
S01007698,Whole house or bungalow: Total,276,85,15,70,191,55,136
S01007698,Whole house or bungalow: Detached,25,16,8,8,9,2,7
S01007698,Whole house or bungalow: Semi-detached,121,26,1,25,95,46,49
S01007698,Whole house or bungalow: Terraced (including end-terrace),130,43,6,37,87,7,80
S01007698,Flat maisonette or apartment or mobile/temporary accommodation,780,121,30,91,659,162,497
S01007699,All people in households,808,180,64,116,628,189,439
S01007699,Whole house or bungalow: Total,176,55,27,28,121,86,35
S01007699,Whole house or bungalow: Detached,7,0,0,0,7,4,3
S01007699,Whole house or bungalow: Semi-detached,114,33,17,16,81,59,22
S01007699,Whole house or bungalow: Terraced (including end-terrace),55,22,10,12,33,23,10
S01007699,Flat maisonette or apartment or mobile/temporary accommodation,632,125,37,88,507,103,404
S01007700,All people in households,971,769,317,452,202,62,140
S01007700,Whole house or bungalow: Total,619,552,232,320,67,14,53
S01007700,Whole house or bungalow: Detached,233,208,104,104,25,5,20
S01007700,Whole house or bungalow: Semi-detached,319,293,109,184,26,4,22
S01007700,Whole house or bungalow: Terraced (including end-terrace),67,51,19,32,16,5,11
S01007700,Flat maisonette or apartment or mobile/temporary accommodation,352,217,85,132,135,48,87
S01007701,All people in households,535,116,52,64,419,225,194
S01007701,Whole house or bungalow: Total,41,18,9,9,23,6,17
S01007701,Whole house or bungalow: Detached,14,0,0,0,14,0,14
S01007701,Whole house or bungalow: Semi-detached,5,3,3,0,2,2,0
S01007701,Whole house or bungalow: Terraced (including end-terrace),22,15,6,9,7,4,3
S01007701,Flat maisonette or apartment or mobile/temporary accommodation,494,98,43,55,396,219,177
S01007702,All people in households,560,183,48,135,377,35,342
S01007702,Whole house or bungalow: Total,172,97,16,81,75,8,67
S01007702,Whole house or bungalow: Detached,16,6,0,6,10,0,10
S01007702,Whole house or bungalow: Semi-detached,147,87,14,73,60,8,52
S01007702,Whole house or bungalow: Terraced (including end-terrace),9,4,2,2,5,0,5
S01007702,Flat maisonette or apartment or mobile/temporary accommodation,388,86,32,54,302,27,275
S01007703,All people in households,762,476,177,299,286,107,179
S01007703,Whole house or bungalow: Total,287,246,91,155,41,10,31
S01007703,Whole house or bungalow: Detached,51,50,14,36,1,0,1
S01007703,Whole house or bungalow: Semi-detached,165,142,61,81,23,7,16
S01007703,Whole house or bungalow: Terraced (including end-terrace),71,54,16,38,17,3,14
S01007703,Flat maisonette or apartment or mobile/temporary accommodation,475,230,86,144,245,97,148
S01007704,All people in households,907,173,93,80,734,520,214
S01007704,Whole house or bungalow: Total,52,43,24,19,9,5,4
S01007704,Whole house or bungalow: Detached,21,19,4,15,2,2,0
S01007704,Whole house or bungalow: Semi-detached,24,22,20,2,2,2,0
S01007704,Whole house or bungalow: Terraced (including end-terrace),7,2,0,2,5,1,4
S01007704,Flat maisonette or apartment or mobile/temporary accommodation,855,130,69,61,725,515,210
S01007705,All people in households,541,53,15,38,488,44,444
S01007705,Whole house or bungalow: Total,18,17,8,9,1,0,1
S01007705,Whole house or bungalow: Detached,10,10,5,5,0,0,0
S01007705,Whole house or bungalow: Semi-detached,1,1,1,0,0,0,0
S01007705,Whole house or bungalow: Terraced (including end-terrace),7,6,2,4,1,0,1
S01007705,Flat maisonette or apartment or mobile/temporary accommodation,523,36,7,29,487,44,443
S01007706,All people in households,775,69,21,48,706,62,644
S01007706,Whole house or bungalow: Total,18,3,0,3,15,0,15
S01007706,Whole house or bungalow: Detached,0,0,0,0,0,0,0
S01007706,Whole house or bungalow: Semi-detached,5,0,0,0,5,0,5
S01007706,Whole house or bungalow: Terraced (including end-terrace),13,3,0,3,10,0,10
S01007706,Flat maisonette or apartment or mobile/temporary accommodation,757,66,21,45,691,62,629
S01007707,All people in households,862,222,59,163,640,61,579
S01007707,Whole house or bungalow: Total,203,91,19,72,112,45,67
S01007707,Whole house or bungalow: Detached,15,4,2,2,11,11,0
S01007707,Whole house or bungalow: Semi-detached,41,9,0,9,32,15,17
S01007707,Whole house or bungalow: Terraced (including end-terrace),147,78,17,61,69,19,50
S01007707,Flat maisonette or apartment or mobile/temporary accommodation,659,131,40,91,528,16,512
S01007708,All people in households,644,224,67,157,420,226,194
S01007708,Whole house or bungalow: Total,195,109,25,84,86,52,34
S01007708,Whole house or bungalow: Detached,10,10,3,7,0,0,0
S01007708,Whole house or bungalow: Semi-detached,39,15,6,9,24,19,5
S01007708,Whole house or bungalow: Terraced (including end-terrace),146,84,16,68,62,33,29
S01007708,Flat maisonette or apartment or mobile/temporary accommodation,449,115,42,73,334,174,160
S01007709,All people in households,539,172,54,118,367,180,187
S01007709,Whole house or bungalow: Total,158,77,25,52,81,47,34
S01007709,Whole house or bungalow: Detached,11,3,3,0,8,8,0
S01007709,Whole house or bungalow: Semi-detached,48,27,11,16,21,17,4
S01007709,Whole house or bungalow: Terraced (including end-terrace),99,47,11,36,52,22,30
S01007709,Flat maisonette or apartment or mobile/temporary accommodation,381,95,29,66,286,133,153
S01007710,All people in households,803,100,23,77,703,284,419
S01007710,Whole house or bungalow: Total,15,5,5,0,10,2,8
S01007710,Whole house or bungalow: Detached,4,0,0,0,4,0,4
S01007710,Whole house or bungalow: Semi-detached,9,5,5,0,4,2,2
S01007710,Whole house or bungalow: Terraced (including end-terrace),2,0,0,0,2,0,2
S01007710,Flat maisonette or apartment or mobile/temporary accommodation,788,95,18,77,693,282,411
S01007711,All people in households,961,170,63,107,791,414,377
S01007711,Whole house or bungalow: Total,197,83,32,51,114,76,38
S01007711,Whole house or bungalow: Detached,8,8,3,5,0,0,0
S01007711,Whole house or bungalow: Semi-detached,69,17,8,9,52,36,16
S01007711,Whole house or bungalow: Terraced (including end-terrace),120,58,21,37,62,40,22
S01007711,Flat maisonette or apartment or mobile/temporary accommodation,764,87,31,56,677,338,339
S01007712,All people in households,644,262,88,174,382,85,297
S01007712,Whole house or bungalow: Total,94,74,25,49,20,4,16
S01007712,Whole house or bungalow: Detached,34,24,11,13,10,1,9
S01007712,Whole house or bungalow: Semi-detached,33,24,2,22,9,3,6
S01007712,Whole house or bungalow: Terraced (including end-terrace),27,26,12,14,1,0,1
S01007712,Flat maisonette or apartment or mobile/temporary accommodation,550,188,63,125,362,81,281
S01007713,All people in households,472,213,75,138,259,133,126
S01007713,Whole house or bungalow: Total,185,123,36,87,62,45,17
S01007713,Whole house or bungalow: Detached,36,35,2,33,1,1,0
S01007713,Whole house or bungalow: Semi-detached,77,51,10,41,26,24,2
S01007713,Whole house or bungalow: Terraced (including end-terrace),72,37,24,13,35,20,15
S01007713,Flat maisonette or apartment or mobile/temporary accommodation,287,90,39,51,197,88,109
S01007714,All people in households,637,355,77,278,282,115,167
S01007714,Whole house or bungalow: Total,319,269,50,219,50,18,32
S01007714,Whole house or bungalow: Detached,17,16,2,14,1,0,1
S01007714,Whole house or bungalow: Semi-detached,133,109,19,90,24,7,17
S01007714,Whole house or bungalow: Terraced (including end-terrace),169,144,29,115,25,11,14
S01007714,Flat maisonette or apartment or mobile/temporary accommodation,318,86,27,59,232,97,135
S01007715,All people in households,516,149,35,114,367,212,155
S01007715,Whole house or bungalow: Total,196,90,25,65,106,87,19
S01007715,Whole house or bungalow: Detached,33,22,7,15,11,1,10
S01007715,Whole house or bungalow: Semi-detached,101,45,6,39,56,54,2
S01007715,Whole house or bungalow: Terraced (including end-terrace),62,23,12,11,39,32,7
S01007715,Flat maisonette or apartment or mobile/temporary accommodation,320,59,10,49,261,125,136
S01007716,All people in households,967,223,77,146,744,344,400
S01007716,Whole house or bungalow: Total,201,88,25,63,113,70,43
S01007716,Whole house or bungalow: Detached,15,3,3,0,12,5,7
S01007716,Whole house or bungalow: Semi-detached,69,23,6,17,46,36,10
S01007716,Whole house or bungalow: Terraced (including end-terrace),117,62,16,46,55,29,26
S01007716,Flat maisonette or apartment or mobile/temporary accommodation,766,135,52,83,631,274,357
S01007717,All people in households,997,209,58,151,788,457,331
S01007717,Whole house or bungalow: Total,250,50,9,41,200,180,20
S01007717,Whole house or bungalow: Detached,39,15,5,10,24,17,7
S01007717,Whole house or bungalow: Semi-detached,142,22,0,22,120,117,3
S01007717,Whole house or bungalow: Terraced (including end-terrace),69,13,4,9,56,46,10
S01007717,Flat maisonette or apartment or mobile/temporary accommodation,747,159,49,110,588,277,311
S01007718,All people in households,689,210,84,126,479,213,266
S01007718,Whole house or bungalow: Total,53,16,8,8,37,25,12
S01007718,Whole house or bungalow: Detached,8,6,6,0,2,0,2
S01007718,Whole house or bungalow: Semi-detached,25,8,0,8,17,16,1
S01007718,Whole house or bungalow: Terraced (including end-terrace),20,2,2,0,18,9,9
S01007718,Flat maisonette or apartment or mobile/temporary accommodation,636,194,76,118,442,188,254
S01007719,All people in households,960,362,117,245,598,356,242
S01007719,Whole house or bungalow: Total,70,51,16,35,19,12,7
S01007719,Whole house or bungalow: Detached,13,11,4,7,2,0,2
S01007719,Whole house or bungalow: Semi-detached,21,11,5,6,10,5,5
S01007719,Whole house or bungalow: Terraced (including end-terrace),36,29,7,22,7,7,0
S01007719,Flat maisonette or apartment or mobile/temporary accommodation,890,311,101,210,579,344,235
S01007720,All people in households,705,427,254,173,278,197,81
S01007720,Whole house or bungalow: Total,179,154,70,84,25,19,6
S01007720,Whole house or bungalow: Detached,43,38,8,30,5,5,0
S01007720,Whole house or bungalow: Semi-detached,39,26,10,16,13,9,4
S01007720,Whole house or bungalow: Terraced (including end-terrace),97,90,52,38,7,5,2
S01007720,Flat maisonette or apartment or mobile/temporary accommodation,526,273,184,89,253,178,75
S01007721,All people in households,730,315,115,200,415,248,167
S01007721,Whole house or bungalow: Total,187,57,19,38,130,117,13
S01007721,Whole house or bungalow: Detached,21,15,9,6,6,6,0
S01007721,Whole house or bungalow: Semi-detached,108,24,4,20,84,73,11
S01007721,Whole house or bungalow: Terraced (including end-terrace),58,18,6,12,40,38,2
S01007721,Flat maisonette or apartment or mobile/temporary accommodation,543,258,96,162,285,131,154
S01007722,All people in households,840,257,106,151,583,420,163
S01007722,Whole house or bungalow: Total,108,65,7,58,43,40,3
S01007722,Whole house or bungalow: Detached,30,25,0,25,5,2,3
S01007722,Whole house or bungalow: Semi-detached,44,28,7,21,16,16,0
S01007722,Whole house or bungalow: Terraced (including end-terrace),34,12,0,12,22,22,0
S01007722,Flat maisonette or apartment or mobile/temporary accommodation,732,192,99,93,540,380,160
S01007723,All people in households,952,300,106,194,652,445,207
S01007723,Whole house or bungalow: Total,61,37,7,30,24,15,9
S01007723,Whole house or bungalow: Detached,15,9,4,5,6,3,3
S01007723,Whole house or bungalow: Semi-detached,7,3,1,2,4,4,0
S01007723,Whole house or bungalow: Terraced (including end-terrace),39,25,2,23,14,8,6
S01007723,Flat maisonette or apartment or mobile/temporary accommodation,891,263,99,164,628,430,198
S01007724,All people in households,643,133,28,105,510,176,334
S01007724,Whole house or bungalow: Total,92,4,2,2,88,77,11
S01007724,Whole house or bungalow: Detached,3,0,0,0,3,3,0
S01007724,Whole house or bungalow: Semi-detached,59,4,2,2,55,52,3
S01007724,Whole house or bungalow: Terraced (including end-terrace),30,0,0,0,30,22,8
S01007724,Flat maisonette or apartment or mobile/temporary accommodation,551,129,26,103,422,99,323
S01007725,All people in households,773,255,82,173,518,227,291
S01007725,Whole house or bungalow: Total,39,16,4,12,23,12,11
S01007725,Whole house or bungalow: Detached,7,7,2,5,0,0,0
S01007725,Whole house or bungalow: Semi-detached,18,2,2,0,16,9,7
S01007725,Whole house or bungalow: Terraced (including end-terrace),14,7,0,7,7,3,4
S01007725,Flat maisonette or apartment or mobile/temporary accommodation,734,239,78,161,495,215,280
S01007726,All people in households,786,272,86,186,514,219,295
S01007726,Whole house or bungalow: Total,209,123,38,85,86,58,28
S01007726,Whole house or bungalow: Detached,15,15,6,9,0,0,0
S01007726,Whole house or bungalow: Semi-detached,87,46,9,37,41,29,12
S01007726,Whole house or bungalow: Terraced (including end-terrace),107,62,23,39,45,29,16
S01007726,Flat maisonette or apartment or mobile/temporary accommodation,577,149,48,101,428,161,267
S01007727,All people in households,1007,220,58,162,787,383,404
S01007727,Whole house or bungalow: Total,267,98,29,69,169,96,73
S01007727,Whole house or bungalow: Detached,28,7,0,7,21,5,16
S01007727,Whole house or bungalow: Semi-detached,102,46,7,39,56,42,14
S01007727,Whole house or bungalow: Terraced (including end-terrace),137,45,22,23,92,49,43
S01007727,Flat maisonette or apartment or mobile/temporary accommodation,740,122,29,93,618,287,331
S01007728,All people in households,694,175,55,120,519,164,355
S01007728,Whole house or bungalow: Total,66,31,10,21,35,27,8
S01007728,Whole house or bungalow: Detached,15,15,0,15,0,0,0
S01007728,Whole house or bungalow: Semi-detached,28,11,9,2,17,10,7
S01007728,Whole house or bungalow: Terraced (including end-terrace),23,5,1,4,18,17,1
S01007728,Flat maisonette or apartment or mobile/temporary accommodation,628,144,45,99,484,137,347
S01007729,All people in households,772,212,83,129,560,132,428
S01007729,Whole house or bungalow: Total,81,55,24,31,26,4,22
S01007729,Whole house or bungalow: Detached,1,1,0,1,0,0,0
S01007729,Whole house or bungalow: Semi-detached,47,34,13,21,13,4,9
S01007729,Whole house or bungalow: Terraced (including end-terrace),33,20,11,9,13,0,13
S01007729,Flat maisonette or apartment or mobile/temporary accommodation,691,157,59,98,534,128,406
S01007730,All people in households,764,221,61,160,543,71,472
S01007730,Whole house or bungalow: Total,33,17,4,13,16,2,14
S01007730,Whole house or bungalow: Detached,5,1,0,1,4,0,4
S01007730,Whole house or bungalow: Semi-detached,11,6,4,2,5,0,5
S01007730,Whole house or bungalow: Terraced (including end-terrace),17,10,0,10,7,2,5
S01007730,Flat maisonette or apartment or mobile/temporary accommodation,731,204,57,147,527,69,458
S01007731,All people in households,729,233,43,190,496,199,297
S01007731,Whole house or bungalow: Total,146,78,3,75,68,52,16
S01007731,Whole house or bungalow: Detached,11,0,0,0,11,5,6
S01007731,Whole house or bungalow: Semi-detached,56,28,0,28,28,22,6
S01007731,Whole house or bungalow: Terraced (including end-terrace),79,50,3,47,29,25,4
S01007731,Flat maisonette or apartment or mobile/temporary accommodation,583,155,40,115,428,147,281
S01007732,All people in households,677,234,46,188,443,149,294
S01007732,Whole house or bungalow: Total,139,70,9,61,69,23,46
S01007732,Whole house or bungalow: Detached,14,13,2,11,1,0,1
S01007732,Whole house or bungalow: Semi-detached,42,17,1,16,25,12,13
S01007732,Whole house or bungalow: Terraced (including end-terrace),83,40,6,34,43,11,32
S01007732,Flat maisonette or apartment or mobile/temporary accommodation,538,164,37,127,374,126,248
S01007733,All people in households,853,702,240,462,151,8,143
S01007733,Whole house or bungalow: Total,652,592,204,388,60,4,56
S01007733,Whole house or bungalow: Detached,133,116,45,71,17,0,17
S01007733,Whole house or bungalow: Semi-detached,317,289,90,199,28,4,24
S01007733,Whole house or bungalow: Terraced (including end-terrace),202,187,69,118,15,0,15
S01007733,Flat maisonette or apartment or mobile/temporary accommodation,201,110,36,74,91,4,87
S01007734,All people in households,821,656,308,348,165,50,115
S01007734,Whole house or bungalow: Total,667,594,283,311,73,27,46
S01007734,Whole house or bungalow: Detached,288,264,126,138,24,0,24
S01007734,Whole house or bungalow: Semi-detached,341,295,135,160,46,27,19
S01007734,Whole house or bungalow: Terraced (including end-terrace),38,35,22,13,3,0,3
S01007734,Flat maisonette or apartment or mobile/temporary accommodation,154,62,25,37,92,23,69
S01007735,All people in households,827,701,319,382,126,48,78
S01007735,Whole house or bungalow: Total,745,659,306,353,86,39,47
S01007735,Whole house or bungalow: Detached,273,266,128,138,7,0,7
S01007735,Whole house or bungalow: Semi-detached,450,375,176,199,75,37,38
S01007735,Whole house or bungalow: Terraced (including end-terrace),22,18,2,16,4,2,2
S01007735,Flat maisonette or apartment or mobile/temporary accommodation,82,42,13,29,40,9,31
S01007736,All people in households,723,594,247,347,129,39,90
S01007736,Whole house or bungalow: Total,450,415,182,233,35,17,18
S01007736,Whole house or bungalow: Detached,153,144,65,79,9,0,9
S01007736,Whole house or bungalow: Semi-detached,263,242,99,143,21,13,8
S01007736,Whole house or bungalow: Terraced (including end-terrace),34,29,18,11,5,4,1
S01007736,Flat maisonette or apartment or mobile/temporary accommodation,273,179,65,114,94,22,72
S01007737,All people in households,1062,566,215,351,496,249,247
S01007737,Whole house or bungalow: Total,407,291,87,204,116,43,73
S01007737,Whole house or bungalow: Detached,194,168,41,127,26,0,26
S01007737,Whole house or bungalow: Semi-detached,99,70,24,46,29,11,18
S01007737,Whole house or bungalow: Terraced (including end-terrace),114,53,22,31,61,32,29
S01007737,Flat maisonette or apartment or mobile/temporary accommodation,655,275,128,147,380,206,174
S01007738,All people in households,730,549,302,247,181,105,76
S01007738,Whole house or bungalow: Total,584,466,244,222,118,77,41
S01007738,Whole house or bungalow: Detached,106,94,50,44,12,0,12
S01007738,Whole house or bungalow: Semi-detached,386,302,153,149,84,58,26
S01007738,Whole house or bungalow: Terraced (including end-terrace),92,70,41,29,22,19,3
S01007738,Flat maisonette or apartment or mobile/temporary accommodation,146,83,58,25,63,28,35
S01007739,All people in households,591,335,149,186,256,215,41
S01007739,Whole house or bungalow: Total,312,247,107,140,65,50,15
S01007739,Whole house or bungalow: Detached,107,101,45,56,6,2,4
S01007739,Whole house or bungalow: Semi-detached,96,71,31,40,25,21,4
S01007739,Whole house or bungalow: Terraced (including end-terrace),109,75,31,44,34,27,7
S01007739,Flat maisonette or apartment or mobile/temporary accommodation,279,88,42,46,191,165,26
S01007740,All people in households,541,432,200,232,109,37,72
S01007740,Whole house or bungalow: Total,378,341,169,172,37,10,27
S01007740,Whole house or bungalow: Detached,121,116,63,53,5,0,5
S01007740,Whole house or bungalow: Semi-detached,154,132,84,48,22,6,16
S01007740,Whole house or bungalow: Terraced (including end-terrace),103,93,22,71,10,4,6
S01007740,Flat maisonette or apartment or mobile/temporary accommodation,163,91,31,60,72,27,45
S01007741,All people in households,753,393,170,223,360,273,87
S01007741,Whole house or bungalow: Total,414,311,131,180,103,68,35
S01007741,Whole house or bungalow: Detached,98,85,45,40,13,2,11
S01007741,Whole house or bungalow: Semi-detached,126,101,30,71,25,20,5
S01007741,Whole house or bungalow: Terraced (including end-terrace),190,125,56,69,65,46,19
S01007741,Flat maisonette or apartment or mobile/temporary accommodation,339,82,39,43,257,205,52
S01007742,All people in households,624,419,196,223,205,125,80
S01007742,Whole house or bungalow: Total,340,280,113,167,60,30,30
S01007742,Whole house or bungalow: Detached,71,66,34,32,5,0,5
S01007742,Whole house or bungalow: Semi-detached,229,183,66,117,46,24,22
S01007742,Whole house or bungalow: Terraced (including end-terrace),40,31,13,18,9,6,3
S01007742,Flat maisonette or apartment or mobile/temporary accommodation,284,139,83,56,145,95,50
S01007743,All people in households,895,469,144,325,426,290,136
S01007743,Whole house or bungalow: Total,457,327,107,220,130,77,53
S01007743,Whole house or bungalow: Detached,46,41,7,34,5,2,3
S01007743,Whole house or bungalow: Semi-detached,213,138,47,91,75,52,23
S01007743,Whole house or bungalow: Terraced (including end-terrace),198,148,53,95,50,23,27
S01007743,Flat maisonette or apartment or mobile/temporary accommodation,438,142,37,105,296,213,83
S01007744,All people in households,766,292,89,203,474,401,73
S01007744,Whole house or bungalow: Total,348,211,79,132,137,108,29
S01007744,Whole house or bungalow: Detached,6,4,0,4,2,2,0
S01007744,Whole house or bungalow: Semi-detached,226,141,49,92,85,68,17
S01007744,Whole house or bungalow: Terraced (including end-terrace),116,66,30,36,50,38,12
S01007744,Flat maisonette or apartment or mobile/temporary accommodation,418,81,10,71,337,293,44
S01007745,All people in households,667,353,102,251,314,234,80
S01007745,Whole house or bungalow: Total,308,232,55,177,76,51,25
S01007745,Whole house or bungalow: Detached,12,10,5,5,2,0,2
S01007745,Whole house or bungalow: Semi-detached,198,146,21,125,52,32,20
S01007745,Whole house or bungalow: Terraced (including end-terrace),98,76,29,47,22,19,3
S01007745,Flat maisonette or apartment or mobile/temporary accommodation,359,121,47,74,238,183,55
S01007746,All people in households,889,478,132,346,411,366,45
S01007746,Whole house or bungalow: Total,598,412,104,308,186,162,24
S01007746,Whole house or bungalow: Detached,27,16,3,13,11,11,0
S01007746,Whole house or bungalow: Semi-detached,345,230,59,171,115,100,15
S01007746,Whole house or bungalow: Terraced (including end-terrace),226,166,42,124,60,51,9
S01007746,Flat maisonette or apartment or mobile/temporary accommodation,291,66,28,38,225,204,21
S01007747,All people in households,505,254,102,152,251,174,77
S01007747,Whole house or bungalow: Total,372,243,100,143,129,69,60
S01007747,Whole house or bungalow: Detached,9,3,0,3,6,6,0
S01007747,Whole house or bungalow: Semi-detached,203,117,44,73,86,42,44
S01007747,Whole house or bungalow: Terraced (including end-terrace),160,123,56,67,37,21,16
S01007747,Flat maisonette or apartment or mobile/temporary accommodation,133,11,2,9,122,105,17
S01007748,All people in households,704,191,60,131,513,473,40
S01007748,Whole house or bungalow: Total,286,164,45,119,122,102,20
S01007748,Whole house or bungalow: Detached,2,2,2,0,0,0,0
S01007748,Whole house or bungalow: Semi-detached,184,90,24,66,94,81,13
S01007748,Whole house or bungalow: Terraced (including end-terrace),100,72,19,53,28,21,7
S01007748,Flat maisonette or apartment or mobile/temporary accommodation,418,27,15,12,391,371,20
S01007749,All people in households,709,642,255,387,67,17,50
S01007749,Whole house or bungalow: Total,690,640,255,385,50,9,41
S01007749,Whole house or bungalow: Detached,211,196,97,99,15,0,15
S01007749,Whole house or bungalow: Semi-detached,464,438,156,282,26,0,26
S01007749,Whole house or bungalow: Terraced (including end-terrace),15,6,2,4,9,9,0
S01007749,Flat maisonette or apartment or mobile/temporary accommodation,19,2,0,2,17,8,9
S01007750,All people in households,794,718,376,342,76,14,62
S01007750,Whole house or bungalow: Total,722,676,347,329,46,1,45
S01007750,Whole house or bungalow: Detached,417,410,216,194,7,0,7
S01007750,Whole house or bungalow: Semi-detached,285,251,129,122,34,1,33
S01007750,Whole house or bungalow: Terraced (including end-terrace),20,15,2,13,5,0,5
S01007750,Flat maisonette or apartment or mobile/temporary accommodation,72,42,29,13,30,13,17
S01007751,All people in households,737,671,380,291,66,0,66
S01007751,Whole house or bungalow: Total,577,539,304,235,38,0,38
S01007751,Whole house or bungalow: Detached,393,384,228,156,9,0,9
S01007751,Whole house or bungalow: Semi-detached,166,141,70,71,25,0,25
S01007751,Whole house or bungalow: Terraced (including end-terrace),18,14,6,8,4,0,4
S01007751,Flat maisonette or apartment or mobile/temporary accommodation,160,132,76,56,28,0,28
S01007752,All people in households,689,565,293,272,124,61,63
S01007752,Whole house or bungalow: Total,432,388,191,197,44,7,37
S01007752,Whole house or bungalow: Detached,203,185,102,83,18,1,17
S01007752,Whole house or bungalow: Semi-detached,205,183,84,99,22,6,16
S01007752,Whole house or bungalow: Terraced (including end-terrace),24,20,5,15,4,0,4
S01007752,Flat maisonette or apartment or mobile/temporary accommodation,257,177,102,75,80,54,26
S01007753,All people in households,535,271,87,184,264,215,49
S01007753,Whole house or bungalow: Total,362,243,83,160,119,87,32
S01007753,Whole house or bungalow: Detached,6,4,0,4,2,2,0
S01007753,Whole house or bungalow: Semi-detached,149,90,41,49,59,43,16
S01007753,Whole house or bungalow: Terraced (including end-terrace),207,149,42,107,58,42,16
S01007753,Flat maisonette or apartment or mobile/temporary accommodation,173,28,4,24,145,128,17
S01007754,All people in households,884,422,158,264,462,421,41
S01007754,Whole house or bungalow: Total,722,415,151,264,307,272,35
S01007754,Whole house or bungalow: Detached,27,13,2,11,14,12,2
S01007754,Whole house or bungalow: Semi-detached,413,202,77,125,211,192,19
S01007754,Whole house or bungalow: Terraced (including end-terrace),282,200,72,128,82,68,14
S01007754,Flat maisonette or apartment or mobile/temporary accommodation,162,7,7,0,155,149,6
S01007755,All people in households,877,365,139,226,512,429,83
S01007755,Whole house or bungalow: Total,590,351,131,220,239,181,58
S01007755,Whole house or bungalow: Detached,20,6,3,3,14,14,0
S01007755,Whole house or bungalow: Semi-detached,295,170,65,105,125,89,36
S01007755,Whole house or bungalow: Terraced (including end-terrace),275,175,63,112,100,78,22
S01007755,Flat maisonette or apartment or mobile/temporary accommodation,287,14,8,6,273,248,25
S01007756,All people in households,629,306,112,194,323,259,64
S01007756,Whole house or bungalow: Total,464,292,106,186,172,121,51
S01007756,Whole house or bungalow: Detached,9,6,0,6,3,3,0
S01007756,Whole house or bungalow: Semi-detached,214,141,53,88,73,47,26
S01007756,Whole house or bungalow: Terraced (including end-terrace),241,145,53,92,96,71,25
S01007756,Flat maisonette or apartment or mobile/temporary accommodation,165,14,6,8,151,138,13
S01007757,All people in households,840,781,410,371,59,7,52
S01007757,Whole house or bungalow: Total,818,772,408,364,46,2,44
S01007757,Whole house or bungalow: Detached,380,356,181,175,24,0,24
S01007757,Whole house or bungalow: Semi-detached,422,408,223,185,14,2,12
S01007757,Whole house or bungalow: Terraced (including end-terrace),16,8,4,4,8,0,8
S01007757,Flat maisonette or apartment or mobile/temporary accommodation,22,9,2,7,13,5,8
S01007758,All people in households,899,758,440,318,141,17,124
S01007758,Whole house or bungalow: Total,622,579,316,263,43,3,40
S01007758,Whole house or bungalow: Detached,333,314,192,122,19,0,19
S01007758,Whole house or bungalow: Semi-detached,186,180,75,105,6,3,3
S01007758,Whole house or bungalow: Terraced (including end-terrace),103,85,49,36,18,0,18
S01007758,Flat maisonette or apartment or mobile/temporary accommodation,277,179,124,55,98,14,84
S01007759,All people in households,951,415,212,203,536,144,392
S01007759,Whole house or bungalow: Total,250,169,98,71,81,31,50
S01007759,Whole house or bungalow: Detached,84,64,46,18,20,4,16
S01007759,Whole house or bungalow: Semi-detached,92,59,33,26,33,18,15
S01007759,Whole house or bungalow: Terraced (including end-terrace),74,46,19,27,28,9,19
S01007759,Flat maisonette or apartment or mobile/temporary accommodation,701,246,114,132,455,113,342
S01007760,All people in households,588,545,295,250,43,3,40
S01007760,Whole house or bungalow: Total,472,452,242,210,20,2,18
S01007760,Whole house or bungalow: Detached,258,252,129,123,6,0,6
S01007760,Whole house or bungalow: Semi-detached,184,171,93,78,13,1,12
S01007760,Whole house or bungalow: Terraced (including end-terrace),30,29,20,9,1,1,0
S01007760,Flat maisonette or apartment or mobile/temporary accommodation,116,93,53,40,23,1,22
S01007761,All people in households,849,725,347,378,124,7,117
S01007761,Whole house or bungalow: Total,614,563,258,305,51,0,51
S01007761,Whole house or bungalow: Detached,215,200,93,107,15,0,15
S01007761,Whole house or bungalow: Semi-detached,278,254,114,140,24,0,24
S01007761,Whole house or bungalow: Terraced (including end-terrace),121,109,51,58,12,0,12
S01007761,Flat maisonette or apartment or mobile/temporary accommodation,235,162,89,73,73,7,66
S01007762,All people in households,761,441,233,208,320,31,289
S01007762,Whole house or bungalow: Total,241,190,92,98,51,7,44
S01007762,Whole house or bungalow: Detached,102,86,41,45,16,2,14
S01007762,Whole house or bungalow: Semi-detached,74,58,33,25,16,2,14
S01007762,Whole house or bungalow: Terraced (including end-terrace),65,46,18,28,19,3,16
S01007762,Flat maisonette or apartment or mobile/temporary accommodation,520,251,141,110,269,24,245
S01007763,All people in households,545,254,92,162,291,242,49
S01007763,Whole house or bungalow: Total,200,160,46,114,40,15,25
S01007763,Whole house or bungalow: Detached,42,36,9,27,6,0,6
S01007763,Whole house or bungalow: Semi-detached,87,74,16,58,13,3,10
S01007763,Whole house or bungalow: Terraced (including end-terrace),71,50,21,29,21,12,9
S01007763,Flat maisonette or apartment or mobile/temporary accommodation,345,94,46,48,251,227,24
S01007764,All people in households,756,711,302,409,45,7,38
S01007764,Whole house or bungalow: Total,727,696,296,400,31,5,26
S01007764,Whole house or bungalow: Detached,255,246,121,125,9,0,9
S01007764,Whole house or bungalow: Semi-detached,457,440,171,269,17,5,12
S01007764,Whole house or bungalow: Terraced (including end-terrace),15,10,4,6,5,0,5
S01007764,Flat maisonette or apartment or mobile/temporary accommodation,29,15,6,9,14,2,12
S01007765,All people in households,683,637,306,331,46,3,43
S01007765,Whole house or bungalow: Total,655,623,300,323,32,0,32
S01007765,Whole house or bungalow: Detached,283,264,149,115,19,0,19
S01007765,Whole house or bungalow: Semi-detached,352,340,146,194,12,0,12
S01007765,Whole house or bungalow: Terraced (including end-terrace),20,19,5,14,1,0,1
S01007765,Flat maisonette or apartment or mobile/temporary accommodation,28,14,6,8,14,3,11
S01007766,All people in households,914,862,377,485,52,11,41
S01007766,Whole house or bungalow: Total,901,861,377,484,40,7,33
S01007766,Whole house or bungalow: Detached,331,321,165,156,10,2,8
S01007766,Whole house or bungalow: Semi-detached,552,522,209,313,30,5,25
S01007766,Whole house or bungalow: Terraced (including end-terrace),18,18,3,15,0,0,0
S01007766,Flat maisonette or apartment or mobile/temporary accommodation,13,1,0,1,12,4,8
S01007767,All people in households,884,833,367,466,51,1,50
S01007767,Whole house or bungalow: Total,822,800,350,450,22,0,22
S01007767,Whole house or bungalow: Detached,342,333,158,175,9,0,9
S01007767,Whole house or bungalow: Semi-detached,447,434,181,253,13,0,13
S01007767,Whole house or bungalow: Terraced (including end-terrace),33,33,11,22,0,0,0
S01007767,Flat maisonette or apartment or mobile/temporary accommodation,62,33,17,16,29,1,28
S01007768,All people in households,649,439,205,234,210,67,143
S01007768,Whole house or bungalow: Total,302,260,129,131,42,15,27
S01007768,Whole house or bungalow: Detached,97,93,61,32,4,0,4
S01007768,Whole house or bungalow: Semi-detached,107,84,36,48,23,7,16
S01007768,Whole house or bungalow: Terraced (including end-terrace),98,83,32,51,15,8,7
S01007768,Flat maisonette or apartment or mobile/temporary accommodation,347,179,76,103,168,52,116
S01007769,All people in households,708,640,327,313,68,25,43
S01007769,Whole house or bungalow: Total,595,571,291,280,24,7,17
S01007769,Whole house or bungalow: Detached,350,343,195,148,7,0,7
S01007769,Whole house or bungalow: Semi-detached,209,202,91,111,7,2,5
S01007769,Whole house or bungalow: Terraced (including end-terrace),36,26,5,21,10,5,5
S01007769,Flat maisonette or apartment or mobile/temporary accommodation,113,69,36,33,44,18,26
S01007770,All people in households,738,640,317,323,98,10,88
S01007770,Whole house or bungalow: Total,645,590,305,285,55,8,47
S01007770,Whole house or bungalow: Detached,389,369,229,140,20,0,20
S01007770,Whole house or bungalow: Semi-detached,219,194,70,124,25,8,17
S01007770,Whole house or bungalow: Terraced (including end-terrace),37,27,6,21,10,0,10
S01007770,Flat maisonette or apartment or mobile/temporary accommodation,93,50,12,38,43,2,41
S01007771,All people in households,532,514,259,255,18,0,18
S01007771,Whole house or bungalow: Total,509,501,256,245,8,0,8
S01007771,Whole house or bungalow: Detached,294,288,164,124,6,0,6
S01007771,Whole house or bungalow: Semi-detached,201,201,89,112,0,0,0
S01007771,Whole house or bungalow: Terraced (including end-terrace),14,12,3,9,2,0,2
S01007771,Flat maisonette or apartment or mobile/temporary accommodation,23,13,3,10,10,0,10
S01007772,All people in households,964,527,226,301,437,255,182
S01007772,Whole house or bungalow: Total,578,374,164,210,204,121,83
S01007772,Whole house or bungalow: Detached,65,54,41,13,11,1,10
S01007772,Whole house or bungalow: Semi-detached,165,82,39,43,83,47,36
S01007772,Whole house or bungalow: Terraced (including end-terrace),348,238,84,154,110,73,37
S01007772,Flat maisonette or apartment or mobile/temporary accommodation,386,153,62,91,233,134,99
S01007773,All people in households,734,705,308,397,29,8,21
S01007773,Whole house or bungalow: Total,721,702,305,397,19,4,15
S01007773,Whole house or bungalow: Detached,332,332,137,195,0,0,0
S01007773,Whole house or bungalow: Semi-detached,373,358,163,195,15,0,15
S01007773,Whole house or bungalow: Terraced (including end-terrace),16,12,5,7,4,4,0
S01007773,Flat maisonette or apartment or mobile/temporary accommodation,13,3,3,0,10,4,6
S01007774,All people in households,954,882,97,785,72,13,59
S01007774,Whole house or bungalow: Total,939,882,97,785,57,5,52
S01007774,Whole house or bungalow: Detached,782,754,92,662,28,0,28
S01007774,Whole house or bungalow: Semi-detached,134,109,5,104,25,1,24
S01007774,Whole house or bungalow: Terraced (including end-terrace),23,19,0,19,4,4,0
S01007774,Flat maisonette or apartment or mobile/temporary accommodation,15,0,0,0,15,8,7
S01007775,All people in households,825,742,218,524,83,3,80
S01007775,Whole house or bungalow: Total,777,715,212,503,62,0,62
S01007775,Whole house or bungalow: Detached,451,429,138,291,22,0,22
S01007775,Whole house or bungalow: Semi-detached,270,243,66,177,27,0,27
S01007775,Whole house or bungalow: Terraced (including end-terrace),56,43,8,35,13,0,13
S01007775,Flat maisonette or apartment or mobile/temporary accommodation,48,27,6,21,21,3,18
S01007776,All people in households,727,646,183,463,81,2,79
S01007776,Whole house or bungalow: Total,619,593,157,436,26,2,24
S01007776,Whole house or bungalow: Detached,524,513,136,377,11,0,11
S01007776,Whole house or bungalow: Semi-detached,92,77,21,56,15,2,13
S01007776,Whole house or bungalow: Terraced (including end-terrace),3,3,0,3,0,0,0
S01007776,Flat maisonette or apartment or mobile/temporary accommodation,108,53,26,27,55,0,55
S01007777,All people in households,962,897,102,795,65,2,63
S01007777,Whole house or bungalow: Total,944,889,102,787,55,0,55
S01007777,Whole house or bungalow: Detached,751,715,90,625,36,0,36
S01007777,Whole house or bungalow: Semi-detached,126,113,9,104,13,0,13
S01007777,Whole house or bungalow: Terraced (including end-terrace),67,61,3,58,6,0,6
S01007777,Flat maisonette or apartment or mobile/temporary accommodation,18,8,0,8,10,2,8
S01007778,All people in households,446,428,69,359,18,4,14
S01007778,Whole house or bungalow: Total,435,424,67,357,11,4,7
S01007778,Whole house or bungalow: Detached,401,394,56,338,7,0,7
S01007778,Whole house or bungalow: Semi-detached,25,21,9,12,4,4,0
S01007778,Whole house or bungalow: Terraced (including end-terrace),9,9,2,7,0,0,0
S01007778,Flat maisonette or apartment or mobile/temporary accommodation,11,4,2,2,7,0,7
S01007779,All people in households,701,622,188,434,79,33,46
S01007779,Whole house or bungalow: Total,643,589,183,406,54,23,31
S01007779,Whole house or bungalow: Detached,168,162,56,106,6,1,5
S01007779,Whole house or bungalow: Semi-detached,409,373,111,262,36,15,21
S01007779,Whole house or bungalow: Terraced (including end-terrace),66,54,16,38,12,7,5
S01007779,Flat maisonette or apartment or mobile/temporary accommodation,58,33,5,28,25,10,15
S01007780,All people in households,795,711,157,554,84,21,63
S01007780,Whole house or bungalow: Total,754,690,154,536,64,15,49
S01007780,Whole house or bungalow: Detached,160,155,41,114,5,0,5
S01007780,Whole house or bungalow: Semi-detached,556,505,105,400,51,14,37
S01007780,Whole house or bungalow: Terraced (including end-terrace),38,30,8,22,8,1,7
S01007780,Flat maisonette or apartment or mobile/temporary accommodation,41,21,3,18,20,6,14
S01007781,All people in households,899,692,124,568,207,148,59
S01007781,Whole house or bungalow: Total,837,657,111,546,180,141,39
S01007781,Whole house or bungalow: Detached,100,90,17,73,10,6,4
S01007781,Whole house or bungalow: Semi-detached,647,488,90,398,159,133,26
S01007781,Whole house or bungalow: Terraced (including end-terrace),90,79,4,75,11,2,9
S01007781,Flat maisonette or apartment or mobile/temporary accommodation,62,35,13,22,27,7,20
S01007782,All people in households,499,194,61,133,305,155,150
S01007782,Whole house or bungalow: Total,194,64,27,37,130,126,4
S01007782,Whole house or bungalow: Detached,11,10,3,7,1,1,0
S01007782,Whole house or bungalow: Semi-detached,126,30,11,19,96,93,3
S01007782,Whole house or bungalow: Terraced (including end-terrace),57,24,13,11,33,32,1
S01007782,Flat maisonette or apartment or mobile/temporary accommodation,305,130,34,96,175,29,146
S01007783,All people in households,782,232,133,99,550,522,28
S01007783,Whole house or bungalow: Total,557,228,132,96,329,315,14
S01007783,Whole house or bungalow: Detached,28,11,8,3,17,13,4
S01007783,Whole house or bungalow: Semi-detached,291,87,46,41,204,197,7
S01007783,Whole house or bungalow: Terraced (including end-terrace),238,130,78,52,108,105,3
S01007783,Flat maisonette or apartment or mobile/temporary accommodation,225,4,1,3,221,207,14
S01007784,All people in households,711,452,49,403,259,193,66
S01007784,Whole house or bungalow: Total,602,400,37,363,202,171,31
S01007784,Whole house or bungalow: Detached,74,60,3,57,14,14,0
S01007784,Whole house or bungalow: Semi-detached,387,236,22,214,151,130,21
S01007784,Whole house or bungalow: Terraced (including end-terrace),141,104,12,92,37,27,10
S01007784,Flat maisonette or apartment or mobile/temporary accommodation,109,52,12,40,57,22,35
S01007785,All people in households,603,119,29,90,484,455,29
S01007785,Whole house or bungalow: Total,280,98,26,72,182,175,7
S01007785,Whole house or bungalow: Detached,22,11,2,9,11,11,0
S01007785,Whole house or bungalow: Semi-detached,188,56,19,37,132,130,2
S01007785,Whole house or bungalow: Terraced (including end-terrace),70,31,5,26,39,34,5
S01007785,Flat maisonette or apartment or mobile/temporary accommodation,323,21,3,18,302,280,22
S01007786,All people in households,763,469,225,244,294,200,94
S01007786,Whole house or bungalow: Total,738,454,215,239,284,192,92
S01007786,Whole house or bungalow: Detached,17,14,6,8,3,1,2
S01007786,Whole house or bungalow: Semi-detached,458,248,112,136,210,145,65
S01007786,Whole house or bungalow: Terraced (including end-terrace),263,192,97,95,71,46,25
S01007786,Flat maisonette or apartment or mobile/temporary accommodation,25,15,10,5,10,8,2
S01007787,All people in households,676,366,132,234,310,214,96
S01007787,Whole house or bungalow: Total,573,353,125,228,220,137,83
S01007787,Whole house or bungalow: Detached,6,6,0,6,0,0,0
S01007787,Whole house or bungalow: Semi-detached,377,213,80,133,164,102,62
S01007787,Whole house or bungalow: Terraced (including end-terrace),190,134,45,89,56,35,21
S01007787,Flat maisonette or apartment or mobile/temporary accommodation,103,13,7,6,90,77,13
S01007788,All people in households,708,27,4,23,681,673,8
S01007788,Whole house or bungalow: Total,383,23,3,20,360,356,4
S01007788,Whole house or bungalow: Detached,30,8,1,7,22,22,0
S01007788,Whole house or bungalow: Semi-detached,262,13,0,13,249,245,4
S01007788,Whole house or bungalow: Terraced (including end-terrace),91,2,2,0,89,89,0
S01007788,Flat maisonette or apartment or mobile/temporary accommodation,325,4,1,3,321,317,4
S01007789,All people in households,624,80,3,77,544,529,15
S01007789,Whole house or bungalow: Total,576,75,3,72,501,489,12
S01007789,Whole house or bungalow: Detached,39,2,0,2,37,37,0
S01007789,Whole house or bungalow: Semi-detached,357,41,2,39,316,311,5
S01007789,Whole house or bungalow: Terraced (including end-terrace),180,32,1,31,148,141,7
S01007789,Flat maisonette or apartment or mobile/temporary accommodation,48,5,0,5,43,40,3
S01007790,All people in households,895,93,23,70,802,774,28
S01007790,Whole house or bungalow: Total,404,63,14,49,341,326,15
S01007790,Whole house or bungalow: Detached,16,15,3,12,1,1,0
S01007790,Whole house or bungalow: Semi-detached,310,24,4,20,286,282,4
S01007790,Whole house or bungalow: Terraced (including end-terrace),78,24,7,17,54,43,11
S01007790,Flat maisonette or apartment or mobile/temporary accommodation,491,30,9,21,461,448,13
S01007791,All people in households,468,420,57,363,48,13,35
S01007791,Whole house or bungalow: Total,457,420,57,363,37,12,25
S01007791,Whole house or bungalow: Detached,116,105,27,78,11,0,11
S01007791,Whole house or bungalow: Semi-detached,330,307,23,284,23,9,14
S01007791,Whole house or bungalow: Terraced (including end-terrace),11,8,7,1,3,3,0
S01007791,Flat maisonette or apartment or mobile/temporary accommodation,11,0,0,0,11,1,10
S01007792,All people in households,879,595,229,366,284,231,53
S01007792,Whole house or bungalow: Total,862,593,227,366,269,219,50
S01007792,Whole house or bungalow: Detached,26,19,5,14,7,1,6
S01007792,Whole house or bungalow: Semi-detached,478,294,137,157,184,159,25
S01007792,Whole house or bungalow: Terraced (including end-terrace),358,280,85,195,78,59,19
S01007792,Flat maisonette or apartment or mobile/temporary accommodation,17,2,2,0,15,12,3
S01007793,All people in households,959,291,110,181,668,583,85
S01007793,Whole house or bungalow: Total,352,231,96,135,121,72,49
S01007793,Whole house or bungalow: Detached,26,17,1,16,9,2,7
S01007793,Whole house or bungalow: Semi-detached,200,122,62,60,78,54,24
S01007793,Whole house or bungalow: Terraced (including end-terrace),126,92,33,59,34,16,18
S01007793,Flat maisonette or apartment or mobile/temporary accommodation,607,60,14,46,547,511,36
S01007794,All people in households,567,399,150,249,168,126,42
S01007794,Whole house or bungalow: Total,411,288,104,184,123,86,37
S01007794,Whole house or bungalow: Detached,12,5,1,4,7,1,6
S01007794,Whole house or bungalow: Semi-detached,231,153,43,110,78,50,28
S01007794,Whole house or bungalow: Terraced (including end-terrace),168,130,60,70,38,35,3
S01007794,Flat maisonette or apartment or mobile/temporary accommodation,156,111,46,65,45,40,5
S01007795,All people in households,606,366,149,217,240,153,87
S01007795,Whole house or bungalow: Total,268,171,62,109,97,52,45
S01007795,Whole house or bungalow: Detached,30,16,4,12,14,0,14
S01007795,Whole house or bungalow: Semi-detached,153,101,41,60,52,41,11
S01007795,Whole house or bungalow: Terraced (including end-terrace),85,54,17,37,31,11,20
S01007795,Flat maisonette or apartment or mobile/temporary accommodation,338,195,87,108,143,101,42
S01007796,All people in households,724,394,90,304,330,244,86
S01007796,Whole house or bungalow: Total,479,341,75,266,138,88,50
S01007796,Whole house or bungalow: Detached,81,76,9,67,5,1,4
S01007796,Whole house or bungalow: Semi-detached,230,142,24,118,88,53,35
S01007796,Whole house or bungalow: Terraced (including end-terrace),168,123,42,81,45,34,11
S01007796,Flat maisonette or apartment or mobile/temporary accommodation,245,53,15,38,192,156,36
S01007797,All people in households,522,223,76,147,299,260,39
S01007797,Whole house or bungalow: Total,282,196,63,133,86,62,24
S01007797,Whole house or bungalow: Detached,13,9,3,6,4,4,0
S01007797,Whole house or bungalow: Semi-detached,110,68,27,41,42,33,9
S01007797,Whole house or bungalow: Terraced (including end-terrace),159,119,33,86,40,25,15
S01007797,Flat maisonette or apartment or mobile/temporary accommodation,240,27,13,14,213,198,15
S01007798,All people in households,665,539,97,442,126,20,106
S01007798,Whole house or bungalow: Total,635,531,97,434,104,14,90
S01007798,Whole house or bungalow: Detached,275,223,30,193,52,0,52
S01007798,Whole house or bungalow: Semi-detached,176,143,25,118,33,11,22
S01007798,Whole house or bungalow: Terraced (including end-terrace),184,165,42,123,19,3,16
S01007798,Flat maisonette or apartment or mobile/temporary accommodation,30,8,0,8,22,6,16
S01007799,All people in households,622,564,57,507,58,28,30
S01007799,Whole house or bungalow: Total,566,530,52,478,36,21,15
S01007799,Whole house or bungalow: Detached,416,409,42,367,7,0,7
S01007799,Whole house or bungalow: Semi-detached,132,105,8,97,27,21,6
S01007799,Whole house or bungalow: Terraced (including end-terrace),18,16,2,14,2,0,2
S01007799,Flat maisonette or apartment or mobile/temporary accommodation,56,34,5,29,22,7,15
S01007800,All people in households,913,353,122,231,560,471,89
S01007800,Whole house or bungalow: Total,791,335,114,221,456,374,82
S01007800,Whole house or bungalow: Detached,30,10,2,8,20,12,8
S01007800,Whole house or bungalow: Semi-detached,692,280,101,179,412,347,65
S01007800,Whole house or bungalow: Terraced (including end-terrace),69,45,11,34,24,15,9
S01007800,Flat maisonette or apartment or mobile/temporary accommodation,122,18,8,10,104,97,7
S01007801,All people in households,833,227,90,137,606,530,76
S01007801,Whole house or bungalow: Total,547,218,86,132,329,275,54
S01007801,Whole house or bungalow: Detached,37,10,5,5,27,13,14
S01007801,Whole house or bungalow: Semi-detached,463,186,78,108,277,242,35
S01007801,Whole house or bungalow: Terraced (including end-terrace),47,22,3,19,25,20,5
S01007801,Flat maisonette or apartment or mobile/temporary accommodation,286,9,4,5,277,255,22
S01007802,All people in households,547,480,52,428,67,22,45
S01007802,Whole house or bungalow: Total,536,478,50,428,58,14,44
S01007802,Whole house or bungalow: Detached,10,10,9,1,0,0,0
S01007802,Whole house or bungalow: Semi-detached,449,398,37,361,51,13,38
S01007802,Whole house or bungalow: Terraced (including end-terrace),77,70,4,66,7,1,6
S01007802,Flat maisonette or apartment or mobile/temporary accommodation,11,2,2,0,9,8,1
S01007803,All people in households,1087,227,90,137,860,803,57
S01007803,Whole house or bungalow: Total,736,202,85,117,534,508,26
S01007803,Whole house or bungalow: Detached,57,25,9,16,32,30,2
S01007803,Whole house or bungalow: Semi-detached,433,70,27,43,363,351,12
S01007803,Whole house or bungalow: Terraced (including end-terrace),246,107,49,58,139,127,12
S01007803,Flat maisonette or apartment or mobile/temporary accommodation,351,25,5,20,326,295,31
S01007804,All people in households,627,123,29,94,504,457,47
S01007804,Whole house or bungalow: Total,523,113,23,90,410,370,40
S01007804,Whole house or bungalow: Detached,19,0,0,0,19,19,0
S01007804,Whole house or bungalow: Semi-detached,407,66,15,51,341,311,30
S01007804,Whole house or bungalow: Terraced (including end-terrace),97,47,8,39,50,40,10
S01007804,Flat maisonette or apartment or mobile/temporary accommodation,104,10,6,4,94,87,7
S01007805,All people in households,520,192,45,147,328,262,66
S01007805,Whole house or bungalow: Total,495,191,44,147,304,238,66
S01007805,Whole house or bungalow: Detached,32,12,0,12,20,20,0
S01007805,Whole house or bungalow: Semi-detached,360,128,28,100,232,184,48
S01007805,Whole house or bungalow: Terraced (including end-terrace),103,51,16,35,52,34,18
S01007805,Flat maisonette or apartment or mobile/temporary accommodation,25,1,1,0,24,24,0
S01007806,All people in households,634,360,130,230,274,239,35
S01007806,Whole house or bungalow: Total,479,326,125,201,153,134,19
S01007806,Whole house or bungalow: Detached,6,6,0,6,0,0,0
S01007806,Whole house or bungalow: Semi-detached,290,187,68,119,103,90,13
S01007806,Whole house or bungalow: Terraced (including end-terrace),183,133,57,76,50,44,6
S01007806,Flat maisonette or apartment or mobile/temporary accommodation,155,34,5,29,121,105,16
S01007807,All people in households,707,621,143,478,86,48,38
S01007807,Whole house or bungalow: Total,663,594,139,455,69,32,37
S01007807,Whole house or bungalow: Detached,192,170,53,117,22,2,20
S01007807,Whole house or bungalow: Semi-detached,328,294,55,239,34,22,12
S01007807,Whole house or bungalow: Terraced (including end-terrace),143,130,31,99,13,8,5
S01007807,Flat maisonette or apartment or mobile/temporary accommodation,44,27,4,23,17,16,1
S01007808,All people in households,848,523,89,434,325,247,78
S01007808,Whole house or bungalow: Total,809,503,88,415,306,241,65
S01007808,Whole house or bungalow: Detached,90,73,9,64,17,5,12
S01007808,Whole house or bungalow: Semi-detached,504,289,41,248,215,174,41
S01007808,Whole house or bungalow: Terraced (including end-terrace),215,141,38,103,74,62,12
S01007808,Flat maisonette or apartment or mobile/temporary accommodation,39,20,1,19,19,6,13
S01007809,All people in households,919,857,368,489,62,24,38
S01007809,Whole house or bungalow: Total,893,846,363,483,47,16,31
S01007809,Whole house or bungalow: Detached,89,84,46,38,5,0,5
S01007809,Whole house or bungalow: Semi-detached,684,661,281,380,23,5,18
S01007809,Whole house or bungalow: Terraced (including end-terrace),120,101,36,65,19,11,8
S01007809,Flat maisonette or apartment or mobile/temporary accommodation,26,11,5,6,15,8,7
S01007810,All people in households,883,422,124,298,461,405,56
S01007810,Whole house or bungalow: Total,774,398,110,288,376,331,45
S01007810,Whole house or bungalow: Detached,35,20,2,18,15,14,1
S01007810,Whole house or bungalow: Semi-detached,477,232,65,167,245,211,34
S01007810,Whole house or bungalow: Terraced (including end-terrace),262,146,43,103,116,106,10
S01007810,Flat maisonette or apartment or mobile/temporary accommodation,109,24,14,10,85,74,11
S01007811,All people in households,871,475,130,345,396,368,28
S01007811,Whole house or bungalow: Total,861,470,129,341,391,363,28
S01007811,Whole house or bungalow: Detached,37,22,11,11,15,15,0
S01007811,Whole house or bungalow: Semi-detached,517,224,51,173,293,272,21
S01007811,Whole house or bungalow: Terraced (including end-terrace),307,224,67,157,83,76,7
S01007811,Flat maisonette or apartment or mobile/temporary accommodation,10,5,1,4,5,5,0
S01007812,All people in households,850,223,46,177,627,576,51
S01007812,Whole house or bungalow: Total,835,219,46,173,616,567,49
S01007812,Whole house or bungalow: Detached,30,9,0,9,21,21,0
S01007812,Whole house or bungalow: Semi-detached,632,164,30,134,468,427,41
S01007812,Whole house or bungalow: Terraced (including end-terrace),173,46,16,30,127,119,8
S01007812,Flat maisonette or apartment or mobile/temporary accommodation,15,4,0,4,11,9,2
S01007813,All people in households,799,319,108,211,480,409,71
S01007813,Whole house or bungalow: Total,702,304,103,201,398,337,61
S01007813,Whole house or bungalow: Detached,57,18,5,13,39,20,19
S01007813,Whole house or bungalow: Semi-detached,450,169,49,120,281,247,34
S01007813,Whole house or bungalow: Terraced (including end-terrace),195,117,49,68,78,70,8
S01007813,Flat maisonette or apartment or mobile/temporary accommodation,97,15,5,10,82,72,10
S01007814,All people in households,565,409,148,261,156,108,48
S01007814,Whole house or bungalow: Total,494,356,130,226,138,107,31
S01007814,Whole house or bungalow: Detached,34,33,2,31,1,1,0
S01007814,Whole house or bungalow: Semi-detached,319,216,78,138,103,80,23
S01007814,Whole house or bungalow: Terraced (including end-terrace),141,107,50,57,34,26,8
S01007814,Flat maisonette or apartment or mobile/temporary accommodation,71,53,18,35,18,1,17
S01007815,All people in households,856,784,291,493,72,30,42
S01007815,Whole house or bungalow: Total,851,784,291,493,67,27,40
S01007815,Whole house or bungalow: Detached,286,263,114,149,23,6,17
S01007815,Whole house or bungalow: Semi-detached,494,462,165,297,32,9,23
S01007815,Whole house or bungalow: Terraced (including end-terrace),71,59,12,47,12,12,0
S01007815,Flat maisonette or apartment or mobile/temporary accommodation,5,0,0,0,5,3,2
S01007816,All people in households,669,580,209,371,89,29,60
S01007816,Whole house or bungalow: Total,654,578,209,369,76,19,57
S01007816,Whole house or bungalow: Detached,107,95,51,44,12,4,8
S01007816,Whole house or bungalow: Semi-detached,327,290,125,165,37,15,22
S01007816,Whole house or bungalow: Terraced (including end-terrace),220,193,33,160,27,0,27
S01007816,Flat maisonette or apartment or mobile/temporary accommodation,15,2,0,2,13,10,3
S01007817,All people in households,449,351,198,153,98,64,34
S01007817,Whole house or bungalow: Total,445,348,195,153,97,64,33
S01007817,Whole house or bungalow: Detached,21,21,2,19,0,0,0
S01007817,Whole house or bungalow: Semi-detached,271,202,117,85,69,45,24
S01007817,Whole house or bungalow: Terraced (including end-terrace),153,125,76,49,28,19,9
S01007817,Flat maisonette or apartment or mobile/temporary accommodation,4,3,3,0,1,0,1
S01007818,All people in households,753,607,189,418,146,75,71
S01007818,Whole house or bungalow: Total,661,573,179,394,88,28,60
S01007818,Whole house or bungalow: Detached,158,141,46,95,17,0,17
S01007818,Whole house or bungalow: Semi-detached,289,241,80,161,48,20,28
S01007818,Whole house or bungalow: Terraced (including end-terrace),214,191,53,138,23,8,15
S01007818,Flat maisonette or apartment or mobile/temporary accommodation,92,34,10,24,58,47,11
S01007819,All people in households,803,676,263,413,127,75,52
S01007819,Whole house or bungalow: Total,758,654,260,394,104,62,42
S01007819,Whole house or bungalow: Detached,88,77,32,45,11,6,5
S01007819,Whole house or bungalow: Semi-detached,473,400,155,245,73,50,23
S01007819,Whole house or bungalow: Terraced (including end-terrace),197,177,73,104,20,6,14
S01007819,Flat maisonette or apartment or mobile/temporary accommodation,45,22,3,19,23,13,10
S01007820,All people in households,954,675,257,418,279,217,62
S01007820,Whole house or bungalow: Total,830,635,242,393,195,170,25
S01007820,Whole house or bungalow: Detached,105,104,33,71,1,1,0
S01007820,Whole house or bungalow: Semi-detached,613,441,168,273,172,152,20
S01007820,Whole house or bungalow: Terraced (including end-terrace),112,90,41,49,22,17,5
S01007820,Flat maisonette or apartment or mobile/temporary accommodation,124,40,15,25,84,47,37
S01007821,All people in households,552,428,183,245,124,76,48
S01007821,Whole house or bungalow: Total,369,306,137,169,63,36,27
S01007821,Whole house or bungalow: Detached,78,65,30,35,13,8,5
S01007821,Whole house or bungalow: Semi-detached,219,173,83,90,46,28,18
S01007821,Whole house or bungalow: Terraced (including end-terrace),72,68,24,44,4,0,4
S01007821,Flat maisonette or apartment or mobile/temporary accommodation,183,122,46,76,61,40,21
S01007822,All people in households,734,584,223,361,150,111,39
S01007822,Whole house or bungalow: Total,649,521,205,316,128,103,25
S01007822,Whole house or bungalow: Detached,109,101,43,58,8,3,5
S01007822,Whole house or bungalow: Semi-detached,465,376,142,234,89,73,16
S01007822,Whole house or bungalow: Terraced (including end-terrace),75,44,20,24,31,27,4
S01007822,Flat maisonette or apartment or mobile/temporary accommodation,85,63,18,45,22,8,14
S01007823,All people in households,696,630,274,356,66,20,46
S01007823,Whole house or bungalow: Total,558,529,244,285,29,13,16
S01007823,Whole house or bungalow: Detached,86,86,47,39,0,0,0
S01007823,Whole house or bungalow: Semi-detached,359,331,153,178,28,13,15
S01007823,Whole house or bungalow: Terraced (including end-terrace),113,112,44,68,1,0,1
S01007823,Flat maisonette or apartment or mobile/temporary accommodation,138,101,30,71,37,7,30
S01007824,All people in households,727,630,279,351,97,16,81
S01007824,Whole house or bungalow: Total,609,585,268,317,24,0,24
S01007824,Whole house or bungalow: Detached,222,211,102,109,11,0,11
S01007824,Whole house or bungalow: Semi-detached,196,188,88,100,8,0,8
S01007824,Whole house or bungalow: Terraced (including end-terrace),191,186,78,108,5,0,5
S01007824,Flat maisonette or apartment or mobile/temporary accommodation,118,45,11,34,73,16,57
S01007825,All people in households,1013,845,347,498,168,90,78
S01007825,Whole house or bungalow: Total,644,617,253,364,27,12,15
S01007825,Whole house or bungalow: Detached,167,164,69,95,3,0,3
S01007825,Whole house or bungalow: Semi-detached,406,389,159,230,17,7,10
S01007825,Whole house or bungalow: Terraced (including end-terrace),71,64,25,39,7,5,2
S01007825,Flat maisonette or apartment or mobile/temporary accommodation,369,228,94,134,141,78,63
S01007826,All people in households,573,167,62,105,406,370,36
S01007826,Whole house or bungalow: Total,365,92,36,56,273,255,18
S01007826,Whole house or bungalow: Detached,22,3,1,2,19,19,0
S01007826,Whole house or bungalow: Semi-detached,275,52,16,36,223,209,14
S01007826,Whole house or bungalow: Terraced (including end-terrace),68,37,19,18,31,27,4
S01007826,Flat maisonette or apartment or mobile/temporary accommodation,208,75,26,49,133,115,18
S01007827,All people in households,583,371,69,302,212,83,129
S01007827,Whole house or bungalow: Total,317,245,52,193,72,47,25
S01007827,Whole house or bungalow: Detached,42,28,9,19,14,5,9
S01007827,Whole house or bungalow: Semi-detached,194,148,32,116,46,33,13
S01007827,Whole house or bungalow: Terraced (including end-terrace),81,69,11,58,12,9,3
S01007827,Flat maisonette or apartment or mobile/temporary accommodation,266,126,17,109,140,36,104
S01007828,All people in households,924,431,142,289,493,317,176
S01007828,Whole house or bungalow: Total,179,146,36,110,33,9,24
S01007828,Whole house or bungalow: Detached,20,19,15,4,1,1,0
S01007828,Whole house or bungalow: Semi-detached,49,35,11,24,14,2,12
S01007828,Whole house or bungalow: Terraced (including end-terrace),110,92,10,82,18,6,12
S01007828,Flat maisonette or apartment or mobile/temporary accommodation,745,285,106,179,460,308,152
S01007829,All people in households,579,311,160,151,268,204,64
S01007829,Whole house or bungalow: Total,171,138,72,66,33,26,7
S01007829,Whole house or bungalow: Detached,80,75,51,24,5,5,0
S01007829,Whole house or bungalow: Semi-detached,61,52,19,33,9,2,7
S01007829,Whole house or bungalow: Terraced (including end-terrace),30,11,2,9,19,19,0
S01007829,Flat maisonette or apartment or mobile/temporary accommodation,408,173,88,85,235,178,57
S01007830,All people in households,928,438,198,240,490,334,156
S01007830,Whole house or bungalow: Total,252,163,73,90,89,68,21
S01007830,Whole house or bungalow: Detached,28,10,0,10,18,12,6
S01007830,Whole house or bungalow: Semi-detached,83,47,23,24,36,25,11
S01007830,Whole house or bungalow: Terraced (including end-terrace),141,106,50,56,35,31,4
S01007830,Flat maisonette or apartment or mobile/temporary accommodation,676,275,125,150,401,266,135
S01007831,All people in households,883,289,112,177,594,431,163
S01007831,Whole house or bungalow: Total,267,112,35,77,155,142,13
S01007831,Whole house or bungalow: Detached,44,19,11,8,25,24,1
S01007831,Whole house or bungalow: Semi-detached,146,64,17,47,82,79,3
S01007831,Whole house or bungalow: Terraced (including end-terrace),77,29,7,22,48,39,9
S01007831,Flat maisonette or apartment or mobile/temporary accommodation,616,177,77,100,439,289,150
S01007832,All people in households,629,310,163,147,319,214,105
S01007832,Whole house or bungalow: Total,154,122,48,74,32,17,15
S01007832,Whole house or bungalow: Detached,36,35,13,22,1,1,0
S01007832,Whole house or bungalow: Semi-detached,87,72,27,45,15,5,10
S01007832,Whole house or bungalow: Terraced (including end-terrace),31,15,8,7,16,11,5
S01007832,Flat maisonette or apartment or mobile/temporary accommodation,475,188,115,73,287,197,90
S01007833,All people in households,792,443,295,148,349,254,95
S01007833,Whole house or bungalow: Total,316,245,140,105,71,28,43
S01007833,Whole house or bungalow: Detached,109,97,55,42,12,5,7
S01007833,Whole house or bungalow: Semi-detached,151,111,66,45,40,13,27
S01007833,Whole house or bungalow: Terraced (including end-terrace),56,37,19,18,19,10,9
S01007833,Flat maisonette or apartment or mobile/temporary accommodation,476,198,155,43,278,226,52
S01007834,All people in households,742,307,113,194,435,243,192
S01007834,Whole house or bungalow: Total,97,61,17,44,36,16,20
S01007834,Whole house or bungalow: Detached,1,1,1,0,0,0,0
S01007834,Whole house or bungalow: Semi-detached,75,51,14,37,24,14,10
S01007834,Whole house or bungalow: Terraced (including end-terrace),21,9,2,7,12,2,10
S01007834,Flat maisonette or apartment or mobile/temporary accommodation,645,246,96,150,399,227,172
S01007835,All people in households,695,482,164,318,213,110,103
S01007835,Whole house or bungalow: Total,389,325,112,213,64,26,38
S01007835,Whole house or bungalow: Detached,97,86,25,61,11,0,11
S01007835,Whole house or bungalow: Semi-detached,222,188,57,131,34,19,15
S01007835,Whole house or bungalow: Terraced (including end-terrace),70,51,30,21,19,7,12
S01007835,Flat maisonette or apartment or mobile/temporary accommodation,306,157,52,105,149,84,65
S01007836,All people in households,522,409,172,237,113,64,49
S01007836,Whole house or bungalow: Total,365,313,134,179,52,32,20
S01007836,Whole house or bungalow: Detached,95,82,41,41,13,7,6
S01007836,Whole house or bungalow: Semi-detached,207,181,73,108,26,17,9
S01007836,Whole house or bungalow: Terraced (including end-terrace),63,50,20,30,13,8,5
S01007836,Flat maisonette or apartment or mobile/temporary accommodation,157,96,38,58,61,32,29
S01007837,All people in households,778,743,360,383,35,11,24
S01007837,Whole house or bungalow: Total,751,728,351,377,23,7,16
S01007837,Whole house or bungalow: Detached,180,174,88,86,6,0,6
S01007837,Whole house or bungalow: Semi-detached,555,542,263,279,13,5,8
S01007837,Whole house or bungalow: Terraced (including end-terrace),16,12,0,12,4,2,2
S01007837,Flat maisonette or apartment or mobile/temporary accommodation,27,15,9,6,12,4,8
S01007838,All people in households,845,744,346,398,101,38,63
S01007838,Whole house or bungalow: Total,733,677,316,361,56,21,35
S01007838,Whole house or bungalow: Detached,149,137,69,68,12,2,10
S01007838,Whole house or bungalow: Semi-detached,547,504,232,272,43,19,24
S01007838,Whole house or bungalow: Terraced (including end-terrace),37,36,15,21,1,0,1
S01007838,Flat maisonette or apartment or mobile/temporary accommodation,112,67,30,37,45,17,28
S01007839,All people in households,528,295,146,149,233,161,72
S01007839,Whole house or bungalow: Total,370,257,126,131,113,61,52
S01007839,Whole house or bungalow: Detached,103,76,37,39,27,4,23
S01007839,Whole house or bungalow: Semi-detached,132,97,41,56,35,24,11
S01007839,Whole house or bungalow: Terraced (including end-terrace),135,84,48,36,51,33,18
S01007839,Flat maisonette or apartment or mobile/temporary accommodation,158,38,20,18,120,100,20
S01007840,All people in households,762,410,145,265,352,214,138
S01007840,Whole house or bungalow: Total,252,197,67,130,55,33,22
S01007840,Whole house or bungalow: Detached,7,7,0,7,0,0,0
S01007840,Whole house or bungalow: Semi-detached,100,81,21,60,19,13,6
S01007840,Whole house or bungalow: Terraced (including end-terrace),145,109,46,63,36,20,16
S01007840,Flat maisonette or apartment or mobile/temporary accommodation,510,213,78,135,297,181,116
S01007841,All people in households,711,338,126,212,373,293,80
S01007841,Whole house or bungalow: Total,322,233,96,137,89,63,26
S01007841,Whole house or bungalow: Detached,3,0,0,0,3,1,2
S01007841,Whole house or bungalow: Semi-detached,153,113,51,62,40,35,5
S01007841,Whole house or bungalow: Terraced (including end-terrace),166,120,45,75,46,27,19
S01007841,Flat maisonette or apartment or mobile/temporary accommodation,389,105,30,75,284,230,54
S01007842,All people in households,770,226,79,147,544,435,109
S01007842,Whole house or bungalow: Total,265,146,56,90,119,80,39
S01007842,Whole house or bungalow: Detached,8,3,1,2,5,1,4
S01007842,Whole house or bungalow: Semi-detached,137,59,34,25,78,62,16
S01007842,Whole house or bungalow: Terraced (including end-terrace),120,84,21,63,36,17,19
S01007842,Flat maisonette or apartment or mobile/temporary accommodation,505,80,23,57,425,355,70
S01007843,All people in households,705,281,92,189,424,270,154
S01007843,Whole house or bungalow: Total,234,159,54,105,75,45,30
S01007843,Whole house or bungalow: Detached,14,4,3,1,10,9,1
S01007843,Whole house or bungalow: Semi-detached,106,65,22,43,41,30,11
S01007843,Whole house or bungalow: Terraced (including end-terrace),114,90,29,61,24,6,18
S01007843,Flat maisonette or apartment or mobile/temporary accommodation,471,122,38,84,349,225,124
S01007844,All people in households,935,408,129,279,527,362,165
S01007844,Whole house or bungalow: Total,335,236,83,153,99,45,54
S01007844,Whole house or bungalow: Detached,25,24,5,19,1,1,0
S01007844,Whole house or bungalow: Semi-detached,126,68,28,40,58,25,33
S01007844,Whole house or bungalow: Terraced (including end-terrace),184,144,50,94,40,19,21
S01007844,Flat maisonette or apartment or mobile/temporary accommodation,600,172,46,126,428,317,111
S01007845,All people in households,903,347,129,218,556,489,67
S01007845,Whole house or bungalow: Total,482,303,114,189,179,138,41
S01007845,Whole house or bungalow: Detached,25,22,9,13,3,3,0
S01007845,Whole house or bungalow: Semi-detached,328,185,66,119,143,112,31
S01007845,Whole house or bungalow: Terraced (including end-terrace),129,96,39,57,33,23,10
S01007845,Flat maisonette or apartment or mobile/temporary accommodation,421,44,15,29,377,351,26
S01007846,All people in households,744,433,144,289,311,231,80
S01007846,Whole house or bungalow: Total,595,415,142,273,180,114,66
S01007846,Whole house or bungalow: Detached,33,33,21,12,0,0,0
S01007846,Whole house or bungalow: Semi-detached,387,258,77,181,129,92,37
S01007846,Whole house or bungalow: Terraced (including end-terrace),175,124,44,80,51,22,29
S01007846,Flat maisonette or apartment or mobile/temporary accommodation,149,18,2,16,131,117,14
S01007847,All people in households,917,379,140,239,538,434,104
S01007847,Whole house or bungalow: Total,516,330,126,204,186,102,84
S01007847,Whole house or bungalow: Detached,12,8,4,4,4,4,0
S01007847,Whole house or bungalow: Semi-detached,303,176,70,106,127,70,57
S01007847,Whole house or bungalow: Terraced (including end-terrace),201,146,52,94,55,28,27
S01007847,Flat maisonette or apartment or mobile/temporary accommodation,401,49,14,35,352,332,20
S01007848,All people in households,819,219,71,148,600,516,84
S01007848,Whole house or bungalow: Total,293,164,62,102,129,98,31
S01007848,Whole house or bungalow: Detached,13,11,6,5,2,0,2
S01007848,Whole house or bungalow: Semi-detached,151,86,25,61,65,50,15
S01007848,Whole house or bungalow: Terraced (including end-terrace),129,67,31,36,62,48,14
S01007848,Flat maisonette or apartment or mobile/temporary accommodation,526,55,9,46,471,418,53
S01007849,All people in households,934,447,149,298,487,413,74
S01007849,Whole house or bungalow: Total,425,278,108,170,147,129,18
S01007849,Whole house or bungalow: Detached,42,25,2,23,17,15,2
S01007849,Whole house or bungalow: Semi-detached,240,141,48,93,99,91,8
S01007849,Whole house or bungalow: Terraced (including end-terrace),143,112,58,54,31,23,8
S01007849,Flat maisonette or apartment or mobile/temporary accommodation,509,169,41,128,340,284,56
S01007850,All people in households,754,398,245,153,356,304,52
S01007850,Whole house or bungalow: Total,729,393,243,150,336,295,41
S01007850,Whole house or bungalow: Detached,24,14,4,10,10,7,3
S01007850,Whole house or bungalow: Semi-detached,530,274,180,94,256,227,29
S01007850,Whole house or bungalow: Terraced (including end-terrace),175,105,59,46,70,61,9
S01007850,Flat maisonette or apartment or mobile/temporary accommodation,25,5,2,3,20,9,11
S01007851,All people in households,939,651,282,369,288,242,46
S01007851,Whole house or bungalow: Total,719,600,249,351,119,88,31
S01007851,Whole house or bungalow: Detached,133,126,58,68,7,5,2
S01007851,Whole house or bungalow: Semi-detached,449,351,156,195,98,69,29
S01007851,Whole house or bungalow: Terraced (including end-terrace),137,123,35,88,14,14,0
S01007851,Flat maisonette or apartment or mobile/temporary accommodation,220,51,33,18,169,154,15
S01007852,All people in households,667,262,84,178,405,345,60
S01007852,Whole house or bungalow: Total,225,184,75,109,41,25,16
S01007852,Whole house or bungalow: Detached,4,4,4,0,0,0,0
S01007852,Whole house or bungalow: Semi-detached,116,103,38,65,13,10,3
S01007852,Whole house or bungalow: Terraced (including end-terrace),105,77,33,44,28,15,13
S01007852,Flat maisonette or apartment or mobile/temporary accommodation,442,78,9,69,364,320,44
S01007853,All people in households,660,142,60,82,518,423,95
S01007853,Whole house or bungalow: Total,139,70,32,38,69,61,8
S01007853,Whole house or bungalow: Detached,39,37,12,25,2,2,0
S01007853,Whole house or bungalow: Semi-detached,76,18,8,10,58,50,8
S01007853,Whole house or bungalow: Terraced (including end-terrace),24,15,12,3,9,9,0
S01007853,Flat maisonette or apartment or mobile/temporary accommodation,521,72,28,44,449,362,87
S01007854,All people in households,1075,325,109,216,750,664,86
S01007854,Whole house or bungalow: Total,419,211,62,149,208,181,27
S01007854,Whole house or bungalow: Detached,65,52,16,36,13,13,0
S01007854,Whole house or bungalow: Semi-detached,270,113,25,88,157,130,27
S01007854,Whole house or bungalow: Terraced (including end-terrace),84,46,21,25,38,38,0
S01007854,Flat maisonette or apartment or mobile/temporary accommodation,656,114,47,67,542,483,59
S01007855,All people in households,501,170,60,110,331,192,139
S01007855,Whole house or bungalow: Total,112,79,31,48,33,19,14
S01007855,Whole house or bungalow: Detached,34,32,11,21,2,2,0
S01007855,Whole house or bungalow: Semi-detached,61,45,20,25,16,13,3
S01007855,Whole house or bungalow: Terraced (including end-terrace),17,2,0,2,15,4,11
S01007855,Flat maisonette or apartment or mobile/temporary accommodation,389,91,29,62,298,173,125
S01007856,All people in households,843,609,219,390,234,146,88
S01007856,Whole house or bungalow: Total,725,577,211,366,148,84,64
S01007856,Whole house or bungalow: Detached,80,64,18,46,16,5,11
S01007856,Whole house or bungalow: Semi-detached,230,149,77,72,81,50,31
S01007856,Whole house or bungalow: Terraced (including end-terrace),415,364,116,248,51,29,22
S01007856,Flat maisonette or apartment or mobile/temporary accommodation,118,32,8,24,86,62,24
S01007857,All people in households,492,102,37,65,390,377,13
S01007857,Whole house or bungalow: Total,420,88,34,54,332,328,4
S01007857,Whole house or bungalow: Detached,21,3,0,3,18,18,0
S01007857,Whole house or bungalow: Semi-detached,256,26,12,14,230,226,4
S01007857,Whole house or bungalow: Terraced (including end-terrace),143,59,22,37,84,84,0
S01007857,Flat maisonette or apartment or mobile/temporary accommodation,72,14,3,11,58,49,9
S01007858,All people in households,1019,312,69,243,707,658,49
S01007858,Whole house or bungalow: Total,857,293,64,229,564,528,36
S01007858,Whole house or bungalow: Detached,104,76,38,38,28,21,7
S01007858,Whole house or bungalow: Semi-detached,572,198,21,177,374,346,28
S01007858,Whole house or bungalow: Terraced (including end-terrace),181,19,5,14,162,161,1
S01007858,Flat maisonette or apartment or mobile/temporary accommodation,162,19,5,14,143,130,13
S01007859,All people in households,528,97,15,82,431,402,29
S01007859,Whole house or bungalow: Total,445,88,11,77,357,336,21
S01007859,Whole house or bungalow: Detached,53,36,4,32,17,15,2
S01007859,Whole house or bungalow: Semi-detached,345,48,6,42,297,281,16
S01007859,Whole house or bungalow: Terraced (including end-terrace),47,4,1,3,43,40,3
S01007859,Flat maisonette or apartment or mobile/temporary accommodation,83,9,4,5,74,66,8
S01007860,All people in households,637,319,18,301,318,289,29
S01007860,Whole house or bungalow: Total,604,312,18,294,292,264,28
S01007860,Whole house or bungalow: Detached,308,280,12,268,28,14,14
S01007860,Whole house or bungalow: Semi-detached,279,23,4,19,256,242,14
S01007860,Whole house or bungalow: Terraced (including end-terrace),17,9,2,7,8,8,0
S01007860,Flat maisonette or apartment or mobile/temporary accommodation,33,7,0,7,26,25,1
S01007861,All people in households,674,433,153,280,241,202,39
S01007861,Whole house or bungalow: Total,661,426,146,280,235,196,39
S01007861,Whole house or bungalow: Detached,24,16,2,14,8,5,3
S01007861,Whole house or bungalow: Semi-detached,434,256,93,163,178,157,21
S01007861,Whole house or bungalow: Terraced (including end-terrace),203,154,51,103,49,34,15
S01007861,Flat maisonette or apartment or mobile/temporary accommodation,13,7,7,0,6,6,0
S01007862,All people in households,701,430,148,282,271,211,60
S01007862,Whole house or bungalow: Total,642,421,145,276,221,164,57
S01007862,Whole house or bungalow: Detached,19,12,3,9,7,7,0
S01007862,Whole house or bungalow: Semi-detached,551,349,123,226,202,145,57
S01007862,Whole house or bungalow: Terraced (including end-terrace),72,60,19,41,12,12,0
S01007862,Flat maisonette or apartment or mobile/temporary accommodation,59,9,3,6,50,47,3
S01007863,All people in households,895,294,103,191,601,551,50
S01007863,Whole house or bungalow: Total,364,272,96,176,92,74,18
S01007863,Whole house or bungalow: Detached,13,6,0,6,7,3,4
S01007863,Whole house or bungalow: Semi-detached,242,180,71,109,62,48,14
S01007863,Whole house or bungalow: Terraced (including end-terrace),109,86,25,61,23,23,0
S01007863,Flat maisonette or apartment or mobile/temporary accommodation,531,22,7,15,509,477,32
S01007864,All people in households,938,578,234,344,360,285,75
S01007864,Whole house or bungalow: Total,704,556,227,329,148,101,47
S01007864,Whole house or bungalow: Detached,50,48,6,42,2,2,0
S01007864,Whole house or bungalow: Semi-detached,277,200,91,109,77,50,27
S01007864,Whole house or bungalow: Terraced (including end-terrace),377,308,130,178,69,49,20
S01007864,Flat maisonette or apartment or mobile/temporary accommodation,234,22,7,15,212,184,28
S01007865,All people in households,693,649,45,604,44,18,26
S01007865,Whole house or bungalow: Total,676,639,43,596,37,12,25
S01007865,Whole house or bungalow: Detached,551,528,35,493,23,3,20
S01007865,Whole house or bungalow: Semi-detached,105,93,6,87,12,7,5
S01007865,Whole house or bungalow: Terraced (including end-terrace),20,18,2,16,2,2,0
S01007865,Flat maisonette or apartment or mobile/temporary accommodation,17,10,2,8,7,6,1
S01007866,All people in households,586,545,64,481,41,2,39
S01007866,Whole house or bungalow: Total,584,545,64,481,39,2,37
S01007866,Whole house or bungalow: Detached,318,299,46,253,19,0,19
S01007866,Whole house or bungalow: Semi-detached,258,239,17,222,19,1,18
S01007866,Whole house or bungalow: Terraced (including end-terrace),8,7,1,6,1,1,0
S01007866,Flat maisonette or apartment or mobile/temporary accommodation,2,0,0,0,2,0,2
S01007867,All people in households,456,321,84,237,135,35,100
S01007867,Whole house or bungalow: Total,358,266,69,197,92,18,74
S01007867,Whole house or bungalow: Detached,135,104,33,71,31,10,21
S01007867,Whole house or bungalow: Semi-detached,85,59,8,51,26,3,23
S01007867,Whole house or bungalow: Terraced (including end-terrace),138,103,28,75,35,5,30
S01007867,Flat maisonette or apartment or mobile/temporary accommodation,98,55,15,40,43,17,26
S01007868,All people in households,861,807,394,413,54,27,27
S01007868,Whole house or bungalow: Total,820,790,386,404,30,6,24
S01007868,Whole house or bungalow: Detached,325,325,172,153,0,0,0
S01007868,Whole house or bungalow: Semi-detached,484,460,211,249,24,0,24
S01007868,Whole house or bungalow: Terraced (including end-terrace),11,5,3,2,6,6,0
S01007868,Flat maisonette or apartment or mobile/temporary accommodation,41,17,8,9,24,21,3
S01007869,All people in households,906,769,260,509,137,16,121
S01007869,Whole house or bungalow: Total,807,746,252,494,61,3,58
S01007869,Whole house or bungalow: Detached,551,527,181,346,24,0,24
S01007869,Whole house or bungalow: Semi-detached,247,213,69,144,34,3,31
S01007869,Whole house or bungalow: Terraced (including end-terrace),9,6,2,4,3,0,3
S01007869,Flat maisonette or apartment or mobile/temporary accommodation,99,23,8,15,76,13,63
S01007870,All people in households,505,389,170,219,116,27,89
S01007870,Whole house or bungalow: Total,482,374,160,214,108,19,89
S01007870,Whole house or bungalow: Detached,239,190,88,102,49,0,49
S01007870,Whole house or bungalow: Semi-detached,136,112,45,67,24,9,15
S01007870,Whole house or bungalow: Terraced (including end-terrace),107,72,27,45,35,10,25
S01007870,Flat maisonette or apartment or mobile/temporary accommodation,23,15,10,5,8,8,0
S01007871,All people in households,669,176,76,100,493,479,14
S01007871,Whole house or bungalow: Total,617,171,71,100,446,432,14
S01007871,Whole house or bungalow: Detached,29,16,3,13,13,8,5
S01007871,Whole house or bungalow: Semi-detached,314,99,51,48,215,212,3
S01007871,Whole house or bungalow: Terraced (including end-terrace),274,56,17,39,218,212,6
S01007871,Flat maisonette or apartment or mobile/temporary accommodation,52,5,5,0,47,47,0
S01007872,All people in households,705,179,75,104,526,508,18
S01007872,Whole house or bungalow: Total,473,130,52,78,343,330,13
S01007872,Whole house or bungalow: Detached,34,20,3,17,14,7,7
S01007872,Whole house or bungalow: Semi-detached,204,55,31,24,149,143,6
S01007872,Whole house or bungalow: Terraced (including end-terrace),235,55,18,37,180,180,0
S01007872,Flat maisonette or apartment or mobile/temporary accommodation,232,49,23,26,183,178,5
S01007873,All people in households,639,422,175,247,217,140,77
S01007873,Whole house or bungalow: Total,444,332,143,189,112,64,48
S01007873,Whole house or bungalow: Detached,109,102,43,59,7,0,7
S01007873,Whole house or bungalow: Semi-detached,230,156,77,79,74,47,27
S01007873,Whole house or bungalow: Terraced (including end-terrace),105,74,23,51,31,17,14
S01007873,Flat maisonette or apartment or mobile/temporary accommodation,195,90,32,58,105,76,29
S01007874,All people in households,723,414,169,245,309,255,54
S01007874,Whole house or bungalow: Total,369,258,103,155,111,93,18
S01007874,Whole house or bungalow: Detached,88,81,35,46,7,4,3
S01007874,Whole house or bungalow: Semi-detached,127,68,34,34,59,54,5
S01007874,Whole house or bungalow: Terraced (including end-terrace),154,109,34,75,45,35,10
S01007874,Flat maisonette or apartment or mobile/temporary accommodation,354,156,66,90,198,162,36
S01007875,All people in households,526,373,127,246,153,135,18
S01007875,Whole house or bungalow: Total,515,368,125,243,147,133,14
S01007875,Whole house or bungalow: Detached,73,67,23,44,6,6,0
S01007875,Whole house or bungalow: Semi-detached,152,101,39,62,51,47,4
S01007875,Whole house or bungalow: Terraced (including end-terrace),290,200,63,137,90,80,10
S01007875,Flat maisonette or apartment or mobile/temporary accommodation,11,5,2,3,6,2,4
S01007876,All people in households,1009,695,167,528,314,245,69
S01007876,Whole house or bungalow: Total,952,669,162,507,283,215,68
S01007876,Whole house or bungalow: Detached,287,264,81,183,23,6,17
S01007876,Whole house or bungalow: Semi-detached,383,267,43,224,116,88,28
S01007876,Whole house or bungalow: Terraced (including end-terrace),282,138,38,100,144,121,23
S01007876,Flat maisonette or apartment or mobile/temporary accommodation,57,26,5,21,31,30,1
S01007877,All people in households,773,488,181,307,285,254,31
S01007877,Whole house or bungalow: Total,698,449,176,273,249,223,26
S01007877,Whole house or bungalow: Detached,152,130,44,86,22,9,13
S01007877,Whole house or bungalow: Semi-detached,388,232,112,120,156,152,4
S01007877,Whole house or bungalow: Terraced (including end-terrace),158,87,20,67,71,62,9
S01007877,Flat maisonette or apartment or mobile/temporary accommodation,75,39,5,34,36,31,5
S01007878,All people in households,598,299,106,193,299,280,19
S01007878,Whole house or bungalow: Total,462,279,103,176,183,169,14
S01007878,Whole house or bungalow: Detached,65,56,20,36,9,2,7
S01007878,Whole house or bungalow: Semi-detached,204,125,41,84,79,72,7
S01007878,Whole house or bungalow: Terraced (including end-terrace),193,98,42,56,95,95,0
S01007878,Flat maisonette or apartment or mobile/temporary accommodation,136,20,3,17,116,111,5
S01007879,All people in households,764,352,121,231,412,358,54
S01007879,Whole house or bungalow: Total,745,345,114,231,400,348,52
S01007879,Whole house or bungalow: Detached,58,31,5,26,27,4,23
S01007879,Whole house or bungalow: Semi-detached,413,214,79,135,199,189,10
S01007879,Whole house or bungalow: Terraced (including end-terrace),274,100,30,70,174,155,19
S01007879,Flat maisonette or apartment or mobile/temporary accommodation,19,7,7,0,12,10,2
S01007880,All people in households,382,321,164,157,61,30,31
S01007880,Whole house or bungalow: Total,332,298,152,146,34,10,24
S01007880,Whole house or bungalow: Detached,234,218,108,110,16,2,14
S01007880,Whole house or bungalow: Semi-detached,73,62,28,34,11,1,10
S01007880,Whole house or bungalow: Terraced (including end-terrace),25,18,16,2,7,7,0
S01007880,Flat maisonette or apartment or mobile/temporary accommodation,50,23,12,11,27,20,7
S01007881,All people in households,557,273,115,158,284,243,41
S01007881,Whole house or bungalow: Total,422,257,106,151,165,135,30
S01007881,Whole house or bungalow: Detached,163,143,53,90,20,5,15
S01007881,Whole house or bungalow: Semi-detached,156,88,44,44,68,53,15
S01007881,Whole house or bungalow: Terraced (including end-terrace),103,26,9,17,77,77,0
S01007881,Flat maisonette or apartment or mobile/temporary accommodation,135,16,9,7,119,108,11
S01007882,All people in households,730,623,273,350,107,25,82
S01007882,Whole house or bungalow: Total,711,611,271,340,100,21,79
S01007882,Whole house or bungalow: Detached,547,477,241,236,70,0,70
S01007882,Whole house or bungalow: Semi-detached,118,93,20,73,25,16,9
S01007882,Whole house or bungalow: Terraced (including end-terrace),46,41,10,31,5,5,0
S01007882,Flat maisonette or apartment or mobile/temporary accommodation,19,12,2,10,7,4,3
S01007883,All people in households,1046,821,278,543,225,141,84
S01007883,Whole house or bungalow: Total,843,712,243,469,131,93,38
S01007883,Whole house or bungalow: Detached,313,299,96,203,14,0,14
S01007883,Whole house or bungalow: Semi-detached,292,229,81,148,63,55,8
S01007883,Whole house or bungalow: Terraced (including end-terrace),238,184,66,118,54,38,16
S01007883,Flat maisonette or apartment or mobile/temporary accommodation,203,109,35,74,94,48,46
S01007884,All people in households,639,436,123,313,203,149,54
S01007884,Whole house or bungalow: Total,610,425,119,306,185,134,51
S01007884,Whole house or bungalow: Detached,64,56,10,46,8,0,8
S01007884,Whole house or bungalow: Semi-detached,181,121,35,86,60,23,37
S01007884,Whole house or bungalow: Terraced (including end-terrace),365,248,74,174,117,111,6
S01007884,Flat maisonette or apartment or mobile/temporary accommodation,29,11,4,7,18,15,3
S01007885,All people in households,730,269,103,166,461,420,41
S01007885,Whole house or bungalow: Total,425,214,89,125,211,189,22
S01007885,Whole house or bungalow: Detached,46,41,21,20,5,4,1
S01007885,Whole house or bungalow: Semi-detached,210,92,40,52,118,99,19
S01007885,Whole house or bungalow: Terraced (including end-terrace),169,81,28,53,88,86,2
S01007885,Flat maisonette or apartment or mobile/temporary accommodation,305,55,14,41,250,231,19
S01007886,All people in households,867,611,253,358,256,191,65
S01007886,Whole house or bungalow: Total,637,531,222,309,106,65,41
S01007886,Whole house or bungalow: Detached,250,240,97,143,10,4,6
S01007886,Whole house or bungalow: Semi-detached,144,121,49,72,23,16,7
S01007886,Whole house or bungalow: Terraced (including end-terrace),243,170,76,94,73,45,28
S01007886,Flat maisonette or apartment or mobile/temporary accommodation,230,80,31,49,150,126,24
S01007887,All people in households,578,399,184,215,179,18,161
S01007887,Whole house or bungalow: Total,561,391,183,208,170,17,153
S01007887,Whole house or bungalow: Detached,406,296,151,145,110,0,110
S01007887,Whole house or bungalow: Semi-detached,81,44,15,29,37,10,27
S01007887,Whole house or bungalow: Terraced (including end-terrace),74,51,17,34,23,7,16
S01007887,Flat maisonette or apartment or mobile/temporary accommodation,17,8,1,7,9,1,8
S01007888,All people in households,1070,452,158,294,618,568,50
S01007888,Whole house or bungalow: Total,1037,437,155,282,600,552,48
S01007888,Whole house or bungalow: Detached,68,40,11,29,28,24,4
S01007888,Whole house or bungalow: Semi-detached,376,194,68,126,182,170,12
S01007888,Whole house or bungalow: Terraced (including end-terrace),593,203,76,127,390,358,32
S01007888,Flat maisonette or apartment or mobile/temporary accommodation,33,15,3,12,18,16,2
S01007889,All people in households,533,343,125,218,190,171,19
S01007889,Whole house or bungalow: Total,512,336,123,213,176,157,19
S01007889,Whole house or bungalow: Detached,19,10,3,7,9,8,1
S01007889,Whole house or bungalow: Semi-detached,175,130,50,80,45,40,5
S01007889,Whole house or bungalow: Terraced (including end-terrace),318,196,70,126,122,109,13
S01007889,Flat maisonette or apartment or mobile/temporary accommodation,21,7,2,5,14,14,0
S01007890,All people in households,736,494,168,326,242,212,30
S01007890,Whole house or bungalow: Total,710,487,168,319,223,193,30
S01007890,Whole house or bungalow: Detached,213,205,84,121,8,4,4
S01007890,Whole house or bungalow: Semi-detached,354,221,63,158,133,115,18
S01007890,Whole house or bungalow: Terraced (including end-terrace),143,61,21,40,82,74,8
S01007890,Flat maisonette or apartment or mobile/temporary accommodation,26,7,0,7,19,19,0
S01007891,All people in households,866,658,168,490,208,166,42
S01007891,Whole house or bungalow: Total,737,608,152,456,129,102,27
S01007891,Whole house or bungalow: Detached,346,326,67,259,20,7,13
S01007891,Whole house or bungalow: Semi-detached,263,227,65,162,36,30,6
S01007891,Whole house or bungalow: Terraced (including end-terrace),128,55,20,35,73,65,8
S01007891,Flat maisonette or apartment or mobile/temporary accommodation,129,50,16,34,79,64,15
S01007892,All people in households,738,582,242,340,156,75,81
S01007892,Whole house or bungalow: Total,597,518,224,294,79,26,53
S01007892,Whole house or bungalow: Detached,389,355,190,165,34,0,34
S01007892,Whole house or bungalow: Semi-detached,94,76,18,58,18,6,12
S01007892,Whole house or bungalow: Terraced (including end-terrace),114,87,16,71,27,20,7
S01007892,Flat maisonette or apartment or mobile/temporary accommodation,141,64,18,46,77,49,28
S01007893,All people in households,1019,897,369,528,122,42,80
S01007893,Whole house or bungalow: Total,976,871,361,510,105,33,72
S01007893,Whole house or bungalow: Detached,602,561,257,304,41,4,37
S01007893,Whole house or bungalow: Semi-detached,273,230,81,149,43,19,24
S01007893,Whole house or bungalow: Terraced (including end-terrace),101,80,23,57,21,10,11
S01007893,Flat maisonette or apartment or mobile/temporary accommodation,43,26,8,18,17,9,8
S01007894,All people in households,916,631,208,423,285,191,94
S01007894,Whole house or bungalow: Total,840,588,192,396,252,172,80
S01007894,Whole house or bungalow: Detached,72,68,35,33,4,4,0
S01007894,Whole house or bungalow: Semi-detached,363,233,71,162,130,79,51
S01007894,Whole house or bungalow: Terraced (including end-terrace),405,287,86,201,118,89,29
S01007894,Flat maisonette or apartment or mobile/temporary accommodation,76,43,16,27,33,19,14
S01007895,All people in households,542,415,175,240,127,50,77
S01007895,Whole house or bungalow: Total,437,361,165,196,76,33,43
S01007895,Whole house or bungalow: Detached,215,196,106,90,19,0,19
S01007895,Whole house or bungalow: Semi-detached,111,94,31,63,17,9,8
S01007895,Whole house or bungalow: Terraced (including end-terrace),111,71,28,43,40,24,16
S01007895,Flat maisonette or apartment or mobile/temporary accommodation,105,54,10,44,51,17,34
S01007896,All people in households,867,454,148,306,413,317,96
S01007896,Whole house or bungalow: Total,462,291,83,208,171,101,70
S01007896,Whole house or bungalow: Detached,47,34,15,19,13,9,4
S01007896,Whole house or bungalow: Semi-detached,222,128,34,94,94,54,40
S01007896,Whole house or bungalow: Terraced (including end-terrace),193,129,34,95,64,38,26
S01007896,Flat maisonette or apartment or mobile/temporary accommodation,405,163,65,98,242,216,26
S01007897,All people in households,439,362,164,198,77,13,64
S01007897,Whole house or bungalow: Total,430,358,161,197,72,11,61
S01007897,Whole house or bungalow: Detached,340,295,146,149,45,0,45
S01007897,Whole house or bungalow: Semi-detached,72,53,11,42,19,7,12
S01007897,Whole house or bungalow: Terraced (including end-terrace),18,10,4,6,8,4,4
S01007897,Flat maisonette or apartment or mobile/temporary accommodation,9,4,3,1,5,2,3
S01007898,All people in households,446,347,153,194,99,17,82
S01007898,Whole house or bungalow: Total,439,345,151,194,94,14,80
S01007898,Whole house or bungalow: Detached,353,272,122,150,81,7,74
S01007898,Whole house or bungalow: Semi-detached,76,65,29,36,11,5,6
S01007898,Whole house or bungalow: Terraced (including end-terrace),10,8,0,8,2,2,0
S01007898,Flat maisonette or apartment or mobile/temporary accommodation,7,2,2,0,5,3,2
S01007899,All people in households,349,273,152,121,76,11,65
S01007899,Whole house or bungalow: Total,305,244,138,106,61,8,53
S01007899,Whole house or bungalow: Detached,255,209,125,84,46,1,45
S01007899,Whole house or bungalow: Semi-detached,34,29,13,16,5,2,3
S01007899,Whole house or bungalow: Terraced (including end-terrace),16,6,0,6,10,5,5
S01007899,Flat maisonette or apartment or mobile/temporary accommodation,44,29,14,15,15,3,12
S01007900,All people in households,549,251,102,149,298,273,25
S01007900,Whole house or bungalow: Total,547,249,100,149,298,273,25
S01007900,Whole house or bungalow: Detached,40,34,4,30,6,3,3
S01007900,Whole house or bungalow: Semi-detached,394,180,82,98,214,197,17
S01007900,Whole house or bungalow: Terraced (including end-terrace),113,35,14,21,78,73,5
S01007900,Flat maisonette or apartment or mobile/temporary accommodation,2,2,2,0,0,0,0
S01007901,All people in households,711,331,116,215,380,320,60
S01007901,Whole house or bungalow: Total,688,323,115,208,365,312,53
S01007901,Whole house or bungalow: Detached,82,52,21,31,30,14,16
S01007901,Whole house or bungalow: Semi-detached,275,116,41,75,159,131,28
S01007901,Whole house or bungalow: Terraced (including end-terrace),331,155,53,102,176,167,9
S01007901,Flat maisonette or apartment or mobile/temporary accommodation,23,8,1,7,15,8,7
S01007902,All people in households,883,362,160,202,521,474,47
S01007902,Whole house or bungalow: Total,855,353,160,193,502,458,44
S01007902,Whole house or bungalow: Detached,73,34,22,12,39,31,8
S01007902,Whole house or bungalow: Semi-detached,515,234,102,132,281,254,27
S01007902,Whole house or bungalow: Terraced (including end-terrace),267,85,36,49,182,173,9
S01007902,Flat maisonette or apartment or mobile/temporary accommodation,28,9,0,9,19,16,3
S01007903,All people in households,645,401,212,189,244,182,62
S01007903,Whole house or bungalow: Total,489,345,181,164,144,92,52
S01007903,Whole house or bungalow: Detached,188,168,81,87,20,0,20
S01007903,Whole house or bungalow: Semi-detached,181,116,71,45,65,51,14
S01007903,Whole house or bungalow: Terraced (including end-terrace),120,61,29,32,59,41,18
S01007903,Flat maisonette or apartment or mobile/temporary accommodation,156,56,31,25,100,90,10
S01007904,All people in households,787,568,265,303,219,37,182
S01007904,Whole house or bungalow: Total,740,547,251,296,193,28,165
S01007904,Whole house or bungalow: Detached,501,374,193,181,127,0,127
S01007904,Whole house or bungalow: Semi-detached,154,115,50,65,39,8,31
S01007904,Whole house or bungalow: Terraced (including end-terrace),85,58,8,50,27,20,7
S01007904,Flat maisonette or apartment or mobile/temporary accommodation,47,21,14,7,26,9,17
S01007905,All people in households,687,247,54,193,440,403,37
S01007905,Whole house or bungalow: Total,675,240,54,186,435,398,37
S01007905,Whole house or bungalow: Detached,72,39,14,25,33,23,10
S01007905,Whole house or bungalow: Semi-detached,359,120,22,98,239,219,20
S01007905,Whole house or bungalow: Terraced (including end-terrace),244,81,18,63,163,156,7
S01007905,Flat maisonette or apartment or mobile/temporary accommodation,12,7,0,7,5,5,0
S01007906,All people in households,724,327,122,205,397,354,43
S01007906,Whole house or bungalow: Total,437,219,77,142,218,197,21
S01007906,Whole house or bungalow: Detached,61,49,21,28,12,10,2
S01007906,Whole house or bungalow: Semi-detached,276,136,46,90,140,130,10
S01007906,Whole house or bungalow: Terraced (including end-terrace),100,34,10,24,66,57,9
S01007906,Flat maisonette or apartment or mobile/temporary accommodation,287,108,45,63,179,157,22
S01007907,All people in households,536,298,144,154,238,207,31
S01007907,Whole house or bungalow: Total,498,289,142,147,209,180,29
S01007907,Whole house or bungalow: Detached,49,34,10,24,15,8,7
S01007907,Whole house or bungalow: Semi-detached,365,209,118,91,156,135,21
S01007907,Whole house or bungalow: Terraced (including end-terrace),84,46,14,32,38,37,1
S01007907,Flat maisonette or apartment or mobile/temporary accommodation,38,9,2,7,29,27,2
S01007908,All people in households,913,704,331,373,209,129,80
S01007908,Whole house or bungalow: Total,713,581,252,329,132,65,67
S01007908,Whole house or bungalow: Detached,374,347,139,208,27,2,25
S01007908,Whole house or bungalow: Semi-detached,249,166,89,77,83,45,38
S01007908,Whole house or bungalow: Terraced (including end-terrace),90,68,24,44,22,18,4
S01007908,Flat maisonette or apartment or mobile/temporary accommodation,200,123,79,44,77,64,13
S01007909,All people in households,543,323,100,223,220,179,41
S01007909,Whole house or bungalow: Total,527,315,98,217,212,172,40
S01007909,Whole house or bungalow: Detached,19,12,5,7,7,2,5
S01007909,Whole house or bungalow: Semi-detached,181,105,37,68,76,61,15
S01007909,Whole house or bungalow: Terraced (including end-terrace),327,198,56,142,129,109,20
S01007909,Flat maisonette or apartment or mobile/temporary accommodation,16,8,2,6,8,7,1
S01007910,All people in households,916,460,138,322,456,355,101
S01007910,Whole house or bungalow: Total,590,361,106,255,229,171,58
S01007910,Whole house or bungalow: Detached,73,66,33,33,7,2,5
S01007910,Whole house or bungalow: Semi-detached,307,170,38,132,137,102,35
S01007910,Whole house or bungalow: Terraced (including end-terrace),210,125,35,90,85,67,18
S01007910,Flat maisonette or apartment or mobile/temporary accommodation,326,99,32,67,227,184,43
S01007911,All people in households,777,556,140,416,221,173,48
S01007911,Whole house or bungalow: Total,616,489,121,368,127,87,40
S01007911,Whole house or bungalow: Detached,276,256,77,179,20,4,16
S01007911,Whole house or bungalow: Semi-detached,221,161,19,142,60,39,21
S01007911,Whole house or bungalow: Terraced (including end-terrace),119,72,25,47,47,44,3
S01007911,Flat maisonette or apartment or mobile/temporary accommodation,161,67,19,48,94,86,8
S01007912,All people in households,757,513,196,317,244,177,67
S01007912,Whole house or bungalow: Total,598,476,182,294,122,83,39
S01007912,Whole house or bungalow: Detached,120,109,54,55,11,7,4
S01007912,Whole house or bungalow: Semi-detached,347,276,107,169,71,56,15
S01007912,Whole house or bungalow: Terraced (including end-terrace),131,91,21,70,40,20,20
S01007912,Flat maisonette or apartment or mobile/temporary accommodation,159,37,14,23,122,94,28
S01007913,All people in households,616,270,109,161,346,240,106
S01007913,Whole house or bungalow: Total,260,165,71,94,95,50,45
S01007913,Whole house or bungalow: Detached,32,22,14,8,10,2,8
S01007913,Whole house or bungalow: Semi-detached,184,124,53,71,60,26,34
S01007913,Whole house or bungalow: Terraced (including end-terrace),44,19,4,15,25,22,3
S01007913,Flat maisonette or apartment or mobile/temporary accommodation,356,105,38,67,251,190,61
S01007914,All people in households,628,305,106,199,323,281,42
S01007914,Whole house or bungalow: Total,560,295,103,192,265,224,41
S01007914,Whole house or bungalow: Detached,49,22,10,12,27,15,12
S01007914,Whole house or bungalow: Semi-detached,167,87,30,57,80,62,18
S01007914,Whole house or bungalow: Terraced (including end-terrace),344,186,63,123,158,147,11
S01007914,Flat maisonette or apartment or mobile/temporary accommodation,68,10,3,7,58,57,1
S01007915,All people in households,835,536,185,351,299,273,26
S01007915,Whole house or bungalow: Total,764,530,184,346,234,210,24
S01007915,Whole house or bungalow: Detached,57,41,15,26,16,13,3
S01007915,Whole house or bungalow: Semi-detached,231,133,52,81,98,98,0
S01007915,Whole house or bungalow: Terraced (including end-terrace),476,356,117,239,120,99,21
S01007915,Flat maisonette or apartment or mobile/temporary accommodation,71,6,1,5,65,63,2
S01007916,All people in households,810,532,217,315,278,228,50
S01007916,Whole house or bungalow: Total,598,463,183,280,135,103,32
S01007916,Whole house or bungalow: Detached,121,103,52,51,18,12,6
S01007916,Whole house or bungalow: Semi-detached,343,272,108,164,71,63,8
S01007916,Whole house or bungalow: Terraced (including end-terrace),134,88,23,65,46,28,18
S01007916,Flat maisonette or apartment or mobile/temporary accommodation,212,69,34,35,143,125,18
S01007917,All people in households,811,528,184,344,283,229,54
S01007917,Whole house or bungalow: Total,678,513,177,336,165,111,54
S01007917,Whole house or bungalow: Detached,64,49,25,24,15,14,1
S01007917,Whole house or bungalow: Semi-detached,208,167,51,116,41,28,13
S01007917,Whole house or bungalow: Terraced (including end-terrace),406,297,101,196,109,69,40
S01007917,Flat maisonette or apartment or mobile/temporary accommodation,133,15,7,8,118,118,0
S01007918,All people in households,902,568,221,347,334,255,79
S01007918,Whole house or bungalow: Total,633,518,201,317,115,69,46
S01007918,Whole house or bungalow: Detached,162,142,60,82,20,1,19
S01007918,Whole house or bungalow: Semi-detached,366,307,116,191,59,38,21
S01007918,Whole house or bungalow: Terraced (including end-terrace),105,69,25,44,36,30,6
S01007918,Flat maisonette or apartment or mobile/temporary accommodation,269,50,20,30,219,186,33
S01007919,All people in households,773,716,260,456,57,26,31
S01007919,Whole house or bungalow: Total,755,705,252,453,50,19,31
S01007919,Whole house or bungalow: Detached,657,633,227,406,24,0,24
S01007919,Whole house or bungalow: Semi-detached,82,60,17,43,22,15,7
S01007919,Whole house or bungalow: Terraced (including end-terrace),16,12,8,4,4,4,0
S01007919,Flat maisonette or apartment or mobile/temporary accommodation,18,11,8,3,7,7,0
S01007920,All people in households,615,546,171,375,69,33,36
S01007920,Whole house or bungalow: Total,591,533,164,369,58,22,36
S01007920,Whole house or bungalow: Detached,374,347,117,230,27,1,26
S01007920,Whole house or bungalow: Semi-detached,200,173,47,126,27,17,10
S01007920,Whole house or bungalow: Terraced (including end-terrace),17,13,0,13,4,4,0
S01007920,Flat maisonette or apartment or mobile/temporary accommodation,24,13,7,6,11,11,0
S01007921,All people in households,922,389,131,258,533,505,28
S01007921,Whole house or bungalow: Total,874,375,126,249,499,476,23
S01007921,Whole house or bungalow: Detached,42,18,11,7,24,24,0
S01007921,Whole house or bungalow: Semi-detached,329,176,63,113,153,144,9
S01007921,Whole house or bungalow: Terraced (including end-terrace),503,181,52,129,322,308,14
S01007921,Flat maisonette or apartment or mobile/temporary accommodation,48,14,5,9,34,29,5
S01007922,All people in households,867,363,119,244,504,447,57
S01007922,Whole house or bungalow: Total,676,321,99,222,355,310,45
S01007922,Whole house or bungalow: Detached,44,24,0,24,20,7,13
S01007922,Whole house or bungalow: Semi-detached,426,169,61,108,257,229,28
S01007922,Whole house or bungalow: Terraced (including end-terrace),206,128,38,90,78,74,4
S01007922,Flat maisonette or apartment or mobile/temporary accommodation,191,42,20,22,149,137,12
S01007923,All people in households,968,785,289,496,183,98,85
S01007923,Whole house or bungalow: Total,874,725,273,452,149,86,63
S01007923,Whole house or bungalow: Detached,310,279,112,167,31,0,31
S01007923,Whole house or bungalow: Semi-detached,331,267,92,175,64,49,15
S01007923,Whole house or bungalow: Terraced (including end-terrace),233,179,69,110,54,37,17
S01007923,Flat maisonette or apartment or mobile/temporary accommodation,94,60,16,44,34,12,22
S01007924,All people in households,984,509,192,317,475,388,87
S01007924,Whole house or bungalow: Total,784,446,162,284,338,270,68
S01007924,Whole house or bungalow: Detached,306,252,85,167,54,7,47
S01007924,Whole house or bungalow: Semi-detached,248,119,48,71,129,117,12
S01007924,Whole house or bungalow: Terraced (including end-terrace),230,75,29,46,155,146,9
S01007924,Flat maisonette or apartment or mobile/temporary accommodation,200,63,30,33,137,118,19
S01007925,All people in households,465,397,195,202,68,13,55
S01007925,Whole house or bungalow: Total,448,390,188,202,58,8,50
S01007925,Whole house or bungalow: Detached,352,322,162,160,30,0,30
S01007925,Whole house or bungalow: Semi-detached,66,52,15,37,14,0,14
S01007925,Whole house or bungalow: Terraced (including end-terrace),30,16,11,5,14,8,6
S01007925,Flat maisonette or apartment or mobile/temporary accommodation,17,7,7,0,10,5,5
S01007926,All people in households,464,392,159,233,72,15,57
S01007926,Whole house or bungalow: Total,456,392,159,233,64,7,57
S01007926,Whole house or bungalow: Detached,315,282,121,161,33,0,33
S01007926,Whole house or bungalow: Semi-detached,97,75,22,53,22,5,17
S01007926,Whole house or bungalow: Terraced (including end-terrace),44,35,16,19,9,2,7
S01007926,Flat maisonette or apartment or mobile/temporary accommodation,8,0,0,0,8,8,0
S01007927,All people in households,617,540,201,339,77,33,44
S01007927,Whole house or bungalow: Total,607,535,196,339,72,29,43
S01007927,Whole house or bungalow: Detached,444,410,162,248,34,0,34
S01007927,Whole house or bungalow: Semi-detached,115,84,23,61,31,22,9
S01007927,Whole house or bungalow: Terraced (including end-terrace),48,41,11,30,7,7,0
S01007927,Flat maisonette or apartment or mobile/temporary accommodation,10,5,5,0,5,4,1
S01007928,All people in households,998,839,306,533,159,118,41
S01007928,Whole house or bungalow: Total,943,807,300,507,136,102,34
S01007928,Whole house or bungalow: Detached,499,478,201,277,21,5,16
S01007928,Whole house or bungalow: Semi-detached,217,155,44,111,62,54,8
S01007928,Whole house or bungalow: Terraced (including end-terrace),227,174,55,119,53,43,10
S01007928,Flat maisonette or apartment or mobile/temporary accommodation,55,32,6,26,23,16,7
S01007929,All people in households,738,625,229,396,113,39,74
S01007929,Whole house or bungalow: Total,703,605,221,384,98,33,65
S01007929,Whole house or bungalow: Detached,517,458,194,264,59,10,49
S01007929,Whole house or bungalow: Semi-detached,119,85,24,61,34,23,11
S01007929,Whole house or bungalow: Terraced (including end-terrace),67,62,3,59,5,0,5
S01007929,Flat maisonette or apartment or mobile/temporary accommodation,35,20,8,12,15,6,9
S01007930,All people in households,595,529,234,295,66,21,45
S01007930,Whole house or bungalow: Total,573,515,234,281,58,18,40
S01007930,Whole house or bungalow: Detached,410,388,186,202,22,0,22
S01007930,Whole house or bungalow: Semi-detached,93,82,34,48,11,0,11
S01007930,Whole house or bungalow: Terraced (including end-terrace),70,45,14,31,25,18,7
S01007930,Flat maisonette or apartment or mobile/temporary accommodation,22,14,0,14,8,3,5
S01007931,All people in households,1124,829,294,535,295,240,55
S01007931,Whole house or bungalow: Total,990,786,276,510,204,157,47
S01007931,Whole house or bungalow: Detached,456,443,165,278,13,6,7
S01007931,Whole house or bungalow: Semi-detached,235,145,49,96,90,75,15
S01007931,Whole house or bungalow: Terraced (including end-terrace),299,198,62,136,101,76,25
S01007931,Flat maisonette or apartment or mobile/temporary accommodation,134,43,18,25,91,83,8
S01007932,All people in households,831,785,357,428,46,22,24
S01007932,Whole house or bungalow: Total,730,712,336,376,18,6,12
S01007932,Whole house or bungalow: Detached,455,446,213,233,9,0,9
S01007932,Whole house or bungalow: Semi-detached,236,232,117,115,4,4,0
S01007932,Whole house or bungalow: Terraced (including end-terrace),39,34,6,28,5,2,3
S01007932,Flat maisonette or apartment or mobile/temporary accommodation,101,73,21,52,28,16,12
S01007933,All people in households,874,746,209,537,128,32,96
S01007933,Whole house or bungalow: Total,849,736,207,529,113,31,82
S01007933,Whole house or bungalow: Detached,261,250,91,159,11,0,11
S01007933,Whole house or bungalow: Semi-detached,183,146,22,124,37,10,27
S01007933,Whole house or bungalow: Terraced (including end-terrace),405,340,94,246,65,21,44
S01007933,Flat maisonette or apartment or mobile/temporary accommodation,25,10,2,8,15,1,14
S01007934,All people in households,720,505,118,387,215,166,49
S01007934,Whole house or bungalow: Total,652,494,111,383,158,133,25
S01007934,Whole house or bungalow: Detached,267,217,53,164,50,44,6
S01007934,Whole house or bungalow: Semi-detached,170,124,22,102,46,35,11
S01007934,Whole house or bungalow: Terraced (including end-terrace),215,153,36,117,62,54,8
S01007934,Flat maisonette or apartment or mobile/temporary accommodation,68,11,7,4,57,33,24
S01007935,All people in households,803,451,145,306,352,174,178
S01007935,Whole house or bungalow: Total,328,252,76,176,76,35,41
S01007935,Whole house or bungalow: Detached,120,113,41,72,7,0,7
S01007935,Whole house or bungalow: Semi-detached,67,51,12,39,16,7,9
S01007935,Whole house or bungalow: Terraced (including end-terrace),141,88,23,65,53,28,25
S01007935,Flat maisonette or apartment or mobile/temporary accommodation,475,199,69,130,276,139,137
S01007936,All people in households,1008,886,260,626,122,13,109
S01007936,Whole house or bungalow: Total,931,860,251,609,71,5,66
S01007936,Whole house or bungalow: Detached,607,586,178,408,21,0,21
S01007936,Whole house or bungalow: Semi-detached,188,148,54,94,40,5,35
S01007936,Whole house or bungalow: Terraced (including end-terrace),136,126,19,107,10,0,10
S01007936,Flat maisonette or apartment or mobile/temporary accommodation,77,26,9,17,51,8,43
S01007937,All people in households,1059,929,298,631,130,35,95
S01007937,Whole house or bungalow: Total,985,910,297,613,75,26,49
S01007937,Whole house or bungalow: Detached,586,565,171,394,21,2,19
S01007937,Whole house or bungalow: Semi-detached,317,290,103,187,27,9,18
S01007937,Whole house or bungalow: Terraced (including end-terrace),82,55,23,32,27,15,12
S01007937,Flat maisonette or apartment or mobile/temporary accommodation,74,19,1,18,55,9,46
S01007938,All people in households,740,490,187,303,250,186,64
S01007938,Whole house or bungalow: Total,428,371,152,219,57,44,13
S01007938,Whole house or bungalow: Detached,80,74,25,49,6,6,0
S01007938,Whole house or bungalow: Semi-detached,101,87,44,43,14,8,6
S01007938,Whole house or bungalow: Terraced (including end-terrace),247,210,83,127,37,30,7
S01007938,Flat maisonette or apartment or mobile/temporary accommodation,312,119,35,84,193,142,51
S01007939,All people in households,896,452,172,280,444,378,66
S01007939,Whole house or bungalow: Total,749,432,168,264,317,266,51
S01007939,Whole house or bungalow: Detached,38,26,8,18,12,8,4
S01007939,Whole house or bungalow: Semi-detached,353,159,57,102,194,182,12
S01007939,Whole house or bungalow: Terraced (including end-terrace),358,247,103,144,111,76,35
S01007939,Flat maisonette or apartment or mobile/temporary accommodation,147,20,4,16,127,112,15
S01007940,All people in households,1056,756,244,512,300,224,76
S01007940,Whole house or bungalow: Total,848,667,207,460,181,123,58
S01007940,Whole house or bungalow: Detached,276,238,67,171,38,5,33
S01007940,Whole house or bungalow: Semi-detached,412,314,92,222,98,85,13
S01007940,Whole house or bungalow: Terraced (including end-terrace),160,115,48,67,45,33,12
S01007940,Flat maisonette or apartment or mobile/temporary accommodation,208,89,37,52,119,101,18
S01007941,All people in households,631,587,232,355,44,15,29
S01007941,Whole house or bungalow: Total,621,581,232,349,40,11,29
S01007941,Whole house or bungalow: Detached,260,247,112,135,13,1,12
S01007941,Whole house or bungalow: Semi-detached,286,268,103,165,18,10,8
S01007941,Whole house or bungalow: Terraced (including end-terrace),75,66,17,49,9,0,9
S01007941,Flat maisonette or apartment or mobile/temporary accommodation,10,6,0,6,4,4,0
S01007942,All people in households,508,316,54,262,192,85,107
S01007942,Whole house or bungalow: Total,411,266,35,231,145,56,89
S01007942,Whole house or bungalow: Detached,84,76,15,61,8,0,8
S01007942,Whole house or bungalow: Semi-detached,230,145,20,125,85,38,47
S01007942,Whole house or bungalow: Terraced (including end-terrace),97,45,0,45,52,18,34
S01007942,Flat maisonette or apartment or mobile/temporary accommodation,97,50,19,31,47,29,18
S01007943,All people in households,660,502,202,300,158,72,86
S01007943,Whole house or bungalow: Total,556,475,184,291,81,27,54
S01007943,Whole house or bungalow: Detached,199,186,78,108,13,0,13
S01007943,Whole house or bungalow: Semi-detached,102,80,43,37,22,8,14
S01007943,Whole house or bungalow: Terraced (including end-terrace),255,209,63,146,46,19,27
S01007943,Flat maisonette or apartment or mobile/temporary accommodation,104,27,18,9,77,45,32
S01007944,All people in households,915,617,185,432,298,207,91
S01007944,Whole house or bungalow: Total,720,552,173,379,168,106,62
S01007944,Whole house or bungalow: Detached,205,193,61,132,12,0,12
S01007944,Whole house or bungalow: Semi-detached,291,200,63,137,91,68,23
S01007944,Whole house or bungalow: Terraced (including end-terrace),224,159,49,110,65,38,27
S01007944,Flat maisonette or apartment or mobile/temporary accommodation,195,65,12,53,130,101,29
S01007945,All people in households,850,546,220,326,304,211,93
S01007945,Whole house or bungalow: Total,558,463,191,272,95,60,35
S01007945,Whole house or bungalow: Detached,167,154,83,71,13,4,9
S01007945,Whole house or bungalow: Semi-detached,167,147,54,93,20,15,5
S01007945,Whole house or bungalow: Terraced (including end-terrace),224,162,54,108,62,41,21
S01007945,Flat maisonette or apartment or mobile/temporary accommodation,292,83,29,54,209,151,58
S01007946,All people in households,780,522,195,327,258,184,74
S01007946,Whole house or bungalow: Total,538,450,168,282,88,58,30
S01007946,Whole house or bungalow: Detached,141,122,36,86,19,7,12
S01007946,Whole house or bungalow: Semi-detached,108,82,24,58,26,19,7
S01007946,Whole house or bungalow: Terraced (including end-terrace),289,246,108,138,43,32,11
S01007946,Flat maisonette or apartment or mobile/temporary accommodation,242,72,27,45,170,126,44
S01007947,All people in households,756,593,216,377,163,115,48
S01007947,Whole house or bungalow: Total,634,547,204,343,87,62,25
S01007947,Whole house or bungalow: Detached,222,204,86,118,18,4,14
S01007947,Whole house or bungalow: Semi-detached,292,238,82,156,54,45,9
S01007947,Whole house or bungalow: Terraced (including end-terrace),120,105,36,69,15,13,2
S01007947,Flat maisonette or apartment or mobile/temporary accommodation,122,46,12,34,76,53,23
S01007948,All people in households,660,297,112,185,363,305,58
S01007948,Whole house or bungalow: Total,445,267,98,169,178,138,40
S01007948,Whole house or bungalow: Detached,80,73,22,51,7,0,7
S01007948,Whole house or bungalow: Semi-detached,256,132,45,87,124,99,25
S01007948,Whole house or bungalow: Terraced (including end-terrace),109,62,31,31,47,39,8
S01007948,Flat maisonette or apartment or mobile/temporary accommodation,215,30,14,16,185,167,18
S01007949,All people in households,751,634,253,381,117,63,54
S01007949,Whole house or bungalow: Total,595,548,210,338,47,15,32
S01007949,Whole house or bungalow: Detached,112,108,65,43,4,0,4
S01007949,Whole house or bungalow: Semi-detached,406,377,126,251,29,8,21
S01007949,Whole house or bungalow: Terraced (including end-terrace),77,63,19,44,14,7,7
S01007949,Flat maisonette or apartment or mobile/temporary accommodation,156,86,43,43,70,48,22
S01007950,All people in households,881,771,300,471,110,53,57
S01007950,Whole house or bungalow: Total,777,715,292,423,62,22,40
S01007950,Whole house or bungalow: Detached,418,402,175,227,16,0,16
S01007950,Whole house or bungalow: Semi-detached,226,201,62,139,25,12,13
S01007950,Whole house or bungalow: Terraced (including end-terrace),133,112,55,57,21,10,11
S01007950,Flat maisonette or apartment or mobile/temporary accommodation,104,56,8,48,48,31,17
S01007951,All people in households,755,573,172,401,182,128,54
S01007951,Whole house or bungalow: Total,625,534,163,371,91,50,41
S01007951,Whole house or bungalow: Detached,212,200,62,138,12,4,8
S01007951,Whole house or bungalow: Semi-detached,271,224,65,159,47,30,17
S01007951,Whole house or bungalow: Terraced (including end-terrace),142,110,36,74,32,16,16
S01007951,Flat maisonette or apartment or mobile/temporary accommodation,130,39,9,30,91,78,13
S01007952,All people in households,617,296,100,196,321,241,80
S01007952,Whole house or bungalow: Total,318,205,68,137,113,81,32
S01007952,Whole house or bungalow: Detached,37,32,13,19,5,3,2
S01007952,Whole house or bungalow: Semi-detached,128,67,28,39,61,57,4
S01007952,Whole house or bungalow: Terraced (including end-terrace),153,106,27,79,47,21,26
S01007952,Flat maisonette or apartment or mobile/temporary accommodation,299,91,32,59,208,160,48
S01007953,All people in households,938,607,138,469,331,247,84
S01007953,Whole house or bungalow: Total,692,507,101,406,185,120,65
S01007953,Whole house or bungalow: Detached,73,64,21,43,9,0,9
S01007953,Whole house or bungalow: Semi-detached,345,269,57,212,76,52,24
S01007953,Whole house or bungalow: Terraced (including end-terrace),274,174,23,151,100,68,32
S01007953,Flat maisonette or apartment or mobile/temporary accommodation,246,100,37,63,146,127,19
S01007954,All people in households,728,295,75,220,433,386,47
S01007954,Whole house or bungalow: Total,481,255,69,186,226,186,40
S01007954,Whole house or bungalow: Detached,33,21,3,18,12,7,5
S01007954,Whole house or bungalow: Semi-detached,246,125,40,85,121,100,21
S01007954,Whole house or bungalow: Terraced (including end-terrace),202,109,26,83,93,79,14
S01007954,Flat maisonette or apartment or mobile/temporary accommodation,247,40,6,34,207,200,7
S01007955,All people in households,833,424,130,294,409,361,48
S01007955,Whole house or bungalow: Total,810,417,127,290,393,348,45
S01007955,Whole house or bungalow: Detached,46,30,23,7,16,16,0
S01007955,Whole house or bungalow: Semi-detached,280,122,37,85,158,137,21
S01007955,Whole house or bungalow: Terraced (including end-terrace),484,265,67,198,219,195,24
S01007955,Flat maisonette or apartment or mobile/temporary accommodation,23,7,3,4,16,13,3
S01007956,All people in households,745,389,85,304,356,306,50
S01007956,Whole house or bungalow: Total,731,384,85,299,347,297,50
S01007956,Whole house or bungalow: Detached,22,9,2,7,13,9,4
S01007956,Whole house or bungalow: Semi-detached,275,134,32,102,141,127,14
S01007956,Whole house or bungalow: Terraced (including end-terrace),434,241,51,190,193,161,32
S01007956,Flat maisonette or apartment or mobile/temporary accommodation,14,5,0,5,9,9,0
S01007957,All people in households,928,544,163,381,384,317,67
S01007957,Whole house or bungalow: Total,747,490,145,345,257,215,42
S01007957,Whole house or bungalow: Detached,112,90,34,56,22,18,4
S01007957,Whole house or bungalow: Semi-detached,282,169,50,119,113,95,18
S01007957,Whole house or bungalow: Terraced (including end-terrace),353,231,61,170,122,102,20
S01007957,Flat maisonette or apartment or mobile/temporary accommodation,181,54,18,36,127,102,25
S01007958,All people in households,809,388,97,291,421,384,37
S01007958,Whole house or bungalow: Total,363,273,65,208,90,75,15
S01007958,Whole house or bungalow: Detached,144,135,35,100,9,0,9
S01007958,Whole house or bungalow: Semi-detached,135,67,14,53,68,64,4
S01007958,Whole house or bungalow: Terraced (including end-terrace),84,71,16,55,13,11,2
S01007958,Flat maisonette or apartment or mobile/temporary accommodation,446,115,32,83,331,309,22
S01007959,All people in households,761,674,283,391,87,58,29
S01007959,Whole house or bungalow: Total,690,625,268,357,65,51,14
S01007959,Whole house or bungalow: Detached,155,150,76,74,5,3,2
S01007959,Whole house or bungalow: Semi-detached,353,325,137,188,28,23,5
S01007959,Whole house or bungalow: Terraced (including end-terrace),182,150,55,95,32,25,7
S01007959,Flat maisonette or apartment or mobile/temporary accommodation,71,49,15,34,22,7,15
S01007960,All people in households,696,424,120,304,272,242,30
S01007960,Whole house or bungalow: Total,602,400,115,285,202,172,30
S01007960,Whole house or bungalow: Detached,119,110,16,94,9,1,8
S01007960,Whole house or bungalow: Semi-detached,245,156,46,110,89,73,16
S01007960,Whole house or bungalow: Terraced (including end-terrace),238,134,53,81,104,98,6
S01007960,Flat maisonette or apartment or mobile/temporary accommodation,94,24,5,19,70,70,0
S01007961,All people in households,703,531,285,246,172,33,139
S01007961,Whole house or bungalow: Total,681,530,284,246,151,27,124
S01007961,Whole house or bungalow: Detached,476,391,240,151,85,5,80
S01007961,Whole house or bungalow: Semi-detached,109,61,22,39,48,9,39
S01007961,Whole house or bungalow: Terraced (including end-terrace),96,78,22,56,18,13,5
S01007961,Flat maisonette or apartment or mobile/temporary accommodation,22,1,1,0,21,6,15
S01007962,All people in households,597,350,69,281,247,175,72
S01007962,Whole house or bungalow: Total,503,331,62,269,172,104,68
S01007962,Whole house or bungalow: Detached,33,16,8,8,17,5,12
S01007962,Whole house or bungalow: Semi-detached,371,260,48,212,111,66,45
S01007962,Whole house or bungalow: Terraced (including end-terrace),99,55,6,49,44,33,11
S01007962,Flat maisonette or apartment or mobile/temporary accommodation,94,19,7,12,75,71,4
S01007963,All people in households,1003,158,66,92,845,796,49
S01007963,Whole house or bungalow: Total,604,124,46,78,480,457,23
S01007963,Whole house or bungalow: Detached,56,14,6,8,42,42,0
S01007963,Whole house or bungalow: Semi-detached,479,85,31,54,394,371,23
S01007963,Whole house or bungalow: Terraced (including end-terrace),69,25,9,16,44,44,0
S01007963,Flat maisonette or apartment or mobile/temporary accommodation,399,34,20,14,365,339,26
S01007964,All people in households,791,368,134,234,423,346,77
S01007964,Whole house or bungalow: Total,629,324,122,202,305,236,69
S01007964,Whole house or bungalow: Detached,43,33,13,20,10,10,0
S01007964,Whole house or bungalow: Semi-detached,461,242,85,157,219,189,30
S01007964,Whole house or bungalow: Terraced (including end-terrace),125,49,24,25,76,37,39
S01007964,Flat maisonette or apartment or mobile/temporary accommodation,162,44,12,32,118,110,8
S01007965,All people in households,576,284,79,205,292,252,40
S01007965,Whole house or bungalow: Total,361,197,57,140,164,133,31
S01007965,Whole house or bungalow: Detached,26,17,3,14,9,9,0
S01007965,Whole house or bungalow: Semi-detached,283,154,40,114,129,98,31
S01007965,Whole house or bungalow: Terraced (including end-terrace),52,26,14,12,26,26,0
S01007965,Flat maisonette or apartment or mobile/temporary accommodation,215,87,22,65,128,119,9
S01007966,All people in households,977,357,117,240,620,564,56
S01007966,Whole house or bungalow: Total,844,325,112,213,519,471,48
S01007966,Whole house or bungalow: Detached,79,14,5,9,65,61,4
S01007966,Whole house or bungalow: Semi-detached,580,249,78,171,331,304,27
S01007966,Whole house or bungalow: Terraced (including end-terrace),185,62,29,33,123,106,17
S01007966,Flat maisonette or apartment or mobile/temporary accommodation,133,32,5,27,101,93,8
S01007967,All people in households,639,187,36,151,452,407,45
S01007967,Whole house or bungalow: Total,573,182,36,146,391,349,42
S01007967,Whole house or bungalow: Detached,34,13,0,13,21,15,6
S01007967,Whole house or bungalow: Semi-detached,480,151,28,123,329,300,29
S01007967,Whole house or bungalow: Terraced (including end-terrace),59,18,8,10,41,34,7
S01007967,Flat maisonette or apartment or mobile/temporary accommodation,66,5,0,5,61,58,3
S01007968,All people in households,869,616,196,420,253,199,54
S01007968,Whole house or bungalow: Total,752,562,183,379,190,159,31
S01007968,Whole house or bungalow: Detached,26,19,8,11,7,3,4
S01007968,Whole house or bungalow: Semi-detached,333,253,79,174,80,66,14
S01007968,Whole house or bungalow: Terraced (including end-terrace),393,290,96,194,103,90,13
S01007968,Flat maisonette or apartment or mobile/temporary accommodation,117,54,13,41,63,40,23
S01007969,All people in households,840,534,187,347,306,268,38
S01007969,Whole house or bungalow: Total,640,462,172,290,178,158,20
S01007969,Whole house or bungalow: Detached,30,24,12,12,6,5,1
S01007969,Whole house or bungalow: Semi-detached,388,297,103,194,91,83,8
S01007969,Whole house or bungalow: Terraced (including end-terrace),222,141,57,84,81,70,11
S01007969,Flat maisonette or apartment or mobile/temporary accommodation,200,72,15,57,128,110,18
S01007970,All people in households,874,504,150,354,370,293,77
S01007970,Whole house or bungalow: Total,700,457,140,317,243,194,49
S01007970,Whole house or bungalow: Detached,20,14,11,3,6,6,0
S01007970,Whole house or bungalow: Semi-detached,354,218,67,151,136,109,27
S01007970,Whole house or bungalow: Terraced (including end-terrace),326,225,62,163,101,79,22
S01007970,Flat maisonette or apartment or mobile/temporary accommodation,174,47,10,37,127,99,28
S01007971,All people in households,927,499,155,344,428,367,61
S01007971,Whole house or bungalow: Total,649,417,135,282,232,197,35
S01007971,Whole house or bungalow: Detached,25,11,7,4,14,14,0
S01007971,Whole house or bungalow: Semi-detached,395,247,89,158,148,117,31
S01007971,Whole house or bungalow: Terraced (including end-terrace),229,159,39,120,70,66,4
S01007971,Flat maisonette or apartment or mobile/temporary accommodation,278,82,20,62,196,170,26
S01007972,All people in households,828,536,128,408,292,232,60
S01007972,Whole house or bungalow: Total,769,502,120,382,267,215,52
S01007972,Whole house or bungalow: Detached,8,2,0,2,6,4,2
S01007972,Whole house or bungalow: Semi-detached,415,285,75,210,130,103,27
S01007972,Whole house or bungalow: Terraced (including end-terrace),346,215,45,170,131,108,23
S01007972,Flat maisonette or apartment or mobile/temporary accommodation,59,34,8,26,25,17,8
S01007973,All people in households,816,790,335,455,26,9,17
S01007973,Whole house or bungalow: Total,806,785,332,453,21,4,17
S01007973,Whole house or bungalow: Detached,166,166,86,80,0,0,0
S01007973,Whole house or bungalow: Semi-detached,603,586,244,342,17,0,17
S01007973,Whole house or bungalow: Terraced (including end-terrace),37,33,2,31,4,4,0
S01007973,Flat maisonette or apartment or mobile/temporary accommodation,10,5,3,2,5,5,0
S01007974,All people in households,784,368,114,254,416,361,55
S01007974,Whole house or bungalow: Total,274,177,66,111,97,77,20
S01007974,Whole house or bungalow: Detached,29,29,5,24,0,0,0
S01007974,Whole house or bungalow: Semi-detached,218,134,57,77,84,64,20
S01007974,Whole house or bungalow: Terraced (including end-terrace),27,14,4,10,13,13,0
S01007974,Flat maisonette or apartment or mobile/temporary accommodation,510,191,48,143,319,284,35
S01007975,All people in households,655,391,124,267,264,186,78
S01007975,Whole house or bungalow: Total,533,353,104,249,180,163,17
S01007975,Whole house or bungalow: Detached,22,12,9,3,10,8,2
S01007975,Whole house or bungalow: Semi-detached,260,181,62,119,79,75,4
S01007975,Whole house or bungalow: Terraced (including end-terrace),251,160,33,127,91,80,11
S01007975,Flat maisonette or apartment or mobile/temporary accommodation,122,38,20,18,84,23,61
S01007976,All people in households,703,355,155,200,348,238,110
S01007976,Whole house or bungalow: Total,257,172,83,89,85,53,32
S01007976,Whole house or bungalow: Detached,18,18,9,9,0,0,0
S01007976,Whole house or bungalow: Semi-detached,142,97,45,52,45,21,24
S01007976,Whole house or bungalow: Terraced (including end-terrace),97,57,29,28,40,32,8
S01007976,Flat maisonette or apartment or mobile/temporary accommodation,446,183,72,111,263,185,78
S01007977,All people in households,645,498,149,349,147,63,84
S01007977,Whole house or bungalow: Total,442,387,113,274,55,33,22
S01007977,Whole house or bungalow: Detached,37,33,9,24,4,2,2
S01007977,Whole house or bungalow: Semi-detached,230,197,56,141,33,25,8
S01007977,Whole house or bungalow: Terraced (including end-terrace),175,157,48,109,18,6,12
S01007977,Flat maisonette or apartment or mobile/temporary accommodation,203,111,36,75,92,30,62
S01007978,All people in households,559,303,75,228,256,102,154
S01007978,Whole house or bungalow: Total,97,68,13,55,29,19,10
S01007978,Whole house or bungalow: Detached,21,21,8,13,0,0,0
S01007978,Whole house or bungalow: Semi-detached,30,23,1,22,7,7,0
S01007978,Whole house or bungalow: Terraced (including end-terrace),46,24,4,20,22,12,10
S01007978,Flat maisonette or apartment or mobile/temporary accommodation,462,235,62,173,227,83,144
S01007979,All people in households,829,689,227,462,140,63,77
S01007979,Whole house or bungalow: Total,591,527,176,351,64,46,18
S01007979,Whole house or bungalow: Detached,169,160,62,98,9,2,7
S01007979,Whole house or bungalow: Semi-detached,288,254,79,175,34,25,9
S01007979,Whole house or bungalow: Terraced (including end-terrace),134,113,35,78,21,19,2
S01007979,Flat maisonette or apartment or mobile/temporary accommodation,238,162,51,111,76,17,59
S01007980,All people in households,701,548,218,330,153,98,55
S01007980,Whole house or bungalow: Total,513,441,167,274,72,48,24
S01007980,Whole house or bungalow: Detached,123,117,51,66,6,2,4
S01007980,Whole house or bungalow: Semi-detached,352,304,114,190,48,36,12
S01007980,Whole house or bungalow: Terraced (including end-terrace),38,20,2,18,18,10,8
S01007980,Flat maisonette or apartment or mobile/temporary accommodation,188,107,51,56,81,50,31
S01007981,All people in households,547,505,281,224,42,16,26
S01007981,Whole house or bungalow: Total,535,501,281,220,34,14,20
S01007981,Whole house or bungalow: Detached,88,88,50,38,0,0,0
S01007981,Whole house or bungalow: Semi-detached,414,392,225,167,22,2,20
S01007981,Whole house or bungalow: Terraced (including end-terrace),33,21,6,15,12,12,0
S01007981,Flat maisonette or apartment or mobile/temporary accommodation,12,4,0,4,8,2,6
S01007982,All people in households,514,448,202,246,66,55,11
S01007982,Whole house or bungalow: Total,503,442,202,240,61,50,11
S01007982,Whole house or bungalow: Detached,198,193,103,90,5,0,5
S01007982,Whole house or bungalow: Semi-detached,155,132,46,86,23,23,0
S01007982,Whole house or bungalow: Terraced (including end-terrace),150,117,53,64,33,27,6
S01007982,Flat maisonette or apartment or mobile/temporary accommodation,11,6,0,6,5,5,0
S01007983,All people in households,777,366,161,205,411,363,48
S01007983,Whole house or bungalow: Total,548,344,154,190,204,165,39
S01007983,Whole house or bungalow: Detached,30,21,4,17,9,5,4
S01007983,Whole house or bungalow: Semi-detached,95,43,26,17,52,46,6
S01007983,Whole house or bungalow: Terraced (including end-terrace),423,280,124,156,143,114,29
S01007983,Flat maisonette or apartment or mobile/temporary accommodation,229,22,7,15,207,198,9
S01007984,All people in households,825,638,234,404,187,139,48
S01007984,Whole house or bungalow: Total,739,600,223,377,139,97,42
S01007984,Whole house or bungalow: Detached,72,53,17,36,19,7,12
S01007984,Whole house or bungalow: Semi-detached,236,205,82,123,31,20,11
S01007984,Whole house or bungalow: Terraced (including end-terrace),431,342,124,218,89,70,19
S01007984,Flat maisonette or apartment or mobile/temporary accommodation,86,38,11,27,48,42,6
S01007985,All people in households,923,463,146,317,460,375,85
S01007985,Whole house or bungalow: Total,678,456,141,315,222,148,74
S01007985,Whole house or bungalow: Detached,14,8,3,5,6,2,4
S01007985,Whole house or bungalow: Semi-detached,106,60,16,44,46,22,24
S01007985,Whole house or bungalow: Terraced (including end-terrace),558,388,122,266,170,124,46
S01007985,Flat maisonette or apartment or mobile/temporary accommodation,245,7,5,2,238,227,11
S01007986,All people in households,576,417,116,301,159,106,53
S01007986,Whole house or bungalow: Total,563,417,116,301,146,95,51
S01007986,Whole house or bungalow: Detached,141,126,4,122,15,0,15
S01007986,Whole house or bungalow: Semi-detached,105,84,26,58,21,4,17
S01007986,Whole house or bungalow: Terraced (including end-terrace),317,207,86,121,110,91,19
S01007986,Flat maisonette or apartment or mobile/temporary accommodation,13,0,0,0,13,11,2
S01007987,All people in households,759,631,202,429,128,79,49
S01007987,Whole house or bungalow: Total,728,616,195,421,112,66,46
S01007987,Whole house or bungalow: Detached,243,236,86,150,7,0,7
S01007987,Whole house or bungalow: Semi-detached,162,141,62,79,21,14,7
S01007987,Whole house or bungalow: Terraced (including end-terrace),323,239,47,192,84,52,32
S01007987,Flat maisonette or apartment or mobile/temporary accommodation,31,15,7,8,16,13,3
S01007988,All people in households,817,555,158,397,262,207,55
S01007988,Whole house or bungalow: Total,801,555,158,397,246,191,55
S01007988,Whole house or bungalow: Detached,38,23,6,17,15,13,2
S01007988,Whole house or bungalow: Semi-detached,136,91,25,66,45,39,6
S01007988,Whole house or bungalow: Terraced (including end-terrace),627,441,127,314,186,139,47
S01007988,Flat maisonette or apartment or mobile/temporary accommodation,16,0,0,0,16,16,0
S01007989,All people in households,722,404,97,307,318,191,127
S01007989,Whole house or bungalow: Total,705,403,96,307,302,178,124
S01007989,Whole house or bungalow: Detached,26,19,4,15,7,7,0
S01007989,Whole house or bungalow: Semi-detached,237,112,24,88,125,78,47
S01007989,Whole house or bungalow: Terraced (including end-terrace),442,272,68,204,170,93,77
S01007989,Flat maisonette or apartment or mobile/temporary accommodation,17,1,1,0,16,13,3
S01007990,All people in households,928,671,110,561,257,159,98
S01007990,Whole house or bungalow: Total,884,642,103,539,242,149,93
S01007990,Whole house or bungalow: Detached,126,104,20,84,22,0,22
S01007990,Whole house or bungalow: Semi-detached,242,197,24,173,45,30,15
S01007990,Whole house or bungalow: Terraced (including end-terrace),516,341,59,282,175,119,56
S01007990,Flat maisonette or apartment or mobile/temporary accommodation,44,29,7,22,15,10,5
S01007991,All people in households,958,873,180,693,85,24,61
S01007991,Whole house or bungalow: Total,950,868,179,689,82,23,59
S01007991,Whole house or bungalow: Detached,822,768,164,604,54,0,54
S01007991,Whole house or bungalow: Semi-detached,111,90,14,76,21,16,5
S01007991,Whole house or bungalow: Terraced (including end-terrace),17,10,1,9,7,7,0
S01007991,Flat maisonette or apartment or mobile/temporary accommodation,8,5,1,4,3,1,2
S01007992,All people in households,657,607,98,509,50,10,40
S01007992,Whole house or bungalow: Total,645,603,98,505,42,6,36
S01007992,Whole house or bungalow: Detached,470,447,78,369,23,0,23
S01007992,Whole house or bungalow: Semi-detached,162,145,20,125,17,6,11
S01007992,Whole house or bungalow: Terraced (including end-terrace),13,11,0,11,2,0,2
S01007992,Flat maisonette or apartment or mobile/temporary accommodation,12,4,0,4,8,4,4
S01007993,All people in households,818,755,273,482,63,27,36
S01007993,Whole house or bungalow: Total,809,752,273,479,57,21,36
S01007993,Whole house or bungalow: Detached,280,266,111,155,14,0,14
S01007993,Whole house or bungalow: Semi-detached,520,486,162,324,34,12,22
S01007993,Whole house or bungalow: Terraced (including end-terrace),9,0,0,0,9,9,0
S01007993,Flat maisonette or apartment or mobile/temporary accommodation,9,3,0,3,6,6,0
S01007994,All people in households,853,769,99,670,84,36,48
S01007994,Whole house or bungalow: Total,851,767,99,668,84,36,48
S01007994,Whole house or bungalow: Detached,691,644,85,559,47,0,47
S01007994,Whole house or bungalow: Semi-detached,141,121,14,107,20,19,1
S01007994,Whole house or bungalow: Terraced (including end-terrace),19,2,0,2,17,17,0
S01007994,Flat maisonette or apartment or mobile/temporary accommodation,2,2,0,2,0,0,0
S01007995,All people in households,887,836,148,688,51,17,34
S01007995,Whole house or bungalow: Total,887,836,148,688,51,17,34
S01007995,Whole house or bungalow: Detached,591,575,53,522,16,0,16
S01007995,Whole house or bungalow: Semi-detached,268,243,92,151,25,13,12
S01007995,Whole house or bungalow: Terraced (including end-terrace),28,18,3,15,10,4,6
S01007995,Flat maisonette or apartment or mobile/temporary accommodation,0,0,0,0,0,0,0
S01007996,All people in households,468,412,158,254,56,19,37
S01007996,Whole house or bungalow: Total,455,403,155,248,52,18,34
S01007996,Whole house or bungalow: Detached,297,272,113,159,25,1,24
S01007996,Whole house or bungalow: Semi-detached,127,112,38,74,15,9,6
S01007996,Whole house or bungalow: Terraced (including end-terrace),31,19,4,15,12,8,4
S01007996,Flat maisonette or apartment or mobile/temporary accommodation,13,9,3,6,4,1,3
S01007997,All people in households,669,619,313,306,50,11,39
S01007997,Whole house or bungalow: Total,649,610,309,301,39,5,34
S01007997,Whole house or bungalow: Detached,418,400,219,181,18,0,18
S01007997,Whole house or bungalow: Semi-detached,181,169,79,90,12,5,7
S01007997,Whole house or bungalow: Terraced (including end-terrace),50,41,11,30,9,0,9
S01007997,Flat maisonette or apartment or mobile/temporary accommodation,20,9,4,5,11,6,5
S01007998,All people in households,506,441,204,237,65,36,29
S01007998,Whole house or bungalow: Total,415,378,184,194,37,20,17
S01007998,Whole house or bungalow: Detached,244,232,135,97,12,4,8
S01007998,Whole house or bungalow: Semi-detached,153,139,46,93,14,7,7
S01007998,Whole house or bungalow: Terraced (including end-terrace),18,7,3,4,11,9,2
S01007998,Flat maisonette or apartment or mobile/temporary accommodation,91,63,20,43,28,16,12
S01007999,All people in households,656,314,72,242,342,301,41
S01007999,Whole house or bungalow: Total,601,300,67,233,301,270,31
S01007999,Whole house or bungalow: Detached,16,13,5,8,3,2,1
S01007999,Whole house or bungalow: Semi-detached,236,135,25,110,101,85,16
S01007999,Whole house or bungalow: Terraced (including end-terrace),349,152,37,115,197,183,14
S01007999,Flat maisonette or apartment or mobile/temporary accommodation,55,14,5,9,41,31,10
S01008000,All people in households,868,323,100,223,545,510,35
S01008000,Whole house or bungalow: Total,812,320,97,223,492,462,30
S01008000,Whole house or bungalow: Detached,52,38,21,17,14,11,3
S01008000,Whole house or bungalow: Semi-detached,312,118,27,91,194,183,11
S01008000,Whole house or bungalow: Terraced (including end-terrace),448,164,49,115,284,268,16
S01008000,Flat maisonette or apartment or mobile/temporary accommodation,56,3,3,0,53,48,5
S01008001,All people in households,858,242,65,177,616,579,37
S01008001,Whole house or bungalow: Total,711,237,61,176,474,440,34
S01008001,Whole house or bungalow: Detached,38,18,2,16,20,12,8
S01008001,Whole house or bungalow: Semi-detached,290,108,34,74,182,166,16
S01008001,Whole house or bungalow: Terraced (including end-terrace),383,111,25,86,272,262,10
S01008001,Flat maisonette or apartment or mobile/temporary accommodation,147,5,4,1,142,139,3
S01008002,All people in households,781,232,64,168,549,499,50
S01008002,Whole house or bungalow: Total,689,214,63,151,475,431,44
S01008002,Whole house or bungalow: Detached,77,35,9,26,42,11,31
S01008002,Whole house or bungalow: Semi-detached,448,120,43,77,328,317,11
S01008002,Whole house or bungalow: Terraced (including end-terrace),164,59,11,48,105,103,2
S01008002,Flat maisonette or apartment or mobile/temporary accommodation,92,18,1,17,74,68,6
S01008003,All people in households,596,352,56,296,244,160,84
S01008003,Whole house or bungalow: Total,512,333,53,280,179,102,77
S01008003,Whole house or bungalow: Detached,143,115,16,99,28,2,26
S01008003,Whole house or bungalow: Semi-detached,221,132,25,107,89,57,32
S01008003,Whole house or bungalow: Terraced (including end-terrace),148,86,12,74,62,43,19
S01008003,Flat maisonette or apartment or mobile/temporary accommodation,84,19,3,16,65,58,7
S01008004,All people in households,673,462,45,417,211,79,132
S01008004,Whole house or bungalow: Total,639,449,42,407,190,58,132
S01008004,Whole house or bungalow: Detached,255,233,18,215,22,2,20
S01008004,Whole house or bungalow: Semi-detached,259,176,24,152,83,24,59
S01008004,Whole house or bungalow: Terraced (including end-terrace),125,40,0,40,85,32,53
S01008004,Flat maisonette or apartment or mobile/temporary accommodation,34,13,3,10,21,21,0
S01008005,All people in households,565,303,16,287,262,208,54
S01008005,Whole house or bungalow: Total,554,303,16,287,251,200,51
S01008005,Whole house or bungalow: Detached,109,98,10,88,11,11,0
S01008005,Whole house or bungalow: Semi-detached,341,128,4,124,213,187,26
S01008005,Whole house or bungalow: Terraced (including end-terrace),104,77,2,75,27,2,25
S01008005,Flat maisonette or apartment or mobile/temporary accommodation,11,0,0,0,11,8,3
S01008006,All people in households,579,140,37,103,439,407,32
S01008006,Whole house or bungalow: Total,434,101,24,77,333,309,24
S01008006,Whole house or bungalow: Detached,46,32,9,23,14,9,5
S01008006,Whole house or bungalow: Semi-detached,246,47,9,38,199,190,9
S01008006,Whole house or bungalow: Terraced (including end-terrace),142,22,6,16,120,110,10
S01008006,Flat maisonette or apartment or mobile/temporary accommodation,145,39,13,26,106,98,8
S01008007,All people in households,430,163,48,115,267,149,118
S01008007,Whole house or bungalow: Total,215,78,20,58,137,115,22
S01008007,Whole house or bungalow: Detached,17,10,4,6,7,6,1
S01008007,Whole house or bungalow: Semi-detached,95,42,9,33,53,41,12
S01008007,Whole house or bungalow: Terraced (including end-terrace),103,26,7,19,77,68,9
S01008007,Flat maisonette or apartment or mobile/temporary accommodation,215,85,28,57,130,34,96
S01008008,All people in households,645,176,21,155,469,430,39
S01008008,Whole house or bungalow: Total,564,170,20,150,394,358,36
S01008008,Whole house or bungalow: Detached,43,25,2,23,18,18,0
S01008008,Whole house or bungalow: Semi-detached,443,142,17,125,301,278,23
S01008008,Whole house or bungalow: Terraced (including end-terrace),78,3,1,2,75,62,13
S01008008,Flat maisonette or apartment or mobile/temporary accommodation,81,6,1,5,75,72,3
S01008009,All people in households,785,223,55,168,562,481,81
S01008009,Whole house or bungalow: Total,555,167,36,131,388,345,43
S01008009,Whole house or bungalow: Detached,77,56,17,39,21,21,0
S01008009,Whole house or bungalow: Semi-detached,411,103,18,85,308,276,32
S01008009,Whole house or bungalow: Terraced (including end-terrace),67,8,1,7,59,48,11
S01008009,Flat maisonette or apartment or mobile/temporary accommodation,230,56,19,37,174,136,38
S01008010,All people in households,858,452,121,331,406,311,95
S01008010,Whole house or bungalow: Total,562,431,117,314,131,64,67
S01008010,Whole house or bungalow: Detached,159,134,35,99,25,7,18
S01008010,Whole house or bungalow: Semi-detached,303,226,67,159,77,41,36
S01008010,Whole house or bungalow: Terraced (including end-terrace),100,71,15,56,29,16,13
S01008010,Flat maisonette or apartment or mobile/temporary accommodation,296,21,4,17,275,247,28
S01008011,All people in households,657,186,84,102,471,338,133
S01008011,Whole house or bungalow: Total,153,53,16,37,100,88,12
S01008011,Whole house or bungalow: Detached,42,24,11,13,18,13,5
S01008011,Whole house or bungalow: Semi-detached,41,16,1,15,25,20,5
S01008011,Whole house or bungalow: Terraced (including end-terrace),70,13,4,9,57,55,2
S01008011,Flat maisonette or apartment or mobile/temporary accommodation,504,133,68,65,371,250,121
S01008012,All people in households,760,407,133,274,353,94,259
S01008012,Whole house or bungalow: Total,209,173,55,118,36,10,26
S01008012,Whole house or bungalow: Detached,49,43,17,26,6,1,5
S01008012,Whole house or bungalow: Semi-detached,107,93,32,61,14,5,9
S01008012,Whole house or bungalow: Terraced (including end-terrace),53,37,6,31,16,4,12
S01008012,Flat maisonette or apartment or mobile/temporary accommodation,551,234,78,156,317,84,233
S01008013,All people in households,605,346,85,261,259,105,154
S01008013,Whole house or bungalow: Total,254,180,48,132,74,46,28
S01008013,Whole house or bungalow: Detached,58,48,7,41,10,1,9
S01008013,Whole house or bungalow: Semi-detached,112,68,21,47,44,35,9
S01008013,Whole house or bungalow: Terraced (including end-terrace),84,64,20,44,20,10,10
S01008013,Flat maisonette or apartment or mobile/temporary accommodation,351,166,37,129,185,59,126
S01008014,All people in households,622,481,170,311,141,67,74
S01008014,Whole house or bungalow: Total,412,364,138,226,48,25,23
S01008014,Whole house or bungalow: Detached,120,110,36,74,10,0,10
S01008014,Whole house or bungalow: Semi-detached,281,244,102,142,37,24,13
S01008014,Whole house or bungalow: Terraced (including end-terrace),11,10,0,10,1,1,0
S01008014,Flat maisonette or apartment or mobile/temporary accommodation,210,117,32,85,93,42,51
S01008015,All people in households,776,404,121,283,372,214,158
S01008015,Whole house or bungalow: Total,240,152,67,85,88,56,32
S01008015,Whole house or bungalow: Detached,22,21,6,15,1,0,1
S01008015,Whole house or bungalow: Semi-detached,135,85,48,37,50,28,22
S01008015,Whole house or bungalow: Terraced (including end-terrace),83,46,13,33,37,28,9
S01008015,Flat maisonette or apartment or mobile/temporary accommodation,536,252,54,198,284,158,126
S01008016,All people in households,781,481,194,287,300,189,111
S01008016,Whole house or bungalow: Total,238,174,64,110,64,44,20
S01008016,Whole house or bungalow: Detached,28,22,11,11,6,3,3
S01008016,Whole house or bungalow: Semi-detached,180,132,51,81,48,33,15
S01008016,Whole house or bungalow: Terraced (including end-terrace),30,20,2,18,10,8,2
S01008016,Flat maisonette or apartment or mobile/temporary accommodation,543,307,130,177,236,145,91
S01008017,All people in households,879,821,396,425,58,15,43
S01008017,Whole house or bungalow: Total,841,794,377,417,47,12,35
S01008017,Whole house or bungalow: Detached,330,312,153,159,18,0,18
S01008017,Whole house or bungalow: Semi-detached,433,413,211,202,20,7,13
S01008017,Whole house or bungalow: Terraced (including end-terrace),78,69,13,56,9,5,4
S01008017,Flat maisonette or apartment or mobile/temporary accommodation,38,27,19,8,11,3,8
S01008018,All people in households,634,553,306,247,81,9,72
S01008018,Whole house or bungalow: Total,455,426,240,186,29,6,23
S01008018,Whole house or bungalow: Detached,260,253,153,100,7,0,7
S01008018,Whole house or bungalow: Semi-detached,178,162,80,82,16,0,16
S01008018,Whole house or bungalow: Terraced (including end-terrace),17,11,7,4,6,6,0
S01008018,Flat maisonette or apartment or mobile/temporary accommodation,179,127,66,61,52,3,49
S01008019,All people in households,695,627,205,422,68,19,49
S01008019,Whole house or bungalow: Total,562,534,172,362,28,15,13
S01008019,Whole house or bungalow: Detached,149,146,50,96,3,0,3
S01008019,Whole house or bungalow: Semi-detached,334,318,98,220,16,6,10
S01008019,Whole house or bungalow: Terraced (including end-terrace),79,70,24,46,9,9,0
S01008019,Flat maisonette or apartment or mobile/temporary accommodation,133,93,33,60,40,4,36
S01008020,All people in households,587,447,149,298,140,22,118
S01008020,Whole house or bungalow: Total,301,256,95,161,45,11,34
S01008020,Whole house or bungalow: Detached,97,97,36,61,0,0,0
S01008020,Whole house or bungalow: Semi-detached,186,153,53,100,33,8,25
S01008020,Whole house or bungalow: Terraced (including end-terrace),18,6,6,0,12,3,9
S01008020,Flat maisonette or apartment or mobile/temporary accommodation,286,191,54,137,95,11,84
S01008021,All people in households,571,529,238,291,42,8,34
S01008021,Whole house or bungalow: Total,518,488,225,263,30,8,22
S01008021,Whole house or bungalow: Detached,180,177,102,75,3,0,3
S01008021,Whole house or bungalow: Semi-detached,328,304,118,186,24,8,16
S01008021,Whole house or bungalow: Terraced (including end-terrace),10,7,5,2,3,0,3
S01008021,Flat maisonette or apartment or mobile/temporary accommodation,53,41,13,28,12,0,12
S01008022,All people in households,728,692,313,379,36,1,35
S01008022,Whole house or bungalow: Total,705,677,310,367,28,0,28
S01008022,Whole house or bungalow: Detached,390,374,169,205,16,0,16
S01008022,Whole house or bungalow: Semi-detached,311,300,141,159,11,0,11
S01008022,Whole house or bungalow: Terraced (including end-terrace),4,3,0,3,1,0,1
S01008022,Flat maisonette or apartment or mobile/temporary accommodation,23,15,3,12,8,1,7
S01008023,All people in households,734,711,138,573,23,2,21
S01008023,Whole house or bungalow: Total,729,707,138,569,22,1,21
S01008023,Whole house or bungalow: Detached,635,617,124,493,18,1,17
S01008023,Whole house or bungalow: Semi-detached,84,84,14,70,0,0,0
S01008023,Whole house or bungalow: Terraced (including end-terrace),10,6,0,6,4,0,4
S01008023,Flat maisonette or apartment or mobile/temporary accommodation,5,4,0,4,1,1,0
S01008024,All people in households,685,612,63,549,73,30,43
S01008024,Whole house or bungalow: Total,654,605,63,542,49,19,30
S01008024,Whole house or bungalow: Detached,501,474,39,435,27,0,27
S01008024,Whole house or bungalow: Semi-detached,120,116,24,92,4,4,0
S01008024,Whole house or bungalow: Terraced (including end-terrace),33,15,0,15,18,15,3
S01008024,Flat maisonette or apartment or mobile/temporary accommodation,31,7,0,7,24,11,13
S01008025,All people in households,685,647,210,437,38,11,27
S01008025,Whole house or bungalow: Total,663,631,207,424,32,8,24
S01008025,Whole house or bungalow: Detached,180,168,61,107,12,2,10
S01008025,Whole house or bungalow: Semi-detached,458,445,145,300,13,2,11
S01008025,Whole house or bungalow: Terraced (including end-terrace),25,18,1,17,7,4,3
S01008025,Flat maisonette or apartment or mobile/temporary accommodation,22,16,3,13,6,3,3
S01008026,All people in households,1026,673,195,478,353,258,95
S01008026,Whole house or bungalow: Total,781,558,167,391,223,165,58
S01008026,Whole house or bungalow: Detached,170,159,52,107,11,3,8
S01008026,Whole house or bungalow: Semi-detached,330,239,65,174,91,65,26
S01008026,Whole house or bungalow: Terraced (including end-terrace),281,160,50,110,121,97,24
S01008026,Flat maisonette or apartment or mobile/temporary accommodation,245,115,28,87,130,93,37
S01008027,All people in households,563,346,133,213,217,174,43
S01008027,Whole house or bungalow: Total,356,247,102,145,109,87,22
S01008027,Whole house or bungalow: Detached,55,47,17,30,8,5,3
S01008027,Whole house or bungalow: Semi-detached,131,64,41,23,67,60,7
S01008027,Whole house or bungalow: Terraced (including end-terrace),170,136,44,92,34,22,12
S01008027,Flat maisonette or apartment or mobile/temporary accommodation,207,99,31,68,108,87,21
S01008028,All people in households,585,476,96,380,109,67,42
S01008028,Whole house or bungalow: Total,518,438,89,349,80,42,38
S01008028,Whole house or bungalow: Detached,137,133,26,107,4,0,4
S01008028,Whole house or bungalow: Semi-detached,247,209,31,178,38,11,27
S01008028,Whole house or bungalow: Terraced (including end-terrace),134,96,32,64,38,31,7
S01008028,Flat maisonette or apartment or mobile/temporary accommodation,67,38,7,31,29,25,4
S01008029,All people in households,784,593,270,323,191,83,108
S01008029,Whole house or bungalow: Total,676,547,257,290,129,50,79
S01008029,Whole house or bungalow: Detached,380,338,175,163,42,5,37
S01008029,Whole house or bungalow: Semi-detached,236,167,73,94,69,31,38
S01008029,Whole house or bungalow: Terraced (including end-terrace),60,42,9,33,18,14,4
S01008029,Flat maisonette or apartment or mobile/temporary accommodation,108,46,13,33,62,33,29
S01008030,All people in households,1054,864,328,536,190,126,64
S01008030,Whole house or bungalow: Total,954,832,315,517,122,65,57
S01008030,Whole house or bungalow: Detached,464,447,165,282,17,0,17
S01008030,Whole house or bungalow: Semi-detached,343,276,112,164,67,38,29
S01008030,Whole house or bungalow: Terraced (including end-terrace),147,109,38,71,38,27,11
S01008030,Flat maisonette or apartment or mobile/temporary accommodation,100,32,13,19,68,61,7
S01008031,All people in households,881,539,189,350,342,277,65
S01008031,Whole house or bungalow: Total,669,465,174,291,204,156,48
S01008031,Whole house or bungalow: Detached,148,127,63,64,21,10,11
S01008031,Whole house or bungalow: Semi-detached,244,148,55,93,96,78,18
S01008031,Whole house or bungalow: Terraced (including end-terrace),277,190,56,134,87,68,19
S01008031,Flat maisonette or apartment or mobile/temporary accommodation,212,74,15,59,138,121,17
S01008032,All people in households,890,640,221,419,250,201,49
S01008032,Whole house or bungalow: Total,873,635,217,418,238,189,49
S01008032,Whole house or bungalow: Detached,158,143,40,103,15,12,3
S01008032,Whole house or bungalow: Semi-detached,440,310,123,187,130,111,19
S01008032,Whole house or bungalow: Terraced (including end-terrace),275,182,54,128,93,66,27
S01008032,Flat maisonette or apartment or mobile/temporary accommodation,17,5,4,1,12,12,0
S01008033,All people in households,810,744,225,519,66,23,43
S01008033,Whole house or bungalow: Total,807,741,224,517,66,23,43
S01008033,Whole house or bungalow: Detached,620,583,177,406,37,7,30
S01008033,Whole house or bungalow: Semi-detached,115,88,32,56,27,14,13
S01008033,Whole house or bungalow: Terraced (including end-terrace),72,70,15,55,2,2,0
S01008033,Flat maisonette or apartment or mobile/temporary accommodation,3,3,1,2,0,0,0
S01008034,All people in households,790,765,184,581,25,3,22
S01008034,Whole house or bungalow: Total,738,721,173,548,17,2,15
S01008034,Whole house or bungalow: Detached,532,521,126,395,11,0,11
S01008034,Whole house or bungalow: Semi-detached,115,114,22,92,1,0,1
S01008034,Whole house or bungalow: Terraced (including end-terrace),91,86,25,61,5,2,3
S01008034,Flat maisonette or apartment or mobile/temporary accommodation,52,44,11,33,8,1,7
S01008035,All people in households,627,548,202,346,79,51,28
S01008035,Whole house or bungalow: Total,578,524,195,329,54,26,28
S01008035,Whole house or bungalow: Detached,258,247,115,132,11,0,11
S01008035,Whole house or bungalow: Semi-detached,140,134,45,89,6,5,1
S01008035,Whole house or bungalow: Terraced (including end-terrace),180,143,35,108,37,21,16
S01008035,Flat maisonette or apartment or mobile/temporary accommodation,49,24,7,17,25,25,0
S01008036,All people in households,669,650,296,354,19,9,10
S01008036,Whole house or bungalow: Total,662,650,296,354,12,6,6
S01008036,Whole house or bungalow: Detached,247,247,113,134,0,0,0
S01008036,Whole house or bungalow: Semi-detached,364,355,155,200,9,6,3
S01008036,Whole house or bungalow: Terraced (including end-terrace),51,48,28,20,3,0,3
S01008036,Flat maisonette or apartment or mobile/temporary accommodation,7,0,0,0,7,3,4
S01008037,All people in households,1014,580,171,409,434,369,65
S01008037,Whole house or bungalow: Total,809,489,149,340,320,284,36
S01008037,Whole house or bungalow: Detached,31,25,13,12,6,3,3
S01008037,Whole house or bungalow: Semi-detached,434,259,71,188,175,162,13
S01008037,Whole house or bungalow: Terraced (including end-terrace),344,205,65,140,139,119,20
S01008037,Flat maisonette or apartment or mobile/temporary accommodation,205,91,22,69,114,85,29
S01008038,All people in households,761,467,95,372,294,259,35
S01008038,Whole house or bungalow: Total,665,441,88,353,224,196,28
S01008038,Whole house or bungalow: Detached,19,15,3,12,4,4,0
S01008038,Whole house or bungalow: Semi-detached,227,143,40,103,84,75,9
S01008038,Whole house or bungalow: Terraced (including end-terrace),419,283,45,238,136,117,19
S01008038,Flat maisonette or apartment or mobile/temporary accommodation,96,26,7,19,70,63,7
S01008039,All people in households,898,643,166,477,255,200,55
S01008039,Whole house or bungalow: Total,709,562,156,406,147,113,34
S01008039,Whole house or bungalow: Detached,70,58,15,43,12,0,12
S01008039,Whole house or bungalow: Semi-detached,460,373,101,272,87,72,15
S01008039,Whole house or bungalow: Terraced (including end-terrace),179,131,40,91,48,41,7
S01008039,Flat maisonette or apartment or mobile/temporary accommodation,189,81,10,71,108,87,21
S01008040,All people in households,814,709,326,383,105,75,30
S01008040,Whole house or bungalow: Total,807,707,324,383,100,75,25
S01008040,Whole house or bungalow: Detached,288,283,134,149,5,1,4
S01008040,Whole house or bungalow: Semi-detached,307,285,140,145,22,9,13
S01008040,Whole house or bungalow: Terraced (including end-terrace),212,139,50,89,73,65,8
S01008040,Flat maisonette or apartment or mobile/temporary accommodation,7,2,2,0,5,0,5
S01008041,All people in households,707,558,267,291,149,60,89
S01008041,Whole house or bungalow: Total,408,369,158,211,39,24,15
S01008041,Whole house or bungalow: Detached,54,53,30,23,1,0,1
S01008041,Whole house or bungalow: Semi-detached,239,223,93,130,16,4,12
S01008041,Whole house or bungalow: Terraced (including end-terrace),115,93,35,58,22,20,2
S01008041,Flat maisonette or apartment or mobile/temporary accommodation,299,189,109,80,110,36,74
S01008042,All people in households,597,533,263,270,64,20,44
S01008042,Whole house or bungalow: Total,446,430,188,242,16,5,11
S01008042,Whole house or bungalow: Detached,300,296,136,160,4,0,4
S01008042,Whole house or bungalow: Semi-detached,129,121,44,77,8,1,7
S01008042,Whole house or bungalow: Terraced (including end-terrace),17,13,8,5,4,4,0
S01008042,Flat maisonette or apartment or mobile/temporary accommodation,151,103,75,28,48,15,33
S01008043,All people in households,962,910,412,498,52,37,15
S01008043,Whole house or bungalow: Total,898,887,405,482,11,2,9
S01008043,Whole house or bungalow: Detached,430,428,191,237,2,0,2
S01008043,Whole house or bungalow: Semi-detached,450,441,210,231,9,2,7
S01008043,Whole house or bungalow: Terraced (including end-terrace),18,18,4,14,0,0,0
S01008043,Flat maisonette or apartment or mobile/temporary accommodation,64,23,7,16,41,35,6
S01008044,All people in households,959,883,448,435,76,11,65
S01008044,Whole house or bungalow: Total,769,736,346,390,33,5,28
S01008044,Whole house or bungalow: Detached,320,315,160,155,5,0,5
S01008044,Whole house or bungalow: Semi-detached,349,329,154,175,20,5,15
S01008044,Whole house or bungalow: Terraced (including end-terrace),100,92,32,60,8,0,8
S01008044,Flat maisonette or apartment or mobile/temporary accommodation,190,147,102,45,43,6,37
S01008045,All people in households,977,821,459,362,156,78,78
S01008045,Whole house or bungalow: Total,730,670,355,315,60,21,39
S01008045,Whole house or bungalow: Detached,525,490,265,225,35,8,27
S01008045,Whole house or bungalow: Semi-detached,118,108,62,46,10,0,10
S01008045,Whole house or bungalow: Terraced (including end-terrace),87,72,28,44,15,13,2
S01008045,Flat maisonette or apartment or mobile/temporary accommodation,247,151,104,47,96,57,39
S01008046,All people in households,847,490,225,265,357,257,100
S01008046,Whole house or bungalow: Total,383,272,89,183,111,91,20
S01008046,Whole house or bungalow: Detached,66,53,26,27,13,8,5
S01008046,Whole house or bungalow: Semi-detached,240,177,46,131,63,48,15
S01008046,Whole house or bungalow: Terraced (including end-terrace),77,42,17,25,35,35,0
S01008046,Flat maisonette or apartment or mobile/temporary accommodation,464,218,136,82,246,166,80
S01008047,All people in households,697,661,329,332,36,3,33
S01008047,Whole house or bungalow: Total,683,647,322,325,36,3,33
S01008047,Whole house or bungalow: Detached,380,368,204,164,12,0,12
S01008047,Whole house or bungalow: Semi-detached,245,226,97,129,19,1,18
S01008047,Whole house or bungalow: Terraced (including end-terrace),58,53,21,32,5,2,3
S01008047,Flat maisonette or apartment or mobile/temporary accommodation,14,14,7,7,0,0,0
S01008048,All people in households,575,554,294,260,21,6,15
S01008048,Whole house or bungalow: Total,569,550,292,258,19,4,15
S01008048,Whole house or bungalow: Detached,417,409,216,193,8,4,4
S01008048,Whole house or bungalow: Semi-detached,139,129,70,59,10,0,10
S01008048,Whole house or bungalow: Terraced (including end-terrace),13,12,6,6,1,0,1
S01008048,Flat maisonette or apartment or mobile/temporary accommodation,6,4,2,2,2,2,0
S01008049,All people in households,858,830,398,432,28,4,24
S01008049,Whole house or bungalow: Total,824,809,379,430,15,1,14
S01008049,Whole house or bungalow: Detached,394,389,207,182,5,0,5
S01008049,Whole house or bungalow: Semi-detached,408,398,167,231,10,1,9
S01008049,Whole house or bungalow: Terraced (including end-terrace),22,22,5,17,0,0,0
S01008049,Flat maisonette or apartment or mobile/temporary accommodation,34,21,19,2,13,3,10
S01008050,All people in households,618,579,286,293,39,18,21
S01008050,Whole house or bungalow: Total,556,539,263,276,17,3,14
S01008050,Whole house or bungalow: Detached,453,453,232,221,0,0,0
S01008050,Whole house or bungalow: Semi-detached,78,68,27,41,10,0,10
S01008050,Whole house or bungalow: Terraced (including end-terrace),25,18,4,14,7,3,4
S01008050,Flat maisonette or apartment or mobile/temporary accommodation,62,40,23,17,22,15,7
S01008051,All people in households,884,844,322,522,40,3,37
S01008051,Whole house or bungalow: Total,877,839,322,517,38,1,37
S01008051,Whole house or bungalow: Detached,135,130,60,70,5,0,5
S01008051,Whole house or bungalow: Semi-detached,741,709,262,447,32,0,32
S01008051,Whole house or bungalow: Terraced (including end-terrace),1,0,0,0,1,1,0
S01008051,Flat maisonette or apartment or mobile/temporary accommodation,7,5,0,5,2,2,0
S01008052,All people in households,829,802,281,521,27,8,19
S01008052,Whole house or bungalow: Total,815,795,279,516,20,3,17
S01008052,Whole house or bungalow: Detached,458,450,154,296,8,0,8
S01008052,Whole house or bungalow: Semi-detached,352,340,125,215,12,3,9
S01008052,Whole house or bungalow: Terraced (including end-terrace),5,5,0,5,0,0,0
S01008052,Flat maisonette or apartment or mobile/temporary accommodation,14,7,2,5,7,5,2
S01008053,All people in households,610,581,271,310,29,2,27
S01008053,Whole house or bungalow: Total,525,519,217,302,6,2,4
S01008053,Whole house or bungalow: Detached,244,242,131,111,2,0,2
S01008053,Whole house or bungalow: Semi-detached,272,268,83,185,4,2,2
S01008053,Whole house or bungalow: Terraced (including end-terrace),9,9,3,6,0,0,0
S01008053,Flat maisonette or apartment or mobile/temporary accommodation,85,62,54,8,23,0,23
S01008054,All people in households,769,639,282,357,130,66,64
S01008054,Whole house or bungalow: Total,521,479,184,295,42,23,19
S01008054,Whole house or bungalow: Detached,354,333,136,197,21,2,19
S01008054,Whole house or bungalow: Semi-detached,117,112,22,90,5,5,0
S01008054,Whole house or bungalow: Terraced (including end-terrace),50,34,26,8,16,16,0
S01008054,Flat maisonette or apartment or mobile/temporary accommodation,248,160,98,62,88,43,45
S01008055,All people in households,1049,1011,439,572,38,4,34
S01008055,Whole house or bungalow: Total,1041,1006,436,570,35,4,31
S01008055,Whole house or bungalow: Detached,829,809,355,454,20,0,20
S01008055,Whole house or bungalow: Semi-detached,203,188,77,111,15,4,11
S01008055,Whole house or bungalow: Terraced (including end-terrace),9,9,4,5,0,0,0
S01008055,Flat maisonette or apartment or mobile/temporary accommodation,8,5,3,2,3,0,3
S01008056,All people in households,755,695,323,372,60,41,19
S01008056,Whole house or bungalow: Total,636,621,263,358,15,10,5
S01008056,Whole house or bungalow: Detached,413,413,175,238,0,0,0
S01008056,Whole house or bungalow: Semi-detached,215,200,87,113,15,10,5
S01008056,Whole house or bungalow: Terraced (including end-terrace),8,8,1,7,0,0,0
S01008056,Flat maisonette or apartment or mobile/temporary accommodation,119,74,60,14,45,31,14
S01008057,All people in households,936,853,360,493,83,45,38
S01008057,Whole house or bungalow: Total,808,780,328,452,28,15,13
S01008057,Whole house or bungalow: Detached,550,544,252,292,6,2,4
S01008057,Whole house or bungalow: Semi-detached,163,153,44,109,10,5,5
S01008057,Whole house or bungalow: Terraced (including end-terrace),95,83,32,51,12,8,4
S01008057,Flat maisonette or apartment or mobile/temporary accommodation,128,73,32,41,55,30,25
S01008058,All people in households,895,837,316,521,58,2,56
S01008058,Whole house or bungalow: Total,813,766,264,502,47,0,47
S01008058,Whole house or bungalow: Detached,752,710,248,462,42,0,42
S01008058,Whole house or bungalow: Semi-detached,51,46,16,30,5,0,5
S01008058,Whole house or bungalow: Terraced (including end-terrace),10,10,0,10,0,0,0
S01008058,Flat maisonette or apartment or mobile/temporary accommodation,82,71,52,19,11,2,9
S01008059,All people in households,678,652,276,376,26,4,22
S01008059,Whole house or bungalow: Total,662,640,272,368,22,0,22
S01008059,Whole house or bungalow: Detached,305,289,130,159,16,0,16
S01008059,Whole house or bungalow: Semi-detached,311,308,131,177,3,0,3
S01008059,Whole house or bungalow: Terraced (including end-terrace),46,43,11,32,3,0,3
S01008059,Flat maisonette or apartment or mobile/temporary accommodation,16,12,4,8,4,4,0
S01008060,All people in households,903,857,272,585,46,18,28
S01008060,Whole house or bungalow: Total,893,852,270,582,41,18,23
S01008060,Whole house or bungalow: Detached,518,505,166,339,13,3,10
S01008060,Whole house or bungalow: Semi-detached,280,264,77,187,16,7,9
S01008060,Whole house or bungalow: Terraced (including end-terrace),95,83,27,56,12,8,4
S01008060,Flat maisonette or apartment or mobile/temporary accommodation,10,5,2,3,5,0,5
S01008061,All people in households,704,671,154,517,33,0,33
S01008061,Whole house or bungalow: Total,621,599,125,474,22,0,22
S01008061,Whole house or bungalow: Detached,281,276,51,225,5,0,5
S01008061,Whole house or bungalow: Semi-detached,234,219,41,178,15,0,15
S01008061,Whole house or bungalow: Terraced (including end-terrace),106,104,33,71,2,0,2
S01008061,Flat maisonette or apartment or mobile/temporary accommodation,83,72,29,43,11,0,11
S01008062,All people in households,872,816,326,490,56,13,43
S01008062,Whole house or bungalow: Total,867,811,325,486,56,13,43
S01008062,Whole house or bungalow: Detached,68,68,24,44,0,0,0
S01008062,Whole house or bungalow: Semi-detached,474,449,205,244,25,8,17
S01008062,Whole house or bungalow: Terraced (including end-terrace),325,294,96,198,31,5,26
S01008062,Flat maisonette or apartment or mobile/temporary accommodation,5,5,1,4,0,0,0
S01008063,All people in households,936,881,331,550,55,7,48
S01008063,Whole house or bungalow: Total,860,825,316,509,35,5,30
S01008063,Whole house or bungalow: Detached,434,430,144,286,4,2,2
S01008063,Whole house or bungalow: Semi-detached,370,355,163,192,15,0,15
S01008063,Whole house or bungalow: Terraced (including end-terrace),56,40,9,31,16,3,13
S01008063,Flat maisonette or apartment or mobile/temporary accommodation,76,56,15,41,20,2,18
S01008064,All people in households,701,375,136,239,326,282,44
S01008064,Whole house or bungalow: Total,409,277,103,174,132,119,13
S01008064,Whole house or bungalow: Detached,83,82,32,50,1,0,1
S01008064,Whole house or bungalow: Semi-detached,212,140,54,86,72,63,9
S01008064,Whole house or bungalow: Terraced (including end-terrace),114,55,17,38,59,56,3
S01008064,Flat maisonette or apartment or mobile/temporary accommodation,292,98,33,65,194,163,31
S01008065,All people in households,993,957,355,602,36,2,34
S01008065,Whole house or bungalow: Total,984,953,351,602,31,2,29
S01008065,Whole house or bungalow: Detached,572,553,228,325,19,2,17
S01008065,Whole house or bungalow: Semi-detached,362,355,123,232,7,0,7
S01008065,Whole house or bungalow: Terraced (including end-terrace),50,45,0,45,5,0,5
S01008065,Flat maisonette or apartment or mobile/temporary accommodation,9,4,4,0,5,0,5
S01008066,All people in households,937,906,389,517,31,0,31
S01008066,Whole house or bungalow: Total,918,896,389,507,22,0,22
S01008066,Whole house or bungalow: Detached,526,509,225,284,17,0,17
S01008066,Whole house or bungalow: Semi-detached,380,375,160,215,5,0,5
S01008066,Whole house or bungalow: Terraced (including end-terrace),12,12,4,8,0,0,0
S01008066,Flat maisonette or apartment or mobile/temporary accommodation,19,10,0,10,9,0,9
S01008067,All people in households,629,602,280,322,27,2,25
S01008067,Whole house or bungalow: Total,538,528,232,296,10,2,8
S01008067,Whole house or bungalow: Detached,294,289,134,155,5,0,5
S01008067,Whole house or bungalow: Semi-detached,168,165,67,98,3,0,3
S01008067,Whole house or bungalow: Terraced (including end-terrace),76,74,31,43,2,2,0
S01008067,Flat maisonette or apartment or mobile/temporary accommodation,91,74,48,26,17,0,17
S01008068,All people in households,914,850,351,499,64,21,43
S01008068,Whole house or bungalow: Total,898,842,348,494,56,18,38
S01008068,Whole house or bungalow: Detached,385,371,155,216,14,2,12
S01008068,Whole house or bungalow: Semi-detached,393,373,155,218,20,0,20
S01008068,Whole house or bungalow: Terraced (including end-terrace),120,98,38,60,22,16,6
S01008068,Flat maisonette or apartment or mobile/temporary accommodation,16,8,3,5,8,3,5
S01008069,All people in households,932,872,314,558,60,11,49
S01008069,Whole house or bungalow: Total,910,862,312,550,48,4,44
S01008069,Whole house or bungalow: Detached,53,53,21,32,0,0,0
S01008069,Whole house or bungalow: Semi-detached,524,497,159,338,27,2,25
S01008069,Whole house or bungalow: Terraced (including end-terrace),333,312,132,180,21,2,19
S01008069,Flat maisonette or apartment or mobile/temporary accommodation,22,10,2,8,12,7,5
S01008070,All people in households,878,854,311,543,24,2,22
S01008070,Whole house or bungalow: Total,873,853,310,543,20,2,18
S01008070,Whole house or bungalow: Detached,58,58,22,36,0,0,0
S01008070,Whole house or bungalow: Semi-detached,428,419,158,261,9,0,9
S01008070,Whole house or bungalow: Terraced (including end-terrace),387,376,130,246,11,2,9
S01008070,Flat maisonette or apartment or mobile/temporary accommodation,5,1,1,0,4,0,4
S01008071,All people in households,702,660,203,457,42,23,19
S01008071,Whole house or bungalow: Total,677,652,203,449,25,9,16
S01008071,Whole house or bungalow: Detached,47,45,13,32,2,2,0
S01008071,Whole house or bungalow: Semi-detached,452,445,144,301,7,4,3
S01008071,Whole house or bungalow: Terraced (including end-terrace),178,162,46,116,16,3,13
S01008071,Flat maisonette or apartment or mobile/temporary accommodation,25,8,0,8,17,14,3
S01008072,All people in households,769,648,228,420,121,5,116
S01008072,Whole house or bungalow: Total,381,347,91,256,34,0,34
S01008072,Whole house or bungalow: Detached,243,238,61,177,5,0,5
S01008072,Whole house or bungalow: Semi-detached,59,46,11,35,13,0,13
S01008072,Whole house or bungalow: Terraced (including end-terrace),79,63,19,44,16,0,16
S01008072,Flat maisonette or apartment or mobile/temporary accommodation,388,301,137,164,87,5,82
S01008073,All people in households,471,463,214,249,8,1,7
S01008073,Whole house or bungalow: Total,422,422,181,241,0,0,0
S01008073,Whole house or bungalow: Detached,401,401,177,224,0,0,0
S01008073,Whole house or bungalow: Semi-detached,14,14,4,10,0,0,0
S01008073,Whole house or bungalow: Terraced (including end-terrace),7,7,0,7,0,0,0
S01008073,Flat maisonette or apartment or mobile/temporary accommodation,49,41,33,8,8,1,7
S01008074,All people in households,972,938,387,551,34,15,19
S01008074,Whole house or bungalow: Total,964,933,383,550,31,12,19
S01008074,Whole house or bungalow: Detached,602,596,258,338,6,3,3
S01008074,Whole house or bungalow: Semi-detached,294,279,112,167,15,0,15
S01008074,Whole house or bungalow: Terraced (including end-terrace),68,58,13,45,10,9,1
S01008074,Flat maisonette or apartment or mobile/temporary accommodation,8,5,4,1,3,3,0
S01008075,All people in households,613,574,296,278,39,3,36
S01008075,Whole house or bungalow: Total,609,574,296,278,35,3,32
S01008075,Whole house or bungalow: Detached,508,498,277,221,10,0,10
S01008075,Whole house or bungalow: Semi-detached,73,58,12,46,15,0,15
S01008075,Whole house or bungalow: Terraced (including end-terrace),28,18,7,11,10,3,7
S01008075,Flat maisonette or apartment or mobile/temporary accommodation,4,0,0,0,4,0,4
S01008076,All people in households,624,577,363,214,47,7,40
S01008076,Whole house or bungalow: Total,402,377,194,183,25,3,22
S01008076,Whole house or bungalow: Detached,337,319,160,159,18,0,18
S01008076,Whole house or bungalow: Semi-detached,24,24,6,18,0,0,0
S01008076,Whole house or bungalow: Terraced (including end-terrace),41,34,28,6,7,3,4
S01008076,Flat maisonette or apartment or mobile/temporary accommodation,222,200,169,31,22,4,18
S01008077,All people in households,831,800,350,450,31,4,27
S01008077,Whole house or bungalow: Total,687,676,254,422,11,3,8
S01008077,Whole house or bungalow: Detached,416,411,164,247,5,2,3
S01008077,Whole house or bungalow: Semi-detached,224,219,67,152,5,0,5
S01008077,Whole house or bungalow: Terraced (including end-terrace),47,46,23,23,1,1,0
S01008077,Flat maisonette or apartment or mobile/temporary accommodation,144,124,96,28,20,1,19
S01008078,All people in households,860,781,355,426,79,17,62
S01008078,Whole house or bungalow: Total,742,705,310,395,37,6,31
S01008078,Whole house or bungalow: Detached,419,418,199,219,1,0,1
S01008078,Whole house or bungalow: Semi-detached,310,279,111,168,31,6,25
S01008078,Whole house or bungalow: Terraced (including end-terrace),13,8,0,8,5,0,5
S01008078,Flat maisonette or apartment or mobile/temporary accommodation,118,76,45,31,42,11,31
S01008079,All people in households,905,869,419,450,36,11,25
S01008079,Whole house or bungalow: Total,891,863,416,447,28,3,25
S01008079,Whole house or bungalow: Detached,659,640,337,303,19,0,19
S01008079,Whole house or bungalow: Semi-detached,224,215,79,136,9,3,6
S01008079,Whole house or bungalow: Terraced (including end-terrace),8,8,0,8,0,0,0
S01008079,Flat maisonette or apartment or mobile/temporary accommodation,14,6,3,3,8,8,0
S01008080,All people in households,699,661,262,399,38,4,34
S01008080,Whole house or bungalow: Total,672,642,249,393,30,4,26
S01008080,Whole house or bungalow: Detached,402,391,157,234,11,0,11
S01008080,Whole house or bungalow: Semi-detached,231,220,80,140,11,4,7
S01008080,Whole house or bungalow: Terraced (including end-terrace),39,31,12,19,8,0,8
S01008080,Flat maisonette or apartment or mobile/temporary accommodation,27,19,13,6,8,0,8
S01008081,All people in households,599,572,273,299,27,1,26
S01008081,Whole house or bungalow: Total,552,540,253,287,12,1,11
S01008081,Whole house or bungalow: Detached,509,498,236,262,11,0,11
S01008081,Whole house or bungalow: Semi-detached,38,38,17,21,0,0,0
S01008081,Whole house or bungalow: Terraced (including end-terrace),5,4,0,4,1,1,0
S01008081,Flat maisonette or apartment or mobile/temporary accommodation,47,32,20,12,15,0,15
S01008082,All people in households,820,767,381,386,53,17,36
S01008082,Whole house or bungalow: Total,800,758,374,384,42,16,26
S01008082,Whole house or bungalow: Detached,386,377,201,176,9,3,6
S01008082,Whole house or bungalow: Semi-detached,383,354,162,192,29,9,20
S01008082,Whole house or bungalow: Terraced (including end-terrace),31,27,11,16,4,4,0
S01008082,Flat maisonette or apartment or mobile/temporary accommodation,20,9,7,2,11,1,10
S01008083,All people in households,727,693,272,421,34,9,25
S01008083,Whole house or bungalow: Total,718,690,272,418,28,5,23
S01008083,Whole house or bungalow: Detached,377,369,149,220,8,0,8
S01008083,Whole house or bungalow: Semi-detached,335,315,123,192,20,5,15
S01008083,Whole house or bungalow: Terraced (including end-terrace),6,6,0,6,0,0,0
S01008083,Flat maisonette or apartment or mobile/temporary accommodation,9,3,0,3,6,4,2
S01008084,All people in households,853,734,321,413,119,56,63
S01008084,Whole house or bungalow: Total,780,692,304,388,88,41,47
S01008084,Whole house or bungalow: Detached,491,465,232,233,26,2,24
S01008084,Whole house or bungalow: Semi-detached,146,121,39,82,25,15,10
S01008084,Whole house or bungalow: Terraced (including end-terrace),143,106,33,73,37,24,13
S01008084,Flat maisonette or apartment or mobile/temporary accommodation,73,42,17,25,31,15,16
S01008085,All people in households,973,915,319,596,58,22,36
S01008085,Whole house or bungalow: Total,927,879,301,578,48,18,30
S01008085,Whole house or bungalow: Detached,726,708,270,438,18,0,18
S01008085,Whole house or bungalow: Semi-detached,173,146,24,122,27,15,12
S01008085,Whole house or bungalow: Terraced (including end-terrace),28,25,7,18,3,3,0
S01008085,Flat maisonette or apartment or mobile/temporary accommodation,46,36,18,18,10,4,6
S01008086,All people in households,1091,916,307,609,175,90,85
S01008086,Whole house or bungalow: Total,983,849,293,556,134,66,68
S01008086,Whole house or bungalow: Detached,524,485,187,298,39,0,39
S01008086,Whole house or bungalow: Semi-detached,385,316,95,221,69,42,27
S01008086,Whole house or bungalow: Terraced (including end-terrace),74,48,11,37,26,24,2
S01008086,Flat maisonette or apartment or mobile/temporary accommodation,108,67,14,53,41,24,17
S01008087,All people in households,856,824,343,481,32,8,24
S01008087,Whole house or bungalow: Total,854,822,341,481,32,8,24
S01008087,Whole house or bungalow: Detached,175,169,66,103,6,4,2
S01008087,Whole house or bungalow: Semi-detached,676,650,274,376,26,4,22
S01008087,Whole house or bungalow: Terraced (including end-terrace),3,3,1,2,0,0,0
S01008087,Flat maisonette or apartment or mobile/temporary accommodation,2,2,2,0,0,0,0
S01008088,All people in households,917,837,406,431,80,8,72
S01008088,Whole house or bungalow: Total,832,780,372,408,52,8,44
S01008088,Whole house or bungalow: Detached,362,348,191,157,14,0,14
S01008088,Whole house or bungalow: Semi-detached,396,374,160,214,22,5,17
S01008088,Whole house or bungalow: Terraced (including end-terrace),74,58,21,37,16,3,13
S01008088,Flat maisonette or apartment or mobile/temporary accommodation,85,57,34,23,28,0,28
S01008089,All people in households,653,631,268,363,22,3,19
S01008089,Whole house or bungalow: Total,646,631,268,363,15,0,15
S01008089,Whole house or bungalow: Detached,187,176,71,105,11,0,11
S01008089,Whole house or bungalow: Semi-detached,457,453,197,256,4,0,4
S01008089,Whole house or bungalow: Terraced (including end-terrace),2,2,0,2,0,0,0
S01008089,Flat maisonette or apartment or mobile/temporary accommodation,7,0,0,0,7,3,4
S01008090,All people in households,771,710,286,424,61,27,34
S01008090,Whole house or bungalow: Total,656,633,265,368,23,0,23
S01008090,Whole house or bungalow: Detached,114,114,39,75,0,0,0
S01008090,Whole house or bungalow: Semi-detached,530,509,224,285,21,0,21
S01008090,Whole house or bungalow: Terraced (including end-terrace),12,10,2,8,2,0,2
S01008090,Flat maisonette or apartment or mobile/temporary accommodation,115,77,21,56,38,27,11
S01008091,All people in households,385,370,174,196,15,4,11
S01008091,Whole house or bungalow: Total,381,370,174,196,11,4,7
S01008091,Whole house or bungalow: Detached,162,154,67,87,8,4,4
S01008091,Whole house or bungalow: Semi-detached,180,177,79,98,3,0,3
S01008091,Whole house or bungalow: Terraced (including end-terrace),39,39,28,11,0,0,0
S01008091,Flat maisonette or apartment or mobile/temporary accommodation,4,0,0,0,4,0,4
S01008092,All people in households,908,870,430,440,38,28,10
S01008092,Whole house or bungalow: Total,899,865,428,437,34,24,10
S01008092,Whole house or bungalow: Detached,402,398,214,184,4,0,4
S01008092,Whole house or bungalow: Semi-detached,492,462,214,248,30,24,6
S01008092,Whole house or bungalow: Terraced (including end-terrace),5,5,0,5,0,0,0
S01008092,Flat maisonette or apartment or mobile/temporary accommodation,9,5,2,3,4,4,0
S01008093,All people in households,809,761,350,411,48,1,47
S01008093,Whole house or bungalow: Total,777,743,341,402,34,1,33
S01008093,Whole house or bungalow: Detached,163,157,85,72,6,0,6
S01008093,Whole house or bungalow: Semi-detached,611,583,255,328,28,1,27
S01008093,Whole house or bungalow: Terraced (including end-terrace),3,3,1,2,0,0,0
S01008093,Flat maisonette or apartment or mobile/temporary accommodation,32,18,9,9,14,0,14
S01008094,All people in households,667,638,301,337,29,6,23
S01008094,Whole house or bungalow: Total,664,635,299,336,29,6,23
S01008094,Whole house or bungalow: Detached,376,366,196,170,10,0,10
S01008094,Whole house or bungalow: Semi-detached,264,252,99,153,12,0,12
S01008094,Whole house or bungalow: Terraced (including end-terrace),24,17,4,13,7,6,1
S01008094,Flat maisonette or apartment or mobile/temporary accommodation,3,3,2,1,0,0,0
S01008095,All people in households,744,664,291,373,80,5,75
S01008095,Whole house or bungalow: Total,640,599,262,337,41,4,37
S01008095,Whole house or bungalow: Detached,43,39,22,17,4,0,4
S01008095,Whole house or bungalow: Semi-detached,466,440,189,251,26,0,26
S01008095,Whole house or bungalow: Terraced (including end-terrace),131,120,51,69,11,4,7
S01008095,Flat maisonette or apartment or mobile/temporary accommodation,104,65,29,36,39,1,38
S01008096,All people in households,790,758,370,388,32,4,28
S01008096,Whole house or bungalow: Total,741,716,346,370,25,4,21
S01008096,Whole house or bungalow: Detached,269,260,160,100,9,0,9
S01008096,Whole house or bungalow: Semi-detached,398,384,158,226,14,4,10
S01008096,Whole house or bungalow: Terraced (including end-terrace),74,72,28,44,2,0,2
S01008096,Flat maisonette or apartment or mobile/temporary accommodation,49,42,24,18,7,0,7
S01008097,All people in households,628,607,320,287,21,0,21
S01008097,Whole house or bungalow: Total,545,535,253,282,10,0,10
S01008097,Whole house or bungalow: Detached,206,206,123,83,0,0,0
S01008097,Whole house or bungalow: Semi-detached,251,244,97,147,7,0,7
S01008097,Whole house or bungalow: Terraced (including end-terrace),88,85,33,52,3,0,3
S01008097,Flat maisonette or apartment or mobile/temporary accommodation,83,72,67,5,11,0,11
S01008098,All people in households,750,711,291,420,39,8,31
S01008098,Whole house or bungalow: Total,746,707,291,416,39,8,31
S01008098,Whole house or bungalow: Detached,93,90,48,42,3,3,0
S01008098,Whole house or bungalow: Semi-detached,645,609,240,369,36,5,31
S01008098,Whole house or bungalow: Terraced (including end-terrace),8,8,3,5,0,0,0
S01008098,Flat maisonette or apartment or mobile/temporary accommodation,4,4,0,4,0,0,0
S01008099,All people in households,521,479,163,316,42,8,34
S01008099,Whole house or bungalow: Total,514,475,163,312,39,5,34
S01008099,Whole house or bungalow: Detached,47,43,10,33,4,0,4
S01008099,Whole house or bungalow: Semi-detached,254,234,94,140,20,4,16
S01008099,Whole house or bungalow: Terraced (including end-terrace),213,198,59,139,15,1,14
S01008099,Flat maisonette or apartment or mobile/temporary accommodation,7,4,0,4,3,3,0
S01008100,All people in households,946,857,365,492,89,41,48
S01008100,Whole house or bungalow: Total,804,768,304,464,36,0,36
S01008100,Whole house or bungalow: Detached,552,526,230,296,26,0,26
S01008100,Whole house or bungalow: Semi-detached,237,229,74,155,8,0,8
S01008100,Whole house or bungalow: Terraced (including end-terrace),15,13,0,13,2,0,2
S01008100,Flat maisonette or apartment or mobile/temporary accommodation,142,89,61,28,53,41,12
S01008101,All people in households,790,649,185,464,141,21,120
S01008101,Whole house or bungalow: Total,591,533,156,377,58,2,56
S01008101,Whole house or bungalow: Detached,254,233,52,181,21,1,20
S01008101,Whole house or bungalow: Semi-detached,193,175,59,116,18,1,17
S01008101,Whole house or bungalow: Terraced (including end-terrace),144,125,45,80,19,0,19
S01008101,Flat maisonette or apartment or mobile/temporary accommodation,199,116,29,87,83,19,64
S01008102,All people in households,749,657,213,444,92,44,48
S01008102,Whole house or bungalow: Total,680,625,210,415,55,27,28
S01008102,Whole house or bungalow: Detached,77,77,29,48,0,0,0
S01008102,Whole house or bungalow: Semi-detached,407,385,126,259,22,3,19
S01008102,Whole house or bungalow: Terraced (including end-terrace),196,163,55,108,33,24,9
S01008102,Flat maisonette or apartment or mobile/temporary accommodation,69,32,3,29,37,17,20
S01008103,All people in households,610,380,124,256,230,134,96
S01008103,Whole house or bungalow: Total,205,175,51,124,30,14,16
S01008103,Whole house or bungalow: Detached,53,50,11,39,3,2,1
S01008103,Whole house or bungalow: Semi-detached,55,39,12,27,16,2,14
S01008103,Whole house or bungalow: Terraced (including end-terrace),97,86,28,58,11,10,1
S01008103,Flat maisonette or apartment or mobile/temporary accommodation,405,205,73,132,200,120,80
S01008104,All people in households,864,578,164,414,286,194,92
S01008104,Whole house or bungalow: Total,588,463,141,322,125,71,54
S01008104,Whole house or bungalow: Detached,76,64,22,42,12,0,12
S01008104,Whole house or bungalow: Semi-detached,170,147,58,89,23,8,15
S01008104,Whole house or bungalow: Terraced (including end-terrace),342,252,61,191,90,63,27
S01008104,Flat maisonette or apartment or mobile/temporary accommodation,276,115,23,92,161,123,38
S01008105,All people in households,1072,638,148,490,434,338,96
S01008105,Whole house or bungalow: Total,789,550,130,420,239,178,61
S01008105,Whole house or bungalow: Detached,68,45,11,34,23,1,22
S01008105,Whole house or bungalow: Semi-detached,287,225,56,169,62,41,21
S01008105,Whole house or bungalow: Terraced (including end-terrace),434,280,63,217,154,136,18
S01008105,Flat maisonette or apartment or mobile/temporary accommodation,283,88,18,70,195,160,35
S01008106,All people in households,785,490,152,338,295,215,80
S01008106,Whole house or bungalow: Total,566,352,97,255,214,175,39
S01008106,Whole house or bungalow: Detached,55,43,12,31,12,6,6
S01008106,Whole house or bungalow: Semi-detached,416,253,79,174,163,135,28
S01008106,Whole house or bungalow: Terraced (including end-terrace),95,56,6,50,39,34,5
S01008106,Flat maisonette or apartment or mobile/temporary accommodation,219,138,55,83,81,40,41
S01008107,All people in households,909,826,156,670,83,3,80
S01008107,Whole house or bungalow: Total,842,789,145,644,53,0,53
S01008107,Whole house or bungalow: Detached,697,663,118,545,34,0,34
S01008107,Whole house or bungalow: Semi-detached,114,100,26,74,14,0,14
S01008107,Whole house or bungalow: Terraced (including end-terrace),31,26,1,25,5,0,5
S01008107,Flat maisonette or apartment or mobile/temporary accommodation,67,37,11,26,30,3,27
S01008108,All people in households,655,624,233,391,31,6,25
S01008108,Whole house or bungalow: Total,634,610,228,382,24,5,19
S01008108,Whole house or bungalow: Detached,217,212,97,115,5,0,5
S01008108,Whole house or bungalow: Semi-detached,378,371,126,245,7,0,7
S01008108,Whole house or bungalow: Terraced (including end-terrace),39,27,5,22,12,5,7
S01008108,Flat maisonette or apartment or mobile/temporary accommodation,21,14,5,9,7,1,6
S01008109,All people in households,940,858,346,512,82,29,53
S01008109,Whole house or bungalow: Total,934,858,346,512,76,23,53
S01008109,Whole house or bungalow: Detached,249,225,84,141,24,4,20
S01008109,Whole house or bungalow: Semi-detached,618,583,244,339,35,9,26
S01008109,Whole house or bungalow: Terraced (including end-terrace),67,50,18,32,17,10,7
S01008109,Flat maisonette or apartment or mobile/temporary accommodation,6,0,0,0,6,6,0
S01008110,All people in households,881,832,214,618,49,6,43
S01008110,Whole house or bungalow: Total,869,829,212,617,40,3,37
S01008110,Whole house or bungalow: Detached,112,109,35,74,3,0,3
S01008110,Whole house or bungalow: Semi-detached,716,683,165,518,33,3,30
S01008110,Whole house or bungalow: Terraced (including end-terrace),41,37,12,25,4,0,4
S01008110,Flat maisonette or apartment or mobile/temporary accommodation,12,3,2,1,9,3,6
S01008111,All people in households,869,809,423,386,60,16,44
S01008111,Whole house or bungalow: Total,809,762,381,381,47,10,37
S01008111,Whole house or bungalow: Detached,373,346,164,182,27,0,27
S01008111,Whole house or bungalow: Semi-detached,424,405,215,190,19,9,10
S01008111,Whole house or bungalow: Terraced (including end-terrace),12,11,2,9,1,1,0
S01008111,Flat maisonette or apartment or mobile/temporary accommodation,60,47,42,5,13,6,7
S01008112,All people in households,816,797,379,418,19,5,14
S01008112,Whole house or bungalow: Total,811,797,379,418,14,0,14
S01008112,Whole house or bungalow: Detached,199,198,109,89,1,0,1
S01008112,Whole house or bungalow: Semi-detached,596,583,266,317,13,0,13
S01008112,Whole house or bungalow: Terraced (including end-terrace),16,16,4,12,0,0,0
S01008112,Flat maisonette or apartment or mobile/temporary accommodation,5,0,0,0,5,5,0
S01008113,All people in households,891,829,374,455,62,10,52
S01008113,Whole house or bungalow: Total,789,758,331,427,31,2,29
S01008113,Whole house or bungalow: Detached,465,446,216,230,19,0,19
S01008113,Whole house or bungalow: Semi-detached,308,301,115,186,7,0,7
S01008113,Whole house or bungalow: Terraced (including end-terrace),16,11,0,11,5,2,3
S01008113,Flat maisonette or apartment or mobile/temporary accommodation,102,71,43,28,31,8,23
S01008114,All people in households,685,666,304,362,19,5,14
S01008114,Whole house or bungalow: Total,679,665,303,362,14,3,11
S01008114,Whole house or bungalow: Detached,226,223,113,110,3,0,3
S01008114,Whole house or bungalow: Semi-detached,447,436,190,246,11,3,8
S01008114,Whole house or bungalow: Terraced (including end-terrace),6,6,0,6,0,0,0
S01008114,Flat maisonette or apartment or mobile/temporary accommodation,6,1,1,0,5,2,3
S01008115,All people in households,913,815,222,593,98,17,81
S01008115,Whole house or bungalow: Total,856,786,213,573,70,8,62
S01008115,Whole house or bungalow: Detached,247,233,73,160,14,0,14
S01008115,Whole house or bungalow: Semi-detached,446,402,126,276,44,8,36
S01008115,Whole house or bungalow: Terraced (including end-terrace),163,151,14,137,12,0,12
S01008115,Flat maisonette or apartment or mobile/temporary accommodation,57,29,9,20,28,9,19
S01008116,All people in households,933,882,336,546,51,18,33
S01008116,Whole house or bungalow: Total,914,876,333,543,38,8,30
S01008116,Whole house or bungalow: Detached,379,369,165,204,10,4,6
S01008116,Whole house or bungalow: Semi-detached,505,478,162,316,27,4,23
S01008116,Whole house or bungalow: Terraced (including end-terrace),30,29,6,23,1,0,1
S01008116,Flat maisonette or apartment or mobile/temporary accommodation,19,6,3,3,13,10,3
S01008117,All people in households,800,720,320,400,80,57,23
S01008117,Whole house or bungalow: Total,786,716,317,399,70,49,21
S01008117,Whole house or bungalow: Detached,448,438,181,257,10,0,10
S01008117,Whole house or bungalow: Semi-detached,249,216,108,108,33,29,4
S01008117,Whole house or bungalow: Terraced (including end-terrace),89,62,28,34,27,20,7
S01008117,Flat maisonette or apartment or mobile/temporary accommodation,14,4,3,1,10,8,2
S01008118,All people in households,882,735,219,516,147,92,55
S01008118,Whole house or bungalow: Total,854,718,217,501,136,88,48
S01008118,Whole house or bungalow: Detached,227,212,67,145,15,0,15
S01008118,Whole house or bungalow: Semi-detached,339,286,96,190,53,37,16
S01008118,Whole house or bungalow: Terraced (including end-terrace),288,220,54,166,68,51,17
S01008118,Flat maisonette or apartment or mobile/temporary accommodation,28,17,2,15,11,4,7
S01008119,All people in households,665,358,106,252,307,273,34
S01008119,Whole house or bungalow: Total,569,320,102,218,249,220,29
S01008119,Whole house or bungalow: Detached,33,30,8,22,3,3,0
S01008119,Whole house or bungalow: Semi-detached,394,210,78,132,184,160,24
S01008119,Whole house or bungalow: Terraced (including end-terrace),142,80,16,64,62,57,5
S01008119,Flat maisonette or apartment or mobile/temporary accommodation,96,38,4,34,58,53,5
S01008120,All people in households,635,512,225,287,123,79,44
S01008120,Whole house or bungalow: Total,447,409,190,219,38,18,20
S01008120,Whole house or bungalow: Detached,206,199,103,96,7,0,7
S01008120,Whole house or bungalow: Semi-detached,186,176,78,98,10,6,4
S01008120,Whole house or bungalow: Terraced (including end-terrace),55,34,9,25,21,12,9
S01008120,Flat maisonette or apartment or mobile/temporary accommodation,188,103,35,68,85,61,24
S01008121,All people in households,662,655,324,331,7,3,4
S01008121,Whole house or bungalow: Total,638,634,316,318,4,0,4
S01008121,Whole house or bungalow: Detached,392,391,222,169,1,0,1
S01008121,Whole house or bungalow: Semi-detached,232,232,94,138,0,0,0
S01008121,Whole house or bungalow: Terraced (including end-terrace),14,11,0,11,3,0,3
S01008121,Flat maisonette or apartment or mobile/temporary accommodation,24,21,8,13,3,3,0
S01008122,All people in households,752,699,256,443,53,8,45
S01008122,Whole house or bungalow: Total,602,569,225,344,33,4,29
S01008122,Whole house or bungalow: Detached,423,400,177,223,23,4,19
S01008122,Whole house or bungalow: Semi-detached,174,164,48,116,10,0,10
S01008122,Whole house or bungalow: Terraced (including end-terrace),5,5,0,5,0,0,0
S01008122,Flat maisonette or apartment or mobile/temporary accommodation,150,130,31,99,20,4,16
S01008123,All people in households,904,827,388,439,77,10,67
S01008123,Whole house or bungalow: Total,819,776,356,420,43,10,33
S01008123,Whole house or bungalow: Detached,540,522,238,284,18,4,14
S01008123,Whole house or bungalow: Semi-detached,214,193,84,109,21,6,15
S01008123,Whole house or bungalow: Terraced (including end-terrace),65,61,34,27,4,0,4
S01008123,Flat maisonette or apartment or mobile/temporary accommodation,85,51,32,19,34,0,34
S01008124,All people in households,835,801,298,503,34,5,29
S01008124,Whole house or bungalow: Total,815,789,289,500,26,5,21
S01008124,Whole house or bungalow: Detached,355,344,148,196,11,0,11
S01008124,Whole house or bungalow: Semi-detached,453,441,137,304,12,5,7
S01008124,Whole house or bungalow: Terraced (including end-terrace),7,4,4,0,3,0,3
S01008124,Flat maisonette or apartment or mobile/temporary accommodation,20,12,9,3,8,0,8
S01008125,All people in households,881,801,365,436,80,9,71
S01008125,Whole house or bungalow: Total,760,714,327,387,46,6,40
S01008125,Whole house or bungalow: Detached,296,287,154,133,9,0,9
S01008125,Whole house or bungalow: Semi-detached,387,361,147,214,26,6,20
S01008125,Whole house or bungalow: Terraced (including end-terrace),77,66,26,40,11,0,11
S01008125,Flat maisonette or apartment or mobile/temporary accommodation,121,87,38,49,34,3,31
S01008126,All people in households,812,793,318,475,19,1,18
S01008126,Whole house or bungalow: Total,808,793,318,475,15,1,14
S01008126,Whole house or bungalow: Detached,353,351,183,168,2,0,2
S01008126,Whole house or bungalow: Semi-detached,448,436,134,302,12,0,12
S01008126,Whole house or bungalow: Terraced (including end-terrace),7,6,1,5,1,1,0
S01008126,Flat maisonette or apartment or mobile/temporary accommodation,4,0,0,0,4,0,4
S01008127,All people in households,489,455,181,274,34,12,22
S01008127,Whole house or bungalow: Total,483,455,181,274,28,8,20
S01008127,Whole house or bungalow: Detached,160,155,63,92,5,0,5
S01008127,Whole house or bungalow: Semi-detached,297,277,115,162,20,8,12
S01008127,Whole house or bungalow: Terraced (including end-terrace),26,23,3,20,3,0,3
S01008127,Flat maisonette or apartment or mobile/temporary accommodation,6,0,0,0,6,4,2
S01008128,All people in households,880,807,344,463,73,43,30
S01008128,Whole house or bungalow: Total,839,788,332,456,51,29,22
S01008128,Whole house or bungalow: Detached,376,356,161,195,20,0,20
S01008128,Whole house or bungalow: Semi-detached,438,412,161,251,26,24,2
S01008128,Whole house or bungalow: Terraced (including end-terrace),25,20,10,10,5,5,0
S01008128,Flat maisonette or apartment or mobile/temporary accommodation,41,19,12,7,22,14,8
S01008129,All people in households,891,554,171,383,337,255,82
S01008129,Whole house or bungalow: Total,622,442,139,303,180,140,40
S01008129,Whole house or bungalow: Detached,47,37,7,30,10,9,1
S01008129,Whole house or bungalow: Semi-detached,473,324,104,220,149,116,33
S01008129,Whole house or bungalow: Terraced (including end-terrace),102,81,28,53,21,15,6
S01008129,Flat maisonette or apartment or mobile/temporary accommodation,269,112,32,80,157,115,42
S01008130,All people in households,955,575,187,388,380,229,151
S01008130,Whole house or bungalow: Total,494,355,137,218,139,108,31
S01008130,Whole house or bungalow: Detached,81,72,29,43,9,2,7
S01008130,Whole house or bungalow: Semi-detached,266,180,75,105,86,72,14
S01008130,Whole house or bungalow: Terraced (including end-terrace),147,103,33,70,44,34,10
S01008130,Flat maisonette or apartment or mobile/temporary accommodation,461,220,50,170,241,121,120
S01008131,All people in households,766,410,136,274,356,248,108
S01008131,Whole house or bungalow: Total,367,214,84,130,153,121,32
S01008131,Whole house or bungalow: Detached,49,44,16,28,5,5,0
S01008131,Whole house or bungalow: Semi-detached,209,136,52,84,73,60,13
S01008131,Whole house or bungalow: Terraced (including end-terrace),109,34,16,18,75,56,19
S01008131,Flat maisonette or apartment or mobile/temporary accommodation,399,196,52,144,203,127,76
S01008132,All people in households,1025,960,468,492,65,20,45
S01008132,Whole house or bungalow: Total,957,910,451,459,47,11,36
S01008132,Whole house or bungalow: Detached,428,422,225,197,6,0,6
S01008132,Whole house or bungalow: Semi-detached,499,467,219,248,32,3,29
S01008132,Whole house or bungalow: Terraced (including end-terrace),30,21,7,14,9,8,1
S01008132,Flat maisonette or apartment or mobile/temporary accommodation,68,50,17,33,18,9,9
S01008133,All people in households,630,413,206,207,217,128,89
S01008133,Whole house or bungalow: Total,334,289,157,132,45,11,34
S01008133,Whole house or bungalow: Detached,200,180,100,80,20,0,20
S01008133,Whole house or bungalow: Semi-detached,89,82,43,39,7,3,4
S01008133,Whole house or bungalow: Terraced (including end-terrace),45,27,14,13,18,8,10
S01008133,Flat maisonette or apartment or mobile/temporary accommodation,296,124,49,75,172,117,55
S01008134,All people in households,602,449,155,294,153,34,119
S01008134,Whole house or bungalow: Total,245,230,78,152,15,2,13
S01008134,Whole house or bungalow: Detached,117,111,44,67,6,1,5
S01008134,Whole house or bungalow: Semi-detached,90,85,28,57,5,1,4
S01008134,Whole house or bungalow: Terraced (including end-terrace),38,34,6,28,4,0,4
S01008134,Flat maisonette or apartment or mobile/temporary accommodation,357,219,77,142,138,32,106
S01008135,All people in households,1105,800,184,616,305,110,195
S01008135,Whole house or bungalow: Total,771,644,141,503,127,62,65
S01008135,Whole house or bungalow: Detached,393,353,100,253,40,10,30
S01008135,Whole house or bungalow: Semi-detached,146,126,19,107,20,10,10
S01008135,Whole house or bungalow: Terraced (including end-terrace),232,165,22,143,67,42,25
S01008135,Flat maisonette or apartment or mobile/temporary accommodation,334,156,43,113,178,48,130
S01008136,All people in households,875,635,199,436,240,164,76
S01008136,Whole house or bungalow: Total,567,444,138,306,123,90,33
S01008136,Whole house or bungalow: Detached,41,41,8,33,0,0,0
S01008136,Whole house or bungalow: Semi-detached,345,275,95,180,70,52,18
S01008136,Whole house or bungalow: Terraced (including end-terrace),181,128,35,93,53,38,15
S01008136,Flat maisonette or apartment or mobile/temporary accommodation,308,191,61,130,117,74,43
S01008137,All people in households,900,197,45,152,703,656,47
S01008137,Whole house or bungalow: Total,343,152,39,113,191,165,26
S01008137,Whole house or bungalow: Detached,36,32,12,20,4,4,0
S01008137,Whole house or bungalow: Semi-detached,136,56,11,45,80,74,6
S01008137,Whole house or bungalow: Terraced (including end-terrace),171,64,16,48,107,87,20
S01008137,Flat maisonette or apartment or mobile/temporary accommodation,557,45,6,39,512,491,21
S01008138,All people in households,852,268,61,207,584,521,63
S01008138,Whole house or bungalow: Total,676,229,54,175,447,401,46
S01008138,Whole house or bungalow: Detached,55,22,7,15,33,28,5
S01008138,Whole house or bungalow: Semi-detached,389,113,39,74,276,240,36
S01008138,Whole house or bungalow: Terraced (including end-terrace),232,94,8,86,138,133,5
S01008138,Flat maisonette or apartment or mobile/temporary accommodation,176,39,7,32,137,120,17
S01008139,All people in households,875,557,204,353,318,243,75
S01008139,Whole house or bungalow: Total,769,554,202,352,215,154,61
S01008139,Whole house or bungalow: Detached,37,30,15,15,7,3,4
S01008139,Whole house or bungalow: Semi-detached,413,324,135,189,89,60,29
S01008139,Whole house or bungalow: Terraced (including end-terrace),319,200,52,148,119,91,28
S01008139,Flat maisonette or apartment or mobile/temporary accommodation,106,3,2,1,103,89,14
S01008140,All people in households,522,252,79,173,270,235,35
S01008140,Whole house or bungalow: Total,287,226,75,151,61,51,10
S01008140,Whole house or bungalow: Detached,98,98,26,72,0,0,0
S01008140,Whole house or bungalow: Semi-detached,75,52,22,30,23,16,7
S01008140,Whole house or bungalow: Terraced (including end-terrace),114,76,27,49,38,35,3
S01008140,Flat maisonette or apartment or mobile/temporary accommodation,235,26,4,22,209,184,25
S01008141,All people in households,840,810,323,487,30,19,11
S01008141,Whole house or bungalow: Total,829,807,323,484,22,14,8
S01008141,Whole house or bungalow: Detached,192,191,72,119,1,1,0
S01008141,Whole house or bungalow: Semi-detached,604,594,249,345,10,6,4
S01008141,Whole house or bungalow: Terraced (including end-terrace),33,22,2,20,11,7,4
S01008141,Flat maisonette or apartment or mobile/temporary accommodation,11,3,0,3,8,5,3
S01008142,All people in households,802,777,236,541,25,15,10
S01008142,Whole house or bungalow: Total,792,773,236,537,19,9,10
S01008142,Whole house or bungalow: Detached,172,172,57,115,0,0,0
S01008142,Whole house or bungalow: Semi-detached,566,551,164,387,15,5,10
S01008142,Whole house or bungalow: Terraced (including end-terrace),54,50,15,35,4,4,0
S01008142,Flat maisonette or apartment or mobile/temporary accommodation,10,4,0,4,6,6,0
S01008143,All people in households,899,577,218,359,322,244,78
S01008143,Whole house or bungalow: Total,674,505,201,304,169,125,44
S01008143,Whole house or bungalow: Detached,159,134,70,64,25,3,22
S01008143,Whole house or bungalow: Semi-detached,240,186,57,129,54,45,9
S01008143,Whole house or bungalow: Terraced (including end-terrace),275,185,74,111,90,77,13
S01008143,Flat maisonette or apartment or mobile/temporary accommodation,225,72,17,55,153,119,34
S01008144,All people in households,614,578,214,364,36,3,33
S01008144,Whole house or bungalow: Total,580,548,209,339,32,3,29
S01008144,Whole house or bungalow: Detached,287,268,133,135,19,0,19
S01008144,Whole house or bungalow: Semi-detached,284,276,74,202,8,3,5
S01008144,Whole house or bungalow: Terraced (including end-terrace),9,4,2,2,5,0,5
S01008144,Flat maisonette or apartment or mobile/temporary accommodation,34,30,5,25,4,0,4
S01008145,All people in households,808,424,110,314,384,345,39
S01008145,Whole house or bungalow: Total,602,373,98,275,229,198,31
S01008145,Whole house or bungalow: Detached,95,78,8,70,17,6,11
S01008145,Whole house or bungalow: Semi-detached,299,182,53,129,117,104,13
S01008145,Whole house or bungalow: Terraced (including end-terrace),208,113,37,76,95,88,7
S01008145,Flat maisonette or apartment or mobile/temporary accommodation,206,51,12,39,155,147,8
S01008146,All people in households,499,236,101,135,263,238,25
S01008146,Whole house or bungalow: Total,329,193,72,121,136,119,17
S01008146,Whole house or bungalow: Detached,100,88,35,53,12,5,7
S01008146,Whole house or bungalow: Semi-detached,154,67,26,41,87,78,9
S01008146,Whole house or bungalow: Terraced (including end-terrace),75,38,11,27,37,36,1
S01008146,Flat maisonette or apartment or mobile/temporary accommodation,170,43,29,14,127,119,8
S01008147,All people in households,788,579,170,409,209,185,24
S01008147,Whole house or bungalow: Total,770,579,170,409,191,167,24
S01008147,Whole house or bungalow: Detached,56,49,22,27,7,7,0
S01008147,Whole house or bungalow: Semi-detached,187,149,63,86,38,30,8
S01008147,Whole house or bungalow: Terraced (including end-terrace),527,381,85,296,146,130,16
S01008147,Flat maisonette or apartment or mobile/temporary accommodation,18,0,0,0,18,18,0
S01008148,All people in households,747,620,201,419,127,88,39
S01008148,Whole house or bungalow: Total,652,595,193,402,57,35,22
S01008148,Whole house or bungalow: Detached,183,181,84,97,2,0,2
S01008148,Whole house or bungalow: Semi-detached,345,317,86,231,28,15,13
S01008148,Whole house or bungalow: Terraced (including end-terrace),124,97,23,74,27,20,7
S01008148,Flat maisonette or apartment or mobile/temporary accommodation,95,25,8,17,70,53,17
S01008149,All people in households,707,512,134,378,195,151,44
S01008149,Whole house or bungalow: Total,573,481,127,354,92,71,21
S01008149,Whole house or bungalow: Detached,57,55,13,42,2,2,0
S01008149,Whole house or bungalow: Semi-detached,129,108,23,85,21,8,13
S01008149,Whole house or bungalow: Terraced (including end-terrace),387,318,91,227,69,61,8
S01008149,Flat maisonette or apartment or mobile/temporary accommodation,134,31,7,24,103,80,23
S01008150,All people in households,941,632,190,442,309,254,55
S01008150,Whole house or bungalow: Total,700,538,168,370,162,130,32
S01008150,Whole house or bungalow: Detached,15,7,3,4,8,5,3
S01008150,Whole house or bungalow: Semi-detached,54,44,16,28,10,10,0
S01008150,Whole house or bungalow: Terraced (including end-terrace),631,487,149,338,144,115,29
S01008150,Flat maisonette or apartment or mobile/temporary accommodation,241,94,22,72,147,124,23
S01008151,All people in households,704,489,124,365,215,170,45
S01008151,Whole house or bungalow: Total,582,441,113,328,141,113,28
S01008151,Whole house or bungalow: Detached,58,53,6,47,5,5,0
S01008151,Whole house or bungalow: Semi-detached,59,40,7,33,19,18,1
S01008151,Whole house or bungalow: Terraced (including end-terrace),465,348,100,248,117,90,27
S01008151,Flat maisonette or apartment or mobile/temporary accommodation,122,48,11,37,74,57,17
S01008152,All people in households,1057,636,229,407,421,341,80
S01008152,Whole house or bungalow: Total,908,611,222,389,297,235,62
S01008152,Whole house or bungalow: Detached,130,116,56,60,14,11,3
S01008152,Whole house or bungalow: Semi-detached,227,148,41,107,79,71,8
S01008152,Whole house or bungalow: Terraced (including end-terrace),551,347,125,222,204,153,51
S01008152,Flat maisonette or apartment or mobile/temporary accommodation,149,25,7,18,124,106,18
S01008153,All people in households,795,752,251,501,43,14,29
S01008153,Whole house or bungalow: Total,717,690,233,457,27,7,20
S01008153,Whole house or bungalow: Detached,509,503,184,319,6,0,6
S01008153,Whole house or bungalow: Semi-detached,198,181,49,132,17,3,14
S01008153,Whole house or bungalow: Terraced (including end-terrace),10,6,0,6,4,4,0
S01008153,Flat maisonette or apartment or mobile/temporary accommodation,78,62,18,44,16,7,9
S01008154,All people in households,828,730,349,381,98,65,33
S01008154,Whole house or bungalow: Total,750,666,311,355,84,58,26
S01008154,Whole house or bungalow: Detached,348,324,164,160,24,3,21
S01008154,Whole house or bungalow: Semi-detached,358,311,135,176,47,42,5
S01008154,Whole house or bungalow: Terraced (including end-terrace),44,31,12,19,13,13,0
S01008154,Flat maisonette or apartment or mobile/temporary accommodation,78,64,38,26,14,7,7
S01008155,All people in households,670,587,196,391,83,59,24
S01008155,Whole house or bungalow: Total,627,563,186,377,64,45,19
S01008155,Whole house or bungalow: Detached,280,270,106,164,10,3,7
S01008155,Whole house or bungalow: Semi-detached,291,242,72,170,49,38,11
S01008155,Whole house or bungalow: Terraced (including end-terrace),56,51,8,43,5,4,1
S01008155,Flat maisonette or apartment or mobile/temporary accommodation,43,24,10,14,19,14,5
S01008156,All people in households,919,664,258,406,255,198,57
S01008156,Whole house or bungalow: Total,782,603,235,368,179,136,43
S01008156,Whole house or bungalow: Detached,376,349,157,192,27,2,25
S01008156,Whole house or bungalow: Semi-detached,206,145,38,107,61,58,3
S01008156,Whole house or bungalow: Terraced (including end-terrace),200,109,40,69,91,76,15
S01008156,Flat maisonette or apartment or mobile/temporary accommodation,137,61,23,38,76,62,14
S01008157,All people in households,746,640,193,447,106,78,28
S01008157,Whole house or bungalow: Total,657,596,182,414,61,46,15
S01008157,Whole house or bungalow: Detached,313,302,104,198,11,6,5
S01008157,Whole house or bungalow: Semi-detached,220,212,60,152,8,4,4
S01008157,Whole house or bungalow: Terraced (including end-terrace),124,82,18,64,42,36,6
S01008157,Flat maisonette or apartment or mobile/temporary accommodation,89,44,11,33,45,32,13
S01008158,All people in households,715,685,199,486,30,11,19
S01008158,Whole house or bungalow: Total,679,652,193,459,27,11,16
S01008158,Whole house or bungalow: Detached,361,359,130,229,2,0,2
S01008158,Whole house or bungalow: Semi-detached,216,209,33,176,7,5,2
S01008158,Whole house or bungalow: Terraced (including end-terrace),102,84,30,54,18,6,12
S01008158,Flat maisonette or apartment or mobile/temporary accommodation,36,33,6,27,3,0,3
S01008159,All people in households,987,428,115,313,559,442,117
S01008159,Whole house or bungalow: Total,612,364,98,266,248,215,33
S01008159,Whole house or bungalow: Detached,136,120,34,86,16,8,8
S01008159,Whole house or bungalow: Semi-detached,204,116,39,77,88,76,12
S01008159,Whole house or bungalow: Terraced (including end-terrace),272,128,25,103,144,131,13
S01008159,Flat maisonette or apartment or mobile/temporary accommodation,375,64,17,47,311,227,84
S01008160,All people in households,942,541,150,391,401,367,34
S01008160,Whole house or bungalow: Total,744,462,122,340,282,262,20
S01008160,Whole house or bungalow: Detached,81,76,40,36,5,3,2
S01008160,Whole house or bungalow: Semi-detached,351,236,47,189,115,109,6
S01008160,Whole house or bungalow: Terraced (including end-terrace),312,150,35,115,162,150,12
S01008160,Flat maisonette or apartment or mobile/temporary accommodation,198,79,28,51,119,105,14
S01008161,All people in households,1035,915,225,690,120,57,63
S01008161,Whole house or bungalow: Total,993,891,220,671,102,50,52
S01008161,Whole house or bungalow: Detached,543,510,141,369,33,4,29
S01008161,Whole house or bungalow: Semi-detached,302,250,33,217,52,37,15
S01008161,Whole house or bungalow: Terraced (including end-terrace),148,131,46,85,17,9,8
S01008161,Flat maisonette or apartment or mobile/temporary accommodation,42,24,5,19,18,7,11
S01008162,All people in households,993,740,231,509,253,192,61
S01008162,Whole house or bungalow: Total,822,613,197,416,209,166,43
S01008162,Whole house or bungalow: Detached,224,203,59,144,21,4,17
S01008162,Whole house or bungalow: Semi-detached,256,160,67,93,96,81,15
S01008162,Whole house or bungalow: Terraced (including end-terrace),342,250,71,179,92,81,11
S01008162,Flat maisonette or apartment or mobile/temporary accommodation,171,127,34,93,44,26,18
S01008163,All people in households,758,380,122,258,378,260,118
S01008163,Whole house or bungalow: Total,556,301,103,198,255,165,90
S01008163,Whole house or bungalow: Detached,65,38,18,20,27,5,22
S01008163,Whole house or bungalow: Semi-detached,225,114,38,76,111,77,34
S01008163,Whole house or bungalow: Terraced (including end-terrace),266,149,47,102,117,83,34
S01008163,Flat maisonette or apartment or mobile/temporary accommodation,202,79,19,60,123,95,28
S01008164,All people in households,650,377,82,295,273,212,61
S01008164,Whole house or bungalow: Total,337,226,51,175,111,82,29
S01008164,Whole house or bungalow: Detached,77,61,11,50,16,4,12
S01008164,Whole house or bungalow: Semi-detached,146,103,23,80,43,33,10
S01008164,Whole house or bungalow: Terraced (including end-terrace),114,62,17,45,52,45,7
S01008164,Flat maisonette or apartment or mobile/temporary accommodation,313,151,31,120,162,130,32
S01008165,All people in households,763,683,77,606,80,19,61
S01008165,Whole house or bungalow: Total,720,672,77,595,48,4,44
S01008165,Whole house or bungalow: Detached,428,414,53,361,14,0,14
S01008165,Whole house or bungalow: Semi-detached,131,110,16,94,21,1,20
S01008165,Whole house or bungalow: Terraced (including end-terrace),161,148,8,140,13,3,10
S01008165,Flat maisonette or apartment or mobile/temporary accommodation,43,11,0,11,32,15,17
S01008166,All people in households,559,342,116,226,217,187,30
S01008166,Whole house or bungalow: Total,516,321,113,208,195,167,28
S01008166,Whole house or bungalow: Detached,13,6,3,3,7,6,1
S01008166,Whole house or bungalow: Semi-detached,329,209,67,142,120,100,20
S01008166,Whole house or bungalow: Terraced (including end-terrace),174,106,43,63,68,61,7
S01008166,Flat maisonette or apartment or mobile/temporary accommodation,43,21,3,18,22,20,2
S01008167,All people in households,724,307,130,177,417,354,63
S01008167,Whole house or bungalow: Total,462,179,79,100,283,254,29
S01008167,Whole house or bungalow: Detached,21,11,7,4,10,6,4
S01008167,Whole house or bungalow: Semi-detached,136,48,16,32,88,71,17
S01008167,Whole house or bungalow: Terraced (including end-terrace),305,120,56,64,185,177,8
S01008167,Flat maisonette or apartment or mobile/temporary accommodation,262,128,51,77,134,100,34
S01008168,All people in households,816,402,77,325,414,384,30
S01008168,Whole house or bungalow: Total,612,374,73,301,238,215,23
S01008168,Whole house or bungalow: Detached,63,52,13,39,11,11,0
S01008168,Whole house or bungalow: Semi-detached,311,209,42,167,102,92,10
S01008168,Whole house or bungalow: Terraced (including end-terrace),238,113,18,95,125,112,13
S01008168,Flat maisonette or apartment or mobile/temporary accommodation,204,28,4,24,176,169,7
S01008169,All people in households,711,436,97,339,275,224,51
S01008169,Whole house or bungalow: Total,638,413,89,324,225,186,39
S01008169,Whole house or bungalow: Detached,44,32,8,24,12,10,2
S01008169,Whole house or bungalow: Semi-detached,295,191,26,165,104,87,17
S01008169,Whole house or bungalow: Terraced (including end-terrace),299,190,55,135,109,89,20
S01008169,Flat maisonette or apartment or mobile/temporary accommodation,73,23,8,15,50,38,12
S01008170,All people in households,575,517,146,371,58,36,22
S01008170,Whole house or bungalow: Total,529,486,137,349,43,28,15
S01008170,Whole house or bungalow: Detached,189,184,53,131,5,2,3
S01008170,Whole house or bungalow: Semi-detached,244,216,62,154,28,20,8
S01008170,Whole house or bungalow: Terraced (including end-terrace),96,86,22,64,10,6,4
S01008170,Flat maisonette or apartment or mobile/temporary accommodation,46,31,9,22,15,8,7
S01008171,All people in households,733,415,153,262,318,215,103
S01008171,Whole house or bungalow: Total,318,194,93,101,124,76,48
S01008171,Whole house or bungalow: Detached,6,6,0,6,0,0,0
S01008171,Whole house or bungalow: Semi-detached,160,99,52,47,61,44,17
S01008171,Whole house or bungalow: Terraced (including end-terrace),152,89,41,48,63,32,31
S01008171,Flat maisonette or apartment or mobile/temporary accommodation,415,221,60,161,194,139,55
S01008172,All people in households,557,427,151,276,130,96,34
S01008172,Whole house or bungalow: Total,543,416,149,267,127,95,32
S01008172,Whole house or bungalow: Detached,18,17,6,11,1,1,0
S01008172,Whole house or bungalow: Semi-detached,374,265,110,155,109,83,26
S01008172,Whole house or bungalow: Terraced (including end-terrace),151,134,33,101,17,11,6
S01008172,Flat maisonette or apartment or mobile/temporary accommodation,14,11,2,9,3,1,2
S01008173,All people in households,664,567,153,414,97,72,25
S01008173,Whole house or bungalow: Total,654,562,152,410,92,68,24
S01008173,Whole house or bungalow: Detached,87,85,14,71,2,2,0
S01008173,Whole house or bungalow: Semi-detached,327,291,65,226,36,23,13
S01008173,Whole house or bungalow: Terraced (including end-terrace),240,186,73,113,54,43,11
S01008173,Flat maisonette or apartment or mobile/temporary accommodation,10,5,1,4,5,4,1
S01008174,All people in households,532,467,169,298,65,44,21
S01008174,Whole house or bungalow: Total,480,436,152,284,44,26,18
S01008174,Whole house or bungalow: Detached,50,50,18,32,0,0,0
S01008174,Whole house or bungalow: Semi-detached,223,208,86,122,15,9,6
S01008174,Whole house or bungalow: Terraced (including end-terrace),207,178,48,130,29,17,12
S01008174,Flat maisonette or apartment or mobile/temporary accommodation,52,31,17,14,21,18,3
S01008175,All people in households,750,509,125,384,241,149,92
S01008175,Whole house or bungalow: Total,373,316,75,241,57,21,36
S01008175,Whole house or bungalow: Detached,35,28,7,21,7,0,7
S01008175,Whole house or bungalow: Semi-detached,128,110,38,72,18,6,12
S01008175,Whole house or bungalow: Terraced (including end-terrace),210,178,30,148,32,15,17
S01008175,Flat maisonette or apartment or mobile/temporary accommodation,377,193,50,143,184,128,56
S01008176,All people in households,727,599,239,360,128,39,89
S01008176,Whole house or bungalow: Total,458,426,199,227,32,17,15
S01008176,Whole house or bungalow: Detached,219,207,101,106,12,3,9
S01008176,Whole house or bungalow: Semi-detached,83,68,32,36,15,13,2
S01008176,Whole house or bungalow: Terraced (including end-terrace),156,151,66,85,5,1,4
S01008176,Flat maisonette or apartment or mobile/temporary accommodation,269,173,40,133,96,22,74
S01008177,All people in households,776,504,187,317,272,217,55
S01008177,Whole house or bungalow: Total,286,220,86,134,66,50,16
S01008177,Whole house or bungalow: Detached,67,63,11,52,4,0,4
S01008177,Whole house or bungalow: Semi-detached,119,70,32,38,49,45,4
S01008177,Whole house or bungalow: Terraced (including end-terrace),100,87,43,44,13,5,8
S01008177,Flat maisonette or apartment or mobile/temporary accommodation,490,284,101,183,206,167,39
S01008178,All people in households,640,529,272,257,111,76,35
S01008178,Whole house or bungalow: Total,585,496,259,237,89,64,25
S01008178,Whole house or bungalow: Detached,125,123,73,50,2,2,0
S01008178,Whole house or bungalow: Semi-detached,296,259,146,113,37,20,17
S01008178,Whole house or bungalow: Terraced (including end-terrace),164,114,40,74,50,42,8
S01008178,Flat maisonette or apartment or mobile/temporary accommodation,55,33,13,20,22,12,10
S01008179,All people in households,512,490,81,409,22,6,16
S01008179,Whole house or bungalow: Total,498,484,81,403,14,0,14
S01008179,Whole house or bungalow: Detached,223,217,36,181,6,0,6
S01008179,Whole house or bungalow: Semi-detached,190,190,31,159,0,0,0
S01008179,Whole house or bungalow: Terraced (including end-terrace),85,77,14,63,8,0,8
S01008179,Flat maisonette or apartment or mobile/temporary accommodation,14,6,0,6,8,6,2
S01008180,All people in households,473,447,139,308,26,0,26
S01008180,Whole house or bungalow: Total,452,427,137,290,25,0,25
S01008180,Whole house or bungalow: Detached,280,267,104,163,13,0,13
S01008180,Whole house or bungalow: Semi-detached,148,143,29,114,5,0,5
S01008180,Whole house or bungalow: Terraced (including end-terrace),24,17,4,13,7,0,7
S01008180,Flat maisonette or apartment or mobile/temporary accommodation,21,20,2,18,1,0,1
S01008181,All people in households,678,616,278,338,62,30,32
S01008181,Whole house or bungalow: Total,595,567,265,302,28,19,9
S01008181,Whole house or bungalow: Detached,171,164,66,98,7,5,2
S01008181,Whole house or bungalow: Semi-detached,221,206,100,106,15,12,3
S01008181,Whole house or bungalow: Terraced (including end-terrace),203,197,99,98,6,2,4
S01008181,Flat maisonette or apartment or mobile/temporary accommodation,83,49,13,36,34,11,23
S01008182,All people in households,924,540,189,351,384,163,221
S01008182,Whole house or bungalow: Total,193,156,81,75,37,19,18
S01008182,Whole house or bungalow: Detached,16,12,7,5,4,0,4
S01008182,Whole house or bungalow: Semi-detached,47,34,17,17,13,6,7
S01008182,Whole house or bungalow: Terraced (including end-terrace),130,110,57,53,20,13,7
S01008182,Flat maisonette or apartment or mobile/temporary accommodation,731,384,108,276,347,144,203
S01008183,All people in households,642,498,153,345,144,61,83
S01008183,Whole house or bungalow: Total,316,292,101,191,24,6,18
S01008183,Whole house or bungalow: Detached,22,22,6,16,0,0,0
S01008183,Whole house or bungalow: Semi-detached,48,36,9,27,12,6,6
S01008183,Whole house or bungalow: Terraced (including end-terrace),246,234,86,148,12,0,12
S01008183,Flat maisonette or apartment or mobile/temporary accommodation,326,206,52,154,120,55,65
S01008184,All people in households,798,476,198,278,322,156,166
S01008184,Whole house or bungalow: Total,179,145,61,84,34,26,8
S01008184,Whole house or bungalow: Detached,45,43,14,29,2,0,2
S01008184,Whole house or bungalow: Semi-detached,71,58,23,35,13,11,2
S01008184,Whole house or bungalow: Terraced (including end-terrace),63,44,24,20,19,15,4
S01008184,Flat maisonette or apartment or mobile/temporary accommodation,619,331,137,194,288,130,158
S01008185,All people in households,1012,594,214,380,418,238,180
S01008185,Whole house or bungalow: Total,154,120,55,65,34,19,15
S01008185,Whole house or bungalow: Detached,20,19,8,11,1,1,0
S01008185,Whole house or bungalow: Semi-detached,80,57,33,24,23,16,7
S01008185,Whole house or bungalow: Terraced (including end-terrace),54,44,14,30,10,2,8
S01008185,Flat maisonette or apartment or mobile/temporary accommodation,858,474,159,315,384,219,165
S01008186,All people in households,628,389,175,214,239,64,175
S01008186,Whole house or bungalow: Total,163,137,66,71,26,11,15
S01008186,Whole house or bungalow: Detached,25,24,14,10,1,1,0
S01008186,Whole house or bungalow: Semi-detached,41,18,8,10,23,9,14
S01008186,Whole house or bungalow: Terraced (including end-terrace),97,95,44,51,2,1,1
S01008186,Flat maisonette or apartment or mobile/temporary accommodation,465,252,109,143,213,53,160
S01008187,All people in households,617,335,102,233,282,229,53
S01008187,Whole house or bungalow: Total,288,180,52,128,108,91,17
S01008187,Whole house or bungalow: Detached,44,33,10,23,11,6,5
S01008187,Whole house or bungalow: Semi-detached,115,69,26,43,46,42,4
S01008187,Whole house or bungalow: Terraced (including end-terrace),129,78,16,62,51,43,8
S01008187,Flat maisonette or apartment or mobile/temporary accommodation,329,155,50,105,174,138,36
S01008188,All people in households,920,428,150,278,492,311,181
S01008188,Whole house or bungalow: Total,196,157,69,88,39,22,17
S01008188,Whole house or bungalow: Detached,45,31,12,19,14,3,11
S01008188,Whole house or bungalow: Semi-detached,46,40,21,19,6,6,0
S01008188,Whole house or bungalow: Terraced (including end-terrace),105,86,36,50,19,13,6
S01008188,Flat maisonette or apartment or mobile/temporary accommodation,724,271,81,190,453,289,164
S01008189,All people in households,565,431,195,236,134,87,47
S01008189,Whole house or bungalow: Total,378,345,154,191,33,27,6
S01008189,Whole house or bungalow: Detached,73,73,41,32,0,0,0
S01008189,Whole house or bungalow: Semi-detached,166,156,65,91,10,7,3
S01008189,Whole house or bungalow: Terraced (including end-terrace),139,116,48,68,23,20,3
S01008189,Flat maisonette or apartment or mobile/temporary accommodation,187,86,41,45,101,60,41
S01008190,All people in households,877,426,149,277,451,410,41
S01008190,Whole house or bungalow: Total,705,376,139,237,329,299,30
S01008190,Whole house or bungalow: Detached,24,20,20,0,4,1,3
S01008190,Whole house or bungalow: Semi-detached,316,134,49,85,182,162,20
S01008190,Whole house or bungalow: Terraced (including end-terrace),365,222,70,152,143,136,7
S01008190,Flat maisonette or apartment or mobile/temporary accommodation,172,50,10,40,122,111,11
S01008191,All people in households,478,265,109,156,213,191,22
S01008191,Whole house or bungalow: Total,422,246,104,142,176,166,10
S01008191,Whole house or bungalow: Detached,87,79,41,38,8,7,1
S01008191,Whole house or bungalow: Semi-detached,155,91,35,56,64,58,6
S01008191,Whole house or bungalow: Terraced (including end-terrace),180,76,28,48,104,101,3
S01008191,Flat maisonette or apartment or mobile/temporary accommodation,56,19,5,14,37,25,12
S01008192,All people in households,773,460,136,324,313,167,146
S01008192,Whole house or bungalow: Total,425,303,99,204,122,101,21
S01008192,Whole house or bungalow: Detached,49,32,11,21,17,9,8
S01008192,Whole house or bungalow: Semi-detached,167,113,35,78,54,44,10
S01008192,Whole house or bungalow: Terraced (including end-terrace),209,158,53,105,51,48,3
S01008192,Flat maisonette or apartment or mobile/temporary accommodation,348,157,37,120,191,66,125
S01008193,All people in households,790,586,213,373,204,150,54
S01008193,Whole house or bungalow: Total,546,413,160,253,133,96,37
S01008193,Whole house or bungalow: Detached,103,102,54,48,1,0,1
S01008193,Whole house or bungalow: Semi-detached,131,80,32,48,51,31,20
S01008193,Whole house or bungalow: Terraced (including end-terrace),312,231,74,157,81,65,16
S01008193,Flat maisonette or apartment or mobile/temporary accommodation,244,173,53,120,71,54,17
S01008194,All people in households,584,373,142,231,211,147,64
S01008194,Whole house or bungalow: Total,373,270,102,168,103,59,44
S01008194,Whole house or bungalow: Detached,59,40,10,30,19,2,17
S01008194,Whole house or bungalow: Semi-detached,172,141,65,76,31,18,13
S01008194,Whole house or bungalow: Terraced (including end-terrace),142,89,27,62,53,39,14
S01008194,Flat maisonette or apartment or mobile/temporary accommodation,211,103,40,63,108,88,20
S01008195,All people in households,796,399,68,331,397,330,67
S01008195,Whole house or bungalow: Total,415,284,56,228,131,95,36
S01008195,Whole house or bungalow: Detached,17,12,5,7,5,1,4
S01008195,Whole house or bungalow: Semi-detached,187,120,11,109,67,47,20
S01008195,Whole house or bungalow: Terraced (including end-terrace),211,152,40,112,59,47,12
S01008195,Flat maisonette or apartment or mobile/temporary accommodation,381,115,12,103,266,235,31
S01008196,All people in households,796,393,68,325,403,337,66
S01008196,Whole house or bungalow: Total,555,345,61,284,210,169,41
S01008196,Whole house or bungalow: Detached,23,14,0,14,9,0,9
S01008196,Whole house or bungalow: Semi-detached,259,155,32,123,104,86,18
S01008196,Whole house or bungalow: Terraced (including end-terrace),273,176,29,147,97,83,14
S01008196,Flat maisonette or apartment or mobile/temporary accommodation,241,48,7,41,193,168,25
S01008197,All people in households,940,694,68,626,246,152,94
S01008197,Whole house or bungalow: Total,716,598,59,539,118,64,54
S01008197,Whole house or bungalow: Detached,284,267,35,232,17,2,15
S01008197,Whole house or bungalow: Semi-detached,121,78,8,70,43,26,17
S01008197,Whole house or bungalow: Terraced (including end-terrace),311,253,16,237,58,36,22
S01008197,Flat maisonette or apartment or mobile/temporary accommodation,224,96,9,87,128,88,40
S01008198,All people in households,693,410,187,223,283,257,26
S01008198,Whole house or bungalow: Total,626,378,176,202,248,229,19
S01008198,Whole house or bungalow: Detached,44,28,11,17,16,16,0
S01008198,Whole house or bungalow: Semi-detached,247,157,76,81,90,76,14
S01008198,Whole house or bungalow: Terraced (including end-terrace),335,193,89,104,142,137,5
S01008198,Flat maisonette or apartment or mobile/temporary accommodation,67,32,11,21,35,28,7
S01008199,All people in households,776,246,55,191,530,491,39
S01008199,Whole house or bungalow: Total,743,241,55,186,502,472,30
S01008199,Whole house or bungalow: Detached,33,4,1,3,29,29,0
S01008199,Whole house or bungalow: Semi-detached,313,114,10,104,199,174,25
S01008199,Whole house or bungalow: Terraced (including end-terrace),397,123,44,79,274,269,5
S01008199,Flat maisonette or apartment or mobile/temporary accommodation,33,5,0,5,28,19,9
S01008200,All people in households,628,262,98,164,366,343,23
S01008200,Whole house or bungalow: Total,551,243,85,158,308,287,21
S01008200,Whole house or bungalow: Detached,27,13,1,12,14,14,0
S01008200,Whole house or bungalow: Semi-detached,221,98,33,65,123,118,5
S01008200,Whole house or bungalow: Terraced (including end-terrace),303,132,51,81,171,155,16
S01008200,Flat maisonette or apartment or mobile/temporary accommodation,77,19,13,6,58,56,2
S01008201,All people in households,797,356,105,251,441,401,40
S01008201,Whole house or bungalow: Total,530,270,73,197,260,239,21
S01008201,Whole house or bungalow: Detached,41,32,5,27,9,9,0
S01008201,Whole house or bungalow: Semi-detached,231,116,21,95,115,100,15
S01008201,Whole house or bungalow: Terraced (including end-terrace),258,122,47,75,136,130,6
S01008201,Flat maisonette or apartment or mobile/temporary accommodation,267,86,32,54,181,162,19
S01008202,All people in households,567,388,95,293,179,146,33
S01008202,Whole house or bungalow: Total,462,372,87,285,90,68,22
S01008202,Whole house or bungalow: Detached,85,74,23,51,11,3,8
S01008202,Whole house or bungalow: Semi-detached,260,213,39,174,47,36,11
S01008202,Whole house or bungalow: Terraced (including end-terrace),117,85,25,60,32,29,3
S01008202,Flat maisonette or apartment or mobile/temporary accommodation,105,16,8,8,89,78,11
S01008203,All people in households,556,213,56,157,343,267,76
S01008203,Whole house or bungalow: Total,194,83,24,59,111,101,10
S01008203,Whole house or bungalow: Detached,27,19,7,12,8,6,2
S01008203,Whole house or bungalow: Semi-detached,112,34,8,26,78,75,3
S01008203,Whole house or bungalow: Terraced (including end-terrace),55,30,9,21,25,20,5
S01008203,Flat maisonette or apartment or mobile/temporary accommodation,362,130,32,98,232,166,66
S01008204,All people in households,875,522,218,304,353,295,58
S01008204,Whole house or bungalow: Total,737,465,207,258,272,225,47
S01008204,Whole house or bungalow: Detached,66,45,27,18,21,13,8
S01008204,Whole house or bungalow: Semi-detached,431,281,126,155,150,125,25
S01008204,Whole house or bungalow: Terraced (including end-terrace),240,139,54,85,101,87,14
S01008204,Flat maisonette or apartment or mobile/temporary accommodation,138,57,11,46,81,70,11
S01008205,All people in households,680,396,125,271,284,244,40
S01008205,Whole house or bungalow: Total,668,389,122,267,279,239,40
S01008205,Whole house or bungalow: Detached,42,27,6,21,15,9,6
S01008205,Whole house or bungalow: Semi-detached,390,278,99,179,112,91,21
S01008205,Whole house or bungalow: Terraced (including end-terrace),236,84,17,67,152,139,13
S01008205,Flat maisonette or apartment or mobile/temporary accommodation,12,7,3,4,5,5,0
S01008206,All people in households,654,352,126,226,302,257,45
S01008206,Whole house or bungalow: Total,528,319,124,195,209,173,36
S01008206,Whole house or bungalow: Detached,22,15,1,14,7,6,1
S01008206,Whole house or bungalow: Semi-detached,350,218,101,117,132,104,28
S01008206,Whole house or bungalow: Terraced (including end-terrace),156,86,22,64,70,63,7
S01008206,Flat maisonette or apartment or mobile/temporary accommodation,126,33,2,31,93,84,9
S01008207,All people in households,618,230,49,181,388,364,24
S01008207,Whole house or bungalow: Total,592,226,49,177,366,344,22
S01008207,Whole house or bungalow: Detached,24,10,3,7,14,14,0
S01008207,Whole house or bungalow: Semi-detached,222,94,15,79,128,118,10
S01008207,Whole house or bungalow: Terraced (including end-terrace),346,122,31,91,224,212,12
S01008207,Flat maisonette or apartment or mobile/temporary accommodation,26,4,0,4,22,20,2
S01008208,All people in households,793,572,92,480,221,146,75
S01008208,Whole house or bungalow: Total,569,441,77,364,128,103,25
S01008208,Whole house or bungalow: Detached,268,236,45,191,32,19,13
S01008208,Whole house or bungalow: Semi-detached,223,153,31,122,70,63,7
S01008208,Whole house or bungalow: Terraced (including end-terrace),78,52,1,51,26,21,5
S01008208,Flat maisonette or apartment or mobile/temporary accommodation,224,131,15,116,93,43,50
S01008209,All people in households,563,504,42,462,59,13,46
S01008209,Whole house or bungalow: Total,515,476,41,435,39,6,33
S01008209,Whole house or bungalow: Detached,271,251,21,230,20,0,20
S01008209,Whole house or bungalow: Semi-detached,135,132,9,123,3,0,3
S01008209,Whole house or bungalow: Terraced (including end-terrace),109,93,11,82,16,6,10
S01008209,Flat maisonette or apartment or mobile/temporary accommodation,48,28,1,27,20,7,13
S01008210,All people in households,935,638,268,370,297,238,59
S01008210,Whole house or bungalow: Total,621,517,218,299,104,82,22
S01008210,Whole house or bungalow: Detached,135,126,63,63,9,4,5
S01008210,Whole house or bungalow: Semi-detached,88,62,24,38,26,18,8
S01008210,Whole house or bungalow: Terraced (including end-terrace),398,329,131,198,69,60,9
S01008210,Flat maisonette or apartment or mobile/temporary accommodation,314,121,50,71,193,156,37
S01008211,All people in households,887,608,223,385,279,205,74
S01008211,Whole house or bungalow: Total,582,433,183,250,149,113,36
S01008211,Whole house or bungalow: Detached,82,70,32,38,12,10,2
S01008211,Whole house or bungalow: Semi-detached,185,100,31,69,85,69,16
S01008211,Whole house or bungalow: Terraced (including end-terrace),315,263,120,143,52,34,18
S01008211,Flat maisonette or apartment or mobile/temporary accommodation,305,175,40,135,130,92,38
S01008212,All people in households,583,518,128,390,65,29,36
S01008212,Whole house or bungalow: Total,578,513,127,386,65,29,36
S01008212,Whole house or bungalow: Detached,280,263,77,186,17,0,17
S01008212,Whole house or bungalow: Semi-detached,173,163,23,140,10,0,10
S01008212,Whole house or bungalow: Terraced (including end-terrace),125,87,27,60,38,29,9
S01008212,Flat maisonette or apartment or mobile/temporary accommodation,5,5,1,4,0,0,0
S01008213,All people in households,1029,900,221,679,129,78,51
S01008213,Whole house or bungalow: Total,1006,895,218,677,111,62,49
S01008213,Whole house or bungalow: Detached,519,489,90,399,30,6,24
S01008213,Whole house or bungalow: Semi-detached,234,210,48,162,24,13,11
S01008213,Whole house or bungalow: Terraced (including end-terrace),253,196,80,116,57,43,14
S01008213,Flat maisonette or apartment or mobile/temporary accommodation,23,5,3,2,18,16,2
S01008214,All people in households,704,456,207,249,248,186,62
S01008214,Whole house or bungalow: Total,561,394,183,211,167,121,46
S01008214,Whole house or bungalow: Detached,148,107,72,35,41,24,17
S01008214,Whole house or bungalow: Semi-detached,133,99,53,46,34,25,9
S01008214,Whole house or bungalow: Terraced (including end-terrace),280,188,58,130,92,72,20
S01008214,Flat maisonette or apartment or mobile/temporary accommodation,143,62,24,38,81,65,16
S01008215,All people in households,735,573,181,392,162,108,54
S01008215,Whole house or bungalow: Total,650,521,172,349,129,86,43
S01008215,Whole house or bungalow: Detached,123,113,47,66,10,0,10
S01008215,Whole house or bungalow: Semi-detached,178,144,42,102,34,21,13
S01008215,Whole house or bungalow: Terraced (including end-terrace),349,264,83,181,85,65,20
S01008215,Flat maisonette or apartment or mobile/temporary accommodation,85,52,9,43,33,22,11
S01008216,All people in households,515,487,156,331,28,10,18
S01008216,Whole house or bungalow: Total,509,487,156,331,22,4,18
S01008216,Whole house or bungalow: Detached,114,112,38,74,2,0,2
S01008216,Whole house or bungalow: Semi-detached,317,304,90,214,13,4,9
S01008216,Whole house or bungalow: Terraced (including end-terrace),78,71,28,43,7,0,7
S01008216,Flat maisonette or apartment or mobile/temporary accommodation,6,0,0,0,6,6,0
S01008217,All people in households,557,526,202,324,31,4,27
S01008217,Whole house or bungalow: Total,550,522,198,324,28,4,24
S01008217,Whole house or bungalow: Detached,283,276,123,153,7,1,6
S01008217,Whole house or bungalow: Semi-detached,191,176,50,126,15,0,15
S01008217,Whole house or bungalow: Terraced (including end-terrace),76,70,25,45,6,3,3
S01008217,Flat maisonette or apartment or mobile/temporary accommodation,7,4,4,0,3,0,3
S01008218,All people in households,1077,1004,204,800,73,36,37
S01008218,Whole house or bungalow: Total,1045,983,199,784,62,29,33
S01008218,Whole house or bungalow: Detached,608,593,101,492,15,0,15
S01008218,Whole house or bungalow: Semi-detached,271,243,52,191,28,13,15
S01008218,Whole house or bungalow: Terraced (including end-terrace),166,147,46,101,19,16,3
S01008218,Flat maisonette or apartment or mobile/temporary accommodation,32,21,5,16,11,7,4
S01008219,All people in households,933,607,167,440,326,207,119
S01008219,Whole house or bungalow: Total,647,475,140,335,172,130,42
S01008219,Whole house or bungalow: Detached,318,275,92,183,43,18,25
S01008219,Whole house or bungalow: Semi-detached,163,79,21,58,84,78,6
S01008219,Whole house or bungalow: Terraced (including end-terrace),166,121,27,94,45,34,11
S01008219,Flat maisonette or apartment or mobile/temporary accommodation,286,132,27,105,154,77,77
S01008220,All people in households,644,267,73,194,377,356,21
S01008220,Whole house or bungalow: Total,579,258,73,185,321,302,19
S01008220,Whole house or bungalow: Detached,89,55,17,38,34,27,7
S01008220,Whole house or bungalow: Semi-detached,237,118,29,89,119,114,5
S01008220,Whole house or bungalow: Terraced (including end-terrace),253,85,27,58,168,161,7
S01008220,Flat maisonette or apartment or mobile/temporary accommodation,65,9,0,9,56,54,2
S01008221,All people in households,718,229,79,150,489,435,54
S01008221,Whole house or bungalow: Total,164,134,48,86,30,29,1
S01008221,Whole house or bungalow: Detached,44,44,13,31,0,0,0
S01008221,Whole house or bungalow: Semi-detached,91,64,32,32,27,26,1
S01008221,Whole house or bungalow: Terraced (including end-terrace),29,26,3,23,3,3,0
S01008221,Flat maisonette or apartment or mobile/temporary accommodation,554,95,31,64,459,406,53
S01008222,All people in households,641,316,96,220,325,289,36
S01008222,Whole house or bungalow: Total,429,255,86,169,174,157,17
S01008222,Whole house or bungalow: Detached,51,38,18,20,13,13,0
S01008222,Whole house or bungalow: Semi-detached,325,186,64,122,139,122,17
S01008222,Whole house or bungalow: Terraced (including end-terrace),53,31,4,27,22,22,0
S01008222,Flat maisonette or apartment or mobile/temporary accommodation,212,61,10,51,151,132,19
S01008223,All people in households,597,330,106,224,267,229,38
S01008223,Whole house or bungalow: Total,518,327,106,221,191,156,35
S01008223,Whole house or bungalow: Detached,49,30,2,28,19,13,6
S01008223,Whole house or bungalow: Semi-detached,246,153,57,96,93,71,22
S01008223,Whole house or bungalow: Terraced (including end-terrace),223,144,47,97,79,72,7
S01008223,Flat maisonette or apartment or mobile/temporary accommodation,79,3,0,3,76,73,3
S01008224,All people in households,907,798,261,537,109,32,77
S01008224,Whole house or bungalow: Total,885,784,260,524,101,27,74
S01008224,Whole house or bungalow: Detached,219,208,105,103,11,0,11
S01008224,Whole house or bungalow: Semi-detached,265,235,80,155,30,14,16
S01008224,Whole house or bungalow: Terraced (including end-terrace),401,341,75,266,60,13,47
S01008224,Flat maisonette or apartment or mobile/temporary accommodation,22,14,1,13,8,5,3
S01008225,All people in households,714,515,193,322,199,167,32
S01008225,Whole house or bungalow: Total,675,512,191,321,163,134,29
S01008225,Whole house or bungalow: Detached,60,52,17,35,8,6,2
S01008225,Whole house or bungalow: Semi-detached,187,138,53,85,49,38,11
S01008225,Whole house or bungalow: Terraced (including end-terrace),428,322,121,201,106,90,16
S01008225,Flat maisonette or apartment or mobile/temporary accommodation,39,3,2,1,36,33,3
S01008226,All people in households,755,354,91,263,401,349,52
S01008226,Whole house or bungalow: Total,598,310,86,224,288,247,41
S01008226,Whole house or bungalow: Detached,59,41,9,32,18,18,0
S01008226,Whole house or bungalow: Semi-detached,214,99,27,72,115,97,18
S01008226,Whole house or bungalow: Terraced (including end-terrace),325,170,50,120,155,132,23
S01008226,Flat maisonette or apartment or mobile/temporary accommodation,157,44,5,39,113,102,11
S01008227,All people in households,819,396,132,264,423,385,38
S01008227,Whole house or bungalow: Total,683,358,124,234,325,300,25
S01008227,Whole house or bungalow: Detached,64,42,10,32,22,19,3
S01008227,Whole house or bungalow: Semi-detached,164,94,31,63,70,65,5
S01008227,Whole house or bungalow: Terraced (including end-terrace),455,222,83,139,233,216,17
S01008227,Flat maisonette or apartment or mobile/temporary accommodation,136,38,8,30,98,85,13
S01008228,All people in households,639,510,200,310,129,91,38
S01008228,Whole house or bungalow: Total,476,428,179,249,48,30,18
S01008228,Whole house or bungalow: Detached,363,350,141,209,13,5,8
S01008228,Whole house or bungalow: Semi-detached,72,61,33,28,11,6,5
S01008228,Whole house or bungalow: Terraced (including end-terrace),41,17,5,12,24,19,5
S01008228,Flat maisonette or apartment or mobile/temporary accommodation,163,82,21,61,81,61,20
S01008229,All people in households,686,344,117,227,342,325,17
S01008229,Whole house or bungalow: Total,627,332,110,222,295,280,15
S01008229,Whole house or bungalow: Detached,44,23,12,11,21,15,6
S01008229,Whole house or bungalow: Semi-detached,163,74,24,50,89,85,4
S01008229,Whole house or bungalow: Terraced (including end-terrace),420,235,74,161,185,180,5
S01008229,Flat maisonette or apartment or mobile/temporary accommodation,59,12,7,5,47,45,2
S01008230,All people in households,811,689,82,607,122,58,64
S01008230,Whole house or bungalow: Total,776,673,81,592,103,58,45
S01008230,Whole house or bungalow: Detached,279,262,30,232,17,6,11
S01008230,Whole house or bungalow: Semi-detached,256,213,23,190,43,38,5
S01008230,Whole house or bungalow: Terraced (including end-terrace),241,198,28,170,43,14,29
S01008230,Flat maisonette or apartment or mobile/temporary accommodation,35,16,1,15,19,0,19
S01008231,All people in households,794,742,51,691,52,20,32
S01008231,Whole house or bungalow: Total,764,722,47,675,42,19,23
S01008231,Whole house or bungalow: Detached,614,598,41,557,16,0,16
S01008231,Whole house or bungalow: Semi-detached,87,76,5,71,11,4,7
S01008231,Whole house or bungalow: Terraced (including end-terrace),63,48,1,47,15,15,0
S01008231,Flat maisonette or apartment or mobile/temporary accommodation,30,20,4,16,10,1,9
S01008232,All people in households,686,493,41,452,193,138,55
S01008232,Whole house or bungalow: Total,531,440,31,409,91,68,23
S01008232,Whole house or bungalow: Detached,355,338,26,312,17,0,17
S01008232,Whole house or bungalow: Semi-detached,113,86,2,84,27,23,4
S01008232,Whole house or bungalow: Terraced (including end-terrace),63,16,3,13,47,45,2
S01008232,Flat maisonette or apartment or mobile/temporary accommodation,155,53,10,43,102,70,32
S01008233,All people in households,467,330,52,278,137,98,39
S01008233,Whole house or bungalow: Total,438,329,51,278,109,73,36
S01008233,Whole house or bungalow: Detached,239,219,30,189,20,2,18
S01008233,Whole house or bungalow: Semi-detached,123,70,16,54,53,53,0
S01008233,Whole house or bungalow: Terraced (including end-terrace),76,40,5,35,36,18,18
S01008233,Flat maisonette or apartment or mobile/temporary accommodation,29,1,1,0,28,25,3
S01008234,All people in households,387,227,106,121,160,154,6
S01008234,Whole house or bungalow: Total,376,221,103,118,155,150,5
S01008234,Whole house or bungalow: Detached,60,53,17,36,7,7,0
S01008234,Whole house or bungalow: Semi-detached,261,136,71,65,125,120,5
S01008234,Whole house or bungalow: Terraced (including end-terrace),55,32,15,17,23,23,0
S01008234,Flat maisonette or apartment or mobile/temporary accommodation,11,6,3,3,5,4,1
S01008235,All people in households,829,484,198,286,345,305,40
S01008235,Whole house or bungalow: Total,802,480,194,286,322,282,40
S01008235,Whole house or bungalow: Detached,74,51,34,17,23,21,2
S01008235,Whole house or bungalow: Semi-detached,572,319,104,215,253,232,21
S01008235,Whole house or bungalow: Terraced (including end-terrace),156,110,56,54,46,29,17
S01008235,Flat maisonette or apartment or mobile/temporary accommodation,27,4,4,0,23,23,0
S01008236,All people in households,845,579,230,349,266,210,56
S01008236,Whole house or bungalow: Total,701,517,213,304,184,144,40
S01008236,Whole house or bungalow: Detached,191,189,91,98,2,2,0
S01008236,Whole house or bungalow: Semi-detached,347,228,91,137,119,96,23
S01008236,Whole house or bungalow: Terraced (including end-terrace),163,100,31,69,63,46,17
S01008236,Flat maisonette or apartment or mobile/temporary accommodation,144,62,17,45,82,66,16
S01008237,All people in households,864,517,181,336,347,264,83
S01008237,Whole house or bungalow: Total,772,506,178,328,266,185,81
S01008237,Whole house or bungalow: Detached,171,130,68,62,41,14,27
S01008237,Whole house or bungalow: Semi-detached,308,179,57,122,129,103,26
S01008237,Whole house or bungalow: Terraced (including end-terrace),293,197,53,144,96,68,28
S01008237,Flat maisonette or apartment or mobile/temporary accommodation,92,11,3,8,81,79,2
S01008238,All people in households,756,435,184,251,321,292,29
S01008238,Whole house or bungalow: Total,691,423,181,242,268,249,19
S01008238,Whole house or bungalow: Detached,57,51,20,31,6,3,3
S01008238,Whole house or bungalow: Semi-detached,341,161,70,91,180,168,12
S01008238,Whole house or bungalow: Terraced (including end-terrace),293,211,91,120,82,78,4
S01008238,Flat maisonette or apartment or mobile/temporary accommodation,65,12,3,9,53,43,10
S01008239,All people in households,760,529,149,380,231,162,69
S01008239,Whole house or bungalow: Total,747,522,146,376,225,159,66
S01008239,Whole house or bungalow: Detached,202,183,34,149,19,5,14
S01008239,Whole house or bungalow: Semi-detached,260,161,59,102,99,67,32
S01008239,Whole house or bungalow: Terraced (including end-terrace),285,178,53,125,107,87,20
S01008239,Flat maisonette or apartment or mobile/temporary accommodation,13,7,3,4,6,3,3
S01008240,All people in households,885,796,390,406,89,23,66
S01008240,Whole house or bungalow: Total,864,778,379,399,86,20,66
S01008240,Whole house or bungalow: Detached,551,516,284,232,35,0,35
S01008240,Whole house or bungalow: Semi-detached,268,224,72,152,44,15,29
S01008240,Whole house or bungalow: Terraced (including end-terrace),45,38,23,15,7,5,2
S01008240,Flat maisonette or apartment or mobile/temporary accommodation,21,18,11,7,3,3,0
S01008241,All people in households,648,616,322,294,32,11,21
S01008241,Whole house or bungalow: Total,639,614,320,294,25,8,17
S01008241,Whole house or bungalow: Detached,461,456,259,197,5,0,5
S01008241,Whole house or bungalow: Semi-detached,87,77,28,49,10,2,8
S01008241,Whole house or bungalow: Terraced (including end-terrace),91,81,33,48,10,6,4
S01008241,Flat maisonette or apartment or mobile/temporary accommodation,9,2,2,0,7,3,4
S01008242,All people in households,900,561,279,282,339,191,148
S01008242,Whole house or bungalow: Total,881,555,276,279,326,181,145
S01008242,Whole house or bungalow: Detached,281,210,121,89,71,5,66
S01008242,Whole house or bungalow: Semi-detached,463,277,126,151,186,132,54
S01008242,Whole house or bungalow: Terraced (including end-terrace),137,68,29,39,69,44,25
S01008242,Flat maisonette or apartment or mobile/temporary accommodation,19,6,3,3,13,10,3
S01008243,All people in households,936,683,189,494,253,125,128
S01008243,Whole house or bungalow: Total,918,683,189,494,235,118,117
S01008243,Whole house or bungalow: Detached,431,385,99,286,46,3,43
S01008243,Whole house or bungalow: Semi-detached,273,154,57,97,119,74,45
S01008243,Whole house or bungalow: Terraced (including end-terrace),214,144,33,111,70,41,29
S01008243,Flat maisonette or apartment or mobile/temporary accommodation,18,0,0,0,18,7,11
S01008244,All people in households,574,424,192,232,150,69,81
S01008244,Whole house or bungalow: Total,524,385,175,210,139,69,70
S01008244,Whole house or bungalow: Detached,187,154,82,72,33,6,27
S01008244,Whole house or bungalow: Semi-detached,173,97,45,52,76,45,31
S01008244,Whole house or bungalow: Terraced (including end-terrace),164,134,48,86,30,18,12
S01008244,Flat maisonette or apartment or mobile/temporary accommodation,50,39,17,22,11,0,11
S01008245,All people in households,992,804,284,520,188,127,61
S01008245,Whole house or bungalow: Total,956,784,284,500,172,120,52
S01008245,Whole house or bungalow: Detached,383,344,145,199,39,9,30
S01008245,Whole house or bungalow: Semi-detached,386,275,105,170,111,101,10
S01008245,Whole house or bungalow: Terraced (including end-terrace),187,165,34,131,22,10,12
S01008245,Flat maisonette or apartment or mobile/temporary accommodation,36,20,0,20,16,7,9
S01008246,All people in households,933,745,294,451,188,85,103
S01008246,Whole house or bungalow: Total,915,736,287,449,179,85,94
S01008246,Whole house or bungalow: Detached,663,595,232,363,68,0,68
S01008246,Whole house or bungalow: Semi-detached,211,111,37,74,100,75,25
S01008246,Whole house or bungalow: Terraced (including end-terrace),41,30,18,12,11,10,1
S01008246,Flat maisonette or apartment or mobile/temporary accommodation,18,9,7,2,9,0,9
S01008247,All people in households,789,582,251,331,207,105,102
S01008247,Whole house or bungalow: Total,786,582,251,331,204,102,102
S01008247,Whole house or bungalow: Detached,427,374,171,203,53,5,48
S01008247,Whole house or bungalow: Semi-detached,264,135,59,76,129,84,45
S01008247,Whole house or bungalow: Terraced (including end-terrace),95,73,21,52,22,13,9
S01008247,Flat maisonette or apartment or mobile/temporary accommodation,3,0,0,0,3,3,0
S01008248,All people in households,936,544,274,270,392,242,150
S01008248,Whole house or bungalow: Total,886,540,270,270,346,198,148
S01008248,Whole house or bungalow: Detached,387,282,153,129,105,14,91
S01008248,Whole house or bungalow: Semi-detached,349,166,72,94,183,146,37
S01008248,Whole house or bungalow: Terraced (including end-terrace),150,92,45,47,58,38,20
S01008248,Flat maisonette or apartment or mobile/temporary accommodation,50,4,4,0,46,44,2
S01008249,All people in households,883,633,303,330,250,83,167
S01008249,Whole house or bungalow: Total,850,613,292,321,237,77,160
S01008249,Whole house or bungalow: Detached,380,299,171,128,81,0,81
S01008249,Whole house or bungalow: Semi-detached,313,210,70,140,103,60,43
S01008249,Whole house or bungalow: Terraced (including end-terrace),157,104,51,53,53,17,36
S01008249,Flat maisonette or apartment or mobile/temporary accommodation,33,20,11,9,13,6,7
S01008250,All people in households,1024,752,390,362,272,33,239
S01008250,Whole house or bungalow: Total,904,673,344,329,231,6,225
S01008250,Whole house or bungalow: Detached,595,485,281,204,110,0,110
S01008250,Whole house or bungalow: Semi-detached,194,109,33,76,85,0,85
S01008250,Whole house or bungalow: Terraced (including end-terrace),115,79,30,49,36,6,30
S01008250,Flat maisonette or apartment or mobile/temporary accommodation,120,79,46,33,41,27,14
S01008251,All people in households,754,698,215,483,56,18,38
S01008251,Whole house or bungalow: Total,739,693,214,479,46,8,38
S01008251,Whole house or bungalow: Detached,474,442,143,299,32,2,30
S01008251,Whole house or bungalow: Semi-detached,246,234,67,167,12,6,6
S01008251,Whole house or bungalow: Terraced (including end-terrace),19,17,4,13,2,0,2
S01008251,Flat maisonette or apartment or mobile/temporary accommodation,15,5,1,4,10,10,0
S01008252,All people in households,825,711,324,387,114,39,75
S01008252,Whole house or bungalow: Total,755,672,305,367,83,28,55
S01008252,Whole house or bungalow: Detached,469,437,218,219,32,2,30
S01008252,Whole house or bungalow: Semi-detached,267,218,83,135,49,26,23
S01008252,Whole house or bungalow: Terraced (including end-terrace),19,17,4,13,2,0,2
S01008252,Flat maisonette or apartment or mobile/temporary accommodation,70,39,19,20,31,11,20
S01008253,All people in households,755,467,184,283,288,250,38
S01008253,Whole house or bungalow: Total,667,434,175,259,233,209,24
S01008253,Whole house or bungalow: Detached,39,26,6,20,13,9,4
S01008253,Whole house or bungalow: Semi-detached,409,263,113,150,146,139,7
S01008253,Whole house or bungalow: Terraced (including end-terrace),219,145,56,89,74,61,13
S01008253,Flat maisonette or apartment or mobile/temporary accommodation,88,33,9,24,55,41,14
S01008254,All people in households,973,625,237,388,348,260,88
S01008254,Whole house or bungalow: Total,850,598,230,368,252,179,73
S01008254,Whole house or bungalow: Detached,100,87,32,55,13,7,6
S01008254,Whole house or bungalow: Semi-detached,482,319,122,197,163,120,43
S01008254,Whole house or bungalow: Terraced (including end-terrace),268,192,76,116,76,52,24
S01008254,Flat maisonette or apartment or mobile/temporary accommodation,123,27,7,20,96,81,15
S01008255,All people in households,725,524,142,382,201,159,42
S01008255,Whole house or bungalow: Total,684,498,134,364,186,149,37
S01008255,Whole house or bungalow: Detached,121,117,45,72,4,3,1
S01008255,Whole house or bungalow: Semi-detached,315,189,47,142,126,101,25
S01008255,Whole house or bungalow: Terraced (including end-terrace),248,192,42,150,56,45,11
S01008255,Flat maisonette or apartment or mobile/temporary accommodation,41,26,8,18,15,10,5
S01008256,All people in households,838,378,132,246,460,362,98
S01008256,Whole house or bungalow: Total,520,295,109,186,225,179,46
S01008256,Whole house or bungalow: Detached,57,47,22,25,10,5,5
S01008256,Whole house or bungalow: Semi-detached,229,122,39,83,107,81,26
S01008256,Whole house or bungalow: Terraced (including end-terrace),234,126,48,78,108,93,15
S01008256,Flat maisonette or apartment or mobile/temporary accommodation,318,83,23,60,235,183,52
S01008257,All people in households,642,383,186,197,259,181,78
S01008257,Whole house or bungalow: Total,355,265,112,153,90,66,24
S01008257,Whole house or bungalow: Detached,78,67,24,43,11,3,8
S01008257,Whole house or bungalow: Semi-detached,110,82,37,45,28,23,5
S01008257,Whole house or bungalow: Terraced (including end-terrace),167,116,51,65,51,40,11
S01008257,Flat maisonette or apartment or mobile/temporary accommodation,287,118,74,44,169,115,54
S01008258,All people in households,809,676,243,433,133,18,115
S01008258,Whole house or bungalow: Total,701,617,233,384,84,9,75
S01008258,Whole house or bungalow: Detached,202,188,93,95,14,0,14
S01008258,Whole house or bungalow: Semi-detached,360,328,121,207,32,7,25
S01008258,Whole house or bungalow: Terraced (including end-terrace),139,101,19,82,38,2,36
S01008258,Flat maisonette or apartment or mobile/temporary accommodation,108,59,10,49,49,9,40
S01008259,All people in households,777,501,182,319,276,117,159
S01008259,Whole house or bungalow: Total,606,440,154,286,166,94,72
S01008259,Whole house or bungalow: Detached,177,150,61,89,27,4,23
S01008259,Whole house or bungalow: Semi-detached,235,167,63,104,68,52,16
S01008259,Whole house or bungalow: Terraced (including end-terrace),194,123,30,93,71,38,33
S01008259,Flat maisonette or apartment or mobile/temporary accommodation,171,61,28,33,110,23,87
S01008260,All people in households,780,385,143,242,395,316,79
S01008260,Whole house or bungalow: Total,596,335,131,204,261,217,44
S01008260,Whole house or bungalow: Detached,77,48,21,27,29,19,10
S01008260,Whole house or bungalow: Semi-detached,223,127,37,90,96,78,18
S01008260,Whole house or bungalow: Terraced (including end-terrace),296,160,73,87,136,120,16
S01008260,Flat maisonette or apartment or mobile/temporary accommodation,184,50,12,38,134,99,35
S01008261,All people in households,901,479,132,347,422,371,51
S01008261,Whole house or bungalow: Total,886,473,132,341,413,362,51
S01008261,Whole house or bungalow: Detached,47,16,8,8,31,22,9
S01008261,Whole house or bungalow: Semi-detached,272,95,24,71,177,166,11
S01008261,Whole house or bungalow: Terraced (including end-terrace),567,362,100,262,205,174,31
S01008261,Flat maisonette or apartment or mobile/temporary accommodation,15,6,0,6,9,9,0
S01008262,All people in households,612,379,169,210,233,103,130
S01008262,Whole house or bungalow: Total,603,375,166,209,228,100,128
S01008262,Whole house or bungalow: Detached,279,206,101,105,73,0,73
S01008262,Whole house or bungalow: Semi-detached,234,116,50,66,118,87,31
S01008262,Whole house or bungalow: Terraced (including end-terrace),90,53,15,38,37,13,24
S01008262,Flat maisonette or apartment or mobile/temporary accommodation,9,4,3,1,5,3,2
S01008263,All people in households,560,401,161,240,159,57,102
S01008263,Whole house or bungalow: Total,398,297,110,187,101,46,55
S01008263,Whole house or bungalow: Detached,153,133,44,89,20,1,19
S01008263,Whole house or bungalow: Semi-detached,174,112,47,65,62,42,20
S01008263,Whole house or bungalow: Terraced (including end-terrace),71,52,19,33,19,3,16
S01008263,Flat maisonette or apartment or mobile/temporary accommodation,162,104,51,53,58,11,47
S01008264,All people in households,751,452,148,304,299,266,33
S01008264,Whole house or bungalow: Total,669,428,146,282,241,214,27
S01008264,Whole house or bungalow: Detached,132,122,49,73,10,8,2
S01008264,Whole house or bungalow: Semi-detached,350,201,60,141,149,136,13
S01008264,Whole house or bungalow: Terraced (including end-terrace),187,105,37,68,82,70,12
S01008264,Flat maisonette or apartment or mobile/temporary accommodation,82,24,2,22,58,52,6
S01008265,All people in households,706,625,316,309,81,12,69
S01008265,Whole house or bungalow: Total,625,578,290,288,47,10,37
S01008265,Whole house or bungalow: Detached,376,356,158,198,20,0,20
S01008265,Whole house or bungalow: Semi-detached,152,129,81,48,23,10,13
S01008265,Whole house or bungalow: Terraced (including end-terrace),97,93,51,42,4,0,4
S01008265,Flat maisonette or apartment or mobile/temporary accommodation,81,47,26,21,34,2,32
S01008266,All people in households,678,587,339,248,91,42,49
S01008266,Whole house or bungalow: Total,623,546,322,224,77,36,41
S01008266,Whole house or bungalow: Detached,366,352,231,121,14,1,13
S01008266,Whole house or bungalow: Semi-detached,190,135,69,66,55,33,22
S01008266,Whole house or bungalow: Terraced (including end-terrace),67,59,22,37,8,2,6
S01008266,Flat maisonette or apartment or mobile/temporary accommodation,55,41,17,24,14,6,8
S01008267,All people in households,808,542,216,326,266,136,130
S01008267,Whole house or bungalow: Total,782,536,212,324,246,128,118
S01008267,Whole house or bungalow: Detached,365,338,131,207,27,4,23
S01008267,Whole house or bungalow: Semi-detached,318,145,54,91,173,98,75
S01008267,Whole house or bungalow: Terraced (including end-terrace),99,53,27,26,46,26,20
S01008267,Flat maisonette or apartment or mobile/temporary accommodation,26,6,4,2,20,8,12
S01008268,All people in households,827,736,378,358,91,16,75
S01008268,Whole house or bungalow: Total,500,472,243,229,28,10,18
S01008268,Whole house or bungalow: Detached,331,322,181,141,9,2,7
S01008268,Whole house or bungalow: Semi-detached,122,110,39,71,12,5,7
S01008268,Whole house or bungalow: Terraced (including end-terrace),47,40,23,17,7,3,4
S01008268,Flat maisonette or apartment or mobile/temporary accommodation,327,264,135,129,63,6,57
S01008269,All people in households,808,705,372,333,103,64,39
S01008269,Whole house or bungalow: Total,616,574,299,275,42,21,21
S01008269,Whole house or bungalow: Detached,467,455,246,209,12,0,12
S01008269,Whole house or bungalow: Semi-detached,85,68,29,39,17,10,7
S01008269,Whole house or bungalow: Terraced (including end-terrace),64,51,24,27,13,11,2
S01008269,Flat maisonette or apartment or mobile/temporary accommodation,192,131,73,58,61,43,18
S01008270,All people in households,785,664,366,298,121,22,99
S01008270,Whole house or bungalow: Total,489,433,209,224,56,0,56
S01008270,Whole house or bungalow: Detached,291,271,118,153,20,0,20
S01008270,Whole house or bungalow: Semi-detached,121,110,48,62,11,0,11
S01008270,Whole house or bungalow: Terraced (including end-terrace),77,52,43,9,25,0,25
S01008270,Flat maisonette or apartment or mobile/temporary accommodation,296,231,157,74,65,22,43
S01008271,All people in households,664,370,168,202,294,90,204
S01008271,Whole house or bungalow: Total,225,156,68,88,69,14,55
S01008271,Whole house or bungalow: Detached,79,62,30,32,17,0,17
S01008271,Whole house or bungalow: Semi-detached,49,27,9,18,22,8,14
S01008271,Whole house or bungalow: Terraced (including end-terrace),97,67,29,38,30,6,24
S01008271,Flat maisonette or apartment or mobile/temporary accommodation,439,214,100,114,225,76,149
S01008272,All people in households,1002,764,334,430,238,84,154
S01008272,Whole house or bungalow: Total,875,683,314,369,192,54,138
S01008272,Whole house or bungalow: Detached,540,476,236,240,64,1,63
S01008272,Whole house or bungalow: Semi-detached,187,105,37,68,82,33,49
S01008272,Whole house or bungalow: Terraced (including end-terrace),148,102,41,61,46,20,26
S01008272,Flat maisonette or apartment or mobile/temporary accommodation,127,81,20,61,46,30,16
S01008273,All people in households,841,718,325,393,123,52,71
S01008273,Whole house or bungalow: Total,736,629,285,344,107,44,63
S01008273,Whole house or bungalow: Detached,468,442,176,266,26,1,25
S01008273,Whole house or bungalow: Semi-detached,154,104,57,47,50,18,32
S01008273,Whole house or bungalow: Terraced (including end-terrace),114,83,52,31,31,25,6
S01008273,Flat maisonette or apartment or mobile/temporary accommodation,105,89,40,49,16,8,8
S01008274,All people in households,729,452,217,235,277,228,49
S01008274,Whole house or bungalow: Total,587,394,193,201,193,173,20
S01008274,Whole house or bungalow: Detached,58,54,24,30,4,4,0
S01008274,Whole house or bungalow: Semi-detached,261,133,61,72,128,114,14
S01008274,Whole house or bungalow: Terraced (including end-terrace),268,207,108,99,61,55,6
S01008274,Flat maisonette or apartment or mobile/temporary accommodation,142,58,24,34,84,55,29
S01008275,All people in households,558,405,191,214,153,102,51
S01008275,Whole house or bungalow: Total,336,260,117,143,76,56,20
S01008275,Whole house or bungalow: Detached,140,131,66,65,9,0,9
S01008275,Whole house or bungalow: Semi-detached,129,74,30,44,55,44,11
S01008275,Whole house or bungalow: Terraced (including end-terrace),67,55,21,34,12,12,0
S01008275,Flat maisonette or apartment or mobile/temporary accommodation,222,145,74,71,77,46,31
S01008276,All people in households,557,487,170,317,70,31,39
S01008276,Whole house or bungalow: Total,506,454,160,294,52,17,35
S01008276,Whole house or bungalow: Detached,404,377,135,242,27,2,25
S01008276,Whole house or bungalow: Semi-detached,57,46,7,39,11,5,6
S01008276,Whole house or bungalow: Terraced (including end-terrace),45,31,18,13,14,10,4
S01008276,Flat maisonette or apartment or mobile/temporary accommodation,51,33,10,23,18,14,4
S01008277,All people in households,502,338,163,175,164,19,145
S01008277,Whole house or bungalow: Total,493,334,159,175,159,18,141
S01008277,Whole house or bungalow: Detached,233,178,92,86,55,1,54
S01008277,Whole house or bungalow: Semi-detached,114,62,30,32,52,10,42
S01008277,Whole house or bungalow: Terraced (including end-terrace),146,94,37,57,52,7,45
S01008277,Flat maisonette or apartment or mobile/temporary accommodation,9,4,4,0,5,1,4
S01008278,All people in households,774,624,293,331,150,17,133
S01008278,Whole house or bungalow: Total,724,595,279,316,129,9,120
S01008278,Whole house or bungalow: Detached,439,379,211,168,60,0,60
S01008278,Whole house or bungalow: Semi-detached,135,83,21,62,52,9,43
S01008278,Whole house or bungalow: Terraced (including end-terrace),150,133,47,86,17,0,17
S01008278,Flat maisonette or apartment or mobile/temporary accommodation,50,29,14,15,21,8,13
S01008279,All people in households,733,517,210,307,216,177,39
S01008279,Whole house or bungalow: Total,604,466,187,279,138,108,30
S01008279,Whole house or bungalow: Detached,167,162,79,83,5,4,1
S01008279,Whole house or bungalow: Semi-detached,265,197,74,123,68,50,18
S01008279,Whole house or bungalow: Terraced (including end-terrace),172,107,34,73,65,54,11
S01008279,Flat maisonette or apartment or mobile/temporary accommodation,129,51,23,28,78,69,9
S01008280,All people in households,939,622,261,361,317,153,164
S01008280,Whole house or bungalow: Total,780,521,238,283,259,128,131
S01008280,Whole house or bungalow: Detached,366,319,170,149,47,0,47
S01008280,Whole house or bungalow: Semi-detached,231,117,38,79,114,60,54
S01008280,Whole house or bungalow: Terraced (including end-terrace),183,85,30,55,98,68,30
S01008280,Flat maisonette or apartment or mobile/temporary accommodation,159,101,23,78,58,25,33
S01008281,All people in households,726,433,184,249,293,79,214
S01008281,Whole house or bungalow: Total,695,422,177,245,273,71,202
S01008281,Whole house or bungalow: Detached,325,252,131,121,73,0,73
S01008281,Whole house or bungalow: Semi-detached,227,106,23,83,121,38,83
S01008281,Whole house or bungalow: Terraced (including end-terrace),143,64,23,41,79,33,46
S01008281,Flat maisonette or apartment or mobile/temporary accommodation,31,11,7,4,20,8,12
S01008282,All people in households,686,524,240,284,162,65,97
S01008282,Whole house or bungalow: Total,651,502,227,275,149,63,86
S01008282,Whole house or bungalow: Detached,328,273,137,136,55,4,51
S01008282,Whole house or bungalow: Semi-detached,213,144,65,79,69,47,22
S01008282,Whole house or bungalow: Terraced (including end-terrace),110,85,25,60,25,12,13
S01008282,Flat maisonette or apartment or mobile/temporary accommodation,35,22,13,9,13,2,11
S01008283,All people in households,504,408,127,281,96,37,59
S01008283,Whole house or bungalow: Total,480,396,124,272,84,27,57
S01008283,Whole house or bungalow: Detached,336,291,71,220,45,0,45
S01008283,Whole house or bungalow: Semi-detached,79,45,22,23,34,27,7
S01008283,Whole house or bungalow: Terraced (including end-terrace),65,60,31,29,5,0,5
S01008283,Flat maisonette or apartment or mobile/temporary accommodation,24,12,3,9,12,10,2
S01008284,All people in households,892,667,167,500,225,142,83
S01008284,Whole house or bungalow: Total,876,660,164,496,216,137,79
S01008284,Whole house or bungalow: Detached,421,389,77,312,32,7,25
S01008284,Whole house or bungalow: Semi-detached,377,222,61,161,155,122,33
S01008284,Whole house or bungalow: Terraced (including end-terrace),78,49,26,23,29,8,21
S01008284,Flat maisonette or apartment or mobile/temporary accommodation,16,7,3,4,9,5,4
S01008285,All people in households,754,340,142,198,414,340,74
S01008285,Whole house or bungalow: Total,433,243,112,131,190,141,49
S01008285,Whole house or bungalow: Detached,90,69,38,31,21,8,13
S01008285,Whole house or bungalow: Semi-detached,292,151,70,81,141,114,27
S01008285,Whole house or bungalow: Terraced (including end-terrace),51,23,4,19,28,19,9
S01008285,Flat maisonette or apartment or mobile/temporary accommodation,321,97,30,67,224,199,25
S01008286,All people in households,724,418,122,296,306,258,48
S01008286,Whole house or bungalow: Total,645,395,120,275,250,208,42
S01008286,Whole house or bungalow: Detached,124,101,32,69,23,1,22
S01008286,Whole house or bungalow: Semi-detached,284,196,56,140,88,78,10
S01008286,Whole house or bungalow: Terraced (including end-terrace),237,98,32,66,139,129,10
S01008286,Flat maisonette or apartment or mobile/temporary accommodation,79,23,2,21,56,50,6
S01008287,All people in households,737,464,155,309,273,219,54
S01008287,Whole house or bungalow: Total,606,434,142,292,172,127,45
S01008287,Whole house or bungalow: Detached,222,182,65,117,40,0,40
S01008287,Whole house or bungalow: Semi-detached,173,131,39,92,42,42,0
S01008287,Whole house or bungalow: Terraced (including end-terrace),211,121,38,83,90,85,5
S01008287,Flat maisonette or apartment or mobile/temporary accommodation,131,30,13,17,101,92,9
S01008288,All people in households,899,631,279,352,268,173,95
S01008288,Whole house or bungalow: Total,559,470,211,259,89,65,24
S01008288,Whole house or bungalow: Detached,151,132,66,66,19,10,9
S01008288,Whole house or bungalow: Semi-detached,297,251,103,148,46,36,10
S01008288,Whole house or bungalow: Terraced (including end-terrace),111,87,42,45,24,19,5
S01008288,Flat maisonette or apartment or mobile/temporary accommodation,340,161,68,93,179,108,71
S01008289,All people in households,617,330,143,187,287,180,107
S01008289,Whole house or bungalow: Total,295,162,84,78,133,103,30
S01008289,Whole house or bungalow: Detached,26,15,10,5,11,5,6
S01008289,Whole house or bungalow: Semi-detached,89,41,21,20,48,31,17
S01008289,Whole house or bungalow: Terraced (including end-terrace),180,106,53,53,74,67,7
S01008289,Flat maisonette or apartment or mobile/temporary accommodation,322,168,59,109,154,77,77
S01008290,All people in households,864,592,205,387,272,140,132
S01008290,Whole house or bungalow: Total,481,399,119,280,82,40,42
S01008290,Whole house or bungalow: Detached,153,139,45,94,14,5,9
S01008290,Whole house or bungalow: Semi-detached,129,94,22,72,35,19,16
S01008290,Whole house or bungalow: Terraced (including end-terrace),199,166,52,114,33,16,17
S01008290,Flat maisonette or apartment or mobile/temporary accommodation,383,193,86,107,190,100,90
S01008291,All people in households,717,615,352,263,102,27,75
S01008291,Whole house or bungalow: Total,550,495,278,217,55,19,36
S01008291,Whole house or bungalow: Detached,379,355,208,147,24,1,23
S01008291,Whole house or bungalow: Semi-detached,153,129,67,62,24,16,8
S01008291,Whole house or bungalow: Terraced (including end-terrace),18,11,3,8,7,2,5
S01008291,Flat maisonette or apartment or mobile/temporary accommodation,167,120,74,46,47,8,39
S01008292,All people in households,831,471,116,355,360,321,39
S01008292,Whole house or bungalow: Total,694,450,116,334,244,213,31
S01008292,Whole house or bungalow: Detached,214,201,42,159,13,8,5
S01008292,Whole house or bungalow: Semi-detached,436,237,69,168,199,177,22
S01008292,Whole house or bungalow: Terraced (including end-terrace),44,12,5,7,32,28,4
S01008292,Flat maisonette or apartment or mobile/temporary accommodation,137,21,0,21,116,108,8
S01008293,All people in households,606,565,115,450,41,8,33
S01008293,Whole house or bungalow: Total,600,565,115,450,35,5,30
S01008293,Whole house or bungalow: Detached,531,501,109,392,30,0,30
S01008293,Whole house or bungalow: Semi-detached,67,62,6,56,5,5,0
S01008293,Whole house or bungalow: Terraced (including end-terrace),2,2,0,2,0,0,0
S01008293,Flat maisonette or apartment or mobile/temporary accommodation,6,0,0,0,6,3,3
S01008294,All people in households,937,785,168,617,152,90,62
S01008294,Whole house or bungalow: Total,920,781,164,617,139,78,61
S01008294,Whole house or bungalow: Detached,620,582,102,480,38,6,32
S01008294,Whole house or bungalow: Semi-detached,263,185,59,126,78,59,19
S01008294,Whole house or bungalow: Terraced (including end-terrace),37,14,3,11,23,13,10
S01008294,Flat maisonette or apartment or mobile/temporary accommodation,17,4,4,0,13,12,1
S01008295,All people in households,957,882,265,617,75,30,45
S01008295,Whole house or bungalow: Total,905,849,254,595,56,22,34
S01008295,Whole house or bungalow: Detached,197,186,73,113,11,0,11
S01008295,Whole house or bungalow: Semi-detached,472,450,104,346,22,8,14
S01008295,Whole house or bungalow: Terraced (including end-terrace),236,213,77,136,23,14,9
S01008295,Flat maisonette or apartment or mobile/temporary accommodation,52,33,11,22,19,8,11
S01008296,All people in households,687,463,157,306,224,192,32
S01008296,Whole house or bungalow: Total,561,444,149,295,117,95,22
S01008296,Whole house or bungalow: Detached,127,123,39,84,4,0,4
S01008296,Whole house or bungalow: Semi-detached,221,172,65,107,49,39,10
S01008296,Whole house or bungalow: Terraced (including end-terrace),213,149,45,104,64,56,8
S01008296,Flat maisonette or apartment or mobile/temporary accommodation,126,19,8,11,107,97,10
S01008297,All people in households,789,679,176,503,110,86,24
S01008297,Whole house or bungalow: Total,701,660,173,487,41,24,17
S01008297,Whole house or bungalow: Detached,432,426,127,299,6,0,6
S01008297,Whole house or bungalow: Semi-detached,170,152,25,127,18,12,6
S01008297,Whole house or bungalow: Terraced (including end-terrace),99,82,21,61,17,12,5
S01008297,Flat maisonette or apartment or mobile/temporary accommodation,88,19,3,16,69,62,7
S01008298,All people in households,745,669,218,451,76,21,55
S01008298,Whole house or bungalow: Total,648,597,182,415,51,13,38
S01008298,Whole house or bungalow: Detached,172,171,59,112,1,0,1
S01008298,Whole house or bungalow: Semi-detached,167,144,30,114,23,8,15
S01008298,Whole house or bungalow: Terraced (including end-terrace),309,282,93,189,27,5,22
S01008298,Flat maisonette or apartment or mobile/temporary accommodation,97,72,36,36,25,8,17
S01008299,All people in households,813,365,152,213,448,383,65
S01008299,Whole house or bungalow: Total,414,289,112,177,125,122,3
S01008299,Whole house or bungalow: Detached,109,108,57,51,1,0,1
S01008299,Whole house or bungalow: Semi-detached,216,127,38,89,89,89,0
S01008299,Whole house or bungalow: Terraced (including end-terrace),89,54,17,37,35,33,2
S01008299,Flat maisonette or apartment or mobile/temporary accommodation,399,76,40,36,323,261,62
S01008300,All people in households,846,536,213,323,310,249,61
S01008300,Whole house or bungalow: Total,565,461,182,279,104,78,26
S01008300,Whole house or bungalow: Detached,150,141,72,69,9,5,4
S01008300,Whole house or bungalow: Semi-detached,334,261,90,171,73,56,17
S01008300,Whole house or bungalow: Terraced (including end-terrace),81,59,20,39,22,17,5
S01008300,Flat maisonette or apartment or mobile/temporary accommodation,281,75,31,44,206,171,35
S01008301,All people in households,832,800,249,551,32,9,23
S01008301,Whole house or bungalow: Total,791,763,237,526,28,9,19
S01008301,Whole house or bungalow: Detached,247,239,84,155,8,0,8
S01008301,Whole house or bungalow: Semi-detached,396,382,109,273,14,5,9
S01008301,Whole house or bungalow: Terraced (including end-terrace),148,142,44,98,6,4,2
S01008301,Flat maisonette or apartment or mobile/temporary accommodation,41,37,12,25,4,0,4
S01008302,All people in households,745,675,310,365,70,25,45
S01008302,Whole house or bungalow: Total,740,673,310,363,67,24,43
S01008302,Whole house or bungalow: Detached,454,429,228,201,25,0,25
S01008302,Whole house or bungalow: Semi-detached,219,198,66,132,21,10,11
S01008302,Whole house or bungalow: Terraced (including end-terrace),67,46,16,30,21,14,7
S01008302,Flat maisonette or apartment or mobile/temporary accommodation,5,2,0,2,3,1,2
S01008303,All people in households,558,419,126,293,139,75,64
S01008303,Whole house or bungalow: Total,304,280,85,195,24,12,12
S01008303,Whole house or bungalow: Detached,168,163,49,114,5,2,3
S01008303,Whole house or bungalow: Semi-detached,71,62,19,43,9,2,7
S01008303,Whole house or bungalow: Terraced (including end-terrace),65,55,17,38,10,8,2
S01008303,Flat maisonette or apartment or mobile/temporary accommodation,254,139,41,98,115,63,52
S01008304,All people in households,476,391,174,217,85,48,37
S01008304,Whole house or bungalow: Total,349,324,140,184,25,6,19
S01008304,Whole house or bungalow: Detached,203,193,106,87,10,0,10
S01008304,Whole house or bungalow: Semi-detached,138,129,34,95,9,5,4
S01008304,Whole house or bungalow: Terraced (including end-terrace),8,2,0,2,6,1,5
S01008304,Flat maisonette or apartment or mobile/temporary accommodation,127,67,34,33,60,42,18
S01008305,All people in households,791,757,329,428,34,8,26
S01008305,Whole house or bungalow: Total,758,729,316,413,29,3,26
S01008305,Whole house or bungalow: Detached,174,174,83,91,0,0,0
S01008305,Whole house or bungalow: Semi-detached,510,493,217,276,17,3,14
S01008305,Whole house or bungalow: Terraced (including end-terrace),74,62,16,46,12,0,12
S01008305,Flat maisonette or apartment or mobile/temporary accommodation,33,28,13,15,5,5,0
S01008306,All people in households,611,580,197,383,31,10,21
S01008306,Whole house or bungalow: Total,578,561,189,372,17,5,12
S01008306,Whole house or bungalow: Detached,46,46,11,35,0,0,0
S01008306,Whole house or bungalow: Semi-detached,499,487,174,313,12,0,12
S01008306,Whole house or bungalow: Terraced (including end-terrace),33,28,4,24,5,5,0
S01008306,Flat maisonette or apartment or mobile/temporary accommodation,33,19,8,11,14,5,9
S01008307,All people in households,589,533,128,405,56,32,24
S01008307,Whole house or bungalow: Total,530,502,110,392,28,14,14
S01008307,Whole house or bungalow: Detached,224,222,62,160,2,0,2
S01008307,Whole house or bungalow: Semi-detached,197,183,37,146,14,14,0
S01008307,Whole house or bungalow: Terraced (including end-terrace),109,97,11,86,12,0,12
S01008307,Flat maisonette or apartment or mobile/temporary accommodation,59,31,18,13,28,18,10
S01008308,All people in households,566,532,253,279,34,10,24
S01008308,Whole house or bungalow: Total,554,525,253,272,29,5,24
S01008308,Whole house or bungalow: Detached,333,326,186,140,7,0,7
S01008308,Whole house or bungalow: Semi-detached,214,194,66,128,20,5,15
S01008308,Whole house or bungalow: Terraced (including end-terrace),7,5,1,4,2,0,2
S01008308,Flat maisonette or apartment or mobile/temporary accommodation,12,7,0,7,5,5,0
S01008309,All people in households,706,335,121,214,371,284,87
S01008309,Whole house or bungalow: Total,268,186,85,101,82,68,14
S01008309,Whole house or bungalow: Detached,95,91,40,51,4,1,3
S01008309,Whole house or bungalow: Semi-detached,98,83,41,42,15,13,2
S01008309,Whole house or bungalow: Terraced (including end-terrace),75,12,4,8,63,54,9
S01008309,Flat maisonette or apartment or mobile/temporary accommodation,438,149,36,113,289,216,73
S01008310,All people in households,949,684,223,461,265,191,74
S01008310,Whole house or bungalow: Total,637,555,180,375,82,40,42
S01008310,Whole house or bungalow: Detached,160,152,47,105,8,4,4
S01008310,Whole house or bungalow: Semi-detached,378,326,104,222,52,20,32
S01008310,Whole house or bungalow: Terraced (including end-terrace),99,77,29,48,22,16,6
S01008310,Flat maisonette or apartment or mobile/temporary accommodation,312,129,43,86,183,151,32
S01008311,All people in households,384,273,54,219,111,97,14
S01008311,Whole house or bungalow: Total,285,244,47,197,41,40,1
S01008311,Whole house or bungalow: Detached,48,48,10,38,0,0,0
S01008311,Whole house or bungalow: Semi-detached,142,132,26,106,10,9,1
S01008311,Whole house or bungalow: Terraced (including end-terrace),95,64,11,53,31,31,0
S01008311,Flat maisonette or apartment or mobile/temporary accommodation,99,29,7,22,70,57,13
S01008312,All people in households,413,297,55,242,116,90,26
S01008312,Whole house or bungalow: Total,282,253,37,216,29,15,14
S01008312,Whole house or bungalow: Detached,113,94,8,86,19,5,14
S01008312,Whole house or bungalow: Semi-detached,136,130,29,101,6,6,0
S01008312,Whole house or bungalow: Terraced (including end-terrace),33,29,0,29,4,4,0
S01008312,Flat maisonette or apartment or mobile/temporary accommodation,131,44,18,26,87,75,12
S01008313,All people in households,834,461,168,293,373,318,55
S01008313,Whole house or bungalow: Total,436,310,122,188,126,106,20
S01008313,Whole house or bungalow: Detached,91,81,32,49,10,4,6
S01008313,Whole house or bungalow: Semi-detached,138,83,33,50,55,47,8
S01008313,Whole house or bungalow: Terraced (including end-terrace),207,146,57,89,61,55,6
S01008313,Flat maisonette or apartment or mobile/temporary accommodation,398,151,46,105,247,212,35
S01008314,All people in households,566,158,37,121,408,364,44
S01008314,Whole house or bungalow: Total,190,81,12,69,109,107,2
S01008314,Whole house or bungalow: Detached,18,16,7,9,2,0,2
S01008314,Whole house or bungalow: Semi-detached,60,19,3,16,41,41,0
S01008314,Whole house or bungalow: Terraced (including end-terrace),112,46,2,44,66,66,0
S01008314,Flat maisonette or apartment or mobile/temporary accommodation,376,77,25,52,299,257,42
S01008315,All people in households,748,248,75,173,500,398,102
S01008315,Whole house or bungalow: Total,145,93,29,64,52,37,15
S01008315,Whole house or bungalow: Detached,29,26,12,14,3,2,1
S01008315,Whole house or bungalow: Semi-detached,42,25,11,14,17,10,7
S01008315,Whole house or bungalow: Terraced (including end-terrace),74,42,6,36,32,25,7
S01008315,Flat maisonette or apartment or mobile/temporary accommodation,603,155,46,109,448,361,87
S01008316,All people in households,598,160,20,140,438,398,40
S01008316,Whole house or bungalow: Total,414,152,20,132,262,232,30
S01008316,Whole house or bungalow: Detached,48,24,5,19,24,24,0
S01008316,Whole house or bungalow: Semi-detached,260,81,8,73,179,169,10
S01008316,Whole house or bungalow: Terraced (including end-terrace),106,47,7,40,59,39,20
S01008316,Flat maisonette or apartment or mobile/temporary accommodation,184,8,0,8,176,166,10
S01008317,All people in households,738,457,89,368,281,220,61
S01008317,Whole house or bungalow: Total,502,381,69,312,121,89,32
S01008317,Whole house or bungalow: Detached,96,80,22,58,16,4,12
S01008317,Whole house or bungalow: Semi-detached,353,286,47,239,67,49,18
S01008317,Whole house or bungalow: Terraced (including end-terrace),53,15,0,15,38,36,2
S01008317,Flat maisonette or apartment or mobile/temporary accommodation,236,76,20,56,160,131,29
S01008318,All people in households,923,827,257,570,96,41,55
S01008318,Whole house or bungalow: Total,862,794,252,542,68,23,45
S01008318,Whole house or bungalow: Detached,409,394,151,243,15,7,8
S01008318,Whole house or bungalow: Semi-detached,330,302,86,216,28,11,17
S01008318,Whole house or bungalow: Terraced (including end-terrace),123,98,15,83,25,5,20
S01008318,Flat maisonette or apartment or mobile/temporary accommodation,61,33,5,28,28,18,10
S01008319,All people in households,739,519,201,318,220,168,52
S01008319,Whole house or bungalow: Total,369,307,104,203,62,45,17
S01008319,Whole house or bungalow: Detached,104,103,44,59,1,0,1
S01008319,Whole house or bungalow: Semi-detached,208,170,47,123,38,25,13
S01008319,Whole house or bungalow: Terraced (including end-terrace),57,34,13,21,23,20,3
S01008319,Flat maisonette or apartment or mobile/temporary accommodation,370,212,97,115,158,123,35
S01008320,All people in households,633,513,275,238,120,96,24
S01008320,Whole house or bungalow: Total,514,483,266,217,31,18,13
S01008320,Whole house or bungalow: Detached,196,192,116,76,4,0,4
S01008320,Whole house or bungalow: Semi-detached,280,266,137,129,14,7,7
S01008320,Whole house or bungalow: Terraced (including end-terrace),38,25,13,12,13,11,2
S01008320,Flat maisonette or apartment or mobile/temporary accommodation,119,30,9,21,89,78,11
S01008321,All people in households,546,516,135,381,30,16,14
S01008321,Whole house or bungalow: Total,544,514,134,380,30,16,14
S01008321,Whole house or bungalow: Detached,247,243,72,171,4,0,4
S01008321,Whole house or bungalow: Semi-detached,276,255,54,201,21,11,10
S01008321,Whole house or bungalow: Terraced (including end-terrace),21,16,8,8,5,5,0
S01008321,Flat maisonette or apartment or mobile/temporary accommodation,2,2,1,1,0,0,0
S01008322,All people in households,1055,711,244,467,344,260,84
S01008322,Whole house or bungalow: Total,650,559,204,355,91,65,26
S01008322,Whole house or bungalow: Detached,127,117,69,48,10,5,5
S01008322,Whole house or bungalow: Semi-detached,324,298,100,198,26,22,4
S01008322,Whole house or bungalow: Terraced (including end-terrace),199,144,35,109,55,38,17
S01008322,Flat maisonette or apartment or mobile/temporary accommodation,405,152,40,112,253,195,58
S01008323,All people in households,799,398,84,314,401,326,75
S01008323,Whole house or bungalow: Total,543,330,70,260,213,170,43
S01008323,Whole house or bungalow: Detached,47,40,11,29,7,6,1
S01008323,Whole house or bungalow: Semi-detached,249,151,30,121,98,74,24
S01008323,Whole house or bungalow: Terraced (including end-terrace),247,139,29,110,108,90,18
S01008323,Flat maisonette or apartment or mobile/temporary accommodation,256,68,14,54,188,156,32
S01008324,All people in households,651,398,112,286,253,184,69
S01008324,Whole house or bungalow: Total,554,369,109,260,185,129,56
S01008324,Whole house or bungalow: Detached,47,45,19,26,2,0,2
S01008324,Whole house or bungalow: Semi-detached,390,248,68,180,142,96,46
S01008324,Whole house or bungalow: Terraced (including end-terrace),117,76,22,54,41,33,8
S01008324,Flat maisonette or apartment or mobile/temporary accommodation,97,29,3,26,68,55,13
S01008325,All people in households,764,424,102,322,340,267,73
S01008325,Whole house or bungalow: Total,646,416,101,315,230,177,53
S01008325,Whole house or bungalow: Detached,44,23,4,19,21,12,9
S01008325,Whole house or bungalow: Semi-detached,367,279,58,221,88,72,16
S01008325,Whole house or bungalow: Terraced (including end-terrace),235,114,39,75,121,93,28
S01008325,Flat maisonette or apartment or mobile/temporary accommodation,118,8,1,7,110,90,20
S01008326,All people in households,990,492,128,364,498,403,95
S01008326,Whole house or bungalow: Total,666,397,116,281,269,215,54
S01008326,Whole house or bungalow: Detached,37,24,13,11,13,11,2
S01008326,Whole house or bungalow: Semi-detached,319,196,58,138,123,83,40
S01008326,Whole house or bungalow: Terraced (including end-terrace),310,177,45,132,133,121,12
S01008326,Flat maisonette or apartment or mobile/temporary accommodation,324,95,12,83,229,188,41
S01008327,All people in households,857,616,197,419,241,185,56
S01008327,Whole house or bungalow: Total,776,577,182,395,199,154,45
S01008327,Whole house or bungalow: Detached,53,44,22,22,9,9,0
S01008327,Whole house or bungalow: Semi-detached,485,348,107,241,137,96,41
S01008327,Whole house or bungalow: Terraced (including end-terrace),238,185,53,132,53,49,4
S01008327,Flat maisonette or apartment or mobile/temporary accommodation,81,39,15,24,42,31,11
S01008328,All people in households,699,646,132,514,53,9,44
S01008328,Whole house or bungalow: Total,677,631,128,503,46,9,37
S01008328,Whole house or bungalow: Detached,289,273,52,221,16,3,13
S01008328,Whole house or bungalow: Semi-detached,334,311,65,246,23,6,17
S01008328,Whole house or bungalow: Terraced (including end-terrace),54,47,11,36,7,0,7
S01008328,Flat maisonette or apartment or mobile/temporary accommodation,22,15,4,11,7,0,7
S01008329,All people in households,883,842,244,598,41,6,35
S01008329,Whole house or bungalow: Total,873,836,241,595,37,3,34
S01008329,Whole house or bungalow: Detached,556,532,176,356,24,0,24
S01008329,Whole house or bungalow: Semi-detached,304,294,65,229,10,0,10
S01008329,Whole house or bungalow: Terraced (including end-terrace),13,10,0,10,3,3,0
S01008329,Flat maisonette or apartment or mobile/temporary accommodation,10,6,3,3,4,3,1
S01008330,All people in households,871,821,271,550,50,9,41
S01008330,Whole house or bungalow: Total,857,814,264,550,43,5,38
S01008330,Whole house or bungalow: Detached,390,377,139,238,13,0,13
S01008330,Whole house or bungalow: Semi-detached,453,426,121,305,27,2,25
S01008330,Whole house or bungalow: Terraced (including end-terrace),14,11,4,7,3,3,0
S01008330,Flat maisonette or apartment or mobile/temporary accommodation,14,7,7,0,7,4,3
S01008331,All people in households,602,512,120,392,90,6,84
S01008331,Whole house or bungalow: Total,531,463,103,360,68,0,68
S01008331,Whole house or bungalow: Detached,235,227,38,189,8,0,8
S01008331,Whole house or bungalow: Semi-detached,136,111,19,92,25,0,25
S01008331,Whole house or bungalow: Terraced (including end-terrace),160,125,46,79,35,0,35
S01008331,Flat maisonette or apartment or mobile/temporary accommodation,71,49,17,32,22,6,16
S01008332,All people in households,884,799,348,451,85,13,72
S01008332,Whole house or bungalow: Total,727,690,298,392,37,4,33
S01008332,Whole house or bungalow: Detached,600,583,255,328,17,0,17
S01008332,Whole house or bungalow: Semi-detached,63,53,17,36,10,3,7
S01008332,Whole house or bungalow: Terraced (including end-terrace),64,54,26,28,10,1,9
S01008332,Flat maisonette or apartment or mobile/temporary accommodation,157,109,50,59,48,9,39
S01008333,All people in households,943,800,365,435,143,41,102
S01008333,Whole house or bungalow: Total,753,666,275,391,87,22,65
S01008333,Whole house or bungalow: Detached,499,477,199,278,22,3,19
S01008333,Whole house or bungalow: Semi-detached,211,178,75,103,33,4,29
S01008333,Whole house or bungalow: Terraced (including end-terrace),43,11,1,10,32,15,17
S01008333,Flat maisonette or apartment or mobile/temporary accommodation,190,134,90,44,56,19,37
S01008334,All people in households,731,688,299,389,43,4,39
S01008334,Whole house or bungalow: Total,525,518,184,334,7,2,5
S01008334,Whole house or bungalow: Detached,244,244,77,167,0,0,0
S01008334,Whole house or bungalow: Semi-detached,244,239,98,141,5,0,5
S01008334,Whole house or bungalow: Terraced (including end-terrace),37,35,9,26,2,2,0
S01008334,Flat maisonette or apartment or mobile/temporary accommodation,206,170,115,55,36,2,34
S01008335,All people in households,763,569,179,390,194,146,48
S01008335,Whole house or bungalow: Total,551,485,147,338,66,38,28
S01008335,Whole house or bungalow: Detached,257,250,92,158,7,0,7
S01008335,Whole house or bungalow: Semi-detached,223,191,46,145,32,18,14
S01008335,Whole house or bungalow: Terraced (including end-terrace),71,44,9,35,27,20,7
S01008335,Flat maisonette or apartment or mobile/temporary accommodation,212,84,32,52,128,108,20
S01008336,All people in households,662,502,139,363,160,126,34
S01008336,Whole house or bungalow: Total,509,454,132,322,55,37,18
S01008336,Whole house or bungalow: Detached,213,209,57,152,4,0,4
S01008336,Whole house or bungalow: Semi-detached,121,105,24,81,16,11,5
S01008336,Whole house or bungalow: Terraced (including end-terrace),175,140,51,89,35,26,9
S01008336,Flat maisonette or apartment or mobile/temporary accommodation,153,48,7,41,105,89,16
S01008337,All people in households,906,765,144,621,141,86,55
S01008337,Whole house or bungalow: Total,789,700,118,582,89,50,39
S01008337,Whole house or bungalow: Detached,420,413,67,346,7,0,7
S01008337,Whole house or bungalow: Semi-detached,109,88,16,72,21,7,14
S01008337,Whole house or bungalow: Terraced (including end-terrace),260,199,35,164,61,43,18
S01008337,Flat maisonette or apartment or mobile/temporary accommodation,117,65,26,39,52,36,16
S01008338,All people in households,876,825,92,733,51,11,40
S01008338,Whole house or bungalow: Total,854,814,88,726,40,6,34
S01008338,Whole house or bungalow: Detached,634,612,58,554,22,0,22
S01008338,Whole house or bungalow: Semi-detached,205,187,26,161,18,6,12
S01008338,Whole house or bungalow: Terraced (including end-terrace),15,15,4,11,0,0,0
S01008338,Flat maisonette or apartment or mobile/temporary accommodation,22,11,4,7,11,5,6
S01008339,All people in households,629,592,162,430,37,5,32
S01008339,Whole house or bungalow: Total,620,587,159,428,33,5,28
S01008339,Whole house or bungalow: Detached,301,301,110,191,0,0,0
S01008339,Whole house or bungalow: Semi-detached,253,233,37,196,20,0,20
S01008339,Whole house or bungalow: Terraced (including end-terrace),66,53,12,41,13,5,8
S01008339,Flat maisonette or apartment or mobile/temporary accommodation,9,5,3,2,4,0,4
S01008340,All people in households,822,758,193,565,64,3,61
S01008340,Whole house or bungalow: Total,773,733,187,546,40,0,40
S01008340,Whole house or bungalow: Detached,452,431,118,313,21,0,21
S01008340,Whole house or bungalow: Semi-detached,219,207,47,160,12,0,12
S01008340,Whole house or bungalow: Terraced (including end-terrace),102,95,22,73,7,0,7
S01008340,Flat maisonette or apartment or mobile/temporary accommodation,49,25,6,19,24,3,21
S01008341,All people in households,700,689,177,512,11,4,7
S01008341,Whole house or bungalow: Total,696,689,177,512,7,0,7
S01008341,Whole house or bungalow: Detached,660,653,171,482,7,0,7
S01008341,Whole house or bungalow: Semi-detached,19,19,5,14,0,0,0
S01008341,Whole house or bungalow: Terraced (including end-terrace),17,17,1,16,0,0,0
S01008341,Flat maisonette or apartment or mobile/temporary accommodation,4,0,0,0,4,4,0
S01008342,All people in households,853,699,259,440,154,132,22
S01008342,Whole house or bungalow: Total,758,684,251,433,74,53,21
S01008342,Whole house or bungalow: Detached,262,258,120,138,4,0,4
S01008342,Whole house or bungalow: Semi-detached,399,378,119,259,21,9,12
S01008342,Whole house or bungalow: Terraced (including end-terrace),97,48,12,36,49,44,5
S01008342,Flat maisonette or apartment or mobile/temporary accommodation,95,15,8,7,80,79,1
S01008343,All people in households,848,837,355,482,11,0,11
S01008343,Whole house or bungalow: Total,819,808,333,475,11,0,11
S01008343,Whole house or bungalow: Detached,612,605,280,325,7,0,7
S01008343,Whole house or bungalow: Semi-detached,203,199,51,148,4,0,4
S01008343,Whole house or bungalow: Terraced (including end-terrace),4,4,2,2,0,0,0
S01008343,Flat maisonette or apartment or mobile/temporary accommodation,29,29,22,7,0,0,0
S01008344,All people in households,872,818,399,419,54,6,48
S01008344,Whole house or bungalow: Total,692,666,307,359,26,1,25
S01008344,Whole house or bungalow: Detached,564,539,251,288,25,0,25
S01008344,Whole house or bungalow: Semi-detached,113,113,49,64,0,0,0
S01008344,Whole house or bungalow: Terraced (including end-terrace),15,14,7,7,1,1,0
S01008344,Flat maisonette or apartment or mobile/temporary accommodation,180,152,92,60,28,5,23
S01008345,All people in households,916,884,475,409,32,1,31
S01008345,Whole house or bungalow: Total,855,844,439,405,11,0,11
S01008345,Whole house or bungalow: Detached,749,746,404,342,3,0,3
S01008345,Whole house or bungalow: Semi-detached,87,80,27,53,7,0,7
S01008345,Whole house or bungalow: Terraced (including end-terrace),19,18,8,10,1,0,1
S01008345,Flat maisonette or apartment or mobile/temporary accommodation,61,40,36,4,21,1,20
S01008346,All people in households,1023,991,354,637,32,6,26
S01008346,Whole house or bungalow: Total,1002,980,345,635,22,0,22
S01008346,Whole house or bungalow: Detached,802,783,284,499,19,0,19
S01008346,Whole house or bungalow: Semi-detached,198,195,59,136,3,0,3
S01008346,Whole house or bungalow: Terraced (including end-terrace),2,2,2,0,0,0,0
S01008346,Flat maisonette or apartment or mobile/temporary accommodation,21,11,9,2,10,6,4
S01008347,All people in households,980,881,426,455,99,6,93
S01008347,Whole house or bungalow: Total,632,616,257,359,16,0,16
S01008347,Whole house or bungalow: Detached,456,448,191,257,8,0,8
S01008347,Whole house or bungalow: Semi-detached,156,151,58,93,5,0,5
S01008347,Whole house or bungalow: Terraced (including end-terrace),20,17,8,9,3,0,3
S01008347,Flat maisonette or apartment or mobile/temporary accommodation,348,265,169,96,83,6,77
S01008348,All people in households,734,688,324,364,46,5,41
S01008348,Whole house or bungalow: Total,524,514,209,305,10,0,10
S01008348,Whole house or bungalow: Detached,373,370,175,195,3,0,3
S01008348,Whole house or bungalow: Semi-detached,142,136,33,103,6,0,6
S01008348,Whole house or bungalow: Terraced (including end-terrace),9,8,1,7,1,0,1
S01008348,Flat maisonette or apartment or mobile/temporary accommodation,210,174,115,59,36,5,31
S01008349,All people in households,890,852,309,543,38,3,35
S01008349,Whole house or bungalow: Total,742,722,201,521,20,0,20
S01008349,Whole house or bungalow: Detached,683,669,187,482,14,0,14
S01008349,Whole house or bungalow: Semi-detached,41,35,9,26,6,0,6
S01008349,Whole house or bungalow: Terraced (including end-terrace),18,18,5,13,0,0,0
S01008349,Flat maisonette or apartment or mobile/temporary accommodation,148,130,108,22,18,3,15
S01008350,All people in households,589,563,270,293,26,7,19
S01008350,Whole house or bungalow: Total,526,510,228,282,16,1,15
S01008350,Whole house or bungalow: Detached,488,478,215,263,10,0,10
S01008350,Whole house or bungalow: Semi-detached,34,29,13,16,5,0,5
S01008350,Whole house or bungalow: Terraced (including end-terrace),4,3,0,3,1,1,0
S01008350,Flat maisonette or apartment or mobile/temporary accommodation,63,53,42,11,10,6,4
S01008351,All people in households,893,855,338,517,38,4,34
S01008351,Whole house or bungalow: Total,817,793,288,505,24,0,24
S01008351,Whole house or bungalow: Detached,565,560,228,332,5,0,5
S01008351,Whole house or bungalow: Semi-detached,138,132,34,98,6,0,6
S01008351,Whole house or bungalow: Terraced (including end-terrace),114,101,26,75,13,0,13
S01008351,Flat maisonette or apartment or mobile/temporary accommodation,76,62,50,12,14,4,10
S01008352,All people in households,674,635,302,333,39,0,39
S01008352,Whole house or bungalow: Total,667,633,302,331,34,0,34
S01008352,Whole house or bungalow: Detached,610,579,285,294,31,0,31
S01008352,Whole house or bungalow: Semi-detached,55,52,17,35,3,0,3
S01008352,Whole house or bungalow: Terraced (including end-terrace),2,2,0,2,0,0,0
S01008352,Flat maisonette or apartment or mobile/temporary accommodation,7,2,0,2,5,0,5
S01008353,All people in households,525,508,179,329,17,1,16
S01008353,Whole house or bungalow: Total,436,434,119,315,2,0,2
S01008353,Whole house or bungalow: Detached,368,368,95,273,0,0,0
S01008353,Whole house or bungalow: Semi-detached,63,61,24,37,2,0,2
S01008353,Whole house or bungalow: Terraced (including end-terrace),5,5,0,5,0,0,0
S01008353,Flat maisonette or apartment or mobile/temporary accommodation,89,74,60,14,15,1,14
S01008354,All people in households,698,615,241,374,83,36,47
S01008354,Whole house or bungalow: Total,652,582,227,355,70,26,44
S01008354,Whole house or bungalow: Detached,474,445,200,245,29,0,29
S01008354,Whole house or bungalow: Semi-detached,108,90,19,71,18,16,2
S01008354,Whole house or bungalow: Terraced (including end-terrace),70,47,8,39,23,10,13
S01008354,Flat maisonette or apartment or mobile/temporary accommodation,46,33,14,19,13,10,3
S01008355,All people in households,658,493,188,305,165,103,62
S01008355,Whole house or bungalow: Total,563,456,167,289,107,60,47
S01008355,Whole house or bungalow: Detached,81,80,36,44,1,0,1
S01008355,Whole house or bungalow: Semi-detached,284,224,76,148,60,30,30
S01008355,Whole house or bungalow: Terraced (including end-terrace),198,152,55,97,46,30,16
S01008355,Flat maisonette or apartment or mobile/temporary accommodation,95,37,21,16,58,43,15
S01008356,All people in households,587,547,144,403,40,6,34
S01008356,Whole house or bungalow: Total,545,517,133,384,28,0,28
S01008356,Whole house or bungalow: Detached,47,46,18,28,1,0,1
S01008356,Whole house or bungalow: Semi-detached,137,133,38,95,4,0,4
S01008356,Whole house or bungalow: Terraced (including end-terrace),361,338,77,261,23,0,23
S01008356,Flat maisonette or apartment or mobile/temporary accommodation,42,30,11,19,12,6,6
S01008357,All people in households,706,653,233,420,53,9,44
S01008357,Whole house or bungalow: Total,588,571,202,369,17,6,11
S01008357,Whole house or bungalow: Detached,269,267,109,158,2,0,2
S01008357,Whole house or bungalow: Semi-detached,152,143,33,110,9,4,5
S01008357,Whole house or bungalow: Terraced (including end-terrace),167,161,60,101,6,2,4
S01008357,Flat maisonette or apartment or mobile/temporary accommodation,118,82,31,51,36,3,33
S01008358,All people in households,697,494,188,306,203,109,94
S01008358,Whole house or bungalow: Total,597,450,164,286,147,76,71
S01008358,Whole house or bungalow: Detached,128,124,55,69,4,2,2
S01008358,Whole house or bungalow: Semi-detached,243,181,59,122,62,31,31
S01008358,Whole house or bungalow: Terraced (including end-terrace),226,145,50,95,81,43,38
S01008358,Flat maisonette or apartment or mobile/temporary accommodation,100,44,24,20,56,33,23
S01008359,All people in households,639,597,224,373,42,8,34
S01008359,Whole house or bungalow: Total,579,549,212,337,30,6,24
S01008359,Whole house or bungalow: Detached,208,191,109,82,17,0,17
S01008359,Whole house or bungalow: Semi-detached,344,339,90,249,5,1,4
S01008359,Whole house or bungalow: Terraced (including end-terrace),27,19,13,6,8,5,3
S01008359,Flat maisonette or apartment or mobile/temporary accommodation,60,48,12,36,12,2,10
S01008360,All people in households,844,812,312,500,32,9,23
S01008360,Whole house or bungalow: Total,797,777,294,483,20,7,13
S01008360,Whole house or bungalow: Detached,478,476,214,262,2,1,1
S01008360,Whole house or bungalow: Semi-detached,167,161,39,122,6,3,3
S01008360,Whole house or bungalow: Terraced (including end-terrace),152,140,41,99,12,3,9
S01008360,Flat maisonette or apartment or mobile/temporary accommodation,47,35,18,17,12,2,10
S01008361,All people in households,516,491,171,320,25,7,18
S01008361,Whole house or bungalow: Total,506,485,166,319,21,3,18
S01008361,Whole house or bungalow: Detached,136,130,60,70,6,0,6
S01008361,Whole house or bungalow: Semi-detached,296,288,99,189,8,0,8
S01008361,Whole house or bungalow: Terraced (including end-terrace),74,67,7,60,7,3,4
S01008361,Flat maisonette or apartment or mobile/temporary accommodation,10,6,5,1,4,4,0
S01008362,All people in households,956,841,222,619,115,3,112
S01008362,Whole house or bungalow: Total,858,767,192,575,91,0,91
S01008362,Whole house or bungalow: Detached,277,255,79,176,22,0,22
S01008362,Whole house or bungalow: Semi-detached,495,433,96,337,62,0,62
S01008362,Whole house or bungalow: Terraced (including end-terrace),86,79,17,62,7,0,7
S01008362,Flat maisonette or apartment or mobile/temporary accommodation,98,74,30,44,24,3,21
S01008363,All people in households,739,666,296,370,73,2,71
S01008363,Whole house or bungalow: Total,716,649,287,362,67,1,66
S01008363,Whole house or bungalow: Detached,408,387,200,187,21,0,21
S01008363,Whole house or bungalow: Semi-detached,110,99,35,64,11,0,11
S01008363,Whole house or bungalow: Terraced (including end-terrace),198,163,52,111,35,1,34
S01008363,Flat maisonette or apartment or mobile/temporary accommodation,23,17,9,8,6,1,5
S01008364,All people in households,761,691,283,408,70,14,56
S01008364,Whole house or bungalow: Total,615,593,239,354,22,6,16
S01008364,Whole house or bungalow: Detached,360,343,173,170,17,4,13
S01008364,Whole house or bungalow: Semi-detached,173,173,46,127,0,0,0
S01008364,Whole house or bungalow: Terraced (including end-terrace),82,77,20,57,5,2,3
S01008364,Flat maisonette or apartment or mobile/temporary accommodation,146,98,44,54,48,8,40
S01008365,All people in households,674,645,309,336,29,4,25
S01008365,Whole house or bungalow: Total,625,609,291,318,16,0,16
S01008365,Whole house or bungalow: Detached,536,520,244,276,16,0,16
S01008365,Whole house or bungalow: Semi-detached,85,85,45,40,0,0,0
S01008365,Whole house or bungalow: Terraced (including end-terrace),4,4,2,2,0,0,0
S01008365,Flat maisonette or apartment or mobile/temporary accommodation,49,36,18,18,13,4,9
S01008366,All people in households,897,681,261,420,216,173,43
S01008366,Whole house or bungalow: Total,730,585,174,411,145,105,40
S01008366,Whole house or bungalow: Detached,102,81,47,34,21,9,12
S01008366,Whole house or bungalow: Semi-detached,354,310,61,249,44,25,19
S01008366,Whole house or bungalow: Terraced (including end-terrace),274,194,66,128,80,71,9
S01008366,Flat maisonette or apartment or mobile/temporary accommodation,167,96,87,9,71,68,3
S01008367,All people in households,727,464,123,341,263,199,64
S01008367,Whole house or bungalow: Total,442,324,90,234,118,109,9
S01008367,Whole house or bungalow: Detached,86,83,28,55,3,0,3
S01008367,Whole house or bungalow: Semi-detached,179,135,35,100,44,39,5
S01008367,Whole house or bungalow: Terraced (including end-terrace),177,106,27,79,71,70,1
S01008367,Flat maisonette or apartment or mobile/temporary accommodation,285,140,33,107,145,90,55
S01008368,All people in households,657,589,192,397,68,20,48
S01008368,Whole house or bungalow: Total,469,431,126,305,38,19,19
S01008368,Whole house or bungalow: Detached,100,96,44,52,4,0,4
S01008368,Whole house or bungalow: Semi-detached,228,214,60,154,14,8,6
S01008368,Whole house or bungalow: Terraced (including end-terrace),141,121,22,99,20,11,9
S01008368,Flat maisonette or apartment or mobile/temporary accommodation,188,158,66,92,30,1,29
S01008369,All people in households,529,438,142,296,91,56,35
S01008369,Whole house or bungalow: Total,484,396,124,272,88,55,33
S01008369,Whole house or bungalow: Detached,95,87,36,51,8,4,4
S01008369,Whole house or bungalow: Semi-detached,168,152,46,106,16,8,8
S01008369,Whole house or bungalow: Terraced (including end-terrace),221,157,42,115,64,43,21
S01008369,Flat maisonette or apartment or mobile/temporary accommodation,45,42,18,24,3,1,2
S01008370,All people in households,692,612,216,396,80,28,52
S01008370,Whole house or bungalow: Total,480,463,146,317,17,3,14
S01008370,Whole house or bungalow: Detached,230,219,74,145,11,2,9
S01008370,Whole house or bungalow: Semi-detached,114,114,36,78,0,0,0
S01008370,Whole house or bungalow: Terraced (including end-terrace),136,130,36,94,6,1,5
S01008370,Flat maisonette or apartment or mobile/temporary accommodation,212,149,70,79,63,25,38
S01008371,All people in households,808,786,308,478,22,6,16
S01008371,Whole house or bungalow: Total,805,783,308,475,22,6,16
S01008371,Whole house or bungalow: Detached,432,425,213,212,7,0,7
S01008371,Whole house or bungalow: Semi-detached,153,149,39,110,4,0,4
S01008371,Whole house or bungalow: Terraced (including end-terrace),220,209,56,153,11,6,5
S01008371,Flat maisonette or apartment or mobile/temporary accommodation,3,3,0,3,0,0,0
S01008372,All people in households,790,757,250,507,33,4,29
S01008372,Whole house or bungalow: Total,783,757,250,507,26,0,26
S01008372,Whole house or bungalow: Detached,169,169,77,92,0,0,0
S01008372,Whole house or bungalow: Semi-detached,322,300,110,190,22,0,22
S01008372,Whole house or bungalow: Terraced (including end-terrace),292,288,63,225,4,0,4
S01008372,Flat maisonette or apartment or mobile/temporary accommodation,7,0,0,0,7,4,3
S01008373,All people in households,795,787,246,541,8,0,8
S01008373,Whole house or bungalow: Total,792,784,245,539,8,0,8
S01008373,Whole house or bungalow: Detached,235,235,84,151,0,0,0
S01008373,Whole house or bungalow: Semi-detached,538,530,152,378,8,0,8
S01008373,Whole house or bungalow: Terraced (including end-terrace),19,19,9,10,0,0,0
S01008373,Flat maisonette or apartment or mobile/temporary accommodation,3,3,1,2,0,0,0
S01008374,All people in households,705,659,241,418,46,4,42
S01008374,Whole house or bungalow: Total,632,607,213,394,25,3,22
S01008374,Whole house or bungalow: Detached,190,175,71,104,15,0,15
S01008374,Whole house or bungalow: Semi-detached,410,403,133,270,7,0,7
S01008374,Whole house or bungalow: Terraced (including end-terrace),32,29,9,20,3,3,0
S01008374,Flat maisonette or apartment or mobile/temporary accommodation,73,52,28,24,21,1,20
S01008375,All people in households,789,775,283,492,14,2,12
S01008375,Whole house or bungalow: Total,786,774,283,491,12,2,10
S01008375,Whole house or bungalow: Detached,431,429,167,262,2,2,0
S01008375,Whole house or bungalow: Semi-detached,315,305,95,210,10,0,10
S01008375,Whole house or bungalow: Terraced (including end-terrace),40,40,21,19,0,0,0
S01008375,Flat maisonette or apartment or mobile/temporary accommodation,3,1,0,1,2,0,2
S01008376,All people in households,550,514,158,356,36,10,26
S01008376,Whole house or bungalow: Total,431,422,119,303,9,4,5
S01008376,Whole house or bungalow: Detached,128,123,53,70,5,0,5
S01008376,Whole house or bungalow: Semi-detached,208,208,45,163,0,0,0
S01008376,Whole house or bungalow: Terraced (including end-terrace),95,91,21,70,4,4,0
S01008376,Flat maisonette or apartment or mobile/temporary accommodation,119,92,39,53,27,6,21
S01008377,All people in households,746,695,236,459,51,0,51
S01008377,Whole house or bungalow: Total,649,626,208,418,23,0,23
S01008377,Whole house or bungalow: Detached,60,57,26,31,3,0,3
S01008377,Whole house or bungalow: Semi-detached,318,308,112,196,10,0,10
S01008377,Whole house or bungalow: Terraced (including end-terrace),271,261,70,191,10,0,10
S01008377,Flat maisonette or apartment or mobile/temporary accommodation,97,69,28,41,28,0,28
S01008378,All people in households,1015,924,347,577,91,29,62
S01008378,Whole house or bungalow: Total,856,809,255,554,47,12,35
S01008378,Whole house or bungalow: Detached,218,212,86,126,6,5,1
S01008378,Whole house or bungalow: Semi-detached,501,476,150,326,25,6,19
S01008378,Whole house or bungalow: Terraced (including end-terrace),137,121,19,102,16,1,15
S01008378,Flat maisonette or apartment or mobile/temporary accommodation,159,115,92,23,44,17,27
S01008379,All people in households,530,518,222,296,12,1,11
S01008379,Whole house or bungalow: Total,524,513,222,291,11,0,11
S01008379,Whole house or bungalow: Detached,398,394,178,216,4,0,4
S01008379,Whole house or bungalow: Semi-detached,108,101,36,65,7,0,7
S01008379,Whole house or bungalow: Terraced (including end-terrace),18,18,8,10,0,0,0
S01008379,Flat maisonette or apartment or mobile/temporary accommodation,6,5,0,5,1,1,0
S01008380,All people in households,649,639,201,438,10,1,9
S01008380,Whole house or bungalow: Total,646,637,199,438,9,0,9
S01008380,Whole house or bungalow: Detached,159,155,70,85,4,0,4
S01008380,Whole house or bungalow: Semi-detached,480,475,128,347,5,0,5
S01008380,Whole house or bungalow: Terraced (including end-terrace),7,7,1,6,0,0,0
S01008380,Flat maisonette or apartment or mobile/temporary accommodation,3,2,2,0,1,1,0
S01008381,All people in households,649,649,165,484,0,0,0
S01008381,Whole house or bungalow: Total,649,649,165,484,0,0,0
S01008381,Whole house or bungalow: Detached,50,50,20,30,0,0,0
S01008381,Whole house or bungalow: Semi-detached,582,582,141,441,0,0,0
S01008381,Whole house or bungalow: Terraced (including end-terrace),17,17,4,13,0,0,0
S01008381,Flat maisonette or apartment or mobile/temporary accommodation,0,0,0,0,0,0,0
S01008382,All people in households,650,637,220,417,13,3,10
S01008382,Whole house or bungalow: Total,642,634,217,417,8,0,8
S01008382,Whole house or bungalow: Detached,57,56,18,38,1,0,1
S01008382,Whole house or bungalow: Semi-detached,478,476,166,310,2,0,2
S01008382,Whole house or bungalow: Terraced (including end-terrace),107,102,33,69,5,0,5
S01008382,Flat maisonette or apartment or mobile/temporary accommodation,8,3,3,0,5,3,2
S01008383,All people in households,480,469,143,326,11,3,8
S01008383,Whole house or bungalow: Total,459,452,137,315,7,3,4
S01008383,Whole house or bungalow: Detached,114,114,49,65,0,0,0
S01008383,Whole house or bungalow: Semi-detached,246,240,69,171,6,2,4
S01008383,Whole house or bungalow: Terraced (including end-terrace),99,98,19,79,1,1,0
S01008383,Flat maisonette or apartment or mobile/temporary accommodation,21,17,6,11,4,0,4
S01008384,All people in households,968,943,324,619,25,5,20
S01008384,Whole house or bungalow: Total,956,938,323,615,18,2,16
S01008384,Whole house or bungalow: Detached,270,270,107,163,0,0,0
S01008384,Whole house or bungalow: Semi-detached,201,192,71,121,9,2,7
S01008384,Whole house or bungalow: Terraced (including end-terrace),485,476,145,331,9,0,9
S01008384,Flat maisonette or apartment or mobile/temporary accommodation,12,5,1,4,7,3,4
S01008385,All people in households,674,653,252,401,21,11,10
S01008385,Whole house or bungalow: Total,657,649,252,397,8,0,8
S01008385,Whole house or bungalow: Detached,433,433,200,233,0,0,0
S01008385,Whole house or bungalow: Semi-detached,192,185,43,142,7,0,7
S01008385,Whole house or bungalow: Terraced (including end-terrace),32,31,9,22,1,0,1
S01008385,Flat maisonette or apartment or mobile/temporary accommodation,17,4,0,4,13,11,2
S01008386,All people in households,795,759,253,506,36,13,23
S01008386,Whole house or bungalow: Total,786,755,251,504,31,8,23
S01008386,Whole house or bungalow: Detached,30,30,10,20,0,0,0
S01008386,Whole house or bungalow: Semi-detached,260,253,105,148,7,2,5
S01008386,Whole house or bungalow: Terraced (including end-terrace),496,472,136,336,24,6,18
S01008386,Flat maisonette or apartment or mobile/temporary accommodation,9,4,2,2,5,5,0
S01008387,All people in households,609,575,160,415,34,7,27
S01008387,Whole house or bungalow: Total,588,570,158,412,18,3,15
S01008387,Whole house or bungalow: Detached,6,6,3,3,0,0,0
S01008387,Whole house or bungalow: Semi-detached,174,166,66,100,8,0,8
S01008387,Whole house or bungalow: Terraced (including end-terrace),408,398,89,309,10,3,7
S01008387,Flat maisonette or apartment or mobile/temporary accommodation,21,5,2,3,16,4,12
S01008388,All people in households,637,595,128,467,42,3,39
S01008388,Whole house or bungalow: Total,630,588,124,464,42,3,39
S01008388,Whole house or bungalow: Detached,33,33,11,22,0,0,0
S01008388,Whole house or bungalow: Semi-detached,111,102,20,82,9,0,9
S01008388,Whole house or bungalow: Terraced (including end-terrace),486,453,93,360,33,3,30
S01008388,Flat maisonette or apartment or mobile/temporary accommodation,7,7,4,3,0,0,0
S01008389,All people in households,621,561,341,220,60,42,18
S01008389,Whole house or bungalow: Total,441,403,197,206,38,34,4
S01008389,Whole house or bungalow: Detached,167,167,84,83,0,0,0
S01008389,Whole house or bungalow: Semi-detached,130,123,51,72,7,7,0
S01008389,Whole house or bungalow: Terraced (including end-terrace),144,113,62,51,31,27,4
S01008389,Flat maisonette or apartment or mobile/temporary accommodation,180,158,144,14,22,8,14
S01008390,All people in households,619,612,304,308,7,3,4
S01008390,Whole house or bungalow: Total,611,606,304,302,5,1,4
S01008390,Whole house or bungalow: Detached,327,326,162,164,1,0,1
S01008390,Whole house or bungalow: Semi-detached,269,265,137,128,4,1,3
S01008390,Whole house or bungalow: Terraced (including end-terrace),15,15,5,10,0,0,0
S01008390,Flat maisonette or apartment or mobile/temporary accommodation,8,6,0,6,2,2,0
S01008391,All people in households,785,684,300,384,101,37,64
S01008391,Whole house or bungalow: Total,559,546,201,345,13,0,13
S01008391,Whole house or bungalow: Detached,173,168,66,102,5,0,5
S01008391,Whole house or bungalow: Semi-detached,102,97,38,59,5,0,5
S01008391,Whole house or bungalow: Terraced (including end-terrace),284,281,97,184,3,0,3
S01008391,Flat maisonette or apartment or mobile/temporary accommodation,226,138,99,39,88,37,51
S01008392,All people in households,906,878,279,599,28,9,19
S01008392,Whole house or bungalow: Total,817,801,246,555,16,6,10
S01008392,Whole house or bungalow: Detached,60,60,25,35,0,0,0
S01008392,Whole house or bungalow: Semi-detached,216,210,60,150,6,6,0
S01008392,Whole house or bungalow: Terraced (including end-terrace),541,531,161,370,10,0,10
S01008392,Flat maisonette or apartment or mobile/temporary accommodation,89,77,33,44,12,3,9
S01008393,All people in households,836,793,416,377,43,4,39
S01008393,Whole house or bungalow: Total,627,614,260,354,13,3,10
S01008393,Whole house or bungalow: Detached,49,49,26,23,0,0,0
S01008393,Whole house or bungalow: Semi-detached,81,75,30,45,6,0,6
S01008393,Whole house or bungalow: Terraced (including end-terrace),497,490,204,286,7,3,4
S01008393,Flat maisonette or apartment or mobile/temporary accommodation,209,179,156,23,30,1,29
S01008394,All people in households,832,814,265,549,18,1,17
S01008394,Whole house or bungalow: Total,827,810,263,547,17,0,17
S01008394,Whole house or bungalow: Detached,179,179,67,112,0,0,0
S01008394,Whole house or bungalow: Semi-detached,87,84,44,40,3,0,3
S01008394,Whole house or bungalow: Terraced (including end-terrace),561,547,152,395,14,0,14
S01008394,Flat maisonette or apartment or mobile/temporary accommodation,5,4,2,2,1,1,0
S01008395,All people in households,531,516,179,337,15,0,15
S01008395,Whole house or bungalow: Total,508,500,171,329,8,0,8
S01008395,Whole house or bungalow: Detached,75,75,26,49,0,0,0
S01008395,Whole house or bungalow: Semi-detached,292,286,108,178,6,0,6
S01008395,Whole house or bungalow: Terraced (including end-terrace),141,139,37,102,2,0,2
S01008395,Flat maisonette or apartment or mobile/temporary accommodation,23,16,8,8,7,0,7
S01008396,All people in households,626,610,346,264,16,4,12
S01008396,Whole house or bungalow: Total,428,412,188,224,16,4,12
S01008396,Whole house or bungalow: Detached,95,87,37,50,8,0,8
S01008396,Whole house or bungalow: Semi-detached,324,316,147,169,8,4,4
S01008396,Whole house or bungalow: Terraced (including end-terrace),9,9,4,5,0,0,0
S01008396,Flat maisonette or apartment or mobile/temporary accommodation,198,198,158,40,0,0,0
S01008397,All people in households,935,902,364,538,33,0,33
S01008397,Whole house or bungalow: Total,924,892,364,528,32,0,32
S01008397,Whole house or bungalow: Detached,351,343,163,180,8,0,8
S01008397,Whole house or bungalow: Semi-detached,439,423,169,254,16,0,16
S01008397,Whole house or bungalow: Terraced (including end-terrace),134,126,32,94,8,0,8
S01008397,Flat maisonette or apartment or mobile/temporary accommodation,11,10,0,10,1,0,1
S01008398,All people in households,587,534,257,277,53,27,26
S01008398,Whole house or bungalow: Total,534,514,244,270,20,1,19
S01008398,Whole house or bungalow: Detached,160,160,83,77,0,0,0
S01008398,Whole house or bungalow: Semi-detached,260,245,119,126,15,0,15
S01008398,Whole house or bungalow: Terraced (including end-terrace),114,109,42,67,5,1,4
S01008398,Flat maisonette or apartment or mobile/temporary accommodation,53,20,13,7,33,26,7
S01008399,All people in households,536,496,259,237,40,1,39
S01008399,Whole house or bungalow: Total,388,375,151,224,13,1,12
S01008399,Whole house or bungalow: Detached,127,115,58,57,12,0,12
S01008399,Whole house or bungalow: Semi-detached,138,137,47,90,1,1,0
S01008399,Whole house or bungalow: Terraced (including end-terrace),123,123,46,77,0,0,0
S01008399,Flat maisonette or apartment or mobile/temporary accommodation,148,121,108,13,27,0,27
S01008400,All people in households,690,651,259,392,39,0,39
S01008400,Whole house or bungalow: Total,647,629,246,383,18,0,18
S01008400,Whole house or bungalow: Detached,97,96,48,48,1,0,1
S01008400,Whole house or bungalow: Semi-detached,536,519,192,327,17,0,17
S01008400,Whole house or bungalow: Terraced (including end-terrace),14,14,6,8,0,0,0
S01008400,Flat maisonette or apartment or mobile/temporary accommodation,43,22,13,9,21,0,21
S01008401,All people in households,968,934,417,517,34,3,31
S01008401,Whole house or bungalow: Total,843,822,343,479,21,0,21
S01008401,Whole house or bungalow: Detached,120,117,76,41,3,0,3
S01008401,Whole house or bungalow: Semi-detached,647,629,233,396,18,0,18
S01008401,Whole house or bungalow: Terraced (including end-terrace),76,76,34,42,0,0,0
S01008401,Flat maisonette or apartment or mobile/temporary accommodation,125,112,74,38,13,3,10
S01008402,All people in households,1092,1051,542,509,41,6,35
S01008402,Whole house or bungalow: Total,904,878,401,477,26,0,26
S01008402,Whole house or bungalow: Detached,586,571,274,297,15,0,15
S01008402,Whole house or bungalow: Semi-detached,316,305,125,180,11,0,11
S01008402,Whole house or bungalow: Terraced (including end-terrace),2,2,2,0,0,0,0
S01008402,Flat maisonette or apartment or mobile/temporary accommodation,188,173,141,32,15,6,9
S01008403,All people in households,610,602,260,342,8,2,6
S01008403,Whole house or bungalow: Total,605,599,257,342,6,0,6
S01008403,Whole house or bungalow: Detached,418,414,195,219,4,0,4
S01008403,Whole house or bungalow: Semi-detached,179,177,62,115,2,0,2
S01008403,Whole house or bungalow: Terraced (including end-terrace),8,8,0,8,0,0,0
S01008403,Flat maisonette or apartment or mobile/temporary accommodation,5,3,3,0,2,2,0
S01008404,All people in households,886,838,347,491,48,5,43
S01008404,Whole house or bungalow: Total,820,783,300,483,37,2,35
S01008404,Whole house or bungalow: Detached,334,316,146,170,18,0,18
S01008404,Whole house or bungalow: Semi-detached,275,264,113,151,11,0,11
S01008404,Whole house or bungalow: Terraced (including end-terrace),211,203,41,162,8,2,6
S01008404,Flat maisonette or apartment or mobile/temporary accommodation,66,55,47,8,11,3,8
S01008405,All people in households,771,745,299,446,26,12,14
S01008405,Whole house or bungalow: Total,725,713,275,438,12,10,2
S01008405,Whole house or bungalow: Detached,291,291,128,163,0,0,0
S01008405,Whole house or bungalow: Semi-detached,343,333,119,214,10,10,0
S01008405,Whole house or bungalow: Terraced (including end-terrace),91,89,28,61,2,0,2
S01008405,Flat maisonette or apartment or mobile/temporary accommodation,46,32,24,8,14,2,12
S01008406,All people in households,966,737,282,455,229,127,102
S01008406,Whole house or bungalow: Total,677,634,227,407,43,1,42
S01008406,Whole house or bungalow: Detached,173,169,61,108,4,0,4
S01008406,Whole house or bungalow: Semi-detached,387,358,129,229,29,0,29
S01008406,Whole house or bungalow: Terraced (including end-terrace),117,107,37,70,10,1,9
S01008406,Flat maisonette or apartment or mobile/temporary accommodation,289,103,55,48,186,126,60
S01008407,All people in households,522,415,208,207,107,39,68
S01008407,Whole house or bungalow: Total,358,325,153,172,33,12,21
S01008407,Whole house or bungalow: Detached,139,122,60,62,17,12,5
S01008407,Whole house or bungalow: Semi-detached,183,167,91,76,16,0,16
S01008407,Whole house or bungalow: Terraced (including end-terrace),36,36,2,34,0,0,0
S01008407,Flat maisonette or apartment or mobile/temporary accommodation,164,90,55,35,74,27,47
S01008408,All people in households,667,608,180,428,59,20,39
S01008408,Whole house or bungalow: Total,633,591,167,424,42,8,34
S01008408,Whole house or bungalow: Detached,26,25,8,17,1,0,1
S01008408,Whole house or bungalow: Semi-detached,517,482,124,358,35,5,30
S01008408,Whole house or bungalow: Terraced (including end-terrace),90,84,35,49,6,3,3
S01008408,Flat maisonette or apartment or mobile/temporary accommodation,34,17,13,4,17,12,5
S01008409,All people in households,832,625,235,390,207,96,111
S01008409,Whole house or bungalow: Total,625,535,208,327,90,5,85
S01008409,Whole house or bungalow: Detached,38,38,20,18,0,0,0
S01008409,Whole house or bungalow: Semi-detached,447,361,132,229,86,3,83
S01008409,Whole house or bungalow: Terraced (including end-terrace),140,136,56,80,4,2,2
S01008409,Flat maisonette or apartment or mobile/temporary accommodation,207,90,27,63,117,91,26
S01008410,All people in households,589,538,254,284,51,3,48
S01008410,Whole house or bungalow: Total,513,471,196,275,42,1,41
S01008410,Whole house or bungalow: Detached,123,123,49,74,0,0,0
S01008410,Whole house or bungalow: Semi-detached,273,240,98,142,33,0,33
S01008410,Whole house or bungalow: Terraced (including end-terrace),117,108,49,59,9,1,8
S01008410,Flat maisonette or apartment or mobile/temporary accommodation,76,67,58,9,9,2,7
S01008411,All people in households,604,547,212,335,57,22,35
S01008411,Whole house or bungalow: Total,503,473,176,297,30,14,16
S01008411,Whole house or bungalow: Detached,46,39,9,30,7,0,7
S01008411,Whole house or bungalow: Semi-detached,378,371,145,226,7,0,7
S01008411,Whole house or bungalow: Terraced (including end-terrace),79,63,22,41,16,14,2
S01008411,Flat maisonette or apartment or mobile/temporary accommodation,101,74,36,38,27,8,19
S01008412,All people in households,706,623,219,404,83,52,31
S01008412,Whole house or bungalow: Total,631,574,192,382,57,32,25
S01008412,Whole house or bungalow: Detached,249,231,86,145,18,7,11
S01008412,Whole house or bungalow: Semi-detached,238,220,61,159,18,14,4
S01008412,Whole house or bungalow: Terraced (including end-terrace),144,123,45,78,21,11,10
S01008412,Flat maisonette or apartment or mobile/temporary accommodation,75,49,27,22,26,20,6
S01008413,All people in households,549,440,181,259,109,75,34
S01008413,Whole house or bungalow: Total,436,382,159,223,54,32,22
S01008413,Whole house or bungalow: Detached,138,130,65,65,8,0,8
S01008413,Whole house or bungalow: Semi-detached,164,151,49,102,13,11,2
S01008413,Whole house or bungalow: Terraced (including end-terrace),134,101,45,56,33,21,12
S01008413,Flat maisonette or apartment or mobile/temporary accommodation,113,58,22,36,55,43,12
S01008414,All people in households,458,434,182,252,24,4,20
S01008414,Whole house or bungalow: Total,453,429,177,252,24,4,20
S01008414,Whole house or bungalow: Detached,133,133,63,70,0,0,0
S01008414,Whole house or bungalow: Semi-detached,304,284,114,170,20,0,20
S01008414,Whole house or bungalow: Terraced (including end-terrace),16,12,0,12,4,4,0
S01008414,Flat maisonette or apartment or mobile/temporary accommodation,5,5,5,0,0,0,0
S01008415,All people in households,841,720,254,466,121,64,57
S01008415,Whole house or bungalow: Total,631,580,201,379,51,24,27
S01008415,Whole house or bungalow: Detached,50,50,26,24,0,0,0
S01008415,Whole house or bungalow: Semi-detached,520,485,161,324,35,11,24
S01008415,Whole house or bungalow: Terraced (including end-terrace),61,45,14,31,16,13,3
S01008415,Flat maisonette or apartment or mobile/temporary accommodation,210,140,53,87,70,40,30
S01008416,All people in households,941,628,197,431,313,222,91
S01008416,Whole house or bungalow: Total,550,472,146,326,78,51,27
S01008416,Whole house or bungalow: Detached,36,31,14,17,5,0,5
S01008416,Whole house or bungalow: Semi-detached,383,355,100,255,28,10,18
S01008416,Whole house or bungalow: Terraced (including end-terrace),131,86,32,54,45,41,4
S01008416,Flat maisonette or apartment or mobile/temporary accommodation,391,156,51,105,235,171,64
S01008417,All people in households,726,635,265,370,91,13,78
S01008417,Whole house or bungalow: Total,626,551,235,316,75,3,72
S01008417,Whole house or bungalow: Detached,405,351,169,182,54,0,54
S01008417,Whole house or bungalow: Semi-detached,197,182,65,117,15,1,14
S01008417,Whole house or bungalow: Terraced (including end-terrace),24,18,1,17,6,2,4
S01008417,Flat maisonette or apartment or mobile/temporary accommodation,100,84,30,54,16,10,6
S01008418,All people in households,692,601,281,320,91,11,80
S01008418,Whole house or bungalow: Total,475,420,200,220,55,10,45
S01008418,Whole house or bungalow: Detached,233,209,108,101,24,0,24
S01008418,Whole house or bungalow: Semi-detached,212,190,90,100,22,3,19
S01008418,Whole house or bungalow: Terraced (including end-terrace),30,21,2,19,9,7,2
S01008418,Flat maisonette or apartment or mobile/temporary accommodation,217,181,81,100,36,1,35
S01008419,All people in households,500,415,109,306,85,48,37
S01008419,Whole house or bungalow: Total,397,358,96,262,39,13,26
S01008419,Whole house or bungalow: Detached,303,294,80,214,9,1,8
S01008419,Whole house or bungalow: Semi-detached,80,58,12,46,22,7,15
S01008419,Whole house or bungalow: Terraced (including end-terrace),14,6,4,2,8,5,3
S01008419,Flat maisonette or apartment or mobile/temporary accommodation,103,57,13,44,46,35,11
S01008420,All people in households,476,448,201,247,28,7,21
S01008420,Whole house or bungalow: Total,410,402,181,221,8,2,6
S01008420,Whole house or bungalow: Detached,196,190,90,100,6,0,6
S01008420,Whole house or bungalow: Semi-detached,184,182,72,110,2,2,0
S01008420,Whole house or bungalow: Terraced (including end-terrace),30,30,19,11,0,0,0
S01008420,Flat maisonette or apartment or mobile/temporary accommodation,66,46,20,26,20,5,15
S01008421,All people in households,858,656,187,469,202,118,84
S01008421,Whole house or bungalow: Total,696,549,165,384,147,94,53
S01008421,Whole house or bungalow: Detached,67,46,24,22,21,5,16
S01008421,Whole house or bungalow: Semi-detached,184,142,46,96,42,33,9
S01008421,Whole house or bungalow: Terraced (including end-terrace),445,361,95,266,84,56,28
S01008421,Flat maisonette or apartment or mobile/temporary accommodation,162,107,22,85,55,24,31
S01008422,All people in households,621,589,269,320,32,3,29
S01008422,Whole house or bungalow: Total,574,550,251,299,24,3,21
S01008422,Whole house or bungalow: Detached,453,440,198,242,13,0,13
S01008422,Whole house or bungalow: Semi-detached,92,88,32,56,4,0,4
S01008422,Whole house or bungalow: Terraced (including end-terrace),29,22,21,1,7,3,4
S01008422,Flat maisonette or apartment or mobile/temporary accommodation,47,39,18,21,8,0,8
S01008423,All people in households,1063,935,370,565,128,16,112
S01008423,Whole house or bungalow: Total,989,870,333,537,119,16,103
S01008423,Whole house or bungalow: Detached,792,743,297,446,49,0,49
S01008423,Whole house or bungalow: Semi-detached,115,77,26,51,38,7,31
S01008423,Whole house or bungalow: Terraced (including end-terrace),82,50,10,40,32,9,23
S01008423,Flat maisonette or apartment or mobile/temporary accommodation,74,65,37,28,9,0,9
S01008424,All people in households,835,811,447,364,24,3,21
S01008424,Whole house or bungalow: Total,815,796,444,352,19,2,17
S01008424,Whole house or bungalow: Detached,728,717,418,299,11,0,11
S01008424,Whole house or bungalow: Semi-detached,62,54,11,43,8,2,6
S01008424,Whole house or bungalow: Terraced (including end-terrace),25,25,15,10,0,0,0
S01008424,Flat maisonette or apartment or mobile/temporary accommodation,20,15,3,12,5,1,4
S01008425,All people in households,955,869,373,496,86,42,44
S01008425,Whole house or bungalow: Total,937,861,371,490,76,37,39
S01008425,Whole house or bungalow: Detached,205,195,98,97,10,1,9
S01008425,Whole house or bungalow: Semi-detached,566,519,209,310,47,20,27
S01008425,Whole house or bungalow: Terraced (including end-terrace),166,147,64,83,19,16,3
S01008425,Flat maisonette or apartment or mobile/temporary accommodation,18,8,2,6,10,5,5
S01008426,All people in households,573,405,184,221,168,103,65
S01008426,Whole house or bungalow: Total,558,396,182,214,162,101,61
S01008426,Whole house or bungalow: Detached,16,6,2,4,10,8,2
S01008426,Whole house or bungalow: Semi-detached,245,184,87,97,61,30,31
S01008426,Whole house or bungalow: Terraced (including end-terrace),297,206,93,113,91,63,28
S01008426,Flat maisonette or apartment or mobile/temporary accommodation,15,9,2,7,6,2,4
S01008427,All people in households,1068,1013,311,702,55,7,48
S01008427,Whole house or bungalow: Total,1047,1004,309,695,43,0,43
S01008427,Whole house or bungalow: Detached,303,293,110,183,10,0,10
S01008427,Whole house or bungalow: Semi-detached,612,589,167,422,23,0,23
S01008427,Whole house or bungalow: Terraced (including end-terrace),132,122,32,90,10,0,10
S01008427,Flat maisonette or apartment or mobile/temporary accommodation,21,9,2,7,12,7,5
S01008428,All people in households,676,523,186,337,153,114,39
S01008428,Whole house or bungalow: Total,534,445,155,290,89,67,22
S01008428,Whole house or bungalow: Detached,115,114,53,61,1,0,1
S01008428,Whole house or bungalow: Semi-detached,251,197,69,128,54,38,16
S01008428,Whole house or bungalow: Terraced (including end-terrace),168,134,33,101,34,29,5
S01008428,Flat maisonette or apartment or mobile/temporary accommodation,142,78,31,47,64,47,17
S01008429,All people in households,841,791,356,435,50,29,21
S01008429,Whole house or bungalow: Total,820,782,356,426,38,19,19
S01008429,Whole house or bungalow: Detached,323,323,177,146,0,0,0
S01008429,Whole house or bungalow: Semi-detached,428,403,166,237,25,10,15
S01008429,Whole house or bungalow: Terraced (including end-terrace),69,56,13,43,13,9,4
S01008429,Flat maisonette or apartment or mobile/temporary accommodation,21,9,0,9,12,10,2
S01008430,All people in households,666,577,242,335,89,40,49
S01008430,Whole house or bungalow: Total,581,511,213,298,70,29,41
S01008430,Whole house or bungalow: Detached,250,230,100,130,20,2,18
S01008430,Whole house or bungalow: Semi-detached,225,194,70,124,31,16,15
S01008430,Whole house or bungalow: Terraced (including end-terrace),106,87,43,44,19,11,8
S01008430,Flat maisonette or apartment or mobile/temporary accommodation,85,66,29,37,19,11,8
S01008431,All people in households,842,760,354,406,82,66,16
S01008431,Whole house or bungalow: Total,764,756,350,406,8,6,2
S01008431,Whole house or bungalow: Detached,295,293,150,143,2,2,0
S01008431,Whole house or bungalow: Semi-detached,463,461,199,262,2,0,2
S01008431,Whole house or bungalow: Terraced (including end-terrace),6,2,1,1,4,4,0
S01008431,Flat maisonette or apartment or mobile/temporary accommodation,78,4,4,0,74,60,14
S01008432,All people in households,701,660,329,331,41,23,18
S01008432,Whole house or bungalow: Total,645,618,319,299,27,13,14
S01008432,Whole house or bungalow: Detached,313,301,169,132,12,5,7
S01008432,Whole house or bungalow: Semi-detached,301,295,138,157,6,3,3
S01008432,Whole house or bungalow: Terraced (including end-terrace),31,22,12,10,9,5,4
S01008432,Flat maisonette or apartment or mobile/temporary accommodation,56,42,10,32,14,10,4
S01008433,All people in households,807,764,322,442,43,15,28
S01008433,Whole house or bungalow: Total,765,736,318,418,29,2,27
S01008433,Whole house or bungalow: Detached,135,135,63,72,0,0,0
S01008433,Whole house or bungalow: Semi-detached,501,486,206,280,15,0,15
S01008433,Whole house or bungalow: Terraced (including end-terrace),129,115,49,66,14,2,12
S01008433,Flat maisonette or apartment or mobile/temporary accommodation,42,28,4,24,14,13,1
S01008434,All people in households,801,744,322,422,57,32,25
S01008434,Whole house or bungalow: Total,762,726,316,410,36,15,21
S01008434,Whole house or bungalow: Detached,193,183,91,92,10,5,5
S01008434,Whole house or bungalow: Semi-detached,513,494,207,287,19,6,13
S01008434,Whole house or bungalow: Terraced (including end-terrace),56,49,18,31,7,4,3
S01008434,Flat maisonette or apartment or mobile/temporary accommodation,39,18,6,12,21,17,4
S01008435,All people in households,766,713,323,390,53,14,39
S01008435,Whole house or bungalow: Total,752,705,323,382,47,8,39
S01008435,Whole house or bungalow: Detached,261,252,131,121,9,0,9
S01008435,Whole house or bungalow: Semi-detached,444,430,182,248,14,0,14
S01008435,Whole house or bungalow: Terraced (including end-terrace),47,23,10,13,24,8,16
S01008435,Flat maisonette or apartment or mobile/temporary accommodation,14,8,0,8,6,6,0
S01008436,All people in households,836,759,317,442,77,18,59
S01008436,Whole house or bungalow: Total,650,620,253,367,30,8,22
S01008436,Whole house or bungalow: Detached,271,256,126,130,15,4,11
S01008436,Whole house or bungalow: Semi-detached,293,282,106,176,11,2,9
S01008436,Whole house or bungalow: Terraced (including end-terrace),86,82,21,61,4,2,2
S01008436,Flat maisonette or apartment or mobile/temporary accommodation,186,139,64,75,47,10,37
S01008437,All people in households,708,528,256,272,180,75,105
S01008437,Whole house or bungalow: Total,431,365,176,189,66,29,37
S01008437,Whole house or bungalow: Detached,206,193,89,104,13,0,13
S01008437,Whole house or bungalow: Semi-detached,116,85,38,47,31,11,20
S01008437,Whole house or bungalow: Terraced (including end-terrace),109,87,49,38,22,18,4
S01008437,Flat maisonette or apartment or mobile/temporary accommodation,277,163,80,83,114,46,68
S01008438,All people in households,437,350,121,229,87,11,76
S01008438,Whole house or bungalow: Total,372,308,114,194,64,7,57
S01008438,Whole house or bungalow: Detached,196,173,69,104,23,0,23
S01008438,Whole house or bungalow: Semi-detached,84,59,16,43,25,3,22
S01008438,Whole house or bungalow: Terraced (including end-terrace),92,76,29,47,16,4,12
S01008438,Flat maisonette or apartment or mobile/temporary accommodation,65,42,7,35,23,4,19
S01008439,All people in households,1112,1043,462,581,69,2,67
S01008439,Whole house or bungalow: Total,1035,987,443,544,48,0,48
S01008439,Whole house or bungalow: Detached,668,640,312,328,28,0,28
S01008439,Whole house or bungalow: Semi-detached,225,208,67,141,17,0,17
S01008439,Whole house or bungalow: Terraced (including end-terrace),142,139,64,75,3,0,3
S01008439,Flat maisonette or apartment or mobile/temporary accommodation,77,56,19,37,21,2,19
S01008440,All people in households,997,932,478,454,65,21,44
S01008440,Whole house or bungalow: Total,909,884,455,429,25,3,22
S01008440,Whole house or bungalow: Detached,635,627,334,293,8,1,7
S01008440,Whole house or bungalow: Semi-detached,188,178,82,96,10,1,9
S01008440,Whole house or bungalow: Terraced (including end-terrace),86,79,39,40,7,1,6
S01008440,Flat maisonette or apartment or mobile/temporary accommodation,88,48,23,25,40,18,22
S01008441,All people in households,465,448,180,268,17,3,14
S01008441,Whole house or bungalow: Total,453,443,177,266,10,0,10
S01008441,Whole house or bungalow: Detached,242,240,97,143,2,0,2
S01008441,Whole house or bungalow: Semi-detached,140,135,60,75,5,0,5
S01008441,Whole house or bungalow: Terraced (including end-terrace),71,68,20,48,3,0,3
S01008441,Flat maisonette or apartment or mobile/temporary accommodation,12,5,3,2,7,3,4
S01008442,All people in households,680,602,179,423,78,4,74
S01008442,Whole house or bungalow: Total,448,431,139,292,17,2,15
S01008442,Whole house or bungalow: Detached,183,175,76,99,8,0,8
S01008442,Whole house or bungalow: Semi-detached,174,170,31,139,4,2,2
S01008442,Whole house or bungalow: Terraced (including end-terrace),91,86,32,54,5,0,5
S01008442,Flat maisonette or apartment or mobile/temporary accommodation,232,171,40,131,61,2,59
S01008443,All people in households,582,532,278,254,50,17,33
S01008443,Whole house or bungalow: Total,518,492,261,231,26,0,26
S01008443,Whole house or bungalow: Detached,407,394,225,169,13,0,13
S01008443,Whole house or bungalow: Semi-detached,81,69,29,40,12,0,12
S01008443,Whole house or bungalow: Terraced (including end-terrace),30,29,7,22,1,0,1
S01008443,Flat maisonette or apartment or mobile/temporary accommodation,64,40,17,23,24,17,7
S01008444,All people in households,623,432,164,268,191,17,174
S01008444,Whole house or bungalow: Total,515,362,132,230,153,10,143
S01008444,Whole house or bungalow: Detached,193,107,66,41,86,5,81
S01008444,Whole house or bungalow: Semi-detached,200,137,36,101,63,3,60
S01008444,Whole house or bungalow: Terraced (including end-terrace),122,118,30,88,4,2,2
S01008444,Flat maisonette or apartment or mobile/temporary accommodation,108,70,32,38,38,7,31
S01008445,All people in households,909,330,137,193,579,234,345
S01008445,Whole house or bungalow: Total,632,265,122,143,367,45,322
S01008445,Whole house or bungalow: Detached,142,108,61,47,34,1,33
S01008445,Whole house or bungalow: Semi-detached,459,142,55,87,317,33,284
S01008445,Whole house or bungalow: Terraced (including end-terrace),31,15,6,9,16,11,5
S01008445,Flat maisonette or apartment or mobile/temporary accommodation,277,65,15,50,212,189,23
S01008446,All people in households,781,736,302,434,45,6,39
S01008446,Whole house or bungalow: Total,749,710,289,421,39,5,34
S01008446,Whole house or bungalow: Detached,352,343,144,199,9,0,9
S01008446,Whole house or bungalow: Semi-detached,378,357,143,214,21,5,16
S01008446,Whole house or bungalow: Terraced (including end-terrace),19,10,2,8,9,0,9
S01008446,Flat maisonette or apartment or mobile/temporary accommodation,32,26,13,13,6,1,5
S01008447,All people in households,675,620,270,350,55,4,51
S01008447,Whole house or bungalow: Total,563,526,240,286,37,0,37
S01008447,Whole house or bungalow: Detached,318,298,139,159,20,0,20
S01008447,Whole house or bungalow: Semi-detached,225,221,98,123,4,0,4
S01008447,Whole house or bungalow: Terraced (including end-terrace),20,7,3,4,13,0,13
S01008447,Flat maisonette or apartment or mobile/temporary accommodation,112,94,30,64,18,4,14
S01008448,All people in households,755,678,302,376,77,33,44
S01008448,Whole house or bungalow: Total,645,618,277,341,27,9,18
S01008448,Whole house or bungalow: Detached,471,455,229,226,16,4,12
S01008448,Whole house or bungalow: Semi-detached,155,148,44,104,7,2,5
S01008448,Whole house or bungalow: Terraced (including end-terrace),19,15,4,11,4,3,1
S01008448,Flat maisonette or apartment or mobile/temporary accommodation,110,60,25,35,50,24,26
S01008449,All people in households,795,184,38,146,611,528,83
S01008449,Whole house or bungalow: Total,314,155,35,120,159,113,46
S01008449,Whole house or bungalow: Detached,33,12,2,10,21,9,12
S01008449,Whole house or bungalow: Semi-detached,161,70,18,52,91,66,25
S01008449,Whole house or bungalow: Terraced (including end-terrace),120,73,15,58,47,38,9
S01008449,Flat maisonette or apartment or mobile/temporary accommodation,481,29,3,26,452,415,37
S01008450,All people in households,555,124,22,102,431,354,77
S01008450,Whole house or bungalow: Total,85,43,4,39,42,11,31
S01008450,Whole house or bungalow: Detached,20,9,0,9,11,5,6
S01008450,Whole house or bungalow: Semi-detached,58,31,4,27,27,6,21
S01008450,Whole house or bungalow: Terraced (including end-terrace),7,3,0,3,4,0,4
S01008450,Flat maisonette or apartment or mobile/temporary accommodation,470,81,18,63,389,343,46
S01008451,All people in households,699,87,15,72,612,580,32
S01008451,Whole house or bungalow: Total,135,34,5,29,101,101,0
S01008451,Whole house or bungalow: Detached,18,10,0,10,8,8,0
S01008451,Whole house or bungalow: Semi-detached,72,23,5,18,49,49,0
S01008451,Whole house or bungalow: Terraced (including end-terrace),45,1,0,1,44,44,0
S01008451,Flat maisonette or apartment or mobile/temporary accommodation,564,53,10,43,511,479,32
S01008452,All people in households,631,51,12,39,580,504,76
S01008452,Whole house or bungalow: Total,55,10,3,7,45,37,8
S01008452,Whole house or bungalow: Detached,4,0,0,0,4,4,0
S01008452,Whole house or bungalow: Semi-detached,32,10,3,7,22,14,8
S01008452,Whole house or bungalow: Terraced (including end-terrace),19,0,0,0,19,19,0
S01008452,Flat maisonette or apartment or mobile/temporary accommodation,576,41,9,32,535,467,68
S01008453,All people in households,506,142,15,127,364,310,54
S01008453,Whole house or bungalow: Total,78,39,2,37,39,36,3
S01008453,Whole house or bungalow: Detached,8,6,0,6,2,0,2
S01008453,Whole house or bungalow: Semi-detached,22,16,0,16,6,5,1
S01008453,Whole house or bungalow: Terraced (including end-terrace),48,17,2,15,31,31,0
S01008453,Flat maisonette or apartment or mobile/temporary accommodation,428,103,13,90,325,274,51
S01008454,All people in households,951,163,35,128,788,742,46
S01008454,Whole house or bungalow: Total,617,87,19,68,530,518,12
S01008454,Whole house or bungalow: Detached,34,9,3,6,25,24,1
S01008454,Whole house or bungalow: Semi-detached,293,28,14,14,265,265,0
S01008454,Whole house or bungalow: Terraced (including end-terrace),290,50,2,48,240,229,11
S01008454,Flat maisonette or apartment or mobile/temporary accommodation,334,76,16,60,258,224,34
S01008455,All people in households,1000,294,110,184,706,497,209
S01008455,Whole house or bungalow: Total,31,19,0,19,12,5,7
S01008455,Whole house or bungalow: Detached,5,5,0,5,0,0,0
S01008455,Whole house or bungalow: Semi-detached,11,6,0,6,5,1,4
S01008455,Whole house or bungalow: Terraced (including end-terrace),15,8,0,8,7,4,3
S01008455,Flat maisonette or apartment or mobile/temporary accommodation,969,275,110,165,694,492,202
S01008456,All people in households,973,280,102,178,693,596,97
S01008456,Whole house or bungalow: Total,53,29,9,20,24,17,7
S01008456,Whole house or bungalow: Detached,14,8,2,6,6,2,4
S01008456,Whole house or bungalow: Semi-detached,18,9,1,8,9,6,3
S01008456,Whole house or bungalow: Terraced (including end-terrace),21,12,6,6,9,9,0
S01008456,Flat maisonette or apartment or mobile/temporary accommodation,920,251,93,158,669,579,90
S01008457,All people in households,616,267,119,148,349,250,99
S01008457,Whole house or bungalow: Total,44,25,14,11,19,16,3
S01008457,Whole house or bungalow: Detached,6,0,0,0,6,6,0
S01008457,Whole house or bungalow: Semi-detached,31,19,10,9,12,9,3
S01008457,Whole house or bungalow: Terraced (including end-terrace),7,6,4,2,1,1,0
S01008457,Flat maisonette or apartment or mobile/temporary accommodation,572,242,105,137,330,234,96
S01008458,All people in households,994,564,195,369,430,236,194
S01008458,Whole house or bungalow: Total,537,323,89,234,214,90,124
S01008458,Whole house or bungalow: Detached,57,12,0,12,45,2,43
S01008458,Whole house or bungalow: Semi-detached,237,137,42,95,100,47,53
S01008458,Whole house or bungalow: Terraced (including end-terrace),243,174,47,127,69,41,28
S01008458,Flat maisonette or apartment or mobile/temporary accommodation,457,241,106,135,216,146,70
S01008459,All people in households,741,227,75,152,514,435,79
S01008459,Whole house or bungalow: Total,75,54,21,33,21,15,6
S01008459,Whole house or bungalow: Detached,8,8,0,8,0,0,0
S01008459,Whole house or bungalow: Semi-detached,41,27,16,11,14,8,6
S01008459,Whole house or bungalow: Terraced (including end-terrace),26,19,5,14,7,7,0
S01008459,Flat maisonette or apartment or mobile/temporary accommodation,666,173,54,119,493,420,73
S01008460,All people in households,805,144,53,91,661,606,55
S01008460,Whole house or bungalow: Total,130,62,28,34,68,61,7
S01008460,Whole house or bungalow: Detached,12,4,2,2,8,5,3
S01008460,Whole house or bungalow: Semi-detached,49,29,12,17,20,20,0
S01008460,Whole house or bungalow: Terraced (including end-terrace),69,29,14,15,40,36,4
S01008460,Flat maisonette or apartment or mobile/temporary accommodation,675,82,25,57,593,545,48
S01008461,All people in households,914,250,92,158,664,602,62
S01008461,Whole house or bungalow: Total,144,81,20,61,63,57,6
S01008461,Whole house or bungalow: Detached,28,21,8,13,7,1,6
S01008461,Whole house or bungalow: Semi-detached,41,17,4,13,24,24,0
S01008461,Whole house or bungalow: Terraced (including end-terrace),75,43,8,35,32,32,0
S01008461,Flat maisonette or apartment or mobile/temporary accommodation,770,169,72,97,601,545,56
S01008462,All people in households,564,57,45,12,507,486,21
S01008462,Whole house or bungalow: Total,184,11,2,9,173,169,4
S01008462,Whole house or bungalow: Detached,15,0,0,0,15,15,0
S01008462,Whole house or bungalow: Semi-detached,50,5,0,5,45,45,0
S01008462,Whole house or bungalow: Terraced (including end-terrace),119,6,2,4,113,109,4
S01008462,Flat maisonette or apartment or mobile/temporary accommodation,380,46,43,3,334,317,17
S01008463,All people in households,670,199,60,139,471,395,76
S01008463,Whole house or bungalow: Total,75,41,6,35,34,28,6
S01008463,Whole house or bungalow: Detached,23,13,2,11,10,4,6
S01008463,Whole house or bungalow: Semi-detached,42,24,3,21,18,18,0
S01008463,Whole house or bungalow: Terraced (including end-terrace),10,4,1,3,6,6,0
S01008463,Flat maisonette or apartment or mobile/temporary accommodation,595,158,54,104,437,367,70
S01008464,All people in households,850,632,209,423,218,27,191
S01008464,Whole house or bungalow: Total,128,92,39,53,36,4,32
S01008464,Whole house or bungalow: Detached,7,7,2,5,0,0,0
S01008464,Whole house or bungalow: Semi-detached,60,31,14,17,29,4,25
S01008464,Whole house or bungalow: Terraced (including end-terrace),61,54,23,31,7,0,7
S01008464,Flat maisonette or apartment or mobile/temporary accommodation,722,540,170,370,182,23,159
S01008465,All people in households,742,489,168,321,253,37,216
S01008465,Whole house or bungalow: Total,171,80,36,44,91,4,87
S01008465,Whole house or bungalow: Detached,6,0,0,0,6,0,6
S01008465,Whole house or bungalow: Semi-detached,111,45,9,36,66,0,66
S01008465,Whole house or bungalow: Terraced (including end-terrace),54,35,27,8,19,4,15
S01008465,Flat maisonette or apartment or mobile/temporary accommodation,571,409,132,277,162,33,129
S01008466,All people in households,744,499,157,342,245,29,216
S01008466,Whole house or bungalow: Total,163,83,26,57,80,0,80
S01008466,Whole house or bungalow: Detached,9,6,0,6,3,0,3
S01008466,Whole house or bungalow: Semi-detached,86,34,11,23,52,0,52
S01008466,Whole house or bungalow: Terraced (including end-terrace),68,43,15,28,25,0,25
S01008466,Flat maisonette or apartment or mobile/temporary accommodation,581,416,131,285,165,29,136
S01008467,All people in households,785,609,213,396,176,27,149
S01008467,Whole house or bungalow: Total,161,99,34,65,62,3,59
S01008467,Whole house or bungalow: Detached,13,4,0,4,9,0,9
S01008467,Whole house or bungalow: Semi-detached,82,34,11,23,48,3,45
S01008467,Whole house or bungalow: Terraced (including end-terrace),66,61,23,38,5,0,5
S01008467,Flat maisonette or apartment or mobile/temporary accommodation,624,510,179,331,114,24,90
S01008468,All people in households,615,336,94,242,279,169,110
S01008468,Whole house or bungalow: Total,213,125,39,86,88,62,26
S01008468,Whole house or bungalow: Detached,1,1,1,0,0,0,0
S01008468,Whole house or bungalow: Semi-detached,80,42,14,28,38,22,16
S01008468,Whole house or bungalow: Terraced (including end-terrace),132,82,24,58,50,40,10
S01008468,Flat maisonette or apartment or mobile/temporary accommodation,402,211,55,156,191,107,84
S01008469,All people in households,577,353,80,273,224,66,158
S01008469,Whole house or bungalow: Total,434,284,55,229,150,48,102
S01008469,Whole house or bungalow: Detached,85,66,5,61,19,5,14
S01008469,Whole house or bungalow: Semi-detached,185,97,12,85,88,20,68
S01008469,Whole house or bungalow: Terraced (including end-terrace),164,121,38,83,43,23,20
S01008469,Flat maisonette or apartment or mobile/temporary accommodation,143,69,25,44,74,18,56
S01008470,All people in households,728,286,99,187,442,334,108
S01008470,Whole house or bungalow: Total,374,158,54,104,216,155,61
S01008470,Whole house or bungalow: Detached,33,8,0,8,25,15,10
S01008470,Whole house or bungalow: Semi-detached,131,55,18,37,76,45,31
S01008470,Whole house or bungalow: Terraced (including end-terrace),210,95,36,59,115,95,20
S01008470,Flat maisonette or apartment or mobile/temporary accommodation,354,128,45,83,226,179,47
S01008471,All people in households,858,172,53,119,686,574,112
S01008471,Whole house or bungalow: Total,135,58,16,42,77,47,30
S01008471,Whole house or bungalow: Detached,13,4,2,2,9,6,3
S01008471,Whole house or bungalow: Semi-detached,48,15,8,7,33,22,11
S01008471,Whole house or bungalow: Terraced (including end-terrace),74,39,6,33,35,19,16
S01008471,Flat maisonette or apartment or mobile/temporary accommodation,723,114,37,77,609,527,82
S01008472,All people in households,714,330,98,232,384,212,172
S01008472,Whole house or bungalow: Total,427,203,66,137,224,136,88
S01008472,Whole house or bungalow: Detached,52,42,4,38,10,8,2
S01008472,Whole house or bungalow: Semi-detached,192,79,26,53,113,85,28
S01008472,Whole house or bungalow: Terraced (including end-terrace),183,82,36,46,101,43,58
S01008472,Flat maisonette or apartment or mobile/temporary accommodation,287,127,32,95,160,76,84
S01008473,All people in households,700,286,82,204,414,305,109
S01008473,Whole house or bungalow: Total,350,154,51,103,196,160,36
S01008473,Whole house or bungalow: Detached,23,15,15,0,8,8,0
S01008473,Whole house or bungalow: Semi-detached,190,80,23,57,110,95,15
S01008473,Whole house or bungalow: Terraced (including end-terrace),137,59,13,46,78,57,21
S01008473,Flat maisonette or apartment or mobile/temporary accommodation,350,132,31,101,218,145,73
S01008474,All people in households,779,269,86,183,510,347,163
S01008474,Whole house or bungalow: Total,162,30,5,25,132,107,25
S01008474,Whole house or bungalow: Detached,9,1,0,1,8,7,1
S01008474,Whole house or bungalow: Semi-detached,80,17,2,15,63,50,13
S01008474,Whole house or bungalow: Terraced (including end-terrace),73,12,3,9,61,50,11
S01008474,Flat maisonette or apartment or mobile/temporary accommodation,617,239,81,158,378,240,138
S01008475,All people in households,610,293,112,181,317,152,165
S01008475,Whole house or bungalow: Total,99,23,7,16,76,43,33
S01008475,Whole house or bungalow: Detached,2,0,0,0,2,2,0
S01008475,Whole house or bungalow: Semi-detached,24,3,3,0,21,5,16
S01008475,Whole house or bungalow: Terraced (including end-terrace),73,20,4,16,53,36,17
S01008475,Flat maisonette or apartment or mobile/temporary accommodation,511,270,105,165,241,109,132
S01008476,All people in households,699,356,144,212,343,198,145
S01008476,Whole house or bungalow: Total,51,13,7,6,38,23,15
S01008476,Whole house or bungalow: Detached,1,0,0,0,1,1,0
S01008476,Whole house or bungalow: Semi-detached,22,9,4,5,13,6,7
S01008476,Whole house or bungalow: Terraced (including end-terrace),28,4,3,1,24,16,8
S01008476,Flat maisonette or apartment or mobile/temporary accommodation,648,343,137,206,305,175,130
S01008477,All people in households,773,410,175,235,363,206,157
S01008477,Whole house or bungalow: Total,51,32,20,12,19,5,14
S01008477,Whole house or bungalow: Detached,1,1,0,1,0,0,0
S01008477,Whole house or bungalow: Semi-detached,16,13,13,0,3,1,2
S01008477,Whole house or bungalow: Terraced (including end-terrace),34,18,7,11,16,4,12
S01008477,Flat maisonette or apartment or mobile/temporary accommodation,722,378,155,223,344,201,143
S01008478,All people in households,803,362,138,224,441,253,188
S01008478,Whole house or bungalow: Total,75,59,27,32,16,4,12
S01008478,Whole house or bungalow: Detached,15,14,4,10,1,0,1
S01008478,Whole house or bungalow: Semi-detached,26,24,15,9,2,0,2
S01008478,Whole house or bungalow: Terraced (including end-terrace),34,21,8,13,13,4,9
S01008478,Flat maisonette or apartment or mobile/temporary accommodation,728,303,111,192,425,249,176
S01008479,All people in households,755,419,167,252,336,148,188
S01008479,Whole house or bungalow: Total,95,39,20,19,56,33,23
S01008479,Whole house or bungalow: Detached,12,3,1,2,9,2,7
S01008479,Whole house or bungalow: Semi-detached,29,11,6,5,18,6,12
S01008479,Whole house or bungalow: Terraced (including end-terrace),54,25,13,12,29,25,4
S01008479,Flat maisonette or apartment or mobile/temporary accommodation,660,380,147,233,280,115,165
S01008480,All people in households,607,214,62,152,393,223,170
S01008480,Whole house or bungalow: Total,222,83,44,39,139,114,25
S01008480,Whole house or bungalow: Detached,16,5,0,5,11,10,1
S01008480,Whole house or bungalow: Semi-detached,125,45,25,20,80,62,18
S01008480,Whole house or bungalow: Terraced (including end-terrace),81,33,19,14,48,42,6
S01008480,Flat maisonette or apartment or mobile/temporary accommodation,385,131,18,113,254,109,145
S01008481,All people in households,983,594,229,365,389,302,87
S01008481,Whole house or bungalow: Total,780,481,187,294,299,265,34
S01008481,Whole house or bungalow: Detached,62,39,16,23,23,18,5
S01008481,Whole house or bungalow: Semi-detached,342,219,80,139,123,105,18
S01008481,Whole house or bungalow: Terraced (including end-terrace),376,223,91,132,153,142,11
S01008481,Flat maisonette or apartment or mobile/temporary accommodation,203,113,42,71,90,37,53
S01008482,All people in households,607,365,144,221,242,139,103
S01008482,Whole house or bungalow: Total,376,254,117,137,122,63,59
S01008482,Whole house or bungalow: Detached,25,10,10,0,15,4,11
S01008482,Whole house or bungalow: Semi-detached,118,69,34,35,49,28,21
S01008482,Whole house or bungalow: Terraced (including end-terrace),233,175,73,102,58,31,27
S01008482,Flat maisonette or apartment or mobile/temporary accommodation,231,111,27,84,120,76,44
S01008483,All people in households,598,334,100,234,264,165,99
S01008483,Whole house or bungalow: Total,203,169,39,130,34,26,8
S01008483,Whole house or bungalow: Detached,19,19,12,7,0,0,0
S01008483,Whole house or bungalow: Semi-detached,28,21,9,12,7,7,0
S01008483,Whole house or bungalow: Terraced (including end-terrace),156,129,18,111,27,19,8
S01008483,Flat maisonette or apartment or mobile/temporary accommodation,395,165,61,104,230,139,91
S01008484,All people in households,754,598,226,372,156,84,72
S01008484,Whole house or bungalow: Total,435,381,139,242,54,40,14
S01008484,Whole house or bungalow: Detached,98,93,30,63,5,0,5
S01008484,Whole house or bungalow: Semi-detached,257,231,99,132,26,25,1
S01008484,Whole house or bungalow: Terraced (including end-terrace),80,57,10,47,23,15,8
S01008484,Flat maisonette or apartment or mobile/temporary accommodation,319,217,87,130,102,44,58
S01008485,All people in households,1015,606,236,370,409,63,346
S01008485,Whole house or bungalow: Total,706,435,182,253,271,43,228
S01008485,Whole house or bungalow: Detached,14,12,7,5,2,2,0
S01008485,Whole house or bungalow: Semi-detached,456,231,93,138,225,36,189
S01008485,Whole house or bungalow: Terraced (including end-terrace),236,192,82,110,44,5,39
S01008485,Flat maisonette or apartment or mobile/temporary accommodation,309,171,54,117,138,20,118
S01008486,All people in households,867,606,267,339,261,151,110
S01008486,Whole house or bungalow: Total,446,385,177,208,61,21,40
S01008486,Whole house or bungalow: Detached,59,51,22,29,8,3,5
S01008486,Whole house or bungalow: Semi-detached,186,164,73,91,22,6,16
S01008486,Whole house or bungalow: Terraced (including end-terrace),201,170,82,88,31,12,19
S01008486,Flat maisonette or apartment or mobile/temporary accommodation,421,221,90,131,200,130,70
S01008487,All people in households,759,465,102,363,294,93,201
S01008487,Whole house or bungalow: Total,165,138,45,93,27,8,19
S01008487,Whole house or bungalow: Detached,38,35,20,15,3,0,3
S01008487,Whole house or bungalow: Semi-detached,34,25,4,21,9,4,5
S01008487,Whole house or bungalow: Terraced (including end-terrace),93,78,21,57,15,4,11
S01008487,Flat maisonette or apartment or mobile/temporary accommodation,594,327,57,270,267,85,182
S01008488,All people in households,764,470,166,304,294,104,190
S01008488,Whole house or bungalow: Total,52,34,13,21,18,8,10
S01008488,Whole house or bungalow: Detached,9,8,3,5,1,1,0
S01008488,Whole house or bungalow: Semi-detached,25,16,2,14,9,5,4
S01008488,Whole house or bungalow: Terraced (including end-terrace),18,10,8,2,8,2,6
S01008488,Flat maisonette or apartment or mobile/temporary accommodation,712,436,153,283,276,96,180
S01008489,All people in households,620,406,173,233,214,113,101
S01008489,Whole house or bungalow: Total,206,181,85,96,25,10,15
S01008489,Whole house or bungalow: Detached,55,51,33,18,4,0,4
S01008489,Whole house or bungalow: Semi-detached,40,37,13,24,3,1,2
S01008489,Whole house or bungalow: Terraced (including end-terrace),111,93,39,54,18,9,9
S01008489,Flat maisonette or apartment or mobile/temporary accommodation,414,225,88,137,189,103,86
S01008490,All people in households,893,572,220,352,321,89,232
S01008490,Whole house or bungalow: Total,110,104,59,45,6,0,6
S01008490,Whole house or bungalow: Detached,27,27,18,9,0,0,0
S01008490,Whole house or bungalow: Semi-detached,21,16,6,10,5,0,5
S01008490,Whole house or bungalow: Terraced (including end-terrace),62,61,35,26,1,0,1
S01008490,Flat maisonette or apartment or mobile/temporary accommodation,783,468,161,307,315,89,226
S01008491,All people in households,914,428,158,270,486,117,369
S01008491,Whole house or bungalow: Total,51,38,10,28,13,3,10
S01008491,Whole house or bungalow: Detached,18,9,0,9,9,3,6
S01008491,Whole house or bungalow: Semi-detached,9,7,3,4,2,0,2
S01008491,Whole house or bungalow: Terraced (including end-terrace),24,22,7,15,2,0,2
S01008491,Flat maisonette or apartment or mobile/temporary accommodation,863,390,148,242,473,114,359
S01008492,All people in households,944,430,47,383,514,293,221
S01008492,Whole house or bungalow: Total,47,25,7,18,22,17,5
S01008492,Whole house or bungalow: Detached,5,5,2,3,0,0,0
S01008492,Whole house or bungalow: Semi-detached,24,18,5,13,6,4,2
S01008492,Whole house or bungalow: Terraced (including end-terrace),18,2,0,2,16,13,3
S01008492,Flat maisonette or apartment or mobile/temporary accommodation,897,405,40,365,492,276,216
S01008493,All people in households,793,421,181,240,372,180,192
S01008493,Whole house or bungalow: Total,134,78,45,33,56,47,9
S01008493,Whole house or bungalow: Detached,12,12,4,8,0,0,0
S01008493,Whole house or bungalow: Semi-detached,86,50,30,20,36,27,9
S01008493,Whole house or bungalow: Terraced (including end-terrace),36,16,11,5,20,20,0
S01008493,Flat maisonette or apartment or mobile/temporary accommodation,659,343,136,207,316,133,183
S01008494,All people in households,688,297,74,223,391,100,291
S01008494,Whole house or bungalow: Total,49,17,4,13,32,21,11
S01008494,Whole house or bungalow: Detached,3,0,0,0,3,0,3
S01008494,Whole house or bungalow: Semi-detached,18,9,3,6,9,4,5
S01008494,Whole house or bungalow: Terraced (including end-terrace),28,8,1,7,20,17,3
S01008494,Flat maisonette or apartment or mobile/temporary accommodation,639,280,70,210,359,79,280
S01008495,All people in households,891,306,78,228,585,65,520
S01008495,Whole house or bungalow: Total,17,4,1,3,13,3,10
S01008495,Whole house or bungalow: Detached,3,0,0,0,3,0,3
S01008495,Whole house or bungalow: Semi-detached,5,2,0,2,3,0,3
S01008495,Whole house or bungalow: Terraced (including end-terrace),9,2,1,1,7,3,4
S01008495,Flat maisonette or apartment or mobile/temporary accommodation,874,302,77,225,572,62,510
S01008496,All people in households,956,340,68,272,616,41,575
S01008496,Whole house or bungalow: Total,15,4,3,1,11,3,8
S01008496,Whole house or bungalow: Detached,0,0,0,0,0,0,0
S01008496,Whole house or bungalow: Semi-detached,0,0,0,0,0,0,0
S01008496,Whole house or bungalow: Terraced (including end-terrace),15,4,3,1,11,3,8
S01008496,Flat maisonette or apartment or mobile/temporary accommodation,941,336,65,271,605,38,567
S01008497,All people in households,786,321,80,241,465,52,413
S01008497,Whole house or bungalow: Total,45,34,12,22,11,0,11
S01008497,Whole house or bungalow: Detached,0,0,0,0,0,0,0
S01008497,Whole house or bungalow: Semi-detached,4,0,0,0,4,0,4
S01008497,Whole house or bungalow: Terraced (including end-terrace),41,34,12,22,7,0,7
S01008497,Flat maisonette or apartment or mobile/temporary accommodation,741,287,68,219,454,52,402
S01008498,All people in households,764,301,68,233,463,130,333
S01008498,Whole house or bungalow: Total,55,34,8,26,21,3,18
S01008498,Whole house or bungalow: Detached,10,10,4,6,0,0,0
S01008498,Whole house or bungalow: Semi-detached,17,9,2,7,8,0,8
S01008498,Whole house or bungalow: Terraced (including end-terrace),28,15,2,13,13,3,10
S01008498,Flat maisonette or apartment or mobile/temporary accommodation,709,267,60,207,442,127,315
S01008499,All people in households,996,314,73,241,682,128,554
S01008499,Whole house or bungalow: Total,28,4,4,0,24,3,21
S01008499,Whole house or bungalow: Detached,4,0,0,0,4,0,4
S01008499,Whole house or bungalow: Semi-detached,13,4,4,0,9,0,9
S01008499,Whole house or bungalow: Terraced (including end-terrace),11,0,0,0,11,3,8
S01008499,Flat maisonette or apartment or mobile/temporary accommodation,968,310,69,241,658,125,533
S01008500,All people in households,402,62,9,53,340,220,120
S01008500,Whole house or bungalow: Total,14,2,2,0,12,10,2
S01008500,Whole house or bungalow: Detached,0,0,0,0,0,0,0
S01008500,Whole house or bungalow: Semi-detached,2,2,2,0,0,0,0
S01008500,Whole house or bungalow: Terraced (including end-terrace),12,0,0,0,12,10,2
S01008500,Flat maisonette or apartment or mobile/temporary accommodation,388,60,7,53,328,210,118
S01008501,All people in households,607,164,38,126,443,50,393
S01008501,Whole house or bungalow: Total,28,6,3,3,22,4,18
S01008501,Whole house or bungalow: Detached,9,1,1,0,8,0,8
S01008501,Whole house or bungalow: Semi-detached,10,0,0,0,10,4,6
S01008501,Whole house or bungalow: Terraced (including end-terrace),9,5,2,3,4,0,4
S01008501,Flat maisonette or apartment or mobile/temporary accommodation,579,158,35,123,421,46,375
S01008502,All people in households,635,246,53,193,389,6,383
S01008502,Whole house or bungalow: Total,15,9,0,9,6,0,6
S01008502,Whole house or bungalow: Detached,0,0,0,0,0,0,0
S01008502,Whole house or bungalow: Semi-detached,1,1,0,1,0,0,0
S01008502,Whole house or bungalow: Terraced (including end-terrace),14,8,0,8,6,0,6
S01008502,Flat maisonette or apartment or mobile/temporary accommodation,620,237,53,184,383,6,377
S01008503,All people in households,833,486,106,380,347,29,318
S01008503,Whole house or bungalow: Total,105,93,22,71,12,2,10
S01008503,Whole house or bungalow: Detached,5,3,0,3,2,2,0
S01008503,Whole house or bungalow: Semi-detached,6,2,0,2,4,0,4
S01008503,Whole house or bungalow: Terraced (including end-terrace),94,88,22,66,6,0,6
S01008503,Flat maisonette or apartment or mobile/temporary accommodation,728,393,84,309,335,27,308
S01008504,All people in households,1107,792,214,578,315,8,307
S01008504,Whole house or bungalow: Total,330,293,103,190,37,0,37
S01008504,Whole house or bungalow: Detached,36,33,12,21,3,0,3
S01008504,Whole house or bungalow: Semi-detached,34,31,12,19,3,0,3
S01008504,Whole house or bungalow: Terraced (including end-terrace),260,229,79,150,31,0,31
S01008504,Flat maisonette or apartment or mobile/temporary accommodation,777,499,111,388,278,8,270
S01008505,All people in households,711,579,212,367,132,5,127
S01008505,Whole house or bungalow: Total,284,252,101,151,32,3,29
S01008505,Whole house or bungalow: Detached,9,9,2,7,0,0,0
S01008505,Whole house or bungalow: Semi-detached,3,3,0,3,0,0,0
S01008505,Whole house or bungalow: Terraced (including end-terrace),272,240,99,141,32,3,29
S01008505,Flat maisonette or apartment or mobile/temporary accommodation,427,327,111,216,100,2,98
S01008506,All people in households,788,568,270,298,220,29,191
S01008506,Whole house or bungalow: Total,157,137,54,83,20,0,20
S01008506,Whole house or bungalow: Detached,49,44,17,27,5,0,5
S01008506,Whole house or bungalow: Semi-detached,50,43,16,27,7,0,7
S01008506,Whole house or bungalow: Terraced (including end-terrace),58,50,21,29,8,0,8
S01008506,Flat maisonette or apartment or mobile/temporary accommodation,631,431,216,215,200,29,171
S01008507,All people in households,755,483,129,354,272,38,234
S01008507,Whole house or bungalow: Total,189,156,49,107,33,8,25
S01008507,Whole house or bungalow: Detached,17,14,7,7,3,0,3
S01008507,Whole house or bungalow: Semi-detached,36,26,12,14,10,8,2
S01008507,Whole house or bungalow: Terraced (including end-terrace),136,116,30,86,20,0,20
S01008507,Flat maisonette or apartment or mobile/temporary accommodation,566,327,80,247,239,30,209
S01008508,All people in households,847,751,314,437,96,6,90
S01008508,Whole house or bungalow: Total,574,547,240,307,27,6,21
S01008508,Whole house or bungalow: Detached,106,106,62,44,0,0,0
S01008508,Whole house or bungalow: Semi-detached,142,127,33,94,15,6,9
S01008508,Whole house or bungalow: Terraced (including end-terrace),326,314,145,169,12,0,12
S01008508,Flat maisonette or apartment or mobile/temporary accommodation,273,204,74,130,69,0,69
S01008509,All people in households,994,843,393,450,151,24,127
S01008509,Whole house or bungalow: Total,405,379,180,199,26,3,23
S01008509,Whole house or bungalow: Detached,47,45,20,25,2,0,2
S01008509,Whole house or bungalow: Semi-detached,121,105,61,44,16,2,14
S01008509,Whole house or bungalow: Terraced (including end-terrace),237,229,99,130,8,1,7
S01008509,Flat maisonette or apartment or mobile/temporary accommodation,589,464,213,251,125,21,104
S01008510,All people in households,904,801,338,463,103,8,95
S01008510,Whole house or bungalow: Total,729,686,312,374,43,0,43
S01008510,Whole house or bungalow: Detached,389,381,195,186,8,0,8
S01008510,Whole house or bungalow: Semi-detached,174,163,65,98,11,0,11
S01008510,Whole house or bungalow: Terraced (including end-terrace),166,142,52,90,24,0,24
S01008510,Flat maisonette or apartment or mobile/temporary accommodation,175,115,26,89,60,8,52
S01008511,All people in households,879,803,350,453,76,10,66
S01008511,Whole house or bungalow: Total,748,701,310,391,47,2,45
S01008511,Whole house or bungalow: Detached,556,515,220,295,41,2,39
S01008511,Whole house or bungalow: Semi-detached,168,162,79,83,6,0,6
S01008511,Whole house or bungalow: Terraced (including end-terrace),24,24,11,13,0,0,0
S01008511,Flat maisonette or apartment or mobile/temporary accommodation,131,102,40,62,29,8,21
S01008512,All people in households,505,493,241,252,12,0,12
S01008512,Whole house or bungalow: Total,473,467,230,237,6,0,6
S01008512,Whole house or bungalow: Detached,315,309,156,153,6,0,6
S01008512,Whole house or bungalow: Semi-detached,154,154,70,84,0,0,0
S01008512,Whole house or bungalow: Terraced (including end-terrace),4,4,4,0,0,0,0
S01008512,Flat maisonette or apartment or mobile/temporary accommodation,32,26,11,15,6,0,6
S01008513,All people in households,669,648,277,371,21,10,11
S01008513,Whole house or bungalow: Total,619,610,267,343,9,0,9
S01008513,Whole house or bungalow: Detached,487,478,221,257,9,0,9
S01008513,Whole house or bungalow: Semi-detached,107,107,41,66,0,0,0
S01008513,Whole house or bungalow: Terraced (including end-terrace),25,25,5,20,0,0,0
S01008513,Flat maisonette or apartment or mobile/temporary accommodation,50,38,10,28,12,10,2
S01008514,All people in households,877,756,362,394,121,15,106
S01008514,Whole house or bungalow: Total,574,527,230,297,47,0,47
S01008514,Whole house or bungalow: Detached,203,186,78,108,17,0,17
S01008514,Whole house or bungalow: Semi-detached,80,78,19,59,2,0,2
S01008514,Whole house or bungalow: Terraced (including end-terrace),291,263,133,130,28,0,28
S01008514,Flat maisonette or apartment or mobile/temporary accommodation,303,229,132,97,74,15,59
S01008515,All people in households,747,685,235,450,62,4,58
S01008515,Whole house or bungalow: Total,501,485,174,311,16,0,16
S01008515,Whole house or bungalow: Detached,17,13,5,8,4,0,4
S01008515,Whole house or bungalow: Semi-detached,155,151,42,109,4,0,4
S01008515,Whole house or bungalow: Terraced (including end-terrace),329,321,127,194,8,0,8
S01008515,Flat maisonette or apartment or mobile/temporary accommodation,246,200,61,139,46,4,42
S01008516,All people in households,901,463,165,298,438,38,400
S01008516,Whole house or bungalow: Total,32,22,7,15,10,7,3
S01008516,Whole house or bungalow: Detached,9,9,1,8,0,0,0
S01008516,Whole house or bungalow: Semi-detached,16,11,6,5,5,3,2
S01008516,Whole house or bungalow: Terraced (including end-terrace),7,2,0,2,5,4,1
S01008516,Flat maisonette or apartment or mobile/temporary accommodation,869,441,158,283,428,31,397
S01008517,All people in households,860,467,223,244,393,15,378
S01008517,Whole house or bungalow: Total,102,88,29,59,14,0,14
S01008517,Whole house or bungalow: Detached,22,14,11,3,8,0,8
S01008517,Whole house or bungalow: Semi-detached,38,32,13,19,6,0,6
S01008517,Whole house or bungalow: Terraced (including end-terrace),42,42,5,37,0,0,0
S01008517,Flat maisonette or apartment or mobile/temporary accommodation,758,379,194,185,379,15,364
S01008518,All people in households,905,725,301,424,180,12,168
S01008518,Whole house or bungalow: Total,481,462,218,244,19,0,19
S01008518,Whole house or bungalow: Detached,47,47,18,29,0,0,0
S01008518,Whole house or bungalow: Semi-detached,48,48,24,24,0,0,0
S01008518,Whole house or bungalow: Terraced (including end-terrace),386,367,176,191,19,0,19
S01008518,Flat maisonette or apartment or mobile/temporary accommodation,424,263,83,180,161,12,149
S01008519,All people in households,809,734,306,428,75,7,68
S01008519,Whole house or bungalow: Total,559,528,217,311,31,4,27
S01008519,Whole house or bungalow: Detached,90,90,30,60,0,0,0
S01008519,Whole house or bungalow: Semi-detached,42,35,13,22,7,0,7
S01008519,Whole house or bungalow: Terraced (including end-terrace),427,403,174,229,24,4,20
S01008519,Flat maisonette or apartment or mobile/temporary accommodation,250,206,89,117,44,3,41
S01008520,All people in households,1076,1011,512,499,65,10,55
S01008520,Whole house or bungalow: Total,914,876,446,430,38,9,29
S01008520,Whole house or bungalow: Detached,539,529,282,247,10,0,10
S01008520,Whole house or bungalow: Semi-detached,165,153,71,82,12,7,5
S01008520,Whole house or bungalow: Terraced (including end-terrace),210,194,93,101,16,2,14
S01008520,Flat maisonette or apartment or mobile/temporary accommodation,162,135,66,69,27,1,26
S01008521,All people in households,902,863,408,455,39,6,33
S01008521,Whole house or bungalow: Total,859,830,392,438,29,0,29
S01008521,Whole house or bungalow: Detached,659,635,292,343,24,0,24
S01008521,Whole house or bungalow: Semi-detached,172,172,85,87,0,0,0
S01008521,Whole house or bungalow: Terraced (including end-terrace),28,23,15,8,5,0,5
S01008521,Flat maisonette or apartment or mobile/temporary accommodation,43,33,16,17,10,6,4
S01008522,All people in households,532,464,211,253,68,0,68
S01008522,Whole house or bungalow: Total,355,334,134,200,21,0,21
S01008522,Whole house or bungalow: Detached,183,178,96,82,5,0,5
S01008522,Whole house or bungalow: Semi-detached,35,35,9,26,0,0,0
S01008522,Whole house or bungalow: Terraced (including end-terrace),137,121,29,92,16,0,16
S01008522,Flat maisonette or apartment or mobile/temporary accommodation,177,130,77,53,47,0,47
S01008523,All people in households,967,835,303,532,132,10,122
S01008523,Whole house or bungalow: Total,439,418,124,294,21,9,12
S01008523,Whole house or bungalow: Detached,145,131,49,82,14,5,9
S01008523,Whole house or bungalow: Semi-detached,32,32,6,26,0,0,0
S01008523,Whole house or bungalow: Terraced (including end-terrace),262,255,69,186,7,4,3
S01008523,Flat maisonette or apartment or mobile/temporary accommodation,528,417,179,238,111,1,110
S01008524,All people in households,863,358,118,240,505,395,110
S01008524,Whole house or bungalow: Total,213,107,41,66,106,89,17
S01008524,Whole house or bungalow: Detached,13,3,0,3,10,10,0
S01008524,Whole house or bungalow: Semi-detached,99,69,27,42,30,24,6
S01008524,Whole house or bungalow: Terraced (including end-terrace),101,35,14,21,66,55,11
S01008524,Flat maisonette or apartment or mobile/temporary accommodation,650,251,77,174,399,306,93
S01008525,All people in households,775,267,102,165,508,388,120
S01008525,Whole house or bungalow: Total,375,86,36,50,289,233,56
S01008525,Whole house or bungalow: Detached,37,11,2,9,26,14,12
S01008525,Whole house or bungalow: Semi-detached,114,32,8,24,82,51,31
S01008525,Whole house or bungalow: Terraced (including end-terrace),224,43,26,17,181,168,13
S01008525,Flat maisonette or apartment or mobile/temporary accommodation,400,181,66,115,219,155,64
S01008526,All people in households,846,594,218,376,252,116,136
S01008526,Whole house or bungalow: Total,249,175,59,116,74,52,22
S01008526,Whole house or bungalow: Detached,16,14,4,10,2,2,0
S01008526,Whole house or bungalow: Semi-detached,83,51,14,37,32,15,17
S01008526,Whole house or bungalow: Terraced (including end-terrace),150,110,41,69,40,35,5
S01008526,Flat maisonette or apartment or mobile/temporary accommodation,597,419,159,260,178,64,114
S01008527,All people in households,726,528,164,364,198,29,169
S01008527,Whole house or bungalow: Total,98,49,23,26,49,12,37
S01008527,Whole house or bungalow: Detached,10,6,6,0,4,0,4
S01008527,Whole house or bungalow: Semi-detached,46,26,7,19,20,4,16
S01008527,Whole house or bungalow: Terraced (including end-terrace),42,17,10,7,25,8,17
S01008527,Flat maisonette or apartment or mobile/temporary accommodation,628,479,141,338,149,17,132
S01008528,All people in households,720,513,157,356,207,18,189
S01008528,Whole house or bungalow: Total,113,45,24,21,68,1,67
S01008528,Whole house or bungalow: Detached,19,7,2,5,12,0,12
S01008528,Whole house or bungalow: Semi-detached,67,22,16,6,45,1,44
S01008528,Whole house or bungalow: Terraced (including end-terrace),27,16,6,10,11,0,11
S01008528,Flat maisonette or apartment or mobile/temporary accommodation,607,468,133,335,139,17,122
S01008529,All people in households,724,544,204,340,180,107,73
S01008529,Whole house or bungalow: Total,458,409,159,250,49,29,20
S01008529,Whole house or bungalow: Detached,37,34,25,9,3,1,2
S01008529,Whole house or bungalow: Semi-detached,166,152,66,86,14,3,11
S01008529,Whole house or bungalow: Terraced (including end-terrace),255,223,68,155,32,25,7
S01008529,Flat maisonette or apartment or mobile/temporary accommodation,266,135,45,90,131,78,53
S01008530,All people in households,724,354,118,236,370,289,81
S01008530,Whole house or bungalow: Total,75,47,9,38,28,16,12
S01008530,Whole house or bungalow: Detached,3,3,0,3,0,0,0
S01008530,Whole house or bungalow: Semi-detached,27,14,1,13,13,7,6
S01008530,Whole house or bungalow: Terraced (including end-terrace),45,30,8,22,15,9,6
S01008530,Flat maisonette or apartment or mobile/temporary accommodation,649,307,109,198,342,273,69
S01008531,All people in households,748,386,153,233,362,246,116
S01008531,Whole house or bungalow: Total,215,173,63,110,42,25,17
S01008531,Whole house or bungalow: Detached,22,15,6,9,7,6,1
S01008531,Whole house or bungalow: Semi-detached,130,108,36,72,22,10,12
S01008531,Whole house or bungalow: Terraced (including end-terrace),63,50,21,29,13,9,4
S01008531,Flat maisonette or apartment or mobile/temporary accommodation,533,213,90,123,320,221,99
S01008532,All people in households,443,278,104,174,165,121,44
S01008532,Whole house or bungalow: Total,336,252,93,159,84,58,26
S01008532,Whole house or bungalow: Detached,20,14,0,14,6,6,0
S01008532,Whole house or bungalow: Semi-detached,72,38,18,20,34,23,11
S01008532,Whole house or bungalow: Terraced (including end-terrace),244,200,75,125,44,29,15
S01008532,Flat maisonette or apartment or mobile/temporary accommodation,107,26,11,15,81,63,18
S01008533,All people in households,541,110,36,74,431,110,321
S01008533,Whole house or bungalow: Total,492,99,30,69,393,82,311
S01008533,Whole house or bungalow: Detached,55,18,9,9,37,16,21
S01008533,Whole house or bungalow: Semi-detached,299,60,19,41,239,42,197
S01008533,Whole house or bungalow: Terraced (including end-terrace),138,21,2,19,117,24,93
S01008533,Flat maisonette or apartment or mobile/temporary accommodation,49,11,6,5,38,28,10
S01008534,All people in households,723,497,185,312,226,33,193
S01008534,Whole house or bungalow: Total,673,474,177,297,199,23,176
S01008534,Whole house or bungalow: Detached,263,246,117,129,17,0,17
S01008534,Whole house or bungalow: Semi-detached,274,172,47,125,102,12,90
S01008534,Whole house or bungalow: Terraced (including end-terrace),136,56,13,43,80,11,69
S01008534,Flat maisonette or apartment or mobile/temporary accommodation,50,23,8,15,27,10,17
S01008535,All people in households,709,680,286,394,29,6,23
S01008535,Whole house or bungalow: Total,682,660,279,381,22,4,18
S01008535,Whole house or bungalow: Detached,497,484,219,265,13,4,9
S01008535,Whole house or bungalow: Semi-detached,183,174,58,116,9,0,9
S01008535,Whole house or bungalow: Terraced (including end-terrace),2,2,2,0,0,0,0
S01008535,Flat maisonette or apartment or mobile/temporary accommodation,27,20,7,13,7,2,5
S01008536,All people in households,569,533,285,248,36,11,25
S01008536,Whole house or bungalow: Total,489,470,261,209,19,7,12
S01008536,Whole house or bungalow: Detached,285,282,158,124,3,0,3
S01008536,Whole house or bungalow: Semi-detached,164,156,89,67,8,3,5
S01008536,Whole house or bungalow: Terraced (including end-terrace),40,32,14,18,8,4,4
S01008536,Flat maisonette or apartment or mobile/temporary accommodation,80,63,24,39,17,4,13
S01008537,All people in households,673,641,350,291,32,0,32
S01008537,Whole house or bungalow: Total,658,634,350,284,24,0,24
S01008537,Whole house or bungalow: Detached,474,453,267,186,21,0,21
S01008537,Whole house or bungalow: Semi-detached,181,178,80,98,3,0,3
S01008537,Whole house or bungalow: Terraced (including end-terrace),3,3,3,0,0,0,0
S01008537,Flat maisonette or apartment or mobile/temporary accommodation,15,7,0,7,8,0,8
S01008538,All people in households,542,529,295,234,13,0,13
S01008538,Whole house or bungalow: Total,536,523,292,231,13,0,13
S01008538,Whole house or bungalow: Detached,489,476,270,206,13,0,13
S01008538,Whole house or bungalow: Semi-detached,41,41,22,19,0,0,0
S01008538,Whole house or bungalow: Terraced (including end-terrace),6,6,0,6,0,0,0
S01008538,Flat maisonette or apartment or mobile/temporary accommodation,6,6,3,3,0,0,0
S01008539,All people in households,833,775,367,408,58,0,58
S01008539,Whole house or bungalow: Total,694,675,291,384,19,0,19
S01008539,Whole house or bungalow: Detached,455,441,198,243,14,0,14
S01008539,Whole house or bungalow: Semi-detached,162,157,68,89,5,0,5
S01008539,Whole house or bungalow: Terraced (including end-terrace),77,77,25,52,0,0,0
S01008539,Flat maisonette or apartment or mobile/temporary accommodation,139,100,76,24,39,0,39
S01008540,All people in households,861,806,425,381,55,4,51
S01008540,Whole house or bungalow: Total,836,791,420,371,45,0,45
S01008540,Whole house or bungalow: Detached,450,423,223,200,27,0,27
S01008540,Whole house or bungalow: Semi-detached,319,305,169,136,14,0,14
S01008540,Whole house or bungalow: Terraced (including end-terrace),67,63,28,35,4,0,4
S01008540,Flat maisonette or apartment or mobile/temporary accommodation,25,15,5,10,10,4,6
S01008541,All people in households,886,831,323,508,55,2,53
S01008541,Whole house or bungalow: Total,850,820,319,501,30,0,30
S01008541,Whole house or bungalow: Detached,309,295,127,168,14,0,14
S01008541,Whole house or bungalow: Semi-detached,382,372,132,240,10,0,10
S01008541,Whole house or bungalow: Terraced (including end-terrace),159,153,60,93,6,0,6
S01008541,Flat maisonette or apartment or mobile/temporary accommodation,36,11,4,7,25,2,23
S01008542,All people in households,942,901,303,598,41,1,40
S01008542,Whole house or bungalow: Total,911,884,298,586,27,0,27
S01008542,Whole house or bungalow: Detached,506,502,178,324,4,0,4
S01008542,Whole house or bungalow: Semi-detached,283,266,88,178,17,0,17
S01008542,Whole house or bungalow: Terraced (including end-terrace),122,116,32,84,6,0,6
S01008542,Flat maisonette or apartment or mobile/temporary accommodation,31,17,5,12,14,1,13
S01008543,All people in households,740,700,201,499,40,4,36
S01008543,Whole house or bungalow: Total,717,689,199,490,28,0,28
S01008543,Whole house or bungalow: Detached,245,243,71,172,2,0,2
S01008543,Whole house or bungalow: Semi-detached,359,345,98,247,14,0,14
S01008543,Whole house or bungalow: Terraced (including end-terrace),113,101,30,71,12,0,12
S01008543,Flat maisonette or apartment or mobile/temporary accommodation,23,11,2,9,12,4,8
S01008544,All people in households,653,623,176,447,30,6,24
S01008544,Whole house or bungalow: Total,619,602,168,434,17,0,17
S01008544,Whole house or bungalow: Detached,405,405,129,276,0,0,0
S01008544,Whole house or bungalow: Semi-detached,122,110,26,84,12,0,12
S01008544,Whole house or bungalow: Terraced (including end-terrace),92,87,13,74,5,0,5
S01008544,Flat maisonette or apartment or mobile/temporary accommodation,34,21,8,13,13,6,7
S01008545,All people in households,898,832,351,481,66,6,60
S01008545,Whole house or bungalow: Total,822,781,332,449,41,0,41
S01008545,Whole house or bungalow: Detached,688,663,292,371,25,0,25
S01008545,Whole house or bungalow: Semi-detached,71,63,31,32,8,0,8
S01008545,Whole house or bungalow: Terraced (including end-terrace),63,55,9,46,8,0,8
S01008545,Flat maisonette or apartment or mobile/temporary accommodation,76,51,19,32,25,6,19
S01008546,All people in households,806,789,391,398,17,0,17
S01008546,Whole house or bungalow: Total,789,783,391,392,6,0,6
S01008546,Whole house or bungalow: Detached,616,611,300,311,5,0,5
S01008546,Whole house or bungalow: Semi-detached,162,162,88,74,0,0,0
S01008546,Whole house or bungalow: Terraced (including end-terrace),11,10,3,7,1,0,1
S01008546,Flat maisonette or apartment or mobile/temporary accommodation,17,6,0,6,11,0,11
S01008547,All people in households,1010,870,208,662,140,36,104
S01008547,Whole house or bungalow: Total,970,845,203,642,125,29,96
S01008547,Whole house or bungalow: Detached,377,345,111,234,32,7,25
S01008547,Whole house or bungalow: Semi-detached,407,340,73,267,67,12,55
S01008547,Whole house or bungalow: Terraced (including end-terrace),186,160,19,141,26,10,16
S01008547,Flat maisonette or apartment or mobile/temporary accommodation,40,25,5,20,15,7,8
S01008548,All people in households,835,656,89,567,179,66,113
S01008548,Whole house or bungalow: Total,709,597,88,509,112,44,68
S01008548,Whole house or bungalow: Detached,206,195,37,158,11,0,11
S01008548,Whole house or bungalow: Semi-detached,345,280,40,240,65,23,42
S01008548,Whole house or bungalow: Terraced (including end-terrace),158,122,11,111,36,21,15
S01008548,Flat maisonette or apartment or mobile/temporary accommodation,126,59,1,58,67,22,45
S01008549,All people in households,948,750,200,550,198,73,125
S01008549,Whole house or bungalow: Total,806,687,190,497,119,24,95
S01008549,Whole house or bungalow: Detached,306,265,92,173,41,4,37
S01008549,Whole house or bungalow: Semi-detached,343,287,67,220,56,17,39
S01008549,Whole house or bungalow: Terraced (including end-terrace),157,135,31,104,22,3,19
S01008549,Flat maisonette or apartment or mobile/temporary accommodation,142,63,10,53,79,49,30
S01008550,All people in households,798,691,258,433,107,20,87
S01008550,Whole house or bungalow: Total,686,619,236,383,67,18,49
S01008550,Whole house or bungalow: Detached,299,288,105,183,11,0,11
S01008550,Whole house or bungalow: Semi-detached,239,202,82,120,37,7,30
S01008550,Whole house or bungalow: Terraced (including end-terrace),148,129,49,80,19,11,8
S01008550,Flat maisonette or apartment or mobile/temporary accommodation,112,72,22,50,40,2,38
S01008551,All people in households,969,869,377,492,100,40,60
S01008551,Whole house or bungalow: Total,687,642,269,373,45,15,30
S01008551,Whole house or bungalow: Detached,156,150,76,74,6,5,1
S01008551,Whole house or bungalow: Semi-detached,249,236,99,137,13,9,4
S01008551,Whole house or bungalow: Terraced (including end-terrace),282,256,94,162,26,1,25
S01008551,Flat maisonette or apartment or mobile/temporary accommodation,282,227,108,119,55,25,30
S01008552,All people in households,876,745,270,475,131,45,86
S01008552,Whole house or bungalow: Total,775,690,249,441,85,33,52
S01008552,Whole house or bungalow: Detached,419,382,148,234,37,0,37
S01008552,Whole house or bungalow: Semi-detached,167,150,55,95,17,6,11
S01008552,Whole house or bungalow: Terraced (including end-terrace),189,158,46,112,31,27,4
S01008552,Flat maisonette or apartment or mobile/temporary accommodation,101,55,21,34,46,12,34
S01008553,All people in households,523,375,149,226,148,118,30
S01008553,Whole house or bungalow: Total,494,363,147,216,131,104,27
S01008553,Whole house or bungalow: Detached,162,144,54,90,18,6,12
S01008553,Whole house or bungalow: Semi-detached,254,163,72,91,91,78,13
S01008553,Whole house or bungalow: Terraced (including end-terrace),78,56,21,35,22,20,2
S01008553,Flat maisonette or apartment or mobile/temporary accommodation,29,12,2,10,17,14,3
S01008554,All people in households,1090,336,100,236,754,664,90
S01008554,Whole house or bungalow: Total,876,250,71,179,626,582,44
S01008554,Whole house or bungalow: Detached,88,49,9,40,39,36,3
S01008554,Whole house or bungalow: Semi-detached,660,160,41,119,500,468,32
S01008554,Whole house or bungalow: Terraced (including end-terrace),128,41,21,20,87,78,9
S01008554,Flat maisonette or apartment or mobile/temporary accommodation,214,86,29,57,128,82,46
S01008555,All people in households,1027,286,64,222,741,638,103
S01008555,Whole house or bungalow: Total,367,143,16,127,224,176,48
S01008555,Whole house or bungalow: Detached,31,15,3,12,16,16,0
S01008555,Whole house or bungalow: Semi-detached,133,47,5,42,86,76,10
S01008555,Whole house or bungalow: Terraced (including end-terrace),203,81,8,73,122,84,38
S01008555,Flat maisonette or apartment or mobile/temporary accommodation,660,143,48,95,517,462,55
S01008556,All people in households,778,359,100,259,419,309,110
S01008556,Whole house or bungalow: Total,449,247,70,177,202,154,48
S01008556,Whole house or bungalow: Detached,20,12,3,9,8,6,2
S01008556,Whole house or bungalow: Semi-detached,188,61,14,47,127,91,36
S01008556,Whole house or bungalow: Terraced (including end-terrace),241,174,53,121,67,57,10
S01008556,Flat maisonette or apartment or mobile/temporary accommodation,329,112,30,82,217,155,62
S01008557,All people in households,914,331,91,240,583,427,156
S01008557,Whole house or bungalow: Total,612,257,71,186,355,246,109
S01008557,Whole house or bungalow: Detached,77,27,7,20,50,21,29
S01008557,Whole house or bungalow: Semi-detached,294,115,20,95,179,126,53
S01008557,Whole house or bungalow: Terraced (including end-terrace),241,115,44,71,126,99,27
S01008557,Flat maisonette or apartment or mobile/temporary accommodation,302,74,20,54,228,181,47
S01008558,All people in households,912,474,172,302,438,311,127
S01008558,Whole house or bungalow: Total,509,331,126,205,178,129,49
S01008558,Whole house or bungalow: Detached,43,26,14,12,17,11,6
S01008558,Whole house or bungalow: Semi-detached,159,76,25,51,83,56,27
S01008558,Whole house or bungalow: Terraced (including end-terrace),307,229,87,142,78,62,16
S01008558,Flat maisonette or apartment or mobile/temporary accommodation,403,143,46,97,260,182,78
S01008559,All people in households,715,447,130,317,268,200,68
S01008559,Whole house or bungalow: Total,609,388,112,276,221,170,51
S01008559,Whole house or bungalow: Detached,15,14,4,10,1,1,0
S01008559,Whole house or bungalow: Semi-detached,301,193,65,128,108,77,31
S01008559,Whole house or bungalow: Terraced (including end-terrace),293,181,43,138,112,92,20
S01008559,Flat maisonette or apartment or mobile/temporary accommodation,106,59,18,41,47,30,17
S01008560,All people in households,699,416,106,310,283,196,87
S01008560,Whole house or bungalow: Total,552,356,93,263,196,127,69
S01008560,Whole house or bungalow: Detached,41,25,4,21,16,6,10
S01008560,Whole house or bungalow: Semi-detached,340,212,58,154,128,92,36
S01008560,Whole house or bungalow: Terraced (including end-terrace),171,119,31,88,52,29,23
S01008560,Flat maisonette or apartment or mobile/temporary accommodation,147,60,13,47,87,69,18
S01008561,All people in households,674,380,99,281,294,200,94
S01008561,Whole house or bungalow: Total,608,355,95,260,253,169,84
S01008561,Whole house or bungalow: Detached,37,13,0,13,24,18,6
S01008561,Whole house or bungalow: Semi-detached,209,89,27,62,120,78,42
S01008561,Whole house or bungalow: Terraced (including end-terrace),362,253,68,185,109,73,36
S01008561,Flat maisonette or apartment or mobile/temporary accommodation,66,25,4,21,41,31,10
S01008562,All people in households,675,143,9,134,532,503,29
S01008562,Whole house or bungalow: Total,420,119,8,111,301,280,21
S01008562,Whole house or bungalow: Detached,24,13,0,13,11,11,0
S01008562,Whole house or bungalow: Semi-detached,243,72,3,69,171,158,13
S01008562,Whole house or bungalow: Terraced (including end-terrace),153,34,5,29,119,111,8
S01008562,Flat maisonette or apartment or mobile/temporary accommodation,255,24,1,23,231,223,8
S01008563,All people in households,805,433,114,319,372,253,119
S01008563,Whole house or bungalow: Total,319,212,79,133,107,66,41
S01008563,Whole house or bungalow: Detached,94,65,19,46,29,14,15
S01008563,Whole house or bungalow: Semi-detached,103,77,37,40,26,19,7
S01008563,Whole house or bungalow: Terraced (including end-terrace),122,70,23,47,52,33,19
S01008563,Flat maisonette or apartment or mobile/temporary accommodation,486,221,35,186,265,187,78
S01008564,All people in households,587,409,144,265,178,105,73
S01008564,Whole house or bungalow: Total,479,351,130,221,128,78,50
S01008564,Whole house or bungalow: Detached,35,26,5,21,9,2,7
S01008564,Whole house or bungalow: Semi-detached,101,69,21,48,32,22,10
S01008564,Whole house or bungalow: Terraced (including end-terrace),343,256,104,152,87,54,33
S01008564,Flat maisonette or apartment or mobile/temporary accommodation,108,58,14,44,50,27,23
S01008565,All people in households,928,471,167,304,457,363,94
S01008565,Whole house or bungalow: Total,699,411,144,267,288,225,63
S01008565,Whole house or bungalow: Detached,108,96,41,55,12,6,6
S01008565,Whole house or bungalow: Semi-detached,222,81,22,59,141,115,26
S01008565,Whole house or bungalow: Terraced (including end-terrace),369,234,81,153,135,104,31
S01008565,Flat maisonette or apartment or mobile/temporary accommodation,229,60,23,37,169,138,31
S01008566,All people in households,1064,618,148,470,446,328,118
S01008566,Whole house or bungalow: Total,901,539,135,404,362,255,107
S01008566,Whole house or bungalow: Detached,64,40,8,32,24,18,6
S01008566,Whole house or bungalow: Semi-detached,481,282,85,197,199,138,61
S01008566,Whole house or bungalow: Terraced (including end-terrace),356,217,42,175,139,99,40
S01008566,Flat maisonette or apartment or mobile/temporary accommodation,163,79,13,66,84,73,11
S01008567,All people in households,744,413,120,293,331,244,87
S01008567,Whole house or bungalow: Total,667,390,107,283,277,197,80
S01008567,Whole house or bungalow: Detached,66,48,15,33,18,6,12
S01008567,Whole house or bungalow: Semi-detached,473,269,60,209,204,151,53
S01008567,Whole house or bungalow: Terraced (including end-terrace),128,73,32,41,55,40,15
S01008567,Flat maisonette or apartment or mobile/temporary accommodation,77,23,13,10,54,47,7
S01008568,All people in households,793,590,142,448,203,40,163
S01008568,Whole house or bungalow: Total,750,568,136,432,182,32,150
S01008568,Whole house or bungalow: Detached,90,73,21,52,17,3,14
S01008568,Whole house or bungalow: Semi-detached,354,262,67,195,92,11,81
S01008568,Whole house or bungalow: Terraced (including end-terrace),306,233,48,185,73,18,55
S01008568,Flat maisonette or apartment or mobile/temporary accommodation,43,22,6,16,21,8,13
S01008569,All people in households,640,77,40,37,563,503,60
S01008569,Whole house or bungalow: Total,40,24,14,10,16,9,7
S01008569,Whole house or bungalow: Detached,18,12,7,5,6,4,2
S01008569,Whole house or bungalow: Semi-detached,14,7,7,0,7,2,5
S01008569,Whole house or bungalow: Terraced (including end-terrace),8,5,0,5,3,3,0
S01008569,Flat maisonette or apartment or mobile/temporary accommodation,600,53,26,27,547,494,53
S01008570,All people in households,961,312,101,211,649,548,101
S01008570,Whole house or bungalow: Total,611,293,87,206,318,233,85
S01008570,Whole house or bungalow: Detached,102,49,27,22,53,32,21
S01008570,Whole house or bungalow: Semi-detached,345,147,46,101,198,154,44
S01008570,Whole house or bungalow: Terraced (including end-terrace),164,97,14,83,67,47,20
S01008570,Flat maisonette or apartment or mobile/temporary accommodation,350,19,14,5,331,315,16
S01008571,All people in households,672,451,192,259,221,149,72
S01008571,Whole house or bungalow: Total,540,419,181,238,121,66,55
S01008571,Whole house or bungalow: Detached,94,67,29,38,27,6,21
S01008571,Whole house or bungalow: Semi-detached,241,194,93,101,47,29,18
S01008571,Whole house or bungalow: Terraced (including end-terrace),205,158,59,99,47,31,16
S01008571,Flat maisonette or apartment or mobile/temporary accommodation,132,32,11,21,100,83,17
S01008572,All people in households,817,589,207,382,228,96,132
S01008572,Whole house or bungalow: Total,670,514,165,349,156,85,71
S01008572,Whole house or bungalow: Detached,95,78,32,46,17,8,9
S01008572,Whole house or bungalow: Semi-detached,228,161,48,113,67,40,27
S01008572,Whole house or bungalow: Terraced (including end-terrace),347,275,85,190,72,37,35
S01008572,Flat maisonette or apartment or mobile/temporary accommodation,147,75,42,33,72,11,61
S01008573,All people in households,819,709,209,500,110,38,72
S01008573,Whole house or bungalow: Total,738,673,202,471,65,17,48
S01008573,Whole house or bungalow: Detached,410,378,96,282,32,3,29
S01008573,Whole house or bungalow: Semi-detached,306,280,97,183,26,7,19
S01008573,Whole house or bungalow: Terraced (including end-terrace),22,15,9,6,7,7,0
S01008573,Flat maisonette or apartment or mobile/temporary accommodation,81,36,7,29,45,21,24
S01008574,All people in households,727,665,202,463,62,11,51
S01008574,Whole house or bungalow: Total,645,617,184,433,28,4,24
S01008574,Whole house or bungalow: Detached,300,289,98,191,11,3,8
S01008574,Whole house or bungalow: Semi-detached,196,189,33,156,7,0,7
S01008574,Whole house or bungalow: Terraced (including end-terrace),149,139,53,86,10,1,9
S01008574,Flat maisonette or apartment or mobile/temporary accommodation,82,48,18,30,34,7,27
S01008575,All people in households,801,715,247,468,86,15,71
S01008575,Whole house or bungalow: Total,646,603,194,409,43,4,39
S01008575,Whole house or bungalow: Detached,445,430,136,294,15,0,15
S01008575,Whole house or bungalow: Semi-detached,124,100,32,68,24,4,20
S01008575,Whole house or bungalow: Terraced (including end-terrace),77,73,26,47,4,0,4
S01008575,Flat maisonette or apartment or mobile/temporary accommodation,155,112,53,59,43,11,32
S01008576,All people in households,820,706,317,389,114,25,89
S01008576,Whole house or bungalow: Total,574,555,262,293,19,9,10
S01008576,Whole house or bungalow: Detached,180,176,80,96,4,0,4
S01008576,Whole house or bungalow: Semi-detached,196,186,79,107,10,6,4
S01008576,Whole house or bungalow: Terraced (including end-terrace),198,193,103,90,5,3,2
S01008576,Flat maisonette or apartment or mobile/temporary accommodation,246,151,55,96,95,16,79
S01008577,All people in households,792,716,369,347,76,17,59
S01008577,Whole house or bungalow: Total,650,614,291,323,36,5,31
S01008577,Whole house or bungalow: Detached,225,217,112,105,8,0,8
S01008577,Whole house or bungalow: Semi-detached,402,380,173,207,22,5,17
S01008577,Whole house or bungalow: Terraced (including end-terrace),23,17,6,11,6,0,6
S01008577,Flat maisonette or apartment or mobile/temporary accommodation,142,102,78,24,40,12,28
S01008578,All people in households,741,693,334,359,48,12,36
S01008578,Whole house or bungalow: Total,659,627,311,316,32,3,29
S01008578,Whole house or bungalow: Detached,182,170,90,80,12,0,12
S01008578,Whole house or bungalow: Semi-detached,430,413,204,209,17,3,14
S01008578,Whole house or bungalow: Terraced (including end-terrace),47,44,17,27,3,0,3
S01008578,Flat maisonette or apartment or mobile/temporary accommodation,82,66,23,43,16,9,7
S01008579,All people in households,639,573,311,262,66,10,56
S01008579,Whole house or bungalow: Total,564,521,292,229,43,2,41
S01008579,Whole house or bungalow: Detached,289,275,161,114,14,0,14
S01008579,Whole house or bungalow: Semi-detached,244,224,121,103,20,2,18
S01008579,Whole house or bungalow: Terraced (including end-terrace),31,22,10,12,9,0,9
S01008579,Flat maisonette or apartment or mobile/temporary accommodation,75,52,19,33,23,8,15
S01008580,All people in households,542,393,156,237,149,46,103
S01008580,Whole house or bungalow: Total,465,375,153,222,90,20,70
S01008580,Whole house or bungalow: Detached,117,114,64,50,3,2,1
S01008580,Whole house or bungalow: Semi-detached,111,77,21,56,34,4,30
S01008580,Whole house or bungalow: Terraced (including end-terrace),237,184,68,116,53,14,39
S01008580,Flat maisonette or apartment or mobile/temporary accommodation,77,18,3,15,59,26,33
S01008581,All people in households,894,504,174,330,390,241,149
S01008581,Whole house or bungalow: Total,512,333,121,212,179,119,60
S01008581,Whole house or bungalow: Detached,17,14,3,11,3,3,0
S01008581,Whole house or bungalow: Semi-detached,137,76,32,44,61,38,23
S01008581,Whole house or bungalow: Terraced (including end-terrace),358,243,86,157,115,78,37
S01008581,Flat maisonette or apartment or mobile/temporary accommodation,382,171,53,118,211,122,89
S01008582,All people in households,1020,635,218,417,385,249,136
S01008582,Whole house or bungalow: Total,644,446,162,284,198,143,55
S01008582,Whole house or bungalow: Detached,63,57,24,33,6,1,5
S01008582,Whole house or bungalow: Semi-detached,183,98,36,62,85,55,30
S01008582,Whole house or bungalow: Terraced (including end-terrace),398,291,102,189,107,87,20
S01008582,Flat maisonette or apartment or mobile/temporary accommodation,376,189,56,133,187,106,81
S01008583,All people in households,713,393,129,264,320,142,178
S01008583,Whole house or bungalow: Total,364,241,65,176,123,67,56
S01008583,Whole house or bungalow: Detached,19,18,7,11,1,1,0
S01008583,Whole house or bungalow: Semi-detached,121,74,16,58,47,18,29
S01008583,Whole house or bungalow: Terraced (including end-terrace),224,149,42,107,75,48,27
S01008583,Flat maisonette or apartment or mobile/temporary accommodation,349,152,64,88,197,75,122
S01008584,All people in households,857,433,175,258,424,196,228
S01008584,Whole house or bungalow: Total,418,254,91,163,164,103,61
S01008584,Whole house or bungalow: Detached,24,19,11,8,5,1,4
S01008584,Whole house or bungalow: Semi-detached,121,58,17,41,63,47,16
S01008584,Whole house or bungalow: Terraced (including end-terrace),273,177,63,114,96,55,41
S01008584,Flat maisonette or apartment or mobile/temporary accommodation,439,179,84,95,260,93,167
S01008585,All people in households,598,356,110,246,242,126,116
S01008585,Whole house or bungalow: Total,353,227,50,177,126,63,63
S01008585,Whole house or bungalow: Detached,13,8,0,8,5,5,0
S01008585,Whole house or bungalow: Semi-detached,145,98,16,82,47,25,22
S01008585,Whole house or bungalow: Terraced (including end-terrace),195,121,34,87,74,33,41
S01008585,Flat maisonette or apartment or mobile/temporary accommodation,245,129,60,69,116,63,53
S01008586,All people in households,811,489,172,317,322,209,113
S01008586,Whole house or bungalow: Total,636,399,133,266,237,166,71
S01008586,Whole house or bungalow: Detached,45,25,17,8,20,11,9
S01008586,Whole house or bungalow: Semi-detached,228,137,54,83,91,66,25
S01008586,Whole house or bungalow: Terraced (including end-terrace),363,237,62,175,126,89,37
S01008586,Flat maisonette or apartment or mobile/temporary accommodation,175,90,39,51,85,43,42
S01008587,All people in households,754,631,304,327,123,17,106
S01008587,Whole house or bungalow: Total,542,500,262,238,42,8,34
S01008587,Whole house or bungalow: Detached,357,329,194,135,28,0,28
S01008587,Whole house or bungalow: Semi-detached,126,113,48,65,13,7,6
S01008587,Whole house or bungalow: Terraced (including end-terrace),59,58,20,38,1,1,0
S01008587,Flat maisonette or apartment or mobile/temporary accommodation,212,131,42,89,81,9,72
S01008588,All people in households,775,644,260,384,131,10,121
S01008588,Whole house or bungalow: Total,345,321,136,185,24,2,22
S01008588,Whole house or bungalow: Detached,68,67,21,46,1,0,1
S01008588,Whole house or bungalow: Semi-detached,92,83,34,49,9,0,9
S01008588,Whole house or bungalow: Terraced (including end-terrace),185,171,81,90,14,2,12
S01008588,Flat maisonette or apartment or mobile/temporary accommodation,430,323,124,199,107,8,99
S01008589,All people in households,390,318,110,208,72,53,19
S01008589,Whole house or bungalow: Total,224,214,81,133,10,6,4
S01008589,Whole house or bungalow: Detached,35,29,7,22,6,2,4
S01008589,Whole house or bungalow: Semi-detached,69,67,26,41,2,2,0
S01008589,Whole house or bungalow: Terraced (including end-terrace),120,118,48,70,2,2,0
S01008589,Flat maisonette or apartment or mobile/temporary accommodation,166,104,29,75,62,47,15
S01008590,All people in households,759,556,273,283,203,18,185
S01008590,Whole house or bungalow: Total,222,201,55,146,21,2,19
S01008590,Whole house or bungalow: Detached,16,12,2,10,4,0,4
S01008590,Whole house or bungalow: Semi-detached,71,67,24,43,4,2,2
S01008590,Whole house or bungalow: Terraced (including end-terrace),135,122,29,93,13,0,13
S01008590,Flat maisonette or apartment or mobile/temporary accommodation,537,355,218,137,182,16,166
S01008591,All people in households,807,599,199,400,208,26,182
S01008591,Whole house or bungalow: Total,408,359,123,236,49,14,35
S01008591,Whole house or bungalow: Detached,31,31,3,28,0,0,0
S01008591,Whole house or bungalow: Semi-detached,181,161,70,91,20,2,18
S01008591,Whole house or bungalow: Terraced (including end-terrace),196,167,50,117,29,12,17
S01008591,Flat maisonette or apartment or mobile/temporary accommodation,399,240,76,164,159,12,147
S01008592,All people in households,760,502,200,302,258,84,174
S01008592,Whole house or bungalow: Total,440,372,147,225,68,44,24
S01008592,Whole house or bungalow: Detached,49,42,13,29,7,5,2
S01008592,Whole house or bungalow: Semi-detached,167,145,65,80,22,10,12
S01008592,Whole house or bungalow: Terraced (including end-terrace),224,185,69,116,39,29,10
S01008592,Flat maisonette or apartment or mobile/temporary accommodation,320,130,53,77,190,40,150
S01008593,All people in households,776,718,335,383,58,16,42
S01008593,Whole house or bungalow: Total,521,501,237,264,20,5,15
S01008593,Whole house or bungalow: Detached,58,53,31,22,5,0,5
S01008593,Whole house or bungalow: Semi-detached,265,257,115,142,8,0,8
S01008593,Whole house or bungalow: Terraced (including end-terrace),198,191,91,100,7,5,2
S01008593,Flat maisonette or apartment or mobile/temporary accommodation,255,217,98,119,38,11,27
S01008594,All people in households,961,745,358,387,216,29,187
S01008594,Whole house or bungalow: Total,404,354,167,187,50,10,40
S01008594,Whole house or bungalow: Detached,93,80,49,31,13,0,13
S01008594,Whole house or bungalow: Semi-detached,219,188,72,116,31,10,21
S01008594,Whole house or bungalow: Terraced (including end-terrace),92,86,46,40,6,0,6
S01008594,Flat maisonette or apartment or mobile/temporary accommodation,557,391,191,200,166,19,147
S01008595,All people in households,842,401,173,228,441,273,168
S01008595,Whole house or bungalow: Total,330,273,122,151,57,14,43
S01008595,Whole house or bungalow: Detached,31,13,5,8,18,7,11
S01008595,Whole house or bungalow: Semi-detached,219,198,91,107,21,6,15
S01008595,Whole house or bungalow: Terraced (including end-terrace),80,62,26,36,18,1,17
S01008595,Flat maisonette or apartment or mobile/temporary accommodation,512,128,51,77,384,259,125
S01008596,All people in households,852,371,163,208,481,204,277
S01008596,Whole house or bungalow: Total,120,75,34,41,45,27,18
S01008596,Whole house or bungalow: Detached,20,18,9,9,2,2,0
S01008596,Whole house or bungalow: Semi-detached,27,11,4,7,16,10,6
S01008596,Whole house or bungalow: Terraced (including end-terrace),73,46,21,25,27,15,12
S01008596,Flat maisonette or apartment or mobile/temporary accommodation,732,296,129,167,436,177,259
S01008597,All people in households,880,758,360,398,122,11,111
S01008597,Whole house or bungalow: Total,762,700,340,360,62,7,55
S01008597,Whole house or bungalow: Detached,361,345,188,157,16,2,14
S01008597,Whole house or bungalow: Semi-detached,234,203,83,120,31,0,31
S01008597,Whole house or bungalow: Terraced (including end-terrace),167,152,69,83,15,5,10
S01008597,Flat maisonette or apartment or mobile/temporary accommodation,118,58,20,38,60,4,56
S01008598,All people in households,812,354,132,222,458,65,393
S01008598,Whole house or bungalow: Total,145,116,48,68,29,3,26
S01008598,Whole house or bungalow: Detached,25,24,13,11,1,1,0
S01008598,Whole house or bungalow: Semi-detached,58,43,26,17,15,1,14
S01008598,Whole house or bungalow: Terraced (including end-terrace),62,49,9,40,13,1,12
S01008598,Flat maisonette or apartment or mobile/temporary accommodation,667,238,84,154,429,62,367
S01008599,All people in households,896,590,246,344,306,14,292
S01008599,Whole house or bungalow: Total,351,329,165,164,22,1,21
S01008599,Whole house or bungalow: Detached,69,69,36,33,0,0,0
S01008599,Whole house or bungalow: Semi-detached,187,176,98,78,11,1,10
S01008599,Whole house or bungalow: Terraced (including end-terrace),95,84,31,53,11,0,11
S01008599,Flat maisonette or apartment or mobile/temporary accommodation,545,261,81,180,284,13,271
S01008600,All people in households,797,470,193,277,327,48,279
S01008600,Whole house or bungalow: Total,309,262,120,142,47,12,35
S01008600,Whole house or bungalow: Detached,75,49,27,22,26,7,19
S01008600,Whole house or bungalow: Semi-detached,176,165,79,86,11,0,11
S01008600,Whole house or bungalow: Terraced (including end-terrace),58,48,14,34,10,5,5
S01008600,Flat maisonette or apartment or mobile/temporary accommodation,488,208,73,135,280,36,244
S01008601,All people in households,752,245,117,128,507,36,471
S01008601,Whole house or bungalow: Total,134,80,26,54,54,14,40
S01008601,Whole house or bungalow: Detached,25,20,6,14,5,2,3
S01008601,Whole house or bungalow: Semi-detached,65,33,10,23,32,6,26
S01008601,Whole house or bungalow: Terraced (including end-terrace),44,27,10,17,17,6,11
S01008601,Flat maisonette or apartment or mobile/temporary accommodation,618,165,91,74,453,22,431
S01008602,All people in households,557,246,100,146,311,35,276
S01008602,Whole house or bungalow: Total,49,33,12,21,16,4,12
S01008602,Whole house or bungalow: Detached,3,3,0,3,0,0,0
S01008602,Whole house or bungalow: Semi-detached,24,12,0,12,12,2,10
S01008602,Whole house or bungalow: Terraced (including end-terrace),22,18,12,6,4,2,2
S01008602,Flat maisonette or apartment or mobile/temporary accommodation,508,213,88,125,295,31,264
S01008603,All people in households,1121,357,111,246,764,82,682
S01008603,Whole house or bungalow: Total,24,14,1,13,10,7,3
S01008603,Whole house or bungalow: Detached,2,2,0,2,0,0,0
S01008603,Whole house or bungalow: Semi-detached,7,0,0,0,7,4,3
S01008603,Whole house or bungalow: Terraced (including end-terrace),15,12,1,11,3,3,0
S01008603,Flat maisonette or apartment or mobile/temporary accommodation,1097,343,110,233,754,75,679
S01008604,All people in households,863,455,196,259,408,13,395
S01008604,Whole house or bungalow: Total,257,237,103,134,20,1,19
S01008604,Whole house or bungalow: Detached,64,55,26,29,9,0,9
S01008604,Whole house or bungalow: Semi-detached,70,68,27,41,2,1,1
S01008604,Whole house or bungalow: Terraced (including end-terrace),123,114,50,64,9,0,9
S01008604,Flat maisonette or apartment or mobile/temporary accommodation,606,218,93,125,388,12,376
S01008605,All people in households,702,374,160,214,328,12,316
S01008605,Whole house or bungalow: Total,149,132,79,53,17,0,17
S01008605,Whole house or bungalow: Detached,61,52,29,23,9,0,9
S01008605,Whole house or bungalow: Semi-detached,60,52,45,7,8,0,8
S01008605,Whole house or bungalow: Terraced (including end-terrace),28,28,5,23,0,0,0
S01008605,Flat maisonette or apartment or mobile/temporary accommodation,553,242,81,161,311,12,299
S01008606,All people in households,763,587,251,336,176,9,167
S01008606,Whole house or bungalow: Total,350,314,147,167,36,2,34
S01008606,Whole house or bungalow: Detached,34,34,9,25,0,0,0
S01008606,Whole house or bungalow: Semi-detached,125,107,58,49,18,2,16
S01008606,Whole house or bungalow: Terraced (including end-terrace),191,173,80,93,18,0,18
S01008606,Flat maisonette or apartment or mobile/temporary accommodation,413,273,104,169,140,7,133
S01008607,All people in households,628,528,304,224,100,51,49
S01008607,Whole house or bungalow: Total,381,348,215,133,33,9,24
S01008607,Whole house or bungalow: Detached,154,135,88,47,19,5,14
S01008607,Whole house or bungalow: Semi-detached,160,146,97,49,14,4,10
S01008607,Whole house or bungalow: Terraced (including end-terrace),67,67,30,37,0,0,0
S01008607,Flat maisonette or apartment or mobile/temporary accommodation,247,180,89,91,67,42,25
S01008608,All people in households,706,597,337,260,109,0,109
S01008608,Whole house or bungalow: Total,197,175,114,61,22,0,22
S01008608,Whole house or bungalow: Detached,47,40,35,5,7,0,7
S01008608,Whole house or bungalow: Semi-detached,68,55,35,20,13,0,13
S01008608,Whole house or bungalow: Terraced (including end-terrace),82,80,44,36,2,0,2
S01008608,Flat maisonette or apartment or mobile/temporary accommodation,509,422,223,199,87,0,87
S01008609,All people in households,900,764,351,413,136,40,96
S01008609,Whole house or bungalow: Total,436,409,173,236,27,3,24
S01008609,Whole house or bungalow: Detached,197,191,79,112,6,1,5
S01008609,Whole house or bungalow: Semi-detached,124,117,43,74,7,2,5
S01008609,Whole house or bungalow: Terraced (including end-terrace),115,101,51,50,14,0,14
S01008609,Flat maisonette or apartment or mobile/temporary accommodation,464,355,178,177,109,37,72
S01008610,All people in households,848,616,349,267,232,15,217
S01008610,Whole house or bungalow: Total,272,258,136,122,14,3,11
S01008610,Whole house or bungalow: Detached,164,157,82,75,7,1,6
S01008610,Whole house or bungalow: Semi-detached,77,72,51,21,5,0,5
S01008610,Whole house or bungalow: Terraced (including end-terrace),31,29,3,26,2,2,0
S01008610,Flat maisonette or apartment or mobile/temporary accommodation,576,358,213,145,218,12,206
S01008611,All people in households,1111,465,198,267,646,19,627
S01008611,Whole house or bungalow: Total,181,147,68,79,34,5,29
S01008611,Whole house or bungalow: Detached,27,27,18,9,0,0,0
S01008611,Whole house or bungalow: Semi-detached,125,97,40,57,28,5,23
S01008611,Whole house or bungalow: Terraced (including end-terrace),29,23,10,13,6,0,6
S01008611,Flat maisonette or apartment or mobile/temporary accommodation,930,318,130,188,612,14,598
S01008612,All people in households,779,188,72,116,591,76,515
S01008612,Whole house or bungalow: Total,30,14,4,10,16,4,12
S01008612,Whole house or bungalow: Detached,10,6,2,4,4,0,4
S01008612,Whole house or bungalow: Semi-detached,12,8,2,6,4,4,0
S01008612,Whole house or bungalow: Terraced (including end-terrace),8,0,0,0,8,0,8
S01008612,Flat maisonette or apartment or mobile/temporary accommodation,749,174,68,106,575,72,503
S01008613,All people in households,798,450,242,208,348,23,325
S01008613,Whole house or bungalow: Total,256,220,126,94,36,9,27
S01008613,Whole house or bungalow: Detached,53,41,17,24,12,1,11
S01008613,Whole house or bungalow: Semi-detached,149,131,90,41,18,8,10
S01008613,Whole house or bungalow: Terraced (including end-terrace),54,48,19,29,6,0,6
S01008613,Flat maisonette or apartment or mobile/temporary accommodation,542,230,116,114,312,14,298
S01008614,All people in households,677,182,85,97,495,37,458
S01008614,Whole house or bungalow: Total,60,41,23,18,19,2,17
S01008614,Whole house or bungalow: Detached,4,4,0,4,0,0,0
S01008614,Whole house or bungalow: Semi-detached,29,19,14,5,10,2,8
S01008614,Whole house or bungalow: Terraced (including end-terrace),27,18,9,9,9,0,9
S01008614,Flat maisonette or apartment or mobile/temporary accommodation,617,141,62,79,476,35,441
S01008615,All people in households,846,359,150,209,487,14,473
S01008615,Whole house or bungalow: Total,92,77,28,49,15,1,14
S01008615,Whole house or bungalow: Detached,11,8,1,7,3,0,3
S01008615,Whole house or bungalow: Semi-detached,32,26,14,12,6,1,5
S01008615,Whole house or bungalow: Terraced (including end-terrace),49,43,13,30,6,0,6
S01008615,Flat maisonette or apartment or mobile/temporary accommodation,754,282,122,160,472,13,459
S01008616,All people in households,733,245,84,161,488,0,488
S01008616,Whole house or bungalow: Total,16,8,1,7,8,0,8
S01008616,Whole house or bungalow: Detached,0,0,0,0,0,0,0
S01008616,Whole house or bungalow: Semi-detached,10,8,1,7,2,0,2
S01008616,Whole house or bungalow: Terraced (including end-terrace),6,0,0,0,6,0,6
S01008616,Flat maisonette or apartment or mobile/temporary accommodation,717,237,83,154,480,0,480
S01008617,All people in households,829,291,115,176,538,5,533
S01008617,Whole house or bungalow: Total,55,38,16,22,17,0,17
S01008617,Whole house or bungalow: Detached,10,8,2,6,2,0,2
S01008617,Whole house or bungalow: Semi-detached,7,7,2,5,0,0,0
S01008617,Whole house or bungalow: Terraced (including end-terrace),38,23,12,11,15,0,15
S01008617,Flat maisonette or apartment or mobile/temporary accommodation,774,253,99,154,521,5,516
S01008618,All people in households,739,233,77,156,506,0,506
S01008618,Whole house or bungalow: Total,27,21,7,14,6,0,6
S01008618,Whole house or bungalow: Detached,10,10,7,3,0,0,0
S01008618,Whole house or bungalow: Semi-detached,8,8,0,8,0,0,0
S01008618,Whole house or bungalow: Terraced (including end-terrace),9,3,0,3,6,0,6
S01008618,Flat maisonette or apartment or mobile/temporary accommodation,712,212,70,142,500,0,500
S01008619,All people in households,520,208,101,107,312,1,311
S01008619,Whole house or bungalow: Total,6,3,0,3,3,0,3
S01008619,Whole house or bungalow: Detached,3,0,0,0,3,0,3
S01008619,Whole house or bungalow: Semi-detached,0,0,0,0,0,0,0
S01008619,Whole house or bungalow: Terraced (including end-terrace),3,3,0,3,0,0,0
S01008619,Flat maisonette or apartment or mobile/temporary accommodation,514,205,101,104,309,1,308
S01008620,All people in households,815,258,95,163,557,17,540
S01008620,Whole house or bungalow: Total,18,8,2,6,10,5,5
S01008620,Whole house or bungalow: Detached,5,5,2,3,0,0,0
S01008620,Whole house or bungalow: Semi-detached,5,0,0,0,5,0,5
S01008620,Whole house or bungalow: Terraced (including end-terrace),8,3,0,3,5,5,0
S01008620,Flat maisonette or apartment or mobile/temporary accommodation,797,250,93,157,547,12,535
S01008621,All people in households,770,266,98,168,504,7,497
S01008621,Whole house or bungalow: Total,19,15,7,8,4,0,4
S01008621,Whole house or bungalow: Detached,2,2,2,0,0,0,0
S01008621,Whole house or bungalow: Semi-detached,12,8,3,5,4,0,4
S01008621,Whole house or bungalow: Terraced (including end-terrace),5,5,2,3,0,0,0
S01008621,Flat maisonette or apartment or mobile/temporary accommodation,751,251,91,160,500,7,493
S01008622,All people in households,517,254,148,106,263,0,263
S01008622,Whole house or bungalow: Total,8,5,5,0,3,0,3
S01008622,Whole house or bungalow: Detached,0,0,0,0,0,0,0
S01008622,Whole house or bungalow: Semi-detached,5,5,5,0,0,0,0
S01008622,Whole house or bungalow: Terraced (including end-terrace),3,0,0,0,3,0,3
S01008622,Flat maisonette or apartment or mobile/temporary accommodation,509,249,143,106,260,0,260
S01008623,All people in households,869,463,221,242,406,7,399
S01008623,Whole house or bungalow: Total,101,65,25,40,36,6,30
S01008623,Whole house or bungalow: Detached,32,26,11,15,6,3,3
S01008623,Whole house or bungalow: Semi-detached,31,13,5,8,18,3,15
S01008623,Whole house or bungalow: Terraced (including end-terrace),38,26,9,17,12,0,12
S01008623,Flat maisonette or apartment or mobile/temporary accommodation,768,398,196,202,370,1,369
S01008624,All people in households,683,568,337,231,115,53,62
S01008624,Whole house or bungalow: Total,307,287,167,120,20,6,14
S01008624,Whole house or bungalow: Detached,130,124,73,51,6,0,6
S01008624,Whole house or bungalow: Semi-detached,106,96,51,45,10,3,7
S01008624,Whole house or bungalow: Terraced (including end-terrace),71,67,43,24,4,3,1
S01008624,Flat maisonette or apartment or mobile/temporary accommodation,376,281,170,111,95,47,48
S01008625,All people in households,566,508,271,237,58,15,43
S01008625,Whole house or bungalow: Total,480,450,231,219,30,2,28
S01008625,Whole house or bungalow: Detached,108,100,53,47,8,0,8
S01008625,Whole house or bungalow: Semi-detached,263,251,119,132,12,0,12
S01008625,Whole house or bungalow: Terraced (including end-terrace),109,99,59,40,10,2,8
S01008625,Flat maisonette or apartment or mobile/temporary accommodation,86,58,40,18,28,13,15
S01008626,All people in households,919,729,318,411,190,9,181
S01008626,Whole house or bungalow: Total,475,446,211,235,29,0,29
S01008626,Whole house or bungalow: Detached,125,113,55,58,12,0,12
S01008626,Whole house or bungalow: Semi-detached,115,111,74,37,4,0,4
S01008626,Whole house or bungalow: Terraced (including end-terrace),235,222,82,140,13,0,13
S01008626,Flat maisonette or apartment or mobile/temporary accommodation,444,283,107,176,161,9,152
S01008627,All people in households,695,630,261,369,65,4,61
S01008627,Whole house or bungalow: Total,443,416,173,243,27,1,26
S01008627,Whole house or bungalow: Detached,52,48,25,23,4,0,4
S01008627,Whole house or bungalow: Semi-detached,223,209,94,115,14,0,14
S01008627,Whole house or bungalow: Terraced (including end-terrace),168,159,54,105,9,1,8
S01008627,Flat maisonette or apartment or mobile/temporary accommodation,252,214,88,126,38,3,35
S01008628,All people in households,581,339,159,180,242,10,232
S01008628,Whole house or bungalow: Total,105,88,42,46,17,4,13
S01008628,Whole house or bungalow: Detached,43,32,18,14,11,3,8
S01008628,Whole house or bungalow: Semi-detached,37,32,24,8,5,1,4
S01008628,Whole house or bungalow: Terraced (including end-terrace),25,24,0,24,1,0,1
S01008628,Flat maisonette or apartment or mobile/temporary accommodation,476,251,117,134,225,6,219
S01008629,All people in households,571,336,183,153,235,35,200
S01008629,Whole house or bungalow: Total,52,40,19,21,12,0,12
S01008629,Whole house or bungalow: Detached,11,10,3,7,1,0,1
S01008629,Whole house or bungalow: Semi-detached,11,11,1,10,0,0,0
S01008629,Whole house or bungalow: Terraced (including end-terrace),30,19,15,4,11,0,11
S01008629,Flat maisonette or apartment or mobile/temporary accommodation,519,296,164,132,223,35,188
S01008630,All people in households,556,270,115,155,286,3,283
S01008630,Whole house or bungalow: Total,47,44,24,20,3,0,3
S01008630,Whole house or bungalow: Detached,18,18,9,9,0,0,0
S01008630,Whole house or bungalow: Semi-detached,13,13,3,10,0,0,0
S01008630,Whole house or bungalow: Terraced (including end-terrace),16,13,12,1,3,0,3
S01008630,Flat maisonette or apartment or mobile/temporary accommodation,509,226,91,135,283,3,280
S01008631,All people in households,786,396,149,247,390,16,374
S01008631,Whole house or bungalow: Total,120,98,32,66,22,4,18
S01008631,Whole house or bungalow: Detached,17,14,3,11,3,0,3
S01008631,Whole house or bungalow: Semi-detached,25,23,6,17,2,0,2
S01008631,Whole house or bungalow: Terraced (including end-terrace),78,61,23,38,17,4,13
S01008631,Flat maisonette or apartment or mobile/temporary accommodation,666,298,117,181,368,12,356
S01008632,All people in households,711,399,158,241,312,11,301
S01008632,Whole house or bungalow: Total,83,76,49,27,7,0,7
S01008632,Whole house or bungalow: Detached,16,9,8,1,7,0,7
S01008632,Whole house or bungalow: Semi-detached,12,12,7,5,0,0,0
S01008632,Whole house or bungalow: Terraced (including end-terrace),55,55,34,21,0,0,0
S01008632,Flat maisonette or apartment or mobile/temporary accommodation,628,323,109,214,305,11,294
S01008633,All people in households,928,729,402,327,199,26,173
S01008633,Whole house or bungalow: Total,355,312,145,167,43,1,42
S01008633,Whole house or bungalow: Detached,148,133,65,68,15,1,14
S01008633,Whole house or bungalow: Semi-detached,67,61,36,25,6,0,6
S01008633,Whole house or bungalow: Terraced (including end-terrace),140,118,44,74,22,0,22
S01008633,Flat maisonette or apartment or mobile/temporary accommodation,573,417,257,160,156,25,131
S01008634,All people in households,727,519,243,276,208,14,194
S01008634,Whole house or bungalow: Total,169,166,103,63,3,0,3
S01008634,Whole house or bungalow: Detached,96,93,75,18,3,0,3
S01008634,Whole house or bungalow: Semi-detached,69,69,26,43,0,0,0
S01008634,Whole house or bungalow: Terraced (including end-terrace),4,4,2,2,0,0,0
S01008634,Flat maisonette or apartment or mobile/temporary accommodation,558,353,140,213,205,14,191
S01008635,All people in households,824,560,248,312,264,10,254
S01008635,Whole house or bungalow: Total,173,149,61,88,24,9,15
S01008635,Whole house or bungalow: Detached,45,42,21,21,3,0,3
S01008635,Whole house or bungalow: Semi-detached,55,45,15,30,10,4,6
S01008635,Whole house or bungalow: Terraced (including end-terrace),73,62,25,37,11,5,6
S01008635,Flat maisonette or apartment or mobile/temporary accommodation,651,411,187,224,240,1,239
S01008636,All people in households,861,547,269,278,314,6,308
S01008636,Whole house or bungalow: Total,204,187,85,102,17,0,17
S01008636,Whole house or bungalow: Detached,81,69,29,40,12,0,12
S01008636,Whole house or bungalow: Semi-detached,68,68,33,35,0,0,0
S01008636,Whole house or bungalow: Terraced (including end-terrace),55,50,23,27,5,0,5
S01008636,Flat maisonette or apartment or mobile/temporary accommodation,657,360,184,176,297,6,291
S01008637,All people in households,679,428,209,219,251,20,231
S01008637,Whole house or bungalow: Total,145,128,89,39,17,8,9
S01008637,Whole house or bungalow: Detached,67,66,56,10,1,0,1
S01008637,Whole house or bungalow: Semi-detached,46,42,27,15,4,4,0
S01008637,Whole house or bungalow: Terraced (including end-terrace),32,20,6,14,12,4,8
S01008637,Flat maisonette or apartment or mobile/temporary accommodation,534,300,120,180,234,12,222
S01008638,All people in households,798,269,106,163,529,132,397
S01008638,Whole house or bungalow: Total,127,94,27,67,33,0,33
S01008638,Whole house or bungalow: Detached,8,8,1,7,0,0,0
S01008638,Whole house or bungalow: Semi-detached,10,8,4,4,2,0,2
S01008638,Whole house or bungalow: Terraced (including end-terrace),109,78,22,56,31,0,31
S01008638,Flat maisonette or apartment or mobile/temporary accommodation,671,175,79,96,496,132,364
S01008639,All people in households,866,471,148,323,395,5,390
S01008639,Whole house or bungalow: Total,137,124,49,75,13,0,13
S01008639,Whole house or bungalow: Detached,22,18,4,14,4,0,4
S01008639,Whole house or bungalow: Semi-detached,36,34,20,14,2,0,2
S01008639,Whole house or bungalow: Terraced (including end-terrace),79,72,25,47,7,0,7
S01008639,Flat maisonette or apartment or mobile/temporary accommodation,729,347,99,248,382,5,377
S01008640,All people in households,776,373,130,243,403,2,401
S01008640,Whole house or bungalow: Total,72,58,20,38,14,0,14
S01008640,Whole house or bungalow: Detached,11,7,2,5,4,0,4
S01008640,Whole house or bungalow: Semi-detached,17,12,0,12,5,0,5
S01008640,Whole house or bungalow: Terraced (including end-terrace),44,39,18,21,5,0,5
S01008640,Flat maisonette or apartment or mobile/temporary accommodation,704,315,110,205,389,2,387
S01008641,All people in households,825,330,144,186,495,6,489
S01008641,Whole house or bungalow: Total,12,4,0,4,8,4,4
S01008641,Whole house or bungalow: Detached,2,0,0,0,2,0,2
S01008641,Whole house or bungalow: Semi-detached,4,0,0,0,4,4,0
S01008641,Whole house or bungalow: Terraced (including end-terrace),6,4,0,4,2,0,2
S01008641,Flat maisonette or apartment or mobile/temporary accommodation,813,326,144,182,487,2,485
S01008642,All people in households,932,508,165,343,424,2,422
S01008642,Whole house or bungalow: Total,169,119,51,68,50,0,50
S01008642,Whole house or bungalow: Detached,51,44,26,18,7,0,7
S01008642,Whole house or bungalow: Semi-detached,67,50,12,38,17,0,17
S01008642,Whole house or bungalow: Terraced (including end-terrace),51,25,13,12,26,0,26
S01008642,Flat maisonette or apartment or mobile/temporary accommodation,763,389,114,275,374,2,372
S01008643,All people in households,702,421,135,286,281,12,269
S01008643,Whole house or bungalow: Total,166,146,30,116,20,5,15
S01008643,Whole house or bungalow: Detached,10,10,0,10,0,0,0
S01008643,Whole house or bungalow: Semi-detached,32,27,3,24,5,5,0
S01008643,Whole house or bungalow: Terraced (including end-terrace),124,109,27,82,15,0,15
S01008643,Flat maisonette or apartment or mobile/temporary accommodation,536,275,105,170,261,7,254
S01008644,All people in households,769,337,114,223,432,83,349
S01008644,Whole house or bungalow: Total,58,49,27,22,9,1,8
S01008644,Whole house or bungalow: Detached,5,5,3,2,0,0,0
S01008644,Whole house or bungalow: Semi-detached,22,18,11,7,4,0,4
S01008644,Whole house or bungalow: Terraced (including end-terrace),31,26,13,13,5,1,4
S01008644,Flat maisonette or apartment or mobile/temporary accommodation,711,288,87,201,423,82,341
S01008645,All people in households,825,439,153,286,386,19,367
S01008645,Whole house or bungalow: Total,80,61,28,33,19,1,18
S01008645,Whole house or bungalow: Detached,29,29,16,13,0,0,0
S01008645,Whole house or bungalow: Semi-detached,14,6,2,4,8,0,8
S01008645,Whole house or bungalow: Terraced (including end-terrace),37,26,10,16,11,1,10
S01008645,Flat maisonette or apartment or mobile/temporary accommodation,745,378,125,253,367,18,349
S01008646,All people in households,812,419,147,272,393,36,357
S01008646,Whole house or bungalow: Total,122,99,59,40,23,3,20
S01008646,Whole house or bungalow: Detached,8,8,6,2,0,0,0
S01008646,Whole house or bungalow: Semi-detached,31,24,22,2,7,0,7
S01008646,Whole house or bungalow: Terraced (including end-terrace),83,67,31,36,16,3,13
S01008646,Flat maisonette or apartment or mobile/temporary accommodation,690,320,88,232,370,33,337
S01008647,All people in households,589,312,79,233,277,6,271
S01008647,Whole house or bungalow: Total,63,54,12,42,9,0,9
S01008647,Whole house or bungalow: Detached,4,4,0,4,0,0,0
S01008647,Whole house or bungalow: Semi-detached,12,3,0,3,9,0,9
S01008647,Whole house or bungalow: Terraced (including end-terrace),47,47,12,35,0,0,0
S01008647,Flat maisonette or apartment or mobile/temporary accommodation,526,258,67,191,268,6,262
S01008648,All people in households,610,201,45,156,409,60,349
S01008648,Whole house or bungalow: Total,13,9,2,7,4,2,2
S01008648,Whole house or bungalow: Detached,4,4,0,4,0,0,0
S01008648,Whole house or bungalow: Semi-detached,2,2,2,0,0,0,0
S01008648,Whole house or bungalow: Terraced (including end-terrace),7,3,0,3,4,2,2
S01008648,Flat maisonette or apartment or mobile/temporary accommodation,597,192,43,149,405,58,347
S01008649,All people in households,841,364,87,277,477,51,426
S01008649,Whole house or bungalow: Total,8,4,0,4,4,1,3
S01008649,Whole house or bungalow: Detached,3,3,0,3,0,0,0
S01008649,Whole house or bungalow: Semi-detached,0,0,0,0,0,0,0
S01008649,Whole house or bungalow: Terraced (including end-terrace),5,1,0,1,4,1,3
S01008649,Flat maisonette or apartment or mobile/temporary accommodation,833,360,87,273,473,50,423
S01008650,All people in households,731,311,77,234,420,46,374
S01008650,Whole house or bungalow: Total,14,12,2,10,2,0,2
S01008650,Whole house or bungalow: Detached,0,0,0,0,0,0,0
S01008650,Whole house or bungalow: Semi-detached,9,9,2,7,0,0,0
S01008650,Whole house or bungalow: Terraced (including end-terrace),5,3,0,3,2,0,2
S01008650,Flat maisonette or apartment or mobile/temporary accommodation,717,299,75,224,418,46,372
S01008651,All people in households,686,241,67,174,445,124,321
S01008651,Whole house or bungalow: Total,11,7,2,5,4,4,0
S01008651,Whole house or bungalow: Detached,0,0,0,0,0,0,0
S01008651,Whole house or bungalow: Semi-detached,6,6,1,5,0,0,0
S01008651,Whole house or bungalow: Terraced (including end-terrace),5,1,1,0,4,4,0
S01008651,Flat maisonette or apartment or mobile/temporary accommodation,675,234,65,169,441,120,321
S01008652,All people in households,567,151,27,124,416,183,233
S01008652,Whole house or bungalow: Total,16,8,0,8,8,7,1
S01008652,Whole house or bungalow: Detached,0,0,0,0,0,0,0
S01008652,Whole house or bungalow: Semi-detached,0,0,0,0,0,0,0
S01008652,Whole house or bungalow: Terraced (including end-terrace),16,8,0,8,8,7,1
S01008652,Flat maisonette or apartment or mobile/temporary accommodation,551,143,27,116,408,176,232
S01008653,All people in households,684,162,48,114,522,189,333
S01008653,Whole house or bungalow: Total,56,26,14,12,30,13,17
S01008653,Whole house or bungalow: Detached,7,4,0,4,3,3,0
S01008653,Whole house or bungalow: Semi-detached,27,17,9,8,10,0,10
S01008653,Whole house or bungalow: Terraced (including end-terrace),22,5,5,0,17,10,7
S01008653,Flat maisonette or apartment or mobile/temporary accommodation,628,136,34,102,492,176,316
S01008654,All people in households,937,293,74,219,644,155,489
S01008654,Whole house or bungalow: Total,13,13,4,9,0,0,0
S01008654,Whole house or bungalow: Detached,3,3,0,3,0,0,0
S01008654,Whole house or bungalow: Semi-detached,4,4,2,2,0,0,0
S01008654,Whole house or bungalow: Terraced (including end-terrace),6,6,2,4,0,0,0
S01008654,Flat maisonette or apartment or mobile/temporary accommodation,924,280,70,210,644,155,489
S01008655,All people in households,796,240,72,168,556,82,474
S01008655,Whole house or bungalow: Total,41,21,13,8,20,4,16
S01008655,Whole house or bungalow: Detached,24,19,11,8,5,0,5
S01008655,Whole house or bungalow: Semi-detached,0,0,0,0,0,0,0
S01008655,Whole house or bungalow: Terraced (including end-terrace),17,2,2,0,15,4,11
S01008655,Flat maisonette or apartment or mobile/temporary accommodation,755,219,59,160,536,78,458
S01008656,All people in households,644,180,58,122,464,168,296
S01008656,Whole house or bungalow: Total,7,5,4,1,2,0,2
S01008656,Whole house or bungalow: Detached,3,3,3,0,0,0,0
S01008656,Whole house or bungalow: Semi-detached,1,1,0,1,0,0,0
S01008656,Whole house or bungalow: Terraced (including end-terrace),3,1,1,0,2,0,2
S01008656,Flat maisonette or apartment or mobile/temporary accommodation,637,175,54,121,462,168,294
S01008657,All people in households,664,210,75,135,454,190,264
S01008657,Whole house or bungalow: Total,146,77,32,45,69,13,56
S01008657,Whole house or bungalow: Detached,2,1,1,0,1,1,0
S01008657,Whole house or bungalow: Semi-detached,8,5,0,5,3,1,2
S01008657,Whole house or bungalow: Terraced (including end-terrace),136,71,31,40,65,11,54
S01008657,Flat maisonette or apartment or mobile/temporary accommodation,518,133,43,90,385,177,208
S01008658,All people in households,900,245,76,169,655,192,463
S01008658,Whole house or bungalow: Total,41,19,8,11,22,8,14
S01008658,Whole house or bungalow: Detached,5,4,0,4,1,1,0
S01008658,Whole house or bungalow: Semi-detached,7,0,0,0,7,0,7
S01008658,Whole house or bungalow: Terraced (including end-terrace),29,15,8,7,14,7,7
S01008658,Flat maisonette or apartment or mobile/temporary accommodation,859,226,68,158,633,184,449
S01008659,All people in households,825,183,54,129,642,120,522
S01008659,Whole house or bungalow: Total,23,4,2,2,19,5,14
S01008659,Whole house or bungalow: Detached,0,0,0,0,0,0,0
S01008659,Whole house or bungalow: Semi-detached,10,1,0,1,9,0,9
S01008659,Whole house or bungalow: Terraced (including end-terrace),13,3,2,1,10,5,5
S01008659,Flat maisonette or apartment or mobile/temporary accommodation,802,179,52,127,623,115,508
S01008660,All people in households,936,213,97,116,723,87,636
S01008660,Whole house or bungalow: Total,64,33,20,13,31,2,29
S01008660,Whole house or bungalow: Detached,6,6,6,0,0,0,0
S01008660,Whole house or bungalow: Semi-detached,14,13,8,5,1,1,0
S01008660,Whole house or bungalow: Terraced (including end-terrace),44,14,6,8,30,1,29
S01008660,Flat maisonette or apartment or mobile/temporary accommodation,872,180,77,103,692,85,607
S01008661,All people in households,754,127,52,75,627,278,349
S01008661,Whole house or bungalow: Total,19,8,7,1,11,7,4
S01008661,Whole house or bungalow: Detached,3,3,3,0,0,0,0
S01008661,Whole house or bungalow: Semi-detached,12,4,3,1,8,6,2
S01008661,Whole house or bungalow: Terraced (including end-terrace),4,1,1,0,3,1,2
S01008661,Flat maisonette or apartment or mobile/temporary accommodation,735,119,45,74,616,271,345
S01008662,All people in households,512,77,23,54,435,89,346
S01008662,Whole house or bungalow: Total,4,1,1,0,3,0,3
S01008662,Whole house or bungalow: Detached,1,1,1,0,0,0,0
S01008662,Whole house or bungalow: Semi-detached,0,0,0,0,0,0,0
S01008662,Whole house or bungalow: Terraced (including end-terrace),3,0,0,0,3,0,3
S01008662,Flat maisonette or apartment or mobile/temporary accommodation,508,76,22,54,432,89,343
S01008663,All people in households,829,228,65,163,601,127,474
S01008663,Whole house or bungalow: Total,30,13,5,8,17,7,10
S01008663,Whole house or bungalow: Detached,8,3,0,3,5,2,3
S01008663,Whole house or bungalow: Semi-detached,14,5,5,0,9,5,4
S01008663,Whole house or bungalow: Terraced (including end-terrace),8,5,0,5,3,0,3
S01008663,Flat maisonette or apartment or mobile/temporary accommodation,799,215,60,155,584,120,464
S01008664,All people in households,705,252,84,168,453,69,384
S01008664,Whole house or bungalow: Total,30,24,6,18,6,1,5
S01008664,Whole house or bungalow: Detached,5,4,4,0,1,1,0
S01008664,Whole house or bungalow: Semi-detached,0,0,0,0,0,0,0
S01008664,Whole house or bungalow: Terraced (including end-terrace),25,20,2,18,5,0,5
S01008664,Flat maisonette or apartment or mobile/temporary accommodation,675,228,78,150,447,68,379
S01008665,All people in households,941,308,112,196,633,137,496
S01008665,Whole house or bungalow: Total,84,30,17,13,54,24,30
S01008665,Whole house or bungalow: Detached,12,0,0,0,12,7,5
S01008665,Whole house or bungalow: Semi-detached,14,5,1,4,9,1,8
S01008665,Whole house or bungalow: Terraced (including end-terrace),58,25,16,9,33,16,17
S01008665,Flat maisonette or apartment or mobile/temporary accommodation,857,278,95,183,579,113,466
S01008666,All people in households,770,261,87,174,509,15,494
S01008666,Whole house or bungalow: Total,16,9,2,7,7,0,7
S01008666,Whole house or bungalow: Detached,3,0,0,0,3,0,3
S01008666,Whole house or bungalow: Semi-detached,6,2,2,0,4,0,4
S01008666,Whole house or bungalow: Terraced (including end-terrace),7,7,0,7,0,0,0
S01008666,Flat maisonette or apartment or mobile/temporary accommodation,754,252,85,167,502,15,487
S01008667,All people in households,725,296,138,158,429,101,328
S01008667,Whole house or bungalow: Total,29,11,8,3,18,6,12
S01008667,Whole house or bungalow: Detached,5,5,5,0,0,0,0
S01008667,Whole house or bungalow: Semi-detached,0,0,0,0,0,0,0
S01008667,Whole house or bungalow: Terraced (including end-terrace),24,6,3,3,18,6,12
S01008667,Flat maisonette or apartment or mobile/temporary accommodation,696,285,130,155,411,95,316
S01008668,All people in households,557,195,74,121,362,33,329
S01008668,Whole house or bungalow: Total,21,1,1,0,20,10,10
S01008668,Whole house or bungalow: Detached,1,1,1,0,0,0,0
S01008668,Whole house or bungalow: Semi-detached,10,0,0,0,10,10,0
S01008668,Whole house or bungalow: Terraced (including end-terrace),10,0,0,0,10,0,10
S01008668,Flat maisonette or apartment or mobile/temporary accommodation,536,194,73,121,342,23,319
S01008669,All people in households,578,75,34,41,503,19,484
S01008669,Whole house or bungalow: Total,4,4,4,0,0,0,0
S01008669,Whole house or bungalow: Detached,0,0,0,0,0,0,0
S01008669,Whole house or bungalow: Semi-detached,0,0,0,0,0,0,0
S01008669,Whole house or bungalow: Terraced (including end-terrace),4,4,4,0,0,0,0
S01008669,Flat maisonette or apartment or mobile/temporary accommodation,574,71,30,41,503,19,484
S01008670,All people in households,757,162,65,97,595,15,580
S01008670,Whole house or bungalow: Total,22,20,9,11,2,0,2
S01008670,Whole house or bungalow: Detached,7,5,0,5,2,0,2
S01008670,Whole house or bungalow: Semi-detached,8,8,8,0,0,0,0
S01008670,Whole house or bungalow: Terraced (including end-terrace),7,7,1,6,0,0,0
S01008670,Flat maisonette or apartment or mobile/temporary accommodation,735,142,56,86,593,15,578
S01008671,All people in households,751,176,78,98,575,36,539
S01008671,Whole house or bungalow: Total,12,4,4,0,8,8,0
S01008671,Whole house or bungalow: Detached,0,0,0,0,0,0,0
S01008671,Whole house or bungalow: Semi-detached,4,4,4,0,0,0,0
S01008671,Whole house or bungalow: Terraced (including end-terrace),8,0,0,0,8,8,0
S01008671,Flat maisonette or apartment or mobile/temporary accommodation,739,172,74,98,567,28,539
S01008672,All people in households,686,213,104,109,473,27,446
S01008672,Whole house or bungalow: Total,37,26,8,18,11,5,6
S01008672,Whole house or bungalow: Detached,3,3,3,0,0,0,0
S01008672,Whole house or bungalow: Semi-detached,10,8,2,6,2,0,2
S01008672,Whole house or bungalow: Terraced (including end-terrace),24,15,3,12,9,5,4
S01008672,Flat maisonette or apartment or mobile/temporary accommodation,649,187,96,91,462,22,440
S01008673,All people in households,1064,290,160,130,774,174,600
S01008673,Whole house or bungalow: Total,27,22,10,12,5,2,3
S01008673,Whole house or bungalow: Detached,9,6,0,6,3,0,3
S01008673,Whole house or bungalow: Semi-detached,6,6,0,6,0,0,0
S01008673,Whole house or bungalow: Terraced (including end-terrace),12,10,10,0,2,2,0
S01008673,Flat maisonette or apartment or mobile/temporary accommodation,1037,268,150,118,769,172,597
S01008674,All people in households,784,140,67,73,644,108,536
S01008674,Whole house or bungalow: Total,13,5,1,4,8,1,7
S01008674,Whole house or bungalow: Detached,5,4,0,4,1,1,0
S01008674,Whole house or bungalow: Semi-detached,0,0,0,0,0,0,0
S01008674,Whole house or bungalow: Terraced (including end-terrace),8,1,1,0,7,0,7
S01008674,Flat maisonette or apartment or mobile/temporary accommodation,771,135,66,69,636,107,529
S01008675,All people in households,705,152,61,91,553,143,410
S01008675,Whole house or bungalow: Total,26,8,3,5,18,8,10
S01008675,Whole house or bungalow: Detached,2,1,1,0,1,0,1
S01008675,Whole house or bungalow: Semi-detached,10,0,0,0,10,1,9
S01008675,Whole house or bungalow: Terraced (including end-terrace),14,7,2,5,7,7,0
S01008675,Flat maisonette or apartment or mobile/temporary accommodation,679,144,58,86,535,135,400
S01008676,All people in households,690,227,92,135,463,81,382
S01008676,Whole house or bungalow: Total,94,37,12,25,57,14,43
S01008676,Whole house or bungalow: Detached,17,7,1,6,10,0,10
S01008676,Whole house or bungalow: Semi-detached,18,6,2,4,12,3,9
S01008676,Whole house or bungalow: Terraced (including end-terrace),59,24,9,15,35,11,24
S01008676,Flat maisonette or apartment or mobile/temporary accommodation,596,190,80,110,406,67,339
S01008677,All people in households,731,186,81,105,545,61,484
S01008677,Whole house or bungalow: Total,18,5,0,5,13,5,8
S01008677,Whole house or bungalow: Detached,5,0,0,0,5,0,5
S01008677,Whole house or bungalow: Semi-detached,2,0,0,0,2,2,0
S01008677,Whole house or bungalow: Terraced (including end-terrace),11,5,0,5,6,3,3
S01008677,Flat maisonette or apartment or mobile/temporary accommodation,713,181,81,100,532,56,476
S01008678,All people in households,721,126,39,87,595,101,494
S01008678,Whole house or bungalow: Total,19,8,2,6,11,2,9
S01008678,Whole house or bungalow: Detached,5,2,2,0,3,1,2
S01008678,Whole house or bungalow: Semi-detached,2,2,0,2,0,0,0
S01008678,Whole house or bungalow: Terraced (including end-terrace),12,4,0,4,8,1,7
S01008678,Flat maisonette or apartment or mobile/temporary accommodation,702,118,37,81,584,99,485
S01008679,All people in households,877,113,46,67,764,299,465
S01008679,Whole house or bungalow: Total,22,7,1,6,15,4,11
S01008679,Whole house or bungalow: Detached,9,0,0,0,9,0,9
S01008679,Whole house or bungalow: Semi-detached,6,3,0,3,3,2,1
S01008679,Whole house or bungalow: Terraced (including end-terrace),7,4,1,3,3,2,1
S01008679,Flat maisonette or apartment or mobile/temporary accommodation,855,106,45,61,749,295,454
S01008680,All people in households,597,93,27,66,504,131,373
S01008680,Whole house or bungalow: Total,14,3,0,3,11,1,10
S01008680,Whole house or bungalow: Detached,3,3,0,3,0,0,0
S01008680,Whole house or bungalow: Semi-detached,4,0,0,0,4,0,4
S01008680,Whole house or bungalow: Terraced (including end-terrace),7,0,0,0,7,1,6
S01008680,Flat maisonette or apartment or mobile/temporary accommodation,583,90,27,63,493,130,363
S01008681,All people in households,971,201,78,123,770,206,564
S01008681,Whole house or bungalow: Total,26,14,10,4,12,5,7
S01008681,Whole house or bungalow: Detached,3,3,3,0,0,0,0
S01008681,Whole house or bungalow: Semi-detached,4,0,0,0,4,0,4
S01008681,Whole house or bungalow: Terraced (including end-terrace),19,11,7,4,8,5,3
S01008681,Flat maisonette or apartment or mobile/temporary accommodation,945,187,68,119,758,201,557
S01008682,All people in households,783,228,95,133,555,148,407
S01008682,Whole house or bungalow: Total,64,27,13,14,37,18,19
S01008682,Whole house or bungalow: Detached,6,2,2,0,4,0,4
S01008682,Whole house or bungalow: Semi-detached,9,6,6,0,3,1,2
S01008682,Whole house or bungalow: Terraced (including end-terrace),49,19,5,14,30,17,13
S01008682,Flat maisonette or apartment or mobile/temporary accommodation,719,201,82,119,518,130,388
S01008683,All people in households,1074,208,68,140,866,525,341
S01008683,Whole house or bungalow: Total,87,39,12,27,48,37,11
S01008683,Whole house or bungalow: Detached,22,8,3,5,14,8,6
S01008683,Whole house or bungalow: Semi-detached,12,9,2,7,3,3,0
S01008683,Whole house or bungalow: Terraced (including end-terrace),53,22,7,15,31,26,5
S01008683,Flat maisonette or apartment or mobile/temporary accommodation,987,169,56,113,818,488,330
S01008684,All people in households,923,216,90,126,707,401,306
S01008684,Whole house or bungalow: Total,40,22,8,14,18,7,11
S01008684,Whole house or bungalow: Detached,11,4,0,4,7,0,7
S01008684,Whole house or bungalow: Semi-detached,5,2,2,0,3,1,2
S01008684,Whole house or bungalow: Terraced (including end-terrace),24,16,6,10,8,6,2
S01008684,Flat maisonette or apartment or mobile/temporary accommodation,883,194,82,112,689,394,295
S01008685,All people in households,777,248,127,121,529,202,327
S01008685,Whole house or bungalow: Total,86,52,20,32,34,15,19
S01008685,Whole house or bungalow: Detached,15,11,2,9,4,2,2
S01008685,Whole house or bungalow: Semi-detached,12,8,1,7,4,2,2
S01008685,Whole house or bungalow: Terraced (including end-terrace),59,33,17,16,26,11,15
S01008685,Flat maisonette or apartment or mobile/temporary accommodation,691,196,107,89,495,187,308
S01008686,All people in households,955,240,36,204,715,403,312
S01008686,Whole house or bungalow: Total,15,6,1,5,9,9,0
S01008686,Whole house or bungalow: Detached,0,0,0,0,0,0,0
S01008686,Whole house or bungalow: Semi-detached,9,1,1,0,8,8,0
S01008686,Whole house or bungalow: Terraced (including end-terrace),6,5,0,5,1,1,0
S01008686,Flat maisonette or apartment or mobile/temporary accommodation,940,234,35,199,706,394,312
S01008687,All people in households,648,289,71,218,359,29,330
S01008687,Whole house or bungalow: Total,27,15,1,14,12,0,12
S01008687,Whole house or bungalow: Detached,8,4,0,4,4,0,4
S01008687,Whole house or bungalow: Semi-detached,11,7,1,6,4,0,4
S01008687,Whole house or bungalow: Terraced (including end-terrace),8,4,0,4,4,0,4
S01008687,Flat maisonette or apartment or mobile/temporary accommodation,621,274,70,204,347,29,318
S01008688,All people in households,807,382,102,280,425,85,340
S01008688,Whole house or bungalow: Total,101,81,37,44,20,6,14
S01008688,Whole house or bungalow: Detached,7,0,0,0,7,0,7
S01008688,Whole house or bungalow: Semi-detached,32,30,13,17,2,2,0
S01008688,Whole house or bungalow: Terraced (including end-terrace),62,51,24,27,11,4,7
S01008688,Flat maisonette or apartment or mobile/temporary accommodation,706,301,65,236,405,79,326
S01008689,All people in households,860,380,96,284,480,81,399
S01008689,Whole house or bungalow: Total,102,66,26,40,36,6,30
S01008689,Whole house or bungalow: Detached,6,6,2,4,0,0,0
S01008689,Whole house or bungalow: Semi-detached,5,2,0,2,3,1,2
S01008689,Whole house or bungalow: Terraced (including end-terrace),91,58,24,34,33,5,28
S01008689,Flat maisonette or apartment or mobile/temporary accommodation,758,314,70,244,444,75,369
S01008690,All people in households,990,523,170,353,467,32,435
S01008690,Whole house or bungalow: Total,183,140,69,71,43,4,39
S01008690,Whole house or bungalow: Detached,3,0,0,0,3,0,3
S01008690,Whole house or bungalow: Semi-detached,9,4,0,4,5,0,5
S01008690,Whole house or bungalow: Terraced (including end-terrace),171,136,69,67,35,4,31
S01008690,Flat maisonette or apartment or mobile/temporary accommodation,807,383,101,282,424,28,396
S01008691,All people in households,1050,494,124,370,556,86,470
S01008691,Whole house or bungalow: Total,25,11,3,8,14,2,12
S01008691,Whole house or bungalow: Detached,4,2,0,2,2,0,2
S01008691,Whole house or bungalow: Semi-detached,12,4,0,4,8,2,6
S01008691,Whole house or bungalow: Terraced (including end-terrace),9,5,3,2,4,0,4
S01008691,Flat maisonette or apartment or mobile/temporary accommodation,1025,483,121,362,542,84,458
S01008692,All people in households,627,294,78,216,333,136,197
S01008692,Whole house or bungalow: Total,73,47,25,22,26,24,2
S01008692,Whole house or bungalow: Detached,0,0,0,0,0,0,0
S01008692,Whole house or bungalow: Semi-detached,41,37,22,15,4,4,0
S01008692,Whole house or bungalow: Terraced (including end-terrace),32,10,3,7,22,20,2
S01008692,Flat maisonette or apartment or mobile/temporary accommodation,554,247,53,194,307,112,195
S01008693,All people in households,487,428,175,253,59,13,46
S01008693,Whole house or bungalow: Total,403,377,158,219,26,0,26
S01008693,Whole house or bungalow: Detached,24,22,4,18,2,0,2
S01008693,Whole house or bungalow: Semi-detached,364,341,143,198,23,0,23
S01008693,Whole house or bungalow: Terraced (including end-terrace),15,14,11,3,1,0,1
S01008693,Flat maisonette or apartment or mobile/temporary accommodation,84,51,17,34,33,13,20
S01008694,All people in households,1000,612,201,411,388,35,353
S01008694,Whole house or bungalow: Total,181,144,71,73,37,4,33
S01008694,Whole house or bungalow: Detached,2,2,2,0,0,0,0
S01008694,Whole house or bungalow: Semi-detached,45,33,16,17,12,3,9
S01008694,Whole house or bungalow: Terraced (including end-terrace),134,109,53,56,25,1,24
S01008694,Flat maisonette or apartment or mobile/temporary accommodation,819,468,130,338,351,31,320
S01008695,All people in households,703,522,162,360,181,26,155
S01008695,Whole house or bungalow: Total,253,230,88,142,23,2,21
S01008695,Whole house or bungalow: Detached,19,15,2,13,4,0,4
S01008695,Whole house or bungalow: Semi-detached,77,75,26,49,2,2,0
S01008695,Whole house or bungalow: Terraced (including end-terrace),157,140,60,80,17,0,17
S01008695,Flat maisonette or apartment or mobile/temporary accommodation,450,292,74,218,158,24,134
S01008696,All people in households,675,601,210,391,74,8,66
S01008696,Whole house or bungalow: Total,506,472,159,313,34,5,29
S01008696,Whole house or bungalow: Detached,15,10,7,3,5,0,5
S01008696,Whole house or bungalow: Semi-detached,58,49,21,28,9,0,9
S01008696,Whole house or bungalow: Terraced (including end-terrace),433,413,131,282,20,5,15
S01008696,Flat maisonette or apartment or mobile/temporary accommodation,169,129,51,78,40,3,37
S01008697,All people in households,1055,930,407,523,125,10,115
S01008697,Whole house or bungalow: Total,765,734,350,384,31,6,25
S01008697,Whole house or bungalow: Detached,264,261,144,117,3,0,3
S01008697,Whole house or bungalow: Semi-detached,334,310,136,174,24,6,18
S01008697,Whole house or bungalow: Terraced (including end-terrace),167,163,70,93,4,0,4
S01008697,Flat maisonette or apartment or mobile/temporary accommodation,290,196,57,139,94,4,90
S01008698,All people in households,492,439,218,221,53,17,36
S01008698,Whole house or bungalow: Total,430,405,202,203,25,10,15
S01008698,Whole house or bungalow: Detached,142,138,87,51,4,0,4
S01008698,Whole house or bungalow: Semi-detached,227,216,89,127,11,0,11
S01008698,Whole house or bungalow: Terraced (including end-terrace),61,51,26,25,10,10,0
S01008698,Flat maisonette or apartment or mobile/temporary accommodation,62,34,16,18,28,7,21
S01008699,All people in households,905,570,251,319,335,180,155
S01008699,Whole house or bungalow: Total,281,240,114,126,41,35,6
S01008699,Whole house or bungalow: Detached,73,71,45,26,2,2,0
S01008699,Whole house or bungalow: Semi-detached,76,60,18,42,16,14,2
S01008699,Whole house or bungalow: Terraced (including end-terrace),132,109,51,58,23,19,4
S01008699,Flat maisonette or apartment or mobile/temporary accommodation,624,330,137,193,294,145,149
S01008700,All people in households,569,459,208,251,110,15,95
S01008700,Whole house or bungalow: Total,431,375,173,202,56,9,47
S01008700,Whole house or bungalow: Detached,248,232,137,95,16,0,16
S01008700,Whole house or bungalow: Semi-detached,86,70,14,56,16,3,13
S01008700,Whole house or bungalow: Terraced (including end-terrace),97,73,22,51,24,6,18
S01008700,Flat maisonette or apartment or mobile/temporary accommodation,138,84,35,49,54,6,48
S01008701,All people in households,396,89,8,81,307,297,10
S01008701,Whole house or bungalow: Total,213,57,3,54,156,151,5
S01008701,Whole house or bungalow: Detached,28,10,0,10,18,13,5
S01008701,Whole house or bungalow: Semi-detached,58,10,0,10,48,48,0
S01008701,Whole house or bungalow: Terraced (including end-terrace),127,37,3,34,90,90,0
S01008701,Flat maisonette or apartment or mobile/temporary accommodation,183,32,5,27,151,146,5
S01008702,All people in households,584,181,67,114,403,88,315
S01008702,Whole house or bungalow: Total,67,39,19,20,28,26,2
S01008702,Whole house or bungalow: Detached,27,20,12,8,7,5,2
S01008702,Whole house or bungalow: Semi-detached,24,6,0,6,18,18,0
S01008702,Whole house or bungalow: Terraced (including end-terrace),16,13,7,6,3,3,0
S01008702,Flat maisonette or apartment or mobile/temporary accommodation,517,142,48,94,375,62,313
S01008703,All people in households,961,231,32,199,730,658,72
S01008703,Whole house or bungalow: Total,388,154,16,138,234,208,26
S01008703,Whole house or bungalow: Detached,38,8,8,0,30,22,8
S01008703,Whole house or bungalow: Semi-detached,143,57,2,55,86,82,4
S01008703,Whole house or bungalow: Terraced (including end-terrace),207,89,6,83,118,104,14
S01008703,Flat maisonette or apartment or mobile/temporary accommodation,573,77,16,61,496,450,46
S01008704,All people in households,700,231,44,187,469,393,76
S01008704,Whole house or bungalow: Total,480,144,37,107,336,296,40
S01008704,Whole house or bungalow: Detached,66,25,10,15,41,25,16
S01008704,Whole house or bungalow: Semi-detached,135,30,13,17,105,94,11
S01008704,Whole house or bungalow: Terraced (including end-terrace),279,89,14,75,190,177,13
S01008704,Flat maisonette or apartment or mobile/temporary accommodation,220,87,7,80,133,97,36
S01008705,All people in households,494,142,26,116,352,268,84
S01008705,Whole house or bungalow: Total,202,23,2,21,179,156,23
S01008705,Whole house or bungalow: Detached,30,5,0,5,25,22,3
S01008705,Whole house or bungalow: Semi-detached,57,2,2,0,55,50,5
S01008705,Whole house or bungalow: Terraced (including end-terrace),115,16,0,16,99,84,15
S01008705,Flat maisonette or apartment or mobile/temporary accommodation,292,119,24,95,173,112,61
S01008706,All people in households,577,86,7,79,491,435,56
S01008706,Whole house or bungalow: Total,356,58,7,51,298,260,38
S01008706,Whole house or bungalow: Detached,38,7,1,6,31,23,8
S01008706,Whole house or bungalow: Semi-detached,148,21,1,20,127,104,23
S01008706,Whole house or bungalow: Terraced (including end-terrace),170,30,5,25,140,133,7
S01008706,Flat maisonette or apartment or mobile/temporary accommodation,221,28,0,28,193,175,18
S01008707,All people in households,862,206,34,172,656,566,90
S01008707,Whole house or bungalow: Total,455,138,13,125,317,268,49
S01008707,Whole house or bungalow: Detached,34,7,1,6,27,12,15
S01008707,Whole house or bungalow: Semi-detached,253,81,8,73,172,147,25
S01008707,Whole house or bungalow: Terraced (including end-terrace),168,50,4,46,118,109,9
S01008707,Flat maisonette or apartment or mobile/temporary accommodation,407,68,21,47,339,298,41
S01008708,All people in households,859,89,9,80,770,705,65
S01008708,Whole house or bungalow: Total,350,63,8,55,287,251,36
S01008708,Whole house or bungalow: Detached,32,14,0,14,18,18,0
S01008708,Whole house or bungalow: Semi-detached,199,7,4,3,192,170,22
S01008708,Whole house or bungalow: Terraced (including end-terrace),119,42,4,38,77,63,14
S01008708,Flat maisonette or apartment or mobile/temporary accommodation,509,26,1,25,483,454,29
S01008709,All people in households,763,324,84,240,439,315,124
S01008709,Whole house or bungalow: Total,643,314,83,231,329,216,113
S01008709,Whole house or bungalow: Detached,44,9,5,4,35,24,11
S01008709,Whole house or bungalow: Semi-detached,384,161,44,117,223,144,79
S01008709,Whole house or bungalow: Terraced (including end-terrace),215,144,34,110,71,48,23
S01008709,Flat maisonette or apartment or mobile/temporary accommodation,120,10,1,9,110,99,11
S01008710,All people in households,494,178,14,164,316,247,69
S01008710,Whole house or bungalow: Total,407,157,10,147,250,199,51
S01008710,Whole house or bungalow: Detached,39,8,0,8,31,29,2
S01008710,Whole house or bungalow: Semi-detached,280,125,9,116,155,113,42
S01008710,Whole house or bungalow: Terraced (including end-terrace),88,24,1,23,64,57,7
S01008710,Flat maisonette or apartment or mobile/temporary accommodation,87,21,4,17,66,48,18
S01008711,All people in households,706,274,107,167,432,342,90
S01008711,Whole house or bungalow: Total,214,125,58,67,89,68,21
S01008711,Whole house or bungalow: Detached,19,10,8,2,9,6,3
S01008711,Whole house or bungalow: Semi-detached,73,54,14,40,19,10,9
S01008711,Whole house or bungalow: Terraced (including end-terrace),122,61,36,25,61,52,9
S01008711,Flat maisonette or apartment or mobile/temporary accommodation,492,149,49,100,343,274,69
S01008712,All people in households,1038,287,115,172,751,632,119
S01008712,Whole house or bungalow: Total,710,250,108,142,460,369,91
S01008712,Whole house or bungalow: Detached,57,29,16,13,28,15,13
S01008712,Whole house or bungalow: Semi-detached,233,65,30,35,168,133,35
S01008712,Whole house or bungalow: Terraced (including end-terrace),420,156,62,94,264,221,43
S01008712,Flat maisonette or apartment or mobile/temporary accommodation,328,37,7,30,291,263,28
S01008713,All people in households,635,171,36,135,464,405,59
S01008713,Whole house or bungalow: Total,124,69,18,51,55,45,10
S01008713,Whole house or bungalow: Detached,17,7,1,6,10,8,2
S01008713,Whole house or bungalow: Semi-detached,34,19,4,15,15,11,4
S01008713,Whole house or bungalow: Terraced (including end-terrace),73,43,13,30,30,26,4
S01008713,Flat maisonette or apartment or mobile/temporary accommodation,511,102,18,84,409,360,49
S01008714,All people in households,554,349,131,218,205,129,76
S01008714,Whole house or bungalow: Total,227,207,77,130,20,9,11
S01008714,Whole house or bungalow: Detached,82,82,26,56,0,0,0
S01008714,Whole house or bungalow: Semi-detached,116,106,46,60,10,3,7
S01008714,Whole house or bungalow: Terraced (including end-terrace),29,19,5,14,10,6,4
S01008714,Flat maisonette or apartment or mobile/temporary accommodation,327,142,54,88,185,120,65
S01008715,All people in households,763,474,186,288,289,218,71
S01008715,Whole house or bungalow: Total,539,402,145,257,137,102,35
S01008715,Whole house or bungalow: Detached,28,21,16,5,7,5,2
S01008715,Whole house or bungalow: Semi-detached,136,74,31,43,62,55,7
S01008715,Whole house or bungalow: Terraced (including end-terrace),375,307,98,209,68,42,26
S01008715,Flat maisonette or apartment or mobile/temporary accommodation,224,72,41,31,152,116,36
S01008716,All people in households,545,328,109,219,217,160,57
S01008716,Whole house or bungalow: Total,292,219,74,145,73,59,14
S01008716,Whole house or bungalow: Detached,11,11,8,3,0,0,0
S01008716,Whole house or bungalow: Semi-detached,97,70,20,50,27,26,1
S01008716,Whole house or bungalow: Terraced (including end-terrace),184,138,46,92,46,33,13
S01008716,Flat maisonette or apartment or mobile/temporary accommodation,253,109,35,74,144,101,43
S01008717,All people in households,440,354,80,274,86,12,74
S01008717,Whole house or bungalow: Total,400,331,71,260,69,2,67
S01008717,Whole house or bungalow: Detached,54,49,18,31,5,0,5
S01008717,Whole house or bungalow: Semi-detached,184,142,21,121,42,0,42
S01008717,Whole house or bungalow: Terraced (including end-terrace),162,140,32,108,22,2,20
S01008717,Flat maisonette or apartment or mobile/temporary accommodation,40,23,9,14,17,10,7
S01008718,All people in households,510,438,128,310,72,24,48
S01008718,Whole house or bungalow: Total,450,406,116,290,44,7,37
S01008718,Whole house or bungalow: Detached,65,63,21,42,2,0,2
S01008718,Whole house or bungalow: Semi-detached,256,225,70,155,31,3,28
S01008718,Whole house or bungalow: Terraced (including end-terrace),129,118,25,93,11,4,7
S01008718,Flat maisonette or apartment or mobile/temporary accommodation,60,32,12,20,28,17,11
S01008719,All people in households,1003,725,188,537,278,40,238
S01008719,Whole house or bungalow: Total,755,597,169,428,158,15,143
S01008719,Whole house or bungalow: Detached,172,143,48,95,29,7,22
S01008719,Whole house or bungalow: Semi-detached,342,249,72,177,93,5,88
S01008719,Whole house or bungalow: Terraced (including end-terrace),241,205,49,156,36,3,33
S01008719,Flat maisonette or apartment or mobile/temporary accommodation,248,128,19,109,120,25,95
S01008720,All people in households,508,353,135,218,155,49,106
S01008720,Whole house or bungalow: Total,339,251,104,147,88,35,53
S01008720,Whole house or bungalow: Detached,50,40,21,19,10,1,9
S01008720,Whole house or bungalow: Semi-detached,129,92,36,56,37,18,19
S01008720,Whole house or bungalow: Terraced (including end-terrace),160,119,47,72,41,16,25
S01008720,Flat maisonette or apartment or mobile/temporary accommodation,169,102,31,71,67,14,53
S01008721,All people in households,809,751,170,581,58,14,44
S01008721,Whole house or bungalow: Total,766,725,161,564,41,4,37
S01008721,Whole house or bungalow: Detached,298,283,71,212,15,4,11
S01008721,Whole house or bungalow: Semi-detached,290,278,39,239,12,0,12
S01008721,Whole house or bungalow: Terraced (including end-terrace),178,164,51,113,14,0,14
S01008721,Flat maisonette or apartment or mobile/temporary accommodation,43,26,9,17,17,10,7
S01008722,All people in households,1057,891,390,501,166,103,63
S01008722,Whole house or bungalow: Total,906,821,355,466,85,42,43
S01008722,Whole house or bungalow: Detached,467,456,205,251,11,1,10
S01008722,Whole house or bungalow: Semi-detached,122,102,46,56,20,12,8
S01008722,Whole house or bungalow: Terraced (including end-terrace),317,263,104,159,54,29,25
S01008722,Flat maisonette or apartment or mobile/temporary accommodation,151,70,35,35,81,61,20
S01008723,All people in households,625,558,190,368,67,35,32
S01008723,Whole house or bungalow: Total,518,504,165,339,14,0,14
S01008723,Whole house or bungalow: Detached,204,194,81,113,10,0,10
S01008723,Whole house or bungalow: Semi-detached,145,145,58,87,0,0,0
S01008723,Whole house or bungalow: Terraced (including end-terrace),169,165,26,139,4,0,4
S01008723,Flat maisonette or apartment or mobile/temporary accommodation,107,54,25,29,53,35,18
S01008724,All people in households,934,787,298,489,147,79,68
S01008724,Whole house or bungalow: Total,676,642,241,401,34,6,28
S01008724,Whole house or bungalow: Detached,302,290,119,171,12,3,9
S01008724,Whole house or bungalow: Semi-detached,110,101,48,53,9,3,6
S01008724,Whole house or bungalow: Terraced (including end-terrace),264,251,74,177,13,0,13
S01008724,Flat maisonette or apartment or mobile/temporary accommodation,258,145,57,88,113,73,40
S01008725,All people in households,749,637,241,396,112,53,59
S01008725,Whole house or bungalow: Total,467,443,151,292,24,2,22
S01008725,Whole house or bungalow: Detached,92,86,24,62,6,0,6
S01008725,Whole house or bungalow: Semi-detached,83,77,32,45,6,2,4
S01008725,Whole house or bungalow: Terraced (including end-terrace),292,280,95,185,12,0,12
S01008725,Flat maisonette or apartment or mobile/temporary accommodation,282,194,90,104,88,51,37
S01008726,All people in households,576,527,179,348,49,5,44
S01008726,Whole house or bungalow: Total,309,284,96,188,25,2,23
S01008726,Whole house or bungalow: Detached,33,24,7,17,9,2,7
S01008726,Whole house or bungalow: Semi-detached,172,165,55,110,7,0,7
S01008726,Whole house or bungalow: Terraced (including end-terrace),104,95,34,61,9,0,9
S01008726,Flat maisonette or apartment or mobile/temporary accommodation,267,243,83,160,24,3,21
S01008727,All people in households,1034,846,347,499,188,77,111
S01008727,Whole house or bungalow: Total,472,441,184,257,31,5,26
S01008727,Whole house or bungalow: Detached,94,84,37,47,10,1,9
S01008727,Whole house or bungalow: Semi-detached,129,116,55,61,13,4,9
S01008727,Whole house or bungalow: Terraced (including end-terrace),249,241,92,149,8,0,8
S01008727,Flat maisonette or apartment or mobile/temporary accommodation,562,405,163,242,157,72,85
S01008728,All people in households,552,342,113,229,210,123,87
S01008728,Whole house or bungalow: Total,95,73,21,52,22,9,13
S01008728,Whole house or bungalow: Detached,25,18,4,14,7,7,0
S01008728,Whole house or bungalow: Semi-detached,20,13,5,8,7,2,5
S01008728,Whole house or bungalow: Terraced (including end-terrace),50,42,12,30,8,0,8
S01008728,Flat maisonette or apartment or mobile/temporary accommodation,457,269,92,177,188,114,74
S01008729,All people in households,740,636,186,450,104,27,77
S01008729,Whole house or bungalow: Total,407,372,124,248,35,8,27
S01008729,Whole house or bungalow: Detached,110,105,54,51,5,3,2
S01008729,Whole house or bungalow: Semi-detached,162,146,29,117,16,0,16
S01008729,Whole house or bungalow: Terraced (including end-terrace),135,121,41,80,14,5,9
S01008729,Flat maisonette or apartment or mobile/temporary accommodation,333,264,62,202,69,19,50
S01008730,All people in households,794,496,126,370,298,71,227
S01008730,Whole house or bungalow: Total,182,152,41,111,30,10,20
S01008730,Whole house or bungalow: Detached,25,22,8,14,3,1,2
S01008730,Whole house or bungalow: Semi-detached,67,55,18,37,12,4,8
S01008730,Whole house or bungalow: Terraced (including end-terrace),90,75,15,60,15,5,10
S01008730,Flat maisonette or apartment or mobile/temporary accommodation,612,344,85,259,268,61,207
S01008731,All people in households,430,308,139,169,122,57,65
S01008731,Whole house or bungalow: Total,318,232,117,115,86,48,38
S01008731,Whole house or bungalow: Detached,32,22,9,13,10,8,2
S01008731,Whole house or bungalow: Semi-detached,97,70,43,27,27,13,14
S01008731,Whole house or bungalow: Terraced (including end-terrace),189,140,65,75,49,27,22
S01008731,Flat maisonette or apartment or mobile/temporary accommodation,112,76,22,54,36,9,27
S01008732,All people in households,610,324,101,223,286,115,171
S01008732,Whole house or bungalow: Total,166,134,42,92,32,14,18
S01008732,Whole house or bungalow: Detached,3,3,3,0,0,0,0
S01008732,Whole house or bungalow: Semi-detached,35,25,8,17,10,10,0
S01008732,Whole house or bungalow: Terraced (including end-terrace),128,106,31,75,22,4,18
S01008732,Flat maisonette or apartment or mobile/temporary accommodation,444,190,59,131,254,101,153
S01008733,All people in households,793,547,143,404,246,32,214
S01008733,Whole house or bungalow: Total,197,147,48,99,50,5,45
S01008733,Whole house or bungalow: Detached,24,19,6,13,5,0,5
S01008733,Whole house or bungalow: Semi-detached,69,55,16,39,14,0,14
S01008733,Whole house or bungalow: Terraced (including end-terrace),104,73,26,47,31,5,26
S01008733,Flat maisonette or apartment or mobile/temporary accommodation,596,400,95,305,196,27,169
S01008734,All people in households,564,455,191,264,109,48,61
S01008734,Whole house or bungalow: Total,323,304,149,155,19,8,11
S01008734,Whole house or bungalow: Detached,132,129,58,71,3,0,3
S01008734,Whole house or bungalow: Semi-detached,92,81,49,32,11,3,8
S01008734,Whole house or bungalow: Terraced (including end-terrace),99,94,42,52,5,5,0
S01008734,Flat maisonette or apartment or mobile/temporary accommodation,241,151,42,109,90,40,50
S01008735,All people in households,996,912,382,530,84,6,78
S01008735,Whole house or bungalow: Total,867,812,355,457,55,4,51
S01008735,Whole house or bungalow: Detached,507,478,242,236,29,0,29
S01008735,Whole house or bungalow: Semi-detached,247,229,86,143,18,0,18
S01008735,Whole house or bungalow: Terraced (including end-terrace),113,105,27,78,8,4,4
S01008735,Flat maisonette or apartment or mobile/temporary accommodation,129,100,27,73,29,2,27
S01008736,All people in households,734,659,299,360,75,51,24
S01008736,Whole house or bungalow: Total,656,632,299,333,24,9,15
S01008736,Whole house or bungalow: Detached,469,454,229,225,15,9,6
S01008736,Whole house or bungalow: Semi-detached,174,167,63,104,7,0,7
S01008736,Whole house or bungalow: Terraced (including end-terrace),13,11,7,4,2,0,2
S01008736,Flat maisonette or apartment or mobile/temporary accommodation,78,27,0,27,51,42,9
S01008737,All people in households,801,739,351,388,62,12,50
S01008737,Whole house or bungalow: Total,760,716,338,378,44,6,38
S01008737,Whole house or bungalow: Detached,453,433,223,210,20,1,19
S01008737,Whole house or bungalow: Semi-detached,192,183,68,115,9,0,9
S01008737,Whole house or bungalow: Terraced (including end-terrace),115,100,47,53,15,5,10
S01008737,Flat maisonette or apartment or mobile/temporary accommodation,41,23,13,10,18,6,12
S01008738,All people in households,754,725,335,390,29,4,25
S01008738,Whole house or bungalow: Total,724,700,328,372,24,3,21
S01008738,Whole house or bungalow: Detached,570,555,279,276,15,3,12
S01008738,Whole house or bungalow: Semi-detached,154,145,49,96,9,0,9
S01008738,Whole house or bungalow: Terraced (including end-terrace),0,0,0,0,0,0,0
S01008738,Flat maisonette or apartment or mobile/temporary accommodation,30,25,7,18,5,1,4
S01008739,All people in households,559,499,219,280,60,22,38
S01008739,Whole house or bungalow: Total,401,378,166,212,23,0,23
S01008739,Whole house or bungalow: Detached,8,8,8,0,0,0,0
S01008739,Whole house or bungalow: Semi-detached,82,73,39,34,9,0,9
S01008739,Whole house or bungalow: Terraced (including end-terrace),311,297,119,178,14,0,14
S01008739,Flat maisonette or apartment or mobile/temporary accommodation,158,121,53,68,37,22,15
S01008740,All people in households,553,512,229,283,41,16,25
S01008740,Whole house or bungalow: Total,523,496,222,274,27,5,22
S01008740,Whole house or bungalow: Detached,24,24,11,13,0,0,0
S01008740,Whole house or bungalow: Semi-detached,305,290,133,157,15,0,15
S01008740,Whole house or bungalow: Terraced (including end-terrace),194,182,78,104,12,5,7
S01008740,Flat maisonette or apartment or mobile/temporary accommodation,30,16,7,9,14,11,3
S01008741,All people in households,953,898,422,476,55,27,28
S01008741,Whole house or bungalow: Total,844,815,385,430,29,13,16
S01008741,Whole house or bungalow: Detached,119,119,66,53,0,0,0
S01008741,Whole house or bungalow: Semi-detached,282,264,123,141,18,11,7
S01008741,Whole house or bungalow: Terraced (including end-terrace),443,432,196,236,11,2,9
S01008741,Flat maisonette or apartment or mobile/temporary accommodation,109,83,37,46,26,14,12
S01008742,All people in households,484,348,197,151,136,57,79
S01008742,Whole house or bungalow: Total,232,201,101,100,31,18,13
S01008742,Whole house or bungalow: Detached,40,33,13,20,7,5,2
S01008742,Whole house or bungalow: Semi-detached,82,75,42,33,7,6,1
S01008742,Whole house or bungalow: Terraced (including end-terrace),110,93,46,47,17,7,10
S01008742,Flat maisonette or apartment or mobile/temporary accommodation,252,147,96,51,105,39,66
S01008743,All people in households,914,485,175,310,429,208,221
S01008743,Whole house or bungalow: Total,133,74,43,31,59,40,19
S01008743,Whole house or bungalow: Detached,11,8,6,2,3,0,3
S01008743,Whole house or bungalow: Semi-detached,36,10,9,1,26,17,9
S01008743,Whole house or bungalow: Terraced (including end-terrace),86,56,28,28,30,23,7
S01008743,Flat maisonette or apartment or mobile/temporary accommodation,781,411,132,279,370,168,202
S01008744,All people in households,1058,764,267,497,294,126,168
S01008744,Whole house or bungalow: Total,398,343,105,238,55,35,20
S01008744,Whole house or bungalow: Detached,20,16,8,8,4,4,0
S01008744,Whole house or bungalow: Semi-detached,204,166,44,122,38,25,13
S01008744,Whole house or bungalow: Terraced (including end-terrace),174,161,53,108,13,6,7
S01008744,Flat maisonette or apartment or mobile/temporary accommodation,660,421,162,259,239,91,148
S01008745,All people in households,466,361,172,189,105,11,94
S01008745,Whole house or bungalow: Total,208,183,93,90,25,0,25
S01008745,Whole house or bungalow: Detached,55,55,17,38,0,0,0
S01008745,Whole house or bungalow: Semi-detached,34,17,8,9,17,0,17
S01008745,Whole house or bungalow: Terraced (including end-terrace),119,111,68,43,8,0,8
S01008745,Flat maisonette or apartment or mobile/temporary accommodation,258,178,79,99,80,11,69
S01008746,All people in households,1062,385,129,256,677,418,259
S01008746,Whole house or bungalow: Total,110,89,33,56,21,9,12
S01008746,Whole house or bungalow: Detached,24,17,2,15,7,0,7
S01008746,Whole house or bungalow: Semi-detached,55,53,31,22,2,2,0
S01008746,Whole house or bungalow: Terraced (including end-terrace),31,19,0,19,12,7,5
S01008746,Flat maisonette or apartment or mobile/temporary accommodation,952,296,96,200,656,409,247
S01008747,All people in households,501,441,197,244,60,10,50
S01008747,Whole house or bungalow: Total,359,340,163,177,19,0,19
S01008747,Whole house or bungalow: Detached,84,80,44,36,4,0,4
S01008747,Whole house or bungalow: Semi-detached,122,110,53,57,12,0,12
S01008747,Whole house or bungalow: Terraced (including end-terrace),153,150,66,84,3,0,3
S01008747,Flat maisonette or apartment or mobile/temporary accommodation,142,101,34,67,41,10,31
S01008748,All people in households,667,601,314,287,66,26,40
S01008748,Whole house or bungalow: Total,596,555,295,260,41,8,33
S01008748,Whole house or bungalow: Detached,283,263,158,105,20,0,20
S01008748,Whole house or bungalow: Semi-detached,218,205,96,109,13,2,11
S01008748,Whole house or bungalow: Terraced (including end-terrace),95,87,41,46,8,6,2
S01008748,Flat maisonette or apartment or mobile/temporary accommodation,71,46,19,27,25,18,7
S01008749,All people in households,983,893,410,483,90,36,54
S01008749,Whole house or bungalow: Total,889,828,401,427,61,22,39
S01008749,Whole house or bungalow: Detached,537,495,270,225,42,13,29
S01008749,Whole house or bungalow: Semi-detached,256,238,85,153,18,9,9
S01008749,Whole house or bungalow: Terraced (including end-terrace),96,95,46,49,1,0,1
S01008749,Flat maisonette or apartment or mobile/temporary accommodation,94,65,9,56,29,14,15
S01008750,All people in households,703,660,331,329,43,22,21
S01008750,Whole house or bungalow: Total,616,598,321,277,18,3,15
S01008750,Whole house or bungalow: Detached,204,196,128,68,8,3,5
S01008750,Whole house or bungalow: Semi-detached,282,277,124,153,5,0,5
S01008750,Whole house or bungalow: Terraced (including end-terrace),130,125,69,56,5,0,5
S01008750,Flat maisonette or apartment or mobile/temporary accommodation,87,62,10,52,25,19,6
S01008751,All people in households,622,425,160,265,197,109,88
S01008751,Whole house or bungalow: Total,353,312,128,184,41,3,38
S01008751,Whole house or bungalow: Detached,37,33,16,17,4,0,4
S01008751,Whole house or bungalow: Semi-detached,186,183,79,104,3,2,1
S01008751,Whole house or bungalow: Terraced (including end-terrace),130,96,33,63,34,1,33
S01008751,Flat maisonette or apartment or mobile/temporary accommodation,269,113,32,81,156,106,50
S01008752,All people in households,787,305,119,186,482,311,171
S01008752,Whole house or bungalow: Total,32,18,10,8,14,11,3
S01008752,Whole house or bungalow: Detached,6,4,4,0,2,2,0
S01008752,Whole house or bungalow: Semi-detached,16,10,4,6,6,3,3
S01008752,Whole house or bungalow: Terraced (including end-terrace),10,4,2,2,6,6,0
S01008752,Flat maisonette or apartment or mobile/temporary accommodation,755,287,109,178,468,300,168
S01008753,All people in households,536,265,97,168,271,156,115
S01008753,Whole house or bungalow: Total,27,20,14,6,7,3,4
S01008753,Whole house or bungalow: Detached,1,1,0,1,0,0,0
S01008753,Whole house or bungalow: Semi-detached,9,7,2,5,2,0,2
S01008753,Whole house or bungalow: Terraced (including end-terrace),17,12,12,0,5,3,2
S01008753,Flat maisonette or apartment or mobile/temporary accommodation,509,245,83,162,264,153,111
S01008754,All people in households,590,283,74,209,307,198,109
S01008754,Whole house or bungalow: Total,44,32,4,28,12,6,6
S01008754,Whole house or bungalow: Detached,3,3,1,2,0,0,0
S01008754,Whole house or bungalow: Semi-detached,21,16,1,15,5,2,3
S01008754,Whole house or bungalow: Terraced (including end-terrace),20,13,2,11,7,4,3
S01008754,Flat maisonette or apartment or mobile/temporary accommodation,546,251,70,181,295,192,103
S01008755,All people in households,941,381,86,295,560,299,261
S01008755,Whole house or bungalow: Total,128,57,19,38,71,45,26
S01008755,Whole house or bungalow: Detached,29,20,8,12,9,6,3
S01008755,Whole house or bungalow: Semi-detached,31,15,9,6,16,10,6
S01008755,Whole house or bungalow: Terraced (including end-terrace),68,22,2,20,46,29,17
S01008755,Flat maisonette or apartment or mobile/temporary accommodation,813,324,67,257,489,254,235
S01008756,All people in households,708,340,122,218,368,255,113
S01008756,Whole house or bungalow: Total,57,53,22,31,4,0,4
S01008756,Whole house or bungalow: Detached,6,3,3,0,3,0,3
S01008756,Whole house or bungalow: Semi-detached,4,4,1,3,0,0,0
S01008756,Whole house or bungalow: Terraced (including end-terrace),47,46,18,28,1,0,1
S01008756,Flat maisonette or apartment or mobile/temporary accommodation,651,287,100,187,364,255,109
S01008757,All people in households,638,216,75,141,422,324,98
S01008757,Whole house or bungalow: Total,63,25,15,10,38,19,19
S01008757,Whole house or bungalow: Detached,2,2,0,2,0,0,0
S01008757,Whole house or bungalow: Semi-detached,29,12,4,8,17,5,12
S01008757,Whole house or bungalow: Terraced (including end-terrace),32,11,11,0,21,14,7
S01008757,Flat maisonette or apartment or mobile/temporary accommodation,575,191,60,131,384,305,79
S01008758,All people in households,823,402,132,270,421,332,89
S01008758,Whole house or bungalow: Total,191,108,37,71,83,72,11
S01008758,Whole house or bungalow: Detached,28,20,3,17,8,8,0
S01008758,Whole house or bungalow: Semi-detached,85,53,19,34,32,27,5
S01008758,Whole house or bungalow: Terraced (including end-terrace),78,35,15,20,43,37,6
S01008758,Flat maisonette or apartment or mobile/temporary accommodation,632,294,95,199,338,260,78
S01008759,All people in households,564,263,90,173,301,226,75
S01008759,Whole house or bungalow: Total,102,66,26,40,36,24,12
S01008759,Whole house or bungalow: Detached,24,13,3,10,11,6,5
S01008759,Whole house or bungalow: Semi-detached,50,39,15,24,11,5,6
S01008759,Whole house or bungalow: Terraced (including end-terrace),28,14,8,6,14,13,1
S01008759,Flat maisonette or apartment or mobile/temporary accommodation,462,197,64,133,265,202,63
S01008760,All people in households,941,333,88,245,608,501,107
S01008760,Whole house or bungalow: Total,218,149,35,114,69,63,6
S01008760,Whole house or bungalow: Detached,39,33,13,20,6,1,5
S01008760,Whole house or bungalow: Semi-detached,91,64,17,47,27,26,1
S01008760,Whole house or bungalow: Terraced (including end-terrace),88,52,5,47,36,36,0
S01008760,Flat maisonette or apartment or mobile/temporary accommodation,723,184,53,131,539,438,101
S01008761,All people in households,690,319,62,257,371,53,318
S01008761,Whole house or bungalow: Total,256,232,53,179,24,6,18
S01008761,Whole house or bungalow: Detached,66,58,11,47,8,0,8
S01008761,Whole house or bungalow: Semi-detached,138,125,33,92,13,5,8
S01008761,Whole house or bungalow: Terraced (including end-terrace),52,49,9,40,3,1,2
S01008761,Flat maisonette or apartment or mobile/temporary accommodation,434,87,9,78,347,47,300
S01008762,All people in households,608,520,195,325,88,21,67
S01008762,Whole house or bungalow: Total,398,368,152,216,30,5,25
S01008762,Whole house or bungalow: Detached,8,8,8,0,0,0,0
S01008762,Whole house or bungalow: Semi-detached,151,129,63,66,22,3,19
S01008762,Whole house or bungalow: Terraced (including end-terrace),239,231,81,150,8,2,6
S01008762,Flat maisonette or apartment or mobile/temporary accommodation,210,152,43,109,58,16,42
S01008763,All people in households,925,739,227,512,186,33,153
S01008763,Whole house or bungalow: Total,555,479,165,314,76,24,52
S01008763,Whole house or bungalow: Detached,5,5,2,3,0,0,0
S01008763,Whole house or bungalow: Semi-detached,65,56,26,30,9,1,8
S01008763,Whole house or bungalow: Terraced (including end-terrace),485,418,137,281,67,23,44
S01008763,Flat maisonette or apartment or mobile/temporary accommodation,370,260,62,198,110,9,101
S01008764,All people in households,714,565,186,379,149,69,80
S01008764,Whole house or bungalow: Total,395,353,139,214,42,6,36
S01008764,Whole house or bungalow: Detached,34,31,17,14,3,0,3
S01008764,Whole house or bungalow: Semi-detached,141,125,55,70,16,5,11
S01008764,Whole house or bungalow: Terraced (including end-terrace),220,197,67,130,23,1,22
S01008764,Flat maisonette or apartment or mobile/temporary accommodation,319,212,47,165,107,63,44
S01008765,All people in households,850,670,169,501,180,23,157
S01008765,Whole house or bungalow: Total,316,293,76,217,23,0,23
S01008765,Whole house or bungalow: Detached,28,22,0,22,6,0,6
S01008765,Whole house or bungalow: Semi-detached,21,17,6,11,4,0,4
S01008765,Whole house or bungalow: Terraced (including end-terrace),267,254,70,184,13,0,13
S01008765,Flat maisonette or apartment or mobile/temporary accommodation,534,377,93,284,157,23,134
S01008766,All people in households,1013,888,356,532,125,42,83
S01008766,Whole house or bungalow: Total,613,575,249,326,38,13,25
S01008766,Whole house or bungalow: Detached,55,54,17,37,1,1,0
S01008766,Whole house or bungalow: Semi-detached,217,199,85,114,18,2,16
S01008766,Whole house or bungalow: Terraced (including end-terrace),341,322,147,175,19,10,9
S01008766,Flat maisonette or apartment or mobile/temporary accommodation,400,313,107,206,87,29,58
S01008767,All people in households,542,432,136,296,110,56,54
S01008767,Whole house or bungalow: Total,300,272,84,188,28,8,20
S01008767,Whole house or bungalow: Detached,7,7,1,6,0,0,0
S01008767,Whole house or bungalow: Semi-detached,89,71,22,49,18,8,10
S01008767,Whole house or bungalow: Terraced (including end-terrace),204,194,61,133,10,0,10
S01008767,Flat maisonette or apartment or mobile/temporary accommodation,242,160,52,108,82,48,34
S01008768,All people in households,490,289,80,209,201,114,87
S01008768,Whole house or bungalow: Total,126,102,43,59,24,22,2
S01008768,Whole house or bungalow: Detached,45,34,18,16,11,10,1
S01008768,Whole house or bungalow: Semi-detached,38,34,15,19,4,3,1
S01008768,Whole house or bungalow: Terraced (including end-terrace),43,34,10,24,9,9,0
S01008768,Flat maisonette or apartment or mobile/temporary accommodation,364,187,37,150,177,92,85
S01008769,All people in households,666,353,92,261,313,13,300
S01008769,Whole house or bungalow: Total,6,6,2,4,0,0,0
S01008769,Whole house or bungalow: Detached,4,4,2,2,0,0,0
S01008769,Whole house or bungalow: Semi-detached,2,2,0,2,0,0,0
S01008769,Whole house or bungalow: Terraced (including end-terrace),0,0,0,0,0,0,0
S01008769,Flat maisonette or apartment or mobile/temporary accommodation,660,347,90,257,313,13,300
S01008770,All people in households,855,345,68,277,510,29,481
S01008770,Whole house or bungalow: Total,16,16,7,9,0,0,0
S01008770,Whole house or bungalow: Detached,3,3,0,3,0,0,0
S01008770,Whole house or bungalow: Semi-detached,7,7,7,0,0,0,0
S01008770,Whole house or bungalow: Terraced (including end-terrace),6,6,0,6,0,0,0
S01008770,Flat maisonette or apartment or mobile/temporary accommodation,839,329,61,268,510,29,481
S01008771,All people in households,778,358,79,279,420,202,218
S01008771,Whole house or bungalow: Total,52,52,6,46,0,0,0
S01008771,Whole house or bungalow: Detached,0,0,0,0,0,0,0
S01008771,Whole house or bungalow: Semi-detached,4,4,0,4,0,0,0
S01008771,Whole house or bungalow: Terraced (including end-terrace),48,48,6,42,0,0,0
S01008771,Flat maisonette or apartment or mobile/temporary accommodation,726,306,73,233,420,202,218
S01008772,All people in households,767,558,217,341,209,83,126
S01008772,Whole house or bungalow: Total,267,207,86,121,60,21,39
S01008772,Whole house or bungalow: Detached,21,14,2,12,7,7,0
S01008772,Whole house or bungalow: Semi-detached,62,53,29,24,9,2,7
S01008772,Whole house or bungalow: Terraced (including end-terrace),184,140,55,85,44,12,32
S01008772,Flat maisonette or apartment or mobile/temporary accommodation,500,351,131,220,149,62,87
S01008773,All people in households,1019,539,154,385,480,207,273
S01008773,Whole house or bungalow: Total,191,108,44,64,83,70,13
S01008773,Whole house or bungalow: Detached,21,10,5,5,11,9,2
S01008773,Whole house or bungalow: Semi-detached,61,25,13,12,36,29,7
S01008773,Whole house or bungalow: Terraced (including end-terrace),109,73,26,47,36,32,4
S01008773,Flat maisonette or apartment or mobile/temporary accommodation,828,431,110,321,397,137,260
S01008774,All people in households,897,389,115,274,508,217,291
S01008774,Whole house or bungalow: Total,188,95,38,57,93,71,22
S01008774,Whole house or bungalow: Detached,5,2,2,0,3,3,0
S01008774,Whole house or bungalow: Semi-detached,72,34,22,12,38,31,7
S01008774,Whole house or bungalow: Terraced (including end-terrace),111,59,14,45,52,37,15
S01008774,Flat maisonette or apartment or mobile/temporary accommodation,709,294,77,217,415,146,269
S01008775,All people in households,471,356,105,251,115,19,96
S01008775,Whole house or bungalow: Total,130,113,47,66,17,1,16
S01008775,Whole house or bungalow: Detached,10,8,8,0,2,0,2
S01008775,Whole house or bungalow: Semi-detached,7,5,1,4,2,0,2
S01008775,Whole house or bungalow: Terraced (including end-terrace),113,100,38,62,13,1,12
S01008775,Flat maisonette or apartment or mobile/temporary accommodation,341,243,58,185,98,18,80
S01008776,All people in households,799,313,86,227,486,260,226
S01008776,Whole house or bungalow: Total,67,40,12,28,27,22,5
S01008776,Whole house or bungalow: Detached,10,2,0,2,8,8,0
S01008776,Whole house or bungalow: Semi-detached,28,19,3,16,9,5,4
S01008776,Whole house or bungalow: Terraced (including end-terrace),29,19,9,10,10,9,1
S01008776,Flat maisonette or apartment or mobile/temporary accommodation,732,273,74,199,459,238,221
S01008777,All people in households,991,328,106,222,663,456,207
S01008777,Whole house or bungalow: Total,87,51,26,25,36,23,13
S01008777,Whole house or bungalow: Detached,11,7,7,0,4,4,0
S01008777,Whole house or bungalow: Semi-detached,26,20,7,13,6,4,2
S01008777,Whole house or bungalow: Terraced (including end-terrace),50,24,12,12,26,15,11
S01008777,Flat maisonette or apartment or mobile/temporary accommodation,904,277,80,197,627,433,194
S01008778,All people in households,1086,418,98,320,668,165,503
S01008778,Whole house or bungalow: Total,16,4,0,4,12,2,10
S01008778,Whole house or bungalow: Detached,0,0,0,0,0,0,0
S01008778,Whole house or bungalow: Semi-detached,10,0,0,0,10,1,9
S01008778,Whole house or bungalow: Terraced (including end-terrace),6,4,0,4,2,1,1
S01008778,Flat maisonette or apartment or mobile/temporary accommodation,1070,414,98,316,656,163,493
S01008779,All people in households,718,362,73,289,356,19,337
S01008779,Whole house or bungalow: Total,25,19,0,19,6,2,4
S01008779,Whole house or bungalow: Detached,1,1,0,1,0,0,0
S01008779,Whole house or bungalow: Semi-detached,4,2,0,2,2,0,2
S01008779,Whole house or bungalow: Terraced (including end-terrace),20,16,0,16,4,2,2
S01008779,Flat maisonette or apartment or mobile/temporary accommodation,693,343,73,270,350,17,333
S01008780,All people in households,583,251,43,208,332,67,265
S01008780,Whole house or bungalow: Total,14,13,5,8,1,1,0
S01008780,Whole house or bungalow: Detached,0,0,0,0,0,0,0
S01008780,Whole house or bungalow: Semi-detached,2,2,2,0,0,0,0
S01008780,Whole house or bungalow: Terraced (including end-terrace),12,11,3,8,1,1,0
S01008780,Flat maisonette or apartment or mobile/temporary accommodation,569,238,38,200,331,66,265
S01008781,All people in households,891,270,27,243,621,317,304
S01008781,Whole house or bungalow: Total,12,10,1,9,2,1,1
S01008781,Whole house or bungalow: Detached,0,0,0,0,0,0,0
S01008781,Whole house or bungalow: Semi-detached,1,0,0,0,1,0,1
S01008781,Whole house or bungalow: Terraced (including end-terrace),11,10,1,9,1,1,0
S01008781,Flat maisonette or apartment or mobile/temporary accommodation,879,260,26,234,619,316,303
S01008782,All people in households,749,321,61,260,428,99,329
S01008782,Whole house or bungalow: Total,47,33,4,29,14,8,6
S01008782,Whole house or bungalow: Detached,8,6,0,6,2,2,0
S01008782,Whole house or bungalow: Semi-detached,16,13,0,13,3,0,3
S01008782,Whole house or bungalow: Terraced (including end-terrace),23,14,4,10,9,6,3
S01008782,Flat maisonette or apartment or mobile/temporary accommodation,702,288,57,231,414,91,323
S01008783,All people in households,417,156,20,136,261,81,180
S01008783,Whole house or bungalow: Total,3,3,0,3,0,0,0
S01008783,Whole house or bungalow: Detached,0,0,0,0,0,0,0
S01008783,Whole house or bungalow: Semi-detached,0,0,0,0,0,0,0
S01008783,Whole house or bungalow: Terraced (including end-terrace),3,3,0,3,0,0,0
S01008783,Flat maisonette or apartment or mobile/temporary accommodation,414,153,20,133,261,81,180
S01008784,All people in households,442,146,15,131,296,88,208
S01008784,Whole house or bungalow: Total,7,5,0,5,2,2,0
S01008784,Whole house or bungalow: Detached,2,0,0,0,2,2,0
S01008784,Whole house or bungalow: Semi-detached,0,0,0,0,0,0,0
S01008784,Whole house or bungalow: Terraced (including end-terrace),5,5,0,5,0,0,0
S01008784,Flat maisonette or apartment or mobile/temporary accommodation,435,141,15,126,294,86,208
S01008785,All people in households,867,232,90,142,635,383,252
S01008785,Whole house or bungalow: Total,17,16,4,12,1,1,0
S01008785,Whole house or bungalow: Detached,2,2,2,0,0,0,0
S01008785,Whole house or bungalow: Semi-detached,13,12,0,12,1,1,0
S01008785,Whole house or bungalow: Terraced (including end-terrace),2,2,2,0,0,0,0
S01008785,Flat maisonette or apartment or mobile/temporary accommodation,850,216,86,130,634,382,252
S01008786,All people in households,894,403,98,305,491,87,404
S01008786,Whole house or bungalow: Total,14,2,2,0,12,5,7
S01008786,Whole house or bungalow: Detached,8,2,2,0,6,0,6
S01008786,Whole house or bungalow: Semi-detached,0,0,0,0,0,0,0
S01008786,Whole house or bungalow: Terraced (including end-terrace),6,0,0,0,6,5,1
S01008786,Flat maisonette or apartment or mobile/temporary accommodation,880,401,96,305,479,82,397
S01008787,All people in households,374,17,13,4,357,319,38
S01008787,Whole house or bungalow: Total,10,8,5,3,2,2,0
S01008787,Whole house or bungalow: Detached,3,3,0,3,0,0,0
S01008787,Whole house or bungalow: Semi-detached,5,5,5,0,0,0,0
S01008787,Whole house or bungalow: Terraced (including end-terrace),2,0,0,0,2,2,0
S01008787,Flat maisonette or apartment or mobile/temporary accommodation,364,9,8,1,355,317,38
S01008788,All people in households,690,293,53,240,397,113,284
S01008788,Whole house or bungalow: Total,44,7,0,7,37,35,2
S01008788,Whole house or bungalow: Detached,6,6,0,6,0,0,0
S01008788,Whole house or bungalow: Semi-detached,38,1,0,1,37,35,2
S01008788,Whole house or bungalow: Terraced (including end-terrace),0,0,0,0,0,0,0
S01008788,Flat maisonette or apartment or mobile/temporary accommodation,646,286,53,233,360,78,282
S01008789,All people in households,654,268,91,177,386,242,144
S01008789,Whole house or bungalow: Total,231,99,33,66,132,89,43
S01008789,Whole house or bungalow: Detached,22,5,5,0,17,4,13
S01008789,Whole house or bungalow: Semi-detached,23,9,5,4,14,14,0
S01008789,Whole house or bungalow: Terraced (including end-terrace),186,85,23,62,101,71,30
S01008789,Flat maisonette or apartment or mobile/temporary accommodation,423,169,58,111,254,153,101
S01008790,All people in households,624,225,38,187,399,162,237
S01008790,Whole house or bungalow: Total,32,21,4,17,11,0,11
S01008790,Whole house or bungalow: Detached,1,0,0,0,1,0,1
S01008790,Whole house or bungalow: Semi-detached,9,9,2,7,0,0,0
S01008790,Whole house or bungalow: Terraced (including end-terrace),22,12,2,10,10,0,10
S01008790,Flat maisonette or apartment or mobile/temporary accommodation,592,204,34,170,388,162,226
S01008791,All people in households,877,330,98,232,547,69,478
S01008791,Whole house or bungalow: Total,205,128,58,70,77,31,46
S01008791,Whole house or bungalow: Detached,8,3,0,3,5,5,0
S01008791,Whole house or bungalow: Semi-detached,37,18,5,13,19,11,8
S01008791,Whole house or bungalow: Terraced (including end-terrace),160,107,53,54,53,15,38
S01008791,Flat maisonette or apartment or mobile/temporary accommodation,672,202,40,162,470,38,432
S01008792,All people in households,774,448,164,284,326,107,219
S01008792,Whole house or bungalow: Total,132,115,58,57,17,2,15
S01008792,Whole house or bungalow: Detached,9,9,2,7,0,0,0
S01008792,Whole house or bungalow: Semi-detached,9,5,5,0,4,0,4
S01008792,Whole house or bungalow: Terraced (including end-terrace),114,101,51,50,13,2,11
S01008792,Flat maisonette or apartment or mobile/temporary accommodation,642,333,106,227,309,105,204
S01008793,All people in households,427,139,31,108,288,137,151
S01008793,Whole house or bungalow: Total,35,20,5,15,15,11,4
S01008793,Whole house or bungalow: Detached,8,5,0,5,3,3,0
S01008793,Whole house or bungalow: Semi-detached,11,6,0,6,5,3,2
S01008793,Whole house or bungalow: Terraced (including end-terrace),16,9,5,4,7,5,2
S01008793,Flat maisonette or apartment or mobile/temporary accommodation,392,119,26,93,273,126,147
S01008794,All people in households,857,375,110,265,482,290,192
S01008794,Whole house or bungalow: Total,62,44,17,27,18,7,11
S01008794,Whole house or bungalow: Detached,15,11,4,7,4,0,4
S01008794,Whole house or bungalow: Semi-detached,18,11,2,9,7,2,5
S01008794,Whole house or bungalow: Terraced (including end-terrace),29,22,11,11,7,5,2
S01008794,Flat maisonette or apartment or mobile/temporary accommodation,795,331,93,238,464,283,181
S01008795,All people in households,1122,564,154,410,558,43,515
S01008795,Whole house or bungalow: Total,23,18,10,8,5,0,5
S01008795,Whole house or bungalow: Detached,5,5,5,0,0,0,0
S01008795,Whole house or bungalow: Semi-detached,0,0,0,0,0,0,0
S01008795,Whole house or bungalow: Terraced (including end-terrace),18,13,5,8,5,0,5
S01008795,Flat maisonette or apartment or mobile/temporary accommodation,1099,546,144,402,553,43,510
S01008796,All people in households,1117,333,72,261,784,310,474
S01008796,Whole house or bungalow: Total,76,24,5,19,52,43,9
S01008796,Whole house or bungalow: Detached,7,7,0,7,0,0,0
S01008796,Whole house or bungalow: Semi-detached,14,7,3,4,7,5,2
S01008796,Whole house or bungalow: Terraced (including end-terrace),55,10,2,8,45,38,7
S01008796,Flat maisonette or apartment or mobile/temporary accommodation,1041,309,67,242,732,267,465
S01008797,All people in households,947,443,129,314,504,81,423
S01008797,Whole house or bungalow: Total,36,20,8,12,16,3,13
S01008797,Whole house or bungalow: Detached,5,5,0,5,0,0,0
S01008797,Whole house or bungalow: Semi-detached,8,0,0,0,8,3,5
S01008797,Whole house or bungalow: Terraced (including end-terrace),23,15,8,7,8,0,8
S01008797,Flat maisonette or apartment or mobile/temporary accommodation,911,423,121,302,488,78,410
S01008798,All people in households,783,357,116,241,426,130,296
S01008798,Whole house or bungalow: Total,22,14,2,12,8,2,6
S01008798,Whole house or bungalow: Detached,4,4,0,4,0,0,0
S01008798,Whole house or bungalow: Semi-detached,2,0,0,0,2,2,0
S01008798,Whole house or bungalow: Terraced (including end-terrace),16,10,2,8,6,0,6
S01008798,Flat maisonette or apartment or mobile/temporary accommodation,761,343,114,229,418,128,290
S01008799,All people in households,665,199,41,158,466,76,390
S01008799,Whole house or bungalow: Total,20,17,9,8,3,0,3
S01008799,Whole house or bungalow: Detached,7,7,0,7,0,0,0
S01008799,Whole house or bungalow: Semi-detached,9,6,5,1,3,0,3
S01008799,Whole house or bungalow: Terraced (including end-terrace),4,4,4,0,0,0,0
S01008799,Flat maisonette or apartment or mobile/temporary accommodation,645,182,32,150,463,76,387
S01008800,All people in households,1035,468,103,365,567,46,521
S01008800,Whole house or bungalow: Total,15,4,3,1,11,4,7
S01008800,Whole house or bungalow: Detached,2,2,2,0,0,0,0
S01008800,Whole house or bungalow: Semi-detached,0,0,0,0,0,0,0
S01008800,Whole house or bungalow: Terraced (including end-terrace),13,2,1,1,11,4,7
S01008800,Flat maisonette or apartment or mobile/temporary accommodation,1020,464,100,364,556,42,514
S01008801,All people in households,936,403,91,312,533,78,455
S01008801,Whole house or bungalow: Total,15,7,2,5,8,0,8
S01008801,Whole house or bungalow: Detached,5,3,0,3,2,0,2
S01008801,Whole house or bungalow: Semi-detached,2,2,2,0,0,0,0
S01008801,Whole house or bungalow: Terraced (including end-terrace),8,2,0,2,6,0,6
S01008801,Flat maisonette or apartment or mobile/temporary accommodation,921,396,89,307,525,78,447
S01008802,All people in households,958,392,114,278,566,128,438
S01008802,Whole house or bungalow: Total,15,10,6,4,5,1,4
S01008802,Whole house or bungalow: Detached,5,2,2,0,3,0,3
S01008802,Whole house or bungalow: Semi-detached,3,3,3,0,0,0,0
S01008802,Whole house or bungalow: Terraced (including end-terrace),7,5,1,4,2,1,1
S01008802,Flat maisonette or apartment or mobile/temporary accommodation,943,382,108,274,561,127,434
S01008803,All people in households,952,298,89,209,654,268,386
S01008803,Whole house or bungalow: Total,108,33,6,27,75,57,18
S01008803,Whole house or bungalow: Detached,17,11,6,5,6,4,2
S01008803,Whole house or bungalow: Semi-detached,25,0,0,0,25,17,8
S01008803,Whole house or bungalow: Terraced (including end-terrace),66,22,0,22,44,36,8
S01008803,Flat maisonette or apartment or mobile/temporary accommodation,844,265,83,182,579,211,368
S01008804,All people in households,535,160,33,127,375,133,242
S01008804,Whole house or bungalow: Total,13,5,3,2,8,4,4
S01008804,Whole house or bungalow: Detached,2,2,2,0,0,0,0
S01008804,Whole house or bungalow: Semi-detached,10,2,0,2,8,4,4
S01008804,Whole house or bungalow: Terraced (including end-terrace),1,1,1,0,0,0,0
S01008804,Flat maisonette or apartment or mobile/temporary accommodation,522,155,30,125,367,129,238
S01008805,All people in households,623,200,65,135,423,15,408
S01008805,Whole house or bungalow: Total,6,3,0,3,3,0,3
S01008805,Whole house or bungalow: Detached,2,0,0,0,2,0,2
S01008805,Whole house or bungalow: Semi-detached,0,0,0,0,0,0,0
S01008805,Whole house or bungalow: Terraced (including end-terrace),4,3,0,3,1,0,1
S01008805,Flat maisonette or apartment or mobile/temporary accommodation,617,197,65,132,420,15,405
S01008806,All people in households,1019,380,92,288,639,127,512
S01008806,Whole house or bungalow: Total,42,20,6,14,22,2,20
S01008806,Whole house or bungalow: Detached,5,3,0,3,2,0,2
S01008806,Whole house or bungalow: Semi-detached,6,4,4,0,2,2,0
S01008806,Whole house or bungalow: Terraced (including end-terrace),31,13,2,11,18,0,18
S01008806,Flat maisonette or apartment or mobile/temporary accommodation,977,360,86,274,617,125,492
S01008807,All people in households,792,405,107,298,387,51,336
S01008807,Whole house or bungalow: Total,86,64,18,46,22,6,16
S01008807,Whole house or bungalow: Detached,4,4,4,0,0,0,0
S01008807,Whole house or bungalow: Semi-detached,15,8,1,7,7,2,5
S01008807,Whole house or bungalow: Terraced (including end-terrace),67,52,13,39,15,4,11
S01008807,Flat maisonette or apartment or mobile/temporary accommodation,706,341,89,252,365,45,320
S01008808,All people in households,663,343,103,240,320,86,234
S01008808,Whole house or bungalow: Total,23,15,1,14,8,8,0
S01008808,Whole house or bungalow: Detached,0,0,0,0,0,0,0
S01008808,Whole house or bungalow: Semi-detached,4,3,0,3,1,1,0
S01008808,Whole house or bungalow: Terraced (including end-terrace),19,12,1,11,7,7,0
S01008808,Flat maisonette or apartment or mobile/temporary accommodation,640,328,102,226,312,78,234
S01008809,All people in households,636,318,175,143,318,28,290
S01008809,Whole house or bungalow: Total,171,124,81,43,47,1,46
S01008809,Whole house or bungalow: Detached,10,6,2,4,4,0,4
S01008809,Whole house or bungalow: Semi-detached,8,0,0,0,8,1,7
S01008809,Whole house or bungalow: Terraced (including end-terrace),153,118,79,39,35,0,35
S01008809,Flat maisonette or apartment or mobile/temporary accommodation,465,194,94,100,271,27,244
S01008810,All people in households,733,380,101,279,353,6,347
S01008810,Whole house or bungalow: Total,25,13,5,8,12,2,10
S01008810,Whole house or bungalow: Detached,8,3,3,0,5,0,5
S01008810,Whole house or bungalow: Semi-detached,6,6,0,6,0,0,0
S01008810,Whole house or bungalow: Terraced (including end-terrace),11,4,2,2,7,2,5
S01008810,Flat maisonette or apartment or mobile/temporary accommodation,708,367,96,271,341,4,337
S01008811,All people in households,829,392,131,261,437,15,422
S01008811,Whole house or bungalow: Total,74,64,21,43,10,0,10
S01008811,Whole house or bungalow: Detached,7,7,0,7,0,0,0
S01008811,Whole house or bungalow: Semi-detached,7,3,3,0,4,0,4
S01008811,Whole house or bungalow: Terraced (including end-terrace),60,54,18,36,6,0,6
S01008811,Flat maisonette or apartment or mobile/temporary accommodation,755,328,110,218,427,15,412
S01008812,All people in households,471,246,91,155,225,3,222
S01008812,Whole house or bungalow: Total,5,1,1,0,4,0,4
S01008812,Whole house or bungalow: Detached,1,1,1,0,0,0,0
S01008812,Whole house or bungalow: Semi-detached,0,0,0,0,0,0,0
S01008812,Whole house or bungalow: Terraced (including end-terrace),4,0,0,0,4,0,4
S01008812,Flat maisonette or apartment or mobile/temporary accommodation,466,245,90,155,221,3,218
S01008813,All people in households,955,379,138,241,576,292,284
S01008813,Whole house or bungalow: Total,287,186,78,108,101,57,44
S01008813,Whole house or bungalow: Detached,19,19,14,5,0,0,0
S01008813,Whole house or bungalow: Semi-detached,65,35,15,20,30,11,19
S01008813,Whole house or bungalow: Terraced (including end-terrace),203,132,49,83,71,46,25
S01008813,Flat maisonette or apartment or mobile/temporary accommodation,668,193,60,133,475,235,240
S01008814,All people in households,841,457,170,287,384,71,313
S01008814,Whole house or bungalow: Total,282,223,99,124,59,25,34
S01008814,Whole house or bungalow: Detached,12,10,3,7,2,0,2
S01008814,Whole house or bungalow: Semi-detached,50,17,2,15,33,25,8
S01008814,Whole house or bungalow: Terraced (including end-terrace),220,196,94,102,24,0,24
S01008814,Flat maisonette or apartment or mobile/temporary accommodation,559,234,71,163,325,46,279
S01008815,All people in households,908,399,79,320,509,154,355
S01008815,Whole house or bungalow: Total,34,22,2,20,12,1,11
S01008815,Whole house or bungalow: Detached,4,4,0,4,0,0,0
S01008815,Whole house or bungalow: Semi-detached,8,4,0,4,4,1,3
S01008815,Whole house or bungalow: Terraced (including end-terrace),22,14,2,12,8,0,8
S01008815,Flat maisonette or apartment or mobile/temporary accommodation,874,377,77,300,497,153,344
S01008816,All people in households,523,270,91,179,253,92,161
S01008816,Whole house or bungalow: Total,81,70,53,17,11,0,11
S01008816,Whole house or bungalow: Detached,3,3,0,3,0,0,0
S01008816,Whole house or bungalow: Semi-detached,26,20,19,1,6,0,6
S01008816,Whole house or bungalow: Terraced (including end-terrace),52,47,34,13,5,0,5
S01008816,Flat maisonette or apartment or mobile/temporary accommodation,442,200,38,162,242,92,150
S01008817,All people in households,764,325,69,256,439,219,220
S01008817,Whole house or bungalow: Total,79,58,25,33,21,11,10
S01008817,Whole house or bungalow: Detached,6,2,0,2,4,4,0
S01008817,Whole house or bungalow: Semi-detached,10,5,4,1,5,3,2
S01008817,Whole house or bungalow: Terraced (including end-terrace),63,51,21,30,12,4,8
S01008817,Flat maisonette or apartment or mobile/temporary accommodation,685,267,44,223,418,208,210
S01008818,All people in households,775,534,126,408,241,74,167
S01008818,Whole house or bungalow: Total,295,282,72,210,13,0,13
S01008818,Whole house or bungalow: Detached,31,30,2,28,1,0,1
S01008818,Whole house or bungalow: Semi-detached,66,62,19,43,4,0,4
S01008818,Whole house or bungalow: Terraced (including end-terrace),198,190,51,139,8,0,8
S01008818,Flat maisonette or apartment or mobile/temporary accommodation,480,252,54,198,228,74,154
S01008819,All people in households,705,482,161,321,223,51,172
S01008819,Whole house or bungalow: Total,101,83,45,38,18,4,14
S01008819,Whole house or bungalow: Detached,15,11,3,8,4,1,3
S01008819,Whole house or bungalow: Semi-detached,35,26,19,7,9,0,9
S01008819,Whole house or bungalow: Terraced (including end-terrace),51,46,23,23,5,3,2
S01008819,Flat maisonette or apartment or mobile/temporary accommodation,604,399,116,283,205,47,158
S01008820,All people in households,1113,475,147,328,638,335,303
S01008820,Whole house or bungalow: Total,150,88,27,61,62,27,35
S01008820,Whole house or bungalow: Detached,34,33,6,27,1,1,0
S01008820,Whole house or bungalow: Semi-detached,29,19,4,15,10,10,0
S01008820,Whole house or bungalow: Terraced (including end-terrace),87,36,17,19,51,16,35
S01008820,Flat maisonette or apartment or mobile/temporary accommodation,963,387,120,267,576,308,268
S01008821,All people in households,712,597,184,413,115,30,85
S01008821,Whole house or bungalow: Total,453,403,140,263,50,17,33
S01008821,Whole house or bungalow: Detached,23,19,3,16,4,0,4
S01008821,Whole house or bungalow: Semi-detached,90,79,36,43,11,7,4
S01008821,Whole house or bungalow: Terraced (including end-terrace),340,305,101,204,35,10,25
S01008821,Flat maisonette or apartment or mobile/temporary accommodation,259,194,44,150,65,13,52
S01008822,All people in households,726,659,232,427,67,17,50
S01008822,Whole house or bungalow: Total,507,486,159,327,21,2,19
S01008822,Whole house or bungalow: Detached,51,49,5,44,2,2,0
S01008822,Whole house or bungalow: Semi-detached,109,102,42,60,7,0,7
S01008822,Whole house or bungalow: Terraced (including end-terrace),347,335,112,223,12,0,12
S01008822,Flat maisonette or apartment or mobile/temporary accommodation,219,173,73,100,46,15,31
S01008823,All people in households,626,526,201,325,100,5,95
S01008823,Whole house or bungalow: Total,374,331,120,211,43,1,42
S01008823,Whole house or bungalow: Detached,44,44,24,20,0,0,0
S01008823,Whole house or bungalow: Semi-detached,114,95,40,55,19,1,18
S01008823,Whole house or bungalow: Terraced (including end-terrace),216,192,56,136,24,0,24
S01008823,Flat maisonette or apartment or mobile/temporary accommodation,252,195,81,114,57,4,53
S01008824,All people in households,961,757,290,467,204,45,159
S01008824,Whole house or bungalow: Total,281,261,115,146,20,5,15
S01008824,Whole house or bungalow: Detached,28,25,9,16,3,3,0
S01008824,Whole house or bungalow: Semi-detached,121,111,43,68,10,0,10
S01008824,Whole house or bungalow: Terraced (including end-terrace),132,125,63,62,7,2,5
S01008824,Flat maisonette or apartment or mobile/temporary accommodation,680,496,175,321,184,40,144
S01008825,All people in households,610,511,209,302,99,14,85
S01008825,Whole house or bungalow: Total,215,202,91,111,13,2,11
S01008825,Whole house or bungalow: Detached,21,20,16,4,1,0,1
S01008825,Whole house or bungalow: Semi-detached,111,101,53,48,10,0,10
S01008825,Whole house or bungalow: Terraced (including end-terrace),83,81,22,59,2,2,0
S01008825,Flat maisonette or apartment or mobile/temporary accommodation,395,309,118,191,86,12,74
S01008826,All people in households,650,429,154,275,221,95,126
S01008826,Whole house or bungalow: Total,115,112,58,54,3,1,2
S01008826,Whole house or bungalow: Detached,40,40,24,16,0,0,0
S01008826,Whole house or bungalow: Semi-detached,46,44,16,28,2,0,2
S01008826,Whole house or bungalow: Terraced (including end-terrace),29,28,18,10,1,1,0
S01008826,Flat maisonette or apartment or mobile/temporary accommodation,535,317,96,221,218,94,124
S01008827,All people in households,698,652,299,353,46,4,42
S01008827,Whole house or bungalow: Total,528,512,240,272,16,0,16
S01008827,Whole house or bungalow: Detached,58,58,45,13,0,0,0
S01008827,Whole house or bungalow: Semi-detached,202,194,82,112,8,0,8
S01008827,Whole house or bungalow: Terraced (including end-terrace),268,260,113,147,8,0,8
S01008827,Flat maisonette or apartment or mobile/temporary accommodation,170,140,59,81,30,4,26
S01008828,All people in households,882,692,316,376,190,42,148
S01008828,Whole house or bungalow: Total,492,446,215,231,46,14,32
S01008828,Whole house or bungalow: Detached,124,113,64,49,11,2,9
S01008828,Whole house or bungalow: Semi-detached,188,174,101,73,14,1,13
S01008828,Whole house or bungalow: Terraced (including end-terrace),180,159,50,109,21,11,10
S01008828,Flat maisonette or apartment or mobile/temporary accommodation,390,246,101,145,144,28,116
S01008829,All people in households,715,561,219,342,154,62,92
S01008829,Whole house or bungalow: Total,422,360,144,216,62,26,36
S01008829,Whole house or bungalow: Detached,102,83,50,33,19,0,19
S01008829,Whole house or bungalow: Semi-detached,286,245,88,157,41,26,15
S01008829,Whole house or bungalow: Terraced (including end-terrace),34,32,6,26,2,0,2
S01008829,Flat maisonette or apartment or mobile/temporary accommodation,293,201,75,126,92,36,56
S01008830,All people in households,689,591,264,327,98,10,88
S01008830,Whole house or bungalow: Total,271,261,115,146,10,0,10
S01008830,Whole house or bungalow: Detached,10,9,5,4,1,0,1
S01008830,Whole house or bungalow: Semi-detached,17,17,4,13,0,0,0
S01008830,Whole house or bungalow: Terraced (including end-terrace),244,235,106,129,9,0,9
S01008830,Flat maisonette or apartment or mobile/temporary accommodation,418,330,149,181,88,10,78
S01008831,All people in households,774,687,367,320,87,35,52
S01008831,Whole house or bungalow: Total,524,478,249,229,46,29,17
S01008831,Whole house or bungalow: Detached,112,107,67,40,5,0,5
S01008831,Whole house or bungalow: Semi-detached,107,104,60,44,3,3,0
S01008831,Whole house or bungalow: Terraced (including end-terrace),305,267,122,145,38,26,12
S01008831,Flat maisonette or apartment or mobile/temporary accommodation,250,209,118,91,41,6,35
S01008832,All people in households,697,568,299,269,129,4,125
S01008832,Whole house or bungalow: Total,241,206,99,107,35,0,35
S01008832,Whole house or bungalow: Detached,126,105,56,49,21,0,21
S01008832,Whole house or bungalow: Semi-detached,47,36,13,23,11,0,11
S01008832,Whole house or bungalow: Terraced (including end-terrace),68,65,30,35,3,0,3
S01008832,Flat maisonette or apartment or mobile/temporary accommodation,456,362,200,162,94,4,90
S01008833,All people in households,985,730,323,407,255,73,182
S01008833,Whole house or bungalow: Total,210,191,109,82,19,12,7
S01008833,Whole house or bungalow: Detached,32,28,21,7,4,1,3
S01008833,Whole house or bungalow: Semi-detached,69,63,35,28,6,6,0
S01008833,Whole house or bungalow: Terraced (including end-terrace),109,100,53,47,9,5,4
S01008833,Flat maisonette or apartment or mobile/temporary accommodation,775,539,214,325,236,61,175
S01008834,All people in households,1078,850,400,450,228,18,210
S01008834,Whole house or bungalow: Total,461,422,212,210,39,4,35
S01008834,Whole house or bungalow: Detached,20,17,12,5,3,0,3
S01008834,Whole house or bungalow: Semi-detached,163,145,69,76,18,0,18
S01008834,Whole house or bungalow: Terraced (including end-terrace),278,260,131,129,18,4,14
S01008834,Flat maisonette or apartment or mobile/temporary accommodation,617,428,188,240,189,14,175
S01008835,All people in households,813,687,311,376,126,42,84
S01008835,Whole house or bungalow: Total,319,294,144,150,25,0,25
S01008835,Whole house or bungalow: Detached,95,87,45,42,8,0,8
S01008835,Whole house or bungalow: Semi-detached,107,99,46,53,8,0,8
S01008835,Whole house or bungalow: Terraced (including end-terrace),117,108,53,55,9,0,9
S01008835,Flat maisonette or apartment or mobile/temporary accommodation,494,393,167,226,101,42,59
S01008836,All people in households,675,352,121,231,323,138,185
S01008836,Whole house or bungalow: Total,37,26,19,7,11,10,1
S01008836,Whole house or bungalow: Detached,11,9,4,5,2,2,0
S01008836,Whole house or bungalow: Semi-detached,11,8,7,1,3,3,0
S01008836,Whole house or bungalow: Terraced (including end-terrace),15,9,8,1,6,5,1
S01008836,Flat maisonette or apartment or mobile/temporary accommodation,638,326,102,224,312,128,184
S01008837,All people in households,1015,506,124,382,509,59,450
S01008837,Whole house or bungalow: Total,55,34,10,24,21,3,18
S01008837,Whole house or bungalow: Detached,0,0,0,0,0,0,0
S01008837,Whole house or bungalow: Semi-detached,11,4,2,2,7,0,7
S01008837,Whole house or bungalow: Terraced (including end-terrace),44,30,8,22,14,3,11
S01008837,Flat maisonette or apartment or mobile/temporary accommodation,960,472,114,358,488,56,432
S01008838,All people in households,1009,584,236,348,425,24,401
S01008838,Whole house or bungalow: Total,246,228,105,123,18,0,18
S01008838,Whole house or bungalow: Detached,17,9,0,9,8,0,8
S01008838,Whole house or bungalow: Semi-detached,23,21,14,7,2,0,2
S01008838,Whole house or bungalow: Terraced (including end-terrace),206,198,91,107,8,0,8
S01008838,Flat maisonette or apartment or mobile/temporary accommodation,763,356,131,225,407,24,383
S01008839,All people in households,1024,624,234,390,400,56,344
S01008839,Whole house or bungalow: Total,294,279,107,172,15,0,15
S01008839,Whole house or bungalow: Detached,15,15,5,10,0,0,0
S01008839,Whole house or bungalow: Semi-detached,42,38,13,25,4,0,4
S01008839,Whole house or bungalow: Terraced (including end-terrace),237,226,89,137,11,0,11
S01008839,Flat maisonette or apartment or mobile/temporary accommodation,730,345,127,218,385,56,329
S01008840,All people in households,1073,704,258,446,369,15,354
S01008840,Whole house or bungalow: Total,368,310,129,181,58,0,58
S01008840,Whole house or bungalow: Detached,15,12,2,10,3,0,3
S01008840,Whole house or bungalow: Semi-detached,68,50,16,34,18,0,18
S01008840,Whole house or bungalow: Terraced (including end-terrace),285,248,111,137,37,0,37
S01008840,Flat maisonette or apartment or mobile/temporary accommodation,705,394,129,265,311,15,296
S01008841,All people in households,568,343,124,219,225,33,192
S01008841,Whole house or bungalow: Total,115,106,54,52,9,2,7
S01008841,Whole house or bungalow: Detached,9,5,0,5,4,0,4
S01008841,Whole house or bungalow: Semi-detached,35,32,14,18,3,0,3
S01008841,Whole house or bungalow: Terraced (including end-terrace),71,69,40,29,2,2,0
S01008841,Flat maisonette or apartment or mobile/temporary accommodation,453,237,70,167,216,31,185
S01008842,All people in households,882,373,65,308,509,28,481
S01008842,Whole house or bungalow: Total,149,111,42,69,38,1,37
S01008842,Whole house or bungalow: Detached,31,23,13,10,8,0,8
S01008842,Whole house or bungalow: Semi-detached,33,21,12,9,12,0,12
S01008842,Whole house or bungalow: Terraced (including end-terrace),85,67,17,50,18,1,17
S01008842,Flat maisonette or apartment or mobile/temporary accommodation,733,262,23,239,471,27,444
S01008843,All people in households,881,417,135,282,464,28,436
S01008843,Whole house or bungalow: Total,47,35,20,15,12,0,12
S01008843,Whole house or bungalow: Detached,0,0,0,0,0,0,0
S01008843,Whole house or bungalow: Semi-detached,7,5,1,4,2,0,2
S01008843,Whole house or bungalow: Terraced (including end-terrace),40,30,19,11,10,0,10
S01008843,Flat maisonette or apartment or mobile/temporary accommodation,834,382,115,267,452,28,424
S01008844,All people in households,695,296,76,220,399,61,338
S01008844,Whole house or bungalow: Total,39,25,8,17,14,6,8
S01008844,Whole house or bungalow: Detached,6,6,6,0,0,0,0
S01008844,Whole house or bungalow: Semi-detached,0,0,0,0,0,0,0
S01008844,Whole house or bungalow: Terraced (including end-terrace),33,19,2,17,14,6,8
S01008844,Flat maisonette or apartment or mobile/temporary accommodation,656,271,68,203,385,55,330
S01008845,All people in households,851,330,146,184,521,16,505
S01008845,Whole house or bungalow: Total,73,30,12,18,43,3,40
S01008845,Whole house or bungalow: Detached,16,7,4,3,9,0,9
S01008845,Whole house or bungalow: Semi-detached,12,4,1,3,8,0,8
S01008845,Whole house or bungalow: Terraced (including end-terrace),45,19,7,12,26,3,23
S01008845,Flat maisonette or apartment or mobile/temporary accommodation,778,300,134,166,478,13,465
S01008846,All people in households,807,398,183,215,409,37,372
S01008846,Whole house or bungalow: Total,154,128,70,58,26,1,25
S01008846,Whole house or bungalow: Detached,14,14,7,7,0,0,0
S01008846,Whole house or bungalow: Semi-detached,7,5,2,3,2,0,2
S01008846,Whole house or bungalow: Terraced (including end-terrace),133,109,61,48,24,1,23
S01008846,Flat maisonette or apartment or mobile/temporary accommodation,653,270,113,157,383,36,347
S01008847,All people in households,573,269,106,163,304,5,299
S01008847,Whole house or bungalow: Total,66,54,22,32,12,0,12
S01008847,Whole house or bungalow: Detached,2,0,0,0,2,0,2
S01008847,Whole house or bungalow: Semi-detached,14,11,9,2,3,0,3
S01008847,Whole house or bungalow: Terraced (including end-terrace),50,43,13,30,7,0,7
S01008847,Flat maisonette or apartment or mobile/temporary accommodation,507,215,84,131,292,5,287
S01008848,All people in households,765,408,183,225,357,45,312
S01008848,Whole house or bungalow: Total,83,72,31,41,11,0,11
S01008848,Whole house or bungalow: Detached,6,5,3,2,1,0,1
S01008848,Whole house or bungalow: Semi-detached,11,3,3,0,8,0,8
S01008848,Whole house or bungalow: Terraced (including end-terrace),66,64,25,39,2,0,2
S01008848,Flat maisonette or apartment or mobile/temporary accommodation,682,336,152,184,346,45,301
S01008849,All people in households,727,316,143,173,411,3,408
S01008849,Whole house or bungalow: Total,45,29,13,16,16,1,15
S01008849,Whole house or bungalow: Detached,0,0,0,0,0,0,0
S01008849,Whole house or bungalow: Semi-detached,5,0,0,0,5,1,4
S01008849,Whole house or bungalow: Terraced (including end-terrace),40,29,13,16,11,0,11
S01008849,Flat maisonette or apartment or mobile/temporary accommodation,682,287,130,157,395,2,393
S01008850,All people in households,818,415,225,190,403,9,394
S01008850,Whole house or bungalow: Total,119,88,53,35,31,1,30
S01008850,Whole house or bungalow: Detached,8,6,1,5,2,0,2
S01008850,Whole house or bungalow: Semi-detached,10,3,0,3,7,0,7
S01008850,Whole house or bungalow: Terraced (including end-terrace),101,79,52,27,22,1,21
S01008850,Flat maisonette or apartment or mobile/temporary accommodation,699,327,172,155,372,8,364
S01008851,All people in households,1021,432,217,215,589,158,431
S01008851,Whole house or bungalow: Total,84,59,38,21,25,1,24
S01008851,Whole house or bungalow: Detached,5,5,5,0,0,0,0
S01008851,Whole house or bungalow: Semi-detached,19,11,11,0,8,1,7
S01008851,Whole house or bungalow: Terraced (including end-terrace),60,43,22,21,17,0,17
S01008851,Flat maisonette or apartment or mobile/temporary accommodation,937,373,179,194,564,157,407
S01008852,All people in households,992,572,346,226,420,0,420
S01008852,Whole house or bungalow: Total,170,105,64,41,65,0,65
S01008852,Whole house or bungalow: Detached,12,8,0,8,4,0,4
S01008852,Whole house or bungalow: Semi-detached,24,10,7,3,14,0,14
S01008852,Whole house or bungalow: Terraced (including end-terrace),134,87,57,30,47,0,47
S01008852,Flat maisonette or apartment or mobile/temporary accommodation,822,467,282,185,355,0,355
S01008853,All people in households,680,321,121,200,359,8,351
S01008853,Whole house or bungalow: Total,40,27,11,16,13,5,8
S01008853,Whole house or bungalow: Detached,8,3,0,3,5,5,0
S01008853,Whole house or bungalow: Semi-detached,10,6,2,4,4,0,4
S01008853,Whole house or bungalow: Terraced (including end-terrace),22,18,9,9,4,0,4
S01008853,Flat maisonette or apartment or mobile/temporary accommodation,640,294,110,184,346,3,343
S01008854,All people in households,908,417,201,216,491,8,483
S01008854,Whole house or bungalow: Total,60,42,26,16,18,0,18
S01008854,Whole house or bungalow: Detached,10,5,4,1,5,0,5
S01008854,Whole house or bungalow: Semi-detached,6,6,2,4,0,0,0
S01008854,Whole house or bungalow: Terraced (including end-terrace),44,31,20,11,13,0,13
S01008854,Flat maisonette or apartment or mobile/temporary accommodation,848,375,175,200,473,8,465
S01008855,All people in households,1056,539,213,326,517,14,503
S01008855,Whole house or bungalow: Total,92,65,14,51,27,3,24
S01008855,Whole house or bungalow: Detached,14,14,1,13,0,0,0
S01008855,Whole house or bungalow: Semi-detached,14,8,4,4,6,3,3
S01008855,Whole house or bungalow: Terraced (including end-terrace),64,43,9,34,21,0,21
S01008855,Flat maisonette or apartment or mobile/temporary accommodation,964,474,199,275,490,11,479
S01008856,All people in households,562,277,106,171,285,11,274
S01008856,Whole house or bungalow: Total,27,21,12,9,6,0,6
S01008856,Whole house or bungalow: Detached,9,9,9,0,0,0,0
S01008856,Whole house or bungalow: Semi-detached,0,0,0,0,0,0,0
S01008856,Whole house or bungalow: Terraced (including end-terrace),18,12,3,9,6,0,6
S01008856,Flat maisonette or apartment or mobile/temporary accommodation,535,256,94,162,279,11,268
S01008857,All people in households,764,462,221,241,302,4,298
S01008857,Whole house or bungalow: Total,146,111,74,37,35,2,33
S01008857,Whole house or bungalow: Detached,2,1,0,1,1,0,1
S01008857,Whole house or bungalow: Semi-detached,8,4,2,2,4,0,4
S01008857,Whole house or bungalow: Terraced (including end-terrace),136,106,72,34,30,2,28
S01008857,Flat maisonette or apartment or mobile/temporary accommodation,618,351,147,204,267,2,265
S01008858,All people in households,552,365,191,174,187,3,184
S01008858,Whole house or bungalow: Total,192,139,76,63,53,2,51
S01008858,Whole house or bungalow: Detached,8,8,5,3,0,0,0
S01008858,Whole house or bungalow: Semi-detached,12,7,4,3,5,0,5
S01008858,Whole house or bungalow: Terraced (including end-terrace),172,124,67,57,48,2,46
S01008858,Flat maisonette or apartment or mobile/temporary accommodation,360,226,115,111,134,1,133
S01008859,All people in households,1103,414,171,243,689,127,562
S01008859,Whole house or bungalow: Total,65,43,15,28,22,3,19
S01008859,Whole house or bungalow: Detached,8,5,5,0,3,0,3
S01008859,Whole house or bungalow: Semi-detached,17,6,2,4,11,3,8
S01008859,Whole house or bungalow: Terraced (including end-terrace),40,32,8,24,8,0,8
S01008859,Flat maisonette or apartment or mobile/temporary accommodation,1038,371,156,215,667,124,543
S01008860,All people in households,882,494,206,288,388,50,338
S01008860,Whole house or bungalow: Total,72,63,34,29,9,2,7
S01008860,Whole house or bungalow: Detached,2,0,0,0,2,1,1
S01008860,Whole house or bungalow: Semi-detached,22,19,7,12,3,1,2
S01008860,Whole house or bungalow: Terraced (including end-terrace),48,44,27,17,4,0,4
S01008860,Flat maisonette or apartment or mobile/temporary accommodation,810,431,172,259,379,48,331
S01008861,All people in households,760,607,317,290,153,4,149
S01008861,Whole house or bungalow: Total,248,238,155,83,10,0,10
S01008861,Whole house or bungalow: Detached,11,11,11,0,0,0,0
S01008861,Whole house or bungalow: Semi-detached,13,13,11,2,0,0,0
S01008861,Whole house or bungalow: Terraced (including end-terrace),224,214,133,81,10,0,10
S01008861,Flat maisonette or apartment or mobile/temporary accommodation,512,369,162,207,143,4,139
S01008862,All people in households,877,396,159,237,481,50,431
S01008862,Whole house or bungalow: Total,162,118,67,51,44,1,43
S01008862,Whole house or bungalow: Detached,3,3,0,3,0,0,0
S01008862,Whole house or bungalow: Semi-detached,14,4,3,1,10,0,10
S01008862,Whole house or bungalow: Terraced (including end-terrace),145,111,64,47,34,1,33
S01008862,Flat maisonette or apartment or mobile/temporary accommodation,715,278,92,186,437,49,388
S01008863,All people in households,733,449,208,241,284,22,262
S01008863,Whole house or bungalow: Total,153,127,75,52,26,1,25
S01008863,Whole house or bungalow: Detached,4,4,2,2,0,0,0
S01008863,Whole house or bungalow: Semi-detached,20,12,6,6,8,0,8
S01008863,Whole house or bungalow: Terraced (including end-terrace),129,111,67,44,18,1,17
S01008863,Flat maisonette or apartment or mobile/temporary accommodation,580,322,133,189,258,21,237
S01008864,All people in households,721,419,202,217,302,5,297
S01008864,Whole house or bungalow: Total,134,87,32,55,47,2,45
S01008864,Whole house or bungalow: Detached,27,4,4,0,23,2,21
S01008864,Whole house or bungalow: Semi-detached,26,4,0,4,22,0,22
S01008864,Whole house or bungalow: Terraced (including end-terrace),81,79,28,51,2,0,2
S01008864,Flat maisonette or apartment or mobile/temporary accommodation,587,332,170,162,255,3,252
S01008865,All people in households,850,492,253,239,358,15,343
S01008865,Whole house or bungalow: Total,31,26,12,14,5,5,0
S01008865,Whole house or bungalow: Detached,0,0,0,0,0,0,0
S01008865,Whole house or bungalow: Semi-detached,12,7,4,3,5,5,0
S01008865,Whole house or bungalow: Terraced (including end-terrace),19,19,8,11,0,0,0
S01008865,Flat maisonette or apartment or mobile/temporary accommodation,819,466,241,225,353,10,343
S01008866,All people in households,798,479,196,283,319,2,317
S01008866,Whole house or bungalow: Total,67,62,22,40,5,0,5
S01008866,Whole house or bungalow: Detached,7,7,7,0,0,0,0
S01008866,Whole house or bungalow: Semi-detached,2,2,0,2,0,0,0
S01008866,Whole house or bungalow: Terraced (including end-terrace),58,53,15,38,5,0,5
S01008866,Flat maisonette or apartment or mobile/temporary accommodation,731,417,174,243,314,2,312
S01008867,All people in households,800,594,280,314,206,4,202
S01008867,Whole house or bungalow: Total,85,71,41,30,14,0,14
S01008867,Whole house or bungalow: Detached,11,11,3,8,0,0,0
S01008867,Whole house or bungalow: Semi-detached,16,12,5,7,4,0,4
S01008867,Whole house or bungalow: Terraced (including end-terrace),58,48,33,15,10,0,10
S01008867,Flat maisonette or apartment or mobile/temporary accommodation,715,523,239,284,192,4,188
S01008868,All people in households,726,283,106,177,443,13,430
S01008868,Whole house or bungalow: Total,74,46,17,29,28,3,25
S01008868,Whole house or bungalow: Detached,10,8,8,0,2,0,2
S01008868,Whole house or bungalow: Semi-detached,4,2,2,0,2,0,2
S01008868,Whole house or bungalow: Terraced (including end-terrace),60,36,7,29,24,3,21
S01008868,Flat maisonette or apartment or mobile/temporary accommodation,652,237,89,148,415,10,405
S01008869,All people in households,998,530,293,237,468,76,392
S01008869,Whole house or bungalow: Total,105,70,46,24,35,6,29
S01008869,Whole house or bungalow: Detached,15,11,6,5,4,2,2
S01008869,Whole house or bungalow: Semi-detached,25,6,3,3,19,3,16
S01008869,Whole house or bungalow: Terraced (including end-terrace),65,53,37,16,12,1,11
S01008869,Flat maisonette or apartment or mobile/temporary accommodation,893,460,247,213,433,70,363
S01008870,All people in households,757,445,242,203,312,13,299
S01008870,Whole house or bungalow: Total,237,181,104,77,56,4,52
S01008870,Whole house or bungalow: Detached,48,48,23,25,0,0,0
S01008870,Whole house or bungalow: Semi-detached,25,17,13,4,8,0,8
S01008870,Whole house or bungalow: Terraced (including end-terrace),164,116,68,48,48,4,44
S01008870,Flat maisonette or apartment or mobile/temporary accommodation,520,264,138,126,256,9,247
S01008871,All people in households,1031,604,288,316,427,0,427
S01008871,Whole house or bungalow: Total,89,76,38,38,13,0,13
S01008871,Whole house or bungalow: Detached,6,3,3,0,3,0,3
S01008871,Whole house or bungalow: Semi-detached,19,19,5,14,0,0,0
S01008871,Whole house or bungalow: Terraced (including end-terrace),64,54,30,24,10,0,10
S01008871,Flat maisonette or apartment or mobile/temporary accommodation,942,528,250,278,414,0,414
S01008872,All people in households,851,431,161,270,420,11,409
S01008872,Whole house or bungalow: Total,134,98,22,76,36,1,35
S01008872,Whole house or bungalow: Detached,14,12,0,12,2,0,2
S01008872,Whole house or bungalow: Semi-detached,15,11,2,9,4,0,4
S01008872,Whole house or bungalow: Terraced (including end-terrace),105,75,20,55,30,1,29
S01008872,Flat maisonette or apartment or mobile/temporary accommodation,717,333,139,194,384,10,374
S01008873,All people in households,688,532,232,300,156,4,152
S01008873,Whole house or bungalow: Total,378,343,142,201,35,0,35
S01008873,Whole house or bungalow: Detached,113,110,53,57,3,0,3
S01008873,Whole house or bungalow: Semi-detached,143,124,37,87,19,0,19
S01008873,Whole house or bungalow: Terraced (including end-terrace),122,109,52,57,13,0,13
S01008873,Flat maisonette or apartment or mobile/temporary accommodation,310,189,90,99,121,4,117
S01008874,All people in households,848,481,216,265,367,78,289
S01008874,Whole house or bungalow: Total,266,190,93,97,76,39,37
S01008874,Whole house or bungalow: Detached,11,8,3,5,3,3,0
S01008874,Whole house or bungalow: Semi-detached,39,27,10,17,12,9,3
S01008874,Whole house or bungalow: Terraced (including end-terrace),216,155,80,75,61,27,34
S01008874,Flat maisonette or apartment or mobile/temporary accommodation,582,291,123,168,291,39,252
S01008875,All people in households,820,422,165,257,398,54,344
S01008875,Whole house or bungalow: Total,79,67,21,46,12,4,8
S01008875,Whole house or bungalow: Detached,16,14,1,13,2,2,0
S01008875,Whole house or bungalow: Semi-detached,16,12,1,11,4,0,4
S01008875,Whole house or bungalow: Terraced (including end-terrace),47,41,19,22,6,2,4
S01008875,Flat maisonette or apartment or mobile/temporary accommodation,741,355,144,211,386,50,336
S01008876,All people in households,587,531,251,280,56,4,52
S01008876,Whole house or bungalow: Total,403,381,161,220,22,2,20
S01008876,Whole house or bungalow: Detached,84,84,29,55,0,0,0
S01008876,Whole house or bungalow: Semi-detached,100,91,43,48,9,2,7
S01008876,Whole house or bungalow: Terraced (including end-terrace),219,206,89,117,13,0,13
S01008876,Flat maisonette or apartment or mobile/temporary accommodation,184,150,90,60,34,2,32
S01008877,All people in households,548,450,150,300,98,13,85
S01008877,Whole house or bungalow: Total,298,282,88,194,16,3,13
S01008877,Whole house or bungalow: Detached,57,57,14,43,0,0,0
S01008877,Whole house or bungalow: Semi-detached,81,79,24,55,2,0,2
S01008877,Whole house or bungalow: Terraced (including end-terrace),160,146,50,96,14,3,11
S01008877,Flat maisonette or apartment or mobile/temporary accommodation,250,168,62,106,82,10,72
S01008878,All people in households,907,668,300,368,239,123,116
S01008878,Whole house or bungalow: Total,388,349,164,185,39,8,31
S01008878,Whole house or bungalow: Detached,152,141,79,62,11,0,11
S01008878,Whole house or bungalow: Semi-detached,102,89,38,51,13,2,11
S01008878,Whole house or bungalow: Terraced (including end-terrace),134,119,47,72,15,6,9
S01008878,Flat maisonette or apartment or mobile/temporary accommodation,519,319,136,183,200,115,85
S01008879,All people in households,817,617,274,343,200,61,139
S01008879,Whole house or bungalow: Total,344,309,125,184,35,6,29
S01008879,Whole house or bungalow: Detached,17,9,6,3,8,0,8
S01008879,Whole house or bungalow: Semi-detached,137,124,60,64,13,3,10
S01008879,Whole house or bungalow: Terraced (including end-terrace),190,176,59,117,14,3,11
S01008879,Flat maisonette or apartment or mobile/temporary accommodation,473,308,149,159,165,55,110
S01008880,All people in households,595,498,198,300,97,23,74
S01008880,Whole house or bungalow: Total,395,370,145,225,25,1,24
S01008880,Whole house or bungalow: Detached,47,47,19,28,0,0,0
S01008880,Whole house or bungalow: Semi-detached,43,32,14,18,11,0,11
S01008880,Whole house or bungalow: Terraced (including end-terrace),305,291,112,179,14,1,13
S01008880,Flat maisonette or apartment or mobile/temporary accommodation,200,128,53,75,72,22,50
S01008881,All people in households,520,431,238,193,89,7,82
S01008881,Whole house or bungalow: Total,328,304,158,146,24,0,24
S01008881,Whole house or bungalow: Detached,163,149,69,80,14,0,14
S01008881,Whole house or bungalow: Semi-detached,150,142,82,60,8,0,8
S01008881,Whole house or bungalow: Terraced (including end-terrace),15,13,7,6,2,0,2
S01008881,Flat maisonette or apartment or mobile/temporary accommodation,192,127,80,47,65,7,58
S01008882,All people in households,976,898,368,530,78,0,78
S01008882,Whole house or bungalow: Total,751,709,289,420,42,0,42
S01008882,Whole house or bungalow: Detached,59,50,27,23,9,0,9
S01008882,Whole house or bungalow: Semi-detached,120,110,33,77,10,0,10
S01008882,Whole house or bungalow: Terraced (including end-terrace),572,549,229,320,23,0,23
S01008882,Flat maisonette or apartment or mobile/temporary accommodation,225,189,79,110,36,0,36
S01008883,All people in households,869,787,478,309,82,6,76
S01008883,Whole house or bungalow: Total,584,539,313,226,45,0,45
S01008883,Whole house or bungalow: Detached,282,262,166,96,20,0,20
S01008883,Whole house or bungalow: Semi-detached,217,196,115,81,21,0,21
S01008883,Whole house or bungalow: Terraced (including end-terrace),85,81,32,49,4,0,4
S01008883,Flat maisonette or apartment or mobile/temporary accommodation,285,248,165,83,37,6,31
S01008884,All people in households,706,654,364,290,52,1,51
S01008884,Whole house or bungalow: Total,576,550,292,258,26,0,26
S01008884,Whole house or bungalow: Detached,428,414,229,185,14,0,14
S01008884,Whole house or bungalow: Semi-detached,69,66,31,35,3,0,3
S01008884,Whole house or bungalow: Terraced (including end-terrace),79,70,32,38,9,0,9
S01008884,Flat maisonette or apartment or mobile/temporary accommodation,130,104,72,32,26,1,25
S01008885,All people in households,888,813,359,454,75,9,66
S01008885,Whole house or bungalow: Total,840,793,353,440,47,0,47
S01008885,Whole house or bungalow: Detached,568,541,266,275,27,0,27
S01008885,Whole house or bungalow: Semi-detached,268,250,87,163,18,0,18
S01008885,Whole house or bungalow: Terraced (including end-terrace),4,2,0,2,2,0,2
S01008885,Flat maisonette or apartment or mobile/temporary accommodation,48,20,6,14,28,9,19
S01008886,All people in households,804,599,287,312,205,11,194
S01008886,Whole house or bungalow: Total,326,302,121,181,24,4,20
S01008886,Whole house or bungalow: Detached,71,59,31,28,12,0,12
S01008886,Whole house or bungalow: Semi-detached,94,89,28,61,5,0,5
S01008886,Whole house or bungalow: Terraced (including end-terrace),161,154,62,92,7,4,3
S01008886,Flat maisonette or apartment or mobile/temporary accommodation,478,297,166,131,181,7,174
S01008887,All people in households,766,659,305,354,107,19,88
S01008887,Whole house or bungalow: Total,541,503,212,291,38,6,32
S01008887,Whole house or bungalow: Detached,113,111,63,48,2,2,0
S01008887,Whole house or bungalow: Semi-detached,341,317,124,193,24,2,22
S01008887,Whole house or bungalow: Terraced (including end-terrace),87,75,25,50,12,2,10
S01008887,Flat maisonette or apartment or mobile/temporary accommodation,225,156,93,63,69,13,56
S01008888,All people in households,592,357,143,214,235,7,228
S01008888,Whole house or bungalow: Total,84,71,35,36,13,3,10
S01008888,Whole house or bungalow: Detached,12,12,9,3,0,0,0
S01008888,Whole house or bungalow: Semi-detached,19,11,4,7,8,3,5
S01008888,Whole house or bungalow: Terraced (including end-terrace),53,48,22,26,5,0,5
S01008888,Flat maisonette or apartment or mobile/temporary accommodation,508,286,108,178,222,4,218
S01008889,All people in households,542,466,170,296,76,9,67
S01008889,Whole house or bungalow: Total,321,290,128,162,31,4,27
S01008889,Whole house or bungalow: Detached,118,117,57,60,1,0,1
S01008889,Whole house or bungalow: Semi-detached,101,85,35,50,16,0,16
S01008889,Whole house or bungalow: Terraced (including end-terrace),102,88,36,52,14,4,10
S01008889,Flat maisonette or apartment or mobile/temporary accommodation,221,176,42,134,45,5,40
S01008890,All people in households,716,661,297,364,55,26,29
S01008890,Whole house or bungalow: Total,668,642,290,352,26,2,24
S01008890,Whole house or bungalow: Detached,237,223,116,107,14,0,14
S01008890,Whole house or bungalow: Semi-detached,349,340,130,210,9,0,9
S01008890,Whole house or bungalow: Terraced (including end-terrace),82,79,44,35,3,2,1
S01008890,Flat maisonette or apartment or mobile/temporary accommodation,48,19,7,12,29,24,5
S01008891,All people in households,763,736,383,353,27,0,27
S01008891,Whole house or bungalow: Total,722,697,364,333,25,0,25
S01008891,Whole house or bungalow: Detached,158,148,63,85,10,0,10
S01008891,Whole house or bungalow: Semi-detached,336,328,165,163,8,0,8
S01008891,Whole house or bungalow: Terraced (including end-terrace),228,221,136,85,7,0,7
S01008891,Flat maisonette or apartment or mobile/temporary accommodation,41,39,19,20,2,0,2
S01008892,All people in households,971,694,330,364,277,91,186
S01008892,Whole house or bungalow: Total,383,364,149,215,19,8,11
S01008892,Whole house or bungalow: Detached,126,120,45,75,6,0,6
S01008892,Whole house or bungalow: Semi-detached,186,176,66,110,10,8,2
S01008892,Whole house or bungalow: Terraced (including end-terrace),71,68,38,30,3,0,3
S01008892,Flat maisonette or apartment or mobile/temporary accommodation,588,330,181,149,258,83,175
S01008893,All people in households,899,848,339,509,51,7,44
S01008893,Whole house or bungalow: Total,792,774,314,460,18,0,18
S01008893,Whole house or bungalow: Detached,172,172,81,91,0,0,0
S01008893,Whole house or bungalow: Semi-detached,392,382,151,231,10,0,10
S01008893,Whole house or bungalow: Terraced (including end-terrace),228,220,82,138,8,0,8
S01008893,Flat maisonette or apartment or mobile/temporary accommodation,107,74,25,49,33,7,26
S01008894,All people in households,868,816,376,440,52,18,34
S01008894,Whole house or bungalow: Total,812,775,363,412,37,17,20
S01008894,Whole house or bungalow: Detached,457,434,200,234,23,10,13
S01008894,Whole house or bungalow: Semi-detached,290,280,132,148,10,7,3
S01008894,Whole house or bungalow: Terraced (including end-terrace),65,61,31,30,4,0,4
S01008894,Flat maisonette or apartment or mobile/temporary accommodation,56,41,13,28,15,1,14
S01008895,All people in households,715,654,286,368,61,8,53
S01008895,Whole house or bungalow: Total,661,635,280,355,26,0,26
S01008895,Whole house or bungalow: Detached,527,512,233,279,15,0,15
S01008895,Whole house or bungalow: Semi-detached,126,115,41,74,11,0,11
S01008895,Whole house or bungalow: Terraced (including end-terrace),8,8,6,2,0,0,0
S01008895,Flat maisonette or apartment or mobile/temporary accommodation,54,19,6,13,35,8,27
S01008896,All people in households,566,493,166,327,73,0,73
S01008896,Whole house or bungalow: Total,462,433,133,300,29,0,29
S01008896,Whole house or bungalow: Detached,329,316,114,202,13,0,13
S01008896,Whole house or bungalow: Semi-detached,39,30,5,25,9,0,9
S01008896,Whole house or bungalow: Terraced (including end-terrace),94,87,14,73,7,0,7
S01008896,Flat maisonette or apartment or mobile/temporary accommodation,104,60,33,27,44,0,44
S01008897,All people in households,689,630,283,347,59,12,47
S01008897,Whole house or bungalow: Total,550,527,224,303,23,6,17
S01008897,Whole house or bungalow: Detached,355,351,157,194,4,0,4
S01008897,Whole house or bungalow: Semi-detached,108,89,20,69,19,6,13
S01008897,Whole house or bungalow: Terraced (including end-terrace),87,87,47,40,0,0,0
S01008897,Flat maisonette or apartment or mobile/temporary accommodation,139,103,59,44,36,6,30
S01008898,All people in households,870,824,377,447,46,3,43
S01008898,Whole house or bungalow: Total,834,800,369,431,34,0,34
S01008898,Whole house or bungalow: Detached,553,546,274,272,7,0,7
S01008898,Whole house or bungalow: Semi-detached,232,220,84,136,12,0,12
S01008898,Whole house or bungalow: Terraced (including end-terrace),49,34,11,23,15,0,15
S01008898,Flat maisonette or apartment or mobile/temporary accommodation,36,24,8,16,12,3,9
S01008899,All people in households,843,390,153,237,453,363,90
S01008899,Whole house or bungalow: Total,292,171,65,106,121,76,45
S01008899,Whole house or bungalow: Detached,10,8,6,2,2,0,2
S01008899,Whole house or bungalow: Semi-detached,143,76,31,45,67,39,28
S01008899,Whole house or bungalow: Terraced (including end-terrace),139,87,28,59,52,37,15
S01008899,Flat maisonette or apartment or mobile/temporary accommodation,551,219,88,131,332,287,45
S01008900,All people in households,948,592,227,365,356,203,153
S01008900,Whole house or bungalow: Total,551,423,154,269,128,63,65
S01008900,Whole house or bungalow: Detached,38,35,5,30,3,3,0
S01008900,Whole house or bungalow: Semi-detached,283,199,75,124,84,35,49
S01008900,Whole house or bungalow: Terraced (including end-terrace),230,189,74,115,41,25,16
S01008900,Flat maisonette or apartment or mobile/temporary accommodation,397,169,73,96,228,140,88
S01008901,All people in households,846,524,174,350,322,203,119
S01008901,Whole house or bungalow: Total,450,335,104,231,115,63,52
S01008901,Whole house or bungalow: Detached,125,100,33,67,25,16,9
S01008901,Whole house or bungalow: Semi-detached,168,111,20,91,57,26,31
S01008901,Whole house or bungalow: Terraced (including end-terrace),157,124,51,73,33,21,12
S01008901,Flat maisonette or apartment or mobile/temporary accommodation,396,189,70,119,207,140,67
S01008902,All people in households,1012,492,145,347,520,327,193
S01008902,Whole house or bungalow: Total,286,228,90,138,58,33,25
S01008902,Whole house or bungalow: Detached,33,21,6,15,12,4,8
S01008902,Whole house or bungalow: Semi-detached,69,58,26,32,11,11,0
S01008902,Whole house or bungalow: Terraced (including end-terrace),184,149,58,91,35,18,17
S01008902,Flat maisonette or apartment or mobile/temporary accommodation,726,264,55,209,462,294,168
S01008903,All people in households,962,664,261,403,298,221,77
S01008903,Whole house or bungalow: Total,516,409,148,261,107,50,57
S01008903,Whole house or bungalow: Detached,32,22,3,19,10,5,5
S01008903,Whole house or bungalow: Semi-detached,298,243,96,147,55,23,32
S01008903,Whole house or bungalow: Terraced (including end-terrace),186,144,49,95,42,22,20
S01008903,Flat maisonette or apartment or mobile/temporary accommodation,446,255,113,142,191,171,20
S01008904,All people in households,1073,439,127,312,634,268,366
S01008904,Whole house or bungalow: Total,122,62,15,47,60,37,23
S01008904,Whole house or bungalow: Detached,23,6,1,5,17,3,14
S01008904,Whole house or bungalow: Semi-detached,45,27,7,20,18,13,5
S01008904,Whole house or bungalow: Terraced (including end-terrace),54,29,7,22,25,21,4
S01008904,Flat maisonette or apartment or mobile/temporary accommodation,951,377,112,265,574,231,343
S01008905,All people in households,1104,317,79,238,787,528,259
S01008905,Whole house or bungalow: Total,103,51,10,41,52,42,10
S01008905,Whole house or bungalow: Detached,26,11,0,11,15,14,1
S01008905,Whole house or bungalow: Semi-detached,23,12,2,10,11,11,0
S01008905,Whole house or bungalow: Terraced (including end-terrace),54,28,8,20,26,17,9
S01008905,Flat maisonette or apartment or mobile/temporary accommodation,1001,266,69,197,735,486,249
S01008906,All people in households,813,207,40,167,606,437,169
S01008906,Whole house or bungalow: Total,204,39,10,29,165,132,33
S01008906,Whole house or bungalow: Detached,25,4,4,0,21,17,4
S01008906,Whole house or bungalow: Semi-detached,84,11,3,8,73,57,16
S01008906,Whole house or bungalow: Terraced (including end-terrace),95,24,3,21,71,58,13
S01008906,Flat maisonette or apartment or mobile/temporary accommodation,609,168,30,138,441,305,136
S01008907,All people in households,692,80,30,50,612,544,68
S01008907,Whole house or bungalow: Total,248,58,27,31,190,163,27
S01008907,Whole house or bungalow: Detached,24,4,4,0,20,20,0
S01008907,Whole house or bungalow: Semi-detached,106,17,6,11,89,77,12
S01008907,Whole house or bungalow: Terraced (including end-terrace),118,37,17,20,81,66,15
S01008907,Flat maisonette or apartment or mobile/temporary accommodation,444,22,3,19,422,381,41
S01008908,All people in households,929,386,140,246,543,352,191
S01008908,Whole house or bungalow: Total,149,84,48,36,65,26,39
S01008908,Whole house or bungalow: Detached,26,16,5,11,10,5,5
S01008908,Whole house or bungalow: Semi-detached,62,37,21,16,25,5,20
S01008908,Whole house or bungalow: Terraced (including end-terrace),61,31,22,9,30,16,14
S01008908,Flat maisonette or apartment or mobile/temporary accommodation,780,302,92,210,478,326,152
S01008909,All people in households,797,547,150,397,250,39,211
S01008909,Whole house or bungalow: Total,177,91,35,56,86,18,68
S01008909,Whole house or bungalow: Detached,10,7,0,7,3,0,3
S01008909,Whole house or bungalow: Semi-detached,86,27,8,19,59,11,48
S01008909,Whole house or bungalow: Terraced (including end-terrace),81,57,27,30,24,7,17
S01008909,Flat maisonette or apartment or mobile/temporary accommodation,620,456,115,341,164,21,143
S01008910,All people in households,476,314,89,225,162,10,152
S01008910,Whole house or bungalow: Total,110,73,33,40,37,0,37
S01008910,Whole house or bungalow: Detached,2,2,2,0,0,0,0
S01008910,Whole house or bungalow: Semi-detached,72,43,23,20,29,0,29
S01008910,Whole house or bungalow: Terraced (including end-terrace),36,28,8,20,8,0,8
S01008910,Flat maisonette or apartment or mobile/temporary accommodation,366,241,56,185,125,10,115
S01008911,All people in households,861,402,80,322,459,17,442
S01008911,Whole house or bungalow: Total,42,34,11,23,8,2,6
S01008911,Whole house or bungalow: Detached,6,6,0,6,0,0,0
S01008911,Whole house or bungalow: Semi-detached,5,2,2,0,3,2,1
S01008911,Whole house or bungalow: Terraced (including end-terrace),31,26,9,17,5,0,5
S01008911,Flat maisonette or apartment or mobile/temporary accommodation,819,368,69,299,451,15,436
S01008912,All people in households,792,675,226,449,117,28,89
S01008912,Whole house or bungalow: Total,518,466,147,319,52,17,35
S01008912,Whole house or bungalow: Detached,44,44,16,28,0,0,0
S01008912,Whole house or bungalow: Semi-detached,230,198,62,136,32,12,20
S01008912,Whole house or bungalow: Terraced (including end-terrace),244,224,69,155,20,5,15
S01008912,Flat maisonette or apartment or mobile/temporary accommodation,274,209,79,130,65,11,54
S01008913,All people in households,684,491,96,395,193,6,187
S01008913,Whole house or bungalow: Total,312,247,34,213,65,3,62
S01008913,Whole house or bungalow: Detached,15,15,1,14,0,0,0
S01008913,Whole house or bungalow: Semi-detached,82,49,14,35,33,2,31
S01008913,Whole house or bungalow: Terraced (including end-terrace),215,183,19,164,32,1,31
S01008913,Flat maisonette or apartment or mobile/temporary accommodation,372,244,62,182,128,3,125
S01008914,All people in households,868,649,241,408,219,125,94
S01008914,Whole house or bungalow: Total,486,403,149,254,83,49,34
S01008914,Whole house or bungalow: Detached,46,43,21,22,3,0,3
S01008914,Whole house or bungalow: Semi-detached,359,289,94,195,70,43,27
S01008914,Whole house or bungalow: Terraced (including end-terrace),81,71,34,37,10,6,4
S01008914,Flat maisonette or apartment or mobile/temporary accommodation,382,246,92,154,136,76,60
S01008915,All people in households,569,471,192,279,98,37,61
S01008915,Whole house or bungalow: Total,376,334,126,208,42,10,32
S01008915,Whole house or bungalow: Detached,36,25,7,18,11,0,11
S01008915,Whole house or bungalow: Semi-detached,193,176,71,105,17,3,14
S01008915,Whole house or bungalow: Terraced (including end-terrace),147,133,48,85,14,7,7
S01008915,Flat maisonette or apartment or mobile/temporary accommodation,193,137,66,71,56,27,29
S01008916,All people in households,1085,434,178,256,651,499,152
S01008916,Whole house or bungalow: Total,138,81,29,52,57,27,30
S01008916,Whole house or bungalow: Detached,40,32,7,25,8,4,4
S01008916,Whole house or bungalow: Semi-detached,63,30,10,20,33,10,23
S01008916,Whole house or bungalow: Terraced (including end-terrace),35,19,12,7,16,13,3
S01008916,Flat maisonette or apartment or mobile/temporary accommodation,947,353,149,204,594,472,122
S01008917,All people in households,681,186,41,145,495,421,74
S01008917,Whole house or bungalow: Total,53,25,6,19,28,23,5
S01008917,Whole house or bungalow: Detached,4,2,0,2,2,0,2
S01008917,Whole house or bungalow: Semi-detached,25,17,4,13,8,6,2
S01008917,Whole house or bungalow: Terraced (including end-terrace),24,6,2,4,18,17,1
S01008917,Flat maisonette or apartment or mobile/temporary accommodation,628,161,35,126,467,398,69
S01008918,All people in households,584,47,14,33,537,486,51
S01008918,Whole house or bungalow: Total,20,4,0,4,16,15,1
S01008918,Whole house or bungalow: Detached,5,4,0,4,1,1,0
S01008918,Whole house or bungalow: Semi-detached,7,0,0,0,7,7,0
S01008918,Whole house or bungalow: Terraced (including end-terrace),8,0,0,0,8,7,1
S01008918,Flat maisonette or apartment or mobile/temporary accommodation,564,43,14,29,521,471,50
S01008919,All people in households,544,79,23,56,465,408,57
S01008919,Whole house or bungalow: Total,27,5,5,0,22,11,11
S01008919,Whole house or bungalow: Detached,7,0,0,0,7,2,5
S01008919,Whole house or bungalow: Semi-detached,7,0,0,0,7,1,6
S01008919,Whole house or bungalow: Terraced (including end-terrace),13,5,5,0,8,8,0
S01008919,Flat maisonette or apartment or mobile/temporary accommodation,517,74,18,56,443,397,46
S01008920,All people in households,1075,500,75,425,575,162,413
S01008920,Whole house or bungalow: Total,154,107,15,92,47,11,36
S01008920,Whole house or bungalow: Detached,14,10,0,10,4,0,4
S01008920,Whole house or bungalow: Semi-detached,16,9,2,7,7,4,3
S01008920,Whole house or bungalow: Terraced (including end-terrace),124,88,13,75,36,7,29
S01008920,Flat maisonette or apartment or mobile/temporary accommodation,921,393,60,333,528,151,377
S01008921,All people in households,755,161,61,100,594,522,72
S01008921,Whole house or bungalow: Total,61,46,14,32,15,15,0
S01008921,Whole house or bungalow: Detached,7,6,3,3,1,1,0
S01008921,Whole house or bungalow: Semi-detached,13,6,4,2,7,7,0
S01008921,Whole house or bungalow: Terraced (including end-terrace),41,34,7,27,7,7,0
S01008921,Flat maisonette or apartment or mobile/temporary accommodation,694,115,47,68,579,507,72
S01008922,All people in households,785,405,126,279,380,212,168
S01008922,Whole house or bungalow: Total,166,96,24,72,70,17,53
S01008922,Whole house or bungalow: Detached,31,12,7,5,19,0,19
S01008922,Whole house or bungalow: Semi-detached,92,56,11,45,36,4,32
S01008922,Whole house or bungalow: Terraced (including end-terrace),43,28,6,22,15,13,2
S01008922,Flat maisonette or apartment or mobile/temporary accommodation,619,309,102,207,310,195,115
S01008923,All people in households,749,294,112,182,455,306,149
S01008923,Whole house or bungalow: Total,88,53,29,24,35,8,27
S01008923,Whole house or bungalow: Detached,1,0,0,0,1,1,0
S01008923,Whole house or bungalow: Semi-detached,60,32,17,15,28,2,26
S01008923,Whole house or bungalow: Terraced (including end-terrace),27,21,12,9,6,5,1
S01008923,Flat maisonette or apartment or mobile/temporary accommodation,661,241,83,158,420,298,122
S01008924,All people in households,982,183,41,142,799,673,126
S01008924,Whole house or bungalow: Total,734,126,26,100,608,538,70
S01008924,Whole house or bungalow: Detached,43,17,0,17,26,13,13
S01008924,Whole house or bungalow: Semi-detached,414,70,12,58,344,306,38
S01008924,Whole house or bungalow: Terraced (including end-terrace),277,39,14,25,238,219,19
S01008924,Flat maisonette or apartment or mobile/temporary accommodation,248,57,15,42,191,135,56
S01008925,All people in households,691,379,74,305,312,63,249
S01008925,Whole house or bungalow: Total,356,257,43,214,99,29,70
S01008925,Whole house or bungalow: Detached,7,3,0,3,4,2,2
S01008925,Whole house or bungalow: Semi-detached,267,207,32,175,60,14,46
S01008925,Whole house or bungalow: Terraced (including end-terrace),82,47,11,36,35,13,22
S01008925,Flat maisonette or apartment or mobile/temporary accommodation,335,122,31,91,213,34,179
S01008926,All people in households,607,376,93,283,231,145,86
S01008926,Whole house or bungalow: Total,474,302,85,217,172,133,39
S01008926,Whole house or bungalow: Detached,30,18,12,6,12,10,2
S01008926,Whole house or bungalow: Semi-detached,398,263,66,197,135,114,21
S01008926,Whole house or bungalow: Terraced (including end-terrace),46,21,7,14,25,9,16
S01008926,Flat maisonette or apartment or mobile/temporary accommodation,133,74,8,66,59,12,47
S01008927,All people in households,799,376,22,354,423,171,252
S01008927,Whole house or bungalow: Total,26,19,2,17,7,5,2
S01008927,Whole house or bungalow: Detached,0,0,0,0,0,0,0
S01008927,Whole house or bungalow: Semi-detached,10,6,2,4,4,2,2
S01008927,Whole house or bungalow: Terraced (including end-terrace),16,13,0,13,3,3,0
S01008927,Flat maisonette or apartment or mobile/temporary accommodation,773,357,20,337,416,166,250
S01008928,All people in households,609,253,68,185,356,237,119
S01008928,Whole house or bungalow: Total,256,76,42,34,180,143,37
S01008928,Whole house or bungalow: Detached,18,11,9,2,7,5,2
S01008928,Whole house or bungalow: Semi-detached,139,25,16,9,114,92,22
S01008928,Whole house or bungalow: Terraced (including end-terrace),99,40,17,23,59,46,13
S01008928,Flat maisonette or apartment or mobile/temporary accommodation,353,177,26,151,176,94,82
S01008929,All people in households,762,65,22,43,697,655,42
S01008929,Whole house or bungalow: Total,44,18,0,18,26,26,0
S01008929,Whole house or bungalow: Detached,5,0,0,0,5,5,0
S01008929,Whole house or bungalow: Semi-detached,14,11,0,11,3,3,0
S01008929,Whole house or bungalow: Terraced (including end-terrace),25,7,0,7,18,18,0
S01008929,Flat maisonette or apartment or mobile/temporary accommodation,718,47,22,25,671,629,42
S01008930,All people in households,913,127,45,82,786,745,41
S01008930,Whole house or bungalow: Total,299,65,15,50,234,220,14
S01008930,Whole house or bungalow: Detached,12,3,0,3,9,9,0
S01008930,Whole house or bungalow: Semi-detached,167,30,8,22,137,123,14
S01008930,Whole house or bungalow: Terraced (including end-terrace),120,32,7,25,88,88,0
S01008930,Flat maisonette or apartment or mobile/temporary accommodation,614,62,30,32,552,525,27
S01008931,All people in households,776,179,71,108,597,545,52
S01008931,Whole house or bungalow: Total,392,74,27,47,318,307,11
S01008931,Whole house or bungalow: Detached,39,8,4,4,31,26,5
S01008931,Whole house or bungalow: Semi-detached,156,32,4,28,124,119,5
S01008931,Whole house or bungalow: Terraced (including end-terrace),197,34,19,15,163,162,1
S01008931,Flat maisonette or apartment or mobile/temporary accommodation,384,105,44,61,279,238,41
S01008932,All people in households,885,401,66,335,484,160,324
S01008932,Whole house or bungalow: Total,238,159,17,142,79,33,46
S01008932,Whole house or bungalow: Detached,11,2,0,2,9,2,7
S01008932,Whole house or bungalow: Semi-detached,69,43,2,41,26,17,9
S01008932,Whole house or bungalow: Terraced (including end-terrace),158,114,15,99,44,14,30
S01008932,Flat maisonette or apartment or mobile/temporary accommodation,647,242,49,193,405,127,278
S01008933,All people in households,686,195,23,172,491,426,65
S01008933,Whole house or bungalow: Total,351,156,19,137,195,168,27
S01008933,Whole house or bungalow: Detached,13,6,0,6,7,7,0
S01008933,Whole house or bungalow: Semi-detached,174,80,6,74,94,71,23
S01008933,Whole house or bungalow: Terraced (including end-terrace),164,70,13,57,94,90,4
S01008933,Flat maisonette or apartment or mobile/temporary accommodation,335,39,4,35,296,258,38
S01008934,All people in households,792,397,88,309,395,249,146
S01008934,Whole house or bungalow: Total,473,302,30,272,171,103,68
S01008934,Whole house or bungalow: Detached,162,126,10,116,36,6,30
S01008934,Whole house or bungalow: Semi-detached,204,116,13,103,88,63,25
S01008934,Whole house or bungalow: Terraced (including end-terrace),107,60,7,53,47,34,13
S01008934,Flat maisonette or apartment or mobile/temporary accommodation,319,95,58,37,224,146,78
S01008935,All people in households,893,809,398,411,84,22,62
S01008935,Whole house or bungalow: Total,710,704,354,350,6,0,6
S01008935,Whole house or bungalow: Detached,102,102,56,46,0,0,0
S01008935,Whole house or bungalow: Semi-detached,578,572,285,287,6,0,6
S01008935,Whole house or bungalow: Terraced (including end-terrace),30,30,13,17,0,0,0
S01008935,Flat maisonette or apartment or mobile/temporary accommodation,183,105,44,61,78,22,56
S01008936,All people in households,397,383,141,242,14,1,13
S01008936,Whole house or bungalow: Total,350,338,127,211,12,1,11
S01008936,Whole house or bungalow: Detached,222,215,92,123,7,1,6
S01008936,Whole house or bungalow: Semi-detached,121,119,31,88,2,0,2
S01008936,Whole house or bungalow: Terraced (including end-terrace),7,4,4,0,3,0,3
S01008936,Flat maisonette or apartment or mobile/temporary accommodation,47,45,14,31,2,0,2
S01008937,All people in households,831,665,273,392,166,28,138
S01008937,Whole house or bungalow: Total,378,323,124,199,55,20,35
S01008937,Whole house or bungalow: Detached,157,141,49,92,16,2,14
S01008937,Whole house or bungalow: Semi-detached,122,98,37,61,24,11,13
S01008937,Whole house or bungalow: Terraced (including end-terrace),99,84,38,46,15,7,8
S01008937,Flat maisonette or apartment or mobile/temporary accommodation,453,342,149,193,111,8,103
S01008938,All people in households,750,692,265,427,58,8,50
S01008938,Whole house or bungalow: Total,657,631,251,380,26,6,20
S01008938,Whole house or bungalow: Detached,209,205,100,105,4,0,4
S01008938,Whole house or bungalow: Semi-detached,428,409,136,273,19,3,16
S01008938,Whole house or bungalow: Terraced (including end-terrace),20,17,15,2,3,3,0
S01008938,Flat maisonette or apartment or mobile/temporary accommodation,93,61,14,47,32,2,30
S01008939,All people in households,781,711,323,388,70,11,59
S01008939,Whole house or bungalow: Total,647,616,297,319,31,3,28
S01008939,Whole house or bungalow: Detached,76,72,51,21,4,0,4
S01008939,Whole house or bungalow: Semi-detached,472,453,211,242,19,3,16
S01008939,Whole house or bungalow: Terraced (including end-terrace),99,91,35,56,8,0,8
S01008939,Flat maisonette or apartment or mobile/temporary accommodation,134,95,26,69,39,8,31
S01008940,All people in households,636,575,330,245,61,0,61
S01008940,Whole house or bungalow: Total,549,507,273,234,42,0,42
S01008940,Whole house or bungalow: Detached,262,242,139,103,20,0,20
S01008940,Whole house or bungalow: Semi-detached,212,194,89,105,18,0,18
S01008940,Whole house or bungalow: Terraced (including end-terrace),75,71,45,26,4,0,4
S01008940,Flat maisonette or apartment or mobile/temporary accommodation,87,68,57,11,19,0,19
S01008941,All people in households,881,755,304,451,126,31,95
S01008941,Whole house or bungalow: Total,688,616,223,393,72,23,49
S01008941,Whole house or bungalow: Detached,450,416,158,258,34,0,34
S01008941,Whole house or bungalow: Semi-detached,84,69,19,50,15,5,10
S01008941,Whole house or bungalow: Terraced (including end-terrace),154,131,46,85,23,18,5
S01008941,Flat maisonette or apartment or mobile/temporary accommodation,193,139,81,58,54,8,46
S01008942,All people in households,727,630,255,375,97,2,95
S01008942,Whole house or bungalow: Total,533,484,202,282,49,0,49
S01008942,Whole house or bungalow: Detached,258,248,129,119,10,0,10
S01008942,Whole house or bungalow: Semi-detached,75,59,19,40,16,0,16
S01008942,Whole house or bungalow: Terraced (including end-terrace),200,177,54,123,23,0,23
S01008942,Flat maisonette or apartment or mobile/temporary accommodation,194,146,53,93,48,2,46
S01008943,All people in households,826,792,408,384,34,6,28
S01008943,Whole house or bungalow: Total,734,715,353,362,19,2,17
S01008943,Whole house or bungalow: Detached,532,519,266,253,13,0,13
S01008943,Whole house or bungalow: Semi-detached,79,76,36,40,3,0,3
S01008943,Whole house or bungalow: Terraced (including end-terrace),123,120,51,69,3,2,1
S01008943,Flat maisonette or apartment or mobile/temporary accommodation,92,77,55,22,15,4,11
S01008944,All people in households,1013,935,456,479,78,9,69
S01008944,Whole house or bungalow: Total,799,760,325,435,39,4,35
S01008944,Whole house or bungalow: Detached,566,548,255,293,18,0,18
S01008944,Whole house or bungalow: Semi-detached,66,58,26,32,8,4,4
S01008944,Whole house or bungalow: Terraced (including end-terrace),167,154,44,110,13,0,13
S01008944,Flat maisonette or apartment or mobile/temporary accommodation,214,175,131,44,39,5,34
S01008945,All people in households,782,739,325,414,43,4,39
S01008945,Whole house or bungalow: Total,758,724,321,403,34,4,30
S01008945,Whole house or bungalow: Detached,490,475,226,249,15,4,11
S01008945,Whole house or bungalow: Semi-detached,102,91,41,50,11,0,11
S01008945,Whole house or bungalow: Terraced (including end-terrace),166,158,54,104,8,0,8
S01008945,Flat maisonette or apartment or mobile/temporary accommodation,24,15,4,11,9,0,9
S01008946,All people in households,912,818,430,388,94,17,77
S01008946,Whole house or bungalow: Total,665,625,327,298,40,8,32
S01008946,Whole house or bungalow: Detached,539,522,290,232,17,0,17
S01008946,Whole house or bungalow: Semi-detached,68,53,16,37,15,7,8
S01008946,Whole house or bungalow: Terraced (including end-terrace),58,50,21,29,8,1,7
S01008946,Flat maisonette or apartment or mobile/temporary accommodation,247,193,103,90,54,9,45
S01008947,All people in households,1063,1008,497,511,55,13,42
S01008947,Whole house or bungalow: Total,898,867,394,473,31,7,24
S01008947,Whole house or bungalow: Detached,619,598,286,312,21,0,21
S01008947,Whole house or bungalow: Semi-detached,246,246,99,147,0,0,0
S01008947,Whole house or bungalow: Terraced (including end-terrace),33,23,9,14,10,7,3
S01008947,Flat maisonette or apartment or mobile/temporary accommodation,165,141,103,38,24,6,18
S01008948,All people in households,699,636,229,407,63,19,44
S01008948,Whole house or bungalow: Total,537,497,189,308,40,15,25
S01008948,Whole house or bungalow: Detached,262,249,112,137,13,4,9
S01008948,Whole house or bungalow: Semi-detached,195,178,64,114,17,8,9
S01008948,Whole house or bungalow: Terraced (including end-terrace),80,70,13,57,10,3,7
S01008948,Flat maisonette or apartment or mobile/temporary accommodation,162,139,40,99,23,4,19
S01008949,All people in households,924,684,221,463,240,151,89
S01008949,Whole house or bungalow: Total,832,632,213,419,200,132,68
S01008949,Whole house or bungalow: Detached,14,8,8,0,6,5,1
S01008949,Whole house or bungalow: Semi-detached,439,335,107,228,104,78,26
S01008949,Whole house or bungalow: Terraced (including end-terrace),379,289,98,191,90,49,41
S01008949,Flat maisonette or apartment or mobile/temporary accommodation,92,52,8,44,40,19,21
S01008950,All people in households,935,729,227,502,206,121,85
S01008950,Whole house or bungalow: Total,832,672,216,456,160,102,58
S01008950,Whole house or bungalow: Detached,53,49,10,39,4,1,3
S01008950,Whole house or bungalow: Semi-detached,475,379,136,243,96,71,25
S01008950,Whole house or bungalow: Terraced (including end-terrace),304,244,70,174,60,30,30
S01008950,Flat maisonette or apartment or mobile/temporary accommodation,103,57,11,46,46,19,27
S01008951,All people in households,822,458,159,299,364,236,128
S01008951,Whole house or bungalow: Total,273,204,74,130,69,41,28
S01008951,Whole house or bungalow: Detached,26,20,4,16,6,5,1
S01008951,Whole house or bungalow: Semi-detached,128,84,24,60,44,27,17
S01008951,Whole house or bungalow: Terraced (including end-terrace),119,100,46,54,19,9,10
S01008951,Flat maisonette or apartment or mobile/temporary accommodation,549,254,85,169,295,195,100
S01008952,All people in households,803,419,126,293,384,226,158
S01008952,Whole house or bungalow: Total,96,81,19,62,15,7,8
S01008952,Whole house or bungalow: Detached,30,25,3,22,5,0,5
S01008952,Whole house or bungalow: Semi-detached,39,36,11,25,3,0,3
S01008952,Whole house or bungalow: Terraced (including end-terrace),27,20,5,15,7,7,0
S01008952,Flat maisonette or apartment or mobile/temporary accommodation,707,338,107,231,369,219,150
S01008953,All people in households,903,600,202,398,303,193,110
S01008953,Whole house or bungalow: Total,569,409,126,283,160,106,54
S01008953,Whole house or bungalow: Detached,52,30,17,13,22,11,11
S01008953,Whole house or bungalow: Semi-detached,245,178,39,139,67,47,20
S01008953,Whole house or bungalow: Terraced (including end-terrace),272,201,70,131,71,48,23
S01008953,Flat maisonette or apartment or mobile/temporary accommodation,334,191,76,115,143,87,56
S01008954,All people in households,839,520,178,342,319,204,115
S01008954,Whole house or bungalow: Total,542,392,140,252,150,99,51
S01008954,Whole house or bungalow: Detached,26,26,4,22,0,0,0
S01008954,Whole house or bungalow: Semi-detached,218,156,70,86,62,50,12
S01008954,Whole house or bungalow: Terraced (including end-terrace),298,210,66,144,88,49,39
S01008954,Flat maisonette or apartment or mobile/temporary accommodation,297,128,38,90,169,105,64
S01008955,All people in households,637,529,196,333,108,46,62
S01008955,Whole house or bungalow: Total,532,464,170,294,68,26,42
S01008955,Whole house or bungalow: Detached,118,106,49,57,12,12,0
S01008955,Whole house or bungalow: Semi-detached,224,205,81,124,19,10,9
S01008955,Whole house or bungalow: Terraced (including end-terrace),190,153,40,113,37,4,33
S01008955,Flat maisonette or apartment or mobile/temporary accommodation,105,65,26,39,40,20,20
S01008956,All people in households,878,702,198,504,176,73,103
S01008956,Whole house or bungalow: Total,786,642,193,449,144,66,78
S01008956,Whole house or bungalow: Detached,168,151,57,94,17,6,11
S01008956,Whole house or bungalow: Semi-detached,174,157,52,105,17,5,12
S01008956,Whole house or bungalow: Terraced (including end-terrace),444,334,84,250,110,55,55
S01008956,Flat maisonette or apartment or mobile/temporary accommodation,92,60,5,55,32,7,25
S01008957,All people in households,1010,636,260,376,374,242,132
S01008957,Whole house or bungalow: Total,771,543,224,319,228,179,49
S01008957,Whole house or bungalow: Detached,179,174,80,94,5,1,4
S01008957,Whole house or bungalow: Semi-detached,169,119,51,68,50,25,25
S01008957,Whole house or bungalow: Terraced (including end-terrace),423,250,93,157,173,153,20
S01008957,Flat maisonette or apartment or mobile/temporary accommodation,239,93,36,57,146,63,83
S01008958,All people in households,722,420,108,312,302,230,72
S01008958,Whole house or bungalow: Total,401,327,87,240,74,35,39
S01008958,Whole house or bungalow: Detached,53,50,13,37,3,3,0
S01008958,Whole house or bungalow: Semi-detached,78,65,19,46,13,12,1
S01008958,Whole house or bungalow: Terraced (including end-terrace),270,212,55,157,58,20,38
S01008958,Flat maisonette or apartment or mobile/temporary accommodation,321,93,21,72,228,195,33
S01008959,All people in households,859,677,228,449,182,107,75
S01008959,Whole house or bungalow: Total,702,609,201,408,93,59,34
S01008959,Whole house or bungalow: Detached,48,43,17,26,5,5,0
S01008959,Whole house or bungalow: Semi-detached,204,162,36,126,42,23,19
S01008959,Whole house or bungalow: Terraced (including end-terrace),450,404,148,256,46,31,15
S01008959,Flat maisonette or apartment or mobile/temporary accommodation,157,68,27,41,89,48,41
S01008960,All people in households,916,810,208,602,106,24,82
S01008960,Whole house or bungalow: Total,725,674,157,517,51,14,37
S01008960,Whole house or bungalow: Detached,502,479,129,350,23,0,23
S01008960,Whole house or bungalow: Semi-detached,79,62,12,50,17,6,11
S01008960,Whole house or bungalow: Terraced (including end-terrace),144,133,16,117,11,8,3
S01008960,Flat maisonette or apartment or mobile/temporary accommodation,191,136,51,85,55,10,45
S01008961,All people in households,715,619,195,424,96,13,83
S01008961,Whole house or bungalow: Total,608,558,187,371,50,11,39
S01008961,Whole house or bungalow: Detached,168,156,81,75,12,0,12
S01008961,Whole house or bungalow: Semi-detached,172,163,60,103,9,3,6
S01008961,Whole house or bungalow: Terraced (including end-terrace),268,239,46,193,29,8,21
S01008961,Flat maisonette or apartment or mobile/temporary accommodation,107,61,8,53,46,2,44
S01008962,All people in households,616,562,241,321,54,11,43
S01008962,Whole house or bungalow: Total,545,504,216,288,41,8,33
S01008962,Whole house or bungalow: Detached,182,178,79,99,4,0,4
S01008962,Whole house or bungalow: Semi-detached,348,319,136,183,29,0,29
S01008962,Whole house or bungalow: Terraced (including end-terrace),15,7,1,6,8,8,0
S01008962,Flat maisonette or apartment or mobile/temporary accommodation,71,58,25,33,13,3,10
S01008963,All people in households,783,709,333,376,74,19,55
S01008963,Whole house or bungalow: Total,676,661,321,340,15,3,12
S01008963,Whole house or bungalow: Detached,354,350,174,176,4,0,4
S01008963,Whole house or bungalow: Semi-detached,301,293,134,159,8,3,5
S01008963,Whole house or bungalow: Terraced (including end-terrace),21,18,13,5,3,0,3
S01008963,Flat maisonette or apartment or mobile/temporary accommodation,107,48,12,36,59,16,43
S01008964,All people in households,525,496,208,288,29,0,29
S01008964,Whole house or bungalow: Total,498,477,200,277,21,0,21
S01008964,Whole house or bungalow: Detached,332,315,144,171,17,0,17
S01008964,Whole house or bungalow: Semi-detached,153,149,56,93,4,0,4
S01008964,Whole house or bungalow: Terraced (including end-terrace),13,13,0,13,0,0,0
S01008964,Flat maisonette or apartment or mobile/temporary accommodation,27,19,8,11,8,0,8
S01008965,All people in households,742,700,336,364,42,22,20
S01008965,Whole house or bungalow: Total,720,691,336,355,29,9,20
S01008965,Whole house or bungalow: Detached,583,569,300,269,14,0,14
S01008965,Whole house or bungalow: Semi-detached,100,99,30,69,1,1,0
S01008965,Whole house or bungalow: Terraced (including end-terrace),37,23,6,17,14,8,6
S01008965,Flat maisonette or apartment or mobile/temporary accommodation,22,9,0,9,13,13,0
S01008966,All people in households,590,556,262,294,34,1,33
S01008966,Whole house or bungalow: Total,575,549,258,291,26,1,25
S01008966,Whole house or bungalow: Detached,263,255,134,121,8,0,8
S01008966,Whole house or bungalow: Semi-detached,299,288,124,164,11,0,11
S01008966,Whole house or bungalow: Terraced (including end-terrace),13,6,0,6,7,1,6
S01008966,Flat maisonette or apartment or mobile/temporary accommodation,15,7,4,3,8,0,8
S01008967,All people in households,1045,1005,441,564,40,11,29
S01008967,Whole house or bungalow: Total,1008,979,434,545,29,9,20
S01008967,Whole house or bungalow: Detached,549,533,247,286,16,5,11
S01008967,Whole house or bungalow: Semi-detached,356,352,151,201,4,4,0
S01008967,Whole house or bungalow: Terraced (including end-terrace),103,94,36,58,9,0,9
S01008967,Flat maisonette or apartment or mobile/temporary accommodation,37,26,7,19,11,2,9
S01008968,All people in households,997,940,381,559,57,33,24
S01008968,Whole house or bungalow: Total,953,931,381,550,22,0,22
S01008968,Whole house or bungalow: Detached,373,357,156,201,16,0,16
S01008968,Whole house or bungalow: Semi-detached,475,469,190,279,6,0,6
S01008968,Whole house or bungalow: Terraced (including end-terrace),105,105,35,70,0,0,0
S01008968,Flat maisonette or apartment or mobile/temporary accommodation,44,9,0,9,35,33,2
S01008969,All people in households,1088,958,425,533,130,43,87
S01008969,Whole house or bungalow: Total,848,787,352,435,61,24,37
S01008969,Whole house or bungalow: Detached,246,240,122,118,6,4,2
S01008969,Whole house or bungalow: Semi-detached,426,385,168,217,41,12,29
S01008969,Whole house or bungalow: Terraced (including end-terrace),176,162,62,100,14,8,6
S01008969,Flat maisonette or apartment or mobile/temporary accommodation,240,171,73,98,69,19,50
S01008970,All people in households,1014,913,367,546,101,25,76
S01008970,Whole house or bungalow: Total,771,745,323,422,26,10,16
S01008970,Whole house or bungalow: Detached,367,354,178,176,13,6,7
S01008970,Whole house or bungalow: Semi-detached,334,326,129,197,8,0,8
S01008970,Whole house or bungalow: Terraced (including end-terrace),70,65,16,49,5,4,1
S01008970,Flat maisonette or apartment or mobile/temporary accommodation,243,168,44,124,75,15,60
S01008971,All people in households,697,659,233,426,38,4,34
S01008971,Whole house or bungalow: Total,606,581,214,367,25,4,21
S01008971,Whole house or bungalow: Detached,285,279,108,171,6,0,6
S01008971,Whole house or bungalow: Semi-detached,261,243,88,155,18,4,14
S01008971,Whole house or bungalow: Terraced (including end-terrace),60,59,18,41,1,0,1
S01008971,Flat maisonette or apartment or mobile/temporary accommodation,91,78,19,59,13,0,13
S01008972,All people in households,765,695,313,382,70,2,68
S01008972,Whole house or bungalow: Total,625,598,286,312,27,0,27
S01008972,Whole house or bungalow: Detached,164,164,83,81,0,0,0
S01008972,Whole house or bungalow: Semi-detached,359,341,171,170,18,0,18
S01008972,Whole house or bungalow: Terraced (including end-terrace),102,93,32,61,9,0,9
S01008972,Flat maisonette or apartment or mobile/temporary accommodation,140,97,27,70,43,2,41
S01008973,All people in households,708,571,255,316,137,39,98
S01008973,Whole house or bungalow: Total,422,379,159,220,43,2,41
S01008973,Whole house or bungalow: Detached,47,40,28,12,7,0,7
S01008973,Whole house or bungalow: Semi-detached,157,146,66,80,11,0,11
S01008973,Whole house or bungalow: Terraced (including end-terrace),218,193,65,128,25,2,23
S01008973,Flat maisonette or apartment or mobile/temporary accommodation,286,192,96,96,94,37,57
S01008974,All people in households,803,579,268,311,224,32,192
S01008974,Whole house or bungalow: Total,405,364,167,197,41,4,37
S01008974,Whole house or bungalow: Detached,180,167,90,77,13,0,13
S01008974,Whole house or bungalow: Semi-detached,160,155,69,86,5,0,5
S01008974,Whole house or bungalow: Terraced (including end-terrace),65,42,8,34,23,4,19
S01008974,Flat maisonette or apartment or mobile/temporary accommodation,398,215,101,114,183,28,155
S01008975,All people in households,728,416,212,204,312,186,126
S01008975,Whole house or bungalow: Total,243,178,82,96,65,44,21
S01008975,Whole house or bungalow: Detached,49,46,22,24,3,3,0
S01008975,Whole house or bungalow: Semi-detached,71,34,17,17,37,30,7
S01008975,Whole house or bungalow: Terraced (including end-terrace),123,98,43,55,25,11,14
S01008975,Flat maisonette or apartment or mobile/temporary accommodation,485,238,130,108,247,142,105
S01008976,All people in households,525,495,215,280,30,10,20
S01008976,Whole house or bungalow: Total,439,420,170,250,19,5,14
S01008976,Whole house or bungalow: Detached,155,154,62,92,1,0,1
S01008976,Whole house or bungalow: Semi-detached,149,136,58,78,13,0,13
S01008976,Whole house or bungalow: Terraced (including end-terrace),135,130,50,80,5,5,0
S01008976,Flat maisonette or apartment or mobile/temporary accommodation,86,75,45,30,11,5,6
S01008977,All people in households,605,557,278,279,48,8,40
S01008977,Whole house or bungalow: Total,526,511,261,250,15,5,10
S01008977,Whole house or bungalow: Detached,246,236,136,100,10,5,5
S01008977,Whole house or bungalow: Semi-detached,156,156,67,89,0,0,0
S01008977,Whole house or bungalow: Terraced (including end-terrace),124,119,58,61,5,0,5
S01008977,Flat maisonette or apartment or mobile/temporary accommodation,79,46,17,29,33,3,30
S01008978,All people in households,580,437,143,294,143,14,129
S01008978,Whole house or bungalow: Total,226,178,61,117,48,12,36
S01008978,Whole house or bungalow: Detached,2,2,1,1,0,0,0
S01008978,Whole house or bungalow: Semi-detached,81,62,6,56,19,2,17
S01008978,Whole house or bungalow: Terraced (including end-terrace),143,114,54,60,29,10,19
S01008978,Flat maisonette or apartment or mobile/temporary accommodation,354,259,82,177,95,2,93
S01008979,All people in households,743,526,97,429,217,17,200
S01008979,Whole house or bungalow: Total,126,89,12,77,37,3,34
S01008979,Whole house or bungalow: Detached,11,11,0,11,0,0,0
S01008979,Whole house or bungalow: Semi-detached,74,42,2,40,32,3,29
S01008979,Whole house or bungalow: Terraced (including end-terrace),41,36,10,26,5,0,5
S01008979,Flat maisonette or apartment or mobile/temporary accommodation,617,437,85,352,180,14,166
S01008980,All people in households,834,555,133,422,279,36,243
S01008980,Whole house or bungalow: Total,174,103,33,70,71,14,57
S01008980,Whole house or bungalow: Detached,25,17,2,15,8,0,8
S01008980,Whole house or bungalow: Semi-detached,92,49,16,33,43,9,34
S01008980,Whole house or bungalow: Terraced (including end-terrace),57,37,15,22,20,5,15
S01008980,Flat maisonette or apartment or mobile/temporary accommodation,660,452,100,352,208,22,186
S01008981,All people in households,708,664,335,329,44,18,26
S01008981,Whole house or bungalow: Total,618,594,321,273,24,6,18
S01008981,Whole house or bungalow: Detached,111,111,63,48,0,0,0
S01008981,Whole house or bungalow: Semi-detached,250,233,117,116,17,6,11
S01008981,Whole house or bungalow: Terraced (including end-terrace),257,250,141,109,7,0,7
S01008981,Flat maisonette or apartment or mobile/temporary accommodation,90,70,14,56,20,12,8
S01008982,All people in households,789,525,156,369,264,21,243
S01008982,Whole house or bungalow: Total,95,49,19,30,46,6,40
S01008982,Whole house or bungalow: Detached,2,2,0,2,0,0,0
S01008982,Whole house or bungalow: Semi-detached,56,24,7,17,32,6,26
S01008982,Whole house or bungalow: Terraced (including end-terrace),37,23,12,11,14,0,14
S01008982,Flat maisonette or apartment or mobile/temporary accommodation,694,476,137,339,218,15,203
S01008983,All people in households,650,444,77,367,206,26,180
S01008983,Whole house or bungalow: Total,48,39,3,36,9,2,7
S01008983,Whole house or bungalow: Detached,3,3,0,3,0,0,0
S01008983,Whole house or bungalow: Semi-detached,2,2,2,0,0,0,0
S01008983,Whole house or bungalow: Terraced (including end-terrace),43,34,1,33,9,2,7
S01008983,Flat maisonette or apartment or mobile/temporary accommodation,602,405,74,331,197,24,173
S01008984,All people in households,518,340,102,238,178,9,169
S01008984,Whole house or bungalow: Total,83,47,18,29,36,4,32
S01008984,Whole house or bungalow: Detached,10,9,0,9,1,0,1
S01008984,Whole house or bungalow: Semi-detached,39,14,7,7,25,0,25
S01008984,Whole house or bungalow: Terraced (including end-terrace),34,24,11,13,10,4,6
S01008984,Flat maisonette or apartment or mobile/temporary accommodation,435,293,84,209,142,5,137
S01008985,All people in households,679,562,210,352,117,6,111
S01008985,Whole house or bungalow: Total,384,356,163,193,28,2,26
S01008985,Whole house or bungalow: Detached,8,8,2,6,0,0,0
S01008985,Whole house or bungalow: Semi-detached,116,98,55,43,18,2,16
S01008985,Whole house or bungalow: Terraced (including end-terrace),260,250,106,144,10,0,10
S01008985,Flat maisonette or apartment or mobile/temporary accommodation,295,206,47,159,89,4,85
S01008986,All people in households,802,735,315,420,67,1,66
S01008986,Whole house or bungalow: Total,768,712,313,399,56,0,56
S01008986,Whole house or bungalow: Detached,2,2,2,0,0,0,0
S01008986,Whole house or bungalow: Semi-detached,716,671,297,374,45,0,45
S01008986,Whole house or bungalow: Terraced (including end-terrace),50,39,14,25,11,0,11
S01008986,Flat maisonette or apartment or mobile/temporary accommodation,34,23,2,21,11,1,10
S01008987,All people in households,822,788,368,420,34,1,33
S01008987,Whole house or bungalow: Total,789,761,357,404,28,1,27
S01008987,Whole house or bungalow: Detached,6,2,0,2,4,0,4
S01008987,Whole house or bungalow: Semi-detached,767,744,350,394,23,0,23
S01008987,Whole house or bungalow: Terraced (including end-terrace),16,15,7,8,1,1,0
S01008987,Flat maisonette or apartment or mobile/temporary accommodation,33,27,11,16,6,0,6
S01008988,All people in households,941,625,312,313,316,82,234
S01008988,Whole house or bungalow: Total,502,403,201,202,99,55,44
S01008988,Whole house or bungalow: Detached,113,102,74,28,11,0,11
S01008988,Whole house or bungalow: Semi-detached,93,90,35,55,3,3,0
S01008988,Whole house or bungalow: Terraced (including end-terrace),296,211,92,119,85,52,33
S01008988,Flat maisonette or apartment or mobile/temporary accommodation,439,222,111,111,217,27,190
S01008989,All people in households,653,490,87,403,163,9,154
S01008989,Whole house or bungalow: Total,463,387,71,316,76,2,74
S01008989,Whole house or bungalow: Detached,8,8,7,1,0,0,0
S01008989,Whole house or bungalow: Semi-detached,71,50,22,28,21,1,20
S01008989,Whole house or bungalow: Terraced (including end-terrace),384,329,42,287,55,1,54
S01008989,Flat maisonette or apartment or mobile/temporary accommodation,190,103,16,87,87,7,80
S01008990,All people in households,737,560,142,418,177,3,174
S01008990,Whole house or bungalow: Total,484,423,107,316,61,2,59
S01008990,Whole house or bungalow: Detached,16,13,9,4,3,2,1
S01008990,Whole house or bungalow: Semi-detached,75,48,13,35,27,0,27
S01008990,Whole house or bungalow: Terraced (including end-terrace),393,362,85,277,31,0,31
S01008990,Flat maisonette or apartment or mobile/temporary accommodation,253,137,35,102,116,1,115
S01008991,All people in households,935,816,202,614,119,15,104
S01008991,Whole house or bungalow: Total,825,771,185,586,54,6,48
S01008991,Whole house or bungalow: Detached,244,225,75,150,19,4,15
S01008991,Whole house or bungalow: Semi-detached,362,351,78,273,11,0,11
S01008991,Whole house or bungalow: Terraced (including end-terrace),219,195,32,163,24,2,22
S01008991,Flat maisonette or apartment or mobile/temporary accommodation,110,45,17,28,65,9,56
S01008992,All people in households,562,428,172,256,134,58,76
S01008992,Whole house or bungalow: Total,288,266,107,159,22,4,18
S01008992,Whole house or bungalow: Detached,77,77,36,41,0,0,0
S01008992,Whole house or bungalow: Semi-detached,165,148,64,84,17,3,14
S01008992,Whole house or bungalow: Terraced (including end-terrace),46,41,7,34,5,1,4
S01008992,Flat maisonette or apartment or mobile/temporary accommodation,274,162,65,97,112,54,58
S01008993,All people in households,1068,788,342,446,280,15,265
S01008993,Whole house or bungalow: Total,795,636,287,349,159,2,157
S01008993,Whole house or bungalow: Detached,356,279,140,139,77,0,77
S01008993,Whole house or bungalow: Semi-detached,269,217,95,122,52,2,50
S01008993,Whole house or bungalow: Terraced (including end-terrace),170,140,52,88,30,0,30
S01008993,Flat maisonette or apartment or mobile/temporary accommodation,273,152,55,97,121,13,108
S01008994,All people in households,773,488,171,317,285,226,59
S01008994,Whole house or bungalow: Total,664,448,163,285,216,181,35
S01008994,Whole house or bungalow: Detached,107,81,28,53,26,19,7
S01008994,Whole house or bungalow: Semi-detached,282,190,70,120,92,76,16
S01008994,Whole house or bungalow: Terraced (including end-terrace),275,177,65,112,98,86,12
S01008994,Flat maisonette or apartment or mobile/temporary accommodation,109,40,8,32,69,45,24
S01008995,All people in households,861,760,285,475,101,28,73
S01008995,Whole house or bungalow: Total,754,709,264,445,45,5,40
S01008995,Whole house or bungalow: Detached,381,357,145,212,24,0,24
S01008995,Whole house or bungalow: Semi-detached,344,327,107,220,17,3,14
S01008995,Whole house or bungalow: Terraced (including end-terrace),29,25,12,13,4,2,2
S01008995,Flat maisonette or apartment or mobile/temporary accommodation,107,51,21,30,56,23,33
S01008996,All people in households,562,393,176,217,169,117,52
S01008996,Whole house or bungalow: Total,536,381,170,211,155,107,48
S01008996,Whole house or bungalow: Detached,117,109,50,59,8,0,8
S01008996,Whole house or bungalow: Semi-detached,135,76,37,39,59,40,19
S01008996,Whole house or bungalow: Terraced (including end-terrace),284,196,83,113,88,67,21
S01008996,Flat maisonette or apartment or mobile/temporary accommodation,26,12,6,6,14,10,4
S01008997,All people in households,984,732,173,559,252,98,154
S01008997,Whole house or bungalow: Total,919,710,173,537,209,66,143
S01008997,Whole house or bungalow: Detached,365,297,58,239,68,2,66
S01008997,Whole house or bungalow: Semi-detached,236,188,59,129,48,20,28
S01008997,Whole house or bungalow: Terraced (including end-terrace),318,225,56,169,93,44,49
S01008997,Flat maisonette or apartment or mobile/temporary accommodation,65,22,0,22,43,32,11
S01008998,All people in households,628,272,74,198,356,292,64
S01008998,Whole house or bungalow: Total,550,254,69,185,296,262,34
S01008998,Whole house or bungalow: Detached,50,41,17,24,9,9,0
S01008998,Whole house or bungalow: Semi-detached,307,119,35,84,188,164,24
S01008998,Whole house or bungalow: Terraced (including end-terrace),193,94,17,77,99,89,10
S01008998,Flat maisonette or apartment or mobile/temporary accommodation,78,18,5,13,60,30,30
S01008999,All people in households,854,637,261,376,217,120,97
S01008999,Whole house or bungalow: Total,685,562,239,323,123,62,61
S01008999,Whole house or bungalow: Detached,221,177,97,80,44,11,33
S01008999,Whole house or bungalow: Semi-detached,228,194,75,119,34,16,18
S01008999,Whole house or bungalow: Terraced (including end-terrace),236,191,67,124,45,35,10
S01008999,Flat maisonette or apartment or mobile/temporary accommodation,169,75,22,53,94,58,36
S01009000,All people in households,911,805,330,475,106,19,87
S01009000,Whole house or bungalow: Total,853,776,322,454,77,17,60
S01009000,Whole house or bungalow: Detached,162,141,58,83,21,0,21
S01009000,Whole house or bungalow: Semi-detached,603,563,243,320,40,5,35
S01009000,Whole house or bungalow: Terraced (including end-terrace),88,72,21,51,16,12,4
S01009000,Flat maisonette or apartment or mobile/temporary accommodation,58,29,8,21,29,2,27
S01009001,All people in households,880,777,246,531,103,50,53
S01009001,Whole house or bungalow: Total,838,770,239,531,68,19,49
S01009001,Whole house or bungalow: Detached,523,495,147,348,28,4,24
S01009001,Whole house or bungalow: Semi-detached,291,261,92,169,30,5,25
S01009001,Whole house or bungalow: Terraced (including end-terrace),24,14,0,14,10,10,0
S01009001,Flat maisonette or apartment or mobile/temporary accommodation,42,7,7,0,35,31,4
S01009002,All people in households,807,433,159,274,374,68,306
S01009002,Whole house or bungalow: Total,718,369,128,241,349,61,288
S01009002,Whole house or bungalow: Detached,320,166,67,99,154,0,154
S01009002,Whole house or bungalow: Semi-detached,221,110,36,74,111,11,100
S01009002,Whole house or bungalow: Terraced (including end-terrace),177,93,25,68,84,50,34
S01009002,Flat maisonette or apartment or mobile/temporary accommodation,89,64,31,33,25,7,18
S01009003,All people in households,960,835,312,523,125,37,88
S01009003,Whole house or bungalow: Total,806,721,282,439,85,33,52
S01009003,Whole house or bungalow: Detached,498,468,174,294,30,2,28
S01009003,Whole house or bungalow: Semi-detached,149,120,44,76,29,20,9
S01009003,Whole house or bungalow: Terraced (including end-terrace),159,133,64,69,26,11,15
S01009003,Flat maisonette or apartment or mobile/temporary accommodation,154,114,30,84,40,4,36
S01009004,All people in households,680,586,177,409,94,36,58
S01009004,Whole house or bungalow: Total,628,550,175,375,78,28,50
S01009004,Whole house or bungalow: Detached,60,57,17,40,3,0,3
S01009004,Whole house or bungalow: Semi-detached,82,67,24,43,15,4,11
S01009004,Whole house or bungalow: Terraced (including end-terrace),486,426,134,292,60,24,36
S01009004,Flat maisonette or apartment or mobile/temporary accommodation,52,36,2,34,16,8,8
S01009005,All people in households,730,640,189,451,90,14,76
S01009005,Whole house or bungalow: Total,635,577,166,411,58,10,48
S01009005,Whole house or bungalow: Detached,50,42,20,22,8,0,8
S01009005,Whole house or bungalow: Semi-detached,104,89,28,61,15,4,11
S01009005,Whole house or bungalow: Terraced (including end-terrace),481,446,118,328,35,6,29
S01009005,Flat maisonette or apartment or mobile/temporary accommodation,95,63,23,40,32,4,28
S01009006,All people in households,766,579,198,381,187,107,80
S01009006,Whole house or bungalow: Total,593,464,179,285,129,77,52
S01009006,Whole house or bungalow: Detached,67,55,31,24,12,0,12
S01009006,Whole house or bungalow: Semi-detached,185,148,47,101,37,35,2
S01009006,Whole house or bungalow: Terraced (including end-terrace),341,261,101,160,80,42,38
S01009006,Flat maisonette or apartment or mobile/temporary accommodation,173,115,19,96,58,30,28
S01009007,All people in households,701,542,197,345,159,99,60
S01009007,Whole house or bungalow: Total,620,513,189,324,107,58,49
S01009007,Whole house or bungalow: Detached,12,9,2,7,3,0,3
S01009007,Whole house or bungalow: Semi-detached,139,120,30,90,19,3,16
S01009007,Whole house or bungalow: Terraced (including end-terrace),469,384,157,227,85,55,30
S01009007,Flat maisonette or apartment or mobile/temporary accommodation,81,29,8,21,52,41,11
S01009008,All people in households,916,728,356,372,188,86,102
S01009008,Whole house or bungalow: Total,578,550,297,253,28,13,15
S01009008,Whole house or bungalow: Detached,372,370,200,170,2,0,2
S01009008,Whole house or bungalow: Semi-detached,153,141,84,57,12,8,4
S01009008,Whole house or bungalow: Terraced (including end-terrace),53,39,13,26,14,5,9
S01009008,Flat maisonette or apartment or mobile/temporary accommodation,338,178,59,119,160,73,87
S01009009,All people in households,476,239,82,157,237,160,77
S01009009,Whole house or bungalow: Total,89,53,24,29,36,15,21
S01009009,Whole house or bungalow: Detached,12,12,10,2,0,0,0
S01009009,Whole house or bungalow: Semi-detached,16,7,1,6,9,6,3
S01009009,Whole house or bungalow: Terraced (including end-terrace),61,34,13,21,27,9,18
S01009009,Flat maisonette or apartment or mobile/temporary accommodation,387,186,58,128,201,145,56
S01009010,All people in households,1021,815,234,581,206,97,109
S01009010,Whole house or bungalow: Total,869,744,222,522,125,61,64
S01009010,Whole house or bungalow: Detached,194,179,55,124,15,2,13
S01009010,Whole house or bungalow: Semi-detached,381,361,112,249,20,3,17
S01009010,Whole house or bungalow: Terraced (including end-terrace),294,204,55,149,90,56,34
S01009010,Flat maisonette or apartment or mobile/temporary accommodation,152,71,12,59,81,36,45
S01009011,All people in households,869,804,203,601,65,15,50
S01009011,Whole house or bungalow: Total,850,796,195,601,54,10,44
S01009011,Whole house or bungalow: Detached,379,369,75,294,10,0,10
S01009011,Whole house or bungalow: Semi-detached,341,313,102,211,28,5,23
S01009011,Whole house or bungalow: Terraced (including end-terrace),130,114,18,96,16,5,11
S01009011,Flat maisonette or apartment or mobile/temporary accommodation,19,8,8,0,11,5,6
S01009012,All people in households,752,694,232,462,58,9,49
S01009012,Whole house or bungalow: Total,716,673,229,444,43,4,39
S01009012,Whole house or bungalow: Detached,205,204,99,105,1,0,1
S01009012,Whole house or bungalow: Semi-detached,361,326,81,245,35,4,31
S01009012,Whole house or bungalow: Terraced (including end-terrace),150,143,49,94,7,0,7
S01009012,Flat maisonette or apartment or mobile/temporary accommodation,36,21,3,18,15,5,10
S01009013,All people in households,893,800,225,575,93,33,60
S01009013,Whole house or bungalow: Total,829,778,221,557,51,27,24
S01009013,Whole house or bungalow: Detached,271,265,68,197,6,0,6
S01009013,Whole house or bungalow: Semi-detached,224,199,44,155,25,14,11
S01009013,Whole house or bungalow: Terraced (including end-terrace),334,314,109,205,20,13,7
S01009013,Flat maisonette or apartment or mobile/temporary accommodation,64,22,4,18,42,6,36
S01009014,All people in households,609,435,206,229,174,115,59
S01009014,Whole house or bungalow: Total,594,428,199,229,166,110,56
S01009014,Whole house or bungalow: Detached,368,303,173,130,65,23,42
S01009014,Whole house or bungalow: Semi-detached,179,100,22,78,79,70,9
S01009014,Whole house or bungalow: Terraced (including end-terrace),47,25,4,21,22,17,5
S01009014,Flat maisonette or apartment or mobile/temporary accommodation,15,7,7,0,8,5,3
S01009015,All people in households,637,462,292,170,175,117,58
S01009015,Whole house or bungalow: Total,628,462,292,170,166,115,51
S01009015,Whole house or bungalow: Detached,491,432,270,162,59,8,51
S01009015,Whole house or bungalow: Semi-detached,125,28,20,8,97,97,0
S01009015,Whole house or bungalow: Terraced (including end-terrace),12,2,2,0,10,10,0
S01009015,Flat maisonette or apartment or mobile/temporary accommodation,9,0,0,0,9,2,7
S01009016,All people in households,528,409,270,139,119,73,46
S01009016,Whole house or bungalow: Total,524,407,268,139,117,71,46
S01009016,Whole house or bungalow: Detached,417,373,251,122,44,5,39
S01009016,Whole house or bungalow: Semi-detached,94,34,17,17,60,56,4
S01009016,Whole house or bungalow: Terraced (including end-terrace),13,0,0,0,13,10,3
S01009016,Flat maisonette or apartment or mobile/temporary accommodation,4,2,2,0,2,2,0
S01009017,All people in households,604,396,197,199,208,138,70
S01009017,Whole house or bungalow: Total,549,396,197,199,153,97,56
S01009017,Whole house or bungalow: Detached,389,336,172,164,53,6,47
S01009017,Whole house or bungalow: Semi-detached,137,52,22,30,85,76,9
S01009017,Whole house or bungalow: Terraced (including end-terrace),23,8,3,5,15,15,0
S01009017,Flat maisonette or apartment or mobile/temporary accommodation,55,0,0,0,55,41,14
S01009018,All people in households,743,536,334,202,207,135,72
S01009018,Whole house or bungalow: Total,735,532,330,202,203,132,71
S01009018,Whole house or bungalow: Detached,591,517,321,196,74,8,66
S01009018,Whole house or bungalow: Semi-detached,134,13,7,6,121,116,5
S01009018,Whole house or bungalow: Terraced (including end-terrace),10,2,2,0,8,8,0
S01009018,Flat maisonette or apartment or mobile/temporary accommodation,8,4,4,0,4,3,1
S01009019,All people in households,517,394,207,187,123,98,25
S01009019,Whole house or bungalow: Total,505,392,205,187,113,94,19
S01009019,Whole house or bungalow: Detached,350,328,176,152,22,4,18
S01009019,Whole house or bungalow: Semi-detached,103,38,20,18,65,64,1
S01009019,Whole house or bungalow: Terraced (including end-terrace),52,26,9,17,26,26,0
S01009019,Flat maisonette or apartment or mobile/temporary accommodation,12,2,2,0,10,4,6
S01009020,All people in households,807,504,216,288,303,170,133
S01009020,Whole house or bungalow: Total,805,503,215,288,302,170,132
S01009020,Whole house or bungalow: Detached,383,321,164,157,62,21,41
S01009020,Whole house or bungalow: Semi-detached,155,73,19,54,82,42,40
S01009020,Whole house or bungalow: Terraced (including end-terrace),267,109,32,77,158,107,51
S01009020,Flat maisonette or apartment or mobile/temporary accommodation,2,1,1,0,1,0,1
S01009021,All people in households,731,601,369,232,130,66,64
S01009021,Whole house or bungalow: Total,711,585,356,229,126,63,63
S01009021,Whole house or bungalow: Detached,611,553,342,211,58,2,56
S01009021,Whole house or bungalow: Semi-detached,99,32,14,18,67,60,7
S01009021,Whole house or bungalow: Terraced (including end-terrace),1,0,0,0,1,1,0
S01009021,Flat maisonette or apartment or mobile/temporary accommodation,20,16,13,3,4,3,1
S01009022,All people in households,873,683,416,267,190,118,72
S01009022,Whole house or bungalow: Total,860,683,416,267,177,108,69
S01009022,Whole house or bungalow: Detached,678,613,388,225,65,11,54
S01009022,Whole house or bungalow: Semi-detached,144,44,21,23,100,85,15
S01009022,Whole house or bungalow: Terraced (including end-terrace),38,26,7,19,12,12,0
S01009022,Flat maisonette or apartment or mobile/temporary accommodation,13,0,0,0,13,10,3
S01009023,All people in households,908,736,539,197,172,118,54
S01009023,Whole house or bungalow: Total,906,736,539,197,170,116,54
S01009023,Whole house or bungalow: Detached,755,699,507,192,56,11,45
S01009023,Whole house or bungalow: Semi-detached,124,36,32,4,88,79,9
S01009023,Whole house or bungalow: Terraced (including end-terrace),27,1,0,1,26,26,0
S01009023,Flat maisonette or apartment or mobile/temporary accommodation,2,0,0,0,2,2,0
S01009024,All people in households,959,675,447,228,284,186,98
S01009024,Whole house or bungalow: Total,917,670,444,226,247,157,90
S01009024,Whole house or bungalow: Detached,630,553,379,174,77,11,66
S01009024,Whole house or bungalow: Semi-detached,161,71,43,28,90,79,11
S01009024,Whole house or bungalow: Terraced (including end-terrace),126,46,22,24,80,67,13
S01009024,Flat maisonette or apartment or mobile/temporary accommodation,42,5,3,2,37,29,8
S01009025,All people in households,918,757,468,289,161,79,82
S01009025,Whole house or bungalow: Total,911,755,468,287,156,78,78
S01009025,Whole house or bungalow: Detached,787,718,442,276,69,2,67
S01009025,Whole house or bungalow: Semi-detached,118,37,26,11,81,70,11
S01009025,Whole house or bungalow: Terraced (including end-terrace),6,0,0,0,6,6,0
S01009025,Flat maisonette or apartment or mobile/temporary accommodation,7,2,0,2,5,1,4
S01009026,All people in households,892,754,447,307,138,66,72
S01009026,Whole house or bungalow: Total,884,748,446,302,136,64,72
S01009026,Whole house or bungalow: Detached,763,688,416,272,75,7,68
S01009026,Whole house or bungalow: Semi-detached,112,56,30,26,56,52,4
S01009026,Whole house or bungalow: Terraced (including end-terrace),9,4,0,4,5,5,0
S01009026,Flat maisonette or apartment or mobile/temporary accommodation,8,6,1,5,2,2,0
S01009027,All people in households,768,654,435,219,114,60,54
S01009027,Whole house or bungalow: Total,759,645,434,211,114,60,54
S01009027,Whole house or bungalow: Detached,679,623,419,204,56,5,51
S01009027,Whole house or bungalow: Semi-detached,75,22,15,7,53,50,3
S01009027,Whole house or bungalow: Terraced (including end-terrace),5,0,0,0,5,5,0
S01009027,Flat maisonette or apartment or mobile/temporary accommodation,9,9,1,8,0,0,0
S01009028,All people in households,494,431,269,162,63,43,20
S01009028,Whole house or bungalow: Total,484,429,267,162,55,37,18
S01009028,Whole house or bungalow: Detached,425,406,252,154,19,1,18
S01009028,Whole house or bungalow: Semi-detached,52,19,14,5,33,33,0
S01009028,Whole house or bungalow: Terraced (including end-terrace),7,4,1,3,3,3,0
S01009028,Flat maisonette or apartment or mobile/temporary accommodation,10,2,2,0,8,6,2
S01009029,All people in households,617,487,291,196,130,83,47
S01009029,Whole house or bungalow: Total,606,487,291,196,119,77,42
S01009029,Whole house or bungalow: Detached,502,460,280,180,42,7,35
S01009029,Whole house or bungalow: Semi-detached,85,18,11,7,67,60,7
S01009029,Whole house or bungalow: Terraced (including end-terrace),19,9,0,9,10,10,0
S01009029,Flat maisonette or apartment or mobile/temporary accommodation,11,0,0,0,11,6,5
S01009030,All people in households,733,588,392,196,145,111,34
S01009030,Whole house or bungalow: Total,728,588,392,196,140,106,34
S01009030,Whole house or bungalow: Detached,585,552,368,184,33,1,32
S01009030,Whole house or bungalow: Semi-detached,130,29,19,10,101,100,1
S01009030,Whole house or bungalow: Terraced (including end-terrace),13,7,5,2,6,5,1
S01009030,Flat maisonette or apartment or mobile/temporary accommodation,5,0,0,0,5,5,0
S01009031,All people in households,761,602,380,222,159,80,79
S01009031,Whole house or bungalow: Total,736,593,371,222,143,68,75
S01009031,Whole house or bungalow: Detached,594,528,344,184,66,6,60
S01009031,Whole house or bungalow: Semi-detached,130,59,27,32,71,56,15
S01009031,Whole house or bungalow: Terraced (including end-terrace),12,6,0,6,6,6,0
S01009031,Flat maisonette or apartment or mobile/temporary accommodation,25,9,9,0,16,12,4
S01009032,All people in households,656,556,369,187,100,36,64
S01009032,Whole house or bungalow: Total,652,556,369,187,96,36,60
S01009032,Whole house or bungalow: Detached,610,549,363,186,61,3,58
S01009032,Whole house or bungalow: Semi-detached,42,7,6,1,35,33,2
S01009032,Whole house or bungalow: Terraced (including end-terrace),0,0,0,0,0,0,0
S01009032,Flat maisonette or apartment or mobile/temporary accommodation,4,0,0,0,4,0,4
S01009033,All people in households,795,697,441,256,98,34,64
S01009033,Whole house or bungalow: Total,790,697,441,256,93,29,64
S01009033,Whole house or bungalow: Detached,717,657,419,238,60,4,56
S01009033,Whole house or bungalow: Semi-detached,64,32,17,15,32,25,7
S01009033,Whole house or bungalow: Terraced (including end-terrace),9,8,5,3,1,0,1
S01009033,Flat maisonette or apartment or mobile/temporary accommodation,5,0,0,0,5,5,0
S01009034,All people in households,709,596,328,268,113,44,69
S01009034,Whole house or bungalow: Total,707,596,328,268,111,44,67
S01009034,Whole house or bungalow: Detached,645,576,318,258,69,6,63
S01009034,Whole house or bungalow: Semi-detached,51,18,8,10,33,33,0
S01009034,Whole house or bungalow: Terraced (including end-terrace),11,2,2,0,9,5,4
S01009034,Flat maisonette or apartment or mobile/temporary accommodation,2,0,0,0,2,0,2
S01009035,All people in households,927,782,387,395,145,85,60
S01009035,Whole house or bungalow: Total,925,780,387,393,145,85,60
S01009035,Whole house or bungalow: Detached,794,715,370,345,79,27,52
S01009035,Whole house or bungalow: Semi-detached,128,65,17,48,63,55,8
S01009035,Whole house or bungalow: Terraced (including end-terrace),3,0,0,0,3,3,0
S01009035,Flat maisonette or apartment or mobile/temporary accommodation,2,2,0,2,0,0,0
S01009036,All people in households,1074,793,347,446,281,189,92
S01009036,Whole house or bungalow: Total,1064,793,347,446,271,180,91
S01009036,Whole house or bungalow: Detached,774,691,316,375,83,21,62
S01009036,Whole house or bungalow: Semi-detached,242,82,20,62,160,141,19
S01009036,Whole house or bungalow: Terraced (including end-terrace),48,20,11,9,28,18,10
S01009036,Flat maisonette or apartment or mobile/temporary accommodation,10,0,0,0,10,9,1
S01009037,All people in households,893,662,298,364,231,187,44
S01009037,Whole house or bungalow: Total,890,661,297,364,229,185,44
S01009037,Whole house or bungalow: Detached,699,640,292,348,59,17,42
S01009037,Whole house or bungalow: Semi-detached,186,21,5,16,165,163,2
S01009037,Whole house or bungalow: Terraced (including end-terrace),5,0,0,0,5,5,0
S01009037,Flat maisonette or apartment or mobile/temporary accommodation,3,1,1,0,2,2,0
S01009038,All people in households,1081,776,369,407,305,201,104
S01009038,Whole house or bungalow: Total,1069,776,369,407,293,193,100
S01009038,Whole house or bungalow: Detached,708,625,313,312,83,8,75
S01009038,Whole house or bungalow: Semi-detached,312,134,44,90,178,158,20
S01009038,Whole house or bungalow: Terraced (including end-terrace),49,17,12,5,32,27,5
S01009038,Flat maisonette or apartment or mobile/temporary accommodation,12,0,0,0,12,8,4
S01009039,All people in households,656,315,165,150,341,297,44
S01009039,Whole house or bungalow: Total,593,308,162,146,285,251,34
S01009039,Whole house or bungalow: Detached,152,120,72,48,32,21,11
S01009039,Whole house or bungalow: Semi-detached,192,62,32,30,130,116,14
S01009039,Whole house or bungalow: Terraced (including end-terrace),249,126,58,68,123,114,9
S01009039,Flat maisonette or apartment or mobile/temporary accommodation,63,7,3,4,56,46,10
S01009040,All people in households,620,363,174,189,257,172,85
S01009040,Whole house or bungalow: Total,490,329,162,167,161,104,57
S01009040,Whole house or bungalow: Detached,55,36,18,18,19,15,4
S01009040,Whole house or bungalow: Semi-detached,164,112,58,54,52,31,21
S01009040,Whole house or bungalow: Terraced (including end-terrace),271,181,86,95,90,58,32
S01009040,Flat maisonette or apartment or mobile/temporary accommodation,130,34,12,22,96,68,28
S01009041,All people in households,846,490,239,251,356,197,159
S01009041,Whole house or bungalow: Total,508,408,211,197,100,38,62
S01009041,Whole house or bungalow: Detached,213,180,95,85,33,7,26
S01009041,Whole house or bungalow: Semi-detached,222,176,81,95,46,23,23
S01009041,Whole house or bungalow: Terraced (including end-terrace),73,52,35,17,21,8,13
S01009041,Flat maisonette or apartment or mobile/temporary accommodation,338,82,28,54,256,159,97
S01009042,All people in households,808,524,240,284,284,213,71
S01009042,Whole house or bungalow: Total,613,444,212,232,169,122,47
S01009042,Whole house or bungalow: Detached,245,178,86,92,67,45,22
S01009042,Whole house or bungalow: Semi-detached,314,232,118,114,82,58,24
S01009042,Whole house or bungalow: Terraced (including end-terrace),54,34,8,26,20,19,1
S01009042,Flat maisonette or apartment or mobile/temporary accommodation,195,80,28,52,115,91,24
S01009043,All people in households,600,352,186,166,248,203,45
S01009043,Whole house or bungalow: Total,523,336,178,158,187,147,40
S01009043,Whole house or bungalow: Detached,187,154,87,67,33,15,18
S01009043,Whole house or bungalow: Semi-detached,138,82,34,48,56,45,11
S01009043,Whole house or bungalow: Terraced (including end-terrace),198,100,57,43,98,87,11
S01009043,Flat maisonette or apartment or mobile/temporary accommodation,77,16,8,8,61,56,5
S01009044,All people in households,801,519,286,233,282,216,66
S01009044,Whole house or bungalow: Total,677,485,275,210,192,146,46
S01009044,Whole house or bungalow: Detached,153,137,93,44,16,9,7
S01009044,Whole house or bungalow: Semi-detached,273,194,97,97,79,62,17
S01009044,Whole house or bungalow: Terraced (including end-terrace),251,154,85,69,97,75,22
S01009044,Flat maisonette or apartment or mobile/temporary accommodation,124,34,11,23,90,70,20
S01009045,All people in households,630,431,220,211,199,138,61
S01009045,Whole house or bungalow: Total,608,426,218,208,182,130,52
S01009045,Whole house or bungalow: Detached,308,272,132,140,36,9,27
S01009045,Whole house or bungalow: Semi-detached,139,67,41,26,72,65,7
S01009045,Whole house or bungalow: Terraced (including end-terrace),161,87,45,42,74,56,18
S01009045,Flat maisonette or apartment or mobile/temporary accommodation,22,5,2,3,17,8,9
S01009046,All people in households,868,715,339,376,153,72,81
S01009046,Whole house or bungalow: Total,866,715,339,376,151,71,80
S01009046,Whole house or bungalow: Detached,680,619,292,327,61,6,55
S01009046,Whole house or bungalow: Semi-detached,119,39,22,17,80,59,21
S01009046,Whole house or bungalow: Terraced (including end-terrace),67,57,25,32,10,6,4
S01009046,Flat maisonette or apartment or mobile/temporary accommodation,2,0,0,0,2,1,1
S01009047,All people in households,802,675,326,349,127,65,62
S01009047,Whole house or bungalow: Total,801,674,325,349,127,65,62
S01009047,Whole house or bungalow: Detached,649,595,297,298,54,2,52
S01009047,Whole house or bungalow: Semi-detached,147,79,28,51,68,61,7
S01009047,Whole house or bungalow: Terraced (including end-terrace),5,0,0,0,5,2,3
S01009047,Flat maisonette or apartment or mobile/temporary accommodation,1,1,1,0,0,0,0
S01009048,All people in households,837,748,385,363,89,54,35
S01009048,Whole house or bungalow: Total,837,748,385,363,89,54,35
S01009048,Whole house or bungalow: Detached,774,734,371,363,40,6,34
S01009048,Whole house or bungalow: Semi-detached,60,11,11,0,49,48,1
S01009048,Whole house or bungalow: Terraced (including end-terrace),3,3,3,0,0,0,0
S01009048,Flat maisonette or apartment or mobile/temporary accommodation,0,0,0,0,0,0,0
S01009049,All people in households,616,529,273,256,87,54,33
S01009049,Whole house or bungalow: Total,612,525,269,256,87,54,33
S01009049,Whole house or bungalow: Detached,520,492,261,231,28,2,26
S01009049,Whole house or bungalow: Semi-detached,54,28,3,25,26,23,3
S01009049,Whole house or bungalow: Terraced (including end-terrace),38,5,5,0,33,29,4
S01009049,Flat maisonette or apartment or mobile/temporary accommodation,4,4,4,0,0,0,0
S01009050,All people in households,775,620,226,394,155,112,43
S01009050,Whole house or bungalow: Total,613,536,189,347,77,58,19
S01009050,Whole house or bungalow: Detached,233,214,108,106,19,3,16
S01009050,Whole house or bungalow: Semi-detached,241,210,70,140,31,30,1
S01009050,Whole house or bungalow: Terraced (including end-terrace),139,112,11,101,27,25,2
S01009050,Flat maisonette or apartment or mobile/temporary accommodation,162,84,37,47,78,54,24
S01009051,All people in households,761,536,105,431,225,187,38
S01009051,Whole house or bungalow: Total,712,533,105,428,179,141,38
S01009051,Whole house or bungalow: Detached,207,190,28,162,17,2,15
S01009051,Whole house or bungalow: Semi-detached,223,173,27,146,50,46,4
S01009051,Whole house or bungalow: Terraced (including end-terrace),282,170,50,120,112,93,19
S01009051,Flat maisonette or apartment or mobile/temporary accommodation,49,3,0,3,46,46,0
S01009052,All people in households,598,474,191,283,124,78,46
S01009052,Whole house or bungalow: Total,500,434,176,258,66,43,23
S01009052,Whole house or bungalow: Detached,228,222,108,114,6,1,5
S01009052,Whole house or bungalow: Semi-detached,146,126,51,75,20,11,9
S01009052,Whole house or bungalow: Terraced (including end-terrace),126,86,17,69,40,31,9
S01009052,Flat maisonette or apartment or mobile/temporary accommodation,98,40,15,25,58,35,23
S01009053,All people in households,532,168,50,118,364,354,10
S01009053,Whole house or bungalow: Total,198,113,33,80,85,82,3
S01009053,Whole house or bungalow: Detached,29,29,8,21,0,0,0
S01009053,Whole house or bungalow: Semi-detached,99,61,15,46,38,38,0
S01009053,Whole house or bungalow: Terraced (including end-terrace),70,23,10,13,47,44,3
S01009053,Flat maisonette or apartment or mobile/temporary accommodation,334,55,17,38,279,272,7
S01009054,All people in households,583,366,116,250,217,183,34
S01009054,Whole house or bungalow: Total,569,357,110,247,212,178,34
S01009054,Whole house or bungalow: Detached,24,20,2,18,4,4,0
S01009054,Whole house or bungalow: Semi-detached,258,174,45,129,84,67,17
S01009054,Whole house or bungalow: Terraced (including end-terrace),287,163,63,100,124,107,17
S01009054,Flat maisonette or apartment or mobile/temporary accommodation,14,9,6,3,5,5,0
S01009055,All people in households,807,661,248,413,146,110,36
S01009055,Whole house or bungalow: Total,721,611,237,374,110,82,28
S01009055,Whole house or bungalow: Detached,400,382,168,214,18,0,18
S01009055,Whole house or bungalow: Semi-detached,156,109,38,71,47,38,9
S01009055,Whole house or bungalow: Terraced (including end-terrace),165,120,31,89,45,44,1
S01009055,Flat maisonette or apartment or mobile/temporary accommodation,86,50,11,39,36,28,8
S01009056,All people in households,554,263,62,201,291,256,35
S01009056,Whole house or bungalow: Total,465,237,60,177,228,199,29
S01009056,Whole house or bungalow: Detached,44,39,27,12,5,0,5
S01009056,Whole house or bungalow: Semi-detached,250,133,19,114,117,110,7
S01009056,Whole house or bungalow: Terraced (including end-terrace),171,65,14,51,106,89,17
S01009056,Flat maisonette or apartment or mobile/temporary accommodation,89,26,2,24,63,57,6
S01009057,All people in households,554,238,67,171,316,264,52
S01009057,Whole house or bungalow: Total,137,84,25,59,53,34,19
S01009057,Whole house or bungalow: Detached,42,37,12,25,5,0,5
S01009057,Whole house or bungalow: Semi-detached,39,21,4,17,18,13,5
S01009057,Whole house or bungalow: Terraced (including end-terrace),56,26,9,17,30,21,9
S01009057,Flat maisonette or apartment or mobile/temporary accommodation,417,154,42,112,263,230,33
S01009058,All people in households,786,472,111,361,314,255,59
S01009058,Whole house or bungalow: Total,552,412,100,312,140,98,42
S01009058,Whole house or bungalow: Detached,73,59,5,54,14,7,7
S01009058,Whole house or bungalow: Semi-detached,152,113,21,92,39,21,18
S01009058,Whole house or bungalow: Terraced (including end-terrace),327,240,74,166,87,70,17
S01009058,Flat maisonette or apartment or mobile/temporary accommodation,234,60,11,49,174,157,17
S01009059,All people in households,881,690,127,563,191,126,65
S01009059,Whole house or bungalow: Total,767,645,110,535,122,71,51
S01009059,Whole house or bungalow: Detached,425,404,60,344,21,2,19
S01009059,Whole house or bungalow: Semi-detached,173,134,28,106,39,15,24
S01009059,Whole house or bungalow: Terraced (including end-terrace),169,107,22,85,62,54,8
S01009059,Flat maisonette or apartment or mobile/temporary accommodation,114,45,17,28,69,55,14
S01009060,All people in households,560,527,89,438,33,4,29
S01009060,Whole house or bungalow: Total,544,521,84,437,23,2,21
S01009060,Whole house or bungalow: Detached,505,489,80,409,16,0,16
S01009060,Whole house or bungalow: Semi-detached,21,14,1,13,7,2,5
S01009060,Whole house or bungalow: Terraced (including end-terrace),18,18,3,15,0,0,0
S01009060,Flat maisonette or apartment or mobile/temporary accommodation,16,6,5,1,10,2,8
S01009061,All people in households,810,590,146,444,220,196,24
S01009061,Whole house or bungalow: Total,773,573,146,427,200,178,22
S01009061,Whole house or bungalow: Detached,9,9,3,6,0,0,0
S01009061,Whole house or bungalow: Semi-detached,150,94,22,72,56,56,0
S01009061,Whole house or bungalow: Terraced (including end-terrace),614,470,121,349,144,122,22
S01009061,Flat maisonette or apartment or mobile/temporary accommodation,37,17,0,17,20,18,2
S01009062,All people in households,647,384,136,248,263,256,7
S01009062,Whole house or bungalow: Total,539,365,130,235,174,167,7
S01009062,Whole house or bungalow: Detached,27,19,13,6,8,8,0
S01009062,Whole house or bungalow: Semi-detached,224,163,40,123,61,60,1
S01009062,Whole house or bungalow: Terraced (including end-terrace),288,183,77,106,105,99,6
S01009062,Flat maisonette or apartment or mobile/temporary accommodation,108,19,6,13,89,89,0
S01009063,All people in households,733,635,234,401,98,62,36
S01009063,Whole house or bungalow: Total,714,632,234,398,82,46,36
S01009063,Whole house or bungalow: Detached,266,253,98,155,13,0,13
S01009063,Whole house or bungalow: Semi-detached,125,109,61,48,16,11,5
S01009063,Whole house or bungalow: Terraced (including end-terrace),323,270,75,195,53,35,18
S01009063,Flat maisonette or apartment or mobile/temporary accommodation,19,3,0,3,16,16,0
S01009064,All people in households,583,394,114,280,189,165,24
S01009064,Whole house or bungalow: Total,491,363,104,259,128,109,19
S01009064,Whole house or bungalow: Detached,29,27,4,23,2,0,2
S01009064,Whole house or bungalow: Semi-detached,95,74,17,57,21,8,13
S01009064,Whole house or bungalow: Terraced (including end-terrace),367,262,83,179,105,101,4
S01009064,Flat maisonette or apartment or mobile/temporary accommodation,92,31,10,21,61,56,5
S01009065,All people in households,686,327,113,214,359,300,59
S01009065,Whole house or bungalow: Total,298,238,85,153,60,48,12
S01009065,Whole house or bungalow: Detached,34,34,9,25,0,0,0
S01009065,Whole house or bungalow: Semi-detached,161,124,55,69,37,33,4
S01009065,Whole house or bungalow: Terraced (including end-terrace),103,80,21,59,23,15,8
S01009065,Flat maisonette or apartment or mobile/temporary accommodation,388,89,28,61,299,252,47
S01009066,All people in households,693,426,144,282,267,225,42
S01009066,Whole house or bungalow: Total,625,386,143,243,239,205,34
S01009066,Whole house or bungalow: Detached,52,40,19,21,12,12,0
S01009066,Whole house or bungalow: Semi-detached,190,116,40,76,74,62,12
S01009066,Whole house or bungalow: Terraced (including end-terrace),383,230,84,146,153,131,22
S01009066,Flat maisonette or apartment or mobile/temporary accommodation,68,40,1,39,28,20,8
S01009067,All people in households,863,801,92,709,62,34,28
S01009067,Whole house or bungalow: Total,846,791,91,700,55,31,24
S01009067,Whole house or bungalow: Detached,582,564,70,494,18,4,14
S01009067,Whole house or bungalow: Semi-detached,232,214,20,194,18,8,10
S01009067,Whole house or bungalow: Terraced (including end-terrace),32,13,1,12,19,19,0
S01009067,Flat maisonette or apartment or mobile/temporary accommodation,17,10,1,9,7,3,4
S01009068,All people in households,895,612,206,406,283,208,75
S01009068,Whole house or bungalow: Total,822,566,199,367,256,197,59
S01009068,Whole house or bungalow: Detached,109,101,33,68,8,4,4
S01009068,Whole house or bungalow: Semi-detached,381,282,114,168,99,73,26
S01009068,Whole house or bungalow: Terraced (including end-terrace),332,183,52,131,149,120,29
S01009068,Flat maisonette or apartment or mobile/temporary accommodation,73,46,7,39,27,11,16
S01009069,All people in households,631,618,196,422,13,7,6
S01009069,Whole house or bungalow: Total,621,614,195,419,7,1,6
S01009069,Whole house or bungalow: Detached,337,332,124,208,5,0,5
S01009069,Whole house or bungalow: Semi-detached,246,244,66,178,2,1,1
S01009069,Whole house or bungalow: Terraced (including end-terrace),38,38,5,33,0,0,0
S01009069,Flat maisonette or apartment or mobile/temporary accommodation,10,4,1,3,6,6,0
S01009070,All people in households,627,545,184,361,82,39,43
S01009070,Whole house or bungalow: Total,520,480,174,306,40,15,25
S01009070,Whole house or bungalow: Detached,194,184,93,91,10,0,10
S01009070,Whole house or bungalow: Semi-detached,230,214,61,153,16,7,9
S01009070,Whole house or bungalow: Terraced (including end-terrace),96,82,20,62,14,8,6
S01009070,Flat maisonette or apartment or mobile/temporary accommodation,107,65,10,55,42,24,18
S01009071,All people in households,508,374,140,234,134,124,10
S01009071,Whole house or bungalow: Total,461,367,137,230,94,86,8
S01009071,Whole house or bungalow: Detached,173,171,78,93,2,1,1
S01009071,Whole house or bungalow: Semi-detached,128,123,37,86,5,3,2
S01009071,Whole house or bungalow: Terraced (including end-terrace),160,73,22,51,87,82,5
S01009071,Flat maisonette or apartment or mobile/temporary accommodation,47,7,3,4,40,38,2
S01009072,All people in households,528,415,127,288,113,68,45
S01009072,Whole house or bungalow: Total,491,405,121,284,86,41,45
S01009072,Whole house or bungalow: Detached,306,273,81,192,33,0,33
S01009072,Whole house or bungalow: Semi-detached,74,59,25,34,15,11,4
S01009072,Whole house or bungalow: Terraced (including end-terrace),111,73,15,58,38,30,8
S01009072,Flat maisonette or apartment or mobile/temporary accommodation,37,10,6,4,27,27,0
S01009073,All people in households,585,280,83,197,305,296,9
S01009073,Whole house or bungalow: Total,527,264,79,185,263,257,6
S01009073,Whole house or bungalow: Detached,59,56,21,35,3,3,0
S01009073,Whole house or bungalow: Semi-detached,217,88,24,64,129,124,5
S01009073,Whole house or bungalow: Terraced (including end-terrace),251,120,34,86,131,130,1
S01009073,Flat maisonette or apartment or mobile/temporary accommodation,58,16,4,12,42,39,3
S01009074,All people in households,721,328,125,203,393,359,34
S01009074,Whole house or bungalow: Total,693,309,116,193,384,353,31
S01009074,Whole house or bungalow: Detached,38,25,10,15,13,12,1
S01009074,Whole house or bungalow: Semi-detached,251,120,51,69,131,121,10
S01009074,Whole house or bungalow: Terraced (including end-terrace),404,164,55,109,240,220,20
S01009074,Flat maisonette or apartment or mobile/temporary accommodation,28,19,9,10,9,6,3
S01009075,All people in households,536,348,145,203,188,160,28
S01009075,Whole house or bungalow: Total,511,337,144,193,174,146,28
S01009075,Whole house or bungalow: Detached,178,162,89,73,16,2,14
S01009075,Whole house or bungalow: Semi-detached,104,50,27,23,54,47,7
S01009075,Whole house or bungalow: Terraced (including end-terrace),229,125,28,97,104,97,7
S01009075,Flat maisonette or apartment or mobile/temporary accommodation,25,11,1,10,14,14,0
S01009076,All people in households,918,836,221,615,82,25,57
S01009076,Whole house or bungalow: Total,682,644,193,451,38,17,21
S01009076,Whole house or bungalow: Detached,115,112,34,78,3,0,3
S01009076,Whole house or bungalow: Semi-detached,440,416,131,285,24,9,15
S01009076,Whole house or bungalow: Terraced (including end-terrace),127,116,28,88,11,8,3
S01009076,Flat maisonette or apartment or mobile/temporary accommodation,236,192,28,164,44,8,36
S01009077,All people in households,626,460,196,264,166,136,30
S01009077,Whole house or bungalow: Total,532,437,189,248,95,72,23
S01009077,Whole house or bungalow: Detached,175,160,86,74,15,5,10
S01009077,Whole house or bungalow: Semi-detached,304,257,91,166,47,37,10
S01009077,Whole house or bungalow: Terraced (including end-terrace),53,20,12,8,33,30,3
S01009077,Flat maisonette or apartment or mobile/temporary accommodation,94,23,7,16,71,64,7
S01009078,All people in households,821,753,76,677,68,35,33
S01009078,Whole house or bungalow: Total,808,753,76,677,55,24,31
S01009078,Whole house or bungalow: Detached,560,543,45,498,17,0,17
S01009078,Whole house or bungalow: Semi-detached,212,193,26,167,19,9,10
S01009078,Whole house or bungalow: Terraced (including end-terrace),36,17,5,12,19,15,4
S01009078,Flat maisonette or apartment or mobile/temporary accommodation,13,0,0,0,13,11,2
S01009079,All people in households,837,416,136,280,421,373,48
S01009079,Whole house or bungalow: Total,679,370,118,252,309,276,33
S01009079,Whole house or bungalow: Detached,87,74,39,35,13,8,5
S01009079,Whole house or bungalow: Semi-detached,183,113,27,86,70,62,8
S01009079,Whole house or bungalow: Terraced (including end-terrace),409,183,52,131,226,206,20
S01009079,Flat maisonette or apartment or mobile/temporary accommodation,158,46,18,28,112,97,15
S01009080,All people in households,934,559,231,328,375,336,39
S01009080,Whole house or bungalow: Total,888,552,227,325,336,302,34
S01009080,Whole house or bungalow: Detached,98,84,50,34,14,6,8
S01009080,Whole house or bungalow: Semi-detached,324,218,83,135,106,96,10
S01009080,Whole house or bungalow: Terraced (including end-terrace),466,250,94,156,216,200,16
S01009080,Flat maisonette or apartment or mobile/temporary accommodation,46,7,4,3,39,34,5
S01009081,All people in households,654,522,178,344,132,118,14
S01009081,Whole house or bungalow: Total,632,514,175,339,118,104,14
S01009081,Whole house or bungalow: Detached,176,164,61,103,12,4,8
S01009081,Whole house or bungalow: Semi-detached,234,197,64,133,37,37,0
S01009081,Whole house or bungalow: Terraced (including end-terrace),222,153,50,103,69,63,6
S01009081,Flat maisonette or apartment or mobile/temporary accommodation,22,8,3,5,14,14,0
S01009082,All people in households,974,578,143,435,396,355,41
S01009082,Whole house or bungalow: Total,854,512,125,387,342,316,26
S01009082,Whole house or bungalow: Detached,135,128,18,110,7,3,4
S01009082,Whole house or bungalow: Semi-detached,368,224,54,170,144,127,17
S01009082,Whole house or bungalow: Terraced (including end-terrace),351,160,53,107,191,186,5
S01009082,Flat maisonette or apartment or mobile/temporary accommodation,120,66,18,48,54,39,15
S01009083,All people in households,774,489,151,338,285,220,65
S01009083,Whole house or bungalow: Total,598,416,133,283,182,153,29
S01009083,Whole house or bungalow: Detached,214,191,77,114,23,7,16
S01009083,Whole house or bungalow: Semi-detached,248,151,39,112,97,85,12
S01009083,Whole house or bungalow: Terraced (including end-terrace),136,74,17,57,62,61,1
S01009083,Flat maisonette or apartment or mobile/temporary accommodation,176,73,18,55,103,67,36
S01009084,All people in households,490,362,92,270,128,84,44
S01009084,Whole house or bungalow: Total,412,349,85,264,63,27,36
S01009084,Whole house or bungalow: Detached,342,306,76,230,36,4,32
S01009084,Whole house or bungalow: Semi-detached,64,38,9,29,26,22,4
S01009084,Whole house or bungalow: Terraced (including end-terrace),6,5,0,5,1,1,0
S01009084,Flat maisonette or apartment or mobile/temporary accommodation,78,13,7,6,65,57,8
S01009085,All people in households,834,756,77,679,78,24,54
S01009085,Whole house or bungalow: Total,818,751,75,676,67,17,50
S01009085,Whole house or bungalow: Detached,481,457,49,408,24,0,24
S01009085,Whole house or bungalow: Semi-detached,322,285,26,259,37,11,26
S01009085,Whole house or bungalow: Terraced (including end-terrace),15,9,0,9,6,6,0
S01009085,Flat maisonette or apartment or mobile/temporary accommodation,16,5,2,3,11,7,4
S01009086,All people in households,715,494,109,385,221,192,29
S01009086,Whole house or bungalow: Total,515,438,94,344,77,62,15
S01009086,Whole house or bungalow: Detached,202,197,42,155,5,3,2
S01009086,Whole house or bungalow: Semi-detached,285,229,52,177,56,45,11
S01009086,Whole house or bungalow: Terraced (including end-terrace),28,12,0,12,16,14,2
S01009086,Flat maisonette or apartment or mobile/temporary accommodation,200,56,15,41,144,130,14
S01009087,All people in households,571,297,94,203,274,248,26
S01009087,Whole house or bungalow: Total,498,277,90,187,221,205,16
S01009087,Whole house or bungalow: Detached,163,153,57,96,10,6,4
S01009087,Whole house or bungalow: Semi-detached,165,59,16,43,106,94,12
S01009087,Whole house or bungalow: Terraced (including end-terrace),170,65,17,48,105,105,0
S01009087,Flat maisonette or apartment or mobile/temporary accommodation,73,20,4,16,53,43,10
S01009088,All people in households,1012,856,304,552,156,88,68
S01009088,Whole house or bungalow: Total,951,826,281,545,125,70,55
S01009088,Whole house or bungalow: Detached,517,491,161,330,26,0,26
S01009088,Whole house or bungalow: Semi-detached,338,262,111,151,76,59,17
S01009088,Whole house or bungalow: Terraced (including end-terrace),96,73,9,64,23,11,12
S01009088,Flat maisonette or apartment or mobile/temporary accommodation,61,30,23,7,31,18,13
S01009089,All people in households,977,916,166,750,61,7,54
S01009089,Whole house or bungalow: Total,963,907,157,750,56,5,51
S01009089,Whole house or bungalow: Detached,830,796,124,672,34,2,32
S01009089,Whole house or bungalow: Semi-detached,115,96,29,67,19,0,19
S01009089,Whole house or bungalow: Terraced (including end-terrace),18,15,4,11,3,3,0
S01009089,Flat maisonette or apartment or mobile/temporary accommodation,14,9,9,0,5,2,3
S01009090,All people in households,764,644,79,565,120,12,108
S01009090,Whole house or bungalow: Total,569,533,65,468,36,6,30
S01009090,Whole house or bungalow: Detached,346,341,35,306,5,0,5
S01009090,Whole house or bungalow: Semi-detached,62,56,12,44,6,0,6
S01009090,Whole house or bungalow: Terraced (including end-terrace),161,136,18,118,25,6,19
S01009090,Flat maisonette or apartment or mobile/temporary accommodation,195,111,14,97,84,6,78
S01009091,All people in households,711,680,87,593,31,3,28
S01009091,Whole house or bungalow: Total,685,661,81,580,24,1,23
S01009091,Whole house or bungalow: Detached,637,617,76,541,20,0,20
S01009091,Whole house or bungalow: Semi-detached,32,29,3,26,3,0,3
S01009091,Whole house or bungalow: Terraced (including end-terrace),16,15,2,13,1,1,0
S01009091,Flat maisonette or apartment or mobile/temporary accommodation,26,19,6,13,7,2,5
S01009092,All people in households,1047,760,284,476,287,198,89
S01009092,Whole house or bungalow: Total,855,680,257,423,175,120,55
S01009092,Whole house or bungalow: Detached,216,210,60,150,6,3,3
S01009092,Whole house or bungalow: Semi-detached,373,309,129,180,64,45,19
S01009092,Whole house or bungalow: Terraced (including end-terrace),266,161,68,93,105,72,33
S01009092,Flat maisonette or apartment or mobile/temporary accommodation,192,80,27,53,112,78,34
S01009093,All people in households,775,412,112,300,363,269,94
S01009093,Whole house or bungalow: Total,601,390,107,283,211,154,57
S01009093,Whole house or bungalow: Detached,43,40,15,25,3,1,2
S01009093,Whole house or bungalow: Semi-detached,261,192,60,132,69,53,16
S01009093,Whole house or bungalow: Terraced (including end-terrace),297,158,32,126,139,100,39
S01009093,Flat maisonette or apartment or mobile/temporary accommodation,174,22,5,17,152,115,37
S01009094,All people in households,682,635,342,293,47,30,17
S01009094,Whole house or bungalow: Total,678,635,342,293,43,28,15
S01009094,Whole house or bungalow: Detached,375,365,192,173,10,0,10
S01009094,Whole house or bungalow: Semi-detached,291,263,146,117,28,23,5
S01009094,Whole house or bungalow: Terraced (including end-terrace),12,7,4,3,5,5,0
S01009094,Flat maisonette or apartment or mobile/temporary accommodation,4,0,0,0,4,2,2
S01009095,All people in households,763,557,198,359,206,131,75
S01009095,Whole house or bungalow: Total,538,475,181,294,63,32,31
S01009095,Whole house or bungalow: Detached,246,233,91,142,13,3,10
S01009095,Whole house or bungalow: Semi-detached,257,216,86,130,41,21,20
S01009095,Whole house or bungalow: Terraced (including end-terrace),35,26,4,22,9,8,1
S01009095,Flat maisonette or apartment or mobile/temporary accommodation,225,82,17,65,143,99,44
S01009096,All people in households,942,730,125,605,212,119,93
S01009096,Whole house or bungalow: Total,756,707,118,589,49,20,29
S01009096,Whole house or bungalow: Detached,578,557,54,503,21,1,20
S01009096,Whole house or bungalow: Semi-detached,113,101,54,47,12,9,3
S01009096,Whole house or bungalow: Terraced (including end-terrace),65,49,10,39,16,10,6
S01009096,Flat maisonette or apartment or mobile/temporary accommodation,186,23,7,16,163,99,64
S01009097,All people in households,900,830,193,637,70,19,51
S01009097,Whole house or bungalow: Total,858,812,187,625,46,15,31
S01009097,Whole house or bungalow: Detached,515,503,90,413,12,0,12
S01009097,Whole house or bungalow: Semi-detached,298,278,94,184,20,1,19
S01009097,Whole house or bungalow: Terraced (including end-terrace),45,31,3,28,14,14,0
S01009097,Flat maisonette or apartment or mobile/temporary accommodation,42,18,6,12,24,4,20
S01009098,All people in households,509,469,187,282,40,15,25
S01009098,Whole house or bungalow: Total,491,466,187,279,25,9,16
S01009098,Whole house or bungalow: Detached,282,273,118,155,9,3,6
S01009098,Whole house or bungalow: Semi-detached,176,164,58,106,12,4,8
S01009098,Whole house or bungalow: Terraced (including end-terrace),33,29,11,18,4,2,2
S01009098,Flat maisonette or apartment or mobile/temporary accommodation,18,3,0,3,15,6,9
S01009099,All people in households,755,520,170,350,235,149,86
S01009099,Whole house or bungalow: Total,545,464,147,317,81,49,32
S01009099,Whole house or bungalow: Detached,74,61,32,29,13,4,9
S01009099,Whole house or bungalow: Semi-detached,374,337,92,245,37,26,11
S01009099,Whole house or bungalow: Terraced (including end-terrace),97,66,23,43,31,19,12
S01009099,Flat maisonette or apartment or mobile/temporary accommodation,210,56,23,33,154,100,54
S01009100,All people in households,745,332,107,225,413,340,73
S01009100,Whole house or bungalow: Total,485,259,82,177,226,200,26
S01009100,Whole house or bungalow: Detached,34,24,8,16,10,7,3
S01009100,Whole house or bungalow: Semi-detached,231,129,39,90,102,97,5
S01009100,Whole house or bungalow: Terraced (including end-terrace),220,106,35,71,114,96,18
S01009100,Flat maisonette or apartment or mobile/temporary accommodation,260,73,25,48,187,140,47
S01009101,All people in households,935,479,147,332,456,435,21
S01009101,Whole house or bungalow: Total,881,465,147,318,416,404,12
S01009101,Whole house or bungalow: Detached,28,26,8,18,2,2,0
S01009101,Whole house or bungalow: Semi-detached,416,212,59,153,204,204,0
S01009101,Whole house or bungalow: Terraced (including end-terrace),437,227,80,147,210,198,12
S01009101,Flat maisonette or apartment or mobile/temporary accommodation,54,14,0,14,40,31,9
S01009102,All people in households,819,270,67,203,549,536,13
S01009102,Whole house or bungalow: Total,719,257,61,196,462,456,6
S01009102,Whole house or bungalow: Detached,52,29,5,24,23,21,2
S01009102,Whole house or bungalow: Semi-detached,523,169,44,125,354,350,4
S01009102,Whole house or bungalow: Terraced (including end-terrace),144,59,12,47,85,85,0
S01009102,Flat maisonette or apartment or mobile/temporary accommodation,100,13,6,7,87,80,7
S01009103,All people in households,570,517,222,295,53,43,10
S01009103,Whole house or bungalow: Total,540,508,220,288,32,24,8
S01009103,Whole house or bungalow: Detached,276,266,116,150,10,10,0
S01009103,Whole house or bungalow: Semi-detached,226,214,100,114,12,10,2
S01009103,Whole house or bungalow: Terraced (including end-terrace),38,28,4,24,10,4,6
S01009103,Flat maisonette or apartment or mobile/temporary accommodation,30,9,2,7,21,19,2
S01009104,All people in households,775,486,180,306,289,234,55
S01009104,Whole house or bungalow: Total,607,438,154,284,169,140,29
S01009104,Whole house or bungalow: Detached,142,125,64,61,17,13,4
S01009104,Whole house or bungalow: Semi-detached,199,128,40,88,71,63,8
S01009104,Whole house or bungalow: Terraced (including end-terrace),266,185,50,135,81,64,17
S01009104,Flat maisonette or apartment or mobile/temporary accommodation,168,48,26,22,120,94,26
S01009105,All people in households,796,591,174,417,205,142,63
S01009105,Whole house or bungalow: Total,701,557,156,401,144,104,40
S01009105,Whole house or bungalow: Detached,142,132,17,115,10,0,10
S01009105,Whole house or bungalow: Semi-detached,379,317,97,220,62,42,20
S01009105,Whole house or bungalow: Terraced (including end-terrace),180,108,42,66,72,62,10
S01009105,Flat maisonette or apartment or mobile/temporary accommodation,95,34,18,16,61,38,23
S01009106,All people in households,551,384,116,268,167,100,67
S01009106,Whole house or bungalow: Total,485,358,106,252,127,76,51
S01009106,Whole house or bungalow: Detached,27,24,8,16,3,0,3
S01009106,Whole house or bungalow: Semi-detached,99,76,32,44,23,17,6
S01009106,Whole house or bungalow: Terraced (including end-terrace),359,258,66,192,101,59,42
S01009106,Flat maisonette or apartment or mobile/temporary accommodation,66,26,10,16,40,24,16
S01009107,All people in households,845,700,195,505,145,88,57
S01009107,Whole house or bungalow: Total,807,681,191,490,126,78,48
S01009107,Whole house or bungalow: Detached,352,326,61,265,26,0,26
S01009107,Whole house or bungalow: Semi-detached,242,214,106,108,28,20,8
S01009107,Whole house or bungalow: Terraced (including end-terrace),213,141,24,117,72,58,14
S01009107,Flat maisonette or apartment or mobile/temporary accommodation,38,19,4,15,19,10,9
S01009108,All people in households,714,661,285,376,53,16,37
S01009108,Whole house or bungalow: Total,592,575,248,327,17,5,12
S01009108,Whole house or bungalow: Detached,216,210,92,118,6,0,6
S01009108,Whole house or bungalow: Semi-detached,353,343,152,191,10,4,6
S01009108,Whole house or bungalow: Terraced (including end-terrace),23,22,4,18,1,1,0
S01009108,Flat maisonette or apartment or mobile/temporary accommodation,122,86,37,49,36,11,25
S01009109,All people in households,670,636,238,398,34,11,23
S01009109,Whole house or bungalow: Total,666,632,237,395,34,11,23
S01009109,Whole house or bungalow: Detached,354,340,151,189,14,0,14
S01009109,Whole house or bungalow: Semi-detached,223,211,66,145,12,3,9
S01009109,Whole house or bungalow: Terraced (including end-terrace),89,81,20,61,8,8,0
S01009109,Flat maisonette or apartment or mobile/temporary accommodation,4,4,1,3,0,0,0
S01009110,All people in households,607,463,137,326,144,131,13
S01009110,Whole house or bungalow: Total,575,449,133,316,126,114,12
S01009110,Whole house or bungalow: Detached,17,17,4,13,0,0,0
S01009110,Whole house or bungalow: Semi-detached,251,208,54,154,43,35,8
S01009110,Whole house or bungalow: Terraced (including end-terrace),307,224,75,149,83,79,4
S01009110,Flat maisonette or apartment or mobile/temporary accommodation,32,14,4,10,18,17,1
S01009111,All people in households,848,718,203,515,130,50,80
S01009111,Whole house or bungalow: Total,790,690,195,495,100,40,60
S01009111,Whole house or bungalow: Detached,267,258,81,177,9,4,5
S01009111,Whole house or bungalow: Semi-detached,333,307,80,227,26,4,22
S01009111,Whole house or bungalow: Terraced (including end-terrace),190,125,34,91,65,32,33
S01009111,Flat maisonette or apartment or mobile/temporary accommodation,58,28,8,20,30,10,20
S01009112,All people in households,560,532,236,296,28,7,21
S01009112,Whole house or bungalow: Total,558,532,236,296,26,7,19
S01009112,Whole house or bungalow: Detached,210,205,97,108,5,1,4
S01009112,Whole house or bungalow: Semi-detached,322,303,137,166,19,4,15
S01009112,Whole house or bungalow: Terraced (including end-terrace),26,24,2,22,2,2,0
S01009112,Flat maisonette or apartment or mobile/temporary accommodation,2,0,0,0,2,0,2
S01009113,All people in households,852,805,272,533,47,8,39
S01009113,Whole house or bungalow: Total,778,757,262,495,21,4,17
S01009113,Whole house or bungalow: Detached,515,514,205,309,1,0,1
S01009113,Whole house or bungalow: Semi-detached,250,232,54,178,18,2,16
S01009113,Whole house or bungalow: Terraced (including end-terrace),13,11,3,8,2,2,0
S01009113,Flat maisonette or apartment or mobile/temporary accommodation,74,48,10,38,26,4,22
S01009114,All people in households,786,632,125,507,154,131,23
S01009114,Whole house or bungalow: Total,722,594,115,479,128,109,19
S01009114,Whole house or bungalow: Detached,277,271,43,228,6,0,6
S01009114,Whole house or bungalow: Semi-detached,305,250,50,200,55,53,2
S01009114,Whole house or bungalow: Terraced (including end-terrace),140,73,22,51,67,56,11
S01009114,Flat maisonette or apartment or mobile/temporary accommodation,64,38,10,28,26,22,4
S01009115,All people in households,582,441,109,332,141,95,46
S01009115,Whole house or bungalow: Total,398,363,95,268,35,19,16
S01009115,Whole house or bungalow: Detached,233,226,45,181,7,0,7
S01009115,Whole house or bungalow: Semi-detached,105,95,33,62,10,6,4
S01009115,Whole house or bungalow: Terraced (including end-terrace),60,42,17,25,18,13,5
S01009115,Flat maisonette or apartment or mobile/temporary accommodation,184,78,14,64,106,76,30
S01009116,All people in households,464,445,184,261,19,3,16
S01009116,Whole house or bungalow: Total,419,412,177,235,7,1,6
S01009116,Whole house or bungalow: Detached,178,175,86,89,3,1,2
S01009116,Whole house or bungalow: Semi-detached,235,231,89,142,4,0,4
S01009116,Whole house or bungalow: Terraced (including end-terrace),6,6,2,4,0,0,0
S01009116,Flat maisonette or apartment or mobile/temporary accommodation,45,33,7,26,12,2,10
S01009117,All people in households,857,613,109,504,244,179,65
S01009117,Whole house or bungalow: Total,645,523,89,434,122,85,37
S01009117,Whole house or bungalow: Detached,106,90,13,77,16,5,11
S01009117,Whole house or bungalow: Semi-detached,332,283,37,246,49,40,9
S01009117,Whole house or bungalow: Terraced (including end-terrace),207,150,39,111,57,40,17
S01009117,Flat maisonette or apartment or mobile/temporary accommodation,212,90,20,70,122,94,28
S01009118,All people in households,632,587,105,482,45,31,14
S01009118,Whole house or bungalow: Total,631,586,105,481,45,31,14
S01009118,Whole house or bungalow: Detached,283,283,67,216,0,0,0
S01009118,Whole house or bungalow: Semi-detached,257,237,28,209,20,13,7
S01009118,Whole house or bungalow: Terraced (including end-terrace),91,66,10,56,25,18,7
S01009118,Flat maisonette or apartment or mobile/temporary accommodation,1,1,0,1,0,0,0
S01009119,All people in households,752,403,148,255,349,314,35
S01009119,Whole house or bungalow: Total,698,387,139,248,311,283,28
S01009119,Whole house or bungalow: Detached,21,17,7,10,4,0,4
S01009119,Whole house or bungalow: Semi-detached,444,256,73,183,188,166,22
S01009119,Whole house or bungalow: Terraced (including end-terrace),233,114,59,55,119,117,2
S01009119,Flat maisonette or apartment or mobile/temporary accommodation,54,16,9,7,38,31,7
S01009120,All people in households,530,335,109,226,195,166,29
S01009120,Whole house or bungalow: Total,436,294,92,202,142,121,21
S01009120,Whole house or bungalow: Detached,47,39,15,24,8,8,0
S01009120,Whole house or bungalow: Semi-detached,119,81,25,56,38,32,6
S01009120,Whole house or bungalow: Terraced (including end-terrace),270,174,52,122,96,81,15
S01009120,Flat maisonette or apartment or mobile/temporary accommodation,94,41,17,24,53,45,8
S01009121,All people in households,811,590,216,374,221,169,52
S01009121,Whole house or bungalow: Total,382,288,108,180,94,80,14
S01009121,Whole house or bungalow: Detached,57,57,17,40,0,0,0
S01009121,Whole house or bungalow: Semi-detached,143,117,45,72,26,20,6
S01009121,Whole house or bungalow: Terraced (including end-terrace),182,114,46,68,68,60,8
S01009121,Flat maisonette or apartment or mobile/temporary accommodation,429,302,108,194,127,89,38
S01009122,All people in households,919,621,240,381,298,208,90
S01009122,Whole house or bungalow: Total,744,541,213,328,203,123,80
S01009122,Whole house or bungalow: Detached,318,265,122,143,53,8,45
S01009122,Whole house or bungalow: Semi-detached,223,147,49,98,76,47,29
S01009122,Whole house or bungalow: Terraced (including end-terrace),203,129,42,87,74,68,6
S01009122,Flat maisonette or apartment or mobile/temporary accommodation,175,80,27,53,95,85,10
S01009123,All people in households,574,485,102,383,89,63,26
S01009123,Whole house or bungalow: Total,554,483,102,381,71,52,19
S01009123,Whole house or bungalow: Detached,345,333,70,263,12,0,12
S01009123,Whole house or bungalow: Semi-detached,86,71,21,50,15,12,3
S01009123,Whole house or bungalow: Terraced (including end-terrace),123,79,11,68,44,40,4
S01009123,Flat maisonette or apartment or mobile/temporary accommodation,20,2,0,2,18,11,7
S01009124,All people in households,584,415,46,369,169,126,43
S01009124,Whole house or bungalow: Total,562,400,44,356,162,122,40
S01009124,Whole house or bungalow: Detached,232,211,10,201,21,3,18
S01009124,Whole house or bungalow: Semi-detached,201,126,13,113,75,58,17
S01009124,Whole house or bungalow: Terraced (including end-terrace),129,63,21,42,66,61,5
S01009124,Flat maisonette or apartment or mobile/temporary accommodation,22,15,2,13,7,4,3
S01009125,All people in households,659,458,168,290,201,173,28
S01009125,Whole house or bungalow: Total,526,401,153,248,125,98,27
S01009125,Whole house or bungalow: Detached,204,193,90,103,11,2,9
S01009125,Whole house or bungalow: Semi-detached,220,156,53,103,64,54,10
S01009125,Whole house or bungalow: Terraced (including end-terrace),102,52,10,42,50,42,8
S01009125,Flat maisonette or apartment or mobile/temporary accommodation,133,57,15,42,76,75,1
S01009126,All people in households,579,174,47,127,405,373,32
S01009126,Whole house or bungalow: Total,312,128,30,98,184,170,14
S01009126,Whole house or bungalow: Detached,41,15,3,12,26,19,7
S01009126,Whole house or bungalow: Semi-detached,86,31,9,22,55,50,5
S01009126,Whole house or bungalow: Terraced (including end-terrace),185,82,18,64,103,101,2
S01009126,Flat maisonette or apartment or mobile/temporary accommodation,267,46,17,29,221,203,18
S01009127,All people in households,626,191,55,136,435,426,9
S01009127,Whole house or bungalow: Total,475,181,49,132,294,287,7
S01009127,Whole house or bungalow: Detached,52,37,7,30,15,10,5
S01009127,Whole house or bungalow: Semi-detached,134,38,10,28,96,94,2
S01009127,Whole house or bungalow: Terraced (including end-terrace),289,106,32,74,183,183,0
S01009127,Flat maisonette or apartment or mobile/temporary accommodation,151,10,6,4,141,139,2
S01009128,All people in households,806,268,85,183,538,451,87
S01009128,Whole house or bungalow: Total,194,112,45,67,82,69,13
S01009128,Whole house or bungalow: Detached,35,20,5,15,15,11,4
S01009128,Whole house or bungalow: Semi-detached,126,74,34,40,52,44,8
S01009128,Whole house or bungalow: Terraced (including end-terrace),33,18,6,12,15,14,1
S01009128,Flat maisonette or apartment or mobile/temporary accommodation,612,156,40,116,456,382,74
S01009129,All people in households,486,198,62,136,288,263,25
S01009129,Whole house or bungalow: Total,218,111,31,80,107,94,13
S01009129,Whole house or bungalow: Detached,14,14,2,12,0,0,0
S01009129,Whole house or bungalow: Semi-detached,179,80,24,56,99,92,7
S01009129,Whole house or bungalow: Terraced (including end-terrace),25,17,5,12,8,2,6
S01009129,Flat maisonette or apartment or mobile/temporary accommodation,268,87,31,56,181,169,12
S01009130,All people in households,661,433,71,362,228,207,21
S01009130,Whole house or bungalow: Total,451,384,58,326,67,54,13
S01009130,Whole house or bungalow: Detached,202,193,9,184,9,0,9
S01009130,Whole house or bungalow: Semi-detached,145,124,29,95,21,17,4
S01009130,Whole house or bungalow: Terraced (including end-terrace),104,67,20,47,37,37,0
S01009130,Flat maisonette or apartment or mobile/temporary accommodation,210,49,13,36,161,153,8
S01009131,All people in households,482,282,128,154,200,135,65
S01009131,Whole house or bungalow: Total,164,131,69,62,33,30,3
S01009131,Whole house or bungalow: Detached,22,18,6,12,4,4,0
S01009131,Whole house or bungalow: Semi-detached,128,102,62,40,26,23,3
S01009131,Whole house or bungalow: Terraced (including end-terrace),14,11,1,10,3,3,0
S01009131,Flat maisonette or apartment or mobile/temporary accommodation,318,151,59,92,167,105,62
S01009132,All people in households,822,679,156,523,143,50,93
S01009132,Whole house or bungalow: Total,668,614,144,470,54,15,39
S01009132,Whole house or bungalow: Detached,376,359,107,252,17,0,17
S01009132,Whole house or bungalow: Semi-detached,205,185,29,156,20,12,8
S01009132,Whole house or bungalow: Terraced (including end-terrace),87,70,8,62,17,3,14
S01009132,Flat maisonette or apartment or mobile/temporary accommodation,154,65,12,53,89,35,54
S01009133,All people in households,567,279,90,189,288,215,73
S01009133,Whole house or bungalow: Total,129,95,36,59,34,28,6
S01009133,Whole house or bungalow: Detached,15,13,5,8,2,0,2
S01009133,Whole house or bungalow: Semi-detached,102,75,29,46,27,23,4
S01009133,Whole house or bungalow: Terraced (including end-terrace),12,7,2,5,5,5,0
S01009133,Flat maisonette or apartment or mobile/temporary accommodation,438,184,54,130,254,187,67
S01009134,All people in households,920,693,258,435,227,151,76
S01009134,Whole house or bungalow: Total,644,566,217,349,78,53,25
S01009134,Whole house or bungalow: Detached,53,45,16,29,8,5,3
S01009134,Whole house or bungalow: Semi-detached,572,515,201,314,57,35,22
S01009134,Whole house or bungalow: Terraced (including end-terrace),19,6,0,6,13,13,0
S01009134,Flat maisonette or apartment or mobile/temporary accommodation,276,127,41,86,149,98,51
S01009135,All people in households,565,431,63,368,134,20,114
S01009135,Whole house or bungalow: Total,395,359,43,316,36,8,28
S01009135,Whole house or bungalow: Detached,154,144,20,124,10,0,10
S01009135,Whole house or bungalow: Semi-detached,179,168,12,156,11,3,8
S01009135,Whole house or bungalow: Terraced (including end-terrace),62,47,11,36,15,5,10
S01009135,Flat maisonette or apartment or mobile/temporary accommodation,170,72,20,52,98,12,86
S01009136,All people in households,691,536,64,472,155,22,133
S01009136,Whole house or bungalow: Total,535,481,56,425,54,7,47
S01009136,Whole house or bungalow: Detached,467,429,46,383,38,0,38
S01009136,Whole house or bungalow: Semi-detached,41,34,10,24,7,0,7
S01009136,Whole house or bungalow: Terraced (including end-terrace),27,18,0,18,9,7,2
S01009136,Flat maisonette or apartment or mobile/temporary accommodation,156,55,8,47,101,15,86
S01009137,All people in households,616,577,64,513,39,15,24
S01009137,Whole house or bungalow: Total,595,563,58,505,32,8,24
S01009137,Whole house or bungalow: Detached,557,535,54,481,22,0,22
S01009137,Whole house or bungalow: Semi-detached,29,24,0,24,5,3,2
S01009137,Whole house or bungalow: Terraced (including end-terrace),9,4,4,0,5,5,0
S01009137,Flat maisonette or apartment or mobile/temporary accommodation,21,14,6,8,7,7,0
S01009138,All people in households,861,713,237,476,148,21,127
S01009138,Whole house or bungalow: Total,695,615,205,410,80,6,74
S01009138,Whole house or bungalow: Detached,99,90,36,54,9,0,9
S01009138,Whole house or bungalow: Semi-detached,426,397,132,265,29,4,25
S01009138,Whole house or bungalow: Terraced (including end-terrace),170,128,37,91,42,2,40
S01009138,Flat maisonette or apartment or mobile/temporary accommodation,166,98,32,66,68,15,53
S01009139,All people in households,406,141,47,94,265,186,79
S01009139,Whole house or bungalow: Total,111,84,28,56,27,14,13
S01009139,Whole house or bungalow: Detached,30,30,7,23,0,0,0
S01009139,Whole house or bungalow: Semi-detached,43,28,14,14,15,9,6
S01009139,Whole house or bungalow: Terraced (including end-terrace),38,26,7,19,12,5,7
S01009139,Flat maisonette or apartment or mobile/temporary accommodation,295,57,19,38,238,172,66
S01009140,All people in households,700,374,120,254,326,237,89
S01009140,Whole house or bungalow: Total,321,270,77,193,51,39,12
S01009140,Whole house or bungalow: Detached,27,26,4,22,1,1,0
S01009140,Whole house or bungalow: Semi-detached,156,137,30,107,19,14,5
S01009140,Whole house or bungalow: Terraced (including end-terrace),138,107,43,64,31,24,7
S01009140,Flat maisonette or apartment or mobile/temporary accommodation,379,104,43,61,275,198,77
S01009141,All people in households,780,306,64,242,474,364,110
S01009141,Whole house or bungalow: Total,306,208,45,163,98,83,15
S01009141,Whole house or bungalow: Detached,12,8,0,8,4,4,0
S01009141,Whole house or bungalow: Semi-detached,207,135,28,107,72,60,12
S01009141,Whole house or bungalow: Terraced (including end-terrace),87,65,17,48,22,19,3
S01009141,Flat maisonette or apartment or mobile/temporary accommodation,474,98,19,79,376,281,95
S01009142,All people in households,600,344,152,192,256,106,150
S01009142,Whole house or bungalow: Total,197,164,75,89,33,13,20
S01009142,Whole house or bungalow: Detached,40,39,9,30,1,0,1
S01009142,Whole house or bungalow: Semi-detached,65,53,28,25,12,9,3
S01009142,Whole house or bungalow: Terraced (including end-terrace),92,72,38,34,20,4,16
S01009142,Flat maisonette or apartment or mobile/temporary accommodation,403,180,77,103,223,93,130
S01009143,All people in households,600,255,63,192,345,292,53
S01009143,Whole house or bungalow: Total,166,107,27,80,59,45,14
S01009143,Whole house or bungalow: Detached,16,3,3,0,13,7,6
S01009143,Whole house or bungalow: Semi-detached,109,79,19,60,30,26,4
S01009143,Whole house or bungalow: Terraced (including end-terrace),41,25,5,20,16,12,4
S01009143,Flat maisonette or apartment or mobile/temporary accommodation,434,148,36,112,286,247,39
S01009144,All people in households,668,500,74,426,168,11,157
S01009144,Whole house or bungalow: Total,465,416,63,353,49,3,46
S01009144,Whole house or bungalow: Detached,214,194,35,159,20,3,17
S01009144,Whole house or bungalow: Semi-detached,111,102,7,95,9,0,9
S01009144,Whole house or bungalow: Terraced (including end-terrace),140,120,21,99,20,0,20
S01009144,Flat maisonette or apartment or mobile/temporary accommodation,203,84,11,73,119,8,111
S01009145,All people in households,1056,727,269,458,329,268,61
S01009145,Whole house or bungalow: Total,694,577,220,357,117,89,28
S01009145,Whole house or bungalow: Detached,92,75,28,47,17,6,11
S01009145,Whole house or bungalow: Semi-detached,236,170,54,116,66,54,12
S01009145,Whole house or bungalow: Terraced (including end-terrace),366,332,138,194,34,29,5
S01009145,Flat maisonette or apartment or mobile/temporary accommodation,362,150,49,101,212,179,33
S01009146,All people in households,904,445,143,302,459,261,198
S01009146,Whole house or bungalow: Total,413,280,91,189,133,104,29
S01009146,Whole house or bungalow: Detached,24,15,6,9,9,0,9
S01009146,Whole house or bungalow: Semi-detached,320,238,76,162,82,73,9
S01009146,Whole house or bungalow: Terraced (including end-terrace),69,27,9,18,42,31,11
S01009146,Flat maisonette or apartment or mobile/temporary accommodation,491,165,52,113,326,157,169
S01009147,All people in households,832,393,155,238,439,380,59
S01009147,Whole house or bungalow: Total,444,302,125,177,142,119,23
S01009147,Whole house or bungalow: Detached,14,14,2,12,0,0,0
S01009147,Whole house or bungalow: Semi-detached,268,192,74,118,76,65,11
S01009147,Whole house or bungalow: Terraced (including end-terrace),162,96,49,47,66,54,12
S01009147,Flat maisonette or apartment or mobile/temporary accommodation,388,91,30,61,297,261,36
S01009148,All people in households,694,388,144,244,306,289,17
S01009148,Whole house or bungalow: Total,587,368,138,230,219,207,12
S01009148,Whole house or bungalow: Detached,29,29,9,20,0,0,0
S01009148,Whole house or bungalow: Semi-detached,294,195,81,114,99,93,6
S01009148,Whole house or bungalow: Terraced (including end-terrace),264,144,48,96,120,114,6
S01009148,Flat maisonette or apartment or mobile/temporary accommodation,107,20,6,14,87,82,5
S01009149,All people in households,799,588,240,348,211,71,140
S01009149,Whole house or bungalow: Total,469,408,156,252,61,22,39
S01009149,Whole house or bungalow: Detached,264,243,90,153,21,0,21
S01009149,Whole house or bungalow: Semi-detached,196,164,65,99,32,16,16
S01009149,Whole house or bungalow: Terraced (including end-terrace),9,1,1,0,8,6,2
S01009149,Flat maisonette or apartment or mobile/temporary accommodation,330,180,84,96,150,49,101
S01009150,All people in households,747,147,134,13,600,585,15
S01009150,Whole house or bungalow: Total,32,29,20,9,3,2,1
S01009150,Whole house or bungalow: Detached,9,8,4,4,1,0,1
S01009150,Whole house or bungalow: Semi-detached,15,13,13,0,2,2,0
S01009150,Whole house or bungalow: Terraced (including end-terrace),8,8,3,5,0,0,0
S01009150,Flat maisonette or apartment or mobile/temporary accommodation,715,118,114,4,597,583,14
S01009151,All people in households,890,522,204,318,368,234,134
S01009151,Whole house or bungalow: Total,461,404,135,269,57,27,30
S01009151,Whole house or bungalow: Detached,78,68,14,54,10,0,10
S01009151,Whole house or bungalow: Semi-detached,303,270,103,167,33,22,11
S01009151,Whole house or bungalow: Terraced (including end-terrace),80,66,18,48,14,5,9
S01009151,Flat maisonette or apartment or mobile/temporary accommodation,429,118,69,49,311,207,104
S01009152,All people in households,667,220,91,129,447,218,229
S01009152,Whole house or bungalow: Total,101,82,36,46,19,0,19
S01009152,Whole house or bungalow: Detached,47,38,13,25,9,0,9
S01009152,Whole house or bungalow: Semi-detached,28,21,8,13,7,0,7
S01009152,Whole house or bungalow: Terraced (including end-terrace),26,23,15,8,3,0,3
S01009152,Flat maisonette or apartment or mobile/temporary accommodation,566,138,55,83,428,218,210
S01009153,All people in households,472,296,108,188,176,18,158
S01009153,Whole house or bungalow: Total,143,124,53,71,19,7,12
S01009153,Whole house or bungalow: Detached,26,26,12,14,0,0,0
S01009153,Whole house or bungalow: Semi-detached,96,85,34,51,11,2,9
S01009153,Whole house or bungalow: Terraced (including end-terrace),21,13,7,6,8,5,3
S01009153,Flat maisonette or apartment or mobile/temporary accommodation,329,172,55,117,157,11,146
S01009154,All people in households,899,700,319,381,199,31,168
S01009154,Whole house or bungalow: Total,586,533,232,301,53,21,32
S01009154,Whole house or bungalow: Detached,327,313,140,173,14,0,14
S01009154,Whole house or bungalow: Semi-detached,247,213,88,125,34,16,18
S01009154,Whole house or bungalow: Terraced (including end-terrace),12,7,4,3,5,5,0
S01009154,Flat maisonette or apartment or mobile/temporary accommodation,313,167,87,80,146,10,136
S01009155,All people in households,550,467,190,277,83,18,65
S01009155,Whole house or bungalow: Total,400,368,152,216,32,7,25
S01009155,Whole house or bungalow: Detached,146,134,47,87,12,0,12
S01009155,Whole house or bungalow: Semi-detached,239,224,102,122,15,3,12
S01009155,Whole house or bungalow: Terraced (including end-terrace),15,10,3,7,5,4,1
S01009155,Flat maisonette or apartment or mobile/temporary accommodation,150,99,38,61,51,11,40
S01009156,All people in households,548,480,216,264,68,26,42
S01009156,Whole house or bungalow: Total,484,445,195,250,39,14,25
S01009156,Whole house or bungalow: Detached,339,324,156,168,15,0,15
S01009156,Whole house or bungalow: Semi-detached,117,105,32,73,12,7,5
S01009156,Whole house or bungalow: Terraced (including end-terrace),28,16,7,9,12,7,5
S01009156,Flat maisonette or apartment or mobile/temporary accommodation,64,35,21,14,29,12,17
S01009157,All people in households,838,681,261,420,157,99,58
S01009157,Whole house or bungalow: Total,792,662,251,411,130,83,47
S01009157,Whole house or bungalow: Detached,87,71,30,41,16,7,9
S01009157,Whole house or bungalow: Semi-detached,305,256,99,157,49,30,19
S01009157,Whole house or bungalow: Terraced (including end-terrace),400,335,122,213,65,46,19
S01009157,Flat maisonette or apartment or mobile/temporary accommodation,46,19,10,9,27,16,11
S01009158,All people in households,558,386,126,260,172,121,51
S01009158,Whole house or bungalow: Total,387,321,105,216,66,47,19
S01009158,Whole house or bungalow: Detached,22,15,8,7,7,4,3
S01009158,Whole house or bungalow: Semi-detached,101,86,30,56,15,11,4
S01009158,Whole house or bungalow: Terraced (including end-terrace),264,220,67,153,44,32,12
S01009158,Flat maisonette or apartment or mobile/temporary accommodation,171,65,21,44,106,74,32
S01009159,All people in households,511,162,56,106,349,322,27
S01009159,Whole house or bungalow: Total,255,79,33,46,176,165,11
S01009159,Whole house or bungalow: Detached,20,10,4,6,10,10,0
S01009159,Whole house or bungalow: Semi-detached,118,47,23,24,71,60,11
S01009159,Whole house or bungalow: Terraced (including end-terrace),117,22,6,16,95,95,0
S01009159,Flat maisonette or apartment or mobile/temporary accommodation,256,83,23,60,173,157,16
S01009160,All people in households,618,312,105,207,306,226,80
S01009160,Whole house or bungalow: Total,291,216,78,138,75,40,35
S01009160,Whole house or bungalow: Detached,58,54,13,41,4,0,4
S01009160,Whole house or bungalow: Semi-detached,194,146,61,85,48,32,16
S01009160,Whole house or bungalow: Terraced (including end-terrace),39,16,4,12,23,8,15
S01009160,Flat maisonette or apartment or mobile/temporary accommodation,327,96,27,69,231,186,45
S01009161,All people in households,647,238,84,154,409,319,90
S01009161,Whole house or bungalow: Total,179,111,44,67,68,49,19
S01009161,Whole house or bungalow: Detached,25,15,1,14,10,8,2
S01009161,Whole house or bungalow: Semi-detached,49,31,7,24,18,13,5
S01009161,Whole house or bungalow: Terraced (including end-terrace),105,65,36,29,40,28,12
S01009161,Flat maisonette or apartment or mobile/temporary accommodation,468,127,40,87,341,270,71
S01009162,All people in households,709,345,103,242,364,229,135
S01009162,Whole house or bungalow: Total,203,155,54,101,48,25,23
S01009162,Whole house or bungalow: Detached,30,26,16,10,4,0,4
S01009162,Whole house or bungalow: Semi-detached,133,104,33,71,29,14,15
S01009162,Whole house or bungalow: Terraced (including end-terrace),40,25,5,20,15,11,4
S01009162,Flat maisonette or apartment or mobile/temporary accommodation,506,190,49,141,316,204,112
S01009163,All people in households,465,346,165,181,119,58,61
S01009163,Whole house or bungalow: Total,272,240,123,117,32,5,27
S01009163,Whole house or bungalow: Detached,57,55,34,21,2,0,2
S01009163,Whole house or bungalow: Semi-detached,171,144,72,72,27,2,25
S01009163,Whole house or bungalow: Terraced (including end-terrace),44,41,17,24,3,3,0
S01009163,Flat maisonette or apartment or mobile/temporary accommodation,193,106,42,64,87,53,34
S01009164,All people in households,750,475,160,315,275,230,45
S01009164,Whole house or bungalow: Total,741,470,160,310,271,226,45
S01009164,Whole house or bungalow: Detached,20,12,5,7,8,8,0
S01009164,Whole house or bungalow: Semi-detached,232,167,60,107,65,49,16
S01009164,Whole house or bungalow: Terraced (including end-terrace),489,291,95,196,198,169,29
S01009164,Flat maisonette or apartment or mobile/temporary accommodation,9,5,0,5,4,4,0
S01009165,All people in households,720,308,117,191,412,324,88
S01009165,Whole house or bungalow: Total,451,261,101,160,190,146,44
S01009165,Whole house or bungalow: Detached,10,7,0,7,3,2,1
S01009165,Whole house or bungalow: Semi-detached,189,107,38,69,82,61,21
S01009165,Whole house or bungalow: Terraced (including end-terrace),252,147,63,84,105,83,22
S01009165,Flat maisonette or apartment or mobile/temporary accommodation,269,47,16,31,222,178,44
S01009166,All people in households,839,360,88,272,479,433,46
S01009166,Whole house or bungalow: Total,484,298,66,232,186,154,32
S01009166,Whole house or bungalow: Detached,24,14,0,14,10,9,1
S01009166,Whole house or bungalow: Semi-detached,258,141,39,102,117,103,14
S01009166,Whole house or bungalow: Terraced (including end-terrace),202,143,27,116,59,42,17
S01009166,Flat maisonette or apartment or mobile/temporary accommodation,355,62,22,40,293,279,14
S01009167,All people in households,548,270,60,210,278,272,6
S01009167,Whole house or bungalow: Total,479,237,55,182,242,240,2
S01009167,Whole house or bungalow: Detached,11,4,4,0,7,5,2
S01009167,Whole house or bungalow: Semi-detached,218,98,26,72,120,120,0
S01009167,Whole house or bungalow: Terraced (including end-terrace),250,135,25,110,115,115,0
S01009167,Flat maisonette or apartment or mobile/temporary accommodation,69,33,5,28,36,32,4
S01009168,All people in households,634,591,312,279,43,3,40
S01009168,Whole house or bungalow: Total,584,562,300,262,22,0,22
S01009168,Whole house or bungalow: Detached,292,292,183,109,0,0,0
S01009168,Whole house or bungalow: Semi-detached,224,218,88,130,6,0,6
S01009168,Whole house or bungalow: Terraced (including end-terrace),68,52,29,23,16,0,16
S01009168,Flat maisonette or apartment or mobile/temporary accommodation,50,29,12,17,21,3,18
S01009169,All people in households,746,379,167,212,367,337,30
S01009169,Whole house or bungalow: Total,367,302,149,153,65,51,14
S01009169,Whole house or bungalow: Detached,66,63,38,25,3,0,3
S01009169,Whole house or bungalow: Semi-detached,116,79,42,37,37,32,5
S01009169,Whole house or bungalow: Terraced (including end-terrace),185,160,69,91,25,19,6
S01009169,Flat maisonette or apartment or mobile/temporary accommodation,379,77,18,59,302,286,16
S01009170,All people in households,677,389,105,284,288,208,80
S01009170,Whole house or bungalow: Total,615,371,104,267,244,181,63
S01009170,Whole house or bungalow: Detached,22,20,9,11,2,2,0
S01009170,Whole house or bungalow: Semi-detached,124,70,15,55,54,32,22
S01009170,Whole house or bungalow: Terraced (including end-terrace),469,281,80,201,188,147,41
S01009170,Flat maisonette or apartment or mobile/temporary accommodation,62,18,1,17,44,27,17
S01009171,All people in households,664,428,104,324,236,197,39
S01009171,Whole house or bungalow: Total,479,369,84,285,110,78,32
S01009171,Whole house or bungalow: Detached,63,63,21,42,0,0,0
S01009171,Whole house or bungalow: Semi-detached,83,50,6,44,33,18,15
S01009171,Whole house or bungalow: Terraced (including end-terrace),333,256,57,199,77,60,17
S01009171,Flat maisonette or apartment or mobile/temporary accommodation,185,59,20,39,126,119,7
S01009172,All people in households,656,605,240,365,51,3,48
S01009172,Whole house or bungalow: Total,563,549,222,327,14,1,13
S01009172,Whole house or bungalow: Detached,276,274,126,148,2,0,2
S01009172,Whole house or bungalow: Semi-detached,285,274,96,178,11,0,11
S01009172,Whole house or bungalow: Terraced (including end-terrace),2,1,0,1,1,1,0
S01009172,Flat maisonette or apartment or mobile/temporary accommodation,93,56,18,38,37,2,35
S01009173,All people in households,768,704,269,435,64,32,32
S01009173,Whole house or bungalow: Total,731,678,256,422,53,21,32
S01009173,Whole house or bungalow: Detached,388,375,140,235,13,2,11
S01009173,Whole house or bungalow: Semi-detached,235,213,94,119,22,8,14
S01009173,Whole house or bungalow: Terraced (including end-terrace),108,90,22,68,18,11,7
S01009173,Flat maisonette or apartment or mobile/temporary accommodation,37,26,13,13,11,11,0
S01009174,All people in households,487,455,59,396,32,12,20
S01009174,Whole house or bungalow: Total,463,450,59,391,13,3,10
S01009174,Whole house or bungalow: Detached,404,394,51,343,10,0,10
S01009174,Whole house or bungalow: Semi-detached,54,51,3,48,3,3,0
S01009174,Whole house or bungalow: Terraced (including end-terrace),5,5,5,0,0,0,0
S01009174,Flat maisonette or apartment or mobile/temporary accommodation,24,5,0,5,19,9,10
S01009175,All people in households,848,810,168,642,38,17,21
S01009175,Whole house or bungalow: Total,835,801,164,637,34,17,17
S01009175,Whole house or bungalow: Detached,652,636,150,486,16,5,11
S01009175,Whole house or bungalow: Semi-detached,160,152,14,138,8,6,2
S01009175,Whole house or bungalow: Terraced (including end-terrace),23,13,0,13,10,6,4
S01009175,Flat maisonette or apartment or mobile/temporary accommodation,13,9,4,5,4,0,4
S01009176,All people in households,984,919,409,510,65,13,52
S01009176,Whole house or bungalow: Total,968,910,405,505,58,6,52
S01009176,Whole house or bungalow: Detached,706,668,274,394,38,0,38
S01009176,Whole house or bungalow: Semi-detached,230,211,115,96,19,5,14
S01009176,Whole house or bungalow: Terraced (including end-terrace),32,31,16,15,1,1,0
S01009176,Flat maisonette or apartment or mobile/temporary accommodation,16,9,4,5,7,7,0
S01009177,All people in households,817,472,146,326,345,289,56
S01009177,Whole house or bungalow: Total,658,456,145,311,202,158,44
S01009177,Whole house or bungalow: Detached,63,59,25,34,4,3,1
S01009177,Whole house or bungalow: Semi-detached,158,99,42,57,59,48,11
S01009177,Whole house or bungalow: Terraced (including end-terrace),437,298,78,220,139,107,32
S01009177,Flat maisonette or apartment or mobile/temporary accommodation,159,16,1,15,143,131,12
S01009178,All people in households,743,377,101,276,366,335,31
S01009178,Whole house or bungalow: Total,586,354,98,256,232,201,31
S01009178,Whole house or bungalow: Detached,46,36,11,25,10,7,3
S01009178,Whole house or bungalow: Semi-detached,143,80,27,53,63,59,4
S01009178,Whole house or bungalow: Terraced (including end-terrace),397,238,60,178,159,135,24
S01009178,Flat maisonette or apartment or mobile/temporary accommodation,157,23,3,20,134,134,0
S01009179,All people in households,683,475,112,363,208,152,56
S01009179,Whole house or bungalow: Total,651,470,111,359,181,127,54
S01009179,Whole house or bungalow: Detached,31,23,5,18,8,2,6
S01009179,Whole house or bungalow: Semi-detached,91,57,6,51,34,33,1
S01009179,Whole house or bungalow: Terraced (including end-terrace),529,390,100,290,139,92,47
S01009179,Flat maisonette or apartment or mobile/temporary accommodation,32,5,1,4,27,25,2
S01009180,All people in households,984,629,212,417,355,296,59
S01009180,Whole house or bungalow: Total,738,551,170,381,187,158,29
S01009180,Whole house or bungalow: Detached,20,15,4,11,5,5,0
S01009180,Whole house or bungalow: Semi-detached,226,176,51,125,50,47,3
S01009180,Whole house or bungalow: Terraced (including end-terrace),492,360,115,245,132,106,26
S01009180,Flat maisonette or apartment or mobile/temporary accommodation,246,78,42,36,168,138,30
S01009181,All people in households,855,486,197,289,369,330,39
S01009181,Whole house or bungalow: Total,769,459,187,272,310,273,37
S01009181,Whole house or bungalow: Detached,152,130,67,63,22,3,19
S01009181,Whole house or bungalow: Semi-detached,424,230,81,149,194,185,9
S01009181,Whole house or bungalow: Terraced (including end-terrace),193,99,39,60,94,85,9
S01009181,Flat maisonette or apartment or mobile/temporary accommodation,86,27,10,17,59,57,2
S01009182,All people in households,1002,847,241,606,155,107,48
S01009182,Whole house or bungalow: Total,962,832,238,594,130,86,44
S01009182,Whole house or bungalow: Detached,433,404,125,279,29,6,23
S01009182,Whole house or bungalow: Semi-detached,344,308,86,222,36,28,8
S01009182,Whole house or bungalow: Terraced (including end-terrace),185,120,27,93,65,52,13
S01009182,Flat maisonette or apartment or mobile/temporary accommodation,40,15,3,12,25,21,4
S01009183,All people in households,737,706,157,549,31,10,21
S01009183,Whole house or bungalow: Total,724,695,155,540,29,10,19
S01009183,Whole house or bungalow: Detached,551,538,123,415,13,0,13
S01009183,Whole house or bungalow: Semi-detached,123,112,19,93,11,6,5
S01009183,Whole house or bungalow: Terraced (including end-terrace),50,45,13,32,5,4,1
S01009183,Flat maisonette or apartment or mobile/temporary accommodation,13,11,2,9,2,0,2
S01009184,All people in households,858,441,164,277,417,373,44
S01009184,Whole house or bungalow: Total,709,420,153,267,289,261,28
S01009184,Whole house or bungalow: Detached,259,224,102,122,35,19,16
S01009184,Whole house or bungalow: Semi-detached,198,110,31,79,88,83,5
S01009184,Whole house or bungalow: Terraced (including end-terrace),252,86,20,66,166,159,7
S01009184,Flat maisonette or apartment or mobile/temporary accommodation,149,21,11,10,128,112,16
S01009185,All people in households,888,458,129,329,430,382,48
S01009185,Whole house or bungalow: Total,842,451,124,327,391,351,40
S01009185,Whole house or bungalow: Detached,220,189,64,125,31,17,14
S01009185,Whole house or bungalow: Semi-detached,390,185,48,137,205,191,14
S01009185,Whole house or bungalow: Terraced (including end-terrace),232,77,12,65,155,143,12
S01009185,Flat maisonette or apartment or mobile/temporary accommodation,46,7,5,2,39,31,8
S01009186,All people in households,810,533,167,366,277,235,42
S01009186,Whole house or bungalow: Total,712,482,154,328,230,193,37
S01009186,Whole house or bungalow: Detached,288,264,75,189,24,7,17
S01009186,Whole house or bungalow: Semi-detached,236,125,41,84,111,104,7
S01009186,Whole house or bungalow: Terraced (including end-terrace),188,93,38,55,95,82,13
S01009186,Flat maisonette or apartment or mobile/temporary accommodation,98,51,13,38,47,42,5
S01009187,All people in households,512,418,169,249,94,50,44
S01009187,Whole house or bungalow: Total,479,397,157,240,82,50,32
S01009187,Whole house or bungalow: Detached,302,280,116,164,22,2,20
S01009187,Whole house or bungalow: Semi-detached,101,62,26,36,39,36,3
S01009187,Whole house or bungalow: Terraced (including end-terrace),76,55,15,40,21,12,9
S01009187,Flat maisonette or apartment or mobile/temporary accommodation,33,21,12,9,12,0,12
S01009188,All people in households,890,527,168,359,363,326,37
S01009188,Whole house or bungalow: Total,785,493,161,332,292,260,32
S01009188,Whole house or bungalow: Detached,310,286,116,170,24,10,14
S01009188,Whole house or bungalow: Semi-detached,283,152,29,123,131,123,8
S01009188,Whole house or bungalow: Terraced (including end-terrace),192,55,16,39,137,127,10
S01009188,Flat maisonette or apartment or mobile/temporary accommodation,105,34,7,27,71,66,5
S01009189,All people in households,776,385,129,256,391,380,11
S01009189,Whole house or bungalow: Total,605,352,112,240,253,247,6
S01009189,Whole house or bungalow: Detached,59,48,22,26,11,6,5
S01009189,Whole house or bungalow: Semi-detached,399,226,70,156,173,172,1
S01009189,Whole house or bungalow: Terraced (including end-terrace),147,78,20,58,69,69,0
S01009189,Flat maisonette or apartment or mobile/temporary accommodation,171,33,17,16,138,133,5
S01009190,All people in households,796,710,152,558,86,44,42
S01009190,Whole house or bungalow: Total,777,697,152,545,80,40,40
S01009190,Whole house or bungalow: Detached,445,431,110,321,14,0,14
S01009190,Whole house or bungalow: Semi-detached,215,191,30,161,24,9,15
S01009190,Whole house or bungalow: Terraced (including end-terrace),117,75,12,63,42,31,11
S01009190,Flat maisonette or apartment or mobile/temporary accommodation,19,13,0,13,6,4,2
S01009191,All people in households,746,702,82,620,44,23,21
S01009191,Whole house or bungalow: Total,734,694,74,620,40,19,21
S01009191,Whole house or bungalow: Detached,624,611,67,544,13,0,13
S01009191,Whole house or bungalow: Semi-detached,81,57,5,52,24,16,8
S01009191,Whole house or bungalow: Terraced (including end-terrace),29,26,2,24,3,3,0
S01009191,Flat maisonette or apartment or mobile/temporary accommodation,12,8,8,0,4,4,0
S01009192,All people in households,625,547,170,377,78,43,35
S01009192,Whole house or bungalow: Total,582,531,164,367,51,22,29
S01009192,Whole house or bungalow: Detached,156,146,41,105,10,0,10
S01009192,Whole house or bungalow: Semi-detached,258,237,85,152,21,11,10
S01009192,Whole house or bungalow: Terraced (including end-terrace),168,148,38,110,20,11,9
S01009192,Flat maisonette or apartment or mobile/temporary accommodation,43,16,6,10,27,21,6
S01009193,All people in households,309,289,42,247,20,15,5
S01009193,Whole house or bungalow: Total,301,287,42,245,14,9,5
S01009193,Whole house or bungalow: Detached,161,158,20,138,3,0,3
S01009193,Whole house or bungalow: Semi-detached,78,74,14,60,4,3,1
S01009193,Whole house or bungalow: Terraced (including end-terrace),62,55,8,47,7,6,1
S01009193,Flat maisonette or apartment or mobile/temporary accommodation,8,2,0,2,6,6,0
S01009194,All people in households,788,747,342,405,41,9,32
S01009194,Whole house or bungalow: Total,775,747,342,405,28,4,24
S01009194,Whole house or bungalow: Detached,578,566,271,295,12,2,10
S01009194,Whole house or bungalow: Semi-detached,187,173,66,107,14,0,14
S01009194,Whole house or bungalow: Terraced (including end-terrace),10,8,5,3,2,2,0
S01009194,Flat maisonette or apartment or mobile/temporary accommodation,13,0,0,0,13,5,8
S01009195,All people in households,860,754,155,599,106,28,78
S01009195,Whole house or bungalow: Total,764,697,144,553,67,10,57
S01009195,Whole house or bungalow: Detached,295,277,58,219,18,0,18
S01009195,Whole house or bungalow: Semi-detached,310,284,60,224,26,4,22
S01009195,Whole house or bungalow: Terraced (including end-terrace),159,136,26,110,23,6,17
S01009195,Flat maisonette or apartment or mobile/temporary accommodation,96,57,11,46,39,18,21
S01009196,All people in households,693,508,193,315,185,140,45
S01009196,Whole house or bungalow: Total,610,462,164,298,148,122,26
S01009196,Whole house or bungalow: Detached,103,96,30,66,7,3,4
S01009196,Whole house or bungalow: Semi-detached,387,293,102,191,94,72,22
S01009196,Whole house or bungalow: Terraced (including end-terrace),120,73,32,41,47,47,0
S01009196,Flat maisonette or apartment or mobile/temporary accommodation,83,46,29,17,37,18,19
S01009197,All people in households,1027,902,236,666,125,57,68
S01009197,Whole house or bungalow: Total,994,897,234,663,97,50,47
S01009197,Whole house or bungalow: Detached,625,594,137,457,31,0,31
S01009197,Whole house or bungalow: Semi-detached,210,193,69,124,17,5,12
S01009197,Whole house or bungalow: Terraced (including end-terrace),159,110,28,82,49,45,4
S01009197,Flat maisonette or apartment or mobile/temporary accommodation,33,5,2,3,28,7,21
S01009198,All people in households,730,637,231,406,93,69,24
S01009198,Whole house or bungalow: Total,611,585,222,363,26,11,15
S01009198,Whole house or bungalow: Detached,334,322,157,165,12,0,12
S01009198,Whole house or bungalow: Semi-detached,244,238,60,178,6,4,2
S01009198,Whole house or bungalow: Terraced (including end-terrace),33,25,5,20,8,7,1
S01009198,Flat maisonette or apartment or mobile/temporary accommodation,119,52,9,43,67,58,9
S01009199,All people in households,616,518,115,403,98,73,25
S01009199,Whole house or bungalow: Total,596,509,111,398,87,68,19
S01009199,Whole house or bungalow: Detached,342,336,59,277,6,3,3
S01009199,Whole house or bungalow: Semi-detached,170,121,45,76,49,42,7
S01009199,Whole house or bungalow: Terraced (including end-terrace),84,52,7,45,32,23,9
S01009199,Flat maisonette or apartment or mobile/temporary accommodation,20,9,4,5,11,5,6
S01009200,All people in households,1121,991,331,660,130,102,28
S01009200,Whole house or bungalow: Total,1025,975,322,653,50,25,25
S01009200,Whole house or bungalow: Detached,848,829,269,560,19,0,19
S01009200,Whole house or bungalow: Semi-detached,142,131,51,80,11,5,6
S01009200,Whole house or bungalow: Terraced (including end-terrace),35,15,2,13,20,20,0
S01009200,Flat maisonette or apartment or mobile/temporary accommodation,96,16,9,7,80,77,3
S01009201,All people in households,630,421,112,309,209,149,60
S01009201,Whole house or bungalow: Total,519,378,109,269,141,105,36
S01009201,Whole house or bungalow: Detached,81,79,34,45,2,0,2
S01009201,Whole house or bungalow: Semi-detached,178,147,39,108,31,22,9
S01009201,Whole house or bungalow: Terraced (including end-terrace),260,152,36,116,108,83,25
S01009201,Flat maisonette or apartment or mobile/temporary accommodation,111,43,3,40,68,44,24
S01009202,All people in households,525,477,97,380,48,26,22
S01009202,Whole house or bungalow: Total,520,475,95,380,45,23,22
S01009202,Whole house or bungalow: Detached,407,388,73,315,19,0,19
S01009202,Whole house or bungalow: Semi-detached,84,79,20,59,5,4,1
S01009202,Whole house or bungalow: Terraced (including end-terrace),29,8,2,6,21,19,2
S01009202,Flat maisonette or apartment or mobile/temporary accommodation,5,2,2,0,3,3,0
S01009203,All people in households,633,287,93,194,346,314,32
S01009203,Whole house or bungalow: Total,511,275,87,188,236,211,25
S01009203,Whole house or bungalow: Detached,59,45,12,33,14,7,7
S01009203,Whole house or bungalow: Semi-detached,242,142,43,99,100,90,10
S01009203,Whole house or bungalow: Terraced (including end-terrace),210,88,32,56,122,114,8
S01009203,Flat maisonette or apartment or mobile/temporary accommodation,122,12,6,6,110,103,7
S01009204,All people in households,895,553,149,404,342,306,36
S01009204,Whole house or bungalow: Total,854,534,148,386,320,289,31
S01009204,Whole house or bungalow: Detached,247,229,75,154,18,1,17
S01009204,Whole house or bungalow: Semi-detached,372,214,59,155,158,149,9
S01009204,Whole house or bungalow: Terraced (including end-terrace),235,91,14,77,144,139,5
S01009204,Flat maisonette or apartment or mobile/temporary accommodation,41,19,1,18,22,17,5
S01009205,All people in households,702,654,201,453,48,8,40
S01009205,Whole house or bungalow: Total,544,521,180,341,23,8,15
S01009205,Whole house or bungalow: Detached,91,91,50,41,0,0,0
S01009205,Whole house or bungalow: Semi-detached,388,374,115,259,14,6,8
S01009205,Whole house or bungalow: Terraced (including end-terrace),65,56,15,41,9,2,7
S01009205,Flat maisonette or apartment or mobile/temporary accommodation,158,133,21,112,25,0,25
S01009206,All people in households,807,741,251,490,66,21,45
S01009206,Whole house or bungalow: Total,670,637,227,410,33,19,14
S01009206,Whole house or bungalow: Detached,313,312,122,190,1,0,1
S01009206,Whole house or bungalow: Semi-detached,296,286,96,190,10,1,9
S01009206,Whole house or bungalow: Terraced (including end-terrace),61,39,9,30,22,18,4
S01009206,Flat maisonette or apartment or mobile/temporary accommodation,137,104,24,80,33,2,31
S01009207,All people in households,760,721,335,386,39,4,35
S01009207,Whole house or bungalow: Total,688,668,325,343,20,2,18
S01009207,Whole house or bungalow: Detached,381,379,223,156,2,0,2
S01009207,Whole house or bungalow: Semi-detached,243,232,88,144,11,0,11
S01009207,Whole house or bungalow: Terraced (including end-terrace),64,57,14,43,7,2,5
S01009207,Flat maisonette or apartment or mobile/temporary accommodation,72,53,10,43,19,2,17
S01009208,All people in households,631,503,242,261,128,81,47
S01009208,Whole house or bungalow: Total,535,465,224,241,70,40,30
S01009208,Whole house or bungalow: Detached,266,242,116,126,24,15,9
S01009208,Whole house or bungalow: Semi-detached,205,171,90,81,34,14,20
S01009208,Whole house or bungalow: Terraced (including end-terrace),64,52,18,34,12,11,1
S01009208,Flat maisonette or apartment or mobile/temporary accommodation,96,38,18,20,58,41,17
S01009209,All people in households,597,530,251,279,67,24,43
S01009209,Whole house or bungalow: Total,494,467,230,237,27,20,7
S01009209,Whole house or bungalow: Detached,233,231,126,105,2,0,2
S01009209,Whole house or bungalow: Semi-detached,171,161,65,96,10,8,2
S01009209,Whole house or bungalow: Terraced (including end-terrace),90,75,39,36,15,12,3
S01009209,Flat maisonette or apartment or mobile/temporary accommodation,103,63,21,42,40,4,36
S01009210,All people in households,569,468,172,296,101,46,55
S01009210,Whole house or bungalow: Total,513,441,161,280,72,30,42
S01009210,Whole house or bungalow: Detached,395,363,129,234,32,1,31
S01009210,Whole house or bungalow: Semi-detached,100,76,32,44,24,17,7
S01009210,Whole house or bungalow: Terraced (including end-terrace),18,2,0,2,16,12,4
S01009210,Flat maisonette or apartment or mobile/temporary accommodation,56,27,11,16,29,16,13
S01009211,All people in households,628,434,133,301,194,135,59
S01009211,Whole house or bungalow: Total,494,355,118,237,139,107,32
S01009211,Whole house or bungalow: Detached,95,84,30,54,11,7,4
S01009211,Whole house or bungalow: Semi-detached,312,220,79,141,92,71,21
S01009211,Whole house or bungalow: Terraced (including end-terrace),87,51,9,42,36,29,7
S01009211,Flat maisonette or apartment or mobile/temporary accommodation,134,79,15,64,55,28,27
S01009212,All people in households,829,505,217,288,324,283,41
S01009212,Whole house or bungalow: Total,702,464,214,250,238,201,37
S01009212,Whole house or bungalow: Detached,82,67,13,54,15,15,0
S01009212,Whole house or bungalow: Semi-detached,240,163,80,83,77,67,10
S01009212,Whole house or bungalow: Terraced (including end-terrace),380,234,121,113,146,119,27
S01009212,Flat maisonette or apartment or mobile/temporary accommodation,127,41,3,38,86,82,4
S01009213,All people in households,836,494,132,362,342,306,36
S01009213,Whole house or bungalow: Total,643,443,118,325,200,179,21
S01009213,Whole house or bungalow: Detached,75,71,19,52,4,4,0
S01009213,Whole house or bungalow: Semi-detached,375,248,61,187,127,112,15
S01009213,Whole house or bungalow: Terraced (including end-terrace),193,124,38,86,69,63,6
S01009213,Flat maisonette or apartment or mobile/temporary accommodation,193,51,14,37,142,127,15
S01009214,All people in households,972,826,251,575,146,118,28
S01009214,Whole house or bungalow: Total,955,822,249,573,133,108,25
S01009214,Whole house or bungalow: Detached,375,359,99,260,16,3,13
S01009214,Whole house or bungalow: Semi-detached,389,348,125,223,41,31,10
S01009214,Whole house or bungalow: Terraced (including end-terrace),191,115,25,90,76,74,2
S01009214,Flat maisonette or apartment or mobile/temporary accommodation,17,4,2,2,13,10,3
S01009215,All people in households,926,579,219,360,347,310,37
S01009215,Whole house or bungalow: Total,567,461,173,288,106,87,19
S01009215,Whole house or bungalow: Detached,150,138,67,71,12,2,10
S01009215,Whole house or bungalow: Semi-detached,226,180,64,116,46,38,8
S01009215,Whole house or bungalow: Terraced (including end-terrace),191,143,42,101,48,47,1
S01009215,Flat maisonette or apartment or mobile/temporary accommodation,359,118,46,72,241,223,18
S01009216,All people in households,886,580,213,367,306,250,56
S01009216,Whole house or bungalow: Total,756,531,191,340,225,193,32
S01009216,Whole house or bungalow: Detached,70,60,27,33,10,6,4
S01009216,Whole house or bungalow: Semi-detached,384,286,111,175,98,83,15
S01009216,Whole house or bungalow: Terraced (including end-terrace),302,185,53,132,117,104,13
S01009216,Flat maisonette or apartment or mobile/temporary accommodation,130,49,22,27,81,57,24
S01009217,All people in households,623,241,59,182,382,353,29
S01009217,Whole house or bungalow: Total,394,179,42,137,215,195,20
S01009217,Whole house or bungalow: Detached,15,8,0,8,7,7,0
S01009217,Whole house or bungalow: Semi-detached,220,113,29,84,107,102,5
S01009217,Whole house or bungalow: Terraced (including end-terrace),159,58,13,45,101,86,15
S01009217,Flat maisonette or apartment or mobile/temporary accommodation,229,62,17,45,167,158,9
S01009218,All people in households,821,614,263,351,207,163,44
S01009218,Whole house or bungalow: Total,645,552,244,308,93,72,21
S01009218,Whole house or bungalow: Detached,135,129,63,66,6,2,4
S01009218,Whole house or bungalow: Semi-detached,384,337,144,193,47,36,11
S01009218,Whole house or bungalow: Terraced (including end-terrace),126,86,37,49,40,34,6
S01009218,Flat maisonette or apartment or mobile/temporary accommodation,176,62,19,43,114,91,23
S01009219,All people in households,630,412,174,238,218,180,38
S01009219,Whole house or bungalow: Total,512,394,170,224,118,92,26
S01009219,Whole house or bungalow: Detached,14,14,4,10,0,0,0
S01009219,Whole house or bungalow: Semi-detached,130,107,50,57,23,18,5
S01009219,Whole house or bungalow: Terraced (including end-terrace),368,273,116,157,95,74,21
S01009219,Flat maisonette or apartment or mobile/temporary accommodation,118,18,4,14,100,88,12
S01009220,All people in households,550,327,166,161,223,184,39
S01009220,Whole house or bungalow: Total,237,225,132,93,12,6,6
S01009220,Whole house or bungalow: Detached,116,114,63,51,2,0,2
S01009220,Whole house or bungalow: Semi-detached,100,92,64,28,8,4,4
S01009220,Whole house or bungalow: Terraced (including end-terrace),21,19,5,14,2,2,0
S01009220,Flat maisonette or apartment or mobile/temporary accommodation,313,102,34,68,211,178,33
S01009221,All people in households,574,395,144,251,179,158,21
S01009221,Whole house or bungalow: Total,410,333,121,212,77,63,14
S01009221,Whole house or bungalow: Detached,10,6,0,6,4,4,0
S01009221,Whole house or bungalow: Semi-detached,153,123,45,78,30,25,5
S01009221,Whole house or bungalow: Terraced (including end-terrace),247,204,76,128,43,34,9
S01009221,Flat maisonette or apartment or mobile/temporary accommodation,164,62,23,39,102,95,7
S01009222,All people in households,538,275,91,184,263,213,50
S01009222,Whole house or bungalow: Total,356,242,84,158,114,76,38
S01009222,Whole house or bungalow: Detached,20,5,1,4,15,4,11
S01009222,Whole house or bungalow: Semi-detached,97,84,26,58,13,13,0
S01009222,Whole house or bungalow: Terraced (including end-terrace),239,153,57,96,86,59,27
S01009222,Flat maisonette or apartment or mobile/temporary accommodation,182,33,7,26,149,137,12
S01009223,All people in households,556,367,131,236,189,149,40
S01009223,Whole house or bungalow: Total,462,323,121,202,139,107,32
S01009223,Whole house or bungalow: Detached,30,23,5,18,7,2,5
S01009223,Whole house or bungalow: Semi-detached,96,71,30,41,25,16,9
S01009223,Whole house or bungalow: Terraced (including end-terrace),336,229,86,143,107,89,18
S01009223,Flat maisonette or apartment or mobile/temporary accommodation,94,44,10,34,50,42,8
S01009224,All people in households,627,347,94,253,280,246,34
S01009224,Whole house or bungalow: Total,278,146,32,114,132,119,13
S01009224,Whole house or bungalow: Detached,11,9,0,9,2,2,0
S01009224,Whole house or bungalow: Semi-detached,42,13,5,8,29,27,2
S01009224,Whole house or bungalow: Terraced (including end-terrace),225,124,27,97,101,90,11
S01009224,Flat maisonette or apartment or mobile/temporary accommodation,349,201,62,139,148,127,21
S01009225,All people in households,536,371,130,241,165,144,21
S01009225,Whole house or bungalow: Total,408,329,110,219,79,67,12
S01009225,Whole house or bungalow: Detached,15,8,3,5,7,3,4
S01009225,Whole house or bungalow: Semi-detached,147,122,35,87,25,17,8
S01009225,Whole house or bungalow: Terraced (including end-terrace),246,199,72,127,47,47,0
S01009225,Flat maisonette or apartment or mobile/temporary accommodation,128,42,20,22,86,77,9
S01009226,All people in households,909,515,205,310,394,335,59
S01009226,Whole house or bungalow: Total,157,140,40,100,17,16,1
S01009226,Whole house or bungalow: Detached,8,8,5,3,0,0,0
S01009226,Whole house or bungalow: Semi-detached,100,96,29,67,4,3,1
S01009226,Whole house or bungalow: Terraced (including end-terrace),49,36,6,30,13,13,0
S01009226,Flat maisonette or apartment or mobile/temporary accommodation,752,375,165,210,377,319,58
S01009227,All people in households,589,358,136,222,231,162,69
S01009227,Whole house or bungalow: Total,215,181,59,122,34,21,13
S01009227,Whole house or bungalow: Detached,11,11,2,9,0,0,0
S01009227,Whole house or bungalow: Semi-detached,123,115,44,71,8,6,2
S01009227,Whole house or bungalow: Terraced (including end-terrace),81,55,13,42,26,15,11
S01009227,Flat maisonette or apartment or mobile/temporary accommodation,374,177,77,100,197,141,56
S01009228,All people in households,602,301,124,177,301,244,57
S01009228,Whole house or bungalow: Total,287,196,76,120,91,76,15
S01009228,Whole house or bungalow: Detached,29,18,6,12,11,11,0
S01009228,Whole house or bungalow: Semi-detached,41,21,10,11,20,13,7
S01009228,Whole house or bungalow: Terraced (including end-terrace),217,157,60,97,60,52,8
S01009228,Flat maisonette or apartment or mobile/temporary accommodation,315,105,48,57,210,168,42
S01009229,All people in households,579,399,199,200,180,131,49
S01009229,Whole house or bungalow: Total,310,299,151,148,11,8,3
S01009229,Whole house or bungalow: Detached,97,95,74,21,2,0,2
S01009229,Whole house or bungalow: Semi-detached,145,144,53,91,1,0,1
S01009229,Whole house or bungalow: Terraced (including end-terrace),68,60,24,36,8,8,0
S01009229,Flat maisonette or apartment or mobile/temporary accommodation,269,100,48,52,169,123,46
S01009230,All people in households,558,422,114,308,136,41,95
S01009230,Whole house or bungalow: Total,180,157,42,115,23,8,15
S01009230,Whole house or bungalow: Detached,51,48,17,31,3,2,1
S01009230,Whole house or bungalow: Semi-detached,35,28,6,22,7,1,6
S01009230,Whole house or bungalow: Terraced (including end-terrace),94,81,19,62,13,5,8
S01009230,Flat maisonette or apartment or mobile/temporary accommodation,378,265,72,193,113,33,80
S01009231,All people in households,958,807,308,499,151,79,72
S01009231,Whole house or bungalow: Total,496,457,156,301,39,24,15
S01009231,Whole house or bungalow: Detached,57,57,30,27,0,0,0
S01009231,Whole house or bungalow: Semi-detached,315,295,102,193,20,8,12
S01009231,Whole house or bungalow: Terraced (including end-terrace),124,105,24,81,19,16,3
S01009231,Flat maisonette or apartment or mobile/temporary accommodation,462,350,152,198,112,55,57
S01009232,All people in households,581,194,80,114,387,362,25
S01009232,Whole house or bungalow: Total,199,164,73,91,35,22,13
S01009232,Whole house or bungalow: Detached,2,2,0,2,0,0,0
S01009232,Whole house or bungalow: Semi-detached,50,39,21,18,11,2,9
S01009232,Whole house or bungalow: Terraced (including end-terrace),147,123,52,71,24,20,4
S01009232,Flat maisonette or apartment or mobile/temporary accommodation,382,30,7,23,352,340,12
S01009233,All people in households,567,414,159,255,153,125,28
S01009233,Whole house or bungalow: Total,539,407,157,250,132,106,26
S01009233,Whole house or bungalow: Detached,52,35,17,18,17,17,0
S01009233,Whole house or bungalow: Semi-detached,119,98,21,77,21,12,9
S01009233,Whole house or bungalow: Terraced (including end-terrace),368,274,119,155,94,77,17
S01009233,Flat maisonette or apartment or mobile/temporary accommodation,28,7,2,5,21,19,2
S01009234,All people in households,1021,326,117,209,695,622,73
S01009234,Whole house or bungalow: Total,468,246,99,147,222,205,17
S01009234,Whole house or bungalow: Detached,45,37,14,23,8,4,4
S01009234,Whole house or bungalow: Semi-detached,74,45,23,22,29,26,3
S01009234,Whole house or bungalow: Terraced (including end-terrace),349,164,62,102,185,175,10
S01009234,Flat maisonette or apartment or mobile/temporary accommodation,553,80,18,62,473,417,56
S01009235,All people in households,921,474,172,302,447,397,50
S01009235,Whole house or bungalow: Total,482,394,145,249,88,68,20
S01009235,Whole house or bungalow: Detached,33,33,15,18,0,0,0
S01009235,Whole house or bungalow: Semi-detached,245,231,70,161,14,10,4
S01009235,Whole house or bungalow: Terraced (including end-terrace),204,130,60,70,74,58,16
S01009235,Flat maisonette or apartment or mobile/temporary accommodation,439,80,27,53,359,329,30
S01009236,All people in households,483,390,211,179,93,80,13
S01009236,Whole house or bungalow: Total,261,229,127,102,32,27,5
S01009236,Whole house or bungalow: Detached,92,92,45,47,0,0,0
S01009236,Whole house or bungalow: Semi-detached,135,128,80,48,7,3,4
S01009236,Whole house or bungalow: Terraced (including end-terrace),34,9,2,7,25,24,1
S01009236,Flat maisonette or apartment or mobile/temporary accommodation,222,161,84,77,61,53,8
S01009237,All people in households,847,763,325,438,84,25,59
S01009237,Whole house or bungalow: Total,626,589,238,351,37,16,21
S01009237,Whole house or bungalow: Detached,201,198,88,110,3,0,3
S01009237,Whole house or bungalow: Semi-detached,368,342,142,200,26,8,18
S01009237,Whole house or bungalow: Terraced (including end-terrace),57,49,8,41,8,8,0
S01009237,Flat maisonette or apartment or mobile/temporary accommodation,221,174,87,87,47,9,38
S01009238,All people in households,726,540,217,323,186,154,32
S01009238,Whole house or bungalow: Total,593,518,212,306,75,56,19
S01009238,Whole house or bungalow: Detached,40,39,17,22,1,0,1
S01009238,Whole house or bungalow: Semi-detached,46,36,11,25,10,7,3
S01009238,Whole house or bungalow: Terraced (including end-terrace),507,443,184,259,64,49,15
S01009238,Flat maisonette or apartment or mobile/temporary accommodation,133,22,5,17,111,98,13
S01009239,All people in households,866,462,133,329,404,362,42
S01009239,Whole house or bungalow: Total,414,364,104,260,50,38,12
S01009239,Whole house or bungalow: Detached,6,6,3,3,0,0,0
S01009239,Whole house or bungalow: Semi-detached,120,107,18,89,13,8,5
S01009239,Whole house or bungalow: Terraced (including end-terrace),288,251,83,168,37,30,7
S01009239,Flat maisonette or apartment or mobile/temporary accommodation,452,98,29,69,354,324,30
S01009240,All people in households,672,198,54,144,474,445,29
S01009240,Whole house or bungalow: Total,232,171,53,118,61,48,13
S01009240,Whole house or bungalow: Detached,13,9,5,4,4,2,2
S01009240,Whole house or bungalow: Semi-detached,81,65,14,51,16,16,0
S01009240,Whole house or bungalow: Terraced (including end-terrace),138,97,34,63,41,30,11
S01009240,Flat maisonette or apartment or mobile/temporary accommodation,440,27,1,26,413,397,16
S01009241,All people in households,895,411,152,259,484,454,30
S01009241,Whole house or bungalow: Total,563,384,141,243,179,150,29
S01009241,Whole house or bungalow: Detached,34,20,6,14,14,9,5
S01009241,Whole house or bungalow: Semi-detached,88,37,16,21,51,51,0
S01009241,Whole house or bungalow: Terraced (including end-terrace),441,327,119,208,114,90,24
S01009241,Flat maisonette or apartment or mobile/temporary accommodation,332,27,11,16,305,304,1
S01009242,All people in households,725,615,273,342,110,98,12
S01009242,Whole house or bungalow: Total,615,589,267,322,26,23,3
S01009242,Whole house or bungalow: Detached,234,231,116,115,3,0,3
S01009242,Whole house or bungalow: Semi-detached,361,346,145,201,15,15,0
S01009242,Whole house or bungalow: Terraced (including end-terrace),20,12,6,6,8,8,0
S01009242,Flat maisonette or apartment or mobile/temporary accommodation,110,26,6,20,84,75,9
S01009243,All people in households,1003,719,174,545,284,175,109
S01009243,Whole house or bungalow: Total,970,716,172,544,254,150,104
S01009243,Whole house or bungalow: Detached,48,43,9,34,5,0,5
S01009243,Whole house or bungalow: Semi-detached,278,186,42,144,92,61,31
S01009243,Whole house or bungalow: Terraced (including end-terrace),644,487,121,366,157,89,68
S01009243,Flat maisonette or apartment or mobile/temporary accommodation,33,3,2,1,30,25,5
S01009244,All people in households,809,747,348,399,62,16,46
S01009244,Whole house or bungalow: Total,780,726,348,378,54,13,41
S01009244,Whole house or bungalow: Detached,453,436,219,217,17,0,17
S01009244,Whole house or bungalow: Semi-detached,297,271,118,153,26,10,16
S01009244,Whole house or bungalow: Terraced (including end-terrace),30,19,11,8,11,3,8
S01009244,Flat maisonette or apartment or mobile/temporary accommodation,29,21,0,21,8,3,5
S01009245,All people in households,830,704,277,427,126,72,54
S01009245,Whole house or bungalow: Total,768,686,274,412,82,46,36
S01009245,Whole house or bungalow: Detached,388,362,163,199,26,17,9
S01009245,Whole house or bungalow: Semi-detached,193,156,64,92,37,20,17
S01009245,Whole house or bungalow: Terraced (including end-terrace),187,168,47,121,19,9,10
S01009245,Flat maisonette or apartment or mobile/temporary accommodation,62,18,3,15,44,26,18
S01009246,All people in households,803,519,187,332,284,229,55
S01009246,Whole house or bungalow: Total,726,500,177,323,226,186,40
S01009246,Whole house or bungalow: Detached,40,38,19,19,2,0,2
S01009246,Whole house or bungalow: Semi-detached,617,431,153,278,186,150,36
S01009246,Whole house or bungalow: Terraced (including end-terrace),69,31,5,26,38,36,2
S01009246,Flat maisonette or apartment or mobile/temporary accommodation,77,19,10,9,58,43,15
S01009247,All people in households,1010,624,169,455,386,310,76
S01009247,Whole house or bungalow: Total,969,600,158,442,369,293,76
S01009247,Whole house or bungalow: Detached,41,29,1,28,12,9,3
S01009247,Whole house or bungalow: Semi-detached,404,256,82,174,148,113,35
S01009247,Whole house or bungalow: Terraced (including end-terrace),524,315,75,240,209,171,38
S01009247,Flat maisonette or apartment or mobile/temporary accommodation,41,24,11,13,17,17,0
S01009248,All people in households,688,566,237,329,122,98,24
S01009248,Whole house or bungalow: Total,652,550,232,318,102,79,23
S01009248,Whole house or bungalow: Detached,263,245,115,130,18,11,7
S01009248,Whole house or bungalow: Semi-detached,196,170,63,107,26,18,8
S01009248,Whole house or bungalow: Terraced (including end-terrace),193,135,54,81,58,50,8
S01009248,Flat maisonette or apartment or mobile/temporary accommodation,36,16,5,11,20,19,1
S01009249,All people in households,810,423,126,297,387,319,68
S01009249,Whole house or bungalow: Total,407,246,95,151,161,123,38
S01009249,Whole house or bungalow: Detached,33,29,11,18,4,4,0
S01009249,Whole house or bungalow: Semi-detached,192,106,55,51,86,59,27
S01009249,Whole house or bungalow: Terraced (including end-terrace),182,111,29,82,71,60,11
S01009249,Flat maisonette or apartment or mobile/temporary accommodation,403,177,31,146,226,196,30
S01009250,All people in households,638,426,158,268,212,173,39
S01009250,Whole house or bungalow: Total,620,416,158,258,204,165,39
S01009250,Whole house or bungalow: Detached,31,23,2,21,8,4,4
S01009250,Whole house or bungalow: Semi-detached,267,185,77,108,82,68,14
S01009250,Whole house or bungalow: Terraced (including end-terrace),322,208,79,129,114,93,21
S01009250,Flat maisonette or apartment or mobile/temporary accommodation,18,10,0,10,8,8,0
S01009251,All people in households,553,394,154,240,159,143,16
S01009251,Whole house or bungalow: Total,544,394,154,240,150,134,16
S01009251,Whole house or bungalow: Detached,201,191,96,95,10,6,4
S01009251,Whole house or bungalow: Semi-detached,144,96,41,55,48,44,4
S01009251,Whole house or bungalow: Terraced (including end-terrace),199,107,17,90,92,84,8
S01009251,Flat maisonette or apartment or mobile/temporary accommodation,9,0,0,0,9,9,0
S01009252,All people in households,478,461,87,374,17,10,7
S01009252,Whole house or bungalow: Total,476,461,87,374,15,10,5
S01009252,Whole house or bungalow: Detached,332,328,64,264,4,0,4
S01009252,Whole house or bungalow: Semi-detached,93,83,8,75,10,10,0
S01009252,Whole house or bungalow: Terraced (including end-terrace),51,50,15,35,1,0,1
S01009252,Flat maisonette or apartment or mobile/temporary accommodation,2,0,0,0,2,0,2
S01009253,All people in households,476,265,124,141,211,187,24
S01009253,Whole house or bungalow: Total,433,240,113,127,193,169,24
S01009253,Whole house or bungalow: Detached,29,16,5,11,13,13,0
S01009253,Whole house or bungalow: Semi-detached,136,83,36,47,53,49,4
S01009253,Whole house or bungalow: Terraced (including end-terrace),268,141,72,69,127,107,20
S01009253,Flat maisonette or apartment or mobile/temporary accommodation,43,25,11,14,18,18,0
S01009254,All people in households,822,301,100,201,521,489,32
S01009254,Whole house or bungalow: Total,426,227,89,138,199,182,17
S01009254,Whole house or bungalow: Detached,81,58,26,32,23,21,2
S01009254,Whole house or bungalow: Semi-detached,199,106,40,66,93,86,7
S01009254,Whole house or bungalow: Terraced (including end-terrace),146,63,23,40,83,75,8
S01009254,Flat maisonette or apartment or mobile/temporary accommodation,396,74,11,63,322,307,15
S01009255,All people in households,633,260,69,191,373,209,164
S01009255,Whole house or bungalow: Total,207,154,44,110,53,35,18
S01009255,Whole house or bungalow: Detached,39,37,17,20,2,0,2
S01009255,Whole house or bungalow: Semi-detached,78,68,16,52,10,10,0
S01009255,Whole house or bungalow: Terraced (including end-terrace),90,49,11,38,41,25,16
S01009255,Flat maisonette or apartment or mobile/temporary accommodation,426,106,25,81,320,174,146
S01009256,All people in households,478,371,181,190,107,79,28
S01009256,Whole house or bungalow: Total,349,285,148,137,64,54,10
S01009256,Whole house or bungalow: Detached,91,91,51,40,0,0,0
S01009256,Whole house or bungalow: Semi-detached,190,139,67,72,51,46,5
S01009256,Whole house or bungalow: Terraced (including end-terrace),68,55,30,25,13,8,5
S01009256,Flat maisonette or apartment or mobile/temporary accommodation,129,86,33,53,43,25,18
S01009257,All people in households,640,407,172,235,233,119,114
S01009257,Whole house or bungalow: Total,328,315,141,174,13,3,10
S01009257,Whole house or bungalow: Detached,166,165,77,88,1,0,1
S01009257,Whole house or bungalow: Semi-detached,94,82,24,58,12,3,9
S01009257,Whole house or bungalow: Terraced (including end-terrace),68,68,40,28,0,0,0
S01009257,Flat maisonette or apartment or mobile/temporary accommodation,312,92,31,61,220,116,104
S01009258,All people in households,633,525,252,273,108,56,52
S01009258,Whole house or bungalow: Total,577,487,243,244,90,50,40
S01009258,Whole house or bungalow: Detached,286,270,156,114,16,0,16
S01009258,Whole house or bungalow: Semi-detached,215,167,62,105,48,37,11
S01009258,Whole house or bungalow: Terraced (including end-terrace),76,50,25,25,26,13,13
S01009258,Flat maisonette or apartment or mobile/temporary accommodation,56,38,9,29,18,6,12
S01009259,All people in households,942,827,294,533,115,77,38
S01009259,Whole house or bungalow: Total,906,815,286,529,91,57,34
S01009259,Whole house or bungalow: Detached,430,429,133,296,1,0,1
S01009259,Whole house or bungalow: Semi-detached,338,274,112,162,64,49,15
S01009259,Whole house or bungalow: Terraced (including end-terrace),138,112,41,71,26,8,18
S01009259,Flat maisonette or apartment or mobile/temporary accommodation,36,12,8,4,24,20,4
S01009260,All people in households,1121,755,211,544,366,235,131
S01009260,Whole house or bungalow: Total,794,631,193,438,163,98,65
S01009260,Whole house or bungalow: Detached,245,238,65,173,7,1,6
S01009260,Whole house or bungalow: Semi-detached,363,266,89,177,97,71,26
S01009260,Whole house or bungalow: Terraced (including end-terrace),186,127,39,88,59,26,33
S01009260,Flat maisonette or apartment or mobile/temporary accommodation,327,124,18,106,203,137,66
S01009261,All people in households,738,286,104,182,452,399,53
S01009261,Whole house or bungalow: Total,451,237,92,145,214,193,21
S01009261,Whole house or bungalow: Detached,125,106,38,68,19,12,7
S01009261,Whole house or bungalow: Semi-detached,137,71,35,36,66,59,7
S01009261,Whole house or bungalow: Terraced (including end-terrace),189,60,19,41,129,122,7
S01009261,Flat maisonette or apartment or mobile/temporary accommodation,287,49,12,37,238,206,32
S01009262,All people in households,604,188,71,117,416,374,42
S01009262,Whole house or bungalow: Total,380,164,68,96,216,187,29
S01009262,Whole house or bungalow: Detached,23,14,1,13,9,2,7
S01009262,Whole house or bungalow: Semi-detached,52,28,14,14,24,21,3
S01009262,Whole house or bungalow: Terraced (including end-terrace),305,122,53,69,183,164,19
S01009262,Flat maisonette or apartment or mobile/temporary accommodation,224,24,3,21,200,187,13
S01009263,All people in households,817,674,112,562,143,31,112
S01009263,Whole house or bungalow: Total,750,645,99,546,105,16,89
S01009263,Whole house or bungalow: Detached,317,298,38,260,19,0,19
S01009263,Whole house or bungalow: Semi-detached,204,161,23,138,43,8,35
S01009263,Whole house or bungalow: Terraced (including end-terrace),229,186,38,148,43,8,35
S01009263,Flat maisonette or apartment or mobile/temporary accommodation,67,29,13,16,38,15,23
S01009264,All people in households,517,450,217,233,67,7,60
S01009264,Whole house or bungalow: Total,507,448,216,232,59,4,55
S01009264,Whole house or bungalow: Detached,201,183,78,105,18,0,18
S01009264,Whole house or bungalow: Semi-detached,234,205,116,89,29,4,25
S01009264,Whole house or bungalow: Terraced (including end-terrace),72,60,22,38,12,0,12
S01009264,Flat maisonette or apartment or mobile/temporary accommodation,10,2,1,1,8,3,5
S01009265,All people in households,791,544,222,322,247,187,60
S01009265,Whole house or bungalow: Total,563,476,203,273,87,41,46
S01009265,Whole house or bungalow: Detached,161,156,61,95,5,1,4
S01009265,Whole house or bungalow: Semi-detached,214,177,78,99,37,19,18
S01009265,Whole house or bungalow: Terraced (including end-terrace),188,143,64,79,45,21,24
S01009265,Flat maisonette or apartment or mobile/temporary accommodation,228,68,19,49,160,146,14
S01009266,All people in households,853,646,292,354,207,137,70
S01009266,Whole house or bungalow: Total,789,624,280,344,165,115,50
S01009266,Whole house or bungalow: Detached,243,225,78,147,18,10,8
S01009266,Whole house or bungalow: Semi-detached,214,157,78,79,57,51,6
S01009266,Whole house or bungalow: Terraced (including end-terrace),332,242,124,118,90,54,36
S01009266,Flat maisonette or apartment or mobile/temporary accommodation,64,22,12,10,42,22,20
S01009267,All people in households,790,601,237,364,189,78,111
S01009267,Whole house or bungalow: Total,603,507,201,306,96,50,46
S01009267,Whole house or bungalow: Detached,137,125,52,73,12,0,12
S01009267,Whole house or bungalow: Semi-detached,188,148,77,71,40,27,13
S01009267,Whole house or bungalow: Terraced (including end-terrace),278,234,72,162,44,23,21
S01009267,Flat maisonette or apartment or mobile/temporary accommodation,187,94,36,58,93,28,65
S01009268,All people in households,1002,684,219,465,318,225,93
S01009268,Whole house or bungalow: Total,725,512,163,349,213,152,61
S01009268,Whole house or bungalow: Detached,247,216,77,139,31,7,24
S01009268,Whole house or bungalow: Semi-detached,261,178,54,124,83,58,25
S01009268,Whole house or bungalow: Terraced (including end-terrace),217,118,32,86,99,87,12
S01009268,Flat maisonette or apartment or mobile/temporary accommodation,277,172,56,116,105,73,32
S01009269,All people in households,892,375,96,279,517,482,35
S01009269,Whole house or bungalow: Total,705,362,95,267,343,313,30
S01009269,Whole house or bungalow: Detached,62,44,6,38,18,14,4
S01009269,Whole house or bungalow: Semi-detached,259,143,45,98,116,107,9
S01009269,Whole house or bungalow: Terraced (including end-terrace),384,175,44,131,209,192,17
S01009269,Flat maisonette or apartment or mobile/temporary accommodation,187,13,1,12,174,169,5
S01009270,All people in households,595,297,124,173,298,247,51
S01009270,Whole house or bungalow: Total,338,205,82,123,133,103,30
S01009270,Whole house or bungalow: Detached,18,17,8,9,1,0,1
S01009270,Whole house or bungalow: Semi-detached,155,92,43,49,63,47,16
S01009270,Whole house or bungalow: Terraced (including end-terrace),165,96,31,65,69,56,13
S01009270,Flat maisonette or apartment or mobile/temporary accommodation,257,92,42,50,165,144,21
S01009271,All people in households,885,844,256,588,41,8,33
S01009271,Whole house or bungalow: Total,871,831,252,579,40,8,32
S01009271,Whole house or bungalow: Detached,505,488,173,315,17,0,17
S01009271,Whole house or bungalow: Semi-detached,349,330,74,256,19,4,15
S01009271,Whole house or bungalow: Terraced (including end-terrace),17,13,5,8,4,4,0
S01009271,Flat maisonette or apartment or mobile/temporary accommodation,14,13,4,9,1,0,1
S01009272,All people in households,704,383,124,259,321,287,34
S01009272,Whole house or bungalow: Total,694,381,124,257,313,285,28
S01009272,Whole house or bungalow: Detached,53,38,8,30,15,15,0
S01009272,Whole house or bungalow: Semi-detached,424,260,90,170,164,150,14
S01009272,Whole house or bungalow: Terraced (including end-terrace),217,83,26,57,134,120,14
S01009272,Flat maisonette or apartment or mobile/temporary accommodation,10,2,0,2,8,2,6
S01009273,All people in households,466,440,225,215,26,13,13
S01009273,Whole house or bungalow: Total,460,437,225,212,23,10,13
S01009273,Whole house or bungalow: Detached,308,301,151,150,7,0,7
S01009273,Whole house or bungalow: Semi-detached,129,119,65,54,10,6,4
S01009273,Whole house or bungalow: Terraced (including end-terrace),23,17,9,8,6,4,2
S01009273,Flat maisonette or apartment or mobile/temporary accommodation,6,3,0,3,3,3,0
S01009274,All people in households,631,541,227,314,90,65,25
S01009274,Whole house or bungalow: Total,607,532,225,307,75,58,17
S01009274,Whole house or bungalow: Detached,318,312,143,169,6,4,2
S01009274,Whole house or bungalow: Semi-detached,126,91,35,56,35,27,8
S01009274,Whole house or bungalow: Terraced (including end-terrace),163,129,47,82,34,27,7
S01009274,Flat maisonette or apartment or mobile/temporary accommodation,24,9,2,7,15,7,8
S01009275,All people in households,579,450,159,291,129,11,118
S01009275,Whole house or bungalow: Total,430,344,131,213,86,3,83
S01009275,Whole house or bungalow: Detached,289,235,102,133,54,0,54
S01009275,Whole house or bungalow: Semi-detached,128,101,28,73,27,0,27
S01009275,Whole house or bungalow: Terraced (including end-terrace),13,8,1,7,5,3,2
S01009275,Flat maisonette or apartment or mobile/temporary accommodation,149,106,28,78,43,8,35
S01009276,All people in households,889,741,326,415,148,114,34
S01009276,Whole house or bungalow: Total,858,728,326,402,130,101,29
S01009276,Whole house or bungalow: Detached,600,573,270,303,27,5,22
S01009276,Whole house or bungalow: Semi-detached,144,98,39,59,46,42,4
S01009276,Whole house or bungalow: Terraced (including end-terrace),114,57,17,40,57,54,3
S01009276,Flat maisonette or apartment or mobile/temporary accommodation,31,13,0,13,18,13,5
S01009277,All people in households,527,484,247,237,43,6,37
S01009277,Whole house or bungalow: Total,520,478,241,237,42,6,36
S01009277,Whole house or bungalow: Detached,425,402,203,199,23,0,23
S01009277,Whole house or bungalow: Semi-detached,65,59,29,30,6,0,6
S01009277,Whole house or bungalow: Terraced (including end-terrace),30,17,9,8,13,6,7
S01009277,Flat maisonette or apartment or mobile/temporary accommodation,7,6,6,0,1,0,1
S01009278,All people in households,559,484,135,349,75,34,41
S01009278,Whole house or bungalow: Total,524,459,132,327,65,31,34
S01009278,Whole house or bungalow: Detached,222,216,54,162,6,0,6
S01009278,Whole house or bungalow: Semi-detached,98,81,33,48,17,12,5
S01009278,Whole house or bungalow: Terraced (including end-terrace),204,162,45,117,42,19,23
S01009278,Flat maisonette or apartment or mobile/temporary accommodation,35,25,3,22,10,3,7
S01009279,All people in households,584,446,169,277,138,81,57
S01009279,Whole house or bungalow: Total,432,339,142,197,93,64,29
S01009279,Whole house or bungalow: Detached,205,188,65,123,17,2,15
S01009279,Whole house or bungalow: Semi-detached,150,100,49,51,50,42,8
S01009279,Whole house or bungalow: Terraced (including end-terrace),77,51,28,23,26,20,6
S01009279,Flat maisonette or apartment or mobile/temporary accommodation,152,107,27,80,45,17,28
S01009280,All people in households,898,344,145,199,554,501,53
S01009280,Whole house or bungalow: Total,815,341,144,197,474,432,42
S01009280,Whole house or bungalow: Detached,65,22,6,16,43,30,13
S01009280,Whole house or bungalow: Semi-detached,359,139,56,83,220,214,6
S01009280,Whole house or bungalow: Terraced (including end-terrace),391,180,82,98,211,188,23
S01009280,Flat maisonette or apartment or mobile/temporary accommodation,83,3,1,2,80,69,11
S01009281,All people in households,826,399,159,240,427,382,45
S01009281,Whole house or bungalow: Total,636,375,151,224,261,224,37
S01009281,Whole house or bungalow: Detached,95,74,39,35,21,12,9
S01009281,Whole house or bungalow: Semi-detached,417,227,94,133,190,165,25
S01009281,Whole house or bungalow: Terraced (including end-terrace),124,74,18,56,50,47,3
S01009281,Flat maisonette or apartment or mobile/temporary accommodation,190,24,8,16,166,158,8
S01009282,All people in households,737,540,238,302,197,88,109
S01009282,Whole house or bungalow: Total,564,467,208,259,97,20,77
S01009282,Whole house or bungalow: Detached,298,268,138,130,30,0,30
S01009282,Whole house or bungalow: Semi-detached,160,126,46,80,34,10,24
S01009282,Whole house or bungalow: Terraced (including end-terrace),106,73,24,49,33,10,23
S01009282,Flat maisonette or apartment or mobile/temporary accommodation,173,73,30,43,100,68,32
S01009283,All people in households,444,350,89,261,94,56,38
S01009283,Whole house or bungalow: Total,423,334,85,249,89,51,38
S01009283,Whole house or bungalow: Detached,118,105,39,66,13,2,11
S01009283,Whole house or bungalow: Semi-detached,101,57,11,46,44,40,4
S01009283,Whole house or bungalow: Terraced (including end-terrace),204,172,35,137,32,9,23
S01009283,Flat maisonette or apartment or mobile/temporary accommodation,21,16,4,12,5,5,0
S01009284,All people in households,822,770,242,528,52,17,35
S01009284,Whole house or bungalow: Total,799,752,240,512,47,16,31
S01009284,Whole house or bungalow: Detached,469,459,161,298,10,0,10
S01009284,Whole house or bungalow: Semi-detached,265,243,61,182,22,7,15
S01009284,Whole house or bungalow: Terraced (including end-terrace),65,50,18,32,15,9,6
S01009284,Flat maisonette or apartment or mobile/temporary accommodation,23,18,2,16,5,1,4
S01009285,All people in households,906,826,215,611,80,20,60
S01009285,Whole house or bungalow: Total,773,737,192,545,36,7,29
S01009285,Whole house or bungalow: Detached,270,266,101,165,4,0,4
S01009285,Whole house or bungalow: Semi-detached,435,409,77,332,26,7,19
S01009285,Whole house or bungalow: Terraced (including end-terrace),68,62,14,48,6,0,6
S01009285,Flat maisonette or apartment or mobile/temporary accommodation,133,89,23,66,44,13,31
S01009286,All people in households,737,675,297,378,62,16,46
S01009286,Whole house or bungalow: Total,660,624,274,350,36,8,28
S01009286,Whole house or bungalow: Detached,440,428,218,210,12,5,7
S01009286,Whole house or bungalow: Semi-detached,138,126,42,84,12,3,9
S01009286,Whole house or bungalow: Terraced (including end-terrace),82,70,14,56,12,0,12
S01009286,Flat maisonette or apartment or mobile/temporary accommodation,77,51,23,28,26,8,18
S01009287,All people in households,754,677,359,318,77,21,56
S01009287,Whole house or bungalow: Total,663,614,326,288,49,15,34
S01009287,Whole house or bungalow: Detached,472,458,272,186,14,0,14
S01009287,Whole house or bungalow: Semi-detached,103,88,24,64,15,1,14
S01009287,Whole house or bungalow: Terraced (including end-terrace),88,68,30,38,20,14,6
S01009287,Flat maisonette or apartment or mobile/temporary accommodation,91,63,33,30,28,6,22
S01009288,All people in households,829,632,283,349,197,24,173
S01009288,Whole house or bungalow: Total,773,595,269,326,178,23,155
S01009288,Whole house or bungalow: Detached,399,328,151,177,71,6,65
S01009288,Whole house or bungalow: Semi-detached,134,90,38,52,44,5,39
S01009288,Whole house or bungalow: Terraced (including end-terrace),240,177,80,97,63,12,51
S01009288,Flat maisonette or apartment or mobile/temporary accommodation,56,37,14,23,19,1,18
S01009289,All people in households,871,793,347,446,78,30,48
S01009289,Whole house or bungalow: Total,813,758,339,419,55,26,29
S01009289,Whole house or bungalow: Detached,553,535,241,294,18,4,14
S01009289,Whole house or bungalow: Semi-detached,121,107,50,57,14,5,9
S01009289,Whole house or bungalow: Terraced (including end-terrace),139,116,48,68,23,17,6
S01009289,Flat maisonette or apartment or mobile/temporary accommodation,58,35,8,27,23,4,19
S01009290,All people in households,646,636,323,313,10,3,7
S01009290,Whole house or bungalow: Total,637,627,320,307,10,3,7
S01009290,Whole house or bungalow: Detached,437,432,202,230,5,3,2
S01009290,Whole house or bungalow: Semi-detached,189,184,114,70,5,0,5
S01009290,Whole house or bungalow: Terraced (including end-terrace),11,11,4,7,0,0,0
S01009290,Flat maisonette or apartment or mobile/temporary accommodation,9,9,3,6,0,0,0
S01009291,All people in households,979,898,365,533,81,19,62
S01009291,Whole house or bungalow: Total,963,896,363,533,67,13,54
S01009291,Whole house or bungalow: Detached,406,387,183,204,19,0,19
S01009291,Whole house or bungalow: Semi-detached,487,460,172,288,27,2,25
S01009291,Whole house or bungalow: Terraced (including end-terrace),70,49,8,41,21,11,10
S01009291,Flat maisonette or apartment or mobile/temporary accommodation,16,2,2,0,14,6,8
S01009292,All people in households,511,319,95,224,192,142,50
S01009292,Whole house or bungalow: Total,394,283,84,199,111,77,34
S01009292,Whole house or bungalow: Detached,34,25,6,19,9,6,3
S01009292,Whole house or bungalow: Semi-detached,115,89,34,55,26,15,11
S01009292,Whole house or bungalow: Terraced (including end-terrace),245,169,44,125,76,56,20
S01009292,Flat maisonette or apartment or mobile/temporary accommodation,117,36,11,25,81,65,16
S01009293,All people in households,723,588,174,414,135,84,51
S01009293,Whole house or bungalow: Total,506,438,130,308,68,48,20
S01009293,Whole house or bungalow: Detached,341,328,85,243,13,5,8
S01009293,Whole house or bungalow: Semi-detached,94,62,32,30,32,22,10
S01009293,Whole house or bungalow: Terraced (including end-terrace),71,48,13,35,23,21,2
S01009293,Flat maisonette or apartment or mobile/temporary accommodation,217,150,44,106,67,36,31
S01009294,All people in households,506,482,169,313,24,3,21
S01009294,Whole house or bungalow: Total,456,443,160,283,13,3,10
S01009294,Whole house or bungalow: Detached,386,378,134,244,8,0,8
S01009294,Whole house or bungalow: Semi-detached,50,47,18,29,3,3,0
S01009294,Whole house or bungalow: Terraced (including end-terrace),20,18,8,10,2,0,2
S01009294,Flat maisonette or apartment or mobile/temporary accommodation,50,39,9,30,11,0,11
S01009295,All people in households,611,578,219,359,33,8,25
S01009295,Whole house or bungalow: Total,582,563,216,347,19,1,18
S01009295,Whole house or bungalow: Detached,240,232,104,128,8,0,8
S01009295,Whole house or bungalow: Semi-detached,227,224,88,136,3,1,2
S01009295,Whole house or bungalow: Terraced (including end-terrace),115,107,24,83,8,0,8
S01009295,Flat maisonette or apartment or mobile/temporary accommodation,29,15,3,12,14,7,7
S01009296,All people in households,506,463,100,363,43,31,12
S01009296,Whole house or bungalow: Total,478,450,100,350,28,20,8
S01009296,Whole house or bungalow: Detached,320,314,66,248,6,3,3
S01009296,Whole house or bungalow: Semi-detached,81,76,16,60,5,5,0
S01009296,Whole house or bungalow: Terraced (including end-terrace),77,60,18,42,17,12,5
S01009296,Flat maisonette or apartment or mobile/temporary accommodation,28,13,0,13,15,11,4
S01009297,All people in households,826,761,246,515,65,16,49
S01009297,Whole house or bungalow: Total,721,679,233,446,42,11,31
S01009297,Whole house or bungalow: Detached,538,513,184,329,25,5,20
S01009297,Whole house or bungalow: Semi-detached,130,120,31,89,10,6,4
S01009297,Whole house or bungalow: Terraced (including end-terrace),53,46,18,28,7,0,7
S01009297,Flat maisonette or apartment or mobile/temporary accommodation,105,82,13,69,23,5,18
S01009298,All people in households,971,466,164,302,505,353,152
S01009298,Whole house or bungalow: Total,439,260,106,154,179,141,38
S01009298,Whole house or bungalow: Detached,84,61,13,48,23,10,13
S01009298,Whole house or bungalow: Semi-detached,153,82,41,41,71,57,14
S01009298,Whole house or bungalow: Terraced (including end-terrace),202,117,52,65,85,74,11
S01009298,Flat maisonette or apartment or mobile/temporary accommodation,532,206,58,148,326,212,114
S01009299,All people in households,972,654,208,446,318,157,161
S01009299,Whole house or bungalow: Total,497,410,133,277,87,54,33
S01009299,Whole house or bungalow: Detached,134,132,46,86,2,1,1
S01009299,Whole house or bungalow: Semi-detached,152,128,36,92,24,12,12
S01009299,Whole house or bungalow: Terraced (including end-terrace),211,150,51,99,61,41,20
S01009299,Flat maisonette or apartment or mobile/temporary accommodation,475,244,75,169,231,103,128
S01009300,All people in households,510,314,82,232,196,122,74
S01009300,Whole house or bungalow: Total,214,173,49,124,41,30,11
S01009300,Whole house or bungalow: Detached,41,41,15,26,0,0,0
S01009300,Whole house or bungalow: Semi-detached,52,41,10,31,11,6,5
S01009300,Whole house or bungalow: Terraced (including end-terrace),121,91,24,67,30,24,6
S01009300,Flat maisonette or apartment or mobile/temporary accommodation,296,141,33,108,155,92,63
S01009301,All people in households,921,389,110,279,532,395,137
S01009301,Whole house or bungalow: Total,264,206,68,138,58,19,39
S01009301,Whole house or bungalow: Detached,80,71,28,43,9,0,9
S01009301,Whole house or bungalow: Semi-detached,100,68,26,42,32,13,19
S01009301,Whole house or bungalow: Terraced (including end-terrace),84,67,14,53,17,6,11
S01009301,Flat maisonette or apartment or mobile/temporary accommodation,657,183,42,141,474,376,98
S01009302,All people in households,845,310,77,233,535,398,137
S01009302,Whole house or bungalow: Total,142,97,36,61,45,28,17
S01009302,Whole house or bungalow: Detached,35,27,9,18,8,6,2
S01009302,Whole house or bungalow: Semi-detached,91,68,27,41,23,16,7
S01009302,Whole house or bungalow: Terraced (including end-terrace),16,2,0,2,14,6,8
S01009302,Flat maisonette or apartment or mobile/temporary accommodation,703,213,41,172,490,370,120
S01009303,All people in households,717,617,242,375,100,29,71
S01009303,Whole house or bungalow: Total,574,536,222,314,38,5,33
S01009303,Whole house or bungalow: Detached,268,248,123,125,20,0,20
S01009303,Whole house or bungalow: Semi-detached,218,207,80,127,11,5,6
S01009303,Whole house or bungalow: Terraced (including end-terrace),88,81,19,62,7,0,7
S01009303,Flat maisonette or apartment or mobile/temporary accommodation,143,81,20,61,62,24,38
S01009304,All people in households,964,742,239,503,222,186,36
S01009304,Whole house or bungalow: Total,791,658,221,437,133,109,24
S01009304,Whole house or bungalow: Detached,271,268,110,158,3,1,2
S01009304,Whole house or bungalow: Semi-detached,314,239,75,164,75,59,16
S01009304,Whole house or bungalow: Terraced (including end-terrace),206,151,36,115,55,49,6
S01009304,Flat maisonette or apartment or mobile/temporary accommodation,173,84,18,66,89,77,12
S01009305,All people in households,736,517,166,351,219,133,86
S01009305,Whole house or bungalow: Total,389,339,117,222,50,23,27
S01009305,Whole house or bungalow: Detached,124,111,32,79,13,0,13
S01009305,Whole house or bungalow: Semi-detached,215,198,72,126,17,10,7
S01009305,Whole house or bungalow: Terraced (including end-terrace),50,30,13,17,20,13,7
S01009305,Flat maisonette or apartment or mobile/temporary accommodation,347,178,49,129,169,110,59
S01009306,All people in households,1094,657,174,483,437,213,224
S01009306,Whole house or bungalow: Total,416,332,88,244,84,48,36
S01009306,Whole house or bungalow: Detached,66,64,22,42,2,0,2
S01009306,Whole house or bungalow: Semi-detached,295,234,60,174,61,45,16
S01009306,Whole house or bungalow: Terraced (including end-terrace),55,34,6,28,21,3,18
S01009306,Flat maisonette or apartment or mobile/temporary accommodation,678,325,86,239,353,165,188
S01009307,All people in households,979,617,228,389,362,84,278
S01009307,Whole house or bungalow: Total,371,318,154,164,53,17,36
S01009307,Whole house or bungalow: Detached,179,170,91,79,9,0,9
S01009307,Whole house or bungalow: Semi-detached,103,92,38,54,11,6,5
S01009307,Whole house or bungalow: Terraced (including end-terrace),89,56,25,31,33,11,22
S01009307,Flat maisonette or apartment or mobile/temporary accommodation,608,299,74,225,309,67,242
S01009308,All people in households,513,290,133,157,223,68,155
S01009308,Whole house or bungalow: Total,135,105,45,60,30,1,29
S01009308,Whole house or bungalow: Detached,62,55,23,32,7,0,7
S01009308,Whole house or bungalow: Semi-detached,33,23,11,12,10,0,10
S01009308,Whole house or bungalow: Terraced (including end-terrace),40,27,11,16,13,1,12
S01009308,Flat maisonette or apartment or mobile/temporary accommodation,378,185,88,97,193,67,126
S01009309,All people in households,726,433,151,282,293,77,216
S01009309,Whole house or bungalow: Total,332,242,89,153,90,46,44
S01009309,Whole house or bungalow: Detached,70,66,17,49,4,2,2
S01009309,Whole house or bungalow: Semi-detached,80,65,28,37,15,8,7
S01009309,Whole house or bungalow: Terraced (including end-terrace),182,111,44,67,71,36,35
S01009309,Flat maisonette or apartment or mobile/temporary accommodation,394,191,62,129,203,31,172
S01009310,All people in households,891,791,356,435,100,21,79
S01009310,Whole house or bungalow: Total,741,693,322,371,48,11,37
S01009310,Whole house or bungalow: Detached,556,536,259,277,20,4,16
S01009310,Whole house or bungalow: Semi-detached,152,133,55,78,19,6,13
S01009310,Whole house or bungalow: Terraced (including end-terrace),33,24,8,16,9,1,8
S01009310,Flat maisonette or apartment or mobile/temporary accommodation,150,98,34,64,52,10,42
S01009311,All people in households,753,380,105,275,373,325,48
S01009311,Whole house or bungalow: Total,725,370,99,271,355,311,44
S01009311,Whole house or bungalow: Detached,20,12,1,11,8,7,1
S01009311,Whole house or bungalow: Semi-detached,150,60,21,39,90,72,18
S01009311,Whole house or bungalow: Terraced (including end-terrace),555,298,77,221,257,232,25
S01009311,Flat maisonette or apartment or mobile/temporary accommodation,28,10,6,4,18,14,4
S01009312,All people in households,650,402,118,284,248,73,175
S01009312,Whole house or bungalow: Total,246,176,62,114,70,46,24
S01009312,Whole house or bungalow: Detached,29,28,13,15,1,0,1
S01009312,Whole house or bungalow: Semi-detached,75,47,22,25,28,20,8
S01009312,Whole house or bungalow: Terraced (including end-terrace),142,101,27,74,41,26,15
S01009312,Flat maisonette or apartment or mobile/temporary accommodation,404,226,56,170,178,27,151
S01009313,All people in households,542,294,111,183,248,185,63
S01009313,Whole house or bungalow: Total,342,238,92,146,104,86,18
S01009313,Whole house or bungalow: Detached,41,28,10,18,13,6,7
S01009313,Whole house or bungalow: Semi-detached,210,144,49,95,66,58,8
S01009313,Whole house or bungalow: Terraced (including end-terrace),91,66,33,33,25,22,3
S01009313,Flat maisonette or apartment or mobile/temporary accommodation,200,56,19,37,144,99,45
S01009314,All people in households,650,573,218,355,77,36,41
S01009314,Whole house or bungalow: Total,516,468,183,285,48,26,22
S01009314,Whole house or bungalow: Detached,331,322,151,171,9,4,5
S01009314,Whole house or bungalow: Semi-detached,136,106,25,81,30,20,10
S01009314,Whole house or bungalow: Terraced (including end-terrace),49,40,7,33,9,2,7
S01009314,Flat maisonette or apartment or mobile/temporary accommodation,134,105,35,70,29,10,19
S01009315,All people in households,616,398,124,274,218,178,40
S01009315,Whole house or bungalow: Total,500,357,107,250,143,118,25
S01009315,Whole house or bungalow: Detached,19,19,8,11,0,0,0
S01009315,Whole house or bungalow: Semi-detached,403,284,91,193,119,100,19
S01009315,Whole house or bungalow: Terraced (including end-terrace),78,54,8,46,24,18,6
S01009315,Flat maisonette or apartment or mobile/temporary accommodation,116,41,17,24,75,60,15
S01009316,All people in households,749,654,237,417,95,25,70
S01009316,Whole house or bungalow: Total,603,572,204,368,31,10,21
S01009316,Whole house or bungalow: Detached,323,315,102,213,8,2,6
S01009316,Whole house or bungalow: Semi-detached,211,203,85,118,8,5,3
S01009316,Whole house or bungalow: Terraced (including end-terrace),69,54,17,37,15,3,12
S01009316,Flat maisonette or apartment or mobile/temporary accommodation,146,82,33,49,64,15,49
S01009317,All people in households,847,815,327,488,32,5,27
S01009317,Whole house or bungalow: Total,826,804,322,482,22,4,18
S01009317,Whole house or bungalow: Detached,511,500,210,290,11,3,8
S01009317,Whole house or bungalow: Semi-detached,283,276,110,166,7,0,7
S01009317,Whole house or bungalow: Terraced (including end-terrace),32,28,2,26,4,1,3
S01009317,Flat maisonette or apartment or mobile/temporary accommodation,21,11,5,6,10,1,9
S01009318,All people in households,619,585,223,362,34,7,27
S01009318,Whole house or bungalow: Total,615,583,222,361,32,7,25
S01009318,Whole house or bungalow: Detached,321,320,126,194,1,0,1
S01009318,Whole house or bungalow: Semi-detached,283,258,91,167,25,5,20
S01009318,Whole house or bungalow: Terraced (including end-terrace),11,5,5,0,6,2,4
S01009318,Flat maisonette or apartment or mobile/temporary accommodation,4,2,1,1,2,0,2
S01009319,All people in households,903,839,379,460,64,26,38
S01009319,Whole house or bungalow: Total,849,811,378,433,38,9,29
S01009319,Whole house or bungalow: Detached,503,499,229,270,4,0,4
S01009319,Whole house or bungalow: Semi-detached,334,302,147,155,32,9,23
S01009319,Whole house or bungalow: Terraced (including end-terrace),12,10,2,8,2,0,2
S01009319,Flat maisonette or apartment or mobile/temporary accommodation,54,28,1,27,26,17,9
S01009320,All people in households,704,517,143,374,187,155,32
S01009320,Whole house or bungalow: Total,649,515,143,372,134,110,24
S01009320,Whole house or bungalow: Detached,136,124,49,75,12,4,8
S01009320,Whole house or bungalow: Semi-detached,301,242,61,181,59,53,6
S01009320,Whole house or bungalow: Terraced (including end-terrace),212,149,33,116,63,53,10
S01009320,Flat maisonette or apartment or mobile/temporary accommodation,55,2,0,2,53,45,8
S01009321,All people in households,676,634,279,355,42,11,31
S01009321,Whole house or bungalow: Total,656,622,279,343,34,9,25
S01009321,Whole house or bungalow: Detached,558,537,268,269,21,0,21
S01009321,Whole house or bungalow: Semi-detached,78,67,11,56,11,9,2
S01009321,Whole house or bungalow: Terraced (including end-terrace),20,18,0,18,2,0,2
S01009321,Flat maisonette or apartment or mobile/temporary accommodation,20,12,0,12,8,2,6
S01009322,All people in households,798,659,249,410,139,78,61
S01009322,Whole house or bungalow: Total,702,616,242,374,86,47,39
S01009322,Whole house or bungalow: Detached,392,362,160,202,30,11,19
S01009322,Whole house or bungalow: Semi-detached,163,136,49,87,27,22,5
S01009322,Whole house or bungalow: Terraced (including end-terrace),147,118,33,85,29,14,15
S01009322,Flat maisonette or apartment or mobile/temporary accommodation,96,43,7,36,53,31,22
S01009323,All people in households,622,479,207,272,143,92,51
S01009323,Whole house or bungalow: Total,455,391,181,210,64,45,19
S01009323,Whole house or bungalow: Detached,194,186,102,84,8,1,7
S01009323,Whole house or bungalow: Semi-detached,152,113,46,67,39,27,12
S01009323,Whole house or bungalow: Terraced (including end-terrace),109,92,33,59,17,17,0
S01009323,Flat maisonette or apartment or mobile/temporary accommodation,167,88,26,62,79,47,32
S01009324,All people in households,528,368,116,252,160,102,58
S01009324,Whole house or bungalow: Total,314,265,87,178,49,29,20
S01009324,Whole house or bungalow: Detached,66,63,22,41,3,3,0
S01009324,Whole house or bungalow: Semi-detached,81,71,16,55,10,5,5
S01009324,Whole house or bungalow: Terraced (including end-terrace),167,131,49,82,36,21,15
S01009324,Flat maisonette or apartment or mobile/temporary accommodation,214,103,29,74,111,73,38
S01009325,All people in households,730,640,153,487,90,19,71
S01009325,Whole house or bungalow: Total,719,633,152,481,86,16,70
S01009325,Whole house or bungalow: Detached,236,225,63,162,11,0,11
S01009325,Whole house or bungalow: Semi-detached,367,331,64,267,36,2,34
S01009325,Whole house or bungalow: Terraced (including end-terrace),116,77,25,52,39,14,25
S01009325,Flat maisonette or apartment or mobile/temporary accommodation,11,7,1,6,4,3,1
S01009326,All people in households,602,477,61,416,125,115,10
S01009326,Whole house or bungalow: Total,542,456,61,395,86,77,9
S01009326,Whole house or bungalow: Detached,315,309,46,263,6,4,2
S01009326,Whole house or bungalow: Semi-detached,164,107,4,103,57,56,1
S01009326,Whole house or bungalow: Terraced (including end-terrace),63,40,11,29,23,17,6
S01009326,Flat maisonette or apartment or mobile/temporary accommodation,60,21,0,21,39,38,1
S01009327,All people in households,579,497,246,251,82,62,20
S01009327,Whole house or bungalow: Total,529,478,242,236,51,34,17
S01009327,Whole house or bungalow: Detached,335,332,168,164,3,0,3
S01009327,Whole house or bungalow: Semi-detached,182,142,74,68,40,29,11
S01009327,Whole house or bungalow: Terraced (including end-terrace),12,4,0,4,8,5,3
S01009327,Flat maisonette or apartment or mobile/temporary accommodation,50,19,4,15,31,28,3
S01009328,All people in households,683,591,37,554,92,0,92
S01009328,Whole house or bungalow: Total,585,557,36,521,28,0,28
S01009328,Whole house or bungalow: Detached,562,538,32,506,24,0,24
S01009328,Whole house or bungalow: Semi-detached,19,15,4,11,4,0,4
S01009328,Whole house or bungalow: Terraced (including end-terrace),4,4,0,4,0,0,0
S01009328,Flat maisonette or apartment or mobile/temporary accommodation,98,34,1,33,64,0,64
S01009329,All people in households,442,352,38,314,90,44,46
S01009329,Whole house or bungalow: Total,266,221,31,190,45,34,11
S01009329,Whole house or bungalow: Detached,123,123,16,107,0,0,0
S01009329,Whole house or bungalow: Semi-detached,24,20,3,17,4,4,0
S01009329,Whole house or bungalow: Terraced (including end-terrace),119,78,12,66,41,30,11
S01009329,Flat maisonette or apartment or mobile/temporary accommodation,176,131,7,124,45,10,35
S01009330,All people in households,503,253,48,205,250,191,59
S01009330,Whole house or bungalow: Total,408,227,42,185,181,133,48
S01009330,Whole house or bungalow: Detached,179,156,34,122,23,11,12
S01009330,Whole house or bungalow: Semi-detached,65,21,3,18,44,28,16
S01009330,Whole house or bungalow: Terraced (including end-terrace),164,50,5,45,114,94,20
S01009330,Flat maisonette or apartment or mobile/temporary accommodation,95,26,6,20,69,58,11
S01009331,All people in households,573,537,62,475,36,0,36
S01009331,Whole house or bungalow: Total,571,535,60,475,36,0,36
S01009331,Whole house or bungalow: Detached,531,495,49,446,36,0,36
S01009331,Whole house or bungalow: Semi-detached,38,38,9,29,0,0,0
S01009331,Whole house or bungalow: Terraced (including end-terrace),2,2,2,0,0,0,0
S01009331,Flat maisonette or apartment or mobile/temporary accommodation,2,2,2,0,0,0,0
S01009332,All people in households,867,819,259,560,48,18,30
S01009332,Whole house or bungalow: Total,856,811,256,555,45,16,29
S01009332,Whole house or bungalow: Detached,634,620,201,419,14,0,14
S01009332,Whole house or bungalow: Semi-detached,190,176,48,128,14,8,6
S01009332,Whole house or bungalow: Terraced (including end-terrace),32,15,7,8,17,8,9
S01009332,Flat maisonette or apartment or mobile/temporary accommodation,11,8,3,5,3,2,1
S01009333,All people in households,738,485,133,352,253,115,138
S01009333,Whole house or bungalow: Total,407,294,106,188,113,59,54
S01009333,Whole house or bungalow: Detached,36,29,21,8,7,5,2
S01009333,Whole house or bungalow: Semi-detached,198,135,40,95,63,31,32
S01009333,Whole house or bungalow: Terraced (including end-terrace),173,130,45,85,43,23,20
S01009333,Flat maisonette or apartment or mobile/temporary accommodation,331,191,27,164,140,56,84
S01009334,All people in households,636,325,101,224,311,255,56
S01009334,Whole house or bungalow: Total,465,306,98,208,159,119,40
S01009334,Whole house or bungalow: Detached,23,21,8,13,2,2,0
S01009334,Whole house or bungalow: Semi-detached,91,44,11,33,47,44,3
S01009334,Whole house or bungalow: Terraced (including end-terrace),351,241,79,162,110,73,37
S01009334,Flat maisonette or apartment or mobile/temporary accommodation,171,19,3,16,152,136,16
S01009335,All people in households,772,467,163,304,305,244,61
S01009335,Whole house or bungalow: Total,710,464,160,304,246,195,51
S01009335,Whole house or bungalow: Detached,57,33,9,24,24,4,20
S01009335,Whole house or bungalow: Semi-detached,363,259,85,174,104,95,9
S01009335,Whole house or bungalow: Terraced (including end-terrace),290,172,66,106,118,96,22
S01009335,Flat maisonette or apartment or mobile/temporary accommodation,62,3,3,0,59,49,10
S01009336,All people in households,655,250,98,152,405,338,67
S01009336,Whole house or bungalow: Total,284,197,82,115,87,58,29
S01009336,Whole house or bungalow: Detached,42,22,11,11,20,9,11
S01009336,Whole house or bungalow: Semi-detached,52,20,8,12,32,26,6
S01009336,Whole house or bungalow: Terraced (including end-terrace),190,155,63,92,35,23,12
S01009336,Flat maisonette or apartment or mobile/temporary accommodation,371,53,16,37,318,280,38
S01009337,All people in households,743,345,86,259,398,356,42
S01009337,Whole house or bungalow: Total,434,240,59,181,194,178,16
S01009337,Whole house or bungalow: Detached,20,12,6,6,8,5,3
S01009337,Whole house or bungalow: Semi-detached,244,135,24,111,109,104,5
S01009337,Whole house or bungalow: Terraced (including end-terrace),170,93,29,64,77,69,8
S01009337,Flat maisonette or apartment or mobile/temporary accommodation,309,105,27,78,204,178,26
S01009338,All people in households,725,328,91,237,397,352,45
S01009338,Whole house or bungalow: Total,534,324,91,233,210,183,27
S01009338,Whole house or bungalow: Detached,22,11,8,3,11,9,2
S01009338,Whole house or bungalow: Semi-detached,192,81,27,54,111,107,4
S01009338,Whole house or bungalow: Terraced (including end-terrace),320,232,56,176,88,67,21
S01009338,Flat maisonette or apartment or mobile/temporary accommodation,191,4,0,4,187,169,18
S01009339,All people in households,853,329,93,236,524,454,70
S01009339,Whole house or bungalow: Total,712,324,90,234,388,339,49
S01009339,Whole house or bungalow: Detached,39,10,3,7,29,29,0
S01009339,Whole house or bungalow: Semi-detached,295,109,24,85,186,168,18
S01009339,Whole house or bungalow: Terraced (including end-terrace),378,205,63,142,173,142,31
S01009339,Flat maisonette or apartment or mobile/temporary accommodation,141,5,3,2,136,115,21
S01009340,All people in households,596,325,116,209,271,225,46
S01009340,Whole house or bungalow: Total,528,318,116,202,210,174,36
S01009340,Whole house or bungalow: Detached,6,0,0,0,6,6,0
S01009340,Whole house or bungalow: Semi-detached,240,146,57,89,94,83,11
S01009340,Whole house or bungalow: Terraced (including end-terrace),282,172,59,113,110,85,25
S01009340,Flat maisonette or apartment or mobile/temporary accommodation,68,7,0,7,61,51,10
S01009341,All people in households,583,358,120,238,225,164,61
S01009341,Whole house or bungalow: Total,575,353,120,233,222,164,58
S01009341,Whole house or bungalow: Detached,15,4,0,4,11,6,5
S01009341,Whole house or bungalow: Semi-detached,264,151,52,99,113,94,19
S01009341,Whole house or bungalow: Terraced (including end-terrace),296,198,68,130,98,64,34
S01009341,Flat maisonette or apartment or mobile/temporary accommodation,8,5,0,5,3,0,3
S01009342,All people in households,742,499,149,350,243,179,64
S01009342,Whole house or bungalow: Total,680,462,135,327,218,158,60
S01009342,Whole house or bungalow: Detached,36,26,7,19,10,3,7
S01009342,Whole house or bungalow: Semi-detached,291,211,57,154,80,46,34
S01009342,Whole house or bungalow: Terraced (including end-terrace),353,225,71,154,128,109,19
S01009342,Flat maisonette or apartment or mobile/temporary accommodation,62,37,14,23,25,21,4
S01009343,All people in households,574,462,116,346,112,51,61
S01009343,Whole house or bungalow: Total,558,456,113,343,102,45,57
S01009343,Whole house or bungalow: Detached,19,9,1,8,10,1,9
S01009343,Whole house or bungalow: Semi-detached,54,34,14,20,20,14,6
S01009343,Whole house or bungalow: Terraced (including end-terrace),485,413,98,315,72,30,42
S01009343,Flat maisonette or apartment or mobile/temporary accommodation,16,6,3,3,10,6,4
S01009344,All people in households,630,338,133,205,292,238,54
S01009344,Whole house or bungalow: Total,589,332,128,204,257,212,45
S01009344,Whole house or bungalow: Detached,30,16,4,12,14,11,3
S01009344,Whole house or bungalow: Semi-detached,210,112,45,67,98,81,17
S01009344,Whole house or bungalow: Terraced (including end-terrace),349,204,79,125,145,120,25
S01009344,Flat maisonette or apartment or mobile/temporary accommodation,41,6,5,1,35,26,9
S01009345,All people in households,942,693,186,507,249,115,134
S01009345,Whole house or bungalow: Total,923,683,183,500,240,111,129
S01009345,Whole house or bungalow: Detached,12,7,3,4,5,0,5
S01009345,Whole house or bungalow: Semi-detached,148,96,28,68,52,29,23
S01009345,Whole house or bungalow: Terraced (including end-terrace),763,580,152,428,183,82,101
S01009345,Flat maisonette or apartment or mobile/temporary accommodation,19,10,3,7,9,4,5
S01009346,All people in households,719,685,70,615,34,7,27
S01009346,Whole house or bungalow: Total,715,683,68,615,32,7,25
S01009346,Whole house or bungalow: Detached,645,630,62,568,15,0,15
S01009346,Whole house or bungalow: Semi-detached,60,50,6,44,10,0,10
S01009346,Whole house or bungalow: Terraced (including end-terrace),10,3,0,3,7,7,0
S01009346,Flat maisonette or apartment or mobile/temporary accommodation,4,2,2,0,2,0,2
S01009347,All people in households,691,678,117,561,13,0,13
S01009347,Whole house or bungalow: Total,688,676,115,561,12,0,12
S01009347,Whole house or bungalow: Detached,656,644,105,539,12,0,12
S01009347,Whole house or bungalow: Semi-detached,29,29,9,20,0,0,0
S01009347,Whole house or bungalow: Terraced (including end-terrace),3,3,1,2,0,0,0
S01009347,Flat maisonette or apartment or mobile/temporary accommodation,3,2,2,0,1,0,1
S01009348,All people in households,510,486,31,455,24,0,24
S01009348,Whole house or bungalow: Total,506,486,31,455,20,0,20
S01009348,Whole house or bungalow: Detached,429,410,23,387,19,0,19
S01009348,Whole house or bungalow: Semi-detached,77,76,8,68,1,0,1
S01009348,Whole house or bungalow: Terraced (including end-terrace),0,0,0,0,0,0,0
S01009348,Flat maisonette or apartment or mobile/temporary accommodation,4,0,0,0,4,0,4
S01009349,All people in households,830,740,75,665,90,8,82
S01009349,Whole house or bungalow: Total,736,682,67,615,54,4,50
S01009349,Whole house or bungalow: Detached,711,672,66,606,39,0,39
S01009349,Whole house or bungalow: Semi-detached,23,9,1,8,14,4,10
S01009349,Whole house or bungalow: Terraced (including end-terrace),2,1,0,1,1,0,1
S01009349,Flat maisonette or apartment or mobile/temporary accommodation,94,58,8,50,36,4,32
S01009350,All people in households,622,416,30,386,206,131,75
S01009350,Whole house or bungalow: Total,503,343,27,316,160,121,39
S01009350,Whole house or bungalow: Detached,270,252,16,236,18,3,15
S01009350,Whole house or bungalow: Semi-detached,110,50,5,45,60,55,5
S01009350,Whole house or bungalow: Terraced (including end-terrace),123,41,6,35,82,63,19
S01009350,Flat maisonette or apartment or mobile/temporary accommodation,119,73,3,70,46,10,36
S01009351,All people in households,527,399,56,343,128,8,120
S01009351,Whole house or bungalow: Total,402,350,48,302,52,8,44
S01009351,Whole house or bungalow: Detached,319,286,26,260,33,0,33
S01009351,Whole house or bungalow: Semi-detached,36,32,14,18,4,0,4
S01009351,Whole house or bungalow: Terraced (including end-terrace),47,32,8,24,15,8,7
S01009351,Flat maisonette or apartment or mobile/temporary accommodation,125,49,8,41,76,0,76
S01009352,All people in households,797,721,66,655,76,3,73
S01009352,Whole house or bungalow: Total,750,699,64,635,51,0,51
S01009352,Whole house or bungalow: Detached,582,561,54,507,21,0,21
S01009352,Whole house or bungalow: Semi-detached,58,44,4,40,14,0,14
S01009352,Whole house or bungalow: Terraced (including end-terrace),110,94,6,88,16,0,16
S01009352,Flat maisonette or apartment or mobile/temporary accommodation,47,22,2,20,25,3,22
S01009353,All people in households,403,364,56,308,39,1,38
S01009353,Whole house or bungalow: Total,375,344,53,291,31,0,31
S01009353,Whole house or bungalow: Detached,303,278,40,238,25,0,25
S01009353,Whole house or bungalow: Semi-detached,23,23,8,15,0,0,0
S01009353,Whole house or bungalow: Terraced (including end-terrace),49,43,5,38,6,0,6
S01009353,Flat maisonette or apartment or mobile/temporary accommodation,28,20,3,17,8,1,7
S01009354,All people in households,925,842,71,771,83,3,80
S01009354,Whole house or bungalow: Total,913,838,70,768,75,3,72
S01009354,Whole house or bungalow: Detached,832,779,60,719,53,0,53
S01009354,Whole house or bungalow: Semi-detached,33,21,4,17,12,0,12
S01009354,Whole house or bungalow: Terraced (including end-terrace),48,38,6,32,10,3,7
S01009354,Flat maisonette or apartment or mobile/temporary accommodation,12,4,1,3,8,0,8
S01009355,All people in households,866,789,315,474,77,19,58
S01009355,Whole house or bungalow: Total,837,778,311,467,59,12,47
S01009355,Whole house or bungalow: Detached,431,410,175,235,21,4,17
S01009355,Whole house or bungalow: Semi-detached,377,348,135,213,29,1,28
S01009355,Whole house or bungalow: Terraced (including end-terrace),29,20,1,19,9,7,2
S01009355,Flat maisonette or apartment or mobile/temporary accommodation,29,11,4,7,18,7,11
S01009356,All people in households,963,905,352,553,58,13,45
S01009356,Whole house or bungalow: Total,935,881,347,534,54,13,41
S01009356,Whole house or bungalow: Detached,411,392,179,213,19,5,14
S01009356,Whole house or bungalow: Semi-detached,514,489,168,321,25,4,21
S01009356,Whole house or bungalow: Terraced (including end-terrace),10,0,0,0,10,4,6
S01009356,Flat maisonette or apartment or mobile/temporary accommodation,28,24,5,19,4,0,4
S01009357,All people in households,485,375,71,304,110,3,107
S01009357,Whole house or bungalow: Total,441,366,71,295,75,3,72
S01009357,Whole house or bungalow: Detached,351,318,65,253,33,1,32
S01009357,Whole house or bungalow: Semi-detached,59,38,4,34,21,2,19
S01009357,Whole house or bungalow: Terraced (including end-terrace),31,10,2,8,21,0,21
S01009357,Flat maisonette or apartment or mobile/temporary accommodation,44,9,0,9,35,0,35
S01009358,All people in households,725,716,181,535,9,0,9
S01009358,Whole house or bungalow: Total,720,713,181,532,7,0,7
S01009358,Whole house or bungalow: Detached,701,694,181,513,7,0,7
S01009358,Whole house or bungalow: Semi-detached,19,19,0,19,0,0,0
S01009358,Whole house or bungalow: Terraced (including end-terrace),0,0,0,0,0,0,0
S01009358,Flat maisonette or apartment or mobile/temporary accommodation,5,3,0,3,2,0,2
S01009359,All people in households,774,685,104,581,89,22,67
S01009359,Whole house or bungalow: Total,718,651,104,547,67,11,56
S01009359,Whole house or bungalow: Detached,584,558,96,462,26,0,26
S01009359,Whole house or bungalow: Semi-detached,74,69,5,64,5,3,2
S01009359,Whole house or bungalow: Terraced (including end-terrace),60,24,3,21,36,8,28
S01009359,Flat maisonette or apartment or mobile/temporary accommodation,56,34,0,34,22,11,11
S01009360,All people in households,835,702,280,422,133,38,95
S01009360,Whole house or bungalow: Total,718,622,262,360,96,32,64
S01009360,Whole house or bungalow: Detached,360,334,134,200,26,0,26
S01009360,Whole house or bungalow: Semi-detached,212,184,88,96,28,8,20
S01009360,Whole house or bungalow: Terraced (including end-terrace),146,104,40,64,42,24,18
S01009360,Flat maisonette or apartment or mobile/temporary accommodation,117,80,18,62,37,6,31
S01009361,All people in households,768,649,253,396,119,65,54
S01009361,Whole house or bungalow: Total,729,627,245,382,102,62,40
S01009361,Whole house or bungalow: Detached,286,261,101,160,25,10,15
S01009361,Whole house or bungalow: Semi-detached,335,299,118,181,36,19,17
S01009361,Whole house or bungalow: Terraced (including end-terrace),108,67,26,41,41,33,8
S01009361,Flat maisonette or apartment or mobile/temporary accommodation,39,22,8,14,17,3,14
S01009362,All people in households,1015,940,354,586,75,11,64
S01009362,Whole house or bungalow: Total,994,933,351,582,61,2,59
S01009362,Whole house or bungalow: Detached,361,346,155,191,15,0,15
S01009362,Whole house or bungalow: Semi-detached,562,528,184,344,34,0,34
S01009362,Whole house or bungalow: Terraced (including end-terrace),71,59,12,47,12,2,10
S01009362,Flat maisonette or apartment or mobile/temporary accommodation,21,7,3,4,14,9,5
S01009363,All people in households,833,600,230,370,233,167,66
S01009363,Whole house or bungalow: Total,661,511,215,296,150,116,34
S01009363,Whole house or bungalow: Detached,76,64,43,21,12,6,6
S01009363,Whole house or bungalow: Semi-detached,135,90,30,60,45,33,12
S01009363,Whole house or bungalow: Terraced (including end-terrace),450,357,142,215,93,77,16
S01009363,Flat maisonette or apartment or mobile/temporary accommodation,172,89,15,74,83,51,32
S01009364,All people in households,860,699,134,565,161,80,81
S01009364,Whole house or bungalow: Total,806,680,132,548,126,68,58
S01009364,Whole house or bungalow: Detached,127,114,15,99,13,8,5
S01009364,Whole house or bungalow: Semi-detached,93,72,9,63,21,15,6
S01009364,Whole house or bungalow: Terraced (including end-terrace),586,494,108,386,92,45,47
S01009364,Flat maisonette or apartment or mobile/temporary accommodation,54,19,2,17,35,12,23
S01009365,All people in households,565,445,174,271,120,62,58
S01009365,Whole house or bungalow: Total,363,328,142,186,35,26,9
S01009365,Whole house or bungalow: Detached,15,15,7,8,0,0,0
S01009365,Whole house or bungalow: Semi-detached,55,52,18,34,3,2,1
S01009365,Whole house or bungalow: Terraced (including end-terrace),293,261,117,144,32,24,8
S01009365,Flat maisonette or apartment or mobile/temporary accommodation,202,117,32,85,85,36,49
S01009366,All people in households,758,536,198,338,222,143,79
S01009366,Whole house or bungalow: Total,603,443,168,275,160,107,53
S01009366,Whole house or bungalow: Detached,17,16,4,12,1,1,0
S01009366,Whole house or bungalow: Semi-detached,291,220,89,131,71,31,40
S01009366,Whole house or bungalow: Terraced (including end-terrace),295,207,75,132,88,75,13
S01009366,Flat maisonette or apartment or mobile/temporary accommodation,155,93,30,63,62,36,26
S01009367,All people in households,628,392,135,257,236,155,81
S01009367,Whole house or bungalow: Total,532,371,130,241,161,116,45
S01009367,Whole house or bungalow: Detached,8,2,2,0,6,6,0
S01009367,Whole house or bungalow: Semi-detached,90,67,33,34,23,6,17
S01009367,Whole house or bungalow: Terraced (including end-terrace),434,302,95,207,132,104,28
S01009367,Flat maisonette or apartment or mobile/temporary accommodation,96,21,5,16,75,39,36
S01009368,All people in households,581,310,90,220,271,237,34
S01009368,Whole house or bungalow: Total,572,304,90,214,268,234,34
S01009368,Whole house or bungalow: Detached,53,42,20,22,11,5,6
S01009368,Whole house or bungalow: Semi-detached,336,199,53,146,137,115,22
S01009368,Whole house or bungalow: Terraced (including end-terrace),183,63,17,46,120,114,6
S01009368,Flat maisonette or apartment or mobile/temporary accommodation,9,6,0,6,3,3,0
S01009369,All people in households,598,424,133,291,174,116,58
S01009369,Whole house or bungalow: Total,566,406,129,277,160,110,50
S01009369,Whole house or bungalow: Detached,12,9,1,8,3,3,0
S01009369,Whole house or bungalow: Semi-detached,190,152,57,95,38,19,19
S01009369,Whole house or bungalow: Terraced (including end-terrace),364,245,71,174,119,88,31
S01009369,Flat maisonette or apartment or mobile/temporary accommodation,32,18,4,14,14,6,8
S01009370,All people in households,828,628,252,376,200,147,53
S01009370,Whole house or bungalow: Total,612,509,216,293,103,80,23
S01009370,Whole house or bungalow: Detached,184,175,102,73,9,3,6
S01009370,Whole house or bungalow: Semi-detached,212,164,66,98,48,36,12
S01009370,Whole house or bungalow: Terraced (including end-terrace),216,170,48,122,46,41,5
S01009370,Flat maisonette or apartment or mobile/temporary accommodation,216,119,36,83,97,67,30
S01009371,All people in households,526,380,115,265,146,84,62
S01009371,Whole house or bungalow: Total,513,380,115,265,133,83,50
S01009371,Whole house or bungalow: Detached,13,9,7,2,4,1,3
S01009371,Whole house or bungalow: Semi-detached,65,50,28,22,15,3,12
S01009371,Whole house or bungalow: Terraced (including end-terrace),435,321,80,241,114,79,35
S01009371,Flat maisonette or apartment or mobile/temporary accommodation,13,0,0,0,13,1,12
S01009372,All people in households,521,349,99,250,172,122,50
S01009372,Whole house or bungalow: Total,513,343,97,246,170,121,49
S01009372,Whole house or bungalow: Detached,25,25,5,20,0,0,0
S01009372,Whole house or bungalow: Semi-detached,112,81,32,49,31,18,13
S01009372,Whole house or bungalow: Terraced (including end-terrace),376,237,60,177,139,103,36
S01009372,Flat maisonette or apartment or mobile/temporary accommodation,8,6,2,4,2,1,1
S01009373,All people in households,799,451,122,329,348,259,89
S01009373,Whole house or bungalow: Total,550,366,97,269,184,136,48
S01009373,Whole house or bungalow: Detached,26,16,6,10,10,8,2
S01009373,Whole house or bungalow: Semi-detached,102,72,23,49,30,19,11
S01009373,Whole house or bungalow: Terraced (including end-terrace),422,278,68,210,144,109,35
S01009373,Flat maisonette or apartment or mobile/temporary accommodation,249,85,25,60,164,123,41
S01009374,All people in households,846,532,210,322,314,261,53
S01009374,Whole house or bungalow: Total,692,479,199,280,213,190,23
S01009374,Whole house or bungalow: Detached,136,119,65,54,17,17,0
S01009374,Whole house or bungalow: Semi-detached,209,132,52,80,77,71,6
S01009374,Whole house or bungalow: Terraced (including end-terrace),347,228,82,146,119,102,17
S01009374,Flat maisonette or apartment or mobile/temporary accommodation,154,53,11,42,101,71,30
S01009375,All people in households,797,498,156,342,299,239,60
S01009375,Whole house or bungalow: Total,721,487,153,334,234,185,49
S01009375,Whole house or bungalow: Detached,35,19,2,17,16,16,0
S01009375,Whole house or bungalow: Semi-detached,86,46,10,36,40,29,11
S01009375,Whole house or bungalow: Terraced (including end-terrace),600,422,141,281,178,140,38
S01009375,Flat maisonette or apartment or mobile/temporary accommodation,76,11,3,8,65,54,11
S01009376,All people in households,577,356,109,247,221,184,37
S01009376,Whole house or bungalow: Total,478,337,106,231,141,111,30
S01009376,Whole house or bungalow: Detached,21,13,7,6,8,6,2
S01009376,Whole house or bungalow: Semi-detached,47,25,12,13,22,18,4
S01009376,Whole house or bungalow: Terraced (including end-terrace),410,299,87,212,111,87,24
S01009376,Flat maisonette or apartment or mobile/temporary accommodation,99,19,3,16,80,73,7
S01009377,All people in households,971,629,73,556,342,99,243
S01009377,Whole house or bungalow: Total,781,541,66,475,240,86,154
S01009377,Whole house or bungalow: Detached,55,55,9,46,0,0,0
S01009377,Whole house or bungalow: Semi-detached,207,127,21,106,80,16,64
S01009377,Whole house or bungalow: Terraced (including end-terrace),519,359,36,323,160,70,90
S01009377,Flat maisonette or apartment or mobile/temporary accommodation,190,88,7,81,102,13,89
S01009378,All people in households,994,493,80,413,501,413,88
S01009378,Whole house or bungalow: Total,860,423,67,356,437,403,34
S01009378,Whole house or bungalow: Detached,239,233,46,187,6,2,4
S01009378,Whole house or bungalow: Semi-detached,119,52,7,45,67,62,5
S01009378,Whole house or bungalow: Terraced (including end-terrace),502,138,14,124,364,339,25
S01009378,Flat maisonette or apartment or mobile/temporary accommodation,134,70,13,57,64,10,54
S01009379,All people in households,981,726,57,669,255,181,74
S01009379,Whole house or bungalow: Total,902,685,51,634,217,170,47
S01009379,Whole house or bungalow: Detached,580,548,38,510,32,12,20
S01009379,Whole house or bungalow: Semi-detached,137,85,12,73,52,42,10
S01009379,Whole house or bungalow: Terraced (including end-terrace),185,52,1,51,133,116,17
S01009379,Flat maisonette or apartment or mobile/temporary accommodation,79,41,6,35,38,11,27
S01009380,All people in households,554,389,67,322,165,21,144
S01009380,Whole house or bungalow: Total,444,310,65,245,134,16,118
S01009380,Whole house or bungalow: Detached,79,37,17,20,42,0,42
S01009380,Whole house or bungalow: Semi-detached,260,197,32,165,63,12,51
S01009380,Whole house or bungalow: Terraced (including end-terrace),105,76,16,60,29,4,25
S01009380,Flat maisonette or apartment or mobile/temporary accommodation,110,79,2,77,31,5,26
S01009381,All people in households,632,470,134,336,162,59,103
S01009381,Whole house or bungalow: Total,504,433,127,306,71,36,35
S01009381,Whole house or bungalow: Detached,134,134,54,80,0,0,0
S01009381,Whole house or bungalow: Semi-detached,193,164,31,133,29,18,11
S01009381,Whole house or bungalow: Terraced (including end-terrace),177,135,42,93,42,18,24
S01009381,Flat maisonette or apartment or mobile/temporary accommodation,128,37,7,30,91,23,68
S01009382,All people in households,782,461,145,316,321,248,73
S01009382,Whole house or bungalow: Total,664,421,132,289,243,197,46
S01009382,Whole house or bungalow: Detached,99,95,35,60,4,3,1
S01009382,Whole house or bungalow: Semi-detached,144,83,27,56,61,40,21
S01009382,Whole house or bungalow: Terraced (including end-terrace),421,243,70,173,178,154,24
S01009382,Flat maisonette or apartment or mobile/temporary accommodation,118,40,13,27,78,51,27
S01009383,All people in households,811,434,131,303,377,217,160
S01009383,Whole house or bungalow: Total,491,312,103,209,179,134,45
S01009383,Whole house or bungalow: Detached,56,50,16,34,6,0,6
S01009383,Whole house or bungalow: Semi-detached,64,35,15,20,29,19,10
S01009383,Whole house or bungalow: Terraced (including end-terrace),371,227,72,155,144,115,29
S01009383,Flat maisonette or apartment or mobile/temporary accommodation,320,122,28,94,198,83,115
S01009384,All people in households,560,474,208,266,86,33,53
S01009384,Whole house or bungalow: Total,486,441,197,244,45,10,35
S01009384,Whole house or bungalow: Detached,376,353,173,180,23,0,23
S01009384,Whole house or bungalow: Semi-detached,68,58,23,35,10,5,5
S01009384,Whole house or bungalow: Terraced (including end-terrace),42,30,1,29,12,5,7
S01009384,Flat maisonette or apartment or mobile/temporary accommodation,74,33,11,22,41,23,18
S01009385,All people in households,512,403,151,252,109,68,41
S01009385,Whole house or bungalow: Total,367,315,130,185,52,26,26
S01009385,Whole house or bungalow: Detached,127,123,71,52,4,2,2
S01009385,Whole house or bungalow: Semi-detached,132,118,38,80,14,7,7
S01009385,Whole house or bungalow: Terraced (including end-terrace),108,74,21,53,34,17,17
S01009385,Flat maisonette or apartment or mobile/temporary accommodation,145,88,21,67,57,42,15
S01009386,All people in households,670,467,182,285,203,165,38
S01009386,Whole house or bungalow: Total,605,461,181,280,144,109,35
S01009386,Whole house or bungalow: Detached,28,26,18,8,2,0,2
S01009386,Whole house or bungalow: Semi-detached,127,104,34,70,23,7,16
S01009386,Whole house or bungalow: Terraced (including end-terrace),450,331,129,202,119,102,17
S01009386,Flat maisonette or apartment or mobile/temporary accommodation,65,6,1,5,59,56,3
S01009387,All people in households,604,329,109,220,275,225,50
S01009387,Whole house or bungalow: Total,532,324,109,215,208,161,47
S01009387,Whole house or bungalow: Detached,33,16,7,9,17,12,5
S01009387,Whole house or bungalow: Semi-detached,103,73,19,54,30,24,6
S01009387,Whole house or bungalow: Terraced (including end-terrace),396,235,83,152,161,125,36
S01009387,Flat maisonette or apartment or mobile/temporary accommodation,72,5,0,5,67,64,3
S01009388,All people in households,929,266,73,193,663,544,119
S01009388,Whole house or bungalow: Total,215,127,39,88,88,57,31
S01009388,Whole house or bungalow: Detached,43,31,5,26,12,0,12
S01009388,Whole house or bungalow: Semi-detached,111,64,17,47,47,31,16
S01009388,Whole house or bungalow: Terraced (including end-terrace),61,32,17,15,29,26,3
S01009388,Flat maisonette or apartment or mobile/temporary accommodation,714,139,34,105,575,487,88
S01009389,All people in households,902,648,294,354,254,106,148
S01009389,Whole house or bungalow: Total,584,536,249,287,48,27,21
S01009389,Whole house or bungalow: Detached,205,199,88,111,6,3,3
S01009389,Whole house or bungalow: Semi-detached,322,299,141,158,23,8,15
S01009389,Whole house or bungalow: Terraced (including end-terrace),57,38,20,18,19,16,3
S01009389,Flat maisonette or apartment or mobile/temporary accommodation,318,112,45,67,206,79,127
S01009390,All people in households,777,739,127,612,38,4,34
S01009390,Whole house or bungalow: Total,721,701,106,595,20,4,16
S01009390,Whole house or bungalow: Detached,679,663,106,557,16,0,16
S01009390,Whole house or bungalow: Semi-detached,27,23,0,23,4,4,0
S01009390,Whole house or bungalow: Terraced (including end-terrace),15,15,0,15,0,0,0
S01009390,Flat maisonette or apartment or mobile/temporary accommodation,56,38,21,17,18,0,18
S01009391,All people in households,695,628,79,549,67,0,67
S01009391,Whole house or bungalow: Total,695,628,79,549,67,0,67
S01009391,Whole house or bungalow: Detached,374,356,51,305,18,0,18
S01009391,Whole house or bungalow: Semi-detached,307,261,22,239,46,0,46
S01009391,Whole house or bungalow: Terraced (including end-terrace),14,11,6,5,3,0,3
S01009391,Flat maisonette or apartment or mobile/temporary accommodation,0,0,0,0,0,0,0
S01009392,All people in households,581,542,76,466,39,0,39
S01009392,Whole house or bungalow: Total,569,530,76,454,39,0,39
S01009392,Whole house or bungalow: Detached,390,372,53,319,18,0,18
S01009392,Whole house or bungalow: Semi-detached,139,120,17,103,19,0,19
S01009392,Whole house or bungalow: Terraced (including end-terrace),40,38,6,32,2,0,2
S01009392,Flat maisonette or apartment or mobile/temporary accommodation,12,12,0,12,0,0,0
S01009393,All people in households,686,638,218,420,48,10,38
S01009393,Whole house or bungalow: Total,685,638,218,420,47,10,37
S01009393,Whole house or bungalow: Detached,434,426,147,279,8,0,8
S01009393,Whole house or bungalow: Semi-detached,208,179,64,115,29,7,22
S01009393,Whole house or bungalow: Terraced (including end-terrace),43,33,7,26,10,3,7
S01009393,Flat maisonette or apartment or mobile/temporary accommodation,1,0,0,0,1,0,1
S01009394,All people in households,891,649,232,417,242,10,232
S01009394,Whole house or bungalow: Total,582,483,168,315,99,5,94
S01009394,Whole house or bungalow: Detached,359,338,132,206,21,0,21
S01009394,Whole house or bungalow: Semi-detached,90,57,20,37,33,0,33
S01009394,Whole house or bungalow: Terraced (including end-terrace),133,88,16,72,45,5,40
S01009394,Flat maisonette or apartment or mobile/temporary accommodation,309,166,64,102,143,5,138
S01009395,All people in households,677,655,310,345,22,4,18
S01009395,Whole house or bungalow: Total,668,646,308,338,22,4,18
S01009395,Whole house or bungalow: Detached,562,554,264,290,8,0,8
S01009395,Whole house or bungalow: Semi-detached,66,59,26,33,7,4,3
S01009395,Whole house or bungalow: Terraced (including end-terrace),40,33,18,15,7,0,7
S01009395,Flat maisonette or apartment or mobile/temporary accommodation,9,9,2,7,0,0,0
S01009396,All people in households,736,683,349,334,53,11,42
S01009396,Whole house or bungalow: Total,700,652,329,323,48,9,39
S01009396,Whole house or bungalow: Detached,591,568,298,270,23,5,18
S01009396,Whole house or bungalow: Semi-detached,43,32,8,24,11,0,11
S01009396,Whole house or bungalow: Terraced (including end-terrace),66,52,23,29,14,4,10
S01009396,Flat maisonette or apartment or mobile/temporary accommodation,36,31,20,11,5,2,3
S01009397,All people in households,703,627,238,389,76,3,73
S01009397,Whole house or bungalow: Total,635,582,227,355,53,2,51
S01009397,Whole house or bungalow: Detached,453,438,171,267,15,0,15
S01009397,Whole house or bungalow: Semi-detached,161,127,53,74,34,2,32
S01009397,Whole house or bungalow: Terraced (including end-terrace),21,17,3,14,4,0,4
S01009397,Flat maisonette or apartment or mobile/temporary accommodation,68,45,11,34,23,1,22
S01009398,All people in households,688,573,157,416,115,6,109
S01009398,Whole house or bungalow: Total,659,555,152,403,104,6,98
S01009398,Whole house or bungalow: Detached,189,182,63,119,7,0,7
S01009398,Whole house or bungalow: Semi-detached,390,332,78,254,58,6,52
S01009398,Whole house or bungalow: Terraced (including end-terrace),80,41,11,30,39,0,39
S01009398,Flat maisonette or apartment or mobile/temporary accommodation,29,18,5,13,11,0,11
S01009399,All people in households,705,607,253,354,98,32,66
S01009399,Whole house or bungalow: Total,691,603,250,353,88,25,63
S01009399,Whole house or bungalow: Detached,360,342,147,195,18,0,18
S01009399,Whole house or bungalow: Semi-detached,274,220,96,124,54,23,31
S01009399,Whole house or bungalow: Terraced (including end-terrace),57,41,7,34,16,2,14
S01009399,Flat maisonette or apartment or mobile/temporary accommodation,14,4,3,1,10,7,3
S01009400,All people in households,519,444,153,291,75,38,37
S01009400,Whole house or bungalow: Total,513,440,152,288,73,38,35
S01009400,Whole house or bungalow: Detached,44,43,7,36,1,0,1
S01009400,Whole house or bungalow: Semi-detached,136,117,50,67,19,10,9
S01009400,Whole house or bungalow: Terraced (including end-terrace),333,280,95,185,53,28,25
S01009400,Flat maisonette or apartment or mobile/temporary accommodation,6,4,1,3,2,0,2
S01009401,All people in households,681,634,318,316,47,14,33
S01009401,Whole house or bungalow: Total,674,629,318,311,45,14,31
S01009401,Whole house or bungalow: Detached,441,438,250,188,3,0,3
S01009401,Whole house or bungalow: Semi-detached,143,130,50,80,13,2,11
S01009401,Whole house or bungalow: Terraced (including end-terrace),90,61,18,43,29,12,17
S01009401,Flat maisonette or apartment or mobile/temporary accommodation,7,5,0,5,2,0,2
S01009402,All people in households,944,891,350,541,53,6,47
S01009402,Whole house or bungalow: Total,924,874,344,530,50,3,47
S01009402,Whole house or bungalow: Detached,593,564,230,334,29,3,26
S01009402,Whole house or bungalow: Semi-detached,252,245,101,144,7,0,7
S01009402,Whole house or bungalow: Terraced (including end-terrace),79,65,13,52,14,0,14
S01009402,Flat maisonette or apartment or mobile/temporary accommodation,20,17,6,11,3,3,0
S01009403,All people in households,539,471,112,359,68,42,26
S01009403,Whole house or bungalow: Total,534,469,110,359,65,39,26
S01009403,Whole house or bungalow: Detached,188,184,41,143,4,0,4
S01009403,Whole house or bungalow: Semi-detached,240,213,56,157,27,13,14
S01009403,Whole house or bungalow: Terraced (including end-terrace),106,72,13,59,34,26,8
S01009403,Flat maisonette or apartment or mobile/temporary accommodation,5,2,2,0,3,3,0
S01009404,All people in households,546,292,96,196,254,197,57
S01009404,Whole house or bungalow: Total,246,178,59,119,68,45,23
S01009404,Whole house or bungalow: Detached,85,77,37,40,8,0,8
S01009404,Whole house or bungalow: Semi-detached,128,77,22,55,51,40,11
S01009404,Whole house or bungalow: Terraced (including end-terrace),33,24,0,24,9,5,4
S01009404,Flat maisonette or apartment or mobile/temporary accommodation,300,114,37,77,186,152,34
S01009405,All people in households,401,358,164,194,43,19,24
S01009405,Whole house or bungalow: Total,314,282,92,190,32,11,21
S01009405,Whole house or bungalow: Detached,203,192,73,119,11,0,11
S01009405,Whole house or bungalow: Semi-detached,78,65,16,49,13,3,10
S01009405,Whole house or bungalow: Terraced (including end-terrace),33,25,3,22,8,8,0
S01009405,Flat maisonette or apartment or mobile/temporary accommodation,87,76,72,4,11,8,3
S01009406,All people in households,904,643,228,415,261,160,101
S01009406,Whole house or bungalow: Total,706,534,205,329,172,118,54
S01009406,Whole house or bungalow: Detached,189,162,69,93,27,10,17
S01009406,Whole house or bungalow: Semi-detached,359,267,98,169,92,65,27
S01009406,Whole house or bungalow: Terraced (including end-terrace),158,105,38,67,53,43,10
S01009406,Flat maisonette or apartment or mobile/temporary accommodation,198,109,23,86,89,42,47
S01009407,All people in households,502,391,124,267,111,78,33
S01009407,Whole house or bungalow: Total,427,363,117,246,64,49,15
S01009407,Whole house or bungalow: Detached,188,179,71,108,9,1,8
S01009407,Whole house or bungalow: Semi-detached,138,105,27,78,33,26,7
S01009407,Whole house or bungalow: Terraced (including end-terrace),101,79,19,60,22,22,0
S01009407,Flat maisonette or apartment or mobile/temporary accommodation,75,28,7,21,47,29,18
S01009408,All people in households,739,599,161,438,140,62,78
S01009408,Whole house or bungalow: Total,648,559,151,408,89,47,42
S01009408,Whole house or bungalow: Detached,396,372,82,290,24,0,24
S01009408,Whole house or bungalow: Semi-detached,193,157,63,94,36,26,10
S01009408,Whole house or bungalow: Terraced (including end-terrace),59,30,6,24,29,21,8
S01009408,Flat maisonette or apartment or mobile/temporary accommodation,91,40,10,30,51,15,36
S01009409,All people in households,665,455,179,276,210,161,49
S01009409,Whole house or bungalow: Total,572,424,168,256,148,104,44
S01009409,Whole house or bungalow: Detached,63,48,25,23,15,4,11
S01009409,Whole house or bungalow: Semi-detached,179,114,34,80,65,48,17
S01009409,Whole house or bungalow: Terraced (including end-terrace),330,262,109,153,68,52,16
S01009409,Flat maisonette or apartment or mobile/temporary accommodation,93,31,11,20,62,57,5
S01009410,All people in households,877,401,123,278,476,406,70
S01009410,Whole house or bungalow: Total,753,391,122,269,362,303,59
S01009410,Whole house or bungalow: Detached,80,61,28,33,19,15,4
S01009410,Whole house or bungalow: Semi-detached,352,160,55,105,192,169,23
S01009410,Whole house or bungalow: Terraced (including end-terrace),321,170,39,131,151,119,32
S01009410,Flat maisonette or apartment or mobile/temporary accommodation,124,10,1,9,114,103,11
S01009411,All people in households,875,501,169,332,374,311,63
S01009411,Whole house or bungalow: Total,830,494,167,327,336,282,54
S01009411,Whole house or bungalow: Detached,56,47,21,26,9,3,6
S01009411,Whole house or bungalow: Semi-detached,594,348,117,231,246,209,37
S01009411,Whole house or bungalow: Terraced (including end-terrace),180,99,29,70,81,70,11
S01009411,Flat maisonette or apartment or mobile/temporary accommodation,45,7,2,5,38,29,9
S01009412,All people in households,848,482,164,318,366,335,31
S01009412,Whole house or bungalow: Total,679,441,152,289,238,221,17
S01009412,Whole house or bungalow: Detached,23,12,4,8,11,7,4
S01009412,Whole house or bungalow: Semi-detached,427,287,103,184,140,135,5
S01009412,Whole house or bungalow: Terraced (including end-terrace),229,142,45,97,87,79,8
S01009412,Flat maisonette or apartment or mobile/temporary accommodation,169,41,12,29,128,114,14
S01009413,All people in households,988,709,242,467,279,203,76
S01009413,Whole house or bungalow: Total,889,676,235,441,213,169,44
S01009413,Whole house or bungalow: Detached,98,96,46,50,2,2,0
S01009413,Whole house or bungalow: Semi-detached,538,387,138,249,151,115,36
S01009413,Whole house or bungalow: Terraced (including end-terrace),253,193,51,142,60,52,8
S01009413,Flat maisonette or apartment or mobile/temporary accommodation,99,33,7,26,66,34,32
S01009414,All people in households,682,507,166,341,175,137,38
S01009414,Whole house or bungalow: Total,665,499,164,335,166,132,34
S01009414,Whole house or bungalow: Detached,101,89,43,46,12,12,0
S01009414,Whole house or bungalow: Semi-detached,218,172,70,102,46,31,15
S01009414,Whole house or bungalow: Terraced (including end-terrace),346,238,51,187,108,89,19
S01009414,Flat maisonette or apartment or mobile/temporary accommodation,17,8,2,6,9,5,4
S01009415,All people in households,791,494,155,339,297,152,145
S01009415,Whole house or bungalow: Total,491,378,122,256,113,71,42
S01009415,Whole house or bungalow: Detached,141,135,48,87,6,3,3
S01009415,Whole house or bungalow: Semi-detached,213,150,51,99,63,43,20
S01009415,Whole house or bungalow: Terraced (including end-terrace),137,93,23,70,44,25,19
S01009415,Flat maisonette or apartment or mobile/temporary accommodation,300,116,33,83,184,81,103
S01009416,All people in households,528,462,148,314,66,47,19
S01009416,Whole house or bungalow: Total,526,462,148,314,64,45,19
S01009416,Whole house or bungalow: Detached,254,249,89,160,5,0,5
S01009416,Whole house or bungalow: Semi-detached,185,172,46,126,13,2,11
S01009416,Whole house or bungalow: Terraced (including end-terrace),87,41,13,28,46,43,3
S01009416,Flat maisonette or apartment or mobile/temporary accommodation,2,0,0,0,2,2,0
S01009417,All people in households,304,233,47,186,71,30,41
S01009417,Whole house or bungalow: Total,287,229,47,182,58,22,36
S01009417,Whole house or bungalow: Detached,205,177,39,138,28,0,28
S01009417,Whole house or bungalow: Semi-detached,66,47,5,42,19,13,6
S01009417,Whole house or bungalow: Terraced (including end-terrace),16,5,3,2,11,9,2
S01009417,Flat maisonette or apartment or mobile/temporary accommodation,17,4,0,4,13,8,5
S01009418,All people in households,1078,641,212,429,437,308,129
S01009418,Whole house or bungalow: Total,747,523,181,342,224,187,37
S01009418,Whole house or bungalow: Detached,162,158,46,112,4,2,2
S01009418,Whole house or bungalow: Semi-detached,303,181,82,99,122,111,11
S01009418,Whole house or bungalow: Terraced (including end-terrace),282,184,53,131,98,74,24
S01009418,Flat maisonette or apartment or mobile/temporary accommodation,331,118,31,87,213,121,92
S01009419,All people in households,574,333,87,246,241,214,27
S01009419,Whole house or bungalow: Total,480,316,85,231,164,137,27
S01009419,Whole house or bungalow: Detached,43,39,19,20,4,4,0
S01009419,Whole house or bungalow: Semi-detached,182,132,40,92,50,35,15
S01009419,Whole house or bungalow: Terraced (including end-terrace),255,145,26,119,110,98,12
S01009419,Flat maisonette or apartment or mobile/temporary accommodation,94,17,2,15,77,77,0
S01009420,All people in households,632,204,63,141,428,400,28
S01009420,Whole house or bungalow: Total,429,184,58,126,245,223,22
S01009420,Whole house or bungalow: Detached,10,5,2,3,5,2,3
S01009420,Whole house or bungalow: Semi-detached,147,61,23,38,86,80,6
S01009420,Whole house or bungalow: Terraced (including end-terrace),272,118,33,85,154,141,13
S01009420,Flat maisonette or apartment or mobile/temporary accommodation,203,20,5,15,183,177,6
S01009421,All people in households,722,341,141,200,381,358,23
S01009421,Whole house or bungalow: Total,366,287,126,161,79,68,11
S01009421,Whole house or bungalow: Detached,107,102,55,47,5,0,5
S01009421,Whole house or bungalow: Semi-detached,147,116,46,70,31,31,0
S01009421,Whole house or bungalow: Terraced (including end-terrace),112,69,25,44,43,37,6
S01009421,Flat maisonette or apartment or mobile/temporary accommodation,356,54,15,39,302,290,12
S01009422,All people in households,810,568,205,363,242,190,52
S01009422,Whole house or bungalow: Total,671,529,190,339,142,112,30
S01009422,Whole house or bungalow: Detached,130,110,56,54,20,10,10
S01009422,Whole house or bungalow: Semi-detached,176,129,53,76,47,37,10
S01009422,Whole house or bungalow: Terraced (including end-terrace),365,290,81,209,75,65,10
S01009422,Flat maisonette or apartment or mobile/temporary accommodation,139,39,15,24,100,78,22
S01009423,All people in households,932,841,113,728,91,32,59
S01009423,Whole house or bungalow: Total,910,836,111,725,74,20,54
S01009423,Whole house or bungalow: Detached,592,568,82,486,24,0,24
S01009423,Whole house or bungalow: Semi-detached,209,180,16,164,29,11,18
S01009423,Whole house or bungalow: Terraced (including end-terrace),109,88,13,75,21,9,12
S01009423,Flat maisonette or apartment or mobile/temporary accommodation,22,5,2,3,17,12,5
S01009424,All people in households,551,412,124,288,139,99,40
S01009424,Whole house or bungalow: Total,454,381,114,267,73,55,18
S01009424,Whole house or bungalow: Detached,322,294,95,199,28,18,10
S01009424,Whole house or bungalow: Semi-detached,99,66,13,53,33,28,5
S01009424,Whole house or bungalow: Terraced (including end-terrace),33,21,6,15,12,9,3
S01009424,Flat maisonette or apartment or mobile/temporary accommodation,97,31,10,21,66,44,22
S01009425,All people in households,739,535,239,296,204,147,57
S01009425,Whole house or bungalow: Total,511,459,215,244,52,39,13
S01009425,Whole house or bungalow: Detached,274,267,131,136,7,0,7
S01009425,Whole house or bungalow: Semi-detached,145,120,46,74,25,20,5
S01009425,Whole house or bungalow: Terraced (including end-terrace),92,72,38,34,20,19,1
S01009425,Flat maisonette or apartment or mobile/temporary accommodation,228,76,24,52,152,108,44
S01009426,All people in households,776,333,112,221,443,368,75
S01009426,Whole house or bungalow: Total,319,202,73,129,117,84,33
S01009426,Whole house or bungalow: Detached,78,55,15,40,23,15,8
S01009426,Whole house or bungalow: Semi-detached,128,82,26,56,46,25,21
S01009426,Whole house or bungalow: Terraced (including end-terrace),113,65,32,33,48,44,4
S01009426,Flat maisonette or apartment or mobile/temporary accommodation,457,131,39,92,326,284,42
S01009427,All people in households,608,310,108,202,298,253,45
S01009427,Whole house or bungalow: Total,261,182,73,109,79,65,14
S01009427,Whole house or bungalow: Detached,103,84,32,52,19,14,5
S01009427,Whole house or bungalow: Semi-detached,89,59,26,33,30,27,3
S01009427,Whole house or bungalow: Terraced (including end-terrace),69,39,15,24,30,24,6
S01009427,Flat maisonette or apartment or mobile/temporary accommodation,347,128,35,93,219,188,31
S01009428,All people in households,588,350,109,241,238,203,35
S01009428,Whole house or bungalow: Total,573,348,109,239,225,194,31
S01009428,Whole house or bungalow: Detached,41,27,12,15,14,7,7
S01009428,Whole house or bungalow: Semi-detached,356,225,73,152,131,115,16
S01009428,Whole house or bungalow: Terraced (including end-terrace),176,96,24,72,80,72,8
S01009428,Flat maisonette or apartment or mobile/temporary accommodation,15,2,0,2,13,9,4
S01009429,All people in households,704,327,142,185,377,323,54
S01009429,Whole house or bungalow: Total,578,319,139,180,259,206,53
S01009429,Whole house or bungalow: Detached,32,20,1,19,12,9,3
S01009429,Whole house or bungalow: Semi-detached,333,178,80,98,155,121,34
S01009429,Whole house or bungalow: Terraced (including end-terrace),213,121,58,63,92,76,16
S01009429,Flat maisonette or apartment or mobile/temporary accommodation,126,8,3,5,118,117,1
S01009430,All people in households,737,387,142,245,350,267,83
S01009430,Whole house or bungalow: Total,639,381,137,244,258,177,81
S01009430,Whole house or bungalow: Detached,128,92,37,55,36,11,25
S01009430,Whole house or bungalow: Semi-detached,351,221,67,154,130,111,19
S01009430,Whole house or bungalow: Terraced (including end-terrace),160,68,33,35,92,55,37
S01009430,Flat maisonette or apartment or mobile/temporary accommodation,98,6,5,1,92,90,2
S01009431,All people in households,672,399,204,195,273,188,85
S01009431,Whole house or bungalow: Total,498,364,184,180,134,59,75
S01009431,Whole house or bungalow: Detached,134,114,67,47,20,4,16
S01009431,Whole house or bungalow: Semi-detached,286,209,102,107,77,34,43
S01009431,Whole house or bungalow: Terraced (including end-terrace),78,41,15,26,37,21,16
S01009431,Flat maisonette or apartment or mobile/temporary accommodation,174,35,20,15,139,129,10
S01009432,All people in households,809,320,100,220,489,449,40
S01009432,Whole house or bungalow: Total,740,314,97,217,426,389,37
S01009432,Whole house or bungalow: Detached,59,20,10,10,39,37,2
S01009432,Whole house or bungalow: Semi-detached,292,123,39,84,169,144,25
S01009432,Whole house or bungalow: Terraced (including end-terrace),389,171,48,123,218,208,10
S01009432,Flat maisonette or apartment or mobile/temporary accommodation,69,6,3,3,63,60,3
S01009433,All people in households,824,376,101,275,448,396,52
S01009433,Whole house or bungalow: Total,788,375,100,275,413,376,37
S01009433,Whole house or bungalow: Detached,87,55,3,52,32,28,4
S01009433,Whole house or bungalow: Semi-detached,215,103,35,68,112,102,10
S01009433,Whole house or bungalow: Terraced (including end-terrace),486,217,62,155,269,246,23
S01009433,Flat maisonette or apartment or mobile/temporary accommodation,36,1,1,0,35,20,15
S01009434,All people in households,543,287,109,178,256,231,25
S01009434,Whole house or bungalow: Total,516,281,107,174,235,214,21
S01009434,Whole house or bungalow: Detached,32,19,12,7,13,10,3
S01009434,Whole house or bungalow: Semi-detached,148,92,52,40,56,50,6
S01009434,Whole house or bungalow: Terraced (including end-terrace),336,170,43,127,166,154,12
S01009434,Flat maisonette or apartment or mobile/temporary accommodation,27,6,2,4,21,17,4
S01009435,All people in households,774,229,83,146,545,513,32
S01009435,Whole house or bungalow: Total,730,226,82,144,504,473,31
S01009435,Whole house or bungalow: Detached,69,39,10,29,30,25,5
S01009435,Whole house or bungalow: Semi-detached,223,76,33,43,147,143,4
S01009435,Whole house or bungalow: Terraced (including end-terrace),438,111,39,72,327,305,22
S01009435,Flat maisonette or apartment or mobile/temporary accommodation,44,3,1,2,41,40,1
S01009436,All people in households,701,377,114,263,324,270,54
S01009436,Whole house or bungalow: Total,423,282,84,198,141,125,16
S01009436,Whole house or bungalow: Detached,108,94,17,77,14,2,12
S01009436,Whole house or bungalow: Semi-detached,251,147,50,97,104,101,3
S01009436,Whole house or bungalow: Terraced (including end-terrace),64,41,17,24,23,22,1
S01009436,Flat maisonette or apartment or mobile/temporary accommodation,278,95,30,65,183,145,38
S01009437,All people in households,678,456,121,335,222,184,38
S01009437,Whole house or bungalow: Total,540,383,96,287,157,133,24
S01009437,Whole house or bungalow: Detached,120,107,29,78,13,11,2
S01009437,Whole house or bungalow: Semi-detached,169,112,32,80,57,43,14
S01009437,Whole house or bungalow: Terraced (including end-terrace),251,164,35,129,87,79,8
S01009437,Flat maisonette or apartment or mobile/temporary accommodation,138,73,25,48,65,51,14
S01009438,All people in households,872,437,156,281,435,401,34
S01009438,Whole house or bungalow: Total,703,412,153,259,291,261,30
S01009438,Whole house or bungalow: Detached,150,122,52,70,28,17,11
S01009438,Whole house or bungalow: Semi-detached,290,168,70,98,122,109,13
S01009438,Whole house or bungalow: Terraced (including end-terrace),263,122,31,91,141,135,6
S01009438,Flat maisonette or apartment or mobile/temporary accommodation,169,25,3,22,144,140,4
S01009439,All people in households,923,426,133,293,497,461,36
S01009439,Whole house or bungalow: Total,880,422,130,292,458,422,36
S01009439,Whole house or bungalow: Detached,45,32,16,16,13,9,4
S01009439,Whole house or bungalow: Semi-detached,357,154,29,125,203,187,16
S01009439,Whole house or bungalow: Terraced (including end-terrace),478,236,85,151,242,226,16
S01009439,Flat maisonette or apartment or mobile/temporary accommodation,43,4,3,1,39,39,0
S01009440,All people in households,638,307,115,192,331,285,46
S01009440,Whole house or bungalow: Total,543,288,106,182,255,224,31
S01009440,Whole house or bungalow: Detached,60,47,14,33,13,10,3
S01009440,Whole house or bungalow: Semi-detached,217,123,39,84,94,82,12
S01009440,Whole house or bungalow: Terraced (including end-terrace),266,118,53,65,148,132,16
S01009440,Flat maisonette or apartment or mobile/temporary accommodation,95,19,9,10,76,61,15
S01009441,All people in households,836,240,86,154,596,535,61
S01009441,Whole house or bungalow: Total,758,240,86,154,518,463,55
S01009441,Whole house or bungalow: Detached,54,28,8,20,26,20,6
S01009441,Whole house or bungalow: Semi-detached,380,114,43,71,266,222,44
S01009441,Whole house or bungalow: Terraced (including end-terrace),324,98,35,63,226,221,5
S01009441,Flat maisonette or apartment or mobile/temporary accommodation,78,0,0,0,78,72,6
S01009442,All people in households,563,422,128,294,141,34,107
S01009442,Whole house or bungalow: Total,546,410,126,284,136,30,106
S01009442,Whole house or bungalow: Detached,349,267,84,183,82,5,77
S01009442,Whole house or bungalow: Semi-detached,168,125,39,86,43,18,25
S01009442,Whole house or bungalow: Terraced (including end-terrace),29,18,3,15,11,7,4
S01009442,Flat maisonette or apartment or mobile/temporary accommodation,17,12,2,10,5,4,1
S01009443,All people in households,666,500,177,323,166,88,78
S01009443,Whole house or bungalow: Total,566,458,170,288,108,38,70
S01009443,Whole house or bungalow: Detached,283,250,94,156,33,1,32
S01009443,Whole house or bungalow: Semi-detached,221,156,60,96,65,33,32
S01009443,Whole house or bungalow: Terraced (including end-terrace),62,52,16,36,10,4,6
S01009443,Flat maisonette or apartment or mobile/temporary accommodation,100,42,7,35,58,50,8
S01009444,All people in households,846,746,215,531,100,46,54
S01009444,Whole house or bungalow: Total,811,732,211,521,79,37,42
S01009444,Whole house or bungalow: Detached,511,492,121,371,19,0,19
S01009444,Whole house or bungalow: Semi-detached,217,185,79,106,32,15,17
S01009444,Whole house or bungalow: Terraced (including end-terrace),83,55,11,44,28,22,6
S01009444,Flat maisonette or apartment or mobile/temporary accommodation,35,14,4,10,21,9,12
S01009445,All people in households,778,528,173,355,250,221,29
S01009445,Whole house or bungalow: Total,727,524,171,353,203,176,27
S01009445,Whole house or bungalow: Detached,44,33,10,23,11,6,5
S01009445,Whole house or bungalow: Semi-detached,566,397,127,270,169,153,16
S01009445,Whole house or bungalow: Terraced (including end-terrace),117,94,34,60,23,17,6
S01009445,Flat maisonette or apartment or mobile/temporary accommodation,51,4,2,2,47,45,2
S01009446,All people in households,878,410,145,265,468,376,92
S01009446,Whole house or bungalow: Total,438,319,120,199,119,87,32
S01009446,Whole house or bungalow: Detached,64,50,27,23,14,9,5
S01009446,Whole house or bungalow: Semi-detached,202,147,68,79,55,38,17
S01009446,Whole house or bungalow: Terraced (including end-terrace),172,122,25,97,50,40,10
S01009446,Flat maisonette or apartment or mobile/temporary accommodation,440,91,25,66,349,289,60
S01009447,All people in households,486,296,113,183,190,148,42
S01009447,Whole house or bungalow: Total,361,263,100,163,98,76,22
S01009447,Whole house or bungalow: Detached,51,37,26,11,14,6,8
S01009447,Whole house or bungalow: Semi-detached,206,154,43,111,52,41,11
S01009447,Whole house or bungalow: Terraced (including end-terrace),104,72,31,41,32,29,3
S01009447,Flat maisonette or apartment or mobile/temporary accommodation,125,33,13,20,92,72,20
S01009448,All people in households,808,587,174,413,221,169,52
S01009448,Whole house or bungalow: Total,698,540,165,375,158,124,34
S01009448,Whole house or bungalow: Detached,249,222,47,175,27,8,19
S01009448,Whole house or bungalow: Semi-detached,354,272,94,178,82,67,15
S01009448,Whole house or bungalow: Terraced (including end-terrace),95,46,24,22,49,49,0
S01009448,Flat maisonette or apartment or mobile/temporary accommodation,110,47,9,38,63,45,18
S01009449,All people in households,528,340,141,199,188,148,40
S01009449,Whole house or bungalow: Total,468,328,137,191,140,110,30
S01009449,Whole house or bungalow: Detached,41,33,10,23,8,3,5
S01009449,Whole house or bungalow: Semi-detached,290,184,69,115,106,83,23
S01009449,Whole house or bungalow: Terraced (including end-terrace),137,111,58,53,26,24,2
S01009449,Flat maisonette or apartment or mobile/temporary accommodation,60,12,4,8,48,38,10
S01009450,All people in households,596,203,68,135,393,338,55
S01009450,Whole house or bungalow: Total,350,143,50,93,207,190,17
S01009450,Whole house or bungalow: Detached,23,10,4,6,13,10,3
S01009450,Whole house or bungalow: Semi-detached,190,81,37,44,109,105,4
S01009450,Whole house or bungalow: Terraced (including end-terrace),137,52,9,43,85,75,10
S01009450,Flat maisonette or apartment or mobile/temporary accommodation,246,60,18,42,186,148,38
S01009451,All people in households,1014,479,191,288,535,448,87
S01009451,Whole house or bungalow: Total,569,362,171,191,207,167,40
S01009451,Whole house or bungalow: Detached,71,60,35,25,11,5,6
S01009451,Whole house or bungalow: Semi-detached,451,272,123,149,179,156,23
S01009451,Whole house or bungalow: Terraced (including end-terrace),47,30,13,17,17,6,11
S01009451,Flat maisonette or apartment or mobile/temporary accommodation,445,117,20,97,328,281,47
S01009452,All people in households,503,245,99,146,258,195,63
S01009452,Whole house or bungalow: Total,320,196,78,118,124,95,29
S01009452,Whole house or bungalow: Detached,38,30,14,16,8,4,4
S01009452,Whole house or bungalow: Semi-detached,122,77,24,53,45,32,13
S01009452,Whole house or bungalow: Terraced (including end-terrace),160,89,40,49,71,59,12
S01009452,Flat maisonette or apartment or mobile/temporary accommodation,183,49,21,28,134,100,34
S01009453,All people in households,981,590,202,388,391,302,89
S01009453,Whole house or bungalow: Total,670,479,171,308,191,146,45
S01009453,Whole house or bungalow: Detached,167,150,39,111,17,11,6
S01009453,Whole house or bungalow: Semi-detached,381,245,97,148,136,105,31
S01009453,Whole house or bungalow: Terraced (including end-terrace),122,84,35,49,38,30,8
S01009453,Flat maisonette or apartment or mobile/temporary accommodation,311,111,31,80,200,156,44
S01009454,All people in households,878,710,284,426,168,53,115
S01009454,Whole house or bungalow: Total,675,577,234,343,98,41,57
S01009454,Whole house or bungalow: Detached,282,261,108,153,21,0,21
S01009454,Whole house or bungalow: Semi-detached,232,190,83,107,42,25,17
S01009454,Whole house or bungalow: Terraced (including end-terrace),161,126,43,83,35,16,19
S01009454,Flat maisonette or apartment or mobile/temporary accommodation,203,133,50,83,70,12,58
S01009455,All people in households,847,727,398,329,120,22,98
S01009455,Whole house or bungalow: Total,709,638,354,284,71,8,63
S01009455,Whole house or bungalow: Detached,489,453,261,192,36,0,36
S01009455,Whole house or bungalow: Semi-detached,133,116,60,56,17,7,10
S01009455,Whole house or bungalow: Terraced (including end-terrace),87,69,33,36,18,1,17
S01009455,Flat maisonette or apartment or mobile/temporary accommodation,138,89,44,45,49,14,35
S01009456,All people in households,664,425,149,276,239,159,80
S01009456,Whole house or bungalow: Total,514,377,135,242,137,93,44
S01009456,Whole house or bungalow: Detached,153,132,40,92,21,2,19
S01009456,Whole house or bungalow: Semi-detached,146,90,22,68,56,44,12
S01009456,Whole house or bungalow: Terraced (including end-terrace),215,155,73,82,60,47,13
S01009456,Flat maisonette or apartment or mobile/temporary accommodation,150,48,14,34,102,66,36
S01009457,All people in households,587,444,208,236,143,41,102
S01009457,Whole house or bungalow: Total,539,427,198,229,112,20,92
S01009457,Whole house or bungalow: Detached,345,305,153,152,40,0,40
S01009457,Whole house or bungalow: Semi-detached,142,88,31,57,54,10,44
S01009457,Whole house or bungalow: Terraced (including end-terrace),52,34,14,20,18,10,8
S01009457,Flat maisonette or apartment or mobile/temporary accommodation,48,17,10,7,31,21,10
S01009458,All people in households,661,464,181,283,197,106,91
S01009458,Whole house or bungalow: Total,367,320,133,187,47,9,38
S01009458,Whole house or bungalow: Detached,116,99,39,60,17,0,17
S01009458,Whole house or bungalow: Semi-detached,176,150,66,84,26,9,17
S01009458,Whole house or bungalow: Terraced (including end-terrace),75,71,28,43,4,0,4
S01009458,Flat maisonette or apartment or mobile/temporary accommodation,294,144,48,96,150,97,53
S01009459,All people in households,865,535,193,342,330,206,124
S01009459,Whole house or bungalow: Total,442,359,136,223,83,54,29
S01009459,Whole house or bungalow: Detached,161,154,55,99,7,0,7
S01009459,Whole house or bungalow: Semi-detached,182,141,52,89,41,30,11
S01009459,Whole house or bungalow: Terraced (including end-terrace),99,64,29,35,35,24,11
S01009459,Flat maisonette or apartment or mobile/temporary accommodation,423,176,57,119,247,152,95
S01009460,All people in households,854,261,62,199,593,519,74
S01009460,Whole house or bungalow: Total,207,119,28,91,88,67,21
S01009460,Whole house or bungalow: Detached,21,20,3,17,1,1,0
S01009460,Whole house or bungalow: Semi-detached,81,45,13,32,36,20,16
S01009460,Whole house or bungalow: Terraced (including end-terrace),105,54,12,42,51,46,5
S01009460,Flat maisonette or apartment or mobile/temporary accommodation,647,142,34,108,505,452,53
S01009461,All people in households,576,547,101,446,29,19,10
S01009461,Whole house or bungalow: Total,564,545,101,444,19,11,8
S01009461,Whole house or bungalow: Detached,516,510,91,419,6,0,6
S01009461,Whole house or bungalow: Semi-detached,39,32,10,22,7,7,0
S01009461,Whole house or bungalow: Terraced (including end-terrace),9,3,0,3,6,4,2
S01009461,Flat maisonette or apartment or mobile/temporary accommodation,12,2,0,2,10,8,2
S01009462,All people in households,694,510,202,308,184,142,42
S01009462,Whole house or bungalow: Total,602,470,177,293,132,107,25
S01009462,Whole house or bungalow: Detached,108,101,46,55,7,0,7
S01009462,Whole house or bungalow: Semi-detached,277,209,73,136,68,58,10
S01009462,Whole house or bungalow: Terraced (including end-terrace),217,160,58,102,57,49,8
S01009462,Flat maisonette or apartment or mobile/temporary accommodation,92,40,25,15,52,35,17
S01009463,All people in households,667,496,209,287,171,138,33
S01009463,Whole house or bungalow: Total,545,464,196,268,81,53,28
S01009463,Whole house or bungalow: Detached,162,153,81,72,9,0,9
S01009463,Whole house or bungalow: Semi-detached,213,197,87,110,16,6,10
S01009463,Whole house or bungalow: Terraced (including end-terrace),170,114,28,86,56,47,9
S01009463,Flat maisonette or apartment or mobile/temporary accommodation,122,32,13,19,90,85,5
S01009464,All people in households,842,719,281,438,123,63,60
S01009464,Whole house or bungalow: Total,645,582,232,350,63,41,22
S01009464,Whole house or bungalow: Detached,233,228,96,132,5,0,5
S01009464,Whole house or bungalow: Semi-detached,269,247,86,161,22,9,13
S01009464,Whole house or bungalow: Terraced (including end-terrace),143,107,50,57,36,32,4
S01009464,Flat maisonette or apartment or mobile/temporary accommodation,197,137,49,88,60,22,38
S01009465,All people in households,609,449,173,276,160,133,27
S01009465,Whole house or bungalow: Total,506,385,154,231,121,109,12
S01009465,Whole house or bungalow: Detached,79,76,32,44,3,3,0
S01009465,Whole house or bungalow: Semi-detached,173,138,46,92,35,29,6
S01009465,Whole house or bungalow: Terraced (including end-terrace),254,171,76,95,83,77,6
S01009465,Flat maisonette or apartment or mobile/temporary accommodation,103,64,19,45,39,24,15
S01009466,All people in households,569,541,260,281,28,3,25
S01009466,Whole house or bungalow: Total,435,420,212,208,15,3,12
S01009466,Whole house or bungalow: Detached,188,185,108,77,3,0,3
S01009466,Whole house or bungalow: Semi-detached,193,184,77,107,9,0,9
S01009466,Whole house or bungalow: Terraced (including end-terrace),54,51,27,24,3,3,0
S01009466,Flat maisonette or apartment or mobile/temporary accommodation,134,121,48,73,13,0,13
S01009467,All people in households,770,674,297,377,96,44,52
S01009467,Whole house or bungalow: Total,659,604,272,332,55,32,23
S01009467,Whole house or bungalow: Detached,294,286,156,130,8,0,8
S01009467,Whole house or bungalow: Semi-detached,278,239,88,151,39,28,11
S01009467,Whole house or bungalow: Terraced (including end-terrace),87,79,28,51,8,4,4
S01009467,Flat maisonette or apartment or mobile/temporary accommodation,111,70,25,45,41,12,29
S01009468,All people in households,748,473,156,317,275,214,61
S01009468,Whole house or bungalow: Total,305,253,79,174,52,39,13
S01009468,Whole house or bungalow: Detached,76,67,40,27,9,1,8
S01009468,Whole house or bungalow: Semi-detached,179,142,28,114,37,36,1
S01009468,Whole house or bungalow: Terraced (including end-terrace),50,44,11,33,6,2,4
S01009468,Flat maisonette or apartment or mobile/temporary accommodation,443,220,77,143,223,175,48
S01009469,All people in households,791,638,283,355,153,81,72
S01009469,Whole house or bungalow: Total,573,518,251,267,55,32,23
S01009469,Whole house or bungalow: Detached,295,280,144,136,15,0,15
S01009469,Whole house or bungalow: Semi-detached,141,126,52,74,15,8,7
S01009469,Whole house or bungalow: Terraced (including end-terrace),137,112,55,57,25,24,1
S01009469,Flat maisonette or apartment or mobile/temporary accommodation,218,120,32,88,98,49,49
S01009470,All people in households,473,371,165,206,102,72,30
S01009470,Whole house or bungalow: Total,321,303,151,152,18,4,14
S01009470,Whole house or bungalow: Detached,190,180,86,94,10,0,10
S01009470,Whole house or bungalow: Semi-detached,107,99,57,42,8,4,4
S01009470,Whole house or bungalow: Terraced (including end-terrace),24,24,8,16,0,0,0
S01009470,Flat maisonette or apartment or mobile/temporary accommodation,152,68,14,54,84,68,16
S01009471,All people in households,659,206,94,112,453,364,89
S01009471,Whole house or bungalow: Total,113,84,35,49,29,5,24
S01009471,Whole house or bungalow: Detached,16,12,2,10,4,0,4
S01009471,Whole house or bungalow: Semi-detached,60,52,22,30,8,1,7
S01009471,Whole house or bungalow: Terraced (including end-terrace),37,20,11,9,17,4,13
S01009471,Flat maisonette or apartment or mobile/temporary accommodation,546,122,59,63,424,359,65
S01009472,All people in households,932,419,189,230,513,418,95
S01009472,Whole house or bungalow: Total,413,310,148,162,103,61,42
S01009472,Whole house or bungalow: Detached,105,74,37,37,31,12,19
S01009472,Whole house or bungalow: Semi-detached,221,178,89,89,43,28,15
S01009472,Whole house or bungalow: Terraced (including end-terrace),87,58,22,36,29,21,8
S01009472,Flat maisonette or apartment or mobile/temporary accommodation,519,109,41,68,410,357,53
S01009473,All people in households,902,282,112,170,620,277,343
S01009473,Whole house or bungalow: Total,232,102,51,51,130,61,69
S01009473,Whole house or bungalow: Detached,36,24,13,11,12,1,11
S01009473,Whole house or bungalow: Semi-detached,138,58,32,26,80,42,38
S01009473,Whole house or bungalow: Terraced (including end-terrace),58,20,6,14,38,18,20
S01009473,Flat maisonette or apartment or mobile/temporary accommodation,670,180,61,119,490,216,274
S01009474,All people in households,900,454,134,320,446,357,89
S01009474,Whole house or bungalow: Total,500,400,110,290,100,61,39
S01009474,Whole house or bungalow: Detached,286,261,69,192,25,0,25
S01009474,Whole house or bungalow: Semi-detached,142,97,17,80,45,36,9
S01009474,Whole house or bungalow: Terraced (including end-terrace),72,42,24,18,30,25,5
S01009474,Flat maisonette or apartment or mobile/temporary accommodation,400,54,24,30,346,296,50
S01009475,All people in households,585,527,137,390,58,9,49
S01009475,Whole house or bungalow: Total,516,493,125,368,23,0,23
S01009475,Whole house or bungalow: Detached,467,451,121,330,16,0,16
S01009475,Whole house or bungalow: Semi-detached,37,33,0,33,4,0,4
S01009475,Whole house or bungalow: Terraced (including end-terrace),12,9,4,5,3,0,3
S01009475,Flat maisonette or apartment or mobile/temporary accommodation,69,34,12,22,35,9,26
S01009476,All people in households,479,404,86,318,75,6,69
S01009476,Whole house or bungalow: Total,442,384,81,303,58,6,52
S01009476,Whole house or bungalow: Detached,362,333,67,266,29,0,29
S01009476,Whole house or bungalow: Semi-detached,43,25,6,19,18,0,18
S01009476,Whole house or bungalow: Terraced (including end-terrace),37,26,8,18,11,6,5
S01009476,Flat maisonette or apartment or mobile/temporary accommodation,37,20,5,15,17,0,17
S01009477,All people in households,701,552,218,334,149,66,83
S01009477,Whole house or bungalow: Total,340,308,107,201,32,21,11
S01009477,Whole house or bungalow: Detached,96,91,34,57,5,0,5
S01009477,Whole house or bungalow: Semi-detached,146,134,49,85,12,11,1
S01009477,Whole house or bungalow: Terraced (including end-terrace),98,83,24,59,15,10,5
S01009477,Flat maisonette or apartment or mobile/temporary accommodation,361,244,111,133,117,45,72
S01009478,All people in households,832,431,147,284,401,150,251
S01009478,Whole house or bungalow: Total,262,176,70,106,86,36,50
S01009478,Whole house or bungalow: Detached,69,47,19,28,22,4,18
S01009478,Whole house or bungalow: Semi-detached,53,47,23,24,6,2,4
S01009478,Whole house or bungalow: Terraced (including end-terrace),140,82,28,54,58,30,28
S01009478,Flat maisonette or apartment or mobile/temporary accommodation,570,255,77,178,315,114,201
S01009479,All people in households,777,476,198,278,301,118,183
S01009479,Whole house or bungalow: Total,301,281,130,151,20,1,19
S01009479,Whole house or bungalow: Detached,58,56,34,22,2,0,2
S01009479,Whole house or bungalow: Semi-detached,147,139,70,69,8,1,7
S01009479,Whole house or bungalow: Terraced (including end-terrace),96,86,26,60,10,0,10
S01009479,Flat maisonette or apartment or mobile/temporary accommodation,476,195,68,127,281,117,164
S01009480,All people in households,822,667,313,354,155,71,84
S01009480,Whole house or bungalow: Total,478,442,190,252,36,8,28
S01009480,Whole house or bungalow: Detached,108,102,42,60,6,0,6
S01009480,Whole house or bungalow: Semi-detached,258,240,100,140,18,2,16
S01009480,Whole house or bungalow: Terraced (including end-terrace),112,100,48,52,12,6,6
S01009480,Flat maisonette or apartment or mobile/temporary accommodation,344,225,123,102,119,63,56
S01009481,All people in households,895,580,208,372,315,69,246
S01009481,Whole house or bungalow: Total,395,310,125,185,85,17,68
S01009481,Whole house or bungalow: Detached,74,65,25,40,9,0,9
S01009481,Whole house or bungalow: Semi-detached,208,163,73,90,45,15,30
S01009481,Whole house or bungalow: Terraced (including end-terrace),113,82,27,55,31,2,29
S01009481,Flat maisonette or apartment or mobile/temporary accommodation,500,270,83,187,230,52,178
S01009482,All people in households,584,347,122,225,237,29,208
S01009482,Whole house or bungalow: Total,184,144,63,81,40,10,30
S01009482,Whole house or bungalow: Detached,43,41,21,20,2,2,0
S01009482,Whole house or bungalow: Semi-detached,84,80,33,47,4,2,2
S01009482,Whole house or bungalow: Terraced (including end-terrace),57,23,9,14,34,6,28
S01009482,Flat maisonette or apartment or mobile/temporary accommodation,400,203,59,144,197,19,178
S01009483,All people in households,724,532,177,355,192,14,178
S01009483,Whole house or bungalow: Total,274,248,91,157,26,3,23
S01009483,Whole house or bungalow: Detached,27,23,9,14,4,0,4
S01009483,Whole house or bungalow: Semi-detached,191,179,56,123,12,3,9
S01009483,Whole house or bungalow: Terraced (including end-terrace),56,46,26,20,10,0,10
S01009483,Flat maisonette or apartment or mobile/temporary accommodation,450,284,86,198,166,11,155
S01009484,All people in households,739,473,249,224,266,155,111
S01009484,Whole house or bungalow: Total,292,248,133,115,44,16,28
S01009484,Whole house or bungalow: Detached,110,106,65,41,4,0,4
S01009484,Whole house or bungalow: Semi-detached,143,111,56,55,32,14,18
S01009484,Whole house or bungalow: Terraced (including end-terrace),39,31,12,19,8,2,6
S01009484,Flat maisonette or apartment or mobile/temporary accommodation,447,225,116,109,222,139,83
S01009485,All people in households,786,448,208,240,338,238,100
S01009485,Whole house or bungalow: Total,455,341,165,176,114,79,35
S01009485,Whole house or bungalow: Detached,155,142,90,52,13,4,9
S01009485,Whole house or bungalow: Semi-detached,238,181,73,108,57,43,14
S01009485,Whole house or bungalow: Terraced (including end-terrace),62,18,2,16,44,32,12
S01009485,Flat maisonette or apartment or mobile/temporary accommodation,331,107,43,64,224,159,65
S01009486,All people in households,650,510,261,249,140,91,49
S01009486,Whole house or bungalow: Total,450,421,213,208,29,7,22
S01009486,Whole house or bungalow: Detached,279,273,145,128,6,0,6
S01009486,Whole house or bungalow: Semi-detached,150,130,66,64,20,5,15
S01009486,Whole house or bungalow: Terraced (including end-terrace),21,18,2,16,3,2,1
S01009486,Flat maisonette or apartment or mobile/temporary accommodation,200,89,48,41,111,84,27
S01009487,All people in households,789,512,205,307,277,202,75
S01009487,Whole house or bungalow: Total,515,402,152,250,113,86,27
S01009487,Whole house or bungalow: Detached,53,49,21,28,4,3,1
S01009487,Whole house or bungalow: Semi-detached,287,227,81,146,60,46,14
S01009487,Whole house or bungalow: Terraced (including end-terrace),175,126,50,76,49,37,12
S01009487,Flat maisonette or apartment or mobile/temporary accommodation,274,110,53,57,164,116,48
S01009488,All people in households,705,520,169,351,185,153,32
S01009488,Whole house or bungalow: Total,692,516,167,349,176,144,32
S01009488,Whole house or bungalow: Detached,126,114,49,65,12,7,5
S01009488,Whole house or bungalow: Semi-detached,372,280,95,185,92,71,21
S01009488,Whole house or bungalow: Terraced (including end-terrace),194,122,23,99,72,66,6
S01009488,Flat maisonette or apartment or mobile/temporary accommodation,13,4,2,2,9,9,0
S01009489,All people in households,775,417,161,256,358,277,81
S01009489,Whole house or bungalow: Total,446,329,141,188,117,75,42
S01009489,Whole house or bungalow: Detached,120,80,35,45,40,33,7
S01009489,Whole house or bungalow: Semi-detached,183,146,54,92,37,22,15
S01009489,Whole house or bungalow: Terraced (including end-terrace),143,103,52,51,40,20,20
S01009489,Flat maisonette or apartment or mobile/temporary accommodation,329,88,20,68,241,202,39
S01009490,All people in households,853,348,126,222,505,446,59
S01009490,Whole house or bungalow: Total,333,231,100,131,102,71,31
S01009490,Whole house or bungalow: Detached,66,57,31,26,9,3,6
S01009490,Whole house or bungalow: Semi-detached,136,88,46,42,48,33,15
S01009490,Whole house or bungalow: Terraced (including end-terrace),131,86,23,63,45,35,10
S01009490,Flat maisonette or apartment or mobile/temporary accommodation,520,117,26,91,403,375,28
S01009491,All people in households,677,422,184,238,255,217,38
S01009491,Whole house or bungalow: Total,611,403,177,226,208,174,34
S01009491,Whole house or bungalow: Detached,52,47,22,25,5,5,0
S01009491,Whole house or bungalow: Semi-detached,385,237,105,132,148,130,18
S01009491,Whole house or bungalow: Terraced (including end-terrace),174,119,50,69,55,39,16
S01009491,Flat maisonette or apartment or mobile/temporary accommodation,66,19,7,12,47,43,4
S01009492,All people in households,740,461,147,314,279,231,48
S01009492,Whole house or bungalow: Total,703,444,137,307,259,213,46
S01009492,Whole house or bungalow: Detached,29,6,6,0,23,19,4
S01009492,Whole house or bungalow: Semi-detached,394,225,69,156,169,140,29
S01009492,Whole house or bungalow: Terraced (including end-terrace),280,213,62,151,67,54,13
S01009492,Flat maisonette or apartment or mobile/temporary accommodation,37,17,10,7,20,18,2
S01009493,All people in households,821,780,454,326,41,13,28
S01009493,Whole house or bungalow: Total,784,752,448,304,32,9,23
S01009493,Whole house or bungalow: Detached,673,656,400,256,17,1,16
S01009493,Whole house or bungalow: Semi-detached,94,90,44,46,4,1,3
S01009493,Whole house or bungalow: Terraced (including end-terrace),17,6,4,2,11,7,4
S01009493,Flat maisonette or apartment or mobile/temporary accommodation,37,28,6,22,9,4,5
S01009494,All people in households,947,792,250,542,155,18,137
S01009494,Whole house or bungalow: Total,874,767,238,529,107,6,101
S01009494,Whole house or bungalow: Detached,525,477,169,308,48,2,46
S01009494,Whole house or bungalow: Semi-detached,337,288,69,219,49,0,49
S01009494,Whole house or bungalow: Terraced (including end-terrace),12,2,0,2,10,4,6
S01009494,Flat maisonette or apartment or mobile/temporary accommodation,73,25,12,13,48,12,36
S01009495,All people in households,871,782,231,551,89,7,82
S01009495,Whole house or bungalow: Total,823,750,227,523,73,6,67
S01009495,Whole house or bungalow: Detached,438,425,157,268,13,0,13
S01009495,Whole house or bungalow: Semi-detached,321,274,61,213,47,4,43
S01009495,Whole house or bungalow: Terraced (including end-terrace),64,51,9,42,13,2,11
S01009495,Flat maisonette or apartment or mobile/temporary accommodation,48,32,4,28,16,1,15
S01009496,All people in households,785,500,192,308,285,198,87
S01009496,Whole house or bungalow: Total,712,473,183,290,239,160,79
S01009496,Whole house or bungalow: Detached,21,14,9,5,7,0,7
S01009496,Whole house or bungalow: Semi-detached,86,39,22,17,47,32,15
S01009496,Whole house or bungalow: Terraced (including end-terrace),605,420,152,268,185,128,57
S01009496,Flat maisonette or apartment or mobile/temporary accommodation,73,27,9,18,46,38,8
S01009497,All people in households,955,734,219,515,221,144,77
S01009497,Whole house or bungalow: Total,877,698,215,483,179,119,60
S01009497,Whole house or bungalow: Detached,110,104,19,85,6,2,4
S01009497,Whole house or bungalow: Semi-detached,233,166,40,126,67,44,23
S01009497,Whole house or bungalow: Terraced (including end-terrace),534,428,156,272,106,73,33
S01009497,Flat maisonette or apartment or mobile/temporary accommodation,78,36,4,32,42,25,17
S01009498,All people in households,643,611,307,304,32,12,20
S01009498,Whole house or bungalow: Total,638,611,307,304,27,9,18
S01009498,Whole house or bungalow: Detached,404,392,231,161,12,0,12
S01009498,Whole house or bungalow: Semi-detached,209,197,68,129,12,6,6
S01009498,Whole house or bungalow: Terraced (including end-terrace),25,22,8,14,3,3,0
S01009498,Flat maisonette or apartment or mobile/temporary accommodation,5,0,0,0,5,3,2
S01009499,All people in households,796,586,263,323,210,171,39
S01009499,Whole house or bungalow: Total,699,578,263,315,121,85,36
S01009499,Whole house or bungalow: Detached,192,177,125,52,15,11,4
S01009499,Whole house or bungalow: Semi-detached,358,294,102,192,64,37,27
S01009499,Whole house or bungalow: Terraced (including end-terrace),149,107,36,71,42,37,5
S01009499,Flat maisonette or apartment or mobile/temporary accommodation,97,8,0,8,89,86,3
S01009500,All people in households,778,369,116,253,409,354,55
S01009500,Whole house or bungalow: Total,577,333,107,226,244,194,50
S01009500,Whole house or bungalow: Detached,28,25,6,19,3,3,0
S01009500,Whole house or bungalow: Semi-detached,221,150,52,98,71,57,14
S01009500,Whole house or bungalow: Terraced (including end-terrace),328,158,49,109,170,134,36
S01009500,Flat maisonette or apartment or mobile/temporary accommodation,201,36,9,27,165,160,5
S01009501,All people in households,654,355,121,234,299,259,40
S01009501,Whole house or bungalow: Total,560,341,115,226,219,193,26
S01009501,Whole house or bungalow: Detached,46,30,4,26,16,10,6
S01009501,Whole house or bungalow: Semi-detached,183,100,29,71,83,77,6
S01009501,Whole house or bungalow: Terraced (including end-terrace),331,211,82,129,120,106,14
S01009501,Flat maisonette or apartment or mobile/temporary accommodation,94,14,6,8,80,66,14
S01009502,All people in households,823,399,146,253,424,374,50
S01009502,Whole house or bungalow: Total,688,380,145,235,308,258,50
S01009502,Whole house or bungalow: Detached,45,21,8,13,24,21,3
S01009502,Whole house or bungalow: Semi-detached,125,62,22,40,63,52,11
S01009502,Whole house or bungalow: Terraced (including end-terrace),518,297,115,182,221,185,36
S01009502,Flat maisonette or apartment or mobile/temporary accommodation,135,19,1,18,116,116,0
S01009503,All people in households,729,468,117,351,261,204,57
S01009503,Whole house or bungalow: Total,709,460,117,343,249,192,57
S01009503,Whole house or bungalow: Detached,45,27,2,25,18,14,4
S01009503,Whole house or bungalow: Semi-detached,82,52,13,39,30,27,3
S01009503,Whole house or bungalow: Terraced (including end-terrace),582,381,102,279,201,151,50
S01009503,Flat maisonette or apartment or mobile/temporary accommodation,20,8,0,8,12,12,0
S01009504,All people in households,695,308,92,216,387,348,39
S01009504,Whole house or bungalow: Total,499,290,88,202,209,177,32
S01009504,Whole house or bungalow: Detached,33,18,8,10,15,6,9
S01009504,Whole house or bungalow: Semi-detached,206,99,26,73,107,98,9
S01009504,Whole house or bungalow: Terraced (including end-terrace),260,173,54,119,87,73,14
S01009504,Flat maisonette or apartment or mobile/temporary accommodation,196,18,4,14,178,171,7
S01009505,All people in households,817,263,94,169,554,486,68
S01009505,Whole house or bungalow: Total,499,249,90,159,250,197,53
S01009505,Whole house or bungalow: Detached,43,28,22,6,15,9,6
S01009505,Whole house or bungalow: Semi-detached,191,76,29,47,115,90,25
S01009505,Whole house or bungalow: Terraced (including end-terrace),265,145,39,106,120,98,22
S01009505,Flat maisonette or apartment or mobile/temporary accommodation,318,14,4,10,304,289,15
S01009506,All people in households,735,321,79,242,414,354,60
S01009506,Whole house or bungalow: Total,505,290,69,221,215,162,53
S01009506,Whole house or bungalow: Detached,38,21,6,15,17,16,1
S01009506,Whole house or bungalow: Semi-detached,165,99,22,77,66,41,25
S01009506,Whole house or bungalow: Terraced (including end-terrace),302,170,41,129,132,105,27
S01009506,Flat maisonette or apartment or mobile/temporary accommodation,230,31,10,21,199,192,7
S01009507,All people in households,889,574,156,418,315,267,48
S01009507,Whole house or bungalow: Total,818,558,146,412,260,222,38
S01009507,Whole house or bungalow: Detached,273,267,63,204,6,4,2
S01009507,Whole house or bungalow: Semi-detached,290,152,38,114,138,127,11
S01009507,Whole house or bungalow: Terraced (including end-terrace),255,139,45,94,116,91,25
S01009507,Flat maisonette or apartment or mobile/temporary accommodation,71,16,10,6,55,45,10
S01009508,All people in households,876,332,107,225,544,477,67
S01009508,Whole house or bungalow: Total,604,325,107,218,279,225,54
S01009508,Whole house or bungalow: Detached,61,22,7,15,39,31,8
S01009508,Whole house or bungalow: Semi-detached,204,114,38,76,90,63,27
S01009508,Whole house or bungalow: Terraced (including end-terrace),339,189,62,127,150,131,19
S01009508,Flat maisonette or apartment or mobile/temporary accommodation,272,7,0,7,265,252,13
S01009509,All people in households,1006,523,168,355,483,394,89
S01009509,Whole house or bungalow: Total,726,469,154,315,257,208,49
S01009509,Whole house or bungalow: Detached,37,29,12,17,8,4,4
S01009509,Whole house or bungalow: Semi-detached,318,209,77,132,109,87,22
S01009509,Whole house or bungalow: Terraced (including end-terrace),371,231,65,166,140,117,23
S01009509,Flat maisonette or apartment or mobile/temporary accommodation,280,54,14,40,226,186,40
S01009510,All people in households,700,661,308,353,39,23,16
S01009510,Whole house or bungalow: Total,698,660,308,352,38,22,16
S01009510,Whole house or bungalow: Detached,292,277,125,152,15,8,7
S01009510,Whole house or bungalow: Semi-detached,376,357,171,186,19,10,9
S01009510,Whole house or bungalow: Terraced (including end-terrace),30,26,12,14,4,4,0
S01009510,Flat maisonette or apartment or mobile/temporary accommodation,2,1,0,1,1,1,0
S01009511,All people in households,597,547,268,279,50,18,32
S01009511,Whole house or bungalow: Total,597,547,268,279,50,18,32
S01009511,Whole house or bungalow: Detached,361,352,189,163,9,0,9
S01009511,Whole house or bungalow: Semi-detached,208,186,79,107,22,2,20
S01009511,Whole house or bungalow: Terraced (including end-terrace),28,9,0,9,19,16,3
S01009511,Flat maisonette or apartment or mobile/temporary accommodation,0,0,0,0,0,0,0
S01009512,All people in households,771,723,278,445,48,9,39
S01009512,Whole house or bungalow: Total,756,710,271,439,46,7,39
S01009512,Whole house or bungalow: Detached,276,271,97,174,5,0,5
S01009512,Whole house or bungalow: Semi-detached,423,395,163,232,28,1,27
S01009512,Whole house or bungalow: Terraced (including end-terrace),57,44,11,33,13,6,7
S01009512,Flat maisonette or apartment or mobile/temporary accommodation,15,13,7,6,2,2,0
S01009513,All people in households,575,541,225,316,34,6,28
S01009513,Whole house or bungalow: Total,573,541,225,316,32,4,28
S01009513,Whole house or bungalow: Detached,225,214,103,111,11,1,10
S01009513,Whole house or bungalow: Semi-detached,327,309,118,191,18,0,18
S01009513,Whole house or bungalow: Terraced (including end-terrace),21,18,4,14,3,3,0
S01009513,Flat maisonette or apartment or mobile/temporary accommodation,2,0,0,0,2,2,0
S01009514,All people in households,706,665,269,396,41,11,30
S01009514,Whole house or bungalow: Total,695,657,265,392,38,8,30
S01009514,Whole house or bungalow: Detached,219,215,105,110,4,0,4
S01009514,Whole house or bungalow: Semi-detached,426,404,154,250,22,2,20
S01009514,Whole house or bungalow: Terraced (including end-terrace),50,38,6,32,12,6,6
S01009514,Flat maisonette or apartment or mobile/temporary accommodation,11,8,4,4,3,3,0
S01009515,All people in households,738,432,170,262,306,272,34
S01009515,Whole house or bungalow: Total,608,422,169,253,186,156,30
S01009515,Whole house or bungalow: Detached,29,13,0,13,16,10,6
S01009515,Whole house or bungalow: Semi-detached,102,61,31,30,41,40,1
S01009515,Whole house or bungalow: Terraced (including end-terrace),477,348,138,210,129,106,23
S01009515,Flat maisonette or apartment or mobile/temporary accommodation,130,10,1,9,120,116,4
S01009516,All people in households,839,577,230,347,262,184,78
S01009516,Whole house or bungalow: Total,828,575,230,345,253,177,76
S01009516,Whole house or bungalow: Detached,118,101,40,61,17,13,4
S01009516,Whole house or bungalow: Semi-detached,121,57,15,42,64,45,19
S01009516,Whole house or bungalow: Terraced (including end-terrace),589,417,175,242,172,119,53
S01009516,Flat maisonette or apartment or mobile/temporary accommodation,11,2,0,2,9,7,2
S01009517,All people in households,982,842,120,722,140,37,103
S01009517,Whole house or bungalow: Total,906,813,113,700,93,22,71
S01009517,Whole house or bungalow: Detached,721,676,87,589,45,4,41
S01009517,Whole house or bungalow: Semi-detached,106,82,20,62,24,7,17
S01009517,Whole house or bungalow: Terraced (including end-terrace),79,55,6,49,24,11,13
S01009517,Flat maisonette or apartment or mobile/temporary accommodation,76,29,7,22,47,15,32
S01009518,All people in households,936,817,82,735,119,28,91
S01009518,Whole house or bungalow: Total,890,785,79,706,105,20,85
S01009518,Whole house or bungalow: Detached,717,643,61,582,74,1,73
S01009518,Whole house or bungalow: Semi-detached,87,71,14,57,16,11,5
S01009518,Whole house or bungalow: Terraced (including end-terrace),86,71,4,67,15,8,7
S01009518,Flat maisonette or apartment or mobile/temporary accommodation,46,32,3,29,14,8,6
S01009519,All people in households,487,376,152,224,111,84,27
S01009519,Whole house or bungalow: Total,434,373,150,223,61,34,27
S01009519,Whole house or bungalow: Detached,200,189,73,116,11,0,11
S01009519,Whole house or bungalow: Semi-detached,168,151,65,86,17,4,13
S01009519,Whole house or bungalow: Terraced (including end-terrace),66,33,12,21,33,30,3
S01009519,Flat maisonette or apartment or mobile/temporary accommodation,53,3,2,1,50,50,0
S01009520,All people in households,837,688,183,505,149,77,72
S01009520,Whole house or bungalow: Total,756,668,176,492,88,33,55
S01009520,Whole house or bungalow: Detached,256,231,63,168,25,2,23
S01009520,Whole house or bungalow: Semi-detached,152,128,51,77,24,12,12
S01009520,Whole house or bungalow: Terraced (including end-terrace),348,309,62,247,39,19,20
S01009520,Flat maisonette or apartment or mobile/temporary accommodation,81,20,7,13,61,44,17
S01009521,All people in households,873,443,236,207,430,378,52
S01009521,Whole house or bungalow: Total,660,315,140,175,345,309,36
S01009521,Whole house or bungalow: Detached,106,83,63,20,23,16,7
S01009521,Whole house or bungalow: Semi-detached,411,181,64,117,230,210,20
S01009521,Whole house or bungalow: Terraced (including end-terrace),143,51,13,38,92,83,9
S01009521,Flat maisonette or apartment or mobile/temporary accommodation,213,128,96,32,85,69,16
S01009522,All people in households,1013,483,117,366,530,355,175
S01009522,Whole house or bungalow: Total,855,426,97,329,429,316,113
S01009522,Whole house or bungalow: Detached,187,131,28,103,56,22,34
S01009522,Whole house or bungalow: Semi-detached,427,177,37,140,250,188,62
S01009522,Whole house or bungalow: Terraced (including end-terrace),241,118,32,86,123,106,17
S01009522,Flat maisonette or apartment or mobile/temporary accommodation,158,57,20,37,101,39,62
S01009523,All people in households,581,263,87,176,318,272,46
S01009523,Whole house or bungalow: Total,221,124,61,63,97,82,15
S01009523,Whole house or bungalow: Detached,17,12,6,6,5,5,0
S01009523,Whole house or bungalow: Semi-detached,148,79,42,37,69,59,10
S01009523,Whole house or bungalow: Terraced (including end-terrace),56,33,13,20,23,18,5
S01009523,Flat maisonette or apartment or mobile/temporary accommodation,360,139,26,113,221,190,31
S01009524,All people in households,668,282,93,189,386,272,114
S01009524,Whole house or bungalow: Total,302,219,71,148,83,50,33
S01009524,Whole house or bungalow: Detached,33,24,8,16,9,0,9
S01009524,Whole house or bungalow: Semi-detached,165,107,40,67,58,44,14
S01009524,Whole house or bungalow: Terraced (including end-terrace),104,88,23,65,16,6,10
S01009524,Flat maisonette or apartment or mobile/temporary accommodation,366,63,22,41,303,222,81
S01009525,All people in households,532,285,109,176,247,133,114
S01009525,Whole house or bungalow: Total,190,146,54,92,44,18,26
S01009525,Whole house or bungalow: Detached,36,28,7,21,8,0,8
S01009525,Whole house or bungalow: Semi-detached,119,94,35,59,25,13,12
S01009525,Whole house or bungalow: Terraced (including end-terrace),35,24,12,12,11,5,6
S01009525,Flat maisonette or apartment or mobile/temporary accommodation,342,139,55,84,203,115,88
S01009526,All people in households,650,330,124,206,320,23,297
S01009526,Whole house or bungalow: Total,151,120,41,79,31,1,30
S01009526,Whole house or bungalow: Detached,90,85,27,58,5,0,5
S01009526,Whole house or bungalow: Semi-detached,30,20,5,15,10,0,10
S01009526,Whole house or bungalow: Terraced (including end-terrace),31,15,9,6,16,1,15
S01009526,Flat maisonette or apartment or mobile/temporary accommodation,499,210,83,127,289,22,267
S01009527,All people in households,639,310,127,183,329,133,196
S01009527,Whole house or bungalow: Total,165,130,62,68,35,15,20
S01009527,Whole house or bungalow: Detached,19,18,13,5,1,0,1
S01009527,Whole house or bungalow: Semi-detached,45,35,15,20,10,9,1
S01009527,Whole house or bungalow: Terraced (including end-terrace),101,77,34,43,24,6,18
S01009527,Flat maisonette or apartment or mobile/temporary accommodation,474,180,65,115,294,118,176
S01009528,All people in households,520,263,148,115,257,180,77
S01009528,Whole house or bungalow: Total,94,79,32,47,15,6,9
S01009528,Whole house or bungalow: Detached,17,16,7,9,1,0,1
S01009528,Whole house or bungalow: Semi-detached,39,35,10,25,4,1,3
S01009528,Whole house or bungalow: Terraced (including end-terrace),38,28,15,13,10,5,5
S01009528,Flat maisonette or apartment or mobile/temporary accommodation,426,184,116,68,242,174,68
S01009529,All people in households,535,444,196,248,91,48,43
S01009529,Whole house or bungalow: Total,428,387,167,220,41,18,23
S01009529,Whole house or bungalow: Detached,93,86,43,43,7,5,2
S01009529,Whole house or bungalow: Semi-detached,229,207,85,122,22,4,18
S01009529,Whole house or bungalow: Terraced (including end-terrace),106,94,39,55,12,9,3
S01009529,Flat maisonette or apartment or mobile/temporary accommodation,107,57,29,28,50,30,20
S01009530,All people in households,575,543,240,303,32,12,20
S01009530,Whole house or bungalow: Total,548,523,233,290,25,6,19
S01009530,Whole house or bungalow: Detached,179,175,97,78,4,1,3
S01009530,Whole house or bungalow: Semi-detached,347,330,135,195,17,3,14
S01009530,Whole house or bungalow: Terraced (including end-terrace),22,18,1,17,4,2,2
S01009530,Flat maisonette or apartment or mobile/temporary accommodation,27,20,7,13,7,6,1
S01009531,All people in households,795,406,155,251,389,294,95
S01009531,Whole house or bungalow: Total,444,317,129,188,127,82,45
S01009531,Whole house or bungalow: Detached,25,22,14,8,3,1,2
S01009531,Whole house or bungalow: Semi-detached,136,64,32,32,72,51,21
S01009531,Whole house or bungalow: Terraced (including end-terrace),283,231,83,148,52,30,22
S01009531,Flat maisonette or apartment or mobile/temporary accommodation,351,89,26,63,262,212,50
S01009532,All people in households,779,369,172,197,410,341,69
S01009532,Whole house or bungalow: Total,503,272,132,140,231,202,29
S01009532,Whole house or bungalow: Detached,23,2,2,0,21,18,3
S01009532,Whole house or bungalow: Semi-detached,98,42,12,30,56,43,13
S01009532,Whole house or bungalow: Terraced (including end-terrace),382,228,118,110,154,141,13
S01009532,Flat maisonette or apartment or mobile/temporary accommodation,276,97,40,57,179,139,40
S01009533,All people in households,783,342,107,235,441,282,159
S01009533,Whole house or bungalow: Total,249,116,28,88,133,86,47
S01009533,Whole house or bungalow: Detached,30,6,4,2,24,14,10
S01009533,Whole house or bungalow: Semi-detached,132,80,21,59,52,31,21
S01009533,Whole house or bungalow: Terraced (including end-terrace),87,30,3,27,57,41,16
S01009533,Flat maisonette or apartment or mobile/temporary accommodation,534,226,79,147,308,196,112
S01009534,All people in households,856,207,79,128,649,550,99
S01009534,Whole house or bungalow: Total,236,91,31,60,145,120,25
S01009534,Whole house or bungalow: Detached,24,16,0,16,8,6,2
S01009534,Whole house or bungalow: Semi-detached,111,36,17,19,75,54,21
S01009534,Whole house or bungalow: Terraced (including end-terrace),101,39,14,25,62,60,2
S01009534,Flat maisonette or apartment or mobile/temporary accommodation,620,116,48,68,504,430,74
S01009535,All people in households,629,163,41,122,466,425,41
S01009535,Whole house or bungalow: Total,112,73,18,55,39,22,17
S01009535,Whole house or bungalow: Detached,16,13,3,10,3,3,0
S01009535,Whole house or bungalow: Semi-detached,49,27,7,20,22,11,11
S01009535,Whole house or bungalow: Terraced (including end-terrace),47,33,8,25,14,8,6
S01009535,Flat maisonette or apartment or mobile/temporary accommodation,517,90,23,67,427,403,24
S01009536,All people in households,548,303,72,231,245,205,40
S01009536,Whole house or bungalow: Total,207,177,39,138,30,16,14
S01009536,Whole house or bungalow: Detached,104,98,20,78,6,0,6
S01009536,Whole house or bungalow: Semi-detached,86,66,17,49,20,14,6
S01009536,Whole house or bungalow: Terraced (including end-terrace),17,13,2,11,4,2,2
S01009536,Flat maisonette or apartment or mobile/temporary accommodation,341,126,33,93,215,189,26
S01009537,All people in households,539,333,125,208,206,155,51
S01009537,Whole house or bungalow: Total,220,176,70,106,44,26,18
S01009537,Whole house or bungalow: Detached,107,95,46,49,12,0,12
S01009537,Whole house or bungalow: Semi-detached,63,47,15,32,16,14,2
S01009537,Whole house or bungalow: Terraced (including end-terrace),50,34,9,25,16,12,4
S01009537,Flat maisonette or apartment or mobile/temporary accommodation,319,157,55,102,162,129,33
S01009538,All people in households,708,282,91,191,426,320,106
S01009538,Whole house or bungalow: Total,270,184,62,122,86,67,19
S01009538,Whole house or bungalow: Detached,63,42,14,28,21,15,6
S01009538,Whole house or bungalow: Semi-detached,109,78,27,51,31,21,10
S01009538,Whole house or bungalow: Terraced (including end-terrace),98,64,21,43,34,31,3
S01009538,Flat maisonette or apartment or mobile/temporary accommodation,438,98,29,69,340,253,87
S01009539,All people in households,865,628,225,403,237,196,41
S01009539,Whole house or bungalow: Total,789,610,219,391,179,150,29
S01009539,Whole house or bungalow: Detached,78,75,38,37,3,3,0
S01009539,Whole house or bungalow: Semi-detached,348,258,80,178,90,74,16
S01009539,Whole house or bungalow: Terraced (including end-terrace),363,277,101,176,86,73,13
S01009539,Flat maisonette or apartment or mobile/temporary accommodation,76,18,6,12,58,46,12
S01009540,All people in households,815,402,146,256,413,329,84
S01009540,Whole house or bungalow: Total,274,217,91,126,57,35,22
S01009540,Whole house or bungalow: Detached,62,58,18,40,4,0,4
S01009540,Whole house or bungalow: Semi-detached,110,80,43,37,30,21,9
S01009540,Whole house or bungalow: Terraced (including end-terrace),102,79,30,49,23,14,9
S01009540,Flat maisonette or apartment or mobile/temporary accommodation,541,185,55,130,356,294,62
S01009541,All people in households,725,523,161,362,202,50,152
S01009541,Whole house or bungalow: Total,632,468,146,322,164,32,132
S01009541,Whole house or bungalow: Detached,184,130,27,103,54,4,50
S01009541,Whole house or bungalow: Semi-detached,284,214,77,137,70,14,56
S01009541,Whole house or bungalow: Terraced (including end-terrace),164,124,42,82,40,14,26
S01009541,Flat maisonette or apartment or mobile/temporary accommodation,93,55,15,40,38,18,20
S01009542,All people in households,753,280,91,189,473,420,53
S01009542,Whole house or bungalow: Total,313,211,73,138,102,83,19
S01009542,Whole house or bungalow: Detached,27,21,4,17,6,5,1
S01009542,Whole house or bungalow: Semi-detached,150,88,35,53,62,48,14
S01009542,Whole house or bungalow: Terraced (including end-terrace),136,102,34,68,34,30,4
S01009542,Flat maisonette or apartment or mobile/temporary accommodation,440,69,18,51,371,337,34
S01009543,All people in households,523,348,178,170,175,112,63
S01009543,Whole house or bungalow: Total,431,304,159,145,127,81,46
S01009543,Whole house or bungalow: Detached,130,106,51,55,24,4,20
S01009543,Whole house or bungalow: Semi-detached,186,125,59,66,61,44,17
S01009543,Whole house or bungalow: Terraced (including end-terrace),115,73,49,24,42,33,9
S01009543,Flat maisonette or apartment or mobile/temporary accommodation,92,44,19,25,48,31,17
S01009544,All people in households,855,428,141,287,427,226,201
S01009544,Whole house or bungalow: Total,728,369,129,240,359,194,165
S01009544,Whole house or bungalow: Detached,157,102,28,74,55,9,46
S01009544,Whole house or bungalow: Semi-detached,153,82,24,58,71,39,32
S01009544,Whole house or bungalow: Terraced (including end-terrace),418,185,77,108,233,146,87
S01009544,Flat maisonette or apartment or mobile/temporary accommodation,127,59,12,47,68,32,36
S01009545,All people in households,789,487,220,267,302,208,94
S01009545,Whole house or bungalow: Total,663,453,203,250,210,136,74
S01009545,Whole house or bungalow: Detached,199,159,79,80,40,16,24
S01009545,Whole house or bungalow: Semi-detached,273,190,78,112,83,54,29
S01009545,Whole house or bungalow: Terraced (including end-terrace),191,104,46,58,87,66,21
S01009545,Flat maisonette or apartment or mobile/temporary accommodation,126,34,17,17,92,72,20
S01009546,All people in households,967,686,151,535,281,251,30
S01009546,Whole house or bungalow: Total,778,639,144,495,139,115,24
S01009546,Whole house or bungalow: Detached,236,223,28,195,13,4,9
S01009546,Whole house or bungalow: Semi-detached,374,312,94,218,62,55,7
S01009546,Whole house or bungalow: Terraced (including end-terrace),168,104,22,82,64,56,8
S01009546,Flat maisonette or apartment or mobile/temporary accommodation,189,47,7,40,142,136,6
S01009547,All people in households,744,384,177,207,360,244,116
S01009547,Whole house or bungalow: Total,470,306,146,160,164,87,77
S01009547,Whole house or bungalow: Detached,168,121,67,54,47,4,43
S01009547,Whole house or bungalow: Semi-detached,227,150,71,79,77,52,25
S01009547,Whole house or bungalow: Terraced (including end-terrace),75,35,8,27,40,31,9
S01009547,Flat maisonette or apartment or mobile/temporary accommodation,274,78,31,47,196,157,39
S01009548,All people in households,694,446,176,270,248,166,82
S01009548,Whole house or bungalow: Total,542,387,160,227,155,100,55
S01009548,Whole house or bungalow: Detached,105,88,36,52,17,5,12
S01009548,Whole house or bungalow: Semi-detached,255,177,67,110,78,59,19
S01009548,Whole house or bungalow: Terraced (including end-terrace),182,122,57,65,60,36,24
S01009548,Flat maisonette or apartment or mobile/temporary accommodation,152,59,16,43,93,66,27
S01009549,All people in households,778,584,224,360,194,105,89
S01009549,Whole house or bungalow: Total,597,502,209,293,95,40,55
S01009549,Whole house or bungalow: Detached,169,146,61,85,23,2,21
S01009549,Whole house or bungalow: Semi-detached,177,152,54,98,25,14,11
S01009549,Whole house or bungalow: Terraced (including end-terrace),251,204,94,110,47,24,23
S01009549,Flat maisonette or apartment or mobile/temporary accommodation,181,82,15,67,99,65,34
S01009550,All people in households,515,435,154,281,80,47,33
S01009550,Whole house or bungalow: Total,504,434,153,281,70,40,30
S01009550,Whole house or bungalow: Detached,126,120,61,59,6,1,5
S01009550,Whole house or bungalow: Semi-detached,157,136,42,94,21,20,1
S01009550,Whole house or bungalow: Terraced (including end-terrace),221,178,50,128,43,19,24
S01009550,Flat maisonette or apartment or mobile/temporary accommodation,11,1,1,0,10,7,3
S01009551,All people in households,533,377,118,259,156,42,114
S01009551,Whole house or bungalow: Total,524,374,118,256,150,40,110
S01009551,Whole house or bungalow: Detached,57,48,24,24,9,4,5
S01009551,Whole house or bungalow: Semi-detached,38,26,6,20,12,2,10
S01009551,Whole house or bungalow: Terraced (including end-terrace),429,300,88,212,129,34,95
S01009551,Flat maisonette or apartment or mobile/temporary accommodation,9,3,0,3,6,2,4
S01009552,All people in households,862,610,238,372,252,190,62
S01009552,Whole house or bungalow: Total,815,605,237,368,210,161,49
S01009552,Whole house or bungalow: Detached,356,326,147,179,30,10,20
S01009552,Whole house or bungalow: Semi-detached,257,167,68,99,90,73,17
S01009552,Whole house or bungalow: Terraced (including end-terrace),202,112,22,90,90,78,12
S01009552,Flat maisonette or apartment or mobile/temporary accommodation,47,5,1,4,42,29,13
S01009553,All people in households,852,400,146,254,452,383,69
S01009553,Whole house or bungalow: Total,457,302,110,192,155,113,42
S01009553,Whole house or bungalow: Detached,51,38,4,34,13,7,6
S01009553,Whole house or bungalow: Semi-detached,297,211,79,132,86,58,28
S01009553,Whole house or bungalow: Terraced (including end-terrace),109,53,27,26,56,48,8
S01009553,Flat maisonette or apartment or mobile/temporary accommodation,395,98,36,62,297,270,27
S01009554,All people in households,651,362,151,211,289,215,74
S01009554,Whole house or bungalow: Total,429,316,135,181,113,71,42
S01009554,Whole house or bungalow: Detached,193,170,64,106,23,7,16
S01009554,Whole house or bungalow: Semi-detached,122,97,48,49,25,13,12
S01009554,Whole house or bungalow: Terraced (including end-terrace),114,49,23,26,65,51,14
S01009554,Flat maisonette or apartment or mobile/temporary accommodation,222,46,16,30,176,144,32
S01009555,All people in households,735,517,206,311,218,102,116
S01009555,Whole house or bungalow: Total,522,394,182,212,128,66,62
S01009555,Whole house or bungalow: Detached,189,171,92,79,18,1,17
S01009555,Whole house or bungalow: Semi-detached,180,138,61,77,42,15,27
S01009555,Whole house or bungalow: Terraced (including end-terrace),153,85,29,56,68,50,18
S01009555,Flat maisonette or apartment or mobile/temporary accommodation,213,123,24,99,90,36,54
S01009556,All people in households,767,408,119,289,359,278,81
S01009556,Whole house or bungalow: Total,611,381,110,271,230,176,54
S01009556,Whole house or bungalow: Detached,27,12,1,11,15,11,4
S01009556,Whole house or bungalow: Semi-detached,50,17,1,16,33,30,3
S01009556,Whole house or bungalow: Terraced (including end-terrace),534,352,108,244,182,135,47
S01009556,Flat maisonette or apartment or mobile/temporary accommodation,156,27,9,18,129,102,27
S01009557,All people in households,675,312,111,201,363,249,114
S01009557,Whole house or bungalow: Total,654,312,111,201,342,230,112
S01009557,Whole house or bungalow: Detached,34,22,16,6,12,4,8
S01009557,Whole house or bungalow: Semi-detached,115,43,21,22,72,53,19
S01009557,Whole house or bungalow: Terraced (including end-terrace),505,247,74,173,258,173,85
S01009557,Flat maisonette or apartment or mobile/temporary accommodation,21,0,0,0,21,19,2
S01009558,All people in households,673,319,110,209,354,245,109
S01009558,Whole house or bungalow: Total,646,313,108,205,333,228,105
S01009558,Whole house or bungalow: Detached,38,21,9,12,17,9,8
S01009558,Whole house or bungalow: Semi-detached,92,53,25,28,39,17,22
S01009558,Whole house or bungalow: Terraced (including end-terrace),516,239,74,165,277,202,75
S01009558,Flat maisonette or apartment or mobile/temporary accommodation,27,6,2,4,21,17,4
S01009559,All people in households,857,475,157,318,382,276,106
S01009559,Whole house or bungalow: Total,791,454,153,301,337,243,94
S01009559,Whole house or bungalow: Detached,37,21,8,13,16,15,1
S01009559,Whole house or bungalow: Semi-detached,138,69,16,53,69,61,8
S01009559,Whole house or bungalow: Terraced (including end-terrace),616,364,129,235,252,167,85
S01009559,Flat maisonette or apartment or mobile/temporary accommodation,66,21,4,17,45,33,12
S01009560,All people in households,748,375,130,245,373,219,154
S01009560,Whole house or bungalow: Total,606,339,117,222,267,185,82
S01009560,Whole house or bungalow: Detached,23,9,4,5,14,8,6
S01009560,Whole house or bungalow: Semi-detached,118,43,14,29,75,59,16
S01009560,Whole house or bungalow: Terraced (including end-terrace),465,287,99,188,178,118,60
S01009560,Flat maisonette or apartment or mobile/temporary accommodation,142,36,13,23,106,34,72
S01009561,All people in households,536,275,94,181,261,156,105
S01009561,Whole house or bungalow: Total,479,259,89,170,220,146,74
S01009561,Whole house or bungalow: Detached,25,10,1,9,15,8,7
S01009561,Whole house or bungalow: Semi-detached,100,44,9,35,56,37,19
S01009561,Whole house or bungalow: Terraced (including end-terrace),354,205,79,126,149,101,48
S01009561,Flat maisonette or apartment or mobile/temporary accommodation,57,16,5,11,41,10,31
S01009562,All people in households,715,514,201,313,201,108,93
S01009562,Whole house or bungalow: Total,710,512,201,311,198,106,92
S01009562,Whole house or bungalow: Detached,24,14,8,6,10,2,8
S01009562,Whole house or bungalow: Semi-detached,160,106,34,72,54,33,21
S01009562,Whole house or bungalow: Terraced (including end-terrace),526,392,159,233,134,71,63
S01009562,Flat maisonette or apartment or mobile/temporary accommodation,5,2,0,2,3,2,1
S01009563,All people in households,793,522,222,300,271,129,142
S01009563,Whole house or bungalow: Total,679,454,179,275,225,116,109
S01009563,Whole house or bungalow: Detached,3,2,2,0,1,1,0
S01009563,Whole house or bungalow: Semi-detached,126,76,16,60,50,24,26
S01009563,Whole house or bungalow: Terraced (including end-terrace),550,376,161,215,174,91,83
S01009563,Flat maisonette or apartment or mobile/temporary accommodation,114,68,43,25,46,13,33
S01009564,All people in households,681,525,225,300,156,91,65
S01009564,Whole house or bungalow: Total,638,522,225,297,116,58,58
S01009564,Whole house or bungalow: Detached,64,55,25,30,9,4,5
S01009564,Whole house or bungalow: Semi-detached,329,302,138,164,27,12,15
S01009564,Whole house or bungalow: Terraced (including end-terrace),245,165,62,103,80,42,38
S01009564,Flat maisonette or apartment or mobile/temporary accommodation,43,3,0,3,40,33,7
S01009565,All people in households,588,362,140,222,226,130,96
S01009565,Whole house or bungalow: Total,553,354,136,218,199,107,92
S01009565,Whole house or bungalow: Detached,17,12,5,7,5,4,1
S01009565,Whole house or bungalow: Semi-detached,59,38,11,27,21,7,14
S01009565,Whole house or bungalow: Terraced (including end-terrace),477,304,120,184,173,96,77
S01009565,Flat maisonette or apartment or mobile/temporary accommodation,35,8,4,4,27,23,4
S01009566,All people in households,1070,787,203,584,283,158,125
S01009566,Whole house or bungalow: Total,1045,773,197,576,272,154,118
S01009566,Whole house or bungalow: Detached,205,180,16,164,25,18,7
S01009566,Whole house or bungalow: Semi-detached,71,39,13,26,32,23,9
S01009566,Whole house or bungalow: Terraced (including end-terrace),769,554,168,386,215,113,102
S01009566,Flat maisonette or apartment or mobile/temporary accommodation,25,14,6,8,11,4,7
S01009567,All people in households,882,577,216,361,305,139,166
S01009567,Whole house or bungalow: Total,821,561,210,351,260,138,122
S01009567,Whole house or bungalow: Detached,85,77,42,35,8,0,8
S01009567,Whole house or bungalow: Semi-detached,123,82,44,38,41,34,7
S01009567,Whole house or bungalow: Terraced (including end-terrace),613,402,124,278,211,104,107
S01009567,Flat maisonette or apartment or mobile/temporary accommodation,61,16,6,10,45,1,44
S01009568,All people in households,736,518,163,355,218,145,73
S01009568,Whole house or bungalow: Total,735,517,163,354,218,145,73
S01009568,Whole house or bungalow: Detached,25,17,4,13,8,7,1
S01009568,Whole house or bungalow: Semi-detached,74,52,16,36,22,9,13
S01009568,Whole house or bungalow: Terraced (including end-terrace),636,448,143,305,188,129,59
S01009568,Flat maisonette or apartment or mobile/temporary accommodation,1,1,0,1,0,0,0
S01009569,All people in households,812,579,229,350,233,131,102
S01009569,Whole house or bungalow: Total,800,572,228,344,228,129,99
S01009569,Whole house or bungalow: Detached,33,27,7,20,6,2,4
S01009569,Whole house or bungalow: Semi-detached,104,59,25,34,45,28,17
S01009569,Whole house or bungalow: Terraced (including end-terrace),663,486,196,290,177,99,78
S01009569,Flat maisonette or apartment or mobile/temporary accommodation,12,7,1,6,5,2,3
S01009570,All people in households,559,362,115,247,197,115,82
S01009570,Whole house or bungalow: Total,541,353,113,240,188,110,78
S01009570,Whole house or bungalow: Detached,23,18,8,10,5,1,4
S01009570,Whole house or bungalow: Semi-detached,96,53,21,32,43,24,19
S01009570,Whole house or bungalow: Terraced (including end-terrace),422,282,84,198,140,85,55
S01009570,Flat maisonette or apartment or mobile/temporary accommodation,18,9,2,7,9,5,4
S01009571,All people in households,686,285,90,195,401,262,139
S01009571,Whole house or bungalow: Total,470,234,75,159,236,172,64
S01009571,Whole house or bungalow: Detached,37,25,1,24,12,7,5
S01009571,Whole house or bungalow: Semi-detached,136,57,21,36,79,58,21
S01009571,Whole house or bungalow: Terraced (including end-terrace),297,152,53,99,145,107,38
S01009571,Flat maisonette or apartment or mobile/temporary accommodation,216,51,15,36,165,90,75
S01009572,All people in households,1030,471,155,316,559,375,184
S01009572,Whole house or bungalow: Total,771,425,144,281,346,218,128
S01009572,Whole house or bungalow: Detached,54,34,6,28,20,13,7
S01009572,Whole house or bungalow: Semi-detached,226,128,50,78,98,56,42
S01009572,Whole house or bungalow: Terraced (including end-terrace),491,263,88,175,228,149,79
S01009572,Flat maisonette or apartment or mobile/temporary accommodation,259,46,11,35,213,157,56
S01009573,All people in households,743,360,133,227,383,268,115
S01009573,Whole house or bungalow: Total,618,330,126,204,288,210,78
S01009573,Whole house or bungalow: Detached,33,20,8,12,13,6,7
S01009573,Whole house or bungalow: Semi-detached,264,100,44,56,164,122,42
S01009573,Whole house or bungalow: Terraced (including end-terrace),321,210,74,136,111,82,29
S01009573,Flat maisonette or apartment or mobile/temporary accommodation,125,30,7,23,95,58,37
S01009574,All people in households,970,618,238,380,352,201,151
S01009574,Whole house or bungalow: Total,822,581,218,363,241,140,101
S01009574,Whole house or bungalow: Detached,30,17,2,15,13,7,6
S01009574,Whole house or bungalow: Semi-detached,212,147,65,82,65,46,19
S01009574,Whole house or bungalow: Terraced (including end-terrace),580,417,151,266,163,87,76
S01009574,Flat maisonette or apartment or mobile/temporary accommodation,148,37,20,17,111,61,50
S01009575,All people in households,523,349,106,243,174,128,46
S01009575,Whole house or bungalow: Total,520,348,106,242,172,126,46
S01009575,Whole house or bungalow: Detached,19,15,3,12,4,4,0
S01009575,Whole house or bungalow: Semi-detached,87,38,13,25,49,35,14
S01009575,Whole house or bungalow: Terraced (including end-terrace),414,295,90,205,119,87,32
S01009575,Flat maisonette or apartment or mobile/temporary accommodation,3,1,0,1,2,2,0
S01009576,All people in households,516,468,218,250,48,5,43
S01009576,Whole house or bungalow: Total,475,446,212,234,29,5,24
S01009576,Whole house or bungalow: Detached,413,396,199,197,17,0,17
S01009576,Whole house or bungalow: Semi-detached,31,31,13,18,0,0,0
S01009576,Whole house or bungalow: Terraced (including end-terrace),31,19,0,19,12,5,7
S01009576,Flat maisonette or apartment or mobile/temporary accommodation,41,22,6,16,19,0,19
S01009577,All people in households,660,557,191,366,103,70,33
S01009577,Whole house or bungalow: Total,659,557,191,366,102,70,32
S01009577,Whole house or bungalow: Detached,485,459,172,287,26,5,21
S01009577,Whole house or bungalow: Semi-detached,150,84,15,69,66,59,7
S01009577,Whole house or bungalow: Terraced (including end-terrace),24,14,4,10,10,6,4
S01009577,Flat maisonette or apartment or mobile/temporary accommodation,1,0,0,0,1,0,1
S01009578,All people in households,771,541,148,393,230,114,116
S01009578,Whole house or bungalow: Total,746,532,144,388,214,113,101
S01009578,Whole house or bungalow: Detached,82,67,25,42,15,6,9
S01009578,Whole house or bungalow: Semi-detached,138,97,33,64,41,25,16
S01009578,Whole house or bungalow: Terraced (including end-terrace),526,368,86,282,158,82,76
S01009578,Flat maisonette or apartment or mobile/temporary accommodation,25,9,4,5,16,1,15
S01009579,All people in households,1029,615,169,446,414,369,45
S01009579,Whole house or bungalow: Total,864,591,158,433,273,249,24
S01009579,Whole house or bungalow: Detached,529,415,134,281,114,111,3
S01009579,Whole house or bungalow: Semi-detached,263,136,15,121,127,118,9
S01009579,Whole house or bungalow: Terraced (including end-terrace),72,40,9,31,32,20,12
S01009579,Flat maisonette or apartment or mobile/temporary accommodation,165,24,11,13,141,120,21
S01009580,All people in households,970,879,194,685,91,33,58
S01009580,Whole house or bungalow: Total,895,825,172,653,70,31,39
S01009580,Whole house or bungalow: Detached,407,375,55,320,32,7,25
S01009580,Whole house or bungalow: Semi-detached,358,345,97,248,13,5,8
S01009580,Whole house or bungalow: Terraced (including end-terrace),130,105,20,85,25,19,6
S01009580,Flat maisonette or apartment or mobile/temporary accommodation,75,54,22,32,21,2,19
S01009581,All people in households,553,391,156,235,162,102,60
S01009581,Whole house or bungalow: Total,524,384,155,229,140,93,47
S01009581,Whole house or bungalow: Detached,63,54,43,11,9,0,9
S01009581,Whole house or bungalow: Semi-detached,57,32,7,25,25,22,3
S01009581,Whole house or bungalow: Terraced (including end-terrace),404,298,105,193,106,71,35
S01009581,Flat maisonette or apartment or mobile/temporary accommodation,29,7,1,6,22,9,13
S01009582,All people in households,533,369,108,261,164,83,81
S01009582,Whole house or bungalow: Total,531,367,106,261,164,83,81
S01009582,Whole house or bungalow: Detached,17,13,5,8,4,4,0
S01009582,Whole house or bungalow: Semi-detached,66,45,12,33,21,13,8
S01009582,Whole house or bungalow: Terraced (including end-terrace),448,309,89,220,139,66,73
S01009582,Flat maisonette or apartment or mobile/temporary accommodation,2,2,2,0,0,0,0
S01009583,All people in households,812,510,122,388,302,192,110
S01009583,Whole house or bungalow: Total,775,498,119,379,277,169,108
S01009583,Whole house or bungalow: Detached,32,21,0,21,11,7,4
S01009583,Whole house or bungalow: Semi-detached,58,27,2,25,31,15,16
S01009583,Whole house or bungalow: Terraced (including end-terrace),685,450,117,333,235,147,88
S01009583,Flat maisonette or apartment or mobile/temporary accommodation,37,12,3,9,25,23,2
S01009584,All people in households,537,430,165,265,107,23,84
S01009584,Whole house or bungalow: Total,513,424,164,260,89,16,73
S01009584,Whole house or bungalow: Detached,329,293,102,191,36,4,32
S01009584,Whole house or bungalow: Semi-detached,82,62,34,28,20,6,14
S01009584,Whole house or bungalow: Terraced (including end-terrace),102,69,28,41,33,6,27
S01009584,Flat maisonette or apartment or mobile/temporary accommodation,24,6,1,5,18,7,11
S01009585,All people in households,969,673,186,487,296,185,111
S01009585,Whole house or bungalow: Total,960,673,186,487,287,183,104
S01009585,Whole house or bungalow: Detached,57,34,12,22,23,12,11
S01009585,Whole house or bungalow: Semi-detached,90,40,12,28,50,33,17
S01009585,Whole house or bungalow: Terraced (including end-terrace),813,599,162,437,214,138,76
S01009585,Flat maisonette or apartment or mobile/temporary accommodation,9,0,0,0,9,2,7
S01009586,All people in households,647,460,216,244,187,134,53
S01009586,Whole house or bungalow: Total,615,457,216,241,158,110,48
S01009586,Whole house or bungalow: Detached,186,172,106,66,14,3,11
S01009586,Whole house or bungalow: Semi-detached,63,27,11,16,36,30,6
S01009586,Whole house or bungalow: Terraced (including end-terrace),366,258,99,159,108,77,31
S01009586,Flat maisonette or apartment or mobile/temporary accommodation,32,3,0,3,29,24,5
S01009587,All people in households,684,500,217,283,184,123,61
S01009587,Whole house or bungalow: Total,551,465,211,254,86,60,26
S01009587,Whole house or bungalow: Detached,32,29,7,22,3,3,0
S01009587,Whole house or bungalow: Semi-detached,224,197,98,99,27,20,7
S01009587,Whole house or bungalow: Terraced (including end-terrace),295,239,106,133,56,37,19
S01009587,Flat maisonette or apartment or mobile/temporary accommodation,133,35,6,29,98,63,35
S01009588,All people in households,977,724,271,453,253,183,70
S01009588,Whole house or bungalow: Total,894,706,264,442,188,134,54
S01009588,Whole house or bungalow: Detached,29,24,13,11,5,5,0
S01009588,Whole house or bungalow: Semi-detached,213,165,56,109,48,32,16
S01009588,Whole house or bungalow: Terraced (including end-terrace),652,517,195,322,135,97,38
S01009588,Flat maisonette or apartment or mobile/temporary accommodation,83,18,7,11,65,49,16
S01009589,All people in households,954,660,189,471,294,214,80
S01009589,Whole house or bungalow: Total,921,646,177,469,275,197,78
S01009589,Whole house or bungalow: Detached,36,30,4,26,6,0,6
S01009589,Whole house or bungalow: Semi-detached,280,187,42,145,93,68,25
S01009589,Whole house or bungalow: Terraced (including end-terrace),605,429,131,298,176,129,47
S01009589,Flat maisonette or apartment or mobile/temporary accommodation,33,14,12,2,19,17,2
S01009590,All people in households,718,688,199,489,30,12,18
S01009590,Whole house or bungalow: Total,716,688,199,489,28,11,17
S01009590,Whole house or bungalow: Detached,456,447,137,310,9,0,9
S01009590,Whole house or bungalow: Semi-detached,195,188,51,137,7,3,4
S01009590,Whole house or bungalow: Terraced (including end-terrace),65,53,11,42,12,8,4
S01009590,Flat maisonette or apartment or mobile/temporary accommodation,2,0,0,0,2,1,1
S01009591,All people in households,643,580,234,346,63,8,55
S01009591,Whole house or bungalow: Total,571,545,224,321,26,2,24
S01009591,Whole house or bungalow: Detached,337,326,143,183,11,0,11
S01009591,Whole house or bungalow: Semi-detached,225,214,81,133,11,1,10
S01009591,Whole house or bungalow: Terraced (including end-terrace),9,5,0,5,4,1,3
S01009591,Flat maisonette or apartment or mobile/temporary accommodation,72,35,10,25,37,6,31
S01009592,All people in households,554,513,237,276,41,14,27
S01009592,Whole house or bungalow: Total,550,510,237,273,40,13,27
S01009592,Whole house or bungalow: Detached,456,435,206,229,21,0,21
S01009592,Whole house or bungalow: Semi-detached,72,69,31,38,3,0,3
S01009592,Whole house or bungalow: Terraced (including end-terrace),22,6,0,6,16,13,3
S01009592,Flat maisonette or apartment or mobile/temporary accommodation,4,3,0,3,1,1,0
S01009593,All people in households,592,542,165,377,50,18,32
S01009593,Whole house or bungalow: Total,577,533,165,368,44,14,30
S01009593,Whole house or bungalow: Detached,536,501,153,348,35,8,27
S01009593,Whole house or bungalow: Semi-detached,38,31,11,20,7,4,3
S01009593,Whole house or bungalow: Terraced (including end-terrace),3,1,1,0,2,2,0
S01009593,Flat maisonette or apartment or mobile/temporary accommodation,15,9,0,9,6,4,2
S01009594,All people in households,675,648,166,482,27,4,23
S01009594,Whole house or bungalow: Total,661,637,164,473,24,4,20
S01009594,Whole house or bungalow: Detached,447,440,118,322,7,0,7
S01009594,Whole house or bungalow: Semi-detached,210,194,45,149,16,3,13
S01009594,Whole house or bungalow: Terraced (including end-terrace),4,3,1,2,1,1,0
S01009594,Flat maisonette or apartment or mobile/temporary accommodation,14,11,2,9,3,0,3
S01009595,All people in households,514,462,91,371,52,25,27
S01009595,Whole house or bungalow: Total,506,458,87,371,48,22,26
S01009595,Whole house or bungalow: Detached,459,435,80,355,24,2,22
S01009595,Whole house or bungalow: Semi-detached,34,18,5,13,16,12,4
S01009595,Whole house or bungalow: Terraced (including end-terrace),13,5,2,3,8,8,0
S01009595,Flat maisonette or apartment or mobile/temporary accommodation,8,4,4,0,4,3,1
S01009596,All people in households,783,452,110,342,331,252,79
S01009596,Whole house or bungalow: Total,755,446,108,338,309,234,75
S01009596,Whole house or bungalow: Detached,34,16,9,7,18,13,5
S01009596,Whole house or bungalow: Semi-detached,175,82,22,60,93,77,16
S01009596,Whole house or bungalow: Terraced (including end-terrace),546,348,77,271,198,144,54
S01009596,Flat maisonette or apartment or mobile/temporary accommodation,28,6,2,4,22,18,4
S01009597,All people in households,875,343,52,291,532,430,102
S01009597,Whole house or bungalow: Total,848,343,52,291,505,420,85
S01009597,Whole house or bungalow: Detached,39,26,8,18,13,9,4
S01009597,Whole house or bungalow: Semi-detached,117,35,2,33,82,72,10
S01009597,Whole house or bungalow: Terraced (including end-terrace),692,282,42,240,410,339,71
S01009597,Flat maisonette or apartment or mobile/temporary accommodation,27,0,0,0,27,10,17
S01009598,All people in households,664,163,43,120,501,482,19
S01009598,Whole house or bungalow: Total,587,162,42,120,425,407,18
S01009598,Whole house or bungalow: Detached,71,56,24,32,15,14,1
S01009598,Whole house or bungalow: Semi-detached,233,44,12,32,189,185,4
S01009598,Whole house or bungalow: Terraced (including end-terrace),283,62,6,56,221,208,13
S01009598,Flat maisonette or apartment or mobile/temporary accommodation,77,1,1,0,76,75,1
S01009599,All people in households,888,560,131,429,328,231,97
S01009599,Whole house or bungalow: Total,841,544,128,416,297,215,82
S01009599,Whole house or bungalow: Detached,60,52,23,29,8,7,1
S01009599,Whole house or bungalow: Semi-detached,91,32,6,26,59,44,15
S01009599,Whole house or bungalow: Terraced (including end-terrace),690,460,99,361,230,164,66
S01009599,Flat maisonette or apartment or mobile/temporary accommodation,47,16,3,13,31,16,15
S01009600,All people in households,634,218,37,181,416,345,71
S01009600,Whole house or bungalow: Total,513,207,35,172,306,247,59
S01009600,Whole house or bungalow: Detached,35,20,6,14,15,13,2
S01009600,Whole house or bungalow: Semi-detached,92,21,8,13,71,56,15
S01009600,Whole house or bungalow: Terraced (including end-terrace),386,166,21,145,220,178,42
S01009600,Flat maisonette or apartment or mobile/temporary accommodation,121,11,2,9,110,98,12
S01009601,All people in households,672,364,87,277,308,198,110
S01009601,Whole house or bungalow: Total,590,330,77,253,260,190,70
S01009601,Whole house or bungalow: Detached,31,13,8,5,18,4,14
S01009601,Whole house or bungalow: Semi-detached,121,69,17,52,52,40,12
S01009601,Whole house or bungalow: Terraced (including end-terrace),438,248,52,196,190,146,44
S01009601,Flat maisonette or apartment or mobile/temporary accommodation,82,34,10,24,48,8,40
S01009602,All people in households,770,712,140,572,58,23,35
S01009602,Whole house or bungalow: Total,763,709,139,570,54,21,33
S01009602,Whole house or bungalow: Detached,495,471,94,377,24,0,24
S01009602,Whole house or bungalow: Semi-detached,234,215,40,175,19,10,9
S01009602,Whole house or bungalow: Terraced (including end-terrace),34,23,5,18,11,11,0
S01009602,Flat maisonette or apartment or mobile/temporary accommodation,7,3,1,2,4,2,2
S01009603,All people in households,560,448,146,302,112,87,25
S01009603,Whole house or bungalow: Total,535,446,146,300,89,64,25
S01009603,Whole house or bungalow: Detached,423,408,138,270,15,5,10
S01009603,Whole house or bungalow: Semi-detached,44,14,0,14,30,25,5
S01009603,Whole house or bungalow: Terraced (including end-terrace),68,24,8,16,44,34,10
S01009603,Flat maisonette or apartment or mobile/temporary accommodation,25,2,0,2,23,23,0
S01009604,All people in households,857,584,115,469,273,183,90
S01009604,Whole house or bungalow: Total,841,583,115,468,258,169,89
S01009604,Whole house or bungalow: Detached,253,212,29,183,41,4,37
S01009604,Whole house or bungalow: Semi-detached,249,183,51,132,66,51,15
S01009604,Whole house or bungalow: Terraced (including end-terrace),339,188,35,153,151,114,37
S01009604,Flat maisonette or apartment or mobile/temporary accommodation,16,1,0,1,15,14,1
S01009605,All people in households,765,341,111,230,424,380,44
S01009605,Whole house or bungalow: Total,676,341,111,230,335,298,37
S01009605,Whole house or bungalow: Detached,212,194,74,120,18,1,17
S01009605,Whole house or bungalow: Semi-detached,233,83,22,61,150,145,5
S01009605,Whole house or bungalow: Terraced (including end-terrace),231,64,15,49,167,152,15
S01009605,Flat maisonette or apartment or mobile/temporary accommodation,89,0,0,0,89,82,7
S01009606,All people in households,545,492,90,402,53,18,35
S01009606,Whole house or bungalow: Total,531,492,90,402,39,10,29
S01009606,Whole house or bungalow: Detached,443,427,72,355,16,0,16
S01009606,Whole house or bungalow: Semi-detached,34,24,4,20,10,5,5
S01009606,Whole house or bungalow: Terraced (including end-terrace),54,41,14,27,13,5,8
S01009606,Flat maisonette or apartment or mobile/temporary accommodation,14,0,0,0,14,8,6
S01009607,All people in households,528,478,187,291,50,18,32
S01009607,Whole house or bungalow: Total,505,475,187,288,30,6,24
S01009607,Whole house or bungalow: Detached,350,328,122,206,22,2,20
S01009607,Whole house or bungalow: Semi-detached,114,114,61,53,0,0,0
S01009607,Whole house or bungalow: Terraced (including end-terrace),41,33,4,29,8,4,4
S01009607,Flat maisonette or apartment or mobile/temporary accommodation,23,3,0,3,20,12,8
S01009608,All people in households,606,419,134,285,187,133,54
S01009608,Whole house or bungalow: Total,387,326,99,227,61,36,25
S01009608,Whole house or bungalow: Detached,88,76,25,51,12,4,8
S01009608,Whole house or bungalow: Semi-detached,205,181,45,136,24,12,12
S01009608,Whole house or bungalow: Terraced (including end-terrace),94,69,29,40,25,20,5
S01009608,Flat maisonette or apartment or mobile/temporary accommodation,219,93,35,58,126,97,29
S01009609,All people in households,808,648,218,430,160,72,88
S01009609,Whole house or bungalow: Total,660,554,198,356,106,58,48
S01009609,Whole house or bungalow: Detached,282,256,97,159,26,9,17
S01009609,Whole house or bungalow: Semi-detached,242,195,57,138,47,23,24
S01009609,Whole house or bungalow: Terraced (including end-terrace),136,103,44,59,33,26,7
S01009609,Flat maisonette or apartment or mobile/temporary accommodation,148,94,20,74,54,14,40
S01009610,All people in households,982,721,306,415,261,152,109
S01009610,Whole house or bungalow: Total,710,591,261,330,119,65,54
S01009610,Whole house or bungalow: Detached,292,279,131,148,13,2,11
S01009610,Whole house or bungalow: Semi-detached,248,203,94,109,45,28,17
S01009610,Whole house or bungalow: Terraced (including end-terrace),170,109,36,73,61,35,26
S01009610,Flat maisonette or apartment or mobile/temporary accommodation,272,130,45,85,142,87,55
S01009611,All people in households,520,403,199,204,117,12,105
S01009611,Whole house or bungalow: Total,513,400,198,202,113,12,101
S01009611,Whole house or bungalow: Detached,371,302,177,125,69,0,69
S01009611,Whole house or bungalow: Semi-detached,99,61,21,40,38,7,31
S01009611,Whole house or bungalow: Terraced (including end-terrace),43,37,0,37,6,5,1
S01009611,Flat maisonette or apartment or mobile/temporary accommodation,7,3,1,2,4,0,4
S01009612,All people in households,597,421,156,265,176,142,34
S01009612,Whole house or bungalow: Total,464,382,147,235,82,67,15
S01009612,Whole house or bungalow: Detached,118,118,49,69,0,0,0
S01009612,Whole house or bungalow: Semi-detached,153,118,56,62,35,28,7
S01009612,Whole house or bungalow: Terraced (including end-terrace),193,146,42,104,47,39,8
S01009612,Flat maisonette or apartment or mobile/temporary accommodation,133,39,9,30,94,75,19
S01009613,All people in households,462,419,161,258,43,8,35
S01009613,Whole house or bungalow: Total,442,404,157,247,38,8,30
S01009613,Whole house or bungalow: Detached,261,250,94,156,11,0,11
S01009613,Whole house or bungalow: Semi-detached,106,97,41,56,9,0,9
S01009613,Whole house or bungalow: Terraced (including end-terrace),75,57,22,35,18,8,10
S01009613,Flat maisonette or apartment or mobile/temporary accommodation,20,15,4,11,5,0,5
S01009614,All people in households,506,385,178,207,121,23,98
S01009614,Whole house or bungalow: Total,444,347,158,189,97,10,87
S01009614,Whole house or bungalow: Detached,269,222,102,120,47,0,47
S01009614,Whole house or bungalow: Semi-detached,80,44,27,17,36,5,31
S01009614,Whole house or bungalow: Terraced (including end-terrace),95,81,29,52,14,5,9
S01009614,Flat maisonette or apartment or mobile/temporary accommodation,62,38,20,18,24,13,11
S01009615,All people in households,398,345,163,182,53,39,14
S01009615,Whole house or bungalow: Total,352,315,153,162,37,23,14
S01009615,Whole house or bungalow: Detached,187,180,95,85,7,3,4
S01009615,Whole house or bungalow: Semi-detached,107,90,42,48,17,12,5
S01009615,Whole house or bungalow: Terraced (including end-terrace),58,45,16,29,13,8,5
S01009615,Flat maisonette or apartment or mobile/temporary accommodation,46,30,10,20,16,16,0
S01009616,All people in households,725,530,187,343,195,130,65
S01009616,Whole house or bungalow: Total,555,441,149,292,114,90,24
S01009616,Whole house or bungalow: Detached,229,206,64,142,23,14,9
S01009616,Whole house or bungalow: Semi-detached,252,189,66,123,63,57,6
S01009616,Whole house or bungalow: Terraced (including end-terrace),74,46,19,27,28,19,9
S01009616,Flat maisonette or apartment or mobile/temporary accommodation,170,89,38,51,81,40,41
S01009617,All people in households,724,666,216,450,58,12,46
S01009617,Whole house or bungalow: Total,645,609,198,411,36,7,29
S01009617,Whole house or bungalow: Detached,449,437,134,303,12,0,12
S01009617,Whole house or bungalow: Semi-detached,150,136,57,79,14,4,10
S01009617,Whole house or bungalow: Terraced (including end-terrace),46,36,7,29,10,3,7
S01009617,Flat maisonette or apartment or mobile/temporary accommodation,79,57,18,39,22,5,17
S01009618,All people in households,682,420,145,275,262,156,106
S01009618,Whole house or bungalow: Total,424,284,113,171,140,77,63
S01009618,Whole house or bungalow: Detached,76,55,30,25,21,10,11
S01009618,Whole house or bungalow: Semi-detached,200,147,40,107,53,44,9
S01009618,Whole house or bungalow: Terraced (including end-terrace),148,82,43,39,66,23,43
S01009618,Flat maisonette or apartment or mobile/temporary accommodation,258,136,32,104,122,79,43
S01009619,All people in households,609,369,145,224,240,179,61
S01009619,Whole house or bungalow: Total,373,273,94,179,100,80,20
S01009619,Whole house or bungalow: Detached,48,41,10,31,7,5,2
S01009619,Whole house or bungalow: Semi-detached,220,176,62,114,44,28,16
S01009619,Whole house or bungalow: Terraced (including end-terrace),105,56,22,34,49,47,2
S01009619,Flat maisonette or apartment or mobile/temporary accommodation,236,96,51,45,140,99,41
S01009620,All people in households,797,391,167,224,406,324,82
S01009620,Whole house or bungalow: Total,438,248,114,134,190,164,26
S01009620,Whole house or bungalow: Detached,28,16,12,4,12,10,2
S01009620,Whole house or bungalow: Semi-detached,370,210,90,120,160,140,20
S01009620,Whole house or bungalow: Terraced (including end-terrace),40,22,12,10,18,14,4
S01009620,Flat maisonette or apartment or mobile/temporary accommodation,359,143,53,90,216,160,56
S01009621,All people in households,768,468,201,267,300,189,111
S01009621,Whole house or bungalow: Total,556,378,163,215,178,120,58
S01009621,Whole house or bungalow: Detached,108,72,30,42,36,12,24
S01009621,Whole house or bungalow: Semi-detached,296,227,106,121,69,56,13
S01009621,Whole house or bungalow: Terraced (including end-terrace),152,79,27,52,73,52,21
S01009621,Flat maisonette or apartment or mobile/temporary accommodation,212,90,38,52,122,69,53
S01009622,All people in households,729,263,118,145,466,384,82
S01009622,Whole house or bungalow: Total,236,138,56,82,98,83,15
S01009622,Whole house or bungalow: Detached,43,35,16,19,8,4,4
S01009622,Whole house or bungalow: Semi-detached,129,76,29,47,53,49,4
S01009622,Whole house or bungalow: Terraced (including end-terrace),64,27,11,16,37,30,7
S01009622,Flat maisonette or apartment or mobile/temporary accommodation,493,125,62,63,368,301,67
S01009623,All people in households,495,290,127,163,205,154,51
S01009623,Whole house or bungalow: Total,323,219,92,127,104,62,42
S01009623,Whole house or bungalow: Detached,25,21,14,7,4,4,0
S01009623,Whole house or bungalow: Semi-detached,188,140,49,91,48,30,18
S01009623,Whole house or bungalow: Terraced (including end-terrace),110,58,29,29,52,28,24
S01009623,Flat maisonette or apartment or mobile/temporary accommodation,172,71,35,36,101,92,9
S01009624,All people in households,876,523,211,312,353,294,59
S01009624,Whole house or bungalow: Total,785,488,195,293,297,243,54
S01009624,Whole house or bungalow: Detached,57,28,9,19,29,29,0
S01009624,Whole house or bungalow: Semi-detached,318,187,63,124,131,98,33
S01009624,Whole house or bungalow: Terraced (including end-terrace),410,273,123,150,137,116,21
S01009624,Flat maisonette or apartment or mobile/temporary accommodation,91,35,16,19,56,51,5
S01009625,All people in households,868,481,149,332,387,305,82
S01009625,Whole house or bungalow: Total,840,471,144,327,369,292,77
S01009625,Whole house or bungalow: Detached,26,14,3,11,12,6,6
S01009625,Whole house or bungalow: Semi-detached,380,189,64,125,191,152,39
S01009625,Whole house or bungalow: Terraced (including end-terrace),434,268,77,191,166,134,32
S01009625,Flat maisonette or apartment or mobile/temporary accommodation,28,10,5,5,18,13,5
S01009626,All people in households,601,233,119,114,368,345,23
S01009626,Whole house or bungalow: Total,496,213,111,102,283,261,22
S01009626,Whole house or bungalow: Detached,43,27,4,23,16,16,0
S01009626,Whole house or bungalow: Semi-detached,364,154,92,62,210,190,20
S01009626,Whole house or bungalow: Terraced (including end-terrace),89,32,15,17,57,55,2
S01009626,Flat maisonette or apartment or mobile/temporary accommodation,105,20,8,12,85,84,1
S01009627,All people in households,825,497,195,302,328,287,41
S01009627,Whole house or bungalow: Total,615,402,142,260,213,179,34
S01009627,Whole house or bungalow: Detached,44,35,13,22,9,7,2
S01009627,Whole house or bungalow: Semi-detached,412,271,102,169,141,118,23
S01009627,Whole house or bungalow: Terraced (including end-terrace),159,96,27,69,63,54,9
S01009627,Flat maisonette or apartment or mobile/temporary accommodation,210,95,53,42,115,108,7
S01009628,All people in households,495,246,114,132,249,223,26
S01009628,Whole house or bungalow: Total,456,230,106,124,226,206,20
S01009628,Whole house or bungalow: Detached,126,38,25,13,88,88,0
S01009628,Whole house or bungalow: Semi-detached,153,62,30,32,91,80,11
S01009628,Whole house or bungalow: Terraced (including end-terrace),177,130,51,79,47,38,9
S01009628,Flat maisonette or apartment or mobile/temporary accommodation,39,16,8,8,23,17,6
S01009629,All people in households,1082,649,219,430,433,325,108
S01009629,Whole house or bungalow: Total,863,641,212,429,222,120,102
S01009629,Whole house or bungalow: Detached,56,49,23,26,7,1,6
S01009629,Whole house or bungalow: Semi-detached,484,348,98,250,136,69,67
S01009629,Whole house or bungalow: Terraced (including end-terrace),323,244,91,153,79,50,29
S01009629,Flat maisonette or apartment or mobile/temporary accommodation,219,8,7,1,211,205,6
S01009630,All people in households,811,350,129,221,461,385,76
S01009630,Whole house or bungalow: Total,686,332,126,206,354,286,68
S01009630,Whole house or bungalow: Detached,28,14,3,11,14,14,0
S01009630,Whole house or bungalow: Semi-detached,388,218,84,134,170,124,46
S01009630,Whole house or bungalow: Terraced (including end-terrace),270,100,39,61,170,148,22
S01009630,Flat maisonette or apartment or mobile/temporary accommodation,125,18,3,15,107,99,8
S01009631,All people in households,677,223,89,134,454,330,124
S01009631,Whole house or bungalow: Total,329,192,71,121,137,99,38
S01009631,Whole house or bungalow: Detached,37,16,9,7,21,21,0
S01009631,Whole house or bungalow: Semi-detached,78,45,14,31,33,23,10
S01009631,Whole house or bungalow: Terraced (including end-terrace),214,131,48,83,83,55,28
S01009631,Flat maisonette or apartment or mobile/temporary accommodation,348,31,18,13,317,231,86
S01009632,All people in households,558,190,77,113,368,275,93
S01009632,Whole house or bungalow: Total,166,88,28,60,78,71,7
S01009632,Whole house or bungalow: Detached,44,32,11,21,12,12,0
S01009632,Whole house or bungalow: Semi-detached,94,36,13,23,58,53,5
S01009632,Whole house or bungalow: Terraced (including end-terrace),28,20,4,16,8,6,2
S01009632,Flat maisonette or apartment or mobile/temporary accommodation,392,102,49,53,290,204,86
S01009633,All people in households,755,266,98,168,489,418,71
S01009633,Whole house or bungalow: Total,176,126,58,68,50,36,14
S01009633,Whole house or bungalow: Detached,48,41,15,26,7,6,1
S01009633,Whole house or bungalow: Semi-detached,96,70,38,32,26,17,9
S01009633,Whole house or bungalow: Terraced (including end-terrace),32,15,5,10,17,13,4
S01009633,Flat maisonette or apartment or mobile/temporary accommodation,579,140,40,100,439,382,57
S01009634,All people in households,485,247,127,120,238,210,28
S01009634,Whole house or bungalow: Total,326,189,103,86,137,119,18
S01009634,Whole house or bungalow: Detached,18,10,6,4,8,8,0
S01009634,Whole house or bungalow: Semi-detached,148,78,44,34,70,65,5
S01009634,Whole house or bungalow: Terraced (including end-terrace),160,101,53,48,59,46,13
S01009634,Flat maisonette or apartment or mobile/temporary accommodation,159,58,24,34,101,91,10
S01009635,All people in households,842,556,215,341,286,209,77
S01009635,Whole house or bungalow: Total,646,501,193,308,145,100,45
S01009635,Whole house or bungalow: Detached,46,40,15,25,6,6,0
S01009635,Whole house or bungalow: Semi-detached,194,154,70,84,40,31,9
S01009635,Whole house or bungalow: Terraced (including end-terrace),406,307,108,199,99,63,36
S01009635,Flat maisonette or apartment or mobile/temporary accommodation,196,55,22,33,141,109,32
S01009636,All people in households,904,379,156,223,525,299,226
S01009636,Whole house or bungalow: Total,199,135,67,68,64,32,32
S01009636,Whole house or bungalow: Detached,39,30,15,15,9,3,6
S01009636,Whole house or bungalow: Semi-detached,97,65,31,34,32,13,19
S01009636,Whole house or bungalow: Terraced (including end-terrace),63,40,21,19,23,16,7
S01009636,Flat maisonette or apartment or mobile/temporary accommodation,705,244,89,155,461,267,194
S01009637,All people in households,705,451,141,310,254,178,76
S01009637,Whole house or bungalow: Total,429,353,107,246,76,42,34
S01009637,Whole house or bungalow: Detached,69,62,19,43,7,0,7
S01009637,Whole house or bungalow: Semi-detached,263,216,66,150,47,32,15
S01009637,Whole house or bungalow: Terraced (including end-terrace),97,75,22,53,22,10,12
S01009637,Flat maisonette or apartment or mobile/temporary accommodation,276,98,34,64,178,136,42
S01009638,All people in households,781,288,105,183,493,404,89
S01009638,Whole house or bungalow: Total,339,212,83,129,127,74,53
S01009638,Whole house or bungalow: Detached,73,58,37,21,15,5,10
S01009638,Whole house or bungalow: Semi-detached,219,139,41,98,80,54,26
S01009638,Whole house or bungalow: Terraced (including end-terrace),47,15,5,10,32,15,17
S01009638,Flat maisonette or apartment or mobile/temporary accommodation,442,76,22,54,366,330,36
S01009639,All people in households,755,679,344,335,76,29,47
S01009639,Whole house or bungalow: Total,647,588,288,300,59,23,36
S01009639,Whole house or bungalow: Detached,237,216,128,88,21,3,18
S01009639,Whole house or bungalow: Semi-detached,355,325,133,192,30,18,12
S01009639,Whole house or bungalow: Terraced (including end-terrace),55,47,27,20,8,2,6
S01009639,Flat maisonette or apartment or mobile/temporary accommodation,108,91,56,35,17,6,11
S01009640,All people in households,586,282,133,149,304,221,83
S01009640,Whole house or bungalow: Total,241,188,95,93,53,33,20
S01009640,Whole house or bungalow: Detached,17,14,4,10,3,3,0
S01009640,Whole house or bungalow: Semi-detached,211,168,89,79,43,27,16
S01009640,Whole house or bungalow: Terraced (including end-terrace),13,6,2,4,7,3,4
S01009640,Flat maisonette or apartment or mobile/temporary accommodation,345,94,38,56,251,188,63
S01009641,All people in households,770,410,201,209,360,223,137
S01009641,Whole house or bungalow: Total,371,248,130,118,123,88,35
S01009641,Whole house or bungalow: Detached,68,60,28,32,8,4,4
S01009641,Whole house or bungalow: Semi-detached,169,94,44,50,75,61,14
S01009641,Whole house or bungalow: Terraced (including end-terrace),134,94,58,36,40,23,17
S01009641,Flat maisonette or apartment or mobile/temporary accommodation,399,162,71,91,237,135,102
S01009642,All people in households,910,601,213,388,309,137,172
S01009642,Whole house or bungalow: Total,430,348,123,225,82,19,63
S01009642,Whole house or bungalow: Detached,105,91,35,56,14,0,14
S01009642,Whole house or bungalow: Semi-detached,198,166,61,105,32,7,25
S01009642,Whole house or bungalow: Terraced (including end-terrace),127,91,27,64,36,12,24
S01009642,Flat maisonette or apartment or mobile/temporary accommodation,480,253,90,163,227,118,109
S01009643,All people in households,584,492,70,422,92,71,21
S01009643,Whole house or bungalow: Total,531,465,68,397,66,53,13
S01009643,Whole house or bungalow: Detached,299,297,56,241,2,0,2
S01009643,Whole house or bungalow: Semi-detached,203,158,12,146,45,34,11
S01009643,Whole house or bungalow: Terraced (including end-terrace),29,10,0,10,19,19,0
S01009643,Flat maisonette or apartment or mobile/temporary accommodation,53,27,2,25,26,18,8
S01009644,All people in households,815,551,189,362,264,219,45
S01009644,Whole house or bungalow: Total,734,526,182,344,208,172,36
S01009644,Whole house or bungalow: Detached,221,209,54,155,12,2,10
S01009644,Whole house or bungalow: Semi-detached,176,124,42,82,52,50,2
S01009644,Whole house or bungalow: Terraced (including end-terrace),337,193,86,107,144,120,24
S01009644,Flat maisonette or apartment or mobile/temporary accommodation,81,25,7,18,56,47,9
S01009645,All people in households,649,408,157,251,241,180,61
S01009645,Whole house or bungalow: Total,414,285,114,171,129,98,31
S01009645,Whole house or bungalow: Detached,50,45,23,22,5,2,3
S01009645,Whole house or bungalow: Semi-detached,274,190,75,115,84,68,16
S01009645,Whole house or bungalow: Terraced (including end-terrace),90,50,16,34,40,28,12
S01009645,Flat maisonette or apartment or mobile/temporary accommodation,235,123,43,80,112,82,30
S01009646,All people in households,592,393,146,247,199,179,20
S01009646,Whole house or bungalow: Total,487,326,121,205,161,146,15
S01009646,Whole house or bungalow: Detached,35,35,8,27,0,0,0
S01009646,Whole house or bungalow: Semi-detached,287,186,79,107,101,92,9
S01009646,Whole house or bungalow: Terraced (including end-terrace),165,105,34,71,60,54,6
S01009646,Flat maisonette or apartment or mobile/temporary accommodation,105,67,25,42,38,33,5
S01009647,All people in households,562,288,156,132,274,227,47
S01009647,Whole house or bungalow: Total,212,160,96,64,52,33,19
S01009647,Whole house or bungalow: Detached,59,46,23,23,13,9,4
S01009647,Whole house or bungalow: Semi-detached,116,87,58,29,29,19,10
S01009647,Whole house or bungalow: Terraced (including end-terrace),37,27,15,12,10,5,5
S01009647,Flat maisonette or apartment or mobile/temporary accommodation,350,128,60,68,222,194,28
S01009648,All people in households,872,579,213,366,293,235,58
S01009648,Whole house or bungalow: Total,781,537,209,328,244,193,51
S01009648,Whole house or bungalow: Detached,60,44,16,28,16,7,9
S01009648,Whole house or bungalow: Semi-detached,466,308,120,188,158,127,31
S01009648,Whole house or bungalow: Terraced (including end-terrace),255,185,73,112,70,59,11
S01009648,Flat maisonette or apartment or mobile/temporary accommodation,91,42,4,38,49,42,7
S01009649,All people in households,1037,684,236,448,353,312,41
S01009649,Whole house or bungalow: Total,795,589,202,387,206,178,28
S01009649,Whole house or bungalow: Detached,376,359,103,256,17,0,17
S01009649,Whole house or bungalow: Semi-detached,228,159,82,77,69,61,8
S01009649,Whole house or bungalow: Terraced (including end-terrace),191,71,17,54,120,117,3
S01009649,Flat maisonette or apartment or mobile/temporary accommodation,242,95,34,61,147,134,13
S01009650,All people in households,755,720,398,322,35,13,22
S01009650,Whole house or bungalow: Total,726,704,395,309,22,3,19
S01009650,Whole house or bungalow: Detached,474,466,281,185,8,0,8
S01009650,Whole house or bungalow: Semi-detached,235,224,113,111,11,2,9
S01009650,Whole house or bungalow: Terraced (including end-terrace),17,14,1,13,3,1,2
S01009650,Flat maisonette or apartment or mobile/temporary accommodation,29,16,3,13,13,10,3
S01009651,All people in households,913,666,362,304,247,98,149
S01009651,Whole house or bungalow: Total,847,633,349,284,214,87,127
S01009651,Whole house or bungalow: Detached,482,401,243,158,81,1,80
S01009651,Whole house or bungalow: Semi-detached,233,146,71,75,87,52,35
S01009651,Whole house or bungalow: Terraced (including end-terrace),132,86,35,51,46,34,12
S01009651,Flat maisonette or apartment or mobile/temporary accommodation,66,33,13,20,33,11,22
S01009652,All people in households,760,679,397,282,81,14,67
S01009652,Whole house or bungalow: Total,605,559,326,233,46,8,38
S01009652,Whole house or bungalow: Detached,233,215,132,83,18,0,18
S01009652,Whole house or bungalow: Semi-detached,257,246,128,118,11,4,7
S01009652,Whole house or bungalow: Terraced (including end-terrace),115,98,66,32,17,4,13
S01009652,Flat maisonette or apartment or mobile/temporary accommodation,155,120,71,49,35,6,29
S01009653,All people in households,530,496,212,284,34,15,19
S01009653,Whole house or bungalow: Total,504,477,207,270,27,14,13
S01009653,Whole house or bungalow: Detached,349,340,155,185,9,0,9
S01009653,Whole house or bungalow: Semi-detached,134,122,48,74,12,8,4
S01009653,Whole house or bungalow: Terraced (including end-terrace),21,15,4,11,6,6,0
S01009653,Flat maisonette or apartment or mobile/temporary accommodation,26,19,5,14,7,1,6
S01009654,All people in households,583,452,232,220,131,69,62
S01009654,Whole house or bungalow: Total,476,385,192,193,91,63,28
S01009654,Whole house or bungalow: Detached,142,137,81,56,5,0,5
S01009654,Whole house or bungalow: Semi-detached,193,146,74,72,47,42,5
S01009654,Whole house or bungalow: Terraced (including end-terrace),141,102,37,65,39,21,18
S01009654,Flat maisonette or apartment or mobile/temporary accommodation,107,67,40,27,40,6,34
S01009655,All people in households,846,460,178,282,386,345,41
S01009655,Whole house or bungalow: Total,837,458,176,282,379,338,41
S01009655,Whole house or bungalow: Detached,27,14,8,6,13,10,3
S01009655,Whole house or bungalow: Semi-detached,555,332,129,203,223,192,31
S01009655,Whole house or bungalow: Terraced (including end-terrace),255,112,39,73,143,136,7
S01009655,Flat maisonette or apartment or mobile/temporary accommodation,9,2,2,0,7,7,0
S01009656,All people in households,728,342,161,181,386,319,67
S01009656,Whole house or bungalow: Total,549,296,143,153,253,211,42
S01009656,Whole house or bungalow: Detached,68,57,32,25,11,10,1
S01009656,Whole house or bungalow: Semi-detached,367,203,101,102,164,139,25
S01009656,Whole house or bungalow: Terraced (including end-terrace),114,36,10,26,78,62,16
S01009656,Flat maisonette or apartment or mobile/temporary accommodation,179,46,18,28,133,108,25
S01009657,All people in households,763,566,223,343,197,164,33
S01009657,Whole house or bungalow: Total,650,541,211,330,109,81,28
S01009657,Whole house or bungalow: Detached,264,255,104,151,9,0,9
S01009657,Whole house or bungalow: Semi-detached,307,241,99,142,66,52,14
S01009657,Whole house or bungalow: Terraced (including end-terrace),79,45,8,37,34,29,5
S01009657,Flat maisonette or apartment or mobile/temporary accommodation,113,25,12,13,88,83,5
S01009658,All people in households,738,442,132,310,296,251,45
S01009658,Whole house or bungalow: Total,710,424,128,296,286,246,40
S01009658,Whole house or bungalow: Detached,74,60,22,38,14,7,7
S01009658,Whole house or bungalow: Semi-detached,174,109,37,72,65,54,11
S01009658,Whole house or bungalow: Terraced (including end-terrace),462,255,69,186,207,185,22
S01009658,Flat maisonette or apartment or mobile/temporary accommodation,28,18,4,14,10,5,5
S01009659,All people in households,480,341,114,227,139,117,22
S01009659,Whole house or bungalow: Total,393,323,103,220,70,57,13
S01009659,Whole house or bungalow: Detached,135,130,49,81,5,5,0
S01009659,Whole house or bungalow: Semi-detached,161,138,39,99,23,17,6
S01009659,Whole house or bungalow: Terraced (including end-terrace),97,55,15,40,42,35,7
S01009659,Flat maisonette or apartment or mobile/temporary accommodation,87,18,11,7,69,60,9
S01009660,All people in households,1085,670,201,469,415,363,52
S01009660,Whole house or bungalow: Total,1061,670,201,469,391,339,52
S01009660,Whole house or bungalow: Detached,417,380,100,280,37,18,19
S01009660,Whole house or bungalow: Semi-detached,263,131,44,87,132,126,6
S01009660,Whole house or bungalow: Terraced (including end-terrace),381,159,57,102,222,195,27
S01009660,Flat maisonette or apartment or mobile/temporary accommodation,24,0,0,0,24,24,0
S01009661,All people in households,774,648,317,331,126,9,117
S01009661,Whole house or bungalow: Total,745,622,294,328,123,9,114
S01009661,Whole house or bungalow: Detached,549,476,226,250,73,0,73
S01009661,Whole house or bungalow: Semi-detached,147,107,53,54,40,9,31
S01009661,Whole house or bungalow: Terraced (including end-terrace),49,39,15,24,10,0,10
S01009661,Flat maisonette or apartment or mobile/temporary accommodation,29,26,23,3,3,0,3
S01009662,All people in households,708,564,220,344,144,93,51
S01009662,Whole house or bungalow: Total,641,548,215,333,93,55,38
S01009662,Whole house or bungalow: Detached,283,261,128,133,22,2,20
S01009662,Whole house or bungalow: Semi-detached,252,208,58,150,44,29,15
S01009662,Whole house or bungalow: Terraced (including end-terrace),106,79,29,50,27,24,3
S01009662,Flat maisonette or apartment or mobile/temporary accommodation,67,16,5,11,51,38,13
S01009663,All people in households,641,479,207,272,162,89,73
S01009663,Whole house or bungalow: Total,596,466,202,264,130,67,63
S01009663,Whole house or bungalow: Detached,293,267,126,141,26,6,20
S01009663,Whole house or bungalow: Semi-detached,196,130,48,82,66,35,31
S01009663,Whole house or bungalow: Terraced (including end-terrace),107,69,28,41,38,26,12
S01009663,Flat maisonette or apartment or mobile/temporary accommodation,45,13,5,8,32,22,10
S01009664,All people in households,889,675,275,400,214,65,149
S01009664,Whole house or bungalow: Total,805,619,237,382,186,46,140
S01009664,Whole house or bungalow: Detached,303,247,118,129,56,2,54
S01009664,Whole house or bungalow: Semi-detached,244,174,61,113,70,20,50
S01009664,Whole house or bungalow: Terraced (including end-terrace),258,198,58,140,60,24,36
S01009664,Flat maisonette or apartment or mobile/temporary accommodation,84,56,38,18,28,19,9
S01009665,All people in households,662,489,203,286,173,117,56
S01009665,Whole house or bungalow: Total,538,445,191,254,93,49,44
S01009665,Whole house or bungalow: Detached,200,192,95,97,8,0,8
S01009665,Whole house or bungalow: Semi-detached,226,178,69,109,48,26,22
S01009665,Whole house or bungalow: Terraced (including end-terrace),112,75,27,48,37,23,14
S01009665,Flat maisonette or apartment or mobile/temporary accommodation,124,44,12,32,80,68,12
S01009666,All people in households,758,561,214,347,197,96,101
S01009666,Whole house or bungalow: Total,577,505,194,311,72,20,52
S01009666,Whole house or bungalow: Detached,269,261,112,149,8,0,8
S01009666,Whole house or bungalow: Semi-detached,188,158,60,98,30,10,20
S01009666,Whole house or bungalow: Terraced (including end-terrace),120,86,22,64,34,10,24
S01009666,Flat maisonette or apartment or mobile/temporary accommodation,181,56,20,36,125,76,49
S01009667,All people in households,523,457,217,240,66,26,40
S01009667,Whole house or bungalow: Total,510,456,217,239,54,14,40
S01009667,Whole house or bungalow: Detached,324,302,158,144,22,0,22
S01009667,Whole house or bungalow: Semi-detached,143,117,51,66,26,9,17
S01009667,Whole house or bungalow: Terraced (including end-terrace),43,37,8,29,6,5,1
S01009667,Flat maisonette or apartment or mobile/temporary accommodation,13,1,0,1,12,12,0
S01009668,All people in households,586,513,165,348,73,25,48
S01009668,Whole house or bungalow: Total,472,436,146,290,36,14,22
S01009668,Whole house or bungalow: Detached,235,228,90,138,7,0,7
S01009668,Whole house or bungalow: Semi-detached,123,103,26,77,20,12,8
S01009668,Whole house or bungalow: Terraced (including end-terrace),114,105,30,75,9,2,7
S01009668,Flat maisonette or apartment or mobile/temporary accommodation,114,77,19,58,37,11,26
S01009669,All people in households,502,400,212,188,102,43,59
S01009669,Whole house or bungalow: Total,491,396,212,184,95,41,54
S01009669,Whole house or bungalow: Detached,192,170,95,75,22,0,22
S01009669,Whole house or bungalow: Semi-detached,190,141,70,71,49,24,25
S01009669,Whole house or bungalow: Terraced (including end-terrace),109,85,47,38,24,17,7
S01009669,Flat maisonette or apartment or mobile/temporary accommodation,11,4,0,4,7,2,5
S01009670,All people in households,777,590,220,370,187,129,58
S01009670,Whole house or bungalow: Total,676,549,213,336,127,86,41
S01009670,Whole house or bungalow: Detached,320,291,126,165,29,1,28
S01009670,Whole house or bungalow: Semi-detached,226,172,68,104,54,48,6
S01009670,Whole house or bungalow: Terraced (including end-terrace),130,86,19,67,44,37,7
S01009670,Flat maisonette or apartment or mobile/temporary accommodation,101,41,7,34,60,43,17
S01009671,All people in households,607,426,140,286,181,46,135
S01009671,Whole house or bungalow: Total,570,408,137,271,162,34,128
S01009671,Whole house or bungalow: Detached,238,166,75,91,72,0,72
S01009671,Whole house or bungalow: Semi-detached,202,160,30,130,42,17,25
S01009671,Whole house or bungalow: Terraced (including end-terrace),130,82,32,50,48,17,31
S01009671,Flat maisonette or apartment or mobile/temporary accommodation,37,18,3,15,19,12,7
S01009672,All people in households,807,501,167,334,306,238,68
S01009672,Whole house or bungalow: Total,756,490,167,323,266,203,63
S01009672,Whole house or bungalow: Detached,193,163,69,94,30,9,21
S01009672,Whole house or bungalow: Semi-detached,282,179,45,134,103,80,23
S01009672,Whole house or bungalow: Terraced (including end-terrace),281,148,53,95,133,114,19
S01009672,Flat maisonette or apartment or mobile/temporary accommodation,51,11,0,11,40,35,5
S01009673,All people in households,779,598,215,383,181,109,72
S01009673,Whole house or bungalow: Total,603,515,200,315,88,54,34
S01009673,Whole house or bungalow: Detached,244,231,111,120,13,9,4
S01009673,Whole house or bungalow: Semi-detached,195,155,51,104,40,22,18
S01009673,Whole house or bungalow: Terraced (including end-terrace),164,129,38,91,35,23,12
S01009673,Flat maisonette or apartment or mobile/temporary accommodation,176,83,15,68,93,55,38
S01009674,All people in households,875,693,309,384,182,67,115
S01009674,Whole house or bungalow: Total,816,683,305,378,133,48,85
S01009674,Whole house or bungalow: Detached,428,389,203,186,39,1,38
S01009674,Whole house or bungalow: Semi-detached,248,197,63,134,51,14,37
S01009674,Whole house or bungalow: Terraced (including end-terrace),140,97,39,58,43,33,10
S01009674,Flat maisonette or apartment or mobile/temporary accommodation,59,10,4,6,49,19,30
S01009675,All people in households,882,717,303,414,165,74,91
S01009675,Whole house or bungalow: Total,834,687,295,392,147,68,79
S01009675,Whole house or bungalow: Detached,374,323,155,168,51,5,46
S01009675,Whole house or bungalow: Semi-detached,353,277,105,172,76,50,26
S01009675,Whole house or bungalow: Terraced (including end-terrace),107,87,35,52,20,13,7
S01009675,Flat maisonette or apartment or mobile/temporary accommodation,48,30,8,22,18,6,12
S01009676,All people in households,833,606,247,359,227,99,128
S01009676,Whole house or bungalow: Total,715,540,234,306,175,74,101
S01009676,Whole house or bungalow: Detached,288,222,103,119,66,3,63
S01009676,Whole house or bungalow: Semi-detached,292,218,89,129,74,43,31
S01009676,Whole house or bungalow: Terraced (including end-terrace),135,100,42,58,35,28,7
S01009676,Flat maisonette or apartment or mobile/temporary accommodation,118,66,13,53,52,25,27
S01009677,All people in households,592,450,221,229,142,25,117
S01009677,Whole house or bungalow: Total,568,441,212,229,127,19,108
S01009677,Whole house or bungalow: Detached,351,299,155,144,52,2,50
S01009677,Whole house or bungalow: Semi-detached,126,85,34,51,41,13,28
S01009677,Whole house or bungalow: Terraced (including end-terrace),91,57,23,34,34,4,30
S01009677,Flat maisonette or apartment or mobile/temporary accommodation,24,9,9,0,15,6,9
S01009678,All people in households,591,446,212,234,145,81,64
S01009678,Whole house or bungalow: Total,518,397,193,204,121,67,54
S01009678,Whole house or bungalow: Detached,142,126,63,63,16,2,14
S01009678,Whole house or bungalow: Semi-detached,219,170,80,90,49,27,22
S01009678,Whole house or bungalow: Terraced (including end-terrace),157,101,50,51,56,38,18
S01009678,Flat maisonette or apartment or mobile/temporary accommodation,73,49,19,30,24,14,10
S01009679,All people in households,875,542,226,316,333,207,126
S01009679,Whole house or bungalow: Total,590,425,168,257,165,113,52
S01009679,Whole house or bungalow: Detached,223,186,85,101,37,20,17
S01009679,Whole house or bungalow: Semi-detached,201,125,36,89,76,49,27
S01009679,Whole house or bungalow: Terraced (including end-terrace),166,114,47,67,52,44,8
S01009679,Flat maisonette or apartment or mobile/temporary accommodation,285,117,58,59,168,94,74
S01009680,All people in households,817,560,214,346,257,170,87
S01009680,Whole house or bungalow: Total,646,473,190,283,173,114,59
S01009680,Whole house or bungalow: Detached,212,176,85,91,36,17,19
S01009680,Whole house or bungalow: Semi-detached,171,128,39,89,43,25,18
S01009680,Whole house or bungalow: Terraced (including end-terrace),263,169,66,103,94,72,22
S01009680,Flat maisonette or apartment or mobile/temporary accommodation,171,87,24,63,84,56,28
S01009681,All people in households,558,410,115,295,148,97,51
S01009681,Whole house or bungalow: Total,537,408,114,294,129,82,47
S01009681,Whole house or bungalow: Detached,162,133,43,90,29,9,20
S01009681,Whole house or bungalow: Semi-detached,190,147,48,99,43,19,24
S01009681,Whole house or bungalow: Terraced (including end-terrace),185,128,23,105,57,54,3
S01009681,Flat maisonette or apartment or mobile/temporary accommodation,21,2,1,1,19,15,4
S01009682,All people in households,624,500,194,306,124,28,96
S01009682,Whole house or bungalow: Total,536,459,188,271,77,28,49
S01009682,Whole house or bungalow: Detached,322,293,132,161,29,2,27
S01009682,Whole house or bungalow: Semi-detached,189,152,49,103,37,20,17
S01009682,Whole house or bungalow: Terraced (including end-terrace),25,14,7,7,11,6,5
S01009682,Flat maisonette or apartment or mobile/temporary accommodation,88,41,6,35,47,0,47
S01009683,All people in households,765,618,280,338,147,64,83
S01009683,Whole house or bungalow: Total,665,553,240,313,112,50,62
S01009683,Whole house or bungalow: Detached,310,255,136,119,55,29,26
S01009683,Whole house or bungalow: Semi-detached,260,224,83,141,36,11,25
S01009683,Whole house or bungalow: Terraced (including end-terrace),95,74,21,53,21,10,11
S01009683,Flat maisonette or apartment or mobile/temporary accommodation,100,65,40,25,35,14,21
S01009684,All people in households,1085,858,309,549,227,51,176
S01009684,Whole house or bungalow: Total,1022,841,307,534,181,22,159
S01009684,Whole house or bungalow: Detached,700,614,231,383,86,4,82
S01009684,Whole house or bungalow: Semi-detached,211,158,59,99,53,9,44
S01009684,Whole house or bungalow: Terraced (including end-terrace),111,69,17,52,42,9,33
S01009684,Flat maisonette or apartment or mobile/temporary accommodation,63,17,2,15,46,29,17
S01009685,All people in households,608,359,125,234,249,169,80
S01009685,Whole house or bungalow: Total,590,358,124,234,232,156,76
S01009685,Whole house or bungalow: Detached,154,109,63,46,45,2,43
S01009685,Whole house or bungalow: Semi-detached,276,152,48,104,124,94,30
S01009685,Whole house or bungalow: Terraced (including end-terrace),160,97,13,84,63,60,3
S01009685,Flat maisonette or apartment or mobile/temporary accommodation,18,1,1,0,17,13,4
S01009686,All people in households,1123,578,167,411,545,279,266
S01009686,Whole house or bungalow: Total,729,466,153,313,263,155,108
S01009686,Whole house or bungalow: Detached,227,146,49,97,81,53,28
S01009686,Whole house or bungalow: Semi-detached,196,117,32,85,79,44,35
S01009686,Whole house or bungalow: Terraced (including end-terrace),306,203,72,131,103,58,45
S01009686,Flat maisonette or apartment or mobile/temporary accommodation,394,112,14,98,282,124,158
S01009687,All people in households,723,487,149,338,236,89,147
S01009687,Whole house or bungalow: Total,684,470,142,328,214,82,132
S01009687,Whole house or bungalow: Detached,198,159,66,93,39,5,34
S01009687,Whole house or bungalow: Semi-detached,409,250,68,182,159,64,95
S01009687,Whole house or bungalow: Terraced (including end-terrace),77,61,8,53,16,13,3
S01009687,Flat maisonette or apartment or mobile/temporary accommodation,39,17,7,10,22,7,15
S01009688,All people in households,904,269,96,173,635,534,101
S01009688,Whole house or bungalow: Total,339,159,70,89,180,132,48
S01009688,Whole house or bungalow: Detached,38,26,18,8,12,3,9
S01009688,Whole house or bungalow: Semi-detached,174,69,29,40,105,82,23
S01009688,Whole house or bungalow: Terraced (including end-terrace),127,64,23,41,63,47,16
S01009688,Flat maisonette or apartment or mobile/temporary accommodation,565,110,26,84,455,402,53
S01009689,All people in households,605,312,118,194,293,116,177
S01009689,Whole house or bungalow: Total,322,233,98,135,89,28,61
S01009689,Whole house or bungalow: Detached,94,80,43,37,14,0,14
S01009689,Whole house or bungalow: Semi-detached,110,75,24,51,35,16,19
S01009689,Whole house or bungalow: Terraced (including end-terrace),118,78,31,47,40,12,28
S01009689,Flat maisonette or apartment or mobile/temporary accommodation,283,79,20,59,204,88,116
S01009690,All people in households,701,460,137,323,241,122,119
S01009690,Whole house or bungalow: Total,555,392,121,271,163,102,61
S01009690,Whole house or bungalow: Detached,97,89,37,52,8,2,6
S01009690,Whole house or bungalow: Semi-detached,193,117,35,82,76,52,24
S01009690,Whole house or bungalow: Terraced (including end-terrace),265,186,49,137,79,48,31
S01009690,Flat maisonette or apartment or mobile/temporary accommodation,146,68,16,52,78,20,58
S01009691,All people in households,611,555,254,301,56,9,47
S01009691,Whole house or bungalow: Total,511,475,194,281,36,4,32
S01009691,Whole house or bungalow: Detached,291,284,139,145,7,0,7
S01009691,Whole house or bungalow: Semi-detached,127,104,30,74,23,4,19
S01009691,Whole house or bungalow: Terraced (including end-terrace),93,87,25,62,6,0,6
S01009691,Flat maisonette or apartment or mobile/temporary accommodation,100,80,60,20,20,5,15
S01009692,All people in households,1034,865,469,396,169,66,103
S01009692,Whole house or bungalow: Total,961,829,455,374,132,53,79
S01009692,Whole house or bungalow: Detached,471,455,277,178,16,0,16
S01009692,Whole house or bungalow: Semi-detached,440,339,166,173,101,51,50
S01009692,Whole house or bungalow: Terraced (including end-terrace),50,35,12,23,15,2,13
S01009692,Flat maisonette or apartment or mobile/temporary accommodation,73,36,14,22,37,13,24
S01009693,All people in households,632,549,255,294,83,29,54
S01009693,Whole house or bungalow: Total,628,549,255,294,79,27,52
S01009693,Whole house or bungalow: Detached,302,269,152,117,33,12,21
S01009693,Whole house or bungalow: Semi-detached,306,272,103,169,34,6,28
S01009693,Whole house or bungalow: Terraced (including end-terrace),20,8,0,8,12,9,3
S01009693,Flat maisonette or apartment or mobile/temporary accommodation,4,0,0,0,4,2,2
S01009694,All people in households,962,844,437,407,118,26,92
S01009694,Whole house or bungalow: Total,920,827,428,399,93,19,74
S01009694,Whole house or bungalow: Detached,631,572,300,272,59,6,53
S01009694,Whole house or bungalow: Semi-detached,264,236,117,119,28,7,21
S01009694,Whole house or bungalow: Terraced (including end-terrace),25,19,11,8,6,6,0
S01009694,Flat maisonette or apartment or mobile/temporary accommodation,42,17,9,8,25,7,18
S01009695,All people in households,623,497,247,250,126,36,90
S01009695,Whole house or bungalow: Total,581,477,242,235,104,28,76
S01009695,Whole house or bungalow: Detached,355,319,189,130,36,5,31
S01009695,Whole house or bungalow: Semi-detached,128,89,23,66,39,14,25
S01009695,Whole house or bungalow: Terraced (including end-terrace),98,69,30,39,29,9,20
S01009695,Flat maisonette or apartment or mobile/temporary accommodation,42,20,5,15,22,8,14
S01009696,All people in households,945,748,325,423,197,66,131
S01009696,Whole house or bungalow: Total,920,741,322,419,179,60,119
S01009696,Whole house or bungalow: Detached,468,409,191,218,59,11,48
S01009696,Whole house or bungalow: Semi-detached,277,210,72,138,67,28,39
S01009696,Whole house or bungalow: Terraced (including end-terrace),175,122,59,63,53,21,32
S01009696,Flat maisonette or apartment or mobile/temporary accommodation,25,7,3,4,18,6,12
S01009697,All people in households,702,552,250,302,150,55,95
S01009697,Whole house or bungalow: Total,689,545,247,298,144,52,92
S01009697,Whole house or bungalow: Detached,343,290,165,125,53,4,49
S01009697,Whole house or bungalow: Semi-detached,188,143,41,102,45,26,19
S01009697,Whole house or bungalow: Terraced (including end-terrace),158,112,41,71,46,22,24
S01009697,Flat maisonette or apartment or mobile/temporary accommodation,13,7,3,4,6,3,3
S01009698,All people in households,564,411,224,187,153,9,144
S01009698,Whole house or bungalow: Total,549,401,224,177,148,9,139
S01009698,Whole house or bungalow: Detached,383,307,174,133,76,3,73
S01009698,Whole house or bungalow: Semi-detached,114,55,29,26,59,3,56
S01009698,Whole house or bungalow: Terraced (including end-terrace),52,39,21,18,13,3,10
S01009698,Flat maisonette or apartment or mobile/temporary accommodation,15,10,0,10,5,0,5
S01009699,All people in households,468,348,234,114,120,50,70
S01009699,Whole house or bungalow: Total,426,318,215,103,108,41,67
S01009699,Whole house or bungalow: Detached,137,115,99,16,22,0,22
S01009699,Whole house or bungalow: Semi-detached,207,138,79,59,69,34,35
S01009699,Whole house or bungalow: Terraced (including end-terrace),82,65,37,28,17,7,10
S01009699,Flat maisonette or apartment or mobile/temporary accommodation,42,30,19,11,12,9,3
S01009700,All people in households,649,399,193,206,250,89,161
S01009700,Whole house or bungalow: Total,569,348,171,177,221,71,150
S01009700,Whole house or bungalow: Detached,196,123,85,38,73,1,72
S01009700,Whole house or bungalow: Semi-detached,193,96,41,55,97,51,46
S01009700,Whole house or bungalow: Terraced (including end-terrace),180,129,45,84,51,19,32
S01009700,Flat maisonette or apartment or mobile/temporary accommodation,80,51,22,29,29,18,11
S01009701,All people in households,426,306,222,84,120,74,46
S01009701,Whole house or bungalow: Total,347,260,191,69,87,44,43
S01009701,Whole house or bungalow: Detached,104,84,66,18,20,3,17
S01009701,Whole house or bungalow: Semi-detached,148,106,71,35,42,27,15
S01009701,Whole house or bungalow: Terraced (including end-terrace),95,70,54,16,25,14,11
S01009701,Flat maisonette or apartment or mobile/temporary accommodation,79,46,31,15,33,30,3
S01009702,All people in households,631,436,221,215,195,67,128
S01009702,Whole house or bungalow: Total,616,428,219,209,188,65,123
S01009702,Whole house or bungalow: Detached,388,307,166,141,81,4,77
S01009702,Whole house or bungalow: Semi-detached,162,85,42,43,77,35,42
S01009702,Whole house or bungalow: Terraced (including end-terrace),66,36,11,25,30,26,4
S01009702,Flat maisonette or apartment or mobile/temporary accommodation,15,8,2,6,7,2,5
S01009703,All people in households,569,385,197,188,184,148,36
S01009703,Whole house or bungalow: Total,446,340,174,166,106,82,24
S01009703,Whole house or bungalow: Detached,113,104,59,45,9,1,8
S01009703,Whole house or bungalow: Semi-detached,237,167,82,85,70,61,9
S01009703,Whole house or bungalow: Terraced (including end-terrace),96,69,33,36,27,20,7
S01009703,Flat maisonette or apartment or mobile/temporary accommodation,123,45,23,22,78,66,12
S01009704,All people in households,917,719,403,316,198,103,95
S01009704,Whole house or bungalow: Total,811,671,383,288,140,71,69
S01009704,Whole house or bungalow: Detached,296,268,188,80,28,18,10
S01009704,Whole house or bungalow: Semi-detached,303,244,103,141,59,28,31
S01009704,Whole house or bungalow: Terraced (including end-terrace),212,159,92,67,53,25,28
S01009704,Flat maisonette or apartment or mobile/temporary accommodation,106,48,20,28,58,32,26
S01009705,All people in households,732,440,204,236,292,225,67
S01009705,Whole house or bungalow: Total,521,344,178,166,177,130,47
S01009705,Whole house or bungalow: Detached,72,58,38,20,14,4,10
S01009705,Whole house or bungalow: Semi-detached,228,147,67,80,81,57,24
S01009705,Whole house or bungalow: Terraced (including end-terrace),221,139,73,66,82,69,13
S01009705,Flat maisonette or apartment or mobile/temporary accommodation,211,96,26,70,115,95,20
S01009706,All people in households,625,404,186,218,221,123,98
S01009706,Whole house or bungalow: Total,488,369,170,199,119,36,83
S01009706,Whole house or bungalow: Detached,136,92,58,34,44,4,40
S01009706,Whole house or bungalow: Semi-detached,173,131,56,75,42,23,19
S01009706,Whole house or bungalow: Terraced (including end-terrace),179,146,56,90,33,9,24
S01009706,Flat maisonette or apartment or mobile/temporary accommodation,137,35,16,19,102,87,15
S01009707,All people in households,477,377,152,225,100,5,95
S01009707,Whole house or bungalow: Total,390,337,135,202,53,5,48
S01009707,Whole house or bungalow: Detached,72,65,33,32,7,0,7
S01009707,Whole house or bungalow: Semi-detached,79,61,14,47,18,5,13
S01009707,Whole house or bungalow: Terraced (including end-terrace),239,211,88,123,28,0,28
S01009707,Flat maisonette or apartment or mobile/temporary accommodation,87,40,17,23,47,0,47
S01009708,All people in households,573,436,210,226,137,87,50
S01009708,Whole house or bungalow: Total,510,409,202,207,101,67,34
S01009708,Whole house or bungalow: Detached,153,148,75,73,5,3,2
S01009708,Whole house or bungalow: Semi-detached,246,164,76,88,82,56,26
S01009708,Whole house or bungalow: Terraced (including end-terrace),111,97,51,46,14,8,6
S01009708,Flat maisonette or apartment or mobile/temporary accommodation,63,27,8,19,36,20,16
S01009709,All people in households,794,582,287,295,212,105,107
S01009709,Whole house or bungalow: Total,676,545,269,276,131,64,67
S01009709,Whole house or bungalow: Detached,164,151,73,78,13,5,8
S01009709,Whole house or bungalow: Semi-detached,313,261,130,131,52,30,22
S01009709,Whole house or bungalow: Terraced (including end-terrace),199,133,66,67,66,29,37
S01009709,Flat maisonette or apartment or mobile/temporary accommodation,118,37,18,19,81,41,40
S01009710,All people in households,567,423,133,290,144,78,66
S01009710,Whole house or bungalow: Total,484,399,126,273,85,49,36
S01009710,Whole house or bungalow: Detached,250,237,78,159,13,5,8
S01009710,Whole house or bungalow: Semi-detached,149,94,32,62,55,36,19
S01009710,Whole house or bungalow: Terraced (including end-terrace),85,68,16,52,17,8,9
S01009710,Flat maisonette or apartment or mobile/temporary accommodation,83,24,7,17,59,29,30
S01009711,All people in households,760,489,198,291,271,195,76
S01009711,Whole house or bungalow: Total,485,382,161,221,103,74,29
S01009711,Whole house or bungalow: Detached,117,112,41,71,5,1,4
S01009711,Whole house or bungalow: Semi-detached,216,154,85,69,62,52,10
S01009711,Whole house or bungalow: Terraced (including end-terrace),152,116,35,81,36,21,15
S01009711,Flat maisonette or apartment or mobile/temporary accommodation,275,107,37,70,168,121,47
S01009712,All people in households,593,428,228,200,165,45,120
S01009712,Whole house or bungalow: Total,564,419,223,196,145,34,111
S01009712,Whole house or bungalow: Detached,232,185,113,72,47,1,46
S01009712,Whole house or bungalow: Semi-detached,185,141,70,71,44,13,31
S01009712,Whole house or bungalow: Terraced (including end-terrace),147,93,40,53,54,20,34
S01009712,Flat maisonette or apartment or mobile/temporary accommodation,29,9,5,4,20,11,9
S01009713,All people in households,887,626,358,268,261,127,134
S01009713,Whole house or bungalow: Total,721,548,318,230,173,84,89
S01009713,Whole house or bungalow: Detached,285,257,192,65,28,4,24
S01009713,Whole house or bungalow: Semi-detached,224,162,75,87,62,31,31
S01009713,Whole house or bungalow: Terraced (including end-terrace),212,129,51,78,83,49,34
S01009713,Flat maisonette or apartment or mobile/temporary accommodation,166,78,40,38,88,43,45
S01009714,All people in households,915,722,405,317,193,88,105
S01009714,Whole house or bungalow: Total,762,675,377,298,87,16,71
S01009714,Whole house or bungalow: Detached,327,315,212,103,12,0,12
S01009714,Whole house or bungalow: Semi-detached,237,196,71,125,41,7,34
S01009714,Whole house or bungalow: Terraced (including end-terrace),198,164,94,70,34,9,25
S01009714,Flat maisonette or apartment or mobile/temporary accommodation,153,47,28,19,106,72,34
S01009715,All people in households,638,391,239,152,247,59,188
S01009715,Whole house or bungalow: Total,597,370,232,138,227,49,178
S01009715,Whole house or bungalow: Detached,262,195,141,54,67,1,66
S01009715,Whole house or bungalow: Semi-detached,188,96,55,41,92,20,72
S01009715,Whole house or bungalow: Terraced (including end-terrace),147,79,36,43,68,28,40
S01009715,Flat maisonette or apartment or mobile/temporary accommodation,41,21,7,14,20,10,10
S01009716,All people in households,726,500,285,215,226,53,173
S01009716,Whole house or bungalow: Total,707,499,284,215,208,50,158
S01009716,Whole house or bungalow: Detached,339,265,149,116,74,6,68
S01009716,Whole house or bungalow: Semi-detached,301,189,112,77,112,31,81
S01009716,Whole house or bungalow: Terraced (including end-terrace),67,45,23,22,22,13,9
S01009716,Flat maisonette or apartment or mobile/temporary accommodation,19,1,1,0,18,3,15
S01009717,All people in households,701,255,129,126,446,226,220
S01009717,Whole house or bungalow: Total,375,191,107,84,184,55,129
S01009717,Whole house or bungalow: Detached,64,49,39,10,15,3,12
S01009717,Whole house or bungalow: Semi-detached,234,117,50,67,117,38,79
S01009717,Whole house or bungalow: Terraced (including end-terrace),77,25,18,7,52,14,38
S01009717,Flat maisonette or apartment or mobile/temporary accommodation,326,64,22,42,262,171,91
S01009718,All people in households,731,349,179,170,382,241,141
S01009718,Whole house or bungalow: Total,501,291,166,125,210,115,95
S01009718,Whole house or bungalow: Detached,29,21,21,0,8,0,8
S01009718,Whole house or bungalow: Semi-detached,248,129,68,61,119,53,66
S01009718,Whole house or bungalow: Terraced (including end-terrace),224,141,77,64,83,62,21
S01009718,Flat maisonette or apartment or mobile/temporary accommodation,230,58,13,45,172,126,46
S01009719,All people in households,745,393,190,203,352,233,119
S01009719,Whole house or bungalow: Total,643,377,190,187,266,173,93
S01009719,Whole house or bungalow: Detached,49,22,16,6,27,10,17
S01009719,Whole house or bungalow: Semi-detached,237,126,60,66,111,78,33
S01009719,Whole house or bungalow: Terraced (including end-terrace),357,229,114,115,128,85,43
S01009719,Flat maisonette or apartment or mobile/temporary accommodation,102,16,0,16,86,60,26
S01009720,All people in households,797,371,174,197,426,204,222
S01009720,Whole house or bungalow: Total,733,347,166,181,386,188,198
S01009720,Whole house or bungalow: Detached,56,24,20,4,32,13,19
S01009720,Whole house or bungalow: Semi-detached,284,117,44,73,167,80,87
S01009720,Whole house or bungalow: Terraced (including end-terrace),393,206,102,104,187,95,92
S01009720,Flat maisonette or apartment or mobile/temporary accommodation,64,24,8,16,40,16,24
S01009721,All people in households,580,102,51,51,478,3,475
S01009721,Whole house or bungalow: Total,124,52,23,29,72,3,69
S01009721,Whole house or bungalow: Detached,25,18,10,8,7,0,7
S01009721,Whole house or bungalow: Semi-detached,34,14,4,10,20,0,20
S01009721,Whole house or bungalow: Terraced (including end-terrace),65,20,9,11,45,3,42
S01009721,Flat maisonette or apartment or mobile/temporary accommodation,456,50,28,22,406,0,406
S01009722,All people in households,831,217,148,69,614,58,556
S01009722,Whole house or bungalow: Total,335,141,99,42,194,12,182
S01009722,Whole house or bungalow: Detached,72,36,27,9,36,0,36
S01009722,Whole house or bungalow: Semi-detached,79,29,21,8,50,0,50
S01009722,Whole house or bungalow: Terraced (including end-terrace),184,76,51,25,108,12,96
S01009722,Flat maisonette or apartment or mobile/temporary accommodation,496,76,49,27,420,46,374
S01009723,All people in households,638,123,75,48,515,70,445
S01009723,Whole house or bungalow: Total,221,90,57,33,131,7,124
S01009723,Whole house or bungalow: Detached,27,22,14,8,5,0,5
S01009723,Whole house or bungalow: Semi-detached,71,22,7,15,49,1,48
S01009723,Whole house or bungalow: Terraced (including end-terrace),123,46,36,10,77,6,71
S01009723,Flat maisonette or apartment or mobile/temporary accommodation,417,33,18,15,384,63,321
S01009724,All people in households,959,229,111,118,730,302,428
S01009724,Whole house or bungalow: Total,270,95,50,45,175,46,129
S01009724,Whole house or bungalow: Detached,45,25,3,22,20,2,18
S01009724,Whole house or bungalow: Semi-detached,183,48,34,14,135,36,99
S01009724,Whole house or bungalow: Terraced (including end-terrace),42,22,13,9,20,8,12
S01009724,Flat maisonette or apartment or mobile/temporary accommodation,689,134,61,73,555,256,299
S01009725,All people in households,680,173,110,63,507,35,472
S01009725,Whole house or bungalow: Total,404,144,92,52,260,11,249
S01009725,Whole house or bungalow: Detached,117,70,45,25,47,0,47
S01009725,Whole house or bungalow: Semi-detached,181,62,38,24,119,11,108
S01009725,Whole house or bungalow: Terraced (including end-terrace),106,12,9,3,94,0,94
S01009725,Flat maisonette or apartment or mobile/temporary accommodation,276,29,18,11,247,24,223
S01009726,All people in households,557,140,75,65,417,23,394
S01009726,Whole house or bungalow: Total,221,82,44,38,139,6,133
S01009726,Whole house or bungalow: Detached,28,16,4,12,12,0,12
S01009726,Whole house or bungalow: Semi-detached,67,23,16,7,44,6,38
S01009726,Whole house or bungalow: Terraced (including end-terrace),126,43,24,19,83,0,83
S01009726,Flat maisonette or apartment or mobile/temporary accommodation,336,58,31,27,278,17,261
S01009727,All people in households,853,524,253,271,329,142,187
S01009727,Whole house or bungalow: Total,779,495,231,264,284,119,165
S01009727,Whole house or bungalow: Detached,370,281,173,108,89,12,77
S01009727,Whole house or bungalow: Semi-detached,181,96,27,69,85,44,41
S01009727,Whole house or bungalow: Terraced (including end-terrace),228,118,31,87,110,63,47
S01009727,Flat maisonette or apartment or mobile/temporary accommodation,74,29,22,7,45,23,22
S01009728,All people in households,727,624,312,312,103,22,81
S01009728,Whole house or bungalow: Total,704,619,311,308,85,12,73
S01009728,Whole house or bungalow: Detached,436,402,223,179,34,3,31
S01009728,Whole house or bungalow: Semi-detached,255,206,85,121,49,8,41
S01009728,Whole house or bungalow: Terraced (including end-terrace),13,11,3,8,2,1,1
S01009728,Flat maisonette or apartment or mobile/temporary accommodation,23,5,1,4,18,10,8
S01009729,All people in households,620,555,334,221,65,7,58
S01009729,Whole house or bungalow: Total,607,553,332,221,54,2,52
S01009729,Whole house or bungalow: Detached,432,411,266,145,21,0,21
S01009729,Whole house or bungalow: Semi-detached,133,104,60,44,29,2,27
S01009729,Whole house or bungalow: Terraced (including end-terrace),42,38,6,32,4,0,4
S01009729,Flat maisonette or apartment or mobile/temporary accommodation,13,2,2,0,11,5,6
S01009730,All people in households,522,316,161,155,206,81,125
S01009730,Whole house or bungalow: Total,378,224,130,94,154,66,88
S01009730,Whole house or bungalow: Detached,92,83,62,21,9,6,3
S01009730,Whole house or bungalow: Semi-detached,260,122,64,58,138,60,78
S01009730,Whole house or bungalow: Terraced (including end-terrace),26,19,4,15,7,0,7
S01009730,Flat maisonette or apartment or mobile/temporary accommodation,144,92,31,61,52,15,37
S01009731,All people in households,585,468,314,154,117,5,112
S01009731,Whole house or bungalow: Total,572,468,314,154,104,5,99
S01009731,Whole house or bungalow: Detached,412,360,236,124,52,2,50
S01009731,Whole house or bungalow: Semi-detached,140,91,65,26,49,0,49
S01009731,Whole house or bungalow: Terraced (including end-terrace),20,17,13,4,3,3,0
S01009731,Flat maisonette or apartment or mobile/temporary accommodation,13,0,0,0,13,0,13
S01009732,All people in households,798,370,255,115,428,45,383
S01009732,Whole house or bungalow: Total,506,293,207,86,213,18,195
S01009732,Whole house or bungalow: Detached,141,112,85,27,29,5,24
S01009732,Whole house or bungalow: Semi-detached,261,142,96,46,119,13,106
S01009732,Whole house or bungalow: Terraced (including end-terrace),104,39,26,13,65,0,65
S01009732,Flat maisonette or apartment or mobile/temporary accommodation,292,77,48,29,215,27,188
S01009733,All people in households,485,411,245,166,74,10,64
S01009733,Whole house or bungalow: Total,370,310,158,152,60,10,50
S01009733,Whole house or bungalow: Detached,194,180,107,73,14,0,14
S01009733,Whole house or bungalow: Semi-detached,103,81,28,53,22,5,17
S01009733,Whole house or bungalow: Terraced (including end-terrace),73,49,23,26,24,5,19
S01009733,Flat maisonette or apartment or mobile/temporary accommodation,115,101,87,14,14,0,14
S01009734,All people in households,875,640,307,333,235,40,195
S01009734,Whole house or bungalow: Total,835,631,305,326,204,36,168
S01009734,Whole house or bungalow: Detached,492,417,224,193,75,2,73
S01009734,Whole house or bungalow: Semi-detached,240,145,68,77,95,20,75
S01009734,Whole house or bungalow: Terraced (including end-terrace),103,69,13,56,34,14,20
S01009734,Flat maisonette or apartment or mobile/temporary accommodation,40,9,2,7,31,4,27
S01009735,All people in households,741,638,382,256,103,5,98
S01009735,Whole house or bungalow: Total,696,618,372,246,78,2,76
S01009735,Whole house or bungalow: Detached,496,459,282,177,37,0,37
S01009735,Whole house or bungalow: Semi-detached,173,141,86,55,32,2,30
S01009735,Whole house or bungalow: Terraced (including end-terrace),27,18,4,14,9,0,9
S01009735,Flat maisonette or apartment or mobile/temporary accommodation,45,20,10,10,25,3,22
S01009736,All people in households,710,209,161,48,501,41,460
S01009736,Whole house or bungalow: Total,230,107,80,27,123,6,117
S01009736,Whole house or bungalow: Detached,74,43,34,9,31,2,29
S01009736,Whole house or bungalow: Semi-detached,76,39,24,15,37,0,37
S01009736,Whole house or bungalow: Terraced (including end-terrace),80,25,22,3,55,4,51
S01009736,Flat maisonette or apartment or mobile/temporary accommodation,480,102,81,21,378,35,343
S01009737,All people in households,782,277,133,144,505,171,334
S01009737,Whole house or bungalow: Total,731,238,98,140,493,164,329
S01009737,Whole house or bungalow: Detached,58,51,28,23,7,0,7
S01009737,Whole house or bungalow: Semi-detached,403,84,24,60,319,88,231
S01009737,Whole house or bungalow: Terraced (including end-terrace),270,103,46,57,167,76,91
S01009737,Flat maisonette or apartment or mobile/temporary accommodation,51,39,35,4,12,7,5
S01009738,All people in households,420,263,65,198,157,38,119
S01009738,Whole house or bungalow: Total,211,145,42,103,66,25,41
S01009738,Whole house or bungalow: Detached,63,54,17,37,9,4,5
S01009738,Whole house or bungalow: Semi-detached,105,63,19,44,42,18,24
S01009738,Whole house or bungalow: Terraced (including end-terrace),43,28,6,22,15,3,12
S01009738,Flat maisonette or apartment or mobile/temporary accommodation,209,118,23,95,91,13,78
S01009739,All people in households,761,310,65,245,451,117,334
S01009739,Whole house or bungalow: Total,751,304,65,239,447,117,330
S01009739,Whole house or bungalow: Detached,211,147,44,103,64,2,62
S01009739,Whole house or bungalow: Semi-detached,436,115,16,99,321,100,221
S01009739,Whole house or bungalow: Terraced (including end-terrace),104,42,5,37,62,15,47
S01009739,Flat maisonette or apartment or mobile/temporary accommodation,10,6,0,6,4,0,4
S01009740,All people in households,541,294,136,158,247,151,96
S01009740,Whole house or bungalow: Total,460,238,128,110,222,134,88
S01009740,Whole house or bungalow: Detached,53,21,12,9,32,5,27
S01009740,Whole house or bungalow: Semi-detached,198,100,52,48,98,61,37
S01009740,Whole house or bungalow: Terraced (including end-terrace),209,117,64,53,92,68,24
S01009740,Flat maisonette or apartment or mobile/temporary accommodation,81,56,8,48,25,17,8
S01009741,All people in households,583,73,30,43,510,74,436
S01009741,Whole house or bungalow: Total,567,73,30,43,494,66,428
S01009741,Whole house or bungalow: Detached,112,43,20,23,69,11,58
S01009741,Whole house or bungalow: Semi-detached,427,21,10,11,406,43,363
S01009741,Whole house or bungalow: Terraced (including end-terrace),28,9,0,9,19,12,7
S01009741,Flat maisonette or apartment or mobile/temporary accommodation,16,0,0,0,16,8,8
S01009742,All people in households,495,348,203,145,147,10,137
S01009742,Whole house or bungalow: Total,484,347,202,145,137,1,136
S01009742,Whole house or bungalow: Detached,373,289,173,116,84,0,84
S01009742,Whole house or bungalow: Semi-detached,79,47,18,29,32,0,32
S01009742,Whole house or bungalow: Terraced (including end-terrace),32,11,11,0,21,1,20
S01009742,Flat maisonette or apartment or mobile/temporary accommodation,11,1,1,0,10,9,1
S01009743,All people in households,946,779,359,420,167,51,116
S01009743,Whole house or bungalow: Total,910,759,349,410,151,36,115
S01009743,Whole house or bungalow: Detached,567,503,270,233,64,5,59
S01009743,Whole house or bungalow: Semi-detached,231,176,51,125,55,20,35
S01009743,Whole house or bungalow: Terraced (including end-terrace),112,80,28,52,32,11,21
S01009743,Flat maisonette or apartment or mobile/temporary accommodation,36,20,10,10,16,15,1
S01009744,All people in households,698,592,251,341,106,16,90
S01009744,Whole house or bungalow: Total,686,592,251,341,94,16,78
S01009744,Whole house or bungalow: Detached,476,438,190,248,38,0,38
S01009744,Whole house or bungalow: Semi-detached,163,123,46,77,40,8,32
S01009744,Whole house or bungalow: Terraced (including end-terrace),47,31,15,16,16,8,8
S01009744,Flat maisonette or apartment or mobile/temporary accommodation,12,0,0,0,12,0,12
S01009745,All people in households,1078,904,359,545,174,57,117
S01009745,Whole house or bungalow: Total,1068,902,358,544,166,53,113
S01009745,Whole house or bungalow: Detached,683,626,252,374,57,8,49
S01009745,Whole house or bungalow: Semi-detached,296,221,85,136,75,26,49
S01009745,Whole house or bungalow: Terraced (including end-terrace),89,55,21,34,34,19,15
S01009745,Flat maisonette or apartment or mobile/temporary accommodation,10,2,1,1,8,4,4
S01009746,All people in households,557,374,191,183,183,16,167
S01009746,Whole house or bungalow: Total,545,369,187,182,176,16,160
S01009746,Whole house or bungalow: Detached,322,239,145,94,83,0,83
S01009746,Whole house or bungalow: Semi-detached,142,74,28,46,68,5,63
S01009746,Whole house or bungalow: Terraced (including end-terrace),81,56,14,42,25,11,14
S01009746,Flat maisonette or apartment or mobile/temporary accommodation,12,5,4,1,7,0,7
S01009747,All people in households,656,412,152,260,244,94,150
S01009747,Whole house or bungalow: Total,356,283,106,177,73,20,53
S01009747,Whole house or bungalow: Detached,143,125,51,74,18,3,15
S01009747,Whole house or bungalow: Semi-detached,136,101,37,64,35,10,25
S01009747,Whole house or bungalow: Terraced (including end-terrace),77,57,18,39,20,7,13
S01009747,Flat maisonette or apartment or mobile/temporary accommodation,300,129,46,83,171,74,97
S01009748,All people in households,703,589,227,362,114,57,57
S01009748,Whole house or bungalow: Total,643,569,223,346,74,41,33
S01009748,Whole house or bungalow: Detached,290,280,114,166,10,0,10
S01009748,Whole house or bungalow: Semi-detached,177,150,62,88,27,15,12
S01009748,Whole house or bungalow: Terraced (including end-terrace),176,139,47,92,37,26,11
S01009748,Flat maisonette or apartment or mobile/temporary accommodation,60,20,4,16,40,16,24
S01009749,All people in households,954,787,340,447,167,97,70
S01009749,Whole house or bungalow: Total,821,709,313,396,112,67,45
S01009749,Whole house or bungalow: Detached,291,264,140,124,27,11,16
S01009749,Whole house or bungalow: Semi-detached,333,292,128,164,41,25,16
S01009749,Whole house or bungalow: Terraced (including end-terrace),197,153,45,108,44,31,13
S01009749,Flat maisonette or apartment or mobile/temporary accommodation,133,78,27,51,55,30,25
S01009750,All people in households,679,451,154,297,228,142,86
S01009750,Whole house or bungalow: Total,466,377,130,247,89,47,42
S01009750,Whole house or bungalow: Detached,139,126,41,85,13,7,6
S01009750,Whole house or bungalow: Semi-detached,283,227,75,152,56,27,29
S01009750,Whole house or bungalow: Terraced (including end-terrace),44,24,14,10,20,13,7
S01009750,Flat maisonette or apartment or mobile/temporary accommodation,213,74,24,50,139,95,44
S01009751,All people in households,778,469,153,316,309,226,83
S01009751,Whole house or bungalow: Total,444,351,119,232,93,63,30
S01009751,Whole house or bungalow: Detached,109,99,26,73,10,6,4
S01009751,Whole house or bungalow: Semi-detached,239,182,65,117,57,34,23
S01009751,Whole house or bungalow: Terraced (including end-terrace),96,70,28,42,26,23,3
S01009751,Flat maisonette or apartment or mobile/temporary accommodation,334,118,34,84,216,163,53
S01009752,All people in households,596,534,252,282,62,17,45
S01009752,Whole house or bungalow: Total,472,437,199,238,35,10,25
S01009752,Whole house or bungalow: Detached,261,245,123,122,16,0,16
S01009752,Whole house or bungalow: Semi-detached,151,142,60,82,9,6,3
S01009752,Whole house or bungalow: Terraced (including end-terrace),60,50,16,34,10,4,6
S01009752,Flat maisonette or apartment or mobile/temporary accommodation,124,97,53,44,27,7,20
S01009753,All people in households,694,537,219,318,157,80,77
S01009753,Whole house or bungalow: Total,371,313,111,202,58,21,37
S01009753,Whole house or bungalow: Detached,124,100,40,60,24,0,24
S01009753,Whole house or bungalow: Semi-detached,104,85,29,56,19,19,0
S01009753,Whole house or bungalow: Terraced (including end-terrace),143,128,42,86,15,2,13
S01009753,Flat maisonette or apartment or mobile/temporary accommodation,323,224,108,116,99,59,40
S01009754,All people in households,804,616,287,329,188,110,78
S01009754,Whole house or bungalow: Total,518,444,225,219,74,36,38
S01009754,Whole house or bungalow: Detached,183,173,120,53,10,0,10
S01009754,Whole house or bungalow: Semi-detached,273,223,75,148,50,36,14
S01009754,Whole house or bungalow: Terraced (including end-terrace),62,48,30,18,14,0,14
S01009754,Flat maisonette or apartment or mobile/temporary accommodation,286,172,62,110,114,74,40
S01009755,All people in households,660,556,214,342,104,41,63
S01009755,Whole house or bungalow: Total,473,401,157,244,72,39,33
S01009755,Whole house or bungalow: Detached,172,159,59,100,13,0,13
S01009755,Whole house or bungalow: Semi-detached,196,171,71,100,25,22,3
S01009755,Whole house or bungalow: Terraced (including end-terrace),105,71,27,44,34,17,17
S01009755,Flat maisonette or apartment or mobile/temporary accommodation,187,155,57,98,32,2,30
S01009756,All people in households,740,626,260,366,114,55,59
S01009756,Whole house or bungalow: Total,667,580,249,331,87,41,46
S01009756,Whole house or bungalow: Detached,262,240,128,112,22,2,20
S01009756,Whole house or bungalow: Semi-detached,267,241,88,153,26,15,11
S01009756,Whole house or bungalow: Terraced (including end-terrace),138,99,33,66,39,24,15
S01009756,Flat maisonette or apartment or mobile/temporary accommodation,73,46,11,35,27,14,13
S01009757,All people in households,665,581,264,317,84,46,38
S01009757,Whole house or bungalow: Total,611,546,252,294,65,36,29
S01009757,Whole house or bungalow: Detached,223,205,100,105,18,0,18
S01009757,Whole house or bungalow: Semi-detached,326,279,121,158,47,36,11
S01009757,Whole house or bungalow: Terraced (including end-terrace),62,62,31,31,0,0,0
S01009757,Flat maisonette or apartment or mobile/temporary accommodation,54,35,12,23,19,10,9
S01009758,All people in households,547,467,114,353,80,24,56
S01009758,Whole house or bungalow: Total,393,354,91,263,39,8,31
S01009758,Whole house or bungalow: Detached,132,116,40,76,16,0,16
S01009758,Whole house or bungalow: Semi-detached,225,216,40,176,9,0,9
S01009758,Whole house or bungalow: Terraced (including end-terrace),36,22,11,11,14,8,6
S01009758,Flat maisonette or apartment or mobile/temporary accommodation,154,113,23,90,41,16,25
S01009759,All people in households,927,93,21,72,834,815,19
S01009759,Whole house or bungalow: Total,45,24,0,24,21,17,4
S01009759,Whole house or bungalow: Detached,14,5,0,5,9,5,4
S01009759,Whole house or bungalow: Semi-detached,18,10,0,10,8,8,0
S01009759,Whole house or bungalow: Terraced (including end-terrace),13,9,0,9,4,4,0
S01009759,Flat maisonette or apartment or mobile/temporary accommodation,882,69,21,48,813,798,15
S01009760,All people in households,893,285,119,166,608,540,68
S01009760,Whole house or bungalow: Total,202,101,35,66,101,84,17
S01009760,Whole house or bungalow: Detached,8,6,2,4,2,0,2
S01009760,Whole house or bungalow: Semi-detached,143,68,19,49,75,63,12
S01009760,Whole house or bungalow: Terraced (including end-terrace),51,27,14,13,24,21,3
S01009760,Flat maisonette or apartment or mobile/temporary accommodation,691,184,84,100,507,456,51
S01009761,All people in households,910,763,222,541,147,63,84
S01009761,Whole house or bungalow: Total,735,626,191,435,109,45,64
S01009761,Whole house or bungalow: Detached,124,113,44,69,11,6,5
S01009761,Whole house or bungalow: Semi-detached,381,337,101,236,44,6,38
S01009761,Whole house or bungalow: Terraced (including end-terrace),230,176,46,130,54,33,21
S01009761,Flat maisonette or apartment or mobile/temporary accommodation,175,137,31,106,38,18,20
S01009762,All people in households,921,113,16,97,808,780,28
S01009762,Whole house or bungalow: Total,116,37,9,28,79,76,3
S01009762,Whole house or bungalow: Detached,23,11,1,10,12,11,1
S01009762,Whole house or bungalow: Semi-detached,51,13,6,7,38,36,2
S01009762,Whole house or bungalow: Terraced (including end-terrace),42,13,2,11,29,29,0
S01009762,Flat maisonette or apartment or mobile/temporary accommodation,805,76,7,69,729,704,25
S01009763,All people in households,772,716,172,544,56,21,35
S01009763,Whole house or bungalow: Total,686,667,154,513,19,2,17
S01009763,Whole house or bungalow: Detached,536,526,116,410,10,0,10
S01009763,Whole house or bungalow: Semi-detached,139,133,38,95,6,0,6
S01009763,Whole house or bungalow: Terraced (including end-terrace),11,8,0,8,3,2,1
S01009763,Flat maisonette or apartment or mobile/temporary accommodation,86,49,18,31,37,19,18
S01009764,All people in households,674,328,30,298,346,298,48
S01009764,Whole house or bungalow: Total,462,320,30,290,142,97,45
S01009764,Whole house or bungalow: Detached,35,27,0,27,8,2,6
S01009764,Whole house or bungalow: Semi-detached,359,277,26,251,82,49,33
S01009764,Whole house or bungalow: Terraced (including end-terrace),68,16,4,12,52,46,6
S01009764,Flat maisonette or apartment or mobile/temporary accommodation,212,8,0,8,204,201,3
S01009765,All people in households,970,671,81,590,299,216,83
S01009765,Whole house or bungalow: Total,815,664,81,583,151,77,74
S01009765,Whole house or bungalow: Detached,77,68,9,59,9,3,6
S01009765,Whole house or bungalow: Semi-detached,644,559,66,493,85,25,60
S01009765,Whole house or bungalow: Terraced (including end-terrace),94,37,6,31,57,49,8
S01009765,Flat maisonette or apartment or mobile/temporary accommodation,155,7,0,7,148,139,9
S01009766,All people in households,563,493,82,411,70,18,52
S01009766,Whole house or bungalow: Total,512,464,71,393,48,15,33
S01009766,Whole house or bungalow: Detached,52,45,1,44,7,0,7
S01009766,Whole house or bungalow: Semi-detached,315,299,43,256,16,4,12
S01009766,Whole house or bungalow: Terraced (including end-terrace),145,120,27,93,25,11,14
S01009766,Flat maisonette or apartment or mobile/temporary accommodation,51,29,11,18,22,3,19
S01009767,All people in households,509,198,46,152,311,292,19
S01009767,Whole house or bungalow: Total,438,196,44,152,242,231,11
S01009767,Whole house or bungalow: Detached,31,23,7,16,8,8,0
S01009767,Whole house or bungalow: Semi-detached,245,129,33,96,116,105,11
S01009767,Whole house or bungalow: Terraced (including end-terrace),162,44,4,40,118,118,0
S01009767,Flat maisonette or apartment or mobile/temporary accommodation,71,2,2,0,69,61,8
S01009768,All people in households,610,272,13,259,338,278,60
S01009768,Whole house or bungalow: Total,259,212,5,207,47,10,37
S01009768,Whole house or bungalow: Detached,98,86,1,85,12,0,12
S01009768,Whole house or bungalow: Semi-detached,132,113,4,109,19,1,18
S01009768,Whole house or bungalow: Terraced (including end-terrace),29,13,0,13,16,9,7
S01009768,Flat maisonette or apartment or mobile/temporary accommodation,351,60,8,52,291,268,23
S01009769,All people in households,606,474,44,430,132,39,93
S01009769,Whole house or bungalow: Total,437,390,32,358,47,10,37
S01009769,Whole house or bungalow: Detached,149,142,18,124,7,0,7
S01009769,Whole house or bungalow: Semi-detached,230,204,6,198,26,2,24
S01009769,Whole house or bungalow: Terraced (including end-terrace),58,44,8,36,14,8,6
S01009769,Flat maisonette or apartment or mobile/temporary accommodation,169,84,12,72,85,29,56
S01009770,All people in households,711,615,100,515,96,10,86
S01009770,Whole house or bungalow: Total,701,610,100,510,91,5,86
S01009770,Whole house or bungalow: Detached,243,225,44,181,18,0,18
S01009770,Whole house or bungalow: Semi-detached,356,293,35,258,63,0,63
S01009770,Whole house or bungalow: Terraced (including end-terrace),102,92,21,71,10,5,5
S01009770,Flat maisonette or apartment or mobile/temporary accommodation,10,5,0,5,5,5,0
S01009771,All people in households,888,815,157,658,73,15,58
S01009771,Whole house or bungalow: Total,863,801,151,650,62,10,52
S01009771,Whole house or bungalow: Detached,419,392,93,299,27,5,22
S01009771,Whole house or bungalow: Semi-detached,370,343,51,292,27,5,22
S01009771,Whole house or bungalow: Terraced (including end-terrace),74,66,7,59,8,0,8
S01009771,Flat maisonette or apartment or mobile/temporary accommodation,25,14,6,8,11,5,6
S01009772,All people in households,635,575,108,467,60,6,54
S01009772,Whole house or bungalow: Total,527,502,96,406,25,0,25
S01009772,Whole house or bungalow: Detached,130,130,22,108,0,0,0
S01009772,Whole house or bungalow: Semi-detached,318,303,62,241,15,0,15
S01009772,Whole house or bungalow: Terraced (including end-terrace),79,69,12,57,10,0,10
S01009772,Flat maisonette or apartment or mobile/temporary accommodation,108,73,12,61,35,6,29
S01009773,All people in households,629,551,55,496,78,15,63
S01009773,Whole house or bungalow: Total,577,542,51,491,35,0,35
S01009773,Whole house or bungalow: Detached,526,495,48,447,31,0,31
S01009773,Whole house or bungalow: Semi-detached,29,29,0,29,0,0,0
S01009773,Whole house or bungalow: Terraced (including end-terrace),22,18,3,15,4,0,4
S01009773,Flat maisonette or apartment or mobile/temporary accommodation,52,9,4,5,43,15,28
S01009774,All people in households,563,529,46,483,34,14,20
S01009774,Whole house or bungalow: Total,544,521,42,479,23,6,17
S01009774,Whole house or bungalow: Detached,512,495,38,457,17,0,17
S01009774,Whole house or bungalow: Semi-detached,22,20,4,16,2,2,0
S01009774,Whole house or bungalow: Terraced (including end-terrace),10,6,0,6,4,4,0
S01009774,Flat maisonette or apartment or mobile/temporary accommodation,19,8,4,4,11,8,3
S01009775,All people in households,797,281,85,196,516,438,78
S01009775,Whole house or bungalow: Total,260,117,32,85,143,133,10
S01009775,Whole house or bungalow: Detached,12,0,0,0,12,12,0
S01009775,Whole house or bungalow: Semi-detached,84,12,1,11,72,64,8
S01009775,Whole house or bungalow: Terraced (including end-terrace),164,105,31,74,59,57,2
S01009775,Flat maisonette or apartment or mobile/temporary accommodation,537,164,53,111,373,305,68
S01009776,All people in households,659,91,43,48,568,550,18
S01009776,Whole house or bungalow: Total,299,32,16,16,267,260,7
S01009776,Whole house or bungalow: Detached,29,12,5,7,17,15,2
S01009776,Whole house or bungalow: Semi-detached,193,20,11,9,173,168,5
S01009776,Whole house or bungalow: Terraced (including end-terrace),77,0,0,0,77,77,0
S01009776,Flat maisonette or apartment or mobile/temporary accommodation,360,59,27,32,301,290,11
S01009777,All people in households,482,205,19,186,277,115,162
S01009777,Whole house or bungalow: Total,141,66,10,56,75,67,8
S01009777,Whole house or bungalow: Detached,4,4,1,3,0,0,0
S01009777,Whole house or bungalow: Semi-detached,69,42,3,39,27,20,7
S01009777,Whole house or bungalow: Terraced (including end-terrace),68,20,6,14,48,47,1
S01009777,Flat maisonette or apartment or mobile/temporary accommodation,341,139,9,130,202,48,154
S01009778,All people in households,822,248,102,146,574,526,48
S01009778,Whole house or bungalow: Total,570,174,77,97,396,379,17
S01009778,Whole house or bungalow: Detached,21,2,0,2,19,12,7
S01009778,Whole house or bungalow: Semi-detached,148,36,12,24,112,109,3
S01009778,Whole house or bungalow: Terraced (including end-terrace),401,136,65,71,265,258,7
S01009778,Flat maisonette or apartment or mobile/temporary accommodation,252,74,25,49,178,147,31
S01009779,All people in households,551,126,38,88,425,394,31
S01009779,Whole house or bungalow: Total,194,75,19,56,119,118,1
S01009779,Whole house or bungalow: Detached,13,13,2,11,0,0,0
S01009779,Whole house or bungalow: Semi-detached,95,36,17,19,59,58,1
S01009779,Whole house or bungalow: Terraced (including end-terrace),86,26,0,26,60,60,0
S01009779,Flat maisonette or apartment or mobile/temporary accommodation,357,51,19,32,306,276,30
S01009780,All people in households,608,40,17,23,568,542,26
S01009780,Whole house or bungalow: Total,524,32,11,21,492,479,13
S01009780,Whole house or bungalow: Detached,55,11,6,5,44,40,4
S01009780,Whole house or bungalow: Semi-detached,440,18,5,13,422,413,9
S01009780,Whole house or bungalow: Terraced (including end-terrace),29,3,0,3,26,26,0
S01009780,Flat maisonette or apartment or mobile/temporary accommodation,84,8,6,2,76,63,13
S01009781,All people in households,548,159,60,99,389,377,12
S01009781,Whole house or bungalow: Total,302,68,10,58,234,228,6
S01009781,Whole house or bungalow: Detached,13,2,0,2,11,11,0
S01009781,Whole house or bungalow: Semi-detached,221,66,10,56,155,153,2
S01009781,Whole house or bungalow: Terraced (including end-terrace),68,0,0,0,68,64,4
S01009781,Flat maisonette or apartment or mobile/temporary accommodation,246,91,50,41,155,149,6
S01009782,All people in households,556,331,21,310,225,176,49
S01009782,Whole house or bungalow: Total,475,325,19,306,150,113,37
S01009782,Whole house or bungalow: Detached,17,7,0,7,10,10,0
S01009782,Whole house or bungalow: Semi-detached,437,307,19,288,130,93,37
S01009782,Whole house or bungalow: Terraced (including end-terrace),21,11,0,11,10,10,0
S01009782,Flat maisonette or apartment or mobile/temporary accommodation,81,6,2,4,75,63,12
S01009783,All people in households,741,272,26,246,469,432,37
S01009783,Whole house or bungalow: Total,615,268,26,242,347,322,25
S01009783,Whole house or bungalow: Detached,30,8,2,6,22,21,1
S01009783,Whole house or bungalow: Semi-detached,409,220,19,201,189,167,22
S01009783,Whole house or bungalow: Terraced (including end-terrace),176,40,5,35,136,134,2
S01009783,Flat maisonette or apartment or mobile/temporary accommodation,126,4,0,4,122,110,12
S01009784,All people in households,749,108,33,75,641,614,27
S01009784,Whole house or bungalow: Total,486,84,21,63,402,393,9
S01009784,Whole house or bungalow: Detached,23,9,3,6,14,13,1
S01009784,Whole house or bungalow: Semi-detached,259,45,8,37,214,209,5
S01009784,Whole house or bungalow: Terraced (including end-terrace),204,30,10,20,174,171,3
S01009784,Flat maisonette or apartment or mobile/temporary accommodation,263,24,12,12,239,221,18
S01009785,All people in households,801,249,109,140,552,534,18
S01009785,Whole house or bungalow: Total,522,129,45,84,393,389,4
S01009785,Whole house or bungalow: Detached,14,4,0,4,10,10,0
S01009785,Whole house or bungalow: Semi-detached,368,96,33,63,272,268,4
S01009785,Whole house or bungalow: Terraced (including end-terrace),140,29,12,17,111,111,0
S01009785,Flat maisonette or apartment or mobile/temporary accommodation,279,120,64,56,159,145,14
S01009786,All people in households,925,306,111,195,619,568,51
S01009786,Whole house or bungalow: Total,298,161,63,98,137,129,8
S01009786,Whole house or bungalow: Detached,13,10,0,10,3,3,0
S01009786,Whole house or bungalow: Semi-detached,93,35,22,13,58,52,6
S01009786,Whole house or bungalow: Terraced (including end-terrace),192,116,41,75,76,74,2
S01009786,Flat maisonette or apartment or mobile/temporary accommodation,627,145,48,97,482,439,43
S01009787,All people in households,867,339,130,209,528,485,43
S01009787,Whole house or bungalow: Total,268,129,63,66,139,127,12
S01009787,Whole house or bungalow: Detached,43,13,9,4,30,30,0
S01009787,Whole house or bungalow: Semi-detached,152,73,32,41,79,69,10
S01009787,Whole house or bungalow: Terraced (including end-terrace),73,43,22,21,30,28,2
S01009787,Flat maisonette or apartment or mobile/temporary accommodation,599,210,67,143,389,358,31
S01009788,All people in households,832,561,223,338,271,205,66
S01009788,Whole house or bungalow: Total,408,285,107,178,123,106,17
S01009788,Whole house or bungalow: Detached,16,9,0,9,7,5,2
S01009788,Whole house or bungalow: Semi-detached,214,152,63,89,62,53,9
S01009788,Whole house or bungalow: Terraced (including end-terrace),178,124,44,80,54,48,6
S01009788,Flat maisonette or apartment or mobile/temporary accommodation,424,276,116,160,148,99,49
S01009789,All people in households,896,533,196,337,363,300,63
S01009789,Whole house or bungalow: Total,469,365,133,232,104,76,28
S01009789,Whole house or bungalow: Detached,9,9,3,6,0,0,0
S01009789,Whole house or bungalow: Semi-detached,199,160,61,99,39,28,11
S01009789,Whole house or bungalow: Terraced (including end-terrace),261,196,69,127,65,48,17
S01009789,Flat maisonette or apartment or mobile/temporary accommodation,427,168,63,105,259,224,35
S01009790,All people in households,629,430,131,299,199,153,46
S01009790,Whole house or bungalow: Total,400,292,97,195,108,81,27
S01009790,Whole house or bungalow: Detached,7,2,2,0,5,5,0
S01009790,Whole house or bungalow: Semi-detached,144,100,24,76,44,38,6
S01009790,Whole house or bungalow: Terraced (including end-terrace),249,190,71,119,59,38,21
S01009790,Flat maisonette or apartment or mobile/temporary accommodation,229,138,34,104,91,72,19
S01009791,All people in households,661,296,98,198,365,295,70
S01009791,Whole house or bungalow: Total,315,223,71,152,92,64,28
S01009791,Whole house or bungalow: Detached,2,0,0,0,2,0,2
S01009791,Whole house or bungalow: Semi-detached,45,28,2,26,17,11,6
S01009791,Whole house or bungalow: Terraced (including end-terrace),268,195,69,126,73,53,20
S01009791,Flat maisonette or apartment or mobile/temporary accommodation,346,73,27,46,273,231,42
S01009792,All people in households,958,820,75,745,138,29,109
S01009792,Whole house or bungalow: Total,864,785,67,718,79,7,72
S01009792,Whole house or bungalow: Detached,577,519,40,479,58,1,57
S01009792,Whole house or bungalow: Semi-detached,192,177,16,161,15,3,12
S01009792,Whole house or bungalow: Terraced (including end-terrace),95,89,11,78,6,3,3
S01009792,Flat maisonette or apartment or mobile/temporary accommodation,94,35,8,27,59,22,37
S01009793,All people in households,885,747,293,454,138,46,92
S01009793,Whole house or bungalow: Total,660,598,248,350,62,34,28
S01009793,Whole house or bungalow: Detached,201,197,91,106,4,3,1
S01009793,Whole house or bungalow: Semi-detached,416,372,150,222,44,24,20
S01009793,Whole house or bungalow: Terraced (including end-terrace),43,29,7,22,14,7,7
S01009793,Flat maisonette or apartment or mobile/temporary accommodation,225,149,45,104,76,12,64
S01009794,All people in households,516,486,64,422,30,5,25
S01009794,Whole house or bungalow: Total,505,482,64,418,23,2,21
S01009794,Whole house or bungalow: Detached,80,72,10,62,8,0,8
S01009794,Whole house or bungalow: Semi-detached,414,400,54,346,14,2,12
S01009794,Whole house or bungalow: Terraced (including end-terrace),11,10,0,10,1,0,1
S01009794,Flat maisonette or apartment or mobile/temporary accommodation,11,4,0,4,7,3,4
S01009795,All people in households,842,769,155,614,73,20,53
S01009795,Whole house or bungalow: Total,814,760,150,610,54,3,51
S01009795,Whole house or bungalow: Detached,590,557,107,450,33,3,30
S01009795,Whole house or bungalow: Semi-detached,181,164,36,128,17,0,17
S01009795,Whole house or bungalow: Terraced (including end-terrace),43,39,7,32,4,0,4
S01009795,Flat maisonette or apartment or mobile/temporary accommodation,28,9,5,4,19,17,2
S01009796,All people in households,768,714,195,519,54,16,38
S01009796,Whole house or bungalow: Total,733,698,180,518,35,8,27
S01009796,Whole house or bungalow: Detached,370,358,48,310,12,0,12
S01009796,Whole house or bungalow: Semi-detached,237,224,80,144,13,7,6
S01009796,Whole house or bungalow: Terraced (including end-terrace),126,116,52,64,10,1,9
S01009796,Flat maisonette or apartment or mobile/temporary accommodation,35,16,15,1,19,8,11
S01009797,All people in households,776,695,171,524,81,16,65
S01009797,Whole house or bungalow: Total,707,645,153,492,62,10,52
S01009797,Whole house or bungalow: Detached,422,383,84,299,39,0,39
S01009797,Whole house or bungalow: Semi-detached,219,196,53,143,23,10,13
S01009797,Whole house or bungalow: Terraced (including end-terrace),66,66,16,50,0,0,0
S01009797,Flat maisonette or apartment or mobile/temporary accommodation,69,50,18,32,19,6,13
S01009798,All people in households,722,674,134,540,48,8,40
S01009798,Whole house or bungalow: Total,708,670,134,536,38,7,31
S01009798,Whole house or bungalow: Detached,316,299,58,241,17,0,17
S01009798,Whole house or bungalow: Semi-detached,325,313,67,246,12,3,9
S01009798,Whole house or bungalow: Terraced (including end-terrace),67,58,9,49,9,4,5
S01009798,Flat maisonette or apartment or mobile/temporary accommodation,14,4,0,4,10,1,9
S01009799,All people in households,834,220,89,131,614,587,27
S01009799,Whole house or bungalow: Total,457,119,53,66,338,322,16
S01009799,Whole house or bungalow: Detached,17,0,0,0,17,14,3
S01009799,Whole house or bungalow: Semi-detached,283,50,22,28,233,226,7
S01009799,Whole house or bungalow: Terraced (including end-terrace),157,69,31,38,88,82,6
S01009799,Flat maisonette or apartment or mobile/temporary accommodation,377,101,36,65,276,265,11
S01009800,All people in households,1107,595,150,445,512,397,115
S01009800,Whole house or bungalow: Total,690,390,93,297,300,237,63
S01009800,Whole house or bungalow: Detached,20,10,0,10,10,5,5
S01009800,Whole house or bungalow: Semi-detached,277,136,31,105,141,114,27
S01009800,Whole house or bungalow: Terraced (including end-terrace),393,244,62,182,149,118,31
S01009800,Flat maisonette or apartment or mobile/temporary accommodation,417,205,57,148,212,160,52
S01009801,All people in households,894,418,136,282,476,436,40
S01009801,Whole house or bungalow: Total,598,288,96,192,310,287,23
S01009801,Whole house or bungalow: Detached,15,2,0,2,13,12,1
S01009801,Whole house or bungalow: Semi-detached,233,82,29,53,151,141,10
S01009801,Whole house or bungalow: Terraced (including end-terrace),350,204,67,137,146,134,12
S01009801,Flat maisonette or apartment or mobile/temporary accommodation,296,130,40,90,166,149,17
S01009802,All people in households,1022,542,84,458,480,433,47
S01009802,Whole house or bungalow: Total,571,446,43,403,125,94,31
S01009802,Whole house or bungalow: Detached,0,0,0,0,0,0,0
S01009802,Whole house or bungalow: Semi-detached,354,296,26,270,58,44,14
S01009802,Whole house or bungalow: Terraced (including end-terrace),217,150,17,133,67,50,17
S01009802,Flat maisonette or apartment or mobile/temporary accommodation,451,96,41,55,355,339,16
S01009803,All people in households,801,341,91,250,460,390,70
S01009803,Whole house or bungalow: Total,340,241,58,183,99,81,18
S01009803,Whole house or bungalow: Detached,8,2,0,2,6,6,0
S01009803,Whole house or bungalow: Semi-detached,260,180,42,138,80,66,14
S01009803,Whole house or bungalow: Terraced (including end-terrace),72,59,16,43,13,9,4
S01009803,Flat maisonette or apartment or mobile/temporary accommodation,461,100,33,67,361,309,52
S01009804,All people in households,385,271,41,230,114,48,66
S01009804,Whole house or bungalow: Total,136,118,19,99,18,5,13
S01009804,Whole house or bungalow: Detached,8,8,2,6,0,0,0
S01009804,Whole house or bungalow: Semi-detached,29,21,4,17,8,0,8
S01009804,Whole house or bungalow: Terraced (including end-terrace),99,89,13,76,10,5,5
S01009804,Flat maisonette or apartment or mobile/temporary accommodation,249,153,22,131,96,43,53
S01009805,All people in households,956,471,113,358,485,372,113
S01009805,Whole house or bungalow: Total,690,403,90,313,287,247,40
S01009805,Whole house or bungalow: Detached,61,40,13,27,21,15,6
S01009805,Whole house or bungalow: Semi-detached,368,207,45,162,161,149,12
S01009805,Whole house or bungalow: Terraced (including end-terrace),261,156,32,124,105,83,22
S01009805,Flat maisonette or apartment or mobile/temporary accommodation,266,68,23,45,198,125,73
S01009806,All people in households,828,539,193,346,289,159,130
S01009806,Whole house or bungalow: Total,130,100,38,62,30,11,19
S01009806,Whole house or bungalow: Detached,32,25,16,9,7,0,7
S01009806,Whole house or bungalow: Semi-detached,66,59,12,47,7,2,5
S01009806,Whole house or bungalow: Terraced (including end-terrace),32,16,10,6,16,9,7
S01009806,Flat maisonette or apartment or mobile/temporary accommodation,698,439,155,284,259,148,111
S01009807,All people in households,1008,590,175,415,418,270,148
S01009807,Whole house or bungalow: Total,66,39,4,35,27,0,27
S01009807,Whole house or bungalow: Detached,7,3,0,3,4,0,4
S01009807,Whole house or bungalow: Semi-detached,30,15,2,13,15,0,15
S01009807,Whole house or bungalow: Terraced (including end-terrace),29,21,2,19,8,0,8
S01009807,Flat maisonette or apartment or mobile/temporary accommodation,942,551,171,380,391,270,121
S01009808,All people in households,889,339,84,255,550,457,93
S01009808,Whole house or bungalow: Total,51,28,8,20,23,10,13
S01009808,Whole house or bungalow: Detached,6,0,0,0,6,2,4
S01009808,Whole house or bungalow: Semi-detached,37,20,6,14,17,8,9
S01009808,Whole house or bungalow: Terraced (including end-terrace),8,8,2,6,0,0,0
S01009808,Flat maisonette or apartment or mobile/temporary accommodation,838,311,76,235,527,447,80
S01009809,All people in households,685,424,146,278,261,128,133
S01009809,Whole house or bungalow: Total,53,42,13,29,11,1,10
S01009809,Whole house or bungalow: Detached,17,17,6,11,0,0,0
S01009809,Whole house or bungalow: Semi-detached,12,8,3,5,4,0,4
S01009809,Whole house or bungalow: Terraced (including end-terrace),24,17,4,13,7,1,6
S01009809,Flat maisonette or apartment or mobile/temporary accommodation,632,382,133,249,250,127,123
S01009810,All people in households,855,306,97,209,549,471,78
S01009810,Whole house or bungalow: Total,260,177,49,128,83,45,38
S01009810,Whole house or bungalow: Detached,10,10,1,9,0,0,0
S01009810,Whole house or bungalow: Semi-detached,96,62,20,42,34,21,13
S01009810,Whole house or bungalow: Terraced (including end-terrace),154,105,28,77,49,24,25
S01009810,Flat maisonette or apartment or mobile/temporary accommodation,595,129,48,81,466,426,40
S01009811,All people in households,1048,552,177,375,496,391,105
S01009811,Whole house or bungalow: Total,417,291,94,197,126,109,17
S01009811,Whole house or bungalow: Detached,4,0,0,0,4,2,2
S01009811,Whole house or bungalow: Semi-detached,196,129,44,85,67,60,7
S01009811,Whole house or bungalow: Terraced (including end-terrace),217,162,50,112,55,47,8
S01009811,Flat maisonette or apartment or mobile/temporary accommodation,631,261,83,178,370,282,88
S01009812,All people in households,744,477,148,329,267,190,77
S01009812,Whole house or bungalow: Total,235,180,40,140,55,41,14
S01009812,Whole house or bungalow: Detached,2,2,0,2,0,0,0
S01009812,Whole house or bungalow: Semi-detached,127,102,20,82,25,11,14
S01009812,Whole house or bungalow: Terraced (including end-terrace),106,76,20,56,30,30,0
S01009812,Flat maisonette or apartment or mobile/temporary accommodation,509,297,108,189,212,149,63
S01009813,All people in households,769,82,25,57,687,631,56
S01009813,Whole house or bungalow: Total,32,23,7,16,9,4,5
S01009813,Whole house or bungalow: Detached,8,8,0,8,0,0,0
S01009813,Whole house or bungalow: Semi-detached,8,3,1,2,5,0,5
S01009813,Whole house or bungalow: Terraced (including end-terrace),16,12,6,6,4,4,0
S01009813,Flat maisonette or apartment or mobile/temporary accommodation,737,59,18,41,678,627,51
S01009814,All people in households,840,659,226,433,181,130,51
S01009814,Whole house or bungalow: Total,496,473,179,294,23,8,15
S01009814,Whole house or bungalow: Detached,125,122,60,62,3,0,3
S01009814,Whole house or bungalow: Semi-detached,130,119,36,83,11,4,7
S01009814,Whole house or bungalow: Terraced (including end-terrace),241,232,83,149,9,4,5
S01009814,Flat maisonette or apartment or mobile/temporary accommodation,344,186,47,139,158,122,36
S01009815,All people in households,710,512,176,336,198,71,127
S01009815,Whole house or bungalow: Total,58,39,9,30,19,4,15
S01009815,Whole house or bungalow: Detached,1,1,0,1,0,0,0
S01009815,Whole house or bungalow: Semi-detached,31,18,5,13,13,1,12
S01009815,Whole house or bungalow: Terraced (including end-terrace),26,20,4,16,6,3,3
S01009815,Flat maisonette or apartment or mobile/temporary accommodation,652,473,167,306,179,67,112
S01009816,All people in households,705,574,135,439,131,28,103
S01009816,Whole house or bungalow: Total,198,173,39,134,25,4,21
S01009816,Whole house or bungalow: Detached,14,10,2,8,4,0,4
S01009816,Whole house or bungalow: Semi-detached,56,39,10,29,17,4,13
S01009816,Whole house or bungalow: Terraced (including end-terrace),128,124,27,97,4,0,4
S01009816,Flat maisonette or apartment or mobile/temporary accommodation,507,401,96,305,106,24,82
S01009817,All people in households,690,479,165,314,211,173,38
S01009817,Whole house or bungalow: Total,494,400,119,281,94,79,15
S01009817,Whole house or bungalow: Detached,10,6,0,6,4,2,2
S01009817,Whole house or bungalow: Semi-detached,339,277,68,209,62,53,9
S01009817,Whole house or bungalow: Terraced (including end-terrace),145,117,51,66,28,24,4
S01009817,Flat maisonette or apartment or mobile/temporary accommodation,196,79,46,33,117,94,23
S01009818,All people in households,926,867,464,403,59,22,37
S01009818,Whole house or bungalow: Total,836,797,430,367,39,8,31
S01009818,Whole house or bungalow: Detached,94,77,38,39,17,0,17
S01009818,Whole house or bungalow: Semi-detached,580,558,300,258,22,8,14
S01009818,Whole house or bungalow: Terraced (including end-terrace),162,162,92,70,0,0,0
S01009818,Flat maisonette or apartment or mobile/temporary accommodation,90,70,34,36,20,14,6
S01009819,All people in households,619,479,195,284,140,90,50
S01009819,Whole house or bungalow: Total,337,317,127,190,20,14,6
S01009819,Whole house or bungalow: Detached,45,45,17,28,0,0,0
S01009819,Whole house or bungalow: Semi-detached,71,63,15,48,8,6,2
S01009819,Whole house or bungalow: Terraced (including end-terrace),221,209,95,114,12,8,4
S01009819,Flat maisonette or apartment or mobile/temporary accommodation,282,162,68,94,120,76,44
S01009820,All people in households,958,712,260,452,246,176,70
S01009820,Whole house or bungalow: Total,498,429,135,294,69,38,31
S01009820,Whole house or bungalow: Detached,46,45,4,41,1,1,0
S01009820,Whole house or bungalow: Semi-detached,205,184,61,123,21,15,6
S01009820,Whole house or bungalow: Terraced (including end-terrace),247,200,70,130,47,22,25
S01009820,Flat maisonette or apartment or mobile/temporary accommodation,460,283,125,158,177,138,39
S01009821,All people in households,662,586,191,395,76,34,42
S01009821,Whole house or bungalow: Total,381,362,139,223,19,8,11
S01009821,Whole house or bungalow: Detached,63,63,34,29,0,0,0
S01009821,Whole house or bungalow: Semi-detached,218,211,80,131,7,3,4
S01009821,Whole house or bungalow: Terraced (including end-terrace),100,88,25,63,12,5,7
S01009821,Flat maisonette or apartment or mobile/temporary accommodation,281,224,52,172,57,26,31
S01009822,All people in households,479,351,68,283,128,81,47
S01009822,Whole house or bungalow: Total,433,324,59,265,109,70,39
S01009822,Whole house or bungalow: Detached,108,95,3,92,13,0,13
S01009822,Whole house or bungalow: Semi-detached,88,78,11,67,10,2,8
S01009822,Whole house or bungalow: Terraced (including end-terrace),237,151,45,106,86,68,18
S01009822,Flat maisonette or apartment or mobile/temporary accommodation,46,27,9,18,19,11,8
S01009823,All people in households,680,386,123,263,294,195,99
S01009823,Whole house or bungalow: Total,358,231,81,150,127,82,45
S01009823,Whole house or bungalow: Detached,6,1,1,0,5,0,5
S01009823,Whole house or bungalow: Semi-detached,60,41,14,27,19,15,4
S01009823,Whole house or bungalow: Terraced (including end-terrace),292,189,66,123,103,67,36
S01009823,Flat maisonette or apartment or mobile/temporary accommodation,322,155,42,113,167,113,54
S01009824,All people in households,893,590,108,482,303,241,62
S01009824,Whole house or bungalow: Total,561,431,59,372,130,102,28
S01009824,Whole house or bungalow: Detached,142,123,2,121,19,8,11
S01009824,Whole house or bungalow: Semi-detached,113,94,11,83,19,15,4
S01009824,Whole house or bungalow: Terraced (including end-terrace),306,214,46,168,92,79,13
S01009824,Flat maisonette or apartment or mobile/temporary accommodation,332,159,49,110,173,139,34
S01009825,All people in households,1006,542,146,396,464,399,65
S01009825,Whole house or bungalow: Total,613,390,105,285,223,168,55
S01009825,Whole house or bungalow: Detached,32,14,7,7,18,5,13
S01009825,Whole house or bungalow: Semi-detached,128,84,21,63,44,39,5
S01009825,Whole house or bungalow: Terraced (including end-terrace),453,292,77,215,161,124,37
S01009825,Flat maisonette or apartment or mobile/temporary accommodation,393,152,41,111,241,231,10
S01009826,All people in households,582,300,91,209,282,246,36
S01009826,Whole house or bungalow: Total,249,127,47,80,122,101,21
S01009826,Whole house or bungalow: Detached,18,1,0,1,17,14,3
S01009826,Whole house or bungalow: Semi-detached,31,11,1,10,20,17,3
S01009826,Whole house or bungalow: Terraced (including end-terrace),200,115,46,69,85,70,15
S01009826,Flat maisonette or apartment or mobile/temporary accommodation,333,173,44,129,160,145,15
S01009827,All people in households,854,470,159,311,384,307,77
S01009827,Whole house or bungalow: Total,497,293,109,184,204,163,41
S01009827,Whole house or bungalow: Detached,10,7,1,6,3,3,0
S01009827,Whole house or bungalow: Semi-detached,51,22,2,20,29,16,13
S01009827,Whole house or bungalow: Terraced (including end-terrace),436,264,106,158,172,144,28
S01009827,Flat maisonette or apartment or mobile/temporary accommodation,357,177,50,127,180,144,36
S01009828,All people in households,767,278,97,181,489,440,49
S01009828,Whole house or bungalow: Total,220,141,53,88,79,72,7
S01009828,Whole house or bungalow: Detached,12,8,1,7,4,4,0
S01009828,Whole house or bungalow: Semi-detached,59,38,11,27,21,18,3
S01009828,Whole house or bungalow: Terraced (including end-terrace),149,95,41,54,54,50,4
S01009828,Flat maisonette or apartment or mobile/temporary accommodation,547,137,44,93,410,368,42
S01009829,All people in households,967,567,159,408,400,205,195
S01009829,Whole house or bungalow: Total,89,50,5,45,39,1,38
S01009829,Whole house or bungalow: Detached,14,4,2,2,10,0,10
S01009829,Whole house or bungalow: Semi-detached,38,24,0,24,14,0,14
S01009829,Whole house or bungalow: Terraced (including end-terrace),37,22,3,19,15,1,14
S01009829,Flat maisonette or apartment or mobile/temporary accommodation,878,517,154,363,361,204,157
S01009830,All people in households,770,509,128,381,261,97,164
S01009830,Whole house or bungalow: Total,176,120,41,79,56,30,26
S01009830,Whole house or bungalow: Detached,10,4,3,1,6,0,6
S01009830,Whole house or bungalow: Semi-detached,76,47,6,41,29,19,10
S01009830,Whole house or bungalow: Terraced (including end-terrace),90,69,32,37,21,11,10
S01009830,Flat maisonette or apartment or mobile/temporary accommodation,594,389,87,302,205,67,138
S01009831,All people in households,779,578,173,405,201,18,183
S01009831,Whole house or bungalow: Total,55,22,8,14,33,1,32
S01009831,Whole house or bungalow: Detached,9,4,0,4,5,0,5
S01009831,Whole house or bungalow: Semi-detached,25,3,0,3,22,0,22
S01009831,Whole house or bungalow: Terraced (including end-terrace),21,15,8,7,6,1,5
S01009831,Flat maisonette or apartment or mobile/temporary accommodation,724,556,165,391,168,17,151
S01009832,All people in households,1003,740,284,456,263,87,176
S01009832,Whole house or bungalow: Total,258,231,103,128,27,7,20
S01009832,Whole house or bungalow: Detached,26,25,12,13,1,1,0
S01009832,Whole house or bungalow: Semi-detached,192,183,86,97,9,3,6
S01009832,Whole house or bungalow: Terraced (including end-terrace),40,23,5,18,17,3,14
S01009832,Flat maisonette or apartment or mobile/temporary accommodation,745,509,181,328,236,80,156
S01009833,All people in households,525,390,69,321,135,58,77
S01009833,Whole house or bungalow: Total,293,276,38,238,17,6,11
S01009833,Whole house or bungalow: Detached,0,0,0,0,0,0,0
S01009833,Whole house or bungalow: Semi-detached,178,173,30,143,5,0,5
S01009833,Whole house or bungalow: Terraced (including end-terrace),115,103,8,95,12,6,6
S01009833,Flat maisonette or apartment or mobile/temporary accommodation,232,114,31,83,118,52,66
S01009834,All people in households,841,391,29,362,450,392,58
S01009834,Whole house or bungalow: Total,442,317,22,295,125,92,33
S01009834,Whole house or bungalow: Detached,16,15,0,15,1,1,0
S01009834,Whole house or bungalow: Semi-detached,302,208,11,197,94,81,13
S01009834,Whole house or bungalow: Terraced (including end-terrace),124,94,11,83,30,10,20
S01009834,Flat maisonette or apartment or mobile/temporary accommodation,399,74,7,67,325,300,25
S01009835,All people in households,526,178,50,128,348,323,25
S01009835,Whole house or bungalow: Total,138,83,21,62,55,52,3
S01009835,Whole house or bungalow: Detached,1,0,0,0,1,1,0
S01009835,Whole house or bungalow: Semi-detached,60,36,8,28,24,21,3
S01009835,Whole house or bungalow: Terraced (including end-terrace),77,47,13,34,30,30,0
S01009835,Flat maisonette or apartment or mobile/temporary accommodation,388,95,29,66,293,271,22
S01009836,All people in households,951,725,201,524,226,144,82
S01009836,Whole house or bungalow: Total,666,526,141,385,140,82,58
S01009836,Whole house or bungalow: Detached,96,75,12,63,21,16,5
S01009836,Whole house or bungalow: Semi-detached,258,213,46,167,45,21,24
S01009836,Whole house or bungalow: Terraced (including end-terrace),312,238,83,155,74,45,29
S01009836,Flat maisonette or apartment or mobile/temporary accommodation,285,199,60,139,86,62,24
S01009837,All people in households,652,312,101,211,340,306,34
S01009837,Whole house or bungalow: Total,292,196,56,140,96,78,18
S01009837,Whole house or bungalow: Detached,7,1,0,1,6,5,1
S01009837,Whole house or bungalow: Semi-detached,93,69,25,44,24,13,11
S01009837,Whole house or bungalow: Terraced (including end-terrace),192,126,31,95,66,60,6
S01009837,Flat maisonette or apartment or mobile/temporary accommodation,360,116,45,71,244,228,16
S01009838,All people in households,757,366,132,234,391,287,104
S01009838,Whole house or bungalow: Total,172,123,29,94,49,31,18
S01009838,Whole house or bungalow: Detached,7,7,0,7,0,0,0
S01009838,Whole house or bungalow: Semi-detached,58,38,9,29,20,16,4
S01009838,Whole house or bungalow: Terraced (including end-terrace),107,78,20,58,29,15,14
S01009838,Flat maisonette or apartment or mobile/temporary accommodation,585,243,103,140,342,256,86
S01009839,All people in households,974,168,50,118,806,693,113
S01009839,Whole house or bungalow: Total,43,32,5,27,11,8,3
S01009839,Whole house or bungalow: Detached,5,5,2,3,0,0,0
S01009839,Whole house or bungalow: Semi-detached,20,14,1,13,6,3,3
S01009839,Whole house or bungalow: Terraced (including end-terrace),18,13,2,11,5,5,0
S01009839,Flat maisonette or apartment or mobile/temporary accommodation,931,136,45,91,795,685,110
S01009840,All people in households,965,595,198,397,370,323,47
S01009840,Whole house or bungalow: Total,460,319,136,183,141,122,19
S01009840,Whole house or bungalow: Detached,18,9,3,6,9,4,5
S01009840,Whole house or bungalow: Semi-detached,197,111,43,68,86,76,10
S01009840,Whole house or bungalow: Terraced (including end-terrace),245,199,90,109,46,42,4
S01009840,Flat maisonette or apartment or mobile/temporary accommodation,505,276,62,214,229,201,28
S01009841,All people in households,759,103,41,62,656,600,56
S01009841,Whole house or bungalow: Total,48,25,7,18,23,12,11
S01009841,Whole house or bungalow: Detached,11,9,0,9,2,0,2
S01009841,Whole house or bungalow: Semi-detached,13,2,2,0,11,2,9
S01009841,Whole house or bungalow: Terraced (including end-terrace),24,14,5,9,10,10,0
S01009841,Flat maisonette or apartment or mobile/temporary accommodation,711,78,34,44,633,588,45
S01009842,All people in households,662,162,47,115,500,438,62
S01009842,Whole house or bungalow: Total,211,151,44,107,60,11,49
S01009842,Whole house or bungalow: Detached,22,16,0,16,6,2,4
S01009842,Whole house or bungalow: Semi-detached,52,25,5,20,27,3,24
S01009842,Whole house or bungalow: Terraced (including end-terrace),137,110,39,71,27,6,21
S01009842,Flat maisonette or apartment or mobile/temporary accommodation,451,11,3,8,440,427,13
S01009843,All people in households,640,151,27,124,489,459,30
S01009843,Whole house or bungalow: Total,336,112,21,91,224,215,9
S01009843,Whole house or bungalow: Detached,20,0,0,0,20,18,2
S01009843,Whole house or bungalow: Semi-detached,59,17,7,10,42,40,2
S01009843,Whole house or bungalow: Terraced (including end-terrace),257,95,14,81,162,157,5
S01009843,Flat maisonette or apartment or mobile/temporary accommodation,304,39,6,33,265,244,21
S01009844,All people in households,573,23,10,13,550,524,26
S01009844,Whole house or bungalow: Total,22,3,2,1,19,8,11
S01009844,Whole house or bungalow: Detached,8,0,0,0,8,0,8
S01009844,Whole house or bungalow: Semi-detached,0,0,0,0,0,0,0
S01009844,Whole house or bungalow: Terraced (including end-terrace),14,3,2,1,11,8,3
S01009844,Flat maisonette or apartment or mobile/temporary accommodation,551,20,8,12,531,516,15
S01009845,All people in households,744,49,7,42,695,604,91
S01009845,Whole house or bungalow: Total,28,7,4,3,21,18,3
S01009845,Whole house or bungalow: Detached,3,0,0,0,3,0,3
S01009845,Whole house or bungalow: Semi-detached,12,7,4,3,5,5,0
S01009845,Whole house or bungalow: Terraced (including end-terrace),13,0,0,0,13,13,0
S01009845,Flat maisonette or apartment or mobile/temporary accommodation,716,42,3,39,674,586,88
S01009846,All people in households,862,285,78,207,577,485,92
S01009846,Whole house or bungalow: Total,457,247,66,181,210,149,61
S01009846,Whole house or bungalow: Detached,54,43,15,28,11,8,3
S01009846,Whole house or bungalow: Semi-detached,196,132,26,106,64,40,24
S01009846,Whole house or bungalow: Terraced (including end-terrace),207,72,25,47,135,101,34
S01009846,Flat maisonette or apartment or mobile/temporary accommodation,405,38,12,26,367,336,31
S01009847,All people in households,582,125,31,94,457,397,60
S01009847,Whole house or bungalow: Total,63,12,7,5,51,43,8
S01009847,Whole house or bungalow: Detached,1,0,0,0,1,1,0
S01009847,Whole house or bungalow: Semi-detached,24,7,7,0,17,12,5
S01009847,Whole house or bungalow: Terraced (including end-terrace),38,5,0,5,33,30,3
S01009847,Flat maisonette or apartment or mobile/temporary accommodation,519,113,24,89,406,354,52
S01009848,All people in households,866,456,169,287,410,330,80
S01009848,Whole house or bungalow: Total,494,275,100,175,219,174,45
S01009848,Whole house or bungalow: Detached,6,0,0,0,6,3,3
S01009848,Whole house or bungalow: Semi-detached,224,117,37,80,107,95,12
S01009848,Whole house or bungalow: Terraced (including end-terrace),264,158,63,95,106,76,30
S01009848,Flat maisonette or apartment or mobile/temporary accommodation,372,181,69,112,191,156,35
S01009849,All people in households,734,411,171,240,323,212,111
S01009849,Whole house or bungalow: Total,48,21,8,13,27,15,12
S01009849,Whole house or bungalow: Detached,3,3,0,3,0,0,0
S01009849,Whole house or bungalow: Semi-detached,19,9,4,5,10,6,4
S01009849,Whole house or bungalow: Terraced (including end-terrace),26,9,4,5,17,9,8
S01009849,Flat maisonette or apartment or mobile/temporary accommodation,686,390,163,227,296,197,99
S01009850,All people in households,879,591,196,395,288,178,110
S01009850,Whole house or bungalow: Total,235,200,63,137,35,24,11
S01009850,Whole house or bungalow: Detached,11,6,1,5,5,5,0
S01009850,Whole house or bungalow: Semi-detached,193,173,56,117,20,12,8
S01009850,Whole house or bungalow: Terraced (including end-terrace),31,21,6,15,10,7,3
S01009850,Flat maisonette or apartment or mobile/temporary accommodation,644,391,133,258,253,154,99
S01009851,All people in households,824,451,179,272,373,304,69
S01009851,Whole house or bungalow: Total,265,192,54,138,73,51,22
S01009851,Whole house or bungalow: Detached,8,8,1,7,0,0,0
S01009851,Whole house or bungalow: Semi-detached,172,125,34,91,47,27,20
S01009851,Whole house or bungalow: Terraced (including end-terrace),85,59,19,40,26,24,2
S01009851,Flat maisonette or apartment or mobile/temporary accommodation,559,259,125,134,300,253,47
S01009852,All people in households,599,414,127,287,185,123,62
S01009852,Whole house or bungalow: Total,488,340,93,247,148,107,41
S01009852,Whole house or bungalow: Detached,16,15,0,15,1,1,0
S01009852,Whole house or bungalow: Semi-detached,378,254,62,192,124,86,38
S01009852,Whole house or bungalow: Terraced (including end-terrace),94,71,31,40,23,20,3
S01009852,Flat maisonette or apartment or mobile/temporary accommodation,111,74,34,40,37,16,21
S01009853,All people in households,876,583,194,389,293,191,102
S01009853,Whole house or bungalow: Total,415,323,109,214,92,70,22
S01009853,Whole house or bungalow: Detached,12,11,6,5,1,1,0
S01009853,Whole house or bungalow: Semi-detached,292,234,85,149,58,45,13
S01009853,Whole house or bungalow: Terraced (including end-terrace),111,78,18,60,33,24,9
S01009853,Flat maisonette or apartment or mobile/temporary accommodation,461,260,85,175,201,121,80
S01009854,All people in households,896,458,64,394,438,316,122
S01009854,Whole house or bungalow: Total,674,417,57,360,257,164,93
S01009854,Whole house or bungalow: Detached,101,79,3,76,22,8,14
S01009854,Whole house or bungalow: Semi-detached,303,183,9,174,120,62,58
S01009854,Whole house or bungalow: Terraced (including end-terrace),270,155,45,110,115,94,21
S01009854,Flat maisonette or apartment or mobile/temporary accommodation,222,41,7,34,181,152,29
S01009855,All people in households,572,422,109,313,150,115,35
S01009855,Whole house or bungalow: Total,469,368,96,272,101,79,22
S01009855,Whole house or bungalow: Detached,8,8,0,8,0,0,0
S01009855,Whole house or bungalow: Semi-detached,343,269,69,200,74,62,12
S01009855,Whole house or bungalow: Terraced (including end-terrace),118,91,27,64,27,17,10
S01009855,Flat maisonette or apartment or mobile/temporary accommodation,103,54,13,41,49,36,13
S01009856,All people in households,635,458,211,247,177,99,78
S01009856,Whole house or bungalow: Total,270,236,107,129,34,21,13
S01009856,Whole house or bungalow: Detached,23,23,23,0,0,0,0
S01009856,Whole house or bungalow: Semi-detached,107,86,25,61,21,11,10
S01009856,Whole house or bungalow: Terraced (including end-terrace),140,127,59,68,13,10,3
S01009856,Flat maisonette or apartment or mobile/temporary accommodation,365,222,104,118,143,78,65
S01009857,All people in households,907,627,189,438,280,215,65
S01009857,Whole house or bungalow: Total,723,539,154,385,184,139,45
S01009857,Whole house or bungalow: Detached,8,4,0,4,4,4,0
S01009857,Whole house or bungalow: Semi-detached,596,452,135,317,144,108,36
S01009857,Whole house or bungalow: Terraced (including end-terrace),119,83,19,64,36,27,9
S01009857,Flat maisonette or apartment or mobile/temporary accommodation,184,88,35,53,96,76,20
S01009858,All people in households,746,547,166,381,199,147,52
S01009858,Whole house or bungalow: Total,507,406,120,286,101,73,28
S01009858,Whole house or bungalow: Detached,15,10,3,7,5,5,0
S01009858,Whole house or bungalow: Semi-detached,326,268,76,192,58,40,18
S01009858,Whole house or bungalow: Terraced (including end-terrace),166,128,41,87,38,28,10
S01009858,Flat maisonette or apartment or mobile/temporary accommodation,239,141,46,95,98,74,24
S01009859,All people in households,1038,305,102,203,733,610,123
S01009859,Whole house or bungalow: Total,254,132,39,93,122,100,22
S01009859,Whole house or bungalow: Detached,12,0,0,0,12,12,0
S01009859,Whole house or bungalow: Semi-detached,73,21,0,21,52,40,12
S01009859,Whole house or bungalow: Terraced (including end-terrace),169,111,39,72,58,48,10
S01009859,Flat maisonette or apartment or mobile/temporary accommodation,784,173,63,110,611,510,101
S01009860,All people in households,920,165,63,102,755,625,130
S01009860,Whole house or bungalow: Total,186,38,8,30,148,138,10
S01009860,Whole house or bungalow: Detached,15,5,0,5,10,10,0
S01009860,Whole house or bungalow: Semi-detached,53,16,4,12,37,28,9
S01009860,Whole house or bungalow: Terraced (including end-terrace),118,17,4,13,101,100,1
S01009860,Flat maisonette or apartment or mobile/temporary accommodation,734,127,55,72,607,487,120
S01009861,All people in households,1024,211,51,160,813,599,214
S01009861,Whole house or bungalow: Total,196,59,7,52,137,83,54
S01009861,Whole house or bungalow: Detached,26,4,0,4,22,21,1
S01009861,Whole house or bungalow: Semi-detached,55,28,5,23,27,13,14
S01009861,Whole house or bungalow: Terraced (including end-terrace),115,27,2,25,88,49,39
S01009861,Flat maisonette or apartment or mobile/temporary accommodation,828,152,44,108,676,516,160
S01009862,All people in households,1007,242,77,165,765,440,325
S01009862,Whole house or bungalow: Total,68,38,15,23,30,21,9
S01009862,Whole house or bungalow: Detached,15,13,0,13,2,0,2
S01009862,Whole house or bungalow: Semi-detached,6,5,0,5,1,1,0
S01009862,Whole house or bungalow: Terraced (including end-terrace),47,20,15,5,27,20,7
S01009862,Flat maisonette or apartment or mobile/temporary accommodation,939,204,62,142,735,419,316
S01009863,All people in households,790,232,89,143,558,219,339
S01009863,Whole house or bungalow: Total,32,11,5,6,21,18,3
S01009863,Whole house or bungalow: Detached,8,0,0,0,8,8,0
S01009863,Whole house or bungalow: Semi-detached,9,7,5,2,2,0,2
S01009863,Whole house or bungalow: Terraced (including end-terrace),15,4,0,4,11,10,1
S01009863,Flat maisonette or apartment or mobile/temporary accommodation,758,221,84,137,537,201,336
S01009864,All people in households,594,217,66,151,377,186,191
S01009864,Whole house or bungalow: Total,99,13,6,7,86,76,10
S01009864,Whole house or bungalow: Detached,14,4,4,0,10,10,0
S01009864,Whole house or bungalow: Semi-detached,26,3,0,3,23,23,0
S01009864,Whole house or bungalow: Terraced (including end-terrace),59,6,2,4,53,43,10
S01009864,Flat maisonette or apartment or mobile/temporary accommodation,495,204,60,144,291,110,181
S01009865,All people in households,448,241,75,166,207,85,122
S01009865,Whole house or bungalow: Total,79,60,19,41,19,9,10
S01009865,Whole house or bungalow: Detached,0,0,0,0,0,0,0
S01009865,Whole house or bungalow: Semi-detached,6,3,0,3,3,3,0
S01009865,Whole house or bungalow: Terraced (including end-terrace),73,57,19,38,16,6,10
S01009865,Flat maisonette or apartment or mobile/temporary accommodation,369,181,56,125,188,76,112
S01009866,All people in households,882,527,174,353,355,141,214
S01009866,Whole house or bungalow: Total,370,310,119,191,60,30,30
S01009866,Whole house or bungalow: Detached,12,10,7,3,2,2,0
S01009866,Whole house or bungalow: Semi-detached,132,107,49,58,25,6,19
S01009866,Whole house or bungalow: Terraced (including end-terrace),226,193,63,130,33,22,11
S01009866,Flat maisonette or apartment or mobile/temporary accommodation,512,217,55,162,295,111,184
S01009867,All people in households,994,460,104,356,534,142,392
S01009867,Whole house or bungalow: Total,196,137,31,106,59,27,32
S01009867,Whole house or bungalow: Detached,11,0,0,0,11,6,5
S01009867,Whole house or bungalow: Semi-detached,82,72,12,60,10,3,7
S01009867,Whole house or bungalow: Terraced (including end-terrace),103,65,19,46,38,18,20
S01009867,Flat maisonette or apartment or mobile/temporary accommodation,798,323,73,250,475,115,360
S01009868,All people in households,644,322,106,216,322,25,297
S01009868,Whole house or bungalow: Total,106,94,27,67,12,0,12
S01009868,Whole house or bungalow: Detached,3,3,0,3,0,0,0
S01009868,Whole house or bungalow: Semi-detached,26,23,6,17,3,0,3
S01009868,Whole house or bungalow: Terraced (including end-terrace),77,68,21,47,9,0,9
S01009868,Flat maisonette or apartment or mobile/temporary accommodation,538,228,79,149,310,25,285
S01009869,All people in households,530,245,48,197,285,19,266
S01009869,Whole house or bungalow: Total,16,10,0,10,6,6,0
S01009869,Whole house or bungalow: Detached,6,6,0,6,0,0,0
S01009869,Whole house or bungalow: Semi-detached,4,4,0,4,0,0,0
S01009869,Whole house or bungalow: Terraced (including end-terrace),6,0,0,0,6,6,0
S01009869,Flat maisonette or apartment or mobile/temporary accommodation,514,235,48,187,279,13,266
S01009870,All people in households,599,263,56,207,336,124,212
S01009870,Whole house or bungalow: Total,19,4,4,0,15,12,3
S01009870,Whole house or bungalow: Detached,3,0,0,0,3,0,3
S01009870,Whole house or bungalow: Semi-detached,0,0,0,0,0,0,0
S01009870,Whole house or bungalow: Terraced (including end-terrace),16,4,4,0,12,12,0
S01009870,Flat maisonette or apartment or mobile/temporary accommodation,580,259,52,207,321,112,209
S01009871,All people in households,984,416,174,242,568,396,172
S01009871,Whole house or bungalow: Total,269,182,71,111,87,39,48
S01009871,Whole house or bungalow: Detached,110,94,32,62,16,6,10
S01009871,Whole house or bungalow: Semi-detached,45,35,11,24,10,6,4
S01009871,Whole house or bungalow: Terraced (including end-terrace),114,53,28,25,61,27,34
S01009871,Flat maisonette or apartment or mobile/temporary accommodation,715,234,103,131,481,357,124
S01009872,All people in households,724,381,117,264,343,20,323
S01009872,Whole house or bungalow: Total,32,19,0,19,13,1,12
S01009872,Whole house or bungalow: Detached,23,17,0,17,6,0,6
S01009872,Whole house or bungalow: Semi-detached,5,0,0,0,5,1,4
S01009872,Whole house or bungalow: Terraced (including end-terrace),4,2,0,2,2,0,2
S01009872,Flat maisonette or apartment or mobile/temporary accommodation,692,362,117,245,330,19,311
S01009873,All people in households,913,632,244,388,281,151,130
S01009873,Whole house or bungalow: Total,437,400,154,246,37,18,19
S01009873,Whole house or bungalow: Detached,233,225,91,134,8,3,5
S01009873,Whole house or bungalow: Semi-detached,163,149,54,95,14,3,11
S01009873,Whole house or bungalow: Terraced (including end-terrace),41,26,9,17,15,12,3
S01009873,Flat maisonette or apartment or mobile/temporary accommodation,476,232,90,142,244,133,111
S01009874,All people in households,1044,597,286,311,447,363,84
S01009874,Whole house or bungalow: Total,563,482,209,273,81,36,45
S01009874,Whole house or bungalow: Detached,208,185,98,87,23,0,23
S01009874,Whole house or bungalow: Semi-detached,274,227,89,138,47,31,16
S01009874,Whole house or bungalow: Terraced (including end-terrace),81,70,22,48,11,5,6
S01009874,Flat maisonette or apartment or mobile/temporary accommodation,481,115,77,38,366,327,39
S01009875,All people in households,707,143,29,114,564,298,266
S01009875,Whole house or bungalow: Total,56,23,0,23,33,21,12
S01009875,Whole house or bungalow: Detached,25,3,0,3,22,17,5
S01009875,Whole house or bungalow: Semi-detached,10,3,0,3,7,0,7
S01009875,Whole house or bungalow: Terraced (including end-terrace),21,17,0,17,4,4,0
S01009875,Flat maisonette or apartment or mobile/temporary accommodation,651,120,29,91,531,277,254
S01009876,All people in households,729,119,41,78,610,512,98
S01009876,Whole house or bungalow: Total,23,15,4,11,8,3,5
S01009876,Whole house or bungalow: Detached,11,10,4,6,1,1,0
S01009876,Whole house or bungalow: Semi-detached,10,5,0,5,5,0,5
S01009876,Whole house or bungalow: Terraced (including end-terrace),2,0,0,0,2,2,0
S01009876,Flat maisonette or apartment or mobile/temporary accommodation,706,104,37,67,602,509,93
S01009877,All people in households,876,703,318,385,173,52,121
S01009877,Whole house or bungalow: Total,376,343,139,204,33,13,20
S01009877,Whole house or bungalow: Detached,156,149,78,71,7,4,3
S01009877,Whole house or bungalow: Semi-detached,182,162,49,113,20,9,11
S01009877,Whole house or bungalow: Terraced (including end-terrace),38,32,12,20,6,0,6
S01009877,Flat maisonette or apartment or mobile/temporary accommodation,500,360,179,181,140,39,101
S01009878,All people in households,705,400,147,253,305,114,191
S01009878,Whole house or bungalow: Total,41,18,12,6,23,7,16
S01009878,Whole house or bungalow: Detached,6,6,0,6,0,0,0
S01009878,Whole house or bungalow: Semi-detached,14,5,5,0,9,0,9
S01009878,Whole house or bungalow: Terraced (including end-terrace),21,7,7,0,14,7,7
S01009878,Flat maisonette or apartment or mobile/temporary accommodation,664,382,135,247,282,107,175
S01009879,All people in households,892,794,312,482,98,22,76
S01009879,Whole house or bungalow: Total,480,452,182,270,28,3,25
S01009879,Whole house or bungalow: Detached,266,252,111,141,14,0,14
S01009879,Whole house or bungalow: Semi-detached,188,177,65,112,11,0,11
S01009879,Whole house or bungalow: Terraced (including end-terrace),26,23,6,17,3,3,0
S01009879,Flat maisonette or apartment or mobile/temporary accommodation,412,342,130,212,70,19,51
S01009880,All people in households,788,613,240,373,175,25,150
S01009880,Whole house or bungalow: Total,540,434,201,233,106,8,98
S01009880,Whole house or bungalow: Detached,154,129,56,73,25,4,21
S01009880,Whole house or bungalow: Semi-detached,376,295,139,156,81,4,77
S01009880,Whole house or bungalow: Terraced (including end-terrace),10,10,6,4,0,0,0
S01009880,Flat maisonette or apartment or mobile/temporary accommodation,248,179,39,140,69,17,52
S01009881,All people in households,528,296,115,181,232,38,194
S01009881,Whole house or bungalow: Total,19,17,5,12,2,1,1
S01009881,Whole house or bungalow: Detached,1,0,0,0,1,0,1
S01009881,Whole house or bungalow: Semi-detached,8,7,0,7,1,1,0
S01009881,Whole house or bungalow: Terraced (including end-terrace),10,10,5,5,0,0,0
S01009881,Flat maisonette or apartment or mobile/temporary accommodation,509,279,110,169,230,37,193
S01009882,All people in households,1089,404,58,346,685,119,566
S01009882,Whole house or bungalow: Total,27,13,3,10,14,4,10
S01009882,Whole house or bungalow: Detached,8,1,1,0,7,2,5
S01009882,Whole house or bungalow: Semi-detached,10,8,1,7,2,2,0
S01009882,Whole house or bungalow: Terraced (including end-terrace),9,4,1,3,5,0,5
S01009882,Flat maisonette or apartment or mobile/temporary accommodation,1062,391,55,336,671,115,556
S01009883,All people in households,824,445,133,312,379,21,358
S01009883,Whole house or bungalow: Total,68,46,28,18,22,6,16
S01009883,Whole house or bungalow: Detached,9,6,0,6,3,3,0
S01009883,Whole house or bungalow: Semi-detached,18,12,0,12,6,0,6
S01009883,Whole house or bungalow: Terraced (including end-terrace),41,28,28,0,13,3,10
S01009883,Flat maisonette or apartment or mobile/temporary accommodation,756,399,105,294,357,15,342
S01009884,All people in households,815,527,134,393,288,53,235
S01009884,Whole house or bungalow: Total,40,26,8,18,14,2,12
S01009884,Whole house or bungalow: Detached,4,4,4,0,0,0,0
S01009884,Whole house or bungalow: Semi-detached,18,6,0,6,12,0,12
S01009884,Whole house or bungalow: Terraced (including end-terrace),18,16,4,12,2,2,0
S01009884,Flat maisonette or apartment or mobile/temporary accommodation,775,501,126,375,274,51,223
S01009885,All people in households,870,632,203,429,238,20,218
S01009885,Whole house or bungalow: Total,45,40,18,22,5,5,0
S01009885,Whole house or bungalow: Detached,10,10,6,4,0,0,0
S01009885,Whole house or bungalow: Semi-detached,25,20,7,13,5,5,0
S01009885,Whole house or bungalow: Terraced (including end-terrace),10,10,5,5,0,0,0
S01009885,Flat maisonette or apartment or mobile/temporary accommodation,825,592,185,407,233,15,218
S01009886,All people in households,813,495,209,286,318,118,200
S01009886,Whole house or bungalow: Total,68,44,26,18,24,15,9
S01009886,Whole house or bungalow: Detached,26,26,18,8,0,0,0
S01009886,Whole house or bungalow: Semi-detached,15,3,0,3,12,12,0
S01009886,Whole house or bungalow: Terraced (including end-terrace),27,15,8,7,12,3,9
S01009886,Flat maisonette or apartment or mobile/temporary accommodation,745,451,183,268,294,103,191
S01009887,All people in households,976,249,72,177,727,308,419
S01009887,Whole house or bungalow: Total,38,19,8,11,19,4,15
S01009887,Whole house or bungalow: Detached,6,0,0,0,6,0,6
S01009887,Whole house or bungalow: Semi-detached,28,19,8,11,9,1,8
S01009887,Whole house or bungalow: Terraced (including end-terrace),4,0,0,0,4,3,1
S01009887,Flat maisonette or apartment or mobile/temporary accommodation,938,230,64,166,708,304,404
S01009888,All people in households,719,326,81,245,393,71,322
S01009888,Whole house or bungalow: Total,36,19,1,18,17,5,12
S01009888,Whole house or bungalow: Detached,8,8,0,8,0,0,0
S01009888,Whole house or bungalow: Semi-detached,21,4,1,3,17,5,12
S01009888,Whole house or bungalow: Terraced (including end-terrace),7,7,0,7,0,0,0
S01009888,Flat maisonette or apartment or mobile/temporary accommodation,683,307,80,227,376,66,310
S01009889,All people in households,805,344,91,253,461,209,252
S01009889,Whole house or bungalow: Total,55,52,9,43,3,0,3
S01009889,Whole house or bungalow: Detached,12,12,0,12,0,0,0
S01009889,Whole house or bungalow: Semi-detached,27,26,2,24,1,0,1
S01009889,Whole house or bungalow: Terraced (including end-terrace),16,14,7,7,2,0,2
S01009889,Flat maisonette or apartment or mobile/temporary accommodation,750,292,82,210,458,209,249
S01009890,All people in households,535,79,19,60,456,362,94
S01009890,Whole house or bungalow: Total,13,7,4,3,6,5,1
S01009890,Whole house or bungalow: Detached,0,0,0,0,0,0,0
S01009890,Whole house or bungalow: Semi-detached,6,6,3,3,0,0,0
S01009890,Whole house or bungalow: Terraced (including end-terrace),7,1,1,0,6,5,1
S01009890,Flat maisonette or apartment or mobile/temporary accommodation,522,72,15,57,450,357,93
S01009891,All people in households,733,294,115,179,439,159,280
S01009891,Whole house or bungalow: Total,12,5,5,0,7,0,7
S01009891,Whole house or bungalow: Detached,0,0,0,0,0,0,0
S01009891,Whole house or bungalow: Semi-detached,4,2,2,0,2,0,2
S01009891,Whole house or bungalow: Terraced (including end-terrace),8,3,3,0,5,0,5
S01009891,Flat maisonette or apartment or mobile/temporary accommodation,721,289,110,179,432,159,273
S01009892,All people in households,781,132,38,94,649,499,150
S01009892,Whole house or bungalow: Total,23,6,4,2,17,7,10
S01009892,Whole house or bungalow: Detached,4,0,0,0,4,0,4
S01009892,Whole house or bungalow: Semi-detached,3,2,0,2,1,1,0
S01009892,Whole house or bungalow: Terraced (including end-terrace),16,4,4,0,12,6,6
S01009892,Flat maisonette or apartment or mobile/temporary accommodation,758,126,34,92,632,492,140
S01009893,All people in households,837,375,128,247,462,57,405
S01009893,Whole house or bungalow: Total,45,24,7,17,21,11,10
S01009893,Whole house or bungalow: Detached,8,3,2,1,5,0,5
S01009893,Whole house or bungalow: Semi-detached,18,8,3,5,10,5,5
S01009893,Whole house or bungalow: Terraced (including end-terrace),19,13,2,11,6,6,0
S01009893,Flat maisonette or apartment or mobile/temporary accommodation,792,351,121,230,441,46,395
S01009894,All people in households,823,174,71,103,649,520,129
S01009894,Whole house or bungalow: Total,25,16,2,14,9,9,0
S01009894,Whole house or bungalow: Detached,2,2,2,0,0,0,0
S01009894,Whole house or bungalow: Semi-detached,12,10,0,10,2,2,0
S01009894,Whole house or bungalow: Terraced (including end-terrace),11,4,0,4,7,7,0
S01009894,Flat maisonette or apartment or mobile/temporary accommodation,798,158,69,89,640,511,129
S01009895,All people in households,717,165,29,136,552,399,153
S01009895,Whole house or bungalow: Total,198,107,18,89,91,67,24
S01009895,Whole house or bungalow: Detached,9,7,3,4,2,2,0
S01009895,Whole house or bungalow: Semi-detached,41,17,0,17,24,22,2
S01009895,Whole house or bungalow: Terraced (including end-terrace),148,83,15,68,65,43,22
S01009895,Flat maisonette or apartment or mobile/temporary accommodation,519,58,11,47,461,332,129
S01009896,All people in households,959,307,72,235,652,518,134
S01009896,Whole house or bungalow: Total,268,152,36,116,116,65,51
S01009896,Whole house or bungalow: Detached,20,13,0,13,7,0,7
S01009896,Whole house or bungalow: Semi-detached,76,53,15,38,23,7,16
S01009896,Whole house or bungalow: Terraced (including end-terrace),172,86,21,65,86,58,28
S01009896,Flat maisonette or apartment or mobile/temporary accommodation,691,155,36,119,536,453,83
S01009897,All people in households,940,583,215,368,357,182,175
S01009897,Whole house or bungalow: Total,272,234,105,129,38,14,24
S01009897,Whole house or bungalow: Detached,16,10,0,10,6,1,5
S01009897,Whole house or bungalow: Semi-detached,182,162,76,86,20,8,12
S01009897,Whole house or bungalow: Terraced (including end-terrace),74,62,29,33,12,5,7
S01009897,Flat maisonette or apartment or mobile/temporary accommodation,668,349,110,239,319,168,151
S01009898,All people in households,611,245,110,135,366,274,92
S01009898,Whole house or bungalow: Total,45,19,13,6,26,8,18
S01009898,Whole house or bungalow: Detached,6,6,4,2,0,0,0
S01009898,Whole house or bungalow: Semi-detached,20,7,5,2,13,6,7
S01009898,Whole house or bungalow: Terraced (including end-terrace),19,6,4,2,13,2,11
S01009898,Flat maisonette or apartment or mobile/temporary accommodation,566,226,97,129,340,266,74
S01009899,All people in households,776,459,108,351,317,74,243
S01009899,Whole house or bungalow: Total,23,13,4,9,10,8,2
S01009899,Whole house or bungalow: Detached,2,2,0,2,0,0,0
S01009899,Whole house or bungalow: Semi-detached,5,5,0,5,0,0,0
S01009899,Whole house or bungalow: Terraced (including end-terrace),16,6,4,2,10,8,2
S01009899,Flat maisonette or apartment or mobile/temporary accommodation,753,446,104,342,307,66,241
S01009900,All people in households,829,556,129,427,273,16,257
S01009900,Whole house or bungalow: Total,14,14,9,5,0,0,0
S01009900,Whole house or bungalow: Detached,4,4,4,0,0,0,0
S01009900,Whole house or bungalow: Semi-detached,2,2,2,0,0,0,0
S01009900,Whole house or bungalow: Terraced (including end-terrace),8,8,3,5,0,0,0
S01009900,Flat maisonette or apartment or mobile/temporary accommodation,815,542,120,422,273,16,257
S01009901,All people in households,864,548,118,430,316,19,297
S01009901,Whole house or bungalow: Total,104,90,30,60,14,5,9
S01009901,Whole house or bungalow: Detached,0,0,0,0,0,0,0
S01009901,Whole house or bungalow: Semi-detached,6,6,0,6,0,0,0
S01009901,Whole house or bungalow: Terraced (including end-terrace),98,84,30,54,14,5,9
S01009901,Flat maisonette or apartment or mobile/temporary accommodation,760,458,88,370,302,14,288
S01009902,All people in households,908,522,220,302,386,226,160
S01009902,Whole house or bungalow: Total,231,166,60,106,65,18,47
S01009902,Whole house or bungalow: Detached,43,28,14,14,15,0,15
S01009902,Whole house or bungalow: Semi-detached,74,53,19,34,21,5,16
S01009902,Whole house or bungalow: Terraced (including end-terrace),114,85,27,58,29,13,16
S01009902,Flat maisonette or apartment or mobile/temporary accommodation,677,356,160,196,321,208,113
S01009903,All people in households,813,614,186,428,199,21,178
S01009903,Whole house or bungalow: Total,282,259,103,156,23,0,23
S01009903,Whole house or bungalow: Detached,88,71,30,41,17,0,17
S01009903,Whole house or bungalow: Semi-detached,115,112,30,82,3,0,3
S01009903,Whole house or bungalow: Terraced (including end-terrace),79,76,43,33,3,0,3
S01009903,Flat maisonette or apartment or mobile/temporary accommodation,531,355,83,272,176,21,155
S01009904,All people in households,784,435,101,334,349,105,244
S01009904,Whole house or bungalow: Total,124,70,8,62,54,32,22
S01009904,Whole house or bungalow: Detached,9,9,0,9,0,0,0
S01009904,Whole house or bungalow: Semi-detached,40,25,3,22,15,8,7
S01009904,Whole house or bungalow: Terraced (including end-terrace),75,36,5,31,39,24,15
S01009904,Flat maisonette or apartment or mobile/temporary accommodation,660,365,93,272,295,73,222
S01009905,All people in households,749,351,77,274,398,49,349
S01009905,Whole house or bungalow: Total,19,3,3,0,16,6,10
S01009905,Whole house or bungalow: Detached,0,0,0,0,0,0,0
S01009905,Whole house or bungalow: Semi-detached,16,3,3,0,13,5,8
S01009905,Whole house or bungalow: Terraced (including end-terrace),3,0,0,0,3,1,2
S01009905,Flat maisonette or apartment or mobile/temporary accommodation,730,348,74,274,382,43,339
S01009906,All people in households,667,336,110,226,331,53,278
S01009906,Whole house or bungalow: Total,23,9,5,4,14,6,8
S01009906,Whole house or bungalow: Detached,7,5,5,0,2,2,0
S01009906,Whole house or bungalow: Semi-detached,10,4,0,4,6,4,2
S01009906,Whole house or bungalow: Terraced (including end-terrace),6,0,0,0,6,0,6
S01009906,Flat maisonette or apartment or mobile/temporary accommodation,644,327,105,222,317,47,270
S01009907,All people in households,779,256,51,205,523,140,383
S01009907,Whole house or bungalow: Total,9,4,4,0,5,1,4
S01009907,Whole house or bungalow: Detached,1,0,0,0,1,0,1
S01009907,Whole house or bungalow: Semi-detached,0,0,0,0,0,0,0
S01009907,Whole house or bungalow: Terraced (including end-terrace),8,4,4,0,4,1,3
S01009907,Flat maisonette or apartment or mobile/temporary accommodation,770,252,47,205,518,139,379
S01009908,All people in households,1027,694,179,515,333,47,286
S01009908,Whole house or bungalow: Total,222,211,59,152,11,0,11
S01009908,Whole house or bungalow: Detached,3,3,3,0,0,0,0
S01009908,Whole house or bungalow: Semi-detached,9,9,0,9,0,0,0
S01009908,Whole house or bungalow: Terraced (including end-terrace),210,199,56,143,11,0,11
S01009908,Flat maisonette or apartment or mobile/temporary accommodation,805,483,120,363,322,47,275
S01009909,All people in households,821,460,111,349,361,27,334
S01009909,Whole house or bungalow: Total,14,13,8,5,1,0,1
S01009909,Whole house or bungalow: Detached,4,3,0,3,1,0,1
S01009909,Whole house or bungalow: Semi-detached,10,10,8,2,0,0,0
S01009909,Whole house or bungalow: Terraced (including end-terrace),0,0,0,0,0,0,0
S01009909,Flat maisonette or apartment or mobile/temporary accommodation,807,447,103,344,360,27,333
S01009910,All people in households,532,279,60,219,253,7,246
S01009910,Whole house or bungalow: Total,6,0,0,0,6,1,5
S01009910,Whole house or bungalow: Detached,3,0,0,0,3,0,3
S01009910,Whole house or bungalow: Semi-detached,2,0,0,0,2,0,2
S01009910,Whole house or bungalow: Terraced (including end-terrace),1,0,0,0,1,1,0
S01009910,Flat maisonette or apartment or mobile/temporary accommodation,526,279,60,219,247,6,241
S01009911,All people in households,945,784,299,485,161,27,134
S01009911,Whole house or bungalow: Total,534,516,212,304,18,6,12
S01009911,Whole house or bungalow: Detached,13,13,10,3,0,0,0
S01009911,Whole house or bungalow: Semi-detached,34,31,22,9,3,3,0
S01009911,Whole house or bungalow: Terraced (including end-terrace),487,472,180,292,15,3,12
S01009911,Flat maisonette or apartment or mobile/temporary accommodation,411,268,87,181,143,21,122
S01009912,All people in households,873,743,297,446,130,50,80
S01009912,Whole house or bungalow: Total,303,285,95,190,18,5,13
S01009912,Whole house or bungalow: Detached,149,140,49,91,9,0,9
S01009912,Whole house or bungalow: Semi-detached,142,138,45,93,4,0,4
S01009912,Whole house or bungalow: Terraced (including end-terrace),12,7,1,6,5,5,0
S01009912,Flat maisonette or apartment or mobile/temporary accommodation,570,458,202,256,112,45,67
S01009913,All people in households,719,599,281,318,120,15,105
S01009913,Whole house or bungalow: Total,544,504,235,269,40,8,32
S01009913,Whole house or bungalow: Detached,411,383,188,195,28,6,22
S01009913,Whole house or bungalow: Semi-detached,123,111,47,64,12,2,10
S01009913,Whole house or bungalow: Terraced (including end-terrace),10,10,0,10,0,0,0
S01009913,Flat maisonette or apartment or mobile/temporary accommodation,175,95,46,49,80,7,73
S01009914,All people in households,978,872,409,463,106,14,92
S01009914,Whole house or bungalow: Total,603,580,268,312,23,0,23
S01009914,Whole house or bungalow: Detached,309,301,139,162,8,0,8
S01009914,Whole house or bungalow: Semi-detached,187,183,78,105,4,0,4
S01009914,Whole house or bungalow: Terraced (including end-terrace),107,96,51,45,11,0,11
S01009914,Flat maisonette or apartment or mobile/temporary accommodation,375,292,141,151,83,14,69
S01009915,All people in households,861,758,311,447,103,13,90
S01009915,Whole house or bungalow: Total,159,151,74,77,8,3,5
S01009915,Whole house or bungalow: Detached,96,89,42,47,7,3,4
S01009915,Whole house or bungalow: Semi-detached,50,50,25,25,0,0,0
S01009915,Whole house or bungalow: Terraced (including end-terrace),13,12,7,5,1,0,1
S01009915,Flat maisonette or apartment or mobile/temporary accommodation,702,607,237,370,95,10,85
S01009916,All people in households,985,866,356,510,119,22,97
S01009916,Whole house or bungalow: Total,879,797,327,470,82,10,72
S01009916,Whole house or bungalow: Detached,549,495,232,263,54,6,48
S01009916,Whole house or bungalow: Semi-detached,188,172,60,112,16,4,12
S01009916,Whole house or bungalow: Terraced (including end-terrace),142,130,35,95,12,0,12
S01009916,Flat maisonette or apartment or mobile/temporary accommodation,106,69,29,40,37,12,25
S01009917,All people in households,709,579,242,337,130,12,118
S01009917,Whole house or bungalow: Total,319,309,130,179,10,5,5
S01009917,Whole house or bungalow: Detached,12,12,2,10,0,0,0
S01009917,Whole house or bungalow: Semi-detached,83,83,48,35,0,0,0
S01009917,Whole house or bungalow: Terraced (including end-terrace),224,214,80,134,10,5,5
S01009917,Flat maisonette or apartment or mobile/temporary accommodation,390,270,112,158,120,7,113
S01009918,All people in households,709,631,226,405,78,21,57
S01009918,Whole house or bungalow: Total,611,579,209,370,32,4,28
S01009918,Whole house or bungalow: Detached,38,26,2,24,12,0,12
S01009918,Whole house or bungalow: Semi-detached,310,303,114,189,7,0,7
S01009918,Whole house or bungalow: Terraced (including end-terrace),263,250,93,157,13,4,9
S01009918,Flat maisonette or apartment or mobile/temporary accommodation,98,52,17,35,46,17,29
S01009919,All people in households,1099,441,187,254,658,187,471
S01009919,Whole house or bungalow: Total,23,13,5,8,10,10,0
S01009919,Whole house or bungalow: Detached,3,2,2,0,1,1,0
S01009919,Whole house or bungalow: Semi-detached,13,11,3,8,2,2,0
S01009919,Whole house or bungalow: Terraced (including end-terrace),7,0,0,0,7,7,0
S01009919,Flat maisonette or apartment or mobile/temporary accommodation,1076,428,182,246,648,177,471
S01009920,All people in households,831,481,144,337,350,30,320
S01009920,Whole house or bungalow: Total,24,17,10,7,7,5,2
S01009920,Whole house or bungalow: Detached,10,10,10,0,0,0,0
S01009920,Whole house or bungalow: Semi-detached,11,6,0,6,5,5,0
S01009920,Whole house or bungalow: Terraced (including end-terrace),3,1,0,1,2,0,2
S01009920,Flat maisonette or apartment or mobile/temporary accommodation,807,464,134,330,343,25,318
S01009921,All people in households,627,365,74,291,262,20,242
S01009921,Whole house or bungalow: Total,14,12,1,11,2,1,1
S01009921,Whole house or bungalow: Detached,2,1,1,0,1,0,1
S01009921,Whole house or bungalow: Semi-detached,5,5,0,5,0,0,0
S01009921,Whole house or bungalow: Terraced (including end-terrace),7,6,0,6,1,1,0
S01009921,Flat maisonette or apartment or mobile/temporary accommodation,613,353,73,280,260,19,241
S01009922,All people in households,1016,576,203,373,440,7,433
S01009922,Whole house or bungalow: Total,82,69,45,24,13,0,13
S01009922,Whole house or bungalow: Detached,2,0,0,0,2,0,2
S01009922,Whole house or bungalow: Semi-detached,29,23,10,13,6,0,6
S01009922,Whole house or bungalow: Terraced (including end-terrace),51,46,35,11,5,0,5
S01009922,Flat maisonette or apartment or mobile/temporary accommodation,934,507,158,349,427,7,420
S01009923,All people in households,855,527,164,363,328,35,293
S01009923,Whole house or bungalow: Total,83,73,11,62,10,1,9
S01009923,Whole house or bungalow: Detached,5,5,0,5,0,0,0
S01009923,Whole house or bungalow: Semi-detached,0,0,0,0,0,0,0
S01009923,Whole house or bungalow: Terraced (including end-terrace),78,68,11,57,10,1,9
S01009923,Flat maisonette or apartment or mobile/temporary accommodation,772,454,153,301,318,34,284
S01009924,All people in households,1007,499,121,378,508,105,403
S01009924,Whole house or bungalow: Total,53,45,18,27,8,7,1
S01009924,Whole house or bungalow: Detached,5,5,5,0,0,0,0
S01009924,Whole house or bungalow: Semi-detached,13,11,5,6,2,2,0
S01009924,Whole house or bungalow: Terraced (including end-terrace),35,29,8,21,6,5,1
S01009924,Flat maisonette or apartment or mobile/temporary accommodation,954,454,103,351,500,98,402
S01009925,All people in households,658,346,85,261,312,6,306
S01009925,Whole house or bungalow: Total,19,14,7,7,5,0,5
S01009925,Whole house or bungalow: Detached,11,6,6,0,5,0,5
S01009925,Whole house or bungalow: Semi-detached,2,2,0,2,0,0,0
S01009925,Whole house or bungalow: Terraced (including end-terrace),6,6,1,5,0,0,0
S01009925,Flat maisonette or apartment or mobile/temporary accommodation,639,332,78,254,307,6,301
S01009926,All people in households,773,468,126,342,305,42,263
S01009926,Whole house or bungalow: Total,41,41,15,26,0,0,0
S01009926,Whole house or bungalow: Detached,2,2,2,0,0,0,0
S01009926,Whole house or bungalow: Semi-detached,9,9,0,9,0,0,0
S01009926,Whole house or bungalow: Terraced (including end-terrace),30,30,13,17,0,0,0
S01009926,Flat maisonette or apartment or mobile/temporary accommodation,732,427,111,316,305,42,263
S01009927,All people in households,511,350,110,240,161,44,117
S01009927,Whole house or bungalow: Total,179,177,73,104,2,0,2
S01009927,Whole house or bungalow: Detached,6,6,6,0,0,0,0
S01009927,Whole house or bungalow: Semi-detached,22,22,16,6,0,0,0
S01009927,Whole house or bungalow: Terraced (including end-terrace),151,149,51,98,2,0,2
S01009927,Flat maisonette or apartment or mobile/temporary accommodation,332,173,37,136,159,44,115
S01009928,All people in households,797,627,188,439,170,6,164
S01009928,Whole house or bungalow: Total,114,110,31,79,4,0,4
S01009928,Whole house or bungalow: Detached,5,4,4,0,1,0,1
S01009928,Whole house or bungalow: Semi-detached,29,29,4,25,0,0,0
S01009928,Whole house or bungalow: Terraced (including end-terrace),80,77,23,54,3,0,3
S01009928,Flat maisonette or apartment or mobile/temporary accommodation,683,517,157,360,166,6,160
S01009929,All people in households,499,399,148,251,100,20,80
S01009929,Whole house or bungalow: Total,164,157,58,99,7,0,7
S01009929,Whole house or bungalow: Detached,19,19,11,8,0,0,0
S01009929,Whole house or bungalow: Semi-detached,41,38,9,29,3,0,3
S01009929,Whole house or bungalow: Terraced (including end-terrace),104,100,38,62,4,0,4
S01009929,Flat maisonette or apartment or mobile/temporary accommodation,335,242,90,152,93,20,73
S01009930,All people in households,850,497,99,398,353,56,297
S01009930,Whole house or bungalow: Total,53,43,7,36,10,10,0
S01009930,Whole house or bungalow: Detached,32,29,6,23,3,3,0
S01009930,Whole house or bungalow: Semi-detached,3,3,0,3,0,0,0
S01009930,Whole house or bungalow: Terraced (including end-terrace),18,11,1,10,7,7,0
S01009930,Flat maisonette or apartment or mobile/temporary accommodation,797,454,92,362,343,46,297
S01009931,All people in households,751,534,129,405,217,11,206
S01009931,Whole house or bungalow: Total,91,89,35,54,2,0,2
S01009931,Whole house or bungalow: Detached,4,4,0,4,0,0,0
S01009931,Whole house or bungalow: Semi-detached,16,14,7,7,2,0,2
S01009931,Whole house or bungalow: Terraced (including end-terrace),71,71,28,43,0,0,0
S01009931,Flat maisonette or apartment or mobile/temporary accommodation,660,445,94,351,215,11,204
S01009932,All people in households,619,364,102,262,255,50,205
S01009932,Whole house or bungalow: Total,50,42,17,25,8,2,6
S01009932,Whole house or bungalow: Detached,8,0,0,0,8,2,6
S01009932,Whole house or bungalow: Semi-detached,0,0,0,0,0,0,0
S01009932,Whole house or bungalow: Terraced (including end-terrace),42,42,17,25,0,0,0
S01009932,Flat maisonette or apartment or mobile/temporary accommodation,569,322,85,237,247,48,199
S01009933,All people in households,909,190,29,161,719,538,181
S01009933,Whole house or bungalow: Total,19,12,5,7,7,7,0
S01009933,Whole house or bungalow: Detached,5,5,0,5,0,0,0
S01009933,Whole house or bungalow: Semi-detached,6,4,4,0,2,2,0
S01009933,Whole house or bungalow: Terraced (including end-terrace),8,3,1,2,5,5,0
S01009933,Flat maisonette or apartment or mobile/temporary accommodation,890,178,24,154,712,531,181
S01009934,All people in households,924,610,181,429,314,68,246
S01009934,Whole house or bungalow: Total,416,389,130,259,27,16,11
S01009934,Whole house or bungalow: Detached,9,7,2,5,2,0,2
S01009934,Whole house or bungalow: Semi-detached,55,51,14,37,4,4,0
S01009934,Whole house or bungalow: Terraced (including end-terrace),352,331,114,217,21,12,9
S01009934,Flat maisonette or apartment or mobile/temporary accommodation,508,221,51,170,287,52,235
S01009935,All people in households,544,173,80,93,371,337,34
S01009935,Whole house or bungalow: Total,26,18,5,13,8,4,4
S01009935,Whole house or bungalow: Detached,3,1,0,1,2,2,0
S01009935,Whole house or bungalow: Semi-detached,16,11,5,6,5,1,4
S01009935,Whole house or bungalow: Terraced (including end-terrace),7,6,0,6,1,1,0
S01009935,Flat maisonette or apartment or mobile/temporary accommodation,518,155,75,80,363,333,30
S01009936,All people in households,627,227,43,184,400,313,87
S01009936,Whole house or bungalow: Total,135,113,12,101,22,4,18
S01009936,Whole house or bungalow: Detached,50,34,3,31,16,4,12
S01009936,Whole house or bungalow: Semi-detached,43,39,2,37,4,0,4
S01009936,Whole house or bungalow: Terraced (including end-terrace),42,40,7,33,2,0,2
S01009936,Flat maisonette or apartment or mobile/temporary accommodation,492,114,31,83,378,309,69
S01009937,All people in households,531,61,31,30,470,412,58
S01009937,Whole house or bungalow: Total,61,27,16,11,34,8,26
S01009937,Whole house or bungalow: Detached,34,13,9,4,21,3,18
S01009937,Whole house or bungalow: Semi-detached,13,5,5,0,8,3,5
S01009937,Whole house or bungalow: Terraced (including end-terrace),14,9,2,7,5,2,3
S01009937,Flat maisonette or apartment or mobile/temporary accommodation,470,34,15,19,436,404,32
S01009938,All people in households,938,440,134,306,498,416,82
S01009938,Whole house or bungalow: Total,73,50,25,25,23,19,4
S01009938,Whole house or bungalow: Detached,15,13,5,8,2,2,0
S01009938,Whole house or bungalow: Semi-detached,24,19,4,15,5,4,1
S01009938,Whole house or bungalow: Terraced (including end-terrace),34,18,16,2,16,13,3
S01009938,Flat maisonette or apartment or mobile/temporary accommodation,865,390,109,281,475,397,78
S01009939,All people in households,901,58,21,37,843,798,45
S01009939,Whole house or bungalow: Total,43,33,9,24,10,9,1
S01009939,Whole house or bungalow: Detached,11,10,0,10,1,1,0
S01009939,Whole house or bungalow: Semi-detached,15,8,1,7,7,6,1
S01009939,Whole house or bungalow: Terraced (including end-terrace),17,15,8,7,2,2,0
S01009939,Flat maisonette or apartment or mobile/temporary accommodation,858,25,12,13,833,789,44
S01009940,All people in households,837,274,112,162,563,510,53
S01009940,Whole house or bungalow: Total,80,37,11,26,43,35,8
S01009940,Whole house or bungalow: Detached,13,7,0,7,6,6,0
S01009940,Whole house or bungalow: Semi-detached,51,22,9,13,29,21,8
S01009940,Whole house or bungalow: Terraced (including end-terrace),16,8,2,6,8,8,0
S01009940,Flat maisonette or apartment or mobile/temporary accommodation,757,237,101,136,520,475,45
S01009941,All people in households,1033,871,144,727,162,47,115
S01009941,Whole house or bungalow: Total,961,842,142,700,119,5,114
S01009941,Whole house or bungalow: Detached,412,352,76,276,60,0,60
S01009941,Whole house or bungalow: Semi-detached,383,343,53,290,40,0,40
S01009941,Whole house or bungalow: Terraced (including end-terrace),166,147,13,134,19,5,14
S01009941,Flat maisonette or apartment or mobile/temporary accommodation,72,29,2,27,43,42,1
S01009942,All people in households,1022,418,152,266,604,509,95
S01009942,Whole house or bungalow: Total,159,88,44,44,71,57,14
S01009942,Whole house or bungalow: Detached,6,6,5,1,0,0,0
S01009942,Whole house or bungalow: Semi-detached,61,20,2,18,41,31,10
S01009942,Whole house or bungalow: Terraced (including end-terrace),92,62,37,25,30,26,4
S01009942,Flat maisonette or apartment or mobile/temporary accommodation,863,330,108,222,533,452,81
S01009943,All people in households,841,282,95,187,559,526,33
S01009943,Whole house or bungalow: Total,59,29,6,23,30,24,6
S01009943,Whole house or bungalow: Detached,10,7,3,4,3,3,0
S01009943,Whole house or bungalow: Semi-detached,30,19,2,17,11,5,6
S01009943,Whole house or bungalow: Terraced (including end-terrace),19,3,1,2,16,16,0
S01009943,Flat maisonette or apartment or mobile/temporary accommodation,782,253,89,164,529,502,27
S01009944,All people in households,799,507,171,336,292,172,120
S01009944,Whole house or bungalow: Total,310,250,63,187,60,46,14
S01009944,Whole house or bungalow: Detached,53,48,7,41,5,5,0
S01009944,Whole house or bungalow: Semi-detached,104,82,41,41,22,18,4
S01009944,Whole house or bungalow: Terraced (including end-terrace),153,120,15,105,33,23,10
S01009944,Flat maisonette or apartment or mobile/temporary accommodation,489,257,108,149,232,126,106
S01009945,All people in households,963,460,141,319,503,369,134
S01009945,Whole house or bungalow: Total,90,62,21,41,28,20,8
S01009945,Whole house or bungalow: Detached,8,8,3,5,0,0,0
S01009945,Whole house or bungalow: Semi-detached,27,18,9,9,9,3,6
S01009945,Whole house or bungalow: Terraced (including end-terrace),55,36,9,27,19,17,2
S01009945,Flat maisonette or apartment or mobile/temporary accommodation,873,398,120,278,475,349,126
S01009946,All people in households,815,549,167,382,266,185,81
S01009946,Whole house or bungalow: Total,415,340,99,241,75,60,15
S01009946,Whole house or bungalow: Detached,34,30,8,22,4,0,4
S01009946,Whole house or bungalow: Semi-detached,136,114,19,95,22,22,0
S01009946,Whole house or bungalow: Terraced (including end-terrace),245,196,72,124,49,38,11
S01009946,Flat maisonette or apartment or mobile/temporary accommodation,400,209,68,141,191,125,66
S01009947,All people in households,567,353,146,207,214,138,76
S01009947,Whole house or bungalow: Total,258,209,78,131,49,30,19
S01009947,Whole house or bungalow: Detached,28,20,6,14,8,1,7
S01009947,Whole house or bungalow: Semi-detached,132,109,45,64,23,18,5
S01009947,Whole house or bungalow: Terraced (including end-terrace),98,80,27,53,18,11,7
S01009947,Flat maisonette or apartment or mobile/temporary accommodation,309,144,68,76,165,108,57
S01009948,All people in households,812,317,103,214,495,461,34
S01009948,Whole house or bungalow: Total,224,191,55,136,33,31,2
S01009948,Whole house or bungalow: Detached,9,6,1,5,3,3,0
S01009948,Whole house or bungalow: Semi-detached,30,25,10,15,5,3,2
S01009948,Whole house or bungalow: Terraced (including end-terrace),185,160,44,116,25,25,0
S01009948,Flat maisonette or apartment or mobile/temporary accommodation,588,126,48,78,462,430,32
S01009949,All people in households,821,535,180,355,286,178,108
S01009949,Whole house or bungalow: Total,224,193,44,149,31,25,6
S01009949,Whole house or bungalow: Detached,0,0,0,0,0,0,0
S01009949,Whole house or bungalow: Semi-detached,51,34,8,26,17,11,6
S01009949,Whole house or bungalow: Terraced (including end-terrace),173,159,36,123,14,14,0
S01009949,Flat maisonette or apartment or mobile/temporary accommodation,597,342,136,206,255,153,102
S01009950,All people in households,727,672,238,434,55,13,42
S01009950,Whole house or bungalow: Total,673,637,224,413,36,10,26
S01009950,Whole house or bungalow: Detached,237,236,105,131,1,0,1
S01009950,Whole house or bungalow: Semi-detached,317,299,89,210,18,5,13
S01009950,Whole house or bungalow: Terraced (including end-terrace),119,102,30,72,17,5,12
S01009950,Flat maisonette or apartment or mobile/temporary accommodation,54,35,14,21,19,3,16
S01009951,All people in households,769,698,278,420,71,20,51
S01009951,Whole house or bungalow: Total,695,658,264,394,37,6,31
S01009951,Whole house or bungalow: Detached,91,88,33,55,3,0,3
S01009951,Whole house or bungalow: Semi-detached,526,493,209,284,33,5,28
S01009951,Whole house or bungalow: Terraced (including end-terrace),78,77,22,55,1,1,0
S01009951,Flat maisonette or apartment or mobile/temporary accommodation,74,40,14,26,34,14,20
S01009952,All people in households,733,664,275,389,69,22,47
S01009952,Whole house or bungalow: Total,555,539,192,347,16,6,10
S01009952,Whole house or bungalow: Detached,26,20,12,8,6,0,6
S01009952,Whole house or bungalow: Semi-detached,45,42,21,21,3,3,0
S01009952,Whole house or bungalow: Terraced (including end-terrace),484,477,159,318,7,3,4
S01009952,Flat maisonette or apartment or mobile/temporary accommodation,178,125,83,42,53,16,37
S01009953,All people in households,889,779,317,462,110,56,54
S01009953,Whole house or bungalow: Total,743,694,276,418,49,34,15
S01009953,Whole house or bungalow: Detached,83,83,38,45,0,0,0
S01009953,Whole house or bungalow: Semi-detached,130,126,47,79,4,4,0
S01009953,Whole house or bungalow: Terraced (including end-terrace),530,485,191,294,45,30,15
S01009953,Flat maisonette or apartment or mobile/temporary accommodation,146,85,41,44,61,22,39
S01009954,All people in households,632,557,174,383,75,19,56
S01009954,Whole house or bungalow: Total,524,478,153,325,46,16,30
S01009954,Whole house or bungalow: Detached,290,254,65,189,36,15,21
S01009954,Whole house or bungalow: Semi-detached,186,179,69,110,7,1,6
S01009954,Whole house or bungalow: Terraced (including end-terrace),48,45,19,26,3,0,3
S01009954,Flat maisonette or apartment or mobile/temporary accommodation,108,79,21,58,29,3,26
S01009955,All people in households,948,754,295,459,194,73,121
S01009955,Whole house or bungalow: Total,578,521,195,326,57,28,29
S01009955,Whole house or bungalow: Detached,68,63,15,48,5,2,3
S01009955,Whole house or bungalow: Semi-detached,288,260,110,150,28,9,19
S01009955,Whole house or bungalow: Terraced (including end-terrace),222,198,70,128,24,17,7
S01009955,Flat maisonette or apartment or mobile/temporary accommodation,370,233,100,133,137,45,92
S01009956,All people in households,750,518,207,311,232,99,133
S01009956,Whole house or bungalow: Total,177,159,66,93,18,13,5
S01009956,Whole house or bungalow: Detached,63,61,27,34,2,2,0
S01009956,Whole house or bungalow: Semi-detached,76,65,27,38,11,7,4
S01009956,Whole house or bungalow: Terraced (including end-terrace),38,33,12,21,5,4,1
S01009956,Flat maisonette or apartment or mobile/temporary accommodation,573,359,141,218,214,86,128
S01009957,All people in households,760,702,291,411,58,10,48
S01009957,Whole house or bungalow: Total,633,600,247,353,33,0,33
S01009957,Whole house or bungalow: Detached,117,109,49,60,8,0,8
S01009957,Whole house or bungalow: Semi-detached,417,392,155,237,25,0,25
S01009957,Whole house or bungalow: Terraced (including end-terrace),99,99,43,56,0,0,0
S01009957,Flat maisonette or apartment or mobile/temporary accommodation,127,102,44,58,25,10,15
S01009958,All people in households,915,862,309,553,53,14,39
S01009958,Whole house or bungalow: Total,731,706,271,435,25,4,21
S01009958,Whole house or bungalow: Detached,20,19,3,16,1,0,1
S01009958,Whole house or bungalow: Semi-detached,112,110,36,74,2,0,2
S01009958,Whole house or bungalow: Terraced (including end-terrace),599,577,232,345,22,4,18
S01009958,Flat maisonette or apartment or mobile/temporary accommodation,184,156,38,118,28,10,18
S01009959,All people in households,657,604,253,351,53,7,46
S01009959,Whole house or bungalow: Total,500,482,176,306,18,0,18
S01009959,Whole house or bungalow: Detached,129,124,65,59,5,0,5
S01009959,Whole house or bungalow: Semi-detached,242,234,68,166,8,0,8
S01009959,Whole house or bungalow: Terraced (including end-terrace),129,124,43,81,5,0,5
S01009959,Flat maisonette or apartment or mobile/temporary accommodation,157,122,77,45,35,7,28
S01009960,All people in households,902,784,348,436,118,35,83
S01009960,Whole house or bungalow: Total,672,656,260,396,16,3,13
S01009960,Whole house or bungalow: Detached,150,137,66,71,13,3,10
S01009960,Whole house or bungalow: Semi-detached,109,107,56,51,2,0,2
S01009960,Whole house or bungalow: Terraced (including end-terrace),413,412,138,274,1,0,1
S01009960,Flat maisonette or apartment or mobile/temporary accommodation,230,128,88,40,102,32,70
S01009961,All people in households,674,527,234,293,147,100,47
S01009961,Whole house or bungalow: Total,481,419,189,230,62,35,27
S01009961,Whole house or bungalow: Detached,35,33,8,25,2,0,2
S01009961,Whole house or bungalow: Semi-detached,201,193,86,107,8,4,4
S01009961,Whole house or bungalow: Terraced (including end-terrace),245,193,95,98,52,31,21
S01009961,Flat maisonette or apartment or mobile/temporary accommodation,193,108,45,63,85,65,20
S01009962,All people in households,991,564,215,349,427,110,317
S01009962,Whole house or bungalow: Total,258,236,111,125,22,5,17
S01009962,Whole house or bungalow: Detached,10,7,2,5,3,0,3
S01009962,Whole house or bungalow: Semi-detached,113,109,54,55,4,0,4
S01009962,Whole house or bungalow: Terraced (including end-terrace),135,120,55,65,15,5,10
S01009962,Flat maisonette or apartment or mobile/temporary accommodation,733,328,104,224,405,105,300
S01009963,All people in households,802,759,311,448,43,0,43
S01009963,Whole house or bungalow: Total,710,694,290,404,16,0,16
S01009963,Whole house or bungalow: Detached,29,29,2,27,0,0,0
S01009963,Whole house or bungalow: Semi-detached,675,659,284,375,16,0,16
S01009963,Whole house or bungalow: Terraced (including end-terrace),6,6,4,2,0,0,0
S01009963,Flat maisonette or apartment or mobile/temporary accommodation,92,65,21,44,27,0,27
S01009964,All people in households,925,782,288,494,143,23,120
S01009964,Whole house or bungalow: Total,669,630,236,394,39,2,37
S01009964,Whole house or bungalow: Detached,59,54,29,25,5,0,5
S01009964,Whole house or bungalow: Semi-detached,281,268,85,183,13,0,13
S01009964,Whole house or bungalow: Terraced (including end-terrace),329,308,122,186,21,2,19
S01009964,Flat maisonette or apartment or mobile/temporary accommodation,256,152,52,100,104,21,83
S01009965,All people in households,718,654,249,405,64,39,25
S01009965,Whole house or bungalow: Total,655,630,240,390,25,3,22
S01009965,Whole house or bungalow: Detached,72,70,23,47,2,1,1
S01009965,Whole house or bungalow: Semi-detached,560,539,205,334,21,0,21
S01009965,Whole house or bungalow: Terraced (including end-terrace),23,21,12,9,2,2,0
S01009965,Flat maisonette or apartment or mobile/temporary accommodation,63,24,9,15,39,36,3
S01009966,All people in households,776,739,269,470,37,7,30
S01009966,Whole house or bungalow: Total,726,707,264,443,19,5,14
S01009966,Whole house or bungalow: Detached,19,19,12,7,0,0,0
S01009966,Whole house or bungalow: Semi-detached,600,589,221,368,11,4,7
S01009966,Whole house or bungalow: Terraced (including end-terrace),107,99,31,68,8,1,7
S01009966,Flat maisonette or apartment or mobile/temporary accommodation,50,32,5,27,18,2,16
S01009967,All people in households,801,732,332,400,69,11,58
S01009967,Whole house or bungalow: Total,509,495,223,272,14,0,14
S01009967,Whole house or bungalow: Detached,52,52,36,16,0,0,0
S01009967,Whole house or bungalow: Semi-detached,263,251,103,148,12,0,12
S01009967,Whole house or bungalow: Terraced (including end-terrace),194,192,84,108,2,0,2
S01009967,Flat maisonette or apartment or mobile/temporary accommodation,292,237,109,128,55,11,44
S01009968,All people in households,608,573,222,351,35,16,19
S01009968,Whole house or bungalow: Total,560,541,207,334,19,8,11
S01009968,Whole house or bungalow: Detached,8,3,3,0,5,5,0
S01009968,Whole house or bungalow: Semi-detached,356,350,143,207,6,3,3
S01009968,Whole house or bungalow: Terraced (including end-terrace),196,188,61,127,8,0,8
S01009968,Flat maisonette or apartment or mobile/temporary accommodation,48,32,15,17,16,8,8
S01009969,All people in households,857,745,281,464,112,63,49
S01009969,Whole house or bungalow: Total,766,719,273,446,47,29,18
S01009969,Whole house or bungalow: Detached,508,498,203,295,10,6,4
S01009969,Whole house or bungalow: Semi-detached,110,89,25,64,21,7,14
S01009969,Whole house or bungalow: Terraced (including end-terrace),148,132,45,87,16,16,0
S01009969,Flat maisonette or apartment or mobile/temporary accommodation,91,26,8,18,65,34,31
S01009970,All people in households,946,197,63,134,749,685,64
S01009970,Whole house or bungalow: Total,74,35,8,27,39,28,11
S01009970,Whole house or bungalow: Detached,1,0,0,0,1,1,0
S01009970,Whole house or bungalow: Semi-detached,40,29,2,27,11,5,6
S01009970,Whole house or bungalow: Terraced (including end-terrace),33,6,6,0,27,22,5
S01009970,Flat maisonette or apartment or mobile/temporary accommodation,872,162,55,107,710,657,53
S01009971,All people in households,1093,397,80,317,696,641,55
S01009971,Whole house or bungalow: Total,612,334,51,283,278,242,36
S01009971,Whole house or bungalow: Detached,163,147,14,133,16,6,10
S01009971,Whole house or bungalow: Semi-detached,259,128,24,104,131,113,18
S01009971,Whole house or bungalow: Terraced (including end-terrace),190,59,13,46,131,123,8
S01009971,Flat maisonette or apartment or mobile/temporary accommodation,481,63,29,34,418,399,19
S01009972,All people in households,814,555,151,404,259,207,52
S01009972,Whole house or bungalow: Total,495,444,88,356,51,15,36
S01009972,Whole house or bungalow: Detached,256,242,60,182,14,4,10
S01009972,Whole house or bungalow: Semi-detached,142,130,17,113,12,6,6
S01009972,Whole house or bungalow: Terraced (including end-terrace),97,72,11,61,25,5,20
S01009972,Flat maisonette or apartment or mobile/temporary accommodation,319,111,63,48,208,192,16
S01009973,All people in households,725,419,47,372,306,270,36
S01009973,Whole house or bungalow: Total,623,398,43,355,225,200,25
S01009973,Whole house or bungalow: Detached,91,81,7,74,10,10,0
S01009973,Whole house or bungalow: Semi-detached,222,181,28,153,41,23,18
S01009973,Whole house or bungalow: Terraced (including end-terrace),310,136,8,128,174,167,7
S01009973,Flat maisonette or apartment or mobile/temporary accommodation,102,21,4,17,81,70,11
S01009974,All people in households,615,50,19,31,565,552,13
S01009974,Whole house or bungalow: Total,134,26,15,11,108,100,8
S01009974,Whole house or bungalow: Detached,9,0,0,0,9,9,0
S01009974,Whole house or bungalow: Semi-detached,37,4,2,2,33,29,4
S01009974,Whole house or bungalow: Terraced (including end-terrace),88,22,13,9,66,62,4
S01009974,Flat maisonette or apartment or mobile/temporary accommodation,481,24,4,20,457,452,5
S01009975,All people in households,800,85,25,60,715,670,45
S01009975,Whole house or bungalow: Total,341,41,4,37,300,269,31
S01009975,Whole house or bungalow: Detached,14,0,0,0,14,9,5
S01009975,Whole house or bungalow: Semi-detached,109,17,4,13,92,87,5
S01009975,Whole house or bungalow: Terraced (including end-terrace),218,24,0,24,194,173,21
S01009975,Flat maisonette or apartment or mobile/temporary accommodation,459,44,21,23,415,401,14
S01009976,All people in households,490,156,29,127,334,311,23
S01009976,Whole house or bungalow: Total,59,12,3,9,47,47,0
S01009976,Whole house or bungalow: Detached,4,0,0,0,4,4,0
S01009976,Whole house or bungalow: Semi-detached,10,3,0,3,7,7,0
S01009976,Whole house or bungalow: Terraced (including end-terrace),45,9,3,6,36,36,0
S01009976,Flat maisonette or apartment or mobile/temporary accommodation,431,144,26,118,287,264,23
S01009977,All people in households,926,130,41,89,796,781,15
S01009977,Whole house or bungalow: Total,215,68,19,49,147,144,3
S01009977,Whole house or bungalow: Detached,10,2,0,2,8,8,0
S01009977,Whole house or bungalow: Semi-detached,111,34,17,17,77,77,0
S01009977,Whole house or bungalow: Terraced (including end-terrace),94,32,2,30,62,59,3
S01009977,Flat maisonette or apartment or mobile/temporary accommodation,711,62,22,40,649,637,12
S01009978,All people in households,1019,249,36,213,770,724,46
S01009978,Whole house or bungalow: Total,573,226,31,195,347,310,37
S01009978,Whole house or bungalow: Detached,32,19,3,16,13,9,4
S01009978,Whole house or bungalow: Semi-detached,231,112,14,98,119,100,19
S01009978,Whole house or bungalow: Terraced (including end-terrace),310,95,14,81,215,201,14
S01009978,Flat maisonette or apartment or mobile/temporary accommodation,446,23,5,18,423,414,9
S01009979,All people in households,481,74,24,50,407,396,11
S01009979,Whole house or bungalow: Total,151,27,5,22,124,121,3
S01009979,Whole house or bungalow: Detached,11,7,4,3,4,4,0
S01009979,Whole house or bungalow: Semi-detached,21,4,1,3,17,17,0
S01009979,Whole house or bungalow: Terraced (including end-terrace),119,16,0,16,103,100,3
S01009979,Flat maisonette or apartment or mobile/temporary accommodation,330,47,19,28,283,275,8
S01009980,All people in households,567,95,27,68,472,437,35
S01009980,Whole house or bungalow: Total,268,62,11,51,206,194,12
S01009980,Whole house or bungalow: Detached,10,3,3,0,7,7,0
S01009980,Whole house or bungalow: Semi-detached,96,14,1,13,82,82,0
S01009980,Whole house or bungalow: Terraced (including end-terrace),162,45,7,38,117,105,12
S01009980,Flat maisonette or apartment or mobile/temporary accommodation,299,33,16,17,266,243,23
S01009981,All people in households,694,117,15,102,577,548,29
S01009981,Whole house or bungalow: Total,333,69,8,61,264,244,20
S01009981,Whole house or bungalow: Detached,13,5,0,5,8,8,0
S01009981,Whole house or bungalow: Semi-detached,95,24,3,21,71,69,2
S01009981,Whole house or bungalow: Terraced (including end-terrace),225,40,5,35,185,167,18
S01009981,Flat maisonette or apartment or mobile/temporary accommodation,361,48,7,41,313,304,9
S01009982,All people in households,1030,496,56,440,534,467,67
S01009982,Whole house or bungalow: Total,586,432,36,396,154,102,52
S01009982,Whole house or bungalow: Detached,210,172,3,169,38,11,27
S01009982,Whole house or bungalow: Semi-detached,229,161,13,148,68,43,25
S01009982,Whole house or bungalow: Terraced (including end-terrace),147,99,20,79,48,48,0
S01009982,Flat maisonette or apartment or mobile/temporary accommodation,444,64,20,44,380,365,15
S01009983,All people in households,579,12,3,9,567,546,21
S01009983,Whole house or bungalow: Total,118,7,2,5,111,109,2
S01009983,Whole house or bungalow: Detached,13,1,0,1,12,12,0
S01009983,Whole house or bungalow: Semi-detached,43,2,2,0,41,41,0
S01009983,Whole house or bungalow: Terraced (including end-terrace),62,4,0,4,58,56,2
S01009983,Flat maisonette or apartment or mobile/temporary accommodation,461,5,1,4,456,437,19
S01009984,All people in households,750,382,52,330,368,324,44
S01009984,Whole house or bungalow: Total,418,338,39,299,80,60,20
S01009984,Whole house or bungalow: Detached,26,22,15,7,4,0,4
S01009984,Whole house or bungalow: Semi-detached,156,119,15,104,37,26,11
S01009984,Whole house or bungalow: Terraced (including end-terrace),236,197,9,188,39,34,5
S01009984,Flat maisonette or apartment or mobile/temporary accommodation,332,44,13,31,288,264,24
S01009985,All people in households,611,69,10,59,542,529,13
S01009985,Whole house or bungalow: Total,223,58,10,48,165,165,0
S01009985,Whole house or bungalow: Detached,11,0,0,0,11,11,0
S01009985,Whole house or bungalow: Semi-detached,76,42,8,34,34,34,0
S01009985,Whole house or bungalow: Terraced (including end-terrace),136,16,2,14,120,120,0
S01009985,Flat maisonette or apartment or mobile/temporary accommodation,388,11,0,11,377,364,13
S01009986,All people in households,552,88,41,47,464,441,23
S01009986,Whole house or bungalow: Total,104,10,4,6,94,92,2
S01009986,Whole house or bungalow: Detached,13,3,0,3,10,10,0
S01009986,Whole house or bungalow: Semi-detached,50,6,3,3,44,44,0
S01009986,Whole house or bungalow: Terraced (including end-terrace),41,1,1,0,40,38,2
S01009986,Flat maisonette or apartment or mobile/temporary accommodation,448,78,37,41,370,349,21
S01009987,All people in households,880,317,68,249,563,530,33
S01009987,Whole house or bungalow: Total,279,169,15,154,110,98,12
S01009987,Whole house or bungalow: Detached,2,0,0,0,2,0,2
S01009987,Whole house or bungalow: Semi-detached,141,108,6,102,33,28,5
S01009987,Whole house or bungalow: Terraced (including end-terrace),136,61,9,52,75,70,5
S01009987,Flat maisonette or apartment or mobile/temporary accommodation,601,148,53,95,453,432,21
S01009988,All people in households,497,106,47,59,391,374,17
S01009988,Whole house or bungalow: Total,85,14,2,12,71,67,4
S01009988,Whole house or bungalow: Detached,2,2,0,2,0,0,0
S01009988,Whole house or bungalow: Semi-detached,51,8,0,8,43,41,2
S01009988,Whole house or bungalow: Terraced (including end-terrace),32,4,2,2,28,26,2
S01009988,Flat maisonette or apartment or mobile/temporary accommodation,412,92,45,47,320,307,13
S01009989,All people in households,803,552,155,397,251,121,130
S01009989,Whole house or bungalow: Total,224,144,53,91,80,46,34
S01009989,Whole house or bungalow: Detached,8,8,6,2,0,0,0
S01009989,Whole house or bungalow: Semi-detached,122,82,25,57,40,19,21
S01009989,Whole house or bungalow: Terraced (including end-terrace),94,54,22,32,40,27,13
S01009989,Flat maisonette or apartment or mobile/temporary accommodation,579,408,102,306,171,75,96
S01009990,All people in households,673,526,139,387,147,8,139
S01009990,Whole house or bungalow: Total,31,23,5,18,8,2,6
S01009990,Whole house or bungalow: Detached,6,2,0,2,4,0,4
S01009990,Whole house or bungalow: Semi-detached,15,13,5,8,2,2,0
S01009990,Whole house or bungalow: Terraced (including end-terrace),10,8,0,8,2,0,2
S01009990,Flat maisonette or apartment or mobile/temporary accommodation,642,503,134,369,139,6,133
S01009991,All people in households,800,621,128,493,179,3,176
S01009991,Whole house or bungalow: Total,58,29,8,21,29,0,29
S01009991,Whole house or bungalow: Detached,9,2,0,2,7,0,7
S01009991,Whole house or bungalow: Semi-detached,40,19,8,11,21,0,21
S01009991,Whole house or bungalow: Terraced (including end-terrace),9,8,0,8,1,0,1
S01009991,Flat maisonette or apartment or mobile/temporary accommodation,742,592,120,472,150,3,147
S01009992,All people in households,695,190,50,140,505,466,39
S01009992,Whole house or bungalow: Total,277,100,20,80,177,167,10
S01009992,Whole house or bungalow: Detached,7,0,0,0,7,7,0
S01009992,Whole house or bungalow: Semi-detached,68,14,4,10,54,46,8
S01009992,Whole house or bungalow: Terraced (including end-terrace),202,86,16,70,116,114,2
S01009992,Flat maisonette or apartment or mobile/temporary accommodation,418,90,30,60,328,299,29
S01009993,All people in households,826,637,156,481,189,3,186
S01009993,Whole house or bungalow: Total,73,49,22,27,24,0,24
S01009993,Whole house or bungalow: Detached,30,25,15,10,5,0,5
S01009993,Whole house or bungalow: Semi-detached,38,20,5,15,18,0,18
S01009993,Whole house or bungalow: Terraced (including end-terrace),5,4,2,2,1,0,1
S01009993,Flat maisonette or apartment or mobile/temporary accommodation,753,588,134,454,165,3,162
S01009994,All people in households,725,544,129,415,181,9,172
S01009994,Whole house or bungalow: Total,47,22,7,15,25,0,25
S01009994,Whole house or bungalow: Detached,5,0,0,0,5,0,5
S01009994,Whole house or bungalow: Semi-detached,28,10,5,5,18,0,18
S01009994,Whole house or bungalow: Terraced (including end-terrace),14,12,2,10,2,0,2
S01009994,Flat maisonette or apartment or mobile/temporary accommodation,678,522,122,400,156,9,147
S01009995,All people in households,653,490,127,363,163,5,158
S01009995,Whole house or bungalow: Total,35,22,17,5,13,5,8
S01009995,Whole house or bungalow: Detached,12,7,6,1,5,5,0
S01009995,Whole house or bungalow: Semi-detached,19,13,9,4,6,0,6
S01009995,Whole house or bungalow: Terraced (including end-terrace),4,2,2,0,2,0,2
S01009995,Flat maisonette or apartment or mobile/temporary accommodation,618,468,110,358,150,0,150
S01009996,All people in households,744,507,116,391,237,37,200
S01009996,Whole house or bungalow: Total,66,42,8,34,24,5,19
S01009996,Whole house or bungalow: Detached,3,3,0,3,0,0,0
S01009996,Whole house or bungalow: Semi-detached,53,29,8,21,24,5,19
S01009996,Whole house or bungalow: Terraced (including end-terrace),10,10,0,10,0,0,0
S01009996,Flat maisonette or apartment or mobile/temporary accommodation,678,465,108,357,213,32,181
S01009997,All people in households,575,453,134,319,122,10,112
S01009997,Whole house or bungalow: Total,31,25,4,21,6,0,6
S01009997,Whole house or bungalow: Detached,7,6,0,6,1,0,1
S01009997,Whole house or bungalow: Semi-detached,12,11,4,7,1,0,1
S01009997,Whole house or bungalow: Terraced (including end-terrace),12,8,0,8,4,0,4
S01009997,Flat maisonette or apartment or mobile/temporary accommodation,544,428,130,298,116,10,106
S01009998,All people in households,634,550,248,302,84,20,64
S01009998,Whole house or bungalow: Total,542,492,234,258,50,6,44
S01009998,Whole house or bungalow: Detached,391,376,194,182,15,3,12
S01009998,Whole house or bungalow: Semi-detached,128,96,38,58,32,0,32
S01009998,Whole house or bungalow: Terraced (including end-terrace),23,20,2,18,3,3,0
S01009998,Flat maisonette or apartment or mobile/temporary accommodation,92,58,14,44,34,14,20
S01009999,All people in households,733,654,256,398,79,5,74
S01009999,Whole house or bungalow: Total,460,443,218,225,17,4,13
S01009999,Whole house or bungalow: Detached,9,9,1,8,0,0,0
S01009999,Whole house or bungalow: Semi-detached,322,309,164,145,13,4,9
S01009999,Whole house or bungalow: Terraced (including end-terrace),129,125,53,72,4,0,4
S01009999,Flat maisonette or apartment or mobile/temporary accommodation,273,211,38,173,62,1,61
S01010000,All people in households,616,458,105,353,158,10,148
S01010000,Whole house or bungalow: Total,48,36,8,28,12,0,12
S01010000,Whole house or bungalow: Detached,9,3,0,3,6,0,6
S01010000,Whole house or bungalow: Semi-detached,24,21,2,19,3,0,3
S01010000,Whole house or bungalow: Terraced (including end-terrace),15,12,6,6,3,0,3
S01010000,Flat maisonette or apartment or mobile/temporary accommodation,568,422,97,325,146,10,136
S01010001,All people in households,798,564,129,435,234,42,192
S01010001,Whole house or bungalow: Total,244,213,59,154,31,4,27
S01010001,Whole house or bungalow: Detached,11,11,2,9,0,0,0
S01010001,Whole house or bungalow: Semi-detached,132,113,47,66,19,0,19
S01010001,Whole house or bungalow: Terraced (including end-terrace),101,89,10,79,12,4,8
S01010001,Flat maisonette or apartment or mobile/temporary accommodation,554,351,70,281,203,38,165
S01010002,All people in households,779,613,192,421,166,13,153
S01010002,Whole house or bungalow: Total,95,51,21,30,44,9,35
S01010002,Whole house or bungalow: Detached,11,11,3,8,0,0,0
S01010002,Whole house or bungalow: Semi-detached,49,16,7,9,33,8,25
S01010002,Whole house or bungalow: Terraced (including end-terrace),35,24,11,13,11,1,10
S01010002,Flat maisonette or apartment or mobile/temporary accommodation,684,562,171,391,122,4,118
S01010003,All people in households,712,642,230,412,70,26,44
S01010003,Whole house or bungalow: Total,448,415,153,262,33,17,16
S01010003,Whole house or bungalow: Detached,17,7,7,0,10,10,0
S01010003,Whole house or bungalow: Semi-detached,272,255,97,158,17,4,13
S01010003,Whole house or bungalow: Terraced (including end-terrace),159,153,49,104,6,3,3
S01010003,Flat maisonette or apartment or mobile/temporary accommodation,264,227,77,150,37,9,28
S01010004,All people in households,730,691,296,395,39,8,31
S01010004,Whole house or bungalow: Total,683,661,284,377,22,0,22
S01010004,Whole house or bungalow: Detached,13,13,4,9,0,0,0
S01010004,Whole house or bungalow: Semi-detached,265,254,110,144,11,0,11
S01010004,Whole house or bungalow: Terraced (including end-terrace),405,394,170,224,11,0,11
S01010004,Flat maisonette or apartment or mobile/temporary accommodation,47,30,12,18,17,8,9
S01010005,All people in households,748,396,131,265,352,161,191
S01010005,Whole house or bungalow: Total,26,15,0,15,11,6,5
S01010005,Whole house or bungalow: Detached,0,0,0,0,0,0,0
S01010005,Whole house or bungalow: Semi-detached,7,3,0,3,4,4,0
S01010005,Whole house or bungalow: Terraced (including end-terrace),19,12,0,12,7,2,5
S01010005,Flat maisonette or apartment or mobile/temporary accommodation,722,381,131,250,341,155,186
S01010006,All people in households,874,499,171,328,375,143,232
S01010006,Whole house or bungalow: Total,26,11,2,9,15,13,2
S01010006,Whole house or bungalow: Detached,4,3,0,3,1,0,1
S01010006,Whole house or bungalow: Semi-detached,11,3,0,3,8,8,0
S01010006,Whole house or bungalow: Terraced (including end-terrace),11,5,2,3,6,5,1
S01010006,Flat maisonette or apartment or mobile/temporary accommodation,848,488,169,319,360,130,230
S01010007,All people in households,959,822,286,536,137,18,119
S01010007,Whole house or bungalow: Total,629,605,189,416,24,9,15
S01010007,Whole house or bungalow: Detached,21,21,2,19,0,0,0
S01010007,Whole house or bungalow: Semi-detached,161,142,38,104,19,9,10
S01010007,Whole house or bungalow: Terraced (including end-terrace),447,442,149,293,5,0,5
S01010007,Flat maisonette or apartment or mobile/temporary accommodation,330,217,97,120,113,9,104
S01010008,All people in households,618,293,84,209,325,108,217
S01010008,Whole house or bungalow: Total,14,14,3,11,0,0,0
S01010008,Whole house or bungalow: Detached,3,3,3,0,0,0,0
S01010008,Whole house or bungalow: Semi-detached,8,8,0,8,0,0,0
S01010008,Whole house or bungalow: Terraced (including end-terrace),3,3,0,3,0,0,0
S01010008,Flat maisonette or apartment or mobile/temporary accommodation,604,279,81,198,325,108,217
S01010009,All people in households,555,287,45,242,268,65,203
S01010009,Whole house or bungalow: Total,14,8,0,8,6,1,5
S01010009,Whole house or bungalow: Detached,1,0,0,0,1,1,0
S01010009,Whole house or bungalow: Semi-detached,11,7,0,7,4,0,4
S01010009,Whole house or bungalow: Terraced (including end-terrace),2,1,0,1,1,0,1
S01010009,Flat maisonette or apartment or mobile/temporary accommodation,541,279,45,234,262,64,198
S01010010,All people in households,1043,922,305,617,121,18,103
S01010010,Whole house or bungalow: Total,774,753,254,499,21,0,21
S01010010,Whole house or bungalow: Detached,85,79,37,42,6,0,6
S01010010,Whole house or bungalow: Semi-detached,349,337,121,216,12,0,12
S01010010,Whole house or bungalow: Terraced (including end-terrace),340,337,96,241,3,0,3
S01010010,Flat maisonette or apartment or mobile/temporary accommodation,269,169,51,118,100,18,82
S01010011,All people in households,730,332,103,229,398,231,167
S01010011,Whole house or bungalow: Total,17,14,9,5,3,3,0
S01010011,Whole house or bungalow: Detached,2,2,2,0,0,0,0
S01010011,Whole house or bungalow: Semi-detached,7,7,2,5,0,0,0
S01010011,Whole house or bungalow: Terraced (including end-terrace),8,5,5,0,3,3,0
S01010011,Flat maisonette or apartment or mobile/temporary accommodation,713,318,94,224,395,228,167
S01010012,All people in households,843,728,288,440,115,19,96
S01010012,Whole house or bungalow: Total,483,454,177,277,29,4,25
S01010012,Whole house or bungalow: Detached,15,15,0,15,0,0,0
S01010012,Whole house or bungalow: Semi-detached,122,121,40,81,1,1,0
S01010012,Whole house or bungalow: Terraced (including end-terrace),346,318,137,181,28,3,25
S01010012,Flat maisonette or apartment or mobile/temporary accommodation,360,274,111,163,86,15,71
S01010013,All people in households,781,462,113,349,319,51,268
S01010013,Whole house or bungalow: Total,238,219,70,149,19,7,12
S01010013,Whole house or bungalow: Detached,4,4,4,0,0,0,0
S01010013,Whole house or bungalow: Semi-detached,166,162,47,115,4,0,4
S01010013,Whole house or bungalow: Terraced (including end-terrace),68,53,19,34,15,7,8
S01010013,Flat maisonette or apartment or mobile/temporary accommodation,543,243,43,200,300,44,256
S01010014,All people in households,1003,771,218,553,232,91,141
S01010014,Whole house or bungalow: Total,129,126,49,77,3,1,2
S01010014,Whole house or bungalow: Detached,22,22,0,22,0,0,0
S01010014,Whole house or bungalow: Semi-detached,19,19,10,9,0,0,0
S01010014,Whole house or bungalow: Terraced (including end-terrace),88,85,39,46,3,1,2
S01010014,Flat maisonette or apartment or mobile/temporary accommodation,874,645,169,476,229,90,139
S01010015,All people in households,790,482,107,375,308,51,257
S01010015,Whole house or bungalow: Total,94,84,21,63,10,4,6
S01010015,Whole house or bungalow: Detached,7,2,0,2,5,0,5
S01010015,Whole house or bungalow: Semi-detached,8,4,0,4,4,4,0
S01010015,Whole house or bungalow: Terraced (including end-terrace),79,78,21,57,1,0,1
S01010015,Flat maisonette or apartment or mobile/temporary accommodation,696,398,86,312,298,47,251
S01010016,All people in households,723,503,173,330,220,186,34
S01010016,Whole house or bungalow: Total,437,372,118,254,65,48,17
S01010016,Whole house or bungalow: Detached,14,10,7,3,4,4,0
S01010016,Whole house or bungalow: Semi-detached,180,163,41,122,17,13,4
S01010016,Whole house or bungalow: Terraced (including end-terrace),243,199,70,129,44,31,13
S01010016,Flat maisonette or apartment or mobile/temporary accommodation,286,131,55,76,155,138,17
S01010017,All people in households,748,272,88,184,476,408,68
S01010017,Whole house or bungalow: Total,77,61,12,49,16,16,0
S01010017,Whole house or bungalow: Detached,10,4,0,4,6,6,0
S01010017,Whole house or bungalow: Semi-detached,4,4,4,0,0,0,0
S01010017,Whole house or bungalow: Terraced (including end-terrace),63,53,8,45,10,10,0
S01010017,Flat maisonette or apartment or mobile/temporary accommodation,671,211,76,135,460,392,68
S01010018,All people in households,945,430,108,322,515,419,96
S01010018,Whole house or bungalow: Total,217,156,7,149,61,34,27
S01010018,Whole house or bungalow: Detached,12,0,0,0,12,11,1
S01010018,Whole house or bungalow: Semi-detached,121,91,5,86,30,8,22
S01010018,Whole house or bungalow: Terraced (including end-terrace),84,65,2,63,19,15,4
S01010018,Flat maisonette or apartment or mobile/temporary accommodation,728,274,101,173,454,385,69
S01010019,All people in households,725,103,48,55,622,585,37
S01010019,Whole house or bungalow: Total,13,3,2,1,10,5,5
S01010019,Whole house or bungalow: Detached,0,0,0,0,0,0,0
S01010019,Whole house or bungalow: Semi-detached,5,0,0,0,5,0,5
S01010019,Whole house or bungalow: Terraced (including end-terrace),8,3,2,1,5,5,0
S01010019,Flat maisonette or apartment or mobile/temporary accommodation,712,100,46,54,612,580,32
S01010020,All people in households,742,444,157,287,298,246,52
S01010020,Whole house or bungalow: Total,337,275,82,193,62,48,14
S01010020,Whole house or bungalow: Detached,18,15,2,13,3,0,3
S01010020,Whole house or bungalow: Semi-detached,104,83,19,64,21,16,5
S01010020,Whole house or bungalow: Terraced (including end-terrace),215,177,61,116,38,32,6
S01010020,Flat maisonette or apartment or mobile/temporary accommodation,405,169,75,94,236,198,38
S01010021,All people in households,806,92,33,59,714,632,82
S01010021,Whole house or bungalow: Total,192,56,16,40,136,129,7
S01010021,Whole house or bungalow: Detached,9,7,0,7,2,2,0
S01010021,Whole house or bungalow: Semi-detached,18,10,1,9,8,5,3
S01010021,Whole house or bungalow: Terraced (including end-terrace),165,39,15,24,126,122,4
S01010021,Flat maisonette or apartment or mobile/temporary accommodation,614,36,17,19,578,503,75
S01010022,All people in households,956,285,55,230,671,504,167
S01010022,Whole house or bungalow: Total,259,86,19,67,173,150,23
S01010022,Whole house or bungalow: Detached,27,4,0,4,23,19,4
S01010022,Whole house or bungalow: Semi-detached,27,17,11,6,10,10,0
S01010022,Whole house or bungalow: Terraced (including end-terrace),205,65,8,57,140,121,19
S01010022,Flat maisonette or apartment or mobile/temporary accommodation,697,199,36,163,498,354,144
S01010023,All people in households,640,72,48,24,568,538,30
S01010023,Whole house or bungalow: Total,12,3,3,0,9,6,3
S01010023,Whole house or bungalow: Detached,0,0,0,0,0,0,0
S01010023,Whole house or bungalow: Semi-detached,4,0,0,0,4,4,0
S01010023,Whole house or bungalow: Terraced (including end-terrace),8,3,3,0,5,2,3
S01010023,Flat maisonette or apartment or mobile/temporary accommodation,628,69,45,24,559,532,27
S01010024,All people in households,718,149,27,122,569,460,109
S01010024,Whole house or bungalow: Total,83,18,2,16,65,59,6
S01010024,Whole house or bungalow: Detached,11,4,0,4,7,7,0
S01010024,Whole house or bungalow: Semi-detached,9,0,0,0,9,9,0
S01010024,Whole house or bungalow: Terraced (including end-terrace),63,14,2,12,49,43,6
S01010024,Flat maisonette or apartment or mobile/temporary accommodation,635,131,25,106,504,401,103
S01010025,All people in households,534,82,18,64,452,406,46
S01010025,Whole house or bungalow: Total,50,13,3,10,37,32,5
S01010025,Whole house or bungalow: Detached,10,3,0,3,7,2,5
S01010025,Whole house or bungalow: Semi-detached,21,8,1,7,13,13,0
S01010025,Whole house or bungalow: Terraced (including end-terrace),19,2,2,0,17,17,0
S01010025,Flat maisonette or apartment or mobile/temporary accommodation,484,69,15,54,415,374,41
S01010026,All people in households,876,239,47,192,637,511,126
S01010026,Whole house or bungalow: Total,76,40,5,35,36,25,11
S01010026,Whole house or bungalow: Detached,3,3,0,3,0,0,0
S01010026,Whole house or bungalow: Semi-detached,9,0,0,0,9,3,6
S01010026,Whole house or bungalow: Terraced (including end-terrace),64,37,5,32,27,22,5
S01010026,Flat maisonette or apartment or mobile/temporary accommodation,800,199,42,157,601,486,115
S01010027,All people in households,904,329,75,254,575,385,190
S01010027,Whole house or bungalow: Total,135,45,4,41,90,79,11
S01010027,Whole house or bungalow: Detached,9,2,0,2,7,7,0
S01010027,Whole house or bungalow: Semi-detached,17,3,0,3,14,14,0
S01010027,Whole house or bungalow: Terraced (including end-terrace),109,40,4,36,69,58,11
S01010027,Flat maisonette or apartment or mobile/temporary accommodation,769,284,71,213,485,306,179
S01010028,All people in households,639,150,35,115,489,399,90
S01010028,Whole house or bungalow: Total,30,5,0,5,25,25,0
S01010028,Whole house or bungalow: Detached,11,5,0,5,6,6,0
S01010028,Whole house or bungalow: Semi-detached,4,0,0,0,4,4,0
S01010028,Whole house or bungalow: Terraced (including end-terrace),15,0,0,0,15,15,0
S01010028,Flat maisonette or apartment or mobile/temporary accommodation,609,145,35,110,464,374,90
S01010029,All people in households,668,226,123,103,442,414,28
S01010029,Whole house or bungalow: Total,22,10,4,6,12,8,4
S01010029,Whole house or bungalow: Detached,0,0,0,0,0,0,0
S01010029,Whole house or bungalow: Semi-detached,2,0,0,0,2,2,0
S01010029,Whole house or bungalow: Terraced (including end-terrace),20,10,4,6,10,6,4
S01010029,Flat maisonette or apartment or mobile/temporary accommodation,646,216,119,97,430,406,24
S01010030,All people in households,815,395,97,298,420,184,236
S01010030,Whole house or bungalow: Total,130,81,23,58,49,18,31
S01010030,Whole house or bungalow: Detached,2,2,2,0,0,0,0
S01010030,Whole house or bungalow: Semi-detached,12,7,3,4,5,2,3
S01010030,Whole house or bungalow: Terraced (including end-terrace),116,72,18,54,44,16,28
S01010030,Flat maisonette or apartment or mobile/temporary accommodation,685,314,74,240,371,166,205
S01010031,All people in households,692,287,65,222,405,26,379
S01010031,Whole house or bungalow: Total,24,14,5,9,10,6,4
S01010031,Whole house or bungalow: Detached,2,0,0,0,2,2,0
S01010031,Whole house or bungalow: Semi-detached,14,8,3,5,6,2,4
S01010031,Whole house or bungalow: Terraced (including end-terrace),8,6,2,4,2,2,0
S01010031,Flat maisonette or apartment or mobile/temporary accommodation,668,273,60,213,395,20,375
S01010032,All people in households,518,161,28,133,357,53,304
S01010032,Whole house or bungalow: Total,10,7,1,6,3,3,0
S01010032,Whole house or bungalow: Detached,9,6,0,6,3,3,0
S01010032,Whole house or bungalow: Semi-detached,1,1,1,0,0,0,0
S01010032,Whole house or bungalow: Terraced (including end-terrace),0,0,0,0,0,0,0
S01010032,Flat maisonette or apartment or mobile/temporary accommodation,508,154,27,127,354,50,304
S01010033,All people in households,905,187,53,134,718,451,267
S01010033,Whole house or bungalow: Total,38,32,3,29,6,1,5
S01010033,Whole house or bungalow: Detached,8,5,0,5,3,0,3
S01010033,Whole house or bungalow: Semi-detached,11,9,0,9,2,0,2
S01010033,Whole house or bungalow: Terraced (including end-terrace),19,18,3,15,1,1,0
S01010033,Flat maisonette or apartment or mobile/temporary accommodation,867,155,50,105,712,450,262
S01010034,All people in households,852,260,109,151,592,484,108
S01010034,Whole house or bungalow: Total,76,53,25,28,23,17,6
S01010034,Whole house or bungalow: Detached,3,2,2,0,1,1,0
S01010034,Whole house or bungalow: Semi-detached,15,12,10,2,3,3,0
S01010034,Whole house or bungalow: Terraced (including end-terrace),58,39,13,26,19,13,6
S01010034,Flat maisonette or apartment or mobile/temporary accommodation,776,207,84,123,569,467,102
S01010035,All people in households,686,101,32,69,585,505,80
S01010035,Whole house or bungalow: Total,26,21,3,18,5,3,2
S01010035,Whole house or bungalow: Detached,10,8,0,8,2,1,1
S01010035,Whole house or bungalow: Semi-detached,6,6,0,6,0,0,0
S01010035,Whole house or bungalow: Terraced (including end-terrace),10,7,3,4,3,2,1
S01010035,Flat maisonette or apartment or mobile/temporary accommodation,660,80,29,51,580,502,78
S01010036,All people in households,796,131,43,88,665,38,627
S01010036,Whole house or bungalow: Total,9,3,1,2,6,5,1
S01010036,Whole house or bungalow: Detached,0,0,0,0,0,0,0
S01010036,Whole house or bungalow: Semi-detached,2,1,1,0,1,0,1
S01010036,Whole house or bungalow: Terraced (including end-terrace),7,2,0,2,5,5,0
S01010036,Flat maisonette or apartment or mobile/temporary accommodation,787,128,42,86,659,33,626
S01010037,All people in households,642,222,86,136,420,374,46
S01010037,Whole house or bungalow: Total,250,132,59,73,118,109,9
S01010037,Whole house or bungalow: Detached,12,2,2,0,10,10,0
S01010037,Whole house or bungalow: Semi-detached,31,13,7,6,18,18,0
S01010037,Whole house or bungalow: Terraced (including end-terrace),207,117,50,67,90,81,9
S01010037,Flat maisonette or apartment or mobile/temporary accommodation,392,90,27,63,302,265,37
S01010038,All people in households,990,303,97,206,687,489,198
S01010038,Whole house or bungalow: Total,247,143,45,98,104,77,27
S01010038,Whole house or bungalow: Detached,24,12,7,5,12,12,0
S01010038,Whole house or bungalow: Semi-detached,54,42,7,35,12,5,7
S01010038,Whole house or bungalow: Terraced (including end-terrace),169,89,31,58,80,60,20
S01010038,Flat maisonette or apartment or mobile/temporary accommodation,743,160,52,108,583,412,171
S01010039,All people in households,945,304,52,252,641,58,583
S01010039,Whole house or bungalow: Total,8,6,0,6,2,0,2
S01010039,Whole house or bungalow: Detached,0,0,0,0,0,0,0
S01010039,Whole house or bungalow: Semi-detached,0,0,0,0,0,0,0
S01010039,Whole house or bungalow: Terraced (including end-terrace),8,6,0,6,2,0,2
S01010039,Flat maisonette or apartment or mobile/temporary accommodation,937,298,52,246,639,58,581
S01010040,All people in households,725,364,89,275,361,102,259
S01010040,Whole house or bungalow: Total,136,75,8,67,61,14,47
S01010040,Whole house or bungalow: Detached,16,1,1,0,15,0,15
S01010040,Whole house or bungalow: Semi-detached,29,14,1,13,15,5,10
S01010040,Whole house or bungalow: Terraced (including end-terrace),91,60,6,54,31,9,22
S01010040,Flat maisonette or apartment or mobile/temporary accommodation,589,289,81,208,300,88,212
S01010041,All people in households,649,217,59,158,432,205,227
S01010041,Whole house or bungalow: Total,39,18,6,12,21,5,16
S01010041,Whole house or bungalow: Detached,3,3,3,0,0,0,0
S01010041,Whole house or bungalow: Semi-detached,5,2,0,2,3,3,0
S01010041,Whole house or bungalow: Terraced (including end-terrace),31,13,3,10,18,2,16
S01010041,Flat maisonette or apartment or mobile/temporary accommodation,610,199,53,146,411,200,211
S01010042,All people in households,1095,316,52,264,779,153,626
S01010042,Whole house or bungalow: Total,122,79,27,52,43,7,36
S01010042,Whole house or bungalow: Detached,11,3,0,3,8,0,8
S01010042,Whole house or bungalow: Semi-detached,17,13,7,6,4,0,4
S01010042,Whole house or bungalow: Terraced (including end-terrace),94,63,20,43,31,7,24
S01010042,Flat maisonette or apartment or mobile/temporary accommodation,973,237,25,212,736,146,590
S01010043,All people in households,770,238,63,175,532,358,174
S01010043,Whole house or bungalow: Total,75,55,17,38,20,8,12
S01010043,Whole house or bungalow: Detached,0,0,0,0,0,0,0
S01010043,Whole house or bungalow: Semi-detached,8,6,2,4,2,2,0
S01010043,Whole house or bungalow: Terraced (including end-terrace),67,49,15,34,18,6,12
S01010043,Flat maisonette or apartment or mobile/temporary accommodation,695,183,46,137,512,350,162
S01010044,All people in households,1100,427,109,318,673,356,317
S01010044,Whole house or bungalow: Total,294,190,67,123,104,84,20
S01010044,Whole house or bungalow: Detached,12,2,0,2,10,9,1
S01010044,Whole house or bungalow: Semi-detached,53,27,4,23,26,22,4
S01010044,Whole house or bungalow: Terraced (including end-terrace),229,161,63,98,68,53,15
S01010044,Flat maisonette or apartment or mobile/temporary accommodation,806,237,42,195,569,272,297
S01010045,All people in households,550,80,31,49,470,444,26
S01010045,Whole house or bungalow: Total,109,42,15,27,67,58,9
S01010045,Whole house or bungalow: Detached,2,0,0,0,2,2,0
S01010045,Whole house or bungalow: Semi-detached,35,16,1,15,19,14,5
S01010045,Whole house or bungalow: Terraced (including end-terrace),72,26,14,12,46,42,4
S01010045,Flat maisonette or apartment or mobile/temporary accommodation,441,38,16,22,403,386,17
S01010046,All people in households,747,234,111,123,513,394,119
S01010046,Whole house or bungalow: Total,213,67,26,41,146,134,12
S01010046,Whole house or bungalow: Detached,9,6,4,2,3,3,0
S01010046,Whole house or bungalow: Semi-detached,43,13,5,8,30,28,2
S01010046,Whole house or bungalow: Terraced (including end-terrace),161,48,17,31,113,103,10
S01010046,Flat maisonette or apartment or mobile/temporary accommodation,534,167,85,82,367,260,107
S01010047,All people in households,828,153,35,118,675,652,23
S01010047,Whole house or bungalow: Total,136,55,21,34,81,81,0
S01010047,Whole house or bungalow: Detached,5,0,0,0,5,5,0
S01010047,Whole house or bungalow: Semi-detached,17,9,8,1,8,8,0
S01010047,Whole house or bungalow: Terraced (including end-terrace),114,46,13,33,68,68,0
S01010047,Flat maisonette or apartment or mobile/temporary accommodation,692,98,14,84,594,571,23
S01010048,All people in households,950,194,79,115,756,660,96
S01010048,Whole house or bungalow: Total,291,66,22,44,225,204,21
S01010048,Whole house or bungalow: Detached,23,3,3,0,20,15,5
S01010048,Whole house or bungalow: Semi-detached,100,15,0,15,85,80,5
S01010048,Whole house or bungalow: Terraced (including end-terrace),168,48,19,29,120,109,11
S01010048,Flat maisonette or apartment or mobile/temporary accommodation,659,128,57,71,531,456,75
S01010049,All people in households,807,65,19,46,742,662,80
S01010049,Whole house or bungalow: Total,112,17,4,13,95,91,4
S01010049,Whole house or bungalow: Detached,13,5,0,5,8,8,0
S01010049,Whole house or bungalow: Semi-detached,38,5,1,4,33,33,0
S01010049,Whole house or bungalow: Terraced (including end-terrace),61,7,3,4,54,50,4
S01010049,Flat maisonette or apartment or mobile/temporary accommodation,695,48,15,33,647,571,76
S01010050,All people in households,979,113,32,81,866,743,123
S01010050,Whole house or bungalow: Total,145,28,5,23,117,109,8
S01010050,Whole house or bungalow: Detached,15,10,0,10,5,3,2
S01010050,Whole house or bungalow: Semi-detached,88,8,4,4,80,78,2
S01010050,Whole house or bungalow: Terraced (including end-terrace),42,10,1,9,32,28,4
S01010050,Flat maisonette or apartment or mobile/temporary accommodation,834,85,27,58,749,634,115
S01010051,All people in households,699,135,48,87,564,467,97
S01010051,Whole house or bungalow: Total,101,51,19,32,50,45,5
S01010051,Whole house or bungalow: Detached,13,5,0,5,8,5,3
S01010051,Whole house or bungalow: Semi-detached,23,18,6,12,5,5,0
S01010051,Whole house or bungalow: Terraced (including end-terrace),65,28,13,15,37,35,2
S01010051,Flat maisonette or apartment or mobile/temporary accommodation,598,84,29,55,514,422,92
S01010052,All people in households,627,148,45,103,479,331,148
S01010052,Whole house or bungalow: Total,68,57,8,49,11,8,3
S01010052,Whole house or bungalow: Detached,4,0,0,0,4,2,2
S01010052,Whole house or bungalow: Semi-detached,12,12,4,8,0,0,0
S01010052,Whole house or bungalow: Terraced (including end-terrace),52,45,4,41,7,6,1
S01010052,Flat maisonette or apartment or mobile/temporary accommodation,559,91,37,54,468,323,145
S01010053,All people in households,859,190,63,127,669,415,254
S01010053,Whole house or bungalow: Total,317,120,35,85,197,157,40
S01010053,Whole house or bungalow: Detached,14,12,0,12,2,0,2
S01010053,Whole house or bungalow: Semi-detached,48,13,4,9,35,31,4
S01010053,Whole house or bungalow: Terraced (including end-terrace),255,95,31,64,160,126,34
S01010053,Flat maisonette or apartment or mobile/temporary accommodation,542,70,28,42,472,258,214
S01010054,All people in households,573,48,4,44,525,520,5
S01010054,Whole house or bungalow: Total,439,44,3,41,395,395,0
S01010054,Whole house or bungalow: Detached,22,0,0,0,22,22,0
S01010054,Whole house or bungalow: Semi-detached,166,10,0,10,156,156,0
S01010054,Whole house or bungalow: Terraced (including end-terrace),251,34,3,31,217,217,0
S01010054,Flat maisonette or apartment or mobile/temporary accommodation,134,4,1,3,130,125,5
S01010055,All people in households,948,412,96,316,536,385,151
S01010055,Whole house or bungalow: Total,392,243,64,179,149,120,29
S01010055,Whole house or bungalow: Detached,31,20,11,9,11,7,4
S01010055,Whole house or bungalow: Semi-detached,84,43,11,32,41,31,10
S01010055,Whole house or bungalow: Terraced (including end-terrace),277,180,42,138,97,82,15
S01010055,Flat maisonette or apartment or mobile/temporary accommodation,556,169,32,137,387,265,122
S01010056,All people in households,451,43,16,27,408,388,20
S01010056,Whole house or bungalow: Total,164,19,6,13,145,134,11
S01010056,Whole house or bungalow: Detached,15,0,0,0,15,14,1
S01010056,Whole house or bungalow: Semi-detached,92,7,1,6,85,79,6
S01010056,Whole house or bungalow: Terraced (including end-terrace),57,12,5,7,45,41,4
S01010056,Flat maisonette or apartment or mobile/temporary accommodation,287,24,10,14,263,254,9
S01010057,All people in households,407,149,37,112,258,164,94
S01010057,Whole house or bungalow: Total,61,11,1,10,50,46,4
S01010057,Whole house or bungalow: Detached,13,3,0,3,10,10,0
S01010057,Whole house or bungalow: Semi-detached,41,8,1,7,33,33,0
S01010057,Whole house or bungalow: Terraced (including end-terrace),7,0,0,0,7,3,4
S01010057,Flat maisonette or apartment or mobile/temporary accommodation,346,138,36,102,208,118,90
S01010058,All people in households,781,274,39,235,507,365,142
S01010058,Whole house or bungalow: Total,497,202,24,178,295,240,55
S01010058,Whole house or bungalow: Detached,36,5,1,4,31,20,11
S01010058,Whole house or bungalow: Semi-detached,213,93,5,88,120,83,37
S01010058,Whole house or bungalow: Terraced (including end-terrace),248,104,18,86,144,137,7
S01010058,Flat maisonette or apartment or mobile/temporary accommodation,284,72,15,57,212,125,87
S01010059,All people in households,604,271,90,181,333,152,181
S01010059,Whole house or bungalow: Total,85,60,22,38,25,5,20
S01010059,Whole house or bungalow: Detached,25,16,13,3,9,0,9
S01010059,Whole house or bungalow: Semi-detached,46,40,8,32,6,2,4
S01010059,Whole house or bungalow: Terraced (including end-terrace),14,4,1,3,10,3,7
S01010059,Flat maisonette or apartment or mobile/temporary accommodation,519,211,68,143,308,147,161
S01010060,All people in households,901,297,105,192,604,491,113
S01010060,Whole house or bungalow: Total,259,174,71,103,85,67,18
S01010060,Whole house or bungalow: Detached,24,19,10,9,5,3,2
S01010060,Whole house or bungalow: Semi-detached,128,72,28,44,56,51,5
S01010060,Whole house or bungalow: Terraced (including end-terrace),107,83,33,50,24,13,11
S01010060,Flat maisonette or apartment or mobile/temporary accommodation,642,123,34,89,519,424,95
S01010061,All people in households,510,330,63,267,180,78,102
S01010061,Whole house or bungalow: Total,245,201,40,161,44,26,18
S01010061,Whole house or bungalow: Detached,2,0,0,0,2,0,2
S01010061,Whole house or bungalow: Semi-detached,167,140,27,113,27,15,12
S01010061,Whole house or bungalow: Terraced (including end-terrace),76,61,13,48,15,11,4
S01010061,Flat maisonette or apartment or mobile/temporary accommodation,265,129,23,106,136,52,84
S01010062,All people in households,750,300,123,177,450,371,79
S01010062,Whole house or bungalow: Total,238,168,76,92,70,59,11
S01010062,Whole house or bungalow: Detached,12,5,5,0,7,4,3
S01010062,Whole house or bungalow: Semi-detached,175,129,64,65,46,42,4
S01010062,Whole house or bungalow: Terraced (including end-terrace),51,34,7,27,17,13,4
S01010062,Flat maisonette or apartment or mobile/temporary accommodation,512,132,47,85,380,312,68
S01010063,All people in households,925,228,62,166,697,533,164
S01010063,Whole house or bungalow: Total,50,30,7,23,20,7,13
S01010063,Whole house or bungalow: Detached,10,3,0,3,7,0,7
S01010063,Whole house or bungalow: Semi-detached,18,14,7,7,4,1,3
S01010063,Whole house or bungalow: Terraced (including end-terrace),22,13,0,13,9,6,3
S01010063,Flat maisonette or apartment or mobile/temporary accommodation,875,198,55,143,677,526,151
S01010064,All people in households,544,257,70,187,287,207,80
S01010064,Whole house or bungalow: Total,229,173,34,139,56,7,49
S01010064,Whole house or bungalow: Detached,14,14,0,14,0,0,0
S01010064,Whole house or bungalow: Semi-detached,87,68,21,47,19,0,19
S01010064,Whole house or bungalow: Terraced (including end-terrace),128,91,13,78,37,7,30
S01010064,Flat maisonette or apartment or mobile/temporary accommodation,315,84,36,48,231,200,31
S01010065,All people in households,839,348,121,227,491,417,74
S01010065,Whole house or bungalow: Total,266,179,65,114,87,74,13
S01010065,Whole house or bungalow: Detached,11,4,2,2,7,2,5
S01010065,Whole house or bungalow: Semi-detached,161,112,46,66,49,41,8
S01010065,Whole house or bungalow: Terraced (including end-terrace),94,63,17,46,31,31,0
S01010065,Flat maisonette or apartment or mobile/temporary accommodation,573,169,56,113,404,343,61
S01010066,All people in households,753,263,92,171,490,409,81
S01010066,Whole house or bungalow: Total,410,210,53,157,200,177,23
S01010066,Whole house or bungalow: Detached,15,0,0,0,15,13,2
S01010066,Whole house or bungalow: Semi-detached,218,104,29,75,114,101,13
S01010066,Whole house or bungalow: Terraced (including end-terrace),177,106,24,82,71,63,8
S01010066,Flat maisonette or apartment or mobile/temporary accommodation,343,53,39,14,290,232,58
S01010067,All people in households,608,96,16,80,512,473,39
S01010067,Whole house or bungalow: Total,100,14,5,9,86,78,8
S01010067,Whole house or bungalow: Detached,15,1,1,0,14,10,4
S01010067,Whole house or bungalow: Semi-detached,43,3,3,0,40,40,0
S01010067,Whole house or bungalow: Terraced (including end-terrace),42,10,1,9,32,28,4
S01010067,Flat maisonette or apartment or mobile/temporary accommodation,508,82,11,71,426,395,31
S01010068,All people in households,641,196,28,168,445,207,238
S01010068,Whole house or bungalow: Total,282,128,14,114,154,62,92
S01010068,Whole house or bungalow: Detached,29,20,0,20,9,0,9
S01010068,Whole house or bungalow: Semi-detached,61,15,0,15,46,21,25
S01010068,Whole house or bungalow: Terraced (including end-terrace),192,93,14,79,99,41,58
S01010068,Flat maisonette or apartment or mobile/temporary accommodation,359,68,14,54,291,145,146
S01010069,All people in households,829,742,190,552,87,39,48
S01010069,Whole house or bungalow: Total,689,628,178,450,61,30,31
S01010069,Whole house or bungalow: Detached,104,102,30,72,2,0,2
S01010069,Whole house or bungalow: Semi-detached,446,409,122,287,37,19,18
S01010069,Whole house or bungalow: Terraced (including end-terrace),139,117,26,91,22,11,11
S01010069,Flat maisonette or apartment or mobile/temporary accommodation,140,114,12,102,26,9,17
S01010070,All people in households,665,619,132,487,46,13,33
S01010070,Whole house or bungalow: Total,637,606,122,484,31,7,24
S01010070,Whole house or bungalow: Detached,155,146,49,97,9,0,9
S01010070,Whole house or bungalow: Semi-detached,468,446,68,378,22,7,15
S01010070,Whole house or bungalow: Terraced (including end-terrace),14,14,5,9,0,0,0
S01010070,Flat maisonette or apartment or mobile/temporary accommodation,28,13,10,3,15,6,9
S01010071,All people in households,793,609,185,424,184,139,45
S01010071,Whole house or bungalow: Total,576,510,153,357,66,55,11
S01010071,Whole house or bungalow: Detached,55,55,18,37,0,0,0
S01010071,Whole house or bungalow: Semi-detached,406,365,116,249,41,32,9
S01010071,Whole house or bungalow: Terraced (including end-terrace),115,90,19,71,25,23,2
S01010071,Flat maisonette or apartment or mobile/temporary accommodation,217,99,32,67,118,84,34
S01010072,All people in households,796,622,202,420,174,137,37
S01010072,Whole house or bungalow: Total,493,437,132,305,56,41,15
S01010072,Whole house or bungalow: Detached,35,35,9,26,0,0,0
S01010072,Whole house or bungalow: Semi-detached,387,348,104,244,39,31,8
S01010072,Whole house or bungalow: Terraced (including end-terrace),71,54,19,35,17,10,7
S01010072,Flat maisonette or apartment or mobile/temporary accommodation,303,185,70,115,118,96,22
S01010073,All people in households,780,687,318,369,93,63,30
S01010073,Whole house or bungalow: Total,611,584,254,330,27,9,18
S01010073,Whole house or bungalow: Detached,7,0,0,0,7,3,4
S01010073,Whole house or bungalow: Semi-detached,584,566,251,315,18,4,14
S01010073,Whole house or bungalow: Terraced (including end-terrace),20,18,3,15,2,2,0
S01010073,Flat maisonette or apartment or mobile/temporary accommodation,169,103,64,39,66,54,12
S01010074,All people in households,711,659,295,364,52,18,34
S01010074,Whole house or bungalow: Total,631,603,274,329,28,5,23
S01010074,Whole house or bungalow: Detached,126,125,59,66,1,1,0
S01010074,Whole house or bungalow: Semi-detached,322,315,148,167,7,0,7
S01010074,Whole house or bungalow: Terraced (including end-terrace),183,163,67,96,20,4,16
S01010074,Flat maisonette or apartment or mobile/temporary accommodation,80,56,21,35,24,13,11
S01010075,All people in households,624,414,156,258,210,169,41
S01010075,Whole house or bungalow: Total,601,405,154,251,196,155,41
S01010075,Whole house or bungalow: Detached,15,8,8,0,7,1,6
S01010075,Whole house or bungalow: Semi-detached,128,61,19,42,67,52,15
S01010075,Whole house or bungalow: Terraced (including end-terrace),458,336,127,209,122,102,20
S01010075,Flat maisonette or apartment or mobile/temporary accommodation,23,9,2,7,14,14,0
S01010076,All people in households,686,479,120,359,207,149,58
S01010076,Whole house or bungalow: Total,636,453,115,338,183,129,54
S01010076,Whole house or bungalow: Detached,7,7,0,7,0,0,0
S01010076,Whole house or bungalow: Semi-detached,156,110,25,85,46,23,23
S01010076,Whole house or bungalow: Terraced (including end-terrace),473,336,90,246,137,106,31
S01010076,Flat maisonette or apartment or mobile/temporary accommodation,50,26,5,21,24,20,4
S01010077,All people in households,614,307,75,232,307,265,42
S01010077,Whole house or bungalow: Total,322,197,52,145,125,99,26
S01010077,Whole house or bungalow: Detached,27,12,8,4,15,10,5
S01010077,Whole house or bungalow: Semi-detached,123,85,30,55,38,29,9
S01010077,Whole house or bungalow: Terraced (including end-terrace),172,100,14,86,72,60,12
S01010077,Flat maisonette or apartment or mobile/temporary accommodation,292,110,23,87,182,166,16
S01010078,All people in households,631,568,179,389,63,43,20
S01010078,Whole house or bungalow: Total,600,557,175,382,43,29,14
S01010078,Whole house or bungalow: Detached,282,271,103,168,11,6,5
S01010078,Whole house or bungalow: Semi-detached,208,199,53,146,9,2,7
S01010078,Whole house or bungalow: Terraced (including end-terrace),110,87,19,68,23,21,2
S01010078,Flat maisonette or apartment or mobile/temporary accommodation,31,11,4,7,20,14,6
S01010079,All people in households,923,862,333,529,61,22,39
S01010079,Whole house or bungalow: Total,822,795,315,480,27,6,21
S01010079,Whole house or bungalow: Detached,533,531,197,334,2,0,2
S01010079,Whole house or bungalow: Semi-detached,226,204,94,110,22,6,16
S01010079,Whole house or bungalow: Terraced (including end-terrace),63,60,24,36,3,0,3
S01010079,Flat maisonette or apartment or mobile/temporary accommodation,101,67,18,49,34,16,18
S01010080,All people in households,651,618,304,314,33,11,22
S01010080,Whole house or bungalow: Total,617,596,295,301,21,3,18
S01010080,Whole house or bungalow: Detached,114,108,69,39,6,0,6
S01010080,Whole house or bungalow: Semi-detached,454,439,206,233,15,3,12
S01010080,Whole house or bungalow: Terraced (including end-terrace),49,49,20,29,0,0,0
S01010080,Flat maisonette or apartment or mobile/temporary accommodation,34,22,9,13,12,8,4
S01010081,All people in households,701,639,302,337,62,28,34
S01010081,Whole house or bungalow: Total,630,595,286,309,35,20,15
S01010081,Whole house or bungalow: Detached,256,241,123,118,15,8,7
S01010081,Whole house or bungalow: Semi-detached,299,285,145,140,14,7,7
S01010081,Whole house or bungalow: Terraced (including end-terrace),75,69,18,51,6,5,1
S01010081,Flat maisonette or apartment or mobile/temporary accommodation,71,44,16,28,27,8,19
S01010082,All people in households,854,686,279,407,168,11,157
S01010082,Whole house or bungalow: Total,524,491,203,288,33,3,30
S01010082,Whole house or bungalow: Detached,246,235,101,134,11,0,11
S01010082,Whole house or bungalow: Semi-detached,252,235,89,146,17,0,17
S01010082,Whole house or bungalow: Terraced (including end-terrace),26,21,13,8,5,3,2
S01010082,Flat maisonette or apartment or mobile/temporary accommodation,330,195,76,119,135,8,127
S01010083,All people in households,716,497,150,347,219,162,57
S01010083,Whole house or bungalow: Total,602,453,144,309,149,111,38
S01010083,Whole house or bungalow: Detached,9,4,4,0,5,5,0
S01010083,Whole house or bungalow: Semi-detached,135,103,33,70,32,22,10
S01010083,Whole house or bungalow: Terraced (including end-terrace),458,346,107,239,112,84,28
S01010083,Flat maisonette or apartment or mobile/temporary accommodation,114,44,6,38,70,51,19
S01010084,All people in households,878,542,158,384,336,264,72
S01010084,Whole house or bungalow: Total,684,455,136,319,229,182,47
S01010084,Whole house or bungalow: Detached,15,15,2,13,0,0,0
S01010084,Whole house or bungalow: Semi-detached,165,105,26,79,60,36,24
S01010084,Whole house or bungalow: Terraced (including end-terrace),504,335,108,227,169,146,23
S01010084,Flat maisonette or apartment or mobile/temporary accommodation,194,87,22,65,107,82,25
S01010085,All people in households,760,711,277,434,49,23,26
S01010085,Whole house or bungalow: Total,737,702,274,428,35,16,19
S01010085,Whole house or bungalow: Detached,70,67,22,45,3,2,1
S01010085,Whole house or bungalow: Semi-detached,550,541,203,338,9,0,9
S01010085,Whole house or bungalow: Terraced (including end-terrace),117,94,49,45,23,14,9
S01010085,Flat maisonette or apartment or mobile/temporary accommodation,23,9,3,6,14,7,7
S01010086,All people in households,915,516,168,348,399,342,57
S01010086,Whole house or bungalow: Total,692,435,147,288,257,221,36
S01010086,Whole house or bungalow: Detached,17,11,9,2,6,3,3
S01010086,Whole house or bungalow: Semi-detached,185,117,30,87,68,65,3
S01010086,Whole house or bungalow: Terraced (including end-terrace),490,307,108,199,183,153,30
S01010086,Flat maisonette or apartment or mobile/temporary accommodation,223,81,21,60,142,121,21
S01010087,All people in households,573,545,281,264,28,11,17
S01010087,Whole house or bungalow: Total,568,545,281,264,23,10,13
S01010087,Whole house or bungalow: Detached,46,46,22,24,0,0,0
S01010087,Whole house or bungalow: Semi-detached,504,489,256,233,15,2,13
S01010087,Whole house or bungalow: Terraced (including end-terrace),18,10,3,7,8,8,0
S01010087,Flat maisonette or apartment or mobile/temporary accommodation,5,0,0,0,5,1,4
S01010088,All people in households,821,723,40,683,98,33,65
S01010088,Whole house or bungalow: Total,727,687,36,651,40,17,23
S01010088,Whole house or bungalow: Detached,650,631,26,605,19,0,19
S01010088,Whole house or bungalow: Semi-detached,61,47,10,37,14,10,4
S01010088,Whole house or bungalow: Terraced (including end-terrace),16,9,0,9,7,7,0
S01010088,Flat maisonette or apartment or mobile/temporary accommodation,94,36,4,32,58,16,42
S01010089,All people in households,683,436,135,301,247,135,112
S01010089,Whole house or bungalow: Total,293,269,68,201,24,15,9
S01010089,Whole house or bungalow: Detached,76,72,11,61,4,0,4
S01010089,Whole house or bungalow: Semi-detached,159,144,50,94,15,11,4
S01010089,Whole house or bungalow: Terraced (including end-terrace),58,53,7,46,5,4,1
S01010089,Flat maisonette or apartment or mobile/temporary accommodation,390,167,67,100,223,120,103
S01010090,All people in households,1054,824,200,624,230,84,146
S01010090,Whole house or bungalow: Total,842,757,182,575,85,45,40
S01010090,Whole house or bungalow: Detached,387,368,85,283,19,2,17
S01010090,Whole house or bungalow: Semi-detached,339,313,82,231,26,8,18
S01010090,Whole house or bungalow: Terraced (including end-terrace),116,76,15,61,40,35,5
S01010090,Flat maisonette or apartment or mobile/temporary accommodation,212,67,18,49,145,39,106
S01010091,All people in households,866,551,78,473,315,209,106
S01010091,Whole house or bungalow: Total,598,503,69,434,95,76,19
S01010091,Whole house or bungalow: Detached,325,316,37,279,9,0,9
S01010091,Whole house or bungalow: Semi-detached,209,156,20,136,53,43,10
S01010091,Whole house or bungalow: Terraced (including end-terrace),64,31,12,19,33,33,0
S01010091,Flat maisonette or apartment or mobile/temporary accommodation,268,48,9,39,220,133,87
S01010092,All people in households,958,490,176,314,468,362,106
S01010092,Whole house or bungalow: Total,513,330,106,224,183,137,46
S01010092,Whole house or bungalow: Detached,40,35,13,22,5,5,0
S01010092,Whole house or bungalow: Semi-detached,172,131,37,94,41,23,18
S01010092,Whole house or bungalow: Terraced (including end-terrace),301,164,56,108,137,109,28
S01010092,Flat maisonette or apartment or mobile/temporary accommodation,445,160,70,90,285,225,60
S01010093,All people in households,869,696,204,492,173,71,102
S01010093,Whole house or bungalow: Total,502,488,146,342,14,3,11
S01010093,Whole house or bungalow: Detached,16,14,6,8,2,0,2
S01010093,Whole house or bungalow: Semi-detached,293,284,91,193,9,0,9
S01010093,Whole house or bungalow: Terraced (including end-terrace),193,190,49,141,3,3,0
S01010093,Flat maisonette or apartment or mobile/temporary accommodation,367,208,58,150,159,68,91
S01010094,All people in households,687,597,252,345,90,58,32
S01010094,Whole house or bungalow: Total,659,588,250,338,71,45,26
S01010094,Whole house or bungalow: Detached,62,47,13,34,15,12,3
S01010094,Whole house or bungalow: Semi-detached,428,395,183,212,33,13,20
S01010094,Whole house or bungalow: Terraced (including end-terrace),169,146,54,92,23,20,3
S01010094,Flat maisonette or apartment or mobile/temporary accommodation,28,9,2,7,19,13,6
S01010095,All people in households,696,678,245,433,18,0,18
S01010095,Whole house or bungalow: Total,683,672,244,428,11,0,11
S01010095,Whole house or bungalow: Detached,56,56,28,28,0,0,0
S01010095,Whole house or bungalow: Semi-detached,465,454,159,295,11,0,11
S01010095,Whole house or bungalow: Terraced (including end-terrace),162,162,57,105,0,0,0
S01010095,Flat maisonette or apartment or mobile/temporary accommodation,13,6,1,5,7,0,7
S01010096,All people in households,752,711,255,456,41,13,28
S01010096,Whole house or bungalow: Total,692,672,236,436,20,0,20
S01010096,Whole house or bungalow: Detached,169,162,49,113,7,0,7
S01010096,Whole house or bungalow: Semi-detached,225,213,85,128,12,0,12
S01010096,Whole house or bungalow: Terraced (including end-terrace),298,297,102,195,1,0,1
S01010096,Flat maisonette or apartment or mobile/temporary accommodation,60,39,19,20,21,13,8
S01010097,All people in households,731,616,222,394,115,52,63
S01010097,Whole house or bungalow: Total,673,600,219,381,73,49,24
S01010097,Whole house or bungalow: Detached,64,57,27,30,7,1,6
S01010097,Whole house or bungalow: Semi-detached,560,499,180,319,61,48,13
S01010097,Whole house or bungalow: Terraced (including end-terrace),49,44,12,32,5,0,5
S01010097,Flat maisonette or apartment or mobile/temporary accommodation,58,16,3,13,42,3,39
S01010098,All people in households,727,706,268,438,21,6,15
S01010098,Whole house or bungalow: Total,719,700,265,435,19,4,15
S01010098,Whole house or bungalow: Detached,30,30,5,25,0,0,0
S01010098,Whole house or bungalow: Semi-detached,573,559,235,324,14,4,10
S01010098,Whole house or bungalow: Terraced (including end-terrace),116,111,25,86,5,0,5
S01010098,Flat maisonette or apartment or mobile/temporary accommodation,8,6,3,3,2,2,0
S01010099,All people in households,699,657,274,383,42,8,34
S01010099,Whole house or bungalow: Total,690,656,273,383,34,3,31
S01010099,Whole house or bungalow: Detached,103,89,47,42,14,0,14
S01010099,Whole house or bungalow: Semi-detached,547,534,206,328,13,0,13
S01010099,Whole house or bungalow: Terraced (including end-terrace),40,33,20,13,7,3,4
S01010099,Flat maisonette or apartment or mobile/temporary accommodation,9,1,1,0,8,5,3
S01010100,All people in households,886,795,266,529,91,48,43
S01010100,Whole house or bungalow: Total,838,768,255,513,70,35,35
S01010100,Whole house or bungalow: Detached,318,303,93,210,15,0,15
S01010100,Whole house or bungalow: Semi-detached,490,437,156,281,53,33,20
S01010100,Whole house or bungalow: Terraced (including end-terrace),30,28,6,22,2,2,0
S01010100,Flat maisonette or apartment or mobile/temporary accommodation,48,27,11,16,21,13,8
S01010101,All people in households,719,633,228,405,86,28,58
S01010101,Whole house or bungalow: Total,676,609,223,386,67,19,48
S01010101,Whole house or bungalow: Detached,266,248,90,158,18,0,18
S01010101,Whole house or bungalow: Semi-detached,335,292,98,194,43,19,24
S01010101,Whole house or bungalow: Terraced (including end-terrace),75,69,35,34,6,0,6
S01010101,Flat maisonette or apartment or mobile/temporary accommodation,43,24,5,19,19,9,10
S01010102,All people in households,939,883,157,726,56,21,35
S01010102,Whole house or bungalow: Total,908,872,153,719,36,9,27
S01010102,Whole house or bungalow: Detached,366,359,76,283,7,5,2
S01010102,Whole house or bungalow: Semi-detached,398,381,65,316,17,4,13
S01010102,Whole house or bungalow: Terraced (including end-terrace),144,132,12,120,12,0,12
S01010102,Flat maisonette or apartment or mobile/temporary accommodation,31,11,4,7,20,12,8
S01010103,All people in households,974,930,149,781,44,6,38
S01010103,Whole house or bungalow: Total,941,909,146,763,32,0,32
S01010103,Whole house or bungalow: Detached,263,257,60,197,6,0,6
S01010103,Whole house or bungalow: Semi-detached,540,519,58,461,21,0,21
S01010103,Whole house or bungalow: Terraced (including end-terrace),138,133,28,105,5,0,5
S01010103,Flat maisonette or apartment or mobile/temporary accommodation,33,21,3,18,12,6,6
S01010104,All people in households,755,700,57,643,55,13,42
S01010104,Whole house or bungalow: Total,707,674,51,623,33,11,22
S01010104,Whole house or bungalow: Detached,214,209,18,191,5,0,5
S01010104,Whole house or bungalow: Semi-detached,304,289,24,265,15,6,9
S01010104,Whole house or bungalow: Terraced (including end-terrace),189,176,9,167,13,5,8
S01010104,Flat maisonette or apartment or mobile/temporary accommodation,48,26,6,20,22,2,20
S01010105,All people in households,406,126,25,101,280,218,62
S01010105,Whole house or bungalow: Total,202,30,3,27,172,160,12
S01010105,Whole house or bungalow: Detached,11,4,0,4,7,3,4
S01010105,Whole house or bungalow: Semi-detached,137,18,3,15,119,118,1
S01010105,Whole house or bungalow: Terraced (including end-terrace),54,8,0,8,46,39,7
S01010105,Flat maisonette or apartment or mobile/temporary accommodation,204,96,22,74,108,58,50
S01010106,All people in households,442,172,70,102,270,251,19
S01010106,Whole house or bungalow: Total,209,159,68,91,50,34,16
S01010106,Whole house or bungalow: Detached,3,3,2,1,0,0,0
S01010106,Whole house or bungalow: Semi-detached,135,105,47,58,30,21,9
S01010106,Whole house or bungalow: Terraced (including end-terrace),71,51,19,32,20,13,7
S01010106,Flat maisonette or apartment or mobile/temporary accommodation,233,13,2,11,220,217,3
S01010107,All people in households,793,303,46,257,490,300,190
S01010107,Whole house or bungalow: Total,125,29,9,20,96,88,8
S01010107,Whole house or bungalow: Detached,15,2,2,0,13,9,4
S01010107,Whole house or bungalow: Semi-detached,50,11,1,10,39,39,0
S01010107,Whole house or bungalow: Terraced (including end-terrace),60,16,6,10,44,40,4
S01010107,Flat maisonette or apartment or mobile/temporary accommodation,668,274,37,237,394,212,182
S01010108,All people in households,733,469,80,389,264,219,45
S01010108,Whole house or bungalow: Total,561,432,71,361,129,95,34
S01010108,Whole house or bungalow: Detached,7,5,0,5,2,2,0
S01010108,Whole house or bungalow: Semi-detached,130,102,6,96,28,21,7
S01010108,Whole house or bungalow: Terraced (including end-terrace),424,325,65,260,99,72,27
S01010108,Flat maisonette or apartment or mobile/temporary accommodation,172,37,9,28,135,124,11
S01010109,All people in households,731,380,73,307,351,176,175
S01010109,Whole house or bungalow: Total,236,133,17,116,103,88,15
S01010109,Whole house or bungalow: Detached,122,80,15,65,42,34,8
S01010109,Whole house or bungalow: Semi-detached,93,48,2,46,45,45,0
S01010109,Whole house or bungalow: Terraced (including end-terrace),21,5,0,5,16,9,7
S01010109,Flat maisonette or apartment or mobile/temporary accommodation,495,247,56,191,248,88,160
S01010110,All people in households,805,182,75,107,623,585,38
S01010110,Whole house or bungalow: Total,259,102,46,56,157,146,11
S01010110,Whole house or bungalow: Detached,16,6,4,2,10,8,2
S01010110,Whole house or bungalow: Semi-detached,193,84,36,48,109,100,9
S01010110,Whole house or bungalow: Terraced (including end-terrace),50,12,6,6,38,38,0
S01010110,Flat maisonette or apartment or mobile/temporary accommodation,546,80,29,51,466,439,27
S01010111,All people in households,986,151,39,112,835,807,28
S01010111,Whole house or bungalow: Total,460,104,25,79,356,354,2
S01010111,Whole house or bungalow: Detached,30,5,0,5,25,24,1
S01010111,Whole house or bungalow: Semi-detached,275,63,13,50,212,211,1
S01010111,Whole house or bungalow: Terraced (including end-terrace),155,36,12,24,119,119,0
S01010111,Flat maisonette or apartment or mobile/temporary accommodation,526,47,14,33,479,453,26
S01010112,All people in households,949,82,11,71,867,861,6
S01010112,Whole house or bungalow: Total,523,53,0,53,470,467,3
S01010112,Whole house or bungalow: Detached,39,2,0,2,37,37,0
S01010112,Whole house or bungalow: Semi-detached,376,23,0,23,353,350,3
S01010112,Whole house or bungalow: Terraced (including end-terrace),108,28,0,28,80,80,0
S01010112,Flat maisonette or apartment or mobile/temporary accommodation,426,29,11,18,397,394,3
S01010113,All people in households,551,143,35,108,408,332,76
S01010113,Whole house or bungalow: Total,76,16,0,16,60,51,9
S01010113,Whole house or bungalow: Detached,3,0,0,0,3,3,0
S01010113,Whole house or bungalow: Semi-detached,35,7,0,7,28,24,4
S01010113,Whole house or bungalow: Terraced (including end-terrace),38,9,0,9,29,24,5
S01010113,Flat maisonette or apartment or mobile/temporary accommodation,475,127,35,92,348,281,67
S01010114,All people in households,777,66,23,43,711,702,9
S01010114,Whole house or bungalow: Total,202,33,14,19,169,169,0
S01010114,Whole house or bungalow: Detached,13,0,0,0,13,13,0
S01010114,Whole house or bungalow: Semi-detached,118,24,11,13,94,94,0
S01010114,Whole house or bungalow: Terraced (including end-terrace),71,9,3,6,62,62,0
S01010114,Flat maisonette or apartment or mobile/temporary accommodation,575,33,9,24,542,533,9
S01010115,All people in households,632,484,94,390,148,89,59
S01010115,Whole house or bungalow: Total,571,457,92,365,114,72,42
S01010115,Whole house or bungalow: Detached,15,6,0,6,9,9,0
S01010115,Whole house or bungalow: Semi-detached,387,336,44,292,51,13,38
S01010115,Whole house or bungalow: Terraced (including end-terrace),169,115,48,67,54,50,4
S01010115,Flat maisonette or apartment or mobile/temporary accommodation,61,27,2,25,34,17,17
S01010116,All people in households,1020,744,75,669,276,117,159
S01010116,Whole house or bungalow: Total,795,619,70,549,176,102,74
S01010116,Whole house or bungalow: Detached,141,112,9,103,29,1,28
S01010116,Whole house or bungalow: Semi-detached,396,306,37,269,90,54,36
S01010116,Whole house or bungalow: Terraced (including end-terrace),258,201,24,177,57,47,10
S01010116,Flat maisonette or apartment or mobile/temporary accommodation,225,125,5,120,100,15,85
S01010117,All people in households,653,509,48,461,144,90,54
S01010117,Whole house or bungalow: Total,497,448,35,413,49,15,34
S01010117,Whole house or bungalow: Detached,284,250,18,232,34,8,26
S01010117,Whole house or bungalow: Semi-detached,140,129,10,119,11,5,6
S01010117,Whole house or bungalow: Terraced (including end-terrace),73,69,7,62,4,2,2
S01010117,Flat maisonette or apartment or mobile/temporary accommodation,156,61,13,48,95,75,20
S01010118,All people in households,678,48,25,23,630,610,20
S01010118,Whole house or bungalow: Total,371,25,10,15,346,341,5
S01010118,Whole house or bungalow: Detached,53,3,3,0,50,50,0
S01010118,Whole house or bungalow: Semi-detached,166,10,0,10,156,151,5
S01010118,Whole house or bungalow: Terraced (including end-terrace),152,12,7,5,140,140,0
S01010118,Flat maisonette or apartment or mobile/temporary accommodation,307,23,15,8,284,269,15
S01010119,All people in households,543,81,1,80,462,441,21
S01010119,Whole house or bungalow: Total,430,81,1,80,349,333,16
S01010119,Whole house or bungalow: Detached,34,0,0,0,34,34,0
S01010119,Whole house or bungalow: Semi-detached,236,60,1,59,176,164,12
S01010119,Whole house or bungalow: Terraced (including end-terrace),160,21,0,21,139,135,4
S01010119,Flat maisonette or apartment or mobile/temporary accommodation,113,0,0,0,113,108,5
S01010120,All people in households,1045,130,14,116,915,879,36
S01010120,Whole house or bungalow: Total,540,115,13,102,425,402,23
S01010120,Whole house or bungalow: Detached,47,5,2,3,42,35,7
S01010120,Whole house or bungalow: Semi-detached,262,69,1,68,193,184,9
S01010120,Whole house or bungalow: Terraced (including end-terrace),231,41,10,31,190,183,7
S01010120,Flat maisonette or apartment or mobile/temporary accommodation,505,15,1,14,490,477,13
S01010121,All people in households,675,59,10,49,616,601,15
S01010121,Whole house or bungalow: Total,270,43,6,37,227,225,2
S01010121,Whole house or bungalow: Detached,7,3,3,0,4,4,0
S01010121,Whole house or bungalow: Semi-detached,140,33,3,30,107,107,0
S01010121,Whole house or bungalow: Terraced (including end-terrace),123,7,0,7,116,114,2
S01010121,Flat maisonette or apartment or mobile/temporary accommodation,405,16,4,12,389,376,13
S01010122,All people in households,425,41,26,15,384,373,11
S01010122,Whole house or bungalow: Total,255,7,4,3,248,247,1
S01010122,Whole house or bungalow: Detached,25,0,0,0,25,25,0
S01010122,Whole house or bungalow: Semi-detached,170,3,3,0,167,167,0
S01010122,Whole house or bungalow: Terraced (including end-terrace),60,4,1,3,56,55,1
S01010122,Flat maisonette or apartment or mobile/temporary accommodation,170,34,22,12,136,126,10
S01010123,All people in households,733,100,23,77,633,609,24
S01010123,Whole house or bungalow: Total,260,66,12,54,194,187,7
S01010123,Whole house or bungalow: Detached,12,0,0,0,12,12,0
S01010123,Whole house or bungalow: Semi-detached,165,43,4,39,122,115,7
S01010123,Whole house or bungalow: Terraced (including end-terrace),83,23,8,15,60,60,0
S01010123,Flat maisonette or apartment or mobile/temporary accommodation,473,34,11,23,439,422,17
S01010124,All people in households,646,440,61,379,206,68,138
S01010124,Whole house or bungalow: Total,29,12,0,12,17,11,6
S01010124,Whole house or bungalow: Detached,1,0,0,0,1,0,1
S01010124,Whole house or bungalow: Semi-detached,8,4,0,4,4,4,0
S01010124,Whole house or bungalow: Terraced (including end-terrace),20,8,0,8,12,7,5
S01010124,Flat maisonette or apartment or mobile/temporary accommodation,617,428,61,367,189,57,132
S01010125,All people in households,548,208,42,166,340,308,32
S01010125,Whole house or bungalow: Total,212,139,18,121,73,66,7
S01010125,Whole house or bungalow: Detached,18,10,0,10,8,7,1
S01010125,Whole house or bungalow: Semi-detached,127,77,15,62,50,47,3
S01010125,Whole house or bungalow: Terraced (including end-terrace),67,52,3,49,15,12,3
S01010125,Flat maisonette or apartment or mobile/temporary accommodation,336,69,24,45,267,242,25
S01010126,All people in households,730,491,73,418,239,202,37
S01010126,Whole house or bungalow: Total,603,466,73,393,137,113,24
S01010126,Whole house or bungalow: Detached,102,87,18,69,15,14,1
S01010126,Whole house or bungalow: Semi-detached,197,158,13,145,39,24,15
S01010126,Whole house or bungalow: Terraced (including end-terrace),304,221,42,179,83,75,8
S01010126,Flat maisonette or apartment or mobile/temporary accommodation,127,25,0,25,102,89,13
S01010127,All people in households,620,248,87,161,372,354,18
S01010127,Whole house or bungalow: Total,502,226,86,140,276,258,18
S01010127,Whole house or bungalow: Detached,14,1,0,1,13,10,3
S01010127,Whole house or bungalow: Semi-detached,206,64,28,36,142,141,1
S01010127,Whole house or bungalow: Terraced (including end-terrace),282,161,58,103,121,107,14
S01010127,Flat maisonette or apartment or mobile/temporary accommodation,118,22,1,21,96,96,0
S01010128,All people in households,492,44,3,41,448,439,9
S01010128,Whole house or bungalow: Total,46,13,0,13,33,31,2
S01010128,Whole house or bungalow: Detached,0,0,0,0,0,0,0
S01010128,Whole house or bungalow: Semi-detached,7,2,0,2,5,5,0
S01010128,Whole house or bungalow: Terraced (including end-terrace),39,11,0,11,28,26,2
S01010128,Flat maisonette or apartment or mobile/temporary accommodation,446,31,3,28,415,408,7
S01010129,All people in households,719,105,22,83,614,569,45
S01010129,Whole house or bungalow: Total,99,28,3,25,71,63,8
S01010129,Whole house or bungalow: Detached,4,0,0,0,4,4,0
S01010129,Whole house or bungalow: Semi-detached,65,21,3,18,44,36,8
S01010129,Whole house or bungalow: Terraced (including end-terrace),30,7,0,7,23,23,0
S01010129,Flat maisonette or apartment or mobile/temporary accommodation,620,77,19,58,543,506,37
S01010130,All people in households,416,100,18,82,316,304,12
S01010130,Whole house or bungalow: Total,97,66,16,50,31,28,3
S01010130,Whole house or bungalow: Detached,6,3,0,3,3,0,3
S01010130,Whole house or bungalow: Semi-detached,30,22,3,19,8,8,0
S01010130,Whole house or bungalow: Terraced (including end-terrace),61,41,13,28,20,20,0
S01010130,Flat maisonette or apartment or mobile/temporary accommodation,319,34,2,32,285,276,9
S01010131,All people in households,908,865,308,557,43,9,34
S01010131,Whole house or bungalow: Total,834,807,266,541,27,1,26
S01010131,Whole house or bungalow: Detached,314,303,114,189,11,0,11
S01010131,Whole house or bungalow: Semi-detached,472,458,139,319,14,0,14
S01010131,Whole house or bungalow: Terraced (including end-terrace),48,46,13,33,2,1,1
S01010131,Flat maisonette or apartment or mobile/temporary accommodation,74,58,42,16,16,8,8
S01010132,All people in households,969,355,171,184,614,509,105
S01010132,Whole house or bungalow: Total,376,225,108,117,151,127,24
S01010132,Whole house or bungalow: Detached,20,10,5,5,10,7,3
S01010132,Whole house or bungalow: Semi-detached,105,54,24,30,51,44,7
S01010132,Whole house or bungalow: Terraced (including end-terrace),251,161,79,82,90,76,14
S01010132,Flat maisonette or apartment or mobile/temporary accommodation,593,130,63,67,463,382,81
S01010133,All people in households,713,272,110,162,441,397,44
S01010133,Whole house or bungalow: Total,357,202,75,127,155,132,23
S01010133,Whole house or bungalow: Detached,14,11,0,11,3,3,0
S01010133,Whole house or bungalow: Semi-detached,68,37,14,23,31,26,5
S01010133,Whole house or bungalow: Terraced (including end-terrace),275,154,61,93,121,103,18
S01010133,Flat maisonette or apartment or mobile/temporary accommodation,356,70,35,35,286,265,21
S01010134,All people in households,995,523,203,320,472,361,111
S01010134,Whole house or bungalow: Total,370,281,108,173,89,66,23
S01010134,Whole house or bungalow: Detached,33,18,5,13,15,5,10
S01010134,Whole house or bungalow: Semi-detached,142,101,43,58,41,37,4
S01010134,Whole house or bungalow: Terraced (including end-terrace),195,162,60,102,33,24,9
S01010134,Flat maisonette or apartment or mobile/temporary accommodation,625,242,95,147,383,295,88
S01010135,All people in households,768,405,190,215,363,299,64
S01010135,Whole house or bungalow: Total,491,306,127,179,185,152,33
S01010135,Whole house or bungalow: Detached,11,1,0,1,10,8,2
S01010135,Whole house or bungalow: Semi-detached,270,176,85,91,94,76,18
S01010135,Whole house or bungalow: Terraced (including end-terrace),210,129,42,87,81,68,13
S01010135,Flat maisonette or apartment or mobile/temporary accommodation,277,99,63,36,178,147,31
S01010136,All people in households,809,601,199,402,208,105,103
S01010136,Whole house or bungalow: Total,619,506,171,335,113,80,33
S01010136,Whole house or bungalow: Detached,46,41,12,29,5,3,2
S01010136,Whole house or bungalow: Semi-detached,230,180,72,108,50,42,8
S01010136,Whole house or bungalow: Terraced (including end-terrace),343,285,87,198,58,35,23
S01010136,Flat maisonette or apartment or mobile/temporary accommodation,190,95,28,67,95,25,70
S01010137,All people in households,967,548,222,326,419,262,157
S01010137,Whole house or bungalow: Total,82,43,17,26,39,32,7
S01010137,Whole house or bungalow: Detached,15,10,3,7,5,1,4
S01010137,Whole house or bungalow: Semi-detached,34,23,7,16,11,8,3
S01010137,Whole house or bungalow: Terraced (including end-terrace),33,10,7,3,23,23,0
S01010137,Flat maisonette or apartment or mobile/temporary accommodation,885,505,205,300,380,230,150
S01010138,All people in households,941,204,105,99,737,701,36
S01010138,Whole house or bungalow: Total,216,151,76,75,65,53,12
S01010138,Whole house or bungalow: Detached,20,17,7,10,3,3,0
S01010138,Whole house or bungalow: Semi-detached,116,95,54,41,21,20,1
S01010138,Whole house or bungalow: Terraced (including end-terrace),80,39,15,24,41,30,11
S01010138,Flat maisonette or apartment or mobile/temporary accommodation,725,53,29,24,672,648,24
S01010139,All people in households,1024,487,195,292,537,420,117
S01010139,Whole house or bungalow: Total,268,183,69,114,85,67,18
S01010139,Whole house or bungalow: Detached,19,12,9,3,7,4,3
S01010139,Whole house or bungalow: Semi-detached,181,140,55,85,41,32,9
S01010139,Whole house or bungalow: Terraced (including end-terrace),68,31,5,26,37,31,6
S01010139,Flat maisonette or apartment or mobile/temporary accommodation,756,304,126,178,452,353,99
S01010140,All people in households,753,465,72,393,288,38,250
S01010140,Whole house or bungalow: Total,309,261,45,216,48,6,42
S01010140,Whole house or bungalow: Detached,27,27,6,21,0,0,0
S01010140,Whole house or bungalow: Semi-detached,186,159,28,131,27,6,21
S01010140,Whole house or bungalow: Terraced (including end-terrace),96,75,11,64,21,0,21
S01010140,Flat maisonette or apartment or mobile/temporary accommodation,444,204,27,177,240,32,208
S01010141,All people in households,807,148,40,108,659,566,93
S01010141,Whole house or bungalow: Total,63,18,8,10,45,41,4
S01010141,Whole house or bungalow: Detached,4,3,3,0,1,1,0
S01010141,Whole house or bungalow: Semi-detached,19,6,0,6,13,9,4
S01010141,Whole house or bungalow: Terraced (including end-terrace),40,9,5,4,31,31,0
S01010141,Flat maisonette or apartment or mobile/temporary accommodation,744,130,32,98,614,525,89
S01010142,All people in households,572,266,84,182,306,230,76
S01010142,Whole house or bungalow: Total,189,134,54,80,55,42,13
S01010142,Whole house or bungalow: Detached,10,6,1,5,4,4,0
S01010142,Whole house or bungalow: Semi-detached,122,103,44,59,19,13,6
S01010142,Whole house or bungalow: Terraced (including end-terrace),57,25,9,16,32,25,7
S01010142,Flat maisonette or apartment or mobile/temporary accommodation,383,132,30,102,251,188,63
S01010143,All people in households,739,403,137,266,336,287,49
S01010143,Whole house or bungalow: Total,391,204,62,142,187,164,23
S01010143,Whole house or bungalow: Detached,3,0,0,0,3,3,0
S01010143,Whole house or bungalow: Semi-detached,126,61,18,43,65,52,13
S01010143,Whole house or bungalow: Terraced (including end-terrace),262,143,44,99,119,109,10
S01010143,Flat maisonette or apartment or mobile/temporary accommodation,348,199,75,124,149,123,26
S01010144,All people in households,700,235,60,175,465,333,132
S01010144,Whole house or bungalow: Total,126,97,37,60,29,5,24
S01010144,Whole house or bungalow: Detached,25,18,10,8,7,0,7
S01010144,Whole house or bungalow: Semi-detached,83,64,21,43,19,3,16
S01010144,Whole house or bungalow: Terraced (including end-terrace),18,15,6,9,3,2,1
S01010144,Flat maisonette or apartment or mobile/temporary accommodation,574,138,23,115,436,328,108
S01010145,All people in households,778,376,133,243,402,154,248
S01010145,Whole house or bungalow: Total,314,263,92,171,51,6,45
S01010145,Whole house or bungalow: Detached,67,43,9,34,24,1,23
S01010145,Whole house or bungalow: Semi-detached,135,121,43,78,14,2,12
S01010145,Whole house or bungalow: Terraced (including end-terrace),112,99,40,59,13,3,10
S01010145,Flat maisonette or apartment or mobile/temporary accommodation,464,113,41,72,351,148,203
S01010146,All people in households,765,216,36,180,549,456,93
S01010146,Whole house or bungalow: Total,209,126,22,104,83,58,25
S01010146,Whole house or bungalow: Detached,15,5,0,5,10,5,5
S01010146,Whole house or bungalow: Semi-detached,115,91,19,72,24,6,18
S01010146,Whole house or bungalow: Terraced (including end-terrace),79,30,3,27,49,47,2
S01010146,Flat maisonette or apartment or mobile/temporary accommodation,556,90,14,76,466,398,68
S01010147,All people in households,953,152,24,128,801,676,125
S01010147,Whole house or bungalow: Total,115,25,3,22,90,69,21
S01010147,Whole house or bungalow: Detached,25,4,1,3,21,9,12
S01010147,Whole house or bungalow: Semi-detached,27,14,0,14,13,13,0
S01010147,Whole house or bungalow: Terraced (including end-terrace),63,7,2,5,56,47,9
S01010147,Flat maisonette or apartment or mobile/temporary accommodation,838,127,21,106,711,607,104
S01010148,All people in households,784,206,84,122,578,489,89
S01010148,Whole house or bungalow: Total,98,30,14,16,68,58,10
S01010148,Whole house or bungalow: Detached,21,7,6,1,14,10,4
S01010148,Whole house or bungalow: Semi-detached,44,14,6,8,30,25,5
S01010148,Whole house or bungalow: Terraced (including end-terrace),33,9,2,7,24,23,1
S01010148,Flat maisonette or apartment or mobile/temporary accommodation,686,176,70,106,510,431,79
S01010149,All people in households,499,342,42,300,157,64,93
S01010149,Whole house or bungalow: Total,341,271,12,259,70,43,27
S01010149,Whole house or bungalow: Detached,61,59,3,56,2,0,2
S01010149,Whole house or bungalow: Semi-detached,99,70,5,65,29,19,10
S01010149,Whole house or bungalow: Terraced (including end-terrace),181,142,4,138,39,24,15
S01010149,Flat maisonette or apartment or mobile/temporary accommodation,158,71,30,41,87,21,66
S01010150,All people in households,604,239,131,108,365,282,83
S01010150,Whole house or bungalow: Total,143,53,22,31,90,64,26
S01010150,Whole house or bungalow: Detached,1,0,0,0,1,1,0
S01010150,Whole house or bungalow: Semi-detached,111,36,17,19,75,49,26
S01010150,Whole house or bungalow: Terraced (including end-terrace),31,17,5,12,14,14,0
S01010150,Flat maisonette or apartment or mobile/temporary accommodation,461,186,109,77,275,218,57
S01010151,All people in households,625,249,116,133,376,351,25
S01010151,Whole house or bungalow: Total,165,77,37,40,88,82,6
S01010151,Whole house or bungalow: Detached,8,7,2,5,1,1,0
S01010151,Whole house or bungalow: Semi-detached,125,55,33,22,70,64,6
S01010151,Whole house or bungalow: Terraced (including end-terrace),32,15,2,13,17,17,0
S01010151,Flat maisonette or apartment or mobile/temporary accommodation,460,172,79,93,288,269,19
S01010152,All people in households,851,546,208,338,305,186,119
S01010152,Whole house or bungalow: Total,265,213,96,117,52,32,20
S01010152,Whole house or bungalow: Detached,4,2,0,2,2,2,0
S01010152,Whole house or bungalow: Semi-detached,239,199,94,105,40,26,14
S01010152,Whole house or bungalow: Terraced (including end-terrace),22,12,2,10,10,4,6
S01010152,Flat maisonette or apartment or mobile/temporary accommodation,586,333,112,221,253,154,99
S01010153,All people in households,908,487,154,333,421,329,92
S01010153,Whole house or bungalow: Total,282,234,68,166,48,38,10
S01010153,Whole house or bungalow: Detached,21,11,4,7,10,8,2
S01010153,Whole house or bungalow: Semi-detached,246,210,60,150,36,29,7
S01010153,Whole house or bungalow: Terraced (including end-terrace),15,13,4,9,2,1,1
S01010153,Flat maisonette or apartment or mobile/temporary accommodation,626,253,86,167,373,291,82
S01010154,All people in households,832,489,248,241,343,254,89
S01010154,Whole house or bungalow: Total,314,206,90,116,108,92,16
S01010154,Whole house or bungalow: Detached,6,3,1,2,3,3,0
S01010154,Whole house or bungalow: Semi-detached,216,145,70,75,71,56,15
S01010154,Whole house or bungalow: Terraced (including end-terrace),92,58,19,39,34,33,1
S01010154,Flat maisonette or apartment or mobile/temporary accommodation,518,283,158,125,235,162,73
S01010155,All people in households,700,435,184,251,265,219,46
S01010155,Whole house or bungalow: Total,328,230,94,136,98,87,11
S01010155,Whole house or bungalow: Detached,6,4,2,2,2,0,2
S01010155,Whole house or bungalow: Semi-detached,281,193,86,107,88,79,9
S01010155,Whole house or bungalow: Terraced (including end-terrace),41,33,6,27,8,8,0
S01010155,Flat maisonette or apartment or mobile/temporary accommodation,372,205,90,115,167,132,35
S01010156,All people in households,565,235,98,137,330,304,26
S01010156,Whole house or bungalow: Total,222,84,34,50,138,133,5
S01010156,Whole house or bungalow: Detached,17,0,0,0,17,17,0
S01010156,Whole house or bungalow: Semi-detached,172,75,25,50,97,92,5
S01010156,Whole house or bungalow: Terraced (including end-terrace),33,9,9,0,24,24,0
S01010156,Flat maisonette or apartment or mobile/temporary accommodation,343,151,64,87,192,171,21
S01010157,All people in households,569,76,44,32,493,482,11
S01010157,Whole house or bungalow: Total,433,65,39,26,368,366,2
S01010157,Whole house or bungalow: Detached,24,2,2,0,22,22,0
S01010157,Whole house or bungalow: Semi-detached,226,15,5,10,211,209,2
S01010157,Whole house or bungalow: Terraced (including end-terrace),183,48,32,16,135,135,0
S01010157,Flat maisonette or apartment or mobile/temporary accommodation,136,11,5,6,125,116,9
S01010158,All people in households,913,550,215,335,363,244,119
S01010158,Whole house or bungalow: Total,362,259,98,161,103,83,20
S01010158,Whole house or bungalow: Detached,10,7,4,3,3,3,0
S01010158,Whole house or bungalow: Semi-detached,222,156,63,93,66,59,7
S01010158,Whole house or bungalow: Terraced (including end-terrace),130,96,31,65,34,21,13
S01010158,Flat maisonette or apartment or mobile/temporary accommodation,551,291,117,174,260,161,99
S01010159,All people in households,723,423,191,232,300,251,49
S01010159,Whole house or bungalow: Total,532,375,173,202,157,143,14
S01010159,Whole house or bungalow: Detached,22,8,2,6,14,8,6
S01010159,Whole house or bungalow: Semi-detached,469,342,164,178,127,124,3
S01010159,Whole house or bungalow: Terraced (including end-terrace),41,25,7,18,16,11,5
S01010159,Flat maisonette or apartment or mobile/temporary accommodation,191,48,18,30,143,108,35
S01010160,All people in households,605,57,16,41,548,525,23
S01010160,Whole house or bungalow: Total,43,21,8,13,22,22,0
S01010160,Whole house or bungalow: Detached,9,6,1,5,3,3,0
S01010160,Whole house or bungalow: Semi-detached,26,11,3,8,15,15,0
S01010160,Whole house or bungalow: Terraced (including end-terrace),8,4,4,0,4,4,0
S01010160,Flat maisonette or apartment or mobile/temporary accommodation,562,36,8,28,526,503,23
S01010161,All people in households,636,336,25,311,300,291,9
S01010161,Whole house or bungalow: Total,426,322,21,301,104,102,2
S01010161,Whole house or bungalow: Detached,28,23,0,23,5,5,0
S01010161,Whole house or bungalow: Semi-detached,317,231,17,214,86,84,2
S01010161,Whole house or bungalow: Terraced (including end-terrace),81,68,4,64,13,13,0
S01010161,Flat maisonette or apartment or mobile/temporary accommodation,210,14,4,10,196,189,7
S01010162,All people in households,769,69,18,51,700,687,13
S01010162,Whole house or bungalow: Total,29,7,0,7,22,22,0
S01010162,Whole house or bungalow: Detached,2,0,0,0,2,2,0
S01010162,Whole house or bungalow: Semi-detached,7,1,0,1,6,6,0
S01010162,Whole house or bungalow: Terraced (including end-terrace),20,6,0,6,14,14,0
S01010162,Flat maisonette or apartment or mobile/temporary accommodation,740,62,18,44,678,665,13
S01010163,All people in households,597,226,86,140,371,347,24
S01010163,Whole house or bungalow: Total,318,106,20,86,212,207,5
S01010163,Whole house or bungalow: Detached,4,2,0,2,2,2,0
S01010163,Whole house or bungalow: Semi-detached,290,83,9,74,207,202,5
S01010163,Whole house or bungalow: Terraced (including end-terrace),24,21,11,10,3,3,0
S01010163,Flat maisonette or apartment or mobile/temporary accommodation,279,120,66,54,159,140,19
S01010164,All people in households,749,365,94,271,384,338,46
S01010164,Whole house or bungalow: Total,571,346,91,255,225,185,40
S01010164,Whole house or bungalow: Detached,16,12,2,10,4,4,0
S01010164,Whole house or bungalow: Semi-detached,533,326,87,239,207,173,34
S01010164,Whole house or bungalow: Terraced (including end-terrace),22,8,2,6,14,8,6
S01010164,Flat maisonette or apartment or mobile/temporary accommodation,178,19,3,16,159,153,6
S01010165,All people in households,627,156,107,49,471,458,13
S01010165,Whole house or bungalow: Total,139,55,37,18,84,78,6
S01010165,Whole house or bungalow: Detached,7,3,3,0,4,0,4
S01010165,Whole house or bungalow: Semi-detached,112,47,32,15,65,63,2
S01010165,Whole house or bungalow: Terraced (including end-terrace),20,5,2,3,15,15,0
S01010165,Flat maisonette or apartment or mobile/temporary accommodation,488,101,70,31,387,380,7
S01010166,All people in households,714,387,96,291,327,276,51
S01010166,Whole house or bungalow: Total,609,370,88,282,239,195,44
S01010166,Whole house or bungalow: Detached,24,12,0,12,12,11,1
S01010166,Whole house or bungalow: Semi-detached,53,28,10,18,25,21,4
S01010166,Whole house or bungalow: Terraced (including end-terrace),532,330,78,252,202,163,39
S01010166,Flat maisonette or apartment or mobile/temporary accommodation,105,17,8,9,88,81,7
S01010167,All people in households,792,331,141,190,461,378,83
S01010167,Whole house or bungalow: Total,435,265,108,157,170,134,36
S01010167,Whole house or bungalow: Detached,13,8,0,8,5,3,2
S01010167,Whole house or bungalow: Semi-detached,21,14,8,6,7,6,1
S01010167,Whole house or bungalow: Terraced (including end-terrace),401,243,100,143,158,125,33
S01010167,Flat maisonette or apartment or mobile/temporary accommodation,357,66,33,33,291,244,47
S01010168,All people in households,506,257,55,202,249,178,71
S01010168,Whole house or bungalow: Total,228,161,19,142,67,33,34
S01010168,Whole house or bungalow: Detached,35,25,8,17,10,0,10
S01010168,Whole house or bungalow: Semi-detached,127,96,11,85,31,18,13
S01010168,Whole house or bungalow: Terraced (including end-terrace),66,40,0,40,26,15,11
S01010168,Flat maisonette or apartment or mobile/temporary accommodation,278,96,36,60,182,145,37
S01010169,All people in households,842,314,69,245,528,425,103
S01010169,Whole house or bungalow: Total,305,238,39,199,67,29,38
S01010169,Whole house or bungalow: Detached,8,2,0,2,6,0,6
S01010169,Whole house or bungalow: Semi-detached,144,115,5,110,29,10,19
S01010169,Whole house or bungalow: Terraced (including end-terrace),153,121,34,87,32,19,13
S01010169,Flat maisonette or apartment or mobile/temporary accommodation,537,76,30,46,461,396,65
S01010170,All people in households,533,213,59,154,320,259,61
S01010170,Whole house or bungalow: Total,307,174,53,121,133,88,45
S01010170,Whole house or bungalow: Detached,10,3,3,0,7,7,0
S01010170,Whole house or bungalow: Semi-detached,41,17,8,9,24,10,14
S01010170,Whole house or bungalow: Terraced (including end-terrace),256,154,42,112,102,71,31
S01010170,Flat maisonette or apartment or mobile/temporary accommodation,226,39,6,33,187,171,16
S01010171,All people in households,1038,165,47,118,873,817,56
S01010171,Whole house or bungalow: Total,428,129,34,95,299,255,44
S01010171,Whole house or bungalow: Detached,40,8,2,6,32,22,10
S01010171,Whole house or bungalow: Semi-detached,156,23,0,23,133,110,23
S01010171,Whole house or bungalow: Terraced (including end-terrace),232,98,32,66,134,123,11
S01010171,Flat maisonette or apartment or mobile/temporary accommodation,610,36,13,23,574,562,12
S01010172,All people in households,696,298,140,158,398,321,77
S01010172,Whole house or bungalow: Total,33,15,1,14,18,13,5
S01010172,Whole house or bungalow: Detached,8,6,0,6,2,2,0
S01010172,Whole house or bungalow: Semi-detached,13,9,1,8,4,1,3
S01010172,Whole house or bungalow: Terraced (including end-terrace),12,0,0,0,12,10,2
S01010172,Flat maisonette or apartment or mobile/temporary accommodation,663,283,139,144,380,308,72
S01010173,All people in households,764,551,186,365,213,183,30
S01010173,Whole house or bungalow: Total,700,517,175,342,183,163,20
S01010173,Whole house or bungalow: Detached,0,0,0,0,0,0,0
S01010173,Whole house or bungalow: Semi-detached,564,415,142,273,149,135,14
S01010173,Whole house or bungalow: Terraced (including end-terrace),136,102,33,69,34,28,6
S01010173,Flat maisonette or apartment or mobile/temporary accommodation,64,34,11,23,30,20,10
S01010174,All people in households,583,464,127,337,119,77,42
S01010174,Whole house or bungalow: Total,422,371,110,261,51,37,14
S01010174,Whole house or bungalow: Detached,41,32,20,12,9,7,2
S01010174,Whole house or bungalow: Semi-detached,264,244,64,180,20,16,4
S01010174,Whole house or bungalow: Terraced (including end-terrace),117,95,26,69,22,14,8
S01010174,Flat maisonette or apartment or mobile/temporary accommodation,161,93,17,76,68,40,28
S01010175,All people in households,480,293,84,209,187,117,70
S01010175,Whole house or bungalow: Total,175,142,47,95,33,24,9
S01010175,Whole house or bungalow: Detached,11,6,0,6,5,5,0
S01010175,Whole house or bungalow: Semi-detached,150,124,43,81,26,18,8
S01010175,Whole house or bungalow: Terraced (including end-terrace),14,12,4,8,2,1,1
S01010175,Flat maisonette or apartment or mobile/temporary accommodation,305,151,37,114,154,93,61
S01010176,All people in households,705,408,157,251,297,236,61
S01010176,Whole house or bungalow: Total,319,171,51,120,148,113,35
S01010176,Whole house or bungalow: Detached,5,3,2,1,2,2,0
S01010176,Whole house or bungalow: Semi-detached,246,139,35,104,107,72,35
S01010176,Whole house or bungalow: Terraced (including end-terrace),68,29,14,15,39,39,0
S01010176,Flat maisonette or apartment or mobile/temporary accommodation,386,237,106,131,149,123,26
S01010177,All people in households,776,139,29,110,637,603,34
S01010177,Whole house or bungalow: Total,298,122,26,96,176,153,23
S01010177,Whole house or bungalow: Detached,21,4,0,4,17,14,3
S01010177,Whole house or bungalow: Semi-detached,107,52,22,30,55,44,11
S01010177,Whole house or bungalow: Terraced (including end-terrace),170,66,4,62,104,95,9
S01010177,Flat maisonette or apartment or mobile/temporary accommodation,478,17,3,14,461,450,11
S01010178,All people in households,1033,122,28,94,911,862,49
S01010178,Whole house or bungalow: Total,697,107,27,80,590,572,18
S01010178,Whole house or bungalow: Detached,57,3,0,3,54,51,3
S01010178,Whole house or bungalow: Semi-detached,221,43,19,24,178,163,15
S01010178,Whole house or bungalow: Terraced (including end-terrace),419,61,8,53,358,358,0
S01010178,Flat maisonette or apartment or mobile/temporary accommodation,336,15,1,14,321,290,31
S01010179,All people in households,837,276,92,184,561,513,48
S01010179,Whole house or bungalow: Total,357,126,24,102,231,201,30
S01010179,Whole house or bungalow: Detached,52,29,2,27,23,22,1
S01010179,Whole house or bungalow: Semi-detached,223,39,11,28,184,161,23
S01010179,Whole house or bungalow: Terraced (including end-terrace),82,58,11,47,24,18,6
S01010179,Flat maisonette or apartment or mobile/temporary accommodation,480,150,68,82,330,312,18
S01010180,All people in households,560,299,37,262,261,186,75
S01010180,Whole house or bungalow: Total,436,272,35,237,164,111,53
S01010180,Whole house or bungalow: Detached,69,52,6,46,17,15,2
S01010180,Whole house or bungalow: Semi-detached,337,198,29,169,139,93,46
S01010180,Whole house or bungalow: Terraced (including end-terrace),30,22,0,22,8,3,5
S01010180,Flat maisonette or apartment or mobile/temporary accommodation,124,27,2,25,97,75,22
S01010181,All people in households,631,228,81,147,403,371,32
S01010181,Whole house or bungalow: Total,286,148,61,87,138,129,9
S01010181,Whole house or bungalow: Detached,20,14,3,11,6,5,1
S01010181,Whole house or bungalow: Semi-detached,186,80,31,49,106,100,6
S01010181,Whole house or bungalow: Terraced (including end-terrace),80,54,27,27,26,24,2
S01010181,Flat maisonette or apartment or mobile/temporary accommodation,345,80,20,60,265,242,23
S01010182,All people in households,667,577,170,407,90,32,58
S01010182,Whole house or bungalow: Total,489,445,143,302,44,13,31
S01010182,Whole house or bungalow: Detached,145,132,54,78,13,6,7
S01010182,Whole house or bungalow: Semi-detached,275,253,80,173,22,1,21
S01010182,Whole house or bungalow: Terraced (including end-terrace),69,60,9,51,9,6,3
S01010182,Flat maisonette or apartment or mobile/temporary accommodation,178,132,27,105,46,19,27
S01010183,All people in households,463,211,91,120,252,228,24
S01010183,Whole house or bungalow: Total,180,92,45,47,88,73,15
S01010183,Whole house or bungalow: Detached,10,6,0,6,4,1,3
S01010183,Whole house or bungalow: Semi-detached,156,80,45,35,76,68,8
S01010183,Whole house or bungalow: Terraced (including end-terrace),14,6,0,6,8,4,4
S01010183,Flat maisonette or apartment or mobile/temporary accommodation,283,119,46,73,164,155,9
S01010184,All people in households,624,228,117,111,396,360,36
S01010184,Whole house or bungalow: Total,290,161,78,83,129,113,16
S01010184,Whole house or bungalow: Detached,25,13,4,9,12,9,3
S01010184,Whole house or bungalow: Semi-detached,220,112,63,49,108,95,13
S01010184,Whole house or bungalow: Terraced (including end-terrace),45,36,11,25,9,9,0
S01010184,Flat maisonette or apartment or mobile/temporary accommodation,334,67,39,28,267,247,20
S01010185,All people in households,633,240,84,156,393,371,22
S01010185,Whole house or bungalow: Total,150,105,34,71,45,35,10
S01010185,Whole house or bungalow: Detached,6,2,0,2,4,0,4
S01010185,Whole house or bungalow: Semi-detached,58,54,14,40,4,4,0
S01010185,Whole house or bungalow: Terraced (including end-terrace),86,49,20,29,37,31,6
S01010185,Flat maisonette or apartment or mobile/temporary accommodation,483,135,50,85,348,336,12
S01010186,All people in households,647,583,159,424,64,10,54
S01010186,Whole house or bungalow: Total,626,576,153,423,50,0,50
S01010186,Whole house or bungalow: Detached,214,205,97,108,9,0,9
S01010186,Whole house or bungalow: Semi-detached,319,293,44,249,26,0,26
S01010186,Whole house or bungalow: Terraced (including end-terrace),93,78,12,66,15,0,15
S01010186,Flat maisonette or apartment or mobile/temporary accommodation,21,7,6,1,14,10,4
S01010187,All people in households,635,563,153,410,72,18,54
S01010187,Whole house or bungalow: Total,456,420,130,290,36,5,31
S01010187,Whole house or bungalow: Detached,76,66,23,43,10,0,10
S01010187,Whole house or bungalow: Semi-detached,352,334,102,232,18,1,17
S01010187,Whole house or bungalow: Terraced (including end-terrace),28,20,5,15,8,4,4
S01010187,Flat maisonette or apartment or mobile/temporary accommodation,179,143,23,120,36,13,23
S01010188,All people in households,681,595,135,460,86,19,67
S01010188,Whole house or bungalow: Total,601,549,113,436,52,6,46
S01010188,Whole house or bungalow: Detached,235,221,62,159,14,0,14
S01010188,Whole house or bungalow: Semi-detached,294,272,45,227,22,4,18
S01010188,Whole house or bungalow: Terraced (including end-terrace),72,56,6,50,16,2,14
S01010188,Flat maisonette or apartment or mobile/temporary accommodation,80,46,22,24,34,13,21
S01010189,All people in households,976,910,111,799,66,12,54
S01010189,Whole house or bungalow: Total,943,897,103,794,46,0,46
S01010189,Whole house or bungalow: Detached,532,507,68,439,25,0,25
S01010189,Whole house or bungalow: Semi-detached,397,376,31,345,21,0,21
S01010189,Whole house or bungalow: Terraced (including end-terrace),14,14,4,10,0,0,0
S01010189,Flat maisonette or apartment or mobile/temporary accommodation,33,13,8,5,20,12,8
S01010190,All people in households,740,675,100,575,65,24,41
S01010190,Whole house or bungalow: Total,688,652,83,569,36,6,30
S01010190,Whole house or bungalow: Detached,551,530,71,459,21,0,21
S01010190,Whole house or bungalow: Semi-detached,128,113,11,102,15,6,9
S01010190,Whole house or bungalow: Terraced (including end-terrace),9,9,1,8,0,0,0
S01010190,Flat maisonette or apartment or mobile/temporary accommodation,52,23,17,6,29,18,11
S01010191,All people in households,736,657,69,588,79,19,60
S01010191,Whole house or bungalow: Total,716,646,67,579,70,10,60
S01010191,Whole house or bungalow: Detached,332,307,33,274,25,0,25
S01010191,Whole house or bungalow: Semi-detached,367,326,30,296,41,6,35
S01010191,Whole house or bungalow: Terraced (including end-terrace),17,13,4,9,4,4,0
S01010191,Flat maisonette or apartment or mobile/temporary accommodation,20,11,2,9,9,9,0
S01010192,All people in households,869,795,106,689,74,21,53
S01010192,Whole house or bungalow: Total,831,779,106,673,52,8,44
S01010192,Whole house or bungalow: Detached,486,470,88,382,16,0,16
S01010192,Whole house or bungalow: Semi-detached,241,217,14,203,24,8,16
S01010192,Whole house or bungalow: Terraced (including end-terrace),104,92,4,88,12,0,12
S01010192,Flat maisonette or apartment or mobile/temporary accommodation,38,16,0,16,22,13,9
S01010193,All people in households,739,637,157,480,102,26,76
S01010193,Whole house or bungalow: Total,663,609,154,455,54,5,49
S01010193,Whole house or bungalow: Detached,198,192,60,132,6,0,6
S01010193,Whole house or bungalow: Semi-detached,354,318,80,238,36,5,31
S01010193,Whole house or bungalow: Terraced (including end-terrace),111,99,14,85,12,0,12
S01010193,Flat maisonette or apartment or mobile/temporary accommodation,76,28,3,25,48,21,27
S01010194,All people in households,628,465,146,319,163,149,14
S01010194,Whole house or bungalow: Total,518,395,125,270,123,117,6
S01010194,Whole house or bungalow: Detached,13,3,0,3,10,8,2
S01010194,Whole house or bungalow: Semi-detached,207,153,50,103,54,54,0
S01010194,Whole house or bungalow: Terraced (including end-terrace),298,239,75,164,59,55,4
S01010194,Flat maisonette or apartment or mobile/temporary accommodation,110,70,21,49,40,32,8
S01010195,All people in households,531,361,88,273,170,118,52
S01010195,Whole house or bungalow: Total,414,309,72,237,105,74,31
S01010195,Whole house or bungalow: Detached,46,39,5,34,7,2,5
S01010195,Whole house or bungalow: Semi-detached,195,145,24,121,50,29,21
S01010195,Whole house or bungalow: Terraced (including end-terrace),173,125,43,82,48,43,5
S01010195,Flat maisonette or apartment or mobile/temporary accommodation,117,52,16,36,65,44,21
S01010196,All people in households,690,290,127,163,400,370,30
S01010196,Whole house or bungalow: Total,335,94,34,60,241,233,8
S01010196,Whole house or bungalow: Detached,14,5,0,5,9,9,0
S01010196,Whole house or bungalow: Semi-detached,178,56,22,34,122,116,6
S01010196,Whole house or bungalow: Terraced (including end-terrace),143,33,12,21,110,108,2
S01010196,Flat maisonette or apartment or mobile/temporary accommodation,355,196,93,103,159,137,22
S01010197,All people in households,660,229,99,130,431,399,32
S01010197,Whole house or bungalow: Total,149,41,28,13,108,100,8
S01010197,Whole house or bungalow: Detached,4,3,2,1,1,1,0
S01010197,Whole house or bungalow: Semi-detached,83,17,9,8,66,64,2
S01010197,Whole house or bungalow: Terraced (including end-terrace),62,21,17,4,41,35,6
S01010197,Flat maisonette or apartment or mobile/temporary accommodation,511,188,71,117,323,299,24
S01010198,All people in households,949,498,196,302,451,384,67
S01010198,Whole house or bungalow: Total,256,142,62,80,114,88,26
S01010198,Whole house or bungalow: Detached,24,12,4,8,12,0,12
S01010198,Whole house or bungalow: Semi-detached,106,57,23,34,49,39,10
S01010198,Whole house or bungalow: Terraced (including end-terrace),126,73,35,38,53,49,4
S01010198,Flat maisonette or apartment or mobile/temporary accommodation,693,356,134,222,337,296,41
S01010199,All people in households,521,180,70,110,341,323,18
S01010199,Whole house or bungalow: Total,433,175,67,108,258,247,11
S01010199,Whole house or bungalow: Detached,22,5,0,5,17,14,3
S01010199,Whole house or bungalow: Semi-detached,222,106,52,54,116,110,6
S01010199,Whole house or bungalow: Terraced (including end-terrace),189,64,15,49,125,123,2
S01010199,Flat maisonette or apartment or mobile/temporary accommodation,88,5,3,2,83,76,7
S01010200,All people in households,690,460,159,301,230,207,23
S01010200,Whole house or bungalow: Total,558,420,146,274,138,129,9
S01010200,Whole house or bungalow: Detached,16,1,1,0,15,13,2
S01010200,Whole house or bungalow: Semi-detached,322,262,83,179,60,56,4
S01010200,Whole house or bungalow: Terraced (including end-terrace),220,157,62,95,63,60,3
S01010200,Flat maisonette or apartment or mobile/temporary accommodation,132,40,13,27,92,78,14
S01010201,All people in households,643,507,154,353,136,95,41
S01010201,Whole house or bungalow: Total,538,427,131,296,111,75,36
S01010201,Whole house or bungalow: Detached,61,55,0,55,6,5,1
S01010201,Whole house or bungalow: Semi-detached,399,320,114,206,79,47,32
S01010201,Whole house or bungalow: Terraced (including end-terrace),78,52,17,35,26,23,3
S01010201,Flat maisonette or apartment or mobile/temporary accommodation,105,80,23,57,25,20,5
S01010202,All people in households,783,54,36,18,729,699,30
S01010202,Whole house or bungalow: Total,117,17,13,4,100,99,1
S01010202,Whole house or bungalow: Detached,8,3,3,0,5,4,1
S01010202,Whole house or bungalow: Semi-detached,21,3,3,0,18,18,0
S01010202,Whole house or bungalow: Terraced (including end-terrace),88,11,7,4,77,77,0
S01010202,Flat maisonette or apartment or mobile/temporary accommodation,666,37,23,14,629,600,29
S01010203,All people in households,671,540,54,486,131,25,106
S01010203,Whole house or bungalow: Total,578,492,50,442,86,5,81
S01010203,Whole house or bungalow: Detached,55,55,1,54,0,0,0
S01010203,Whole house or bungalow: Semi-detached,412,341,37,304,71,5,66
S01010203,Whole house or bungalow: Terraced (including end-terrace),111,96,12,84,15,0,15
S01010203,Flat maisonette or apartment or mobile/temporary accommodation,93,48,4,44,45,20,25
S01010204,All people in households,800,205,83,122,595,538,57
S01010204,Whole house or bungalow: Total,111,24,16,8,87,82,5
S01010204,Whole house or bungalow: Detached,5,0,0,0,5,3,2
S01010204,Whole house or bungalow: Semi-detached,66,13,9,4,53,50,3
S01010204,Whole house or bungalow: Terraced (including end-terrace),40,11,7,4,29,29,0
S01010204,Flat maisonette or apartment or mobile/temporary accommodation,689,181,67,114,508,456,52
S01010205,All people in households,658,309,114,195,349,287,62
S01010205,Whole house or bungalow: Total,183,147,64,83,36,27,9
S01010205,Whole house or bungalow: Detached,4,1,0,1,3,3,0
S01010205,Whole house or bungalow: Semi-detached,51,33,9,24,18,11,7
S01010205,Whole house or bungalow: Terraced (including end-terrace),128,113,55,58,15,13,2
S01010205,Flat maisonette or apartment or mobile/temporary accommodation,475,162,50,112,313,260,53
S01010206,All people in households,497,18,5,13,479,257,222
S01010206,Whole house or bungalow: Total,29,10,2,8,19,6,13
S01010206,Whole house or bungalow: Detached,11,7,0,7,4,4,0
S01010206,Whole house or bungalow: Semi-detached,11,3,2,1,8,0,8
S01010206,Whole house or bungalow: Terraced (including end-terrace),7,0,0,0,7,2,5
S01010206,Flat maisonette or apartment or mobile/temporary accommodation,468,8,3,5,460,251,209
S01010207,All people in households,778,87,51,36,691,441,250
S01010207,Whole house or bungalow: Total,95,34,13,21,61,49,12
S01010207,Whole house or bungalow: Detached,14,4,0,4,10,5,5
S01010207,Whole house or bungalow: Semi-detached,44,20,11,9,24,18,6
S01010207,Whole house or bungalow: Terraced (including end-terrace),37,10,2,8,27,26,1
S01010207,Flat maisonette or apartment or mobile/temporary accommodation,683,53,38,15,630,392,238
S01010208,All people in households,903,440,61,379,463,269,194
S01010208,Whole house or bungalow: Total,65,52,10,42,13,4,9
S01010208,Whole house or bungalow: Detached,3,1,1,0,2,0,2
S01010208,Whole house or bungalow: Semi-detached,9,4,4,0,5,1,4
S01010208,Whole house or bungalow: Terraced (including end-terrace),53,47,5,42,6,3,3
S01010208,Flat maisonette or apartment or mobile/temporary accommodation,838,388,51,337,450,265,185
S01010209,All people in households,880,361,110,251,519,439,80
S01010209,Whole house or bungalow: Total,302,232,63,169,70,36,34
S01010209,Whole house or bungalow: Detached,16,8,8,0,8,5,3
S01010209,Whole house or bungalow: Semi-detached,100,70,19,51,30,21,9
S01010209,Whole house or bungalow: Terraced (including end-terrace),186,154,36,118,32,10,22
S01010209,Flat maisonette or apartment or mobile/temporary accommodation,578,129,47,82,449,403,46
S01010210,All people in households,885,607,248,359,278,194,84
S01010210,Whole house or bungalow: Total,457,394,175,219,63,32,31
S01010210,Whole house or bungalow: Detached,8,8,0,8,0,0,0
S01010210,Whole house or bungalow: Semi-detached,211,188,79,109,23,10,13
S01010210,Whole house or bungalow: Terraced (including end-terrace),238,198,96,102,40,22,18
S01010210,Flat maisonette or apartment or mobile/temporary accommodation,428,213,73,140,215,162,53
S01010211,All people in households,858,300,121,179,558,488,70
S01010211,Whole house or bungalow: Total,93,63,18,45,30,19,11
S01010211,Whole house or bungalow: Detached,7,5,1,4,2,2,0
S01010211,Whole house or bungalow: Semi-detached,61,40,13,27,21,15,6
S01010211,Whole house or bungalow: Terraced (including end-terrace),25,18,4,14,7,2,5
S01010211,Flat maisonette or apartment or mobile/temporary accommodation,765,237,103,134,528,469,59
S01010212,All people in households,1030,190,64,126,840,758,82
S01010212,Whole house or bungalow: Total,164,69,33,36,95,86,9
S01010212,Whole house or bungalow: Detached,8,2,0,2,6,6,0
S01010212,Whole house or bungalow: Semi-detached,39,15,6,9,24,24,0
S01010212,Whole house or bungalow: Terraced (including end-terrace),117,52,27,25,65,56,9
S01010212,Flat maisonette or apartment or mobile/temporary accommodation,866,121,31,90,745,672,73
S01010213,All people in households,924,483,188,295,441,341,100
S01010213,Whole house or bungalow: Total,141,100,47,53,41,32,9
S01010213,Whole house or bungalow: Detached,7,2,1,1,5,5,0
S01010213,Whole house or bungalow: Semi-detached,97,83,38,45,14,10,4
S01010213,Whole house or bungalow: Terraced (including end-terrace),37,15,8,7,22,17,5
S01010213,Flat maisonette or apartment or mobile/temporary accommodation,783,383,141,242,400,309,91
S01010214,All people in households,967,760,277,483,207,92,115
S01010214,Whole house or bungalow: Total,892,744,266,478,148,45,103
S01010214,Whole house or bungalow: Detached,176,147,47,100,29,0,29
S01010214,Whole house or bungalow: Semi-detached,513,427,151,276,86,40,46
S01010214,Whole house or bungalow: Terraced (including end-terrace),203,170,68,102,33,5,28
S01010214,Flat maisonette or apartment or mobile/temporary accommodation,75,16,11,5,59,47,12
S01010215,All people in households,842,125,46,79,717,684,33
S01010215,Whole house or bungalow: Total,181,31,11,20,150,141,9
S01010215,Whole house or bungalow: Detached,35,11,4,7,24,24,0
S01010215,Whole house or bungalow: Semi-detached,70,14,5,9,56,53,3
S01010215,Whole house or bungalow: Terraced (including end-terrace),76,6,2,4,70,64,6
S01010215,Flat maisonette or apartment or mobile/temporary accommodation,661,94,35,59,567,543,24
S01010216,All people in households,621,97,15,82,524,474,50
S01010216,Whole house or bungalow: Total,98,33,9,24,65,64,1
S01010216,Whole house or bungalow: Detached,24,10,5,5,14,14,0
S01010216,Whole house or bungalow: Semi-detached,37,12,3,9,25,25,0
S01010216,Whole house or bungalow: Terraced (including end-terrace),37,11,1,10,26,25,1
S01010216,Flat maisonette or apartment or mobile/temporary accommodation,523,64,6,58,459,410,49
S01010217,All people in households,817,135,30,105,682,560,122
S01010217,Whole house or bungalow: Total,110,34,12,22,76,68,8
S01010217,Whole house or bungalow: Detached,11,4,0,4,7,7,0
S01010217,Whole house or bungalow: Semi-detached,18,6,0,6,12,7,5
S01010217,Whole house or bungalow: Terraced (including end-terrace),81,24,12,12,57,54,3
S01010217,Flat maisonette or apartment or mobile/temporary accommodation,707,101,18,83,606,492,114
S01010218,All people in households,1018,349,79,270,669,559,110
S01010218,Whole house or bungalow: Total,88,32,11,21,56,54,2
S01010218,Whole house or bungalow: Detached,16,10,4,6,6,5,1
S01010218,Whole house or bungalow: Semi-detached,37,13,7,6,24,23,1
S01010218,Whole house or bungalow: Terraced (including end-terrace),35,9,0,9,26,26,0
S01010218,Flat maisonette or apartment or mobile/temporary accommodation,930,317,68,249,613,505,108
S01010219,All people in households,503,43,24,19,460,426,34
S01010219,Whole house or bungalow: Total,20,4,1,3,16,12,4
S01010219,Whole house or bungalow: Detached,4,0,0,0,4,4,0
S01010219,Whole house or bungalow: Semi-detached,3,1,1,0,2,2,0
S01010219,Whole house or bungalow: Terraced (including end-terrace),13,3,0,3,10,6,4
S01010219,Flat maisonette or apartment or mobile/temporary accommodation,483,39,23,16,444,414,30
S01010220,All people in households,476,274,58,216,202,30,172
S01010220,Whole house or bungalow: Total,3,2,2,0,1,1,0
S01010220,Whole house or bungalow: Detached,0,0,0,0,0,0,0
S01010220,Whole house or bungalow: Semi-detached,0,0,0,0,0,0,0
S01010220,Whole house or bungalow: Terraced (including end-terrace),3,2,2,0,1,1,0
S01010220,Flat maisonette or apartment or mobile/temporary accommodation,473,272,56,216,201,29,172
S01010221,All people in households,465,42,20,22,423,387,36
S01010221,Whole house or bungalow: Total,175,11,2,9,164,160,4
S01010221,Whole house or bungalow: Detached,26,4,0,4,22,22,0
S01010221,Whole house or bungalow: Semi-detached,76,7,2,5,69,69,0
S01010221,Whole house or bungalow: Terraced (including end-terrace),73,0,0,0,73,69,4
S01010221,Flat maisonette or apartment or mobile/temporary accommodation,290,31,18,13,259,227,32
S01010222,All people in households,492,140,37,103,352,244,108
S01010222,Whole house or bungalow: Total,30,17,4,13,13,9,4
S01010222,Whole house or bungalow: Detached,0,0,0,0,0,0,0
S01010222,Whole house or bungalow: Semi-detached,4,4,0,4,0,0,0
S01010222,Whole house or bungalow: Terraced (including end-terrace),26,13,4,9,13,9,4
S01010222,Flat maisonette or apartment or mobile/temporary accommodation,462,123,33,90,339,235,104
S01010223,All people in households,552,178,46,132,374,290,84
S01010223,Whole house or bungalow: Total,136,63,20,43,73,64,9
S01010223,Whole house or bungalow: Detached,0,0,0,0,0,0,0
S01010223,Whole house or bungalow: Semi-detached,56,26,4,22,30,21,9
S01010223,Whole house or bungalow: Terraced (including end-terrace),80,37,16,21,43,43,0
S01010223,Flat maisonette or apartment or mobile/temporary accommodation,416,115,26,89,301,226,75
S01010224,All people in households,989,104,12,92,885,844,41
S01010224,Whole house or bungalow: Total,339,84,2,82,255,235,20
S01010224,Whole house or bungalow: Detached,23,0,0,0,23,23,0
S01010224,Whole house or bungalow: Semi-detached,169,33,1,32,136,136,0
S01010224,Whole house or bungalow: Terraced (including end-terrace),147,51,1,50,96,76,20
S01010224,Flat maisonette or apartment or mobile/temporary accommodation,650,20,10,10,630,609,21
S01010225,All people in households,812,283,54,229,529,459,70
S01010225,Whole house or bungalow: Total,138,114,10,104,24,14,10
S01010225,Whole house or bungalow: Detached,11,11,1,10,0,0,0
S01010225,Whole house or bungalow: Semi-detached,23,19,6,13,4,2,2
S01010225,Whole house or bungalow: Terraced (including end-terrace),104,84,3,81,20,12,8
S01010225,Flat maisonette or apartment or mobile/temporary accommodation,674,169,44,125,505,445,60
S01010226,All people in households,816,74,39,35,742,714,28
S01010226,Whole house or bungalow: Total,32,27,5,22,5,5,0
S01010226,Whole house or bungalow: Detached,10,10,0,10,0,0,0
S01010226,Whole house or bungalow: Semi-detached,9,9,5,4,0,0,0
S01010226,Whole house or bungalow: Terraced (including end-terrace),13,8,0,8,5,5,0
S01010226,Flat maisonette or apartment or mobile/temporary accommodation,784,47,34,13,737,709,28
S01010227,All people in households,692,39,19,20,653,609,44
S01010227,Whole house or bungalow: Total,24,18,14,4,6,1,5
S01010227,Whole house or bungalow: Detached,9,4,0,4,5,0,5
S01010227,Whole house or bungalow: Semi-detached,14,13,13,0,1,1,0
S01010227,Whole house or bungalow: Terraced (including end-terrace),1,1,1,0,0,0,0
S01010227,Flat maisonette or apartment or mobile/temporary accommodation,668,21,5,16,647,608,39
S01010228,All people in households,642,210,102,108,432,399,33
S01010228,Whole house or bungalow: Total,38,11,6,5,27,21,6
S01010228,Whole house or bungalow: Detached,5,0,0,0,5,1,4
S01010228,Whole house or bungalow: Semi-detached,22,6,4,2,16,14,2
S01010228,Whole house or bungalow: Terraced (including end-terrace),11,5,2,3,6,6,0
S01010228,Flat maisonette or apartment or mobile/temporary accommodation,604,199,96,103,405,378,27
S01010229,All people in households,1016,383,54,329,633,586,47
S01010229,Whole house or bungalow: Total,356,296,18,278,60,41,19
S01010229,Whole house or bungalow: Detached,32,29,2,27,3,0,3
S01010229,Whole house or bungalow: Semi-detached,258,224,14,210,34,24,10
S01010229,Whole house or bungalow: Terraced (including end-terrace),66,43,2,41,23,17,6
S01010229,Flat maisonette or apartment or mobile/temporary accommodation,660,87,36,51,573,545,28
S01010230,All people in households,1005,71,24,47,934,893,41
S01010230,Whole house or bungalow: Total,28,7,0,7,21,19,2
S01010230,Whole house or bungalow: Detached,2,0,0,0,2,2,0
S01010230,Whole house or bungalow: Semi-detached,7,3,0,3,4,2,2
S01010230,Whole house or bungalow: Terraced (including end-terrace),19,4,0,4,15,15,0
S01010230,Flat maisonette or apartment or mobile/temporary accommodation,977,64,24,40,913,874,39
S01010231,All people in households,1013,37,15,22,976,940,36
S01010231,Whole house or bungalow: Total,196,12,5,7,184,170,14
S01010231,Whole house or bungalow: Detached,31,6,2,4,25,23,2
S01010231,Whole house or bungalow: Semi-detached,87,3,0,3,84,79,5
S01010231,Whole house or bungalow: Terraced (including end-terrace),78,3,3,0,75,68,7
S01010231,Flat maisonette or apartment or mobile/temporary accommodation,817,25,10,15,792,770,22
S01010232,All people in households,1074,196,22,174,878,831,47
S01010232,Whole house or bungalow: Total,339,140,18,122,199,194,5
S01010232,Whole house or bungalow: Detached,7,0,0,0,7,7,0
S01010232,Whole house or bungalow: Semi-detached,261,101,10,91,160,156,4
S01010232,Whole house or bungalow: Terraced (including end-terrace),71,39,8,31,32,31,1
S01010232,Flat maisonette or apartment or mobile/temporary accommodation,735,56,4,52,679,637,42
S01010233,All people in households,970,145,74,71,825,779,46
S01010233,Whole house or bungalow: Total,107,37,18,19,70,64,6
S01010233,Whole house or bungalow: Detached,9,1,0,1,8,8,0
S01010233,Whole house or bungalow: Semi-detached,62,28,18,10,34,34,0
S01010233,Whole house or bungalow: Terraced (including end-terrace),36,8,0,8,28,22,6
S01010233,Flat maisonette or apartment or mobile/temporary accommodation,863,108,56,52,755,715,40
S01010234,All people in households,940,459,188,271,481,113,368
S01010234,Whole house or bungalow: Total,16,11,3,8,5,5,0
S01010234,Whole house or bungalow: Detached,3,3,1,2,0,0,0
S01010234,Whole house or bungalow: Semi-detached,3,0,0,0,3,3,0
S01010234,Whole house or bungalow: Terraced (including end-terrace),10,8,2,6,2,2,0
S01010234,Flat maisonette or apartment or mobile/temporary accommodation,924,448,185,263,476,108,368
S01010235,All people in households,782,318,45,273,464,11,453
S01010235,Whole house or bungalow: Total,7,5,5,0,2,0,2
S01010235,Whole house or bungalow: Detached,0,0,0,0,0,0,0
S01010235,Whole house or bungalow: Semi-detached,4,2,2,0,2,0,2
S01010235,Whole house or bungalow: Terraced (including end-terrace),3,3,3,0,0,0,0
S01010235,Flat maisonette or apartment or mobile/temporary accommodation,775,313,40,273,462,11,451
S01010236,All people in households,725,430,141,289,295,61,234
S01010236,Whole house or bungalow: Total,134,116,45,71,18,1,17
S01010236,Whole house or bungalow: Detached,14,12,0,12,2,0,2
S01010236,Whole house or bungalow: Semi-detached,36,34,9,25,2,0,2
S01010236,Whole house or bungalow: Terraced (including end-terrace),84,70,36,34,14,1,13
S01010236,Flat maisonette or apartment or mobile/temporary accommodation,591,314,96,218,277,60,217
S01010237,All people in households,644,351,113,238,293,107,186
S01010237,Whole house or bungalow: Total,12,3,1,2,9,5,4
S01010237,Whole house or bungalow: Detached,2,0,0,0,2,0,2
S01010237,Whole house or bungalow: Semi-detached,1,1,1,0,0,0,0
S01010237,Whole house or bungalow: Terraced (including end-terrace),9,2,0,2,7,5,2
S01010237,Flat maisonette or apartment or mobile/temporary accommodation,632,348,112,236,284,102,182
S01010238,All people in households,826,391,139,252,435,116,319
S01010238,Whole house or bungalow: Total,21,1,0,1,20,11,9
S01010238,Whole house or bungalow: Detached,6,0,0,0,6,3,3
S01010238,Whole house or bungalow: Semi-detached,5,1,0,1,4,4,0
S01010238,Whole house or bungalow: Terraced (including end-terrace),10,0,0,0,10,4,6
S01010238,Flat maisonette or apartment or mobile/temporary accommodation,805,390,139,251,415,105,310
S01010239,All people in households,790,239,90,149,551,396,155
S01010239,Whole house or bungalow: Total,44,21,8,13,23,23,0
S01010239,Whole house or bungalow: Detached,13,7,0,7,6,6,0
S01010239,Whole house or bungalow: Semi-detached,20,8,3,5,12,12,0
S01010239,Whole house or bungalow: Terraced (including end-terrace),11,6,5,1,5,5,0
S01010239,Flat maisonette or apartment or mobile/temporary accommodation,746,218,82,136,528,373,155
S01010240,All people in households,691,265,91,174,426,244,182
S01010240,Whole house or bungalow: Total,5,3,0,3,2,0,2
S01010240,Whole house or bungalow: Detached,0,0,0,0,0,0,0
S01010240,Whole house or bungalow: Semi-detached,1,1,0,1,0,0,0
S01010240,Whole house or bungalow: Terraced (including end-terrace),4,2,0,2,2,0,2
S01010240,Flat maisonette or apartment or mobile/temporary accommodation,686,262,91,171,424,244,180
S01010241,All people in households,980,423,160,263,557,265,292
S01010241,Whole house or bungalow: Total,40,16,11,5,24,16,8
S01010241,Whole house or bungalow: Detached,3,0,0,0,3,1,2
S01010241,Whole house or bungalow: Semi-detached,4,2,2,0,2,2,0
S01010241,Whole house or bungalow: Terraced (including end-terrace),33,14,9,5,19,13,6
S01010241,Flat maisonette or apartment or mobile/temporary accommodation,940,407,149,258,533,249,284
S01010242,All people in households,793,179,53,126,614,424,190
S01010242,Whole house or bungalow: Total,88,22,11,11,66,64,2
S01010242,Whole house or bungalow: Detached,6,3,0,3,3,3,0
S01010242,Whole house or bungalow: Semi-detached,44,3,3,0,41,41,0
S01010242,Whole house or bungalow: Terraced (including end-terrace),38,16,8,8,22,20,2
S01010242,Flat maisonette or apartment or mobile/temporary accommodation,705,157,42,115,548,360,188
S01010243,All people in households,1019,170,46,124,849,549,300
S01010243,Whole house or bungalow: Total,21,2,1,1,19,15,4
S01010243,Whole house or bungalow: Detached,0,0,0,0,0,0,0
S01010243,Whole house or bungalow: Semi-detached,4,1,1,0,3,0,3
S01010243,Whole house or bungalow: Terraced (including end-terrace),17,1,0,1,16,15,1
S01010243,Flat maisonette or apartment or mobile/temporary accommodation,998,168,45,123,830,534,296
S01010244,All people in households,735,119,48,71,616,509,107
S01010244,Whole house or bungalow: Total,7,2,0,2,5,5,0
S01010244,Whole house or bungalow: Detached,0,0,0,0,0,0,0
S01010244,Whole house or bungalow: Semi-detached,2,2,0,2,0,0,0
S01010244,Whole house or bungalow: Terraced (including end-terrace),5,0,0,0,5,5,0
S01010244,Flat maisonette or apartment or mobile/temporary accommodation,728,117,48,69,611,504,107
S01010245,All people in households,952,70,21,49,882,829,53
S01010245,Whole house or bungalow: Total,317,30,9,21,287,271,16
S01010245,Whole house or bungalow: Detached,40,7,0,7,33,33,0
S01010245,Whole house or bungalow: Semi-detached,118,9,2,7,109,103,6
S01010245,Whole house or bungalow: Terraced (including end-terrace),159,14,7,7,145,135,10
S01010245,Flat maisonette or apartment or mobile/temporary accommodation,635,40,12,28,595,558,37
S01010246,All people in households,841,107,51,56,734,587,147
S01010246,Whole house or bungalow: Total,148,3,0,3,145,138,7
S01010246,Whole house or bungalow: Detached,5,0,0,0,5,5,0
S01010246,Whole house or bungalow: Semi-detached,114,0,0,0,114,110,4
S01010246,Whole house or bungalow: Terraced (including end-terrace),29,3,0,3,26,23,3
S01010246,Flat maisonette or apartment or mobile/temporary accommodation,693,104,51,53,589,449,140
S01010247,All people in households,728,552,154,398,176,144,32
S01010247,Whole house or bungalow: Total,610,532,143,389,78,54,24
S01010247,Whole house or bungalow: Detached,12,12,3,9,0,0,0
S01010247,Whole house or bungalow: Semi-detached,294,233,68,165,61,46,15
S01010247,Whole house or bungalow: Terraced (including end-terrace),304,287,72,215,17,8,9
S01010247,Flat maisonette or apartment or mobile/temporary accommodation,118,20,11,9,98,90,8
S01010248,All people in households,834,495,147,348,339,40,299
S01010248,Whole house or bungalow: Total,15,6,0,6,9,7,2
S01010248,Whole house or bungalow: Detached,4,2,0,2,2,0,2
S01010248,Whole house or bungalow: Semi-detached,7,0,0,0,7,7,0
S01010248,Whole house or bungalow: Terraced (including end-terrace),4,4,0,4,0,0,0
S01010248,Flat maisonette or apartment or mobile/temporary accommodation,819,489,147,342,330,33,297
S01010249,All people in households,668,323,124,199,345,22,323
S01010249,Whole house or bungalow: Total,13,9,7,2,4,0,4
S01010249,Whole house or bungalow: Detached,0,0,0,0,0,0,0
S01010249,Whole house or bungalow: Semi-detached,0,0,0,0,0,0,0
S01010249,Whole house or bungalow: Terraced (including end-terrace),13,9,7,2,4,0,4
S01010249,Flat maisonette or apartment or mobile/temporary accommodation,655,314,117,197,341,22,319
S01010250,All people in households,771,356,104,252,415,20,395
S01010250,Whole house or bungalow: Total,15,5,0,5,10,4,6
S01010250,Whole house or bungalow: Detached,0,0,0,0,0,0,0
S01010250,Whole house or bungalow: Semi-detached,4,3,0,3,1,1,0
S01010250,Whole house or bungalow: Terraced (including end-terrace),11,2,0,2,9,3,6
S01010250,Flat maisonette or apartment or mobile/temporary accommodation,756,351,104,247,405,16,389
S01010251,All people in households,665,227,53,174,438,18,420
S01010251,Whole house or bungalow: Total,54,41,4,37,13,0,13
S01010251,Whole house or bungalow: Detached,5,5,0,5,0,0,0
S01010251,Whole house or bungalow: Semi-detached,10,10,2,8,0,0,0
S01010251,Whole house or bungalow: Terraced (including end-terrace),39,26,2,24,13,0,13
S01010251,Flat maisonette or apartment or mobile/temporary accommodation,611,186,49,137,425,18,407
S01010252,All people in households,614,341,83,258,273,67,206
S01010252,Whole house or bungalow: Total,110,101,21,80,9,4,5
S01010252,Whole house or bungalow: Detached,17,15,0,15,2,2,0
S01010252,Whole house or bungalow: Semi-detached,22,17,5,12,5,0,5
S01010252,Whole house or bungalow: Terraced (including end-terrace),71,69,16,53,2,2,0
S01010252,Flat maisonette or apartment or mobile/temporary accommodation,504,240,62,178,264,63,201
S01010253,All people in households,631,147,39,108,484,388,96
S01010253,Whole house or bungalow: Total,9,4,0,4,5,5,0
S01010253,Whole house or bungalow: Detached,1,0,0,0,1,1,0
S01010253,Whole house or bungalow: Semi-detached,4,4,0,4,0,0,0
S01010253,Whole house or bungalow: Terraced (including end-terrace),4,0,0,0,4,4,0
S01010253,Flat maisonette or apartment or mobile/temporary accommodation,622,143,39,104,479,383,96
S01010254,All people in households,1054,331,63,268,723,554,169
S01010254,Whole house or bungalow: Total,91,66,26,40,25,17,8
S01010254,Whole house or bungalow: Detached,4,4,4,0,0,0,0
S01010254,Whole house or bungalow: Semi-detached,8,4,2,2,4,4,0
S01010254,Whole house or bungalow: Terraced (including end-terrace),79,58,20,38,21,13,8
S01010254,Flat maisonette or apartment or mobile/temporary accommodation,963,265,37,228,698,537,161
S01010255,All people in households,718,101,35,66,617,513,104
S01010255,Whole house or bungalow: Total,43,16,5,11,27,22,5
S01010255,Whole house or bungalow: Detached,4,2,0,2,2,2,0
S01010255,Whole house or bungalow: Semi-detached,24,11,5,6,13,8,5
S01010255,Whole house or bungalow: Terraced (including end-terrace),15,3,0,3,12,12,0
S01010255,Flat maisonette or apartment or mobile/temporary accommodation,675,85,30,55,590,491,99
S01010256,All people in households,859,106,46,60,753,688,65
S01010256,Whole house or bungalow: Total,9,0,0,0,9,9,0
S01010256,Whole house or bungalow: Detached,0,0,0,0,0,0,0
S01010256,Whole house or bungalow: Semi-detached,2,0,0,0,2,2,0
S01010256,Whole house or bungalow: Terraced (including end-terrace),7,0,0,0,7,7,0
S01010256,Flat maisonette or apartment or mobile/temporary accommodation,850,106,46,60,744,679,65
S01010257,All people in households,773,93,35,58,680,208,472
S01010257,Whole house or bungalow: Total,10,2,0,2,8,4,4
S01010257,Whole house or bungalow: Detached,0,0,0,0,0,0,0
S01010257,Whole house or bungalow: Semi-detached,1,0,0,0,1,0,1
S01010257,Whole house or bungalow: Terraced (including end-terrace),9,2,0,2,7,4,3
S01010257,Flat maisonette or apartment or mobile/temporary accommodation,763,91,35,56,672,204,468
S01010258,All people in households,728,193,45,148,535,32,503
S01010258,Whole house or bungalow: Total,43,29,10,19,14,1,13
S01010258,Whole house or bungalow: Detached,7,7,0,7,0,0,0
S01010258,Whole house or bungalow: Semi-detached,2,1,0,1,1,1,0
S01010258,Whole house or bungalow: Terraced (including end-terrace),34,21,10,11,13,0,13
S01010258,Flat maisonette or apartment or mobile/temporary accommodation,685,164,35,129,521,31,490
S01010259,All people in households,766,106,63,43,660,541,119
S01010259,Whole house or bungalow: Total,27,5,2,3,22,14,8
S01010259,Whole house or bungalow: Detached,2,0,0,0,2,2,0
S01010259,Whole house or bungalow: Semi-detached,13,3,0,3,10,5,5
S01010259,Whole house or bungalow: Terraced (including end-terrace),12,2,2,0,10,7,3
S01010259,Flat maisonette or apartment or mobile/temporary accommodation,739,101,61,40,638,527,111
S01010260,All people in households,1012,337,119,218,675,226,449
S01010260,Whole house or bungalow: Total,19,7,1,6,12,4,8
S01010260,Whole house or bungalow: Detached,3,3,0,3,0,0,0
S01010260,Whole house or bungalow: Semi-detached,8,0,0,0,8,4,4
S01010260,Whole house or bungalow: Terraced (including end-terrace),8,4,1,3,4,0,4
S01010260,Flat maisonette or apartment or mobile/temporary accommodation,993,330,118,212,663,222,441
S01010261,All people in households,905,166,104,62,739,413,326
S01010261,Whole house or bungalow: Total,11,7,0,7,4,4,0
S01010261,Whole house or bungalow: Detached,5,3,0,3,2,2,0
S01010261,Whole house or bungalow: Semi-detached,0,0,0,0,0,0,0
S01010261,Whole house or bungalow: Terraced (including end-terrace),6,4,0,4,2,2,0
S01010261,Flat maisonette or apartment or mobile/temporary accommodation,894,159,104,55,735,409,326
S01010262,All people in households,844,205,119,86,639,456,183
S01010262,Whole house or bungalow: Total,24,10,2,8,14,6,8
S01010262,Whole house or bungalow: Detached,6,0,0,0,6,0,6
S01010262,Whole house or bungalow: Semi-detached,10,8,0,8,2,0,2
S01010262,Whole house or bungalow: Terraced (including end-terrace),8,2,2,0,6,6,0
S01010262,Flat maisonette or apartment or mobile/temporary accommodation,820,195,117,78,625,450,175
S01010263,All people in households,651,208,69,139,443,45,398
S01010263,Whole house or bungalow: Total,9,9,7,2,0,0,0
S01010263,Whole house or bungalow: Detached,0,0,0,0,0,0,0
S01010263,Whole house or bungalow: Semi-detached,3,3,3,0,0,0,0
S01010263,Whole house or bungalow: Terraced (including end-terrace),6,6,4,2,0,0,0
S01010263,Flat maisonette or apartment or mobile/temporary accommodation,642,199,62,137,443,45,398
S01010264,All people in households,762,209,67,142,553,150,403
S01010264,Whole house or bungalow: Total,24,9,2,7,15,5,10
S01010264,Whole house or bungalow: Detached,3,0,0,0,3,1,2
S01010264,Whole house or bungalow: Semi-detached,3,2,0,2,1,0,1
S01010264,Whole house or bungalow: Terraced (including end-terrace),18,7,2,5,11,4,7
S01010264,Flat maisonette or apartment or mobile/temporary accommodation,738,200,65,135,538,145,393
S01010265,All people in households,860,319,83,236,541,3,538
S01010265,Whole house or bungalow: Total,7,5,0,5,2,0,2
S01010265,Whole house or bungalow: Detached,1,1,0,1,0,0,0
S01010265,Whole house or bungalow: Semi-detached,2,0,0,0,2,0,2
S01010265,Whole house or bungalow: Terraced (including end-terrace),4,4,0,4,0,0,0
S01010265,Flat maisonette or apartment or mobile/temporary accommodation,853,314,83,231,539,3,536
S01010266,All people in households,521,181,72,109,340,87,253
S01010266,Whole house or bungalow: Total,17,7,2,5,10,3,7
S01010266,Whole house or bungalow: Detached,0,0,0,0,0,0,0
S01010266,Whole house or bungalow: Semi-detached,16,6,1,5,10,3,7
S01010266,Whole house or bungalow: Terraced (including end-terrace),1,1,1,0,0,0,0
S01010266,Flat maisonette or apartment or mobile/temporary accommodation,504,174,70,104,330,84,246
S01010267,All people in households,608,126,24,102,482,39,443
S01010267,Whole house or bungalow: Total,16,4,2,2,12,6,6
S01010267,Whole house or bungalow: Detached,3,2,2,0,1,0,1
S01010267,Whole house or bungalow: Semi-detached,8,2,0,2,6,2,4
S01010267,Whole house or bungalow: Terraced (including end-terrace),5,0,0,0,5,4,1
S01010267,Flat maisonette or apartment or mobile/temporary accommodation,592,122,22,100,470,33,437
S01010268,All people in households,728,269,113,156,459,166,293
S01010268,Whole house or bungalow: Total,27,13,2,11,14,9,5
S01010268,Whole house or bungalow: Detached,12,10,1,9,2,0,2
S01010268,Whole house or bungalow: Semi-detached,8,2,0,2,6,6,0
S01010268,Whole house or bungalow: Terraced (including end-terrace),7,1,1,0,6,3,3
S01010268,Flat maisonette or apartment or mobile/temporary accommodation,701,256,111,145,445,157,288
S01010269,All people in households,528,143,48,95,385,77,308
S01010269,Whole house or bungalow: Total,13,6,0,6,7,0,7
S01010269,Whole house or bungalow: Detached,2,0,0,0,2,0,2
S01010269,Whole house or bungalow: Semi-detached,6,6,0,6,0,0,0
S01010269,Whole house or bungalow: Terraced (including end-terrace),5,0,0,0,5,0,5
S01010269,Flat maisonette or apartment or mobile/temporary accommodation,515,137,48,89,378,77,301
S01010270,All people in households,1100,207,108,99,893,596,297
S01010270,Whole house or bungalow: Total,14,5,0,5,9,8,1
S01010270,Whole house or bungalow: Detached,0,0,0,0,0,0,0
S01010270,Whole house or bungalow: Semi-detached,1,0,0,0,1,1,0
S01010270,Whole house or bungalow: Terraced (including end-terrace),13,5,0,5,8,7,1
S01010270,Flat maisonette or apartment or mobile/temporary accommodation,1086,202,108,94,884,588,296
S01010271,All people in households,723,183,65,118,540,96,444
S01010271,Whole house or bungalow: Total,34,20,8,12,14,4,10
S01010271,Whole house or bungalow: Detached,0,0,0,0,0,0,0
S01010271,Whole house or bungalow: Semi-detached,18,12,0,12,6,2,4
S01010271,Whole house or bungalow: Terraced (including end-terrace),16,8,8,0,8,2,6
S01010271,Flat maisonette or apartment or mobile/temporary accommodation,689,163,57,106,526,92,434
S01010272,All people in households,1013,200,59,141,813,500,313
S01010272,Whole house or bungalow: Total,49,23,6,17,26,14,12
S01010272,Whole house or bungalow: Detached,21,12,5,7,9,0,9
S01010272,Whole house or bungalow: Semi-detached,16,11,1,10,5,2,3
S01010272,Whole house or bungalow: Terraced (including end-terrace),12,0,0,0,12,12,0
S01010272,Flat maisonette or apartment or mobile/temporary accommodation,964,177,53,124,787,486,301
S01010273,All people in households,655,161,42,119,494,18,476
S01010273,Whole house or bungalow: Total,10,3,1,2,7,1,6
S01010273,Whole house or bungalow: Detached,0,0,0,0,0,0,0
S01010273,Whole house or bungalow: Semi-detached,6,0,0,0,6,0,6
S01010273,Whole house or bungalow: Terraced (including end-terrace),4,3,1,2,1,1,0
S01010273,Flat maisonette or apartment or mobile/temporary accommodation,645,158,41,117,487,17,470
S01010274,All people in households,536,175,47,128,361,26,335
S01010274,Whole house or bungalow: Total,28,16,14,2,12,5,7
S01010274,Whole house or bungalow: Detached,6,2,2,0,4,4,0
S01010274,Whole house or bungalow: Semi-detached,8,7,7,0,1,1,0
S01010274,Whole house or bungalow: Terraced (including end-terrace),14,7,5,2,7,0,7
S01010274,Flat maisonette or apartment or mobile/temporary accommodation,508,159,33,126,349,21,328
S01010275,All people in households,592,173,43,130,419,15,404
S01010275,Whole house or bungalow: Total,15,11,2,9,4,2,2
S01010275,Whole house or bungalow: Detached,6,4,0,4,2,0,2
S01010275,Whole house or bungalow: Semi-detached,4,4,2,2,0,0,0
S01010275,Whole house or bungalow: Terraced (including end-terrace),5,3,0,3,2,2,0
S01010275,Flat maisonette or apartment or mobile/temporary accommodation,577,162,41,121,415,13,402
S01010276,All people in households,993,382,97,285,611,23,588
S01010276,Whole house or bungalow: Total,6,6,0,6,0,0,0
S01010276,Whole house or bungalow: Detached,3,3,0,3,0,0,0
S01010276,Whole house or bungalow: Semi-detached,3,3,0,3,0,0,0
S01010276,Whole house or bungalow: Terraced (including end-terrace),0,0,0,0,0,0,0
S01010276,Flat maisonette or apartment or mobile/temporary accommodation,987,376,97,279,611,23,588
S01010277,All people in households,610,87,30,57,523,408,115
S01010277,Whole house or bungalow: Total,22,6,3,3,16,10,6
S01010277,Whole house or bungalow: Detached,0,0,0,0,0,0,0
S01010277,Whole house or bungalow: Semi-detached,7,0,0,0,7,4,3
S01010277,Whole house or bungalow: Terraced (including end-terrace),15,6,3,3,9,6,3
S01010277,Flat maisonette or apartment or mobile/temporary accommodation,588,81,27,54,507,398,109
S01010278,All people in households,650,110,30,80,540,466,74
S01010278,Whole house or bungalow: Total,47,11,3,8,36,36,0
S01010278,Whole house or bungalow: Detached,4,4,0,4,0,0,0
S01010278,Whole house or bungalow: Semi-detached,2,2,2,0,0,0,0
S01010278,Whole house or bungalow: Terraced (including end-terrace),41,5,1,4,36,36,0
S01010278,Flat maisonette or apartment or mobile/temporary accommodation,603,99,27,72,504,430,74
S01010279,All people in households,605,137,50,87,468,242,226
S01010279,Whole house or bungalow: Total,25,19,11,8,6,3,3
S01010279,Whole house or bungalow: Detached,7,7,7,0,0,0,0
S01010279,Whole house or bungalow: Semi-detached,6,5,0,5,1,0,1
S01010279,Whole house or bungalow: Terraced (including end-terrace),12,7,4,3,5,3,2
S01010279,Flat maisonette or apartment or mobile/temporary accommodation,580,118,39,79,462,239,223
S01010280,All people in households,782,224,77,147,558,136,422
S01010280,Whole house or bungalow: Total,19,13,3,10,6,3,3
S01010280,Whole house or bungalow: Detached,10,4,3,1,6,3,3
S01010280,Whole house or bungalow: Semi-detached,3,3,0,3,0,0,0
S01010280,Whole house or bungalow: Terraced (including end-terrace),6,6,0,6,0,0,0
S01010280,Flat maisonette or apartment or mobile/temporary accommodation,763,211,74,137,552,133,419
S01010281,All people in households,779,250,67,183,529,86,443
S01010281,Whole house or bungalow: Total,14,10,6,4,4,0,4
S01010281,Whole house or bungalow: Detached,0,0,0,0,0,0,0
S01010281,Whole house or bungalow: Semi-detached,0,0,0,0,0,0,0
S01010281,Whole house or bungalow: Terraced (including end-terrace),14,10,6,4,4,0,4
S01010281,Flat maisonette or apartment or mobile/temporary accommodation,765,240,61,179,525,86,439
S01010282,All people in households,976,276,91,185,700,368,332
S01010282,Whole house or bungalow: Total,19,6,0,6,13,10,3
S01010282,Whole house or bungalow: Detached,2,0,0,0,2,0,2
S01010282,Whole house or bungalow: Semi-detached,4,2,0,2,2,2,0
S01010282,Whole house or bungalow: Terraced (including end-terrace),13,4,0,4,9,8,1
S01010282,Flat maisonette or apartment or mobile/temporary accommodation,957,270,91,179,687,358,329
S01010283,All people in households,539,142,41,101,397,117,280
S01010283,Whole house or bungalow: Total,20,6,6,0,14,13,1
S01010283,Whole house or bungalow: Detached,9,6,6,0,3,3,0
S01010283,Whole house or bungalow: Semi-detached,0,0,0,0,0,0,0
S01010283,Whole house or bungalow: Terraced (including end-terrace),11,0,0,0,11,10,1
S01010283,Flat maisonette or apartment or mobile/temporary accommodation,519,136,35,101,383,104,279
S01010284,All people in households,1002,341,77,264,661,148,513
S01010284,Whole house or bungalow: Total,17,8,0,8,9,2,7
S01010284,Whole house or bungalow: Detached,5,5,0,5,0,0,0
S01010284,Whole house or bungalow: Semi-detached,2,1,0,1,1,0,1
S01010284,Whole house or bungalow: Terraced (including end-terrace),10,2,0,2,8,2,6
S01010284,Flat maisonette or apartment or mobile/temporary accommodation,985,333,77,256,652,146,506
S01010285,All people in households,838,216,49,167,622,235,387
S01010285,Whole house or bungalow: Total,29,15,2,13,14,2,12
S01010285,Whole house or bungalow: Detached,0,0,0,0,0,0,0
S01010285,Whole house or bungalow: Semi-detached,6,0,0,0,6,2,4
S01010285,Whole house or bungalow: Terraced (including end-terrace),23,15,2,13,8,0,8
S01010285,Flat maisonette or apartment or mobile/temporary accommodation,809,201,47,154,608,233,375
S01010286,All people in households,736,249,46,203,487,131,356
S01010286,Whole house or bungalow: Total,19,11,0,11,8,4,4
S01010286,Whole house or bungalow: Detached,0,0,0,0,0,0,0
S01010286,Whole house or bungalow: Semi-detached,5,5,0,5,0,0,0
S01010286,Whole house or bungalow: Terraced (including end-terrace),14,6,0,6,8,4,4
S01010286,Flat maisonette or apartment or mobile/temporary accommodation,717,238,46,192,479,127,352
S01010287,All people in households,874,302,100,202,572,46,526
S01010287,Whole house or bungalow: Total,25,12,5,7,13,11,2
S01010287,Whole house or bungalow: Detached,3,3,0,3,0,0,0
S01010287,Whole house or bungalow: Semi-detached,4,2,2,0,2,2,0
S01010287,Whole house or bungalow: Terraced (including end-terrace),18,7,3,4,11,9,2
S01010287,Flat maisonette or apartment or mobile/temporary accommodation,849,290,95,195,559,35,524
S01010288,All people in households,810,302,90,212,508,54,454
S01010288,Whole house or bungalow: Total,48,27,9,18,21,7,14
S01010288,Whole house or bungalow: Detached,16,12,5,7,4,0,4
S01010288,Whole house or bungalow: Semi-detached,2,2,0,2,0,0,0
S01010288,Whole house or bungalow: Terraced (including end-terrace),30,13,4,9,17,7,10
S01010288,Flat maisonette or apartment or mobile/temporary accommodation,762,275,81,194,487,47,440
S01010289,All people in households,717,483,114,369,234,24,210
S01010289,Whole house or bungalow: Total,117,94,11,83,23,0,23
S01010289,Whole house or bungalow: Detached,13,6,3,3,7,0,7
S01010289,Whole house or bungalow: Semi-detached,14,10,2,8,4,0,4
S01010289,Whole house or bungalow: Terraced (including end-terrace),90,78,6,72,12,0,12
S01010289,Flat maisonette or apartment or mobile/temporary accommodation,600,389,103,286,211,24,187
S01010290,All people in households,546,161,56,105,385,126,259
S01010290,Whole house or bungalow: Total,15,9,4,5,6,6,0
S01010290,Whole house or bungalow: Detached,1,1,1,0,0,0,0
S01010290,Whole house or bungalow: Semi-detached,8,8,3,5,0,0,0
S01010290,Whole house or bungalow: Terraced (including end-terrace),6,0,0,0,6,6,0
S01010290,Flat maisonette or apartment or mobile/temporary accommodation,531,152,52,100,379,120,259
S01010291,All people in households,1003,258,86,172,745,222,523
S01010291,Whole house or bungalow: Total,42,30,10,20,12,8,4
S01010291,Whole house or bungalow: Detached,10,6,5,1,4,0,4
S01010291,Whole house or bungalow: Semi-detached,15,15,0,15,0,0,0
S01010291,Whole house or bungalow: Terraced (including end-terrace),17,9,5,4,8,8,0
S01010291,Flat maisonette or apartment or mobile/temporary accommodation,961,228,76,152,733,214,519
S01010292,All people in households,890,394,143,251,496,15,481
S01010292,Whole house or bungalow: Total,20,16,5,11,4,4,0
S01010292,Whole house or bungalow: Detached,6,6,0,6,0,0,0
S01010292,Whole house or bungalow: Semi-detached,12,8,3,5,4,4,0
S01010292,Whole house or bungalow: Terraced (including end-terrace),2,2,2,0,0,0,0
S01010292,Flat maisonette or apartment or mobile/temporary accommodation,870,378,138,240,492,11,481
S01010293,All people in households,839,225,64,161,614,179,435
S01010293,Whole house or bungalow: Total,27,9,2,7,18,5,13
S01010293,Whole house or bungalow: Detached,2,2,2,0,0,0,0
S01010293,Whole house or bungalow: Semi-detached,8,0,0,0,8,0,8
S01010293,Whole house or bungalow: Terraced (including end-terrace),17,7,0,7,10,5,5
S01010293,Flat maisonette or apartment or mobile/temporary accommodation,812,216,62,154,596,174,422
S01010294,All people in households,690,259,122,137,431,50,381
S01010294,Whole house or bungalow: Total,22,19,4,15,3,0,3
S01010294,Whole house or bungalow: Detached,18,18,3,15,0,0,0
S01010294,Whole house or bungalow: Semi-detached,0,0,0,0,0,0,0
S01010294,Whole house or bungalow: Terraced (including end-terrace),4,1,1,0,3,0,3
S01010294,Flat maisonette or apartment or mobile/temporary accommodation,668,240,118,122,428,50,378
S01010295,All people in households,974,353,132,221,621,66,555
S01010295,Whole house or bungalow: Total,39,18,13,5,21,10,11
S01010295,Whole house or bungalow: Detached,15,10,5,5,5,0,5
S01010295,Whole house or bungalow: Semi-detached,15,6,6,0,9,5,4
S01010295,Whole house or bungalow: Terraced (including end-terrace),9,2,2,0,7,5,2
S01010295,Flat maisonette or apartment or mobile/temporary accommodation,935,335,119,216,600,56,544
S01010296,All people in households,664,205,70,135,459,211,248
S01010296,Whole house or bungalow: Total,30,14,4,10,16,7,9
S01010296,Whole house or bungalow: Detached,0,0,0,0,0,0,0
S01010296,Whole house or bungalow: Semi-detached,16,4,4,0,12,6,6
S01010296,Whole house or bungalow: Terraced (including end-terrace),14,10,0,10,4,1,3
S01010296,Flat maisonette or apartment or mobile/temporary accommodation,634,191,66,125,443,204,239
S01010297,All people in households,1066,320,143,177,746,478,268
S01010297,Whole house or bungalow: Total,93,44,27,17,49,32,17
S01010297,Whole house or bungalow: Detached,19,7,0,7,12,8,4
S01010297,Whole house or bungalow: Semi-detached,22,6,4,2,16,10,6
S01010297,Whole house or bungalow: Terraced (including end-terrace),52,31,23,8,21,14,7
S01010297,Flat maisonette or apartment or mobile/temporary accommodation,973,276,116,160,697,446,251
S01010298,All people in households,843,228,76,152,615,374,241
S01010298,Whole house or bungalow: Total,63,36,9,27,27,20,7
S01010298,Whole house or bungalow: Detached,6,5,0,5,1,1,0
S01010298,Whole house or bungalow: Semi-detached,14,14,2,12,0,0,0
S01010298,Whole house or bungalow: Terraced (including end-terrace),43,17,7,10,26,19,7
S01010298,Flat maisonette or apartment or mobile/temporary accommodation,780,192,67,125,588,354,234
S01010299,All people in households,536,135,62,73,401,339,62
S01010299,Whole house or bungalow: Total,46,17,6,11,29,19,10
S01010299,Whole house or bungalow: Detached,4,0,0,0,4,0,4
S01010299,Whole house or bungalow: Semi-detached,16,12,1,11,4,0,4
S01010299,Whole house or bungalow: Terraced (including end-terrace),26,5,5,0,21,19,2
S01010299,Flat maisonette or apartment or mobile/temporary accommodation,490,118,56,62,372,320,52
S01010300,All people in households,889,220,81,139,669,320,349
S01010300,Whole house or bungalow: Total,64,21,0,21,43,33,10
S01010300,Whole house or bungalow: Detached,10,0,0,0,10,5,5
S01010300,Whole house or bungalow: Semi-detached,23,12,0,12,11,6,5
S01010300,Whole house or bungalow: Terraced (including end-terrace),31,9,0,9,22,22,0
S01010300,Flat maisonette or apartment or mobile/temporary accommodation,825,199,81,118,626,287,339
S01010301,All people in households,516,180,44,136,336,46,290
S01010301,Whole house or bungalow: Total,4,2,0,2,2,2,0
S01010301,Whole house or bungalow: Detached,0,0,0,0,0,0,0
S01010301,Whole house or bungalow: Semi-detached,2,2,0,2,0,0,0
S01010301,Whole house or bungalow: Terraced (including end-terrace),2,0,0,0,2,2,0
S01010301,Flat maisonette or apartment or mobile/temporary accommodation,512,178,44,134,334,44,290
S01010302,All people in households,658,113,56,57,545,469,76
S01010302,Whole house or bungalow: Total,24,9,3,6,15,11,4
S01010302,Whole house or bungalow: Detached,4,2,0,2,2,2,0
S01010302,Whole house or bungalow: Semi-detached,9,3,3,0,6,2,4
S01010302,Whole house or bungalow: Terraced (including end-terrace),11,4,0,4,7,7,0
S01010302,Flat maisonette or apartment or mobile/temporary accommodation,634,104,53,51,530,458,72
S01010303,All people in households,579,76,31,45,503,460,43
S01010303,Whole house or bungalow: Total,31,22,0,22,9,2,7
S01010303,Whole house or bungalow: Detached,10,8,0,8,2,0,2
S01010303,Whole house or bungalow: Semi-detached,21,14,0,14,7,2,5
S01010303,Whole house or bungalow: Terraced (including end-terrace),0,0,0,0,0,0,0
S01010303,Flat maisonette or apartment or mobile/temporary accommodation,548,54,31,23,494,458,36
S01010304,All people in households,542,156,41,115,386,277,109
S01010304,Whole house or bungalow: Total,48,27,18,9,21,11,10
S01010304,Whole house or bungalow: Detached,6,0,0,0,6,2,4
S01010304,Whole house or bungalow: Semi-detached,10,8,8,0,2,2,0
S01010304,Whole house or bungalow: Terraced (including end-terrace),32,19,10,9,13,7,6
S01010304,Flat maisonette or apartment or mobile/temporary accommodation,494,129,23,106,365,266,99
S01010305,All people in households,797,274,79,195,523,333,190
S01010305,Whole house or bungalow: Total,151,70,18,52,81,77,4
S01010305,Whole house or bungalow: Detached,18,4,0,4,14,14,0
S01010305,Whole house or bungalow: Semi-detached,17,11,4,7,6,6,0
S01010305,Whole house or bungalow: Terraced (including end-terrace),116,55,14,41,61,57,4
S01010305,Flat maisonette or apartment or mobile/temporary accommodation,646,204,61,143,442,256,186
S01010306,All people in households,752,282,84,198,470,162,308
S01010306,Whole house or bungalow: Total,84,47,12,35,37,27,10
S01010306,Whole house or bungalow: Detached,2,0,0,0,2,0,2
S01010306,Whole house or bungalow: Semi-detached,0,0,0,0,0,0,0
S01010306,Whole house or bungalow: Terraced (including end-terrace),82,47,12,35,35,27,8
S01010306,Flat maisonette or apartment or mobile/temporary accommodation,668,235,72,163,433,135,298
S01010307,All people in households,821,421,127,294,400,66,334
S01010307,Whole house or bungalow: Total,25,21,10,11,4,2,2
S01010307,Whole house or bungalow: Detached,0,0,0,0,0,0,0
S01010307,Whole house or bungalow: Semi-detached,0,0,0,0,0,0,0
S01010307,Whole house or bungalow: Terraced (including end-terrace),25,21,10,11,4,2,2
S01010307,Flat maisonette or apartment or mobile/temporary accommodation,796,400,117,283,396,64,332
S01010308,All people in households,959,434,120,314,525,104,421
S01010308,Whole house or bungalow: Total,89,68,20,48,21,7,14
S01010308,Whole house or bungalow: Detached,3,3,0,3,0,0,0
S01010308,Whole house or bungalow: Semi-detached,2,2,2,0,0,0,0
S01010308,Whole house or bungalow: Terraced (including end-terrace),84,63,18,45,21,7,14
S01010308,Flat maisonette or apartment or mobile/temporary accommodation,870,366,100,266,504,97,407
S01010309,All people in households,419,148,60,88,271,237,34
S01010309,Whole house or bungalow: Total,41,15,0,15,26,19,7
S01010309,Whole house or bungalow: Detached,2,0,0,0,2,2,0
S01010309,Whole house or bungalow: Semi-detached,32,12,0,12,20,14,6
S01010309,Whole house or bungalow: Terraced (including end-terrace),7,3,0,3,4,3,1
S01010309,Flat maisonette or apartment or mobile/temporary accommodation,378,133,60,73,245,218,27
S01010310,All people in households,706,141,16,125,565,392,173
S01010310,Whole house or bungalow: Total,173,98,11,87,75,32,43
S01010310,Whole house or bungalow: Detached,6,0,0,0,6,4,2
S01010310,Whole house or bungalow: Semi-detached,93,56,9,47,37,14,23
S01010310,Whole house or bungalow: Terraced (including end-terrace),74,42,2,40,32,14,18
S01010310,Flat maisonette or apartment or mobile/temporary accommodation,533,43,5,38,490,360,130
S01010311,All people in households,714,125,41,84,589,537,52
S01010311,Whole house or bungalow: Total,201,29,2,27,172,168,4
S01010311,Whole house or bungalow: Detached,18,4,0,4,14,14,0
S01010311,Whole house or bungalow: Semi-detached,93,11,2,9,82,78,4
S01010311,Whole house or bungalow: Terraced (including end-terrace),90,14,0,14,76,76,0
S01010311,Flat maisonette or apartment or mobile/temporary accommodation,513,96,39,57,417,369,48
S01010312,All people in households,857,11,3,8,846,836,10
S01010312,Whole house or bungalow: Total,446,4,0,4,442,439,3
S01010312,Whole house or bungalow: Detached,29,0,0,0,29,29,0
S01010312,Whole house or bungalow: Semi-detached,250,0,0,0,250,247,3
S01010312,Whole house or bungalow: Terraced (including end-terrace),167,4,0,4,163,163,0
S01010312,Flat maisonette or apartment or mobile/temporary accommodation,411,7,3,4,404,397,7
S01010313,All people in households,636,57,24,33,579,544,35
S01010313,Whole house or bungalow: Total,36,5,5,0,31,29,2
S01010313,Whole house or bungalow: Detached,3,0,0,0,3,3,0
S01010313,Whole house or bungalow: Semi-detached,12,4,4,0,8,6,2
S01010313,Whole house or bungalow: Terraced (including end-terrace),21,1,1,0,20,20,0
S01010313,Flat maisonette or apartment or mobile/temporary accommodation,600,52,19,33,548,515,33
S01010314,All people in households,955,196,19,177,759,678,81
S01010314,Whole house or bungalow: Total,252,48,5,43,204,201,3
S01010314,Whole house or bungalow: Detached,14,0,0,0,14,13,1
S01010314,Whole house or bungalow: Semi-detached,52,14,0,14,38,38,0
S01010314,Whole house or bungalow: Terraced (including end-terrace),186,34,5,29,152,150,2
S01010314,Flat maisonette or apartment or mobile/temporary accommodation,703,148,14,134,555,477,78
S01010315,All people in households,911,434,79,355,477,275,202
S01010315,Whole house or bungalow: Total,381,286,43,243,95,23,72
S01010315,Whole house or bungalow: Detached,22,11,3,8,11,2,9
S01010315,Whole house or bungalow: Semi-detached,293,219,29,190,74,16,58
S01010315,Whole house or bungalow: Terraced (including end-terrace),66,56,11,45,10,5,5
S01010315,Flat maisonette or apartment or mobile/temporary accommodation,530,148,36,112,382,252,130
S01010316,All people in households,512,49,14,35,463,387,76
S01010316,Whole house or bungalow: Total,66,0,0,0,66,65,1
S01010316,Whole house or bungalow: Detached,10,0,0,0,10,9,1
S01010316,Whole house or bungalow: Semi-detached,31,0,0,0,31,31,0
S01010316,Whole house or bungalow: Terraced (including end-terrace),25,0,0,0,25,25,0
S01010316,Flat maisonette or apartment or mobile/temporary accommodation,446,49,14,35,397,322,75
S01010317,All people in households,725,338,96,242,387,59,328
S01010317,Whole house or bungalow: Total,64,40,11,29,24,16,8
S01010317,Whole house or bungalow: Detached,4,4,0,4,0,0,0
S01010317,Whole house or bungalow: Semi-detached,7,0,0,0,7,2,5
S01010317,Whole house or bungalow: Terraced (including end-terrace),53,36,11,25,17,14,3
S01010317,Flat maisonette or apartment or mobile/temporary accommodation,661,298,85,213,363,43,320
S01010318,All people in households,505,57,15,42,448,337,111
S01010318,Whole house or bungalow: Total,17,4,2,2,13,2,11
S01010318,Whole house or bungalow: Detached,3,0,0,0,3,0,3
S01010318,Whole house or bungalow: Semi-detached,9,4,2,2,5,0,5
S01010318,Whole house or bungalow: Terraced (including end-terrace),5,0,0,0,5,2,3
S01010318,Flat maisonette or apartment or mobile/temporary accommodation,488,53,13,40,435,335,100
S01010319,All people in households,711,361,81,280,350,149,201
S01010319,Whole house or bungalow: Total,174,124,33,91,50,26,24
S01010319,Whole house or bungalow: Detached,12,7,0,7,5,4,1
S01010319,Whole house or bungalow: Semi-detached,43,26,11,15,17,10,7
S01010319,Whole house or bungalow: Terraced (including end-terrace),119,91,22,69,28,12,16
S01010319,Flat maisonette or apartment or mobile/temporary accommodation,537,237,48,189,300,123,177
S01010320,All people in households,670,162,30,132,508,298,210
S01010320,Whole house or bungalow: Total,10,1,0,1,9,8,1
S01010320,Whole house or bungalow: Detached,1,1,0,1,0,0,0
S01010320,Whole house or bungalow: Semi-detached,3,0,0,0,3,2,1
S01010320,Whole house or bungalow: Terraced (including end-terrace),6,0,0,0,6,6,0
S01010320,Flat maisonette or apartment or mobile/temporary accommodation,660,161,30,131,499,290,209
S01010321,All people in households,695,233,59,174,462,254,208
S01010321,Whole house or bungalow: Total,16,13,0,13,3,3,0
S01010321,Whole house or bungalow: Detached,4,4,0,4,0,0,0
S01010321,Whole house or bungalow: Semi-detached,10,8,0,8,2,2,0
S01010321,Whole house or bungalow: Terraced (including end-terrace),2,1,0,1,1,1,0
S01010321,Flat maisonette or apartment or mobile/temporary accommodation,679,220,59,161,459,251,208
S01010322,All people in households,1028,572,226,346,456,39,417
S01010322,Whole house or bungalow: Total,75,74,32,42,1,1,0
S01010322,Whole house or bungalow: Detached,11,11,9,2,0,0,0
S01010322,Whole house or bungalow: Semi-detached,32,31,10,21,1,1,0
S01010322,Whole house or bungalow: Terraced (including end-terrace),32,32,13,19,0,0,0
S01010322,Flat maisonette or apartment or mobile/temporary accommodation,953,498,194,304,455,38,417
S01010323,All people in households,603,22,8,14,581,572,9
S01010323,Whole house or bungalow: Total,130,12,4,8,118,117,1
S01010323,Whole house or bungalow: Detached,21,1,1,0,20,20,0
S01010323,Whole house or bungalow: Semi-detached,62,3,3,0,59,58,1
S01010323,Whole house or bungalow: Terraced (including end-terrace),47,8,0,8,39,39,0
S01010323,Flat maisonette or apartment or mobile/temporary accommodation,473,10,4,6,463,455,8
S01010324,All people in households,759,316,160,156,443,391,52
S01010324,Whole house or bungalow: Total,382,218,102,116,164,141,23
S01010324,Whole house or bungalow: Detached,16,12,3,9,4,0,4
S01010324,Whole house or bungalow: Semi-detached,226,114,71,43,112,101,11
S01010324,Whole house or bungalow: Terraced (including end-terrace),140,92,28,64,48,40,8
S01010324,Flat maisonette or apartment or mobile/temporary accommodation,377,98,58,40,279,250,29
S01010325,All people in households,939,421,254,167,518,438,80
S01010325,Whole house or bungalow: Total,241,93,59,34,148,140,8
S01010325,Whole house or bungalow: Detached,11,8,0,8,3,3,0
S01010325,Whole house or bungalow: Semi-detached,200,71,54,17,129,121,8
S01010325,Whole house or bungalow: Terraced (including end-terrace),30,14,5,9,16,16,0
S01010325,Flat maisonette or apartment or mobile/temporary accommodation,698,328,195,133,370,298,72
S01010326,All people in households,986,142,37,105,844,799,45
S01010326,Whole house or bungalow: Total,390,99,19,80,291,276,15
S01010326,Whole house or bungalow: Detached,48,8,8,0,40,32,8
S01010326,Whole house or bungalow: Semi-detached,216,75,9,66,141,137,4
S01010326,Whole house or bungalow: Terraced (including end-terrace),126,16,2,14,110,107,3
S01010326,Flat maisonette or apartment or mobile/temporary accommodation,596,43,18,25,553,523,30
S01010327,All people in households,865,353,46,307,512,420,92
S01010327,Whole house or bungalow: Total,666,312,34,278,354,282,72
S01010327,Whole house or bungalow: Detached,54,33,9,24,21,17,4
S01010327,Whole house or bungalow: Semi-detached,412,222,22,200,190,134,56
S01010327,Whole house or bungalow: Terraced (including end-terrace),200,57,3,54,143,131,12
S01010327,Flat maisonette or apartment or mobile/temporary accommodation,199,41,12,29,158,138,20
S01010328,All people in households,969,608,188,420,361,262,99
S01010328,Whole house or bungalow: Total,541,419,98,321,122,86,36
S01010328,Whole house or bungalow: Detached,129,118,27,91,11,4,7
S01010328,Whole house or bungalow: Semi-detached,234,172,58,114,62,45,17
S01010328,Whole house or bungalow: Terraced (including end-terrace),178,129,13,116,49,37,12
S01010328,Flat maisonette or apartment or mobile/temporary accommodation,428,189,90,99,239,176,63
S01010329,All people in households,573,297,120,177,276,216,60
S01010329,Whole house or bungalow: Total,157,97,22,75,60,44,16
S01010329,Whole house or bungalow: Detached,30,24,1,23,6,4,2
S01010329,Whole house or bungalow: Semi-detached,108,58,18,40,50,38,12
S01010329,Whole house or bungalow: Terraced (including end-terrace),19,15,3,12,4,2,2
S01010329,Flat maisonette or apartment or mobile/temporary accommodation,416,200,98,102,216,172,44
S01010330,All people in households,663,182,56,126,481,452,29
S01010330,Whole house or bungalow: Total,375,166,53,113,209,187,22
S01010330,Whole house or bungalow: Detached,23,14,7,7,9,6,3
S01010330,Whole house or bungalow: Semi-detached,163,52,11,41,111,101,10
S01010330,Whole house or bungalow: Terraced (including end-terrace),189,100,35,65,89,80,9
S01010330,Flat maisonette or apartment or mobile/temporary accommodation,288,16,3,13,272,265,7
S01010331,All people in households,923,404,174,230,519,440,79
S01010331,Whole house or bungalow: Total,167,60,22,38,107,99,8
S01010331,Whole house or bungalow: Detached,5,3,3,0,2,2,0
S01010331,Whole house or bungalow: Semi-detached,94,26,8,18,68,60,8
S01010331,Whole house or bungalow: Terraced (including end-terrace),68,31,11,20,37,37,0
S01010331,Flat maisonette or apartment or mobile/temporary accommodation,756,344,152,192,412,341,71
S01010332,All people in households,708,335,77,258,373,316,57
S01010332,Whole house or bungalow: Total,517,264,66,198,253,218,35
S01010332,Whole house or bungalow: Detached,18,9,0,9,9,6,3
S01010332,Whole house or bungalow: Semi-detached,186,94,23,71,92,82,10
S01010332,Whole house or bungalow: Terraced (including end-terrace),313,161,43,118,152,130,22
S01010332,Flat maisonette or apartment or mobile/temporary accommodation,191,71,11,60,120,98,22
S01010333,All people in households,962,475,174,301,487,361,126
S01010333,Whole house or bungalow: Total,254,167,52,115,87,65,22
S01010333,Whole house or bungalow: Detached,18,15,11,4,3,3,0
S01010333,Whole house or bungalow: Semi-detached,136,78,29,49,58,38,20
S01010333,Whole house or bungalow: Terraced (including end-terrace),100,74,12,62,26,24,2
S01010333,Flat maisonette or apartment or mobile/temporary accommodation,708,308,122,186,400,296,104
S01010334,All people in households,927,549,113,436,378,295,83
S01010334,Whole house or bungalow: Total,807,528,113,415,279,218,61
S01010334,Whole house or bungalow: Detached,15,8,3,5,7,7,0
S01010334,Whole house or bungalow: Semi-detached,346,234,69,165,112,97,15
S01010334,Whole house or bungalow: Terraced (including end-terrace),446,286,41,245,160,114,46
S01010334,Flat maisonette or apartment or mobile/temporary accommodation,120,21,0,21,99,77,22
S01010335,All people in households,793,414,169,245,379,329,50
S01010335,Whole house or bungalow: Total,554,322,119,203,232,209,23
S01010335,Whole house or bungalow: Detached,24,6,6,0,18,17,1
S01010335,Whole house or bungalow: Semi-detached,188,103,44,59,85,70,15
S01010335,Whole house or bungalow: Terraced (including end-terrace),342,213,69,144,129,122,7
S01010335,Flat maisonette or apartment or mobile/temporary accommodation,239,92,50,42,147,120,27
S01010336,All people in households,657,76,43,33,581,567,14
S01010336,Whole house or bungalow: Total,127,73,43,30,54,46,8
S01010336,Whole house or bungalow: Detached,6,4,4,0,2,2,0
S01010336,Whole house or bungalow: Semi-detached,34,15,9,6,19,15,4
S01010336,Whole house or bungalow: Terraced (including end-terrace),87,54,30,24,33,29,4
S01010336,Flat maisonette or apartment or mobile/temporary accommodation,530,3,0,3,527,521,6
S01010337,All people in households,623,305,104,201,318,280,38
S01010337,Whole house or bungalow: Total,583,301,104,197,282,248,34
S01010337,Whole house or bungalow: Detached,20,4,0,4,16,16,0
S01010337,Whole house or bungalow: Semi-detached,220,101,29,72,119,106,13
S01010337,Whole house or bungalow: Terraced (including end-terrace),343,196,75,121,147,126,21
S01010337,Flat maisonette or apartment or mobile/temporary accommodation,40,4,0,4,36,32,4
S01010338,All people in households,751,206,78,128,545,522,23
S01010338,Whole house or bungalow: Total,318,162,61,101,156,139,17
S01010338,Whole house or bungalow: Detached,14,6,0,6,8,8,0
S01010338,Whole house or bungalow: Semi-detached,99,54,12,42,45,45,0
S01010338,Whole house or bungalow: Terraced (including end-terrace),205,102,49,53,103,86,17
S01010338,Flat maisonette or apartment or mobile/temporary accommodation,433,44,17,27,389,383,6
S01010339,All people in households,692,380,161,219,312,267,45
S01010339,Whole house or bungalow: Total,398,270,114,156,128,107,21
S01010339,Whole house or bungalow: Detached,2,2,0,2,0,0,0
S01010339,Whole house or bungalow: Semi-detached,206,139,62,77,67,67,0
S01010339,Whole house or bungalow: Terraced (including end-terrace),190,129,52,77,61,40,21
S01010339,Flat maisonette or apartment or mobile/temporary accommodation,294,110,47,63,184,160,24
S01010340,All people in households,752,282,75,207,470,446,24
S01010340,Whole house or bungalow: Total,323,193,43,150,130,116,14
S01010340,Whole house or bungalow: Detached,8,5,0,5,3,1,2
S01010340,Whole house or bungalow: Semi-detached,149,94,15,79,55,43,12
S01010340,Whole house or bungalow: Terraced (including end-terrace),166,94,28,66,72,72,0
S01010340,Flat maisonette or apartment or mobile/temporary accommodation,429,89,32,57,340,330,10
S01010341,All people in households,591,419,133,286,172,137,35
S01010341,Whole house or bungalow: Total,389,307,107,200,82,61,21
S01010341,Whole house or bungalow: Detached,33,27,13,14,6,1,5
S01010341,Whole house or bungalow: Semi-detached,157,139,39,100,18,12,6
S01010341,Whole house or bungalow: Terraced (including end-terrace),199,141,55,86,58,48,10
S01010341,Flat maisonette or apartment or mobile/temporary accommodation,202,112,26,86,90,76,14
S01010342,All people in households,633,575,161,414,58,20,38
S01010342,Whole house or bungalow: Total,409,387,118,269,22,10,12
S01010342,Whole house or bungalow: Detached,68,66,16,50,2,0,2
S01010342,Whole house or bungalow: Semi-detached,314,301,96,205,13,8,5
S01010342,Whole house or bungalow: Terraced (including end-terrace),27,20,6,14,7,2,5
S01010342,Flat maisonette or apartment or mobile/temporary accommodation,224,188,43,145,36,10,26
S01010343,All people in households,938,870,166,704,68,18,50
S01010343,Whole house or bungalow: Total,827,784,137,647,43,4,39
S01010343,Whole house or bungalow: Detached,134,130,32,98,4,0,4
S01010343,Whole house or bungalow: Semi-detached,556,527,90,437,29,3,26
S01010343,Whole house or bungalow: Terraced (including end-terrace),137,127,15,112,10,1,9
S01010343,Flat maisonette or apartment or mobile/temporary accommodation,111,86,29,57,25,14,11
S01010344,All people in households,690,132,42,90,558,541,17
S01010344,Whole house or bungalow: Total,228,122,35,87,106,90,16
S01010344,Whole house or bungalow: Detached,5,4,0,4,1,1,0
S01010344,Whole house or bungalow: Semi-detached,121,87,22,65,34,23,11
S01010344,Whole house or bungalow: Terraced (including end-terrace),102,31,13,18,71,66,5
S01010344,Flat maisonette or apartment or mobile/temporary accommodation,462,10,7,3,452,451,1
S01010345,All people in households,489,441,71,370,48,12,36
S01010345,Whole house or bungalow: Total,464,432,70,362,32,0,32
S01010345,Whole house or bungalow: Detached,407,379,43,336,28,0,28
S01010345,Whole house or bungalow: Semi-detached,40,36,13,23,4,0,4
S01010345,Whole house or bungalow: Terraced (including end-terrace),17,17,14,3,0,0,0
S01010345,Flat maisonette or apartment or mobile/temporary accommodation,25,9,1,8,16,12,4
S01010346,All people in households,981,847,276,571,134,74,60
S01010346,Whole house or bungalow: Total,664,636,199,437,28,5,23
S01010346,Whole house or bungalow: Detached,188,181,55,126,7,4,3
S01010346,Whole house or bungalow: Semi-detached,282,263,96,167,19,1,18
S01010346,Whole house or bungalow: Terraced (including end-terrace),194,192,48,144,2,0,2
S01010346,Flat maisonette or apartment or mobile/temporary accommodation,317,211,77,134,106,69,37
S01010347,All people in households,919,279,96,183,640,523,117
S01010347,Whole house or bungalow: Total,97,54,13,41,43,23,20
S01010347,Whole house or bungalow: Detached,5,5,0,5,0,0,0
S01010347,Whole house or bungalow: Semi-detached,27,18,9,9,9,9,0
S01010347,Whole house or bungalow: Terraced (including end-terrace),65,31,4,27,34,14,20
S01010347,Flat maisonette or apartment or mobile/temporary accommodation,822,225,83,142,597,500,97
S01010348,All people in households,980,575,226,349,405,320,85
S01010348,Whole house or bungalow: Total,158,134,57,77,24,19,5
S01010348,Whole house or bungalow: Detached,60,55,23,32,5,0,5
S01010348,Whole house or bungalow: Semi-detached,49,41,17,24,8,8,0
S01010348,Whole house or bungalow: Terraced (including end-terrace),49,38,17,21,11,11,0
S01010348,Flat maisonette or apartment or mobile/temporary accommodation,822,441,169,272,381,301,80
S01010349,All people in households,883,494,167,327,389,347,42
S01010349,Whole house or bungalow: Total,314,230,66,164,84,67,17
S01010349,Whole house or bungalow: Detached,38,27,4,23,11,11,0
S01010349,Whole house or bungalow: Semi-detached,81,68,20,48,13,2,11
S01010349,Whole house or bungalow: Terraced (including end-terrace),195,135,42,93,60,54,6
S01010349,Flat maisonette or apartment or mobile/temporary accommodation,569,264,101,163,305,280,25
S01010350,All people in households,950,259,107,152,691,650,41
S01010350,Whole house or bungalow: Total,225,134,36,98,91,78,13
S01010350,Whole house or bungalow: Detached,18,10,0,10,8,3,5
S01010350,Whole house or bungalow: Semi-detached,75,31,2,29,44,42,2
S01010350,Whole house or bungalow: Terraced (including end-terrace),132,93,34,59,39,33,6
S01010350,Flat maisonette or apartment or mobile/temporary accommodation,725,125,71,54,600,572,28
S01010351,All people in households,878,403,95,308,475,329,146
S01010351,Whole house or bungalow: Total,353,233,66,167,120,68,52
S01010351,Whole house or bungalow: Detached,20,10,2,8,10,0,10
S01010351,Whole house or bungalow: Semi-detached,188,128,44,84,60,46,14
S01010351,Whole house or bungalow: Terraced (including end-terrace),145,95,20,75,50,22,28
S01010351,Flat maisonette or apartment or mobile/temporary accommodation,525,170,29,141,355,261,94
S01010352,All people in households,506,240,103,137,266,214,52
S01010352,Whole house or bungalow: Total,65,39,11,28,26,16,10
S01010352,Whole house or bungalow: Detached,6,0,0,0,6,5,1
S01010352,Whole house or bungalow: Semi-detached,24,14,1,13,10,6,4
S01010352,Whole house or bungalow: Terraced (including end-terrace),35,25,10,15,10,5,5
S01010352,Flat maisonette or apartment or mobile/temporary accommodation,441,201,92,109,240,198,42
S01010353,All people in households,961,101,17,84,860,836,24
S01010353,Whole house or bungalow: Total,90,69,11,58,21,10,11
S01010353,Whole house or bungalow: Detached,4,4,0,4,0,0,0
S01010353,Whole house or bungalow: Semi-detached,32,19,3,16,13,6,7
S01010353,Whole house or bungalow: Terraced (including end-terrace),54,46,8,38,8,4,4
S01010353,Flat maisonette or apartment or mobile/temporary accommodation,871,32,6,26,839,826,13
S01010354,All people in households,733,252,87,165,481,351,130
S01010354,Whole house or bungalow: Total,278,141,40,101,137,101,36
S01010354,Whole house or bungalow: Detached,0,0,0,0,0,0,0
S01010354,Whole house or bungalow: Semi-detached,117,59,25,34,58,42,16
S01010354,Whole house or bungalow: Terraced (including end-terrace),161,82,15,67,79,59,20
S01010354,Flat maisonette or apartment or mobile/temporary accommodation,455,111,47,64,344,250,94
S01010355,All people in households,742,250,92,158,492,404,88
S01010355,Whole house or bungalow: Total,169,94,40,54,75,50,25
S01010355,Whole house or bungalow: Detached,10,7,7,0,3,2,1
S01010355,Whole house or bungalow: Semi-detached,57,29,17,12,28,16,12
S01010355,Whole house or bungalow: Terraced (including end-terrace),102,58,16,42,44,32,12
S01010355,Flat maisonette or apartment or mobile/temporary accommodation,573,156,52,104,417,354,63
S01010356,All people in households,682,398,50,348,284,183,101
S01010356,Whole house or bungalow: Total,358,256,26,230,102,64,38
S01010356,Whole house or bungalow: Detached,17,12,3,9,5,5,0
S01010356,Whole house or bungalow: Semi-detached,194,166,15,151,28,4,24
S01010356,Whole house or bungalow: Terraced (including end-terrace),147,78,8,70,69,55,14
S01010356,Flat maisonette or apartment or mobile/temporary accommodation,324,142,24,118,182,119,63
S01010357,All people in households,585,183,68,115,402,369,33
S01010357,Whole house or bungalow: Total,165,134,47,87,31,23,8
S01010357,Whole house or bungalow: Detached,4,0,0,0,4,0,4
S01010357,Whole house or bungalow: Semi-detached,35,28,10,18,7,7,0
S01010357,Whole house or bungalow: Terraced (including end-terrace),126,106,37,69,20,16,4
S01010357,Flat maisonette or apartment or mobile/temporary accommodation,420,49,21,28,371,346,25
S01010358,All people in households,842,292,118,174,550,476,74
S01010358,Whole house or bungalow: Total,42,12,6,6,30,18,12
S01010358,Whole house or bungalow: Detached,4,0,0,0,4,4,0
S01010358,Whole house or bungalow: Semi-detached,2,0,0,0,2,0,2
S01010358,Whole house or bungalow: Terraced (including end-terrace),36,12,6,6,24,14,10
S01010358,Flat maisonette or apartment or mobile/temporary accommodation,800,280,112,168,520,458,62
S01010359,All people in households,816,107,56,51,709,659,50
S01010359,Whole house or bungalow: Total,9,1,1,0,8,8,0
S01010359,Whole house or bungalow: Detached,1,0,0,0,1,1,0
S01010359,Whole house or bungalow: Semi-detached,1,1,1,0,0,0,0
S01010359,Whole house or bungalow: Terraced (including end-terrace),7,0,0,0,7,7,0
S01010359,Flat maisonette or apartment or mobile/temporary accommodation,807,106,55,51,701,651,50
S01010360,All people in households,567,142,32,110,425,364,61
S01010360,Whole house or bungalow: Total,118,63,17,46,55,44,11
S01010360,Whole house or bungalow: Detached,5,0,0,0,5,5,0
S01010360,Whole house or bungalow: Semi-detached,27,7,1,6,20,10,10
S01010360,Whole house or bungalow: Terraced (including end-terrace),86,56,16,40,30,29,1
S01010360,Flat maisonette or apartment or mobile/temporary accommodation,449,79,15,64,370,320,50
S01010361,All people in households,611,39,22,17,572,543,29
S01010361,Whole house or bungalow: Total,12,9,4,5,3,2,1
S01010361,Whole house or bungalow: Detached,5,3,3,0,2,2,0
S01010361,Whole house or bungalow: Semi-detached,5,5,0,5,0,0,0
S01010361,Whole house or bungalow: Terraced (including end-terrace),2,1,1,0,1,0,1
S01010361,Flat maisonette or apartment or mobile/temporary accommodation,599,30,18,12,569,541,28
S01010362,All people in households,783,158,80,78,625,563,62
S01010362,Whole house or bungalow: Total,46,27,14,13,19,15,4
S01010362,Whole house or bungalow: Detached,2,0,0,0,2,2,0
S01010362,Whole house or bungalow: Semi-detached,23,19,8,11,4,4,0
S01010362,Whole house or bungalow: Terraced (including end-terrace),21,8,6,2,13,9,4
S01010362,Flat maisonette or apartment or mobile/temporary accommodation,737,131,66,65,606,548,58
S01010363,All people in households,758,517,186,331,241,41,200
S01010363,Whole house or bungalow: Total,222,205,80,125,17,6,11
S01010363,Whole house or bungalow: Detached,14,13,6,7,1,0,1
S01010363,Whole house or bungalow: Semi-detached,146,140,54,86,6,3,3
S01010363,Whole house or bungalow: Terraced (including end-terrace),62,52,20,32,10,3,7
S01010363,Flat maisonette or apartment or mobile/temporary accommodation,536,312,106,206,224,35,189
S01010364,All people in households,915,842,325,517,73,41,32
S01010364,Whole house or bungalow: Total,862,812,315,497,50,24,26
S01010364,Whole house or bungalow: Detached,20,20,12,8,0,0,0
S01010364,Whole house or bungalow: Semi-detached,448,424,143,281,24,10,14
S01010364,Whole house or bungalow: Terraced (including end-terrace),394,368,160,208,26,14,12
S01010364,Flat maisonette or apartment or mobile/temporary accommodation,53,30,10,20,23,17,6
S01010365,All people in households,976,797,331,466,179,11,168
S01010365,Whole house or bungalow: Total,497,459,200,259,38,5,33
S01010365,Whole house or bungalow: Detached,54,45,23,22,9,0,9
S01010365,Whole house or bungalow: Semi-detached,328,299,147,152,29,5,24
S01010365,Whole house or bungalow: Terraced (including end-terrace),115,115,30,85,0,0,0
S01010365,Flat maisonette or apartment or mobile/temporary accommodation,479,338,131,207,141,6,135
S01010366,All people in households,1025,818,318,500,207,32,175
S01010366,Whole house or bungalow: Total,538,512,230,282,26,4,22
S01010366,Whole house or bungalow: Detached,22,22,8,14,0,0,0
S01010366,Whole house or bungalow: Semi-detached,504,482,220,262,22,0,22
S01010366,Whole house or bungalow: Terraced (including end-terrace),12,8,2,6,4,4,0
S01010366,Flat maisonette or apartment or mobile/temporary accommodation,487,306,88,218,181,28,153
S01010367,All people in households,1021,800,334,466,221,30,191
S01010367,Whole house or bungalow: Total,401,363,128,235,38,11,27
S01010367,Whole house or bungalow: Detached,51,39,14,25,12,7,5
S01010367,Whole house or bungalow: Semi-detached,273,253,81,172,20,4,16
S01010367,Whole house or bungalow: Terraced (including end-terrace),77,71,33,38,6,0,6
S01010367,Flat maisonette or apartment or mobile/temporary accommodation,620,437,206,231,183,19,164
S01010368,All people in households,676,545,247,298,131,10,121
S01010368,Whole house or bungalow: Total,233,217,92,125,16,0,16
S01010368,Whole house or bungalow: Detached,10,10,5,5,0,0,0
S01010368,Whole house or bungalow: Semi-detached,101,87,32,55,14,0,14
S01010368,Whole house or bungalow: Terraced (including end-terrace),122,120,55,65,2,0,2
S01010368,Flat maisonette or apartment or mobile/temporary accommodation,443,328,155,173,115,10,105
S01010369,All people in households,767,361,133,228,406,171,235
S01010369,Whole house or bungalow: Total,103,88,40,48,15,7,8
S01010369,Whole house or bungalow: Detached,23,20,13,7,3,0,3
S01010369,Whole house or bungalow: Semi-detached,65,58,23,35,7,4,3
S01010369,Whole house or bungalow: Terraced (including end-terrace),15,10,4,6,5,3,2
S01010369,Flat maisonette or apartment or mobile/temporary accommodation,664,273,93,180,391,164,227
S01010370,All people in households,725,445,138,307,280,33,247
S01010370,Whole house or bungalow: Total,119,85,37,48,34,13,21
S01010370,Whole house or bungalow: Detached,23,17,7,10,6,4,2
S01010370,Whole house or bungalow: Semi-detached,21,15,10,5,6,3,3
S01010370,Whole house or bungalow: Terraced (including end-terrace),75,53,20,33,22,6,16
S01010370,Flat maisonette or apartment or mobile/temporary accommodation,606,360,101,259,246,20,226
S01010371,All people in households,992,616,201,415,376,12,364
S01010371,Whole house or bungalow: Total,172,151,70,81,21,2,19
S01010371,Whole house or bungalow: Detached,6,4,2,2,2,0,2
S01010371,Whole house or bungalow: Semi-detached,23,17,13,4,6,2,4
S01010371,Whole house or bungalow: Terraced (including end-terrace),143,130,55,75,13,0,13
S01010371,Flat maisonette or apartment or mobile/temporary accommodation,820,465,131,334,355,10,345
S01010372,All people in households,529,375,129,246,154,17,137
S01010372,Whole house or bungalow: Total,30,24,6,18,6,0,6
S01010372,Whole house or bungalow: Detached,2,2,0,2,0,0,0
S01010372,Whole house or bungalow: Semi-detached,12,8,2,6,4,0,4
S01010372,Whole house or bungalow: Terraced (including end-terrace),16,14,4,10,2,0,2
S01010372,Flat maisonette or apartment or mobile/temporary accommodation,499,351,123,228,148,17,131
S01010373,All people in households,761,439,162,277,322,54,268
S01010373,Whole house or bungalow: Total,26,20,4,16,6,3,3
S01010373,Whole house or bungalow: Detached,14,14,4,10,0,0,0
S01010373,Whole house or bungalow: Semi-detached,7,4,0,4,3,3,0
S01010373,Whole house or bungalow: Terraced (including end-terrace),5,2,0,2,3,0,3
S01010373,Flat maisonette or apartment or mobile/temporary accommodation,735,419,158,261,316,51,265
S01010374,All people in households,950,562,215,347,388,33,355
S01010374,Whole house or bungalow: Total,105,81,29,52,24,3,21
S01010374,Whole house or bungalow: Detached,4,4,4,0,0,0,0
S01010374,Whole house or bungalow: Semi-detached,9,6,0,6,3,3,0
S01010374,Whole house or bungalow: Terraced (including end-terrace),92,71,25,46,21,0,21
S01010374,Flat maisonette or apartment or mobile/temporary accommodation,845,481,186,295,364,30,334
S01010375,All people in households,531,157,57,100,374,19,355
S01010375,Whole house or bungalow: Total,32,4,0,4,28,11,17
S01010375,Whole house or bungalow: Detached,4,0,0,0,4,0,4
S01010375,Whole house or bungalow: Semi-detached,6,0,0,0,6,1,5
S01010375,Whole house or bungalow: Terraced (including end-terrace),22,4,0,4,18,10,8
S01010375,Flat maisonette or apartment or mobile/temporary accommodation,499,153,57,96,346,8,338
S01010376,All people in households,708,249,64,185,459,48,411
S01010376,Whole house or bungalow: Total,45,40,8,32,5,0,5
S01010376,Whole house or bungalow: Detached,9,9,3,6,0,0,0
S01010376,Whole house or bungalow: Semi-detached,6,3,0,3,3,0,3
S01010376,Whole house or bungalow: Terraced (including end-terrace),30,28,5,23,2,0,2
S01010376,Flat maisonette or apartment or mobile/temporary accommodation,663,209,56,153,454,48,406
S01010377,All people in households,858,336,124,212,522,63,459
S01010377,Whole house or bungalow: Total,49,36,7,29,13,1,12
S01010377,Whole house or bungalow: Detached,6,5,0,5,1,0,1
S01010377,Whole house or bungalow: Semi-detached,4,3,0,3,1,1,0
S01010377,Whole house or bungalow: Terraced (including end-terrace),39,28,7,21,11,0,11
S01010377,Flat maisonette or apartment or mobile/temporary accommodation,809,300,117,183,509,62,447
S01010378,All people in households,730,248,56,192,482,34,448
S01010378,Whole house or bungalow: Total,35,13,1,12,22,11,11
S01010378,Whole house or bungalow: Detached,14,1,1,0,13,7,6
S01010378,Whole house or bungalow: Semi-detached,0,0,0,0,0,0,0
S01010378,Whole house or bungalow: Terraced (including end-terrace),21,12,0,12,9,4,5
S01010378,Flat maisonette or apartment or mobile/temporary accommodation,695,235,55,180,460,23,437
S01010379,All people in households,997,362,133,229,635,136,499
S01010379,Whole house or bungalow: Total,59,43,12,31,16,1,15
S01010379,Whole house or bungalow: Detached,0,0,0,0,0,0,0
S01010379,Whole house or bungalow: Semi-detached,6,6,2,4,0,0,0
S01010379,Whole house or bungalow: Terraced (including end-terrace),53,37,10,27,16,1,15
S01010379,Flat maisonette or apartment or mobile/temporary accommodation,938,319,121,198,619,135,484
S01010380,All people in households,958,510,223,287,448,105,343
S01010380,Whole house or bungalow: Total,27,18,12,6,9,1,8
S01010380,Whole house or bungalow: Detached,2,2,2,0,0,0,0
S01010380,Whole house or bungalow: Semi-detached,13,11,8,3,2,0,2
S01010380,Whole house or bungalow: Terraced (including end-terrace),12,5,2,3,7,1,6
S01010380,Flat maisonette or apartment or mobile/temporary accommodation,931,492,211,281,439,104,335
S01010381,All people in households,605,147,48,99,458,51,407
S01010381,Whole house or bungalow: Total,4,3,0,3,1,0,1
S01010381,Whole house or bungalow: Detached,4,3,0,3,1,0,1
S01010381,Whole house or bungalow: Semi-detached,0,0,0,0,0,0,0
S01010381,Whole house or bungalow: Terraced (including end-terrace),0,0,0,0,0,0,0
S01010381,Flat maisonette or apartment or mobile/temporary accommodation,601,144,48,96,457,51,406
S01010382,All people in households,850,321,105,216,529,165,364
S01010382,Whole house or bungalow: Total,7,3,0,3,4,0,4
S01010382,Whole house or bungalow: Detached,2,0,0,0,2,0,2
S01010382,Whole house or bungalow: Semi-detached,3,3,0,3,0,0,0
S01010382,Whole house or bungalow: Terraced (including end-terrace),2,0,0,0,2,0,2
S01010382,Flat maisonette or apartment or mobile/temporary accommodation,843,318,105,213,525,165,360
S01010383,All people in households,656,113,32,81,543,323,220
S01010383,Whole house or bungalow: Total,11,5,2,3,6,3,3
S01010383,Whole house or bungalow: Detached,8,2,2,0,6,3,3
S01010383,Whole house or bungalow: Semi-detached,3,3,0,3,0,0,0
S01010383,Whole house or bungalow: Terraced (including end-terrace),0,0,0,0,0,0,0
S01010383,Flat maisonette or apartment or mobile/temporary accommodation,645,108,30,78,537,320,217
S01010384,All people in households,812,344,132,212,468,66,402
S01010384,Whole house or bungalow: Total,16,4,1,3,12,4,8
S01010384,Whole house or bungalow: Detached,0,0,0,0,0,0,0
S01010384,Whole house or bungalow: Semi-detached,10,0,0,0,10,2,8
S01010384,Whole house or bungalow: Terraced (including end-terrace),6,4,1,3,2,2,0
S01010384,Flat maisonette or apartment or mobile/temporary accommodation,796,340,131,209,456,62,394
S01010385,All people in households,844,262,90,172,582,271,311
S01010385,Whole house or bungalow: Total,12,4,4,0,8,8,0
S01010385,Whole house or bungalow: Detached,2,2,2,0,0,0,0
S01010385,Whole house or bungalow: Semi-detached,2,2,2,0,0,0,0
S01010385,Whole house or bungalow: Terraced (including end-terrace),8,0,0,0,8,8,0
S01010385,Flat maisonette or apartment or mobile/temporary accommodation,832,258,86,172,574,263,311
S01010386,All people in households,889,230,62,168,659,430,229
S01010386,Whole house or bungalow: Total,93,38,21,17,55,46,9
S01010386,Whole house or bungalow: Detached,0,0,0,0,0,0,0
S01010386,Whole house or bungalow: Semi-detached,9,7,0,7,2,2,0
S01010386,Whole house or bungalow: Terraced (including end-terrace),84,31,21,10,53,44,9
S01010386,Flat maisonette or apartment or mobile/temporary accommodation,796,192,41,151,604,384,220
S01010387,All people in households,1040,287,73,214,753,236,517
S01010387,Whole house or bungalow: Total,71,37,12,25,34,26,8
S01010387,Whole house or bungalow: Detached,5,5,0,5,0,0,0
S01010387,Whole house or bungalow: Semi-detached,10,3,0,3,7,3,4
S01010387,Whole house or bungalow: Terraced (including end-terrace),56,29,12,17,27,23,4
S01010387,Flat maisonette or apartment or mobile/temporary accommodation,969,250,61,189,719,210,509
S01010388,All people in households,1008,311,101,210,697,477,220
S01010388,Whole house or bungalow: Total,144,52,23,29,92,89,3
S01010388,Whole house or bungalow: Detached,12,4,2,2,8,5,3
S01010388,Whole house or bungalow: Semi-detached,18,6,0,6,12,12,0
S01010388,Whole house or bungalow: Terraced (including end-terrace),114,42,21,21,72,72,0
S01010388,Flat maisonette or apartment or mobile/temporary accommodation,864,259,78,181,605,388,217
S01010389,All people in households,1022,377,71,306,645,82,563
S01010389,Whole house or bungalow: Total,17,5,0,5,12,6,6
S01010389,Whole house or bungalow: Detached,0,0,0,0,0,0,0
S01010389,Whole house or bungalow: Semi-detached,0,0,0,0,0,0,0
S01010389,Whole house or bungalow: Terraced (including end-terrace),17,5,0,5,12,6,6
S01010389,Flat maisonette or apartment or mobile/temporary accommodation,1005,372,71,301,633,76,557
S01010390,All people in households,1076,480,102,378,596,180,416
S01010390,Whole house or bungalow: Total,25,20,6,14,5,4,1
S01010390,Whole house or bungalow: Detached,0,0,0,0,0,0,0
S01010390,Whole house or bungalow: Semi-detached,19,16,5,11,3,3,0
S01010390,Whole house or bungalow: Terraced (including end-terrace),6,4,1,3,2,1,1
S01010390,Flat maisonette or apartment or mobile/temporary accommodation,1051,460,96,364,591,176,415
S01010391,All people in households,793,331,83,248,462,141,321
S01010391,Whole house or bungalow: Total,28,13,3,10,15,5,10
S01010391,Whole house or bungalow: Detached,0,0,0,0,0,0,0
S01010391,Whole house or bungalow: Semi-detached,2,2,0,2,0,0,0
S01010391,Whole house or bungalow: Terraced (including end-terrace),26,11,3,8,15,5,10
S01010391,Flat maisonette or apartment or mobile/temporary accommodation,765,318,80,238,447,136,311
S01010392,All people in households,695,231,54,177,464,25,439
S01010392,Whole house or bungalow: Total,21,12,6,6,9,6,3
S01010392,Whole house or bungalow: Detached,3,3,3,0,0,0,0
S01010392,Whole house or bungalow: Semi-detached,9,3,3,0,6,6,0
S01010392,Whole house or bungalow: Terraced (including end-terrace),9,6,0,6,3,0,3
S01010392,Flat maisonette or apartment or mobile/temporary accommodation,674,219,48,171,455,19,436
S01010393,All people in households,984,477,191,286,507,95,412
S01010393,Whole house or bungalow: Total,162,132,83,49,30,7,23
S01010393,Whole house or bungalow: Detached,29,29,19,10,0,0,0
S01010393,Whole house or bungalow: Semi-detached,32,17,14,3,15,3,12
S01010393,Whole house or bungalow: Terraced (including end-terrace),101,86,50,36,15,4,11
S01010393,Flat maisonette or apartment or mobile/temporary accommodation,822,345,108,237,477,88,389
S01010394,All people in households,807,183,65,118,624,523,101
S01010394,Whole house or bungalow: Total,43,26,2,24,17,11,6
S01010394,Whole house or bungalow: Detached,0,0,0,0,0,0,0
S01010394,Whole house or bungalow: Semi-detached,10,8,0,8,2,2,0
S01010394,Whole house or bungalow: Terraced (including end-terrace),33,18,2,16,15,9,6
S01010394,Flat maisonette or apartment or mobile/temporary accommodation,764,157,63,94,607,512,95
S01010395,All people in households,1006,476,146,330,530,222,308
S01010395,Whole house or bungalow: Total,12,5,1,4,7,5,2
S01010395,Whole house or bungalow: Detached,3,1,1,0,2,0,2
S01010395,Whole house or bungalow: Semi-detached,2,0,0,0,2,2,0
S01010395,Whole house or bungalow: Terraced (including end-terrace),7,4,0,4,3,3,0
S01010395,Flat maisonette or apartment or mobile/temporary accommodation,994,471,145,326,523,217,306
S01010396,All people in households,1033,334,122,212,699,293,406
S01010396,Whole house or bungalow: Total,16,14,8,6,2,1,1
S01010396,Whole house or bungalow: Detached,8,7,3,4,1,0,1
S01010396,Whole house or bungalow: Semi-detached,7,7,5,2,0,0,0
S01010396,Whole house or bungalow: Terraced (including end-terrace),1,0,0,0,1,1,0
S01010396,Flat maisonette or apartment or mobile/temporary accommodation,1017,320,114,206,697,292,405
S01010397,All people in households,542,270,93,177,272,70,202
S01010397,Whole house or bungalow: Total,5,4,4,0,1,1,0
S01010397,Whole house or bungalow: Detached,0,0,0,0,0,0,0
S01010397,Whole house or bungalow: Semi-detached,0,0,0,0,0,0,0
S01010397,Whole house or bungalow: Terraced (including end-terrace),5,4,4,0,1,1,0
S01010397,Flat maisonette or apartment or mobile/temporary accommodation,537,266,89,177,271,69,202
S01010398,All people in households,1052,631,227,404,421,15,406
S01010398,Whole house or bungalow: Total,164,150,77,73,14,0,14
S01010398,Whole house or bungalow: Detached,3,3,3,0,0,0,0
S01010398,Whole house or bungalow: Semi-detached,22,21,5,16,1,0,1
S01010398,Whole house or bungalow: Terraced (including end-terrace),139,126,69,57,13,0,13
S01010398,Flat maisonette or apartment or mobile/temporary accommodation,888,481,150,331,407,15,392
S01010399,All people in households,1036,552,187,365,484,7,477
S01010399,Whole house or bungalow: Total,72,63,29,34,9,0,9
S01010399,Whole house or bungalow: Detached,2,2,2,0,0,0,0
S01010399,Whole house or bungalow: Semi-detached,17,15,6,9,2,0,2
S01010399,Whole house or bungalow: Terraced (including end-terrace),53,46,21,25,7,0,7
S01010399,Flat maisonette or apartment or mobile/temporary accommodation,964,489,158,331,475,7,468
S01010400,All people in households,1101,813,342,471,288,37,251
S01010400,Whole house or bungalow: Total,239,223,111,112,16,3,13
S01010400,Whole house or bungalow: Detached,80,74,38,36,6,0,6
S01010400,Whole house or bungalow: Semi-detached,80,74,40,34,6,3,3
S01010400,Whole house or bungalow: Terraced (including end-terrace),79,75,33,42,4,0,4
S01010400,Flat maisonette or apartment or mobile/temporary accommodation,862,590,231,359,272,34,238
S01010401,All people in households,717,374,172,202,343,86,257
S01010401,Whole house or bungalow: Total,58,47,20,27,11,1,10
S01010401,Whole house or bungalow: Detached,7,7,0,7,0,0,0
S01010401,Whole house or bungalow: Semi-detached,9,9,0,9,0,0,0
S01010401,Whole house or bungalow: Terraced (including end-terrace),42,31,20,11,11,1,10
S01010401,Flat maisonette or apartment or mobile/temporary accommodation,659,327,152,175,332,85,247
S01010402,All people in households,1031,703,290,413,328,43,285
S01010402,Whole house or bungalow: Total,101,93,42,51,8,2,6
S01010402,Whole house or bungalow: Detached,17,17,14,3,0,0,0
S01010402,Whole house or bungalow: Semi-detached,14,14,6,8,0,0,0
S01010402,Whole house or bungalow: Terraced (including end-terrace),70,62,22,40,8,2,6
S01010402,Flat maisonette or apartment or mobile/temporary accommodation,930,610,248,362,320,41,279
S01010403,All people in households,990,730,294,436,260,9,251
S01010403,Whole house or bungalow: Total,56,47,11,36,9,0,9
S01010403,Whole house or bungalow: Detached,15,15,0,15,0,0,0
S01010403,Whole house or bungalow: Semi-detached,6,6,3,3,0,0,0
S01010403,Whole house or bungalow: Terraced (including end-terrace),35,26,8,18,9,0,9
S01010403,Flat maisonette or apartment or mobile/temporary accommodation,934,683,283,400,251,9,242
S01010404,All people in households,783,583,256,327,200,48,152
S01010404,Whole house or bungalow: Total,145,136,71,65,9,0,9
S01010404,Whole house or bungalow: Detached,25,20,10,10,5,0,5
S01010404,Whole house or bungalow: Semi-detached,35,32,18,14,3,0,3
S01010404,Whole house or bungalow: Terraced (including end-terrace),85,84,43,41,1,0,1
S01010404,Flat maisonette or apartment or mobile/temporary accommodation,638,447,185,262,191,48,143
S01010405,All people in households,789,575,224,351,214,14,200
S01010405,Whole house or bungalow: Total,128,117,54,63,11,0,11
S01010405,Whole house or bungalow: Detached,26,24,10,14,2,0,2
S01010405,Whole house or bungalow: Semi-detached,12,10,6,4,2,0,2
S01010405,Whole house or bungalow: Terraced (including end-terrace),90,83,38,45,7,0,7
S01010405,Flat maisonette or apartment or mobile/temporary accommodation,661,458,170,288,203,14,189
S01010406,All people in households,822,463,163,300,359,13,346
S01010406,Whole house or bungalow: Total,65,56,18,38,9,3,6
S01010406,Whole house or bungalow: Detached,6,3,0,3,3,0,3
S01010406,Whole house or bungalow: Semi-detached,7,7,0,7,0,0,0
S01010406,Whole house or bungalow: Terraced (including end-terrace),52,46,18,28,6,3,3
S01010406,Flat maisonette or apartment or mobile/temporary accommodation,757,407,145,262,350,10,340
S01010407,All people in households,897,377,174,203,520,12,508
S01010407,Whole house or bungalow: Total,27,19,12,7,8,0,8
S01010407,Whole house or bungalow: Detached,1,1,1,0,0,0,0
S01010407,Whole house or bungalow: Semi-detached,9,9,2,7,0,0,0
S01010407,Whole house or bungalow: Terraced (including end-terrace),17,9,9,0,8,0,8
S01010407,Flat maisonette or apartment or mobile/temporary accommodation,870,358,162,196,512,12,500
S01010408,All people in households,547,371,138,233,176,120,56
S01010408,Whole house or bungalow: Total,252,248,81,167,4,0,4
S01010408,Whole house or bungalow: Detached,29,29,16,13,0,0,0
S01010408,Whole house or bungalow: Semi-detached,86,82,28,54,4,0,4
S01010408,Whole house or bungalow: Terraced (including end-terrace),137,137,37,100,0,0,0
S01010408,Flat maisonette or apartment or mobile/temporary accommodation,295,123,57,66,172,120,52
S01010409,All people in households,706,660,226,434,46,19,27
S01010409,Whole house or bungalow: Total,669,646,218,428,23,4,19
S01010409,Whole house or bungalow: Detached,246,230,61,169,16,0,16
S01010409,Whole house or bungalow: Semi-detached,281,277,98,179,4,4,0
S01010409,Whole house or bungalow: Terraced (including end-terrace),142,139,59,80,3,0,3
S01010409,Flat maisonette or apartment or mobile/temporary accommodation,37,14,8,6,23,15,8
S01010410,All people in households,595,529,202,327,66,15,51
S01010410,Whole house or bungalow: Total,427,410,143,267,17,6,11
S01010410,Whole house or bungalow: Detached,57,50,20,30,7,0,7
S01010410,Whole house or bungalow: Semi-detached,265,259,94,165,6,2,4
S01010410,Whole house or bungalow: Terraced (including end-terrace),105,101,29,72,4,4,0
S01010410,Flat maisonette or apartment or mobile/temporary accommodation,168,119,59,60,49,9,40
S01010411,All people in households,1104,1006,412,594,98,27,71
S01010411,Whole house or bungalow: Total,1022,954,378,576,68,10,58
S01010411,Whole house or bungalow: Detached,27,27,9,18,0,0,0
S01010411,Whole house or bungalow: Semi-detached,235,205,91,114,30,0,30
S01010411,Whole house or bungalow: Terraced (including end-terrace),760,722,278,444,38,10,28
S01010411,Flat maisonette or apartment or mobile/temporary accommodation,82,52,34,18,30,17,13
S01010412,All people in households,759,448,186,262,311,15,296
S01010412,Whole house or bungalow: Total,208,186,79,107,22,5,17
S01010412,Whole house or bungalow: Detached,37,31,16,15,6,0,6
S01010412,Whole house or bungalow: Semi-detached,91,88,37,51,3,0,3
S01010412,Whole house or bungalow: Terraced (including end-terrace),80,67,26,41,13,5,8
S01010412,Flat maisonette or apartment or mobile/temporary accommodation,551,262,107,155,289,10,279
S01010413,All people in households,714,604,327,277,110,18,92
S01010413,Whole house or bungalow: Total,372,352,168,184,20,6,14
S01010413,Whole house or bungalow: Detached,100,100,47,53,0,0,0
S01010413,Whole house or bungalow: Semi-detached,251,233,119,114,18,4,14
S01010413,Whole house or bungalow: Terraced (including end-terrace),21,19,2,17,2,2,0
S01010413,Flat maisonette or apartment or mobile/temporary accommodation,342,252,159,93,90,12,78
S01010414,All people in households,1066,823,312,511,243,97,146
S01010414,Whole house or bungalow: Total,632,566,203,363,66,9,57
S01010414,Whole house or bungalow: Detached,25,17,4,13,8,0,8
S01010414,Whole house or bungalow: Semi-detached,126,111,37,74,15,5,10
S01010414,Whole house or bungalow: Terraced (including end-terrace),481,438,162,276,43,4,39
S01010414,Flat maisonette or apartment or mobile/temporary accommodation,434,257,109,148,177,88,89
S01010415,All people in households,1004,497,190,307,507,406,101
S01010415,Whole house or bungalow: Total,120,109,31,78,11,11,0
S01010415,Whole house or bungalow: Detached,6,5,0,5,1,1,0
S01010415,Whole house or bungalow: Semi-detached,43,33,16,17,10,10,0
S01010415,Whole house or bungalow: Terraced (including end-terrace),71,71,15,56,0,0,0
S01010415,Flat maisonette or apartment or mobile/temporary accommodation,884,388,159,229,496,395,101
S01010416,All people in households,684,543,252,291,141,22,119
S01010416,Whole house or bungalow: Total,360,342,164,178,18,3,15
S01010416,Whole house or bungalow: Detached,15,15,15,0,0,0,0
S01010416,Whole house or bungalow: Semi-detached,127,116,69,47,11,3,8
S01010416,Whole house or bungalow: Terraced (including end-terrace),218,211,80,131,7,0,7
S01010416,Flat maisonette or apartment or mobile/temporary accommodation,324,201,88,113,123,19,104
S01010417,All people in households,580,463,155,308,117,18,99
S01010417,Whole house or bungalow: Total,304,274,84,190,30,10,20
S01010417,Whole house or bungalow: Detached,19,13,3,10,6,0,6
S01010417,Whole house or bungalow: Semi-detached,47,38,18,20,9,7,2
S01010417,Whole house or bungalow: Terraced (including end-terrace),238,223,63,160,15,3,12
S01010417,Flat maisonette or apartment or mobile/temporary accommodation,276,189,71,118,87,8,79
S01010418,All people in households,1056,751,259,492,305,35,270
S01010418,Whole house or bungalow: Total,238,225,82,143,13,0,13
S01010418,Whole house or bungalow: Detached,26,26,3,23,0,0,0
S01010418,Whole house or bungalow: Semi-detached,62,58,19,39,4,0,4
S01010418,Whole house or bungalow: Terraced (including end-terrace),150,141,60,81,9,0,9
S01010418,Flat maisonette or apartment or mobile/temporary accommodation,818,526,177,349,292,35,257
S01010419,All people in households,993,809,327,482,184,33,151
S01010419,Whole house or bungalow: Total,457,436,201,235,21,0,21
S01010419,Whole house or bungalow: Detached,6,6,3,3,0,0,0
S01010419,Whole house or bungalow: Semi-detached,85,83,39,44,2,0,2
S01010419,Whole house or bungalow: Terraced (including end-terrace),366,347,159,188,19,0,19
S01010419,Flat maisonette or apartment or mobile/temporary accommodation,536,373,126,247,163,33,130
S01010420,All people in households,717,648,287,361,69,31,38
S01010420,Whole house or bungalow: Total,591,564,217,347,27,5,22
S01010420,Whole house or bungalow: Detached,30,27,8,19,3,0,3
S01010420,Whole house or bungalow: Semi-detached,151,142,65,77,9,4,5
S01010420,Whole house or bungalow: Terraced (including end-terrace),410,395,144,251,15,1,14
S01010420,Flat maisonette or apartment or mobile/temporary accommodation,126,84,70,14,42,26,16
S01010421,All people in households,882,791,297,494,91,28,63
S01010421,Whole house or bungalow: Total,664,659,239,420,5,2,3
S01010421,Whole house or bungalow: Detached,23,23,7,16,0,0,0
S01010421,Whole house or bungalow: Semi-detached,341,336,128,208,5,2,3
S01010421,Whole house or bungalow: Terraced (including end-terrace),300,300,104,196,0,0,0
S01010421,Flat maisonette or apartment or mobile/temporary accommodation,218,132,58,74,86,26,60
S01010422,All people in households,1085,886,356,530,199,122,77
S01010422,Whole house or bungalow: Total,826,794,314,480,32,7,25
S01010422,Whole house or bungalow: Detached,14,14,6,8,0,0,0
S01010422,Whole house or bungalow: Semi-detached,69,67,30,37,2,0,2
S01010422,Whole house or bungalow: Terraced (including end-terrace),743,713,278,435,30,7,23
S01010422,Flat maisonette or apartment or mobile/temporary accommodation,259,92,42,50,167,115,52
S01010423,All people in households,831,200,50,150,631,479,152
S01010423,Whole house or bungalow: Total,67,36,7,29,31,29,2
S01010423,Whole house or bungalow: Detached,2,0,0,0,2,2,0
S01010423,Whole house or bungalow: Semi-detached,10,3,0,3,7,5,2
S01010423,Whole house or bungalow: Terraced (including end-terrace),55,33,7,26,22,22,0
S01010423,Flat maisonette or apartment or mobile/temporary accommodation,764,164,43,121,600,450,150
S01010424,All people in households,834,319,116,203,515,387,128
S01010424,Whole house or bungalow: Total,173,126,45,81,47,38,9
S01010424,Whole house or bungalow: Detached,7,3,3,0,4,2,2
S01010424,Whole house or bungalow: Semi-detached,25,16,1,15,9,7,2
S01010424,Whole house or bungalow: Terraced (including end-terrace),141,107,41,66,34,29,5
S01010424,Flat maisonette or apartment or mobile/temporary accommodation,661,193,71,122,468,349,119
S01010425,All people in households,1032,244,47,197,788,641,147
S01010425,Whole house or bungalow: Total,62,34,16,18,28,25,3
S01010425,Whole house or bungalow: Detached,14,5,2,3,9,9,0
S01010425,Whole house or bungalow: Semi-detached,9,0,0,0,9,6,3
S01010425,Whole house or bungalow: Terraced (including end-terrace),39,29,14,15,10,10,0
S01010425,Flat maisonette or apartment or mobile/temporary accommodation,970,210,31,179,760,616,144
S01010426,All people in households,708,294,89,205,414,313,101
S01010426,Whole house or bungalow: Total,211,187,66,121,24,8,16
S01010426,Whole house or bungalow: Detached,3,2,0,2,1,1,0
S01010426,Whole house or bungalow: Semi-detached,18,14,3,11,4,2,2
S01010426,Whole house or bungalow: Terraced (including end-terrace),190,171,63,108,19,5,14
S01010426,Flat maisonette or apartment or mobile/temporary accommodation,497,107,23,84,390,305,85
S01010427,All people in households,1053,425,151,274,628,563,65
S01010427,Whole house or bungalow: Total,348,285,105,180,63,47,16
S01010427,Whole house or bungalow: Detached,0,0,0,0,0,0,0
S01010427,Whole house or bungalow: Semi-detached,95,79,31,48,16,11,5
S01010427,Whole house or bungalow: Terraced (including end-terrace),253,206,74,132,47,36,11
S01010427,Flat maisonette or apartment or mobile/temporary accommodation,705,140,46,94,565,516,49
S01010428,All people in households,730,601,202,399,129,90,39
S01010428,Whole house or bungalow: Total,494,481,148,333,13,1,12
S01010428,Whole house or bungalow: Detached,123,123,36,87,0,0,0
S01010428,Whole house or bungalow: Semi-detached,23,23,7,16,0,0,0
S01010428,Whole house or bungalow: Terraced (including end-terrace),348,335,105,230,13,1,12
S01010428,Flat maisonette or apartment or mobile/temporary accommodation,236,120,54,66,116,89,27
S01010429,All people in households,967,862,287,575,105,41,64
S01010429,Whole house or bungalow: Total,781,756,257,499,25,0,25
S01010429,Whole house or bungalow: Detached,9,9,3,6,0,0,0
S01010429,Whole house or bungalow: Semi-detached,47,31,6,25,16,0,16
S01010429,Whole house or bungalow: Terraced (including end-terrace),725,716,248,468,9,0,9
S01010429,Flat maisonette or apartment or mobile/temporary accommodation,186,106,30,76,80,41,39
S01010430,All people in households,854,261,79,182,593,520,73
S01010430,Whole house or bungalow: Total,23,21,9,12,2,2,0
S01010430,Whole house or bungalow: Detached,0,0,0,0,0,0,0
S01010430,Whole house or bungalow: Semi-detached,4,3,0,3,1,1,0
S01010430,Whole house or bungalow: Terraced (including end-terrace),19,18,9,9,1,1,0
S01010430,Flat maisonette or apartment or mobile/temporary accommodation,831,240,70,170,591,518,73
S01010431,All people in households,700,632,205,427,68,30,38
S01010431,Whole house or bungalow: Total,616,578,184,394,38,5,33
S01010431,Whole house or bungalow: Detached,8,8,0,8,0,0,0
S01010431,Whole house or bungalow: Semi-detached,91,77,30,47,14,5,9
S01010431,Whole house or bungalow: Terraced (including end-terrace),517,493,154,339,24,0,24
S01010431,Flat maisonette or apartment or mobile/temporary accommodation,84,54,21,33,30,25,5
S01010432,All people in households,880,242,57,185,638,519,119
S01010432,Whole house or bungalow: Total,67,46,10,36,21,6,15
S01010432,Whole house or bungalow: Detached,2,0,0,0,2,0,2
S01010432,Whole house or bungalow: Semi-detached,10,4,0,4,6,0,6
S01010432,Whole house or bungalow: Terraced (including end-terrace),55,42,10,32,13,6,7
S01010432,Flat maisonette or apartment or mobile/temporary accommodation,813,196,47,149,617,513,104
S01010433,All people in households,803,75,15,60,728,699,29
S01010433,Whole house or bungalow: Total,35,30,5,25,5,4,1
S01010433,Whole house or bungalow: Detached,5,5,0,5,0,0,0
S01010433,Whole house or bungalow: Semi-detached,13,12,2,10,1,0,1
S01010433,Whole house or bungalow: Terraced (including end-terrace),17,13,3,10,4,4,0
S01010433,Flat maisonette or apartment or mobile/temporary accommodation,768,45,10,35,723,695,28
S01010434,All people in households,623,120,29,91,503,400,103
S01010434,Whole house or bungalow: Total,21,8,4,4,13,13,0
S01010434,Whole house or bungalow: Detached,0,0,0,0,0,0,0
S01010434,Whole house or bungalow: Semi-detached,0,0,0,0,0,0,0
S01010434,Whole house or bungalow: Terraced (including end-terrace),21,8,4,4,13,13,0
S01010434,Flat maisonette or apartment or mobile/temporary accommodation,602,112,25,87,490,387,103
S01010435,All people in households,634,401,135,266,233,186,47
S01010435,Whole house or bungalow: Total,348,240,83,157,108,86,22
S01010435,Whole house or bungalow: Detached,22,11,7,4,11,1,10
S01010435,Whole house or bungalow: Semi-detached,208,136,42,94,72,61,11
S01010435,Whole house or bungalow: Terraced (including end-terrace),118,93,34,59,25,24,1
S01010435,Flat maisonette or apartment or mobile/temporary accommodation,286,161,52,109,125,100,25
S01010436,All people in households,778,178,40,138,600,487,113
S01010436,Whole house or bungalow: Total,116,46,16,30,70,61,9
S01010436,Whole house or bungalow: Detached,6,4,0,4,2,2,0
S01010436,Whole house or bungalow: Semi-detached,25,10,7,3,15,15,0
S01010436,Whole house or bungalow: Terraced (including end-terrace),85,32,9,23,53,44,9
S01010436,Flat maisonette or apartment or mobile/temporary accommodation,662,132,24,108,530,426,104
S01010437,All people in households,557,310,89,221,247,206,41
S01010437,Whole house or bungalow: Total,207,135,38,97,72,62,10
S01010437,Whole house or bungalow: Detached,7,4,1,3,3,3,0
S01010437,Whole house or bungalow: Semi-detached,126,80,24,56,46,38,8
S01010437,Whole house or bungalow: Terraced (including end-terrace),74,51,13,38,23,21,2
S01010437,Flat maisonette or apartment or mobile/temporary accommodation,350,175,51,124,175,144,31
S01010438,All people in households,854,309,22,287,545,503,42
S01010438,Whole house or bungalow: Total,385,265,17,248,120,110,10
S01010438,Whole house or bungalow: Detached,4,0,0,0,4,2,2
S01010438,Whole house or bungalow: Semi-detached,152,119,7,112,33,29,4
S01010438,Whole house or bungalow: Terraced (including end-terrace),229,146,10,136,83,79,4
S01010438,Flat maisonette or apartment or mobile/temporary accommodation,469,44,5,39,425,393,32
S01010439,All people in households,973,277,47,230,696,519,177
S01010439,Whole house or bungalow: Total,89,41,7,34,48,38,10
S01010439,Whole house or bungalow: Detached,10,3,0,3,7,7,0
S01010439,Whole house or bungalow: Semi-detached,16,10,3,7,6,2,4
S01010439,Whole house or bungalow: Terraced (including end-terrace),63,28,4,24,35,29,6
S01010439,Flat maisonette or apartment or mobile/temporary accommodation,884,236,40,196,648,481,167
S01010440,All people in households,650,287,121,166,363,338,25
S01010440,Whole house or bungalow: Total,265,225,105,120,40,35,5
S01010440,Whole house or bungalow: Detached,6,6,2,4,0,0,0
S01010440,Whole house or bungalow: Semi-detached,135,119,59,60,16,14,2
S01010440,Whole house or bungalow: Terraced (including end-terrace),124,100,44,56,24,21,3
S01010440,Flat maisonette or apartment or mobile/temporary accommodation,385,62,16,46,323,303,20
S01010441,All people in households,783,435,60,375,348,152,196
S01010441,Whole house or bungalow: Total,129,110,13,97,19,3,16
S01010441,Whole house or bungalow: Detached,8,8,1,7,0,0,0
S01010441,Whole house or bungalow: Semi-detached,19,11,4,7,8,0,8
S01010441,Whole house or bungalow: Terraced (including end-terrace),102,91,8,83,11,3,8
S01010441,Flat maisonette or apartment or mobile/temporary accommodation,654,325,47,278,329,149,180
S01010442,All people in households,741,219,33,186,522,422,100
S01010442,Whole house or bungalow: Total,68,19,0,19,49,43,6
S01010442,Whole house or bungalow: Detached,2,0,0,0,2,2,0
S01010442,Whole house or bungalow: Semi-detached,33,6,0,6,27,25,2
S01010442,Whole house or bungalow: Terraced (including end-terrace),33,13,0,13,20,16,4
S01010442,Flat maisonette or apartment or mobile/temporary accommodation,673,200,33,167,473,379,94
S01010443,All people in households,550,369,114,255,181,95,86
S01010443,Whole house or bungalow: Total,526,361,112,249,165,86,79
S01010443,Whole house or bungalow: Detached,9,9,5,4,0,0,0
S01010443,Whole house or bungalow: Semi-detached,60,39,9,30,21,11,10
S01010443,Whole house or bungalow: Terraced (including end-terrace),457,313,98,215,144,75,69
S01010443,Flat maisonette or apartment or mobile/temporary accommodation,24,8,2,6,16,9,7
S01010444,All people in households,685,439,151,288,246,182,64
S01010444,Whole house or bungalow: Total,615,418,145,273,197,142,55
S01010444,Whole house or bungalow: Detached,4,4,0,4,0,0,0
S01010444,Whole house or bungalow: Semi-detached,116,82,26,56,34,29,5
S01010444,Whole house or bungalow: Terraced (including end-terrace),495,332,119,213,163,113,50
S01010444,Flat maisonette or apartment or mobile/temporary accommodation,70,21,6,15,49,40,9
S01010445,All people in households,777,434,91,343,343,296,47
S01010445,Whole house or bungalow: Total,509,311,54,257,198,173,25
S01010445,Whole house or bungalow: Detached,45,20,4,16,25,22,3
S01010445,Whole house or bungalow: Semi-detached,118,81,9,72,37,32,5
S01010445,Whole house or bungalow: Terraced (including end-terrace),346,210,41,169,136,119,17
S01010445,Flat maisonette or apartment or mobile/temporary accommodation,268,123,37,86,145,123,22
S01010446,All people in households,838,659,208,451,179,143,36
S01010446,Whole house or bungalow: Total,785,629,195,434,156,127,29
S01010446,Whole house or bungalow: Detached,106,86,42,44,20,16,4
S01010446,Whole house or bungalow: Semi-detached,229,223,72,151,6,3,3
S01010446,Whole house or bungalow: Terraced (including end-terrace),450,320,81,239,130,108,22
S01010446,Flat maisonette or apartment or mobile/temporary accommodation,53,30,13,17,23,16,7
S01010447,All people in households,1028,416,86,330,612,521,91
S01010447,Whole house or bungalow: Total,470,335,62,273,135,82,53
S01010447,Whole house or bungalow: Detached,57,46,13,33,11,0,11
S01010447,Whole house or bungalow: Semi-detached,295,205,33,172,90,59,31
S01010447,Whole house or bungalow: Terraced (including end-terrace),118,84,16,68,34,23,11
S01010447,Flat maisonette or apartment or mobile/temporary accommodation,558,81,24,57,477,439,38
S01010448,All people in households,859,679,187,492,180,124,56
S01010448,Whole house or bungalow: Total,555,504,102,402,51,39,12
S01010448,Whole house or bungalow: Detached,143,142,27,115,1,1,0
S01010448,Whole house or bungalow: Semi-detached,243,211,50,161,32,30,2
S01010448,Whole house or bungalow: Terraced (including end-terrace),169,151,25,126,18,8,10
S01010448,Flat maisonette or apartment or mobile/temporary accommodation,304,175,85,90,129,85,44
S01010449,All people in households,779,483,190,293,296,193,103
S01010449,Whole house or bungalow: Total,131,84,31,53,47,30,17
S01010449,Whole house or bungalow: Detached,13,4,0,4,9,1,8
S01010449,Whole house or bungalow: Semi-detached,81,58,18,40,23,18,5
S01010449,Whole house or bungalow: Terraced (including end-terrace),37,22,13,9,15,11,4
S01010449,Flat maisonette or apartment or mobile/temporary accommodation,648,399,159,240,249,163,86
S01010450,All people in households,783,489,154,335,294,230,64
S01010450,Whole house or bungalow: Total,314,230,85,145,84,65,19
S01010450,Whole house or bungalow: Detached,7,6,2,4,1,1,0
S01010450,Whole house or bungalow: Semi-detached,187,147,52,95,40,29,11
S01010450,Whole house or bungalow: Terraced (including end-terrace),120,77,31,46,43,35,8
S01010450,Flat maisonette or apartment or mobile/temporary accommodation,469,259,69,190,210,165,45
S01010451,All people in households,829,331,113,218,498,454,44
S01010451,Whole house or bungalow: Total,342,277,87,190,65,40,25
S01010451,Whole house or bungalow: Detached,11,11,5,6,0,0,0
S01010451,Whole house or bungalow: Semi-detached,159,131,43,88,28,16,12
S01010451,Whole house or bungalow: Terraced (including end-terrace),172,135,39,96,37,24,13
S01010451,Flat maisonette or apartment or mobile/temporary accommodation,487,54,26,28,433,414,19
S01010452,All people in households,813,516,198,318,297,201,96
S01010452,Whole house or bungalow: Total,357,236,90,146,121,93,28
S01010452,Whole house or bungalow: Detached,5,1,1,0,4,0,4
S01010452,Whole house or bungalow: Semi-detached,286,193,72,121,93,76,17
S01010452,Whole house or bungalow: Terraced (including end-terrace),66,42,17,25,24,17,7
S01010452,Flat maisonette or apartment or mobile/temporary accommodation,456,280,108,172,176,108,68
S01010453,All people in households,664,197,51,146,467,431,36
S01010453,Whole house or bungalow: Total,168,133,25,108,35,26,9
S01010453,Whole house or bungalow: Detached,5,5,1,4,0,0,0
S01010453,Whole house or bungalow: Semi-detached,99,81,15,66,18,12,6
S01010453,Whole house or bungalow: Terraced (including end-terrace),64,47,9,38,17,14,3
S01010453,Flat maisonette or apartment or mobile/temporary accommodation,496,64,26,38,432,405,27
S01010454,All people in households,789,563,179,384,226,160,66
S01010454,Whole house or bungalow: Total,381,297,81,216,84,65,19
S01010454,Whole house or bungalow: Detached,12,11,0,11,1,1,0
S01010454,Whole house or bungalow: Semi-detached,202,161,45,116,41,30,11
S01010454,Whole house or bungalow: Terraced (including end-terrace),167,125,36,89,42,34,8
S01010454,Flat maisonette or apartment or mobile/temporary accommodation,408,266,98,168,142,95,47
S01010455,All people in households,942,243,100,143,699,642,57
S01010455,Whole house or bungalow: Total,111,90,40,50,21,15,6
S01010455,Whole house or bungalow: Detached,2,2,2,0,0,0,0
S01010455,Whole house or bungalow: Semi-detached,23,19,6,13,4,3,1
S01010455,Whole house or bungalow: Terraced (including end-terrace),86,69,32,37,17,12,5
S01010455,Flat maisonette or apartment or mobile/temporary accommodation,831,153,60,93,678,627,51
S01010456,All people in households,565,354,132,222,211,157,54
S01010456,Whole house or bungalow: Total,234,149,53,96,85,72,13
S01010456,Whole house or bungalow: Detached,4,4,3,1,0,0,0
S01010456,Whole house or bungalow: Semi-detached,183,123,42,81,60,50,10
S01010456,Whole house or bungalow: Terraced (including end-terrace),47,22,8,14,25,22,3
S01010456,Flat maisonette or apartment or mobile/temporary accommodation,331,205,79,126,126,85,41
S01010457,All people in households,642,333,108,225,309,288,21
S01010457,Whole house or bungalow: Total,278,218,71,147,60,49,11
S01010457,Whole house or bungalow: Detached,7,7,3,4,0,0,0
S01010457,Whole house or bungalow: Semi-detached,152,112,33,79,40,34,6
S01010457,Whole house or bungalow: Terraced (including end-terrace),119,99,35,64,20,15,5
S01010457,Flat maisonette or apartment or mobile/temporary accommodation,364,115,37,78,249,239,10
S01010458,All people in households,771,402,165,237,369,325,44
S01010458,Whole house or bungalow: Total,264,203,80,123,61,39,22
S01010458,Whole house or bungalow: Detached,9,6,2,4,3,0,3
S01010458,Whole house or bungalow: Semi-detached,224,177,75,102,47,34,13
S01010458,Whole house or bungalow: Terraced (including end-terrace),31,20,3,17,11,5,6
S01010458,Flat maisonette or apartment or mobile/temporary accommodation,507,199,85,114,308,286,22
S01010459,All people in households,539,386,124,262,153,98,55
S01010459,Whole house or bungalow: Total,295,231,78,153,64,48,16
S01010459,Whole house or bungalow: Detached,0,0,0,0,0,0,0
S01010459,Whole house or bungalow: Semi-detached,126,106,24,82,20,14,6
S01010459,Whole house or bungalow: Terraced (including end-terrace),169,125,54,71,44,34,10
S01010459,Flat maisonette or apartment or mobile/temporary accommodation,244,155,46,109,89,50,39
S01010460,All people in households,741,587,174,413,154,41,113
S01010460,Whole house or bungalow: Total,376,331,86,245,45,13,32
S01010460,Whole house or bungalow: Detached,301,272,61,211,29,0,29
S01010460,Whole house or bungalow: Semi-detached,60,44,19,25,16,13,3
S01010460,Whole house or bungalow: Terraced (including end-terrace),15,15,6,9,0,0,0
S01010460,Flat maisonette or apartment or mobile/temporary accommodation,365,256,88,168,109,28,81
S01010461,All people in households,732,370,135,235,362,279,83
S01010461,Whole house or bungalow: Total,302,200,62,138,102,62,40
S01010461,Whole house or bungalow: Detached,14,8,0,8,6,0,6
S01010461,Whole house or bungalow: Semi-detached,227,150,49,101,77,46,31
S01010461,Whole house or bungalow: Terraced (including end-terrace),61,42,13,29,19,16,3
S01010461,Flat maisonette or apartment or mobile/temporary accommodation,430,170,73,97,260,217,43
S01010462,All people in households,899,31,12,19,868,830,38
S01010462,Whole house or bungalow: Total,36,15,8,7,21,6,15
S01010462,Whole house or bungalow: Detached,4,3,3,0,1,1,0
S01010462,Whole house or bungalow: Semi-detached,28,8,4,4,20,5,15
S01010462,Whole house or bungalow: Terraced (including end-terrace),4,4,1,3,0,0,0
S01010462,Flat maisonette or apartment or mobile/temporary accommodation,863,16,4,12,847,824,23
S01010463,All people in households,796,597,196,401,199,147,52
S01010463,Whole house or bungalow: Total,581,488,149,339,93,67,26
S01010463,Whole house or bungalow: Detached,4,4,4,0,0,0,0
S01010463,Whole house or bungalow: Semi-detached,469,404,122,282,65,45,20
S01010463,Whole house or bungalow: Terraced (including end-terrace),108,80,23,57,28,22,6
S01010463,Flat maisonette or apartment or mobile/temporary accommodation,215,109,47,62,106,80,26
S01010464,All people in households,524,382,117,265,142,112,30
S01010464,Whole house or bungalow: Total,283,224,77,147,59,46,13
S01010464,Whole house or bungalow: Detached,4,4,2,2,0,0,0
S01010464,Whole house or bungalow: Semi-detached,176,143,60,83,33,27,6
S01010464,Whole house or bungalow: Terraced (including end-terrace),103,77,15,62,26,19,7
S01010464,Flat maisonette or apartment or mobile/temporary accommodation,241,158,40,118,83,66,17
S01010465,All people in households,947,774,184,590,173,45,128
S01010465,Whole house or bungalow: Total,701,640,126,514,61,1,60
S01010465,Whole house or bungalow: Detached,88,85,27,58,3,0,3
S01010465,Whole house or bungalow: Semi-detached,211,181,37,144,30,0,30
S01010465,Whole house or bungalow: Terraced (including end-terrace),402,374,62,312,28,1,27
S01010465,Flat maisonette or apartment or mobile/temporary accommodation,246,134,58,76,112,44,68
S01010466,All people in households,879,650,171,479,229,17,212
S01010466,Whole house or bungalow: Total,488,444,110,334,44,0,44
S01010466,Whole house or bungalow: Detached,38,26,11,15,12,0,12
S01010466,Whole house or bungalow: Semi-detached,158,147,40,107,11,0,11
S01010466,Whole house or bungalow: Terraced (including end-terrace),292,271,59,212,21,0,21
S01010466,Flat maisonette or apartment or mobile/temporary accommodation,391,206,61,145,185,17,168
S01010467,All people in households,837,626,336,290,211,22,189
S01010467,Whole house or bungalow: Total,178,120,32,88,58,19,39
S01010467,Whole house or bungalow: Detached,55,54,7,47,1,0,1
S01010467,Whole house or bungalow: Semi-detached,98,45,17,28,53,15,38
S01010467,Whole house or bungalow: Terraced (including end-terrace),25,21,8,13,4,4,0
S01010467,Flat maisonette or apartment or mobile/temporary accommodation,659,506,304,202,153,3,150
S01010468,All people in households,949,722,275,447,227,3,224
S01010468,Whole house or bungalow: Total,423,387,127,260,36,0,36
S01010468,Whole house or bungalow: Detached,376,348,107,241,28,0,28
S01010468,Whole house or bungalow: Semi-detached,43,35,16,19,8,0,8
S01010468,Whole house or bungalow: Terraced (including end-terrace),4,4,4,0,0,0,0
S01010468,Flat maisonette or apartment or mobile/temporary accommodation,526,335,148,187,191,3,188
S01010469,All people in households,559,223,71,152,336,158,178
S01010469,Whole house or bungalow: Total,32,19,1,18,13,2,11
S01010469,Whole house or bungalow: Detached,1,0,0,0,1,0,1
S01010469,Whole house or bungalow: Semi-detached,13,9,0,9,4,0,4
S01010469,Whole house or bungalow: Terraced (including end-terrace),18,10,1,9,8,2,6
S01010469,Flat maisonette or apartment or mobile/temporary accommodation,527,204,70,134,323,156,167
S01010470,All people in households,718,473,148,325,245,179,66
S01010470,Whole house or bungalow: Total,453,318,100,218,135,107,28
S01010470,Whole house or bungalow: Detached,4,0,0,0,4,2,2
S01010470,Whole house or bungalow: Semi-detached,295,216,71,145,79,61,18
S01010470,Whole house or bungalow: Terraced (including end-terrace),154,102,29,73,52,44,8
S01010470,Flat maisonette or apartment or mobile/temporary accommodation,265,155,48,107,110,72,38
S01010471,All people in households,666,351,106,245,315,222,93
S01010471,Whole house or bungalow: Total,286,151,48,103,135,108,27
S01010471,Whole house or bungalow: Detached,9,6,0,6,3,2,1
S01010471,Whole house or bungalow: Semi-detached,178,106,35,71,72,56,16
S01010471,Whole house or bungalow: Terraced (including end-terrace),99,39,13,26,60,50,10
S01010471,Flat maisonette or apartment or mobile/temporary accommodation,380,200,58,142,180,114,66
S01010472,All people in households,514,307,52,255,207,71,136
S01010472,Whole house or bungalow: Total,136,115,21,94,21,7,14
S01010472,Whole house or bungalow: Detached,3,3,3,0,0,0,0
S01010472,Whole house or bungalow: Semi-detached,11,10,5,5,1,1,0
S01010472,Whole house or bungalow: Terraced (including end-terrace),122,102,13,89,20,6,14
S01010472,Flat maisonette or apartment or mobile/temporary accommodation,378,192,31,161,186,64,122
S01010473,All people in households,756,491,164,327,265,85,180
S01010473,Whole house or bungalow: Total,289,228,87,141,61,11,50
S01010473,Whole house or bungalow: Detached,15,13,5,8,2,0,2
S01010473,Whole house or bungalow: Semi-detached,54,25,7,18,29,5,24
S01010473,Whole house or bungalow: Terraced (including end-terrace),220,190,75,115,30,6,24
S01010473,Flat maisonette or apartment or mobile/temporary accommodation,467,263,77,186,204,74,130
S01010474,All people in households,820,372,98,274,448,168,280
S01010474,Whole house or bungalow: Total,59,42,12,30,17,1,16
S01010474,Whole house or bungalow: Detached,6,2,2,0,4,1,3
S01010474,Whole house or bungalow: Semi-detached,28,15,5,10,13,0,13
S01010474,Whole house or bungalow: Terraced (including end-terrace),25,25,5,20,0,0,0
S01010474,Flat maisonette or apartment or mobile/temporary accommodation,761,330,86,244,431,167,264
S01010475,All people in households,677,503,130,373,174,14,160
S01010475,Whole house or bungalow: Total,186,140,36,104,46,0,46
S01010475,Whole house or bungalow: Detached,0,0,0,0,0,0,0
S01010475,Whole house or bungalow: Semi-detached,59,52,23,29,7,0,7
S01010475,Whole house or bungalow: Terraced (including end-terrace),127,88,13,75,39,0,39
S01010475,Flat maisonette or apartment or mobile/temporary accommodation,491,363,94,269,128,14,114
S01010476,All people in households,1015,687,225,462,328,175,153
S01010476,Whole house or bungalow: Total,332,266,65,201,66,42,24
S01010476,Whole house or bungalow: Detached,8,4,4,0,4,0,4
S01010476,Whole house or bungalow: Semi-detached,58,45,20,25,13,9,4
S01010476,Whole house or bungalow: Terraced (including end-terrace),266,217,41,176,49,33,16
S01010476,Flat maisonette or apartment or mobile/temporary accommodation,683,421,160,261,262,133,129
S01010477,All people in households,724,523,181,342,201,126,75
S01010477,Whole house or bungalow: Total,377,310,88,222,67,38,29
S01010477,Whole house or bungalow: Detached,7,5,0,5,2,2,0
S01010477,Whole house or bungalow: Semi-detached,227,177,54,123,50,22,28
S01010477,Whole house or bungalow: Terraced (including end-terrace),143,128,34,94,15,14,1
S01010477,Flat maisonette or apartment or mobile/temporary accommodation,347,213,93,120,134,88,46
S01010478,All people in households,991,443,122,321,548,450,98
S01010478,Whole house or bungalow: Total,263,167,41,126,96,84,12
S01010478,Whole house or bungalow: Detached,3,3,3,0,0,0,0
S01010478,Whole house or bungalow: Semi-detached,205,132,33,99,73,63,10
S01010478,Whole house or bungalow: Terraced (including end-terrace),55,32,5,27,23,21,2
S01010478,Flat maisonette or apartment or mobile/temporary accommodation,728,276,81,195,452,366,86
S01010479,All people in households,1022,597,170,427,425,329,96
S01010479,Whole house or bungalow: Total,285,214,69,145,71,57,14
S01010479,Whole house or bungalow: Detached,8,3,3,0,5,3,2
S01010479,Whole house or bungalow: Semi-detached,199,166,56,110,33,29,4
S01010479,Whole house or bungalow: Terraced (including end-terrace),78,45,10,35,33,25,8
S01010479,Flat maisonette or apartment or mobile/temporary accommodation,737,383,101,282,354,272,82
S01010480,All people in households,616,455,138,317,161,120,41
S01010480,Whole house or bungalow: Total,428,306,91,215,122,90,32
S01010480,Whole house or bungalow: Detached,2,2,2,0,0,0,0
S01010480,Whole house or bungalow: Semi-detached,280,197,63,134,83,59,24
S01010480,Whole house or bungalow: Terraced (including end-terrace),146,107,26,81,39,31,8
S01010480,Flat maisonette or apartment or mobile/temporary accommodation,188,149,47,102,39,30,9
S01010481,All people in households,667,192,53,139,475,419,56
S01010481,Whole house or bungalow: Total,117,55,19,36,62,43,19
S01010481,Whole house or bungalow: Detached,4,1,1,0,3,3,0
S01010481,Whole house or bungalow: Semi-detached,81,40,13,27,41,32,9
S01010481,Whole house or bungalow: Terraced (including end-terrace),32,14,5,9,18,8,10
S01010481,Flat maisonette or apartment or mobile/temporary accommodation,550,137,34,103,413,376,37
S01010482,All people in households,794,540,152,388,254,201,53
S01010482,Whole house or bungalow: Total,584,425,137,288,159,138,21
S01010482,Whole house or bungalow: Detached,1,1,1,0,0,0,0
S01010482,Whole house or bungalow: Semi-detached,362,245,68,177,117,104,13
S01010482,Whole house or bungalow: Terraced (including end-terrace),221,179,68,111,42,34,8
S01010482,Flat maisonette or apartment or mobile/temporary accommodation,210,115,15,100,95,63,32
S01010483,All people in households,1036,680,176,504,356,273,83
S01010483,Whole house or bungalow: Total,517,373,105,268,144,109,35
S01010483,Whole house or bungalow: Detached,1,0,0,0,1,1,0
S01010483,Whole house or bungalow: Semi-detached,237,155,53,102,82,55,27
S01010483,Whole house or bungalow: Terraced (including end-terrace),279,218,52,166,61,53,8
S01010483,Flat maisonette or apartment or mobile/temporary accommodation,519,307,71,236,212,164,48
S01010484,All people in households,550,289,87,202,261,220,41
S01010484,Whole house or bungalow: Total,318,198,51,147,120,119,1
S01010484,Whole house or bungalow: Detached,8,3,0,3,5,5,0
S01010484,Whole house or bungalow: Semi-detached,200,140,41,99,60,59,1
S01010484,Whole house or bungalow: Terraced (including end-terrace),110,55,10,45,55,55,0
S01010484,Flat maisonette or apartment or mobile/temporary accommodation,232,91,36,55,141,101,40
S01010485,All people in households,986,739,224,515,247,193,54
S01010485,Whole house or bungalow: Total,876,693,208,485,183,158,25
S01010485,Whole house or bungalow: Detached,156,147,57,90,9,4,5
S01010485,Whole house or bungalow: Semi-detached,238,178,55,123,60,55,5
S01010485,Whole house or bungalow: Terraced (including end-terrace),482,368,96,272,114,99,15
S01010485,Flat maisonette or apartment or mobile/temporary accommodation,110,46,16,30,64,35,29
S01010486,All people in households,930,887,307,580,43,26,17
S01010486,Whole house or bungalow: Total,868,854,302,552,14,0,14
S01010486,Whole house or bungalow: Detached,233,227,112,115,6,0,6
S01010486,Whole house or bungalow: Semi-detached,537,531,164,367,6,0,6
S01010486,Whole house or bungalow: Terraced (including end-terrace),98,96,26,70,2,0,2
S01010486,Flat maisonette or apartment or mobile/temporary accommodation,62,33,5,28,29,26,3
S01010487,All people in households,1010,746,212,534,264,189,75
S01010487,Whole house or bungalow: Total,968,731,210,521,237,164,73
S01010487,Whole house or bungalow: Detached,8,0,0,0,8,5,3
S01010487,Whole house or bungalow: Semi-detached,157,105,33,72,52,31,21
S01010487,Whole house or bungalow: Terraced (including end-terrace),803,626,177,449,177,128,49
S01010487,Flat maisonette or apartment or mobile/temporary accommodation,42,15,2,13,27,25,2
S01010488,All people in households,822,213,62,151,609,530,79
S01010488,Whole house or bungalow: Total,93,74,18,56,19,15,4
S01010488,Whole house or bungalow: Detached,26,17,10,7,9,5,4
S01010488,Whole house or bungalow: Semi-detached,49,43,6,37,6,6,0
S01010488,Whole house or bungalow: Terraced (including end-terrace),18,14,2,12,4,4,0
S01010488,Flat maisonette or apartment or mobile/temporary accommodation,729,139,44,95,590,515,75
S01010489,All people in households,932,415,113,302,517,496,21
S01010489,Whole house or bungalow: Total,204,155,50,105,49,40,9
S01010489,Whole house or bungalow: Detached,25,24,12,12,1,0,1
S01010489,Whole house or bungalow: Semi-detached,72,59,25,34,13,5,8
S01010489,Whole house or bungalow: Terraced (including end-terrace),107,72,13,59,35,35,0
S01010489,Flat maisonette or apartment or mobile/temporary accommodation,728,260,63,197,468,456,12
S01010490,All people in households,749,164,29,135,585,544,41
S01010490,Whole house or bungalow: Total,171,75,21,54,96,91,5
S01010490,Whole house or bungalow: Detached,5,5,0,5,0,0,0
S01010490,Whole house or bungalow: Semi-detached,35,24,8,16,11,11,0
S01010490,Whole house or bungalow: Terraced (including end-terrace),131,46,13,33,85,80,5
S01010490,Flat maisonette or apartment or mobile/temporary accommodation,578,89,8,81,489,453,36
S01010491,All people in households,906,102,26,76,804,760,44
S01010491,Whole house or bungalow: Total,172,12,2,10,160,151,9
S01010491,Whole house or bungalow: Detached,13,4,0,4,9,9,0
S01010491,Whole house or bungalow: Semi-detached,112,6,0,6,106,101,5
S01010491,Whole house or bungalow: Terraced (including end-terrace),47,2,2,0,45,41,4
S01010491,Flat maisonette or apartment or mobile/temporary accommodation,734,90,24,66,644,609,35
S01010492,All people in households,575,30,5,25,545,523,22
S01010492,Whole house or bungalow: Total,418,29,5,24,389,382,7
S01010492,Whole house or bungalow: Detached,40,0,0,0,40,38,2
S01010492,Whole house or bungalow: Semi-detached,220,14,0,14,206,206,0
S01010492,Whole house or bungalow: Terraced (including end-terrace),158,15,5,10,143,138,5
S01010492,Flat maisonette or apartment or mobile/temporary accommodation,157,1,0,1,156,141,15
S01010493,All people in households,719,30,6,24,689,679,10
S01010493,Whole house or bungalow: Total,257,22,6,16,235,235,0
S01010493,Whole house or bungalow: Detached,29,0,0,0,29,29,0
S01010493,Whole house or bungalow: Semi-detached,77,12,1,11,65,65,0
S01010493,Whole house or bungalow: Terraced (including end-terrace),151,10,5,5,141,141,0
S01010493,Flat maisonette or apartment or mobile/temporary accommodation,462,8,0,8,454,444,10
S01010494,All people in households,628,337,47,290,291,255,36
S01010494,Whole house or bungalow: Total,329,289,37,252,40,18,22
S01010494,Whole house or bungalow: Detached,5,2,0,2,3,3,0
S01010494,Whole house or bungalow: Semi-detached,308,274,28,246,34,12,22
S01010494,Whole house or bungalow: Terraced (including end-terrace),16,13,9,4,3,3,0
S01010494,Flat maisonette or apartment or mobile/temporary accommodation,299,48,10,38,251,237,14
S01010495,All people in households,858,122,22,100,736,710,26
S01010495,Whole house or bungalow: Total,356,85,16,69,271,262,9
S01010495,Whole house or bungalow: Detached,12,5,0,5,7,7,0
S01010495,Whole house or bungalow: Semi-detached,131,50,4,46,81,81,0
S01010495,Whole house or bungalow: Terraced (including end-terrace),213,30,12,18,183,174,9
S01010495,Flat maisonette or apartment or mobile/temporary accommodation,502,37,6,31,465,448,17
S01010496,All people in households,812,122,31,91,690,652,38
S01010496,Whole house or bungalow: Total,337,52,5,47,285,280,5
S01010496,Whole house or bungalow: Detached,32,0,0,0,32,27,5
S01010496,Whole house or bungalow: Semi-detached,183,45,3,42,138,138,0
S01010496,Whole house or bungalow: Terraced (including end-terrace),122,7,2,5,115,115,0
S01010496,Flat maisonette or apartment or mobile/temporary accommodation,475,70,26,44,405,372,33
S01010497,All people in households,749,252,13,239,497,482,15
S01010497,Whole house or bungalow: Total,563,217,9,208,346,335,11
S01010497,Whole house or bungalow: Detached,47,8,1,7,39,39,0
S01010497,Whole house or bungalow: Semi-detached,336,192,6,186,144,139,5
S01010497,Whole house or bungalow: Terraced (including end-terrace),180,17,2,15,163,157,6
S01010497,Flat maisonette or apartment or mobile/temporary accommodation,186,35,4,31,151,147,4
S01010498,All people in households,839,108,24,84,731,703,28
S01010498,Whole house or bungalow: Total,438,58,2,56,380,372,8
S01010498,Whole house or bungalow: Detached,22,0,0,0,22,22,0
S01010498,Whole house or bungalow: Semi-detached,282,30,2,28,252,245,7
S01010498,Whole house or bungalow: Terraced (including end-terrace),134,28,0,28,106,105,1
S01010498,Flat maisonette or apartment or mobile/temporary accommodation,401,50,22,28,351,331,20
S01010499,All people in households,804,48,24,24,756,734,22
S01010499,Whole house or bungalow: Total,218,30,14,16,188,181,7
S01010499,Whole house or bungalow: Detached,18,0,0,0,18,18,0
S01010499,Whole house or bungalow: Semi-detached,97,12,7,5,85,79,6
S01010499,Whole house or bungalow: Terraced (including end-terrace),103,18,7,11,85,84,1
S01010499,Flat maisonette or apartment or mobile/temporary accommodation,586,18,10,8,568,553,15
S01010500,All people in households,1078,232,24,208,846,806,40
S01010500,Whole house or bungalow: Total,654,176,11,165,478,442,36
S01010500,Whole house or bungalow: Detached,203,136,10,126,67,36,31
S01010500,Whole house or bungalow: Semi-detached,246,38,1,37,208,208,0
S01010500,Whole house or bungalow: Terraced (including end-terrace),205,2,0,2,203,198,5
S01010500,Flat maisonette or apartment or mobile/temporary accommodation,424,56,13,43,368,364,4
S01010501,All people in households,928,370,56,314,558,525,33
S01010501,Whole house or bungalow: Total,526,236,28,208,290,276,14
S01010501,Whole house or bungalow: Detached,62,29,3,26,33,33,0
S01010501,Whole house or bungalow: Semi-detached,236,86,13,73,150,150,0
S01010501,Whole house or bungalow: Terraced (including end-terrace),228,121,12,109,107,93,14
S01010501,Flat maisonette or apartment or mobile/temporary accommodation,402,134,28,106,268,249,19
S01010502,All people in households,803,392,26,366,411,377,34
S01010502,Whole house or bungalow: Total,599,346,17,329,253,235,18
S01010502,Whole house or bungalow: Detached,34,7,0,7,27,27,0
S01010502,Whole house or bungalow: Semi-detached,422,259,14,245,163,147,16
S01010502,Whole house or bungalow: Terraced (including end-terrace),143,80,3,77,63,61,2
S01010502,Flat maisonette or apartment or mobile/temporary accommodation,204,46,9,37,158,142,16
S01010503,All people in households,655,142,50,92,513,484,29
S01010503,Whole house or bungalow: Total,65,18,7,11,47,47,0
S01010503,Whole house or bungalow: Detached,5,2,2,0,3,3,0
S01010503,Whole house or bungalow: Semi-detached,21,5,0,5,16,16,0
S01010503,Whole house or bungalow: Terraced (including end-terrace),39,11,5,6,28,28,0
S01010503,Flat maisonette or apartment or mobile/temporary accommodation,590,124,43,81,466,437,29
S01010504,All people in households,531,350,235,115,181,47,134
S01010504,Whole house or bungalow: Total,516,350,235,115,166,42,124
S01010504,Whole house or bungalow: Detached,440,326,226,100,114,13,101
S01010504,Whole house or bungalow: Semi-detached,68,24,9,15,44,23,21
S01010504,Whole house or bungalow: Terraced (including end-terrace),8,0,0,0,8,6,2
S01010504,Flat maisonette or apartment or mobile/temporary accommodation,15,0,0,0,15,5,10
S01010505,All people in households,558,382,240,142,176,73,103
S01010505,Whole house or bungalow: Total,539,367,225,142,172,73,99
S01010505,Whole house or bungalow: Detached,435,341,210,131,94,6,88
S01010505,Whole house or bungalow: Semi-detached,90,15,9,6,75,64,11
S01010505,Whole house or bungalow: Terraced (including end-terrace),14,11,6,5,3,3,0
S01010505,Flat maisonette or apartment or mobile/temporary accommodation,19,15,15,0,4,0,4
S01010506,All people in households,828,616,344,272,212,129,83
S01010506,Whole house or bungalow: Total,808,607,340,267,201,128,73
S01010506,Whole house or bungalow: Detached,524,476,276,200,48,6,42
S01010506,Whole house or bungalow: Semi-detached,240,101,41,60,139,110,29
S01010506,Whole house or bungalow: Terraced (including end-terrace),44,30,23,7,14,12,2
S01010506,Flat maisonette or apartment or mobile/temporary accommodation,20,9,4,5,11,1,10
S01010507,All people in households,794,490,219,271,304,193,111
S01010507,Whole house or bungalow: Total,691,462,204,258,229,171,58
S01010507,Whole house or bungalow: Detached,193,160,87,73,33,19,14
S01010507,Whole house or bungalow: Semi-detached,301,181,70,111,120,94,26
S01010507,Whole house or bungalow: Terraced (including end-terrace),197,121,47,74,76,58,18
S01010507,Flat maisonette or apartment or mobile/temporary accommodation,103,28,15,13,75,22,53
S01010508,All people in households,962,615,347,268,347,160,187
S01010508,Whole house or bungalow: Total,926,599,334,265,327,151,176
S01010508,Whole house or bungalow: Detached,578,438,269,169,140,2,138
S01010508,Whole house or bungalow: Semi-detached,300,148,57,91,152,127,25
S01010508,Whole house or bungalow: Terraced (including end-terrace),48,13,8,5,35,22,13
S01010508,Flat maisonette or apartment or mobile/temporary accommodation,36,16,13,3,20,9,11
S01010509,All people in households,922,665,348,317,257,70,187
S01010509,Whole house or bungalow: Total,894,655,346,309,239,70,169
S01010509,Whole house or bungalow: Detached,621,503,276,227,118,5,113
S01010509,Whole house or bungalow: Semi-detached,217,125,57,68,92,47,45
S01010509,Whole house or bungalow: Terraced (including end-terrace),56,27,13,14,29,18,11
S01010509,Flat maisonette or apartment or mobile/temporary accommodation,28,10,2,8,18,0,18
S01010510,All people in households,777,606,252,354,171,124,47
S01010510,Whole house or bungalow: Total,735,585,243,342,150,110,40
S01010510,Whole house or bungalow: Detached,379,353,147,206,26,4,22
S01010510,Whole house or bungalow: Semi-detached,236,184,87,97,52,40,12
S01010510,Whole house or bungalow: Terraced (including end-terrace),120,48,9,39,72,66,6
S01010510,Flat maisonette or apartment or mobile/temporary accommodation,42,21,9,12,21,14,7
S01010511,All people in households,870,387,104,283,483,443,40
S01010511,Whole house or bungalow: Total,825,365,103,262,460,427,33
S01010511,Whole house or bungalow: Detached,65,37,15,22,28,20,8
S01010511,Whole house or bungalow: Semi-detached,220,89,34,55,131,125,6
S01010511,Whole house or bungalow: Terraced (including end-terrace),540,239,54,185,301,282,19
S01010511,Flat maisonette or apartment or mobile/temporary accommodation,45,22,1,21,23,16,7
S01010512,All people in households,611,412,158,254,199,160,39
S01010512,Whole house or bungalow: Total,579,409,155,254,170,143,27
S01010512,Whole house or bungalow: Detached,105,97,46,51,8,6,2
S01010512,Whole house or bungalow: Semi-detached,240,172,61,111,68,60,8
S01010512,Whole house or bungalow: Terraced (including end-terrace),234,140,48,92,94,77,17
S01010512,Flat maisonette or apartment or mobile/temporary accommodation,32,3,3,0,29,17,12
S01010513,All people in households,757,624,251,373,133,61,72
S01010513,Whole house or bungalow: Total,728,611,248,363,117,61,56
S01010513,Whole house or bungalow: Detached,456,420,168,252,36,10,26
S01010513,Whole house or bungalow: Semi-detached,251,186,79,107,65,42,23
S01010513,Whole house or bungalow: Terraced (including end-terrace),21,5,1,4,16,9,7
S01010513,Flat maisonette or apartment or mobile/temporary accommodation,29,13,3,10,16,0,16
S01010514,All people in households,709,458,141,317,251,193,58
S01010514,Whole house or bungalow: Total,695,450,138,312,245,187,58
S01010514,Whole house or bungalow: Detached,42,30,11,19,12,3,9
S01010514,Whole house or bungalow: Semi-detached,269,189,50,139,80,65,15
S01010514,Whole house or bungalow: Terraced (including end-terrace),384,231,77,154,153,119,34
S01010514,Flat maisonette or apartment or mobile/temporary accommodation,14,8,3,5,6,6,0
S01010515,All people in households,799,485,184,301,314,245,69
S01010515,Whole house or bungalow: Total,784,482,181,301,302,243,59
S01010515,Whole house or bungalow: Detached,76,54,37,17,22,9,13
S01010515,Whole house or bungalow: Semi-detached,172,84,42,42,88,73,15
S01010515,Whole house or bungalow: Terraced (including end-terrace),536,344,102,242,192,161,31
S01010515,Flat maisonette or apartment or mobile/temporary accommodation,15,3,3,0,12,2,10
S01010516,All people in households,557,365,170,195,192,95,97
S01010516,Whole house or bungalow: Total,426,322,167,155,104,38,66
S01010516,Whole house or bungalow: Detached,246,212,116,96,34,0,34
S01010516,Whole house or bungalow: Semi-detached,128,95,43,52,33,11,22
S01010516,Whole house or bungalow: Terraced (including end-terrace),52,15,8,7,37,27,10
S01010516,Flat maisonette or apartment or mobile/temporary accommodation,131,43,3,40,88,57,31
S01010517,All people in households,858,486,189,297,372,275,97
S01010517,Whole house or bungalow: Total,532,361,160,201,171,109,62
S01010517,Whole house or bungalow: Detached,293,242,103,139,51,8,43
S01010517,Whole house or bungalow: Semi-detached,164,80,35,45,84,74,10
S01010517,Whole house or bungalow: Terraced (including end-terrace),75,39,22,17,36,27,9
S01010517,Flat maisonette or apartment or mobile/temporary accommodation,326,125,29,96,201,166,35
S01010518,All people in households,656,414,158,256,242,114,128
S01010518,Whole house or bungalow: Total,275,247,122,125,28,7,21
S01010518,Whole house or bungalow: Detached,172,155,68,87,17,0,17
S01010518,Whole house or bungalow: Semi-detached,96,89,54,35,7,3,4
S01010518,Whole house or bungalow: Terraced (including end-terrace),7,3,0,3,4,4,0
S01010518,Flat maisonette or apartment or mobile/temporary accommodation,381,167,36,131,214,107,107
S01010519,All people in households,748,353,143,210,395,310,85
S01010519,Whole house or bungalow: Total,713,349,142,207,364,289,75
S01010519,Whole house or bungalow: Detached,173,129,64,65,44,7,37
S01010519,Whole house or bungalow: Semi-detached,190,95,27,68,95,85,10
S01010519,Whole house or bungalow: Terraced (including end-terrace),350,125,51,74,225,197,28
S01010519,Flat maisonette or apartment or mobile/temporary accommodation,35,4,1,3,31,21,10
S01010520,All people in households,945,732,271,461,213,122,91
S01010520,Whole house or bungalow: Total,849,687,253,434,162,95,67
S01010520,Whole house or bungalow: Detached,92,69,34,35,23,11,12
S01010520,Whole house or bungalow: Semi-detached,367,266,103,163,101,69,32
S01010520,Whole house or bungalow: Terraced (including end-terrace),390,352,116,236,38,15,23
S01010520,Flat maisonette or apartment or mobile/temporary accommodation,96,45,18,27,51,27,24
S01010521,All people in households,750,414,179,235,336,248,88
S01010521,Whole house or bungalow: Total,536,370,165,205,166,104,62
S01010521,Whole house or bungalow: Detached,180,151,71,80,29,6,23
S01010521,Whole house or bungalow: Semi-detached,205,124,57,67,81,52,29
S01010521,Whole house or bungalow: Terraced (including end-terrace),151,95,37,58,56,46,10
S01010521,Flat maisonette or apartment or mobile/temporary accommodation,214,44,14,30,170,144,26
S01010522,All people in households,581,267,61,206,314,211,103
S01010522,Whole house or bungalow: Total,309,197,43,154,112,70,42
S01010522,Whole house or bungalow: Detached,82,64,26,38,18,6,12
S01010522,Whole house or bungalow: Semi-detached,152,108,13,95,44,27,17
S01010522,Whole house or bungalow: Terraced (including end-terrace),75,25,4,21,50,37,13
S01010522,Flat maisonette or apartment or mobile/temporary accommodation,272,70,18,52,202,141,61
S01010523,All people in households,644,162,73,89,482,438,44
S01010523,Whole house or bungalow: Total,541,156,71,85,385,351,34
S01010523,Whole house or bungalow: Detached,53,26,9,17,27,14,13
S01010523,Whole house or bungalow: Semi-detached,186,56,35,21,130,116,14
S01010523,Whole house or bungalow: Terraced (including end-terrace),302,74,27,47,228,221,7
S01010523,Flat maisonette or apartment or mobile/temporary accommodation,103,6,2,4,97,87,10
S01010524,All people in households,504,389,208,181,115,47,68
S01010524,Whole house or bungalow: Total,473,383,204,179,90,34,56
S01010524,Whole house or bungalow: Detached,362,316,179,137,46,3,43
S01010524,Whole house or bungalow: Semi-detached,75,41,17,24,34,23,11
S01010524,Whole house or bungalow: Terraced (including end-terrace),36,26,8,18,10,8,2
S01010524,Flat maisonette or apartment or mobile/temporary accommodation,31,6,4,2,25,13,12
S01010525,All people in households,624,503,247,256,121,40,81
S01010525,Whole house or bungalow: Total,616,500,247,253,116,38,78
S01010525,Whole house or bungalow: Detached,487,423,215,208,64,1,63
S01010525,Whole house or bungalow: Semi-detached,111,65,25,40,46,31,15
S01010525,Whole house or bungalow: Terraced (including end-terrace),18,12,7,5,6,6,0
S01010525,Flat maisonette or apartment or mobile/temporary accommodation,8,3,0,3,5,2,3
S01010526,All people in households,787,522,224,298,265,147,118
S01010526,Whole house or bungalow: Total,704,479,202,277,225,130,95
S01010526,Whole house or bungalow: Detached,242,209,107,102,33,0,33
S01010526,Whole house or bungalow: Semi-detached,284,165,66,99,119,81,38
S01010526,Whole house or bungalow: Terraced (including end-terrace),178,105,29,76,73,49,24
S01010526,Flat maisonette or apartment or mobile/temporary accommodation,83,43,22,21,40,17,23
S01010527,All people in households,889,473,228,245,416,320,96
S01010527,Whole house or bungalow: Total,718,447,216,231,271,184,87
S01010527,Whole house or bungalow: Detached,102,85,45,40,17,7,10
S01010527,Whole house or bungalow: Semi-detached,412,268,133,135,144,94,50
S01010527,Whole house or bungalow: Terraced (including end-terrace),204,94,38,56,110,83,27
S01010527,Flat maisonette or apartment or mobile/temporary accommodation,171,26,12,14,145,136,9
S01010528,All people in households,611,380,185,195,231,100,131
S01010528,Whole house or bungalow: Total,565,376,181,195,189,83,106
S01010528,Whole house or bungalow: Detached,381,303,154,149,78,5,73
S01010528,Whole house or bungalow: Semi-detached,102,41,17,24,61,49,12
S01010528,Whole house or bungalow: Terraced (including end-terrace),82,32,10,22,50,29,21
S01010528,Flat maisonette or apartment or mobile/temporary accommodation,46,4,4,0,42,17,25
S01010529,All people in households,698,529,225,304,169,96,73
S01010529,Whole house or bungalow: Total,693,527,223,304,166,96,70
S01010529,Whole house or bungalow: Detached,451,394,186,208,57,0,57
S01010529,Whole house or bungalow: Semi-detached,212,124,34,90,88,80,8
S01010529,Whole house or bungalow: Terraced (including end-terrace),30,9,3,6,21,16,5
S01010529,Flat maisonette or apartment or mobile/temporary accommodation,5,2,2,0,3,0,3
S01010530,All people in households,645,497,263,234,148,35,113
S01010530,Whole house or bungalow: Total,629,484,254,230,145,34,111
S01010530,Whole house or bungalow: Detached,453,366,205,161,87,1,86
S01010530,Whole house or bungalow: Semi-detached,138,94,38,56,44,23,21
S01010530,Whole house or bungalow: Terraced (including end-terrace),38,24,11,13,14,10,4
S01010530,Flat maisonette or apartment or mobile/temporary accommodation,16,13,9,4,3,1,2
S01010531,All people in households,1067,792,405,387,275,126,149
S01010531,Whole house or bungalow: Total,989,772,390,382,217,104,113
S01010531,Whole house or bungalow: Detached,566,508,287,221,58,4,54
S01010531,Whole house or bungalow: Semi-detached,251,154,52,102,97,54,43
S01010531,Whole house or bungalow: Terraced (including end-terrace),172,110,51,59,62,46,16
S01010531,Flat maisonette or apartment or mobile/temporary accommodation,78,20,15,5,58,22,36
S01010532,All people in households,545,326,212,114,219,33,186
S01010532,Whole house or bungalow: Total,539,325,212,113,214,32,182
S01010532,Whole house or bungalow: Detached,418,282,195,87,136,4,132
S01010532,Whole house or bungalow: Semi-detached,91,28,6,22,63,17,46
S01010532,Whole house or bungalow: Terraced (including end-terrace),30,15,11,4,15,11,4
S01010532,Flat maisonette or apartment or mobile/temporary accommodation,6,1,0,1,5,1,4
S01010533,All people in households,561,420,238,182,141,86,55
S01010533,Whole house or bungalow: Total,454,377,214,163,77,51,26
S01010533,Whole house or bungalow: Detached,297,273,156,117,24,13,11
S01010533,Whole house or bungalow: Semi-detached,99,66,42,24,33,26,7
S01010533,Whole house or bungalow: Terraced (including end-terrace),58,38,16,22,20,12,8
S01010533,Flat maisonette or apartment or mobile/temporary accommodation,107,43,24,19,64,35,29
S01010534,All people in households,882,578,284,294,304,216,88
S01010534,Whole house or bungalow: Total,800,565,274,291,235,158,77
S01010534,Whole house or bungalow: Detached,374,333,193,140,41,10,31
S01010534,Whole house or bungalow: Semi-detached,308,165,63,102,143,109,34
S01010534,Whole house or bungalow: Terraced (including end-terrace),118,67,18,49,51,39,12
S01010534,Flat maisonette or apartment or mobile/temporary accommodation,82,13,10,3,69,58,11
S01010535,All people in households,699,441,230,211,258,56,202
S01010535,Whole house or bungalow: Total,675,434,225,209,241,47,194
S01010535,Whole house or bungalow: Detached,534,379,209,170,155,6,149
S01010535,Whole house or bungalow: Semi-detached,125,53,15,38,72,35,37
S01010535,Whole house or bungalow: Terraced (including end-terrace),16,2,1,1,14,6,8
S01010535,Flat maisonette or apartment or mobile/temporary accommodation,24,7,5,2,17,9,8
S01010536,All people in households,840,484,189,295,356,236,120
S01010536,Whole house or bungalow: Total,741,474,188,286,267,165,102
S01010536,Whole house or bungalow: Detached,107,70,41,29,37,11,26
S01010536,Whole house or bungalow: Semi-detached,279,190,74,116,89,59,30
S01010536,Whole house or bungalow: Terraced (including end-terrace),355,214,73,141,141,95,46
S01010536,Flat maisonette or apartment or mobile/temporary accommodation,99,10,1,9,89,71,18
S01010537,All people in households,668,399,168,231,269,142,127
S01010537,Whole house or bungalow: Total,538,391,164,227,147,96,51
S01010537,Whole house or bungalow: Detached,191,167,74,93,24,6,18
S01010537,Whole house or bungalow: Semi-detached,194,138,66,72,56,39,17
S01010537,Whole house or bungalow: Terraced (including end-terrace),153,86,24,62,67,51,16
S01010537,Flat maisonette or apartment or mobile/temporary accommodation,130,8,4,4,122,46,76
S01010538,All people in households,849,384,111,273,465,307,158
S01010538,Whole house or bungalow: Total,682,340,109,231,342,233,109
S01010538,Whole house or bungalow: Detached,281,190,88,102,91,44,47
S01010538,Whole house or bungalow: Semi-detached,340,142,21,121,198,142,56
S01010538,Whole house or bungalow: Terraced (including end-terrace),61,8,0,8,53,47,6
S01010538,Flat maisonette or apartment or mobile/temporary accommodation,167,44,2,42,123,74,49
S01010539,All people in households,1005,626,274,352,379,119,260
S01010539,Whole house or bungalow: Total,912,596,267,329,316,98,218
S01010539,Whole house or bungalow: Detached,407,303,165,138,104,0,104
S01010539,Whole house or bungalow: Semi-detached,467,281,98,183,186,86,100
S01010539,Whole house or bungalow: Terraced (including end-terrace),38,12,4,8,26,12,14
S01010539,Flat maisonette or apartment or mobile/temporary accommodation,93,30,7,23,63,21,42
S01010540,All people in households,626,466,267,199,160,37,123
S01010540,Whole house or bungalow: Total,595,453,259,194,142,32,110
S01010540,Whole house or bungalow: Detached,352,287,197,90,65,1,64
S01010540,Whole house or bungalow: Semi-detached,194,132,52,80,62,18,44
S01010540,Whole house or bungalow: Terraced (including end-terrace),49,34,10,24,15,13,2
S01010540,Flat maisonette or apartment or mobile/temporary accommodation,31,13,8,5,18,5,13
S01010541,All people in households,819,587,287,300,232,74,158
S01010541,Whole house or bungalow: Total,795,579,283,296,216,61,155
S01010541,Whole house or bungalow: Detached,536,422,236,186,114,0,114
S01010541,Whole house or bungalow: Semi-detached,163,110,39,71,53,23,30
S01010541,Whole house or bungalow: Terraced (including end-terrace),96,47,8,39,49,38,11
S01010541,Flat maisonette or apartment or mobile/temporary accommodation,24,8,4,4,16,13,3
S01010542,All people in households,880,621,329,292,259,109,150
S01010542,Whole house or bungalow: Total,862,618,326,292,244,102,142
S01010542,Whole house or bungalow: Detached,547,463,287,176,84,3,81
S01010542,Whole house or bungalow: Semi-detached,246,123,31,92,123,74,49
S01010542,Whole house or bungalow: Terraced (including end-terrace),69,32,8,24,37,25,12
S01010542,Flat maisonette or apartment or mobile/temporary accommodation,18,3,3,0,15,7,8
S01010543,All people in households,600,437,192,245,163,27,136
S01010543,Whole house or bungalow: Total,589,435,190,245,154,22,132
S01010543,Whole house or bungalow: Detached,469,361,166,195,108,0,108
S01010543,Whole house or bungalow: Semi-detached,105,69,24,45,36,12,24
S01010543,Whole house or bungalow: Terraced (including end-terrace),15,5,0,5,10,10,0
S01010543,Flat maisonette or apartment or mobile/temporary accommodation,11,2,2,0,9,5,4
S01010544,All people in households,864,588,270,318,276,172,104
S01010544,Whole house or bungalow: Total,859,586,270,316,273,169,104
S01010544,Whole house or bungalow: Detached,318,289,152,137,29,13,16
S01010544,Whole house or bungalow: Semi-detached,385,234,96,138,151,79,72
S01010544,Whole house or bungalow: Terraced (including end-terrace),156,63,22,41,93,77,16
S01010544,Flat maisonette or apartment or mobile/temporary accommodation,5,2,0,2,3,3,0
S01010545,All people in households,727,523,227,296,204,94,110
S01010545,Whole house or bungalow: Total,617,473,204,269,144,60,84
S01010545,Whole house or bungalow: Detached,324,267,146,121,57,1,56
S01010545,Whole house or bungalow: Semi-detached,161,123,33,90,38,31,7
S01010545,Whole house or bungalow: Terraced (including end-terrace),132,83,25,58,49,28,21
S01010545,Flat maisonette or apartment or mobile/temporary accommodation,110,50,23,27,60,34,26
S01010546,All people in households,733,489,241,248,244,100,144
S01010546,Whole house or bungalow: Total,541,420,220,200,121,36,85
S01010546,Whole house or bungalow: Detached,348,292,173,119,56,7,49
S01010546,Whole house or bungalow: Semi-detached,109,79,23,56,30,11,19
S01010546,Whole house or bungalow: Terraced (including end-terrace),84,49,24,25,35,18,17
S01010546,Flat maisonette or apartment or mobile/temporary accommodation,192,69,21,48,123,64,59
S01010547,All people in households,754,523,302,221,231,58,173
S01010547,Whole house or bungalow: Total,737,516,295,221,221,53,168
S01010547,Whole house or bungalow: Detached,541,413,259,154,128,1,127
S01010547,Whole house or bungalow: Semi-detached,182,101,34,67,81,47,34
S01010547,Whole house or bungalow: Terraced (including end-terrace),14,2,2,0,12,5,7
S01010547,Flat maisonette or apartment or mobile/temporary accommodation,17,7,7,0,10,5,5
S01010548,All people in households,677,508,290,218,169,11,158
S01010548,Whole house or bungalow: Total,628,473,262,211,155,11,144
S01010548,Whole house or bungalow: Detached,524,413,233,180,111,0,111
S01010548,Whole house or bungalow: Semi-detached,93,51,26,25,42,11,31
S01010548,Whole house or bungalow: Terraced (including end-terrace),11,9,3,6,2,0,2
S01010548,Flat maisonette or apartment or mobile/temporary accommodation,49,35,28,7,14,0,14
S01010549,All people in households,941,754,236,518,187,46,141
S01010549,Whole house or bungalow: Total,910,741,230,511,169,44,125
S01010549,Whole house or bungalow: Detached,626,552,179,373,74,6,68
S01010549,Whole house or bungalow: Semi-detached,268,178,50,128,90,34,56
S01010549,Whole house or bungalow: Terraced (including end-terrace),16,11,1,10,5,4,1
S01010549,Flat maisonette or apartment or mobile/temporary accommodation,31,13,6,7,18,2,16
S01010550,All people in households,535,375,172,203,160,108,52
S01010550,Whole house or bungalow: Total,510,372,171,201,138,95,43
S01010550,Whole house or bungalow: Detached,198,187,95,92,11,5,6
S01010550,Whole house or bungalow: Semi-detached,238,138,60,78,100,75,25
S01010550,Whole house or bungalow: Terraced (including end-terrace),74,47,16,31,27,15,12
S01010550,Flat maisonette or apartment or mobile/temporary accommodation,25,3,1,2,22,13,9
S01010551,All people in households,685,501,192,309,184,76,108
S01010551,Whole house or bungalow: Total,679,496,190,306,183,76,107
S01010551,Whole house or bungalow: Detached,498,408,174,234,90,0,90
S01010551,Whole house or bungalow: Semi-detached,171,87,16,71,84,69,15
S01010551,Whole house or bungalow: Terraced (including end-terrace),10,1,0,1,9,7,2
S01010551,Flat maisonette or apartment or mobile/temporary accommodation,6,5,2,3,1,0,1
S01010552,All people in households,783,517,209,308,266,68,198
S01010552,Whole house or bungalow: Total,766,508,200,308,258,65,193
S01010552,Whole house or bungalow: Detached,534,410,182,228,124,6,118
S01010552,Whole house or bungalow: Semi-detached,227,98,18,80,129,55,74
S01010552,Whole house or bungalow: Terraced (including end-terrace),5,0,0,0,5,4,1
S01010552,Flat maisonette or apartment or mobile/temporary accommodation,17,9,9,0,8,3,5
S01010553,All people in households,621,381,201,180,240,14,226
S01010553,Whole house or bungalow: Total,618,380,200,180,238,12,226
S01010553,Whole house or bungalow: Detached,505,318,173,145,187,0,187
S01010553,Whole house or bungalow: Semi-detached,99,58,27,31,41,11,30
S01010553,Whole house or bungalow: Terraced (including end-terrace),14,4,0,4,10,1,9
S01010553,Flat maisonette or apartment or mobile/temporary accommodation,3,1,1,0,2,2,0
S01010554,All people in households,776,510,200,310,266,54,212
S01010554,Whole house or bungalow: Total,599,447,184,263,152,30,122
S01010554,Whole house or bungalow: Detached,199,161,72,89,38,1,37
S01010554,Whole house or bungalow: Semi-detached,237,166,62,104,71,20,51
S01010554,Whole house or bungalow: Terraced (including end-terrace),163,120,50,70,43,9,34
S01010554,Flat maisonette or apartment or mobile/temporary accommodation,177,63,16,47,114,24,90
S01010555,All people in households,924,577,214,363,347,93,254
S01010555,Whole house or bungalow: Total,617,446,186,260,171,34,137
S01010555,Whole house or bungalow: Detached,260,218,117,101,42,6,36
S01010555,Whole house or bungalow: Semi-detached,207,155,44,111,52,14,38
S01010555,Whole house or bungalow: Terraced (including end-terrace),150,73,25,48,77,14,63
S01010555,Flat maisonette or apartment or mobile/temporary accommodation,307,131,28,103,176,59,117
S01010556,All people in households,926,431,124,307,495,443,52
S01010556,Whole house or bungalow: Total,824,405,112,293,419,374,45
S01010556,Whole house or bungalow: Detached,157,127,45,82,30,16,14
S01010556,Whole house or bungalow: Semi-detached,335,153,32,121,182,169,13
S01010556,Whole house or bungalow: Terraced (including end-terrace),332,125,35,90,207,189,18
S01010556,Flat maisonette or apartment or mobile/temporary accommodation,102,26,12,14,76,69,7
S01010557,All people in households,641,424,187,237,217,179,38
S01010557,Whole house or bungalow: Total,624,424,187,237,200,163,37
S01010557,Whole house or bungalow: Detached,277,253,132,121,24,8,16
S01010557,Whole house or bungalow: Semi-detached,203,117,44,73,86,72,14
S01010557,Whole house or bungalow: Terraced (including end-terrace),144,54,11,43,90,83,7
S01010557,Flat maisonette or apartment or mobile/temporary accommodation,17,0,0,0,17,16,1
S01010558,All people in households,800,575,306,269,225,165,60
S01010558,Whole house or bungalow: Total,653,547,299,248,106,54,52
S01010558,Whole house or bungalow: Detached,331,306,179,127,25,3,22
S01010558,Whole house or bungalow: Semi-detached,250,197,94,103,53,32,21
S01010558,Whole house or bungalow: Terraced (including end-terrace),72,44,26,18,28,19,9
S01010558,Flat maisonette or apartment or mobile/temporary accommodation,147,28,7,21,119,111,8
S01010559,All people in households,728,617,355,262,111,57,54
S01010559,Whole house or bungalow: Total,629,564,312,252,65,35,30
S01010559,Whole house or bungalow: Detached,385,367,227,140,18,2,16
S01010559,Whole house or bungalow: Semi-detached,190,174,79,95,16,8,8
S01010559,Whole house or bungalow: Terraced (including end-terrace),54,23,6,17,31,25,6
S01010559,Flat maisonette or apartment or mobile/temporary accommodation,99,53,43,10,46,22,24
S01010560,All people in households,663,582,298,284,81,22,59
S01010560,Whole house or bungalow: Total,620,564,290,274,56,18,38
S01010560,Whole house or bungalow: Detached,378,356,190,166,22,0,22
S01010560,Whole house or bungalow: Semi-detached,208,185,85,100,23,7,16
S01010560,Whole house or bungalow: Terraced (including end-terrace),34,23,15,8,11,11,0
S01010560,Flat maisonette or apartment or mobile/temporary accommodation,43,18,8,10,25,4,21
S01010561,All people in households,697,593,332,261,104,24,80
S01010561,Whole house or bungalow: Total,648,560,308,252,88,24,64
S01010561,Whole house or bungalow: Detached,504,444,262,182,60,3,57
S01010561,Whole house or bungalow: Semi-detached,117,95,43,52,22,21,1
S01010561,Whole house or bungalow: Terraced (including end-terrace),27,21,3,18,6,0,6
S01010561,Flat maisonette or apartment or mobile/temporary accommodation,49,33,24,9,16,0,16
S01010562,All people in households,731,637,285,352,94,40,54
S01010562,Whole house or bungalow: Total,716,628,280,348,88,40,48
S01010562,Whole house or bungalow: Detached,336,312,134,178,24,8,16
S01010562,Whole house or bungalow: Semi-detached,380,316,146,170,64,32,32
S01010562,Whole house or bungalow: Terraced (including end-terrace),0,0,0,0,0,0,0
S01010562,Flat maisonette or apartment or mobile/temporary accommodation,15,9,5,4,6,0,6
S01010563,All people in households,519,334,108,226,185,136,49
S01010563,Whole house or bungalow: Total,510,333,107,226,177,134,43
S01010563,Whole house or bungalow: Detached,86,60,18,42,26,5,21
S01010563,Whole house or bungalow: Semi-detached,287,198,68,130,89,75,14
S01010563,Whole house or bungalow: Terraced (including end-terrace),137,75,21,54,62,54,8
S01010563,Flat maisonette or apartment or mobile/temporary accommodation,9,1,1,0,8,2,6
S01010564,All people in households,500,212,84,128,288,258,30
S01010564,Whole house or bungalow: Total,427,206,84,122,221,191,30
S01010564,Whole house or bungalow: Detached,70,44,16,28,26,17,9
S01010564,Whole house or bungalow: Semi-detached,312,151,65,86,161,146,15
S01010564,Whole house or bungalow: Terraced (including end-terrace),45,11,3,8,34,28,6
S01010564,Flat maisonette or apartment or mobile/temporary accommodation,73,6,0,6,67,67,0
S01010565,All people in households,654,472,186,286,182,141,41
S01010565,Whole house or bungalow: Total,635,472,186,286,163,140,23
S01010565,Whole house or bungalow: Detached,235,217,89,128,18,0,18
S01010565,Whole house or bungalow: Semi-detached,342,219,84,135,123,119,4
S01010565,Whole house or bungalow: Terraced (including end-terrace),58,36,13,23,22,21,1
S01010565,Flat maisonette or apartment or mobile/temporary accommodation,19,0,0,0,19,1,18
S01010566,All people in households,1088,747,311,436,341,78,263
S01010566,Whole house or bungalow: Total,1069,738,302,436,331,72,259
S01010566,Whole house or bungalow: Detached,833,628,278,350,205,3,202
S01010566,Whole house or bungalow: Semi-detached,191,81,23,58,110,57,53
S01010566,Whole house or bungalow: Terraced (including end-terrace),45,29,1,28,16,12,4
S01010566,Flat maisonette or apartment or mobile/temporary accommodation,19,9,9,0,10,6,4
S01010567,All people in households,983,895,346,549,88,5,83
S01010567,Whole house or bungalow: Total,965,887,338,549,78,5,73
S01010567,Whole house or bungalow: Detached,844,796,316,480,48,3,45
S01010567,Whole house or bungalow: Semi-detached,102,78,21,57,24,2,22
S01010567,Whole house or bungalow: Terraced (including end-terrace),19,13,1,12,6,0,6
S01010567,Flat maisonette or apartment or mobile/temporary accommodation,18,8,8,0,10,0,10
S01010568,All people in households,977,722,241,481,255,156,99
S01010568,Whole house or bungalow: Total,967,715,238,477,252,154,98
S01010568,Whole house or bungalow: Detached,589,519,196,323,70,5,65
S01010568,Whole house or bungalow: Semi-detached,241,126,25,101,115,91,24
S01010568,Whole house or bungalow: Terraced (including end-terrace),137,70,17,53,67,58,9
S01010568,Flat maisonette or apartment or mobile/temporary accommodation,10,7,3,4,3,2,1
S01010569,All people in households,712,513,243,270,199,18,181
S01010569,Whole house or bungalow: Total,682,513,243,270,169,16,153
S01010569,Whole house or bungalow: Detached,556,455,226,229,101,0,101
S01010569,Whole house or bungalow: Semi-detached,106,47,11,36,59,9,50
S01010569,Whole house or bungalow: Terraced (including end-terrace),20,11,6,5,9,7,2
S01010569,Flat maisonette or apartment or mobile/temporary accommodation,30,0,0,0,30,2,28
S01010570,All people in households,1089,585,226,359,504,419,85
S01010570,Whole house or bungalow: Total,1044,571,226,345,473,401,72
S01010570,Whole house or bungalow: Detached,332,251,107,144,81,45,36
S01010570,Whole house or bungalow: Semi-detached,296,143,58,85,153,130,23
S01010570,Whole house or bungalow: Terraced (including end-terrace),416,177,61,116,239,226,13
S01010570,Flat maisonette or apartment or mobile/temporary accommodation,45,14,0,14,31,18,13
S01010571,All people in households,776,633,192,441,143,22,121
S01010571,Whole house or bungalow: Total,567,515,171,344,52,15,37
S01010571,Whole house or bungalow: Detached,136,128,54,74,8,3,5
S01010571,Whole house or bungalow: Semi-detached,385,344,102,242,41,12,29
S01010571,Whole house or bungalow: Terraced (including end-terrace),46,43,15,28,3,0,3
S01010571,Flat maisonette or apartment or mobile/temporary accommodation,209,118,21,97,91,7,84
S01010572,All people in households,765,444,89,355,321,158,163
S01010572,Whole house or bungalow: Total,622,411,81,330,211,139,72
S01010572,Whole house or bungalow: Detached,48,24,13,11,24,22,2
S01010572,Whole house or bungalow: Semi-detached,183,113,28,85,70,41,29
S01010572,Whole house or bungalow: Terraced (including end-terrace),391,274,40,234,117,76,41
S01010572,Flat maisonette or apartment or mobile/temporary accommodation,143,33,8,25,110,19,91
S01010573,All people in households,534,385,101,284,149,122,27
S01010573,Whole house or bungalow: Total,514,375,100,275,139,119,20
S01010573,Whole house or bungalow: Detached,32,30,17,13,2,2,0
S01010573,Whole house or bungalow: Semi-detached,86,40,6,34,46,39,7
S01010573,Whole house or bungalow: Terraced (including end-terrace),396,305,77,228,91,78,13
S01010573,Flat maisonette or apartment or mobile/temporary accommodation,20,10,1,9,10,3,7
S01010574,All people in households,609,559,166,393,50,11,39
S01010574,Whole house or bungalow: Total,600,554,166,388,46,7,39
S01010574,Whole house or bungalow: Detached,515,482,159,323,33,2,31
S01010574,Whole house or bungalow: Semi-detached,78,65,4,61,13,5,8
S01010574,Whole house or bungalow: Terraced (including end-terrace),7,7,3,4,0,0,0
S01010574,Flat maisonette or apartment or mobile/temporary accommodation,9,5,0,5,4,4,0
S01010575,All people in households,686,612,305,307,74,26,48
S01010575,Whole house or bungalow: Total,679,605,304,301,74,26,48
S01010575,Whole house or bungalow: Detached,559,532,285,247,27,0,27
S01010575,Whole house or bungalow: Semi-detached,90,64,16,48,26,5,21
S01010575,Whole house or bungalow: Terraced (including end-terrace),30,9,3,6,21,21,0
S01010575,Flat maisonette or apartment or mobile/temporary accommodation,7,7,1,6,0,0,0
S01010576,All people in households,822,754,345,409,68,29,39
S01010576,Whole house or bungalow: Total,820,754,345,409,66,29,37
S01010576,Whole house or bungalow: Detached,660,634,314,320,26,4,22
S01010576,Whole house or bungalow: Semi-detached,133,108,27,81,25,10,15
S01010576,Whole house or bungalow: Terraced (including end-terrace),27,12,4,8,15,15,0
S01010576,Flat maisonette or apartment or mobile/temporary accommodation,2,0,0,0,2,0,2
S01010577,All people in households,901,476,144,332,425,383,42
S01010577,Whole house or bungalow: Total,866,470,140,330,396,357,39
S01010577,Whole house or bungalow: Detached,76,50,14,36,26,19,7
S01010577,Whole house or bungalow: Semi-detached,281,160,50,110,121,111,10
S01010577,Whole house or bungalow: Terraced (including end-terrace),509,260,76,184,249,227,22
S01010577,Flat maisonette or apartment or mobile/temporary accommodation,35,6,4,2,29,26,3
S01010578,All people in households,576,426,75,351,150,114,36
S01010578,Whole house or bungalow: Total,572,424,75,349,148,114,34
S01010578,Whole house or bungalow: Detached,100,77,27,50,23,19,4
S01010578,Whole house or bungalow: Semi-detached,448,328,42,286,120,90,30
S01010578,Whole house or bungalow: Terraced (including end-terrace),24,19,6,13,5,5,0
S01010578,Flat maisonette or apartment or mobile/temporary accommodation,4,2,0,2,2,0,2
S01010579,All people in households,736,669,252,417,67,13,54
S01010579,Whole house or bungalow: Total,724,667,251,416,57,10,47
S01010579,Whole house or bungalow: Detached,360,344,161,183,16,1,15
S01010579,Whole house or bungalow: Semi-detached,334,305,85,220,29,6,23
S01010579,Whole house or bungalow: Terraced (including end-terrace),30,18,5,13,12,3,9
S01010579,Flat maisonette or apartment or mobile/temporary accommodation,12,2,1,1,10,3,7
S01010580,All people in households,513,259,76,183,254,51,203
S01010580,Whole house or bungalow: Total,256,187,62,125,69,34,35
S01010580,Whole house or bungalow: Detached,87,60,31,29,27,1,26
S01010580,Whole house or bungalow: Semi-detached,85,58,14,44,27,18,9
S01010580,Whole house or bungalow: Terraced (including end-terrace),84,69,17,52,15,15,0
S01010580,Flat maisonette or apartment or mobile/temporary accommodation,257,72,14,58,185,17,168
S01010581,All people in households,522,401,82,319,121,25,96
S01010581,Whole house or bungalow: Total,421,339,73,266,82,21,61
S01010581,Whole house or bungalow: Detached,161,139,37,102,22,3,19
S01010581,Whole house or bungalow: Semi-detached,133,105,16,89,28,8,20
S01010581,Whole house or bungalow: Terraced (including end-terrace),127,95,20,75,32,10,22
S01010581,Flat maisonette or apartment or mobile/temporary accommodation,101,62,9,53,39,4,35
S01010582,All people in households,451,376,145,231,75,8,67
S01010582,Whole house or bungalow: Total,404,352,142,210,52,8,44
S01010582,Whole house or bungalow: Detached,294,267,122,145,27,0,27
S01010582,Whole house or bungalow: Semi-detached,90,75,13,62,15,6,9
S01010582,Whole house or bungalow: Terraced (including end-terrace),20,10,7,3,10,2,8
S01010582,Flat maisonette or apartment or mobile/temporary accommodation,47,24,3,21,23,0,23
S01010583,All people in households,986,844,266,578,142,9,133
S01010583,Whole house or bungalow: Total,882,794,258,536,88,7,81
S01010583,Whole house or bungalow: Detached,541,505,172,333,36,2,34
S01010583,Whole house or bungalow: Semi-detached,328,281,86,195,47,5,42
S01010583,Whole house or bungalow: Terraced (including end-terrace),13,8,0,8,5,0,5
S01010583,Flat maisonette or apartment or mobile/temporary accommodation,104,50,8,42,54,2,52
S01010584,All people in households,819,610,152,458,209,138,71
S01010584,Whole house or bungalow: Total,759,585,152,433,174,105,69
S01010584,Whole house or bungalow: Detached,500,444,138,306,56,4,52
S01010584,Whole house or bungalow: Semi-detached,190,103,14,89,87,78,9
S01010584,Whole house or bungalow: Terraced (including end-terrace),69,38,0,38,31,23,8
S01010584,Flat maisonette or apartment or mobile/temporary accommodation,60,25,0,25,35,33,2
S01010585,All people in households,844,666,60,606,178,44,134
S01010585,Whole house or bungalow: Total,770,628,57,571,142,26,116
S01010585,Whole house or bungalow: Detached,553,490,38,452,63,2,61
S01010585,Whole house or bungalow: Semi-detached,161,91,19,72,70,24,46
S01010585,Whole house or bungalow: Terraced (including end-terrace),56,47,0,47,9,0,9
S01010585,Flat maisonette or apartment or mobile/temporary accommodation,74,38,3,35,36,18,18
S01010586,All people in households,783,720,230,490,63,11,52
S01010586,Whole house or bungalow: Total,752,715,230,485,37,4,33
S01010586,Whole house or bungalow: Detached,655,633,208,425,22,0,22
S01010586,Whole house or bungalow: Semi-detached,90,75,15,60,15,4,11
S01010586,Whole house or bungalow: Terraced (including end-terrace),7,7,7,0,0,0,0
S01010586,Flat maisonette or apartment or mobile/temporary accommodation,31,5,0,5,26,7,19
S01010587,All people in households,687,610,262,348,77,19,58
S01010587,Whole house or bungalow: Total,641,587,257,330,54,13,41
S01010587,Whole house or bungalow: Detached,440,407,207,200,33,5,28
S01010587,Whole house or bungalow: Semi-detached,192,177,49,128,15,5,10
S01010587,Whole house or bungalow: Terraced (including end-terrace),9,3,1,2,6,3,3
S01010587,Flat maisonette or apartment or mobile/temporary accommodation,46,23,5,18,23,6,17
S01010588,All people in households,649,546,209,337,103,44,59
S01010588,Whole house or bungalow: Total,595,523,206,317,72,35,37
S01010588,Whole house or bungalow: Detached,349,339,150,189,10,0,10
S01010588,Whole house or bungalow: Semi-detached,231,175,55,120,56,33,23
S01010588,Whole house or bungalow: Terraced (including end-terrace),15,9,1,8,6,2,4
S01010588,Flat maisonette or apartment or mobile/temporary accommodation,54,23,3,20,31,9,22
S01010589,All people in households,620,375,79,296,245,152,93
S01010589,Whole house or bungalow: Total,479,325,75,250,154,111,43
S01010589,Whole house or bungalow: Detached,79,55,28,27,24,5,19
S01010589,Whole house or bungalow: Semi-detached,176,105,28,77,71,64,7
S01010589,Whole house or bungalow: Terraced (including end-terrace),224,165,19,146,59,42,17
S01010589,Flat maisonette or apartment or mobile/temporary accommodation,141,50,4,46,91,41,50
S01010590,All people in households,889,806,220,586,83,10,73
S01010590,Whole house or bungalow: Total,876,799,219,580,77,5,72
S01010590,Whole house or bungalow: Detached,853,782,213,569,71,2,69
S01010590,Whole house or bungalow: Semi-detached,20,14,3,11,6,3,3
S01010590,Whole house or bungalow: Terraced (including end-terrace),3,3,3,0,0,0,0
S01010590,Flat maisonette or apartment or mobile/temporary accommodation,13,7,1,6,6,5,1
S01010591,All people in households,767,556,57,499,211,115,96
S01010591,Whole house or bungalow: Total,627,463,57,406,164,101,63
S01010591,Whole house or bungalow: Detached,259,231,41,190,28,4,24
S01010591,Whole house or bungalow: Semi-detached,302,202,16,186,100,64,36
S01010591,Whole house or bungalow: Terraced (including end-terrace),66,30,0,30,36,33,3
S01010591,Flat maisonette or apartment or mobile/temporary accommodation,140,93,0,93,47,14,33
S01010592,All people in households,509,351,119,232,158,15,143
S01010592,Whole house or bungalow: Total,325,283,107,176,42,9,33
S01010592,Whole house or bungalow: Detached,113,106,49,57,7,3,4
S01010592,Whole house or bungalow: Semi-detached,201,173,58,115,28,1,27
S01010592,Whole house or bungalow: Terraced (including end-terrace),11,4,0,4,7,5,2
S01010592,Flat maisonette or apartment or mobile/temporary accommodation,184,68,12,56,116,6,110
S01010593,All people in households,651,569,191,378,82,11,71
S01010593,Whole house or bungalow: Total,639,564,191,373,75,10,65
S01010593,Whole house or bungalow: Detached,493,451,160,291,42,6,36
S01010593,Whole house or bungalow: Semi-detached,141,110,31,79,31,4,27
S01010593,Whole house or bungalow: Terraced (including end-terrace),5,3,0,3,2,0,2
S01010593,Flat maisonette or apartment or mobile/temporary accommodation,12,5,0,5,7,1,6
S01010594,All people in households,668,444,107,337,224,55,169
S01010594,Whole house or bungalow: Total,511,406,93,313,105,44,61
S01010594,Whole house or bungalow: Detached,224,216,61,155,8,0,8
S01010594,Whole house or bungalow: Semi-detached,185,122,22,100,63,34,29
S01010594,Whole house or bungalow: Terraced (including end-terrace),102,68,10,58,34,10,24
S01010594,Flat maisonette or apartment or mobile/temporary accommodation,157,38,14,24,119,11,108
S01010595,All people in households,837,541,61,480,296,99,197
S01010595,Whole house or bungalow: Total,713,509,58,451,204,76,128
S01010595,Whole house or bungalow: Detached,328,279,40,239,49,5,44
S01010595,Whole house or bungalow: Semi-detached,349,221,17,204,128,46,82
S01010595,Whole house or bungalow: Terraced (including end-terrace),36,9,1,8,27,25,2
S01010595,Flat maisonette or apartment or mobile/temporary accommodation,124,32,3,29,92,23,69
S01010596,All people in households,834,620,195,425,214,13,201
S01010596,Whole house or bungalow: Total,799,608,195,413,191,6,185
S01010596,Whole house or bungalow: Detached,605,477,178,299,128,3,125
S01010596,Whole house or bungalow: Semi-detached,181,127,13,114,54,3,51
S01010596,Whole house or bungalow: Terraced (including end-terrace),13,4,4,0,9,0,9
S01010596,Flat maisonette or apartment or mobile/temporary accommodation,35,12,0,12,23,7,16
S01010597,All people in households,644,477,57,420,167,80,87
S01010597,Whole house or bungalow: Total,555,432,56,376,123,61,62
S01010597,Whole house or bungalow: Detached,281,254,27,227,27,4,23
S01010597,Whole house or bungalow: Semi-detached,257,167,27,140,90,51,39
S01010597,Whole house or bungalow: Terraced (including end-terrace),17,11,2,9,6,6,0
S01010597,Flat maisonette or apartment or mobile/temporary accommodation,89,45,1,44,44,19,25
S01010598,All people in households,1041,732,97,635,309,100,209
S01010598,Whole house or bungalow: Total,853,677,93,584,176,70,106
S01010598,Whole house or bungalow: Detached,509,457,58,399,52,9,43
S01010598,Whole house or bungalow: Semi-detached,324,216,34,182,108,47,61
S01010598,Whole house or bungalow: Terraced (including end-terrace),20,4,1,3,16,14,2
S01010598,Flat maisonette or apartment or mobile/temporary accommodation,188,55,4,51,133,30,103
S01010599,All people in households,607,500,165,335,107,6,101
S01010599,Whole house or bungalow: Total,533,482,164,318,51,6,45
S01010599,Whole house or bungalow: Detached,365,342,116,226,23,0,23
S01010599,Whole house or bungalow: Semi-detached,146,129,44,85,17,0,17
S01010599,Whole house or bungalow: Terraced (including end-terrace),22,11,4,7,11,6,5
S01010599,Flat maisonette or apartment or mobile/temporary accommodation,74,18,1,17,56,0,56
S01010600,All people in households,911,788,336,452,123,44,79
S01010600,Whole house or bungalow: Total,784,726,314,412,58,20,38
S01010600,Whole house or bungalow: Detached,501,474,213,261,27,9,18
S01010600,Whole house or bungalow: Semi-detached,151,128,53,75,23,9,14
S01010600,Whole house or bungalow: Terraced (including end-terrace),132,124,48,76,8,2,6
S01010600,Flat maisonette or apartment or mobile/temporary accommodation,127,62,22,40,65,24,41
S01010601,All people in households,676,567,335,232,109,42,67
S01010601,Whole house or bungalow: Total,624,559,335,224,65,15,50
S01010601,Whole house or bungalow: Detached,287,262,179,83,25,1,24
S01010601,Whole house or bungalow: Semi-detached,327,297,156,141,30,4,26
S01010601,Whole house or bungalow: Terraced (including end-terrace),10,0,0,0,10,10,0
S01010601,Flat maisonette or apartment or mobile/temporary accommodation,52,8,0,8,44,27,17
S01010602,All people in households,522,432,153,279,90,5,85
S01010602,Whole house or bungalow: Total,441,386,147,239,55,4,51
S01010602,Whole house or bungalow: Detached,117,99,48,51,18,0,18
S01010602,Whole house or bungalow: Semi-detached,309,276,98,178,33,4,29
S01010602,Whole house or bungalow: Terraced (including end-terrace),15,11,1,10,4,0,4
S01010602,Flat maisonette or apartment or mobile/temporary accommodation,81,46,6,40,35,1,34
S01010603,All people in households,809,692,354,338,117,27,90
S01010603,Whole house or bungalow: Total,718,655,344,311,63,12,51
S01010603,Whole house or bungalow: Detached,435,402,226,176,33,0,33
S01010603,Whole house or bungalow: Semi-detached,266,241,114,127,25,10,15
S01010603,Whole house or bungalow: Terraced (including end-terrace),17,12,4,8,5,2,3
S01010603,Flat maisonette or apartment or mobile/temporary accommodation,91,37,10,27,54,15,39
S01010604,All people in households,494,463,177,286,31,6,25
S01010604,Whole house or bungalow: Total,483,458,175,283,25,6,19
S01010604,Whole house or bungalow: Detached,277,267,123,144,10,0,10
S01010604,Whole house or bungalow: Semi-detached,196,185,52,133,11,6,5
S01010604,Whole house or bungalow: Terraced (including end-terrace),10,6,0,6,4,0,4
S01010604,Flat maisonette or apartment or mobile/temporary accommodation,11,5,2,3,6,0,6
S01010605,All people in households,891,790,383,407,101,25,76
S01010605,Whole house or bungalow: Total,869,789,382,407,80,25,55
S01010605,Whole house or bungalow: Detached,568,538,282,256,30,5,25
S01010605,Whole house or bungalow: Semi-detached,269,235,97,138,34,5,29
S01010605,Whole house or bungalow: Terraced (including end-terrace),32,16,3,13,16,15,1
S01010605,Flat maisonette or apartment or mobile/temporary accommodation,22,1,1,0,21,0,21
S01010606,All people in households,816,491,195,296,325,208,117
S01010606,Whole house or bungalow: Total,723,450,186,264,273,177,96
S01010606,Whole house or bungalow: Detached,84,68,29,39,16,8,8
S01010606,Whole house or bungalow: Semi-detached,317,188,75,113,129,82,47
S01010606,Whole house or bungalow: Terraced (including end-terrace),322,194,82,112,128,87,41
S01010606,Flat maisonette or apartment or mobile/temporary accommodation,93,41,9,32,52,31,21
S01010607,All people in households,846,746,293,453,100,15,85
S01010607,Whole house or bungalow: Total,796,730,286,444,66,13,53
S01010607,Whole house or bungalow: Detached,411,384,189,195,27,0,27
S01010607,Whole house or bungalow: Semi-detached,352,320,91,229,32,13,19
S01010607,Whole house or bungalow: Terraced (including end-terrace),33,26,6,20,7,0,7
S01010607,Flat maisonette or apartment or mobile/temporary accommodation,50,16,7,9,34,2,32
S01010608,All people in households,673,259,103,156,414,340,74
S01010608,Whole house or bungalow: Total,335,205,93,112,130,84,46
S01010608,Whole house or bungalow: Detached,68,61,37,24,7,5,2
S01010608,Whole house or bungalow: Semi-detached,96,43,21,22,53,38,15
S01010608,Whole house or bungalow: Terraced (including end-terrace),171,101,35,66,70,41,29
S01010608,Flat maisonette or apartment or mobile/temporary accommodation,338,54,10,44,284,256,28
S01010609,All people in households,570,328,103,225,242,196,46
S01010609,Whole house or bungalow: Total,450,308,98,210,142,106,36
S01010609,Whole house or bungalow: Detached,17,16,6,10,1,1,0
S01010609,Whole house or bungalow: Semi-detached,74,37,19,18,37,32,5
S01010609,Whole house or bungalow: Terraced (including end-terrace),359,255,73,182,104,73,31
S01010609,Flat maisonette or apartment or mobile/temporary accommodation,120,20,5,15,100,90,10
S01010610,All people in households,639,537,311,226,102,24,78
S01010610,Whole house or bungalow: Total,503,455,250,205,48,16,32
S01010610,Whole house or bungalow: Detached,345,336,197,139,9,1,8
S01010610,Whole house or bungalow: Semi-detached,128,101,51,50,27,10,17
S01010610,Whole house or bungalow: Terraced (including end-terrace),30,18,2,16,12,5,7
S01010610,Flat maisonette or apartment or mobile/temporary accommodation,136,82,61,21,54,8,46
S01010611,All people in households,925,599,161,438,326,201,125
S01010611,Whole house or bungalow: Total,770,519,141,378,251,188,63
S01010611,Whole house or bungalow: Detached,55,44,16,28,11,2,9
S01010611,Whole house or bungalow: Semi-detached,86,54,11,43,32,26,6
S01010611,Whole house or bungalow: Terraced (including end-terrace),629,421,114,307,208,160,48
S01010611,Flat maisonette or apartment or mobile/temporary accommodation,155,80,20,60,75,13,62
S01010612,All people in households,781,603,198,405,178,104,74
S01010612,Whole house or bungalow: Total,772,601,196,405,171,104,67
S01010612,Whole house or bungalow: Detached,84,69,35,34,15,11,4
S01010612,Whole house or bungalow: Semi-detached,118,59,18,41,59,32,27
S01010612,Whole house or bungalow: Terraced (including end-terrace),570,473,143,330,97,61,36
S01010612,Flat maisonette or apartment or mobile/temporary accommodation,9,2,2,0,7,0,7
S01010613,All people in households,698,403,213,190,295,215,80
S01010613,Whole house or bungalow: Total,608,373,203,170,235,206,29
S01010613,Whole house or bungalow: Detached,211,198,113,85,13,11,2
S01010613,Whole house or bungalow: Semi-detached,225,110,60,50,115,103,12
S01010613,Whole house or bungalow: Terraced (including end-terrace),172,65,30,35,107,92,15
S01010613,Flat maisonette or apartment or mobile/temporary accommodation,90,30,10,20,60,9,51
S01010614,All people in households,542,274,70,204,268,202,66
S01010614,Whole house or bungalow: Total,501,266,70,196,235,178,57
S01010614,Whole house or bungalow: Detached,41,20,5,15,21,15,6
S01010614,Whole house or bungalow: Semi-detached,110,29,10,19,81,67,14
S01010614,Whole house or bungalow: Terraced (including end-terrace),350,217,55,162,133,96,37
S01010614,Flat maisonette or apartment or mobile/temporary accommodation,41,8,0,8,33,24,9
S01010615,All people in households,824,554,134,420,270,60,210
S01010615,Whole house or bungalow: Total,628,503,121,382,125,26,99
S01010615,Whole house or bungalow: Detached,226,199,55,144,27,4,23
S01010615,Whole house or bungalow: Semi-detached,332,257,57,200,75,12,63
S01010615,Whole house or bungalow: Terraced (including end-terrace),70,47,9,38,23,10,13
S01010615,Flat maisonette or apartment or mobile/temporary accommodation,196,51,13,38,145,34,111
S01010616,All people in households,856,747,340,407,109,17,92
S01010616,Whole house or bungalow: Total,836,739,339,400,97,14,83
S01010616,Whole house or bungalow: Detached,282,264,143,121,18,0,18
S01010616,Whole house or bungalow: Semi-detached,523,463,188,275,60,5,55
S01010616,Whole house or bungalow: Terraced (including end-terrace),31,12,8,4,19,9,10
S01010616,Flat maisonette or apartment or mobile/temporary accommodation,20,8,1,7,12,3,9
S01010617,All people in households,904,811,322,489,93,17,76
S01010617,Whole house or bungalow: Total,901,809,322,487,92,17,75
S01010617,Whole house or bungalow: Detached,282,251,105,146,31,10,21
S01010617,Whole house or bungalow: Semi-detached,593,539,207,332,54,0,54
S01010617,Whole house or bungalow: Terraced (including end-terrace),26,19,10,9,7,7,0
S01010617,Flat maisonette or apartment or mobile/temporary accommodation,3,2,0,2,1,0,1
S01010618,All people in households,756,684,256,428,72,13,59
S01010618,Whole house or bungalow: Total,748,679,251,428,69,10,59
S01010618,Whole house or bungalow: Detached,184,171,76,95,13,3,10
S01010618,Whole house or bungalow: Semi-detached,537,488,162,326,49,3,46
S01010618,Whole house or bungalow: Terraced (including end-terrace),27,20,13,7,7,4,3
S01010618,Flat maisonette or apartment or mobile/temporary accommodation,8,5,5,0,3,3,0
S01010619,All people in households,619,255,80,175,364,155,209
S01010619,Whole house or bungalow: Total,196,115,42,73,81,45,36
S01010619,Whole house or bungalow: Detached,33,21,10,11,12,1,11
S01010619,Whole house or bungalow: Semi-detached,116,70,25,45,46,32,14
S01010619,Whole house or bungalow: Terraced (including end-terrace),47,24,7,17,23,12,11
S01010619,Flat maisonette or apartment or mobile/temporary accommodation,423,140,38,102,283,110,173
S01010620,All people in households,614,137,48,89,477,178,299
S01010620,Whole house or bungalow: Total,119,62,27,35,57,10,47
S01010620,Whole house or bungalow: Detached,28,22,3,19,6,1,5
S01010620,Whole house or bungalow: Semi-detached,46,24,11,13,22,5,17
S01010620,Whole house or bungalow: Terraced (including end-terrace),45,16,13,3,29,4,25
S01010620,Flat maisonette or apartment or mobile/temporary accommodation,495,75,21,54,420,168,252
S01010621,All people in households,904,577,231,346,327,76,251
S01010621,Whole house or bungalow: Total,586,493,221,272,93,21,72
S01010621,Whole house or bungalow: Detached,281,237,124,113,44,6,38
S01010621,Whole house or bungalow: Semi-detached,196,167,65,102,29,7,22
S01010621,Whole house or bungalow: Terraced (including end-terrace),109,89,32,57,20,8,12
S01010621,Flat maisonette or apartment or mobile/temporary accommodation,318,84,10,74,234,55,179
S01010622,All people in households,648,294,109,185,354,250,104
S01010622,Whole house or bungalow: Total,357,223,89,134,134,86,48
S01010622,Whole house or bungalow: Detached,25,15,10,5,10,5,5
S01010622,Whole house or bungalow: Semi-detached,133,81,26,55,52,32,20
S01010622,Whole house or bungalow: Terraced (including end-terrace),199,127,53,74,72,49,23
S01010622,Flat maisonette or apartment or mobile/temporary accommodation,291,71,20,51,220,164,56
S01010623,All people in households,867,196,74,122,671,168,503
S01010623,Whole house or bungalow: Total,832,190,74,116,642,164,478
S01010623,Whole house or bungalow: Detached,118,82,38,44,36,8,28
S01010623,Whole house or bungalow: Semi-detached,278,77,21,56,201,58,143
S01010623,Whole house or bungalow: Terraced (including end-terrace),436,31,15,16,405,98,307
S01010623,Flat maisonette or apartment or mobile/temporary accommodation,35,6,0,6,29,4,25
S01010624,All people in households,546,336,112,224,210,113,97
S01010624,Whole house or bungalow: Total,493,334,112,222,159,89,70
S01010624,Whole house or bungalow: Detached,46,40,15,25,6,1,5
S01010624,Whole house or bungalow: Semi-detached,163,119,32,87,44,35,9
S01010624,Whole house or bungalow: Terraced (including end-terrace),284,175,65,110,109,53,56
S01010624,Flat maisonette or apartment or mobile/temporary accommodation,53,2,0,2,51,24,27
S01010625,All people in households,761,674,391,283,87,12,75
S01010625,Whole house or bungalow: Total,719,663,387,276,56,8,48
S01010625,Whole house or bungalow: Detached,530,509,331,178,21,0,21
S01010625,Whole house or bungalow: Semi-detached,169,140,49,91,29,8,21
S01010625,Whole house or bungalow: Terraced (including end-terrace),20,14,7,7,6,0,6
S01010625,Flat maisonette or apartment or mobile/temporary accommodation,42,11,4,7,31,4,27
S01010626,All people in households,818,716,412,304,102,44,58
S01010626,Whole house or bungalow: Total,746,672,390,282,74,44,30
S01010626,Whole house or bungalow: Detached,450,433,296,137,17,4,13
S01010626,Whole house or bungalow: Semi-detached,264,225,84,141,39,28,11
S01010626,Whole house or bungalow: Terraced (including end-terrace),32,14,10,4,18,12,6
S01010626,Flat maisonette or apartment or mobile/temporary accommodation,72,44,22,22,28,0,28
S01010627,All people in households,778,492,235,257,286,63,223
S01010627,Whole house or bungalow: Total,517,403,196,207,114,25,89
S01010627,Whole house or bungalow: Detached,175,161,99,62,14,1,13
S01010627,Whole house or bungalow: Semi-detached,214,167,68,99,47,9,38
S01010627,Whole house or bungalow: Terraced (including end-terrace),128,75,29,46,53,15,38
S01010627,Flat maisonette or apartment or mobile/temporary accommodation,261,89,39,50,172,38,134
S01010628,All people in households,904,596,243,353,308,34,274
S01010628,Whole house or bungalow: Total,629,459,183,276,170,25,145
S01010628,Whole house or bungalow: Detached,185,145,65,80,40,0,40
S01010628,Whole house or bungalow: Semi-detached,252,175,59,116,77,17,60
S01010628,Whole house or bungalow: Terraced (including end-terrace),192,139,59,80,53,8,45
S01010628,Flat maisonette or apartment or mobile/temporary accommodation,275,137,60,77,138,9,129
S01010629,All people in households,914,623,291,332,291,118,173
S01010629,Whole house or bungalow: Total,631,520,251,269,111,56,55
S01010629,Whole house or bungalow: Detached,244,226,112,114,18,9,9
S01010629,Whole house or bungalow: Semi-detached,319,256,119,137,63,25,38
S01010629,Whole house or bungalow: Terraced (including end-terrace),68,38,20,18,30,22,8
S01010629,Flat maisonette or apartment or mobile/temporary accommodation,283,103,40,63,180,62,118
S01010630,All people in households,551,272,103,169,279,202,77
S01010630,Whole house or bungalow: Total,286,221,98,123,65,25,40
S01010630,Whole house or bungalow: Detached,146,114,56,58,32,6,26
S01010630,Whole house or bungalow: Semi-detached,110,84,39,45,26,15,11
S01010630,Whole house or bungalow: Terraced (including end-terrace),30,23,3,20,7,4,3
S01010630,Flat maisonette or apartment or mobile/temporary accommodation,265,51,5,46,214,177,37
S01010631,All people in households,588,276,122,154,312,114,198
S01010631,Whole house or bungalow: Total,153,100,41,59,53,23,30
S01010631,Whole house or bungalow: Detached,81,66,31,35,15,6,9
S01010631,Whole house or bungalow: Semi-detached,40,20,8,12,20,12,8
S01010631,Whole house or bungalow: Terraced (including end-terrace),32,14,2,12,18,5,13
S01010631,Flat maisonette or apartment or mobile/temporary accommodation,435,176,81,95,259,91,168
S01010632,All people in households,956,562,249,313,394,268,126
S01010632,Whole house or bungalow: Total,652,418,213,205,234,165,69
S01010632,Whole house or bungalow: Detached,142,110,63,47,32,15,17
S01010632,Whole house or bungalow: Semi-detached,443,270,131,139,173,128,45
S01010632,Whole house or bungalow: Terraced (including end-terrace),67,38,19,19,29,22,7
S01010632,Flat maisonette or apartment or mobile/temporary accommodation,304,144,36,108,160,103,57
S01010633,All people in households,1035,476,181,295,559,483,76
S01010633,Whole house or bungalow: Total,872,450,179,271,422,362,60
S01010633,Whole house or bungalow: Detached,42,16,15,1,26,17,9
S01010633,Whole house or bungalow: Semi-detached,360,195,68,127,165,134,31
S01010633,Whole house or bungalow: Terraced (including end-terrace),470,239,96,143,231,211,20
S01010633,Flat maisonette or apartment or mobile/temporary accommodation,163,26,2,24,137,121,16
S01010634,All people in households,665,383,165,218,282,212,70
S01010634,Whole house or bungalow: Total,634,379,165,214,255,195,60
S01010634,Whole house or bungalow: Detached,30,13,4,9,17,14,3
S01010634,Whole house or bungalow: Semi-detached,259,170,84,86,89,54,35
S01010634,Whole house or bungalow: Terraced (including end-terrace),345,196,77,119,149,127,22
S01010634,Flat maisonette or apartment or mobile/temporary accommodation,31,4,0,4,27,17,10
S01010635,All people in households,803,437,167,270,366,284,82
S01010635,Whole house or bungalow: Total,614,340,136,204,274,218,56
S01010635,Whole house or bungalow: Detached,36,20,7,13,16,9,7
S01010635,Whole house or bungalow: Semi-detached,383,224,89,135,159,118,41
S01010635,Whole house or bungalow: Terraced (including end-terrace),195,96,40,56,99,91,8
S01010635,Flat maisonette or apartment or mobile/temporary accommodation,189,97,31,66,92,66,26
S01010636,All people in households,808,604,231,373,204,66,138
S01010636,Whole house or bungalow: Total,660,527,206,321,133,56,77
S01010636,Whole house or bungalow: Detached,154,135,70,65,19,3,16
S01010636,Whole house or bungalow: Semi-detached,419,325,124,201,94,47,47
S01010636,Whole house or bungalow: Terraced (including end-terrace),87,67,12,55,20,6,14
S01010636,Flat maisonette or apartment or mobile/temporary accommodation,148,77,25,52,71,10,61
S01010637,All people in households,519,190,83,107,329,153,176
S01010637,Whole house or bungalow: Total,197,117,49,68,80,38,42
S01010637,Whole house or bungalow: Detached,35,23,12,11,12,7,5
S01010637,Whole house or bungalow: Semi-detached,75,34,18,16,41,21,20
S01010637,Whole house or bungalow: Terraced (including end-terrace),87,60,19,41,27,10,17
S01010637,Flat maisonette or apartment or mobile/temporary accommodation,322,73,34,39,249,115,134
S01010638,All people in households,785,476,235,241,309,169,140
S01010638,Whole house or bungalow: Total,591,420,210,210,171,123,48
S01010638,Whole house or bungalow: Detached,116,98,57,41,18,4,14
S01010638,Whole house or bungalow: Semi-detached,217,149,85,64,68,42,26
S01010638,Whole house or bungalow: Terraced (including end-terrace),258,173,68,105,85,77,8
S01010638,Flat maisonette or apartment or mobile/temporary accommodation,194,56,25,31,138,46,92
S01010639,All people in households,1121,517,193,324,604,369,235
S01010639,Whole house or bungalow: Total,594,368,155,213,226,121,105
S01010639,Whole house or bungalow: Detached,99,66,33,33,33,14,19
S01010639,Whole house or bungalow: Semi-detached,229,137,56,81,92,35,57
S01010639,Whole house or bungalow: Terraced (including end-terrace),266,165,66,99,101,72,29
S01010639,Flat maisonette or apartment or mobile/temporary accommodation,527,149,38,111,378,248,130
S01010640,All people in households,792,376,131,245,416,86,330
S01010640,Whole house or bungalow: Total,409,281,114,167,128,34,94
S01010640,Whole house or bungalow: Detached,103,68,36,32,35,4,31
S01010640,Whole house or bungalow: Semi-detached,178,123,44,79,55,14,41
S01010640,Whole house or bungalow: Terraced (including end-terrace),128,90,34,56,38,16,22
S01010640,Flat maisonette or apartment or mobile/temporary accommodation,383,95,17,78,288,52,236
S01010641,All people in households,1015,295,92,203,720,556,164
S01010641,Whole house or bungalow: Total,410,191,74,117,219,148,71
S01010641,Whole house or bungalow: Detached,85,55,31,24,30,14,16
S01010641,Whole house or bungalow: Semi-detached,202,63,28,35,139,92,47
S01010641,Whole house or bungalow: Terraced (including end-terrace),123,73,15,58,50,42,8
S01010641,Flat maisonette or apartment or mobile/temporary accommodation,605,104,18,86,501,408,93
S01010642,All people in households,978,325,104,221,653,584,69
S01010642,Whole house or bungalow: Total,564,280,96,184,284,247,37
S01010642,Whole house or bungalow: Detached,54,18,10,8,36,34,2
S01010642,Whole house or bungalow: Semi-detached,142,98,43,55,44,39,5
S01010642,Whole house or bungalow: Terraced (including end-terrace),368,164,43,121,204,174,30
S01010642,Flat maisonette or apartment or mobile/temporary accommodation,414,45,8,37,369,337,32
S01010643,All people in households,741,172,56,116,569,559,10
S01010643,Whole house or bungalow: Total,570,154,43,111,416,407,9
S01010643,Whole house or bungalow: Detached,34,26,10,16,8,7,1
S01010643,Whole house or bungalow: Semi-detached,169,34,9,25,135,135,0
S01010643,Whole house or bungalow: Terraced (including end-terrace),367,94,24,70,273,265,8
S01010643,Flat maisonette or apartment or mobile/temporary accommodation,171,18,13,5,153,152,1
S01010644,All people in households,665,137,53,84,528,505,23
S01010644,Whole house or bungalow: Total,329,105,47,58,224,213,11
S01010644,Whole house or bungalow: Detached,35,20,19,1,15,12,3
S01010644,Whole house or bungalow: Semi-detached,188,59,21,38,129,126,3
S01010644,Whole house or bungalow: Terraced (including end-terrace),106,26,7,19,80,75,5
S01010644,Flat maisonette or apartment or mobile/temporary accommodation,336,32,6,26,304,292,12
S01010645,All people in households,534,418,144,274,116,10,106
S01010645,Whole house or bungalow: Total,404,360,136,224,44,6,38
S01010645,Whole house or bungalow: Detached,127,119,69,50,8,0,8
S01010645,Whole house or bungalow: Semi-detached,259,228,63,165,31,5,26
S01010645,Whole house or bungalow: Terraced (including end-terrace),18,13,4,9,5,1,4
S01010645,Flat maisonette or apartment or mobile/temporary accommodation,130,58,8,50,72,4,68
S01010646,All people in households,669,562,260,302,107,19,88
S01010646,Whole house or bungalow: Total,629,542,258,284,87,17,70
S01010646,Whole house or bungalow: Detached,373,345,168,177,28,2,26
S01010646,Whole house or bungalow: Semi-detached,234,195,90,105,39,0,39
S01010646,Whole house or bungalow: Terraced (including end-terrace),22,2,0,2,20,15,5
S01010646,Flat maisonette or apartment or mobile/temporary accommodation,40,20,2,18,20,2,18
S01010647,All people in households,616,531,217,314,85,20,65
S01010647,Whole house or bungalow: Total,543,491,206,285,52,15,37
S01010647,Whole house or bungalow: Detached,116,112,59,53,4,0,4
S01010647,Whole house or bungalow: Semi-detached,417,375,147,228,42,11,31
S01010647,Whole house or bungalow: Terraced (including end-terrace),10,4,0,4,6,4,2
S01010647,Flat maisonette or apartment or mobile/temporary accommodation,73,40,11,29,33,5,28
S01010648,All people in households,651,488,170,318,163,93,70
S01010648,Whole house or bungalow: Total,506,414,152,262,92,54,38
S01010648,Whole house or bungalow: Detached,141,132,43,89,9,2,7
S01010648,Whole house or bungalow: Semi-detached,253,220,85,135,33,23,10
S01010648,Whole house or bungalow: Terraced (including end-terrace),112,62,24,38,50,29,21
S01010648,Flat maisonette or apartment or mobile/temporary accommodation,145,74,18,56,71,39,32
S01010649,All people in households,556,475,232,243,81,11,70
S01010649,Whole house or bungalow: Total,428,390,177,213,38,4,34
S01010649,Whole house or bungalow: Detached,179,166,90,76,13,1,12
S01010649,Whole house or bungalow: Semi-detached,178,157,69,88,21,1,20
S01010649,Whole house or bungalow: Terraced (including end-terrace),71,67,18,49,4,2,2
S01010649,Flat maisonette or apartment or mobile/temporary accommodation,128,85,55,30,43,7,36
S01010650,All people in households,452,278,56,222,174,64,110
S01010650,Whole house or bungalow: Total,366,242,49,193,124,29,95
S01010650,Whole house or bungalow: Detached,239,194,39,155,45,5,40
S01010650,Whole house or bungalow: Semi-detached,101,38,9,29,63,17,46
S01010650,Whole house or bungalow: Terraced (including end-terrace),26,10,1,9,16,7,9
S01010650,Flat maisonette or apartment or mobile/temporary accommodation,86,36,7,29,50,35,15
S01010651,All people in households,665,431,130,301,234,174,60
S01010651,Whole house or bungalow: Total,617,421,130,291,196,151,45
S01010651,Whole house or bungalow: Detached,116,97,53,44,19,11,8
S01010651,Whole house or bungalow: Semi-detached,255,160,35,125,95,72,23
S01010651,Whole house or bungalow: Terraced (including end-terrace),246,164,42,122,82,68,14
S01010651,Flat maisonette or apartment or mobile/temporary accommodation,48,10,0,10,38,23,15
S01010652,All people in households,718,551,180,371,167,79,88
S01010652,Whole house or bungalow: Total,641,521,179,342,120,60,60
S01010652,Whole house or bungalow: Detached,215,181,83,98,34,10,24
S01010652,Whole house or bungalow: Semi-detached,239,192,54,138,47,19,28
S01010652,Whole house or bungalow: Terraced (including end-terrace),187,148,42,106,39,31,8
S01010652,Flat maisonette or apartment or mobile/temporary accommodation,77,30,1,29,47,19,28
S01010653,All people in households,584,506,211,295,78,17,61
S01010653,Whole house or bungalow: Total,508,467,203,264,41,7,34
S01010653,Whole house or bungalow: Detached,116,107,63,44,9,0,9
S01010653,Whole house or bungalow: Semi-detached,382,352,132,220,30,5,25
S01010653,Whole house or bungalow: Terraced (including end-terrace),10,8,8,0,2,2,0
S01010653,Flat maisonette or apartment or mobile/temporary accommodation,76,39,8,31,37,10,27
S01010654,All people in households,763,548,150,398,215,149,66
S01010654,Whole house or bungalow: Total,711,525,145,380,186,127,59
S01010654,Whole house or bungalow: Detached,56,34,6,28,22,11,11
S01010654,Whole house or bungalow: Semi-detached,248,183,65,118,65,52,13
S01010654,Whole house or bungalow: Terraced (including end-terrace),407,308,74,234,99,64,35
S01010654,Flat maisonette or apartment or mobile/temporary accommodation,52,23,5,18,29,22,7
S01010655,All people in households,909,699,306,393,210,51,159
S01010655,Whole house or bungalow: Total,882,691,298,393,191,49,142
S01010655,Whole house or bungalow: Detached,662,553,248,305,109,8,101
S01010655,Whole house or bungalow: Semi-detached,173,113,37,76,60,26,34
S01010655,Whole house or bungalow: Terraced (including end-terrace),47,25,13,12,22,15,7
S01010655,Flat maisonette or apartment or mobile/temporary accommodation,27,8,8,0,19,2,17
S01010656,All people in households,475,364,149,215,111,82,29
S01010656,Whole house or bungalow: Total,475,364,149,215,111,82,29
S01010656,Whole house or bungalow: Detached,280,245,123,122,35,10,25
S01010656,Whole house or bungalow: Semi-detached,137,88,13,75,49,45,4
S01010656,Whole house or bungalow: Terraced (including end-terrace),58,31,13,18,27,27,0
S01010656,Flat maisonette or apartment or mobile/temporary accommodation,0,0,0,0,0,0,0
S01010657,All people in households,639,563,290,273,76,14,62
S01010657,Whole house or bungalow: Total,631,555,286,269,76,14,62
S01010657,Whole house or bungalow: Detached,587,532,276,256,55,4,51
S01010657,Whole house or bungalow: Semi-detached,36,18,9,9,18,7,11
S01010657,Whole house or bungalow: Terraced (including end-terrace),8,5,1,4,3,3,0
S01010657,Flat maisonette or apartment or mobile/temporary accommodation,8,8,4,4,0,0,0
S01010658,All people in households,732,616,329,287,116,15,101
S01010658,Whole house or bungalow: Total,640,567,286,281,73,9,64
S01010658,Whole house or bungalow: Detached,537,494,268,226,43,0,43
S01010658,Whole house or bungalow: Semi-detached,68,52,17,35,16,1,15
S01010658,Whole house or bungalow: Terraced (including end-terrace),35,21,1,20,14,8,6
S01010658,Flat maisonette or apartment or mobile/temporary accommodation,92,49,43,6,43,6,37
S01010659,All people in households,648,522,284,238,126,12,114
S01010659,Whole house or bungalow: Total,629,514,276,238,115,8,107
S01010659,Whole house or bungalow: Detached,527,455,257,198,72,0,72
S01010659,Whole house or bungalow: Semi-detached,75,42,15,27,33,8,25
S01010659,Whole house or bungalow: Terraced (including end-terrace),27,17,4,13,10,0,10
S01010659,Flat maisonette or apartment or mobile/temporary accommodation,19,8,8,0,11,4,7
S01010660,All people in households,606,427,181,246,179,105,74
S01010660,Whole house or bungalow: Total,567,401,173,228,166,103,63
S01010660,Whole house or bungalow: Detached,187,172,101,71,15,1,14
S01010660,Whole house or bungalow: Semi-detached,255,169,59,110,86,57,29
S01010660,Whole house or bungalow: Terraced (including end-terrace),125,60,13,47,65,45,20
S01010660,Flat maisonette or apartment or mobile/temporary accommodation,39,26,8,18,13,2,11
S01010661,All people in households,568,347,159,188,221,133,88
S01010661,Whole house or bungalow: Total,461,297,139,158,164,114,50
S01010661,Whole house or bungalow: Detached,158,127,75,52,31,14,17
S01010661,Whole house or bungalow: Semi-detached,137,79,42,37,58,35,23
S01010661,Whole house or bungalow: Terraced (including end-terrace),166,91,22,69,75,65,10
S01010661,Flat maisonette or apartment or mobile/temporary accommodation,107,50,20,30,57,19,38
S01010662,All people in households,758,625,214,411,133,71,62
S01010662,Whole house or bungalow: Total,739,620,213,407,119,65,54
S01010662,Whole house or bungalow: Detached,499,464,180,284,35,1,34
S01010662,Whole house or bungalow: Semi-detached,202,146,29,117,56,41,15
S01010662,Whole house or bungalow: Terraced (including end-terrace),38,10,4,6,28,23,5
S01010662,Flat maisonette or apartment or mobile/temporary accommodation,19,5,1,4,14,6,8
S01010663,All people in households,953,799,374,425,154,33,121
S01010663,Whole house or bungalow: Total,915,777,363,414,138,30,108
S01010663,Whole house or bungalow: Detached,846,750,356,394,96,0,96
S01010663,Whole house or bungalow: Semi-detached,59,18,3,15,41,29,12
S01010663,Whole house or bungalow: Terraced (including end-terrace),10,9,4,5,1,1,0
S01010663,Flat maisonette or apartment or mobile/temporary accommodation,38,22,11,11,16,3,13
S01010664,All people in households,819,723,382,341,96,12,84
S01010664,Whole house or bungalow: Total,801,707,366,341,94,10,84
S01010664,Whole house or bungalow: Detached,700,639,344,295,61,0,61
S01010664,Whole house or bungalow: Semi-detached,80,54,18,36,26,6,20
S01010664,Whole house or bungalow: Terraced (including end-terrace),21,14,4,10,7,4,3
S01010664,Flat maisonette or apartment or mobile/temporary accommodation,18,16,16,0,2,2,0
S01010665,All people in households,952,717,355,362,235,55,180
S01010665,Whole house or bungalow: Total,889,680,331,349,209,46,163
S01010665,Whole house or bungalow: Detached,618,504,273,231,114,0,114
S01010665,Whole house or bungalow: Semi-detached,191,118,36,82,73,39,34
S01010665,Whole house or bungalow: Terraced (including end-terrace),80,58,22,36,22,7,15
S01010665,Flat maisonette or apartment or mobile/temporary accommodation,63,37,24,13,26,9,17
S01010666,All people in households,941,661,274,387,280,135,145
S01010666,Whole house or bungalow: Total,907,640,259,381,267,127,140
S01010666,Whole house or bungalow: Detached,484,421,198,223,63,9,54
S01010666,Whole house or bungalow: Semi-detached,293,169,49,120,124,60,64
S01010666,Whole house or bungalow: Terraced (including end-terrace),130,50,12,38,80,58,22
S01010666,Flat maisonette or apartment or mobile/temporary accommodation,34,21,15,6,13,8,5
S01010667,All people in households,695,555,283,272,140,33,107
S01010667,Whole house or bungalow: Total,669,538,271,267,131,32,99
S01010667,Whole house or bungalow: Detached,493,416,226,190,77,5,72
S01010667,Whole house or bungalow: Semi-detached,139,94,39,55,45,24,21
S01010667,Whole house or bungalow: Terraced (including end-terrace),37,28,6,22,9,3,6
S01010667,Flat maisonette or apartment or mobile/temporary accommodation,26,17,12,5,9,1,8
S01010668,All people in households,1082,758,397,361,324,173,151
S01010668,Whole house or bungalow: Total,1012,723,384,339,289,164,125
S01010668,Whole house or bungalow: Detached,600,514,297,217,86,6,80
S01010668,Whole house or bungalow: Semi-detached,265,136,51,85,129,98,31
S01010668,Whole house or bungalow: Terraced (including end-terrace),147,73,36,37,74,60,14
S01010668,Flat maisonette or apartment or mobile/temporary accommodation,70,35,13,22,35,9,26
S01010669,All people in households,602,457,244,213,145,52,93
S01010669,Whole house or bungalow: Total,593,450,237,213,143,52,91
S01010669,Whole house or bungalow: Detached,440,354,193,161,86,11,75
S01010669,Whole house or bungalow: Semi-detached,131,83,40,43,48,38,10
S01010669,Whole house or bungalow: Terraced (including end-terrace),22,13,4,9,9,3,6
S01010669,Flat maisonette or apartment or mobile/temporary accommodation,9,7,7,0,2,0,2
S01010670,All people in households,683,533,259,274,150,71,79
S01010670,Whole house or bungalow: Total,630,511,248,263,119,55,64
S01010670,Whole house or bungalow: Detached,445,387,204,183,58,5,53
S01010670,Whole house or bungalow: Semi-detached,147,110,41,69,37,29,8
S01010670,Whole house or bungalow: Terraced (including end-terrace),38,14,3,11,24,21,3
S01010670,Flat maisonette or apartment or mobile/temporary accommodation,53,22,11,11,31,16,15
S01010671,All people in households,723,571,317,254,152,98,54
S01010671,Whole house or bungalow: Total,692,559,311,248,133,83,50
S01010671,Whole house or bungalow: Detached,422,379,224,155,43,10,33
S01010671,Whole house or bungalow: Semi-detached,166,117,61,56,49,36,13
S01010671,Whole house or bungalow: Terraced (including end-terrace),104,63,26,37,41,37,4
S01010671,Flat maisonette or apartment or mobile/temporary accommodation,31,12,6,6,19,15,4
S01010672,All people in households,648,348,163,185,300,240,60
S01010672,Whole house or bungalow: Total,577,340,159,181,237,183,54
S01010672,Whole house or bungalow: Detached,197,150,78,72,47,17,30
S01010672,Whole house or bungalow: Semi-detached,269,126,54,72,143,125,18
S01010672,Whole house or bungalow: Terraced (including end-terrace),111,64,27,37,47,41,6
S01010672,Flat maisonette or apartment or mobile/temporary accommodation,71,8,4,4,63,57,6
S01010673,All people in households,880,582,317,265,298,207,91
S01010673,Whole house or bungalow: Total,788,564,308,256,224,163,61
S01010673,Whole house or bungalow: Detached,567,508,288,220,59,6,53
S01010673,Whole house or bungalow: Semi-detached,178,52,16,36,126,118,8
S01010673,Whole house or bungalow: Terraced (including end-terrace),43,4,4,0,39,39,0
S01010673,Flat maisonette or apartment or mobile/temporary accommodation,92,18,9,9,74,44,30
S01010674,All people in households,951,679,314,365,272,145,127
S01010674,Whole house or bungalow: Total,909,669,308,361,240,134,106
S01010674,Whole house or bungalow: Detached,596,523,261,262,73,8,65
S01010674,Whole house or bungalow: Semi-detached,258,126,41,85,132,97,35
S01010674,Whole house or bungalow: Terraced (including end-terrace),55,20,6,14,35,29,6
S01010674,Flat maisonette or apartment or mobile/temporary accommodation,42,10,6,4,32,11,21
S01010675,All people in households,627,521,307,214,106,50,56
S01010675,Whole house or bungalow: Total,610,508,298,210,102,49,53
S01010675,Whole house or bungalow: Detached,527,478,288,190,49,4,45
S01010675,Whole house or bungalow: Semi-detached,71,27,9,18,44,36,8
S01010675,Whole house or bungalow: Terraced (including end-terrace),12,3,1,2,9,9,0
S01010675,Flat maisonette or apartment or mobile/temporary accommodation,17,13,9,4,4,1,3
S01010676,All people in households,846,592,334,258,254,127,127
S01010676,Whole house or bungalow: Total,826,582,327,255,244,127,117
S01010676,Whole house or bungalow: Detached,668,547,312,235,121,25,96
S01010676,Whole house or bungalow: Semi-detached,130,33,13,20,97,78,19
S01010676,Whole house or bungalow: Terraced (including end-terrace),28,2,2,0,26,24,2
S01010676,Flat maisonette or apartment or mobile/temporary accommodation,20,10,7,3,10,0,10
S01010677,All people in households,499,408,239,169,91,31,60
S01010677,Whole house or bungalow: Total,488,402,237,165,86,29,57
S01010677,Whole house or bungalow: Detached,410,355,206,149,55,11,44
S01010677,Whole house or bungalow: Semi-detached,22,9,5,4,13,12,1
S01010677,Whole house or bungalow: Terraced (including end-terrace),56,38,26,12,18,6,12
S01010677,Flat maisonette or apartment or mobile/temporary accommodation,11,6,2,4,5,2,3
S01010678,All people in households,610,510,249,261,100,44,56
S01010678,Whole house or bungalow: Total,598,510,249,261,88,37,51
S01010678,Whole house or bungalow: Detached,530,480,240,240,50,6,44
S01010678,Whole house or bungalow: Semi-detached,53,25,5,20,28,21,7
S01010678,Whole house or bungalow: Terraced (including end-terrace),15,5,4,1,10,10,0
S01010678,Flat maisonette or apartment or mobile/temporary accommodation,12,0,0,0,12,7,5
S01010679,All people in households,552,382,208,174,170,110,60
S01010679,Whole house or bungalow: Total,459,353,187,166,106,56,50
S01010679,Whole house or bungalow: Detached,223,205,136,69,18,0,18
S01010679,Whole house or bungalow: Semi-detached,165,103,38,65,62,31,31
S01010679,Whole house or bungalow: Terraced (including end-terrace),71,45,13,32,26,25,1
S01010679,Flat maisonette or apartment or mobile/temporary accommodation,93,29,21,8,64,54,10
S01010680,All people in households,621,329,136,193,292,240,52
S01010680,Whole house or bungalow: Total,604,328,136,192,276,227,49
S01010680,Whole house or bungalow: Detached,252,221,104,117,31,11,20
S01010680,Whole house or bungalow: Semi-detached,248,69,15,54,179,156,23
S01010680,Whole house or bungalow: Terraced (including end-terrace),104,38,17,21,66,60,6
S01010680,Flat maisonette or apartment or mobile/temporary accommodation,17,1,0,1,16,13,3
S01010681,All people in households,1067,567,168,399,500,442,58
S01010681,Whole house or bungalow: Total,961,553,166,387,408,358,50
S01010681,Whole house or bungalow: Detached,290,208,89,119,82,61,21
S01010681,Whole house or bungalow: Semi-detached,614,323,71,252,291,267,24
S01010681,Whole house or bungalow: Terraced (including end-terrace),57,22,6,16,35,30,5
S01010681,Flat maisonette or apartment or mobile/temporary accommodation,106,14,2,12,92,84,8
S01010682,All people in households,963,796,388,408,167,58,109
S01010682,Whole house or bungalow: Total,937,786,378,408,151,45,106
S01010682,Whole house or bungalow: Detached,840,744,348,396,96,10,86
S01010682,Whole house or bungalow: Semi-detached,61,30,22,8,31,18,13
S01010682,Whole house or bungalow: Terraced (including end-terrace),36,12,8,4,24,17,7
S01010682,Flat maisonette or apartment or mobile/temporary accommodation,26,10,10,0,16,13,3
S01010683,All people in households,956,774,443,331,182,106,76
S01010683,Whole house or bungalow: Total,920,751,427,324,169,97,72
S01010683,Whole house or bungalow: Detached,792,719,417,302,73,9,64
S01010683,Whole house or bungalow: Semi-detached,101,28,10,18,73,67,6
S01010683,Whole house or bungalow: Terraced (including end-terrace),27,4,0,4,23,21,2
S01010683,Flat maisonette or apartment or mobile/temporary accommodation,36,23,16,7,13,9,4
S01010684,All people in households,756,610,395,215,146,58,88
S01010684,Whole house or bungalow: Total,739,605,391,214,134,55,79
S01010684,Whole house or bungalow: Detached,644,580,380,200,64,0,64
S01010684,Whole house or bungalow: Semi-detached,81,20,7,13,61,46,15
S01010684,Whole house or bungalow: Terraced (including end-terrace),14,5,4,1,9,9,0
S01010684,Flat maisonette or apartment or mobile/temporary accommodation,17,5,4,1,12,3,9
S01010685,All people in households,609,493,316,177,116,58,58
S01010685,Whole house or bungalow: Total,591,478,301,177,113,55,58
S01010685,Whole house or bungalow: Detached,499,438,284,154,61,5,56
S01010685,Whole house or bungalow: Semi-detached,76,31,16,15,45,43,2
S01010685,Whole house or bungalow: Terraced (including end-terrace),16,9,1,8,7,7,0
S01010685,Flat maisonette or apartment or mobile/temporary accommodation,18,15,15,0,3,3,0
S01010686,All people in households,690,515,287,228,175,74,101
S01010686,Whole house or bungalow: Total,653,490,268,222,163,73,90
S01010686,Whole house or bungalow: Detached,552,456,251,205,96,12,84
S01010686,Whole house or bungalow: Semi-detached,89,27,12,15,62,56,6
S01010686,Whole house or bungalow: Terraced (including end-terrace),12,7,5,2,5,5,0
S01010686,Flat maisonette or apartment or mobile/temporary accommodation,37,25,19,6,12,1,11
S01010687,All people in households,805,614,339,275,191,110,81
S01010687,Whole house or bungalow: Total,780,610,337,273,170,100,70
S01010687,Whole house or bungalow: Detached,545,501,300,201,44,2,42
S01010687,Whole house or bungalow: Semi-detached,205,102,37,65,103,78,25
S01010687,Whole house or bungalow: Terraced (including end-terrace),30,7,0,7,23,20,3
S01010687,Flat maisonette or apartment or mobile/temporary accommodation,25,4,2,2,21,10,11
S01010688,All people in households,692,516,344,172,176,79,97
S01010688,Whole house or bungalow: Total,677,504,333,171,173,78,95
S01010688,Whole house or bungalow: Detached,518,438,300,138,80,1,79
S01010688,Whole house or bungalow: Semi-detached,122,51,24,27,71,55,16
S01010688,Whole house or bungalow: Terraced (including end-terrace),37,15,9,6,22,22,0
S01010688,Flat maisonette or apartment or mobile/temporary accommodation,15,12,11,1,3,1,2
S01010689,All people in households,754,554,396,158,200,66,134
S01010689,Whole house or bungalow: Total,728,549,391,158,179,58,121
S01010689,Whole house or bungalow: Detached,527,448,338,110,79,6,73
S01010689,Whole house or bungalow: Semi-detached,189,96,51,45,93,45,48
S01010689,Whole house or bungalow: Terraced (including end-terrace),12,5,2,3,7,7,0
S01010689,Flat maisonette or apartment or mobile/temporary accommodation,26,5,5,0,21,8,13
S01010690,All people in households,651,416,207,209,235,121,114
S01010690,Whole house or bungalow: Total,590,400,199,201,190,102,88
S01010690,Whole house or bungalow: Detached,156,117,71,46,39,4,35
S01010690,Whole house or bungalow: Semi-detached,328,203,89,114,125,79,46
S01010690,Whole house or bungalow: Terraced (including end-terrace),106,80,39,41,26,19,7
S01010690,Flat maisonette or apartment or mobile/temporary accommodation,61,16,8,8,45,19,26
S01010691,All people in households,743,562,356,206,181,17,164
S01010691,Whole house or bungalow: Total,718,548,347,201,170,11,159
S01010691,Whole house or bungalow: Detached,602,487,323,164,115,0,115
S01010691,Whole house or bungalow: Semi-detached,82,51,19,32,31,8,23
S01010691,Whole house or bungalow: Terraced (including end-terrace),34,10,5,5,24,3,21
S01010691,Flat maisonette or apartment or mobile/temporary accommodation,25,14,9,5,11,6,5
S01010692,All people in households,711,464,155,309,247,178,69
S01010692,Whole house or bungalow: Total,589,418,136,282,171,131,40
S01010692,Whole house or bungalow: Detached,238,209,79,130,29,5,24
S01010692,Whole house or bungalow: Semi-detached,292,176,52,124,116,103,13
S01010692,Whole house or bungalow: Terraced (including end-terrace),59,33,5,28,26,23,3
S01010692,Flat maisonette or apartment or mobile/temporary accommodation,122,46,19,27,76,47,29
S01010693,All people in households,472,383,236,147,89,28,61
S01010693,Whole house or bungalow: Total,459,374,227,147,85,24,61
S01010693,Whole house or bungalow: Detached,425,362,225,137,63,3,60
S01010693,Whole house or bungalow: Semi-detached,21,8,2,6,13,12,1
S01010693,Whole house or bungalow: Terraced (including end-terrace),13,4,0,4,9,9,0
S01010693,Flat maisonette or apartment or mobile/temporary accommodation,13,9,9,0,4,4,0
S01010694,All people in households,554,421,278,143,133,70,63
S01010694,Whole house or bungalow: Total,534,417,277,140,117,62,55
S01010694,Whole house or bungalow: Detached,420,383,257,126,37,3,34
S01010694,Whole house or bungalow: Semi-detached,96,31,20,11,65,44,21
S01010694,Whole house or bungalow: Terraced (including end-terrace),18,3,0,3,15,15,0
S01010694,Flat maisonette or apartment or mobile/temporary accommodation,20,4,1,3,16,8,8
S01010695,All people in households,707,577,322,255,130,7,123
S01010695,Whole house or bungalow: Total,697,572,317,255,125,6,119
S01010695,Whole house or bungalow: Detached,561,525,303,222,36,0,36
S01010695,Whole house or bungalow: Semi-detached,90,23,9,14,67,5,62
S01010695,Whole house or bungalow: Terraced (including end-terrace),46,24,5,19,22,1,21
S01010695,Flat maisonette or apartment or mobile/temporary accommodation,10,5,5,0,5,1,4
S01010696,All people in households,970,745,290,455,225,133,92
S01010696,Whole house or bungalow: Total,899,702,273,429,197,126,71
S01010696,Whole house or bungalow: Detached,445,400,167,233,45,7,38
S01010696,Whole house or bungalow: Semi-detached,305,214,86,128,91,64,27
S01010696,Whole house or bungalow: Terraced (including end-terrace),149,88,20,68,61,55,6
S01010696,Flat maisonette or apartment or mobile/temporary accommodation,71,43,17,26,28,7,21
S01010697,All people in households,1072,828,412,416,244,82,162
S01010697,Whole house or bungalow: Total,1066,828,412,416,238,82,156
S01010697,Whole house or bungalow: Detached,742,627,330,297,115,11,104
S01010697,Whole house or bungalow: Semi-detached,286,176,78,98,110,64,46
S01010697,Whole house or bungalow: Terraced (including end-terrace),38,25,4,21,13,7,6
S01010697,Flat maisonette or apartment or mobile/temporary accommodation,6,0,0,0,6,0,6
S01010698,All people in households,757,467,247,220,290,112,178
S01010698,Whole house or bungalow: Total,729,458,242,216,271,104,167
S01010698,Whole house or bungalow: Detached,474,361,191,170,113,2,111
S01010698,Whole house or bungalow: Semi-detached,230,85,46,39,145,96,49
S01010698,Whole house or bungalow: Terraced (including end-terrace),25,12,5,7,13,6,7
S01010698,Flat maisonette or apartment or mobile/temporary accommodation,28,9,5,4,19,8,11
S01010699,All people in households,605,438,194,244,167,33,134
S01010699,Whole house or bungalow: Total,601,436,192,244,165,33,132
S01010699,Whole house or bungalow: Detached,406,309,156,153,97,7,90
S01010699,Whole house or bungalow: Semi-detached,130,78,28,50,52,13,39
S01010699,Whole house or bungalow: Terraced (including end-terrace),65,49,8,41,16,13,3
S01010699,Flat maisonette or apartment or mobile/temporary accommodation,4,2,2,0,2,0,2
S01010700,All people in households,611,500,224,276,111,41,70
S01010700,Whole house or bungalow: Total,605,498,222,276,107,38,69
S01010700,Whole house or bungalow: Detached,427,380,185,195,47,0,47
S01010700,Whole house or bungalow: Semi-detached,138,92,27,65,46,34,12
S01010700,Whole house or bungalow: Terraced (including end-terrace),40,26,10,16,14,4,10
S01010700,Flat maisonette or apartment or mobile/temporary accommodation,6,2,2,0,4,3,1
S01010701,All people in households,1063,713,258,455,350,226,124
S01010701,Whole house or bungalow: Total,1009,678,251,427,331,224,107
S01010701,Whole house or bungalow: Detached,451,389,167,222,62,3,59
S01010701,Whole house or bungalow: Semi-detached,361,207,61,146,154,128,26
S01010701,Whole house or bungalow: Terraced (including end-terrace),197,82,23,59,115,93,22
S01010701,Flat maisonette or apartment or mobile/temporary accommodation,54,35,7,28,19,2,17
S01010702,All people in households,957,833,408,425,124,15,109
S01010702,Whole house or bungalow: Total,946,831,406,425,115,13,102
S01010702,Whole house or bungalow: Detached,784,705,360,345,79,2,77
S01010702,Whole house or bungalow: Semi-detached,112,97,32,65,15,4,11
S01010702,Whole house or bungalow: Terraced (including end-terrace),50,29,14,15,21,7,14
S01010702,Flat maisonette or apartment or mobile/temporary accommodation,11,2,2,0,9,2,7
S01010703,All people in households,824,680,379,301,144,21,123
S01010703,Whole house or bungalow: Total,811,671,379,292,140,21,119
S01010703,Whole house or bungalow: Detached,676,606,360,246,70,0,70
S01010703,Whole house or bungalow: Semi-detached,115,58,19,39,57,17,40
S01010703,Whole house or bungalow: Terraced (including end-terrace),20,7,0,7,13,4,9
S01010703,Flat maisonette or apartment or mobile/temporary accommodation,13,9,0,9,4,0,4
S01010704,All people in households,658,454,169,285,204,165,39
S01010704,Whole house or bungalow: Total,646,452,167,285,194,159,35
S01010704,Whole house or bungalow: Detached,199,184,91,93,15,7,8
S01010704,Whole house or bungalow: Semi-detached,297,208,73,135,89,75,14
S01010704,Whole house or bungalow: Terraced (including end-terrace),150,60,3,57,90,77,13
S01010704,Flat maisonette or apartment or mobile/temporary accommodation,12,2,2,0,10,6,4
S01010705,All people in households,1121,851,291,560,270,189,81
S01010705,Whole house or bungalow: Total,997,801,280,521,196,140,56
S01010705,Whole house or bungalow: Detached,531,490,180,310,41,2,39
S01010705,Whole house or bungalow: Semi-detached,435,298,95,203,137,126,11
S01010705,Whole house or bungalow: Terraced (including end-terrace),31,13,5,8,18,12,6
S01010705,Flat maisonette or apartment or mobile/temporary accommodation,124,50,11,39,74,49,25
S01010706,All people in households,671,407,134,273,264,213,51
S01010706,Whole house or bungalow: Total,621,400,130,270,221,184,37
S01010706,Whole house or bungalow: Detached,204,181,84,97,23,14,9
S01010706,Whole house or bungalow: Semi-detached,341,180,34,146,161,137,24
S01010706,Whole house or bungalow: Terraced (including end-terrace),76,39,12,27,37,33,4
S01010706,Flat maisonette or apartment or mobile/temporary accommodation,50,7,4,3,43,29,14
S01010707,All people in households,676,544,318,226,132,8,124
S01010707,Whole house or bungalow: Total,662,534,308,226,128,8,120
S01010707,Whole house or bungalow: Detached,555,492,281,211,63,4,59
S01010707,Whole house or bungalow: Semi-detached,86,41,26,15,45,4,41
S01010707,Whole house or bungalow: Terraced (including end-terrace),21,1,1,0,20,0,20
S01010707,Flat maisonette or apartment or mobile/temporary accommodation,14,10,10,0,4,0,4
S01010708,All people in households,546,429,155,274,117,79,38
S01010708,Whole house or bungalow: Total,533,428,154,274,105,72,33
S01010708,Whole house or bungalow: Detached,219,210,96,114,9,2,7
S01010708,Whole house or bungalow: Semi-detached,214,139,43,96,75,53,22
S01010708,Whole house or bungalow: Terraced (including end-terrace),100,79,15,64,21,17,4
S01010708,Flat maisonette or apartment or mobile/temporary accommodation,13,1,1,0,12,7,5
S01010709,All people in households,745,640,220,420,105,60,45
S01010709,Whole house or bungalow: Total,740,638,218,420,102,59,43
S01010709,Whole house or bungalow: Detached,401,373,139,234,28,7,21
S01010709,Whole house or bungalow: Semi-detached,274,211,69,142,63,49,14
S01010709,Whole house or bungalow: Terraced (including end-terrace),65,54,10,44,11,3,8
S01010709,Flat maisonette or apartment or mobile/temporary accommodation,5,2,2,0,3,1,2
S01010710,All people in households,766,377,175,202,389,372,17
S01010710,Whole house or bungalow: Total,741,373,171,202,368,351,17
S01010710,Whole house or bungalow: Detached,152,133,86,47,19,8,11
S01010710,Whole house or bungalow: Semi-detached,346,161,67,94,185,183,2
S01010710,Whole house or bungalow: Terraced (including end-terrace),243,79,18,61,164,160,4
S01010710,Flat maisonette or apartment or mobile/temporary accommodation,25,4,4,0,21,21,0
S01010711,All people in households,778,689,299,390,89,57,32
S01010711,Whole house or bungalow: Total,758,689,299,390,69,42,27
S01010711,Whole house or bungalow: Detached,600,580,263,317,20,2,18
S01010711,Whole house or bungalow: Semi-detached,125,91,35,56,34,26,8
S01010711,Whole house or bungalow: Terraced (including end-terrace),33,18,1,17,15,14,1
S01010711,Flat maisonette or apartment or mobile/temporary accommodation,20,0,0,0,20,15,5
S01010712,All people in households,723,407,156,251,316,262,54
S01010712,Whole house or bungalow: Total,679,393,152,241,286,239,47
S01010712,Whole house or bungalow: Detached,156,126,68,58,30,22,8
S01010712,Whole house or bungalow: Semi-detached,306,185,53,132,121,106,15
S01010712,Whole house or bungalow: Terraced (including end-terrace),217,82,31,51,135,111,24
S01010712,Flat maisonette or apartment or mobile/temporary accommodation,44,14,4,10,30,23,7
S01010713,All people in households,799,504,174,330,295,197,98
S01010713,Whole house or bungalow: Total,785,502,173,329,283,195,88
S01010713,Whole house or bungalow: Detached,80,63,33,30,17,12,5
S01010713,Whole house or bungalow: Semi-detached,193,93,28,65,100,63,37
S01010713,Whole house or bungalow: Terraced (including end-terrace),512,346,112,234,166,120,46
S01010713,Flat maisonette or apartment or mobile/temporary accommodation,14,2,1,1,12,2,10
S01010714,All people in households,748,349,156,193,399,315,84
S01010714,Whole house or bungalow: Total,443,275,129,146,168,131,37
S01010714,Whole house or bungalow: Detached,89,77,52,25,12,6,6
S01010714,Whole house or bungalow: Semi-detached,200,112,45,67,88,69,19
S01010714,Whole house or bungalow: Terraced (including end-terrace),154,86,32,54,68,56,12
S01010714,Flat maisonette or apartment or mobile/temporary accommodation,305,74,27,47,231,184,47
S01010715,All people in households,701,456,186,270,245,175,70
S01010715,Whole house or bungalow: Total,670,439,178,261,231,170,61
S01010715,Whole house or bungalow: Detached,161,132,69,63,29,16,13
S01010715,Whole house or bungalow: Semi-detached,256,172,56,116,84,54,30
S01010715,Whole house or bungalow: Terraced (including end-terrace),253,135,53,82,118,100,18
S01010715,Flat maisonette or apartment or mobile/temporary accommodation,31,17,8,9,14,5,9
S01010716,All people in households,834,470,181,289,364,139,225
S01010716,Whole house or bungalow: Total,463,327,141,186,136,65,71
S01010716,Whole house or bungalow: Detached,194,151,70,81,43,17,26
S01010716,Whole house or bungalow: Semi-detached,178,112,48,64,66,42,24
S01010716,Whole house or bungalow: Terraced (including end-terrace),91,64,23,41,27,6,21
S01010716,Flat maisonette or apartment or mobile/temporary accommodation,371,143,40,103,228,74,154
S01010717,All people in households,621,572,284,288,49,10,39
S01010717,Whole house or bungalow: Total,606,571,283,288,35,10,25
S01010717,Whole house or bungalow: Detached,478,461,244,217,17,0,17
S01010717,Whole house or bungalow: Semi-detached,100,89,31,58,11,3,8
S01010717,Whole house or bungalow: Terraced (including end-terrace),28,21,8,13,7,7,0
S01010717,Flat maisonette or apartment or mobile/temporary accommodation,15,1,1,0,14,0,14
S01010718,All people in households,945,727,296,431,218,137,81
S01010718,Whole house or bungalow: Total,837,689,289,400,148,95,53
S01010718,Whole house or bungalow: Detached,590,559,244,315,31,3,28
S01010718,Whole house or bungalow: Semi-detached,173,98,27,71,75,68,7
S01010718,Whole house or bungalow: Terraced (including end-terrace),74,32,18,14,42,24,18
S01010718,Flat maisonette or apartment or mobile/temporary accommodation,108,38,7,31,70,42,28
S01010719,All people in households,634,468,208,260,166,96,70
S01010719,Whole house or bungalow: Total,605,464,205,259,141,94,47
S01010719,Whole house or bungalow: Detached,263,238,119,119,25,1,24
S01010719,Whole house or bungalow: Semi-detached,257,173,64,109,84,63,21
S01010719,Whole house or bungalow: Terraced (including end-terrace),85,53,22,31,32,30,2
S01010719,Flat maisonette or apartment or mobile/temporary accommodation,29,4,3,1,25,2,23
S01010720,All people in households,731,608,340,268,123,72,51
S01010720,Whole house or bungalow: Total,705,591,332,259,114,70,44
S01010720,Whole house or bungalow: Detached,460,425,263,162,35,7,28
S01010720,Whole house or bungalow: Semi-detached,158,107,44,63,51,43,8
S01010720,Whole house or bungalow: Terraced (including end-terrace),87,59,25,34,28,20,8
S01010720,Flat maisonette or apartment or mobile/temporary accommodation,26,17,8,9,9,2,7
S01010721,All people in households,630,534,292,242,96,12,84
S01010721,Whole house or bungalow: Total,600,517,283,234,83,10,73
S01010721,Whole house or bungalow: Detached,383,352,218,134,31,0,31
S01010721,Whole house or bungalow: Semi-detached,141,99,37,62,42,10,32
S01010721,Whole house or bungalow: Terraced (including end-terrace),76,66,28,38,10,0,10
S01010721,Flat maisonette or apartment or mobile/temporary accommodation,30,17,9,8,13,2,11
S01010722,All people in households,867,631,289,342,236,157,79
S01010722,Whole house or bungalow: Total,845,620,285,335,225,154,71
S01010722,Whole house or bungalow: Detached,271,238,127,111,33,14,19
S01010722,Whole house or bungalow: Semi-detached,343,229,91,138,114,97,17
S01010722,Whole house or bungalow: Terraced (including end-terrace),231,153,67,86,78,43,35
S01010722,Flat maisonette or apartment or mobile/temporary accommodation,22,11,4,7,11,3,8
S01010723,All people in households,901,744,334,410,157,24,133
S01010723,Whole house or bungalow: Total,871,719,322,397,152,24,128
S01010723,Whole house or bungalow: Detached,753,651,291,360,102,1,101
S01010723,Whole house or bungalow: Semi-detached,79,40,16,24,39,23,16
S01010723,Whole house or bungalow: Terraced (including end-terrace),39,28,15,13,11,0,11
S01010723,Flat maisonette or apartment or mobile/temporary accommodation,30,25,12,13,5,0,5
S01010724,All people in households,887,636,277,359,251,107,144
S01010724,Whole house or bungalow: Total,857,624,272,352,233,102,131
S01010724,Whole house or bungalow: Detached,588,513,233,280,75,16,59
S01010724,Whole house or bungalow: Semi-detached,205,91,30,61,114,70,44
S01010724,Whole house or bungalow: Terraced (including end-terrace),64,20,9,11,44,16,28
S01010724,Flat maisonette or apartment or mobile/temporary accommodation,30,12,5,7,18,5,13
S01010725,All people in households,691,590,318,272,101,2,99
S01010725,Whole house or bungalow: Total,680,583,312,271,97,2,95
S01010725,Whole house or bungalow: Detached,607,539,291,248,68,0,68
S01010725,Whole house or bungalow: Semi-detached,72,43,20,23,29,2,27
S01010725,Whole house or bungalow: Terraced (including end-terrace),1,1,1,0,0,0,0
S01010725,Flat maisonette or apartment or mobile/temporary accommodation,11,7,6,1,4,0,4
S01010726,All people in households,921,754,399,355,167,102,65
S01010726,Whole house or bungalow: Total,893,746,397,349,147,86,61
S01010726,Whole house or bungalow: Detached,629,587,324,263,42,0,42
S01010726,Whole house or bungalow: Semi-detached,205,122,48,74,83,73,10
S01010726,Whole house or bungalow: Terraced (including end-terrace),59,37,25,12,22,13,9
S01010726,Flat maisonette or apartment or mobile/temporary accommodation,28,8,2,6,20,16,4
S01010727,All people in households,645,556,293,263,89,27,62
S01010727,Whole house or bungalow: Total,640,555,292,263,85,27,58
S01010727,Whole house or bungalow: Detached,529,490,273,217,39,0,39
S01010727,Whole house or bungalow: Semi-detached,94,60,19,41,34,16,18
S01010727,Whole house or bungalow: Terraced (including end-terrace),17,5,0,5,12,11,1
S01010727,Flat maisonette or apartment or mobile/temporary accommodation,5,1,1,0,4,0,4
S01010728,All people in households,521,463,207,256,58,8,50
S01010728,Whole house or bungalow: Total,516,461,205,256,55,8,47
S01010728,Whole house or bungalow: Detached,461,424,190,234,37,0,37
S01010728,Whole house or bungalow: Semi-detached,46,28,13,15,18,8,10
S01010728,Whole house or bungalow: Terraced (including end-terrace),9,9,2,7,0,0,0
S01010728,Flat maisonette or apartment or mobile/temporary accommodation,5,2,2,0,3,0,3
S01010729,All people in households,723,630,312,318,93,17,76
S01010729,Whole house or bungalow: Total,722,630,312,318,92,16,76
S01010729,Whole house or bungalow: Detached,637,573,294,279,64,0,64
S01010729,Whole house or bungalow: Semi-detached,69,48,17,31,21,13,8
S01010729,Whole house or bungalow: Terraced (including end-terrace),16,9,1,8,7,3,4
S01010729,Flat maisonette or apartment or mobile/temporary accommodation,1,0,0,0,1,1,0
S01010730,All people in households,845,729,365,364,116,17,99
S01010730,Whole house or bungalow: Total,839,725,361,364,114,17,97
S01010730,Whole house or bungalow: Detached,674,598,296,302,76,0,76
S01010730,Whole house or bungalow: Semi-detached,123,93,48,45,30,9,21
S01010730,Whole house or bungalow: Terraced (including end-terrace),42,34,17,17,8,8,0
S01010730,Flat maisonette or apartment or mobile/temporary accommodation,6,4,4,0,2,0,2
S01010731,All people in households,891,598,279,319,293,176,117
S01010731,Whole house or bungalow: Total,839,578,275,303,261,153,108
S01010731,Whole house or bungalow: Detached,328,273,137,136,55,3,52
S01010731,Whole house or bungalow: Semi-detached,239,168,65,103,71,39,32
S01010731,Whole house or bungalow: Terraced (including end-terrace),272,137,73,64,135,111,24
S01010731,Flat maisonette or apartment or mobile/temporary accommodation,52,20,4,16,32,23,9
S01010732,All people in households,840,425,145,280,415,371,44
S01010732,Whole house or bungalow: Total,816,420,145,275,396,359,37
S01010732,Whole house or bungalow: Detached,182,146,65,81,36,27,9
S01010732,Whole house or bungalow: Semi-detached,150,63,25,38,87,73,14
S01010732,Whole house or bungalow: Terraced (including end-terrace),484,211,55,156,273,259,14
S01010732,Flat maisonette or apartment or mobile/temporary accommodation,24,5,0,5,19,12,7
S01010733,All people in households,580,203,58,145,377,347,30
S01010733,Whole house or bungalow: Total,563,197,58,139,366,342,24
S01010733,Whole house or bungalow: Detached,72,35,12,23,37,29,8
S01010733,Whole house or bungalow: Semi-detached,276,97,30,67,179,173,6
S01010733,Whole house or bungalow: Terraced (including end-terrace),215,65,16,49,150,140,10
S01010733,Flat maisonette or apartment or mobile/temporary accommodation,17,6,0,6,11,5,6
S01010734,All people in households,894,385,110,275,509,471,38
S01010734,Whole house or bungalow: Total,850,372,110,262,478,441,37
S01010734,Whole house or bungalow: Detached,213,166,52,114,47,27,20
S01010734,Whole house or bungalow: Semi-detached,269,130,43,87,139,128,11
S01010734,Whole house or bungalow: Terraced (including end-terrace),368,76,15,61,292,286,6
S01010734,Flat maisonette or apartment or mobile/temporary accommodation,44,13,0,13,31,30,1
S01010735,All people in households,644,160,37,123,484,468,16
S01010735,Whole house or bungalow: Total,604,160,37,123,444,428,16
S01010735,Whole house or bungalow: Detached,149,106,17,89,43,30,13
S01010735,Whole house or bungalow: Semi-detached,111,32,11,21,79,76,3
S01010735,Whole house or bungalow: Terraced (including end-terrace),344,22,9,13,322,322,0
S01010735,Flat maisonette or apartment or mobile/temporary accommodation,40,0,0,0,40,40,0
S01010736,All people in households,500,450,211,239,50,17,33
S01010736,Whole house or bungalow: Total,497,450,211,239,47,14,33
S01010736,Whole house or bungalow: Detached,351,336,188,148,15,0,15
S01010736,Whole house or bungalow: Semi-detached,138,114,23,91,24,6,18
S01010736,Whole house or bungalow: Terraced (including end-terrace),8,0,0,0,8,8,0
S01010736,Flat maisonette or apartment or mobile/temporary accommodation,3,0,0,0,3,3,0
S01010737,All people in households,1012,673,289,384,339,225,114
S01010737,Whole house or bungalow: Total,945,643,286,357,302,205,97
S01010737,Whole house or bungalow: Detached,446,390,190,200,56,12,44
S01010737,Whole house or bungalow: Semi-detached,343,180,72,108,163,127,36
S01010737,Whole house or bungalow: Terraced (including end-terrace),156,73,24,49,83,66,17
S01010737,Flat maisonette or apartment or mobile/temporary accommodation,67,30,3,27,37,20,17
S01010738,All people in households,548,323,171,152,225,198,27
S01010738,Whole house or bungalow: Total,542,322,171,151,220,198,22
S01010738,Whole house or bungalow: Detached,96,82,51,31,14,11,3
S01010738,Whole house or bungalow: Semi-detached,432,238,118,120,194,175,19
S01010738,Whole house or bungalow: Terraced (including end-terrace),14,2,2,0,12,12,0
S01010738,Flat maisonette or apartment or mobile/temporary accommodation,6,1,0,1,5,0,5
S01010739,All people in households,870,533,164,369,337,229,108
S01010739,Whole house or bungalow: Total,783,520,164,356,263,195,68
S01010739,Whole house or bungalow: Detached,153,117,47,70,36,12,24
S01010739,Whole house or bungalow: Semi-detached,411,306,85,221,105,73,32
S01010739,Whole house or bungalow: Terraced (including end-terrace),219,97,32,65,122,110,12
S01010739,Flat maisonette or apartment or mobile/temporary accommodation,87,13,0,13,74,34,40
S01010740,All people in households,507,116,47,69,391,375,16
S01010740,Whole house or bungalow: Total,423,106,47,59,317,306,11
S01010740,Whole house or bungalow: Detached,25,9,9,0,16,11,5
S01010740,Whole house or bungalow: Semi-detached,118,38,16,22,80,77,3
S01010740,Whole house or bungalow: Terraced (including end-terrace),280,59,22,37,221,218,3
S01010740,Flat maisonette or apartment or mobile/temporary accommodation,84,10,0,10,74,69,5
S01010741,All people in households,573,437,237,200,136,107,29
S01010741,Whole house or bungalow: Total,555,433,236,197,122,93,29
S01010741,Whole house or bungalow: Detached,293,265,149,116,28,16,12
S01010741,Whole house or bungalow: Semi-detached,188,115,67,48,73,60,13
S01010741,Whole house or bungalow: Terraced (including end-terrace),74,53,20,33,21,17,4
S01010741,Flat maisonette or apartment or mobile/temporary accommodation,18,4,1,3,14,14,0
S01010742,All people in households,730,463,172,291,267,206,61
S01010742,Whole house or bungalow: Total,623,429,166,263,194,162,32
S01010742,Whole house or bungalow: Detached,178,153,65,88,25,15,10
S01010742,Whole house or bungalow: Semi-detached,177,111,24,87,66,62,4
S01010742,Whole house or bungalow: Terraced (including end-terrace),268,165,77,88,103,85,18
S01010742,Flat maisonette or apartment or mobile/temporary accommodation,107,34,6,28,73,44,29
S01010743,All people in households,761,288,94,194,473,450,23
S01010743,Whole house or bungalow: Total,735,287,94,193,448,430,18
S01010743,Whole house or bungalow: Detached,39,19,16,3,20,20,0
S01010743,Whole house or bungalow: Semi-detached,134,57,28,29,77,65,12
S01010743,Whole house or bungalow: Terraced (including end-terrace),562,211,50,161,351,345,6
S01010743,Flat maisonette or apartment or mobile/temporary accommodation,26,1,0,1,25,20,5
S01010744,All people in households,1041,750,365,385,291,221,70
S01010744,Whole house or bungalow: Total,1025,743,361,382,282,213,69
S01010744,Whole house or bungalow: Detached,275,244,139,105,31,15,16
S01010744,Whole house or bungalow: Semi-detached,407,326,158,168,81,36,45
S01010744,Whole house or bungalow: Terraced (including end-terrace),343,173,64,109,170,162,8
S01010744,Flat maisonette or apartment or mobile/temporary accommodation,16,7,4,3,9,8,1
S01010745,All people in households,612,382,182,200,230,133,97
S01010745,Whole house or bungalow: Total,500,355,174,181,145,92,53
S01010745,Whole house or bungalow: Detached,160,143,84,59,17,7,10
S01010745,Whole house or bungalow: Semi-detached,172,115,57,58,57,36,21
S01010745,Whole house or bungalow: Terraced (including end-terrace),168,97,33,64,71,49,22
S01010745,Flat maisonette or apartment or mobile/temporary accommodation,112,27,8,19,85,41,44
S01010746,All people in households,1016,726,309,417,290,113,177
S01010746,Whole house or bungalow: Total,988,710,298,412,278,105,173
S01010746,Whole house or bungalow: Detached,665,564,243,321,101,9,92
S01010746,Whole house or bungalow: Semi-detached,184,96,44,52,88,33,55
S01010746,Whole house or bungalow: Terraced (including end-terrace),139,50,11,39,89,63,26
S01010746,Flat maisonette or apartment or mobile/temporary accommodation,28,16,11,5,12,8,4
S01010747,All people in households,827,490,196,294,337,272,65
S01010747,Whole house or bungalow: Total,804,485,194,291,319,256,63
S01010747,Whole house or bungalow: Detached,329,272,130,142,57,24,33
S01010747,Whole house or bungalow: Semi-detached,250,148,43,105,102,86,16
S01010747,Whole house or bungalow: Terraced (including end-terrace),225,65,21,44,160,146,14
S01010747,Flat maisonette or apartment or mobile/temporary accommodation,23,5,2,3,18,16,2
S01010748,All people in households,631,472,238,234,159,56,103
S01010748,Whole house or bungalow: Total,619,467,234,233,152,52,100
S01010748,Whole house or bungalow: Detached,363,299,167,132,64,0,64
S01010748,Whole house or bungalow: Semi-detached,191,121,47,74,70,38,32
S01010748,Whole house or bungalow: Terraced (including end-terrace),65,47,20,27,18,14,4
S01010748,Flat maisonette or apartment or mobile/temporary accommodation,12,5,4,1,7,4,3
S01010749,All people in households,614,471,256,215,143,34,109
S01010749,Whole house or bungalow: Total,605,467,252,215,138,34,104
S01010749,Whole house or bungalow: Detached,370,329,191,138,41,0,41
S01010749,Whole house or bungalow: Semi-detached,140,82,34,48,58,24,34
S01010749,Whole house or bungalow: Terraced (including end-terrace),95,56,27,29,39,10,29
S01010749,Flat maisonette or apartment or mobile/temporary accommodation,9,4,4,0,5,0,5
S01010750,All people in households,624,485,320,165,139,24,115
S01010750,Whole house or bungalow: Total,620,483,318,165,137,24,113
S01010750,Whole house or bungalow: Detached,387,331,212,119,56,0,56
S01010750,Whole house or bungalow: Semi-detached,139,86,61,25,53,14,39
S01010750,Whole house or bungalow: Terraced (including end-terrace),94,66,45,21,28,10,18
S01010750,Flat maisonette or apartment or mobile/temporary accommodation,4,2,2,0,2,0,2
S01010751,All people in households,745,285,135,150,460,379,81
S01010751,Whole house or bungalow: Total,727,277,135,142,450,371,79
S01010751,Whole house or bungalow: Detached,148,91,46,45,57,26,31
S01010751,Whole house or bungalow: Semi-detached,285,118,55,63,167,128,39
S01010751,Whole house or bungalow: Terraced (including end-terrace),294,68,34,34,226,217,9
S01010751,Flat maisonette or apartment or mobile/temporary accommodation,18,8,0,8,10,8,2
S01010752,All people in households,756,367,141,226,389,244,145
S01010752,Whole house or bungalow: Total,680,344,136,208,336,228,108
S01010752,Whole house or bungalow: Detached,164,122,54,68,42,10,32
S01010752,Whole house or bungalow: Semi-detached,204,102,41,61,102,72,30
S01010752,Whole house or bungalow: Terraced (including end-terrace),312,120,41,79,192,146,46
S01010752,Flat maisonette or apartment or mobile/temporary accommodation,76,23,5,18,53,16,37
S01010753,All people in households,1047,627,240,387,420,372,48
S01010753,Whole house or bungalow: Total,919,617,235,382,302,260,42
S01010753,Whole house or bungalow: Detached,480,429,180,249,51,28,23
S01010753,Whole house or bungalow: Semi-detached,228,121,34,87,107,97,10
S01010753,Whole house or bungalow: Terraced (including end-terrace),211,67,21,46,144,135,9
S01010753,Flat maisonette or apartment or mobile/temporary accommodation,128,10,5,5,118,112,6
S01010754,All people in households,695,440,196,244,255,174,81
S01010754,Whole house or bungalow: Total,571,417,189,228,154,105,49
S01010754,Whole house or bungalow: Detached,234,211,106,105,23,9,14
S01010754,Whole house or bungalow: Semi-detached,200,130,57,73,70,40,30
S01010754,Whole house or bungalow: Terraced (including end-terrace),137,76,26,50,61,56,5
S01010754,Flat maisonette or apartment or mobile/temporary accommodation,124,23,7,16,101,69,32
S01010755,All people in households,626,394,164,230,232,149,83
S01010755,Whole house or bungalow: Total,582,378,159,219,204,131,73
S01010755,Whole house or bungalow: Detached,123,105,40,65,18,1,17
S01010755,Whole house or bungalow: Semi-detached,384,231,102,129,153,107,46
S01010755,Whole house or bungalow: Terraced (including end-terrace),75,42,17,25,33,23,10
S01010755,Flat maisonette or apartment or mobile/temporary accommodation,44,16,5,11,28,18,10
S01010756,All people in households,659,546,258,288,113,36,77
S01010756,Whole house or bungalow: Total,629,541,256,285,88,20,68
S01010756,Whole house or bungalow: Detached,442,397,187,210,45,1,44
S01010756,Whole house or bungalow: Semi-detached,159,119,58,61,40,19,21
S01010756,Whole house or bungalow: Terraced (including end-terrace),28,25,11,14,3,0,3
S01010756,Flat maisonette or apartment or mobile/temporary accommodation,30,5,2,3,25,16,9
S01010757,All people in households,743,530,324,206,213,69,144
S01010757,Whole house or bungalow: Total,726,524,321,203,202,67,135
S01010757,Whole house or bungalow: Detached,517,412,269,143,105,0,105
S01010757,Whole house or bungalow: Semi-detached,191,104,50,54,87,60,27
S01010757,Whole house or bungalow: Terraced (including end-terrace),18,8,2,6,10,7,3
S01010757,Flat maisonette or apartment or mobile/temporary accommodation,17,6,3,3,11,2,9
S01010758,All people in households,677,513,318,195,164,55,109
S01010758,Whole house or bungalow: Total,667,511,316,195,156,51,105
S01010758,Whole house or bungalow: Detached,368,311,215,96,57,2,55
S01010758,Whole house or bungalow: Semi-detached,211,136,68,68,75,35,40
S01010758,Whole house or bungalow: Terraced (including end-terrace),88,64,33,31,24,14,10
S01010758,Flat maisonette or apartment or mobile/temporary accommodation,10,2,2,0,8,4,4
S01010759,All people in households,606,413,164,249,193,145,48
S01010759,Whole house or bungalow: Total,550,402,162,240,148,105,43
S01010759,Whole house or bungalow: Detached,135,121,74,47,14,7,7
S01010759,Whole house or bungalow: Semi-detached,349,249,71,178,100,68,32
S01010759,Whole house or bungalow: Terraced (including end-terrace),66,32,17,15,34,30,4
S01010759,Flat maisonette or apartment or mobile/temporary accommodation,56,11,2,9,45,40,5
S01010760,All people in households,566,399,249,150,167,110,57
S01010760,Whole house or bungalow: Total,539,390,246,144,149,98,51
S01010760,Whole house or bungalow: Detached,290,258,177,81,32,8,24
S01010760,Whole house or bungalow: Semi-detached,219,118,62,56,101,78,23
S01010760,Whole house or bungalow: Terraced (including end-terrace),30,14,7,7,16,12,4
S01010760,Flat maisonette or apartment or mobile/temporary accommodation,27,9,3,6,18,12,6
S01010761,All people in households,527,393,222,171,134,9,125
S01010761,Whole house or bungalow: Total,518,388,220,168,130,9,121
S01010761,Whole house or bungalow: Detached,435,333,190,143,102,0,102
S01010761,Whole house or bungalow: Semi-detached,65,44,25,19,21,2,19
S01010761,Whole house or bungalow: Terraced (including end-terrace),18,11,5,6,7,7,0
S01010761,Flat maisonette or apartment or mobile/temporary accommodation,9,5,2,3,4,0,4
S01010762,All people in households,598,461,246,215,137,55,82
S01010762,Whole house or bungalow: Total,591,454,245,209,137,55,82
S01010762,Whole house or bungalow: Detached,419,351,199,152,68,9,59
S01010762,Whole house or bungalow: Semi-detached,120,84,43,41,36,28,8
S01010762,Whole house or bungalow: Terraced (including end-terrace),52,19,3,16,33,18,15
S01010762,Flat maisonette or apartment or mobile/temporary accommodation,7,7,1,6,0,0,0
S01010763,All people in households,681,454,282,172,227,164,63
S01010763,Whole house or bungalow: Total,665,446,277,169,219,161,58
S01010763,Whole house or bungalow: Detached,325,280,196,84,45,8,37
S01010763,Whole house or bungalow: Semi-detached,285,121,58,63,164,150,14
S01010763,Whole house or bungalow: Terraced (including end-terrace),55,45,23,22,10,3,7
S01010763,Flat maisonette or apartment or mobile/temporary accommodation,16,8,5,3,8,3,5
S01010764,All people in households,576,436,277,159,140,41,99
S01010764,Whole house or bungalow: Total,560,422,263,159,138,41,97
S01010764,Whole house or bungalow: Detached,451,376,239,137,75,3,72
S01010764,Whole house or bungalow: Semi-detached,103,43,24,19,60,35,25
S01010764,Whole house or bungalow: Terraced (including end-terrace),6,3,0,3,3,3,0
S01010764,Flat maisonette or apartment or mobile/temporary accommodation,16,14,14,0,2,0,2
S01010765,All people in households,1005,689,434,255,316,166,150
S01010765,Whole house or bungalow: Total,981,680,428,252,301,160,141
S01010765,Whole house or bungalow: Detached,575,472,315,157,103,3,100
S01010765,Whole house or bungalow: Semi-detached,361,190,95,95,171,138,33
S01010765,Whole house or bungalow: Terraced (including end-terrace),45,18,18,0,27,19,8
S01010765,Flat maisonette or apartment or mobile/temporary accommodation,24,9,6,3,15,6,9
S01010766,All people in households,779,529,277,252,250,146,104
S01010766,Whole house or bungalow: Total,753,526,277,249,227,137,90
S01010766,Whole house or bungalow: Detached,264,225,128,97,39,2,37
S01010766,Whole house or bungalow: Semi-detached,373,234,124,110,139,90,49
S01010766,Whole house or bungalow: Terraced (including end-terrace),116,67,25,42,49,45,4
S01010766,Flat maisonette or apartment or mobile/temporary accommodation,26,3,0,3,23,9,14
S01010767,All people in households,706,412,239,173,294,243,51
S01010767,Whole house or bungalow: Total,673,407,235,172,266,220,46
S01010767,Whole house or bungalow: Detached,208,172,127,45,36,16,20
S01010767,Whole house or bungalow: Semi-detached,291,155,80,75,136,118,18
S01010767,Whole house or bungalow: Terraced (including end-terrace),174,80,28,52,94,86,8
S01010767,Flat maisonette or apartment or mobile/temporary accommodation,33,5,4,1,28,23,5
S01010768,All people in households,576,376,236,140,200,151,49
S01010768,Whole house or bungalow: Total,562,373,235,138,189,148,41
S01010768,Whole house or bungalow: Detached,107,85,57,28,22,11,11
S01010768,Whole house or bungalow: Semi-detached,364,244,152,92,120,102,18
S01010768,Whole house or bungalow: Terraced (including end-terrace),91,44,26,18,47,35,12
S01010768,Flat maisonette or apartment or mobile/temporary accommodation,14,3,1,2,11,3,8
S01010769,All people in households,483,388,266,122,95,9,86
S01010769,Whole house or bungalow: Total,480,386,264,122,94,9,85
S01010769,Whole house or bungalow: Detached,426,360,257,103,66,2,64
S01010769,Whole house or bungalow: Semi-detached,28,14,6,8,14,2,12
S01010769,Whole house or bungalow: Terraced (including end-terrace),26,12,1,11,14,5,9
S01010769,Flat maisonette or apartment or mobile/temporary accommodation,3,2,2,0,1,0,1
S01010770,All people in households,862,555,237,318,307,184,123
S01010770,Whole house or bungalow: Total,831,554,237,317,277,171,106
S01010770,Whole house or bungalow: Detached,296,222,107,115,74,16,58
S01010770,Whole house or bungalow: Semi-detached,411,280,109,171,131,99,32
S01010770,Whole house or bungalow: Terraced (including end-terrace),124,52,21,31,72,56,16
S01010770,Flat maisonette or apartment or mobile/temporary accommodation,31,1,0,1,30,13,17
S01010771,All people in households,864,561,366,195,303,188,115
S01010771,Whole house or bungalow: Total,824,551,363,188,273,165,108
S01010771,Whole house or bungalow: Detached,392,311,219,92,81,9,72
S01010771,Whole house or bungalow: Semi-detached,351,189,103,86,162,129,33
S01010771,Whole house or bungalow: Terraced (including end-terrace),81,51,41,10,30,27,3
S01010771,Flat maisonette or apartment or mobile/temporary accommodation,40,10,3,7,30,23,7
S01010772,All people in households,737,542,380,162,195,85,110
S01010772,Whole house or bungalow: Total,731,538,376,162,193,83,110
S01010772,Whole house or bungalow: Detached,465,397,285,112,68,6,62
S01010772,Whole house or bungalow: Semi-detached,230,126,79,47,104,62,42
S01010772,Whole house or bungalow: Terraced (including end-terrace),36,15,12,3,21,15,6
S01010772,Flat maisonette or apartment or mobile/temporary accommodation,6,4,4,0,2,2,0
S01010773,All people in households,785,653,368,285,132,67,65
S01010773,Whole house or bungalow: Total,758,637,352,285,121,59,62
S01010773,Whole house or bungalow: Detached,604,555,313,242,49,0,49
S01010773,Whole house or bungalow: Semi-detached,141,80,39,41,61,49,12
S01010773,Whole house or bungalow: Terraced (including end-terrace),13,2,0,2,11,10,1
S01010773,Flat maisonette or apartment or mobile/temporary accommodation,27,16,16,0,11,8,3
S01010774,All people in households,721,497,258,239,224,144,80
S01010774,Whole house or bungalow: Total,699,491,255,236,208,141,67
S01010774,Whole house or bungalow: Detached,318,281,176,105,37,12,25
S01010774,Whole house or bungalow: Semi-detached,241,138,55,83,103,73,30
S01010774,Whole house or bungalow: Terraced (including end-terrace),140,72,24,48,68,56,12
S01010774,Flat maisonette or apartment or mobile/temporary accommodation,22,6,3,3,16,3,13
S01010775,All people in households,643,567,271,296,76,27,49
S01010775,Whole house or bungalow: Total,623,550,262,288,73,24,49
S01010775,Whole house or bungalow: Detached,388,360,184,176,28,0,28
S01010775,Whole house or bungalow: Semi-detached,217,180,78,102,37,16,21
S01010775,Whole house or bungalow: Terraced (including end-terrace),18,10,0,10,8,8,0
S01010775,Flat maisonette or apartment or mobile/temporary accommodation,20,17,9,8,3,3,0
S01010776,All people in households,540,379,170,209,161,116,45
S01010776,Whole house or bungalow: Total,490,364,166,198,126,88,38
S01010776,Whole house or bungalow: Detached,36,28,16,12,8,4,4
S01010776,Whole house or bungalow: Semi-detached,112,80,36,44,32,28,4
S01010776,Whole house or bungalow: Terraced (including end-terrace),342,256,114,142,86,56,30
S01010776,Flat maisonette or apartment or mobile/temporary accommodation,50,15,4,11,35,28,7
S01010777,All people in households,494,268,117,151,226,184,42
S01010777,Whole house or bungalow: Total,372,254,111,143,118,87,31
S01010777,Whole house or bungalow: Detached,48,21,10,11,27,11,16
S01010777,Whole house or bungalow: Semi-detached,108,68,37,31,40,36,4
S01010777,Whole house or bungalow: Terraced (including end-terrace),216,165,64,101,51,40,11
S01010777,Flat maisonette or apartment or mobile/temporary accommodation,122,14,6,8,108,97,11
S01010778,All people in households,491,178,69,109,313,292,21
S01010778,Whole house or bungalow: Total,392,170,63,107,222,204,18
S01010778,Whole house or bungalow: Detached,54,33,14,19,21,18,3
S01010778,Whole house or bungalow: Semi-detached,157,50,26,24,107,101,6
S01010778,Whole house or bungalow: Terraced (including end-terrace),181,87,23,64,94,85,9
S01010778,Flat maisonette or apartment or mobile/temporary accommodation,99,8,6,2,91,88,3
S01010779,All people in households,769,375,185,190,394,336,58
S01010779,Whole house or bungalow: Total,536,322,155,167,214,170,44
S01010779,Whole house or bungalow: Detached,154,136,72,64,18,8,10
S01010779,Whole house or bungalow: Semi-detached,266,119,56,63,147,132,15
S01010779,Whole house or bungalow: Terraced (including end-terrace),116,67,27,40,49,30,19
S01010779,Flat maisonette or apartment or mobile/temporary accommodation,233,53,30,23,180,166,14
S01010780,All people in households,561,425,208,217,136,105,31
S01010780,Whole house or bungalow: Total,515,412,201,211,103,74,29
S01010780,Whole house or bungalow: Detached,130,116,75,41,14,7,7
S01010780,Whole house or bungalow: Semi-detached,239,168,87,81,71,55,16
S01010780,Whole house or bungalow: Terraced (including end-terrace),146,128,39,89,18,12,6
S01010780,Flat maisonette or apartment or mobile/temporary accommodation,46,13,7,6,33,31,2
S01010781,All people in households,777,610,264,346,167,88,79
S01010781,Whole house or bungalow: Total,702,588,253,335,114,50,64
S01010781,Whole house or bungalow: Detached,212,198,102,96,14,0,14
S01010781,Whole house or bungalow: Semi-detached,177,147,46,101,30,11,19
S01010781,Whole house or bungalow: Terraced (including end-terrace),313,243,105,138,70,39,31
S01010781,Flat maisonette or apartment or mobile/temporary accommodation,75,22,11,11,53,38,15
S01010782,All people in households,590,395,167,228,195,140,55
S01010782,Whole house or bungalow: Total,453,342,160,182,111,80,31
S01010782,Whole house or bungalow: Detached,172,158,76,82,14,5,9
S01010782,Whole house or bungalow: Semi-detached,169,112,58,54,57,46,11
S01010782,Whole house or bungalow: Terraced (including end-terrace),112,72,26,46,40,29,11
S01010782,Flat maisonette or apartment or mobile/temporary accommodation,137,53,7,46,84,60,24
S01010783,All people in households,550,335,148,187,215,154,61
S01010783,Whole house or bungalow: Total,406,290,118,172,116,72,44
S01010783,Whole house or bungalow: Detached,51,42,30,12,9,6,3
S01010783,Whole house or bungalow: Semi-detached,172,122,54,68,50,35,15
S01010783,Whole house or bungalow: Terraced (including end-terrace),183,126,34,92,57,31,26
S01010783,Flat maisonette or apartment or mobile/temporary accommodation,144,45,30,15,99,82,17
S01010784,All people in households,743,369,122,247,374,323,51
S01010784,Whole house or bungalow: Total,732,367,120,247,365,316,49
S01010784,Whole house or bungalow: Detached,83,49,11,38,34,20,14
S01010784,Whole house or bungalow: Semi-detached,333,156,64,92,177,155,22
S01010784,Whole house or bungalow: Terraced (including end-terrace),316,162,45,117,154,141,13
S01010784,Flat maisonette or apartment or mobile/temporary accommodation,11,2,2,0,9,7,2
S01010785,All people in households,683,589,293,296,94,67,27
S01010785,Whole house or bungalow: Total,613,564,275,289,49,29,20
S01010785,Whole house or bungalow: Detached,475,457,226,231,18,0,18
S01010785,Whole house or bungalow: Semi-detached,73,48,23,25,25,23,2
S01010785,Whole house or bungalow: Terraced (including end-terrace),65,59,26,33,6,6,0
S01010785,Flat maisonette or apartment or mobile/temporary accommodation,70,25,18,7,45,38,7
S01010786,All people in households,654,563,180,383,91,62,29
S01010786,Whole house or bungalow: Total,649,559,178,381,90,61,29
S01010786,Whole house or bungalow: Detached,364,347,114,233,17,3,14
S01010786,Whole house or bungalow: Semi-detached,255,195,63,132,60,48,12
S01010786,Whole house or bungalow: Terraced (including end-terrace),30,17,1,16,13,10,3
S01010786,Flat maisonette or apartment or mobile/temporary accommodation,5,4,2,2,1,1,0
S01010787,All people in households,913,690,350,340,223,126,97
S01010787,Whole house or bungalow: Total,899,684,344,340,215,120,95
S01010787,Whole house or bungalow: Detached,543,486,238,248,57,9,48
S01010787,Whole house or bungalow: Semi-detached,309,181,100,81,128,93,35
S01010787,Whole house or bungalow: Terraced (including end-terrace),47,17,6,11,30,18,12
S01010787,Flat maisonette or apartment or mobile/temporary accommodation,14,6,6,0,8,6,2
S01010788,All people in households,622,477,229,248,145,64,81
S01010788,Whole house or bungalow: Total,596,472,227,245,124,53,71
S01010788,Whole house or bungalow: Detached,396,330,165,165,66,14,52
S01010788,Whole house or bungalow: Semi-detached,156,109,59,50,47,32,15
S01010788,Whole house or bungalow: Terraced (including end-terrace),44,33,3,30,11,7,4
S01010788,Flat maisonette or apartment or mobile/temporary accommodation,26,5,2,3,21,11,10
S01010789,All people in households,729,571,276,295,158,113,45
S01010789,Whole house or bungalow: Total,698,550,255,295,148,108,40
S01010789,Whole house or bungalow: Detached,461,436,213,223,25,1,24
S01010789,Whole house or bungalow: Semi-detached,185,92,32,60,93,85,8
S01010789,Whole house or bungalow: Terraced (including end-terrace),52,22,10,12,30,22,8
S01010789,Flat maisonette or apartment or mobile/temporary accommodation,31,21,21,0,10,5,5
S01010790,All people in households,668,565,357,208,103,42,61
S01010790,Whole house or bungalow: Total,652,562,354,208,90,34,56
S01010790,Whole house or bungalow: Detached,563,511,322,189,52,0,52
S01010790,Whole house or bungalow: Semi-detached,83,50,32,18,33,33,0
S01010790,Whole house or bungalow: Terraced (including end-terrace),6,1,0,1,5,1,4
S01010790,Flat maisonette or apartment or mobile/temporary accommodation,16,3,3,0,13,8,5
S01010791,All people in households,835,723,417,306,112,48,64
S01010791,Whole house or bungalow: Total,821,716,413,303,105,48,57
S01010791,Whole house or bungalow: Detached,662,624,364,260,38,2,36
S01010791,Whole house or bungalow: Semi-detached,142,83,47,36,59,41,18
S01010791,Whole house or bungalow: Terraced (including end-terrace),17,9,2,7,8,5,3
S01010791,Flat maisonette or apartment or mobile/temporary accommodation,14,7,4,3,7,0,7
S01010792,All people in households,620,367,162,205,253,221,32
S01010792,Whole house or bungalow: Total,611,367,162,205,244,214,30
S01010792,Whole house or bungalow: Detached,136,105,67,38,31,20,11
S01010792,Whole house or bungalow: Semi-detached,359,213,71,142,146,130,16
S01010792,Whole house or bungalow: Terraced (including end-terrace),116,49,24,25,67,64,3
S01010792,Flat maisonette or apartment or mobile/temporary accommodation,9,0,0,0,9,7,2
S01010793,All people in households,649,541,273,268,108,39,69
S01010793,Whole house or bungalow: Total,648,541,273,268,107,38,69
S01010793,Whole house or bungalow: Detached,431,376,228,148,55,5,50
S01010793,Whole house or bungalow: Semi-detached,182,143,44,99,39,20,19
S01010793,Whole house or bungalow: Terraced (including end-terrace),35,22,1,21,13,13,0
S01010793,Flat maisonette or apartment or mobile/temporary accommodation,1,0,0,0,1,1,0
S01010794,All people in households,550,420,170,250,130,46,84
S01010794,Whole house or bungalow: Total,526,406,167,239,120,42,78
S01010794,Whole house or bungalow: Detached,379,334,146,188,45,5,40
S01010794,Whole house or bungalow: Semi-detached,99,56,12,44,43,18,25
S01010794,Whole house or bungalow: Terraced (including end-terrace),48,16,9,7,32,19,13
S01010794,Flat maisonette or apartment or mobile/temporary accommodation,24,14,3,11,10,4,6
S01010795,All people in households,982,791,400,391,191,95,96
S01010795,Whole house or bungalow: Total,963,789,400,389,174,90,84
S01010795,Whole house or bungalow: Detached,575,531,266,265,44,3,41
S01010795,Whole house or bungalow: Semi-detached,305,199,103,96,106,75,31
S01010795,Whole house or bungalow: Terraced (including end-terrace),83,59,31,28,24,12,12
S01010795,Flat maisonette or apartment or mobile/temporary accommodation,19,2,0,2,17,5,12
S01010796,All people in households,829,700,394,306,129,32,97
S01010796,Whole house or bungalow: Total,813,685,384,301,128,32,96
S01010796,Whole house or bungalow: Detached,705,620,358,262,85,0,85
S01010796,Whole house or bungalow: Semi-detached,101,62,25,37,39,28,11
S01010796,Whole house or bungalow: Terraced (including end-terrace),7,3,1,2,4,4,0
S01010796,Flat maisonette or apartment or mobile/temporary accommodation,16,15,10,5,1,0,1
S01010797,All people in households,762,643,309,334,119,48,71
S01010797,Whole house or bungalow: Total,756,642,308,334,114,43,71
S01010797,Whole house or bungalow: Detached,497,463,242,221,34,0,34
S01010797,Whole house or bungalow: Semi-detached,236,171,66,105,65,36,29
S01010797,Whole house or bungalow: Terraced (including end-terrace),23,8,0,8,15,7,8
S01010797,Flat maisonette or apartment or mobile/temporary accommodation,6,1,1,0,5,5,0
S01010798,All people in households,667,556,322,234,111,48,63
S01010798,Whole house or bungalow: Total,659,550,320,230,109,47,62
S01010798,Whole house or bungalow: Detached,471,427,241,186,44,0,44
S01010798,Whole house or bungalow: Semi-detached,141,96,67,29,45,30,15
S01010798,Whole house or bungalow: Terraced (including end-terrace),47,27,12,15,20,17,3
S01010798,Flat maisonette or apartment or mobile/temporary accommodation,8,6,2,4,2,1,1
S01010799,All people in households,891,556,296,260,335,199,136
S01010799,Whole house or bungalow: Total,660,477,270,207,183,102,81
S01010799,Whole house or bungalow: Detached,90,83,48,35,7,4,3
S01010799,Whole house or bungalow: Semi-detached,257,170,102,68,87,44,43
S01010799,Whole house or bungalow: Terraced (including end-terrace),313,224,120,104,89,54,35
S01010799,Flat maisonette or apartment or mobile/temporary accommodation,231,79,26,53,152,97,55
S01010800,All people in households,731,443,197,246,288,246,42
S01010800,Whole house or bungalow: Total,681,440,197,243,241,201,40
S01010800,Whole house or bungalow: Detached,40,18,11,7,22,10,12
S01010800,Whole house or bungalow: Semi-detached,355,244,101,143,111,94,17
S01010800,Whole house or bungalow: Terraced (including end-terrace),286,178,85,93,108,97,11
S01010800,Flat maisonette or apartment or mobile/temporary accommodation,50,3,0,3,47,45,2
S01010801,All people in households,708,482,240,242,226,189,37
S01010801,Whole house or bungalow: Total,694,479,240,239,215,186,29
S01010801,Whole house or bungalow: Detached,46,42,21,21,4,4,0
S01010801,Whole house or bungalow: Semi-detached,260,187,97,90,73,58,15
S01010801,Whole house or bungalow: Terraced (including end-terrace),388,250,122,128,138,124,14
S01010801,Flat maisonette or apartment or mobile/temporary accommodation,14,3,0,3,11,3,8
S01010802,All people in households,565,375,151,224,190,143,47
S01010802,Whole house or bungalow: Total,475,370,151,219,105,65,40
S01010802,Whole house or bungalow: Detached,70,51,21,30,19,5,14
S01010802,Whole house or bungalow: Semi-detached,299,241,99,142,58,38,20
S01010802,Whole house or bungalow: Terraced (including end-terrace),106,78,31,47,28,22,6
S01010802,Flat maisonette or apartment or mobile/temporary accommodation,90,5,0,5,85,78,7
S01010803,All people in households,589,282,129,153,307,246,61
S01010803,Whole house or bungalow: Total,482,258,115,143,224,187,37
S01010803,Whole house or bungalow: Detached,73,63,24,39,10,2,8
S01010803,Whole house or bungalow: Semi-detached,322,132,73,59,190,170,20
S01010803,Whole house or bungalow: Terraced (including end-terrace),87,63,18,45,24,15,9
S01010803,Flat maisonette or apartment or mobile/temporary accommodation,107,24,14,10,83,59,24
S01010804,All people in households,588,400,220,180,188,129,59
S01010804,Whole house or bungalow: Total,544,394,215,179,150,95,55
S01010804,Whole house or bungalow: Detached,188,161,106,55,27,8,19
S01010804,Whole house or bungalow: Semi-detached,266,175,81,94,91,64,27
S01010804,Whole house or bungalow: Terraced (including end-terrace),90,58,28,30,32,23,9
S01010804,Flat maisonette or apartment or mobile/temporary accommodation,44,6,5,1,38,34,4
S01010805,All people in households,853,620,320,300,233,177,56
S01010805,Whole house or bungalow: Total,771,586,301,285,185,142,43
S01010805,Whole house or bungalow: Detached,243,212,134,78,31,13,18
S01010805,Whole house or bungalow: Semi-detached,347,254,125,129,93,83,10
S01010805,Whole house or bungalow: Terraced (including end-terrace),181,120,42,78,61,46,15
S01010805,Flat maisonette or apartment or mobile/temporary accommodation,82,34,19,15,48,35,13
S01010806,All people in households,916,466,219,247,450,396,54
S01010806,Whole house or bungalow: Total,868,465,219,246,403,356,47
S01010806,Whole house or bungalow: Detached,200,165,94,71,35,28,7
S01010806,Whole house or bungalow: Semi-detached,341,158,50,108,183,163,20
S01010806,Whole house or bungalow: Terraced (including end-terrace),327,142,75,67,185,165,20
S01010806,Flat maisonette or apartment or mobile/temporary accommodation,48,1,0,1,47,40,7
S01010807,All people in households,570,353,172,181,217,185,32
S01010807,Whole house or bungalow: Total,528,340,172,168,188,168,20
S01010807,Whole house or bungalow: Detached,39,36,18,18,3,2,1
S01010807,Whole house or bungalow: Semi-detached,420,272,141,131,148,134,14
S01010807,Whole house or bungalow: Terraced (including end-terrace),69,32,13,19,37,32,5
S01010807,Flat maisonette or apartment or mobile/temporary accommodation,42,13,0,13,29,17,12
S01010808,All people in households,553,363,171,192,190,162,28
S01010808,Whole house or bungalow: Total,521,351,170,181,170,146,24
S01010808,Whole house or bungalow: Detached,32,23,13,10,9,6,3
S01010808,Whole house or bungalow: Semi-detached,378,263,132,131,115,101,14
S01010808,Whole house or bungalow: Terraced (including end-terrace),111,65,25,40,46,39,7
S01010808,Flat maisonette or apartment or mobile/temporary accommodation,32,12,1,11,20,16,4
S01010809,All people in households,724,593,274,319,131,65,66
S01010809,Whole house or bungalow: Total,713,590,271,319,123,60,63
S01010809,Whole house or bungalow: Detached,393,366,166,200,27,0,27
S01010809,Whole house or bungalow: Semi-detached,289,211,101,110,78,44,34
S01010809,Whole house or bungalow: Terraced (including end-terrace),31,13,4,9,18,16,2
S01010809,Flat maisonette or apartment or mobile/temporary accommodation,11,3,3,0,8,5,3
S01010810,All people in households,480,363,253,110,117,72,45
S01010810,Whole house or bungalow: Total,468,351,243,108,117,72,45
S01010810,Whole house or bungalow: Detached,357,310,220,90,47,12,35
S01010810,Whole house or bungalow: Semi-detached,68,23,15,8,45,38,7
S01010810,Whole house or bungalow: Terraced (including end-terrace),43,18,8,10,25,22,3
S01010810,Flat maisonette or apartment or mobile/temporary accommodation,12,12,10,2,0,0,0
S01010811,All people in households,847,578,383,195,269,99,170
S01010811,Whole house or bungalow: Total,838,575,382,193,263,93,170
S01010811,Whole house or bungalow: Detached,620,490,346,144,130,4,126
S01010811,Whole house or bungalow: Semi-detached,154,71,32,39,83,49,34
S01010811,Whole house or bungalow: Terraced (including end-terrace),64,14,4,10,50,40,10
S01010811,Flat maisonette or apartment or mobile/temporary accommodation,9,3,1,2,6,6,0
S01010812,All people in households,515,381,242,139,134,69,65
S01010812,Whole house or bungalow: Total,506,374,235,139,132,69,63
S01010812,Whole house or bungalow: Detached,362,305,207,98,57,5,52
S01010812,Whole house or bungalow: Semi-detached,120,52,21,31,68,57,11
S01010812,Whole house or bungalow: Terraced (including end-terrace),24,17,7,10,7,7,0
S01010812,Flat maisonette or apartment or mobile/temporary accommodation,9,7,7,0,2,0,2
S01010813,All people in households,534,346,198,148,188,122,66
S01010813,Whole house or bungalow: Total,462,314,193,121,148,88,60
S01010813,Whole house or bungalow: Detached,212,169,122,47,43,4,39
S01010813,Whole house or bungalow: Semi-detached,206,125,59,66,81,62,19
S01010813,Whole house or bungalow: Terraced (including end-terrace),44,20,12,8,24,22,2
S01010813,Flat maisonette or apartment or mobile/temporary accommodation,72,32,5,27,40,34,6
S01010814,All people in households,620,485,296,189,135,60,75
S01010814,Whole house or bungalow: Total,604,473,286,187,131,58,73
S01010814,Whole house or bungalow: Detached,469,410,254,156,59,2,57
S01010814,Whole house or bungalow: Semi-detached,122,54,30,24,68,56,12
S01010814,Whole house or bungalow: Terraced (including end-terrace),13,9,2,7,4,0,4
S01010814,Flat maisonette or apartment or mobile/temporary accommodation,16,12,10,2,4,2,2
S01010815,All people in households,442,269,190,79,173,77,96
S01010815,Whole house or bungalow: Total,441,269,190,79,172,76,96
S01010815,Whole house or bungalow: Detached,274,204,154,50,70,11,59
S01010815,Whole house or bungalow: Semi-detached,152,61,32,29,91,55,36
S01010815,Whole house or bungalow: Terraced (including end-terrace),15,4,4,0,11,10,1
S01010815,Flat maisonette or apartment or mobile/temporary accommodation,1,0,0,0,1,1,0
S01010816,All people in households,634,539,255,284,95,35,60
S01010816,Whole house or bungalow: Total,375,350,157,193,25,10,15
S01010816,Whole house or bungalow: Detached,268,262,105,157,6,0,6
S01010816,Whole house or bungalow: Semi-detached,86,75,41,34,11,3,8
S01010816,Whole house or bungalow: Terraced (including end-terrace),21,13,11,2,8,7,1
S01010816,Flat maisonette or apartment or mobile/temporary accommodation,259,189,98,91,70,25,45
S01010817,All people in households,905,789,335,454,116,19,97
S01010817,Whole house or bungalow: Total,773,713,306,407,60,12,48
S01010817,Whole house or bungalow: Detached,529,505,230,275,24,0,24
S01010817,Whole house or bungalow: Semi-detached,153,131,51,80,22,9,13
S01010817,Whole house or bungalow: Terraced (including end-terrace),91,77,25,52,14,3,11
S01010817,Flat maisonette or apartment or mobile/temporary accommodation,132,76,29,47,56,7,49
S01010818,All people in households,1014,861,351,510,153,28,125
S01010818,Whole house or bungalow: Total,716,656,249,407,60,14,46
S01010818,Whole house or bungalow: Detached,422,408,157,251,14,0,14
S01010818,Whole house or bungalow: Semi-detached,179,162,55,107,17,6,11
S01010818,Whole house or bungalow: Terraced (including end-terrace),115,86,37,49,29,8,21
S01010818,Flat maisonette or apartment or mobile/temporary accommodation,298,205,102,103,93,14,79
S01010819,All people in households,805,663,276,387,142,69,73
S01010819,Whole house or bungalow: Total,659,557,230,327,102,55,47
S01010819,Whole house or bungalow: Detached,233,208,92,116,25,4,21
S01010819,Whole house or bungalow: Semi-detached,210,176,72,104,34,22,12
S01010819,Whole house or bungalow: Terraced (including end-terrace),216,173,66,107,43,29,14
S01010819,Flat maisonette or apartment or mobile/temporary accommodation,146,106,46,60,40,14,26
S01010820,All people in households,526,456,203,253,70,1,69
S01010820,Whole house or bungalow: Total,479,421,192,229,58,1,57
S01010820,Whole house or bungalow: Detached,301,278,155,123,23,1,22
S01010820,Whole house or bungalow: Semi-detached,108,83,25,58,25,0,25
S01010820,Whole house or bungalow: Terraced (including end-terrace),70,60,12,48,10,0,10
S01010820,Flat maisonette or apartment or mobile/temporary accommodation,47,35,11,24,12,0,12
S01010821,All people in households,597,522,250,272,75,22,53
S01010821,Whole house or bungalow: Total,562,507,238,269,55,9,46
S01010821,Whole house or bungalow: Detached,492,461,231,230,31,0,31
S01010821,Whole house or bungalow: Semi-detached,58,40,3,37,18,9,9
S01010821,Whole house or bungalow: Terraced (including end-terrace),12,6,4,2,6,0,6
S01010821,Flat maisonette or apartment or mobile/temporary accommodation,35,15,12,3,20,13,7
S01010822,All people in households,663,546,201,345,117,11,106
S01010822,Whole house or bungalow: Total,504,444,156,288,60,5,55
S01010822,Whole house or bungalow: Detached,379,349,127,222,30,0,30
S01010822,Whole house or bungalow: Semi-detached,90,68,21,47,22,1,21
S01010822,Whole house or bungalow: Terraced (including end-terrace),35,27,8,19,8,4,4
S01010822,Flat maisonette or apartment or mobile/temporary accommodation,159,102,45,57,57,6,51
S01010823,All people in households,435,342,43,299,93,54,39
S01010823,Whole house or bungalow: Total,399,330,41,289,69,42,27
S01010823,Whole house or bungalow: Detached,60,40,17,23,20,1,19
S01010823,Whole house or bungalow: Semi-detached,167,151,6,145,16,16,0
S01010823,Whole house or bungalow: Terraced (including end-terrace),172,139,18,121,33,25,8
S01010823,Flat maisonette or apartment or mobile/temporary accommodation,36,12,2,10,24,12,12
S01010824,All people in households,758,699,85,614,59,28,31
S01010824,Whole house or bungalow: Total,738,691,84,607,47,16,31
S01010824,Whole house or bungalow: Detached,580,564,66,498,16,0,16
S01010824,Whole house or bungalow: Semi-detached,137,119,14,105,18,3,15
S01010824,Whole house or bungalow: Terraced (including end-terrace),21,8,4,4,13,13,0
S01010824,Flat maisonette or apartment or mobile/temporary accommodation,20,8,1,7,12,12,0
S01010825,All people in households,355,328,58,270,27,1,26
S01010825,Whole house or bungalow: Total,329,308,42,266,21,0,21
S01010825,Whole house or bungalow: Detached,300,281,38,243,19,0,19
S01010825,Whole house or bungalow: Semi-detached,21,19,3,16,2,0,2
S01010825,Whole house or bungalow: Terraced (including end-terrace),8,8,1,7,0,0,0
S01010825,Flat maisonette or apartment or mobile/temporary accommodation,26,20,16,4,6,1,5
S01010826,All people in households,755,640,246,394,115,14,101
S01010826,Whole house or bungalow: Total,584,528,184,344,56,9,47
S01010826,Whole house or bungalow: Detached,372,357,127,230,15,0,15
S01010826,Whole house or bungalow: Semi-detached,201,163,57,106,38,7,31
S01010826,Whole house or bungalow: Terraced (including end-terrace),11,8,0,8,3,2,1
S01010826,Flat maisonette or apartment or mobile/temporary accommodation,171,112,62,50,59,5,54
S01010827,All people in households,598,580,165,415,18,5,13
S01010827,Whole house or bungalow: Total,561,550,157,393,11,3,8
S01010827,Whole house or bungalow: Detached,241,237,86,151,4,0,4
S01010827,Whole house or bungalow: Semi-detached,316,309,71,238,7,3,4
S01010827,Whole house or bungalow: Terraced (including end-terrace),4,4,0,4,0,0,0
S01010827,Flat maisonette or apartment or mobile/temporary accommodation,37,30,8,22,7,2,5
S01010828,All people in households,1239,1178,282,896,61,38,23
S01010828,Whole house or bungalow: Total,1163,1120,253,867,43,33,10
S01010828,Whole house or bungalow: Detached,860,839,192,647,21,14,7
S01010828,Whole house or bungalow: Semi-detached,276,256,56,200,20,17,3
S01010828,Whole house or bungalow: Terraced (including end-terrace),27,25,5,20,2,2,0
S01010828,Flat maisonette or apartment or mobile/temporary accommodation,76,58,29,29,18,5,13
S01010829,All people in households,900,722,310,412,178,57,121
S01010829,Whole house or bungalow: Total,528,455,214,241,73,38,35
S01010829,Whole house or bungalow: Detached,279,278,128,150,1,0,1
S01010829,Whole house or bungalow: Semi-detached,99,66,31,35,33,16,17
S01010829,Whole house or bungalow: Terraced (including end-terrace),150,111,55,56,39,22,17
S01010829,Flat maisonette or apartment or mobile/temporary accommodation,372,267,96,171,105,19,86
S01010830,All people in households,556,463,139,324,93,33,60
S01010830,Whole house or bungalow: Total,521,445,135,310,76,30,46
S01010830,Whole house or bungalow: Detached,174,157,56,101,17,8,9
S01010830,Whole house or bungalow: Semi-detached,162,149,37,112,13,4,9
S01010830,Whole house or bungalow: Terraced (including end-terrace),185,139,42,97,46,18,28
S01010830,Flat maisonette or apartment or mobile/temporary accommodation,35,18,4,14,17,3,14
S01010831,All people in households,598,563,49,514,35,16,19
S01010831,Whole house or bungalow: Total,585,554,49,505,31,12,19
S01010831,Whole house or bungalow: Detached,422,411,38,373,11,0,11
S01010831,Whole house or bungalow: Semi-detached,139,122,9,113,17,12,5
S01010831,Whole house or bungalow: Terraced (including end-terrace),24,21,2,19,3,0,3
S01010831,Flat maisonette or apartment or mobile/temporary accommodation,13,9,0,9,4,4,0
S01010832,All people in households,730,631,152,479,99,23,76
S01010832,Whole house or bungalow: Total,710,619,148,471,91,23,68
S01010832,Whole house or bungalow: Detached,96,69,22,47,27,0,27
S01010832,Whole house or bungalow: Semi-detached,419,394,86,308,25,2,23
S01010832,Whole house or bungalow: Terraced (including end-terrace),195,156,40,116,39,21,18
S01010832,Flat maisonette or apartment or mobile/temporary accommodation,20,12,4,8,8,0,8
S01010833,All people in households,902,877,263,614,25,4,21
S01010833,Whole house or bungalow: Total,795,782,208,574,13,4,9
S01010833,Whole house or bungalow: Detached,685,678,170,508,7,0,7
S01010833,Whole house or bungalow: Semi-detached,105,99,35,64,6,4,2
S01010833,Whole house or bungalow: Terraced (including end-terrace),5,5,3,2,0,0,0
S01010833,Flat maisonette or apartment or mobile/temporary accommodation,107,95,55,40,12,0,12
S01010834,All people in households,916,856,418,438,60,9,51
S01010834,Whole house or bungalow: Total,664,643,266,377,21,6,15
S01010834,Whole house or bungalow: Detached,422,408,163,245,14,0,14
S01010834,Whole house or bungalow: Semi-detached,172,171,69,102,1,0,1
S01010834,Whole house or bungalow: Terraced (including end-terrace),70,64,34,30,6,6,0
S01010834,Flat maisonette or apartment or mobile/temporary accommodation,252,213,152,61,39,3,36
S01010835,All people in households,645,629,322,307,16,0,16
S01010835,Whole house or bungalow: Total,599,585,298,287,14,0,14
S01010835,Whole house or bungalow: Detached,335,321,179,142,14,0,14
S01010835,Whole house or bungalow: Semi-detached,244,244,110,134,0,0,0
S01010835,Whole house or bungalow: Terraced (including end-terrace),20,20,9,11,0,0,0
S01010835,Flat maisonette or apartment or mobile/temporary accommodation,46,44,24,20,2,0,2
S01010836,All people in households,771,662,288,374,109,12,97
S01010836,Whole house or bungalow: Total,347,315,161,154,32,3,29
S01010836,Whole house or bungalow: Detached,156,155,83,72,1,0,1
S01010836,Whole house or bungalow: Semi-detached,158,133,63,70,25,0,25
S01010836,Whole house or bungalow: Terraced (including end-terrace),33,27,15,12,6,3,3
S01010836,Flat maisonette or apartment or mobile/temporary accommodation,424,347,127,220,77,9,68
S01010837,All people in households,660,581,249,332,79,46,33
S01010837,Whole house or bungalow: Total,473,437,187,250,36,22,14
S01010837,Whole house or bungalow: Detached,66,64,32,32,2,2,0
S01010837,Whole house or bungalow: Semi-detached,337,311,130,181,26,14,12
S01010837,Whole house or bungalow: Terraced (including end-terrace),70,62,25,37,8,6,2
S01010837,Flat maisonette or apartment or mobile/temporary accommodation,187,144,62,82,43,24,19
S01010838,All people in households,842,703,223,480,139,96,43
S01010838,Whole house or bungalow: Total,562,492,155,337,70,44,26
S01010838,Whole house or bungalow: Detached,64,59,28,31,5,1,4
S01010838,Whole house or bungalow: Semi-detached,365,310,102,208,55,36,19
S01010838,Whole house or bungalow: Terraced (including end-terrace),133,123,25,98,10,7,3
S01010838,Flat maisonette or apartment or mobile/temporary accommodation,280,211,68,143,69,52,17
S01010839,All people in households,729,625,225,400,104,69,35
S01010839,Whole house or bungalow: Total,500,468,164,304,32,25,7
S01010839,Whole house or bungalow: Detached,90,90,42,48,0,0,0
S01010839,Whole house or bungalow: Semi-detached,202,185,65,120,17,10,7
S01010839,Whole house or bungalow: Terraced (including end-terrace),208,193,57,136,15,15,0
S01010839,Flat maisonette or apartment or mobile/temporary accommodation,229,157,61,96,72,44,28
S01010840,All people in households,490,379,160,219,111,19,92
S01010840,Whole house or bungalow: Total,75,64,17,47,11,8,3
S01010840,Whole house or bungalow: Detached,19,19,4,15,0,0,0
S01010840,Whole house or bungalow: Semi-detached,45,34,8,26,11,8,3
S01010840,Whole house or bungalow: Terraced (including end-terrace),11,11,5,6,0,0,0
S01010840,Flat maisonette or apartment or mobile/temporary accommodation,415,315,143,172,100,11,89
S01010841,All people in households,748,581,230,351,167,21,146
S01010841,Whole house or bungalow: Total,175,154,56,98,21,11,10
S01010841,Whole house or bungalow: Detached,25,25,12,13,0,0,0
S01010841,Whole house or bungalow: Semi-detached,111,106,32,74,5,5,0
S01010841,Whole house or bungalow: Terraced (including end-terrace),39,23,12,11,16,6,10
S01010841,Flat maisonette or apartment or mobile/temporary accommodation,573,427,174,253,146,10,136
S01010842,All people in households,899,417,181,236,482,222,260
S01010842,Whole house or bungalow: Total,138,100,28,72,38,22,16
S01010842,Whole house or bungalow: Detached,22,17,7,10,5,0,5
S01010842,Whole house or bungalow: Semi-detached,59,51,12,39,8,6,2
S01010842,Whole house or bungalow: Terraced (including end-terrace),57,32,9,23,25,16,9
S01010842,Flat maisonette or apartment or mobile/temporary accommodation,761,317,153,164,444,200,244
S01010843,All people in households,643,365,158,207,278,134,144
S01010843,Whole house or bungalow: Total,60,55,31,24,5,4,1
S01010843,Whole house or bungalow: Detached,18,18,12,6,0,0,0
S01010843,Whole house or bungalow: Semi-detached,32,31,18,13,1,1,0
S01010843,Whole house or bungalow: Terraced (including end-terrace),10,6,1,5,4,3,1
S01010843,Flat maisonette or apartment or mobile/temporary accommodation,583,310,127,183,273,130,143
S01010844,All people in households,668,636,282,354,32,14,18
S01010844,Whole house or bungalow: Total,561,554,247,307,7,1,6
S01010844,Whole house or bungalow: Detached,188,186,86,100,2,0,2
S01010844,Whole house or bungalow: Semi-detached,242,238,100,138,4,0,4
S01010844,Whole house or bungalow: Terraced (including end-terrace),131,130,61,69,1,1,0
S01010844,Flat maisonette or apartment or mobile/temporary accommodation,107,82,35,47,25,13,12
S01010845,All people in households,619,544,242,302,75,44,31
S01010845,Whole house or bungalow: Total,486,456,207,249,30,18,12
S01010845,Whole house or bungalow: Detached,114,114,58,56,0,0,0
S01010845,Whole house or bungalow: Semi-detached,225,212,98,114,13,9,4
S01010845,Whole house or bungalow: Terraced (including end-terrace),147,130,51,79,17,9,8
S01010845,Flat maisonette or apartment or mobile/temporary accommodation,133,88,35,53,45,26,19
S01010846,All people in households,765,575,151,424,190,147,43
S01010846,Whole house or bungalow: Total,230,193,59,134,37,29,8
S01010846,Whole house or bungalow: Detached,42,42,15,27,0,0,0
S01010846,Whole house or bungalow: Semi-detached,161,133,40,93,28,20,8
S01010846,Whole house or bungalow: Terraced (including end-terrace),27,18,4,14,9,9,0
S01010846,Flat maisonette or apartment or mobile/temporary accommodation,535,382,92,290,153,118,35
S01010847,All people in households,649,600,137,463,49,21,28
S01010847,Whole house or bungalow: Total,586,561,128,433,25,10,15
S01010847,Whole house or bungalow: Detached,204,202,56,146,2,0,2
S01010847,Whole house or bungalow: Semi-detached,279,274,60,214,5,0,5
S01010847,Whole house or bungalow: Terraced (including end-terrace),103,85,12,73,18,10,8
S01010847,Flat maisonette or apartment or mobile/temporary accommodation,63,39,9,30,24,11,13
S01010848,All people in households,665,336,105,231,329,276,53
S01010848,Whole house or bungalow: Total,381,216,61,155,165,127,38
S01010848,Whole house or bungalow: Detached,34,25,5,20,9,5,4
S01010848,Whole house or bungalow: Semi-detached,205,122,37,85,83,76,7
S01010848,Whole house or bungalow: Terraced (including end-terrace),142,69,19,50,73,46,27
S01010848,Flat maisonette or apartment or mobile/temporary accommodation,284,120,44,76,164,149,15
S01010849,All people in households,951,499,153,346,452,394,58
S01010849,Whole house or bungalow: Total,753,457,138,319,296,250,46
S01010849,Whole house or bungalow: Detached,65,46,3,43,19,18,1
S01010849,Whole house or bungalow: Semi-detached,442,264,87,177,178,138,40
S01010849,Whole house or bungalow: Terraced (including end-terrace),246,147,48,99,99,94,5
S01010849,Flat maisonette or apartment or mobile/temporary accommodation,198,42,15,27,156,144,12
S01010850,All people in households,801,406,112,294,395,349,46
S01010850,Whole house or bungalow: Total,649,372,105,267,277,238,39
S01010850,Whole house or bungalow: Detached,55,21,1,20,34,32,2
S01010850,Whole house or bungalow: Semi-detached,223,137,40,97,86,70,16
S01010850,Whole house or bungalow: Terraced (including end-terrace),371,214,64,150,157,136,21
S01010850,Flat maisonette or apartment or mobile/temporary accommodation,152,34,7,27,118,111,7
S01010851,All people in households,814,430,106,324,384,302,82
S01010851,Whole house or bungalow: Total,734,425,102,323,309,232,77
S01010851,Whole house or bungalow: Detached,21,10,5,5,11,7,4
S01010851,Whole house or bungalow: Semi-detached,348,203,46,157,145,116,29
S01010851,Whole house or bungalow: Terraced (including end-terrace),365,212,51,161,153,109,44
S01010851,Flat maisonette or apartment or mobile/temporary accommodation,80,5,4,1,75,70,5
S01010852,All people in households,722,558,155,403,164,139,25
S01010852,Whole house or bungalow: Total,685,538,144,394,147,125,22
S01010852,Whole house or bungalow: Detached,34,27,10,17,7,7,0
S01010852,Whole house or bungalow: Semi-detached,206,142,28,114,64,55,9
S01010852,Whole house or bungalow: Terraced (including end-terrace),445,369,106,263,76,63,13
S01010852,Flat maisonette or apartment or mobile/temporary accommodation,37,20,11,9,17,14,3
S01010853,All people in households,882,688,209,479,194,149,45
S01010853,Whole house or bungalow: Total,840,662,195,467,178,137,41
S01010853,Whole house or bungalow: Detached,81,78,23,55,3,0,3
S01010853,Whole house or bungalow: Semi-detached,310,245,91,154,65,57,8
S01010853,Whole house or bungalow: Terraced (including end-terrace),449,339,81,258,110,80,30
S01010853,Flat maisonette or apartment or mobile/temporary accommodation,42,26,14,12,16,12,4
S01010854,All people in households,923,441,111,330,482,436,46
S01010854,Whole house or bungalow: Total,823,420,98,322,403,358,45
S01010854,Whole house or bungalow: Detached,41,9,2,7,32,30,2
S01010854,Whole house or bungalow: Semi-detached,408,201,68,133,207,181,26
S01010854,Whole house or bungalow: Terraced (including end-terrace),374,210,28,182,164,147,17
S01010854,Flat maisonette or apartment or mobile/temporary accommodation,100,21,13,8,79,78,1
S01010855,All people in households,560,372,113,259,188,139,49
S01010855,Whole house or bungalow: Total,505,337,104,233,168,128,40
S01010855,Whole house or bungalow: Detached,29,17,4,13,12,10,2
S01010855,Whole house or bungalow: Semi-detached,241,149,55,94,92,64,28
S01010855,Whole house or bungalow: Terraced (including end-terrace),235,171,45,126,64,54,10
S01010855,Flat maisonette or apartment or mobile/temporary accommodation,55,35,9,26,20,11,9
S01010856,All people in households,869,539,202,337,330,278,52
S01010856,Whole house or bungalow: Total,668,488,182,306,180,153,27
S01010856,Whole house or bungalow: Detached,30,27,7,20,3,2,1
S01010856,Whole house or bungalow: Semi-detached,253,201,89,112,52,37,15
S01010856,Whole house or bungalow: Terraced (including end-terrace),385,260,86,174,125,114,11
S01010856,Flat maisonette or apartment or mobile/temporary accommodation,201,51,20,31,150,125,25
S01010857,All people in households,842,633,103,530,209,180,29
S01010857,Whole house or bungalow: Total,681,549,80,469,132,114,18
S01010857,Whole house or bungalow: Detached,162,147,30,117,15,11,4
S01010857,Whole house or bungalow: Semi-detached,423,331,43,288,92,79,13
S01010857,Whole house or bungalow: Terraced (including end-terrace),96,71,7,64,25,24,1
S01010857,Flat maisonette or apartment or mobile/temporary accommodation,161,84,23,61,77,66,11
S01010858,All people in households,725,475,149,326,250,210,40
S01010858,Whole house or bungalow: Total,528,367,109,258,161,133,28
S01010858,Whole house or bungalow: Detached,34,26,15,11,8,2,6
S01010858,Whole house or bungalow: Semi-detached,370,273,82,191,97,79,18
S01010858,Whole house or bungalow: Terraced (including end-terrace),124,68,12,56,56,52,4
S01010858,Flat maisonette or apartment or mobile/temporary accommodation,197,108,40,68,89,77,12
S01010859,All people in households,734,448,90,358,286,248,38
S01010859,Whole house or bungalow: Total,591,389,71,318,202,184,18
S01010859,Whole house or bungalow: Detached,27,9,7,2,18,18,0
S01010859,Whole house or bungalow: Semi-detached,265,186,32,154,79,70,9
S01010859,Whole house or bungalow: Terraced (including end-terrace),299,194,32,162,105,96,9
S01010859,Flat maisonette or apartment or mobile/temporary accommodation,143,59,19,40,84,64,20
S01010860,All people in households,626,447,143,304,179,143,36
S01010860,Whole house or bungalow: Total,512,380,128,252,132,103,29
S01010860,Whole house or bungalow: Detached,47,46,7,39,1,1,0
S01010860,Whole house or bungalow: Semi-detached,332,236,89,147,96,70,26
S01010860,Whole house or bungalow: Terraced (including end-terrace),133,98,32,66,35,32,3
S01010860,Flat maisonette or apartment or mobile/temporary accommodation,114,67,15,52,47,40,7
S01010861,All people in households,649,322,101,221,327,249,78
S01010861,Whole house or bungalow: Total,169,67,13,54,102,84,18
S01010861,Whole house or bungalow: Detached,16,8,0,8,8,4,4
S01010861,Whole house or bungalow: Semi-detached,94,40,8,32,54,41,13
S01010861,Whole house or bungalow: Terraced (including end-terrace),59,19,5,14,40,39,1
S01010861,Flat maisonette or apartment or mobile/temporary accommodation,480,255,88,167,225,165,60
S01010862,All people in households,540,113,25,88,427,391,36
S01010862,Whole house or bungalow: Total,397,95,22,73,302,272,30
S01010862,Whole house or bungalow: Detached,37,7,4,3,30,19,11
S01010862,Whole house or bungalow: Semi-detached,248,53,10,43,195,187,8
S01010862,Whole house or bungalow: Terraced (including end-terrace),112,35,8,27,77,66,11
S01010862,Flat maisonette or apartment or mobile/temporary accommodation,143,18,3,15,125,119,6
S01010863,All people in households,747,625,260,365,122,45,77
S01010863,Whole house or bungalow: Total,590,523,234,289,67,27,40
S01010863,Whole house or bungalow: Detached,171,154,78,76,17,4,13
S01010863,Whole house or bungalow: Semi-detached,233,202,73,129,31,15,16
S01010863,Whole house or bungalow: Terraced (including end-terrace),186,167,83,84,19,8,11
S01010863,Flat maisonette or apartment or mobile/temporary accommodation,157,102,26,76,55,18,37
S01010864,All people in households,560,523,262,261,37,3,34
S01010864,Whole house or bungalow: Total,426,422,203,219,4,0,4
S01010864,Whole house or bungalow: Detached,261,261,141,120,0,0,0
S01010864,Whole house or bungalow: Semi-detached,160,156,62,94,4,0,4
S01010864,Whole house or bungalow: Terraced (including end-terrace),5,5,0,5,0,0,0
S01010864,Flat maisonette or apartment or mobile/temporary accommodation,134,101,59,42,33,3,30
S01010865,All people in households,699,630,356,274,69,22,47
S01010865,Whole house or bungalow: Total,393,352,179,173,41,13,28
S01010865,Whole house or bungalow: Detached,131,125,61,64,6,0,6
S01010865,Whole house or bungalow: Semi-detached,234,210,112,98,24,7,17
S01010865,Whole house or bungalow: Terraced (including end-terrace),28,17,6,11,11,6,5
S01010865,Flat maisonette or apartment or mobile/temporary accommodation,306,278,177,101,28,9,19
S01010866,All people in households,657,556,257,299,101,48,53
S01010866,Whole house or bungalow: Total,454,420,198,222,34,21,13
S01010866,Whole house or bungalow: Detached,128,122,57,65,6,3,3
S01010866,Whole house or bungalow: Semi-detached,259,239,104,135,20,11,9
S01010866,Whole house or bungalow: Terraced (including end-terrace),67,59,37,22,8,7,1
S01010866,Flat maisonette or apartment or mobile/temporary accommodation,203,136,59,77,67,27,40
S01010867,All people in households,632,527,231,296,105,58,47
S01010867,Whole house or bungalow: Total,312,301,145,156,11,8,3
S01010867,Whole house or bungalow: Detached,110,109,52,57,1,0,1
S01010867,Whole house or bungalow: Semi-detached,141,131,64,67,10,8,2
S01010867,Whole house or bungalow: Terraced (including end-terrace),61,61,29,32,0,0,0
S01010867,Flat maisonette or apartment or mobile/temporary accommodation,320,226,86,140,94,50,44
S01010868,All people in households,702,605,274,331,97,64,33
S01010868,Whole house or bungalow: Total,266,247,114,133,19,11,8
S01010868,Whole house or bungalow: Detached,77,72,33,39,5,3,2
S01010868,Whole house or bungalow: Semi-detached,122,108,46,62,14,8,6
S01010868,Whole house or bungalow: Terraced (including end-terrace),67,67,35,32,0,0,0
S01010868,Flat maisonette or apartment or mobile/temporary accommodation,436,358,160,198,78,53,25
S01010869,All people in households,756,707,311,396,49,9,40
S01010869,Whole house or bungalow: Total,516,497,239,258,19,4,15
S01010869,Whole house or bungalow: Detached,161,157,79,78,4,0,4
S01010869,Whole house or bungalow: Semi-detached,296,290,136,154,6,4,2
S01010869,Whole house or bungalow: Terraced (including end-terrace),59,50,24,26,9,0,9
S01010869,Flat maisonette or apartment or mobile/temporary accommodation,240,210,72,138,30,5,25
S01010870,All people in households,771,564,249,315,207,45,162
S01010870,Whole house or bungalow: Total,136,118,47,71,18,9,9
S01010870,Whole house or bungalow: Detached,59,47,18,29,12,6,6
S01010870,Whole house or bungalow: Semi-detached,52,50,14,36,2,1,1
S01010870,Whole house or bungalow: Terraced (including end-terrace),25,21,15,6,4,2,2
S01010870,Flat maisonette or apartment or mobile/temporary accommodation,635,446,202,244,189,36,153
S01010871,All people in households,853,628,216,412,225,21,204
S01010871,Whole house or bungalow: Total,159,145,66,79,14,1,13
S01010871,Whole house or bungalow: Detached,62,59,31,28,3,1,2
S01010871,Whole house or bungalow: Semi-detached,86,75,32,43,11,0,11
S01010871,Whole house or bungalow: Terraced (including end-terrace),11,11,3,8,0,0,0
S01010871,Flat maisonette or apartment or mobile/temporary accommodation,694,483,150,333,211,20,191
S01010872,All people in households,715,481,124,357,234,74,160
S01010872,Whole house or bungalow: Total,53,49,9,40,4,2,2
S01010872,Whole house or bungalow: Detached,15,13,3,10,2,0,2
S01010872,Whole house or bungalow: Semi-detached,23,23,5,18,0,0,0
S01010872,Whole house or bungalow: Terraced (including end-terrace),15,13,1,12,2,2,0
S01010872,Flat maisonette or apartment or mobile/temporary accommodation,662,432,115,317,230,72,158
S01010873,All people in households,547,132,54,78,415,311,104
S01010873,Whole house or bungalow: Total,17,10,3,7,7,7,0
S01010873,Whole house or bungalow: Detached,2,2,0,2,0,0,0
S01010873,Whole house or bungalow: Semi-detached,10,6,1,5,4,4,0
S01010873,Whole house or bungalow: Terraced (including end-terrace),5,2,2,0,3,3,0
S01010873,Flat maisonette or apartment or mobile/temporary accommodation,530,122,51,71,408,304,104
S01010874,All people in households,771,643,203,440,128,15,113
S01010874,Whole house or bungalow: Total,215,194,84,110,21,0,21
S01010874,Whole house or bungalow: Detached,42,30,14,16,12,0,12
S01010874,Whole house or bungalow: Semi-detached,113,110,47,63,3,0,3
S01010874,Whole house or bungalow: Terraced (including end-terrace),60,54,23,31,6,0,6
S01010874,Flat maisonette or apartment or mobile/temporary accommodation,556,449,119,330,107,15,92
S01010875,All people in households,517,342,101,241,175,52,123
S01010875,Whole house or bungalow: Total,74,68,28,40,6,0,6
S01010875,Whole house or bungalow: Detached,16,15,7,8,1,0,1
S01010875,Whole house or bungalow: Semi-detached,35,32,10,22,3,0,3
S01010875,Whole house or bungalow: Terraced (including end-terrace),23,21,11,10,2,0,2
S01010875,Flat maisonette or apartment or mobile/temporary accommodation,443,274,73,201,169,52,117
S01010876,All people in households,740,286,117,169,454,277,177
S01010876,Whole house or bungalow: Total,60,50,23,27,10,4,6
S01010876,Whole house or bungalow: Detached,17,17,13,4,0,0,0
S01010876,Whole house or bungalow: Semi-detached,37,30,8,22,7,4,3
S01010876,Whole house or bungalow: Terraced (including end-terrace),6,3,2,1,3,0,3
S01010876,Flat maisonette or apartment or mobile/temporary accommodation,680,236,94,142,444,273,171
S01010877,All people in households,958,580,226,354,378,246,132
S01010877,Whole house or bungalow: Total,323,307,152,155,16,0,16
S01010877,Whole house or bungalow: Detached,44,44,21,23,0,0,0
S01010877,Whole house or bungalow: Semi-detached,232,220,116,104,12,0,12
S01010877,Whole house or bungalow: Terraced (including end-terrace),47,43,15,28,4,0,4
S01010877,Flat maisonette or apartment or mobile/temporary accommodation,635,273,74,199,362,246,116
S01010878,All people in households,977,674,284,390,303,157,146
S01010878,Whole house or bungalow: Total,430,344,138,206,86,52,34
S01010878,Whole house or bungalow: Detached,36,34,20,14,2,0,2
S01010878,Whole house or bungalow: Semi-detached,308,263,108,155,45,22,23
S01010878,Whole house or bungalow: Terraced (including end-terrace),86,47,10,37,39,30,9
S01010878,Flat maisonette or apartment or mobile/temporary accommodation,547,330,146,184,217,105,112
S01010879,All people in households,829,654,223,431,175,122,53
S01010879,Whole house or bungalow: Total,558,483,162,321,75,48,27
S01010879,Whole house or bungalow: Detached,103,94,44,50,9,0,9
S01010879,Whole house or bungalow: Semi-detached,281,237,79,158,44,29,15
S01010879,Whole house or bungalow: Terraced (including end-terrace),174,152,39,113,22,19,3
S01010879,Flat maisonette or apartment or mobile/temporary accommodation,271,171,61,110,100,74,26
S01010880,All people in households,549,284,124,160,265,230,35
S01010880,Whole house or bungalow: Total,322,247,111,136,75,59,16
S01010880,Whole house or bungalow: Detached,8,8,1,7,0,0,0
S01010880,Whole house or bungalow: Semi-detached,196,155,70,85,41,28,13
S01010880,Whole house or bungalow: Terraced (including end-terrace),118,84,40,44,34,31,3
S01010880,Flat maisonette or apartment or mobile/temporary accommodation,227,37,13,24,190,171,19
S01010881,All people in households,621,545,222,323,76,53,23
S01010881,Whole house or bungalow: Total,374,339,142,197,35,24,11
S01010881,Whole house or bungalow: Detached,17,16,6,10,1,1,0
S01010881,Whole house or bungalow: Semi-detached,288,265,109,156,23,16,7
S01010881,Whole house or bungalow: Terraced (including end-terrace),69,58,27,31,11,7,4
S01010881,Flat maisonette or apartment or mobile/temporary accommodation,247,206,80,126,41,29,12
S01010882,All people in households,557,473,121,352,84,66,18
S01010882,Whole house or bungalow: Total,494,459,114,345,35,18,17
S01010882,Whole house or bungalow: Detached,25,17,2,15,8,1,7
S01010882,Whole house or bungalow: Semi-detached,76,72,24,48,4,3,1
S01010882,Whole house or bungalow: Terraced (including end-terrace),393,370,88,282,23,14,9
S01010882,Flat maisonette or apartment or mobile/temporary accommodation,63,14,7,7,49,48,1
S01010883,All people in households,839,722,185,537,117,102,15
S01010883,Whole house or bungalow: Total,569,562,111,451,7,7,0
S01010883,Whole house or bungalow: Detached,537,534,102,432,3,3,0
S01010883,Whole house or bungalow: Semi-detached,12,11,9,2,1,1,0
S01010883,Whole house or bungalow: Terraced (including end-terrace),20,17,0,17,3,3,0
S01010883,Flat maisonette or apartment or mobile/temporary accommodation,270,160,74,86,110,95,15
S01010884,All people in households,723,281,125,156,442,381,61
S01010884,Whole house or bungalow: Total,171,132,69,63,39,37,2
S01010884,Whole house or bungalow: Detached,24,21,8,13,3,3,0
S01010884,Whole house or bungalow: Semi-detached,58,46,28,18,12,11,1
S01010884,Whole house or bungalow: Terraced (including end-terrace),89,65,33,32,24,23,1
S01010884,Flat maisonette or apartment or mobile/temporary accommodation,552,149,56,93,403,344,59
S01010885,All people in households,946,325,90,235,621,509,112
S01010885,Whole house or bungalow: Total,70,43,9,34,27,26,1
S01010885,Whole house or bungalow: Detached,34,31,7,24,3,3,0
S01010885,Whole house or bungalow: Semi-detached,4,3,2,1,1,1,0
S01010885,Whole house or bungalow: Terraced (including end-terrace),32,9,0,9,23,22,1
S01010885,Flat maisonette or apartment or mobile/temporary accommodation,876,282,81,201,594,483,111
S01010886,All people in households,448,237,77,160,211,118,93
S01010886,Whole house or bungalow: Total,21,17,1,16,4,2,2
S01010886,Whole house or bungalow: Detached,7,7,0,7,0,0,0
S01010886,Whole house or bungalow: Semi-detached,11,10,1,9,1,1,0
S01010886,Whole house or bungalow: Terraced (including end-terrace),3,0,0,0,3,1,2
S01010886,Flat maisonette or apartment or mobile/temporary accommodation,427,220,76,144,207,116,91
S01010887,All people in households,821,309,105,204,512,447,65
S01010887,Whole house or bungalow: Total,188,164,39,125,24,12,12
S01010887,Whole house or bungalow: Detached,14,14,1,13,0,0,0
S01010887,Whole house or bungalow: Semi-detached,64,45,12,33,19,9,10
S01010887,Whole house or bungalow: Terraced (including end-terrace),110,105,26,79,5,3,2
S01010887,Flat maisonette or apartment or mobile/temporary accommodation,633,145,66,79,488,435,53
S01010888,All people in households,768,428,198,230,340,226,114
S01010888,Whole house or bungalow: Total,180,157,87,70,23,23,0
S01010888,Whole house or bungalow: Detached,13,10,8,2,3,3,0
S01010888,Whole house or bungalow: Semi-detached,84,69,42,27,15,15,0
S01010888,Whole house or bungalow: Terraced (including end-terrace),83,78,37,41,5,5,0
S01010888,Flat maisonette or apartment or mobile/temporary accommodation,588,271,111,160,317,203,114
S01010889,All people in households,524,166,39,127,358,283,75
S01010889,Whole house or bungalow: Total,16,7,6,1,9,7,2
S01010889,Whole house or bungalow: Detached,0,0,0,0,0,0,0
S01010889,Whole house or bungalow: Semi-detached,6,3,3,0,3,3,0
S01010889,Whole house or bungalow: Terraced (including end-terrace),10,4,3,1,6,4,2
S01010889,Flat maisonette or apartment or mobile/temporary accommodation,508,159,33,126,349,276,73
S01010890,All people in households,769,341,161,180,428,305,123
S01010890,Whole house or bungalow: Total,11,6,1,5,5,5,0
S01010890,Whole house or bungalow: Detached,1,1,0,1,0,0,0
S01010890,Whole house or bungalow: Semi-detached,1,1,1,0,0,0,0
S01010890,Whole house or bungalow: Terraced (including end-terrace),9,4,0,4,5,5,0
S01010890,Flat maisonette or apartment or mobile/temporary accommodation,758,335,160,175,423,300,123
S01010891,All people in households,397,83,34,49,314,203,111
S01010891,Whole house or bungalow: Total,19,13,5,8,6,5,1
S01010891,Whole house or bungalow: Detached,7,3,0,3,4,3,1
S01010891,Whole house or bungalow: Semi-detached,0,0,0,0,0,0,0
S01010891,Whole house or bungalow: Terraced (including end-terrace),12,10,5,5,2,2,0
S01010891,Flat maisonette or apartment or mobile/temporary accommodation,378,70,29,41,308,198,110
S01010892,All people in households,819,350,128,222,469,338,131
S01010892,Whole house or bungalow: Total,62,34,14,20,28,26,2
S01010892,Whole house or bungalow: Detached,20,17,11,6,3,3,0
S01010892,Whole house or bungalow: Semi-detached,22,8,0,8,14,12,2
S01010892,Whole house or bungalow: Terraced (including end-terrace),20,9,3,6,11,11,0
S01010892,Flat maisonette or apartment or mobile/temporary accommodation,757,316,114,202,441,312,129
S01010893,All people in households,511,158,64,94,353,292,61
S01010893,Whole house or bungalow: Total,58,28,14,14,30,22,8
S01010893,Whole house or bungalow: Detached,9,8,8,0,1,1,0
S01010893,Whole house or bungalow: Semi-detached,15,14,4,10,1,0,1
S01010893,Whole house or bungalow: Terraced (including end-terrace),34,6,2,4,28,21,7
S01010893,Flat maisonette or apartment or mobile/temporary accommodation,453,130,50,80,323,270,53
S01010894,All people in households,596,298,57,241,298,203,95
S01010894,Whole house or bungalow: Total,91,76,17,59,15,12,3
S01010894,Whole house or bungalow: Detached,28,26,2,24,2,0,2
S01010894,Whole house or bungalow: Semi-detached,41,35,9,26,6,6,0
S01010894,Whole house or bungalow: Terraced (including end-terrace),22,15,6,9,7,6,1
S01010894,Flat maisonette or apartment or mobile/temporary accommodation,505,222,40,182,283,191,92
S01010895,All people in households,411,203,106,97,208,184,24
S01010895,Whole house or bungalow: Total,108,103,57,46,5,2,3
S01010895,Whole house or bungalow: Detached,10,8,4,4,2,0,2
S01010895,Whole house or bungalow: Semi-detached,65,64,37,27,1,0,1
S01010895,Whole house or bungalow: Terraced (including end-terrace),33,31,16,15,2,2,0
S01010895,Flat maisonette or apartment or mobile/temporary accommodation,303,100,49,51,203,182,21
S01010896,All people in households,667,338,143,195,329,277,52
S01010896,Whole house or bungalow: Total,268,190,81,109,78,59,19
S01010896,Whole house or bungalow: Detached,17,12,3,9,5,2,3
S01010896,Whole house or bungalow: Semi-detached,170,121,52,69,49,37,12
S01010896,Whole house or bungalow: Terraced (including end-terrace),81,57,26,31,24,20,4
S01010896,Flat maisonette or apartment or mobile/temporary accommodation,399,148,62,86,251,218,33
S01010897,All people in households,836,242,99,143,594,579,15
S01010897,Whole house or bungalow: Total,623,121,53,68,502,493,9
S01010897,Whole house or bungalow: Detached,68,20,10,10,48,44,4
S01010897,Whole house or bungalow: Semi-detached,391,61,26,35,330,325,5
S01010897,Whole house or bungalow: Terraced (including end-terrace),164,40,17,23,124,124,0
S01010897,Flat maisonette or apartment or mobile/temporary accommodation,213,121,46,75,92,86,6
S01010898,All people in households,596,285,81,204,311,289,22
S01010898,Whole house or bungalow: Total,497,265,74,191,232,220,12
S01010898,Whole house or bungalow: Detached,40,14,7,7,26,17,9
S01010898,Whole house or bungalow: Semi-detached,349,168,54,114,181,178,3
S01010898,Whole house or bungalow: Terraced (including end-terrace),108,83,13,70,25,25,0
S01010898,Flat maisonette or apartment or mobile/temporary accommodation,99,20,7,13,79,69,10
S01010899,All people in households,584,469,109,360,115,73,42
S01010899,Whole house or bungalow: Total,551,451,98,353,100,68,32
S01010899,Whole house or bungalow: Detached,59,52,5,47,7,1,6
S01010899,Whole house or bungalow: Semi-detached,262,195,34,161,67,53,14
S01010899,Whole house or bungalow: Terraced (including end-terrace),230,204,59,145,26,14,12
S01010899,Flat maisonette or apartment or mobile/temporary accommodation,33,18,11,7,15,5,10
S01010900,All people in households,688,350,91,259,338,174,164
S01010900,Whole house or bungalow: Total,285,184,72,112,101,82,19
S01010900,Whole house or bungalow: Detached,36,21,3,18,15,7,8
S01010900,Whole house or bungalow: Semi-detached,120,75,39,36,45,45,0
S01010900,Whole house or bungalow: Terraced (including end-terrace),129,88,30,58,41,30,11
S01010900,Flat maisonette or apartment or mobile/temporary accommodation,403,166,19,147,237,92,145
S01010901,All people in households,465,141,65,76,324,307,17
S01010901,Whole house or bungalow: Total,359,104,52,52,255,246,9
S01010901,Whole house or bungalow: Detached,30,8,4,4,22,22,0
S01010901,Whole house or bungalow: Semi-detached,285,76,44,32,209,201,8
S01010901,Whole house or bungalow: Terraced (including end-terrace),44,20,4,16,24,23,1
S01010901,Flat maisonette or apartment or mobile/temporary accommodation,106,37,13,24,69,61,8
S01010902,All people in households,957,625,223,402,332,291,41
S01010902,Whole house or bungalow: Total,836,575,211,364,261,232,29
S01010902,Whole house or bungalow: Detached,55,36,21,15,19,19,0
S01010902,Whole house or bungalow: Semi-detached,603,438,145,293,165,139,26
S01010902,Whole house or bungalow: Terraced (including end-terrace),178,101,45,56,77,74,3
S01010902,Flat maisonette or apartment or mobile/temporary accommodation,121,50,12,38,71,59,12
S01010903,All people in households,793,220,83,137,573,538,35
S01010903,Whole house or bungalow: Total,361,132,52,80,229,207,22
S01010903,Whole house or bungalow: Detached,26,17,14,3,9,9,0
S01010903,Whole house or bungalow: Semi-detached,232,85,24,61,147,135,12
S01010903,Whole house or bungalow: Terraced (including end-terrace),103,30,14,16,73,63,10
S01010903,Flat maisonette or apartment or mobile/temporary accommodation,432,88,31,57,344,331,13
S01010904,All people in households,528,230,22,208,298,268,30
S01010904,Whole house or bungalow: Total,288,210,17,193,78,53,25
S01010904,Whole house or bungalow: Detached,18,7,0,7,11,5,6
S01010904,Whole house or bungalow: Semi-detached,141,114,12,102,27,20,7
S01010904,Whole house or bungalow: Terraced (including end-terrace),129,89,5,84,40,28,12
S01010904,Flat maisonette or apartment or mobile/temporary accommodation,240,20,5,15,220,215,5
S01010905,All people in households,635,287,58,229,348,251,97
S01010905,Whole house or bungalow: Total,381,191,29,162,190,177,13
S01010905,Whole house or bungalow: Detached,94,68,15,53,26,24,2
S01010905,Whole house or bungalow: Semi-detached,131,41,5,36,90,86,4
S01010905,Whole house or bungalow: Terraced (including end-terrace),156,82,9,73,74,67,7
S01010905,Flat maisonette or apartment or mobile/temporary accommodation,254,96,29,67,158,74,84
S01010906,All people in households,956,487,79,408,469,413,56
S01010906,Whole house or bungalow: Total,760,371,65,306,389,376,13
S01010906,Whole house or bungalow: Detached,64,23,5,18,41,41,0
S01010906,Whole house or bungalow: Semi-detached,465,218,36,182,247,242,5
S01010906,Whole house or bungalow: Terraced (including end-terrace),231,130,24,106,101,93,8
S01010906,Flat maisonette or apartment or mobile/temporary accommodation,196,116,14,102,80,37,43
S01010907,All people in households,526,471,49,422,55,11,44
S01010907,Whole house or bungalow: Total,503,461,49,412,42,4,38
S01010907,Whole house or bungalow: Detached,143,129,21,108,14,0,14
S01010907,Whole house or bungalow: Semi-detached,120,110,9,101,10,0,10
S01010907,Whole house or bungalow: Terraced (including end-terrace),240,222,19,203,18,4,14
S01010907,Flat maisonette or apartment or mobile/temporary accommodation,23,10,0,10,13,7,6
S01010908,All people in households,610,390,124,266,220,182,38
S01010908,Whole house or bungalow: Total,257,237,73,164,20,17,3
S01010908,Whole house or bungalow: Detached,29,26,5,21,3,3,0
S01010908,Whole house or bungalow: Semi-detached,166,154,51,103,12,11,1
S01010908,Whole house or bungalow: Terraced (including end-terrace),62,57,17,40,5,3,2
S01010908,Flat maisonette or apartment or mobile/temporary accommodation,353,153,51,102,200,165,35
S01010909,All people in households,668,605,239,366,63,29,34
S01010909,Whole house or bungalow: Total,381,370,174,196,11,6,5
S01010909,Whole house or bungalow: Detached,95,95,52,43,0,0,0
S01010909,Whole house or bungalow: Semi-detached,180,171,79,92,9,4,5
S01010909,Whole house or bungalow: Terraced (including end-terrace),106,104,43,61,2,2,0
S01010909,Flat maisonette or apartment or mobile/temporary accommodation,287,235,65,170,52,23,29
S01010910,All people in households,500,175,61,114,325,207,118
S01010910,Whole house or bungalow: Total,37,15,9,6,22,17,5
S01010910,Whole house or bungalow: Detached,6,6,4,2,0,0,0
S01010910,Whole house or bungalow: Semi-detached,18,4,0,4,14,14,0
S01010910,Whole house or bungalow: Terraced (including end-terrace),13,5,5,0,8,3,5
S01010910,Flat maisonette or apartment or mobile/temporary accommodation,463,160,52,108,303,190,113
S01010911,All people in households,541,249,104,145,292,197,95
S01010911,Whole house or bungalow: Total,32,27,17,10,5,4,1
S01010911,Whole house or bungalow: Detached,0,0,0,0,0,0,0
S01010911,Whole house or bungalow: Semi-detached,7,7,4,3,0,0,0
S01010911,Whole house or bungalow: Terraced (including end-terrace),25,20,13,7,5,4,1
S01010911,Flat maisonette or apartment or mobile/temporary accommodation,509,222,87,135,287,193,94
S01010912,All people in households,674,225,78,147,449,335,114
S01010912,Whole house or bungalow: Total,230,147,44,103,83,48,35
S01010912,Whole house or bungalow: Detached,22,16,7,9,6,1,5
S01010912,Whole house or bungalow: Semi-detached,84,47,20,27,37,23,14
S01010912,Whole house or bungalow: Terraced (including end-terrace),124,84,17,67,40,24,16
S01010912,Flat maisonette or apartment or mobile/temporary accommodation,444,78,34,44,366,287,79
S01010913,All people in households,642,506,163,343,136,36,100
S01010913,Whole house or bungalow: Total,445,388,112,276,57,17,40
S01010913,Whole house or bungalow: Detached,109,102,35,67,7,2,5
S01010913,Whole house or bungalow: Semi-detached,148,125,31,94,23,6,17
S01010913,Whole house or bungalow: Terraced (including end-terrace),188,161,46,115,27,9,18
S01010913,Flat maisonette or apartment or mobile/temporary accommodation,197,118,51,67,79,19,60
S01010914,All people in households,660,602,164,438,58,34,24
S01010914,Whole house or bungalow: Total,615,581,162,419,34,16,18
S01010914,Whole house or bungalow: Detached,27,27,16,11,0,0,0
S01010914,Whole house or bungalow: Semi-detached,86,73,14,59,13,2,11
S01010914,Whole house or bungalow: Terraced (including end-terrace),502,481,132,349,21,14,7
S01010914,Flat maisonette or apartment or mobile/temporary accommodation,45,21,2,19,24,18,6
S01010915,All people in households,736,599,162,437,137,57,80
S01010915,Whole house or bungalow: Total,695,579,158,421,116,39,77
S01010915,Whole house or bungalow: Detached,32,29,3,26,3,1,2
S01010915,Whole house or bungalow: Semi-detached,123,89,35,54,34,20,14
S01010915,Whole house or bungalow: Terraced (including end-terrace),540,461,120,341,79,18,61
S01010915,Flat maisonette or apartment or mobile/temporary accommodation,41,20,4,16,21,18,3
S01010916,All people in households,576,250,109,141,326,160,166
S01010916,Whole house or bungalow: Total,202,156,71,85,46,33,13
S01010916,Whole house or bungalow: Detached,10,10,4,6,0,0,0
S01010916,Whole house or bungalow: Semi-detached,62,45,21,24,17,17,0
S01010916,Whole house or bungalow: Terraced (including end-terrace),130,101,46,55,29,16,13
S01010916,Flat maisonette or apartment or mobile/temporary accommodation,374,94,38,56,280,127,153
S01010917,All people in households,712,505,194,311,207,128,79
S01010917,Whole house or bungalow: Total,366,317,104,213,49,30,19
S01010917,Whole house or bungalow: Detached,41,29,12,17,12,2,10
S01010917,Whole house or bungalow: Semi-detached,147,143,39,104,4,2,2
S01010917,Whole house or bungalow: Terraced (including end-terrace),178,145,53,92,33,26,7
S01010917,Flat maisonette or apartment or mobile/temporary accommodation,346,188,90,98,158,98,60
S01010918,All people in households,728,497,167,330,231,182,49
S01010918,Whole house or bungalow: Total,484,396,146,250,88,60,28
S01010918,Whole house or bungalow: Detached,31,28,24,4,3,0,3
S01010918,Whole house or bungalow: Semi-detached,204,160,47,113,44,33,11
S01010918,Whole house or bungalow: Terraced (including end-terrace),249,208,75,133,41,27,14
S01010918,Flat maisonette or apartment or mobile/temporary accommodation,244,101,21,80,143,122,21
S01010919,All people in households,789,503,176,327,286,238,48
S01010919,Whole house or bungalow: Total,487,368,148,220,119,89,30
S01010919,Whole house or bungalow: Detached,29,24,11,13,5,5,0
S01010919,Whole house or bungalow: Semi-detached,186,131,44,87,55,36,19
S01010919,Whole house or bungalow: Terraced (including end-terrace),272,213,93,120,59,48,11
S01010919,Flat maisonette or apartment or mobile/temporary accommodation,302,135,28,107,167,149,18
S01010920,All people in households,591,147,33,114,444,398,46
S01010920,Whole house or bungalow: Total,194,107,21,86,87,79,8
S01010920,Whole house or bungalow: Detached,59,43,14,29,16,14,2
S01010920,Whole house or bungalow: Semi-detached,57,28,4,24,29,26,3
S01010920,Whole house or bungalow: Terraced (including end-terrace),78,36,3,33,42,39,3
S01010920,Flat maisonette or apartment or mobile/temporary accommodation,397,40,12,28,357,319,38
S01010921,All people in households,630,349,87,262,281,228,53
S01010921,Whole house or bungalow: Total,550,331,79,252,219,179,40
S01010921,Whole house or bungalow: Detached,18,11,2,9,7,5,2
S01010921,Whole house or bungalow: Semi-detached,296,160,43,117,136,111,25
S01010921,Whole house or bungalow: Terraced (including end-terrace),236,160,34,126,76,63,13
S01010921,Flat maisonette or apartment or mobile/temporary accommodation,80,18,8,10,62,49,13
S01010922,All people in households,821,407,143,264,414,367,47
S01010922,Whole house or bungalow: Total,627,361,129,232,266,232,34
S01010922,Whole house or bungalow: Detached,28,6,1,5,22,14,8
S01010922,Whole house or bungalow: Semi-detached,335,169,72,97,166,147,19
S01010922,Whole house or bungalow: Terraced (including end-terrace),264,186,56,130,78,71,7
S01010922,Flat maisonette or apartment or mobile/temporary accommodation,194,46,14,32,148,135,13
S01010923,All people in households,879,578,177,401,301,253,48
S01010923,Whole house or bungalow: Total,686,511,162,349,175,143,32
S01010923,Whole house or bungalow: Detached,24,12,2,10,12,6,6
S01010923,Whole house or bungalow: Semi-detached,164,94,23,71,70,62,8
S01010923,Whole house or bungalow: Terraced (including end-terrace),498,405,137,268,93,75,18
S01010923,Flat maisonette or apartment or mobile/temporary accommodation,193,67,15,52,126,110,16
S01010924,All people in households,607,422,109,313,185,143,42
S01010924,Whole house or bungalow: Total,534,403,100,303,131,99,32
S01010924,Whole house or bungalow: Detached,23,15,6,9,8,8,0
S01010924,Whole house or bungalow: Semi-detached,103,73,15,58,30,26,4
S01010924,Whole house or bungalow: Terraced (including end-terrace),408,315,79,236,93,65,28
S01010924,Flat maisonette or apartment or mobile/temporary accommodation,73,19,9,10,54,44,10
S01010925,All people in households,858,436,150,286,422,371,51
S01010925,Whole house or bungalow: Total,541,398,138,260,143,107,36
S01010925,Whole house or bungalow: Detached,8,4,1,3,4,4,0
S01010925,Whole house or bungalow: Semi-detached,161,95,17,78,66,41,25
S01010925,Whole house or bungalow: Terraced (including end-terrace),372,299,120,179,73,62,11
S01010925,Flat maisonette or apartment or mobile/temporary accommodation,317,38,12,26,279,264,15
S01010926,All people in households,785,436,168,268,349,285,64
S01010926,Whole house or bungalow: Total,625,385,148,237,240,191,49
S01010926,Whole house or bungalow: Detached,21,8,0,8,13,13,0
S01010926,Whole house or bungalow: Semi-detached,235,84,44,40,151,132,19
S01010926,Whole house or bungalow: Terraced (including end-terrace),369,293,104,189,76,46,30
S01010926,Flat maisonette or apartment or mobile/temporary accommodation,160,51,20,31,109,94,15
S01010927,All people in households,577,392,117,275,185,150,35
S01010927,Whole house or bungalow: Total,483,368,113,255,115,88,27
S01010927,Whole house or bungalow: Detached,11,9,0,9,2,2,0
S01010927,Whole house or bungalow: Semi-detached,347,277,79,198,70,51,19
S01010927,Whole house or bungalow: Terraced (including end-terrace),125,82,34,48,43,35,8
S01010927,Flat maisonette or apartment or mobile/temporary accommodation,94,24,4,20,70,62,8
S01010928,All people in households,739,367,110,257,372,275,97
S01010928,Whole house or bungalow: Total,640,348,99,249,292,195,97
S01010928,Whole house or bungalow: Detached,43,22,6,16,21,19,2
S01010928,Whole house or bungalow: Semi-detached,278,149,41,108,129,83,46
S01010928,Whole house or bungalow: Terraced (including end-terrace),319,177,52,125,142,93,49
S01010928,Flat maisonette or apartment or mobile/temporary accommodation,99,19,11,8,80,80,0
S01010929,All people in households,660,305,99,206,355,314,41
S01010929,Whole house or bungalow: Total,584,296,91,205,288,249,39
S01010929,Whole house or bungalow: Detached,18,6,6,0,12,10,2
S01010929,Whole house or bungalow: Semi-detached,272,114,28,86,158,133,25
S01010929,Whole house or bungalow: Terraced (including end-terrace),294,176,57,119,118,106,12
S01010929,Flat maisonette or apartment or mobile/temporary accommodation,76,9,8,1,67,65,2
S01010930,All people in households,887,696,211,485,191,19,172
S01010930,Whole house or bungalow: Total,809,661,205,456,148,12,136
S01010930,Whole house or bungalow: Detached,470,368,132,236,102,4,98
S01010930,Whole house or bungalow: Semi-detached,210,181,45,136,29,6,23
S01010930,Whole house or bungalow: Terraced (including end-terrace),129,112,28,84,17,2,15
S01010930,Flat maisonette or apartment or mobile/temporary accommodation,78,35,6,29,43,7,36
S01010931,All people in households,428,216,112,104,212,42,170
S01010931,Whole house or bungalow: Total,415,207,110,97,208,38,170
S01010931,Whole house or bungalow: Detached,176,81,60,21,95,0,95
S01010931,Whole house or bungalow: Semi-detached,169,90,40,50,79,29,50
S01010931,Whole house or bungalow: Terraced (including end-terrace),70,36,10,26,34,9,25
S01010931,Flat maisonette or apartment or mobile/temporary accommodation,13,9,2,7,4,4,0
S01010932,All people in households,548,270,88,182,278,238,40
S01010932,Whole house or bungalow: Total,515,268,88,180,247,208,39
S01010932,Whole house or bungalow: Detached,79,62,27,35,17,10,7
S01010932,Whole house or bungalow: Semi-detached,101,50,27,23,51,40,11
S01010932,Whole house or bungalow: Terraced (including end-terrace),335,156,34,122,179,158,21
S01010932,Flat maisonette or apartment or mobile/temporary accommodation,33,2,0,2,31,30,1
S01010933,All people in households,753,640,181,459,113,52,61
S01010933,Whole house or bungalow: Total,730,640,181,459,90,29,61
S01010933,Whole house or bungalow: Detached,480,445,108,337,35,0,35
S01010933,Whole house or bungalow: Semi-detached,179,134,56,78,45,24,21
S01010933,Whole house or bungalow: Terraced (including end-terrace),71,61,17,44,10,5,5
S01010933,Flat maisonette or apartment or mobile/temporary accommodation,23,0,0,0,23,23,0
S01010934,All people in households,1031,901,320,581,130,19,111
S01010934,Whole house or bungalow: Total,811,763,284,479,48,17,31
S01010934,Whole house or bungalow: Detached,461,445,185,260,16,4,12
S01010934,Whole house or bungalow: Semi-detached,186,175,44,131,11,6,5
S01010934,Whole house or bungalow: Terraced (including end-terrace),164,143,55,88,21,7,14
S01010934,Flat maisonette or apartment or mobile/temporary accommodation,220,138,36,102,82,2,80
S01010935,All people in households,655,538,302,236,117,84,33
S01010935,Whole house or bungalow: Total,505,477,280,197,28,15,13
S01010935,Whole house or bungalow: Detached,287,280,169,111,7,0,7
S01010935,Whole house or bungalow: Semi-detached,186,175,102,73,11,10,1
S01010935,Whole house or bungalow: Terraced (including end-terrace),32,22,9,13,10,5,5
S01010935,Flat maisonette or apartment or mobile/temporary accommodation,150,61,22,39,89,69,20
S01010936,All people in households,675,425,169,256,250,172,78
S01010936,Whole house or bungalow: Total,279,230,109,121,49,18,31
S01010936,Whole house or bungalow: Detached,119,103,68,35,16,7,9
S01010936,Whole house or bungalow: Semi-detached,123,104,31,73,19,6,13
S01010936,Whole house or bungalow: Terraced (including end-terrace),37,23,10,13,14,5,9
S01010936,Flat maisonette or apartment or mobile/temporary accommodation,396,195,60,135,201,154,47
S01010937,All people in households,728,590,206,384,138,97,41
S01010937,Whole house or bungalow: Total,693,576,205,371,117,81,36
S01010937,Whole house or bungalow: Detached,114,104,46,58,10,2,8
S01010937,Whole house or bungalow: Semi-detached,417,372,135,237,45,34,11
S01010937,Whole house or bungalow: Terraced (including end-terrace),162,100,24,76,62,45,17
S01010937,Flat maisonette or apartment or mobile/temporary accommodation,35,14,1,13,21,16,5
S01010938,All people in households,809,325,115,210,484,409,75
S01010938,Whole house or bungalow: Total,601,259,100,159,342,299,43
S01010938,Whole house or bungalow: Detached,29,17,3,14,12,12,0
S01010938,Whole house or bungalow: Semi-detached,145,72,21,51,73,59,14
S01010938,Whole house or bungalow: Terraced (including end-terrace),427,170,76,94,257,228,29
S01010938,Flat maisonette or apartment or mobile/temporary accommodation,208,66,15,51,142,110,32
S01010939,All people in households,514,422,151,271,92,67,25
S01010939,Whole house or bungalow: Total,410,379,144,235,31,13,18
S01010939,Whole house or bungalow: Detached,72,72,48,24,0,0,0
S01010939,Whole house or bungalow: Semi-detached,228,210,75,135,18,8,10
S01010939,Whole house or bungalow: Terraced (including end-terrace),110,97,21,76,13,5,8
S01010939,Flat maisonette or apartment or mobile/temporary accommodation,104,43,7,36,61,54,7
S01010940,All people in households,683,666,283,383,17,1,16
S01010940,Whole house or bungalow: Total,682,666,283,383,16,0,16
S01010940,Whole house or bungalow: Detached,241,236,91,145,5,0,5
S01010940,Whole house or bungalow: Semi-detached,429,418,180,238,11,0,11
S01010940,Whole house or bungalow: Terraced (including end-terrace),12,12,12,0,0,0,0
S01010940,Flat maisonette or apartment or mobile/temporary accommodation,1,0,0,0,1,1,0
S01010941,All people in households,860,830,315,515,30,9,21
S01010941,Whole house or bungalow: Total,855,826,311,515,29,8,21
S01010941,Whole house or bungalow: Detached,213,211,97,114,2,0,2
S01010941,Whole house or bungalow: Semi-detached,492,485,176,309,7,0,7
S01010941,Whole house or bungalow: Terraced (including end-terrace),150,130,38,92,20,8,12
S01010941,Flat maisonette or apartment or mobile/temporary accommodation,5,4,4,0,1,1,0
S01010942,All people in households,646,628,282,346,18,3,15
S01010942,Whole house or bungalow: Total,637,622,280,342,15,3,12
S01010942,Whole house or bungalow: Detached,233,231,108,123,2,0,2
S01010942,Whole house or bungalow: Semi-detached,397,384,172,212,13,3,10
S01010942,Whole house or bungalow: Terraced (including end-terrace),7,7,0,7,0,0,0
S01010942,Flat maisonette or apartment or mobile/temporary accommodation,9,6,2,4,3,0,3
S01010943,All people in households,623,361,97,264,262,215,47
S01010943,Whole house or bungalow: Total,515,323,89,234,192,159,33
S01010943,Whole house or bungalow: Detached,23,15,4,11,8,6,2
S01010943,Whole house or bungalow: Semi-detached,170,91,26,65,79,54,25
S01010943,Whole house or bungalow: Terraced (including end-terrace),322,217,59,158,105,99,6
S01010943,Flat maisonette or apartment or mobile/temporary accommodation,108,38,8,30,70,56,14
S01010944,All people in households,588,252,83,169,336,270,66
S01010944,Whole house or bungalow: Total,314,140,41,99,174,162,12
S01010944,Whole house or bungalow: Detached,28,22,7,15,6,3,3
S01010944,Whole house or bungalow: Semi-detached,41,9,9,0,32,29,3
S01010944,Whole house or bungalow: Terraced (including end-terrace),245,109,25,84,136,130,6
S01010944,Flat maisonette or apartment or mobile/temporary accommodation,274,112,42,70,162,108,54
S01010945,All people in households,540,366,117,249,174,150,24
S01010945,Whole house or bungalow: Total,515,360,114,246,155,138,17
S01010945,Whole house or bungalow: Detached,42,28,5,23,14,13,1
S01010945,Whole house or bungalow: Semi-detached,56,40,8,32,16,11,5
S01010945,Whole house or bungalow: Terraced (including end-terrace),417,292,101,191,125,114,11
S01010945,Flat maisonette or apartment or mobile/temporary accommodation,25,6,3,3,19,12,7
S01010946,All people in households,811,478,120,358,333,286,47
S01010946,Whole house or bungalow: Total,789,463,116,347,326,279,47
S01010946,Whole house or bungalow: Detached,23,13,0,13,10,8,2
S01010946,Whole house or bungalow: Semi-detached,464,276,69,207,188,163,25
S01010946,Whole house or bungalow: Terraced (including end-terrace),302,174,47,127,128,108,20
S01010946,Flat maisonette or apartment or mobile/temporary accommodation,22,15,4,11,7,7,0
S01010947,All people in households,536,290,101,189,246,194,52
S01010947,Whole house or bungalow: Total,508,280,98,182,228,179,49
S01010947,Whole house or bungalow: Detached,57,41,19,22,16,7,9
S01010947,Whole house or bungalow: Semi-detached,67,35,11,24,32,22,10
S01010947,Whole house or bungalow: Terraced (including end-terrace),384,204,68,136,180,150,30
S01010947,Flat maisonette or apartment or mobile/temporary accommodation,28,10,3,7,18,15,3
S01010948,All people in households,673,434,115,319,239,209,30
S01010948,Whole house or bungalow: Total,638,424,114,310,214,184,30
S01010948,Whole house or bungalow: Detached,15,15,9,6,0,0,0
S01010948,Whole house or bungalow: Semi-detached,59,31,6,25,28,19,9
S01010948,Whole house or bungalow: Terraced (including end-terrace),564,378,99,279,186,165,21
S01010948,Flat maisonette or apartment or mobile/temporary accommodation,35,10,1,9,25,25,0
S01010949,All people in households,927,883,302,581,44,17,27
S01010949,Whole house or bungalow: Total,922,878,302,576,44,17,27
S01010949,Whole house or bungalow: Detached,290,282,130,152,8,0,8
S01010949,Whole house or bungalow: Semi-detached,603,586,170,416,17,5,12
S01010949,Whole house or bungalow: Terraced (including end-terrace),29,10,2,8,19,12,7
S01010949,Flat maisonette or apartment or mobile/temporary accommodation,5,5,0,5,0,0,0
S01010950,All people in households,846,593,252,341,253,208,45
S01010950,Whole house or bungalow: Total,747,543,235,308,204,166,38
S01010950,Whole house or bungalow: Detached,130,112,71,41,18,8,10
S01010950,Whole house or bungalow: Semi-detached,402,314,133,181,88,75,13
S01010950,Whole house or bungalow: Terraced (including end-terrace),215,117,31,86,98,83,15
S01010950,Flat maisonette or apartment or mobile/temporary accommodation,99,50,17,33,49,42,7
S01010951,All people in households,626,477,139,338,149,107,42
S01010951,Whole house or bungalow: Total,615,471,137,334,144,107,37
S01010951,Whole house or bungalow: Detached,12,9,1,8,3,3,0
S01010951,Whole house or bungalow: Semi-detached,171,123,37,86,48,35,13
S01010951,Whole house or bungalow: Terraced (including end-terrace),432,339,99,240,93,69,24
S01010951,Flat maisonette or apartment or mobile/temporary accommodation,11,6,2,4,5,0,5
S01010952,All people in households,540,414,66,348,126,87,39
S01010952,Whole house or bungalow: Total,527,404,64,340,123,87,36
S01010952,Whole house or bungalow: Detached,129,114,19,95,15,6,9
S01010952,Whole house or bungalow: Semi-detached,194,143,24,119,51,26,25
S01010952,Whole house or bungalow: Terraced (including end-terrace),204,147,21,126,57,55,2
S01010952,Flat maisonette or apartment or mobile/temporary accommodation,13,10,2,8,3,0,3
S01010953,All people in households,561,451,139,312,110,84,26
S01010953,Whole house or bungalow: Total,484,415,128,287,69,48,21
S01010953,Whole house or bungalow: Detached,93,90,29,61,3,1,2
S01010953,Whole house or bungalow: Semi-detached,247,213,67,146,34,26,8
S01010953,Whole house or bungalow: Terraced (including end-terrace),144,112,32,80,32,21,11
S01010953,Flat maisonette or apartment or mobile/temporary accommodation,77,36,11,25,41,36,5
S01010954,All people in households,512,456,176,280,56,24,32
S01010954,Whole house or bungalow: Total,502,455,176,279,47,15,32
S01010954,Whole house or bungalow: Detached,75,69,39,30,6,0,6
S01010954,Whole house or bungalow: Semi-detached,327,295,117,178,32,15,17
S01010954,Whole house or bungalow: Terraced (including end-terrace),100,91,20,71,9,0,9
S01010954,Flat maisonette or apartment or mobile/temporary accommodation,10,1,0,1,9,9,0
S01010955,All people in households,1023,487,213,274,536,146,390
S01010955,Whole house or bungalow: Total,966,463,209,254,503,132,371
S01010955,Whole house or bungalow: Detached,379,304,147,157,75,3,72
S01010955,Whole house or bungalow: Semi-detached,432,110,47,63,322,40,282
S01010955,Whole house or bungalow: Terraced (including end-terrace),155,49,15,34,106,89,17
S01010955,Flat maisonette or apartment or mobile/temporary accommodation,57,24,4,20,33,14,19
S01010956,All people in households,691,460,170,290,231,66,165
S01010956,Whole house or bungalow: Total,555,386,150,236,169,24,145
S01010956,Whole house or bungalow: Detached,326,227,105,122,99,0,99
S01010956,Whole house or bungalow: Semi-detached,172,130,31,99,42,10,32
S01010956,Whole house or bungalow: Terraced (including end-terrace),57,29,14,15,28,14,14
S01010956,Flat maisonette or apartment or mobile/temporary accommodation,136,74,20,54,62,42,20
S01010957,All people in households,581,535,227,308,46,19,27
S01010957,Whole house or bungalow: Total,571,533,227,306,38,14,24
S01010957,Whole house or bungalow: Detached,201,195,95,100,6,1,5
S01010957,Whole house or bungalow: Semi-detached,319,298,118,180,21,2,19
S01010957,Whole house or bungalow: Terraced (including end-terrace),51,40,14,26,11,11,0
S01010957,Flat maisonette or apartment or mobile/temporary accommodation,10,2,0,2,8,5,3
S01010958,All people in households,482,363,171,192,119,86,33
S01010958,Whole house or bungalow: Total,440,337,159,178,103,79,24
S01010958,Whole house or bungalow: Detached,160,122,61,61,38,36,2
S01010958,Whole house or bungalow: Semi-detached,194,161,78,83,33,22,11
S01010958,Whole house or bungalow: Terraced (including end-terrace),86,54,20,34,32,21,11
S01010958,Flat maisonette or apartment or mobile/temporary accommodation,42,26,12,14,16,7,9
S01010959,All people in households,579,383,151,232,196,124,72
S01010959,Whole house or bungalow: Total,303,234,110,124,69,30,39
S01010959,Whole house or bungalow: Detached,96,86,43,43,10,2,8
S01010959,Whole house or bungalow: Semi-detached,135,99,56,43,36,19,17
S01010959,Whole house or bungalow: Terraced (including end-terrace),72,49,11,38,23,9,14
S01010959,Flat maisonette or apartment or mobile/temporary accommodation,276,149,41,108,127,94,33
S01010960,All people in households,1093,663,209,454,430,308,122
S01010960,Whole house or bungalow: Total,911,588,183,405,323,239,84
S01010960,Whole house or bungalow: Detached,272,225,59,166,47,8,39
S01010960,Whole house or bungalow: Semi-detached,379,205,88,117,174,137,37
S01010960,Whole house or bungalow: Terraced (including end-terrace),260,158,36,122,102,94,8
S01010960,Flat maisonette or apartment or mobile/temporary accommodation,182,75,26,49,107,69,38
S01010961,All people in households,566,333,129,204,233,204,29
S01010961,Whole house or bungalow: Total,533,323,127,196,210,186,24
S01010961,Whole house or bungalow: Detached,62,58,24,34,4,4,0
S01010961,Whole house or bungalow: Semi-detached,221,156,64,92,65,55,10
S01010961,Whole house or bungalow: Terraced (including end-terrace),250,109,39,70,141,127,14
S01010961,Flat maisonette or apartment or mobile/temporary accommodation,33,10,2,8,23,18,5
S01010962,All people in households,530,502,401,101,28,6,22
S01010962,Whole house or bungalow: Total,133,121,61,60,12,4,8
S01010962,Whole house or bungalow: Detached,57,52,33,19,5,0,5
S01010962,Whole house or bungalow: Semi-detached,70,65,24,41,5,2,3
S01010962,Whole house or bungalow: Terraced (including end-terrace),6,4,4,0,2,2,0
S01010962,Flat maisonette or apartment or mobile/temporary accommodation,397,381,340,41,16,2,14
S01010963,All people in households,949,767,223,544,182,112,70
S01010963,Whole house or bungalow: Total,790,671,162,509,119,73,46
S01010963,Whole house or bungalow: Detached,344,331,73,258,13,0,13
S01010963,Whole house or bungalow: Semi-detached,193,159,33,126,34,30,4
S01010963,Whole house or bungalow: Terraced (including end-terrace),253,181,56,125,72,43,29
S01010963,Flat maisonette or apartment or mobile/temporary accommodation,159,96,61,35,63,39,24
S01010964,All people in households,523,433,177,256,90,66,24
S01010964,Whole house or bungalow: Total,510,427,175,252,83,59,24
S01010964,Whole house or bungalow: Detached,46,40,22,18,6,1,5
S01010964,Whole house or bungalow: Semi-detached,360,320,134,186,40,27,13
S01010964,Whole house or bungalow: Terraced (including end-terrace),104,67,19,48,37,31,6
S01010964,Flat maisonette or apartment or mobile/temporary accommodation,13,6,2,4,7,7,0
S01010965,All people in households,517,224,85,139,293,248,45
S01010965,Whole house or bungalow: Total,147,101,29,72,46,34,12
S01010965,Whole house or bungalow: Detached,34,28,4,24,6,1,5
S01010965,Whole house or bungalow: Semi-detached,70,49,22,27,21,15,6
S01010965,Whole house or bungalow: Terraced (including end-terrace),43,24,3,21,19,18,1
S01010965,Flat maisonette or apartment or mobile/temporary accommodation,370,123,56,67,247,214,33
S01010966,All people in households,684,463,149,314,221,164,57
S01010966,Whole house or bungalow: Total,364,275,102,173,89,74,15
S01010966,Whole house or bungalow: Detached,22,15,1,14,7,5,2
S01010966,Whole house or bungalow: Semi-detached,246,188,69,119,58,45,13
S01010966,Whole house or bungalow: Terraced (including end-terrace),96,72,32,40,24,24,0
S01010966,Flat maisonette or apartment or mobile/temporary accommodation,320,188,47,141,132,90,42
S01010967,All people in households,697,344,120,224,353,302,51
S01010967,Whole house or bungalow: Total,402,228,85,143,174,148,26
S01010967,Whole house or bungalow: Detached,21,17,6,11,4,4,0
S01010967,Whole house or bungalow: Semi-detached,191,101,48,53,90,80,10
S01010967,Whole house or bungalow: Terraced (including end-terrace),190,110,31,79,80,64,16
S01010967,Flat maisonette or apartment or mobile/temporary accommodation,295,116,35,81,179,154,25
S01010968,All people in households,715,564,258,306,151,74,77
S01010968,Whole house or bungalow: Total,571,487,245,242,84,48,36
S01010968,Whole house or bungalow: Detached,84,78,56,22,6,2,4
S01010968,Whole house or bungalow: Semi-detached,339,306,152,154,33,19,14
S01010968,Whole house or bungalow: Terraced (including end-terrace),148,103,37,66,45,27,18
S01010968,Flat maisonette or apartment or mobile/temporary accommodation,144,77,13,64,67,26,41
S01010969,All people in households,538,459,229,230,79,46,33
S01010969,Whole house or bungalow: Total,453,421,222,199,32,1,31
S01010969,Whole house or bungalow: Detached,160,150,67,83,10,0,10
S01010969,Whole house or bungalow: Semi-detached,253,236,134,102,17,1,16
S01010969,Whole house or bungalow: Terraced (including end-terrace),40,35,21,14,5,0,5
S01010969,Flat maisonette or apartment or mobile/temporary accommodation,85,38,7,31,47,45,2
S01010970,All people in households,955,681,255,426,274,180,94
S01010970,Whole house or bungalow: Total,753,582,225,357,171,102,69
S01010970,Whole house or bungalow: Detached,220,195,79,116,25,2,23
S01010970,Whole house or bungalow: Semi-detached,230,150,63,87,80,61,19
S01010970,Whole house or bungalow: Terraced (including end-terrace),303,237,83,154,66,39,27
S01010970,Flat maisonette or apartment or mobile/temporary accommodation,202,99,30,69,103,78,25
S01010971,All people in households,1056,848,280,568,208,109,99
S01010971,Whole house or bungalow: Total,1000,806,265,541,194,100,94
S01010971,Whole house or bungalow: Detached,283,265,111,154,18,0,18
S01010971,Whole house or bungalow: Semi-detached,475,408,132,276,67,35,32
S01010971,Whole house or bungalow: Terraced (including end-terrace),242,133,22,111,109,65,44
S01010971,Flat maisonette or apartment or mobile/temporary accommodation,56,42,15,27,14,9,5
S01010972,All people in households,846,365,120,245,481,436,45
S01010972,Whole house or bungalow: Total,708,365,120,245,343,299,44
S01010972,Whole house or bungalow: Detached,23,12,5,7,11,11,0
S01010972,Whole house or bungalow: Semi-detached,186,61,24,37,125,115,10
S01010972,Whole house or bungalow: Terraced (including end-terrace),499,292,91,201,207,173,34
S01010972,Flat maisonette or apartment or mobile/temporary accommodation,138,0,0,0,138,137,1
S01010973,All people in households,490,396,186,210,94,65,29
S01010973,Whole house or bungalow: Total,487,393,185,208,94,65,29
S01010973,Whole house or bungalow: Detached,3,2,2,0,1,1,0
S01010973,Whole house or bungalow: Semi-detached,83,69,27,42,14,10,4
S01010973,Whole house or bungalow: Terraced (including end-terrace),401,322,156,166,79,54,25
S01010973,Flat maisonette or apartment or mobile/temporary accommodation,3,3,1,2,0,0,0
S01010974,All people in households,696,388,126,262,308,292,16
S01010974,Whole house or bungalow: Total,675,383,124,259,292,276,16
S01010974,Whole house or bungalow: Detached,15,14,3,11,1,1,0
S01010974,Whole house or bungalow: Semi-detached,243,134,46,88,109,105,4
S01010974,Whole house or bungalow: Terraced (including end-terrace),417,235,75,160,182,170,12
S01010974,Flat maisonette or apartment or mobile/temporary accommodation,21,5,2,3,16,16,0
S01010975,All people in households,490,200,51,149,290,250,40
S01010975,Whole house or bungalow: Total,375,175,42,133,200,168,32
S01010975,Whole house or bungalow: Detached,17,13,0,13,4,2,2
S01010975,Whole house or bungalow: Semi-detached,128,70,20,50,58,44,14
S01010975,Whole house or bungalow: Terraced (including end-terrace),230,92,22,70,138,122,16
S01010975,Flat maisonette or apartment or mobile/temporary accommodation,115,25,9,16,90,82,8
S01010976,All people in households,498,322,92,230,176,149,27
S01010976,Whole house or bungalow: Total,473,313,91,222,160,140,20
S01010976,Whole house or bungalow: Detached,32,31,5,26,1,1,0
S01010976,Whole house or bungalow: Semi-detached,331,215,66,149,116,98,18
S01010976,Whole house or bungalow: Terraced (including end-terrace),110,67,20,47,43,41,2
S01010976,Flat maisonette or apartment or mobile/temporary accommodation,25,9,1,8,16,9,7
S01010977,All people in households,721,520,127,393,201,157,44
S01010977,Whole house or bungalow: Total,662,482,119,363,180,153,27
S01010977,Whole house or bungalow: Detached,159,148,37,111,11,9,2
S01010977,Whole house or bungalow: Semi-detached,220,129,27,102,91,87,4
S01010977,Whole house or bungalow: Terraced (including end-terrace),283,205,55,150,78,57,21
S01010977,Flat maisonette or apartment or mobile/temporary accommodation,59,38,8,30,21,4,17
S01010978,All people in households,739,343,98,245,396,307,89
S01010978,Whole house or bungalow: Total,490,264,65,199,226,199,27
S01010978,Whole house or bungalow: Detached,62,44,13,31,18,10,8
S01010978,Whole house or bungalow: Semi-detached,193,98,21,77,95,90,5
S01010978,Whole house or bungalow: Terraced (including end-terrace),235,122,31,91,113,99,14
S01010978,Flat maisonette or apartment or mobile/temporary accommodation,249,79,33,46,170,108,62
S01010979,All people in households,825,462,132,330,363,305,58
S01010979,Whole house or bungalow: Total,682,399,117,282,283,238,45
S01010979,Whole house or bungalow: Detached,22,18,9,9,4,4,0
S01010979,Whole house or bungalow: Semi-detached,284,139,46,93,145,124,21
S01010979,Whole house or bungalow: Terraced (including end-terrace),376,242,62,180,134,110,24
S01010979,Flat maisonette or apartment or mobile/temporary accommodation,143,63,15,48,80,67,13
S01010980,All people in households,727,473,161,312,254,188,66
S01010980,Whole house or bungalow: Total,601,438,154,284,163,125,38
S01010980,Whole house or bungalow: Detached,87,83,24,59,4,3,1
S01010980,Whole house or bungalow: Semi-detached,254,184,73,111,70,57,13
S01010980,Whole house or bungalow: Terraced (including end-terrace),260,171,57,114,89,65,24
S01010980,Flat maisonette or apartment or mobile/temporary accommodation,126,35,7,28,91,63,28
S01010981,All people in households,739,441,168,273,298,228,70
S01010981,Whole house or bungalow: Total,462,346,139,207,116,83,33
S01010981,Whole house or bungalow: Detached,85,78,21,57,7,2,5
S01010981,Whole house or bungalow: Semi-detached,278,212,97,115,66,49,17
S01010981,Whole house or bungalow: Terraced (including end-terrace),99,56,21,35,43,32,11
S01010981,Flat maisonette or apartment or mobile/temporary accommodation,277,95,29,66,182,145,37
S01010982,All people in households,1048,877,370,507,171,73,98
S01010982,Whole house or bungalow: Total,850,785,343,442,65,34,31
S01010982,Whole house or bungalow: Detached,586,564,256,308,22,1,21
S01010982,Whole house or bungalow: Semi-detached,184,158,69,89,26,23,3
S01010982,Whole house or bungalow: Terraced (including end-terrace),80,63,18,45,17,10,7
S01010982,Flat maisonette or apartment or mobile/temporary accommodation,198,92,27,65,106,39,67
S01010983,All people in households,780,560,230,330,220,145,75
S01010983,Whole house or bungalow: Total,590,457,205,252,133,91,42
S01010983,Whole house or bungalow: Detached,100,91,49,42,9,5,4
S01010983,Whole house or bungalow: Semi-detached,366,275,122,153,91,66,25
S01010983,Whole house or bungalow: Terraced (including end-terrace),124,91,34,57,33,20,13
S01010983,Flat maisonette or apartment or mobile/temporary accommodation,190,103,25,78,87,54,33
S01010984,All people in households,663,561,290,271,102,82,20
S01010984,Whole house or bungalow: Total,598,529,277,252,69,57,12
S01010984,Whole house or bungalow: Detached,309,299,202,97,10,0,10
S01010984,Whole house or bungalow: Semi-detached,248,204,63,141,44,42,2
S01010984,Whole house or bungalow: Terraced (including end-terrace),41,26,12,14,15,15,0
S01010984,Flat maisonette or apartment or mobile/temporary accommodation,65,32,13,19,33,25,8
S01010985,All people in households,638,422,123,299,216,160,56
S01010985,Whole house or bungalow: Total,416,329,88,241,87,67,20
S01010985,Whole house or bungalow: Detached,41,37,10,27,4,0,4
S01010985,Whole house or bungalow: Semi-detached,294,232,62,170,62,51,11
S01010985,Whole house or bungalow: Terraced (including end-terrace),81,60,16,44,21,16,5
S01010985,Flat maisonette or apartment or mobile/temporary accommodation,222,93,35,58,129,93,36
S01010986,All people in households,537,517,80,437,20,3,17
S01010986,Whole house or bungalow: Total,534,517,80,437,17,0,17
S01010986,Whole house or bungalow: Detached,281,278,30,248,3,0,3
S01010986,Whole house or bungalow: Semi-detached,59,54,4,50,5,0,5
S01010986,Whole house or bungalow: Terraced (including end-terrace),194,185,46,139,9,0,9
S01010986,Flat maisonette or apartment or mobile/temporary accommodation,3,0,0,0,3,3,0
S01010987,All people in households,658,631,124,507,27,9,18
S01010987,Whole house or bungalow: Total,646,627,124,503,19,7,12
S01010987,Whole house or bungalow: Detached,596,588,108,480,8,0,8
S01010987,Whole house or bungalow: Semi-detached,21,14,5,9,7,5,2
S01010987,Whole house or bungalow: Terraced (including end-terrace),29,25,11,14,4,2,2
S01010987,Flat maisonette or apartment or mobile/temporary accommodation,12,4,0,4,8,2,6
S01010988,All people in households,627,605,101,504,22,12,10
S01010988,Whole house or bungalow: Total,623,605,101,504,18,10,8
S01010988,Whole house or bungalow: Detached,429,422,75,347,7,0,7
S01010988,Whole house or bungalow: Semi-detached,131,128,16,112,3,2,1
S01010988,Whole house or bungalow: Terraced (including end-terrace),63,55,10,45,8,8,0
S01010988,Flat maisonette or apartment or mobile/temporary accommodation,4,0,0,0,4,2,2
S01010989,All people in households,917,846,57,789,71,14,57
S01010989,Whole house or bungalow: Total,765,734,48,686,31,8,23
S01010989,Whole house or bungalow: Detached,307,303,21,282,4,0,4
S01010989,Whole house or bungalow: Semi-detached,113,98,7,91,15,8,7
S01010989,Whole house or bungalow: Terraced (including end-terrace),345,333,20,313,12,0,12
S01010989,Flat maisonette or apartment or mobile/temporary accommodation,152,112,9,103,40,6,34
S01010990,All people in households,798,553,179,374,245,149,96
S01010990,Whole house or bungalow: Total,760,539,174,365,221,129,92
S01010990,Whole house or bungalow: Detached,31,22,13,9,9,5,4
S01010990,Whole house or bungalow: Semi-detached,211,146,34,112,65,28,37
S01010990,Whole house or bungalow: Terraced (including end-terrace),518,371,127,244,147,96,51
S01010990,Flat maisonette or apartment or mobile/temporary accommodation,38,14,5,9,24,20,4
S01010991,All people in households,523,420,134,286,103,60,43
S01010991,Whole house or bungalow: Total,502,407,134,273,95,55,40
S01010991,Whole house or bungalow: Detached,125,113,27,86,12,0,12
S01010991,Whole house or bungalow: Semi-detached,212,180,75,105,32,11,21
S01010991,Whole house or bungalow: Terraced (including end-terrace),165,114,32,82,51,44,7
S01010991,Flat maisonette or apartment or mobile/temporary accommodation,21,13,0,13,8,5,3
S01010992,All people in households,583,544,66,478,39,13,26
S01010992,Whole house or bungalow: Total,570,536,64,472,34,9,25
S01010992,Whole house or bungalow: Detached,506,483,59,424,23,1,22
S01010992,Whole house or bungalow: Semi-detached,24,15,4,11,9,8,1
S01010992,Whole house or bungalow: Terraced (including end-terrace),40,38,1,37,2,0,2
S01010992,Flat maisonette or apartment or mobile/temporary accommodation,13,8,2,6,5,4,1
S01010993,All people in households,632,534,143,391,98,76,22
S01010993,Whole house or bungalow: Total,603,520,136,384,83,69,14
S01010993,Whole house or bungalow: Detached,344,340,93,247,4,3,1
S01010993,Whole house or bungalow: Semi-detached,235,161,34,127,74,61,13
S01010993,Whole house or bungalow: Terraced (including end-terrace),24,19,9,10,5,5,0
S01010993,Flat maisonette or apartment or mobile/temporary accommodation,29,14,7,7,15,7,8
S01010994,All people in households,992,900,315,585,92,23,69
S01010994,Whole house or bungalow: Total,876,846,292,554,30,11,19
S01010994,Whole house or bungalow: Detached,489,477,187,290,12,0,12
S01010994,Whole house or bungalow: Semi-detached,275,261,90,171,14,10,4
S01010994,Whole house or bungalow: Terraced (including end-terrace),112,108,15,93,4,1,3
S01010994,Flat maisonette or apartment or mobile/temporary accommodation,116,54,23,31,62,12,50
S01010995,All people in households,719,665,279,386,54,23,31
S01010995,Whole house or bungalow: Total,709,663,279,384,46,21,25
S01010995,Whole house or bungalow: Detached,185,179,82,97,6,0,6
S01010995,Whole house or bungalow: Semi-detached,432,410,176,234,22,11,11
S01010995,Whole house or bungalow: Terraced (including end-terrace),92,74,21,53,18,10,8
S01010995,Flat maisonette or apartment or mobile/temporary accommodation,10,2,0,2,8,2,6
S01010996,All people in households,553,502,156,346,51,15,36
S01010996,Whole house or bungalow: Total,456,417,140,277,39,15,24
S01010996,Whole house or bungalow: Detached,200,193,57,136,7,0,7
S01010996,Whole house or bungalow: Semi-detached,192,172,62,110,20,10,10
S01010996,Whole house or bungalow: Terraced (including end-terrace),64,52,21,31,12,5,7
S01010996,Flat maisonette or apartment or mobile/temporary accommodation,97,85,16,69,12,0,12
S01010997,All people in households,637,591,321,270,46,22,24
S01010997,Whole house or bungalow: Total,619,586,321,265,33,21,12
S01010997,Whole house or bungalow: Detached,412,404,244,160,8,0,8
S01010997,Whole house or bungalow: Semi-detached,201,178,77,101,23,19,4
S01010997,Whole house or bungalow: Terraced (including end-terrace),6,4,0,4,2,2,0
S01010997,Flat maisonette or apartment or mobile/temporary accommodation,18,5,0,5,13,1,12
S01010998,All people in households,578,534,208,326,44,7,37
S01010998,Whole house or bungalow: Total,500,470,193,277,30,7,23
S01010998,Whole house or bungalow: Detached,309,302,122,180,7,0,7
S01010998,Whole house or bungalow: Semi-detached,148,143,67,76,5,0,5
S01010998,Whole house or bungalow: Terraced (including end-terrace),43,25,4,21,18,7,11
S01010998,Flat maisonette or apartment or mobile/temporary accommodation,78,64,15,49,14,0,14
S01010999,All people in households,886,702,318,384,184,96,88
S01010999,Whole house or bungalow: Total,648,596,267,329,52,9,43
S01010999,Whole house or bungalow: Detached,369,360,201,159,9,3,6
S01010999,Whole house or bungalow: Semi-detached,115,92,22,70,23,4,19
S01010999,Whole house or bungalow: Terraced (including end-terrace),164,144,44,100,20,2,18
S01010999,Flat maisonette or apartment or mobile/temporary accommodation,238,106,51,55,132,87,45
S01011000,All people in households,842,595,236,359,247,144,103
S01011000,Whole house or bungalow: Total,577,454,183,271,123,38,85
S01011000,Whole house or bungalow: Detached,312,281,123,158,31,2,29
S01011000,Whole house or bungalow: Semi-detached,141,96,32,64,45,8,37
S01011000,Whole house or bungalow: Terraced (including end-terrace),124,77,28,49,47,28,19
S01011000,Flat maisonette or apartment or mobile/temporary accommodation,265,141,53,88,124,106,18
S01011001,All people in households,643,433,133,300,210,174,36
S01011001,Whole house or bungalow: Total,572,398,122,276,174,148,26
S01011001,Whole house or bungalow: Detached,22,18,6,12,4,2,2
S01011001,Whole house or bungalow: Semi-detached,117,64,19,45,53,44,9
S01011001,Whole house or bungalow: Terraced (including end-terrace),433,316,97,219,117,102,15
S01011001,Flat maisonette or apartment or mobile/temporary accommodation,71,35,11,24,36,26,10
S01011002,All people in households,707,406,140,266,301,247,54
S01011002,Whole house or bungalow: Total,550,321,110,211,229,188,41
S01011002,Whole house or bungalow: Detached,28,13,4,9,15,5,10
S01011002,Whole house or bungalow: Semi-detached,292,199,59,140,93,65,28
S01011002,Whole house or bungalow: Terraced (including end-terrace),230,109,47,62,121,118,3
S01011002,Flat maisonette or apartment or mobile/temporary accommodation,157,85,30,55,72,59,13
S01011003,All people in households,688,417,132,285,271,231,40
S01011003,Whole house or bungalow: Total,459,306,97,209,153,127,26
S01011003,Whole house or bungalow: Detached,14,11,4,7,3,0,3
S01011003,Whole house or bungalow: Semi-detached,190,120,36,84,70,57,13
S01011003,Whole house or bungalow: Terraced (including end-terrace),255,175,57,118,80,70,10
S01011003,Flat maisonette or apartment or mobile/temporary accommodation,229,111,35,76,118,104,14
S01011004,All people in households,624,524,124,400,100,75,25
S01011004,Whole house or bungalow: Total,612,520,124,396,92,69,23
S01011004,Whole house or bungalow: Detached,256,246,65,181,10,4,6
S01011004,Whole house or bungalow: Semi-detached,146,105,23,82,41,26,15
S01011004,Whole house or bungalow: Terraced (including end-terrace),210,169,36,133,41,39,2
S01011004,Flat maisonette or apartment or mobile/temporary accommodation,12,4,0,4,8,6,2
S01011005,All people in households,660,344,129,215,316,233,83
S01011005,Whole house or bungalow: Total,259,157,75,82,102,69,33
S01011005,Whole house or bungalow: Detached,27,18,9,9,9,2,7
S01011005,Whole house or bungalow: Semi-detached,95,54,20,34,41,27,14
S01011005,Whole house or bungalow: Terraced (including end-terrace),137,85,46,39,52,40,12
S01011005,Flat maisonette or apartment or mobile/temporary accommodation,401,187,54,133,214,164,50
S01011006,All people in households,1002,682,164,518,320,228,92
S01011006,Whole house or bungalow: Total,799,571,134,437,228,179,49
S01011006,Whole house or bungalow: Detached,185,168,40,128,17,8,9
S01011006,Whole house or bungalow: Semi-detached,304,173,42,131,131,114,17
S01011006,Whole house or bungalow: Terraced (including end-terrace),310,230,52,178,80,57,23
S01011006,Flat maisonette or apartment or mobile/temporary accommodation,203,111,30,81,92,49,43
S01011007,All people in households,684,320,99,221,364,315,49
S01011007,Whole house or bungalow: Total,676,320,99,221,356,307,49
S01011007,Whole house or bungalow: Detached,19,11,3,8,8,4,4
S01011007,Whole house or bungalow: Semi-detached,249,113,46,67,136,112,24
S01011007,Whole house or bungalow: Terraced (including end-terrace),408,196,50,146,212,191,21
S01011007,Flat maisonette or apartment or mobile/temporary accommodation,8,0,0,0,8,8,0
S01011008,All people in households,783,462,171,291,321,292,29
S01011008,Whole house or bungalow: Total,564,363,134,229,201,189,12
S01011008,Whole house or bungalow: Detached,22,13,3,10,9,9,0
S01011008,Whole house or bungalow: Semi-detached,223,143,48,95,80,74,6
S01011008,Whole house or bungalow: Terraced (including end-terrace),319,207,83,124,112,106,6
S01011008,Flat maisonette or apartment or mobile/temporary accommodation,219,99,37,62,120,103,17
S01011009,All people in households,508,260,58,202,248,226,22
S01011009,Whole house or bungalow: Total,441,247,55,192,194,172,22
S01011009,Whole house or bungalow: Detached,24,11,4,7,13,5,8
S01011009,Whole house or bungalow: Semi-detached,116,48,9,39,68,60,8
S01011009,Whole house or bungalow: Terraced (including end-terrace),301,188,42,146,113,107,6
S01011009,Flat maisonette or apartment or mobile/temporary accommodation,67,13,3,10,54,54,0
S01011010,All people in households,558,249,103,146,309,175,134
S01011010,Whole house or bungalow: Total,128,60,26,34,68,41,27
S01011010,Whole house or bungalow: Detached,28,8,8,0,20,11,9
S01011010,Whole house or bungalow: Semi-detached,44,24,6,18,20,13,7
S01011010,Whole house or bungalow: Terraced (including end-terrace),56,28,12,16,28,17,11
S01011010,Flat maisonette or apartment or mobile/temporary accommodation,430,189,77,112,241,134,107
S01011011,All people in households,753,260,85,175,493,405,88
S01011011,Whole house or bungalow: Total,157,88,37,51,69,61,8
S01011011,Whole house or bungalow: Detached,35,25,12,13,10,10,0
S01011011,Whole house or bungalow: Semi-detached,89,46,23,23,43,37,6
S01011011,Whole house or bungalow: Terraced (including end-terrace),33,17,2,15,16,14,2
S01011011,Flat maisonette or apartment or mobile/temporary accommodation,596,172,48,124,424,344,80
S01011012,All people in households,722,184,60,124,538,511,27
S01011012,Whole house or bungalow: Total,177,80,20,60,97,88,9
S01011012,Whole house or bungalow: Detached,20,15,2,13,5,4,1
S01011012,Whole house or bungalow: Semi-detached,43,13,3,10,30,29,1
S01011012,Whole house or bungalow: Terraced (including end-terrace),114,52,15,37,62,55,7
S01011012,Flat maisonette or apartment or mobile/temporary accommodation,545,104,40,64,441,423,18
S01011013,All people in households,802,478,171,307,324,275,49
S01011013,Whole house or bungalow: Total,755,461,164,297,294,252,42
S01011013,Whole house or bungalow: Detached,43,26,8,18,17,5,12
S01011013,Whole house or bungalow: Semi-detached,226,123,44,79,103,96,7
S01011013,Whole house or bungalow: Terraced (including end-terrace),486,312,112,200,174,151,23
S01011013,Flat maisonette or apartment or mobile/temporary accommodation,47,17,7,10,30,23,7
S01011014,All people in households,811,581,201,380,230,181,49
S01011014,Whole house or bungalow: Total,610,522,174,348,88,63,25
S01011014,Whole house or bungalow: Detached,140,134,38,96,6,3,3
S01011014,Whole house or bungalow: Semi-detached,252,230,71,159,22,14,8
S01011014,Whole house or bungalow: Terraced (including end-terrace),218,158,65,93,60,46,14
S01011014,Flat maisonette or apartment or mobile/temporary accommodation,201,59,27,32,142,118,24
S01011015,All people in households,443,277,113,164,166,152,14
S01011015,Whole house or bungalow: Total,374,271,110,161,103,91,12
S01011015,Whole house or bungalow: Detached,56,45,18,27,11,9,2
S01011015,Whole house or bungalow: Semi-detached,127,102,41,61,25,20,5
S01011015,Whole house or bungalow: Terraced (including end-terrace),191,124,51,73,67,62,5
S01011015,Flat maisonette or apartment or mobile/temporary accommodation,69,6,3,3,63,61,2
S01011016,All people in households,846,705,71,634,141,102,39
S01011016,Whole house or bungalow: Total,742,680,69,611,62,26,36
S01011016,Whole house or bungalow: Detached,504,482,51,431,22,5,17
S01011016,Whole house or bungalow: Semi-detached,117,96,8,88,21,8,13
S01011016,Whole house or bungalow: Terraced (including end-terrace),121,102,10,92,19,13,6
S01011016,Flat maisonette or apartment or mobile/temporary accommodation,104,25,2,23,79,76,3
S01011017,All people in households,822,601,287,314,221,66,155
S01011017,Whole house or bungalow: Total,795,589,282,307,206,56,150
S01011017,Whole house or bungalow: Detached,466,374,188,186,92,0,92
S01011017,Whole house or bungalow: Semi-detached,227,145,68,77,82,38,44
S01011017,Whole house or bungalow: Terraced (including end-terrace),102,70,26,44,32,18,14
S01011017,Flat maisonette or apartment or mobile/temporary accommodation,27,12,5,7,15,10,5
S01011018,All people in households,860,501,166,335,359,276,83
S01011018,Whole house or bungalow: Total,771,470,146,324,301,227,74
S01011018,Whole house or bungalow: Detached,134,106,24,82,28,4,24
S01011018,Whole house or bungalow: Semi-detached,351,197,72,125,154,127,27
S01011018,Whole house or bungalow: Terraced (including end-terrace),286,167,50,117,119,96,23
S01011018,Flat maisonette or apartment or mobile/temporary accommodation,89,31,20,11,58,49,9
S01011019,All people in households,1031,593,242,351,438,234,204
S01011019,Whole house or bungalow: Total,922,573,238,335,349,157,192
S01011019,Whole house or bungalow: Detached,482,369,159,210,113,11,102
S01011019,Whole house or bungalow: Semi-detached,223,116,42,74,107,72,35
S01011019,Whole house or bungalow: Terraced (including end-terrace),217,88,37,51,129,74,55
S01011019,Flat maisonette or apartment or mobile/temporary accommodation,109,20,4,16,89,77,12
S01011020,All people in households,471,395,114,281,76,33,43
S01011020,Whole house or bungalow: Total,449,385,114,271,64,27,37
S01011020,Whole house or bungalow: Detached,219,199,63,136,20,0,20
S01011020,Whole house or bungalow: Semi-detached,172,143,39,104,29,17,12
S01011020,Whole house or bungalow: Terraced (including end-terrace),58,43,12,31,15,10,5
S01011020,Flat maisonette or apartment or mobile/temporary accommodation,22,10,0,10,12,6,6
S01011021,All people in households,882,518,191,327,364,308,56
S01011021,Whole house or bungalow: Total,857,509,191,318,348,300,48
S01011021,Whole house or bungalow: Detached,124,65,32,33,59,30,29
S01011021,Whole house or bungalow: Semi-detached,531,313,129,184,218,202,16
S01011021,Whole house or bungalow: Terraced (including end-terrace),202,131,30,101,71,68,3
S01011021,Flat maisonette or apartment or mobile/temporary accommodation,25,9,0,9,16,8,8
S01011022,All people in households,581,266,82,184,315,292,23
S01011022,Whole house or bungalow: Total,501,258,80,178,243,224,19
S01011022,Whole house or bungalow: Detached,19,12,4,8,7,7,0
S01011022,Whole house or bungalow: Semi-detached,142,62,26,36,80,76,4
S01011022,Whole house or bungalow: Terraced (including end-terrace),340,184,50,134,156,141,15
S01011022,Flat maisonette or apartment or mobile/temporary accommodation,80,8,2,6,72,68,4
S01011023,All people in households,812,567,156,411,245,185,60
S01011023,Whole house or bungalow: Total,667,523,142,381,144,103,41
S01011023,Whole house or bungalow: Detached,160,143,24,119,17,12,5
S01011023,Whole house or bungalow: Semi-detached,351,290,85,205,61,38,23
S01011023,Whole house or bungalow: Terraced (including end-terrace),156,90,33,57,66,53,13
S01011023,Flat maisonette or apartment or mobile/temporary accommodation,145,44,14,30,101,82,19
S01011024,All people in households,782,313,86,227,469,420,49
S01011024,Whole house or bungalow: Total,655,294,82,212,361,316,45
S01011024,Whole house or bungalow: Detached,33,4,4,0,29,22,7
S01011024,Whole house or bungalow: Semi-detached,235,111,29,82,124,108,16
S01011024,Whole house or bungalow: Terraced (including end-terrace),387,179,49,130,208,186,22
S01011024,Flat maisonette or apartment or mobile/temporary accommodation,127,19,4,15,108,104,4
S01011025,All people in households,680,264,56,208,416,384,32
S01011025,Whole house or bungalow: Total,643,261,56,205,382,354,28
S01011025,Whole house or bungalow: Detached,27,17,0,17,10,10,0
S01011025,Whole house or bungalow: Semi-detached,113,33,4,29,80,78,2
S01011025,Whole house or bungalow: Terraced (including end-terrace),503,211,52,159,292,266,26
S01011025,Flat maisonette or apartment or mobile/temporary accommodation,37,3,0,3,34,30,4
S01011026,All people in households,540,231,61,170,309,295,14
S01011026,Whole house or bungalow: Total,536,231,61,170,305,291,14
S01011026,Whole house or bungalow: Detached,18,9,0,9,9,9,0
S01011026,Whole house or bungalow: Semi-detached,91,31,7,24,60,56,4
S01011026,Whole house or bungalow: Terraced (including end-terrace),427,191,54,137,236,226,10
S01011026,Flat maisonette or apartment or mobile/temporary accommodation,4,0,0,0,4,4,0
S01011027,All people in households,928,330,81,249,598,554,44
S01011027,Whole house or bungalow: Total,631,296,74,222,335,308,27
S01011027,Whole house or bungalow: Detached,40,18,0,18,22,22,0
S01011027,Whole house or bungalow: Semi-detached,193,94,25,69,99,91,8
S01011027,Whole house or bungalow: Terraced (including end-terrace),398,184,49,135,214,195,19
S01011027,Flat maisonette or apartment or mobile/temporary accommodation,297,34,7,27,263,246,17
S01011028,All people in households,987,382,144,238,605,573,32
S01011028,Whole house or bungalow: Total,773,375,140,235,398,373,25
S01011028,Whole house or bungalow: Detached,62,16,5,11,46,46,0
S01011028,Whole house or bungalow: Semi-detached,275,73,39,34,202,191,11
S01011028,Whole house or bungalow: Terraced (including end-terrace),436,286,96,190,150,136,14
S01011028,Flat maisonette or apartment or mobile/temporary accommodation,214,7,4,3,207,200,7
S01011029,All people in households,615,365,94,271,250,221,29
S01011029,Whole house or bungalow: Total,469,339,93,246,130,111,19
S01011029,Whole house or bungalow: Detached,14,5,0,5,9,9,0
S01011029,Whole house or bungalow: Semi-detached,77,48,13,35,29,25,4
S01011029,Whole house or bungalow: Terraced (including end-terrace),378,286,80,206,92,77,15
S01011029,Flat maisonette or apartment or mobile/temporary accommodation,146,26,1,25,120,110,10
S01011030,All people in households,969,807,197,610,162,115,47
S01011030,Whole house or bungalow: Total,872,747,186,561,125,84,41
S01011030,Whole house or bungalow: Detached,186,175,44,131,11,4,7
S01011030,Whole house or bungalow: Semi-detached,312,274,50,224,38,24,14
S01011030,Whole house or bungalow: Terraced (including end-terrace),374,298,92,206,76,56,20
S01011030,Flat maisonette or apartment or mobile/temporary accommodation,97,60,11,49,37,31,6
S01011031,All people in households,734,325,129,196,409,369,40
S01011031,Whole house or bungalow: Total,508,241,92,149,267,231,36
S01011031,Whole house or bungalow: Detached,130,54,19,35,76,57,19
S01011031,Whole house or bungalow: Semi-detached,147,78,31,47,69,57,12
S01011031,Whole house or bungalow: Terraced (including end-terrace),231,109,42,67,122,117,5
S01011031,Flat maisonette or apartment or mobile/temporary accommodation,226,84,37,47,142,138,4
S01011032,All people in households,778,432,171,261,346,259,87
S01011032,Whole house or bungalow: Total,295,209,84,125,86,67,19
S01011032,Whole house or bungalow: Detached,37,30,12,18,7,3,4
S01011032,Whole house or bungalow: Semi-detached,165,113,55,58,52,40,12
S01011032,Whole house or bungalow: Terraced (including end-terrace),93,66,17,49,27,24,3
S01011032,Flat maisonette or apartment or mobile/temporary accommodation,483,223,87,136,260,192,68
S01011033,All people in households,633,493,142,351,140,113,27
S01011033,Whole house or bungalow: Total,624,490,142,348,134,109,25
S01011033,Whole house or bungalow: Detached,20,8,0,8,12,11,1
S01011033,Whole house or bungalow: Semi-detached,357,287,89,198,70,50,20
S01011033,Whole house or bungalow: Terraced (including end-terrace),247,195,53,142,52,48,4
S01011033,Flat maisonette or apartment or mobile/temporary accommodation,9,3,0,3,6,4,2
S01011034,All people in households,664,394,120,274,270,205,65
S01011034,Whole house or bungalow: Total,608,383,113,270,225,170,55
S01011034,Whole house or bungalow: Detached,27,14,2,12,13,9,4
S01011034,Whole house or bungalow: Semi-detached,170,126,60,66,44,27,17
S01011034,Whole house or bungalow: Terraced (including end-terrace),411,243,51,192,168,134,34
S01011034,Flat maisonette or apartment or mobile/temporary accommodation,56,11,7,4,45,35,10
S01011035,All people in households,662,306,53,253,356,323,33
S01011035,Whole house or bungalow: Total,653,305,53,252,348,315,33
S01011035,Whole house or bungalow: Detached,42,16,0,16,26,17,9
S01011035,Whole house or bungalow: Semi-detached,140,95,24,71,45,34,11
S01011035,Whole house or bungalow: Terraced (including end-terrace),471,194,29,165,277,264,13
S01011035,Flat maisonette or apartment or mobile/temporary accommodation,9,1,0,1,8,8,0
S01011036,All people in households,646,444,140,304,202,154,48
S01011036,Whole house or bungalow: Total,537,379,123,256,158,147,11
S01011036,Whole house or bungalow: Detached,282,267,85,182,15,7,8
S01011036,Whole house or bungalow: Semi-detached,111,65,17,48,46,45,1
S01011036,Whole house or bungalow: Terraced (including end-terrace),144,47,21,26,97,95,2
S01011036,Flat maisonette or apartment or mobile/temporary accommodation,109,65,17,48,44,7,37
S01011037,All people in households,963,445,122,323,518,439,79
S01011037,Whole house or bungalow: Total,521,287,89,198,234,217,17
S01011037,Whole house or bungalow: Detached,87,59,17,42,28,24,4
S01011037,Whole house or bungalow: Semi-detached,199,99,32,67,100,90,10
S01011037,Whole house or bungalow: Terraced (including end-terrace),235,129,40,89,106,103,3
S01011037,Flat maisonette or apartment or mobile/temporary accommodation,442,158,33,125,284,222,62
S01011038,All people in households,885,272,85,187,613,585,28
S01011038,Whole house or bungalow: Total,572,182,66,116,390,368,22
S01011038,Whole house or bungalow: Detached,43,19,10,9,24,13,11
S01011038,Whole house or bungalow: Semi-detached,384,87,26,61,297,291,6
S01011038,Whole house or bungalow: Terraced (including end-terrace),145,76,30,46,69,64,5
S01011038,Flat maisonette or apartment or mobile/temporary accommodation,313,90,19,71,223,217,6
S01011039,All people in households,782,455,103,352,327,225,102
S01011039,Whole house or bungalow: Total,552,364,83,281,188,139,49
S01011039,Whole house or bungalow: Detached,116,111,37,74,5,2,3
S01011039,Whole house or bungalow: Semi-detached,289,135,34,101,154,128,26
S01011039,Whole house or bungalow: Terraced (including end-terrace),147,118,12,106,29,9,20
S01011039,Flat maisonette or apartment or mobile/temporary accommodation,230,91,20,71,139,86,53
S01011040,All people in households,752,374,150,224,378,338,40
S01011040,Whole house or bungalow: Total,544,321,119,202,223,195,28
S01011040,Whole house or bungalow: Detached,31,23,6,17,8,4,4
S01011040,Whole house or bungalow: Semi-detached,359,223,89,134,136,118,18
S01011040,Whole house or bungalow: Terraced (including end-terrace),154,75,24,51,79,73,6
S01011040,Flat maisonette or apartment or mobile/temporary accommodation,208,53,31,22,155,143,12
S01011041,All people in households,789,270,89,181,519,493,26
S01011041,Whole house or bungalow: Total,590,242,81,161,348,323,25
S01011041,Whole house or bungalow: Detached,84,58,22,36,26,9,17
S01011041,Whole house or bungalow: Semi-detached,327,126,41,85,201,195,6
S01011041,Whole house or bungalow: Terraced (including end-terrace),179,58,18,40,121,119,2
S01011041,Flat maisonette or apartment or mobile/temporary accommodation,199,28,8,20,171,170,1
S01011042,All people in households,813,652,131,521,161,96,65
S01011042,Whole house or bungalow: Total,705,610,123,487,95,56,39
S01011042,Whole house or bungalow: Detached,362,340,69,271,22,11,11
S01011042,Whole house or bungalow: Semi-detached,225,198,32,166,27,10,17
S01011042,Whole house or bungalow: Terraced (including end-terrace),118,72,22,50,46,35,11
S01011042,Flat maisonette or apartment or mobile/temporary accommodation,108,42,8,34,66,40,26
S01011043,All people in households,707,415,142,273,292,265,27
S01011043,Whole house or bungalow: Total,604,388,131,257,216,199,17
S01011043,Whole house or bungalow: Detached,78,58,36,22,20,17,3
S01011043,Whole house or bungalow: Semi-detached,355,246,68,178,109,97,12
S01011043,Whole house or bungalow: Terraced (including end-terrace),171,84,27,57,87,85,2
S01011043,Flat maisonette or apartment or mobile/temporary accommodation,103,27,11,16,76,66,10
S01011044,All people in households,694,376,105,271,318,276,42
S01011044,Whole house or bungalow: Total,295,220,62,158,75,65,10
S01011044,Whole house or bungalow: Detached,159,151,45,106,8,7,1
S01011044,Whole house or bungalow: Semi-detached,58,31,12,19,27,23,4
S01011044,Whole house or bungalow: Terraced (including end-terrace),78,38,5,33,40,35,5
S01011044,Flat maisonette or apartment or mobile/temporary accommodation,399,156,43,113,243,211,32
S01011045,All people in households,815,447,255,192,368,119,249
S01011045,Whole house or bungalow: Total,782,437,252,185,345,104,241
S01011045,Whole house or bungalow: Detached,500,311,183,128,189,8,181
S01011045,Whole house or bungalow: Semi-detached,199,86,48,38,113,68,45
S01011045,Whole house or bungalow: Terraced (including end-terrace),83,40,21,19,43,28,15
S01011045,Flat maisonette or apartment or mobile/temporary accommodation,33,10,3,7,23,15,8
S01011046,All people in households,854,568,300,268,286,48,238
S01011046,Whole house or bungalow: Total,840,555,290,265,285,48,237
S01011046,Whole house or bungalow: Detached,637,435,238,197,202,11,191
S01011046,Whole house or bungalow: Semi-detached,182,106,43,63,76,30,46
S01011046,Whole house or bungalow: Terraced (including end-terrace),21,14,9,5,7,7,0
S01011046,Flat maisonette or apartment or mobile/temporary accommodation,14,13,10,3,1,0,1
S01011047,All people in households,988,734,389,345,254,62,192
S01011047,Whole house or bungalow: Total,980,732,387,345,248,61,187
S01011047,Whole house or bungalow: Detached,623,507,289,218,116,0,116
S01011047,Whole house or bungalow: Semi-detached,286,186,82,104,100,36,64
S01011047,Whole house or bungalow: Terraced (including end-terrace),71,39,16,23,32,25,7
S01011047,Flat maisonette or apartment or mobile/temporary accommodation,8,2,2,0,6,1,5
S01011048,All people in households,975,680,309,371,295,206,89
S01011048,Whole house or bungalow: Total,897,646,296,350,251,167,84
S01011048,Whole house or bungalow: Detached,320,286,139,147,34,15,19
S01011048,Whole house or bungalow: Semi-detached,343,215,92,123,128,87,41
S01011048,Whole house or bungalow: Terraced (including end-terrace),234,145,65,80,89,65,24
S01011048,Flat maisonette or apartment or mobile/temporary accommodation,78,34,13,21,44,39,5
S01011049,All people in households,680,481,218,263,199,132,67
S01011049,Whole house or bungalow: Total,614,455,200,255,159,98,61
S01011049,Whole house or bungalow: Detached,170,141,69,72,29,6,23
S01011049,Whole house or bungalow: Semi-detached,305,233,97,136,72,46,26
S01011049,Whole house or bungalow: Terraced (including end-terrace),139,81,34,47,58,46,12
S01011049,Flat maisonette or apartment or mobile/temporary accommodation,66,26,18,8,40,34,6
S01011050,All people in households,800,596,255,341,204,39,165
S01011050,Whole house or bungalow: Total,795,594,253,341,201,39,162
S01011050,Whole house or bungalow: Detached,534,427,199,228,107,0,107
S01011050,Whole house or bungalow: Semi-detached,179,125,33,92,54,22,32
S01011050,Whole house or bungalow: Terraced (including end-terrace),82,42,21,21,40,17,23
S01011050,Flat maisonette or apartment or mobile/temporary accommodation,5,2,2,0,3,0,3
S01011051,All people in households,937,666,341,325,271,125,146
S01011051,Whole house or bungalow: Total,912,654,334,320,258,121,137
S01011051,Whole house or bungalow: Detached,532,425,201,224,107,10,97
S01011051,Whole house or bungalow: Semi-detached,245,159,88,71,86,52,34
S01011051,Whole house or bungalow: Terraced (including end-terrace),135,70,45,25,65,59,6
S01011051,Flat maisonette or apartment or mobile/temporary accommodation,25,12,7,5,13,4,9
S01011052,All people in households,812,581,329,252,231,107,124
S01011052,Whole house or bungalow: Total,723,552,315,237,171,81,90
S01011052,Whole house or bungalow: Detached,288,257,169,88,31,4,27
S01011052,Whole house or bungalow: Semi-detached,353,259,119,140,94,42,52
S01011052,Whole house or bungalow: Terraced (including end-terrace),82,36,27,9,46,35,11
S01011052,Flat maisonette or apartment or mobile/temporary accommodation,89,29,14,15,60,26,34
S01011053,All people in households,656,399,178,221,257,201,56
S01011053,Whole house or bungalow: Total,610,377,171,206,233,193,40
S01011053,Whole house or bungalow: Detached,117,107,43,64,10,4,6
S01011053,Whole house or bungalow: Semi-detached,255,133,69,64,122,98,24
S01011053,Whole house or bungalow: Terraced (including end-terrace),238,137,59,78,101,91,10
S01011053,Flat maisonette or apartment or mobile/temporary accommodation,46,22,7,15,24,8,16
S01011054,All people in households,536,383,158,225,153,98,55
S01011054,Whole house or bungalow: Total,516,372,153,219,144,95,49
S01011054,Whole house or bungalow: Detached,240,209,91,118,31,1,30
S01011054,Whole house or bungalow: Semi-detached,225,144,51,93,81,67,14
S01011054,Whole house or bungalow: Terraced (including end-terrace),51,19,11,8,32,27,5
S01011054,Flat maisonette or apartment or mobile/temporary accommodation,20,11,5,6,9,3,6
S01011055,All people in households,566,340,170,170,226,48,178
S01011055,Whole house or bungalow: Total,564,340,170,170,224,46,178
S01011055,Whole house or bungalow: Detached,414,263,136,127,151,0,151
S01011055,Whole house or bungalow: Semi-detached,114,56,26,30,58,38,20
S01011055,Whole house or bungalow: Terraced (including end-terrace),36,21,8,13,15,8,7
S01011055,Flat maisonette or apartment or mobile/temporary accommodation,2,0,0,0,2,2,0
S01011056,All people in households,699,598,366,232,101,40,61
S01011056,Whole house or bungalow: Total,688,593,362,231,95,40,55
S01011056,Whole house or bungalow: Detached,560,523,333,190,37,0,37
S01011056,Whole house or bungalow: Semi-detached,115,70,29,41,45,29,16
S01011056,Whole house or bungalow: Terraced (including end-terrace),13,0,0,0,13,11,2
S01011056,Flat maisonette or apartment or mobile/temporary accommodation,11,5,4,1,6,0,6
S01011057,All people in households,579,457,251,206,122,65,57
S01011057,Whole house or bungalow: Total,573,451,249,202,122,65,57
S01011057,Whole house or bungalow: Detached,253,219,139,80,34,2,32
S01011057,Whole house or bungalow: Semi-detached,252,172,83,89,80,58,22
S01011057,Whole house or bungalow: Terraced (including end-terrace),68,60,27,33,8,5,3
S01011057,Flat maisonette or apartment or mobile/temporary accommodation,6,6,2,4,0,0,0
S01011058,All people in households,638,543,301,242,95,15,80
S01011058,Whole house or bungalow: Total,631,536,294,242,95,15,80
S01011058,Whole house or bungalow: Detached,551,505,274,231,46,0,46
S01011058,Whole house or bungalow: Semi-detached,66,28,17,11,38,12,26
S01011058,Whole house or bungalow: Terraced (including end-terrace),14,3,3,0,11,3,8
S01011058,Flat maisonette or apartment or mobile/temporary accommodation,7,7,7,0,0,0,0
S01011059,All people in households,635,479,249,230,156,41,115
S01011059,Whole house or bungalow: Total,627,473,248,225,154,41,113
S01011059,Whole house or bungalow: Detached,500,410,222,188,90,0,90
S01011059,Whole house or bungalow: Semi-detached,115,59,22,37,56,36,20
S01011059,Whole house or bungalow: Terraced (including end-terrace),12,4,4,0,8,5,3
S01011059,Flat maisonette or apartment or mobile/temporary accommodation,8,6,1,5,2,0,2
S01011060,All people in households,833,668,373,295,165,104,61
S01011060,Whole house or bungalow: Total,750,639,366,273,111,70,41
S01011060,Whole house or bungalow: Detached,389,377,239,138,12,1,11
S01011060,Whole house or bungalow: Semi-detached,239,188,96,92,51,24,27
S01011060,Whole house or bungalow: Terraced (including end-terrace),122,74,31,43,48,45,3
S01011060,Flat maisonette or apartment or mobile/temporary accommodation,83,29,7,22,54,34,20
S01011061,All people in households,843,457,193,264,386,308,78
S01011061,Whole house or bungalow: Total,792,444,185,259,348,292,56
S01011061,Whole house or bungalow: Detached,162,130,80,50,32,22,10
S01011061,Whole house or bungalow: Semi-detached,273,170,65,105,103,77,26
S01011061,Whole house or bungalow: Terraced (including end-terrace),357,144,40,104,213,193,20
S01011061,Flat maisonette or apartment or mobile/temporary accommodation,51,13,8,5,38,16,22
S01011062,All people in households,916,663,310,353,253,145,108
S01011062,Whole house or bungalow: Total,811,643,299,344,168,102,66
S01011062,Whole house or bungalow: Detached,321,295,176,119,26,6,20
S01011062,Whole house or bungalow: Semi-detached,306,246,87,159,60,36,24
S01011062,Whole house or bungalow: Terraced (including end-terrace),184,102,36,66,82,60,22
S01011062,Flat maisonette or apartment or mobile/temporary accommodation,105,20,11,9,85,43,42
S01011063,All people in households,1036,598,303,295,438,388,50
S01011063,Whole house or bungalow: Total,1016,598,303,295,418,373,45
S01011063,Whole house or bungalow: Detached,265,232,131,101,33,19,14
S01011063,Whole house or bungalow: Semi-detached,419,207,112,95,212,193,19
S01011063,Whole house or bungalow: Terraced (including end-terrace),332,159,60,99,173,161,12
S01011063,Flat maisonette or apartment or mobile/temporary accommodation,20,0,0,0,20,15,5
S01011064,All people in households,1025,758,390,368,267,164,103
S01011064,Whole house or bungalow: Total,971,726,380,346,245,151,94
S01011064,Whole house or bungalow: Detached,320,293,157,136,27,9,18
S01011064,Whole house or bungalow: Semi-detached,413,279,143,136,134,79,55
S01011064,Whole house or bungalow: Terraced (including end-terrace),238,154,80,74,84,63,21
S01011064,Flat maisonette or apartment or mobile/temporary accommodation,54,32,10,22,22,13,9
S01011065,All people in households,706,441,208,233,265,133,132
S01011065,Whole house or bungalow: Total,668,430,205,225,238,115,123
S01011065,Whole house or bungalow: Detached,399,298,137,161,101,9,92
S01011065,Whole house or bungalow: Semi-detached,185,96,46,50,89,65,24
S01011065,Whole house or bungalow: Terraced (including end-terrace),84,36,22,14,48,41,7
S01011065,Flat maisonette or apartment or mobile/temporary accommodation,38,11,3,8,27,18,9
S01011066,All people in households,504,364,217,147,140,88,52
S01011066,Whole house or bungalow: Total,481,352,210,142,129,80,49
S01011066,Whole house or bungalow: Detached,270,248,151,97,22,0,22
S01011066,Whole house or bungalow: Semi-detached,156,81,47,34,75,59,16
S01011066,Whole house or bungalow: Terraced (including end-terrace),55,23,12,11,32,21,11
S01011066,Flat maisonette or apartment or mobile/temporary accommodation,23,12,7,5,11,8,3
S01011067,All people in households,575,431,221,210,144,93,51
S01011067,Whole house or bungalow: Total,559,431,221,210,128,79,49
S01011067,Whole house or bungalow: Detached,185,171,84,87,14,0,14
S01011067,Whole house or bungalow: Semi-detached,307,234,118,116,73,42,31
S01011067,Whole house or bungalow: Terraced (including end-terrace),67,26,19,7,41,37,4
S01011067,Flat maisonette or apartment or mobile/temporary accommodation,16,0,0,0,16,14,2
S01011068,All people in households,535,343,139,204,192,150,42
S01011068,Whole house or bungalow: Total,529,341,138,203,188,150,38
S01011068,Whole house or bungalow: Detached,186,154,75,79,32,7,25
S01011068,Whole house or bungalow: Semi-detached,300,169,60,109,131,121,10
S01011068,Whole house or bungalow: Terraced (including end-terrace),43,18,3,15,25,22,3
S01011068,Flat maisonette or apartment or mobile/temporary accommodation,6,2,1,1,4,0,4
S01011069,All people in households,578,403,205,198,175,135,40
S01011069,Whole house or bungalow: Total,554,401,204,197,153,113,40
S01011069,Whole house or bungalow: Detached,232,213,123,90,19,3,16
S01011069,Whole house or bungalow: Semi-detached,233,151,68,83,82,66,16
S01011069,Whole house or bungalow: Terraced (including end-terrace),89,37,13,24,52,44,8
S01011069,Flat maisonette or apartment or mobile/temporary accommodation,24,2,1,1,22,22,0
S01011070,All people in households,625,490,198,292,135,94,41
S01011070,Whole house or bungalow: Total,607,483,193,290,124,84,40
S01011070,Whole house or bungalow: Detached,213,201,83,118,12,0,12
S01011070,Whole house or bungalow: Semi-detached,316,230,86,144,86,68,18
S01011070,Whole house or bungalow: Terraced (including end-terrace),78,52,24,28,26,16,10
S01011070,Flat maisonette or apartment or mobile/temporary accommodation,18,7,5,2,11,10,1
S01011071,All people in households,843,722,395,327,121,70,51
S01011071,Whole house or bungalow: Total,835,717,390,327,118,68,50
S01011071,Whole house or bungalow: Detached,602,570,329,241,32,4,28
S01011071,Whole house or bungalow: Semi-detached,198,120,44,76,78,57,21
S01011071,Whole house or bungalow: Terraced (including end-terrace),35,27,17,10,8,7,1
S01011071,Flat maisonette or apartment or mobile/temporary accommodation,8,5,5,0,3,2,1
S01011072,All people in households,1000,752,355,397,248,178,70
S01011072,Whole house or bungalow: Total,963,742,347,395,221,158,63
S01011072,Whole house or bungalow: Detached,661,613,296,317,48,2,46
S01011072,Whole house or bungalow: Semi-detached,253,107,44,63,146,138,8
S01011072,Whole house or bungalow: Terraced (including end-terrace),49,22,7,15,27,18,9
S01011072,Flat maisonette or apartment or mobile/temporary accommodation,37,10,8,2,27,20,7
S01011073,All people in households,682,603,268,335,79,23,56
S01011073,Whole house or bungalow: Total,655,590,261,329,65,18,47
S01011073,Whole house or bungalow: Detached,332,305,157,148,27,2,25
S01011073,Whole house or bungalow: Semi-detached,285,257,88,169,28,11,17
S01011073,Whole house or bungalow: Terraced (including end-terrace),38,28,16,12,10,5,5
S01011073,Flat maisonette or apartment or mobile/temporary accommodation,27,13,7,6,14,5,9
S01011074,All people in households,607,474,201,273,133,91,42
S01011074,Whole house or bungalow: Total,577,462,199,263,115,86,29
S01011074,Whole house or bungalow: Detached,148,136,60,76,12,0,12
S01011074,Whole house or bungalow: Semi-detached,291,245,99,146,46,35,11
S01011074,Whole house or bungalow: Terraced (including end-terrace),138,81,40,41,57,51,6
S01011074,Flat maisonette or apartment or mobile/temporary accommodation,30,12,2,10,18,5,13
S01011075,All people in households,714,359,146,213,355,309,46
S01011075,Whole house or bungalow: Total,635,350,144,206,285,243,42
S01011075,Whole house or bungalow: Detached,34,14,8,6,20,15,5
S01011075,Whole house or bungalow: Semi-detached,321,230,97,133,91,71,20
S01011075,Whole house or bungalow: Terraced (including end-terrace),280,106,39,67,174,157,17
S01011075,Flat maisonette or apartment or mobile/temporary accommodation,79,9,2,7,70,66,4
S01011076,All people in households,740,473,242,231,267,210,57
S01011076,Whole house or bungalow: Total,583,453,234,219,130,88,42
S01011076,Whole house or bungalow: Detached,153,143,81,62,10,0,10
S01011076,Whole house or bungalow: Semi-detached,343,268,126,142,75,53,22
S01011076,Whole house or bungalow: Terraced (including end-terrace),87,42,27,15,45,35,10
S01011076,Flat maisonette or apartment or mobile/temporary accommodation,157,20,8,12,137,122,15
S01011077,All people in households,777,280,127,153,497,480,17
S01011077,Whole house or bungalow: Total,758,276,127,149,482,467,15
S01011077,Whole house or bungalow: Detached,127,102,65,37,25,18,7
S01011077,Whole house or bungalow: Semi-detached,178,92,36,56,86,80,6
S01011077,Whole house or bungalow: Terraced (including end-terrace),453,82,26,56,371,369,2
S01011077,Flat maisonette or apartment or mobile/temporary accommodation,19,4,0,4,15,13,2
S01011078,All people in households,1104,914,409,505,190,128,62
S01011078,Whole house or bungalow: Total,1002,884,397,487,118,93,25
S01011078,Whole house or bungalow: Detached,714,693,330,363,21,4,17
S01011078,Whole house or bungalow: Semi-detached,230,162,64,98,68,60,8
S01011078,Whole house or bungalow: Terraced (including end-terrace),58,29,3,26,29,29,0
S01011078,Flat maisonette or apartment or mobile/temporary accommodation,102,30,12,18,72,35,37
S01011079,All people in households,1046,866,364,502,180,43,137
S01011079,Whole house or bungalow: Total,870,792,338,454,78,30,48
S01011079,Whole house or bungalow: Detached,382,370,166,204,12,3,9
S01011079,Whole house or bungalow: Semi-detached,376,330,136,194,46,17,29
S01011079,Whole house or bungalow: Terraced (including end-terrace),112,92,36,56,20,10,10
S01011079,Flat maisonette or apartment or mobile/temporary accommodation,176,74,26,48,102,13,89
S01011080,All people in households,967,730,365,365,237,144,93
S01011080,Whole house or bungalow: Total,874,726,364,362,148,72,76
S01011080,Whole house or bungalow: Detached,287,263,135,128,24,0,24
S01011080,Whole house or bungalow: Semi-detached,490,385,190,195,105,59,46
S01011080,Whole house or bungalow: Terraced (including end-terrace),97,78,39,39,19,13,6
S01011080,Flat maisonette or apartment or mobile/temporary accommodation,93,4,1,3,89,72,17
S01011081,All people in households,824,576,266,310,248,215,33
S01011081,Whole house or bungalow: Total,784,574,264,310,210,180,30
S01011081,Whole house or bungalow: Detached,127,115,82,33,12,1,11
S01011081,Whole house or bungalow: Semi-detached,334,249,116,133,85,76,9
S01011081,Whole house or bungalow: Terraced (including end-terrace),323,210,66,144,113,103,10
S01011081,Flat maisonette or apartment or mobile/temporary accommodation,40,2,2,0,38,35,3
S01011082,All people in households,495,261,100,161,234,216,18
S01011082,Whole house or bungalow: Total,457,257,100,157,200,185,15
S01011082,Whole house or bungalow: Detached,59,43,22,21,16,11,5
S01011082,Whole house or bungalow: Semi-detached,283,144,54,90,139,131,8
S01011082,Whole house or bungalow: Terraced (including end-terrace),115,70,24,46,45,43,2
S01011082,Flat maisonette or apartment or mobile/temporary accommodation,38,4,0,4,34,31,3
S01011083,All people in households,787,608,259,349,179,112,67
S01011083,Whole house or bungalow: Total,774,606,259,347,168,106,62
S01011083,Whole house or bungalow: Detached,216,181,84,97,35,8,27
S01011083,Whole house or bungalow: Semi-detached,416,325,120,205,91,63,28
S01011083,Whole house or bungalow: Terraced (including end-terrace),142,100,55,45,42,35,7
S01011083,Flat maisonette or apartment or mobile/temporary accommodation,13,2,0,2,11,6,5
S01011084,All people in households,774,641,313,328,133,39,94
S01011084,Whole house or bungalow: Total,766,639,311,328,127,35,92
S01011084,Whole house or bungalow: Detached,561,510,257,253,51,2,49
S01011084,Whole house or bungalow: Semi-detached,166,104,43,61,62,19,43
S01011084,Whole house or bungalow: Terraced (including end-terrace),39,25,11,14,14,14,0
S01011084,Flat maisonette or apartment or mobile/temporary accommodation,8,2,2,0,6,4,2
S01011085,All people in households,888,721,364,357,167,80,87
S01011085,Whole house or bungalow: Total,883,721,364,357,162,78,84
S01011085,Whole house or bungalow: Detached,586,517,291,226,69,1,68
S01011085,Whole house or bungalow: Semi-detached,251,186,70,116,65,50,15
S01011085,Whole house or bungalow: Terraced (including end-terrace),46,18,3,15,28,27,1
S01011085,Flat maisonette or apartment or mobile/temporary accommodation,5,0,0,0,5,2,3
S01011086,All people in households,641,509,278,231,132,64,68
S01011086,Whole house or bungalow: Total,641,509,278,231,132,64,68
S01011086,Whole house or bungalow: Detached,482,426,242,184,56,4,52
S01011086,Whole house or bungalow: Semi-detached,114,61,25,36,53,40,13
S01011086,Whole house or bungalow: Terraced (including end-terrace),45,22,11,11,23,20,3
S01011086,Flat maisonette or apartment or mobile/temporary accommodation,0,0,0,0,0,0,0
S01011087,All people in households,584,424,168,256,160,130,30
S01011087,Whole house or bungalow: Total,550,403,164,239,147,124,23
S01011087,Whole house or bungalow: Detached,116,100,58,42,16,7,9
S01011087,Whole house or bungalow: Semi-detached,243,173,76,97,70,60,10
S01011087,Whole house or bungalow: Terraced (including end-terrace),191,130,30,100,61,57,4
S01011087,Flat maisonette or apartment or mobile/temporary accommodation,34,21,4,17,13,6,7
S01011088,All people in households,981,734,319,415,247,111,136
S01011088,Whole house or bungalow: Total,913,711,312,399,202,84,118
S01011088,Whole house or bungalow: Detached,475,423,199,224,52,7,45
S01011088,Whole house or bungalow: Semi-detached,295,203,76,127,92,42,50
S01011088,Whole house or bungalow: Terraced (including end-terrace),143,85,37,48,58,35,23
S01011088,Flat maisonette or apartment or mobile/temporary accommodation,68,23,7,16,45,27,18
S01011089,All people in households,650,337,179,158,313,272,41
S01011089,Whole house or bungalow: Total,620,337,179,158,283,247,36
S01011089,Whole house or bungalow: Detached,174,148,111,37,26,14,12
S01011089,Whole house or bungalow: Semi-detached,258,116,45,71,142,138,4
S01011089,Whole house or bungalow: Terraced (including end-terrace),188,73,23,50,115,95,20
S01011089,Flat maisonette or apartment or mobile/temporary accommodation,30,0,0,0,30,25,5
S01011090,All people in households,715,566,301,265,149,11,138
S01011090,Whole house or bungalow: Total,703,558,293,265,145,8,137
S01011090,Whole house or bungalow: Detached,592,498,270,228,94,2,92
S01011090,Whole house or bungalow: Semi-detached,88,47,18,29,41,2,39
S01011090,Whole house or bungalow: Terraced (including end-terrace),23,13,5,8,10,4,6
S01011090,Flat maisonette or apartment or mobile/temporary accommodation,12,8,8,0,4,3,1
S01011091,All people in households,621,483,226,257,138,8,130
S01011091,Whole house or bungalow: Total,617,483,226,257,134,6,128
S01011091,Whole house or bungalow: Detached,505,396,183,213,109,0,109
S01011091,Whole house or bungalow: Semi-detached,104,79,39,40,25,6,19
S01011091,Whole house or bungalow: Terraced (including end-terrace),8,8,4,4,0,0,0
S01011091,Flat maisonette or apartment or mobile/temporary accommodation,4,0,0,0,4,2,2
S01011092,All people in households,465,143,29,114,322,278,44
S01011092,Whole house or bungalow: Total,421,133,29,104,288,248,40
S01011092,Whole house or bungalow: Detached,99,62,21,41,37,18,19
S01011092,Whole house or bungalow: Semi-detached,303,64,5,59,239,222,17
S01011092,Whole house or bungalow: Terraced (including end-terrace),19,7,3,4,12,8,4
S01011092,Flat maisonette or apartment or mobile/temporary accommodation,44,10,0,10,34,30,4
S01011093,All people in households,612,545,206,339,67,18,49
S01011093,Whole house or bungalow: Total,586,523,189,334,63,14,49
S01011093,Whole house or bungalow: Detached,435,410,155,255,25,1,24
S01011093,Whole house or bungalow: Semi-detached,111,90,24,66,21,0,21
S01011093,Whole house or bungalow: Terraced (including end-terrace),40,23,10,13,17,13,4
S01011093,Flat maisonette or apartment or mobile/temporary accommodation,26,22,17,5,4,4,0
S01011094,All people in households,486,391,150,241,95,8,87
S01011094,Whole house or bungalow: Total,483,391,150,241,92,5,87
S01011094,Whole house or bungalow: Detached,405,340,120,220,65,3,62
S01011094,Whole house or bungalow: Semi-detached,67,47,28,19,20,2,18
S01011094,Whole house or bungalow: Terraced (including end-terrace),11,4,2,2,7,0,7
S01011094,Flat maisonette or apartment or mobile/temporary accommodation,3,0,0,0,3,3,0
S01011095,All people in households,783,623,305,318,160,19,141
S01011095,Whole house or bungalow: Total,779,622,304,318,157,19,138
S01011095,Whole house or bungalow: Detached,606,515,264,251,91,4,87
S01011095,Whole house or bungalow: Semi-detached,149,100,37,63,49,6,43
S01011095,Whole house or bungalow: Terraced (including end-terrace),24,7,3,4,17,9,8
S01011095,Flat maisonette or apartment or mobile/temporary accommodation,4,1,1,0,3,0,3
S01011096,All people in households,557,383,114,269,174,22,152
S01011096,Whole house or bungalow: Total,520,366,105,261,154,22,132
S01011096,Whole house or bungalow: Detached,331,247,83,164,84,6,78
S01011096,Whole house or bungalow: Semi-detached,160,106,17,89,54,9,45
S01011096,Whole house or bungalow: Terraced (including end-terrace),29,13,5,8,16,7,9
S01011096,Flat maisonette or apartment or mobile/temporary accommodation,37,17,9,8,20,0,20
S01011097,All people in households,715,529,218,311,186,29,157
S01011097,Whole house or bungalow: Total,705,522,213,309,183,29,154
S01011097,Whole house or bungalow: Detached,515,393,169,224,122,2,120
S01011097,Whole house or bungalow: Semi-detached,149,93,41,52,56,22,34
S01011097,Whole house or bungalow: Terraced (including end-terrace),41,36,3,33,5,5,0
S01011097,Flat maisonette or apartment or mobile/temporary accommodation,10,7,5,2,3,0,3
S01011098,All people in households,749,565,202,363,184,98,86
S01011098,Whole house or bungalow: Total,656,538,196,342,118,76,42
S01011098,Whole house or bungalow: Detached,301,291,103,188,10,4,6
S01011098,Whole house or bungalow: Semi-detached,286,225,90,135,61,31,30
S01011098,Whole house or bungalow: Terraced (including end-terrace),69,22,3,19,47,41,6
S01011098,Flat maisonette or apartment or mobile/temporary accommodation,93,27,6,21,66,22,44
S01011099,All people in households,819,349,135,214,470,418,52
S01011099,Whole house or bungalow: Total,635,332,130,202,303,254,49
S01011099,Whole house or bungalow: Detached,154,121,66,55,33,17,16
S01011099,Whole house or bungalow: Semi-detached,116,44,9,35,72,57,15
S01011099,Whole house or bungalow: Terraced (including end-terrace),365,167,55,112,198,180,18
S01011099,Flat maisonette or apartment or mobile/temporary accommodation,184,17,5,12,167,164,3
S01011100,All people in households,458,351,175,176,107,88,19
S01011100,Whole house or bungalow: Total,444,351,175,176,93,78,15
S01011100,Whole house or bungalow: Detached,168,155,68,87,13,3,10
S01011100,Whole house or bungalow: Semi-detached,193,146,79,67,47,44,3
S01011100,Whole house or bungalow: Terraced (including end-terrace),83,50,28,22,33,31,2
S01011100,Flat maisonette or apartment or mobile/temporary accommodation,14,0,0,0,14,10,4
S01011101,All people in households,626,270,90,180,356,325,31
S01011101,Whole house or bungalow: Total,524,260,85,175,264,233,31
S01011101,Whole house or bungalow: Detached,26,19,13,6,7,1,6
S01011101,Whole house or bungalow: Semi-detached,147,45,16,29,102,87,15
S01011101,Whole house or bungalow: Terraced (including end-terrace),351,196,56,140,155,145,10
S01011101,Flat maisonette or apartment or mobile/temporary accommodation,102,10,5,5,92,92,0
S01011102,All people in households,642,232,108,124,410,299,111
S01011102,Whole house or bungalow: Total,243,126,72,54,117,67,50
S01011102,Whole house or bungalow: Detached,39,29,17,12,10,5,5
S01011102,Whole house or bungalow: Semi-detached,66,20,14,6,46,24,22
S01011102,Whole house or bungalow: Terraced (including end-terrace),138,77,41,36,61,38,23
S01011102,Flat maisonette or apartment or mobile/temporary accommodation,399,106,36,70,293,232,61
S01011103,All people in households,568,232,94,138,336,170,166
S01011103,Whole house or bungalow: Total,257,159,59,100,98,56,42
S01011103,Whole house or bungalow: Detached,55,46,16,30,9,1,8
S01011103,Whole house or bungalow: Semi-detached,77,42,16,26,35,21,14
S01011103,Whole house or bungalow: Terraced (including end-terrace),125,71,27,44,54,34,20
S01011103,Flat maisonette or apartment or mobile/temporary accommodation,311,73,35,38,238,114,124
S01011104,All people in households,583,394,164,230,189,99,90
S01011104,Whole house or bungalow: Total,434,336,135,201,98,46,52
S01011104,Whole house or bungalow: Detached,182,144,73,71,38,9,29
S01011104,Whole house or bungalow: Semi-detached,169,141,36,105,28,9,19
S01011104,Whole house or bungalow: Terraced (including end-terrace),83,51,26,25,32,28,4
S01011104,Flat maisonette or apartment or mobile/temporary accommodation,149,58,29,29,91,53,38
S01011105,All people in households,796,443,214,229,353,195,158
S01011105,Whole house or bungalow: Total,525,305,145,160,220,170,50
S01011105,Whole house or bungalow: Detached,94,83,61,22,11,5,6
S01011105,Whole house or bungalow: Semi-detached,200,79,32,47,121,103,18
S01011105,Whole house or bungalow: Terraced (including end-terrace),231,143,52,91,88,62,26
S01011105,Flat maisonette or apartment or mobile/temporary accommodation,271,138,69,69,133,25,108
S01011106,All people in households,988,229,66,163,759,355,404
S01011106,Whole house or bungalow: Total,840,206,60,146,634,245,389
S01011106,Whole house or bungalow: Detached,107,17,6,11,90,16,74
S01011106,Whole house or bungalow: Semi-detached,384,28,10,18,356,48,308
S01011106,Whole house or bungalow: Terraced (including end-terrace),349,161,44,117,188,181,7
S01011106,Flat maisonette or apartment or mobile/temporary accommodation,148,23,6,17,125,110,15
S01011107,All people in households,935,493,49,444,442,248,194
S01011107,Whole house or bungalow: Total,791,472,49,423,319,221,98
S01011107,Whole house or bungalow: Detached,236,190,17,173,46,12,34
S01011107,Whole house or bungalow: Semi-detached,495,235,26,209,260,200,60
S01011107,Whole house or bungalow: Terraced (including end-terrace),60,47,6,41,13,9,4
S01011107,Flat maisonette or apartment or mobile/temporary accommodation,144,21,0,21,123,27,96
S01011108,All people in households,543,355,71,284,188,156,32
S01011108,Whole house or bungalow: Total,516,336,69,267,180,151,29
S01011108,Whole house or bungalow: Detached,100,91,15,76,9,3,6
S01011108,Whole house or bungalow: Semi-detached,314,186,41,145,128,108,20
S01011108,Whole house or bungalow: Terraced (including end-terrace),102,59,13,46,43,40,3
S01011108,Flat maisonette or apartment or mobile/temporary accommodation,27,19,2,17,8,5,3
S01011109,All people in households,807,640,257,383,167,67,100
S01011109,Whole house or bungalow: Total,672,570,243,327,102,42,60
S01011109,Whole house or bungalow: Detached,178,157,68,89,21,5,16
S01011109,Whole house or bungalow: Semi-detached,443,373,157,216,70,27,43
S01011109,Whole house or bungalow: Terraced (including end-terrace),51,40,18,22,11,10,1
S01011109,Flat maisonette or apartment or mobile/temporary accommodation,135,70,14,56,65,25,40
S01011110,All people in households,702,468,159,309,234,182,52
S01011110,Whole house or bungalow: Total,573,437,147,290,136,107,29
S01011110,Whole house or bungalow: Detached,59,47,28,19,12,8,4
S01011110,Whole house or bungalow: Semi-detached,271,194,72,122,77,63,14
S01011110,Whole house or bungalow: Terraced (including end-terrace),243,196,47,149,47,36,11
S01011110,Flat maisonette or apartment or mobile/temporary accommodation,129,31,12,19,98,75,23
S01011111,All people in households,880,438,152,286,442,365,77
S01011111,Whole house or bungalow: Total,550,357,124,233,193,132,61
S01011111,Whole house or bungalow: Detached,79,68,32,36,11,5,6
S01011111,Whole house or bungalow: Semi-detached,285,186,61,125,99,73,26
S01011111,Whole house or bungalow: Terraced (including end-terrace),186,103,31,72,83,54,29
S01011111,Flat maisonette or apartment or mobile/temporary accommodation,330,81,28,53,249,233,16
S01011112,All people in households,874,706,128,578,168,75,93
S01011112,Whole house or bungalow: Total,784,687,125,562,97,63,34
S01011112,Whole house or bungalow: Detached,486,468,85,383,18,9,9
S01011112,Whole house or bungalow: Semi-detached,279,203,40,163,76,51,25
S01011112,Whole house or bungalow: Terraced (including end-terrace),19,16,0,16,3,3,0
S01011112,Flat maisonette or apartment or mobile/temporary accommodation,90,19,3,16,71,12,59
S01011113,All people in households,925,680,326,354,245,179,66
S01011113,Whole house or bungalow: Total,894,668,322,346,226,163,63
S01011113,Whole house or bungalow: Detached,224,205,114,91,19,9,10
S01011113,Whole house or bungalow: Semi-detached,475,333,167,166,142,102,40
S01011113,Whole house or bungalow: Terraced (including end-terrace),195,130,41,89,65,52,13
S01011113,Flat maisonette or apartment or mobile/temporary accommodation,31,12,4,8,19,16,3
S01011114,All people in households,713,602,256,346,111,76,35
S01011114,Whole house or bungalow: Total,705,602,256,346,103,68,35
S01011114,Whole house or bungalow: Detached,306,289,164,125,17,7,10
S01011114,Whole house or bungalow: Semi-detached,344,271,77,194,73,54,19
S01011114,Whole house or bungalow: Terraced (including end-terrace),55,42,15,27,13,7,6
S01011114,Flat maisonette or apartment or mobile/temporary accommodation,8,0,0,0,8,8,0
S01011115,All people in households,902,513,177,336,389,321,68
S01011115,Whole house or bungalow: Total,773,492,173,319,281,232,49
S01011115,Whole house or bungalow: Detached,35,21,7,14,14,5,9
S01011115,Whole house or bungalow: Semi-detached,393,251,97,154,142,125,17
S01011115,Whole house or bungalow: Terraced (including end-terrace),345,220,69,151,125,102,23
S01011115,Flat maisonette or apartment or mobile/temporary accommodation,129,21,4,17,108,89,19
S01011116,All people in households,661,494,219,275,167,79,88
S01011116,Whole house or bungalow: Total,635,486,217,269,149,79,70
S01011116,Whole house or bungalow: Detached,134,110,56,54,24,4,20
S01011116,Whole house or bungalow: Semi-detached,244,168,92,76,76,44,32
S01011116,Whole house or bungalow: Terraced (including end-terrace),257,208,69,139,49,31,18
S01011116,Flat maisonette or apartment or mobile/temporary accommodation,26,8,2,6,18,0,18
S01011117,All people in households,730,558,284,274,172,17,155
S01011117,Whole house or bungalow: Total,524,455,239,216,69,10,59
S01011117,Whole house or bungalow: Detached,269,252,137,115,17,0,17
S01011117,Whole house or bungalow: Semi-detached,183,151,65,86,32,6,26
S01011117,Whole house or bungalow: Terraced (including end-terrace),72,52,37,15,20,4,16
S01011117,Flat maisonette or apartment or mobile/temporary accommodation,206,103,45,58,103,7,96
S01011118,All people in households,880,674,315,359,206,47,159
S01011118,Whole house or bungalow: Total,739,630,298,332,109,4,105
S01011118,Whole house or bungalow: Detached,364,331,159,172,33,0,33
S01011118,Whole house or bungalow: Semi-detached,304,262,131,131,42,2,40
S01011118,Whole house or bungalow: Terraced (including end-terrace),71,37,8,29,34,2,32
S01011118,Flat maisonette or apartment or mobile/temporary accommodation,141,44,17,27,97,43,54
S01011119,All people in households,928,741,347,394,187,60,127
S01011119,Whole house or bungalow: Total,846,709,333,376,137,54,83
S01011119,Whole house or bungalow: Detached,584,532,261,271,52,4,48
S01011119,Whole house or bungalow: Semi-detached,186,141,50,91,45,19,26
S01011119,Whole house or bungalow: Terraced (including end-terrace),76,36,22,14,40,31,9
S01011119,Flat maisonette or apartment or mobile/temporary accommodation,82,32,14,18,50,6,44
S01011120,All people in households,669,637,373,264,32,6,26
S01011120,Whole house or bungalow: Total,658,626,373,253,32,6,26
S01011120,Whole house or bungalow: Detached,610,585,361,224,25,3,22
S01011120,Whole house or bungalow: Semi-detached,37,31,12,19,6,2,4
S01011120,Whole house or bungalow: Terraced (including end-terrace),11,10,0,10,1,1,0
S01011120,Flat maisonette or apartment or mobile/temporary accommodation,11,11,0,11,0,0,0
S01011121,All people in households,520,220,86,134,300,118,182
S01011121,Whole house or bungalow: Total,210,141,53,88,69,23,46
S01011121,Whole house or bungalow: Detached,34,20,6,14,14,4,10
S01011121,Whole house or bungalow: Semi-detached,100,80,29,51,20,11,9
S01011121,Whole house or bungalow: Terraced (including end-terrace),76,41,18,23,35,8,27
S01011121,Flat maisonette or apartment or mobile/temporary accommodation,310,79,33,46,231,95,136
S01011122,All people in households,647,429,176,253,218,105,113
S01011122,Whole house or bungalow: Total,494,373,157,216,121,65,56
S01011122,Whole house or bungalow: Detached,157,139,73,66,18,2,16
S01011122,Whole house or bungalow: Semi-detached,134,104,36,68,30,16,14
S01011122,Whole house or bungalow: Terraced (including end-terrace),203,130,48,82,73,47,26
S01011122,Flat maisonette or apartment or mobile/temporary accommodation,153,56,19,37,97,40,57
S01011123,All people in households,1121,773,276,497,348,269,79
S01011123,Whole house or bungalow: Total,1053,748,263,485,305,238,67
S01011123,Whole house or bungalow: Detached,117,87,32,55,30,9,21
S01011123,Whole house or bungalow: Semi-detached,385,252,97,155,133,110,23
S01011123,Whole house or bungalow: Terraced (including end-terrace),551,409,134,275,142,119,23
S01011123,Flat maisonette or apartment or mobile/temporary accommodation,68,25,13,12,43,31,12
S01011124,All people in households,661,433,117,316,228,110,118
S01011124,Whole house or bungalow: Total,639,430,117,313,209,105,104
S01011124,Whole house or bungalow: Detached,242,189,25,164,53,4,49
S01011124,Whole house or bungalow: Semi-detached,194,126,38,88,68,35,33
S01011124,Whole house or bungalow: Terraced (including end-terrace),203,115,54,61,88,66,22
S01011124,Flat maisonette or apartment or mobile/temporary accommodation,22,3,0,3,19,5,14
S01011125,All people in households,492,171,40,131,321,277,44
S01011125,Whole house or bungalow: Total,401,159,34,125,242,226,16
S01011125,Whole house or bungalow: Detached,61,36,16,20,25,17,8
S01011125,Whole house or bungalow: Semi-detached,278,75,12,63,203,197,6
S01011125,Whole house or bungalow: Terraced (including end-terrace),62,48,6,42,14,12,2
S01011125,Flat maisonette or apartment or mobile/temporary accommodation,91,12,6,6,79,51,28
S01011126,All people in households,502,210,83,127,292,151,141
S01011126,Whole house or bungalow: Total,458,203,78,125,255,114,141
S01011126,Whole house or bungalow: Detached,109,94,50,44,15,5,10
S01011126,Whole house or bungalow: Semi-detached,242,56,15,41,186,71,115
S01011126,Whole house or bungalow: Terraced (including end-terrace),107,53,13,40,54,38,16
S01011126,Flat maisonette or apartment or mobile/temporary accommodation,44,7,5,2,37,37,0
S01011127,All people in households,536,42,1,41,494,50,444
S01011127,Whole house or bungalow: Total,518,33,1,32,485,41,444
S01011127,Whole house or bungalow: Detached,61,29,1,28,32,0,32
S01011127,Whole house or bungalow: Semi-detached,411,0,0,0,411,37,374
S01011127,Whole house or bungalow: Terraced (including end-terrace),46,4,0,4,42,4,38
S01011127,Flat maisonette or apartment or mobile/temporary accommodation,18,9,0,9,9,9,0
S01011128,All people in households,709,435,152,283,274,137,137
S01011128,Whole house or bungalow: Total,604,400,140,260,204,86,118
S01011128,Whole house or bungalow: Detached,143,114,31,83,29,1,28
S01011128,Whole house or bungalow: Semi-detached,239,132,35,97,107,29,78
S01011128,Whole house or bungalow: Terraced (including end-terrace),222,154,74,80,68,56,12
S01011128,Flat maisonette or apartment or mobile/temporary accommodation,105,35,12,23,70,51,19
S01011129,All people in households,973,655,236,419,318,36,282
S01011129,Whole house or bungalow: Total,941,643,228,415,298,26,272
S01011129,Whole house or bungalow: Detached,761,500,190,310,261,17,244
S01011129,Whole house or bungalow: Semi-detached,149,127,32,95,22,3,19
S01011129,Whole house or bungalow: Terraced (including end-terrace),31,16,6,10,15,6,9
S01011129,Flat maisonette or apartment or mobile/temporary accommodation,32,12,8,4,20,10,10
S01011130,All people in households,597,364,153,211,233,147,86
S01011130,Whole house or bungalow: Total,408,296,129,167,112,74,38
S01011130,Whole house or bungalow: Detached,68,47,19,28,21,7,14
S01011130,Whole house or bungalow: Semi-detached,188,145,50,95,43,27,16
S01011130,Whole house or bungalow: Terraced (including end-terrace),152,104,60,44,48,40,8
S01011130,Flat maisonette or apartment or mobile/temporary accommodation,189,68,24,44,121,73,48
S01011131,All people in households,637,456,178,278,181,31,150
S01011131,Whole house or bungalow: Total,499,403,157,246,96,31,65
S01011131,Whole house or bungalow: Detached,110,96,47,49,14,0,14
S01011131,Whole house or bungalow: Semi-detached,240,197,66,131,43,15,28
S01011131,Whole house or bungalow: Terraced (including end-terrace),149,110,44,66,39,16,23
S01011131,Flat maisonette or apartment or mobile/temporary accommodation,138,53,21,32,85,0,85
S01011132,All people in households,898,770,309,461,128,14,114
S01011132,Whole house or bungalow: Total,820,737,296,441,83,11,72
S01011132,Whole house or bungalow: Detached,404,374,162,212,30,0,30
S01011132,Whole house or bungalow: Semi-detached,304,260,99,161,44,8,36
S01011132,Whole house or bungalow: Terraced (including end-terrace),112,103,35,68,9,3,6
S01011132,Flat maisonette or apartment or mobile/temporary accommodation,78,33,13,20,45,3,42
S01011133,All people in households,445,312,117,195,133,99,34
S01011133,Whole house or bungalow: Total,428,306,116,190,122,91,31
S01011133,Whole house or bungalow: Detached,107,95,44,51,12,2,10
S01011133,Whole house or bungalow: Semi-detached,208,138,49,89,70,53,17
S01011133,Whole house or bungalow: Terraced (including end-terrace),113,73,23,50,40,36,4
S01011133,Flat maisonette or apartment or mobile/temporary accommodation,17,6,1,5,11,8,3
S01011134,All people in households,744,511,251,260,233,97,136
S01011134,Whole house or bungalow: Total,568,460,233,227,108,54,54
S01011134,Whole house or bungalow: Detached,213,208,125,83,5,0,5
S01011134,Whole house or bungalow: Semi-detached,207,156,64,92,51,20,31
S01011134,Whole house or bungalow: Terraced (including end-terrace),148,96,44,52,52,34,18
S01011134,Flat maisonette or apartment or mobile/temporary accommodation,176,51,18,33,125,43,82
S01011135,All people in households,740,474,210,264,266,197,69
S01011135,Whole house or bungalow: Total,665,439,205,234,226,182,44
S01011135,Whole house or bungalow: Detached,146,106,56,50,40,29,11
S01011135,Whole house or bungalow: Semi-detached,246,128,67,61,118,96,22
S01011135,Whole house or bungalow: Terraced (including end-terrace),273,205,82,123,68,57,11
S01011135,Flat maisonette or apartment or mobile/temporary accommodation,75,35,5,30,40,15,25
S01011136,All people in households,644,450,202,248,194,102,92
S01011136,Whole house or bungalow: Total,534,409,189,220,125,81,44
S01011136,Whole house or bungalow: Detached,275,254,118,136,21,4,17
S01011136,Whole house or bungalow: Semi-detached,94,69,36,33,25,15,10
S01011136,Whole house or bungalow: Terraced (including end-terrace),165,86,35,51,79,62,17
S01011136,Flat maisonette or apartment or mobile/temporary accommodation,110,41,13,28,69,21,48
S01011137,All people in households,502,270,111,159,232,178,54
S01011137,Whole house or bungalow: Total,467,245,101,144,222,174,48
S01011137,Whole house or bungalow: Detached,129,114,56,58,15,3,12
S01011137,Whole house or bungalow: Semi-detached,184,89,32,57,95,68,27
S01011137,Whole house or bungalow: Terraced (including end-terrace),154,42,13,29,112,103,9
S01011137,Flat maisonette or apartment or mobile/temporary accommodation,35,25,10,15,10,4,6
S01011138,All people in households,635,245,67,178,390,234,156
S01011138,Whole house or bungalow: Total,576,245,67,178,331,180,151
S01011138,Whole house or bungalow: Detached,61,19,12,7,42,10,32
S01011138,Whole house or bungalow: Semi-detached,267,99,25,74,168,53,115
S01011138,Whole house or bungalow: Terraced (including end-terrace),248,127,30,97,121,117,4
S01011138,Flat maisonette or apartment or mobile/temporary accommodation,59,0,0,0,59,54,5
S01011139,All people in households,764,380,117,263,384,27,357
S01011139,Whole house or bungalow: Total,727,359,107,252,368,27,341
S01011139,Whole house or bungalow: Detached,127,68,33,35,59,9,50
S01011139,Whole house or bungalow: Semi-detached,557,260,59,201,297,14,283
S01011139,Whole house or bungalow: Terraced (including end-terrace),43,31,15,16,12,4,8
S01011139,Flat maisonette or apartment or mobile/temporary accommodation,37,21,10,11,16,0,16
S01011140,All people in households,537,328,72,256,209,155,54
S01011140,Whole house or bungalow: Total,495,321,72,249,174,135,39
S01011140,Whole house or bungalow: Detached,84,74,20,54,10,7,3
S01011140,Whole house or bungalow: Semi-detached,162,104,31,73,58,47,11
S01011140,Whole house or bungalow: Terraced (including end-terrace),249,143,21,122,106,81,25
S01011140,Flat maisonette or apartment or mobile/temporary accommodation,42,7,0,7,35,20,15
S01011141,All people in households,558,274,79,195,284,247,37
S01011141,Whole house or bungalow: Total,549,273,78,195,276,246,30
S01011141,Whole house or bungalow: Detached,70,63,34,29,7,0,7
S01011141,Whole house or bungalow: Semi-detached,180,58,23,35,122,112,10
S01011141,Whole house or bungalow: Terraced (including end-terrace),299,152,21,131,147,134,13
S01011141,Flat maisonette or apartment or mobile/temporary accommodation,9,1,1,0,8,1,7
S01011142,All people in households,839,611,239,372,228,18,210
S01011142,Whole house or bungalow: Total,794,606,234,372,188,18,170
S01011142,Whole house or bungalow: Detached,573,486,193,293,87,0,87
S01011142,Whole house or bungalow: Semi-detached,183,99,32,67,84,18,66
S01011142,Whole house or bungalow: Terraced (including end-terrace),38,21,9,12,17,0,17
S01011142,Flat maisonette or apartment or mobile/temporary accommodation,45,5,5,0,40,0,40
S01011143,All people in households,950,831,347,484,119,27,92
S01011143,Whole house or bungalow: Total,916,813,336,477,103,27,76
S01011143,Whole house or bungalow: Detached,633,585,244,341,48,4,44
S01011143,Whole house or bungalow: Semi-detached,188,154,67,87,34,15,19
S01011143,Whole house or bungalow: Terraced (including end-terrace),95,74,25,49,21,8,13
S01011143,Flat maisonette or apartment or mobile/temporary accommodation,34,18,11,7,16,0,16
S01011144,All people in households,769,597,211,386,172,79,93
S01011144,Whole house or bungalow: Total,752,588,204,384,164,79,85
S01011144,Whole house or bungalow: Detached,334,297,132,165,37,4,33
S01011144,Whole house or bungalow: Semi-detached,297,217,56,161,80,40,40
S01011144,Whole house or bungalow: Terraced (including end-terrace),121,74,16,58,47,35,12
S01011144,Flat maisonette or apartment or mobile/temporary accommodation,17,9,7,2,8,0,8
S01011145,All people in households,653,530,277,253,123,17,106
S01011145,Whole house or bungalow: Total,637,521,273,248,116,15,101
S01011145,Whole house or bungalow: Detached,503,431,242,189,72,4,68
S01011145,Whole house or bungalow: Semi-detached,106,66,28,38,40,7,33
S01011145,Whole house or bungalow: Terraced (including end-terrace),28,24,3,21,4,4,0
S01011145,Flat maisonette or apartment or mobile/temporary accommodation,16,9,4,5,7,2,5
S01011146,All people in households,759,494,198,296,265,218,47
S01011146,Whole house or bungalow: Total,739,483,196,287,256,212,44
S01011146,Whole house or bungalow: Detached,375,343,143,200,32,3,29
S01011146,Whole house or bungalow: Semi-detached,220,85,35,50,135,124,11
S01011146,Whole house or bungalow: Terraced (including end-terrace),144,55,18,37,89,85,4
S01011146,Flat maisonette or apartment or mobile/temporary accommodation,20,11,2,9,9,6,3
S01011147,All people in households,995,782,319,463,213,109,104
S01011147,Whole house or bungalow: Total,942,760,314,446,182,108,74
S01011147,Whole house or bungalow: Detached,374,348,148,200,26,4,22
S01011147,Whole house or bungalow: Semi-detached,373,281,96,185,92,69,23
S01011147,Whole house or bungalow: Terraced (including end-terrace),195,131,70,61,64,35,29
S01011147,Flat maisonette or apartment or mobile/temporary accommodation,53,22,5,17,31,1,30
S01011148,All people in households,763,478,262,216,285,60,225
S01011148,Whole house or bungalow: Total,751,478,262,216,273,56,217
S01011148,Whole house or bungalow: Detached,449,323,195,128,126,1,125
S01011148,Whole house or bungalow: Semi-detached,273,134,57,77,139,50,89
S01011148,Whole house or bungalow: Terraced (including end-terrace),29,21,10,11,8,5,3
S01011148,Flat maisonette or apartment or mobile/temporary accommodation,12,0,0,0,12,4,8
S01011149,All people in households,679,296,155,141,383,26,357
S01011149,Whole house or bungalow: Total,627,275,134,141,352,24,328
S01011149,Whole house or bungalow: Detached,282,213,112,101,69,4,65
S01011149,Whole house or bungalow: Semi-detached,303,37,10,27,266,11,255
S01011149,Whole house or bungalow: Terraced (including end-terrace),42,25,12,13,17,9,8
S01011149,Flat maisonette or apartment or mobile/temporary accommodation,52,21,21,0,31,2,29
S01011150,All people in households,474,306,36,270,168,58,110
S01011150,Whole house or bungalow: Total,470,303,33,270,167,57,110
S01011150,Whole house or bungalow: Detached,50,14,12,2,36,4,32
S01011150,Whole house or bungalow: Semi-detached,224,125,3,122,99,23,76
S01011150,Whole house or bungalow: Terraced (including end-terrace),196,164,18,146,32,30,2
S01011150,Flat maisonette or apartment or mobile/temporary accommodation,4,3,3,0,1,1,0
S01011151,All people in households,578,237,77,160,341,53,288
S01011151,Whole house or bungalow: Total,527,214,64,150,313,53,260
S01011151,Whole house or bungalow: Detached,158,123,39,84,35,0,35
S01011151,Whole house or bungalow: Semi-detached,320,65,15,50,255,37,218
S01011151,Whole house or bungalow: Terraced (including end-terrace),49,26,10,16,23,16,7
S01011151,Flat maisonette or apartment or mobile/temporary accommodation,51,23,13,10,28,0,28
S01011152,All people in households,695,447,281,166,248,59,189
S01011152,Whole house or bungalow: Total,652,434,275,159,218,59,159
S01011152,Whole house or bungalow: Detached,425,320,201,119,105,6,99
S01011152,Whole house or bungalow: Semi-detached,174,79,60,19,95,43,52
S01011152,Whole house or bungalow: Terraced (including end-terrace),53,35,14,21,18,10,8
S01011152,Flat maisonette or apartment or mobile/temporary accommodation,43,13,6,7,30,0,30
S01011153,All people in households,848,523,271,252,325,141,184
S01011153,Whole house or bungalow: Total,552,401,200,201,151,50,101
S01011153,Whole house or bungalow: Detached,305,247,142,105,58,9,49
S01011153,Whole house or bungalow: Semi-detached,154,92,37,55,62,30,32
S01011153,Whole house or bungalow: Terraced (including end-terrace),93,62,21,41,31,11,20
S01011153,Flat maisonette or apartment or mobile/temporary accommodation,296,122,71,51,174,91,83
S01011154,All people in households,559,307,152,155,252,161,91
S01011154,Whole house or bungalow: Total,302,233,120,113,69,34,35
S01011154,Whole house or bungalow: Detached,127,109,67,42,18,8,10
S01011154,Whole house or bungalow: Semi-detached,88,68,26,42,20,9,11
S01011154,Whole house or bungalow: Terraced (including end-terrace),87,56,27,29,31,17,14
S01011154,Flat maisonette or apartment or mobile/temporary accommodation,257,74,32,42,183,127,56
S01011155,All people in households,643,400,189,211,243,170,73
S01011155,Whole house or bungalow: Total,390,306,138,168,84,44,40
S01011155,Whole house or bungalow: Detached,182,164,69,95,18,4,14
S01011155,Whole house or bungalow: Semi-detached,97,65,35,30,32,19,13
S01011155,Whole house or bungalow: Terraced (including end-terrace),111,77,34,43,34,21,13
S01011155,Flat maisonette or apartment or mobile/temporary accommodation,253,94,51,43,159,126,33
S01011156,All people in households,565,504,186,318,61,9,52
S01011156,Whole house or bungalow: Total,561,504,186,318,57,9,48
S01011156,Whole house or bungalow: Detached,296,273,124,149,23,2,21
S01011156,Whole house or bungalow: Semi-detached,252,221,59,162,31,7,24
S01011156,Whole house or bungalow: Terraced (including end-terrace),13,10,3,7,3,0,3
S01011156,Flat maisonette or apartment or mobile/temporary accommodation,4,0,0,0,4,0,4
S01011157,All people in households,575,524,269,255,51,27,24
S01011157,Whole house or bungalow: Total,567,523,268,255,44,22,22
S01011157,Whole house or bungalow: Detached,341,327,188,139,14,3,11
S01011157,Whole house or bungalow: Semi-detached,219,193,80,113,26,15,11
S01011157,Whole house or bungalow: Terraced (including end-terrace),7,3,0,3,4,4,0
S01011157,Flat maisonette or apartment or mobile/temporary accommodation,8,1,1,0,7,5,2
S01011158,All people in households,505,463,314,149,42,9,33
S01011158,Whole house or bungalow: Total,479,458,310,148,21,6,15
S01011158,Whole house or bungalow: Detached,395,388,271,117,7,0,7
S01011158,Whole house or bungalow: Semi-detached,58,50,33,17,8,2,6
S01011158,Whole house or bungalow: Terraced (including end-terrace),26,20,6,14,6,4,2
S01011158,Flat maisonette or apartment or mobile/temporary accommodation,26,5,4,1,21,3,18
S01011159,All people in households,545,307,157,150,238,182,56
S01011159,Whole house or bungalow: Total,512,299,157,142,213,160,53
S01011159,Whole house or bungalow: Detached,92,81,47,34,11,6,5
S01011159,Whole house or bungalow: Semi-detached,189,114,62,52,75,53,22
S01011159,Whole house or bungalow: Terraced (including end-terrace),231,104,48,56,127,101,26
S01011159,Flat maisonette or apartment or mobile/temporary accommodation,33,8,0,8,25,22,3
S01011160,All people in households,909,564,252,312,345,167,178
S01011160,Whole house or bungalow: Total,806,555,250,305,251,146,105
S01011160,Whole house or bungalow: Detached,277,248,139,109,29,3,26
S01011160,Whole house or bungalow: Semi-detached,260,175,56,119,85,31,54
S01011160,Whole house or bungalow: Terraced (including end-terrace),269,132,55,77,137,112,25
S01011160,Flat maisonette or apartment or mobile/temporary accommodation,103,9,2,7,94,21,73
S01011161,All people in households,636,355,131,224,281,168,113
S01011161,Whole house or bungalow: Total,598,341,125,216,257,168,89
S01011161,Whole house or bungalow: Detached,69,60,39,21,9,0,9
S01011161,Whole house or bungalow: Semi-detached,104,65,24,41,39,13,26
S01011161,Whole house or bungalow: Terraced (including end-terrace),425,216,62,154,209,155,54
S01011161,Flat maisonette or apartment or mobile/temporary accommodation,38,14,6,8,24,0,24
S01011162,All people in households,497,260,93,167,237,167,70
S01011162,Whole house or bungalow: Total,489,252,93,159,237,167,70
S01011162,Whole house or bungalow: Detached,128,122,61,61,6,0,6
S01011162,Whole house or bungalow: Semi-detached,92,46,21,25,46,33,13
S01011162,Whole house or bungalow: Terraced (including end-terrace),269,84,11,73,185,134,51
S01011162,Flat maisonette or apartment or mobile/temporary accommodation,8,8,0,8,0,0,0
S01011163,All people in households,786,436,151,285,350,284,66
S01011163,Whole house or bungalow: Total,775,432,149,283,343,280,63
S01011163,Whole house or bungalow: Detached,42,23,10,13,19,16,3
S01011163,Whole house or bungalow: Semi-detached,388,247,81,166,141,111,30
S01011163,Whole house or bungalow: Terraced (including end-terrace),345,162,58,104,183,153,30
S01011163,Flat maisonette or apartment or mobile/temporary accommodation,11,4,2,2,7,4,3
S01011164,All people in households,718,484,166,318,234,174,60
S01011164,Whole house or bungalow: Total,670,463,161,302,207,159,48
S01011164,Whole house or bungalow: Detached,321,274,93,181,47,18,29
S01011164,Whole house or bungalow: Semi-detached,271,141,49,92,130,121,9
S01011164,Whole house or bungalow: Terraced (including end-terrace),78,48,19,29,30,20,10
S01011164,Flat maisonette or apartment or mobile/temporary accommodation,48,21,5,16,27,15,12
S01011165,All people in households,748,334,117,217,414,356,58
S01011165,Whole house or bungalow: Total,597,308,109,199,289,244,45
S01011165,Whole house or bungalow: Detached,49,31,11,20,18,16,2
S01011165,Whole house or bungalow: Semi-detached,228,109,28,81,119,92,27
S01011165,Whole house or bungalow: Terraced (including end-terrace),320,168,70,98,152,136,16
S01011165,Flat maisonette or apartment or mobile/temporary accommodation,151,26,8,18,125,112,13
S01011166,All people in households,513,434,235,199,79,41,38
S01011166,Whole house or bungalow: Total,508,431,235,196,77,41,36
S01011166,Whole house or bungalow: Detached,371,343,188,155,28,2,26
S01011166,Whole house or bungalow: Semi-detached,82,64,35,29,18,8,10
S01011166,Whole house or bungalow: Terraced (including end-terrace),55,24,12,12,31,31,0
S01011166,Flat maisonette or apartment or mobile/temporary accommodation,5,3,0,3,2,0,2
S01011167,All people in households,640,535,307,228,105,22,83
S01011167,Whole house or bungalow: Total,626,527,303,224,99,22,77
S01011167,Whole house or bungalow: Detached,492,445,279,166,47,0,47
S01011167,Whole house or bungalow: Semi-detached,125,78,24,54,47,17,30
S01011167,Whole house or bungalow: Terraced (including end-terrace),9,4,0,4,5,5,0
S01011167,Flat maisonette or apartment or mobile/temporary accommodation,14,8,4,4,6,0,6
S01011168,All people in households,845,493,221,272,352,27,325
S01011168,Whole house or bungalow: Total,831,487,220,267,344,24,320
S01011168,Whole house or bungalow: Detached,638,373,202,171,265,0,265
S01011168,Whole house or bungalow: Semi-detached,144,92,18,74,52,14,38
S01011168,Whole house or bungalow: Terraced (including end-terrace),49,22,0,22,27,10,17
S01011168,Flat maisonette or apartment or mobile/temporary accommodation,14,6,1,5,8,3,5
S01011169,All people in households,963,753,148,605,210,94,116
S01011169,Whole house or bungalow: Total,886,727,143,584,159,92,67
S01011169,Whole house or bungalow: Detached,381,344,72,272,37,3,34
S01011169,Whole house or bungalow: Semi-detached,428,317,62,255,111,78,33
S01011169,Whole house or bungalow: Terraced (including end-terrace),77,66,9,57,11,11,0
S01011169,Flat maisonette or apartment or mobile/temporary accommodation,77,26,5,21,51,2,49
S01011170,All people in households,910,619,321,298,291,55,236
S01011170,Whole house or bungalow: Total,863,585,294,291,278,53,225
S01011170,Whole house or bungalow: Detached,631,465,240,225,166,11,155
S01011170,Whole house or bungalow: Semi-detached,196,102,47,55,94,36,58
S01011170,Whole house or bungalow: Terraced (including end-terrace),36,18,7,11,18,6,12
S01011170,Flat maisonette or apartment or mobile/temporary accommodation,47,34,27,7,13,2,11
S01011171,All people in households,876,699,452,247,177,68,109
S01011171,Whole house or bungalow: Total,850,686,442,244,164,63,101
S01011171,Whole house or bungalow: Detached,592,523,345,178,69,1,68
S01011171,Whole house or bungalow: Semi-detached,204,139,86,53,65,44,21
S01011171,Whole house or bungalow: Terraced (including end-terrace),54,24,11,13,30,18,12
S01011171,Flat maisonette or apartment or mobile/temporary accommodation,26,13,10,3,13,5,8
S01011172,All people in households,721,557,363,194,164,80,84
S01011172,Whole house or bungalow: Total,697,547,356,191,150,76,74
S01011172,Whole house or bungalow: Detached,430,391,269,122,39,0,39
S01011172,Whole house or bungalow: Semi-detached,219,135,75,60,84,60,24
S01011172,Whole house or bungalow: Terraced (including end-terrace),48,21,12,9,27,16,11
S01011172,Flat maisonette or apartment or mobile/temporary accommodation,24,10,7,3,14,4,10
S01011173,All people in households,516,417,231,186,99,31,68
S01011173,Whole house or bungalow: Total,494,408,228,180,86,29,57
S01011173,Whole house or bungalow: Detached,353,318,180,138,35,1,34
S01011173,Whole house or bungalow: Semi-detached,117,71,35,36,46,28,18
S01011173,Whole house or bungalow: Terraced (including end-terrace),24,19,13,6,5,0,5
S01011173,Flat maisonette or apartment or mobile/temporary accommodation,22,9,3,6,13,2,11
S01011174,All people in households,434,302,214,88,132,29,103
S01011174,Whole house or bungalow: Total,414,291,212,79,123,24,99
S01011174,Whole house or bungalow: Detached,292,225,171,54,67,0,67
S01011174,Whole house or bungalow: Semi-detached,96,58,36,22,38,9,29
S01011174,Whole house or bungalow: Terraced (including end-terrace),26,8,5,3,18,15,3
S01011174,Flat maisonette or apartment or mobile/temporary accommodation,20,11,2,9,9,5,4
S01011175,All people in households,532,332,158,174,200,141,59
S01011175,Whole house or bungalow: Total,500,328,154,174,172,118,54
S01011175,Whole house or bungalow: Detached,215,176,96,80,39,1,38
S01011175,Whole house or bungalow: Semi-detached,151,74,27,47,77,61,16
S01011175,Whole house or bungalow: Terraced (including end-terrace),134,78,31,47,56,56,0
S01011175,Flat maisonette or apartment or mobile/temporary accommodation,32,4,4,0,28,23,5
S01011176,All people in households,531,441,307,134,90,19,71
S01011176,Whole house or bungalow: Total,488,425,302,123,63,7,56
S01011176,Whole house or bungalow: Detached,348,321,242,79,27,0,27
S01011176,Whole house or bungalow: Semi-detached,96,72,44,28,24,2,22
S01011176,Whole house or bungalow: Terraced (including end-terrace),44,32,16,16,12,5,7
S01011176,Flat maisonette or apartment or mobile/temporary accommodation,43,16,5,11,27,12,15
S01011177,All people in households,838,576,359,217,262,128,134
S01011177,Whole house or bungalow: Total,782,560,353,207,222,105,117
S01011177,Whole house or bungalow: Detached,431,357,228,129,74,14,60
S01011177,Whole house or bungalow: Semi-detached,244,130,84,46,114,75,39
S01011177,Whole house or bungalow: Terraced (including end-terrace),107,73,41,32,34,16,18
S01011177,Flat maisonette or apartment or mobile/temporary accommodation,56,16,6,10,40,23,17
S01011178,All people in households,514,326,112,214,188,42,146
S01011178,Whole house or bungalow: Total,474,306,104,202,168,25,143
S01011178,Whole house or bungalow: Detached,130,104,56,48,26,1,25
S01011178,Whole house or bungalow: Semi-detached,210,120,33,87,90,16,74
S01011178,Whole house or bungalow: Terraced (including end-terrace),134,82,15,67,52,8,44
S01011178,Flat maisonette or apartment or mobile/temporary accommodation,40,20,8,12,20,17,3
S01011179,All people in households,589,372,136,236,217,180,37
S01011179,Whole house or bungalow: Total,499,356,131,225,143,118,25
S01011179,Whole house or bungalow: Detached,78,74,20,54,4,0,4
S01011179,Whole house or bungalow: Semi-detached,148,102,45,57,46,39,7
S01011179,Whole house or bungalow: Terraced (including end-terrace),273,180,66,114,93,79,14
S01011179,Flat maisonette or apartment or mobile/temporary accommodation,90,16,5,11,74,62,12
S01011180,All people in households,670,290,88,202,380,337,43
S01011180,Whole house or bungalow: Total,543,272,81,191,271,250,21
S01011180,Whole house or bungalow: Detached,87,62,27,35,25,17,8
S01011180,Whole house or bungalow: Semi-detached,263,127,32,95,136,130,6
S01011180,Whole house or bungalow: Terraced (including end-terrace),193,83,22,61,110,103,7
S01011180,Flat maisonette or apartment or mobile/temporary accommodation,127,18,7,11,109,87,22
S01011181,All people in households,453,397,206,191,56,15,41
S01011181,Whole house or bungalow: Total,381,329,146,183,52,11,41
S01011181,Whole house or bungalow: Detached,268,247,121,126,21,0,21
S01011181,Whole house or bungalow: Semi-detached,64,43,12,31,21,5,16
S01011181,Whole house or bungalow: Terraced (including end-terrace),49,39,13,26,10,6,4
S01011181,Flat maisonette or apartment or mobile/temporary accommodation,72,68,60,8,4,4,0
S01011182,All people in households,395,358,171,187,37,5,32
S01011182,Whole house or bungalow: Total,385,351,164,187,34,5,29
S01011182,Whole house or bungalow: Detached,313,289,146,143,24,2,22
S01011182,Whole house or bungalow: Semi-detached,68,59,18,41,9,2,7
S01011182,Whole house or bungalow: Terraced (including end-terrace),4,3,0,3,1,1,0
S01011182,Flat maisonette or apartment or mobile/temporary accommodation,10,7,7,0,3,0,3
S01011183,All people in households,571,435,148,287,136,110,26
S01011183,Whole house or bungalow: Total,411,370,131,239,41,28,13
S01011183,Whole house or bungalow: Detached,323,311,109,202,12,2,10
S01011183,Whole house or bungalow: Semi-detached,28,20,7,13,8,8,0
S01011183,Whole house or bungalow: Terraced (including end-terrace),60,39,15,24,21,18,3
S01011183,Flat maisonette or apartment or mobile/temporary accommodation,160,65,17,48,95,82,13
S01011184,All people in households,820,803,249,554,17,9,8
S01011184,Whole house or bungalow: Total,808,791,249,542,17,9,8
S01011184,Whole house or bungalow: Detached,545,538,213,325,7,0,7
S01011184,Whole house or bungalow: Semi-detached,227,225,36,189,2,2,0
S01011184,Whole house or bungalow: Terraced (including end-terrace),36,28,0,28,8,7,1
S01011184,Flat maisonette or apartment or mobile/temporary accommodation,12,12,0,12,0,0,0
S01011185,All people in households,680,605,243,362,75,39,36
S01011185,Whole house or bungalow: Total,634,580,232,348,54,29,25
S01011185,Whole house or bungalow: Detached,138,132,59,73,6,2,4
S01011185,Whole house or bungalow: Semi-detached,437,411,163,248,26,7,19
S01011185,Whole house or bungalow: Terraced (including end-terrace),59,37,10,27,22,20,2
S01011185,Flat maisonette or apartment or mobile/temporary accommodation,46,25,11,14,21,10,11
S01011186,All people in households,913,622,245,377,291,222,69
S01011186,Whole house or bungalow: Total,602,479,185,294,123,97,26
S01011186,Whole house or bungalow: Detached,109,102,47,55,7,2,5
S01011186,Whole house or bungalow: Semi-detached,289,263,106,157,26,24,2
S01011186,Whole house or bungalow: Terraced (including end-terrace),204,114,32,82,90,71,19
S01011186,Flat maisonette or apartment or mobile/temporary accommodation,311,143,60,83,168,125,43
S01011187,All people in households,665,590,270,320,75,47,28
S01011187,Whole house or bungalow: Total,638,584,270,314,54,32,22
S01011187,Whole house or bungalow: Detached,232,227,89,138,5,0,5
S01011187,Whole house or bungalow: Semi-detached,367,337,174,163,30,15,15
S01011187,Whole house or bungalow: Terraced (including end-terrace),39,20,7,13,19,17,2
S01011187,Flat maisonette or apartment or mobile/temporary accommodation,27,6,0,6,21,15,6
S01011188,All people in households,951,660,211,449,291,210,81
S01011188,Whole house or bungalow: Total,889,643,205,438,246,186,60
S01011188,Whole house or bungalow: Detached,62,53,12,41,9,6,3
S01011188,Whole house or bungalow: Semi-detached,74,39,9,30,35,31,4
S01011188,Whole house or bungalow: Terraced (including end-terrace),753,551,184,367,202,149,53
S01011188,Flat maisonette or apartment or mobile/temporary accommodation,62,17,6,11,45,24,21
S01011189,All people in households,767,572,166,406,195,81,114
S01011189,Whole house or bungalow: Total,589,475,145,330,114,52,62
S01011189,Whole house or bungalow: Detached,248,215,39,176,33,0,33
S01011189,Whole house or bungalow: Semi-detached,83,57,20,37,26,18,8
S01011189,Whole house or bungalow: Terraced (including end-terrace),258,203,86,117,55,34,21
S01011189,Flat maisonette or apartment or mobile/temporary accommodation,178,97,21,76,81,29,52
S01011190,All people in households,633,356,82,274,277,227,50
S01011190,Whole house or bungalow: Total,541,311,74,237,230,192,38
S01011190,Whole house or bungalow: Detached,60,46,12,34,14,4,10
S01011190,Whole house or bungalow: Semi-detached,288,184,46,138,104,84,20
S01011190,Whole house or bungalow: Terraced (including end-terrace),193,81,16,65,112,104,8
S01011190,Flat maisonette or apartment or mobile/temporary accommodation,92,45,8,37,47,35,12
S01011191,All people in households,546,353,107,246,193,158,35
S01011191,Whole house or bungalow: Total,534,349,107,242,185,150,35
S01011191,Whole house or bungalow: Detached,25,18,11,7,7,3,4
S01011191,Whole house or bungalow: Semi-detached,172,118,37,81,54,43,11
S01011191,Whole house or bungalow: Terraced (including end-terrace),337,213,59,154,124,104,20
S01011191,Flat maisonette or apartment or mobile/temporary accommodation,12,4,0,4,8,8,0
S01011192,All people in households,697,428,93,335,269,197,72
S01011192,Whole house or bungalow: Total,687,428,93,335,259,187,72
S01011192,Whole house or bungalow: Detached,18,8,6,2,10,4,6
S01011192,Whole house or bungalow: Semi-detached,79,56,5,51,23,21,2
S01011192,Whole house or bungalow: Terraced (including end-terrace),590,364,82,282,226,162,64
S01011192,Flat maisonette or apartment or mobile/temporary accommodation,10,0,0,0,10,10,0
S01011193,All people in households,703,342,58,284,361,256,105
S01011193,Whole house or bungalow: Total,623,320,57,263,303,210,93
S01011193,Whole house or bungalow: Detached,19,9,2,7,10,5,5
S01011193,Whole house or bungalow: Semi-detached,44,22,3,19,22,22,0
S01011193,Whole house or bungalow: Terraced (including end-terrace),560,289,52,237,271,183,88
S01011193,Flat maisonette or apartment or mobile/temporary accommodation,80,22,1,21,58,46,12
S01011194,All people in households,727,328,78,250,399,320,79
S01011194,Whole house or bungalow: Total,688,325,78,247,363,284,79
S01011194,Whole house or bungalow: Detached,19,15,3,12,4,0,4
S01011194,Whole house or bungalow: Semi-detached,108,44,12,32,64,50,14
S01011194,Whole house or bungalow: Terraced (including end-terrace),561,266,63,203,295,234,61
S01011194,Flat maisonette or apartment or mobile/temporary accommodation,39,3,0,3,36,36,0
S01011195,All people in households,781,433,83,350,348,247,101
S01011195,Whole house or bungalow: Total,774,429,83,346,345,244,101
S01011195,Whole house or bungalow: Detached,25,17,9,8,8,8,0
S01011195,Whole house or bungalow: Semi-detached,125,56,16,40,69,38,31
S01011195,Whole house or bungalow: Terraced (including end-terrace),624,356,58,298,268,198,70
S01011195,Flat maisonette or apartment or mobile/temporary accommodation,7,4,0,4,3,3,0
S01011196,All people in households,903,433,101,332,470,393,77
S01011196,Whole house or bungalow: Total,846,433,101,332,413,341,72
S01011196,Whole house or bungalow: Detached,34,22,5,17,12,7,5
S01011196,Whole house or bungalow: Semi-detached,154,76,20,56,78,66,12
S01011196,Whole house or bungalow: Terraced (including end-terrace),658,335,76,259,323,268,55
S01011196,Flat maisonette or apartment or mobile/temporary accommodation,57,0,0,0,57,52,5
S01011197,All people in households,871,422,102,320,449,344,105
S01011197,Whole house or bungalow: Total,854,415,102,313,439,336,103
S01011197,Whole house or bungalow: Detached,29,12,2,10,17,10,7
S01011197,Whole house or bungalow: Semi-detached,94,33,4,29,61,45,16
S01011197,Whole house or bungalow: Terraced (including end-terrace),731,370,96,274,361,281,80
S01011197,Flat maisonette or apartment or mobile/temporary accommodation,17,7,0,7,10,8,2
S01011198,All people in households,624,315,85,230,309,231,78
S01011198,Whole house or bungalow: Total,619,310,85,225,309,231,78
S01011198,Whole house or bungalow: Detached,22,5,2,3,17,13,4
S01011198,Whole house or bungalow: Semi-detached,77,37,9,28,40,34,6
S01011198,Whole house or bungalow: Terraced (including end-terrace),520,268,74,194,252,184,68
S01011198,Flat maisonette or apartment or mobile/temporary accommodation,5,5,0,5,0,0,0
S01011199,All people in households,781,469,108,361,312,230,82
S01011199,Whole house or bungalow: Total,759,455,105,350,304,228,76
S01011199,Whole house or bungalow: Detached,70,56,24,32,14,3,11
S01011199,Whole house or bungalow: Semi-detached,152,79,12,67,73,68,5
S01011199,Whole house or bungalow: Terraced (including end-terrace),537,320,69,251,217,157,60
S01011199,Flat maisonette or apartment or mobile/temporary accommodation,22,14,3,11,8,2,6
S01011200,All people in households,740,539,164,375,201,140,61
S01011200,Whole house or bungalow: Total,658,479,146,333,179,137,42
S01011200,Whole house or bungalow: Detached,95,88,35,53,7,7,0
S01011200,Whole house or bungalow: Semi-detached,318,245,74,171,73,47,26
S01011200,Whole house or bungalow: Terraced (including end-terrace),245,146,37,109,99,83,16
S01011200,Flat maisonette or apartment or mobile/temporary accommodation,82,60,18,42,22,3,19
S01011201,All people in households,586,462,140,322,124,107,17
S01011201,Whole house or bungalow: Total,581,459,137,322,122,105,17
S01011201,Whole house or bungalow: Detached,87,87,47,40,0,0,0
S01011201,Whole house or bungalow: Semi-detached,251,206,58,148,45,38,7
S01011201,Whole house or bungalow: Terraced (including end-terrace),243,166,32,134,77,67,10
S01011201,Flat maisonette or apartment or mobile/temporary accommodation,5,3,3,0,2,2,0
S01011202,All people in households,844,539,112,427,305,240,65
S01011202,Whole house or bungalow: Total,635,463,91,372,172,126,46
S01011202,Whole house or bungalow: Detached,47,37,3,34,10,6,4
S01011202,Whole house or bungalow: Semi-detached,234,184,54,130,50,38,12
S01011202,Whole house or bungalow: Terraced (including end-terrace),354,242,34,208,112,82,30
S01011202,Flat maisonette or apartment or mobile/temporary accommodation,209,76,21,55,133,114,19
S01011203,All people in households,806,589,157,432,217,161,56
S01011203,Whole house or bungalow: Total,774,562,146,416,212,159,53
S01011203,Whole house or bungalow: Detached,86,74,20,54,12,5,7
S01011203,Whole house or bungalow: Semi-detached,170,122,34,88,48,39,9
S01011203,Whole house or bungalow: Terraced (including end-terrace),518,366,92,274,152,115,37
S01011203,Flat maisonette or apartment or mobile/temporary accommodation,32,27,11,16,5,2,3
S01011204,All people in households,555,489,191,298,66,24,42
S01011204,Whole house or bungalow: Total,542,482,186,296,60,19,41
S01011204,Whole house or bungalow: Detached,342,328,126,202,14,0,14
S01011204,Whole house or bungalow: Semi-detached,77,63,30,33,14,5,9
S01011204,Whole house or bungalow: Terraced (including end-terrace),123,91,30,61,32,14,18
S01011204,Flat maisonette or apartment or mobile/temporary accommodation,13,7,5,2,6,5,1
S01011205,All people in households,716,579,68,511,137,101,36
S01011205,Whole house or bungalow: Total,705,571,65,506,134,98,36
S01011205,Whole house or bungalow: Detached,524,501,50,451,23,2,21
S01011205,Whole house or bungalow: Semi-detached,146,60,14,46,86,71,15
S01011205,Whole house or bungalow: Terraced (including end-terrace),35,10,1,9,25,25,0
S01011205,Flat maisonette or apartment or mobile/temporary accommodation,11,8,3,5,3,3,0
S01011206,All people in households,734,609,115,494,125,65,60
S01011206,Whole house or bungalow: Total,722,601,112,489,121,65,56
S01011206,Whole house or bungalow: Detached,335,316,58,258,19,0,19
S01011206,Whole house or bungalow: Semi-detached,262,220,38,182,42,13,29
S01011206,Whole house or bungalow: Terraced (including end-terrace),125,65,16,49,60,52,8
S01011206,Flat maisonette or apartment or mobile/temporary accommodation,12,8,3,5,4,0,4
S01011207,All people in households,757,488,92,396,269,249,20
S01011207,Whole house or bungalow: Total,716,484,91,393,232,217,15
S01011207,Whole house or bungalow: Detached,319,312,58,254,7,6,1
S01011207,Whole house or bungalow: Semi-detached,83,28,6,22,55,48,7
S01011207,Whole house or bungalow: Terraced (including end-terrace),314,144,27,117,170,163,7
S01011207,Flat maisonette or apartment or mobile/temporary accommodation,41,4,1,3,37,32,5
S01011208,All people in households,907,839,145,694,68,34,34
S01011208,Whole house or bungalow: Total,884,819,138,681,65,31,34
S01011208,Whole house or bungalow: Detached,449,443,104,339,6,1,5
S01011208,Whole house or bungalow: Semi-detached,294,277,19,258,17,7,10
S01011208,Whole house or bungalow: Terraced (including end-terrace),141,99,15,84,42,23,19
S01011208,Flat maisonette or apartment or mobile/temporary accommodation,23,20,7,13,3,3,0
S01011209,All people in households,633,333,96,237,300,271,29
S01011209,Whole house or bungalow: Total,617,333,96,237,284,257,27
S01011209,Whole house or bungalow: Detached,51,46,20,26,5,4,1
S01011209,Whole house or bungalow: Semi-detached,204,76,22,54,128,114,14
S01011209,Whole house or bungalow: Terraced (including end-terrace),362,211,54,157,151,139,12
S01011209,Flat maisonette or apartment or mobile/temporary accommodation,16,0,0,0,16,14,2
S01011210,All people in households,733,599,184,415,134,120,14
S01011210,Whole house or bungalow: Total,729,595,184,411,134,120,14
S01011210,Whole house or bungalow: Detached,546,531,166,365,15,1,14
S01011210,Whole house or bungalow: Semi-detached,66,41,12,29,25,25,0
S01011210,Whole house or bungalow: Terraced (including end-terrace),117,23,6,17,94,94,0
S01011210,Flat maisonette or apartment or mobile/temporary accommodation,4,4,0,4,0,0,0
S01011211,All people in households,702,580,96,484,122,88,34
S01011211,Whole house or bungalow: Total,688,578,96,482,110,87,23
S01011211,Whole house or bungalow: Detached,486,469,84,385,17,1,16
S01011211,Whole house or bungalow: Semi-detached,69,45,0,45,24,23,1
S01011211,Whole house or bungalow: Terraced (including end-terrace),133,64,12,52,69,63,6
S01011211,Flat maisonette or apartment or mobile/temporary accommodation,14,2,0,2,12,1,11
S01011212,All people in households,548,305,69,236,243,179,64
S01011212,Whole house or bungalow: Total,539,302,69,233,237,173,64
S01011212,Whole house or bungalow: Detached,3,3,0,3,0,0,0
S01011212,Whole house or bungalow: Semi-detached,41,21,2,19,20,17,3
S01011212,Whole house or bungalow: Terraced (including end-terrace),495,278,67,211,217,156,61
S01011212,Flat maisonette or apartment or mobile/temporary accommodation,9,3,0,3,6,6,0
S01011213,All people in households,1048,590,173,417,458,319,139
S01011213,Whole house or bungalow: Total,945,524,153,371,421,313,108
S01011213,Whole house or bungalow: Detached,150,133,44,89,17,12,5
S01011213,Whole house or bungalow: Semi-detached,56,34,0,34,22,15,7
S01011213,Whole house or bungalow: Terraced (including end-terrace),739,357,109,248,382,286,96
S01011213,Flat maisonette or apartment or mobile/temporary accommodation,103,66,20,46,37,6,31
S01011214,All people in households,852,460,171,289,392,258,134
S01011214,Whole house or bungalow: Total,721,442,168,274,279,169,110
S01011214,Whole house or bungalow: Detached,23,18,5,13,5,2,3
S01011214,Whole house or bungalow: Semi-detached,91,70,33,37,21,6,15
S01011214,Whole house or bungalow: Terraced (including end-terrace),607,354,130,224,253,161,92
S01011214,Flat maisonette or apartment or mobile/temporary accommodation,131,18,3,15,113,89,24
S01011215,All people in households,596,223,70,153,373,320,53
S01011215,Whole house or bungalow: Total,451,202,65,137,249,205,44
S01011215,Whole house or bungalow: Detached,13,2,0,2,11,11,0
S01011215,Whole house or bungalow: Semi-detached,83,41,12,29,42,36,6
S01011215,Whole house or bungalow: Terraced (including end-terrace),355,159,53,106,196,158,38
S01011215,Flat maisonette or apartment or mobile/temporary accommodation,145,21,5,16,124,115,9
S01011216,All people in households,482,224,78,146,258,208,50
S01011216,Whole house or bungalow: Total,266,180,62,118,86,51,35
S01011216,Whole house or bungalow: Detached,7,6,0,6,1,0,1
S01011216,Whole house or bungalow: Semi-detached,15,11,3,8,4,1,3
S01011216,Whole house or bungalow: Terraced (including end-terrace),244,163,59,104,81,50,31
S01011216,Flat maisonette or apartment or mobile/temporary accommodation,216,44,16,28,172,157,15
S01011217,All people in households,799,359,126,233,440,334,106
S01011217,Whole house or bungalow: Total,601,323,107,216,278,204,74
S01011217,Whole house or bungalow: Detached,20,16,8,8,4,0,4
S01011217,Whole house or bungalow: Semi-detached,122,85,37,48,37,24,13
S01011217,Whole house or bungalow: Terraced (including end-terrace),459,222,62,160,237,180,57
S01011217,Flat maisonette or apartment or mobile/temporary accommodation,198,36,19,17,162,130,32
S01011218,All people in households,696,196,43,153,500,420,80
S01011218,Whole house or bungalow: Total,624,189,42,147,435,363,72
S01011218,Whole house or bungalow: Detached,30,16,2,14,14,9,5
S01011218,Whole house or bungalow: Semi-detached,159,45,17,28,114,85,29
S01011218,Whole house or bungalow: Terraced (including end-terrace),435,128,23,105,307,269,38
S01011218,Flat maisonette or apartment or mobile/temporary accommodation,72,7,1,6,65,57,8
S01011219,All people in households,782,407,139,268,375,308,67
S01011219,Whole house or bungalow: Total,699,397,135,262,302,247,55
S01011219,Whole house or bungalow: Detached,38,27,10,17,11,10,1
S01011219,Whole house or bungalow: Semi-detached,152,95,44,51,57,50,7
S01011219,Whole house or bungalow: Terraced (including end-terrace),509,275,81,194,234,187,47
S01011219,Flat maisonette or apartment or mobile/temporary accommodation,83,10,4,6,73,61,12
S01011220,All people in households,889,549,168,381,340,277,63
S01011220,Whole house or bungalow: Total,669,451,139,312,218,178,40
S01011220,Whole house or bungalow: Detached,20,17,14,3,3,0,3
S01011220,Whole house or bungalow: Semi-detached,124,77,25,52,47,39,8
S01011220,Whole house or bungalow: Terraced (including end-terrace),525,357,100,257,168,139,29
S01011220,Flat maisonette or apartment or mobile/temporary accommodation,220,98,29,69,122,99,23
S01011221,All people in households,947,594,189,405,353,252,101
S01011221,Whole house or bungalow: Total,737,501,163,338,236,177,59
S01011221,Whole house or bungalow: Detached,11,11,2,9,0,0,0
S01011221,Whole house or bungalow: Semi-detached,222,164,60,104,58,55,3
S01011221,Whole house or bungalow: Terraced (including end-terrace),504,326,101,225,178,122,56
S01011221,Flat maisonette or apartment or mobile/temporary accommodation,210,93,26,67,117,75,42
S01011222,All people in households,662,378,120,258,284,248,36
S01011222,Whole house or bungalow: Total,598,362,115,247,236,206,30
S01011222,Whole house or bungalow: Detached,17,6,1,5,11,11,0
S01011222,Whole house or bungalow: Semi-detached,285,184,60,124,101,85,16
S01011222,Whole house or bungalow: Terraced (including end-terrace),296,172,54,118,124,110,14
S01011222,Flat maisonette or apartment or mobile/temporary accommodation,64,16,5,11,48,42,6
S01011223,All people in households,796,535,144,391,261,191,70
S01011223,Whole house or bungalow: Total,757,526,139,387,231,166,65
S01011223,Whole house or bungalow: Detached,17,10,9,1,7,1,6
S01011223,Whole house or bungalow: Semi-detached,343,244,59,185,99,68,31
S01011223,Whole house or bungalow: Terraced (including end-terrace),397,272,71,201,125,97,28
S01011223,Flat maisonette or apartment or mobile/temporary accommodation,39,9,5,4,30,25,5
S01011224,All people in households,681,401,163,238,280,233,47
S01011224,Whole house or bungalow: Total,390,285,111,174,105,85,20
S01011224,Whole house or bungalow: Detached,111,109,63,46,2,2,0
S01011224,Whole house or bungalow: Semi-detached,77,45,10,35,32,19,13
S01011224,Whole house or bungalow: Terraced (including end-terrace),202,131,38,93,71,64,7
S01011224,Flat maisonette or apartment or mobile/temporary accommodation,291,116,52,64,175,148,27
S01011225,All people in households,697,248,102,146,449,352,97
S01011225,Whole house or bungalow: Total,551,220,93,127,331,301,30
S01011225,Whole house or bungalow: Detached,60,37,11,26,23,17,6
S01011225,Whole house or bungalow: Semi-detached,166,75,36,39,91,85,6
S01011225,Whole house or bungalow: Terraced (including end-terrace),325,108,46,62,217,199,18
S01011225,Flat maisonette or apartment or mobile/temporary accommodation,146,28,9,19,118,51,67
S01011226,All people in households,971,813,371,442,158,92,66
S01011226,Whole house or bungalow: Total,837,744,330,414,93,54,39
S01011226,Whole house or bungalow: Detached,325,320,145,175,5,0,5
S01011226,Whole house or bungalow: Semi-detached,318,290,136,154,28,14,14
S01011226,Whole house or bungalow: Terraced (including end-terrace),194,134,49,85,60,40,20
S01011226,Flat maisonette or apartment or mobile/temporary accommodation,134,69,41,28,65,38,27
S01011227,All people in households,709,404,154,250,305,169,136
S01011227,Whole house or bungalow: Total,296,220,90,130,76,38,38
S01011227,Whole house or bungalow: Detached,101,87,45,42,14,1,13
S01011227,Whole house or bungalow: Semi-detached,71,43,17,26,28,9,19
S01011227,Whole house or bungalow: Terraced (including end-terrace),124,90,28,62,34,28,6
S01011227,Flat maisonette or apartment or mobile/temporary accommodation,413,184,64,120,229,131,98
S01011228,All people in households,768,411,159,252,357,229,128
S01011228,Whole house or bungalow: Total,453,340,123,217,113,80,33
S01011228,Whole house or bungalow: Detached,73,60,17,43,13,3,10
S01011228,Whole house or bungalow: Semi-detached,215,180,87,93,35,27,8
S01011228,Whole house or bungalow: Terraced (including end-terrace),165,100,19,81,65,50,15
S01011228,Flat maisonette or apartment or mobile/temporary accommodation,315,71,36,35,244,149,95
S01011229,All people in households,510,213,89,124,297,231,66
S01011229,Whole house or bungalow: Total,180,122,55,67,58,38,20
S01011229,Whole house or bungalow: Detached,69,55,27,28,14,4,10
S01011229,Whole house or bungalow: Semi-detached,42,25,3,22,17,10,7
S01011229,Whole house or bungalow: Terraced (including end-terrace),69,42,25,17,27,24,3
S01011229,Flat maisonette or apartment or mobile/temporary accommodation,330,91,34,57,239,193,46
S01011230,All people in households,886,182,64,118,704,668,36
S01011230,Whole house or bungalow: Total,182,68,29,39,114,100,14
S01011230,Whole house or bungalow: Detached,15,7,3,4,8,8,0
S01011230,Whole house or bungalow: Semi-detached,51,15,6,9,36,32,4
S01011230,Whole house or bungalow: Terraced (including end-terrace),116,46,20,26,70,60,10
S01011230,Flat maisonette or apartment or mobile/temporary accommodation,704,114,35,79,590,568,22
S01011231,All people in households,604,245,99,146,359,319,40
S01011231,Whole house or bungalow: Total,426,189,78,111,237,214,23
S01011231,Whole house or bungalow: Detached,23,17,4,13,6,4,2
S01011231,Whole house or bungalow: Semi-detached,185,75,37,38,110,93,17
S01011231,Whole house or bungalow: Terraced (including end-terrace),218,97,37,60,121,117,4
S01011231,Flat maisonette or apartment or mobile/temporary accommodation,178,56,21,35,122,105,17
S01011232,All people in households,874,297,121,176,577,473,104
S01011232,Whole house or bungalow: Total,391,119,62,57,272,263,9
S01011232,Whole house or bungalow: Detached,35,27,17,10,8,6,2
S01011232,Whole house or bungalow: Semi-detached,112,50,27,23,62,60,2
S01011232,Whole house or bungalow: Terraced (including end-terrace),244,42,18,24,202,197,5
S01011232,Flat maisonette or apartment or mobile/temporary accommodation,483,178,59,119,305,210,95
S01011233,All people in households,365,208,90,118,157,106,51
S01011233,Whole house or bungalow: Total,301,174,72,102,127,99,28
S01011233,Whole house or bungalow: Detached,93,87,33,54,6,0,6
S01011233,Whole house or bungalow: Semi-detached,143,65,30,35,78,61,17
S01011233,Whole house or bungalow: Terraced (including end-terrace),65,22,9,13,43,38,5
S01011233,Flat maisonette or apartment or mobile/temporary accommodation,64,34,18,16,30,7,23
S01011234,All people in households,1031,441,128,313,590,522,68
S01011234,Whole house or bungalow: Total,923,410,120,290,513,456,57
S01011234,Whole house or bungalow: Detached,91,65,28,37,26,26,0
S01011234,Whole house or bungalow: Semi-detached,478,242,67,175,236,204,32
S01011234,Whole house or bungalow: Terraced (including end-terrace),354,103,25,78,251,226,25
S01011234,Flat maisonette or apartment or mobile/temporary accommodation,108,31,8,23,77,66,11
S01011235,All people in households,384,172,61,111,212,179,33
S01011235,Whole house or bungalow: Total,265,135,56,79,130,114,16
S01011235,Whole house or bungalow: Detached,38,32,14,18,6,6,0
S01011235,Whole house or bungalow: Semi-detached,83,62,27,35,21,15,6
S01011235,Whole house or bungalow: Terraced (including end-terrace),144,41,15,26,103,93,10
S01011235,Flat maisonette or apartment or mobile/temporary accommodation,119,37,5,32,82,65,17
S01011236,All people in households,542,339,145,194,203,146,57
S01011236,Whole house or bungalow: Total,385,275,124,151,110,88,22
S01011236,Whole house or bungalow: Detached,25,19,6,13,6,2,4
S01011236,Whole house or bungalow: Semi-detached,154,98,44,54,56,46,10
S01011236,Whole house or bungalow: Terraced (including end-terrace),206,158,74,84,48,40,8
S01011236,Flat maisonette or apartment or mobile/temporary accommodation,157,64,21,43,93,58,35
S01011237,All people in households,763,378,116,262,385,333,52
S01011237,Whole house or bungalow: Total,608,322,99,223,286,253,33
S01011237,Whole house or bungalow: Detached,28,17,11,6,11,11,0
S01011237,Whole house or bungalow: Semi-detached,336,204,68,136,132,119,13
S01011237,Whole house or bungalow: Terraced (including end-terrace),244,101,20,81,143,123,20
S01011237,Flat maisonette or apartment or mobile/temporary accommodation,155,56,17,39,99,80,19
S01011238,All people in households,644,217,78,139,427,349,78
S01011238,Whole house or bungalow: Total,230,71,31,40,159,139,20
S01011238,Whole house or bungalow: Detached,18,9,4,5,9,2,7
S01011238,Whole house or bungalow: Semi-detached,140,49,16,33,91,84,7
S01011238,Whole house or bungalow: Terraced (including end-terrace),72,13,11,2,59,53,6
S01011238,Flat maisonette or apartment or mobile/temporary accommodation,414,146,47,99,268,210,58
S01011239,All people in households,689,340,162,178,349,233,116
S01011239,Whole house or bungalow: Total,194,142,76,66,52,36,16
S01011239,Whole house or bungalow: Detached,45,40,24,16,5,5,0
S01011239,Whole house or bungalow: Semi-detached,81,66,27,39,15,2,13
S01011239,Whole house or bungalow: Terraced (including end-terrace),68,36,25,11,32,29,3
S01011239,Flat maisonette or apartment or mobile/temporary accommodation,495,198,86,112,297,197,100
S01011240,All people in households,684,269,101,168,415,244,171
S01011240,Whole house or bungalow: Total,118,60,17,43,58,39,19
S01011240,Whole house or bungalow: Detached,21,14,5,9,7,2,5
S01011240,Whole house or bungalow: Semi-detached,30,18,0,18,12,7,5
S01011240,Whole house or bungalow: Terraced (including end-terrace),67,28,12,16,39,30,9
S01011240,Flat maisonette or apartment or mobile/temporary accommodation,566,209,84,125,357,205,152
S01011241,All people in households,997,667,266,401,330,146,184
S01011241,Whole house or bungalow: Total,449,394,140,254,55,25,30
S01011241,Whole house or bungalow: Detached,94,94,35,59,0,0,0
S01011241,Whole house or bungalow: Semi-detached,220,188,60,128,32,11,21
S01011241,Whole house or bungalow: Terraced (including end-terrace),135,112,45,67,23,14,9
S01011241,Flat maisonette or apartment or mobile/temporary accommodation,548,273,126,147,275,121,154
S01011242,All people in households,737,486,199,287,251,169,82
S01011242,Whole house or bungalow: Total,385,337,121,216,48,29,19
S01011242,Whole house or bungalow: Detached,162,153,59,94,9,7,2
S01011242,Whole house or bungalow: Semi-detached,200,169,56,113,31,18,13
S01011242,Whole house or bungalow: Terraced (including end-terrace),23,15,6,9,8,4,4
S01011242,Flat maisonette or apartment or mobile/temporary accommodation,352,149,78,71,203,140,63
S01011243,All people in households,862,245,80,165,617,437,180
S01011243,Whole house or bungalow: Total,163,105,37,68,58,33,25
S01011243,Whole house or bungalow: Detached,10,8,4,4,2,2,0
S01011243,Whole house or bungalow: Semi-detached,32,13,4,9,19,14,5
S01011243,Whole house or bungalow: Terraced (including end-terrace),121,84,29,55,37,17,20
S01011243,Flat maisonette or apartment or mobile/temporary accommodation,699,140,43,97,559,404,155
S01011244,All people in households,666,241,80,161,425,294,131
S01011244,Whole house or bungalow: Total,163,118,37,81,45,20,25
S01011244,Whole house or bungalow: Detached,30,23,5,18,7,0,7
S01011244,Whole house or bungalow: Semi-detached,88,67,26,41,21,4,17
S01011244,Whole house or bungalow: Terraced (including end-terrace),45,28,6,22,17,16,1
S01011244,Flat maisonette or apartment or mobile/temporary accommodation,503,123,43,80,380,274,106
S01011245,All people in households,846,391,157,234,455,405,50
S01011245,Whole house or bungalow: Total,550,343,138,205,207,172,35
S01011245,Whole house or bungalow: Detached,66,31,14,17,35,29,6
S01011245,Whole house or bungalow: Semi-detached,259,174,84,90,85,74,11
S01011245,Whole house or bungalow: Terraced (including end-terrace),225,138,40,98,87,69,18
S01011245,Flat maisonette or apartment or mobile/temporary accommodation,296,48,19,29,248,233,15
S01011246,All people in households,842,625,271,354,217,79,138
S01011246,Whole house or bungalow: Total,497,435,194,241,62,19,43
S01011246,Whole house or bungalow: Detached,183,167,62,105,16,0,16
S01011246,Whole house or bungalow: Semi-detached,201,188,101,87,13,5,8
S01011246,Whole house or bungalow: Terraced (including end-terrace),113,80,31,49,33,14,19
S01011246,Flat maisonette or apartment or mobile/temporary accommodation,345,190,77,113,155,60,95
S01011247,All people in households,790,689,315,374,101,44,57
S01011247,Whole house or bungalow: Total,710,626,288,338,84,36,48
S01011247,Whole house or bungalow: Detached,418,385,198,187,33,3,30
S01011247,Whole house or bungalow: Semi-detached,212,198,71,127,14,9,5
S01011247,Whole house or bungalow: Terraced (including end-terrace),80,43,19,24,37,24,13
S01011247,Flat maisonette or apartment or mobile/temporary accommodation,80,63,27,36,17,8,9
S01011248,All people in households,739,604,200,404,135,88,47
S01011248,Whole house or bungalow: Total,706,591,196,395,115,77,38
S01011248,Whole house or bungalow: Detached,196,195,80,115,1,0,1
S01011248,Whole house or bungalow: Semi-detached,337,272,86,186,65,37,28
S01011248,Whole house or bungalow: Terraced (including end-terrace),173,124,30,94,49,40,9
S01011248,Flat maisonette or apartment or mobile/temporary accommodation,33,13,4,9,20,11,9
S01011249,All people in households,723,644,221,423,79,31,48
S01011249,Whole house or bungalow: Total,699,627,218,409,72,31,41
S01011249,Whole house or bungalow: Detached,385,380,140,240,5,2,3
S01011249,Whole house or bungalow: Semi-detached,260,229,73,156,31,7,24
S01011249,Whole house or bungalow: Terraced (including end-terrace),54,18,5,13,36,22,14
S01011249,Flat maisonette or apartment or mobile/temporary accommodation,24,17,3,14,7,0,7
S01011250,All people in households,1083,521,110,411,562,492,70
S01011250,Whole house or bungalow: Total,924,464,92,372,460,409,51
S01011250,Whole house or bungalow: Detached,41,21,7,14,20,20,0
S01011250,Whole house or bungalow: Semi-detached,407,255,43,212,152,137,15
S01011250,Whole house or bungalow: Terraced (including end-terrace),476,188,42,146,288,252,36
S01011250,Flat maisonette or apartment or mobile/temporary accommodation,159,57,18,39,102,83,19
S01011251,All people in households,871,456,150,306,415,327,88
S01011251,Whole house or bungalow: Total,852,448,144,304,404,316,88
S01011251,Whole house or bungalow: Detached,38,23,12,11,15,11,4
S01011251,Whole house or bungalow: Semi-detached,478,263,84,179,215,173,42
S01011251,Whole house or bungalow: Terraced (including end-terrace),336,162,48,114,174,132,42
S01011251,Flat maisonette or apartment or mobile/temporary accommodation,19,8,6,2,11,11,0
S01011252,All people in households,825,311,76,235,514,451,63
S01011252,Whole house or bungalow: Total,778,305,76,229,473,420,53
S01011252,Whole house or bungalow: Detached,53,18,5,13,35,32,3
S01011252,Whole house or bungalow: Semi-detached,270,125,26,99,145,121,24
S01011252,Whole house or bungalow: Terraced (including end-terrace),455,162,45,117,293,267,26
S01011252,Flat maisonette or apartment or mobile/temporary accommodation,47,6,0,6,41,31,10
S01011253,All people in households,855,329,77,252,526,474,52
S01011253,Whole house or bungalow: Total,677,308,75,233,369,340,29
S01011253,Whole house or bungalow: Detached,44,31,4,27,13,11,2
S01011253,Whole house or bungalow: Semi-detached,179,99,19,80,80,78,2
S01011253,Whole house or bungalow: Terraced (including end-terrace),454,178,52,126,276,251,25
S01011253,Flat maisonette or apartment or mobile/temporary accommodation,178,21,2,19,157,134,23
S01011254,All people in households,955,908,289,619,47,17,30
S01011254,Whole house or bungalow: Total,941,905,289,616,36,14,22
S01011254,Whole house or bungalow: Detached,416,408,117,291,8,3,5
S01011254,Whole house or bungalow: Semi-detached,510,482,162,320,28,11,17
S01011254,Whole house or bungalow: Terraced (including end-terrace),15,15,10,5,0,0,0
S01011254,Flat maisonette or apartment or mobile/temporary accommodation,14,3,0,3,11,3,8
S01011255,All people in households,780,747,117,630,33,16,17
S01011255,Whole house or bungalow: Total,767,736,112,624,31,16,15
S01011255,Whole house or bungalow: Detached,660,658,93,565,2,0,2
S01011255,Whole house or bungalow: Semi-detached,83,62,16,46,21,8,13
S01011255,Whole house or bungalow: Terraced (including end-terrace),24,16,3,13,8,8,0
S01011255,Flat maisonette or apartment or mobile/temporary accommodation,13,11,5,6,2,0,2
S01011256,All people in households,497,441,53,388,56,22,34
S01011256,Whole house or bungalow: Total,487,431,50,381,56,22,34
S01011256,Whole house or bungalow: Detached,238,230,23,207,8,0,8
S01011256,Whole house or bungalow: Semi-detached,204,187,22,165,17,0,17
S01011256,Whole house or bungalow: Terraced (including end-terrace),45,14,5,9,31,22,9
S01011256,Flat maisonette or apartment or mobile/temporary accommodation,10,10,3,7,0,0,0
S01011257,All people in households,408,377,239,138,31,14,17
S01011257,Whole house or bungalow: Total,403,375,239,136,28,11,17
S01011257,Whole house or bungalow: Detached,261,247,171,76,14,0,14
S01011257,Whole house or bungalow: Semi-detached,123,120,66,54,3,0,3
S01011257,Whole house or bungalow: Terraced (including end-terrace),19,8,2,6,11,11,0
S01011257,Flat maisonette or apartment or mobile/temporary accommodation,5,2,0,2,3,3,0
S01011258,All people in households,565,488,162,326,77,57,20
S01011258,Whole house or bungalow: Total,505,455,154,301,50,42,8
S01011258,Whole house or bungalow: Detached,116,110,40,70,6,5,1
S01011258,Whole house or bungalow: Semi-detached,296,273,87,186,23,20,3
S01011258,Whole house or bungalow: Terraced (including end-terrace),93,72,27,45,21,17,4
S01011258,Flat maisonette or apartment or mobile/temporary accommodation,60,33,8,25,27,15,12
S01011259,All people in households,763,512,225,287,251,179,72
S01011259,Whole house or bungalow: Total,431,375,157,218,56,43,13
S01011259,Whole house or bungalow: Detached,65,54,26,28,11,5,6
S01011259,Whole house or bungalow: Semi-detached,254,223,85,138,31,28,3
S01011259,Whole house or bungalow: Terraced (including end-terrace),112,98,46,52,14,10,4
S01011259,Flat maisonette or apartment or mobile/temporary accommodation,332,137,68,69,195,136,59
S01011260,All people in households,718,630,299,331,88,53,35
S01011260,Whole house or bungalow: Total,526,498,244,254,28,17,11
S01011260,Whole house or bungalow: Detached,331,328,176,152,3,1,2
S01011260,Whole house or bungalow: Semi-detached,116,105,49,56,11,5,6
S01011260,Whole house or bungalow: Terraced (including end-terrace),79,65,19,46,14,11,3
S01011260,Flat maisonette or apartment or mobile/temporary accommodation,192,132,55,77,60,36,24
S01011261,All people in households,809,346,119,227,463,416,47
S01011261,Whole house or bungalow: Total,620,312,107,205,308,279,29
S01011261,Whole house or bungalow: Detached,69,53,16,37,16,13,3
S01011261,Whole house or bungalow: Semi-detached,308,173,68,105,135,117,18
S01011261,Whole house or bungalow: Terraced (including end-terrace),243,86,23,63,157,149,8
S01011261,Flat maisonette or apartment or mobile/temporary accommodation,189,34,12,22,155,137,18
S01011262,All people in households,495,308,120,188,187,140,47
S01011262,Whole house or bungalow: Total,474,305,118,187,169,123,46
S01011262,Whole house or bungalow: Detached,50,46,27,19,4,0,4
S01011262,Whole house or bungalow: Semi-detached,293,200,71,129,93,70,23
S01011262,Whole house or bungalow: Terraced (including end-terrace),131,59,20,39,72,53,19
S01011262,Flat maisonette or apartment or mobile/temporary accommodation,21,3,2,1,18,17,1
S01011263,All people in households,1063,709,133,576,354,250,104
S01011263,Whole house or bungalow: Total,1024,686,132,554,338,244,94
S01011263,Whole house or bungalow: Detached,271,250,40,210,21,13,8
S01011263,Whole house or bungalow: Semi-detached,357,225,45,180,132,94,38
S01011263,Whole house or bungalow: Terraced (including end-terrace),396,211,47,164,185,137,48
S01011263,Flat maisonette or apartment or mobile/temporary accommodation,39,23,1,22,16,6,10
S01011264,All people in households,688,325,81,244,363,282,81
S01011264,Whole house or bungalow: Total,679,322,80,242,357,276,81
S01011264,Whole house or bungalow: Detached,32,23,2,21,9,9,0
S01011264,Whole house or bungalow: Semi-detached,376,178,43,135,198,143,55
S01011264,Whole house or bungalow: Terraced (including end-terrace),271,121,35,86,150,124,26
S01011264,Flat maisonette or apartment or mobile/temporary accommodation,9,3,1,2,6,6,0
S01011265,All people in households,1077,354,84,270,723,639,84
S01011265,Whole house or bungalow: Total,1008,346,83,263,662,589,73
S01011265,Whole house or bungalow: Detached,39,20,7,13,19,14,5
S01011265,Whole house or bungalow: Semi-detached,371,118,26,92,253,241,12
S01011265,Whole house or bungalow: Terraced (including end-terrace),598,208,50,158,390,334,56
S01011265,Flat maisonette or apartment or mobile/temporary accommodation,69,8,1,7,61,50,11
S01011266,All people in households,908,637,204,433,271,213,58
S01011266,Whole house or bungalow: Total,888,632,199,433,256,198,58
S01011266,Whole house or bungalow: Detached,65,54,16,38,11,8,3
S01011266,Whole house or bungalow: Semi-detached,564,404,129,275,160,136,24
S01011266,Whole house or bungalow: Terraced (including end-terrace),259,174,54,120,85,54,31
S01011266,Flat maisonette or apartment or mobile/temporary accommodation,20,5,5,0,15,15,0
S01011267,All people in households,585,467,235,232,118,76,42
S01011267,Whole house or bungalow: Total,438,401,196,205,37,21,16
S01011267,Whole house or bungalow: Detached,202,184,121,63,18,5,13
S01011267,Whole house or bungalow: Semi-detached,172,157,60,97,15,12,3
S01011267,Whole house or bungalow: Terraced (including end-terrace),64,60,15,45,4,4,0
S01011267,Flat maisonette or apartment or mobile/temporary accommodation,147,66,39,27,81,55,26
S01011268,All people in households,375,267,148,119,108,56,52
S01011268,Whole house or bungalow: Total,285,243,144,99,42,21,21
S01011268,Whole house or bungalow: Detached,128,111,72,39,17,0,17
S01011268,Whole house or bungalow: Semi-detached,101,94,55,39,7,3,4
S01011268,Whole house or bungalow: Terraced (including end-terrace),56,38,17,21,18,18,0
S01011268,Flat maisonette or apartment or mobile/temporary accommodation,90,24,4,20,66,35,31
S01011269,All people in households,514,297,125,172,217,166,51
S01011269,Whole house or bungalow: Total,312,221,96,125,91,69,22
S01011269,Whole house or bungalow: Detached,105,87,40,47,18,9,9
S01011269,Whole house or bungalow: Semi-detached,119,79,32,47,40,31,9
S01011269,Whole house or bungalow: Terraced (including end-terrace),88,55,24,31,33,29,4
S01011269,Flat maisonette or apartment or mobile/temporary accommodation,202,76,29,47,126,97,29
S01011270,All people in households,680,277,112,165,403,276,127
S01011270,Whole house or bungalow: Total,530,227,99,128,303,222,81
S01011270,Whole house or bungalow: Detached,41,26,18,8,15,9,6
S01011270,Whole house or bungalow: Semi-detached,100,41,27,14,59,49,10
S01011270,Whole house or bungalow: Terraced (including end-terrace),389,160,54,106,229,164,65
S01011270,Flat maisonette or apartment or mobile/temporary accommodation,150,50,13,37,100,54,46
S01011271,All people in households,760,461,196,265,299,230,69
S01011271,Whole house or bungalow: Total,711,455,193,262,256,201,55
S01011271,Whole house or bungalow: Detached,53,45,33,12,8,5,3
S01011271,Whole house or bungalow: Semi-detached,244,193,82,111,51,38,13
S01011271,Whole house or bungalow: Terraced (including end-terrace),414,217,78,139,197,158,39
S01011271,Flat maisonette or apartment or mobile/temporary accommodation,49,6,3,3,43,29,14
S01011272,All people in households,728,370,128,242,358,270,88
S01011272,Whole house or bungalow: Total,412,276,90,186,136,111,25
S01011272,Whole house or bungalow: Detached,71,65,31,34,6,3,3
S01011272,Whole house or bungalow: Semi-detached,191,120,38,82,71,57,14
S01011272,Whole house or bungalow: Terraced (including end-terrace),150,91,21,70,59,51,8
S01011272,Flat maisonette or apartment or mobile/temporary accommodation,316,94,38,56,222,159,63
S01011273,All people in households,901,473,118,355,428,377,51
S01011273,Whole house or bungalow: Total,800,455,110,345,345,310,35
S01011273,Whole house or bungalow: Detached,33,16,2,14,17,17,0
S01011273,Whole house or bungalow: Semi-detached,172,84,24,60,88,85,3
S01011273,Whole house or bungalow: Terraced (including end-terrace),595,355,84,271,240,208,32
S01011273,Flat maisonette or apartment or mobile/temporary accommodation,101,18,8,10,83,67,16
S01011274,All people in households,888,447,112,335,441,278,163
S01011274,Whole house or bungalow: Total,657,365,73,292,292,209,83
S01011274,Whole house or bungalow: Detached,74,58,18,40,16,11,5
S01011274,Whole house or bungalow: Semi-detached,261,132,23,109,129,72,57
S01011274,Whole house or bungalow: Terraced (including end-terrace),322,175,32,143,147,126,21
S01011274,Flat maisonette or apartment or mobile/temporary accommodation,231,82,39,43,149,69,80
S01011275,All people in households,711,223,71,152,488,449,39
S01011275,Whole house or bungalow: Total,679,217,67,150,462,427,35
S01011275,Whole house or bungalow: Detached,21,7,7,0,14,10,4
S01011275,Whole house or bungalow: Semi-detached,401,121,36,85,280,260,20
S01011275,Whole house or bungalow: Terraced (including end-terrace),257,89,24,65,168,157,11
S01011275,Flat maisonette or apartment or mobile/temporary accommodation,32,6,4,2,26,22,4
S01011276,All people in households,978,564,172,392,414,346,68
S01011276,Whole house or bungalow: Total,914,539,170,369,375,314,61
S01011276,Whole house or bungalow: Detached,180,158,45,113,22,17,5
S01011276,Whole house or bungalow: Semi-detached,321,184,72,112,137,105,32
S01011276,Whole house or bungalow: Terraced (including end-terrace),413,197,53,144,216,192,24
S01011276,Flat maisonette or apartment or mobile/temporary accommodation,64,25,2,23,39,32,7
S01011277,All people in households,654,595,193,402,59,16,43
S01011277,Whole house or bungalow: Total,560,528,162,366,32,12,20
S01011277,Whole house or bungalow: Detached,151,151,58,93,0,0,0
S01011277,Whole house or bungalow: Semi-detached,355,337,97,240,18,3,15
S01011277,Whole house or bungalow: Terraced (including end-terrace),54,40,7,33,14,9,5
S01011277,Flat maisonette or apartment or mobile/temporary accommodation,94,67,31,36,27,4,23
S01011278,All people in households,494,422,104,318,72,15,57
S01011278,Whole house or bungalow: Total,466,405,96,309,61,8,53
S01011278,Whole house or bungalow: Detached,71,71,25,46,0,0,0
S01011278,Whole house or bungalow: Semi-detached,351,305,64,241,46,0,46
S01011278,Whole house or bungalow: Terraced (including end-terrace),44,29,7,22,15,8,7
S01011278,Flat maisonette or apartment or mobile/temporary accommodation,28,17,8,9,11,7,4
S01011279,All people in households,651,560,188,372,91,27,64
S01011279,Whole house or bungalow: Total,515,470,164,306,45,23,22
S01011279,Whole house or bungalow: Detached,123,123,46,77,0,0,0
S01011279,Whole house or bungalow: Semi-detached,296,282,100,182,14,4,10
S01011279,Whole house or bungalow: Terraced (including end-terrace),96,65,18,47,31,19,12
S01011279,Flat maisonette or apartment or mobile/temporary accommodation,136,90,24,66,46,4,42
S01011280,All people in households,590,546,257,289,44,33,11
S01011280,Whole house or bungalow: Total,581,541,255,286,40,29,11
S01011280,Whole house or bungalow: Detached,424,420,208,212,4,0,4
S01011280,Whole house or bungalow: Semi-detached,62,53,22,31,9,7,2
S01011280,Whole house or bungalow: Terraced (including end-terrace),95,68,25,43,27,22,5
S01011280,Flat maisonette or apartment or mobile/temporary accommodation,9,5,2,3,4,4,0
S01011281,All people in households,645,577,132,445,68,24,44
S01011281,Whole house or bungalow: Total,621,564,129,435,57,21,36
S01011281,Whole house or bungalow: Detached,431,400,87,313,31,6,25
S01011281,Whole house or bungalow: Semi-detached,128,118,34,84,10,4,6
S01011281,Whole house or bungalow: Terraced (including end-terrace),62,46,8,38,16,11,5
S01011281,Flat maisonette or apartment or mobile/temporary accommodation,24,13,3,10,11,3,8
S01011282,All people in households,918,782,151,631,136,103,33
S01011282,Whole house or bungalow: Total,904,777,148,629,127,96,31
S01011282,Whole house or bungalow: Detached,485,474,87,387,11,1,10
S01011282,Whole house or bungalow: Semi-detached,219,173,28,145,46,33,13
S01011282,Whole house or bungalow: Terraced (including end-terrace),200,130,33,97,70,62,8
S01011282,Flat maisonette or apartment or mobile/temporary accommodation,14,5,3,2,9,7,2
S01011283,All people in households,737,699,78,621,38,12,26
S01011283,Whole house or bungalow: Total,728,692,77,615,36,11,25
S01011283,Whole house or bungalow: Detached,568,548,64,484,20,0,20
S01011283,Whole house or bungalow: Semi-detached,92,86,6,80,6,1,5
S01011283,Whole house or bungalow: Terraced (including end-terrace),68,58,7,51,10,10,0
S01011283,Flat maisonette or apartment or mobile/temporary accommodation,9,7,1,6,2,1,1
S01011284,All people in households,615,574,55,519,41,13,28
S01011284,Whole house or bungalow: Total,602,564,51,513,38,10,28
S01011284,Whole house or bungalow: Detached,546,524,49,475,22,0,22
S01011284,Whole house or bungalow: Semi-detached,29,23,2,21,6,0,6
S01011284,Whole house or bungalow: Terraced (including end-terrace),27,17,0,17,10,10,0
S01011284,Flat maisonette or apartment or mobile/temporary accommodation,13,10,4,6,3,3,0
S01011285,All people in households,729,308,88,220,421,365,56
S01011285,Whole house or bungalow: Total,712,305,86,219,407,353,54
S01011285,Whole house or bungalow: Detached,30,20,7,13,10,7,3
S01011285,Whole house or bungalow: Semi-detached,159,80,36,44,79,64,15
S01011285,Whole house or bungalow: Terraced (including end-terrace),523,205,43,162,318,282,36
S01011285,Flat maisonette or apartment or mobile/temporary accommodation,17,3,2,1,14,12,2
S01011286,All people in households,720,320,94,226,400,360,40
S01011286,Whole house or bungalow: Total,665,319,94,225,346,314,32
S01011286,Whole house or bungalow: Detached,56,38,9,29,18,18,0
S01011286,Whole house or bungalow: Semi-detached,138,92,29,63,46,42,4
S01011286,Whole house or bungalow: Terraced (including end-terrace),471,189,56,133,282,254,28
S01011286,Flat maisonette or apartment or mobile/temporary accommodation,55,1,0,1,54,46,8
S01011287,All people in households,807,404,133,271,403,346,57
S01011287,Whole house or bungalow: Total,683,361,117,244,322,274,48
S01011287,Whole house or bungalow: Detached,51,37,26,11,14,0,14
S01011287,Whole house or bungalow: Semi-detached,137,78,21,57,59,49,10
S01011287,Whole house or bungalow: Terraced (including end-terrace),495,246,70,176,249,225,24
S01011287,Flat maisonette or apartment or mobile/temporary accommodation,124,43,16,27,81,72,9
S01011288,All people in households,757,447,130,317,310,244,66
S01011288,Whole house or bungalow: Total,736,442,129,313,294,233,61
S01011288,Whole house or bungalow: Detached,28,16,7,9,12,7,5
S01011288,Whole house or bungalow: Semi-detached,82,35,18,17,47,38,9
S01011288,Whole house or bungalow: Terraced (including end-terrace),626,391,104,287,235,188,47
S01011288,Flat maisonette or apartment or mobile/temporary accommodation,21,5,1,4,16,11,5
S01011289,All people in households,934,527,191,336,407,341,66
S01011289,Whole house or bungalow: Total,887,510,183,327,377,320,57
S01011289,Whole house or bungalow: Detached,46,33,9,24,13,10,3
S01011289,Whole house or bungalow: Semi-detached,402,236,70,166,166,137,29
S01011289,Whole house or bungalow: Terraced (including end-terrace),439,241,104,137,198,173,25
S01011289,Flat maisonette or apartment or mobile/temporary accommodation,47,17,8,9,30,21,9
S01011290,All people in households,1054,582,222,360,472,386,86
S01011290,Whole house or bungalow: Total,775,512,192,320,263,193,70
S01011290,Whole house or bungalow: Detached,180,144,62,82,36,10,26
S01011290,Whole house or bungalow: Semi-detached,339,210,70,140,129,100,29
S01011290,Whole house or bungalow: Terraced (including end-terrace),256,158,60,98,98,83,15
S01011290,Flat maisonette or apartment or mobile/temporary accommodation,279,70,30,40,209,193,16
S01011291,All people in households,815,462,183,279,353,306,47
S01011291,Whole house or bungalow: Total,411,286,129,157,125,114,11
S01011291,Whole house or bungalow: Detached,72,71,42,29,1,1,0
S01011291,Whole house or bungalow: Semi-detached,199,143,61,82,56,50,6
S01011291,Whole house or bungalow: Terraced (including end-terrace),140,72,26,46,68,63,5
S01011291,Flat maisonette or apartment or mobile/temporary accommodation,404,176,54,122,228,192,36
S01011292,All people in households,692,271,66,205,421,391,30
S01011292,Whole house or bungalow: Total,417,230,57,173,187,171,16
S01011292,Whole house or bungalow: Detached,27,27,14,13,0,0,0
S01011292,Whole house or bungalow: Semi-detached,175,134,20,114,41,34,7
S01011292,Whole house or bungalow: Terraced (including end-terrace),215,69,23,46,146,137,9
S01011292,Flat maisonette or apartment or mobile/temporary accommodation,275,41,9,32,234,220,14
S01011293,All people in households,736,376,112,264,360,318,42
S01011293,Whole house or bungalow: Total,589,328,87,241,261,223,38
S01011293,Whole house or bungalow: Detached,53,48,3,45,5,5,0
S01011293,Whole house or bungalow: Semi-detached,226,135,46,89,91,84,7
S01011293,Whole house or bungalow: Terraced (including end-terrace),310,145,38,107,165,134,31
S01011293,Flat maisonette or apartment or mobile/temporary accommodation,147,48,25,23,99,95,4
S01011294,All people in households,833,364,151,213,469,371,98
S01011294,Whole house or bungalow: Total,449,281,119,162,168,137,31
S01011294,Whole house or bungalow: Detached,66,62,29,33,4,0,4
S01011294,Whole house or bungalow: Semi-detached,200,129,53,76,71,55,16
S01011294,Whole house or bungalow: Terraced (including end-terrace),183,90,37,53,93,82,11
S01011294,Flat maisonette or apartment or mobile/temporary accommodation,384,83,32,51,301,234,67
S01011295,All people in households,946,766,326,440,180,112,68
S01011295,Whole house or bungalow: Total,723,686,302,384,37,12,25
S01011295,Whole house or bungalow: Detached,518,506,239,267,12,0,12
S01011295,Whole house or bungalow: Semi-detached,159,136,50,86,23,10,13
S01011295,Whole house or bungalow: Terraced (including end-terrace),46,44,13,31,2,2,0
S01011295,Flat maisonette or apartment or mobile/temporary accommodation,223,80,24,56,143,100,43
S01011296,All people in households,556,381,175,206,175,148,27
S01011296,Whole house or bungalow: Total,461,350,164,186,111,87,24
S01011296,Whole house or bungalow: Detached,139,136,80,56,3,1,2
S01011296,Whole house or bungalow: Semi-detached,254,173,67,106,81,69,12
S01011296,Whole house or bungalow: Terraced (including end-terrace),68,41,17,24,27,17,10
S01011296,Flat maisonette or apartment or mobile/temporary accommodation,95,31,11,20,64,61,3
S01011297,All people in households,839,412,123,289,427,375,52
S01011297,Whole house or bungalow: Total,656,355,97,258,301,262,39
S01011297,Whole house or bungalow: Detached,50,27,7,20,23,10,13
S01011297,Whole house or bungalow: Semi-detached,448,245,75,170,203,182,21
S01011297,Whole house or bungalow: Terraced (including end-terrace),158,83,15,68,75,70,5
S01011297,Flat maisonette or apartment or mobile/temporary accommodation,183,57,26,31,126,113,13
S01011298,All people in households,642,251,63,188,391,349,42
S01011298,Whole house or bungalow: Total,563,227,52,175,336,308,28
S01011298,Whole house or bungalow: Detached,24,14,11,3,10,10,0
S01011298,Whole house or bungalow: Semi-detached,379,161,27,134,218,200,18
S01011298,Whole house or bungalow: Terraced (including end-terrace),160,52,14,38,108,98,10
S01011298,Flat maisonette or apartment or mobile/temporary accommodation,79,24,11,13,55,41,14
S01011299,All people in households,489,412,214,198,77,6,71
S01011299,Whole house or bungalow: Total,461,391,209,182,70,5,65
S01011299,Whole house or bungalow: Detached,348,294,169,125,54,0,54
S01011299,Whole house or bungalow: Semi-detached,78,62,31,31,16,5,11
S01011299,Whole house or bungalow: Terraced (including end-terrace),35,35,9,26,0,0,0
S01011299,Flat maisonette or apartment or mobile/temporary accommodation,28,21,5,16,7,1,6
S01011300,All people in households,944,465,181,284,479,440,39
S01011300,Whole house or bungalow: Total,906,461,178,283,445,411,34
S01011300,Whole house or bungalow: Detached,51,40,14,26,11,11,0
S01011300,Whole house or bungalow: Semi-detached,397,189,64,125,208,196,12
S01011300,Whole house or bungalow: Terraced (including end-terrace),458,232,100,132,226,204,22
S01011300,Flat maisonette or apartment or mobile/temporary accommodation,38,4,3,1,34,29,5
S01011301,All people in households,705,621,248,373,84,18,66
S01011301,Whole house or bungalow: Total,619,557,235,322,62,16,46
S01011301,Whole house or bungalow: Detached,364,324,138,186,40,0,40
S01011301,Whole house or bungalow: Semi-detached,220,211,81,130,9,5,4
S01011301,Whole house or bungalow: Terraced (including end-terrace),35,22,16,6,13,11,2
S01011301,Flat maisonette or apartment or mobile/temporary accommodation,86,64,13,51,22,2,20
S01011302,All people in households,856,450,202,248,406,322,84
S01011302,Whole house or bungalow: Total,329,197,88,109,132,111,21
S01011302,Whole house or bungalow: Detached,65,54,19,35,11,5,6
S01011302,Whole house or bungalow: Semi-detached,133,73,28,45,60,49,11
S01011302,Whole house or bungalow: Terraced (including end-terrace),131,70,41,29,61,57,4
S01011302,Flat maisonette or apartment or mobile/temporary accommodation,527,253,114,139,274,211,63
S01011303,All people in households,1004,885,306,579,119,24,95
S01011303,Whole house or bungalow: Total,841,779,271,508,62,22,40
S01011303,Whole house or bungalow: Detached,444,417,154,263,27,10,17
S01011303,Whole house or bungalow: Semi-detached,279,265,89,176,14,8,6
S01011303,Whole house or bungalow: Terraced (including end-terrace),118,97,28,69,21,4,17
S01011303,Flat maisonette or apartment or mobile/temporary accommodation,163,106,35,71,57,2,55
S01011304,All people in households,708,331,107,224,377,344,33
S01011304,Whole house or bungalow: Total,689,319,104,215,370,339,31
S01011304,Whole house or bungalow: Detached,93,86,33,53,7,7,0
S01011304,Whole house or bungalow: Semi-detached,340,126,30,96,214,199,15
S01011304,Whole house or bungalow: Terraced (including end-terrace),256,107,41,66,149,133,16
S01011304,Flat maisonette or apartment or mobile/temporary accommodation,19,12,3,9,7,5,2
S01011305,All people in households,829,507,112,395,322,272,50
S01011305,Whole house or bungalow: Total,795,503,112,391,292,250,42
S01011305,Whole house or bungalow: Detached,283,265,39,226,18,11,7
S01011305,Whole house or bungalow: Semi-detached,138,70,30,40,68,61,7
S01011305,Whole house or bungalow: Terraced (including end-terrace),374,168,43,125,206,178,28
S01011305,Flat maisonette or apartment or mobile/temporary accommodation,34,4,0,4,30,22,8
S01011306,All people in households,590,324,172,152,266,204,62
S01011306,Whole house or bungalow: Total,576,322,172,150,254,198,56
S01011306,Whole house or bungalow: Detached,91,76,35,41,15,5,10
S01011306,Whole house or bungalow: Semi-detached,261,178,100,78,83,64,19
S01011306,Whole house or bungalow: Terraced (including end-terrace),224,68,37,31,156,129,27
S01011306,Flat maisonette or apartment or mobile/temporary accommodation,14,2,0,2,12,6,6
S01011307,All people in households,470,381,202,179,89,9,80
S01011307,Whole house or bungalow: Total,441,364,188,176,77,6,71
S01011307,Whole house or bungalow: Detached,278,248,142,106,30,0,30
S01011307,Whole house or bungalow: Semi-detached,99,69,42,27,30,4,26
S01011307,Whole house or bungalow: Terraced (including end-terrace),64,47,4,43,17,2,15
S01011307,Flat maisonette or apartment or mobile/temporary accommodation,29,17,14,3,12,3,9
S01011308,All people in households,432,346,182,164,86,6,80
S01011308,Whole house or bungalow: Total,391,312,161,151,79,5,74
S01011308,Whole house or bungalow: Detached,241,200,109,91,41,3,38
S01011308,Whole house or bungalow: Semi-detached,117,89,39,50,28,2,26
S01011308,Whole house or bungalow: Terraced (including end-terrace),33,23,13,10,10,0,10
S01011308,Flat maisonette or apartment or mobile/temporary accommodation,41,34,21,13,7,1,6
S01011309,All people in households,712,682,345,337,30,8,22
S01011309,Whole house or bungalow: Total,610,597,297,300,13,6,7
S01011309,Whole house or bungalow: Detached,450,448,233,215,2,0,2
S01011309,Whole house or bungalow: Semi-detached,125,123,55,68,2,0,2
S01011309,Whole house or bungalow: Terraced (including end-terrace),35,26,9,17,9,6,3
S01011309,Flat maisonette or apartment or mobile/temporary accommodation,102,85,48,37,17,2,15
S01011310,All people in households,706,521,248,273,185,81,104
S01011310,Whole house or bungalow: Total,579,435,208,227,144,77,67
S01011310,Whole house or bungalow: Detached,148,133,80,53,15,3,12
S01011310,Whole house or bungalow: Semi-detached,257,184,76,108,73,36,37
S01011310,Whole house or bungalow: Terraced (including end-terrace),174,118,52,66,56,38,18
S01011310,Flat maisonette or apartment or mobile/temporary accommodation,127,86,40,46,41,4,37
S01011311,All people in households,666,612,328,284,54,14,40
S01011311,Whole house or bungalow: Total,619,583,320,263,36,8,28
S01011311,Whole house or bungalow: Detached,436,428,259,169,8,0,8
S01011311,Whole house or bungalow: Semi-detached,168,148,61,87,20,0,20
S01011311,Whole house or bungalow: Terraced (including end-terrace),15,7,0,7,8,8,0
S01011311,Flat maisonette or apartment or mobile/temporary accommodation,47,29,8,21,18,6,12
S01011312,All people in households,1103,1034,567,467,69,16,53
S01011312,Whole house or bungalow: Total,923,890,472,418,33,12,21
S01011312,Whole house or bungalow: Detached,606,594,350,244,12,0,12
S01011312,Whole house or bungalow: Semi-detached,276,263,107,156,13,5,8
S01011312,Whole house or bungalow: Terraced (including end-terrace),41,33,15,18,8,7,1
S01011312,Flat maisonette or apartment or mobile/temporary accommodation,180,144,95,49,36,4,32
S01011313,All people in households,735,595,227,368,140,56,84
S01011313,Whole house or bungalow: Total,451,426,160,266,25,11,14
S01011313,Whole house or bungalow: Detached,125,125,53,72,0,0,0
S01011313,Whole house or bungalow: Semi-detached,284,272,101,171,12,2,10
S01011313,Whole house or bungalow: Terraced (including end-terrace),42,29,6,23,13,9,4
S01011313,Flat maisonette or apartment or mobile/temporary accommodation,284,169,67,102,115,45,70
S01011314,All people in households,1097,903,324,579,194,64,130
S01011314,Whole house or bungalow: Total,888,818,294,524,70,24,46
S01011314,Whole house or bungalow: Detached,544,513,184,329,31,1,30
S01011314,Whole house or bungalow: Semi-detached,276,257,99,158,19,6,13
S01011314,Whole house or bungalow: Terraced (including end-terrace),68,48,11,37,20,17,3
S01011314,Flat maisonette or apartment or mobile/temporary accommodation,209,85,30,55,124,40,84
S01011315,All people in households,410,244,62,182,166,128,38
S01011315,Whole house or bungalow: Total,294,223,56,167,71,49,22
S01011315,Whole house or bungalow: Detached,71,71,8,63,0,0,0
S01011315,Whole house or bungalow: Semi-detached,179,131,41,90,48,28,20
S01011315,Whole house or bungalow: Terraced (including end-terrace),44,21,7,14,23,21,2
S01011315,Flat maisonette or apartment or mobile/temporary accommodation,116,21,6,15,95,79,16
S01011316,All people in households,748,438,160,278,310,262,48
S01011316,Whole house or bungalow: Total,715,425,155,270,290,247,43
S01011316,Whole house or bungalow: Detached,142,128,53,75,14,8,6
S01011316,Whole house or bungalow: Semi-detached,182,83,32,51,99,86,13
S01011316,Whole house or bungalow: Terraced (including end-terrace),391,214,70,144,177,153,24
S01011316,Flat maisonette or apartment or mobile/temporary accommodation,33,13,5,8,20,15,5
S01011317,All people in households,752,693,384,309,59,4,55
S01011317,Whole house or bungalow: Total,536,504,247,257,32,4,28
S01011317,Whole house or bungalow: Detached,221,216,110,106,5,0,5
S01011317,Whole house or bungalow: Semi-detached,163,152,79,73,11,0,11
S01011317,Whole house or bungalow: Terraced (including end-terrace),152,136,58,78,16,4,12
S01011317,Flat maisonette or apartment or mobile/temporary accommodation,216,189,137,52,27,0,27
S01011318,All people in households,919,752,423,329,167,18,149
S01011318,Whole house or bungalow: Total,395,344,147,197,51,8,43
S01011318,Whole house or bungalow: Detached,141,129,68,61,12,0,12
S01011318,Whole house or bungalow: Semi-detached,87,72,29,43,15,8,7
S01011318,Whole house or bungalow: Terraced (including end-terrace),167,143,50,93,24,0,24
S01011318,Flat maisonette or apartment or mobile/temporary accommodation,524,408,276,132,116,10,106
S01011319,All people in households,856,795,433,362,61,4,57
S01011319,Whole house or bungalow: Total,696,659,330,329,37,4,33
S01011319,Whole house or bungalow: Detached,472,453,228,225,19,0,19
S01011319,Whole house or bungalow: Semi-detached,189,171,87,84,18,4,14
S01011319,Whole house or bungalow: Terraced (including end-terrace),35,35,15,20,0,0,0
S01011319,Flat maisonette or apartment or mobile/temporary accommodation,160,136,103,33,24,0,24
S01011320,All people in households,522,412,201,211,110,59,51
S01011320,Whole house or bungalow: Total,292,277,114,163,15,4,11
S01011320,Whole house or bungalow: Detached,56,52,22,30,4,0,4
S01011320,Whole house or bungalow: Semi-detached,73,65,23,42,8,2,6
S01011320,Whole house or bungalow: Terraced (including end-terrace),163,160,69,91,3,2,1
S01011320,Flat maisonette or apartment or mobile/temporary accommodation,230,135,87,48,95,55,40
S01011321,All people in households,596,496,135,361,100,59,41
S01011321,Whole house or bungalow: Total,556,471,125,346,85,48,37
S01011321,Whole house or bungalow: Detached,48,45,19,26,3,0,3
S01011321,Whole house or bungalow: Semi-detached,110,99,23,76,11,3,8
S01011321,Whole house or bungalow: Terraced (including end-terrace),398,327,83,244,71,45,26
S01011321,Flat maisonette or apartment or mobile/temporary accommodation,40,25,10,15,15,11,4
S01011322,All people in households,634,511,144,367,123,85,38
S01011322,Whole house or bungalow: Total,504,441,134,307,63,35,28
S01011322,Whole house or bungalow: Detached,291,279,78,201,12,4,8
S01011322,Whole house or bungalow: Semi-detached,75,53,19,34,22,16,6
S01011322,Whole house or bungalow: Terraced (including end-terrace),138,109,37,72,29,15,14
S01011322,Flat maisonette or apartment or mobile/temporary accommodation,130,70,10,60,60,50,10
S01011323,All people in households,917,593,153,440,324,226,98
S01011323,Whole house or bungalow: Total,637,491,133,358,146,86,60
S01011323,Whole house or bungalow: Detached,68,67,27,40,1,1,0
S01011323,Whole house or bungalow: Semi-detached,173,114,24,90,59,37,22
S01011323,Whole house or bungalow: Terraced (including end-terrace),396,310,82,228,86,48,38
S01011323,Flat maisonette or apartment or mobile/temporary accommodation,280,102,20,82,178,140,38
S01011324,All people in households,449,370,160,210,79,49,30
S01011324,Whole house or bungalow: Total,273,246,115,131,27,18,9
S01011324,Whole house or bungalow: Detached,117,112,59,53,5,2,3
S01011324,Whole house or bungalow: Semi-detached,103,97,51,46,6,6,0
S01011324,Whole house or bungalow: Terraced (including end-terrace),53,37,5,32,16,10,6
S01011324,Flat maisonette or apartment or mobile/temporary accommodation,176,124,45,79,52,31,21
S01011325,All people in households,737,424,192,232,313,122,191
S01011325,Whole house or bungalow: Total,116,81,54,27,35,24,11
S01011325,Whole house or bungalow: Detached,32,29,23,6,3,3,0
S01011325,Whole house or bungalow: Semi-detached,43,24,13,11,19,14,5
S01011325,Whole house or bungalow: Terraced (including end-terrace),41,28,18,10,13,7,6
S01011325,Flat maisonette or apartment or mobile/temporary accommodation,621,343,138,205,278,98,180
S01011326,All people in households,747,419,221,198,328,71,257
S01011326,Whole house or bungalow: Total,106,78,28,50,28,8,20
S01011326,Whole house or bungalow: Detached,40,32,15,17,8,1,7
S01011326,Whole house or bungalow: Semi-detached,32,28,5,23,4,2,2
S01011326,Whole house or bungalow: Terraced (including end-terrace),34,18,8,10,16,5,11
S01011326,Flat maisonette or apartment or mobile/temporary accommodation,641,341,193,148,300,63,237
S01011327,All people in households,648,453,288,165,195,81,114
S01011327,Whole house or bungalow: Total,220,172,93,79,48,25,23
S01011327,Whole house or bungalow: Detached,114,103,59,44,11,0,11
S01011327,Whole house or bungalow: Semi-detached,68,49,22,27,19,11,8
S01011327,Whole house or bungalow: Terraced (including end-terrace),38,20,12,8,18,14,4
S01011327,Flat maisonette or apartment or mobile/temporary accommodation,428,281,195,86,147,56,91
S01011328,All people in households,697,524,291,233,173,88,85
S01011328,Whole house or bungalow: Total,496,378,193,185,118,72,46
S01011328,Whole house or bungalow: Detached,138,114,58,56,24,0,24
S01011328,Whole house or bungalow: Semi-detached,268,198,99,99,70,59,11
S01011328,Whole house or bungalow: Terraced (including end-terrace),90,66,36,30,24,13,11
S01011328,Flat maisonette or apartment or mobile/temporary accommodation,201,146,98,48,55,16,39
S01011329,All people in households,914,698,349,349,216,67,149
S01011329,Whole house or bungalow: Total,503,440,219,221,63,21,42
S01011329,Whole house or bungalow: Detached,224,211,122,89,13,0,13
S01011329,Whole house or bungalow: Semi-detached,195,176,83,93,19,4,15
S01011329,Whole house or bungalow: Terraced (including end-terrace),84,53,14,39,31,17,14
S01011329,Flat maisonette or apartment or mobile/temporary accommodation,411,258,130,128,153,46,107
S01011330,All people in households,754,696,321,375,58,25,33
S01011330,Whole house or bungalow: Total,712,666,316,350,46,25,21
S01011330,Whole house or bungalow: Detached,487,467,246,221,20,6,14
S01011330,Whole house or bungalow: Semi-detached,79,77,33,44,2,2,0
S01011330,Whole house or bungalow: Terraced (including end-terrace),146,122,37,85,24,17,7
S01011330,Flat maisonette or apartment or mobile/temporary accommodation,42,30,5,25,12,0,12
S01011331,All people in households,745,717,354,363,28,6,22
S01011331,Whole house or bungalow: Total,729,706,349,357,23,6,17
S01011331,Whole house or bungalow: Detached,535,529,246,283,6,0,6
S01011331,Whole house or bungalow: Semi-detached,171,159,96,63,12,1,11
S01011331,Whole house or bungalow: Terraced (including end-terrace),23,18,7,11,5,5,0
S01011331,Flat maisonette or apartment or mobile/temporary accommodation,16,11,5,6,5,0,5
S01011332,All people in households,863,803,407,396,60,7,53
S01011332,Whole house or bungalow: Total,755,700,338,362,55,7,48
S01011332,Whole house or bungalow: Detached,423,413,209,204,10,0,10
S01011332,Whole house or bungalow: Semi-detached,268,226,97,129,42,7,35
S01011332,Whole house or bungalow: Terraced (including end-terrace),64,61,32,29,3,0,3
S01011332,Flat maisonette or apartment or mobile/temporary accommodation,108,103,69,34,5,0,5
S01011333,All people in households,733,662,421,241,71,10,61
S01011333,Whole house or bungalow: Total,444,436,231,205,8,1,7
S01011333,Whole house or bungalow: Detached,387,384,201,183,3,0,3
S01011333,Whole house or bungalow: Semi-detached,34,30,26,4,4,0,4
S01011333,Whole house or bungalow: Terraced (including end-terrace),23,22,4,18,1,1,0
S01011333,Flat maisonette or apartment or mobile/temporary accommodation,289,226,190,36,63,9,54
S01011334,All people in households,706,563,297,266,143,50,93
S01011334,Whole house or bungalow: Total,625,516,279,237,109,34,75
S01011334,Whole house or bungalow: Detached,467,421,231,190,46,5,41
S01011334,Whole house or bungalow: Semi-detached,117,89,45,44,28,13,15
S01011334,Whole house or bungalow: Terraced (including end-terrace),41,6,3,3,35,16,19
S01011334,Flat maisonette or apartment or mobile/temporary accommodation,81,47,18,29,34,16,18
S01011335,All people in households,934,823,437,386,111,13,98
S01011335,Whole house or bungalow: Total,604,565,252,313,39,3,36
S01011335,Whole house or bungalow: Detached,522,496,224,272,26,0,26
S01011335,Whole house or bungalow: Semi-detached,61,54,23,31,7,0,7
S01011335,Whole house or bungalow: Terraced (including end-terrace),21,15,5,10,6,3,3
S01011335,Flat maisonette or apartment or mobile/temporary accommodation,330,258,185,73,72,10,62
S01011336,All people in households,617,445,140,305,172,96,76
S01011336,Whole house or bungalow: Total,457,345,106,239,112,79,33
S01011336,Whole house or bungalow: Detached,108,92,38,54,16,4,12
S01011336,Whole house or bungalow: Semi-detached,176,124,39,85,52,42,10
S01011336,Whole house or bungalow: Terraced (including end-terrace),173,129,29,100,44,33,11
S01011336,Flat maisonette or apartment or mobile/temporary accommodation,160,100,34,66,60,17,43
S01011337,All people in households,682,622,283,339,60,23,37
S01011337,Whole house or bungalow: Total,531,488,232,256,43,20,23
S01011337,Whole house or bungalow: Detached,429,410,202,208,19,4,15
S01011337,Whole house or bungalow: Semi-detached,79,62,25,37,17,11,6
S01011337,Whole house or bungalow: Terraced (including end-terrace),23,16,5,11,7,5,2
S01011337,Flat maisonette or apartment or mobile/temporary accommodation,151,134,51,83,17,3,14
S01011338,All people in households,660,448,127,321,212,166,46
S01011338,Whole house or bungalow: Total,633,432,121,311,201,162,39
S01011338,Whole house or bungalow: Detached,116,96,29,67,20,2,18
S01011338,Whole house or bungalow: Semi-detached,283,208,62,146,75,65,10
S01011338,Whole house or bungalow: Terraced (including end-terrace),234,128,30,98,106,95,11
S01011338,Flat maisonette or apartment or mobile/temporary accommodation,27,16,6,10,11,4,7
S01011339,All people in households,560,316,107,209,244,224,20
S01011339,Whole house or bungalow: Total,553,311,107,204,242,223,19
S01011339,Whole house or bungalow: Detached,105,88,43,45,17,10,7
S01011339,Whole house or bungalow: Semi-detached,313,180,46,134,133,126,7
S01011339,Whole house or bungalow: Terraced (including end-terrace),135,43,18,25,92,87,5
S01011339,Flat maisonette or apartment or mobile/temporary accommodation,7,5,0,5,2,1,1
S01011340,All people in households,694,306,126,180,388,362,26
S01011340,Whole house or bungalow: Total,668,297,123,174,371,345,26
S01011340,Whole house or bungalow: Detached,41,22,6,16,19,11,8
S01011340,Whole house or bungalow: Semi-detached,393,166,80,86,227,220,7
S01011340,Whole house or bungalow: Terraced (including end-terrace),234,109,37,72,125,114,11
S01011340,Flat maisonette or apartment or mobile/temporary accommodation,26,9,3,6,17,17,0
S01011341,All people in households,721,405,126,279,316,221,95
S01011341,Whole house or bungalow: Total,533,331,98,233,202,155,47
S01011341,Whole house or bungalow: Detached,215,176,62,114,39,8,31
S01011341,Whole house or bungalow: Semi-detached,224,106,29,77,118,105,13
S01011341,Whole house or bungalow: Terraced (including end-terrace),94,49,7,42,45,42,3
S01011341,Flat maisonette or apartment or mobile/temporary accommodation,188,74,28,46,114,66,48
S01011342,All people in households,702,531,168,363,171,63,108
S01011342,Whole house or bungalow: Total,511,419,143,276,92,29,63
S01011342,Whole house or bungalow: Detached,258,203,64,139,55,4,51
S01011342,Whole house or bungalow: Semi-detached,150,133,63,70,17,14,3
S01011342,Whole house or bungalow: Terraced (including end-terrace),103,83,16,67,20,11,9
S01011342,Flat maisonette or apartment or mobile/temporary accommodation,191,112,25,87,79,34,45
S01011343,All people in households,826,453,148,305,373,322,51
S01011343,Whole house or bungalow: Total,539,324,103,221,215,198,17
S01011343,Whole house or bungalow: Detached,78,71,15,56,7,7,0
S01011343,Whole house or bungalow: Semi-detached,206,123,43,80,83,77,6
S01011343,Whole house or bungalow: Terraced (including end-terrace),255,130,45,85,125,114,11
S01011343,Flat maisonette or apartment or mobile/temporary accommodation,287,129,45,84,158,124,34
S01011344,All people in households,883,399,122,277,484,456,28
S01011344,Whole house or bungalow: Total,836,389,118,271,447,420,27
S01011344,Whole house or bungalow: Detached,34,21,6,15,13,13,0
S01011344,Whole house or bungalow: Semi-detached,268,91,34,57,177,170,7
S01011344,Whole house or bungalow: Terraced (including end-terrace),534,277,78,199,257,237,20
S01011344,Flat maisonette or apartment or mobile/temporary accommodation,47,10,4,6,37,36,1
S01011345,All people in households,794,289,77,212,505,476,29
S01011345,Whole house or bungalow: Total,763,283,75,208,480,458,22
S01011345,Whole house or bungalow: Detached,28,12,3,9,16,16,0
S01011345,Whole house or bungalow: Semi-detached,243,81,18,63,162,154,8
S01011345,Whole house or bungalow: Terraced (including end-terrace),492,190,54,136,302,288,14
S01011345,Flat maisonette or apartment or mobile/temporary accommodation,31,6,2,4,25,18,7
S01011346,All people in households,678,446,141,305,232,182,50
S01011346,Whole house or bungalow: Total,601,395,135,260,206,177,29
S01011346,Whole house or bungalow: Detached,19,8,1,7,11,4,7
S01011346,Whole house or bungalow: Semi-detached,130,90,43,47,40,31,9
S01011346,Whole house or bungalow: Terraced (including end-terrace),452,297,91,206,155,142,13
S01011346,Flat maisonette or apartment or mobile/temporary accommodation,77,51,6,45,26,5,21
S01011347,All people in households,1043,737,330,407,306,233,73
S01011347,Whole house or bungalow: Total,569,499,240,259,70,51,19
S01011347,Whole house or bungalow: Detached,102,100,55,45,2,2,0
S01011347,Whole house or bungalow: Semi-detached,263,209,96,113,54,40,14
S01011347,Whole house or bungalow: Terraced (including end-terrace),204,190,89,101,14,9,5
S01011347,Flat maisonette or apartment or mobile/temporary accommodation,474,238,90,148,236,182,54
S01011348,All people in households,921,464,153,311,457,412,45
S01011348,Whole house or bungalow: Total,887,461,152,309,426,385,41
S01011348,Whole house or bungalow: Detached,95,90,35,55,5,5,0
S01011348,Whole house or bungalow: Semi-detached,401,211,58,153,190,170,20
S01011348,Whole house or bungalow: Terraced (including end-terrace),391,160,59,101,231,210,21
S01011348,Flat maisonette or apartment or mobile/temporary accommodation,34,3,1,2,31,27,4
S01011349,All people in households,923,859,226,633,64,19,45
S01011349,Whole house or bungalow: Total,869,815,212,603,54,19,35
S01011349,Whole house or bungalow: Detached,466,450,126,324,16,7,9
S01011349,Whole house or bungalow: Semi-detached,286,273,73,200,13,1,12
S01011349,Whole house or bungalow: Terraced (including end-terrace),117,92,13,79,25,11,14
S01011349,Flat maisonette or apartment or mobile/temporary accommodation,54,44,14,30,10,0,10
S01011350,All people in households,658,610,272,338,48,25,23
S01011350,Whole house or bungalow: Total,636,592,261,331,44,23,21
S01011350,Whole house or bungalow: Detached,391,382,166,216,9,0,9
S01011350,Whole house or bungalow: Semi-detached,154,141,83,58,13,5,8
S01011350,Whole house or bungalow: Terraced (including end-terrace),91,69,12,57,22,18,4
S01011350,Flat maisonette or apartment or mobile/temporary accommodation,22,18,11,7,4,2,2
S01011351,All people in households,696,318,100,218,378,328,50
S01011351,Whole house or bungalow: Total,497,259,81,178,238,206,32
S01011351,Whole house or bungalow: Detached,29,24,7,17,5,1,4
S01011351,Whole house or bungalow: Semi-detached,225,112,39,73,113,99,14
S01011351,Whole house or bungalow: Terraced (including end-terrace),243,123,35,88,120,106,14
S01011351,Flat maisonette or apartment or mobile/temporary accommodation,199,59,19,40,140,122,18
S01011352,All people in households,635,431,137,294,204,129,75
S01011352,Whole house or bungalow: Total,430,323,93,230,107,94,13
S01011352,Whole house or bungalow: Detached,73,60,17,43,13,6,7
S01011352,Whole house or bungalow: Semi-detached,134,88,23,65,46,46,0
S01011352,Whole house or bungalow: Terraced (including end-terrace),223,175,53,122,48,42,6
S01011352,Flat maisonette or apartment or mobile/temporary accommodation,205,108,44,64,97,35,62
S01011353,All people in households,610,406,149,257,204,179,25
S01011353,Whole house or bungalow: Total,548,361,129,232,187,170,17
S01011353,Whole house or bungalow: Detached,69,60,31,29,9,7,2
S01011353,Whole house or bungalow: Semi-detached,275,173,68,105,102,100,2
S01011353,Whole house or bungalow: Terraced (including end-terrace),204,128,30,98,76,63,13
S01011353,Flat maisonette or apartment or mobile/temporary accommodation,62,45,20,25,17,9,8
S01011354,All people in households,730,596,230,366,134,107,27
S01011354,Whole house or bungalow: Total,715,595,229,366,120,98,22
S01011354,Whole house or bungalow: Detached,374,354,171,183,20,13,7
S01011354,Whole house or bungalow: Semi-detached,156,119,41,78,37,35,2
S01011354,Whole house or bungalow: Terraced (including end-terrace),185,122,17,105,63,50,13
S01011354,Flat maisonette or apartment or mobile/temporary accommodation,15,1,1,0,14,9,5
S01011355,All people in households,927,623,236,387,304,253,51
S01011355,Whole house or bungalow: Total,811,574,222,352,237,197,40
S01011355,Whole house or bungalow: Detached,266,248,80,168,18,3,15
S01011355,Whole house or bungalow: Semi-detached,220,154,75,79,66,58,8
S01011355,Whole house or bungalow: Terraced (including end-terrace),325,172,67,105,153,136,17
S01011355,Flat maisonette or apartment or mobile/temporary accommodation,116,49,14,35,67,56,11
S01011356,All people in households,962,838,345,493,124,62,62
S01011356,Whole house or bungalow: Total,875,788,324,464,87,36,51
S01011356,Whole house or bungalow: Detached,570,549,238,311,21,3,18
S01011356,Whole house or bungalow: Semi-detached,184,149,66,83,35,13,22
S01011356,Whole house or bungalow: Terraced (including end-terrace),121,90,20,70,31,20,11
S01011356,Flat maisonette or apartment or mobile/temporary accommodation,87,50,21,29,37,26,11
S01011357,All people in households,852,642,246,396,210,173,37
S01011357,Whole house or bungalow: Total,701,589,219,370,112,95,17
S01011357,Whole house or bungalow: Detached,321,302,119,183,19,8,11
S01011357,Whole house or bungalow: Semi-detached,207,184,53,131,23,22,1
S01011357,Whole house or bungalow: Terraced (including end-terrace),173,103,47,56,70,65,5
S01011357,Flat maisonette or apartment or mobile/temporary accommodation,151,53,27,26,98,78,20
S01011358,All people in households,547,496,60,436,51,9,42
S01011358,Whole house or bungalow: Total,542,496,60,436,46,4,42
S01011358,Whole house or bungalow: Detached,189,184,36,148,5,0,5
S01011358,Whole house or bungalow: Semi-detached,333,295,22,273,38,2,36
S01011358,Whole house or bungalow: Terraced (including end-terrace),20,17,2,15,3,2,1
S01011358,Flat maisonette or apartment or mobile/temporary accommodation,5,0,0,0,5,5,0
S01011359,All people in households,737,487,205,282,250,193,57
S01011359,Whole house or bungalow: Total,418,332,145,187,86,59,27
S01011359,Whole house or bungalow: Detached,62,52,34,18,10,1,9
S01011359,Whole house or bungalow: Semi-detached,257,210,87,123,47,33,14
S01011359,Whole house or bungalow: Terraced (including end-terrace),99,70,24,46,29,25,4
S01011359,Flat maisonette or apartment or mobile/temporary accommodation,319,155,60,95,164,134,30
S01011360,All people in households,756,170,39,131,586,563,23
S01011360,Whole house or bungalow: Total,378,144,30,114,234,223,11
S01011360,Whole house or bungalow: Detached,26,21,4,17,5,1,4
S01011360,Whole house or bungalow: Semi-detached,161,54,5,49,107,105,2
S01011360,Whole house or bungalow: Terraced (including end-terrace),191,69,21,48,122,117,5
S01011360,Flat maisonette or apartment or mobile/temporary accommodation,378,26,9,17,352,340,12
S01011361,All people in households,537,44,12,32,493,492,1
S01011361,Whole house or bungalow: Total,33,28,6,22,5,5,0
S01011361,Whole house or bungalow: Detached,10,10,1,9,0,0,0
S01011361,Whole house or bungalow: Semi-detached,5,5,1,4,0,0,0
S01011361,Whole house or bungalow: Terraced (including end-terrace),18,13,4,9,5,5,0
S01011361,Flat maisonette or apartment or mobile/temporary accommodation,504,16,6,10,488,487,1
S01011362,All people in households,555,516,111,405,39,28,11
S01011362,Whole house or bungalow: Total,537,516,111,405,21,13,8
S01011362,Whole house or bungalow: Detached,308,306,90,216,2,0,2
S01011362,Whole house or bungalow: Semi-detached,206,192,19,173,14,10,4
S01011362,Whole house or bungalow: Terraced (including end-terrace),23,18,2,16,5,3,2
S01011362,Flat maisonette or apartment or mobile/temporary accommodation,18,0,0,0,18,15,3
S01011363,All people in households,870,553,218,335,317,249,68
S01011363,Whole house or bungalow: Total,604,494,198,296,110,77,33
S01011363,Whole house or bungalow: Detached,175,155,65,90,20,10,10
S01011363,Whole house or bungalow: Semi-detached,269,222,91,131,47,27,20
S01011363,Whole house or bungalow: Terraced (including end-terrace),160,117,42,75,43,40,3
S01011363,Flat maisonette or apartment or mobile/temporary accommodation,266,59,20,39,207,172,35
S01011364,All people in households,659,527,122,405,132,90,42
S01011364,Whole house or bungalow: Total,629,511,121,390,118,76,42
S01011364,Whole house or bungalow: Detached,104,104,1,103,0,0,0
S01011364,Whole house or bungalow: Semi-detached,165,134,26,108,31,18,13
S01011364,Whole house or bungalow: Terraced (including end-terrace),360,273,94,179,87,58,29
S01011364,Flat maisonette or apartment or mobile/temporary accommodation,30,16,1,15,14,14,0
S01011365,All people in households,648,588,66,522,60,33,27
S01011365,Whole house or bungalow: Total,614,575,64,511,39,12,27
S01011365,Whole house or bungalow: Detached,363,349,19,330,14,0,14
S01011365,Whole house or bungalow: Semi-detached,182,164,26,138,18,12,6
S01011365,Whole house or bungalow: Terraced (including end-terrace),69,62,19,43,7,0,7
S01011365,Flat maisonette or apartment or mobile/temporary accommodation,34,13,2,11,21,21,0
S01011366,All people in households,433,296,107,189,137,110,27
S01011366,Whole house or bungalow: Total,281,192,69,123,89,73,16
S01011366,Whole house or bungalow: Detached,6,4,2,2,2,2,0
S01011366,Whole house or bungalow: Semi-detached,55,36,15,21,19,15,4
S01011366,Whole house or bungalow: Terraced (including end-terrace),220,152,52,100,68,56,12
S01011366,Flat maisonette or apartment or mobile/temporary accommodation,152,104,38,66,48,37,11
S01011367,All people in households,840,487,160,327,353,308,45
S01011367,Whole house or bungalow: Total,691,472,159,313,219,189,30
S01011367,Whole house or bungalow: Detached,95,91,23,68,4,1,3
S01011367,Whole house or bungalow: Semi-detached,131,86,27,59,45,36,9
S01011367,Whole house or bungalow: Terraced (including end-terrace),465,295,109,186,170,152,18
S01011367,Flat maisonette or apartment or mobile/temporary accommodation,149,15,1,14,134,119,15
S01011368,All people in households,843,707,79,628,136,19,117
S01011368,Whole house or bungalow: Total,726,689,77,612,37,5,32
S01011368,Whole house or bungalow: Detached,654,629,64,565,25,0,25
S01011368,Whole house or bungalow: Semi-detached,51,42,11,31,9,2,7
S01011368,Whole house or bungalow: Terraced (including end-terrace),21,18,2,16,3,3,0
S01011368,Flat maisonette or apartment or mobile/temporary accommodation,117,18,2,16,99,14,85
S01011369,All people in households,811,520,171,349,291,276,15
S01011369,Whole house or bungalow: Total,638,502,171,331,136,131,5
S01011369,Whole house or bungalow: Detached,34,33,8,25,1,0,1
S01011369,Whole house or bungalow: Semi-detached,260,224,83,141,36,35,1
S01011369,Whole house or bungalow: Terraced (including end-terrace),344,245,80,165,99,96,3
S01011369,Flat maisonette or apartment or mobile/temporary accommodation,173,18,0,18,155,145,10
S01011370,All people in households,811,605,71,534,206,138,68
S01011370,Whole house or bungalow: Total,711,583,65,518,128,105,23
S01011370,Whole house or bungalow: Detached,343,326,21,305,17,2,15
S01011370,Whole house or bungalow: Semi-detached,46,45,4,41,1,1,0
S01011370,Whole house or bungalow: Terraced (including end-terrace),322,212,40,172,110,102,8
S01011370,Flat maisonette or apartment or mobile/temporary accommodation,100,22,6,16,78,33,45
S01011371,All people in households,925,269,55,214,656,632,24
S01011371,Whole house or bungalow: Total,457,260,55,205,197,183,14
S01011371,Whole house or bungalow: Detached,26,24,8,16,2,2,0
S01011371,Whole house or bungalow: Semi-detached,217,149,18,131,68,58,10
S01011371,Whole house or bungalow: Terraced (including end-terrace),214,87,29,58,127,123,4
S01011371,Flat maisonette or apartment or mobile/temporary accommodation,468,9,0,9,459,449,10
S01011372,All people in households,667,82,32,50,585,570,15
S01011372,Whole house or bungalow: Total,151,78,28,50,73,70,3
S01011372,Whole house or bungalow: Detached,15,15,8,7,0,0,0
S01011372,Whole house or bungalow: Semi-detached,19,16,6,10,3,3,0
S01011372,Whole house or bungalow: Terraced (including end-terrace),117,47,14,33,70,67,3
S01011372,Flat maisonette or apartment or mobile/temporary accommodation,516,4,4,0,512,500,12
S01011373,All people in households,674,191,53,138,483,457,26
S01011373,Whole house or bungalow: Total,165,133,44,89,32,27,5
S01011373,Whole house or bungalow: Detached,29,24,4,20,5,5,0
S01011373,Whole house or bungalow: Semi-detached,65,57,20,37,8,4,4
S01011373,Whole house or bungalow: Terraced (including end-terrace),71,52,20,32,19,18,1
S01011373,Flat maisonette or apartment or mobile/temporary accommodation,509,58,9,49,451,430,21
S01011374,All people in households,694,519,44,475,175,111,64
S01011374,Whole house or bungalow: Total,599,484,34,450,115,70,45
S01011374,Whole house or bungalow: Detached,90,86,3,83,4,0,4
S01011374,Whole house or bungalow: Semi-detached,302,245,14,231,57,37,20
S01011374,Whole house or bungalow: Terraced (including end-terrace),207,153,17,136,54,33,21
S01011374,Flat maisonette or apartment or mobile/temporary accommodation,95,35,10,25,60,41,19
S01011375,All people in households,645,412,149,263,233,221,12
S01011375,Whole house or bungalow: Total,322,318,112,206,4,3,1
S01011375,Whole house or bungalow: Detached,136,136,54,82,0,0,0
S01011375,Whole house or bungalow: Semi-detached,132,131,43,88,1,0,1
S01011375,Whole house or bungalow: Terraced (including end-terrace),54,51,15,36,3,3,0
S01011375,Flat maisonette or apartment or mobile/temporary accommodation,323,94,37,57,229,218,11
S01011376,All people in households,475,40,15,25,435,427,8
S01011376,Whole house or bungalow: Total,29,20,4,16,9,1,8
S01011376,Whole house or bungalow: Detached,15,15,1,14,0,0,0
S01011376,Whole house or bungalow: Semi-detached,5,5,3,2,0,0,0
S01011376,Whole house or bungalow: Terraced (including end-terrace),9,0,0,0,9,1,8
S01011376,Flat maisonette or apartment or mobile/temporary accommodation,446,20,11,9,426,426,0
S01011377,All people in households,594,531,218,313,63,40,23
S01011377,Whole house or bungalow: Total,496,484,204,280,12,5,7
S01011377,Whole house or bungalow: Detached,150,145,69,76,5,3,2
S01011377,Whole house or bungalow: Semi-detached,278,278,116,162,0,0,0
S01011377,Whole house or bungalow: Terraced (including end-terrace),68,61,19,42,7,2,5
S01011377,Flat maisonette or apartment or mobile/temporary accommodation,98,47,14,33,51,35,16
S01011378,All people in households,793,630,250,380,163,124,39
S01011378,Whole house or bungalow: Total,640,554,204,350,86,62,24
S01011378,Whole house or bungalow: Detached,135,135,37,98,0,0,0
S01011378,Whole house or bungalow: Semi-detached,348,294,118,176,54,43,11
S01011378,Whole house or bungalow: Terraced (including end-terrace),157,125,49,76,32,19,13
S01011378,Flat maisonette or apartment or mobile/temporary accommodation,153,76,46,30,77,62,15
S01011379,All people in households,902,824,226,598,78,28,50
S01011379,Whole house or bungalow: Total,845,788,216,572,57,21,36
S01011379,Whole house or bungalow: Detached,605,592,171,421,13,0,13
S01011379,Whole house or bungalow: Semi-detached,177,152,27,125,25,13,12
S01011379,Whole house or bungalow: Terraced (including end-terrace),63,44,18,26,19,8,11
S01011379,Flat maisonette or apartment or mobile/temporary accommodation,57,36,10,26,21,7,14
S01011380,All people in households,665,392,134,258,273,197,76
S01011380,Whole house or bungalow: Total,322,252,85,167,70,57,13
S01011380,Whole house or bungalow: Detached,41,39,14,25,2,0,2
S01011380,Whole house or bungalow: Semi-detached,100,84,22,62,16,9,7
S01011380,Whole house or bungalow: Terraced (including end-terrace),181,129,49,80,52,48,4
S01011380,Flat maisonette or apartment or mobile/temporary accommodation,343,140,49,91,203,140,63
S01011381,All people in households,617,462,157,305,155,86,69
S01011381,Whole house or bungalow: Total,377,340,116,224,37,21,16
S01011381,Whole house or bungalow: Detached,224,217,73,144,7,5,2
S01011381,Whole house or bungalow: Semi-detached,102,89,30,59,13,3,10
S01011381,Whole house or bungalow: Terraced (including end-terrace),51,34,13,21,17,13,4
S01011381,Flat maisonette or apartment or mobile/temporary accommodation,240,122,41,81,118,65,53
S01011382,All people in households,531,197,41,156,334,202,132
S01011382,Whole house or bungalow: Total,218,137,27,110,81,69,12
S01011382,Whole house or bungalow: Detached,91,81,8,73,10,6,4
S01011382,Whole house or bungalow: Semi-detached,47,21,7,14,26,22,4
S01011382,Whole house or bungalow: Terraced (including end-terrace),80,35,12,23,45,41,4
S01011382,Flat maisonette or apartment or mobile/temporary accommodation,313,60,14,46,253,133,120
S01011383,All people in households,686,199,64,135,487,444,43
S01011383,Whole house or bungalow: Total,361,153,45,108,208,177,31
S01011383,Whole house or bungalow: Detached,20,19,6,13,1,1,0
S01011383,Whole house or bungalow: Semi-detached,152,51,9,42,101,76,25
S01011383,Whole house or bungalow: Terraced (including end-terrace),189,83,30,53,106,100,6
S01011383,Flat maisonette or apartment or mobile/temporary accommodation,325,46,19,27,279,267,12
S01011384,All people in households,734,142,38,104,592,578,14
S01011384,Whole house or bungalow: Total,449,110,25,85,339,327,12
S01011384,Whole house or bungalow: Detached,36,17,2,15,19,12,7
S01011384,Whole house or bungalow: Semi-detached,181,50,12,38,131,130,1
S01011384,Whole house or bungalow: Terraced (including end-terrace),232,43,11,32,189,185,4
S01011384,Flat maisonette or apartment or mobile/temporary accommodation,285,32,13,19,253,251,2
S01011385,All people in households,957,369,130,239,588,544,44
S01011385,Whole house or bungalow: Total,381,236,66,170,145,127,18
S01011385,Whole house or bungalow: Detached,22,16,7,9,6,5,1
S01011385,Whole house or bungalow: Semi-detached,267,175,50,125,92,84,8
S01011385,Whole house or bungalow: Terraced (including end-terrace),92,45,9,36,47,38,9
S01011385,Flat maisonette or apartment or mobile/temporary accommodation,576,133,64,69,443,417,26
S01011386,All people in households,588,161,33,128,427,396,31
S01011386,Whole house or bungalow: Total,486,147,29,118,339,328,11
S01011386,Whole house or bungalow: Detached,27,18,8,10,9,9,0
S01011386,Whole house or bungalow: Semi-detached,205,70,8,62,135,135,0
S01011386,Whole house or bungalow: Terraced (including end-terrace),254,59,13,46,195,184,11
S01011386,Flat maisonette or apartment or mobile/temporary accommodation,102,14,4,10,88,68,20
S01011387,All people in households,810,309,54,255,501,418,83
S01011387,Whole house or bungalow: Total,566,285,49,236,281,252,29
S01011387,Whole house or bungalow: Detached,98,84,14,70,14,8,6
S01011387,Whole house or bungalow: Semi-detached,166,90,13,77,76,72,4
S01011387,Whole house or bungalow: Terraced (including end-terrace),302,111,22,89,191,172,19
S01011387,Flat maisonette or apartment or mobile/temporary accommodation,244,24,5,19,220,166,54
S01011388,All people in households,1083,833,92,741,250,152,98
S01011388,Whole house or bungalow: Total,907,767,80,687,140,75,65
S01011388,Whole house or bungalow: Detached,296,272,20,252,24,5,19
S01011388,Whole house or bungalow: Semi-detached,390,342,35,307,48,20,28
S01011388,Whole house or bungalow: Terraced (including end-terrace),221,153,25,128,68,50,18
S01011388,Flat maisonette or apartment or mobile/temporary accommodation,176,66,12,54,110,77,33
S01011389,All people in households,761,326,73,253,435,288,147
S01011389,Whole house or bungalow: Total,339,203,53,150,136,114,22
S01011389,Whole house or bungalow: Detached,90,85,15,70,5,2,3
S01011389,Whole house or bungalow: Semi-detached,73,43,14,29,30,24,6
S01011389,Whole house or bungalow: Terraced (including end-terrace),176,75,24,51,101,88,13
S01011389,Flat maisonette or apartment or mobile/temporary accommodation,422,123,20,103,299,174,125
S01011390,All people in households,815,408,149,259,407,379,28
S01011390,Whole house or bungalow: Total,717,383,130,253,334,314,20
S01011390,Whole house or bungalow: Detached,58,41,10,31,17,16,1
S01011390,Whole house or bungalow: Semi-detached,350,195,74,121,155,147,8
S01011390,Whole house or bungalow: Terraced (including end-terrace),309,147,46,101,162,151,11
S01011390,Flat maisonette or apartment or mobile/temporary accommodation,98,25,19,6,73,65,8
S01011391,All people in households,645,306,83,223,339,311,28
S01011391,Whole house or bungalow: Total,619,297,81,216,322,297,25
S01011391,Whole house or bungalow: Detached,9,7,0,7,2,2,0
S01011391,Whole house or bungalow: Semi-detached,177,100,30,70,77,63,14
S01011391,Whole house or bungalow: Terraced (including end-terrace),433,190,51,139,243,232,11
S01011391,Flat maisonette or apartment or mobile/temporary accommodation,26,9,2,7,17,14,3
S01011392,All people in households,680,284,69,215,396,368,28
S01011392,Whole house or bungalow: Total,547,252,66,186,295,283,12
S01011392,Whole house or bungalow: Detached,12,11,6,5,1,1,0
S01011392,Whole house or bungalow: Semi-detached,121,47,18,29,74,72,2
S01011392,Whole house or bungalow: Terraced (including end-terrace),414,194,42,152,220,210,10
S01011392,Flat maisonette or apartment or mobile/temporary accommodation,133,32,3,29,101,85,16
S01011393,All people in households,823,558,194,364,265,225,40
S01011393,Whole house or bungalow: Total,662,471,163,308,191,166,25
S01011393,Whole house or bungalow: Detached,163,161,72,89,2,0,2
S01011393,Whole house or bungalow: Semi-detached,264,171,43,128,93,87,6
S01011393,Whole house or bungalow: Terraced (including end-terrace),235,139,48,91,96,79,17
S01011393,Flat maisonette or apartment or mobile/temporary accommodation,161,87,31,56,74,59,15
S01011394,All people in households,613,541,39,502,72,53,19
S01011394,Whole house or bungalow: Total,568,541,39,502,27,10,17
S01011394,Whole house or bungalow: Detached,491,479,32,447,12,0,12
S01011394,Whole house or bungalow: Semi-detached,30,27,7,20,3,0,3
S01011394,Whole house or bungalow: Terraced (including end-terrace),47,35,0,35,12,10,2
S01011394,Flat maisonette or apartment or mobile/temporary accommodation,45,0,0,0,45,43,2
S01011395,All people in households,737,336,120,216,401,315,86
S01011395,Whole house or bungalow: Total,354,225,82,143,129,112,17
S01011395,Whole house or bungalow: Detached,67,62,14,48,5,4,1
S01011395,Whole house or bungalow: Semi-detached,117,75,19,56,42,36,6
S01011395,Whole house or bungalow: Terraced (including end-terrace),170,88,49,39,82,72,10
S01011395,Flat maisonette or apartment or mobile/temporary accommodation,383,111,38,73,272,203,69
S01011396,All people in households,762,396,141,255,366,308,58
S01011396,Whole house or bungalow: Total,458,311,103,208,147,123,24
S01011396,Whole house or bungalow: Detached,104,87,46,41,17,9,8
S01011396,Whole house or bungalow: Semi-detached,184,145,40,105,39,26,13
S01011396,Whole house or bungalow: Terraced (including end-terrace),170,79,17,62,91,88,3
S01011396,Flat maisonette or apartment or mobile/temporary accommodation,304,85,38,47,219,185,34
S01011397,All people in households,736,379,111,268,357,309,48
S01011397,Whole house or bungalow: Total,480,339,98,241,141,103,38
S01011397,Whole house or bungalow: Detached,71,66,10,56,5,4,1
S01011397,Whole house or bungalow: Semi-detached,241,182,52,130,59,46,13
S01011397,Whole house or bungalow: Terraced (including end-terrace),168,91,36,55,77,53,24
S01011397,Flat maisonette or apartment or mobile/temporary accommodation,256,40,13,27,216,206,10
S01011398,All people in households,775,336,88,248,439,392,47
S01011398,Whole house or bungalow: Total,601,287,79,208,314,286,28
S01011398,Whole house or bungalow: Detached,71,58,20,38,13,13,0
S01011398,Whole house or bungalow: Semi-detached,279,117,37,80,162,151,11
S01011398,Whole house or bungalow: Terraced (including end-terrace),251,112,22,90,139,122,17
S01011398,Flat maisonette or apartment or mobile/temporary accommodation,174,49,9,40,125,106,19
S01011399,All people in households,508,218,59,159,290,267,23
S01011399,Whole house or bungalow: Total,283,160,37,123,123,117,6
S01011399,Whole house or bungalow: Detached,11,9,3,6,2,2,0
S01011399,Whole house or bungalow: Semi-detached,27,8,4,4,19,19,0
S01011399,Whole house or bungalow: Terraced (including end-terrace),245,143,30,113,102,96,6
S01011399,Flat maisonette or apartment or mobile/temporary accommodation,225,58,22,36,167,150,17
S01011400,All people in households,668,403,121,282,265,140,125
S01011400,Whole house or bungalow: Total,362,273,85,188,89,52,37
S01011400,Whole house or bungalow: Detached,161,135,45,90,26,5,21
S01011400,Whole house or bungalow: Semi-detached,101,78,17,61,23,15,8
S01011400,Whole house or bungalow: Terraced (including end-terrace),100,60,23,37,40,32,8
S01011400,Flat maisonette or apartment or mobile/temporary accommodation,306,130,36,94,176,88,88
S01011401,All people in households,614,445,121,324,169,139,30
S01011401,Whole house or bungalow: Total,509,418,108,310,91,73,18
S01011401,Whole house or bungalow: Detached,77,75,30,45,2,0,2
S01011401,Whole house or bungalow: Semi-detached,311,268,62,206,43,40,3
S01011401,Whole house or bungalow: Terraced (including end-terrace),121,75,16,59,46,33,13
S01011401,Flat maisonette or apartment or mobile/temporary accommodation,105,27,13,14,78,66,12
S01011402,All people in households,954,725,359,366,229,162,67
S01011402,Whole house or bungalow: Total,613,556,251,305,57,47,10
S01011402,Whole house or bungalow: Detached,133,124,57,67,9,3,6
S01011402,Whole house or bungalow: Semi-detached,409,371,172,199,38,37,1
S01011402,Whole house or bungalow: Terraced (including end-terrace),71,61,22,39,10,7,3
S01011402,Flat maisonette or apartment or mobile/temporary accommodation,341,169,108,61,172,115,57
S01011403,All people in households,534,357,81,276,177,130,47
S01011403,Whole house or bungalow: Total,448,333,72,261,115,73,42
S01011403,Whole house or bungalow: Detached,272,236,42,194,36,6,30
S01011403,Whole house or bungalow: Semi-detached,59,28,13,15,31,25,6
S01011403,Whole house or bungalow: Terraced (including end-terrace),117,69,17,52,48,42,6
S01011403,Flat maisonette or apartment or mobile/temporary accommodation,86,24,9,15,62,57,5
S01011404,All people in households,924,537,177,360,387,324,63
S01011404,Whole house or bungalow: Total,554,402,141,261,152,133,19
S01011404,Whole house or bungalow: Detached,126,107,25,82,19,10,9
S01011404,Whole house or bungalow: Semi-detached,182,147,53,94,35,33,2
S01011404,Whole house or bungalow: Terraced (including end-terrace),246,148,63,85,98,90,8
S01011404,Flat maisonette or apartment or mobile/temporary accommodation,370,135,36,99,235,191,44
S01011405,All people in households,635,453,194,259,182,151,31
S01011405,Whole house or bungalow: Total,473,432,182,250,41,34,7
S01011405,Whole house or bungalow: Detached,225,222,98,124,3,0,3
S01011405,Whole house or bungalow: Semi-detached,208,181,78,103,27,23,4
S01011405,Whole house or bungalow: Terraced (including end-terrace),40,29,6,23,11,11,0
S01011405,Flat maisonette or apartment or mobile/temporary accommodation,162,21,12,9,141,117,24
S01011406,All people in households,643,420,161,259,223,183,40
S01011406,Whole house or bungalow: Total,617,416,158,258,201,174,27
S01011406,Whole house or bungalow: Detached,80,75,35,40,5,5,0
S01011406,Whole house or bungalow: Semi-detached,211,135,49,86,76,60,16
S01011406,Whole house or bungalow: Terraced (including end-terrace),326,206,74,132,120,109,11
S01011406,Flat maisonette or apartment or mobile/temporary accommodation,26,4,3,1,22,9,13
S01011407,All people in households,1105,830,323,507,275,208,67
S01011407,Whole house or bungalow: Total,1025,781,302,479,244,194,50
S01011407,Whole house or bungalow: Detached,122,117,65,52,5,5,0
S01011407,Whole house or bungalow: Semi-detached,357,285,120,165,72,50,22
S01011407,Whole house or bungalow: Terraced (including end-terrace),546,379,117,262,167,139,28
S01011407,Flat maisonette or apartment or mobile/temporary accommodation,80,49,21,28,31,14,17
S01011408,All people in households,827,512,152,360,315,268,47
S01011408,Whole house or bungalow: Total,776,495,148,347,281,243,38
S01011408,Whole house or bungalow: Detached,41,29,7,22,12,8,4
S01011408,Whole house or bungalow: Semi-detached,231,142,50,92,89,75,14
S01011408,Whole house or bungalow: Terraced (including end-terrace),504,324,91,233,180,160,20
S01011408,Flat maisonette or apartment or mobile/temporary accommodation,51,17,4,13,34,25,9
S01011409,All people in households,839,351,71,280,488,458,30
S01011409,Whole house or bungalow: Total,682,336,66,270,346,316,30
S01011409,Whole house or bungalow: Detached,50,31,9,22,19,19,0
S01011409,Whole house or bungalow: Semi-detached,308,140,26,114,168,162,6
S01011409,Whole house or bungalow: Terraced (including end-terrace),324,165,31,134,159,135,24
S01011409,Flat maisonette or apartment or mobile/temporary accommodation,157,15,5,10,142,142,0
S01011410,All people in households,628,402,163,239,226,210,16
S01011410,Whole house or bungalow: Total,559,367,151,216,192,180,12
S01011410,Whole house or bungalow: Detached,53,49,28,21,4,4,0
S01011410,Whole house or bungalow: Semi-detached,230,168,59,109,62,62,0
S01011410,Whole house or bungalow: Terraced (including end-terrace),276,150,64,86,126,114,12
S01011410,Flat maisonette or apartment or mobile/temporary accommodation,69,35,12,23,34,30,4
S01011411,All people in households,678,466,128,338,212,188,24
S01011411,Whole house or bungalow: Total,648,456,127,329,192,172,20
S01011411,Whole house or bungalow: Detached,48,41,11,30,7,4,3
S01011411,Whole house or bungalow: Semi-detached,191,143,46,97,48,41,7
S01011411,Whole house or bungalow: Terraced (including end-terrace),409,272,70,202,137,127,10
S01011411,Flat maisonette or apartment or mobile/temporary accommodation,30,10,1,9,20,16,4
S01011412,All people in households,860,812,364,448,48,44,4
S01011412,Whole house or bungalow: Total,844,807,361,446,37,33,4
S01011412,Whole house or bungalow: Detached,415,409,209,200,6,4,2
S01011412,Whole house or bungalow: Semi-detached,382,376,144,232,6,5,1
S01011412,Whole house or bungalow: Terraced (including end-terrace),47,22,8,14,25,24,1
S01011412,Flat maisonette or apartment or mobile/temporary accommodation,16,5,3,2,11,11,0
S01011413,All people in households,560,509,98,411,51,15,36
S01011413,Whole house or bungalow: Total,530,504,98,406,26,2,24
S01011413,Whole house or bungalow: Detached,151,148,42,106,3,0,3
S01011413,Whole house or bungalow: Semi-detached,280,265,38,227,15,0,15
S01011413,Whole house or bungalow: Terraced (including end-terrace),99,91,18,73,8,2,6
S01011413,Flat maisonette or apartment or mobile/temporary accommodation,30,5,0,5,25,13,12
S01011414,All people in households,827,479,156,323,348,282,66
S01011414,Whole house or bungalow: Total,735,474,153,321,261,202,59
S01011414,Whole house or bungalow: Detached,94,71,45,26,23,5,18
S01011414,Whole house or bungalow: Semi-detached,414,293,93,200,121,89,32
S01011414,Whole house or bungalow: Terraced (including end-terrace),227,110,15,95,117,108,9
S01011414,Flat maisonette or apartment or mobile/temporary accommodation,92,5,3,2,87,80,7
S01011415,All people in households,866,696,182,514,170,136,34
S01011415,Whole house or bungalow: Total,731,659,170,489,72,47,25
S01011415,Whole house or bungalow: Detached,166,158,51,107,8,1,7
S01011415,Whole house or bungalow: Semi-detached,385,368,85,283,17,9,8
S01011415,Whole house or bungalow: Terraced (including end-terrace),180,133,34,99,47,37,10
S01011415,Flat maisonette or apartment or mobile/temporary accommodation,135,37,12,25,98,89,9
S01011416,All people in households,626,584,214,370,42,16,26
S01011416,Whole house or bungalow: Total,607,575,205,370,32,11,21
S01011416,Whole house or bungalow: Detached,199,190,88,102,9,5,4
S01011416,Whole house or bungalow: Semi-detached,348,336,113,223,12,4,8
S01011416,Whole house or bungalow: Terraced (including end-terrace),60,49,4,45,11,2,9
S01011416,Flat maisonette or apartment or mobile/temporary accommodation,19,9,9,0,10,5,5
S01011417,All people in households,818,578,239,339,240,156,84
S01011417,Whole house or bungalow: Total,674,498,208,290,176,123,53
S01011417,Whole house or bungalow: Detached,118,108,61,47,10,0,10
S01011417,Whole house or bungalow: Semi-detached,295,203,93,110,92,73,19
S01011417,Whole house or bungalow: Terraced (including end-terrace),261,187,54,133,74,50,24
S01011417,Flat maisonette or apartment or mobile/temporary accommodation,144,80,31,49,64,33,31
S01011418,All people in households,552,283,92,191,269,248,21
S01011418,Whole house or bungalow: Total,290,200,51,149,90,87,3
S01011418,Whole house or bungalow: Detached,13,8,0,8,5,5,0
S01011418,Whole house or bungalow: Semi-detached,33,16,6,10,17,17,0
S01011418,Whole house or bungalow: Terraced (including end-terrace),244,176,45,131,68,65,3
S01011418,Flat maisonette or apartment or mobile/temporary accommodation,262,83,41,42,179,161,18
S01011419,All people in households,558,364,111,253,194,167,27
S01011419,Whole house or bungalow: Total,491,343,100,243,148,134,14
S01011419,Whole house or bungalow: Detached,59,56,22,34,3,2,1
S01011419,Whole house or bungalow: Semi-detached,110,90,20,70,20,17,3
S01011419,Whole house or bungalow: Terraced (including end-terrace),322,197,58,139,125,115,10
S01011419,Flat maisonette or apartment or mobile/temporary accommodation,67,21,11,10,46,33,13
S01011420,All people in households,491,170,74,96,321,263,58
S01011420,Whole house or bungalow: Total,352,163,73,90,189,178,11
S01011420,Whole house or bungalow: Detached,29,24,11,13,5,5,0
S01011420,Whole house or bungalow: Semi-detached,57,30,27,3,27,25,2
S01011420,Whole house or bungalow: Terraced (including end-terrace),266,109,35,74,157,148,9
S01011420,Flat maisonette or apartment or mobile/temporary accommodation,139,7,1,6,132,85,47
S01011421,All people in households,615,501,47,454,114,27,87
S01011421,Whole house or bungalow: Total,578,488,45,443,90,13,77
S01011421,Whole house or bungalow: Detached,238,220,21,199,18,0,18
S01011421,Whole house or bungalow: Semi-detached,230,180,15,165,50,9,41
S01011421,Whole house or bungalow: Terraced (including end-terrace),110,88,9,79,22,4,18
S01011421,Flat maisonette or apartment or mobile/temporary accommodation,37,13,2,11,24,14,10
S01011422,All people in households,660,389,120,269,271,225,46
S01011422,Whole house or bungalow: Total,541,368,118,250,173,148,25
S01011422,Whole house or bungalow: Detached,110,101,14,87,9,2,7
S01011422,Whole house or bungalow: Semi-detached,401,246,101,145,155,137,18
S01011422,Whole house or bungalow: Terraced (including end-terrace),30,21,3,18,9,9,0
S01011422,Flat maisonette or apartment or mobile/temporary accommodation,119,21,2,19,98,77,21
S01011423,All people in households,570,239,64,175,331,281,50
S01011423,Whole house or bungalow: Total,240,175,43,132,65,45,20
S01011423,Whole house or bungalow: Detached,109,101,26,75,8,3,5
S01011423,Whole house or bungalow: Semi-detached,65,52,11,41,13,9,4
S01011423,Whole house or bungalow: Terraced (including end-terrace),66,22,6,16,44,33,11
S01011423,Flat maisonette or apartment or mobile/temporary accommodation,330,64,21,43,266,236,30
S01011424,All people in households,560,389,103,286,171,142,29
S01011424,Whole house or bungalow: Total,437,328,83,245,109,85,24
S01011424,Whole house or bungalow: Detached,57,55,21,34,2,1,1
S01011424,Whole house or bungalow: Semi-detached,112,80,15,65,32,24,8
S01011424,Whole house or bungalow: Terraced (including end-terrace),268,193,47,146,75,60,15
S01011424,Flat maisonette or apartment or mobile/temporary accommodation,123,61,20,41,62,57,5
S01011425,All people in households,901,415,159,256,486,427,59
S01011425,Whole house or bungalow: Total,733,390,156,234,343,292,51
S01011425,Whole house or bungalow: Detached,224,203,97,106,21,14,7
S01011425,Whole house or bungalow: Semi-detached,390,149,54,95,241,217,24
S01011425,Whole house or bungalow: Terraced (including end-terrace),119,38,5,33,81,61,20
S01011425,Flat maisonette or apartment or mobile/temporary accommodation,168,25,3,22,143,135,8
S01011426,All people in households,993,883,233,650,110,44,66
S01011426,Whole house or bungalow: Total,951,855,218,637,96,37,59
S01011426,Whole house or bungalow: Detached,739,709,198,511,30,0,30
S01011426,Whole house or bungalow: Semi-detached,161,113,14,99,48,22,26
S01011426,Whole house or bungalow: Terraced (including end-terrace),51,33,6,27,18,15,3
S01011426,Flat maisonette or apartment or mobile/temporary accommodation,42,28,15,13,14,7,7
S01011427,All people in households,679,399,122,277,280,244,36
S01011427,Whole house or bungalow: Total,404,308,99,209,96,76,20
S01011427,Whole house or bungalow: Detached,174,162,54,108,12,6,6
S01011427,Whole house or bungalow: Semi-detached,70,54,24,30,16,16,0
S01011427,Whole house or bungalow: Terraced (including end-terrace),160,92,21,71,68,54,14
S01011427,Flat maisonette or apartment or mobile/temporary accommodation,275,91,23,68,184,168,16
S01011428,All people in households,506,329,133,196,177,167,10
S01011428,Whole house or bungalow: Total,366,277,109,168,89,81,8
S01011428,Whole house or bungalow: Detached,75,70,41,29,5,3,2
S01011428,Whole house or bungalow: Semi-detached,165,119,38,81,46,43,3
S01011428,Whole house or bungalow: Terraced (including end-terrace),126,88,30,58,38,35,3
S01011428,Flat maisonette or apartment or mobile/temporary accommodation,140,52,24,28,88,86,2
S01011429,All people in households,626,576,158,418,50,21,29
S01011429,Whole house or bungalow: Total,620,570,157,413,50,21,29
S01011429,Whole house or bungalow: Detached,294,283,99,184,11,0,11
S01011429,Whole house or bungalow: Semi-detached,172,158,41,117,14,6,8
S01011429,Whole house or bungalow: Terraced (including end-terrace),154,129,17,112,25,15,10
S01011429,Flat maisonette or apartment or mobile/temporary accommodation,6,6,1,5,0,0,0
S01011430,All people in households,880,704,179,525,176,94,82
S01011430,Whole house or bungalow: Total,724,644,166,478,80,35,45
S01011430,Whole house or bungalow: Detached,290,284,94,190,6,0,6
S01011430,Whole house or bungalow: Semi-detached,286,240,54,186,46,10,36
S01011430,Whole house or bungalow: Terraced (including end-terrace),148,120,18,102,28,25,3
S01011430,Flat maisonette or apartment or mobile/temporary accommodation,156,60,13,47,96,59,37
S01011431,All people in households,1063,586,197,389,477,419,58
S01011431,Whole house or bungalow: Total,721,475,157,318,246,229,17
S01011431,Whole house or bungalow: Detached,116,99,40,59,17,13,4
S01011431,Whole house or bungalow: Semi-detached,477,324,109,215,153,144,9
S01011431,Whole house or bungalow: Terraced (including end-terrace),128,52,8,44,76,72,4
S01011431,Flat maisonette or apartment or mobile/temporary accommodation,342,111,40,71,231,190,41
S01011432,All people in households,1025,649,215,434,376,341,35
S01011432,Whole house or bungalow: Total,916,627,202,425,289,262,27
S01011432,Whole house or bungalow: Detached,72,55,22,33,17,11,6
S01011432,Whole house or bungalow: Semi-detached,146,111,27,84,35,35,0
S01011432,Whole house or bungalow: Terraced (including end-terrace),698,461,153,308,237,216,21
S01011432,Flat maisonette or apartment or mobile/temporary accommodation,109,22,13,9,87,79,8
S01011433,All people in households,909,258,65,193,651,606,45
S01011433,Whole house or bungalow: Total,850,255,63,192,595,560,35
S01011433,Whole house or bungalow: Detached,37,20,0,20,17,17,0
S01011433,Whole house or bungalow: Semi-detached,168,45,14,31,123,114,9
S01011433,Whole house or bungalow: Terraced (including end-terrace),645,190,49,141,455,429,26
S01011433,Flat maisonette or apartment or mobile/temporary accommodation,59,3,2,1,56,46,10
S01011434,All people in households,562,387,156,231,175,151,24
S01011434,Whole house or bungalow: Total,484,343,136,207,141,122,19
S01011434,Whole house or bungalow: Detached,118,107,42,65,11,8,3
S01011434,Whole house or bungalow: Semi-detached,192,146,61,85,46,39,7
S01011434,Whole house or bungalow: Terraced (including end-terrace),174,90,33,57,84,75,9
S01011434,Flat maisonette or apartment or mobile/temporary accommodation,78,44,20,24,34,29,5
S01011435,All people in households,927,822,225,597,105,40,65
S01011435,Whole house or bungalow: Total,798,746,206,540,52,23,29
S01011435,Whole house or bungalow: Detached,487,473,135,338,14,0,14
S01011435,Whole house or bungalow: Semi-detached,238,211,61,150,27,12,15
S01011435,Whole house or bungalow: Terraced (including end-terrace),73,62,10,52,11,11,0
S01011435,Flat maisonette or apartment or mobile/temporary accommodation,129,76,19,57,53,17,36
S01011436,All people in households,718,301,86,215,417,350,67
S01011436,Whole house or bungalow: Total,544,289,80,209,255,208,47
S01011436,Whole house or bungalow: Detached,78,59,22,37,19,7,12
S01011436,Whole house or bungalow: Semi-detached,162,96,34,62,66,58,8
S01011436,Whole house or bungalow: Terraced (including end-terrace),304,134,24,110,170,143,27
S01011436,Flat maisonette or apartment or mobile/temporary accommodation,174,12,6,6,162,142,20
S01011437,All people in households,731,385,112,273,346,293,53
S01011437,Whole house or bungalow: Total,567,359,104,255,208,165,43
S01011437,Whole house or bungalow: Detached,54,44,23,21,10,5,5
S01011437,Whole house or bungalow: Semi-detached,124,75,22,53,49,39,10
S01011437,Whole house or bungalow: Terraced (including end-terrace),389,240,59,181,149,121,28
S01011437,Flat maisonette or apartment or mobile/temporary accommodation,164,26,8,18,138,128,10
S01011438,All people in households,544,141,26,115,403,383,20
S01011438,Whole house or bungalow: Total,279,127,23,104,152,141,11
S01011438,Whole house or bungalow: Detached,16,16,4,12,0,0,0
S01011438,Whole house or bungalow: Semi-detached,93,46,1,45,47,44,3
S01011438,Whole house or bungalow: Terraced (including end-terrace),170,65,18,47,105,97,8
S01011438,Flat maisonette or apartment or mobile/temporary accommodation,265,14,3,11,251,242,9
S01011439,All people in households,889,503,193,310,386,334,52
S01011439,Whole house or bungalow: Total,877,499,193,306,378,326,52
S01011439,Whole house or bungalow: Detached,120,99,38,61,21,8,13
S01011439,Whole house or bungalow: Semi-detached,377,234,109,125,143,125,18
S01011439,Whole house or bungalow: Terraced (including end-terrace),380,166,46,120,214,193,21
S01011439,Flat maisonette or apartment or mobile/temporary accommodation,12,4,0,4,8,8,0
S01011440,All people in households,597,322,92,230,275,243,32
S01011440,Whole house or bungalow: Total,484,311,89,222,173,146,27
S01011440,Whole house or bungalow: Detached,27,17,8,9,10,7,3
S01011440,Whole house or bungalow: Semi-detached,244,171,57,114,73,59,14
S01011440,Whole house or bungalow: Terraced (including end-terrace),213,123,24,99,90,80,10
S01011440,Flat maisonette or apartment or mobile/temporary accommodation,113,11,3,8,102,97,5
S01011441,All people in households,763,385,157,228,378,331,47
S01011441,Whole house or bungalow: Total,500,339,138,201,161,136,25
S01011441,Whole house or bungalow: Detached,91,81,32,49,10,5,5
S01011441,Whole house or bungalow: Semi-detached,261,168,87,81,93,84,9
S01011441,Whole house or bungalow: Terraced (including end-terrace),148,90,19,71,58,47,11
S01011441,Flat maisonette or apartment or mobile/temporary accommodation,263,46,19,27,217,195,22
S01011442,All people in households,683,395,129,266,288,226,62
S01011442,Whole house or bungalow: Total,556,378,120,258,178,137,41
S01011442,Whole house or bungalow: Detached,97,81,23,58,16,7,9
S01011442,Whole house or bungalow: Semi-detached,174,106,34,72,68,51,17
S01011442,Whole house or bungalow: Terraced (including end-terrace),285,191,63,128,94,79,15
S01011442,Flat maisonette or apartment or mobile/temporary accommodation,127,17,9,8,110,89,21
S01011443,All people in households,622,358,133,225,264,241,23
S01011443,Whole house or bungalow: Total,511,323,122,201,188,171,17
S01011443,Whole house or bungalow: Detached,81,69,19,50,12,7,5
S01011443,Whole house or bungalow: Semi-detached,316,200,68,132,116,104,12
S01011443,Whole house or bungalow: Terraced (including end-terrace),114,54,35,19,60,60,0
S01011443,Flat maisonette or apartment or mobile/temporary accommodation,111,35,11,24,76,70,6
S01011444,All people in households,764,367,115,252,397,378,19
S01011444,Whole house or bungalow: Total,354,228,78,150,126,121,5
S01011444,Whole house or bungalow: Detached,41,31,12,19,10,7,3
S01011444,Whole house or bungalow: Semi-detached,70,53,20,33,17,15,2
S01011444,Whole house or bungalow: Terraced (including end-terrace),243,144,46,98,99,99,0
S01011444,Flat maisonette or apartment or mobile/temporary accommodation,410,139,37,102,271,257,14
S01011445,All people in households,548,396,100,296,152,113,39
S01011445,Whole house or bungalow: Total,344,298,66,232,46,27,19
S01011445,Whole house or bungalow: Detached,131,120,19,101,11,0,11
S01011445,Whole house or bungalow: Semi-detached,157,142,37,105,15,7,8
S01011445,Whole house or bungalow: Terraced (including end-terrace),56,36,10,26,20,20,0
S01011445,Flat maisonette or apartment or mobile/temporary accommodation,204,98,34,64,106,86,20
S01011446,All people in households,522,374,156,218,148,113,35
S01011446,Whole house or bungalow: Total,334,281,128,153,53,29,24
S01011446,Whole house or bungalow: Detached,202,194,81,113,8,0,8
S01011446,Whole house or bungalow: Semi-detached,87,73,37,36,14,9,5
S01011446,Whole house or bungalow: Terraced (including end-terrace),45,14,10,4,31,20,11
S01011446,Flat maisonette or apartment or mobile/temporary accommodation,188,93,28,65,95,84,11
S01011447,All people in households,924,475,106,369,449,402,47
S01011447,Whole house or bungalow: Total,893,466,97,369,427,381,46
S01011447,Whole house or bungalow: Detached,139,116,15,101,23,19,4
S01011447,Whole house or bungalow: Semi-detached,248,145,36,109,103,91,12
S01011447,Whole house or bungalow: Terraced (including end-terrace),506,205,46,159,301,271,30
S01011447,Flat maisonette or apartment or mobile/temporary accommodation,31,9,9,0,22,21,1
S01011448,All people in households,884,689,236,453,195,113,82
S01011448,Whole house or bungalow: Total,800,654,228,426,146,90,56
S01011448,Whole house or bungalow: Detached,301,269,107,162,32,6,26
S01011448,Whole house or bungalow: Semi-detached,258,230,87,143,28,12,16
S01011448,Whole house or bungalow: Terraced (including end-terrace),241,155,34,121,86,72,14
S01011448,Flat maisonette or apartment or mobile/temporary accommodation,84,35,8,27,49,23,26
S01011449,All people in households,530,247,95,152,283,220,63
S01011449,Whole house or bungalow: Total,295,183,72,111,112,87,25
S01011449,Whole house or bungalow: Detached,58,47,18,29,11,0,11
S01011449,Whole house or bungalow: Semi-detached,66,41,20,21,25,19,6
S01011449,Whole house or bungalow: Terraced (including end-terrace),171,95,34,61,76,68,8
S01011449,Flat maisonette or apartment or mobile/temporary accommodation,235,64,23,41,171,133,38
S01011450,All people in households,652,559,137,422,93,63,30
S01011450,Whole house or bungalow: Total,589,525,118,407,64,37,27
S01011450,Whole house or bungalow: Detached,369,356,71,285,13,2,11
S01011450,Whole house or bungalow: Semi-detached,110,94,24,70,16,9,7
S01011450,Whole house or bungalow: Terraced (including end-terrace),110,75,23,52,35,26,9
S01011450,Flat maisonette or apartment or mobile/temporary accommodation,63,34,19,15,29,26,3
S01011451,All people in households,727,609,148,461,118,65,53
S01011451,Whole house or bungalow: Total,709,597,141,456,112,61,51
S01011451,Whole house or bungalow: Detached,555,515,118,397,40,0,40
S01011451,Whole house or bungalow: Semi-detached,89,46,12,34,43,35,8
S01011451,Whole house or bungalow: Terraced (including end-terrace),65,36,11,25,29,26,3
S01011451,Flat maisonette or apartment or mobile/temporary accommodation,18,12,7,5,6,4,2
S01011452,All people in households,947,755,251,504,192,132,60
S01011452,Whole house or bungalow: Total,738,628,210,418,110,77,33
S01011452,Whole house or bungalow: Detached,297,291,97,194,6,0,6
S01011452,Whole house or bungalow: Semi-detached,300,267,93,174,33,23,10
S01011452,Whole house or bungalow: Terraced (including end-terrace),141,70,20,50,71,54,17
S01011452,Flat maisonette or apartment or mobile/temporary accommodation,209,127,41,86,82,55,27
S01011453,All people in households,728,519,195,324,209,150,59
S01011453,Whole house or bungalow: Total,526,409,151,258,117,81,36
S01011453,Whole house or bungalow: Detached,74,62,15,47,12,1,11
S01011453,Whole house or bungalow: Semi-detached,270,222,81,141,48,30,18
S01011453,Whole house or bungalow: Terraced (including end-terrace),182,125,55,70,57,50,7
S01011453,Flat maisonette or apartment or mobile/temporary accommodation,202,110,44,66,92,69,23
S01011454,All people in households,802,419,107,312,383,330,53
S01011454,Whole house or bungalow: Total,733,401,96,305,332,286,46
S01011454,Whole house or bungalow: Detached,23,20,1,19,3,3,0
S01011454,Whole house or bungalow: Semi-detached,245,154,39,115,91,78,13
S01011454,Whole house or bungalow: Terraced (including end-terrace),465,227,56,171,238,205,33
S01011454,Flat maisonette or apartment or mobile/temporary accommodation,69,18,11,7,51,44,7
S01011455,All people in households,746,382,123,259,364,325,39
S01011455,Whole house or bungalow: Total,521,330,109,221,191,171,20
S01011455,Whole house or bungalow: Detached,37,13,5,8,24,20,4
S01011455,Whole house or bungalow: Semi-detached,362,250,95,155,112,103,9
S01011455,Whole house or bungalow: Terraced (including end-terrace),122,67,9,58,55,48,7
S01011455,Flat maisonette or apartment or mobile/temporary accommodation,225,52,14,38,173,154,19
S01011456,All people in households,814,465,123,342,349,324,25
S01011456,Whole house or bungalow: Total,798,457,123,334,341,316,25
S01011456,Whole house or bungalow: Detached,57,45,15,30,12,9,3
S01011456,Whole house or bungalow: Semi-detached,346,205,56,149,141,130,11
S01011456,Whole house or bungalow: Terraced (including end-terrace),395,207,52,155,188,177,11
S01011456,Flat maisonette or apartment or mobile/temporary accommodation,16,8,0,8,8,8,0
S01011457,All people in households,917,395,118,277,522,481,41
S01011457,Whole house or bungalow: Total,863,375,116,259,488,449,39
S01011457,Whole house or bungalow: Detached,55,31,11,20,24,20,4
S01011457,Whole house or bungalow: Semi-detached,184,89,25,64,95,84,11
S01011457,Whole house or bungalow: Terraced (including end-terrace),624,255,80,175,369,345,24
S01011457,Flat maisonette or apartment or mobile/temporary accommodation,54,20,2,18,34,32,2
S01011458,All people in households,1114,963,132,831,151,110,41
S01011458,Whole house or bungalow: Total,1065,935,127,808,130,98,32
S01011458,Whole house or bungalow: Detached,698,671,79,592,27,4,23
S01011458,Whole house or bungalow: Semi-detached,220,177,29,148,43,34,9
S01011458,Whole house or bungalow: Terraced (including end-terrace),147,87,19,68,60,60,0
S01011458,Flat maisonette or apartment or mobile/temporary accommodation,49,28,5,23,21,12,9
S01011459,All people in households,1053,756,92,664,297,207,90
S01011459,Whole house or bungalow: Total,783,664,77,587,119,67,52
S01011459,Whole house or bungalow: Detached,275,251,32,219,24,5,19
S01011459,Whole house or bungalow: Semi-detached,233,202,20,182,31,20,11
S01011459,Whole house or bungalow: Terraced (including end-terrace),275,211,25,186,64,42,22
S01011459,Flat maisonette or apartment or mobile/temporary accommodation,270,92,15,77,178,140,38
S01011460,All people in households,756,438,53,385,318,293,25
S01011460,Whole house or bungalow: Total,647,423,53,370,224,204,20
S01011460,Whole house or bungalow: Detached,168,153,20,133,15,15,0
S01011460,Whole house or bungalow: Semi-detached,154,116,15,101,38,34,4
S01011460,Whole house or bungalow: Terraced (including end-terrace),325,154,18,136,171,155,16
S01011460,Flat maisonette or apartment or mobile/temporary accommodation,109,15,0,15,94,89,5
S01011461,All people in households,722,360,60,300,362,258,104
S01011461,Whole house or bungalow: Total,526,299,58,241,227,198,29
S01011461,Whole house or bungalow: Detached,23,17,5,12,6,5,1
S01011461,Whole house or bungalow: Semi-detached,90,54,9,45,36,28,8
S01011461,Whole house or bungalow: Terraced (including end-terrace),413,228,44,184,185,165,20
S01011461,Flat maisonette or apartment or mobile/temporary accommodation,196,61,2,59,135,60,75
S01011462,All people in households,897,703,204,499,194,137,57
S01011462,Whole house or bungalow: Total,768,668,196,472,100,82,18
S01011462,Whole house or bungalow: Detached,395,394,79,315,1,0,1
S01011462,Whole house or bungalow: Semi-detached,97,70,29,41,27,19,8
S01011462,Whole house or bungalow: Terraced (including end-terrace),276,204,88,116,72,63,9
S01011462,Flat maisonette or apartment or mobile/temporary accommodation,129,35,8,27,94,55,39
S01011463,All people in households,670,508,146,362,162,110,52
S01011463,Whole house or bungalow: Total,523,430,132,298,93,69,24
S01011463,Whole house or bungalow: Detached,96,92,40,52,4,0,4
S01011463,Whole house or bungalow: Semi-detached,262,204,62,142,58,48,10
S01011463,Whole house or bungalow: Terraced (including end-terrace),165,134,30,104,31,21,10
S01011463,Flat maisonette or apartment or mobile/temporary accommodation,147,78,14,64,69,41,28
S01011464,All people in households,571,486,44,442,85,46,39
S01011464,Whole house or bungalow: Total,424,392,40,352,32,18,14
S01011464,Whole house or bungalow: Detached,366,347,30,317,19,5,14
S01011464,Whole house or bungalow: Semi-detached,42,38,6,32,4,4,0
S01011464,Whole house or bungalow: Terraced (including end-terrace),16,7,4,3,9,9,0
S01011464,Flat maisonette or apartment or mobile/temporary accommodation,147,94,4,90,53,28,25
S01011465,All people in households,547,213,64,149,334,312,22
S01011465,Whole house or bungalow: Total,289,173,48,125,116,102,14
S01011465,Whole house or bungalow: Detached,27,20,0,20,7,2,5
S01011465,Whole house or bungalow: Semi-detached,180,116,45,71,64,55,9
S01011465,Whole house or bungalow: Terraced (including end-terrace),82,37,3,34,45,45,0
S01011465,Flat maisonette or apartment or mobile/temporary accommodation,258,40,16,24,218,210,8
S01011466,All people in households,592,266,84,182,326,277,49
S01011466,Whole house or bungalow: Total,264,184,52,132,80,50,30
S01011466,Whole house or bungalow: Detached,39,27,3,24,12,1,11
S01011466,Whole house or bungalow: Semi-detached,142,104,36,68,38,30,8
S01011466,Whole house or bungalow: Terraced (including end-terrace),83,53,13,40,30,19,11
S01011466,Flat maisonette or apartment or mobile/temporary accommodation,328,82,32,50,246,227,19
S01011467,All people in households,539,356,77,279,183,141,42
S01011467,Whole house or bungalow: Total,428,340,73,267,88,70,18
S01011467,Whole house or bungalow: Detached,140,137,7,130,3,0,3
S01011467,Whole house or bungalow: Semi-detached,122,91,23,68,31,26,5
S01011467,Whole house or bungalow: Terraced (including end-terrace),166,112,43,69,54,44,10
S01011467,Flat maisonette or apartment or mobile/temporary accommodation,111,16,4,12,95,71,24
S01011468,All people in households,915,799,72,727,116,22,94
S01011468,Whole house or bungalow: Total,848,763,70,693,85,19,66
S01011468,Whole house or bungalow: Detached,503,480,51,429,23,1,22
S01011468,Whole house or bungalow: Semi-detached,235,204,15,189,31,1,30
S01011468,Whole house or bungalow: Terraced (including end-terrace),110,79,4,75,31,17,14
S01011468,Flat maisonette or apartment or mobile/temporary accommodation,67,36,2,34,31,3,28
S01011469,All people in households,859,320,39,281,539,441,98
S01011469,Whole house or bungalow: Total,721,310,38,272,411,350,61
S01011469,Whole house or bungalow: Detached,193,160,14,146,33,21,12
S01011469,Whole house or bungalow: Semi-detached,124,52,5,47,72,54,18
S01011469,Whole house or bungalow: Terraced (including end-terrace),404,98,19,79,306,275,31
S01011469,Flat maisonette or apartment or mobile/temporary accommodation,138,10,1,9,128,91,37
S01011470,All people in households,1099,650,189,461,449,369,80
S01011470,Whole house or bungalow: Total,846,547,158,389,299,264,35
S01011470,Whole house or bungalow: Detached,212,195,26,169,17,11,6
S01011470,Whole house or bungalow: Semi-detached,340,241,87,154,99,83,16
S01011470,Whole house or bungalow: Terraced (including end-terrace),294,111,45,66,183,170,13
S01011470,Flat maisonette or apartment or mobile/temporary accommodation,253,103,31,72,150,105,45
S01011471,All people in households,869,578,236,342,291,227,64
S01011471,Whole house or bungalow: Total,540,438,181,257,102,86,16
S01011471,Whole house or bungalow: Detached,105,93,42,51,12,4,8
S01011471,Whole house or bungalow: Semi-detached,174,166,56,110,8,4,4
S01011471,Whole house or bungalow: Terraced (including end-terrace),261,179,83,96,82,78,4
S01011471,Flat maisonette or apartment or mobile/temporary accommodation,329,140,55,85,189,141,48
S01011472,All people in households,880,295,98,197,585,531,54
S01011472,Whole house or bungalow: Total,346,275,97,178,71,56,15
S01011472,Whole house or bungalow: Detached,45,37,9,28,8,3,5
S01011472,Whole house or bungalow: Semi-detached,96,80,30,50,16,14,2
S01011472,Whole house or bungalow: Terraced (including end-terrace),205,158,58,100,47,39,8
S01011472,Flat maisonette or apartment or mobile/temporary accommodation,534,20,1,19,514,475,39
S01011473,All people in households,662,169,64,105,493,441,52
S01011473,Whole house or bungalow: Total,168,114,43,71,54,48,6
S01011473,Whole house or bungalow: Detached,20,16,3,13,4,0,4
S01011473,Whole house or bungalow: Semi-detached,35,15,12,3,20,20,0
S01011473,Whole house or bungalow: Terraced (including end-terrace),113,83,28,55,30,28,2
S01011473,Flat maisonette or apartment or mobile/temporary accommodation,494,55,21,34,439,393,46
S01011474,All people in households,798,223,75,148,575,445,130
S01011474,Whole house or bungalow: Total,136,95,19,76,41,18,23
S01011474,Whole house or bungalow: Detached,11,8,4,4,3,0,3
S01011474,Whole house or bungalow: Semi-detached,46,33,11,22,13,2,11
S01011474,Whole house or bungalow: Terraced (including end-terrace),79,54,4,50,25,16,9
S01011474,Flat maisonette or apartment or mobile/temporary accommodation,662,128,56,72,534,427,107
S01011475,All people in households,605,85,27,58,520,487,33
S01011475,Whole house or bungalow: Total,93,49,13,36,44,32,12
S01011475,Whole house or bungalow: Detached,18,18,2,16,0,0,0
S01011475,Whole house or bungalow: Semi-detached,14,7,1,6,7,7,0
S01011475,Whole house or bungalow: Terraced (including end-terrace),61,24,10,14,37,25,12
S01011475,Flat maisonette or apartment or mobile/temporary accommodation,512,36,14,22,476,455,21
S01011476,All people in households,487,448,185,263,39,15,24
S01011476,Whole house or bungalow: Total,470,438,183,255,32,8,24
S01011476,Whole house or bungalow: Detached,105,105,44,61,0,0,0
S01011476,Whole house or bungalow: Semi-detached,317,294,129,165,23,6,17
S01011476,Whole house or bungalow: Terraced (including end-terrace),48,39,10,29,9,2,7
S01011476,Flat maisonette or apartment or mobile/temporary accommodation,17,10,2,8,7,7,0
S01011477,All people in households,851,813,350,463,38,22,16
S01011477,Whole house or bungalow: Total,836,808,345,463,28,12,16
S01011477,Whole house or bungalow: Detached,444,438,186,252,6,3,3
S01011477,Whole house or bungalow: Semi-detached,375,362,158,204,13,0,13
S01011477,Whole house or bungalow: Terraced (including end-terrace),17,8,1,7,9,9,0
S01011477,Flat maisonette or apartment or mobile/temporary accommodation,15,5,5,0,10,10,0
S01011478,All people in households,1060,933,291,642,127,34,93
S01011478,Whole house or bungalow: Total,869,812,237,575,57,16,41
S01011478,Whole house or bungalow: Detached,391,374,97,277,17,0,17
S01011478,Whole house or bungalow: Semi-detached,452,424,137,287,28,6,22
S01011478,Whole house or bungalow: Terraced (including end-terrace),26,14,3,11,12,10,2
S01011478,Flat maisonette or apartment or mobile/temporary accommodation,191,121,54,67,70,18,52
S01011479,All people in households,783,672,305,367,111,28,83
S01011479,Whole house or bungalow: Total,477,435,207,228,42,13,29
S01011479,Whole house or bungalow: Detached,113,108,46,62,5,2,3
S01011479,Whole house or bungalow: Semi-detached,341,310,157,153,31,8,23
S01011479,Whole house or bungalow: Terraced (including end-terrace),23,17,4,13,6,3,3
S01011479,Flat maisonette or apartment or mobile/temporary accommodation,306,237,98,139,69,15,54
S01011480,All people in households,1019,870,327,543,149,30,119
S01011480,Whole house or bungalow: Total,708,643,234,409,65,16,49
S01011480,Whole house or bungalow: Detached,142,129,46,83,13,0,13
S01011480,Whole house or bungalow: Semi-detached,525,475,179,296,50,16,34
S01011480,Whole house or bungalow: Terraced (including end-terrace),41,39,9,30,2,0,2
S01011480,Flat maisonette or apartment or mobile/temporary accommodation,311,227,93,134,84,14,70
S01011481,All people in households,812,667,118,549,145,103,42
S01011481,Whole house or bungalow: Total,660,591,96,495,69,48,21
S01011481,Whole house or bungalow: Detached,372,366,34,332,6,0,6
S01011481,Whole house or bungalow: Semi-detached,133,110,29,81,23,12,11
S01011481,Whole house or bungalow: Terraced (including end-terrace),155,115,33,82,40,36,4
S01011481,Flat maisonette or apartment or mobile/temporary accommodation,152,76,22,54,76,55,21
S01011482,All people in households,895,464,183,281,431,339,92
S01011482,Whole house or bungalow: Total,537,358,135,223,179,143,36
S01011482,Whole house or bungalow: Detached,35,32,16,16,3,3,0
S01011482,Whole house or bungalow: Semi-detached,155,108,40,68,47,37,10
S01011482,Whole house or bungalow: Terraced (including end-terrace),347,218,79,139,129,103,26
S01011482,Flat maisonette or apartment or mobile/temporary accommodation,358,106,48,58,252,196,56
S01011483,All people in households,531,494,174,320,37,10,27
S01011483,Whole house or bungalow: Total,494,471,164,307,23,4,19
S01011483,Whole house or bungalow: Detached,220,218,89,129,2,0,2
S01011483,Whole house or bungalow: Semi-detached,253,238,71,167,15,0,15
S01011483,Whole house or bungalow: Terraced (including end-terrace),21,15,4,11,6,4,2
S01011483,Flat maisonette or apartment or mobile/temporary accommodation,37,23,10,13,14,6,8
S01011484,All people in households,865,402,106,296,463,434,29
S01011484,Whole house or bungalow: Total,538,272,73,199,266,245,21
S01011484,Whole house or bungalow: Detached,29,14,5,9,15,10,5
S01011484,Whole house or bungalow: Semi-detached,245,146,39,107,99,90,9
S01011484,Whole house or bungalow: Terraced (including end-terrace),264,112,29,83,152,145,7
S01011484,Flat maisonette or apartment or mobile/temporary accommodation,327,130,33,97,197,189,8
S01011485,All people in households,965,396,108,288,569,481,88
S01011485,Whole house or bungalow: Total,906,372,100,272,534,450,84
S01011485,Whole house or bungalow: Detached,36,22,2,20,14,6,8
S01011485,Whole house or bungalow: Semi-detached,205,94,32,62,111,87,24
S01011485,Whole house or bungalow: Terraced (including end-terrace),665,256,66,190,409,357,52
S01011485,Flat maisonette or apartment or mobile/temporary accommodation,59,24,8,16,35,31,4
S01011486,All people in households,562,175,72,103,387,366,21
S01011486,Whole house or bungalow: Total,431,151,68,83,280,273,7
S01011486,Whole house or bungalow: Detached,18,11,9,2,7,7,0
S01011486,Whole house or bungalow: Semi-detached,204,94,36,58,110,103,7
S01011486,Whole house or bungalow: Terraced (including end-terrace),209,46,23,23,163,163,0
S01011486,Flat maisonette or apartment or mobile/temporary accommodation,131,24,4,20,107,93,14
S01011487,All people in households,1090,448,93,355,642,576,66
S01011487,Whole house or bungalow: Total,936,438,91,347,498,438,60
S01011487,Whole house or bungalow: Detached,55,28,12,16,27,11,16
S01011487,Whole house or bungalow: Semi-detached,505,258,52,206,247,223,24
S01011487,Whole house or bungalow: Terraced (including end-terrace),376,152,27,125,224,204,20
S01011487,Flat maisonette or apartment or mobile/temporary accommodation,154,10,2,8,144,138,6
S01011488,All people in households,697,299,101,198,398,359,39
S01011488,Whole house or bungalow: Total,513,232,88,144,281,248,33
S01011488,Whole house or bungalow: Detached,25,11,4,7,14,12,2
S01011488,Whole house or bungalow: Semi-detached,150,83,41,42,67,57,10
S01011488,Whole house or bungalow: Terraced (including end-terrace),338,138,43,95,200,179,21
S01011488,Flat maisonette or apartment or mobile/temporary accommodation,184,67,13,54,117,111,6
S01011489,All people in households,750,584,39,545,166,141,25
S01011489,Whole house or bungalow: Total,698,564,28,536,134,111,23
S01011489,Whole house or bungalow: Detached,283,278,23,255,5,1,4
S01011489,Whole house or bungalow: Semi-detached,331,236,5,231,95,79,16
S01011489,Whole house or bungalow: Terraced (including end-terrace),84,50,0,50,34,31,3
S01011489,Flat maisonette or apartment or mobile/temporary accommodation,52,20,11,9,32,30,2
S01011490,All people in households,956,565,126,439,391,300,91
S01011490,Whole house or bungalow: Total,530,447,89,358,83,23,60
S01011490,Whole house or bungalow: Detached,59,50,8,42,9,3,6
S01011490,Whole house or bungalow: Semi-detached,284,246,39,207,38,7,31
S01011490,Whole house or bungalow: Terraced (including end-terrace),187,151,42,109,36,13,23
S01011490,Flat maisonette or apartment or mobile/temporary accommodation,426,118,37,81,308,277,31
S01011491,All people in households,514,188,55,133,326,303,23
S01011491,Whole house or bungalow: Total,222,138,37,101,84,75,9
S01011491,Whole house or bungalow: Detached,25,20,4,16,5,3,2
S01011491,Whole house or bungalow: Semi-detached,111,87,27,60,24,18,6
S01011491,Whole house or bungalow: Terraced (including end-terrace),86,31,6,25,55,54,1
S01011491,Flat maisonette or apartment or mobile/temporary accommodation,292,50,18,32,242,228,14
S01011492,All people in households,760,208,40,168,552,244,308
S01011492,Whole house or bungalow: Total,186,85,26,59,101,81,20
S01011492,Whole house or bungalow: Detached,30,18,7,11,12,4,8
S01011492,Whole house or bungalow: Semi-detached,60,42,16,26,18,16,2
S01011492,Whole house or bungalow: Terraced (including end-terrace),96,25,3,22,71,61,10
S01011492,Flat maisonette or apartment or mobile/temporary accommodation,574,123,14,109,451,163,288
S01011493,All people in households,545,530,61,469,15,8,7
S01011493,Whole house or bungalow: Total,541,526,61,465,15,8,7
S01011493,Whole house or bungalow: Detached,209,203,28,175,6,0,6
S01011493,Whole house or bungalow: Semi-detached,302,301,33,268,1,0,1
S01011493,Whole house or bungalow: Terraced (including end-terrace),30,22,0,22,8,8,0
S01011493,Flat maisonette or apartment or mobile/temporary accommodation,4,4,0,4,0,0,0
S01011494,All people in households,729,433,107,326,296,265,31
S01011494,Whole house or bungalow: Total,489,373,85,288,116,105,11
S01011494,Whole house or bungalow: Detached,71,50,5,45,21,16,5
S01011494,Whole house or bungalow: Semi-detached,181,161,35,126,20,16,4
S01011494,Whole house or bungalow: Terraced (including end-terrace),237,162,45,117,75,73,2
S01011494,Flat maisonette or apartment or mobile/temporary accommodation,240,60,22,38,180,160,20
S01011495,All people in households,812,340,113,227,472,417,55
S01011495,Whole house or bungalow: Total,557,252,79,173,305,277,28
S01011495,Whole house or bungalow: Detached,61,49,20,29,12,11,1
S01011495,Whole house or bungalow: Semi-detached,161,53,21,32,108,93,15
S01011495,Whole house or bungalow: Terraced (including end-terrace),335,150,38,112,185,173,12
S01011495,Flat maisonette or apartment or mobile/temporary accommodation,255,88,34,54,167,140,27
S01011496,All people in households,649,116,28,88,533,513,20
S01011496,Whole house or bungalow: Total,258,104,27,77,154,137,17
S01011496,Whole house or bungalow: Detached,22,18,4,14,4,2,2
S01011496,Whole house or bungalow: Semi-detached,112,45,18,27,67,60,7
S01011496,Whole house or bungalow: Terraced (including end-terrace),124,41,5,36,83,75,8
S01011496,Flat maisonette or apartment or mobile/temporary accommodation,391,12,1,11,379,376,3
S01011497,All people in households,617,518,114,404,99,30,69
S01011497,Whole house or bungalow: Total,497,453,101,352,44,15,29
S01011497,Whole house or bungalow: Detached,209,198,56,142,11,3,8
S01011497,Whole house or bungalow: Semi-detached,209,192,33,159,17,3,14
S01011497,Whole house or bungalow: Terraced (including end-terrace),79,63,12,51,16,9,7
S01011497,Flat maisonette or apartment or mobile/temporary accommodation,120,65,13,52,55,15,40
S01011498,All people in households,672,623,119,504,49,26,23
S01011498,Whole house or bungalow: Total,637,598,105,493,39,23,16
S01011498,Whole house or bungalow: Detached,230,225,51,174,5,0,5
S01011498,Whole house or bungalow: Semi-detached,267,239,45,194,28,17,11
S01011498,Whole house or bungalow: Terraced (including end-terrace),140,134,9,125,6,6,0
S01011498,Flat maisonette or apartment or mobile/temporary accommodation,35,25,14,11,10,3,7
S01011499,All people in households,806,598,144,454,208,149,59
S01011499,Whole house or bungalow: Total,614,518,126,392,96,78,18
S01011499,Whole house or bungalow: Detached,159,152,57,95,7,5,2
S01011499,Whole house or bungalow: Semi-detached,307,272,44,228,35,24,11
S01011499,Whole house or bungalow: Terraced (including end-terrace),148,94,25,69,54,49,5
S01011499,Flat maisonette or apartment or mobile/temporary accommodation,192,80,18,62,112,71,41
S01011500,All people in households,512,375,135,240,137,107,30
S01011500,Whole house or bungalow: Total,450,371,134,237,79,53,26
S01011500,Whole house or bungalow: Detached,20,18,10,8,2,2,0
S01011500,Whole house or bungalow: Semi-detached,241,225,90,135,16,8,8
S01011500,Whole house or bungalow: Terraced (including end-terrace),189,128,34,94,61,43,18
S01011500,Flat maisonette or apartment or mobile/temporary accommodation,62,4,1,3,58,54,4
S01011501,All people in households,673,241,69,172,432,384,48
S01011501,Whole house or bungalow: Total,362,167,52,115,195,175,20
S01011501,Whole house or bungalow: Detached,13,13,3,10,0,0,0
S01011501,Whole house or bungalow: Semi-detached,64,37,3,34,27,19,8
S01011501,Whole house or bungalow: Terraced (including end-terrace),285,117,46,71,168,156,12
S01011501,Flat maisonette or apartment or mobile/temporary accommodation,311,74,17,57,237,209,28
S01011502,All people in households,755,469,123,346,286,267,19
S01011502,Whole house or bungalow: Total,734,465,121,344,269,254,15
S01011502,Whole house or bungalow: Detached,22,15,6,9,7,7,0
S01011502,Whole house or bungalow: Semi-detached,189,105,24,81,84,81,3
S01011502,Whole house or bungalow: Terraced (including end-terrace),523,345,91,254,178,166,12
S01011502,Flat maisonette or apartment or mobile/temporary accommodation,21,4,2,2,17,13,4
S01011503,All people in households,641,446,137,309,195,161,34
S01011503,Whole house or bungalow: Total,571,415,126,289,156,123,33
S01011503,Whole house or bungalow: Detached,38,30,10,20,8,1,7
S01011503,Whole house or bungalow: Semi-detached,87,68,30,38,19,15,4
S01011503,Whole house or bungalow: Terraced (including end-terrace),446,317,86,231,129,107,22
S01011503,Flat maisonette or apartment or mobile/temporary accommodation,70,31,11,20,39,38,1
S01011504,All people in households,578,440,168,272,138,107,31
S01011504,Whole house or bungalow: Total,448,372,145,227,76,51,25
S01011504,Whole house or bungalow: Detached,52,47,14,33,5,1,4
S01011504,Whole house or bungalow: Semi-detached,298,262,119,143,36,19,17
S01011504,Whole house or bungalow: Terraced (including end-terrace),98,63,12,51,35,31,4
S01011504,Flat maisonette or apartment or mobile/temporary accommodation,130,68,23,45,62,56,6
S01011505,All people in households,698,328,65,263,370,285,85
S01011505,Whole house or bungalow: Total,203,157,16,141,46,32,14
S01011505,Whole house or bungalow: Detached,76,76,6,70,0,0,0
S01011505,Whole house or bungalow: Semi-detached,94,66,3,63,28,19,9
S01011505,Whole house or bungalow: Terraced (including end-terrace),33,15,7,8,18,13,5
S01011505,Flat maisonette or apartment or mobile/temporary accommodation,495,171,49,122,324,253,71
S01011506,All people in households,503,371,138,233,132,116,16
S01011506,Whole house or bungalow: Total,430,330,124,206,100,91,9
S01011506,Whole house or bungalow: Detached,16,15,10,5,1,1,0
S01011506,Whole house or bungalow: Semi-detached,316,251,99,152,65,57,8
S01011506,Whole house or bungalow: Terraced (including end-terrace),98,64,15,49,34,33,1
S01011506,Flat maisonette or apartment or mobile/temporary accommodation,73,41,14,27,32,25,7
S01011507,All people in households,612,378,131,247,234,207,27
S01011507,Whole house or bungalow: Total,547,351,123,228,196,178,18
S01011507,Whole house or bungalow: Detached,52,45,21,24,7,2,5
S01011507,Whole house or bungalow: Semi-detached,275,179,59,120,96,87,9
S01011507,Whole house or bungalow: Terraced (including end-terrace),220,127,43,84,93,89,4
S01011507,Flat maisonette or apartment or mobile/temporary accommodation,65,27,8,19,38,29,9
S01011508,All people in households,962,626,135,491,336,215,121
S01011508,Whole house or bungalow: Total,629,545,123,422,84,50,34
S01011508,Whole house or bungalow: Detached,44,42,8,34,2,0,2
S01011508,Whole house or bungalow: Semi-detached,450,411,93,318,39,13,26
S01011508,Whole house or bungalow: Terraced (including end-terrace),135,92,22,70,43,37,6
S01011508,Flat maisonette or apartment or mobile/temporary accommodation,333,81,12,69,252,165,87
S01011509,All people in households,610,470,144,326,140,114,26
S01011509,Whole house or bungalow: Total,551,464,140,324,87,66,21
S01011509,Whole house or bungalow: Detached,18,17,4,13,1,1,0
S01011509,Whole house or bungalow: Semi-detached,271,247,91,156,24,16,8
S01011509,Whole house or bungalow: Terraced (including end-terrace),262,200,45,155,62,49,13
S01011509,Flat maisonette or apartment or mobile/temporary accommodation,59,6,4,2,53,48,5
S01011510,All people in households,1122,549,154,395,573,480,93
S01011510,Whole house or bungalow: Total,770,476,139,337,294,225,69
S01011510,Whole house or bungalow: Detached,36,25,16,9,11,11,0
S01011510,Whole house or bungalow: Semi-detached,389,270,87,183,119,81,38
S01011510,Whole house or bungalow: Terraced (including end-terrace),345,181,36,145,164,133,31
S01011510,Flat maisonette or apartment or mobile/temporary accommodation,352,73,15,58,279,255,24
S01011511,All people in households,524,237,75,162,287,275,12
S01011511,Whole house or bungalow: Total,277,173,56,117,104,96,8
S01011511,Whole house or bungalow: Detached,0,0,0,0,0,0,0
S01011511,Whole house or bungalow: Semi-detached,73,35,9,26,38,37,1
S01011511,Whole house or bungalow: Terraced (including end-terrace),204,138,47,91,66,59,7
S01011511,Flat maisonette or apartment or mobile/temporary accommodation,247,64,19,45,183,179,4
S01011512,All people in households,951,234,42,192,717,685,32
S01011512,Whole house or bungalow: Total,465,215,42,173,250,226,24
S01011512,Whole house or bungalow: Detached,23,8,1,7,15,13,2
S01011512,Whole house or bungalow: Semi-detached,120,36,8,28,84,81,3
S01011512,Whole house or bungalow: Terraced (including end-terrace),322,171,33,138,151,132,19
S01011512,Flat maisonette or apartment or mobile/temporary accommodation,486,19,0,19,467,459,8
S01011513,All people in households,774,319,101,218,455,420,35
S01011513,Whole house or bungalow: Total,402,246,76,170,156,136,20
S01011513,Whole house or bungalow: Detached,39,21,7,14,18,13,5
S01011513,Whole house or bungalow: Semi-detached,78,45,20,25,33,28,5
S01011513,Whole house or bungalow: Terraced (including end-terrace),285,180,49,131,105,95,10
S01011513,Flat maisonette or apartment or mobile/temporary accommodation,372,73,25,48,299,284,15
S01011514,All people in households,954,422,115,307,532,512,20
S01011514,Whole house or bungalow: Total,880,413,114,299,467,448,19
S01011514,Whole house or bungalow: Detached,41,25,10,15,16,16,0
S01011514,Whole house or bungalow: Semi-detached,164,64,16,48,100,95,5
S01011514,Whole house or bungalow: Terraced (including end-terrace),675,324,88,236,351,337,14
S01011514,Flat maisonette or apartment or mobile/temporary accommodation,74,9,1,8,65,64,1
S01011515,All people in households,522,412,99,313,110,26,84
S01011515,Whole house or bungalow: Total,383,339,82,257,44,25,19
S01011515,Whole house or bungalow: Detached,37,37,7,30,0,0,0
S01011515,Whole house or bungalow: Semi-detached,206,186,45,141,20,8,12
S01011515,Whole house or bungalow: Terraced (including end-terrace),140,116,30,86,24,17,7
S01011515,Flat maisonette or apartment or mobile/temporary accommodation,139,73,17,56,66,1,65
S01011516,All people in households,887,786,183,603,101,29,72
S01011516,Whole house or bungalow: Total,819,738,177,561,81,19,62
S01011516,Whole house or bungalow: Detached,290,261,81,180,29,0,29
S01011516,Whole house or bungalow: Semi-detached,413,393,85,308,20,6,14
S01011516,Whole house or bungalow: Terraced (including end-terrace),116,84,11,73,32,13,19
S01011516,Flat maisonette or apartment or mobile/temporary accommodation,68,48,6,42,20,10,10
S01011517,All people in households,565,396,125,271,169,140,29
S01011517,Whole house or bungalow: Total,553,396,125,271,157,128,29
S01011517,Whole house or bungalow: Detached,57,38,13,25,19,19,0
S01011517,Whole house or bungalow: Semi-detached,148,106,26,80,42,31,11
S01011517,Whole house or bungalow: Terraced (including end-terrace),348,252,86,166,96,78,18
S01011517,Flat maisonette or apartment or mobile/temporary accommodation,12,0,0,0,12,12,0
S01011518,All people in households,661,344,93,251,317,286,31
S01011518,Whole house or bungalow: Total,559,332,85,247,227,208,19
S01011518,Whole house or bungalow: Detached,15,12,4,8,3,0,3
S01011518,Whole house or bungalow: Semi-detached,94,53,14,39,41,32,9
S01011518,Whole house or bungalow: Terraced (including end-terrace),450,267,67,200,183,176,7
S01011518,Flat maisonette or apartment or mobile/temporary accommodation,102,12,8,4,90,78,12
S01011519,All people in households,781,443,151,292,338,305,33
S01011519,Whole house or bungalow: Total,764,434,150,284,330,299,31
S01011519,Whole house or bungalow: Detached,30,8,1,7,22,21,1
S01011519,Whole house or bungalow: Semi-detached,82,47,4,43,35,32,3
S01011519,Whole house or bungalow: Terraced (including end-terrace),652,379,145,234,273,246,27
S01011519,Flat maisonette or apartment or mobile/temporary accommodation,17,9,1,8,8,6,2
S01011520,All people in households,596,203,37,166,393,376,17
S01011520,Whole house or bungalow: Total,426,193,37,156,233,220,13
S01011520,Whole house or bungalow: Detached,28,15,5,10,13,11,2
S01011520,Whole house or bungalow: Semi-detached,50,8,2,6,42,38,4
S01011520,Whole house or bungalow: Terraced (including end-terrace),348,170,30,140,178,171,7
S01011520,Flat maisonette or apartment or mobile/temporary accommodation,170,10,0,10,160,156,4
S01011521,All people in households,967,426,129,297,541,435,106
S01011521,Whole house or bungalow: Total,411,263,83,180,148,130,18
S01011521,Whole house or bungalow: Detached,98,81,28,53,17,14,3
S01011521,Whole house or bungalow: Semi-detached,182,119,39,80,63,48,15
S01011521,Whole house or bungalow: Terraced (including end-terrace),131,63,16,47,68,68,0
S01011521,Flat maisonette or apartment or mobile/temporary accommodation,556,163,46,117,393,305,88
S01011522,All people in households,891,431,97,334,460,371,89
S01011522,Whole house or bungalow: Total,287,211,37,174,76,63,13
S01011522,Whole house or bungalow: Detached,112,109,17,92,3,0,3
S01011522,Whole house or bungalow: Semi-detached,130,77,18,59,53,53,0
S01011522,Whole house or bungalow: Terraced (including end-terrace),45,25,2,23,20,10,10
S01011522,Flat maisonette or apartment or mobile/temporary accommodation,604,220,60,160,384,308,76
S01011523,All people in households,741,387,84,303,354,233,121
S01011523,Whole house or bungalow: Total,569,335,74,261,234,178,56
S01011523,Whole house or bungalow: Detached,45,24,9,15,21,13,8
S01011523,Whole house or bungalow: Semi-detached,78,36,11,25,42,31,11
S01011523,Whole house or bungalow: Terraced (including end-terrace),446,275,54,221,171,134,37
S01011523,Flat maisonette or apartment or mobile/temporary accommodation,172,52,10,42,120,55,65
S01011524,All people in households,890,735,180,555,155,109,46
S01011524,Whole house or bungalow: Total,727,628,147,481,99,78,21
S01011524,Whole house or bungalow: Detached,105,102,22,80,3,3,0
S01011524,Whole house or bungalow: Semi-detached,408,383,91,292,25,13,12
S01011524,Whole house or bungalow: Terraced (including end-terrace),214,143,34,109,71,62,9
S01011524,Flat maisonette or apartment or mobile/temporary accommodation,163,107,33,74,56,31,25
S01011525,All people in households,873,704,112,592,169,125,44
S01011525,Whole house or bungalow: Total,809,669,106,563,140,116,24
S01011525,Whole house or bungalow: Detached,334,320,19,301,14,2,12
S01011525,Whole house or bungalow: Semi-detached,83,70,14,56,13,13,0
S01011525,Whole house or bungalow: Terraced (including end-terrace),392,279,73,206,113,101,12
S01011525,Flat maisonette or apartment or mobile/temporary accommodation,64,35,6,29,29,9,20
S01011526,All people in households,1018,723,177,546,295,206,89
S01011526,Whole house or bungalow: Total,903,679,176,503,224,175,49
S01011526,Whole house or bungalow: Detached,75,74,10,64,1,1,0
S01011526,Whole house or bungalow: Semi-detached,117,71,19,52,46,32,14
S01011526,Whole house or bungalow: Terraced (including end-terrace),711,534,147,387,177,142,35
S01011526,Flat maisonette or apartment or mobile/temporary accommodation,115,44,1,43,71,31,40
S01011527,All people in households,704,575,217,358,129,88,41
S01011527,Whole house or bungalow: Total,663,566,216,350,97,75,22
S01011527,Whole house or bungalow: Detached,248,241,61,180,7,4,3
S01011527,Whole house or bungalow: Semi-detached,246,227,124,103,19,3,16
S01011527,Whole house or bungalow: Terraced (including end-terrace),169,98,31,67,71,68,3
S01011527,Flat maisonette or apartment or mobile/temporary accommodation,41,9,1,8,32,13,19
S01011528,All people in households,974,488,203,285,486,409,77
S01011528,Whole house or bungalow: Total,582,379,167,212,203,152,51
S01011528,Whole house or bungalow: Detached,72,49,27,22,23,4,19
S01011528,Whole house or bungalow: Semi-detached,268,189,86,103,79,62,17
S01011528,Whole house or bungalow: Terraced (including end-terrace),242,141,54,87,101,86,15
S01011528,Flat maisonette or apartment or mobile/temporary accommodation,392,109,36,73,283,257,26
S01011529,All people in households,529,190,56,134,339,304,35
S01011529,Whole house or bungalow: Total,186,126,34,92,60,52,8
S01011529,Whole house or bungalow: Detached,11,11,0,11,0,0,0
S01011529,Whole house or bungalow: Semi-detached,16,8,0,8,8,8,0
S01011529,Whole house or bungalow: Terraced (including end-terrace),159,107,34,73,52,44,8
S01011529,Flat maisonette or apartment or mobile/temporary accommodation,343,64,22,42,279,252,27
S01011530,All people in households,947,510,141,369,437,397,40
S01011530,Whole house or bungalow: Total,603,419,120,299,184,171,13
S01011530,Whole house or bungalow: Detached,62,52,16,36,10,4,6
S01011530,Whole house or bungalow: Semi-detached,139,90,26,64,49,47,2
S01011530,Whole house or bungalow: Terraced (including end-terrace),402,277,78,199,125,120,5
S01011530,Flat maisonette or apartment or mobile/temporary accommodation,344,91,21,70,253,226,27
S01011531,All people in households,1100,836,214,622,264,159,105
S01011531,Whole house or bungalow: Total,915,733,197,536,182,124,58
S01011531,Whole house or bungalow: Detached,433,381,69,312,52,8,44
S01011531,Whole house or bungalow: Semi-detached,418,331,128,203,87,73,14
S01011531,Whole house or bungalow: Terraced (including end-terrace),64,21,0,21,43,43,0
S01011531,Flat maisonette or apartment or mobile/temporary accommodation,185,103,17,86,82,35,47
S01011532,All people in households,652,562,76,486,90,45,45
S01011532,Whole house or bungalow: Total,598,546,71,475,52,23,29
S01011532,Whole house or bungalow: Detached,474,440,61,379,34,7,27
S01011532,Whole house or bungalow: Semi-detached,110,100,9,91,10,8,2
S01011532,Whole house or bungalow: Terraced (including end-terrace),14,6,1,5,8,8,0
S01011532,Flat maisonette or apartment or mobile/temporary accommodation,54,16,5,11,38,22,16
S01011533,All people in households,626,257,98,159,369,343,26
S01011533,Whole house or bungalow: Total,217,162,56,106,55,49,6
S01011533,Whole house or bungalow: Detached,38,37,15,22,1,1,0
S01011533,Whole house or bungalow: Semi-detached,131,92,34,58,39,37,2
S01011533,Whole house or bungalow: Terraced (including end-terrace),48,33,7,26,15,11,4
S01011533,Flat maisonette or apartment or mobile/temporary accommodation,409,95,42,53,314,294,20
S01011534,All people in households,766,432,116,316,334,289,45
S01011534,Whole house or bungalow: Total,653,396,104,292,257,215,42
S01011534,Whole house or bungalow: Detached,79,72,20,52,7,5,2
S01011534,Whole house or bungalow: Semi-detached,476,266,74,192,210,176,34
S01011534,Whole house or bungalow: Terraced (including end-terrace),98,58,10,48,40,34,6
S01011534,Flat maisonette or apartment or mobile/temporary accommodation,113,36,12,24,77,74,3
S01011535,All people in households,862,233,90,143,629,606,23
S01011535,Whole house or bungalow: Total,471,208,82,126,263,252,11
S01011535,Whole house or bungalow: Detached,47,46,11,35,1,1,0
S01011535,Whole house or bungalow: Semi-detached,195,81,32,49,114,110,4
S01011535,Whole house or bungalow: Terraced (including end-terrace),229,81,39,42,148,141,7
S01011535,Flat maisonette or apartment or mobile/temporary accommodation,391,25,8,17,366,354,12
S01011536,All people in households,674,627,202,425,47,20,27
S01011536,Whole house or bungalow: Total,607,577,190,387,30,13,17
S01011536,Whole house or bungalow: Detached,284,273,96,177,11,2,9
S01011536,Whole house or bungalow: Semi-detached,286,277,88,189,9,3,6
S01011536,Whole house or bungalow: Terraced (including end-terrace),37,27,6,21,10,8,2
S01011536,Flat maisonette or apartment or mobile/temporary accommodation,67,50,12,38,17,7,10
S01011537,All people in households,530,474,87,387,56,6,50
S01011537,Whole house or bungalow: Total,441,416,70,346,25,3,22
S01011537,Whole house or bungalow: Detached,59,58,18,40,1,0,1
S01011537,Whole house or bungalow: Semi-detached,170,162,31,131,8,0,8
S01011537,Whole house or bungalow: Terraced (including end-terrace),212,196,21,175,16,3,13
S01011537,Flat maisonette or apartment or mobile/temporary accommodation,89,58,17,41,31,3,28
S01011538,All people in households,655,603,219,384,52,10,42
S01011538,Whole house or bungalow: Total,641,600,219,381,41,3,38
S01011538,Whole house or bungalow: Detached,242,225,78,147,17,0,17
S01011538,Whole house or bungalow: Semi-detached,292,278,117,161,14,3,11
S01011538,Whole house or bungalow: Terraced (including end-terrace),107,97,24,73,10,0,10
S01011538,Flat maisonette or apartment or mobile/temporary accommodation,14,3,0,3,11,7,4
S01011539,All people in households,738,418,124,294,320,292,28
S01011539,Whole house or bungalow: Total,492,309,94,215,183,177,6
S01011539,Whole house or bungalow: Detached,17,17,4,13,0,0,0
S01011539,Whole house or bungalow: Semi-detached,108,72,21,51,36,36,0
S01011539,Whole house or bungalow: Terraced (including end-terrace),367,220,69,151,147,141,6
S01011539,Flat maisonette or apartment or mobile/temporary accommodation,246,109,30,79,137,115,22
S01011540,All people in households,1052,703,155,548,349,296,53
S01011540,Whole house or bungalow: Total,973,665,148,517,308,266,42
S01011540,Whole house or bungalow: Detached,35,28,4,24,7,5,2
S01011540,Whole house or bungalow: Semi-detached,372,269,52,217,103,88,15
S01011540,Whole house or bungalow: Terraced (including end-terrace),566,368,92,276,198,173,25
S01011540,Flat maisonette or apartment or mobile/temporary accommodation,79,38,7,31,41,30,11
S01011541,All people in households,937,366,92,274,571,538,33
S01011541,Whole house or bungalow: Total,916,365,91,274,551,520,31
S01011541,Whole house or bungalow: Detached,22,6,1,5,16,16,0
S01011541,Whole house or bungalow: Semi-detached,178,37,19,18,141,136,5
S01011541,Whole house or bungalow: Terraced (including end-terrace),716,322,71,251,394,368,26
S01011541,Flat maisonette or apartment or mobile/temporary accommodation,21,1,1,0,20,18,2
S01011542,All people in households,929,517,140,377,412,383,29
S01011542,Whole house or bungalow: Total,905,508,135,373,397,372,25
S01011542,Whole house or bungalow: Detached,28,11,2,9,17,16,1
S01011542,Whole house or bungalow: Semi-detached,136,79,34,45,57,55,2
S01011542,Whole house or bungalow: Terraced (including end-terrace),741,418,99,319,323,301,22
S01011542,Flat maisonette or apartment or mobile/temporary accommodation,24,9,5,4,15,11,4
S01011543,All people in households,810,320,44,276,490,469,21
S01011543,Whole house or bungalow: Total,791,315,44,271,476,455,21
S01011543,Whole house or bungalow: Detached,26,9,2,7,17,17,0
S01011543,Whole house or bungalow: Semi-detached,179,84,13,71,95,95,0
S01011543,Whole house or bungalow: Terraced (including end-terrace),586,222,29,193,364,343,21
S01011543,Flat maisonette or apartment or mobile/temporary accommodation,19,5,0,5,14,14,0
S01011544,All people in households,673,370,67,303,303,288,15
S01011544,Whole house or bungalow: Total,648,361,67,294,287,274,13
S01011544,Whole house or bungalow: Detached,29,21,3,18,8,8,0
S01011544,Whole house or bungalow: Semi-detached,169,83,14,69,86,83,3
S01011544,Whole house or bungalow: Terraced (including end-terrace),450,257,50,207,193,183,10
S01011544,Flat maisonette or apartment or mobile/temporary accommodation,25,9,0,9,16,14,2
S01011545,All people in households,572,350,98,252,222,207,15
S01011545,Whole house or bungalow: Total,546,342,98,244,204,192,12
S01011545,Whole house or bungalow: Detached,10,6,4,2,4,4,0
S01011545,Whole house or bungalow: Semi-detached,82,47,15,32,35,35,0
S01011545,Whole house or bungalow: Terraced (including end-terrace),454,289,79,210,165,153,12
S01011545,Flat maisonette or apartment or mobile/temporary accommodation,26,8,0,8,18,15,3
S01011546,All people in households,747,726,77,649,21,10,11
S01011546,Whole house or bungalow: Total,727,717,77,640,10,2,8
S01011546,Whole house or bungalow: Detached,540,535,55,480,5,0,5
S01011546,Whole house or bungalow: Semi-detached,150,147,18,129,3,0,3
S01011546,Whole house or bungalow: Terraced (including end-terrace),37,35,4,31,2,2,0
S01011546,Flat maisonette or apartment or mobile/temporary accommodation,20,9,0,9,11,8,3
S01011547,All people in households,609,551,65,486,58,14,44
S01011547,Whole house or bungalow: Total,599,547,65,482,52,8,44
S01011547,Whole house or bungalow: Detached,257,241,34,207,16,0,16
S01011547,Whole house or bungalow: Semi-detached,264,246,24,222,18,3,15
S01011547,Whole house or bungalow: Terraced (including end-terrace),78,60,7,53,18,5,13
S01011547,Flat maisonette or apartment or mobile/temporary accommodation,10,4,0,4,6,6,0
S01011548,All people in households,746,582,190,392,164,116,48
S01011548,Whole house or bungalow: Total,673,544,177,367,129,91,38
S01011548,Whole house or bungalow: Detached,24,24,11,13,0,0,0
S01011548,Whole house or bungalow: Semi-detached,310,264,90,174,46,36,10
S01011548,Whole house or bungalow: Terraced (including end-terrace),339,256,76,180,83,55,28
S01011548,Flat maisonette or apartment or mobile/temporary accommodation,73,38,13,25,35,25,10
S01011549,All people in households,801,714,301,413,87,69,18
S01011549,Whole house or bungalow: Total,785,711,298,413,74,59,15
S01011549,Whole house or bungalow: Detached,136,133,57,76,3,0,3
S01011549,Whole house or bungalow: Semi-detached,525,484,218,266,41,33,8
S01011549,Whole house or bungalow: Terraced (including end-terrace),124,94,23,71,30,26,4
S01011549,Flat maisonette or apartment or mobile/temporary accommodation,16,3,3,0,13,10,3
S01011550,All people in households,714,686,298,388,28,19,9
S01011550,Whole house or bungalow: Total,687,668,292,376,19,10,9
S01011550,Whole house or bungalow: Detached,225,220,113,107,5,0,5
S01011550,Whole house or bungalow: Semi-detached,429,422,172,250,7,3,4
S01011550,Whole house or bungalow: Terraced (including end-terrace),33,26,7,19,7,7,0
S01011550,Flat maisonette or apartment or mobile/temporary accommodation,27,18,6,12,9,9,0
S01011551,All people in households,548,424,137,287,124,91,33
S01011551,Whole house or bungalow: Total,501,411,134,277,90,70,20
S01011551,Whole house or bungalow: Detached,109,106,46,60,3,2,1
S01011551,Whole house or bungalow: Semi-detached,221,180,51,129,41,30,11
S01011551,Whole house or bungalow: Terraced (including end-terrace),171,125,37,88,46,38,8
S01011551,Flat maisonette or apartment or mobile/temporary accommodation,47,13,3,10,34,21,13
S01011552,All people in households,703,646,205,441,57,28,29
S01011552,Whole house or bungalow: Total,690,638,204,434,52,23,29
S01011552,Whole house or bungalow: Detached,92,82,25,57,10,0,10
S01011552,Whole house or bungalow: Semi-detached,400,372,118,254,28,14,14
S01011552,Whole house or bungalow: Terraced (including end-terrace),198,184,61,123,14,9,5
S01011552,Flat maisonette or apartment or mobile/temporary accommodation,13,8,1,7,5,5,0
S01011553,All people in households,857,770,83,687,87,25,62
S01011553,Whole house or bungalow: Total,802,737,75,662,65,11,54
S01011553,Whole house or bungalow: Detached,755,707,67,640,48,8,40
S01011553,Whole house or bungalow: Semi-detached,36,22,6,16,14,0,14
S01011553,Whole house or bungalow: Terraced (including end-terrace),11,8,2,6,3,3,0
S01011553,Flat maisonette or apartment or mobile/temporary accommodation,55,33,8,25,22,14,8
S01011554,All people in households,855,637,205,432,218,184,34
S01011554,Whole house or bungalow: Total,667,515,176,339,152,134,18
S01011554,Whole house or bungalow: Detached,133,120,51,69,13,4,9
S01011554,Whole house or bungalow: Semi-detached,56,41,19,22,15,14,1
S01011554,Whole house or bungalow: Terraced (including end-terrace),478,354,106,248,124,116,8
S01011554,Flat maisonette or apartment or mobile/temporary accommodation,188,122,29,93,66,50,16
S01011555,All people in households,552,305,62,243,247,215,32
S01011555,Whole house or bungalow: Total,100,79,12,67,21,14,7
S01011555,Whole house or bungalow: Detached,29,24,4,20,5,0,5
S01011555,Whole house or bungalow: Semi-detached,10,7,0,7,3,3,0
S01011555,Whole house or bungalow: Terraced (including end-terrace),61,48,8,40,13,11,2
S01011555,Flat maisonette or apartment or mobile/temporary accommodation,452,226,50,176,226,201,25
S01011556,All people in households,507,266,85,181,241,208,33
S01011556,Whole house or bungalow: Total,72,40,9,31,32,27,5
S01011556,Whole house or bungalow: Detached,29,25,2,23,4,2,2
S01011556,Whole house or bungalow: Semi-detached,25,12,6,6,13,13,0
S01011556,Whole house or bungalow: Terraced (including end-terrace),18,3,1,2,15,12,3
S01011556,Flat maisonette or apartment or mobile/temporary accommodation,435,226,76,150,209,181,28
S01011557,All people in households,750,461,110,351,289,246,43
S01011557,Whole house or bungalow: Total,726,451,105,346,275,232,43
S01011557,Whole house or bungalow: Detached,24,11,0,11,13,13,0
S01011557,Whole house or bungalow: Semi-detached,206,124,43,81,82,71,11
S01011557,Whole house or bungalow: Terraced (including end-terrace),496,316,62,254,180,148,32
S01011557,Flat maisonette or apartment or mobile/temporary accommodation,24,10,5,5,14,14,0
S01011558,All people in households,577,277,58,219,300,279,21
S01011558,Whole house or bungalow: Total,482,274,58,216,208,187,21
S01011558,Whole house or bungalow: Detached,37,25,0,25,12,10,2
S01011558,Whole house or bungalow: Semi-detached,131,77,14,63,54,51,3
S01011558,Whole house or bungalow: Terraced (including end-terrace),314,172,44,128,142,126,16
S01011558,Flat maisonette or apartment or mobile/temporary accommodation,95,3,0,3,92,92,0
S01011559,All people in households,620,330,79,251,290,261,29
S01011559,Whole house or bungalow: Total,419,265,60,205,154,138,16
S01011559,Whole house or bungalow: Detached,11,10,0,10,1,1,0
S01011559,Whole house or bungalow: Semi-detached,143,92,29,63,51,41,10
S01011559,Whole house or bungalow: Terraced (including end-terrace),265,163,31,132,102,96,6
S01011559,Flat maisonette or apartment or mobile/temporary accommodation,201,65,19,46,136,123,13
S01011560,All people in households,757,444,79,365,313,291,22
S01011560,Whole house or bungalow: Total,588,378,68,310,210,197,13
S01011560,Whole house or bungalow: Detached,14,9,5,4,5,5,0
S01011560,Whole house or bungalow: Semi-detached,188,120,27,93,68,67,1
S01011560,Whole house or bungalow: Terraced (including end-terrace),386,249,36,213,137,125,12
S01011560,Flat maisonette or apartment or mobile/temporary accommodation,169,66,11,55,103,94,9
S01011561,All people in households,834,451,110,341,383,343,40
S01011561,Whole house or bungalow: Total,640,413,99,314,227,203,24
S01011561,Whole house or bungalow: Detached,23,2,0,2,21,16,5
S01011561,Whole house or bungalow: Semi-detached,227,153,40,113,74,65,9
S01011561,Whole house or bungalow: Terraced (including end-terrace),390,258,59,199,132,122,10
S01011561,Flat maisonette or apartment or mobile/temporary accommodation,194,38,11,27,156,140,16
S01011562,All people in households,647,186,29,157,461,427,34
S01011562,Whole house or bungalow: Total,566,165,28,137,401,373,28
S01011562,Whole house or bungalow: Detached,36,6,0,6,30,30,0
S01011562,Whole house or bungalow: Semi-detached,262,89,14,75,173,160,13
S01011562,Whole house or bungalow: Terraced (including end-terrace),268,70,14,56,198,183,15
S01011562,Flat maisonette or apartment or mobile/temporary accommodation,81,21,1,20,60,54,6
S01011563,All people in households,762,268,77,191,494,459,35
S01011563,Whole house or bungalow: Total,637,198,45,153,439,407,32
S01011563,Whole house or bungalow: Detached,51,25,5,20,26,18,8
S01011563,Whole house or bungalow: Semi-detached,314,71,15,56,243,229,14
S01011563,Whole house or bungalow: Terraced (including end-terrace),272,102,25,77,170,160,10
S01011563,Flat maisonette or apartment or mobile/temporary accommodation,125,70,32,38,55,52,3
S01011564,All people in households,966,683,152,531,283,222,61
S01011564,Whole house or bungalow: Total,911,673,150,523,238,178,60
S01011564,Whole house or bungalow: Detached,130,107,25,82,23,11,12
S01011564,Whole house or bungalow: Semi-detached,335,265,43,222,70,51,19
S01011564,Whole house or bungalow: Terraced (including end-terrace),446,301,82,219,145,116,29
S01011564,Flat maisonette or apartment or mobile/temporary accommodation,55,10,2,8,45,44,1
S01011565,All people in households,952,537,82,455,415,341,74
S01011565,Whole house or bungalow: Total,906,512,81,431,394,332,62
S01011565,Whole house or bungalow: Detached,84,62,9,53,22,7,15
S01011565,Whole house or bungalow: Semi-detached,305,155,16,139,150,132,18
S01011565,Whole house or bungalow: Terraced (including end-terrace),517,295,56,239,222,193,29
S01011565,Flat maisonette or apartment or mobile/temporary accommodation,46,25,1,24,21,9,12
S01011566,All people in households,917,398,104,294,519,460,59
S01011566,Whole house or bungalow: Total,564,359,89,270,205,158,47
S01011566,Whole house or bungalow: Detached,19,11,2,9,8,8,0
S01011566,Whole house or bungalow: Semi-detached,146,92,27,65,54,45,9
S01011566,Whole house or bungalow: Terraced (including end-terrace),399,256,60,196,143,105,38
S01011566,Flat maisonette or apartment or mobile/temporary accommodation,353,39,15,24,314,302,12
S01011567,All people in households,965,579,209,370,386,349,37
S01011567,Whole house or bungalow: Total,875,569,208,361,306,274,32
S01011567,Whole house or bungalow: Detached,28,14,8,6,14,11,3
S01011567,Whole house or bungalow: Semi-detached,194,114,26,88,80,77,3
S01011567,Whole house or bungalow: Terraced (including end-terrace),653,441,174,267,212,186,26
S01011567,Flat maisonette or apartment or mobile/temporary accommodation,90,10,1,9,80,75,5
S01011568,All people in households,847,672,143,529,175,123,52
S01011568,Whole house or bungalow: Total,824,671,143,528,153,101,52
S01011568,Whole house or bungalow: Detached,33,23,2,21,10,2,8
S01011568,Whole house or bungalow: Semi-detached,389,337,69,268,52,33,19
S01011568,Whole house or bungalow: Terraced (including end-terrace),402,311,72,239,91,66,25
S01011568,Flat maisonette or apartment or mobile/temporary accommodation,23,1,0,1,22,22,0
S01011569,All people in households,958,703,214,489,255,205,50
S01011569,Whole house or bungalow: Total,673,542,155,387,131,106,25
S01011569,Whole house or bungalow: Detached,55,46,15,31,9,3,6
S01011569,Whole house or bungalow: Semi-detached,325,267,52,215,58,44,14
S01011569,Whole house or bungalow: Terraced (including end-terrace),293,229,88,141,64,59,5
S01011569,Flat maisonette or apartment or mobile/temporary accommodation,285,161,59,102,124,99,25
S01011570,All people in households,690,398,132,266,292,203,89
S01011570,Whole house or bungalow: Total,149,115,43,72,34,26,8
S01011570,Whole house or bungalow: Detached,11,11,2,9,0,0,0
S01011570,Whole house or bungalow: Semi-detached,45,33,15,18,12,4,8
S01011570,Whole house or bungalow: Terraced (including end-terrace),93,71,26,45,22,22,0
S01011570,Flat maisonette or apartment or mobile/temporary accommodation,541,283,89,194,258,177,81
S01011571,All people in households,649,205,40,165,444,386,58
S01011571,Whole house or bungalow: Total,59,51,16,35,8,8,0
S01011571,Whole house or bungalow: Detached,13,13,8,5,0,0,0
S01011571,Whole house or bungalow: Semi-detached,26,24,4,20,2,2,0
S01011571,Whole house or bungalow: Terraced (including end-terrace),20,14,4,10,6,6,0
S01011571,Flat maisonette or apartment or mobile/temporary accommodation,590,154,24,130,436,378,58
S01011572,All people in households,588,270,90,180,318,234,84
S01011572,Whole house or bungalow: Total,183,159,58,101,24,24,0
S01011572,Whole house or bungalow: Detached,79,79,28,51,0,0,0
S01011572,Whole house or bungalow: Semi-detached,60,51,18,33,9,9,0
S01011572,Whole house or bungalow: Terraced (including end-terrace),44,29,12,17,15,15,0
S01011572,Flat maisonette or apartment or mobile/temporary accommodation,405,111,32,79,294,210,84
S01011573,All people in households,1084,831,89,742,253,196,57
S01011573,Whole house or bungalow: Total,794,708,59,649,86,72,14
S01011573,Whole house or bungalow: Detached,298,288,11,277,10,10,0
S01011573,Whole house or bungalow: Semi-detached,410,364,36,328,46,35,11
S01011573,Whole house or bungalow: Terraced (including end-terrace),86,56,12,44,30,27,3
S01011573,Flat maisonette or apartment or mobile/temporary accommodation,290,123,30,93,167,124,43
S01011574,All people in households,795,628,95,533,167,114,53
S01011574,Whole house or bungalow: Total,769,617,88,529,152,102,50
S01011574,Whole house or bungalow: Detached,139,127,5,122,12,6,6
S01011574,Whole house or bungalow: Semi-detached,263,217,28,189,46,23,23
S01011574,Whole house or bungalow: Terraced (including end-terrace),367,273,55,218,94,73,21
S01011574,Flat maisonette or apartment or mobile/temporary accommodation,26,11,7,4,15,12,3
S01011575,All people in households,533,336,65,271,197,130,67
S01011575,Whole house or bungalow: Total,478,319,57,262,159,121,38
S01011575,Whole house or bungalow: Detached,121,103,0,103,18,8,10
S01011575,Whole house or bungalow: Semi-detached,118,83,10,73,35,21,14
S01011575,Whole house or bungalow: Terraced (including end-terrace),239,133,47,86,106,92,14
S01011575,Flat maisonette or apartment or mobile/temporary accommodation,55,17,8,9,38,9,29
S01011576,All people in households,779,191,65,126,588,565,23
S01011576,Whole house or bungalow: Total,321,146,49,97,175,163,12
S01011576,Whole house or bungalow: Detached,17,10,0,10,7,7,0
S01011576,Whole house or bungalow: Semi-detached,103,43,22,21,60,60,0
S01011576,Whole house or bungalow: Terraced (including end-terrace),201,93,27,66,108,96,12
S01011576,Flat maisonette or apartment or mobile/temporary accommodation,458,45,16,29,413,402,11
S01011577,All people in households,702,438,98,340,264,160,104
S01011577,Whole house or bungalow: Total,377,333,50,283,44,13,31
S01011577,Whole house or bungalow: Detached,130,116,18,98,14,0,14
S01011577,Whole house or bungalow: Semi-detached,211,191,29,162,20,8,12
S01011577,Whole house or bungalow: Terraced (including end-terrace),36,26,3,23,10,5,5
S01011577,Flat maisonette or apartment or mobile/temporary accommodation,325,105,48,57,220,147,73
S01011578,All people in households,826,425,75,350,401,371,30
S01011578,Whole house or bungalow: Total,360,338,50,288,22,13,9
S01011578,Whole house or bungalow: Detached,121,116,9,107,5,3,2
S01011578,Whole house or bungalow: Semi-detached,192,186,32,154,6,3,3
S01011578,Whole house or bungalow: Terraced (including end-terrace),47,36,9,27,11,7,4
S01011578,Flat maisonette or apartment or mobile/temporary accommodation,466,87,25,62,379,358,21
S01011579,All people in households,1089,1014,369,645,75,23,52
S01011579,Whole house or bungalow: Total,1029,976,352,624,53,9,44
S01011579,Whole house or bungalow: Detached,481,450,151,299,31,0,31
S01011579,Whole house or bungalow: Semi-detached,389,380,144,236,9,4,5
S01011579,Whole house or bungalow: Terraced (including end-terrace),159,146,57,89,13,5,8
S01011579,Flat maisonette or apartment or mobile/temporary accommodation,60,38,17,21,22,14,8
S01011580,All people in households,766,451,89,362,315,260,55
S01011580,Whole house or bungalow: Total,374,332,43,289,42,29,13
S01011580,Whole house or bungalow: Detached,262,251,32,219,11,0,11
S01011580,Whole house or bungalow: Semi-detached,44,32,7,25,12,10,2
S01011580,Whole house or bungalow: Terraced (including end-terrace),68,49,4,45,19,19,0
S01011580,Flat maisonette or apartment or mobile/temporary accommodation,392,119,46,73,273,231,42
S01011581,All people in households,789,290,88,202,499,436,63
S01011581,Whole house or bungalow: Total,192,145,31,114,47,33,14
S01011581,Whole house or bungalow: Detached,40,35,15,20,5,4,1
S01011581,Whole house or bungalow: Semi-detached,98,84,13,71,14,8,6
S01011581,Whole house or bungalow: Terraced (including end-terrace),54,26,3,23,28,21,7
S01011581,Flat maisonette or apartment or mobile/temporary accommodation,597,145,57,88,452,403,49
S01011582,All people in households,1072,955,362,593,117,19,98
S01011582,Whole house or bungalow: Total,726,687,270,417,39,9,30
S01011582,Whole house or bungalow: Detached,163,153,65,88,10,0,10
S01011582,Whole house or bungalow: Semi-detached,452,434,174,260,18,9,9
S01011582,Whole house or bungalow: Terraced (including end-terrace),111,100,31,69,11,0,11
S01011582,Flat maisonette or apartment or mobile/temporary accommodation,346,268,92,176,78,10,68
S01011583,All people in households,672,371,109,262,301,203,98
S01011583,Whole house or bungalow: Total,240,182,72,110,58,32,26
S01011583,Whole house or bungalow: Detached,28,18,14,4,10,0,10
S01011583,Whole house or bungalow: Semi-detached,59,50,17,33,9,7,2
S01011583,Whole house or bungalow: Terraced (including end-terrace),153,114,41,73,39,25,14
S01011583,Flat maisonette or apartment or mobile/temporary accommodation,432,189,37,152,243,171,72
S01011584,All people in households,708,458,111,347,250,204,46
S01011584,Whole house or bungalow: Total,400,310,73,237,90,76,14
S01011584,Whole house or bungalow: Detached,23,20,10,10,3,3,0
S01011584,Whole house or bungalow: Semi-detached,72,46,6,40,26,21,5
S01011584,Whole house or bungalow: Terraced (including end-terrace),305,244,57,187,61,52,9
S01011584,Flat maisonette or apartment or mobile/temporary accommodation,308,148,38,110,160,128,32
S01011585,All people in households,719,453,149,304,266,183,83
S01011585,Whole house or bungalow: Total,272,218,81,137,54,46,8
S01011585,Whole house or bungalow: Detached,15,14,2,12,1,0,1
S01011585,Whole house or bungalow: Semi-detached,83,67,22,45,16,12,4
S01011585,Whole house or bungalow: Terraced (including end-terrace),174,137,57,80,37,34,3
S01011585,Flat maisonette or apartment or mobile/temporary accommodation,447,235,68,167,212,137,75
S01011586,All people in households,556,285,87,198,271,201,70
S01011586,Whole house or bungalow: Total,181,113,39,74,68,61,7
S01011586,Whole house or bungalow: Detached,23,19,8,11,4,0,4
S01011586,Whole house or bungalow: Semi-detached,108,74,29,45,34,34,0
S01011586,Whole house or bungalow: Terraced (including end-terrace),50,20,2,18,30,27,3
S01011586,Flat maisonette or apartment or mobile/temporary accommodation,375,172,48,124,203,140,63
S01011587,All people in households,575,260,64,196,315,274,41
S01011587,Whole house or bungalow: Total,224,140,27,113,84,59,25
S01011587,Whole house or bungalow: Detached,24,20,4,16,4,2,2
S01011587,Whole house or bungalow: Semi-detached,77,45,12,33,32,26,6
S01011587,Whole house or bungalow: Terraced (including end-terrace),123,75,11,64,48,31,17
S01011587,Flat maisonette or apartment or mobile/temporary accommodation,351,120,37,83,231,215,16
S01011588,All people in households,792,426,143,283,366,314,52
S01011588,Whole house or bungalow: Total,650,375,128,247,275,227,48
S01011588,Whole house or bungalow: Detached,33,22,11,11,11,11,0
S01011588,Whole house or bungalow: Semi-detached,520,313,112,201,207,164,43
S01011588,Whole house or bungalow: Terraced (including end-terrace),97,40,5,35,57,52,5
S01011588,Flat maisonette or apartment or mobile/temporary accommodation,142,51,15,36,91,87,4
S01011589,All people in households,868,645,215,430,223,196,27
S01011589,Whole house or bungalow: Total,744,586,195,391,158,134,24
S01011589,Whole house or bungalow: Detached,60,56,24,32,4,4,0
S01011589,Whole house or bungalow: Semi-detached,332,260,81,179,72,56,16
S01011589,Whole house or bungalow: Terraced (including end-terrace),352,270,90,180,82,74,8
S01011589,Flat maisonette or apartment or mobile/temporary accommodation,124,59,20,39,65,62,3
S01011590,All people in households,689,379,101,278,310,287,23
S01011590,Whole house or bungalow: Total,627,364,96,268,263,240,23
S01011590,Whole house or bungalow: Detached,16,11,2,9,5,5,0
S01011590,Whole house or bungalow: Semi-detached,354,243,75,168,111,102,9
S01011590,Whole house or bungalow: Terraced (including end-terrace),257,110,19,91,147,133,14
S01011590,Flat maisonette or apartment or mobile/temporary accommodation,62,15,5,10,47,47,0
S01011591,All people in households,597,301,57,244,296,264,32
S01011591,Whole house or bungalow: Total,453,289,55,234,164,133,31
S01011591,Whole house or bungalow: Detached,20,7,2,5,13,6,7
S01011591,Whole house or bungalow: Semi-detached,143,102,29,73,41,36,5
S01011591,Whole house or bungalow: Terraced (including end-terrace),290,180,24,156,110,91,19
S01011591,Flat maisonette or apartment or mobile/temporary accommodation,144,12,2,10,132,131,1
S01011592,All people in households,705,220,50,170,485,391,94
S01011592,Whole house or bungalow: Total,63,50,15,35,13,10,3
S01011592,Whole house or bungalow: Detached,17,16,5,11,1,1,0
S01011592,Whole house or bungalow: Semi-detached,26,20,6,14,6,5,1
S01011592,Whole house or bungalow: Terraced (including end-terrace),20,14,4,10,6,4,2
S01011592,Flat maisonette or apartment or mobile/temporary accommodation,642,170,35,135,472,381,91
S01011593,All people in households,717,511,138,373,206,169,37
S01011593,Whole house or bungalow: Total,371,329,66,263,42,20,22
S01011593,Whole house or bungalow: Detached,124,115,20,95,9,0,9
S01011593,Whole house or bungalow: Semi-detached,146,132,20,112,14,7,7
S01011593,Whole house or bungalow: Terraced (including end-terrace),101,82,26,56,19,13,6
S01011593,Flat maisonette or apartment or mobile/temporary accommodation,346,182,72,110,164,149,15
S01011594,All people in households,438,284,108,176,154,112,42
S01011594,Whole house or bungalow: Total,158,139,65,74,19,12,7
S01011594,Whole house or bungalow: Detached,78,77,45,32,1,1,0
S01011594,Whole house or bungalow: Semi-detached,37,33,18,15,4,4,0
S01011594,Whole house or bungalow: Terraced (including end-terrace),43,29,2,27,14,7,7
S01011594,Flat maisonette or apartment or mobile/temporary accommodation,280,145,43,102,135,100,35
S01011595,All people in households,596,483,159,324,113,9,104
S01011595,Whole house or bungalow: Total,303,297,113,184,6,0,6
S01011595,Whole house or bungalow: Detached,65,61,24,37,4,0,4
S01011595,Whole house or bungalow: Semi-detached,152,150,49,101,2,0,2
S01011595,Whole house or bungalow: Terraced (including end-terrace),86,86,40,46,0,0,0
S01011595,Flat maisonette or apartment or mobile/temporary accommodation,293,186,46,140,107,9,98
S01011596,All people in households,980,653,233,420,327,124,203
S01011596,Whole house or bungalow: Total,429,365,135,230,64,37,27
S01011596,Whole house or bungalow: Detached,77,71,22,49,6,4,2
S01011596,Whole house or bungalow: Semi-detached,113,109,42,67,4,4,0
S01011596,Whole house or bungalow: Terraced (including end-terrace),239,185,71,114,54,29,25
S01011596,Flat maisonette or apartment or mobile/temporary accommodation,551,288,98,190,263,87,176
S01011597,All people in households,525,413,84,329,112,21,91
S01011597,Whole house or bungalow: Total,329,309,68,241,20,0,20
S01011597,Whole house or bungalow: Detached,7,7,3,4,0,0,0
S01011597,Whole house or bungalow: Semi-detached,171,155,35,120,16,0,16
S01011597,Whole house or bungalow: Terraced (including end-terrace),151,147,30,117,4,0,4
S01011597,Flat maisonette or apartment or mobile/temporary accommodation,196,104,16,88,92,21,71
S01011598,All people in households,785,57,14,43,728,717,11
S01011598,Whole house or bungalow: Total,53,32,5,27,21,15,6
S01011598,Whole house or bungalow: Detached,14,14,1,13,0,0,0
S01011598,Whole house or bungalow: Semi-detached,11,7,1,6,4,0,4
S01011598,Whole house or bungalow: Terraced (including end-terrace),28,11,3,8,17,15,2
S01011598,Flat maisonette or apartment or mobile/temporary accommodation,732,25,9,16,707,702,5
S01011599,All people in households,823,556,172,384,267,172,95
S01011599,Whole house or bungalow: Total,261,229,63,166,32,14,18
S01011599,Whole house or bungalow: Detached,19,19,3,16,0,0,0
S01011599,Whole house or bungalow: Semi-detached,153,134,52,82,19,9,10
S01011599,Whole house or bungalow: Terraced (including end-terrace),89,76,8,68,13,5,8
S01011599,Flat maisonette or apartment or mobile/temporary accommodation,562,327,109,218,235,158,77
S01011600,All people in households,737,425,168,257,312,189,123
S01011600,Whole house or bungalow: Total,244,189,91,98,55,42,13
S01011600,Whole house or bungalow: Detached,11,11,3,8,0,0,0
S01011600,Whole house or bungalow: Semi-detached,109,76,34,42,33,30,3
S01011600,Whole house or bungalow: Terraced (including end-terrace),124,102,54,48,22,12,10
S01011600,Flat maisonette or apartment or mobile/temporary accommodation,493,236,77,159,257,147,110
S01011601,All people in households,848,752,131,621,96,23,73
S01011601,Whole house or bungalow: Total,808,737,126,611,71,7,64
S01011601,Whole house or bungalow: Detached,200,200,57,143,0,0,0
S01011601,Whole house or bungalow: Semi-detached,506,450,54,396,56,5,51
S01011601,Whole house or bungalow: Terraced (including end-terrace),102,87,15,72,15,2,13
S01011601,Flat maisonette or apartment or mobile/temporary accommodation,40,15,5,10,25,16,9
S01011602,All people in households,614,310,127,183,304,281,23
S01011602,Whole house or bungalow: Total,387,282,114,168,105,87,18
S01011602,Whole house or bungalow: Detached,32,26,20,6,6,2,4
S01011602,Whole house or bungalow: Semi-detached,86,68,26,42,18,13,5
S01011602,Whole house or bungalow: Terraced (including end-terrace),269,188,68,120,81,72,9
S01011602,Flat maisonette or apartment or mobile/temporary accommodation,227,28,13,15,199,194,5
S01011603,All people in households,791,349,115,234,442,380,62
S01011603,Whole house or bungalow: Total,306,223,59,164,83,56,27
S01011603,Whole house or bungalow: Detached,16,13,4,9,3,3,0
S01011603,Whole house or bungalow: Semi-detached,49,34,5,29,15,11,4
S01011603,Whole house or bungalow: Terraced (including end-terrace),241,176,50,126,65,42,23
S01011603,Flat maisonette or apartment or mobile/temporary accommodation,485,126,56,70,359,324,35
S01011604,All people in households,690,353,87,266,337,320,17
S01011604,Whole house or bungalow: Total,448,341,87,254,107,94,13
S01011604,Whole house or bungalow: Detached,18,14,0,14,4,2,2
S01011604,Whole house or bungalow: Semi-detached,75,57,10,47,18,18,0
S01011604,Whole house or bungalow: Terraced (including end-terrace),355,270,77,193,85,74,11
S01011604,Flat maisonette or apartment or mobile/temporary accommodation,242,12,0,12,230,226,4
S01011605,All people in households,844,616,194,422,228,172,56
S01011605,Whole house or bungalow: Total,743,599,190,409,144,98,46
S01011605,Whole house or bungalow: Detached,40,34,12,22,6,3,3
S01011605,Whole house or bungalow: Semi-detached,236,185,72,113,51,28,23
S01011605,Whole house or bungalow: Terraced (including end-terrace),467,380,106,274,87,67,20
S01011605,Flat maisonette or apartment or mobile/temporary accommodation,101,17,4,13,84,74,10
S01011606,All people in households,1001,925,94,831,76,44,32
S01011606,Whole house or bungalow: Total,958,906,91,815,52,21,31
S01011606,Whole house or bungalow: Detached,466,451,45,406,15,6,9
S01011606,Whole house or bungalow: Semi-detached,471,440,44,396,31,9,22
S01011606,Whole house or bungalow: Terraced (including end-terrace),21,15,2,13,6,6,0
S01011606,Flat maisonette or apartment or mobile/temporary accommodation,43,19,3,16,24,23,1
S01011607,All people in households,569,530,162,368,39,8,31
S01011607,Whole house or bungalow: Total,495,478,154,324,17,6,11
S01011607,Whole house or bungalow: Detached,89,89,16,73,0,0,0
S01011607,Whole house or bungalow: Semi-detached,384,375,132,243,9,2,7
S01011607,Whole house or bungalow: Terraced (including end-terrace),22,14,6,8,8,4,4
S01011607,Flat maisonette or apartment or mobile/temporary accommodation,74,52,8,44,22,2,20
S01011608,All people in households,945,825,167,658,120,32,88
S01011608,Whole house or bungalow: Total,843,779,161,618,64,15,49
S01011608,Whole house or bungalow: Detached,413,385,61,324,28,0,28
S01011608,Whole house or bungalow: Semi-detached,368,341,90,251,27,6,21
S01011608,Whole house or bungalow: Terraced (including end-terrace),62,53,10,43,9,9,0
S01011608,Flat maisonette or apartment or mobile/temporary accommodation,102,46,6,40,56,17,39
S01011609,All people in households,970,250,81,169,720,647,73
S01011609,Whole house or bungalow: Total,325,131,42,89,194,174,20
S01011609,Whole house or bungalow: Detached,28,13,6,7,15,9,6
S01011609,Whole house or bungalow: Semi-detached,186,70,17,53,116,106,10
S01011609,Whole house or bungalow: Terraced (including end-terrace),111,48,19,29,63,59,4
S01011609,Flat maisonette or apartment or mobile/temporary accommodation,645,119,39,80,526,473,53
S01011610,All people in households,833,324,63,261,509,447,62
S01011610,Whole house or bungalow: Total,585,296,49,247,289,244,45
S01011610,Whole house or bungalow: Detached,26,13,6,7,13,13,0
S01011610,Whole house or bungalow: Semi-detached,266,154,6,148,112,93,19
S01011610,Whole house or bungalow: Terraced (including end-terrace),293,129,37,92,164,138,26
S01011610,Flat maisonette or apartment or mobile/temporary accommodation,248,28,14,14,220,203,17
S01011611,All people in households,626,527,141,386,99,52,47
S01011611,Whole house or bungalow: Total,575,508,140,368,67,24,43
S01011611,Whole house or bungalow: Detached,85,75,5,70,10,4,6
S01011611,Whole house or bungalow: Semi-detached,439,408,128,280,31,5,26
S01011611,Whole house or bungalow: Terraced (including end-terrace),51,25,7,18,26,15,11
S01011611,Flat maisonette or apartment or mobile/temporary accommodation,51,19,1,18,32,28,4
S01011612,All people in households,628,574,47,527,54,11,43
S01011612,Whole house or bungalow: Total,626,573,47,526,53,10,43
S01011612,Whole house or bungalow: Detached,523,487,39,448,36,3,33
S01011612,Whole house or bungalow: Semi-detached,97,82,8,74,15,5,10
S01011612,Whole house or bungalow: Terraced (including end-terrace),6,4,0,4,2,2,0
S01011612,Flat maisonette or apartment or mobile/temporary accommodation,2,1,0,1,1,1,0
S01011613,All people in households,940,848,341,507,92,28,64
S01011613,Whole house or bungalow: Total,900,831,340,491,69,11,58
S01011613,Whole house or bungalow: Detached,423,395,167,228,28,4,24
S01011613,Whole house or bungalow: Semi-detached,445,419,172,247,26,3,23
S01011613,Whole house or bungalow: Terraced (including end-terrace),32,17,1,16,15,4,11
S01011613,Flat maisonette or apartment or mobile/temporary accommodation,40,17,1,16,23,17,6
S01011614,All people in households,447,368,118,250,79,61,18
S01011614,Whole house or bungalow: Total,395,330,112,218,65,48,17
S01011614,Whole house or bungalow: Detached,151,140,22,118,11,0,11
S01011614,Whole house or bungalow: Semi-detached,100,92,34,58,8,8,0
S01011614,Whole house or bungalow: Terraced (including end-terrace),144,98,56,42,46,40,6
S01011614,Flat maisonette or apartment or mobile/temporary accommodation,52,38,6,32,14,13,1
S01011615,All people in households,728,409,123,286,319,262,57
S01011615,Whole house or bungalow: Total,335,264,74,190,71,56,15
S01011615,Whole house or bungalow: Detached,39,32,9,23,7,0,7
S01011615,Whole house or bungalow: Semi-detached,171,152,34,118,19,17,2
S01011615,Whole house or bungalow: Terraced (including end-terrace),125,80,31,49,45,39,6
S01011615,Flat maisonette or apartment or mobile/temporary accommodation,393,145,49,96,248,206,42
S01011616,All people in households,423,185,74,111,238,186,52
S01011616,Whole house or bungalow: Total,249,146,55,91,103,74,29
S01011616,Whole house or bungalow: Detached,20,19,2,17,1,1,0
S01011616,Whole house or bungalow: Semi-detached,158,102,48,54,56,41,15
S01011616,Whole house or bungalow: Terraced (including end-terrace),71,25,5,20,46,32,14
S01011616,Flat maisonette or apartment or mobile/temporary accommodation,174,39,19,20,135,112,23
S01011617,All people in households,840,537,163,374,303,265,38
S01011617,Whole house or bungalow: Total,763,510,153,357,253,222,31
S01011617,Whole house or bungalow: Detached,20,19,4,15,1,1,0
S01011617,Whole house or bungalow: Semi-detached,205,116,48,68,89,81,8
S01011617,Whole house or bungalow: Terraced (including end-terrace),538,375,101,274,163,140,23
S01011617,Flat maisonette or apartment or mobile/temporary accommodation,77,27,10,17,50,43,7
S01011618,All people in households,654,397,120,277,257,179,78
S01011618,Whole house or bungalow: Total,504,322,112,210,182,136,46
S01011618,Whole house or bungalow: Detached,32,20,3,17,12,11,1
S01011618,Whole house or bungalow: Semi-detached,205,122,39,83,83,56,27
S01011618,Whole house or bungalow: Terraced (including end-terrace),267,180,70,110,87,69,18
S01011618,Flat maisonette or apartment or mobile/temporary accommodation,150,75,8,67,75,43,32
S01011619,All people in households,1050,949,152,797,101,42,59
S01011619,Whole house or bungalow: Total,975,917,138,779,58,14,44
S01011619,Whole house or bungalow: Detached,355,343,42,301,12,0,12
S01011619,Whole house or bungalow: Semi-detached,467,448,53,395,19,0,19
S01011619,Whole house or bungalow: Terraced (including end-terrace),153,126,43,83,27,14,13
S01011619,Flat maisonette or apartment or mobile/temporary accommodation,75,32,14,18,43,28,15
S01011620,All people in households,1097,1016,107,909,81,35,46
S01011620,Whole house or bungalow: Total,1093,1014,105,909,79,33,46
S01011620,Whole house or bungalow: Detached,636,622,85,537,14,0,14
S01011620,Whole house or bungalow: Semi-detached,363,327,16,311,36,14,22
S01011620,Whole house or bungalow: Terraced (including end-terrace),94,65,4,61,29,19,10
S01011620,Flat maisonette or apartment or mobile/temporary accommodation,4,2,2,0,2,2,0
S01011621,All people in households,781,634,167,467,147,90,57
S01011621,Whole house or bungalow: Total,686,603,157,446,83,50,33
S01011621,Whole house or bungalow: Detached,108,105,30,75,3,2,1
S01011621,Whole house or bungalow: Semi-detached,109,91,18,73,18,15,3
S01011621,Whole house or bungalow: Terraced (including end-terrace),469,407,109,298,62,33,29
S01011621,Flat maisonette or apartment or mobile/temporary accommodation,95,31,10,21,64,40,24
S01011622,All people in households,649,583,81,502,66,18,48
S01011622,Whole house or bungalow: Total,631,573,75,498,58,10,48
S01011622,Whole house or bungalow: Detached,499,463,61,402,36,0,36
S01011622,Whole house or bungalow: Semi-detached,95,80,14,66,15,5,10
S01011622,Whole house or bungalow: Terraced (including end-terrace),37,30,0,30,7,5,2
S01011622,Flat maisonette or apartment or mobile/temporary accommodation,18,10,6,4,8,8,0
S01011623,All people in households,703,425,133,292,278,217,61
S01011623,Whole house or bungalow: Total,467,328,90,238,139,119,20
S01011623,Whole house or bungalow: Detached,70,68,17,51,2,0,2
S01011623,Whole house or bungalow: Semi-detached,132,74,29,45,58,58,0
S01011623,Whole house or bungalow: Terraced (including end-terrace),265,186,44,142,79,61,18
S01011623,Flat maisonette or apartment or mobile/temporary accommodation,236,97,43,54,139,98,41
S01011624,All people in households,722,570,82,488,152,94,58
S01011624,Whole house or bungalow: Total,526,466,56,410,60,19,41
S01011624,Whole house or bungalow: Detached,279,264,28,236,15,2,13
S01011624,Whole house or bungalow: Semi-detached,104,86,12,74,18,8,10
S01011624,Whole house or bungalow: Terraced (including end-terrace),143,116,16,100,27,9,18
S01011624,Flat maisonette or apartment or mobile/temporary accommodation,196,104,26,78,92,75,17
S01011625,All people in households,548,314,78,236,234,213,21
S01011625,Whole house or bungalow: Total,483,301,75,226,182,167,15
S01011625,Whole house or bungalow: Detached,21,14,4,10,7,4,3
S01011625,Whole house or bungalow: Semi-detached,175,103,33,70,72,72,0
S01011625,Whole house or bungalow: Terraced (including end-terrace),287,184,38,146,103,91,12
S01011625,Flat maisonette or apartment or mobile/temporary accommodation,65,13,3,10,52,46,6
S01011626,All people in households,811,741,115,626,70,26,44
S01011626,Whole house or bungalow: Total,733,689,105,584,44,12,32
S01011626,Whole house or bungalow: Detached,414,408,63,345,6,0,6
S01011626,Whole house or bungalow: Semi-detached,128,112,12,100,16,5,11
S01011626,Whole house or bungalow: Terraced (including end-terrace),191,169,30,139,22,7,15
S01011626,Flat maisonette or apartment or mobile/temporary accommodation,78,52,10,42,26,14,12
S01011627,All people in households,733,648,110,538,85,32,53
S01011627,Whole house or bungalow: Total,671,606,100,506,65,22,43
S01011627,Whole house or bungalow: Detached,339,321,62,259,18,0,18
S01011627,Whole house or bungalow: Semi-detached,181,162,32,130,19,2,17
S01011627,Whole house or bungalow: Terraced (including end-terrace),151,123,6,117,28,20,8
S01011627,Flat maisonette or apartment or mobile/temporary accommodation,62,42,10,32,20,10,10
S01011628,All people in households,1063,959,284,675,104,51,53
S01011628,Whole house or bungalow: Total,1038,949,281,668,89,39,50
S01011628,Whole house or bungalow: Detached,538,515,136,379,23,0,23
S01011628,Whole house or bungalow: Semi-detached,331,287,84,203,44,25,19
S01011628,Whole house or bungalow: Terraced (including end-terrace),169,147,61,86,22,14,8
S01011628,Flat maisonette or apartment or mobile/temporary accommodation,25,10,3,7,15,12,3
S01011629,All people in households,629,406,137,269,223,187,36
S01011629,Whole house or bungalow: Total,618,395,137,258,223,187,36
S01011629,Whole house or bungalow: Detached,31,19,5,14,12,6,6
S01011629,Whole house or bungalow: Semi-detached,289,199,69,130,90,68,22
S01011629,Whole house or bungalow: Terraced (including end-terrace),298,177,63,114,121,113,8
S01011629,Flat maisonette or apartment or mobile/temporary accommodation,11,11,0,11,0,0,0
S01011630,All people in households,639,424,137,287,215,179,36
S01011630,Whole house or bungalow: Total,629,417,137,280,212,176,36
S01011630,Whole house or bungalow: Detached,57,42,10,32,15,14,1
S01011630,Whole house or bungalow: Semi-detached,354,245,96,149,109,77,32
S01011630,Whole house or bungalow: Terraced (including end-terrace),218,130,31,99,88,85,3
S01011630,Flat maisonette or apartment or mobile/temporary accommodation,10,7,0,7,3,3,0
S01011631,All people in households,628,179,30,149,449,430,19
S01011631,Whole house or bungalow: Total,604,177,30,147,427,409,18
S01011631,Whole house or bungalow: Detached,37,11,2,9,26,26,0
S01011631,Whole house or bungalow: Semi-detached,213,63,12,51,150,142,8
S01011631,Whole house or bungalow: Terraced (including end-terrace),354,103,16,87,251,241,10
S01011631,Flat maisonette or apartment or mobile/temporary accommodation,24,2,0,2,22,21,1
S01011632,All people in households,754,363,99,264,391,348,43
S01011632,Whole house or bungalow: Total,728,355,97,258,373,338,35
S01011632,Whole house or bungalow: Detached,51,29,7,22,22,21,1
S01011632,Whole house or bungalow: Semi-detached,132,36,8,28,96,82,14
S01011632,Whole house or bungalow: Terraced (including end-terrace),545,290,82,208,255,235,20
S01011632,Flat maisonette or apartment or mobile/temporary accommodation,26,8,2,6,18,10,8
S01011633,All people in households,736,351,111,240,385,341,44
S01011633,Whole house or bungalow: Total,519,328,105,223,191,165,26
S01011633,Whole house or bungalow: Detached,25,15,2,13,10,8,2
S01011633,Whole house or bungalow: Semi-detached,122,62,23,39,60,50,10
S01011633,Whole house or bungalow: Terraced (including end-terrace),372,251,80,171,121,107,14
S01011633,Flat maisonette or apartment or mobile/temporary accommodation,217,23,6,17,194,176,18
S01011634,All people in households,565,212,41,171,353,302,51
S01011634,Whole house or bungalow: Total,485,187,35,152,298,280,18
S01011634,Whole house or bungalow: Detached,23,15,2,13,8,8,0
S01011634,Whole house or bungalow: Semi-detached,148,71,8,63,77,66,11
S01011634,Whole house or bungalow: Terraced (including end-terrace),314,101,25,76,213,206,7
S01011634,Flat maisonette or apartment or mobile/temporary accommodation,80,25,6,19,55,22,33
S01011635,All people in households,683,237,43,194,446,377,69
S01011635,Whole house or bungalow: Total,576,202,43,159,374,316,58
S01011635,Whole house or bungalow: Detached,48,18,9,9,30,13,17
S01011635,Whole house or bungalow: Semi-detached,242,79,18,61,163,146,17
S01011635,Whole house or bungalow: Terraced (including end-terrace),286,105,16,89,181,157,24
S01011635,Flat maisonette or apartment or mobile/temporary accommodation,107,35,0,35,72,61,11
S01011636,All people in households,720,359,93,266,361,310,51
S01011636,Whole house or bungalow: Total,293,163,35,128,130,108,22
S01011636,Whole house or bungalow: Detached,41,27,5,22,14,14,0
S01011636,Whole house or bungalow: Semi-detached,141,84,18,66,57,40,17
S01011636,Whole house or bungalow: Terraced (including end-terrace),111,52,12,40,59,54,5
S01011636,Flat maisonette or apartment or mobile/temporary accommodation,427,196,58,138,231,202,29
S01011637,All people in households,686,389,144,245,297,237,60
S01011637,Whole house or bungalow: Total,248,211,87,124,37,21,16
S01011637,Whole house or bungalow: Detached,79,68,36,32,11,5,6
S01011637,Whole house or bungalow: Semi-detached,147,124,49,75,23,13,10
S01011637,Whole house or bungalow: Terraced (including end-terrace),22,19,2,17,3,3,0
S01011637,Flat maisonette or apartment or mobile/temporary accommodation,438,178,57,121,260,216,44
S01011638,All people in households,483,300,110,190,183,121,62
S01011638,Whole house or bungalow: Total,206,187,70,117,19,5,14
S01011638,Whole house or bungalow: Detached,38,36,17,19,2,1,1
S01011638,Whole house or bungalow: Semi-detached,124,112,41,71,12,2,10
S01011638,Whole house or bungalow: Terraced (including end-terrace),44,39,12,27,5,2,3
S01011638,Flat maisonette or apartment or mobile/temporary accommodation,277,113,40,73,164,116,48
S01011639,All people in households,590,297,109,188,293,245,48
S01011639,Whole house or bungalow: Total,107,81,40,41,26,16,10
S01011639,Whole house or bungalow: Detached,27,24,12,12,3,3,0
S01011639,Whole house or bungalow: Semi-detached,67,53,25,28,14,8,6
S01011639,Whole house or bungalow: Terraced (including end-terrace),13,4,3,1,9,5,4
S01011639,Flat maisonette or apartment or mobile/temporary accommodation,483,216,69,147,267,229,38
S01011640,All people in households,674,381,116,265,293,260,33
S01011640,Whole house or bungalow: Total,464,277,76,201,187,168,19
S01011640,Whole house or bungalow: Detached,52,35,18,17,17,14,3
S01011640,Whole house or bungalow: Semi-detached,182,117,31,86,65,61,4
S01011640,Whole house or bungalow: Terraced (including end-terrace),230,125,27,98,105,93,12
S01011640,Flat maisonette or apartment or mobile/temporary accommodation,210,104,40,64,106,92,14
S01011641,All people in households,476,458,155,303,18,9,9
S01011641,Whole house or bungalow: Total,471,457,154,303,14,5,9
S01011641,Whole house or bungalow: Detached,152,152,42,110,0,0,0
S01011641,Whole house or bungalow: Semi-detached,313,304,111,193,9,0,9
S01011641,Whole house or bungalow: Terraced (including end-terrace),6,1,1,0,5,5,0
S01011641,Flat maisonette or apartment or mobile/temporary accommodation,5,1,1,0,4,4,0
S01011642,All people in households,790,593,221,372,197,177,20
S01011642,Whole house or bungalow: Total,589,576,212,364,13,4,9
S01011642,Whole house or bungalow: Detached,129,127,57,70,2,0,2
S01011642,Whole house or bungalow: Semi-detached,420,411,142,269,9,4,5
S01011642,Whole house or bungalow: Terraced (including end-terrace),40,38,13,25,2,0,2
S01011642,Flat maisonette or apartment or mobile/temporary accommodation,201,17,9,8,184,173,11
S01011643,All people in households,586,455,93,362,131,63,68
S01011643,Whole house or bungalow: Total,425,390,66,324,35,15,20
S01011643,Whole house or bungalow: Detached,227,222,33,189,5,0,5
S01011643,Whole house or bungalow: Semi-detached,95,82,17,65,13,9,4
S01011643,Whole house or bungalow: Terraced (including end-terrace),103,86,16,70,17,6,11
S01011643,Flat maisonette or apartment or mobile/temporary accommodation,161,65,27,38,96,48,48
S01011644,All people in households,717,542,184,358,175,117,58
S01011644,Whole house or bungalow: Total,585,490,172,318,95,44,51
S01011644,Whole house or bungalow: Detached,106,92,40,52,14,5,9
S01011644,Whole house or bungalow: Semi-detached,260,215,71,144,45,16,29
S01011644,Whole house or bungalow: Terraced (including end-terrace),219,183,61,122,36,23,13
S01011644,Flat maisonette or apartment or mobile/temporary accommodation,132,52,12,40,80,73,7
S01011645,All people in households,537,356,152,204,181,135,46
S01011645,Whole house or bungalow: Total,359,268,112,156,91,74,17
S01011645,Whole house or bungalow: Detached,19,18,4,14,1,1,0
S01011645,Whole house or bungalow: Semi-detached,315,234,108,126,81,64,17
S01011645,Whole house or bungalow: Terraced (including end-terrace),25,16,0,16,9,9,0
S01011645,Flat maisonette or apartment or mobile/temporary accommodation,178,88,40,48,90,61,29
S01011646,All people in households,696,668,279,389,28,6,22
S01011646,Whole house or bungalow: Total,680,655,279,376,25,5,20
S01011646,Whole house or bungalow: Detached,311,295,127,168,16,0,16
S01011646,Whole house or bungalow: Semi-detached,349,343,144,199,6,2,4
S01011646,Whole house or bungalow: Terraced (including end-terrace),20,17,8,9,3,3,0
S01011646,Flat maisonette or apartment or mobile/temporary accommodation,16,13,0,13,3,1,2
S01011647,All people in households,878,798,182,616,80,16,64
S01011647,Whole house or bungalow: Total,826,769,177,592,57,5,52
S01011647,Whole house or bungalow: Detached,211,208,74,134,3,0,3
S01011647,Whole house or bungalow: Semi-detached,535,507,100,407,28,5,23
S01011647,Whole house or bungalow: Terraced (including end-terrace),80,54,3,51,26,0,26
S01011647,Flat maisonette or apartment or mobile/temporary accommodation,52,29,5,24,23,11,12
S01011648,All people in households,694,463,80,383,231,194,37
S01011648,Whole house or bungalow: Total,464,427,66,361,37,13,24
S01011648,Whole house or bungalow: Detached,337,333,24,309,4,0,4
S01011648,Whole house or bungalow: Semi-detached,63,47,18,29,16,11,5
S01011648,Whole house or bungalow: Terraced (including end-terrace),64,47,24,23,17,2,15
S01011648,Flat maisonette or apartment or mobile/temporary accommodation,230,36,14,22,194,181,13
S01011649,All people in households,502,258,61,197,244,192,52
S01011649,Whole house or bungalow: Total,260,205,43,162,55,26,29
S01011649,Whole house or bungalow: Detached,84,68,3,65,16,0,16
S01011649,Whole house or bungalow: Semi-detached,88,72,14,58,16,5,11
S01011649,Whole house or bungalow: Terraced (including end-terrace),88,65,26,39,23,21,2
S01011649,Flat maisonette or apartment or mobile/temporary accommodation,242,53,18,35,189,166,23
S01011650,All people in households,721,526,213,313,195,142,53
S01011650,Whole house or bungalow: Total,559,488,204,284,71,27,44
S01011650,Whole house or bungalow: Detached,118,110,46,64,8,0,8
S01011650,Whole house or bungalow: Semi-detached,192,177,74,103,15,6,9
S01011650,Whole house or bungalow: Terraced (including end-terrace),249,201,84,117,48,21,27
S01011650,Flat maisonette or apartment or mobile/temporary accommodation,162,38,9,29,124,115,9
S01011651,All people in households,926,629,219,410,297,146,151
S01011651,Whole house or bungalow: Total,476,393,130,263,83,49,34
S01011651,Whole house or bungalow: Detached,40,37,8,29,3,0,3
S01011651,Whole house or bungalow: Semi-detached,386,320,117,203,66,44,22
S01011651,Whole house or bungalow: Terraced (including end-terrace),50,36,5,31,14,5,9
S01011651,Flat maisonette or apartment or mobile/temporary accommodation,450,236,89,147,214,97,117
S01011652,All people in households,747,638,217,421,109,40,69
S01011652,Whole house or bungalow: Total,682,598,213,385,84,33,51
S01011652,Whole house or bungalow: Detached,159,152,66,86,7,0,7
S01011652,Whole house or bungalow: Semi-detached,411,360,120,240,51,11,40
S01011652,Whole house or bungalow: Terraced (including end-terrace),112,86,27,59,26,22,4
S01011652,Flat maisonette or apartment or mobile/temporary accommodation,65,40,4,36,25,7,18
S01011653,All people in households,899,530,130,400,369,303,66
S01011653,Whole house or bungalow: Total,624,444,100,344,180,145,35
S01011653,Whole house or bungalow: Detached,50,45,4,41,5,1,4
S01011653,Whole house or bungalow: Semi-detached,437,319,71,248,118,93,25
S01011653,Whole house or bungalow: Terraced (including end-terrace),137,80,25,55,57,51,6
S01011653,Flat maisonette or apartment or mobile/temporary accommodation,275,86,30,56,189,158,31
S01011654,All people in households,983,455,143,312,528,354,174
S01011654,Whole house or bungalow: Total,378,261,80,181,117,67,50
S01011654,Whole house or bungalow: Detached,115,102,38,64,13,4,9
S01011654,Whole house or bungalow: Semi-detached,158,122,32,90,36,12,24
S01011654,Whole house or bungalow: Terraced (including end-terrace),105,37,10,27,68,51,17
S01011654,Flat maisonette or apartment or mobile/temporary accommodation,605,194,63,131,411,287,124
S01011655,All people in households,846,319,118,201,527,399,128
S01011655,Whole house or bungalow: Total,221,151,57,94,70,56,14
S01011655,Whole house or bungalow: Detached,26,21,19,2,5,5,0
S01011655,Whole house or bungalow: Semi-detached,89,64,9,55,25,19,6
S01011655,Whole house or bungalow: Terraced (including end-terrace),106,66,29,37,40,32,8
S01011655,Flat maisonette or apartment or mobile/temporary accommodation,625,168,61,107,457,343,114
S01011656,All people in households,608,196,68,128,412,370,42
S01011656,Whole house or bungalow: Total,215,129,48,81,86,83,3
S01011656,Whole house or bungalow: Detached,25,20,11,9,5,5,0
S01011656,Whole house or bungalow: Semi-detached,57,37,23,14,20,19,1
S01011656,Whole house or bungalow: Terraced (including end-terrace),133,72,14,58,61,59,2
S01011656,Flat maisonette or apartment or mobile/temporary accommodation,393,67,20,47,326,287,39
S01011657,All people in households,514,194,41,153,320,240,80
S01011657,Whole house or bungalow: Total,135,100,20,80,35,20,15
S01011657,Whole house or bungalow: Detached,37,26,5,21,11,8,3
S01011657,Whole house or bungalow: Semi-detached,63,52,12,40,11,9,2
S01011657,Whole house or bungalow: Terraced (including end-terrace),35,22,3,19,13,3,10
S01011657,Flat maisonette or apartment or mobile/temporary accommodation,379,94,21,73,285,220,65
S01011658,All people in households,655,410,117,293,245,189,56
S01011658,Whole house or bungalow: Total,575,390,113,277,185,135,50
S01011658,Whole house or bungalow: Detached,30,21,7,14,9,4,5
S01011658,Whole house or bungalow: Semi-detached,71,44,13,31,27,23,4
S01011658,Whole house or bungalow: Terraced (including end-terrace),474,325,93,232,149,108,41
S01011658,Flat maisonette or apartment or mobile/temporary accommodation,80,20,4,16,60,54,6
S01011659,All people in households,787,387,145,242,400,353,47
S01011659,Whole house or bungalow: Total,548,331,128,203,217,189,28
S01011659,Whole house or bungalow: Detached,67,49,23,26,18,3,15
S01011659,Whole house or bungalow: Semi-detached,125,70,35,35,55,53,2
S01011659,Whole house or bungalow: Terraced (including end-terrace),356,212,70,142,144,133,11
S01011659,Flat maisonette or apartment or mobile/temporary accommodation,239,56,17,39,183,164,19
S01011660,All people in households,906,743,269,474,163,112,51
S01011660,Whole house or bungalow: Total,829,712,265,447,117,83,34
S01011660,Whole house or bungalow: Detached,228,213,89,124,15,0,15
S01011660,Whole house or bungalow: Semi-detached,362,331,122,209,31,17,14
S01011660,Whole house or bungalow: Terraced (including end-terrace),239,168,54,114,71,66,5
S01011660,Flat maisonette or apartment or mobile/temporary accommodation,77,31,4,27,46,29,17
S01011661,All people in households,516,367,128,239,149,112,37
S01011661,Whole house or bungalow: Total,405,332,121,211,73,48,25
S01011661,Whole house or bungalow: Detached,42,42,16,26,0,0,0
S01011661,Whole house or bungalow: Semi-detached,156,133,47,86,23,14,9
S01011661,Whole house or bungalow: Terraced (including end-terrace),207,157,58,99,50,34,16
S01011661,Flat maisonette or apartment or mobile/temporary accommodation,111,35,7,28,76,64,12
S01011662,All people in households,642,590,102,488,52,10,42
S01011662,Whole house or bungalow: Total,626,577,102,475,49,7,42
S01011662,Whole house or bungalow: Detached,382,368,72,296,14,0,14
S01011662,Whole house or bungalow: Semi-detached,235,200,28,172,35,7,28
S01011662,Whole house or bungalow: Terraced (including end-terrace),9,9,2,7,0,0,0
S01011662,Flat maisonette or apartment or mobile/temporary accommodation,16,13,0,13,3,3,0
S01011663,All people in households,961,360,57,303,601,500,101
S01011663,Whole house or bungalow: Total,737,344,57,287,393,307,86
S01011663,Whole house or bungalow: Detached,46,17,0,17,29,7,22
S01011663,Whole house or bungalow: Semi-detached,238,101,22,79,137,116,21
S01011663,Whole house or bungalow: Terraced (including end-terrace),453,226,35,191,227,184,43
S01011663,Flat maisonette or apartment or mobile/temporary accommodation,224,16,0,16,208,193,15
S01011664,All people in households,1044,550,123,427,494,449,45
S01011664,Whole house or bungalow: Total,962,510,109,401,452,416,36
S01011664,Whole house or bungalow: Detached,61,27,5,22,34,29,5
S01011664,Whole house or bungalow: Semi-detached,327,167,35,132,160,146,14
S01011664,Whole house or bungalow: Terraced (including end-terrace),574,316,69,247,258,241,17
S01011664,Flat maisonette or apartment or mobile/temporary accommodation,82,40,14,26,42,33,9
S01011665,All people in households,850,352,80,272,498,405,93
S01011665,Whole house or bungalow: Total,277,235,43,192,42,17,25
S01011665,Whole house or bungalow: Detached,39,37,9,28,2,0,2
S01011665,Whole house or bungalow: Semi-detached,75,61,6,55,14,9,5
S01011665,Whole house or bungalow: Terraced (including end-terrace),163,137,28,109,26,8,18
S01011665,Flat maisonette or apartment or mobile/temporary accommodation,573,117,37,80,456,388,68
S01011666,All people in households,853,355,140,215,498,449,49
S01011666,Whole house or bungalow: Total,262,216,78,138,46,37,9
S01011666,Whole house or bungalow: Detached,73,70,32,38,3,3,0
S01011666,Whole house or bungalow: Semi-detached,113,99,23,76,14,14,0
S01011666,Whole house or bungalow: Terraced (including end-terrace),76,47,23,24,29,20,9
S01011666,Flat maisonette or apartment or mobile/temporary accommodation,591,139,62,77,452,412,40
S01011667,All people in households,723,394,126,268,329,253,76
S01011667,Whole house or bungalow: Total,373,281,86,195,92,59,33
S01011667,Whole house or bungalow: Detached,104,94,41,53,10,1,9
S01011667,Whole house or bungalow: Semi-detached,147,96,25,71,51,40,11
S01011667,Whole house or bungalow: Terraced (including end-terrace),122,91,20,71,31,18,13
S01011667,Flat maisonette or apartment or mobile/temporary accommodation,350,113,40,73,237,194,43
S01011668,All people in households,1042,390,93,297,652,565,87
S01011668,Whole house or bungalow: Total,172,109,40,69,63,43,20
S01011668,Whole house or bungalow: Detached,59,45,18,27,14,5,9
S01011668,Whole house or bungalow: Semi-detached,85,42,13,29,43,36,7
S01011668,Whole house or bungalow: Terraced (including end-terrace),28,22,9,13,6,2,4
S01011668,Flat maisonette or apartment or mobile/temporary accommodation,870,281,53,228,589,522,67
S01011669,All people in households,628,492,206,286,136,68,68
S01011669,Whole house or bungalow: Total,356,327,144,183,29,14,15
S01011669,Whole house or bungalow: Detached,219,205,106,99,14,4,10
S01011669,Whole house or bungalow: Semi-detached,84,74,26,48,10,8,2
S01011669,Whole house or bungalow: Terraced (including end-terrace),53,48,12,36,5,2,3
S01011669,Flat maisonette or apartment or mobile/temporary accommodation,272,165,62,103,107,54,53
S01011670,All people in households,536,258,54,204,278,230,48
S01011670,Whole house or bungalow: Total,125,95,21,74,30,16,14
S01011670,Whole house or bungalow: Detached,26,25,8,17,1,1,0
S01011670,Whole house or bungalow: Semi-detached,81,60,11,49,21,11,10
S01011670,Whole house or bungalow: Terraced (including end-terrace),18,10,2,8,8,4,4
S01011670,Flat maisonette or apartment or mobile/temporary accommodation,411,163,33,130,248,214,34
S01011671,All people in households,659,501,197,304,158,93,65
S01011671,Whole house or bungalow: Total,497,417,158,259,80,49,31
S01011671,Whole house or bungalow: Detached,123,115,57,58,8,0,8
S01011671,Whole house or bungalow: Semi-detached,325,269,82,187,56,46,10
S01011671,Whole house or bungalow: Terraced (including end-terrace),49,33,19,14,16,3,13
S01011671,Flat maisonette or apartment or mobile/temporary accommodation,162,84,39,45,78,44,34
S01011672,All people in households,591,334,139,195,257,201,56
S01011672,Whole house or bungalow: Total,383,305,126,179,78,68,10
S01011672,Whole house or bungalow: Detached,93,91,39,52,2,2,0
S01011672,Whole house or bungalow: Semi-detached,114,91,33,58,23,20,3
S01011672,Whole house or bungalow: Terraced (including end-terrace),176,123,54,69,53,46,7
S01011672,Flat maisonette or apartment or mobile/temporary accommodation,208,29,13,16,179,133,46
S01011673,All people in households,661,366,119,247,295,240,55
S01011673,Whole house or bungalow: Total,305,210,66,144,95,65,30
S01011673,Whole house or bungalow: Detached,73,56,19,37,17,1,16
S01011673,Whole house or bungalow: Semi-detached,61,49,10,39,12,9,3
S01011673,Whole house or bungalow: Terraced (including end-terrace),171,105,37,68,66,55,11
S01011673,Flat maisonette or apartment or mobile/temporary accommodation,356,156,53,103,200,175,25
S01011674,All people in households,1002,735,177,558,267,202,65
S01011674,Whole house or bungalow: Total,805,644,134,510,161,121,40
S01011674,Whole house or bungalow: Detached,241,222,17,205,19,5,14
S01011674,Whole house or bungalow: Semi-detached,392,304,92,212,88,65,23
S01011674,Whole house or bungalow: Terraced (including end-terrace),172,118,25,93,54,51,3
S01011674,Flat maisonette or apartment or mobile/temporary accommodation,197,91,43,48,106,81,25
S01011675,All people in households,896,555,152,403,341,289,52
S01011675,Whole house or bungalow: Total,738,523,149,374,215,168,47
S01011675,Whole house or bungalow: Detached,218,187,41,146,31,5,26
S01011675,Whole house or bungalow: Semi-detached,143,99,30,69,44,37,7
S01011675,Whole house or bungalow: Terraced (including end-terrace),377,237,78,159,140,126,14
S01011675,Flat maisonette or apartment or mobile/temporary accommodation,158,32,3,29,126,121,5
S01011676,All people in households,699,367,96,271,332,296,36
S01011676,Whole house or bungalow: Total,632,355,94,261,277,248,29
S01011676,Whole house or bungalow: Detached,28,19,2,17,9,5,4
S01011676,Whole house or bungalow: Semi-detached,137,79,22,57,58,55,3
S01011676,Whole house or bungalow: Terraced (including end-terrace),467,257,70,187,210,188,22
S01011676,Flat maisonette or apartment or mobile/temporary accommodation,67,12,2,10,55,48,7
S01011677,All people in households,622,410,46,364,212,75,137
S01011677,Whole house or bungalow: Total,535,391,44,347,144,67,77
S01011677,Whole house or bungalow: Detached,296,237,36,201,59,9,50
S01011677,Whole house or bungalow: Semi-detached,76,53,2,51,23,18,5
S01011677,Whole house or bungalow: Terraced (including end-terrace),163,101,6,95,62,40,22
S01011677,Flat maisonette or apartment or mobile/temporary accommodation,87,19,2,17,68,8,60
S01011678,All people in households,464,224,108,116,240,212,28
S01011678,Whole house or bungalow: Total,152,129,59,70,23,20,3
S01011678,Whole house or bungalow: Detached,99,99,43,56,0,0,0
S01011678,Whole house or bungalow: Semi-detached,38,17,11,6,21,19,2
S01011678,Whole house or bungalow: Terraced (including end-terrace),15,13,5,8,2,1,1
S01011678,Flat maisonette or apartment or mobile/temporary accommodation,312,95,49,46,217,192,25
S01011679,All people in households,563,494,72,422,69,20,49
S01011679,Whole house or bungalow: Total,541,477,69,408,64,17,47
S01011679,Whole house or bungalow: Detached,211,180,30,150,31,0,31
S01011679,Whole house or bungalow: Semi-detached,154,144,31,113,10,2,8
S01011679,Whole house or bungalow: Terraced (including end-terrace),176,153,8,145,23,15,8
S01011679,Flat maisonette or apartment or mobile/temporary accommodation,22,17,3,14,5,3,2
S01011680,All people in households,1100,476,173,303,624,590,34
S01011680,Whole house or bungalow: Total,919,428,158,270,491,465,26
S01011680,Whole house or bungalow: Detached,150,119,35,84,31,16,15
S01011680,Whole house or bungalow: Semi-detached,432,186,67,119,246,245,1
S01011680,Whole house or bungalow: Terraced (including end-terrace),337,123,56,67,214,204,10
S01011680,Flat maisonette or apartment or mobile/temporary accommodation,181,48,15,33,133,125,8
S01011681,All people in households,847,515,138,377,332,293,39
S01011681,Whole house or bungalow: Total,817,513,136,377,304,265,39
S01011681,Whole house or bungalow: Detached,132,118,27,91,14,5,9
S01011681,Whole house or bungalow: Semi-detached,265,129,33,96,136,118,18
S01011681,Whole house or bungalow: Terraced (including end-terrace),420,266,76,190,154,142,12
S01011681,Flat maisonette or apartment or mobile/temporary accommodation,30,2,2,0,28,28,0
S01011682,All people in households,435,390,154,236,45,8,37
S01011682,Whole house or bungalow: Total,404,381,150,231,23,2,21
S01011682,Whole house or bungalow: Detached,323,308,130,178,15,0,15
S01011682,Whole house or bungalow: Semi-detached,60,56,18,38,4,2,2
S01011682,Whole house or bungalow: Terraced (including end-terrace),21,17,2,15,4,0,4
S01011682,Flat maisonette or apartment or mobile/temporary accommodation,31,9,4,5,22,6,16
S01011683,All people in households,745,502,169,333,243,179,64
S01011683,Whole house or bungalow: Total,507,408,137,271,99,60,39
S01011683,Whole house or bungalow: Detached,189,161,60,101,28,4,24
S01011683,Whole house or bungalow: Semi-detached,138,111,39,72,27,24,3
S01011683,Whole house or bungalow: Terraced (including end-terrace),180,136,38,98,44,32,12
S01011683,Flat maisonette or apartment or mobile/temporary accommodation,238,94,32,62,144,119,25
S01011684,All people in households,543,424,141,283,119,92,27
S01011684,Whole house or bungalow: Total,407,357,123,234,50,40,10
S01011684,Whole house or bungalow: Detached,219,219,84,135,0,0,0
S01011684,Whole house or bungalow: Semi-detached,97,83,20,63,14,11,3
S01011684,Whole house or bungalow: Terraced (including end-terrace),91,55,19,36,36,29,7
S01011684,Flat maisonette or apartment or mobile/temporary accommodation,136,67,18,49,69,52,17
S01011685,All people in households,802,722,117,605,80,35,45
S01011685,Whole house or bungalow: Total,769,716,115,601,53,14,39
S01011685,Whole house or bungalow: Detached,471,453,86,367,18,0,18
S01011685,Whole house or bungalow: Semi-detached,258,236,27,209,22,1,21
S01011685,Whole house or bungalow: Terraced (including end-terrace),40,27,2,25,13,13,0
S01011685,Flat maisonette or apartment or mobile/temporary accommodation,33,6,2,4,27,21,6
S01011686,All people in households,828,754,264,490,74,20,54
S01011686,Whole house or bungalow: Total,720,667,248,419,53,19,34
S01011686,Whole house or bungalow: Detached,440,413,166,247,27,0,27
S01011686,Whole house or bungalow: Semi-detached,205,198,60,138,7,2,5
S01011686,Whole house or bungalow: Terraced (including end-terrace),75,56,22,34,19,17,2
S01011686,Flat maisonette or apartment or mobile/temporary accommodation,108,87,16,71,21,1,20
S01011687,All people in households,864,522,132,390,342,291,51
S01011687,Whole house or bungalow: Total,759,488,129,359,271,228,43
S01011687,Whole house or bungalow: Detached,88,64,19,45,24,23,1
S01011687,Whole house or bungalow: Semi-detached,161,117,20,97,44,31,13
S01011687,Whole house or bungalow: Terraced (including end-terrace),510,307,90,217,203,174,29
S01011687,Flat maisonette or apartment or mobile/temporary accommodation,105,34,3,31,71,63,8
S01011688,All people in households,820,632,138,494,188,137,51
S01011688,Whole house or bungalow: Total,640,570,125,445,70,39,31
S01011688,Whole house or bungalow: Detached,427,412,96,316,15,0,15
S01011688,Whole house or bungalow: Semi-detached,135,115,18,97,20,5,15
S01011688,Whole house or bungalow: Terraced (including end-terrace),78,43,11,32,35,34,1
S01011688,Flat maisonette or apartment or mobile/temporary accommodation,180,62,13,49,118,98,20
S01011689,All people in households,667,618,178,440,49,31,18
S01011689,Whole house or bungalow: Total,654,613,173,440,41,23,18
S01011689,Whole house or bungalow: Detached,541,521,154,367,20,7,13
S01011689,Whole house or bungalow: Semi-detached,77,72,17,55,5,0,5
S01011689,Whole house or bungalow: Terraced (including end-terrace),36,20,2,18,16,16,0
S01011689,Flat maisonette or apartment or mobile/temporary accommodation,13,5,5,0,8,8,0
S01011690,All people in households,983,794,138,656,189,149,40
S01011690,Whole house or bungalow: Total,767,715,113,602,52,27,25
S01011690,Whole house or bungalow: Detached,596,580,89,491,16,3,13
S01011690,Whole house or bungalow: Semi-detached,104,85,15,70,19,13,6
S01011690,Whole house or bungalow: Terraced (including end-terrace),67,50,9,41,17,11,6
S01011690,Flat maisonette or apartment or mobile/temporary accommodation,216,79,25,54,137,122,15
S01011691,All people in households,624,492,85,407,132,59,73
S01011691,Whole house or bungalow: Total,591,471,76,395,120,47,73
S01011691,Whole house or bungalow: Detached,262,218,39,179,44,2,42
S01011691,Whole house or bungalow: Semi-detached,165,124,12,112,41,11,30
S01011691,Whole house or bungalow: Terraced (including end-terrace),164,129,25,104,35,34,1
S01011691,Flat maisonette or apartment or mobile/temporary accommodation,33,21,9,12,12,12,0
S01011692,All people in households,1074,550,162,388,524,472,52
S01011692,Whole house or bungalow: Total,778,482,136,346,296,272,24
S01011692,Whole house or bungalow: Detached,30,22,3,19,8,8,0
S01011692,Whole house or bungalow: Semi-detached,176,82,24,58,94,89,5
S01011692,Whole house or bungalow: Terraced (including end-terrace),572,378,109,269,194,175,19
S01011692,Flat maisonette or apartment or mobile/temporary accommodation,296,68,26,42,228,200,28
S01011693,All people in households,807,633,167,466,174,78,96
S01011693,Whole house or bungalow: Total,565,498,153,345,67,40,27
S01011693,Whole house or bungalow: Detached,155,148,44,104,7,2,5
S01011693,Whole house or bungalow: Semi-detached,92,77,31,46,15,10,5
S01011693,Whole house or bungalow: Terraced (including end-terrace),318,273,78,195,45,28,17
S01011693,Flat maisonette or apartment or mobile/temporary accommodation,242,135,14,121,107,38,69
S01011694,All people in households,535,456,49,407,79,44,35
S01011694,Whole house or bungalow: Total,473,429,43,386,44,16,28
S01011694,Whole house or bungalow: Detached,343,318,30,288,25,7,18
S01011694,Whole house or bungalow: Semi-detached,80,74,6,68,6,2,4
S01011694,Whole house or bungalow: Terraced (including end-terrace),50,37,7,30,13,7,6
S01011694,Flat maisonette or apartment or mobile/temporary accommodation,62,27,6,21,35,28,7
S01011695,All people in households,931,838,140,698,93,35,58
S01011695,Whole house or bungalow: Total,911,828,137,691,83,32,51
S01011695,Whole house or bungalow: Detached,666,630,105,525,36,0,36
S01011695,Whole house or bungalow: Semi-detached,125,108,10,98,17,10,7
S01011695,Whole house or bungalow: Terraced (including end-terrace),120,90,22,68,30,22,8
S01011695,Flat maisonette or apartment or mobile/temporary accommodation,20,10,3,7,10,3,7
S01011696,All people in households,1068,1007,149,858,61,15,46
S01011696,Whole house or bungalow: Total,1050,997,146,851,53,12,41
S01011696,Whole house or bungalow: Detached,971,925,123,802,46,5,41
S01011696,Whole house or bungalow: Semi-detached,58,58,19,39,0,0,0
S01011696,Whole house or bungalow: Terraced (including end-terrace),21,14,4,10,7,7,0
S01011696,Flat maisonette or apartment or mobile/temporary accommodation,18,10,3,7,8,3,5
S01011697,All people in households,1029,818,153,665,211,146,65
S01011697,Whole house or bungalow: Total,808,717,129,588,91,53,38
S01011697,Whole house or bungalow: Detached,509,476,60,416,33,4,29
S01011697,Whole house or bungalow: Semi-detached,185,163,35,128,22,17,5
S01011697,Whole house or bungalow: Terraced (including end-terrace),114,78,34,44,36,32,4
S01011697,Flat maisonette or apartment or mobile/temporary accommodation,221,101,24,77,120,93,27
S01011698,All people in households,643,475,143,332,168,148,20
S01011698,Whole house or bungalow: Total,410,329,81,248,81,73,8
S01011698,Whole house or bungalow: Detached,45,44,4,40,1,1,0
S01011698,Whole house or bungalow: Semi-detached,177,154,41,113,23,23,0
S01011698,Whole house or bungalow: Terraced (including end-terrace),188,131,36,95,57,49,8
S01011698,Flat maisonette or apartment or mobile/temporary accommodation,233,146,62,84,87,75,12
S01011699,All people in households,911,823,289,534,88,29,59
S01011699,Whole house or bungalow: Total,768,744,262,482,24,5,19
S01011699,Whole house or bungalow: Detached,140,130,55,75,10,0,10
S01011699,Whole house or bungalow: Semi-detached,577,569,198,371,8,0,8
S01011699,Whole house or bungalow: Terraced (including end-terrace),51,45,9,36,6,5,1
S01011699,Flat maisonette or apartment or mobile/temporary accommodation,143,79,27,52,64,24,40
S01011700,All people in households,759,607,246,361,152,118,34
S01011700,Whole house or bungalow: Total,593,550,224,326,43,33,10
S01011700,Whole house or bungalow: Detached,196,192,81,111,4,0,4
S01011700,Whole house or bungalow: Semi-detached,326,309,120,189,17,13,4
S01011700,Whole house or bungalow: Terraced (including end-terrace),71,49,23,26,22,20,2
S01011700,Flat maisonette or apartment or mobile/temporary accommodation,166,57,22,35,109,85,24
S01011701,All people in households,1016,868,323,545,148,67,81
S01011701,Whole house or bungalow: Total,807,744,256,488,63,50,13
S01011701,Whole house or bungalow: Detached,416,408,132,276,8,0,8
S01011701,Whole house or bungalow: Semi-detached,292,251,86,165,41,38,3
S01011701,Whole house or bungalow: Terraced (including end-terrace),99,85,38,47,14,12,2
S01011701,Flat maisonette or apartment or mobile/temporary accommodation,209,124,67,57,85,17,68
S01011702,All people in households,733,560,226,334,173,134,39
S01011702,Whole house or bungalow: Total,673,530,220,310,143,111,32
S01011702,Whole house or bungalow: Detached,188,182,84,98,6,1,5
S01011702,Whole house or bungalow: Semi-detached,365,266,105,161,99,72,27
S01011702,Whole house or bungalow: Terraced (including end-terrace),120,82,31,51,38,38,0
S01011702,Flat maisonette or apartment or mobile/temporary accommodation,60,30,6,24,30,23,7
S01011703,All people in households,631,543,217,326,88,36,52
S01011703,Whole house or bungalow: Total,544,486,206,280,58,22,36
S01011703,Whole house or bungalow: Detached,241,216,108,108,25,0,25
S01011703,Whole house or bungalow: Semi-detached,183,163,59,104,20,16,4
S01011703,Whole house or bungalow: Terraced (including end-terrace),120,107,39,68,13,6,7
S01011703,Flat maisonette or apartment or mobile/temporary accommodation,87,57,11,46,30,14,16
S01011704,All people in households,747,685,138,547,62,30,32
S01011704,Whole house or bungalow: Total,650,623,113,510,27,9,18
S01011704,Whole house or bungalow: Detached,401,401,66,335,0,0,0
S01011704,Whole house or bungalow: Semi-detached,166,160,34,126,6,0,6
S01011704,Whole house or bungalow: Terraced (including end-terrace),83,62,13,49,21,9,12
S01011704,Flat maisonette or apartment or mobile/temporary accommodation,97,62,25,37,35,21,14
S01011705,All people in households,759,476,84,392,283,243,40
S01011705,Whole house or bungalow: Total,322,280,54,226,42,27,15
S01011705,Whole house or bungalow: Detached,164,160,31,129,4,0,4
S01011705,Whole house or bungalow: Semi-detached,118,92,20,72,26,18,8
S01011705,Whole house or bungalow: Terraced (including end-terrace),40,28,3,25,12,9,3
S01011705,Flat maisonette or apartment or mobile/temporary accommodation,437,196,30,166,241,216,25
S01011706,All people in households,987,768,304,464,219,144,75
S01011706,Whole house or bungalow: Total,773,666,271,395,107,71,36
S01011706,Whole house or bungalow: Detached,149,140,79,61,9,0,9
S01011706,Whole house or bungalow: Semi-detached,351,295,111,184,56,37,19
S01011706,Whole house or bungalow: Terraced (including end-terrace),273,231,81,150,42,34,8
S01011706,Flat maisonette or apartment or mobile/temporary accommodation,214,102,33,69,112,73,39
S01011707,All people in households,713,651,250,401,62,44,18
S01011707,Whole house or bungalow: Total,697,645,250,395,52,36,16
S01011707,Whole house or bungalow: Detached,264,254,86,168,10,0,10
S01011707,Whole house or bungalow: Semi-detached,369,348,151,197,21,15,6
S01011707,Whole house or bungalow: Terraced (including end-terrace),64,43,13,30,21,21,0
S01011707,Flat maisonette or apartment or mobile/temporary accommodation,16,6,0,6,10,8,2
S01011708,All people in households,919,623,242,381,296,223,73
S01011708,Whole house or bungalow: Total,558,427,182,245,131,93,38
S01011708,Whole house or bungalow: Detached,137,121,58,63,16,1,15
S01011708,Whole house or bungalow: Semi-detached,305,233,97,136,72,58,14
S01011708,Whole house or bungalow: Terraced (including end-terrace),116,73,27,46,43,34,9
S01011708,Flat maisonette or apartment or mobile/temporary accommodation,361,196,60,136,165,130,35
S01011709,All people in households,954,749,214,535,205,175,30
S01011709,Whole house or bungalow: Total,875,725,209,516,150,122,28
S01011709,Whole house or bungalow: Detached,258,245,63,182,13,8,5
S01011709,Whole house or bungalow: Semi-detached,381,329,94,235,52,35,17
S01011709,Whole house or bungalow: Terraced (including end-terrace),236,151,52,99,85,79,6
S01011709,Flat maisonette or apartment or mobile/temporary accommodation,79,24,5,19,55,53,2
S01011710,All people in households,647,218,53,165,429,408,21
S01011710,Whole house or bungalow: Total,427,208,50,158,219,201,18
S01011710,Whole house or bungalow: Detached,43,15,6,9,28,28,0
S01011710,Whole house or bungalow: Semi-detached,56,21,6,15,35,29,6
S01011710,Whole house or bungalow: Terraced (including end-terrace),328,172,38,134,156,144,12
S01011710,Flat maisonette or apartment or mobile/temporary accommodation,220,10,3,7,210,207,3
S01011711,All people in households,683,264,74,190,419,368,51
S01011711,Whole house or bungalow: Total,454,247,66,181,207,162,45
S01011711,Whole house or bungalow: Detached,15,9,4,5,6,2,4
S01011711,Whole house or bungalow: Semi-detached,66,44,10,34,22,20,2
S01011711,Whole house or bungalow: Terraced (including end-terrace),373,194,52,142,179,140,39
S01011711,Flat maisonette or apartment or mobile/temporary accommodation,229,17,8,9,212,206,6
S01011712,All people in households,530,309,90,219,221,177,44
S01011712,Whole house or bungalow: Total,296,186,70,116,110,91,19
S01011712,Whole house or bungalow: Detached,10,9,2,7,1,1,0
S01011712,Whole house or bungalow: Semi-detached,45,27,7,20,18,16,2
S01011712,Whole house or bungalow: Terraced (including end-terrace),241,150,61,89,91,74,17
S01011712,Flat maisonette or apartment or mobile/temporary accommodation,234,123,20,103,111,86,25
S01011713,All people in households,851,697,261,436,154,119,35
S01011713,Whole house or bungalow: Total,809,694,261,433,115,80,35
S01011713,Whole house or bungalow: Detached,52,51,17,34,1,1,0
S01011713,Whole house or bungalow: Semi-detached,670,586,221,365,84,55,29
S01011713,Whole house or bungalow: Terraced (including end-terrace),87,57,23,34,30,24,6
S01011713,Flat maisonette or apartment or mobile/temporary accommodation,42,3,0,3,39,39,0
S01011714,All people in households,566,548,52,496,18,14,4
S01011714,Whole house or bungalow: Total,558,546,50,496,12,8,4
S01011714,Whole house or bungalow: Detached,229,226,26,200,3,3,0
S01011714,Whole house or bungalow: Semi-detached,252,248,16,232,4,0,4
S01011714,Whole house or bungalow: Terraced (including end-terrace),77,72,8,64,5,5,0
S01011714,Flat maisonette or apartment or mobile/temporary accommodation,8,2,2,0,6,6,0
S01011715,All people in households,633,340,86,254,293,222,71
S01011715,Whole house or bungalow: Total,346,246,74,172,100,74,26
S01011715,Whole house or bungalow: Detached,49,37,8,29,12,3,9
S01011715,Whole house or bungalow: Semi-detached,53,42,22,20,11,11,0
S01011715,Whole house or bungalow: Terraced (including end-terrace),244,167,44,123,77,60,17
S01011715,Flat maisonette or apartment or mobile/temporary accommodation,287,94,12,82,193,148,45
S01011716,All people in households,917,818,135,683,99,37,62
S01011716,Whole house or bungalow: Total,895,802,134,668,93,35,58
S01011716,Whole house or bungalow: Detached,324,315,53,262,9,0,9
S01011716,Whole house or bungalow: Semi-detached,374,334,34,300,40,19,21
S01011716,Whole house or bungalow: Terraced (including end-terrace),197,153,47,106,44,16,28
S01011716,Flat maisonette or apartment or mobile/temporary accommodation,22,16,1,15,6,2,4
S01011717,All people in households,710,675,289,386,35,13,22
S01011717,Whole house or bungalow: Total,707,675,289,386,32,10,22
S01011717,Whole house or bungalow: Detached,161,160,87,73,1,0,1
S01011717,Whole house or bungalow: Semi-detached,526,505,197,308,21,0,21
S01011717,Whole house or bungalow: Terraced (including end-terrace),20,10,5,5,10,10,0
S01011717,Flat maisonette or apartment or mobile/temporary accommodation,3,0,0,0,3,3,0
S01011718,All people in households,800,725,75,650,75,23,52
S01011718,Whole house or bungalow: Total,748,699,66,633,49,17,32
S01011718,Whole house or bungalow: Detached,525,495,41,454,30,9,21
S01011718,Whole house or bungalow: Semi-detached,129,118,19,99,11,0,11
S01011718,Whole house or bungalow: Terraced (including end-terrace),94,86,6,80,8,8,0
S01011718,Flat maisonette or apartment or mobile/temporary accommodation,52,26,9,17,26,6,20
S01011719,All people in households,634,593,94,499,41,6,35
S01011719,Whole house or bungalow: Total,605,575,89,486,30,6,24
S01011719,Whole house or bungalow: Detached,363,351,44,307,12,0,12
S01011719,Whole house or bungalow: Semi-detached,200,195,43,152,5,1,4
S01011719,Whole house or bungalow: Terraced (including end-terrace),42,29,2,27,13,5,8
S01011719,Flat maisonette or apartment or mobile/temporary accommodation,29,18,5,13,11,0,11
S01011720,All people in households,529,484,214,270,45,13,32
S01011720,Whole house or bungalow: Total,471,447,206,241,24,3,21
S01011720,Whole house or bungalow: Detached,319,307,155,152,12,0,12
S01011720,Whole house or bungalow: Semi-detached,144,132,45,87,12,3,9
S01011720,Whole house or bungalow: Terraced (including end-terrace),8,8,6,2,0,0,0
S01011720,Flat maisonette or apartment or mobile/temporary accommodation,58,37,8,29,21,10,11
S01011721,All people in households,716,600,175,425,116,90,26
S01011721,Whole house or bungalow: Total,714,598,175,423,116,90,26
S01011721,Whole house or bungalow: Detached,27,25,4,21,2,2,0
S01011721,Whole house or bungalow: Semi-detached,71,56,25,31,15,11,4
S01011721,Whole house or bungalow: Terraced (including end-terrace),616,517,146,371,99,77,22
S01011721,Flat maisonette or apartment or mobile/temporary accommodation,2,2,0,2,0,0,0
S01011722,All people in households,721,535,199,336,186,111,75
S01011722,Whole house or bungalow: Total,687,519,195,324,168,95,73
S01011722,Whole house or bungalow: Detached,87,82,38,44,5,5,0
S01011722,Whole house or bungalow: Semi-detached,77,47,13,34,30,26,4
S01011722,Whole house or bungalow: Terraced (including end-terrace),523,390,144,246,133,64,69
S01011722,Flat maisonette or apartment or mobile/temporary accommodation,34,16,4,12,18,16,2
S01011723,All people in households,941,739,201,538,202,123,79
S01011723,Whole house or bungalow: Total,935,734,200,534,201,122,79
S01011723,Whole house or bungalow: Detached,152,142,23,119,10,1,9
S01011723,Whole house or bungalow: Semi-detached,78,64,7,57,14,8,6
S01011723,Whole house or bungalow: Terraced (including end-terrace),705,528,170,358,177,113,64
S01011723,Flat maisonette or apartment or mobile/temporary accommodation,6,5,1,4,1,1,0
S01011724,All people in households,733,491,63,428,242,189,53
S01011724,Whole house or bungalow: Total,724,491,63,428,233,182,51
S01011724,Whole house or bungalow: Detached,212,192,31,161,20,6,14
S01011724,Whole house or bungalow: Semi-detached,232,192,22,170,40,29,11
S01011724,Whole house or bungalow: Terraced (including end-terrace),280,107,10,97,173,147,26
S01011724,Flat maisonette or apartment or mobile/temporary accommodation,9,0,0,0,9,7,2
S01011725,All people in households,634,597,38,559,37,7,30
S01011725,Whole house or bungalow: Total,627,597,38,559,30,5,25
S01011725,Whole house or bungalow: Detached,428,415,27,388,13,0,13
S01011725,Whole house or bungalow: Semi-detached,144,134,10,124,10,3,7
S01011725,Whole house or bungalow: Terraced (including end-terrace),55,48,1,47,7,2,5
S01011725,Flat maisonette or apartment or mobile/temporary accommodation,7,0,0,0,7,2,5
S01011726,All people in households,552,535,66,469,17,6,11
S01011726,Whole house or bungalow: Total,549,532,65,467,17,6,11
S01011726,Whole house or bungalow: Detached,289,285,25,260,4,0,4
S01011726,Whole house or bungalow: Semi-detached,235,227,36,191,8,1,7
S01011726,Whole house or bungalow: Terraced (including end-terrace),25,20,4,16,5,5,0
S01011726,Flat maisonette or apartment or mobile/temporary accommodation,3,3,1,2,0,0,0
S01011727,All people in households,774,708,88,620,66,11,55
S01011727,Whole house or bungalow: Total,705,661,78,583,44,11,33
S01011727,Whole house or bungalow: Detached,634,605,67,538,29,0,29
S01011727,Whole house or bungalow: Semi-detached,49,43,9,34,6,2,4
S01011727,Whole house or bungalow: Terraced (including end-terrace),22,13,2,11,9,9,0
S01011727,Flat maisonette or apartment or mobile/temporary accommodation,69,47,10,37,22,0,22
S01011728,All people in households,929,695,211,484,234,134,100
S01011728,Whole house or bungalow: Total,797,634,204,430,163,91,72
S01011728,Whole house or bungalow: Detached,57,55,22,33,2,0,2
S01011728,Whole house or bungalow: Semi-detached,85,76,29,47,9,6,3
S01011728,Whole house or bungalow: Terraced (including end-terrace),655,503,153,350,152,85,67
S01011728,Flat maisonette or apartment or mobile/temporary accommodation,132,61,7,54,71,43,28
S01011729,All people in households,710,391,98,293,319,267,52
S01011729,Whole house or bungalow: Total,449,328,85,243,121,83,38
S01011729,Whole house or bungalow: Detached,71,63,21,42,8,1,7
S01011729,Whole house or bungalow: Semi-detached,113,94,26,68,19,14,5
S01011729,Whole house or bungalow: Terraced (including end-terrace),265,171,38,133,94,68,26
S01011729,Flat maisonette or apartment or mobile/temporary accommodation,261,63,13,50,198,184,14
S01011730,All people in households,844,762,331,431,82,45,37
S01011730,Whole house or bungalow: Total,692,636,300,336,56,40,16
S01011730,Whole house or bungalow: Detached,239,232,126,106,7,0,7
S01011730,Whole house or bungalow: Semi-detached,395,375,168,207,20,12,8
S01011730,Whole house or bungalow: Terraced (including end-terrace),58,29,6,23,29,28,1
S01011730,Flat maisonette or apartment or mobile/temporary accommodation,152,126,31,95,26,5,21
S01011731,All people in households,824,680,248,432,144,99,45
S01011731,Whole house or bungalow: Total,810,672,245,427,138,97,41
S01011731,Whole house or bungalow: Detached,20,19,9,10,1,1,0
S01011731,Whole house or bungalow: Semi-detached,109,86,36,50,23,14,9
S01011731,Whole house or bungalow: Terraced (including end-terrace),681,567,200,367,114,82,32
S01011731,Flat maisonette or apartment or mobile/temporary accommodation,14,8,3,5,6,2,4
S01011732,All people in households,785,756,290,466,29,15,14
S01011732,Whole house or bungalow: Total,769,749,288,461,20,9,11
S01011732,Whole house or bungalow: Detached,297,291,126,165,6,2,4
S01011732,Whole house or bungalow: Semi-detached,385,379,135,244,6,2,4
S01011732,Whole house or bungalow: Terraced (including end-terrace),87,79,27,52,8,5,3
S01011732,Flat maisonette or apartment or mobile/temporary accommodation,16,7,2,5,9,6,3
S01011733,All people in households,851,703,244,459,148,100,48
S01011733,Whole house or bungalow: Total,763,642,234,408,121,90,31
S01011733,Whole house or bungalow: Detached,43,43,18,25,0,0,0
S01011733,Whole house or bungalow: Semi-detached,110,90,48,42,20,19,1
S01011733,Whole house or bungalow: Terraced (including end-terrace),610,509,168,341,101,71,30
S01011733,Flat maisonette or apartment or mobile/temporary accommodation,88,61,10,51,27,10,17
S01011734,All people in households,751,616,219,397,135,86,49
S01011734,Whole house or bungalow: Total,639,558,206,352,81,63,18
S01011734,Whole house or bungalow: Detached,235,234,98,136,1,0,1
S01011734,Whole house or bungalow: Semi-detached,130,108,45,63,22,15,7
S01011734,Whole house or bungalow: Terraced (including end-terrace),274,216,63,153,58,48,10
S01011734,Flat maisonette or apartment or mobile/temporary accommodation,112,58,13,45,54,23,31
S01011735,All people in households,736,698,277,421,38,16,22
S01011735,Whole house or bungalow: Total,702,676,271,405,26,7,19
S01011735,Whole house or bungalow: Detached,442,438,191,247,4,0,4
S01011735,Whole house or bungalow: Semi-detached,116,106,41,65,10,0,10
S01011735,Whole house or bungalow: Terraced (including end-terrace),144,132,39,93,12,7,5
S01011735,Flat maisonette or apartment or mobile/temporary accommodation,34,22,6,16,12,9,3
S01011736,All people in households,770,562,162,400,208,66,142
S01011736,Whole house or bungalow: Total,572,460,142,318,112,42,70
S01011736,Whole house or bungalow: Detached,32,30,3,27,2,1,1
S01011736,Whole house or bungalow: Semi-detached,62,51,15,36,11,6,5
S01011736,Whole house or bungalow: Terraced (including end-terrace),478,379,124,255,99,35,64
S01011736,Flat maisonette or apartment or mobile/temporary accommodation,198,102,20,82,96,24,72
S01011737,All people in households,727,464,144,320,263,97,166
S01011737,Whole house or bungalow: Total,489,354,113,241,135,70,65
S01011737,Whole house or bungalow: Detached,39,30,10,20,9,2,7
S01011737,Whole house or bungalow: Semi-detached,57,43,21,22,14,9,5
S01011737,Whole house or bungalow: Terraced (including end-terrace),393,281,82,199,112,59,53
S01011737,Flat maisonette or apartment or mobile/temporary accommodation,238,110,31,79,128,27,101
S01011738,All people in households,1016,625,189,436,391,199,192
S01011738,Whole house or bungalow: Total,574,500,142,358,74,32,42
S01011738,Whole house or bungalow: Detached,197,187,63,124,10,3,7
S01011738,Whole house or bungalow: Semi-detached,132,116,14,102,16,2,14
S01011738,Whole house or bungalow: Terraced (including end-terrace),245,197,65,132,48,27,21
S01011738,Flat maisonette or apartment or mobile/temporary accommodation,442,125,47,78,317,167,150
S01011739,All people in households,502,376,136,240,126,92,34
S01011739,Whole house or bungalow: Total,478,371,136,235,107,79,28
S01011739,Whole house or bungalow: Detached,13,10,5,5,3,3,0
S01011739,Whole house or bungalow: Semi-detached,42,28,15,13,14,14,0
S01011739,Whole house or bungalow: Terraced (including end-terrace),423,333,116,217,90,62,28
S01011739,Flat maisonette or apartment or mobile/temporary accommodation,24,5,0,5,19,13,6
S01011740,All people in households,783,362,110,252,421,343,78
S01011740,Whole house or bungalow: Total,604,327,95,232,277,225,52
S01011740,Whole house or bungalow: Detached,29,15,5,10,14,12,2
S01011740,Whole house or bungalow: Semi-detached,54,24,5,19,30,24,6
S01011740,Whole house or bungalow: Terraced (including end-terrace),521,288,85,203,233,189,44
S01011740,Flat maisonette or apartment or mobile/temporary accommodation,179,35,15,20,144,118,26
S01011741,All people in households,657,424,150,274,233,171,62
S01011741,Whole house or bungalow: Total,499,366,135,231,133,88,45
S01011741,Whole house or bungalow: Detached,10,10,0,10,0,0,0
S01011741,Whole house or bungalow: Semi-detached,35,21,5,16,14,14,0
S01011741,Whole house or bungalow: Terraced (including end-terrace),454,335,130,205,119,74,45
S01011741,Flat maisonette or apartment or mobile/temporary accommodation,158,58,15,43,100,83,17
S01011742,All people in households,758,545,172,373,213,157,56
S01011742,Whole house or bungalow: Total,654,526,166,360,128,79,49
S01011742,Whole house or bungalow: Detached,11,11,0,11,0,0,0
S01011742,Whole house or bungalow: Semi-detached,14,11,4,7,3,3,0
S01011742,Whole house or bungalow: Terraced (including end-terrace),629,504,162,342,125,76,49
S01011742,Flat maisonette or apartment or mobile/temporary accommodation,104,19,6,13,85,78,7
S01011743,All people in households,797,537,202,335,260,144,116
S01011743,Whole house or bungalow: Total,569,414,170,244,155,108,47
S01011743,Whole house or bungalow: Detached,18,11,4,7,7,6,1
S01011743,Whole house or bungalow: Semi-detached,75,48,29,19,27,23,4
S01011743,Whole house or bungalow: Terraced (including end-terrace),476,355,137,218,121,79,42
S01011743,Flat maisonette or apartment or mobile/temporary accommodation,228,123,32,91,105,36,69
S01011744,All people in households,849,475,199,276,374,224,150
S01011744,Whole house or bungalow: Total,520,350,110,240,170,119,51
S01011744,Whole house or bungalow: Detached,16,6,1,5,10,6,4
S01011744,Whole house or bungalow: Semi-detached,82,46,8,38,36,28,8
S01011744,Whole house or bungalow: Terraced (including end-terrace),422,298,101,197,124,85,39
S01011744,Flat maisonette or apartment or mobile/temporary accommodation,329,125,89,36,204,105,99
S01011745,All people in households,711,403,161,242,308,248,60
S01011745,Whole house or bungalow: Total,603,389,155,234,214,164,50
S01011745,Whole house or bungalow: Detached,13,11,1,10,2,0,2
S01011745,Whole house or bungalow: Semi-detached,51,20,5,15,31,25,6
S01011745,Whole house or bungalow: Terraced (including end-terrace),539,358,149,209,181,139,42
S01011745,Flat maisonette or apartment or mobile/temporary accommodation,108,14,6,8,94,84,10
S01011746,All people in households,539,285,84,201,254,158,96
S01011746,Whole house or bungalow: Total,519,280,82,198,239,147,92
S01011746,Whole house or bungalow: Detached,20,6,2,4,14,9,5
S01011746,Whole house or bungalow: Semi-detached,49,15,2,13,34,18,16
S01011746,Whole house or bungalow: Terraced (including end-terrace),450,259,78,181,191,120,71
S01011746,Flat maisonette or apartment or mobile/temporary accommodation,20,5,2,3,15,11,4
S01011747,All people in households,992,458,136,322,534,357,177
S01011747,Whole house or bungalow: Total,779,424,129,295,355,237,118
S01011747,Whole house or bungalow: Detached,31,24,6,18,7,3,4
S01011747,Whole house or bungalow: Semi-detached,86,47,8,39,39,30,9
S01011747,Whole house or bungalow: Terraced (including end-terrace),662,353,115,238,309,204,105
S01011747,Flat maisonette or apartment or mobile/temporary accommodation,213,34,7,27,179,120,59
S01011748,All people in households,878,453,100,353,425,224,201
S01011748,Whole house or bungalow: Total,687,394,90,304,293,195,98
S01011748,Whole house or bungalow: Detached,23,6,4,2,17,11,6
S01011748,Whole house or bungalow: Semi-detached,20,9,1,8,11,5,6
S01011748,Whole house or bungalow: Terraced (including end-terrace),644,379,85,294,265,179,86
S01011748,Flat maisonette or apartment or mobile/temporary accommodation,191,59,10,49,132,29,103
S01011749,All people in households,769,222,45,177,547,330,217
S01011749,Whole house or bungalow: Total,384,105,22,83,279,220,59
S01011749,Whole house or bungalow: Detached,14,4,4,0,10,4,6
S01011749,Whole house or bungalow: Semi-detached,48,14,0,14,34,30,4
S01011749,Whole house or bungalow: Terraced (including end-terrace),322,87,18,69,235,186,49
S01011749,Flat maisonette or apartment or mobile/temporary accommodation,385,117,23,94,268,110,158
S01011750,All people in households,876,576,198,378,300,178,122
S01011750,Whole house or bungalow: Total,692,539,192,347,153,90,63
S01011750,Whole house or bungalow: Detached,7,7,2,5,0,0,0
S01011750,Whole house or bungalow: Semi-detached,65,42,9,33,23,11,12
S01011750,Whole house or bungalow: Terraced (including end-terrace),620,490,181,309,130,79,51
S01011750,Flat maisonette or apartment or mobile/temporary accommodation,184,37,6,31,147,88,59
S01011751,All people in households,972,407,90,317,565,333,232
S01011751,Whole house or bungalow: Total,138,104,31,73,34,27,7
S01011751,Whole house or bungalow: Detached,16,11,3,8,5,0,5
S01011751,Whole house or bungalow: Semi-detached,16,16,9,7,0,0,0
S01011751,Whole house or bungalow: Terraced (including end-terrace),106,77,19,58,29,27,2
S01011751,Flat maisonette or apartment or mobile/temporary accommodation,834,303,59,244,531,306,225
S01011752,All people in households,921,625,157,468,296,150,146
S01011752,Whole house or bungalow: Total,653,451,142,309,202,128,74
S01011752,Whole house or bungalow: Detached,14,7,0,7,7,2,5
S01011752,Whole house or bungalow: Semi-detached,78,62,9,53,16,4,12
S01011752,Whole house or bungalow: Terraced (including end-terrace),561,382,133,249,179,122,57
S01011752,Flat maisonette or apartment or mobile/temporary accommodation,268,174,15,159,94,22,72
S01011753,All people in households,777,670,238,432,107,25,82
S01011753,Whole house or bungalow: Total,539,498,215,283,41,10,31
S01011753,Whole house or bungalow: Detached,250,245,111,134,5,1,4
S01011753,Whole house or bungalow: Semi-detached,110,101,41,60,9,4,5
S01011753,Whole house or bungalow: Terraced (including end-terrace),179,152,63,89,27,5,22
S01011753,Flat maisonette or apartment or mobile/temporary accommodation,238,172,23,149,66,15,51
S01011754,All people in households,764,573,169,404,191,119,72
S01011754,Whole house or bungalow: Total,721,557,161,396,164,103,61
S01011754,Whole house or bungalow: Detached,43,35,10,25,8,7,1
S01011754,Whole house or bungalow: Semi-detached,150,117,30,87,33,13,20
S01011754,Whole house or bungalow: Terraced (including end-terrace),528,405,121,284,123,83,40
S01011754,Flat maisonette or apartment or mobile/temporary accommodation,43,16,8,8,27,16,11
S01011755,All people in households,939,608,158,450,331,177,154
S01011755,Whole house or bungalow: Total,556,452,143,309,104,46,58
S01011755,Whole house or bungalow: Detached,27,21,9,12,6,6,0
S01011755,Whole house or bungalow: Semi-detached,75,58,15,43,17,7,10
S01011755,Whole house or bungalow: Terraced (including end-terrace),454,373,119,254,81,33,48
S01011755,Flat maisonette or apartment or mobile/temporary accommodation,383,156,15,141,227,131,96
S01011756,All people in households,990,706,165,541,284,145,139
S01011756,Whole house or bungalow: Total,656,551,142,409,105,55,50
S01011756,Whole house or bungalow: Detached,8,7,7,0,1,1,0
S01011756,Whole house or bungalow: Semi-detached,49,41,13,28,8,6,2
S01011756,Whole house or bungalow: Terraced (including end-terrace),599,503,122,381,96,48,48
S01011756,Flat maisonette or apartment or mobile/temporary accommodation,334,155,23,132,179,90,89
S01011757,All people in households,730,487,143,344,243,168,75
S01011757,Whole house or bungalow: Total,540,425,125,300,115,93,22
S01011757,Whole house or bungalow: Detached,8,7,0,7,1,1,0
S01011757,Whole house or bungalow: Semi-detached,61,38,11,27,23,21,2
S01011757,Whole house or bungalow: Terraced (including end-terrace),471,380,114,266,91,71,20
S01011757,Flat maisonette or apartment or mobile/temporary accommodation,190,62,18,44,128,75,53
S01011758,All people in households,624,486,98,388,138,83,55
S01011758,Whole house or bungalow: Total,591,469,91,378,122,76,46
S01011758,Whole house or bungalow: Detached,22,22,4,18,0,0,0
S01011758,Whole house or bungalow: Semi-detached,39,34,10,24,5,3,2
S01011758,Whole house or bungalow: Terraced (including end-terrace),530,413,77,336,117,73,44
S01011758,Flat maisonette or apartment or mobile/temporary accommodation,33,17,7,10,16,7,9
S01011759,All people in households,836,677,228,449,159,96,63
S01011759,Whole house or bungalow: Total,828,673,228,445,155,94,61
S01011759,Whole house or bungalow: Detached,27,20,5,15,7,1,6
S01011759,Whole house or bungalow: Semi-detached,145,138,54,84,7,7,0
S01011759,Whole house or bungalow: Terraced (including end-terrace),656,515,169,346,141,86,55
S01011759,Flat maisonette or apartment or mobile/temporary accommodation,8,4,0,4,4,2,2
S01011760,All people in households,884,650,197,453,234,143,91
S01011760,Whole house or bungalow: Total,550,468,161,307,82,60,22
S01011760,Whole house or bungalow: Detached,22,19,4,15,3,3,0
S01011760,Whole house or bungalow: Semi-detached,108,84,36,48,24,18,6
S01011760,Whole house or bungalow: Terraced (including end-terrace),420,365,121,244,55,39,16
S01011760,Flat maisonette or apartment or mobile/temporary accommodation,334,182,36,146,152,83,69
S01011761,All people in households,720,445,68,377,275,193,82
S01011761,Whole house or bungalow: Total,680,441,68,373,239,171,68
S01011761,Whole house or bungalow: Detached,15,0,0,0,15,11,4
S01011761,Whole house or bungalow: Semi-detached,123,81,6,75,42,27,15
S01011761,Whole house or bungalow: Terraced (including end-terrace),542,360,62,298,182,133,49
S01011761,Flat maisonette or apartment or mobile/temporary accommodation,40,4,0,4,36,22,14
S01011762,All people in households,656,378,98,280,278,157,121
S01011762,Whole house or bungalow: Total,302,235,75,160,67,33,34
S01011762,Whole house or bungalow: Detached,10,10,5,5,0,0,0
S01011762,Whole house or bungalow: Semi-detached,33,30,6,24,3,3,0
S01011762,Whole house or bungalow: Terraced (including end-terrace),259,195,64,131,64,30,34
S01011762,Flat maisonette or apartment or mobile/temporary accommodation,354,143,23,120,211,124,87
S01011763,All people in households,773,610,141,469,163,132,31
S01011763,Whole house or bungalow: Total,690,572,139,433,118,100,18
S01011763,Whole house or bungalow: Detached,15,14,0,14,1,1,0
S01011763,Whole house or bungalow: Semi-detached,66,48,12,36,18,15,3
S01011763,Whole house or bungalow: Terraced (including end-terrace),609,510,127,383,99,84,15
S01011763,Flat maisonette or apartment or mobile/temporary accommodation,83,38,2,36,45,32,13
S01011764,All people in households,403,342,98,244,61,45,16
S01011764,Whole house or bungalow: Total,394,338,98,240,56,40,16
S01011764,Whole house or bungalow: Detached,7,7,0,7,0,0,0
S01011764,Whole house or bungalow: Semi-detached,24,22,3,19,2,0,2
S01011764,Whole house or bungalow: Terraced (including end-terrace),363,309,95,214,54,40,14
S01011764,Flat maisonette or apartment or mobile/temporary accommodation,9,4,0,4,5,5,0
S01011765,All people in households,974,891,186,705,83,21,62
S01011765,Whole house or bungalow: Total,944,873,182,691,71,16,55
S01011765,Whole house or bungalow: Detached,352,336,82,254,16,2,14
S01011765,Whole house or bungalow: Semi-detached,472,435,71,364,37,2,35
S01011765,Whole house or bungalow: Terraced (including end-terrace),120,102,29,73,18,12,6
S01011765,Flat maisonette or apartment or mobile/temporary accommodation,30,18,4,14,12,5,7
S01011766,All people in households,513,457,131,326,56,33,23
S01011766,Whole house or bungalow: Total,482,446,127,319,36,22,14
S01011766,Whole house or bungalow: Detached,301,295,88,207,6,2,4
S01011766,Whole house or bungalow: Semi-detached,131,107,25,82,24,14,10
S01011766,Whole house or bungalow: Terraced (including end-terrace),50,44,14,30,6,6,0
S01011766,Flat maisonette or apartment or mobile/temporary accommodation,31,11,4,7,20,11,9
S01011767,All people in households,848,526,186,340,322,212,110
S01011767,Whole house or bungalow: Total,534,388,145,243,146,95,51
S01011767,Whole house or bungalow: Detached,61,47,29,18,14,7,7
S01011767,Whole house or bungalow: Semi-detached,98,62,28,34,36,27,9
S01011767,Whole house or bungalow: Terraced (including end-terrace),375,279,88,191,96,61,35
S01011767,Flat maisonette or apartment or mobile/temporary accommodation,314,138,41,97,176,117,59
S01011768,All people in households,694,348,84,264,346,255,91
S01011768,Whole house or bungalow: Total,260,205,60,145,55,37,18
S01011768,Whole house or bungalow: Detached,12,7,2,5,5,0,5
S01011768,Whole house or bungalow: Semi-detached,59,45,17,28,14,4,10
S01011768,Whole house or bungalow: Terraced (including end-terrace),189,153,41,112,36,33,3
S01011768,Flat maisonette or apartment or mobile/temporary accommodation,434,143,24,119,291,218,73
S01011769,All people in households,607,425,179,246,182,98,84
S01011769,Whole house or bungalow: Total,431,349,130,219,82,32,50
S01011769,Whole house or bungalow: Detached,11,6,0,6,5,0,5
S01011769,Whole house or bungalow: Semi-detached,23,23,8,15,0,0,0
S01011769,Whole house or bungalow: Terraced (including end-terrace),397,320,122,198,77,32,45
S01011769,Flat maisonette or apartment or mobile/temporary accommodation,176,76,49,27,100,66,34
S01011770,All people in households,808,525,184,341,283,181,102
S01011770,Whole house or bungalow: Total,623,467,133,334,156,102,54
S01011770,Whole house or bungalow: Detached,23,18,5,13,5,0,5
S01011770,Whole house or bungalow: Semi-detached,25,16,8,8,9,6,3
S01011770,Whole house or bungalow: Terraced (including end-terrace),575,433,120,313,142,96,46
S01011770,Flat maisonette or apartment or mobile/temporary accommodation,185,58,51,7,127,79,48
S01011771,All people in households,667,625,111,514,42,17,25
S01011771,Whole house or bungalow: Total,645,619,108,511,26,1,25
S01011771,Whole house or bungalow: Detached,446,436,92,344,10,0,10
S01011771,Whole house or bungalow: Semi-detached,178,169,14,155,9,0,9
S01011771,Whole house or bungalow: Terraced (including end-terrace),21,14,2,12,7,1,6
S01011771,Flat maisonette or apartment or mobile/temporary accommodation,22,6,3,3,16,16,0
S01011772,All people in households,1102,1049,292,757,53,32,21
S01011772,Whole house or bungalow: Total,1083,1049,292,757,34,15,19
S01011772,Whole house or bungalow: Detached,982,968,270,698,14,4,10
S01011772,Whole house or bungalow: Semi-detached,74,58,14,44,16,7,9
S01011772,Whole house or bungalow: Terraced (including end-terrace),27,23,8,15,4,4,0
S01011772,Flat maisonette or apartment or mobile/temporary accommodation,19,0,0,0,19,17,2
S01011773,All people in households,596,571,58,513,25,10,15
S01011773,Whole house or bungalow: Total,587,565,58,507,22,7,15
S01011773,Whole house or bungalow: Detached,326,317,28,289,9,4,5
S01011773,Whole house or bungalow: Semi-detached,214,205,24,181,9,0,9
S01011773,Whole house or bungalow: Terraced (including end-terrace),47,43,6,37,4,3,1
S01011773,Flat maisonette or apartment or mobile/temporary accommodation,9,6,0,6,3,3,0
S01011774,All people in households,941,664,71,593,277,224,53
S01011774,Whole house or bungalow: Total,816,633,66,567,183,157,26
S01011774,Whole house or bungalow: Detached,451,427,46,381,24,9,15
S01011774,Whole house or bungalow: Semi-detached,238,191,15,176,47,39,8
S01011774,Whole house or bungalow: Terraced (including end-terrace),127,15,5,10,112,109,3
S01011774,Flat maisonette or apartment or mobile/temporary accommodation,125,31,5,26,94,67,27
S01011775,All people in households,667,635,93,542,32,9,23
S01011775,Whole house or bungalow: Total,663,635,93,542,28,5,23
S01011775,Whole house or bungalow: Detached,477,464,57,407,13,0,13
S01011775,Whole house or bungalow: Semi-detached,122,112,25,87,10,5,5
S01011775,Whole house or bungalow: Terraced (including end-terrace),64,59,11,48,5,0,5
S01011775,Flat maisonette or apartment or mobile/temporary accommodation,4,0,0,0,4,4,0
S01011776,All people in households,1097,1023,122,901,74,21,53
S01011776,Whole house or bungalow: Total,1083,1023,122,901,60,7,53
S01011776,Whole house or bungalow: Detached,935,894,112,782,41,0,41
S01011776,Whole house or bungalow: Semi-detached,90,87,8,79,3,0,3
S01011776,Whole house or bungalow: Terraced (including end-terrace),58,42,2,40,16,7,9
S01011776,Flat maisonette or apartment or mobile/temporary accommodation,14,0,0,0,14,14,0
S01011777,All people in households,645,546,85,461,99,55,44
S01011777,Whole house or bungalow: Total,575,516,77,439,59,26,33
S01011777,Whole house or bungalow: Detached,288,276,33,243,12,0,12
S01011777,Whole house or bungalow: Semi-detached,167,151,22,129,16,9,7
S01011777,Whole house or bungalow: Terraced (including end-terrace),120,89,22,67,31,17,14
S01011777,Flat maisonette or apartment or mobile/temporary accommodation,70,30,8,22,40,29,11
S01011778,All people in households,634,496,52,444,138,50,88
S01011778,Whole house or bungalow: Total,532,479,51,428,53,41,12
S01011778,Whole house or bungalow: Detached,368,362,40,322,6,2,4
S01011778,Whole house or bungalow: Semi-detached,21,17,0,17,4,4,0
S01011778,Whole house or bungalow: Terraced (including end-terrace),143,100,11,89,43,35,8
S01011778,Flat maisonette or apartment or mobile/temporary accommodation,102,17,1,16,85,9,76
S01011779,All people in households,793,752,203,549,41,9,32
S01011779,Whole house or bungalow: Total,751,723,191,532,28,6,22
S01011779,Whole house or bungalow: Detached,411,400,100,300,11,0,11
S01011779,Whole house or bungalow: Semi-detached,299,285,85,200,14,5,9
S01011779,Whole house or bungalow: Terraced (including end-terrace),41,38,6,32,3,1,2
S01011779,Flat maisonette or apartment or mobile/temporary accommodation,42,29,12,17,13,3,10
S01011780,All people in households,939,900,229,671,39,8,31
S01011780,Whole house or bungalow: Total,929,896,229,667,33,2,31
S01011780,Whole house or bungalow: Detached,748,723,192,531,25,0,25
S01011780,Whole house or bungalow: Semi-detached,153,147,28,119,6,0,6
S01011780,Whole house or bungalow: Terraced (including end-terrace),28,26,9,17,2,2,0
S01011780,Flat maisonette or apartment or mobile/temporary accommodation,10,4,0,4,6,6,0
S01011781,All people in households,584,570,120,450,14,9,5
S01011781,Whole house or bungalow: Total,580,570,120,450,10,5,5
S01011781,Whole house or bungalow: Detached,490,488,74,414,2,0,2
S01011781,Whole house or bungalow: Semi-detached,75,72,45,27,3,0,3
S01011781,Whole house or bungalow: Terraced (including end-terrace),15,10,1,9,5,5,0
S01011781,Flat maisonette or apartment or mobile/temporary accommodation,4,0,0,0,4,4,0
S01011782,All people in households,683,657,196,461,26,16,10
S01011782,Whole house or bungalow: Total,662,640,194,446,22,12,10
S01011782,Whole house or bungalow: Detached,485,481,156,325,4,0,4
S01011782,Whole house or bungalow: Semi-detached,139,129,25,104,10,4,6
S01011782,Whole house or bungalow: Terraced (including end-terrace),38,30,13,17,8,8,0
S01011782,Flat maisonette or apartment or mobile/temporary accommodation,21,17,2,15,4,4,0
S01011783,All people in households,575,547,179,368,28,11,17
S01011783,Whole house or bungalow: Total,556,535,179,356,21,7,14
S01011783,Whole house or bungalow: Detached,321,321,136,185,0,0,0
S01011783,Whole house or bungalow: Semi-detached,175,164,33,131,11,2,9
S01011783,Whole house or bungalow: Terraced (including end-terrace),60,50,10,40,10,5,5
S01011783,Flat maisonette or apartment or mobile/temporary accommodation,19,12,0,12,7,4,3
S01011784,All people in households,793,408,101,307,385,323,62
S01011784,Whole house or bungalow: Total,745,378,96,282,367,314,53
S01011784,Whole house or bungalow: Detached,40,28,11,17,12,6,6
S01011784,Whole house or bungalow: Semi-detached,104,53,26,27,51,38,13
S01011784,Whole house or bungalow: Terraced (including end-terrace),601,297,59,238,304,270,34
S01011784,Flat maisonette or apartment or mobile/temporary accommodation,48,30,5,25,18,9,9
S01011785,All people in households,873,613,146,467,260,179,81
S01011785,Whole house or bungalow: Total,858,609,146,463,249,175,74
S01011785,Whole house or bungalow: Detached,43,36,11,25,7,1,6
S01011785,Whole house or bungalow: Semi-detached,109,71,12,59,38,34,4
S01011785,Whole house or bungalow: Terraced (including end-terrace),706,502,123,379,204,140,64
S01011785,Flat maisonette or apartment or mobile/temporary accommodation,15,4,0,4,11,4,7
S01011786,All people in households,431,391,38,353,40,12,28
S01011786,Whole house or bungalow: Total,427,391,38,353,36,8,28
S01011786,Whole house or bungalow: Detached,248,243,18,225,5,0,5
S01011786,Whole house or bungalow: Semi-detached,166,143,20,123,23,0,23
S01011786,Whole house or bungalow: Terraced (including end-terrace),13,5,0,5,8,8,0
S01011786,Flat maisonette or apartment or mobile/temporary accommodation,4,0,0,0,4,4,0
S01011787,All people in households,1026,516,171,345,510,469,41
S01011787,Whole house or bungalow: Total,557,410,153,257,147,119,28
S01011787,Whole house or bungalow: Detached,72,66,32,34,6,1,5
S01011787,Whole house or bungalow: Semi-detached,135,113,33,80,22,16,6
S01011787,Whole house or bungalow: Terraced (including end-terrace),350,231,88,143,119,102,17
S01011787,Flat maisonette or apartment or mobile/temporary accommodation,469,106,18,88,363,350,13
S01011788,All people in households,697,653,178,475,44,16,28
S01011788,Whole house or bungalow: Total,691,653,178,475,38,12,26
S01011788,Whole house or bungalow: Detached,591,569,153,416,22,0,22
S01011788,Whole house or bungalow: Semi-detached,52,48,1,47,4,0,4
S01011788,Whole house or bungalow: Terraced (including end-terrace),48,36,24,12,12,12,0
S01011788,Flat maisonette or apartment or mobile/temporary accommodation,6,0,0,0,6,4,2
S01011789,All people in households,660,535,243,292,125,83,42
S01011789,Whole house or bungalow: Total,611,515,236,279,96,62,34
S01011789,Whole house or bungalow: Detached,259,247,121,126,12,1,11
S01011789,Whole house or bungalow: Semi-detached,182,140,61,79,42,30,12
S01011789,Whole house or bungalow: Terraced (including end-terrace),170,128,54,74,42,31,11
S01011789,Flat maisonette or apartment or mobile/temporary accommodation,49,20,7,13,29,21,8
S01011790,All people in households,998,628,217,411,370,335,35
S01011790,Whole house or bungalow: Total,529,471,179,292,58,45,13
S01011790,Whole house or bungalow: Detached,372,349,131,218,23,12,11
S01011790,Whole house or bungalow: Semi-detached,88,69,30,39,19,17,2
S01011790,Whole house or bungalow: Terraced (including end-terrace),69,53,18,35,16,16,0
S01011790,Flat maisonette or apartment or mobile/temporary accommodation,469,157,38,119,312,290,22
S01011791,All people in households,735,402,122,280,333,256,77
S01011791,Whole house or bungalow: Total,313,241,82,159,72,43,29
S01011791,Whole house or bungalow: Detached,90,74,33,41,16,6,10
S01011791,Whole house or bungalow: Semi-detached,145,110,26,84,35,19,16
S01011791,Whole house or bungalow: Terraced (including end-terrace),78,57,23,34,21,18,3
S01011791,Flat maisonette or apartment or mobile/temporary accommodation,422,161,40,121,261,213,48
S01011792,All people in households,888,527,218,309,361,266,95
S01011792,Whole house or bungalow: Total,433,338,136,202,95,73,22
S01011792,Whole house or bungalow: Detached,254,229,94,135,25,20,5
S01011792,Whole house or bungalow: Semi-detached,62,49,23,26,13,13,0
S01011792,Whole house or bungalow: Terraced (including end-terrace),117,60,19,41,57,40,17
S01011792,Flat maisonette or apartment or mobile/temporary accommodation,455,189,82,107,266,193,73
S01011793,All people in households,660,506,209,297,154,84,70
S01011793,Whole house or bungalow: Total,429,366,139,227,63,41,22
S01011793,Whole house or bungalow: Detached,212,205,77,128,7,5,2
S01011793,Whole house or bungalow: Semi-detached,180,129,49,80,51,32,19
S01011793,Whole house or bungalow: Terraced (including end-terrace),37,32,13,19,5,4,1
S01011793,Flat maisonette or apartment or mobile/temporary accommodation,231,140,70,70,91,43,48
S01011794,All people in households,884,517,172,345,367,279,88
S01011794,Whole house or bungalow: Total,494,359,137,222,135,94,41
S01011794,Whole house or bungalow: Detached,158,129,64,65,29,23,6
S01011794,Whole house or bungalow: Semi-detached,149,105,29,76,44,27,17
S01011794,Whole house or bungalow: Terraced (including end-terrace),187,125,44,81,62,44,18
S01011794,Flat maisonette or apartment or mobile/temporary accommodation,390,158,35,123,232,185,47
S01011795,All people in households,627,316,122,194,311,226,85
S01011795,Whole house or bungalow: Total,208,172,71,101,36,24,12
S01011795,Whole house or bungalow: Detached,82,78,40,38,4,4,0
S01011795,Whole house or bungalow: Semi-detached,100,78,28,50,22,14,8
S01011795,Whole house or bungalow: Terraced (including end-terrace),26,16,3,13,10,6,4
S01011795,Flat maisonette or apartment or mobile/temporary accommodation,419,144,51,93,275,202,73
S01011796,All people in households,774,331,84,247,443,377,66
S01011796,Whole house or bungalow: Total,175,126,41,85,49,43,6
S01011796,Whole house or bungalow: Detached,51,45,12,33,6,4,2
S01011796,Whole house or bungalow: Semi-detached,83,62,24,38,21,21,0
S01011796,Whole house or bungalow: Terraced (including end-terrace),41,19,5,14,22,18,4
S01011796,Flat maisonette or apartment or mobile/temporary accommodation,599,205,43,162,394,334,60
S01011797,All people in households,1012,968,334,634,44,15,29
S01011797,Whole house or bungalow: Total,947,923,317,606,24,6,18
S01011797,Whole house or bungalow: Detached,557,550,206,344,7,0,7
S01011797,Whole house or bungalow: Semi-detached,362,351,107,244,11,6,5
S01011797,Whole house or bungalow: Terraced (including end-terrace),28,22,4,18,6,0,6
S01011797,Flat maisonette or apartment or mobile/temporary accommodation,65,45,17,28,20,9,11
S01011798,All people in households,550,332,75,257,218,161,57
S01011798,Whole house or bungalow: Total,151,108,21,87,43,38,5
S01011798,Whole house or bungalow: Detached,20,20,4,16,0,0,0
S01011798,Whole house or bungalow: Semi-detached,80,59,11,48,21,17,4
S01011798,Whole house or bungalow: Terraced (including end-terrace),51,29,6,23,22,21,1
S01011798,Flat maisonette or apartment or mobile/temporary accommodation,399,224,54,170,175,123,52
S01011799,All people in households,918,763,298,465,155,131,24
S01011799,Whole house or bungalow: Total,791,678,274,404,113,98,15
S01011799,Whole house or bungalow: Detached,291,281,146,135,10,6,4
S01011799,Whole house or bungalow: Semi-detached,205,181,70,111,24,21,3
S01011799,Whole house or bungalow: Terraced (including end-terrace),295,216,58,158,79,71,8
S01011799,Flat maisonette or apartment or mobile/temporary accommodation,127,85,24,61,42,33,9
S01011800,All people in households,519,340,114,226,179,138,41
S01011800,Whole house or bungalow: Total,476,323,109,214,153,116,37
S01011800,Whole house or bungalow: Detached,16,16,5,11,0,0,0
S01011800,Whole house or bungalow: Semi-detached,122,87,29,58,35,24,11
S01011800,Whole house or bungalow: Terraced (including end-terrace),338,220,75,145,118,92,26
S01011800,Flat maisonette or apartment or mobile/temporary accommodation,43,17,5,12,26,22,4
S01011801,All people in households,608,324,83,241,284,245,39
S01011801,Whole house or bungalow: Total,386,274,80,194,112,92,20
S01011801,Whole house or bungalow: Detached,16,16,7,9,0,0,0
S01011801,Whole house or bungalow: Semi-detached,60,42,11,31,18,12,6
S01011801,Whole house or bungalow: Terraced (including end-terrace),310,216,62,154,94,80,14
S01011801,Flat maisonette or apartment or mobile/temporary accommodation,222,50,3,47,172,153,19
S01011802,All people in households,731,447,154,293,284,239,45
S01011802,Whole house or bungalow: Total,474,357,132,225,117,88,29
S01011802,Whole house or bungalow: Detached,26,26,11,15,0,0,0
S01011802,Whole house or bungalow: Semi-detached,140,108,37,71,32,24,8
S01011802,Whole house or bungalow: Terraced (including end-terrace),308,223,84,139,85,64,21
S01011802,Flat maisonette or apartment or mobile/temporary accommodation,257,90,22,68,167,151,16
S01011803,All people in households,593,371,108,263,222,174,48
S01011803,Whole house or bungalow: Total,559,354,101,253,205,159,46
S01011803,Whole house or bungalow: Detached,91,78,33,45,13,4,9
S01011803,Whole house or bungalow: Semi-detached,276,173,44,129,103,73,30
S01011803,Whole house or bungalow: Terraced (including end-terrace),192,103,24,79,89,82,7
S01011803,Flat maisonette or apartment or mobile/temporary accommodation,34,17,7,10,17,15,2
S01011804,All people in households,724,395,191,204,329,240,89
S01011804,Whole house or bungalow: Total,641,374,186,188,267,193,74
S01011804,Whole house or bungalow: Detached,149,108,62,46,41,16,25
S01011804,Whole house or bungalow: Semi-detached,301,183,81,102,118,89,29
S01011804,Whole house or bungalow: Terraced (including end-terrace),191,83,43,40,108,88,20
S01011804,Flat maisonette or apartment or mobile/temporary accommodation,83,21,5,16,62,47,15
S01011805,All people in households,534,333,207,126,201,78,123
S01011805,Whole house or bungalow: Total,448,306,189,117,142,70,72
S01011805,Whole house or bungalow: Detached,181,154,100,54,27,7,20
S01011805,Whole house or bungalow: Semi-detached,174,110,53,57,64,45,19
S01011805,Whole house or bungalow: Terraced (including end-terrace),93,42,36,6,51,18,33
S01011805,Flat maisonette or apartment or mobile/temporary accommodation,86,27,18,9,59,8,51
S01011806,All people in households,768,594,314,280,174,111,63
S01011806,Whole house or bungalow: Total,751,590,310,280,161,107,54
S01011806,Whole house or bungalow: Detached,527,477,269,208,50,6,44
S01011806,Whole house or bungalow: Semi-detached,197,101,36,65,96,88,8
S01011806,Whole house or bungalow: Terraced (including end-terrace),27,12,5,7,15,13,2
S01011806,Flat maisonette or apartment or mobile/temporary accommodation,17,4,4,0,13,4,9
S01011807,All people in households,1063,879,518,361,184,49,135
S01011807,Whole house or bungalow: Total,1052,875,514,361,177,49,128
S01011807,Whole house or bungalow: Detached,941,834,494,340,107,5,102
S01011807,Whole house or bungalow: Semi-detached,96,36,18,18,60,40,20
S01011807,Whole house or bungalow: Terraced (including end-terrace),15,5,2,3,10,4,6
S01011807,Flat maisonette or apartment or mobile/temporary accommodation,11,4,4,0,7,0,7
S01011808,All people in households,623,450,232,218,173,97,76
S01011808,Whole house or bungalow: Total,611,448,231,217,163,95,68
S01011808,Whole house or bungalow: Detached,420,355,199,156,65,17,48
S01011808,Whole house or bungalow: Semi-detached,184,86,27,59,98,78,20
S01011808,Whole house or bungalow: Terraced (including end-terrace),7,7,5,2,0,0,0
S01011808,Flat maisonette or apartment or mobile/temporary accommodation,12,2,1,1,10,2,8
S01011809,All people in households,715,587,333,254,128,35,93
S01011809,Whole house or bungalow: Total,711,587,333,254,124,35,89
S01011809,Whole house or bungalow: Detached,625,551,317,234,74,0,74
S01011809,Whole house or bungalow: Semi-detached,80,30,16,14,50,35,15
S01011809,Whole house or bungalow: Terraced (including end-terrace),6,6,0,6,0,0,0
S01011809,Flat maisonette or apartment or mobile/temporary accommodation,4,0,0,0,4,0,4
S01011810,All people in households,940,790,466,324,150,66,84
S01011810,Whole house or bungalow: Total,931,784,464,320,147,66,81
S01011810,Whole house or bungalow: Detached,789,727,448,279,62,2,60
S01011810,Whole house or bungalow: Semi-detached,139,54,13,41,85,64,21
S01011810,Whole house or bungalow: Terraced (including end-terrace),3,3,3,0,0,0,0
S01011810,Flat maisonette or apartment or mobile/temporary accommodation,9,6,2,4,3,0,3
S01011811,All people in households,1052,902,511,391,150,18,132
S01011811,Whole house or bungalow: Total,1041,898,508,390,143,17,126
S01011811,Whole house or bungalow: Detached,993,875,495,380,118,2,116
S01011811,Whole house or bungalow: Semi-detached,46,21,11,10,25,15,10
S01011811,Whole house or bungalow: Terraced (including end-terrace),2,2,2,0,0,0,0
S01011811,Flat maisonette or apartment or mobile/temporary accommodation,11,4,3,1,7,1,6
S01011812,All people in households,669,589,299,290,80,13,67
S01011812,Whole house or bungalow: Total,660,585,297,288,75,13,62
S01011812,Whole house or bungalow: Detached,612,553,283,270,59,0,59
S01011812,Whole house or bungalow: Semi-detached,44,28,14,14,16,13,3
S01011812,Whole house or bungalow: Terraced (including end-terrace),4,4,0,4,0,0,0
S01011812,Flat maisonette or apartment or mobile/temporary accommodation,9,4,2,2,5,0,5
S01011813,All people in households,748,627,324,303,121,61,60
S01011813,Whole house or bungalow: Total,740,623,321,302,117,61,56
S01011813,Whole house or bungalow: Detached,587,530,277,253,57,16,41
S01011813,Whole house or bungalow: Semi-detached,138,84,41,43,54,39,15
S01011813,Whole house or bungalow: Terraced (including end-terrace),15,9,3,6,6,6,0
S01011813,Flat maisonette or apartment or mobile/temporary accommodation,8,4,3,1,4,0,4
S01011814,All people in households,721,650,340,310,71,21,50
S01011814,Whole house or bungalow: Total,711,644,334,310,67,17,50
S01011814,Whole house or bungalow: Detached,655,608,306,302,47,7,40
S01011814,Whole house or bungalow: Semi-detached,53,36,28,8,17,7,10
S01011814,Whole house or bungalow: Terraced (including end-terrace),3,0,0,0,3,3,0
S01011814,Flat maisonette or apartment or mobile/temporary accommodation,10,6,6,0,4,4,0
S01011815,All people in households,814,669,279,390,145,82,63
S01011815,Whole house or bungalow: Total,795,669,279,390,126,79,47
S01011815,Whole house or bungalow: Detached,606,571,261,310,35,2,33
S01011815,Whole house or bungalow: Semi-detached,158,86,13,73,72,59,13
S01011815,Whole house or bungalow: Terraced (including end-terrace),31,12,5,7,19,18,1
S01011815,Flat maisonette or apartment or mobile/temporary accommodation,19,0,0,0,19,3,16
S01011816,All people in households,628,552,287,265,76,13,63
S01011816,Whole house or bungalow: Total,619,552,287,265,67,12,55
S01011816,Whole house or bungalow: Detached,585,526,276,250,59,6,53
S01011816,Whole house or bungalow: Semi-detached,30,22,10,12,8,6,2
S01011816,Whole house or bungalow: Terraced (including end-terrace),4,4,1,3,0,0,0
S01011816,Flat maisonette or apartment or mobile/temporary accommodation,9,0,0,0,9,1,8
S01011817,All people in households,724,635,336,299,89,10,79
S01011817,Whole house or bungalow: Total,711,633,334,299,78,9,69
S01011817,Whole house or bungalow: Detached,617,557,297,260,60,1,59
S01011817,Whole house or bungalow: Semi-detached,81,63,35,28,18,8,10
S01011817,Whole house or bungalow: Terraced (including end-terrace),13,13,2,11,0,0,0
S01011817,Flat maisonette or apartment or mobile/temporary accommodation,13,2,2,0,11,1,10
S01011818,All people in households,1091,828,370,458,263,184,79
S01011818,Whole house or bungalow: Total,1074,827,370,457,247,172,75
S01011818,Whole house or bungalow: Detached,577,537,273,264,40,12,28
S01011818,Whole house or bungalow: Semi-detached,416,256,84,172,160,113,47
S01011818,Whole house or bungalow: Terraced (including end-terrace),81,34,13,21,47,47,0
S01011818,Flat maisonette or apartment or mobile/temporary accommodation,17,1,0,1,16,12,4
S01011819,All people in households,835,560,228,332,275,160,115
S01011819,Whole house or bungalow: Total,791,546,227,319,245,150,95
S01011819,Whole house or bungalow: Detached,95,82,49,33,13,5,8
S01011819,Whole house or bungalow: Semi-detached,483,325,129,196,158,100,58
S01011819,Whole house or bungalow: Terraced (including end-terrace),213,139,49,90,74,45,29
S01011819,Flat maisonette or apartment or mobile/temporary accommodation,44,14,1,13,30,10,20
S01011820,All people in households,720,512,182,330,208,117,91
S01011820,Whole house or bungalow: Total,691,509,182,327,182,108,74
S01011820,Whole house or bungalow: Detached,387,344,130,214,43,10,33
S01011820,Whole house or bungalow: Semi-detached,218,115,33,82,103,64,39
S01011820,Whole house or bungalow: Terraced (including end-terrace),86,50,19,31,36,34,2
S01011820,Flat maisonette or apartment or mobile/temporary accommodation,29,3,0,3,26,9,17
S01011821,All people in households,430,179,64,115,251,174,77
S01011821,Whole house or bungalow: Total,314,151,58,93,163,111,52
S01011821,Whole house or bungalow: Detached,99,66,29,37,33,19,14
S01011821,Whole house or bungalow: Semi-detached,167,70,25,45,97,80,17
S01011821,Whole house or bungalow: Terraced (including end-terrace),48,15,4,11,33,12,21
S01011821,Flat maisonette or apartment or mobile/temporary accommodation,116,28,6,22,88,63,25
S01011822,All people in households,712,316,181,135,396,173,223
S01011822,Whole house or bungalow: Total,452,268,162,106,184,87,97
S01011822,Whole house or bungalow: Detached,147,112,86,26,35,12,23
S01011822,Whole house or bungalow: Semi-detached,166,79,45,34,87,49,38
S01011822,Whole house or bungalow: Terraced (including end-terrace),139,77,31,46,62,26,36
S01011822,Flat maisonette or apartment or mobile/temporary accommodation,260,48,19,29,212,86,126
S01011823,All people in households,608,404,185,219,204,143,61
S01011823,Whole house or bungalow: Total,599,403,185,218,196,139,57
S01011823,Whole house or bungalow: Detached,239,202,100,102,37,11,26
S01011823,Whole house or bungalow: Semi-detached,223,126,62,64,97,78,19
S01011823,Whole house or bungalow: Terraced (including end-terrace),137,75,23,52,62,50,12
S01011823,Flat maisonette or apartment or mobile/temporary accommodation,9,1,0,1,8,4,4
S01011824,All people in households,703,390,152,238,313,221,92
S01011824,Whole house or bungalow: Total,694,390,152,238,304,216,88
S01011824,Whole house or bungalow: Detached,120,109,69,40,11,7,4
S01011824,Whole house or bungalow: Semi-detached,224,93,44,49,131,96,35
S01011824,Whole house or bungalow: Terraced (including end-terrace),350,188,39,149,162,113,49
S01011824,Flat maisonette or apartment or mobile/temporary accommodation,9,0,0,0,9,5,4
S01011825,All people in households,535,366,173,193,169,67,102
S01011825,Whole house or bungalow: Total,477,354,170,184,123,47,76
S01011825,Whole house or bungalow: Detached,181,146,78,68,35,5,30
S01011825,Whole house or bungalow: Semi-detached,265,193,84,109,72,29,43
S01011825,Whole house or bungalow: Terraced (including end-terrace),31,15,8,7,16,13,3
S01011825,Flat maisonette or apartment or mobile/temporary accommodation,58,12,3,9,46,20,26
S01011826,All people in households,652,416,196,220,236,120,116
S01011826,Whole house or bungalow: Total,557,394,188,206,163,85,78
S01011826,Whole house or bungalow: Detached,278,249,130,119,29,7,22
S01011826,Whole house or bungalow: Semi-detached,206,92,39,53,114,75,39
S01011826,Whole house or bungalow: Terraced (including end-terrace),73,53,19,34,20,3,17
S01011826,Flat maisonette or apartment or mobile/temporary accommodation,95,22,8,14,73,35,38
S01011827,All people in households,527,369,301,68,158,91,67
S01011827,Whole house or bungalow: Total,515,363,298,65,152,88,64
S01011827,Whole house or bungalow: Detached,383,323,275,48,60,3,57
S01011827,Whole house or bungalow: Semi-detached,118,36,21,15,82,78,4
S01011827,Whole house or bungalow: Terraced (including end-terrace),14,4,2,2,10,7,3
S01011827,Flat maisonette or apartment or mobile/temporary accommodation,12,6,3,3,6,3,3
S01011828,All people in households,904,766,478,288,138,35,103
S01011828,Whole house or bungalow: Total,884,754,469,285,130,32,98
S01011828,Whole house or bungalow: Detached,724,641,398,243,83,7,76
S01011828,Whole house or bungalow: Semi-detached,122,90,49,41,32,20,12
S01011828,Whole house or bungalow: Terraced (including end-terrace),38,23,22,1,15,5,10
S01011828,Flat maisonette or apartment or mobile/temporary accommodation,20,12,9,3,8,3,5
S01011829,All people in households,409,339,174,165,70,31,39
S01011829,Whole house or bungalow: Total,401,339,174,165,62,31,31
S01011829,Whole house or bungalow: Detached,349,314,164,150,35,8,27
S01011829,Whole house or bungalow: Semi-detached,50,24,9,15,26,22,4
S01011829,Whole house or bungalow: Terraced (including end-terrace),2,1,1,0,1,1,0
S01011829,Flat maisonette or apartment or mobile/temporary accommodation,8,0,0,0,8,0,8
S01011830,All people in households,572,452,297,155,120,67,53
S01011830,Whole house or bungalow: Total,569,450,295,155,119,67,52
S01011830,Whole house or bungalow: Detached,459,411,270,141,48,3,45
S01011830,Whole house or bungalow: Semi-detached,95,31,21,10,64,58,6
S01011830,Whole house or bungalow: Terraced (including end-terrace),15,8,4,4,7,6,1
S01011830,Flat maisonette or apartment or mobile/temporary accommodation,3,2,2,0,1,0,1
S01011831,All people in households,896,721,531,190,175,52,123
S01011831,Whole house or bungalow: Total,875,700,517,183,175,52,123
S01011831,Whole house or bungalow: Detached,768,645,476,169,123,16,107
S01011831,Whole house or bungalow: Semi-detached,97,45,38,7,52,36,16
S01011831,Whole house or bungalow: Terraced (including end-terrace),10,10,3,7,0,0,0
S01011831,Flat maisonette or apartment or mobile/temporary accommodation,21,21,14,7,0,0,0
S01011832,All people in households,834,590,443,147,244,91,153
S01011832,Whole house or bungalow: Total,807,581,434,147,226,77,149
S01011832,Whole house or bungalow: Detached,664,534,407,127,130,6,124
S01011832,Whole house or bungalow: Semi-detached,132,41,21,20,91,67,24
S01011832,Whole house or bungalow: Terraced (including end-terrace),11,6,6,0,5,4,1
S01011832,Flat maisonette or apartment or mobile/temporary accommodation,27,9,9,0,18,14,4
S01011833,All people in households,959,849,352,497,110,26,84
S01011833,Whole house or bungalow: Total,941,849,352,497,92,21,71
S01011833,Whole house or bungalow: Detached,801,734,328,406,67,2,65
S01011833,Whole house or bungalow: Semi-detached,125,104,24,80,21,15,6
S01011833,Whole house or bungalow: Terraced (including end-terrace),15,11,0,11,4,4,0
S01011833,Flat maisonette or apartment or mobile/temporary accommodation,18,0,0,0,18,5,13
S01011834,All people in households,496,445,144,301,51,19,32
S01011834,Whole house or bungalow: Total,486,436,143,293,50,19,31
S01011834,Whole house or bungalow: Detached,397,371,134,237,26,0,26
S01011834,Whole house or bungalow: Semi-detached,55,40,8,32,15,13,2
S01011834,Whole house or bungalow: Terraced (including end-terrace),34,25,1,24,9,6,3
S01011834,Flat maisonette or apartment or mobile/temporary accommodation,10,9,1,8,1,0,1
S01011835,All people in households,685,607,256,351,78,12,66
S01011835,Whole house or bungalow: Total,668,596,245,351,72,12,60
S01011835,Whole house or bungalow: Detached,542,497,205,292,45,0,45
S01011835,Whole house or bungalow: Semi-detached,86,67,20,47,19,12,7
S01011835,Whole house or bungalow: Terraced (including end-terrace),40,32,20,12,8,0,8
S01011835,Flat maisonette or apartment or mobile/temporary accommodation,17,11,11,0,6,0,6
S01011836,All people in households,756,686,358,328,70,41,29
S01011836,Whole house or bungalow: Total,727,675,354,321,52,26,26
S01011836,Whole house or bungalow: Detached,567,554,298,256,13,0,13
S01011836,Whole house or bungalow: Semi-detached,126,93,47,46,33,20,13
S01011836,Whole house or bungalow: Terraced (including end-terrace),34,28,9,19,6,6,0
S01011836,Flat maisonette or apartment or mobile/temporary accommodation,29,11,4,7,18,15,3
S01011837,All people in households,620,533,224,309,87,15,72
S01011837,Whole house or bungalow: Total,588,510,220,290,78,15,63
S01011837,Whole house or bungalow: Detached,468,425,198,227,43,1,42
S01011837,Whole house or bungalow: Semi-detached,86,61,14,47,25,8,17
S01011837,Whole house or bungalow: Terraced (including end-terrace),34,24,8,16,10,6,4
S01011837,Flat maisonette or apartment or mobile/temporary accommodation,32,23,4,19,9,0,9
S01011838,All people in households,805,754,339,415,51,12,39
S01011838,Whole house or bungalow: Total,763,730,327,403,33,7,26
S01011838,Whole house or bungalow: Detached,620,601,281,320,19,0,19
S01011838,Whole house or bungalow: Semi-detached,124,118,45,73,6,2,4
S01011838,Whole house or bungalow: Terraced (including end-terrace),19,11,1,10,8,5,3
S01011838,Flat maisonette or apartment or mobile/temporary accommodation,42,24,12,12,18,5,13
S01011839,All people in households,962,836,353,483,126,20,106
S01011839,Whole house or bungalow: Total,934,824,350,474,110,12,98
S01011839,Whole house or bungalow: Detached,493,480,218,262,13,0,13
S01011839,Whole house or bungalow: Semi-detached,360,308,118,190,52,6,46
S01011839,Whole house or bungalow: Terraced (including end-terrace),81,36,14,22,45,6,39
S01011839,Flat maisonette or apartment or mobile/temporary accommodation,28,12,3,9,16,8,8
S01011840,All people in households,1001,786,301,485,215,121,94
S01011840,Whole house or bungalow: Total,971,781,296,485,190,99,91
S01011840,Whole house or bungalow: Detached,442,403,166,237,39,6,33
S01011840,Whole house or bungalow: Semi-detached,393,298,102,196,95,47,48
S01011840,Whole house or bungalow: Terraced (including end-terrace),136,80,28,52,56,46,10
S01011840,Flat maisonette or apartment or mobile/temporary accommodation,30,5,5,0,25,22,3
S01011841,All people in households,950,656,230,426,294,182,112
S01011841,Whole house or bungalow: Total,779,607,208,399,172,76,96
S01011841,Whole house or bungalow: Detached,381,354,117,237,27,1,26
S01011841,Whole house or bungalow: Semi-detached,237,161,61,100,76,42,34
S01011841,Whole house or bungalow: Terraced (including end-terrace),161,92,30,62,69,33,36
S01011841,Flat maisonette or apartment or mobile/temporary accommodation,171,49,22,27,122,106,16
S01011842,All people in households,965,627,225,402,338,249,89
S01011842,Whole house or bungalow: Total,821,573,205,368,248,181,67
S01011842,Whole house or bungalow: Detached,238,187,78,109,51,17,34
S01011842,Whole house or bungalow: Semi-detached,313,243,86,157,70,42,28
S01011842,Whole house or bungalow: Terraced (including end-terrace),270,143,41,102,127,122,5
S01011842,Flat maisonette or apartment or mobile/temporary accommodation,144,54,20,34,90,68,22
S01011843,All people in households,980,829,445,384,151,52,99
S01011843,Whole house or bungalow: Total,935,799,420,379,136,45,91
S01011843,Whole house or bungalow: Detached,775,691,364,327,84,0,84
S01011843,Whole house or bungalow: Semi-detached,137,95,52,43,42,35,7
S01011843,Whole house or bungalow: Terraced (including end-terrace),23,13,4,9,10,10,0
S01011843,Flat maisonette or apartment or mobile/temporary accommodation,45,30,25,5,15,7,8
S01011844,All people in households,753,647,269,378,106,30,76
S01011844,Whole house or bungalow: Total,694,620,267,353,74,10,64
S01011844,Whole house or bungalow: Detached,564,514,237,277,50,0,50
S01011844,Whole house or bungalow: Semi-detached,61,50,13,37,11,1,10
S01011844,Whole house or bungalow: Terraced (including end-terrace),69,56,17,39,13,9,4
S01011844,Flat maisonette or apartment or mobile/temporary accommodation,59,27,2,25,32,20,12
S01011845,All people in households,857,592,213,379,265,157,108
S01011845,Whole house or bungalow: Total,787,563,210,353,224,131,93
S01011845,Whole house or bungalow: Detached,339,291,135,156,48,10,38
S01011845,Whole house or bungalow: Semi-detached,250,147,50,97,103,71,32
S01011845,Whole house or bungalow: Terraced (including end-terrace),198,125,25,100,73,50,23
S01011845,Flat maisonette or apartment or mobile/temporary accommodation,70,29,3,26,41,26,15
S01011846,All people in households,869,674,329,345,195,76,119
S01011846,Whole house or bungalow: Total,761,629,316,313,132,29,103
S01011846,Whole house or bungalow: Detached,489,415,216,199,74,1,73
S01011846,Whole house or bungalow: Semi-detached,182,139,57,82,43,21,22
S01011846,Whole house or bungalow: Terraced (including end-terrace),90,75,43,32,15,7,8
S01011846,Flat maisonette or apartment or mobile/temporary accommodation,108,45,13,32,63,47,16
S01011847,All people in households,429,382,165,217,47,4,43
S01011847,Whole house or bungalow: Total,421,376,159,217,45,4,41
S01011847,Whole house or bungalow: Detached,354,327,141,186,27,0,27
S01011847,Whole house or bungalow: Semi-detached,49,41,16,25,8,1,7
S01011847,Whole house or bungalow: Terraced (including end-terrace),18,8,2,6,10,3,7
S01011847,Flat maisonette or apartment or mobile/temporary accommodation,8,6,6,0,2,0,2
S01011848,All people in households,727,541,264,277,186,67,119
S01011848,Whole house or bungalow: Total,676,508,254,254,168,58,110
S01011848,Whole house or bungalow: Detached,476,389,208,181,87,1,86
S01011848,Whole house or bungalow: Semi-detached,135,68,26,42,67,49,18
S01011848,Whole house or bungalow: Terraced (including end-terrace),65,51,20,31,14,8,6
S01011848,Flat maisonette or apartment or mobile/temporary accommodation,51,33,10,23,18,9,9
S01011849,All people in households,813,594,208,386,219,90,129
S01011849,Whole house or bungalow: Total,725,557,196,361,168,72,96
S01011849,Whole house or bungalow: Detached,300,238,98,140,62,0,62
S01011849,Whole house or bungalow: Semi-detached,334,265,80,185,69,47,22
S01011849,Whole house or bungalow: Terraced (including end-terrace),91,54,18,36,37,25,12
S01011849,Flat maisonette or apartment or mobile/temporary accommodation,88,37,12,25,51,18,33
S01011850,All people in households,672,479,246,233,193,9,184
S01011850,Whole house or bungalow: Total,564,422,212,210,142,0,142
S01011850,Whole house or bungalow: Detached,465,353,203,150,112,0,112
S01011850,Whole house or bungalow: Semi-detached,76,58,9,49,18,0,18
S01011850,Whole house or bungalow: Terraced (including end-terrace),23,11,0,11,12,0,12
S01011850,Flat maisonette or apartment or mobile/temporary accommodation,108,57,34,23,51,9,42
S01011851,All people in households,870,537,230,307,333,142,191
S01011851,Whole house or bungalow: Total,806,512,210,302,294,119,175
S01011851,Whole house or bungalow: Detached,333,218,106,112,115,3,112
S01011851,Whole house or bungalow: Semi-detached,325,193,77,116,132,91,41
S01011851,Whole house or bungalow: Terraced (including end-terrace),148,101,27,74,47,25,22
S01011851,Flat maisonette or apartment or mobile/temporary accommodation,64,25,20,5,39,23,16
S01011852,All people in households,976,612,209,403,364,205,159
S01011852,Whole house or bungalow: Total,756,577,196,381,179,73,106
S01011852,Whole house or bungalow: Detached,287,257,94,163,30,6,24
S01011852,Whole house or bungalow: Semi-detached,246,191,49,142,55,19,36
S01011852,Whole house or bungalow: Terraced (including end-terrace),223,129,53,76,94,48,46
S01011852,Flat maisonette or apartment or mobile/temporary accommodation,220,35,13,22,185,132,53
S01011853,All people in households,708,524,205,319,184,43,141
S01011853,Whole house or bungalow: Total,536,454,188,266,82,2,80
S01011853,Whole house or bungalow: Detached,366,309,133,176,57,0,57
S01011853,Whole house or bungalow: Semi-detached,120,103,30,73,17,2,15
S01011853,Whole house or bungalow: Terraced (including end-terrace),50,42,25,17,8,0,8
S01011853,Flat maisonette or apartment or mobile/temporary accommodation,172,70,17,53,102,41,61
S01011854,All people in households,745,531,307,224,214,94,120
S01011854,Whole house or bungalow: Total,658,495,290,205,163,80,83
S01011854,Whole house or bungalow: Detached,440,400,251,149,40,4,36
S01011854,Whole house or bungalow: Semi-detached,125,59,26,33,66,52,14
S01011854,Whole house or bungalow: Terraced (including end-terrace),93,36,13,23,57,24,33
S01011854,Flat maisonette or apartment or mobile/temporary accommodation,87,36,17,19,51,14,37
S01011855,All people in households,848,538,170,368,310,243,67
S01011855,Whole house or bungalow: Total,763,509,167,342,254,207,47
S01011855,Whole house or bungalow: Detached,158,138,50,88,20,7,13
S01011855,Whole house or bungalow: Semi-detached,275,162,62,100,113,93,20
S01011855,Whole house or bungalow: Terraced (including end-terrace),330,209,55,154,121,107,14
S01011855,Flat maisonette or apartment or mobile/temporary accommodation,85,29,3,26,56,36,20
S01011856,All people in households,691,640,328,312,51,7,44
S01011856,Whole house or bungalow: Total,685,639,328,311,46,7,39
S01011856,Whole house or bungalow: Detached,639,606,322,284,33,0,33
S01011856,Whole house or bungalow: Semi-detached,37,27,6,21,10,4,6
S01011856,Whole house or bungalow: Terraced (including end-terrace),9,6,0,6,3,3,0
S01011856,Flat maisonette or apartment or mobile/temporary accommodation,6,1,0,1,5,0,5
S01011857,All people in households,689,421,217,204,268,79,189
S01011857,Whole house or bungalow: Total,671,414,213,201,257,74,183
S01011857,Whole house or bungalow: Detached,434,310,160,150,124,0,124
S01011857,Whole house or bungalow: Semi-detached,159,70,36,34,89,39,50
S01011857,Whole house or bungalow: Terraced (including end-terrace),78,34,17,17,44,35,9
S01011857,Flat maisonette or apartment or mobile/temporary accommodation,18,7,4,3,11,5,6
S01011858,All people in households,859,683,415,268,176,73,103
S01011858,Whole house or bungalow: Total,833,670,410,260,163,67,96
S01011858,Whole house or bungalow: Detached,600,536,331,205,64,2,62
S01011858,Whole house or bungalow: Semi-detached,159,102,56,46,57,45,12
S01011858,Whole house or bungalow: Terraced (including end-terrace),74,32,23,9,42,20,22
S01011858,Flat maisonette or apartment or mobile/temporary accommodation,26,13,5,8,13,6,7
S01011859,All people in households,839,536,318,218,303,225,78
S01011859,Whole house or bungalow: Total,774,519,311,208,255,183,72
S01011859,Whole house or bungalow: Detached,427,366,236,130,61,12,49
S01011859,Whole house or bungalow: Semi-detached,282,121,65,56,161,139,22
S01011859,Whole house or bungalow: Terraced (including end-terrace),65,32,10,22,33,32,1
S01011859,Flat maisonette or apartment or mobile/temporary accommodation,65,17,7,10,48,42,6
S01011860,All people in households,506,237,139,98,269,9,260
S01011860,Whole house or bungalow: Total,491,234,139,95,257,3,254
S01011860,Whole house or bungalow: Detached,385,191,118,73,194,0,194
S01011860,Whole house or bungalow: Semi-detached,85,27,8,19,58,0,58
S01011860,Whole house or bungalow: Terraced (including end-terrace),21,16,13,3,5,3,2
S01011860,Flat maisonette or apartment or mobile/temporary accommodation,15,3,0,3,12,6,6
S01011861,All people in households,732,494,294,200,238,20,218
S01011861,Whole house or bungalow: Total,625,447,267,180,178,11,167
S01011861,Whole house or bungalow: Detached,419,318,189,129,101,0,101
S01011861,Whole house or bungalow: Semi-detached,128,68,53,15,60,8,52
S01011861,Whole house or bungalow: Terraced (including end-terrace),78,61,25,36,17,3,14
S01011861,Flat maisonette or apartment or mobile/temporary accommodation,107,47,27,20,60,9,51
S01011862,All people in households,947,817,465,352,130,42,88
S01011862,Whole house or bungalow: Total,797,714,385,329,83,10,73
S01011862,Whole house or bungalow: Detached,669,619,345,274,50,0,50
S01011862,Whole house or bungalow: Semi-detached,110,78,34,44,32,10,22
S01011862,Whole house or bungalow: Terraced (including end-terrace),18,17,6,11,1,0,1
S01011862,Flat maisonette or apartment or mobile/temporary accommodation,150,103,80,23,47,32,15
S01011863,All people in households,734,557,272,285,177,77,100
S01011863,Whole house or bungalow: Total,515,453,222,231,62,13,49
S01011863,Whole house or bungalow: Detached,307,268,147,121,39,3,36
S01011863,Whole house or bungalow: Semi-detached,164,147,66,81,17,6,11
S01011863,Whole house or bungalow: Terraced (including end-terrace),44,38,9,29,6,4,2
S01011863,Flat maisonette or apartment or mobile/temporary accommodation,219,104,50,54,115,64,51
S01011864,All people in households,716,675,348,327,41,9,32
S01011864,Whole house or bungalow: Total,652,628,326,302,24,5,19
S01011864,Whole house or bungalow: Detached,401,391,226,165,10,0,10
S01011864,Whole house or bungalow: Semi-detached,183,175,88,87,8,0,8
S01011864,Whole house or bungalow: Terraced (including end-terrace),68,62,12,50,6,5,1
S01011864,Flat maisonette or apartment or mobile/temporary accommodation,64,47,22,25,17,4,13
S01011865,All people in households,601,449,209,240,152,71,81
S01011865,Whole house or bungalow: Total,484,402,182,220,82,21,61
S01011865,Whole house or bungalow: Detached,184,167,85,82,17,1,16
S01011865,Whole house or bungalow: Semi-detached,201,171,74,97,30,9,21
S01011865,Whole house or bungalow: Terraced (including end-terrace),99,64,23,41,35,11,24
S01011865,Flat maisonette or apartment or mobile/temporary accommodation,117,47,27,20,70,50,20
S01011866,All people in households,817,586,274,312,231,159,72
S01011866,Whole house or bungalow: Total,713,566,263,303,147,76,71
S01011866,Whole house or bungalow: Detached,484,427,203,224,57,12,45
S01011866,Whole house or bungalow: Semi-detached,141,73,35,38,68,42,26
S01011866,Whole house or bungalow: Terraced (including end-terrace),88,66,25,41,22,22,0
S01011866,Flat maisonette or apartment or mobile/temporary accommodation,104,20,11,9,84,83,1
S01011867,All people in households,961,525,123,402,436,359,77
S01011867,Whole house or bungalow: Total,733,492,114,378,241,181,60
S01011867,Whole house or bungalow: Detached,211,166,33,133,45,16,29
S01011867,Whole house or bungalow: Semi-detached,302,180,31,149,122,107,15
S01011867,Whole house or bungalow: Terraced (including end-terrace),220,146,50,96,74,58,16
S01011867,Flat maisonette or apartment or mobile/temporary accommodation,228,33,9,24,195,178,17
S01011868,All people in households,869,604,283,321,265,128,137
S01011868,Whole house or bungalow: Total,548,466,214,252,82,19,63
S01011868,Whole house or bungalow: Detached,228,199,100,99,29,0,29
S01011868,Whole house or bungalow: Semi-detached,156,123,45,78,33,12,21
S01011868,Whole house or bungalow: Terraced (including end-terrace),164,144,69,75,20,7,13
S01011868,Flat maisonette or apartment or mobile/temporary accommodation,321,138,69,69,183,109,74
S01011869,All people in households,758,471,224,247,287,56,231
S01011869,Whole house or bungalow: Total,358,301,146,155,57,1,56
S01011869,Whole house or bungalow: Detached,121,114,55,59,7,0,7
S01011869,Whole house or bungalow: Semi-detached,87,62,35,27,25,0,25
S01011869,Whole house or bungalow: Terraced (including end-terrace),150,125,56,69,25,1,24
S01011869,Flat maisonette or apartment or mobile/temporary accommodation,400,170,78,92,230,55,175
S01011870,All people in households,692,429,208,221,263,182,81
S01011870,Whole house or bungalow: Total,480,337,169,168,143,119,24
S01011870,Whole house or bungalow: Detached,194,169,103,66,25,9,16
S01011870,Whole house or bungalow: Semi-detached,179,111,44,67,68,65,3
S01011870,Whole house or bungalow: Terraced (including end-terrace),107,57,22,35,50,45,5
S01011870,Flat maisonette or apartment or mobile/temporary accommodation,212,92,39,53,120,63,57
S01011871,All people in households,1087,675,297,378,412,138,274
S01011871,Whole house or bungalow: Total,1044,662,291,371,382,126,256
S01011871,Whole house or bungalow: Detached,615,443,239,204,172,4,168
S01011871,Whole house or bungalow: Semi-detached,309,147,29,118,162,83,79
S01011871,Whole house or bungalow: Terraced (including end-terrace),120,72,23,49,48,39,9
S01011871,Flat maisonette or apartment or mobile/temporary accommodation,43,13,6,7,30,12,18
S01011872,All people in households,914,704,321,383,210,16,194
S01011872,Whole house or bungalow: Total,888,697,321,376,191,6,185
S01011872,Whole house or bungalow: Detached,780,627,295,332,153,0,153
S01011872,Whole house or bungalow: Semi-detached,65,31,13,18,34,4,30
S01011872,Whole house or bungalow: Terraced (including end-terrace),43,39,13,26,4,2,2
S01011872,Flat maisonette or apartment or mobile/temporary accommodation,26,7,0,7,19,10,9
S01011873,All people in households,812,540,222,318,272,11,261
S01011873,Whole house or bungalow: Total,736,500,218,282,236,8,228
S01011873,Whole house or bungalow: Detached,491,360,180,180,131,0,131
S01011873,Whole house or bungalow: Semi-detached,167,76,15,61,91,8,83
S01011873,Whole house or bungalow: Terraced (including end-terrace),78,64,23,41,14,0,14
S01011873,Flat maisonette or apartment or mobile/temporary accommodation,76,40,4,36,36,3,33
S01011874,All people in households,657,542,178,364,115,63,52
S01011874,Whole house or bungalow: Total,614,524,176,348,90,50,40
S01011874,Whole house or bungalow: Detached,338,312,124,188,26,7,19
S01011874,Whole house or bungalow: Semi-detached,168,143,38,105,25,21,4
S01011874,Whole house or bungalow: Terraced (including end-terrace),108,69,14,55,39,22,17
S01011874,Flat maisonette or apartment or mobile/temporary accommodation,43,18,2,16,25,13,12
S01011875,All people in households,672,468,199,269,204,114,90
S01011875,Whole house or bungalow: Total,601,434,191,243,167,99,68
S01011875,Whole house or bungalow: Detached,185,149,83,66,36,4,32
S01011875,Whole house or bungalow: Semi-detached,216,158,61,97,58,36,22
S01011875,Whole house or bungalow: Terraced (including end-terrace),200,127,47,80,73,59,14
S01011875,Flat maisonette or apartment or mobile/temporary accommodation,71,34,8,26,37,15,22
S01011876,All people in households,939,633,318,315,306,62,244
S01011876,Whole house or bungalow: Total,898,613,311,302,285,57,228
S01011876,Whole house or bungalow: Detached,529,380,215,165,149,5,144
S01011876,Whole house or bungalow: Semi-detached,232,141,54,87,91,38,53
S01011876,Whole house or bungalow: Terraced (including end-terrace),137,92,42,50,45,14,31
S01011876,Flat maisonette or apartment or mobile/temporary accommodation,41,20,7,13,21,5,16
S01011877,All people in households,546,399,205,194,147,41,106
S01011877,Whole house or bungalow: Total,481,362,195,167,119,36,83
S01011877,Whole house or bungalow: Detached,198,170,94,76,28,2,26
S01011877,Whole house or bungalow: Semi-detached,203,155,79,76,48,20,28
S01011877,Whole house or bungalow: Terraced (including end-terrace),80,37,22,15,43,14,29
S01011877,Flat maisonette or apartment or mobile/temporary accommodation,65,37,10,27,28,5,23
S01011878,All people in households,947,605,319,286,342,45,297
S01011878,Whole house or bungalow: Total,902,595,316,279,307,32,275
S01011878,Whole house or bungalow: Detached,666,466,258,208,200,0,200
S01011878,Whole house or bungalow: Semi-detached,199,115,53,62,84,22,62
S01011878,Whole house or bungalow: Terraced (including end-terrace),37,14,5,9,23,10,13
S01011878,Flat maisonette or apartment or mobile/temporary accommodation,45,10,3,7,35,13,22
S01011879,All people in households,547,505,223,282,42,10,32
S01011879,Whole house or bungalow: Total,517,485,220,265,32,8,24
S01011879,Whole house or bungalow: Detached,380,365,185,180,15,0,15
S01011879,Whole house or bungalow: Semi-detached,113,106,29,77,7,0,7
S01011879,Whole house or bungalow: Terraced (including end-terrace),24,14,6,8,10,8,2
S01011879,Flat maisonette or apartment or mobile/temporary accommodation,30,20,3,17,10,2,8
S01011880,All people in households,593,473,223,250,120,42,78
S01011880,Whole house or bungalow: Total,576,459,218,241,117,40,77
S01011880,Whole house or bungalow: Detached,412,368,186,182,44,4,40
S01011880,Whole house or bungalow: Semi-detached,129,72,28,44,57,22,35
S01011880,Whole house or bungalow: Terraced (including end-terrace),35,19,4,15,16,14,2
S01011880,Flat maisonette or apartment or mobile/temporary accommodation,17,14,5,9,3,2,1
S01011881,All people in households,817,553,191,362,264,130,134
S01011881,Whole house or bungalow: Total,617,438,150,288,179,112,67
S01011881,Whole house or bungalow: Detached,254,214,74,140,40,10,30
S01011881,Whole house or bungalow: Semi-detached,272,183,69,114,89,64,25
S01011881,Whole house or bungalow: Terraced (including end-terrace),91,41,7,34,50,38,12
S01011881,Flat maisonette or apartment or mobile/temporary accommodation,200,115,41,74,85,18,67
S01011882,All people in households,941,655,255,400,286,233,53
S01011882,Whole house or bungalow: Total,827,644,252,392,183,138,45
S01011882,Whole house or bungalow: Detached,180,164,81,83,16,7,9
S01011882,Whole house or bungalow: Semi-detached,465,351,134,217,114,82,32
S01011882,Whole house or bungalow: Terraced (including end-terrace),182,129,37,92,53,49,4
S01011882,Flat maisonette or apartment or mobile/temporary accommodation,114,11,3,8,103,95,8
S01011883,All people in households,1026,829,321,508,197,82,115
S01011883,Whole house or bungalow: Total,978,792,320,472,186,77,109
S01011883,Whole house or bungalow: Detached,634,559,254,305,75,4,71
S01011883,Whole house or bungalow: Semi-detached,221,165,44,121,56,32,24
S01011883,Whole house or bungalow: Terraced (including end-terrace),123,68,22,46,55,41,14
S01011883,Flat maisonette or apartment or mobile/temporary accommodation,48,37,1,36,11,5,6
S01011884,All people in households,412,311,157,154,101,6,95
S01011884,Whole house or bungalow: Total,406,305,156,149,101,6,95
S01011884,Whole house or bungalow: Detached,296,242,138,104,54,0,54
S01011884,Whole house or bungalow: Semi-detached,65,35,11,24,30,6,24
S01011884,Whole house or bungalow: Terraced (including end-terrace),45,28,7,21,17,0,17
S01011884,Flat maisonette or apartment or mobile/temporary accommodation,6,6,1,5,0,0,0
S01011885,All people in households,689,608,192,416,81,18,63
S01011885,Whole house or bungalow: Total,660,592,186,406,68,11,57
S01011885,Whole house or bungalow: Detached,422,389,144,245,33,3,30
S01011885,Whole house or bungalow: Semi-detached,181,151,36,115,30,8,22
S01011885,Whole house or bungalow: Terraced (including end-terrace),57,52,6,46,5,0,5
S01011885,Flat maisonette or apartment or mobile/temporary accommodation,29,16,6,10,13,7,6
S01011886,All people in households,875,700,270,430,175,112,63
S01011886,Whole house or bungalow: Total,824,698,268,430,126,84,42
S01011886,Whole house or bungalow: Detached,529,496,227,269,33,1,32
S01011886,Whole house or bungalow: Semi-detached,168,124,35,89,44,36,8
S01011886,Whole house or bungalow: Terraced (including end-terrace),127,78,6,72,49,47,2
S01011886,Flat maisonette or apartment or mobile/temporary accommodation,51,2,2,0,49,28,21
S01011887,All people in households,594,440,170,270,154,107,47
S01011887,Whole house or bungalow: Total,517,396,158,238,121,81,40
S01011887,Whole house or bungalow: Detached,87,74,39,35,13,0,13
S01011887,Whole house or bungalow: Semi-detached,401,303,114,189,98,78,20
S01011887,Whole house or bungalow: Terraced (including end-terrace),29,19,5,14,10,3,7
S01011887,Flat maisonette or apartment or mobile/temporary accommodation,77,44,12,32,33,26,7
S01011888,All people in households,871,524,168,356,347,282,65
S01011888,Whole house or bungalow: Total,675,467,143,324,208,169,39
S01011888,Whole house or bungalow: Detached,59,44,23,21,15,11,4
S01011888,Whole house or bungalow: Semi-detached,557,402,113,289,155,126,29
S01011888,Whole house or bungalow: Terraced (including end-terrace),59,21,7,14,38,32,6
S01011888,Flat maisonette or apartment or mobile/temporary accommodation,196,57,25,32,139,113,26
S01011889,All people in households,892,728,314,414,164,84,80
S01011889,Whole house or bungalow: Total,620,565,231,334,55,26,29
S01011889,Whole house or bungalow: Detached,197,186,95,91,11,1,10
S01011889,Whole house or bungalow: Semi-detached,350,316,108,208,34,15,19
S01011889,Whole house or bungalow: Terraced (including end-terrace),73,63,28,35,10,10,0
S01011889,Flat maisonette or apartment or mobile/temporary accommodation,272,163,83,80,109,58,51
S01011890,All people in households,708,577,224,353,131,41,90
S01011890,Whole house or bungalow: Total,578,511,200,311,67,35,32
S01011890,Whole house or bungalow: Detached,103,93,43,50,10,0,10
S01011890,Whole house or bungalow: Semi-detached,419,376,130,246,43,24,19
S01011890,Whole house or bungalow: Terraced (including end-terrace),56,42,27,15,14,11,3
S01011890,Flat maisonette or apartment or mobile/temporary accommodation,130,66,24,42,64,6,58
S01011891,All people in households,741,353,122,231,388,237,151
S01011891,Whole house or bungalow: Total,318,215,87,128,103,42,61
S01011891,Whole house or bungalow: Detached,22,20,14,6,2,0,2
S01011891,Whole house or bungalow: Semi-detached,161,120,54,66,41,16,25
S01011891,Whole house or bungalow: Terraced (including end-terrace),135,75,19,56,60,26,34
S01011891,Flat maisonette or apartment or mobile/temporary accommodation,423,138,35,103,285,195,90
S01011892,All people in households,981,699,198,501,282,11,271
S01011892,Whole house or bungalow: Total,422,369,110,259,53,7,46
S01011892,Whole house or bungalow: Detached,71,61,22,39,10,0,10
S01011892,Whole house or bungalow: Semi-detached,215,188,65,123,27,3,24
S01011892,Whole house or bungalow: Terraced (including end-terrace),136,120,23,97,16,4,12
S01011892,Flat maisonette or apartment or mobile/temporary accommodation,559,330,88,242,229,4,225
S01011893,All people in households,929,558,241,317,371,124,247
S01011893,Whole house or bungalow: Total,408,349,159,190,59,13,46
S01011893,Whole house or bungalow: Detached,104,100,54,46,4,0,4
S01011893,Whole house or bungalow: Semi-detached,274,236,100,136,38,11,27
S01011893,Whole house or bungalow: Terraced (including end-terrace),30,13,5,8,17,2,15
S01011893,Flat maisonette or apartment or mobile/temporary accommodation,521,209,82,127,312,111,201
S01011894,All people in households,635,406,171,235,229,113,116
S01011894,Whole house or bungalow: Total,454,321,136,185,133,95,38
S01011894,Whole house or bungalow: Detached,153,131,60,71,22,9,13
S01011894,Whole house or bungalow: Semi-detached,251,177,72,105,74,56,18
S01011894,Whole house or bungalow: Terraced (including end-terrace),50,13,4,9,37,30,7
S01011894,Flat maisonette or apartment or mobile/temporary accommodation,181,85,35,50,96,18,78
S01011895,All people in households,632,564,312,252,68,8,60
S01011895,Whole house or bungalow: Total,512,483,265,218,29,4,25
S01011895,Whole house or bungalow: Detached,306,298,179,119,8,2,6
S01011895,Whole house or bungalow: Semi-detached,157,144,66,78,13,0,13
S01011895,Whole house or bungalow: Terraced (including end-terrace),49,41,20,21,8,2,6
S01011895,Flat maisonette or apartment or mobile/temporary accommodation,120,81,47,34,39,4,35
S01011896,All people in households,866,698,310,388,168,55,113
S01011896,Whole house or bungalow: Total,610,557,243,314,53,19,34
S01011896,Whole house or bungalow: Detached,97,93,60,33,4,0,4
S01011896,Whole house or bungalow: Semi-detached,459,425,164,261,34,10,24
S01011896,Whole house or bungalow: Terraced (including end-terrace),54,39,19,20,15,9,6
S01011896,Flat maisonette or apartment or mobile/temporary accommodation,256,141,67,74,115,36,79
S01011897,All people in households,1027,852,379,473,175,79,96
S01011897,Whole house or bungalow: Total,880,750,320,430,130,59,71
S01011897,Whole house or bungalow: Detached,213,179,109,70,34,3,31
S01011897,Whole house or bungalow: Semi-detached,599,530,198,332,69,34,35
S01011897,Whole house or bungalow: Terraced (including end-terrace),68,41,13,28,27,22,5
S01011897,Flat maisonette or apartment or mobile/temporary accommodation,147,102,59,43,45,20,25
S01011898,All people in households,675,619,210,409,56,0,56
S01011898,Whole house or bungalow: Total,629,600,198,402,29,0,29
S01011898,Whole house or bungalow: Detached,483,465,144,321,18,0,18
S01011898,Whole house or bungalow: Semi-detached,119,110,37,73,9,0,9
S01011898,Whole house or bungalow: Terraced (including end-terrace),27,25,17,8,2,0,2
S01011898,Flat maisonette or apartment or mobile/temporary accommodation,46,19,12,7,27,0,27
S01011899,All people in households,779,716,356,360,63,2,61
S01011899,Whole house or bungalow: Total,757,706,351,355,51,1,50
S01011899,Whole house or bungalow: Detached,528,497,266,231,31,1,30
S01011899,Whole house or bungalow: Semi-detached,193,173,70,103,20,0,20
S01011899,Whole house or bungalow: Terraced (including end-terrace),36,36,15,21,0,0,0
S01011899,Flat maisonette or apartment or mobile/temporary accommodation,22,10,5,5,12,1,11
S01011900,All people in households,735,708,282,426,27,2,25
S01011900,Whole house or bungalow: Total,723,702,280,422,21,0,21
S01011900,Whole house or bungalow: Detached,557,548,224,324,9,0,9
S01011900,Whole house or bungalow: Semi-detached,157,145,55,90,12,0,12
S01011900,Whole house or bungalow: Terraced (including end-terrace),9,9,1,8,0,0,0
S01011900,Flat maisonette or apartment or mobile/temporary accommodation,12,6,2,4,6,2,4
S01011901,All people in households,899,746,312,434,153,29,124
S01011901,Whole house or bungalow: Total,690,647,260,387,43,14,29
S01011901,Whole house or bungalow: Detached,473,467,192,275,6,2,4
S01011901,Whole house or bungalow: Semi-detached,183,151,60,91,32,11,21
S01011901,Whole house or bungalow: Terraced (including end-terrace),34,29,8,21,5,1,4
S01011901,Flat maisonette or apartment or mobile/temporary accommodation,209,99,52,47,110,15,95
S01011902,All people in households,1056,974,449,525,82,28,54
S01011902,Whole house or bungalow: Total,1029,963,446,517,66,25,41
S01011902,Whole house or bungalow: Detached,787,759,367,392,28,2,26
S01011902,Whole house or bungalow: Semi-detached,198,179,77,102,19,5,14
S01011902,Whole house or bungalow: Terraced (including end-terrace),44,25,2,23,19,18,1
S01011902,Flat maisonette or apartment or mobile/temporary accommodation,27,11,3,8,16,3,13
S01011903,All people in households,798,754,385,369,44,4,40
S01011903,Whole house or bungalow: Total,780,740,379,361,40,2,38
S01011903,Whole house or bungalow: Detached,541,532,297,235,9,0,9
S01011903,Whole house or bungalow: Semi-detached,222,200,78,122,22,2,20
S01011903,Whole house or bungalow: Terraced (including end-terrace),17,8,4,4,9,0,9
S01011903,Flat maisonette or apartment or mobile/temporary accommodation,18,14,6,8,4,2,2
S01011904,All people in households,744,693,293,400,51,8,43
S01011904,Whole house or bungalow: Total,715,674,286,388,41,3,38
S01011904,Whole house or bungalow: Detached,475,462,205,257,13,3,10
S01011904,Whole house or bungalow: Semi-detached,199,182,76,106,17,0,17
S01011904,Whole house or bungalow: Terraced (including end-terrace),41,30,5,25,11,0,11
S01011904,Flat maisonette or apartment or mobile/temporary accommodation,29,19,7,12,10,5,5
S01011905,All people in households,775,725,263,462,50,8,42
S01011905,Whole house or bungalow: Total,745,715,258,457,30,7,23
S01011905,Whole house or bungalow: Detached,681,671,253,418,10,0,10
S01011905,Whole house or bungalow: Semi-detached,45,36,3,33,9,0,9
S01011905,Whole house or bungalow: Terraced (including end-terrace),19,8,2,6,11,7,4
S01011905,Flat maisonette or apartment or mobile/temporary accommodation,30,10,5,5,20,1,19
S01011906,All people in households,425,385,156,229,40,5,35
S01011906,Whole house or bungalow: Total,404,374,150,224,30,0,30
S01011906,Whole house or bungalow: Detached,234,224,116,108,10,0,10
S01011906,Whole house or bungalow: Semi-detached,114,100,23,77,14,0,14
S01011906,Whole house or bungalow: Terraced (including end-terrace),56,50,11,39,6,0,6
S01011906,Flat maisonette or apartment or mobile/temporary accommodation,21,11,6,5,10,5,5
S01011907,All people in households,745,611,188,423,134,42,92
S01011907,Whole house or bungalow: Total,700,589,184,405,111,35,76
S01011907,Whole house or bungalow: Detached,294,278,119,159,16,1,15
S01011907,Whole house or bungalow: Semi-detached,292,234,52,182,58,11,47
S01011907,Whole house or bungalow: Terraced (including end-terrace),114,77,13,64,37,23,14
S01011907,Flat maisonette or apartment or mobile/temporary accommodation,45,22,4,18,23,7,16
S01011908,All people in households,376,313,86,227,63,14,49
S01011908,Whole house or bungalow: Total,349,297,79,218,52,8,44
S01011908,Whole house or bungalow: Detached,143,133,44,89,10,0,10
S01011908,Whole house or bungalow: Semi-detached,149,125,25,100,24,7,17
S01011908,Whole house or bungalow: Terraced (including end-terrace),57,39,10,29,18,1,17
S01011908,Flat maisonette or apartment or mobile/temporary accommodation,27,16,7,9,11,6,5
S01011909,All people in households,1036,877,71,806,159,33,126
S01011909,Whole house or bungalow: Total,930,821,69,752,109,16,93
S01011909,Whole house or bungalow: Detached,306,283,22,261,23,1,22
S01011909,Whole house or bungalow: Semi-detached,583,507,43,464,76,10,66
S01011909,Whole house or bungalow: Terraced (including end-terrace),41,31,4,27,10,5,5
S01011909,Flat maisonette or apartment or mobile/temporary accommodation,106,56,2,54,50,17,33
S01011910,All people in households,910,318,98,220,592,527,65
S01011910,Whole house or bungalow: Total,242,131,55,76,111,91,20
S01011910,Whole house or bungalow: Detached,24,17,13,4,7,7,0
S01011910,Whole house or bungalow: Semi-detached,60,22,9,13,38,27,11
S01011910,Whole house or bungalow: Terraced (including end-terrace),158,92,33,59,66,57,9
S01011910,Flat maisonette or apartment or mobile/temporary accommodation,668,187,43,144,481,436,45
S01011911,All people in households,641,425,143,282,216,183,33
S01011911,Whole house or bungalow: Total,572,413,136,277,159,131,28
S01011911,Whole house or bungalow: Detached,12,8,3,5,4,4,0
S01011911,Whole house or bungalow: Semi-detached,121,69,22,47,52,44,8
S01011911,Whole house or bungalow: Terraced (including end-terrace),439,336,111,225,103,83,20
S01011911,Flat maisonette or apartment or mobile/temporary accommodation,69,12,7,5,57,52,5
S01011912,All people in households,727,383,107,276,344,276,68
S01011912,Whole house or bungalow: Total,434,262,89,173,172,122,50
S01011912,Whole house or bungalow: Detached,22,6,4,2,16,3,13
S01011912,Whole house or bungalow: Semi-detached,225,130,40,90,95,75,20
S01011912,Whole house or bungalow: Terraced (including end-terrace),187,126,45,81,61,44,17
S01011912,Flat maisonette or apartment or mobile/temporary accommodation,293,121,18,103,172,154,18
S01011913,All people in households,739,330,86,244,409,376,33
S01011913,Whole house or bungalow: Total,281,219,67,152,62,45,17
S01011913,Whole house or bungalow: Detached,100,97,36,61,3,1,2
S01011913,Whole house or bungalow: Semi-detached,83,65,12,53,18,12,6
S01011913,Whole house or bungalow: Terraced (including end-terrace),98,57,19,38,41,32,9
S01011913,Flat maisonette or apartment or mobile/temporary accommodation,458,111,19,92,347,331,16
S01011914,All people in households,865,298,60,238,567,494,73
S01011914,Whole house or bungalow: Total,162,91,31,60,71,52,19
S01011914,Whole house or bungalow: Detached,26,22,11,11,4,2,2
S01011914,Whole house or bungalow: Semi-detached,98,51,16,35,47,36,11
S01011914,Whole house or bungalow: Terraced (including end-terrace),38,18,4,14,20,14,6
S01011914,Flat maisonette or apartment or mobile/temporary accommodation,703,207,29,178,496,442,54
S01011915,All people in households,811,460,141,319,351,296,55
S01011915,Whole house or bungalow: Total,617,392,121,271,225,190,35
S01011915,Whole house or bungalow: Detached,38,17,2,15,21,11,10
S01011915,Whole house or bungalow: Semi-detached,309,214,87,127,95,77,18
S01011915,Whole house or bungalow: Terraced (including end-terrace),270,161,32,129,109,102,7
S01011915,Flat maisonette or apartment or mobile/temporary accommodation,194,68,20,48,126,106,20
S01011916,All people in households,592,263,86,177,329,272,57
S01011916,Whole house or bungalow: Total,448,188,66,122,260,218,42
S01011916,Whole house or bungalow: Detached,28,24,12,12,4,4,0
S01011916,Whole house or bungalow: Semi-detached,242,97,18,79,145,109,36
S01011916,Whole house or bungalow: Terraced (including end-terrace),178,67,36,31,111,105,6
S01011916,Flat maisonette or apartment or mobile/temporary accommodation,144,75,20,55,69,54,15
S01011917,All people in households,510,332,127,205,178,136,42
S01011917,Whole house or bungalow: Total,296,216,94,122,80,59,21
S01011917,Whole house or bungalow: Detached,19,17,11,6,2,0,2
S01011917,Whole house or bungalow: Semi-detached,69,40,15,25,29,29,0
S01011917,Whole house or bungalow: Terraced (including end-terrace),208,159,68,91,49,30,19
S01011917,Flat maisonette or apartment or mobile/temporary accommodation,214,116,33,83,98,77,21
S01011918,All people in households,786,186,63,123,600,545,55
S01011918,Whole house or bungalow: Total,217,129,47,82,88,73,15
S01011918,Whole house or bungalow: Detached,45,31,10,21,14,7,7
S01011918,Whole house or bungalow: Semi-detached,109,75,25,50,34,27,7
S01011918,Whole house or bungalow: Terraced (including end-terrace),63,23,12,11,40,39,1
S01011918,Flat maisonette or apartment or mobile/temporary accommodation,569,57,16,41,512,472,40
S01011919,All people in households,809,371,114,257,438,317,121
S01011919,Whole house or bungalow: Total,397,213,93,120,184,161,23
S01011919,Whole house or bungalow: Detached,91,76,39,37,15,11,4
S01011919,Whole house or bungalow: Semi-detached,131,82,33,49,49,40,9
S01011919,Whole house or bungalow: Terraced (including end-terrace),175,55,21,34,120,110,10
S01011919,Flat maisonette or apartment or mobile/temporary accommodation,412,158,21,137,254,156,98
S01011920,All people in households,622,367,120,247,255,206,49
S01011920,Whole house or bungalow: Total,444,320,112,208,124,99,25
S01011920,Whole house or bungalow: Detached,20,14,3,11,6,6,0
S01011920,Whole house or bungalow: Semi-detached,127,92,33,59,35,29,6
S01011920,Whole house or bungalow: Terraced (including end-terrace),297,214,76,138,83,64,19
S01011920,Flat maisonette or apartment or mobile/temporary accommodation,178,47,8,39,131,107,24
S01011921,All people in households,594,257,83,174,337,290,47
S01011921,Whole house or bungalow: Total,303,205,67,138,98,79,19
S01011921,Whole house or bungalow: Detached,55,47,22,25,8,6,2
S01011921,Whole house or bungalow: Semi-detached,56,38,13,25,18,16,2
S01011921,Whole house or bungalow: Terraced (including end-terrace),192,120,32,88,72,57,15
S01011921,Flat maisonette or apartment or mobile/temporary accommodation,291,52,16,36,239,211,28
S01011922,All people in households,768,365,97,268,403,342,61
S01011922,Whole house or bungalow: Total,489,296,87,209,193,153,40
S01011922,Whole house or bungalow: Detached,13,9,0,9,4,2,2
S01011922,Whole house or bungalow: Semi-detached,76,29,9,20,47,43,4
S01011922,Whole house or bungalow: Terraced (including end-terrace),400,258,78,180,142,108,34
S01011922,Flat maisonette or apartment or mobile/temporary accommodation,279,69,10,59,210,189,21
S01011923,All people in households,880,324,82,242,556,485,71
S01011923,Whole house or bungalow: Total,490,266,76,190,224,179,45
S01011923,Whole house or bungalow: Detached,35,24,7,17,11,3,8
S01011923,Whole house or bungalow: Semi-detached,212,86,27,59,126,107,19
S01011923,Whole house or bungalow: Terraced (including end-terrace),243,156,42,114,87,69,18
S01011923,Flat maisonette or apartment or mobile/temporary accommodation,390,58,6,52,332,306,26
S01011924,All people in households,454,258,84,174,196,153,43
S01011924,Whole house or bungalow: Total,297,231,79,152,66,46,20
S01011924,Whole house or bungalow: Detached,3,0,0,0,3,0,3
S01011924,Whole house or bungalow: Semi-detached,48,37,13,24,11,7,4
S01011924,Whole house or bungalow: Terraced (including end-terrace),246,194,66,128,52,39,13
S01011924,Flat maisonette or apartment or mobile/temporary accommodation,157,27,5,22,130,107,23
S01011925,All people in households,758,674,81,593,84,51,33
S01011925,Whole house or bungalow: Total,660,612,76,536,48,23,25
S01011925,Whole house or bungalow: Detached,518,503,69,434,15,0,15
S01011925,Whole house or bungalow: Semi-detached,64,52,3,49,12,8,4
S01011925,Whole house or bungalow: Terraced (including end-terrace),78,57,4,53,21,15,6
S01011925,Flat maisonette or apartment or mobile/temporary accommodation,98,62,5,57,36,28,8
S01011926,All people in households,656,405,113,292,251,170,81
S01011926,Whole house or bungalow: Total,487,352,102,250,135,77,58
S01011926,Whole house or bungalow: Detached,38,27,11,16,11,1,10
S01011926,Whole house or bungalow: Semi-detached,50,26,16,10,24,13,11
S01011926,Whole house or bungalow: Terraced (including end-terrace),399,299,75,224,100,63,37
S01011926,Flat maisonette or apartment or mobile/temporary accommodation,169,53,11,42,116,93,23
S01011927,All people in households,613,358,98,260,255,206,49
S01011927,Whole house or bungalow: Total,477,319,92,227,158,116,42
S01011927,Whole house or bungalow: Detached,51,30,4,26,21,4,17
S01011927,Whole house or bungalow: Semi-detached,55,25,8,17,30,30,0
S01011927,Whole house or bungalow: Terraced (including end-terrace),371,264,80,184,107,82,25
S01011927,Flat maisonette or apartment or mobile/temporary accommodation,136,39,6,33,97,90,7
S01011928,All people in households,702,410,154,256,292,203,89
S01011928,Whole house or bungalow: Total,568,389,152,237,179,115,64
S01011928,Whole house or bungalow: Detached,65,47,23,24,18,1,17
S01011928,Whole house or bungalow: Semi-detached,98,49,22,27,49,28,21
S01011928,Whole house or bungalow: Terraced (including end-terrace),405,293,107,186,112,86,26
S01011928,Flat maisonette or apartment or mobile/temporary accommodation,134,21,2,19,113,88,25
S01011929,All people in households,692,432,130,302,260,208,52
S01011929,Whole house or bungalow: Total,546,376,121,255,170,150,20
S01011929,Whole house or bungalow: Detached,21,15,7,8,6,6,0
S01011929,Whole house or bungalow: Semi-detached,92,49,14,35,43,35,8
S01011929,Whole house or bungalow: Terraced (including end-terrace),433,312,100,212,121,109,12
S01011929,Flat maisonette or apartment or mobile/temporary accommodation,146,56,9,47,90,58,32
S01011930,All people in households,638,340,114,226,298,199,99
S01011930,Whole house or bungalow: Total,476,306,103,203,170,103,67
S01011930,Whole house or bungalow: Detached,47,35,8,27,12,6,6
S01011930,Whole house or bungalow: Semi-detached,48,23,2,21,25,23,2
S01011930,Whole house or bungalow: Terraced (including end-terrace),381,248,93,155,133,74,59
S01011930,Flat maisonette or apartment or mobile/temporary accommodation,162,34,11,23,128,96,32
S01011931,All people in households,625,154,31,123,471,400,71
S01011931,Whole house or bungalow: Total,447,109,12,97,338,298,40
S01011931,Whole house or bungalow: Detached,67,19,0,19,48,44,4
S01011931,Whole house or bungalow: Semi-detached,252,43,3,40,209,191,18
S01011931,Whole house or bungalow: Terraced (including end-terrace),128,47,9,38,81,63,18
S01011931,Flat maisonette or apartment or mobile/temporary accommodation,178,45,19,26,133,102,31
S01011932,All people in households,621,324,50,274,297,138,159
S01011932,Whole house or bungalow: Total,206,161,19,142,45,10,35
S01011932,Whole house or bungalow: Detached,11,6,4,2,5,1,4
S01011932,Whole house or bungalow: Semi-detached,106,83,9,74,23,5,18
S01011932,Whole house or bungalow: Terraced (including end-terrace),89,72,6,66,17,4,13
S01011932,Flat maisonette or apartment or mobile/temporary accommodation,415,163,31,132,252,128,124
S01011933,All people in households,631,278,96,182,353,175,178
S01011933,Whole house or bungalow: Total,199,162,70,92,37,22,15
S01011933,Whole house or bungalow: Detached,45,34,15,19,11,0,11
S01011933,Whole house or bungalow: Semi-detached,104,91,45,46,13,11,2
S01011933,Whole house or bungalow: Terraced (including end-terrace),50,37,10,27,13,11,2
S01011933,Flat maisonette or apartment or mobile/temporary accommodation,432,116,26,90,316,153,163
S01011934,All people in households,1091,642,300,342,449,103,346
S01011934,Whole house or bungalow: Total,458,350,179,171,108,32,76
S01011934,Whole house or bungalow: Detached,152,133,97,36,19,0,19
S01011934,Whole house or bungalow: Semi-detached,233,179,77,102,54,10,44
S01011934,Whole house or bungalow: Terraced (including end-terrace),73,38,5,33,35,22,13
S01011934,Flat maisonette or apartment or mobile/temporary accommodation,633,292,121,171,341,71,270
S01011935,All people in households,793,284,133,151,509,130,379
S01011935,Whole house or bungalow: Total,125,108,55,53,17,3,14
S01011935,Whole house or bungalow: Detached,47,42,21,21,5,0,5
S01011935,Whole house or bungalow: Semi-detached,66,56,30,26,10,3,7
S01011935,Whole house or bungalow: Terraced (including end-terrace),12,10,4,6,2,0,2
S01011935,Flat maisonette or apartment or mobile/temporary accommodation,668,176,78,98,492,127,365
S01011936,All people in households,679,349,143,206,330,99,231
S01011936,Whole house or bungalow: Total,214,147,68,79,67,12,55
S01011936,Whole house or bungalow: Detached,38,23,13,10,15,2,13
S01011936,Whole house or bungalow: Semi-detached,128,99,48,51,29,10,19
S01011936,Whole house or bungalow: Terraced (including end-terrace),48,25,7,18,23,0,23
S01011936,Flat maisonette or apartment or mobile/temporary accommodation,465,202,75,127,263,87,176
S01011937,All people in households,667,207,50,157,460,193,267
S01011937,Whole house or bungalow: Total,38,30,8,22,8,6,2
S01011937,Whole house or bungalow: Detached,11,9,3,6,2,0,2
S01011937,Whole house or bungalow: Semi-detached,12,12,1,11,0,0,0
S01011937,Whole house or bungalow: Terraced (including end-terrace),15,9,4,5,6,6,0
S01011937,Flat maisonette or apartment or mobile/temporary accommodation,629,177,42,135,452,187,265
S01011938,All people in households,670,342,148,194,328,92,236
S01011938,Whole house or bungalow: Total,210,173,67,106,37,1,36
S01011938,Whole house or bungalow: Detached,48,45,23,22,3,0,3
S01011938,Whole house or bungalow: Semi-detached,117,93,29,64,24,0,24
S01011938,Whole house or bungalow: Terraced (including end-terrace),45,35,15,20,10,1,9
S01011938,Flat maisonette or apartment or mobile/temporary accommodation,460,169,81,88,291,91,200
S01011939,All people in households,710,253,84,169,457,202,255
S01011939,Whole house or bungalow: Total,107,85,31,54,22,5,17
S01011939,Whole house or bungalow: Detached,40,38,18,20,2,0,2
S01011939,Whole house or bungalow: Semi-detached,29,20,6,14,9,0,9
S01011939,Whole house or bungalow: Terraced (including end-terrace),38,27,7,20,11,5,6
S01011939,Flat maisonette or apartment or mobile/temporary accommodation,603,168,53,115,435,197,238
S01011940,All people in households,441,93,29,64,348,128,220
S01011940,Whole house or bungalow: Total,40,23,7,16,17,3,14
S01011940,Whole house or bungalow: Detached,20,12,5,7,8,0,8
S01011940,Whole house or bungalow: Semi-detached,9,7,2,5,2,1,1
S01011940,Whole house or bungalow: Terraced (including end-terrace),11,4,0,4,7,2,5
S01011940,Flat maisonette or apartment or mobile/temporary accommodation,401,70,22,48,331,125,206
S01011941,All people in households,682,174,54,120,508,74,434
S01011941,Whole house or bungalow: Total,16,11,1,10,5,0,5
S01011941,Whole house or bungalow: Detached,10,8,0,8,2,0,2
S01011941,Whole house or bungalow: Semi-detached,6,3,1,2,3,0,3
S01011941,Whole house or bungalow: Terraced (including end-terrace),0,0,0,0,0,0,0
S01011941,Flat maisonette or apartment or mobile/temporary accommodation,666,163,53,110,503,74,429
S01011942,All people in households,849,265,135,130,584,229,355
S01011942,Whole house or bungalow: Total,50,28,14,14,22,10,12
S01011942,Whole house or bungalow: Detached,8,5,3,2,3,1,2
S01011942,Whole house or bungalow: Semi-detached,17,7,1,6,10,3,7
S01011942,Whole house or bungalow: Terraced (including end-terrace),25,16,10,6,9,6,3
S01011942,Flat maisonette or apartment or mobile/temporary accommodation,799,237,121,116,562,219,343
S01011943,All people in households,1112,278,95,183,834,396,438
S01011943,Whole house or bungalow: Total,65,25,9,16,40,11,29
S01011943,Whole house or bungalow: Detached,33,12,3,9,21,1,20
S01011943,Whole house or bungalow: Semi-detached,22,8,3,5,14,6,8
S01011943,Whole house or bungalow: Terraced (including end-terrace),10,5,3,2,5,4,1
S01011943,Flat maisonette or apartment or mobile/temporary accommodation,1047,253,86,167,794,385,409
S01011944,All people in households,444,372,222,150,72,10,62
S01011944,Whole house or bungalow: Total,389,336,191,145,53,6,47
S01011944,Whole house or bungalow: Detached,293,265,157,108,28,0,28
S01011944,Whole house or bungalow: Semi-detached,74,59,22,37,15,0,15
S01011944,Whole house or bungalow: Terraced (including end-terrace),22,12,12,0,10,6,4
S01011944,Flat maisonette or apartment or mobile/temporary accommodation,55,36,31,5,19,4,15
S01011945,All people in households,767,725,409,316,42,13,29
S01011945,Whole house or bungalow: Total,748,708,400,308,40,13,27
S01011945,Whole house or bungalow: Detached,663,640,370,270,23,5,18
S01011945,Whole house or bungalow: Semi-detached,76,59,28,31,17,8,9
S01011945,Whole house or bungalow: Terraced (including end-terrace),9,9,2,7,0,0,0
S01011945,Flat maisonette or apartment or mobile/temporary accommodation,19,17,9,8,2,0,2
S01011946,All people in households,789,502,247,255,287,211,76
S01011946,Whole house or bungalow: Total,559,416,192,224,143,109,34
S01011946,Whole house or bungalow: Detached,164,153,87,66,11,6,5
S01011946,Whole house or bungalow: Semi-detached,169,95,49,46,74,68,6
S01011946,Whole house or bungalow: Terraced (including end-terrace),226,168,56,112,58,35,23
S01011946,Flat maisonette or apartment or mobile/temporary accommodation,230,86,55,31,144,102,42
S01011947,All people in households,490,82,29,53,408,89,319
S01011947,Whole house or bungalow: Total,477,73,25,48,404,89,315
S01011947,Whole house or bungalow: Detached,333,35,15,20,298,69,229
S01011947,Whole house or bungalow: Semi-detached,100,34,10,24,66,14,52
S01011947,Whole house or bungalow: Terraced (including end-terrace),44,4,0,4,40,6,34
S01011947,Flat maisonette or apartment or mobile/temporary accommodation,13,9,4,5,4,0,4
S01011948,All people in households,1042,710,376,334,332,187,145
S01011948,Whole house or bungalow: Total,699,588,324,264,111,36,75
S01011948,Whole house or bungalow: Detached,227,170,106,64,57,18,39
S01011948,Whole house or bungalow: Semi-detached,422,372,201,171,50,14,36
S01011948,Whole house or bungalow: Terraced (including end-terrace),50,46,17,29,4,4,0
S01011948,Flat maisonette or apartment or mobile/temporary accommodation,343,122,52,70,221,151,70
S01011949,All people in households,825,760,504,256,65,17,48
S01011949,Whole house or bungalow: Total,815,752,499,253,63,15,48
S01011949,Whole house or bungalow: Detached,602,584,408,176,18,2,16
S01011949,Whole house or bungalow: Semi-detached,141,111,64,47,30,4,26
S01011949,Whole house or bungalow: Terraced (including end-terrace),72,57,27,30,15,9,6
S01011949,Flat maisonette or apartment or mobile/temporary accommodation,10,8,5,3,2,2,0
S01011950,All people in households,738,549,297,252,189,130,59
S01011950,Whole house or bungalow: Total,712,537,292,245,175,118,57
S01011950,Whole house or bungalow: Detached,278,260,152,108,18,4,14
S01011950,Whole house or bungalow: Semi-detached,220,166,90,76,54,37,17
S01011950,Whole house or bungalow: Terraced (including end-terrace),214,111,50,61,103,77,26
S01011950,Flat maisonette or apartment or mobile/temporary accommodation,26,12,5,7,14,12,2
S01011951,All people in households,678,514,214,300,164,65,99
S01011951,Whole house or bungalow: Total,518,441,202,239,77,22,55
S01011951,Whole house or bungalow: Detached,275,245,127,118,30,2,28
S01011951,Whole house or bungalow: Semi-detached,187,157,53,104,30,14,16
S01011951,Whole house or bungalow: Terraced (including end-terrace),56,39,22,17,17,6,11
S01011951,Flat maisonette or apartment or mobile/temporary accommodation,160,73,12,61,87,43,44
S01011952,All people in households,498,469,176,293,29,1,28
S01011952,Whole house or bungalow: Total,491,462,174,288,29,1,28
S01011952,Whole house or bungalow: Detached,376,369,161,208,7,0,7
S01011952,Whole house or bungalow: Semi-detached,96,82,11,71,14,1,13
S01011952,Whole house or bungalow: Terraced (including end-terrace),19,11,2,9,8,0,8
S01011952,Flat maisonette or apartment or mobile/temporary accommodation,7,7,2,5,0,0,0
S01011953,All people in households,754,653,280,373,101,10,91
S01011953,Whole house or bungalow: Total,679,602,261,341,77,6,71
S01011953,Whole house or bungalow: Detached,437,394,182,212,43,4,39
S01011953,Whole house or bungalow: Semi-detached,200,182,60,122,18,2,16
S01011953,Whole house or bungalow: Terraced (including end-terrace),42,26,19,7,16,0,16
S01011953,Flat maisonette or apartment or mobile/temporary accommodation,75,51,19,32,24,4,20
S01011954,All people in households,492,318,100,218,174,130,44
S01011954,Whole house or bungalow: Total,435,301,93,208,134,96,38
S01011954,Whole house or bungalow: Detached,97,66,24,42,31,12,19
S01011954,Whole house or bungalow: Semi-detached,240,158,44,114,82,65,17
S01011954,Whole house or bungalow: Terraced (including end-terrace),98,77,25,52,21,19,2
S01011954,Flat maisonette or apartment or mobile/temporary accommodation,57,17,7,10,40,34,6
S01011955,All people in households,959,672,299,373,287,161,126
S01011955,Whole house or bungalow: Total,776,593,264,329,183,115,68
S01011955,Whole house or bungalow: Detached,211,189,90,99,22,3,19
S01011955,Whole house or bungalow: Semi-detached,410,301,125,176,109,74,35
S01011955,Whole house or bungalow: Terraced (including end-terrace),155,103,49,54,52,38,14
S01011955,Flat maisonette or apartment or mobile/temporary accommodation,183,79,35,44,104,46,58
S01011956,All people in households,1033,910,299,611,123,46,77
S01011956,Whole house or bungalow: Total,1006,902,296,606,104,39,65
S01011956,Whole house or bungalow: Detached,661,613,179,434,48,9,39
S01011956,Whole house or bungalow: Semi-detached,209,177,80,97,32,10,22
S01011956,Whole house or bungalow: Terraced (including end-terrace),136,112,37,75,24,20,4
S01011956,Flat maisonette or apartment or mobile/temporary accommodation,27,8,3,5,19,7,12
S01011957,All people in households,742,435,193,242,307,59,248
S01011957,Whole house or bungalow: Total,679,421,186,235,258,45,213
S01011957,Whole house or bungalow: Detached,443,297,144,153,146,5,141
S01011957,Whole house or bungalow: Semi-detached,174,82,29,53,92,37,55
S01011957,Whole house or bungalow: Terraced (including end-terrace),62,42,13,29,20,3,17
S01011957,Flat maisonette or apartment or mobile/temporary accommodation,63,14,7,7,49,14,35
S01011958,All people in households,1060,686,367,319,374,70,304
S01011958,Whole house or bungalow: Total,1017,679,366,313,338,53,285
S01011958,Whole house or bungalow: Detached,659,480,276,204,179,2,177
S01011958,Whole house or bungalow: Semi-detached,227,131,71,60,96,29,67
S01011958,Whole house or bungalow: Terraced (including end-terrace),131,68,19,49,63,22,41
S01011958,Flat maisonette or apartment or mobile/temporary accommodation,43,7,1,6,36,17,19
S01011959,All people in households,854,626,296,330,228,48,180
S01011959,Whole house or bungalow: Total,830,615,288,327,215,43,172
S01011959,Whole house or bungalow: Detached,558,426,211,215,132,0,132
S01011959,Whole house or bungalow: Semi-detached,219,155,66,89,64,33,31
S01011959,Whole house or bungalow: Terraced (including end-terrace),53,34,11,23,19,10,9
S01011959,Flat maisonette or apartment or mobile/temporary accommodation,24,11,8,3,13,5,8
S01011960,All people in households,798,623,201,422,175,9,166
S01011960,Whole house or bungalow: Total,718,557,156,401,161,8,153
S01011960,Whole house or bungalow: Detached,513,448,133,315,65,0,65
S01011960,Whole house or bungalow: Semi-detached,160,95,17,78,65,5,60
S01011960,Whole house or bungalow: Terraced (including end-terrace),45,14,6,8,31,3,28
S01011960,Flat maisonette or apartment or mobile/temporary accommodation,80,66,45,21,14,1,13
S01011961,All people in households,734,557,157,400,177,106,71
S01011961,Whole house or bungalow: Total,681,520,143,377,161,98,63
S01011961,Whole house or bungalow: Detached,265,247,87,160,18,3,15
S01011961,Whole house or bungalow: Semi-detached,246,192,38,154,54,31,23
S01011961,Whole house or bungalow: Terraced (including end-terrace),170,81,18,63,89,64,25
S01011961,Flat maisonette or apartment or mobile/temporary accommodation,53,37,14,23,16,8,8
S01011962,All people in households,688,599,203,396,89,6,83
S01011962,Whole house or bungalow: Total,675,596,201,395,79,5,74
S01011962,Whole house or bungalow: Detached,531,489,171,318,42,0,42
S01011962,Whole house or bungalow: Semi-detached,120,90,28,62,30,5,25
S01011962,Whole house or bungalow: Terraced (including end-terrace),24,17,2,15,7,0,7
S01011962,Flat maisonette or apartment or mobile/temporary accommodation,13,3,2,1,10,1,9
S01011963,All people in households,522,419,100,319,103,89,14
S01011963,Whole house or bungalow: Total,476,407,91,316,69,57,12
S01011963,Whole house or bungalow: Detached,192,191,52,139,1,1,0
S01011963,Whole house or bungalow: Semi-detached,186,136,31,105,50,41,9
S01011963,Whole house or bungalow: Terraced (including end-terrace),98,80,8,72,18,15,3
S01011963,Flat maisonette or apartment or mobile/temporary accommodation,46,12,9,3,34,32,2
S01011964,All people in households,980,735,297,438,245,46,199
S01011964,Whole house or bungalow: Total,822,652,267,385,170,8,162
S01011964,Whole house or bungalow: Detached,472,375,172,203,97,0,97
S01011964,Whole house or bungalow: Semi-detached,222,173,75,98,49,2,47
S01011964,Whole house or bungalow: Terraced (including end-terrace),128,104,20,84,24,6,18
S01011964,Flat maisonette or apartment or mobile/temporary accommodation,158,83,30,53,75,38,37
S01011965,All people in households,797,647,310,337,150,95,55
S01011965,Whole house or bungalow: Total,699,593,286,307,106,62,44
S01011965,Whole house or bungalow: Detached,223,204,121,83,19,2,17
S01011965,Whole house or bungalow: Semi-detached,367,312,128,184,55,37,18
S01011965,Whole house or bungalow: Terraced (including end-terrace),109,77,37,40,32,23,9
S01011965,Flat maisonette or apartment or mobile/temporary accommodation,98,54,24,30,44,33,11
S01011966,All people in households,840,708,286,422,132,60,72
S01011966,Whole house or bungalow: Total,815,696,281,415,119,57,62
S01011966,Whole house or bungalow: Detached,461,432,181,251,29,3,26
S01011966,Whole house or bungalow: Semi-detached,238,178,82,96,60,41,19
S01011966,Whole house or bungalow: Terraced (including end-terrace),116,86,18,68,30,13,17
S01011966,Flat maisonette or apartment or mobile/temporary accommodation,25,12,5,7,13,3,10
S01011967,All people in households,997,745,335,410,252,56,196
S01011967,Whole house or bungalow: Total,939,730,326,404,209,28,181
S01011967,Whole house or bungalow: Detached,721,572,274,298,149,6,143
S01011967,Whole house or bungalow: Semi-detached,160,120,40,80,40,13,27
S01011967,Whole house or bungalow: Terraced (including end-terrace),58,38,12,26,20,9,11
S01011967,Flat maisonette or apartment or mobile/temporary accommodation,58,15,9,6,43,28,15
S01011968,All people in households,996,725,297,428,271,80,191
S01011968,Whole house or bungalow: Total,557,504,220,284,53,10,43
S01011968,Whole house or bungalow: Detached,247,239,105,134,8,2,6
S01011968,Whole house or bungalow: Semi-detached,232,197,97,100,35,6,29
S01011968,Whole house or bungalow: Terraced (including end-terrace),78,68,18,50,10,2,8
S01011968,Flat maisonette or apartment or mobile/temporary accommodation,439,221,77,144,218,70,148
S01011969,All people in households,1045,690,298,392,355,236,119
S01011969,Whole house or bungalow: Total,885,619,280,339,266,176,90
S01011969,Whole house or bungalow: Detached,349,296,149,147,53,13,40
S01011969,Whole house or bungalow: Semi-detached,276,187,77,110,89,64,25
S01011969,Whole house or bungalow: Terraced (including end-terrace),260,136,54,82,124,99,25
S01011969,Flat maisonette or apartment or mobile/temporary accommodation,160,71,18,53,89,60,29
S01011970,All people in households,990,476,172,304,514,389,125
S01011970,Whole house or bungalow: Total,517,341,124,217,176,133,43
S01011970,Whole house or bungalow: Detached,101,73,37,36,28,9,19
S01011970,Whole house or bungalow: Semi-detached,219,124,42,82,95,72,23
S01011970,Whole house or bungalow: Terraced (including end-terrace),197,144,45,99,53,52,1
S01011970,Flat maisonette or apartment or mobile/temporary accommodation,473,135,48,87,338,256,82
S01011971,All people in households,576,483,195,288,93,24,69
S01011971,Whole house or bungalow: Total,562,472,192,280,90,24,66
S01011971,Whole house or bungalow: Detached,246,216,112,104,30,2,28
S01011971,Whole house or bungalow: Semi-detached,208,167,52,115,41,9,32
S01011971,Whole house or bungalow: Terraced (including end-terrace),108,89,28,61,19,13,6
S01011971,Flat maisonette or apartment or mobile/temporary accommodation,14,11,3,8,3,0,3
S01011972,All people in households,1115,713,373,340,402,50,352
S01011972,Whole house or bungalow: Total,1093,707,373,334,386,43,343
S01011972,Whole house or bungalow: Detached,781,532,299,233,249,3,246
S01011972,Whole house or bungalow: Semi-detached,256,143,61,82,113,28,85
S01011972,Whole house or bungalow: Terraced (including end-terrace),56,32,13,19,24,12,12
S01011972,Flat maisonette or apartment or mobile/temporary accommodation,22,6,0,6,16,7,9
S01011973,All people in households,621,459,201,258,162,82,80
S01011973,Whole house or bungalow: Total,586,450,200,250,136,60,76
S01011973,Whole house or bungalow: Detached,318,291,144,147,27,0,27
S01011973,Whole house or bungalow: Semi-detached,160,100,43,57,60,34,26
S01011973,Whole house or bungalow: Terraced (including end-terrace),108,59,13,46,49,26,23
S01011973,Flat maisonette or apartment or mobile/temporary accommodation,35,9,1,8,26,22,4
S01011974,All people in households,738,628,263,365,110,23,87
S01011974,Whole house or bungalow: Total,713,614,257,357,99,18,81
S01011974,Whole house or bungalow: Detached,481,434,189,245,47,4,43
S01011974,Whole house or bungalow: Semi-detached,176,132,44,88,44,13,31
S01011974,Whole house or bungalow: Terraced (including end-terrace),56,48,24,24,8,1,7
S01011974,Flat maisonette or apartment or mobile/temporary accommodation,25,14,6,8,11,5,6
S01011975,All people in households,452,326,149,177,126,41,85
S01011975,Whole house or bungalow: Total,428,313,141,172,115,37,78
S01011975,Whole house or bungalow: Detached,266,215,99,116,51,2,49
S01011975,Whole house or bungalow: Semi-detached,114,69,32,37,45,21,24
S01011975,Whole house or bungalow: Terraced (including end-terrace),48,29,10,19,19,14,5
S01011975,Flat maisonette or apartment or mobile/temporary accommodation,24,13,8,5,11,4,7
S01011976,All people in households,779,575,255,320,204,78,126
S01011976,Whole house or bungalow: Total,611,495,215,280,116,34,82
S01011976,Whole house or bungalow: Detached,368,316,134,182,52,2,50
S01011976,Whole house or bungalow: Semi-detached,155,119,51,68,36,26,10
S01011976,Whole house or bungalow: Terraced (including end-terrace),88,60,30,30,28,6,22
S01011976,Flat maisonette or apartment or mobile/temporary accommodation,168,80,40,40,88,44,44
S01011977,All people in households,1111,683,324,359,428,248,180
S01011977,Whole house or bungalow: Total,999,662,316,346,337,189,148
S01011977,Whole house or bungalow: Detached,520,426,237,189,94,14,80
S01011977,Whole house or bungalow: Semi-detached,242,101,44,57,141,97,44
S01011977,Whole house or bungalow: Terraced (including end-terrace),237,135,35,100,102,78,24
S01011977,Flat maisonette or apartment or mobile/temporary accommodation,112,21,8,13,91,59,32
S01011978,All people in households,693,445,222,223,248,172,76
S01011978,Whole house or bungalow: Total,478,375,198,177,103,67,36
S01011978,Whole house or bungalow: Detached,175,155,84,71,20,3,17
S01011978,Whole house or bungalow: Semi-detached,152,121,76,45,31,21,10
S01011978,Whole house or bungalow: Terraced (including end-terrace),151,99,38,61,52,43,9
S01011978,Flat maisonette or apartment or mobile/temporary accommodation,215,70,24,46,145,105,40
S01011979,All people in households,947,770,312,458,177,43,134
S01011979,Whole house or bungalow: Total,917,755,309,446,162,36,126
S01011979,Whole house or bungalow: Detached,723,618,259,359,105,0,105
S01011979,Whole house or bungalow: Semi-detached,172,121,42,79,51,31,20
S01011979,Whole house or bungalow: Terraced (including end-terrace),22,16,8,8,6,5,1
S01011979,Flat maisonette or apartment or mobile/temporary accommodation,30,15,3,12,15,7,8
S01011980,All people in households,401,270,173,97,131,11,120
S01011980,Whole house or bungalow: Total,388,267,171,96,121,3,118
S01011980,Whole house or bungalow: Detached,307,234,156,78,73,1,72
S01011980,Whole house or bungalow: Semi-detached,66,21,10,11,45,1,44
S01011980,Whole house or bungalow: Terraced (including end-terrace),15,12,5,7,3,1,2
S01011980,Flat maisonette or apartment or mobile/temporary accommodation,13,3,2,1,10,8,2
S01011981,All people in households,890,482,263,219,408,56,352
S01011981,Whole house or bungalow: Total,835,468,253,215,367,49,318
S01011981,Whole house or bungalow: Detached,568,368,211,157,200,2,198
S01011981,Whole house or bungalow: Semi-detached,194,74,31,43,120,27,93
S01011981,Whole house or bungalow: Terraced (including end-terrace),73,26,11,15,47,20,27
S01011981,Flat maisonette or apartment or mobile/temporary accommodation,55,14,10,4,41,7,34
S01011982,All people in households,940,506,274,232,434,25,409
S01011982,Whole house or bungalow: Total,889,493,268,225,396,14,382
S01011982,Whole house or bungalow: Detached,772,451,248,203,321,2,319
S01011982,Whole house or bungalow: Semi-detached,105,37,20,17,68,6,62
S01011982,Whole house or bungalow: Terraced (including end-terrace),12,5,0,5,7,6,1
S01011982,Flat maisonette or apartment or mobile/temporary accommodation,51,13,6,7,38,11,27
S01011983,All people in households,695,429,269,160,266,93,173
S01011983,Whole house or bungalow: Total,675,424,264,160,251,90,161
S01011983,Whole house or bungalow: Detached,373,282,184,98,91,5,86
S01011983,Whole house or bungalow: Semi-detached,262,120,61,59,142,76,66
S01011983,Whole house or bungalow: Terraced (including end-terrace),40,22,19,3,18,9,9
S01011983,Flat maisonette or apartment or mobile/temporary accommodation,20,5,5,0,15,3,12
S01011984,All people in households,676,277,111,166,399,349,50
S01011984,Whole house or bungalow: Total,441,242,104,138,199,176,23
S01011984,Whole house or bungalow: Detached,141,125,64,61,16,11,5
S01011984,Whole house or bungalow: Semi-detached,93,31,9,22,62,60,2
S01011984,Whole house or bungalow: Terraced (including end-terrace),207,86,31,55,121,105,16
S01011984,Flat maisonette or apartment or mobile/temporary accommodation,235,35,7,28,200,173,27
S01011985,All people in households,662,528,230,298,134,31,103
S01011985,Whole house or bungalow: Total,529,458,213,245,71,17,54
S01011985,Whole house or bungalow: Detached,349,313,162,151,36,3,33
S01011985,Whole house or bungalow: Semi-detached,142,122,48,74,20,11,9
S01011985,Whole house or bungalow: Terraced (including end-terrace),38,23,3,20,15,3,12
S01011985,Flat maisonette or apartment or mobile/temporary accommodation,133,70,17,53,63,14,49
S01011986,All people in households,664,246,84,162,418,351,67
S01011986,Whole house or bungalow: Total,323,158,62,96,165,132,33
S01011986,Whole house or bungalow: Detached,79,61,21,40,18,9,9
S01011986,Whole house or bungalow: Semi-detached,86,32,11,21,54,37,17
S01011986,Whole house or bungalow: Terraced (including end-terrace),158,65,30,35,93,86,7
S01011986,Flat maisonette or apartment or mobile/temporary accommodation,341,88,22,66,253,219,34
S01011987,All people in households,948,612,241,371,336,255,81
S01011987,Whole house or bungalow: Total,883,594,238,356,289,218,71
S01011987,Whole house or bungalow: Detached,363,324,168,156,39,9,30
S01011987,Whole house or bungalow: Semi-detached,316,171,45,126,145,125,20
S01011987,Whole house or bungalow: Terraced (including end-terrace),204,99,25,74,105,84,21
S01011987,Flat maisonette or apartment or mobile/temporary accommodation,65,18,3,15,47,37,10
S01011988,All people in households,620,566,295,271,54,15,39
S01011988,Whole house or bungalow: Total,607,559,295,264,48,15,33
S01011988,Whole house or bungalow: Detached,420,404,224,180,16,0,16
S01011988,Whole house or bungalow: Semi-detached,173,144,71,73,29,12,17
S01011988,Whole house or bungalow: Terraced (including end-terrace),14,11,0,11,3,3,0
S01011988,Flat maisonette or apartment or mobile/temporary accommodation,13,7,0,7,6,0,6
S01011989,All people in households,866,712,277,435,154,80,74
S01011989,Whole house or bungalow: Total,830,693,272,421,137,76,61
S01011989,Whole house or bungalow: Detached,476,442,208,234,34,3,31
S01011989,Whole house or bungalow: Semi-detached,213,179,37,142,34,15,19
S01011989,Whole house or bungalow: Terraced (including end-terrace),141,72,27,45,69,58,11
S01011989,Flat maisonette or apartment or mobile/temporary accommodation,36,19,5,14,17,4,13
S01011990,All people in households,750,651,384,267,99,27,72
S01011990,Whole house or bungalow: Total,687,627,366,261,60,8,52
S01011990,Whole house or bungalow: Detached,434,403,251,152,31,2,29
S01011990,Whole house or bungalow: Semi-detached,227,209,115,94,18,1,17
S01011990,Whole house or bungalow: Terraced (including end-terrace),26,15,0,15,11,5,6
S01011990,Flat maisonette or apartment or mobile/temporary accommodation,63,24,18,6,39,19,20
S01011991,All people in households,703,530,221,309,173,118,55
S01011991,Whole house or bungalow: Total,670,516,215,301,154,102,52
S01011991,Whole house or bungalow: Detached,257,239,120,119,18,6,12
S01011991,Whole house or bungalow: Semi-detached,219,154,73,81,65,44,21
S01011991,Whole house or bungalow: Terraced (including end-terrace),194,123,22,101,71,52,19
S01011991,Flat maisonette or apartment or mobile/temporary accommodation,33,14,6,8,19,16,3
S01011992,All people in households,962,798,433,365,164,17,147
S01011992,Whole house or bungalow: Total,784,673,350,323,111,11,100
S01011992,Whole house or bungalow: Detached,501,446,245,201,55,3,52
S01011992,Whole house or bungalow: Semi-detached,171,142,74,68,29,6,23
S01011992,Whole house or bungalow: Terraced (including end-terrace),112,85,31,54,27,2,25
S01011992,Flat maisonette or apartment or mobile/temporary accommodation,178,125,83,42,53,6,47
S01011993,All people in households,838,349,133,216,489,238,251
S01011993,Whole house or bungalow: Total,285,196,71,125,89,55,34
S01011993,Whole house or bungalow: Detached,99,90,35,55,9,7,2
S01011993,Whole house or bungalow: Semi-detached,115,66,28,38,49,31,18
S01011993,Whole house or bungalow: Terraced (including end-terrace),71,40,8,32,31,17,14
S01011993,Flat maisonette or apartment or mobile/temporary accommodation,553,153,62,91,400,183,217
S01011994,All people in households,676,635,425,210,41,11,30
S01011994,Whole house or bungalow: Total,673,633,423,210,40,11,29
S01011994,Whole house or bungalow: Detached,612,584,410,174,28,0,28
S01011994,Whole house or bungalow: Semi-detached,51,41,11,30,10,9,1
S01011994,Whole house or bungalow: Terraced (including end-terrace),10,8,2,6,2,2,0
S01011994,Flat maisonette or apartment or mobile/temporary accommodation,3,2,2,0,1,0,1
S01011995,All people in households,806,611,278,333,195,19,176
S01011995,Whole house or bungalow: Total,796,607,278,329,189,16,173
S01011995,Whole house or bungalow: Detached,659,527,259,268,132,7,125
S01011995,Whole house or bungalow: Semi-detached,111,63,15,48,48,2,46
S01011995,Whole house or bungalow: Terraced (including end-terrace),26,17,4,13,9,7,2
S01011995,Flat maisonette or apartment or mobile/temporary accommodation,10,4,0,4,6,3,3
S01011996,All people in households,555,330,134,196,225,162,63
S01011996,Whole house or bungalow: Total,458,308,119,189,150,112,38
S01011996,Whole house or bungalow: Detached,209,182,59,123,27,7,20
S01011996,Whole house or bungalow: Semi-detached,143,72,34,38,71,63,8
S01011996,Whole house or bungalow: Terraced (including end-terrace),106,54,26,28,52,42,10
S01011996,Flat maisonette or apartment or mobile/temporary accommodation,97,22,15,7,75,50,25
S01011997,All people in households,886,574,220,354,312,199,113
S01011997,Whole house or bungalow: Total,623,470,188,282,153,110,43
S01011997,Whole house or bungalow: Detached,240,217,101,116,23,3,20
S01011997,Whole house or bungalow: Semi-detached,166,115,47,68,51,32,19
S01011997,Whole house or bungalow: Terraced (including end-terrace),217,138,40,98,79,75,4
S01011997,Flat maisonette or apartment or mobile/temporary accommodation,263,104,32,72,159,89,70
S01011998,All people in households,545,477,194,283,68,19,49
S01011998,Whole house or bungalow: Total,483,455,188,267,28,6,22
S01011998,Whole house or bungalow: Detached,392,385,167,218,7,0,7
S01011998,Whole house or bungalow: Semi-detached,85,66,19,47,19,5,14
S01011998,Whole house or bungalow: Terraced (including end-terrace),6,4,2,2,2,1,1
S01011998,Flat maisonette or apartment or mobile/temporary accommodation,62,22,6,16,40,13,27
S01011999,All people in households,621,342,136,206,279,37,242
S01011999,Whole house or bungalow: Total,596,340,135,205,256,36,220
S01011999,Whole house or bungalow: Detached,348,198,89,109,150,3,147
S01011999,Whole house or bungalow: Semi-detached,155,87,33,54,68,17,51
S01011999,Whole house or bungalow: Terraced (including end-terrace),93,55,13,42,38,16,22
S01011999,Flat maisonette or apartment or mobile/temporary accommodation,25,2,1,1,23,1,22
S01012000,All people in households,454,380,152,228,74,19,55
S01012000,Whole house or bungalow: Total,411,366,150,216,45,15,30
S01012000,Whole house or bungalow: Detached,251,231,98,133,20,0,20
S01012000,Whole house or bungalow: Semi-detached,137,115,52,63,22,13,9
S01012000,Whole house or bungalow: Terraced (including end-terrace),23,20,0,20,3,2,1
S01012000,Flat maisonette or apartment or mobile/temporary accommodation,43,14,2,12,29,4,25
S01012001,All people in households,635,462,166,296,173,111,62
S01012001,Whole house or bungalow: Total,598,437,164,273,161,109,52
S01012001,Whole house or bungalow: Detached,129,99,47,52,30,4,26
S01012001,Whole house or bungalow: Semi-detached,258,185,72,113,73,65,8
S01012001,Whole house or bungalow: Terraced (including end-terrace),211,153,45,108,58,40,18
S01012001,Flat maisonette or apartment or mobile/temporary accommodation,37,25,2,23,12,2,10
S01012002,All people in households,539,410,177,233,129,97,32
S01012002,Whole house or bungalow: Total,518,396,171,225,122,94,28
S01012002,Whole house or bungalow: Detached,238,223,115,108,15,5,10
S01012002,Whole house or bungalow: Semi-detached,189,105,40,65,84,71,13
S01012002,Whole house or bungalow: Terraced (including end-terrace),91,68,16,52,23,18,5
S01012002,Flat maisonette or apartment or mobile/temporary accommodation,21,14,6,8,7,3,4
S01012003,All people in households,533,385,188,197,148,60,88
S01012003,Whole house or bungalow: Total,465,361,181,180,104,41,63
S01012003,Whole house or bungalow: Detached,224,208,118,90,16,2,14
S01012003,Whole house or bungalow: Semi-detached,124,75,33,42,49,20,29
S01012003,Whole house or bungalow: Terraced (including end-terrace),117,78,30,48,39,19,20
S01012003,Flat maisonette or apartment or mobile/temporary accommodation,68,24,7,17,44,19,25
S01012004,All people in households,846,669,321,348,177,105,72
S01012004,Whole house or bungalow: Total,785,640,315,325,145,86,59
S01012004,Whole house or bungalow: Detached,443,403,233,170,40,6,34
S01012004,Whole house or bungalow: Semi-detached,216,164,59,105,52,37,15
S01012004,Whole house or bungalow: Terraced (including end-terrace),126,73,23,50,53,43,10
S01012004,Flat maisonette or apartment or mobile/temporary accommodation,61,29,6,23,32,19,13
S01012005,All people in households,877,771,260,511,106,73,33
S01012005,Whole house or bungalow: Total,823,723,246,477,100,71,29
S01012005,Whole house or bungalow: Detached,561,545,176,369,16,0,16
S01012005,Whole house or bungalow: Semi-detached,141,97,36,61,44,37,7
S01012005,Whole house or bungalow: Terraced (including end-terrace),121,81,34,47,40,34,6
S01012005,Flat maisonette or apartment or mobile/temporary accommodation,54,48,14,34,6,2,4
S01012006,All people in households,624,358,170,188,266,19,247
S01012006,Whole house or bungalow: Total,588,341,162,179,247,17,230
S01012006,Whole house or bungalow: Detached,440,299,148,151,141,2,139
S01012006,Whole house or bungalow: Semi-detached,113,30,13,17,83,8,75
S01012006,Whole house or bungalow: Terraced (including end-terrace),35,12,1,11,23,7,16
S01012006,Flat maisonette or apartment or mobile/temporary accommodation,36,17,8,9,19,2,17
S01012007,All people in households,790,543,286,257,247,98,149
S01012007,Whole house or bungalow: Total,663,479,255,224,184,60,124
S01012007,Whole house or bungalow: Detached,373,284,169,115,89,1,88
S01012007,Whole house or bungalow: Semi-detached,213,151,64,87,62,32,30
S01012007,Whole house or bungalow: Terraced (including end-terrace),77,44,22,22,33,27,6
S01012007,Flat maisonette or apartment or mobile/temporary accommodation,127,64,31,33,63,38,25
S01012008,All people in households,901,543,270,273,358,152,206
S01012008,Whole house or bungalow: Total,723,484,245,239,239,90,149
S01012008,Whole house or bungalow: Detached,476,359,191,168,117,0,117
S01012008,Whole house or bungalow: Semi-detached,112,73,31,42,39,16,23
S01012008,Whole house or bungalow: Terraced (including end-terrace),135,52,23,29,83,74,9
S01012008,Flat maisonette or apartment or mobile/temporary accommodation,178,59,25,34,119,62,57
S01012009,All people in households,642,344,182,162,298,115,183
S01012009,Whole house or bungalow: Total,600,329,180,149,271,97,174
S01012009,Whole house or bungalow: Detached,336,203,138,65,133,3,130
S01012009,Whole house or bungalow: Semi-detached,200,94,37,57,106,67,39
S01012009,Whole house or bungalow: Terraced (including end-terrace),64,32,5,27,32,27,5
S01012009,Flat maisonette or apartment or mobile/temporary accommodation,42,15,2,13,27,18,9
S01012010,All people in households,1079,787,445,342,292,87,205
S01012010,Whole house or bungalow: Total,880,726,412,314,154,42,112
S01012010,Whole house or bungalow: Detached,551,490,302,188,61,1,60
S01012010,Whole house or bungalow: Semi-detached,297,222,105,117,75,35,40
S01012010,Whole house or bungalow: Terraced (including end-terrace),32,14,5,9,18,6,12
S01012010,Flat maisonette or apartment or mobile/temporary accommodation,199,61,33,28,138,45,93
S01012011,All people in households,1068,609,344,265,459,302,157
S01012011,Whole house or bungalow: Total,776,524,301,223,252,179,73
S01012011,Whole house or bungalow: Detached,292,243,170,73,49,6,43
S01012011,Whole house or bungalow: Semi-detached,403,256,127,129,147,119,28
S01012011,Whole house or bungalow: Terraced (including end-terrace),81,25,4,21,56,54,2
S01012011,Flat maisonette or apartment or mobile/temporary accommodation,292,85,43,42,207,123,84
S01012012,All people in households,626,425,227,198,201,98,103
S01012012,Whole house or bungalow: Total,554,404,221,183,150,53,97
S01012012,Whole house or bungalow: Detached,361,289,161,128,72,5,67
S01012012,Whole house or bungalow: Semi-detached,137,87,44,43,50,29,21
S01012012,Whole house or bungalow: Terraced (including end-terrace),56,28,16,12,28,19,9
S01012012,Flat maisonette or apartment or mobile/temporary accommodation,72,21,6,15,51,45,6
S01012013,All people in households,738,443,259,184,295,67,228
S01012013,Whole house or bungalow: Total,691,434,254,180,257,45,212
S01012013,Whole house or bungalow: Detached,441,286,190,96,155,4,151
S01012013,Whole house or bungalow: Semi-detached,130,68,31,37,62,17,45
S01012013,Whole house or bungalow: Terraced (including end-terrace),120,80,33,47,40,24,16
S01012013,Flat maisonette or apartment or mobile/temporary accommodation,47,9,5,4,38,22,16
S01012014,All people in households,813,464,202,262,349,197,152
S01012014,Whole house or bungalow: Total,555,373,172,201,182,106,76
S01012014,Whole house or bungalow: Detached,193,161,74,87,32,3,29
S01012014,Whole house or bungalow: Semi-detached,202,158,74,84,44,22,22
S01012014,Whole house or bungalow: Terraced (including end-terrace),160,54,24,30,106,81,25
S01012014,Flat maisonette or apartment or mobile/temporary accommodation,258,91,30,61,167,91,76
S01012015,All people in households,980,626,304,322,354,223,131
S01012015,Whole house or bungalow: Total,830,570,282,288,260,166,94
S01012015,Whole house or bungalow: Detached,384,315,176,139,69,16,53
S01012015,Whole house or bungalow: Semi-detached,326,186,85,101,140,118,22
S01012015,Whole house or bungalow: Terraced (including end-terrace),120,69,21,48,51,32,19
S01012015,Flat maisonette or apartment or mobile/temporary accommodation,150,56,22,34,94,57,37
S01012016,All people in households,780,493,261,232,287,97,190
S01012016,Whole house or bungalow: Total,765,488,258,230,277,93,184
S01012016,Whole house or bungalow: Detached,438,312,176,136,126,4,122
S01012016,Whole house or bungalow: Semi-detached,269,152,72,80,117,66,51
S01012016,Whole house or bungalow: Terraced (including end-terrace),58,24,10,14,34,23,11
S01012016,Flat maisonette or apartment or mobile/temporary accommodation,15,5,3,2,10,4,6
S01012017,All people in households,495,324,203,121,171,29,142
S01012017,Whole house or bungalow: Total,484,320,202,118,164,24,140
S01012017,Whole house or bungalow: Detached,385,268,170,98,117,5,112
S01012017,Whole house or bungalow: Semi-detached,80,47,30,17,33,7,26
S01012017,Whole house or bungalow: Terraced (including end-terrace),19,5,2,3,14,12,2
S01012017,Flat maisonette or apartment or mobile/temporary accommodation,11,4,1,3,7,5,2
S01012018,All people in households,843,535,269,266,308,76,232
S01012018,Whole house or bungalow: Total,818,530,266,264,288,74,214
S01012018,Whole house or bungalow: Detached,517,373,214,159,144,0,144
S01012018,Whole house or bungalow: Semi-detached,170,94,32,62,76,51,25
S01012018,Whole house or bungalow: Terraced (including end-terrace),131,63,20,43,68,23,45
S01012018,Flat maisonette or apartment or mobile/temporary accommodation,25,5,3,2,20,2,18
S01012019,All people in households,846,718,214,504,128,39,89
S01012019,Whole house or bungalow: Total,623,578,163,415,45,13,32
S01012019,Whole house or bungalow: Detached,308,295,84,211,13,0,13
S01012019,Whole house or bungalow: Semi-detached,239,212,53,159,27,12,15
S01012019,Whole house or bungalow: Terraced (including end-terrace),76,71,26,45,5,1,4
S01012019,Flat maisonette or apartment or mobile/temporary accommodation,223,140,51,89,83,26,57
S01012020,All people in households,698,473,168,305,225,169,56
S01012020,Whole house or bungalow: Total,475,392,138,254,83,70,13
S01012020,Whole house or bungalow: Detached,252,243,78,165,9,0,9
S01012020,Whole house or bungalow: Semi-detached,80,58,24,34,22,20,2
S01012020,Whole house or bungalow: Terraced (including end-terrace),143,91,36,55,52,50,2
S01012020,Flat maisonette or apartment or mobile/temporary accommodation,223,81,30,51,142,99,43
S01012021,All people in households,565,466,178,288,99,92,7
S01012021,Whole house or bungalow: Total,509,438,161,277,71,69,2
S01012021,Whole house or bungalow: Detached,265,263,118,145,2,0,2
S01012021,Whole house or bungalow: Semi-detached,109,80,30,50,29,29,0
S01012021,Whole house or bungalow: Terraced (including end-terrace),135,95,13,82,40,40,0
S01012021,Flat maisonette or apartment or mobile/temporary accommodation,56,28,17,11,28,23,5
S01012022,All people in households,660,529,166,363,131,91,40
S01012022,Whole house or bungalow: Total,476,432,137,295,44,24,20
S01012022,Whole house or bungalow: Detached,97,95,32,63,2,0,2
S01012022,Whole house or bungalow: Semi-detached,236,220,59,161,16,8,8
S01012022,Whole house or bungalow: Terraced (including end-terrace),143,117,46,71,26,16,10
S01012022,Flat maisonette or apartment or mobile/temporary accommodation,184,97,29,68,87,67,20
S01012023,All people in households,531,477,208,269,54,16,38
S01012023,Whole house or bungalow: Total,493,444,196,248,49,16,33
S01012023,Whole house or bungalow: Detached,343,321,144,177,22,3,19
S01012023,Whole house or bungalow: Semi-detached,106,84,37,47,22,10,12
S01012023,Whole house or bungalow: Terraced (including end-terrace),44,39,15,24,5,3,2
S01012023,Flat maisonette or apartment or mobile/temporary accommodation,38,33,12,21,5,0,5
S01012024,All people in households,868,756,200,556,112,70,42
S01012024,Whole house or bungalow: Total,783,718,195,523,65,41,24
S01012024,Whole house or bungalow: Detached,366,358,93,265,8,0,8
S01012024,Whole house or bungalow: Semi-detached,272,251,80,171,21,5,16
S01012024,Whole house or bungalow: Terraced (including end-terrace),145,109,22,87,36,36,0
S01012024,Flat maisonette or apartment or mobile/temporary accommodation,85,38,5,33,47,29,18
S01012025,All people in households,687,559,146,413,128,100,28
S01012025,Whole house or bungalow: Total,581,496,137,359,85,60,25
S01012025,Whole house or bungalow: Detached,254,241,53,188,13,2,11
S01012025,Whole house or bungalow: Semi-detached,239,199,61,138,40,33,7
S01012025,Whole house or bungalow: Terraced (including end-terrace),88,56,23,33,32,25,7
S01012025,Flat maisonette or apartment or mobile/temporary accommodation,106,63,9,54,43,40,3
S01012026,All people in households,648,606,80,526,42,17,25
S01012026,Whole house or bungalow: Total,590,568,76,492,22,9,13
S01012026,Whole house or bungalow: Detached,486,473,35,438,13,0,13
S01012026,Whole house or bungalow: Semi-detached,72,69,26,43,3,3,0
S01012026,Whole house or bungalow: Terraced (including end-terrace),32,26,15,11,6,6,0
S01012026,Flat maisonette or apartment or mobile/temporary accommodation,58,38,4,34,20,8,12
S01012027,All people in households,823,731,202,529,92,42,50
S01012027,Whole house or bungalow: Total,778,723,198,525,55,16,39
S01012027,Whole house or bungalow: Detached,501,487,126,361,14,3,11
S01012027,Whole house or bungalow: Semi-detached,209,177,68,109,32,10,22
S01012027,Whole house or bungalow: Terraced (including end-terrace),68,59,4,55,9,3,6
S01012027,Flat maisonette or apartment or mobile/temporary accommodation,45,8,4,4,37,26,11
S01012028,All people in households,932,877,358,519,55,12,43
S01012028,Whole house or bungalow: Total,818,787,333,454,31,0,31
S01012028,Whole house or bungalow: Detached,638,623,268,355,15,0,15
S01012028,Whole house or bungalow: Semi-detached,148,142,62,80,6,0,6
S01012028,Whole house or bungalow: Terraced (including end-terrace),32,22,3,19,10,0,10
S01012028,Flat maisonette or apartment or mobile/temporary accommodation,114,90,25,65,24,12,12
S01012029,All people in households,967,751,259,492,216,52,164
S01012029,Whole house or bungalow: Total,705,549,214,335,156,36,120
S01012029,Whole house or bungalow: Detached,324,276,143,133,48,7,41
S01012029,Whole house or bungalow: Semi-detached,228,152,41,111,76,13,63
S01012029,Whole house or bungalow: Terraced (including end-terrace),153,121,30,91,32,16,16
S01012029,Flat maisonette or apartment or mobile/temporary accommodation,262,202,45,157,60,16,44
S01012030,All people in households,641,467,209,258,174,26,148
S01012030,Whole house or bungalow: Total,541,405,190,215,136,12,124
S01012030,Whole house or bungalow: Detached,373,313,161,152,60,1,59
S01012030,Whole house or bungalow: Semi-detached,109,63,21,42,46,5,41
S01012030,Whole house or bungalow: Terraced (including end-terrace),59,29,8,21,30,6,24
S01012030,Flat maisonette or apartment or mobile/temporary accommodation,100,62,19,43,38,14,24
S01012031,All people in households,553,505,252,253,48,19,29
S01012031,Whole house or bungalow: Total,534,503,251,252,31,8,23
S01012031,Whole house or bungalow: Detached,382,368,189,179,14,0,14
S01012031,Whole house or bungalow: Semi-detached,133,125,60,65,8,2,6
S01012031,Whole house or bungalow: Terraced (including end-terrace),19,10,2,8,9,6,3
S01012031,Flat maisonette or apartment or mobile/temporary accommodation,19,2,1,1,17,11,6
S01012032,All people in households,347,299,161,138,48,3,45
S01012032,Whole house or bungalow: Total,328,289,155,134,39,2,37
S01012032,Whole house or bungalow: Detached,280,253,137,116,27,0,27
S01012032,Whole house or bungalow: Semi-detached,36,24,10,14,12,2,10
S01012032,Whole house or bungalow: Terraced (including end-terrace),12,12,8,4,0,0,0
S01012032,Flat maisonette or apartment or mobile/temporary accommodation,19,10,6,4,9,1,8
S01012033,All people in households,800,659,273,386,141,93,48
S01012033,Whole house or bungalow: Total,660,600,254,346,60,29,31
S01012033,Whole house or bungalow: Detached,187,182,87,95,5,0,5
S01012033,Whole house or bungalow: Semi-detached,206,185,78,107,21,7,14
S01012033,Whole house or bungalow: Terraced (including end-terrace),267,233,89,144,34,22,12
S01012033,Flat maisonette or apartment or mobile/temporary accommodation,140,59,19,40,81,64,17
S01012034,All people in households,825,603,209,394,222,131,91
S01012034,Whole house or bungalow: Total,514,425,151,274,89,49,40
S01012034,Whole house or bungalow: Detached,160,145,55,90,15,0,15
S01012034,Whole house or bungalow: Semi-detached,132,113,28,85,19,14,5
S01012034,Whole house or bungalow: Terraced (including end-terrace),222,167,68,99,55,35,20
S01012034,Flat maisonette or apartment or mobile/temporary accommodation,311,178,58,120,133,82,51
S01012035,All people in households,919,750,296,454,169,114,55
S01012035,Whole house or bungalow: Total,608,566,239,327,42,24,18
S01012035,Whole house or bungalow: Detached,220,205,83,122,15,8,7
S01012035,Whole house or bungalow: Semi-detached,267,265,124,141,2,2,0
S01012035,Whole house or bungalow: Terraced (including end-terrace),121,96,32,64,25,14,11
S01012035,Flat maisonette or apartment or mobile/temporary accommodation,311,184,57,127,127,90,37
S01012036,All people in households,846,786,373,413,60,11,49
S01012036,Whole house or bungalow: Total,715,689,336,353,26,8,18
S01012036,Whole house or bungalow: Detached,245,245,146,99,0,0,0
S01012036,Whole house or bungalow: Semi-detached,365,354,158,196,11,4,7
S01012036,Whole house or bungalow: Terraced (including end-terrace),105,90,32,58,15,4,11
S01012036,Flat maisonette or apartment or mobile/temporary accommodation,131,97,37,60,34,3,31
S01012037,All people in households,989,544,134,410,445,354,91
S01012037,Whole house or bungalow: Total,611,428,111,317,183,141,42
S01012037,Whole house or bungalow: Detached,43,26,0,26,17,17,0
S01012037,Whole house or bungalow: Semi-detached,142,114,18,96,28,15,13
S01012037,Whole house or bungalow: Terraced (including end-terrace),426,288,93,195,138,109,29
S01012037,Flat maisonette or apartment or mobile/temporary accommodation,378,116,23,93,262,213,49
S01012038,All people in households,932,222,58,164,710,687,23
S01012038,Whole house or bungalow: Total,152,74,20,54,78,78,0
S01012038,Whole house or bungalow: Detached,19,11,7,4,8,8,0
S01012038,Whole house or bungalow: Semi-detached,60,36,4,32,24,24,0
S01012038,Whole house or bungalow: Terraced (including end-terrace),73,27,9,18,46,46,0
S01012038,Flat maisonette or apartment or mobile/temporary accommodation,780,148,38,110,632,609,23
S01012039,All people in households,956,627,204,423,329,290,39
S01012039,Whole house or bungalow: Total,900,615,203,412,285,250,35
S01012039,Whole house or bungalow: Detached,12,8,2,6,4,4,0
S01012039,Whole house or bungalow: Semi-detached,388,237,96,141,151,135,16
S01012039,Whole house or bungalow: Terraced (including end-terrace),500,370,105,265,130,111,19
S01012039,Flat maisonette or apartment or mobile/temporary accommodation,56,12,1,11,44,40,4
S01012040,All people in households,691,567,138,429,124,79,45
S01012040,Whole house or bungalow: Total,593,533,130,403,60,28,32
S01012040,Whole house or bungalow: Detached,407,379,70,309,28,4,24
S01012040,Whole house or bungalow: Semi-detached,88,84,32,52,4,4,0
S01012040,Whole house or bungalow: Terraced (including end-terrace),98,70,28,42,28,20,8
S01012040,Flat maisonette or apartment or mobile/temporary accommodation,98,34,8,26,64,51,13
S01012041,All people in households,914,633,220,413,281,194,87
S01012041,Whole house or bungalow: Total,737,568,205,363,169,115,54
S01012041,Whole house or bungalow: Detached,71,60,23,37,11,11,0
S01012041,Whole house or bungalow: Semi-detached,196,164,63,101,32,20,12
S01012041,Whole house or bungalow: Terraced (including end-terrace),470,344,119,225,126,84,42
S01012041,Flat maisonette or apartment or mobile/temporary accommodation,177,65,15,50,112,79,33
S01012042,All people in households,917,633,168,465,284,218,66
S01012042,Whole house or bungalow: Total,851,621,167,454,230,175,55
S01012042,Whole house or bungalow: Detached,29,20,2,18,9,1,8
S01012042,Whole house or bungalow: Semi-detached,243,188,58,130,55,45,10
S01012042,Whole house or bungalow: Terraced (including end-terrace),579,413,107,306,166,129,37
S01012042,Flat maisonette or apartment or mobile/temporary accommodation,66,12,1,11,54,43,11
S01012043,All people in households,926,410,113,297,516,409,107
S01012043,Whole house or bungalow: Total,420,262,71,191,158,121,37
S01012043,Whole house or bungalow: Detached,88,76,21,55,12,8,4
S01012043,Whole house or bungalow: Semi-detached,178,91,27,64,87,71,16
S01012043,Whole house or bungalow: Terraced (including end-terrace),154,95,23,72,59,42,17
S01012043,Flat maisonette or apartment or mobile/temporary accommodation,506,148,42,106,358,288,70
S01012044,All people in households,892,422,142,280,470,417,53
S01012044,Whole house or bungalow: Total,393,280,91,189,113,95,18
S01012044,Whole house or bungalow: Detached,42,39,14,25,3,3,0
S01012044,Whole house or bungalow: Semi-detached,288,225,72,153,63,49,14
S01012044,Whole house or bungalow: Terraced (including end-terrace),63,16,5,11,47,43,4
S01012044,Flat maisonette or apartment or mobile/temporary accommodation,499,142,51,91,357,322,35
S01012045,All people in households,1060,523,149,374,537,328,209
S01012045,Whole house or bungalow: Total,328,281,87,194,47,23,24
S01012045,Whole house or bungalow: Detached,79,67,24,43,12,0,12
S01012045,Whole house or bungalow: Semi-detached,181,160,42,118,21,9,12
S01012045,Whole house or bungalow: Terraced (including end-terrace),68,54,21,33,14,14,0
S01012045,Flat maisonette or apartment or mobile/temporary accommodation,732,242,62,180,490,305,185
S01012046,All people in households,686,294,91,203,392,338,54
S01012046,Whole house or bungalow: Total,191,145,45,100,46,37,9
S01012046,Whole house or bungalow: Detached,20,12,5,7,8,5,3
S01012046,Whole house or bungalow: Semi-detached,73,57,20,37,16,16,0
S01012046,Whole house or bungalow: Terraced (including end-terrace),98,76,20,56,22,16,6
S01012046,Flat maisonette or apartment or mobile/temporary accommodation,495,149,46,103,346,301,45
S01012047,All people in households,932,436,152,284,496,413,83
S01012047,Whole house or bungalow: Total,260,225,78,147,35,25,10
S01012047,Whole house or bungalow: Detached,32,29,12,17,3,1,2
S01012047,Whole house or bungalow: Semi-detached,119,106,37,69,13,5,8
S01012047,Whole house or bungalow: Terraced (including end-terrace),109,90,29,61,19,19,0
S01012047,Flat maisonette or apartment or mobile/temporary accommodation,672,211,74,137,461,388,73
S01012048,All people in households,740,269,76,193,471,363,108
S01012048,Whole house or bungalow: Total,280,104,30,74,176,131,45
S01012048,Whole house or bungalow: Detached,21,15,4,11,6,1,5
S01012048,Whole house or bungalow: Semi-detached,88,31,9,22,57,45,12
S01012048,Whole house or bungalow: Terraced (including end-terrace),171,58,17,41,113,85,28
S01012048,Flat maisonette or apartment or mobile/temporary accommodation,460,165,46,119,295,232,63
S01012049,All people in households,660,480,147,333,180,120,60
S01012049,Whole house or bungalow: Total,406,382,121,261,24,3,21
S01012049,Whole house or bungalow: Detached,49,49,23,26,0,0,0
S01012049,Whole house or bungalow: Semi-detached,224,210,72,138,14,2,12
S01012049,Whole house or bungalow: Terraced (including end-terrace),133,123,26,97,10,1,9
S01012049,Flat maisonette or apartment or mobile/temporary accommodation,254,98,26,72,156,117,39
S01012050,All people in households,1019,783,113,670,236,173,63
S01012050,Whole house or bungalow: Total,869,728,102,626,141,87,54
S01012050,Whole house or bungalow: Detached,166,152,24,128,14,0,14
S01012050,Whole house or bungalow: Semi-detached,587,493,64,429,94,59,35
S01012050,Whole house or bungalow: Terraced (including end-terrace),116,83,14,69,33,28,5
S01012050,Flat maisonette or apartment or mobile/temporary accommodation,150,55,11,44,95,86,9
S01012051,All people in households,497,360,127,233,137,94,43
S01012051,Whole house or bungalow: Total,291,279,100,179,12,6,6
S01012051,Whole house or bungalow: Detached,245,239,85,154,6,0,6
S01012051,Whole house or bungalow: Semi-detached,26,25,10,15,1,1,0
S01012051,Whole house or bungalow: Terraced (including end-terrace),20,15,5,10,5,5,0
S01012051,Flat maisonette or apartment or mobile/temporary accommodation,206,81,27,54,125,88,37
S01012052,All people in households,866,611,204,407,255,168,87
S01012052,Whole house or bungalow: Total,568,463,148,315,105,66,39
S01012052,Whole house or bungalow: Detached,26,20,8,12,6,1,5
S01012052,Whole house or bungalow: Semi-detached,278,241,71,170,37,31,6
S01012052,Whole house or bungalow: Terraced (including end-terrace),264,202,69,133,62,34,28
S01012052,Flat maisonette or apartment or mobile/temporary accommodation,298,148,56,92,150,102,48
S01012053,All people in households,903,452,149,303,451,405,46
S01012053,Whole house or bungalow: Total,582,418,141,277,164,134,30
S01012053,Whole house or bungalow: Detached,24,18,6,12,6,6,0
S01012053,Whole house or bungalow: Semi-detached,127,73,31,42,54,41,13
S01012053,Whole house or bungalow: Terraced (including end-terrace),431,327,104,223,104,87,17
S01012053,Flat maisonette or apartment or mobile/temporary accommodation,321,34,8,26,287,271,16
S01012054,All people in households,829,255,68,187,574,463,111
S01012054,Whole house or bungalow: Total,338,190,55,135,148,107,41
S01012054,Whole house or bungalow: Detached,0,0,0,0,0,0,0
S01012054,Whole house or bungalow: Semi-detached,77,54,13,41,23,11,12
S01012054,Whole house or bungalow: Terraced (including end-terrace),261,136,42,94,125,96,29
S01012054,Flat maisonette or apartment or mobile/temporary accommodation,491,65,13,52,426,356,70
S01012055,All people in households,877,468,150,318,409,299,110
S01012055,Whole house or bungalow: Total,663,426,141,285,237,151,86
S01012055,Whole house or bungalow: Detached,27,11,5,6,16,7,9
S01012055,Whole house or bungalow: Semi-detached,203,145,59,86,58,40,18
S01012055,Whole house or bungalow: Terraced (including end-terrace),433,270,77,193,163,104,59
S01012055,Flat maisonette or apartment or mobile/temporary accommodation,214,42,9,33,172,148,24
S01012056,All people in households,776,626,208,418,150,136,14
S01012056,Whole house or bungalow: Total,674,576,187,389,98,86,12
S01012056,Whole house or bungalow: Detached,150,141,44,97,9,3,6
S01012056,Whole house or bungalow: Semi-detached,418,366,117,249,52,48,4
S01012056,Whole house or bungalow: Terraced (including end-terrace),106,69,26,43,37,35,2
S01012056,Flat maisonette or apartment or mobile/temporary accommodation,102,50,21,29,52,50,2
S01012057,All people in households,743,699,300,399,44,12,32
S01012057,Whole house or bungalow: Total,688,672,298,374,16,0,16
S01012057,Whole house or bungalow: Detached,129,128,61,67,1,0,1
S01012057,Whole house or bungalow: Semi-detached,506,491,224,267,15,0,15
S01012057,Whole house or bungalow: Terraced (including end-terrace),53,53,13,40,0,0,0
S01012057,Flat maisonette or apartment or mobile/temporary accommodation,55,27,2,25,28,12,16
S01012058,All people in households,728,613,295,318,115,57,58
S01012058,Whole house or bungalow: Total,653,591,288,303,62,30,32
S01012058,Whole house or bungalow: Detached,176,173,96,77,3,0,3
S01012058,Whole house or bungalow: Semi-detached,307,280,159,121,27,18,9
S01012058,Whole house or bungalow: Terraced (including end-terrace),170,138,33,105,32,12,20
S01012058,Flat maisonette or apartment or mobile/temporary accommodation,75,22,7,15,53,27,26
S01012059,All people in households,870,535,163,372,335,244,91
S01012059,Whole house or bungalow: Total,665,488,155,333,177,109,68
S01012059,Whole house or bungalow: Detached,29,19,12,7,10,5,5
S01012059,Whole house or bungalow: Semi-detached,229,182,62,120,47,33,14
S01012059,Whole house or bungalow: Terraced (including end-terrace),407,287,81,206,120,71,49
S01012059,Flat maisonette or apartment or mobile/temporary accommodation,205,47,8,39,158,135,23
S01012060,All people in households,857,516,164,352,341,269,72
S01012060,Whole house or bungalow: Total,555,406,131,275,149,104,45
S01012060,Whole house or bungalow: Detached,57,49,22,27,8,5,3
S01012060,Whole house or bungalow: Semi-detached,214,181,72,109,33,21,12
S01012060,Whole house or bungalow: Terraced (including end-terrace),284,176,37,139,108,78,30
S01012060,Flat maisonette or apartment or mobile/temporary accommodation,302,110,33,77,192,165,27
S01012061,All people in households,963,800,276,524,163,59,104
S01012061,Whole house or bungalow: Total,693,640,240,400,53,40,13
S01012061,Whole house or bungalow: Detached,177,167,73,94,10,7,3
S01012061,Whole house or bungalow: Semi-detached,376,361,147,214,15,7,8
S01012061,Whole house or bungalow: Terraced (including end-terrace),140,112,20,92,28,26,2
S01012061,Flat maisonette or apartment or mobile/temporary accommodation,270,160,36,124,110,19,91
S01012062,All people in households,846,763,170,593,83,18,65
S01012062,Whole house or bungalow: Total,741,694,151,543,47,9,38
S01012062,Whole house or bungalow: Detached,237,232,43,189,5,0,5
S01012062,Whole house or bungalow: Semi-detached,334,311,75,236,23,1,22
S01012062,Whole house or bungalow: Terraced (including end-terrace),170,151,33,118,19,8,11
S01012062,Flat maisonette or apartment or mobile/temporary accommodation,105,69,19,50,36,9,27
S01012063,All people in households,547,444,76,368,103,20,83
S01012063,Whole house or bungalow: Total,475,420,75,345,55,4,51
S01012063,Whole house or bungalow: Detached,102,91,17,74,11,0,11
S01012063,Whole house or bungalow: Semi-detached,238,201,31,170,37,2,35
S01012063,Whole house or bungalow: Terraced (including end-terrace),135,128,27,101,7,2,5
S01012063,Flat maisonette or apartment or mobile/temporary accommodation,72,24,1,23,48,16,32
S01012064,All people in households,653,159,18,141,494,441,53
S01012064,Whole house or bungalow: Total,535,139,13,126,396,349,47
S01012064,Whole house or bungalow: Detached,43,9,0,9,34,34,0
S01012064,Whole house or bungalow: Semi-detached,324,97,9,88,227,194,33
S01012064,Whole house or bungalow: Terraced (including end-terrace),168,33,4,29,135,121,14
S01012064,Flat maisonette or apartment or mobile/temporary accommodation,118,20,5,15,98,92,6
S01012065,All people in households,624,60,16,44,564,557,7
S01012065,Whole house or bungalow: Total,460,60,16,44,400,393,7
S01012065,Whole house or bungalow: Detached,49,2,2,0,47,47,0
S01012065,Whole house or bungalow: Semi-detached,271,50,14,36,221,214,7
S01012065,Whole house or bungalow: Terraced (including end-terrace),140,8,0,8,132,132,0
S01012065,Flat maisonette or apartment or mobile/temporary accommodation,164,0,0,0,164,164,0
S01012066,All people in households,852,421,55,366,431,360,71
S01012066,Whole house or bungalow: Total,607,364,35,329,243,194,49
S01012066,Whole house or bungalow: Detached,52,23,9,14,29,29,0
S01012066,Whole house or bungalow: Semi-detached,384,239,17,222,145,110,35
S01012066,Whole house or bungalow: Terraced (including end-terrace),171,102,9,93,69,55,14
S01012066,Flat maisonette or apartment or mobile/temporary accommodation,245,57,20,37,188,166,22
S01012067,All people in households,534,88,23,65,446,434,12
S01012067,Whole house or bungalow: Total,431,63,10,53,368,359,9
S01012067,Whole house or bungalow: Detached,53,13,2,11,40,38,2
S01012067,Whole house or bungalow: Semi-detached,205,38,3,35,167,165,2
S01012067,Whole house or bungalow: Terraced (including end-terrace),173,12,5,7,161,156,5
S01012067,Flat maisonette or apartment or mobile/temporary accommodation,103,25,13,12,78,75,3
S01012068,All people in households,538,39,6,33,499,480,19
S01012068,Whole house or bungalow: Total,304,31,2,29,273,258,15
S01012068,Whole house or bungalow: Detached,23,0,0,0,23,23,0
S01012068,Whole house or bungalow: Semi-detached,194,19,2,17,175,160,15
S01012068,Whole house or bungalow: Terraced (including end-terrace),87,12,0,12,75,75,0
S01012068,Flat maisonette or apartment or mobile/temporary accommodation,234,8,4,4,226,222,4
S01012069,All people in households,479,136,35,101,343,306,37
S01012069,Whole house or bungalow: Total,120,47,14,33,73,71,2
S01012069,Whole house or bungalow: Detached,25,13,6,7,12,12,0
S01012069,Whole house or bungalow: Semi-detached,67,25,8,17,42,40,2
S01012069,Whole house or bungalow: Terraced (including end-terrace),28,9,0,9,19,19,0
S01012069,Flat maisonette or apartment or mobile/temporary accommodation,359,89,21,68,270,235,35
S01012070,All people in households,710,162,62,100,548,448,100
S01012070,Whole house or bungalow: Total,33,22,4,18,11,6,5
S01012070,Whole house or bungalow: Detached,12,12,2,10,0,0,0
S01012070,Whole house or bungalow: Semi-detached,8,3,1,2,5,0,5
S01012070,Whole house or bungalow: Terraced (including end-terrace),13,7,1,6,6,6,0
S01012070,Flat maisonette or apartment or mobile/temporary accommodation,677,140,58,82,537,442,95
S01012071,All people in households,1057,281,84,197,776,414,362
S01012071,Whole house or bungalow: Total,55,36,13,23,19,16,3
S01012071,Whole house or bungalow: Detached,18,16,6,10,2,2,0
S01012071,Whole house or bungalow: Semi-detached,14,7,3,4,7,6,1
S01012071,Whole house or bungalow: Terraced (including end-terrace),23,13,4,9,10,8,2
S01012071,Flat maisonette or apartment or mobile/temporary accommodation,1002,245,71,174,757,398,359
S01012072,All people in households,1107,365,110,255,742,444,298
S01012072,Whole house or bungalow: Total,135,115,23,92,20,8,12
S01012072,Whole house or bungalow: Detached,76,67,4,63,9,2,7
S01012072,Whole house or bungalow: Semi-detached,26,21,7,14,5,1,4
S01012072,Whole house or bungalow: Terraced (including end-terrace),33,27,12,15,6,5,1
S01012072,Flat maisonette or apartment or mobile/temporary accommodation,972,250,87,163,722,436,286
S01012073,All people in households,695,510,88,422,185,77,108
S01012073,Whole house or bungalow: Total,398,375,61,314,23,6,17
S01012073,Whole house or bungalow: Detached,184,174,24,150,10,0,10
S01012073,Whole house or bungalow: Semi-detached,45,41,11,30,4,4,0
S01012073,Whole house or bungalow: Terraced (including end-terrace),169,160,26,134,9,2,7
S01012073,Flat maisonette or apartment or mobile/temporary accommodation,297,135,27,108,162,71,91
S01012074,All people in households,715,573,127,446,142,16,126
S01012074,Whole house or bungalow: Total,451,426,71,355,25,0,25
S01012074,Whole house or bungalow: Detached,160,151,32,119,9,0,9
S01012074,Whole house or bungalow: Semi-detached,132,121,16,105,11,0,11
S01012074,Whole house or bungalow: Terraced (including end-terrace),159,154,23,131,5,0,5
S01012074,Flat maisonette or apartment or mobile/temporary accommodation,264,147,56,91,117,16,101
S01012075,All people in households,724,701,98,603,23,16,7
S01012075,Whole house or bungalow: Total,690,677,92,585,13,6,7
S01012075,Whole house or bungalow: Detached,423,421,48,373,2,0,2
S01012075,Whole house or bungalow: Semi-detached,96,95,10,85,1,0,1
S01012075,Whole house or bungalow: Terraced (including end-terrace),171,161,34,127,10,6,4
S01012075,Flat maisonette or apartment or mobile/temporary accommodation,34,24,6,18,10,10,0
S01012076,All people in households,722,518,131,387,204,118,86
S01012076,Whole house or bungalow: Total,420,380,76,304,40,18,22
S01012076,Whole house or bungalow: Detached,84,80,23,57,4,0,4
S01012076,Whole house or bungalow: Semi-detached,243,219,39,180,24,12,12
S01012076,Whole house or bungalow: Terraced (including end-terrace),93,81,14,67,12,6,6
S01012076,Flat maisonette or apartment or mobile/temporary accommodation,302,138,55,83,164,100,64
S01012077,All people in households,751,373,65,308,378,280,98
S01012077,Whole house or bungalow: Total,264,202,32,170,62,35,27
S01012077,Whole house or bungalow: Detached,138,120,12,108,18,2,16
S01012077,Whole house or bungalow: Semi-detached,53,35,9,26,18,13,5
S01012077,Whole house or bungalow: Terraced (including end-terrace),73,47,11,36,26,20,6
S01012077,Flat maisonette or apartment or mobile/temporary accommodation,487,171,33,138,316,245,71
S01012078,All people in households,871,670,105,565,201,160,41
S01012078,Whole house or bungalow: Total,682,630,101,529,52,41,11
S01012078,Whole house or bungalow: Detached,312,309,49,260,3,0,3
S01012078,Whole house or bungalow: Semi-detached,226,211,19,192,15,13,2
S01012078,Whole house or bungalow: Terraced (including end-terrace),144,110,33,77,34,28,6
S01012078,Flat maisonette or apartment or mobile/temporary accommodation,189,40,4,36,149,119,30
S01012079,All people in households,917,517,173,344,400,344,56
S01012079,Whole house or bungalow: Total,579,392,148,244,187,163,24
S01012079,Whole house or bungalow: Detached,56,50,30,20,6,3,3
S01012079,Whole house or bungalow: Semi-detached,199,133,64,69,66,53,13
S01012079,Whole house or bungalow: Terraced (including end-terrace),324,209,54,155,115,107,8
S01012079,Flat maisonette or apartment or mobile/temporary accommodation,338,125,25,100,213,181,32
S01012080,All people in households,809,228,26,202,581,555,26
S01012080,Whole house or bungalow: Total,425,217,24,193,208,191,17
S01012080,Whole house or bungalow: Detached,59,29,2,27,30,27,3
S01012080,Whole house or bungalow: Semi-detached,215,149,11,138,66,58,8
S01012080,Whole house or bungalow: Terraced (including end-terrace),151,39,11,28,112,106,6
S01012080,Flat maisonette or apartment or mobile/temporary accommodation,384,11,2,9,373,364,9
S01012081,All people in households,737,285,62,223,452,412,40
S01012081,Whole house or bungalow: Total,426,226,55,171,200,186,14
S01012081,Whole house or bungalow: Detached,20,12,1,11,8,8,0
S01012081,Whole house or bungalow: Semi-detached,154,56,16,40,98,97,1
S01012081,Whole house or bungalow: Terraced (including end-terrace),252,158,38,120,94,81,13
S01012081,Flat maisonette or apartment or mobile/temporary accommodation,311,59,7,52,252,226,26
S01012082,All people in households,620,295,66,229,325,275,50
S01012082,Whole house or bungalow: Total,444,265,65,200,179,149,30
S01012082,Whole house or bungalow: Detached,14,12,2,10,2,2,0
S01012082,Whole house or bungalow: Semi-detached,155,80,25,55,75,64,11
S01012082,Whole house or bungalow: Terraced (including end-terrace),275,173,38,135,102,83,19
S01012082,Flat maisonette or apartment or mobile/temporary accommodation,176,30,1,29,146,126,20
S01012083,All people in households,690,311,98,213,379,358,21
S01012083,Whole house or bungalow: Total,434,287,91,196,147,132,15
S01012083,Whole house or bungalow: Detached,8,7,0,7,1,1,0
S01012083,Whole house or bungalow: Semi-detached,130,87,24,63,43,35,8
S01012083,Whole house or bungalow: Terraced (including end-terrace),296,193,67,126,103,96,7
S01012083,Flat maisonette or apartment or mobile/temporary accommodation,256,24,7,17,232,226,6
S01012084,All people in households,577,518,154,364,59,34,25
S01012084,Whole house or bungalow: Total,549,509,154,355,40,28,12
S01012084,Whole house or bungalow: Detached,66,62,19,43,4,0,4
S01012084,Whole house or bungalow: Semi-detached,145,133,45,88,12,12,0
S01012084,Whole house or bungalow: Terraced (including end-terrace),338,314,90,224,24,16,8
S01012084,Flat maisonette or apartment or mobile/temporary accommodation,28,9,0,9,19,6,13
S01012085,All people in households,677,561,205,356,116,86,30
S01012085,Whole house or bungalow: Total,613,548,203,345,65,48,17
S01012085,Whole house or bungalow: Detached,131,130,45,85,1,1,0
S01012085,Whole house or bungalow: Semi-detached,297,284,107,177,13,6,7
S01012085,Whole house or bungalow: Terraced (including end-terrace),185,134,51,83,51,41,10
S01012085,Flat maisonette or apartment or mobile/temporary accommodation,64,13,2,11,51,38,13
S01012086,All people in households,918,524,165,359,394,327,67
S01012086,Whole house or bungalow: Total,646,477,150,327,169,140,29
S01012086,Whole house or bungalow: Detached,37,20,5,15,17,17,0
S01012086,Whole house or bungalow: Semi-detached,176,113,18,95,63,51,12
S01012086,Whole house or bungalow: Terraced (including end-terrace),433,344,127,217,89,72,17
S01012086,Flat maisonette or apartment or mobile/temporary accommodation,272,47,15,32,225,187,38
S01012087,All people in households,720,540,175,365,180,135,45
S01012087,Whole house or bungalow: Total,639,505,162,343,134,98,36
S01012087,Whole house or bungalow: Detached,83,73,29,44,10,6,4
S01012087,Whole house or bungalow: Semi-detached,195,154,44,110,41,29,12
S01012087,Whole house or bungalow: Terraced (including end-terrace),361,278,89,189,83,63,20
S01012087,Flat maisonette or apartment or mobile/temporary accommodation,81,35,13,22,46,37,9
S01012088,All people in households,740,589,118,471,151,114,37
S01012088,Whole house or bungalow: Total,599,551,111,440,48,23,25
S01012088,Whole house or bungalow: Detached,330,313,83,230,17,0,17
S01012088,Whole house or bungalow: Semi-detached,190,162,24,138,28,20,8
S01012088,Whole house or bungalow: Terraced (including end-terrace),79,76,4,72,3,3,0
S01012088,Flat maisonette or apartment or mobile/temporary accommodation,141,38,7,31,103,91,12
S01012089,All people in households,842,797,245,552,45,6,39
S01012089,Whole house or bungalow: Total,732,712,230,482,20,4,16
S01012089,Whole house or bungalow: Detached,244,236,65,171,8,0,8
S01012089,Whole house or bungalow: Semi-detached,449,448,160,288,1,0,1
S01012089,Whole house or bungalow: Terraced (including end-terrace),39,28,5,23,11,4,7
S01012089,Flat maisonette or apartment or mobile/temporary accommodation,110,85,15,70,25,2,23
S01012090,All people in households,884,838,373,465,46,11,35
S01012090,Whole house or bungalow: Total,870,830,369,461,40,9,31
S01012090,Whole house or bungalow: Detached,645,616,281,335,29,0,29
S01012090,Whole house or bungalow: Semi-detached,185,179,76,103,6,4,2
S01012090,Whole house or bungalow: Terraced (including end-terrace),40,35,12,23,5,5,0
S01012090,Flat maisonette or apartment or mobile/temporary accommodation,14,8,4,4,6,2,4
S01012091,All people in households,537,498,185,313,39,14,25
S01012091,Whole house or bungalow: Total,509,487,183,304,22,5,17
S01012091,Whole house or bungalow: Detached,32,32,17,15,0,0,0
S01012091,Whole house or bungalow: Semi-detached,207,197,79,118,10,3,7
S01012091,Whole house or bungalow: Terraced (including end-terrace),270,258,87,171,12,2,10
S01012091,Flat maisonette or apartment or mobile/temporary accommodation,28,11,2,9,17,9,8
S01012092,All people in households,506,470,168,302,36,11,25
S01012092,Whole house or bungalow: Total,446,418,154,264,28,11,17
S01012092,Whole house or bungalow: Detached,76,63,29,34,13,5,8
S01012092,Whole house or bungalow: Semi-detached,186,178,72,106,8,6,2
S01012092,Whole house or bungalow: Terraced (including end-terrace),184,177,53,124,7,0,7
S01012092,Flat maisonette or apartment or mobile/temporary accommodation,60,52,14,38,8,0,8
S01012093,All people in households,535,459,201,258,76,13,63
S01012093,Whole house or bungalow: Total,316,298,122,176,18,4,14
S01012093,Whole house or bungalow: Detached,89,84,45,39,5,0,5
S01012093,Whole house or bungalow: Semi-detached,103,102,42,60,1,0,1
S01012093,Whole house or bungalow: Terraced (including end-terrace),124,112,35,77,12,4,8
S01012093,Flat maisonette or apartment or mobile/temporary accommodation,219,161,79,82,58,9,49
S01012094,All people in households,751,715,291,424,36,11,25
S01012094,Whole house or bungalow: Total,693,674,285,389,19,0,19
S01012094,Whole house or bungalow: Detached,447,435,186,249,12,0,12
S01012094,Whole house or bungalow: Semi-detached,200,197,83,114,3,0,3
S01012094,Whole house or bungalow: Terraced (including end-terrace),46,42,16,26,4,0,4
S01012094,Flat maisonette or apartment or mobile/temporary accommodation,58,41,6,35,17,11,6
S01012095,All people in households,1061,774,172,602,287,254,33
S01012095,Whole house or bungalow: Total,803,683,150,533,120,95,25
S01012095,Whole house or bungalow: Detached,238,227,55,172,11,4,7
S01012095,Whole house or bungalow: Semi-detached,393,355,64,291,38,33,5
S01012095,Whole house or bungalow: Terraced (including end-terrace),172,101,31,70,71,58,13
S01012095,Flat maisonette or apartment or mobile/temporary accommodation,258,91,22,69,167,159,8
S01012096,All people in households,871,599,197,402,272,228,44
S01012096,Whole house or bungalow: Total,684,483,167,316,201,168,33
S01012096,Whole house or bungalow: Detached,32,26,6,20,6,6,0
S01012096,Whole house or bungalow: Semi-detached,307,211,61,150,96,83,13
S01012096,Whole house or bungalow: Terraced (including end-terrace),345,246,100,146,99,79,20
S01012096,Flat maisonette or apartment or mobile/temporary accommodation,187,116,30,86,71,60,11
S01012097,All people in households,695,457,116,341,238,197,41
S01012097,Whole house or bungalow: Total,590,446,114,332,144,103,41
S01012097,Whole house or bungalow: Detached,55,47,9,38,8,4,4
S01012097,Whole house or bungalow: Semi-detached,240,170,55,115,70,50,20
S01012097,Whole house or bungalow: Terraced (including end-terrace),295,229,50,179,66,49,17
S01012097,Flat maisonette or apartment or mobile/temporary accommodation,105,11,2,9,94,94,0
S01012098,All people in households,628,428,96,332,200,165,35
S01012098,Whole house or bungalow: Total,480,339,81,258,141,126,15
S01012098,Whole house or bungalow: Detached,35,32,12,20,3,0,3
S01012098,Whole house or bungalow: Semi-detached,252,186,35,151,66,57,9
S01012098,Whole house or bungalow: Terraced (including end-terrace),193,121,34,87,72,69,3
S01012098,Flat maisonette or apartment or mobile/temporary accommodation,148,89,15,74,59,39,20
S01012099,All people in households,787,400,88,312,387,324,63
S01012099,Whole house or bungalow: Total,492,287,67,220,205,164,41
S01012099,Whole house or bungalow: Detached,27,16,1,15,11,1,10
S01012099,Whole house or bungalow: Semi-detached,241,144,48,96,97,91,6
S01012099,Whole house or bungalow: Terraced (including end-terrace),224,127,18,109,97,72,25
S01012099,Flat maisonette or apartment or mobile/temporary accommodation,295,113,21,92,182,160,22
S01012100,All people in households,1089,669,212,457,420,379,41
S01012100,Whole house or bungalow: Total,826,550,182,368,276,246,30
S01012100,Whole house or bungalow: Detached,121,109,54,55,12,12,0
S01012100,Whole house or bungalow: Semi-detached,326,189,65,124,137,118,19
S01012100,Whole house or bungalow: Terraced (including end-terrace),379,252,63,189,127,116,11
S01012100,Flat maisonette or apartment or mobile/temporary accommodation,263,119,30,89,144,133,11
S01012101,All people in households,785,722,280,442,63,38,25
S01012101,Whole house or bungalow: Total,659,615,243,372,44,22,22
S01012101,Whole house or bungalow: Detached,292,279,133,146,13,1,12
S01012101,Whole house or bungalow: Semi-detached,312,285,100,185,27,17,10
S01012101,Whole house or bungalow: Terraced (including end-terrace),55,51,10,41,4,4,0
S01012101,Flat maisonette or apartment or mobile/temporary accommodation,126,107,37,70,19,16,3
S01012102,All people in households,670,302,81,221,368,324,44
S01012102,Whole house or bungalow: Total,299,226,58,168,73,52,21
S01012102,Whole house or bungalow: Detached,37,26,7,19,11,2,9
S01012102,Whole house or bungalow: Semi-detached,90,66,23,43,24,16,8
S01012102,Whole house or bungalow: Terraced (including end-terrace),172,134,28,106,38,34,4
S01012102,Flat maisonette or apartment or mobile/temporary accommodation,371,76,23,53,295,272,23
S01012103,All people in households,925,738,163,575,187,103,84
S01012103,Whole house or bungalow: Total,705,603,143,460,102,67,35
S01012103,Whole house or bungalow: Detached,104,98,33,65,6,3,3
S01012103,Whole house or bungalow: Semi-detached,280,243,59,184,37,18,19
S01012103,Whole house or bungalow: Terraced (including end-terrace),321,262,51,211,59,46,13
S01012103,Flat maisonette or apartment or mobile/temporary accommodation,220,135,20,115,85,36,49
S01012104,All people in households,924,728,125,603,196,60,136
S01012104,Whole house or bungalow: Total,845,695,123,572,150,26,124
S01012104,Whole house or bungalow: Detached,628,501,81,420,127,3,124
S01012104,Whole house or bungalow: Semi-detached,167,152,33,119,15,15,0
S01012104,Whole house or bungalow: Terraced (including end-terrace),50,42,9,33,8,8,0
S01012104,Flat maisonette or apartment or mobile/temporary accommodation,79,33,2,31,46,34,12
S01012105,All people in households,1115,939,292,647,176,66,110
S01012105,Whole house or bungalow: Total,713,664,165,499,49,7,42
S01012105,Whole house or bungalow: Detached,389,366,89,277,23,3,20
S01012105,Whole house or bungalow: Semi-detached,222,214,68,146,8,0,8
S01012105,Whole house or bungalow: Terraced (including end-terrace),102,84,8,76,18,4,14
S01012105,Flat maisonette or apartment or mobile/temporary accommodation,402,275,127,148,127,59,68
S01012106,All people in households,1101,912,220,692,189,30,159
S01012106,Whole house or bungalow: Total,633,602,127,475,31,15,16
S01012106,Whole house or bungalow: Detached,372,362,98,264,10,0,10
S01012106,Whole house or bungalow: Semi-detached,180,168,25,143,12,6,6
S01012106,Whole house or bungalow: Terraced (including end-terrace),81,72,4,68,9,9,0
S01012106,Flat maisonette or apartment or mobile/temporary accommodation,468,310,93,217,158,15,143
S01012107,All people in households,646,565,259,306,81,48,33
S01012107,Whole house or bungalow: Total,402,370,172,198,32,22,10
S01012107,Whole house or bungalow: Detached,216,209,105,104,7,0,7
S01012107,Whole house or bungalow: Semi-detached,142,125,54,71,17,14,3
S01012107,Whole house or bungalow: Terraced (including end-terrace),44,36,13,23,8,8,0
S01012107,Flat maisonette or apartment or mobile/temporary accommodation,244,195,87,108,49,26,23
S01012108,All people in households,908,398,160,238,510,441,69
S01012108,Whole house or bungalow: Total,101,82,20,62,19,17,2
S01012108,Whole house or bungalow: Detached,24,24,7,17,0,0,0
S01012108,Whole house or bungalow: Semi-detached,17,16,5,11,1,1,0
S01012108,Whole house or bungalow: Terraced (including end-terrace),60,42,8,34,18,16,2
S01012108,Flat maisonette or apartment or mobile/temporary accommodation,807,316,140,176,491,424,67
S01012109,All people in households,922,317,99,218,605,340,265
S01012109,Whole house or bungalow: Total,194,118,22,96,76,45,31
S01012109,Whole house or bungalow: Detached,32,24,1,23,8,8,0
S01012109,Whole house or bungalow: Semi-detached,49,28,9,19,21,9,12
S01012109,Whole house or bungalow: Terraced (including end-terrace),113,66,12,54,47,28,19
S01012109,Flat maisonette or apartment or mobile/temporary accommodation,728,199,77,122,529,295,234
S01012110,All people in households,700,411,160,251,289,170,119
S01012110,Whole house or bungalow: Total,104,89,21,68,15,13,2
S01012110,Whole house or bungalow: Detached,34,32,8,24,2,0,2
S01012110,Whole house or bungalow: Semi-detached,40,34,9,25,6,6,0
S01012110,Whole house or bungalow: Terraced (including end-terrace),30,23,4,19,7,7,0
S01012110,Flat maisonette or apartment or mobile/temporary accommodation,596,322,139,183,274,157,117
S01012111,All people in households,558,244,62,182,314,257,57
S01012111,Whole house or bungalow: Total,233,136,26,110,97,80,17
S01012111,Whole house or bungalow: Detached,21,17,6,11,4,2,2
S01012111,Whole house or bungalow: Semi-detached,109,62,8,54,47,37,10
S01012111,Whole house or bungalow: Terraced (including end-terrace),103,57,12,45,46,41,5
S01012111,Flat maisonette or apartment or mobile/temporary accommodation,325,108,36,72,217,177,40
S01012112,All people in households,731,527,228,299,204,142,62
S01012112,Whole house or bungalow: Total,327,283,123,160,44,31,13
S01012112,Whole house or bungalow: Detached,105,105,43,62,0,0,0
S01012112,Whole house or bungalow: Semi-detached,150,125,60,65,25,22,3
S01012112,Whole house or bungalow: Terraced (including end-terrace),72,53,20,33,19,9,10
S01012112,Flat maisonette or apartment or mobile/temporary accommodation,404,244,105,139,160,111,49
S01012113,All people in households,990,759,244,515,231,173,58
S01012113,Whole house or bungalow: Total,626,564,173,391,62,51,11
S01012113,Whole house or bungalow: Detached,197,193,71,122,4,4,0
S01012113,Whole house or bungalow: Semi-detached,112,88,23,65,24,20,4
S01012113,Whole house or bungalow: Terraced (including end-terrace),317,283,79,204,34,27,7
S01012113,Flat maisonette or apartment or mobile/temporary accommodation,364,195,71,124,169,122,47
S01012114,All people in households,820,728,282,446,92,13,79
S01012114,Whole house or bungalow: Total,601,585,218,367,16,2,14
S01012114,Whole house or bungalow: Detached,403,395,157,238,8,0,8
S01012114,Whole house or bungalow: Semi-detached,115,112,37,75,3,2,1
S01012114,Whole house or bungalow: Terraced (including end-terrace),83,78,24,54,5,0,5
S01012114,Flat maisonette or apartment or mobile/temporary accommodation,219,143,64,79,76,11,65
S01012115,All people in households,517,376,115,261,141,96,45
S01012115,Whole house or bungalow: Total,407,334,97,237,73,47,26
S01012115,Whole house or bungalow: Detached,10,10,2,8,0,0,0
S01012115,Whole house or bungalow: Semi-detached,156,124,43,81,32,15,17
S01012115,Whole house or bungalow: Terraced (including end-terrace),241,200,52,148,41,32,9
S01012115,Flat maisonette or apartment or mobile/temporary accommodation,110,42,18,24,68,49,19
S01012116,All people in households,591,478,148,330,113,92,21
S01012116,Whole house or bungalow: Total,487,416,133,283,71,61,10
S01012116,Whole house or bungalow: Detached,14,13,4,9,1,1,0
S01012116,Whole house or bungalow: Semi-detached,97,84,23,61,13,11,2
S01012116,Whole house or bungalow: Terraced (including end-terrace),376,319,106,213,57,49,8
S01012116,Flat maisonette or apartment or mobile/temporary accommodation,104,62,15,47,42,31,11
S01012117,All people in households,807,755,69,686,52,22,30
S01012117,Whole house or bungalow: Total,759,725,63,662,34,14,20
S01012117,Whole house or bungalow: Detached,377,371,27,344,6,0,6
S01012117,Whole house or bungalow: Semi-detached,198,183,25,158,15,5,10
S01012117,Whole house or bungalow: Terraced (including end-terrace),184,171,11,160,13,9,4
S01012117,Flat maisonette or apartment or mobile/temporary accommodation,48,30,6,24,18,8,10
S01012118,All people in households,661,612,121,491,49,17,32
S01012118,Whole house or bungalow: Total,648,603,120,483,45,17,28
S01012118,Whole house or bungalow: Detached,336,319,57,262,17,0,17
S01012118,Whole house or bungalow: Semi-detached,250,237,48,189,13,6,7
S01012118,Whole house or bungalow: Terraced (including end-terrace),62,47,15,32,15,11,4
S01012118,Flat maisonette or apartment or mobile/temporary accommodation,13,9,1,8,4,0,4
S01012119,All people in households,900,858,361,497,42,21,21
S01012119,Whole house or bungalow: Total,871,845,359,486,26,15,11
S01012119,Whole house or bungalow: Detached,322,320,147,173,2,0,2
S01012119,Whole house or bungalow: Semi-detached,497,480,187,293,17,8,9
S01012119,Whole house or bungalow: Terraced (including end-terrace),52,45,25,20,7,7,0
S01012119,Flat maisonette or apartment or mobile/temporary accommodation,29,13,2,11,16,6,10
S01012120,All people in households,583,333,124,209,250,203,47
S01012120,Whole house or bungalow: Total,408,297,117,180,111,91,20
S01012120,Whole house or bungalow: Detached,106,91,45,46,15,14,1
S01012120,Whole house or bungalow: Semi-detached,166,99,38,61,67,50,17
S01012120,Whole house or bungalow: Terraced (including end-terrace),136,107,34,73,29,27,2
S01012120,Flat maisonette or apartment or mobile/temporary accommodation,175,36,7,29,139,112,27
S01012121,All people in households,903,520,157,363,383,329,54
S01012121,Whole house or bungalow: Total,726,447,144,303,279,247,32
S01012121,Whole house or bungalow: Detached,93,66,12,54,27,27,0
S01012121,Whole house or bungalow: Semi-detached,319,174,57,117,145,139,6
S01012121,Whole house or bungalow: Terraced (including end-terrace),314,207,75,132,107,81,26
S01012121,Flat maisonette or apartment or mobile/temporary accommodation,177,73,13,60,104,82,22
S01012122,All people in households,764,567,176,391,197,169,28
S01012122,Whole house or bungalow: Total,640,525,163,362,115,92,23
S01012122,Whole house or bungalow: Detached,61,52,31,21,9,8,1
S01012122,Whole house or bungalow: Semi-detached,242,201,61,140,41,35,6
S01012122,Whole house or bungalow: Terraced (including end-terrace),337,272,71,201,65,49,16
S01012122,Flat maisonette or apartment or mobile/temporary accommodation,124,42,13,29,82,77,5
S01012123,All people in households,510,380,128,252,130,57,73
S01012123,Whole house or bungalow: Total,304,256,88,168,48,29,19
S01012123,Whole house or bungalow: Detached,83,83,33,50,0,0,0
S01012123,Whole house or bungalow: Semi-detached,160,132,43,89,28,16,12
S01012123,Whole house or bungalow: Terraced (including end-terrace),61,41,12,29,20,13,7
S01012123,Flat maisonette or apartment or mobile/temporary accommodation,206,124,40,84,82,28,54
S01012124,All people in households,503,395,126,269,108,22,86
S01012124,Whole house or bungalow: Total,338,308,114,194,30,5,25
S01012124,Whole house or bungalow: Detached,45,38,26,12,7,0,7
S01012124,Whole house or bungalow: Semi-detached,102,94,38,56,8,0,8
S01012124,Whole house or bungalow: Terraced (including end-terrace),191,176,50,126,15,5,10
S01012124,Flat maisonette or apartment or mobile/temporary accommodation,165,87,12,75,78,17,61
S01012125,All people in households,782,218,60,158,564,437,127
S01012125,Whole house or bungalow: Total,149,102,38,64,47,39,8
S01012125,Whole house or bungalow: Detached,5,5,0,5,0,0,0
S01012125,Whole house or bungalow: Semi-detached,50,36,17,19,14,11,3
S01012125,Whole house or bungalow: Terraced (including end-terrace),94,61,21,40,33,28,5
S01012125,Flat maisonette or apartment or mobile/temporary accommodation,633,116,22,94,517,398,119
S01012126,All people in households,753,567,92,475,186,35,151
S01012126,Whole house or bungalow: Total,329,305,42,263,24,6,18
S01012126,Whole house or bungalow: Detached,73,71,24,47,2,0,2
S01012126,Whole house or bungalow: Semi-detached,56,51,5,46,5,5,0
S01012126,Whole house or bungalow: Terraced (including end-terrace),200,183,13,170,17,1,16
S01012126,Flat maisonette or apartment or mobile/temporary accommodation,424,262,50,212,162,29,133
S01012127,All people in households,849,316,92,224,533,189,344
S01012127,Whole house or bungalow: Total,52,32,12,20,20,10,10
S01012127,Whole house or bungalow: Detached,5,5,2,3,0,0,0
S01012127,Whole house or bungalow: Semi-detached,19,12,10,2,7,2,5
S01012127,Whole house or bungalow: Terraced (including end-terrace),28,15,0,15,13,8,5
S01012127,Flat maisonette or apartment or mobile/temporary accommodation,797,284,80,204,513,179,334
S01012128,All people in households,510,196,29,167,314,95,219
S01012128,Whole house or bungalow: Total,154,75,20,55,79,50,29
S01012128,Whole house or bungalow: Detached,8,0,0,0,8,8,0
S01012128,Whole house or bungalow: Semi-detached,27,8,6,2,19,12,7
S01012128,Whole house or bungalow: Terraced (including end-terrace),119,67,14,53,52,30,22
S01012128,Flat maisonette or apartment or mobile/temporary accommodation,356,121,9,112,235,45,190
S01012129,All people in households,669,347,116,231,322,161,161
S01012129,Whole house or bungalow: Total,103,73,26,47,30,16,14
S01012129,Whole house or bungalow: Detached,22,15,6,9,7,7,0
S01012129,Whole house or bungalow: Semi-detached,21,13,4,9,8,6,2
S01012129,Whole house or bungalow: Terraced (including end-terrace),60,45,16,29,15,3,12
S01012129,Flat maisonette or apartment or mobile/temporary accommodation,566,274,90,184,292,145,147
S01012130,All people in households,1002,484,172,312,518,355,163
S01012130,Whole house or bungalow: Total,266,220,56,164,46,9,37
S01012130,Whole house or bungalow: Detached,40,34,15,19,6,1,5
S01012130,Whole house or bungalow: Semi-detached,49,41,12,29,8,4,4
S01012130,Whole house or bungalow: Terraced (including end-terrace),177,145,29,116,32,4,28
S01012130,Flat maisonette or apartment or mobile/temporary accommodation,736,264,116,148,472,346,126
S01012131,All people in households,962,395,135,260,567,302,265
S01012131,Whole house or bungalow: Total,67,42,12,30,25,9,16
S01012131,Whole house or bungalow: Detached,9,9,3,6,0,0,0
S01012131,Whole house or bungalow: Semi-detached,36,24,8,16,12,3,9
S01012131,Whole house or bungalow: Terraced (including end-terrace),22,9,1,8,13,6,7
S01012131,Flat maisonette or apartment or mobile/temporary accommodation,895,353,123,230,542,293,249
S01012132,All people in households,684,250,100,150,434,162,272
S01012132,Whole house or bungalow: Total,36,35,22,13,1,1,0
S01012132,Whole house or bungalow: Detached,5,5,2,3,0,0,0
S01012132,Whole house or bungalow: Semi-detached,15,15,10,5,0,0,0
S01012132,Whole house or bungalow: Terraced (including end-terrace),16,15,10,5,1,1,0
S01012132,Flat maisonette or apartment or mobile/temporary accommodation,648,215,78,137,433,161,272
S01012133,All people in households,750,434,92,342,316,131,185
S01012133,Whole house or bungalow: Total,218,167,23,144,51,14,37
S01012133,Whole house or bungalow: Detached,37,34,5,29,3,3,0
S01012133,Whole house or bungalow: Semi-detached,83,65,12,53,18,8,10
S01012133,Whole house or bungalow: Terraced (including end-terrace),98,68,6,62,30,3,27
S01012133,Flat maisonette or apartment or mobile/temporary accommodation,532,267,69,198,265,117,148
S01012134,All people in households,1090,807,329,478,283,90,193
S01012134,Whole house or bungalow: Total,270,225,84,141,45,25,20
S01012134,Whole house or bungalow: Detached,55,50,13,37,5,2,3
S01012134,Whole house or bungalow: Semi-detached,153,138,55,83,15,6,9
S01012134,Whole house or bungalow: Terraced (including end-terrace),62,37,16,21,25,17,8
S01012134,Flat maisonette or apartment or mobile/temporary accommodation,820,582,245,337,238,65,173
S01012135,All people in households,878,177,53,124,701,574,127
S01012135,Whole house or bungalow: Total,25,14,0,14,11,9,2
S01012135,Whole house or bungalow: Detached,5,5,0,5,0,0,0
S01012135,Whole house or bungalow: Semi-detached,4,4,0,4,0,0,0
S01012135,Whole house or bungalow: Terraced (including end-terrace),16,5,0,5,11,9,2
S01012135,Flat maisonette or apartment or mobile/temporary accommodation,853,163,53,110,690,565,125
S01012136,All people in households,835,192,29,163,643,357,286
S01012136,Whole house or bungalow: Total,27,12,2,10,15,7,8
S01012136,Whole house or bungalow: Detached,15,5,2,3,10,2,8
S01012136,Whole house or bungalow: Semi-detached,4,4,0,4,0,0,0
S01012136,Whole house or bungalow: Terraced (including end-terrace),8,3,0,3,5,5,0
S01012136,Flat maisonette or apartment or mobile/temporary accommodation,808,180,27,153,628,350,278
S01012137,All people in households,671,281,141,140,390,271,119
S01012137,Whole house or bungalow: Total,45,32,14,18,13,12,1
S01012137,Whole house or bungalow: Detached,9,9,2,7,0,0,0
S01012137,Whole house or bungalow: Semi-detached,19,14,10,4,5,5,0
S01012137,Whole house or bungalow: Terraced (including end-terrace),17,9,2,7,8,7,1
S01012137,Flat maisonette or apartment or mobile/temporary accommodation,626,249,127,122,377,259,118
S01012138,All people in households,904,720,273,447,184,89,95
S01012138,Whole house or bungalow: Total,457,414,169,245,43,18,25
S01012138,Whole house or bungalow: Detached,96,90,42,48,6,2,4
S01012138,Whole house or bungalow: Semi-detached,318,286,107,179,32,15,17
S01012138,Whole house or bungalow: Terraced (including end-terrace),43,38,20,18,5,1,4
S01012138,Flat maisonette or apartment or mobile/temporary accommodation,447,306,104,202,141,71,70
S01012139,All people in households,940,736,256,480,204,121,83
S01012139,Whole house or bungalow: Total,621,524,160,364,97,50,47
S01012139,Whole house or bungalow: Detached,116,104,14,90,12,0,12
S01012139,Whole house or bungalow: Semi-detached,459,384,138,246,75,43,32
S01012139,Whole house or bungalow: Terraced (including end-terrace),46,36,8,28,10,7,3
S01012139,Flat maisonette or apartment or mobile/temporary accommodation,319,212,96,116,107,71,36
S01012140,All people in households,519,493,219,274,26,10,16
S01012140,Whole house or bungalow: Total,490,478,217,261,12,5,7
S01012140,Whole house or bungalow: Detached,127,124,50,74,3,0,3
S01012140,Whole house or bungalow: Semi-detached,339,331,155,176,8,4,4
S01012140,Whole house or bungalow: Terraced (including end-terrace),24,23,12,11,1,1,0
S01012140,Flat maisonette or apartment or mobile/temporary accommodation,29,15,2,13,14,5,9
S01012141,All people in households,1014,945,378,567,69,26,43
S01012141,Whole house or bungalow: Total,946,909,361,548,37,23,14
S01012141,Whole house or bungalow: Detached,91,87,47,40,4,0,4
S01012141,Whole house or bungalow: Semi-detached,731,709,277,432,22,17,5
S01012141,Whole house or bungalow: Terraced (including end-terrace),124,113,37,76,11,6,5
S01012141,Flat maisonette or apartment or mobile/temporary accommodation,68,36,17,19,32,3,29
S01012142,All people in households,952,914,415,499,38,11,27
S01012142,Whole house or bungalow: Total,931,903,412,491,28,8,20
S01012142,Whole house or bungalow: Detached,184,178,100,78,6,0,6
S01012142,Whole house or bungalow: Semi-detached,693,676,301,375,17,3,14
S01012142,Whole house or bungalow: Terraced (including end-terrace),54,49,11,38,5,5,0
S01012142,Flat maisonette or apartment or mobile/temporary accommodation,21,11,3,8,10,3,7
S01012143,All people in households,869,838,428,410,31,20,11
S01012143,Whole house or bungalow: Total,840,814,417,397,26,20,6
S01012143,Whole house or bungalow: Detached,424,422,249,173,2,0,2
S01012143,Whole house or bungalow: Semi-detached,361,349,143,206,12,8,4
S01012143,Whole house or bungalow: Terraced (including end-terrace),55,43,25,18,12,12,0
S01012143,Flat maisonette or apartment or mobile/temporary accommodation,29,24,11,13,5,0,5
S01012144,All people in households,1046,943,383,560,103,38,65
S01012144,Whole house or bungalow: Total,930,902,371,531,28,4,24
S01012144,Whole house or bungalow: Detached,44,44,29,15,0,0,0
S01012144,Whole house or bungalow: Semi-detached,659,640,254,386,19,4,15
S01012144,Whole house or bungalow: Terraced (including end-terrace),227,218,88,130,9,0,9
S01012144,Flat maisonette or apartment or mobile/temporary accommodation,116,41,12,29,75,34,41
S01012145,All people in households,1019,965,365,600,54,20,34
S01012145,Whole house or bungalow: Total,950,905,340,565,45,16,29
S01012145,Whole house or bungalow: Detached,229,225,77,148,4,0,4
S01012145,Whole house or bungalow: Semi-detached,689,664,255,409,25,2,23
S01012145,Whole house or bungalow: Terraced (including end-terrace),32,16,8,8,16,14,2
S01012145,Flat maisonette or apartment or mobile/temporary accommodation,69,60,25,35,9,4,5
S01012146,All people in households,979,353,125,228,626,417,209
S01012146,Whole house or bungalow: Total,131,68,32,36,63,47,16
S01012146,Whole house or bungalow: Detached,20,15,7,8,5,5,0
S01012146,Whole house or bungalow: Semi-detached,33,13,7,6,20,14,6
S01012146,Whole house or bungalow: Terraced (including end-terrace),78,40,18,22,38,28,10
S01012146,Flat maisonette or apartment or mobile/temporary accommodation,848,285,93,192,563,370,193
S01012147,All people in households,753,329,115,214,424,340,84
S01012147,Whole house or bungalow: Total,132,85,45,40,47,28,19
S01012147,Whole house or bungalow: Detached,8,6,0,6,2,2,0
S01012147,Whole house or bungalow: Semi-detached,70,49,30,19,21,12,9
S01012147,Whole house or bungalow: Terraced (including end-terrace),54,30,15,15,24,14,10
S01012147,Flat maisonette or apartment or mobile/temporary accommodation,621,244,70,174,377,312,65
S01012148,All people in households,756,307,98,209,449,362,87
S01012148,Whole house or bungalow: Total,73,48,16,32,25,13,12
S01012148,Whole house or bungalow: Detached,7,7,7,0,0,0,0
S01012148,Whole house or bungalow: Semi-detached,20,12,3,9,8,0,8
S01012148,Whole house or bungalow: Terraced (including end-terrace),46,29,6,23,17,13,4
S01012148,Flat maisonette or apartment or mobile/temporary accommodation,683,259,82,177,424,349,75
S01012149,All people in households,800,544,132,412,256,159,97
S01012149,Whole house or bungalow: Total,442,389,82,307,53,18,35
S01012149,Whole house or bungalow: Detached,259,236,65,171,23,0,23
S01012149,Whole house or bungalow: Semi-detached,96,92,12,80,4,4,0
S01012149,Whole house or bungalow: Terraced (including end-terrace),87,61,5,56,26,14,12
S01012149,Flat maisonette or apartment or mobile/temporary accommodation,358,155,50,105,203,141,62
S01012150,All people in households,778,446,128,318,332,295,37
S01012150,Whole house or bungalow: Total,540,381,115,266,159,139,20
S01012150,Whole house or bungalow: Detached,21,9,1,8,12,7,5
S01012150,Whole house or bungalow: Semi-detached,109,73,25,48,36,33,3
S01012150,Whole house or bungalow: Terraced (including end-terrace),410,299,89,210,111,99,12
S01012150,Flat maisonette or apartment or mobile/temporary accommodation,238,65,13,52,173,156,17
S01012151,All people in households,760,430,135,295,330,287,43
S01012151,Whole house or bungalow: Total,447,349,122,227,98,80,18
S01012151,Whole house or bungalow: Detached,5,5,4,1,0,0,0
S01012151,Whole house or bungalow: Semi-detached,131,99,40,59,32,26,6
S01012151,Whole house or bungalow: Terraced (including end-terrace),311,245,78,167,66,54,12
S01012151,Flat maisonette or apartment or mobile/temporary accommodation,313,81,13,68,232,207,25
S01012152,All people in households,744,267,84,183,477,441,36
S01012152,Whole house or bungalow: Total,189,125,46,79,64,53,11
S01012152,Whole house or bungalow: Detached,12,11,0,11,1,1,0
S01012152,Whole house or bungalow: Semi-detached,48,25,14,11,23,20,3
S01012152,Whole house or bungalow: Terraced (including end-terrace),129,89,32,57,40,32,8
S01012152,Flat maisonette or apartment or mobile/temporary accommodation,555,142,38,104,413,388,25
S01012153,All people in households,538,133,43,90,405,294,111
S01012153,Whole house or bungalow: Total,74,47,17,30,27,25,2
S01012153,Whole house or bungalow: Detached,9,9,0,9,0,0,0
S01012153,Whole house or bungalow: Semi-detached,40,26,10,16,14,14,0
S01012153,Whole house or bungalow: Terraced (including end-terrace),25,12,7,5,13,11,2
S01012153,Flat maisonette or apartment or mobile/temporary accommodation,464,86,26,60,378,269,109
S01012154,All people in households,777,240,72,168,537,379,158
S01012154,Whole house or bungalow: Total,61,23,18,5,38,24,14
S01012154,Whole house or bungalow: Detached,11,5,5,0,6,2,4
S01012154,Whole house or bungalow: Semi-detached,21,3,1,2,18,10,8
S01012154,Whole house or bungalow: Terraced (including end-terrace),29,15,12,3,14,12,2
S01012154,Flat maisonette or apartment or mobile/temporary accommodation,716,217,54,163,499,355,144
S01012155,All people in households,546,217,77,140,329,221,108
S01012155,Whole house or bungalow: Total,72,52,24,28,20,10,10
S01012155,Whole house or bungalow: Detached,13,12,3,9,1,0,1
S01012155,Whole house or bungalow: Semi-detached,45,31,13,18,14,5,9
S01012155,Whole house or bungalow: Terraced (including end-terrace),14,9,8,1,5,5,0
S01012155,Flat maisonette or apartment or mobile/temporary accommodation,474,165,53,112,309,211,98
S01012156,All people in households,605,249,84,165,356,305,51
S01012156,Whole house or bungalow: Total,197,83,27,56,114,98,16
S01012156,Whole house or bungalow: Detached,7,7,3,4,0,0,0
S01012156,Whole house or bungalow: Semi-detached,67,20,4,16,47,38,9
S01012156,Whole house or bungalow: Terraced (including end-terrace),123,56,20,36,67,60,7
S01012156,Flat maisonette or apartment or mobile/temporary accommodation,408,166,57,109,242,207,35
S01012157,All people in households,989,555,120,435,434,288,146
S01012157,Whole house or bungalow: Total,706,432,94,338,274,227,47
S01012157,Whole house or bungalow: Detached,137,104,9,95,33,17,16
S01012157,Whole house or bungalow: Semi-detached,200,74,5,69,126,111,15
S01012157,Whole house or bungalow: Terraced (including end-terrace),369,254,80,174,115,99,16
S01012157,Flat maisonette or apartment or mobile/temporary accommodation,283,123,26,97,160,61,99
S01012158,All people in households,1068,837,161,676,231,82,149
S01012158,Whole house or bungalow: Total,728,642,122,520,86,34,52
S01012158,Whole house or bungalow: Detached,233,204,38,166,29,0,29
S01012158,Whole house or bungalow: Semi-detached,258,238,28,210,20,12,8
S01012158,Whole house or bungalow: Terraced (including end-terrace),237,200,56,144,37,22,15
S01012158,Flat maisonette or apartment or mobile/temporary accommodation,340,195,39,156,145,48,97
S01012159,All people in households,503,485,228,257,18,6,12
S01012159,Whole house or bungalow: Total,477,470,228,242,7,1,6
S01012159,Whole house or bungalow: Detached,6,6,3,3,0,0,0
S01012159,Whole house or bungalow: Semi-detached,323,320,157,163,3,0,3
S01012159,Whole house or bungalow: Terraced (including end-terrace),148,144,68,76,4,1,3
S01012159,Flat maisonette or apartment or mobile/temporary accommodation,26,15,0,15,11,5,6
S01012160,All people in households,662,628,266,362,34,3,31
S01012160,Whole house or bungalow: Total,637,621,263,358,16,0,16
S01012160,Whole house or bungalow: Detached,22,22,11,11,0,0,0
S01012160,Whole house or bungalow: Semi-detached,368,360,157,203,8,0,8
S01012160,Whole house or bungalow: Terraced (including end-terrace),247,239,95,144,8,0,8
S01012160,Flat maisonette or apartment or mobile/temporary accommodation,25,7,3,4,18,3,15
S01012161,All people in households,457,172,34,138,285,203,82
S01012161,Whole house or bungalow: Total,79,38,9,29,41,29,12
S01012161,Whole house or bungalow: Detached,7,3,3,0,4,0,4
S01012161,Whole house or bungalow: Semi-detached,51,23,4,19,28,22,6
S01012161,Whole house or bungalow: Terraced (including end-terrace),21,12,2,10,9,7,2
S01012161,Flat maisonette or apartment or mobile/temporary accommodation,378,134,25,109,244,174,70
S01012162,All people in households,870,413,64,349,457,353,104
S01012162,Whole house or bungalow: Total,394,278,30,248,116,87,29
S01012162,Whole house or bungalow: Detached,103,100,8,92,3,1,2
S01012162,Whole house or bungalow: Semi-detached,107,60,16,44,47,32,15
S01012162,Whole house or bungalow: Terraced (including end-terrace),184,118,6,112,66,54,12
S01012162,Flat maisonette or apartment or mobile/temporary accommodation,476,135,34,101,341,266,75
S01012163,All people in households,761,358,73,285,403,240,163
S01012163,Whole house or bungalow: Total,394,273,56,217,121,79,42
S01012163,Whole house or bungalow: Detached,40,27,9,18,13,3,10
S01012163,Whole house or bungalow: Semi-detached,156,125,22,103,31,8,23
S01012163,Whole house or bungalow: Terraced (including end-terrace),198,121,25,96,77,68,9
S01012163,Flat maisonette or apartment or mobile/temporary accommodation,367,85,17,68,282,161,121
S01012164,All people in households,1098,999,84,915,99,21,78
S01012164,Whole house or bungalow: Total,983,926,71,855,57,3,54
S01012164,Whole house or bungalow: Detached,180,173,11,162,7,1,6
S01012164,Whole house or bungalow: Semi-detached,460,440,35,405,20,2,18
S01012164,Whole house or bungalow: Terraced (including end-terrace),343,313,25,288,30,0,30
S01012164,Flat maisonette or apartment or mobile/temporary accommodation,115,73,13,60,42,18,24
S01012165,All people in households,921,385,124,261,536,451,85
S01012165,Whole house or bungalow: Total,323,225,81,144,98,73,25
S01012165,Whole house or bungalow: Detached,29,26,8,18,3,1,2
S01012165,Whole house or bungalow: Semi-detached,104,67,26,41,37,30,7
S01012165,Whole house or bungalow: Terraced (including end-terrace),190,132,47,85,58,42,16
S01012165,Flat maisonette or apartment or mobile/temporary accommodation,598,160,43,117,438,378,60
S01012166,All people in households,604,350,96,254,254,158,96
S01012166,Whole house or bungalow: Total,251,220,64,156,31,16,15
S01012166,Whole house or bungalow: Detached,9,7,5,2,2,2,0
S01012166,Whole house or bungalow: Semi-detached,131,117,23,94,14,5,9
S01012166,Whole house or bungalow: Terraced (including end-terrace),111,96,36,60,15,9,6
S01012166,Flat maisonette or apartment or mobile/temporary accommodation,353,130,32,98,223,142,81
S01012167,All people in households,781,518,148,370,263,184,79
S01012167,Whole house or bungalow: Total,436,355,113,242,81,57,24
S01012167,Whole house or bungalow: Detached,35,34,2,32,1,1,0
S01012167,Whole house or bungalow: Semi-detached,92,75,10,65,17,9,8
S01012167,Whole house or bungalow: Terraced (including end-terrace),309,246,101,145,63,47,16
S01012167,Flat maisonette or apartment or mobile/temporary accommodation,345,163,35,128,182,127,55
S01012168,All people in households,848,780,321,459,68,42,26
S01012168,Whole house or bungalow: Total,733,698,296,402,35,13,22
S01012168,Whole house or bungalow: Detached,84,80,36,44,4,0,4
S01012168,Whole house or bungalow: Semi-detached,283,280,137,143,3,1,2
S01012168,Whole house or bungalow: Terraced (including end-terrace),366,338,123,215,28,12,16
S01012168,Flat maisonette or apartment or mobile/temporary accommodation,115,82,25,57,33,29,4
S01012169,All people in households,851,640,230,410,211,158,53
S01012169,Whole house or bungalow: Total,417,362,151,211,55,46,9
S01012169,Whole house or bungalow: Detached,25,22,11,11,3,3,0
S01012169,Whole house or bungalow: Semi-detached,172,146,63,83,26,24,2
S01012169,Whole house or bungalow: Terraced (including end-terrace),220,194,77,117,26,19,7
S01012169,Flat maisonette or apartment or mobile/temporary accommodation,434,278,79,199,156,112,44
S01012170,All people in households,975,688,254,434,287,217,70
S01012170,Whole house or bungalow: Total,336,276,86,190,60,42,18
S01012170,Whole house or bungalow: Detached,25,19,1,18,6,0,6
S01012170,Whole house or bungalow: Semi-detached,111,97,34,63,14,10,4
S01012170,Whole house or bungalow: Terraced (including end-terrace),200,160,51,109,40,32,8
S01012170,Flat maisonette or apartment or mobile/temporary accommodation,639,412,168,244,227,175,52
S01012171,All people in households,1000,776,237,539,224,152,72
S01012171,Whole house or bungalow: Total,598,501,162,339,97,75,22
S01012171,Whole house or bungalow: Detached,11,11,4,7,0,0,0
S01012171,Whole house or bungalow: Semi-detached,46,41,9,32,5,5,0
S01012171,Whole house or bungalow: Terraced (including end-terrace),541,449,149,300,92,70,22
S01012171,Flat maisonette or apartment or mobile/temporary accommodation,402,275,75,200,127,77,50
S01012172,All people in households,744,511,207,304,233,130,103
S01012172,Whole house or bungalow: Total,384,302,141,161,82,48,34
S01012172,Whole house or bungalow: Detached,11,11,6,5,0,0,0
S01012172,Whole house or bungalow: Semi-detached,59,45,22,23,14,10,4
S01012172,Whole house or bungalow: Terraced (including end-terrace),314,246,113,133,68,38,30
S01012172,Flat maisonette or apartment or mobile/temporary accommodation,360,209,66,143,151,82,69
S01012173,All people in households,647,630,304,326,17,8,9
S01012173,Whole house or bungalow: Total,625,616,296,320,9,0,9
S01012173,Whole house or bungalow: Detached,131,127,68,59,4,0,4
S01012173,Whole house or bungalow: Semi-detached,465,460,215,245,5,0,5
S01012173,Whole house or bungalow: Terraced (including end-terrace),29,29,13,16,0,0,0
S01012173,Flat maisonette or apartment or mobile/temporary accommodation,22,14,8,6,8,8,0
S01012174,All people in households,894,831,162,669,63,16,47
S01012174,Whole house or bungalow: Total,858,810,160,650,48,6,42
S01012174,Whole house or bungalow: Detached,516,502,109,393,14,1,13
S01012174,Whole house or bungalow: Semi-detached,222,201,32,169,21,3,18
S01012174,Whole house or bungalow: Terraced (including end-terrace),120,107,19,88,13,2,11
S01012174,Flat maisonette or apartment or mobile/temporary accommodation,36,21,2,19,15,10,5
S01012175,All people in households,818,755,239,516,63,12,51
S01012175,Whole house or bungalow: Total,641,611,206,405,30,6,24
S01012175,Whole house or bungalow: Detached,117,116,57,59,1,1,0
S01012175,Whole house or bungalow: Semi-detached,330,321,108,213,9,0,9
S01012175,Whole house or bungalow: Terraced (including end-terrace),194,174,41,133,20,5,15
S01012175,Flat maisonette or apartment or mobile/temporary accommodation,177,144,33,111,33,6,27
S01012176,All people in households,841,777,255,522,64,6,58
S01012176,Whole house or bungalow: Total,659,625,220,405,34,1,33
S01012176,Whole house or bungalow: Detached,145,129,63,66,16,0,16
S01012176,Whole house or bungalow: Semi-detached,398,388,134,254,10,0,10
S01012176,Whole house or bungalow: Terraced (including end-terrace),116,108,23,85,8,1,7
S01012176,Flat maisonette or apartment or mobile/temporary accommodation,182,152,35,117,30,5,25
S01012177,All people in households,617,572,254,318,45,8,37
S01012177,Whole house or bungalow: Total,551,529,245,284,22,3,19
S01012177,Whole house or bungalow: Detached,101,101,60,41,0,0,0
S01012177,Whole house or bungalow: Semi-detached,353,346,138,208,7,0,7
S01012177,Whole house or bungalow: Terraced (including end-terrace),97,82,47,35,15,3,12
S01012177,Flat maisonette or apartment or mobile/temporary accommodation,66,43,9,34,23,5,18
S01012178,All people in households,519,498,233,265,21,6,15
S01012178,Whole house or bungalow: Total,511,494,230,264,17,2,15
S01012178,Whole house or bungalow: Detached,94,90,56,34,4,0,4
S01012178,Whole house or bungalow: Semi-detached,333,324,151,173,9,0,9
S01012178,Whole house or bungalow: Terraced (including end-terrace),84,80,23,57,4,2,2
S01012178,Flat maisonette or apartment or mobile/temporary accommodation,8,4,3,1,4,4,0
S01012179,All people in households,604,437,180,257,167,97,70
S01012179,Whole house or bungalow: Total,321,296,141,155,25,6,19
S01012179,Whole house or bungalow: Detached,127,122,54,68,5,0,5
S01012179,Whole house or bungalow: Semi-detached,170,157,83,74,13,3,10
S01012179,Whole house or bungalow: Terraced (including end-terrace),24,17,4,13,7,3,4
S01012179,Flat maisonette or apartment or mobile/temporary accommodation,283,141,39,102,142,91,51
S01012180,All people in households,573,450,213,237,123,87,36
S01012180,Whole house or bungalow: Total,340,281,133,148,59,40,19
S01012180,Whole house or bungalow: Detached,69,64,35,29,5,5,0
S01012180,Whole house or bungalow: Semi-detached,201,163,70,93,38,26,12
S01012180,Whole house or bungalow: Terraced (including end-terrace),70,54,28,26,16,9,7
S01012180,Flat maisonette or apartment or mobile/temporary accommodation,233,169,80,89,64,47,17
S01012181,All people in households,757,567,196,371,190,113,77
S01012181,Whole house or bungalow: Total,387,335,111,224,52,31,21
S01012181,Whole house or bungalow: Detached,75,62,36,26,13,9,4
S01012181,Whole house or bungalow: Semi-detached,239,212,59,153,27,11,16
S01012181,Whole house or bungalow: Terraced (including end-terrace),73,61,16,45,12,11,1
S01012181,Flat maisonette or apartment or mobile/temporary accommodation,370,232,85,147,138,82,56
S01012182,All people in households,1049,883,158,725,166,34,132
S01012182,Whole house or bungalow: Total,729,676,119,557,53,3,50
S01012182,Whole house or bungalow: Detached,263,245,52,193,18,1,17
S01012182,Whole house or bungalow: Semi-detached,263,236,36,200,27,1,26
S01012182,Whole house or bungalow: Terraced (including end-terrace),203,195,31,164,8,1,7
S01012182,Flat maisonette or apartment or mobile/temporary accommodation,320,207,39,168,113,31,82
S01012183,All people in households,720,436,118,318,284,175,109
S01012183,Whole house or bungalow: Total,125,107,24,83,18,15,3
S01012183,Whole house or bungalow: Detached,20,19,16,3,1,1,0
S01012183,Whole house or bungalow: Semi-detached,54,43,2,41,11,8,3
S01012183,Whole house or bungalow: Terraced (including end-terrace),51,45,6,39,6,6,0
S01012183,Flat maisonette or apartment or mobile/temporary accommodation,595,329,94,235,266,160,106
S01012184,All people in households,502,303,47,256,199,13,186
S01012184,Whole house or bungalow: Total,102,82,10,72,20,0,20
S01012184,Whole house or bungalow: Detached,5,5,3,2,0,0,0
S01012184,Whole house or bungalow: Semi-detached,29,16,5,11,13,0,13
S01012184,Whole house or bungalow: Terraced (including end-terrace),68,61,2,59,7,0,7
S01012184,Flat maisonette or apartment or mobile/temporary accommodation,400,221,37,184,179,13,166
S01012185,All people in households,704,288,76,212,416,192,224
S01012185,Whole house or bungalow: Total,68,49,20,29,19,2,17
S01012185,Whole house or bungalow: Detached,13,13,8,5,0,0,0
S01012185,Whole house or bungalow: Semi-detached,40,30,8,22,10,0,10
S01012185,Whole house or bungalow: Terraced (including end-terrace),15,6,4,2,9,2,7
S01012185,Flat maisonette or apartment or mobile/temporary accommodation,636,239,56,183,397,190,207
S01012186,All people in households,694,490,190,300,204,153,51
S01012186,Whole house or bungalow: Total,428,340,123,217,88,65,23
S01012186,Whole house or bungalow: Detached,17,17,0,17,0,0,0
S01012186,Whole house or bungalow: Semi-detached,146,106,45,61,40,26,14
S01012186,Whole house or bungalow: Terraced (including end-terrace),265,217,78,139,48,39,9
S01012186,Flat maisonette or apartment or mobile/temporary accommodation,266,150,67,83,116,88,28
S01012187,All people in households,669,361,129,232,308,214,94
S01012187,Whole house or bungalow: Total,232,181,76,105,51,35,16
S01012187,Whole house or bungalow: Detached,7,7,2,5,0,0,0
S01012187,Whole house or bungalow: Semi-detached,151,121,58,63,30,21,9
S01012187,Whole house or bungalow: Terraced (including end-terrace),74,53,16,37,21,14,7
S01012187,Flat maisonette or apartment or mobile/temporary accommodation,437,180,53,127,257,179,78
S01012188,All people in households,523,448,219,229,75,44,31
S01012188,Whole house or bungalow: Total,440,410,209,201,30,11,19
S01012188,Whole house or bungalow: Detached,59,58,30,28,1,1,0
S01012188,Whole house or bungalow: Semi-detached,372,344,179,165,28,10,18
S01012188,Whole house or bungalow: Terraced (including end-terrace),9,8,0,8,1,0,1
S01012188,Flat maisonette or apartment or mobile/temporary accommodation,83,38,10,28,45,33,12
S01012189,All people in households,581,493,125,368,88,56,32
S01012189,Whole house or bungalow: Total,493,433,113,320,60,30,30
S01012189,Whole house or bungalow: Detached,98,93,3,90,5,4,1
S01012189,Whole house or bungalow: Semi-detached,288,250,94,156,38,13,25
S01012189,Whole house or bungalow: Terraced (including end-terrace),107,90,16,74,17,13,4
S01012189,Flat maisonette or apartment or mobile/temporary accommodation,88,60,12,48,28,26,2
S01012190,All people in households,556,526,70,456,30,5,25
S01012190,Whole house or bungalow: Total,552,526,70,456,26,4,22
S01012190,Whole house or bungalow: Detached,227,225,23,202,2,0,2
S01012190,Whole house or bungalow: Semi-detached,195,184,27,157,11,1,10
S01012190,Whole house or bungalow: Terraced (including end-terrace),130,117,20,97,13,3,10
S01012190,Flat maisonette or apartment or mobile/temporary accommodation,4,0,0,0,4,1,3
S01012191,All people in households,872,827,245,582,45,13,32
S01012191,Whole house or bungalow: Total,830,798,242,556,32,9,23
S01012191,Whole house or bungalow: Detached,512,492,147,345,20,1,19
S01012191,Whole house or bungalow: Semi-detached,229,223,74,149,6,3,3
S01012191,Whole house or bungalow: Terraced (including end-terrace),89,83,21,62,6,5,1
S01012191,Flat maisonette or apartment or mobile/temporary accommodation,42,29,3,26,13,4,9
S01012192,All people in households,505,475,168,307,30,19,11
S01012192,Whole house or bungalow: Total,494,473,166,307,21,14,7
S01012192,Whole house or bungalow: Detached,261,258,67,191,3,0,3
S01012192,Whole house or bungalow: Semi-detached,206,197,95,102,9,5,4
S01012192,Whole house or bungalow: Terraced (including end-terrace),27,18,4,14,9,9,0
S01012192,Flat maisonette or apartment or mobile/temporary accommodation,11,2,2,0,9,5,4
S01012193,All people in households,562,548,84,464,14,10,4
S01012193,Whole house or bungalow: Total,554,547,83,464,7,3,4
S01012193,Whole house or bungalow: Detached,451,447,76,371,4,0,4
S01012193,Whole house or bungalow: Semi-detached,86,86,2,84,0,0,0
S01012193,Whole house or bungalow: Terraced (including end-terrace),17,14,5,9,3,3,0
S01012193,Flat maisonette or apartment or mobile/temporary accommodation,8,1,1,0,7,7,0
S01012194,All people in households,561,555,84,471,6,3,3
S01012194,Whole house or bungalow: Total,558,555,84,471,3,0,3
S01012194,Whole house or bungalow: Detached,400,400,56,344,0,0,0
S01012194,Whole house or bungalow: Semi-detached,118,115,22,93,3,0,3
S01012194,Whole house or bungalow: Terraced (including end-terrace),40,40,6,34,0,0,0
S01012194,Flat maisonette or apartment or mobile/temporary accommodation,3,0,0,0,3,3,0
S01012195,All people in households,1118,1034,216,818,84,58,26
S01012195,Whole house or bungalow: Total,1106,1026,213,813,80,54,26
S01012195,Whole house or bungalow: Detached,331,323,48,275,8,4,4
S01012195,Whole house or bungalow: Semi-detached,305,287,41,246,18,16,2
S01012195,Whole house or bungalow: Terraced (including end-terrace),470,416,124,292,54,34,20
S01012195,Flat maisonette or apartment or mobile/temporary accommodation,12,8,3,5,4,4,0
S01012196,All people in households,573,515,89,426,58,28,30
S01012196,Whole house or bungalow: Total,514,473,79,394,41,28,13
S01012196,Whole house or bungalow: Detached,307,300,50,250,7,5,2
S01012196,Whole house or bungalow: Semi-detached,76,68,8,60,8,2,6
S01012196,Whole house or bungalow: Terraced (including end-terrace),131,105,21,84,26,21,5
S01012196,Flat maisonette or apartment or mobile/temporary accommodation,59,42,10,32,17,0,17
S01012197,All people in households,726,557,129,428,169,144,25
S01012197,Whole house or bungalow: Total,674,536,125,411,138,113,25
S01012197,Whole house or bungalow: Detached,43,39,14,25,4,1,3
S01012197,Whole house or bungalow: Semi-detached,53,41,8,33,12,7,5
S01012197,Whole house or bungalow: Terraced (including end-terrace),578,456,103,353,122,105,17
S01012197,Flat maisonette or apartment or mobile/temporary accommodation,52,21,4,17,31,31,0
S01012198,All people in households,859,632,149,483,227,197,30
S01012198,Whole house or bungalow: Total,708,596,139,457,112,90,22
S01012198,Whole house or bungalow: Detached,209,204,53,151,5,0,5
S01012198,Whole house or bungalow: Semi-detached,184,149,24,125,35,28,7
S01012198,Whole house or bungalow: Terraced (including end-terrace),315,243,62,181,72,62,10
S01012198,Flat maisonette or apartment or mobile/temporary accommodation,151,36,10,26,115,107,8
S01012199,All people in households,730,553,159,394,177,106,71
S01012199,Whole house or bungalow: Total,712,549,159,390,163,98,65
S01012199,Whole house or bungalow: Detached,41,38,0,38,3,1,2
S01012199,Whole house or bungalow: Semi-detached,90,47,12,35,43,20,23
S01012199,Whole house or bungalow: Terraced (including end-terrace),581,464,147,317,117,77,40
S01012199,Flat maisonette or apartment or mobile/temporary accommodation,18,4,0,4,14,8,6
S01012200,All people in households,647,505,146,359,142,101,41
S01012200,Whole house or bungalow: Total,628,494,143,351,134,97,37
S01012200,Whole house or bungalow: Detached,33,31,4,27,2,2,0
S01012200,Whole house or bungalow: Semi-detached,111,89,30,59,22,17,5
S01012200,Whole house or bungalow: Terraced (including end-terrace),484,374,109,265,110,78,32
S01012200,Flat maisonette or apartment or mobile/temporary accommodation,19,11,3,8,8,4,4
S01012201,All people in households,770,583,155,428,187,144,43
S01012201,Whole house or bungalow: Total,725,560,152,408,165,130,35
S01012201,Whole house or bungalow: Detached,40,34,10,24,6,5,1
S01012201,Whole house or bungalow: Semi-detached,116,84,26,58,32,27,5
S01012201,Whole house or bungalow: Terraced (including end-terrace),569,442,116,326,127,98,29
S01012201,Flat maisonette or apartment or mobile/temporary accommodation,45,23,3,20,22,14,8
S01012202,All people in households,598,506,137,369,92,53,39
S01012202,Whole house or bungalow: Total,582,497,135,362,85,52,33
S01012202,Whole house or bungalow: Detached,169,162,31,131,7,3,4
S01012202,Whole house or bungalow: Semi-detached,155,130,48,82,25,21,4
S01012202,Whole house or bungalow: Terraced (including end-terrace),258,205,56,149,53,28,25
S01012202,Flat maisonette or apartment or mobile/temporary accommodation,16,9,2,7,7,1,6
S01012203,All people in households,772,756,243,513,16,9,7
S01012203,Whole house or bungalow: Total,764,752,243,509,12,8,4
S01012203,Whole house or bungalow: Detached,443,439,136,303,4,4,0
S01012203,Whole house or bungalow: Semi-detached,264,262,96,166,2,0,2
S01012203,Whole house or bungalow: Terraced (including end-terrace),57,51,11,40,6,4,2
S01012203,Flat maisonette or apartment or mobile/temporary accommodation,8,4,0,4,4,1,3
S01012204,All people in households,789,762,233,529,27,4,23
S01012204,Whole house or bungalow: Total,778,751,233,518,27,4,23
S01012204,Whole house or bungalow: Detached,444,439,153,286,5,0,5
S01012204,Whole house or bungalow: Semi-detached,291,278,67,211,13,0,13
S01012204,Whole house or bungalow: Terraced (including end-terrace),43,34,13,21,9,4,5
S01012204,Flat maisonette or apartment or mobile/temporary accommodation,11,11,0,11,0,0,0
S01012205,All people in households,675,636,190,446,39,9,30
S01012205,Whole house or bungalow: Total,628,603,185,418,25,8,17
S01012205,Whole house or bungalow: Detached,243,243,93,150,0,0,0
S01012205,Whole house or bungalow: Semi-detached,265,252,59,193,13,5,8
S01012205,Whole house or bungalow: Terraced (including end-terrace),120,108,33,75,12,3,9
S01012205,Flat maisonette or apartment or mobile/temporary accommodation,47,33,5,28,14,1,13
S01012206,All people in households,846,759,205,554,87,57,30
S01012206,Whole house or bungalow: Total,803,729,203,526,74,50,24
S01012206,Whole house or bungalow: Detached,126,126,40,86,0,0,0
S01012206,Whole house or bungalow: Semi-detached,324,302,81,221,22,13,9
S01012206,Whole house or bungalow: Terraced (including end-terrace),353,301,82,219,52,37,15
S01012206,Flat maisonette or apartment or mobile/temporary accommodation,43,30,2,28,13,7,6
S01012207,All people in households,926,686,209,477,240,156,84
S01012207,Whole house or bungalow: Total,880,668,203,465,212,133,79
S01012207,Whole house or bungalow: Detached,45,35,11,24,10,7,3
S01012207,Whole house or bungalow: Semi-detached,87,58,16,42,29,15,14
S01012207,Whole house or bungalow: Terraced (including end-terrace),748,575,176,399,173,111,62
S01012207,Flat maisonette or apartment or mobile/temporary accommodation,46,18,6,12,28,23,5
S01012208,All people in households,1057,782,252,530,275,193,82
S01012208,Whole house or bungalow: Total,892,710,234,476,182,130,52
S01012208,Whole house or bungalow: Detached,59,52,11,41,7,4,3
S01012208,Whole house or bungalow: Semi-detached,170,121,41,80,49,38,11
S01012208,Whole house or bungalow: Terraced (including end-terrace),663,537,182,355,126,88,38
S01012208,Flat maisonette or apartment or mobile/temporary accommodation,165,72,18,54,93,63,30
S01012209,All people in households,737,548,146,402,189,128,61
S01012209,Whole house or bungalow: Total,588,481,129,352,107,73,34
S01012209,Whole house or bungalow: Detached,32,30,10,20,2,0,2
S01012209,Whole house or bungalow: Semi-detached,76,50,19,31,26,13,13
S01012209,Whole house or bungalow: Terraced (including end-terrace),480,401,100,301,79,60,19
S01012209,Flat maisonette or apartment or mobile/temporary accommodation,149,67,17,50,82,55,27
S01012210,All people in households,790,541,176,365,249,200,49
S01012210,Whole house or bungalow: Total,618,505,166,339,113,90,23
S01012210,Whole house or bungalow: Detached,21,21,6,15,0,0,0
S01012210,Whole house or bungalow: Semi-detached,75,68,24,44,7,5,2
S01012210,Whole house or bungalow: Terraced (including end-terrace),522,416,136,280,106,85,21
S01012210,Flat maisonette or apartment or mobile/temporary accommodation,172,36,10,26,136,110,26
S01012211,All people in households,905,731,216,515,174,119,55
S01012211,Whole house or bungalow: Total,740,647,189,458,93,62,31
S01012211,Whole house or bungalow: Detached,209,196,66,130,13,4,9
S01012211,Whole house or bungalow: Semi-detached,287,264,78,186,23,11,12
S01012211,Whole house or bungalow: Terraced (including end-terrace),244,187,45,142,57,47,10
S01012211,Flat maisonette or apartment or mobile/temporary accommodation,165,84,27,57,81,57,24
S01012212,All people in households,762,737,335,402,25,15,10
S01012212,Whole house or bungalow: Total,745,729,334,395,16,9,7
S01012212,Whole house or bungalow: Detached,263,259,149,110,4,0,4
S01012212,Whole house or bungalow: Semi-detached,454,445,175,270,9,6,3
S01012212,Whole house or bungalow: Terraced (including end-terrace),28,25,10,15,3,3,0
S01012212,Flat maisonette or apartment or mobile/temporary accommodation,17,8,1,7,9,6,3
S01012213,All people in households,808,779,352,427,29,6,23
S01012213,Whole house or bungalow: Total,789,770,349,421,19,0,19
S01012213,Whole house or bungalow: Detached,230,230,130,100,0,0,0
S01012213,Whole house or bungalow: Semi-detached,440,425,185,240,15,0,15
S01012213,Whole house or bungalow: Terraced (including end-terrace),119,115,34,81,4,0,4
S01012213,Flat maisonette or apartment or mobile/temporary accommodation,19,9,3,6,10,6,4
S01012214,All people in households,681,660,303,357,21,1,20
S01012214,Whole house or bungalow: Total,674,654,302,352,20,0,20
S01012214,Whole house or bungalow: Detached,192,190,105,85,2,0,2
S01012214,Whole house or bungalow: Semi-detached,437,419,172,247,18,0,18
S01012214,Whole house or bungalow: Terraced (including end-terrace),45,45,25,20,0,0,0
S01012214,Flat maisonette or apartment or mobile/temporary accommodation,7,6,1,5,1,1,0
S01012215,All people in households,843,808,300,508,35,16,19
S01012215,Whole house or bungalow: Total,823,799,298,501,24,6,18
S01012215,Whole house or bungalow: Detached,262,261,112,149,1,0,1
S01012215,Whole house or bungalow: Semi-detached,468,447,146,301,21,6,15
S01012215,Whole house or bungalow: Terraced (including end-terrace),93,91,40,51,2,0,2
S01012215,Flat maisonette or apartment or mobile/temporary accommodation,20,9,2,7,11,10,1
S01012216,All people in households,709,661,258,403,48,20,28
S01012216,Whole house or bungalow: Total,667,637,250,387,30,7,23
S01012216,Whole house or bungalow: Detached,347,333,153,180,14,0,14
S01012216,Whole house or bungalow: Semi-detached,306,292,88,204,14,5,9
S01012216,Whole house or bungalow: Terraced (including end-terrace),14,12,9,3,2,2,0
S01012216,Flat maisonette or apartment or mobile/temporary accommodation,42,24,8,16,18,13,5
S01012217,All people in households,560,246,69,177,314,263,51
S01012217,Whole house or bungalow: Total,198,140,51,89,58,49,9
S01012217,Whole house or bungalow: Detached,9,7,5,2,2,0,2
S01012217,Whole house or bungalow: Semi-detached,32,22,7,15,10,10,0
S01012217,Whole house or bungalow: Terraced (including end-terrace),157,111,39,72,46,39,7
S01012217,Flat maisonette or apartment or mobile/temporary accommodation,362,106,18,88,256,214,42
S01012218,All people in households,487,172,50,122,315,278,37
S01012218,Whole house or bungalow: Total,194,135,38,97,59,52,7
S01012218,Whole house or bungalow: Detached,8,8,4,4,0,0,0
S01012218,Whole house or bungalow: Semi-detached,50,33,4,29,17,11,6
S01012218,Whole house or bungalow: Terraced (including end-terrace),136,94,30,64,42,41,1
S01012218,Flat maisonette or apartment or mobile/temporary accommodation,293,37,12,25,256,226,30
S01012219,All people in households,846,468,169,299,378,318,60
S01012219,Whole house or bungalow: Total,608,399,153,246,209,174,35
S01012219,Whole house or bungalow: Detached,24,14,0,14,10,5,5
S01012219,Whole house or bungalow: Semi-detached,142,99,27,72,43,35,8
S01012219,Whole house or bungalow: Terraced (including end-terrace),442,286,126,160,156,134,22
S01012219,Flat maisonette or apartment or mobile/temporary accommodation,238,69,16,53,169,144,25
S01012220,All people in households,629,226,76,150,403,307,96
S01012220,Whole house or bungalow: Total,201,116,36,80,85,73,12
S01012220,Whole house or bungalow: Detached,18,10,4,6,8,1,7
S01012220,Whole house or bungalow: Semi-detached,39,18,6,12,21,16,5
S01012220,Whole house or bungalow: Terraced (including end-terrace),144,88,26,62,56,56,0
S01012220,Flat maisonette or apartment or mobile/temporary accommodation,428,110,40,70,318,234,84
S01012221,All people in households,628,399,126,273,229,168,61
S01012221,Whole house or bungalow: Total,331,255,80,175,76,59,17
S01012221,Whole house or bungalow: Detached,25,21,5,16,4,1,3
S01012221,Whole house or bungalow: Semi-detached,104,78,27,51,26,21,5
S01012221,Whole house or bungalow: Terraced (including end-terrace),202,156,48,108,46,37,9
S01012221,Flat maisonette or apartment or mobile/temporary accommodation,297,144,46,98,153,109,44
S01012222,All people in households,789,531,172,359,258,183,75
S01012222,Whole house or bungalow: Total,527,441,145,296,86,60,26
S01012222,Whole house or bungalow: Detached,24,19,9,10,5,1,4
S01012222,Whole house or bungalow: Semi-detached,133,97,30,67,36,22,14
S01012222,Whole house or bungalow: Terraced (including end-terrace),370,325,106,219,45,37,8
S01012222,Flat maisonette or apartment or mobile/temporary accommodation,262,90,27,63,172,123,49
S01012223,All people in households,722,365,96,269,357,318,39
S01012223,Whole house or bungalow: Total,536,311,93,218,225,202,23
S01012223,Whole house or bungalow: Detached,20,7,3,4,13,13,0
S01012223,Whole house or bungalow: Semi-detached,172,76,20,56,96,89,7
S01012223,Whole house or bungalow: Terraced (including end-terrace),344,228,70,158,116,100,16
S01012223,Flat maisonette or apartment or mobile/temporary accommodation,186,54,3,51,132,116,16
S01012224,All people in households,767,517,118,399,250,198,52
S01012224,Whole house or bungalow: Total,520,414,102,312,106,83,23
S01012224,Whole house or bungalow: Detached,71,66,9,57,5,2,3
S01012224,Whole house or bungalow: Semi-detached,102,76,17,59,26,16,10
S01012224,Whole house or bungalow: Terraced (including end-terrace),347,272,76,196,75,65,10
S01012224,Flat maisonette or apartment or mobile/temporary accommodation,247,103,16,87,144,115,29
S01012225,All people in households,1070,613,162,451,457,351,106
S01012225,Whole house or bungalow: Total,663,511,144,367,152,88,64
S01012225,Whole house or bungalow: Detached,86,79,6,73,7,4,3
S01012225,Whole house or bungalow: Semi-detached,143,82,30,52,61,41,20
S01012225,Whole house or bungalow: Terraced (including end-terrace),434,350,108,242,84,43,41
S01012225,Flat maisonette or apartment or mobile/temporary accommodation,407,102,18,84,305,263,42
S01012226,All people in households,731,625,175,450,106,70,36
S01012226,Whole house or bungalow: Total,635,550,162,388,85,52,33
S01012226,Whole house or bungalow: Detached,7,7,4,3,0,0,0
S01012226,Whole house or bungalow: Semi-detached,43,26,10,16,17,11,6
S01012226,Whole house or bungalow: Terraced (including end-terrace),585,517,148,369,68,41,27
S01012226,Flat maisonette or apartment or mobile/temporary accommodation,96,75,13,62,21,18,3
S01012227,All people in households,669,554,155,399,115,67,48
S01012227,Whole house or bungalow: Total,597,510,144,366,87,51,36
S01012227,Whole house or bungalow: Detached,20,20,7,13,0,0,0
S01012227,Whole house or bungalow: Semi-detached,42,37,4,33,5,4,1
S01012227,Whole house or bungalow: Terraced (including end-terrace),535,453,133,320,82,47,35
S01012227,Flat maisonette or apartment or mobile/temporary accommodation,72,44,11,33,28,16,12
S01012228,All people in households,693,569,148,421,124,85,39
S01012228,Whole house or bungalow: Total,650,561,144,417,89,60,29
S01012228,Whole house or bungalow: Detached,33,28,7,21,5,4,1
S01012228,Whole house or bungalow: Semi-detached,58,53,8,45,5,3,2
S01012228,Whole house or bungalow: Terraced (including end-terrace),559,480,129,351,79,53,26
S01012228,Flat maisonette or apartment or mobile/temporary accommodation,43,8,4,4,35,25,10
S01012229,All people in households,684,596,162,434,88,7,81
S01012229,Whole house or bungalow: Total,646,575,158,417,71,7,64
S01012229,Whole house or bungalow: Detached,257,244,74,170,13,0,13
S01012229,Whole house or bungalow: Semi-detached,235,210,62,148,25,1,24
S01012229,Whole house or bungalow: Terraced (including end-terrace),154,121,22,99,33,6,27
S01012229,Flat maisonette or apartment or mobile/temporary accommodation,38,21,4,17,17,0,17
S01012230,All people in households,911,854,239,615,57,3,54
S01012230,Whole house or bungalow: Total,873,830,237,593,43,0,43
S01012230,Whole house or bungalow: Detached,548,537,126,411,11,0,11
S01012230,Whole house or bungalow: Semi-detached,290,262,96,166,28,0,28
S01012230,Whole house or bungalow: Terraced (including end-terrace),35,31,15,16,4,0,4
S01012230,Flat maisonette or apartment or mobile/temporary accommodation,38,24,2,22,14,3,11
S01012231,All people in households,831,793,269,524,38,3,35
S01012231,Whole house or bungalow: Total,818,787,269,518,31,3,28
S01012231,Whole house or bungalow: Detached,606,592,188,404,14,1,13
S01012231,Whole house or bungalow: Semi-detached,194,180,77,103,14,2,12
S01012231,Whole house or bungalow: Terraced (including end-terrace),18,15,4,11,3,0,3
S01012231,Flat maisonette or apartment or mobile/temporary accommodation,13,6,0,6,7,0,7
S01012232,All people in households,868,839,244,595,29,1,28
S01012232,Whole house or bungalow: Total,853,826,244,582,27,1,26
S01012232,Whole house or bungalow: Detached,520,510,164,346,10,0,10
S01012232,Whole house or bungalow: Semi-detached,285,269,61,208,16,1,15
S01012232,Whole house or bungalow: Terraced (including end-terrace),48,47,19,28,1,0,1
S01012232,Flat maisonette or apartment or mobile/temporary accommodation,15,13,0,13,2,0,2
S01012233,All people in households,953,910,326,584,43,7,36
S01012233,Whole house or bungalow: Total,924,901,322,579,23,0,23
S01012233,Whole house or bungalow: Detached,581,568,238,330,13,0,13
S01012233,Whole house or bungalow: Semi-detached,334,324,82,242,10,0,10
S01012233,Whole house or bungalow: Terraced (including end-terrace),9,9,2,7,0,0,0
S01012233,Flat maisonette or apartment or mobile/temporary accommodation,29,9,4,5,20,7,13
S01012234,All people in households,1082,1006,267,739,76,35,41
S01012234,Whole house or bungalow: Total,971,946,248,698,25,7,18
S01012234,Whole house or bungalow: Detached,745,740,200,540,5,0,5
S01012234,Whole house or bungalow: Semi-detached,200,184,44,140,16,3,13
S01012234,Whole house or bungalow: Terraced (including end-terrace),26,22,4,18,4,4,0
S01012234,Flat maisonette or apartment or mobile/temporary accommodation,111,60,19,41,51,28,23
S01012235,All people in households,457,436,222,214,21,7,14
S01012235,Whole house or bungalow: Total,442,430,222,208,12,0,12
S01012235,Whole house or bungalow: Detached,401,394,210,184,7,0,7
S01012235,Whole house or bungalow: Semi-detached,39,34,11,23,5,0,5
S01012235,Whole house or bungalow: Terraced (including end-terrace),2,2,1,1,0,0,0
S01012235,Flat maisonette or apartment or mobile/temporary accommodation,15,6,0,6,9,7,2
S01012236,All people in households,610,476,152,324,134,49,85
S01012236,Whole house or bungalow: Total,523,427,143,284,96,29,67
S01012236,Whole house or bungalow: Detached,155,131,42,89,24,1,23
S01012236,Whole house or bungalow: Semi-detached,156,129,41,88,27,3,24
S01012236,Whole house or bungalow: Terraced (including end-terrace),212,167,60,107,45,25,20
S01012236,Flat maisonette or apartment or mobile/temporary accommodation,87,49,9,40,38,20,18
S01012237,All people in households,801,765,318,447,36,13,23
S01012237,Whole house or bungalow: Total,719,706,295,411,13,6,7
S01012237,Whole house or bungalow: Detached,405,405,176,229,0,0,0
S01012237,Whole house or bungalow: Semi-detached,287,274,116,158,13,6,7
S01012237,Whole house or bungalow: Terraced (including end-terrace),27,27,3,24,0,0,0
S01012237,Flat maisonette or apartment or mobile/temporary accommodation,82,59,23,36,23,7,16
S01012238,All people in households,604,418,139,279,186,103,83
S01012238,Whole house or bungalow: Total,371,295,100,195,76,61,15
S01012238,Whole house or bungalow: Detached,86,84,37,47,2,2,0
S01012238,Whole house or bungalow: Semi-detached,94,71,17,54,23,18,5
S01012238,Whole house or bungalow: Terraced (including end-terrace),191,140,46,94,51,41,10
S01012238,Flat maisonette or apartment or mobile/temporary accommodation,233,123,39,84,110,42,68
S01012239,All people in households,586,345,126,219,241,171,70
S01012239,Whole house or bungalow: Total,226,163,59,104,63,47,16
S01012239,Whole house or bungalow: Detached,81,60,19,41,21,9,12
S01012239,Whole house or bungalow: Semi-detached,97,75,33,42,22,22,0
S01012239,Whole house or bungalow: Terraced (including end-terrace),48,28,7,21,20,16,4
S01012239,Flat maisonette or apartment or mobile/temporary accommodation,360,182,67,115,178,124,54
S01012240,All people in households,842,617,260,357,225,137,88
S01012240,Whole house or bungalow: Total,575,478,206,272,97,61,36
S01012240,Whole house or bungalow: Detached,220,208,102,106,12,4,8
S01012240,Whole house or bungalow: Semi-detached,180,137,47,90,43,24,19
S01012240,Whole house or bungalow: Terraced (including end-terrace),175,133,57,76,42,33,9
S01012240,Flat maisonette or apartment or mobile/temporary accommodation,267,139,54,85,128,76,52
S01012241,All people in households,569,511,231,280,58,22,36
S01012241,Whole house or bungalow: Total,471,447,216,231,24,12,12
S01012241,Whole house or bungalow: Detached,358,353,185,168,5,0,5
S01012241,Whole house or bungalow: Semi-detached,105,86,29,57,19,12,7
S01012241,Whole house or bungalow: Terraced (including end-terrace),8,8,2,6,0,0,0
S01012241,Flat maisonette or apartment or mobile/temporary accommodation,98,64,15,49,34,10,24
S01012242,All people in households,800,767,316,451,33,13,20
S01012242,Whole house or bungalow: Total,755,732,307,425,23,3,20
S01012242,Whole house or bungalow: Detached,548,540,253,287,8,0,8
S01012242,Whole house or bungalow: Semi-detached,132,122,39,83,10,1,9
S01012242,Whole house or bungalow: Terraced (including end-terrace),75,70,15,55,5,2,3
S01012242,Flat maisonette or apartment or mobile/temporary accommodation,45,35,9,26,10,10,0
S01012243,All people in households,644,546,198,348,98,20,78
S01012243,Whole house or bungalow: Total,622,538,198,340,84,16,68
S01012243,Whole house or bungalow: Detached,284,261,111,150,23,0,23
S01012243,Whole house or bungalow: Semi-detached,217,194,64,130,23,4,19
S01012243,Whole house or bungalow: Terraced (including end-terrace),121,83,23,60,38,12,26
S01012243,Flat maisonette or apartment or mobile/temporary accommodation,22,8,0,8,14,4,10
S01012244,All people in households,911,738,281,457,173,24,149
S01012244,Whole house or bungalow: Total,889,736,281,455,153,23,130
S01012244,Whole house or bungalow: Detached,679,590,241,349,89,5,84
S01012244,Whole house or bungalow: Semi-detached,139,83,22,61,56,15,41
S01012244,Whole house or bungalow: Terraced (including end-terrace),71,63,18,45,8,3,5
S01012244,Flat maisonette or apartment or mobile/temporary accommodation,22,2,0,2,20,1,19
S01012245,All people in households,734,571,270,301,163,95,68
S01012245,Whole house or bungalow: Total,639,542,259,283,97,39,58
S01012245,Whole house or bungalow: Detached,390,356,187,169,34,1,33
S01012245,Whole house or bungalow: Semi-detached,124,108,39,69,16,8,8
S01012245,Whole house or bungalow: Terraced (including end-terrace),125,78,33,45,47,30,17
S01012245,Flat maisonette or apartment or mobile/temporary accommodation,95,29,11,18,66,56,10
S01012246,All people in households,813,696,253,443,117,54,63
S01012246,Whole house or bungalow: Total,784,680,241,439,104,49,55
S01012246,Whole house or bungalow: Detached,534,509,178,331,25,5,20
S01012246,Whole house or bungalow: Semi-detached,98,68,17,51,30,17,13
S01012246,Whole house or bungalow: Terraced (including end-terrace),152,103,46,57,49,27,22
S01012246,Flat maisonette or apartment or mobile/temporary accommodation,29,16,12,4,13,5,8
S01012247,All people in households,713,580,252,328,133,32,101
S01012247,Whole house or bungalow: Total,671,564,243,321,107,17,90
S01012247,Whole house or bungalow: Detached,454,383,178,205,71,0,71
S01012247,Whole house or bungalow: Semi-detached,130,105,46,59,25,14,11
S01012247,Whole house or bungalow: Terraced (including end-terrace),87,76,19,57,11,3,8
S01012247,Flat maisonette or apartment or mobile/temporary accommodation,42,16,9,7,26,15,11
S01012248,All people in households,818,567,229,338,251,63,188
S01012248,Whole house or bungalow: Total,772,557,227,330,215,49,166
S01012248,Whole house or bungalow: Detached,536,442,175,267,94,0,94
S01012248,Whole house or bungalow: Semi-detached,189,90,45,45,99,35,64
S01012248,Whole house or bungalow: Terraced (including end-terrace),47,25,7,18,22,14,8
S01012248,Flat maisonette or apartment or mobile/temporary accommodation,46,10,2,8,36,14,22
S01012249,All people in households,863,597,260,337,266,102,164
S01012249,Whole house or bungalow: Total,836,588,252,336,248,86,162
S01012249,Whole house or bungalow: Detached,537,426,206,220,111,9,102
S01012249,Whole house or bungalow: Semi-detached,168,91,28,63,77,35,42
S01012249,Whole house or bungalow: Terraced (including end-terrace),131,71,18,53,60,42,18
S01012249,Flat maisonette or apartment or mobile/temporary accommodation,27,9,8,1,18,16,2
S01012250,All people in households,671,478,263,215,193,18,175
S01012250,Whole house or bungalow: Total,650,467,260,207,183,16,167
S01012250,Whole house or bungalow: Detached,472,361,217,144,111,1,110
S01012250,Whole house or bungalow: Semi-detached,129,81,34,47,48,9,39
S01012250,Whole house or bungalow: Terraced (including end-terrace),49,25,9,16,24,6,18
S01012250,Flat maisonette or apartment or mobile/temporary accommodation,21,11,3,8,10,2,8
S01012251,All people in households,957,575,229,346,382,281,101
S01012251,Whole house or bungalow: Total,558,406,159,247,152,112,40
S01012251,Whole house or bungalow: Detached,87,72,35,37,15,2,13
S01012251,Whole house or bungalow: Semi-detached,334,234,87,147,100,77,23
S01012251,Whole house or bungalow: Terraced (including end-terrace),137,100,37,63,37,33,4
S01012251,Flat maisonette or apartment or mobile/temporary accommodation,399,169,70,99,230,169,61
S01012252,All people in households,713,443,143,300,270,204,66
S01012252,Whole house or bungalow: Total,406,337,109,228,69,26,43
S01012252,Whole house or bungalow: Detached,178,168,62,106,10,3,7
S01012252,Whole house or bungalow: Semi-detached,201,160,44,116,41,13,28
S01012252,Whole house or bungalow: Terraced (including end-terrace),27,9,3,6,18,10,8
S01012252,Flat maisonette or apartment or mobile/temporary accommodation,307,106,34,72,201,178,23
S01012253,All people in households,871,509,265,244,362,218,144
S01012253,Whole house or bungalow: Total,469,354,189,165,115,84,31
S01012253,Whole house or bungalow: Detached,125,112,50,62,13,7,6
S01012253,Whole house or bungalow: Semi-detached,208,165,106,59,43,36,7
S01012253,Whole house or bungalow: Terraced (including end-terrace),136,77,33,44,59,41,18
S01012253,Flat maisonette or apartment or mobile/temporary accommodation,402,155,76,79,247,134,113
S01012254,All people in households,858,623,251,372,235,94,141
S01012254,Whole house or bungalow: Total,530,438,171,267,92,33,59
S01012254,Whole house or bungalow: Detached,75,68,32,36,7,0,7
S01012254,Whole house or bungalow: Semi-detached,337,293,104,189,44,17,27
S01012254,Whole house or bungalow: Terraced (including end-terrace),118,77,35,42,41,16,25
S01012254,Flat maisonette or apartment or mobile/temporary accommodation,328,185,80,105,143,61,82
S01012255,All people in households,859,600,339,261,259,81,178
S01012255,Whole house or bungalow: Total,454,365,183,182,89,23,66
S01012255,Whole house or bungalow: Detached,209,185,102,83,24,0,24
S01012255,Whole house or bungalow: Semi-detached,127,90,41,49,37,14,23
S01012255,Whole house or bungalow: Terraced (including end-terrace),118,90,40,50,28,9,19
S01012255,Flat maisonette or apartment or mobile/temporary accommodation,405,235,156,79,170,58,112
S01012256,All people in households,867,703,252,451,164,117,47
S01012256,Whole house or bungalow: Total,854,696,249,447,158,111,47
S01012256,Whole house or bungalow: Detached,509,476,175,301,33,4,29
S01012256,Whole house or bungalow: Semi-detached,157,114,36,78,43,27,16
S01012256,Whole house or bungalow: Terraced (including end-terrace),188,106,38,68,82,80,2
S01012256,Flat maisonette or apartment or mobile/temporary accommodation,13,7,3,4,6,6,0
S01012257,All people in households,926,670,305,365,256,198,58
S01012257,Whole house or bungalow: Total,803,619,278,341,184,137,47
S01012257,Whole house or bungalow: Detached,279,254,141,113,25,3,22
S01012257,Whole house or bungalow: Semi-detached,166,105,33,72,61,54,7
S01012257,Whole house or bungalow: Terraced (including end-terrace),358,260,104,156,98,80,18
S01012257,Flat maisonette or apartment or mobile/temporary accommodation,123,51,27,24,72,61,11
S01012258,All people in households,759,706,300,406,53,13,40
S01012258,Whole house or bungalow: Total,732,692,293,399,40,10,30
S01012258,Whole house or bungalow: Detached,557,534,227,307,23,0,23
S01012258,Whole house or bungalow: Semi-detached,127,115,45,70,12,8,4
S01012258,Whole house or bungalow: Terraced (including end-terrace),48,43,21,22,5,2,3
S01012258,Flat maisonette or apartment or mobile/temporary accommodation,27,14,7,7,13,3,10
S01012259,All people in households,606,545,310,235,61,17,44
S01012259,Whole house or bungalow: Total,544,493,284,209,51,17,34
S01012259,Whole house or bungalow: Detached,316,295,184,111,21,4,17
S01012259,Whole house or bungalow: Semi-detached,114,106,44,62,8,0,8
S01012259,Whole house or bungalow: Terraced (including end-terrace),114,92,56,36,22,13,9
S01012259,Flat maisonette or apartment or mobile/temporary accommodation,62,52,26,26,10,0,10
S01012260,All people in households,857,636,214,422,221,166,55
S01012260,Whole house or bungalow: Total,796,596,204,392,200,148,52
S01012260,Whole house or bungalow: Detached,320,312,100,212,8,0,8
S01012260,Whole house or bungalow: Semi-detached,257,143,60,83,114,98,16
S01012260,Whole house or bungalow: Terraced (including end-terrace),219,141,44,97,78,50,28
S01012260,Flat maisonette or apartment or mobile/temporary accommodation,61,40,10,30,21,18,3
S01012261,All people in households,883,713,174,539,170,117,53
S01012261,Whole house or bungalow: Total,837,696,171,525,141,102,39
S01012261,Whole house or bungalow: Detached,589,572,148,424,17,0,17
S01012261,Whole house or bungalow: Semi-detached,154,87,17,70,67,53,14
S01012261,Whole house or bungalow: Terraced (including end-terrace),94,37,6,31,57,49,8
S01012261,Flat maisonette or apartment or mobile/temporary accommodation,46,17,3,14,29,15,14
S01012262,All people in households,792,487,218,269,305,35,270
S01012262,Whole house or bungalow: Total,766,477,212,265,289,32,257
S01012262,Whole house or bungalow: Detached,495,333,161,172,162,0,162
S01012262,Whole house or bungalow: Semi-detached,186,104,39,65,82,20,62
S01012262,Whole house or bungalow: Terraced (including end-terrace),85,40,12,28,45,12,33
S01012262,Flat maisonette or apartment or mobile/temporary accommodation,26,10,6,4,16,3,13
S01012263,All people in households,699,412,182,230,287,184,103
S01012263,Whole house or bungalow: Total,351,242,117,125,109,44,65
S01012263,Whole house or bungalow: Detached,97,71,29,42,26,1,25
S01012263,Whole house or bungalow: Semi-detached,146,111,54,57,35,16,19
S01012263,Whole house or bungalow: Terraced (including end-terrace),108,60,34,26,48,27,21
S01012263,Flat maisonette or apartment or mobile/temporary accommodation,348,170,65,105,178,140,38
S01012264,All people in households,472,333,133,200,139,88,51
S01012264,Whole house or bungalow: Total,320,275,119,156,45,13,32
S01012264,Whole house or bungalow: Detached,233,212,97,115,21,0,21
S01012264,Whole house or bungalow: Semi-detached,54,34,9,25,20,10,10
S01012264,Whole house or bungalow: Terraced (including end-terrace),33,29,13,16,4,3,1
S01012264,Flat maisonette or apartment or mobile/temporary accommodation,152,58,14,44,94,75,19
S01012265,All people in households,788,452,173,279,336,308,28
S01012265,Whole house or bungalow: Total,607,403,165,238,204,186,18
S01012265,Whole house or bungalow: Detached,49,45,14,31,4,4,0
S01012265,Whole house or bungalow: Semi-detached,193,131,47,84,62,57,5
S01012265,Whole house or bungalow: Terraced (including end-terrace),365,227,104,123,138,125,13
S01012265,Flat maisonette or apartment or mobile/temporary accommodation,181,49,8,41,132,122,10
S01012266,All people in households,1058,750,284,466,308,230,78
S01012266,Whole house or bungalow: Total,704,574,233,341,130,97,33
S01012266,Whole house or bungalow: Detached,377,353,151,202,24,9,15
S01012266,Whole house or bungalow: Semi-detached,200,139,49,90,61,49,12
S01012266,Whole house or bungalow: Terraced (including end-terrace),127,82,33,49,45,39,6
S01012266,Flat maisonette or apartment or mobile/temporary accommodation,354,176,51,125,178,133,45
S01012267,All people in households,682,590,255,335,92,20,72
S01012267,Whole house or bungalow: Total,506,449,196,253,57,15,42
S01012267,Whole house or bungalow: Detached,362,344,157,187,18,0,18
S01012267,Whole house or bungalow: Semi-detached,79,52,23,29,27,7,20
S01012267,Whole house or bungalow: Terraced (including end-terrace),65,53,16,37,12,8,4
S01012267,Flat maisonette or apartment or mobile/temporary accommodation,176,141,59,82,35,5,30
S01012268,All people in households,627,316,131,185,311,11,300
S01012268,Whole house or bungalow: Total,618,311,126,185,307,9,298
S01012268,Whole house or bungalow: Detached,382,236,104,132,146,0,146
S01012268,Whole house or bungalow: Semi-detached,143,44,13,31,99,6,93
S01012268,Whole house or bungalow: Terraced (including end-terrace),93,31,9,22,62,3,59
S01012268,Flat maisonette or apartment or mobile/temporary accommodation,9,5,5,0,4,2,2
S01012269,All people in households,999,790,327,463,209,132,77
S01012269,Whole house or bungalow: Total,848,705,298,407,143,82,61
S01012269,Whole house or bungalow: Detached,396,361,155,206,35,4,31
S01012269,Whole house or bungalow: Semi-detached,285,218,90,128,67,49,18
S01012269,Whole house or bungalow: Terraced (including end-terrace),167,126,53,73,41,29,12
S01012269,Flat maisonette or apartment or mobile/temporary accommodation,151,85,29,56,66,50,16
S01012270,All people in households,775,530,181,349,245,171,74
S01012270,Whole house or bungalow: Total,671,484,162,322,187,128,59
S01012270,Whole house or bungalow: Detached,78,66,19,47,12,6,6
S01012270,Whole house or bungalow: Semi-detached,317,208,74,134,109,80,29
S01012270,Whole house or bungalow: Terraced (including end-terrace),276,210,69,141,66,42,24
S01012270,Flat maisonette or apartment or mobile/temporary accommodation,104,46,19,27,58,43,15
S01012271,All people in households,1023,716,341,375,307,64,243
S01012271,Whole house or bungalow: Total,995,709,341,368,286,50,236
S01012271,Whole house or bungalow: Detached,616,482,266,216,134,3,131
S01012271,Whole house or bungalow: Semi-detached,244,149,59,90,95,32,63
S01012271,Whole house or bungalow: Terraced (including end-terrace),135,78,16,62,57,15,42
S01012271,Flat maisonette or apartment or mobile/temporary accommodation,28,7,0,7,21,14,7
S01012272,All people in households,718,566,194,372,152,93,59
S01012272,Whole house or bungalow: Total,615,520,179,341,95,60,35
S01012272,Whole house or bungalow: Detached,300,278,98,180,22,1,21
S01012272,Whole house or bungalow: Semi-detached,253,201,62,139,52,39,13
S01012272,Whole house or bungalow: Terraced (including end-terrace),62,41,19,22,21,20,1
S01012272,Flat maisonette or apartment or mobile/temporary accommodation,103,46,15,31,57,33,24
S01012273,All people in households,697,517,249,268,180,48,132
S01012273,Whole house or bungalow: Total,681,513,247,266,168,40,128
S01012273,Whole house or bungalow: Detached,467,380,187,193,87,0,87
S01012273,Whole house or bungalow: Semi-detached,151,98,46,52,53,18,35
S01012273,Whole house or bungalow: Terraced (including end-terrace),63,35,14,21,28,22,6
S01012273,Flat maisonette or apartment or mobile/temporary accommodation,16,4,2,2,12,8,4
S01012274,All people in households,916,680,219,461,236,152,84
S01012274,Whole house or bungalow: Total,635,547,187,360,88,55,33
S01012274,Whole house or bungalow: Detached,317,302,107,195,15,1,14
S01012274,Whole house or bungalow: Semi-detached,188,168,55,113,20,11,9
S01012274,Whole house or bungalow: Terraced (including end-terrace),130,77,25,52,53,43,10
S01012274,Flat maisonette or apartment or mobile/temporary accommodation,281,133,32,101,148,97,51
S01012275,All people in households,800,307,114,193,493,186,307
S01012275,Whole house or bungalow: Total,194,142,64,78,52,9,43
S01012275,Whole house or bungalow: Detached,48,42,15,27,6,0,6
S01012275,Whole house or bungalow: Semi-detached,52,35,19,16,17,6,11
S01012275,Whole house or bungalow: Terraced (including end-terrace),94,65,30,35,29,3,26
S01012275,Flat maisonette or apartment or mobile/temporary accommodation,606,165,50,115,441,177,264
S01012276,All people in households,915,627,188,439,288,169,119
S01012276,Whole house or bungalow: Total,641,528,162,366,113,54,59
S01012276,Whole house or bungalow: Detached,256,234,84,150,22,2,20
S01012276,Whole house or bungalow: Semi-detached,181,135,38,97,46,25,21
S01012276,Whole house or bungalow: Terraced (including end-terrace),204,159,40,119,45,27,18
S01012276,Flat maisonette or apartment or mobile/temporary accommodation,274,99,26,73,175,115,60
S01012277,All people in households,1045,630,210,420,415,260,155
S01012277,Whole house or bungalow: Total,634,441,160,281,193,133,60
S01012277,Whole house or bungalow: Detached,165,137,54,83,28,13,15
S01012277,Whole house or bungalow: Semi-detached,245,130,50,80,115,93,22
S01012277,Whole house or bungalow: Terraced (including end-terrace),224,174,56,118,50,27,23
S01012277,Flat maisonette or apartment or mobile/temporary accommodation,411,189,50,139,222,127,95
S01012278,All people in households,687,335,139,196,352,118,234
S01012278,Whole house or bungalow: Total,233,173,73,100,60,19,41
S01012278,Whole house or bungalow: Detached,85,74,46,28,11,2,9
S01012278,Whole house or bungalow: Semi-detached,67,48,11,37,19,12,7
S01012278,Whole house or bungalow: Terraced (including end-terrace),81,51,16,35,30,5,25
S01012278,Flat maisonette or apartment or mobile/temporary accommodation,454,162,66,96,292,99,193
S01012279,All people in households,774,329,138,191,445,284,161
S01012279,Whole house or bungalow: Total,348,146,70,76,202,164,38
S01012279,Whole house or bungalow: Detached,53,39,22,17,14,6,8
S01012279,Whole house or bungalow: Semi-detached,181,47,18,29,134,122,12
S01012279,Whole house or bungalow: Terraced (including end-terrace),114,60,30,30,54,36,18
S01012279,Flat maisonette or apartment or mobile/temporary accommodation,426,183,68,115,243,120,123
S01012280,All people in households,933,600,185,415,333,279,54
S01012280,Whole house or bungalow: Total,644,491,148,343,153,114,39
S01012280,Whole house or bungalow: Detached,44,31,19,12,13,3,10
S01012280,Whole house or bungalow: Semi-detached,367,274,76,198,93,74,19
S01012280,Whole house or bungalow: Terraced (including end-terrace),233,186,53,133,47,37,10
S01012280,Flat maisonette or apartment or mobile/temporary accommodation,289,109,37,72,180,165,15
S01012281,All people in households,704,451,183,268,253,81,172
S01012281,Whole house or bungalow: Total,351,261,120,141,90,45,45
S01012281,Whole house or bungalow: Detached,14,13,9,4,1,1,0
S01012281,Whole house or bungalow: Semi-detached,184,152,70,82,32,16,16
S01012281,Whole house or bungalow: Terraced (including end-terrace),153,96,41,55,57,28,29
S01012281,Flat maisonette or apartment or mobile/temporary accommodation,353,190,63,127,163,36,127
S01012282,All people in households,936,650,309,341,286,157,129
S01012282,Whole house or bungalow: Total,693,552,242,310,141,47,94
S01012282,Whole house or bungalow: Detached,386,334,156,178,52,9,43
S01012282,Whole house or bungalow: Semi-detached,256,199,75,124,57,19,38
S01012282,Whole house or bungalow: Terraced (including end-terrace),51,19,11,8,32,19,13
S01012282,Flat maisonette or apartment or mobile/temporary accommodation,243,98,67,31,145,110,35
S01012283,All people in households,848,611,264,347,237,153,84
S01012283,Whole house or bungalow: Total,635,541,237,304,94,37,57
S01012283,Whole house or bungalow: Detached,395,350,160,190,45,3,42
S01012283,Whole house or bungalow: Semi-detached,198,169,71,98,29,18,11
S01012283,Whole house or bungalow: Terraced (including end-terrace),42,22,6,16,20,16,4
S01012283,Flat maisonette or apartment or mobile/temporary accommodation,213,70,27,43,143,116,27
S01012284,All people in households,774,363,166,197,411,265,146
S01012284,Whole house or bungalow: Total,245,171,89,82,74,22,52
S01012284,Whole house or bungalow: Detached,61,55,34,21,6,4,2
S01012284,Whole house or bungalow: Semi-detached,82,62,32,30,20,3,17
S01012284,Whole house or bungalow: Terraced (including end-terrace),102,54,23,31,48,15,33
S01012284,Flat maisonette or apartment or mobile/temporary accommodation,529,192,77,115,337,243,94
S01012285,All people in households,537,426,222,204,111,73,38
S01012285,Whole house or bungalow: Total,451,410,208,202,41,10,31
S01012285,Whole house or bungalow: Detached,142,128,83,45,14,0,14
S01012285,Whole house or bungalow: Semi-detached,226,204,80,124,22,6,16
S01012285,Whole house or bungalow: Terraced (including end-terrace),83,78,45,33,5,4,1
S01012285,Flat maisonette or apartment or mobile/temporary accommodation,86,16,14,2,70,63,7
S01012286,All people in households,1049,581,263,318,468,366,102
S01012286,Whole house or bungalow: Total,779,571,255,316,208,150,58
S01012286,Whole house or bungalow: Detached,142,122,61,61,20,3,17
S01012286,Whole house or bungalow: Semi-detached,132,72,29,43,60,49,11
S01012286,Whole house or bungalow: Terraced (including end-terrace),505,377,165,212,128,98,30
S01012286,Flat maisonette or apartment or mobile/temporary accommodation,270,10,8,2,260,216,44
S01012287,All people in households,980,232,102,130,748,703,45
S01012287,Whole house or bungalow: Total,367,194,84,110,173,142,31
S01012287,Whole house or bungalow: Detached,52,35,23,12,17,4,13
S01012287,Whole house or bungalow: Semi-detached,117,71,21,50,46,37,9
S01012287,Whole house or bungalow: Terraced (including end-terrace),198,88,40,48,110,101,9
S01012287,Flat maisonette or apartment or mobile/temporary accommodation,613,38,18,20,575,561,14
S01012288,All people in households,769,254,127,127,515,461,54
S01012288,Whole house or bungalow: Total,409,235,123,112,174,149,25
S01012288,Whole house or bungalow: Detached,57,36,18,18,21,12,9
S01012288,Whole house or bungalow: Semi-detached,129,75,36,39,54,50,4
S01012288,Whole house or bungalow: Terraced (including end-terrace),223,124,69,55,99,87,12
S01012288,Flat maisonette or apartment or mobile/temporary accommodation,360,19,4,15,341,312,29
S01012289,All people in households,837,717,446,271,120,49,71
S01012289,Whole house or bungalow: Total,784,685,430,255,99,40,59
S01012289,Whole house or bungalow: Detached,553,521,337,184,32,5,27
S01012289,Whole house or bungalow: Semi-detached,179,132,70,62,47,27,20
S01012289,Whole house or bungalow: Terraced (including end-terrace),52,32,23,9,20,8,12
S01012289,Flat maisonette or apartment or mobile/temporary accommodation,53,32,16,16,21,9,12
S01012290,All people in households,585,376,158,218,209,138,71
S01012290,Whole house or bungalow: Total,472,356,146,210,116,67,49
S01012290,Whole house or bungalow: Detached,131,108,58,50,23,7,16
S01012290,Whole house or bungalow: Semi-detached,254,207,70,137,47,30,17
S01012290,Whole house or bungalow: Terraced (including end-terrace),87,41,18,23,46,30,16
S01012290,Flat maisonette or apartment or mobile/temporary accommodation,113,20,12,8,93,71,22
S01012291,All people in households,961,682,214,468,279,122,157
S01012291,Whole house or bungalow: Total,728,583,153,430,145,57,88
S01012291,Whole house or bungalow: Detached,309,287,87,200,22,1,21
S01012291,Whole house or bungalow: Semi-detached,349,268,61,207,81,25,56
S01012291,Whole house or bungalow: Terraced (including end-terrace),70,28,5,23,42,31,11
S01012291,Flat maisonette or apartment or mobile/temporary accommodation,233,99,61,38,134,65,69
S01012292,All people in households,717,557,296,261,160,32,128
S01012292,Whole house or bungalow: Total,565,473,240,233,92,16,76
S01012292,Whole house or bungalow: Detached,311,275,149,126,36,3,33
S01012292,Whole house or bungalow: Semi-detached,192,154,67,87,38,3,35
S01012292,Whole house or bungalow: Terraced (including end-terrace),62,44,24,20,18,10,8
S01012292,Flat maisonette or apartment or mobile/temporary accommodation,152,84,56,28,68,16,52
S01012293,All people in households,477,334,157,177,143,110,33
S01012293,Whole house or bungalow: Total,417,315,148,167,102,77,25
S01012293,Whole house or bungalow: Detached,224,204,112,92,20,6,14
S01012293,Whole house or bungalow: Semi-detached,156,108,34,74,48,43,5
S01012293,Whole house or bungalow: Terraced (including end-terrace),37,3,2,1,34,28,6
S01012293,Flat maisonette or apartment or mobile/temporary accommodation,60,19,9,10,41,33,8
S01012294,All people in households,870,632,205,427,238,161,77
S01012294,Whole house or bungalow: Total,797,627,205,422,170,97,73
S01012294,Whole house or bungalow: Detached,44,32,7,25,12,10,2
S01012294,Whole house or bungalow: Semi-detached,201,160,37,123,41,29,12
S01012294,Whole house or bungalow: Terraced (including end-terrace),552,435,161,274,117,58,59
S01012294,Flat maisonette or apartment or mobile/temporary accommodation,73,5,0,5,68,64,4
S01012295,All people in households,731,492,75,417,239,157,82
S01012295,Whole house or bungalow: Total,639,479,70,409,160,118,42
S01012295,Whole house or bungalow: Detached,408,374,55,319,34,7,27
S01012295,Whole house or bungalow: Semi-detached,129,57,11,46,72,68,4
S01012295,Whole house or bungalow: Terraced (including end-terrace),102,48,4,44,54,43,11
S01012295,Flat maisonette or apartment or mobile/temporary accommodation,92,13,5,8,79,39,40
S01012296,All people in households,888,677,142,535,211,93,118
S01012296,Whole house or bungalow: Total,855,667,140,527,188,89,99
S01012296,Whole house or bungalow: Detached,528,473,88,385,55,0,55
S01012296,Whole house or bungalow: Semi-detached,196,118,26,92,78,52,26
S01012296,Whole house or bungalow: Terraced (including end-terrace),131,76,26,50,55,37,18
S01012296,Flat maisonette or apartment or mobile/temporary accommodation,33,10,2,8,23,4,19
S01012297,All people in households,589,464,243,221,125,7,118
S01012297,Whole house or bungalow: Total,582,461,240,221,121,4,117
S01012297,Whole house or bungalow: Detached,448,393,214,179,55,0,55
S01012297,Whole house or bungalow: Semi-detached,94,45,18,27,49,0,49
S01012297,Whole house or bungalow: Terraced (including end-terrace),40,23,8,15,17,4,13
S01012297,Flat maisonette or apartment or mobile/temporary accommodation,7,3,3,0,4,3,1
S01012298,All people in households,810,630,234,396,180,95,85
S01012298,Whole house or bungalow: Total,754,612,226,386,142,71,71
S01012298,Whole house or bungalow: Detached,389,364,144,220,25,0,25
S01012298,Whole house or bungalow: Semi-detached,182,122,55,67,60,48,12
S01012298,Whole house or bungalow: Terraced (including end-terrace),183,126,27,99,57,23,34
S01012298,Flat maisonette or apartment or mobile/temporary accommodation,56,18,8,10,38,24,14
S01012299,All people in households,620,429,173,256,191,23,168
S01012299,Whole house or bungalow: Total,595,410,171,239,185,23,162
S01012299,Whole house or bungalow: Detached,413,326,137,189,87,0,87
S01012299,Whole house or bungalow: Semi-detached,111,57,17,40,54,1,53
S01012299,Whole house or bungalow: Terraced (including end-terrace),71,27,17,10,44,22,22
S01012299,Flat maisonette or apartment or mobile/temporary accommodation,25,19,2,17,6,0,6
S01012300,All people in households,648,400,167,233,248,173,75
S01012300,Whole house or bungalow: Total,586,389,162,227,197,132,65
S01012300,Whole house or bungalow: Detached,196,158,92,66,38,14,24
S01012300,Whole house or bungalow: Semi-detached,231,109,45,64,122,95,27
S01012300,Whole house or bungalow: Terraced (including end-terrace),159,122,25,97,37,23,14
S01012300,Flat maisonette or apartment or mobile/temporary accommodation,62,11,5,6,51,41,10
S01012301,All people in households,949,514,271,243,435,101,334
S01012301,Whole house or bungalow: Total,932,513,270,243,419,86,333
S01012301,Whole house or bungalow: Detached,443,263,161,102,180,5,175
S01012301,Whole house or bungalow: Semi-detached,271,106,38,68,165,70,95
S01012301,Whole house or bungalow: Terraced (including end-terrace),218,144,71,73,74,11,63
S01012301,Flat maisonette or apartment or mobile/temporary accommodation,17,1,1,0,16,15,1
S01012302,All people in households,556,284,152,132,272,22,250
S01012302,Whole house or bungalow: Total,532,274,148,126,258,18,240
S01012302,Whole house or bungalow: Detached,342,206,118,88,136,0,136
S01012302,Whole house or bungalow: Semi-detached,111,42,20,22,69,18,51
S01012302,Whole house or bungalow: Terraced (including end-terrace),79,26,10,16,53,0,53
S01012302,Flat maisonette or apartment or mobile/temporary accommodation,24,10,4,6,14,4,10
S01012303,All people in households,896,652,330,322,244,45,199
S01012303,Whole house or bungalow: Total,885,644,325,319,241,44,197
S01012303,Whole house or bungalow: Detached,561,466,232,234,95,0,95
S01012303,Whole house or bungalow: Semi-detached,205,113,62,51,92,30,62
S01012303,Whole house or bungalow: Terraced (including end-terrace),119,65,31,34,54,14,40
S01012303,Flat maisonette or apartment or mobile/temporary accommodation,11,8,5,3,3,1,2
S01012304,All people in households,983,721,345,376,262,105,157
S01012304,Whole house or bungalow: Total,948,713,341,372,235,87,148
S01012304,Whole house or bungalow: Detached,468,418,206,212,50,0,50
S01012304,Whole house or bungalow: Semi-detached,294,176,75,101,118,59,59
S01012304,Whole house or bungalow: Terraced (including end-terrace),186,119,60,59,67,28,39
S01012304,Flat maisonette or apartment or mobile/temporary accommodation,35,8,4,4,27,18,9
S01012305,All people in households,697,479,264,215,218,138,80
S01012305,Whole house or bungalow: Total,579,448,252,196,131,74,57
S01012305,Whole house or bungalow: Detached,294,269,182,87,25,5,20
S01012305,Whole house or bungalow: Semi-detached,218,130,48,82,88,59,29
S01012305,Whole house or bungalow: Terraced (including end-terrace),67,49,22,27,18,10,8
S01012305,Flat maisonette or apartment or mobile/temporary accommodation,118,31,12,19,87,64,23
S01012306,All people in households,594,262,133,129,332,256,76
S01012306,Whole house or bungalow: Total,403,222,113,109,181,127,54
S01012306,Whole house or bungalow: Detached,86,70,42,28,16,2,14
S01012306,Whole house or bungalow: Semi-detached,137,62,32,30,75,57,18
S01012306,Whole house or bungalow: Terraced (including end-terrace),180,90,39,51,90,68,22
S01012306,Flat maisonette or apartment or mobile/temporary accommodation,191,40,20,20,151,129,22
S01012307,All people in households,612,347,174,173,265,188,77
S01012307,Whole house or bungalow: Total,457,325,160,165,132,70,62
S01012307,Whole house or bungalow: Detached,122,96,57,39,26,6,20
S01012307,Whole house or bungalow: Semi-detached,151,92,35,57,59,34,25
S01012307,Whole house or bungalow: Terraced (including end-terrace),184,137,68,69,47,30,17
S01012307,Flat maisonette or apartment or mobile/temporary accommodation,155,22,14,8,133,118,15
S01012308,All people in households,842,573,223,350,269,208,61
S01012308,Whole house or bungalow: Total,829,572,223,349,257,201,56
S01012308,Whole house or bungalow: Detached,170,148,38,110,22,0,22
S01012308,Whole house or bungalow: Semi-detached,595,395,177,218,200,179,21
S01012308,Whole house or bungalow: Terraced (including end-terrace),64,29,8,21,35,22,13
S01012308,Flat maisonette or apartment or mobile/temporary accommodation,13,1,0,1,12,7,5
S01012309,All people in households,535,369,170,199,166,125,41
S01012309,Whole house or bungalow: Total,501,355,161,194,146,115,31
S01012309,Whole house or bungalow: Detached,189,173,97,76,16,1,15
S01012309,Whole house or bungalow: Semi-detached,155,78,23,55,77,69,8
S01012309,Whole house or bungalow: Terraced (including end-terrace),157,104,41,63,53,45,8
S01012309,Flat maisonette or apartment or mobile/temporary accommodation,34,14,9,5,20,10,10
S01012310,All people in households,879,613,362,251,266,102,164
S01012310,Whole house or bungalow: Total,823,592,351,241,231,75,156
S01012310,Whole house or bungalow: Detached,456,393,223,170,63,5,58
S01012310,Whole house or bungalow: Semi-detached,223,127,78,49,96,38,58
S01012310,Whole house or bungalow: Terraced (including end-terrace),144,72,50,22,72,32,40
S01012310,Flat maisonette or apartment or mobile/temporary accommodation,56,21,11,10,35,27,8
S01012311,All people in households,561,460,236,224,101,69,32
S01012311,Whole house or bungalow: Total,536,460,236,224,76,47,29
S01012311,Whole house or bungalow: Detached,293,281,161,120,12,0,12
S01012311,Whole house or bungalow: Semi-detached,152,108,46,62,44,33,11
S01012311,Whole house or bungalow: Terraced (including end-terrace),91,71,29,42,20,14,6
S01012311,Flat maisonette or apartment or mobile/temporary accommodation,25,0,0,0,25,22,3
S01012312,All people in households,997,721,365,356,276,112,164
S01012312,Whole house or bungalow: Total,931,708,365,343,223,72,151
S01012312,Whole house or bungalow: Detached,537,466,256,210,71,6,65
S01012312,Whole house or bungalow: Semi-detached,244,139,70,69,105,57,48
S01012312,Whole house or bungalow: Terraced (including end-terrace),150,103,39,64,47,9,38
S01012312,Flat maisonette or apartment or mobile/temporary accommodation,66,13,0,13,53,40,13
S01012313,All people in households,758,501,238,263,257,118,139
S01012313,Whole house or bungalow: Total,707,477,217,260,230,115,115
S01012313,Whole house or bungalow: Detached,326,264,133,131,62,3,59
S01012313,Whole house or bungalow: Semi-detached,298,160,63,97,138,105,33
S01012313,Whole house or bungalow: Terraced (including end-terrace),83,53,21,32,30,7,23
S01012313,Flat maisonette or apartment or mobile/temporary accommodation,51,24,21,3,27,3,24
S01012314,All people in households,851,454,174,280,397,355,42
S01012314,Whole house or bungalow: Total,832,451,174,277,381,339,42
S01012314,Whole house or bungalow: Detached,116,92,34,58,24,11,13
S01012314,Whole house or bungalow: Semi-detached,431,255,97,158,176,156,20
S01012314,Whole house or bungalow: Terraced (including end-terrace),285,104,43,61,181,172,9
S01012314,Flat maisonette or apartment or mobile/temporary accommodation,19,3,0,3,16,16,0
S01012315,All people in households,699,411,237,174,288,191,97
S01012315,Whole house or bungalow: Total,430,343,197,146,87,39,48
S01012315,Whole house or bungalow: Detached,168,150,85,65,18,2,16
S01012315,Whole house or bungalow: Semi-detached,107,93,48,45,14,9,5
S01012315,Whole house or bungalow: Terraced (including end-terrace),155,100,64,36,55,28,27
S01012315,Flat maisonette or apartment or mobile/temporary accommodation,269,68,40,28,201,152,49
S01012316,All people in households,612,307,156,151,305,254,51
S01012316,Whole house or bungalow: Total,387,248,132,116,139,109,30
S01012316,Whole house or bungalow: Detached,78,66,40,26,12,5,7
S01012316,Whole house or bungalow: Semi-detached,119,70,38,32,49,45,4
S01012316,Whole house or bungalow: Terraced (including end-terrace),190,112,54,58,78,59,19
S01012316,Flat maisonette or apartment or mobile/temporary accommodation,225,59,24,35,166,145,21
S01012317,All people in households,558,389,134,255,169,106,63
S01012317,Whole house or bungalow: Total,509,374,132,242,135,74,61
S01012317,Whole house or bungalow: Detached,375,330,114,216,45,4,41
S01012317,Whole house or bungalow: Semi-detached,100,39,15,24,61,46,15
S01012317,Whole house or bungalow: Terraced (including end-terrace),34,5,3,2,29,24,5
S01012317,Flat maisonette or apartment or mobile/temporary accommodation,49,15,2,13,34,32,2
S01012318,All people in households,792,440,170,270,352,317,35
S01012318,Whole house or bungalow: Total,773,437,170,267,336,309,27
S01012318,Whole house or bungalow: Detached,74,53,43,10,21,14,7
S01012318,Whole house or bungalow: Semi-detached,201,105,36,69,96,91,5
S01012318,Whole house or bungalow: Terraced (including end-terrace),498,279,91,188,219,204,15
S01012318,Flat maisonette or apartment or mobile/temporary accommodation,19,3,0,3,16,8,8
S01012319,All people in households,767,422,244,178,345,36,309
S01012319,Whole house or bungalow: Total,746,421,243,178,325,30,295
S01012319,Whole house or bungalow: Detached,437,329,199,130,108,0,108
S01012319,Whole house or bungalow: Semi-detached,193,66,37,29,127,25,102
S01012319,Whole house or bungalow: Terraced (including end-terrace),116,26,7,19,90,5,85
S01012319,Flat maisonette or apartment or mobile/temporary accommodation,21,1,1,0,20,6,14
S01012320,All people in households,687,375,142,233,312,245,67
S01012320,Whole house or bungalow: Total,621,350,138,212,271,208,63
S01012320,Whole house or bungalow: Detached,112,80,33,47,32,0,32
S01012320,Whole house or bungalow: Semi-detached,289,155,62,93,134,113,21
S01012320,Whole house or bungalow: Terraced (including end-terrace),220,115,43,72,105,95,10
S01012320,Flat maisonette or apartment or mobile/temporary accommodation,66,25,4,21,41,37,4
S01012321,All people in households,772,536,219,317,236,150,86
S01012321,Whole house or bungalow: Total,696,532,217,315,164,92,72
S01012321,Whole house or bungalow: Detached,305,279,123,156,26,3,23
S01012321,Whole house or bungalow: Semi-detached,163,111,42,69,52,20,32
S01012321,Whole house or bungalow: Terraced (including end-terrace),228,142,52,90,86,69,17
S01012321,Flat maisonette or apartment or mobile/temporary accommodation,76,4,2,2,72,58,14
S01012322,All people in households,985,657,361,296,328,56,272
S01012322,Whole house or bungalow: Total,958,648,357,291,310,45,265
S01012322,Whole house or bungalow: Detached,550,449,256,193,101,0,101
S01012322,Whole house or bungalow: Semi-detached,226,98,61,37,128,40,88
S01012322,Whole house or bungalow: Terraced (including end-terrace),182,101,40,61,81,5,76
S01012322,Flat maisonette or apartment or mobile/temporary accommodation,27,9,4,5,18,11,7
S01012323,All people in households,866,657,380,277,209,40,169
S01012323,Whole house or bungalow: Total,824,649,377,272,175,40,135
S01012323,Whole house or bungalow: Detached,583,527,314,213,56,1,55
S01012323,Whole house or bungalow: Semi-detached,159,85,37,48,74,31,43
S01012323,Whole house or bungalow: Terraced (including end-terrace),82,37,26,11,45,8,37
S01012323,Flat maisonette or apartment or mobile/temporary accommodation,42,8,3,5,34,0,34
S01012324,All people in households,789,406,264,142,383,16,367
S01012324,Whole house or bungalow: Total,770,404,264,140,366,12,354
S01012324,Whole house or bungalow: Detached,397,258,185,73,139,0,139
S01012324,Whole house or bungalow: Semi-detached,260,114,64,50,146,9,137
S01012324,Whole house or bungalow: Terraced (including end-terrace),113,32,15,17,81,3,78
S01012324,Flat maisonette or apartment or mobile/temporary accommodation,19,2,0,2,17,4,13
S01012325,All people in households,590,391,255,136,199,138,61
S01012325,Whole house or bungalow: Total,528,384,253,131,144,85,59
S01012325,Whole house or bungalow: Detached,278,254,181,73,24,2,22
S01012325,Whole house or bungalow: Semi-detached,154,84,45,39,70,41,29
S01012325,Whole house or bungalow: Terraced (including end-terrace),96,46,27,19,50,42,8
S01012325,Flat maisonette or apartment or mobile/temporary accommodation,62,7,2,5,55,53,2
S01012326,All people in households,540,283,134,149,257,165,92
S01012326,Whole house or bungalow: Total,317,234,116,118,83,37,46
S01012326,Whole house or bungalow: Detached,46,42,30,12,4,0,4
S01012326,Whole house or bungalow: Semi-detached,68,47,17,30,21,10,11
S01012326,Whole house or bungalow: Terraced (including end-terrace),203,145,69,76,58,27,31
S01012326,Flat maisonette or apartment or mobile/temporary accommodation,223,49,18,31,174,128,46
S01012327,All people in households,802,452,224,228,350,266,84
S01012327,Whole house or bungalow: Total,741,442,216,226,299,226,73
S01012327,Whole house or bungalow: Detached,162,119,89,30,43,11,32
S01012327,Whole house or bungalow: Semi-detached,320,192,87,105,128,106,22
S01012327,Whole house or bungalow: Terraced (including end-terrace),259,131,40,91,128,109,19
S01012327,Flat maisonette or apartment or mobile/temporary accommodation,61,10,8,2,51,40,11
S01012328,All people in households,544,353,221,132,191,138,53
S01012328,Whole house or bungalow: Total,531,352,221,131,179,126,53
S01012328,Whole house or bungalow: Detached,140,121,75,46,19,9,10
S01012328,Whole house or bungalow: Semi-detached,252,129,87,42,123,106,17
S01012328,Whole house or bungalow: Terraced (including end-terrace),139,102,59,43,37,11,26
S01012328,Flat maisonette or apartment or mobile/temporary accommodation,13,1,0,1,12,12,0
S01012329,All people in households,831,400,225,175,431,51,380
S01012329,Whole house or bungalow: Total,809,392,224,168,417,44,373
S01012329,Whole house or bungalow: Detached,425,248,141,107,177,0,177
S01012329,Whole house or bungalow: Semi-detached,215,69,33,36,146,36,110
S01012329,Whole house or bungalow: Terraced (including end-terrace),169,75,50,25,94,8,86
S01012329,Flat maisonette or apartment or mobile/temporary accommodation,22,8,1,7,14,7,7
S01012330,All people in households,582,420,232,188,162,90,72
S01012330,Whole house or bungalow: Total,519,413,226,187,106,36,70
S01012330,Whole house or bungalow: Detached,231,214,138,76,17,2,15
S01012330,Whole house or bungalow: Semi-detached,196,133,61,72,63,19,44
S01012330,Whole house or bungalow: Terraced (including end-terrace),92,66,27,39,26,15,11
S01012330,Flat maisonette or apartment or mobile/temporary accommodation,63,7,6,1,56,54,2
S01012331,All people in households,638,542,152,390,96,36,60
S01012331,Whole house or bungalow: Total,626,542,152,390,84,26,58
S01012331,Whole house or bungalow: Detached,423,397,129,268,26,0,26
S01012331,Whole house or bungalow: Semi-detached,170,129,17,112,41,10,31
S01012331,Whole house or bungalow: Terraced (including end-terrace),33,16,6,10,17,16,1
S01012331,Flat maisonette or apartment or mobile/temporary accommodation,12,0,0,0,12,10,2
S01012332,All people in households,988,567,323,244,421,43,378
S01012332,Whole house or bungalow: Total,960,564,323,241,396,28,368
S01012332,Whole house or bungalow: Detached,531,392,238,154,139,2,137
S01012332,Whole house or bungalow: Semi-detached,182,64,26,38,118,26,92
S01012332,Whole house or bungalow: Terraced (including end-terrace),247,108,59,49,139,0,139
S01012332,Flat maisonette or apartment or mobile/temporary accommodation,28,3,0,3,25,15,10
S01012333,All people in households,993,558,321,237,435,21,414
S01012333,Whole house or bungalow: Total,926,500,273,227,426,15,411
S01012333,Whole house or bungalow: Detached,494,360,234,126,134,0,134
S01012333,Whole house or bungalow: Semi-detached,203,69,22,47,134,9,125
S01012333,Whole house or bungalow: Terraced (including end-terrace),229,71,17,54,158,6,152
S01012333,Flat maisonette or apartment or mobile/temporary accommodation,67,58,48,10,9,6,3
S01012334,All people in households,816,520,252,268,296,241,55
S01012334,Whole house or bungalow: Total,618,496,237,259,122,79,43
S01012334,Whole house or bungalow: Detached,84,84,50,34,0,0,0
S01012334,Whole house or bungalow: Semi-detached,400,320,164,156,80,48,32
S01012334,Whole house or bungalow: Terraced (including end-terrace),134,92,23,69,42,31,11
S01012334,Flat maisonette or apartment or mobile/temporary accommodation,198,24,15,9,174,162,12
S01012335,All people in households,989,741,224,517,248,160,88
S01012335,Whole house or bungalow: Total,961,737,223,514,224,145,79
S01012335,Whole house or bungalow: Detached,106,94,48,46,12,6,6
S01012335,Whole house or bungalow: Semi-detached,525,409,103,306,116,66,50
S01012335,Whole house or bungalow: Terraced (including end-terrace),330,234,72,162,96,73,23
S01012335,Flat maisonette or apartment or mobile/temporary accommodation,28,4,1,3,24,15,9
S01012336,All people in households,603,425,189,236,178,126,52
S01012336,Whole house or bungalow: Total,591,423,188,235,168,116,52
S01012336,Whole house or bungalow: Detached,27,18,2,16,9,7,2
S01012336,Whole house or bungalow: Semi-detached,455,325,155,170,130,91,39
S01012336,Whole house or bungalow: Terraced (including end-terrace),109,80,31,49,29,18,11
S01012336,Flat maisonette or apartment or mobile/temporary accommodation,12,2,1,1,10,10,0
S01012337,All people in households,844,411,202,209,433,346,87
S01012337,Whole house or bungalow: Total,485,351,169,182,134,92,42
S01012337,Whole house or bungalow: Detached,44,27,16,11,17,1,16
S01012337,Whole house or bungalow: Semi-detached,287,207,108,99,80,59,21
S01012337,Whole house or bungalow: Terraced (including end-terrace),154,117,45,72,37,32,5
S01012337,Flat maisonette or apartment or mobile/temporary accommodation,359,60,33,27,299,254,45
S01012338,All people in households,695,412,218,194,283,129,154
S01012338,Whole house or bungalow: Total,400,311,161,150,89,16,73
S01012338,Whole house or bungalow: Detached,148,134,51,83,14,3,11
S01012338,Whole house or bungalow: Semi-detached,145,110,62,48,35,6,29
S01012338,Whole house or bungalow: Terraced (including end-terrace),107,67,48,19,40,7,33
S01012338,Flat maisonette or apartment or mobile/temporary accommodation,295,101,57,44,194,113,81
S01012339,All people in households,581,245,123,122,336,153,183
S01012339,Whole house or bungalow: Total,216,143,64,79,73,15,58
S01012339,Whole house or bungalow: Detached,68,47,26,21,21,0,21
S01012339,Whole house or bungalow: Semi-detached,81,49,19,30,32,15,17
S01012339,Whole house or bungalow: Terraced (including end-terrace),67,47,19,28,20,0,20
S01012339,Flat maisonette or apartment or mobile/temporary accommodation,365,102,59,43,263,138,125
S01012340,All people in households,1032,621,323,298,411,340,71
S01012340,Whole house or bungalow: Total,911,571,289,282,340,281,59
S01012340,Whole house or bungalow: Detached,323,293,196,97,30,13,17
S01012340,Whole house or bungalow: Semi-detached,368,162,54,108,206,174,32
S01012340,Whole house or bungalow: Terraced (including end-terrace),220,116,39,77,104,94,10
S01012340,Flat maisonette or apartment or mobile/temporary accommodation,121,50,34,16,71,59,12
S01012341,All people in households,941,633,314,319,308,41,267
S01012341,Whole house or bungalow: Total,923,626,307,319,297,35,262
S01012341,Whole house or bungalow: Detached,654,503,269,234,151,0,151
S01012341,Whole house or bungalow: Semi-detached,183,93,31,62,90,15,75
S01012341,Whole house or bungalow: Terraced (including end-terrace),86,30,7,23,56,20,36
S01012341,Flat maisonette or apartment or mobile/temporary accommodation,18,7,7,0,11,6,5
S01012342,All people in households,884,543,268,275,341,111,230
S01012342,Whole house or bungalow: Total,866,538,267,271,328,101,227
S01012342,Whole house or bungalow: Detached,481,356,206,150,125,6,119
S01012342,Whole house or bungalow: Semi-detached,268,147,57,90,121,57,64
S01012342,Whole house or bungalow: Terraced (including end-terrace),117,35,4,31,82,38,44
S01012342,Flat maisonette or apartment or mobile/temporary accommodation,18,5,1,4,13,10,3
S01012343,All people in households,977,494,266,228,483,60,423
S01012343,Whole house or bungalow: Total,963,491,263,228,472,52,420
S01012343,Whole house or bungalow: Detached,517,332,221,111,185,0,185
S01012343,Whole house or bungalow: Semi-detached,241,110,31,79,131,26,105
S01012343,Whole house or bungalow: Terraced (including end-terrace),205,49,11,38,156,26,130
S01012343,Flat maisonette or apartment or mobile/temporary accommodation,14,3,3,0,11,8,3
S01012344,All people in households,579,309,130,179,270,206,64
S01012344,Whole house or bungalow: Total,447,248,109,139,199,142,57
S01012344,Whole house or bungalow: Detached,106,73,48,25,33,10,23
S01012344,Whole house or bungalow: Semi-detached,199,102,28,74,97,78,19
S01012344,Whole house or bungalow: Terraced (including end-terrace),142,73,33,40,69,54,15
S01012344,Flat maisonette or apartment or mobile/temporary accommodation,132,61,21,40,71,64,7
S01012345,All people in households,700,522,194,328,178,129,49
S01012345,Whole house or bungalow: Total,649,505,189,316,144,100,44
S01012345,Whole house or bungalow: Detached,128,116,61,55,12,0,12
S01012345,Whole house or bungalow: Semi-detached,406,320,106,214,86,64,22
S01012345,Whole house or bungalow: Terraced (including end-terrace),115,69,22,47,46,36,10
S01012345,Flat maisonette or apartment or mobile/temporary accommodation,51,17,5,12,34,29,5
S01012346,All people in households,777,416,221,195,361,26,335
S01012346,Whole house or bungalow: Total,751,405,217,188,346,22,324
S01012346,Whole house or bungalow: Detached,448,303,172,131,145,1,144
S01012346,Whole house or bungalow: Semi-detached,177,59,22,37,118,14,104
S01012346,Whole house or bungalow: Terraced (including end-terrace),126,43,23,20,83,7,76
S01012346,Flat maisonette or apartment or mobile/temporary accommodation,26,11,4,7,15,4,11
S01012347,All people in households,774,538,220,318,236,172,64
S01012347,Whole house or bungalow: Total,729,522,218,304,207,157,50
S01012347,Whole house or bungalow: Detached,242,210,88,122,32,1,31
S01012347,Whole house or bungalow: Semi-detached,298,195,85,110,103,89,14
S01012347,Whole house or bungalow: Terraced (including end-terrace),189,117,45,72,72,67,5
S01012347,Flat maisonette or apartment or mobile/temporary accommodation,45,16,2,14,29,15,14
S01012348,All people in households,719,550,243,307,169,94,75
S01012348,Whole house or bungalow: Total,637,521,239,282,116,57,59
S01012348,Whole house or bungalow: Detached,329,303,143,160,26,1,25
S01012348,Whole house or bungalow: Semi-detached,210,161,71,90,49,30,19
S01012348,Whole house or bungalow: Terraced (including end-terrace),98,57,25,32,41,26,15
S01012348,Flat maisonette or apartment or mobile/temporary accommodation,82,29,4,25,53,37,16
S01012349,All people in households,899,542,195,347,357,285,72
S01012349,Whole house or bungalow: Total,784,526,191,335,258,192,66
S01012349,Whole house or bungalow: Detached,42,33,16,17,9,7,2
S01012349,Whole house or bungalow: Semi-detached,460,286,116,170,174,126,48
S01012349,Whole house or bungalow: Terraced (including end-terrace),282,207,59,148,75,59,16
S01012349,Flat maisonette or apartment or mobile/temporary accommodation,115,16,4,12,99,93,6
S01012350,All people in households,773,466,226,240,307,243,64
S01012350,Whole house or bungalow: Total,560,443,211,232,117,69,48
S01012350,Whole house or bungalow: Detached,251,233,129,104,18,3,15
S01012350,Whole house or bungalow: Semi-detached,214,155,62,93,59,33,26
S01012350,Whole house or bungalow: Terraced (including end-terrace),95,55,20,35,40,33,7
S01012350,Flat maisonette or apartment or mobile/temporary accommodation,213,23,15,8,190,174,16
S01012351,All people in households,850,531,154,377,319,258,61
S01012351,Whole house or bungalow: Total,669,464,134,330,205,155,50
S01012351,Whole house or bungalow: Detached,62,41,10,31,21,14,7
S01012351,Whole house or bungalow: Semi-detached,293,193,48,145,100,83,17
S01012351,Whole house or bungalow: Terraced (including end-terrace),314,230,76,154,84,58,26
S01012351,Flat maisonette or apartment or mobile/temporary accommodation,181,67,20,47,114,103,11
S01012352,All people in households,734,494,185,309,240,138,102
S01012352,Whole house or bungalow: Total,455,381,132,249,74,19,55
S01012352,Whole house or bungalow: Detached,233,214,73,141,19,0,19
S01012352,Whole house or bungalow: Semi-detached,182,141,49,92,41,11,30
S01012352,Whole house or bungalow: Terraced (including end-terrace),40,26,10,16,14,8,6
S01012352,Flat maisonette or apartment or mobile/temporary accommodation,279,113,53,60,166,119,47
S01012353,All people in households,744,346,152,194,398,259,139
S01012353,Whole house or bungalow: Total,304,215,93,122,89,49,40
S01012353,Whole house or bungalow: Detached,99,91,59,32,8,2,6
S01012353,Whole house or bungalow: Semi-detached,58,35,5,30,23,16,7
S01012353,Whole house or bungalow: Terraced (including end-terrace),147,89,29,60,58,31,27
S01012353,Flat maisonette or apartment or mobile/temporary accommodation,440,131,59,72,309,210,99
S01012354,All people in households,763,524,311,213,239,125,114
S01012354,Whole house or bungalow: Total,692,494,297,197,198,97,101
S01012354,Whole house or bungalow: Detached,163,135,92,43,28,5,23
S01012354,Whole house or bungalow: Semi-detached,273,164,90,74,109,70,39
S01012354,Whole house or bungalow: Terraced (including end-terrace),256,195,115,80,61,22,39
S01012354,Flat maisonette or apartment or mobile/temporary accommodation,71,30,14,16,41,28,13
S01012355,All people in households,849,517,316,201,332,22,310
S01012355,Whole house or bungalow: Total,819,494,301,193,325,18,307
S01012355,Whole house or bungalow: Detached,667,428,265,163,239,7,232
S01012355,Whole house or bungalow: Semi-detached,131,58,30,28,73,7,66
S01012355,Whole house or bungalow: Terraced (including end-terrace),21,8,6,2,13,4,9
S01012355,Flat maisonette or apartment or mobile/temporary accommodation,30,23,15,8,7,4,3
S01012356,All people in households,653,502,260,242,151,101,50
S01012356,Whole house or bungalow: Total,603,471,253,218,132,86,46
S01012356,Whole house or bungalow: Detached,203,181,130,51,22,5,17
S01012356,Whole house or bungalow: Semi-detached,277,193,84,109,84,69,15
S01012356,Whole house or bungalow: Terraced (including end-terrace),123,97,39,58,26,12,14
S01012356,Flat maisonette or apartment or mobile/temporary accommodation,50,31,7,24,19,15,4
S01012357,All people in households,812,627,355,272,185,3,182
S01012357,Whole house or bungalow: Total,782,601,345,256,181,3,178
S01012357,Whole house or bungalow: Detached,613,493,287,206,120,1,119
S01012357,Whole house or bungalow: Semi-detached,144,94,49,45,50,1,49
S01012357,Whole house or bungalow: Terraced (including end-terrace),25,14,9,5,11,1,10
S01012357,Flat maisonette or apartment or mobile/temporary accommodation,30,26,10,16,4,0,4
S01012358,All people in households,764,544,372,172,220,49,171
S01012358,Whole house or bungalow: Total,725,526,358,168,199,34,165
S01012358,Whole house or bungalow: Detached,514,408,283,125,106,0,106
S01012358,Whole house or bungalow: Semi-detached,160,96,64,32,64,24,40
S01012358,Whole house or bungalow: Terraced (including end-terrace),51,22,11,11,29,10,19
S01012358,Flat maisonette or apartment or mobile/temporary accommodation,39,18,14,4,21,15,6
S01012359,All people in households,785,315,140,175,470,415,55
S01012359,Whole house or bungalow: Total,658,257,108,149,401,378,23
S01012359,Whole house or bungalow: Detached,30,20,4,16,10,7,3
S01012359,Whole house or bungalow: Semi-detached,443,166,63,103,277,268,9
S01012359,Whole house or bungalow: Terraced (including end-terrace),185,71,41,30,114,103,11
S01012359,Flat maisonette or apartment or mobile/temporary accommodation,127,58,32,26,69,37,32
S01012360,All people in households,808,246,99,147,562,502,60
S01012360,Whole house or bungalow: Total,653,181,66,115,472,448,24
S01012360,Whole house or bungalow: Detached,42,18,11,7,24,19,5
S01012360,Whole house or bungalow: Semi-detached,354,107,41,66,247,239,8
S01012360,Whole house or bungalow: Terraced (including end-terrace),257,56,14,42,201,190,11
S01012360,Flat maisonette or apartment or mobile/temporary accommodation,155,65,33,32,90,54,36
S01012361,All people in households,641,213,64,149,428,403,25
S01012361,Whole house or bungalow: Total,593,212,63,149,381,361,20
S01012361,Whole house or bungalow: Detached,46,20,7,13,26,22,4
S01012361,Whole house or bungalow: Semi-detached,414,140,43,97,274,260,14
S01012361,Whole house or bungalow: Terraced (including end-terrace),133,52,13,39,81,79,2
S01012361,Flat maisonette or apartment or mobile/temporary accommodation,48,1,1,0,47,42,5
S01012362,All people in households,834,148,46,102,686,638,48
S01012362,Whole house or bungalow: Total,793,144,46,98,649,602,47
S01012362,Whole house or bungalow: Detached,60,16,7,9,44,32,12
S01012362,Whole house or bungalow: Semi-detached,530,97,27,70,433,404,29
S01012362,Whole house or bungalow: Terraced (including end-terrace),203,31,12,19,172,166,6
S01012362,Flat maisonette or apartment or mobile/temporary accommodation,41,4,0,4,37,36,1
S01012363,All people in households,962,486,225,261,476,272,204
S01012363,Whole house or bungalow: Total,322,238,100,138,84,54,30
S01012363,Whole house or bungalow: Detached,42,34,14,20,8,2,6
S01012363,Whole house or bungalow: Semi-detached,106,63,10,53,43,34,9
S01012363,Whole house or bungalow: Terraced (including end-terrace),174,141,76,65,33,18,15
S01012363,Flat maisonette or apartment or mobile/temporary accommodation,640,248,125,123,392,218,174
S01012364,All people in households,666,446,205,241,220,58,162
S01012364,Whole house or bungalow: Total,233,210,91,119,23,8,15
S01012364,Whole house or bungalow: Detached,48,44,28,16,4,2,2
S01012364,Whole house or bungalow: Semi-detached,112,104,34,70,8,4,4
S01012364,Whole house or bungalow: Terraced (including end-terrace),73,62,29,33,11,2,9
S01012364,Flat maisonette or apartment or mobile/temporary accommodation,433,236,114,122,197,50,147
S01012365,All people in households,923,784,365,419,139,40,99
S01012365,Whole house or bungalow: Total,633,577,274,303,56,12,44
S01012365,Whole house or bungalow: Detached,114,102,58,44,12,0,12
S01012365,Whole house or bungalow: Semi-detached,249,233,112,121,16,6,10
S01012365,Whole house or bungalow: Terraced (including end-terrace),270,242,104,138,28,6,22
S01012365,Flat maisonette or apartment or mobile/temporary accommodation,290,207,91,116,83,28,55
S01012366,All people in households,862,594,300,294,268,61,207
S01012366,Whole house or bungalow: Total,291,246,131,115,45,6,39
S01012366,Whole house or bungalow: Detached,41,34,17,17,7,0,7
S01012366,Whole house or bungalow: Semi-detached,69,63,31,32,6,0,6
S01012366,Whole house or bungalow: Terraced (including end-terrace),181,149,83,66,32,6,26
S01012366,Flat maisonette or apartment or mobile/temporary accommodation,571,348,169,179,223,55,168
S01012367,All people in households,916,683,335,348,233,147,86
S01012367,Whole house or bungalow: Total,722,578,297,281,144,79,65
S01012367,Whole house or bungalow: Detached,286,246,140,106,40,4,36
S01012367,Whole house or bungalow: Semi-detached,263,224,104,120,39,32,7
S01012367,Whole house or bungalow: Terraced (including end-terrace),173,108,53,55,65,43,22
S01012367,Flat maisonette or apartment or mobile/temporary accommodation,194,105,38,67,89,68,21
S01012368,All people in households,574,500,275,225,74,60,14
S01012368,Whole house or bungalow: Total,484,451,255,196,33,24,9
S01012368,Whole house or bungalow: Detached,310,299,191,108,11,2,9
S01012368,Whole house or bungalow: Semi-detached,121,109,50,59,12,12,0
S01012368,Whole house or bungalow: Terraced (including end-terrace),53,43,14,29,10,10,0
S01012368,Flat maisonette or apartment or mobile/temporary accommodation,90,49,20,29,41,36,5
S01012369,All people in households,872,671,293,378,201,116,85
S01012369,Whole house or bungalow: Total,663,569,269,300,94,63,31
S01012369,Whole house or bungalow: Detached,253,240,134,106,13,0,13
S01012369,Whole house or bungalow: Semi-detached,242,207,77,130,35,22,13
S01012369,Whole house or bungalow: Terraced (including end-terrace),168,122,58,64,46,41,5
S01012369,Flat maisonette or apartment or mobile/temporary accommodation,209,102,24,78,107,53,54
S01012370,All people in households,944,556,221,335,388,317,71
S01012370,Whole house or bungalow: Total,383,333,107,226,50,26,24
S01012370,Whole house or bungalow: Detached,241,226,69,157,15,5,10
S01012370,Whole house or bungalow: Semi-detached,51,33,10,23,18,12,6
S01012370,Whole house or bungalow: Terraced (including end-terrace),91,74,28,46,17,9,8
S01012370,Flat maisonette or apartment or mobile/temporary accommodation,561,223,114,109,338,291,47
S01012371,All people in households,881,549,223,326,332,210,122
S01012371,Whole house or bungalow: Total,362,288,102,186,74,39,35
S01012371,Whole house or bungalow: Detached,64,48,14,34,16,2,14
S01012371,Whole house or bungalow: Semi-detached,75,47,15,32,28,20,8
S01012371,Whole house or bungalow: Terraced (including end-terrace),223,193,73,120,30,17,13
S01012371,Flat maisonette or apartment or mobile/temporary accommodation,519,261,121,140,258,171,87
S01012372,All people in households,738,383,186,197,355,243,112
S01012372,Whole house or bungalow: Total,166,132,76,56,34,17,17
S01012372,Whole house or bungalow: Detached,31,22,16,6,9,0,9
S01012372,Whole house or bungalow: Semi-detached,52,40,15,25,12,8,4
S01012372,Whole house or bungalow: Terraced (including end-terrace),83,70,45,25,13,9,4
S01012372,Flat maisonette or apartment or mobile/temporary accommodation,572,251,110,141,321,226,95
S01012373,All people in households,981,727,334,393,254,184,70
S01012373,Whole house or bungalow: Total,628,558,265,293,70,38,32
S01012373,Whole house or bungalow: Detached,231,219,141,78,12,5,7
S01012373,Whole house or bungalow: Semi-detached,235,211,71,140,24,15,9
S01012373,Whole house or bungalow: Terraced (including end-terrace),162,128,53,75,34,18,16
S01012373,Flat maisonette or apartment or mobile/temporary accommodation,353,169,69,100,184,146,38
S01012374,All people in households,920,672,240,432,248,218,30
S01012374,Whole house or bungalow: Total,595,497,169,328,98,86,12
S01012374,Whole house or bungalow: Detached,96,84,41,43,12,10,2
S01012374,Whole house or bungalow: Semi-detached,182,152,30,122,30,25,5
S01012374,Whole house or bungalow: Terraced (including end-terrace),317,261,98,163,56,51,5
S01012374,Flat maisonette or apartment or mobile/temporary accommodation,325,175,71,104,150,132,18
S01012375,All people in households,928,519,186,333,409,355,54
S01012375,Whole house or bungalow: Total,634,472,173,299,162,128,34
S01012375,Whole house or bungalow: Detached,89,80,12,68,9,3,6
S01012375,Whole house or bungalow: Semi-detached,248,175,60,115,73,59,14
S01012375,Whole house or bungalow: Terraced (including end-terrace),297,217,101,116,80,66,14
S01012375,Flat maisonette or apartment or mobile/temporary accommodation,294,47,13,34,247,227,20
S01012376,All people in households,960,736,370,366,224,54,170
S01012376,Whole house or bungalow: Total,924,716,362,354,208,41,167
S01012376,Whole house or bungalow: Detached,626,521,289,232,105,4,101
S01012376,Whole house or bungalow: Semi-detached,220,141,55,86,79,33,46
S01012376,Whole house or bungalow: Terraced (including end-terrace),78,54,18,36,24,4,20
S01012376,Flat maisonette or apartment or mobile/temporary accommodation,36,20,8,12,16,13,3
S01012377,All people in households,690,481,283,198,209,71,138
S01012377,Whole house or bungalow: Total,671,478,283,195,193,59,134
S01012377,Whole house or bungalow: Detached,436,373,225,148,63,0,63
S01012377,Whole house or bungalow: Semi-detached,146,74,42,32,72,26,46
S01012377,Whole house or bungalow: Terraced (including end-terrace),89,31,16,15,58,33,25
S01012377,Flat maisonette or apartment or mobile/temporary accommodation,19,3,0,3,16,12,4
S01012378,All people in households,567,298,164,134,269,40,229
S01012378,Whole house or bungalow: Total,528,295,162,133,233,20,213
S01012378,Whole house or bungalow: Detached,372,251,143,108,121,0,121
S01012378,Whole house or bungalow: Semi-detached,114,26,9,17,88,4,84
S01012378,Whole house or bungalow: Terraced (including end-terrace),42,18,10,8,24,16,8
S01012378,Flat maisonette or apartment or mobile/temporary accommodation,39,3,2,1,36,20,16
S01012379,All people in households,520,289,163,126,231,62,169
S01012379,Whole house or bungalow: Total,490,282,160,122,208,48,160
S01012379,Whole house or bungalow: Detached,339,216,130,86,123,4,119
S01012379,Whole house or bungalow: Semi-detached,117,42,24,18,75,43,32
S01012379,Whole house or bungalow: Terraced (including end-terrace),34,24,6,18,10,1,9
S01012379,Flat maisonette or apartment or mobile/temporary accommodation,30,7,3,4,23,14,9
S01012380,All people in households,892,539,223,316,353,302,51
S01012380,Whole house or bungalow: Total,641,418,176,242,223,182,41
S01012380,Whole house or bungalow: Detached,96,81,45,36,15,0,15
S01012380,Whole house or bungalow: Semi-detached,175,137,64,73,38,28,10
S01012380,Whole house or bungalow: Terraced (including end-terrace),370,200,67,133,170,154,16
S01012380,Flat maisonette or apartment or mobile/temporary accommodation,251,121,47,74,130,120,10
S01012381,All people in households,844,500,223,277,344,253,91
S01012381,Whole house or bungalow: Total,539,378,178,200,161,122,39
S01012381,Whole house or bungalow: Detached,121,107,46,61,14,8,6
S01012381,Whole house or bungalow: Semi-detached,163,113,43,70,50,32,18
S01012381,Whole house or bungalow: Terraced (including end-terrace),255,158,89,69,97,82,15
S01012381,Flat maisonette or apartment or mobile/temporary accommodation,305,122,45,77,183,131,52
S01012382,All people in households,969,845,414,431,124,87,37
S01012382,Whole house or bungalow: Total,889,813,401,412,76,46,30
S01012382,Whole house or bungalow: Detached,302,289,168,121,13,5,8
S01012382,Whole house or bungalow: Semi-detached,399,376,185,191,23,8,15
S01012382,Whole house or bungalow: Terraced (including end-terrace),188,148,48,100,40,33,7
S01012382,Flat maisonette or apartment or mobile/temporary accommodation,80,32,13,19,48,41,7
S01012383,All people in households,825,580,291,289,245,152,93
S01012383,Whole house or bungalow: Total,536,438,223,215,98,54,44
S01012383,Whole house or bungalow: Detached,165,158,95,63,7,2,5
S01012383,Whole house or bungalow: Semi-detached,246,185,84,101,61,38,23
S01012383,Whole house or bungalow: Terraced (including end-terrace),125,95,44,51,30,14,16
S01012383,Flat maisonette or apartment or mobile/temporary accommodation,289,142,68,74,147,98,49
S01012384,All people in households,515,358,154,204,157,79,78
S01012384,Whole house or bungalow: Total,365,290,134,156,75,49,26
S01012384,Whole house or bungalow: Detached,112,108,59,49,4,1,3
S01012384,Whole house or bungalow: Semi-detached,148,118,44,74,30,19,11
S01012384,Whole house or bungalow: Terraced (including end-terrace),105,64,31,33,41,29,12
S01012384,Flat maisonette or apartment or mobile/temporary accommodation,150,68,20,48,82,30,52
S01012385,All people in households,689,522,225,297,167,65,102
S01012385,Whole house or bungalow: Total,463,395,178,217,68,20,48
S01012385,Whole house or bungalow: Detached,239,224,104,120,15,0,15
S01012385,Whole house or bungalow: Semi-detached,143,120,52,68,23,0,23
S01012385,Whole house or bungalow: Terraced (including end-terrace),81,51,22,29,30,20,10
S01012385,Flat maisonette or apartment or mobile/temporary accommodation,226,127,47,80,99,45,54
S01012386,All people in households,977,363,153,210,614,526,88
S01012386,Whole house or bungalow: Total,842,339,145,194,503,440,63
S01012386,Whole house or bungalow: Detached,141,96,48,48,45,9,36
S01012386,Whole house or bungalow: Semi-detached,180,96,41,55,84,70,14
S01012386,Whole house or bungalow: Terraced (including end-terrace),521,147,56,91,374,361,13
S01012386,Flat maisonette or apartment or mobile/temporary accommodation,135,24,8,16,111,86,25
S01012387,All people in households,930,609,314,295,321,185,136
S01012387,Whole house or bungalow: Total,921,609,314,295,312,179,133
S01012387,Whole house or bungalow: Detached,756,540,284,256,216,94,122
S01012387,Whole house or bungalow: Semi-detached,149,64,30,34,85,75,10
S01012387,Whole house or bungalow: Terraced (including end-terrace),16,5,0,5,11,10,1
S01012387,Flat maisonette or apartment or mobile/temporary accommodation,9,0,0,0,9,6,3
S01012388,All people in households,691,629,302,327,62,21,41
S01012388,Whole house or bungalow: Total,686,625,300,325,61,20,41
S01012388,Whole house or bungalow: Detached,603,570,276,294,33,2,31
S01012388,Whole house or bungalow: Semi-detached,79,53,22,31,26,16,10
S01012388,Whole house or bungalow: Terraced (including end-terrace),4,2,2,0,2,2,0
S01012388,Flat maisonette or apartment or mobile/temporary accommodation,5,4,2,2,1,1,0
S01012389,All people in households,882,674,252,422,208,151,57
S01012389,Whole house or bungalow: Total,879,673,251,422,206,150,56
S01012389,Whole house or bungalow: Detached,697,620,240,380,77,30,47
S01012389,Whole house or bungalow: Semi-detached,163,49,9,40,114,105,9
S01012389,Whole house or bungalow: Terraced (including end-terrace),19,4,2,2,15,15,0
S01012389,Flat maisonette or apartment or mobile/temporary accommodation,3,1,1,0,2,1,1
S01012390,All people in households,769,625,309,316,144,88,56
S01012390,Whole house or bungalow: Total,759,625,309,316,134,79,55
S01012390,Whole house or bungalow: Detached,628,573,283,290,55,12,43
S01012390,Whole house or bungalow: Semi-detached,112,47,26,21,65,53,12
S01012390,Whole house or bungalow: Terraced (including end-terrace),19,5,0,5,14,14,0
S01012390,Flat maisonette or apartment or mobile/temporary accommodation,10,0,0,0,10,9,1
S01012391,All people in households,1114,894,347,547,220,130,90
S01012391,Whole house or bungalow: Total,1087,891,344,547,196,111,85
S01012391,Whole house or bungalow: Detached,842,774,310,464,68,3,65
S01012391,Whole house or bungalow: Semi-detached,224,104,31,73,120,101,19
S01012391,Whole house or bungalow: Terraced (including end-terrace),21,13,3,10,8,7,1
S01012391,Flat maisonette or apartment or mobile/temporary accommodation,27,3,3,0,24,19,5
S01012392,All people in households,791,510,212,298,281,252,29
S01012392,Whole house or bungalow: Total,706,510,212,298,196,171,25
S01012392,Whole house or bungalow: Detached,399,331,163,168,68,47,21
S01012392,Whole house or bungalow: Semi-detached,272,156,44,112,116,112,4
S01012392,Whole house or bungalow: Terraced (including end-terrace),35,23,5,18,12,12,0
S01012392,Flat maisonette or apartment or mobile/temporary accommodation,85,0,0,0,85,81,4
S01012393,All people in households,899,664,299,365,235,166,69
S01012393,Whole house or bungalow: Total,880,664,299,365,216,156,60
S01012393,Whole house or bungalow: Detached,398,376,201,175,22,2,20
S01012393,Whole house or bungalow: Semi-detached,439,257,87,170,182,145,37
S01012393,Whole house or bungalow: Terraced (including end-terrace),43,31,11,20,12,9,3
S01012393,Flat maisonette or apartment or mobile/temporary accommodation,19,0,0,0,19,10,9
S01012394,All people in households,638,268,116,152,370,342,28
S01012394,Whole house or bungalow: Total,613,265,114,151,348,329,19
S01012394,Whole house or bungalow: Detached,210,177,85,92,33,21,12
S01012394,Whole house or bungalow: Semi-detached,99,45,16,29,54,51,3
S01012394,Whole house or bungalow: Terraced (including end-terrace),304,43,13,30,261,257,4
S01012394,Flat maisonette or apartment or mobile/temporary accommodation,25,3,2,1,22,13,9
S01012395,All people in households,607,413,203,210,194,135,59
S01012395,Whole house or bungalow: Total,510,365,188,177,145,108,37
S01012395,Whole house or bungalow: Detached,193,180,112,68,13,1,12
S01012395,Whole house or bungalow: Semi-detached,237,127,51,76,110,92,18
S01012395,Whole house or bungalow: Terraced (including end-terrace),80,58,25,33,22,15,7
S01012395,Flat maisonette or apartment or mobile/temporary accommodation,97,48,15,33,49,27,22
S01012396,All people in households,638,381,198,183,257,148,109
S01012396,Whole house or bungalow: Total,500,330,176,154,170,113,57
S01012396,Whole house or bungalow: Detached,111,89,57,32,22,3,19
S01012396,Whole house or bungalow: Semi-detached,303,203,95,108,100,77,23
S01012396,Whole house or bungalow: Terraced (including end-terrace),86,38,24,14,48,33,15
S01012396,Flat maisonette or apartment or mobile/temporary accommodation,138,51,22,29,87,35,52
S01012397,All people in households,833,545,298,247,288,201,87
S01012397,Whole house or bungalow: Total,720,510,286,224,210,141,69
S01012397,Whole house or bungalow: Detached,416,346,216,130,70,9,61
S01012397,Whole house or bungalow: Semi-detached,200,112,48,64,88,82,6
S01012397,Whole house or bungalow: Terraced (including end-terrace),104,52,22,30,52,50,2
S01012397,Flat maisonette or apartment or mobile/temporary accommodation,113,35,12,23,78,60,18
S01012398,All people in households,849,461,203,258,388,194,194
S01012398,Whole house or bungalow: Total,526,355,161,194,171,75,96
S01012398,Whole house or bungalow: Detached,154,115,67,48,39,4,35
S01012398,Whole house or bungalow: Semi-detached,239,150,57,93,89,43,46
S01012398,Whole house or bungalow: Terraced (including end-terrace),133,90,37,53,43,28,15
S01012398,Flat maisonette or apartment or mobile/temporary accommodation,323,106,42,64,217,119,98
S01012399,All people in households,621,324,165,159,297,235,62
S01012399,Whole house or bungalow: Total,589,316,158,158,273,215,58
S01012399,Whole house or bungalow: Detached,57,42,23,19,15,13,2
S01012399,Whole house or bungalow: Semi-detached,283,144,73,71,139,108,31
S01012399,Whole house or bungalow: Terraced (including end-terrace),249,130,62,68,119,94,25
S01012399,Flat maisonette or apartment or mobile/temporary accommodation,32,8,7,1,24,20,4
S01012400,All people in households,587,269,123,146,318,204,114
S01012400,Whole house or bungalow: Total,416,225,102,123,191,133,58
S01012400,Whole house or bungalow: Detached,114,79,45,34,35,14,21
S01012400,Whole house or bungalow: Semi-detached,224,99,38,61,125,88,37
S01012400,Whole house or bungalow: Terraced (including end-terrace),78,47,19,28,31,31,0
S01012400,Flat maisonette or apartment or mobile/temporary accommodation,171,44,21,23,127,71,56
S01012401,All people in households,770,404,204,200,366,322,44
S01012401,Whole house or bungalow: Total,599,375,194,181,224,185,39
S01012401,Whole house or bungalow: Detached,137,100,57,43,37,27,10
S01012401,Whole house or bungalow: Semi-detached,431,263,130,133,168,144,24
S01012401,Whole house or bungalow: Terraced (including end-terrace),31,12,7,5,19,14,5
S01012401,Flat maisonette or apartment or mobile/temporary accommodation,171,29,10,19,142,137,5
S01012402,All people in households,460,400,178,222,60,14,46
S01012402,Whole house or bungalow: Total,459,400,178,222,59,13,46
S01012402,Whole house or bungalow: Detached,408,366,171,195,42,0,42
S01012402,Whole house or bungalow: Semi-detached,47,34,7,27,13,9,4
S01012402,Whole house or bungalow: Terraced (including end-terrace),4,0,0,0,4,4,0
S01012402,Flat maisonette or apartment or mobile/temporary accommodation,1,0,0,0,1,1,0
S01012403,All people in households,1025,805,394,411,220,108,112
S01012403,Whole house or bungalow: Total,1015,803,392,411,212,107,105
S01012403,Whole house or bungalow: Detached,746,648,326,322,98,8,90
S01012403,Whole house or bungalow: Semi-detached,246,142,66,76,104,91,13
S01012403,Whole house or bungalow: Terraced (including end-terrace),23,13,0,13,10,8,2
S01012403,Flat maisonette or apartment or mobile/temporary accommodation,10,2,2,0,8,1,7
S01012404,All people in households,968,568,285,283,400,253,147
S01012404,Whole house or bungalow: Total,827,557,282,275,270,183,87
S01012404,Whole house or bungalow: Detached,393,348,201,147,45,5,40
S01012404,Whole house or bungalow: Semi-detached,349,175,75,100,174,140,34
S01012404,Whole house or bungalow: Terraced (including end-terrace),85,34,6,28,51,38,13
S01012404,Flat maisonette or apartment or mobile/temporary accommodation,141,11,3,8,130,70,60
S01012405,All people in households,726,655,259,396,71,14,57
S01012405,Whole house or bungalow: Total,712,650,256,394,62,12,50
S01012405,Whole house or bungalow: Detached,663,618,247,371,45,0,45
S01012405,Whole house or bungalow: Semi-detached,49,32,9,23,17,12,5
S01012405,Whole house or bungalow: Terraced (including end-terrace),0,0,0,0,0,0,0
S01012405,Flat maisonette or apartment or mobile/temporary accommodation,14,5,3,2,9,2,7
S01012406,All people in households,624,500,233,267,124,76,48
S01012406,Whole house or bungalow: Total,621,498,233,265,123,75,48
S01012406,Whole house or bungalow: Detached,504,467,222,245,37,2,35
S01012406,Whole house or bungalow: Semi-detached,99,30,10,20,69,58,11
S01012406,Whole house or bungalow: Terraced (including end-terrace),18,1,1,0,17,15,2
S01012406,Flat maisonette or apartment or mobile/temporary accommodation,3,2,0,2,1,1,0
S01012407,All people in households,813,571,271,300,242,190,52
S01012407,Whole house or bungalow: Total,805,571,271,300,234,182,52
S01012407,Whole house or bungalow: Detached,542,475,229,246,67,22,45
S01012407,Whole house or bungalow: Semi-detached,237,87,34,53,150,143,7
S01012407,Whole house or bungalow: Terraced (including end-terrace),26,9,8,1,17,17,0
S01012407,Flat maisonette or apartment or mobile/temporary accommodation,8,0,0,0,8,8,0
S01012408,All people in households,652,546,294,252,106,26,80
S01012408,Whole house or bungalow: Total,650,546,294,252,104,24,80
S01012408,Whole house or bungalow: Detached,601,518,283,235,83,4,79
S01012408,Whole house or bungalow: Semi-detached,46,28,11,17,18,17,1
S01012408,Whole house or bungalow: Terraced (including end-terrace),3,0,0,0,3,3,0
S01012408,Flat maisonette or apartment or mobile/temporary accommodation,2,0,0,0,2,2,0
S01012409,All people in households,688,493,272,221,195,104,91
S01012409,Whole house or bungalow: Total,661,492,272,220,169,85,84
S01012409,Whole house or bungalow: Detached,556,473,263,210,83,20,63
S01012409,Whole house or bungalow: Semi-detached,97,16,9,7,81,62,19
S01012409,Whole house or bungalow: Terraced (including end-terrace),8,3,0,3,5,3,2
S01012409,Flat maisonette or apartment or mobile/temporary accommodation,27,1,0,1,26,19,7
S01012410,All people in households,1037,705,304,401,332,254,78
S01012410,Whole house or bungalow: Total,1029,705,304,401,324,251,73
S01012410,Whole house or bungalow: Detached,704,595,260,335,109,48,61
S01012410,Whole house or bungalow: Semi-detached,244,92,44,48,152,142,10
S01012410,Whole house or bungalow: Terraced (including end-terrace),81,18,0,18,63,61,2
S01012410,Flat maisonette or apartment or mobile/temporary accommodation,8,0,0,0,8,3,5
S01012411,All people in households,957,554,258,296,403,339,64
S01012411,Whole house or bungalow: Total,944,552,257,295,392,329,63
S01012411,Whole house or bungalow: Detached,580,450,225,225,130,72,58
S01012411,Whole house or bungalow: Semi-detached,262,82,30,52,180,178,2
S01012411,Whole house or bungalow: Terraced (including end-terrace),102,20,2,18,82,79,3
S01012411,Flat maisonette or apartment or mobile/temporary accommodation,13,2,1,1,11,10,1
S01012412,All people in households,643,434,263,171,209,144,65
S01012412,Whole house or bungalow: Total,632,429,258,171,203,138,65
S01012412,Whole house or bungalow: Detached,488,381,233,148,107,50,57
S01012412,Whole house or bungalow: Semi-detached,136,48,25,23,88,80,8
S01012412,Whole house or bungalow: Terraced (including end-terrace),8,0,0,0,8,8,0
S01012412,Flat maisonette or apartment or mobile/temporary accommodation,11,5,5,0,6,6,0
S01012413,All people in households,960,749,437,312,211,99,112
S01012413,Whole house or bungalow: Total,944,748,436,312,196,89,107
S01012413,Whole house or bungalow: Detached,769,664,381,283,105,5,100
S01012413,Whole house or bungalow: Semi-detached,161,79,50,29,82,76,6
S01012413,Whole house or bungalow: Terraced (including end-terrace),14,5,5,0,9,8,1
S01012413,Flat maisonette or apartment or mobile/temporary accommodation,16,1,1,0,15,10,5
S01012414,All people in households,684,450,284,166,234,177,57
S01012414,Whole house or bungalow: Total,679,447,282,165,232,175,57
S01012414,Whole house or bungalow: Detached,431,375,237,138,56,10,46
S01012414,Whole house or bungalow: Semi-detached,206,68,42,26,138,134,4
S01012414,Whole house or bungalow: Terraced (including end-terrace),42,4,3,1,38,31,7
S01012414,Flat maisonette or apartment or mobile/temporary accommodation,5,3,2,1,2,2,0
S01012415,All people in households,566,479,302,177,87,61,26
S01012415,Whole house or bungalow: Total,564,478,301,177,86,60,26
S01012415,Whole house or bungalow: Detached,424,404,257,147,20,13,7
S01012415,Whole house or bungalow: Semi-detached,127,71,41,30,56,37,19
S01012415,Whole house or bungalow: Terraced (including end-terrace),13,3,3,0,10,10,0
S01012415,Flat maisonette or apartment or mobile/temporary accommodation,2,1,1,0,1,1,0
S01012416,All people in households,559,463,268,195,96,60,36
S01012416,Whole house or bungalow: Total,546,462,267,195,84,59,25
S01012416,Whole house or bungalow: Detached,442,410,230,180,32,11,21
S01012416,Whole house or bungalow: Semi-detached,91,49,34,15,42,38,4
S01012416,Whole house or bungalow: Terraced (including end-terrace),13,3,3,0,10,10,0
S01012416,Flat maisonette or apartment or mobile/temporary accommodation,13,1,1,0,12,1,11
S01012417,All people in households,631,341,214,127,290,136,154
S01012417,Whole house or bungalow: Total,556,303,198,105,253,107,146
S01012417,Whole house or bungalow: Detached,269,161,124,37,108,6,102
S01012417,Whole house or bungalow: Semi-detached,142,72,34,38,70,51,19
S01012417,Whole house or bungalow: Terraced (including end-terrace),145,70,40,30,75,50,25
S01012417,Flat maisonette or apartment or mobile/temporary accommodation,75,38,16,22,37,29,8
S01012418,All people in households,768,528,326,202,240,82,158
S01012418,Whole house or bungalow: Total,751,524,324,200,227,71,156
S01012418,Whole house or bungalow: Detached,427,313,213,100,114,4,110
S01012418,Whole house or bungalow: Semi-detached,192,111,61,50,81,52,29
S01012418,Whole house or bungalow: Terraced (including end-terrace),132,100,50,50,32,15,17
S01012418,Flat maisonette or apartment or mobile/temporary accommodation,17,4,2,2,13,11,2
S01012419,All people in households,769,563,365,198,206,78,128
S01012419,Whole house or bungalow: Total,725,531,344,187,194,66,128
S01012419,Whole house or bungalow: Detached,467,368,268,100,99,1,98
S01012419,Whole house or bungalow: Semi-detached,189,122,53,69,67,41,26
S01012419,Whole house or bungalow: Terraced (including end-terrace),69,41,23,18,28,24,4
S01012419,Flat maisonette or apartment or mobile/temporary accommodation,44,32,21,11,12,12,0
S01012420,All people in households,850,483,226,257,367,254,113
S01012420,Whole house or bungalow: Total,780,453,213,240,327,218,109
S01012420,Whole house or bungalow: Detached,205,126,78,48,79,16,63
S01012420,Whole house or bungalow: Semi-detached,224,121,64,57,103,78,25
S01012420,Whole house or bungalow: Terraced (including end-terrace),351,206,71,135,145,124,21
S01012420,Flat maisonette or apartment or mobile/temporary accommodation,70,30,13,17,40,36,4
S01012421,All people in households,712,430,210,220,282,144,138
S01012421,Whole house or bungalow: Total,657,416,200,216,241,127,114
S01012421,Whole house or bungalow: Detached,279,200,120,80,79,9,70
S01012421,Whole house or bungalow: Semi-detached,247,141,65,76,106,76,30
S01012421,Whole house or bungalow: Terraced (including end-terrace),131,75,15,60,56,42,14
S01012421,Flat maisonette or apartment or mobile/temporary accommodation,55,14,10,4,41,17,24
S01012422,All people in households,863,547,309,238,316,115,201
S01012422,Whole house or bungalow: Total,814,518,295,223,296,110,186
S01012422,Whole house or bungalow: Detached,397,266,156,110,131,7,124
S01012422,Whole house or bungalow: Semi-detached,215,129,67,62,86,49,37
S01012422,Whole house or bungalow: Terraced (including end-terrace),202,123,72,51,79,54,25
S01012422,Flat maisonette or apartment or mobile/temporary accommodation,49,29,14,15,20,5,15
S01012423,All people in households,814,645,287,358,169,85,84
S01012423,Whole house or bungalow: Total,748,613,279,334,135,65,70
S01012423,Whole house or bungalow: Detached,336,283,142,141,53,6,47
S01012423,Whole house or bungalow: Semi-detached,199,152,52,100,47,28,19
S01012423,Whole house or bungalow: Terraced (including end-terrace),213,178,85,93,35,31,4
S01012423,Flat maisonette or apartment or mobile/temporary accommodation,66,32,8,24,34,20,14
S01012424,All people in households,950,630,220,410,320,263,57
S01012424,Whole house or bungalow: Total,870,626,219,407,244,190,54
S01012424,Whole house or bungalow: Detached,246,224,71,153,22,8,14
S01012424,Whole house or bungalow: Semi-detached,258,160,50,110,98,78,20
S01012424,Whole house or bungalow: Terraced (including end-terrace),366,242,98,144,124,104,20
S01012424,Flat maisonette or apartment or mobile/temporary accommodation,80,4,1,3,76,73,3
S01012425,All people in households,626,262,116,146,364,310,54
S01012425,Whole house or bungalow: Total,375,211,96,115,164,128,36
S01012425,Whole house or bungalow: Detached,33,13,2,11,20,2,18
S01012425,Whole house or bungalow: Semi-detached,95,56,32,24,39,37,2
S01012425,Whole house or bungalow: Terraced (including end-terrace),247,142,62,80,105,89,16
S01012425,Flat maisonette or apartment or mobile/temporary accommodation,251,51,20,31,200,182,18
S01012426,All people in households,493,236,94,142,257,216,41
S01012426,Whole house or bungalow: Total,360,230,94,136,130,96,34
S01012426,Whole house or bungalow: Detached,15,9,7,2,6,3,3
S01012426,Whole house or bungalow: Semi-detached,128,101,38,63,27,23,4
S01012426,Whole house or bungalow: Terraced (including end-terrace),217,120,49,71,97,70,27
S01012426,Flat maisonette or apartment or mobile/temporary accommodation,133,6,0,6,127,120,7
S01012427,All people in households,674,323,118,205,351,309,42
S01012427,Whole house or bungalow: Total,551,317,116,201,234,194,40
S01012427,Whole house or bungalow: Detached,31,19,5,14,12,11,1
S01012427,Whole house or bungalow: Semi-detached,52,40,17,23,12,6,6
S01012427,Whole house or bungalow: Terraced (including end-terrace),468,258,94,164,210,177,33
S01012427,Flat maisonette or apartment or mobile/temporary accommodation,123,6,2,4,117,115,2
S01012428,All people in households,662,466,224,242,196,137,59
S01012428,Whole house or bungalow: Total,646,458,222,236,188,134,54
S01012428,Whole house or bungalow: Detached,168,149,92,57,19,10,9
S01012428,Whole house or bungalow: Semi-detached,85,68,31,37,17,9,8
S01012428,Whole house or bungalow: Terraced (including end-terrace),393,241,99,142,152,115,37
S01012428,Flat maisonette or apartment or mobile/temporary accommodation,16,8,2,6,8,3,5
S01012429,All people in households,558,406,202,204,152,70,82
S01012429,Whole house or bungalow: Total,487,381,184,197,106,41,65
S01012429,Whole house or bungalow: Detached,79,62,36,26,17,6,11
S01012429,Whole house or bungalow: Semi-detached,167,132,66,66,35,15,20
S01012429,Whole house or bungalow: Terraced (including end-terrace),241,187,82,105,54,20,34
S01012429,Flat maisonette or apartment or mobile/temporary accommodation,71,25,18,7,46,29,17
S01012430,All people in households,551,448,211,237,103,28,75
S01012430,Whole house or bungalow: Total,467,395,189,206,72,19,53
S01012430,Whole house or bungalow: Detached,92,87,45,42,5,3,2
S01012430,Whole house or bungalow: Semi-detached,77,62,32,30,15,4,11
S01012430,Whole house or bungalow: Terraced (including end-terrace),298,246,112,134,52,12,40
S01012430,Flat maisonette or apartment or mobile/temporary accommodation,84,53,22,31,31,9,22
S01012431,All people in households,899,665,351,314,234,103,131
S01012431,Whole house or bungalow: Total,683,558,299,259,125,38,87
S01012431,Whole house or bungalow: Detached,98,75,44,31,23,1,22
S01012431,Whole house or bungalow: Semi-detached,185,155,94,61,30,15,15
S01012431,Whole house or bungalow: Terraced (including end-terrace),400,328,161,167,72,22,50
S01012431,Flat maisonette or apartment or mobile/temporary accommodation,216,107,52,55,109,65,44
S01012432,All people in households,712,510,260,250,202,173,29
S01012432,Whole house or bungalow: Total,546,453,245,208,93,82,11
S01012432,Whole house or bungalow: Detached,258,245,153,92,13,9,4
S01012432,Whole house or bungalow: Semi-detached,178,137,68,69,41,37,4
S01012432,Whole house or bungalow: Terraced (including end-terrace),110,71,24,47,39,36,3
S01012432,Flat maisonette or apartment or mobile/temporary accommodation,166,57,15,42,109,91,18
S01012433,All people in households,501,339,158,181,162,99,63
S01012433,Whole house or bungalow: Total,340,273,136,137,67,29,38
S01012433,Whole house or bungalow: Detached,40,33,19,14,7,0,7
S01012433,Whole house or bungalow: Semi-detached,64,50,20,30,14,12,2
S01012433,Whole house or bungalow: Terraced (including end-terrace),236,190,97,93,46,17,29
S01012433,Flat maisonette or apartment or mobile/temporary accommodation,161,66,22,44,95,70,25
S01012434,All people in households,709,424,147,277,285,183,102
S01012434,Whole house or bungalow: Total,325,240,73,167,85,62,23
S01012434,Whole house or bungalow: Detached,58,30,24,6,28,20,8
S01012434,Whole house or bungalow: Semi-detached,145,120,32,88,25,24,1
S01012434,Whole house or bungalow: Terraced (including end-terrace),122,90,17,73,32,18,14
S01012434,Flat maisonette or apartment or mobile/temporary accommodation,384,184,74,110,200,121,79
S01012435,All people in households,637,330,116,214,307,252,55
S01012435,Whole house or bungalow: Total,423,246,90,156,177,161,16
S01012435,Whole house or bungalow: Detached,42,37,18,19,5,5,0
S01012435,Whole house or bungalow: Semi-detached,89,50,17,33,39,29,10
S01012435,Whole house or bungalow: Terraced (including end-terrace),292,159,55,104,133,127,6
S01012435,Flat maisonette or apartment or mobile/temporary accommodation,214,84,26,58,130,91,39
S01012436,All people in households,748,372,166,206,376,287,89
S01012436,Whole house or bungalow: Total,578,349,160,189,229,173,56
S01012436,Whole house or bungalow: Detached,73,52,26,26,21,11,10
S01012436,Whole house or bungalow: Semi-detached,199,143,54,89,56,34,22
S01012436,Whole house or bungalow: Terraced (including end-terrace),306,154,80,74,152,128,24
S01012436,Flat maisonette or apartment or mobile/temporary accommodation,170,23,6,17,147,114,33
S01012437,All people in households,733,485,208,277,248,199,49
S01012437,Whole house or bungalow: Total,612,437,195,242,175,137,38
S01012437,Whole house or bungalow: Detached,97,87,48,39,10,1,9
S01012437,Whole house or bungalow: Semi-detached,327,225,106,119,102,89,13
S01012437,Whole house or bungalow: Terraced (including end-terrace),188,125,41,84,63,47,16
S01012437,Flat maisonette or apartment or mobile/temporary accommodation,121,48,13,35,73,62,11
S01012438,All people in households,693,479,141,338,214,173,41
S01012438,Whole house or bungalow: Total,677,466,139,327,211,170,41
S01012438,Whole house or bungalow: Detached,266,233,89,144,33,9,24
S01012438,Whole house or bungalow: Semi-detached,202,176,33,143,26,15,11
S01012438,Whole house or bungalow: Terraced (including end-terrace),209,57,17,40,152,146,6
S01012438,Flat maisonette or apartment or mobile/temporary accommodation,16,13,2,11,3,3,0
S01012439,All people in households,765,469,204,265,296,197,99
S01012439,Whole house or bungalow: Total,571,424,188,236,147,86,61
S01012439,Whole house or bungalow: Detached,201,186,95,91,15,8,7
S01012439,Whole house or bungalow: Semi-detached,206,127,59,68,79,36,43
S01012439,Whole house or bungalow: Terraced (including end-terrace),164,111,34,77,53,42,11
S01012439,Flat maisonette or apartment or mobile/temporary accommodation,194,45,16,29,149,111,38
S01012440,All people in households,524,477,189,288,47,15,32
S01012440,Whole house or bungalow: Total,493,464,184,280,29,4,25
S01012440,Whole house or bungalow: Detached,350,330,142,188,20,0,20
S01012440,Whole house or bungalow: Semi-detached,79,76,22,54,3,0,3
S01012440,Whole house or bungalow: Terraced (including end-terrace),64,58,20,38,6,4,2
S01012440,Flat maisonette or apartment or mobile/temporary accommodation,31,13,5,8,18,11,7
S01012441,All people in households,890,668,323,345,222,137,85
S01012441,Whole house or bungalow: Total,843,657,316,341,186,115,71
S01012441,Whole house or bungalow: Detached,425,372,196,176,53,6,47
S01012441,Whole house or bungalow: Semi-detached,226,170,68,102,56,41,15
S01012441,Whole house or bungalow: Terraced (including end-terrace),192,115,52,63,77,68,9
S01012441,Flat maisonette or apartment or mobile/temporary accommodation,47,11,7,4,36,22,14
S01012442,All people in households,964,716,269,447,248,123,125
S01012442,Whole house or bungalow: Total,914,692,259,433,222,99,123
S01012442,Whole house or bungalow: Detached,500,423,186,237,77,5,72
S01012442,Whole house or bungalow: Semi-detached,294,197,50,147,97,53,44
S01012442,Whole house or bungalow: Terraced (including end-terrace),120,72,23,49,48,41,7
S01012442,Flat maisonette or apartment or mobile/temporary accommodation,50,24,10,14,26,24,2
S01012443,All people in households,746,556,211,345,190,84,106
S01012443,Whole house or bungalow: Total,724,549,209,340,175,80,95
S01012443,Whole house or bungalow: Detached,388,313,134,179,75,3,72
S01012443,Whole house or bungalow: Semi-detached,212,137,52,85,75,53,22
S01012443,Whole house or bungalow: Terraced (including end-terrace),124,99,23,76,25,24,1
S01012443,Flat maisonette or apartment or mobile/temporary accommodation,22,7,2,5,15,4,11
S01012444,All people in households,686,591,296,295,95,53,42
S01012444,Whole house or bungalow: Total,657,579,290,289,78,45,33
S01012444,Whole house or bungalow: Detached,553,532,274,258,21,5,16
S01012444,Whole house or bungalow: Semi-detached,79,32,12,20,47,30,17
S01012444,Whole house or bungalow: Terraced (including end-terrace),25,15,4,11,10,10,0
S01012444,Flat maisonette or apartment or mobile/temporary accommodation,29,12,6,6,17,8,9
S01012445,All people in households,548,474,123,351,74,49,25
S01012445,Whole house or bungalow: Total,534,466,123,343,68,49,19
S01012445,Whole house or bungalow: Detached,450,422,121,301,28,9,19
S01012445,Whole house or bungalow: Semi-detached,61,25,0,25,36,36,0
S01012445,Whole house or bungalow: Terraced (including end-terrace),23,19,2,17,4,4,0
S01012445,Flat maisonette or apartment or mobile/temporary accommodation,14,8,0,8,6,0,6
S01012446,All people in households,491,299,119,180,192,135,57
S01012446,Whole house or bungalow: Total,343,236,102,134,107,72,35
S01012446,Whole house or bungalow: Detached,121,95,54,41,26,9,17
S01012446,Whole house or bungalow: Semi-detached,141,104,37,67,37,28,9
S01012446,Whole house or bungalow: Terraced (including end-terrace),81,37,11,26,44,35,9
S01012446,Flat maisonette or apartment or mobile/temporary accommodation,148,63,17,46,85,63,22
S01012447,All people in households,860,794,311,483,66,20,46
S01012447,Whole house or bungalow: Total,817,764,304,460,53,12,41
S01012447,Whole house or bungalow: Detached,545,511,229,282,34,3,31
S01012447,Whole house or bungalow: Semi-detached,241,228,68,160,13,4,9
S01012447,Whole house or bungalow: Terraced (including end-terrace),31,25,7,18,6,5,1
S01012447,Flat maisonette or apartment or mobile/temporary accommodation,43,30,7,23,13,8,5
S01012448,All people in households,925,785,250,535,140,81,59
S01012448,Whole house or bungalow: Total,897,770,244,526,127,76,51
S01012448,Whole house or bungalow: Detached,729,686,220,466,43,4,39
S01012448,Whole house or bungalow: Semi-detached,94,46,15,31,48,38,10
S01012448,Whole house or bungalow: Terraced (including end-terrace),74,38,9,29,36,34,2
S01012448,Flat maisonette or apartment or mobile/temporary accommodation,28,15,6,9,13,5,8
S01012449,All people in households,571,478,167,311,93,47,46
S01012449,Whole house or bungalow: Total,532,448,165,283,84,47,37
S01012449,Whole house or bungalow: Detached,132,123,54,69,9,1,8
S01012449,Whole house or bungalow: Semi-detached,211,170,51,119,41,17,24
S01012449,Whole house or bungalow: Terraced (including end-terrace),189,155,60,95,34,29,5
S01012449,Flat maisonette or apartment or mobile/temporary accommodation,39,30,2,28,9,0,9
S01012450,All people in households,830,697,334,363,133,41,92
S01012450,Whole house or bungalow: Total,782,669,318,351,113,30,83
S01012450,Whole house or bungalow: Detached,484,426,234,192,58,10,48
S01012450,Whole house or bungalow: Semi-detached,207,170,63,107,37,15,22
S01012450,Whole house or bungalow: Terraced (including end-terrace),91,73,21,52,18,5,13
S01012450,Flat maisonette or apartment or mobile/temporary accommodation,48,28,16,12,20,11,9
S01012451,All people in households,868,801,458,343,67,13,54
S01012451,Whole house or bungalow: Total,819,761,428,333,58,10,48
S01012451,Whole house or bungalow: Detached,764,713,410,303,51,8,43
S01012451,Whole house or bungalow: Semi-detached,28,22,12,10,6,2,4
S01012451,Whole house or bungalow: Terraced (including end-terrace),27,26,6,20,1,0,1
S01012451,Flat maisonette or apartment or mobile/temporary accommodation,49,40,30,10,9,3,6
S01012452,All people in households,589,535,226,309,54,15,39
S01012452,Whole house or bungalow: Total,577,530,225,305,47,8,39
S01012452,Whole house or bungalow: Detached,285,273,121,152,12,0,12
S01012452,Whole house or bungalow: Semi-detached,283,253,104,149,30,3,27
S01012452,Whole house or bungalow: Terraced (including end-terrace),9,4,0,4,5,5,0
S01012452,Flat maisonette or apartment or mobile/temporary accommodation,12,5,1,4,7,7,0
S01012453,All people in households,821,778,364,414,43,6,37
S01012453,Whole house or bungalow: Total,812,772,360,412,40,4,36
S01012453,Whole house or bungalow: Detached,748,718,330,388,30,0,30
S01012453,Whole house or bungalow: Semi-detached,57,49,25,24,8,2,6
S01012453,Whole house or bungalow: Terraced (including end-terrace),7,5,5,0,2,2,0
S01012453,Flat maisonette or apartment or mobile/temporary accommodation,9,6,4,2,3,2,1
S01012454,All people in households,662,639,336,303,23,6,17
S01012454,Whole house or bungalow: Total,657,634,336,298,23,6,17
S01012454,Whole house or bungalow: Detached,546,533,275,258,13,0,13
S01012454,Whole house or bungalow: Semi-detached,101,96,59,37,5,1,4
S01012454,Whole house or bungalow: Terraced (including end-terrace),10,5,2,3,5,5,0
S01012454,Flat maisonette or apartment or mobile/temporary accommodation,5,5,0,5,0,0,0
S01012455,All people in households,612,563,321,242,49,0,49
S01012455,Whole house or bungalow: Total,592,551,317,234,41,0,41
S01012455,Whole house or bungalow: Detached,553,515,303,212,38,0,38
S01012455,Whole house or bungalow: Semi-detached,17,16,8,8,1,0,1
S01012455,Whole house or bungalow: Terraced (including end-terrace),22,20,6,14,2,0,2
S01012455,Flat maisonette or apartment or mobile/temporary accommodation,20,12,4,8,8,0,8
S01012456,All people in households,751,679,355,324,72,10,62
S01012456,Whole house or bungalow: Total,738,674,353,321,64,5,59
S01012456,Whole house or bungalow: Detached,703,653,350,303,50,0,50
S01012456,Whole house or bungalow: Semi-detached,27,14,3,11,13,4,9
S01012456,Whole house or bungalow: Terraced (including end-terrace),8,7,0,7,1,1,0
S01012456,Flat maisonette or apartment or mobile/temporary accommodation,13,5,2,3,8,5,3
S01012457,All people in households,840,797,487,310,43,16,27
S01012457,Whole house or bungalow: Total,836,797,487,310,39,12,27
S01012457,Whole house or bungalow: Detached,795,774,477,297,21,3,18
S01012457,Whole house or bungalow: Semi-detached,33,20,10,10,13,4,9
S01012457,Whole house or bungalow: Terraced (including end-terrace),8,3,0,3,5,5,0
S01012457,Flat maisonette or apartment or mobile/temporary accommodation,4,0,0,0,4,4,0
S01012458,All people in households,813,737,378,359,76,19,57
S01012458,Whole house or bungalow: Total,790,731,374,357,59,19,40
S01012458,Whole house or bungalow: Detached,676,641,325,316,35,1,34
S01012458,Whole house or bungalow: Semi-detached,69,60,31,29,9,4,5
S01012458,Whole house or bungalow: Terraced (including end-terrace),45,30,18,12,15,14,1
S01012458,Flat maisonette or apartment or mobile/temporary accommodation,23,6,4,2,17,0,17
S01012459,All people in households,735,643,233,410,92,22,70
S01012459,Whole house or bungalow: Total,728,643,233,410,85,22,63
S01012459,Whole house or bungalow: Detached,456,423,166,257,33,0,33
S01012459,Whole house or bungalow: Semi-detached,206,167,56,111,39,13,26
S01012459,Whole house or bungalow: Terraced (including end-terrace),66,53,11,42,13,9,4
S01012459,Flat maisonette or apartment or mobile/temporary accommodation,7,0,0,0,7,0,7
S01012460,All people in households,546,512,284,228,34,3,31
S01012460,Whole house or bungalow: Total,543,511,283,228,32,3,29
S01012460,Whole house or bungalow: Detached,473,453,268,185,20,1,19
S01012460,Whole house or bungalow: Semi-detached,49,43,9,34,6,2,4
S01012460,Whole house or bungalow: Terraced (including end-terrace),21,15,6,9,6,0,6
S01012460,Flat maisonette or apartment or mobile/temporary accommodation,3,1,1,0,2,0,2
S01012461,All people in households,545,400,131,269,145,83,62
S01012461,Whole house or bungalow: Total,466,369,128,241,97,46,51
S01012461,Whole house or bungalow: Detached,128,119,29,90,9,0,9
S01012461,Whole house or bungalow: Semi-detached,85,67,27,40,18,5,13
S01012461,Whole house or bungalow: Terraced (including end-terrace),253,183,72,111,70,41,29
S01012461,Flat maisonette or apartment or mobile/temporary accommodation,79,31,3,28,48,37,11
S01012462,All people in households,757,448,156,292,309,193,116
S01012462,Whole house or bungalow: Total,649,416,149,267,233,136,97
S01012462,Whole house or bungalow: Detached,44,22,5,17,22,13,9
S01012462,Whole house or bungalow: Semi-detached,181,110,35,75,71,48,23
S01012462,Whole house or bungalow: Terraced (including end-terrace),424,284,109,175,140,75,65
S01012462,Flat maisonette or apartment or mobile/temporary accommodation,108,32,7,25,76,57,19
S01012463,All people in households,578,356,97,259,222,160,62
S01012463,Whole house or bungalow: Total,503,340,92,248,163,109,54
S01012463,Whole house or bungalow: Detached,57,50,28,22,7,1,6
S01012463,Whole house or bungalow: Semi-detached,87,38,10,28,49,32,17
S01012463,Whole house or bungalow: Terraced (including end-terrace),359,252,54,198,107,76,31
S01012463,Flat maisonette or apartment or mobile/temporary accommodation,75,16,5,11,59,51,8
S01012464,All people in households,625,335,54,281,290,246,44
S01012464,Whole house or bungalow: Total,538,306,48,258,232,193,39
S01012464,Whole house or bungalow: Detached,39,26,1,25,13,13,0
S01012464,Whole house or bungalow: Semi-detached,53,29,6,23,24,18,6
S01012464,Whole house or bungalow: Terraced (including end-terrace),446,251,41,210,195,162,33
S01012464,Flat maisonette or apartment or mobile/temporary accommodation,87,29,6,23,58,53,5
S01012465,All people in households,701,441,110,331,260,184,76
S01012465,Whole house or bungalow: Total,688,434,110,324,254,179,75
S01012465,Whole house or bungalow: Detached,42,27,13,14,15,11,4
S01012465,Whole house or bungalow: Semi-detached,69,38,10,28,31,24,7
S01012465,Whole house or bungalow: Terraced (including end-terrace),577,369,87,282,208,144,64
S01012465,Flat maisonette or apartment or mobile/temporary accommodation,13,7,0,7,6,5,1
S01012466,All people in households,782,583,261,322,199,107,92
S01012466,Whole house or bungalow: Total,661,537,238,299,124,90,34
S01012466,Whole house or bungalow: Detached,212,198,103,95,14,9,5
S01012466,Whole house or bungalow: Semi-detached,412,322,133,189,90,68,22
S01012466,Whole house or bungalow: Terraced (including end-terrace),37,17,2,15,20,13,7
S01012466,Flat maisonette or apartment or mobile/temporary accommodation,121,46,23,23,75,17,58
S01012467,All people in households,699,510,211,299,189,95,94
S01012467,Whole house or bungalow: Total,681,497,202,295,184,95,89
S01012467,Whole house or bungalow: Detached,120,108,44,64,12,0,12
S01012467,Whole house or bungalow: Semi-detached,270,175,59,116,95,45,50
S01012467,Whole house or bungalow: Terraced (including end-terrace),291,214,99,115,77,50,27
S01012467,Flat maisonette or apartment or mobile/temporary accommodation,18,13,9,4,5,0,5
S01012468,All people in households,757,604,226,378,153,101,52
S01012468,Whole house or bungalow: Total,732,587,222,365,145,97,48
S01012468,Whole house or bungalow: Detached,65,63,32,31,2,0,2
S01012468,Whole house or bungalow: Semi-detached,407,311,93,218,96,66,30
S01012468,Whole house or bungalow: Terraced (including end-terrace),260,213,97,116,47,31,16
S01012468,Flat maisonette or apartment or mobile/temporary accommodation,25,17,4,13,8,4,4
S01012469,All people in households,769,738,344,394,31,3,28
S01012469,Whole house or bungalow: Total,681,661,312,349,20,0,20
S01012469,Whole house or bungalow: Detached,260,254,128,126,6,0,6
S01012469,Whole house or bungalow: Semi-detached,387,373,161,212,14,0,14
S01012469,Whole house or bungalow: Terraced (including end-terrace),34,34,23,11,0,0,0
S01012469,Flat maisonette or apartment or mobile/temporary accommodation,88,77,32,45,11,3,8
S01012470,All people in households,962,682,311,371,280,165,115
S01012470,Whole house or bungalow: Total,778,617,280,337,161,85,76
S01012470,Whole house or bungalow: Detached,268,245,137,108,23,3,20
S01012470,Whole house or bungalow: Semi-detached,198,157,67,90,41,22,19
S01012470,Whole house or bungalow: Terraced (including end-terrace),312,215,76,139,97,60,37
S01012470,Flat maisonette or apartment or mobile/temporary accommodation,184,65,31,34,119,80,39
S01012471,All people in households,805,740,409,331,65,6,59
S01012471,Whole house or bungalow: Total,751,700,382,318,51,4,47
S01012471,Whole house or bungalow: Detached,605,583,334,249,22,0,22
S01012471,Whole house or bungalow: Semi-detached,105,88,42,46,17,2,15
S01012471,Whole house or bungalow: Terraced (including end-terrace),41,29,6,23,12,2,10
S01012471,Flat maisonette or apartment or mobile/temporary accommodation,54,40,27,13,14,2,12
S01012472,All people in households,719,667,350,317,52,14,38
S01012472,Whole house or bungalow: Total,713,666,349,317,47,9,38
S01012472,Whole house or bungalow: Detached,484,453,247,206,31,0,31
S01012472,Whole house or bungalow: Semi-detached,213,209,100,109,4,1,3
S01012472,Whole house or bungalow: Terraced (including end-terrace),16,4,2,2,12,8,4
S01012472,Flat maisonette or apartment or mobile/temporary accommodation,6,1,1,0,5,5,0
S01012473,All people in households,554,496,214,282,58,9,49
S01012473,Whole house or bungalow: Total,545,496,214,282,49,8,41
S01012473,Whole house or bungalow: Detached,442,415,196,219,27,0,27
S01012473,Whole house or bungalow: Semi-detached,81,70,18,52,11,3,8
S01012473,Whole house or bungalow: Terraced (including end-terrace),22,11,0,11,11,5,6
S01012473,Flat maisonette or apartment or mobile/temporary accommodation,9,0,0,0,9,1,8
S01012474,All people in households,714,508,226,282,206,148,58
S01012474,Whole house or bungalow: Total,590,481,219,262,109,66,43
S01012474,Whole house or bungalow: Detached,229,216,143,73,13,2,11
S01012474,Whole house or bungalow: Semi-detached,286,217,66,151,69,42,27
S01012474,Whole house or bungalow: Terraced (including end-terrace),75,48,10,38,27,22,5
S01012474,Flat maisonette or apartment or mobile/temporary accommodation,124,27,7,20,97,82,15
S01012475,All people in households,630,526,283,243,104,25,79
S01012475,Whole house or bungalow: Total,543,498,264,234,45,24,21
S01012475,Whole house or bungalow: Detached,388,377,222,155,11,0,11
S01012475,Whole house or bungalow: Semi-detached,85,76,27,49,9,8,1
S01012475,Whole house or bungalow: Terraced (including end-terrace),70,45,15,30,25,16,9
S01012475,Flat maisonette or apartment or mobile/temporary accommodation,87,28,19,9,59,1,58
S01012476,All people in households,941,672,254,418,269,152,117
S01012476,Whole house or bungalow: Total,921,663,250,413,258,149,109
S01012476,Whole house or bungalow: Detached,123,106,64,42,17,3,14
S01012476,Whole house or bungalow: Semi-detached,359,274,102,172,85,51,34
S01012476,Whole house or bungalow: Terraced (including end-terrace),439,283,84,199,156,95,61
S01012476,Flat maisonette or apartment or mobile/temporary accommodation,20,9,4,5,11,3,8
S01012477,All people in households,674,632,270,362,42,12,30
S01012477,Whole house or bungalow: Total,666,624,265,359,42,12,30
S01012477,Whole house or bungalow: Detached,241,240,130,110,1,0,1
S01012477,Whole house or bungalow: Semi-detached,413,376,131,245,37,8,29
S01012477,Whole house or bungalow: Terraced (including end-terrace),12,8,4,4,4,4,0
S01012477,Flat maisonette or apartment or mobile/temporary accommodation,8,8,5,3,0,0,0
S01012478,All people in households,840,591,204,387,249,144,105
S01012478,Whole house or bungalow: Total,831,586,201,385,245,142,103
S01012478,Whole house or bungalow: Detached,42,40,10,30,2,0,2
S01012478,Whole house or bungalow: Semi-detached,461,330,108,222,131,64,67
S01012478,Whole house or bungalow: Terraced (including end-terrace),328,216,83,133,112,78,34
S01012478,Flat maisonette or apartment or mobile/temporary accommodation,9,5,3,2,4,2,2
S01012479,All people in households,688,639,201,438,49,12,37
S01012479,Whole house or bungalow: Total,683,639,201,438,44,9,35
S01012479,Whole house or bungalow: Detached,320,302,83,219,18,0,18
S01012479,Whole house or bungalow: Semi-detached,339,320,116,204,19,2,17
S01012479,Whole house or bungalow: Terraced (including end-terrace),24,17,2,15,7,7,0
S01012479,Flat maisonette or apartment or mobile/temporary accommodation,5,0,0,0,5,3,2
S01012480,All people in households,515,203,77,126,312,104,208
S01012480,Whole house or bungalow: Total,59,33,12,21,26,18,8
S01012480,Whole house or bungalow: Detached,20,20,5,15,0,0,0
S01012480,Whole house or bungalow: Semi-detached,21,8,5,3,13,13,0
S01012480,Whole house or bungalow: Terraced (including end-terrace),18,5,2,3,13,5,8
S01012480,Flat maisonette or apartment or mobile/temporary accommodation,456,170,65,105,286,86,200
S01012481,All people in households,775,449,166,283,326,44,282
S01012481,Whole house or bungalow: Total,281,241,88,153,40,10,30
S01012481,Whole house or bungalow: Detached,63,56,19,37,7,0,7
S01012481,Whole house or bungalow: Semi-detached,78,70,29,41,8,0,8
S01012481,Whole house or bungalow: Terraced (including end-terrace),140,115,40,75,25,10,15
S01012481,Flat maisonette or apartment or mobile/temporary accommodation,494,208,78,130,286,34,252
S01012482,All people in households,762,580,338,242,182,8,174
S01012482,Whole house or bungalow: Total,308,270,119,151,38,2,36
S01012482,Whole house or bungalow: Detached,36,31,18,13,5,0,5
S01012482,Whole house or bungalow: Semi-detached,86,78,42,36,8,0,8
S01012482,Whole house or bungalow: Terraced (including end-terrace),186,161,59,102,25,2,23
S01012482,Flat maisonette or apartment or mobile/temporary accommodation,454,310,219,91,144,6,138
S01012483,All people in households,881,398,221,177,483,208,275
S01012483,Whole house or bungalow: Total,214,201,113,88,13,7,6
S01012483,Whole house or bungalow: Detached,53,50,45,5,3,0,3
S01012483,Whole house or bungalow: Semi-detached,146,137,63,74,9,6,3
S01012483,Whole house or bungalow: Terraced (including end-terrace),15,14,5,9,1,1,0
S01012483,Flat maisonette or apartment or mobile/temporary accommodation,667,197,108,89,470,201,269
S01012484,All people in households,780,633,241,392,147,43,104
S01012484,Whole house or bungalow: Total,521,471,159,312,50,10,40
S01012484,Whole house or bungalow: Detached,94,94,46,48,0,0,0
S01012484,Whole house or bungalow: Semi-detached,206,182,51,131,24,9,15
S01012484,Whole house or bungalow: Terraced (including end-terrace),221,195,62,133,26,1,25
S01012484,Flat maisonette or apartment or mobile/temporary accommodation,259,162,82,80,97,33,64
S01012485,All people in households,790,645,331,314,145,2,143
S01012485,Whole house or bungalow: Total,553,505,245,260,48,0,48
S01012485,Whole house or bungalow: Detached,231,212,117,95,19,0,19
S01012485,Whole house or bungalow: Semi-detached,246,224,107,117,22,0,22
S01012485,Whole house or bungalow: Terraced (including end-terrace),76,69,21,48,7,0,7
S01012485,Flat maisonette or apartment or mobile/temporary accommodation,237,140,86,54,97,2,95
S01012486,All people in households,532,493,294,199,39,5,34
S01012486,Whole house or bungalow: Total,392,369,211,158,23,3,20
S01012486,Whole house or bungalow: Detached,231,219,134,85,12,0,12
S01012486,Whole house or bungalow: Semi-detached,136,129,64,65,7,0,7
S01012486,Whole house or bungalow: Terraced (including end-terrace),25,21,13,8,4,3,1
S01012486,Flat maisonette or apartment or mobile/temporary accommodation,140,124,83,41,16,2,14
S01012487,All people in households,612,401,147,254,211,127,84
S01012487,Whole house or bungalow: Total,283,236,92,144,47,16,31
S01012487,Whole house or bungalow: Detached,18,15,4,11,3,0,3
S01012487,Whole house or bungalow: Semi-detached,132,110,36,74,22,3,19
S01012487,Whole house or bungalow: Terraced (including end-terrace),133,111,52,59,22,13,9
S01012487,Flat maisonette or apartment or mobile/temporary accommodation,329,165,55,110,164,111,53
S01012488,All people in households,903,640,264,376,263,148,115
S01012488,Whole house or bungalow: Total,645,545,233,312,100,49,51
S01012488,Whole house or bungalow: Detached,57,45,17,28,12,4,8
S01012488,Whole house or bungalow: Semi-detached,194,171,73,98,23,12,11
S01012488,Whole house or bungalow: Terraced (including end-terrace),394,329,143,186,65,33,32
S01012488,Flat maisonette or apartment or mobile/temporary accommodation,258,95,31,64,163,99,64
S01012489,All people in households,1023,296,93,203,727,529,198
S01012489,Whole house or bungalow: Total,147,98,43,55,49,20,29
S01012489,Whole house or bungalow: Detached,28,24,12,12,4,1,3
S01012489,Whole house or bungalow: Semi-detached,48,30,11,19,18,7,11
S01012489,Whole house or bungalow: Terraced (including end-terrace),71,44,20,24,27,12,15
S01012489,Flat maisonette or apartment or mobile/temporary accommodation,876,198,50,148,678,509,169
S01012490,All people in households,978,310,101,209,668,342,326
S01012490,Whole house or bungalow: Total,138,87,19,68,51,24,27
S01012490,Whole house or bungalow: Detached,32,27,13,14,5,0,5
S01012490,Whole house or bungalow: Semi-detached,42,26,3,23,16,16,0
S01012490,Whole house or bungalow: Terraced (including end-terrace),64,34,3,31,30,8,22
S01012490,Flat maisonette or apartment or mobile/temporary accommodation,840,223,82,141,617,318,299
S01012491,All people in households,440,130,40,90,310,231,79
S01012491,Whole house or bungalow: Total,66,48,16,32,18,6,12
S01012491,Whole house or bungalow: Detached,14,10,7,3,4,0,4
S01012491,Whole house or bungalow: Semi-detached,36,31,7,24,5,0,5
S01012491,Whole house or bungalow: Terraced (including end-terrace),16,7,2,5,9,6,3
S01012491,Flat maisonette or apartment or mobile/temporary accommodation,374,82,24,58,292,225,67
S01012492,All people in households,772,224,87,137,548,355,193
S01012492,Whole house or bungalow: Total,117,50,11,39,67,41,26
S01012492,Whole house or bungalow: Detached,23,21,8,13,2,2,0
S01012492,Whole house or bungalow: Semi-detached,37,13,1,12,24,13,11
S01012492,Whole house or bungalow: Terraced (including end-terrace),57,16,2,14,41,26,15
S01012492,Flat maisonette or apartment or mobile/temporary accommodation,655,174,76,98,481,314,167
S01012493,All people in households,651,319,141,178,332,300,32
S01012493,Whole house or bungalow: Total,315,285,128,157,30,14,16
S01012493,Whole house or bungalow: Detached,56,54,33,21,2,0,2
S01012493,Whole house or bungalow: Semi-detached,197,173,70,103,24,10,14
S01012493,Whole house or bungalow: Terraced (including end-terrace),62,58,25,33,4,4,0
S01012493,Flat maisonette or apartment or mobile/temporary accommodation,336,34,13,21,302,286,16
S01012494,All people in households,861,602,181,421,259,153,106
S01012494,Whole house or bungalow: Total,838,592,176,416,246,141,105
S01012494,Whole house or bungalow: Detached,8,4,0,4,4,0,4
S01012494,Whole house or bungalow: Semi-detached,376,256,85,171,120,71,49
S01012494,Whole house or bungalow: Terraced (including end-terrace),454,332,91,241,122,70,52
S01012494,Flat maisonette or apartment or mobile/temporary accommodation,23,10,5,5,13,12,1
S01012495,All people in households,1024,564,192,372,460,307,153
S01012495,Whole house or bungalow: Total,837,521,172,349,316,207,109
S01012495,Whole house or bungalow: Detached,16,8,4,4,8,2,6
S01012495,Whole house or bungalow: Semi-detached,489,317,116,201,172,118,54
S01012495,Whole house or bungalow: Terraced (including end-terrace),332,196,52,144,136,87,49
S01012495,Flat maisonette or apartment or mobile/temporary accommodation,187,43,20,23,144,100,44
S01012496,All people in households,765,403,153,250,362,315,47
S01012496,Whole house or bungalow: Total,743,394,150,244,349,312,37
S01012496,Whole house or bungalow: Detached,75,55,40,15,20,15,5
S01012496,Whole house or bungalow: Semi-detached,459,253,90,163,206,177,29
S01012496,Whole house or bungalow: Terraced (including end-terrace),209,86,20,66,123,120,3
S01012496,Flat maisonette or apartment or mobile/temporary accommodation,22,9,3,6,13,3,10
S01012497,All people in households,487,252,101,151,235,198,37
S01012497,Whole house or bungalow: Total,370,224,85,139,146,116,30
S01012497,Whole house or bungalow: Detached,14,7,4,3,7,6,1
S01012497,Whole house or bungalow: Semi-detached,227,135,55,80,92,76,16
S01012497,Whole house or bungalow: Terraced (including end-terrace),129,82,26,56,47,34,13
S01012497,Flat maisonette or apartment or mobile/temporary accommodation,117,28,16,12,89,82,7
S01012498,All people in households,857,247,78,169,610,572,38
S01012498,Whole house or bungalow: Total,648,241,77,164,407,376,31
S01012498,Whole house or bungalow: Detached,55,22,8,14,33,33,0
S01012498,Whole house or bungalow: Semi-detached,431,168,57,111,263,243,20
S01012498,Whole house or bungalow: Terraced (including end-terrace),162,51,12,39,111,100,11
S01012498,Flat maisonette or apartment or mobile/temporary accommodation,209,6,1,5,203,196,7
S01012499,All people in households,700,294,69,225,406,314,92
S01012499,Whole house or bungalow: Total,662,277,69,208,385,301,84
S01012499,Whole house or bungalow: Detached,35,28,4,24,7,7,0
S01012499,Whole house or bungalow: Semi-detached,439,199,56,143,240,189,51
S01012499,Whole house or bungalow: Terraced (including end-terrace),188,50,9,41,138,105,33
S01012499,Flat maisonette or apartment or mobile/temporary accommodation,38,17,0,17,21,13,8
S01012500,All people in households,468,223,81,142,245,190,55
S01012500,Whole house or bungalow: Total,298,202,76,126,96,53,43
S01012500,Whole house or bungalow: Detached,20,14,6,8,6,2,4
S01012500,Whole house or bungalow: Semi-detached,112,73,38,35,39,18,21
S01012500,Whole house or bungalow: Terraced (including end-terrace),166,115,32,83,51,33,18
S01012500,Flat maisonette or apartment or mobile/temporary accommodation,170,21,5,16,149,137,12
S01012501,All people in households,619,128,40,88,491,430,61
S01012501,Whole house or bungalow: Total,128,46,15,31,82,66,16
S01012501,Whole house or bungalow: Detached,15,0,0,0,15,10,5
S01012501,Whole house or bungalow: Semi-detached,77,24,3,21,53,46,7
S01012501,Whole house or bungalow: Terraced (including end-terrace),36,22,12,10,14,10,4
S01012501,Flat maisonette or apartment or mobile/temporary accommodation,491,82,25,57,409,364,45
S01012502,All people in households,832,216,67,149,616,581,35
S01012502,Whole house or bungalow: Total,279,129,40,89,150,137,13
S01012502,Whole house or bungalow: Detached,32,15,0,15,17,13,4
S01012502,Whole house or bungalow: Semi-detached,168,101,36,65,67,58,9
S01012502,Whole house or bungalow: Terraced (including end-terrace),79,13,4,9,66,66,0
S01012502,Flat maisonette or apartment or mobile/temporary accommodation,553,87,27,60,466,444,22
S01012503,All people in households,637,319,117,202,318,278,40
S01012503,Whole house or bungalow: Total,388,277,101,176,111,94,17
S01012503,Whole house or bungalow: Detached,22,13,9,4,9,9,0
S01012503,Whole house or bungalow: Semi-detached,204,144,52,92,60,57,3
S01012503,Whole house or bungalow: Terraced (including end-terrace),162,120,40,80,42,28,14
S01012503,Flat maisonette or apartment or mobile/temporary accommodation,249,42,16,26,207,184,23
S01012504,All people in households,636,294,118,176,342,298,44
S01012504,Whole house or bungalow: Total,455,227,101,126,228,219,9
S01012504,Whole house or bungalow: Detached,73,40,30,10,33,33,0
S01012504,Whole house or bungalow: Semi-detached,230,110,45,65,120,113,7
S01012504,Whole house or bungalow: Terraced (including end-terrace),152,77,26,51,75,73,2
S01012504,Flat maisonette or apartment or mobile/temporary accommodation,181,67,17,50,114,79,35
S01012505,All people in households,1014,599,243,356,415,334,81
S01012505,Whole house or bungalow: Total,476,409,195,214,67,38,29
S01012505,Whole house or bungalow: Detached,46,44,23,21,2,1,1
S01012505,Whole house or bungalow: Semi-detached,328,279,133,146,49,28,21
S01012505,Whole house or bungalow: Terraced (including end-terrace),102,86,39,47,16,9,7
S01012505,Flat maisonette or apartment or mobile/temporary accommodation,538,190,48,142,348,296,52
S01012506,All people in households,478,372,173,199,106,53,53
S01012506,Whole house or bungalow: Total,373,327,160,167,46,20,26
S01012506,Whole house or bungalow: Detached,192,179,91,88,13,1,12
S01012506,Whole house or bungalow: Semi-detached,110,100,46,54,10,6,4
S01012506,Whole house or bungalow: Terraced (including end-terrace),71,48,23,25,23,13,10
S01012506,Flat maisonette or apartment or mobile/temporary accommodation,105,45,13,32,60,33,27
S01012507,All people in households,946,664,240,424,282,156,126
S01012507,Whole house or bungalow: Total,449,399,162,237,50,31,19
S01012507,Whole house or bungalow: Detached,47,40,34,6,7,7,0
S01012507,Whole house or bungalow: Semi-detached,259,222,87,135,37,22,15
S01012507,Whole house or bungalow: Terraced (including end-terrace),143,137,41,96,6,2,4
S01012507,Flat maisonette or apartment or mobile/temporary accommodation,497,265,78,187,232,125,107
S01012508,All people in households,762,561,177,384,201,132,69
S01012508,Whole house or bungalow: Total,504,435,131,304,69,46,23
S01012508,Whole house or bungalow: Detached,123,119,32,87,4,4,0
S01012508,Whole house or bungalow: Semi-detached,297,245,76,169,52,32,20
S01012508,Whole house or bungalow: Terraced (including end-terrace),84,71,23,48,13,10,3
S01012508,Flat maisonette or apartment or mobile/temporary accommodation,258,126,46,80,132,86,46
S01012509,All people in households,541,474,202,272,67,22,45
S01012509,Whole house or bungalow: Total,442,412,180,232,30,9,21
S01012509,Whole house or bungalow: Detached,52,47,25,22,5,3,2
S01012509,Whole house or bungalow: Semi-detached,244,227,102,125,17,6,11
S01012509,Whole house or bungalow: Terraced (including end-terrace),146,138,53,85,8,0,8
S01012509,Flat maisonette or apartment or mobile/temporary accommodation,99,62,22,40,37,13,24
S01012510,All people in households,877,758,255,503,119,68,51
S01012510,Whole house or bungalow: Total,748,700,234,466,48,8,40
S01012510,Whole house or bungalow: Detached,77,71,25,46,6,5,1
S01012510,Whole house or bungalow: Semi-detached,571,543,187,356,28,0,28
S01012510,Whole house or bungalow: Terraced (including end-terrace),100,86,22,64,14,3,11
S01012510,Flat maisonette or apartment or mobile/temporary accommodation,129,58,21,37,71,60,11
S01012511,All people in households,628,487,181,306,141,77,64
S01012511,Whole house or bungalow: Total,462,410,165,245,52,25,27
S01012511,Whole house or bungalow: Detached,20,19,15,4,1,0,1
S01012511,Whole house or bungalow: Semi-detached,250,229,101,128,21,12,9
S01012511,Whole house or bungalow: Terraced (including end-terrace),192,162,49,113,30,13,17
S01012511,Flat maisonette or apartment or mobile/temporary accommodation,166,77,16,61,89,52,37
S01012512,All people in households,677,436,163,273,241,208,33
S01012512,Whole house or bungalow: Total,425,407,151,256,18,4,14
S01012512,Whole house or bungalow: Detached,150,147,71,76,3,0,3
S01012512,Whole house or bungalow: Semi-detached,261,248,79,169,13,4,9
S01012512,Whole house or bungalow: Terraced (including end-terrace),14,12,1,11,2,0,2
S01012512,Flat maisonette or apartment or mobile/temporary accommodation,252,29,12,17,223,204,19
S01012513,All people in households,550,488,137,351,62,18,44
S01012513,Whole house or bungalow: Total,529,474,134,340,55,16,39
S01012513,Whole house or bungalow: Detached,271,260,79,181,11,0,11
S01012513,Whole house or bungalow: Semi-detached,158,141,38,103,17,4,13
S01012513,Whole house or bungalow: Terraced (including end-terrace),100,73,17,56,27,12,15
S01012513,Flat maisonette or apartment or mobile/temporary accommodation,21,14,3,11,7,2,5
S01012514,All people in households,986,845,120,725,141,44,97
S01012514,Whole house or bungalow: Total,933,826,116,710,107,40,67
S01012514,Whole house or bungalow: Detached,256,248,48,200,8,0,8
S01012514,Whole house or bungalow: Semi-detached,530,484,61,423,46,13,33
S01012514,Whole house or bungalow: Terraced (including end-terrace),147,94,7,87,53,27,26
S01012514,Flat maisonette or apartment or mobile/temporary accommodation,53,19,4,15,34,4,30
S01012515,All people in households,612,317,125,192,295,238,57
S01012515,Whole house or bungalow: Total,467,254,105,149,213,177,36
S01012515,Whole house or bungalow: Detached,62,50,20,30,12,7,5
S01012515,Whole house or bungalow: Semi-detached,168,110,39,71,58,40,18
S01012515,Whole house or bungalow: Terraced (including end-terrace),237,94,46,48,143,130,13
S01012515,Flat maisonette or apartment or mobile/temporary accommodation,145,63,20,43,82,61,21
S01012516,All people in households,668,469,157,312,199,140,59
S01012516,Whole house or bungalow: Total,619,464,155,309,155,109,46
S01012516,Whole house or bungalow: Detached,124,112,31,81,12,2,10
S01012516,Whole house or bungalow: Semi-detached,369,304,110,194,65,40,25
S01012516,Whole house or bungalow: Terraced (including end-terrace),126,48,14,34,78,67,11
S01012516,Flat maisonette or apartment or mobile/temporary accommodation,49,5,2,3,44,31,13
S01012517,All people in households,860,580,177,403,280,166,114
S01012517,Whole house or bungalow: Total,497,404,113,291,93,57,36
S01012517,Whole house or bungalow: Detached,212,203,49,154,9,3,6
S01012517,Whole house or bungalow: Semi-detached,240,191,64,127,49,20,29
S01012517,Whole house or bungalow: Terraced (including end-terrace),45,10,0,10,35,34,1
S01012517,Flat maisonette or apartment or mobile/temporary accommodation,363,176,64,112,187,109,78
S01012518,All people in households,559,459,195,264,100,28,72
S01012518,Whole house or bungalow: Total,464,417,174,243,47,14,33
S01012518,Whole house or bungalow: Detached,123,123,76,47,0,0,0
S01012518,Whole house or bungalow: Semi-detached,194,178,67,111,16,1,15
S01012518,Whole house or bungalow: Terraced (including end-terrace),147,116,31,85,31,13,18
S01012518,Flat maisonette or apartment or mobile/temporary accommodation,95,42,21,21,53,14,39
S01012519,All people in households,516,392,191,201,124,20,104
S01012519,Whole house or bungalow: Total,406,343,172,171,63,16,47
S01012519,Whole house or bungalow: Detached,131,118,69,49,13,3,10
S01012519,Whole house or bungalow: Semi-detached,126,101,54,47,25,5,20
S01012519,Whole house or bungalow: Terraced (including end-terrace),149,124,49,75,25,8,17
S01012519,Flat maisonette or apartment or mobile/temporary accommodation,110,49,19,30,61,4,57
S01012520,All people in households,783,722,373,349,61,19,42
S01012520,Whole house or bungalow: Total,615,587,276,311,28,11,17
S01012520,Whole house or bungalow: Detached,155,147,85,62,8,2,6
S01012520,Whole house or bungalow: Semi-detached,317,306,138,168,11,4,7
S01012520,Whole house or bungalow: Terraced (including end-terrace),143,134,53,81,9,5,4
S01012520,Flat maisonette or apartment or mobile/temporary accommodation,168,135,97,38,33,8,25
S01012521,All people in households,515,394,164,230,121,13,108
S01012521,Whole house or bungalow: Total,375,342,141,201,33,6,27
S01012521,Whole house or bungalow: Detached,100,76,44,32,24,0,24
S01012521,Whole house or bungalow: Semi-detached,187,179,70,109,8,6,2
S01012521,Whole house or bungalow: Terraced (including end-terrace),88,87,27,60,1,0,1
S01012521,Flat maisonette or apartment or mobile/temporary accommodation,140,52,23,29,88,7,81
S01012522,All people in households,860,776,368,408,84,16,68
S01012522,Whole house or bungalow: Total,788,729,339,390,59,13,46
S01012522,Whole house or bungalow: Detached,348,337,178,159,11,0,11
S01012522,Whole house or bungalow: Semi-detached,372,338,134,204,34,9,25
S01012522,Whole house or bungalow: Terraced (including end-terrace),68,54,27,27,14,4,10
S01012522,Flat maisonette or apartment or mobile/temporary accommodation,72,47,29,18,25,3,22
S01012523,All people in households,864,750,319,431,114,52,62
S01012523,Whole house or bungalow: Total,810,718,308,410,92,48,44
S01012523,Whole house or bungalow: Detached,245,235,112,123,10,2,8
S01012523,Whole house or bungalow: Semi-detached,359,327,154,173,32,12,20
S01012523,Whole house or bungalow: Terraced (including end-terrace),206,156,42,114,50,34,16
S01012523,Flat maisonette or apartment or mobile/temporary accommodation,54,32,11,21,22,4,18
S01012524,All people in households,864,759,397,362,105,25,80
S01012524,Whole house or bungalow: Total,719,663,344,319,56,12,44
S01012524,Whole house or bungalow: Detached,205,191,104,87,14,3,11
S01012524,Whole house or bungalow: Semi-detached,452,420,219,201,32,7,25
S01012524,Whole house or bungalow: Terraced (including end-terrace),62,52,21,31,10,2,8
S01012524,Flat maisonette or apartment or mobile/temporary accommodation,145,96,53,43,49,13,36
S01012525,All people in households,714,644,254,390,70,13,57
S01012525,Whole house or bungalow: Total,675,629,246,383,46,6,40
S01012525,Whole house or bungalow: Detached,187,171,81,90,16,0,16
S01012525,Whole house or bungalow: Semi-detached,341,335,128,207,6,0,6
S01012525,Whole house or bungalow: Terraced (including end-terrace),147,123,37,86,24,6,18
S01012525,Flat maisonette or apartment or mobile/temporary accommodation,39,15,8,7,24,7,17
S01012526,All people in households,775,728,332,396,47,7,40
S01012526,Whole house or bungalow: Total,740,699,312,387,41,4,37
S01012526,Whole house or bungalow: Detached,377,360,173,187,17,0,17
S01012526,Whole house or bungalow: Semi-detached,333,313,134,179,20,0,20
S01012526,Whole house or bungalow: Terraced (including end-terrace),30,26,5,21,4,4,0
S01012526,Flat maisonette or apartment or mobile/temporary accommodation,35,29,20,9,6,3,3
S01012527,All people in households,625,516,246,270,109,65,44
S01012527,Whole house or bungalow: Total,579,495,231,264,84,51,33
S01012527,Whole house or bungalow: Detached,210,200,116,84,10,0,10
S01012527,Whole house or bungalow: Semi-detached,331,268,113,155,63,42,21
S01012527,Whole house or bungalow: Terraced (including end-terrace),38,27,2,25,11,9,2
S01012527,Flat maisonette or apartment or mobile/temporary accommodation,46,21,15,6,25,14,11
S01012528,All people in households,823,569,141,428,254,181,73
S01012528,Whole house or bungalow: Total,749,535,130,405,214,151,63
S01012528,Whole house or bungalow: Detached,45,31,9,22,14,7,7
S01012528,Whole house or bungalow: Semi-detached,448,320,78,242,128,90,38
S01012528,Whole house or bungalow: Terraced (including end-terrace),256,184,43,141,72,54,18
S01012528,Flat maisonette or apartment or mobile/temporary accommodation,74,34,11,23,40,30,10
S01012529,All people in households,712,503,214,289,209,112,97
S01012529,Whole house or bungalow: Total,617,453,190,263,164,109,55
S01012529,Whole house or bungalow: Detached,175,161,69,92,14,8,6
S01012529,Whole house or bungalow: Semi-detached,214,174,66,108,40,11,29
S01012529,Whole house or bungalow: Terraced (including end-terrace),228,118,55,63,110,90,20
S01012529,Flat maisonette or apartment or mobile/temporary accommodation,95,50,24,26,45,3,42
S01012530,All people in households,874,805,413,392,69,30,39
S01012530,Whole house or bungalow: Total,846,783,400,383,63,30,33
S01012530,Whole house or bungalow: Detached,320,313,186,127,7,0,7
S01012530,Whole house or bungalow: Semi-detached,429,395,196,199,34,14,20
S01012530,Whole house or bungalow: Terraced (including end-terrace),97,75,18,57,22,16,6
S01012530,Flat maisonette or apartment or mobile/temporary accommodation,28,22,13,9,6,0,6
S01012531,All people in households,754,578,177,401,176,69,107
S01012531,Whole house or bungalow: Total,680,536,155,381,144,68,76
S01012531,Whole house or bungalow: Detached,343,306,87,219,37,1,36
S01012531,Whole house or bungalow: Semi-detached,221,155,52,103,66,39,27
S01012531,Whole house or bungalow: Terraced (including end-terrace),116,75,16,59,41,28,13
S01012531,Flat maisonette or apartment or mobile/temporary accommodation,74,42,22,20,32,1,31
S01012532,All people in households,788,586,211,375,202,76,126
S01012532,Whole house or bungalow: Total,736,567,202,365,169,58,111
S01012532,Whole house or bungalow: Detached,261,211,101,110,50,0,50
S01012532,Whole house or bungalow: Semi-detached,209,157,40,117,52,12,40
S01012532,Whole house or bungalow: Terraced (including end-terrace),266,199,61,138,67,46,21
S01012532,Flat maisonette or apartment or mobile/temporary accommodation,52,19,9,10,33,18,15
S01012533,All people in households,532,378,179,199,154,45,109
S01012533,Whole house or bungalow: Total,338,274,116,158,64,45,19
S01012533,Whole house or bungalow: Detached,88,78,28,50,10,9,1
S01012533,Whole house or bungalow: Semi-detached,35,29,16,13,6,4,2
S01012533,Whole house or bungalow: Terraced (including end-terrace),215,167,72,95,48,32,16
S01012533,Flat maisonette or apartment or mobile/temporary accommodation,194,104,63,41,90,0,90
S01012534,All people in households,569,406,151,255,163,105,58
S01012534,Whole house or bungalow: Total,350,279,100,179,71,46,25
S01012534,Whole house or bungalow: Detached,86,75,46,29,11,2,9
S01012534,Whole house or bungalow: Semi-detached,164,142,36,106,22,14,8
S01012534,Whole house or bungalow: Terraced (including end-terrace),100,62,18,44,38,30,8
S01012534,Flat maisonette or apartment or mobile/temporary accommodation,219,127,51,76,92,59,33
S01012535,All people in households,818,617,199,418,201,156,45
S01012535,Whole house or bungalow: Total,503,423,141,282,80,63,17
S01012535,Whole house or bungalow: Detached,112,100,44,56,12,3,9
S01012535,Whole house or bungalow: Semi-detached,305,267,77,190,38,37,1
S01012535,Whole house or bungalow: Terraced (including end-terrace),86,56,20,36,30,23,7
S01012535,Flat maisonette or apartment or mobile/temporary accommodation,315,194,58,136,121,93,28
S01012536,All people in households,750,510,185,325,240,192,48
S01012536,Whole house or bungalow: Total,693,487,178,309,206,164,42
S01012536,Whole house or bungalow: Detached,184,151,84,67,33,12,21
S01012536,Whole house or bungalow: Semi-detached,336,219,66,153,117,100,17
S01012536,Whole house or bungalow: Terraced (including end-terrace),173,117,28,89,56,52,4
S01012536,Flat maisonette or apartment or mobile/temporary accommodation,57,23,7,16,34,28,6
S01012537,All people in households,727,456,169,287,271,176,95
S01012537,Whole house or bungalow: Total,699,444,162,282,255,168,87
S01012537,Whole house or bungalow: Detached,88,44,9,35,44,10,34
S01012537,Whole house or bungalow: Semi-detached,252,150,79,71,102,69,33
S01012537,Whole house or bungalow: Terraced (including end-terrace),359,250,74,176,109,89,20
S01012537,Flat maisonette or apartment or mobile/temporary accommodation,28,12,7,5,16,8,8
S01012538,All people in households,1081,727,279,448,354,273,81
S01012538,Whole house or bungalow: Total,815,602,215,387,213,158,55
S01012538,Whole house or bungalow: Detached,258,236,99,137,22,3,19
S01012538,Whole house or bungalow: Semi-detached,251,199,55,144,52,40,12
S01012538,Whole house or bungalow: Terraced (including end-terrace),306,167,61,106,139,115,24
S01012538,Flat maisonette or apartment or mobile/temporary accommodation,266,125,64,61,141,115,26
S01012539,All people in households,701,503,245,258,198,124,74
S01012539,Whole house or bungalow: Total,614,467,225,242,147,88,59
S01012539,Whole house or bungalow: Detached,193,151,96,55,42,6,36
S01012539,Whole house or bungalow: Semi-detached,191,152,66,86,39,27,12
S01012539,Whole house or bungalow: Terraced (including end-terrace),230,164,63,101,66,55,11
S01012539,Flat maisonette or apartment or mobile/temporary accommodation,87,36,20,16,51,36,15
S01012540,All people in households,717,391,126,265,326,293,33
S01012540,Whole house or bungalow: Total,601,355,112,243,246,219,27
S01012540,Whole house or bungalow: Detached,64,49,13,36,15,7,8
S01012540,Whole house or bungalow: Semi-detached,333,190,64,126,143,132,11
S01012540,Whole house or bungalow: Terraced (including end-terrace),204,116,35,81,88,80,8
S01012540,Flat maisonette or apartment or mobile/temporary accommodation,116,36,14,22,80,74,6
S01012541,All people in households,1066,720,354,366,346,190,156
S01012541,Whole house or bungalow: Total,935,668,325,343,267,126,141
S01012541,Whole house or bungalow: Detached,498,410,223,187,88,3,85
S01012541,Whole house or bungalow: Semi-detached,220,122,51,71,98,60,38
S01012541,Whole house or bungalow: Terraced (including end-terrace),217,136,51,85,81,63,18
S01012541,Flat maisonette or apartment or mobile/temporary accommodation,131,52,29,23,79,64,15
S01012542,All people in households,870,707,307,400,163,90,73
S01012542,Whole house or bungalow: Total,838,696,302,394,142,76,66
S01012542,Whole house or bungalow: Detached,317,298,156,142,19,2,17
S01012542,Whole house or bungalow: Semi-detached,224,180,65,115,44,19,25
S01012542,Whole house or bungalow: Terraced (including end-terrace),297,218,81,137,79,55,24
S01012542,Flat maisonette or apartment or mobile/temporary accommodation,32,11,5,6,21,14,7
S01012543,All people in households,686,572,190,382,114,51,63
S01012543,Whole house or bungalow: Total,664,561,186,375,103,47,56
S01012543,Whole house or bungalow: Detached,343,312,130,182,31,1,30
S01012543,Whole house or bungalow: Semi-detached,111,86,21,65,25,16,9
S01012543,Whole house or bungalow: Terraced (including end-terrace),210,163,35,128,47,30,17
S01012543,Flat maisonette or apartment or mobile/temporary accommodation,22,11,4,7,11,4,7
S01012544,All people in households,810,599,216,383,211,162,49
S01012544,Whole house or bungalow: Total,779,577,209,368,202,162,40
S01012544,Whole house or bungalow: Detached,369,339,157,182,30,3,27
S01012544,Whole house or bungalow: Semi-detached,191,145,30,115,46,45,1
S01012544,Whole house or bungalow: Terraced (including end-terrace),219,93,22,71,126,114,12
S01012544,Flat maisonette or apartment or mobile/temporary accommodation,31,22,7,15,9,0,9
S01012545,All people in households,473,254,89,165,219,201,18
S01012545,Whole house or bungalow: Total,389,214,72,142,175,161,14
S01012545,Whole house or bungalow: Detached,76,71,38,33,5,5,0
S01012545,Whole house or bungalow: Semi-detached,94,59,15,44,35,32,3
S01012545,Whole house or bungalow: Terraced (including end-terrace),219,84,19,65,135,124,11
S01012545,Flat maisonette or apartment or mobile/temporary accommodation,84,40,17,23,44,40,4
S01012546,All people in households,807,592,211,381,215,131,84
S01012546,Whole house or bungalow: Total,773,587,208,379,186,111,75
S01012546,Whole house or bungalow: Detached,252,230,105,125,22,6,16
S01012546,Whole house or bungalow: Semi-detached,76,52,23,29,24,17,7
S01012546,Whole house or bungalow: Terraced (including end-terrace),445,305,80,225,140,88,52
S01012546,Flat maisonette or apartment or mobile/temporary accommodation,34,5,3,2,29,20,9
S01012547,All people in households,746,605,303,302,141,106,35
S01012547,Whole house or bungalow: Total,725,599,301,298,126,97,29
S01012547,Whole house or bungalow: Detached,453,439,228,211,14,6,8
S01012547,Whole house or bungalow: Semi-detached,159,100,36,64,59,50,9
S01012547,Whole house or bungalow: Terraced (including end-terrace),113,60,37,23,53,41,12
S01012547,Flat maisonette or apartment or mobile/temporary accommodation,21,6,2,4,15,9,6
S01012548,All people in households,830,712,316,396,118,50,68
S01012548,Whole house or bungalow: Total,791,690,312,378,101,34,67
S01012548,Whole house or bungalow: Detached,444,408,188,220,36,5,31
S01012548,Whole house or bungalow: Semi-detached,236,188,78,110,48,23,25
S01012548,Whole house or bungalow: Terraced (including end-terrace),111,94,46,48,17,6,11
S01012548,Flat maisonette or apartment or mobile/temporary accommodation,39,22,4,18,17,16,1
S01012549,All people in households,545,308,77,231,237,175,62
S01012549,Whole house or bungalow: Total,350,232,67,165,118,79,39
S01012549,Whole house or bungalow: Detached,28,16,5,11,12,3,9
S01012549,Whole house or bungalow: Semi-detached,170,114,35,79,56,34,22
S01012549,Whole house or bungalow: Terraced (including end-terrace),152,102,27,75,50,42,8
S01012549,Flat maisonette or apartment or mobile/temporary accommodation,195,76,10,66,119,96,23
S01012550,All people in households,824,597,206,391,227,158,69
S01012550,Whole house or bungalow: Total,617,505,176,329,112,79,33
S01012550,Whole house or bungalow: Detached,139,127,61,66,12,4,8
S01012550,Whole house or bungalow: Semi-detached,352,287,98,189,65,44,21
S01012550,Whole house or bungalow: Terraced (including end-terrace),126,91,17,74,35,31,4
S01012550,Flat maisonette or apartment or mobile/temporary accommodation,207,92,30,62,115,79,36
S01012551,All people in households,815,773,323,450,42,10,32
S01012551,Whole house or bungalow: Total,801,766,323,443,35,6,29
S01012551,Whole house or bungalow: Detached,294,289,126,163,5,0,5
S01012551,Whole house or bungalow: Semi-detached,497,469,189,280,28,4,24
S01012551,Whole house or bungalow: Terraced (including end-terrace),10,8,8,0,2,2,0
S01012551,Flat maisonette or apartment or mobile/temporary accommodation,14,7,0,7,7,4,3
S01012552,All people in households,905,844,316,528,61,17,44
S01012552,Whole house or bungalow: Total,881,836,313,523,45,10,35
S01012552,Whole house or bungalow: Detached,645,623,230,393,22,0,22
S01012552,Whole house or bungalow: Semi-detached,210,192,71,121,18,10,8
S01012552,Whole house or bungalow: Terraced (including end-terrace),26,21,12,9,5,0,5
S01012552,Flat maisonette or apartment or mobile/temporary accommodation,24,8,3,5,16,7,9
S01012553,All people in households,839,770,165,605,69,13,56
S01012553,Whole house or bungalow: Total,814,752,160,592,62,10,52
S01012553,Whole house or bungalow: Detached,380,369,80,289,11,0,11
S01012553,Whole house or bungalow: Semi-detached,366,337,66,271,29,2,27
S01012553,Whole house or bungalow: Terraced (including end-terrace),68,46,14,32,22,8,14
S01012553,Flat maisonette or apartment or mobile/temporary accommodation,25,18,5,13,7,3,4
S01012554,All people in households,458,415,172,243,43,4,39
S01012554,Whole house or bungalow: Total,450,415,172,243,35,0,35
S01012554,Whole house or bungalow: Detached,113,110,59,51,3,0,3
S01012554,Whole house or bungalow: Semi-detached,257,245,96,149,12,0,12
S01012554,Whole house or bungalow: Terraced (including end-terrace),80,60,17,43,20,0,20
S01012554,Flat maisonette or apartment or mobile/temporary accommodation,8,0,0,0,8,4,4
S01012555,All people in households,541,484,166,318,57,5,52
S01012555,Whole house or bungalow: Total,533,482,164,318,51,3,48
S01012555,Whole house or bungalow: Detached,173,165,61,104,8,0,8
S01012555,Whole house or bungalow: Semi-detached,355,313,103,210,42,2,40
S01012555,Whole house or bungalow: Terraced (including end-terrace),5,4,0,4,1,1,0
S01012555,Flat maisonette or apartment or mobile/temporary accommodation,8,2,2,0,6,2,4
S01012556,All people in households,545,504,220,284,41,15,26
S01012556,Whole house or bungalow: Total,522,500,217,283,22,7,15
S01012556,Whole house or bungalow: Detached,370,360,168,192,10,0,10
S01012556,Whole house or bungalow: Semi-detached,139,134,49,85,5,0,5
S01012556,Whole house or bungalow: Terraced (including end-terrace),13,6,0,6,7,7,0
S01012556,Flat maisonette or apartment or mobile/temporary accommodation,23,4,3,1,19,8,11
S01012557,All people in households,636,564,308,256,72,17,55
S01012557,Whole house or bungalow: Total,605,542,289,253,63,13,50
S01012557,Whole house or bungalow: Detached,386,376,204,172,10,0,10
S01012557,Whole house or bungalow: Semi-detached,162,122,60,62,40,5,35
S01012557,Whole house or bungalow: Terraced (including end-terrace),57,44,25,19,13,8,5
S01012557,Flat maisonette or apartment or mobile/temporary accommodation,31,22,19,3,9,4,5
S01012558,All people in households,577,362,111,251,215,144,71
S01012558,Whole house or bungalow: Total,472,328,94,234,144,101,43
S01012558,Whole house or bungalow: Detached,43,41,12,29,2,1,1
S01012558,Whole house or bungalow: Semi-detached,189,127,41,86,62,41,21
S01012558,Whole house or bungalow: Terraced (including end-terrace),240,160,41,119,80,59,21
S01012558,Flat maisonette or apartment or mobile/temporary accommodation,105,34,17,17,71,43,28
S01012559,All people in households,767,366,172,194,401,273,128
S01012559,Whole house or bungalow: Total,331,207,92,115,124,91,33
S01012559,Whole house or bungalow: Detached,24,16,11,5,8,4,4
S01012559,Whole house or bungalow: Semi-detached,109,72,29,43,37,30,7
S01012559,Whole house or bungalow: Terraced (including end-terrace),198,119,52,67,79,57,22
S01012559,Flat maisonette or apartment or mobile/temporary accommodation,436,159,80,79,277,182,95
S01012560,All people in households,562,396,158,238,166,117,49
S01012560,Whole house or bungalow: Total,501,392,158,234,109,67,42
S01012560,Whole house or bungalow: Detached,119,108,61,47,11,0,11
S01012560,Whole house or bungalow: Semi-detached,117,99,24,75,18,8,10
S01012560,Whole house or bungalow: Terraced (including end-terrace),265,185,73,112,80,59,21
S01012560,Flat maisonette or apartment or mobile/temporary accommodation,61,4,0,4,57,50,7
S01012561,All people in households,757,546,170,376,211,133,78
S01012561,Whole house or bungalow: Total,605,510,155,355,95,51,44
S01012561,Whole house or bungalow: Detached,179,164,75,89,15,0,15
S01012561,Whole house or bungalow: Semi-detached,243,209,34,175,34,18,16
S01012561,Whole house or bungalow: Terraced (including end-terrace),183,137,46,91,46,33,13
S01012561,Flat maisonette or apartment or mobile/temporary accommodation,152,36,15,21,116,82,34
S01012562,All people in households,747,427,142,285,320,147,173
S01012562,Whole house or bungalow: Total,297,206,79,127,91,73,18
S01012562,Whole house or bungalow: Detached,63,55,23,32,8,1,7
S01012562,Whole house or bungalow: Semi-detached,87,55,19,36,32,30,2
S01012562,Whole house or bungalow: Terraced (including end-terrace),147,96,37,59,51,42,9
S01012562,Flat maisonette or apartment or mobile/temporary accommodation,450,221,63,158,229,74,155
S01012563,All people in households,630,601,347,254,29,2,27
S01012563,Whole house or bungalow: Total,618,594,345,249,24,2,22
S01012563,Whole house or bungalow: Detached,477,471,280,191,6,1,5
S01012563,Whole house or bungalow: Semi-detached,129,112,62,50,17,0,17
S01012563,Whole house or bungalow: Terraced (including end-terrace),12,11,3,8,1,1,0
S01012563,Flat maisonette or apartment or mobile/temporary accommodation,12,7,2,5,5,0,5
S01012564,All people in households,824,756,371,385,68,33,35
S01012564,Whole house or bungalow: Total,760,713,344,369,47,27,20
S01012564,Whole house or bungalow: Detached,290,277,146,131,13,9,4
S01012564,Whole house or bungalow: Semi-detached,439,408,188,220,31,18,13
S01012564,Whole house or bungalow: Terraced (including end-terrace),31,28,10,18,3,0,3
S01012564,Flat maisonette or apartment or mobile/temporary accommodation,64,43,27,16,21,6,15
S01012565,All people in households,779,618,264,354,161,89,72
S01012565,Whole house or bungalow: Total,571,527,213,314,44,23,21
S01012565,Whole house or bungalow: Detached,135,129,52,77,6,0,6
S01012565,Whole house or bungalow: Semi-detached,346,325,127,198,21,8,13
S01012565,Whole house or bungalow: Terraced (including end-terrace),90,73,34,39,17,15,2
S01012565,Flat maisonette or apartment or mobile/temporary accommodation,208,91,51,40,117,66,51
S01012566,All people in households,716,424,178,246,292,72,220
S01012566,Whole house or bungalow: Total,197,167,64,103,30,3,27
S01012566,Whole house or bungalow: Detached,55,52,17,35,3,0,3
S01012566,Whole house or bungalow: Semi-detached,81,68,24,44,13,0,13
S01012566,Whole house or bungalow: Terraced (including end-terrace),61,47,23,24,14,3,11
S01012566,Flat maisonette or apartment or mobile/temporary accommodation,519,257,114,143,262,69,193
S01012567,All people in households,1010,605,251,354,405,180,225
S01012567,Whole house or bungalow: Total,237,196,65,131,41,9,32
S01012567,Whole house or bungalow: Detached,95,87,29,58,8,0,8
S01012567,Whole house or bungalow: Semi-detached,100,90,30,60,10,2,8
S01012567,Whole house or bungalow: Terraced (including end-terrace),42,19,6,13,23,7,16
S01012567,Flat maisonette or apartment or mobile/temporary accommodation,773,409,186,223,364,171,193
S01012568,All people in households,617,545,237,308,72,25,47
S01012568,Whole house or bungalow: Total,500,470,187,283,30,8,22
S01012568,Whole house or bungalow: Detached,85,76,36,40,9,1,8
S01012568,Whole house or bungalow: Semi-detached,373,361,136,225,12,2,10
S01012568,Whole house or bungalow: Terraced (including end-terrace),42,33,15,18,9,5,4
S01012568,Flat maisonette or apartment or mobile/temporary accommodation,117,75,50,25,42,17,25
S01012569,All people in households,738,681,338,343,57,14,43
S01012569,Whole house or bungalow: Total,658,620,292,328,38,13,25
S01012569,Whole house or bungalow: Detached,424,407,199,208,17,0,17
S01012569,Whole house or bungalow: Semi-detached,209,198,91,107,11,6,5
S01012569,Whole house or bungalow: Terraced (including end-terrace),25,15,2,13,10,7,3
S01012569,Flat maisonette or apartment or mobile/temporary accommodation,80,61,46,15,19,1,18
S01012570,All people in households,454,318,130,188,136,60,76
S01012570,Whole house or bungalow: Total,427,312,128,184,115,42,73
S01012570,Whole house or bungalow: Detached,266,210,85,125,56,4,52
S01012570,Whole house or bungalow: Semi-detached,87,68,22,46,19,6,13
S01012570,Whole house or bungalow: Terraced (including end-terrace),74,34,21,13,40,32,8
S01012570,Flat maisonette or apartment or mobile/temporary accommodation,27,6,2,4,21,18,3
S01012571,All people in households,807,522,251,271,285,104,181
S01012571,Whole house or bungalow: Total,711,498,234,264,213,32,181
S01012571,Whole house or bungalow: Detached,373,259,118,141,114,4,110
S01012571,Whole house or bungalow: Semi-detached,171,115,44,71,56,14,42
S01012571,Whole house or bungalow: Terraced (including end-terrace),167,124,72,52,43,14,29
S01012571,Flat maisonette or apartment or mobile/temporary accommodation,96,24,17,7,72,72,0
S01012572,All people in households,514,357,154,203,157,77,80
S01012572,Whole house or bungalow: Total,491,348,148,200,143,66,77
S01012572,Whole house or bungalow: Detached,261,197,85,112,64,4,60
S01012572,Whole house or bungalow: Semi-detached,167,126,45,81,41,28,13
S01012572,Whole house or bungalow: Terraced (including end-terrace),63,25,18,7,38,34,4
S01012572,Flat maisonette or apartment or mobile/temporary accommodation,23,9,6,3,14,11,3
S01012573,All people in households,821,680,291,389,141,21,120
S01012573,Whole house or bungalow: Total,808,673,291,382,135,21,114
S01012573,Whole house or bungalow: Detached,611,521,245,276,90,0,90
S01012573,Whole house or bungalow: Semi-detached,175,130,43,87,45,21,24
S01012573,Whole house or bungalow: Terraced (including end-terrace),22,22,3,19,0,0,0
S01012573,Flat maisonette or apartment or mobile/temporary accommodation,13,7,0,7,6,0,6
S01012574,All people in households,886,765,304,461,121,61,60
S01012574,Whole house or bungalow: Total,825,734,300,434,91,47,44
S01012574,Whole house or bungalow: Detached,635,603,252,351,32,0,32
S01012574,Whole house or bungalow: Semi-detached,152,103,41,62,49,37,12
S01012574,Whole house or bungalow: Terraced (including end-terrace),38,28,7,21,10,10,0
S01012574,Flat maisonette or apartment or mobile/temporary accommodation,61,31,4,27,30,14,16
S01012575,All people in households,655,483,228,255,172,70,102
S01012575,Whole house or bungalow: Total,622,470,228,242,152,57,95
S01012575,Whole house or bungalow: Detached,455,391,202,189,64,6,58
S01012575,Whole house or bungalow: Semi-detached,80,57,17,40,23,11,12
S01012575,Whole house or bungalow: Terraced (including end-terrace),87,22,9,13,65,40,25
S01012575,Flat maisonette or apartment or mobile/temporary accommodation,33,13,0,13,20,13,7
S01012576,All people in households,751,604,293,311,147,39,108
S01012576,Whole house or bungalow: Total,601,518,255,263,83,25,58
S01012576,Whole house or bungalow: Detached,382,350,193,157,32,12,20
S01012576,Whole house or bungalow: Semi-detached,135,107,44,63,28,5,23
S01012576,Whole house or bungalow: Terraced (including end-terrace),84,61,18,43,23,8,15
S01012576,Flat maisonette or apartment or mobile/temporary accommodation,150,86,38,48,64,14,50
S01012577,All people in households,768,583,246,337,185,96,89
S01012577,Whole house or bungalow: Total,732,564,237,327,168,84,84
S01012577,Whole house or bungalow: Detached,329,280,145,135,49,14,35
S01012577,Whole house or bungalow: Semi-detached,159,110,32,78,49,26,23
S01012577,Whole house or bungalow: Terraced (including end-terrace),244,174,60,114,70,44,26
S01012577,Flat maisonette or apartment or mobile/temporary accommodation,36,19,9,10,17,12,5
S01012578,All people in households,936,671,309,362,265,170,95
S01012578,Whole house or bungalow: Total,808,637,301,336,171,107,64
S01012578,Whole house or bungalow: Detached,498,477,238,239,21,10,11
S01012578,Whole house or bungalow: Semi-detached,196,115,47,68,81,49,32
S01012578,Whole house or bungalow: Terraced (including end-terrace),114,45,16,29,69,48,21
S01012578,Flat maisonette or apartment or mobile/temporary accommodation,128,34,8,26,94,63,31
S01012579,All people in households,718,469,172,297,249,164,85
S01012579,Whole house or bungalow: Total,674,466,172,294,208,125,83
S01012579,Whole house or bungalow: Detached,396,344,148,196,52,2,50
S01012579,Whole house or bungalow: Semi-detached,173,91,20,71,82,54,28
S01012579,Whole house or bungalow: Terraced (including end-terrace),105,31,4,27,74,69,5
S01012579,Flat maisonette or apartment or mobile/temporary accommodation,44,3,0,3,41,39,2
S01012580,All people in households,753,559,250,309,194,83,111
S01012580,Whole house or bungalow: Total,742,555,249,306,187,78,109
S01012580,Whole house or bungalow: Detached,490,410,198,212,80,4,76
S01012580,Whole house or bungalow: Semi-detached,152,70,28,42,82,60,22
S01012580,Whole house or bungalow: Terraced (including end-terrace),100,75,23,52,25,14,11
S01012580,Flat maisonette or apartment or mobile/temporary accommodation,11,4,1,3,7,5,2
S01012581,All people in households,747,373,141,232,374,338,36
S01012581,Whole house or bungalow: Total,592,362,140,222,230,212,18
S01012581,Whole house or bungalow: Detached,168,157,52,105,11,3,8
S01012581,Whole house or bungalow: Semi-detached,323,155,69,86,168,164,4
S01012581,Whole house or bungalow: Terraced (including end-terrace),101,50,19,31,51,45,6
S01012581,Flat maisonette or apartment or mobile/temporary accommodation,155,11,1,10,144,126,18
S01012582,All people in households,919,737,273,464,182,103,79
S01012582,Whole house or bungalow: Total,900,733,273,460,167,92,75
S01012582,Whole house or bungalow: Detached,563,510,203,307,53,4,49
S01012582,Whole house or bungalow: Semi-detached,274,169,51,118,105,79,26
S01012582,Whole house or bungalow: Terraced (including end-terrace),63,54,19,35,9,9,0
S01012582,Flat maisonette or apartment or mobile/temporary accommodation,19,4,0,4,15,11,4
S01012583,All people in households,689,443,179,264,246,207,39
S01012583,Whole house or bungalow: Total,615,426,174,252,189,155,34
S01012583,Whole house or bungalow: Detached,171,162,76,86,9,4,5
S01012583,Whole house or bungalow: Semi-detached,165,97,36,61,68,51,17
S01012583,Whole house or bungalow: Terraced (including end-terrace),279,167,62,105,112,100,12
S01012583,Flat maisonette or apartment or mobile/temporary accommodation,74,17,5,12,57,52,5
S01012584,All people in households,737,587,225,362,150,113,37
S01012584,Whole house or bungalow: Total,683,561,208,353,122,91,31
S01012584,Whole house or bungalow: Detached,309,299,125,174,10,2,8
S01012584,Whole house or bungalow: Semi-detached,208,156,52,104,52,36,16
S01012584,Whole house or bungalow: Terraced (including end-terrace),166,106,31,75,60,53,7
S01012584,Flat maisonette or apartment or mobile/temporary accommodation,54,26,17,9,28,22,6
S01012585,All people in households,833,451,163,288,382,315,67
S01012585,Whole house or bungalow: Total,623,409,141,268,214,163,51
S01012585,Whole house or bungalow: Detached,82,66,32,34,16,5,11
S01012585,Whole house or bungalow: Semi-detached,218,135,40,95,83,65,18
S01012585,Whole house or bungalow: Terraced (including end-terrace),323,208,69,139,115,93,22
S01012585,Flat maisonette or apartment or mobile/temporary accommodation,210,42,22,20,168,152,16
S01012586,All people in households,808,721,199,522,87,14,73
S01012586,Whole house or bungalow: Total,786,711,190,521,75,10,65
S01012586,Whole house or bungalow: Detached,362,331,102,229,31,1,30
S01012586,Whole house or bungalow: Semi-detached,159,131,36,95,28,5,23
S01012586,Whole house or bungalow: Terraced (including end-terrace),265,249,52,197,16,4,12
S01012586,Flat maisonette or apartment or mobile/temporary accommodation,22,10,9,1,12,4,8
S01012587,All people in households,862,754,320,434,108,21,87
S01012587,Whole house or bungalow: Total,857,754,320,434,103,16,87
S01012587,Whole house or bungalow: Detached,635,564,268,296,71,0,71
S01012587,Whole house or bungalow: Semi-detached,162,148,44,104,14,9,5
S01012587,Whole house or bungalow: Terraced (including end-terrace),60,42,8,34,18,7,11
S01012587,Flat maisonette or apartment or mobile/temporary accommodation,5,0,0,0,5,5,0
S01012588,All people in households,637,567,219,348,70,31,39
S01012588,Whole house or bungalow: Total,632,567,219,348,65,26,39
S01012588,Whole house or bungalow: Detached,363,348,131,217,15,0,15
S01012588,Whole house or bungalow: Semi-detached,124,91,37,54,33,18,15
S01012588,Whole house or bungalow: Terraced (including end-terrace),145,128,51,77,17,8,9
S01012588,Flat maisonette or apartment or mobile/temporary accommodation,5,0,0,0,5,5,0
S01012589,All people in households,688,381,134,247,307,269,38
S01012589,Whole house or bungalow: Total,660,376,132,244,284,254,30
S01012589,Whole house or bungalow: Detached,122,114,32,82,8,2,6
S01012589,Whole house or bungalow: Semi-detached,68,42,20,22,26,22,4
S01012589,Whole house or bungalow: Terraced (including end-terrace),470,220,80,140,250,230,20
S01012589,Flat maisonette or apartment or mobile/temporary accommodation,28,5,2,3,23,15,8
S01012590,All people in households,777,458,129,329,319,273,46
S01012590,Whole house or bungalow: Total,631,440,127,313,191,155,36
S01012590,Whole house or bungalow: Detached,144,129,25,104,15,2,13
S01012590,Whole house or bungalow: Semi-detached,217,152,48,104,65,55,10
S01012590,Whole house or bungalow: Terraced (including end-terrace),270,159,54,105,111,98,13
S01012590,Flat maisonette or apartment or mobile/temporary accommodation,146,18,2,16,128,118,10
S01012591,All people in households,792,422,208,214,370,347,23
S01012591,Whole house or bungalow: Total,575,406,203,203,169,149,20
S01012591,Whole house or bungalow: Detached,47,44,15,29,3,1,2
S01012591,Whole house or bungalow: Semi-detached,292,209,90,119,83,75,8
S01012591,Whole house or bungalow: Terraced (including end-terrace),236,153,98,55,83,73,10
S01012591,Flat maisonette or apartment or mobile/temporary accommodation,217,16,5,11,201,198,3
S01012592,All people in households,568,537,165,372,31,11,20
S01012592,Whole house or bungalow: Total,553,526,164,362,27,8,19
S01012592,Whole house or bungalow: Detached,462,452,145,307,10,2,8
S01012592,Whole house or bungalow: Semi-detached,70,53,14,39,17,6,11
S01012592,Whole house or bungalow: Terraced (including end-terrace),21,21,5,16,0,0,0
S01012592,Flat maisonette or apartment or mobile/temporary accommodation,15,11,1,10,4,3,1
S01012593,All people in households,823,767,215,552,56,24,32
S01012593,Whole house or bungalow: Total,768,733,203,530,35,8,27
S01012593,Whole house or bungalow: Detached,502,493,153,340,9,0,9
S01012593,Whole house or bungalow: Semi-detached,218,192,48,144,26,8,18
S01012593,Whole house or bungalow: Terraced (including end-terrace),48,48,2,46,0,0,0
S01012593,Flat maisonette or apartment or mobile/temporary accommodation,55,34,12,22,21,16,5
S01012594,All people in households,470,407,142,265,63,49,14
S01012594,Whole house or bungalow: Total,410,374,132,242,36,27,9
S01012594,Whole house or bungalow: Detached,141,139,47,92,2,0,2
S01012594,Whole house or bungalow: Semi-detached,241,223,84,139,18,11,7
S01012594,Whole house or bungalow: Terraced (including end-terrace),28,12,1,11,16,16,0
S01012594,Flat maisonette or apartment or mobile/temporary accommodation,60,33,10,23,27,22,5
S01012595,All people in households,616,468,188,280,148,105,43
S01012595,Whole house or bungalow: Total,549,429,173,256,120,83,37
S01012595,Whole house or bungalow: Detached,154,147,82,65,7,0,7
S01012595,Whole house or bungalow: Semi-detached,159,146,57,89,13,7,6
S01012595,Whole house or bungalow: Terraced (including end-terrace),236,136,34,102,100,76,24
S01012595,Flat maisonette or apartment or mobile/temporary accommodation,67,39,15,24,28,22,6
S01012596,All people in households,788,474,108,366,314,271,43
S01012596,Whole house or bungalow: Total,604,412,91,321,192,164,28
S01012596,Whole house or bungalow: Detached,141,130,13,117,11,4,7
S01012596,Whole house or bungalow: Semi-detached,293,173,39,134,120,104,16
S01012596,Whole house or bungalow: Terraced (including end-terrace),170,109,39,70,61,56,5
S01012596,Flat maisonette or apartment or mobile/temporary accommodation,184,62,17,45,122,107,15
S01012597,All people in households,472,408,72,336,64,42,22
S01012597,Whole house or bungalow: Total,429,390,65,325,39,17,22
S01012597,Whole house or bungalow: Detached,250,220,36,184,30,8,22
S01012597,Whole house or bungalow: Semi-detached,123,121,21,100,2,2,0
S01012597,Whole house or bungalow: Terraced (including end-terrace),56,49,8,41,7,7,0
S01012597,Flat maisonette or apartment or mobile/temporary accommodation,43,18,7,11,25,25,0
S01012598,All people in households,661,570,236,334,91,25,66
S01012598,Whole house or bungalow: Total,557,500,211,289,57,22,35
S01012598,Whole house or bungalow: Detached,305,285,147,138,20,2,18
S01012598,Whole house or bungalow: Semi-detached,228,208,64,144,20,3,17
S01012598,Whole house or bungalow: Terraced (including end-terrace),24,7,0,7,17,17,0
S01012598,Flat maisonette or apartment or mobile/temporary accommodation,104,70,25,45,34,3,31
S01012599,All people in households,660,532,215,317,128,63,65
S01012599,Whole house or bungalow: Total,508,450,181,269,58,21,37
S01012599,Whole house or bungalow: Detached,329,314,129,185,15,0,15
S01012599,Whole house or bungalow: Semi-detached,133,107,28,79,26,13,13
S01012599,Whole house or bungalow: Terraced (including end-terrace),46,29,24,5,17,8,9
S01012599,Flat maisonette or apartment or mobile/temporary accommodation,152,82,34,48,70,42,28
S01012600,All people in households,692,641,248,393,51,7,44
S01012600,Whole house or bungalow: Total,652,618,239,379,34,2,32
S01012600,Whole house or bungalow: Detached,265,263,105,158,2,0,2
S01012600,Whole house or bungalow: Semi-detached,358,328,124,204,30,2,28
S01012600,Whole house or bungalow: Terraced (including end-terrace),29,27,10,17,2,0,2
S01012600,Flat maisonette or apartment or mobile/temporary accommodation,40,23,9,14,17,5,12
S01012601,All people in households,889,826,252,574,63,37,26
S01012601,Whole house or bungalow: Total,797,773,230,543,24,10,14
S01012601,Whole house or bungalow: Detached,457,447,109,338,10,1,9
S01012601,Whole house or bungalow: Semi-detached,326,317,119,198,9,4,5
S01012601,Whole house or bungalow: Terraced (including end-terrace),14,9,2,7,5,5,0
S01012601,Flat maisonette or apartment or mobile/temporary accommodation,92,53,22,31,39,27,12
S01012602,All people in households,558,293,95,198,265,201,64
S01012602,Whole house or bungalow: Total,282,203,67,136,79,68,11
S01012602,Whole house or bungalow: Detached,85,71,36,35,14,7,7
S01012602,Whole house or bungalow: Semi-detached,170,124,30,94,46,43,3
S01012602,Whole house or bungalow: Terraced (including end-terrace),27,8,1,7,19,18,1
S01012602,Flat maisonette or apartment or mobile/temporary accommodation,276,90,28,62,186,133,53
S01012603,All people in households,650,403,149,254,247,194,53
S01012603,Whole house or bungalow: Total,463,363,138,225,100,74,26
S01012603,Whole house or bungalow: Detached,111,102,58,44,9,4,5
S01012603,Whole house or bungalow: Semi-detached,272,205,66,139,67,53,14
S01012603,Whole house or bungalow: Terraced (including end-terrace),80,56,14,42,24,17,7
S01012603,Flat maisonette or apartment or mobile/temporary accommodation,187,40,11,29,147,120,27
S01012604,All people in households,664,455,184,271,209,180,29
S01012604,Whole house or bungalow: Total,659,453,182,271,206,177,29
S01012604,Whole house or bungalow: Detached,133,120,68,52,13,8,5
S01012604,Whole house or bungalow: Semi-detached,75,48,8,40,27,20,7
S01012604,Whole house or bungalow: Terraced (including end-terrace),451,285,106,179,166,149,17
S01012604,Flat maisonette or apartment or mobile/temporary accommodation,5,2,2,0,3,3,0
S01012605,All people in households,515,355,189,166,160,140,20
S01012605,Whole house or bungalow: Total,505,354,189,165,151,132,19
S01012605,Whole house or bungalow: Detached,158,140,86,54,18,14,4
S01012605,Whole house or bungalow: Semi-detached,144,123,68,55,21,15,6
S01012605,Whole house or bungalow: Terraced (including end-terrace),203,91,35,56,112,103,9
S01012605,Flat maisonette or apartment or mobile/temporary accommodation,10,1,0,1,9,8,1
S01012606,All people in households,782,762,81,681,20,11,9
S01012606,Whole house or bungalow: Total,770,757,81,676,13,4,9
S01012606,Whole house or bungalow: Detached,644,637,73,564,7,0,7
S01012606,Whole house or bungalow: Semi-detached,123,117,8,109,6,4,2
S01012606,Whole house or bungalow: Terraced (including end-terrace),3,3,0,3,0,0,0
S01012606,Flat maisonette or apartment or mobile/temporary accommodation,12,5,0,5,7,7,0
S01012607,All people in households,737,588,184,404,149,118,31
S01012607,Whole house or bungalow: Total,694,571,174,397,123,105,18
S01012607,Whole house or bungalow: Detached,298,290,99,191,8,6,2
S01012607,Whole house or bungalow: Semi-detached,207,155,45,110,52,46,6
S01012607,Whole house or bungalow: Terraced (including end-terrace),189,126,30,96,63,53,10
S01012607,Flat maisonette or apartment or mobile/temporary accommodation,43,17,10,7,26,13,13
S01012608,All people in households,801,505,148,357,296,262,34
S01012608,Whole house or bungalow: Total,791,503,147,356,288,254,34
S01012608,Whole house or bungalow: Detached,204,188,52,136,16,8,8
S01012608,Whole house or bungalow: Semi-detached,189,108,51,57,81,77,4
S01012608,Whole house or bungalow: Terraced (including end-terrace),398,207,44,163,191,169,22
S01012608,Flat maisonette or apartment or mobile/temporary accommodation,10,2,1,1,8,8,0
S01012609,All people in households,834,450,124,326,384,357,27
S01012609,Whole house or bungalow: Total,762,415,112,303,347,325,22
S01012609,Whole house or bungalow: Detached,53,38,16,22,15,12,3
S01012609,Whole house or bungalow: Semi-detached,122,82,22,60,40,40,0
S01012609,Whole house or bungalow: Terraced (including end-terrace),587,295,74,221,292,273,19
S01012609,Flat maisonette or apartment or mobile/temporary accommodation,72,35,12,23,37,32,5
S01012610,All people in households,920,399,92,307,521,473,48
S01012610,Whole house or bungalow: Total,511,313,76,237,198,178,20
S01012610,Whole house or bungalow: Detached,114,103,38,65,11,4,7
S01012610,Whole house or bungalow: Semi-detached,206,131,25,106,75,65,10
S01012610,Whole house or bungalow: Terraced (including end-terrace),191,79,13,66,112,109,3
S01012610,Flat maisonette or apartment or mobile/temporary accommodation,409,86,16,70,323,295,28
S01012611,All people in households,804,652,260,392,152,123,29
S01012611,Whole house or bungalow: Total,770,622,244,378,148,122,26
S01012611,Whole house or bungalow: Detached,396,381,179,202,15,6,9
S01012611,Whole house or bungalow: Semi-detached,159,130,45,85,29,29,0
S01012611,Whole house or bungalow: Terraced (including end-terrace),215,111,20,91,104,87,17
S01012611,Flat maisonette or apartment or mobile/temporary accommodation,34,30,16,14,4,1,3
S01012612,All people in households,756,486,153,333,270,229,41
S01012612,Whole house or bungalow: Total,720,469,150,319,251,218,33
S01012612,Whole house or bungalow: Detached,173,161,71,90,12,5,7
S01012612,Whole house or bungalow: Semi-detached,281,216,59,157,65,59,6
S01012612,Whole house or bungalow: Terraced (including end-terrace),266,92,20,72,174,154,20
S01012612,Flat maisonette or apartment or mobile/temporary accommodation,36,17,3,14,19,11,8
S01012613,All people in households,668,458,154,304,210,185,25
S01012613,Whole house or bungalow: Total,646,450,152,298,196,175,21
S01012613,Whole house or bungalow: Detached,227,212,89,123,15,7,8
S01012613,Whole house or bungalow: Semi-detached,110,91,22,69,19,15,4
S01012613,Whole house or bungalow: Terraced (including end-terrace),309,147,41,106,162,153,9
S01012613,Flat maisonette or apartment or mobile/temporary accommodation,22,8,2,6,14,10,4
S01012614,All people in households,1001,762,287,475,239,179,60
S01012614,Whole house or bungalow: Total,809,679,276,403,130,102,28
S01012614,Whole house or bungalow: Detached,322,306,137,169,16,0,16
S01012614,Whole house or bungalow: Semi-detached,375,333,132,201,42,32,10
S01012614,Whole house or bungalow: Terraced (including end-terrace),112,40,7,33,72,70,2
S01012614,Flat maisonette or apartment or mobile/temporary accommodation,192,83,11,72,109,77,32
S01012615,All people in households,674,554,225,329,120,87,33
S01012615,Whole house or bungalow: Total,586,516,217,299,70,54,16
S01012615,Whole house or bungalow: Detached,425,413,167,246,12,3,9
S01012615,Whole house or bungalow: Semi-detached,89,71,34,37,18,16,2
S01012615,Whole house or bungalow: Terraced (including end-terrace),72,32,16,16,40,35,5
S01012615,Flat maisonette or apartment or mobile/temporary accommodation,88,38,8,30,50,33,17
S01012616,All people in households,928,736,313,423,192,148,44
S01012616,Whole house or bungalow: Total,868,713,300,413,155,116,39
S01012616,Whole house or bungalow: Detached,564,539,243,296,25,4,21
S01012616,Whole house or bungalow: Semi-detached,147,79,27,52,68,50,18
S01012616,Whole house or bungalow: Terraced (including end-terrace),157,95,30,65,62,62,0
S01012616,Flat maisonette or apartment or mobile/temporary accommodation,60,23,13,10,37,32,5
S01012617,All people in households,384,343,138,205,41,8,33
S01012617,Whole house or bungalow: Total,375,342,138,204,33,6,27
S01012617,Whole house or bungalow: Detached,275,261,118,143,14,0,14
S01012617,Whole house or bungalow: Semi-detached,88,77,20,57,11,2,9
S01012617,Whole house or bungalow: Terraced (including end-terrace),12,4,0,4,8,4,4
S01012617,Flat maisonette or apartment or mobile/temporary accommodation,9,1,0,1,8,2,6
S01012618,All people in households,529,395,137,258,134,93,41
S01012618,Whole house or bungalow: Total,491,386,129,257,105,72,33
S01012618,Whole house or bungalow: Detached,284,263,90,173,21,1,20
S01012618,Whole house or bungalow: Semi-detached,79,48,18,30,31,22,9
S01012618,Whole house or bungalow: Terraced (including end-terrace),128,75,21,54,53,49,4
S01012618,Flat maisonette or apartment or mobile/temporary accommodation,38,9,8,1,29,21,8
S01012619,All people in households,513,285,127,158,228,170,58
S01012619,Whole house or bungalow: Total,331,225,106,119,106,85,21
S01012619,Whole house or bungalow: Detached,89,76,49,27,13,12,1
S01012619,Whole house or bungalow: Semi-detached,176,101,37,64,75,58,17
S01012619,Whole house or bungalow: Terraced (including end-terrace),66,48,20,28,18,15,3
S01012619,Flat maisonette or apartment or mobile/temporary accommodation,182,60,21,39,122,85,37
S01012620,All people in households,746,688,314,374,58,24,34
S01012620,Whole house or bungalow: Total,674,636,291,345,38,17,21
S01012620,Whole house or bungalow: Detached,531,516,255,261,15,2,13
S01012620,Whole house or bungalow: Semi-detached,107,94,31,63,13,7,6
S01012620,Whole house or bungalow: Terraced (including end-terrace),36,26,5,21,10,8,2
S01012620,Flat maisonette or apartment or mobile/temporary accommodation,72,52,23,29,20,7,13
S01012621,All people in households,563,482,233,249,81,49,32
S01012621,Whole house or bungalow: Total,496,464,228,236,32,16,16
S01012621,Whole house or bungalow: Detached,283,276,172,104,7,0,7
S01012621,Whole house or bungalow: Semi-detached,136,121,28,93,15,10,5
S01012621,Whole house or bungalow: Terraced (including end-terrace),77,67,28,39,10,6,4
S01012621,Flat maisonette or apartment or mobile/temporary accommodation,67,18,5,13,49,33,16
S01012622,All people in households,732,564,224,340,168,140,28
S01012622,Whole house or bungalow: Total,686,551,217,334,135,116,19
S01012622,Whole house or bungalow: Detached,207,202,105,97,5,2,3
S01012622,Whole house or bungalow: Semi-detached,238,185,66,119,53,51,2
S01012622,Whole house or bungalow: Terraced (including end-terrace),241,164,46,118,77,63,14
S01012622,Flat maisonette or apartment or mobile/temporary accommodation,46,13,7,6,33,24,9
S01012623,All people in households,649,376,152,224,273,225,48
S01012623,Whole house or bungalow: Total,402,285,119,166,117,97,20
S01012623,Whole house or bungalow: Detached,45,39,20,19,6,5,1
S01012623,Whole house or bungalow: Semi-detached,205,156,63,93,49,36,13
S01012623,Whole house or bungalow: Terraced (including end-terrace),152,90,36,54,62,56,6
S01012623,Flat maisonette or apartment or mobile/temporary accommodation,247,91,33,58,156,128,28
S01012624,All people in households,715,463,154,309,252,160,92
S01012624,Whole house or bungalow: Total,577,409,131,278,168,123,45
S01012624,Whole house or bungalow: Detached,31,27,10,17,4,0,4
S01012624,Whole house or bungalow: Semi-detached,153,100,32,68,53,41,12
S01012624,Whole house or bungalow: Terraced (including end-terrace),393,282,89,193,111,82,29
S01012624,Flat maisonette or apartment or mobile/temporary accommodation,138,54,23,31,84,37,47
S01012625,All people in households,524,343,119,224,181,164,17
S01012625,Whole house or bungalow: Total,438,335,118,217,103,89,14
S01012625,Whole house or bungalow: Detached,20,19,12,7,1,1,0
S01012625,Whole house or bungalow: Semi-detached,134,108,47,61,26,24,2
S01012625,Whole house or bungalow: Terraced (including end-terrace),284,208,59,149,76,64,12
S01012625,Flat maisonette or apartment or mobile/temporary accommodation,86,8,1,7,78,75,3
S01012626,All people in households,478,426,189,237,52,28,24
S01012626,Whole house or bungalow: Total,461,417,184,233,44,28,16
S01012626,Whole house or bungalow: Detached,229,225,110,115,4,0,4
S01012626,Whole house or bungalow: Semi-detached,164,151,58,93,13,9,4
S01012626,Whole house or bungalow: Terraced (including end-terrace),68,41,16,25,27,19,8
S01012626,Flat maisonette or apartment or mobile/temporary accommodation,17,9,5,4,8,0,8
S01012627,All people in households,524,282,128,154,242,207,35
S01012627,Whole house or bungalow: Total,292,212,102,110,80,68,12
S01012627,Whole house or bungalow: Detached,111,106,51,55,5,0,5
S01012627,Whole house or bungalow: Semi-detached,117,88,44,44,29,26,3
S01012627,Whole house or bungalow: Terraced (including end-terrace),64,18,7,11,46,42,4
S01012627,Flat maisonette or apartment or mobile/temporary accommodation,232,70,26,44,162,139,23
S01012628,All people in households,925,821,239,582,104,29,75
S01012628,Whole house or bungalow: Total,874,793,220,573,81,25,56
S01012628,Whole house or bungalow: Detached,745,705,196,509,40,0,40
S01012628,Whole house or bungalow: Semi-detached,83,66,21,45,17,5,12
S01012628,Whole house or bungalow: Terraced (including end-terrace),46,22,3,19,24,20,4
S01012628,Flat maisonette or apartment or mobile/temporary accommodation,51,28,19,9,23,4,19
S01012629,All people in households,470,415,156,259,55,11,44
S01012629,Whole house or bungalow: Total,415,386,143,243,29,9,20
S01012629,Whole house or bungalow: Detached,284,273,101,172,11,0,11
S01012629,Whole house or bungalow: Semi-detached,105,101,36,65,4,0,4
S01012629,Whole house or bungalow: Terraced (including end-terrace),26,12,6,6,14,9,5
S01012629,Flat maisonette or apartment or mobile/temporary accommodation,55,29,13,16,26,2,24
S01012630,All people in households,823,495,253,242,328,186,142
S01012630,Whole house or bungalow: Total,398,316,164,152,82,48,34
S01012630,Whole house or bungalow: Detached,206,196,115,81,10,6,4
S01012630,Whole house or bungalow: Semi-detached,86,51,18,33,35,18,17
S01012630,Whole house or bungalow: Terraced (including end-terrace),106,69,31,38,37,24,13
S01012630,Flat maisonette or apartment or mobile/temporary accommodation,425,179,89,90,246,138,108
S01012631,All people in households,931,505,144,361,426,370,56
S01012631,Whole house or bungalow: Total,633,460,118,342,173,140,33
S01012631,Whole house or bungalow: Detached,257,237,45,192,20,5,15
S01012631,Whole house or bungalow: Semi-detached,228,128,38,90,100,92,8
S01012631,Whole house or bungalow: Terraced (including end-terrace),148,95,35,60,53,43,10
S01012631,Flat maisonette or apartment or mobile/temporary accommodation,298,45,26,19,253,230,23
S01012632,All people in households,726,622,301,321,104,24,80
S01012632,Whole house or bungalow: Total,704,620,299,321,84,9,75
S01012632,Whole house or bungalow: Detached,515,465,246,219,50,2,48
S01012632,Whole house or bungalow: Semi-detached,133,108,39,69,25,7,18
S01012632,Whole house or bungalow: Terraced (including end-terrace),56,47,14,33,9,0,9
S01012632,Flat maisonette or apartment or mobile/temporary accommodation,22,2,2,0,20,15,5
S01012633,All people in households,679,536,259,277,143,86,57
S01012633,Whole house or bungalow: Total,613,521,247,274,92,40,52
S01012633,Whole house or bungalow: Detached,437,399,195,204,38,0,38
S01012633,Whole house or bungalow: Semi-detached,72,40,17,23,32,22,10
S01012633,Whole house or bungalow: Terraced (including end-terrace),104,82,35,47,22,18,4
S01012633,Flat maisonette or apartment or mobile/temporary accommodation,66,15,12,3,51,46,5
S01012634,All people in households,685,465,216,249,220,182,38
S01012634,Whole house or bungalow: Total,469,339,137,202,130,107,23
S01012634,Whole house or bungalow: Detached,138,122,57,65,16,6,10
S01012634,Whole house or bungalow: Semi-detached,148,87,30,57,61,52,9
S01012634,Whole house or bungalow: Terraced (including end-terrace),183,130,50,80,53,49,4
S01012634,Flat maisonette or apartment or mobile/temporary accommodation,216,126,79,47,90,75,15
S01012635,All people in households,1077,868,333,535,209,150,59
S01012635,Whole house or bungalow: Total,982,848,322,526,134,78,56
S01012635,Whole house or bungalow: Detached,599,558,240,318,41,4,37
S01012635,Whole house or bungalow: Semi-detached,175,138,40,98,37,22,15
S01012635,Whole house or bungalow: Terraced (including end-terrace),208,152,42,110,56,52,4
S01012635,Flat maisonette or apartment or mobile/temporary accommodation,95,20,11,9,75,72,3
S01012636,All people in households,613,505,176,329,108,54,54
S01012636,Whole house or bungalow: Total,600,504,175,329,96,49,47
S01012636,Whole house or bungalow: Detached,349,329,132,197,20,0,20
S01012636,Whole house or bungalow: Semi-detached,157,122,41,81,35,19,16
S01012636,Whole house or bungalow: Terraced (including end-terrace),94,53,2,51,41,30,11
S01012636,Flat maisonette or apartment or mobile/temporary accommodation,13,1,1,0,12,5,7
S01012637,All people in households,848,367,113,254,481,429,52
S01012637,Whole house or bungalow: Total,384,267,75,192,117,84,33
S01012637,Whole house or bungalow: Detached,75,61,11,50,14,5,9
S01012637,Whole house or bungalow: Semi-detached,286,195,64,131,91,71,20
S01012637,Whole house or bungalow: Terraced (including end-terrace),23,11,0,11,12,8,4
S01012637,Flat maisonette or apartment or mobile/temporary accommodation,464,100,38,62,364,345,19
S01012638,All people in households,865,559,230,329,306,191,115
S01012638,Whole house or bungalow: Total,727,538,220,318,189,103,86
S01012638,Whole house or bungalow: Detached,248,217,108,109,31,6,25
S01012638,Whole house or bungalow: Semi-detached,211,142,57,85,69,36,33
S01012638,Whole house or bungalow: Terraced (including end-terrace),268,179,55,124,89,61,28
S01012638,Flat maisonette or apartment or mobile/temporary accommodation,138,21,10,11,117,88,29
S01012639,All people in households,844,548,174,374,296,260,36
S01012639,Whole house or bungalow: Total,792,534,170,364,258,225,33
S01012639,Whole house or bungalow: Detached,165,142,49,93,23,12,11
S01012639,Whole house or bungalow: Semi-detached,384,244,82,162,140,138,2
S01012639,Whole house or bungalow: Terraced (including end-terrace),243,148,39,109,95,75,20
S01012639,Flat maisonette or apartment or mobile/temporary accommodation,52,14,4,10,38,35,3
S01012640,All people in households,942,376,151,225,566,511,55
S01012640,Whole house or bungalow: Total,810,366,151,215,444,391,53
S01012640,Whole house or bungalow: Detached,135,103,47,56,32,13,19
S01012640,Whole house or bungalow: Semi-detached,414,180,71,109,234,205,29
S01012640,Whole house or bungalow: Terraced (including end-terrace),261,83,33,50,178,173,5
S01012640,Flat maisonette or apartment or mobile/temporary accommodation,132,10,0,10,122,120,2
S01012641,All people in households,987,590,260,330,397,257,140
S01012641,Whole house or bungalow: Total,743,502,186,316,241,181,60
S01012641,Whole house or bungalow: Detached,299,277,116,161,22,4,18
S01012641,Whole house or bungalow: Semi-detached,249,88,27,61,161,129,32
S01012641,Whole house or bungalow: Terraced (including end-terrace),195,137,43,94,58,48,10
S01012641,Flat maisonette or apartment or mobile/temporary accommodation,244,88,74,14,156,76,80
S01012642,All people in households,804,303,124,179,501,439,62
S01012642,Whole house or bungalow: Total,525,255,104,151,270,235,35
S01012642,Whole house or bungalow: Detached,29,16,10,6,13,11,2
S01012642,Whole house or bungalow: Semi-detached,106,43,10,33,63,55,8
S01012642,Whole house or bungalow: Terraced (including end-terrace),390,196,84,112,194,169,25
S01012642,Flat maisonette or apartment or mobile/temporary accommodation,279,48,20,28,231,204,27
S01012643,All people in households,470,291,110,181,179,130,49
S01012643,Whole house or bungalow: Total,442,276,99,177,166,120,46
S01012643,Whole house or bungalow: Detached,36,30,10,20,6,0,6
S01012643,Whole house or bungalow: Semi-detached,127,79,25,54,48,42,6
S01012643,Whole house or bungalow: Terraced (including end-terrace),279,167,64,103,112,78,34
S01012643,Flat maisonette or apartment or mobile/temporary accommodation,28,15,11,4,13,10,3
S01012644,All people in households,708,411,129,282,297,244,53
S01012644,Whole house or bungalow: Total,498,375,115,260,123,100,23
S01012644,Whole house or bungalow: Detached,137,122,33,89,15,5,10
S01012644,Whole house or bungalow: Semi-detached,173,148,34,114,25,24,1
S01012644,Whole house or bungalow: Terraced (including end-terrace),188,105,48,57,83,71,12
S01012644,Flat maisonette or apartment or mobile/temporary accommodation,210,36,14,22,174,144,30
S01012645,All people in households,781,547,193,354,234,136,98
S01012645,Whole house or bungalow: Total,619,495,169,326,124,65,59
S01012645,Whole house or bungalow: Detached,328,299,106,193,29,6,23
S01012645,Whole house or bungalow: Semi-detached,196,146,40,106,50,25,25
S01012645,Whole house or bungalow: Terraced (including end-terrace),95,50,23,27,45,34,11
S01012645,Flat maisonette or apartment or mobile/temporary accommodation,162,52,24,28,110,71,39
S01012646,All people in households,972,812,237,575,160,87,73
S01012646,Whole house or bungalow: Total,886,775,220,555,111,50,61
S01012646,Whole house or bungalow: Detached,561,516,135,381,45,3,42
S01012646,Whole house or bungalow: Semi-detached,279,226,73,153,53,35,18
S01012646,Whole house or bungalow: Terraced (including end-terrace),46,33,12,21,13,12,1
S01012646,Flat maisonette or apartment or mobile/temporary accommodation,86,37,17,20,49,37,12
S01012647,All people in households,733,639,60,579,94,14,80
S01012647,Whole house or bungalow: Total,720,639,60,579,81,3,78
S01012647,Whole house or bungalow: Detached,364,353,31,322,11,0,11
S01012647,Whole house or bungalow: Semi-detached,292,234,24,210,58,0,58
S01012647,Whole house or bungalow: Terraced (including end-terrace),64,52,5,47,12,3,9
S01012647,Flat maisonette or apartment or mobile/temporary accommodation,13,0,0,0,13,11,2
S01012648,All people in households,554,293,95,198,261,218,43
S01012648,Whole house or bungalow: Total,547,293,95,198,254,213,41
S01012648,Whole house or bungalow: Detached,44,26,8,18,18,10,8
S01012648,Whole house or bungalow: Semi-detached,46,20,3,17,26,23,3
S01012648,Whole house or bungalow: Terraced (including end-terrace),457,247,84,163,210,180,30
S01012648,Flat maisonette or apartment or mobile/temporary accommodation,7,0,0,0,7,5,2
S01012649,All people in households,641,447,192,255,194,170,24
S01012649,Whole house or bungalow: Total,537,435,191,244,102,81,21
S01012649,Whole house or bungalow: Detached,260,242,122,120,18,7,11
S01012649,Whole house or bungalow: Semi-detached,179,144,56,88,35,28,7
S01012649,Whole house or bungalow: Terraced (including end-terrace),98,49,13,36,49,46,3
S01012649,Flat maisonette or apartment or mobile/temporary accommodation,104,12,1,11,92,89,3
S01012650,All people in households,587,488,171,317,99,53,46
S01012650,Whole house or bungalow: Total,548,474,166,308,74,45,29
S01012650,Whole house or bungalow: Detached,301,284,101,183,17,4,13
S01012650,Whole house or bungalow: Semi-detached,204,169,61,108,35,22,13
S01012650,Whole house or bungalow: Terraced (including end-terrace),43,21,4,17,22,19,3
S01012650,Flat maisonette or apartment or mobile/temporary accommodation,39,14,5,9,25,8,17
S01012651,All people in households,649,288,92,196,361,328,33
S01012651,Whole house or bungalow: Total,562,274,85,189,288,265,23
S01012651,Whole house or bungalow: Detached,52,32,12,20,20,15,5
S01012651,Whole house or bungalow: Semi-detached,160,72,16,56,88,77,11
S01012651,Whole house or bungalow: Terraced (including end-terrace),350,170,57,113,180,173,7
S01012651,Flat maisonette or apartment or mobile/temporary accommodation,87,14,7,7,73,63,10
S01012652,All people in households,1045,967,347,620,78,20,58
S01012652,Whole house or bungalow: Total,954,905,327,578,49,8,41
S01012652,Whole house or bungalow: Detached,587,573,227,346,14,0,14
S01012652,Whole house or bungalow: Semi-detached,347,319,94,225,28,5,23
S01012652,Whole house or bungalow: Terraced (including end-terrace),20,13,6,7,7,3,4
S01012652,Flat maisonette or apartment or mobile/temporary accommodation,91,62,20,42,29,12,17
S01012653,All people in households,885,525,172,353,360,303,57
S01012653,Whole house or bungalow: Total,873,525,172,353,348,291,57
S01012653,Whole house or bungalow: Detached,310,255,102,153,55,24,31
S01012653,Whole house or bungalow: Semi-detached,122,70,23,47,52,37,15
S01012653,Whole house or bungalow: Terraced (including end-terrace),441,200,47,153,241,230,11
S01012653,Flat maisonette or apartment or mobile/temporary accommodation,12,0,0,0,12,12,0
S01012654,All people in households,767,626,204,422,141,35,106
S01012654,Whole house or bungalow: Total,720,610,199,411,110,24,86
S01012654,Whole house or bungalow: Detached,480,419,143,276,61,0,61
S01012654,Whole house or bungalow: Semi-detached,151,127,27,100,24,7,17
S01012654,Whole house or bungalow: Terraced (including end-terrace),89,64,29,35,25,17,8
S01012654,Flat maisonette or apartment or mobile/temporary accommodation,47,16,5,11,31,11,20
S01012655,All people in households,1032,744,256,488,288,245,43
S01012655,Whole house or bungalow: Total,722,617,232,385,105,83,22
S01012655,Whole house or bungalow: Detached,383,370,130,240,13,2,11
S01012655,Whole house or bungalow: Semi-detached,241,187,79,108,54,49,5
S01012655,Whole house or bungalow: Terraced (including end-terrace),98,60,23,37,38,32,6
S01012655,Flat maisonette or apartment or mobile/temporary accommodation,310,127,24,103,183,162,21
S01012656,All people in households,821,515,164,351,306,258,48
S01012656,Whole house or bungalow: Total,756,500,161,339,256,218,38
S01012656,Whole house or bungalow: Detached,75,53,23,30,22,5,17
S01012656,Whole house or bungalow: Semi-detached,93,77,12,65,16,16,0
S01012656,Whole house or bungalow: Terraced (including end-terrace),588,370,126,244,218,197,21
S01012656,Flat maisonette or apartment or mobile/temporary accommodation,65,15,3,12,50,40,10
S01012657,All people in households,542,361,137,224,181,97,84
S01012657,Whole house or bungalow: Total,396,302,116,186,94,42,52
S01012657,Whole house or bungalow: Detached,48,35,18,17,13,1,12
S01012657,Whole house or bungalow: Semi-detached,263,207,79,128,56,33,23
S01012657,Whole house or bungalow: Terraced (including end-terrace),85,60,19,41,25,8,17
S01012657,Flat maisonette or apartment or mobile/temporary accommodation,146,59,21,38,87,55,32
S01012658,All people in households,938,865,386,479,73,24,49
S01012658,Whole house or bungalow: Total,910,856,377,479,54,18,36
S01012658,Whole house or bungalow: Detached,254,242,106,136,12,2,10
S01012658,Whole house or bungalow: Semi-detached,509,487,213,274,22,9,13
S01012658,Whole house or bungalow: Terraced (including end-terrace),147,127,58,69,20,7,13
S01012658,Flat maisonette or apartment or mobile/temporary accommodation,28,9,9,0,19,6,13
S01012659,All people in households,1066,1009,163,846,57,19,38
S01012659,Whole house or bungalow: Total,1054,1000,163,837,54,19,35
S01012659,Whole house or bungalow: Detached,674,664,102,562,10,0,10
S01012659,Whole house or bungalow: Semi-detached,244,233,38,195,11,3,8
S01012659,Whole house or bungalow: Terraced (including end-terrace),136,103,23,80,33,16,17
S01012659,Flat maisonette or apartment or mobile/temporary accommodation,12,9,0,9,3,0,3
S01012660,All people in households,715,459,135,324,256,225,31
S01012660,Whole house or bungalow: Total,588,417,125,292,171,140,31
S01012660,Whole house or bungalow: Detached,121,96,42,54,25,16,9
S01012660,Whole house or bungalow: Semi-detached,290,207,46,161,83,76,7
S01012660,Whole house or bungalow: Terraced (including end-terrace),177,114,37,77,63,48,15
S01012660,Flat maisonette or apartment or mobile/temporary accommodation,127,42,10,32,85,85,0
S01012661,All people in households,739,614,216,398,125,46,79
S01012661,Whole house or bungalow: Total,671,582,211,371,89,37,52
S01012661,Whole house or bungalow: Detached,308,291,102,189,17,0,17
S01012661,Whole house or bungalow: Semi-detached,97,75,17,58,22,16,6
S01012661,Whole house or bungalow: Terraced (including end-terrace),266,216,92,124,50,21,29
S01012661,Flat maisonette or apartment or mobile/temporary accommodation,68,32,5,27,36,9,27
S01012662,All people in households,732,456,195,261,276,202,74
S01012662,Whole house or bungalow: Total,420,338,135,203,82,45,37
S01012662,Whole house or bungalow: Detached,76,67,32,35,9,4,5
S01012662,Whole house or bungalow: Semi-detached,81,56,17,39,25,7,18
S01012662,Whole house or bungalow: Terraced (including end-terrace),263,215,86,129,48,34,14
S01012662,Flat maisonette or apartment or mobile/temporary accommodation,312,118,60,58,194,157,37
S01012663,All people in households,691,615,285,330,76,14,62
S01012663,Whole house or bungalow: Total,648,605,280,325,43,6,37
S01012663,Whole house or bungalow: Detached,204,194,105,89,10,0,10
S01012663,Whole house or bungalow: Semi-detached,206,196,91,105,10,0,10
S01012663,Whole house or bungalow: Terraced (including end-terrace),238,215,84,131,23,6,17
S01012663,Flat maisonette or apartment or mobile/temporary accommodation,43,10,5,5,33,8,25
S01012664,All people in households,900,694,255,439,206,90,116
S01012664,Whole house or bungalow: Total,700,610,222,388,90,38,52
S01012664,Whole house or bungalow: Detached,179,163,64,99,16,3,13
S01012664,Whole house or bungalow: Semi-detached,204,187,62,125,17,4,13
S01012664,Whole house or bungalow: Terraced (including end-terrace),317,260,96,164,57,31,26
S01012664,Flat maisonette or apartment or mobile/temporary accommodation,200,84,33,51,116,52,64
S01012665,All people in households,717,328,112,216,389,340,49
S01012665,Whole house or bungalow: Total,692,323,110,213,369,324,45
S01012665,Whole house or bungalow: Detached,82,53,19,34,29,21,8
S01012665,Whole house or bungalow: Semi-detached,187,71,24,47,116,111,5
S01012665,Whole house or bungalow: Terraced (including end-terrace),423,199,67,132,224,192,32
S01012665,Flat maisonette or apartment or mobile/temporary accommodation,25,5,2,3,20,16,4
S01012666,All people in households,650,355,132,223,295,247,48
S01012666,Whole house or bungalow: Total,636,350,132,218,286,243,43
S01012666,Whole house or bungalow: Detached,33,17,5,12,16,9,7
S01012666,Whole house or bungalow: Semi-detached,171,103,48,55,68,60,8
S01012666,Whole house or bungalow: Terraced (including end-terrace),432,230,79,151,202,174,28
S01012666,Flat maisonette or apartment or mobile/temporary accommodation,14,5,0,5,9,4,5
S01012667,All people in households,580,285,138,147,295,275,20
S01012667,Whole house or bungalow: Total,451,266,126,140,185,171,14
S01012667,Whole house or bungalow: Detached,122,106,71,35,16,10,6
S01012667,Whole house or bungalow: Semi-detached,283,127,44,83,156,149,7
S01012667,Whole house or bungalow: Terraced (including end-terrace),46,33,11,22,13,12,1
S01012667,Flat maisonette or apartment or mobile/temporary accommodation,129,19,12,7,110,104,6
S01012668,All people in households,761,470,156,314,291,212,79
S01012668,Whole house or bungalow: Total,557,427,133,294,130,66,64
S01012668,Whole house or bungalow: Detached,34,33,13,20,1,1,0
S01012668,Whole house or bungalow: Semi-detached,229,177,57,120,52,29,23
S01012668,Whole house or bungalow: Terraced (including end-terrace),294,217,63,154,77,36,41
S01012668,Flat maisonette or apartment or mobile/temporary accommodation,204,43,23,20,161,146,15
S01012669,All people in households,722,699,286,413,23,9,14
S01012669,Whole house or bungalow: Total,712,689,286,403,23,9,14
S01012669,Whole house or bungalow: Detached,131,122,41,81,9,0,9
S01012669,Whole house or bungalow: Semi-detached,407,396,209,187,11,9,2
S01012669,Whole house or bungalow: Terraced (including end-terrace),174,171,36,135,3,0,3
S01012669,Flat maisonette or apartment or mobile/temporary accommodation,10,10,0,10,0,0,0
S01012670,All people in households,696,664,305,359,32,9,23
S01012670,Whole house or bungalow: Total,686,658,304,354,28,6,22
S01012670,Whole house or bungalow: Detached,210,202,117,85,8,0,8
S01012670,Whole house or bungalow: Semi-detached,256,250,117,133,6,3,3
S01012670,Whole house or bungalow: Terraced (including end-terrace),220,206,70,136,14,3,11
S01012670,Flat maisonette or apartment or mobile/temporary accommodation,10,6,1,5,4,3,1
S01012671,All people in households,898,611,198,413,287,233,54
S01012671,Whole house or bungalow: Total,875,603,190,413,272,222,50
S01012671,Whole house or bungalow: Detached,134,118,35,83,16,6,10
S01012671,Whole house or bungalow: Semi-detached,102,69,20,49,33,26,7
S01012671,Whole house or bungalow: Terraced (including end-terrace),639,416,135,281,223,190,33
S01012671,Flat maisonette or apartment or mobile/temporary accommodation,23,8,8,0,15,11,4
S01012672,All people in households,722,275,73,202,447,414,33
S01012672,Whole house or bungalow: Total,592,272,73,199,320,288,32
S01012672,Whole house or bungalow: Detached,37,19,1,18,18,18,0
S01012672,Whole house or bungalow: Semi-detached,140,35,15,20,105,103,2
S01012672,Whole house or bungalow: Terraced (including end-terrace),415,218,57,161,197,167,30
S01012672,Flat maisonette or apartment or mobile/temporary accommodation,130,3,0,3,127,126,1
S01012673,All people in households,582,239,69,170,343,297,46
S01012673,Whole house or bungalow: Total,570,239,69,170,331,288,43
S01012673,Whole house or bungalow: Detached,33,16,7,9,17,17,0
S01012673,Whole house or bungalow: Semi-detached,125,56,16,40,69,56,13
S01012673,Whole house or bungalow: Terraced (including end-terrace),412,167,46,121,245,215,30
S01012673,Flat maisonette or apartment or mobile/temporary accommodation,12,0,0,0,12,9,3
S01012674,All people in households,582,267,71,196,315,270,45
S01012674,Whole house or bungalow: Total,512,253,68,185,259,223,36
S01012674,Whole house or bungalow: Detached,48,22,9,13,26,19,7
S01012674,Whole house or bungalow: Semi-detached,85,37,3,34,48,44,4
S01012674,Whole house or bungalow: Terraced (including end-terrace),379,194,56,138,185,160,25
S01012674,Flat maisonette or apartment or mobile/temporary accommodation,70,14,3,11,56,47,9
S01012675,All people in households,766,395,91,304,371,317,54
S01012675,Whole house or bungalow: Total,696,378,89,289,318,270,48
S01012675,Whole house or bungalow: Detached,97,71,20,51,26,17,9
S01012675,Whole house or bungalow: Semi-detached,140,87,35,52,53,46,7
S01012675,Whole house or bungalow: Terraced (including end-terrace),459,220,34,186,239,207,32
S01012675,Flat maisonette or apartment or mobile/temporary accommodation,70,17,2,15,53,47,6
S01012676,All people in households,835,577,143,434,258,161,97
S01012676,Whole house or bungalow: Total,827,577,143,434,250,156,94
S01012676,Whole house or bungalow: Detached,72,63,16,47,9,3,6
S01012676,Whole house or bungalow: Semi-detached,178,124,26,98,54,17,37
S01012676,Whole house or bungalow: Terraced (including end-terrace),577,390,101,289,187,136,51
S01012676,Flat maisonette or apartment or mobile/temporary accommodation,8,0,0,0,8,5,3
S01012677,All people in households,583,323,109,214,260,208,52
S01012677,Whole house or bungalow: Total,528,320,109,211,208,161,47
S01012677,Whole house or bungalow: Detached,50,42,23,19,8,8,0
S01012677,Whole house or bungalow: Semi-detached,90,54,15,39,36,29,7
S01012677,Whole house or bungalow: Terraced (including end-terrace),388,224,71,153,164,124,40
S01012677,Flat maisonette or apartment or mobile/temporary accommodation,55,3,0,3,52,47,5
S01012678,All people in households,711,667,192,475,44,6,38
S01012678,Whole house or bungalow: Total,703,659,189,470,44,6,38
S01012678,Whole house or bungalow: Detached,83,79,28,51,4,0,4
S01012678,Whole house or bungalow: Semi-detached,595,561,153,408,34,2,32
S01012678,Whole house or bungalow: Terraced (including end-terrace),25,19,8,11,6,4,2
S01012678,Flat maisonette or apartment or mobile/temporary accommodation,8,8,3,5,0,0,0
S01012679,All people in households,791,560,166,394,231,205,26
S01012679,Whole house or bungalow: Total,654,535,154,381,119,100,19
S01012679,Whole house or bungalow: Detached,334,311,100,211,23,13,10
S01012679,Whole house or bungalow: Semi-detached,213,161,40,121,52,47,5
S01012679,Whole house or bungalow: Terraced (including end-terrace),107,63,14,49,44,40,4
S01012679,Flat maisonette or apartment or mobile/temporary accommodation,137,25,12,13,112,105,7
S01012680,All people in households,557,512,132,380,45,14,31
S01012680,Whole house or bungalow: Total,547,505,126,379,42,12,30
S01012680,Whole house or bungalow: Detached,359,349,67,282,10,0,10
S01012680,Whole house or bungalow: Semi-detached,114,96,34,62,18,4,14
S01012680,Whole house or bungalow: Terraced (including end-terrace),74,60,25,35,14,8,6
S01012680,Flat maisonette or apartment or mobile/temporary accommodation,10,7,6,1,3,2,1
S01012681,All people in households,705,542,228,314,163,61,102
S01012681,Whole house or bungalow: Total,584,482,210,272,102,19,83
S01012681,Whole house or bungalow: Detached,262,232,113,119,30,0,30
S01012681,Whole house or bungalow: Semi-detached,103,75,25,50,28,4,24
S01012681,Whole house or bungalow: Terraced (including end-terrace),219,175,72,103,44,15,29
S01012681,Flat maisonette or apartment or mobile/temporary accommodation,121,60,18,42,61,42,19
S01012682,All people in households,691,572,220,352,119,55,64
S01012682,Whole house or bungalow: Total,646,551,216,335,95,52,43
S01012682,Whole house or bungalow: Detached,346,316,113,203,30,4,26
S01012682,Whole house or bungalow: Semi-detached,143,121,54,67,22,17,5
S01012682,Whole house or bungalow: Terraced (including end-terrace),157,114,49,65,43,31,12
S01012682,Flat maisonette or apartment or mobile/temporary accommodation,45,21,4,17,24,3,21
S01012683,All people in households,749,479,165,314,270,231,39
S01012683,Whole house or bungalow: Total,543,458,164,294,85,52,33
S01012683,Whole house or bungalow: Detached,101,91,34,57,10,5,5
S01012683,Whole house or bungalow: Semi-detached,89,64,20,44,25,12,13
S01012683,Whole house or bungalow: Terraced (including end-terrace),353,303,110,193,50,35,15
S01012683,Flat maisonette or apartment or mobile/temporary accommodation,206,21,1,20,185,179,6
S01012684,All people in households,528,462,121,341,66,18,48
S01012684,Whole house or bungalow: Total,457,420,115,305,37,5,32
S01012684,Whole house or bungalow: Detached,123,117,40,77,6,2,4
S01012684,Whole house or bungalow: Semi-detached,252,236,56,180,16,0,16
S01012684,Whole house or bungalow: Terraced (including end-terrace),82,67,19,48,15,3,12
S01012684,Flat maisonette or apartment or mobile/temporary accommodation,71,42,6,36,29,13,16
S01012685,All people in households,779,535,113,422,244,218,26
S01012685,Whole house or bungalow: Total,748,524,112,412,224,202,22
S01012685,Whole house or bungalow: Detached,77,65,21,44,12,12,0
S01012685,Whole house or bungalow: Semi-detached,203,162,21,141,41,29,12
S01012685,Whole house or bungalow: Terraced (including end-terrace),468,297,70,227,171,161,10
S01012685,Flat maisonette or apartment or mobile/temporary accommodation,31,11,1,10,20,16,4
S01012686,All people in households,941,790,292,498,151,22,129
S01012686,Whole house or bungalow: Total,740,665,245,420,75,16,59
S01012686,Whole house or bungalow: Detached,414,387,144,243,27,0,27
S01012686,Whole house or bungalow: Semi-detached,256,219,80,139,37,9,28
S01012686,Whole house or bungalow: Terraced (including end-terrace),70,59,21,38,11,7,4
S01012686,Flat maisonette or apartment or mobile/temporary accommodation,201,125,47,78,76,6,70
S01012687,All people in households,538,525,292,233,13,3,10
S01012687,Whole house or bungalow: Total,534,524,292,232,10,0,10
S01012687,Whole house or bungalow: Detached,405,395,235,160,10,0,10
S01012687,Whole house or bungalow: Semi-detached,113,113,54,59,0,0,0
S01012687,Whole house or bungalow: Terraced (including end-terrace),16,16,3,13,0,0,0
S01012687,Flat maisonette or apartment or mobile/temporary accommodation,4,1,0,1,3,3,0
S01012688,All people in households,791,557,242,315,234,54,180
S01012688,Whole house or bungalow: Total,376,337,129,208,39,8,31
S01012688,Whole house or bungalow: Detached,118,114,48,66,4,0,4
S01012688,Whole house or bungalow: Semi-detached,107,92,42,50,15,6,9
S01012688,Whole house or bungalow: Terraced (including end-terrace),151,131,39,92,20,2,18
S01012688,Flat maisonette or apartment or mobile/temporary accommodation,415,220,113,107,195,46,149
S01012689,All people in households,481,428,177,251,53,23,30
S01012689,Whole house or bungalow: Total,465,417,177,240,48,21,27
S01012689,Whole house or bungalow: Detached,291,271,130,141,20,1,19
S01012689,Whole house or bungalow: Semi-detached,158,137,43,94,21,16,5
S01012689,Whole house or bungalow: Terraced (including end-terrace),16,9,4,5,7,4,3
S01012689,Flat maisonette or apartment or mobile/temporary accommodation,16,11,0,11,5,2,3
S01012690,All people in households,532,457,147,310,75,41,34
S01012690,Whole house or bungalow: Total,521,451,143,308,70,39,31
S01012690,Whole house or bungalow: Detached,180,163,52,111,17,6,11
S01012690,Whole house or bungalow: Semi-detached,324,285,91,194,39,25,14
S01012690,Whole house or bungalow: Terraced (including end-terrace),17,3,0,3,14,8,6
S01012690,Flat maisonette or apartment or mobile/temporary accommodation,11,6,4,2,5,2,3
S01012691,All people in households,766,716,250,466,50,5,45
S01012691,Whole house or bungalow: Total,705,668,232,436,37,5,32
S01012691,Whole house or bungalow: Detached,599,576,205,371,23,0,23
S01012691,Whole house or bungalow: Semi-detached,65,57,19,38,8,4,4
S01012691,Whole house or bungalow: Terraced (including end-terrace),41,35,8,27,6,1,5
S01012691,Flat maisonette or apartment or mobile/temporary accommodation,61,48,18,30,13,0,13
S01012692,All people in households,736,562,197,365,174,133,41
S01012692,Whole house or bungalow: Total,584,496,169,327,88,64,24
S01012692,Whole house or bungalow: Detached,138,128,58,70,10,7,3
S01012692,Whole house or bungalow: Semi-detached,301,267,83,184,34,20,14
S01012692,Whole house or bungalow: Terraced (including end-terrace),145,101,28,73,44,37,7
S01012692,Flat maisonette or apartment or mobile/temporary accommodation,152,66,28,38,86,69,17
S01012693,All people in households,905,872,309,563,33,16,17
S01012693,Whole house or bungalow: Total,895,871,308,563,24,11,13
S01012693,Whole house or bungalow: Detached,767,761,286,475,6,0,6
S01012693,Whole house or bungalow: Semi-detached,95,89,14,75,6,2,4
S01012693,Whole house or bungalow: Terraced (including end-terrace),33,21,8,13,12,9,3
S01012693,Flat maisonette or apartment or mobile/temporary accommodation,10,1,1,0,9,5,4
S01012694,All people in households,476,377,98,279,99,65,34
S01012694,Whole house or bungalow: Total,464,370,98,272,94,62,32
S01012694,Whole house or bungalow: Detached,173,173,43,130,0,0,0
S01012694,Whole house or bungalow: Semi-detached,108,87,11,76,21,7,14
S01012694,Whole house or bungalow: Terraced (including end-terrace),183,110,44,66,73,55,18
S01012694,Flat maisonette or apartment or mobile/temporary accommodation,12,7,0,7,5,3,2
S01012695,All people in households,830,669,279,390,161,74,87
S01012695,Whole house or bungalow: Total,811,668,279,389,143,64,79
S01012695,Whole house or bungalow: Detached,480,435,232,203,45,0,45
S01012695,Whole house or bungalow: Semi-detached,241,155,38,117,86,58,28
S01012695,Whole house or bungalow: Terraced (including end-terrace),90,78,9,69,12,6,6
S01012695,Flat maisonette or apartment or mobile/temporary accommodation,19,1,0,1,18,10,8
S01012696,All people in households,689,613,290,323,76,7,69
S01012696,Whole house or bungalow: Total,658,590,268,322,68,5,63
S01012696,Whole house or bungalow: Detached,490,452,242,210,38,0,38
S01012696,Whole house or bungalow: Semi-detached,97,86,17,69,11,2,9
S01012696,Whole house or bungalow: Terraced (including end-terrace),71,52,9,43,19,3,16
S01012696,Flat maisonette or apartment or mobile/temporary accommodation,31,23,22,1,8,2,6
S01012697,All people in households,509,436,195,241,73,20,53
S01012697,Whole house or bungalow: Total,489,429,191,238,60,13,47
S01012697,Whole house or bungalow: Detached,265,247,133,114,18,0,18
S01012697,Whole house or bungalow: Semi-detached,117,82,35,47,35,9,26
S01012697,Whole house or bungalow: Terraced (including end-terrace),107,100,23,77,7,4,3
S01012697,Flat maisonette or apartment or mobile/temporary accommodation,20,7,4,3,13,7,6
S01012698,All people in households,748,648,249,399,100,49,51
S01012698,Whole house or bungalow: Total,711,629,246,383,82,35,47
S01012698,Whole house or bungalow: Detached,478,444,187,257,34,1,33
S01012698,Whole house or bungalow: Semi-detached,87,73,23,50,14,10,4
S01012698,Whole house or bungalow: Terraced (including end-terrace),146,112,36,76,34,24,10
S01012698,Flat maisonette or apartment or mobile/temporary accommodation,37,19,3,16,18,14,4
S01012699,All people in households,1045,856,300,556,189,113,76
S01012699,Whole house or bungalow: Total,987,824,294,530,163,93,70
S01012699,Whole house or bungalow: Detached,582,548,213,335,34,0,34
S01012699,Whole house or bungalow: Semi-detached,174,116,34,82,58,41,17
S01012699,Whole house or bungalow: Terraced (including end-terrace),231,160,47,113,71,52,19
S01012699,Flat maisonette or apartment or mobile/temporary accommodation,58,32,6,26,26,20,6
S01012700,All people in households,818,676,287,389,142,69,73
S01012700,Whole house or bungalow: Total,777,670,285,385,107,51,56
S01012700,Whole house or bungalow: Detached,491,447,209,238,44,10,34
S01012700,Whole house or bungalow: Semi-detached,186,150,56,94,36,19,17
S01012700,Whole house or bungalow: Terraced (including end-terrace),100,73,20,53,27,22,5
S01012700,Flat maisonette or apartment or mobile/temporary accommodation,41,6,2,4,35,18,17
S01012701,All people in households,551,510,264,246,41,13,28
S01012701,Whole house or bungalow: Total,541,506,262,244,35,7,28
S01012701,Whole house or bungalow: Detached,161,151,93,58,10,1,9
S01012701,Whole house or bungalow: Semi-detached,361,340,168,172,21,2,19
S01012701,Whole house or bungalow: Terraced (including end-terrace),19,15,1,14,4,4,0
S01012701,Flat maisonette or apartment or mobile/temporary accommodation,10,4,2,2,6,6,0
S01012702,All people in households,588,458,141,317,130,37,93
S01012702,Whole house or bungalow: Total,486,430,133,297,56,26,30
S01012702,Whole house or bungalow: Detached,210,191,49,142,19,3,16
S01012702,Whole house or bungalow: Semi-detached,216,189,80,109,27,19,8
S01012702,Whole house or bungalow: Terraced (including end-terrace),60,50,4,46,10,4,6
S01012702,Flat maisonette or apartment or mobile/temporary accommodation,102,28,8,20,74,11,63
S01012703,All people in households,606,519,69,450,87,62,25
S01012703,Whole house or bungalow: Total,593,517,67,450,76,56,20
S01012703,Whole house or bungalow: Detached,456,442,52,390,14,1,13
S01012703,Whole house or bungalow: Semi-detached,41,31,7,24,10,10,0
S01012703,Whole house or bungalow: Terraced (including end-terrace),96,44,8,36,52,45,7
S01012703,Flat maisonette or apartment or mobile/temporary accommodation,13,2,2,0,11,6,5
S01012704,All people in households,772,494,95,399,278,240,38
S01012704,Whole house or bungalow: Total,693,469,84,385,224,187,37
S01012704,Whole house or bungalow: Detached,22,7,3,4,15,7,8
S01012704,Whole house or bungalow: Semi-detached,156,116,22,94,40,28,12
S01012704,Whole house or bungalow: Terraced (including end-terrace),515,346,59,287,169,152,17
S01012704,Flat maisonette or apartment or mobile/temporary accommodation,79,25,11,14,54,53,1
S01012705,All people in households,780,749,138,611,31,10,21
S01012705,Whole house or bungalow: Total,761,738,134,604,23,9,14
S01012705,Whole house or bungalow: Detached,379,366,79,287,13,0,13
S01012705,Whole house or bungalow: Semi-detached,357,356,53,303,1,0,1
S01012705,Whole house or bungalow: Terraced (including end-terrace),25,16,2,14,9,9,0
S01012705,Flat maisonette or apartment or mobile/temporary accommodation,19,11,4,7,8,1,7
S01012706,All people in households,687,458,102,356,229,191,38
S01012706,Whole house or bungalow: Total,622,441,95,346,181,150,31
S01012706,Whole house or bungalow: Detached,50,40,3,37,10,7,3
S01012706,Whole house or bungalow: Semi-detached,162,103,19,84,59,36,23
S01012706,Whole house or bungalow: Terraced (including end-terrace),410,298,73,225,112,107,5
S01012706,Flat maisonette or apartment or mobile/temporary accommodation,65,17,7,10,48,41,7
S01012707,All people in households,898,844,302,542,54,11,43
S01012707,Whole house or bungalow: Total,886,840,302,538,46,3,43
S01012707,Whole house or bungalow: Detached,412,392,157,235,20,0,20
S01012707,Whole house or bungalow: Semi-detached,462,443,145,298,19,0,19
S01012707,Whole house or bungalow: Terraced (including end-terrace),12,5,0,5,7,3,4
S01012707,Flat maisonette or apartment or mobile/temporary accommodation,12,4,0,4,8,8,0
S01012708,All people in households,723,452,118,334,271,221,50
S01012708,Whole house or bungalow: Total,308,228,51,177,80,42,38
S01012708,Whole house or bungalow: Detached,75,62,16,46,13,2,11
S01012708,Whole house or bungalow: Semi-detached,121,95,16,79,26,14,12
S01012708,Whole house or bungalow: Terraced (including end-terrace),112,71,19,52,41,26,15
S01012708,Flat maisonette or apartment or mobile/temporary accommodation,415,224,67,157,191,179,12
S01012709,All people in households,506,336,132,204,170,147,23
S01012709,Whole house or bungalow: Total,409,336,132,204,73,54,19
S01012709,Whole house or bungalow: Detached,64,56,29,27,8,7,1
S01012709,Whole house or bungalow: Semi-detached,211,190,73,117,21,8,13
S01012709,Whole house or bungalow: Terraced (including end-terrace),134,90,30,60,44,39,5
S01012709,Flat maisonette or apartment or mobile/temporary accommodation,97,0,0,0,97,93,4
S01012710,All people in households,697,406,127,279,291,237,54
S01012710,Whole house or bungalow: Total,359,281,93,188,78,71,7
S01012710,Whole house or bungalow: Detached,138,133,54,79,5,4,1
S01012710,Whole house or bungalow: Semi-detached,161,111,34,77,50,44,6
S01012710,Whole house or bungalow: Terraced (including end-terrace),60,37,5,32,23,23,0
S01012710,Flat maisonette or apartment or mobile/temporary accommodation,338,125,34,91,213,166,47
S01012711,All people in households,768,366,141,225,402,318,84
S01012711,Whole house or bungalow: Total,411,261,109,152,150,127,23
S01012711,Whole house or bungalow: Detached,42,38,10,28,4,0,4
S01012711,Whole house or bungalow: Semi-detached,187,131,54,77,56,39,17
S01012711,Whole house or bungalow: Terraced (including end-terrace),182,92,45,47,90,88,2
S01012711,Flat maisonette or apartment or mobile/temporary accommodation,357,105,32,73,252,191,61
S01012712,All people in households,857,802,339,463,55,18,37
S01012712,Whole house or bungalow: Total,844,802,339,463,42,9,33
S01012712,Whole house or bungalow: Detached,496,488,215,273,8,0,8
S01012712,Whole house or bungalow: Semi-detached,333,306,124,182,27,5,22
S01012712,Whole house or bungalow: Terraced (including end-terrace),15,8,0,8,7,4,3
S01012712,Flat maisonette or apartment or mobile/temporary accommodation,13,0,0,0,13,9,4
S01012713,All people in households,727,641,307,334,86,43,43
S01012713,Whole house or bungalow: Total,573,549,267,282,24,5,19
S01012713,Whole house or bungalow: Detached,110,108,65,43,2,0,2
S01012713,Whole house or bungalow: Semi-detached,425,408,184,224,17,1,16
S01012713,Whole house or bungalow: Terraced (including end-terrace),38,33,18,15,5,4,1
S01012713,Flat maisonette or apartment or mobile/temporary accommodation,154,92,40,52,62,38,24
S01012714,All people in households,598,572,293,279,26,11,15
S01012714,Whole house or bungalow: Total,533,530,274,256,3,3,0
S01012714,Whole house or bungalow: Detached,262,262,148,114,0,0,0
S01012714,Whole house or bungalow: Semi-detached,236,236,115,121,0,0,0
S01012714,Whole house or bungalow: Terraced (including end-terrace),35,32,11,21,3,3,0
S01012714,Flat maisonette or apartment or mobile/temporary accommodation,65,42,19,23,23,8,15
S01012715,All people in households,696,436,166,270,260,148,112
S01012715,Whole house or bungalow: Total,257,239,86,153,18,3,15
S01012715,Whole house or bungalow: Detached,48,44,23,21,4,0,4
S01012715,Whole house or bungalow: Semi-detached,163,159,45,114,4,1,3
S01012715,Whole house or bungalow: Terraced (including end-terrace),46,36,18,18,10,2,8
S01012715,Flat maisonette or apartment or mobile/temporary accommodation,439,197,80,117,242,145,97
S01012716,All people in households,802,688,372,316,114,38,76
S01012716,Whole house or bungalow: Total,675,616,333,283,59,33,26
S01012716,Whole house or bungalow: Detached,486,465,254,211,21,5,16
S01012716,Whole house or bungalow: Semi-detached,172,140,74,66,32,25,7
S01012716,Whole house or bungalow: Terraced (including end-terrace),17,11,5,6,6,3,3
S01012716,Flat maisonette or apartment or mobile/temporary accommodation,127,72,39,33,55,5,50
S01012717,All people in households,945,540,270,270,405,210,195
S01012717,Whole house or bungalow: Total,343,318,170,148,25,5,20
S01012717,Whole house or bungalow: Detached,113,102,67,35,11,2,9
S01012717,Whole house or bungalow: Semi-detached,185,178,89,89,7,0,7
S01012717,Whole house or bungalow: Terraced (including end-terrace),45,38,14,24,7,3,4
S01012717,Flat maisonette or apartment or mobile/temporary accommodation,602,222,100,122,380,205,175
S01012718,All people in households,942,687,289,398,255,71,184
S01012718,Whole house or bungalow: Total,330,288,115,173,42,24,18
S01012718,Whole house or bungalow: Detached,80,74,26,48,6,0,6
S01012718,Whole house or bungalow: Semi-detached,214,201,87,114,13,6,7
S01012718,Whole house or bungalow: Terraced (including end-terrace),36,13,2,11,23,18,5
S01012718,Flat maisonette or apartment or mobile/temporary accommodation,612,399,174,225,213,47,166
S01012719,All people in households,771,429,161,268,342,100,242
S01012719,Whole house or bungalow: Total,188,158,64,94,30,14,16
S01012719,Whole house or bungalow: Detached,103,95,43,52,8,0,8
S01012719,Whole house or bungalow: Semi-detached,42,29,6,23,13,10,3
S01012719,Whole house or bungalow: Terraced (including end-terrace),43,34,15,19,9,4,5
S01012719,Flat maisonette or apartment or mobile/temporary accommodation,583,271,97,174,312,86,226
S01012720,All people in households,506,288,75,213,218,27,191
S01012720,Whole house or bungalow: Total,127,119,33,86,8,1,7
S01012720,Whole house or bungalow: Detached,115,111,31,80,4,0,4
S01012720,Whole house or bungalow: Semi-detached,9,6,0,6,3,1,2
S01012720,Whole house or bungalow: Terraced (including end-terrace),3,2,2,0,1,0,1
S01012720,Flat maisonette or apartment or mobile/temporary accommodation,379,169,42,127,210,26,184
S01012721,All people in households,644,510,177,333,134,72,62
S01012721,Whole house or bungalow: Total,556,461,161,300,95,60,35
S01012721,Whole house or bungalow: Detached,15,10,4,6,5,1,4
S01012721,Whole house or bungalow: Semi-detached,432,355,133,222,77,57,20
S01012721,Whole house or bungalow: Terraced (including end-terrace),109,96,24,72,13,2,11
S01012721,Flat maisonette or apartment or mobile/temporary accommodation,88,49,16,33,39,12,27
S01012722,All people in households,742,414,116,298,328,256,72
S01012722,Whole house or bungalow: Total,286,213,47,166,73,59,14
S01012722,Whole house or bungalow: Detached,12,12,0,12,0,0,0
S01012722,Whole house or bungalow: Semi-detached,262,189,45,144,73,59,14
S01012722,Whole house or bungalow: Terraced (including end-terrace),12,12,2,10,0,0,0
S01012722,Flat maisonette or apartment or mobile/temporary accommodation,456,201,69,132,255,197,58
S01012723,All people in households,688,366,123,243,322,261,61
S01012723,Whole house or bungalow: Total,301,203,72,131,98,71,27
S01012723,Whole house or bungalow: Detached,18,13,2,11,5,1,4
S01012723,Whole house or bungalow: Semi-detached,261,183,70,113,78,59,19
S01012723,Whole house or bungalow: Terraced (including end-terrace),22,7,0,7,15,11,4
S01012723,Flat maisonette or apartment or mobile/temporary accommodation,387,163,51,112,224,190,34
S01012724,All people in households,728,498,199,299,230,108,122
S01012724,Whole house or bungalow: Total,345,293,115,178,52,20,32
S01012724,Whole house or bungalow: Detached,46,41,9,32,5,0,5
S01012724,Whole house or bungalow: Semi-detached,214,188,63,125,26,9,17
S01012724,Whole house or bungalow: Terraced (including end-terrace),85,64,43,21,21,11,10
S01012724,Flat maisonette or apartment or mobile/temporary accommodation,383,205,84,121,178,88,90
S01012725,All people in households,881,595,208,387,286,115,171
S01012725,Whole house or bungalow: Total,326,310,115,195,16,5,11
S01012725,Whole house or bungalow: Detached,198,196,68,128,2,0,2
S01012725,Whole house or bungalow: Semi-detached,97,85,33,52,12,3,9
S01012725,Whole house or bungalow: Terraced (including end-terrace),31,29,14,15,2,2,0
S01012725,Flat maisonette or apartment or mobile/temporary accommodation,555,285,93,192,270,110,160
S01012726,All people in households,641,471,181,290,170,134,36
S01012726,Whole house or bungalow: Total,511,403,146,257,108,88,20
S01012726,Whole house or bungalow: Detached,31,27,13,14,4,0,4
S01012726,Whole house or bungalow: Semi-detached,280,217,80,137,63,59,4
S01012726,Whole house or bungalow: Terraced (including end-terrace),200,159,53,106,41,29,12
S01012726,Flat maisonette or apartment or mobile/temporary accommodation,130,68,35,33,62,46,16
S01012727,All people in households,708,327,84,243,381,357,24
S01012727,Whole house or bungalow: Total,565,306,73,233,259,243,16
S01012727,Whole house or bungalow: Detached,49,28,7,21,21,15,6
S01012727,Whole house or bungalow: Semi-detached,263,124,25,99,139,135,4
S01012727,Whole house or bungalow: Terraced (including end-terrace),253,154,41,113,99,93,6
S01012727,Flat maisonette or apartment or mobile/temporary accommodation,143,21,11,10,122,114,8
S01012728,All people in households,814,218,50,168,596,540,56
S01012728,Whole house or bungalow: Total,398,151,24,127,247,206,41
S01012728,Whole house or bungalow: Detached,35,20,3,17,15,7,8
S01012728,Whole house or bungalow: Semi-detached,194,88,16,72,106,90,16
S01012728,Whole house or bungalow: Terraced (including end-terrace),169,43,5,38,126,109,17
S01012728,Flat maisonette or apartment or mobile/temporary accommodation,416,67,26,41,349,334,15
S01012729,All people in households,837,686,171,515,151,109,42
S01012729,Whole house or bungalow: Total,719,645,157,488,74,54,20
S01012729,Whole house or bungalow: Detached,178,172,41,131,6,4,2
S01012729,Whole house or bungalow: Semi-detached,426,390,82,308,36,22,14
S01012729,Whole house or bungalow: Terraced (including end-terrace),115,83,34,49,32,28,4
S01012729,Flat maisonette or apartment or mobile/temporary accommodation,118,41,14,27,77,55,22
S01012730,All people in households,556,327,83,244,229,200,29
S01012730,Whole house or bungalow: Total,437,283,73,210,154,135,19
S01012730,Whole house or bungalow: Detached,27,22,2,20,5,5,0
S01012730,Whole house or bungalow: Semi-detached,24,12,3,9,12,7,5
S01012730,Whole house or bungalow: Terraced (including end-terrace),386,249,68,181,137,123,14
S01012730,Flat maisonette or apartment or mobile/temporary accommodation,119,44,10,34,75,65,10
S01012731,All people in households,797,517,137,380,280,241,39
S01012731,Whole house or bungalow: Total,695,480,126,354,215,186,29
S01012731,Whole house or bungalow: Detached,29,26,10,16,3,3,0
S01012731,Whole house or bungalow: Semi-detached,336,228,55,173,108,95,13
S01012731,Whole house or bungalow: Terraced (including end-terrace),330,226,61,165,104,88,16
S01012731,Flat maisonette or apartment or mobile/temporary accommodation,102,37,11,26,65,55,10
S01012732,All people in households,678,483,134,349,195,152,43
S01012732,Whole house or bungalow: Total,650,473,134,339,177,135,42
S01012732,Whole house or bungalow: Detached,39,32,11,21,7,4,3
S01012732,Whole house or bungalow: Semi-detached,49,38,16,22,11,9,2
S01012732,Whole house or bungalow: Terraced (including end-terrace),562,403,107,296,159,122,37
S01012732,Flat maisonette or apartment or mobile/temporary accommodation,28,10,0,10,18,17,1
S01012733,All people in households,1087,983,102,881,104,28,76
S01012733,Whole house or bungalow: Total,1004,926,95,831,78,20,58
S01012733,Whole house or bungalow: Detached,895,834,74,760,61,3,58
S01012733,Whole house or bungalow: Semi-detached,65,56,18,38,9,9,0
S01012733,Whole house or bungalow: Terraced (including end-terrace),44,36,3,33,8,8,0
S01012733,Flat maisonette or apartment or mobile/temporary accommodation,83,57,7,50,26,8,18
S01012734,All people in households,640,605,43,562,35,12,23
S01012734,Whole house or bungalow: Total,627,596,43,553,31,8,23
S01012734,Whole house or bungalow: Detached,555,543,29,514,12,0,12
S01012734,Whole house or bungalow: Semi-detached,52,45,12,33,7,4,3
S01012734,Whole house or bungalow: Terraced (including end-terrace),20,8,2,6,12,4,8
S01012734,Flat maisonette or apartment or mobile/temporary accommodation,13,9,0,9,4,4,0
S01012735,All people in households,476,331,113,218,145,102,43
S01012735,Whole house or bungalow: Total,371,294,106,188,77,60,17
S01012735,Whole house or bungalow: Detached,20,18,2,16,2,0,2
S01012735,Whole house or bungalow: Semi-detached,48,34,13,21,14,12,2
S01012735,Whole house or bungalow: Terraced (including end-terrace),303,242,91,151,61,48,13
S01012735,Flat maisonette or apartment or mobile/temporary accommodation,105,37,7,30,68,42,26
S01012736,All people in households,959,732,156,576,227,150,77
S01012736,Whole house or bungalow: Total,891,701,138,563,190,121,69
S01012736,Whole house or bungalow: Detached,105,91,18,73,14,5,9
S01012736,Whole house or bungalow: Semi-detached,551,437,82,355,114,77,37
S01012736,Whole house or bungalow: Terraced (including end-terrace),235,173,38,135,62,39,23
S01012736,Flat maisonette or apartment or mobile/temporary accommodation,68,31,18,13,37,29,8
S01012737,All people in households,800,674,123,551,126,54,72
S01012737,Whole house or bungalow: Total,704,610,108,502,94,46,48
S01012737,Whole house or bungalow: Detached,184,167,16,151,17,12,5
S01012737,Whole house or bungalow: Semi-detached,165,138,39,99,27,18,9
S01012737,Whole house or bungalow: Terraced (including end-terrace),355,305,53,252,50,16,34
S01012737,Flat maisonette or apartment or mobile/temporary accommodation,96,64,15,49,32,8,24
S01012738,All people in households,612,427,129,298,185,159,26
S01012738,Whole house or bungalow: Total,530,375,112,263,155,134,21
S01012738,Whole house or bungalow: Detached,90,83,17,66,7,5,2
S01012738,Whole house or bungalow: Semi-detached,183,99,39,60,84,76,8
S01012738,Whole house or bungalow: Terraced (including end-terrace),257,193,56,137,64,53,11
S01012738,Flat maisonette or apartment or mobile/temporary accommodation,82,52,17,35,30,25,5
S01012739,All people in households,841,775,80,695,66,11,55
S01012739,Whole house or bungalow: Total,831,773,78,695,58,8,50
S01012739,Whole house or bungalow: Detached,640,611,69,542,29,0,29
S01012739,Whole house or bungalow: Semi-detached,149,135,9,126,14,3,11
S01012739,Whole house or bungalow: Terraced (including end-terrace),42,27,0,27,15,5,10
S01012739,Flat maisonette or apartment or mobile/temporary accommodation,10,2,2,0,8,3,5
S01012740,All people in households,890,719,95,624,171,140,31
S01012740,Whole house or bungalow: Total,860,714,94,620,146,116,30
S01012740,Whole house or bungalow: Detached,651,632,92,540,19,0,19
S01012740,Whole house or bungalow: Semi-detached,113,57,0,57,56,45,11
S01012740,Whole house or bungalow: Terraced (including end-terrace),96,25,2,23,71,71,0
S01012740,Flat maisonette or apartment or mobile/temporary accommodation,30,5,1,4,25,24,1
S01012741,All people in households,555,516,139,377,39,15,24
S01012741,Whole house or bungalow: Total,498,480,135,345,18,8,10
S01012741,Whole house or bungalow: Detached,156,155,64,91,1,1,0
S01012741,Whole house or bungalow: Semi-detached,266,255,61,194,11,7,4
S01012741,Whole house or bungalow: Terraced (including end-terrace),76,70,10,60,6,0,6
S01012741,Flat maisonette or apartment or mobile/temporary accommodation,57,36,4,32,21,7,14
S01012742,All people in households,689,636,256,380,53,26,27
S01012742,Whole house or bungalow: Total,681,634,254,380,47,20,27
S01012742,Whole house or bungalow: Detached,323,306,103,203,17,0,17
S01012742,Whole house or bungalow: Semi-detached,326,307,145,162,19,9,10
S01012742,Whole house or bungalow: Terraced (including end-terrace),32,21,6,15,11,11,0
S01012742,Flat maisonette or apartment or mobile/temporary accommodation,8,2,2,0,6,6,0
S01012743,All people in households,581,547,265,282,34,3,31
S01012743,Whole house or bungalow: Total,577,547,265,282,30,3,27
S01012743,Whole house or bungalow: Detached,251,242,111,131,9,0,9
S01012743,Whole house or bungalow: Semi-detached,306,295,150,145,11,0,11
S01012743,Whole house or bungalow: Terraced (including end-terrace),20,10,4,6,10,3,7
S01012743,Flat maisonette or apartment or mobile/temporary accommodation,4,0,0,0,4,0,4
S01012744,All people in households,675,633,154,479,42,8,34
S01012744,Whole house or bungalow: Total,659,624,154,470,35,5,30
S01012744,Whole house or bungalow: Detached,235,227,72,155,8,0,8
S01012744,Whole house or bungalow: Semi-detached,372,351,78,273,21,5,16
S01012744,Whole house or bungalow: Terraced (including end-terrace),52,46,4,42,6,0,6
S01012744,Flat maisonette or apartment or mobile/temporary accommodation,16,9,0,9,7,3,4
S01012745,All people in households,704,669,274,395,35,17,18
S01012745,Whole house or bungalow: Total,683,657,274,383,26,13,13
S01012745,Whole house or bungalow: Detached,317,308,125,183,9,4,5
S01012745,Whole house or bungalow: Semi-detached,326,319,140,179,7,0,7
S01012745,Whole house or bungalow: Terraced (including end-terrace),40,30,9,21,10,9,1
S01012745,Flat maisonette or apartment or mobile/temporary accommodation,21,12,0,12,9,4,5
S01012746,All people in households,772,645,148,497,127,65,62
S01012746,Whole house or bungalow: Total,738,639,145,494,99,39,60
S01012746,Whole house or bungalow: Detached,224,199,50,149,25,3,22
S01012746,Whole house or bungalow: Semi-detached,286,263,61,202,23,5,18
S01012746,Whole house or bungalow: Terraced (including end-terrace),228,177,34,143,51,31,20
S01012746,Flat maisonette or apartment or mobile/temporary accommodation,34,6,3,3,28,26,2
S01012747,All people in households,831,587,200,387,244,212,32
S01012747,Whole house or bungalow: Total,791,578,200,378,213,184,29
S01012747,Whole house or bungalow: Detached,198,182,71,111,16,12,4
S01012747,Whole house or bungalow: Semi-detached,331,274,96,178,57,46,11
S01012747,Whole house or bungalow: Terraced (including end-terrace),262,122,33,89,140,126,14
S01012747,Flat maisonette or apartment or mobile/temporary accommodation,40,9,0,9,31,28,3
S01012748,All people in households,829,286,84,202,543,494,49
S01012748,Whole house or bungalow: Total,595,221,73,148,374,338,36
S01012748,Whole house or bungalow: Detached,37,16,3,13,21,17,4
S01012748,Whole house or bungalow: Semi-detached,223,95,35,60,128,109,19
S01012748,Whole house or bungalow: Terraced (including end-terrace),335,110,35,75,225,212,13
S01012748,Flat maisonette or apartment or mobile/temporary accommodation,234,65,11,54,169,156,13
S01012749,All people in households,876,338,74,264,538,468,70
S01012749,Whole house or bungalow: Total,640,311,68,243,329,295,34
S01012749,Whole house or bungalow: Detached,43,28,15,13,15,9,6
S01012749,Whole house or bungalow: Semi-detached,257,143,33,110,114,105,9
S01012749,Whole house or bungalow: Terraced (including end-terrace),340,140,20,120,200,181,19
S01012749,Flat maisonette or apartment or mobile/temporary accommodation,236,27,6,21,209,173,36
S01012750,All people in households,788,355,79,276,433,321,112
S01012750,Whole house or bungalow: Total,537,317,64,253,220,179,41
S01012750,Whole house or bungalow: Detached,30,12,1,11,18,15,3
S01012750,Whole house or bungalow: Semi-detached,155,94,16,78,61,45,16
S01012750,Whole house or bungalow: Terraced (including end-terrace),352,211,47,164,141,119,22
S01012750,Flat maisonette or apartment or mobile/temporary accommodation,251,38,15,23,213,142,71
S01012751,All people in households,817,549,230,319,268,225,43
S01012751,Whole house or bungalow: Total,620,498,211,287,122,91,31
S01012751,Whole house or bungalow: Detached,23,15,9,6,8,0,8
S01012751,Whole house or bungalow: Semi-detached,365,297,115,182,68,57,11
S01012751,Whole house or bungalow: Terraced (including end-terrace),232,186,87,99,46,34,12
S01012751,Flat maisonette or apartment or mobile/temporary accommodation,197,51,19,32,146,134,12
S01012752,All people in households,832,499,140,359,333,290,43
S01012752,Whole house or bungalow: Total,736,464,132,332,272,246,26
S01012752,Whole house or bungalow: Detached,185,170,39,131,15,12,3
S01012752,Whole house or bungalow: Semi-detached,138,94,34,60,44,35,9
S01012752,Whole house or bungalow: Terraced (including end-terrace),413,200,59,141,213,199,14
S01012752,Flat maisonette or apartment or mobile/temporary accommodation,96,35,8,27,61,44,17
S01012753,All people in households,496,218,64,154,278,242,36
S01012753,Whole house or bungalow: Total,449,199,56,143,250,225,25
S01012753,Whole house or bungalow: Detached,36,25,3,22,11,11,0
S01012753,Whole house or bungalow: Semi-detached,79,18,4,14,61,61,0
S01012753,Whole house or bungalow: Terraced (including end-terrace),334,156,49,107,178,153,25
S01012753,Flat maisonette or apartment or mobile/temporary accommodation,47,19,8,11,28,17,11
S01012754,All people in households,538,333,129,204,205,182,23
S01012754,Whole house or bungalow: Total,501,324,128,196,177,161,16
S01012754,Whole house or bungalow: Detached,65,50,29,21,15,11,4
S01012754,Whole house or bungalow: Semi-detached,193,137,64,73,56,45,11
S01012754,Whole house or bungalow: Terraced (including end-terrace),243,137,35,102,106,105,1
S01012754,Flat maisonette or apartment or mobile/temporary accommodation,37,9,1,8,28,21,7
S01012755,All people in households,499,216,69,147,283,251,32
S01012755,Whole house or bungalow: Total,265,166,58,108,99,80,19
S01012755,Whole house or bungalow: Detached,35,31,11,20,4,4,0
S01012755,Whole house or bungalow: Semi-detached,140,78,33,45,62,49,13
S01012755,Whole house or bungalow: Terraced (including end-terrace),90,57,14,43,33,27,6
S01012755,Flat maisonette or apartment or mobile/temporary accommodation,234,50,11,39,184,171,13
S01012756,All people in households,496,343,153,190,153,130,23
S01012756,Whole house or bungalow: Total,376,313,143,170,63,55,8
S01012756,Whole house or bungalow: Detached,69,60,41,19,9,8,1
S01012756,Whole house or bungalow: Semi-detached,204,180,71,109,24,24,0
S01012756,Whole house or bungalow: Terraced (including end-terrace),103,73,31,42,30,23,7
S01012756,Flat maisonette or apartment or mobile/temporary accommodation,120,30,10,20,90,75,15
S01012757,All people in households,461,278,93,185,183,156,27
S01012757,Whole house or bungalow: Total,310,208,67,141,102,83,19
S01012757,Whole house or bungalow: Detached,16,15,6,9,1,0,1
S01012757,Whole house or bungalow: Semi-detached,126,95,42,53,31,29,2
S01012757,Whole house or bungalow: Terraced (including end-terrace),168,98,19,79,70,54,16
S01012757,Flat maisonette or apartment or mobile/temporary accommodation,151,70,26,44,81,73,8
S01012758,All people in households,608,423,117,306,185,148,37
S01012758,Whole house or bungalow: Total,553,412,114,298,141,113,28
S01012758,Whole house or bungalow: Detached,161,152,50,102,9,5,4
S01012758,Whole house or bungalow: Semi-detached,113,75,21,54,38,32,6
S01012758,Whole house or bungalow: Terraced (including end-terrace),279,185,43,142,94,76,18
S01012758,Flat maisonette or apartment or mobile/temporary accommodation,55,11,3,8,44,35,9
S01012759,All people in households,722,403,125,278,319,273,46
S01012759,Whole house or bungalow: Total,617,372,121,251,245,205,40
S01012759,Whole house or bungalow: Detached,44,29,8,21,15,12,3
S01012759,Whole house or bungalow: Semi-detached,194,107,40,67,87,55,32
S01012759,Whole house or bungalow: Terraced (including end-terrace),379,236,73,163,143,138,5
S01012759,Flat maisonette or apartment or mobile/temporary accommodation,105,31,4,27,74,68,6
S01012760,All people in households,959,462,117,345,497,386,111
S01012760,Whole house or bungalow: Total,526,355,92,263,171,138,33
S01012760,Whole house or bungalow: Detached,77,60,15,45,17,9,8
S01012760,Whole house or bungalow: Semi-detached,234,171,40,131,63,52,11
S01012760,Whole house or bungalow: Terraced (including end-terrace),215,124,37,87,91,77,14
S01012760,Flat maisonette or apartment or mobile/temporary accommodation,433,107,25,82,326,248,78
S01012761,All people in households,754,523,158,365,231,175,56
S01012761,Whole house or bungalow: Total,610,471,141,330,139,109,30
S01012761,Whole house or bungalow: Detached,137,129,28,101,8,4,4
S01012761,Whole house or bungalow: Semi-detached,95,63,24,39,32,29,3
S01012761,Whole house or bungalow: Terraced (including end-terrace),378,279,89,190,99,76,23
S01012761,Flat maisonette or apartment or mobile/temporary accommodation,144,52,17,35,92,66,26
S01012762,All people in households,708,588,226,362,120,72,48
S01012762,Whole house or bungalow: Total,659,565,217,348,94,54,40
S01012762,Whole house or bungalow: Detached,127,112,52,60,15,6,9
S01012762,Whole house or bungalow: Semi-detached,80,70,16,54,10,9,1
S01012762,Whole house or bungalow: Terraced (including end-terrace),452,383,149,234,69,39,30
S01012762,Flat maisonette or apartment or mobile/temporary accommodation,49,23,9,14,26,18,8
S01012763,All people in households,402,267,76,191,135,121,14
S01012763,Whole house or bungalow: Total,395,262,71,191,133,121,12
S01012763,Whole house or bungalow: Detached,31,22,11,11,9,7,2
S01012763,Whole house or bungalow: Semi-detached,44,24,9,15,20,17,3
S01012763,Whole house or bungalow: Terraced (including end-terrace),320,216,51,165,104,97,7
S01012763,Flat maisonette or apartment or mobile/temporary accommodation,7,5,5,0,2,0,2
S01012764,All people in households,764,465,147,318,299,241,58
S01012764,Whole house or bungalow: Total,705,457,144,313,248,203,45
S01012764,Whole house or bungalow: Detached,91,77,24,53,14,10,4
S01012764,Whole house or bungalow: Semi-detached,139,89,32,57,50,36,14
S01012764,Whole house or bungalow: Terraced (including end-terrace),475,291,88,203,184,157,27
S01012764,Flat maisonette or apartment or mobile/temporary accommodation,59,8,3,5,51,38,13
S01012765,All people in households,717,495,154,341,222,210,12
S01012765,Whole house or bungalow: Total,710,490,151,339,220,209,11
S01012765,Whole house or bungalow: Detached,183,163,57,106,20,15,5
S01012765,Whole house or bungalow: Semi-detached,266,203,66,137,63,57,6
S01012765,Whole house or bungalow: Terraced (including end-terrace),261,124,28,96,137,137,0
S01012765,Flat maisonette or apartment or mobile/temporary accommodation,7,5,3,2,2,1,1
S01012766,All people in households,904,544,82,462,360,309,51
S01012766,Whole house or bungalow: Total,887,539,80,459,348,298,50
S01012766,Whole house or bungalow: Detached,212,201,20,181,11,6,5
S01012766,Whole house or bungalow: Semi-detached,215,137,21,116,78,66,12
S01012766,Whole house or bungalow: Terraced (including end-terrace),460,201,39,162,259,226,33
S01012766,Flat maisonette or apartment or mobile/temporary accommodation,17,5,2,3,12,11,1
S01012767,All people in households,568,540,207,333,28,15,13
S01012767,Whole house or bungalow: Total,561,536,207,329,25,12,13
S01012767,Whole house or bungalow: Detached,134,129,55,74,5,0,5
S01012767,Whole house or bungalow: Semi-detached,406,397,152,245,9,3,6
S01012767,Whole house or bungalow: Terraced (including end-terrace),21,10,0,10,11,9,2
S01012767,Flat maisonette or apartment or mobile/temporary accommodation,7,4,0,4,3,3,0
S01012768,All people in households,726,697,280,417,29,9,20
S01012768,Whole house or bungalow: Total,714,691,280,411,23,6,17
S01012768,Whole house or bungalow: Detached,210,201,106,95,9,3,6
S01012768,Whole house or bungalow: Semi-detached,483,472,166,306,11,0,11
S01012768,Whole house or bungalow: Terraced (including end-terrace),21,18,8,10,3,3,0
S01012768,Flat maisonette or apartment or mobile/temporary accommodation,12,6,0,6,6,3,3
S01012769,All people in households,442,423,92,331,19,2,17
S01012769,Whole house or bungalow: Total,427,412,87,325,15,2,13
S01012769,Whole house or bungalow: Detached,317,311,47,264,6,0,6
S01012769,Whole house or bungalow: Semi-detached,100,93,38,55,7,0,7
S01012769,Whole house or bungalow: Terraced (including end-terrace),10,8,2,6,2,2,0
S01012769,Flat maisonette or apartment or mobile/temporary accommodation,15,11,5,6,4,0,4
S01012770,All people in households,839,594,162,432,245,158,87
S01012770,Whole house or bungalow: Total,652,507,135,372,145,117,28
S01012770,Whole house or bungalow: Detached,169,149,28,121,20,11,9
S01012770,Whole house or bungalow: Semi-detached,149,112,34,78,37,27,10
S01012770,Whole house or bungalow: Terraced (including end-terrace),334,246,73,173,88,79,9
S01012770,Flat maisonette or apartment or mobile/temporary accommodation,187,87,27,60,100,41,59
S01012771,All people in households,705,518,152,366,187,138,49
S01012771,Whole house or bungalow: Total,403,358,92,266,45,24,21
S01012771,Whole house or bungalow: Detached,98,87,16,71,11,0,11
S01012771,Whole house or bungalow: Semi-detached,210,190,64,126,20,14,6
S01012771,Whole house or bungalow: Terraced (including end-terrace),95,81,12,69,14,10,4
S01012771,Flat maisonette or apartment or mobile/temporary accommodation,302,160,60,100,142,114,28
S01012772,All people in households,685,391,106,285,294,262,32
S01012772,Whole house or bungalow: Total,671,390,106,284,281,249,32
S01012772,Whole house or bungalow: Detached,31,21,7,14,10,10,0
S01012772,Whole house or bungalow: Semi-detached,91,45,9,36,46,40,6
S01012772,Whole house or bungalow: Terraced (including end-terrace),549,324,90,234,225,199,26
S01012772,Flat maisonette or apartment or mobile/temporary accommodation,14,1,0,1,13,13,0
S01012773,All people in households,853,632,212,420,221,172,49
S01012773,Whole house or bungalow: Total,804,608,204,404,196,168,28
S01012773,Whole house or bungalow: Detached,118,103,58,45,15,15,0
S01012773,Whole house or bungalow: Semi-detached,335,275,101,174,60,49,11
S01012773,Whole house or bungalow: Terraced (including end-terrace),351,230,45,185,121,104,17
S01012773,Flat maisonette or apartment or mobile/temporary accommodation,49,24,8,16,25,4,21
S01012774,All people in households,825,555,157,398,270,198,72
S01012774,Whole house or bungalow: Total,501,440,116,324,61,42,19
S01012774,Whole house or bungalow: Detached,87,76,17,59,11,3,8
S01012774,Whole house or bungalow: Semi-detached,266,236,70,166,30,23,7
S01012774,Whole house or bungalow: Terraced (including end-terrace),148,128,29,99,20,16,4
S01012774,Flat maisonette or apartment or mobile/temporary accommodation,324,115,41,74,209,156,53
S01012775,All people in households,409,293,110,183,116,74,42
S01012775,Whole house or bungalow: Total,311,260,102,158,51,36,15
S01012775,Whole house or bungalow: Detached,27,27,9,18,0,0,0
S01012775,Whole house or bungalow: Semi-detached,256,208,81,127,48,33,15
S01012775,Whole house or bungalow: Terraced (including end-terrace),28,25,12,13,3,3,0
S01012775,Flat maisonette or apartment or mobile/temporary accommodation,98,33,8,25,65,38,27
S01012776,All people in households,738,465,117,348,273,230,43
S01012776,Whole house or bungalow: Total,556,404,105,299,152,123,29
S01012776,Whole house or bungalow: Detached,11,11,2,9,0,0,0
S01012776,Whole house or bungalow: Semi-detached,157,114,34,80,43,31,12
S01012776,Whole house or bungalow: Terraced (including end-terrace),388,279,69,210,109,92,17
S01012776,Flat maisonette or apartment or mobile/temporary accommodation,182,61,12,49,121,107,14
S01012777,All people in households,969,819,82,737,150,84,66
S01012777,Whole house or bungalow: Total,870,774,69,705,96,59,37
S01012777,Whole house or bungalow: Detached,257,251,27,224,6,6,0
S01012777,Whole house or bungalow: Semi-detached,384,344,25,319,40,24,16
S01012777,Whole house or bungalow: Terraced (including end-terrace),229,179,17,162,50,29,21
S01012777,Flat maisonette or apartment or mobile/temporary accommodation,99,45,13,32,54,25,29
S01012778,All people in households,732,417,47,370,315,286,29
S01012778,Whole house or bungalow: Total,589,381,42,339,208,184,24
S01012778,Whole house or bungalow: Detached,46,26,6,20,20,16,4
S01012778,Whole house or bungalow: Semi-detached,373,267,23,244,106,86,20
S01012778,Whole house or bungalow: Terraced (including end-terrace),170,88,13,75,82,82,0
S01012778,Flat maisonette or apartment or mobile/temporary accommodation,143,36,5,31,107,102,5
S01012779,All people in households,458,230,22,208,228,196,32
S01012779,Whole house or bungalow: Total,222,143,17,126,79,62,17
S01012779,Whole house or bungalow: Detached,22,11,2,9,11,9,2
S01012779,Whole house or bungalow: Semi-detached,83,44,7,37,39,27,12
S01012779,Whole house or bungalow: Terraced (including end-terrace),117,88,8,80,29,26,3
S01012779,Flat maisonette or apartment or mobile/temporary accommodation,236,87,5,82,149,134,15
S01012780,All people in households,731,289,77,212,442,396,46
S01012780,Whole house or bungalow: Total,265,156,58,98,109,93,16
S01012780,Whole house or bungalow: Detached,35,28,8,20,7,4,3
S01012780,Whole house or bungalow: Semi-detached,160,93,41,52,67,59,8
S01012780,Whole house or bungalow: Terraced (including end-terrace),70,35,9,26,35,30,5
S01012780,Flat maisonette or apartment or mobile/temporary accommodation,466,133,19,114,333,303,30
S01012781,All people in households,648,509,162,347,139,76,63
S01012781,Whole house or bungalow: Total,541,468,156,312,73,26,47
S01012781,Whole house or bungalow: Detached,176,162,73,89,14,0,14
S01012781,Whole house or bungalow: Semi-detached,215,196,73,123,19,12,7
S01012781,Whole house or bungalow: Terraced (including end-terrace),150,110,10,100,40,14,26
S01012781,Flat maisonette or apartment or mobile/temporary accommodation,107,41,6,35,66,50,16
S01012782,All people in households,614,271,102,169,343,288,55
S01012782,Whole house or bungalow: Total,202,113,41,72,89,78,11
S01012782,Whole house or bungalow: Detached,14,13,6,7,1,0,1
S01012782,Whole house or bungalow: Semi-detached,158,85,33,52,73,65,8
S01012782,Whole house or bungalow: Terraced (including end-terrace),30,15,2,13,15,13,2
S01012782,Flat maisonette or apartment or mobile/temporary accommodation,412,158,61,97,254,210,44
S01012783,All people in households,698,360,91,269,338,284,54
S01012783,Whole house or bungalow: Total,311,192,46,146,119,103,16
S01012783,Whole house or bungalow: Detached,12,9,5,4,3,1,2
S01012783,Whole house or bungalow: Semi-detached,265,167,40,127,98,86,12
S01012783,Whole house or bungalow: Terraced (including end-terrace),34,16,1,15,18,16,2
S01012783,Flat maisonette or apartment or mobile/temporary accommodation,387,168,45,123,219,181,38
S01012784,All people in households,745,435,115,320,310,255,55
S01012784,Whole house or bungalow: Total,397,310,68,242,87,61,26
S01012784,Whole house or bungalow: Detached,54,41,1,40,13,9,4
S01012784,Whole house or bungalow: Semi-detached,163,133,37,96,30,20,10
S01012784,Whole house or bungalow: Terraced (including end-terrace),180,136,30,106,44,32,12
S01012784,Flat maisonette or apartment or mobile/temporary accommodation,348,125,47,78,223,194,29
S01012785,All people in households,711,274,96,178,437,380,57
S01012785,Whole house or bungalow: Total,153,88,31,57,65,56,9
S01012785,Whole house or bungalow: Detached,11,8,4,4,3,0,3
S01012785,Whole house or bungalow: Semi-detached,100,60,22,38,40,40,0
S01012785,Whole house or bungalow: Terraced (including end-terrace),42,20,5,15,22,16,6
S01012785,Flat maisonette or apartment or mobile/temporary accommodation,558,186,65,121,372,324,48
S01012786,All people in households,692,190,50,140,502,375,127
S01012786,Whole house or bungalow: Total,65,37,10,27,28,22,6
S01012786,Whole house or bungalow: Detached,12,4,0,4,8,6,2
S01012786,Whole house or bungalow: Semi-detached,27,10,5,5,17,13,4
S01012786,Whole house or bungalow: Terraced (including end-terrace),26,23,5,18,3,3,0
S01012786,Flat maisonette or apartment or mobile/temporary accommodation,627,153,40,113,474,353,121
S01012787,All people in households,550,409,44,365,141,83,58
S01012787,Whole house or bungalow: Total,378,329,24,305,49,27,22
S01012787,Whole house or bungalow: Detached,127,124,11,113,3,3,0
S01012787,Whole house or bungalow: Semi-detached,145,122,6,116,23,13,10
S01012787,Whole house or bungalow: Terraced (including end-terrace),106,83,7,76,23,11,12
S01012787,Flat maisonette or apartment or mobile/temporary accommodation,172,80,20,60,92,56,36
S01012788,All people in households,615,320,71,249,295,256,39
S01012788,Whole house or bungalow: Total,574,297,65,232,277,246,31
S01012788,Whole house or bungalow: Detached,52,30,6,24,22,15,7
S01012788,Whole house or bungalow: Semi-detached,412,203,44,159,209,191,18
S01012788,Whole house or bungalow: Terraced (including end-terrace),110,64,15,49,46,40,6
S01012788,Flat maisonette or apartment or mobile/temporary accommodation,41,23,6,17,18,10,8
S01012789,All people in households,740,592,180,412,148,121,27
S01012789,Whole house or bungalow: Total,620,546,168,378,74,56,18
S01012789,Whole house or bungalow: Detached,165,152,47,105,13,9,4
S01012789,Whole house or bungalow: Semi-detached,251,239,66,173,12,5,7
S01012789,Whole house or bungalow: Terraced (including end-terrace),204,155,55,100,49,42,7
S01012789,Flat maisonette or apartment or mobile/temporary accommodation,120,46,12,34,74,65,9
S01012790,All people in households,587,441,84,357,146,49,97
S01012790,Whole house or bungalow: Total,388,370,73,297,18,3,15
S01012790,Whole house or bungalow: Detached,270,266,54,212,4,2,2
S01012790,Whole house or bungalow: Semi-detached,53,46,19,27,7,0,7
S01012790,Whole house or bungalow: Terraced (including end-terrace),65,58,0,58,7,1,6
S01012790,Flat maisonette or apartment or mobile/temporary accommodation,199,71,11,60,128,46,82
S01012791,All people in households,720,629,318,311,91,36,55
S01012791,Whole house or bungalow: Total,571,520,245,275,51,20,31
S01012791,Whole house or bungalow: Detached,214,200,108,92,14,0,14
S01012791,Whole house or bungalow: Semi-detached,337,310,132,178,27,10,17
S01012791,Whole house or bungalow: Terraced (including end-terrace),20,10,5,5,10,10,0
S01012791,Flat maisonette or apartment or mobile/temporary accommodation,149,109,73,36,40,16,24
S01012792,All people in households,842,567,187,380,275,156,119
S01012792,Whole house or bungalow: Total,466,359,113,246,107,74,33
S01012792,Whole house or bungalow: Detached,36,32,12,20,4,4,0
S01012792,Whole house or bungalow: Semi-detached,203,158,54,104,45,36,9
S01012792,Whole house or bungalow: Terraced (including end-terrace),227,169,47,122,58,34,24
S01012792,Flat maisonette or apartment or mobile/temporary accommodation,376,208,74,134,168,82,86
S01012793,All people in households,635,268,107,161,367,259,108
S01012793,Whole house or bungalow: Total,225,158,64,94,67,56,11
S01012793,Whole house or bungalow: Detached,28,18,10,8,10,5,5
S01012793,Whole house or bungalow: Semi-detached,128,101,31,70,27,21,6
S01012793,Whole house or bungalow: Terraced (including end-terrace),69,39,23,16,30,30,0
S01012793,Flat maisonette or apartment or mobile/temporary accommodation,410,110,43,67,300,203,97
S01012794,All people in households,590,377,158,219,213,42,171
S01012794,Whole house or bungalow: Total,96,79,24,55,17,16,1
S01012794,Whole house or bungalow: Detached,6,6,3,3,0,0,0
S01012794,Whole house or bungalow: Semi-detached,56,44,12,32,12,11,1
S01012794,Whole house or bungalow: Terraced (including end-terrace),34,29,9,20,5,5,0
S01012794,Flat maisonette or apartment or mobile/temporary accommodation,494,298,134,164,196,26,170
S01012795,All people in households,1029,468,107,361,561,497,64
S01012795,Whole house or bungalow: Total,810,395,87,308,415,367,48
S01012795,Whole house or bungalow: Detached,61,29,3,26,32,19,13
S01012795,Whole house or bungalow: Semi-detached,424,238,53,185,186,167,19
S01012795,Whole house or bungalow: Terraced (including end-terrace),325,128,31,97,197,181,16
S01012795,Flat maisonette or apartment or mobile/temporary accommodation,219,73,20,53,146,130,16
S01012796,All people in households,787,510,74,436,277,200,77
S01012796,Whole house or bungalow: Total,652,474,65,409,178,119,59
S01012796,Whole house or bungalow: Detached,67,51,2,49,16,7,9
S01012796,Whole house or bungalow: Semi-detached,343,239,40,199,104,68,36
S01012796,Whole house or bungalow: Terraced (including end-terrace),242,184,23,161,58,44,14
S01012796,Flat maisonette or apartment or mobile/temporary accommodation,135,36,9,27,99,81,18
S01012797,All people in households,690,344,79,265,346,283,63
S01012797,Whole house or bungalow: Total,657,327,76,251,330,273,57
S01012797,Whole house or bungalow: Detached,53,15,3,12,38,22,16
S01012797,Whole house or bungalow: Semi-detached,309,166,28,138,143,118,25
S01012797,Whole house or bungalow: Terraced (including end-terrace),295,146,45,101,149,133,16
S01012797,Flat maisonette or apartment or mobile/temporary accommodation,33,17,3,14,16,10,6
S01012798,All people in households,720,637,268,369,83,31,52
S01012798,Whole house or bungalow: Total,535,498,203,295,37,14,23
S01012798,Whole house or bungalow: Detached,391,378,168,210,13,1,12
S01012798,Whole house or bungalow: Semi-detached,106,88,24,64,18,9,9
S01012798,Whole house or bungalow: Terraced (including end-terrace),38,32,11,21,6,4,2
S01012798,Flat maisonette or apartment or mobile/temporary accommodation,185,139,65,74,46,17,29
S01012799,All people in households,778,657,288,369,121,43,78
S01012799,Whole house or bungalow: Total,520,497,201,296,23,10,13
S01012799,Whole house or bungalow: Detached,388,380,148,232,8,1,7
S01012799,Whole house or bungalow: Semi-detached,104,103,43,60,1,0,1
S01012799,Whole house or bungalow: Terraced (including end-terrace),28,14,10,4,14,9,5
S01012799,Flat maisonette or apartment or mobile/temporary accommodation,258,160,87,73,98,33,65
S01012800,All people in households,894,787,287,500,107,16,91
S01012800,Whole house or bungalow: Total,638,609,210,399,29,14,15
S01012800,Whole house or bungalow: Detached,527,512,169,343,15,0,15
S01012800,Whole house or bungalow: Semi-detached,80,71,30,41,9,9,0
S01012800,Whole house or bungalow: Terraced (including end-terrace),31,26,11,15,5,5,0
S01012800,Flat maisonette or apartment or mobile/temporary accommodation,256,178,77,101,78,2,76
S01012801,All people in households,426,334,211,123,92,12,80
S01012801,Whole house or bungalow: Total,128,111,43,68,17,9,8
S01012801,Whole house or bungalow: Detached,77,72,26,46,5,0,5
S01012801,Whole house or bungalow: Semi-detached,31,29,10,19,2,2,0
S01012801,Whole house or bungalow: Terraced (including end-terrace),20,10,7,3,10,7,3
S01012801,Flat maisonette or apartment or mobile/temporary accommodation,298,223,168,55,75,3,72
S01012802,All people in households,612,566,246,320,46,5,41
S01012802,Whole house or bungalow: Total,588,555,238,317,33,5,28
S01012802,Whole house or bungalow: Detached,556,528,234,294,28,0,28
S01012802,Whole house or bungalow: Semi-detached,27,25,2,23,2,2,0
S01012802,Whole house or bungalow: Terraced (including end-terrace),5,2,2,0,3,3,0
S01012802,Flat maisonette or apartment or mobile/temporary accommodation,24,11,8,3,13,0,13
S01012803,All people in households,675,646,243,403,29,7,22
S01012803,Whole house or bungalow: Total,664,639,239,400,25,7,18
S01012803,Whole house or bungalow: Detached,367,352,148,204,15,0,15
S01012803,Whole house or bungalow: Semi-detached,232,227,74,153,5,2,3
S01012803,Whole house or bungalow: Terraced (including end-terrace),65,60,17,43,5,5,0
S01012803,Flat maisonette or apartment or mobile/temporary accommodation,11,7,4,3,4,0,4
S01012804,All people in households,764,486,145,341,278,207,71
S01012804,Whole house or bungalow: Total,745,475,141,334,270,202,68
S01012804,Whole house or bungalow: Detached,107,74,38,36,33,22,11
S01012804,Whole house or bungalow: Semi-detached,273,192,64,128,81,70,11
S01012804,Whole house or bungalow: Terraced (including end-terrace),365,209,39,170,156,110,46
S01012804,Flat maisonette or apartment or mobile/temporary accommodation,19,11,4,7,8,5,3
S01012805,All people in households,912,603,194,409,309,233,76
S01012805,Whole house or bungalow: Total,870,582,189,393,288,225,63
S01012805,Whole house or bungalow: Detached,43,40,17,23,3,3,0
S01012805,Whole house or bungalow: Semi-detached,298,206,92,114,92,56,36
S01012805,Whole house or bungalow: Terraced (including end-terrace),529,336,80,256,193,166,27
S01012805,Flat maisonette or apartment or mobile/temporary accommodation,42,21,5,16,21,8,13
S01012806,All people in households,715,534,142,392,181,132,49
S01012806,Whole house or bungalow: Total,685,516,137,379,169,128,41
S01012806,Whole house or bungalow: Detached,252,242,53,189,10,2,8
S01012806,Whole house or bungalow: Semi-detached,60,24,5,19,36,35,1
S01012806,Whole house or bungalow: Terraced (including end-terrace),373,250,79,171,123,91,32
S01012806,Flat maisonette or apartment or mobile/temporary accommodation,30,18,5,13,12,4,8
S01012807,All people in households,587,550,216,334,37,6,31
S01012807,Whole house or bungalow: Total,519,502,182,320,17,6,11
S01012807,Whole house or bungalow: Detached,490,479,178,301,11,0,11
S01012807,Whole house or bungalow: Semi-detached,20,14,0,14,6,6,0
S01012807,Whole house or bungalow: Terraced (including end-terrace),9,9,4,5,0,0,0
S01012807,Flat maisonette or apartment or mobile/temporary accommodation,68,48,34,14,20,0,20
S01012808,All people in households,1059,875,315,560,184,85,99
S01012808,Whole house or bungalow: Total,828,760,255,505,68,38,30
S01012808,Whole house or bungalow: Detached,497,487,142,345,10,0,10
S01012808,Whole house or bungalow: Semi-detached,90,74,32,42,16,16,0
S01012808,Whole house or bungalow: Terraced (including end-terrace),241,199,81,118,42,22,20
S01012808,Flat maisonette or apartment or mobile/temporary accommodation,231,115,60,55,116,47,69
S01012809,All people in households,612,406,150,256,206,32,174
S01012809,Whole house or bungalow: Total,290,261,109,152,29,10,19
S01012809,Whole house or bungalow: Detached,193,189,78,111,4,4,0
S01012809,Whole house or bungalow: Semi-detached,68,52,31,21,16,6,10
S01012809,Whole house or bungalow: Terraced (including end-terrace),29,20,0,20,9,0,9
S01012809,Flat maisonette or apartment or mobile/temporary accommodation,322,145,41,104,177,22,155
S01012810,All people in households,836,397,149,248,439,366,73
S01012810,Whole house or bungalow: Total,336,235,81,154,101,82,19
S01012810,Whole house or bungalow: Detached,141,130,58,72,11,7,4
S01012810,Whole house or bungalow: Semi-detached,78,37,8,29,41,33,8
S01012810,Whole house or bungalow: Terraced (including end-terrace),117,68,15,53,49,42,7
S01012810,Flat maisonette or apartment or mobile/temporary accommodation,500,162,68,94,338,284,54
S01012811,All people in households,770,608,272,336,162,120,42
S01012811,Whole house or bungalow: Total,696,558,258,300,138,113,25
S01012811,Whole house or bungalow: Detached,150,140,71,69,10,3,7
S01012811,Whole house or bungalow: Semi-detached,95,71,38,33,24,21,3
S01012811,Whole house or bungalow: Terraced (including end-terrace),451,347,149,198,104,89,15
S01012811,Flat maisonette or apartment or mobile/temporary accommodation,74,50,14,36,24,7,17
S01012812,All people in households,666,549,153,396,117,73,44
S01012812,Whole house or bungalow: Total,552,485,135,350,67,39,28
S01012812,Whole house or bungalow: Detached,175,175,58,117,0,0,0
S01012812,Whole house or bungalow: Semi-detached,83,54,9,45,29,13,16
S01012812,Whole house or bungalow: Terraced (including end-terrace),294,256,68,188,38,26,12
S01012812,Flat maisonette or apartment or mobile/temporary accommodation,114,64,18,46,50,34,16
S01012813,All people in households,884,850,383,467,34,7,27
S01012813,Whole house or bungalow: Total,807,792,369,423,15,2,13
S01012813,Whole house or bungalow: Detached,516,516,247,269,0,0,0
S01012813,Whole house or bungalow: Semi-detached,186,178,93,85,8,2,6
S01012813,Whole house or bungalow: Terraced (including end-terrace),105,98,29,69,7,0,7
S01012813,Flat maisonette or apartment or mobile/temporary accommodation,77,58,14,44,19,5,14
S01012814,All people in households,836,774,124,650,62,13,49
S01012814,Whole house or bungalow: Total,809,764,123,641,45,1,44
S01012814,Whole house or bungalow: Detached,389,379,53,326,10,0,10
S01012814,Whole house or bungalow: Semi-detached,331,310,63,247,21,0,21
S01012814,Whole house or bungalow: Terraced (including end-terrace),89,75,7,68,14,1,13
S01012814,Flat maisonette or apartment or mobile/temporary accommodation,27,10,1,9,17,12,5
S01012815,All people in households,875,732,77,655,143,38,105
S01012815,Whole house or bungalow: Total,761,714,72,642,47,13,34
S01012815,Whole house or bungalow: Detached,597,574,59,515,23,0,23
S01012815,Whole house or bungalow: Semi-detached,140,126,8,118,14,9,5
S01012815,Whole house or bungalow: Terraced (including end-terrace),24,14,5,9,10,4,6
S01012815,Flat maisonette or apartment or mobile/temporary accommodation,114,18,5,13,96,25,71
S01012816,All people in households,583,472,59,413,111,28,83
S01012816,Whole house or bungalow: Total,519,448,54,394,71,19,52
S01012816,Whole house or bungalow: Detached,180,158,9,149,22,4,18
S01012816,Whole house or bungalow: Semi-detached,191,162,17,145,29,9,20
S01012816,Whole house or bungalow: Terraced (including end-terrace),148,128,28,100,20,6,14
S01012816,Flat maisonette or apartment or mobile/temporary accommodation,64,24,5,19,40,9,31
S01012817,All people in households,563,527,48,479,36,20,16
S01012817,Whole house or bungalow: Total,558,522,48,474,36,20,16
S01012817,Whole house or bungalow: Detached,481,459,40,419,22,16,6
S01012817,Whole house or bungalow: Semi-detached,68,54,4,50,14,4,10
S01012817,Whole house or bungalow: Terraced (including end-terrace),9,9,4,5,0,0,0
S01012817,Flat maisonette or apartment or mobile/temporary accommodation,5,5,0,5,0,0,0
S01012818,All people in households,840,769,149,620,71,28,43
S01012818,Whole house or bungalow: Total,817,761,149,612,56,22,34
S01012818,Whole house or bungalow: Detached,610,578,100,478,32,7,25
S01012818,Whole house or bungalow: Semi-detached,57,49,11,38,8,2,6
S01012818,Whole house or bungalow: Terraced (including end-terrace),150,134,38,96,16,13,3
S01012818,Flat maisonette or apartment or mobile/temporary accommodation,23,8,0,8,15,6,9
S01012819,All people in households,735,420,133,287,315,247,68
S01012819,Whole house or bungalow: Total,379,273,74,199,106,66,40
S01012819,Whole house or bungalow: Detached,41,33,13,20,8,4,4
S01012819,Whole house or bungalow: Semi-detached,47,10,5,5,37,18,19
S01012819,Whole house or bungalow: Terraced (including end-terrace),291,230,56,174,61,44,17
S01012819,Flat maisonette or apartment or mobile/temporary accommodation,356,147,59,88,209,181,28
S01012820,All people in households,1027,906,129,777,121,67,54
S01012820,Whole house or bungalow: Total,989,887,127,760,102,51,51
S01012820,Whole house or bungalow: Detached,574,552,86,466,22,1,21
S01012820,Whole house or bungalow: Semi-detached,200,179,14,165,21,5,16
S01012820,Whole house or bungalow: Terraced (including end-terrace),215,156,27,129,59,45,14
S01012820,Flat maisonette or apartment or mobile/temporary accommodation,38,19,2,17,19,16,3
S01012821,All people in households,772,665,39,626,107,31,76
S01012821,Whole house or bungalow: Total,724,634,36,598,90,26,64
S01012821,Whole house or bungalow: Detached,530,465,34,431,65,18,47
S01012821,Whole house or bungalow: Semi-detached,147,132,2,130,15,1,14
S01012821,Whole house or bungalow: Terraced (including end-terrace),47,37,0,37,10,7,3
S01012821,Flat maisonette or apartment or mobile/temporary accommodation,48,31,3,28,17,5,12
S01012822,All people in households,474,160,51,109,314,233,81
S01012822,Whole house or bungalow: Total,83,53,25,28,30,16,14
S01012822,Whole house or bungalow: Detached,34,30,18,12,4,4,0
S01012822,Whole house or bungalow: Semi-detached,30,16,5,11,14,8,6
S01012822,Whole house or bungalow: Terraced (including end-terrace),19,7,2,5,12,4,8
S01012822,Flat maisonette or apartment or mobile/temporary accommodation,391,107,26,81,284,217,67
S01012823,All people in households,847,791,84,707,56,7,49
S01012823,Whole house or bungalow: Total,818,770,79,691,48,2,46
S01012823,Whole house or bungalow: Detached,335,325,41,284,10,0,10
S01012823,Whole house or bungalow: Semi-detached,417,381,25,356,36,2,34
S01012823,Whole house or bungalow: Terraced (including end-terrace),66,64,13,51,2,0,2
S01012823,Flat maisonette or apartment or mobile/temporary accommodation,29,21,5,16,8,5,3
S01012824,All people in households,664,555,101,454,109,73,36
S01012824,Whole house or bungalow: Total,566,493,98,395,73,51,22
S01012824,Whole house or bungalow: Detached,150,146,9,137,4,0,4
S01012824,Whole house or bungalow: Semi-detached,99,77,14,63,22,22,0
S01012824,Whole house or bungalow: Terraced (including end-terrace),317,270,75,195,47,29,18
S01012824,Flat maisonette or apartment or mobile/temporary accommodation,98,62,3,59,36,22,14
S01012825,All people in households,475,256,74,182,219,161,58
S01012825,Whole house or bungalow: Total,240,191,54,137,49,28,21
S01012825,Whole house or bungalow: Detached,77,69,33,36,8,7,1
S01012825,Whole house or bungalow: Semi-detached,115,95,19,76,20,9,11
S01012825,Whole house or bungalow: Terraced (including end-terrace),48,27,2,25,21,12,9
S01012825,Flat maisonette or apartment or mobile/temporary accommodation,235,65,20,45,170,133,37
S01012826,All people in households,599,149,15,134,450,435,15
S01012826,Whole house or bungalow: Total,488,142,11,131,346,341,5
S01012826,Whole house or bungalow: Detached,50,31,7,24,19,19,0
S01012826,Whole house or bungalow: Semi-detached,388,98,0,98,290,285,5
S01012826,Whole house or bungalow: Terraced (including end-terrace),50,13,4,9,37,37,0
S01012826,Flat maisonette or apartment or mobile/temporary accommodation,111,7,4,3,104,94,10
S01012827,All people in households,702,624,44,580,78,28,50
S01012827,Whole house or bungalow: Total,647,597,36,561,50,20,30
S01012827,Whole house or bungalow: Detached,425,401,26,375,24,1,23
S01012827,Whole house or bungalow: Semi-detached,210,187,10,177,23,16,7
S01012827,Whole house or bungalow: Terraced (including end-terrace),12,9,0,9,3,3,0
S01012827,Flat maisonette or apartment or mobile/temporary accommodation,55,27,8,19,28,8,20
S01012828,All people in households,583,529,77,452,54,5,49
S01012828,Whole house or bungalow: Total,500,483,66,417,17,4,13
S01012828,Whole house or bungalow: Detached,260,257,15,242,3,0,3
S01012828,Whole house or bungalow: Semi-detached,60,49,9,40,11,4,7
S01012828,Whole house or bungalow: Terraced (including end-terrace),180,177,42,135,3,0,3
S01012828,Flat maisonette or apartment or mobile/temporary accommodation,83,46,11,35,37,1,36
S01012829,All people in households,865,416,94,322,449,379,70
S01012829,Whole house or bungalow: Total,573,314,70,244,259,210,49
S01012829,Whole house or bungalow: Detached,67,47,10,37,20,14,6
S01012829,Whole house or bungalow: Semi-detached,285,147,38,109,138,123,15
S01012829,Whole house or bungalow: Terraced (including end-terrace),221,120,22,98,101,73,28
S01012829,Flat maisonette or apartment or mobile/temporary accommodation,292,102,24,78,190,169,21
S01012830,All people in households,690,464,128,336,226,190,36
S01012830,Whole house or bungalow: Total,468,358,97,261,110,99,11
S01012830,Whole house or bungalow: Detached,186,156,31,125,30,23,7
S01012830,Whole house or bungalow: Semi-detached,271,197,66,131,74,72,2
S01012830,Whole house or bungalow: Terraced (including end-terrace),11,5,0,5,6,4,2
S01012830,Flat maisonette or apartment or mobile/temporary accommodation,222,106,31,75,116,91,25
S01012831,All people in households,630,388,163,225,242,202,40
S01012831,Whole house or bungalow: Total,452,336,145,191,116,90,26
S01012831,Whole house or bungalow: Detached,38,29,19,10,9,2,7
S01012831,Whole house or bungalow: Semi-detached,384,290,117,173,94,75,19
S01012831,Whole house or bungalow: Terraced (including end-terrace),30,17,9,8,13,13,0
S01012831,Flat maisonette or apartment or mobile/temporary accommodation,178,52,18,34,126,112,14
S01012832,All people in households,544,361,95,266,183,159,24
S01012832,Whole house or bungalow: Total,519,348,95,253,171,147,24
S01012832,Whole house or bungalow: Detached,63,50,18,32,13,8,5
S01012832,Whole house or bungalow: Semi-detached,291,218,49,169,73,64,9
S01012832,Whole house or bungalow: Terraced (including end-terrace),165,80,28,52,85,75,10
S01012832,Flat maisonette or apartment or mobile/temporary accommodation,25,13,0,13,12,12,0
S01012833,All people in households,714,312,118,194,402,372,30
S01012833,Whole house or bungalow: Total,625,295,115,180,330,307,23
S01012833,Whole house or bungalow: Detached,30,15,10,5,15,10,5
S01012833,Whole house or bungalow: Semi-detached,299,105,27,78,194,192,2
S01012833,Whole house or bungalow: Terraced (including end-terrace),296,175,78,97,121,105,16
S01012833,Flat maisonette or apartment or mobile/temporary accommodation,89,17,3,14,72,65,7
S01012834,All people in households,616,387,150,237,229,198,31
S01012834,Whole house or bungalow: Total,381,292,120,172,89,81,8
S01012834,Whole house or bungalow: Detached,79,74,26,48,5,5,0
S01012834,Whole house or bungalow: Semi-detached,244,170,70,100,74,66,8
S01012834,Whole house or bungalow: Terraced (including end-terrace),58,48,24,24,10,10,0
S01012834,Flat maisonette or apartment or mobile/temporary accommodation,235,95,30,65,140,117,23
S01012835,All people in households,804,573,193,380,231,149,82
S01012835,Whole house or bungalow: Total,517,427,148,279,90,50,40
S01012835,Whole house or bungalow: Detached,75,67,32,35,8,7,1
S01012835,Whole house or bungalow: Semi-detached,303,247,94,153,56,38,18
S01012835,Whole house or bungalow: Terraced (including end-terrace),139,113,22,91,26,5,21
S01012835,Flat maisonette or apartment or mobile/temporary accommodation,287,146,45,101,141,99,42
S01012836,All people in households,673,628,65,563,45,21,24
S01012836,Whole house or bungalow: Total,653,619,62,557,34,18,16
S01012836,Whole house or bungalow: Detached,511,501,46,455,10,2,8
S01012836,Whole house or bungalow: Semi-detached,75,65,6,59,10,4,6
S01012836,Whole house or bungalow: Terraced (including end-terrace),67,53,10,43,14,12,2
S01012836,Flat maisonette or apartment or mobile/temporary accommodation,20,9,3,6,11,3,8
S01012837,All people in households,735,107,22,85,628,602,26
S01012837,Whole house or bungalow: Total,206,66,16,50,140,120,20
S01012837,Whole house or bungalow: Detached,15,7,0,7,8,7,1
S01012837,Whole house or bungalow: Semi-detached,91,27,6,21,64,56,8
S01012837,Whole house or bungalow: Terraced (including end-terrace),100,32,10,22,68,57,11
S01012837,Flat maisonette or apartment or mobile/temporary accommodation,529,41,6,35,488,482,6
S01012838,All people in households,917,92,16,76,825,790,35
S01012838,Whole house or bungalow: Total,228,61,14,47,167,160,7
S01012838,Whole house or bungalow: Detached,20,14,3,11,6,4,2
S01012838,Whole house or bungalow: Semi-detached,140,45,10,35,95,94,1
S01012838,Whole house or bungalow: Terraced (including end-terrace),68,2,1,1,66,62,4
S01012838,Flat maisonette or apartment or mobile/temporary accommodation,689,31,2,29,658,630,28
S01012839,All people in households,666,637,182,455,29,19,10
S01012839,Whole house or bungalow: Total,526,519,173,346,7,6,1
S01012839,Whole house or bungalow: Detached,107,107,44,63,0,0,0
S01012839,Whole house or bungalow: Semi-detached,304,301,107,194,3,2,1
S01012839,Whole house or bungalow: Terraced (including end-terrace),115,111,22,89,4,4,0
S01012839,Flat maisonette or apartment or mobile/temporary accommodation,140,118,9,109,22,13,9
S01012840,All people in households,786,727,109,618,59,21,38
S01012840,Whole house or bungalow: Total,705,687,102,585,18,8,10
S01012840,Whole house or bungalow: Detached,570,560,65,495,10,0,10
S01012840,Whole house or bungalow: Semi-detached,116,111,28,83,5,5,0
S01012840,Whole house or bungalow: Terraced (including end-terrace),19,16,9,7,3,3,0
S01012840,Flat maisonette or apartment or mobile/temporary accommodation,81,40,7,33,41,13,28
S01012841,All people in households,589,531,191,340,58,29,29
S01012841,Whole house or bungalow: Total,502,476,165,311,26,6,20
S01012841,Whole house or bungalow: Detached,134,127,49,78,7,4,3
S01012841,Whole house or bungalow: Semi-detached,325,313,103,210,12,0,12
S01012841,Whole house or bungalow: Terraced (including end-terrace),43,36,13,23,7,2,5
S01012841,Flat maisonette or apartment or mobile/temporary accommodation,87,55,26,29,32,23,9
S01012842,All people in households,475,435,142,293,40,15,25
S01012842,Whole house or bungalow: Total,416,389,135,254,27,7,20
S01012842,Whole house or bungalow: Detached,102,95,43,52,7,3,4
S01012842,Whole house or bungalow: Semi-detached,145,133,60,73,12,3,9
S01012842,Whole house or bungalow: Terraced (including end-terrace),169,161,32,129,8,1,7
S01012842,Flat maisonette or apartment or mobile/temporary accommodation,59,46,7,39,13,8,5
S01012843,All people in households,979,916,347,569,63,28,35
S01012843,Whole house or bungalow: Total,877,841,320,521,36,12,24
S01012843,Whole house or bungalow: Detached,269,259,98,161,10,0,10
S01012843,Whole house or bungalow: Semi-detached,583,565,220,345,18,4,14
S01012843,Whole house or bungalow: Terraced (including end-terrace),25,17,2,15,8,8,0
S01012843,Flat maisonette or apartment or mobile/temporary accommodation,102,75,27,48,27,16,11
S01012844,All people in households,697,663,255,408,34,21,13
S01012844,Whole house or bungalow: Total,629,611,237,374,18,9,9
S01012844,Whole house or bungalow: Detached,177,169,63,106,8,3,5
S01012844,Whole house or bungalow: Semi-detached,434,427,171,256,7,3,4
S01012844,Whole house or bungalow: Terraced (including end-terrace),18,15,3,12,3,3,0
S01012844,Flat maisonette or apartment or mobile/temporary accommodation,68,52,18,34,16,12,4
S01012845,All people in households,685,602,222,380,83,38,45
S01012845,Whole house or bungalow: Total,522,485,174,311,37,15,22
S01012845,Whole house or bungalow: Detached,190,175,52,123,15,5,10
S01012845,Whole house or bungalow: Semi-detached,242,227,91,136,15,3,12
S01012845,Whole house or bungalow: Terraced (including end-terrace),90,83,31,52,7,7,0
S01012845,Flat maisonette or apartment or mobile/temporary accommodation,163,117,48,69,46,23,23
S01012846,All people in households,926,413,163,250,513,372,141
S01012846,Whole house or bungalow: Total,231,220,78,142,11,4,7
S01012846,Whole house or bungalow: Detached,45,43,7,36,2,0,2
S01012846,Whole house or bungalow: Semi-detached,168,166,67,99,2,1,1
S01012846,Whole house or bungalow: Terraced (including end-terrace),18,11,4,7,7,3,4
S01012846,Flat maisonette or apartment or mobile/temporary accommodation,695,193,85,108,502,368,134
S01012847,All people in households,547,443,129,314,104,75,29
S01012847,Whole house or bungalow: Total,421,400,112,288,21,6,15
S01012847,Whole house or bungalow: Detached,130,126,42,84,4,1,3
S01012847,Whole house or bungalow: Semi-detached,272,260,63,197,12,0,12
S01012847,Whole house or bungalow: Terraced (including end-terrace),19,14,7,7,5,5,0
S01012847,Flat maisonette or apartment or mobile/temporary accommodation,126,43,17,26,83,69,14
S01012848,All people in households,773,655,159,496,118,29,89
S01012848,Whole house or bungalow: Total,671,588,123,465,83,22,61
S01012848,Whole house or bungalow: Detached,205,170,34,136,35,2,33
S01012848,Whole house or bungalow: Semi-detached,361,323,77,246,38,15,23
S01012848,Whole house or bungalow: Terraced (including end-terrace),105,95,12,83,10,5,5
S01012848,Flat maisonette or apartment or mobile/temporary accommodation,102,67,36,31,35,7,28
S01012849,All people in households,683,332,107,225,351,133,218
S01012849,Whole house or bungalow: Total,289,222,76,146,67,36,31
S01012849,Whole house or bungalow: Detached,74,66,6,60,8,6,2
S01012849,Whole house or bungalow: Semi-detached,134,98,42,56,36,18,18
S01012849,Whole house or bungalow: Terraced (including end-terrace),81,58,28,30,23,12,11
S01012849,Flat maisonette or apartment or mobile/temporary accommodation,394,110,31,79,284,97,187
S01012850,All people in households,710,519,182,337,191,172,19
S01012850,Whole house or bungalow: Total,466,362,127,235,104,97,7
S01012850,Whole house or bungalow: Detached,7,5,5,0,2,2,0
S01012850,Whole house or bungalow: Semi-detached,208,160,59,101,48,46,2
S01012850,Whole house or bungalow: Terraced (including end-terrace),251,197,63,134,54,49,5
S01012850,Flat maisonette or apartment or mobile/temporary accommodation,244,157,55,102,87,75,12
S01012851,All people in households,803,664,248,416,139,125,14
S01012851,Whole house or bungalow: Total,681,568,210,358,113,106,7
S01012851,Whole house or bungalow: Detached,141,135,48,87,6,6,0
S01012851,Whole house or bungalow: Semi-detached,289,249,101,148,40,37,3
S01012851,Whole house or bungalow: Terraced (including end-terrace),251,184,61,123,67,63,4
S01012851,Flat maisonette or apartment or mobile/temporary accommodation,122,96,38,58,26,19,7
S01012852,All people in households,696,644,301,343,52,16,36
S01012852,Whole house or bungalow: Total,546,508,243,265,38,11,27
S01012852,Whole house or bungalow: Detached,84,79,45,34,5,5,0
S01012852,Whole house or bungalow: Semi-detached,375,349,162,187,26,2,24
S01012852,Whole house or bungalow: Terraced (including end-terrace),87,80,36,44,7,4,3
S01012852,Flat maisonette or apartment or mobile/temporary accommodation,150,136,58,78,14,5,9
S01012853,All people in households,772,722,371,351,50,12,38
S01012853,Whole house or bungalow: Total,729,696,353,343,33,7,26
S01012853,Whole house or bungalow: Detached,31,31,21,10,0,0,0
S01012853,Whole house or bungalow: Semi-detached,633,609,306,303,24,0,24
S01012853,Whole house or bungalow: Terraced (including end-terrace),65,56,26,30,9,7,2
S01012853,Flat maisonette or apartment or mobile/temporary accommodation,43,26,18,8,17,5,12
S01012854,All people in households,797,737,219,518,60,6,54
S01012854,Whole house or bungalow: Total,324,303,95,208,21,6,15
S01012854,Whole house or bungalow: Detached,15,12,6,6,3,0,3
S01012854,Whole house or bungalow: Semi-detached,168,158,44,114,10,0,10
S01012854,Whole house or bungalow: Terraced (including end-terrace),141,133,45,88,8,6,2
S01012854,Flat maisonette or apartment or mobile/temporary accommodation,473,434,124,310,39,0,39
S01012855,All people in households,642,529,130,399,113,19,94
S01012855,Whole house or bungalow: Total,353,330,78,252,23,0,23
S01012855,Whole house or bungalow: Detached,29,23,9,14,6,0,6
S01012855,Whole house or bungalow: Semi-detached,221,208,48,160,13,0,13
S01012855,Whole house or bungalow: Terraced (including end-terrace),103,99,21,78,4,0,4
S01012855,Flat maisonette or apartment or mobile/temporary accommodation,289,199,52,147,90,19,71
S01012856,All people in households,667,420,154,266,247,163,84
S01012856,Whole house or bungalow: Total,198,159,48,111,39,36,3
S01012856,Whole house or bungalow: Detached,17,14,2,12,3,2,1
S01012856,Whole house or bungalow: Semi-detached,91,79,23,56,12,12,0
S01012856,Whole house or bungalow: Terraced (including end-terrace),90,66,23,43,24,22,2
S01012856,Flat maisonette or apartment or mobile/temporary accommodation,469,261,106,155,208,127,81
S01012857,All people in households,807,486,220,266,321,255,66
S01012857,Whole house or bungalow: Total,282,224,103,121,58,51,7
S01012857,Whole house or bungalow: Detached,10,6,4,2,4,3,1
S01012857,Whole house or bungalow: Semi-detached,201,166,66,100,35,31,4
S01012857,Whole house or bungalow: Terraced (including end-terrace),71,52,33,19,19,17,2
S01012857,Flat maisonette or apartment or mobile/temporary accommodation,525,262,117,145,263,204,59
S01012858,All people in households,689,322,75,247,367,304,63
S01012858,Whole house or bungalow: Total,177,144,43,101,33,22,11
S01012858,Whole house or bungalow: Detached,13,9,2,7,4,4,0
S01012858,Whole house or bungalow: Semi-detached,103,86,25,61,17,15,2
S01012858,Whole house or bungalow: Terraced (including end-terrace),61,49,16,33,12,3,9
S01012858,Flat maisonette or apartment or mobile/temporary accommodation,512,178,32,146,334,282,52
S01012859,All people in households,1014,693,143,550,321,150,171
S01012859,Whole house or bungalow: Total,373,341,34,307,32,10,22
S01012859,Whole house or bungalow: Detached,39,37,3,34,2,0,2
S01012859,Whole house or bungalow: Semi-detached,194,180,16,164,14,2,12
S01012859,Whole house or bungalow: Terraced (including end-terrace),140,124,15,109,16,8,8
S01012859,Flat maisonette or apartment or mobile/temporary accommodation,641,352,109,243,289,140,149
S01012860,All people in households,808,687,268,419,121,37,84
S01012860,Whole house or bungalow: Total,508,475,135,340,33,22,11
S01012860,Whole house or bungalow: Detached,113,112,26,86,1,0,1
S01012860,Whole house or bungalow: Semi-detached,213,196,54,142,17,11,6
S01012860,Whole house or bungalow: Terraced (including end-terrace),182,167,55,112,15,11,4
S01012860,Flat maisonette or apartment or mobile/temporary accommodation,300,212,133,79,88,15,73
S01012861,All people in households,687,619,241,378,68,18,50
S01012861,Whole house or bungalow: Total,384,374,147,227,10,7,3
S01012861,Whole house or bungalow: Detached,81,80,25,55,1,0,1
S01012861,Whole house or bungalow: Semi-detached,138,137,53,84,1,1,0
S01012861,Whole house or bungalow: Terraced (including end-terrace),165,157,69,88,8,6,2
S01012861,Flat maisonette or apartment or mobile/temporary accommodation,303,245,94,151,58,11,47
S01012862,All people in households,588,250,67,183,338,272,66
S01012862,Whole house or bungalow: Total,57,46,11,35,11,8,3
S01012862,Whole house or bungalow: Detached,7,4,0,4,3,1,2
S01012862,Whole house or bungalow: Semi-detached,22,17,6,11,5,5,0
S01012862,Whole house or bungalow: Terraced (including end-terrace),28,25,5,20,3,2,1
S01012862,Flat maisonette or apartment or mobile/temporary accommodation,531,204,56,148,327,264,63
S01012863,All people in households,621,198,51,147,423,321,102
S01012863,Whole house or bungalow: Total,63,42,17,25,21,12,9
S01012863,Whole house or bungalow: Detached,7,7,4,3,0,0,0
S01012863,Whole house or bungalow: Semi-detached,20,18,4,14,2,1,1
S01012863,Whole house or bungalow: Terraced (including end-terrace),36,17,9,8,19,11,8
S01012863,Flat maisonette or apartment or mobile/temporary accommodation,558,156,34,122,402,309,93
S01012864,All people in households,775,286,74,212,489,392,97
S01012864,Whole house or bungalow: Total,56,34,3,31,22,22,0
S01012864,Whole house or bungalow: Detached,23,23,0,23,0,0,0
S01012864,Whole house or bungalow: Semi-detached,4,4,2,2,0,0,0
S01012864,Whole house or bungalow: Terraced (including end-terrace),29,7,1,6,22,22,0
S01012864,Flat maisonette or apartment or mobile/temporary accommodation,719,252,71,181,467,370,97
S01012865,All people in households,779,565,202,363,214,163,51
S01012865,Whole house or bungalow: Total,413,365,117,248,48,33,15
S01012865,Whole house or bungalow: Detached,21,21,11,10,0,0,0
S01012865,Whole house or bungalow: Semi-detached,209,183,56,127,26,19,7
S01012865,Whole house or bungalow: Terraced (including end-terrace),183,161,50,111,22,14,8
S01012865,Flat maisonette or apartment or mobile/temporary accommodation,366,200,85,115,166,130,36
S01012866,All people in households,749,561,132,429,188,130,58
S01012866,Whole house or bungalow: Total,336,279,73,206,57,41,16
S01012866,Whole house or bungalow: Detached,30,26,16,10,4,2,2
S01012866,Whole house or bungalow: Semi-detached,165,148,30,118,17,15,2
S01012866,Whole house or bungalow: Terraced (including end-terrace),141,105,27,78,36,24,12
S01012866,Flat maisonette or apartment or mobile/temporary accommodation,413,282,59,223,131,89,42
S01012867,All people in households,720,366,137,229,354,307,47
S01012867,Whole house or bungalow: Total,256,181,57,124,75,69,6
S01012867,Whole house or bungalow: Detached,1,0,0,0,1,1,0
S01012867,Whole house or bungalow: Semi-detached,132,84,17,67,48,44,4
S01012867,Whole house or bungalow: Terraced (including end-terrace),123,97,40,57,26,24,2
S01012867,Flat maisonette or apartment or mobile/temporary accommodation,464,185,80,105,279,238,41
S01012868,All people in households,554,299,128,171,255,178,77
S01012868,Whole house or bungalow: Total,74,47,17,30,27,26,1
S01012868,Whole house or bungalow: Detached,6,0,0,0,6,6,0
S01012868,Whole house or bungalow: Semi-detached,52,32,15,17,20,20,0
S01012868,Whole house or bungalow: Terraced (including end-terrace),16,15,2,13,1,0,1
S01012868,Flat maisonette or apartment or mobile/temporary accommodation,480,252,111,141,228,152,76
S01012869,All people in households,546,143,43,100,403,376,27
S01012869,Whole house or bungalow: Total,234,74,18,56,160,153,7
S01012869,Whole house or bungalow: Detached,13,10,1,9,3,3,0
S01012869,Whole house or bungalow: Semi-detached,141,46,12,34,95,88,7
S01012869,Whole house or bungalow: Terraced (including end-terrace),80,18,5,13,62,62,0
S01012869,Flat maisonette or apartment or mobile/temporary accommodation,312,69,25,44,243,223,20
S01012870,All people in households,915,754,282,472,161,113,48
S01012870,Whole house or bungalow: Total,762,681,255,426,81,51,30
S01012870,Whole house or bungalow: Detached,100,96,36,60,4,2,2
S01012870,Whole house or bungalow: Semi-detached,250,229,100,129,21,11,10
S01012870,Whole house or bungalow: Terraced (including end-terrace),412,356,119,237,56,38,18
S01012870,Flat maisonette or apartment or mobile/temporary accommodation,153,73,27,46,80,62,18
S01012871,All people in households,815,686,266,420,129,27,102
S01012871,Whole house or bungalow: Total,384,353,166,187,31,12,19
S01012871,Whole house or bungalow: Detached,31,31,16,15,0,0,0
S01012871,Whole house or bungalow: Semi-detached,337,318,148,170,19,8,11
S01012871,Whole house or bungalow: Terraced (including end-terrace),16,4,2,2,12,4,8
S01012871,Flat maisonette or apartment or mobile/temporary accommodation,431,333,100,233,98,15,83
S01012872,All people in households,726,564,166,398,162,13,149
S01012872,Whole house or bungalow: Total,111,78,14,64,33,5,28
S01012872,Whole house or bungalow: Detached,19,12,0,12,7,0,7
S01012872,Whole house or bungalow: Semi-detached,55,31,9,22,24,3,21
S01012872,Whole house or bungalow: Terraced (including end-terrace),37,35,5,30,2,2,0
S01012872,Flat maisonette or apartment or mobile/temporary accommodation,615,486,152,334,129,8,121
S01012873,All people in households,801,634,170,464,167,30,137
S01012873,Whole house or bungalow: Total,295,249,68,181,46,21,25
S01012873,Whole house or bungalow: Detached,33,33,3,30,0,0,0
S01012873,Whole house or bungalow: Semi-detached,198,167,53,114,31,12,19
S01012873,Whole house or bungalow: Terraced (including end-terrace),64,49,12,37,15,9,6
S01012873,Flat maisonette or apartment or mobile/temporary accommodation,506,385,102,283,121,9,112
S01012874,All people in households,777,472,131,341,305,254,51
S01012874,Whole house or bungalow: Total,431,370,109,261,61,55,6
S01012874,Whole house or bungalow: Detached,56,53,12,41,3,3,0
S01012874,Whole house or bungalow: Semi-detached,136,119,41,78,17,15,2
S01012874,Whole house or bungalow: Terraced (including end-terrace),239,198,56,142,41,37,4
S01012874,Flat maisonette or apartment or mobile/temporary accommodation,346,102,22,80,244,199,45
S01012875,All people in households,573,320,103,217,253,194,59
S01012875,Whole house or bungalow: Total,302,217,75,142,85,77,8
S01012875,Whole house or bungalow: Detached,17,13,12,1,4,4,0
S01012875,Whole house or bungalow: Semi-detached,89,66,17,49,23,23,0
S01012875,Whole house or bungalow: Terraced (including end-terrace),196,138,46,92,58,50,8
S01012875,Flat maisonette or apartment or mobile/temporary accommodation,271,103,28,75,168,117,51
S01012876,All people in households,801,502,144,358,299,261,38
S01012876,Whole house or bungalow: Total,483,353,106,247,130,123,7
S01012876,Whole house or bungalow: Detached,18,14,2,12,4,4,0
S01012876,Whole house or bungalow: Semi-detached,187,128,39,89,59,54,5
S01012876,Whole house or bungalow: Terraced (including end-terrace),278,211,65,146,67,65,2
S01012876,Flat maisonette or apartment or mobile/temporary accommodation,318,149,38,111,169,138,31
S01012877,All people in households,726,567,182,385,159,139,20
S01012877,Whole house or bungalow: Total,598,467,144,323,131,117,14
S01012877,Whole house or bungalow: Detached,12,12,7,5,0,0,0
S01012877,Whole house or bungalow: Semi-detached,202,162,61,101,40,39,1
S01012877,Whole house or bungalow: Terraced (including end-terrace),384,293,76,217,91,78,13
S01012877,Flat maisonette or apartment or mobile/temporary accommodation,128,100,38,62,28,22,6
S01012878,All people in households,925,851,286,565,74,22,52
S01012878,Whole house or bungalow: Total,816,774,269,505,42,9,33
S01012878,Whole house or bungalow: Detached,274,255,93,162,19,2,17
S01012878,Whole house or bungalow: Semi-detached,469,453,164,289,16,0,16
S01012878,Whole house or bungalow: Terraced (including end-terrace),73,66,12,54,7,7,0
S01012878,Flat maisonette or apartment or mobile/temporary accommodation,109,77,17,60,32,13,19
S01012879,All people in households,729,632,230,402,97,30,67
S01012879,Whole house or bungalow: Total,530,509,164,345,21,12,9
S01012879,Whole house or bungalow: Detached,33,29,7,22,4,0,4
S01012879,Whole house or bungalow: Semi-detached,351,347,130,217,4,2,2
S01012879,Whole house or bungalow: Terraced (including end-terrace),146,133,27,106,13,10,3
S01012879,Flat maisonette or apartment or mobile/temporary accommodation,199,123,66,57,76,18,58
S01012880,All people in households,892,839,356,483,53,26,27
S01012880,Whole house or bungalow: Total,774,743,310,433,31,20,11
S01012880,Whole house or bungalow: Detached,118,114,39,75,4,0,4
S01012880,Whole house or bungalow: Semi-detached,526,509,222,287,17,11,6
S01012880,Whole house or bungalow: Terraced (including end-terrace),130,120,49,71,10,9,1
S01012880,Flat maisonette or apartment or mobile/temporary accommodation,118,96,46,50,22,6,16
S01012881,All people in households,832,735,365,370,97,57,40
S01012881,Whole house or bungalow: Total,575,534,253,281,41,23,18
S01012881,Whole house or bungalow: Detached,162,160,65,95,2,0,2
S01012881,Whole house or bungalow: Semi-detached,271,257,143,114,14,3,11
S01012881,Whole house or bungalow: Terraced (including end-terrace),142,117,45,72,25,20,5
S01012881,Flat maisonette or apartment or mobile/temporary accommodation,257,201,112,89,56,34,22
S01012882,All people in households,603,308,150,158,295,271,24
S01012882,Whole house or bungalow: Total,249,216,110,106,33,31,2
S01012882,Whole house or bungalow: Detached,21,17,6,11,4,4,0
S01012882,Whole house or bungalow: Semi-detached,186,180,91,89,6,4,2
S01012882,Whole house or bungalow: Terraced (including end-terrace),42,19,13,6,23,23,0
S01012882,Flat maisonette or apartment or mobile/temporary accommodation,354,92,40,52,262,240,22
S01012883,All people in households,634,250,92,158,384,368,16
S01012883,Whole house or bungalow: Total,192,140,64,76,52,49,3
S01012883,Whole house or bungalow: Detached,31,29,11,18,2,0,2
S01012883,Whole house or bungalow: Semi-detached,81,62,34,28,19,19,0
S01012883,Whole house or bungalow: Terraced (including end-terrace),80,49,19,30,31,30,1
S01012883,Flat maisonette or apartment or mobile/temporary accommodation,442,110,28,82,332,319,13
S01012884,All people in households,531,292,86,206,239,208,31
S01012884,Whole house or bungalow: Total,247,221,63,158,26,19,7
S01012884,Whole house or bungalow: Detached,42,39,13,26,3,0,3
S01012884,Whole house or bungalow: Semi-detached,164,150,47,103,14,14,0
S01012884,Whole house or bungalow: Terraced (including end-terrace),41,32,3,29,9,5,4
S01012884,Flat maisonette or apartment or mobile/temporary accommodation,284,71,23,48,213,189,24
S01012885,All people in households,446,183,76,107,263,198,65
S01012885,Whole house or bungalow: Total,124,83,32,51,41,36,5
S01012885,Whole house or bungalow: Detached,6,5,3,2,1,1,0
S01012885,Whole house or bungalow: Semi-detached,14,7,1,6,7,3,4
S01012885,Whole house or bungalow: Terraced (including end-terrace),104,71,28,43,33,32,1
S01012885,Flat maisonette or apartment or mobile/temporary accommodation,322,100,44,56,222,162,60
S01012886,All people in households,766,676,247,429,90,38,52
S01012886,Whole house or bungalow: Total,676,621,237,384,55,24,31
S01012886,Whole house or bungalow: Detached,136,125,33,92,11,0,11
S01012886,Whole house or bungalow: Semi-detached,434,409,164,245,25,13,12
S01012886,Whole house or bungalow: Terraced (including end-terrace),106,87,40,47,19,11,8
S01012886,Flat maisonette or apartment or mobile/temporary accommodation,90,55,10,45,35,14,21
S01012887,All people in households,734,691,289,402,43,26,17
S01012887,Whole house or bungalow: Total,534,515,206,309,19,11,8
S01012887,Whole house or bungalow: Detached,210,206,103,103,4,0,4
S01012887,Whole house or bungalow: Semi-detached,191,190,82,108,1,0,1
S01012887,Whole house or bungalow: Terraced (including end-terrace),133,119,21,98,14,11,3
S01012887,Flat maisonette or apartment or mobile/temporary accommodation,200,176,83,93,24,15,9
S01012888,All people in households,808,744,317,427,64,33,31
S01012888,Whole house or bungalow: Total,728,680,281,399,48,27,21
S01012888,Whole house or bungalow: Detached,214,210,114,96,4,4,0
S01012888,Whole house or bungalow: Semi-detached,450,423,154,269,27,6,21
S01012888,Whole house or bungalow: Terraced (including end-terrace),64,47,13,34,17,17,0
S01012888,Flat maisonette or apartment or mobile/temporary accommodation,80,64,36,28,16,6,10
S01012889,All people in households,875,731,112,619,144,94,50
S01012889,Whole house or bungalow: Total,826,703,107,596,123,87,36
S01012889,Whole house or bungalow: Detached,519,500,67,433,19,3,16
S01012889,Whole house or bungalow: Semi-detached,121,100,15,85,21,17,4
S01012889,Whole house or bungalow: Terraced (including end-terrace),186,103,25,78,83,67,16
S01012889,Flat maisonette or apartment or mobile/temporary accommodation,49,28,5,23,21,7,14
S01012890,All people in households,717,358,81,277,359,315,44
S01012890,Whole house or bungalow: Total,551,313,72,241,238,212,26
S01012890,Whole house or bungalow: Detached,110,94,17,77,16,6,10
S01012890,Whole house or bungalow: Semi-detached,177,75,13,62,102,98,4
S01012890,Whole house or bungalow: Terraced (including end-terrace),264,144,42,102,120,108,12
S01012890,Flat maisonette or apartment or mobile/temporary accommodation,166,45,9,36,121,103,18
S01012891,All people in households,548,390,113,277,158,139,19
S01012891,Whole house or bungalow: Total,444,339,94,245,105,91,14
S01012891,Whole house or bungalow: Detached,48,48,24,24,0,0,0
S01012891,Whole house or bungalow: Semi-detached,102,72,24,48,30,27,3
S01012891,Whole house or bungalow: Terraced (including end-terrace),294,219,46,173,75,64,11
S01012891,Flat maisonette or apartment or mobile/temporary accommodation,104,51,19,32,53,48,5
S01012892,All people in households,1107,547,218,329,560,503,57
S01012892,Whole house or bungalow: Total,672,432,171,261,240,214,26
S01012892,Whole house or bungalow: Detached,25,18,6,12,7,1,6
S01012892,Whole house or bungalow: Semi-detached,158,109,46,63,49,41,8
S01012892,Whole house or bungalow: Terraced (including end-terrace),489,305,119,186,184,172,12
S01012892,Flat maisonette or apartment or mobile/temporary accommodation,435,115,47,68,320,289,31
S01012893,All people in households,746,378,153,225,368,342,26
S01012893,Whole house or bungalow: Total,282,221,76,145,61,53,8
S01012893,Whole house or bungalow: Detached,11,6,6,0,5,2,3
S01012893,Whole house or bungalow: Semi-detached,74,63,12,51,11,7,4
S01012893,Whole house or bungalow: Terraced (including end-terrace),197,152,58,94,45,44,1
S01012893,Flat maisonette or apartment or mobile/temporary accommodation,464,157,77,80,307,289,18
S01012894,All people in households,814,605,117,488,209,177,32
S01012894,Whole house or bungalow: Total,752,583,111,472,169,154,15
S01012894,Whole house or bungalow: Detached,425,410,77,333,15,6,9
S01012894,Whole house or bungalow: Semi-detached,234,129,26,103,105,102,3
S01012894,Whole house or bungalow: Terraced (including end-terrace),93,44,8,36,49,46,3
S01012894,Flat maisonette or apartment or mobile/temporary accommodation,62,22,6,16,40,23,17
S01012895,All people in households,522,454,108,346,68,32,36
S01012895,Whole house or bungalow: Total,487,442,107,335,45,19,26
S01012895,Whole house or bungalow: Detached,300,278,86,192,22,4,18
S01012895,Whole house or bungalow: Semi-detached,143,128,21,107,15,8,7
S01012895,Whole house or bungalow: Terraced (including end-terrace),44,36,0,36,8,7,1
S01012895,Flat maisonette or apartment or mobile/temporary accommodation,35,12,1,11,23,13,10
S01012896,All people in households,840,410,163,247,430,397,33
S01012896,Whole house or bungalow: Total,327,282,98,184,45,32,13
S01012896,Whole house or bungalow: Detached,6,6,0,6,0,0,0
S01012896,Whole house or bungalow: Semi-detached,28,24,13,11,4,4,0
S01012896,Whole house or bungalow: Terraced (including end-terrace),293,252,85,167,41,28,13
S01012896,Flat maisonette or apartment or mobile/temporary accommodation,513,128,65,63,385,365,20
S01012897,All people in households,607,523,153,370,84,20,64
S01012897,Whole house or bungalow: Total,591,523,153,370,68,16,52
S01012897,Whole house or bungalow: Detached,188,158,68,90,30,0,30
S01012897,Whole house or bungalow: Semi-detached,333,309,75,234,24,9,15
S01012897,Whole house or bungalow: Terraced (including end-terrace),70,56,10,46,14,7,7
S01012897,Flat maisonette or apartment or mobile/temporary accommodation,16,0,0,0,16,4,12
S01012898,All people in households,567,520,40,480,47,12,35
S01012898,Whole house or bungalow: Total,564,518,40,478,46,12,34
S01012898,Whole house or bungalow: Detached,506,469,33,436,37,3,34
S01012898,Whole house or bungalow: Semi-detached,40,35,5,30,5,5,0
S01012898,Whole house or bungalow: Terraced (including end-terrace),18,14,2,12,4,4,0
S01012898,Flat maisonette or apartment or mobile/temporary accommodation,3,2,0,2,1,0,1
S01012899,All people in households,529,233,65,168,296,272,24
S01012899,Whole house or bungalow: Total,189,179,27,152,10,8,2
S01012899,Whole house or bungalow: Detached,5,5,1,4,0,0,0
S01012899,Whole house or bungalow: Semi-detached,5,5,0,5,0,0,0
S01012899,Whole house or bungalow: Terraced (including end-terrace),179,169,26,143,10,8,2
S01012899,Flat maisonette or apartment or mobile/temporary accommodation,340,54,38,16,286,264,22
S01012900,All people in households,573,458,185,273,115,30,85
S01012900,Whole house or bungalow: Total,536,438,177,261,98,25,73
S01012900,Whole house or bungalow: Detached,278,227,94,133,51,3,48
S01012900,Whole house or bungalow: Semi-detached,107,83,38,45,24,4,20
S01012900,Whole house or bungalow: Terraced (including end-terrace),151,128,45,83,23,18,5
S01012900,Flat maisonette or apartment or mobile/temporary accommodation,37,20,8,12,17,5,12
S01012901,All people in households,689,530,167,363,159,65,94
S01012901,Whole house or bungalow: Total,483,406,132,274,77,35,42
S01012901,Whole house or bungalow: Detached,8,7,0,7,1,0,1
S01012901,Whole house or bungalow: Semi-detached,20,13,3,10,7,1,6
S01012901,Whole house or bungalow: Terraced (including end-terrace),455,386,129,257,69,34,35
S01012901,Flat maisonette or apartment or mobile/temporary accommodation,206,124,35,89,82,30,52
S01012902,All people in households,748,550,161,389,198,118,80
S01012902,Whole house or bungalow: Total,516,453,142,311,63,29,34
S01012902,Whole house or bungalow: Detached,33,33,13,20,0,0,0
S01012902,Whole house or bungalow: Semi-detached,75,62,10,52,13,4,9
S01012902,Whole house or bungalow: Terraced (including end-terrace),408,358,119,239,50,25,25
S01012902,Flat maisonette or apartment or mobile/temporary accommodation,232,97,19,78,135,89,46
S01012903,All people in households,811,606,183,423,205,118,87
S01012903,Whole house or bungalow: Total,538,468,164,304,70,60,10
S01012903,Whole house or bungalow: Detached,11,11,0,11,0,0,0
S01012903,Whole house or bungalow: Semi-detached,34,30,3,27,4,4,0
S01012903,Whole house or bungalow: Terraced (including end-terrace),493,427,161,266,66,56,10
S01012903,Flat maisonette or apartment or mobile/temporary accommodation,273,138,19,119,135,58,77
S01012904,All people in households,816,570,164,406,246,148,98
S01012904,Whole house or bungalow: Total,526,429,133,296,97,63,34
S01012904,Whole house or bungalow: Detached,16,16,8,8,0,0,0
S01012904,Whole house or bungalow: Semi-detached,29,14,5,9,15,8,7
S01012904,Whole house or bungalow: Terraced (including end-terrace),481,399,120,279,82,55,27
S01012904,Flat maisonette or apartment or mobile/temporary accommodation,290,141,31,110,149,85,64
S01012905,All people in households,622,256,84,172,366,307,59
S01012905,Whole house or bungalow: Total,518,215,72,143,303,278,25
S01012905,Whole house or bungalow: Detached,10,5,2,3,5,4,1
S01012905,Whole house or bungalow: Semi-detached,83,19,6,13,64,64,0
S01012905,Whole house or bungalow: Terraced (including end-terrace),425,191,64,127,234,210,24
S01012905,Flat maisonette or apartment or mobile/temporary accommodation,104,41,12,29,63,29,34
S01012906,All people in households,900,683,180,503,217,104,113
S01012906,Whole house or bungalow: Total,583,509,134,375,74,30,44
S01012906,Whole house or bungalow: Detached,59,57,9,48,2,0,2
S01012906,Whole house or bungalow: Semi-detached,69,65,14,51,4,3,1
S01012906,Whole house or bungalow: Terraced (including end-terrace),455,387,111,276,68,27,41
S01012906,Flat maisonette or apartment or mobile/temporary accommodation,317,174,46,128,143,74,69
S01012907,All people in households,858,630,207,423,228,149,79
S01012907,Whole house or bungalow: Total,631,523,172,351,108,64,44
S01012907,Whole house or bungalow: Detached,11,7,0,7,4,2,2
S01012907,Whole house or bungalow: Semi-detached,130,106,27,79,24,17,7
S01012907,Whole house or bungalow: Terraced (including end-terrace),490,410,145,265,80,45,35
S01012907,Flat maisonette or apartment or mobile/temporary accommodation,227,107,35,72,120,85,35
S01012908,All people in households,699,490,182,308,209,143,66
S01012908,Whole house or bungalow: Total,456,373,137,236,83,48,35
S01012908,Whole house or bungalow: Detached,5,5,5,0,0,0,0
S01012908,Whole house or bungalow: Semi-detached,36,33,17,16,3,3,0
S01012908,Whole house or bungalow: Terraced (including end-terrace),415,335,115,220,80,45,35
S01012908,Flat maisonette or apartment or mobile/temporary accommodation,243,117,45,72,126,95,31
S01012909,All people in households,610,394,119,275,216,120,96
S01012909,Whole house or bungalow: Total,412,301,90,211,111,79,32
S01012909,Whole house or bungalow: Detached,15,13,4,9,2,2,0
S01012909,Whole house or bungalow: Semi-detached,89,71,27,44,18,14,4
S01012909,Whole house or bungalow: Terraced (including end-terrace),308,217,59,158,91,63,28
S01012909,Flat maisonette or apartment or mobile/temporary accommodation,198,93,29,64,105,41,64
S01012910,All people in households,834,439,157,282,395,338,57
S01012910,Whole house or bungalow: Total,432,355,113,242,77,44,33
S01012910,Whole house or bungalow: Detached,13,9,2,7,4,4,0
S01012910,Whole house or bungalow: Semi-detached,58,48,17,31,10,8,2
S01012910,Whole house or bungalow: Terraced (including end-terrace),361,298,94,204,63,32,31
S01012910,Flat maisonette or apartment or mobile/temporary accommodation,402,84,44,40,318,294,24
S01012911,All people in households,728,590,239,351,138,62,76
S01012911,Whole house or bungalow: Total,564,504,197,307,60,20,40
S01012911,Whole house or bungalow: Detached,66,59,24,35,7,0,7
S01012911,Whole house or bungalow: Semi-detached,183,164,61,103,19,7,12
S01012911,Whole house or bungalow: Terraced (including end-terrace),315,281,112,169,34,13,21
S01012911,Flat maisonette or apartment or mobile/temporary accommodation,164,86,42,44,78,42,36
S01012912,All people in households,673,485,220,265,188,126,62
S01012912,Whole house or bungalow: Total,443,384,173,211,59,50,9
S01012912,Whole house or bungalow: Detached,6,5,2,3,1,1,0
S01012912,Whole house or bungalow: Semi-detached,106,85,41,44,21,19,2
S01012912,Whole house or bungalow: Terraced (including end-terrace),331,294,130,164,37,30,7
S01012912,Flat maisonette or apartment or mobile/temporary accommodation,230,101,47,54,129,76,53
S01012913,All people in households,882,675,256,419,207,132,75
S01012913,Whole house or bungalow: Total,619,520,205,315,99,70,29
S01012913,Whole house or bungalow: Detached,26,23,8,15,3,0,3
S01012913,Whole house or bungalow: Semi-detached,190,160,66,94,30,30,0
S01012913,Whole house or bungalow: Terraced (including end-terrace),403,337,131,206,66,40,26
S01012913,Flat maisonette or apartment or mobile/temporary accommodation,263,155,51,104,108,62,46
S01012914,All people in households,848,564,180,384,284,135,149
S01012914,Whole house or bungalow: Total,552,426,145,281,126,71,55
S01012914,Whole house or bungalow: Detached,56,49,19,30,7,0,7
S01012914,Whole house or bungalow: Semi-detached,122,87,29,58,35,18,17
S01012914,Whole house or bungalow: Terraced (including end-terrace),374,290,97,193,84,53,31
S01012914,Flat maisonette or apartment or mobile/temporary accommodation,296,138,35,103,158,64,94
S01012915,All people in households,1055,793,146,647,262,149,113
S01012915,Whole house or bungalow: Total,808,688,121,567,120,77,43
S01012915,Whole house or bungalow: Detached,345,328,41,287,17,5,12
S01012915,Whole house or bungalow: Semi-detached,325,256,56,200,69,44,25
S01012915,Whole house or bungalow: Terraced (including end-terrace),138,104,24,80,34,28,6
S01012915,Flat maisonette or apartment or mobile/temporary accommodation,247,105,25,80,142,72,70
S01012916,All people in households,651,487,199,288,164,106,58
S01012916,Whole house or bungalow: Total,450,384,163,221,66,59,7
S01012916,Whole house or bungalow: Detached,45,41,31,10,4,4,0
S01012916,Whole house or bungalow: Semi-detached,93,82,38,44,11,9,2
S01012916,Whole house or bungalow: Terraced (including end-terrace),312,261,94,167,51,46,5
S01012916,Flat maisonette or apartment or mobile/temporary accommodation,201,103,36,67,98,47,51
S01012917,All people in households,717,656,238,418,61,26,35
S01012917,Whole house or bungalow: Total,698,645,230,415,53,24,29
S01012917,Whole house or bungalow: Detached,112,112,31,81,0,0,0
S01012917,Whole house or bungalow: Semi-detached,97,97,41,56,0,0,0
S01012917,Whole house or bungalow: Terraced (including end-terrace),489,436,158,278,53,24,29
S01012917,Flat maisonette or apartment or mobile/temporary accommodation,19,11,8,3,8,2,6
S01012918,All people in households,490,357,139,218,133,57,76
S01012918,Whole house or bungalow: Total,275,249,105,144,26,24,2
S01012918,Whole house or bungalow: Detached,0,0,0,0,0,0,0
S01012918,Whole house or bungalow: Semi-detached,5,5,2,3,0,0,0
S01012918,Whole house or bungalow: Terraced (including end-terrace),270,244,103,141,26,24,2
S01012918,Flat maisonette or apartment or mobile/temporary accommodation,215,108,34,74,107,33,74
S01012919,All people in households,455,363,161,202,92,56,36
S01012919,Whole house or bungalow: Total,352,302,133,169,50,33,17
S01012919,Whole house or bungalow: Detached,11,11,5,6,0,0,0
S01012919,Whole house or bungalow: Semi-detached,9,3,3,0,6,1,5
S01012919,Whole house or bungalow: Terraced (including end-terrace),332,288,125,163,44,32,12
S01012919,Flat maisonette or apartment or mobile/temporary accommodation,103,61,28,33,42,23,19
S01012920,All people in households,571,550,269,281,21,2,19
S01012920,Whole house or bungalow: Total,469,453,214,239,16,0,16
S01012920,Whole house or bungalow: Detached,216,212,120,92,4,0,4
S01012920,Whole house or bungalow: Semi-detached,153,147,73,74,6,0,6
S01012920,Whole house or bungalow: Terraced (including end-terrace),100,94,21,73,6,0,6
S01012920,Flat maisonette or apartment or mobile/temporary accommodation,102,97,55,42,5,2,3
S01012921,All people in households,705,523,167,356,182,93,89
S01012921,Whole house or bungalow: Total,473,394,125,269,79,53,26
S01012921,Whole house or bungalow: Detached,10,9,0,9,1,1,0
S01012921,Whole house or bungalow: Semi-detached,42,42,8,34,0,0,0
S01012921,Whole house or bungalow: Terraced (including end-terrace),421,343,117,226,78,52,26
S01012921,Flat maisonette or apartment or mobile/temporary accommodation,232,129,42,87,103,40,63
S01012922,All people in households,1011,790,194,596,221,127,94
S01012922,Whole house or bungalow: Total,809,666,165,501,143,102,41
S01012922,Whole house or bungalow: Detached,128,121,4,117,7,2,5
S01012922,Whole house or bungalow: Semi-detached,138,99,20,79,39,39,0
S01012922,Whole house or bungalow: Terraced (including end-terrace),543,446,141,305,97,61,36
S01012922,Flat maisonette or apartment or mobile/temporary accommodation,202,124,29,95,78,25,53
S01012923,All people in households,706,570,178,392,136,54,82
S01012923,Whole house or bungalow: Total,542,489,158,331,53,26,27
S01012923,Whole house or bungalow: Detached,17,11,0,11,6,0,6
S01012923,Whole house or bungalow: Semi-detached,19,17,4,13,2,2,0
S01012923,Whole house or bungalow: Terraced (including end-terrace),506,461,154,307,45,24,21
S01012923,Flat maisonette or apartment or mobile/temporary accommodation,164,81,20,61,83,28,55
S01012924,All people in households,500,381,102,279,119,41,78
S01012924,Whole house or bungalow: Total,360,316,98,218,44,16,28
S01012924,Whole house or bungalow: Detached,6,6,4,2,0,0,0
S01012924,Whole house or bungalow: Semi-detached,11,4,1,3,7,4,3
S01012924,Whole house or bungalow: Terraced (including end-terrace),343,306,93,213,37,12,25
S01012924,Flat maisonette or apartment or mobile/temporary accommodation,140,65,4,61,75,25,50
S01012925,All people in households,482,432,143,289,50,17,33
S01012925,Whole house or bungalow: Total,392,386,128,258,6,6,0
S01012925,Whole house or bungalow: Detached,142,142,53,89,0,0,0
S01012925,Whole house or bungalow: Semi-detached,165,165,57,108,0,0,0
S01012925,Whole house or bungalow: Terraced (including end-terrace),85,79,18,61,6,6,0
S01012925,Flat maisonette or apartment or mobile/temporary accommodation,90,46,15,31,44,11,33
S01012926,All people in households,697,539,204,335,158,67,91
S01012926,Whole house or bungalow: Total,465,424,161,263,41,28,13
S01012926,Whole house or bungalow: Detached,58,55,31,24,3,1,2
S01012926,Whole house or bungalow: Semi-detached,56,46,16,30,10,10,0
S01012926,Whole house or bungalow: Terraced (including end-terrace),351,323,114,209,28,17,11
S01012926,Flat maisonette or apartment or mobile/temporary accommodation,232,115,43,72,117,39,78
S01012927,All people in households,772,612,205,407,160,74,86
S01012927,Whole house or bungalow: Total,595,535,185,350,60,32,28
S01012927,Whole house or bungalow: Detached,15,15,7,8,0,0,0
S01012927,Whole house or bungalow: Semi-detached,24,19,12,7,5,5,0
S01012927,Whole house or bungalow: Terraced (including end-terrace),556,501,166,335,55,27,28
S01012927,Flat maisonette or apartment or mobile/temporary accommodation,177,77,20,57,100,42,58
S01012928,All people in households,810,714,248,466,96,41,55
S01012928,Whole house or bungalow: Total,636,599,173,426,37,13,24
S01012928,Whole house or bungalow: Detached,186,184,55,129,2,0,2
S01012928,Whole house or bungalow: Semi-detached,43,39,18,21,4,4,0
S01012928,Whole house or bungalow: Terraced (including end-terrace),407,376,100,276,31,9,22
S01012928,Flat maisonette or apartment or mobile/temporary accommodation,174,115,75,40,59,28,31
S01012929,All people in households,749,661,270,391,88,40,48
S01012929,Whole house or bungalow: Total,627,576,237,339,51,23,28
S01012929,Whole house or bungalow: Detached,72,60,33,27,12,4,8
S01012929,Whole house or bungalow: Semi-detached,58,48,29,19,10,4,6
S01012929,Whole house or bungalow: Terraced (including end-terrace),497,468,175,293,29,15,14
S01012929,Flat maisonette or apartment or mobile/temporary accommodation,122,85,33,52,37,17,20
S01012930,All people in households,823,513,232,281,310,160,150
S01012930,Whole house or bungalow: Total,306,229,86,143,77,64,13
S01012930,Whole house or bungalow: Detached,62,59,21,38,3,2,1
S01012930,Whole house or bungalow: Semi-detached,176,138,54,84,38,33,5
S01012930,Whole house or bungalow: Terraced (including end-terrace),68,32,11,21,36,29,7
S01012930,Flat maisonette or apartment or mobile/temporary accommodation,517,284,146,138,233,96,137
S01012931,All people in households,883,579,178,401,304,171,133
S01012931,Whole house or bungalow: Total,492,391,111,280,101,60,41
S01012931,Whole house or bungalow: Detached,81,71,14,57,10,3,7
S01012931,Whole house or bungalow: Semi-detached,188,151,45,106,37,24,13
S01012931,Whole house or bungalow: Terraced (including end-terrace),223,169,52,117,54,33,21
S01012931,Flat maisonette or apartment or mobile/temporary accommodation,391,188,67,121,203,111,92
S01012932,All people in households,512,441,158,283,71,46,25
S01012932,Whole house or bungalow: Total,455,408,142,266,47,36,11
S01012932,Whole house or bungalow: Detached,184,181,64,117,3,0,3
S01012932,Whole house or bungalow: Semi-detached,179,161,59,102,18,13,5
S01012932,Whole house or bungalow: Terraced (including end-terrace),92,66,19,47,26,23,3
S01012932,Flat maisonette or apartment or mobile/temporary accommodation,57,33,16,17,24,10,14
S01012933,All people in households,803,616,189,427,187,126,61
S01012933,Whole house or bungalow: Total,708,571,168,403,137,99,38
S01012933,Whole house or bungalow: Detached,105,86,29,57,19,0,19
S01012933,Whole house or bungalow: Semi-detached,409,328,97,231,81,71,10
S01012933,Whole house or bungalow: Terraced (including end-terrace),194,157,42,115,37,28,9
S01012933,Flat maisonette or apartment or mobile/temporary accommodation,95,45,21,24,50,27,23
S01012934,All people in households,708,478,182,296,230,136,94
S01012934,Whole house or bungalow: Total,427,356,124,232,71,52,19
S01012934,Whole house or bungalow: Detached,64,61,24,37,3,0,3
S01012934,Whole house or bungalow: Semi-detached,280,231,82,149,49,39,10
S01012934,Whole house or bungalow: Terraced (including end-terrace),83,64,18,46,19,13,6
S01012934,Flat maisonette or apartment or mobile/temporary accommodation,281,122,58,64,159,84,75
S01012935,All people in households,887,695,246,449,192,138,54
S01012935,Whole house or bungalow: Total,804,670,240,430,134,106,28
S01012935,Whole house or bungalow: Detached,53,50,10,40,3,3,0
S01012935,Whole house or bungalow: Semi-detached,319,270,110,160,49,30,19
S01012935,Whole house or bungalow: Terraced (including end-terrace),432,350,120,230,82,73,9
S01012935,Flat maisonette or apartment or mobile/temporary accommodation,83,25,6,19,58,32,26
S01012936,All people in households,726,499,158,341,227,143,84
S01012936,Whole house or bungalow: Total,384,300,85,215,84,62,22
S01012936,Whole house or bungalow: Detached,119,114,27,87,5,0,5
S01012936,Whole house or bungalow: Semi-detached,113,71,21,50,42,35,7
S01012936,Whole house or bungalow: Terraced (including end-terrace),152,115,37,78,37,27,10
S01012936,Flat maisonette or apartment or mobile/temporary accommodation,342,199,73,126,143,81,62
S01012937,All people in households,692,518,140,378,174,99,75
S01012937,Whole house or bungalow: Total,467,384,90,294,83,55,28
S01012937,Whole house or bungalow: Detached,144,143,19,124,1,1,0
S01012937,Whole house or bungalow: Semi-detached,72,64,12,52,8,8,0
S01012937,Whole house or bungalow: Terraced (including end-terrace),251,177,59,118,74,46,28
S01012937,Flat maisonette or apartment or mobile/temporary accommodation,225,134,50,84,91,44,47
S01012938,All people in households,691,619,237,382,72,47,25
S01012938,Whole house or bungalow: Total,626,575,212,363,51,37,14
S01012938,Whole house or bungalow: Detached,489,480,193,287,9,0,9
S01012938,Whole house or bungalow: Semi-detached,111,72,17,55,39,34,5
S01012938,Whole house or bungalow: Terraced (including end-terrace),26,23,2,21,3,3,0
S01012938,Flat maisonette or apartment or mobile/temporary accommodation,65,44,25,19,21,10,11
S01012939,All people in households,651,622,165,457,29,6,23
S01012939,Whole house or bungalow: Total,644,621,164,457,23,1,22
S01012939,Whole house or bungalow: Detached,484,471,160,311,13,0,13
S01012939,Whole house or bungalow: Semi-detached,149,147,4,143,2,0,2
S01012939,Whole house or bungalow: Terraced (including end-terrace),11,3,0,3,8,1,7
S01012939,Flat maisonette or apartment or mobile/temporary accommodation,7,1,1,0,6,5,1
S01012940,All people in households,698,661,174,487,37,6,31
S01012940,Whole house or bungalow: Total,617,598,151,447,19,5,14
S01012940,Whole house or bungalow: Detached,394,386,100,286,8,0,8
S01012940,Whole house or bungalow: Semi-detached,201,195,47,148,6,0,6
S01012940,Whole house or bungalow: Terraced (including end-terrace),22,17,4,13,5,5,0
S01012940,Flat maisonette or apartment or mobile/temporary accommodation,81,63,23,40,18,1,17
S01012941,All people in households,789,764,241,523,25,8,17
S01012941,Whole house or bungalow: Total,777,753,241,512,24,7,17
S01012941,Whole house or bungalow: Detached,715,698,230,468,17,0,17
S01012941,Whole house or bungalow: Semi-detached,52,45,11,34,7,7,0
S01012941,Whole house or bungalow: Terraced (including end-terrace),10,10,0,10,0,0,0
S01012941,Flat maisonette or apartment or mobile/temporary accommodation,12,11,0,11,1,1,0
S01012942,All people in households,788,458,115,343,330,216,114
S01012942,Whole house or bungalow: Total,570,382,96,286,188,139,49
S01012942,Whole house or bungalow: Detached,11,8,4,4,3,3,0
S01012942,Whole house or bungalow: Semi-detached,59,37,9,28,22,17,5
S01012942,Whole house or bungalow: Terraced (including end-terrace),500,337,83,254,163,119,44
S01012942,Flat maisonette or apartment or mobile/temporary accommodation,218,76,19,57,142,77,65
S01012943,All people in households,751,667,158,509,84,30,54
S01012943,Whole house or bungalow: Total,704,648,155,493,56,17,39
S01012943,Whole house or bungalow: Detached,266,248,75,173,18,1,17
S01012943,Whole house or bungalow: Semi-detached,262,243,43,200,19,5,14
S01012943,Whole house or bungalow: Terraced (including end-terrace),176,157,37,120,19,11,8
S01012943,Flat maisonette or apartment or mobile/temporary accommodation,47,19,3,16,28,13,15
S01012944,All people in households,525,502,145,357,23,1,22
S01012944,Whole house or bungalow: Total,516,499,145,354,17,1,16
S01012944,Whole house or bungalow: Detached,317,306,109,197,11,0,11
S01012944,Whole house or bungalow: Semi-detached,193,188,36,152,5,0,5
S01012944,Whole house or bungalow: Terraced (including end-terrace),6,5,0,5,1,1,0
S01012944,Flat maisonette or apartment or mobile/temporary accommodation,9,3,0,3,6,0,6
S01012945,All people in households,724,692,161,531,32,14,18
S01012945,Whole house or bungalow: Total,693,672,152,520,21,9,12
S01012945,Whole house or bungalow: Detached,583,577,137,440,6,2,4
S01012945,Whole house or bungalow: Semi-detached,94,88,15,73,6,0,6
S01012945,Whole house or bungalow: Terraced (including end-terrace),16,7,0,7,9,7,2
S01012945,Flat maisonette or apartment or mobile/temporary accommodation,31,20,9,11,11,5,6
S01012946,All people in households,861,751,181,570,110,7,103
S01012946,Whole house or bungalow: Total,730,708,162,546,22,5,17
S01012946,Whole house or bungalow: Detached,480,469,114,355,11,0,11
S01012946,Whole house or bungalow: Semi-detached,223,217,41,176,6,0,6
S01012946,Whole house or bungalow: Terraced (including end-terrace),27,22,7,15,5,5,0
S01012946,Flat maisonette or apartment or mobile/temporary accommodation,131,43,19,24,88,2,86
S01012947,All people in households,453,441,122,319,12,6,6
S01012947,Whole house or bungalow: Total,446,441,122,319,5,3,2
S01012947,Whole house or bungalow: Detached,425,423,120,303,2,0,2
S01012947,Whole house or bungalow: Semi-detached,14,14,2,12,0,0,0
S01012947,Whole house or bungalow: Terraced (including end-terrace),7,4,0,4,3,3,0
S01012947,Flat maisonette or apartment or mobile/temporary accommodation,7,0,0,0,7,3,4
S01012948,All people in households,681,658,212,446,23,17,6
S01012948,Whole house or bungalow: Total,675,656,210,446,19,13,6
S01012948,Whole house or bungalow: Detached,258,256,95,161,2,0,2
S01012948,Whole house or bungalow: Semi-detached,393,388,115,273,5,1,4
S01012948,Whole house or bungalow: Terraced (including end-terrace),24,12,0,12,12,12,0
S01012948,Flat maisonette or apartment or mobile/temporary accommodation,6,2,2,0,4,4,0
S01012949,All people in households,667,620,224,396,47,14,33
S01012949,Whole house or bungalow: Total,633,598,209,389,35,13,22
S01012949,Whole house or bungalow: Detached,333,324,110,214,9,0,9
S01012949,Whole house or bungalow: Semi-detached,194,186,69,117,8,4,4
S01012949,Whole house or bungalow: Terraced (including end-terrace),106,88,30,58,18,9,9
S01012949,Flat maisonette or apartment or mobile/temporary accommodation,34,22,15,7,12,1,11
S01012950,All people in households,865,812,136,676,53,14,39
S01012950,Whole house or bungalow: Total,840,798,129,669,42,10,32
S01012950,Whole house or bungalow: Detached,746,723,123,600,23,0,23
S01012950,Whole house or bungalow: Semi-detached,58,39,6,33,19,10,9
S01012950,Whole house or bungalow: Terraced (including end-terrace),36,36,0,36,0,0,0
S01012950,Flat maisonette or apartment or mobile/temporary accommodation,25,14,7,7,11,4,7
S01012951,All people in households,914,875,124,751,39,7,32
S01012951,Whole house or bungalow: Total,870,845,112,733,25,5,20
S01012951,Whole house or bungalow: Detached,793,774,95,679,19,0,19
S01012951,Whole house or bungalow: Semi-detached,53,52,9,43,1,0,1
S01012951,Whole house or bungalow: Terraced (including end-terrace),24,19,8,11,5,5,0
S01012951,Flat maisonette or apartment or mobile/temporary accommodation,44,30,12,18,14,2,12
S01012952,All people in households,640,607,292,315,33,12,21
S01012952,Whole house or bungalow: Total,536,522,230,292,14,5,9
S01012952,Whole house or bungalow: Detached,491,487,221,266,4,0,4
S01012952,Whole house or bungalow: Semi-detached,41,31,9,22,10,5,5
S01012952,Whole house or bungalow: Terraced (including end-terrace),4,4,0,4,0,0,0
S01012952,Flat maisonette or apartment or mobile/temporary accommodation,104,85,62,23,19,7,12
S01012953,All people in households,685,635,203,432,50,7,43
S01012953,Whole house or bungalow: Total,631,594,191,403,37,6,31
S01012953,Whole house or bungalow: Detached,202,196,78,118,6,0,6
S01012953,Whole house or bungalow: Semi-detached,338,320,85,235,18,5,13
S01012953,Whole house or bungalow: Terraced (including end-terrace),91,78,28,50,13,1,12
S01012953,Flat maisonette or apartment or mobile/temporary accommodation,54,41,12,29,13,1,12
S01012954,All people in households,485,452,124,328,33,8,25
S01012954,Whole house or bungalow: Total,470,440,122,318,30,8,22
S01012954,Whole house or bungalow: Detached,56,51,11,40,5,3,2
S01012954,Whole house or bungalow: Semi-detached,388,369,102,267,19,5,14
S01012954,Whole house or bungalow: Terraced (including end-terrace),26,20,9,11,6,0,6
S01012954,Flat maisonette or apartment or mobile/temporary accommodation,15,12,2,10,3,0,3
S01012955,All people in households,899,744,187,557,155,21,134
S01012955,Whole house or bungalow: Total,697,653,141,512,44,8,36
S01012955,Whole house or bungalow: Detached,488,465,64,401,23,0,23
S01012955,Whole house or bungalow: Semi-detached,138,127,67,60,11,5,6
S01012955,Whole house or bungalow: Terraced (including end-terrace),71,61,10,51,10,3,7
S01012955,Flat maisonette or apartment or mobile/temporary accommodation,202,91,46,45,111,13,98
S01012956,All people in households,926,682,231,451,244,159,85
S01012956,Whole house or bungalow: Total,705,612,215,397,93,48,45
S01012956,Whole house or bungalow: Detached,192,183,87,96,9,0,9
S01012956,Whole house or bungalow: Semi-detached,74,68,22,46,6,4,2
S01012956,Whole house or bungalow: Terraced (including end-terrace),439,361,106,255,78,44,34
S01012956,Flat maisonette or apartment or mobile/temporary accommodation,221,70,16,54,151,111,40
S01012957,All people in households,633,471,154,317,162,120,42
S01012957,Whole house or bungalow: Total,498,416,145,271,82,59,23
S01012957,Whole house or bungalow: Detached,45,42,28,14,3,3,0
S01012957,Whole house or bungalow: Semi-detached,108,101,38,63,7,2,5
S01012957,Whole house or bungalow: Terraced (including end-terrace),345,273,79,194,72,54,18
S01012957,Flat maisonette or apartment or mobile/temporary accommodation,135,55,9,46,80,61,19
S01012958,All people in households,502,397,90,307,105,72,33
S01012958,Whole house or bungalow: Total,494,394,90,304,100,71,29
S01012958,Whole house or bungalow: Detached,56,41,14,27,15,0,15
S01012958,Whole house or bungalow: Semi-detached,239,190,33,157,49,40,9
S01012958,Whole house or bungalow: Terraced (including end-terrace),199,163,43,120,36,31,5
S01012958,Flat maisonette or apartment or mobile/temporary accommodation,8,3,0,3,5,1,4
S01012959,All people in households,572,509,77,432,63,33,30
S01012959,Whole house or bungalow: Total,535,483,67,416,52,31,21
S01012959,Whole house or bungalow: Detached,175,175,26,149,0,0,0
S01012959,Whole house or bungalow: Semi-detached,218,190,22,168,28,20,8
S01012959,Whole house or bungalow: Terraced (including end-terrace),142,118,19,99,24,11,13
S01012959,Flat maisonette or apartment or mobile/temporary accommodation,37,26,10,16,11,2,9
S01012960,All people in households,602,407,100,307,195,190,5
S01012960,Whole house or bungalow: Total,585,400,97,303,185,183,2
S01012960,Whole house or bungalow: Detached,211,211,63,148,0,0,0
S01012960,Whole house or bungalow: Semi-detached,290,127,22,105,163,163,0
S01012960,Whole house or bungalow: Terraced (including end-terrace),84,62,12,50,22,20,2
S01012960,Flat maisonette or apartment or mobile/temporary accommodation,17,7,3,4,10,7,3
S01012961,All people in households,521,495,142,353,26,5,21
S01012961,Whole house or bungalow: Total,503,481,139,342,22,5,17
S01012961,Whole house or bungalow: Detached,213,212,71,141,1,1,0
S01012961,Whole house or bungalow: Semi-detached,234,221,49,172,13,2,11
S01012961,Whole house or bungalow: Terraced (including end-terrace),56,48,19,29,8,2,6
S01012961,Flat maisonette or apartment or mobile/temporary accommodation,18,14,3,11,4,0,4
S01012962,All people in households,649,609,208,401,40,4,36
S01012962,Whole house or bungalow: Total,619,589,192,397,30,4,26
S01012962,Whole house or bungalow: Detached,350,335,123,212,15,0,15
S01012962,Whole house or bungalow: Semi-detached,156,147,50,97,9,0,9
S01012962,Whole house or bungalow: Terraced (including end-terrace),113,107,19,88,6,4,2
S01012962,Flat maisonette or apartment or mobile/temporary accommodation,30,20,16,4,10,0,10
S01012963,All people in households,812,766,117,649,46,14,32
S01012963,Whole house or bungalow: Total,809,763,117,646,46,14,32
S01012963,Whole house or bungalow: Detached,712,688,107,581,24,7,17
S01012963,Whole house or bungalow: Semi-detached,57,42,4,38,15,0,15
S01012963,Whole house or bungalow: Terraced (including end-terrace),40,33,6,27,7,7,0
S01012963,Flat maisonette or apartment or mobile/temporary accommodation,3,3,0,3,0,0,0
S01012964,All people in households,644,593,57,536,51,3,48
S01012964,Whole house or bungalow: Total,635,588,57,531,47,3,44
S01012964,Whole house or bungalow: Detached,561,517,50,467,44,0,44
S01012964,Whole house or bungalow: Semi-detached,40,40,4,36,0,0,0
S01012964,Whole house or bungalow: Terraced (including end-terrace),34,31,3,28,3,3,0
S01012964,Flat maisonette or apartment or mobile/temporary accommodation,9,5,0,5,4,0,4
S01012965,All people in households,645,480,83,397,165,139,26
S01012965,Whole house or bungalow: Total,551,480,83,397,71,54,17
S01012965,Whole house or bungalow: Detached,369,321,52,269,48,38,10
S01012965,Whole house or bungalow: Semi-detached,150,147,28,119,3,0,3
S01012965,Whole house or bungalow: Terraced (including end-terrace),32,12,3,9,20,16,4
S01012965,Flat maisonette or apartment or mobile/temporary accommodation,94,0,0,0,94,85,9
S01012966,All people in households,690,567,100,467,123,78,45
S01012966,Whole house or bungalow: Total,662,552,96,456,110,73,37
S01012966,Whole house or bungalow: Detached,178,169,22,147,9,4,5
S01012966,Whole house or bungalow: Semi-detached,127,122,21,101,5,1,4
S01012966,Whole house or bungalow: Terraced (including end-terrace),357,261,53,208,96,68,28
S01012966,Flat maisonette or apartment or mobile/temporary accommodation,28,15,4,11,13,5,8
S01012967,All people in households,493,386,92,294,107,78,29
S01012967,Whole house or bungalow: Total,486,382,92,290,104,75,29
S01012967,Whole house or bungalow: Detached,31,26,8,18,5,1,4
S01012967,Whole house or bungalow: Semi-detached,48,31,4,27,17,15,2
S01012967,Whole house or bungalow: Terraced (including end-terrace),407,325,80,245,82,59,23
S01012967,Flat maisonette or apartment or mobile/temporary accommodation,7,4,0,4,3,3,0
S01012968,All people in households,660,447,116,331,213,113,100
S01012968,Whole house or bungalow: Total,533,408,114,294,125,80,45
S01012968,Whole house or bungalow: Detached,14,5,2,3,9,5,4
S01012968,Whole house or bungalow: Semi-detached,53,26,6,20,27,9,18
S01012968,Whole house or bungalow: Terraced (including end-terrace),466,377,106,271,89,66,23
S01012968,Flat maisonette or apartment or mobile/temporary accommodation,127,39,2,37,88,33,55
S01012969,All people in households,688,463,127,336,225,150,75
S01012969,Whole house or bungalow: Total,610,430,119,311,180,123,57
S01012969,Whole house or bungalow: Detached,26,20,7,13,6,6,0
S01012969,Whole house or bungalow: Semi-detached,102,68,14,54,34,25,9
S01012969,Whole house or bungalow: Terraced (including end-terrace),482,342,98,244,140,92,48
S01012969,Flat maisonette or apartment or mobile/temporary accommodation,78,33,8,25,45,27,18
S01012970,All people in households,579,389,81,308,190,170,20
S01012970,Whole house or bungalow: Total,564,387,79,308,177,162,15
S01012970,Whole house or bungalow: Detached,16,5,3,2,11,11,0
S01012970,Whole house or bungalow: Semi-detached,131,81,19,62,50,48,2
S01012970,Whole house or bungalow: Terraced (including end-terrace),417,301,57,244,116,103,13
S01012970,Flat maisonette or apartment or mobile/temporary accommodation,15,2,2,0,13,8,5
S01012971,All people in households,833,440,101,339,393,325,68
S01012971,Whole house or bungalow: Total,749,394,95,299,355,305,50
S01012971,Whole house or bungalow: Detached,49,30,2,28,19,14,5
S01012971,Whole house or bungalow: Semi-detached,154,33,6,27,121,113,8
S01012971,Whole house or bungalow: Terraced (including end-terrace),546,331,87,244,215,178,37
S01012971,Flat maisonette or apartment or mobile/temporary accommodation,84,46,6,40,38,20,18
S01012972,All people in households,797,446,85,361,351,277,74
S01012972,Whole house or bungalow: Total,692,399,81,318,293,227,66
S01012972,Whole house or bungalow: Detached,42,29,11,18,13,6,7
S01012972,Whole house or bungalow: Semi-detached,127,49,4,45,78,76,2
S01012972,Whole house or bungalow: Terraced (including end-terrace),523,321,66,255,202,145,57
S01012972,Flat maisonette or apartment or mobile/temporary accommodation,105,47,4,43,58,50,8
S01012973,All people in households,790,618,155,463,172,110,62
S01012973,Whole house or bungalow: Total,717,582,144,438,135,86,49
S01012973,Whole house or bungalow: Detached,64,55,2,53,9,1,8
S01012973,Whole house or bungalow: Semi-detached,24,11,0,11,13,4,9
S01012973,Whole house or bungalow: Terraced (including end-terrace),629,516,142,374,113,81,32
S01012973,Flat maisonette or apartment or mobile/temporary accommodation,73,36,11,25,37,24,13
S01012974,All people in households,919,646,200,446,273,205,68
S01012974,Whole house or bungalow: Total,691,549,167,382,142,117,25
S01012974,Whole house or bungalow: Detached,20,19,7,12,1,1,0
S01012974,Whole house or bungalow: Semi-detached,66,41,6,35,25,25,0
S01012974,Whole house or bungalow: Terraced (including end-terrace),605,489,154,335,116,91,25
S01012974,Flat maisonette or apartment or mobile/temporary accommodation,228,97,33,64,131,88,43
S01012975,All people in households,618,359,74,285,259,196,63
S01012975,Whole house or bungalow: Total,493,321,74,247,172,116,56
S01012975,Whole house or bungalow: Detached,29,26,2,24,3,3,0
S01012975,Whole house or bungalow: Semi-detached,25,17,3,14,8,8,0
S01012975,Whole house or bungalow: Terraced (including end-terrace),439,278,69,209,161,105,56
S01012975,Flat maisonette or apartment or mobile/temporary accommodation,125,38,0,38,87,80,7
S01012976,All people in households,522,337,106,231,185,134,51
S01012976,Whole house or bungalow: Total,434,292,106,186,142,115,27
S01012976,Whole house or bungalow: Detached,20,16,5,11,4,4,0
S01012976,Whole house or bungalow: Semi-detached,17,13,7,6,4,3,1
S01012976,Whole house or bungalow: Terraced (including end-terrace),397,263,94,169,134,108,26
S01012976,Flat maisonette or apartment or mobile/temporary accommodation,88,45,0,45,43,19,24
S01012977,All people in households,719,496,111,385,223,156,67
S01012977,Whole house or bungalow: Total,587,455,108,347,132,101,31
S01012977,Whole house or bungalow: Detached,8,8,2,6,0,0,0
S01012977,Whole house or bungalow: Semi-detached,44,27,5,22,17,8,9
S01012977,Whole house or bungalow: Terraced (including end-terrace),535,420,101,319,115,93,22
S01012977,Flat maisonette or apartment or mobile/temporary accommodation,132,41,3,38,91,55,36
S01012978,All people in households,808,521,117,404,287,233,54
S01012978,Whole house or bungalow: Total,685,478,117,361,207,163,44
S01012978,Whole house or bungalow: Detached,35,29,10,19,6,6,0
S01012978,Whole house or bungalow: Semi-detached,42,17,1,16,25,16,9
S01012978,Whole house or bungalow: Terraced (including end-terrace),608,432,106,326,176,141,35
S01012978,Flat maisonette or apartment or mobile/temporary accommodation,123,43,0,43,80,70,10
S01012979,All people in households,640,503,100,403,137,99,38
S01012979,Whole house or bungalow: Total,628,496,100,396,132,94,38
S01012979,Whole house or bungalow: Detached,157,134,16,118,23,9,14
S01012979,Whole house or bungalow: Semi-detached,29,16,2,14,13,13,0
S01012979,Whole house or bungalow: Terraced (including end-terrace),442,346,82,264,96,72,24
S01012979,Flat maisonette or apartment or mobile/temporary accommodation,12,7,0,7,5,5,0
S01012980,All people in households,668,452,104,348,216,130,86
S01012980,Whole house or bungalow: Total,353,278,83,195,75,51,24
S01012980,Whole house or bungalow: Detached,9,9,4,5,0,0,0
S01012980,Whole house or bungalow: Semi-detached,18,8,4,4,10,10,0
S01012980,Whole house or bungalow: Terraced (including end-terrace),326,261,75,186,65,41,24
S01012980,Flat maisonette or apartment or mobile/temporary accommodation,315,174,21,153,141,79,62
S01012981,All people in households,748,547,134,413,201,125,76
S01012981,Whole house or bungalow: Total,489,401,108,293,88,60,28
S01012981,Whole house or bungalow: Detached,41,28,5,23,13,3,10
S01012981,Whole house or bungalow: Semi-detached,85,64,5,59,21,17,4
S01012981,Whole house or bungalow: Terraced (including end-terrace),363,309,98,211,54,40,14
S01012981,Flat maisonette or apartment or mobile/temporary accommodation,259,146,26,120,113,65,48
S01012982,All people in households,820,594,155,439,226,125,101
S01012982,Whole house or bungalow: Total,513,401,114,287,112,86,26
S01012982,Whole house or bungalow: Detached,10,10,0,10,0,0,0
S01012982,Whole house or bungalow: Semi-detached,34,17,2,15,17,14,3
S01012982,Whole house or bungalow: Terraced (including end-terrace),469,374,112,262,95,72,23
S01012982,Flat maisonette or apartment or mobile/temporary accommodation,307,193,41,152,114,39,75
S01012983,All people in households,745,678,229,449,67,18,49
S01012983,Whole house or bungalow: Total,655,613,195,418,42,17,25
S01012983,Whole house or bungalow: Detached,158,151,32,119,7,0,7
S01012983,Whole house or bungalow: Semi-detached,66,58,15,43,8,8,0
S01012983,Whole house or bungalow: Terraced (including end-terrace),431,404,148,256,27,9,18
S01012983,Flat maisonette or apartment or mobile/temporary accommodation,90,65,34,31,25,1,24
S01012984,All people in households,628,525,134,391,103,60,43
S01012984,Whole house or bungalow: Total,478,436,120,316,42,26,16
S01012984,Whole house or bungalow: Detached,27,15,4,11,12,3,9
S01012984,Whole house or bungalow: Semi-detached,59,50,23,27,9,9,0
S01012984,Whole house or bungalow: Terraced (including end-terrace),392,371,93,278,21,14,7
S01012984,Flat maisonette or apartment or mobile/temporary accommodation,150,89,14,75,61,34,27
S01012985,All people in households,783,690,224,466,93,56,37
S01012985,Whole house or bungalow: Total,716,649,207,442,67,41,26
S01012985,Whole house or bungalow: Detached,31,28,0,28,3,0,3
S01012985,Whole house or bungalow: Semi-detached,35,35,6,29,0,0,0
S01012985,Whole house or bungalow: Terraced (including end-terrace),650,586,201,385,64,41,23
S01012985,Flat maisonette or apartment or mobile/temporary accommodation,67,41,17,24,26,15,11
S01012986,All people in households,746,521,149,372,225,144,81
S01012986,Whole house or bungalow: Total,411,351,92,259,60,47,13
S01012986,Whole house or bungalow: Detached,52,51,3,48,1,1,0
S01012986,Whole house or bungalow: Semi-detached,32,31,6,25,1,1,0
S01012986,Whole house or bungalow: Terraced (including end-terrace),327,269,83,186,58,45,13
S01012986,Flat maisonette or apartment or mobile/temporary accommodation,335,170,57,113,165,97,68
S01012987,All people in households,733,508,162,346,225,146,79
S01012987,Whole house or bungalow: Total,562,422,137,285,140,100,40
S01012987,Whole house or bungalow: Detached,32,30,5,25,2,0,2
S01012987,Whole house or bungalow: Semi-detached,196,145,30,115,51,32,19
S01012987,Whole house or bungalow: Terraced (including end-terrace),334,247,102,145,87,68,19
S01012987,Flat maisonette or apartment or mobile/temporary accommodation,171,86,25,61,85,46,39
S01012988,All people in households,883,625,246,379,258,154,104
S01012988,Whole house or bungalow: Total,544,457,168,289,87,60,27
S01012988,Whole house or bungalow: Detached,22,21,5,16,1,1,0
S01012988,Whole house or bungalow: Semi-detached,67,61,23,38,6,1,5
S01012988,Whole house or bungalow: Terraced (including end-terrace),455,375,140,235,80,58,22
S01012988,Flat maisonette or apartment or mobile/temporary accommodation,339,168,78,90,171,94,77
S01012989,All people in households,920,735,241,494,185,113,72
S01012989,Whole house or bungalow: Total,680,596,205,391,84,59,25
S01012989,Whole house or bungalow: Detached,34,34,14,20,0,0,0
S01012989,Whole house or bungalow: Semi-detached,110,103,28,75,7,3,4
S01012989,Whole house or bungalow: Terraced (including end-terrace),536,459,163,296,77,56,21
S01012989,Flat maisonette or apartment or mobile/temporary accommodation,240,139,36,103,101,54,47
S01012990,All people in households,602,391,125,266,211,149,62
S01012990,Whole house or bungalow: Total,447,339,110,229,108,67,41
S01012990,Whole house or bungalow: Detached,8,8,3,5,0,0,0
S01012990,Whole house or bungalow: Semi-detached,114,91,39,52,23,12,11
S01012990,Whole house or bungalow: Terraced (including end-terrace),325,240,68,172,85,55,30
S01012990,Flat maisonette or apartment or mobile/temporary accommodation,155,52,15,37,103,82,21
S01012991,All people in households,811,605,187,418,206,99,107
S01012991,Whole house or bungalow: Total,631,525,169,356,106,50,56
S01012991,Whole house or bungalow: Detached,25,12,0,12,13,0,13
S01012991,Whole house or bungalow: Semi-detached,127,108,32,76,19,7,12
S01012991,Whole house or bungalow: Terraced (including end-terrace),479,405,137,268,74,43,31
S01012991,Flat maisonette or apartment or mobile/temporary accommodation,180,80,18,62,100,49,51
S01012992,All people in households,786,601,182,419,185,105,80
S01012992,Whole house or bungalow: Total,558,483,159,324,75,59,16
S01012992,Whole house or bungalow: Detached,21,16,6,10,5,0,5
S01012992,Whole house or bungalow: Semi-detached,145,129,54,75,16,14,2
S01012992,Whole house or bungalow: Terraced (including end-terrace),392,338,99,239,54,45,9
S01012992,Flat maisonette or apartment or mobile/temporary accommodation,228,118,23,95,110,46,64
S01012993,All people in households,689,459,181,278,230,125,105
S01012993,Whole house or bungalow: Total,367,287,118,169,80,56,24
S01012993,Whole house or bungalow: Detached,14,12,2,10,2,2,0
S01012993,Whole house or bungalow: Semi-detached,91,72,28,44,19,11,8
S01012993,Whole house or bungalow: Terraced (including end-terrace),262,203,88,115,59,43,16
S01012993,Flat maisonette or apartment or mobile/temporary accommodation,322,172,63,109,150,69,81
S01012994,All people in households,871,490,200,290,381,240,141
S01012994,Whole house or bungalow: Total,352,278,104,174,74,58,16
S01012994,Whole house or bungalow: Detached,29,28,13,15,1,1,0
S01012994,Whole house or bungalow: Semi-detached,173,137,49,88,36,25,11
S01012994,Whole house or bungalow: Terraced (including end-terrace),150,113,42,71,37,32,5
S01012994,Flat maisonette or apartment or mobile/temporary accommodation,519,212,96,116,307,182,125
S01012995,All people in households,795,629,128,501,166,117,49
S01012995,Whole house or bungalow: Total,779,623,128,495,156,112,44
S01012995,Whole house or bungalow: Detached,97,95,24,71,2,0,2
S01012995,Whole house or bungalow: Semi-detached,302,261,49,212,41,14,27
S01012995,Whole house or bungalow: Terraced (including end-terrace),380,267,55,212,113,98,15
S01012995,Flat maisonette or apartment or mobile/temporary accommodation,16,6,0,6,10,5,5
S01012996,All people in households,651,464,85,379,187,157,30
S01012996,Whole house or bungalow: Total,568,427,78,349,141,131,10
S01012996,Whole house or bungalow: Detached,22,14,0,14,8,7,1
S01012996,Whole house or bungalow: Semi-detached,163,110,15,95,53,52,1
S01012996,Whole house or bungalow: Terraced (including end-terrace),383,303,63,240,80,72,8
S01012996,Flat maisonette or apartment or mobile/temporary accommodation,83,37,7,30,46,26,20
S01012997,All people in households,487,345,84,261,142,103,39
S01012997,Whole house or bungalow: Total,425,304,74,230,121,89,32
S01012997,Whole house or bungalow: Detached,22,5,1,4,17,9,8
S01012997,Whole house or bungalow: Semi-detached,47,33,3,30,14,9,5
S01012997,Whole house or bungalow: Terraced (including end-terrace),356,266,70,196,90,71,19
S01012997,Flat maisonette or apartment or mobile/temporary accommodation,62,41,10,31,21,14,7
S01012998,All people in households,1054,797,152,645,257,141,116
S01012998,Whole house or bungalow: Total,865,700,138,562,165,103,62
S01012998,Whole house or bungalow: Detached,287,267,17,250,20,1,19
S01012998,Whole house or bungalow: Semi-detached,132,105,28,77,27,18,9
S01012998,Whole house or bungalow: Terraced (including end-terrace),446,328,93,235,118,84,34
S01012998,Flat maisonette or apartment or mobile/temporary accommodation,189,97,14,83,92,38,54
S01012999,All people in households,479,359,81,278,120,89,31
S01012999,Whole house or bungalow: Total,341,290,67,223,51,44,7
S01012999,Whole house or bungalow: Detached,25,21,5,16,4,4,0
S01012999,Whole house or bungalow: Semi-detached,48,41,2,39,7,5,2
S01012999,Whole house or bungalow: Terraced (including end-terrace),268,228,60,168,40,35,5
S01012999,Flat maisonette or apartment or mobile/temporary accommodation,138,69,14,55,69,45,24
S01013000,All people in households,642,470,157,313,172,107,65
S01013000,Whole house or bungalow: Total,467,392,140,252,75,51,24
S01013000,Whole house or bungalow: Detached,21,19,7,12,2,0,2
S01013000,Whole house or bungalow: Semi-detached,48,31,12,19,17,12,5
S01013000,Whole house or bungalow: Terraced (including end-terrace),398,342,121,221,56,39,17
S01013000,Flat maisonette or apartment or mobile/temporary accommodation,175,78,17,61,97,56,41
S01013001,All people in households,381,274,136,138,107,22,85
S01013001,Whole house or bungalow: Total,349,264,133,131,85,18,67
S01013001,Whole house or bungalow: Detached,245,194,103,91,51,0,51
S01013001,Whole house or bungalow: Semi-detached,69,45,18,27,24,13,11
S01013001,Whole house or bungalow: Terraced (including end-terrace),35,25,12,13,10,5,5
S01013001,Flat maisonette or apartment or mobile/temporary accommodation,32,10,3,7,22,4,18
S01013002,All people in households,492,378,186,192,114,30,84
S01013002,Whole house or bungalow: Total,445,360,178,182,85,29,56
S01013002,Whole house or bungalow: Detached,338,301,150,151,37,0,37
S01013002,Whole house or bungalow: Semi-detached,78,43,20,23,35,17,18
S01013002,Whole house or bungalow: Terraced (including end-terrace),29,16,8,8,13,12,1
S01013002,Flat maisonette or apartment or mobile/temporary accommodation,47,18,8,10,29,1,28
S01013003,All people in households,641,627,277,350,14,7,7
S01013003,Whole house or bungalow: Total,633,619,272,347,14,7,7
S01013003,Whole house or bungalow: Detached,609,602,271,331,7,0,7
S01013003,Whole house or bungalow: Semi-detached,17,13,1,12,4,4,0
S01013003,Whole house or bungalow: Terraced (including end-terrace),7,4,0,4,3,3,0
S01013003,Flat maisonette or apartment or mobile/temporary accommodation,8,8,5,3,0,0,0
S01013004,All people in households,671,603,235,368,68,42,26
S01013004,Whole house or bungalow: Total,651,599,235,364,52,36,16
S01013004,Whole house or bungalow: Detached,436,435,173,262,1,0,1
S01013004,Whole house or bungalow: Semi-detached,155,124,49,75,31,23,8
S01013004,Whole house or bungalow: Terraced (including end-terrace),60,40,13,27,20,13,7
S01013004,Flat maisonette or apartment or mobile/temporary accommodation,20,4,0,4,16,6,10
S01013005,All people in households,711,592,301,291,119,28,91
S01013005,Whole house or bungalow: Total,659,565,288,277,94,21,73
S01013005,Whole house or bungalow: Detached,506,463,251,212,43,1,42
S01013005,Whole house or bungalow: Semi-detached,113,70,25,45,43,16,27
S01013005,Whole house or bungalow: Terraced (including end-terrace),40,32,12,20,8,4,4
S01013005,Flat maisonette or apartment or mobile/temporary accommodation,52,27,13,14,25,7,18
S01013006,All people in households,611,487,234,253,124,21,103
S01013006,Whole house or bungalow: Total,566,466,223,243,100,21,79
S01013006,Whole house or bungalow: Detached,431,374,200,174,57,5,52
S01013006,Whole house or bungalow: Semi-detached,97,66,11,55,31,8,23
S01013006,Whole house or bungalow: Terraced (including end-terrace),38,26,12,14,12,8,4
S01013006,Flat maisonette or apartment or mobile/temporary accommodation,45,21,11,10,24,0,24
S01013007,All people in households,910,815,383,432,95,27,68
S01013007,Whole house or bungalow: Total,727,672,285,387,55,23,32
S01013007,Whole house or bungalow: Detached,444,429,218,211,15,0,15
S01013007,Whole house or bungalow: Semi-detached,216,179,49,130,37,23,14
S01013007,Whole house or bungalow: Terraced (including end-terrace),67,64,18,46,3,0,3
S01013007,Flat maisonette or apartment or mobile/temporary accommodation,183,143,98,45,40,4,36
S01013008,All people in households,777,611,279,332,166,90,76
S01013008,Whole house or bungalow: Total,702,576,260,316,126,78,48
S01013008,Whole house or bungalow: Detached,352,319,172,147,33,0,33
S01013008,Whole house or bungalow: Semi-detached,104,65,28,37,39,30,9
S01013008,Whole house or bungalow: Terraced (including end-terrace),246,192,60,132,54,48,6
S01013008,Flat maisonette or apartment or mobile/temporary accommodation,75,35,19,16,40,12,28
S01013009,All people in households,634,433,215,218,201,128,73
S01013009,Whole house or bungalow: Total,601,422,212,210,179,118,61
S01013009,Whole house or bungalow: Detached,267,238,158,80,29,1,28
S01013009,Whole house or bungalow: Semi-detached,223,122,38,84,101,81,20
S01013009,Whole house or bungalow: Terraced (including end-terrace),111,62,16,46,49,36,13
S01013009,Flat maisonette or apartment or mobile/temporary accommodation,33,11,3,8,22,10,12
S01013010,All people in households,592,510,260,250,82,11,71
S01013010,Whole house or bungalow: Total,571,496,251,245,75,11,64
S01013010,Whole house or bungalow: Detached,406,371,203,168,35,0,35
S01013010,Whole house or bungalow: Semi-detached,109,81,42,39,28,11,17
S01013010,Whole house or bungalow: Terraced (including end-terrace),56,44,6,38,12,0,12
S01013010,Flat maisonette or apartment or mobile/temporary accommodation,21,14,9,5,7,0,7
S01013011,All people in households,705,562,147,415,143,101,42
S01013011,Whole house or bungalow: Total,660,540,137,403,120,89,31
S01013011,Whole house or bungalow: Detached,428,408,111,297,20,0,20
S01013011,Whole house or bungalow: Semi-detached,138,89,22,67,49,44,5
S01013011,Whole house or bungalow: Terraced (including end-terrace),94,43,4,39,51,45,6
S01013011,Flat maisonette or apartment or mobile/temporary accommodation,45,22,10,12,23,12,11
S01013012,All people in households,654,432,161,271,222,124,98
S01013012,Whole house or bungalow: Total,481,356,129,227,125,62,63
S01013012,Whole house or bungalow: Detached,164,140,69,71,24,2,22
S01013012,Whole house or bungalow: Semi-detached,180,112,27,85,68,47,21
S01013012,Whole house or bungalow: Terraced (including end-terrace),137,104,33,71,33,13,20
S01013012,Flat maisonette or apartment or mobile/temporary accommodation,173,76,32,44,97,62,35
S01013013,All people in households,731,581,239,342,150,63,87
S01013013,Whole house or bungalow: Total,683,556,234,322,127,49,78
S01013013,Whole house or bungalow: Detached,448,410,181,229,38,0,38
S01013013,Whole house or bungalow: Semi-detached,187,136,53,83,51,23,28
S01013013,Whole house or bungalow: Terraced (including end-terrace),48,10,0,10,38,26,12
S01013013,Flat maisonette or apartment or mobile/temporary accommodation,48,25,5,20,23,14,9
S01013014,All people in households,732,509,253,256,223,105,118
S01013014,Whole house or bungalow: Total,643,481,242,239,162,74,88
S01013014,Whole house or bungalow: Detached,367,303,186,117,64,2,62
S01013014,Whole house or bungalow: Semi-detached,169,88,21,67,81,61,20
S01013014,Whole house or bungalow: Terraced (including end-terrace),107,90,35,55,17,11,6
S01013014,Flat maisonette or apartment or mobile/temporary accommodation,89,28,11,17,61,31,30
S01013015,All people in households,760,655,320,335,105,21,84
S01013015,Whole house or bungalow: Total,703,621,293,328,82,10,72
S01013015,Whole house or bungalow: Detached,505,453,256,197,52,0,52
S01013015,Whole house or bungalow: Semi-detached,173,146,29,117,27,10,17
S01013015,Whole house or bungalow: Terraced (including end-terrace),25,22,8,14,3,0,3
S01013015,Flat maisonette or apartment or mobile/temporary accommodation,57,34,27,7,23,11,12
S01013016,All people in households,604,494,279,215,110,21,89
S01013016,Whole house or bungalow: Total,572,473,272,201,99,17,82
S01013016,Whole house or bungalow: Detached,455,378,227,151,77,3,74
S01013016,Whole house or bungalow: Semi-detached,76,54,25,29,22,14,8
S01013016,Whole house or bungalow: Terraced (including end-terrace),41,41,20,21,0,0,0
S01013016,Flat maisonette or apartment or mobile/temporary accommodation,32,21,7,14,11,4,7
S01013017,All people in households,846,593,200,393,253,209,44
S01013017,Whole house or bungalow: Total,759,564,193,371,195,164,31
S01013017,Whole house or bungalow: Detached,370,342,129,213,28,17,11
S01013017,Whole house or bungalow: Semi-detached,289,144,50,94,145,126,19
S01013017,Whole house or bungalow: Terraced (including end-terrace),100,78,14,64,22,21,1
S01013017,Flat maisonette or apartment or mobile/temporary accommodation,87,29,7,22,58,45,13
S01013018,All people in households,953,794,317,477,159,96,63
S01013018,Whole house or bungalow: Total,907,777,305,472,130,76,54
S01013018,Whole house or bungalow: Detached,623,574,248,326,49,5,44
S01013018,Whole house or bungalow: Semi-detached,196,136,35,101,60,51,9
S01013018,Whole house or bungalow: Terraced (including end-terrace),88,67,22,45,21,20,1
S01013018,Flat maisonette or apartment or mobile/temporary accommodation,46,17,12,5,29,20,9
S01013019,All people in households,898,726,225,501,172,20,152
S01013019,Whole house or bungalow: Total,708,626,188,438,82,13,69
S01013019,Whole house or bungalow: Detached,514,468,151,317,46,3,43
S01013019,Whole house or bungalow: Semi-detached,65,57,25,32,8,5,3
S01013019,Whole house or bungalow: Terraced (including end-terrace),129,101,12,89,28,5,23
S01013019,Flat maisonette or apartment or mobile/temporary accommodation,190,100,37,63,90,7,83
S01013020,All people in households,466,295,100,195,171,122,49
S01013020,Whole house or bungalow: Total,413,280,96,184,133,96,37
S01013020,Whole house or bungalow: Detached,51,42,15,27,9,3,6
S01013020,Whole house or bungalow: Semi-detached,142,94,32,62,48,37,11
S01013020,Whole house or bungalow: Terraced (including end-terrace),220,144,49,95,76,56,20
S01013020,Flat maisonette or apartment or mobile/temporary accommodation,53,15,4,11,38,26,12
S01013021,All people in households,464,338,96,242,126,97,29
S01013021,Whole house or bungalow: Total,454,336,96,240,118,97,21
S01013021,Whole house or bungalow: Detached,30,30,12,18,0,0,0
S01013021,Whole house or bungalow: Semi-detached,209,166,51,115,43,40,3
S01013021,Whole house or bungalow: Terraced (including end-terrace),215,140,33,107,75,57,18
S01013021,Flat maisonette or apartment or mobile/temporary accommodation,10,2,0,2,8,0,8
S01013022,All people in households,430,229,67,162,201,158,43
S01013022,Whole house or bungalow: Total,300,188,54,134,112,82,30
S01013022,Whole house or bungalow: Detached,105,95,26,69,10,3,7
S01013022,Whole house or bungalow: Semi-detached,116,68,17,51,48,38,10
S01013022,Whole house or bungalow: Terraced (including end-terrace),79,25,11,14,54,41,13
S01013022,Flat maisonette or apartment or mobile/temporary accommodation,130,41,13,28,89,76,13
S01013023,All people in households,854,789,395,394,65,20,45
S01013023,Whole house or bungalow: Total,808,766,379,387,42,17,25
S01013023,Whole house or bungalow: Detached,669,654,337,317,15,0,15
S01013023,Whole house or bungalow: Semi-detached,125,98,39,59,27,17,10
S01013023,Whole house or bungalow: Terraced (including end-terrace),14,14,3,11,0,0,0
S01013023,Flat maisonette or apartment or mobile/temporary accommodation,46,23,16,7,23,3,20
S01013024,All people in households,527,473,198,275,54,13,41
S01013024,Whole house or bungalow: Total,483,448,184,264,35,8,27
S01013024,Whole house or bungalow: Detached,213,205,88,117,8,1,7
S01013024,Whole house or bungalow: Semi-detached,206,187,83,104,19,1,18
S01013024,Whole house or bungalow: Terraced (including end-terrace),64,56,13,43,8,6,2
S01013024,Flat maisonette or apartment or mobile/temporary accommodation,44,25,14,11,19,5,14
S01013025,All people in households,498,385,211,174,113,29,84
S01013025,Whole house or bungalow: Total,481,380,207,173,101,24,77
S01013025,Whole house or bungalow: Detached,353,293,167,126,60,8,52
S01013025,Whole house or bungalow: Semi-detached,95,59,37,22,36,11,25
S01013025,Whole house or bungalow: Terraced (including end-terrace),33,28,3,25,5,5,0
S01013025,Flat maisonette or apartment or mobile/temporary accommodation,17,5,4,1,12,5,7
S01013026,All people in households,956,682,153,529,274,229,45
S01013026,Whole house or bungalow: Total,815,642,143,499,173,143,30
S01013026,Whole house or bungalow: Detached,341,324,79,245,17,6,11
S01013026,Whole house or bungalow: Semi-detached,280,226,39,187,54,40,14
S01013026,Whole house or bungalow: Terraced (including end-terrace),194,92,25,67,102,97,5
S01013026,Flat maisonette or apartment or mobile/temporary accommodation,141,40,10,30,101,86,15
S01013027,All people in households,1026,436,149,287,590,531,59
S01013027,Whole house or bungalow: Total,960,413,144,269,547,499,48
S01013027,Whole house or bungalow: Detached,83,48,13,35,35,26,9
S01013027,Whole house or bungalow: Semi-detached,495,233,96,137,262,241,21
S01013027,Whole house or bungalow: Terraced (including end-terrace),382,132,35,97,250,232,18
S01013027,Flat maisonette or apartment or mobile/temporary accommodation,66,23,5,18,43,32,11
S01013028,All people in households,457,327,128,199,130,70,60
S01013028,Whole house or bungalow: Total,439,325,127,198,114,63,51
S01013028,Whole house or bungalow: Detached,201,160,89,71,41,4,37
S01013028,Whole house or bungalow: Semi-detached,94,75,23,52,19,14,5
S01013028,Whole house or bungalow: Terraced (including end-terrace),144,90,15,75,54,45,9
S01013028,Flat maisonette or apartment or mobile/temporary accommodation,18,2,1,1,16,7,9
S01013029,All people in households,577,325,123,202,252,219,33
S01013029,Whole house or bungalow: Total,538,318,122,196,220,194,26
S01013029,Whole house or bungalow: Detached,58,46,8,38,12,3,9
S01013029,Whole house or bungalow: Semi-detached,151,94,48,46,57,48,9
S01013029,Whole house or bungalow: Terraced (including end-terrace),329,178,66,112,151,143,8
S01013029,Flat maisonette or apartment or mobile/temporary accommodation,39,7,1,6,32,25,7
S01013030,All people in households,627,283,118,165,344,304,40
S01013030,Whole house or bungalow: Total,613,274,117,157,339,302,37
S01013030,Whole house or bungalow: Detached,76,58,27,31,18,13,5
S01013030,Whole house or bungalow: Semi-detached,336,135,71,64,201,178,23
S01013030,Whole house or bungalow: Terraced (including end-terrace),201,81,19,62,120,111,9
S01013030,Flat maisonette or apartment or mobile/temporary accommodation,14,9,1,8,5,2,3
S01013031,All people in households,635,309,91,218,326,285,41
S01013031,Whole house or bungalow: Total,592,306,89,217,286,247,39
S01013031,Whole house or bungalow: Detached,30,19,8,11,11,9,2
S01013031,Whole house or bungalow: Semi-detached,218,114,38,76,104,87,17
S01013031,Whole house or bungalow: Terraced (including end-terrace),344,173,43,130,171,151,20
S01013031,Flat maisonette or apartment or mobile/temporary accommodation,43,3,2,1,40,38,2
S01013032,All people in households,810,654,72,582,156,96,60
S01013032,Whole house or bungalow: Total,774,632,70,562,142,87,55
S01013032,Whole house or bungalow: Detached,417,376,47,329,41,9,32
S01013032,Whole house or bungalow: Semi-detached,272,216,21,195,56,41,15
S01013032,Whole house or bungalow: Terraced (including end-terrace),85,40,2,38,45,37,8
S01013032,Flat maisonette or apartment or mobile/temporary accommodation,36,22,2,20,14,9,5
S01013033,All people in households,669,490,63,427,179,94,85
S01013033,Whole house or bungalow: Total,579,452,62,390,127,71,56
S01013033,Whole house or bungalow: Detached,132,114,20,94,18,3,15
S01013033,Whole house or bungalow: Semi-detached,384,307,38,269,77,44,33
S01013033,Whole house or bungalow: Terraced (including end-terrace),63,31,4,27,32,24,8
S01013033,Flat maisonette or apartment or mobile/temporary accommodation,90,38,1,37,52,23,29
S01013034,All people in households,717,458,145,313,259,230,29
S01013034,Whole house or bungalow: Total,691,447,140,307,244,224,20
S01013034,Whole house or bungalow: Detached,23,21,8,13,2,2,0
S01013034,Whole house or bungalow: Semi-detached,394,252,85,167,142,132,10
S01013034,Whole house or bungalow: Terraced (including end-terrace),274,174,47,127,100,90,10
S01013034,Flat maisonette or apartment or mobile/temporary accommodation,26,11,5,6,15,6,9
S01013035,All people in households,676,343,106,237,333,308,25
S01013035,Whole house or bungalow: Total,629,338,101,237,291,273,18
S01013035,Whole house or bungalow: Detached,28,11,1,10,17,15,2
S01013035,Whole house or bungalow: Semi-detached,186,108,41,67,78,76,2
S01013035,Whole house or bungalow: Terraced (including end-terrace),415,219,59,160,196,182,14
S01013035,Flat maisonette or apartment or mobile/temporary accommodation,47,5,5,0,42,35,7
S01013036,All people in households,770,325,85,240,445,420,25
S01013036,Whole house or bungalow: Total,744,321,85,236,423,398,25
S01013036,Whole house or bungalow: Detached,26,16,11,5,10,10,0
S01013036,Whole house or bungalow: Semi-detached,469,204,59,145,265,240,25
S01013036,Whole house or bungalow: Terraced (including end-terrace),249,101,15,86,148,148,0
S01013036,Flat maisonette or apartment or mobile/temporary accommodation,26,4,0,4,22,22,0
S01013037,All people in households,714,604,210,394,110,53,57
S01013037,Whole house or bungalow: Total,661,598,209,389,63,37,26
S01013037,Whole house or bungalow: Detached,338,325,127,198,13,3,10
S01013037,Whole house or bungalow: Semi-detached,251,233,66,167,18,5,13
S01013037,Whole house or bungalow: Terraced (including end-terrace),72,40,16,24,32,29,3
S01013037,Flat maisonette or apartment or mobile/temporary accommodation,53,6,1,5,47,16,31
S01013038,All people in households,970,596,219,377,374,276,98
S01013038,Whole house or bungalow: Total,680,494,192,302,186,132,54
S01013038,Whole house or bungalow: Detached,145,131,64,67,14,10,4
S01013038,Whole house or bungalow: Semi-detached,197,145,48,97,52,40,12
S01013038,Whole house or bungalow: Terraced (including end-terrace),338,218,80,138,120,82,38
S01013038,Flat maisonette or apartment or mobile/temporary accommodation,290,102,27,75,188,144,44
S01013039,All people in households,527,491,121,370,36,9,27
S01013039,Whole house or bungalow: Total,514,486,119,367,28,7,21
S01013039,Whole house or bungalow: Detached,485,464,104,360,21,0,21
S01013039,Whole house or bungalow: Semi-detached,17,13,7,6,4,4,0
S01013039,Whole house or bungalow: Terraced (including end-terrace),12,9,8,1,3,3,0
S01013039,Flat maisonette or apartment or mobile/temporary accommodation,13,5,2,3,8,2,6
S01013040,All people in households,628,431,184,247,197,136,61
S01013040,Whole house or bungalow: Total,436,359,159,200,77,52,25
S01013040,Whole house or bungalow: Detached,94,91,43,48,3,2,1
S01013040,Whole house or bungalow: Semi-detached,212,170,67,103,42,31,11
S01013040,Whole house or bungalow: Terraced (including end-terrace),130,98,49,49,32,19,13
S01013040,Flat maisonette or apartment or mobile/temporary accommodation,192,72,25,47,120,84,36
S01013041,All people in households,587,415,131,284,172,113,59
S01013041,Whole house or bungalow: Total,499,370,123,247,129,107,22
S01013041,Whole house or bungalow: Detached,138,127,50,77,11,5,6
S01013041,Whole house or bungalow: Semi-detached,142,103,36,67,39,32,7
S01013041,Whole house or bungalow: Terraced (including end-terrace),219,140,37,103,79,70,9
S01013041,Flat maisonette or apartment or mobile/temporary accommodation,88,45,8,37,43,6,37
S01013042,All people in households,795,581,128,453,214,159,55
S01013042,Whole house or bungalow: Total,752,570,123,447,182,138,44
S01013042,Whole house or bungalow: Detached,259,246,53,193,13,0,13
S01013042,Whole house or bungalow: Semi-detached,234,181,33,148,53,38,15
S01013042,Whole house or bungalow: Terraced (including end-terrace),259,143,37,106,116,100,16
S01013042,Flat maisonette or apartment or mobile/temporary accommodation,43,11,5,6,32,21,11
S01013043,All people in households,704,312,123,189,392,348,44
S01013043,Whole house or bungalow: Total,689,308,121,187,381,344,37
S01013043,Whole house or bungalow: Detached,43,34,18,16,9,5,4
S01013043,Whole house or bungalow: Semi-detached,297,119,42,77,178,153,25
S01013043,Whole house or bungalow: Terraced (including end-terrace),349,155,61,94,194,186,8
S01013043,Flat maisonette or apartment or mobile/temporary accommodation,15,4,2,2,11,4,7
S01013044,All people in households,827,459,159,300,368,294,74
S01013044,Whole house or bungalow: Total,815,458,159,299,357,287,70
S01013044,Whole house or bungalow: Detached,73,63,29,34,10,8,2
S01013044,Whole house or bungalow: Semi-detached,374,176,63,113,198,160,38
S01013044,Whole house or bungalow: Terraced (including end-terrace),368,219,67,152,149,119,30
S01013044,Flat maisonette or apartment or mobile/temporary accommodation,12,1,0,1,11,7,4
S01013045,All people in households,713,500,122,378,213,153,60
S01013045,Whole house or bungalow: Total,669,486,113,373,183,139,44
S01013045,Whole house or bungalow: Detached,266,257,42,215,9,2,7
S01013045,Whole house or bungalow: Semi-detached,227,145,43,102,82,66,16
S01013045,Whole house or bungalow: Terraced (including end-terrace),176,84,28,56,92,71,21
S01013045,Flat maisonette or apartment or mobile/temporary accommodation,44,14,9,5,30,14,16
S01013046,All people in households,499,274,81,193,225,183,42
S01013046,Whole house or bungalow: Total,466,268,80,188,198,168,30
S01013046,Whole house or bungalow: Detached,16,9,2,7,7,2,5
S01013046,Whole house or bungalow: Semi-detached,187,115,37,78,72,64,8
S01013046,Whole house or bungalow: Terraced (including end-terrace),263,144,41,103,119,102,17
S01013046,Flat maisonette or apartment or mobile/temporary accommodation,33,6,1,5,27,15,12
S01013047,All people in households,931,875,166,709,56,20,36
S01013047,Whole house or bungalow: Total,902,859,154,705,43,19,24
S01013047,Whole house or bungalow: Detached,368,361,76,285,7,3,4
S01013047,Whole house or bungalow: Semi-detached,432,414,67,347,18,5,13
S01013047,Whole house or bungalow: Terraced (including end-terrace),102,84,11,73,18,11,7
S01013047,Flat maisonette or apartment or mobile/temporary accommodation,29,16,12,4,13,1,12
S01013048,All people in households,791,634,176,458,157,14,143
S01013048,Whole house or bungalow: Total,602,528,167,361,74,9,65
S01013048,Whole house or bungalow: Detached,184,173,57,116,11,2,9
S01013048,Whole house or bungalow: Semi-detached,387,340,106,234,47,4,43
S01013048,Whole house or bungalow: Terraced (including end-terrace),31,15,4,11,16,3,13
S01013048,Flat maisonette or apartment or mobile/temporary accommodation,189,106,9,97,83,5,78
S01013049,All people in households,803,719,279,440,84,18,66
S01013049,Whole house or bungalow: Total,685,641,262,379,44,13,31
S01013049,Whole house or bungalow: Detached,342,329,146,183,13,0,13
S01013049,Whole house or bungalow: Semi-detached,287,265,104,161,22,9,13
S01013049,Whole house or bungalow: Terraced (including end-terrace),56,47,12,35,9,4,5
S01013049,Flat maisonette or apartment or mobile/temporary accommodation,118,78,17,61,40,5,35
S01013050,All people in households,709,416,180,236,293,225,68
S01013050,Whole house or bungalow: Total,518,368,164,204,150,117,33
S01013050,Whole house or bungalow: Detached,91,85,53,32,6,6,0
S01013050,Whole house or bungalow: Semi-detached,281,208,71,137,73,54,19
S01013050,Whole house or bungalow: Terraced (including end-terrace),146,75,40,35,71,57,14
S01013050,Flat maisonette or apartment or mobile/temporary accommodation,191,48,16,32,143,108,35
S01013051,All people in households,931,600,187,413,331,268,63
S01013051,Whole house or bungalow: Total,732,541,166,375,191,155,36
S01013051,Whole house or bungalow: Detached,99,95,35,60,4,4,0
S01013051,Whole house or bungalow: Semi-detached,265,197,69,128,68,51,17
S01013051,Whole house or bungalow: Terraced (including end-terrace),368,249,62,187,119,100,19
S01013051,Flat maisonette or apartment or mobile/temporary accommodation,199,59,21,38,140,113,27
S01013052,All people in households,738,493,193,300,245,181,64
S01013052,Whole house or bungalow: Total,600,436,161,275,164,117,47
S01013052,Whole house or bungalow: Detached,45,40,27,13,5,0,5
S01013052,Whole house or bungalow: Semi-detached,297,228,66,162,69,56,13
S01013052,Whole house or bungalow: Terraced (including end-terrace),258,168,68,100,90,61,29
S01013052,Flat maisonette or apartment or mobile/temporary accommodation,138,57,32,25,81,64,17
S01013053,All people in households,615,249,101,148,366,266,100
S01013053,Whole house or bungalow: Total,224,156,60,96,68,42,26
S01013053,Whole house or bungalow: Detached,31,31,12,19,0,0,0
S01013053,Whole house or bungalow: Semi-detached,114,82,30,52,32,19,13
S01013053,Whole house or bungalow: Terraced (including end-terrace),79,43,18,25,36,23,13
S01013053,Flat maisonette or apartment or mobile/temporary accommodation,391,93,41,52,298,224,74
S01013054,All people in households,658,501,189,312,157,116,41
S01013054,Whole house or bungalow: Total,589,480,185,295,109,75,34
S01013054,Whole house or bungalow: Detached,136,127,71,56,9,7,2
S01013054,Whole house or bungalow: Semi-detached,317,259,72,187,58,38,20
S01013054,Whole house or bungalow: Terraced (including end-terrace),136,94,42,52,42,30,12
S01013054,Flat maisonette or apartment or mobile/temporary accommodation,69,21,4,17,48,41,7
S01013055,All people in households,688,420,154,266,268,182,86
S01013055,Whole house or bungalow: Total,502,357,139,218,145,97,48
S01013055,Whole house or bungalow: Detached,79,64,27,37,15,8,7
S01013055,Whole house or bungalow: Semi-detached,250,169,59,110,81,64,17
S01013055,Whole house or bungalow: Terraced (including end-terrace),173,124,53,71,49,25,24
S01013055,Flat maisonette or apartment or mobile/temporary accommodation,186,63,15,48,123,85,38
S01013056,All people in households,904,548,216,332,356,302,54
S01013056,Whole house or bungalow: Total,766,512,203,309,254,218,36
S01013056,Whole house or bungalow: Detached,87,69,18,51,18,17,1
S01013056,Whole house or bungalow: Semi-detached,383,251,99,152,132,109,23
S01013056,Whole house or bungalow: Terraced (including end-terrace),296,192,86,106,104,92,12
S01013056,Flat maisonette or apartment or mobile/temporary accommodation,138,36,13,23,102,84,18
S01013057,All people in households,870,299,95,204,571,520,51
S01013057,Whole house or bungalow: Total,610,254,80,174,356,313,43
S01013057,Whole house or bungalow: Detached,60,35,14,21,25,25,0
S01013057,Whole house or bungalow: Semi-detached,230,89,30,59,141,123,18
S01013057,Whole house or bungalow: Terraced (including end-terrace),320,130,36,94,190,165,25
S01013057,Flat maisonette or apartment or mobile/temporary accommodation,260,45,15,30,215,207,8
S01013058,All people in households,625,508,75,433,117,64,53
S01013058,Whole house or bungalow: Total,591,504,75,429,87,43,44
S01013058,Whole house or bungalow: Detached,341,320,58,262,21,10,11
S01013058,Whole house or bungalow: Semi-detached,203,151,11,140,52,25,27
S01013058,Whole house or bungalow: Terraced (including end-terrace),47,33,6,27,14,8,6
S01013058,Flat maisonette or apartment or mobile/temporary accommodation,34,4,0,4,30,21,9
S01013059,All people in households,779,640,361,279,139,19,120
S01013059,Whole house or bungalow: Total,538,494,252,242,44,5,39
S01013059,Whole house or bungalow: Detached,281,271,143,128,10,0,10
S01013059,Whole house or bungalow: Semi-detached,226,200,99,101,26,3,23
S01013059,Whole house or bungalow: Terraced (including end-terrace),31,23,10,13,8,2,6
S01013059,Flat maisonette or apartment or mobile/temporary accommodation,241,146,109,37,95,14,81
S01013060,All people in households,491,419,196,223,72,18,54
S01013060,Whole house or bungalow: Total,360,333,171,162,27,9,18
S01013060,Whole house or bungalow: Detached,141,139,80,59,2,0,2
S01013060,Whole house or bungalow: Semi-detached,197,173,83,90,24,9,15
S01013060,Whole house or bungalow: Terraced (including end-terrace),22,21,8,13,1,0,1
S01013060,Flat maisonette or apartment or mobile/temporary accommodation,131,86,25,61,45,9,36
S01013061,All people in households,794,741,406,335,53,0,53
S01013061,Whole house or bungalow: Total,740,711,392,319,29,0,29
S01013061,Whole house or bungalow: Detached,454,436,231,205,18,0,18
S01013061,Whole house or bungalow: Semi-detached,286,275,161,114,11,0,11
S01013061,Whole house or bungalow: Terraced (including end-terrace),0,0,0,0,0,0,0
S01013061,Flat maisonette or apartment or mobile/temporary accommodation,54,30,14,16,24,0,24
S01013062,All people in households,824,663,350,313,161,7,154
S01013062,Whole house or bungalow: Total,457,381,164,217,76,6,70
S01013062,Whole house or bungalow: Detached,199,169,81,88,30,0,30
S01013062,Whole house or bungalow: Semi-detached,238,199,79,120,39,0,39
S01013062,Whole house or bungalow: Terraced (including end-terrace),20,13,4,9,7,6,1
S01013062,Flat maisonette or apartment or mobile/temporary accommodation,367,282,186,96,85,1,84
S01013063,All people in households,805,635,297,338,170,57,113
S01013063,Whole house or bungalow: Total,480,460,205,255,20,0,20
S01013063,Whole house or bungalow: Detached,126,124,64,60,2,0,2
S01013063,Whole house or bungalow: Semi-detached,315,302,126,176,13,0,13
S01013063,Whole house or bungalow: Terraced (including end-terrace),39,34,15,19,5,0,5
S01013063,Flat maisonette or apartment or mobile/temporary accommodation,325,175,92,83,150,57,93
S01013064,All people in households,866,614,213,401,252,187,65
S01013064,Whole house or bungalow: Total,817,602,213,389,215,157,58
S01013064,Whole house or bungalow: Detached,39,25,0,25,14,9,5
S01013064,Whole house or bungalow: Semi-detached,298,214,54,160,84,64,20
S01013064,Whole house or bungalow: Terraced (including end-terrace),480,363,159,204,117,84,33
S01013064,Flat maisonette or apartment or mobile/temporary accommodation,49,12,0,12,37,30,7
S01013065,All people in households,864,457,159,298,407,245,162
S01013065,Whole house or bungalow: Total,513,323,102,221,190,133,57
S01013065,Whole house or bungalow: Detached,31,22,9,13,9,5,4
S01013065,Whole house or bungalow: Semi-detached,226,122,35,87,104,63,41
S01013065,Whole house or bungalow: Terraced (including end-terrace),256,179,58,121,77,65,12
S01013065,Flat maisonette or apartment or mobile/temporary accommodation,351,134,57,77,217,112,105
S01013066,All people in households,690,449,137,312,241,130,111
S01013066,Whole house or bungalow: Total,503,404,122,282,99,40,59
S01013066,Whole house or bungalow: Detached,70,59,31,28,11,1,10
S01013066,Whole house or bungalow: Semi-detached,252,190,57,133,62,21,41
S01013066,Whole house or bungalow: Terraced (including end-terrace),181,155,34,121,26,18,8
S01013066,Flat maisonette or apartment or mobile/temporary accommodation,187,45,15,30,142,90,52
S01013067,All people in households,808,141,34,107,667,95,572
S01013067,Whole house or bungalow: Total,44,28,12,16,16,0,16
S01013067,Whole house or bungalow: Detached,7,7,0,7,0,0,0
S01013067,Whole house or bungalow: Semi-detached,16,10,6,4,6,0,6
S01013067,Whole house or bungalow: Terraced (including end-terrace),21,11,6,5,10,0,10
S01013067,Flat maisonette or apartment or mobile/temporary accommodation,764,113,22,91,651,95,556
S01013068,All people in households,776,179,67,112,597,300,297
S01013068,Whole house or bungalow: Total,117,70,30,40,47,23,24
S01013068,Whole house or bungalow: Detached,33,24,13,11,9,3,6
S01013068,Whole house or bungalow: Semi-detached,41,29,8,21,12,8,4
S01013068,Whole house or bungalow: Terraced (including end-terrace),43,17,9,8,26,12,14
S01013068,Flat maisonette or apartment or mobile/temporary accommodation,659,109,37,72,550,277,273
S01013069,All people in households,733,216,102,114,517,121,396
S01013069,Whole house or bungalow: Total,165,113,66,47,52,20,32
S01013069,Whole house or bungalow: Detached,41,41,23,18,0,0,0
S01013069,Whole house or bungalow: Semi-detached,46,18,13,5,28,15,13
S01013069,Whole house or bungalow: Terraced (including end-terrace),78,54,30,24,24,5,19
S01013069,Flat maisonette or apartment or mobile/temporary accommodation,568,103,36,67,465,101,364
S01013070,All people in households,560,122,41,81,438,192,246
S01013070,Whole house or bungalow: Total,122,69,33,36,53,31,22
S01013070,Whole house or bungalow: Detached,24,12,11,1,12,4,8
S01013070,Whole house or bungalow: Semi-detached,58,34,14,20,24,13,11
S01013070,Whole house or bungalow: Terraced (including end-terrace),40,23,8,15,17,14,3
S01013070,Flat maisonette or apartment or mobile/temporary accommodation,438,53,8,45,385,161,224
S01013071,All people in households,750,153,40,113,597,65,532
S01013071,Whole house or bungalow: Total,39,22,8,14,17,5,12
S01013071,Whole house or bungalow: Detached,6,6,4,2,0,0,0
S01013071,Whole house or bungalow: Semi-detached,16,6,3,3,10,3,7
S01013071,Whole house or bungalow: Terraced (including end-terrace),17,10,1,9,7,2,5
S01013071,Flat maisonette or apartment or mobile/temporary accommodation,711,131,32,99,580,60,520
S01013072,All people in households,517,106,42,64,411,399,12
S01013072,Whole house or bungalow: Total,357,77,35,42,280,275,5
S01013072,Whole house or bungalow: Detached,20,7,5,2,13,13,0
S01013072,Whole house or bungalow: Semi-detached,263,42,17,25,221,218,3
S01013072,Whole house or bungalow: Terraced (including end-terrace),74,28,13,15,46,44,2
S01013072,Flat maisonette or apartment or mobile/temporary accommodation,160,29,7,22,131,124,7
S01013073,All people in households,747,221,37,184,526,438,88
S01013073,Whole house or bungalow: Total,248,96,24,72,152,133,19
S01013073,Whole house or bungalow: Detached,61,38,18,20,23,15,8
S01013073,Whole house or bungalow: Semi-detached,126,45,5,40,81,73,8
S01013073,Whole house or bungalow: Terraced (including end-terrace),61,13,1,12,48,45,3
S01013073,Flat maisonette or apartment or mobile/temporary accommodation,499,125,13,112,374,305,69
S01013074,All people in households,711,142,66,76,569,510,59
S01013074,Whole house or bungalow: Total,174,67,41,26,107,97,10
S01013074,Whole house or bungalow: Detached,26,22,11,11,4,4,0
S01013074,Whole house or bungalow: Semi-detached,115,39,26,13,76,66,10
S01013074,Whole house or bungalow: Terraced (including end-terrace),33,6,4,2,27,27,0
S01013074,Flat maisonette or apartment or mobile/temporary accommodation,537,75,25,50,462,413,49
S01013075,All people in households,866,261,122,139,605,521,84
S01013075,Whole house or bungalow: Total,240,103,59,44,137,110,27
S01013075,Whole house or bungalow: Detached,27,8,1,7,19,17,2
S01013075,Whole house or bungalow: Semi-detached,130,60,25,35,70,51,19
S01013075,Whole house or bungalow: Terraced (including end-terrace),83,35,33,2,48,42,6
S01013075,Flat maisonette or apartment or mobile/temporary accommodation,626,158,63,95,468,411,57
S01013076,All people in households,467,309,92,217,158,38,120
S01013076,Whole house or bungalow: Total,371,282,82,200,89,20,69
S01013076,Whole house or bungalow: Detached,217,171,45,126,46,0,46
S01013076,Whole house or bungalow: Semi-detached,75,58,16,42,17,8,9
S01013076,Whole house or bungalow: Terraced (including end-terrace),79,53,21,32,26,12,14
S01013076,Flat maisonette or apartment or mobile/temporary accommodation,96,27,10,17,69,18,51
S01013077,All people in households,717,347,134,213,370,305,65
S01013077,Whole house or bungalow: Total,539,310,127,183,229,175,54
S01013077,Whole house or bungalow: Detached,28,19,15,4,9,6,3
S01013077,Whole house or bungalow: Semi-detached,181,101,46,55,80,58,22
S01013077,Whole house or bungalow: Terraced (including end-terrace),330,190,66,124,140,111,29
S01013077,Flat maisonette or apartment or mobile/temporary accommodation,178,37,7,30,141,130,11
S01013078,All people in households,572,168,56,112,404,374,30
S01013078,Whole house or bungalow: Total,395,156,56,100,239,215,24
S01013078,Whole house or bungalow: Detached,40,31,14,17,9,8,1
S01013078,Whole house or bungalow: Semi-detached,116,49,17,32,67,54,13
S01013078,Whole house or bungalow: Terraced (including end-terrace),239,76,25,51,163,153,10
S01013078,Flat maisonette or apartment or mobile/temporary accommodation,177,12,0,12,165,159,6
S01013079,All people in households,1052,838,179,659,214,112,102
S01013079,Whole house or bungalow: Total,934,791,170,621,143,71,72
S01013079,Whole house or bungalow: Detached,735,669,128,541,66,4,62
S01013079,Whole house or bungalow: Semi-detached,116,81,23,58,35,27,8
S01013079,Whole house or bungalow: Terraced (including end-terrace),83,41,19,22,42,40,2
S01013079,Flat maisonette or apartment or mobile/temporary accommodation,118,47,9,38,71,41,30
S01013080,All people in households,856,556,215,341,300,100,200
S01013080,Whole house or bungalow: Total,669,520,198,322,149,62,87
S01013080,Whole house or bungalow: Detached,316,264,99,165,52,9,43
S01013080,Whole house or bungalow: Semi-detached,241,201,77,124,40,25,15
S01013080,Whole house or bungalow: Terraced (including end-terrace),112,55,22,33,57,28,29
S01013080,Flat maisonette or apartment or mobile/temporary accommodation,187,36,17,19,151,38,113
S01013081,All people in households,643,588,295,293,55,14,41
S01013081,Whole house or bungalow: Total,601,575,283,292,26,9,17
S01013081,Whole house or bungalow: Detached,344,338,167,171,6,2,4
S01013081,Whole house or bungalow: Semi-detached,242,226,114,112,16,4,12
S01013081,Whole house or bungalow: Terraced (including end-terrace),15,11,2,9,4,3,1
S01013081,Flat maisonette or apartment or mobile/temporary accommodation,42,13,12,1,29,5,24
S01013082,All people in households,830,769,369,400,61,8,53
S01013082,Whole house or bungalow: Total,817,765,367,398,52,4,48
S01013082,Whole house or bungalow: Detached,473,445,208,237,28,4,24
S01013082,Whole house or bungalow: Semi-detached,322,299,150,149,23,0,23
S01013082,Whole house or bungalow: Terraced (including end-terrace),22,21,9,12,1,0,1
S01013082,Flat maisonette or apartment or mobile/temporary accommodation,13,4,2,2,9,4,5
S01013083,All people in households,469,418,168,250,51,10,41
S01013083,Whole house or bungalow: Total,443,413,166,247,30,8,22
S01013083,Whole house or bungalow: Detached,269,265,126,139,4,0,4
S01013083,Whole house or bungalow: Semi-detached,151,125,38,87,26,8,18
S01013083,Whole house or bungalow: Terraced (including end-terrace),23,23,2,21,0,0,0
S01013083,Flat maisonette or apartment or mobile/temporary accommodation,26,5,2,3,21,2,19
S01013084,All people in households,759,697,322,375,62,9,53
S01013084,Whole house or bungalow: Total,748,695,320,375,53,9,44
S01013084,Whole house or bungalow: Detached,421,394,198,196,27,0,27
S01013084,Whole house or bungalow: Semi-detached,323,301,122,179,22,9,13
S01013084,Whole house or bungalow: Terraced (including end-terrace),4,0,0,0,4,0,4
S01013084,Flat maisonette or apartment or mobile/temporary accommodation,11,2,2,0,9,0,9
S01013085,All people in households,527,302,111,191,225,167,58
S01013085,Whole house or bungalow: Total,458,299,108,191,159,112,47
S01013085,Whole house or bungalow: Detached,29,25,9,16,4,2,2
S01013085,Whole house or bungalow: Semi-detached,284,199,73,126,85,59,26
S01013085,Whole house or bungalow: Terraced (including end-terrace),145,75,26,49,70,51,19
S01013085,Flat maisonette or apartment or mobile/temporary accommodation,69,3,3,0,66,55,11
S01013086,All people in households,854,507,255,252,347,75,272
S01013086,Whole house or bungalow: Total,364,292,146,146,72,13,59
S01013086,Whole house or bungalow: Detached,162,147,85,62,15,0,15
S01013086,Whole house or bungalow: Semi-detached,140,112,55,57,28,2,26
S01013086,Whole house or bungalow: Terraced (including end-terrace),62,33,6,27,29,11,18
S01013086,Flat maisonette or apartment or mobile/temporary accommodation,490,215,109,106,275,62,213
S01013087,All people in households,771,624,356,268,147,11,136
S01013087,Whole house or bungalow: Total,545,495,291,204,50,6,44
S01013087,Whole house or bungalow: Detached,386,365,223,142,21,0,21
S01013087,Whole house or bungalow: Semi-detached,139,118,62,56,21,6,15
S01013087,Whole house or bungalow: Terraced (including end-terrace),20,12,6,6,8,0,8
S01013087,Flat maisonette or apartment or mobile/temporary accommodation,226,129,65,64,97,5,92
S01013088,All people in households,927,824,436,388,103,13,90
S01013088,Whole house or bungalow: Total,820,746,387,359,74,9,65
S01013088,Whole house or bungalow: Detached,712,658,352,306,54,0,54
S01013088,Whole house or bungalow: Semi-detached,63,54,27,27,9,7,2
S01013088,Whole house or bungalow: Terraced (including end-terrace),45,34,8,26,11,2,9
S01013088,Flat maisonette or apartment or mobile/temporary accommodation,107,78,49,29,29,4,25
S01013089,All people in households,749,486,216,270,263,144,119
S01013089,Whole house or bungalow: Total,414,344,145,199,70,59,11
S01013089,Whole house or bungalow: Detached,106,102,57,45,4,4,0
S01013089,Whole house or bungalow: Semi-detached,195,159,68,91,36,30,6
S01013089,Whole house or bungalow: Terraced (including end-terrace),113,83,20,63,30,25,5
S01013089,Flat maisonette or apartment or mobile/temporary accommodation,335,142,71,71,193,85,108
S01013090,All people in households,789,411,173,238,378,56,322
S01013090,Whole house or bungalow: Total,341,255,107,148,86,21,65
S01013090,Whole house or bungalow: Detached,32,19,7,12,13,3,10
S01013090,Whole house or bungalow: Semi-detached,122,95,39,56,27,7,20
S01013090,Whole house or bungalow: Terraced (including end-terrace),187,141,61,80,46,11,35
S01013090,Flat maisonette or apartment or mobile/temporary accommodation,448,156,66,90,292,35,257
S01013091,All people in households,461,160,69,91,301,44,257
S01013091,Whole house or bungalow: Total,44,30,23,7,14,3,11
S01013091,Whole house or bungalow: Detached,1,0,0,0,1,0,1
S01013091,Whole house or bungalow: Semi-detached,16,5,3,2,11,3,8
S01013091,Whole house or bungalow: Terraced (including end-terrace),27,25,20,5,2,0,2
S01013091,Flat maisonette or apartment or mobile/temporary accommodation,417,130,46,84,287,41,246
S01013092,All people in households,893,475,171,304,418,169,249
S01013092,Whole house or bungalow: Total,485,326,109,217,159,119,40
S01013092,Whole house or bungalow: Detached,29,23,6,17,6,2,4
S01013092,Whole house or bungalow: Semi-detached,316,230,85,145,86,74,12
S01013092,Whole house or bungalow: Terraced (including end-terrace),140,73,18,55,67,43,24
S01013092,Flat maisonette or apartment or mobile/temporary accommodation,408,149,62,87,259,50,209
S01013093,All people in households,470,388,243,145,82,18,64
S01013093,Whole house or bungalow: Total,439,374,230,144,65,14,51
S01013093,Whole house or bungalow: Detached,295,263,188,75,32,7,25
S01013093,Whole house or bungalow: Semi-detached,68,57,22,35,11,3,8
S01013093,Whole house or bungalow: Terraced (including end-terrace),76,54,20,34,22,4,18
S01013093,Flat maisonette or apartment or mobile/temporary accommodation,31,14,13,1,17,4,13
S01013094,All people in households,602,588,259,329,14,0,14
S01013094,Whole house or bungalow: Total,602,588,259,329,14,0,14
S01013094,Whole house or bungalow: Detached,486,475,224,251,11,0,11
S01013094,Whole house or bungalow: Semi-detached,99,99,31,68,0,0,0
S01013094,Whole house or bungalow: Terraced (including end-terrace),17,14,4,10,3,0,3
S01013094,Flat maisonette or apartment or mobile/temporary accommodation,0,0,0,0,0,0,0
S01013095,All people in households,889,850,282,568,39,1,38
S01013095,Whole house or bungalow: Total,870,840,276,564,30,1,29
S01013095,Whole house or bungalow: Detached,830,809,259,550,21,0,21
S01013095,Whole house or bungalow: Semi-detached,25,23,15,8,2,1,1
S01013095,Whole house or bungalow: Terraced (including end-terrace),15,8,2,6,7,0,7
S01013095,Flat maisonette or apartment or mobile/temporary accommodation,19,10,6,4,9,0,9
S01013096,All people in households,469,273,75,198,196,88,108
S01013096,Whole house or bungalow: Total,413,265,74,191,148,80,68
S01013096,Whole house or bungalow: Detached,20,14,6,8,6,3,3
S01013096,Whole house or bungalow: Semi-detached,157,99,29,70,58,27,31
S01013096,Whole house or bungalow: Terraced (including end-terrace),236,152,39,113,84,50,34
S01013096,Flat maisonette or apartment or mobile/temporary accommodation,56,8,1,7,48,8,40
S01013097,All people in households,620,511,191,320,109,10,99
S01013097,Whole house or bungalow: Total,560,467,174,293,93,8,85
S01013097,Whole house or bungalow: Detached,322,278,122,156,44,0,44
S01013097,Whole house or bungalow: Semi-detached,138,102,25,77,36,7,29
S01013097,Whole house or bungalow: Terraced (including end-terrace),100,87,27,60,13,1,12
S01013097,Flat maisonette or apartment or mobile/temporary accommodation,60,44,17,27,16,2,14
S01013098,All people in households,708,680,137,543,28,5,23
S01013098,Whole house or bungalow: Total,701,673,130,543,28,5,23
S01013098,Whole house or bungalow: Detached,673,650,127,523,23,0,23
S01013098,Whole house or bungalow: Semi-detached,26,21,3,18,5,5,0
S01013098,Whole house or bungalow: Terraced (including end-terrace),2,2,0,2,0,0,0
S01013098,Flat maisonette or apartment or mobile/temporary accommodation,7,7,7,0,0,0,0
S01013099,All people in households,854,632,293,339,222,42,180
S01013099,Whole house or bungalow: Total,551,474,231,243,77,14,63
S01013099,Whole house or bungalow: Detached,253,238,125,113,15,0,15
S01013099,Whole house or bungalow: Semi-detached,162,128,63,65,34,9,25
S01013099,Whole house or bungalow: Terraced (including end-terrace),136,108,43,65,28,5,23
S01013099,Flat maisonette or apartment or mobile/temporary accommodation,303,158,62,96,145,28,117
S01013100,All people in households,620,583,324,259,37,4,33
S01013100,Whole house or bungalow: Total,546,521,295,226,25,4,21
S01013100,Whole house or bungalow: Detached,350,341,201,140,9,0,9
S01013100,Whole house or bungalow: Semi-detached,167,155,82,73,12,0,12
S01013100,Whole house or bungalow: Terraced (including end-terrace),29,25,12,13,4,4,0
S01013100,Flat maisonette or apartment or mobile/temporary accommodation,74,62,29,33,12,0,12
S01013101,All people in households,993,644,235,409,349,250,99
S01013101,Whole house or bungalow: Total,674,504,192,312,170,115,55
S01013101,Whole house or bungalow: Detached,116,113,52,61,3,0,3
S01013101,Whole house or bungalow: Semi-detached,233,168,69,99,65,45,20
S01013101,Whole house or bungalow: Terraced (including end-terrace),325,223,71,152,102,70,32
S01013101,Flat maisonette or apartment or mobile/temporary accommodation,319,140,43,97,179,135,44
S01013102,All people in households,603,555,271,284,48,15,33
S01013102,Whole house or bungalow: Total,490,474,224,250,16,3,13
S01013102,Whole house or bungalow: Detached,411,406,197,209,5,0,5
S01013102,Whole house or bungalow: Semi-detached,61,56,20,36,5,1,4
S01013102,Whole house or bungalow: Terraced (including end-terrace),18,12,7,5,6,2,4
S01013102,Flat maisonette or apartment or mobile/temporary accommodation,113,81,47,34,32,12,20
S01013103,All people in households,863,836,217,619,27,10,17
S01013103,Whole house or bungalow: Total,857,836,217,619,21,4,17
S01013103,Whole house or bungalow: Detached,743,730,188,542,13,0,13
S01013103,Whole house or bungalow: Semi-detached,93,89,24,65,4,4,0
S01013103,Whole house or bungalow: Terraced (including end-terrace),21,17,5,12,4,0,4
S01013103,Flat maisonette or apartment or mobile/temporary accommodation,6,0,0,0,6,6,0
S01013104,All people in households,984,928,393,535,56,21,35
S01013104,Whole house or bungalow: Total,942,897,385,512,45,13,32
S01013104,Whole house or bungalow: Detached,508,501,213,288,7,2,5
S01013104,Whole house or bungalow: Semi-detached,401,377,167,210,24,1,23
S01013104,Whole house or bungalow: Terraced (including end-terrace),33,19,5,14,14,10,4
S01013104,Flat maisonette or apartment or mobile/temporary accommodation,42,31,8,23,11,8,3
S01013105,All people in households,889,792,347,445,97,24,73
S01013105,Whole house or bungalow: Total,714,673,288,385,41,10,31
S01013105,Whole house or bungalow: Detached,502,485,218,267,17,0,17
S01013105,Whole house or bungalow: Semi-detached,199,175,65,110,24,10,14
S01013105,Whole house or bungalow: Terraced (including end-terrace),13,13,5,8,0,0,0
S01013105,Flat maisonette or apartment or mobile/temporary accommodation,175,119,59,60,56,14,42
S01013106,All people in households,811,612,227,385,199,76,123
S01013106,Whole house or bungalow: Total,597,495,188,307,102,40,62
S01013106,Whole house or bungalow: Detached,253,232,80,152,21,4,17
S01013106,Whole house or bungalow: Semi-detached,187,133,65,68,54,30,24
S01013106,Whole house or bungalow: Terraced (including end-terrace),157,130,43,87,27,6,21
S01013106,Flat maisonette or apartment or mobile/temporary accommodation,214,117,39,78,97,36,61
S01013107,All people in households,661,529,280,249,132,12,120
S01013107,Whole house or bungalow: Total,640,519,272,247,121,5,116
S01013107,Whole house or bungalow: Detached,563,470,253,217,93,0,93
S01013107,Whole house or bungalow: Semi-detached,65,42,19,23,23,0,23
S01013107,Whole house or bungalow: Terraced (including end-terrace),12,7,0,7,5,5,0
S01013107,Flat maisonette or apartment or mobile/temporary accommodation,21,10,8,2,11,7,4
S01013108,All people in households,596,399,200,199,197,151,46
S01013108,Whole house or bungalow: Total,475,358,191,167,117,73,44
S01013108,Whole house or bungalow: Detached,284,244,146,98,40,4,36
S01013108,Whole house or bungalow: Semi-detached,154,88,42,46,66,58,8
S01013108,Whole house or bungalow: Terraced (including end-terrace),37,26,3,23,11,11,0
S01013108,Flat maisonette or apartment or mobile/temporary accommodation,121,41,9,32,80,78,2
S01013109,All people in households,1037,837,388,449,200,46,154
S01013109,Whole house or bungalow: Total,1016,831,384,447,185,38,147
S01013109,Whole house or bungalow: Detached,581,504,271,233,77,1,76
S01013109,Whole house or bungalow: Semi-detached,308,206,67,139,102,35,67
S01013109,Whole house or bungalow: Terraced (including end-terrace),127,121,46,75,6,2,4
S01013109,Flat maisonette or apartment or mobile/temporary accommodation,21,6,4,2,15,8,7
S01013110,All people in households,597,439,220,219,158,42,116
S01013110,Whole house or bungalow: Total,568,422,211,211,146,33,113
S01013110,Whole house or bungalow: Detached,380,297,166,131,83,2,81
S01013110,Whole house or bungalow: Semi-detached,130,92,38,54,38,11,27
S01013110,Whole house or bungalow: Terraced (including end-terrace),58,33,7,26,25,20,5
S01013110,Flat maisonette or apartment or mobile/temporary accommodation,29,17,9,8,12,9,3
S01013111,All people in households,447,382,188,194,65,29,36
S01013111,Whole house or bungalow: Total,427,374,184,190,53,22,31
S01013111,Whole house or bungalow: Detached,248,228,127,101,20,0,20
S01013111,Whole house or bungalow: Semi-detached,112,84,40,44,28,22,6
S01013111,Whole house or bungalow: Terraced (including end-terrace),67,62,17,45,5,0,5
S01013111,Flat maisonette or apartment or mobile/temporary accommodation,20,8,4,4,12,7,5
S01013112,All people in households,648,458,142,316,190,133,57
S01013112,Whole house or bungalow: Total,525,425,134,291,100,65,35
S01013112,Whole house or bungalow: Detached,246,233,86,147,13,7,6
S01013112,Whole house or bungalow: Semi-detached,216,144,33,111,72,54,18
S01013112,Whole house or bungalow: Terraced (including end-terrace),63,48,15,33,15,4,11
S01013112,Flat maisonette or apartment or mobile/temporary accommodation,123,33,8,25,90,68,22
S01013113,All people in households,812,536,188,348,276,252,24
S01013113,Whole house or bungalow: Total,780,529,186,343,251,232,19
S01013113,Whole house or bungalow: Detached,196,185,80,105,11,10,1
S01013113,Whole house or bungalow: Semi-detached,369,191,66,125,178,168,10
S01013113,Whole house or bungalow: Terraced (including end-terrace),215,153,40,113,62,54,8
S01013113,Flat maisonette or apartment or mobile/temporary accommodation,32,7,2,5,25,20,5
S01013114,All people in households,776,472,248,224,304,105,199
S01013114,Whole house or bungalow: Total,699,454,234,220,245,67,178
S01013114,Whole house or bungalow: Detached,501,356,198,158,145,4,141
S01013114,Whole house or bungalow: Semi-detached,126,63,25,38,63,32,31
S01013114,Whole house or bungalow: Terraced (including end-terrace),72,35,11,24,37,31,6
S01013114,Flat maisonette or apartment or mobile/temporary accommodation,77,18,14,4,59,38,21
S01013115,All people in households,563,353,168,185,210,114,96
S01013115,Whole house or bungalow: Total,282,200,99,101,82,50,32
S01013115,Whole house or bungalow: Detached,111,93,58,35,18,8,10
S01013115,Whole house or bungalow: Semi-detached,113,69,31,38,44,24,20
S01013115,Whole house or bungalow: Terraced (including end-terrace),58,38,10,28,20,18,2
S01013115,Flat maisonette or apartment or mobile/temporary accommodation,281,153,69,84,128,64,64
S01013116,All people in households,717,689,382,307,28,6,22
S01013116,Whole house or bungalow: Total,630,612,346,266,18,5,13
S01013116,Whole house or bungalow: Detached,476,465,273,192,11,0,11
S01013116,Whole house or bungalow: Semi-detached,103,98,41,57,5,5,0
S01013116,Whole house or bungalow: Terraced (including end-terrace),51,49,32,17,2,0,2
S01013116,Flat maisonette or apartment or mobile/temporary accommodation,87,77,36,41,10,1,9
S01013117,All people in households,602,385,129,256,217,154,63
S01013117,Whole house or bungalow: Total,440,304,109,195,136,111,25
S01013117,Whole house or bungalow: Detached,121,111,52,59,10,2,8
S01013117,Whole house or bungalow: Semi-detached,234,133,45,88,101,87,14
S01013117,Whole house or bungalow: Terraced (including end-terrace),85,60,12,48,25,22,3
S01013117,Flat maisonette or apartment or mobile/temporary accommodation,162,81,20,61,81,43,38
S01013118,All people in households,444,357,172,185,87,39,48
S01013118,Whole house or bungalow: Total,432,352,170,182,80,39,41
S01013118,Whole house or bungalow: Detached,279,255,144,111,24,0,24
S01013118,Whole house or bungalow: Semi-detached,140,87,24,63,53,37,16
S01013118,Whole house or bungalow: Terraced (including end-terrace),13,10,2,8,3,2,1
S01013118,Flat maisonette or apartment or mobile/temporary accommodation,12,5,2,3,7,0,7
S01013119,All people in households,744,509,257,252,235,109,126
S01013119,Whole house or bungalow: Total,702,494,253,241,208,92,116
S01013119,Whole house or bungalow: Detached,475,378,212,166,97,3,94
S01013119,Whole house or bungalow: Semi-detached,156,86,36,50,70,48,22
S01013119,Whole house or bungalow: Terraced (including end-terrace),71,30,5,25,41,41,0
S01013119,Flat maisonette or apartment or mobile/temporary accommodation,42,15,4,11,27,17,10
S01013120,All people in households,909,537,297,240,372,181,191
S01013120,Whole house or bungalow: Total,791,510,283,227,281,132,149
S01013120,Whole house or bungalow: Detached,446,350,201,149,96,11,85
S01013120,Whole house or bungalow: Semi-detached,250,107,60,47,143,95,48
S01013120,Whole house or bungalow: Terraced (including end-terrace),95,53,22,31,42,26,16
S01013120,Flat maisonette or apartment or mobile/temporary accommodation,118,27,14,13,91,49,42
S01013121,All people in households,340,175,92,83,165,107,58
S01013121,Whole house or bungalow: Total,311,165,87,78,146,93,53
S01013121,Whole house or bungalow: Detached,172,120,79,41,52,8,44
S01013121,Whole house or bungalow: Semi-detached,94,26,3,23,68,64,4
S01013121,Whole house or bungalow: Terraced (including end-terrace),45,19,5,14,26,21,5
S01013121,Flat maisonette or apartment or mobile/temporary accommodation,29,10,5,5,19,14,5
S01013122,All people in households,598,165,42,123,433,394,39
S01013122,Whole house or bungalow: Total,117,84,5,79,33,19,14
S01013122,Whole house or bungalow: Detached,11,8,4,4,3,0,3
S01013122,Whole house or bungalow: Semi-detached,6,2,0,2,4,4,0
S01013122,Whole house or bungalow: Terraced (including end-terrace),100,74,1,73,26,15,11
S01013122,Flat maisonette or apartment or mobile/temporary accommodation,481,81,37,44,400,375,25
S01013123,All people in households,767,392,122,270,375,314,61
S01013123,Whole house or bungalow: Total,258,225,83,142,33,19,14
S01013123,Whole house or bungalow: Detached,24,18,0,18,6,2,4
S01013123,Whole house or bungalow: Semi-detached,23,17,15,2,6,5,1
S01013123,Whole house or bungalow: Terraced (including end-terrace),211,190,68,122,21,12,9
S01013123,Flat maisonette or apartment or mobile/temporary accommodation,509,167,39,128,342,295,47
S01013124,All people in households,719,495,124,371,224,201,23
S01013124,Whole house or bungalow: Total,352,273,70,203,79,70,9
S01013124,Whole house or bungalow: Detached,8,4,4,0,4,2,2
S01013124,Whole house or bungalow: Semi-detached,194,155,36,119,39,35,4
S01013124,Whole house or bungalow: Terraced (including end-terrace),150,114,30,84,36,33,3
S01013124,Flat maisonette or apartment or mobile/temporary accommodation,367,222,54,168,145,131,14
S01013125,All people in households,762,565,211,354,197,144,53
S01013125,Whole house or bungalow: Total,485,423,176,247,62,25,37
S01013125,Whole house or bungalow: Detached,25,19,9,10,6,0,6
S01013125,Whole house or bungalow: Semi-detached,207,180,70,110,27,6,21
S01013125,Whole house or bungalow: Terraced (including end-terrace),253,224,97,127,29,19,10
S01013125,Flat maisonette or apartment or mobile/temporary accommodation,277,142,35,107,135,119,16
S01013126,All people in households,743,237,65,172,506,492,14
S01013126,Whole house or bungalow: Total,297,146,40,106,151,149,2
S01013126,Whole house or bungalow: Detached,17,7,4,3,10,8,2
S01013126,Whole house or bungalow: Semi-detached,125,62,13,49,63,63,0
S01013126,Whole house or bungalow: Terraced (including end-terrace),155,77,23,54,78,78,0
S01013126,Flat maisonette or apartment or mobile/temporary accommodation,446,91,25,66,355,343,12
S01013127,All people in households,853,268,104,164,585,551,34
S01013127,Whole house or bungalow: Total,301,162,68,94,139,125,14
S01013127,Whole house or bungalow: Detached,9,4,4,0,5,5,0
S01013127,Whole house or bungalow: Semi-detached,76,32,17,15,44,39,5
S01013127,Whole house or bungalow: Terraced (including end-terrace),216,126,47,79,90,81,9
S01013127,Flat maisonette or apartment or mobile/temporary accommodation,552,106,36,70,446,426,20
S01013128,All people in households,624,224,40,184,400,268,132
S01013128,Whole house or bungalow: Total,93,47,19,28,46,39,7
S01013128,Whole house or bungalow: Detached,5,1,1,0,4,1,3
S01013128,Whole house or bungalow: Semi-detached,23,7,4,3,16,16,0
S01013128,Whole house or bungalow: Terraced (including end-terrace),65,39,14,25,26,22,4
S01013128,Flat maisonette or apartment or mobile/temporary accommodation,531,177,21,156,354,229,125
S01013129,All people in households,1100,667,172,495,433,341,92
S01013129,Whole house or bungalow: Total,535,428,131,297,107,83,24
S01013129,Whole house or bungalow: Detached,21,20,7,13,1,1,0
S01013129,Whole house or bungalow: Semi-detached,85,49,21,28,36,20,16
S01013129,Whole house or bungalow: Terraced (including end-terrace),429,359,103,256,70,62,8
S01013129,Flat maisonette or apartment or mobile/temporary accommodation,565,239,41,198,326,258,68
S01013130,All people in households,710,208,33,175,502,441,61
S01013130,Whole house or bungalow: Total,167,83,14,69,84,78,6
S01013130,Whole house or bungalow: Detached,13,3,0,3,10,10,0
S01013130,Whole house or bungalow: Semi-detached,69,39,7,32,30,26,4
S01013130,Whole house or bungalow: Terraced (including end-terrace),85,41,7,34,44,42,2
S01013130,Flat maisonette or apartment or mobile/temporary accommodation,543,125,19,106,418,363,55
S01013131,All people in households,653,249,48,201,404,378,26
S01013131,Whole house or bungalow: Total,279,213,35,178,66,54,12
S01013131,Whole house or bungalow: Detached,3,1,1,0,2,2,0
S01013131,Whole house or bungalow: Semi-detached,221,174,25,149,47,35,12
S01013131,Whole house or bungalow: Terraced (including end-terrace),55,38,9,29,17,17,0
S01013131,Flat maisonette or apartment or mobile/temporary accommodation,374,36,13,23,338,324,14
S01013132,All people in households,587,119,22,97,468,426,42
S01013132,Whole house or bungalow: Total,153,57,9,48,96,89,7
S01013132,Whole house or bungalow: Detached,10,8,3,5,2,2,0
S01013132,Whole house or bungalow: Semi-detached,47,29,2,27,18,18,0
S01013132,Whole house or bungalow: Terraced (including end-terrace),96,20,4,16,76,69,7
S01013132,Flat maisonette or apartment or mobile/temporary accommodation,434,62,13,49,372,337,35
S01013133,All people in households,756,264,35,229,492,442,50
S01013133,Whole house or bungalow: Total,266,193,20,173,73,55,18
S01013133,Whole house or bungalow: Detached,9,8,6,2,1,1,0
S01013133,Whole house or bungalow: Semi-detached,88,72,7,65,16,13,3
S01013133,Whole house or bungalow: Terraced (including end-terrace),169,113,7,106,56,41,15
S01013133,Flat maisonette or apartment or mobile/temporary accommodation,490,71,15,56,419,387,32
S01013134,All people in households,840,584,230,354,256,202,54
S01013134,Whole house or bungalow: Total,547,479,186,293,68,44,24
S01013134,Whole house or bungalow: Detached,124,110,43,67,14,2,12
S01013134,Whole house or bungalow: Semi-detached,120,102,43,59,18,17,1
S01013134,Whole house or bungalow: Terraced (including end-terrace),303,267,100,167,36,25,11
S01013134,Flat maisonette or apartment or mobile/temporary accommodation,293,105,44,61,188,158,30
S01013135,All people in households,771,226,60,166,545,509,36
S01013135,Whole house or bungalow: Total,211,91,18,73,120,109,11
S01013135,Whole house or bungalow: Detached,19,13,0,13,6,6,0
S01013135,Whole house or bungalow: Semi-detached,137,63,17,46,74,70,4
S01013135,Whole house or bungalow: Terraced (including end-terrace),55,15,1,14,40,33,7
S01013135,Flat maisonette or apartment or mobile/temporary accommodation,560,135,42,93,425,400,25
S01013136,All people in households,928,638,253,385,290,268,22
S01013136,Whole house or bungalow: Total,385,276,88,188,109,94,15
S01013136,Whole house or bungalow: Detached,19,15,2,13,4,1,3
S01013136,Whole house or bungalow: Semi-detached,316,228,74,154,88,76,12
S01013136,Whole house or bungalow: Terraced (including end-terrace),50,33,12,21,17,17,0
S01013136,Flat maisonette or apartment or mobile/temporary accommodation,543,362,165,197,181,174,7
S01013137,All people in households,745,472,239,233,273,266,7
S01013137,Whole house or bungalow: Total,508,357,143,214,151,148,3
S01013137,Whole house or bungalow: Detached,11,11,0,11,0,0,0
S01013137,Whole house or bungalow: Semi-detached,442,320,126,194,122,119,3
S01013137,Whole house or bungalow: Terraced (including end-terrace),55,26,17,9,29,29,0
S01013137,Flat maisonette or apartment or mobile/temporary accommodation,237,115,96,19,122,118,4
S01013138,All people in households,704,188,45,143,516,474,42
S01013138,Whole house or bungalow: Total,130,72,21,51,58,49,9
S01013138,Whole house or bungalow: Detached,6,5,0,5,1,1,0
S01013138,Whole house or bungalow: Semi-detached,87,43,18,25,44,35,9
S01013138,Whole house or bungalow: Terraced (including end-terrace),37,24,3,21,13,13,0
S01013138,Flat maisonette or apartment or mobile/temporary accommodation,574,116,24,92,458,425,33
S01013139,All people in households,878,327,114,213,551,520,31
S01013139,Whole house or bungalow: Total,399,201,83,118,198,183,15
S01013139,Whole house or bungalow: Detached,46,39,15,24,7,7,0
S01013139,Whole house or bungalow: Semi-detached,190,84,37,47,106,99,7
S01013139,Whole house or bungalow: Terraced (including end-terrace),163,78,31,47,85,77,8
S01013139,Flat maisonette or apartment or mobile/temporary accommodation,479,126,31,95,353,337,16
S01013140,All people in households,816,392,138,254,424,389,35
S01013140,Whole house or bungalow: Total,441,278,92,186,163,139,24
S01013140,Whole house or bungalow: Detached,21,10,0,10,11,6,5
S01013140,Whole house or bungalow: Semi-detached,203,132,49,83,71,60,11
S01013140,Whole house or bungalow: Terraced (including end-terrace),217,136,43,93,81,73,8
S01013140,Flat maisonette or apartment or mobile/temporary accommodation,375,114,46,68,261,250,11
S01013141,All people in households,647,286,83,203,361,274,87
S01013141,Whole house or bungalow: Total,220,163,50,113,57,32,25
S01013141,Whole house or bungalow: Detached,7,5,2,3,2,2,0
S01013141,Whole house or bungalow: Semi-detached,88,59,16,43,29,13,16
S01013141,Whole house or bungalow: Terraced (including end-terrace),125,99,32,67,26,17,9
S01013141,Flat maisonette or apartment or mobile/temporary accommodation,427,123,33,90,304,242,62
S01013142,All people in households,863,108,33,75,755,732,23
S01013142,Whole house or bungalow: Total,183,63,23,40,120,114,6
S01013142,Whole house or bungalow: Detached,9,3,3,0,6,5,1
S01013142,Whole house or bungalow: Semi-detached,50,26,9,17,24,24,0
S01013142,Whole house or bungalow: Terraced (including end-terrace),124,34,11,23,90,85,5
S01013142,Flat maisonette or apartment or mobile/temporary accommodation,680,45,10,35,635,618,17
S01013143,All people in households,853,516,183,333,337,290,47
S01013143,Whole house or bungalow: Total,340,247,88,159,93,82,11
S01013143,Whole house or bungalow: Detached,18,15,3,12,3,3,0
S01013143,Whole house or bungalow: Semi-detached,142,97,44,53,45,37,8
S01013143,Whole house or bungalow: Terraced (including end-terrace),180,135,41,94,45,42,3
S01013143,Flat maisonette or apartment or mobile/temporary accommodation,513,269,95,174,244,208,36
S01013144,All people in households,894,589,234,355,305,264,41
S01013144,Whole house or bungalow: Total,344,274,113,161,70,61,9
S01013144,Whole house or bungalow: Detached,64,62,23,39,2,0,2
S01013144,Whole house or bungalow: Semi-detached,184,164,67,97,20,20,0
S01013144,Whole house or bungalow: Terraced (including end-terrace),96,48,23,25,48,41,7
S01013144,Flat maisonette or apartment or mobile/temporary accommodation,550,315,121,194,235,203,32
S01013145,All people in households,704,491,137,354,213,186,27
S01013145,Whole house or bungalow: Total,302,241,60,181,61,58,3
S01013145,Whole house or bungalow: Detached,24,24,7,17,0,0,0
S01013145,Whole house or bungalow: Semi-detached,256,198,53,145,58,55,3
S01013145,Whole house or bungalow: Terraced (including end-terrace),22,19,0,19,3,3,0
S01013145,Flat maisonette or apartment or mobile/temporary accommodation,402,250,77,173,152,128,24
S01013146,All people in households,455,318,82,236,137,130,7
S01013146,Whole house or bungalow: Total,161,123,32,91,38,35,3
S01013146,Whole house or bungalow: Detached,0,0,0,0,0,0,0
S01013146,Whole house or bungalow: Semi-detached,120,85,22,63,35,32,3
S01013146,Whole house or bungalow: Terraced (including end-terrace),41,38,10,28,3,3,0
S01013146,Flat maisonette or apartment or mobile/temporary accommodation,294,195,50,145,99,95,4
S01013147,All people in households,726,539,155,384,187,162,25
S01013147,Whole house or bungalow: Total,553,481,125,356,72,51,21
S01013147,Whole house or bungalow: Detached,181,171,37,134,10,0,10
S01013147,Whole house or bungalow: Semi-detached,191,160,37,123,31,27,4
S01013147,Whole house or bungalow: Terraced (including end-terrace),181,150,51,99,31,24,7
S01013147,Flat maisonette or apartment or mobile/temporary accommodation,173,58,30,28,115,111,4
S01013148,All people in households,757,580,206,374,177,112,65
S01013148,Whole house or bungalow: Total,315,280,135,145,35,21,14
S01013148,Whole house or bungalow: Detached,78,78,35,43,0,0,0
S01013148,Whole house or bungalow: Semi-detached,154,134,71,63,20,11,9
S01013148,Whole house or bungalow: Terraced (including end-terrace),83,68,29,39,15,10,5
S01013148,Flat maisonette or apartment or mobile/temporary accommodation,442,300,71,229,142,91,51
S01013149,All people in households,824,585,151,434,239,160,79
S01013149,Whole house or bungalow: Total,288,261,75,186,27,16,11
S01013149,Whole house or bungalow: Detached,21,17,10,7,4,4,0
S01013149,Whole house or bungalow: Semi-detached,125,108,37,71,17,6,11
S01013149,Whole house or bungalow: Terraced (including end-terrace),142,136,28,108,6,6,0
S01013149,Flat maisonette or apartment or mobile/temporary accommodation,536,324,76,248,212,144,68
S01013150,All people in households,846,615,270,345,231,174,57
S01013150,Whole house or bungalow: Total,573,474,228,246,99,64,35
S01013150,Whole house or bungalow: Detached,108,94,57,37,14,6,8
S01013150,Whole house or bungalow: Semi-detached,267,217,103,114,50,33,17
S01013150,Whole house or bungalow: Terraced (including end-terrace),198,163,68,95,35,25,10
S01013150,Flat maisonette or apartment or mobile/temporary accommodation,273,141,42,99,132,110,22
S01013151,All people in households,566,476,158,318,90,37,53
S01013151,Whole house or bungalow: Total,367,339,106,233,28,9,19
S01013151,Whole house or bungalow: Detached,193,185,51,134,8,0,8
S01013151,Whole house or bungalow: Semi-detached,110,91,44,47,19,8,11
S01013151,Whole house or bungalow: Terraced (including end-terrace),64,63,11,52,1,1,0
S01013151,Flat maisonette or apartment or mobile/temporary accommodation,199,137,52,85,62,28,34
S01013152,All people in households,910,671,178,493,239,198,41
S01013152,Whole house or bungalow: Total,655,523,154,369,132,97,35
S01013152,Whole house or bungalow: Detached,291,279,67,212,12,4,8
S01013152,Whole house or bungalow: Semi-detached,154,107,38,69,47,36,11
S01013152,Whole house or bungalow: Terraced (including end-terrace),210,137,49,88,73,57,16
S01013152,Flat maisonette or apartment or mobile/temporary accommodation,255,148,24,124,107,101,6
S01013153,All people in households,890,323,100,223,567,547,20
S01013153,Whole house or bungalow: Total,398,183,56,127,215,201,14
S01013153,Whole house or bungalow: Detached,19,7,0,7,12,11,1
S01013153,Whole house or bungalow: Semi-detached,170,90,29,61,80,75,5
S01013153,Whole house or bungalow: Terraced (including end-terrace),209,86,27,59,123,115,8
S01013153,Flat maisonette or apartment or mobile/temporary accommodation,492,140,44,96,352,346,6
S01013154,All people in households,979,475,164,311,504,463,41
S01013154,Whole house or bungalow: Total,423,274,101,173,149,136,13
S01013154,Whole house or bungalow: Detached,76,67,25,42,9,3,6
S01013154,Whole house or bungalow: Semi-detached,135,84,33,51,51,46,5
S01013154,Whole house or bungalow: Terraced (including end-terrace),212,123,43,80,89,87,2
S01013154,Flat maisonette or apartment or mobile/temporary accommodation,556,201,63,138,355,327,28
S01013155,All people in households,908,220,52,168,688,608,80
S01013155,Whole house or bungalow: Total,119,55,11,44,64,58,6
S01013155,Whole house or bungalow: Detached,16,13,1,12,3,0,3
S01013155,Whole house or bungalow: Semi-detached,45,29,4,25,16,16,0
S01013155,Whole house or bungalow: Terraced (including end-terrace),58,13,6,7,45,42,3
S01013155,Flat maisonette or apartment or mobile/temporary accommodation,789,165,41,124,624,550,74
S01013156,All people in households,865,200,50,150,665,652,13
S01013156,Whole house or bungalow: Total,328,111,29,82,217,213,4
S01013156,Whole house or bungalow: Detached,33,14,9,5,19,19,0
S01013156,Whole house or bungalow: Semi-detached,69,37,9,28,32,28,4
S01013156,Whole house or bungalow: Terraced (including end-terrace),226,60,11,49,166,166,0
S01013156,Flat maisonette or apartment or mobile/temporary accommodation,537,89,21,68,448,439,9
S01013157,All people in households,983,296,76,220,687,662,25
S01013157,Whole house or bungalow: Total,369,169,38,131,200,196,4
S01013157,Whole house or bungalow: Detached,20,18,3,15,2,2,0
S01013157,Whole house or bungalow: Semi-detached,136,37,12,25,99,99,0
S01013157,Whole house or bungalow: Terraced (including end-terrace),213,114,23,91,99,95,4
S01013157,Flat maisonette or apartment or mobile/temporary accommodation,614,127,38,89,487,466,21
S01013158,All people in households,555,499,188,311,56,23,33
S01013158,Whole house or bungalow: Total,532,492,188,304,40,10,30
S01013158,Whole house or bungalow: Detached,256,236,87,149,20,0,20
S01013158,Whole house or bungalow: Semi-detached,262,248,99,149,14,5,9
S01013158,Whole house or bungalow: Terraced (including end-terrace),14,8,2,6,6,5,1
S01013158,Flat maisonette or apartment or mobile/temporary accommodation,23,7,0,7,16,13,3
S01013159,All people in households,701,618,241,377,83,47,36
S01013159,Whole house or bungalow: Total,646,599,238,361,47,12,35
S01013159,Whole house or bungalow: Detached,167,166,66,100,1,0,1
S01013159,Whole house or bungalow: Semi-detached,335,305,142,163,30,6,24
S01013159,Whole house or bungalow: Terraced (including end-terrace),144,128,30,98,16,6,10
S01013159,Flat maisonette or apartment or mobile/temporary accommodation,55,19,3,16,36,35,1
S01013160,All people in households,728,684,208,476,44,5,39
S01013160,Whole house or bungalow: Total,708,669,208,461,39,0,39
S01013160,Whole house or bungalow: Detached,199,191,61,130,8,0,8
S01013160,Whole house or bungalow: Semi-detached,495,464,143,321,31,0,31
S01013160,Whole house or bungalow: Terraced (including end-terrace),14,14,4,10,0,0,0
S01013160,Flat maisonette or apartment or mobile/temporary accommodation,20,15,0,15,5,5,0
S01013161,All people in households,1021,673,194,479,348,305,43
S01013161,Whole house or bungalow: Total,436,391,114,277,45,35,10
S01013161,Whole house or bungalow: Detached,59,59,20,39,0,0,0
S01013161,Whole house or bungalow: Semi-detached,167,150,41,109,17,13,4
S01013161,Whole house or bungalow: Terraced (including end-terrace),210,182,53,129,28,22,6
S01013161,Flat maisonette or apartment or mobile/temporary accommodation,585,282,80,202,303,270,33
S01013162,All people in households,815,485,229,256,330,273,57
S01013162,Whole house or bungalow: Total,331,258,123,135,73,49,24
S01013162,Whole house or bungalow: Detached,29,24,6,18,5,2,3
S01013162,Whole house or bungalow: Semi-detached,164,142,83,59,22,15,7
S01013162,Whole house or bungalow: Terraced (including end-terrace),138,92,34,58,46,32,14
S01013162,Flat maisonette or apartment or mobile/temporary accommodation,484,227,106,121,257,224,33
S01013163,All people in households,702,596,218,378,106,83,23
S01013163,Whole house or bungalow: Total,636,593,218,375,43,20,23
S01013163,Whole house or bungalow: Detached,189,184,72,112,5,0,5
S01013163,Whole house or bungalow: Semi-detached,346,326,138,188,20,7,13
S01013163,Whole house or bungalow: Terraced (including end-terrace),101,83,8,75,18,13,5
S01013163,Flat maisonette or apartment or mobile/temporary accommodation,66,3,0,3,63,63,0
S01013164,All people in households,1064,699,228,471,365,316,49
S01013164,Whole house or bungalow: Total,676,590,198,392,86,63,23
S01013164,Whole house or bungalow: Detached,250,240,73,167,10,3,7
S01013164,Whole house or bungalow: Semi-detached,258,229,84,145,29,24,5
S01013164,Whole house or bungalow: Terraced (including end-terrace),168,121,41,80,47,36,11
S01013164,Flat maisonette or apartment or mobile/temporary accommodation,388,109,30,79,279,253,26
S01013165,All people in households,883,640,241,399,243,208,35
S01013165,Whole house or bungalow: Total,585,475,192,283,110,83,27
S01013165,Whole house or bungalow: Detached,91,84,35,49,7,3,4
S01013165,Whole house or bungalow: Semi-detached,331,285,123,162,46,32,14
S01013165,Whole house or bungalow: Terraced (including end-terrace),163,106,34,72,57,48,9
S01013165,Flat maisonette or apartment or mobile/temporary accommodation,298,165,49,116,133,125,8
S01013166,All people in households,642,101,26,75,541,504,37
S01013166,Whole house or bungalow: Total,83,28,3,25,55,52,3
S01013166,Whole house or bungalow: Detached,8,8,2,6,0,0,0
S01013166,Whole house or bungalow: Semi-detached,31,12,0,12,19,16,3
S01013166,Whole house or bungalow: Terraced (including end-terrace),44,8,1,7,36,36,0
S01013166,Flat maisonette or apartment or mobile/temporary accommodation,559,73,23,50,486,452,34
S01013167,All people in households,655,139,33,106,516,499,17
S01013167,Whole house or bungalow: Total,81,55,15,40,26,21,5
S01013167,Whole house or bungalow: Detached,6,6,1,5,0,0,0
S01013167,Whole house or bungalow: Semi-detached,38,20,5,15,18,13,5
S01013167,Whole house or bungalow: Terraced (including end-terrace),37,29,9,20,8,8,0
S01013167,Flat maisonette or apartment or mobile/temporary accommodation,574,84,18,66,490,478,12
S01013168,All people in households,891,468,115,353,423,351,72
S01013168,Whole house or bungalow: Total,621,377,96,281,244,200,44
S01013168,Whole house or bungalow: Detached,13,8,2,6,5,5,0
S01013168,Whole house or bungalow: Semi-detached,104,67,17,50,37,37,0
S01013168,Whole house or bungalow: Terraced (including end-terrace),504,302,77,225,202,158,44
S01013168,Flat maisonette or apartment or mobile/temporary accommodation,270,91,19,72,179,151,28
S01013169,All people in households,853,467,161,306,386,345,41
S01013169,Whole house or bungalow: Total,326,194,54,140,132,118,14
S01013169,Whole house or bungalow: Detached,17,11,0,11,6,6,0
S01013169,Whole house or bungalow: Semi-detached,184,110,32,78,74,74,0
S01013169,Whole house or bungalow: Terraced (including end-terrace),125,73,22,51,52,38,14
S01013169,Flat maisonette or apartment or mobile/temporary accommodation,527,273,107,166,254,227,27
S01013170,All people in households,528,229,43,186,299,267,32
S01013170,Whole house or bungalow: Total,263,159,34,125,104,99,5
S01013170,Whole house or bungalow: Detached,7,4,3,1,3,3,0
S01013170,Whole house or bungalow: Semi-detached,87,55,13,42,32,30,2
S01013170,Whole house or bungalow: Terraced (including end-terrace),169,100,18,82,69,66,3
S01013170,Flat maisonette or apartment or mobile/temporary accommodation,265,70,9,61,195,168,27
S01013171,All people in households,679,548,126,422,131,103,28
S01013171,Whole house or bungalow: Total,573,523,119,404,50,24,26
S01013171,Whole house or bungalow: Detached,284,280,69,211,4,0,4
S01013171,Whole house or bungalow: Semi-detached,199,177,33,144,22,11,11
S01013171,Whole house or bungalow: Terraced (including end-terrace),90,66,17,49,24,13,11
S01013171,Flat maisonette or apartment or mobile/temporary accommodation,106,25,7,18,81,79,2
S01013172,All people in households,749,491,126,365,258,218,40
S01013172,Whole house or bungalow: Total,555,413,93,320,142,116,26
S01013172,Whole house or bungalow: Detached,91,79,21,58,12,6,6
S01013172,Whole house or bungalow: Semi-detached,141,92,13,79,49,44,5
S01013172,Whole house or bungalow: Terraced (including end-terrace),323,242,59,183,81,66,15
S01013172,Flat maisonette or apartment or mobile/temporary accommodation,194,78,33,45,116,102,14
S01013173,All people in households,799,610,121,489,189,120,69
S01013173,Whole house or bungalow: Total,511,462,90,372,49,12,37
S01013173,Whole house or bungalow: Detached,151,149,24,125,2,2,0
S01013173,Whole house or bungalow: Semi-detached,234,204,31,173,30,5,25
S01013173,Whole house or bungalow: Terraced (including end-terrace),126,109,35,74,17,5,12
S01013173,Flat maisonette or apartment or mobile/temporary accommodation,288,148,31,117,140,108,32
S01013174,All people in households,793,755,144,611,38,24,14
S01013174,Whole house or bungalow: Total,767,738,140,598,29,15,14
S01013174,Whole house or bungalow: Detached,295,291,47,244,4,4,0
S01013174,Whole house or bungalow: Semi-detached,337,322,67,255,15,8,7
S01013174,Whole house or bungalow: Terraced (including end-terrace),135,125,26,99,10,3,7
S01013174,Flat maisonette or apartment or mobile/temporary accommodation,26,17,4,13,9,9,0
S01013175,All people in households,867,745,151,594,122,79,43
S01013175,Whole house or bungalow: Total,749,679,141,538,70,35,35
S01013175,Whole house or bungalow: Detached,271,260,58,202,11,0,11
S01013175,Whole house or bungalow: Semi-detached,321,308,43,265,13,7,6
S01013175,Whole house or bungalow: Terraced (including end-terrace),157,111,40,71,46,28,18
S01013175,Flat maisonette or apartment or mobile/temporary accommodation,118,66,10,56,52,44,8
S01013176,All people in households,745,567,181,386,178,116,62
S01013176,Whole house or bungalow: Total,313,293,95,198,20,11,9
S01013176,Whole house or bungalow: Detached,94,89,25,64,5,0,5
S01013176,Whole house or bungalow: Semi-detached,76,76,25,51,0,0,0
S01013176,Whole house or bungalow: Terraced (including end-terrace),143,128,45,83,15,11,4
S01013176,Flat maisonette or apartment or mobile/temporary accommodation,432,274,86,188,158,105,53
S01013177,All people in households,617,559,179,380,58,24,34
S01013177,Whole house or bungalow: Total,385,368,141,227,17,6,11
S01013177,Whole house or bungalow: Detached,42,40,13,27,2,0,2
S01013177,Whole house or bungalow: Semi-detached,243,233,89,144,10,5,5
S01013177,Whole house or bungalow: Terraced (including end-terrace),100,95,39,56,5,1,4
S01013177,Flat maisonette or apartment or mobile/temporary accommodation,232,191,38,153,41,18,23
S01013178,All people in households,719,562,208,354,157,90,67
S01013178,Whole house or bungalow: Total,241,213,86,127,28,21,7
S01013178,Whole house or bungalow: Detached,101,99,39,60,2,1,1
S01013178,Whole house or bungalow: Semi-detached,91,73,24,49,18,12,6
S01013178,Whole house or bungalow: Terraced (including end-terrace),49,41,23,18,8,8,0
S01013178,Flat maisonette or apartment or mobile/temporary accommodation,478,349,122,227,129,69,60
S01013179,All people in households,781,548,231,317,233,166,67
S01013179,Whole house or bungalow: Total,599,490,209,281,109,71,38
S01013179,Whole house or bungalow: Detached,233,213,99,114,20,0,20
S01013179,Whole house or bungalow: Semi-detached,231,169,80,89,62,50,12
S01013179,Whole house or bungalow: Terraced (including end-terrace),135,108,30,78,27,21,6
S01013179,Flat maisonette or apartment or mobile/temporary accommodation,182,58,22,36,124,95,29
S01013180,All people in households,434,395,98,297,39,2,37
S01013180,Whole house or bungalow: Total,414,385,97,288,29,1,28
S01013180,Whole house or bungalow: Detached,74,71,13,58,3,0,3
S01013180,Whole house or bungalow: Semi-detached,175,165,45,120,10,0,10
S01013180,Whole house or bungalow: Terraced (including end-terrace),165,149,39,110,16,1,15
S01013180,Flat maisonette or apartment or mobile/temporary accommodation,20,10,1,9,10,1,9
S01013181,All people in households,718,621,208,413,97,74,23
S01013181,Whole house or bungalow: Total,636,589,192,397,47,30,17
S01013181,Whole house or bungalow: Detached,30,30,7,23,0,0,0
S01013181,Whole house or bungalow: Semi-detached,198,182,53,129,16,13,3
S01013181,Whole house or bungalow: Terraced (including end-terrace),408,377,132,245,31,17,14
S01013181,Flat maisonette or apartment or mobile/temporary accommodation,82,32,16,16,50,44,6
S01013182,All people in households,743,485,172,313,258,206,52
S01013182,Whole house or bungalow: Total,335,253,80,173,82,59,23
S01013182,Whole house or bungalow: Detached,39,39,16,23,0,0,0
S01013182,Whole house or bungalow: Semi-detached,194,149,47,102,45,26,19
S01013182,Whole house or bungalow: Terraced (including end-terrace),102,65,17,48,37,33,4
S01013182,Flat maisonette or apartment or mobile/temporary accommodation,408,232,92,140,176,147,29
S01013183,All people in households,834,740,305,435,94,81,13
S01013183,Whole house or bungalow: Total,754,723,300,423,31,21,10
S01013183,Whole house or bungalow: Detached,340,337,142,195,3,0,3
S01013183,Whole house or bungalow: Semi-detached,326,307,144,163,19,13,6
S01013183,Whole house or bungalow: Terraced (including end-terrace),88,79,14,65,9,8,1
S01013183,Flat maisonette or apartment or mobile/temporary accommodation,80,17,5,12,63,60,3
S01013184,All people in households,572,177,49,128,395,357,38
S01013184,Whole house or bungalow: Total,202,98,32,66,104,97,7
S01013184,Whole house or bungalow: Detached,6,2,0,2,4,3,1
S01013184,Whole house or bungalow: Semi-detached,175,85,32,53,90,84,6
S01013184,Whole house or bungalow: Terraced (including end-terrace),21,11,0,11,10,10,0
S01013184,Flat maisonette or apartment or mobile/temporary accommodation,370,79,17,62,291,260,31
S01013185,All people in households,810,442,118,324,368,333,35
S01013185,Whole house or bungalow: Total,475,344,98,246,131,103,28
S01013185,Whole house or bungalow: Detached,27,15,4,11,12,4,8
S01013185,Whole house or bungalow: Semi-detached,354,267,71,196,87,74,13
S01013185,Whole house or bungalow: Terraced (including end-terrace),94,62,23,39,32,25,7
S01013185,Flat maisonette or apartment or mobile/temporary accommodation,335,98,20,78,237,230,7
S01013186,All people in households,673,304,75,229,369,348,21
S01013186,Whole house or bungalow: Total,361,261,69,192,100,94,6
S01013186,Whole house or bungalow: Detached,4,4,0,4,0,0,0
S01013186,Whole house or bungalow: Semi-detached,225,162,42,120,63,57,6
S01013186,Whole house or bungalow: Terraced (including end-terrace),132,95,27,68,37,37,0
S01013186,Flat maisonette or apartment or mobile/temporary accommodation,312,43,6,37,269,254,15
S01013187,All people in households,825,428,117,311,397,363,34
S01013187,Whole house or bungalow: Total,491,372,107,265,119,89,30
S01013187,Whole house or bungalow: Detached,90,87,31,56,3,2,1
S01013187,Whole house or bungalow: Semi-detached,164,110,28,82,54,48,6
S01013187,Whole house or bungalow: Terraced (including end-terrace),237,175,48,127,62,39,23
S01013187,Flat maisonette or apartment or mobile/temporary accommodation,334,56,10,46,278,274,4
S01013188,All people in households,885,704,234,470,181,142,39
S01013188,Whole house or bungalow: Total,727,631,209,422,96,77,19
S01013188,Whole house or bungalow: Detached,60,58,11,47,2,0,2
S01013188,Whole house or bungalow: Semi-detached,411,367,145,222,44,37,7
S01013188,Whole house or bungalow: Terraced (including end-terrace),256,206,53,153,50,40,10
S01013188,Flat maisonette or apartment or mobile/temporary accommodation,158,73,25,48,85,65,20
S01013189,All people in households,618,543,191,352,75,59,16
S01013189,Whole house or bungalow: Total,567,513,180,333,54,46,8
S01013189,Whole house or bungalow: Detached,101,100,22,78,1,0,1
S01013189,Whole house or bungalow: Semi-detached,322,284,108,176,38,33,5
S01013189,Whole house or bungalow: Terraced (including end-terrace),144,129,50,79,15,13,2
S01013189,Flat maisonette or apartment or mobile/temporary accommodation,51,30,11,19,21,13,8
S01013190,All people in households,805,537,111,426,268,226,42
S01013190,Whole house or bungalow: Total,403,361,66,295,42,42,0
S01013190,Whole house or bungalow: Detached,179,179,14,165,0,0,0
S01013190,Whole house or bungalow: Semi-detached,185,158,34,124,27,27,0
S01013190,Whole house or bungalow: Terraced (including end-terrace),39,24,18,6,15,15,0
S01013190,Flat maisonette or apartment or mobile/temporary accommodation,402,176,45,131,226,184,42
S01013191,All people in households,1055,1019,287,732,36,11,25
S01013191,Whole house or bungalow: Total,978,952,252,700,26,7,19
S01013191,Whole house or bungalow: Detached,335,330,53,277,5,1,4
S01013191,Whole house or bungalow: Semi-detached,404,394,125,269,10,4,6
S01013191,Whole house or bungalow: Terraced (including end-terrace),239,228,74,154,11,2,9
S01013191,Flat maisonette or apartment or mobile/temporary accommodation,77,67,35,32,10,4,6
S01013192,All people in households,895,731,269,462,164,90,74
S01013192,Whole house or bungalow: Total,494,461,173,288,33,19,14
S01013192,Whole house or bungalow: Detached,108,99,21,78,9,0,9
S01013192,Whole house or bungalow: Semi-detached,169,161,71,90,8,6,2
S01013192,Whole house or bungalow: Terraced (including end-terrace),217,201,81,120,16,13,3
S01013192,Flat maisonette or apartment or mobile/temporary accommodation,401,270,96,174,131,71,60
S01013193,All people in households,649,506,145,361,143,42,101
S01013193,Whole house or bungalow: Total,229,217,60,157,12,0,12
S01013193,Whole house or bungalow: Detached,62,62,9,53,0,0,0
S01013193,Whole house or bungalow: Semi-detached,123,114,36,78,9,0,9
S01013193,Whole house or bungalow: Terraced (including end-terrace),44,41,15,26,3,0,3
S01013193,Flat maisonette or apartment or mobile/temporary accommodation,420,289,85,204,131,42,89
S01013194,All people in households,568,397,117,280,171,39,132
S01013194,Whole house or bungalow: Total,177,168,68,100,9,3,6
S01013194,Whole house or bungalow: Detached,22,22,2,20,0,0,0
S01013194,Whole house or bungalow: Semi-detached,56,53,26,27,3,3,0
S01013194,Whole house or bungalow: Terraced (including end-terrace),99,93,40,53,6,0,6
S01013194,Flat maisonette or apartment or mobile/temporary accommodation,391,229,49,180,162,36,126
S01013195,All people in households,977,561,132,429,416,182,234
S01013195,Whole house or bungalow: Total,241,224,36,188,17,10,7
S01013195,Whole house or bungalow: Detached,141,138,21,117,3,0,3
S01013195,Whole house or bungalow: Semi-detached,74,67,13,54,7,3,4
S01013195,Whole house or bungalow: Terraced (including end-terrace),26,19,2,17,7,7,0
S01013195,Flat maisonette or apartment or mobile/temporary accommodation,736,337,96,241,399,172,227
S01013196,All people in households,626,477,141,336,149,27,122
S01013196,Whole house or bungalow: Total,151,142,44,98,9,4,5
S01013196,Whole house or bungalow: Detached,19,19,4,15,0,0,0
S01013196,Whole house or bungalow: Semi-detached,60,52,20,32,8,3,5
S01013196,Whole house or bungalow: Terraced (including end-terrace),72,71,20,51,1,1,0
S01013196,Flat maisonette or apartment or mobile/temporary accommodation,475,335,97,238,140,23,117
S01013197,All people in households,555,452,187,265,103,58,45
S01013197,Whole house or bungalow: Total,380,340,152,188,40,34,6
S01013197,Whole house or bungalow: Detached,126,120,61,59,6,0,6
S01013197,Whole house or bungalow: Semi-detached,151,145,50,95,6,6,0
S01013197,Whole house or bungalow: Terraced (including end-terrace),103,75,41,34,28,28,0
S01013197,Flat maisonette or apartment or mobile/temporary accommodation,175,112,35,77,63,24,39
S01013198,All people in households,768,472,187,285,296,234,62
S01013198,Whole house or bungalow: Total,435,313,145,168,122,104,18
S01013198,Whole house or bungalow: Detached,51,49,22,27,2,2,0
S01013198,Whole house or bungalow: Semi-detached,310,225,105,120,85,72,13
S01013198,Whole house or bungalow: Terraced (including end-terrace),74,39,18,21,35,30,5
S01013198,Flat maisonette or apartment or mobile/temporary accommodation,333,159,42,117,174,130,44
S01013199,All people in households,897,570,213,357,327,242,85
S01013199,Whole house or bungalow: Total,394,359,118,241,35,15,20
S01013199,Whole house or bungalow: Detached,197,178,71,107,19,3,16
S01013199,Whole house or bungalow: Semi-detached,86,80,18,62,6,6,0
S01013199,Whole house or bungalow: Terraced (including end-terrace),111,101,29,72,10,6,4
S01013199,Flat maisonette or apartment or mobile/temporary accommodation,503,211,95,116,292,227,65
S01013200,All people in households,695,415,166,249,280,245,35
S01013200,Whole house or bungalow: Total,379,316,124,192,63,52,11
S01013200,Whole house or bungalow: Detached,144,137,37,100,7,3,4
S01013200,Whole house or bungalow: Semi-detached,171,150,74,76,21,15,6
S01013200,Whole house or bungalow: Terraced (including end-terrace),64,29,13,16,35,34,1
S01013200,Flat maisonette or apartment or mobile/temporary accommodation,316,99,42,57,217,193,24
S01013201,All people in households,741,242,68,174,499,492,7
S01013201,Whole house or bungalow: Total,329,187,50,137,142,137,5
S01013201,Whole house or bungalow: Detached,29,29,13,16,0,0,0
S01013201,Whole house or bungalow: Semi-detached,149,83,23,60,66,62,4
S01013201,Whole house or bungalow: Terraced (including end-terrace),151,75,14,61,76,75,1
S01013201,Flat maisonette or apartment or mobile/temporary accommodation,412,55,18,37,357,355,2
S01013202,All people in households,552,275,107,168,277,255,22
S01013202,Whole house or bungalow: Total,344,248,94,154,96,87,9
S01013202,Whole house or bungalow: Detached,85,73,29,44,12,9,3
S01013202,Whole house or bungalow: Semi-detached,152,108,39,69,44,44,0
S01013202,Whole house or bungalow: Terraced (including end-terrace),107,67,26,41,40,34,6
S01013202,Flat maisonette or apartment or mobile/temporary accommodation,208,27,13,14,181,168,13
S01013203,All people in households,717,392,126,266,325,294,31
S01013203,Whole house or bungalow: Total,525,377,123,254,148,126,22
S01013203,Whole house or bungalow: Detached,44,37,22,15,7,1,6
S01013203,Whole house or bungalow: Semi-detached,122,105,21,84,17,17,0
S01013203,Whole house or bungalow: Terraced (including end-terrace),359,235,80,155,124,108,16
S01013203,Flat maisonette or apartment or mobile/temporary accommodation,192,15,3,12,177,168,9
S01013204,All people in households,793,651,132,519,142,78,64
S01013204,Whole house or bungalow: Total,723,609,121,488,114,60,54
S01013204,Whole house or bungalow: Detached,184,167,29,138,17,2,15
S01013204,Whole house or bungalow: Semi-detached,340,306,43,263,34,12,22
S01013204,Whole house or bungalow: Terraced (including end-terrace),199,136,49,87,63,46,17
S01013204,Flat maisonette or apartment or mobile/temporary accommodation,70,42,11,31,28,18,10
S01013205,All people in households,629,239,57,182,390,369,21
S01013205,Whole house or bungalow: Total,553,235,55,180,318,299,19
S01013205,Whole house or bungalow: Detached,7,2,0,2,5,5,0
S01013205,Whole house or bungalow: Semi-detached,281,119,31,88,162,155,7
S01013205,Whole house or bungalow: Terraced (including end-terrace),265,114,24,90,151,139,12
S01013205,Flat maisonette or apartment or mobile/temporary accommodation,76,4,2,2,72,70,2
S01013206,All people in households,627,319,103,216,308,268,40
S01013206,Whole house or bungalow: Total,485,290,88,202,195,173,22
S01013206,Whole house or bungalow: Detached,7,3,0,3,4,4,0
S01013206,Whole house or bungalow: Semi-detached,266,155,43,112,111,104,7
S01013206,Whole house or bungalow: Terraced (including end-terrace),212,132,45,87,80,65,15
S01013206,Flat maisonette or apartment or mobile/temporary accommodation,142,29,15,14,113,95,18
S01013207,All people in households,766,437,158,279,329,271,58
S01013207,Whole house or bungalow: Total,427,296,106,190,131,116,15
S01013207,Whole house or bungalow: Detached,132,122,45,77,10,4,6
S01013207,Whole house or bungalow: Semi-detached,174,96,31,65,78,75,3
S01013207,Whole house or bungalow: Terraced (including end-terrace),121,78,30,48,43,37,6
S01013207,Flat maisonette or apartment or mobile/temporary accommodation,339,141,52,89,198,155,43
S01013208,All people in households,919,394,101,293,525,474,51
S01013208,Whole house or bungalow: Total,617,330,79,251,287,266,21
S01013208,Whole house or bungalow: Detached,45,28,9,19,17,17,0
S01013208,Whole house or bungalow: Semi-detached,305,171,37,134,134,129,5
S01013208,Whole house or bungalow: Terraced (including end-terrace),267,131,33,98,136,120,16
S01013208,Flat maisonette or apartment or mobile/temporary accommodation,302,64,22,42,238,208,30
S01013209,All people in households,819,520,176,344,299,194,105
S01013209,Whole house or bungalow: Total,239,206,73,133,33,23,10
S01013209,Whole house or bungalow: Detached,60,54,18,36,6,6,0
S01013209,Whole house or bungalow: Semi-detached,112,105,40,65,7,4,3
S01013209,Whole house or bungalow: Terraced (including end-terrace),67,47,15,32,20,13,7
S01013209,Flat maisonette or apartment or mobile/temporary accommodation,580,314,103,211,266,171,95
S01013210,All people in households,588,536,225,311,52,15,37
S01013210,Whole house or bungalow: Total,417,400,171,229,17,8,9
S01013210,Whole house or bungalow: Detached,133,133,61,72,0,0,0
S01013210,Whole house or bungalow: Semi-detached,208,197,76,121,11,4,7
S01013210,Whole house or bungalow: Terraced (including end-terrace),76,70,34,36,6,4,2
S01013210,Flat maisonette or apartment or mobile/temporary accommodation,171,136,54,82,35,7,28
S01013211,All people in households,859,665,179,486,194,146,48
S01013211,Whole house or bungalow: Total,549,499,129,370,50,29,21
S01013211,Whole house or bungalow: Detached,140,135,37,98,5,0,5
S01013211,Whole house or bungalow: Semi-detached,221,215,63,152,6,0,6
S01013211,Whole house or bungalow: Terraced (including end-terrace),188,149,29,120,39,29,10
S01013211,Flat maisonette or apartment or mobile/temporary accommodation,310,166,50,116,144,117,27
S01013212,All people in households,590,558,105,453,32,11,21
S01013212,Whole house or bungalow: Total,579,549,105,444,30,9,21
S01013212,Whole house or bungalow: Detached,390,376,71,305,14,2,12
S01013212,Whole house or bungalow: Semi-detached,161,149,34,115,12,3,9
S01013212,Whole house or bungalow: Terraced (including end-terrace),28,24,0,24,4,4,0
S01013212,Flat maisonette or apartment or mobile/temporary accommodation,11,9,0,9,2,2,0
S01013213,All people in households,555,527,144,383,28,8,20
S01013213,Whole house or bungalow: Total,543,520,142,378,23,6,17
S01013213,Whole house or bungalow: Detached,305,296,84,212,9,0,9
S01013213,Whole house or bungalow: Semi-detached,143,139,36,103,4,4,0
S01013213,Whole house or bungalow: Terraced (including end-terrace),95,85,22,63,10,2,8
S01013213,Flat maisonette or apartment or mobile/temporary accommodation,12,7,2,5,5,2,3
S01013214,All people in households,438,421,69,352,17,4,13
S01013214,Whole house or bungalow: Total,431,418,69,349,13,0,13
S01013214,Whole house or bungalow: Detached,138,130,40,90,8,0,8
S01013214,Whole house or bungalow: Semi-detached,278,273,28,245,5,0,5
S01013214,Whole house or bungalow: Terraced (including end-terrace),15,15,1,14,0,0,0
S01013214,Flat maisonette or apartment or mobile/temporary accommodation,7,3,0,3,4,4,0
S01013215,All people in households,762,543,106,437,219,131,88
S01013215,Whole house or bungalow: Total,506,372,77,295,134,106,28
S01013215,Whole house or bungalow: Detached,65,59,14,45,6,3,3
S01013215,Whole house or bungalow: Semi-detached,284,238,56,182,46,28,18
S01013215,Whole house or bungalow: Terraced (including end-terrace),157,75,7,68,82,75,7
S01013215,Flat maisonette or apartment or mobile/temporary accommodation,256,171,29,142,85,25,60
S01013216,All people in households,579,312,61,251,267,224,43
S01013216,Whole house or bungalow: Total,506,279,54,225,227,189,38
S01013216,Whole house or bungalow: Detached,19,7,3,4,12,12,0
S01013216,Whole house or bungalow: Semi-detached,74,23,4,19,51,47,4
S01013216,Whole house or bungalow: Terraced (including end-terrace),413,249,47,202,164,130,34
S01013216,Flat maisonette or apartment or mobile/temporary accommodation,73,33,7,26,40,35,5
S01013217,All people in households,676,448,124,324,228,189,39
S01013217,Whole house or bungalow: Total,620,427,119,308,193,160,33
S01013217,Whole house or bungalow: Detached,26,16,5,11,10,7,3
S01013217,Whole house or bungalow: Semi-detached,149,102,17,85,47,37,10
S01013217,Whole house or bungalow: Terraced (including end-terrace),445,309,97,212,136,116,20
S01013217,Flat maisonette or apartment or mobile/temporary accommodation,56,21,5,16,35,29,6
S01013218,All people in households,609,223,38,185,386,327,59
S01013218,Whole house or bungalow: Total,570,213,37,176,357,301,56
S01013218,Whole house or bungalow: Detached,21,14,0,14,7,7,0
S01013218,Whole house or bungalow: Semi-detached,62,15,1,14,47,47,0
S01013218,Whole house or bungalow: Terraced (including end-terrace),487,184,36,148,303,247,56
S01013218,Flat maisonette or apartment or mobile/temporary accommodation,39,10,1,9,29,26,3
S01013219,All people in households,527,228,80,148,299,268,31
S01013219,Whole house or bungalow: Total,508,218,74,144,290,261,29
S01013219,Whole house or bungalow: Detached,5,0,0,0,5,5,0
S01013219,Whole house or bungalow: Semi-detached,44,12,3,9,32,32,0
S01013219,Whole house or bungalow: Terraced (including end-terrace),459,206,71,135,253,224,29
S01013219,Flat maisonette or apartment or mobile/temporary accommodation,19,10,6,4,9,7,2
S01013220,All people in households,696,372,117,255,324,276,48
S01013220,Whole house or bungalow: Total,510,336,92,244,174,135,39
S01013220,Whole house or bungalow: Detached,16,16,4,12,0,0,0
S01013220,Whole house or bungalow: Semi-detached,45,30,9,21,15,8,7
S01013220,Whole house or bungalow: Terraced (including end-terrace),449,290,79,211,159,127,32
S01013220,Flat maisonette or apartment or mobile/temporary accommodation,186,36,25,11,150,141,9
S01013221,All people in households,907,464,157,307,443,392,51
S01013221,Whole house or bungalow: Total,790,461,155,306,329,284,45
S01013221,Whole house or bungalow: Detached,81,76,46,30,5,0,5
S01013221,Whole house or bungalow: Semi-detached,249,79,15,64,170,160,10
S01013221,Whole house or bungalow: Terraced (including end-terrace),460,306,94,212,154,124,30
S01013221,Flat maisonette or apartment or mobile/temporary accommodation,117,3,2,1,114,108,6
S01013222,All people in households,595,204,46,158,391,361,30
S01013222,Whole house or bungalow: Total,374,141,29,112,233,227,6
S01013222,Whole house or bungalow: Detached,34,20,9,11,14,14,0
S01013222,Whole house or bungalow: Semi-detached,164,56,10,46,108,104,4
S01013222,Whole house or bungalow: Terraced (including end-terrace),176,65,10,55,111,109,2
S01013222,Flat maisonette or apartment or mobile/temporary accommodation,221,63,17,46,158,134,24
S01013223,All people in households,1113,580,154,426,533,400,133
S01013223,Whole house or bungalow: Total,397,323,84,239,74,48,26
S01013223,Whole house or bungalow: Detached,116,108,32,76,8,5,3
S01013223,Whole house or bungalow: Semi-detached,159,128,18,110,31,18,13
S01013223,Whole house or bungalow: Terraced (including end-terrace),122,87,34,53,35,25,10
S01013223,Flat maisonette or apartment or mobile/temporary accommodation,716,257,70,187,459,352,107
S01013224,All people in households,814,507,142,365,307,277,30
S01013224,Whole house or bungalow: Total,520,350,84,266,170,151,19
S01013224,Whole house or bungalow: Detached,101,90,28,62,11,10,1
S01013224,Whole house or bungalow: Semi-detached,176,99,21,78,77,72,5
S01013224,Whole house or bungalow: Terraced (including end-terrace),243,161,35,126,82,69,13
S01013224,Flat maisonette or apartment or mobile/temporary accommodation,294,157,58,99,137,126,11
S01013225,All people in households,812,367,97,270,445,419,26
S01013225,Whole house or bungalow: Total,558,315,76,239,243,221,22
S01013225,Whole house or bungalow: Detached,147,139,19,120,8,2,6
S01013225,Whole house or bungalow: Semi-detached,280,121,39,82,159,151,8
S01013225,Whole house or bungalow: Terraced (including end-terrace),131,55,18,37,76,68,8
S01013225,Flat maisonette or apartment or mobile/temporary accommodation,254,52,21,31,202,198,4
S01013226,All people in households,512,406,94,312,106,70,36
S01013226,Whole house or bungalow: Total,402,338,73,265,64,53,11
S01013226,Whole house or bungalow: Detached,132,125,29,96,7,5,2
S01013226,Whole house or bungalow: Semi-detached,192,147,26,121,45,36,9
S01013226,Whole house or bungalow: Terraced (including end-terrace),78,66,18,48,12,12,0
S01013226,Flat maisonette or apartment or mobile/temporary accommodation,110,68,21,47,42,17,25
S01013227,All people in households,703,307,96,211,396,374,22
S01013227,Whole house or bungalow: Total,404,283,86,197,121,106,15
S01013227,Whole house or bungalow: Detached,88,83,31,52,5,2,3
S01013227,Whole house or bungalow: Semi-detached,178,132,28,104,46,41,5
S01013227,Whole house or bungalow: Terraced (including end-terrace),138,68,27,41,70,63,7
S01013227,Flat maisonette or apartment or mobile/temporary accommodation,299,24,10,14,275,268,7
S01013228,All people in households,693,415,116,299,278,133,145
S01013228,Whole house or bungalow: Total,132,96,35,61,36,17,19
S01013228,Whole house or bungalow: Detached,14,9,6,3,5,2,3
S01013228,Whole house or bungalow: Semi-detached,51,33,5,28,18,12,6
S01013228,Whole house or bungalow: Terraced (including end-terrace),67,54,24,30,13,3,10
S01013228,Flat maisonette or apartment or mobile/temporary accommodation,561,319,81,238,242,116,126
S01013229,All people in households,772,431,116,315,341,289,52
S01013229,Whole house or bungalow: Total,561,397,105,292,164,128,36
S01013229,Whole house or bungalow: Detached,21,11,3,8,10,7,3
S01013229,Whole house or bungalow: Semi-detached,149,102,29,73,47,46,1
S01013229,Whole house or bungalow: Terraced (including end-terrace),391,284,73,211,107,75,32
S01013229,Flat maisonette or apartment or mobile/temporary accommodation,211,34,11,23,177,161,16
S01013230,All people in households,654,422,165,257,232,181,51
S01013230,Whole house or bungalow: Total,527,381,144,237,146,113,33
S01013230,Whole house or bungalow: Detached,37,34,9,25,3,1,2
S01013230,Whole house or bungalow: Semi-detached,171,123,49,74,48,43,5
S01013230,Whole house or bungalow: Terraced (including end-terrace),319,224,86,138,95,69,26
S01013230,Flat maisonette or apartment or mobile/temporary accommodation,127,41,21,20,86,68,18
S01013231,All people in households,732,444,122,322,288,242,46
S01013231,Whole house or bungalow: Total,465,388,98,290,77,61,16
S01013231,Whole house or bungalow: Detached,25,23,3,20,2,2,0
S01013231,Whole house or bungalow: Semi-detached,175,147,27,120,28,20,8
S01013231,Whole house or bungalow: Terraced (including end-terrace),265,218,68,150,47,39,8
S01013231,Flat maisonette or apartment or mobile/temporary accommodation,267,56,24,32,211,181,30
S01013232,All people in households,691,424,186,238,267,211,56
S01013232,Whole house or bungalow: Total,433,310,139,171,123,99,24
S01013232,Whole house or bungalow: Detached,14,11,0,11,3,2,1
S01013232,Whole house or bungalow: Semi-detached,351,254,128,126,97,74,23
S01013232,Whole house or bungalow: Terraced (including end-terrace),68,45,11,34,23,23,0
S01013232,Flat maisonette or apartment or mobile/temporary accommodation,258,114,47,67,144,112,32
S01013233,All people in households,579,433,190,243,146,97,49
S01013233,Whole house or bungalow: Total,429,376,162,214,53,33,20
S01013233,Whole house or bungalow: Detached,29,29,20,9,0,0,0
S01013233,Whole house or bungalow: Semi-detached,262,232,101,131,30,17,13
S01013233,Whole house or bungalow: Terraced (including end-terrace),138,115,41,74,23,16,7
S01013233,Flat maisonette or apartment or mobile/temporary accommodation,150,57,28,29,93,64,29
S01013234,All people in households,383,350,99,251,33,22,11
S01013234,Whole house or bungalow: Total,365,347,97,250,18,12,6
S01013234,Whole house or bungalow: Detached,313,306,92,214,7,1,6
S01013234,Whole house or bungalow: Semi-detached,48,37,5,32,11,11,0
S01013234,Whole house or bungalow: Terraced (including end-terrace),4,4,0,4,0,0,0
S01013234,Flat maisonette or apartment or mobile/temporary accommodation,18,3,2,1,15,10,5
S01013235,All people in households,751,585,217,368,166,98,68
S01013235,Whole house or bungalow: Total,566,482,176,306,84,64,20
S01013235,Whole house or bungalow: Detached,102,97,37,60,5,1,4
S01013235,Whole house or bungalow: Semi-detached,126,109,47,62,17,11,6
S01013235,Whole house or bungalow: Terraced (including end-terrace),338,276,92,184,62,52,10
S01013235,Flat maisonette or apartment or mobile/temporary accommodation,185,103,41,62,82,34,48
S01013236,All people in households,864,751,374,377,113,91,22
S01013236,Whole house or bungalow: Total,712,688,351,337,24,15,9
S01013236,Whole house or bungalow: Detached,227,222,117,105,5,3,2
S01013236,Whole house or bungalow: Semi-detached,453,438,224,214,15,8,7
S01013236,Whole house or bungalow: Terraced (including end-terrace),32,28,10,18,4,4,0
S01013236,Flat maisonette or apartment or mobile/temporary accommodation,152,63,23,40,89,76,13
S01013237,All people in households,813,649,130,519,164,108,56
S01013237,Whole house or bungalow: Total,599,532,101,431,67,44,23
S01013237,Whole house or bungalow: Detached,214,206,45,161,8,4,4
S01013237,Whole house or bungalow: Semi-detached,179,163,22,141,16,10,6
S01013237,Whole house or bungalow: Terraced (including end-terrace),206,163,34,129,43,30,13
S01013237,Flat maisonette or apartment or mobile/temporary accommodation,214,117,29,88,97,64,33
S01013238,All people in households,767,288,101,187,479,433,46
S01013238,Whole house or bungalow: Total,580,255,87,168,325,291,34
S01013238,Whole house or bungalow: Detached,44,25,11,14,19,19,0
S01013238,Whole house or bungalow: Semi-detached,316,103,38,65,213,194,19
S01013238,Whole house or bungalow: Terraced (including end-terrace),220,127,38,89,93,78,15
S01013238,Flat maisonette or apartment or mobile/temporary accommodation,187,33,14,19,154,142,12
S01013239,All people in households,885,375,117,258,510,475,35
S01013239,Whole house or bungalow: Total,718,368,117,251,350,325,25
S01013239,Whole house or bungalow: Detached,35,30,7,23,5,4,1
S01013239,Whole house or bungalow: Semi-detached,482,250,68,182,232,219,13
S01013239,Whole house or bungalow: Terraced (including end-terrace),201,88,42,46,113,102,11
S01013239,Flat maisonette or apartment or mobile/temporary accommodation,167,7,0,7,160,150,10
S01013240,All people in households,534,167,57,110,367,343,24
S01013240,Whole house or bungalow: Total,345,158,56,102,187,165,22
S01013240,Whole house or bungalow: Detached,8,6,4,2,2,0,2
S01013240,Whole house or bungalow: Semi-detached,197,88,25,63,109,107,2
S01013240,Whole house or bungalow: Terraced (including end-terrace),140,64,27,37,76,58,18
S01013240,Flat maisonette or apartment or mobile/temporary accommodation,189,9,1,8,180,178,2
S01013241,All people in households,809,769,347,422,40,17,23
S01013241,Whole house or bungalow: Total,795,757,341,416,38,15,23
S01013241,Whole house or bungalow: Detached,213,200,124,76,13,4,9
S01013241,Whole house or bungalow: Semi-detached,507,485,189,296,22,9,13
S01013241,Whole house or bungalow: Terraced (including end-terrace),75,72,28,44,3,2,1
S01013241,Flat maisonette or apartment or mobile/temporary accommodation,14,12,6,6,2,2,0
S01013242,All people in households,590,496,216,280,94,41,53
S01013242,Whole house or bungalow: Total,548,471,207,264,77,26,51
S01013242,Whole house or bungalow: Detached,423,376,175,201,47,9,38
S01013242,Whole house or bungalow: Semi-detached,79,59,23,36,20,11,9
S01013242,Whole house or bungalow: Terraced (including end-terrace),46,36,9,27,10,6,4
S01013242,Flat maisonette or apartment or mobile/temporary accommodation,42,25,9,16,17,15,2
S01013243,All people in households,735,410,180,230,325,261,64
S01013243,Whole house or bungalow: Total,558,396,172,224,162,118,44
S01013243,Whole house or bungalow: Detached,164,129,61,68,35,6,29
S01013243,Whole house or bungalow: Semi-detached,113,73,23,50,40,37,3
S01013243,Whole house or bungalow: Terraced (including end-terrace),281,194,88,106,87,75,12
S01013243,Flat maisonette or apartment or mobile/temporary accommodation,177,14,8,6,163,143,20
S01013244,All people in households,752,402,128,274,350,269,81
S01013244,Whole house or bungalow: Total,642,394,127,267,248,189,59
S01013244,Whole house or bungalow: Detached,104,92,29,63,12,7,5
S01013244,Whole house or bungalow: Semi-detached,393,236,77,159,157,119,38
S01013244,Whole house or bungalow: Terraced (including end-terrace),145,66,21,45,79,63,16
S01013244,Flat maisonette or apartment or mobile/temporary accommodation,110,8,1,7,102,80,22
S01013245,All people in households,1009,744,225,519,265,171,94
S01013245,Whole house or bungalow: Total,895,712,217,495,183,99,84
S01013245,Whole house or bungalow: Detached,435,379,115,264,56,14,42
S01013245,Whole house or bungalow: Semi-detached,190,125,51,74,65,32,33
S01013245,Whole house or bungalow: Terraced (including end-terrace),270,208,51,157,62,53,9
S01013245,Flat maisonette or apartment or mobile/temporary accommodation,114,32,8,24,82,72,10
S01013246,All people in households,467,339,58,281,128,93,35
S01013246,Whole house or bungalow: Total,442,333,58,275,109,83,26
S01013246,Whole house or bungalow: Detached,123,111,17,94,12,6,6
S01013246,Whole house or bungalow: Semi-detached,198,153,27,126,45,34,11
S01013246,Whole house or bungalow: Terraced (including end-terrace),121,69,14,55,52,43,9
S01013246,Flat maisonette or apartment or mobile/temporary accommodation,25,6,0,6,19,10,9
S01013247,All people in households,741,380,107,273,361,271,90
S01013247,Whole house or bungalow: Total,376,274,76,198,102,50,52
S01013247,Whole house or bungalow: Detached,63,62,29,33,1,0,1
S01013247,Whole house or bungalow: Semi-detached,217,153,35,118,64,17,47
S01013247,Whole house or bungalow: Terraced (including end-terrace),96,59,12,47,37,33,4
S01013247,Flat maisonette or apartment or mobile/temporary accommodation,365,106,31,75,259,221,38
S01013248,All people in households,629,268,101,167,361,296,65
S01013248,Whole house or bungalow: Total,423,242,90,152,181,122,59
S01013248,Whole house or bungalow: Detached,27,19,8,11,8,4,4
S01013248,Whole house or bungalow: Semi-detached,187,115,36,79,72,48,24
S01013248,Whole house or bungalow: Terraced (including end-terrace),209,108,46,62,101,70,31
S01013248,Flat maisonette or apartment or mobile/temporary accommodation,206,26,11,15,180,174,6
S01013249,All people in households,460,331,96,235,129,99,30
S01013249,Whole house or bungalow: Total,440,326,96,230,114,89,25
S01013249,Whole house or bungalow: Detached,115,102,22,80,13,9,4
S01013249,Whole house or bungalow: Semi-detached,180,136,29,107,44,33,11
S01013249,Whole house or bungalow: Terraced (including end-terrace),145,88,45,43,57,47,10
S01013249,Flat maisonette or apartment or mobile/temporary accommodation,20,5,0,5,15,10,5
S01013250,All people in households,864,576,221,355,288,184,104
S01013250,Whole house or bungalow: Total,747,553,213,340,194,110,84
S01013250,Whole house or bungalow: Detached,468,405,182,223,63,2,61
S01013250,Whole house or bungalow: Semi-detached,147,88,23,65,59,40,19
S01013250,Whole house or bungalow: Terraced (including end-terrace),132,60,8,52,72,68,4
S01013250,Flat maisonette or apartment or mobile/temporary accommodation,117,23,8,15,94,74,20
S01013251,All people in households,780,231,65,166,549,471,78
S01013251,Whole house or bungalow: Total,388,187,54,133,201,153,48
S01013251,Whole house or bungalow: Detached,92,67,9,58,25,0,25
S01013251,Whole house or bungalow: Semi-detached,107,35,11,24,72,66,6
S01013251,Whole house or bungalow: Terraced (including end-terrace),189,85,34,51,104,87,17
S01013251,Flat maisonette or apartment or mobile/temporary accommodation,392,44,11,33,348,318,30
S01013252,All people in households,680,420,117,303,260,222,38
S01013252,Whole house or bungalow: Total,572,401,112,289,171,139,32
S01013252,Whole house or bungalow: Detached,128,116,42,74,12,8,4
S01013252,Whole house or bungalow: Semi-detached,254,180,53,127,74,53,21
S01013252,Whole house or bungalow: Terraced (including end-terrace),190,105,17,88,85,78,7
S01013252,Flat maisonette or apartment or mobile/temporary accommodation,108,19,5,14,89,83,6
S01013253,All people in households,708,462,136,326,246,163,83
S01013253,Whole house or bungalow: Total,626,435,134,301,191,135,56
S01013253,Whole house or bungalow: Detached,143,130,35,95,13,6,7
S01013253,Whole house or bungalow: Semi-detached,258,189,68,121,69,45,24
S01013253,Whole house or bungalow: Terraced (including end-terrace),225,116,31,85,109,84,25
S01013253,Flat maisonette or apartment or mobile/temporary accommodation,82,27,2,25,55,28,27
S01013254,All people in households,633,268,57,211,365,333,32
S01013254,Whole house or bungalow: Total,420,242,47,195,178,159,19
S01013254,Whole house or bungalow: Detached,48,43,3,40,5,5,0
S01013254,Whole house or bungalow: Semi-detached,208,128,20,108,80,76,4
S01013254,Whole house or bungalow: Terraced (including end-terrace),164,71,24,47,93,78,15
S01013254,Flat maisonette or apartment or mobile/temporary accommodation,213,26,10,16,187,174,13
S01013255,All people in households,840,544,217,327,296,263,33
S01013255,Whole house or bungalow: Total,756,480,170,310,276,247,29
S01013255,Whole house or bungalow: Detached,260,250,90,160,10,2,8
S01013255,Whole house or bungalow: Semi-detached,346,153,54,99,193,182,11
S01013255,Whole house or bungalow: Terraced (including end-terrace),150,77,26,51,73,63,10
S01013255,Flat maisonette or apartment or mobile/temporary accommodation,84,64,47,17,20,16,4
S01013256,All people in households,710,493,118,375,217,116,101
S01013256,Whole house or bungalow: Total,485,430,94,336,55,20,35
S01013256,Whole house or bungalow: Detached,343,323,55,268,20,1,19
S01013256,Whole house or bungalow: Semi-detached,45,35,11,24,10,6,4
S01013256,Whole house or bungalow: Terraced (including end-terrace),97,72,28,44,25,13,12
S01013256,Flat maisonette or apartment or mobile/temporary accommodation,225,63,24,39,162,96,66
S01013257,All people in households,803,489,209,280,314,239,75
S01013257,Whole house or bungalow: Total,484,402,180,222,82,50,32
S01013257,Whole house or bungalow: Detached,166,155,94,61,11,0,11
S01013257,Whole house or bungalow: Semi-detached,106,79,27,52,27,16,11
S01013257,Whole house or bungalow: Terraced (including end-terrace),212,168,59,109,44,34,10
S01013257,Flat maisonette or apartment or mobile/temporary accommodation,319,87,29,58,232,189,43
S01013258,All people in households,759,627,238,389,132,87,45
S01013258,Whole house or bungalow: Total,707,602,233,369,105,70,35
S01013258,Whole house or bungalow: Detached,295,251,85,166,44,28,16
S01013258,Whole house or bungalow: Semi-detached,316,274,119,155,42,29,13
S01013258,Whole house or bungalow: Terraced (including end-terrace),96,77,29,48,19,13,6
S01013258,Flat maisonette or apartment or mobile/temporary accommodation,52,25,5,20,27,17,10
S01013259,All people in households,841,530,190,340,311,196,115
S01013259,Whole house or bungalow: Total,578,432,153,279,146,77,69
S01013259,Whole house or bungalow: Detached,106,98,44,54,8,4,4
S01013259,Whole house or bungalow: Semi-detached,108,83,28,55,25,11,14
S01013259,Whole house or bungalow: Terraced (including end-terrace),364,251,81,170,113,62,51
S01013259,Flat maisonette or apartment or mobile/temporary accommodation,263,98,37,61,165,119,46
S01013260,All people in households,887,404,118,286,483,408,75
S01013260,Whole house or bungalow: Total,640,376,104,272,264,206,58
S01013260,Whole house or bungalow: Detached,65,54,18,36,11,2,9
S01013260,Whole house or bungalow: Semi-detached,356,219,59,160,137,110,27
S01013260,Whole house or bungalow: Terraced (including end-terrace),219,103,27,76,116,94,22
S01013260,Flat maisonette or apartment or mobile/temporary accommodation,247,28,14,14,219,202,17
S01013261,All people in households,812,433,132,301,379,318,61
S01013261,Whole house or bungalow: Total,735,424,127,297,311,252,59
S01013261,Whole house or bungalow: Detached,50,27,11,16,23,18,5
S01013261,Whole house or bungalow: Semi-detached,179,97,38,59,82,71,11
S01013261,Whole house or bungalow: Terraced (including end-terrace),506,300,78,222,206,163,43
S01013261,Flat maisonette or apartment or mobile/temporary accommodation,77,9,5,4,68,66,2
S01013262,All people in households,642,401,158,243,241,193,48
S01013262,Whole house or bungalow: Total,612,398,157,241,214,173,41
S01013262,Whole house or bungalow: Detached,57,45,8,37,12,6,6
S01013262,Whole house or bungalow: Semi-detached,131,83,36,47,48,39,9
S01013262,Whole house or bungalow: Terraced (including end-terrace),424,270,113,157,154,128,26
S01013262,Flat maisonette or apartment or mobile/temporary accommodation,30,3,1,2,27,20,7
S01013263,All people in households,557,487,175,312,70,6,64
S01013263,Whole house or bungalow: Total,520,463,166,297,57,2,55
S01013263,Whole house or bungalow: Detached,426,400,131,269,26,0,26
S01013263,Whole house or bungalow: Semi-detached,60,35,24,11,25,0,25
S01013263,Whole house or bungalow: Terraced (including end-terrace),34,28,11,17,6,2,4
S01013263,Flat maisonette or apartment or mobile/temporary accommodation,37,24,9,15,13,4,9
S01013264,All people in households,524,502,88,414,22,0,22
S01013264,Whole house or bungalow: Total,524,502,88,414,22,0,22
S01013264,Whole house or bungalow: Detached,512,500,88,412,12,0,12
S01013264,Whole house or bungalow: Semi-detached,10,0,0,0,10,0,10
S01013264,Whole house or bungalow: Terraced (including end-terrace),2,2,0,2,0,0,0
S01013264,Flat maisonette or apartment or mobile/temporary accommodation,0,0,0,0,0,0,0
S01013265,All people in households,675,656,97,559,19,7,12
S01013265,Whole house or bungalow: Total,675,656,97,559,19,7,12
S01013265,Whole house or bungalow: Detached,657,640,95,545,17,5,12
S01013265,Whole house or bungalow: Semi-detached,16,14,0,14,2,2,0
S01013265,Whole house or bungalow: Terraced (including end-terrace),2,2,2,0,0,0,0
S01013265,Flat maisonette or apartment or mobile/temporary accommodation,0,0,0,0,0,0,0
S01013266,All people in households,566,530,99,431,36,1,35
S01013266,Whole house or bungalow: Total,563,528,99,429,35,0,35
S01013266,Whole house or bungalow: Detached,511,478,97,381,33,0,33
S01013266,Whole house or bungalow: Semi-detached,48,46,2,44,2,0,2
S01013266,Whole house or bungalow: Terraced (including end-terrace),4,4,0,4,0,0,0
S01013266,Flat maisonette or apartment or mobile/temporary accommodation,3,2,0,2,1,1,0
S01013267,All people in households,544,294,81,213,250,220,30
S01013267,Whole house or bungalow: Total,530,292,81,211,238,208,30
S01013267,Whole house or bungalow: Detached,28,16,3,13,12,11,1
S01013267,Whole house or bungalow: Semi-detached,292,231,77,154,61,44,17
S01013267,Whole house or bungalow: Terraced (including end-terrace),210,45,1,44,165,153,12
S01013267,Flat maisonette or apartment or mobile/temporary accommodation,14,2,0,2,12,12,0
S01013268,All people in households,839,668,141,527,171,106,65
S01013268,Whole house or bungalow: Total,821,666,141,525,155,92,63
S01013268,Whole house or bungalow: Detached,34,31,8,23,3,3,0
S01013268,Whole house or bungalow: Semi-detached,94,66,11,55,28,16,12
S01013268,Whole house or bungalow: Terraced (including end-terrace),693,569,122,447,124,73,51
S01013268,Flat maisonette or apartment or mobile/temporary accommodation,18,2,0,2,16,14,2
S01013269,All people in households,949,788,194,594,161,23,138
S01013269,Whole house or bungalow: Total,832,756,194,562,76,9,67
S01013269,Whole house or bungalow: Detached,531,492,137,355,39,1,38
S01013269,Whole house or bungalow: Semi-detached,233,219,41,178,14,3,11
S01013269,Whole house or bungalow: Terraced (including end-terrace),68,45,16,29,23,5,18
S01013269,Flat maisonette or apartment or mobile/temporary accommodation,117,32,0,32,85,14,71
S01013270,All people in households,829,803,145,658,26,7,19
S01013270,Whole house or bungalow: Total,829,803,145,658,26,7,19
S01013270,Whole house or bungalow: Detached,744,733,137,596,11,0,11
S01013270,Whole house or bungalow: Semi-detached,74,64,7,57,10,4,6
S01013270,Whole house or bungalow: Terraced (including end-terrace),11,6,1,5,5,3,2
S01013270,Flat maisonette or apartment or mobile/temporary accommodation,0,0,0,0,0,0,0
S01013271,All people in households,597,572,247,325,25,0,25
S01013271,Whole house or bungalow: Total,595,572,247,325,23,0,23
S01013271,Whole house or bungalow: Detached,578,555,246,309,23,0,23
S01013271,Whole house or bungalow: Semi-detached,14,14,1,13,0,0,0
S01013271,Whole house or bungalow: Terraced (including end-terrace),3,3,0,3,0,0,0
S01013271,Flat maisonette or apartment or mobile/temporary accommodation,2,0,0,0,2,0,2
S01013272,All people in households,777,738,164,574,39,15,24
S01013272,Whole house or bungalow: Total,768,735,164,571,33,10,23
S01013272,Whole house or bungalow: Detached,705,690,149,541,15,0,15
S01013272,Whole house or bungalow: Semi-detached,43,31,10,21,12,6,6
S01013272,Whole house or bungalow: Terraced (including end-terrace),20,14,5,9,6,4,2
S01013272,Flat maisonette or apartment or mobile/temporary accommodation,9,3,0,3,6,5,1
S01013273,All people in households,939,898,87,811,41,8,33
S01013273,Whole house or bungalow: Total,939,898,87,811,41,8,33
S01013273,Whole house or bungalow: Detached,803,779,73,706,24,1,23
S01013273,Whole house or bungalow: Semi-detached,117,104,11,93,13,3,10
S01013273,Whole house or bungalow: Terraced (including end-terrace),19,15,3,12,4,4,0
S01013273,Flat maisonette or apartment or mobile/temporary accommodation,0,0,0,0,0,0,0
S01013274,All people in households,793,713,216,497,80,2,78
S01013274,Whole house or bungalow: Total,760,701,213,488,59,0,59
S01013274,Whole house or bungalow: Detached,427,407,164,243,20,0,20
S01013274,Whole house or bungalow: Semi-detached,227,213,39,174,14,0,14
S01013274,Whole house or bungalow: Terraced (including end-terrace),106,81,10,71,25,0,25
S01013274,Flat maisonette or apartment or mobile/temporary accommodation,33,12,3,9,21,2,19
S01013275,All people in households,671,595,183,412,76,2,74
S01013275,Whole house or bungalow: Total,657,592,182,410,65,0,65
S01013275,Whole house or bungalow: Detached,376,358,122,236,18,0,18
S01013275,Whole house or bungalow: Semi-detached,92,79,13,66,13,0,13
S01013275,Whole house or bungalow: Terraced (including end-terrace),189,155,47,108,34,0,34
S01013275,Flat maisonette or apartment or mobile/temporary accommodation,14,3,1,2,11,2,9
S01013276,All people in households,611,550,128,422,61,16,45
S01013276,Whole house or bungalow: Total,595,542,125,417,53,16,37
S01013276,Whole house or bungalow: Detached,281,269,79,190,12,6,6
S01013276,Whole house or bungalow: Semi-detached,247,219,33,186,28,0,28
S01013276,Whole house or bungalow: Terraced (including end-terrace),67,54,13,41,13,10,3
S01013276,Flat maisonette or apartment or mobile/temporary accommodation,16,8,3,5,8,0,8
S01013277,All people in households,889,593,131,462,296,171,125
S01013277,Whole house or bungalow: Total,865,583,129,454,282,165,117
S01013277,Whole house or bungalow: Detached,54,37,3,34,17,7,10
S01013277,Whole house or bungalow: Semi-detached,122,77,20,57,45,27,18
S01013277,Whole house or bungalow: Terraced (including end-terrace),689,469,106,363,220,131,89
S01013277,Flat maisonette or apartment or mobile/temporary accommodation,24,10,2,8,14,6,8
S01013278,All people in households,781,418,96,322,363,251,112
S01013278,Whole house or bungalow: Total,731,412,95,317,319,216,103
S01013278,Whole house or bungalow: Detached,28,24,5,19,4,4,0
S01013278,Whole house or bungalow: Semi-detached,134,56,15,41,78,58,20
S01013278,Whole house or bungalow: Terraced (including end-terrace),569,332,75,257,237,154,83
S01013278,Flat maisonette or apartment or mobile/temporary accommodation,50,6,1,5,44,35,9
S01013279,All people in households,740,300,76,224,440,346,94
S01013279,Whole house or bungalow: Total,574,271,69,202,303,227,76
S01013279,Whole house or bungalow: Detached,36,26,3,23,10,10,0
S01013279,Whole house or bungalow: Semi-detached,98,53,17,36,45,38,7
S01013279,Whole house or bungalow: Terraced (including end-terrace),440,192,49,143,248,179,69
S01013279,Flat maisonette or apartment or mobile/temporary accommodation,166,29,7,22,137,119,18
S01013280,All people in households,585,466,117,349,119,54,65
S01013280,Whole house or bungalow: Total,574,457,117,340,117,52,65
S01013280,Whole house or bungalow: Detached,48,32,4,28,16,7,9
S01013280,Whole house or bungalow: Semi-detached,64,40,10,30,24,11,13
S01013280,Whole house or bungalow: Terraced (including end-terrace),462,385,103,282,77,34,43
S01013280,Flat maisonette or apartment or mobile/temporary accommodation,11,9,0,9,2,2,0
S01013281,All people in households,963,539,110,429,424,255,169
S01013281,Whole house or bungalow: Total,901,530,108,422,371,208,163
S01013281,Whole house or bungalow: Detached,40,25,4,21,15,4,11
S01013281,Whole house or bungalow: Semi-detached,118,49,15,34,69,18,51
S01013281,Whole house or bungalow: Terraced (including end-terrace),743,456,89,367,287,186,101
S01013281,Flat maisonette or apartment or mobile/temporary accommodation,62,9,2,7,53,47,6
S01013282,All people in households,827,342,58,284,485,372,113
S01013282,Whole house or bungalow: Total,657,320,52,268,337,246,91
S01013282,Whole house or bungalow: Detached,34,19,6,13,15,3,12
S01013282,Whole house or bungalow: Semi-detached,117,63,14,49,54,30,24
S01013282,Whole house or bungalow: Terraced (including end-terrace),506,238,32,206,268,213,55
S01013282,Flat maisonette or apartment or mobile/temporary accommodation,170,22,6,16,148,126,22
S01013283,All people in households,642,230,47,183,412,162,250
S01013283,Whole house or bungalow: Total,281,129,21,108,152,80,72
S01013283,Whole house or bungalow: Detached,41,31,4,27,10,5,5
S01013283,Whole house or bungalow: Semi-detached,43,24,6,18,19,14,5
S01013283,Whole house or bungalow: Terraced (including end-terrace),197,74,11,63,123,61,62
S01013283,Flat maisonette or apartment or mobile/temporary accommodation,361,101,26,75,260,82,178
S01013284,All people in households,651,567,138,429,84,11,73
S01013284,Whole house or bungalow: Total,581,529,132,397,52,5,47
S01013284,Whole house or bungalow: Detached,116,113,60,53,3,0,3
S01013284,Whole house or bungalow: Semi-detached,240,216,48,168,24,3,21
S01013284,Whole house or bungalow: Terraced (including end-terrace),225,200,24,176,25,2,23
S01013284,Flat maisonette or apartment or mobile/temporary accommodation,70,38,6,32,32,6,26
S01013285,All people in households,656,560,135,425,96,16,80
S01013285,Whole house or bungalow: Total,550,486,121,365,64,8,56
S01013285,Whole house or bungalow: Detached,106,98,24,74,8,3,5
S01013285,Whole house or bungalow: Semi-detached,355,324,88,236,31,5,26
S01013285,Whole house or bungalow: Terraced (including end-terrace),89,64,9,55,25,0,25
S01013285,Flat maisonette or apartment or mobile/temporary accommodation,106,74,14,60,32,8,24
S01013286,All people in households,667,592,159,433,75,20,55
S01013286,Whole house or bungalow: Total,648,585,158,427,63,14,49
S01013286,Whole house or bungalow: Detached,153,144,48,96,9,1,8
S01013286,Whole house or bungalow: Semi-detached,254,240,63,177,14,5,9
S01013286,Whole house or bungalow: Terraced (including end-terrace),241,201,47,154,40,8,32
S01013286,Flat maisonette or apartment or mobile/temporary accommodation,19,7,1,6,12,6,6
S01013287,All people in households,784,750,174,576,34,11,23
S01013287,Whole house or bungalow: Total,780,750,174,576,30,9,21
S01013287,Whole house or bungalow: Detached,556,546,139,407,10,2,8
S01013287,Whole house or bungalow: Semi-detached,184,174,34,140,10,3,7
S01013287,Whole house or bungalow: Terraced (including end-terrace),40,30,1,29,10,4,6
S01013287,Flat maisonette or apartment or mobile/temporary accommodation,4,0,0,0,4,2,2
S01013288,All people in households,660,488,193,295,172,107,65
S01013288,Whole house or bungalow: Total,503,413,162,251,90,59,31
S01013288,Whole house or bungalow: Detached,207,194,68,126,13,3,10
S01013288,Whole house or bungalow: Semi-detached,123,91,39,52,32,21,11
S01013288,Whole house or bungalow: Terraced (including end-terrace),173,128,55,73,45,35,10
S01013288,Flat maisonette or apartment or mobile/temporary accommodation,157,75,31,44,82,48,34
S01013289,All people in households,760,659,266,393,101,19,82
S01013289,Whole house or bungalow: Total,750,651,265,386,99,17,82
S01013289,Whole house or bungalow: Detached,575,493,218,275,82,6,76
S01013289,Whole house or bungalow: Semi-detached,153,144,43,101,9,4,5
S01013289,Whole house or bungalow: Terraced (including end-terrace),22,14,4,10,8,7,1
S01013289,Flat maisonette or apartment or mobile/temporary accommodation,10,8,1,7,2,2,0
S01013290,All people in households,911,741,159,582,170,81,89
S01013290,Whole house or bungalow: Total,845,711,156,555,134,64,70
S01013290,Whole house or bungalow: Detached,190,169,35,134,21,8,13
S01013290,Whole house or bungalow: Semi-detached,357,311,56,255,46,17,29
S01013290,Whole house or bungalow: Terraced (including end-terrace),298,231,65,166,67,39,28
S01013290,Flat maisonette or apartment or mobile/temporary accommodation,66,30,3,27,36,17,19
S01013291,All people in households,724,664,92,572,60,26,34
S01013291,Whole house or bungalow: Total,716,660,92,568,56,22,34
S01013291,Whole house or bungalow: Detached,94,93,16,77,1,1,0
S01013291,Whole house or bungalow: Semi-detached,163,140,27,113,23,20,3
S01013291,Whole house or bungalow: Terraced (including end-terrace),459,427,49,378,32,1,31
S01013291,Flat maisonette or apartment or mobile/temporary accommodation,8,4,0,4,4,4,0
S01013292,All people in households,723,651,217,434,72,19,53
S01013292,Whole house or bungalow: Total,681,631,213,418,50,12,38
S01013292,Whole house or bungalow: Detached,215,210,92,118,5,0,5
S01013292,Whole house or bungalow: Semi-detached,258,241,57,184,17,6,11
S01013292,Whole house or bungalow: Terraced (including end-terrace),208,180,64,116,28,6,22
S01013292,Flat maisonette or apartment or mobile/temporary accommodation,42,20,4,16,22,7,15
S01013293,All people in households,714,704,199,505,10,1,9
S01013293,Whole house or bungalow: Total,695,691,196,495,4,1,3
S01013293,Whole house or bungalow: Detached,372,372,122,250,0,0,0
S01013293,Whole house or bungalow: Semi-detached,297,294,69,225,3,1,2
S01013293,Whole house or bungalow: Terraced (including end-terrace),26,25,5,20,1,0,1
S01013293,Flat maisonette or apartment or mobile/temporary accommodation,19,13,3,10,6,0,6
S01013294,All people in households,729,617,153,464,112,73,39
S01013294,Whole house or bungalow: Total,636,573,135,438,63,42,21
S01013294,Whole house or bungalow: Detached,182,143,38,105,39,31,8
S01013294,Whole house or bungalow: Semi-detached,345,334,83,251,11,2,9
S01013294,Whole house or bungalow: Terraced (including end-terrace),109,96,14,82,13,9,4
S01013294,Flat maisonette or apartment or mobile/temporary accommodation,93,44,18,26,49,31,18
S01013295,All people in households,746,655,199,456,91,14,77
S01013295,Whole house or bungalow: Total,685,608,190,418,77,12,65
S01013295,Whole house or bungalow: Detached,147,136,50,86,11,0,11
S01013295,Whole house or bungalow: Semi-detached,327,311,104,207,16,0,16
S01013295,Whole house or bungalow: Terraced (including end-terrace),211,161,36,125,50,12,38
S01013295,Flat maisonette or apartment or mobile/temporary accommodation,61,47,9,38,14,2,12
S01013296,All people in households,712,369,147,222,343,308,35
S01013296,Whole house or bungalow: Total,631,340,134,206,291,263,28
S01013296,Whole house or bungalow: Detached,79,69,30,39,10,6,4
S01013296,Whole house or bungalow: Semi-detached,316,157,73,84,159,141,18
S01013296,Whole house or bungalow: Terraced (including end-terrace),236,114,31,83,122,116,6
S01013296,Flat maisonette or apartment or mobile/temporary accommodation,81,29,13,16,52,45,7
S01013297,All people in households,688,503,180,323,185,119,66
S01013297,Whole house or bungalow: Total,612,478,174,304,134,80,54
S01013297,Whole house or bungalow: Detached,41,37,17,20,4,0,4
S01013297,Whole house or bungalow: Semi-detached,113,79,36,43,34,20,14
S01013297,Whole house or bungalow: Terraced (including end-terrace),458,362,121,241,96,60,36
S01013297,Flat maisonette or apartment or mobile/temporary accommodation,76,25,6,19,51,39,12
S01013298,All people in households,668,454,168,286,214,97,117
S01013298,Whole house or bungalow: Total,607,417,160,257,190,92,98
S01013298,Whole house or bungalow: Detached,195,174,62,112,21,3,18
S01013298,Whole house or bungalow: Semi-detached,175,95,45,50,80,46,34
S01013298,Whole house or bungalow: Terraced (including end-terrace),237,148,53,95,89,43,46
S01013298,Flat maisonette or apartment or mobile/temporary accommodation,61,37,8,29,24,5,19
S01013299,All people in households,1019,709,181,528,310,236,74
S01013299,Whole house or bungalow: Total,926,667,171,496,259,194,65
S01013299,Whole house or bungalow: Detached,254,238,46,192,16,0,16
S01013299,Whole house or bungalow: Semi-detached,280,200,42,158,80,56,24
S01013299,Whole house or bungalow: Terraced (including end-terrace),392,229,83,146,163,138,25
S01013299,Flat maisonette or apartment or mobile/temporary accommodation,93,42,10,32,51,42,9
S01013300,All people in households,552,354,132,222,198,138,60
S01013300,Whole house or bungalow: Total,509,342,128,214,167,121,46
S01013300,Whole house or bungalow: Detached,158,91,50,41,67,39,28
S01013300,Whole house or bungalow: Semi-detached,112,64,18,46,48,38,10
S01013300,Whole house or bungalow: Terraced (including end-terrace),239,187,60,127,52,44,8
S01013300,Flat maisonette or apartment or mobile/temporary accommodation,43,12,4,8,31,17,14
S01013301,All people in households,481,291,88,203,190,131,59
S01013301,Whole house or bungalow: Total,461,287,88,199,174,129,45
S01013301,Whole house or bungalow: Detached,46,38,21,17,8,8,0
S01013301,Whole house or bungalow: Semi-detached,217,136,32,104,81,60,21
S01013301,Whole house or bungalow: Terraced (including end-terrace),198,113,35,78,85,61,24
S01013301,Flat maisonette or apartment or mobile/temporary accommodation,20,4,0,4,16,2,14
S01013302,All people in households,614,514,193,321,100,44,56
S01013302,Whole house or bungalow: Total,589,508,193,315,81,40,41
S01013302,Whole house or bungalow: Detached,310,302,126,176,8,1,7
S01013302,Whole house or bungalow: Semi-detached,128,96,32,64,32,8,24
S01013302,Whole house or bungalow: Terraced (including end-terrace),151,110,35,75,41,31,10
S01013302,Flat maisonette or apartment or mobile/temporary accommodation,25,6,0,6,19,4,15
S01013303,All people in households,881,710,240,470,171,105,66
S01013303,Whole house or bungalow: Total,810,707,239,468,103,56,47
S01013303,Whole house or bungalow: Detached,209,181,71,110,28,7,21
S01013303,Whole house or bungalow: Semi-detached,220,206,54,152,14,13,1
S01013303,Whole house or bungalow: Terraced (including end-terrace),381,320,114,206,61,36,25
S01013303,Flat maisonette or apartment or mobile/temporary accommodation,71,3,1,2,68,49,19
S01013304,All people in households,929,402,92,310,527,407,120
S01013304,Whole house or bungalow: Total,722,367,91,276,355,275,80
S01013304,Whole house or bungalow: Detached,46,24,12,12,22,16,6
S01013304,Whole house or bungalow: Semi-detached,118,65,19,46,53,40,13
S01013304,Whole house or bungalow: Terraced (including end-terrace),558,278,60,218,280,219,61
S01013304,Flat maisonette or apartment or mobile/temporary accommodation,207,35,1,34,172,132,40
S01013305,All people in households,952,491,116,375,461,285,176
S01013305,Whole house or bungalow: Total,690,397,108,289,293,216,77
S01013305,Whole house or bungalow: Detached,108,83,20,63,25,19,6
S01013305,Whole house or bungalow: Semi-detached,70,36,8,28,34,28,6
S01013305,Whole house or bungalow: Terraced (including end-terrace),512,278,80,198,234,169,65
S01013305,Flat maisonette or apartment or mobile/temporary accommodation,262,94,8,86,168,69,99
S01013306,All people in households,920,167,36,131,753,653,100
S01013306,Whole house or bungalow: Total,438,126,26,100,312,275,37
S01013306,Whole house or bungalow: Detached,23,11,0,11,12,12,0
S01013306,Whole house or bungalow: Semi-detached,54,14,0,14,40,25,15
S01013306,Whole house or bungalow: Terraced (including end-terrace),361,101,26,75,260,238,22
S01013306,Flat maisonette or apartment or mobile/temporary accommodation,482,41,10,31,441,378,63
S01013307,All people in households,1047,332,74,258,715,559,156
S01013307,Whole house or bungalow: Total,880,317,70,247,563,436,127
S01013307,Whole house or bungalow: Detached,57,28,11,17,29,22,7
S01013307,Whole house or bungalow: Semi-detached,196,92,12,80,104,56,48
S01013307,Whole house or bungalow: Terraced (including end-terrace),627,197,47,150,430,358,72
S01013307,Flat maisonette or apartment or mobile/temporary accommodation,167,15,4,11,152,123,29
S01013308,All people in households,943,189,60,129,754,696,58
S01013308,Whole house or bungalow: Total,772,167,56,111,605,553,52
S01013308,Whole house or bungalow: Detached,38,21,8,13,17,11,6
S01013308,Whole house or bungalow: Semi-detached,181,27,7,20,154,147,7
S01013308,Whole house or bungalow: Terraced (including end-terrace),553,119,41,78,434,395,39
S01013308,Flat maisonette or apartment or mobile/temporary accommodation,171,22,4,18,149,143,6
S01013309,All people in households,618,455,93,362,163,34,129
S01013309,Whole house or bungalow: Total,521,435,85,350,86,34,52
S01013309,Whole house or bungalow: Detached,331,321,61,260,10,0,10
S01013309,Whole house or bungalow: Semi-detached,65,34,7,27,31,11,20
S01013309,Whole house or bungalow: Terraced (including end-terrace),125,80,17,63,45,23,22
S01013309,Flat maisonette or apartment or mobile/temporary accommodation,97,20,8,12,77,0,77
S01013310,All people in households,649,412,97,315,237,158,79
S01013310,Whole house or bungalow: Total,638,410,97,313,228,158,70
S01013310,Whole house or bungalow: Detached,41,35,11,24,6,1,5
S01013310,Whole house or bungalow: Semi-detached,30,16,2,14,14,10,4
S01013310,Whole house or bungalow: Terraced (including end-terrace),567,359,84,275,208,147,61
S01013310,Flat maisonette or apartment or mobile/temporary accommodation,11,2,0,2,9,0,9
S01013311,All people in households,801,439,117,322,362,219,143
S01013311,Whole house or bungalow: Total,780,435,117,318,345,219,126
S01013311,Whole house or bungalow: Detached,30,25,5,20,5,0,5
S01013311,Whole house or bungalow: Semi-detached,119,59,13,46,60,31,29
S01013311,Whole house or bungalow: Terraced (including end-terrace),631,351,99,252,280,188,92
S01013311,Flat maisonette or apartment or mobile/temporary accommodation,21,4,0,4,17,0,17
S01013312,All people in households,1042,543,156,387,499,376,123
S01013312,Whole house or bungalow: Total,775,438,138,300,337,267,70
S01013312,Whole house or bungalow: Detached,74,38,16,22,36,20,16
S01013312,Whole house or bungalow: Semi-detached,197,136,36,100,61,38,23
S01013312,Whole house or bungalow: Terraced (including end-terrace),504,264,86,178,240,209,31
S01013312,Flat maisonette or apartment or mobile/temporary accommodation,267,105,18,87,162,109,53
S01013313,All people in households,692,378,126,252,314,191,123
S01013313,Whole house or bungalow: Total,553,327,110,217,226,151,75
S01013313,Whole house or bungalow: Detached,25,17,6,11,8,8,0
S01013313,Whole house or bungalow: Semi-detached,67,34,9,25,33,20,13
S01013313,Whole house or bungalow: Terraced (including end-terrace),461,276,95,181,185,123,62
S01013313,Flat maisonette or apartment or mobile/temporary accommodation,139,51,16,35,88,40,48
S01013314,All people in households,670,362,140,222,308,223,85
S01013314,Whole house or bungalow: Total,584,335,127,208,249,192,57
S01013314,Whole house or bungalow: Detached,16,9,2,7,7,3,4
S01013314,Whole house or bungalow: Semi-detached,126,56,18,38,70,46,24
S01013314,Whole house or bungalow: Terraced (including end-terrace),442,270,107,163,172,143,29
S01013314,Flat maisonette or apartment or mobile/temporary accommodation,86,27,13,14,59,31,28
S01013315,All people in households,567,523,75,448,44,6,38
S01013315,Whole house or bungalow: Total,563,523,75,448,40,2,38
S01013315,Whole house or bungalow: Detached,515,483,65,418,32,0,32
S01013315,Whole house or bungalow: Semi-detached,35,31,6,25,4,2,2
S01013315,Whole house or bungalow: Terraced (including end-terrace),13,9,4,5,4,0,4
S01013315,Flat maisonette or apartment or mobile/temporary accommodation,4,0,0,0,4,4,0
S01013316,All people in households,663,546,239,307,117,78,39
S01013316,Whole house or bungalow: Total,644,540,239,301,104,69,35
S01013316,Whole house or bungalow: Detached,438,419,193,226,19,7,12
S01013316,Whole house or bungalow: Semi-detached,99,61,24,37,38,22,16
S01013316,Whole house or bungalow: Terraced (including end-terrace),107,60,22,38,47,40,7
S01013316,Flat maisonette or apartment or mobile/temporary accommodation,19,6,0,6,13,9,4
S01013317,All people in households,521,450,152,298,71,2,69
S01013317,Whole house or bungalow: Total,442,399,148,251,43,2,41
S01013317,Whole house or bungalow: Detached,359,328,124,204,31,0,31
S01013317,Whole house or bungalow: Semi-detached,65,54,22,32,11,2,9
S01013317,Whole house or bungalow: Terraced (including end-terrace),18,17,2,15,1,0,1
S01013317,Flat maisonette or apartment or mobile/temporary accommodation,79,51,4,47,28,0,28
S01013318,All people in households,612,535,102,433,77,14,63
S01013318,Whole house or bungalow: Total,568,520,99,421,48,5,43
S01013318,Whole house or bungalow: Detached,288,269,61,208,19,0,19
S01013318,Whole house or bungalow: Semi-detached,238,223,31,192,15,0,15
S01013318,Whole house or bungalow: Terraced (including end-terrace),42,28,7,21,14,5,9
S01013318,Flat maisonette or apartment or mobile/temporary accommodation,44,15,3,12,29,9,20
S01013319,All people in households,570,426,71,355,144,102,42
S01013319,Whole house or bungalow: Total,539,425,70,355,114,76,38
S01013319,Whole house or bungalow: Detached,368,350,49,301,18,4,14
S01013319,Whole house or bungalow: Semi-detached,93,40,12,28,53,44,9
S01013319,Whole house or bungalow: Terraced (including end-terrace),78,35,9,26,43,28,15
S01013319,Flat maisonette or apartment or mobile/temporary accommodation,31,1,1,0,30,26,4
S01013320,All people in households,1040,859,104,755,181,36,145
S01013320,Whole house or bungalow: Total,957,838,101,737,119,15,104
S01013320,Whole house or bungalow: Detached,627,582,72,510,45,0,45
S01013320,Whole house or bungalow: Semi-detached,179,143,13,130,36,5,31
S01013320,Whole house or bungalow: Terraced (including end-terrace),151,113,16,97,38,10,28
S01013320,Flat maisonette or apartment or mobile/temporary accommodation,83,21,3,18,62,21,41
S01013321,All people in households,423,233,48,185,190,147,43
S01013321,Whole house or bungalow: Total,298,165,41,124,133,111,22
S01013321,Whole house or bungalow: Detached,14,12,2,10,2,1,1
S01013321,Whole house or bungalow: Semi-detached,77,35,10,25,42,35,7
S01013321,Whole house or bungalow: Terraced (including end-terrace),207,118,29,89,89,75,14
S01013321,Flat maisonette or apartment or mobile/temporary accommodation,125,68,7,61,57,36,21
S01013322,All people in households,724,520,103,417,204,149,55
S01013322,Whole house or bungalow: Total,697,510,101,409,187,140,47
S01013322,Whole house or bungalow: Detached,166,162,62,100,4,0,4
S01013322,Whole house or bungalow: Semi-detached,85,45,10,35,40,37,3
S01013322,Whole house or bungalow: Terraced (including end-terrace),446,303,29,274,143,103,40
S01013322,Flat maisonette or apartment or mobile/temporary accommodation,27,10,2,8,17,9,8
S01013323,All people in households,947,509,107,402,438,345,93
S01013323,Whole house or bungalow: Total,785,484,102,382,301,225,76
S01013323,Whole house or bungalow: Detached,32,20,3,17,12,7,5
S01013323,Whole house or bungalow: Semi-detached,132,56,5,51,76,64,12
S01013323,Whole house or bungalow: Terraced (including end-terrace),621,408,94,314,213,154,59
S01013323,Flat maisonette or apartment or mobile/temporary accommodation,162,25,5,20,137,120,17
S01013324,All people in households,649,270,55,215,379,331,48
S01013324,Whole house or bungalow: Total,564,270,55,215,294,251,43
S01013324,Whole house or bungalow: Detached,21,9,2,7,12,8,4
S01013324,Whole house or bungalow: Semi-detached,52,24,4,20,28,21,7
S01013324,Whole house or bungalow: Terraced (including end-terrace),491,237,49,188,254,222,32
S01013324,Flat maisonette or apartment or mobile/temporary accommodation,85,0,0,0,85,80,5
S01013325,All people in households,905,166,25,141,739,696,43
S01013325,Whole house or bungalow: Total,858,166,25,141,692,651,41
S01013325,Whole house or bungalow: Detached,179,132,11,121,47,27,20
S01013325,Whole house or bungalow: Semi-detached,157,5,5,0,152,143,9
S01013325,Whole house or bungalow: Terraced (including end-terrace),522,29,9,20,493,481,12
S01013325,Flat maisonette or apartment or mobile/temporary accommodation,47,0,0,0,47,45,2
S01013326,All people in households,541,248,47,201,293,202,91
S01013326,Whole house or bungalow: Total,483,243,46,197,240,158,82
S01013326,Whole house or bungalow: Detached,17,12,0,12,5,2,3
S01013326,Whole house or bungalow: Semi-detached,30,16,0,16,14,14,0
S01013326,Whole house or bungalow: Terraced (including end-terrace),436,215,46,169,221,142,79
S01013326,Flat maisonette or apartment or mobile/temporary accommodation,58,5,1,4,53,44,9
S01013327,All people in households,697,306,78,228,391,316,75
S01013327,Whole house or bungalow: Total,666,306,78,228,360,291,69
S01013327,Whole house or bungalow: Detached,37,24,6,18,13,11,2
S01013327,Whole house or bungalow: Semi-detached,72,41,8,33,31,27,4
S01013327,Whole house or bungalow: Terraced (including end-terrace),557,241,64,177,316,253,63
S01013327,Flat maisonette or apartment or mobile/temporary accommodation,31,0,0,0,31,25,6
S01013328,All people in households,652,255,40,215,397,315,82
S01013328,Whole house or bungalow: Total,636,253,40,213,383,302,81
S01013328,Whole house or bungalow: Detached,45,22,2,20,23,23,0
S01013328,Whole house or bungalow: Semi-detached,51,17,2,15,34,29,5
S01013328,Whole house or bungalow: Terraced (including end-terrace),540,214,36,178,326,250,76
S01013328,Flat maisonette or apartment or mobile/temporary accommodation,16,2,0,2,14,13,1
S01013329,All people in households,538,309,103,206,229,169,60
S01013329,Whole house or bungalow: Total,519,302,101,201,217,162,55
S01013329,Whole house or bungalow: Detached,34,17,6,11,17,17,0
S01013329,Whole house or bungalow: Semi-detached,49,26,5,21,23,11,12
S01013329,Whole house or bungalow: Terraced (including end-terrace),436,259,90,169,177,134,43
S01013329,Flat maisonette or apartment or mobile/temporary accommodation,19,7,2,5,12,7,5
S01013330,All people in households,1051,756,113,643,295,69,226
S01013330,Whole house or bungalow: Total,671,627,88,539,44,26,18
S01013330,Whole house or bungalow: Detached,452,452,60,392,0,0,0
S01013330,Whole house or bungalow: Semi-detached,145,129,20,109,16,11,5
S01013330,Whole house or bungalow: Terraced (including end-terrace),74,46,8,38,28,15,13
S01013330,Flat maisonette or apartment or mobile/temporary accommodation,380,129,25,104,251,43,208
S01013331,All people in households,647,451,55,396,196,19,177
S01013331,Whole house or bungalow: Total,493,434,49,385,59,9,50
S01013331,Whole house or bungalow: Detached,209,195,24,171,14,0,14
S01013331,Whole house or bungalow: Semi-detached,201,169,13,156,32,5,27
S01013331,Whole house or bungalow: Terraced (including end-terrace),83,70,12,58,13,4,9
S01013331,Flat maisonette or apartment or mobile/temporary accommodation,154,17,6,11,137,10,127
S01013332,All people in households,673,446,114,332,227,131,96
S01013332,Whole house or bungalow: Total,662,438,111,327,224,131,93
S01013332,Whole house or bungalow: Detached,34,28,6,22,6,4,2
S01013332,Whole house or bungalow: Semi-detached,79,44,11,33,35,28,7
S01013332,Whole house or bungalow: Terraced (including end-terrace),549,366,94,272,183,99,84
S01013332,Flat maisonette or apartment or mobile/temporary accommodation,11,8,3,5,3,0,3
S01013333,All people in households,826,660,135,525,166,74,92
S01013333,Whole house or bungalow: Total,819,659,135,524,160,70,90
S01013333,Whole house or bungalow: Detached,197,185,36,149,12,1,11
S01013333,Whole house or bungalow: Semi-detached,367,285,45,240,82,24,58
S01013333,Whole house or bungalow: Terraced (including end-terrace),255,189,54,135,66,45,21
S01013333,Flat maisonette or apartment or mobile/temporary accommodation,7,1,0,1,6,4,2
S01013334,All people in households,784,383,77,306,401,306,95
S01013334,Whole house or bungalow: Total,672,350,75,275,322,245,77
S01013334,Whole house or bungalow: Detached,28,19,3,16,9,7,2
S01013334,Whole house or bungalow: Semi-detached,77,23,3,20,54,36,18
S01013334,Whole house or bungalow: Terraced (including end-terrace),567,308,69,239,259,202,57
S01013334,Flat maisonette or apartment or mobile/temporary accommodation,112,33,2,31,79,61,18
S01013335,All people in households,825,298,62,236,527,480,47
S01013335,Whole house or bungalow: Total,811,293,62,231,518,471,47
S01013335,Whole house or bungalow: Detached,46,32,6,26,14,11,3
S01013335,Whole house or bungalow: Semi-detached,156,66,20,46,90,76,14
S01013335,Whole house or bungalow: Terraced (including end-terrace),609,195,36,159,414,384,30
S01013335,Flat maisonette or apartment or mobile/temporary accommodation,14,5,0,5,9,9,0
S01013336,All people in households,863,270,67,203,593,489,104
S01013336,Whole house or bungalow: Total,811,267,66,201,544,452,92
S01013336,Whole house or bungalow: Detached,24,12,2,10,12,11,1
S01013336,Whole house or bungalow: Semi-detached,300,125,30,95,175,138,37
S01013336,Whole house or bungalow: Terraced (including end-terrace),487,130,34,96,357,303,54
S01013336,Flat maisonette or apartment or mobile/temporary accommodation,52,3,1,2,49,37,12
S01013337,All people in households,950,802,258,544,148,72,76
S01013337,Whole house or bungalow: Total,943,802,258,544,141,72,69
S01013337,Whole house or bungalow: Detached,283,270,108,162,13,2,11
S01013337,Whole house or bungalow: Semi-detached,159,134,49,85,25,13,12
S01013337,Whole house or bungalow: Terraced (including end-terrace),501,398,101,297,103,57,46
S01013337,Flat maisonette or apartment or mobile/temporary accommodation,7,0,0,0,7,0,7
S01013338,All people in households,588,533,67,466,55,0,55
S01013338,Whole house or bungalow: Total,582,533,67,466,49,0,49
S01013338,Whole house or bungalow: Detached,510,473,66,407,37,0,37
S01013338,Whole house or bungalow: Semi-detached,46,37,0,37,9,0,9
S01013338,Whole house or bungalow: Terraced (including end-terrace),26,23,1,22,3,0,3
S01013338,Flat maisonette or apartment or mobile/temporary accommodation,6,0,0,0,6,0,6
S01013339,All people in households,584,496,153,343,88,11,77
S01013339,Whole house or bungalow: Total,558,491,150,341,67,11,56
S01013339,Whole house or bungalow: Detached,266,250,115,135,16,0,16
S01013339,Whole house or bungalow: Semi-detached,200,177,22,155,23,5,18
S01013339,Whole house or bungalow: Terraced (including end-terrace),92,64,13,51,28,6,22
S01013339,Flat maisonette or apartment or mobile/temporary accommodation,26,5,3,2,21,0,21
S01013340,All people in households,805,748,272,476,57,14,43
S01013340,Whole house or bungalow: Total,797,747,272,475,50,11,39
S01013340,Whole house or bungalow: Detached,663,635,261,374,28,0,28
S01013340,Whole house or bungalow: Semi-detached,97,83,7,76,14,8,6
S01013340,Whole house or bungalow: Terraced (including end-terrace),37,29,4,25,8,3,5
S01013340,Flat maisonette or apartment or mobile/temporary accommodation,8,1,0,1,7,3,4
S01013341,All people in households,898,704,216,488,194,27,167
S01013341,Whole house or bungalow: Total,647,590,178,412,57,20,37
S01013341,Whole house or bungalow: Detached,582,551,168,383,31,0,31
S01013341,Whole house or bungalow: Semi-detached,28,17,3,14,11,8,3
S01013341,Whole house or bungalow: Terraced (including end-terrace),37,22,7,15,15,12,3
S01013341,Flat maisonette or apartment or mobile/temporary accommodation,251,114,38,76,137,7,130
S01013342,All people in households,644,331,73,258,313,247,66
S01013342,Whole house or bungalow: Total,503,301,67,234,202,162,40
S01013342,Whole house or bungalow: Detached,31,20,7,13,11,9,2
S01013342,Whole house or bungalow: Semi-detached,94,52,17,35,42,30,12
S01013342,Whole house or bungalow: Terraced (including end-terrace),378,229,43,186,149,123,26
S01013342,Flat maisonette or apartment or mobile/temporary accommodation,141,30,6,24,111,85,26
S01013343,All people in households,673,433,75,358,240,175,65
S01013343,Whole house or bungalow: Total,665,431,73,358,234,174,60
S01013343,Whole house or bungalow: Detached,8,8,5,3,0,0,0
S01013343,Whole house or bungalow: Semi-detached,122,93,13,80,29,20,9
S01013343,Whole house or bungalow: Terraced (including end-terrace),535,330,55,275,205,154,51
S01013343,Flat maisonette or apartment or mobile/temporary accommodation,8,2,2,0,6,1,5
S01013344,All people in households,792,310,96,214,482,429,53
S01013344,Whole house or bungalow: Total,692,302,93,209,390,345,45
S01013344,Whole house or bungalow: Detached,64,38,7,31,26,24,2
S01013344,Whole house or bungalow: Semi-detached,223,87,19,68,136,116,20
S01013344,Whole house or bungalow: Terraced (including end-terrace),405,177,67,110,228,205,23
S01013344,Flat maisonette or apartment or mobile/temporary accommodation,100,8,3,5,92,84,8
S01013345,All people in households,762,416,69,347,346,225,121
S01013345,Whole house or bungalow: Total,744,412,68,344,332,217,115
S01013345,Whole house or bungalow: Detached,25,22,6,16,3,0,3
S01013345,Whole house or bungalow: Semi-detached,111,65,14,51,46,27,19
S01013345,Whole house or bungalow: Terraced (including end-terrace),608,325,48,277,283,190,93
S01013345,Flat maisonette or apartment or mobile/temporary accommodation,18,4,1,3,14,8,6
S01013346,All people in households,881,728,103,625,153,75,78
S01013346,Whole house or bungalow: Total,842,720,103,617,122,54,68
S01013346,Whole house or bungalow: Detached,509,482,68,414,27,0,27
S01013346,Whole house or bungalow: Semi-detached,234,183,30,153,51,26,25
S01013346,Whole house or bungalow: Terraced (including end-terrace),99,55,5,50,44,28,16
S01013346,Flat maisonette or apartment or mobile/temporary accommodation,39,8,0,8,31,21,10
S01013347,All people in households,700,582,131,451,118,35,83
S01013347,Whole house or bungalow: Total,623,544,121,423,79,26,53
S01013347,Whole house or bungalow: Detached,251,249,38,211,2,0,2
S01013347,Whole house or bungalow: Semi-detached,330,281,75,206,49,5,44
S01013347,Whole house or bungalow: Terraced (including end-terrace),42,14,8,6,28,21,7
S01013347,Flat maisonette or apartment or mobile/temporary accommodation,77,38,10,28,39,9,30
S01013348,All people in households,470,416,64,352,54,8,46
S01013348,Whole house or bungalow: Total,470,416,64,352,54,8,46
S01013348,Whole house or bungalow: Detached,345,312,40,272,33,2,31
S01013348,Whole house or bungalow: Semi-detached,65,54,14,40,11,4,7
S01013348,Whole house or bungalow: Terraced (including end-terrace),60,50,10,40,10,2,8
S01013348,Flat maisonette or apartment or mobile/temporary accommodation,0,0,0,0,0,0,0
S01013349,All people in households,785,326,32,294,459,60,399
S01013349,Whole house or bungalow: Total,400,252,30,222,148,30,118
S01013349,Whole house or bungalow: Detached,170,148,15,133,22,3,19
S01013349,Whole house or bungalow: Semi-detached,60,31,4,27,29,12,17
S01013349,Whole house or bungalow: Terraced (including end-terrace),170,73,11,62,97,15,82
S01013349,Flat maisonette or apartment or mobile/temporary accommodation,385,74,2,72,311,30,281
S01013350,All people in households,662,335,67,268,327,231,96
S01013350,Whole house or bungalow: Total,541,320,63,257,221,154,67
S01013350,Whole house or bungalow: Detached,20,12,4,8,8,6,2
S01013350,Whole house or bungalow: Semi-detached,107,75,26,49,32,25,7
S01013350,Whole house or bungalow: Terraced (including end-terrace),414,233,33,200,181,123,58
S01013350,Flat maisonette or apartment or mobile/temporary accommodation,121,15,4,11,106,77,29
S01013351,All people in households,784,596,176,420,188,95,93
S01013351,Whole house or bungalow: Total,756,585,176,409,171,86,85
S01013351,Whole house or bungalow: Detached,35,31,16,15,4,4,0
S01013351,Whole house or bungalow: Semi-detached,72,41,5,36,31,16,15
S01013351,Whole house or bungalow: Terraced (including end-terrace),649,513,155,358,136,66,70
S01013351,Flat maisonette or apartment or mobile/temporary accommodation,28,11,0,11,17,9,8
S01013352,All people in households,897,638,156,482,259,153,106
S01013352,Whole house or bungalow: Total,870,625,153,472,245,143,102
S01013352,Whole house or bungalow: Detached,20,17,0,17,3,2,1
S01013352,Whole house or bungalow: Semi-detached,89,48,15,33,41,23,18
S01013352,Whole house or bungalow: Terraced (including end-terrace),761,560,138,422,201,118,83
S01013352,Flat maisonette or apartment or mobile/temporary accommodation,27,13,3,10,14,10,4
S01013353,All people in households,669,365,68,297,304,255,49
S01013353,Whole house or bungalow: Total,650,364,68,296,286,240,46
S01013353,Whole house or bungalow: Detached,32,14,0,14,18,12,6
S01013353,Whole house or bungalow: Semi-detached,88,48,3,45,40,32,8
S01013353,Whole house or bungalow: Terraced (including end-terrace),530,302,65,237,228,196,32
S01013353,Flat maisonette or apartment or mobile/temporary accommodation,19,1,0,1,18,15,3
S01013354,All people in households,727,594,173,421,133,84,49
S01013354,Whole house or bungalow: Total,686,572,161,411,114,65,49
S01013354,Whole house or bungalow: Detached,385,366,79,287,19,6,13
S01013354,Whole house or bungalow: Semi-detached,173,136,55,81,37,22,15
S01013354,Whole house or bungalow: Terraced (including end-terrace),128,70,27,43,58,37,21
S01013354,Flat maisonette or apartment or mobile/temporary accommodation,41,22,12,10,19,19,0
S01013355,All people in households,653,441,125,316,212,156,56
S01013355,Whole house or bungalow: Total,595,417,116,301,178,128,50
S01013355,Whole house or bungalow: Detached,181,177,39,138,4,3,1
S01013355,Whole house or bungalow: Semi-detached,137,91,20,71,46,31,15
S01013355,Whole house or bungalow: Terraced (including end-terrace),277,149,57,92,128,94,34
S01013355,Flat maisonette or apartment or mobile/temporary accommodation,58,24,9,15,34,28,6
S01013356,All people in households,754,345,96,249,409,358,51
S01013356,Whole house or bungalow: Total,655,343,96,247,312,280,32
S01013356,Whole house or bungalow: Detached,132,120,43,77,12,12,0
S01013356,Whole house or bungalow: Semi-detached,184,60,12,48,124,104,20
S01013356,Whole house or bungalow: Terraced (including end-terrace),339,163,41,122,176,164,12
S01013356,Flat maisonette or apartment or mobile/temporary accommodation,99,2,0,2,97,78,19
S01013357,All people in households,827,603,199,404,224,179,45
S01013357,Whole house or bungalow: Total,734,569,191,378,165,129,36
S01013357,Whole house or bungalow: Detached,520,482,179,303,38,16,22
S01013357,Whole house or bungalow: Semi-detached,148,41,7,34,107,100,7
S01013357,Whole house or bungalow: Terraced (including end-terrace),66,46,5,41,20,13,7
S01013357,Flat maisonette or apartment or mobile/temporary accommodation,93,34,8,26,59,50,9
S01013358,All people in households,811,534,173,361,277,215,62
S01013358,Whole house or bungalow: Total,655,496,164,332,159,118,41
S01013358,Whole house or bungalow: Detached,246,229,78,151,17,6,11
S01013358,Whole house or bungalow: Semi-detached,200,158,40,118,42,20,22
S01013358,Whole house or bungalow: Terraced (including end-terrace),209,109,46,63,100,92,8
S01013358,Flat maisonette or apartment or mobile/temporary accommodation,156,38,9,29,118,97,21
S01013359,All people in households,621,283,96,187,338,291,47
S01013359,Whole house or bungalow: Total,289,227,82,145,62,43,19
S01013359,Whole house or bungalow: Detached,95,91,37,54,4,0,4
S01013359,Whole house or bungalow: Semi-detached,136,100,33,67,36,22,14
S01013359,Whole house or bungalow: Terraced (including end-terrace),58,36,12,24,22,21,1
S01013359,Flat maisonette or apartment or mobile/temporary accommodation,332,56,14,42,276,248,28
S01013360,All people in households,687,388,124,264,299,254,45
S01013360,Whole house or bungalow: Total,605,370,120,250,235,201,34
S01013360,Whole house or bungalow: Detached,66,43,15,28,23,16,7
S01013360,Whole house or bungalow: Semi-detached,373,227,79,148,146,126,20
S01013360,Whole house or bungalow: Terraced (including end-terrace),166,100,26,74,66,59,7
S01013360,Flat maisonette or apartment or mobile/temporary accommodation,82,18,4,14,64,53,11
S01013361,All people in households,545,231,59,172,314,283,31
S01013361,Whole house or bungalow: Total,458,226,55,171,232,211,21
S01013361,Whole house or bungalow: Detached,24,23,10,13,1,1,0
S01013361,Whole house or bungalow: Semi-detached,125,70,9,61,55,49,6
S01013361,Whole house or bungalow: Terraced (including end-terrace),309,133,36,97,176,161,15
S01013361,Flat maisonette or apartment or mobile/temporary accommodation,87,5,4,1,82,72,10
S01013362,All people in households,494,305,110,195,189,152,37
S01013362,Whole house or bungalow: Total,393,291,103,188,102,69,33
S01013362,Whole house or bungalow: Detached,19,18,11,7,1,1,0
S01013362,Whole house or bungalow: Semi-detached,142,118,45,73,24,18,6
S01013362,Whole house or bungalow: Terraced (including end-terrace),232,155,47,108,77,50,27
S01013362,Flat maisonette or apartment or mobile/temporary accommodation,101,14,7,7,87,83,4
S01013363,All people in households,753,296,115,181,457,400,57
S01013363,Whole house or bungalow: Total,436,280,109,171,156,138,18
S01013363,Whole house or bungalow: Detached,29,20,5,15,9,9,0
S01013363,Whole house or bungalow: Semi-detached,167,106,42,64,61,46,15
S01013363,Whole house or bungalow: Terraced (including end-terrace),240,154,62,92,86,83,3
S01013363,Flat maisonette or apartment or mobile/temporary accommodation,317,16,6,10,301,262,39
S01013364,All people in households,903,643,174,469,260,218,42
S01013364,Whole house or bungalow: Total,870,633,171,462,237,197,40
S01013364,Whole house or bungalow: Detached,430,403,112,291,27,6,21
S01013364,Whole house or bungalow: Semi-detached,240,135,41,94,105,94,11
S01013364,Whole house or bungalow: Terraced (including end-terrace),200,95,18,77,105,97,8
S01013364,Flat maisonette or apartment or mobile/temporary accommodation,33,10,3,7,23,21,2
S01013365,All people in households,779,647,243,404,132,8,124
S01013365,Whole house or bungalow: Total,689,605,234,371,84,5,79
S01013365,Whole house or bungalow: Detached,389,366,138,228,23,0,23
S01013365,Whole house or bungalow: Semi-detached,268,219,88,131,49,1,48
S01013365,Whole house or bungalow: Terraced (including end-terrace),32,20,8,12,12,4,8
S01013365,Flat maisonette or apartment or mobile/temporary accommodation,90,42,9,33,48,3,45
S01013366,All people in households,888,740,168,572,148,104,44
S01013366,Whole house or bungalow: Total,871,737,165,572,134,93,41
S01013366,Whole house or bungalow: Detached,234,231,65,166,3,0,3
S01013366,Whole house or bungalow: Semi-detached,509,443,87,356,66,40,26
S01013366,Whole house or bungalow: Terraced (including end-terrace),128,63,13,50,65,53,12
S01013366,Flat maisonette or apartment or mobile/temporary accommodation,17,3,3,0,14,11,3
S01013367,All people in households,584,489,90,399,95,59,36
S01013367,Whole house or bungalow: Total,563,489,90,399,74,42,32
S01013367,Whole house or bungalow: Detached,355,332,66,266,23,2,21
S01013367,Whole house or bungalow: Semi-detached,136,120,14,106,16,9,7
S01013367,Whole house or bungalow: Terraced (including end-terrace),72,37,10,27,35,31,4
S01013367,Flat maisonette or apartment or mobile/temporary accommodation,21,0,0,0,21,17,4
S01013368,All people in households,719,560,168,392,159,110,49
S01013368,Whole house or bungalow: Total,659,530,163,367,129,91,38
S01013368,Whole house or bungalow: Detached,181,173,53,120,8,6,2
S01013368,Whole house or bungalow: Semi-detached,325,255,81,174,70,50,20
S01013368,Whole house or bungalow: Terraced (including end-terrace),153,102,29,73,51,35,16
S01013368,Flat maisonette or apartment or mobile/temporary accommodation,60,30,5,25,30,19,11
S01013369,All people in households,911,401,136,265,510,389,121
S01013369,Whole house or bungalow: Total,374,232,73,159,142,123,19
S01013369,Whole house or bungalow: Detached,20,17,8,9,3,3,0
S01013369,Whole house or bungalow: Semi-detached,295,196,61,135,99,84,15
S01013369,Whole house or bungalow: Terraced (including end-terrace),59,19,4,15,40,36,4
S01013369,Flat maisonette or apartment or mobile/temporary accommodation,537,169,63,106,368,266,102
S01013370,All people in households,582,258,90,168,324,304,20
S01013370,Whole house or bungalow: Total,395,236,86,150,159,146,13
S01013370,Whole house or bungalow: Detached,23,23,10,13,0,0,0
S01013370,Whole house or bungalow: Semi-detached,250,143,54,89,107,99,8
S01013370,Whole house or bungalow: Terraced (including end-terrace),122,70,22,48,52,47,5
S01013370,Flat maisonette or apartment or mobile/temporary accommodation,187,22,4,18,165,158,7
S01013371,All people in households,661,375,183,192,286,232,54
S01013371,Whole house or bungalow: Total,567,360,178,182,207,163,44
S01013371,Whole house or bungalow: Detached,87,76,53,23,11,7,4
S01013371,Whole house or bungalow: Semi-detached,397,244,105,139,153,116,37
S01013371,Whole house or bungalow: Terraced (including end-terrace),83,40,20,20,43,40,3
S01013371,Flat maisonette or apartment or mobile/temporary accommodation,94,15,5,10,79,69,10
S01013372,All people in households,1094,355,107,248,739,683,56
S01013372,Whole house or bungalow: Total,749,323,93,230,426,383,43
S01013372,Whole house or bungalow: Detached,51,25,0,25,26,23,3
S01013372,Whole house or bungalow: Semi-detached,350,146,49,97,204,186,18
S01013372,Whole house or bungalow: Terraced (including end-terrace),348,152,44,108,196,174,22
S01013372,Flat maisonette or apartment or mobile/temporary accommodation,345,32,14,18,313,300,13
S01013373,All people in households,925,518,185,333,407,319,88
S01013373,Whole house or bungalow: Total,702,480,180,300,222,152,70
S01013373,Whole house or bungalow: Detached,95,89,17,72,6,1,5
S01013373,Whole house or bungalow: Semi-detached,291,182,76,106,109,83,26
S01013373,Whole house or bungalow: Terraced (including end-terrace),316,209,87,122,107,68,39
S01013373,Flat maisonette or apartment or mobile/temporary accommodation,223,38,5,33,185,167,18
S01013374,All people in households,959,290,129,161,669,514,155
S01013374,Whole house or bungalow: Total,325,148,47,101,177,115,62
S01013374,Whole house or bungalow: Detached,47,30,14,16,17,10,7
S01013374,Whole house or bungalow: Semi-detached,168,71,17,54,97,57,40
S01013374,Whole house or bungalow: Terraced (including end-terrace),110,47,16,31,63,48,15
S01013374,Flat maisonette or apartment or mobile/temporary accommodation,634,142,82,60,492,399,93
S01013375,All people in households,574,330,120,210,244,197,47
S01013375,Whole house or bungalow: Total,441,312,118,194,129,89,40
S01013375,Whole house or bungalow: Detached,24,22,15,7,2,1,1
S01013375,Whole house or bungalow: Semi-detached,315,230,84,146,85,55,30
S01013375,Whole house or bungalow: Terraced (including end-terrace),102,60,19,41,42,33,9
S01013375,Flat maisonette or apartment or mobile/temporary accommodation,133,18,2,16,115,108,7
S01013376,All people in households,594,324,105,219,270,188,82
S01013376,Whole house or bungalow: Total,473,287,93,194,186,149,37
S01013376,Whole house or bungalow: Detached,8,8,7,1,0,0,0
S01013376,Whole house or bungalow: Semi-detached,299,210,65,145,89,73,16
S01013376,Whole house or bungalow: Terraced (including end-terrace),166,69,21,48,97,76,21
S01013376,Flat maisonette or apartment or mobile/temporary accommodation,121,37,12,25,84,39,45
S01013377,All people in households,772,478,200,278,294,210,84
S01013377,Whole house or bungalow: Total,587,437,183,254,150,101,49
S01013377,Whole house or bungalow: Detached,86,73,28,45,13,11,2
S01013377,Whole house or bungalow: Semi-detached,299,211,84,127,88,58,30
S01013377,Whole house or bungalow: Terraced (including end-terrace),202,153,71,82,49,32,17
S01013377,Flat maisonette or apartment or mobile/temporary accommodation,185,41,17,24,144,109,35
S01013378,All people in households,973,617,207,410,356,307,49
S01013378,Whole house or bungalow: Total,649,570,196,374,79,55,24
S01013378,Whole house or bungalow: Detached,244,237,75,162,7,3,4
S01013378,Whole house or bungalow: Semi-detached,318,275,105,170,43,28,15
S01013378,Whole house or bungalow: Terraced (including end-terrace),87,58,16,42,29,24,5
S01013378,Flat maisonette or apartment or mobile/temporary accommodation,324,47,11,36,277,252,25
S01013379,All people in households,826,574,181,393,252,189,63
S01013379,Whole house or bungalow: Total,783,557,180,377,226,168,58
S01013379,Whole house or bungalow: Detached,197,188,83,105,9,3,6
S01013379,Whole house or bungalow: Semi-detached,118,94,21,73,24,18,6
S01013379,Whole house or bungalow: Terraced (including end-terrace),468,275,76,199,193,147,46
S01013379,Flat maisonette or apartment or mobile/temporary accommodation,43,17,1,16,26,21,5
S01013380,All people in households,108,88,63,25,20,6,14
S01013380,Whole house or bungalow: Total,104,88,63,25,16,2,14
S01013380,Whole house or bungalow: Detached,68,60,45,15,8,0,8
S01013380,Whole house or bungalow: Semi-detached,36,28,18,10,8,2,6
S01013380,Whole house or bungalow: Terraced (including end-terrace),0,0,0,0,0,0,0
S01013380,Flat maisonette or apartment or mobile/temporary accommodation,4,0,0,0,4,4,0
S01013381,All people in households,489,306,118,188,183,160,23
S01013381,Whole house or bungalow: Total,484,305,118,187,179,156,23
S01013381,Whole house or bungalow: Detached,44,35,12,23,9,6,3
S01013381,Whole house or bungalow: Semi-detached,155,103,39,64,52,45,7
S01013381,Whole house or bungalow: Terraced (including end-terrace),285,167,67,100,118,105,13
S01013381,Flat maisonette or apartment or mobile/temporary accommodation,5,1,0,1,4,4,0
S01013382,All people in households,553,433,94,339,120,85,35
S01013382,Whole house or bungalow: Total,538,425,94,331,113,78,35
S01013382,Whole house or bungalow: Detached,225,220,38,182,5,2,3
S01013382,Whole house or bungalow: Semi-detached,181,112,29,83,69,44,25
S01013382,Whole house or bungalow: Terraced (including end-terrace),132,93,27,66,39,32,7
S01013382,Flat maisonette or apartment or mobile/temporary accommodation,15,8,0,8,7,7,0
S01013383,All people in households,679,344,107,237,335,286,49
S01013383,Whole house or bungalow: Total,466,302,87,215,164,142,22
S01013383,Whole house or bungalow: Detached,50,29,11,18,21,11,10
S01013383,Whole house or bungalow: Semi-detached,221,160,44,116,61,59,2
S01013383,Whole house or bungalow: Terraced (including end-terrace),195,113,32,81,82,72,10
S01013383,Flat maisonette or apartment or mobile/temporary accommodation,213,42,20,22,171,144,27
S01013384,All people in households,745,449,126,323,296,237,59
S01013384,Whole house or bungalow: Total,621,424,114,310,197,155,42
S01013384,Whole house or bungalow: Detached,85,72,27,45,13,6,7
S01013384,Whole house or bungalow: Semi-detached,309,213,58,155,96,71,25
S01013384,Whole house or bungalow: Terraced (including end-terrace),227,139,29,110,88,78,10
S01013384,Flat maisonette or apartment or mobile/temporary accommodation,124,25,12,13,99,82,17
S01013385,All people in households,480,363,130,233,117,76,41
S01013385,Whole house or bungalow: Total,454,355,129,226,99,60,39
S01013385,Whole house or bungalow: Detached,132,125,71,54,7,3,4
S01013385,Whole house or bungalow: Semi-detached,171,144,41,103,27,13,14
S01013385,Whole house or bungalow: Terraced (including end-terrace),151,86,17,69,65,44,21
S01013385,Flat maisonette or apartment or mobile/temporary accommodation,26,8,1,7,18,16,2
S01013386,All people in households,855,763,233,530,92,74,18
S01013386,Whole house or bungalow: Total,817,756,233,523,61,44,17
S01013386,Whole house or bungalow: Detached,376,373,108,265,3,1,2
S01013386,Whole house or bungalow: Semi-detached,386,361,113,248,25,17,8
S01013386,Whole house or bungalow: Terraced (including end-terrace),55,22,12,10,33,26,7
S01013386,Flat maisonette or apartment or mobile/temporary accommodation,38,7,0,7,31,30,1
S01013387,All people in households,612,320,98,222,292,272,20
S01013387,Whole house or bungalow: Total,602,316,97,219,286,268,18
S01013387,Whole house or bungalow: Detached,32,22,4,18,10,10,0
S01013387,Whole house or bungalow: Semi-detached,361,183,60,123,178,170,8
S01013387,Whole house or bungalow: Terraced (including end-terrace),209,111,33,78,98,88,10
S01013387,Flat maisonette or apartment or mobile/temporary accommodation,10,4,1,3,6,4,2
S01013388,All people in households,737,467,172,295,270,189,81
S01013388,Whole house or bungalow: Total,632,432,164,268,200,146,54
S01013388,Whole house or bungalow: Detached,137,112,40,72,25,11,14
S01013388,Whole house or bungalow: Semi-detached,237,167,83,84,70,55,15
S01013388,Whole house or bungalow: Terraced (including end-terrace),258,153,41,112,105,80,25
S01013388,Flat maisonette or apartment or mobile/temporary accommodation,105,35,8,27,70,43,27
S01013389,All people in households,757,514,122,392,243,187,56
S01013389,Whole house or bungalow: Total,591,432,104,328,159,118,41
S01013389,Whole house or bungalow: Detached,47,35,6,29,12,8,4
S01013389,Whole house or bungalow: Semi-detached,27,15,3,12,12,12,0
S01013389,Whole house or bungalow: Terraced (including end-terrace),517,382,95,287,135,98,37
S01013389,Flat maisonette or apartment or mobile/temporary accommodation,166,82,18,64,84,69,15
S01013390,All people in households,459,305,88,217,154,131,23
S01013390,Whole house or bungalow: Total,408,283,81,202,125,110,15
S01013390,Whole house or bungalow: Detached,17,13,0,13,4,3,1
S01013390,Whole house or bungalow: Semi-detached,124,90,23,67,34,23,11
S01013390,Whole house or bungalow: Terraced (including end-terrace),267,180,58,122,87,84,3
S01013390,Flat maisonette or apartment or mobile/temporary accommodation,51,22,7,15,29,21,8
S01013391,All people in households,435,330,122,208,105,79,26
S01013391,Whole house or bungalow: Total,419,321,119,202,98,74,24
S01013391,Whole house or bungalow: Detached,116,105,49,56,11,8,3
S01013391,Whole house or bungalow: Semi-detached,143,85,37,48,58,44,14
S01013391,Whole house or bungalow: Terraced (including end-terrace),160,131,33,98,29,22,7
S01013391,Flat maisonette or apartment or mobile/temporary accommodation,16,9,3,6,7,5,2
S01013392,All people in households,761,673,79,594,88,11,77
S01013392,Whole house or bungalow: Total,740,670,76,594,70,4,66
S01013392,Whole house or bungalow: Detached,550,508,63,445,42,0,42
S01013392,Whole house or bungalow: Semi-detached,170,148,11,137,22,0,22
S01013392,Whole house or bungalow: Terraced (including end-terrace),20,14,2,12,6,4,2
S01013392,Flat maisonette or apartment or mobile/temporary accommodation,21,3,3,0,18,7,11
S01013393,All people in households,713,410,109,301,303,249,54
S01013393,Whole house or bungalow: Total,535,389,107,282,146,98,48
S01013393,Whole house or bungalow: Detached,156,145,37,108,11,2,9
S01013393,Whole house or bungalow: Semi-detached,295,205,60,145,90,58,32
S01013393,Whole house or bungalow: Terraced (including end-terrace),84,39,10,29,45,38,7
S01013393,Flat maisonette or apartment or mobile/temporary accommodation,178,21,2,19,157,151,6
S01013394,All people in households,680,345,95,250,335,286,49
S01013394,Whole house or bungalow: Total,450,312,84,228,138,103,35
S01013394,Whole house or bungalow: Detached,109,103,29,74,6,3,3
S01013394,Whole house or bungalow: Semi-detached,206,118,28,90,88,71,17
S01013394,Whole house or bungalow: Terraced (including end-terrace),135,91,27,64,44,29,15
S01013394,Flat maisonette or apartment or mobile/temporary accommodation,230,33,11,22,197,183,14
S01013395,All people in households,728,149,35,114,579,535,44
S01013395,Whole house or bungalow: Total,119,69,20,49,50,29,21
S01013395,Whole house or bungalow: Detached,26,24,6,18,2,0,2
S01013395,Whole house or bungalow: Semi-detached,37,22,1,21,15,10,5
S01013395,Whole house or bungalow: Terraced (including end-terrace),56,23,13,10,33,19,14
S01013395,Flat maisonette or apartment or mobile/temporary accommodation,609,80,15,65,529,506,23
S01013396,All people in households,689,615,25,590,74,13,61
S01013396,Whole house or bungalow: Total,668,603,25,578,65,11,54
S01013396,Whole house or bungalow: Detached,433,411,20,391,22,0,22
S01013396,Whole house or bungalow: Semi-detached,108,96,3,93,12,2,10
S01013396,Whole house or bungalow: Terraced (including end-terrace),127,96,2,94,31,9,22
S01013396,Flat maisonette or apartment or mobile/temporary accommodation,21,12,0,12,9,2,7
S01013397,All people in households,858,569,120,449,289,220,69
S01013397,Whole house or bungalow: Total,756,545,113,432,211,147,64
S01013397,Whole house or bungalow: Detached,149,136,17,119,13,2,11
S01013397,Whole house or bungalow: Semi-detached,341,247,58,189,94,63,31
S01013397,Whole house or bungalow: Terraced (including end-terrace),266,162,38,124,104,82,22
S01013397,Flat maisonette or apartment or mobile/temporary accommodation,102,24,7,17,78,73,5
S01013398,All people in households,612,565,72,493,47,27,20
S01013398,Whole house or bungalow: Total,608,565,72,493,43,27,16
S01013398,Whole house or bungalow: Detached,555,531,65,466,24,11,13
S01013398,Whole house or bungalow: Semi-detached,20,13,3,10,7,4,3
S01013398,Whole house or bungalow: Terraced (including end-terrace),33,21,4,17,12,12,0
S01013398,Flat maisonette or apartment or mobile/temporary accommodation,4,0,0,0,4,0,4
S01013399,All people in households,1032,892,104,788,140,80,60
S01013399,Whole house or bungalow: Total,1004,883,96,787,121,69,52
S01013399,Whole house or bungalow: Detached,609,578,27,551,31,6,25
S01013399,Whole house or bungalow: Semi-detached,226,188,35,153,38,17,21
S01013399,Whole house or bungalow: Terraced (including end-terrace),169,117,34,83,52,46,6
S01013399,Flat maisonette or apartment or mobile/temporary accommodation,28,9,8,1,19,11,8
S01013400,All people in households,637,364,117,247,273,171,102
S01013400,Whole house or bungalow: Total,413,279,99,180,134,102,32
S01013400,Whole house or bungalow: Detached,72,66,17,49,6,1,5
S01013400,Whole house or bungalow: Semi-detached,195,129,52,77,66,52,14
S01013400,Whole house or bungalow: Terraced (including end-terrace),146,84,30,54,62,49,13
S01013400,Flat maisonette or apartment or mobile/temporary accommodation,224,85,18,67,139,69,70
S01013401,All people in households,805,655,71,584,150,84,66
S01013401,Whole house or bungalow: Total,647,568,67,501,79,58,21
S01013401,Whole house or bungalow: Detached,464,451,51,400,13,4,9
S01013401,Whole house or bungalow: Semi-detached,66,47,9,38,19,15,4
S01013401,Whole house or bungalow: Terraced (including end-terrace),117,70,7,63,47,39,8
S01013401,Flat maisonette or apartment or mobile/temporary accommodation,158,87,4,83,71,26,45
S01013402,All people in households,1057,865,40,825,192,9,183
S01013402,Whole house or bungalow: Total,771,699,26,673,72,6,66
S01013402,Whole house or bungalow: Detached,419,390,15,375,29,0,29
S01013402,Whole house or bungalow: Semi-detached,71,58,3,55,13,2,11
S01013402,Whole house or bungalow: Terraced (including end-terrace),281,251,8,243,30,4,26
S01013402,Flat maisonette or apartment or mobile/temporary accommodation,286,166,14,152,120,3,117
S01013403,All people in households,889,669,40,629,220,55,165
S01013403,Whole house or bungalow: Total,683,590,34,556,93,22,71
S01013403,Whole house or bungalow: Detached,398,370,28,342,28,0,28
S01013403,Whole house or bungalow: Semi-detached,63,49,1,48,14,7,7
S01013403,Whole house or bungalow: Terraced (including end-terrace),222,171,5,166,51,15,36
S01013403,Flat maisonette or apartment or mobile/temporary accommodation,206,79,6,73,127,33,94
S01013404,All people in households,595,375,29,346,220,104,116
S01013404,Whole house or bungalow: Total,533,353,28,325,180,102,78
S01013404,Whole house or bungalow: Detached,313,271,21,250,42,16,26
S01013404,Whole house or bungalow: Semi-detached,120,35,2,33,85,66,19
S01013404,Whole house or bungalow: Terraced (including end-terrace),100,47,5,42,53,20,33
S01013404,Flat maisonette or apartment or mobile/temporary accommodation,62,22,1,21,40,2,38
S01013405,All people in households,663,449,195,254,214,144,70
S01013405,Whole house or bungalow: Total,608,441,194,247,167,113,54
S01013405,Whole house or bungalow: Detached,169,160,77,83,9,2,7
S01013405,Whole house or bungalow: Semi-detached,251,186,95,91,65,46,19
S01013405,Whole house or bungalow: Terraced (including end-terrace),188,95,22,73,93,65,28
S01013405,Flat maisonette or apartment or mobile/temporary accommodation,55,8,1,7,47,31,16
S01013406,All people in households,612,293,81,212,319,263,56
S01013406,Whole house or bungalow: Total,562,286,80,206,276,231,45
S01013406,Whole house or bungalow: Detached,36,19,4,15,17,17,0
S01013406,Whole house or bungalow: Semi-detached,144,78,25,53,66,56,10
S01013406,Whole house or bungalow: Terraced (including end-terrace),382,189,51,138,193,158,35
S01013406,Flat maisonette or apartment or mobile/temporary accommodation,50,7,1,6,43,32,11
S01013407,All people in households,534,281,94,187,253,199,54
S01013407,Whole house or bungalow: Total,476,276,93,183,200,151,49
S01013407,Whole house or bungalow: Detached,26,18,3,15,8,1,7
S01013407,Whole house or bungalow: Semi-detached,126,52,11,41,74,62,12
S01013407,Whole house or bungalow: Terraced (including end-terrace),324,206,79,127,118,88,30
S01013407,Flat maisonette or apartment or mobile/temporary accommodation,58,5,1,4,53,48,5
S01013408,All people in households,658,262,66,196,396,311,85
S01013408,Whole house or bungalow: Total,523,246,61,185,277,201,76
S01013408,Whole house or bungalow: Detached,48,27,1,26,21,13,8
S01013408,Whole house or bungalow: Semi-detached,274,134,33,101,140,97,43
S01013408,Whole house or bungalow: Terraced (including end-terrace),201,85,27,58,116,91,25
S01013408,Flat maisonette or apartment or mobile/temporary accommodation,135,16,5,11,119,110,9
S01013409,All people in households,1052,639,164,475,413,286,127
S01013409,Whole house or bungalow: Total,1011,629,163,466,382,266,116
S01013409,Whole house or bungalow: Detached,374,348,76,272,26,10,16
S01013409,Whole house or bungalow: Semi-detached,303,131,39,92,172,113,59
S01013409,Whole house or bungalow: Terraced (including end-terrace),334,150,48,102,184,143,41
S01013409,Flat maisonette or apartment or mobile/temporary accommodation,41,10,1,9,31,20,11
S01013410,All people in households,687,112,26,86,575,538,37
S01013410,Whole house or bungalow: Total,423,76,22,54,347,327,20
S01013410,Whole house or bungalow: Detached,30,10,0,10,20,20,0
S01013410,Whole house or bungalow: Semi-detached,271,19,9,10,252,238,14
S01013410,Whole house or bungalow: Terraced (including end-terrace),122,47,13,34,75,69,6
S01013410,Flat maisonette or apartment or mobile/temporary accommodation,264,36,4,32,228,211,17
S01013411,All people in households,723,441,152,289,282,110,172
S01013411,Whole house or bungalow: Total,507,397,135,262,110,34,76
S01013411,Whole house or bungalow: Detached,267,258,94,164,9,0,9
S01013411,Whole house or bungalow: Semi-detached,126,76,30,46,50,19,31
S01013411,Whole house or bungalow: Terraced (including end-terrace),114,63,11,52,51,15,36
S01013411,Flat maisonette or apartment or mobile/temporary accommodation,216,44,17,27,172,76,96
S01013412,All people in households,797,511,127,384,286,206,80
S01013412,Whole house or bungalow: Total,528,430,102,328,98,69,29
S01013412,Whole house or bungalow: Detached,206,201,58,143,5,1,4
S01013412,Whole house or bungalow: Semi-detached,215,155,36,119,60,44,16
S01013412,Whole house or bungalow: Terraced (including end-terrace),107,74,8,66,33,24,9
S01013412,Flat maisonette or apartment or mobile/temporary accommodation,269,81,25,56,188,137,51
S01013413,All people in households,776,587,180,407,189,114,75
S01013413,Whole house or bungalow: Total,638,549,169,380,89,49,40
S01013413,Whole house or bungalow: Detached,330,321,107,214,9,0,9
S01013413,Whole house or bungalow: Semi-detached,253,185,49,136,68,44,24
S01013413,Whole house or bungalow: Terraced (including end-terrace),55,43,13,30,12,5,7
S01013413,Flat maisonette or apartment or mobile/temporary accommodation,138,38,11,27,100,65,35
S01013414,All people in households,825,366,138,228,459,179,280
S01013414,Whole house or bungalow: Total,313,221,83,138,92,41,51
S01013414,Whole house or bungalow: Detached,122,100,38,62,22,2,20
S01013414,Whole house or bungalow: Semi-detached,97,68,21,47,29,21,8
S01013414,Whole house or bungalow: Terraced (including end-terrace),94,53,24,29,41,18,23
S01013414,Flat maisonette or apartment or mobile/temporary accommodation,512,145,55,90,367,138,229
S01013415,All people in households,649,223,75,148,426,345,81
S01013415,Whole house or bungalow: Total,203,123,40,83,80,53,27
S01013415,Whole house or bungalow: Detached,39,32,9,23,7,1,6
S01013415,Whole house or bungalow: Semi-detached,73,43,22,21,30,22,8
S01013415,Whole house or bungalow: Terraced (including end-terrace),91,48,9,39,43,30,13
S01013415,Flat maisonette or apartment or mobile/temporary accommodation,446,100,35,65,346,292,54
S01013416,All people in households,576,270,85,185,306,258,48
S01013416,Whole house or bungalow: Total,394,228,80,148,166,140,26
S01013416,Whole house or bungalow: Detached,44,32,11,21,12,12,0
S01013416,Whole house or bungalow: Semi-detached,216,142,48,94,74,53,21
S01013416,Whole house or bungalow: Terraced (including end-terrace),134,54,21,33,80,75,5
S01013416,Flat maisonette or apartment or mobile/temporary accommodation,182,42,5,37,140,118,22
S01013417,All people in households,812,414,144,270,398,227,171
S01013417,Whole house or bungalow: Total,443,333,127,206,110,77,33
S01013417,Whole house or bungalow: Detached,100,90,37,53,10,2,8
S01013417,Whole house or bungalow: Semi-detached,163,119,53,66,44,31,13
S01013417,Whole house or bungalow: Terraced (including end-terrace),180,124,37,87,56,44,12
S01013417,Flat maisonette or apartment or mobile/temporary accommodation,369,81,17,64,288,150,138
S01013418,All people in households,642,372,104,268,270,202,68
S01013418,Whole house or bungalow: Total,576,339,81,258,237,196,41
S01013418,Whole house or bungalow: Detached,154,150,37,113,4,3,1
S01013418,Whole house or bungalow: Semi-detached,240,125,38,87,115,84,31
S01013418,Whole house or bungalow: Terraced (including end-terrace),182,64,6,58,118,109,9
S01013418,Flat maisonette or apartment or mobile/temporary accommodation,66,33,23,10,33,6,27
S01013419,All people in households,468,446,137,309,22,10,12
S01013419,Whole house or bungalow: Total,448,437,134,303,11,1,10
S01013419,Whole house or bungalow: Detached,176,174,82,92,2,0,2
S01013419,Whole house or bungalow: Semi-detached,212,205,42,163,7,1,6
S01013419,Whole house or bungalow: Terraced (including end-terrace),60,58,10,48,2,0,2
S01013419,Flat maisonette or apartment or mobile/temporary accommodation,20,9,3,6,11,9,2
S01013420,All people in households,565,408,89,319,157,86,71
S01013420,Whole house or bungalow: Total,494,368,77,291,126,61,65
S01013420,Whole house or bungalow: Detached,62,53,18,35,9,2,7
S01013420,Whole house or bungalow: Semi-detached,205,161,28,133,44,13,31
S01013420,Whole house or bungalow: Terraced (including end-terrace),227,154,31,123,73,46,27
S01013420,Flat maisonette or apartment or mobile/temporary accommodation,71,40,12,28,31,25,6
S01013421,All people in households,804,710,63,647,94,55,39
S01013421,Whole house or bungalow: Total,790,708,63,645,82,44,38
S01013421,Whole house or bungalow: Detached,547,525,48,477,22,2,20
S01013421,Whole house or bungalow: Semi-detached,181,144,10,134,37,23,14
S01013421,Whole house or bungalow: Terraced (including end-terrace),62,39,5,34,23,19,4
S01013421,Flat maisonette or apartment or mobile/temporary accommodation,14,2,0,2,12,11,1
S01013422,All people in households,724,443,134,309,281,233,48
S01013422,Whole house or bungalow: Total,717,443,134,309,274,226,48
S01013422,Whole house or bungalow: Detached,59,50,17,33,9,2,7
S01013422,Whole house or bungalow: Semi-detached,445,270,105,165,175,149,26
S01013422,Whole house or bungalow: Terraced (including end-terrace),213,123,12,111,90,75,15
S01013422,Flat maisonette or apartment or mobile/temporary accommodation,7,0,0,0,7,7,0
S01013423,All people in households,820,637,180,457,183,143,40
S01013423,Whole house or bungalow: Total,792,630,176,454,162,130,32
S01013423,Whole house or bungalow: Detached,290,276,68,208,14,8,6
S01013423,Whole house or bungalow: Semi-detached,371,276,88,188,95,73,22
S01013423,Whole house or bungalow: Terraced (including end-terrace),131,78,20,58,53,49,4
S01013423,Flat maisonette or apartment or mobile/temporary accommodation,28,7,4,3,21,13,8
S01013424,All people in households,494,433,107,326,61,25,36
S01013424,Whole house or bungalow: Total,481,428,106,322,53,23,30
S01013424,Whole house or bungalow: Detached,354,336,74,262,18,1,17
S01013424,Whole house or bungalow: Semi-detached,94,88,29,59,6,0,6
S01013424,Whole house or bungalow: Terraced (including end-terrace),33,4,3,1,29,22,7
S01013424,Flat maisonette or apartment or mobile/temporary accommodation,13,5,1,4,8,2,6
S01013425,All people in households,429,339,97,242,90,37,53
S01013425,Whole house or bungalow: Total,336,290,86,204,46,21,25
S01013425,Whole house or bungalow: Detached,153,142,59,83,11,3,8
S01013425,Whole house or bungalow: Semi-detached,120,101,22,79,19,8,11
S01013425,Whole house or bungalow: Terraced (including end-terrace),63,47,5,42,16,10,6
S01013425,Flat maisonette or apartment or mobile/temporary accommodation,93,49,11,38,44,16,28
S01013426,All people in households,826,454,154,300,372,273,99
S01013426,Whole house or bungalow: Total,769,440,154,286,329,239,90
S01013426,Whole house or bungalow: Detached,67,62,16,46,5,5,0
S01013426,Whole house or bungalow: Semi-detached,327,202,87,115,125,94,31
S01013426,Whole house or bungalow: Terraced (including end-terrace),375,176,51,125,199,140,59
S01013426,Flat maisonette or apartment or mobile/temporary accommodation,57,14,0,14,43,34,9
S01013427,All people in households,452,375,70,305,77,18,59
S01013427,Whole house or bungalow: Total,389,359,67,292,30,11,19
S01013427,Whole house or bungalow: Detached,321,304,56,248,17,0,17
S01013427,Whole house or bungalow: Semi-detached,52,41,9,32,11,11,0
S01013427,Whole house or bungalow: Terraced (including end-terrace),16,14,2,12,2,0,2
S01013427,Flat maisonette or apartment or mobile/temporary accommodation,63,16,3,13,47,7,40
S01013428,All people in households,944,459,130,329,485,390,95
S01013428,Whole house or bungalow: Total,786,449,126,323,337,277,60
S01013428,Whole house or bungalow: Detached,143,135,32,103,8,8,0
S01013428,Whole house or bungalow: Semi-detached,487,248,76,172,239,192,47
S01013428,Whole house or bungalow: Terraced (including end-terrace),156,66,18,48,90,77,13
S01013428,Flat maisonette or apartment or mobile/temporary accommodation,158,10,4,6,148,113,35
S01013429,All people in households,681,456,109,347,225,140,85
S01013429,Whole house or bungalow: Total,609,441,103,338,168,102,66
S01013429,Whole house or bungalow: Detached,200,176,38,138,24,5,19
S01013429,Whole house or bungalow: Semi-detached,226,149,28,121,77,49,28
S01013429,Whole house or bungalow: Terraced (including end-terrace),183,116,37,79,67,48,19
S01013429,Flat maisonette or apartment or mobile/temporary accommodation,72,15,6,9,57,38,19
S01013430,All people in households,693,555,153,402,138,97,41
S01013430,Whole house or bungalow: Total,677,550,153,397,127,88,39
S01013430,Whole house or bungalow: Detached,211,188,45,143,23,8,15
S01013430,Whole house or bungalow: Semi-detached,316,244,78,166,72,49,23
S01013430,Whole house or bungalow: Terraced (including end-terrace),150,118,30,88,32,31,1
S01013430,Flat maisonette or apartment or mobile/temporary accommodation,16,5,0,5,11,9,2
S01013431,All people in households,683,390,137,253,293,256,37
S01013431,Whole house or bungalow: Total,603,385,135,250,218,187,31
S01013431,Whole house or bungalow: Detached,204,189,72,117,15,2,13
S01013431,Whole house or bungalow: Semi-detached,180,92,28,64,88,82,6
S01013431,Whole house or bungalow: Terraced (including end-terrace),219,104,35,69,115,103,12
S01013431,Flat maisonette or apartment or mobile/temporary accommodation,80,5,2,3,75,69,6
S01013432,All people in households,703,472,168,304,231,175,56
S01013432,Whole house or bungalow: Total,670,457,162,295,213,161,52
S01013432,Whole house or bungalow: Detached,262,225,61,164,37,26,11
S01013432,Whole house or bungalow: Semi-detached,171,100,52,48,71,52,19
S01013432,Whole house or bungalow: Terraced (including end-terrace),237,132,49,83,105,83,22
S01013432,Flat maisonette or apartment or mobile/temporary accommodation,33,15,6,9,18,14,4
S01013433,All people in households,746,623,211,412,123,86,37
S01013433,Whole house or bungalow: Total,714,614,211,403,100,64,36
S01013433,Whole house or bungalow: Detached,381,365,133,232,16,2,14
S01013433,Whole house or bungalow: Semi-detached,121,85,34,51,36,29,7
S01013433,Whole house or bungalow: Terraced (including end-terrace),212,164,44,120,48,33,15
S01013433,Flat maisonette or apartment or mobile/temporary accommodation,32,9,0,9,23,22,1
S01013434,All people in households,534,457,162,295,77,30,47
S01013434,Whole house or bungalow: Total,509,443,157,286,66,22,44
S01013434,Whole house or bungalow: Detached,355,324,133,191,31,5,26
S01013434,Whole house or bungalow: Semi-detached,87,71,13,58,16,10,6
S01013434,Whole house or bungalow: Terraced (including end-terrace),67,48,11,37,19,7,12
S01013434,Flat maisonette or apartment or mobile/temporary accommodation,25,14,5,9,11,8,3
S01013435,All people in households,664,628,208,420,36,9,27
S01013435,Whole house or bungalow: Total,631,609,203,406,22,8,14
S01013435,Whole house or bungalow: Detached,529,517,169,348,12,0,12
S01013435,Whole house or bungalow: Semi-detached,99,90,34,56,9,7,2
S01013435,Whole house or bungalow: Terraced (including end-terrace),3,2,0,2,1,1,0
S01013435,Flat maisonette or apartment or mobile/temporary accommodation,33,19,5,14,14,1,13
S01013436,All people in households,884,607,159,448,277,233,44
S01013436,Whole house or bungalow: Total,859,601,158,443,258,220,38
S01013436,Whole house or bungalow: Detached,200,196,56,140,4,0,4
S01013436,Whole house or bungalow: Semi-detached,288,196,53,143,92,83,9
S01013436,Whole house or bungalow: Terraced (including end-terrace),371,209,49,160,162,137,25
S01013436,Flat maisonette or apartment or mobile/temporary accommodation,25,6,1,5,19,13,6
S01013437,All people in households,645,410,111,299,235,142,93
S01013437,Whole house or bungalow: Total,390,296,80,216,94,85,9
S01013437,Whole house or bungalow: Detached,117,97,33,64,20,15,5
S01013437,Whole house or bungalow: Semi-detached,69,52,9,43,17,17,0
S01013437,Whole house or bungalow: Terraced (including end-terrace),204,147,38,109,57,53,4
S01013437,Flat maisonette or apartment or mobile/temporary accommodation,255,114,31,83,141,57,84
S01013438,All people in households,575,292,96,196,283,155,128
S01013438,Whole house or bungalow: Total,288,172,60,112,116,51,65
S01013438,Whole house or bungalow: Detached,93,82,23,59,11,9,2
S01013438,Whole house or bungalow: Semi-detached,51,28,15,13,23,9,14
S01013438,Whole house or bungalow: Terraced (including end-terrace),144,62,22,40,82,33,49
S01013438,Flat maisonette or apartment or mobile/temporary accommodation,287,120,36,84,167,104,63
S01013439,All people in households,899,850,391,459,49,14,35
S01013439,Whole house or bungalow: Total,886,846,387,459,40,7,33
S01013439,Whole house or bungalow: Detached,559,541,265,276,18,0,18
S01013439,Whole house or bungalow: Semi-detached,253,237,100,137,16,4,12
S01013439,Whole house or bungalow: Terraced (including end-terrace),74,68,22,46,6,3,3
S01013439,Flat maisonette or apartment or mobile/temporary accommodation,13,4,4,0,9,7,2
S01013440,All people in households,1012,966,430,536,46,26,20
S01013440,Whole house or bungalow: Total,1006,964,428,536,42,24,18
S01013440,Whole house or bungalow: Detached,844,822,387,435,22,6,16
S01013440,Whole house or bungalow: Semi-detached,106,88,28,60,18,16,2
S01013440,Whole house or bungalow: Terraced (including end-terrace),56,54,13,41,2,2,0
S01013440,Flat maisonette or apartment or mobile/temporary accommodation,6,2,2,0,4,2,2
S01013441,All people in households,745,657,312,345,88,16,72
S01013441,Whole house or bungalow: Total,623,589,280,309,34,8,26
S01013441,Whole house or bungalow: Detached,358,346,169,177,12,4,8
S01013441,Whole house or bungalow: Semi-detached,191,181,84,97,10,1,9
S01013441,Whole house or bungalow: Terraced (including end-terrace),74,62,27,35,12,3,9
S01013441,Flat maisonette or apartment or mobile/temporary accommodation,122,68,32,36,54,8,46
S01013442,All people in households,785,656,222,434,129,53,76
S01013442,Whole house or bungalow: Total,584,527,184,343,57,25,32
S01013442,Whole house or bungalow: Detached,129,114,47,67,15,3,12
S01013442,Whole house or bungalow: Semi-detached,378,368,129,239,10,10,0
S01013442,Whole house or bungalow: Terraced (including end-terrace),77,45,8,37,32,12,20
S01013442,Flat maisonette or apartment or mobile/temporary accommodation,201,129,38,91,72,28,44
S01013443,All people in households,635,507,207,300,128,32,96
S01013443,Whole house or bungalow: Total,415,389,155,234,26,4,22
S01013443,Whole house or bungalow: Detached,158,147,57,90,11,4,7
S01013443,Whole house or bungalow: Semi-detached,161,151,75,76,10,0,10
S01013443,Whole house or bungalow: Terraced (including end-terrace),96,91,23,68,5,0,5
S01013443,Flat maisonette or apartment or mobile/temporary accommodation,220,118,52,66,102,28,74
S01013444,All people in households,928,478,164,314,450,231,219
S01013444,Whole house or bungalow: Total,207,171,58,113,36,7,29
S01013444,Whole house or bungalow: Detached,121,112,31,81,9,0,9
S01013444,Whole house or bungalow: Semi-detached,31,23,9,14,8,4,4
S01013444,Whole house or bungalow: Terraced (including end-terrace),55,36,18,18,19,3,16
S01013444,Flat maisonette or apartment or mobile/temporary accommodation,721,307,106,201,414,224,190
S01013445,All people in households,624,563,237,326,61,43,18
S01013445,Whole house or bungalow: Total,520,515,213,302,5,1,4
S01013445,Whole house or bungalow: Detached,360,358,156,202,2,0,2
S01013445,Whole house or bungalow: Semi-detached,152,149,57,92,3,1,2
S01013445,Whole house or bungalow: Terraced (including end-terrace),8,8,0,8,0,0,0
S01013445,Flat maisonette or apartment or mobile/temporary accommodation,104,48,24,24,56,42,14
S01013446,All people in households,713,546,201,345,167,101,66
S01013446,Whole house or bungalow: Total,655,523,192,331,132,71,61
S01013446,Whole house or bungalow: Detached,167,159,68,91,8,0,8
S01013446,Whole house or bungalow: Semi-detached,185,147,50,97,38,18,20
S01013446,Whole house or bungalow: Terraced (including end-terrace),303,217,74,143,86,53,33
S01013446,Flat maisonette or apartment or mobile/temporary accommodation,58,23,9,14,35,30,5
S01013447,All people in households,645,593,123,470,52,12,40
S01013447,Whole house or bungalow: Total,598,569,121,448,29,3,26
S01013447,Whole house or bungalow: Detached,508,491,111,380,17,0,17
S01013447,Whole house or bungalow: Semi-detached,75,68,10,58,7,3,4
S01013447,Whole house or bungalow: Terraced (including end-terrace),15,10,0,10,5,0,5
S01013447,Flat maisonette or apartment or mobile/temporary accommodation,47,24,2,22,23,9,14
S01013448,All people in households,798,711,380,331,87,16,71
S01013448,Whole house or bungalow: Total,594,565,275,290,29,5,24
S01013448,Whole house or bungalow: Detached,342,335,180,155,7,0,7
S01013448,Whole house or bungalow: Semi-detached,195,189,78,111,6,1,5
S01013448,Whole house or bungalow: Terraced (including end-terrace),57,41,17,24,16,4,12
S01013448,Flat maisonette or apartment or mobile/temporary accommodation,204,146,105,41,58,11,47
S01013449,All people in households,640,607,226,381,33,5,28
S01013449,Whole house or bungalow: Total,612,592,222,370,20,4,16
S01013449,Whole house or bungalow: Detached,213,213,105,108,0,0,0
S01013449,Whole house or bungalow: Semi-detached,375,359,105,254,16,4,12
S01013449,Whole house or bungalow: Terraced (including end-terrace),24,20,12,8,4,0,4
S01013449,Flat maisonette or apartment or mobile/temporary accommodation,28,15,4,11,13,1,12
S01013450,All people in households,588,519,141,378,69,1,68
S01013450,Whole house or bungalow: Total,557,504,137,367,53,0,53
S01013450,Whole house or bungalow: Detached,185,176,63,113,9,0,9
S01013450,Whole house or bungalow: Semi-detached,243,226,60,166,17,0,17
S01013450,Whole house or bungalow: Terraced (including end-terrace),129,102,14,88,27,0,27
S01013450,Flat maisonette or apartment or mobile/temporary accommodation,31,15,4,11,16,1,15
S01013451,All people in households,871,838,237,601,33,15,18
S01013451,Whole house or bungalow: Total,860,834,237,597,26,11,15
S01013451,Whole house or bungalow: Detached,491,490,145,345,1,0,1
S01013451,Whole house or bungalow: Semi-detached,321,300,86,214,21,8,13
S01013451,Whole house or bungalow: Terraced (including end-terrace),48,44,6,38,4,3,1
S01013451,Flat maisonette or apartment or mobile/temporary accommodation,11,4,0,4,7,4,3
S01013452,All people in households,779,692,260,432,87,13,74
S01013452,Whole house or bungalow: Total,738,668,254,414,70,9,61
S01013452,Whole house or bungalow: Detached,403,392,190,202,11,0,11
S01013452,Whole house or bungalow: Semi-detached,233,203,49,154,30,6,24
S01013452,Whole house or bungalow: Terraced (including end-terrace),102,73,15,58,29,3,26
S01013452,Flat maisonette or apartment or mobile/temporary accommodation,41,24,6,18,17,4,13
S01013453,All people in households,772,269,107,162,503,462,41
S01013453,Whole house or bungalow: Total,395,240,95,145,155,118,37
S01013453,Whole house or bungalow: Detached,49,42,23,19,7,6,1
S01013453,Whole house or bungalow: Semi-detached,212,130,53,77,82,53,29
S01013453,Whole house or bungalow: Terraced (including end-terrace),134,68,19,49,66,59,7
S01013453,Flat maisonette or apartment or mobile/temporary accommodation,377,29,12,17,348,344,4
S01013454,All people in households,753,622,211,411,131,54,77
S01013454,Whole house or bungalow: Total,667,567,198,369,100,38,62
S01013454,Whole house or bungalow: Detached,241,206,83,123,35,3,32
S01013454,Whole house or bungalow: Semi-detached,162,134,37,97,28,10,18
S01013454,Whole house or bungalow: Terraced (including end-terrace),264,227,78,149,37,25,12
S01013454,Flat maisonette or apartment or mobile/temporary accommodation,86,55,13,42,31,16,15
S01013455,All people in households,560,333,139,194,227,73,154
S01013455,Whole house or bungalow: Total,446,273,120,153,173,51,122
S01013455,Whole house or bungalow: Detached,182,117,66,51,65,0,65
S01013455,Whole house or bungalow: Semi-detached,158,93,37,56,65,29,36
S01013455,Whole house or bungalow: Terraced (including end-terrace),106,63,17,46,43,22,21
S01013455,Flat maisonette or apartment or mobile/temporary accommodation,114,60,19,41,54,22,32
S01013456,All people in households,772,484,119,365,288,217,71
S01013456,Whole house or bungalow: Total,642,423,105,318,219,153,66
S01013456,Whole house or bungalow: Detached,89,82,15,67,7,2,5
S01013456,Whole house or bungalow: Semi-detached,199,136,38,98,63,46,17
S01013456,Whole house or bungalow: Terraced (including end-terrace),354,205,52,153,149,105,44
S01013456,Flat maisonette or apartment or mobile/temporary accommodation,130,61,14,47,69,64,5
S01013457,All people in households,909,520,163,357,389,323,66
S01013457,Whole house or bungalow: Total,557,346,108,238,211,192,19
S01013457,Whole house or bungalow: Detached,24,21,11,10,3,3,0
S01013457,Whole house or bungalow: Semi-detached,231,110,34,76,121,113,8
S01013457,Whole house or bungalow: Terraced (including end-terrace),302,215,63,152,87,76,11
S01013457,Flat maisonette or apartment or mobile/temporary accommodation,352,174,55,119,178,131,47
S01013458,All people in households,711,508,171,337,203,145,58
S01013458,Whole house or bungalow: Total,486,423,145,278,63,30,33
S01013458,Whole house or bungalow: Detached,145,127,40,87,18,4,14
S01013458,Whole house or bungalow: Semi-detached,236,213,67,146,23,7,16
S01013458,Whole house or bungalow: Terraced (including end-terrace),105,83,38,45,22,19,3
S01013458,Flat maisonette or apartment or mobile/temporary accommodation,225,85,26,59,140,115,25
S01013459,All people in households,797,475,143,332,322,208,114
S01013459,Whole house or bungalow: Total,334,274,87,187,60,37,23
S01013459,Whole house or bungalow: Detached,93,90,40,50,3,3,0
S01013459,Whole house or bungalow: Semi-detached,109,85,21,64,24,11,13
S01013459,Whole house or bungalow: Terraced (including end-terrace),132,99,26,73,33,23,10
S01013459,Flat maisonette or apartment or mobile/temporary accommodation,463,201,56,145,262,171,91
S01013460,All people in households,849,537,162,375,312,272,40
S01013460,Whole house or bungalow: Total,741,502,142,360,239,202,37
S01013460,Whole house or bungalow: Detached,41,28,2,26,13,10,3
S01013460,Whole house or bungalow: Semi-detached,517,358,112,246,159,136,23
S01013460,Whole house or bungalow: Terraced (including end-terrace),183,116,28,88,67,56,11
S01013460,Flat maisonette or apartment or mobile/temporary accommodation,108,35,20,15,73,70,3
S01013461,All people in households,1098,689,109,580,409,278,131
S01013461,Whole house or bungalow: Total,963,641,97,544,322,218,104
S01013461,Whole house or bungalow: Detached,319,281,25,256,38,11,27
S01013461,Whole house or bungalow: Semi-detached,244,131,25,106,113,72,41
S01013461,Whole house or bungalow: Terraced (including end-terrace),400,229,47,182,171,135,36
S01013461,Flat maisonette or apartment or mobile/temporary accommodation,135,48,12,36,87,60,27
S01013462,All people in households,830,688,109,579,142,66,76
S01013462,Whole house or bungalow: Total,746,651,104,547,95,39,56
S01013462,Whole house or bungalow: Detached,319,304,44,260,15,2,13
S01013462,Whole house or bungalow: Semi-detached,160,130,26,104,30,11,19
S01013462,Whole house or bungalow: Terraced (including end-terrace),267,217,34,183,50,26,24
S01013462,Flat maisonette or apartment or mobile/temporary accommodation,84,37,5,32,47,27,20
S01013463,All people in households,590,302,57,245,288,238,50
S01013463,Whole house or bungalow: Total,534,295,56,239,239,199,40
S01013463,Whole house or bungalow: Detached,65,55,9,46,10,2,8
S01013463,Whole house or bungalow: Semi-detached,258,137,21,116,121,111,10
S01013463,Whole house or bungalow: Terraced (including end-terrace),211,103,26,77,108,86,22
S01013463,Flat maisonette or apartment or mobile/temporary accommodation,56,7,1,6,49,39,10
S01013464,All people in households,698,580,277,303,118,54,64
S01013464,Whole house or bungalow: Total,651,553,272,281,98,47,51
S01013464,Whole house or bungalow: Detached,198,189,99,90,9,2,7
S01013464,Whole house or bungalow: Semi-detached,167,144,68,76,23,8,15
S01013464,Whole house or bungalow: Terraced (including end-terrace),286,220,105,115,66,37,29
S01013464,Flat maisonette or apartment or mobile/temporary accommodation,47,27,5,22,20,7,13
S01013465,All people in households,669,552,241,311,117,66,51
S01013465,Whole house or bungalow: Total,583,488,224,264,95,60,35
S01013465,Whole house or bungalow: Detached,133,124,49,75,9,2,7
S01013465,Whole house or bungalow: Semi-detached,255,224,94,130,31,22,9
S01013465,Whole house or bungalow: Terraced (including end-terrace),195,140,81,59,55,36,19
S01013465,Flat maisonette or apartment or mobile/temporary accommodation,86,64,17,47,22,6,16
S01013466,All people in households,295,218,125,93,77,32,45
S01013466,Whole house or bungalow: Total,268,215,122,93,53,8,45
S01013466,Whole house or bungalow: Detached,172,149,89,60,23,0,23
S01013466,Whole house or bungalow: Semi-detached,73,53,28,25,20,7,13
S01013466,Whole house or bungalow: Terraced (including end-terrace),23,13,5,8,10,1,9
S01013466,Flat maisonette or apartment or mobile/temporary accommodation,27,3,3,0,24,24,0
S01013467,All people in households,950,862,183,679,88,37,51
S01013467,Whole house or bungalow: Total,942,858,182,676,84,35,49
S01013467,Whole house or bungalow: Detached,589,566,84,482,23,4,19
S01013467,Whole house or bungalow: Semi-detached,235,205,68,137,30,11,19
S01013467,Whole house or bungalow: Terraced (including end-terrace),118,87,30,57,31,20,11
S01013467,Flat maisonette or apartment or mobile/temporary accommodation,8,4,1,3,4,2,2
S01013468,All people in households,597,377,126,251,220,157,63
S01013468,Whole house or bungalow: Total,313,240,93,147,73,45,28
S01013468,Whole house or bungalow: Detached,83,80,29,51,3,0,3
S01013468,Whole house or bungalow: Semi-detached,159,133,59,74,26,11,15
S01013468,Whole house or bungalow: Terraced (including end-terrace),71,27,5,22,44,34,10
S01013468,Flat maisonette or apartment or mobile/temporary accommodation,284,137,33,104,147,112,35
S01013469,All people in households,744,672,279,393,72,41,31
S01013469,Whole house or bungalow: Total,704,650,274,376,54,32,22
S01013469,Whole house or bungalow: Detached,149,144,72,72,5,0,5
S01013469,Whole house or bungalow: Semi-detached,235,228,104,124,7,4,3
S01013469,Whole house or bungalow: Terraced (including end-terrace),320,278,98,180,42,28,14
S01013469,Flat maisonette or apartment or mobile/temporary accommodation,40,22,5,17,18,9,9
S01013470,All people in households,742,365,118,247,377,288,89
S01013470,Whole house or bungalow: Total,376,270,85,185,106,75,31
S01013470,Whole house or bungalow: Detached,59,50,26,24,9,2,7
S01013470,Whole house or bungalow: Semi-detached,237,162,45,117,75,56,19
S01013470,Whole house or bungalow: Terraced (including end-terrace),80,58,14,44,22,17,5
S01013470,Flat maisonette or apartment or mobile/temporary accommodation,366,95,33,62,271,213,58
S01013471,All people in households,935,573,187,386,362,310,52
S01013471,Whole house or bungalow: Total,835,537,175,362,298,261,37
S01013471,Whole house or bungalow: Detached,93,76,40,36,17,3,14
S01013471,Whole house or bungalow: Semi-detached,146,92,26,66,54,52,2
S01013471,Whole house or bungalow: Terraced (including end-terrace),596,369,109,260,227,206,21
S01013471,Flat maisonette or apartment or mobile/temporary accommodation,100,36,12,24,64,49,15
S01013472,All people in households,624,563,69,494,61,14,47
S01013472,Whole house or bungalow: Total,601,557,69,488,44,4,40
S01013472,Whole house or bungalow: Detached,507,477,45,432,30,0,30
S01013472,Whole house or bungalow: Semi-detached,53,47,13,34,6,0,6
S01013472,Whole house or bungalow: Terraced (including end-terrace),41,33,11,22,8,4,4
S01013472,Flat maisonette or apartment or mobile/temporary accommodation,23,6,0,6,17,10,7
S01013473,All people in households,682,632,80,552,50,15,35
S01013473,Whole house or bungalow: Total,671,632,80,552,39,6,33
S01013473,Whole house or bungalow: Detached,561,535,66,469,26,3,23
S01013473,Whole house or bungalow: Semi-detached,22,22,3,19,0,0,0
S01013473,Whole house or bungalow: Terraced (including end-terrace),88,75,11,64,13,3,10
S01013473,Flat maisonette or apartment or mobile/temporary accommodation,11,0,0,0,11,9,2
S01013474,All people in households,639,545,81,464,94,20,74
S01013474,Whole house or bungalow: Total,590,529,81,448,61,5,56
S01013474,Whole house or bungalow: Detached,291,280,34,246,11,0,11
S01013474,Whole house or bungalow: Semi-detached,240,205,40,165,35,5,30
S01013474,Whole house or bungalow: Terraced (including end-terrace),59,44,7,37,15,0,15
S01013474,Flat maisonette or apartment or mobile/temporary accommodation,49,16,0,16,33,15,18
S01013475,All people in households,613,531,189,342,82,37,45
S01013475,Whole house or bungalow: Total,573,524,186,338,49,11,38
S01013475,Whole house or bungalow: Detached,199,188,81,107,11,0,11
S01013475,Whole house or bungalow: Semi-detached,304,285,97,188,19,0,19
S01013475,Whole house or bungalow: Terraced (including end-terrace),70,51,8,43,19,11,8
S01013475,Flat maisonette or apartment or mobile/temporary accommodation,40,7,3,4,33,26,7
S01013476,All people in households,626,481,204,277,145,94,51
S01013476,Whole house or bungalow: Total,488,445,193,252,43,18,25
S01013476,Whole house or bungalow: Detached,173,168,76,92,5,0,5
S01013476,Whole house or bungalow: Semi-detached,228,211,85,126,17,5,12
S01013476,Whole house or bungalow: Terraced (including end-terrace),87,66,32,34,21,13,8
S01013476,Flat maisonette or apartment or mobile/temporary accommodation,138,36,11,25,102,76,26
S01013477,All people in households,605,325,120,205,280,197,83
S01013477,Whole house or bungalow: Total,317,227,95,132,90,59,31
S01013477,Whole house or bungalow: Detached,55,55,21,34,0,0,0
S01013477,Whole house or bungalow: Semi-detached,106,65,28,37,41,22,19
S01013477,Whole house or bungalow: Terraced (including end-terrace),156,107,46,61,49,37,12
S01013477,Flat maisonette or apartment or mobile/temporary accommodation,288,98,25,73,190,138,52
S01013478,All people in households,851,559,101,458,292,192,100
S01013478,Whole house or bungalow: Total,612,481,90,391,131,75,56
S01013478,Whole house or bungalow: Detached,265,255,49,206,10,1,9
S01013478,Whole house or bungalow: Semi-detached,162,123,22,101,39,16,23
S01013478,Whole house or bungalow: Terraced (including end-terrace),185,103,19,84,82,58,24
S01013478,Flat maisonette or apartment or mobile/temporary accommodation,239,78,11,67,161,117,44
S01013479,All people in households,781,376,132,244,405,278,127
S01013479,Whole house or bungalow: Total,403,275,105,170,128,82,46
S01013479,Whole house or bungalow: Detached,139,117,51,66,22,11,11
S01013479,Whole house or bungalow: Semi-detached,99,61,20,41,38,22,16
S01013479,Whole house or bungalow: Terraced (including end-terrace),165,97,34,63,68,49,19
S01013479,Flat maisonette or apartment or mobile/temporary accommodation,378,101,27,74,277,196,81
S01013480,All people in households,671,429,186,243,242,170,72
S01013480,Whole house or bungalow: Total,632,420,181,239,212,148,64
S01013480,Whole house or bungalow: Detached,21,14,11,3,7,1,6
S01013480,Whole house or bungalow: Semi-detached,158,103,29,74,55,45,10
S01013480,Whole house or bungalow: Terraced (including end-terrace),453,303,141,162,150,102,48
S01013480,Flat maisonette or apartment or mobile/temporary accommodation,39,9,5,4,30,22,8
S01013481,All people in households,451,358,154,204,93,58,35
S01013481,Whole house or bungalow: Total,393,320,136,184,73,45,28
S01013481,Whole house or bungalow: Detached,196,175,86,89,21,2,19
S01013481,Whole house or bungalow: Semi-detached,79,70,17,53,9,9,0
S01013481,Whole house or bungalow: Terraced (including end-terrace),118,75,33,42,43,34,9
S01013481,Flat maisonette or apartment or mobile/temporary accommodation,58,38,18,20,20,13,7
