,LC4403SC0001,LC4403SC0002,LC4403SC0003,LC4403SC0004,LC4403SC0005,LC4403SC0006,LC4403SC0007,LC4403SC0008,LC4403SC0009,LC4403SC0010,LC4403SC0011,LC4403SC0012,LC4403SC0013,LC4403SC0014,LC4403SC0015,LC4403SC0016,LC4403SC0017,LC4403SC0018,LC4403SC0019,LC4403SC0020,LC4403SC0021,LC4403SC0022,LC4403SC0023,LC4403SC0024,LC4403SC0025,LC4403SC0026,LC4403SC0027,LC4403SC0028,LC4403SC0029,LC4403SC0030
S92000003,2473881,2372777,101104,36642,64462,1559788,1503449,56339,24674,31665,546887,520088,26799,14954,11845,554307,541374,12933,3858,9075,458594,441987,16607,5862,10745,914093,869328,44765,11968,32797
S01006506,452,424,28,9,19,201,191,10,2,8,105,100,5,1,4,63,58,5,1,4,33,33,0,0,0,251,233,18,7,11
S01006507,365,364,1,0,1,288,287,1,0,1,90,90,0,0,0,59,59,0,0,0,139,138,1,0,1,77,77,0,0,0
S01006508,351,340,11,5,6,108,104,4,2,2,44,44,0,0,0,24,22,2,1,1,40,38,2,1,1,243,236,7,3,4
S01006509,282,274,8,0,8,190,185,5,0,5,32,32,0,0,0,77,77,0,0,0,81,76,5,0,5,92,89,3,0,3
S01006510,268,256,12,4,8,183,176,7,4,3,37,36,1,1,0,108,103,5,3,2,38,37,1,0,1,85,80,5,0,5
S01006511,318,315,3,1,2,299,296,3,1,2,90,89,1,0,1,189,187,2,1,1,20,20,0,0,0,19,19,0,0,0
S01006512,179,170,9,2,7,174,165,9,2,7,125,118,7,1,6,34,32,2,1,1,15,15,0,0,0,5,5,0,0,0
S01006513,259,230,29,0,29,204,201,3,0,3,43,41,2,0,2,146,145,1,0,1,15,15,0,0,0,55,29,26,0,26
S01006514,351,339,12,2,10,340,328,12,2,10,252,243,9,2,7,82,80,2,0,2,6,5,1,0,1,11,11,0,0,0
S01006515,283,271,12,0,12,270,258,12,0,12,191,184,7,0,7,72,67,5,0,5,7,7,0,0,0,13,13,0,0,0
S01006516,195,185,10,2,8,182,173,9,2,7,122,114,8,2,6,50,49,1,0,1,10,10,0,0,0,13,12,1,0,1
S01006517,419,403,16,1,15,388,374,14,1,13,279,269,10,1,9,68,67,1,0,1,41,38,3,0,3,31,29,2,0,2
S01006518,254,247,7,1,6,239,234,5,1,4,209,205,4,0,4,26,26,0,0,0,4,3,1,1,0,15,13,2,0,2
S01006519,286,281,5,1,4,279,274,5,1,4,254,250,4,1,3,18,18,0,0,0,7,6,1,0,1,7,7,0,0,0
S01006520,228,222,6,1,5,224,218,6,1,5,215,209,6,1,5,6,6,0,0,0,3,3,0,0,0,4,4,0,0,0
S01006521,264,243,21,7,14,232,218,14,3,11,145,139,6,0,6,42,40,2,0,2,45,39,6,3,3,32,25,7,4,3
S01006522,223,218,5,2,3,207,204,3,0,3,95,93,2,0,2,110,109,1,0,1,2,2,0,0,0,16,14,2,2,0
S01006523,448,427,21,10,11,265,258,7,1,6,95,93,2,0,2,142,137,5,1,4,28,28,0,0,0,183,169,14,9,5
S01006524,344,314,30,5,25,204,196,8,1,7,133,126,7,1,6,58,58,0,0,0,13,12,1,0,1,140,118,22,4,18
S01006525,346,339,7,0,7,305,300,5,0,5,191,189,2,0,2,49,48,1,0,1,65,63,2,0,2,41,39,2,0,2
S01006526,451,439,12,6,6,221,218,3,0,3,10,10,0,0,0,76,74,2,0,2,135,134,1,0,1,230,221,9,6,3
S01006527,294,286,8,6,2,245,242,3,1,2,12,12,0,0,0,142,139,3,1,2,91,91,0,0,0,49,44,5,5,0
S01006528,459,433,26,22,4,322,303,19,16,3,10,9,1,0,1,146,139,7,7,0,166,155,11,9,2,137,130,7,6,1
S01006529,522,496,26,11,15,120,118,2,0,2,7,7,0,0,0,83,81,2,0,2,30,30,0,0,0,402,378,24,11,13
S01006530,361,356,5,1,4,177,176,1,0,1,4,4,0,0,0,111,110,1,0,1,62,62,0,0,0,184,180,4,1,3
S01006531,434,429,5,0,5,159,156,3,0,3,8,8,0,0,0,62,62,0,0,0,89,86,3,0,3,275,273,2,0,2
S01006532,346,337,9,0,9,247,243,4,0,4,45,43,2,0,2,158,156,2,0,2,44,44,0,0,0,99,94,5,0,5
S01006533,319,305,14,0,14,254,243,11,0,11,57,54,3,0,3,101,97,4,0,4,96,92,4,0,4,65,62,3,0,3
S01006534,413,398,15,6,9,257,251,6,4,2,52,51,1,0,1,112,110,2,2,0,93,90,3,2,1,156,147,9,2,7
S01006535,580,564,16,2,14,149,145,4,0,4,20,20,0,0,0,68,67,1,0,1,61,58,3,0,3,431,419,12,2,10
S01006536,612,589,23,19,4,119,107,12,10,2,7,7,0,0,0,41,38,3,3,0,71,62,9,7,2,493,482,11,9,2
S01006537,367,341,26,8,18,333,317,16,8,8,67,66,1,0,1,231,216,15,8,7,35,35,0,0,0,34,24,10,0,10
S01006538,247,240,7,4,3,240,233,7,4,3,65,64,1,0,1,149,144,5,4,1,26,25,1,0,1,7,7,0,0,0
S01006539,343,330,13,0,13,273,265,8,0,8,22,21,1,0,1,211,205,6,0,6,40,39,1,0,1,70,65,5,0,5
S01006540,508,451,57,6,51,326,324,2,1,1,34,34,0,0,0,272,270,2,1,1,20,20,0,0,0,182,127,55,5,50
S01006541,408,392,16,1,15,322,313,9,0,9,36,35,1,0,1,247,240,7,0,7,39,38,1,0,1,86,79,7,1,6
S01006542,519,496,23,14,9,377,367,10,2,8,109,104,5,1,4,262,258,4,0,4,6,5,1,1,0,142,129,13,12,1
S01006543,371,363,8,0,8,364,356,8,0,8,12,12,0,0,0,341,333,8,0,8,11,11,0,0,0,7,7,0,0,0
S01006544,630,507,123,31,92,285,269,16,6,10,116,112,4,0,4,105,102,3,0,3,64,55,9,6,3,345,238,107,25,82
S01006545,618,586,32,16,16,315,303,12,4,8,78,75,3,0,3,172,164,8,4,4,65,64,1,0,1,303,283,20,12,8
S01006546,274,262,12,7,5,254,248,6,3,3,58,57,1,1,0,193,188,5,2,3,3,3,0,0,0,20,14,6,4,2
S01006547,455,442,13,0,13,309,303,6,0,6,166,163,3,0,3,40,40,0,0,0,103,100,3,0,3,146,139,7,0,7
S01006548,316,312,4,2,2,313,309,4,2,2,25,24,1,1,0,286,283,3,1,2,2,2,0,0,0,3,3,0,0,0
S01006549,388,366,22,5,17,314,303,11,1,10,169,163,6,0,6,134,131,3,1,2,11,9,2,0,2,74,63,11,4,7
S01006550,400,389,11,4,7,390,381,9,3,6,148,145,3,0,3,232,227,5,2,3,10,9,1,1,0,10,8,2,1,1
S01006551,408,392,16,10,6,196,188,8,3,5,42,42,0,0,0,40,39,1,0,1,114,107,7,3,4,212,204,8,7,1
S01006552,432,417,15,10,5,321,316,5,2,3,89,87,2,0,2,147,147,0,0,0,85,82,3,2,1,111,101,10,8,2
S01006553,410,407,3,0,3,337,335,2,0,2,164,163,1,0,1,82,82,0,0,0,91,90,1,0,1,73,72,1,0,1
S01006554,350,330,20,15,5,193,189,4,0,4,64,64,0,0,0,81,79,2,0,2,48,46,2,0,2,157,141,16,15,1
S01006555,386,374,12,1,11,119,117,2,0,2,13,12,1,0,1,57,56,1,0,1,49,49,0,0,0,267,257,10,1,9
S01006556,417,399,18,6,12,232,220,12,6,6,9,9,0,0,0,75,71,4,3,1,148,140,8,3,5,185,179,6,0,6
S01006557,354,338,16,10,6,187,179,8,5,3,14,14,0,0,0,46,45,1,0,1,127,120,7,5,2,167,159,8,5,3
S01006558,363,354,9,3,6,110,110,0,0,0,4,4,0,0,0,18,18,0,0,0,88,88,0,0,0,253,244,9,3,6
S01006559,282,272,10,7,3,130,127,3,2,1,13,13,0,0,0,62,61,1,0,1,55,53,2,2,0,152,145,7,5,2
S01006560,451,432,19,8,11,249,237,12,4,8,50,47,3,0,3,112,108,4,1,3,87,82,5,3,2,202,195,7,4,3
S01006561,327,323,4,1,3,239,237,2,0,2,38,38,0,0,0,122,121,1,0,1,79,78,1,0,1,88,86,2,1,1
S01006562,344,334,10,4,6,244,235,9,4,5,78,77,1,0,1,101,98,3,0,3,65,60,5,4,1,100,99,1,0,1
S01006563,383,366,17,1,16,201,197,4,0,4,26,25,1,0,1,99,99,0,0,0,76,73,3,0,3,182,169,13,1,12
S01006564,594,578,16,1,15,34,34,0,0,0,10,10,0,0,0,7,7,0,0,0,17,17,0,0,0,560,544,16,1,15
S01006565,595,565,30,4,26,24,24,0,0,0,1,1,0,0,0,5,5,0,0,0,18,18,0,0,0,571,541,30,4,26
S01006566,447,437,10,2,8,81,80,1,1,0,8,7,1,1,0,28,28,0,0,0,45,45,0,0,0,366,357,9,1,8
S01006567,571,552,19,3,16,25,25,0,0,0,6,6,0,0,0,13,13,0,0,0,6,6,0,0,0,546,527,19,3,16
S01006568,603,575,28,4,24,35,34,1,0,1,5,5,0,0,0,21,20,1,0,1,9,9,0,0,0,568,541,27,4,23
S01006569,319,311,8,2,6,83,80,3,0,3,3,3,0,0,0,23,21,2,0,2,57,56,1,0,1,236,231,5,2,3
S01006570,385,371,14,7,7,161,154,7,3,4,29,27,2,1,1,98,95,3,2,1,34,32,2,0,2,224,217,7,4,3
S01006571,460,427,33,20,13,195,185,10,8,2,13,12,1,0,1,34,31,3,3,0,148,142,6,5,1,265,242,23,12,11
S01006572,404,374,30,7,23,302,284,18,3,15,221,212,9,0,9,67,58,9,3,6,14,14,0,0,0,102,90,12,4,8
S01006573,311,290,21,18,3,193,183,10,8,2,19,17,2,2,0,104,102,2,1,1,70,64,6,5,1,118,107,11,10,1
S01006574,468,427,41,30,11,236,225,11,3,8,77,72,5,0,5,88,85,3,2,1,71,68,3,1,2,232,202,30,27,3
S01006575,413,399,14,4,10,230,222,8,0,8,30,30,0,0,0,126,119,7,0,7,74,73,1,0,1,183,177,6,4,2
S01006576,338,325,13,0,13,178,172,6,0,6,18,17,1,0,1,125,120,5,0,5,35,35,0,0,0,160,153,7,0,7
S01006577,457,430,27,15,12,113,101,12,7,5,10,10,0,0,0,40,40,0,0,0,63,51,12,7,5,344,329,15,8,7
S01006578,663,633,30,5,25,59,58,1,0,1,4,4,0,0,0,12,12,0,0,0,43,42,1,0,1,604,575,29,5,24
S01006579,660,640,20,5,15,20,20,0,0,0,3,3,0,0,0,10,10,0,0,0,7,7,0,0,0,640,620,20,5,15
S01006580,434,422,12,1,11,76,71,5,1,4,9,9,0,0,0,12,12,0,0,0,55,50,5,1,4,358,351,7,0,7
S01006581,419,402,17,6,11,272,264,8,1,7,70,67,3,0,3,138,135,3,1,2,64,62,2,0,2,147,138,9,5,4
S01006582,508,466,42,29,13,38,35,3,1,2,2,2,0,0,0,11,9,2,1,1,25,24,1,0,1,470,431,39,28,11
S01006583,427,404,23,17,6,10,10,0,0,0,1,1,0,0,0,4,4,0,0,0,5,5,0,0,0,417,394,23,17,6
S01006584,380,354,26,15,11,39,35,4,3,1,4,3,1,0,1,12,11,1,1,0,23,21,2,2,0,341,319,22,12,10
S01006585,518,465,53,45,8,18,17,1,1,0,1,1,0,0,0,7,7,0,0,0,10,9,1,1,0,500,448,52,44,8
S01006586,690,650,40,13,27,43,40,3,1,2,10,10,0,0,0,9,9,0,0,0,24,21,3,1,2,647,610,37,12,25
S01006587,346,318,28,12,16,21,16,5,2,3,3,1,2,2,0,8,8,0,0,0,10,7,3,0,3,325,302,23,10,13
S01006588,351,338,13,4,9,9,9,0,0,0,3,3,0,0,0,5,5,0,0,0,1,1,0,0,0,342,329,13,4,9
S01006589,384,367,17,6,11,11,11,0,0,0,1,1,0,0,0,5,5,0,0,0,5,5,0,0,0,373,356,17,6,11
S01006590,409,379,30,1,29,34,30,4,0,4,8,8,0,0,0,11,10,1,0,1,15,12,3,0,3,375,349,26,1,25
S01006591,376,367,9,3,6,40,38,2,0,2,2,2,0,0,0,10,10,0,0,0,28,26,2,0,2,336,329,7,3,4
S01006592,421,374,47,38,9,81,76,5,5,0,11,11,0,0,0,38,34,4,4,0,32,31,1,1,0,340,298,42,33,9
S01006593,437,411,26,22,4,58,57,1,1,0,7,6,1,1,0,8,8,0,0,0,43,43,0,0,0,379,354,25,21,4
S01006594,371,345,26,13,13,64,60,4,4,0,6,6,0,0,0,44,41,3,3,0,14,13,1,1,0,307,285,22,9,13
S01006595,585,555,30,15,15,61,58,3,1,2,7,7,0,0,0,19,17,2,1,1,35,34,1,0,1,524,497,27,14,13
S01006596,363,359,4,1,3,99,97,2,1,1,12,12,0,0,0,33,32,1,1,0,54,53,1,0,1,264,262,2,0,2
S01006597,356,352,4,2,2,15,15,0,0,0,2,2,0,0,0,6,6,0,0,0,7,7,0,0,0,341,337,4,2,2
S01006598,453,435,18,11,7,280,276,4,1,3,40,39,1,1,0,165,162,3,0,3,75,75,0,0,0,173,159,14,10,4
S01006599,509,499,10,4,6,62,61,1,0,1,14,13,1,0,1,29,29,0,0,0,19,19,0,0,0,447,438,9,4,5
S01006600,619,587,32,17,15,222,217,5,4,1,17,17,0,0,0,108,107,1,1,0,97,93,4,3,1,397,370,27,13,14
S01006601,587,572,15,2,13,215,214,1,1,0,6,6,0,0,0,147,146,1,1,0,62,62,0,0,0,372,358,14,1,13
S01006602,437,414,23,14,9,201,193,8,8,0,59,59,0,0,0,73,67,6,6,0,69,67,2,2,0,236,221,15,6,9
S01006603,409,385,24,18,6,208,200,8,5,3,15,15,0,0,0,57,57,0,0,0,136,128,8,5,3,201,185,16,13,3
S01006604,304,291,13,11,2,256,249,7,5,2,3,3,0,0,0,67,67,0,0,0,186,179,7,5,2,48,42,6,6,0
S01006605,432,409,23,20,3,135,128,7,6,1,14,14,0,0,0,55,51,4,3,1,66,63,3,3,0,297,281,16,14,2
S01006606,400,390,10,5,5,244,243,1,0,1,39,39,0,0,0,194,193,1,0,1,11,11,0,0,0,156,147,9,5,4
S01006607,390,385,5,4,1,214,213,1,0,1,7,7,0,0,0,84,83,1,0,1,123,123,0,0,0,176,172,4,4,0
S01006608,286,284,2,0,2,276,274,2,0,2,190,188,2,0,2,80,80,0,0,0,6,6,0,0,0,10,10,0,0,0
S01006609,497,490,7,0,7,383,377,6,0,6,14,14,0,0,0,112,112,0,0,0,257,251,6,0,6,114,113,1,0,1
S01006610,238,212,26,18,8,144,135,9,3,6,3,3,0,0,0,38,38,0,0,0,103,94,9,3,6,94,77,17,15,2
S01006611,432,425,7,0,7,294,288,6,0,6,8,8,0,0,0,98,98,0,0,0,188,182,6,0,6,138,137,1,0,1
S01006612,385,373,12,11,1,336,328,8,7,1,87,87,0,0,0,71,71,0,0,0,178,170,8,7,1,49,45,4,4,0
S01006613,264,259,5,4,1,197,196,1,1,0,128,127,1,1,0,62,62,0,0,0,7,7,0,0,0,67,63,4,3,1
S01006614,267,265,2,0,2,258,256,2,0,2,66,66,0,0,0,135,133,2,0,2,57,57,0,0,0,9,9,0,0,0
S01006615,274,270,4,0,4,266,262,4,0,4,195,191,4,0,4,57,57,0,0,0,14,14,0,0,0,8,8,0,0,0
S01006616,340,337,3,1,2,254,253,1,0,1,80,80,0,0,0,130,130,0,0,0,44,43,1,0,1,86,84,2,1,1
S01006617,303,297,6,2,4,280,278,2,0,2,114,112,2,0,2,78,78,0,0,0,88,88,0,0,0,23,19,4,2,2
S01006618,251,246,5,3,2,215,210,5,3,2,79,77,2,0,2,122,119,3,3,0,14,14,0,0,0,36,36,0,0,0
S01006619,382,372,10,7,3,343,333,10,7,3,75,75,0,0,0,72,71,1,0,1,196,187,9,7,2,39,39,0,0,0
S01006620,397,390,7,2,5,359,352,7,2,5,37,36,1,0,1,127,127,0,0,0,195,189,6,2,4,38,38,0,0,0
S01006621,246,235,11,4,7,217,206,11,4,7,9,9,0,0,0,57,57,0,0,0,151,140,11,4,7,29,29,0,0,0
S01006622,302,292,10,4,6,238,231,7,4,3,31,30,1,1,0,113,112,1,1,0,94,89,5,2,3,64,61,3,0,3
S01006623,409,359,50,31,19,130,115,15,11,4,31,27,4,0,4,77,69,8,8,0,22,19,3,3,0,279,244,35,20,15
S01006624,519,481,38,30,8,97,94,3,3,0,6,6,0,0,0,57,55,2,2,0,34,33,1,1,0,422,387,35,27,8
S01006625,295,288,7,4,3,124,122,2,1,1,4,4,0,0,0,91,90,1,0,1,29,28,1,1,0,171,166,5,3,2
S01006626,407,377,30,24,6,46,46,0,0,0,5,5,0,0,0,38,38,0,0,0,3,3,0,0,0,361,331,30,24,6
S01006627,540,511,29,13,16,33,33,0,0,0,8,8,0,0,0,14,14,0,0,0,11,11,0,0,0,507,478,29,13,16
S01006628,684,635,49,36,13,31,31,0,0,0,3,3,0,0,0,6,6,0,0,0,22,22,0,0,0,653,604,49,36,13
S01006629,348,315,33,26,7,98,96,2,0,2,11,11,0,0,0,67,65,2,0,2,20,20,0,0,0,250,219,31,26,5
S01006630,273,256,17,14,3,135,126,9,8,1,4,4,0,0,0,81,72,9,8,1,50,50,0,0,0,138,130,8,6,2
S01006631,533,493,40,27,13,136,125,11,7,4,19,19,0,0,0,52,49,3,2,1,65,57,8,5,3,397,368,29,20,9
S01006632,450,423,27,9,18,24,23,1,1,0,4,3,1,1,0,11,11,0,0,0,9,9,0,0,0,426,400,26,8,18
S01006633,305,288,17,16,1,169,159,10,10,0,12,12,0,0,0,62,60,2,2,0,95,87,8,8,0,136,129,7,6,1
S01006634,316,291,25,21,4,121,102,19,15,4,9,9,0,0,0,36,34,2,0,2,76,59,17,15,2,195,189,6,6,0
S01006635,300,289,11,5,6,105,102,3,1,2,4,4,0,0,0,40,38,2,0,2,61,60,1,1,0,195,187,8,4,4
S01006636,420,386,34,29,5,47,42,5,3,2,1,1,0,0,0,19,19,0,0,0,27,22,5,3,2,373,344,29,26,3
S01006637,443,413,30,15,15,102,93,9,6,3,14,14,0,0,0,8,7,1,1,0,80,72,8,5,3,341,320,21,9,12
S01006638,526,504,22,0,22,25,25,0,0,0,1,1,0,0,0,13,13,0,0,0,11,11,0,0,0,501,479,22,0,22
S01006639,634,592,42,21,21,29,28,1,0,1,5,5,0,0,0,10,10,0,0,0,14,13,1,0,1,605,564,41,21,20
S01006640,427,376,51,37,14,8,8,0,0,0,2,2,0,0,0,3,3,0,0,0,3,3,0,0,0,419,368,51,37,14
S01006641,661,602,59,46,13,37,37,0,0,0,7,7,0,0,0,3,3,0,0,0,27,27,0,0,0,624,565,59,46,13
S01006642,543,492,51,20,31,24,22,2,0,2,9,9,0,0,0,10,8,2,0,2,5,5,0,0,0,519,470,49,20,29
S01006643,448,419,29,16,13,23,17,6,6,0,5,5,0,0,0,2,2,0,0,0,16,10,6,6,0,425,402,23,10,13
S01006644,601,553,48,4,44,19,16,3,0,3,3,3,0,0,0,8,8,0,0,0,8,5,3,0,3,582,537,45,4,41
S01006645,414,393,21,17,4,9,9,0,0,0,3,3,0,0,0,1,1,0,0,0,5,5,0,0,0,405,384,21,17,4
S01006646,367,340,27,12,15,10,10,0,0,0,3,3,0,0,0,1,1,0,0,0,6,6,0,0,0,357,330,27,12,15
S01006647,365,341,24,17,7,18,18,0,0,0,2,2,0,0,0,5,5,0,0,0,11,11,0,0,0,347,323,24,17,7
S01006648,702,651,51,27,24,14,13,1,1,0,3,3,0,0,0,7,7,0,0,0,4,3,1,1,0,688,638,50,26,24
S01006649,602,583,19,9,10,14,13,1,0,1,3,3,0,0,0,3,3,0,0,0,8,7,1,0,1,588,570,18,9,9
S01006650,491,481,10,7,3,41,41,0,0,0,4,4,0,0,0,22,22,0,0,0,15,15,0,0,0,450,440,10,7,3
S01006651,406,382,24,18,6,41,23,18,17,1,8,8,0,0,0,8,8,0,0,0,25,7,18,17,1,365,359,6,1,5
S01006652,319,308,11,4,7,20,16,4,3,1,5,5,0,0,0,7,7,0,0,0,8,4,4,3,1,299,292,7,1,6
S01006653,304,296,8,3,5,77,76,1,0,1,10,10,0,0,0,52,51,1,0,1,15,15,0,0,0,227,220,7,3,4
S01006654,531,504,27,16,11,49,48,1,0,1,7,7,0,0,0,15,15,0,0,0,27,26,1,0,1,482,456,26,16,10
S01006655,348,334,14,9,5,82,81,1,0,1,1,1,0,0,0,18,18,0,0,0,63,62,1,0,1,266,253,13,9,4
S01006656,543,524,19,10,9,56,49,7,5,2,12,12,0,0,0,23,20,3,1,2,21,17,4,4,0,487,475,12,5,7
S01006657,306,286,20,17,3,22,19,3,1,2,3,3,0,0,0,6,6,0,0,0,13,10,3,1,2,284,267,17,16,1
S01006658,568,525,43,34,9,29,28,1,1,0,5,5,0,0,0,12,11,1,1,0,12,12,0,0,0,539,497,42,33,9
S01006659,308,287,21,13,8,97,88,9,5,4,11,11,0,0,0,60,54,6,5,1,26,23,3,0,3,211,199,12,8,4
S01006660,254,247,7,1,6,8,8,0,0,0,4,4,0,0,0,3,3,0,0,0,1,1,0,0,0,246,239,7,1,6
S01006661,306,301,5,0,5,124,119,5,0,5,8,7,1,0,1,59,57,2,0,2,57,55,2,0,2,182,182,0,0,0
S01006662,304,285,19,14,5,41,38,3,2,1,2,2,0,0,0,11,11,0,0,0,28,25,3,2,1,263,247,16,12,4
S01006663,248,245,3,1,2,90,88,2,0,2,11,11,0,0,0,15,15,0,0,0,64,62,2,0,2,158,157,1,1,0
S01006664,242,237,5,1,4,57,54,3,1,2,13,13,0,0,0,29,27,2,1,1,15,14,1,0,1,185,183,2,0,2
S01006665,324,316,8,1,7,61,60,1,0,1,8,8,0,0,0,35,35,0,0,0,18,17,1,0,1,263,256,7,1,6
S01006666,550,499,51,38,13,24,21,3,3,0,5,5,0,0,0,9,9,0,0,0,10,7,3,3,0,526,478,48,35,13
S01006667,463,447,16,9,7,15,12,3,1,2,4,3,1,0,1,9,8,1,1,0,2,1,1,0,1,448,435,13,8,5
S01006668,424,413,11,3,8,4,4,0,0,0,0,0,0,0,0,1,1,0,0,0,3,3,0,0,0,420,409,11,3,8
S01006669,454,444,10,8,2,75,74,1,1,0,20,20,0,0,0,25,25,0,0,0,30,29,1,1,0,379,370,9,7,2
S01006670,363,347,16,1,15,6,6,0,0,0,0,0,0,0,0,4,4,0,0,0,2,2,0,0,0,357,341,16,1,15
S01006671,243,233,10,7,3,56,54,2,1,1,21,21,0,0,0,13,13,0,0,0,22,20,2,1,1,187,179,8,6,2
S01006672,390,366,24,15,9,78,75,3,0,3,19,18,1,0,1,29,28,1,0,1,30,29,1,0,1,312,291,21,15,6
S01006673,371,367,4,2,2,66,66,0,0,0,28,28,0,0,0,19,19,0,0,0,19,19,0,0,0,305,301,4,2,2
S01006674,586,544,42,33,9,18,18,0,0,0,8,8,0,0,0,5,5,0,0,0,5,5,0,0,0,568,526,42,33,9
S01006675,351,315,36,29,7,22,22,0,0,0,1,1,0,0,0,8,8,0,0,0,13,13,0,0,0,329,293,36,29,7
S01006676,396,358,38,31,7,114,114,0,0,0,5,5,0,0,0,52,52,0,0,0,57,57,0,0,0,282,244,38,31,7
S01006677,440,398,42,36,6,97,96,1,1,0,3,3,0,0,0,25,25,0,0,0,69,68,1,1,0,343,302,41,35,6
S01006678,573,525,48,38,10,166,163,3,0,3,15,15,0,0,0,59,58,1,0,1,92,90,2,0,2,407,362,45,38,7
S01006679,320,315,5,0,5,242,237,5,0,5,31,30,1,0,1,135,131,4,0,4,76,76,0,0,0,78,78,0,0,0
S01006680,451,416,35,20,15,60,59,1,0,1,9,9,0,0,0,12,12,0,0,0,39,38,1,0,1,391,357,34,20,14
S01006681,482,464,18,9,9,87,83,4,1,3,8,8,0,0,0,35,33,2,0,2,44,42,2,1,1,395,381,14,8,6
S01006682,431,384,47,37,10,39,39,0,0,0,9,9,0,0,0,16,16,0,0,0,14,14,0,0,0,392,345,47,37,10
S01006683,424,370,54,42,12,65,63,2,1,1,2,2,0,0,0,55,53,2,1,1,8,8,0,0,0,359,307,52,41,11
S01006684,462,401,61,48,13,69,62,7,2,5,17,17,0,0,0,31,26,5,1,4,21,19,2,1,1,393,339,54,46,8
S01006685,448,427,21,11,10,27,27,0,0,0,6,6,0,0,0,14,14,0,0,0,7,7,0,0,0,421,400,21,11,10
S01006686,332,305,27,15,12,20,20,0,0,0,4,4,0,0,0,5,5,0,0,0,11,11,0,0,0,312,285,27,15,12
S01006687,437,419,18,9,9,20,20,0,0,0,3,3,0,0,0,12,12,0,0,0,5,5,0,0,0,417,399,18,9,9
S01006688,517,510,7,2,5,235,233,2,1,1,20,20,0,0,0,158,156,2,1,1,57,57,0,0,0,282,277,5,1,4
S01006689,346,288,58,32,26,145,137,8,2,6,35,33,2,1,1,48,46,2,1,1,62,58,4,0,4,201,151,50,30,20
S01006690,320,308,12,1,11,58,56,2,0,2,3,3,0,0,0,23,22,1,0,1,32,31,1,0,1,262,252,10,1,9
S01006691,280,271,9,5,4,78,76,2,1,1,27,27,0,0,0,40,39,1,0,1,11,10,1,1,0,202,195,7,4,3
S01006692,374,361,13,0,13,191,183,8,0,8,17,16,1,0,1,116,112,4,0,4,58,55,3,0,3,183,178,5,0,5
S01006693,505,497,8,0,8,82,81,1,0,1,30,30,0,0,0,31,31,0,0,0,21,20,1,0,1,423,416,7,0,7
S01006694,495,480,15,3,12,99,97,2,0,2,1,1,0,0,0,16,16,0,0,0,82,80,2,0,2,396,383,13,3,10
S01006695,353,346,7,6,1,253,252,1,0,1,6,6,0,0,0,85,85,0,0,0,162,161,1,0,1,100,94,6,6,0
S01006696,401,390,11,7,4,158,156,2,2,0,2,2,0,0,0,25,24,1,1,0,131,130,1,1,0,243,234,9,5,4
S01006697,465,435,30,25,5,209,202,7,5,2,27,27,0,0,0,70,68,2,2,0,112,107,5,3,2,256,233,23,20,3
S01006698,422,409,13,6,7,62,60,2,0,2,2,2,0,0,0,13,11,2,0,2,47,47,0,0,0,360,349,11,6,5
S01006699,216,209,7,4,3,108,106,2,1,1,6,6,0,0,0,76,75,1,1,0,26,25,1,0,1,108,103,5,3,2
S01006700,447,431,16,4,12,192,189,3,0,3,59,59,0,0,0,57,55,2,0,2,76,75,1,0,1,255,242,13,4,9
S01006701,345,321,24,16,8,183,176,7,3,4,3,3,0,0,0,48,48,0,0,0,132,125,7,3,4,162,145,17,13,4
S01006702,336,332,4,0,4,322,318,4,0,4,5,5,0,0,0,100,99,1,0,1,217,214,3,0,3,14,14,0,0,0
S01006703,315,301,14,9,5,207,201,6,1,5,9,9,0,0,0,64,63,1,1,0,134,129,5,0,5,108,100,8,8,0
S01006704,313,301,12,5,7,117,115,2,0,2,4,4,0,0,0,24,24,0,0,0,89,87,2,0,2,196,186,10,5,5
S01006705,374,364,10,7,3,284,279,5,2,3,5,5,0,0,0,56,56,0,0,0,223,218,5,2,3,90,85,5,5,0
S01006706,288,272,16,13,3,211,201,10,8,2,8,8,0,0,0,62,61,1,0,1,141,132,9,8,1,77,71,6,5,1
S01006707,350,311,39,34,5,175,172,3,1,2,9,9,0,0,0,35,35,0,0,0,131,128,3,1,2,175,139,36,33,3
S01006708,379,364,15,7,8,320,310,10,7,3,9,9,0,0,0,98,97,1,1,0,213,204,9,6,3,59,54,5,0,5
S01006709,382,376,6,1,5,289,286,3,0,3,11,11,0,0,0,114,114,0,0,0,164,161,3,0,3,93,90,3,1,2
S01006710,417,415,2,0,2,380,379,1,0,1,6,6,0,0,0,121,121,0,0,0,253,252,1,0,1,37,36,1,0,1
S01006711,531,511,20,17,3,335,324,11,9,2,6,6,0,0,0,84,84,0,0,0,245,234,11,9,2,196,187,9,8,1
S01006712,254,250,4,2,2,249,245,4,2,2,11,11,0,0,0,65,63,2,0,2,173,171,2,2,0,5,5,0,0,0
S01006713,433,420,13,10,3,341,338,3,0,3,6,5,1,0,1,88,88,0,0,0,247,245,2,0,2,92,82,10,10,0
S01006714,315,304,11,1,10,226,220,6,1,5,6,6,0,0,0,112,112,0,0,0,108,102,6,1,5,89,84,5,0,5
S01006715,225,218,7,3,4,168,161,7,3,4,10,10,0,0,0,70,68,2,0,2,88,83,5,3,2,57,57,0,0,0
S01006716,247,242,5,2,3,210,207,3,1,2,10,9,1,0,1,115,114,1,0,1,85,84,1,1,0,37,35,2,1,1
S01006717,453,445,8,2,6,371,367,4,1,3,10,10,0,0,0,86,85,1,1,0,275,272,3,0,3,82,78,4,1,3
S01006718,251,248,3,2,1,235,233,2,1,1,8,8,0,0,0,189,187,2,1,1,38,38,0,0,0,16,15,1,1,0
S01006719,352,350,2,0,2,343,341,2,0,2,8,8,0,0,0,142,142,0,0,0,193,191,2,0,2,9,9,0,0,0
S01006720,245,242,3,2,1,229,226,3,2,1,3,3,0,0,0,61,61,0,0,0,165,162,3,2,1,16,16,0,0,0
S01006721,393,386,7,3,4,344,338,6,2,4,5,5,0,0,0,139,135,4,2,2,200,198,2,0,2,49,48,1,1,0
S01006722,318,312,6,4,2,266,264,2,0,2,11,11,0,0,0,67,67,0,0,0,188,186,2,0,2,52,48,4,4,0
S01006723,284,283,1,0,1,273,272,1,0,1,8,8,0,0,0,106,105,1,0,1,159,159,0,0,0,11,11,0,0,0
S01006724,359,343,16,10,6,153,145,8,5,3,4,4,0,0,0,70,70,0,0,0,79,71,8,5,3,206,198,8,5,3
S01006725,271,265,6,4,2,225,219,6,4,2,9,9,0,0,0,88,88,0,0,0,128,122,6,4,2,46,46,0,0,0
S01006726,533,505,28,10,18,109,109,0,0,0,17,17,0,0,0,66,66,0,0,0,26,26,0,0,0,424,396,28,10,18
S01006727,424,395,29,19,10,139,138,1,1,0,10,10,0,0,0,73,73,0,0,0,56,55,1,1,0,285,257,28,18,10
S01006728,343,334,9,1,8,218,212,6,0,6,2,2,0,0,0,88,87,1,0,1,128,123,5,0,5,125,122,3,1,2
S01006729,382,349,33,5,28,112,111,1,0,1,7,7,0,0,0,89,88,1,0,1,16,16,0,0,0,270,238,32,5,27
S01006730,280,276,4,0,4,251,247,4,0,4,7,7,0,0,0,43,43,0,0,0,201,197,4,0,4,29,29,0,0,0
S01006731,263,257,6,4,2,163,163,0,0,0,2,2,0,0,0,28,28,0,0,0,133,133,0,0,0,100,94,6,4,2
S01006732,362,353,9,1,8,319,313,6,0,6,248,244,4,0,4,61,59,2,0,2,10,10,0,0,0,43,40,3,1,2
S01006733,316,309,7,2,5,311,304,7,2,5,239,233,6,1,5,67,66,1,1,0,5,5,0,0,0,5,5,0,0,0
S01006734,362,352,10,1,9,335,326,9,1,8,191,187,4,0,4,137,133,4,1,3,7,6,1,0,1,27,26,1,0,1
S01006735,247,245,2,0,2,244,242,2,0,2,187,187,0,0,0,32,32,0,0,0,25,23,2,0,2,3,3,0,0,0
S01006736,399,395,4,0,4,388,384,4,0,4,201,199,2,0,2,173,171,2,0,2,14,14,0,0,0,11,11,0,0,0
S01006737,276,265,11,1,10,268,258,10,1,9,165,159,6,0,6,85,81,4,1,3,18,18,0,0,0,8,7,1,0,1
S01006738,496,453,43,21,22,98,97,1,0,1,48,48,0,0,0,31,30,1,0,1,19,19,0,0,0,398,356,42,21,21
S01006739,337,309,28,2,26,162,157,5,1,4,26,24,2,0,2,51,48,3,1,2,85,85,0,0,0,175,152,23,1,22
S01006740,341,335,6,2,4,293,291,2,0,2,9,9,0,0,0,136,135,1,0,1,148,147,1,0,1,48,44,4,2,2
S01006741,344,342,2,1,1,329,327,2,1,1,8,8,0,0,0,64,64,0,0,0,257,255,2,1,1,15,15,0,0,0
S01006742,233,233,0,0,0,223,223,0,0,0,4,4,0,0,0,27,27,0,0,0,192,192,0,0,0,10,10,0,0,0
S01006743,280,271,9,4,5,181,178,3,0,3,31,29,2,0,2,116,115,1,0,1,34,34,0,0,0,99,93,6,4,2
S01006744,320,302,18,11,7,126,125,1,0,1,22,22,0,0,0,51,50,1,0,1,53,53,0,0,0,194,177,17,11,6
S01006745,424,409,15,5,10,190,189,1,0,1,30,30,0,0,0,62,62,0,0,0,98,97,1,0,1,234,220,14,5,9
S01006746,351,350,1,0,1,330,329,1,0,1,8,8,0,0,0,224,224,0,0,0,98,97,1,0,1,21,21,0,0,0
S01006747,369,368,1,0,1,353,352,1,0,1,14,14,0,0,0,287,286,1,0,1,52,52,0,0,0,16,16,0,0,0
S01006748,429,408,21,11,10,313,309,4,0,4,153,152,1,0,1,90,89,1,0,1,70,68,2,0,2,116,99,17,11,6
S01006749,424,419,5,0,5,288,286,2,0,2,43,43,0,0,0,109,108,1,0,1,136,135,1,0,1,136,133,3,0,3
S01006750,294,292,2,0,2,226,225,1,0,1,19,19,0,0,0,129,128,1,0,1,78,78,0,0,0,68,67,1,0,1
S01006751,245,241,4,1,3,158,156,2,1,1,26,26,0,0,0,90,89,1,1,0,42,41,1,0,1,87,85,2,0,2
S01006752,343,339,4,0,4,244,241,3,0,3,10,10,0,0,0,147,146,1,0,1,87,85,2,0,2,99,98,1,0,1
S01006753,416,410,6,1,5,343,338,5,1,4,122,120,2,0,2,169,166,3,1,2,52,52,0,0,0,73,72,1,0,1
S01006754,406,400,6,4,2,340,338,2,0,2,122,122,0,0,0,187,186,1,0,1,31,30,1,0,1,66,62,4,4,0
S01006755,305,289,16,4,12,248,235,13,3,10,131,120,11,3,8,110,108,2,0,2,7,7,0,0,0,57,54,3,1,2
S01006756,299,286,13,6,7,145,140,5,3,2,80,79,1,0,1,18,18,0,0,0,47,43,4,3,1,154,146,8,3,5
S01006757,350,343,7,3,4,285,282,3,1,2,76,73,3,1,2,179,179,0,0,0,30,30,0,0,0,65,61,4,2,2
S01006758,322,318,4,0,4,241,238,3,0,3,105,104,1,0,1,132,130,2,0,2,4,4,0,0,0,81,80,1,0,1
S01006759,253,251,2,1,1,227,225,2,1,1,114,114,0,0,0,106,104,2,1,1,7,7,0,0,0,26,26,0,0,0
S01006760,239,235,4,2,2,179,178,1,0,1,25,25,0,0,0,68,68,0,0,0,86,85,1,0,1,60,57,3,2,1
S01006761,342,334,8,4,4,274,271,3,1,2,99,97,2,0,2,145,145,0,0,0,30,29,1,1,0,68,63,5,3,2
S01006762,423,416,7,1,6,372,367,5,1,4,117,114,3,1,2,195,193,2,0,2,60,60,0,0,0,51,49,2,0,2
S01006763,347,334,13,0,13,340,327,13,0,13,54,54,0,0,0,167,158,9,0,9,119,115,4,0,4,7,7,0,0,0
S01006764,353,345,8,1,7,302,295,7,0,7,36,36,0,0,0,179,175,4,0,4,87,84,3,0,3,51,50,1,1,0
S01006765,281,273,8,1,7,197,192,5,0,5,40,39,1,0,1,120,117,3,0,3,37,36,1,0,1,84,81,3,1,2
S01006766,242,240,2,0,2,222,220,2,0,2,144,143,1,0,1,55,54,1,0,1,23,23,0,0,0,20,20,0,0,0
S01006767,287,283,4,1,3,281,277,4,1,3,83,82,1,0,1,89,88,1,0,1,109,107,2,1,1,6,6,0,0,0
S01006768,213,212,1,0,1,210,209,1,0,1,190,189,1,0,1,19,19,0,0,0,1,1,0,0,0,3,3,0,0,0
S01006769,399,392,7,2,5,387,380,7,2,5,82,82,0,0,0,167,164,3,1,2,138,134,4,1,3,12,12,0,0,0
S01006770,276,273,3,1,2,272,269,3,1,2,62,62,0,0,0,200,197,3,1,2,10,10,0,0,0,4,4,0,0,0
S01006771,151,150,1,0,1,148,147,1,0,1,81,80,1,0,1,64,64,0,0,0,3,3,0,0,0,3,3,0,0,0
S01006772,380,375,5,0,5,308,303,5,0,5,64,64,0,0,0,238,233,5,0,5,6,6,0,0,0,72,72,0,0,0
S01006773,255,255,0,0,0,252,252,0,0,0,78,78,0,0,0,171,171,0,0,0,3,3,0,0,0,3,3,0,0,0
S01006774,221,221,0,0,0,216,216,0,0,0,100,100,0,0,0,114,114,0,0,0,2,2,0,0,0,5,5,0,0,0
S01006775,326,319,7,1,6,174,170,4,0,4,21,21,0,0,0,79,76,3,0,3,74,73,1,0,1,152,149,3,1,2
S01006776,281,271,10,1,9,148,148,0,0,0,4,4,0,0,0,102,102,0,0,0,42,42,0,0,0,133,123,10,1,9
S01006777,263,262,1,1,0,260,259,1,1,0,80,80,0,0,0,173,172,1,1,0,7,7,0,0,0,3,3,0,0,0
S01006778,289,287,2,0,2,262,260,2,0,2,41,41,0,0,0,174,172,2,0,2,47,47,0,0,0,27,27,0,0,0
S01006779,305,293,12,2,10,208,203,5,2,3,10,10,0,0,0,81,79,2,0,2,117,114,3,2,1,97,90,7,0,7
S01006780,256,254,2,1,1,232,231,1,1,0,35,34,1,1,0,98,98,0,0,0,99,99,0,0,0,24,23,1,0,1
S01006781,298,295,3,0,3,280,277,3,0,3,25,25,0,0,0,211,209,2,0,2,44,43,1,0,1,18,18,0,0,0
S01006782,350,341,9,4,5,235,231,4,0,4,117,113,4,0,4,83,83,0,0,0,35,35,0,0,0,115,110,5,4,1
S01006783,305,299,6,5,1,259,257,2,2,0,18,17,1,1,0,200,200,0,0,0,41,40,1,1,0,46,42,4,3,1
S01006784,308,302,6,1,5,203,199,4,0,4,40,40,0,0,0,143,139,4,0,4,20,20,0,0,0,105,103,2,1,1
S01006785,224,223,1,0,1,197,197,0,0,0,102,102,0,0,0,86,86,0,0,0,9,9,0,0,0,27,26,1,0,1
S01006786,342,339,3,1,2,281,279,2,0,2,121,121,0,0,0,142,140,2,0,2,18,18,0,0,0,61,60,1,1,0
S01006787,287,281,6,0,6,284,278,6,0,6,84,82,2,0,2,118,116,2,0,2,82,80,2,0,2,3,3,0,0,0
S01006788,322,302,20,11,9,250,247,3,1,2,97,94,3,1,2,118,118,0,0,0,35,35,0,0,0,72,55,17,10,7
S01006789,407,290,117,103,14,355,246,109,99,10,207,144,63,57,6,109,78,31,27,4,39,24,15,15,0,52,44,8,4,4
S01006790,532,444,88,79,9,456,394,62,57,5,206,167,39,37,2,167,163,4,1,3,83,64,19,19,0,76,50,26,22,4
S01006791,332,253,79,77,2,309,235,74,72,2,266,199,67,65,2,37,30,7,7,0,6,6,0,0,0,23,18,5,5,0
S01006792,273,214,59,52,7,267,210,57,50,7,213,166,47,41,6,47,40,7,6,1,7,4,3,3,0,6,4,2,2,0
S01006793,351,245,106,82,24,319,221,98,75,23,214,123,91,69,22,93,87,6,5,1,12,11,1,1,0,32,24,8,7,1
S01006794,292,280,12,3,9,287,275,12,3,9,123,116,7,3,4,123,120,3,0,3,41,39,2,0,2,5,5,0,0,0
S01006795,333,319,14,4,10,273,263,10,4,6,212,204,8,3,5,51,49,2,1,1,10,10,0,0,0,60,56,4,0,4
S01006796,242,222,20,17,3,235,216,19,16,3,173,160,13,10,3,53,49,4,4,0,9,7,2,2,0,7,6,1,1,0
S01006797,292,243,49,37,12,279,235,44,34,10,228,187,41,33,8,40,37,3,1,2,11,11,0,0,0,13,8,5,3,2
S01006798,236,225,11,5,6,231,220,11,5,6,207,198,9,5,4,18,16,2,0,2,6,6,0,0,0,5,5,0,0,0
S01006799,415,403,12,0,12,366,359,7,0,7,138,134,4,0,4,204,201,3,0,3,24,24,0,0,0,49,44,5,0,5
S01006800,340,320,20,5,15,331,311,20,5,15,278,258,20,5,15,46,46,0,0,0,7,7,0,0,0,9,9,0,0,0
S01006801,370,353,17,3,14,362,346,16,2,14,292,279,13,2,11,62,60,2,0,2,8,7,1,0,1,8,7,1,1,0
S01006802,341,298,43,10,33,292,254,38,10,28,175,153,22,7,15,88,79,9,3,6,29,22,7,0,7,49,44,5,0,5
S01006803,316,313,3,1,2,284,281,3,1,2,63,63,0,0,0,169,168,1,0,1,52,50,2,1,1,32,32,0,0,0
S01006804,302,295,7,0,7,277,273,4,0,4,169,167,2,0,2,71,71,0,0,0,37,35,2,0,2,25,22,3,0,3
S01006805,463,442,21,2,19,399,384,15,2,13,220,213,7,1,6,94,91,3,0,3,85,80,5,1,4,64,58,6,0,6
S01006806,448,429,19,1,18,439,421,18,1,17,278,269,9,1,8,110,104,6,0,6,51,48,3,0,3,9,8,1,0,1
S01006807,275,243,32,12,20,270,238,32,12,20,112,98,14,6,8,80,69,11,3,8,78,71,7,3,4,5,5,0,0,0
S01006808,257,248,9,5,4,251,242,9,5,4,200,192,8,5,3,43,42,1,0,1,8,8,0,0,0,6,6,0,0,0
S01006809,370,354,16,4,12,360,345,15,4,11,143,137,6,1,5,153,146,7,1,6,64,62,2,2,0,10,9,1,0,1
S01006810,423,370,53,41,12,382,331,51,41,10,188,167,21,18,3,121,108,13,10,3,73,56,17,13,4,41,39,2,0,2
S01006811,446,430,16,6,10,433,418,15,6,9,251,242,9,4,5,113,112,1,0,1,69,64,5,2,3,13,12,1,0,1
S01006812,320,304,16,7,9,311,295,16,7,9,164,155,9,3,6,124,119,5,3,2,23,21,2,1,1,9,9,0,0,0
S01006813,350,322,28,15,13,291,267,24,14,10,86,80,6,3,3,140,137,3,1,2,65,50,15,10,5,59,55,4,1,3
S01006814,299,282,17,4,13,286,273,13,4,9,241,229,12,4,8,43,42,1,0,1,2,2,0,0,0,13,9,4,0,4
S01006815,294,285,9,2,7,202,194,8,1,7,51,48,3,0,3,80,76,4,1,3,71,70,1,0,1,92,91,1,1,0
S01006816,316,298,18,6,12,274,257,17,6,11,151,146,5,1,4,54,50,4,1,3,69,61,8,4,4,42,41,1,0,1
S01006817,275,261,14,2,12,253,239,14,2,12,132,125,7,0,7,89,84,5,1,4,32,30,2,1,1,22,22,0,0,0
S01006818,288,278,10,2,8,285,275,10,2,8,201,194,7,2,5,77,74,3,0,3,7,7,0,0,0,3,3,0,0,0
S01006819,323,313,10,3,7,315,305,10,3,7,197,190,7,2,5,78,77,1,0,1,40,38,2,1,1,8,8,0,0,0
S01006820,184,180,4,1,3,181,177,4,1,3,73,72,1,0,1,63,62,1,0,1,45,43,2,1,1,3,3,0,0,0
S01006821,235,229,6,2,4,226,220,6,2,4,197,192,5,2,3,27,26,1,0,1,2,2,0,0,0,9,9,0,0,0
S01006822,294,279,15,1,14,289,275,14,0,14,240,228,12,0,12,44,42,2,0,2,5,5,0,0,0,5,4,1,1,0
S01006823,311,302,9,1,8,233,230,3,1,2,159,157,2,1,1,30,29,1,0,1,44,44,0,0,0,78,72,6,0,6
S01006824,374,367,7,2,5,212,206,6,2,4,14,14,0,0,0,69,67,2,0,2,129,125,4,2,2,162,161,1,0,1
S01006825,335,333,2,1,1,331,329,2,1,1,55,54,1,1,0,163,163,0,0,0,113,112,1,0,1,4,4,0,0,0
S01006826,345,344,1,1,0,329,328,1,1,0,188,188,0,0,0,69,69,0,0,0,72,71,1,1,0,16,16,0,0,0
S01006827,426,419,7,1,6,323,319,4,1,3,57,55,2,0,2,138,137,1,1,0,128,127,1,0,1,103,100,3,0,3
S01006828,516,485,31,11,20,241,231,10,3,7,48,48,0,0,0,103,98,5,1,4,90,85,5,2,3,275,254,21,8,13
S01006829,139,139,0,0,0,138,138,0,0,0,106,106,0,0,0,29,29,0,0,0,3,3,0,0,0,1,1,0,0,0
S01006830,303,301,2,0,2,281,279,2,0,2,89,88,1,0,1,155,154,1,0,1,37,37,0,0,0,22,22,0,0,0
S01006831,222,221,1,0,1,221,220,1,0,1,93,93,0,0,0,90,89,1,0,1,38,38,0,0,0,1,1,0,0,0
S01006832,432,424,8,2,6,307,303,4,1,3,149,147,2,0,2,118,118,0,0,0,40,38,2,1,1,125,121,4,1,3
S01006833,181,175,6,3,3,167,162,5,3,2,96,95,1,0,1,50,49,1,1,0,21,18,3,2,1,14,13,1,0,1
S01006834,163,163,0,0,0,161,161,0,0,0,121,121,0,0,0,30,30,0,0,0,10,10,0,0,0,2,2,0,0,0
S01006835,501,478,23,5,18,189,181,8,1,7,33,31,2,0,2,53,53,0,0,0,103,97,6,1,5,312,297,15,4,11
S01006836,223,210,13,1,12,128,123,5,0,5,109,104,5,0,5,17,17,0,0,0,2,2,0,0,0,95,87,8,1,7
S01006837,230,230,0,0,0,211,211,0,0,0,93,93,0,0,0,97,97,0,0,0,21,21,0,0,0,19,19,0,0,0
S01006838,250,249,1,0,1,240,239,1,0,1,119,118,1,0,1,115,115,0,0,0,6,6,0,0,0,10,10,0,0,0
S01006839,460,450,10,1,9,446,437,9,1,8,77,75,2,0,2,230,227,3,1,2,139,135,4,0,4,14,13,1,0,1
S01006840,374,366,8,0,8,372,364,8,0,8,305,297,8,0,8,63,63,0,0,0,4,4,0,0,0,2,2,0,0,0
S01006841,348,344,4,0,4,345,341,4,0,4,190,188,2,0,2,131,129,2,0,2,24,24,0,0,0,3,3,0,0,0
S01006842,310,308,2,0,2,305,303,2,0,2,105,105,0,0,0,183,181,2,0,2,17,17,0,0,0,5,5,0,0,0
S01006843,315,312,3,0,3,310,307,3,0,3,143,143,0,0,0,154,151,3,0,3,13,13,0,0,0,5,5,0,0,0
S01006844,335,332,3,0,3,239,239,0,0,0,81,81,0,0,0,150,150,0,0,0,8,8,0,0,0,96,93,3,0,3
S01006845,371,366,5,1,4,338,333,5,1,4,163,161,2,0,2,149,147,2,1,1,26,25,1,0,1,33,33,0,0,0
S01006846,242,240,2,0,2,216,214,2,0,2,32,31,1,0,1,147,147,0,0,0,37,36,1,0,1,26,26,0,0,0
S01006847,240,238,2,0,2,239,237,2,0,2,110,109,1,0,1,124,123,1,0,1,5,5,0,0,0,1,1,0,0,0
S01006848,381,364,17,1,16,306,293,13,1,12,233,222,11,0,11,53,52,1,0,1,20,19,1,1,0,75,71,4,0,4
S01006849,363,355,8,0,8,324,317,7,0,7,198,192,6,0,6,108,107,1,0,1,18,18,0,0,0,39,38,1,0,1
S01006850,369,365,4,0,4,368,364,4,0,4,29,29,0,0,0,128,128,0,0,0,211,207,4,0,4,1,1,0,0,0
S01006851,339,337,2,0,2,308,306,2,0,2,65,65,0,0,0,134,132,2,0,2,109,109,0,0,0,31,31,0,0,0
S01006852,237,229,8,3,5,233,225,8,3,5,144,136,8,3,5,81,81,0,0,0,8,8,0,0,0,4,4,0,0,0
S01006853,329,318,11,1,10,324,313,11,1,10,270,260,10,1,9,47,47,0,0,0,7,6,1,0,1,5,5,0,0,0
S01006854,371,364,7,2,5,368,361,7,2,5,204,202,2,1,1,139,134,5,1,4,25,25,0,0,0,3,3,0,0,0
S01006855,310,294,16,7,9,304,288,16,7,9,243,231,12,4,8,42,41,1,1,0,19,16,3,2,1,6,6,0,0,0
S01006856,265,254,11,0,11,256,245,11,0,11,188,182,6,0,6,56,52,4,0,4,12,11,1,0,1,9,9,0,0,0
S01006857,418,398,20,3,17,397,379,18,3,15,286,273,13,3,10,97,92,5,0,5,14,14,0,0,0,21,19,2,0,2
S01006858,249,240,9,2,7,247,238,9,2,7,209,200,9,2,7,25,25,0,0,0,13,13,0,0,0,2,2,0,0,0
S01006859,426,421,5,2,3,369,365,4,1,3,325,322,3,0,3,42,41,1,1,0,2,2,0,0,0,57,56,1,1,0
S01006860,270,264,6,0,6,226,223,3,0,3,43,42,1,0,1,54,54,0,0,0,129,127,2,0,2,44,41,3,0,3
S01006861,196,195,1,0,1,195,194,1,0,1,152,151,1,0,1,42,42,0,0,0,1,1,0,0,0,1,1,0,0,0
S01006862,316,312,4,0,4,279,276,3,0,3,110,109,1,0,1,133,132,1,0,1,36,35,1,0,1,37,36,1,0,1
S01006863,303,295,8,1,7,300,292,8,1,7,119,117,2,0,2,80,76,4,0,4,101,99,2,1,1,3,3,0,0,0
S01006864,170,165,5,1,4,148,144,4,1,3,66,62,4,1,3,67,67,0,0,0,15,15,0,0,0,22,21,1,0,1
S01006865,456,424,32,10,22,279,266,13,3,10,192,184,8,2,6,73,69,4,1,3,14,13,1,0,1,177,158,19,7,12
S01006866,222,220,2,1,1,220,218,2,1,1,180,179,1,0,1,34,33,1,1,0,6,6,0,0,0,2,2,0,0,0
S01006867,302,293,9,0,9,276,270,6,0,6,211,205,6,0,6,56,56,0,0,0,9,9,0,0,0,26,23,3,0,3
S01006868,368,364,4,0,4,356,352,4,0,4,127,124,3,0,3,161,161,0,0,0,68,67,1,0,1,12,12,0,0,0
S01006869,205,197,8,5,3,194,186,8,5,3,137,131,6,3,3,40,40,0,0,0,17,15,2,2,0,11,11,0,0,0
S01006870,200,196,4,0,4,191,187,4,0,4,121,117,4,0,4,61,61,0,0,0,9,9,0,0,0,9,9,0,0,0
S01006871,271,265,6,1,5,259,253,6,1,5,177,172,5,1,4,72,71,1,0,1,10,10,0,0,0,12,12,0,0,0
S01006872,258,252,6,1,5,256,250,6,1,5,226,221,5,1,4,29,28,1,0,1,1,1,0,0,0,2,2,0,0,0
S01006873,493,426,67,50,17,445,389,56,42,14,311,293,18,9,9,93,59,34,32,2,41,37,4,1,3,48,37,11,8,3
S01006874,224,216,8,6,2,221,213,8,6,2,199,192,7,6,1,20,19,1,0,1,2,2,0,0,0,3,3,0,0,0
S01006875,340,321,19,17,2,325,307,18,17,1,152,137,15,15,0,149,147,2,2,0,24,23,1,0,1,15,14,1,0,1
S01006876,413,396,17,17,0,399,383,16,16,0,281,267,14,14,0,90,90,0,0,0,28,26,2,2,0,14,13,1,1,0
S01006877,403,372,31,26,5,395,364,31,26,5,358,328,30,25,5,35,34,1,1,0,2,2,0,0,0,8,8,0,0,0
S01006878,373,322,51,50,1,349,299,50,49,1,253,207,46,45,1,63,63,0,0,0,33,29,4,4,0,24,23,1,1,0
S01006879,380,322,58,49,9,374,316,58,49,9,322,269,53,45,8,51,46,5,4,1,1,1,0,0,0,6,6,0,0,0
S01006880,234,227,7,1,6,226,219,7,1,6,197,191,6,0,6,27,27,0,0,0,2,1,1,1,0,8,8,0,0,0
S01006881,238,227,11,3,8,237,226,11,3,8,203,193,10,3,7,32,31,1,0,1,2,2,0,0,0,1,1,0,0,0
S01006882,212,207,5,0,5,182,180,2,0,2,47,47,0,0,0,133,131,2,0,2,2,2,0,0,0,30,27,3,0,3
S01006883,228,217,11,1,10,172,165,7,1,6,119,115,4,0,4,37,35,2,1,1,16,15,1,0,1,56,52,4,0,4
S01006884,405,390,15,2,13,378,368,10,2,8,233,225,8,2,6,120,118,2,0,2,25,25,0,0,0,27,22,5,0,5
S01006885,232,220,12,4,8,232,220,12,4,8,190,180,10,4,6,36,35,1,0,1,6,5,1,0,1,0,0,0,0,0
S01006886,342,321,21,5,16,335,316,19,4,15,239,223,16,4,12,54,52,2,0,2,42,41,1,0,1,7,5,2,1,1
S01006887,218,213,5,3,2,199,195,4,2,2,165,161,4,2,2,29,29,0,0,0,5,5,0,0,0,19,18,1,1,0
S01006888,322,309,13,4,9,312,299,13,4,9,235,228,7,4,3,65,60,5,0,5,12,11,1,0,1,10,10,0,0,0
S01006889,351,350,1,0,1,346,345,1,0,1,70,70,0,0,0,150,149,1,0,1,126,126,0,0,0,5,5,0,0,0
S01006890,267,264,3,3,0,229,227,2,2,0,151,150,1,1,0,62,62,0,0,0,16,15,1,1,0,38,37,1,1,0
S01006891,410,400,10,0,10,342,335,7,0,7,167,164,3,0,3,103,101,2,0,2,72,70,2,0,2,68,65,3,0,3
S01006892,280,275,5,0,5,277,274,3,0,3,43,42,1,0,1,188,187,1,0,1,46,45,1,0,1,3,1,2,0,2
S01006893,198,196,2,1,1,197,195,2,1,1,65,64,1,1,0,60,60,0,0,0,72,71,1,0,1,1,1,0,0,0
S01006894,455,448,7,0,7,369,363,6,0,6,112,109,3,0,3,248,245,3,0,3,9,9,0,0,0,86,85,1,0,1
S01006895,277,266,11,1,10,129,122,7,1,6,9,8,1,1,0,73,67,6,0,6,47,47,0,0,0,148,144,4,0,4
S01006896,373,361,12,0,12,251,246,5,0,5,88,87,1,0,1,131,127,4,0,4,32,32,0,0,0,122,115,7,0,7
S01006897,293,290,3,0,3,253,251,2,0,2,79,79,0,0,0,103,102,1,0,1,71,70,1,0,1,40,39,1,0,1
S01006898,345,340,5,0,5,291,288,3,0,3,94,93,1,0,1,182,180,2,0,2,15,15,0,0,0,54,52,2,0,2
S01006899,247,242,5,0,5,243,238,5,0,5,116,113,3,0,3,126,124,2,0,2,1,1,0,0,0,4,4,0,0,0
S01006900,237,234,3,0,3,231,228,3,0,3,113,112,1,0,1,97,96,1,0,1,21,20,1,0,1,6,6,0,0,0
S01006901,276,270,6,0,6,204,200,4,0,4,26,24,2,0,2,138,136,2,0,2,40,40,0,0,0,72,70,2,0,2
S01006902,303,296,7,0,7,217,213,4,0,4,76,76,0,0,0,134,130,4,0,4,7,7,0,0,0,86,83,3,0,3
S01006903,356,349,7,0,7,268,263,5,0,5,58,56,2,0,2,135,132,3,0,3,75,75,0,0,0,88,86,2,0,2
S01006904,345,330,15,1,14,197,190,7,0,7,83,80,3,0,3,48,46,2,0,2,66,64,2,0,2,148,140,8,1,7
S01006905,407,395,12,2,10,330,322,8,2,6,140,137,3,0,3,162,158,4,1,3,28,27,1,1,0,77,73,4,0,4
S01006906,448,441,7,0,7,302,299,3,0,3,23,22,1,0,1,121,121,0,0,0,158,156,2,0,2,146,142,4,0,4
S01006907,318,305,13,1,12,132,127,5,1,4,85,81,4,0,4,29,29,0,0,0,18,17,1,1,0,186,178,8,0,8
S01006908,450,426,24,6,18,217,212,5,0,5,67,66,1,0,1,75,71,4,0,4,75,75,0,0,0,233,214,19,6,13
S01006909,279,275,4,1,3,271,267,4,1,3,240,237,3,0,3,26,25,1,1,0,5,5,0,0,0,8,8,0,0,0
S01006910,363,353,10,1,9,320,315,5,0,5,269,264,5,0,5,33,33,0,0,0,18,18,0,0,0,43,38,5,1,4
S01006911,234,224,10,0,10,226,216,10,0,10,186,176,10,0,10,25,25,0,0,0,15,15,0,0,0,8,8,0,0,0
S01006912,188,170,18,6,12,177,164,13,2,11,140,131,9,2,7,30,26,4,0,4,7,7,0,0,0,11,6,5,4,1
S01006913,185,182,3,0,3,182,179,3,0,3,158,156,2,0,2,24,23,1,0,1,0,0,0,0,0,3,3,0,0,0
S01006914,283,273,10,2,8,276,266,10,2,8,207,201,6,1,5,52,49,3,1,2,17,16,1,0,1,7,7,0,0,0
S01006915,316,301,15,0,15,312,297,15,0,15,238,226,12,0,12,67,66,1,0,1,7,5,2,0,2,4,4,0,0,0
S01006916,213,207,6,2,4,177,173,4,2,2,106,103,3,2,1,67,66,1,0,1,4,4,0,0,0,36,34,2,0,2
S01006917,322,320,2,0,2,321,319,2,0,2,277,275,2,0,2,41,41,0,0,0,3,3,0,0,0,1,1,0,0,0
S01006918,195,195,0,0,0,180,180,0,0,0,109,109,0,0,0,59,59,0,0,0,12,12,0,0,0,15,15,0,0,0
S01006919,209,205,4,1,3,190,188,2,0,2,95,94,1,0,1,55,54,1,0,1,40,40,0,0,0,19,17,2,1,1
S01006920,247,243,4,0,4,147,143,4,0,4,82,80,2,0,2,50,49,1,0,1,15,14,1,0,1,100,100,0,0,0
S01006921,274,270,4,1,3,273,269,4,1,3,216,212,4,1,3,53,53,0,0,0,4,4,0,0,0,1,1,0,0,0
S01006922,208,201,7,0,7,192,186,6,0,6,156,150,6,0,6,28,28,0,0,0,8,8,0,0,0,16,15,1,0,1
S01006923,336,331,5,1,4,303,299,4,1,3,208,204,4,1,3,57,57,0,0,0,38,38,0,0,0,33,32,1,0,1
S01006924,212,208,4,1,3,208,204,4,1,3,171,167,4,1,3,30,30,0,0,0,7,7,0,0,0,4,4,0,0,0
S01006925,216,215,1,0,1,182,181,1,0,1,108,107,1,0,1,72,72,0,0,0,2,2,0,0,0,34,34,0,0,0
S01006926,266,263,3,1,2,263,260,3,1,2,194,191,3,1,2,66,66,0,0,0,3,3,0,0,0,3,3,0,0,0
S01006927,362,358,4,0,4,337,333,4,0,4,277,274,3,0,3,57,56,1,0,1,3,3,0,0,0,25,25,0,0,0
S01006928,428,416,12,1,11,398,387,11,1,10,219,212,7,1,6,127,125,2,0,2,52,50,2,0,2,30,29,1,0,1
S01006929,284,280,4,1,3,283,279,4,1,3,269,265,4,1,3,12,12,0,0,0,2,2,0,0,0,1,1,0,0,0
S01006930,361,358,3,0,3,348,346,2,0,2,266,265,1,0,1,79,78,1,0,1,3,3,0,0,0,13,12,1,0,1
S01006931,163,159,4,0,4,159,155,4,0,4,120,116,4,0,4,22,22,0,0,0,17,17,0,0,0,4,4,0,0,0
S01006932,198,195,3,0,3,197,194,3,0,3,139,136,3,0,3,55,55,0,0,0,3,3,0,0,0,1,1,0,0,0
S01006933,221,220,1,0,1,220,219,1,0,1,69,69,0,0,0,151,150,1,0,1,0,0,0,0,0,1,1,0,0,0
S01006934,238,234,4,1,3,235,231,4,1,3,130,126,4,1,3,62,62,0,0,0,43,43,0,0,0,3,3,0,0,0
S01006935,307,301,6,0,6,273,267,6,0,6,92,90,2,0,2,168,164,4,0,4,13,13,0,0,0,34,34,0,0,0
S01006936,278,274,4,1,3,236,232,4,1,3,26,25,1,1,0,181,179,2,0,2,29,28,1,0,1,42,42,0,0,0
S01006937,325,316,9,1,8,256,249,7,0,7,121,119,2,0,2,74,72,2,0,2,61,58,3,0,3,69,67,2,1,1
S01006938,260,254,6,0,6,186,185,1,0,1,39,39,0,0,0,123,123,0,0,0,24,23,1,0,1,74,69,5,0,5
S01006939,237,234,3,1,2,233,230,3,1,2,131,128,3,1,2,99,99,0,0,0,3,3,0,0,0,4,4,0,0,0
S01006940,382,378,4,1,3,322,322,0,0,0,210,210,0,0,0,86,86,0,0,0,26,26,0,0,0,60,56,4,1,3
S01006941,261,255,6,1,5,237,232,5,1,4,62,60,2,1,1,72,71,1,0,1,103,101,2,0,2,24,23,1,0,1
S01006942,391,390,1,0,1,368,367,1,0,1,186,186,0,0,0,167,166,1,0,1,15,15,0,0,0,23,23,0,0,0
S01006943,208,208,0,0,0,208,208,0,0,0,193,193,0,0,0,14,14,0,0,0,1,1,0,0,0,0,0,0,0,0
S01006944,336,327,9,0,9,240,235,5,0,5,175,171,4,0,4,62,61,1,0,1,3,3,0,0,0,96,92,4,0,4
S01006945,220,215,5,1,4,190,186,4,1,3,119,116,3,0,3,65,65,0,0,0,6,5,1,1,0,30,29,1,0,1
S01006946,322,314,8,1,7,270,264,6,0,6,168,164,4,0,4,88,87,1,0,1,14,13,1,0,1,52,50,2,1,1
S01006947,311,306,5,2,3,302,297,5,2,3,163,160,3,2,1,134,132,2,0,2,5,5,0,0,0,9,9,0,0,0
S01006948,383,372,11,0,11,356,346,10,0,10,193,185,8,0,8,124,123,1,0,1,39,38,1,0,1,27,26,1,0,1
S01006949,259,248,11,1,10,256,246,10,1,9,207,197,10,1,9,38,38,0,0,0,11,11,0,0,0,3,2,1,0,1
S01006950,204,199,5,0,5,179,177,2,0,2,101,99,2,0,2,76,76,0,0,0,2,2,0,0,0,25,22,3,0,3
S01006951,208,204,4,0,4,206,202,4,0,4,65,65,0,0,0,138,134,4,0,4,3,3,0,0,0,2,2,0,0,0
S01006952,380,364,16,7,9,349,339,10,4,6,308,302,6,1,5,35,31,4,3,1,6,6,0,0,0,31,25,6,3,3
S01006953,308,301,7,1,6,294,287,7,1,6,244,238,6,0,6,19,18,1,1,0,31,31,0,0,0,14,14,0,0,0
S01006954,322,317,5,2,3,315,311,4,2,2,166,164,2,1,1,138,136,2,1,1,11,11,0,0,0,7,6,1,0,1
S01006955,269,267,2,0,2,199,198,1,0,1,18,18,0,0,0,138,137,1,0,1,43,43,0,0,0,70,69,1,0,1
S01006956,398,394,4,0,4,395,391,4,0,4,199,197,2,0,2,150,149,1,0,1,46,45,1,0,1,3,3,0,0,0
S01006957,397,387,10,0,10,380,371,9,0,9,293,285,8,0,8,71,70,1,0,1,16,16,0,0,0,17,16,1,0,1
S01006958,451,435,16,0,16,432,417,15,0,15,281,273,8,0,8,144,138,6,0,6,7,6,1,0,1,19,18,1,0,1
S01006959,363,347,16,0,16,199,192,7,0,7,66,63,3,0,3,114,111,3,0,3,19,18,1,0,1,164,155,9,0,9
S01006960,324,318,6,1,5,313,307,6,1,5,270,265,5,1,4,37,37,0,0,0,6,5,1,0,1,11,11,0,0,0
S01006961,329,321,8,0,8,327,319,8,0,8,276,270,6,0,6,38,37,1,0,1,13,12,1,0,1,2,2,0,0,0
S01006962,413,409,4,0,4,359,355,4,0,4,102,102,0,0,0,254,250,4,0,4,3,3,0,0,0,54,54,0,0,0
S01006963,283,275,8,0,8,243,238,5,0,5,146,142,4,0,4,91,90,1,0,1,6,6,0,0,0,40,37,3,0,3
S01006964,351,348,3,0,3,177,177,0,0,0,76,76,0,0,0,78,78,0,0,0,23,23,0,0,0,174,171,3,0,3
S01006965,221,216,5,2,3,167,163,4,1,3,100,98,2,0,2,59,57,2,1,1,8,8,0,0,0,54,53,1,1,0
S01006966,253,253,0,0,0,247,247,0,0,0,25,25,0,0,0,170,170,0,0,0,52,52,0,0,0,6,6,0,0,0
S01006967,239,237,2,0,2,230,228,2,0,2,59,59,0,0,0,169,167,2,0,2,2,2,0,0,0,9,9,0,0,0
S01006968,227,224,3,0,3,215,214,1,0,1,33,33,0,0,0,175,174,1,0,1,7,7,0,0,0,12,10,2,0,2
S01006969,416,412,4,0,4,336,332,4,0,4,60,60,0,0,0,267,264,3,0,3,9,8,1,0,1,80,80,0,0,0
S01006970,267,258,9,1,8,244,237,7,1,6,222,216,6,1,5,21,20,1,0,1,1,1,0,0,0,23,21,2,0,2
S01006971,253,248,5,0,5,179,176,3,0,3,47,45,2,0,2,99,98,1,0,1,33,33,0,0,0,74,72,2,0,2
S01006972,201,192,9,1,8,200,191,9,1,8,145,139,6,1,5,42,40,2,0,2,13,12,1,0,1,1,1,0,0,0
S01006973,245,234,11,2,9,237,227,10,2,8,143,139,4,1,3,79,74,5,1,4,15,14,1,0,1,8,7,1,0,1
S01006974,410,393,17,2,15,379,370,9,2,7,253,249,4,1,3,83,82,1,0,1,43,39,4,1,3,31,23,8,0,8
S01006975,434,386,48,16,32,424,377,47,16,31,337,298,39,13,26,58,52,6,1,5,29,27,2,2,0,10,9,1,0,1
S01006976,176,172,4,0,4,173,169,4,0,4,139,138,1,0,1,29,26,3,0,3,5,5,0,0,0,3,3,0,0,0
S01006977,341,316,25,1,24,337,312,25,1,24,258,239,19,1,18,67,62,5,0,5,12,11,1,0,1,4,4,0,0,0
S01006978,387,371,16,0,16,381,365,16,0,16,269,264,5,0,5,88,81,7,0,7,24,20,4,0,4,6,6,0,0,0
S01006979,380,369,11,5,6,364,354,10,5,5,178,172,6,3,3,120,119,1,0,1,66,63,3,2,1,16,15,1,0,1
S01006980,345,326,19,0,19,340,321,19,0,19,262,247,15,0,15,77,73,4,0,4,1,1,0,0,0,5,5,0,0,0
S01006981,336,321,15,1,14,323,308,15,1,14,189,181,8,0,8,80,75,5,1,4,54,52,2,0,2,13,13,0,0,0
S01006982,362,359,3,0,3,337,335,2,0,2,161,159,2,0,2,150,150,0,0,0,26,26,0,0,0,25,24,1,0,1
S01006983,296,289,7,2,5,292,286,6,2,4,148,143,5,2,3,141,140,1,0,1,3,3,0,0,0,4,3,1,0,1
S01006984,290,275,15,2,13,287,272,15,2,13,194,182,12,1,11,74,73,1,0,1,19,17,2,1,1,3,3,0,0,0
S01006985,442,432,10,0,10,404,394,10,0,10,188,184,4,0,4,179,174,5,0,5,37,36,1,0,1,38,38,0,0,0
S01006986,248,243,5,3,2,234,229,5,3,2,164,160,4,2,2,57,56,1,1,0,13,13,0,0,0,14,14,0,0,0
S01006987,308,294,14,3,11,269,258,11,2,9,155,147,8,1,7,83,81,2,0,2,31,30,1,1,0,39,36,3,1,2
S01006988,225,218,7,0,7,221,214,7,0,7,148,144,4,0,4,67,65,2,0,2,6,5,1,0,1,4,4,0,0,0
S01006989,388,375,13,2,11,384,371,13,2,11,293,281,12,2,10,74,73,1,0,1,17,17,0,0,0,4,4,0,0,0
S01006990,321,313,8,1,7,318,310,8,1,7,273,267,6,1,5,39,37,2,0,2,6,6,0,0,0,3,3,0,0,0
S01006991,225,216,9,1,8,200,194,6,1,5,82,80,2,0,2,67,64,3,0,3,51,50,1,1,0,25,22,3,0,3
S01006992,254,241,13,1,12,252,240,12,1,11,206,197,9,1,8,44,41,3,0,3,2,2,0,0,0,2,1,1,0,1
S01006993,206,202,4,0,4,203,199,4,0,4,186,182,4,0,4,15,15,0,0,0,2,2,0,0,0,3,3,0,0,0
S01006994,235,226,9,1,8,235,226,9,1,8,210,202,8,1,7,22,21,1,0,1,3,3,0,0,0,0,0,0,0,0
S01006995,347,331,16,0,16,341,325,16,0,16,263,250,13,0,13,55,52,3,0,3,23,23,0,0,0,6,6,0,0,0
S01006996,314,306,8,0,8,296,290,6,0,6,157,155,2,0,2,120,116,4,0,4,19,19,0,0,0,18,16,2,0,2
S01006997,305,292,13,0,13,298,285,13,0,13,247,235,12,0,12,39,38,1,0,1,12,12,0,0,0,7,7,0,0,0
S01006998,462,450,12,2,10,455,443,12,2,10,347,338,9,2,7,67,65,2,0,2,41,40,1,0,1,7,7,0,0,0
S01006999,349,334,15,3,12,344,329,15,3,12,271,263,8,2,6,68,61,7,1,6,5,5,0,0,0,5,5,0,0,0
S01007000,425,414,11,0,11,386,377,9,0,9,224,219,5,0,5,135,132,3,0,3,27,26,1,0,1,39,37,2,0,2
S01007001,401,388,13,2,11,376,365,11,2,9,221,213,8,2,6,98,97,1,0,1,57,55,2,0,2,25,23,2,0,2
S01007002,253,230,23,9,14,231,209,22,9,13,168,151,17,5,12,53,48,5,4,1,10,10,0,0,0,22,21,1,0,1
S01007003,214,205,9,3,6,209,200,9,3,6,169,161,8,3,5,35,34,1,0,1,5,5,0,0,0,5,5,0,0,0
S01007004,325,304,21,13,8,316,298,18,12,6,252,236,16,12,4,54,52,2,0,2,10,10,0,0,0,9,6,3,1,2
S01007005,362,348,14,1,13,356,343,13,1,12,302,291,11,1,10,44,42,2,0,2,10,10,0,0,0,6,5,1,0,1
S01007006,419,394,25,16,9,392,367,25,16,9,240,217,23,16,7,104,102,2,0,2,48,48,0,0,0,27,27,0,0,0
S01007007,361,338,23,8,15,357,334,23,8,15,264,246,18,6,12,78,75,3,0,3,15,13,2,2,0,4,4,0,0,0
S01007008,461,450,11,0,11,390,381,9,0,9,105,103,2,0,2,198,193,5,0,5,87,85,2,0,2,71,69,2,0,2
S01007009,518,496,22,3,19,361,345,16,1,15,163,156,7,1,6,134,130,4,0,4,64,59,5,0,5,157,151,6,2,4
S01007010,410,392,18,0,18,304,291,13,0,13,182,176,6,0,6,73,67,6,0,6,49,48,1,0,1,106,101,5,0,5
S01007011,483,463,20,0,20,288,279,9,0,9,61,61,0,0,0,124,117,7,0,7,103,101,2,0,2,195,184,11,0,11
S01007012,325,322,3,0,3,317,314,3,0,3,14,14,0,0,0,115,114,1,0,1,188,186,2,0,2,8,8,0,0,0
S01007013,226,222,4,3,1,221,220,1,0,1,185,185,0,0,0,31,30,1,0,1,5,5,0,0,0,5,2,3,3,0
S01007014,399,381,18,9,9,394,377,17,8,9,291,277,14,7,7,98,95,3,1,2,5,5,0,0,0,5,4,1,1,0
S01007015,264,247,17,4,13,261,244,17,4,13,210,197,13,3,10,45,43,2,1,1,6,4,2,0,2,3,3,0,0,0
S01007016,223,213,10,2,8,223,213,10,2,8,193,185,8,2,6,26,24,2,0,2,4,4,0,0,0,0,0,0,0,0
S01007017,492,476,16,2,14,380,368,12,1,11,50,50,0,0,0,174,165,9,1,8,156,153,3,0,3,112,108,4,1,3
S01007018,435,421,14,1,13,401,391,10,1,9,224,216,8,1,7,118,116,2,0,2,59,59,0,0,0,34,30,4,0,4
S01007019,316,309,7,0,7,297,290,7,0,7,110,109,1,0,1,81,79,2,0,2,106,102,4,0,4,19,19,0,0,0
S01007020,430,411,19,2,17,264,255,9,1,8,125,120,5,1,4,75,74,1,0,1,64,61,3,0,3,166,156,10,1,9
S01007021,422,403,19,1,18,378,365,13,1,12,97,96,1,0,1,214,203,11,1,10,67,66,1,0,1,44,38,6,0,6
S01007022,209,209,0,0,0,206,206,0,0,0,101,101,0,0,0,96,96,0,0,0,9,9,0,0,0,3,3,0,0,0
S01007023,258,203,55,36,19,254,199,55,36,19,141,104,37,26,11,92,80,12,4,8,21,15,6,6,0,4,4,0,0,0
S01007024,458,416,42,20,22,449,407,42,20,22,331,298,33,16,17,97,90,7,4,3,21,19,2,0,2,9,9,0,0,0
S01007025,418,389,29,19,10,388,362,26,16,10,82,76,6,4,2,274,255,19,11,8,32,31,1,1,0,30,27,3,3,0
S01007026,464,412,52,32,20,406,358,48,32,16,259,228,31,19,12,118,105,13,11,2,29,25,4,2,2,58,54,4,0,4
S01007027,542,481,61,42,19,500,447,53,39,14,248,216,32,23,9,186,176,10,8,2,66,55,11,8,3,42,34,8,3,5
S01007028,334,315,19,12,7,323,306,17,11,6,233,219,14,10,4,82,80,2,0,2,8,7,1,1,0,11,9,2,1,1
S01007029,236,221,15,13,2,231,216,15,13,2,216,201,15,13,2,14,14,0,0,0,1,1,0,0,0,5,5,0,0,0
S01007030,353,338,15,7,8,344,329,15,7,8,158,149,9,5,4,80,76,4,1,3,106,104,2,1,1,9,9,0,0,0
S01007031,306,285,21,10,11,274,255,19,10,9,157,144,13,9,4,81,78,3,0,3,36,33,3,1,2,32,30,2,0,2
S01007032,568,507,61,32,29,375,333,42,29,13,86,83,3,2,1,171,147,24,17,7,118,103,15,10,5,193,174,19,3,16
S01007033,348,338,10,8,2,315,306,9,7,2,72,68,4,3,1,122,121,1,1,0,121,117,4,3,1,33,32,1,1,0
S01007034,272,266,6,1,5,209,203,6,1,5,76,75,1,1,0,83,82,1,0,1,50,46,4,0,4,63,63,0,0,0
S01007035,383,375,8,2,6,343,335,8,2,6,36,35,1,0,1,211,207,4,1,3,96,93,3,1,2,40,40,0,0,0
S01007036,414,401,13,3,10,342,331,11,3,8,210,203,7,1,6,72,69,3,1,2,60,59,1,1,0,72,70,2,0,2
S01007037,461,453,8,1,7,421,415,6,1,5,100,96,4,1,3,194,194,0,0,0,127,125,2,0,2,40,38,2,0,2
S01007038,360,328,32,13,19,274,249,25,12,13,96,93,3,1,2,110,103,7,3,4,68,53,15,8,7,86,79,7,1,6
S01007039,393,368,25,6,19,356,342,14,6,8,128,122,6,0,6,142,136,6,4,2,86,84,2,2,0,37,26,11,0,11
S01007040,306,301,5,0,5,274,269,5,0,5,83,82,1,0,1,121,118,3,0,3,70,69,1,0,1,32,32,0,0,0
S01007041,371,344,27,8,19,305,283,22,8,14,120,116,4,2,2,103,99,4,0,4,82,68,14,6,8,66,61,5,0,5
S01007042,329,318,11,0,11,313,303,10,0,10,177,173,4,0,4,105,99,6,0,6,31,31,0,0,0,16,15,1,0,1
S01007043,405,382,23,9,14,399,377,22,8,14,327,308,19,7,12,63,60,3,1,2,9,9,0,0,0,6,5,1,1,0
S01007044,425,306,119,77,42,396,285,111,73,38,144,119,25,11,14,139,106,33,24,9,113,60,53,38,15,29,21,8,4,4
S01007045,382,325,57,42,15,372,316,56,41,15,343,291,52,39,13,26,23,3,1,2,3,2,1,1,0,10,9,1,1,0
S01007046,290,259,31,21,10,286,256,30,20,10,163,148,15,10,5,108,95,13,9,4,15,13,2,1,1,4,3,1,1,0
S01007047,278,261,17,2,15,274,258,16,1,15,222,206,16,1,15,45,45,0,0,0,7,7,0,0,0,4,3,1,1,0
S01007048,373,359,14,2,12,367,353,14,2,12,296,285,11,2,9,54,51,3,0,3,17,17,0,0,0,6,6,0,0,0
S01007049,432,415,17,1,16,408,392,16,1,15,98,97,1,1,0,219,210,9,0,9,91,85,6,0,6,24,23,1,0,1
S01007050,315,295,20,0,20,296,276,20,0,20,139,131,8,0,8,113,105,8,0,8,44,40,4,0,4,19,19,0,0,0
S01007051,343,332,11,0,11,299,290,9,0,9,125,122,3,0,3,136,130,6,0,6,38,38,0,0,0,44,42,2,0,2
S01007052,241,233,8,0,8,238,230,8,0,8,147,145,2,0,2,69,65,4,0,4,22,20,2,0,2,3,3,0,0,0
S01007053,201,191,10,1,9,199,189,10,1,9,183,173,10,1,9,14,14,0,0,0,2,2,0,0,0,2,2,0,0,0
S01007054,441,434,7,1,6,408,402,6,1,5,105,104,1,0,1,190,185,5,1,4,113,113,0,0,0,33,32,1,0,1
S01007055,205,196,9,2,7,201,192,9,2,7,177,171,6,2,4,22,19,3,0,3,2,2,0,0,0,4,4,0,0,0
S01007056,229,221,8,1,7,225,217,8,1,7,198,190,8,1,7,24,24,0,0,0,3,3,0,0,0,4,4,0,0,0
S01007057,250,247,3,2,1,239,237,2,2,0,140,140,0,0,0,89,87,2,2,0,10,10,0,0,0,11,10,1,0,1
S01007058,290,288,2,0,2,257,256,1,0,1,90,90,0,0,0,125,124,1,0,1,42,42,0,0,0,33,32,1,0,1
S01007059,444,433,11,0,11,421,411,10,0,10,182,176,6,0,6,219,217,2,0,2,20,18,2,0,2,23,22,1,0,1
S01007060,239,231,8,0,8,238,230,8,0,8,31,31,0,0,0,184,182,2,0,2,23,17,6,0,6,1,1,0,0,0
S01007061,365,346,19,5,14,357,338,19,5,14,314,299,15,4,11,39,35,4,1,3,4,4,0,0,0,8,8,0,0,0
S01007062,277,272,5,0,5,271,267,4,0,4,231,227,4,0,4,39,39,0,0,0,1,1,0,0,0,6,5,1,0,1
S01007063,293,282,11,0,11,278,268,10,0,10,121,118,3,0,3,117,110,7,0,7,40,40,0,0,0,15,14,1,0,1
S01007064,266,253,13,1,12,259,246,13,1,12,181,173,8,1,7,58,55,3,0,3,20,18,2,0,2,7,7,0,0,0
S01007065,284,249,35,19,16,279,246,33,18,15,156,139,17,10,7,67,64,3,2,1,56,43,13,6,7,5,3,2,1,1
S01007066,271,252,19,1,18,266,247,19,1,18,214,199,15,1,14,46,42,4,0,4,6,6,0,0,0,5,5,0,0,0
S01007067,264,254,10,0,10,218,214,4,0,4,75,74,1,0,1,132,129,3,0,3,11,11,0,0,0,46,40,6,0,6
S01007068,348,329,19,6,13,323,306,17,5,12,141,133,8,3,5,104,97,7,1,6,78,76,2,1,1,25,23,2,1,1
S01007069,354,338,16,1,15,344,329,15,1,14,115,110,5,1,4,122,121,1,0,1,107,98,9,0,9,10,9,1,0,1
S01007070,262,247,15,4,11,234,220,14,4,10,59,57,2,0,2,110,108,2,0,2,65,55,10,4,6,28,27,1,0,1
S01007071,367,356,11,0,11,341,331,10,0,10,141,134,7,0,7,169,167,2,0,2,31,30,1,0,1,26,25,1,0,1
S01007072,247,246,1,0,1,244,243,1,0,1,84,83,1,0,1,108,108,0,0,0,52,52,0,0,0,3,3,0,0,0
S01007073,359,358,1,0,1,356,355,1,0,1,124,124,0,0,0,156,155,1,0,1,76,76,0,0,0,3,3,0,0,0
S01007074,296,292,4,0,4,232,230,2,0,2,16,16,0,0,0,66,66,0,0,0,150,148,2,0,2,64,62,2,0,2
S01007075,319,305,14,6,8,288,275,13,6,7,14,13,1,0,1,79,77,2,0,2,195,185,10,6,4,31,30,1,0,1
S01007076,292,289,3,2,1,286,283,3,2,1,26,26,0,0,0,67,67,0,0,0,193,190,3,2,1,6,6,0,0,0
S01007077,321,311,10,4,6,317,307,10,4,6,45,45,0,0,0,171,166,5,0,5,101,96,5,4,1,4,4,0,0,0
S01007078,404,398,6,0,6,294,291,3,0,3,80,79,1,0,1,125,125,0,0,0,89,87,2,0,2,110,107,3,0,3
S01007079,548,522,26,0,26,272,265,7,0,7,97,93,4,0,4,135,132,3,0,3,40,40,0,0,0,276,257,19,0,19
S01007080,395,386,9,0,9,238,234,4,0,4,48,46,2,0,2,166,164,2,0,2,24,24,0,0,0,157,152,5,0,5
S01007081,384,370,14,6,8,261,249,12,6,6,33,32,1,0,1,132,130,2,0,2,96,87,9,6,3,123,121,2,0,2
S01007082,238,233,5,1,4,156,152,4,1,3,40,38,2,0,2,88,88,0,0,0,28,26,2,1,1,82,81,1,0,1
S01007083,466,451,15,0,15,228,219,9,0,9,33,31,2,0,2,104,99,5,0,5,91,89,2,0,2,238,232,6,0,6
S01007084,286,273,13,1,12,181,175,6,0,6,56,55,1,0,1,106,101,5,0,5,19,19,0,0,0,105,98,7,1,6
S01007085,399,366,33,2,31,147,134,13,1,12,34,31,3,0,3,74,65,9,0,9,39,38,1,1,0,252,232,20,1,19
S01007086,684,573,111,41,70,166,138,28,11,17,24,24,0,0,0,55,50,5,1,4,87,64,23,10,13,518,435,83,30,53
S01007087,493,439,54,18,36,206,180,26,7,19,44,40,4,1,3,87,83,4,0,4,75,57,18,6,12,287,259,28,11,17
S01007088,266,247,19,11,8,57,49,8,7,1,6,6,0,0,0,34,33,1,1,0,17,10,7,6,1,209,198,11,4,7
S01007089,227,217,10,0,10,223,213,10,0,10,146,140,6,0,6,73,69,4,0,4,4,4,0,0,0,4,4,0,0,0
S01007090,248,243,5,0,5,219,214,5,0,5,43,42,1,0,1,141,140,1,0,1,35,32,3,0,3,29,29,0,0,0
S01007091,287,280,7,0,7,265,259,6,0,6,71,67,4,0,4,185,183,2,0,2,9,9,0,0,0,22,21,1,0,1
S01007092,321,307,14,1,13,265,257,8,0,8,26,26,0,0,0,140,135,5,0,5,99,96,3,0,3,56,50,6,1,5
S01007093,426,417,9,1,8,388,380,8,0,8,174,171,3,0,3,192,187,5,0,5,22,22,0,0,0,38,37,1,1,0
S01007094,357,354,3,0,3,347,344,3,0,3,153,151,2,0,2,169,168,1,0,1,25,25,0,0,0,10,10,0,0,0
S01007095,214,209,5,0,5,209,204,5,0,5,182,178,4,0,4,21,21,0,0,0,6,5,1,0,1,5,5,0,0,0
S01007096,329,316,13,0,13,305,292,13,0,13,232,224,8,0,8,59,55,4,0,4,14,13,1,0,1,24,24,0,0,0
S01007097,199,188,11,0,11,195,185,10,0,10,161,152,9,0,9,30,29,1,0,1,4,4,0,0,0,4,3,1,0,1
S01007098,300,288,12,3,9,300,288,12,3,9,248,236,12,3,9,45,45,0,0,0,7,7,0,0,0,0,0,0,0,0
S01007099,347,338,9,0,9,329,320,9,0,9,231,226,5,0,5,69,67,2,0,2,29,27,2,0,2,18,18,0,0,0
S01007100,311,298,13,3,10,303,290,13,3,10,197,188,9,1,8,74,70,4,2,2,32,32,0,0,0,8,8,0,0,0
S01007101,352,342,10,2,8,336,327,9,2,7,88,86,2,0,2,161,155,6,2,4,87,86,1,0,1,16,15,1,0,1
S01007102,274,260,14,1,13,271,257,14,1,13,240,227,13,1,12,31,30,1,0,1,0,0,0,0,0,3,3,0,0,0
S01007103,341,330,11,2,9,339,328,11,2,9,212,201,11,2,9,80,80,0,0,0,47,47,0,0,0,2,2,0,0,0
S01007104,208,197,11,0,11,205,194,11,0,11,169,160,9,0,9,30,28,2,0,2,6,6,0,0,0,3,3,0,0,0
S01007105,258,238,20,5,15,242,223,19,5,14,179,162,17,5,12,43,42,1,0,1,20,19,1,0,1,16,15,1,0,1
S01007106,344,319,25,5,20,342,317,25,5,20,184,172,12,3,9,106,93,13,2,11,52,52,0,0,0,2,2,0,0,0
S01007107,268,256,12,1,11,263,251,12,1,11,233,221,12,1,11,28,28,0,0,0,2,2,0,0,0,5,5,0,0,0
S01007108,240,226,14,0,14,237,223,14,0,14,208,196,12,0,12,21,20,1,0,1,8,7,1,0,1,3,3,0,0,0
S01007109,380,371,9,2,7,340,332,8,2,6,76,74,2,1,1,203,201,2,0,2,61,57,4,1,3,40,39,1,0,1
S01007110,343,324,19,2,17,294,281,13,2,11,114,112,2,0,2,109,104,5,1,4,71,65,6,1,5,49,43,6,0,6
S01007111,235,225,10,4,6,222,212,10,4,6,74,71,3,2,1,109,105,4,1,3,39,36,3,1,2,13,13,0,0,0
S01007112,220,214,6,1,5,208,205,3,0,3,166,164,2,0,2,32,31,1,0,1,10,10,0,0,0,12,9,3,1,2
S01007113,245,231,14,6,8,139,131,8,3,5,44,43,1,1,0,65,63,2,0,2,30,25,5,2,3,106,100,6,3,3
S01007114,386,378,8,0,8,377,369,8,0,8,97,93,4,0,4,137,135,2,0,2,143,141,2,0,2,9,9,0,0,0
S01007115,261,257,4,0,4,238,238,0,0,0,145,145,0,0,0,87,87,0,0,0,6,6,0,0,0,23,19,4,0,4
S01007116,316,315,1,0,1,310,309,1,0,1,254,253,1,0,1,50,50,0,0,0,6,6,0,0,0,6,6,0,0,0
S01007117,180,177,3,0,3,179,176,3,0,3,157,154,3,0,3,16,16,0,0,0,6,6,0,0,0,1,1,0,0,0
S01007118,291,282,9,0,9,283,274,9,0,9,18,18,0,0,0,71,71,0,0,0,194,185,9,0,9,8,8,0,0,0
S01007119,331,330,1,0,1,328,327,1,0,1,23,23,0,0,0,153,153,0,0,0,152,151,1,0,1,3,3,0,0,0
S01007120,507,483,24,9,15,420,408,12,1,11,72,72,0,0,0,143,139,4,0,4,205,197,8,1,7,87,75,12,8,4
S01007121,321,294,27,19,8,100,88,12,12,0,7,7,0,0,0,36,36,0,0,0,57,45,12,12,0,221,206,15,7,8
S01007122,300,287,13,9,4,150,142,8,6,2,56,55,1,0,1,72,71,1,0,1,22,16,6,6,0,150,145,5,3,2
S01007123,321,313,8,0,8,257,253,4,0,4,22,22,0,0,0,135,133,2,0,2,100,98,2,0,2,64,60,4,0,4
S01007124,387,380,7,2,5,379,372,7,2,5,42,41,1,1,0,218,214,4,1,3,119,117,2,0,2,8,8,0,0,0
S01007125,367,351,16,8,8,320,305,15,8,7,58,58,0,0,0,190,186,4,0,4,72,61,11,8,3,47,46,1,0,1
S01007126,441,399,42,37,5,260,232,28,26,2,23,23,0,0,0,91,91,0,0,0,146,118,28,26,2,181,167,14,11,3
S01007127,494,446,48,3,45,197,187,10,1,9,32,31,1,0,1,46,45,1,0,1,119,111,8,1,7,297,259,38,2,36
S01007128,433,411,22,13,9,314,296,18,13,5,27,27,0,0,0,130,129,1,0,1,157,140,17,13,4,119,115,4,0,4
S01007129,383,374,9,1,8,373,364,9,1,8,260,254,6,1,5,69,69,0,0,0,44,41,3,0,3,10,10,0,0,0
S01007130,282,280,2,0,2,232,230,2,0,2,95,95,0,0,0,77,76,1,0,1,60,59,1,0,1,50,50,0,0,0
S01007131,348,341,7,0,7,310,303,7,0,7,184,178,6,0,6,110,109,1,0,1,16,16,0,0,0,38,38,0,0,0
S01007132,304,297,7,0,7,283,276,7,0,7,142,140,2,0,2,120,115,5,0,5,21,21,0,0,0,21,21,0,0,0
S01007133,269,262,7,3,4,257,250,7,3,4,158,155,3,1,2,69,67,2,2,0,30,28,2,0,2,12,12,0,0,0
S01007134,336,317,19,0,19,291,287,4,0,4,194,192,2,0,2,90,88,2,0,2,7,7,0,0,0,45,30,15,0,15
S01007135,230,221,9,3,6,209,200,9,3,6,169,161,8,3,5,32,31,1,0,1,8,8,0,0,0,21,21,0,0,0
S01007136,216,185,31,16,15,211,182,29,16,13,192,168,24,15,9,17,13,4,0,4,2,1,1,1,0,5,3,2,0,2
S01007137,249,248,1,0,1,234,233,1,0,1,214,213,1,0,1,6,6,0,0,0,14,14,0,0,0,15,15,0,0,0
S01007138,250,243,7,0,7,221,215,6,0,6,144,142,2,0,2,52,49,3,0,3,25,24,1,0,1,29,28,1,0,1
S01007139,330,324,6,1,5,326,320,6,1,5,186,182,4,1,3,88,87,1,0,1,52,51,1,0,1,4,4,0,0,0
S01007140,415,405,10,4,6,411,401,10,4,6,282,278,4,1,3,107,101,6,3,3,22,22,0,0,0,4,4,0,0,0
S01007141,256,249,7,2,5,254,247,7,2,5,159,155,4,1,3,83,81,2,0,2,12,11,1,1,0,2,2,0,0,0
S01007142,153,153,0,0,0,151,151,0,0,0,143,143,0,0,0,6,6,0,0,0,2,2,0,0,0,2,2,0,0,0
S01007143,204,203,1,0,1,202,201,1,0,1,160,159,1,0,1,39,39,0,0,0,3,3,0,0,0,2,2,0,0,0
S01007144,257,240,17,0,17,252,235,17,0,17,152,140,12,0,12,79,75,4,0,4,21,20,1,0,1,5,5,0,0,0
S01007145,418,408,10,1,9,390,381,9,1,8,187,185,2,1,1,132,127,5,0,5,71,69,2,0,2,28,27,1,0,1
S01007146,337,334,3,0,3,300,297,3,0,3,74,72,2,0,2,178,177,1,0,1,48,48,0,0,0,37,37,0,0,0
S01007147,309,305,4,0,4,286,282,4,0,4,205,203,2,0,2,48,47,1,0,1,33,32,1,0,1,23,23,0,0,0
S01007148,207,204,3,0,3,204,201,3,0,3,137,135,2,0,2,45,45,0,0,0,22,21,1,0,1,3,3,0,0,0
S01007149,239,237,2,0,2,236,234,2,0,2,149,147,2,0,2,85,85,0,0,0,2,2,0,0,0,3,3,0,0,0
S01007150,358,350,8,0,8,262,257,5,0,5,145,141,4,0,4,110,109,1,0,1,7,7,0,0,0,96,93,3,0,3
S01007151,333,331,2,0,2,323,322,1,0,1,231,230,1,0,1,84,84,0,0,0,8,8,0,0,0,10,9,1,0,1
S01007152,242,237,5,0,5,201,196,5,0,5,94,91,3,0,3,90,88,2,0,2,17,17,0,0,0,41,41,0,0,0
S01007153,292,286,6,0,6,284,278,6,0,6,87,86,1,0,1,91,91,0,0,0,106,101,5,0,5,8,8,0,0,0
S01007154,458,453,5,0,5,151,149,2,0,2,57,57,0,0,0,81,80,1,0,1,13,12,1,0,1,307,304,3,0,3
S01007155,314,305,9,0,9,255,248,7,0,7,50,49,1,0,1,154,148,6,0,6,51,51,0,0,0,59,57,2,0,2
S01007156,317,308,9,0,9,312,303,9,0,9,141,137,4,0,4,80,78,2,0,2,91,88,3,0,3,5,5,0,0,0
S01007157,286,279,7,0,7,263,256,7,0,7,26,25,1,0,1,113,110,3,0,3,124,121,3,0,3,23,23,0,0,0
S01007158,388,386,2,0,2,367,365,2,0,2,141,140,1,0,1,151,150,1,0,1,75,75,0,0,0,21,21,0,0,0
S01007159,430,407,23,0,23,262,257,5,0,5,30,30,0,0,0,148,147,1,0,1,84,80,4,0,4,168,150,18,0,18
S01007160,381,377,4,0,4,353,349,4,0,4,56,56,0,0,0,164,164,0,0,0,133,129,4,0,4,28,28,0,0,0
S01007161,326,317,9,2,7,283,276,7,1,6,70,68,2,1,1,113,111,2,0,2,100,97,3,0,3,43,41,2,1,1
S01007162,291,271,20,8,12,100,98,2,0,2,22,22,0,0,0,48,47,1,0,1,30,29,1,0,1,191,173,18,8,10
S01007163,405,392,13,2,11,379,366,13,2,11,102,100,2,0,2,219,208,11,2,9,58,58,0,0,0,26,26,0,0,0
S01007164,267,257,10,0,10,223,219,4,0,4,79,78,1,0,1,86,84,2,0,2,58,57,1,0,1,44,38,6,0,6
S01007165,341,330,11,2,9,272,263,9,1,8,118,115,3,0,3,113,111,2,1,1,41,37,4,0,4,69,67,2,1,1
S01007166,337,328,9,2,7,300,292,8,2,6,81,79,2,0,2,161,156,5,2,3,58,57,1,0,1,37,36,1,0,1
S01007167,334,331,3,0,3,329,326,3,0,3,203,201,2,0,2,114,114,0,0,0,12,11,1,0,1,5,5,0,0,0
S01007168,419,415,4,0,4,417,413,4,0,4,230,226,4,0,4,183,183,0,0,0,4,4,0,0,0,2,2,0,0,0
S01007169,327,326,1,0,1,285,284,1,0,1,185,184,1,0,1,85,85,0,0,0,15,15,0,0,0,42,42,0,0,0
S01007170,280,268,12,1,11,265,253,12,1,11,200,194,6,1,5,62,57,5,0,5,3,2,1,0,1,15,15,0,0,0
S01007171,380,364,16,4,12,293,282,11,4,7,207,201,6,2,4,72,67,5,2,3,14,14,0,0,0,87,82,5,0,5
S01007172,353,333,20,8,12,328,311,17,6,11,258,246,12,4,8,45,41,4,1,3,25,24,1,1,0,25,22,3,2,1
S01007173,335,327,8,1,7,319,311,8,1,7,174,169,5,1,4,89,87,2,0,2,56,55,1,0,1,16,16,0,0,0
S01007174,292,286,6,2,4,282,276,6,2,4,136,133,3,2,1,69,66,3,0,3,77,77,0,0,0,10,10,0,0,0
S01007175,303,294,9,0,9,294,285,9,0,9,68,63,5,0,5,175,171,4,0,4,51,51,0,0,0,9,9,0,0,0
S01007176,296,290,6,0,6,236,231,5,0,5,63,62,1,0,1,116,112,4,0,4,57,57,0,0,0,60,59,1,0,1
S01007177,309,303,6,0,6,171,171,0,0,0,18,18,0,0,0,35,35,0,0,0,118,118,0,0,0,138,132,6,0,6
S01007178,515,505,10,0,10,267,266,1,0,1,34,34,0,0,0,64,63,1,0,1,169,169,0,0,0,248,239,9,0,9
S01007179,387,384,3,0,3,378,375,3,0,3,256,254,2,0,2,116,115,1,0,1,6,6,0,0,0,9,9,0,0,0
S01007180,359,347,12,0,12,316,305,11,0,11,230,222,8,0,8,78,75,3,0,3,8,8,0,0,0,43,42,1,0,1
S01007181,325,317,8,1,7,276,271,5,0,5,134,133,1,0,1,94,92,2,0,2,48,46,2,0,2,49,46,3,1,2
S01007182,537,526,11,1,10,280,276,4,0,4,84,83,1,0,1,123,121,2,0,2,73,72,1,0,1,257,250,7,1,6
S01007183,583,560,23,2,21,350,342,8,1,7,68,67,1,1,0,85,82,3,0,3,197,193,4,0,4,233,218,15,1,14
S01007184,636,594,42,0,42,240,231,9,0,9,40,40,0,0,0,52,51,1,0,1,148,140,8,0,8,396,363,33,0,33
S01007185,442,422,20,0,20,117,114,3,0,3,22,22,0,0,0,28,27,1,0,1,67,65,2,0,2,325,308,17,0,17
S01007186,348,327,21,5,16,99,92,7,4,3,8,8,0,0,0,30,29,1,0,1,61,55,6,4,2,249,235,14,1,13
S01007187,541,498,43,2,41,118,115,3,0,3,19,19,0,0,0,36,36,0,0,0,63,60,3,0,3,423,383,40,2,38
S01007188,375,328,47,11,36,124,111,13,8,5,9,8,1,0,1,17,16,1,0,1,98,87,11,8,3,251,217,34,3,31
S01007189,483,461,22,2,20,204,195,9,1,8,57,53,4,0,4,67,66,1,0,1,80,76,4,1,3,279,266,13,1,12
S01007190,389,378,11,2,9,369,359,10,2,8,110,106,4,1,3,204,200,4,0,4,55,53,2,1,1,20,19,1,0,1
S01007191,279,274,5,1,4,210,206,4,1,3,19,19,0,0,0,76,76,0,0,0,115,111,4,1,3,69,68,1,0,1
S01007192,293,286,7,0,7,176,171,5,0,5,27,27,0,0,0,56,55,1,0,1,93,89,4,0,4,117,115,2,0,2
S01007193,290,289,1,0,1,275,274,1,0,1,9,9,0,0,0,109,108,1,0,1,157,157,0,0,0,15,15,0,0,0
S01007194,285,276,9,0,9,142,140,2,0,2,5,5,0,0,0,70,70,0,0,0,67,65,2,0,2,143,136,7,0,7
S01007195,242,237,5,0,5,205,201,4,0,4,29,28,1,0,1,97,96,1,0,1,79,77,2,0,2,37,36,1,0,1
S01007196,294,278,16,0,16,187,183,4,0,4,20,20,0,0,0,97,97,0,0,0,70,66,4,0,4,107,95,12,0,12
S01007197,297,286,11,0,11,101,100,1,0,1,16,15,1,0,1,66,66,0,0,0,19,19,0,0,0,196,186,10,0,10
S01007198,236,229,7,0,7,96,95,1,0,1,17,17,0,0,0,65,64,1,0,1,14,14,0,0,0,140,134,6,0,6
S01007199,316,306,10,0,10,129,128,1,0,1,19,18,1,0,1,46,46,0,0,0,64,64,0,0,0,187,178,9,0,9
S01007200,407,405,2,0,2,315,314,1,0,1,15,15,0,0,0,41,41,0,0,0,259,258,1,0,1,92,91,1,0,1
S01007201,354,350,4,0,4,269,266,3,0,3,63,62,1,0,1,125,123,2,0,2,81,81,0,0,0,85,84,1,0,1
S01007202,354,350,4,0,4,263,260,3,0,3,41,40,1,0,1,52,52,0,0,0,170,168,2,0,2,91,90,1,0,1
S01007203,256,250,6,0,6,246,242,4,0,4,17,16,1,0,1,78,77,1,0,1,151,149,2,0,2,10,8,2,0,2
S01007204,448,426,22,6,16,429,409,20,5,15,207,198,9,3,6,120,116,4,1,3,102,95,7,1,6,19,17,2,1,1
S01007205,271,263,8,1,7,267,259,8,1,7,182,176,6,1,5,63,63,0,0,0,22,20,2,0,2,4,4,0,0,0
S01007206,241,212,29,16,13,145,128,17,7,10,26,23,3,0,3,45,43,2,1,1,74,62,12,6,6,96,84,12,9,3
S01007207,431,420,11,2,9,339,331,8,2,6,86,84,2,0,2,190,188,2,1,1,63,59,4,1,3,92,89,3,0,3
S01007208,594,550,44,3,41,130,117,13,0,13,23,23,0,0,0,36,36,0,0,0,71,58,13,0,13,464,433,31,3,28
S01007209,440,389,51,2,49,136,109,27,2,25,19,19,0,0,0,43,34,9,0,9,74,56,18,2,16,304,280,24,0,24
S01007210,400,387,13,0,13,130,127,3,0,3,24,24,0,0,0,35,35,0,0,0,71,68,3,0,3,270,260,10,0,10
S01007211,510,498,12,0,12,220,214,6,0,6,27,26,1,0,1,61,61,0,0,0,132,127,5,0,5,290,284,6,0,6
S01007212,269,259,10,2,8,158,152,6,2,4,58,54,4,1,3,45,45,0,0,0,55,53,2,1,1,111,107,4,0,4
S01007213,429,423,6,2,4,247,246,1,0,1,72,72,0,0,0,106,105,1,0,1,69,69,0,0,0,182,177,5,2,3
S01007214,441,424,17,1,16,101,99,2,0,2,17,16,1,0,1,34,33,1,0,1,50,50,0,0,0,340,325,15,1,14
S01007215,422,397,25,1,24,186,176,10,1,9,62,61,1,0,1,58,54,4,0,4,66,61,5,1,4,236,221,15,0,15
S01007216,328,315,13,3,10,246,240,6,1,5,134,130,4,0,4,78,77,1,1,0,34,33,1,0,1,82,75,7,2,5
S01007217,464,460,4,0,4,355,351,4,0,4,38,38,0,0,0,89,88,1,0,1,228,225,3,0,3,109,109,0,0,0
S01007218,358,353,5,3,2,348,343,5,3,2,231,228,3,2,1,40,40,0,0,0,77,75,2,1,1,10,10,0,0,0
S01007219,389,386,3,0,3,302,299,3,0,3,60,58,2,0,2,33,33,0,0,0,209,208,1,0,1,87,87,0,0,0
S01007220,332,330,2,0,2,235,234,1,0,1,16,16,0,0,0,53,53,0,0,0,166,165,1,0,1,97,96,1,0,1
S01007221,276,273,3,0,3,248,246,2,0,2,168,166,2,0,2,65,65,0,0,0,15,15,0,0,0,28,27,1,0,1
S01007222,326,320,6,0,6,315,310,5,0,5,116,114,2,0,2,110,108,2,0,2,89,88,1,0,1,11,10,1,0,1
S01007223,200,200,0,0,0,195,195,0,0,0,162,162,0,0,0,26,26,0,0,0,7,7,0,0,0,5,5,0,0,0
S01007224,286,279,7,0,7,256,251,5,0,5,113,110,3,0,3,71,70,1,0,1,72,71,1,0,1,30,28,2,0,2
S01007225,382,369,13,1,12,368,357,11,1,10,218,212,6,1,5,87,86,1,0,1,63,59,4,0,4,14,12,2,0,2
S01007226,340,322,18,2,16,325,308,17,2,15,236,222,14,2,12,62,59,3,0,3,27,27,0,0,0,15,14,1,0,1
S01007227,448,425,23,0,23,406,389,17,0,17,139,137,2,0,2,156,150,6,0,6,111,102,9,0,9,42,36,6,0,6
S01007228,276,260,16,3,13,270,254,16,3,13,182,170,12,2,10,80,76,4,1,3,8,8,0,0,0,6,6,0,0,0
S01007229,511,455,56,14,42,491,439,52,12,40,350,314,36,8,28,116,104,12,4,8,25,21,4,0,4,20,16,4,2,2
S01007230,391,358,33,0,33,169,164,5,0,5,22,21,1,0,1,93,92,1,0,1,54,51,3,0,3,222,194,28,0,28
S01007231,399,372,27,0,27,149,144,5,0,5,14,14,0,0,0,70,68,2,0,2,65,62,3,0,3,250,228,22,0,22
S01007232,401,381,20,0,20,164,156,8,0,8,30,28,2,0,2,54,54,0,0,0,80,74,6,0,6,237,225,12,0,12
S01007233,371,347,24,1,23,237,227,10,0,10,79,75,4,0,4,60,60,0,0,0,98,92,6,0,6,134,120,14,1,13
S01007234,269,263,6,1,5,221,216,5,1,4,38,36,2,1,1,142,139,3,0,3,41,41,0,0,0,48,47,1,0,1
S01007235,468,407,61,2,59,165,148,17,1,16,58,55,3,1,2,44,43,1,0,1,63,50,13,0,13,303,259,44,1,43
S01007236,322,305,17,0,17,216,207,9,0,9,42,40,2,0,2,105,101,4,0,4,69,66,3,0,3,106,98,8,0,8
S01007237,328,325,3,0,3,283,280,3,0,3,121,119,2,0,2,154,153,1,0,1,8,8,0,0,0,45,45,0,0,0
S01007238,422,417,5,0,5,348,345,3,0,3,89,88,1,0,1,108,107,1,0,1,151,150,1,0,1,74,72,2,0,2
S01007239,373,367,6,0,6,337,331,6,0,6,252,246,6,0,6,69,69,0,0,0,16,16,0,0,0,36,36,0,0,0
S01007240,247,233,14,1,13,239,225,14,1,13,176,167,9,1,8,54,49,5,0,5,9,9,0,0,0,8,8,0,0,0
S01007241,255,242,13,2,11,249,237,12,2,10,192,180,12,2,10,42,42,0,0,0,15,15,0,0,0,6,5,1,0,1
S01007242,459,447,12,1,11,429,417,12,1,11,268,261,7,1,6,94,92,2,0,2,67,64,3,0,3,30,30,0,0,0
S01007243,263,255,8,1,7,255,247,8,1,7,176,171,5,1,4,60,59,1,0,1,19,17,2,0,2,8,8,0,0,0
S01007244,322,303,19,3,16,315,296,19,3,16,241,224,17,3,14,50,49,1,0,1,24,23,1,0,1,7,7,0,0,0
S01007245,322,310,12,2,10,293,284,9,2,7,164,157,7,2,5,75,74,1,0,1,54,53,1,0,1,29,26,3,0,3
S01007246,250,237,13,0,13,248,235,13,0,13,125,117,8,0,8,77,72,5,0,5,46,46,0,0,0,2,2,0,0,0
S01007247,290,279,11,0,11,277,266,11,0,11,122,116,6,0,6,99,96,3,0,3,56,54,2,0,2,13,13,0,0,0
S01007248,318,310,8,0,8,309,302,7,0,7,237,233,4,0,4,61,59,2,0,2,11,10,1,0,1,9,8,1,0,1
S01007249,183,174,9,1,8,144,141,3,1,2,88,85,3,1,2,37,37,0,0,0,19,19,0,0,0,39,33,6,0,6
S01007250,452,432,20,0,20,244,237,7,0,7,70,68,2,0,2,96,96,0,0,0,78,73,5,0,5,208,195,13,0,13
S01007251,260,250,10,0,10,180,172,8,0,8,49,48,1,0,1,72,69,3,0,3,59,55,4,0,4,80,78,2,0,2
S01007252,326,315,11,0,11,263,259,4,0,4,82,79,3,0,3,128,127,1,0,1,53,53,0,0,0,63,56,7,0,7
S01007253,372,358,14,1,13,331,321,10,0,10,181,176,5,0,5,111,106,5,0,5,39,39,0,0,0,41,37,4,1,3
S01007254,413,401,12,1,11,219,211,8,0,8,45,43,2,0,2,106,101,5,0,5,68,67,1,0,1,194,190,4,1,3
S01007255,384,374,10,0,10,176,172,4,0,4,24,24,0,0,0,43,43,0,0,0,109,105,4,0,4,208,202,6,0,6
S01007256,448,407,41,0,41,190,180,10,0,10,36,35,1,0,1,69,67,2,0,2,85,78,7,0,7,258,227,31,0,31
S01007257,317,296,21,1,20,111,105,6,0,6,28,27,1,0,1,39,39,0,0,0,44,39,5,0,5,206,191,15,1,14
S01007258,428,410,18,1,17,244,236,8,1,7,106,101,5,1,4,71,70,1,0,1,67,65,2,0,2,184,174,10,0,10
S01007259,428,414,14,0,14,280,272,8,0,8,39,38,1,0,1,100,99,1,0,1,141,135,6,0,6,148,142,6,0,6
S01007260,424,418,6,0,6,321,318,3,0,3,18,18,0,0,0,96,96,0,0,0,207,204,3,0,3,103,100,3,0,3
S01007261,363,356,7,0,7,331,324,7,0,7,183,179,4,0,4,99,96,3,0,3,49,49,0,0,0,32,32,0,0,0
S01007262,310,301,9,2,7,261,252,9,2,7,10,10,0,0,0,123,119,4,0,4,128,123,5,2,3,49,49,0,0,0
S01007263,371,366,5,1,4,328,323,5,1,4,52,51,1,1,0,106,106,0,0,0,170,166,4,0,4,43,43,0,0,0
S01007264,341,339,2,0,2,285,283,2,0,2,79,79,0,0,0,114,114,0,0,0,92,90,2,0,2,56,56,0,0,0
S01007265,491,472,19,1,18,277,268,9,1,8,64,61,3,0,3,82,77,5,1,4,131,130,1,0,1,214,204,10,0,10
S01007266,316,305,11,0,11,265,255,10,0,10,85,83,2,0,2,85,82,3,0,3,95,90,5,0,5,51,50,1,0,1
S01007267,239,222,17,10,7,235,219,16,9,7,175,168,7,5,2,46,40,6,2,4,14,11,3,2,1,4,3,1,1,0
S01007268,271,249,22,11,11,264,242,22,11,11,190,173,17,8,9,57,55,2,0,2,17,14,3,3,0,7,7,0,0,0
S01007269,229,224,5,0,5,224,219,5,0,5,146,144,2,0,2,63,62,1,0,1,15,13,2,0,2,5,5,0,0,0
S01007270,217,205,12,5,7,214,203,11,4,7,132,123,9,3,6,62,60,2,1,1,20,20,0,0,0,3,2,1,1,0
S01007271,473,448,25,8,17,398,373,25,8,17,125,122,3,1,2,132,127,5,1,4,141,124,17,6,11,75,75,0,0,0
S01007272,423,417,6,0,6,182,180,2,0,2,21,21,0,0,0,87,85,2,0,2,74,74,0,0,0,241,237,4,0,4
S01007273,303,296,7,3,4,224,217,7,3,4,94,92,2,2,0,104,102,2,1,1,26,23,3,0,3,79,79,0,0,0
S01007274,484,456,28,4,24,268,251,17,4,13,77,74,3,0,3,82,79,3,1,2,109,98,11,3,8,216,205,11,0,11
S01007275,257,243,14,5,9,211,200,11,5,6,102,98,4,1,3,57,56,1,0,1,52,46,6,4,2,46,43,3,0,3
S01007276,372,369,3,1,2,302,299,3,1,2,158,156,2,1,1,74,74,0,0,0,70,69,1,0,1,70,70,0,0,0
S01007277,340,327,13,3,10,335,323,12,3,9,228,222,6,0,6,96,91,5,2,3,11,10,1,1,0,5,4,1,0,1
S01007278,233,227,6,0,6,230,224,6,0,6,175,169,6,0,6,53,53,0,0,0,2,2,0,0,0,3,3,0,0,0
S01007279,316,240,76,63,13,309,233,76,63,13,286,211,75,62,13,21,20,1,1,0,2,2,0,0,0,7,7,0,0,0
S01007280,286,237,49,27,22,282,233,49,27,22,214,171,43,24,19,61,55,6,3,3,7,7,0,0,0,4,4,0,0,0
S01007281,387,361,26,8,18,366,342,24,6,18,234,219,15,4,11,117,110,7,2,5,15,13,2,0,2,21,19,2,2,0
S01007282,253,228,25,18,7,245,220,25,18,7,197,175,22,17,5,40,37,3,1,2,8,8,0,0,0,8,8,0,0,0
S01007283,511,482,29,12,17,459,435,24,11,13,243,223,20,11,9,123,120,3,0,3,93,92,1,0,1,52,47,5,1,4
S01007284,632,403,229,215,14,615,391,224,210,14,470,292,178,167,11,121,87,34,31,3,24,12,12,12,0,17,12,5,5,0
S01007285,500,358,142,135,7,478,339,139,132,7,346,234,112,105,7,111,86,25,25,0,21,19,2,2,0,22,19,3,3,0
S01007286,571,460,111,108,3,397,323,74,73,1,198,171,27,27,0,120,100,20,20,0,79,52,27,26,1,174,137,37,35,2
S01007287,385,281,104,97,7,338,246,92,86,6,252,172,80,77,3,76,67,9,7,2,10,7,3,2,1,47,35,12,11,1
S01007288,377,252,125,105,20,352,238,114,96,18,292,194,98,85,13,36,24,12,8,4,24,20,4,3,1,25,14,11,9,2
S01007289,363,323,40,34,6,318,281,37,31,6,216,185,31,27,4,80,74,6,4,2,22,22,0,0,0,45,42,3,3,0
S01007290,287,276,11,4,7,203,196,7,1,6,56,54,2,0,2,140,135,5,1,4,7,7,0,0,0,84,80,4,3,1
S01007291,344,329,15,4,11,191,184,7,4,3,62,58,4,1,3,96,93,3,3,0,33,33,0,0,0,153,145,8,0,8
S01007292,322,320,2,1,1,284,282,2,1,1,98,98,0,0,0,177,175,2,1,1,9,9,0,0,0,38,38,0,0,0
S01007293,316,310,6,5,1,120,120,0,0,0,12,12,0,0,0,28,28,0,0,0,80,80,0,0,0,196,190,6,5,1
S01007294,386,378,8,1,7,141,136,5,0,5,84,79,5,0,5,48,48,0,0,0,9,9,0,0,0,245,242,3,1,2
S01007295,336,307,29,24,5,60,56,4,4,0,20,18,2,2,0,31,31,0,0,0,9,7,2,2,0,276,251,25,20,5
S01007296,400,354,46,36,10,44,42,2,1,1,26,25,1,1,0,11,11,0,0,0,7,6,1,0,1,356,312,44,35,9
S01007297,479,444,35,22,13,205,192,13,7,6,117,110,7,4,3,66,62,4,1,3,22,20,2,2,0,274,252,22,15,7
S01007298,249,244,5,0,5,164,162,2,0,2,62,62,0,0,0,48,46,2,0,2,54,54,0,0,0,85,82,3,0,3
S01007299,412,387,25,11,14,193,176,17,8,9,63,60,3,1,2,79,74,5,1,4,51,42,9,6,3,219,211,8,3,5
S01007300,247,241,6,2,4,124,120,4,0,4,15,14,1,0,1,43,42,1,0,1,66,64,2,0,2,123,121,2,2,0
S01007301,342,311,31,26,5,325,294,31,26,5,263,234,29,26,3,50,48,2,0,2,12,12,0,0,0,17,17,0,0,0
S01007302,292,280,12,8,4,273,262,11,8,3,18,16,2,1,1,164,159,5,3,2,91,87,4,4,0,19,18,1,0,1
S01007303,404,366,38,18,20,358,326,32,15,17,279,254,25,9,16,68,61,7,6,1,11,11,0,0,0,46,40,6,3,3
S01007304,406,310,96,50,46,392,297,95,49,46,277,200,77,38,39,82,70,12,8,4,33,27,6,3,3,14,13,1,1,0
S01007305,336,305,31,21,10,324,295,29,19,10,222,199,23,16,7,67,63,4,2,2,35,33,2,1,1,12,10,2,2,0
S01007306,366,342,24,16,8,339,319,20,14,6,172,156,16,12,4,140,137,3,2,1,27,26,1,0,1,27,23,4,2,2
S01007307,389,337,52,45,7,363,313,50,45,5,312,265,47,42,5,43,42,1,1,0,8,6,2,2,0,26,24,2,0,2
S01007308,420,339,81,75,6,405,326,79,73,6,243,187,56,51,5,137,115,22,21,1,25,24,1,1,0,15,13,2,2,0
S01007309,388,277,111,104,7,374,265,109,102,7,275,184,91,86,5,79,61,18,16,2,20,20,0,0,0,14,12,2,2,0
S01007310,505,380,125,113,12,491,366,125,113,12,264,189,75,68,7,98,89,9,8,1,129,88,41,37,4,14,14,0,0,0
S01007311,383,343,40,36,4,295,268,27,26,1,121,100,21,20,1,112,112,0,0,0,62,56,6,6,0,88,75,13,10,3
S01007312,424,355,69,53,16,398,329,69,53,16,225,189,36,29,7,111,95,16,12,4,62,45,17,12,5,26,26,0,0,0
S01007313,571,436,135,127,8,518,397,121,117,4,366,281,85,81,4,82,76,6,6,0,70,40,30,30,0,53,39,14,10,4
S01007314,328,292,36,26,10,319,285,34,24,10,132,112,20,16,4,128,125,3,2,1,59,48,11,6,5,9,7,2,2,0
S01007315,445,434,11,2,9,389,382,7,2,5,147,144,3,1,2,160,158,2,1,1,82,80,2,0,2,56,52,4,0,4
S01007316,493,449,44,1,43,289,272,17,1,16,93,91,2,0,2,99,93,6,1,5,97,88,9,0,9,204,177,27,0,27
S01007317,285,266,19,9,10,236,232,4,0,4,75,74,1,0,1,74,73,1,0,1,87,85,2,0,2,49,34,15,9,6
S01007318,283,274,9,3,6,233,226,7,2,5,48,47,1,0,1,131,127,4,0,4,54,52,2,2,0,50,48,2,1,1
S01007319,390,369,21,8,13,226,219,7,3,4,109,107,2,1,1,65,63,2,2,0,52,49,3,0,3,164,150,14,5,9
S01007320,503,353,150,143,7,492,348,144,137,7,384,259,125,118,7,93,77,16,16,0,15,12,3,3,0,11,5,6,6,0
S01007321,360,271,89,73,16,345,257,88,72,16,254,185,69,55,14,70,58,12,10,2,21,14,7,7,0,15,14,1,1,0
S01007322,419,376,43,30,13,227,207,20,15,5,111,93,18,14,4,86,84,2,1,1,30,30,0,0,0,192,169,23,15,8
S01007323,262,227,35,26,9,158,136,22,17,5,67,54,13,12,1,48,43,5,4,1,43,39,4,1,3,104,91,13,9,4
S01007324,269,167,102,95,7,247,160,87,82,5,162,101,61,58,3,78,56,22,20,2,7,3,4,4,0,22,7,15,13,2
S01007325,553,393,160,149,11,532,381,151,141,10,239,171,68,61,7,153,121,32,30,2,140,89,51,50,1,21,12,9,8,1
S01007326,449,346,103,77,26,426,328,98,73,25,259,184,75,64,11,127,108,19,9,10,40,36,4,0,4,23,18,5,4,1
S01007327,409,350,59,49,10,354,304,50,42,8,79,68,11,8,3,156,138,18,17,1,119,98,21,17,4,55,46,9,7,2
S01007328,429,390,39,29,10,365,336,29,19,10,60,54,6,1,5,124,111,13,10,3,181,171,10,8,2,64,54,10,10,0
S01007329,369,314,55,39,16,358,307,51,36,15,210,185,25,19,6,116,98,18,10,8,32,24,8,7,1,11,7,4,3,1
S01007330,461,375,86,78,8,445,363,82,74,8,289,233,56,52,4,104,90,14,13,1,52,40,12,9,3,16,12,4,4,0
S01007331,451,419,32,32,0,440,408,32,32,0,169,154,15,15,0,149,141,8,8,0,122,113,9,9,0,11,11,0,0,0
S01007332,249,219,30,26,4,238,209,29,25,4,174,149,25,22,3,53,49,4,3,1,11,11,0,0,0,11,10,1,1,0
S01007333,401,367,34,15,19,255,234,21,8,13,170,161,9,4,5,34,30,4,4,0,51,43,8,0,8,146,133,13,7,6
S01007334,434,391,43,6,37,160,150,10,0,10,18,18,0,0,0,54,53,1,0,1,88,79,9,0,9,274,241,33,6,27
S01007335,428,412,16,9,7,267,261,6,1,5,16,16,0,0,0,151,146,5,1,4,100,99,1,0,1,161,151,10,8,2
S01007336,380,302,78,14,64,42,41,1,1,0,16,16,0,0,0,10,9,1,1,0,16,16,0,0,0,338,261,77,13,64
S01007337,406,380,26,11,15,165,159,6,3,3,35,33,2,2,0,49,48,1,0,1,81,78,3,1,2,241,221,20,8,12
S01007338,312,302,10,0,10,303,293,10,0,10,29,29,0,0,0,191,184,7,0,7,83,80,3,0,3,9,9,0,0,0
S01007339,329,302,27,22,5,208,195,13,10,3,136,125,11,8,3,57,56,1,1,0,15,14,1,1,0,121,107,14,12,2
S01007340,404,273,131,106,25,103,95,8,6,2,35,30,5,5,0,29,28,1,1,0,39,37,2,0,2,301,178,123,100,23
S01007341,493,394,99,61,38,164,150,14,6,8,87,81,6,3,3,62,54,8,3,5,15,15,0,0,0,329,244,85,55,30
S01007342,439,359,80,66,14,264,227,37,27,10,149,125,24,16,8,99,86,13,11,2,16,16,0,0,0,175,132,43,39,4
S01007343,436,302,134,125,9,314,256,58,51,7,226,177,49,43,6,75,69,6,5,1,13,10,3,3,0,122,46,76,74,2
S01007344,323,242,81,50,31,66,60,6,4,2,20,20,0,0,0,24,20,4,2,2,22,20,2,2,0,257,182,75,46,29
S01007345,340,315,25,6,19,88,86,2,1,1,12,12,0,0,0,53,52,1,0,1,23,22,1,1,0,252,229,23,5,18
S01007346,398,351,47,31,16,68,64,4,2,2,10,10,0,0,0,23,22,1,0,1,35,32,3,2,1,330,287,43,29,14
S01007347,409,351,58,32,26,194,189,5,3,2,14,14,0,0,0,74,74,0,0,0,106,101,5,3,2,215,162,53,29,24
S01007348,293,280,13,2,11,171,170,1,1,0,20,20,0,0,0,101,100,1,1,0,50,50,0,0,0,122,110,12,1,11
S01007349,204,189,15,9,6,110,105,5,2,3,30,29,1,0,1,53,52,1,0,1,27,24,3,2,1,94,84,10,7,3
S01007350,461,331,130,81,49,60,57,3,3,0,18,18,0,0,0,23,23,0,0,0,19,16,3,3,0,401,274,127,78,49
S01007351,547,355,192,182,10,387,265,122,114,8,264,166,98,92,6,86,74,12,11,1,37,25,12,11,1,160,90,70,68,2
S01007352,333,230,103,87,16,310,210,100,84,16,245,164,81,70,11,55,41,14,10,4,10,5,5,4,1,23,20,3,3,0
S01007353,331,282,49,39,10,298,255,43,34,9,197,165,32,26,6,69,59,10,8,2,32,31,1,0,1,33,27,6,5,1
S01007354,455,403,52,28,24,251,222,29,14,15,162,144,18,7,11,69,62,7,6,1,20,16,4,1,3,204,181,23,14,9
S01007355,637,464,173,161,12,576,420,156,145,11,413,298,115,107,8,116,88,28,26,2,47,34,13,12,1,61,44,17,16,1
S01007356,422,350,72,55,17,358,301,57,43,14,228,181,47,37,10,91,86,5,1,4,39,34,5,5,0,64,49,15,12,3
S01007357,506,388,118,113,5,480,364,116,111,5,299,211,88,85,3,147,123,24,22,2,34,30,4,4,0,26,24,2,2,0
S01007358,419,368,51,47,4,367,322,45,41,4,177,141,36,33,3,112,107,5,5,0,78,74,4,3,1,52,46,6,6,0
S01007359,403,371,32,7,25,315,300,15,4,11,92,83,9,1,8,132,129,3,1,2,91,88,3,2,1,88,71,17,3,14
S01007360,265,236,29,8,21,203,182,21,6,15,158,138,20,6,14,40,39,1,0,1,5,5,0,0,0,62,54,8,2,6
S01007361,562,507,55,34,21,306,292,14,7,7,194,182,12,7,5,88,86,2,0,2,24,24,0,0,0,256,215,41,27,14
S01007362,334,316,18,11,7,153,151,2,0,2,98,97,1,0,1,43,42,1,0,1,12,12,0,0,0,181,165,16,11,5
S01007363,367,348,19,5,14,270,257,13,2,11,155,150,5,0,5,75,74,1,0,1,40,33,7,2,5,97,91,6,3,3
S01007364,427,409,18,7,11,286,275,11,5,6,27,26,1,0,1,145,145,0,0,0,114,104,10,5,5,141,134,7,2,5
S01007365,229,215,14,6,8,158,153,5,3,2,87,85,2,1,1,48,47,1,0,1,23,21,2,2,0,71,62,9,3,6
S01007366,306,276,30,18,12,157,146,11,3,8,53,52,1,0,1,50,48,2,0,2,54,46,8,3,5,149,130,19,15,4
S01007367,336,295,41,21,20,149,138,11,4,7,71,67,4,3,1,48,41,7,1,6,30,30,0,0,0,187,157,30,17,13
S01007368,247,233,14,8,6,220,206,14,8,6,48,47,1,0,1,61,58,3,0,3,111,101,10,8,2,27,27,0,0,0
S01007369,389,378,11,0,11,213,209,4,0,4,104,100,4,0,4,78,78,0,0,0,31,31,0,0,0,176,169,7,0,7
S01007370,449,389,60,30,30,158,151,7,3,4,79,76,3,0,3,59,56,3,2,1,20,19,1,1,0,291,238,53,27,26
S01007371,344,320,24,3,21,187,182,5,0,5,129,127,2,0,2,40,38,2,0,2,18,17,1,0,1,157,138,19,3,16
S01007372,395,374,21,6,15,296,276,20,6,14,175,164,11,2,9,99,92,7,4,3,22,20,2,0,2,99,98,1,0,1
S01007373,315,283,32,7,25,236,215,21,4,17,208,189,19,4,15,16,15,1,0,1,12,11,1,0,1,79,68,11,3,8
S01007374,230,217,13,2,11,170,161,9,1,8,84,79,5,1,4,52,50,2,0,2,34,32,2,0,2,60,56,4,1,3
S01007375,246,216,30,14,16,181,164,17,8,9,127,123,4,1,3,37,32,5,1,4,17,9,8,6,2,65,52,13,6,7
S01007376,393,371,22,17,5,323,303,20,15,5,38,38,0,0,0,48,48,0,0,0,237,217,20,15,5,70,68,2,2,0
S01007377,291,279,12,3,9,258,247,11,2,9,198,193,5,1,4,29,27,2,0,2,31,27,4,1,3,33,32,1,1,0
S01007378,262,231,31,14,17,213,197,16,7,9,171,158,13,6,7,23,21,2,0,2,19,18,1,1,0,49,34,15,7,8
S01007379,245,234,11,7,4,218,209,9,5,4,13,13,0,0,0,80,78,2,0,2,125,118,7,5,2,27,25,2,2,0
S01007380,255,229,26,22,4,217,208,9,6,3,51,49,2,1,1,44,44,0,0,0,122,115,7,5,2,38,21,17,16,1
S01007381,261,191,70,7,63,188,164,24,2,22,170,154,16,2,14,16,8,8,0,8,2,2,0,0,0,73,27,46,5,41
S01007382,293,281,12,6,6,216,208,8,3,5,133,130,3,0,3,64,62,2,0,2,19,16,3,3,0,77,73,4,3,1
S01007383,371,349,22,8,14,242,231,11,5,6,129,121,8,5,3,51,49,2,0,2,62,61,1,0,1,129,118,11,3,8
S01007384,375,332,43,2,41,250,242,8,1,7,105,100,5,1,4,84,82,2,0,2,61,60,1,0,1,125,90,35,1,34
S01007385,417,404,13,6,7,284,279,5,0,5,154,152,2,0,2,51,49,2,0,2,79,78,1,0,1,133,125,8,6,2
S01007386,346,337,9,5,4,278,276,2,0,2,245,243,2,0,2,22,22,0,0,0,11,11,0,0,0,68,61,7,5,2
S01007387,298,289,9,1,8,272,267,5,0,5,246,241,5,0,5,16,16,0,0,0,10,10,0,0,0,26,22,4,1,3
S01007388,261,256,5,0,5,257,252,5,0,5,211,206,5,0,5,39,39,0,0,0,7,7,0,0,0,4,4,0,0,0
S01007389,305,198,107,1,106,298,191,107,1,106,20,20,0,0,0,14,14,0,0,0,264,157,107,1,106,7,7,0,0,0
S01007390,207,193,14,0,14,201,187,14,0,14,20,20,0,0,0,26,26,0,0,0,155,141,14,0,14,6,6,0,0,0
S01007391,229,223,6,2,4,222,217,5,2,3,183,178,5,2,3,33,33,0,0,0,6,6,0,0,0,7,6,1,0,1
S01007392,207,200,7,1,6,141,138,3,0,3,99,97,2,0,2,40,39,1,0,1,2,2,0,0,0,66,62,4,1,3
S01007393,319,308,11,2,9,190,190,0,0,0,106,106,0,0,0,33,33,0,0,0,51,51,0,0,0,129,118,11,2,9
S01007394,355,335,20,2,18,156,146,10,1,9,87,82,5,0,5,46,44,2,1,1,23,20,3,0,3,199,189,10,1,9
S01007395,587,516,71,30,41,44,42,2,0,2,21,20,1,0,1,11,10,1,0,1,12,12,0,0,0,543,474,69,30,39
S01007396,522,477,45,7,38,52,52,0,0,0,22,22,0,0,0,19,19,0,0,0,11,11,0,0,0,470,425,45,7,38
S01007397,456,443,13,3,10,206,203,3,1,2,152,150,2,1,1,35,35,0,0,0,19,18,1,0,1,250,240,10,2,8
S01007398,287,279,8,0,8,157,149,8,0,8,9,9,0,0,0,81,81,0,0,0,67,59,8,0,8,130,130,0,0,0
S01007399,342,324,18,16,2,80,78,2,1,1,20,20,0,0,0,22,20,2,1,1,38,38,0,0,0,262,246,16,15,1
S01007400,360,344,16,2,14,170,165,5,0,5,68,65,3,0,3,82,80,2,0,2,20,20,0,0,0,190,179,11,2,9
S01007401,309,290,19,3,16,216,202,14,2,12,50,43,7,1,6,129,125,4,0,4,37,34,3,1,2,93,88,5,1,4
S01007402,262,260,2,0,2,259,257,2,0,2,63,63,0,0,0,153,151,2,0,2,43,43,0,0,0,3,3,0,0,0
S01007403,271,261,10,0,10,263,253,10,0,10,86,86,0,0,0,160,151,9,0,9,17,16,1,0,1,8,8,0,0,0
S01007404,239,193,46,35,11,202,180,22,14,8,129,114,15,8,7,49,44,5,4,1,24,22,2,2,0,37,13,24,21,3
S01007405,290,277,13,6,7,210,204,6,3,3,154,150,4,2,2,32,32,0,0,0,24,22,2,1,1,80,73,7,3,4
S01007406,256,252,4,1,3,238,235,3,0,3,165,162,3,0,3,65,65,0,0,0,8,8,0,0,0,18,17,1,1,0
S01007407,321,315,6,0,6,255,252,3,0,3,171,169,2,0,2,53,53,0,0,0,31,30,1,0,1,66,63,3,0,3
S01007408,258,256,2,1,1,148,148,0,0,0,33,33,0,0,0,71,71,0,0,0,44,44,0,0,0,110,108,2,1,1
S01007409,313,308,5,2,3,202,197,5,2,3,52,52,0,0,0,140,137,3,1,2,10,8,2,1,1,111,111,0,0,0
S01007410,297,291,6,3,3,275,269,6,3,3,19,19,0,0,0,98,97,1,0,1,158,153,5,3,2,22,22,0,0,0
S01007411,454,437,17,15,2,268,263,5,5,0,37,37,0,0,0,111,111,0,0,0,120,115,5,5,0,186,174,12,10,2
S01007412,213,212,1,0,1,189,189,0,0,0,28,28,0,0,0,90,90,0,0,0,71,71,0,0,0,24,23,1,0,1
S01007413,376,360,16,1,15,275,264,11,1,10,126,123,3,0,3,135,131,4,0,4,14,10,4,1,3,101,96,5,0,5
S01007414,245,244,1,0,1,243,242,1,0,1,202,201,1,0,1,34,34,0,0,0,7,7,0,0,0,2,2,0,0,0
S01007415,381,374,7,0,7,319,313,6,0,6,8,8,0,0,0,163,158,5,0,5,148,147,1,0,1,62,61,1,0,1
S01007416,225,223,2,0,2,220,218,2,0,2,18,18,0,0,0,75,75,0,0,0,127,125,2,0,2,5,5,0,0,0
S01007417,409,406,3,2,1,375,372,3,2,1,304,301,3,2,1,43,43,0,0,0,28,28,0,0,0,34,34,0,0,0
S01007418,296,292,4,0,4,261,257,4,0,4,16,16,0,0,0,135,132,3,0,3,110,109,1,0,1,35,35,0,0,0
S01007419,336,332,4,0,4,177,176,1,0,1,18,18,0,0,0,80,79,1,0,1,79,79,0,0,0,159,156,3,0,3
S01007420,301,296,5,2,3,289,284,5,2,3,172,170,2,1,1,78,77,1,0,1,39,37,2,1,1,12,12,0,0,0
S01007421,289,282,7,1,6,212,208,4,1,3,133,133,0,0,0,43,41,2,1,1,36,34,2,0,2,77,74,3,0,3
S01007422,272,261,11,1,10,181,174,7,1,6,84,83,1,0,1,48,45,3,1,2,49,46,3,0,3,91,87,4,0,4
S01007423,335,325,10,2,8,289,285,4,0,4,111,108,3,0,3,68,67,1,0,1,110,110,0,0,0,46,40,6,2,4
S01007424,341,340,1,0,1,336,335,1,0,1,128,128,0,0,0,121,121,0,0,0,87,86,1,0,1,5,5,0,0,0
S01007425,394,373,21,15,6,316,311,5,2,3,112,110,2,1,1,153,150,3,1,2,51,51,0,0,0,78,62,16,13,3
S01007426,362,344,18,7,11,202,195,7,3,4,47,46,1,1,0,73,72,1,0,1,82,77,5,2,3,160,149,11,4,7
S01007427,324,309,15,10,5,235,225,10,7,3,16,15,1,1,0,89,87,2,0,2,130,123,7,6,1,89,84,5,3,2
S01007428,486,465,21,1,20,266,259,7,1,6,61,61,0,0,0,100,100,0,0,0,105,98,7,1,6,220,206,14,0,14
S01007429,347,324,23,10,13,170,161,9,5,4,52,50,2,0,2,82,75,7,5,2,36,36,0,0,0,177,163,14,5,9
S01007430,222,211,11,1,10,158,155,3,0,3,57,56,1,0,1,56,55,1,0,1,45,44,1,0,1,64,56,8,1,7
S01007431,221,218,3,0,3,215,214,1,0,1,134,133,1,0,1,72,72,0,0,0,9,9,0,0,0,6,4,2,0,2
S01007432,367,354,13,4,9,312,304,8,2,6,94,90,4,0,4,60,60,0,0,0,158,154,4,2,2,55,50,5,2,3
S01007433,370,350,20,6,14,352,336,16,6,10,148,144,4,3,1,126,119,7,0,7,78,73,5,3,2,18,14,4,0,4
S01007434,260,242,18,12,6,135,123,12,9,3,15,15,0,0,0,60,59,1,0,1,60,49,11,9,2,125,119,6,3,3
S01007435,341,327,14,1,13,219,210,9,1,8,70,70,0,0,0,92,88,4,0,4,57,52,5,1,4,122,117,5,0,5
S01007436,377,356,21,16,5,124,123,1,1,0,30,30,0,0,0,32,32,0,0,0,62,61,1,1,0,253,233,20,15,5
S01007437,238,230,8,1,7,109,106,3,0,3,36,34,2,0,2,35,34,1,0,1,38,38,0,0,0,129,124,5,1,4
S01007438,350,338,12,2,10,229,222,7,2,5,26,25,1,0,1,90,86,4,2,2,113,111,2,0,2,121,116,5,0,5
S01007439,354,337,17,1,16,228,217,11,1,10,59,58,1,0,1,98,90,8,1,7,71,69,2,0,2,126,120,6,0,6
S01007440,306,295,11,6,5,265,257,8,3,5,40,39,1,0,1,83,83,0,0,0,142,135,7,3,4,41,38,3,3,0
S01007441,231,226,5,2,3,227,222,5,2,3,136,132,4,2,2,72,72,0,0,0,19,18,1,0,1,4,4,0,0,0
S01007442,200,198,2,1,1,198,196,2,1,1,155,153,2,1,1,40,40,0,0,0,3,3,0,0,0,2,2,0,0,0
S01007443,398,387,11,5,6,366,357,9,3,6,186,181,5,1,4,151,148,3,2,1,29,28,1,0,1,32,30,2,2,0
S01007444,484,427,57,23,34,376,349,27,10,17,169,159,10,2,8,142,131,11,5,6,65,59,6,3,3,108,78,30,13,17
S01007445,277,265,12,4,8,270,258,12,4,8,189,182,7,1,6,75,70,5,3,2,6,6,0,0,0,7,7,0,0,0
S01007446,209,201,8,2,6,200,194,6,2,4,154,149,5,2,3,24,24,0,0,0,22,21,1,0,1,9,7,2,0,2
S01007447,224,209,15,6,9,221,206,15,6,9,159,152,7,4,3,53,47,6,2,4,9,7,2,0,2,3,3,0,0,0
S01007448,374,367,7,0,7,358,351,7,0,7,205,200,5,0,5,120,118,2,0,2,33,33,0,0,0,16,16,0,0,0
S01007449,471,458,13,7,6,321,319,2,0,2,105,105,0,0,0,119,117,2,0,2,97,97,0,0,0,150,139,11,7,4
S01007450,345,332,13,2,11,288,280,8,2,6,38,37,1,1,0,140,139,1,0,1,110,104,6,1,5,57,52,5,0,5
S01007451,297,283,14,7,7,268,257,11,5,6,53,51,2,0,2,61,61,0,0,0,154,145,9,5,4,29,26,3,2,1
S01007452,219,209,10,0,10,193,186,7,0,7,55,54,1,0,1,97,92,5,0,5,41,40,1,0,1,26,23,3,0,3
S01007453,218,212,6,0,6,215,209,6,0,6,178,172,6,0,6,21,21,0,0,0,16,16,0,0,0,3,3,0,0,0
S01007454,196,190,6,2,4,195,189,6,2,4,29,28,1,0,1,120,119,1,0,1,46,42,4,2,2,1,1,0,0,0
S01007455,410,388,22,17,5,339,328,11,9,2,41,40,1,0,1,141,140,1,0,1,157,148,9,9,0,71,60,11,8,3
S01007456,410,394,16,3,13,121,119,2,0,2,7,7,0,0,0,42,41,1,0,1,72,71,1,0,1,289,275,14,3,11
S01007457,479,465,14,3,11,337,328,9,3,6,118,118,0,0,0,143,139,4,0,4,76,71,5,3,2,142,137,5,0,5
S01007458,230,224,6,2,4,218,217,1,0,1,65,64,1,0,1,144,144,0,0,0,9,9,0,0,0,12,7,5,2,3
S01007459,298,291,7,0,7,292,285,7,0,7,102,101,1,0,1,96,95,1,0,1,94,89,5,0,5,6,6,0,0,0
S01007460,357,345,12,0,12,258,251,7,0,7,50,47,3,0,3,120,116,4,0,4,88,88,0,0,0,99,94,5,0,5
S01007461,397,372,25,13,12,143,141,2,0,2,15,15,0,0,0,40,39,1,0,1,88,87,1,0,1,254,231,23,13,10
S01007462,391,371,20,15,5,205,205,0,0,0,31,31,0,0,0,105,105,0,0,0,69,69,0,0,0,186,166,20,15,5
S01007463,396,377,19,9,10,343,327,16,9,7,53,52,1,0,1,157,153,4,0,4,133,122,11,9,2,53,50,3,0,3
S01007464,329,313,16,13,3,265,259,6,3,3,18,18,0,0,0,50,49,1,0,1,197,192,5,3,2,64,54,10,10,0
S01007465,417,380,37,16,21,317,295,22,8,14,41,41,0,0,0,95,93,2,0,2,181,161,20,8,12,100,85,15,8,7
S01007466,656,581,75,54,21,156,152,4,4,0,22,22,0,0,0,33,33,0,0,0,101,97,4,4,0,500,429,71,50,21
S01007467,536,523,13,6,7,255,251,4,3,1,52,52,0,0,0,125,124,1,1,0,78,75,3,2,1,281,272,9,3,6
S01007468,339,333,6,0,6,286,284,2,0,2,104,103,1,0,1,157,156,1,0,1,25,25,0,0,0,53,49,4,0,4
S01007469,264,250,14,8,6,216,211,5,1,4,13,13,0,0,0,39,36,3,0,3,164,162,2,1,1,48,39,9,7,2
S01007470,348,335,13,3,10,114,110,4,0,4,26,24,2,0,2,66,64,2,0,2,22,22,0,0,0,234,225,9,3,6
S01007471,206,203,3,0,3,187,184,3,0,3,44,43,1,0,1,85,85,0,0,0,58,56,2,0,2,19,19,0,0,0
S01007472,276,273,3,0,3,253,250,3,0,3,16,16,0,0,0,98,98,0,0,0,139,136,3,0,3,23,23,0,0,0
S01007473,233,227,6,4,2,160,156,4,3,1,23,23,0,0,0,31,30,1,0,1,106,103,3,3,0,73,71,2,1,1
S01007474,218,213,5,1,4,204,199,5,1,4,119,116,3,0,3,61,60,1,0,1,24,23,1,1,0,14,14,0,0,0
S01007475,265,257,8,0,8,226,222,4,0,4,103,103,0,0,0,91,87,4,0,4,32,32,0,0,0,39,35,4,0,4
S01007476,332,317,15,0,15,310,298,12,0,12,107,103,4,0,4,130,126,4,0,4,73,69,4,0,4,22,19,3,0,3
S01007477,256,247,9,2,7,171,167,4,0,4,64,61,3,0,3,91,90,1,0,1,16,16,0,0,0,85,80,5,2,3
S01007478,456,433,23,0,23,226,216,10,0,10,70,68,2,0,2,90,87,3,0,3,66,61,5,0,5,230,217,13,0,13
S01007479,283,275,8,0,8,139,137,2,0,2,55,53,2,0,2,72,72,0,0,0,12,12,0,0,0,144,138,6,0,6
S01007480,335,327,8,0,8,236,231,5,0,5,104,102,2,0,2,82,81,1,0,1,50,48,2,0,2,99,96,3,0,3
S01007481,405,394,11,6,5,401,390,11,6,5,337,326,11,6,5,56,56,0,0,0,8,8,0,0,0,4,4,0,0,0
S01007482,266,253,13,9,4,166,162,4,2,2,95,91,4,2,2,38,38,0,0,0,33,33,0,0,0,100,91,9,7,2
S01007483,342,340,2,0,2,329,327,2,0,2,46,46,0,0,0,210,208,2,0,2,73,73,0,0,0,13,13,0,0,0
S01007484,309,285,24,3,21,182,169,13,2,11,66,65,1,1,0,48,47,1,0,1,68,57,11,1,10,127,116,11,1,10
S01007485,225,219,6,0,6,90,90,0,0,0,16,16,0,0,0,43,43,0,0,0,31,31,0,0,0,135,129,6,0,6
S01007486,263,255,8,1,7,130,127,3,0,3,17,17,0,0,0,61,60,1,0,1,52,50,2,0,2,133,128,5,1,4
S01007487,549,498,51,23,28,253,243,10,0,10,24,24,0,0,0,57,55,2,0,2,172,164,8,0,8,296,255,41,23,18
S01007488,518,483,35,17,18,393,376,17,5,12,44,42,2,1,1,107,102,5,1,4,242,232,10,3,7,125,107,18,12,6
S01007489,427,406,21,1,20,382,365,17,1,16,134,125,9,1,8,96,95,1,0,1,152,145,7,0,7,45,41,4,0,4
S01007490,384,378,6,0,6,364,360,4,0,4,33,33,0,0,0,167,164,3,0,3,164,163,1,0,1,20,18,2,0,2
S01007491,469,460,9,0,9,395,390,5,0,5,105,102,3,0,3,185,183,2,0,2,105,105,0,0,0,74,70,4,0,4
S01007492,342,332,10,0,10,285,282,3,0,3,82,81,1,0,1,163,162,1,0,1,40,39,1,0,1,57,50,7,0,7
S01007493,375,368,7,1,6,356,349,7,1,6,97,93,4,1,3,228,227,1,0,1,31,29,2,0,2,19,19,0,0,0
S01007494,257,239,18,8,10,250,232,18,8,10,137,127,10,4,6,64,60,4,1,3,49,45,4,3,1,7,7,0,0,0
S01007495,376,345,31,16,15,369,338,31,16,15,262,236,26,14,12,95,90,5,2,3,12,12,0,0,0,7,7,0,0,0
S01007496,601,470,131,107,24,521,405,116,95,21,299,247,52,38,14,123,100,23,19,4,99,58,41,38,3,80,65,15,12,3
S01007497,281,264,17,4,13,270,255,15,3,12,137,126,11,1,10,87,83,4,2,2,46,46,0,0,0,11,9,2,1,1
S01007498,432,416,16,8,8,399,383,16,8,8,106,101,5,3,2,235,230,5,2,3,58,52,6,3,3,33,33,0,0,0
S01007499,381,358,23,8,15,369,346,23,8,15,163,147,16,8,8,150,145,5,0,5,56,54,2,0,2,12,12,0,0,0
S01007500,324,288,36,24,12,304,269,35,24,11,153,133,20,13,7,110,102,8,7,1,41,34,7,4,3,20,19,1,0,1
S01007501,400,325,75,49,26,374,299,75,49,26,203,169,34,21,13,103,87,16,9,7,68,43,25,19,6,26,26,0,0,0
S01007502,280,248,32,17,15,260,233,27,12,15,140,124,16,8,8,70,67,3,2,1,50,42,8,2,6,20,15,5,5,0
S01007503,530,482,48,26,22,448,409,39,25,14,250,221,29,19,10,144,138,6,4,2,54,50,4,2,2,82,73,9,1,8
S01007504,342,321,21,15,6,336,315,21,15,6,183,169,14,10,4,92,86,6,5,1,61,60,1,0,1,6,6,0,0,0
S01007505,199,179,20,16,4,197,178,19,15,4,125,108,17,13,4,61,59,2,2,0,11,11,0,0,0,2,1,1,1,0
S01007506,282,237,45,24,21,274,232,42,22,20,196,170,26,17,9,53,48,5,2,3,25,14,11,3,8,8,5,3,2,1
S01007507,488,455,33,12,21,415,385,30,12,18,107,101,6,4,2,162,159,3,0,3,146,125,21,8,13,73,70,3,0,3
S01007508,405,329,76,43,33,384,310,74,41,33,167,144,23,9,14,112,98,14,6,8,105,68,37,26,11,21,19,2,2,0
S01007509,314,274,40,16,24,311,271,40,16,24,204,178,26,10,16,69,61,8,4,4,38,32,6,2,4,3,3,0,0,0
S01007510,562,459,103,65,38,517,422,95,63,32,289,225,64,45,19,133,122,11,6,5,95,75,20,12,8,45,37,8,2,6
S01007511,434,370,64,23,41,409,350,59,21,38,111,96,15,6,9,139,130,9,1,8,159,124,35,14,21,25,20,5,2,3
S01007512,334,247,87,68,19,322,236,86,67,19,190,150,40,33,7,64,53,11,6,5,68,33,35,28,7,12,11,1,1,0
S01007513,485,468,17,4,13,404,388,16,4,12,105,98,7,3,4,212,211,1,0,1,87,79,8,1,7,81,80,1,0,1
S01007514,272,247,25,9,16,186,171,15,7,8,40,35,5,4,1,76,73,3,1,2,70,63,7,2,5,86,76,10,2,8
S01007515,271,254,17,3,14,247,233,14,3,11,200,188,12,2,10,33,33,0,0,0,14,12,2,1,1,24,21,3,0,3
S01007516,280,257,23,10,13,245,227,18,7,11,32,29,3,0,3,141,135,6,2,4,72,63,9,5,4,35,30,5,3,2
S01007517,245,224,21,9,12,209,188,21,9,12,113,109,4,3,1,50,47,3,1,2,46,32,14,5,9,36,36,0,0,0
S01007518,389,381,8,7,1,366,358,8,7,1,101,97,4,4,0,181,181,0,0,0,84,80,4,3,1,23,23,0,0,0
S01007519,260,215,45,32,13,254,210,44,31,13,172,140,32,25,7,75,64,11,5,6,7,6,1,1,0,6,5,1,1,0
S01007520,530,446,84,69,15,509,427,82,69,13,198,153,45,38,7,155,138,17,13,4,156,136,20,18,2,21,19,2,0,2
S01007521,294,202,92,79,13,285,193,92,79,13,238,155,83,70,13,41,34,7,7,0,6,4,2,2,0,9,9,0,0,0
S01007522,557,476,81,50,31,505,434,71,43,28,157,142,15,9,6,131,124,7,5,2,217,168,49,29,20,52,42,10,7,3
S01007523,272,229,43,33,10,265,223,42,32,10,182,145,37,28,9,49,47,2,1,1,34,31,3,3,0,7,6,1,1,0
S01007524,461,385,76,63,13,430,357,73,60,13,271,217,54,46,8,114,107,7,3,4,45,33,12,11,1,31,28,3,3,0
S01007525,252,237,15,13,2,248,233,15,13,2,73,60,13,12,1,125,124,1,0,1,50,49,1,1,0,4,4,0,0,0
S01007526,452,385,67,41,26,305,243,62,38,24,39,32,7,3,4,84,76,8,1,7,182,135,47,34,13,147,142,5,3,2
S01007527,393,374,19,11,8,373,354,19,11,8,177,164,13,11,2,99,99,0,0,0,97,91,6,0,6,20,20,0,0,0
S01007528,388,363,25,15,10,269,257,12,9,3,46,40,6,5,1,129,126,3,2,1,94,91,3,2,1,119,106,13,6,7
S01007529,327,308,19,10,9,295,276,19,10,9,240,224,16,7,9,38,38,0,0,0,17,14,3,3,0,32,32,0,0,0
S01007530,249,223,26,22,4,247,221,26,22,4,168,150,18,15,3,70,66,4,3,1,9,5,4,4,0,2,2,0,0,0
S01007531,362,313,49,44,5,345,299,46,42,4,201,168,33,31,2,96,94,2,1,1,48,37,11,10,1,17,14,3,2,1
S01007532,256,248,8,4,4,247,239,8,4,4,107,103,4,4,0,90,87,3,0,3,50,49,1,0,1,9,9,0,0,0
S01007533,245,222,23,16,7,242,219,23,16,7,159,138,21,16,5,56,54,2,0,2,27,27,0,0,0,3,3,0,0,0
S01007534,432,428,4,2,2,361,359,2,1,1,87,86,1,1,0,165,165,0,0,0,109,108,1,0,1,71,69,2,1,1
S01007535,503,492,11,4,7,381,372,9,3,6,185,182,3,0,3,140,136,4,3,1,56,54,2,0,2,122,120,2,1,1
S01007536,464,443,21,2,19,382,369,13,2,11,67,66,1,1,0,170,165,5,1,4,145,138,7,0,7,82,74,8,0,8
S01007537,543,518,25,14,11,364,348,16,10,6,174,166,8,5,3,101,99,2,2,0,89,83,6,3,3,179,170,9,4,5
S01007538,405,366,39,20,19,388,352,36,19,17,273,247,26,11,15,93,89,4,3,1,22,16,6,5,1,17,14,3,1,2
S01007539,360,331,29,3,26,341,313,28,3,25,224,205,19,1,18,45,45,0,0,0,72,63,9,2,7,19,18,1,0,1
S01007540,469,450,19,1,18,370,358,12,1,11,98,92,6,0,6,111,110,1,0,1,161,156,5,1,4,99,92,7,0,7
S01007541,363,337,26,11,15,354,329,25,11,14,132,127,5,1,4,156,145,11,4,7,66,57,9,6,3,9,8,1,0,1
S01007542,444,416,28,12,16,304,282,22,12,10,59,56,3,2,1,124,120,4,1,3,121,106,15,9,6,140,134,6,0,6
S01007543,502,481,21,4,17,469,450,19,4,15,82,79,3,0,3,170,167,3,1,2,217,204,13,3,10,33,31,2,0,2
S01007544,684,496,188,153,35,659,489,170,143,27,575,417,158,134,24,60,53,7,5,2,24,19,5,4,1,25,7,18,10,8
S01007545,391,359,32,5,27,386,354,32,5,27,256,236,20,4,16,102,96,6,0,6,28,22,6,1,5,5,5,0,0,0
S01007546,237,223,14,12,2,236,222,14,12,2,167,161,6,5,1,57,53,4,3,1,12,8,4,4,0,1,1,0,0,0
S01007547,263,239,24,16,8,253,229,24,16,8,157,141,16,10,6,67,61,6,5,1,29,27,2,1,1,10,10,0,0,0
S01007548,333,304,29,11,18,325,297,28,11,17,125,114,11,5,6,134,129,5,0,5,66,54,12,6,6,8,7,1,0,1
S01007549,347,298,49,31,18,338,289,49,31,18,170,145,25,17,8,121,109,12,3,9,47,35,12,11,1,9,9,0,0,0
S01007550,525,449,76,66,10,502,429,73,64,9,218,181,37,32,5,152,145,7,6,1,132,103,29,26,3,23,20,3,2,1
S01007551,470,395,75,60,15,460,386,74,59,15,333,277,56,45,11,90,86,4,1,3,37,23,14,13,1,10,9,1,1,0
S01007552,429,401,28,3,25,367,343,24,3,21,71,64,7,1,6,121,118,3,1,2,175,161,14,1,13,62,58,4,0,4
S01007553,381,376,5,0,5,355,351,4,0,4,40,40,0,0,0,179,178,1,0,1,136,133,3,0,3,26,25,1,0,1
S01007554,227,221,6,0,6,221,215,6,0,6,16,16,0,0,0,164,162,2,0,2,41,37,4,0,4,6,6,0,0,0
S01007555,253,238,15,2,13,248,233,15,2,13,110,104,6,2,4,103,99,4,0,4,35,30,5,0,5,5,5,0,0,0
S01007556,237,227,10,0,10,164,156,8,0,8,29,28,1,0,1,59,56,3,0,3,76,72,4,0,4,73,71,2,0,2
S01007557,483,478,5,1,4,392,388,4,0,4,26,25,1,0,1,256,253,3,0,3,110,110,0,0,0,91,90,1,1,0
S01007558,228,189,39,22,17,227,188,39,22,17,112,101,11,4,7,55,44,11,7,4,60,43,17,11,6,1,1,0,0,0
S01007559,356,308,48,22,26,347,300,47,21,26,208,179,29,13,16,91,83,8,1,7,48,38,10,7,3,9,8,1,1,0
S01007560,462,440,22,11,11,415,398,17,7,10,121,118,3,1,2,145,144,1,1,0,149,136,13,5,8,47,42,5,4,1
S01007561,374,357,17,2,15,369,352,17,2,15,78,75,3,0,3,167,163,4,1,3,124,114,10,1,9,5,5,0,0,0
S01007562,400,365,35,24,11,395,360,35,24,11,201,170,31,20,11,135,135,0,0,0,59,55,4,4,0,5,5,0,0,0
S01007563,450,396,54,41,13,441,389,52,39,13,219,190,29,23,6,140,130,10,8,2,82,69,13,8,5,9,7,2,2,0
S01007564,345,323,22,6,16,335,313,22,6,16,228,218,10,3,7,80,75,5,2,3,27,20,7,1,6,10,10,0,0,0
S01007565,421,396,25,7,18,407,387,20,5,15,204,194,10,3,7,132,127,5,1,4,71,66,5,1,4,14,9,5,2,3
S01007566,289,275,14,4,10,281,268,13,3,10,146,139,7,0,7,113,108,5,2,3,22,21,1,1,0,8,7,1,1,0
S01007567,246,233,13,8,5,243,231,12,7,5,186,177,9,6,3,52,50,2,1,1,5,4,1,0,1,3,2,1,1,0
S01007568,314,295,19,5,14,304,286,18,5,13,189,177,12,3,9,73,68,5,2,3,42,41,1,0,1,10,9,1,0,1
S01007569,365,342,23,8,15,325,305,20,8,12,196,185,11,5,6,88,82,6,3,3,41,38,3,0,3,40,37,3,0,3
S01007570,306,295,11,1,10,300,290,10,1,9,187,181,6,0,6,96,93,3,0,3,17,16,1,1,0,6,5,1,0,1
S01007571,256,240,16,4,12,245,229,16,4,12,188,175,13,4,9,47,45,2,0,2,10,9,1,0,1,11,11,0,0,0
S01007572,382,370,12,0,12,323,316,7,0,7,205,203,2,0,2,87,84,3,0,3,31,29,2,0,2,59,54,5,0,5
S01007573,336,329,7,0,7,329,322,7,0,7,223,218,5,0,5,99,97,2,0,2,7,7,0,0,0,7,7,0,0,0
S01007574,443,438,5,0,5,435,431,4,0,4,33,33,0,0,0,103,102,1,0,1,299,296,3,0,3,8,7,1,0,1
S01007575,469,452,17,0,17,337,331,6,0,6,29,29,0,0,0,76,75,1,0,1,232,227,5,0,5,132,121,11,0,11
S01007576,362,344,18,0,18,179,176,3,0,3,17,17,0,0,0,76,75,1,0,1,86,84,2,0,2,183,168,15,0,15
S01007577,309,296,13,0,13,172,168,4,0,4,8,8,0,0,0,85,85,0,0,0,79,75,4,0,4,137,128,9,0,9
S01007578,346,332,14,0,14,206,201,5,0,5,8,8,0,0,0,73,73,0,0,0,125,120,5,0,5,140,131,9,0,9
S01007579,307,298,9,0,9,202,199,3,0,3,19,19,0,0,0,73,72,1,0,1,110,108,2,0,2,105,99,6,0,6
S01007580,300,293,7,0,7,197,193,4,0,4,18,18,0,0,0,91,89,2,0,2,88,86,2,0,2,103,100,3,0,3
S01007581,203,198,5,0,5,128,127,1,0,1,11,11,0,0,0,56,56,0,0,0,61,60,1,0,1,75,71,4,0,4
S01007582,290,285,5,0,5,208,205,3,0,3,11,11,0,0,0,74,74,0,0,0,123,120,3,0,3,82,80,2,0,2
S01007583,529,519,10,3,7,119,119,0,0,0,23,23,0,0,0,48,48,0,0,0,48,48,0,0,0,410,400,10,3,7
S01007584,282,279,3,0,3,186,184,2,0,2,18,18,0,0,0,83,83,0,0,0,85,83,2,0,2,96,95,1,0,1
S01007585,450,438,12,0,12,437,425,12,0,12,198,189,9,0,9,204,201,3,0,3,35,35,0,0,0,13,13,0,0,0
S01007586,387,377,10,0,10,306,298,8,0,8,32,31,1,0,1,140,134,6,0,6,134,133,1,0,1,81,79,2,0,2
S01007587,323,306,17,0,17,243,234,9,0,9,78,77,1,0,1,91,88,3,0,3,74,69,5,0,5,80,72,8,0,8
S01007588,366,360,6,0,6,343,337,6,0,6,143,141,2,0,2,144,142,2,0,2,56,54,2,0,2,23,23,0,0,0
S01007589,425,408,17,0,17,211,206,5,0,5,84,84,0,0,0,73,71,2,0,2,54,51,3,0,3,214,202,12,0,12
S01007590,300,289,11,0,11,286,276,10,0,10,92,89,3,0,3,171,165,6,0,6,23,22,1,0,1,14,13,1,0,1
S01007591,279,272,7,0,7,185,180,5,0,5,64,64,0,0,0,78,73,5,0,5,43,43,0,0,0,94,92,2,0,2
S01007592,368,353,15,1,14,154,152,2,0,2,20,20,0,0,0,96,95,1,0,1,38,37,1,0,1,214,201,13,1,12
S01007593,464,453,11,1,10,414,404,10,1,9,203,196,7,1,6,136,134,2,0,2,75,74,1,0,1,50,49,1,0,1
S01007594,348,334,14,2,12,347,334,13,1,12,153,144,9,1,8,147,145,2,0,2,47,45,2,0,2,1,0,1,1,0
S01007595,476,443,33,13,20,463,431,32,12,20,256,229,27,12,15,145,144,1,0,1,62,58,4,0,4,13,12,1,1,0
S01007596,336,275,61,54,7,306,247,59,52,7,217,174,43,37,6,54,47,7,6,1,35,26,9,9,0,30,28,2,2,0
S01007597,281,254,27,14,13,279,252,27,14,13,194,180,14,3,11,68,61,7,5,2,17,11,6,6,0,2,2,0,0,0
S01007598,287,266,21,10,11,272,253,19,10,9,170,159,11,7,4,57,54,3,1,2,45,40,5,2,3,15,13,2,0,2
S01007599,372,361,11,0,11,357,346,11,0,11,84,80,4,0,4,140,139,1,0,1,133,127,6,0,6,15,15,0,0,0
S01007600,538,510,28,1,27,336,317,19,1,18,185,181,4,0,4,109,107,2,1,1,42,29,13,0,13,202,193,9,0,9
S01007601,301,300,1,0,1,254,253,1,0,1,62,62,0,0,0,94,93,1,0,1,98,98,0,0,0,47,47,0,0,0
S01007602,273,269,4,0,4,259,255,4,0,4,111,110,1,0,1,129,127,2,0,2,19,18,1,0,1,14,14,0,0,0
S01007603,316,309,7,0,7,309,303,6,0,6,209,206,3,0,3,79,77,2,0,2,21,20,1,0,1,7,6,1,0,1
S01007604,391,389,2,0,2,387,385,2,0,2,274,272,2,0,2,107,107,0,0,0,6,6,0,0,0,4,4,0,0,0
S01007605,366,364,2,0,2,363,361,2,0,2,186,184,2,0,2,166,166,0,0,0,11,11,0,0,0,3,3,0,0,0
S01007606,324,314,10,0,10,257,250,7,0,7,82,80,2,0,2,169,164,5,0,5,6,6,0,0,0,67,64,3,0,3
S01007607,300,294,6,1,5,297,291,6,1,5,104,101,3,1,2,182,180,2,0,2,11,10,1,0,1,3,3,0,0,0
S01007608,321,308,13,0,13,310,297,13,0,13,109,106,3,0,3,193,186,7,0,7,8,5,3,0,3,11,11,0,0,0
S01007609,465,447,18,0,18,203,201,2,0,2,36,36,0,0,0,89,89,0,0,0,78,76,2,0,2,262,246,16,0,16
S01007610,265,255,10,1,9,105,99,6,1,5,23,21,2,0,2,58,57,1,0,1,24,21,3,1,2,160,156,4,0,4
S01007611,582,538,44,1,43,156,149,7,1,6,19,16,3,1,2,63,61,2,0,2,74,72,2,0,2,426,389,37,0,37
S01007612,672,609,63,0,63,147,136,11,0,11,23,22,1,0,1,35,35,0,0,0,89,79,10,0,10,525,473,52,0,52
S01007613,332,324,8,1,7,260,256,4,1,3,99,98,1,1,0,81,80,1,0,1,80,78,2,0,2,72,68,4,0,4
S01007614,369,358,11,0,11,359,348,11,0,11,209,201,8,0,8,109,107,2,0,2,41,40,1,0,1,10,10,0,0,0
S01007615,542,515,27,1,26,354,343,11,1,10,103,102,1,0,1,187,183,4,1,3,64,58,6,0,6,188,172,16,0,16
S01007616,422,387,35,1,34,144,121,23,0,23,25,25,0,0,0,68,65,3,0,3,51,31,20,0,20,278,266,12,1,11
S01007617,238,234,4,0,4,215,211,4,0,4,37,36,1,0,1,50,48,2,0,2,128,127,1,0,1,23,23,0,0,0
S01007618,301,294,7,0,7,272,266,6,0,6,21,20,1,0,1,82,79,3,0,3,169,167,2,0,2,29,28,1,0,1
S01007619,286,280,6,0,6,277,271,6,0,6,26,26,0,0,0,72,70,2,0,2,179,175,4,0,4,9,9,0,0,0
S01007620,277,271,6,0,6,257,251,6,0,6,69,67,2,0,2,180,176,4,0,4,8,8,0,0,0,20,20,0,0,0
S01007621,295,291,4,1,3,294,290,4,1,3,39,39,0,0,0,197,194,3,0,3,58,57,1,1,0,1,1,0,0,0
S01007622,261,256,5,0,5,256,251,5,0,5,63,60,3,0,3,126,124,2,0,2,67,67,0,0,0,5,5,0,0,0
S01007623,256,250,6,0,6,253,247,6,0,6,158,154,4,0,4,53,52,1,0,1,42,41,1,0,1,3,3,0,0,0
S01007624,270,268,2,0,2,267,265,2,0,2,80,79,1,0,1,111,111,0,0,0,76,75,1,0,1,3,3,0,0,0
S01007625,227,224,3,0,3,224,221,3,0,3,122,120,2,0,2,99,98,1,0,1,3,3,0,0,0,3,3,0,0,0
S01007626,274,269,5,0,5,268,263,5,0,5,103,102,1,0,1,159,155,4,0,4,6,6,0,0,0,6,6,0,0,0
S01007627,259,251,8,1,7,183,180,3,0,3,134,131,3,0,3,29,29,0,0,0,20,20,0,0,0,76,71,5,1,4
S01007628,333,314,19,0,19,311,298,13,0,13,186,177,9,0,9,104,102,2,0,2,21,19,2,0,2,22,16,6,0,6
S01007629,308,286,22,2,20,288,279,9,2,7,158,152,6,2,4,119,117,2,0,2,11,10,1,0,1,20,7,13,0,13
S01007630,360,338,22,5,17,343,329,14,5,9,240,231,9,4,5,95,90,5,1,4,8,8,0,0,0,17,9,8,0,8
S01007631,283,269,14,7,7,274,260,14,7,7,223,209,14,7,7,40,40,0,0,0,11,11,0,0,0,9,9,0,0,0
S01007632,462,437,25,3,22,426,405,21,3,18,146,140,6,2,4,108,105,3,0,3,172,160,12,1,11,36,32,4,0,4
S01007633,454,441,13,0,13,414,402,12,0,12,147,145,2,0,2,100,95,5,0,5,167,162,5,0,5,40,39,1,0,1
S01007634,263,241,22,12,10,248,234,14,4,10,158,149,9,2,7,64,61,3,0,3,26,24,2,2,0,15,7,8,8,0
S01007635,332,321,11,1,10,328,318,10,1,9,251,244,7,1,6,58,55,3,0,3,19,19,0,0,0,4,3,1,0,1
S01007636,442,416,26,1,25,355,333,22,1,21,115,109,6,1,5,142,129,13,0,13,98,95,3,0,3,87,83,4,0,4
S01007637,426,403,23,1,22,338,321,17,1,16,46,44,2,1,1,85,80,5,0,5,207,197,10,0,10,88,82,6,0,6
S01007638,391,373,18,0,18,253,236,17,0,17,63,61,2,0,2,64,62,2,0,2,126,113,13,0,13,138,137,1,0,1
S01007639,457,451,6,0,6,430,425,5,0,5,140,137,3,0,3,66,65,1,0,1,224,223,1,0,1,27,26,1,0,1
S01007640,315,303,12,4,8,311,299,12,4,8,205,196,9,3,6,93,90,3,1,2,13,13,0,0,0,4,4,0,0,0
S01007641,402,369,33,15,18,390,359,31,14,17,174,154,20,8,12,144,138,6,4,2,72,67,5,2,3,12,10,2,1,1
S01007642,475,415,60,18,42,358,313,45,17,28,157,146,11,7,4,89,82,7,2,5,112,85,27,8,19,117,102,15,1,14
S01007643,442,424,18,9,9,367,353,14,8,6,126,122,4,4,0,130,124,6,3,3,111,107,4,1,3,75,71,4,1,3
S01007644,401,384,17,11,6,355,342,13,7,6,168,161,7,3,4,112,109,3,2,1,75,72,3,2,1,46,42,4,4,0
S01007645,244,219,25,9,16,241,216,25,9,16,193,172,21,9,12,40,36,4,0,4,8,8,0,0,0,3,3,0,0,0
S01007646,321,260,61,28,33,300,239,61,28,33,208,157,51,26,25,73,63,10,2,8,19,19,0,0,0,21,21,0,0,0
S01007647,379,361,18,3,15,245,233,12,1,11,88,86,2,1,1,63,61,2,0,2,94,86,8,0,8,134,128,6,2,4
S01007648,468,446,22,2,20,345,335,10,1,9,60,60,0,0,0,58,58,0,0,0,227,217,10,1,9,123,111,12,1,11
S01007649,352,339,13,3,10,324,311,13,3,10,71,68,3,1,2,86,85,1,0,1,167,158,9,2,7,28,28,0,0,0
S01007650,447,420,27,9,18,441,415,26,9,17,235,222,13,6,7,92,89,3,0,3,114,104,10,3,7,6,5,1,0,1
S01007651,247,227,20,5,15,246,226,20,5,15,168,155,13,5,8,62,57,5,0,5,16,14,2,0,2,1,1,0,0,0
S01007652,272,257,15,3,12,231,221,10,0,10,129,123,6,0,6,68,66,2,0,2,34,32,2,0,2,41,36,5,3,2
S01007653,391,378,13,3,10,380,367,13,3,10,214,206,8,2,6,120,117,3,0,3,46,44,2,1,1,11,11,0,0,0
S01007654,505,465,40,3,37,456,419,37,3,34,163,153,10,2,8,143,125,18,1,17,150,141,9,0,9,49,46,3,0,3
S01007655,361,341,20,1,19,357,337,20,1,19,278,264,14,1,13,65,61,4,0,4,14,12,2,0,2,4,4,0,0,0
S01007656,375,358,17,4,13,366,349,17,4,13,263,249,14,3,11,82,79,3,1,2,21,21,0,0,0,9,9,0,0,0
S01007657,204,176,28,13,15,199,173,26,13,13,126,107,19,9,10,58,52,6,4,2,15,14,1,0,1,5,3,2,0,2
S01007658,254,231,23,12,11,251,228,23,12,11,122,116,6,1,5,67,65,2,1,1,62,47,15,10,5,3,3,0,0,0
S01007659,378,366,12,4,8,368,356,12,4,8,179,175,4,3,1,96,95,1,0,1,93,86,7,1,6,10,10,0,0,0
S01007660,409,400,9,1,8,335,327,8,1,7,21,21,0,0,0,109,107,2,1,1,205,199,6,0,6,74,73,1,0,1
S01007661,343,327,16,0,16,223,217,6,0,6,49,48,1,0,1,92,88,4,0,4,82,81,1,0,1,120,110,10,0,10
S01007662,510,493,17,1,16,380,367,13,1,12,61,60,1,0,1,129,123,6,0,6,190,184,6,1,5,130,126,4,0,4
S01007663,397,387,10,0,10,383,373,10,0,10,97,95,2,0,2,129,123,6,0,6,157,155,2,0,2,14,14,0,0,0
S01007664,294,283,11,1,10,230,223,7,1,6,26,26,0,0,0,105,101,4,0,4,99,96,3,1,2,64,60,4,0,4
S01007665,285,275,10,1,9,279,269,10,1,9,45,45,0,0,0,83,80,3,0,3,151,144,7,1,6,6,6,0,0,0
S01007666,201,198,3,0,3,199,196,3,0,3,153,150,3,0,3,34,34,0,0,0,12,12,0,0,0,2,2,0,0,0
S01007667,287,283,4,1,3,282,278,4,1,3,149,147,2,0,2,113,112,1,1,0,20,19,1,0,1,5,5,0,0,0
S01007668,472,468,4,0,4,437,433,4,0,4,16,16,0,0,0,197,196,1,0,1,224,221,3,0,3,35,35,0,0,0
S01007669,272,268,4,0,4,205,201,4,0,4,23,23,0,0,0,71,70,1,0,1,111,108,3,0,3,67,67,0,0,0
S01007670,304,299,5,0,5,267,263,4,0,4,39,39,0,0,0,122,120,2,0,2,106,104,2,0,2,37,36,1,0,1
S01007671,310,289,21,4,17,306,285,21,4,17,219,200,19,4,15,59,58,1,0,1,28,27,1,0,1,4,4,0,0,0
S01007672,401,389,12,1,11,396,384,12,1,11,288,281,7,1,6,61,59,2,0,2,47,44,3,0,3,5,5,0,0,0
S01007673,315,304,11,2,9,294,285,9,2,7,58,57,1,0,1,106,103,3,1,2,130,125,5,1,4,21,19,2,0,2
S01007674,381,376,5,0,5,362,357,5,0,5,44,44,0,0,0,118,117,1,0,1,200,196,4,0,4,19,19,0,0,0
S01007675,261,251,10,5,5,259,249,10,5,5,146,141,5,3,2,79,77,2,0,2,34,31,3,2,1,2,2,0,0,0
S01007676,291,279,12,2,10,289,277,12,2,10,207,199,8,1,7,67,64,3,0,3,15,14,1,1,0,2,2,0,0,0
S01007677,205,201,4,1,3,194,190,4,1,3,102,100,2,1,1,37,37,0,0,0,55,53,2,0,2,11,11,0,0,0
S01007678,385,368,17,1,16,348,335,13,1,12,53,51,2,0,2,116,113,3,0,3,179,171,8,1,7,37,33,4,0,4
S01007679,394,381,13,0,13,328,315,13,0,13,134,129,5,0,5,87,83,4,0,4,107,103,4,0,4,66,66,0,0,0
S01007680,397,386,11,0,11,393,382,11,0,11,105,101,4,0,4,269,263,6,0,6,19,18,1,0,1,4,4,0,0,0
S01007681,195,192,3,0,3,190,187,3,0,3,36,34,2,0,2,52,52,0,0,0,102,101,1,0,1,5,5,0,0,0
S01007682,421,403,18,3,15,297,287,10,2,8,163,156,7,2,5,119,117,2,0,2,15,14,1,0,1,124,116,8,1,7
S01007683,319,301,18,3,15,214,207,7,0,7,110,108,2,0,2,88,87,1,0,1,16,12,4,0,4,105,94,11,3,8
S01007684,337,332,5,0,5,311,308,3,0,3,192,190,2,0,2,110,109,1,0,1,9,9,0,0,0,26,24,2,0,2
S01007685,273,273,0,0,0,204,204,0,0,0,91,91,0,0,0,70,70,0,0,0,43,43,0,0,0,69,69,0,0,0
S01007686,326,320,6,0,6,218,215,3,0,3,100,99,1,0,1,97,95,2,0,2,21,21,0,0,0,108,105,3,0,3
S01007687,414,399,15,4,11,151,147,4,1,3,49,49,0,0,0,49,49,0,0,0,53,49,4,1,3,263,252,11,3,8
S01007688,564,545,19,1,18,103,102,1,0,1,26,26,0,0,0,39,39,0,0,0,38,37,1,0,1,461,443,18,1,17
S01007689,298,288,10,1,9,45,43,2,0,2,14,13,1,0,1,13,12,1,0,1,18,18,0,0,0,253,245,8,1,7
S01007690,402,393,9,1,8,98,96,2,0,2,24,24,0,0,0,24,23,1,0,1,50,49,1,0,1,304,297,7,1,6
S01007691,532,515,17,1,16,44,38,6,1,5,5,5,0,0,0,10,7,3,1,2,29,26,3,0,3,488,477,11,0,11
S01007692,448,434,14,1,13,70,70,0,0,0,18,18,0,0,0,31,31,0,0,0,21,21,0,0,0,378,364,14,1,13
S01007693,360,347,13,2,11,19,19,0,0,0,2,2,0,0,0,12,12,0,0,0,5,5,0,0,0,341,328,13,2,11
S01007694,536,523,13,0,13,114,111,3,0,3,19,18,1,0,1,48,48,0,0,0,47,45,2,0,2,422,412,10,0,10
S01007695,632,614,18,1,17,50,48,2,0,2,23,22,1,0,1,18,17,1,0,1,9,9,0,0,0,582,566,16,1,15
S01007696,443,437,6,1,5,55,55,0,0,0,2,2,0,0,0,27,27,0,0,0,26,26,0,0,0,388,382,6,1,5
S01007697,642,608,34,1,33,64,61,3,0,3,11,11,0,0,0,30,30,0,0,0,23,20,3,0,3,578,547,31,1,30
S01007698,611,589,22,3,19,92,90,2,0,2,11,11,0,0,0,36,36,0,0,0,45,43,2,0,2,519,499,20,3,17
S01007699,466,454,12,1,11,73,72,1,0,1,4,4,0,0,0,42,42,0,0,0,27,26,1,0,1,393,382,11,1,10
S01007700,461,450,11,1,10,258,250,8,0,8,97,96,1,0,1,136,129,7,0,7,25,25,0,0,0,203,200,3,1,2
S01007701,323,318,5,0,5,14,14,0,0,0,1,1,0,0,0,3,3,0,0,0,10,10,0,0,0,309,304,5,0,5
S01007702,268,266,2,1,1,56,56,0,0,0,6,6,0,0,0,47,47,0,0,0,3,3,0,0,0,212,210,2,1,1
S01007703,407,398,9,0,9,120,113,7,0,7,19,19,0,0,0,73,66,7,0,7,28,28,0,0,0,287,285,2,0,2
S01007704,534,517,17,3,14,21,21,0,0,0,7,7,0,0,0,11,11,0,0,0,3,3,0,0,0,513,496,17,3,14
S01007705,265,262,3,0,3,7,7,0,0,0,3,3,0,0,0,1,1,0,0,0,3,3,0,0,0,258,255,3,0,3
S01007706,382,370,12,2,10,6,5,1,1,0,0,0,0,0,0,1,1,0,0,0,5,4,1,1,0,376,365,11,1,10
S01007707,511,465,46,6,40,86,74,12,1,11,4,4,0,0,0,16,16,0,0,0,66,54,12,1,11,425,391,34,5,29
S01007708,361,357,4,0,4,66,66,0,0,0,4,4,0,0,0,12,12,0,0,0,50,50,0,0,0,295,291,4,0,4
S01007709,310,309,1,0,1,64,64,0,0,0,4,4,0,0,0,20,20,0,0,0,40,40,0,0,0,246,245,1,0,1
S01007710,462,450,12,0,12,7,7,0,0,0,1,1,0,0,0,5,5,0,0,0,1,1,0,0,0,455,443,12,0,12
S01007711,506,493,13,5,8,82,82,0,0,0,2,2,0,0,0,33,33,0,0,0,47,47,0,0,0,424,411,13,5,8
S01007712,370,360,10,0,10,44,44,0,0,0,12,12,0,0,0,16,16,0,0,0,16,16,0,0,0,326,316,10,0,10
S01007713,236,229,7,1,6,65,64,1,0,1,9,9,0,0,0,24,23,1,0,1,32,32,0,0,0,171,165,6,1,5
S01007714,323,321,2,1,1,126,126,0,0,0,6,6,0,0,0,51,51,0,0,0,69,69,0,0,0,197,195,2,1,1
S01007715,277,267,10,8,2,77,75,2,2,0,9,9,0,0,0,37,37,0,0,0,31,29,2,2,0,200,192,8,6,2
S01007716,633,598,35,0,35,90,89,1,0,1,8,8,0,0,0,31,31,0,0,0,51,50,1,0,1,543,509,34,0,34
S01007717,594,567,27,2,25,94,94,0,0,0,15,15,0,0,0,49,49,0,0,0,30,30,0,0,0,500,473,27,2,25
S01007718,479,467,12,0,12,23,22,1,0,1,6,5,1,0,1,8,8,0,0,0,9,9,0,0,0,456,445,11,0,11
S01007719,666,651,15,1,14,29,29,0,0,0,5,5,0,0,0,7,7,0,0,0,17,17,0,0,0,637,622,15,1,14
S01007720,412,404,8,2,6,87,84,3,2,1,21,19,2,2,0,19,18,1,0,1,47,47,0,0,0,325,320,5,0,5
S01007721,458,435,23,17,6,84,83,1,1,0,10,10,0,0,0,46,46,0,0,0,28,27,1,1,0,374,352,22,16,6
S01007722,579,548,31,16,15,48,46,2,2,0,11,11,0,0,0,19,19,0,0,0,18,16,2,2,0,531,502,29,14,15
S01007723,634,604,30,21,9,27,27,0,0,0,6,6,0,0,0,3,3,0,0,0,18,18,0,0,0,607,577,30,21,9
S01007724,420,358,62,45,17,39,35,4,2,2,1,1,0,0,0,25,23,2,0,2,13,11,2,2,0,381,323,58,43,15
S01007725,522,498,24,2,22,15,15,0,0,0,3,3,0,0,0,6,6,0,0,0,6,6,0,0,0,507,483,24,2,22
S01007726,497,453,44,26,18,82,82,0,0,0,4,4,0,0,0,34,34,0,0,0,44,44,0,0,0,415,371,44,26,18
S01007727,608,591,17,1,16,99,97,2,0,2,10,10,0,0,0,38,36,2,0,2,51,51,0,0,0,509,494,15,1,14
S01007728,474,414,60,38,22,19,18,1,1,0,4,4,0,0,0,8,8,0,0,0,7,6,1,1,0,455,396,59,37,22
S01007729,497,439,58,31,27,31,31,0,0,0,1,1,0,0,0,16,16,0,0,0,14,14,0,0,0,466,408,58,31,27
S01007730,490,464,26,16,10,14,14,0,0,0,2,2,0,0,0,4,4,0,0,0,8,8,0,0,0,476,450,26,16,10
S01007731,419,396,23,13,10,53,53,0,0,0,3,3,0,0,0,23,23,0,0,0,27,27,0,0,0,366,343,23,13,10
S01007732,386,374,12,4,8,53,53,0,0,0,5,5,0,0,0,13,13,0,0,0,35,35,0,0,0,333,321,12,4,8
S01007733,345,338,7,4,3,238,235,3,1,2,47,46,1,0,1,116,114,2,1,1,75,75,0,0,0,107,103,4,3,1
S01007734,389,384,5,0,5,300,297,3,0,3,129,127,2,0,2,153,152,1,0,1,18,18,0,0,0,89,87,2,0,2
S01007735,363,359,4,0,4,312,308,4,0,4,109,109,0,0,0,190,187,3,0,3,13,12,1,0,1,51,51,0,0,0
S01007736,318,309,9,5,4,172,165,7,5,2,53,51,2,1,1,98,97,1,0,1,21,17,4,4,0,146,144,2,0,2
S01007737,575,554,21,1,20,179,166,13,0,13,60,60,0,0,0,48,42,6,0,6,71,64,7,0,7,396,388,8,1,7
S01007738,368,358,10,1,9,273,266,7,0,7,48,45,3,0,3,180,176,4,0,4,45,45,0,0,0,95,92,3,1,2
S01007739,350,347,3,1,2,149,147,2,1,1,40,40,0,0,0,51,49,2,1,1,58,58,0,0,0,201,200,1,0,1
S01007740,270,265,5,0,5,157,155,2,0,2,51,51,0,0,0,63,62,1,0,1,43,42,1,0,1,113,110,3,0,3
S01007741,447,435,12,1,11,213,208,5,1,4,44,43,1,0,1,62,62,0,0,0,107,103,4,1,3,234,227,7,0,7
S01007742,333,328,5,0,5,151,148,3,0,3,35,34,1,0,1,96,94,2,0,2,20,20,0,0,0,182,180,2,0,2
S01007743,469,457,12,0,12,194,191,3,0,3,20,20,0,0,0,91,91,0,0,0,83,80,3,0,3,275,266,9,0,9
S01007744,417,403,14,11,3,169,166,3,3,0,3,3,0,0,0,100,100,0,0,0,66,63,3,3,0,248,237,11,8,3
S01007745,388,378,10,5,5,139,132,7,5,2,7,7,0,0,0,80,79,1,1,0,52,46,6,4,2,249,246,3,0,3
S01007746,419,409,10,10,0,262,256,6,6,0,8,8,0,0,0,148,148,0,0,0,106,100,6,6,0,157,153,4,4,0
S01007747,250,242,8,2,6,179,174,5,2,3,3,3,0,0,0,97,96,1,0,1,79,75,4,2,2,71,68,3,0,3
S01007748,395,369,26,16,10,133,128,5,2,3,3,2,1,0,1,81,80,1,0,1,49,46,3,2,1,262,241,21,14,7
S01007749,287,281,6,1,5,280,274,6,1,5,89,84,5,1,4,186,185,1,0,1,5,5,0,0,0,7,7,0,0,0
S01007750,372,358,14,0,14,330,318,12,0,12,189,182,7,0,7,131,129,2,0,2,10,7,3,0,3,42,40,2,0,2
S01007751,347,337,10,0,10,249,246,3,0,3,174,171,3,0,3,69,69,0,0,0,6,6,0,0,0,98,91,7,0,7
S01007752,364,356,8,0,8,185,182,3,0,3,90,88,2,0,2,84,83,1,0,1,11,11,0,0,0,179,174,5,0,5
S01007753,246,241,5,0,5,167,166,1,0,1,3,3,0,0,0,74,74,0,0,0,90,89,1,0,1,79,75,4,0,4
S01007754,423,414,9,1,8,334,329,5,1,4,13,13,0,0,0,181,181,0,0,0,140,135,5,1,4,89,85,4,0,4
S01007755,428,417,11,0,11,283,280,3,0,3,12,12,0,0,0,133,133,0,0,0,138,135,3,0,3,145,137,8,0,8
S01007756,301,298,3,0,3,236,233,3,0,3,5,5,0,0,0,100,99,1,0,1,131,129,2,0,2,65,65,0,0,0
S01007757,375,371,4,0,4,368,364,4,0,4,157,154,3,0,3,207,206,1,0,1,4,4,0,0,0,7,7,0,0,0
S01007758,486,468,18,4,14,289,279,10,2,8,157,149,8,2,6,84,83,1,0,1,48,47,1,0,1,197,189,8,2,6
S01007759,643,618,25,6,19,137,130,7,4,3,44,41,3,1,2,51,48,3,2,1,42,41,1,1,0,506,488,18,2,16
S01007760,272,262,10,1,9,202,195,7,1,6,107,105,2,0,2,79,75,4,1,3,16,15,1,0,1,70,67,3,0,3
S01007761,394,383,11,6,5,263,253,10,6,4,95,87,8,6,2,117,115,2,0,2,51,51,0,0,0,131,130,1,0,1
S01007762,498,474,24,6,18,120,118,2,1,1,43,43,0,0,0,39,37,2,1,1,38,38,0,0,0,378,356,22,5,17
S01007763,338,329,9,0,9,91,90,1,0,1,16,16,0,0,0,37,36,1,0,1,38,38,0,0,0,247,239,8,0,8
S01007764,311,310,1,0,1,291,290,1,0,1,106,105,1,0,1,178,178,0,0,0,7,7,0,0,0,20,20,0,0,0
S01007765,309,308,1,0,1,289,288,1,0,1,123,122,1,0,1,157,157,0,0,0,9,9,0,0,0,20,20,0,0,0
S01007766,384,382,2,0,2,378,376,2,0,2,139,139,0,0,0,231,229,2,0,2,8,8,0,0,0,6,6,0,0,0
S01007767,405,398,7,1,6,371,365,6,0,6,154,149,5,0,5,199,198,1,0,1,18,18,0,0,0,34,33,1,1,0
S01007768,369,356,13,1,12,143,136,7,0,7,47,46,1,0,1,44,42,2,0,2,52,48,4,0,4,226,220,6,1,5
S01007769,328,325,3,0,3,263,261,2,0,2,149,148,1,0,1,98,97,1,0,1,16,16,0,0,0,65,64,1,0,1
S01007770,324,318,6,1,5,275,269,6,1,5,173,169,4,0,4,85,84,1,1,0,17,16,1,0,1,49,49,0,0,0
S01007771,239,235,4,0,4,227,223,4,0,4,127,124,3,0,3,94,93,1,0,1,6,6,0,0,0,12,12,0,0,0
S01007772,561,546,15,0,15,304,293,11,0,11,30,29,1,0,1,95,90,5,0,5,179,174,5,0,5,257,253,4,0,4
S01007773,315,314,1,0,1,310,309,1,0,1,144,144,0,0,0,160,159,1,0,1,6,6,0,0,0,5,5,0,0,0
S01007774,325,323,2,0,2,319,317,2,0,2,261,259,2,0,2,49,49,0,0,0,9,9,0,0,0,6,6,0,0,0
S01007775,349,346,3,0,3,322,320,2,0,2,171,170,1,0,1,122,122,0,0,0,29,28,1,0,1,27,26,1,0,1
S01007776,288,282,6,1,5,215,212,3,1,2,176,174,2,0,2,38,37,1,1,0,1,1,0,0,0,73,70,3,0,3
S01007777,316,314,2,0,2,304,303,1,0,1,234,233,1,0,1,42,42,0,0,0,28,28,0,0,0,12,11,1,0,1
S01007778,157,155,2,0,2,149,147,2,0,2,136,134,2,0,2,9,9,0,0,0,4,4,0,0,0,8,8,0,0,0
S01007779,316,311,5,1,4,278,273,5,1,4,73,69,4,1,3,169,169,0,0,0,36,35,1,0,1,38,38,0,0,0
S01007780,338,331,7,3,4,310,304,6,3,3,63,60,3,3,0,227,224,3,0,3,20,20,0,0,0,28,27,1,0,1
S01007781,387,381,6,0,6,346,342,4,0,4,41,40,1,0,1,263,260,3,0,3,42,42,0,0,0,41,39,2,0,2
S01007782,262,239,23,16,7,81,77,4,3,1,5,5,0,0,0,44,44,0,0,0,32,28,4,3,1,181,162,19,13,6
S01007783,521,405,116,5,111,295,288,7,1,6,14,14,0,0,0,146,146,0,0,0,135,128,7,1,6,226,117,109,4,105
S01007784,290,276,14,11,3,218,213,5,4,1,23,23,0,0,0,138,134,4,4,0,57,56,1,0,1,72,63,9,7,2
S01007785,281,276,5,0,5,124,123,1,0,1,11,11,0,0,0,78,78,0,0,0,35,34,1,0,1,157,153,4,0,4
S01007786,336,333,3,0,3,327,324,3,0,3,7,7,0,0,0,202,201,1,0,1,118,116,2,0,2,9,9,0,0,0
S01007787,278,277,1,0,1,235,234,1,0,1,2,2,0,0,0,147,147,0,0,0,86,85,1,0,1,43,43,0,0,0
S01007788,271,268,3,0,3,135,132,3,0,3,8,8,0,0,0,90,87,3,0,3,37,37,0,0,0,136,136,0,0,0
S01007789,239,231,8,7,1,210,202,8,7,1,16,16,0,0,0,129,121,8,7,1,65,65,0,0,0,29,29,0,0,0
S01007790,338,330,8,6,2,119,117,2,0,2,6,6,0,0,0,89,87,2,0,2,24,24,0,0,0,219,213,6,6,0
S01007791,177,174,3,0,3,171,168,3,0,3,48,47,1,0,1,115,114,1,0,1,8,7,1,0,1,6,6,0,0,0
S01007792,389,384,5,0,5,378,373,5,0,5,9,9,0,0,0,212,211,1,0,1,157,153,4,0,4,11,11,0,0,0
S01007793,472,457,15,8,7,166,163,3,1,2,8,8,0,0,0,105,104,1,0,1,53,51,2,1,1,306,294,12,7,5
S01007794,240,234,6,4,2,168,166,2,0,2,5,5,0,0,0,93,92,1,0,1,70,69,1,0,1,72,68,4,4,0
S01007795,262,243,19,16,3,114,104,10,8,2,9,9,0,0,0,65,64,1,0,1,40,31,9,8,1,148,139,9,8,1
S01007796,320,311,9,0,9,187,184,3,0,3,30,30,0,0,0,80,80,0,0,0,77,74,3,0,3,133,127,6,0,6
S01007797,287,258,29,18,11,138,131,7,4,3,8,8,0,0,0,51,51,0,0,0,79,72,7,4,3,149,127,22,14,8
S01007798,229,226,3,3,0,216,213,3,3,0,86,86,0,0,0,60,59,1,1,0,70,68,2,2,0,13,13,0,0,0
S01007799,195,193,2,0,2,168,167,1,0,1,123,123,0,0,0,40,39,1,0,1,5,5,0,0,0,27,26,1,0,1
S01007800,386,365,21,18,3,324,310,14,14,0,10,10,0,0,0,284,270,14,14,0,30,30,0,0,0,62,55,7,4,3
S01007801,401,388,13,0,13,223,219,4,0,4,10,10,0,0,0,194,190,4,0,4,19,19,0,0,0,178,169,9,0,9
S01007802,205,199,6,0,6,196,193,3,0,3,4,4,0,0,0,160,157,3,0,3,32,32,0,0,0,9,6,3,0,3
S01007803,530,524,6,0,6,319,314,5,0,5,22,21,1,0,1,173,173,0,0,0,124,120,4,0,4,211,210,1,0,1
S01007804,265,259,6,0,6,195,193,2,0,2,11,11,0,0,0,145,143,2,0,2,39,39,0,0,0,70,66,4,0,4
S01007805,207,207,0,0,0,197,197,0,0,0,11,11,0,0,0,141,141,0,0,0,45,45,0,0,0,10,10,0,0,0
S01007806,312,296,16,14,2,237,222,15,14,1,2,2,0,0,0,149,135,14,14,0,86,85,1,0,1,75,74,1,0,1
S01007807,262,258,4,4,0,240,236,4,4,0,70,66,4,4,0,117,117,0,0,0,53,53,0,0,0,22,22,0,0,0
S01007808,325,304,21,16,5,308,287,21,16,5,30,30,0,0,0,199,178,21,16,5,79,79,0,0,0,17,17,0,0,0
S01007809,406,398,8,6,2,394,386,8,6,2,46,43,3,3,0,296,292,4,2,2,52,51,1,1,0,12,12,0,0,0
S01007810,390,369,21,19,2,323,302,21,19,2,14,14,0,0,0,199,183,16,14,2,110,105,5,5,0,67,67,0,0,0
S01007811,353,325,28,21,7,347,319,28,21,7,15,15,0,0,0,199,187,12,8,4,133,117,16,13,3,6,6,0,0,0
S01007812,355,328,27,19,8,350,323,27,19,8,9,9,0,0,0,241,241,0,0,0,100,73,27,19,8,5,5,0,0,0
S01007813,317,306,11,7,4,265,256,9,6,3,20,18,2,2,0,172,171,1,0,1,73,67,6,4,2,52,50,2,1,1
S01007814,239,229,10,7,3,201,191,10,7,3,12,12,0,0,0,124,120,4,1,3,65,59,6,6,0,38,38,0,0,0
S01007815,356,343,13,11,2,354,341,13,11,2,129,121,8,8,0,198,194,4,2,2,27,26,1,1,0,2,2,0,0,0
S01007816,274,273,1,0,1,268,267,1,0,1,48,48,0,0,0,139,138,1,0,1,81,81,0,0,0,6,6,0,0,0
S01007817,210,207,3,0,3,208,205,3,0,3,7,7,0,0,0,123,122,1,0,1,78,76,2,0,2,2,2,0,0,0
S01007818,319,314,5,3,2,278,273,5,3,2,63,60,3,3,0,120,120,0,0,0,95,93,2,0,2,41,41,0,0,0
S01007819,358,353,5,1,4,333,329,4,1,3,41,40,1,0,1,205,202,3,1,2,87,87,0,0,0,25,24,1,0,1
S01007820,414,408,6,2,4,337,333,4,2,2,37,37,0,0,0,256,252,4,2,2,44,44,0,0,0,77,75,2,0,2
S01007821,246,244,2,2,0,159,157,2,2,0,35,33,2,2,0,94,94,0,0,0,30,30,0,0,0,87,87,0,0,0
S01007822,353,349,4,0,4,313,311,2,0,2,52,52,0,0,0,211,210,1,0,1,50,49,1,0,1,40,38,2,0,2
S01007823,319,306,13,4,9,235,229,6,3,3,36,33,3,1,2,155,153,2,1,1,44,43,1,1,0,84,77,7,1,6
S01007824,358,342,16,11,5,282,269,13,8,5,103,94,9,8,1,85,82,3,0,3,94,93,1,0,1,76,73,3,3,0
S01007825,485,482,3,0,3,260,260,0,0,0,69,69,0,0,0,161,161,0,0,0,30,30,0,0,0,225,222,3,0,3
S01007826,267,260,7,0,7,151,149,2,0,2,13,13,0,0,0,108,106,2,0,2,30,30,0,0,0,116,111,5,0,5
S01007827,299,291,8,0,8,125,125,0,0,0,16,16,0,0,0,76,76,0,0,0,33,33,0,0,0,174,166,8,0,8
S01007828,609,592,17,2,15,83,83,0,0,0,6,6,0,0,0,24,24,0,0,0,53,53,0,0,0,526,509,17,2,15
S01007829,353,348,5,0,5,71,69,2,0,2,33,32,1,0,1,24,23,1,0,1,14,14,0,0,0,282,279,3,0,3
S01007830,559,545,14,1,13,111,108,3,0,3,12,12,0,0,0,36,34,2,0,2,63,62,1,0,1,448,437,11,1,10
S01007831,516,501,15,0,15,113,104,9,0,9,16,16,0,0,0,57,57,0,0,0,40,31,9,0,9,403,397,6,0,6
S01007832,364,362,2,0,2,73,72,1,0,1,14,14,0,0,0,39,39,0,0,0,20,19,1,0,1,291,290,1,0,1
S01007833,485,479,6,0,6,146,145,1,0,1,49,49,0,0,0,65,64,1,0,1,32,32,0,0,0,339,334,5,0,5
S01007834,432,416,16,1,15,50,45,5,1,4,2,1,1,1,0,38,34,4,0,4,10,10,0,0,0,382,371,11,0,11
S01007835,329,325,4,0,4,152,150,2,0,2,32,32,0,0,0,84,84,0,0,0,36,34,2,0,2,177,175,2,0,2
S01007836,299,285,14,2,12,169,164,5,0,5,49,45,4,0,4,88,87,1,0,1,32,32,0,0,0,130,121,9,2,7
S01007837,362,357,5,0,5,350,345,5,0,5,80,78,2,0,2,264,261,3,0,3,6,6,0,0,0,12,12,0,0,0
S01007838,402,392,10,0,10,339,331,8,0,8,71,68,3,0,3,250,245,5,0,5,18,18,0,0,0,63,61,2,0,2
S01007839,284,281,3,0,3,179,178,1,0,1,39,39,0,0,0,64,64,0,0,0,76,75,1,0,1,105,103,2,0,2
S01007840,433,425,8,0,8,119,119,0,0,0,3,3,0,0,0,43,43,0,0,0,73,73,0,0,0,314,306,8,0,8
S01007841,344,341,3,0,3,148,148,0,0,0,2,2,0,0,0,70,70,0,0,0,76,76,0,0,0,196,193,3,0,3
S01007842,400,391,9,0,9,102,101,1,0,1,4,4,0,0,0,50,50,0,0,0,48,47,1,0,1,298,290,8,0,8
S01007843,363,354,9,0,9,99,97,2,0,2,7,7,0,0,0,41,41,0,0,0,51,49,2,0,2,264,257,7,0,7
S01007844,534,520,14,0,14,149,145,4,0,4,10,10,0,0,0,59,59,0,0,0,80,76,4,0,4,385,375,10,0,10
S01007845,450,427,23,0,23,228,222,6,0,6,9,9,0,0,0,155,151,4,0,4,64,62,2,0,2,222,205,17,0,17
S01007846,351,337,14,4,10,288,276,12,4,8,8,8,0,0,0,190,185,5,0,5,90,83,7,4,3,63,61,2,0,2
S01007847,461,437,24,8,16,255,247,8,2,6,6,5,1,0,1,140,140,0,0,0,109,102,7,2,5,206,190,16,6,10
S01007848,475,447,28,10,18,136,129,7,0,7,5,5,0,0,0,63,63,0,0,0,68,61,7,0,7,339,318,21,10,11
S01007849,434,413,21,2,19,196,190,6,0,6,16,15,1,0,1,104,104,0,0,0,76,71,5,0,5,238,223,15,2,13
S01007850,299,293,6,5,1,289,283,6,5,1,9,9,0,0,0,202,202,0,0,0,78,72,6,5,1,10,10,0,0,0
S01007851,490,479,11,4,7,325,317,8,2,6,57,56,1,0,1,208,205,3,0,3,60,56,4,2,2,165,162,3,2,1
S01007852,377,356,21,0,21,104,104,0,0,0,2,2,0,0,0,53,53,0,0,0,49,49,0,0,0,273,252,21,0,21
S01007853,486,413,73,0,73,62,59,3,0,3,20,20,0,0,0,28,27,1,0,1,14,12,2,0,2,424,354,70,0,70
S01007854,578,548,30,0,30,162,159,3,0,3,25,25,0,0,0,106,104,2,0,2,31,30,1,0,1,416,389,27,0,27
S01007855,337,310,27,8,19,56,52,4,0,4,20,18,2,0,2,28,27,1,0,1,8,7,1,0,1,281,258,23,8,15
S01007856,374,348,26,1,25,319,293,26,1,25,34,32,2,0,2,104,101,3,0,3,181,160,21,1,20,55,55,0,0,0
S01007857,245,233,12,10,2,187,178,9,9,0,7,7,0,0,0,111,111,0,0,0,69,60,9,9,0,58,55,3,1,2
S01007858,537,533,4,0,4,417,413,4,0,4,55,54,1,0,1,261,260,1,0,1,101,99,2,0,2,120,120,0,0,0
S01007859,249,246,3,0,3,185,183,2,0,2,20,20,0,0,0,143,142,1,0,1,22,21,1,0,1,64,63,1,0,1
S01007860,240,237,3,0,3,215,212,3,0,3,97,94,3,0,3,111,111,0,0,0,7,7,0,0,0,25,25,0,0,0
S01007861,263,254,9,6,3,259,250,9,6,3,7,7,0,0,0,164,163,1,0,1,88,80,8,6,2,4,4,0,0,0
S01007862,312,308,4,0,4,284,281,3,0,3,6,6,0,0,0,241,239,2,0,2,37,36,1,0,1,28,27,1,0,1
S01007863,458,441,17,0,17,181,180,1,0,1,4,4,0,0,0,123,123,0,0,0,54,53,1,0,1,277,261,16,0,16
S01007864,496,486,10,0,10,343,342,1,0,1,19,19,0,0,0,126,126,0,0,0,198,197,1,0,1,153,144,9,0,9
S01007865,230,229,1,0,1,223,222,1,0,1,181,180,1,0,1,36,36,0,0,0,6,6,0,0,0,7,7,0,0,0
S01007866,210,209,1,0,1,209,208,1,0,1,107,106,1,0,1,98,98,0,0,0,4,4,0,0,0,1,1,0,0,0
S01007867,207,195,12,1,11,148,142,6,0,6,57,56,1,0,1,37,33,4,0,4,54,53,1,0,1,59,53,6,1,5
S01007868,354,351,3,0,3,339,336,3,0,3,131,129,2,0,2,204,203,1,0,1,4,4,0,0,0,15,15,0,0,0
S01007869,367,362,5,0,5,319,315,4,0,4,213,209,4,0,4,102,102,0,0,0,4,4,0,0,0,48,47,1,0,1
S01007870,209,199,10,2,8,202,192,10,2,8,98,91,7,1,6,58,57,1,0,1,46,44,2,1,1,7,7,0,0,0
S01007871,293,285,8,0,8,264,256,8,0,8,13,13,0,0,0,119,119,0,0,0,132,124,8,0,8,29,29,0,0,0
S01007872,337,322,15,7,8,220,211,9,1,8,12,12,0,0,0,83,82,1,0,1,125,117,8,1,7,117,111,6,6,0
S01007873,309,295,14,1,13,195,188,7,1,6,54,53,1,0,1,97,94,3,1,2,44,41,3,0,3,114,107,7,0,7
S01007874,379,367,12,1,11,169,165,4,1,3,41,40,1,0,1,62,61,1,0,1,66,64,2,1,1,210,202,8,0,8
S01007875,253,242,11,9,2,247,236,11,9,2,33,30,3,2,1,74,73,1,0,1,140,133,7,7,0,6,6,0,0,0
S01007876,429,420,9,5,4,397,389,8,4,4,116,111,5,4,1,163,162,1,0,1,118,116,2,0,2,32,31,1,1,0
S01007877,344,336,8,0,8,294,291,3,0,3,57,57,0,0,0,170,169,1,0,1,67,65,2,0,2,50,45,5,0,5
S01007878,304,281,23,8,15,198,194,4,0,4,23,23,0,0,0,83,81,2,0,2,92,90,2,0,2,106,87,19,8,11
S01007879,325,320,5,0,5,314,309,5,0,5,24,22,2,0,2,168,167,1,0,1,122,120,2,0,2,11,11,0,0,0
S01007880,191,178,13,5,8,156,144,12,5,7,106,99,7,3,4,33,33,0,0,0,17,12,5,2,3,35,34,1,0,1
S01007881,267,244,23,3,20,174,166,8,2,6,63,59,4,2,2,65,65,0,0,0,46,42,4,0,4,93,78,15,1,14
S01007882,279,268,11,1,10,270,260,10,1,9,203,199,4,0,4,44,43,1,0,1,23,18,5,1,4,9,8,1,0,1
S01007883,477,468,9,0,9,371,365,6,0,6,130,128,2,0,2,130,130,0,0,0,111,107,4,0,4,106,103,3,0,3
S01007884,275,269,6,0,6,259,253,6,0,6,25,23,2,0,2,80,78,2,0,2,154,152,2,0,2,16,16,0,0,0
S01007885,364,345,19,2,17,186,184,2,0,2,23,22,1,0,1,86,86,0,0,0,77,76,1,0,1,178,161,17,2,15
S01007886,452,433,19,0,19,282,274,8,0,8,98,94,4,0,4,65,61,4,0,4,119,119,0,0,0,170,159,11,0,11
S01007887,242,230,12,0,12,229,218,11,0,11,161,155,6,0,6,37,33,4,0,4,31,30,1,0,1,13,12,1,0,1
S01007888,459,451,8,7,1,446,438,8,7,1,29,29,0,0,0,165,164,1,0,1,252,245,7,7,0,13,13,0,0,0
S01007889,250,242,8,1,7,238,230,8,1,7,11,11,0,0,0,80,78,2,0,2,147,141,6,1,5,12,12,0,0,0
S01007890,305,300,5,1,4,294,289,5,1,4,90,88,2,1,1,139,138,1,0,1,65,63,2,0,2,11,11,0,0,0
S01007891,388,370,18,3,15,309,293,16,3,13,124,122,2,2,0,110,110,0,0,0,75,61,14,1,13,79,77,2,0,2
S01007892,348,341,7,2,5,265,260,5,0,5,181,176,5,0,5,38,38,0,0,0,46,46,0,0,0,83,81,2,2,0
S01007893,431,423,8,2,6,406,401,5,0,5,249,246,3,0,3,109,108,1,0,1,48,47,1,0,1,25,22,3,2,1
S01007894,393,386,7,0,7,358,352,6,0,6,28,28,0,0,0,150,148,2,0,2,180,176,4,0,4,35,34,1,0,1
S01007895,261,249,12,1,11,195,190,5,1,4,91,90,1,0,1,49,48,1,1,0,55,52,3,0,3,66,59,7,0,7
S01007896,407,387,20,1,19,215,204,11,1,10,17,17,0,0,0,111,106,5,1,4,87,81,6,0,6,192,183,9,0,9
S01007897,174,165,9,0,9,169,160,9,0,9,129,122,7,0,7,30,29,1,0,1,10,9,1,0,1,5,5,0,0,0
S01007898,181,166,15,2,13,177,163,14,1,13,137,125,12,0,12,37,35,2,1,1,3,3,0,0,0,4,3,1,1,0
S01007899,157,145,12,3,9,126,119,7,1,6,102,96,6,0,6,15,15,0,0,0,9,8,1,1,0,31,26,5,2,3
S01007900,246,232,14,8,6,242,231,11,8,3,16,15,1,0,1,166,165,1,0,1,60,51,9,8,1,4,1,3,0,3
S01007901,329,317,12,0,12,310,302,8,0,8,34,34,0,0,0,111,108,3,0,3,165,160,5,0,5,19,15,4,0,4
S01007902,408,394,14,0,14,393,379,14,0,14,31,31,0,0,0,228,217,11,0,11,134,131,3,0,3,15,15,0,0,0
S01007903,359,322,37,14,23,251,229,22,10,12,83,75,8,4,4,90,87,3,1,2,78,67,11,5,6,108,93,15,4,11
S01007904,368,312,56,7,49,327,290,37,5,32,220,190,30,4,26,64,62,2,0,2,43,38,5,1,4,41,22,19,2,17
S01007905,315,292,23,0,23,309,286,23,0,23,25,25,0,0,0,151,141,10,0,10,133,120,13,0,13,6,6,0,0,0
S01007906,399,382,17,3,14,215,206,9,2,7,28,27,1,0,1,135,129,6,2,4,52,50,2,0,2,184,176,8,1,7
S01007907,283,254,29,8,21,240,227,13,6,7,19,18,1,1,0,171,165,6,2,4,50,44,6,3,3,43,27,16,2,14
S01007908,438,419,19,9,10,318,305,13,7,6,153,149,4,2,2,122,118,4,2,2,43,38,5,3,2,120,114,6,2,4
S01007909,227,226,1,0,1,220,219,1,0,1,6,6,0,0,0,77,77,0,0,0,137,136,1,0,1,7,7,0,0,0
S01007910,375,369,6,2,4,230,226,4,2,2,29,29,0,0,0,112,112,0,0,0,89,85,4,2,2,145,143,2,0,2
S01007911,362,348,14,1,13,254,250,4,0,4,104,102,2,0,2,91,90,1,0,1,59,58,1,0,1,108,98,10,1,9
S01007912,355,346,9,3,6,251,251,0,0,0,48,48,0,0,0,149,149,0,0,0,54,54,0,0,0,104,95,9,3,6
S01007913,318,304,14,2,12,124,118,6,2,4,15,15,0,0,0,81,79,2,0,2,28,24,4,2,2,194,186,8,0,8
S01007914,296,279,17,3,14,253,240,13,1,12,23,23,0,0,0,69,69,0,0,0,161,148,13,1,12,43,39,4,2,2
S01007915,376,361,15,4,11,327,322,5,2,3,22,22,0,0,0,92,92,0,0,0,213,208,5,2,3,49,39,10,2,8
S01007916,408,399,9,0,9,289,283,6,0,6,58,58,0,0,0,171,166,5,0,5,60,59,1,0,1,119,116,3,0,3
S01007917,379,369,10,1,9,310,306,4,1,3,24,24,0,0,0,86,86,0,0,0,200,196,4,1,3,69,63,6,0,6
S01007918,477,446,31,12,19,260,254,6,1,5,63,63,0,0,0,144,142,2,0,2,53,49,4,1,3,217,192,25,11,14
S01007919,314,303,11,0,11,305,294,11,0,11,268,259,9,0,9,32,30,2,0,2,5,5,0,0,0,9,9,0,0,0
S01007920,254,245,9,1,8,245,236,9,1,8,148,146,2,1,1,92,85,7,0,7,5,5,0,0,0,9,9,0,0,0
S01007921,434,422,12,0,12,410,398,12,0,12,18,18,0,0,0,146,143,3,0,3,246,237,9,0,9,24,24,0,0,0
S01007922,402,386,16,2,14,271,261,10,1,9,14,14,0,0,0,161,158,3,1,2,96,89,7,0,7,131,125,6,1,5
S01007923,433,412,21,5,16,379,363,16,5,11,122,120,2,0,2,139,136,3,0,3,118,107,11,5,6,54,49,5,0,5
S01007924,453,430,23,1,22,316,308,8,1,7,102,100,2,1,1,113,109,4,0,4,101,99,2,0,2,137,122,15,0,15
S01007925,184,176,8,2,6,177,169,8,2,6,139,133,6,1,5,28,27,1,0,1,10,9,1,1,0,7,7,0,0,0
S01007926,186,175,11,2,9,182,171,11,2,9,121,117,4,0,4,37,36,1,1,0,24,18,6,1,5,4,4,0,0,0
S01007927,246,237,9,0,9,238,229,9,0,9,173,165,8,0,8,43,43,0,0,0,22,21,1,0,1,8,8,0,0,0
S01007928,429,418,11,1,10,398,388,10,1,9,214,209,5,1,4,94,91,3,0,3,90,88,2,0,2,31,30,1,0,1
S01007929,278,268,10,3,7,261,251,10,3,7,188,181,7,2,5,50,49,1,0,1,23,21,2,1,1,17,17,0,0,0
S01007930,222,216,6,3,3,213,208,5,2,3,149,146,3,1,2,35,33,2,1,1,29,29,0,0,0,9,8,1,1,0
S01007931,488,481,7,2,5,415,410,5,1,4,176,175,1,0,1,106,102,4,1,3,133,133,0,0,0,73,71,2,1,1
S01007932,377,364,13,6,7,314,306,8,2,6,187,183,4,2,2,114,110,4,0,4,13,13,0,0,0,63,58,5,4,1
S01007933,318,316,2,0,2,305,303,2,0,2,87,87,0,0,0,58,58,0,0,0,160,158,2,0,2,13,13,0,0,0
S01007934,312,300,12,3,9,275,265,10,2,8,100,100,0,0,0,72,72,0,0,0,103,93,10,2,8,37,35,2,1,1
S01007935,481,444,37,17,20,141,136,5,1,4,41,41,0,0,0,30,30,0,0,0,70,65,5,1,4,340,308,32,16,16
S01007936,398,389,9,2,7,351,343,8,2,6,217,212,5,0,5,76,75,1,1,0,58,56,2,1,1,47,46,1,0,1
S01007937,442,435,7,0,7,403,398,5,0,5,226,224,2,0,2,133,132,1,0,1,44,42,2,0,2,39,37,2,0,2
S01007938,376,372,4,1,3,199,198,1,0,1,35,35,0,0,0,48,47,1,0,1,116,116,0,0,0,177,174,3,1,2
S01007939,426,412,14,6,8,324,316,8,5,3,17,17,0,0,0,146,144,2,0,2,161,155,6,5,1,102,96,6,1,5
S01007940,538,497,41,19,22,376,362,14,1,13,100,98,2,1,1,176,175,1,0,1,100,89,11,0,11,162,135,27,18,9
S01007941,264,257,7,1,6,260,253,7,1,6,114,110,4,1,3,115,113,2,0,2,31,30,1,0,1,4,4,0,0,0
S01007942,218,207,11,0,11,142,138,4,0,4,30,29,1,0,1,74,73,1,0,1,38,36,2,0,2,76,69,7,0,7
S01007943,358,319,39,16,23,250,243,7,0,7,83,83,0,0,0,54,52,2,0,2,113,108,5,0,5,108,76,32,16,16
S01007944,476,442,34,4,30,326,320,6,0,6,91,88,3,0,3,142,141,1,0,1,93,91,2,0,2,150,122,28,4,24
S01007945,484,443,41,0,41,257,245,12,0,12,71,69,2,0,2,80,73,7,0,7,106,103,3,0,3,227,198,29,0,29
S01007946,425,396,29,1,28,234,228,6,1,5,60,56,4,1,3,53,51,2,0,2,121,121,0,0,0,191,168,23,0,23
S01007947,328,327,1,0,1,256,255,1,0,1,91,90,1,0,1,118,118,0,0,0,47,47,0,0,0,72,72,0,0,0
S01007948,325,304,21,0,21,186,183,3,0,3,29,28,1,0,1,106,106,0,0,0,51,49,2,0,2,139,121,18,0,18
S01007949,354,347,7,0,7,258,253,5,0,5,51,49,2,0,2,165,163,2,0,2,42,41,1,0,1,96,94,2,0,2
S01007950,388,376,12,1,11,327,320,7,1,6,166,164,2,0,2,102,98,4,1,3,59,58,1,0,1,61,56,5,0,5
S01007951,340,321,19,0,19,261,252,9,0,9,83,81,2,0,2,116,111,5,0,5,62,60,2,0,2,79,69,10,0,10
S01007952,383,357,26,1,25,155,143,12,1,11,18,18,0,0,0,59,59,0,0,0,78,66,12,1,11,228,214,14,0,14
S01007953,420,414,6,0,6,277,276,1,0,1,23,23,0,0,0,132,132,0,0,0,122,121,1,0,1,143,138,5,0,5
S01007954,333,324,9,0,9,204,199,5,0,5,14,14,0,0,0,96,95,1,0,1,94,90,4,0,4,129,125,4,0,4
S01007955,334,322,12,1,11,322,310,12,1,11,16,15,1,1,0,105,100,5,0,5,201,195,6,0,6,12,12,0,0,0
S01007956,305,297,8,0,8,300,292,8,0,8,8,8,0,0,0,104,102,2,0,2,188,182,6,0,6,5,5,0,0,0
S01007957,482,455,27,0,27,346,333,13,0,13,53,52,1,0,1,129,120,9,0,9,164,161,3,0,3,136,122,14,0,14
S01007958,404,388,16,0,16,137,136,1,0,1,58,58,0,0,0,46,45,1,0,1,33,33,0,0,0,267,252,15,0,15
S01007959,396,380,16,1,15,349,336,13,0,13,75,71,4,0,4,184,177,7,0,7,90,88,2,0,2,47,44,3,1,2
S01007960,300,291,9,0,9,259,251,8,0,8,38,38,0,0,0,110,107,3,0,3,111,106,5,0,5,41,40,1,0,1
S01007961,293,278,15,2,13,282,268,14,2,12,196,185,11,2,9,45,43,2,0,2,41,40,1,0,1,11,10,1,0,1
S01007962,264,246,18,4,14,215,203,12,0,12,10,10,0,0,0,163,154,9,0,9,42,39,3,0,3,49,43,6,4,2
S01007963,424,408,16,0,16,225,219,6,0,6,20,20,0,0,0,176,171,5,0,5,29,28,1,0,1,199,189,10,0,10
S01007964,365,353,12,1,11,273,263,10,1,9,19,18,1,0,1,198,192,6,1,5,56,53,3,0,3,92,90,2,0,2
S01007965,261,256,5,0,5,150,149,1,0,1,9,9,0,0,0,117,116,1,0,1,24,24,0,0,0,111,107,4,0,4
S01007966,424,418,6,0,6,350,348,2,0,2,46,46,0,0,0,228,226,2,0,2,76,76,0,0,0,74,70,4,0,4
S01007967,250,245,5,2,3,211,209,2,0,2,9,9,0,0,0,175,173,2,0,2,27,27,0,0,0,39,36,3,2,1
S01007968,413,397,16,3,13,348,337,11,0,11,11,11,0,0,0,158,154,4,0,4,179,172,7,0,7,65,60,5,3,2
S01007969,397,390,7,0,7,280,276,4,0,4,13,13,0,0,0,163,161,2,0,2,104,102,2,0,2,117,114,3,0,3
S01007970,416,408,8,0,8,315,309,6,0,6,8,8,0,0,0,161,157,4,0,4,146,144,2,0,2,101,99,2,0,2
S01007971,492,469,23,14,9,312,305,7,0,7,12,12,0,0,0,182,178,4,0,4,118,115,3,0,3,180,164,16,14,2
S01007972,382,377,5,0,5,343,340,3,0,3,3,3,0,0,0,179,177,2,0,2,161,160,1,0,1,39,37,2,0,2
S01007973,357,355,2,0,2,351,349,2,0,2,72,72,0,0,0,261,259,2,0,2,18,18,0,0,0,6,6,0,0,0
S01007974,438,426,12,0,12,134,130,4,0,4,11,10,1,0,1,110,107,3,0,3,13,13,0,0,0,304,296,8,0,8
S01007975,345,324,21,4,17,254,242,12,1,11,9,9,0,0,0,121,120,1,0,1,124,113,11,1,10,91,82,9,3,6
S01007976,487,456,31,14,17,129,127,2,2,0,9,7,2,2,0,66,66,0,0,0,54,54,0,0,0,358,329,29,12,17
S01007977,304,304,0,0,0,190,190,0,0,0,16,16,0,0,0,96,96,0,0,0,78,78,0,0,0,114,114,0,0,0
S01007978,386,353,33,5,28,44,40,4,0,4,7,7,0,0,0,12,10,2,0,2,25,23,2,0,2,342,313,29,5,24
S01007979,383,363,20,2,18,240,231,9,0,9,61,59,2,0,2,125,118,7,0,7,54,54,0,0,0,143,132,11,2,9
S01007980,345,340,5,0,5,214,210,4,0,4,42,41,1,0,1,156,154,2,0,2,16,15,1,0,1,131,130,1,0,1
S01007981,254,252,2,1,1,250,248,2,1,1,43,43,0,0,0,198,196,2,1,1,9,9,0,0,0,4,4,0,0,0
S01007982,216,210,6,0,6,212,206,6,0,6,87,83,4,0,4,57,57,0,0,0,68,66,2,0,2,4,4,0,0,0
S01007983,399,387,12,0,12,248,242,6,0,6,13,13,0,0,0,39,39,0,0,0,196,190,6,0,6,151,145,6,0,6
S01007984,378,374,4,0,4,314,311,3,0,3,24,23,1,0,1,94,94,0,0,0,196,194,2,0,2,64,63,1,0,1
S01007985,420,412,8,0,8,287,285,2,0,2,8,8,0,0,0,47,47,0,0,0,232,230,2,0,2,133,127,6,0,6
S01007986,239,238,1,0,1,231,230,1,0,1,41,41,0,0,0,44,44,0,0,0,146,145,1,0,1,8,8,0,0,0
S01007987,320,313,7,2,5,299,294,5,1,4,97,95,2,1,1,70,68,2,0,2,132,131,1,0,1,21,19,2,1,1
S01007988,341,336,5,1,4,336,331,5,1,4,12,12,0,0,0,57,57,0,0,0,267,262,5,1,4,5,5,0,0,0
S01007989,304,290,14,7,7,296,282,14,7,7,9,9,0,0,0,92,91,1,0,1,195,182,13,7,6,8,8,0,0,0
S01007990,351,339,12,0,12,331,319,12,0,12,42,41,1,0,1,92,91,1,0,1,197,187,10,0,10,20,20,0,0,0
S01007991,342,334,8,0,8,337,329,8,0,8,286,280,6,0,6,43,41,2,0,2,8,8,0,0,0,5,5,0,0,0
S01007992,224,224,0,0,0,220,220,0,0,0,150,150,0,0,0,63,63,0,0,0,7,7,0,0,0,4,4,0,0,0
S01007993,330,329,1,0,1,325,324,1,0,1,109,109,0,0,0,213,212,1,0,1,3,3,0,0,0,5,5,0,0,0
S01007994,298,293,5,0,5,297,292,5,0,5,234,230,4,0,4,56,55,1,0,1,7,7,0,0,0,1,1,0,0,0
S01007995,315,309,6,0,6,315,309,6,0,6,201,196,5,0,5,104,103,1,0,1,10,10,0,0,0,0,0,0,0,0
S01007996,190,187,3,0,3,181,178,3,0,3,112,112,0,0,0,54,53,1,0,1,15,13,2,0,2,9,9,0,0,0
S01007997,305,296,9,5,4,289,283,6,2,4,185,180,5,2,3,81,80,1,0,1,23,23,0,0,0,16,13,3,3,0
S01007998,230,225,5,3,2,164,163,1,0,1,95,95,0,0,0,60,59,1,0,1,9,9,0,0,0,66,62,4,3,1
S01007999,303,301,2,0,2,269,267,2,0,2,7,7,0,0,0,112,111,1,0,1,150,149,1,0,1,34,34,0,0,0
S01008000,405,390,15,1,14,366,353,13,1,12,24,24,0,0,0,137,133,4,0,4,205,196,9,1,8,39,37,2,0,2
S01008001,421,372,49,21,28,306,290,16,3,13,15,15,0,0,0,117,112,5,0,5,174,163,11,3,8,115,82,33,18,15
S01008002,363,330,33,14,19,281,269,12,2,10,20,20,0,0,0,189,183,6,0,6,72,66,6,2,4,82,61,21,12,9
S01008003,247,241,6,4,2,201,200,1,0,1,45,45,0,0,0,82,81,1,0,1,74,74,0,0,0,46,41,5,4,1
S01008004,239,230,9,3,6,224,216,8,2,6,82,81,1,0,1,98,95,3,0,3,44,40,4,2,2,15,14,1,1,0
S01008005,234,220,14,0,14,229,215,14,0,14,46,43,3,0,3,133,132,1,0,1,50,40,10,0,10,5,5,0,0,0
S01008006,249,248,1,0,1,185,185,0,0,0,18,18,0,0,0,100,100,0,0,0,67,67,0,0,0,64,63,1,0,1
S01008007,249,208,41,16,25,100,91,9,0,9,8,8,0,0,0,44,41,3,0,3,48,42,6,0,6,149,117,32,16,16
S01008008,273,267,6,0,6,212,210,2,0,2,15,15,0,0,0,163,161,2,0,2,34,34,0,0,0,61,57,4,0,4
S01008009,387,373,14,1,13,206,202,4,1,3,34,34,0,0,0,140,138,2,0,2,32,30,2,1,1,181,171,10,0,10
S01008010,498,476,22,2,20,259,255,4,0,4,71,69,2,0,2,129,127,2,0,2,59,59,0,0,0,239,221,18,2,16
S01008011,517,455,62,13,49,101,99,2,0,2,20,20,0,0,0,24,24,0,0,0,57,55,2,0,2,416,356,60,13,47
S01008012,530,471,59,26,33,96,92,4,1,3,21,21,0,0,0,45,44,1,0,1,30,27,3,1,2,434,379,55,25,30
S01008013,383,363,20,2,18,129,124,5,0,5,20,19,1,0,1,66,65,1,0,1,43,40,3,0,3,254,239,15,2,13
S01008014,322,312,10,0,10,177,174,3,0,3,44,44,0,0,0,127,124,3,0,3,6,6,0,0,0,145,138,7,0,7
S01008015,453,437,16,0,16,124,118,6,0,6,9,9,0,0,0,71,65,6,0,6,44,44,0,0,0,329,319,10,0,10
S01008016,457,433,24,0,24,116,113,3,0,3,12,12,0,0,0,85,83,2,0,2,19,18,1,0,1,341,320,21,0,21
S01008017,385,375,10,0,10,363,354,9,0,9,136,132,4,0,4,197,192,5,0,5,30,30,0,0,0,22,21,1,0,1
S01008018,315,308,7,3,4,203,199,4,1,3,117,115,2,0,2,79,78,1,0,1,7,6,1,1,0,112,109,3,2,1
S01008019,282,271,11,3,8,200,197,3,0,3,53,52,1,0,1,116,114,2,0,2,31,31,0,0,0,82,74,8,3,5
S01008020,339,313,26,1,25,128,121,7,1,6,37,36,1,0,1,82,80,2,0,2,9,5,4,1,3,211,192,19,0,19
S01008021,250,244,6,1,5,218,214,4,1,3,77,76,1,1,0,137,134,3,0,3,4,4,0,0,0,32,30,2,0,2
S01008022,288,286,2,0,2,275,274,1,0,1,144,144,0,0,0,129,128,1,0,1,2,2,0,0,0,13,12,1,0,1
S01008023,247,246,1,0,1,244,243,1,0,1,213,212,1,0,1,28,28,0,0,0,3,3,0,0,0,3,3,0,0,0
S01008024,227,224,3,0,3,215,212,3,0,3,159,156,3,0,3,48,48,0,0,0,8,8,0,0,0,12,12,0,0,0
S01008025,285,283,2,0,2,274,272,2,0,2,75,75,0,0,0,191,189,2,0,2,8,8,0,0,0,11,11,0,0,0
S01008026,483,466,17,3,14,325,319,6,1,5,63,62,1,0,1,142,140,2,0,2,120,117,3,1,2,158,147,11,2,9
S01008027,274,259,15,3,12,169,162,7,1,6,26,25,1,0,1,57,56,1,0,1,86,81,5,1,4,105,97,8,2,6
S01008028,243,239,4,0,4,207,203,4,0,4,53,51,2,0,2,97,95,2,0,2,57,57,0,0,0,36,36,0,0,0
S01008029,364,345,19,3,16,289,277,12,0,12,152,149,3,0,3,109,104,5,0,5,28,24,4,0,4,75,68,7,3,4
S01008030,483,476,7,0,7,419,412,7,0,7,187,182,5,0,5,157,156,1,0,1,75,74,1,0,1,64,64,0,0,0
S01008031,424,403,21,12,9,305,297,8,5,3,59,59,0,0,0,109,109,0,0,0,137,129,8,5,3,119,106,13,7,6
S01008032,385,377,8,0,8,378,370,8,0,8,62,62,0,0,0,185,181,4,0,4,131,127,4,0,4,7,7,0,0,0
S01008033,274,269,5,0,5,270,266,4,0,4,206,202,4,0,4,41,41,0,0,0,23,23,0,0,0,4,3,1,0,1
S01008034,276,271,5,0,5,240,236,4,0,4,166,163,3,0,3,39,39,0,0,0,35,34,1,0,1,36,35,1,0,1
S01008035,285,281,4,0,4,253,249,4,0,4,100,100,0,0,0,66,63,3,0,3,87,86,1,0,1,32,32,0,0,0
S01008036,248,246,2,0,2,246,244,2,0,2,91,91,0,0,0,133,131,2,0,2,22,22,0,0,0,2,2,0,0,0
S01008037,424,421,3,0,3,319,316,3,0,3,12,12,0,0,0,170,169,1,0,1,137,135,2,0,2,105,105,0,0,0
S01008038,312,303,9,0,9,267,262,5,0,5,8,8,0,0,0,93,93,0,0,0,166,161,5,0,5,45,41,4,0,4
S01008039,364,363,1,1,0,269,269,0,0,0,21,21,0,0,0,174,174,0,0,0,74,74,0,0,0,95,94,1,1,0
S01008040,336,332,4,0,4,332,329,3,0,3,108,106,2,0,2,127,127,0,0,0,97,96,1,0,1,4,3,1,0,1
S01008041,359,354,5,0,5,176,173,3,0,3,25,24,1,0,1,90,88,2,0,2,61,61,0,0,0,183,181,2,0,2
S01008042,286,280,6,1,5,173,171,2,0,2,117,116,1,0,1,47,46,1,0,1,9,9,0,0,0,113,109,4,1,3
S01008043,423,398,25,0,25,397,372,25,0,25,179,161,18,0,18,209,202,7,0,7,9,9,0,0,0,26,26,0,0,0
S01008044,438,431,7,0,7,309,306,3,0,3,120,118,2,0,2,147,146,1,0,1,42,42,0,0,0,129,125,4,0,4
S01008045,454,449,5,0,5,288,284,4,0,4,196,193,3,0,3,48,48,0,0,0,44,43,1,0,1,166,165,1,0,1
S01008046,552,527,25,0,25,177,175,2,0,2,25,25,0,0,0,108,106,2,0,2,44,44,0,0,0,375,352,23,0,23
S01008047,295,292,3,1,2,286,283,3,1,2,152,150,2,0,2,104,103,1,1,0,30,30,0,0,0,9,9,0,0,0
S01008048,242,238,4,0,4,239,235,4,0,4,167,164,3,0,3,64,63,1,0,1,8,8,0,0,0,3,3,0,0,0
S01008049,366,357,9,1,8,350,342,8,1,7,159,156,3,1,2,181,176,5,0,5,10,10,0,0,0,16,15,1,0,1
S01008050,246,245,1,0,1,206,205,1,0,1,171,170,1,0,1,28,28,0,0,0,7,7,0,0,0,40,40,0,0,0
S01008051,331,328,3,0,3,327,324,3,0,3,52,51,1,0,1,274,272,2,0,2,1,1,0,0,0,4,4,0,0,0
S01008052,343,337,6,3,3,337,331,6,3,3,185,180,5,2,3,150,149,1,1,0,2,2,0,0,0,6,6,0,0,0
S01008053,264,263,1,0,1,209,208,1,0,1,100,99,1,0,1,105,105,0,0,0,4,4,0,0,0,55,55,0,0,0
S01008054,372,361,11,0,11,199,196,3,0,3,126,123,3,0,3,42,42,0,0,0,31,31,0,0,0,173,165,8,0,8
S01008055,389,384,5,1,4,386,381,5,1,4,310,305,5,1,4,74,74,0,0,0,2,2,0,0,0,3,3,0,0,0
S01008056,343,332,11,3,8,240,239,1,0,1,151,150,1,0,1,85,85,0,0,0,4,4,0,0,0,103,93,10,3,7
S01008057,404,400,4,0,4,306,304,2,0,2,208,206,2,0,2,56,56,0,0,0,42,42,0,0,0,98,96,2,0,2
S01008058,309,304,5,2,3,260,258,2,1,1,241,239,2,1,1,16,16,0,0,0,3,3,0,0,0,49,46,3,1,2
S01008059,262,260,2,0,2,258,256,2,0,2,114,114,0,0,0,126,124,2,0,2,18,18,0,0,0,4,4,0,0,0
S01008060,326,326,0,0,0,321,321,0,0,0,176,176,0,0,0,106,106,0,0,0,39,39,0,0,0,5,5,0,0,0
S01008061,285,283,2,1,1,225,225,0,0,0,94,94,0,0,0,84,84,0,0,0,47,47,0,0,0,60,58,2,1,1
S01008062,373,371,2,0,2,369,367,2,0,2,22,22,0,0,0,197,196,1,0,1,150,149,1,0,1,4,4,0,0,0
S01008063,383,381,2,0,2,339,337,2,0,2,160,160,0,0,0,155,154,1,0,1,24,23,1,0,1,44,44,0,0,0
S01008064,300,296,4,0,4,162,162,0,0,0,30,30,0,0,0,80,80,0,0,0,52,52,0,0,0,138,134,4,0,4
S01008065,353,348,5,1,4,348,343,5,1,4,204,200,4,1,3,127,126,1,0,1,17,17,0,0,0,5,5,0,0,0
S01008066,335,326,9,1,8,326,319,7,0,7,180,173,7,0,7,142,142,0,0,0,4,4,0,0,0,9,7,2,1,1
S01008067,268,257,11,0,11,215,208,7,0,7,109,105,4,0,4,62,60,2,0,2,44,43,1,0,1,53,49,4,0,4
S01008068,390,384,6,0,6,380,374,6,0,6,164,163,1,0,1,162,158,4,0,4,54,53,1,0,1,10,10,0,0,0
S01008069,385,385,0,0,0,373,373,0,0,0,16,16,0,0,0,211,211,0,0,0,146,146,0,0,0,12,12,0,0,0
S01008070,357,356,1,0,1,355,354,1,0,1,20,20,0,0,0,169,168,1,0,1,166,166,0,0,0,2,2,0,0,0
S01008071,289,287,2,0,2,275,274,1,0,1,13,13,0,0,0,181,180,1,0,1,81,81,0,0,0,14,13,1,0,1
S01008072,351,350,1,1,0,113,113,0,0,0,67,67,0,0,0,16,16,0,0,0,30,30,0,0,0,238,237,1,1,0
S01008073,179,178,1,0,1,149,149,0,0,0,143,143,0,0,0,4,4,0,0,0,2,2,0,0,0,30,29,1,0,1
S01008074,379,378,1,0,1,375,374,1,0,1,233,232,1,0,1,114,114,0,0,0,28,28,0,0,0,4,4,0,0,0
S01008075,252,246,6,1,5,250,244,6,1,5,217,213,4,1,3,22,21,1,0,1,11,10,1,0,1,2,2,0,0,0
S01008076,317,301,16,2,14,166,161,5,1,4,134,129,5,1,4,10,10,0,0,0,22,22,0,0,0,151,140,11,1,10
S01008077,358,349,9,1,8,258,255,3,0,3,161,159,2,0,2,75,74,1,0,1,22,22,0,0,0,100,94,6,1,5
S01008078,355,350,5,0,5,274,269,5,0,5,161,157,4,0,4,109,108,1,0,1,4,4,0,0,0,81,81,0,0,0
S01008079,345,341,4,0,4,341,337,4,0,4,255,252,3,0,3,84,83,1,0,1,2,2,0,0,0,4,4,0,0,0
S01008080,285,279,6,0,6,262,257,5,0,5,161,157,4,0,4,83,83,0,0,0,18,17,1,0,1,23,22,1,0,1
S01008081,241,235,6,0,6,210,206,4,0,4,192,188,4,0,4,16,16,0,0,0,2,2,0,0,0,31,29,2,0,2
S01008082,336,328,8,0,8,320,313,7,0,7,151,150,1,0,1,155,149,6,0,6,14,14,0,0,0,16,15,1,0,1
S01008083,272,270,2,0,2,269,267,2,0,2,139,138,1,0,1,128,127,1,0,1,2,2,0,0,0,3,3,0,0,0
S01008084,359,353,6,0,6,317,312,5,0,5,182,182,0,0,0,65,63,2,0,2,70,67,3,0,3,42,41,1,0,1
S01008085,343,339,4,0,4,327,323,4,0,4,260,257,3,0,3,58,58,0,0,0,9,8,1,0,1,16,16,0,0,0
S01008086,431,418,13,0,13,376,365,11,0,11,195,187,8,0,8,147,146,1,0,1,34,32,2,0,2,55,53,2,0,2
S01008087,333,330,3,0,3,332,329,3,0,3,61,60,1,0,1,269,267,2,0,2,2,2,0,0,0,1,1,0,0,0
S01008088,402,398,4,0,4,339,335,4,0,4,135,134,1,0,1,160,158,2,0,2,44,43,1,0,1,63,63,0,0,0
S01008089,244,243,1,0,1,242,241,1,0,1,59,58,1,0,1,182,182,0,0,0,1,1,0,0,0,2,2,0,0,0
S01008090,307,305,2,0,2,251,250,1,0,1,40,39,1,0,1,207,207,0,0,0,4,4,0,0,0,56,55,1,0,1
S01008091,146,146,0,0,0,144,144,0,0,0,57,57,0,0,0,72,72,0,0,0,15,15,0,0,0,2,2,0,0,0
S01008092,370,368,2,0,2,367,365,2,0,2,153,153,0,0,0,213,211,2,0,2,1,1,0,0,0,3,3,0,0,0
S01008093,332,331,1,0,1,311,310,1,0,1,65,65,0,0,0,244,243,1,0,1,2,2,0,0,0,21,21,0,0,0
S01008094,258,257,1,0,1,256,255,1,0,1,137,137,0,0,0,104,104,0,0,0,15,14,1,0,1,2,2,0,0,0
S01008095,346,345,1,0,1,273,272,1,0,1,19,19,0,0,0,198,197,1,0,1,56,56,0,0,0,73,73,0,0,0
S01008096,337,334,3,0,3,301,298,3,0,3,108,107,1,0,1,165,163,2,0,2,28,28,0,0,0,36,36,0,0,0
S01008097,290,281,9,0,9,218,212,6,0,6,81,79,2,0,2,99,97,2,0,2,38,36,2,0,2,72,69,3,0,3
S01008098,298,293,5,0,5,296,291,5,0,5,28,28,0,0,0,266,261,5,0,5,2,2,0,0,0,2,2,0,0,0
S01008099,213,209,4,0,4,210,206,4,0,4,18,17,1,0,1,100,99,1,0,1,92,90,2,0,2,3,3,0,0,0
S01008100,407,401,6,0,6,288,285,3,0,3,194,192,2,0,2,90,89,1,0,1,4,4,0,0,0,119,116,3,0,3
S01008101,351,351,0,0,0,222,222,0,0,0,83,83,0,0,0,70,70,0,0,0,69,69,0,0,0,129,129,0,0,0
S01008102,313,310,3,1,2,271,270,1,0,1,30,30,0,0,0,161,160,1,0,1,80,80,0,0,0,42,40,2,1,1
S01008103,351,338,13,0,13,93,90,3,0,3,19,17,2,0,2,24,24,0,0,0,50,49,1,0,1,258,248,10,0,10
S01008104,396,390,6,0,6,251,249,2,0,2,24,24,0,0,0,71,71,0,0,0,156,154,2,0,2,145,141,4,0,4
S01008105,526,518,8,0,8,336,335,1,0,1,26,25,1,0,1,116,116,0,0,0,194,194,0,0,0,190,183,7,0,7
S01008106,377,371,6,0,6,249,246,3,0,3,22,22,0,0,0,187,184,3,0,3,40,40,0,0,0,128,125,3,0,3
S01008107,285,281,4,0,4,244,243,1,0,1,191,191,0,0,0,40,39,1,0,1,13,13,0,0,0,41,38,3,0,3
S01008108,248,244,4,0,4,231,227,4,0,4,76,76,0,0,0,137,135,2,0,2,18,16,2,0,2,17,17,0,0,0
S01008109,332,332,0,0,0,329,329,0,0,0,81,81,0,0,0,222,222,0,0,0,26,26,0,0,0,3,3,0,0,0
S01008110,319,316,3,0,3,313,310,3,0,3,41,41,0,0,0,247,244,3,0,3,25,25,0,0,0,6,6,0,0,0
S01008111,358,349,9,0,9,301,300,1,0,1,133,132,1,0,1,163,163,0,0,0,5,5,0,0,0,57,49,8,0,8
S01008112,324,322,2,1,1,322,320,2,1,1,84,84,0,0,0,234,232,2,1,1,4,4,0,0,0,2,2,0,0,0
S01008113,361,359,2,0,2,303,301,2,0,2,179,177,2,0,2,117,117,0,0,0,7,7,0,0,0,58,58,0,0,0
S01008114,263,262,1,1,0,260,259,1,1,0,87,87,0,0,0,171,170,1,1,0,2,2,0,0,0,3,3,0,0,0
S01008115,372,368,4,0,4,324,322,2,0,2,85,85,0,0,0,178,177,1,0,1,61,60,1,0,1,48,46,2,0,2
S01008116,354,350,4,0,4,346,342,4,0,4,138,136,2,0,2,193,192,1,0,1,15,14,1,0,1,8,8,0,0,0
S01008117,332,329,3,0,3,320,317,3,0,3,173,171,2,0,2,100,99,1,0,1,47,47,0,0,0,12,12,0,0,0
S01008118,369,361,8,0,8,352,345,7,0,7,84,84,0,0,0,142,139,3,0,3,126,122,4,0,4,17,16,1,0,1
S01008119,261,260,1,0,1,216,215,1,0,1,14,13,1,0,1,141,141,0,0,0,61,61,0,0,0,45,45,0,0,0
S01008120,297,288,9,1,8,183,180,3,1,2,80,80,0,0,0,79,77,2,0,2,24,23,1,1,0,114,108,6,0,6
S01008121,271,269,2,0,2,264,262,2,0,2,160,159,1,0,1,100,99,1,0,1,4,4,0,0,0,7,7,0,0,0
S01008122,266,266,0,0,0,206,206,0,0,0,147,147,0,0,0,58,58,0,0,0,1,1,0,0,0,60,60,0,0,0
S01008123,367,366,1,0,1,319,319,0,0,0,198,198,0,0,0,92,92,0,0,0,29,29,0,0,0,48,47,1,0,1
S01008124,308,306,2,0,2,298,296,2,0,2,125,125,0,0,0,171,169,2,0,2,2,2,0,0,0,10,10,0,0,0
S01008125,387,378,9,0,9,303,298,5,0,5,110,108,2,0,2,158,156,2,0,2,35,34,1,0,1,84,80,4,0,4
S01008126,310,308,2,0,2,309,307,2,0,2,133,133,0,0,0,172,170,2,0,2,4,4,0,0,0,1,1,0,0,0
S01008127,194,194,0,0,0,191,191,0,0,0,63,63,0,0,0,118,118,0,0,0,10,10,0,0,0,3,3,0,0,0
S01008128,355,350,5,0,5,327,324,3,0,3,143,142,1,0,1,172,170,2,0,2,12,12,0,0,0,28,26,2,0,2
S01008129,434,426,8,0,8,248,246,2,0,2,14,14,0,0,0,192,190,2,0,2,42,42,0,0,0,186,180,6,0,6
S01008130,472,462,10,1,9,192,188,4,0,4,27,25,2,0,2,108,106,2,0,2,57,57,0,0,0,280,274,6,1,5
S01008131,406,398,8,0,8,138,137,1,0,1,15,15,0,0,0,80,79,1,0,1,43,43,0,0,0,268,261,7,0,7
S01008132,428,423,5,0,5,398,393,5,0,5,176,172,4,0,4,211,211,0,0,0,11,10,1,0,1,30,30,0,0,0
S01008133,347,338,9,0,9,139,138,1,0,1,71,70,1,0,1,39,39,0,0,0,29,29,0,0,0,208,200,8,0,8
S01008134,330,325,5,0,5,96,94,2,0,2,43,43,0,0,0,35,34,1,0,1,18,17,1,0,1,234,231,3,0,3
S01008135,483,478,5,0,5,263,261,2,0,2,118,117,1,0,1,54,54,0,0,0,91,90,1,0,1,220,217,3,0,3
S01008136,454,448,6,0,6,255,251,4,0,4,14,14,0,0,0,156,153,3,0,3,85,84,1,0,1,199,197,2,0,2
S01008137,426,414,12,0,12,137,134,3,0,3,16,15,1,0,1,47,47,0,0,0,74,72,2,0,2,289,280,9,0,9
S01008138,383,374,9,0,9,264,262,2,0,2,22,22,0,0,0,148,146,2,0,2,94,94,0,0,0,119,112,7,0,7
S01008139,399,393,6,0,6,328,322,6,0,6,13,13,0,0,0,165,162,3,0,3,150,147,3,0,3,71,71,0,0,0
S01008140,243,239,4,0,4,116,113,3,0,3,31,31,0,0,0,32,31,1,0,1,53,51,2,0,2,127,126,1,0,1
S01008141,323,318,5,0,5,318,313,5,0,5,67,67,0,0,0,241,236,5,0,5,10,10,0,0,0,5,5,0,0,0
S01008142,296,293,3,0,3,292,289,3,0,3,61,61,0,0,0,211,208,3,0,3,20,20,0,0,0,4,4,0,0,0
S01008143,442,428,14,1,13,309,303,6,1,5,60,59,1,0,1,105,104,1,0,1,144,140,4,1,3,133,125,8,0,8
S01008144,230,229,1,0,1,216,215,1,0,1,98,98,0,0,0,115,114,1,0,1,3,3,0,0,0,14,14,0,0,0
S01008145,341,328,13,0,13,243,233,10,0,10,31,30,1,0,1,117,115,2,0,2,95,88,7,0,7,98,95,3,0,3
S01008146,219,218,1,0,1,137,136,1,0,1,41,40,1,0,1,58,58,0,0,0,38,38,0,0,0,82,82,0,0,0
S01008147,342,339,3,0,3,333,330,3,0,3,19,19,0,0,0,85,84,1,0,1,229,227,2,0,2,9,9,0,0,0
S01008148,329,328,1,0,1,254,254,0,0,0,64,64,0,0,0,140,140,0,0,0,50,50,0,0,0,75,74,1,0,1
S01008149,316,313,3,0,3,232,232,0,0,0,16,16,0,0,0,51,51,0,0,0,165,165,0,0,0,84,81,3,0,3
S01008150,437,428,9,0,9,299,293,6,0,6,7,7,0,0,0,22,22,0,0,0,270,264,6,0,6,138,135,3,0,3
S01008151,324,321,3,0,3,242,240,2,0,2,20,19,1,0,1,21,21,0,0,0,201,200,1,0,1,82,81,1,0,1
S01008152,524,511,13,0,13,397,395,2,0,2,56,55,1,0,1,96,96,0,0,0,245,244,1,0,1,127,116,11,0,11
S01008153,295,295,0,0,0,250,250,0,0,0,172,172,0,0,0,73,73,0,0,0,5,5,0,0,0,45,45,0,0,0
S01008154,359,355,4,0,4,312,309,3,0,3,142,141,1,0,1,153,151,2,0,2,17,17,0,0,0,47,46,1,0,1
S01008155,280,275,5,0,5,256,251,5,0,5,117,116,1,0,1,111,108,3,0,3,28,27,1,0,1,24,24,0,0,0
S01008156,404,391,13,3,10,327,315,12,3,9,156,150,6,3,3,79,79,0,0,0,92,86,6,0,6,77,76,1,0,1
S01008157,297,293,4,1,3,252,249,3,0,3,110,109,1,0,1,93,92,1,0,1,49,48,1,0,1,45,44,1,1,0
S01008158,293,287,6,0,6,271,265,6,0,6,137,135,2,0,2,83,80,3,0,3,51,50,1,0,1,22,22,0,0,0
S01008159,477,461,16,1,15,251,249,2,0,2,51,50,1,0,1,99,99,0,0,0,101,100,1,0,1,226,212,14,1,13
S01008160,403,397,6,0,6,303,298,5,0,5,35,34,1,0,1,131,128,3,0,3,137,136,1,0,1,100,99,1,0,1
S01008161,403,399,4,0,4,378,374,4,0,4,185,184,1,0,1,116,116,0,0,0,77,74,3,0,3,25,25,0,0,0
S01008162,456,430,26,0,26,367,341,26,0,26,104,83,21,0,21,116,114,2,0,2,147,144,3,0,3,89,89,0,0,0
S01008163,332,327,5,1,4,242,238,4,1,3,30,28,2,1,1,95,95,0,0,0,117,115,2,0,2,90,89,1,0,1
S01008164,297,289,8,2,6,136,132,4,2,2,31,29,2,0,2,58,58,0,0,0,47,45,2,2,0,161,157,4,0,4
S01008165,281,266,15,7,8,263,250,13,7,6,154,146,8,3,5,48,44,4,4,0,61,60,1,0,1,18,16,2,0,2
S01008166,230,226,4,1,3,211,208,3,0,3,5,5,0,0,0,134,132,2,0,2,72,71,1,0,1,19,18,1,1,0
S01008167,304,294,10,0,10,196,187,9,0,9,8,8,0,0,0,58,55,3,0,3,130,124,6,0,6,108,107,1,0,1
S01008168,354,349,5,1,4,250,247,3,1,2,26,26,0,0,0,122,122,0,0,0,102,99,3,1,2,104,102,2,0,2
S01008169,329,320,9,0,9,288,279,9,0,9,17,17,0,0,0,125,122,3,0,3,146,140,6,0,6,41,41,0,0,0
S01008170,235,231,4,0,4,209,207,2,0,2,62,62,0,0,0,102,100,2,0,2,45,45,0,0,0,26,24,2,0,2
S01008171,393,373,20,11,9,174,158,16,10,6,2,2,0,0,0,85,79,6,2,4,87,77,10,8,2,219,215,4,1,3
S01008172,257,250,7,6,1,250,243,7,6,1,6,6,0,0,0,170,163,7,6,1,74,74,0,0,0,7,7,0,0,0
S01008173,267,260,7,6,1,263,256,7,6,1,32,32,0,0,0,119,118,1,1,0,112,106,6,5,1,4,4,0,0,0
S01008174,234,226,8,6,2,197,190,7,6,1,17,16,1,1,0,89,87,2,1,1,91,87,4,4,0,37,36,1,0,1
S01008175,383,378,5,0,5,161,160,1,0,1,12,12,0,0,0,57,57,0,0,0,92,91,1,0,1,222,218,4,0,4
S01008176,334,327,7,2,5,191,185,6,1,5,91,89,2,0,2,37,33,4,1,3,63,63,0,0,0,143,142,1,1,0
S01008177,379,371,8,2,6,125,122,3,2,1,24,24,0,0,0,49,49,0,0,0,52,49,3,2,1,254,249,5,0,5
S01008178,283,278,5,2,3,247,245,2,0,2,49,49,0,0,0,124,123,1,0,1,74,73,1,0,1,36,33,3,2,1
S01008179,175,170,5,3,2,170,165,5,3,2,67,66,1,0,1,69,66,3,3,0,34,33,1,0,1,5,5,0,0,0
S01008180,169,167,2,1,1,161,159,2,1,1,97,95,2,1,1,58,58,0,0,0,6,6,0,0,0,8,8,0,0,0
S01008181,292,284,8,2,6,247,241,6,0,6,68,65,3,0,3,89,87,2,0,2,90,89,1,0,1,45,43,2,2,0
S01008182,580,563,17,1,16,95,90,5,0,5,11,9,2,0,2,24,23,1,0,1,60,58,2,0,2,485,473,12,1,11
S01008183,291,282,9,6,3,136,127,9,6,3,8,8,0,0,0,20,20,0,0,0,108,99,9,6,3,155,155,0,0,0
S01008184,500,481,19,3,16,87,81,6,2,4,16,15,1,0,1,34,32,2,0,2,37,34,3,2,1,413,400,13,1,12
S01008185,595,573,22,4,18,77,68,9,0,9,8,8,0,0,0,35,33,2,0,2,34,27,7,0,7,518,505,13,4,9
S01008186,376,366,10,4,6,79,75,4,3,1,12,12,0,0,0,17,17,0,0,0,50,46,4,3,1,297,291,6,1,5
S01008187,294,284,10,0,10,113,112,1,0,1,17,17,0,0,0,49,49,0,0,0,47,46,1,0,1,181,172,9,0,9
S01008188,497,485,12,6,6,90,84,6,5,1,18,18,0,0,0,17,17,0,0,0,55,49,6,5,1,407,401,6,1,5
S01008189,278,271,7,0,7,159,157,2,0,2,33,33,0,0,0,60,60,0,0,0,66,64,2,0,2,119,114,5,0,5
S01008190,374,365,9,5,4,310,302,8,5,3,12,11,1,1,0,143,140,3,2,1,155,151,4,2,2,64,63,1,0,1
S01008191,191,187,4,2,2,170,167,3,2,1,36,36,0,0,0,62,61,1,1,0,72,70,2,1,1,21,20,1,0,1
S01008192,363,360,3,0,3,175,173,2,0,2,20,20,0,0,0,64,64,0,0,0,91,89,2,0,2,188,187,1,0,1
S01008193,342,327,15,9,6,230,218,12,9,3,41,40,1,0,1,55,53,2,2,0,134,125,9,7,2,112,109,3,0,3
S01008194,261,244,17,0,17,149,141,8,0,8,19,19,0,0,0,70,69,1,0,1,60,53,7,0,7,112,103,9,0,9
S01008195,337,331,6,0,6,151,149,2,0,2,6,6,0,0,0,67,66,1,0,1,78,77,1,0,1,186,182,4,0,4
S01008196,339,333,6,0,6,214,212,2,0,2,8,8,0,0,0,102,100,2,0,2,104,104,0,0,0,125,121,4,0,4
S01008197,398,390,8,1,7,277,273,4,1,3,103,101,2,0,2,44,44,0,0,0,130,128,2,1,1,121,117,4,0,4
S01008198,303,300,3,1,2,271,268,3,1,2,20,20,0,0,0,103,103,0,0,0,148,145,3,1,2,32,32,0,0,0
S01008199,311,298,13,9,4,300,287,13,9,4,13,13,0,0,0,121,120,1,0,1,166,154,12,9,3,11,11,0,0,0
S01008200,318,300,18,9,9,260,243,17,9,8,12,11,1,0,1,96,96,0,0,0,152,136,16,9,7,58,57,1,0,1
S01008201,364,354,10,1,9,231,224,7,1,6,16,16,0,0,0,92,91,1,1,0,123,117,6,0,6,133,130,3,0,3
S01008202,265,261,4,2,2,200,198,2,2,0,34,34,0,0,0,111,109,2,2,0,55,55,0,0,0,65,63,2,0,2
S01008203,294,283,11,1,10,83,80,3,1,2,14,12,2,1,1,41,40,1,0,1,28,28,0,0,0,211,203,8,0,8
S01008204,497,480,17,2,15,409,395,14,1,13,31,30,1,0,1,244,237,7,1,6,134,128,6,0,6,88,85,3,1,2
S01008205,279,276,3,0,3,274,271,3,0,3,15,15,0,0,0,166,164,2,0,2,93,92,1,0,1,5,5,0,0,0
S01008206,300,295,5,0,5,237,233,4,0,4,10,10,0,0,0,163,160,3,0,3,64,63,1,0,1,63,62,1,0,1
S01008207,249,246,3,1,2,233,230,3,1,2,8,8,0,0,0,79,78,1,0,1,146,144,2,1,1,16,16,0,0,0
S01008208,352,344,8,1,7,221,219,2,0,2,94,94,0,0,0,94,92,2,0,2,33,33,0,0,0,131,125,6,1,5
S01008209,207,200,7,3,4,182,176,6,3,3,86,83,3,1,2,49,49,0,0,0,47,44,3,2,1,25,24,1,0,1
S01008210,423,417,6,6,0,254,248,6,6,0,44,43,1,1,0,44,44,0,0,0,166,161,5,5,0,169,169,0,0,0
S01008211,440,420,20,5,15,262,248,14,4,10,41,37,4,0,4,77,77,0,0,0,144,134,10,4,6,178,172,6,1,5
S01008212,212,212,0,0,0,210,210,0,0,0,92,92,0,0,0,61,61,0,0,0,57,57,0,0,0,2,2,0,0,0
S01008213,374,370,4,0,4,366,362,4,0,4,164,162,2,0,2,91,91,0,0,0,111,109,2,0,2,8,8,0,0,0
S01008214,364,354,10,3,7,271,263,8,2,6,79,79,0,0,0,57,53,4,0,4,135,131,4,2,2,93,91,2,1,1
S01008215,330,324,6,0,6,279,274,5,0,5,42,42,0,0,0,77,77,0,0,0,160,155,5,0,5,51,50,1,0,1
S01008216,207,205,2,0,2,205,203,2,0,2,42,42,0,0,0,123,121,2,0,2,40,40,0,0,0,2,2,0,0,0
S01008217,235,226,9,5,4,230,222,8,5,3,118,113,5,3,2,76,75,1,1,0,36,34,2,1,1,5,4,1,0,1
S01008218,384,376,8,1,7,371,363,8,1,7,208,204,4,1,3,97,96,1,0,1,66,63,3,0,3,13,13,0,0,0
S01008219,432,424,8,1,7,262,258,4,1,3,125,125,0,0,0,64,63,1,0,1,73,70,3,1,2,170,166,4,0,4
S01008220,234,223,11,6,5,205,198,7,5,2,25,25,0,0,0,88,86,2,0,2,92,87,5,5,0,29,25,4,1,3
S01008221,319,309,10,0,10,78,78,0,0,0,16,16,0,0,0,51,51,0,0,0,11,11,0,0,0,241,231,10,0,10
S01008222,292,287,5,0,5,196,193,3,0,3,21,21,0,0,0,150,148,2,0,2,25,24,1,0,1,96,94,2,0,2
S01008223,284,280,4,1,3,221,217,4,1,3,16,15,1,1,0,107,105,2,0,2,98,97,1,0,1,63,63,0,0,0
S01008224,411,406,5,0,5,396,391,5,0,5,103,101,2,0,2,112,112,0,0,0,181,178,3,0,3,15,15,0,0,0
S01008225,297,290,7,4,3,270,263,7,4,3,21,21,0,0,0,79,76,3,1,2,170,166,4,3,1,27,27,0,0,0
S01008226,396,379,17,11,6,281,265,16,11,5,23,23,0,0,0,105,103,2,1,1,153,139,14,10,4,115,114,1,0,1
S01008227,397,389,8,2,6,294,288,6,2,4,24,24,0,0,0,75,74,1,0,1,195,190,5,2,3,103,101,2,0,2
S01008228,301,279,22,4,18,219,201,18,4,14,165,149,16,3,13,31,31,0,0,0,23,21,2,1,1,82,78,4,0,4
S01008229,304,300,4,1,3,273,269,4,1,3,16,16,0,0,0,71,70,1,0,1,186,183,3,1,2,31,31,0,0,0
S01008230,308,305,3,1,2,287,284,3,1,2,85,84,1,0,1,101,100,1,0,1,101,100,1,1,0,21,21,0,0,0
S01008231,247,243,4,0,4,230,227,3,0,3,181,179,2,0,2,29,28,1,0,1,20,20,0,0,0,17,16,1,0,1
S01008232,265,259,6,0,6,176,174,2,0,2,116,114,2,0,2,40,40,0,0,0,20,20,0,0,0,89,85,4,0,4
S01008233,180,178,2,0,2,164,162,2,0,2,91,89,2,0,2,49,49,0,0,0,24,24,0,0,0,16,16,0,0,0
S01008234,205,187,18,3,15,198,181,17,3,14,25,25,0,0,0,132,129,3,0,3,41,27,14,3,11,7,6,1,0,1
S01008235,375,368,7,2,5,363,356,7,2,5,33,32,1,1,0,249,244,5,1,4,81,80,1,0,1,12,12,0,0,0
S01008236,391,386,5,0,5,316,314,2,0,2,79,79,0,0,0,164,162,2,0,2,73,73,0,0,0,75,72,3,0,3
S01008237,389,376,13,3,10,342,329,13,3,10,75,72,3,2,1,131,126,5,1,4,136,131,5,0,5,47,47,0,0,0
S01008238,345,341,4,0,4,308,304,4,0,4,28,27,1,0,1,154,153,1,0,1,126,124,2,0,2,37,37,0,0,0
S01008239,336,331,5,0,5,331,326,5,0,5,78,75,3,0,3,121,119,2,0,2,132,132,0,0,0,5,5,0,0,0
S01008240,362,358,4,2,2,352,349,3,1,2,226,223,3,1,2,109,109,0,0,0,17,17,0,0,0,10,9,1,1,0
S01008241,274,271,3,2,1,269,266,3,2,1,198,195,3,2,1,39,39,0,0,0,32,32,0,0,0,5,5,0,0,0
S01008242,440,430,10,3,7,431,421,10,3,7,123,120,3,1,2,228,223,5,2,3,80,78,2,0,2,9,9,0,0,0
S01008243,372,361,11,2,9,364,354,10,2,8,155,148,7,2,5,114,112,2,0,2,95,94,1,0,1,8,7,1,0,1
S01008244,277,255,22,7,15,245,227,18,6,12,88,80,8,4,4,84,81,3,1,2,73,66,7,1,6,32,28,4,1,3
S01008245,415,410,5,1,4,398,393,5,1,4,156,155,1,0,1,168,165,3,1,2,74,73,1,0,1,17,17,0,0,0
S01008246,366,353,13,7,6,354,342,12,7,5,250,239,11,7,4,87,86,1,0,1,17,17,0,0,0,12,11,1,0,1
S01008247,333,319,14,7,7,332,318,14,7,7,161,153,8,5,3,120,119,1,0,1,51,46,5,2,3,1,1,0,0,0
S01008248,411,397,14,3,11,386,372,14,3,11,156,149,7,3,4,158,156,2,0,2,72,67,5,0,5,25,25,0,0,0
S01008249,433,401,32,4,28,410,380,30,4,26,178,171,7,3,4,142,134,8,0,8,90,75,15,1,14,23,21,2,0,2
S01008250,472,447,25,6,19,403,381,22,3,19,261,245,16,1,15,84,81,3,0,3,58,55,3,2,1,69,66,3,3,0
S01008251,258,255,3,1,2,254,251,3,1,2,158,155,3,1,2,89,89,0,0,0,7,7,0,0,0,4,4,0,0,0
S01008252,347,338,9,1,8,298,292,6,1,5,183,180,3,0,3,106,103,3,1,2,9,9,0,0,0,49,46,3,0,3
S01008253,381,370,11,0,11,321,312,9,0,9,18,17,1,0,1,205,199,6,0,6,98,96,2,0,2,60,58,2,0,2
S01008254,433,428,5,1,4,352,350,2,0,2,40,40,0,0,0,198,197,1,0,1,114,113,1,0,1,81,78,3,1,2
S01008255,300,292,8,4,4,278,272,6,2,4,52,52,0,0,0,122,121,1,0,1,104,99,5,2,3,22,20,2,2,0
S01008256,390,361,29,9,20,214,205,9,8,1,24,24,0,0,0,90,90,0,0,0,100,91,9,8,1,176,156,20,1,19
S01008257,384,357,27,1,26,169,159,10,1,9,30,27,3,1,2,50,49,1,0,1,89,83,6,0,6,215,198,17,0,17
S01008258,405,401,4,0,4,320,317,3,0,3,81,81,0,0,0,165,163,2,0,2,74,73,1,0,1,85,84,1,0,1
S01008259,402,376,26,6,20,265,259,6,0,6,70,68,2,0,2,104,102,2,0,2,91,89,2,0,2,137,117,20,6,14
S01008260,364,355,9,2,7,254,249,5,1,4,35,35,0,0,0,92,90,2,0,2,127,124,3,1,2,110,106,4,1,3
S01008261,371,368,3,0,3,365,362,3,0,3,18,18,0,0,0,106,106,0,0,0,241,238,3,0,3,6,6,0,0,0
S01008262,262,252,10,2,8,256,246,10,2,8,110,104,6,2,4,105,102,3,0,3,41,40,1,0,1,6,6,0,0,0
S01008263,311,284,27,13,14,199,183,16,8,8,75,68,7,3,4,81,76,5,3,2,43,39,4,2,2,112,101,11,5,6
S01008264,336,330,6,4,2,285,279,6,4,2,47,47,0,0,0,145,143,2,1,1,93,89,4,3,1,51,51,0,0,0
S01008265,351,332,19,11,8,297,283,14,11,3,165,155,10,7,3,75,74,1,1,0,57,54,3,3,0,54,49,5,0,5
S01008266,379,319,60,50,10,338,291,47,37,10,191,171,20,16,4,105,88,17,13,4,42,32,10,8,2,41,28,13,13,0
S01008267,395,350,45,19,26,375,332,43,19,24,166,140,26,9,17,149,144,5,1,4,60,48,12,9,3,20,18,2,0,2
S01008268,433,355,78,76,2,210,191,19,19,0,136,129,7,7,0,51,45,6,6,0,23,17,6,6,0,223,164,59,57,2
S01008269,423,400,23,21,2,288,273,15,13,2,215,207,8,8,0,36,34,2,1,1,37,32,5,4,1,135,127,8,8,0
S01008270,447,394,53,47,6,228,211,17,14,3,131,122,9,8,1,56,51,5,3,2,41,38,3,3,0,219,183,36,33,3
S01008271,492,386,106,96,10,141,102,39,37,2,31,31,0,0,0,33,22,11,10,1,77,49,28,27,1,351,284,67,59,8
S01008272,425,414,11,6,5,357,348,9,5,4,207,200,7,5,2,81,80,1,0,1,69,68,1,0,1,68,66,2,1,1
S01008273,360,346,14,8,6,298,287,11,6,5,175,168,7,5,2,64,61,3,1,2,59,58,1,0,1,62,59,3,2,1
S01008274,326,322,4,2,2,251,249,2,2,0,24,24,0,0,0,107,107,0,0,0,120,118,2,2,0,75,73,2,0,2
S01008275,319,258,61,50,11,154,137,17,13,4,58,56,2,2,0,54,49,5,2,3,42,32,10,9,1,165,121,44,37,7
S01008276,201,199,2,2,0,176,174,2,2,0,132,131,1,1,0,22,21,1,1,0,22,22,0,0,0,25,25,0,0,0
S01008277,244,213,31,30,1,234,208,26,25,1,111,97,14,14,0,53,52,1,1,0,70,59,11,10,1,10,5,5,5,0
S01008278,347,334,13,9,4,328,315,13,9,4,201,192,9,6,3,64,60,4,3,1,63,63,0,0,0,19,19,0,0,0
S01008279,336,331,5,2,3,269,268,1,1,0,75,75,0,0,0,120,120,0,0,0,74,73,1,1,0,67,63,4,1,3
S01008280,458,425,33,15,18,369,343,26,13,13,164,148,16,11,5,104,101,3,1,2,101,94,7,1,6,89,82,7,2,5
S01008281,341,316,25,19,6,323,299,24,18,6,137,132,5,4,1,101,98,3,3,0,85,69,16,11,5,18,17,1,1,0
S01008282,322,299,23,19,4,304,282,22,18,4,140,128,12,10,2,102,96,6,4,2,62,58,4,4,0,18,17,1,1,0
S01008283,193,184,9,6,3,185,176,9,6,3,116,109,7,5,2,37,36,1,0,1,32,31,1,1,0,8,8,0,0,0
S01008284,359,348,11,5,6,351,340,11,5,6,142,135,7,5,2,175,171,4,0,4,34,34,0,0,0,8,8,0,0,0
S01008285,362,355,7,2,5,195,190,5,2,3,41,38,3,2,1,134,133,1,0,1,20,19,1,0,1,167,165,2,0,2
S01008286,311,303,8,2,6,259,253,6,1,5,50,50,0,0,0,121,117,4,1,3,88,86,2,0,2,52,50,2,1,1
S01008287,358,311,47,38,9,272,237,35,30,5,112,88,24,21,3,67,67,0,0,0,93,82,11,9,2,86,74,12,8,4
S01008288,439,413,26,14,12,233,222,11,6,5,71,64,7,3,4,124,124,0,0,0,38,34,4,3,1,206,191,15,8,7
S01008289,353,319,34,15,19,143,133,10,4,6,9,9,0,0,0,43,43,0,0,0,91,81,10,4,6,210,186,24,11,13
S01008290,429,397,32,19,13,196,192,4,4,0,53,51,2,2,0,53,53,0,0,0,90,88,2,2,0,233,205,28,15,13
S01008291,389,369,20,14,6,275,261,14,12,2,183,178,5,3,2,84,76,8,8,0,8,7,1,1,0,114,108,6,2,4
S01008292,310,310,0,0,0,249,249,0,0,0,63,63,0,0,0,169,169,0,0,0,17,17,0,0,0,61,61,0,0,0
S01008293,203,199,4,2,2,201,197,4,2,2,179,175,4,2,2,21,21,0,0,0,1,1,0,0,0,2,2,0,0,0
S01008294,327,326,1,0,1,319,318,1,0,1,194,193,1,0,1,113,113,0,0,0,12,12,0,0,0,8,8,0,0,0
S01008295,388,380,8,0,8,352,347,5,0,5,70,70,0,0,0,176,174,2,0,2,106,103,3,0,3,36,33,3,0,3
S01008296,323,320,3,0,3,253,251,2,0,2,46,44,2,0,2,102,102,0,0,0,105,105,0,0,0,70,69,1,0,1
S01008297,299,295,4,0,4,260,258,2,0,2,153,151,2,0,2,63,63,0,0,0,44,44,0,0,0,39,37,2,0,2
S01008298,312,303,9,0,9,255,251,4,0,4,63,63,0,0,0,64,63,1,0,1,128,125,3,0,3,57,52,5,0,5
S01008299,377,370,7,0,7,168,164,4,0,4,39,39,0,0,0,88,87,1,0,1,41,38,3,0,3,209,206,3,0,3
S01008300,380,377,3,0,3,225,224,1,0,1,55,55,0,0,0,133,132,1,0,1,37,37,0,0,0,155,153,2,0,2
S01008301,320,316,4,0,4,298,294,4,0,4,94,91,3,0,3,144,144,0,0,0,60,59,1,0,1,22,22,0,0,0
S01008302,302,300,2,0,2,298,296,2,0,2,174,172,2,0,2,90,90,0,0,0,34,34,0,0,0,4,4,0,0,0
S01008303,279,272,7,0,7,121,119,2,0,2,63,62,1,0,1,30,29,1,0,1,28,28,0,0,0,158,153,5,0,5
S01008304,218,212,6,1,5,126,124,2,0,2,75,74,1,0,1,47,46,1,0,1,4,4,0,0,0,92,88,4,1,3
S01008305,319,315,4,1,3,302,298,4,1,3,70,70,0,0,0,196,193,3,1,2,36,35,1,0,1,17,17,0,0,0
S01008306,240,239,1,0,1,223,223,0,0,0,17,17,0,0,0,191,191,0,0,0,15,15,0,0,0,17,16,1,0,1
S01008307,217,216,1,0,1,188,187,1,0,1,73,73,0,0,0,72,71,1,0,1,43,43,0,0,0,29,29,0,0,0
S01008308,245,238,7,0,7,240,233,7,0,7,147,142,5,0,5,90,88,2,0,2,3,3,0,0,0,5,5,0,0,0
S01008309,384,372,12,0,12,121,119,2,0,2,37,37,0,0,0,48,46,2,0,2,36,36,0,0,0,263,253,10,0,10
S01008310,472,467,5,0,5,263,262,1,0,1,55,54,1,0,1,157,157,0,0,0,51,51,0,0,0,209,205,4,0,4
S01008311,176,172,4,0,4,113,111,2,0,2,16,16,0,0,0,58,57,1,0,1,39,38,1,0,1,63,61,2,0,2
S01008312,175,171,4,0,4,99,98,1,0,1,37,36,1,0,1,51,51,0,0,0,11,11,0,0,0,76,73,3,0,3
S01008313,415,403,12,0,12,197,191,6,0,6,37,37,0,0,0,62,62,0,0,0,98,92,6,0,6,218,212,6,0,6
S01008314,321,311,10,0,10,68,68,0,0,0,9,9,0,0,0,19,19,0,0,0,40,40,0,0,0,253,243,10,0,10
S01008315,462,450,12,1,11,69,67,2,0,2,16,16,0,0,0,19,18,1,0,1,34,33,1,0,1,393,383,10,1,9
S01008316,273,265,8,0,8,171,166,5,0,5,16,16,0,0,0,106,105,1,0,1,49,45,4,0,4,102,99,3,0,3
S01008317,320,316,4,0,4,184,182,2,0,2,35,34,1,0,1,132,131,1,0,1,17,17,0,0,0,136,134,2,0,2
S01008318,381,368,13,1,12,347,335,12,1,11,152,149,3,1,2,141,132,9,0,9,54,54,0,0,0,34,33,1,0,1
S01008319,383,373,10,1,9,160,159,1,1,0,43,42,1,1,0,94,94,0,0,0,23,23,0,0,0,223,214,9,0,9
S01008320,315,308,7,1,6,248,243,5,1,4,90,87,3,0,3,139,138,1,0,1,19,18,1,1,0,67,65,2,0,2
S01008321,197,195,2,0,2,195,193,2,0,2,88,87,1,0,1,98,97,1,0,1,9,9,0,0,0,2,2,0,0,0
S01008322,502,501,1,0,1,268,267,1,0,1,51,51,0,0,0,131,131,0,0,0,86,85,1,0,1,234,234,0,0,0
S01008323,327,324,3,0,3,201,198,3,0,3,13,13,0,0,0,94,92,2,0,2,94,93,1,0,1,126,126,0,0,0
S01008324,259,254,5,0,5,210,207,3,0,3,18,18,0,0,0,147,144,3,0,3,45,45,0,0,0,49,47,2,0,2
S01008325,302,291,11,0,11,252,242,10,0,10,19,14,5,0,5,147,143,4,0,4,86,85,1,0,1,50,49,1,0,1
S01008326,463,455,8,0,8,284,281,3,0,3,16,16,0,0,0,139,136,3,0,3,129,129,0,0,0,179,174,5,0,5
S01008327,397,386,11,0,11,351,342,9,0,9,23,23,0,0,0,205,201,4,0,4,123,118,5,0,5,46,44,2,0,2
S01008328,246,242,4,0,4,234,230,4,0,4,97,93,4,0,4,119,119,0,0,0,18,18,0,0,0,12,12,0,0,0
S01008329,295,291,4,0,4,288,284,4,0,4,182,178,4,0,4,102,102,0,0,0,4,4,0,0,0,7,7,0,0,0
S01008330,295,290,5,0,5,290,285,5,0,5,135,132,3,0,3,149,147,2,0,2,6,6,0,0,0,5,5,0,0,0
S01008331,247,246,1,0,1,200,199,1,0,1,69,69,0,0,0,52,52,0,0,0,79,78,1,0,1,47,47,0,0,0
S01008332,386,378,8,1,7,277,275,2,0,2,212,211,1,0,1,25,25,0,0,0,40,39,1,0,1,109,103,6,1,5
S01008333,474,454,20,0,20,317,313,4,0,4,190,187,3,0,3,95,95,0,0,0,32,31,1,0,1,157,141,16,0,16
S01008334,332,321,11,2,9,191,186,5,0,5,82,78,4,0,4,96,95,1,0,1,13,13,0,0,0,141,135,6,2,4
S01008335,336,330,6,0,6,220,215,5,0,5,95,95,0,0,0,88,84,4,0,4,37,36,1,0,1,116,115,1,0,1
S01008336,277,268,9,0,9,185,183,2,0,2,69,68,1,0,1,43,43,0,0,0,73,72,1,0,1,92,85,7,0,7
S01008337,373,365,8,2,6,303,297,6,1,5,132,132,0,0,0,45,44,1,1,0,126,121,5,0,5,70,68,2,1,1
S01008338,263,262,1,0,1,255,254,1,0,1,173,173,0,0,0,78,77,1,0,1,4,4,0,0,0,8,8,0,0,0
S01008339,227,227,0,0,0,221,221,0,0,0,98,98,0,0,0,91,91,0,0,0,32,32,0,0,0,6,6,0,0,0
S01008340,317,313,4,1,3,286,283,3,1,2,143,143,0,0,0,86,85,1,0,1,57,55,2,1,1,31,30,1,0,1
S01008341,204,204,0,0,0,203,203,0,0,0,193,193,0,0,0,6,6,0,0,0,4,4,0,0,0,1,1,0,0,0
S01008342,332,327,5,1,4,265,263,2,1,1,80,79,1,0,1,141,140,1,1,0,44,44,0,0,0,67,64,3,0,3
S01008343,333,328,5,1,4,313,310,3,0,3,240,238,2,0,2,71,70,1,0,1,2,2,0,0,0,20,18,2,1,1
S01008344,360,355,5,1,4,240,239,1,0,1,196,195,1,0,1,38,38,0,0,0,6,6,0,0,0,120,116,4,1,3
S01008345,357,350,7,1,6,320,315,5,1,4,282,277,5,1,4,27,27,0,0,0,11,11,0,0,0,37,35,2,0,2
S01008346,362,359,3,0,3,352,349,3,0,3,280,278,2,0,2,70,69,1,0,1,2,2,0,0,0,10,10,0,0,0
S01008347,509,489,20,1,19,250,246,4,0,4,176,173,3,0,3,62,61,1,0,1,12,12,0,0,0,259,243,16,1,15
S01008348,328,326,2,0,2,205,204,1,0,1,149,149,0,0,0,52,51,1,0,1,4,4,0,0,0,123,122,1,0,1
S01008349,319,313,6,0,6,226,220,6,0,6,205,199,6,0,6,13,13,0,0,0,8,8,0,0,0,93,93,0,0,0
S01008350,258,257,1,0,1,220,219,1,0,1,202,201,1,0,1,16,16,0,0,0,2,2,0,0,0,38,38,0,0,0
S01008351,354,347,7,1,6,302,298,4,0,4,214,211,3,0,3,46,45,1,0,1,42,42,0,0,0,52,49,3,1,2
S01008352,252,248,4,1,3,248,244,4,1,3,224,220,4,1,3,23,23,0,0,0,1,1,0,0,0,4,4,0,0,0
S01008353,200,198,2,1,1,142,141,1,0,1,117,116,1,0,1,24,24,0,0,0,1,1,0,0,0,58,57,1,1,0
S01008354,297,286,11,0,11,275,264,11,0,11,182,174,8,0,8,53,52,1,0,1,40,38,2,0,2,22,22,0,0,0
S01008355,308,299,9,1,8,238,232,6,1,5,32,32,0,0,0,117,113,4,1,3,89,87,2,0,2,70,67,3,0,3
S01008356,262,259,3,0,3,234,233,1,0,1,23,23,0,0,0,49,49,0,0,0,162,161,1,0,1,28,26,2,0,2
S01008357,298,296,2,0,2,223,223,0,0,0,101,101,0,0,0,51,51,0,0,0,71,71,0,0,0,75,73,2,0,2
S01008358,360,346,14,0,14,286,276,10,0,10,52,51,1,0,1,110,107,3,0,3,124,118,6,0,6,74,70,4,0,4
S01008359,271,250,21,0,21,225,209,16,0,16,77,72,5,0,5,135,124,11,0,11,13,13,0,0,0,46,41,5,0,5
S01008360,325,319,6,0,6,293,289,4,0,4,172,168,4,0,4,59,59,0,0,0,62,62,0,0,0,32,30,2,0,2
S01008361,204,201,3,0,3,198,195,3,0,3,51,50,1,0,1,119,117,2,0,2,28,28,0,0,0,6,6,0,0,0
S01008362,417,409,8,0,8,355,347,8,0,8,89,88,1,0,1,223,217,6,0,6,43,42,1,0,1,62,62,0,0,0
S01008363,322,320,2,0,2,304,302,2,0,2,149,149,0,0,0,54,53,1,0,1,101,100,1,0,1,18,18,0,0,0
S01008364,329,322,7,0,7,240,237,3,0,3,130,130,0,0,0,67,67,0,0,0,43,40,3,0,3,89,85,4,0,4
S01008365,290,288,2,0,2,260,258,2,0,2,214,212,2,0,2,43,43,0,0,0,3,3,0,0,0,30,30,0,0,0
S01008366,434,424,10,0,10,302,296,6,0,6,41,40,1,0,1,137,136,1,0,1,124,120,4,0,4,132,128,4,0,4
S01008367,378,368,10,0,10,202,198,4,0,4,30,29,1,0,1,80,80,0,0,0,92,89,3,0,3,176,170,6,0,6
S01008368,315,311,4,0,4,191,190,1,0,1,41,41,0,0,0,88,88,0,0,0,62,61,1,0,1,124,121,3,0,3
S01008369,237,235,2,0,2,207,205,2,0,2,41,41,0,0,0,70,69,1,0,1,96,95,1,0,1,30,30,0,0,0
S01008370,310,300,10,1,9,177,174,3,1,2,70,70,0,0,0,45,43,2,1,1,62,61,1,0,1,133,126,7,0,7
S01008371,302,302,0,0,0,301,301,0,0,0,150,150,0,0,0,55,55,0,0,0,96,96,0,0,0,1,1,0,0,0
S01008372,289,288,1,0,1,286,285,1,0,1,60,60,0,0,0,121,120,1,0,1,105,105,0,0,0,3,3,0,0,0
S01008373,269,269,0,0,0,267,267,0,0,0,81,81,0,0,0,178,178,0,0,0,8,8,0,0,0,2,2,0,0,0
S01008374,268,264,4,0,4,227,223,4,0,4,75,72,3,0,3,139,138,1,0,1,13,13,0,0,0,41,41,0,0,0
S01008375,286,285,1,0,1,284,283,1,0,1,152,151,1,0,1,116,116,0,0,0,16,16,0,0,0,2,2,0,0,0
S01008376,214,212,2,0,2,143,143,0,0,0,46,46,0,0,0,67,67,0,0,0,30,30,0,0,0,71,69,2,0,2
S01008377,293,291,2,0,2,228,228,0,0,0,22,22,0,0,0,116,116,0,0,0,90,90,0,0,0,65,63,2,0,2
S01008378,427,421,6,0,6,307,306,1,0,1,84,84,0,0,0,177,176,1,0,1,46,46,0,0,0,120,115,5,0,5
S01008379,208,206,2,0,2,205,203,2,0,2,158,156,2,0,2,40,40,0,0,0,7,7,0,0,0,3,3,0,0,0
S01008380,240,238,2,0,2,238,236,2,0,2,65,64,1,0,1,170,169,1,0,1,3,3,0,0,0,2,2,0,0,0
S01008381,230,229,1,0,1,230,229,1,0,1,16,16,0,0,0,206,206,0,0,0,8,7,1,0,1,0,0,0,0,0
S01008382,260,248,12,0,12,254,243,11,0,11,20,20,0,0,0,189,184,5,0,5,45,39,6,0,6,6,5,1,0,1
S01008383,182,181,1,1,0,167,166,1,1,0,39,39,0,0,0,92,91,1,1,0,36,36,0,0,0,15,15,0,0,0
S01008384,390,387,3,0,3,386,383,3,0,3,105,103,2,0,2,85,84,1,0,1,196,196,0,0,0,4,4,0,0,0
S01008385,254,252,2,0,2,245,243,2,0,2,168,166,2,0,2,62,62,0,0,0,15,15,0,0,0,9,9,0,0,0
S01008386,342,337,5,0,5,338,333,5,0,5,8,8,0,0,0,113,110,3,0,3,217,215,2,0,2,4,4,0,0,0
S01008387,244,241,3,0,3,237,234,3,0,3,3,3,0,0,0,70,70,0,0,0,164,161,3,0,3,7,7,0,0,0
S01008388,243,243,0,0,0,239,239,0,0,0,7,7,0,0,0,39,39,0,0,0,193,193,0,0,0,4,4,0,0,0
S01008389,322,312,10,1,9,192,188,4,0,4,63,62,1,0,1,46,45,1,0,1,83,81,2,0,2,130,124,6,1,5
S01008390,257,255,2,0,2,253,252,1,0,1,129,129,0,0,0,118,117,1,0,1,6,6,0,0,0,4,3,1,0,1
S01008391,360,349,11,1,10,192,191,1,0,1,66,66,0,0,0,38,38,0,0,0,88,87,1,0,1,168,158,10,1,9
S01008392,331,330,1,0,1,274,273,1,0,1,21,21,0,0,0,79,79,0,0,0,174,173,1,0,1,57,57,0,0,0
S01008393,374,369,5,1,4,219,217,2,1,1,16,15,1,0,1,32,31,1,1,0,171,171,0,0,0,155,152,3,0,3
S01008394,278,276,2,0,2,275,273,2,0,2,69,67,2,0,2,32,32,0,0,0,174,174,0,0,0,3,3,0,0,0
S01008395,192,189,3,0,3,179,177,2,0,2,25,25,0,0,0,93,92,1,0,1,61,60,1,0,1,13,12,1,0,1
S01008396,314,303,11,0,11,160,157,3,0,3,32,30,2,0,2,124,123,1,0,1,4,4,0,0,0,154,146,8,0,8
S01008397,347,346,1,0,1,341,340,1,0,1,142,141,1,0,1,151,151,0,0,0,48,48,0,0,0,6,6,0,0,0
S01008398,242,238,4,0,4,200,199,1,0,1,53,53,0,0,0,101,101,0,0,0,46,45,1,0,1,42,39,3,0,3
S01008399,264,257,7,2,5,158,155,3,1,2,52,51,1,1,0,58,56,2,0,2,48,48,0,0,0,106,102,4,1,3
S01008400,264,261,3,0,3,240,238,2,0,2,35,35,0,0,0,201,199,2,0,2,4,4,0,0,0,24,23,1,0,1
S01008401,409,404,5,0,5,318,317,1,0,1,45,45,0,0,0,241,240,1,0,1,32,32,0,0,0,91,87,4,0,4
S01008402,419,415,4,1,3,302,301,1,1,0,193,192,1,1,0,107,107,0,0,0,2,2,0,0,0,117,114,3,0,3
S01008403,218,218,0,0,0,215,215,0,0,0,146,146,0,0,0,67,67,0,0,0,2,2,0,0,0,3,3,0,0,0
S01008404,354,349,5,1,4,299,297,2,0,2,134,133,1,0,1,95,95,0,0,0,70,69,1,0,1,55,52,3,1,2
S01008405,271,266,5,2,3,238,235,3,0,3,87,86,1,0,1,120,118,2,0,2,31,31,0,0,0,33,31,2,2,0
S01008406,474,451,23,2,21,228,226,2,0,2,52,52,0,0,0,132,131,1,0,1,44,43,1,0,1,246,225,21,2,19
S01008407,303,284,19,1,18,151,150,1,0,1,54,53,1,0,1,84,84,0,0,0,13,13,0,0,0,152,134,18,1,17
S01008408,266,265,1,0,1,243,242,1,0,1,10,10,0,0,0,194,193,1,0,1,39,39,0,0,0,23,23,0,0,0
S01008409,406,390,16,0,16,259,254,5,0,5,16,16,0,0,0,177,172,5,0,5,66,66,0,0,0,147,136,11,0,11
S01008410,280,269,11,1,10,213,208,5,1,4,45,44,1,0,1,99,97,2,1,1,69,67,2,0,2,67,61,6,0,6
S01008411,251,247,4,0,4,182,180,2,0,2,13,13,0,0,0,138,136,2,0,2,31,31,0,0,0,69,67,2,0,2
S01008412,275,274,1,0,1,224,223,1,0,1,78,77,1,0,1,83,83,0,0,0,63,63,0,0,0,51,51,0,0,0
S01008413,225,222,3,0,3,160,157,3,0,3,43,43,0,0,0,58,58,0,0,0,59,56,3,0,3,65,65,0,0,0
S01008414,154,152,2,0,2,151,149,2,0,2,41,41,0,0,0,106,104,2,0,2,4,4,0,0,0,3,3,0,0,0
S01008415,353,347,6,0,6,231,228,3,0,3,14,14,0,0,0,195,192,3,0,3,22,22,0,0,0,122,119,3,0,3
S01008416,445,437,8,0,8,219,217,2,0,2,11,11,0,0,0,146,146,0,0,0,62,60,2,0,2,226,220,6,0,6
S01008417,302,299,3,0,3,243,241,2,0,2,155,154,1,0,1,81,80,1,0,1,7,7,0,0,0,59,58,1,0,1
S01008418,317,312,5,1,4,194,191,3,1,2,96,93,3,1,2,88,88,0,0,0,10,10,0,0,0,123,121,2,0,2
S01008419,193,193,0,0,0,131,131,0,0,0,94,94,0,0,0,30,30,0,0,0,7,7,0,0,0,62,62,0,0,0
S01008420,192,190,2,1,1,161,159,2,1,1,73,73,0,0,0,73,72,1,0,1,15,14,1,1,0,31,31,0,0,0
S01008421,404,394,10,4,6,295,288,7,3,4,23,23,0,0,0,74,74,0,0,0,198,191,7,3,4,109,106,3,1,2
S01008422,243,241,2,0,2,217,217,0,0,0,165,165,0,0,0,33,33,0,0,0,19,19,0,0,0,26,24,2,0,2
S01008423,415,398,17,2,15,375,360,15,2,13,298,288,10,2,8,44,43,1,0,1,33,29,4,0,4,40,38,2,0,2
S01008424,339,338,1,0,1,333,332,1,0,1,306,305,1,0,1,19,19,0,0,0,8,8,0,0,0,6,6,0,0,0
S01008425,416,409,7,1,6,408,401,7,1,6,84,82,2,1,1,248,246,2,0,2,76,73,3,0,3,8,8,0,0,0
S01008426,266,264,2,0,2,259,257,2,0,2,8,8,0,0,0,114,113,1,0,1,137,136,1,0,1,7,7,0,0,0
S01008427,399,397,2,0,2,392,390,2,0,2,99,99,0,0,0,233,232,1,0,1,60,59,1,0,1,7,7,0,0,0
S01008428,318,316,2,0,2,239,238,1,0,1,52,52,0,0,0,116,115,1,0,1,71,71,0,0,0,79,78,1,0,1
S01008429,355,352,3,0,3,344,342,2,0,2,133,132,1,0,1,176,175,1,0,1,35,35,0,0,0,11,10,1,0,1
S01008430,282,276,6,0,6,243,239,4,0,4,104,104,0,0,0,89,89,0,0,0,50,46,4,0,4,39,37,2,0,2
S01008431,356,352,4,0,4,310,306,4,0,4,121,119,2,0,2,186,184,2,0,2,3,3,0,0,0,46,46,0,0,0
S01008432,299,293,6,0,6,272,267,5,0,5,135,134,1,0,1,124,122,2,0,2,13,11,2,0,2,27,26,1,0,1
S01008433,349,348,1,0,1,325,324,1,0,1,51,51,0,0,0,212,211,1,0,1,62,62,0,0,0,24,24,0,0,0
S01008434,326,322,4,0,4,311,307,4,0,4,73,72,1,0,1,210,208,2,0,2,28,27,1,0,1,15,15,0,0,0
S01008435,302,301,1,0,1,298,297,1,0,1,105,104,1,0,1,175,175,0,0,0,18,18,0,0,0,4,4,0,0,0
S01008436,360,356,4,1,3,255,252,3,0,3,109,107,2,0,2,114,114,0,0,0,32,31,1,0,1,105,104,1,1,0
S01008437,383,367,16,2,14,193,189,4,1,3,76,76,0,0,0,52,50,2,0,2,65,63,2,1,1,190,178,12,1,11
S01008438,200,189,11,5,6,154,146,8,5,3,73,71,2,1,1,41,40,1,0,1,40,35,5,4,1,46,43,3,0,3
S01008439,440,434,6,5,1,392,386,6,5,1,247,245,2,1,1,81,80,1,1,0,64,61,3,3,0,48,48,0,0,0
S01008440,415,403,12,3,9,364,352,12,3,9,260,249,11,3,8,69,68,1,0,1,35,35,0,0,0,51,51,0,0,0
S01008441,188,186,2,0,2,184,182,2,0,2,90,90,0,0,0,64,62,2,0,2,30,30,0,0,0,4,4,0,0,0
S01008442,314,303,11,2,9,181,176,5,0,5,77,75,2,0,2,63,61,2,0,2,41,40,1,0,1,133,127,6,2,4
S01008443,254,252,2,1,1,216,215,1,1,0,170,169,1,1,0,34,34,0,0,0,12,12,0,0,0,38,37,1,0,1
S01008444,269,260,9,0,9,204,195,9,0,9,80,74,6,0,6,77,74,3,0,3,47,47,0,0,0,65,65,0,0,0
S01008445,422,403,19,0,19,226,209,17,0,17,56,54,2,0,2,146,137,9,0,9,24,18,6,0,6,196,194,2,0,2
S01008446,334,323,11,1,10,308,305,3,0,3,149,147,2,0,2,151,150,1,0,1,8,8,0,0,0,26,18,8,1,7
S01008447,291,286,5,1,4,238,235,3,0,3,128,126,2,0,2,95,94,1,0,1,15,15,0,0,0,53,51,2,1,1
S01008448,319,315,4,4,0,266,262,4,4,0,202,198,4,4,0,57,57,0,0,0,7,7,0,0,0,53,53,0,0,0
S01008449,357,351,6,2,4,118,116,2,2,0,11,11,0,0,0,56,56,0,0,0,51,49,2,2,0,239,235,4,0,4
S01008450,257,256,1,0,1,30,30,0,0,0,5,5,0,0,0,22,22,0,0,0,3,3,0,0,0,227,226,1,0,1
S01008451,335,325,10,0,10,47,47,0,0,0,6,6,0,0,0,21,21,0,0,0,20,20,0,0,0,288,278,10,0,10
S01008452,272,271,1,0,1,19,19,0,0,0,2,2,0,0,0,10,10,0,0,0,7,7,0,0,0,253,252,1,0,1
S01008453,217,215,2,0,2,22,22,0,0,0,3,3,0,0,0,6,6,0,0,0,13,13,0,0,0,195,193,2,0,2
S01008454,400,393,7,0,7,199,198,1,0,1,14,14,0,0,0,82,82,0,0,0,103,102,1,0,1,201,195,6,0,6
S01008455,503,501,2,0,2,12,12,0,0,0,2,2,0,0,0,4,4,0,0,0,6,6,0,0,0,491,489,2,0,2
S01008456,533,528,5,0,5,19,19,0,0,0,5,5,0,0,0,8,8,0,0,0,6,6,0,0,0,514,509,5,0,5
S01008457,393,353,40,1,39,19,18,1,1,0,3,3,0,0,0,11,11,0,0,0,5,4,1,1,0,374,335,39,0,39
S01008458,442,428,14,2,12,205,192,13,2,11,13,13,0,0,0,91,86,5,0,5,101,93,8,2,6,237,236,1,0,1
S01008459,398,393,5,0,5,30,29,1,0,1,3,3,0,0,0,17,17,0,0,0,10,9,1,0,1,368,364,4,0,4
S01008460,378,368,10,1,9,56,54,2,0,2,6,5,1,0,1,20,19,1,0,1,30,30,0,0,0,322,314,8,1,7
S01008461,455,450,5,1,4,56,56,0,0,0,10,10,0,0,0,18,18,0,0,0,28,28,0,0,0,399,394,5,1,4
S01008462,357,349,8,0,8,58,58,0,0,0,5,5,0,0,0,19,19,0,0,0,34,34,0,0,0,299,291,8,0,8
S01008463,362,355,7,1,6,36,36,0,0,0,7,7,0,0,0,20,20,0,0,0,9,9,0,0,0,326,319,7,1,6
S01008464,416,413,3,0,3,62,62,0,0,0,3,3,0,0,0,27,27,0,0,0,32,32,0,0,0,354,351,3,0,3
S01008465,358,346,12,0,12,82,71,11,0,11,2,2,0,0,0,48,40,8,0,8,32,29,3,0,3,276,275,1,0,1
S01008466,321,318,3,0,3,63,63,0,0,0,3,3,0,0,0,31,31,0,0,0,29,29,0,0,0,258,255,3,0,3
S01008467,332,330,2,0,2,69,68,1,0,1,3,3,0,0,0,35,34,1,0,1,31,31,0,0,0,263,262,1,0,1
S01008468,239,232,7,6,1,85,79,6,5,1,2,1,1,0,1,27,27,0,0,0,56,51,5,5,0,154,153,1,1,0
S01008469,231,229,2,1,1,174,172,2,1,1,27,27,0,0,0,68,68,0,0,0,79,77,2,1,1,57,57,0,0,0
S01008470,311,298,13,12,1,157,144,13,12,1,13,13,0,0,0,52,51,1,1,0,92,80,12,11,1,154,154,0,0,0
S01008471,350,347,3,2,1,62,60,2,2,0,7,7,0,0,0,28,28,0,0,0,27,25,2,2,0,288,287,1,0,1
S01008472,279,277,2,0,2,148,147,1,0,1,16,16,0,0,0,67,66,1,0,1,65,65,0,0,0,131,130,1,0,1
S01008473,307,307,0,0,0,125,125,0,0,0,7,7,0,0,0,66,66,0,0,0,52,52,0,0,0,182,182,0,0,0
S01008474,447,440,7,0,7,86,82,4,0,4,7,7,0,0,0,39,38,1,0,1,40,37,3,0,3,361,358,3,0,3
S01008475,334,327,7,0,7,42,42,0,0,0,1,1,0,0,0,10,10,0,0,0,31,31,0,0,0,292,285,7,0,7
S01008476,417,406,11,1,10,25,25,0,0,0,1,1,0,0,0,8,8,0,0,0,16,16,0,0,0,392,381,11,1,10
S01008477,480,465,15,0,15,28,28,0,0,0,1,1,0,0,0,9,9,0,0,0,18,18,0,0,0,452,437,15,0,15
S01008478,453,439,14,1,13,30,30,0,0,0,5,5,0,0,0,11,11,0,0,0,14,14,0,0,0,423,409,14,1,13
S01008479,424,407,17,0,17,43,43,0,0,0,6,6,0,0,0,12,12,0,0,0,25,25,0,0,0,381,364,17,0,17
S01008480,280,279,1,1,0,82,82,0,0,0,5,5,0,0,0,48,48,0,0,0,29,29,0,0,0,198,197,1,1,0
S01008481,374,373,1,0,1,289,289,0,0,0,22,22,0,0,0,120,120,0,0,0,147,147,0,0,0,85,84,1,0,1
S01008482,322,316,6,0,6,182,179,3,0,3,12,12,0,0,0,55,55,0,0,0,115,112,3,0,3,140,137,3,0,3
S01008483,337,327,10,3,7,85,80,5,3,2,10,9,1,0,1,13,13,0,0,0,62,58,4,3,1,252,247,5,0,5
S01008484,351,342,9,0,9,189,184,5,0,5,43,42,1,0,1,112,112,0,0,0,34,30,4,0,4,162,158,4,0,4
S01008485,425,408,17,1,16,265,253,12,0,12,6,5,1,0,1,155,148,7,0,7,104,100,4,0,4,160,155,5,1,4
S01008486,464,459,5,0,5,207,205,2,0,2,22,20,2,0,2,83,83,0,0,0,102,102,0,0,0,257,254,3,0,3
S01008487,423,417,6,1,5,73,73,0,0,0,18,18,0,0,0,15,15,0,0,0,40,40,0,0,0,350,344,6,1,5
S01008488,428,416,12,0,12,25,25,0,0,0,3,3,0,0,0,11,11,0,0,0,11,11,0,0,0,403,391,12,0,12
S01008489,309,305,4,1,3,88,88,0,0,0,22,22,0,0,0,18,18,0,0,0,48,48,0,0,0,221,217,4,1,3
S01008490,547,528,19,1,18,48,45,3,0,3,9,9,0,0,0,9,9,0,0,0,30,27,3,0,3,499,483,16,1,15
S01008491,507,487,20,1,19,18,18,0,0,0,5,5,0,0,0,3,3,0,0,0,10,10,0,0,0,489,469,20,1,19
S01008492,527,515,12,4,8,15,15,0,0,0,2,2,0,0,0,7,7,0,0,0,6,6,0,0,0,512,500,12,4,8
S01008493,430,420,10,1,9,63,61,2,0,2,5,4,1,0,1,40,39,1,0,1,18,18,0,0,0,367,359,8,1,7
S01008494,420,409,11,0,11,21,20,1,0,1,2,2,0,0,0,9,9,0,0,0,10,9,1,0,1,399,389,10,0,10
S01008495,611,589,22,1,21,9,9,0,0,0,1,1,0,0,0,2,2,0,0,0,6,6,0,0,0,602,580,22,1,21
S01008496,686,676,10,2,8,9,9,0,0,0,0,0,0,0,0,0,0,0,0,0,9,9,0,0,0,677,667,10,2,8
S01008497,582,572,10,0,10,24,24,0,0,0,0,0,0,0,0,2,2,0,0,0,22,22,0,0,0,558,548,10,0,10
S01008498,533,525,8,0,8,23,23,0,0,0,4,4,0,0,0,7,7,0,0,0,12,12,0,0,0,510,502,8,0,8
S01008499,603,591,12,2,10,9,9,0,0,0,2,2,0,0,0,3,3,0,0,0,4,4,0,0,0,594,582,12,2,10
S01008500,209,209,0,0,0,5,5,0,0,0,0,0,0,0,0,1,1,0,0,0,4,4,0,0,0,204,204,0,0,0
S01008501,321,316,5,0,5,10,10,0,0,0,3,3,0,0,0,3,3,0,0,0,4,4,0,0,0,311,306,5,0,5
S01008502,384,373,11,1,10,8,8,0,0,0,0,0,0,0,0,1,1,0,0,0,7,7,0,0,0,376,365,11,1,10
S01008503,447,443,4,0,4,50,49,1,0,1,2,2,0,0,0,2,2,0,0,0,46,45,1,0,1,397,394,3,0,3
S01008504,553,543,10,4,6,135,132,3,1,2,12,12,0,0,0,14,14,0,0,0,109,106,3,1,2,418,411,7,3,4
S01008505,336,330,6,0,6,120,117,3,0,3,3,3,0,0,0,2,1,1,0,1,115,113,2,0,2,216,213,3,0,3
S01008506,454,442,12,1,11,66,66,0,0,0,16,16,0,0,0,23,23,0,0,0,27,27,0,0,0,388,376,12,1,11
S01008507,393,386,7,0,7,75,73,2,0,2,5,5,0,0,0,11,11,0,0,0,59,57,2,0,2,318,313,5,0,5
S01008508,362,358,4,3,1,230,228,2,1,1,49,49,0,0,0,57,57,0,0,0,124,122,2,1,1,132,130,2,2,0
S01008509,529,509,20,10,10,173,170,3,0,3,18,18,0,0,0,57,56,1,0,1,98,96,2,0,2,356,339,17,10,7
S01008510,395,390,5,0,5,307,305,2,0,2,156,156,0,0,0,80,79,1,0,1,71,70,1,0,1,88,85,3,0,3
S01008511,366,358,8,0,8,305,301,4,0,4,234,232,2,0,2,62,60,2,0,2,9,9,0,0,0,61,57,4,0,4
S01008512,210,201,9,2,7,188,181,7,2,5,124,119,5,2,3,62,60,2,0,2,2,2,0,0,0,22,20,2,0,2
S01008513,264,258,6,2,4,246,240,6,2,4,188,183,5,2,3,50,49,1,0,1,8,8,0,0,0,18,18,0,0,0
S01008514,421,397,24,3,21,216,210,6,1,5,72,70,2,1,1,27,27,0,0,0,117,113,4,0,4,205,187,18,2,16
S01008515,306,297,9,1,8,177,173,4,0,4,5,5,0,0,0,58,58,0,0,0,114,110,4,0,4,129,124,5,1,4
S01008516,620,592,28,12,16,19,17,2,0,2,4,4,0,0,0,9,8,1,0,1,6,5,1,0,1,601,575,26,12,14
S01008517,479,463,16,3,13,39,38,1,0,1,7,7,0,0,0,17,17,0,0,0,15,14,1,0,1,440,425,15,3,12
S01008518,387,378,9,2,7,176,175,1,0,1,15,15,0,0,0,18,18,0,0,0,143,142,1,0,1,211,203,8,2,6
S01008519,336,324,12,0,12,200,199,1,0,1,31,31,0,0,0,15,14,1,0,1,154,154,0,0,0,136,125,11,0,11
S01008520,434,433,1,1,0,362,361,1,1,0,215,214,1,1,0,64,64,0,0,0,83,83,0,0,0,72,72,0,0,0
S01008521,347,338,9,0,9,331,322,9,0,9,250,243,7,0,7,73,71,2,0,2,8,8,0,0,0,16,16,0,0,0
S01008522,234,228,6,1,5,130,130,0,0,0,66,66,0,0,0,12,12,0,0,0,52,52,0,0,0,104,98,6,1,5
S01008523,446,434,12,6,6,149,146,3,1,2,45,43,2,0,2,14,14,0,0,0,90,89,1,1,0,297,288,9,5,4
S01008524,457,442,15,0,15,92,90,2,0,2,3,3,0,0,0,47,46,1,0,1,42,41,1,0,1,365,352,13,0,13
S01008525,386,380,6,0,6,161,157,4,0,4,13,13,0,0,0,51,51,0,0,0,97,93,4,0,4,225,223,2,0,2
S01008526,458,448,10,2,8,117,111,6,1,5,7,7,0,0,0,36,35,1,0,1,74,69,5,1,4,341,337,4,1,3
S01008527,340,333,7,1,6,44,43,1,0,1,3,3,0,0,0,20,19,1,0,1,21,21,0,0,0,296,290,6,1,5
S01008528,305,304,1,0,1,42,42,0,0,0,6,6,0,0,0,25,25,0,0,0,11,11,0,0,0,263,262,1,0,1
S01008529,353,349,4,0,4,207,204,3,0,3,16,16,0,0,0,80,78,2,0,2,111,110,1,0,1,146,145,1,0,1
S01008530,376,369,7,2,5,31,29,2,1,1,2,1,1,1,0,9,9,0,0,0,20,19,1,0,1,345,340,5,1,4
S01008531,404,394,10,1,9,92,91,1,0,1,10,10,0,0,0,55,54,1,0,1,27,27,0,0,0,312,303,9,1,8
S01008532,217,213,4,0,4,149,147,2,0,2,6,6,0,0,0,35,35,0,0,0,108,106,2,0,2,68,66,2,0,2
S01008533,203,179,24,0,24,184,161,23,0,23,17,16,1,0,1,104,95,9,0,9,63,50,13,0,13,19,18,1,0,1
S01008534,291,274,17,1,16,257,250,7,1,6,102,98,4,1,3,97,96,1,0,1,58,56,2,0,2,34,24,10,0,10
S01008535,286,284,2,0,2,277,275,2,0,2,203,202,1,0,1,73,72,1,0,1,1,1,0,0,0,9,9,0,0,0
S01008536,271,263,8,0,8,218,216,2,0,2,123,121,2,0,2,78,78,0,0,0,17,17,0,0,0,53,47,6,0,6
S01008537,282,280,2,0,2,276,274,2,0,2,197,195,2,0,2,78,78,0,0,0,1,1,0,0,0,6,6,0,0,0
S01008538,245,242,3,0,3,241,238,3,0,3,218,216,2,0,2,21,20,1,0,1,2,2,0,0,0,4,4,0,0,0
S01008539,349,346,3,0,3,260,260,0,0,0,172,172,0,0,0,63,63,0,0,0,25,25,0,0,0,89,86,3,0,3
S01008540,381,373,8,0,8,365,357,8,0,8,197,193,4,0,4,139,137,2,0,2,29,27,2,0,2,16,16,0,0,0
S01008541,323,323,0,0,0,310,310,0,0,0,108,108,0,0,0,140,140,0,0,0,62,62,0,0,0,13,13,0,0,0
S01008542,337,337,0,0,0,327,327,0,0,0,179,179,0,0,0,100,100,0,0,0,48,48,0,0,0,10,10,0,0,0
S01008543,259,259,0,0,0,252,252,0,0,0,84,84,0,0,0,124,124,0,0,0,44,44,0,0,0,7,7,0,0,0
S01008544,217,216,1,0,1,198,198,0,0,0,123,123,0,0,0,42,42,0,0,0,33,33,0,0,0,19,18,1,0,1
S01008545,339,334,5,2,3,296,291,5,2,3,249,244,5,2,3,23,23,0,0,0,24,24,0,0,0,43,43,0,0,0
S01008546,343,337,6,2,4,338,332,6,2,4,254,251,3,1,2,79,76,3,1,2,5,5,0,0,0,5,5,0,0,0
S01008547,430,424,6,2,4,410,405,5,1,4,142,141,1,1,0,177,176,1,0,1,91,88,3,0,3,20,19,1,1,0
S01008548,356,347,9,0,9,287,280,7,0,7,81,78,3,0,3,137,133,4,0,4,69,69,0,0,0,69,67,2,0,2
S01008549,450,439,11,0,11,352,346,6,0,6,126,126,0,0,0,142,141,1,0,1,84,79,5,0,5,98,93,5,0,5
S01008550,348,346,2,1,1,286,284,2,1,1,103,103,0,0,0,111,109,2,1,1,72,72,0,0,0,62,62,0,0,0
S01008551,502,496,6,1,5,336,330,6,1,5,66,63,3,0,3,114,112,2,1,1,156,155,1,0,1,166,166,0,0,0
S01008552,385,383,2,1,1,329,327,2,1,1,169,168,1,1,0,78,77,1,0,1,82,82,0,0,0,56,56,0,0,0
S01008553,250,244,6,0,6,240,234,6,0,6,78,74,4,0,4,123,122,1,0,1,39,38,1,0,1,10,10,0,0,0
S01008554,369,368,1,0,1,282,282,0,0,0,27,27,0,0,0,208,208,0,0,0,47,47,0,0,0,87,86,1,0,1
S01008555,535,528,7,0,7,154,151,3,0,3,14,14,0,0,0,57,56,1,0,1,83,81,2,0,2,381,377,4,0,4
S01008556,356,346,10,0,10,190,184,6,0,6,7,7,0,0,0,68,67,1,0,1,115,110,5,0,5,166,162,4,0,4
S01008557,434,429,5,0,5,276,274,2,0,2,35,35,0,0,0,126,124,2,0,2,115,115,0,0,0,158,155,3,0,3
S01008558,439,433,6,1,5,221,219,2,0,2,14,14,0,0,0,63,62,1,0,1,144,143,1,0,1,218,214,4,1,3
S01008559,301,295,6,0,6,248,242,6,0,6,6,6,0,0,0,125,125,0,0,0,117,111,6,0,6,53,53,0,0,0
S01008560,300,295,5,0,5,241,236,5,0,5,18,17,1,0,1,145,142,3,0,3,78,77,1,0,1,59,59,0,0,0
S01008561,281,277,4,1,3,248,244,4,1,3,11,11,0,0,0,77,76,1,1,0,160,157,3,0,3,33,33,0,0,0
S01008562,349,344,5,0,5,172,170,2,0,2,11,11,0,0,0,89,88,1,0,1,72,71,1,0,1,177,174,3,0,3
S01008563,377,369,8,0,8,141,139,2,0,2,35,35,0,0,0,45,45,0,0,0,61,59,2,0,2,236,230,6,0,6
S01008564,323,315,8,1,7,246,243,3,0,3,14,14,0,0,0,53,53,0,0,0,179,176,3,0,3,77,72,5,1,4
S01008565,419,414,5,0,5,292,288,4,0,4,42,41,1,0,1,83,83,0,0,0,167,164,3,0,3,127,126,1,0,1
S01008566,436,433,3,0,3,368,365,3,0,3,21,21,0,0,0,191,191,0,0,0,156,153,3,0,3,68,68,0,0,0
S01008567,295,289,6,0,6,257,251,6,0,6,22,22,0,0,0,177,173,4,0,4,58,56,2,0,2,38,38,0,0,0
S01008568,359,350,9,2,7,330,322,8,1,7,39,39,0,0,0,157,152,5,0,5,134,131,3,1,2,29,28,1,1,0
S01008569,415,400,15,1,14,23,23,0,0,0,8,8,0,0,0,11,11,0,0,0,4,4,0,0,0,392,377,15,1,14
S01008570,426,426,0,0,0,235,235,0,0,0,45,45,0,0,0,131,131,0,0,0,59,59,0,0,0,191,191,0,0,0
S01008571,327,323,4,0,4,253,250,3,0,3,46,45,1,0,1,120,118,2,0,2,87,87,0,0,0,74,73,1,0,1
S01008572,352,346,6,1,5,267,266,1,0,1,41,40,1,0,1,85,85,0,0,0,141,141,0,0,0,85,80,5,1,4
S01008573,323,321,2,0,2,271,270,1,0,1,144,143,1,0,1,117,117,0,0,0,10,10,0,0,0,52,51,1,0,1
S01008574,295,293,2,2,0,245,243,2,2,0,103,103,0,0,0,74,73,1,1,0,68,67,1,1,0,50,50,0,0,0
S01008575,336,335,1,0,1,249,248,1,0,1,163,163,0,0,0,54,54,0,0,0,32,31,1,0,1,87,87,0,0,0
S01008576,388,386,2,0,2,250,249,1,0,1,77,77,0,0,0,77,77,0,0,0,96,95,1,0,1,138,137,1,0,1
S01008577,373,363,10,2,8,275,271,4,1,3,102,100,2,0,2,164,162,2,1,1,9,9,0,0,0,98,92,6,1,5
S01008578,294,291,3,0,3,257,255,2,0,2,72,72,0,0,0,166,165,1,0,1,19,18,1,0,1,37,36,1,0,1
S01008579,309,301,8,1,7,269,262,7,1,6,134,132,2,0,2,118,113,5,1,4,17,17,0,0,0,40,39,1,0,1
S01008580,263,261,2,0,2,209,208,1,0,1,50,50,0,0,0,43,43,0,0,0,116,115,1,0,1,54,53,1,0,1
S01008581,473,464,9,1,8,248,243,5,1,4,8,8,0,0,0,61,61,0,0,0,179,174,5,1,4,225,221,4,0,4
S01008582,494,486,8,0,8,278,275,3,0,3,24,24,0,0,0,73,71,2,0,2,181,180,1,0,1,216,211,5,0,5
S01008583,355,352,3,0,3,176,174,2,0,2,7,7,0,0,0,60,59,1,0,1,109,108,1,0,1,179,178,1,0,1
S01008584,400,394,6,2,4,178,175,3,2,1,12,12,0,0,0,44,44,0,0,0,122,119,3,2,1,222,219,3,0,3
S01008585,250,249,1,1,0,135,135,0,0,0,4,4,0,0,0,54,54,0,0,0,77,77,0,0,0,115,114,1,1,0
S01008586,367,360,7,0,7,270,265,5,0,5,17,17,0,0,0,99,97,2,0,2,154,151,3,0,3,97,95,2,0,2
S01008587,321,316,5,2,3,220,215,5,2,3,154,150,4,1,3,41,41,0,0,0,25,24,1,1,0,101,101,0,0,0
S01008588,351,344,7,0,7,139,135,4,0,4,23,23,0,0,0,39,38,1,0,1,77,74,3,0,3,212,209,3,0,3
S01008589,180,172,8,7,1,96,92,4,4,0,11,10,1,1,0,29,29,0,0,0,56,53,3,3,0,84,80,4,3,1
S01008590,441,413,28,7,21,88,88,0,0,0,6,6,0,0,0,28,28,0,0,0,54,54,0,0,0,353,325,28,7,21
S01008591,335,327,8,1,7,142,138,4,0,4,7,7,0,0,0,63,60,3,0,3,72,71,1,0,1,193,189,4,1,3
S01008592,374,356,18,0,18,193,190,3,0,3,18,18,0,0,0,67,66,1,0,1,108,106,2,0,2,181,166,15,0,15
S01008593,313,309,4,2,2,194,193,1,0,1,24,24,0,0,0,95,94,1,0,1,75,75,0,0,0,119,116,3,2,1
S01008594,437,428,9,4,5,165,160,5,3,2,36,36,0,0,0,89,84,5,3,2,40,40,0,0,0,272,268,4,1,3
S01008595,516,508,8,2,6,144,142,2,0,2,13,13,0,0,0,96,96,0,0,0,35,33,2,0,2,372,366,6,2,4
S01008596,463,455,8,0,8,65,63,2,0,2,9,8,1,0,1,19,19,0,0,0,37,36,1,0,1,398,392,6,0,6
S01008597,391,388,3,2,1,331,330,1,0,1,155,155,0,0,0,97,97,0,0,0,79,78,1,0,1,60,58,2,2,0
S01008598,331,329,2,0,2,55,55,0,0,0,11,11,0,0,0,20,20,0,0,0,24,24,0,0,0,276,274,2,0,2
S01008599,371,366,5,0,5,141,139,2,0,2,27,26,1,0,1,79,78,1,0,1,35,35,0,0,0,230,227,3,0,3
S01008600,313,306,7,2,5,114,111,3,0,3,25,24,1,0,1,64,62,2,0,2,25,25,0,0,0,199,195,4,2,2
S01008601,329,314,15,1,14,55,55,0,0,0,7,7,0,0,0,26,26,0,0,0,22,22,0,0,0,274,259,15,1,14
S01008602,331,323,8,5,3,21,21,0,0,0,2,2,0,0,0,8,8,0,0,0,11,11,0,0,0,310,302,8,5,3
S01008603,558,544,14,4,10,11,10,1,0,1,1,1,0,0,0,3,3,0,0,0,7,6,1,0,1,547,534,13,4,9
S01008604,430,418,12,8,4,93,88,5,3,2,23,23,0,0,0,27,24,3,1,2,43,41,2,2,0,337,330,7,5,2
S01008605,339,337,2,0,2,51,51,0,0,0,16,16,0,0,0,23,23,0,0,0,12,12,0,0,0,288,286,2,0,2
S01008606,295,287,8,5,3,124,122,2,2,0,10,10,0,0,0,45,43,2,2,0,69,69,0,0,0,171,165,6,3,3
S01008607,291,283,8,1,7,151,147,4,1,3,58,54,4,1,3,67,67,0,0,0,26,26,0,0,0,140,136,4,0,4
S01008608,332,326,6,3,3,82,79,3,2,1,21,20,1,1,0,28,27,1,1,0,33,32,1,0,1,250,247,3,1,2
S01008609,421,410,11,2,9,162,160,2,0,2,69,69,0,0,0,52,50,2,0,2,41,41,0,0,0,259,250,9,2,7
S01008610,433,416,17,7,10,97,95,2,1,1,58,57,1,0,1,30,30,0,0,0,9,8,1,1,0,336,321,15,6,9
S01008611,602,592,10,2,8,71,71,0,0,0,12,12,0,0,0,46,46,0,0,0,13,13,0,0,0,531,521,10,2,8
S01008612,387,376,11,1,10,10,10,0,0,0,4,4,0,0,0,4,4,0,0,0,2,2,0,0,0,377,366,11,1,10
S01008613,375,371,4,3,1,83,82,1,1,0,19,19,0,0,0,46,45,1,1,0,18,18,0,0,0,292,289,3,2,1
S01008614,317,307,10,1,9,27,24,3,0,3,2,2,0,0,0,10,10,0,0,0,15,12,3,0,3,290,283,7,1,6
S01008615,335,331,4,2,2,35,33,2,1,1,4,4,0,0,0,14,14,0,0,0,17,15,2,1,1,300,298,2,1,1
S01008616,260,259,1,1,0,6,6,0,0,0,0,0,0,0,0,4,4,0,0,0,2,2,0,0,0,254,253,1,1,0
S01008617,288,281,7,4,3,23,23,0,0,0,3,3,0,0,0,2,2,0,0,0,18,18,0,0,0,265,258,7,4,3
S01008618,273,267,6,0,6,7,7,0,0,0,2,2,0,0,0,2,2,0,0,0,3,3,0,0,0,266,260,6,0,6
S01008619,209,203,6,0,6,2,2,0,0,0,1,1,0,0,0,0,0,0,0,0,1,1,0,0,0,207,201,6,0,6
S01008620,296,290,6,2,4,5,5,0,0,0,2,2,0,0,0,1,1,0,0,0,2,2,0,0,0,291,285,6,2,4
S01008621,281,272,9,5,4,11,7,4,3,1,1,1,0,0,0,4,4,0,0,0,6,2,4,3,1,270,265,5,2,3
S01008622,208,200,8,5,3,6,3,3,2,1,0,0,0,0,0,1,1,0,0,0,5,2,3,2,1,202,197,5,3,2
S01008623,361,343,18,10,8,43,37,6,2,4,14,12,2,1,1,15,11,4,1,3,14,14,0,0,0,318,306,12,8,4
S01008624,353,346,7,2,5,120,118,2,0,2,49,47,2,0,2,38,38,0,0,0,33,33,0,0,0,233,228,5,2,3
S01008625,244,239,5,1,4,186,183,3,1,2,39,38,1,0,1,103,102,1,0,1,44,43,1,1,0,58,56,2,0,2
S01008626,399,388,11,4,7,164,161,3,0,3,41,41,0,0,0,40,40,0,0,0,83,80,3,0,3,235,227,8,4,4
S01008627,258,256,2,1,1,139,138,1,0,1,16,15,1,0,1,73,73,0,0,0,50,50,0,0,0,119,118,1,1,0
S01008628,276,262,14,4,10,39,38,1,0,1,19,18,1,0,1,12,12,0,0,0,8,8,0,0,0,237,224,13,4,9
S01008629,311,301,10,5,5,20,20,0,0,0,5,5,0,0,0,3,3,0,0,0,12,12,0,0,0,291,281,10,5,5
S01008630,288,277,11,4,7,16,16,0,0,0,6,6,0,0,0,5,5,0,0,0,5,5,0,0,0,272,261,11,4,7
S01008631,475,453,22,3,19,45,45,0,0,0,7,7,0,0,0,9,9,0,0,0,29,29,0,0,0,430,408,22,3,19
S01008632,430,420,10,5,5,29,29,0,0,0,6,6,0,0,0,3,3,0,0,0,20,20,0,0,0,401,391,10,5,5
S01008633,467,452,15,4,11,125,124,1,0,1,54,54,0,0,0,26,25,1,0,1,45,45,0,0,0,342,328,14,4,10
S01008634,285,276,9,3,6,61,59,2,0,2,36,35,1,0,1,23,22,1,0,1,2,2,0,0,0,224,217,7,3,4
S01008635,371,362,9,4,5,64,59,5,3,2,22,19,3,2,1,18,18,0,0,0,24,22,2,1,1,307,303,4,1,3
S01008636,375,367,8,3,5,73,72,1,1,0,28,27,1,1,0,24,24,0,0,0,21,21,0,0,0,302,295,7,2,5
S01008637,317,309,8,2,6,59,54,5,1,4,28,25,3,0,3,17,16,1,1,0,14,13,1,0,1,258,255,3,1,2
S01008638,352,344,8,0,8,41,41,0,0,0,3,3,0,0,0,4,4,0,0,0,34,34,0,0,0,311,303,8,0,8
S01008639,444,430,14,1,13,55,49,6,0,6,7,7,0,0,0,14,14,0,0,0,34,28,6,0,6,389,381,8,1,7
S01008640,357,351,6,1,5,24,24,0,0,0,3,3,0,0,0,5,5,0,0,0,16,16,0,0,0,333,327,6,1,5
S01008641,372,351,21,4,17,4,4,0,0,0,1,1,0,0,0,1,1,0,0,0,2,2,0,0,0,368,347,21,4,17
S01008642,437,433,4,1,3,68,68,0,0,0,21,21,0,0,0,20,20,0,0,0,27,27,0,0,0,369,365,4,1,3
S01008643,330,323,7,1,6,56,52,4,1,3,3,2,1,0,1,10,10,0,0,0,43,40,3,1,2,274,271,3,0,3
S01008644,392,386,6,2,4,27,25,2,0,2,2,2,0,0,0,8,8,0,0,0,17,15,2,0,2,365,361,4,2,2
S01008645,365,360,5,2,3,26,24,2,2,0,6,6,0,0,0,4,4,0,0,0,16,14,2,2,0,339,336,3,0,3
S01008646,461,453,8,1,7,56,55,1,0,1,3,3,0,0,0,12,12,0,0,0,41,40,1,0,1,405,398,7,1,6
S01008647,338,330,8,1,7,24,23,1,0,1,1,1,0,0,0,5,5,0,0,0,18,17,1,0,1,314,307,7,1,6
S01008648,356,339,17,0,17,8,8,0,0,0,2,2,0,0,0,1,1,0,0,0,5,5,0,0,0,348,331,17,0,17
S01008649,581,560,21,0,21,5,4,1,0,1,2,1,1,0,1,0,0,0,0,0,3,3,0,0,0,576,556,20,0,20
S01008650,493,470,23,2,21,8,5,3,0,3,2,0,2,0,2,3,3,0,0,0,3,2,1,0,1,485,465,20,2,18
S01008651,505,497,8,2,6,8,8,0,0,0,0,0,0,0,0,3,3,0,0,0,5,5,0,0,0,497,489,8,2,6
S01008652,407,387,20,8,12,9,7,2,2,0,0,0,0,0,0,0,0,0,0,0,9,7,2,2,0,398,380,18,6,12
S01008653,411,402,9,0,9,16,16,0,0,0,2,2,0,0,0,5,5,0,0,0,9,9,0,0,0,395,386,9,0,9
S01008654,597,585,12,3,9,6,6,0,0,0,2,2,0,0,0,2,2,0,0,0,2,2,0,0,0,591,579,12,3,9
S01008655,465,442,23,4,19,15,14,1,0,1,8,8,0,0,0,0,0,0,0,0,7,6,1,0,1,450,428,22,4,18
S01008656,433,426,7,3,4,4,4,0,0,0,1,1,0,0,0,1,1,0,0,0,2,2,0,0,0,429,422,7,3,4
S01008657,368,361,7,0,7,76,76,0,0,0,2,2,0,0,0,4,4,0,0,0,70,70,0,0,0,292,285,7,0,7
S01008658,619,555,64,2,62,27,25,2,1,1,2,2,0,0,0,3,3,0,0,0,22,20,2,1,1,592,530,62,1,61
S01008659,488,446,42,25,17,14,12,2,1,1,0,0,0,0,0,3,3,0,0,0,11,9,2,1,1,474,434,40,24,16
S01008660,484,444,40,16,24,41,29,12,0,12,2,2,0,0,0,6,5,1,0,1,33,22,11,0,11,443,415,28,16,12
S01008661,457,437,20,3,17,10,10,0,0,0,2,2,0,0,0,5,5,0,0,0,3,3,0,0,0,447,427,20,3,17
S01008662,295,276,19,12,7,2,2,0,0,0,1,1,0,0,0,0,0,0,0,0,1,1,0,0,0,293,274,19,12,7
S01008663,453,434,19,2,17,9,9,0,0,0,3,3,0,0,0,3,3,0,0,0,3,3,0,0,0,444,425,19,2,17
S01008664,403,396,7,2,5,11,11,0,0,0,2,2,0,0,0,0,0,0,0,0,9,9,0,0,0,392,385,7,2,5
S01008665,538,524,14,6,8,26,25,1,0,1,3,3,0,0,0,4,4,0,0,0,19,18,1,0,1,512,499,13,6,7
S01008666,327,311,16,5,11,5,5,0,0,0,1,1,0,0,0,2,2,0,0,0,2,2,0,0,0,322,306,16,5,11
S01008667,313,308,5,2,3,8,8,0,0,0,1,1,0,0,0,0,0,0,0,0,7,7,0,0,0,305,300,5,2,3
S01008668,288,280,8,1,7,4,4,0,0,0,1,1,0,0,0,1,1,0,0,0,2,2,0,0,0,284,276,8,1,7
S01008669,173,173,0,0,0,1,1,0,0,0,0,0,0,0,0,0,0,0,0,0,1,1,0,0,0,172,172,0,0,0
S01008670,268,260,8,1,7,9,8,1,0,1,2,2,0,0,0,3,3,0,0,0,4,3,1,0,1,259,252,7,1,6
S01008671,340,331,9,2,7,4,4,0,0,0,0,0,0,0,0,1,1,0,0,0,3,3,0,0,0,336,327,9,2,7
S01008672,344,341,3,0,3,17,17,0,0,0,1,1,0,0,0,5,5,0,0,0,11,11,0,0,0,327,324,3,0,3
S01008673,703,649,54,20,34,9,8,1,1,0,3,3,0,0,0,3,2,1,1,0,3,3,0,0,0,694,641,53,19,34
S01008674,431,413,18,9,9,7,6,1,1,0,3,3,0,0,0,0,0,0,0,0,4,3,1,1,0,424,407,17,8,9
S01008675,548,476,72,64,8,21,18,3,1,2,2,2,0,0,0,6,6,0,0,0,13,10,3,1,2,527,458,69,63,6
S01008676,416,338,78,64,14,39,35,4,1,3,8,7,1,0,1,7,7,0,0,0,24,21,3,1,2,377,303,74,63,11
S01008677,508,420,88,48,40,13,10,3,3,0,2,1,1,1,0,1,1,0,0,0,10,8,2,2,0,495,410,85,45,40
S01008678,416,393,23,17,6,10,9,1,0,1,4,3,1,0,1,1,1,0,0,0,5,5,0,0,0,406,384,22,17,5
S01008679,571,546,25,15,10,12,12,0,0,0,3,3,0,0,0,3,3,0,0,0,6,6,0,0,0,559,534,25,15,10
S01008680,345,326,19,10,9,8,6,2,1,1,1,1,0,0,0,1,1,0,0,0,6,4,2,1,1,337,320,17,9,8
S01008681,547,540,7,4,3,12,10,2,1,1,1,1,0,0,0,2,2,0,0,0,9,7,2,1,1,535,530,5,3,2
S01008682,438,431,7,2,5,27,27,0,0,0,3,3,0,0,0,4,4,0,0,0,20,20,0,0,0,411,404,7,2,5
S01008683,596,576,20,1,19,43,43,0,0,0,7,7,0,0,0,5,5,0,0,0,31,31,0,0,0,553,533,20,1,19
S01008684,578,532,46,32,14,21,19,2,0,2,4,3,1,0,1,4,3,1,0,1,13,13,0,0,0,557,513,44,32,12
S01008685,537,489,48,32,16,52,44,8,7,1,7,7,0,0,0,7,6,1,1,0,38,31,7,6,1,485,445,40,25,15
S01008686,596,585,11,4,7,9,8,1,1,0,1,0,1,1,0,5,5,0,0,0,3,3,0,0,0,587,577,10,3,7
S01008687,427,419,8,2,6,16,15,1,0,1,4,4,0,0,0,5,5,0,0,0,7,6,1,0,1,411,404,7,2,5
S01008688,475,457,18,5,13,43,42,1,0,1,4,3,1,0,1,13,13,0,0,0,26,26,0,0,0,432,415,17,5,12
S01008689,556,548,8,0,8,52,51,1,0,1,2,2,0,0,0,3,3,0,0,0,47,46,1,0,1,504,497,7,0,7
S01008690,605,598,7,3,4,99,99,0,0,0,1,1,0,0,0,4,4,0,0,0,94,94,0,0,0,506,499,7,3,4
S01008691,699,678,21,6,15,13,12,1,0,1,2,2,0,0,0,6,5,1,0,1,5,5,0,0,0,686,666,20,6,14
S01008692,409,391,18,1,17,31,31,0,0,0,0,0,0,0,0,22,22,0,0,0,9,9,0,0,0,378,360,18,1,17
S01008693,228,224,4,0,4,187,184,3,0,3,9,8,1,0,1,167,167,0,0,0,11,9,2,0,2,41,40,1,0,1
S01008694,544,537,7,2,5,79,78,1,0,1,1,1,0,0,0,16,16,0,0,0,62,61,1,0,1,465,459,6,2,4
S01008695,345,338,7,1,6,116,113,3,0,3,8,8,0,0,0,33,33,0,0,0,75,72,3,0,3,229,225,4,1,3
S01008696,287,285,2,0,2,204,203,1,0,1,3,3,0,0,0,24,23,1,0,1,177,177,0,0,0,83,82,1,0,1
S01008697,458,453,5,0,5,312,308,4,0,4,113,110,3,0,3,128,128,0,0,0,71,70,1,0,1,146,145,1,0,1
S01008698,215,209,6,1,5,183,177,6,1,5,64,62,2,0,2,95,92,3,1,2,24,23,1,0,1,32,32,0,0,0
S01008699,481,470,11,0,11,116,114,2,0,2,30,28,2,0,2,31,31,0,0,0,55,55,0,0,0,365,356,9,0,9
S01008700,252,248,4,2,2,181,180,1,1,0,110,109,1,1,0,33,33,0,0,0,38,38,0,0,0,71,68,3,1,2
S01008701,215,200,15,0,15,75,73,2,0,2,10,10,0,0,0,22,22,0,0,0,43,41,2,0,2,140,127,13,0,13
S01008702,338,312,26,1,25,24,23,1,0,1,10,9,1,0,1,5,5,0,0,0,9,9,0,0,0,314,289,25,1,24
S01008703,461,456,5,0,5,126,124,2,0,2,15,15,0,0,0,44,42,2,0,2,67,67,0,0,0,335,332,3,0,3
S01008704,329,307,22,0,22,201,192,9,0,9,25,25,0,0,0,48,47,1,0,1,128,120,8,0,8,128,115,13,0,13
S01008705,239,236,3,0,3,82,81,1,0,1,11,11,0,0,0,23,23,0,0,0,48,47,1,0,1,157,155,2,0,2
S01008706,252,243,9,0,9,130,125,5,0,5,15,15,0,0,0,54,54,0,0,0,61,56,5,0,5,122,118,4,0,4
S01008707,403,387,16,2,14,164,159,5,1,4,13,13,0,0,0,88,86,2,1,1,63,60,3,0,3,239,228,11,1,10
S01008708,455,452,3,0,3,126,125,1,0,1,11,11,0,0,0,73,73,0,0,0,42,41,1,0,1,329,327,2,0,2
S01008709,300,299,1,0,1,241,240,1,0,1,17,17,0,0,0,139,139,0,0,0,85,84,1,0,1,59,59,0,0,0
S01008710,210,208,2,0,2,154,153,1,0,1,19,19,0,0,0,99,99,0,0,0,36,35,1,0,1,56,55,1,0,1
S01008711,354,353,1,0,1,110,109,1,0,1,9,9,0,0,0,32,32,0,0,0,69,68,1,0,1,244,244,0,0,0
S01008712,508,499,9,0,9,297,292,5,0,5,20,20,0,0,0,88,88,0,0,0,189,184,5,0,5,211,207,4,0,4
S01008713,298,292,6,0,6,51,50,1,0,1,6,6,0,0,0,14,14,0,0,0,31,30,1,0,1,247,242,5,0,5
S01008714,298,297,1,0,1,101,100,1,0,1,33,32,1,0,1,53,53,0,0,0,15,15,0,0,0,197,197,0,0,0
S01008715,369,367,2,1,1,232,230,2,1,1,13,13,0,0,0,55,54,1,1,0,164,163,1,0,1,137,137,0,0,0
S01008716,297,295,2,0,2,129,128,1,0,1,4,4,0,0,0,42,41,1,0,1,83,83,0,0,0,168,167,1,0,1
S01008717,181,181,0,0,0,162,162,0,0,0,23,23,0,0,0,65,65,0,0,0,74,74,0,0,0,19,19,0,0,0
S01008718,223,222,1,0,1,189,188,1,0,1,22,22,0,0,0,107,106,1,0,1,60,60,0,0,0,34,34,0,0,0
S01008719,426,420,6,0,6,307,302,5,0,5,58,58,0,0,0,142,140,2,0,2,107,104,3,0,3,119,118,1,0,1
S01008720,252,243,9,0,9,165,161,4,0,4,23,22,1,0,1,66,65,1,0,1,76,74,2,0,2,87,82,5,0,5
S01008721,317,310,7,0,7,302,295,7,0,7,100,100,0,0,0,116,114,2,0,2,86,81,5,0,5,15,15,0,0,0
S01008722,494,480,14,0,14,389,381,8,0,8,193,189,4,0,4,52,52,0,0,0,144,140,4,0,4,105,99,6,0,6
S01008723,277,257,20,2,18,208,205,3,0,3,77,75,2,0,2,65,64,1,0,1,66,66,0,0,0,69,52,17,2,15
S01008724,412,400,12,1,11,262,258,4,0,4,124,122,2,0,2,46,45,1,0,1,92,91,1,0,1,150,142,8,1,7
S01008725,352,343,9,1,8,186,182,4,1,3,35,35,0,0,0,33,33,0,0,0,118,114,4,1,3,166,161,5,0,5
S01008726,246,241,5,2,3,111,108,3,1,2,13,12,1,1,0,59,57,2,0,2,39,39,0,0,0,135,133,2,1,1
S01008727,470,454,16,0,16,179,174,5,0,5,34,33,1,0,1,43,43,0,0,0,102,98,4,0,4,291,280,11,0,11
S01008728,238,229,9,1,8,35,32,3,0,3,7,7,0,0,0,7,7,0,0,0,21,18,3,0,3,203,197,6,1,5
S01008729,281,277,4,1,3,143,140,3,1,2,36,36,0,0,0,53,52,1,1,0,54,52,2,0,2,138,137,1,0,1
S01008730,420,411,9,3,6,74,74,0,0,0,10,10,0,0,0,27,27,0,0,0,37,37,0,0,0,346,337,9,3,6
S01008731,228,226,2,0,2,157,156,1,0,1,13,13,0,0,0,50,49,1,0,1,94,94,0,0,0,71,70,1,0,1
S01008732,350,340,10,0,10,80,78,2,0,2,2,2,0,0,0,16,16,0,0,0,62,60,2,0,2,270,262,8,0,8
S01008733,483,473,10,0,10,89,88,1,0,1,8,8,0,0,0,29,29,0,0,0,52,51,1,0,1,394,385,9,0,9
S01008734,274,266,8,0,8,131,127,4,0,4,52,51,1,0,1,44,43,1,0,1,35,33,2,0,2,143,139,4,0,4
S01008735,393,385,8,1,7,344,338,6,0,6,202,200,2,0,2,100,97,3,0,3,42,41,1,0,1,49,47,2,1,1
S01008736,293,290,3,0,3,259,256,3,0,3,188,187,1,0,1,66,64,2,0,2,5,5,0,0,0,34,34,0,0,0
S01008737,342,339,3,1,2,318,315,3,1,2,196,194,2,0,2,74,73,1,1,0,48,48,0,0,0,24,24,0,0,0
S01008738,309,299,10,3,7,299,289,10,3,7,244,234,10,3,7,55,55,0,0,0,0,0,0,0,0,10,10,0,0,0
S01008739,241,240,1,1,0,162,161,1,1,0,3,3,0,0,0,30,30,0,0,0,129,128,1,1,0,79,79,0,0,0
S01008740,227,227,0,0,0,216,216,0,0,0,9,9,0,0,0,134,134,0,0,0,73,73,0,0,0,11,11,0,0,0
S01008741,396,395,1,0,1,351,350,1,0,1,49,49,0,0,0,122,122,0,0,0,180,179,1,0,1,45,45,0,0,0
S01008742,284,280,4,2,2,101,100,1,0,1,14,14,0,0,0,39,38,1,0,1,48,48,0,0,0,183,180,3,2,1
S01008743,494,485,9,4,5,66,66,0,0,0,6,6,0,0,0,19,19,0,0,0,41,41,0,0,0,428,419,9,4,5
S01008744,532,519,13,0,13,155,153,2,0,2,7,7,0,0,0,81,80,1,0,1,67,66,1,0,1,377,366,11,0,11
S01008745,242,241,1,0,1,91,91,0,0,0,21,21,0,0,0,12,12,0,0,0,58,58,0,0,0,151,150,1,0,1
S01008746,582,572,10,1,9,45,44,1,0,1,9,9,0,0,0,24,24,0,0,0,12,11,1,0,1,537,528,9,1,8
S01008747,237,234,3,0,3,156,155,1,0,1,35,34,1,0,1,54,54,0,0,0,67,67,0,0,0,81,79,2,0,2
S01008748,287,283,4,0,4,261,257,4,0,4,131,129,2,0,2,92,90,2,0,2,38,38,0,0,0,26,26,0,0,0
S01008749,412,402,10,0,10,372,362,10,0,10,232,225,7,0,7,99,97,2,0,2,41,40,1,0,1,40,40,0,0,0
S01008750,315,313,2,0,2,283,281,2,0,2,96,95,1,0,1,130,130,0,0,0,57,56,1,0,1,32,32,0,0,0
S01008751,307,304,3,0,3,137,137,0,0,0,16,16,0,0,0,78,78,0,0,0,43,43,0,0,0,170,167,3,0,3
S01008752,475,459,16,1,15,20,20,0,0,0,3,3,0,0,0,10,10,0,0,0,7,7,0,0,0,455,439,16,1,15
S01008753,327,314,13,1,12,14,14,0,0,0,1,1,0,0,0,3,3,0,0,0,10,10,0,0,0,313,300,13,1,12
S01008754,368,362,6,1,5,17,17,0,0,0,2,2,0,0,0,7,7,0,0,0,8,8,0,0,0,351,345,6,1,5
S01008755,556,541,15,1,14,67,66,1,1,0,13,12,1,1,0,20,20,0,0,0,34,34,0,0,0,489,475,14,0,14
S01008756,424,418,6,1,5,27,27,0,0,0,3,3,0,0,0,2,2,0,0,0,22,22,0,0,0,397,391,6,1,5
S01008757,413,397,16,1,15,34,27,7,1,6,1,1,0,0,0,11,11,0,0,0,22,15,7,1,6,379,370,9,0,9
S01008758,462,444,18,1,17,97,86,11,0,11,14,10,4,0,4,45,42,3,0,3,38,34,4,0,4,365,358,7,1,6
S01008759,330,322,8,0,8,52,52,0,0,0,10,10,0,0,0,27,27,0,0,0,15,15,0,0,0,278,270,8,0,8
S01008760,512,500,12,0,12,84,82,2,0,2,12,12,0,0,0,35,35,0,0,0,37,35,2,0,2,428,418,10,0,10
S01008761,337,295,42,41,1,82,82,0,0,0,19,19,0,0,0,44,44,0,0,0,19,19,0,0,0,255,213,42,41,1
S01008762,305,301,4,0,4,189,186,3,0,3,3,3,0,0,0,70,69,1,0,1,116,114,2,0,2,116,115,1,0,1
S01008763,444,433,11,2,9,240,233,7,1,6,2,2,0,0,0,29,29,0,0,0,209,202,7,1,6,204,200,4,1,3
S01008764,312,306,6,3,3,151,147,4,3,1,11,11,0,0,0,52,51,1,0,1,88,85,3,3,0,161,159,2,0,2
S01008765,402,393,9,4,5,138,131,7,4,3,6,6,0,0,0,12,12,0,0,0,120,113,7,4,3,264,262,2,0,2
S01008766,419,413,6,1,5,240,239,1,0,1,18,18,0,0,0,89,89,0,0,0,133,132,1,0,1,179,174,5,1,4
S01008767,268,266,2,0,2,129,129,0,0,0,4,4,0,0,0,38,38,0,0,0,87,87,0,0,0,139,137,2,0,2
S01008768,267,256,11,1,10,55,53,2,0,2,19,19,0,0,0,24,23,1,0,1,12,11,1,0,1,212,203,9,1,8
S01008769,478,380,98,93,5,3,3,0,0,0,2,2,0,0,0,1,1,0,0,0,0,0,0,0,0,475,377,98,93,5
S01008770,448,431,17,15,2,5,5,0,0,0,2,2,0,0,0,2,2,0,0,0,1,1,0,0,0,443,426,17,15,2
S01008771,423,411,12,9,3,18,18,0,0,0,0,0,0,0,0,1,1,0,0,0,17,17,0,0,0,405,393,12,9,3
S01008772,411,395,16,12,4,109,105,4,4,0,7,7,0,0,0,23,23,0,0,0,79,75,4,4,0,302,290,12,8,4
S01008773,615,596,19,7,12,83,80,3,2,1,6,6,0,0,0,26,26,0,0,0,51,48,3,2,1,532,516,16,5,11
S01008774,627,495,132,19,113,91,82,9,7,2,4,4,0,0,0,32,32,0,0,0,55,46,9,7,2,536,413,123,12,111
S01008775,234,218,16,5,11,61,56,5,1,4,3,3,0,0,0,4,3,1,0,1,54,50,4,1,3,173,162,11,4,7
S01008776,474,467,7,0,7,28,28,0,0,0,4,4,0,0,0,10,10,0,0,0,14,14,0,0,0,446,439,7,0,7
S01008777,662,637,25,2,23,35,35,0,0,0,5,5,0,0,0,9,9,0,0,0,21,21,0,0,0,627,602,25,2,23
S01008778,725,664,61,57,4,49,8,41,41,0,0,0,0,0,0,4,4,0,0,0,45,4,41,41,0,676,656,20,16,4
S01008779,444,402,42,25,17,10,10,0,0,0,1,1,0,0,0,2,2,0,0,0,7,7,0,0,0,434,392,42,25,17
S01008780,336,329,7,1,6,6,6,0,0,0,0,0,0,0,0,1,1,0,0,0,5,5,0,0,0,330,323,7,1,6
S01008781,538,530,8,1,7,7,7,0,0,0,0,0,0,0,0,1,1,0,0,0,6,6,0,0,0,531,523,8,1,7
S01008782,416,400,16,2,14,21,18,3,0,3,4,4,0,0,0,6,5,1,0,1,11,9,2,0,2,395,382,13,2,11
S01008783,251,236,15,2,13,1,1,0,0,0,0,0,0,0,0,0,0,0,0,0,1,1,0,0,0,250,235,15,2,13
S01008784,270,268,2,1,1,3,3,0,0,0,1,1,0,0,0,0,0,0,0,0,2,2,0,0,0,267,265,2,1,1
S01008785,490,485,5,1,4,8,8,0,0,0,1,1,0,0,0,5,5,0,0,0,2,2,0,0,0,482,477,5,1,4
S01008786,556,540,16,2,14,8,8,0,0,0,5,5,0,0,0,0,0,0,0,0,3,3,0,0,0,548,532,16,2,14
S01008787,211,200,11,1,10,3,3,0,0,0,1,1,0,0,0,1,1,0,0,0,1,1,0,0,0,208,197,11,1,10
S01008788,384,376,8,6,2,15,15,0,0,0,3,3,0,0,0,12,12,0,0,0,0,0,0,0,0,369,361,8,6,2
S01008789,384,375,9,2,7,98,97,1,0,1,8,8,0,0,0,13,13,0,0,0,77,76,1,0,1,286,278,8,2,6
S01008790,361,353,8,0,8,12,11,1,0,1,1,1,0,0,0,3,3,0,0,0,8,7,1,0,1,349,342,7,0,7
S01008791,432,421,11,4,7,82,82,0,0,0,2,2,0,0,0,13,13,0,0,0,67,67,0,0,0,350,339,11,4,7
S01008792,426,415,11,3,8,60,57,3,1,2,2,2,0,0,0,7,6,1,0,1,51,49,2,1,1,366,358,8,2,6
S01008793,279,266,13,0,13,13,13,0,0,0,2,2,0,0,0,4,4,0,0,0,7,7,0,0,0,266,253,13,0,13
S01008794,498,492,6,2,4,27,26,1,0,1,5,5,0,0,0,5,5,0,0,0,17,16,1,0,1,471,466,5,2,3
S01008795,626,618,8,0,8,12,11,1,0,1,2,2,0,0,0,0,0,0,0,0,10,9,1,0,1,614,607,7,0,7
S01008796,634,622,12,2,10,21,21,0,0,0,1,1,0,0,0,4,4,0,0,0,16,16,0,0,0,613,601,12,2,10
S01008797,595,579,16,0,16,15,14,1,0,1,1,1,0,0,0,3,2,1,0,1,11,11,0,0,0,580,565,15,0,15
S01008798,508,502,6,0,6,8,8,0,0,0,1,1,0,0,0,1,1,0,0,0,6,6,0,0,0,500,494,6,0,6
S01008799,327,322,5,1,4,8,8,0,0,0,2,2,0,0,0,4,4,0,0,0,2,2,0,0,0,319,314,5,1,4
S01008800,662,651,11,6,5,7,7,0,0,0,1,1,0,0,0,0,0,0,0,0,6,6,0,0,0,655,644,11,6,5
S01008801,595,582,13,1,12,9,9,0,0,0,2,2,0,0,0,1,1,0,0,0,6,6,0,0,0,586,573,13,1,12
S01008802,635,614,21,3,18,9,8,1,0,1,2,2,0,0,0,2,1,1,0,1,5,5,0,0,0,626,606,20,3,17
S01008803,590,575,15,4,11,36,36,0,0,0,4,4,0,0,0,9,9,0,0,0,23,23,0,0,0,554,539,15,4,11
S01008804,347,332,15,0,15,5,5,0,0,0,1,1,0,0,0,3,3,0,0,0,1,1,0,0,0,342,327,15,0,15
S01008805,352,334,18,6,12,3,3,0,0,0,1,1,0,0,0,0,0,0,0,0,2,2,0,0,0,349,331,18,6,12
S01008806,583,558,25,10,15,15,15,0,0,0,2,2,0,0,0,2,2,0,0,0,11,11,0,0,0,568,543,25,10,15
S01008807,499,490,9,1,8,29,29,0,0,0,1,1,0,0,0,5,5,0,0,0,23,23,0,0,0,470,461,9,1,8
S01008808,405,391,14,1,13,13,13,0,0,0,0,0,0,0,0,2,2,0,0,0,11,11,0,0,0,392,378,14,1,13
S01008809,355,324,31,16,15,82,70,12,3,9,4,3,1,0,1,5,5,0,0,0,73,62,11,3,8,273,254,19,13,6
S01008810,393,383,10,3,7,8,8,0,0,0,2,2,0,0,0,1,1,0,0,0,5,5,0,0,0,385,375,10,3,7
S01008811,400,389,11,5,6,25,24,1,1,0,2,2,0,0,0,4,4,0,0,0,19,18,1,1,0,375,365,10,4,6
S01008812,271,260,11,2,9,2,2,0,0,0,1,1,0,0,0,0,0,0,0,0,1,1,0,0,0,269,258,11,2,9
S01008813,522,508,14,6,8,115,115,0,0,0,4,4,0,0,0,27,27,0,0,0,84,84,0,0,0,407,393,14,6,8
S01008814,421,403,18,1,17,121,114,7,0,7,5,5,0,0,0,18,15,3,0,3,98,94,4,0,4,300,289,11,1,10
S01008815,568,557,11,2,9,18,17,1,1,0,1,1,0,0,0,5,5,0,0,0,12,11,1,1,0,550,540,10,1,9
S01008816,335,321,14,5,9,51,51,0,0,0,2,2,0,0,0,15,15,0,0,0,34,34,0,0,0,284,270,14,5,9
S01008817,455,425,30,2,28,32,31,1,1,0,3,2,1,1,0,5,5,0,0,0,24,24,0,0,0,423,394,29,1,28
S01008818,381,371,10,4,6,110,110,0,0,0,13,13,0,0,0,24,24,0,0,0,73,73,0,0,0,271,261,10,4,6
S01008819,385,368,17,4,13,40,40,0,0,0,7,7,0,0,0,12,12,0,0,0,21,21,0,0,0,345,328,17,4,13
S01008820,640,616,24,3,21,52,50,2,0,2,8,8,0,0,0,8,8,0,0,0,36,34,2,0,2,588,566,22,3,19
S01008821,278,271,7,1,6,149,146,3,0,3,7,7,0,0,0,25,25,0,0,0,117,114,3,0,3,129,125,4,1,3
S01008822,292,286,6,3,3,175,172,3,2,1,13,13,0,0,0,33,33,0,0,0,129,126,3,2,1,117,114,3,1,2
S01008823,282,269,13,9,4,136,135,1,0,1,13,13,0,0,0,36,36,0,0,0,87,86,1,0,1,146,134,12,9,3
S01008824,520,510,10,7,3,120,118,2,0,2,10,10,0,0,0,49,48,1,0,1,61,60,1,0,1,400,392,8,7,1
S01008825,305,296,9,4,5,91,86,5,2,3,10,9,1,0,1,48,47,1,0,1,33,30,3,2,1,214,210,4,2,2
S01008826,395,378,17,9,8,48,46,2,1,1,16,16,0,0,0,17,15,2,1,1,15,15,0,0,0,347,332,15,8,7
S01008827,281,273,8,2,6,187,184,3,1,2,22,22,0,0,0,68,67,1,0,1,97,95,2,1,1,94,89,5,1,4
S01008828,458,439,19,6,13,220,214,6,3,3,52,51,1,0,1,83,82,1,0,1,85,81,4,3,1,238,225,13,3,10
S01008829,304,297,7,0,7,154,152,2,0,2,37,37,0,0,0,105,104,1,0,1,12,11,1,0,1,150,145,5,0,5
S01008830,343,334,9,3,6,102,102,0,0,0,6,6,0,0,0,7,7,0,0,0,89,89,0,0,0,241,232,9,3,6
S01008831,365,359,6,3,3,216,212,4,2,2,46,44,2,1,1,38,38,0,0,0,132,130,2,1,1,149,147,2,1,1
S01008832,363,350,13,9,4,89,86,3,3,0,41,41,0,0,0,17,17,0,0,0,31,28,3,3,0,274,264,10,6,4
S01008833,546,526,20,1,19,87,84,3,0,3,15,13,2,0,2,30,29,1,0,1,42,42,0,0,0,459,442,17,1,16
S01008834,529,519,10,3,7,199,195,4,1,3,11,11,0,0,0,66,66,0,0,0,122,118,4,1,3,330,324,6,2,4
S01008835,415,407,8,2,6,135,133,2,0,2,34,33,1,0,1,48,47,1,0,1,53,53,0,0,0,280,274,6,2,4
S01008836,421,413,8,2,6,23,23,0,0,0,3,3,0,0,0,8,8,0,0,0,12,12,0,0,0,398,390,8,2,6
S01008837,645,630,15,6,9,24,24,0,0,0,0,0,0,0,0,4,4,0,0,0,20,20,0,0,0,621,606,15,6,9
S01008838,644,606,38,6,32,105,101,4,0,4,4,4,0,0,0,13,13,0,0,0,88,84,4,0,4,539,505,34,6,28
S01008839,573,549,24,6,18,123,119,4,2,2,4,4,0,0,0,16,16,0,0,0,103,99,4,2,2,450,430,20,4,16
S01008840,528,510,18,5,13,167,162,5,1,4,4,4,0,0,0,30,30,0,0,0,133,128,5,1,4,361,348,13,4,9
S01008841,316,291,25,1,24,53,52,1,0,1,3,3,0,0,0,14,13,1,0,1,36,36,0,0,0,263,239,24,1,23
S01008842,443,433,10,0,10,65,64,1,0,1,15,15,0,0,0,14,14,0,0,0,36,35,1,0,1,378,369,9,0,9
S01008843,491,464,27,4,23,26,24,2,0,2,0,0,0,0,0,4,4,0,0,0,22,20,2,0,2,465,440,25,4,21
S01008844,380,355,25,8,17,17,16,1,0,1,2,2,0,0,0,0,0,0,0,0,15,14,1,0,1,363,339,24,8,16
S01008845,498,420,78,54,24,27,25,2,1,1,6,5,1,1,0,5,5,0,0,0,16,15,1,0,1,471,395,76,53,23
S01008846,406,386,20,17,3,49,46,3,2,1,4,4,0,0,0,4,4,0,0,0,41,38,3,2,1,357,340,17,15,2
S01008847,295,263,32,15,17,53,25,28,13,15,2,2,0,0,0,8,8,0,0,0,43,15,28,13,15,242,238,4,2,2
S01008848,395,384,11,6,5,46,42,4,1,3,4,4,0,0,0,8,8,0,0,0,34,30,4,1,3,349,342,7,5,2
S01008849,471,396,75,47,28,34,17,17,12,5,1,0,1,1,0,3,2,1,1,0,30,15,15,10,5,437,379,58,35,23
S01008850,441,401,40,21,19,55,47,8,7,1,5,4,1,1,0,6,4,2,2,0,44,39,5,4,1,386,354,32,14,18
S01008851,693,634,59,38,21,48,39,9,6,3,3,3,0,0,0,9,8,1,1,0,36,28,8,5,3,645,595,50,32,18
S01008852,567,503,64,43,21,81,70,11,6,5,6,5,1,1,0,11,10,1,1,0,64,55,9,4,5,486,433,53,37,16
S01008853,371,352,19,11,8,20,16,4,4,0,3,2,1,1,0,3,3,0,0,0,14,11,3,3,0,351,336,15,7,8
S01008854,515,483,32,8,24,32,26,6,2,4,6,6,0,0,0,4,4,0,0,0,22,16,6,2,4,483,457,26,6,20
S01008855,675,620,55,13,42,38,38,0,0,0,5,5,0,0,0,7,7,0,0,0,26,26,0,0,0,637,582,55,13,42
S01008856,311,296,15,9,6,12,10,2,2,0,3,3,0,0,0,0,0,0,0,0,9,7,2,2,0,299,286,13,7,6
S01008857,463,434,29,7,22,102,90,12,4,8,2,2,0,0,0,5,5,0,0,0,95,83,12,4,8,361,344,17,3,14
S01008858,361,328,33,15,18,118,96,22,8,14,4,4,0,0,0,6,6,0,0,0,108,86,22,8,14,243,232,11,7,4
S01008859,760,712,48,17,31,26,24,2,0,2,3,3,0,0,0,8,8,0,0,0,15,13,2,0,2,734,688,46,17,29
S01008860,540,500,40,16,24,37,33,4,0,4,2,2,0,0,0,9,9,0,0,0,26,22,4,0,4,503,467,36,16,20
S01008861,395,349,46,17,29,98,94,4,2,2,4,4,0,0,0,4,4,0,0,0,90,86,4,2,2,297,255,42,15,27
S01008862,585,561,24,7,17,86,82,4,0,4,2,2,0,0,0,7,7,0,0,0,77,73,4,0,4,499,479,20,7,13
S01008863,412,392,20,9,11,76,70,6,5,1,2,2,0,0,0,8,8,0,0,0,66,60,6,5,1,336,322,14,4,10
S01008864,443,410,33,9,24,47,44,3,1,2,11,11,0,0,0,6,6,0,0,0,30,27,3,1,2,396,366,30,8,22
S01008865,470,455,15,6,9,13,13,0,0,0,0,0,0,0,0,4,4,0,0,0,9,9,0,0,0,457,442,15,6,9
S01008866,481,467,14,3,11,25,25,0,0,0,2,2,0,0,0,1,1,0,0,0,22,22,0,0,0,456,442,14,3,11
S01008867,461,421,40,18,22,38,36,2,1,1,3,3,0,0,0,7,7,0,0,0,28,26,2,1,1,423,385,38,17,21
S01008868,478,391,87,45,42,38,28,10,1,9,6,5,1,1,0,3,3,0,0,0,29,20,9,0,9,440,363,77,44,33
S01008869,660,615,45,28,17,57,47,10,9,1,8,8,0,0,0,9,8,1,1,0,40,31,9,8,1,603,568,35,19,16
S01008870,465,426,39,23,16,121,109,12,5,7,21,21,0,0,0,12,10,2,1,1,88,78,10,4,6,344,317,27,18,9
S01008871,554,503,51,11,40,37,33,4,3,1,3,3,0,0,0,6,6,0,0,0,28,24,4,3,1,517,470,47,8,39
S01008872,434,401,33,4,29,49,46,3,2,1,6,5,1,1,0,7,7,0,0,0,36,34,2,1,1,385,355,30,2,28
S01008873,363,334,29,2,27,154,145,9,0,9,44,43,1,0,1,52,49,3,0,3,58,53,5,0,5,209,189,20,2,18
S01008874,550,514,36,11,25,164,149,15,3,12,7,7,0,0,0,26,25,1,1,0,131,117,14,2,12,386,365,21,8,13
S01008875,522,502,20,2,18,37,34,3,0,3,6,6,0,0,0,6,6,0,0,0,25,22,3,0,3,485,468,17,2,15
S01008876,305,291,14,0,14,181,173,8,0,8,36,35,1,0,1,49,44,5,0,5,96,94,2,0,2,124,118,6,0,6
S01008877,246,243,3,0,3,117,117,0,0,0,21,21,0,0,0,30,30,0,0,0,66,66,0,0,0,129,126,3,0,3
S01008878,470,459,11,0,11,177,173,4,0,4,69,67,2,0,2,48,47,1,0,1,60,59,1,0,1,293,286,7,0,7
S01008879,416,411,5,0,5,155,154,1,0,1,8,8,0,0,0,63,63,0,0,0,84,83,1,0,1,261,257,4,0,4
S01008880,294,291,3,1,2,170,169,1,0,1,18,18,0,0,0,20,19,1,0,1,132,132,0,0,0,124,122,2,1,1
S01008881,285,264,21,4,17,155,144,11,1,10,79,74,5,1,4,63,61,2,0,2,13,9,4,0,4,130,120,10,3,7
S01008882,416,401,15,3,12,267,263,4,0,4,23,23,0,0,0,43,42,1,0,1,201,198,3,0,3,149,138,11,3,8
S01008883,388,362,26,10,16,223,210,13,6,7,111,103,8,3,5,76,75,1,0,1,36,32,4,3,1,165,152,13,4,9
S01008884,325,316,9,6,3,239,234,5,3,2,180,175,5,3,2,25,25,0,0,0,34,34,0,0,0,86,82,4,3,1
S01008885,348,345,3,1,2,328,325,3,1,2,231,229,2,1,1,95,94,1,0,1,2,2,0,0,0,20,20,0,0,0
S01008886,464,425,39,7,32,131,131,0,0,0,30,30,0,0,0,37,37,0,0,0,64,64,0,0,0,333,294,39,7,32
S01008887,366,358,8,1,7,219,219,0,0,0,45,45,0,0,0,145,145,0,0,0,29,29,0,0,0,147,139,8,1,7
S01008888,386,373,13,8,5,47,41,6,3,3,7,7,0,0,0,9,9,0,0,0,31,25,6,3,3,339,332,7,5,2
S01008889,270,267,3,1,2,132,131,1,0,1,47,47,0,0,0,44,43,1,0,1,41,41,0,0,0,138,136,2,1,1
S01008890,312,308,4,0,4,285,281,4,0,4,104,101,3,0,3,147,146,1,0,1,34,34,0,0,0,27,27,0,0,0
S01008891,339,329,10,2,8,313,303,10,2,8,67,63,4,0,4,148,145,3,1,2,98,95,3,1,2,26,26,0,0,0
S01008892,561,533,28,6,22,159,156,3,0,3,49,48,1,0,1,76,74,2,0,2,34,34,0,0,0,402,377,25,6,19
S01008893,357,353,4,0,4,304,302,2,0,2,64,63,1,0,1,159,159,0,0,0,81,80,1,0,1,53,51,2,0,2
S01008894,341,337,4,0,4,314,310,4,0,4,176,173,3,0,3,113,112,1,0,1,25,25,0,0,0,27,27,0,0,0
S01008895,311,301,10,2,8,286,277,9,2,7,231,223,8,2,6,51,51,0,0,0,4,3,1,0,1,25,24,1,0,1
S01008896,213,208,5,2,3,156,154,2,0,2,110,110,0,0,0,13,13,0,0,0,33,31,2,0,2,57,54,3,2,1
S01008897,309,304,5,2,3,211,210,1,1,0,131,131,0,0,0,39,38,1,1,0,41,41,0,0,0,98,94,4,1,3
S01008898,335,331,4,1,3,321,319,2,0,2,226,224,2,0,2,79,79,0,0,0,16,16,0,0,0,14,12,2,1,1
S01008899,393,389,4,0,4,126,124,2,0,2,5,5,0,0,0,62,61,1,0,1,59,58,1,0,1,267,265,2,0,2
S01008900,419,415,4,0,4,214,212,2,0,2,12,11,1,0,1,109,109,0,0,0,93,92,1,0,1,205,203,2,0,2
S01008901,378,374,4,1,3,174,171,3,1,2,43,43,0,0,0,65,62,3,1,2,66,66,0,0,0,204,203,1,0,1
S01008902,514,485,29,2,27,140,128,12,2,10,18,18,0,0,0,30,28,2,0,2,92,82,10,2,8,374,357,17,0,17
S01008903,475,463,12,0,12,226,223,3,0,3,12,12,0,0,0,129,126,3,0,3,85,85,0,0,0,249,240,9,0,9
S01008904,441,431,10,0,10,46,44,2,0,2,6,6,0,0,0,15,15,0,0,0,25,23,2,0,2,395,387,8,0,8
S01008905,515,510,5,0,5,44,44,0,0,0,7,7,0,0,0,7,7,0,0,0,30,30,0,0,0,471,466,5,0,5
S01008906,392,386,6,0,6,60,59,1,0,1,7,7,0,0,0,23,22,1,0,1,30,30,0,0,0,332,327,5,0,5
S01008907,254,249,5,1,4,92,91,1,0,1,9,9,0,0,0,42,41,1,0,1,41,41,0,0,0,162,158,4,1,3
S01008908,437,421,16,1,15,63,63,0,0,0,6,6,0,0,0,27,27,0,0,0,30,30,0,0,0,374,358,16,1,15
S01008909,358,347,11,9,2,86,76,10,9,1,3,3,0,0,0,34,34,0,0,0,49,39,10,9,1,272,271,1,0,1
S01008910,212,211,1,0,1,47,46,1,0,1,1,1,0,0,0,27,27,0,0,0,19,18,1,0,1,165,165,0,0,0
S01008911,449,432,17,3,14,21,20,1,0,1,2,2,0,0,0,3,3,0,0,0,16,15,1,0,1,428,412,16,3,13
S01008912,341,333,8,1,7,187,182,5,0,5,16,16,0,0,0,79,77,2,0,2,92,89,3,0,3,154,151,3,1,2
S01008913,273,272,1,0,1,118,118,0,0,0,3,3,0,0,0,31,31,0,0,0,84,84,0,0,0,155,154,1,0,1
S01008914,409,398,11,5,6,207,200,7,5,2,20,20,0,0,0,146,144,2,0,2,41,36,5,5,0,202,198,4,0,4
S01008915,238,236,2,2,0,136,136,0,0,0,12,12,0,0,0,70,70,0,0,0,54,54,0,0,0,102,100,2,2,0
S01008916,600,593,7,0,7,66,66,0,0,0,15,15,0,0,0,32,32,0,0,0,19,19,0,0,0,534,527,7,0,7
S01008917,386,379,7,0,7,27,27,0,0,0,3,3,0,0,0,12,12,0,0,0,12,12,0,0,0,359,352,7,0,7
S01008918,297,293,4,0,4,11,11,0,0,0,2,2,0,0,0,4,4,0,0,0,5,5,0,0,0,286,282,4,0,4
S01008919,268,264,4,0,4,8,8,0,0,0,2,2,0,0,0,2,2,0,0,0,4,4,0,0,0,260,256,4,0,4
S01008920,603,586,17,11,6,69,69,0,0,0,6,6,0,0,0,8,8,0,0,0,55,55,0,0,0,534,517,17,11,6
S01008921,384,375,9,0,9,29,28,1,0,1,4,4,0,0,0,8,7,1,0,1,17,17,0,0,0,355,347,8,0,8
S01008922,414,400,14,6,8,84,75,9,6,3,12,12,0,0,0,41,40,1,0,1,31,23,8,6,2,330,325,5,0,5
S01008923,403,394,9,0,9,39,39,0,0,0,1,1,0,0,0,24,24,0,0,0,14,14,0,0,0,364,355,9,0,9
S01008924,372,372,0,0,0,270,270,0,0,0,11,11,0,0,0,160,160,0,0,0,99,99,0,0,0,102,102,0,0,0
S01008925,271,266,5,1,4,132,131,1,0,1,3,3,0,0,0,98,97,1,0,1,31,31,0,0,0,139,135,4,1,3
S01008926,245,242,3,1,2,177,176,1,0,1,11,11,0,0,0,149,148,1,0,1,17,17,0,0,0,68,66,2,1,1
S01008927,475,416,59,0,59,10,10,0,0,0,0,0,0,0,0,4,4,0,0,0,6,6,0,0,0,465,406,59,0,59
S01008928,301,298,3,0,3,127,126,1,0,1,9,9,0,0,0,68,67,1,0,1,50,50,0,0,0,174,172,2,0,2
S01008929,480,475,5,3,2,20,20,0,0,0,5,5,0,0,0,5,5,0,0,0,10,10,0,0,0,460,455,5,3,2
S01008930,439,427,12,1,11,101,98,3,0,3,5,5,0,0,0,48,48,0,0,0,48,45,3,0,3,338,329,9,1,8
S01008931,343,339,4,0,4,137,136,1,0,1,12,12,0,0,0,53,53,0,0,0,72,71,1,0,1,206,203,3,0,3
S01008932,413,404,9,1,8,88,88,0,0,0,4,4,0,0,0,28,28,0,0,0,56,56,0,0,0,325,316,9,1,8
S01008933,291,289,2,0,2,120,120,0,0,0,4,4,0,0,0,54,54,0,0,0,62,62,0,0,0,171,169,2,0,2
S01008934,364,354,10,1,9,171,167,4,0,4,49,48,1,0,1,77,75,2,0,2,45,44,1,0,1,193,187,6,1,5
S01008935,383,377,6,1,5,286,282,4,1,3,45,43,2,1,1,225,223,2,0,2,16,16,0,0,0,97,95,2,0,2
S01008936,160,157,3,0,3,136,133,3,0,3,88,86,2,0,2,43,42,1,0,1,5,5,0,0,0,24,24,0,0,0
S01008937,428,424,4,1,3,154,152,2,0,2,56,56,0,0,0,51,49,2,0,2,47,47,0,0,0,274,272,2,1,1
S01008938,290,285,5,0,5,250,245,5,0,5,85,82,3,0,3,157,155,2,0,2,8,8,0,0,0,40,40,0,0,0
S01008939,323,323,0,0,0,264,264,0,0,0,35,35,0,0,0,186,186,0,0,0,43,43,0,0,0,59,59,0,0,0
S01008940,261,255,6,3,3,210,206,4,1,3,104,102,2,1,1,74,72,2,0,2,32,32,0,0,0,51,49,2,2,0
S01008941,406,350,56,7,49,268,248,20,2,18,167,157,10,0,10,35,32,3,0,3,66,59,7,2,5,138,102,36,5,31
S01008942,349,333,16,7,9,214,205,9,6,3,100,98,2,0,2,27,26,1,0,1,87,81,6,6,0,135,128,7,1,6
S01008943,355,340,15,10,5,291,288,3,0,3,206,203,3,0,3,28,28,0,0,0,57,57,0,0,0,64,52,12,10,2
S01008944,444,429,15,5,10,295,292,3,2,1,209,208,1,1,0,23,23,0,0,0,63,61,2,1,1,149,137,12,3,9
S01008945,301,299,2,1,1,293,291,2,1,1,185,183,2,1,1,41,41,0,0,0,67,67,0,0,0,8,8,0,0,0
S01008946,409,397,12,1,11,263,258,5,1,4,220,215,5,1,4,24,24,0,0,0,19,19,0,0,0,146,139,7,0,7
S01008947,463,449,14,1,13,348,345,3,1,2,239,238,1,0,1,98,96,2,1,1,11,11,0,0,0,115,104,11,0,11
S01008948,293,285,8,0,8,210,206,4,0,4,99,98,1,0,1,78,76,2,0,2,33,32,1,0,1,83,79,4,0,4
S01008949,399,393,6,0,6,360,355,5,0,5,6,6,0,0,0,181,181,0,0,0,173,168,5,0,5,39,38,1,0,1
S01008950,423,420,3,0,3,376,373,3,0,3,18,18,0,0,0,207,204,3,0,3,151,151,0,0,0,47,47,0,0,0
S01008951,446,435,11,3,8,127,127,0,0,0,12,12,0,0,0,49,49,0,0,0,66,66,0,0,0,319,308,11,3,8
S01008952,433,421,12,0,12,40,38,2,0,2,9,9,0,0,0,17,15,2,0,2,14,14,0,0,0,393,383,10,0,10
S01008953,434,424,10,0,10,264,258,6,0,6,21,20,1,0,1,112,107,5,0,5,131,131,0,0,0,170,166,4,0,4
S01008954,444,434,10,0,10,249,245,4,0,4,8,8,0,0,0,108,106,2,0,2,133,131,2,0,2,195,189,6,0,6
S01008955,293,282,11,2,9,223,220,3,0,3,49,49,0,0,0,92,91,1,0,1,82,80,2,0,2,70,62,8,2,6
S01008956,410,406,4,0,4,342,339,3,0,3,61,61,0,0,0,74,73,1,0,1,207,205,2,0,2,68,67,1,0,1
S01008957,436,429,7,1,6,297,293,4,1,3,65,65,0,0,0,65,65,0,0,0,167,163,4,1,3,139,136,3,0,3
S01008958,414,404,10,1,9,168,165,3,0,3,23,23,0,0,0,32,31,1,0,1,113,111,2,0,2,246,239,7,1,6
S01008959,383,380,3,0,3,273,273,0,0,0,16,16,0,0,0,72,72,0,0,0,185,185,0,0,0,110,107,3,0,3
S01008960,332,328,4,0,4,229,227,2,0,2,159,157,2,0,2,23,23,0,0,0,47,47,0,0,0,103,101,2,0,2
S01008961,321,319,2,1,1,249,247,2,1,1,70,69,1,1,0,76,75,1,0,1,103,103,0,0,0,72,72,0,0,0
S01008962,280,275,5,1,4,237,234,3,1,2,73,72,1,1,0,158,156,2,0,2,6,6,0,0,0,43,41,2,0,2
S01008963,356,349,7,2,5,305,300,5,2,3,160,156,4,1,3,132,132,0,0,0,13,12,1,1,0,51,49,2,0,2
S01008964,215,211,4,0,4,203,200,3,0,3,143,140,3,0,3,55,55,0,0,0,5,5,0,0,0,12,11,1,0,1
S01008965,329,321,8,2,6,316,308,8,2,6,255,249,6,1,5,43,43,0,0,0,18,16,2,1,1,13,13,0,0,0
S01008966,257,252,5,1,4,249,244,5,1,4,115,112,3,1,2,128,126,2,0,2,6,6,0,0,0,8,8,0,0,0
S01008967,440,430,10,1,9,421,412,9,0,9,232,227,5,0,5,146,145,1,0,1,43,40,3,0,3,19,18,1,1,0
S01008968,402,398,4,1,3,380,376,4,1,3,141,140,1,0,1,194,193,1,1,0,45,43,2,0,2,22,22,0,0,0
S01008969,466,460,6,0,6,342,339,3,0,3,104,104,0,0,0,172,169,3,0,3,66,66,0,0,0,124,121,3,0,3
S01008970,443,438,5,1,4,308,305,3,1,2,150,149,1,1,0,129,127,2,0,2,29,29,0,0,0,135,133,2,0,2
S01008971,274,273,1,0,1,233,232,1,0,1,109,108,1,0,1,100,100,0,0,0,24,24,0,0,0,41,41,0,0,0
S01008972,309,304,5,3,2,230,228,2,1,1,68,68,0,0,0,126,124,2,1,1,36,36,0,0,0,79,76,3,2,1
S01008973,371,361,10,6,4,191,190,1,1,0,20,20,0,0,0,72,72,0,0,0,99,98,1,1,0,180,171,9,5,4
S01008974,393,374,19,5,14,175,174,1,0,1,79,79,0,0,0,70,70,0,0,0,26,25,1,0,1,218,200,18,5,13
S01008975,458,449,9,4,5,134,130,4,0,4,18,18,0,0,0,46,46,0,0,0,70,66,4,0,4,324,319,5,4,1
S01008976,218,212,6,2,4,168,166,2,0,2,60,58,2,0,2,60,60,0,0,0,48,48,0,0,0,50,46,4,2,2
S01008977,260,256,4,1,3,221,219,2,0,2,101,100,1,0,1,63,63,0,0,0,57,56,1,0,1,39,37,2,1,1
S01008978,255,252,3,0,3,97,97,0,0,0,2,2,0,0,0,27,27,0,0,0,68,68,0,0,0,158,155,3,0,3
S01008979,313,308,5,0,5,40,40,0,0,0,2,2,0,0,0,24,24,0,0,0,14,14,0,0,0,273,268,5,0,5
S01008980,338,334,4,0,4,63,63,0,0,0,6,6,0,0,0,34,34,0,0,0,23,23,0,0,0,275,271,4,0,4
S01008981,322,316,6,1,5,281,276,5,1,4,48,46,2,1,1,111,110,1,0,1,122,120,2,0,2,41,40,1,0,1
S01008982,357,352,5,0,5,45,44,1,0,1,1,1,0,0,0,25,24,1,0,1,19,19,0,0,0,312,308,4,0,4
S01008983,328,314,14,0,14,20,20,0,0,0,1,1,0,0,0,2,2,0,0,0,17,17,0,0,0,308,294,14,0,14
S01008984,229,227,2,0,2,34,34,0,0,0,4,4,0,0,0,15,15,0,0,0,15,15,0,0,0,195,193,2,0,2
S01008985,332,326,6,0,6,166,164,2,0,2,4,4,0,0,0,51,51,0,0,0,111,109,2,0,2,166,162,4,0,4
S01008986,344,343,1,1,0,332,331,1,1,0,1,1,0,0,0,310,310,0,0,0,21,20,1,1,0,12,12,0,0,0
S01008987,331,330,1,0,1,318,317,1,0,1,2,2,0,0,0,311,310,1,0,1,5,5,0,0,0,13,13,0,0,0
S01008988,494,481,13,6,7,237,234,3,1,2,49,48,1,1,0,52,51,1,0,1,136,135,1,0,1,257,247,10,5,5
S01008989,327,323,4,1,3,193,192,1,0,1,5,5,0,0,0,33,33,0,0,0,155,154,1,0,1,134,131,3,1,2
S01008990,391,383,8,1,7,220,217,3,0,3,9,9,0,0,0,37,37,0,0,0,174,171,3,0,3,171,166,5,1,4
S01008991,390,381,9,3,6,321,317,4,0,4,80,79,1,0,1,147,145,2,0,2,94,93,1,0,1,69,64,5,3,2
S01008992,275,270,5,2,3,120,118,2,0,2,28,28,0,0,0,70,70,0,0,0,22,20,2,0,2,155,152,3,2,1
S01008993,508,476,32,5,27,343,322,21,0,21,149,135,14,0,14,124,119,5,0,5,70,68,2,0,2,165,154,11,5,6
S01008994,342,337,5,1,4,289,284,5,1,4,41,40,1,0,1,124,123,1,1,0,124,121,3,0,3,53,53,0,0,0
S01008995,356,352,4,1,3,297,293,4,1,3,140,138,2,1,1,142,140,2,0,2,15,15,0,0,0,59,59,0,0,0
S01008996,258,251,7,0,7,243,236,7,0,7,42,40,2,0,2,61,61,0,0,0,140,135,5,0,5,15,15,0,0,0
S01008997,417,411,6,0,6,383,378,5,0,5,127,127,0,0,0,107,105,2,0,2,149,146,3,0,3,34,33,1,0,1
S01008998,244,236,8,0,8,203,202,1,0,1,22,21,1,0,1,109,109,0,0,0,72,72,0,0,0,41,34,7,0,7
S01008999,424,411,13,0,13,307,301,6,0,6,92,92,0,0,0,107,105,2,0,2,108,104,4,0,4,117,110,7,0,7
S01009000,400,393,7,1,6,367,361,6,1,5,69,67,2,0,2,263,260,3,0,3,35,34,1,1,0,33,32,1,0,1
S01009001,326,323,3,0,3,297,296,1,0,1,176,176,0,0,0,112,111,1,0,1,9,9,0,0,0,29,27,2,0,2
S01009002,379,348,31,6,25,330,300,30,6,24,134,126,8,1,7,115,98,17,0,17,81,76,5,5,0,49,48,1,0,1
S01009003,406,394,12,6,6,318,308,10,5,5,174,171,3,2,1,64,63,1,0,1,80,74,6,3,3,88,86,2,1,1
S01009004,276,270,6,0,6,250,245,5,0,5,23,23,0,0,0,30,30,0,0,0,197,192,5,0,5,26,25,1,0,1
S01009005,331,327,4,1,3,269,267,2,1,1,17,17,0,0,0,40,40,0,0,0,212,210,2,1,1,62,60,2,0,2
S01009006,322,318,4,0,4,240,237,3,0,3,31,30,1,0,1,68,68,0,0,0,141,139,2,0,2,82,81,1,0,1
S01009007,298,290,8,0,8,256,249,7,0,7,4,4,0,0,0,55,54,1,0,1,197,191,6,0,6,42,41,1,0,1
S01009008,463,445,18,8,10,252,245,7,3,4,153,150,3,0,3,68,68,0,0,0,31,27,4,3,1,211,200,11,5,6
S01009009,265,252,13,2,11,44,39,5,2,3,7,6,1,1,0,12,9,3,1,2,25,24,1,0,1,221,213,8,0,8
S01009010,418,404,14,0,14,330,321,9,0,9,65,65,0,0,0,145,145,0,0,0,120,111,9,0,9,88,83,5,0,5
S01009011,320,319,1,1,0,313,312,1,1,0,136,135,1,1,0,125,125,0,0,0,52,52,0,0,0,7,7,0,0,0
S01009012,301,296,5,0,5,282,278,4,0,4,81,79,2,0,2,135,135,0,0,0,66,64,2,0,2,19,18,1,0,1
S01009013,368,363,5,1,4,337,333,4,0,4,100,100,0,0,0,87,85,2,0,2,150,148,2,0,2,31,30,1,1,0
S01009014,354,284,70,63,7,341,274,67,61,6,222,162,60,58,2,98,92,6,3,3,21,20,1,0,1,13,10,3,2,1
S01009015,379,303,76,62,14,376,300,76,62,14,317,243,74,61,13,55,53,2,1,1,4,4,0,0,0,3,3,0,0,0
S01009016,286,250,36,29,7,284,248,36,29,7,237,201,36,29,7,39,39,0,0,0,8,8,0,0,0,2,2,0,0,0
S01009017,315,278,37,17,20,285,249,36,17,19,193,167,26,15,11,74,66,8,2,6,18,16,2,0,2,30,29,1,0,1
S01009018,369,326,43,36,7,360,320,40,33,7,293,254,39,32,7,61,60,1,1,0,6,6,0,0,0,9,6,3,3,0
S01009019,227,221,6,4,2,218,213,5,3,2,152,148,4,3,1,43,42,1,0,1,23,23,0,0,0,9,8,1,1,0
S01009020,395,366,29,10,19,391,364,27,8,19,183,169,14,8,6,78,71,7,0,7,130,124,6,0,6,4,2,2,2,0
S01009021,419,344,75,69,6,407,335,72,67,5,357,286,71,67,4,49,48,1,0,1,1,1,0,0,0,12,9,3,2,1
S01009022,513,447,66,53,13,501,438,63,50,13,388,334,54,47,7,91,83,8,3,5,22,21,1,0,1,12,9,3,3,0
S01009023,525,435,90,81,9,522,433,89,80,9,442,356,86,78,8,67,65,2,2,0,13,12,1,0,1,3,2,1,1,0
S01009024,538,476,62,41,21,506,447,59,39,20,350,296,54,37,17,92,89,3,1,2,64,62,2,1,1,32,29,3,2,1
S01009025,511,433,78,43,35,506,429,77,43,34,438,367,71,41,30,65,59,6,2,4,3,3,0,0,0,5,4,1,0,1
S01009026,424,411,13,3,10,419,406,13,3,10,352,341,11,3,8,60,58,2,0,2,7,7,0,0,0,5,5,0,0,0
S01009027,465,373,92,83,9,460,370,90,81,9,410,320,90,81,9,47,47,0,0,0,3,3,0,0,0,5,3,2,2,0
S01009028,258,232,26,20,6,250,224,26,20,6,217,191,26,20,6,29,29,0,0,0,4,4,0,0,0,8,8,0,0,0
S01009029,313,286,27,19,8,304,280,24,16,8,253,231,22,15,7,42,40,2,1,1,9,9,0,0,0,9,6,3,3,0
S01009030,349,321,28,16,12,346,319,27,15,12,275,250,25,15,10,63,61,2,0,2,8,8,0,0,0,3,2,1,1,0
S01009031,373,356,17,9,8,362,345,17,9,8,282,267,15,9,6,70,70,0,0,0,10,8,2,0,2,11,11,0,0,0
S01009032,334,299,35,31,4,332,298,34,30,4,308,274,34,30,4,24,24,0,0,0,0,0,0,0,0,2,1,1,1,0
S01009033,397,359,38,35,3,396,358,38,35,3,365,327,38,35,3,26,26,0,0,0,5,5,0,0,0,1,1,0,0,0
S01009034,311,283,28,20,8,310,282,28,20,8,281,253,28,20,8,22,22,0,0,0,7,7,0,0,0,1,1,0,0,0
S01009035,392,381,11,5,6,390,380,10,4,6,325,316,9,4,5,62,61,1,0,1,3,3,0,0,0,2,1,1,1,0
S01009036,450,437,13,5,8,445,432,13,5,8,303,293,10,3,7,113,111,2,1,1,29,28,1,1,0,5,5,0,0,0
S01009037,417,367,50,5,45,411,364,47,5,42,305,278,27,4,23,103,83,20,1,19,3,3,0,0,0,6,3,3,0,3
S01009038,477,440,37,9,28,466,433,33,9,24,308,283,25,8,17,140,132,8,1,7,18,18,0,0,0,11,7,4,0,4
S01009039,325,313,12,1,11,277,268,9,1,8,70,67,3,1,2,81,79,2,0,2,126,122,4,0,4,48,45,3,0,3
S01009040,351,338,13,3,10,238,234,4,1,3,26,25,1,1,0,80,78,2,0,2,132,131,1,0,1,113,104,9,2,7
S01009041,534,503,31,8,23,269,254,15,6,9,103,96,7,4,3,120,113,7,1,6,46,45,1,1,0,265,249,16,2,14
S01009042,407,401,6,2,4,295,291,4,2,2,113,112,1,1,0,161,158,3,1,2,21,21,0,0,0,112,110,2,0,2
S01009043,303,293,10,3,7,251,241,10,3,7,90,86,4,1,3,66,63,3,2,1,95,92,3,0,3,52,52,0,0,0
S01009044,430,412,18,2,16,348,339,9,2,7,70,68,2,0,2,141,136,5,1,4,137,135,2,1,1,82,73,9,0,9
S01009045,303,287,16,8,8,284,269,15,7,8,127,120,7,3,4,72,68,4,4,0,85,81,4,0,4,19,18,1,1,0
S01009046,382,363,19,5,14,380,361,19,5,14,290,273,17,4,13,60,59,1,0,1,30,29,1,1,0,2,2,0,0,0
S01009047,353,336,17,7,10,352,335,17,7,10,275,262,13,5,8,74,70,4,2,2,3,3,0,0,0,1,1,0,0,0
S01009048,376,348,28,15,13,376,348,28,15,13,345,320,25,13,12,30,27,3,2,1,1,1,0,0,0,0,0,0,0,0
S01009049,302,274,28,16,12,300,272,28,16,12,255,230,25,16,9,22,22,0,0,0,23,20,3,0,3,2,2,0,0,0
S01009050,381,370,11,4,7,271,264,7,4,3,104,103,1,0,1,97,96,1,0,1,70,65,5,4,1,110,106,4,0,4
S01009051,299,292,7,4,3,272,270,2,0,2,69,69,0,0,0,86,86,0,0,0,117,115,2,0,2,27,22,5,4,1
S01009052,308,305,3,0,3,239,237,2,0,2,97,95,2,0,2,68,68,0,0,0,74,74,0,0,0,69,68,1,0,1
S01009053,298,259,39,20,19,81,79,2,0,2,9,9,0,0,0,38,37,1,0,1,34,33,1,0,1,217,180,37,20,17
S01009054,252,249,3,0,3,247,244,3,0,3,8,8,0,0,0,104,101,3,0,3,135,135,0,0,0,5,5,0,0,0
S01009055,374,361,13,2,11,322,314,8,0,8,172,168,4,0,4,73,71,2,0,2,77,75,2,0,2,52,47,5,2,3
S01009056,221,217,4,0,4,176,174,2,0,2,17,17,0,0,0,90,90,0,0,0,69,67,2,0,2,45,43,2,0,2
S01009057,288,282,6,1,5,72,68,4,0,4,18,17,1,0,1,19,18,1,0,1,35,33,2,0,2,216,214,2,1,1
S01009058,389,385,4,0,4,247,245,2,0,2,29,29,0,0,0,69,69,0,0,0,149,147,2,0,2,142,140,2,0,2
S01009059,367,347,20,0,20,283,276,7,0,7,138,137,1,0,1,66,65,1,0,1,79,74,5,0,5,84,71,13,0,13
S01009060,195,188,7,2,5,178,176,2,1,1,165,163,2,1,1,7,7,0,0,0,6,6,0,0,0,17,12,5,1,4
S01009061,335,326,9,0,9,316,308,8,0,8,5,5,0,0,0,49,49,0,0,0,262,254,8,0,8,19,18,1,0,1
S01009062,303,298,5,0,5,243,238,5,0,5,11,11,0,0,0,91,91,0,0,0,141,136,5,0,5,60,60,0,0,0
S01009063,307,291,16,0,16,301,285,16,0,16,109,100,9,0,9,64,61,3,0,3,128,124,4,0,4,6,6,0,0,0
S01009064,269,264,5,0,5,217,213,4,0,4,9,9,0,0,0,40,39,1,0,1,168,165,3,0,3,52,51,1,0,1
S01009065,353,328,25,13,12,136,132,4,0,4,12,12,0,0,0,81,78,3,0,3,43,42,1,0,1,217,196,21,13,8
S01009066,330,319,11,0,11,283,272,11,0,11,22,20,2,0,2,83,83,0,0,0,178,169,9,0,9,47,47,0,0,0
S01009067,306,302,4,0,4,299,295,4,0,4,196,192,4,0,4,91,91,0,0,0,12,12,0,0,0,7,7,0,0,0
S01009068,398,386,12,0,12,354,344,10,0,10,38,38,0,0,0,174,170,4,0,4,142,136,6,0,6,44,42,2,0,2
S01009069,253,249,4,0,4,246,242,4,0,4,128,125,3,0,3,102,101,1,0,1,16,16,0,0,0,7,7,0,0,0
S01009070,271,269,2,0,2,211,210,1,0,1,79,79,0,0,0,83,83,0,0,0,49,48,1,0,1,60,59,1,0,1
S01009071,235,228,7,3,4,206,201,5,3,2,62,62,0,0,0,55,55,0,0,0,89,84,5,3,2,29,27,2,0,2
S01009072,209,199,10,0,10,191,182,9,0,9,109,102,7,0,7,34,32,2,0,2,48,48,0,0,0,18,17,1,0,1
S01009073,258,251,7,2,5,230,224,6,2,4,25,24,1,0,1,91,90,1,0,1,114,110,4,2,2,28,27,1,0,1
S01009074,294,290,4,0,4,279,275,4,0,4,15,15,0,0,0,99,98,1,0,1,165,162,3,0,3,15,15,0,0,0
S01009075,238,233,5,1,4,219,215,4,1,3,76,74,2,1,1,40,39,1,0,1,103,102,1,0,1,19,18,1,0,1
S01009076,385,381,4,0,4,253,251,2,0,2,42,42,0,0,0,162,160,2,0,2,49,49,0,0,0,132,130,2,0,2
S01009077,270,259,11,0,11,214,213,1,0,1,68,68,0,0,0,123,122,1,0,1,23,23,0,0,0,56,46,10,0,10
S01009078,273,271,2,0,2,268,266,2,0,2,178,177,1,0,1,79,78,1,0,1,11,11,0,0,0,5,5,0,0,0
S01009079,401,388,13,0,13,297,290,7,0,7,36,36,0,0,0,79,77,2,0,2,182,177,5,0,5,104,98,6,0,6
S01009080,438,430,8,1,7,401,393,8,1,7,40,39,1,1,0,153,153,0,0,0,208,201,7,0,7,37,37,0,0,0
S01009081,320,311,9,0,9,303,296,7,0,7,65,65,0,0,0,117,112,5,0,5,121,119,2,0,2,17,15,2,0,2
S01009082,435,426,9,0,9,361,353,8,0,8,49,49,0,0,0,151,148,3,0,3,161,156,5,0,5,74,73,1,0,1
S01009083,353,349,4,0,4,251,247,4,0,4,87,86,1,0,1,104,101,3,0,3,60,60,0,0,0,102,102,0,0,0
S01009084,184,177,7,2,5,145,140,5,0,5,114,111,3,0,3,28,26,2,0,2,3,3,0,0,0,39,37,2,2,0
S01009085,285,280,5,0,5,278,273,5,0,5,151,149,2,0,2,123,120,3,0,3,4,4,0,0,0,7,7,0,0,0
S01009086,308,305,3,0,3,209,207,2,0,2,75,75,0,0,0,119,117,2,0,2,15,15,0,0,0,99,98,1,0,1
S01009087,252,247,5,0,5,202,199,3,0,3,62,62,0,0,0,71,68,3,0,3,69,69,0,0,0,50,48,2,0,2
S01009088,395,385,10,2,8,369,360,9,2,7,196,192,4,1,3,136,133,3,1,2,37,35,2,0,2,26,25,1,0,1
S01009089,332,325,7,0,7,324,318,6,0,6,265,261,4,0,4,53,51,2,0,2,6,6,0,0,0,8,7,1,0,1
S01009090,346,333,13,3,10,217,207,10,1,9,123,115,8,1,7,20,20,0,0,0,74,72,2,0,2,129,126,3,2,1
S01009091,225,223,2,0,2,207,206,1,0,1,194,193,1,0,1,8,8,0,0,0,5,5,0,0,0,18,17,1,0,1
S01009092,488,482,6,0,6,376,371,5,0,5,83,82,1,0,1,165,161,4,0,4,128,128,0,0,0,112,111,1,0,1
S01009093,350,343,7,0,7,248,246,2,0,2,19,19,0,0,0,113,113,0,0,0,116,114,2,0,2,102,97,5,0,5
S01009094,294,290,4,0,4,291,287,4,0,4,154,153,1,0,1,131,128,3,0,3,6,6,0,0,0,3,3,0,0,0
S01009095,369,360,9,1,8,220,216,4,0,4,97,96,1,0,1,107,104,3,0,3,16,16,0,0,0,149,144,5,1,4
S01009096,393,384,9,0,9,279,277,2,0,2,195,194,1,0,1,51,51,0,0,0,33,32,1,0,1,114,107,7,0,7
S01009097,347,347,0,0,0,318,318,0,0,0,185,185,0,0,0,116,116,0,0,0,17,17,0,0,0,29,29,0,0,0
S01009098,191,190,1,0,1,185,184,1,0,1,110,109,1,0,1,62,62,0,0,0,13,13,0,0,0,6,6,0,0,0
S01009099,394,384,10,0,10,242,238,4,0,4,28,28,0,0,0,161,157,4,0,4,53,53,0,0,0,152,146,6,0,6
S01009100,408,397,11,0,11,225,223,2,0,2,17,17,0,0,0,103,103,0,0,0,105,103,2,0,2,183,174,9,0,9
S01009101,382,369,13,0,13,346,337,9,0,9,11,11,0,0,0,161,155,6,0,6,174,171,3,0,3,36,32,4,0,4
S01009102,328,317,11,0,11,283,274,9,0,9,20,20,0,0,0,197,190,7,0,7,66,64,2,0,2,45,43,2,0,2
S01009103,249,246,3,0,3,229,226,3,0,3,118,117,1,0,1,96,94,2,0,2,15,15,0,0,0,20,20,0,0,0
S01009104,360,352,8,1,7,248,242,6,1,5,64,64,0,0,0,82,78,4,0,4,102,100,2,1,1,112,110,2,0,2
S01009105,346,337,9,0,9,278,274,4,0,4,50,50,0,0,0,149,147,2,0,2,79,77,2,0,2,68,63,5,0,5
S01009106,267,264,3,0,3,225,223,2,0,2,10,10,0,0,0,43,42,1,0,1,172,171,1,0,1,42,41,1,0,1
S01009107,336,333,3,1,2,316,313,3,1,2,118,116,2,0,2,102,102,0,0,0,96,95,1,1,0,20,20,0,0,0
S01009108,318,313,5,0,5,248,243,5,0,5,86,82,4,0,4,152,151,1,0,1,10,10,0,0,0,70,70,0,0,0
S01009109,266,263,3,0,3,264,261,3,0,3,139,136,3,0,3,94,94,0,0,0,31,31,0,0,0,2,2,0,0,0
S01009110,275,263,12,0,12,257,245,12,0,12,6,6,0,0,0,114,108,6,0,6,137,131,6,0,6,18,18,0,0,0
S01009111,381,372,9,1,8,336,328,8,1,7,96,94,2,0,2,137,136,1,0,1,103,98,5,1,4,45,44,1,0,1
S01009112,241,238,3,0,3,240,237,3,0,3,83,82,1,0,1,146,146,0,0,0,11,9,2,0,2,1,1,0,0,0
S01009113,385,381,4,1,3,335,332,3,0,3,201,199,2,0,2,125,124,1,0,1,9,9,0,0,0,50,49,1,1,0
S01009114,304,303,1,0,1,263,262,1,0,1,80,80,0,0,0,121,120,1,0,1,62,62,0,0,0,41,41,0,0,0
S01009115,268,259,9,0,9,155,151,4,0,4,79,76,3,0,3,50,49,1,0,1,26,26,0,0,0,113,108,5,0,5
S01009116,192,191,1,0,1,166,165,1,0,1,68,68,0,0,0,94,94,0,0,0,4,3,1,0,1,26,26,0,0,0
S01009117,402,391,11,0,11,265,262,3,0,3,41,41,0,0,0,131,130,1,0,1,93,91,2,0,2,137,129,8,0,8
S01009118,219,215,4,0,4,218,214,4,0,4,87,87,0,0,0,93,90,3,0,3,38,37,1,0,1,1,1,0,0,0
S01009119,300,297,3,0,3,275,273,2,0,2,7,7,0,0,0,177,175,2,0,2,91,91,0,0,0,25,24,1,0,1
S01009120,235,233,2,0,2,180,178,2,0,2,18,18,0,0,0,47,47,0,0,0,115,113,2,0,2,55,55,0,0,0
S01009121,387,380,7,0,7,161,161,0,0,0,21,21,0,0,0,62,62,0,0,0,78,78,0,0,0,226,219,7,0,7
S01009122,432,417,15,9,6,339,328,11,5,6,140,138,2,0,2,99,98,1,0,1,100,92,8,5,3,93,89,4,4,0
S01009123,218,215,3,1,2,206,203,3,1,2,118,117,1,0,1,36,35,1,0,1,52,51,1,1,0,12,12,0,0,0
S01009124,220,217,3,0,3,212,209,3,0,3,80,80,0,0,0,78,75,3,0,3,54,54,0,0,0,8,8,0,0,0
S01009125,303,301,2,0,2,245,243,2,0,2,90,90,0,0,0,112,111,1,0,1,43,42,1,0,1,58,58,0,0,0
S01009126,324,281,43,36,7,130,117,13,12,1,15,15,0,0,0,34,33,1,1,0,81,69,12,11,1,194,164,30,24,6
S01009127,297,269,28,21,7,193,177,16,11,5,14,14,0,0,0,56,56,0,0,0,123,107,16,11,5,104,92,12,10,2
S01009128,488,467,21,1,20,84,82,2,0,2,15,15,0,0,0,51,50,1,0,1,18,17,1,0,1,404,385,19,1,18
S01009129,215,205,10,1,9,79,78,1,0,1,4,4,0,0,0,65,64,1,0,1,10,10,0,0,0,136,127,9,1,8
S01009130,279,271,8,3,5,169,166,3,3,0,68,68,0,0,0,53,53,0,0,0,48,45,3,3,0,110,105,5,0,5
S01009131,270,260,10,4,6,70,68,2,0,2,7,7,0,0,0,55,53,2,0,2,8,8,0,0,0,200,192,8,4,4
S01009132,335,329,6,0,6,248,244,4,0,4,128,128,0,0,0,74,74,0,0,0,46,42,4,0,4,87,85,2,0,2
S01009133,315,301,14,11,3,57,57,0,0,0,6,6,0,0,0,44,44,0,0,0,7,7,0,0,0,258,244,14,11,3
S01009134,419,409,10,6,4,269,263,6,3,3,21,21,0,0,0,239,236,3,1,2,9,6,3,2,1,150,146,4,3,1
S01009135,267,264,3,2,1,145,144,1,0,1,49,49,0,0,0,70,69,1,0,1,26,26,0,0,0,122,120,2,2,0
S01009136,289,275,14,0,14,179,177,2,0,2,153,152,1,0,1,15,14,1,0,1,11,11,0,0,0,110,98,12,0,12
S01009137,205,203,2,0,2,198,196,2,0,2,188,186,2,0,2,8,8,0,0,0,2,2,0,0,0,7,7,0,0,0
S01009138,405,395,10,0,10,301,294,7,0,7,36,36,0,0,0,164,160,4,0,4,101,98,3,0,3,104,101,3,0,3
S01009139,281,239,42,27,15,51,49,2,0,2,15,13,2,0,2,19,19,0,0,0,17,17,0,0,0,230,190,40,27,13
S01009140,395,381,14,0,14,137,135,2,0,2,10,9,1,0,1,65,64,1,0,1,62,62,0,0,0,258,246,12,0,12
S01009141,508,473,35,5,30,146,142,4,0,4,8,8,0,0,0,92,89,3,0,3,46,45,1,0,1,362,331,31,5,26
S01009142,493,393,100,40,60,99,99,0,0,0,15,15,0,0,0,33,33,0,0,0,51,51,0,0,0,394,294,100,40,60
S01009143,331,312,19,1,18,62,62,0,0,0,6,6,0,0,0,39,39,0,0,0,17,17,0,0,0,269,250,19,1,18
S01009144,324,306,18,0,18,201,186,15,0,15,84,80,4,0,4,53,48,5,0,5,64,58,6,0,6,123,120,3,0,3
S01009145,500,497,3,1,2,289,287,2,1,1,34,34,0,0,0,97,96,1,1,0,158,157,1,0,1,211,210,1,0,1
S01009146,427,417,10,1,9,160,159,1,0,1,9,9,0,0,0,127,126,1,0,1,24,24,0,0,0,267,258,9,1,8
S01009147,362,353,9,0,9,186,180,6,0,6,5,4,1,0,1,106,104,2,0,2,75,72,3,0,3,176,173,3,0,3
S01009148,263,260,3,0,3,221,218,3,0,3,9,9,0,0,0,113,112,1,0,1,99,97,2,0,2,42,42,0,0,0
S01009149,401,384,17,2,15,192,188,4,0,4,99,98,1,0,1,89,86,3,0,3,4,4,0,0,0,209,196,13,2,11
S01009150,590,574,16,0,16,20,20,0,0,0,7,7,0,0,0,9,9,0,0,0,4,4,0,0,0,570,554,16,0,16
S01009151,489,474,15,2,13,176,174,2,0,2,24,24,0,0,0,122,121,1,0,1,30,29,1,0,1,313,300,13,2,11
S01009152,482,462,20,1,19,51,48,3,1,2,18,18,0,0,0,11,11,0,0,0,22,19,3,1,2,431,414,17,0,17
S01009153,288,266,22,2,20,65,60,5,0,5,11,11,0,0,0,45,41,4,0,4,9,8,1,0,1,223,206,17,2,15
S01009154,461,438,23,1,22,249,239,10,0,10,131,124,7,0,7,114,111,3,0,3,4,4,0,0,0,212,199,13,1,12
S01009155,244,234,10,0,10,148,147,1,0,1,49,48,1,0,1,92,92,0,0,0,7,7,0,0,0,96,87,9,0,9
S01009156,266,247,19,3,16,223,209,14,3,11,147,142,5,0,5,54,52,2,0,2,22,15,7,3,4,43,38,5,0,5
S01009157,374,366,8,1,7,347,339,8,1,7,28,28,0,0,0,137,131,6,0,6,182,180,2,1,1,27,27,0,0,0
S01009158,287,277,10,0,10,184,180,4,0,4,10,10,0,0,0,54,52,2,0,2,120,118,2,0,2,103,97,6,0,6
S01009159,261,250,11,0,11,95,94,1,0,1,7,7,0,0,0,40,40,0,0,0,48,47,1,0,1,166,156,10,0,10
S01009160,347,327,20,1,19,126,124,2,0,2,21,20,1,0,1,82,82,0,0,0,23,22,1,0,1,221,203,18,1,17
S01009161,370,349,21,11,10,87,86,1,0,1,8,8,0,0,0,25,25,0,0,0,54,53,1,0,1,283,263,20,11,9
S01009162,463,436,27,22,5,97,95,2,1,1,14,14,0,0,0,61,60,1,0,1,22,21,1,1,0,366,341,25,21,4
S01009163,250,233,17,10,7,113,111,2,0,2,24,22,2,0,2,72,72,0,0,0,17,17,0,0,0,137,122,15,10,5
S01009164,318,307,11,0,11,313,302,11,0,11,8,8,0,0,0,94,92,2,0,2,211,202,9,0,9,5,5,0,0,0
S01009165,332,324,8,1,7,198,195,3,0,3,4,4,0,0,0,77,77,0,0,0,117,114,3,0,3,134,129,5,1,4
S01009166,407,399,8,0,8,210,207,3,0,3,10,10,0,0,0,116,114,2,0,2,84,83,1,0,1,197,192,5,0,5
S01009167,204,198,6,1,5,179,174,5,0,5,5,5,0,0,0,78,78,0,0,0,96,91,5,0,5,25,24,1,1,0
S01009168,306,297,9,0,9,264,258,6,0,6,122,121,1,0,1,99,96,3,0,3,43,41,2,0,2,42,39,3,0,3
S01009169,427,420,7,1,6,168,167,1,1,0,31,31,0,0,0,53,53,0,0,0,84,83,1,1,0,259,253,6,0,6
S01009170,309,282,27,11,16,265,253,12,0,12,10,10,0,0,0,44,43,1,0,1,211,200,11,0,11,44,29,15,11,4
S01009171,328,297,31,20,11,210,192,18,7,11,26,25,1,0,1,31,31,0,0,0,153,136,17,7,10,118,105,13,13,0
S01009172,296,288,8,0,8,230,223,7,0,7,113,111,2,0,2,115,110,5,0,5,2,2,0,0,0,66,65,1,0,1
S01009173,315,309,6,0,6,298,292,6,0,6,145,142,3,0,3,103,101,2,0,2,50,49,1,0,1,17,17,0,0,0
S01009174,162,162,0,0,0,154,154,0,0,0,133,133,0,0,0,20,20,0,0,0,1,1,0,0,0,8,8,0,0,0
S01009175,306,300,6,1,5,302,296,6,1,5,224,219,5,1,4,69,68,1,0,1,9,9,0,0,0,4,4,0,0,0
S01009176,403,400,3,2,1,397,394,3,2,1,279,277,2,1,1,107,106,1,1,0,11,11,0,0,0,6,6,0,0,0
S01009177,371,367,4,0,4,282,280,2,0,2,24,24,0,0,0,72,72,0,0,0,186,184,2,0,2,89,87,2,0,2
S01009178,326,320,6,0,6,236,233,3,0,3,17,17,0,0,0,53,53,0,0,0,166,163,3,0,3,90,87,3,0,3
S01009179,285,273,12,9,3,264,252,12,9,3,10,10,0,0,0,34,34,0,0,0,220,208,12,9,3,21,21,0,0,0
S01009180,447,437,10,0,10,303,298,5,0,5,7,7,0,0,0,96,95,1,0,1,200,196,4,0,4,144,139,5,0,5
S01009181,362,361,1,1,0,313,312,1,1,0,60,60,0,0,0,167,167,0,0,0,86,85,1,1,0,49,49,0,0,0
S01009182,422,419,3,1,2,393,390,3,1,2,159,159,0,0,0,147,146,1,0,1,87,85,2,1,1,29,29,0,0,0
S01009183,267,267,0,0,0,258,258,0,0,0,192,192,0,0,0,47,47,0,0,0,19,19,0,0,0,9,9,0,0,0
S01009184,399,376,23,0,23,307,293,14,0,14,104,100,4,0,4,90,88,2,0,2,113,105,8,0,8,92,83,9,0,9
S01009185,372,354,18,0,18,341,327,14,0,14,89,83,6,0,6,150,143,7,0,7,102,101,1,0,1,31,27,4,0,4
S01009186,319,312,7,0,7,268,263,5,0,5,103,102,1,0,1,91,89,2,0,2,74,72,2,0,2,51,49,2,0,2
S01009187,220,215,5,1,4,205,201,4,1,3,129,127,2,0,2,45,43,2,1,1,31,31,0,0,0,15,14,1,0,1
S01009188,403,383,20,1,19,342,326,16,1,15,131,124,7,1,6,124,119,5,0,5,87,83,4,0,4,61,57,4,0,4
S01009189,342,336,6,0,6,236,233,3,0,3,27,27,0,0,0,153,150,3,0,3,56,56,0,0,0,106,103,3,0,3
S01009190,320,309,11,0,11,304,295,9,0,9,173,165,8,0,8,76,76,0,0,0,55,54,1,0,1,16,14,2,0,2
S01009191,232,229,3,2,1,230,227,3,2,1,192,189,3,2,1,23,23,0,0,0,15,15,0,0,0,2,2,0,0,0
S01009192,262,258,4,0,4,240,236,4,0,4,56,56,0,0,0,106,105,1,0,1,78,75,3,0,3,22,22,0,0,0
S01009193,130,127,3,0,3,126,123,3,0,3,63,60,3,0,3,33,33,0,0,0,30,30,0,0,0,4,4,0,0,0
S01009194,328,323,5,0,5,321,316,5,0,5,234,231,3,0,3,81,79,2,0,2,6,6,0,0,0,7,7,0,0,0
S01009195,359,353,6,0,6,310,305,5,0,5,101,100,1,0,1,129,127,2,0,2,80,78,2,0,2,49,48,1,0,1
S01009196,300,298,2,0,2,246,245,1,0,1,40,40,0,0,0,161,161,0,0,0,45,44,1,0,1,54,53,1,0,1
S01009197,413,401,12,0,12,389,379,10,0,10,230,224,6,0,6,91,90,1,0,1,68,65,3,0,3,24,22,2,0,2
S01009198,311,306,5,0,5,248,245,3,0,3,133,131,2,0,2,98,98,0,0,0,17,16,1,0,1,63,61,2,0,2
S01009199,250,248,2,0,2,238,236,2,0,2,116,115,1,0,1,89,88,1,0,1,33,33,0,0,0,12,12,0,0,0
S01009200,458,439,19,0,19,408,391,17,0,17,325,314,11,0,11,69,65,4,0,4,14,12,2,0,2,50,48,2,0,2
S01009201,275,268,7,0,7,218,214,4,0,4,31,30,1,0,1,70,70,0,0,0,117,114,3,0,3,57,54,3,0,3
S01009202,192,190,2,0,2,187,185,2,0,2,140,139,1,0,1,34,34,0,0,0,13,12,1,0,1,5,5,0,0,0
S01009203,275,269,6,0,6,214,210,4,0,4,19,19,0,0,0,106,102,4,0,4,89,89,0,0,0,61,59,2,0,2
S01009204,347,343,4,0,4,324,321,3,0,3,82,81,1,0,1,157,155,2,0,2,85,85,0,0,0,23,22,1,0,1
S01009205,315,307,8,0,8,215,212,3,0,3,39,37,2,0,2,149,148,1,0,1,27,27,0,0,0,100,95,5,0,5
S01009206,367,362,5,0,5,274,269,5,0,5,122,120,2,0,2,122,122,0,0,0,30,27,3,0,3,93,93,0,0,0
S01009207,380,375,5,0,5,320,317,3,0,3,169,168,1,0,1,125,123,2,0,2,26,26,0,0,0,60,58,2,0,2
S01009208,302,294,8,0,8,237,230,7,0,7,112,110,2,0,2,91,89,2,0,2,34,31,3,0,3,65,64,1,0,1
S01009209,314,304,10,0,10,237,230,7,0,7,105,103,2,0,2,84,79,5,0,5,48,48,0,0,0,77,74,3,0,3
S01009210,238,234,4,0,4,204,201,3,0,3,154,151,3,0,3,44,44,0,0,0,6,6,0,0,0,34,33,1,0,1
S01009211,266,259,7,0,7,193,188,5,0,5,38,38,0,0,0,118,115,3,0,3,37,35,2,0,2,73,71,2,0,2
S01009212,371,363,8,0,8,300,298,2,0,2,27,26,1,0,1,107,107,0,0,0,166,165,1,0,1,71,65,6,0,6
S01009213,362,355,7,1,6,263,257,6,1,5,33,32,1,0,1,149,146,3,0,3,81,79,2,1,1,99,98,1,0,1
S01009214,400,397,3,0,3,393,390,3,0,3,136,135,1,0,1,172,170,2,0,2,85,85,0,0,0,7,7,0,0,0
S01009215,448,439,9,0,9,238,232,6,0,6,58,58,0,0,0,102,99,3,0,3,78,75,3,0,3,210,207,3,0,3
S01009216,404,397,7,0,7,329,325,4,0,4,27,26,1,0,1,166,166,0,0,0,136,133,3,0,3,75,72,3,0,3
S01009217,283,279,4,0,4,165,162,3,0,3,7,7,0,0,0,98,95,3,0,3,60,60,0,0,0,118,117,1,0,1
S01009218,402,395,7,1,6,298,294,4,1,3,57,57,0,0,0,176,173,3,1,2,65,64,1,0,1,104,101,3,0,3
S01009219,319,313,6,0,6,245,241,4,0,4,3,3,0,0,0,52,51,1,0,1,190,187,3,0,3,74,72,2,0,2
S01009220,267,264,3,0,3,105,105,0,0,0,50,50,0,0,0,48,48,0,0,0,7,7,0,0,0,162,159,3,0,3
S01009221,247,239,8,0,8,173,171,2,0,2,3,3,0,0,0,60,60,0,0,0,110,108,2,0,2,74,68,6,0,6
S01009222,243,238,5,0,5,145,143,2,0,2,7,7,0,0,0,34,33,1,0,1,104,103,1,0,1,98,95,3,0,3
S01009223,247,244,3,0,3,204,201,3,0,3,11,11,0,0,0,44,44,0,0,0,149,146,3,0,3,43,43,0,0,0
S01009224,289,277,12,0,12,105,101,4,0,4,4,4,0,0,0,16,16,0,0,0,85,81,4,0,4,184,176,8,0,8
S01009225,276,268,8,1,7,187,183,4,0,4,5,5,0,0,0,61,59,2,0,2,121,119,2,0,2,89,85,4,1,3
S01009226,531,507,24,0,24,74,73,1,0,1,6,5,1,0,1,46,46,0,0,0,22,22,0,0,0,457,434,23,0,23
S01009227,362,355,7,0,7,92,90,2,0,2,4,4,0,0,0,51,51,0,0,0,37,35,2,0,2,270,265,5,0,5
S01009228,326,313,13,1,12,114,111,3,1,2,9,8,1,1,0,14,13,1,0,1,91,90,1,0,1,212,202,10,0,10
S01009229,299,293,6,0,6,124,120,4,0,4,34,31,3,0,3,59,58,1,0,1,31,31,0,0,0,175,173,2,0,2
S01009230,336,319,17,5,12,83,83,0,0,0,21,21,0,0,0,15,15,0,0,0,47,47,0,0,0,253,236,17,5,12
S01009231,450,437,13,0,13,190,184,6,0,6,21,20,1,0,1,120,116,4,0,4,49,48,1,0,1,260,253,7,0,7
S01009232,333,309,24,2,22,93,93,0,0,0,1,1,0,0,0,26,26,0,0,0,66,66,0,0,0,240,216,24,2,22
S01009233,274,267,7,0,7,254,247,7,0,7,22,20,2,0,2,47,45,2,0,2,185,182,3,0,3,20,20,0,0,0
S01009234,495,476,19,7,12,198,193,5,0,5,15,15,0,0,0,37,36,1,0,1,146,142,4,0,4,297,283,14,7,7
S01009235,478,457,21,4,17,224,218,6,0,6,13,13,0,0,0,116,111,5,0,5,95,94,1,0,1,254,239,15,4,11
S01009236,227,224,3,0,3,108,106,2,0,2,37,36,1,0,1,59,58,1,0,1,12,12,0,0,0,119,118,1,0,1
S01009237,386,378,8,0,8,243,239,4,0,4,74,72,2,0,2,148,146,2,0,2,21,21,0,0,0,143,139,4,0,4
S01009238,343,335,8,1,7,270,264,6,0,6,18,18,0,0,0,19,19,0,0,0,233,227,6,0,6,73,71,2,1,1
S01009239,424,420,4,0,4,163,162,1,0,1,3,3,0,0,0,40,40,0,0,0,120,119,1,0,1,261,258,3,0,3
S01009240,419,387,32,0,32,115,112,3,0,3,7,7,0,0,0,37,34,3,0,3,71,71,0,0,0,304,275,29,0,29
S01009241,465,453,12,0,12,261,257,4,0,4,11,11,0,0,0,41,41,0,0,0,209,205,4,0,4,204,196,8,0,8
S01009242,326,321,5,0,5,253,249,4,0,4,106,104,2,0,2,136,134,2,0,2,11,11,0,0,0,73,72,1,0,1
S01009243,402,398,4,1,3,377,373,4,1,3,16,15,1,1,0,109,109,0,0,0,252,249,3,0,3,25,25,0,0,0
S01009244,350,337,13,6,7,332,321,11,6,5,186,178,8,5,3,134,131,3,1,2,12,12,0,0,0,18,16,2,0,2
S01009245,366,361,5,0,5,323,318,5,0,5,158,156,2,0,2,79,78,1,0,1,86,84,2,0,2,43,43,0,0,0
S01009246,398,383,15,0,15,329,322,7,0,7,18,17,1,0,1,284,280,4,0,4,27,25,2,0,2,69,61,8,0,8
S01009247,437,429,8,1,7,417,409,8,1,7,15,15,0,0,0,179,177,2,0,2,223,217,6,1,5,20,20,0,0,0
S01009248,307,300,7,2,5,281,275,6,1,5,109,107,2,0,2,82,81,1,1,0,90,87,3,0,3,26,25,1,1,0
S01009249,381,375,6,2,4,178,176,2,1,1,15,14,1,1,0,89,89,0,0,0,74,73,1,0,1,203,199,4,1,3
S01009250,282,278,4,0,4,272,268,4,0,4,12,12,0,0,0,115,114,1,0,1,145,142,3,0,3,10,10,0,0,0
S01009251,227,221,6,0,6,224,218,6,0,6,86,85,1,0,1,57,55,2,0,2,81,78,3,0,3,3,3,0,0,0
S01009252,163,163,0,0,0,162,162,0,0,0,107,107,0,0,0,31,31,0,0,0,24,24,0,0,0,1,1,0,0,0
S01009253,239,239,0,0,0,213,213,0,0,0,16,16,0,0,0,68,68,0,0,0,129,129,0,0,0,26,26,0,0,0
S01009254,374,371,3,0,3,191,189,2,0,2,30,30,0,0,0,90,90,0,0,0,71,69,2,0,2,183,182,1,0,1
S01009255,380,376,4,2,2,89,88,1,0,1,15,15,0,0,0,32,32,0,0,0,42,41,1,0,1,291,288,3,2,1
S01009256,228,222,6,0,6,160,156,4,0,4,40,40,0,0,0,83,82,1,0,1,37,34,3,0,3,68,66,2,0,2
S01009257,336,330,6,0,6,148,145,3,0,3,76,74,2,0,2,42,41,1,0,1,30,30,0,0,0,188,185,3,0,3
S01009258,291,282,9,2,7,257,250,7,1,6,125,123,2,0,2,102,98,4,1,3,30,29,1,0,1,34,32,2,1,1
S01009259,381,380,1,0,1,360,359,1,0,1,153,152,1,0,1,150,150,0,0,0,57,57,0,0,0,21,21,0,0,0
S01009260,542,526,16,0,16,354,342,12,0,12,99,96,3,0,3,155,151,4,0,4,100,95,5,0,5,188,184,4,0,4
S01009261,399,386,13,1,12,212,204,8,1,7,47,47,0,0,0,70,67,3,0,3,95,90,5,1,4,187,182,5,0,5
S01009262,296,293,3,0,3,181,178,3,0,3,10,10,0,0,0,24,24,0,0,0,147,144,3,0,3,115,115,0,0,0
S01009263,370,365,5,0,5,329,326,3,0,3,116,116,0,0,0,85,84,1,0,1,128,126,2,0,2,41,39,2,0,2
S01009264,237,231,6,1,5,231,226,5,0,5,79,78,1,0,1,117,113,4,0,4,35,35,0,0,0,6,5,1,1,0
S01009265,406,376,30,12,18,265,249,16,9,7,64,63,1,1,0,100,96,4,3,1,101,90,11,5,6,141,127,14,3,11
S01009266,380,374,6,6,0,339,338,1,1,0,91,91,0,0,0,99,99,0,0,0,149,148,1,1,0,41,36,5,5,0
S01009267,400,377,23,14,9,279,265,14,6,8,63,61,2,2,0,89,88,1,0,1,127,116,11,4,7,121,112,9,8,1
S01009268,455,431,24,3,21,311,298,13,2,11,109,104,5,1,4,109,104,5,1,4,93,90,3,0,3,144,133,11,1,10
S01009269,377,351,26,10,16,294,274,20,9,11,22,22,0,0,0,104,100,4,1,3,168,152,16,8,8,83,77,6,1,5
S01009270,324,306,18,6,12,176,166,10,6,4,10,9,1,1,0,75,74,1,1,0,91,83,8,4,4,148,140,8,0,8
S01009271,357,349,8,5,3,351,343,8,5,3,192,186,6,4,2,150,148,2,1,1,9,9,0,0,0,6,6,0,0,0
S01009272,285,264,21,13,8,280,259,21,13,8,22,22,0,0,0,160,150,10,6,4,98,87,11,7,4,5,5,0,0,0
S01009273,213,211,2,0,2,211,209,2,0,2,130,130,0,0,0,64,63,1,0,1,17,16,1,0,1,2,2,0,0,0
S01009274,264,255,9,3,6,256,247,9,3,6,130,127,3,1,2,54,50,4,2,2,72,70,2,0,2,8,8,0,0,0
S01009275,257,244,13,7,6,173,163,10,7,3,112,104,8,6,2,55,53,2,1,1,6,6,0,0,0,84,81,3,0,3
S01009276,384,373,11,0,11,368,359,9,0,9,253,247,6,0,6,58,56,2,0,2,57,56,1,0,1,16,14,2,0,2
S01009277,225,218,7,2,5,221,214,7,2,5,178,174,4,0,4,29,29,0,0,0,14,11,3,2,1,4,4,0,0,0
S01009278,245,235,10,4,6,222,216,6,3,3,85,83,2,1,1,42,41,1,1,0,95,92,3,1,2,23,19,4,1,3
S01009279,294,283,11,4,7,199,194,5,2,3,83,79,4,2,2,75,74,1,0,1,41,41,0,0,0,95,89,6,2,4
S01009280,416,406,10,1,9,363,355,8,1,7,30,30,0,0,0,158,155,3,0,3,175,170,5,1,4,53,51,2,0,2
S01009281,395,375,20,7,13,295,279,16,5,11,47,43,4,0,4,192,186,6,3,3,56,50,6,2,4,100,96,4,2,2
S01009282,376,346,30,23,7,263,245,18,14,4,131,121,10,8,2,75,73,2,1,1,57,51,6,5,1,113,101,12,9,3
S01009283,200,180,20,6,14,192,172,20,6,14,50,48,2,1,1,46,39,7,3,4,96,85,11,2,9,8,8,0,0,0
S01009284,318,311,7,2,5,307,300,7,2,5,171,168,3,2,1,102,99,3,0,3,34,33,1,0,1,11,11,0,0,0
S01009285,358,350,8,5,3,286,281,5,4,1,103,101,2,2,0,153,152,1,0,1,30,28,2,2,0,72,69,3,1,2
S01009286,364,351,13,6,7,309,297,12,5,7,192,187,5,1,4,73,67,6,4,2,44,43,1,0,1,55,54,1,1,0
S01009287,349,339,10,5,5,296,287,9,5,4,204,202,2,2,0,45,44,1,1,0,47,41,6,2,4,53,52,1,0,1
S01009288,412,392,20,11,9,374,356,18,11,7,175,166,9,4,5,73,68,5,3,2,126,122,4,4,0,38,36,2,0,2
S01009289,421,409,12,3,9,388,378,10,2,8,250,245,5,0,5,63,61,2,1,1,75,72,3,1,2,33,31,2,1,1
S01009290,292,288,4,3,1,289,285,4,3,1,189,185,4,3,1,94,94,0,0,0,6,6,0,0,0,3,3,0,0,0
S01009291,396,394,2,0,2,388,386,2,0,2,154,154,0,0,0,212,210,2,0,2,22,22,0,0,0,8,8,0,0,0
S01009292,237,228,9,6,3,181,174,7,4,3,14,14,0,0,0,57,52,5,4,1,110,108,2,0,2,56,54,2,2,0
S01009293,312,297,15,7,8,193,191,2,1,1,113,113,0,0,0,46,45,1,0,1,34,33,1,1,0,119,106,13,6,7
S01009294,195,192,3,0,3,166,163,3,0,3,138,135,3,0,3,17,17,0,0,0,11,11,0,0,0,29,29,0,0,0
S01009295,267,264,3,1,2,257,254,3,1,2,91,91,0,0,0,106,103,3,1,2,60,60,0,0,0,10,10,0,0,0
S01009296,192,187,5,0,5,173,172,1,0,1,104,104,0,0,0,36,35,1,0,1,33,33,0,0,0,19,15,4,0,4
S01009297,341,328,13,4,9,284,274,10,4,6,203,198,5,0,5,58,53,5,4,1,23,23,0,0,0,57,54,3,0,3
S01009298,580,553,27,5,22,247,237,10,4,6,33,32,1,0,1,87,86,1,0,1,127,119,8,4,4,333,316,17,1,16
S01009299,503,484,19,2,17,184,184,0,0,0,48,48,0,0,0,62,62,0,0,0,74,74,0,0,0,319,300,19,2,17
S01009300,296,287,9,3,6,95,91,4,0,4,17,17,0,0,0,21,21,0,0,0,57,53,4,0,4,201,196,5,3,2
S01009301,604,551,53,34,19,127,124,3,2,1,42,40,2,1,1,43,42,1,1,0,42,42,0,0,0,477,427,50,32,18
S01009302,485,450,35,21,14,79,64,15,15,0,14,14,0,0,0,43,42,1,1,0,22,8,14,14,0,406,386,20,6,14
S01009303,344,322,22,12,10,247,238,9,6,3,112,110,2,0,2,100,97,3,3,0,35,31,4,3,1,97,84,13,6,7
S01009304,409,395,14,4,10,323,314,9,4,5,106,105,1,0,1,129,127,2,1,1,88,82,6,3,3,86,81,5,0,5
S01009305,441,412,29,9,20,188,182,6,0,6,52,50,2,0,2,107,107,0,0,0,29,25,4,0,4,253,230,23,9,14
S01009306,590,565,25,4,21,166,163,3,3,0,21,21,0,0,0,116,113,3,3,0,29,29,0,0,0,424,402,22,1,21
S01009307,604,544,60,8,52,163,158,5,0,5,71,70,1,0,1,43,42,1,0,1,49,46,3,0,3,441,386,55,8,47
S01009308,324,304,20,7,13,52,49,3,1,2,21,20,1,0,1,11,11,0,0,0,20,18,2,1,1,272,255,17,6,11
S01009309,423,400,23,4,19,144,139,5,1,4,24,24,0,0,0,35,35,0,0,0,85,80,5,1,4,279,261,18,3,15
S01009310,409,399,10,0,10,307,303,4,0,4,224,223,1,0,1,65,65,0,0,0,18,15,3,0,3,102,96,6,0,6
S01009311,280,274,6,4,2,265,259,6,4,2,8,8,0,0,0,55,51,4,4,0,202,200,2,0,2,15,15,0,0,0
S01009312,384,366,18,4,14,113,110,3,3,0,14,14,0,0,0,37,34,3,3,0,62,62,0,0,0,271,256,15,1,14
S01009313,291,285,6,1,5,141,138,3,1,2,13,12,1,0,1,91,89,2,1,1,37,37,0,0,0,150,147,3,0,3
S01009314,263,258,5,1,4,194,192,2,0,2,126,125,1,0,1,50,49,1,0,1,18,18,0,0,0,69,66,3,1,2
S01009315,278,270,8,1,7,209,203,6,1,5,8,7,1,0,1,176,171,5,1,4,25,25,0,0,0,69,67,2,0,2
S01009316,330,326,4,0,4,231,229,2,0,2,112,111,1,0,1,85,85,0,0,0,34,33,1,0,1,99,97,2,0,2
S01009317,365,358,7,0,7,353,346,7,0,7,203,200,3,0,3,132,129,3,0,3,18,17,1,0,1,12,12,0,0,0
S01009318,239,236,3,0,3,235,232,3,0,3,123,120,3,0,3,107,107,0,0,0,5,5,0,0,0,4,4,0,0,0
S01009319,424,416,8,1,7,391,384,7,1,6,231,228,3,1,2,156,152,4,0,4,4,4,0,0,0,33,32,1,0,1
S01009320,357,352,5,1,4,312,309,3,0,3,61,59,2,0,2,136,136,0,0,0,115,114,1,0,1,45,43,2,1,1
S01009321,295,295,0,0,0,288,288,0,0,0,255,255,0,0,0,25,25,0,0,0,8,8,0,0,0,7,7,0,0,0
S01009322,358,355,3,1,2,304,301,3,1,2,166,165,1,0,1,76,75,1,1,0,62,61,1,0,1,54,54,0,0,0
S01009323,335,327,8,1,7,227,220,7,1,6,94,92,2,1,1,74,72,2,0,2,59,56,3,0,3,108,107,1,0,1
S01009324,268,256,12,6,6,154,143,11,5,6,29,29,0,0,0,43,39,4,4,0,82,75,7,1,6,114,113,1,1,0
S01009325,308,308,0,0,0,302,302,0,0,0,84,84,0,0,0,154,154,0,0,0,64,64,0,0,0,6,6,0,0,0
S01009326,213,210,3,0,3,182,179,3,0,3,94,91,3,0,3,57,57,0,0,0,31,31,0,0,0,31,31,0,0,0
S01009327,262,258,4,2,2,236,233,3,2,1,145,145,0,0,0,86,83,3,2,1,5,5,0,0,0,26,25,1,0,1
S01009328,251,237,14,0,14,192,184,8,0,8,184,176,8,0,8,7,7,0,0,0,1,1,0,0,0,59,53,6,0,6
S01009329,210,203,7,1,6,97,94,3,0,3,35,35,0,0,0,10,10,0,0,0,52,49,3,0,3,113,109,4,1,3
S01009330,189,183,6,1,5,137,133,4,1,3,60,57,3,1,2,23,23,0,0,0,54,53,1,0,1,52,50,2,0,2
S01009331,183,180,3,0,3,182,179,3,0,3,168,165,3,0,3,13,13,0,0,0,1,1,0,0,0,1,1,0,0,0
S01009332,340,333,7,1,6,334,327,7,1,6,245,239,6,0,6,77,77,0,0,0,12,11,1,1,0,6,6,0,0,0
S01009333,377,355,22,6,16,184,176,8,1,7,14,14,0,0,0,91,85,6,1,5,79,77,2,0,2,193,179,14,5,9
S01009334,327,310,17,10,7,207,203,4,0,4,9,9,0,0,0,40,39,1,0,1,158,155,3,0,3,120,107,13,10,3
S01009335,349,337,12,5,7,299,292,7,3,4,22,22,0,0,0,151,150,1,0,1,126,120,6,3,3,50,45,5,2,3
S01009336,340,318,22,15,7,122,122,0,0,0,16,16,0,0,0,24,24,0,0,0,82,82,0,0,0,218,196,22,15,7
S01009337,321,318,3,0,3,184,183,1,0,1,7,7,0,0,0,103,102,1,0,1,74,74,0,0,0,137,135,2,0,2
S01009338,417,401,16,3,13,253,246,7,2,5,9,9,0,0,0,86,85,1,0,1,158,152,6,2,4,164,155,9,1,8
S01009339,415,391,24,2,22,303,293,10,0,10,12,12,0,0,0,125,117,8,0,8,166,164,2,0,2,112,98,14,2,12
S01009340,292,283,9,0,9,246,239,7,0,7,3,3,0,0,0,109,108,1,0,1,134,128,6,0,6,46,44,2,0,2
S01009341,279,270,9,0,9,274,265,9,0,9,4,4,0,0,0,128,123,5,0,5,142,138,4,0,4,5,5,0,0,0
S01009342,334,333,1,0,1,295,294,1,0,1,17,17,0,0,0,130,129,1,0,1,148,148,0,0,0,39,39,0,0,0
S01009343,244,242,2,0,2,235,233,2,0,2,8,8,0,0,0,22,22,0,0,0,205,203,2,0,2,9,9,0,0,0
S01009344,297,288,9,2,7,270,264,6,2,4,9,9,0,0,0,88,86,2,0,2,173,169,4,2,2,27,24,3,0,3
S01009345,385,379,6,0,6,374,368,6,0,6,4,4,0,0,0,62,62,0,0,0,308,302,6,0,6,11,11,0,0,0
S01009346,231,228,3,1,2,229,226,3,1,2,205,202,3,1,2,21,21,0,0,0,3,3,0,0,0,2,2,0,0,0
S01009347,221,216,5,1,4,219,214,5,1,4,207,202,5,1,4,10,10,0,0,0,2,2,0,0,0,2,2,0,0,0
S01009348,161,161,0,0,0,159,159,0,0,0,132,132,0,0,0,27,27,0,0,0,0,0,0,0,0,2,2,0,0,0
S01009349,289,288,1,0,1,233,233,0,0,0,224,224,0,0,0,7,7,0,0,0,2,2,0,0,0,56,55,1,0,1
S01009350,241,240,1,0,1,176,176,0,0,0,85,85,0,0,0,41,41,0,0,0,50,50,0,0,0,65,64,1,0,1
S01009351,215,213,2,1,1,136,136,0,0,0,101,101,0,0,0,14,14,0,0,0,21,21,0,0,0,79,77,2,1,1
S01009352,295,290,5,0,5,271,267,4,0,4,194,192,2,0,2,24,24,0,0,0,53,51,2,0,2,24,23,1,0,1
S01009353,157,147,10,1,9,144,134,10,1,9,105,101,4,1,3,14,10,4,0,4,25,23,2,0,2,13,13,0,0,0
S01009354,312,297,15,0,15,301,291,10,0,10,258,256,2,0,2,13,13,0,0,0,30,22,8,0,8,11,6,5,0,5
S01009355,371,367,4,0,4,348,346,2,0,2,175,174,1,0,1,158,158,0,0,0,15,14,1,0,1,23,21,2,0,2
S01009356,413,411,2,0,2,397,395,2,0,2,165,165,0,0,0,228,226,2,0,2,4,4,0,0,0,16,16,0,0,0
S01009357,182,179,3,0,3,158,155,3,0,3,119,118,1,0,1,23,23,0,0,0,16,14,2,0,2,24,24,0,0,0
S01009358,257,256,1,0,1,254,253,1,0,1,249,248,1,0,1,5,5,0,0,0,0,0,0,0,0,3,3,0,0,0
S01009359,280,277,3,0,3,249,247,2,0,2,196,194,2,0,2,29,29,0,0,0,24,24,0,0,0,31,30,1,0,1
S01009360,382,376,6,1,5,310,305,5,0,5,138,135,3,0,3,95,93,2,0,2,77,77,0,0,0,72,71,1,1,0
S01009361,347,342,5,0,5,319,315,4,0,4,113,113,0,0,0,150,148,2,0,2,56,54,2,0,2,28,27,1,0,1
S01009362,421,417,4,0,4,413,409,4,0,4,151,149,2,0,2,232,230,2,0,2,30,30,0,0,0,8,8,0,0,0
S01009363,380,373,7,1,6,286,281,5,1,4,31,30,1,0,1,55,55,0,0,0,200,196,4,1,3,94,92,2,0,2
S01009364,331,325,6,0,6,303,298,5,0,5,45,43,2,0,2,34,34,0,0,0,224,221,3,0,3,28,27,1,0,1
S01009365,280,277,3,0,3,162,160,2,0,2,5,5,0,0,0,23,23,0,0,0,134,132,2,0,2,118,117,1,0,1
S01009366,361,351,10,0,10,276,268,8,0,8,7,7,0,0,0,122,119,3,0,3,147,142,5,0,5,85,83,2,0,2
S01009367,311,296,15,8,7,257,246,11,8,3,4,4,0,0,0,44,44,0,0,0,209,198,11,8,3,54,50,4,0,4
S01009368,214,211,3,0,3,210,207,3,0,3,21,21,0,0,0,121,120,1,0,1,68,66,2,0,2,4,4,0,0,0
S01009369,263,255,8,5,3,245,238,7,5,2,5,5,0,0,0,81,81,0,0,0,159,152,7,5,2,18,17,1,0,1
S01009370,387,381,6,1,5,279,277,2,1,1,82,82,0,0,0,97,97,0,0,0,100,98,2,1,1,108,104,4,0,4
S01009371,245,242,3,0,3,239,236,3,0,3,7,7,0,0,0,34,34,0,0,0,198,195,3,0,3,6,6,0,0,0
S01009372,223,219,4,0,4,219,215,4,0,4,10,10,0,0,0,49,48,1,0,1,160,157,3,0,3,4,4,0,0,0
S01009373,416,398,18,1,17,263,252,11,1,10,14,13,1,1,0,44,44,0,0,0,205,195,10,0,10,153,146,7,0,7
S01009374,443,432,11,0,11,333,324,9,0,9,65,64,1,0,1,93,91,2,0,2,175,169,6,0,6,110,108,2,0,2
S01009375,346,337,9,4,5,303,294,9,4,5,10,10,0,0,0,35,35,0,0,0,258,249,9,4,5,43,43,0,0,0
S01009376,273,271,2,0,2,201,199,2,0,2,8,8,0,0,0,23,23,0,0,0,170,168,2,0,2,72,72,0,0,0
S01009377,422,373,49,11,38,291,279,12,0,12,17,17,0,0,0,75,69,6,0,6,199,193,6,0,6,131,94,37,11,26
S01009378,394,388,6,0,6,320,317,3,0,3,100,97,3,0,3,48,48,0,0,0,172,172,0,0,0,74,71,3,0,3
S01009379,341,337,4,2,2,299,297,2,0,2,182,181,1,0,1,49,48,1,0,1,68,68,0,0,0,42,40,2,2,0
S01009380,211,200,11,1,10,164,155,9,1,8,25,23,2,0,2,100,95,5,0,5,39,37,2,1,1,47,45,2,0,2
S01009381,288,284,4,1,3,228,225,3,1,2,61,61,0,0,0,81,80,1,0,1,86,84,2,1,1,60,59,1,0,1
S01009382,388,377,11,3,8,306,298,8,3,5,43,42,1,0,1,72,70,2,1,1,191,186,5,2,3,82,79,3,0,3
S01009383,452,439,13,1,12,226,222,4,0,4,27,26,1,0,1,29,29,0,0,0,170,167,3,0,3,226,217,9,1,8
S01009384,267,248,19,6,13,227,214,13,4,9,167,161,6,1,5,36,34,2,0,2,24,19,5,3,2,40,34,6,2,4
S01009385,225,220,5,2,3,159,154,5,2,3,62,58,4,2,2,53,53,0,0,0,44,43,1,0,1,66,66,0,0,0
S01009386,285,279,6,2,4,259,253,6,2,4,14,11,3,2,1,43,43,0,0,0,202,199,3,0,3,26,26,0,0,0
S01009387,261,260,1,1,0,229,228,1,1,0,13,12,1,1,0,39,39,0,0,0,177,177,0,0,0,32,32,0,0,0
S01009388,467,423,44,22,22,89,89,0,0,0,17,17,0,0,0,44,44,0,0,0,28,28,0,0,0,378,334,44,22,22
S01009389,476,460,16,2,14,259,252,7,0,7,88,86,2,0,2,138,137,1,0,1,33,29,4,0,4,217,208,9,2,7
S01009390,279,270,9,3,6,238,232,6,1,5,225,219,6,1,5,8,8,0,0,0,5,5,0,0,0,41,38,3,2,1
S01009391,261,259,2,0,2,261,259,2,0,2,126,125,1,0,1,129,128,1,0,1,6,6,0,0,0,0,0,0,0,0
S01009392,193,193,0,0,0,190,190,0,0,0,125,125,0,0,0,50,50,0,0,0,15,15,0,0,0,3,3,0,0,0
S01009393,271,265,6,0,6,270,264,6,0,6,164,159,5,0,5,87,86,1,0,1,19,19,0,0,0,1,1,0,0,0
S01009394,480,451,29,19,10,243,239,4,1,3,136,136,0,0,0,39,39,0,0,0,68,64,4,1,3,237,212,25,18,7
S01009395,307,305,2,0,2,303,301,2,0,2,244,244,0,0,0,32,32,0,0,0,27,25,2,0,2,4,4,0,0,0
S01009396,303,301,2,2,0,279,279,0,0,0,227,227,0,0,0,18,18,0,0,0,34,34,0,0,0,24,22,2,2,0
S01009397,341,330,11,3,8,281,273,8,2,6,172,167,5,1,4,99,96,3,1,2,10,10,0,0,0,60,57,3,1,2
S01009398,310,308,2,0,2,289,287,2,0,2,68,68,0,0,0,179,178,1,0,1,42,41,1,0,1,21,21,0,0,0
S01009399,312,311,1,0,1,304,303,1,0,1,147,147,0,0,0,131,130,1,0,1,26,26,0,0,0,8,8,0,0,0
S01009400,225,221,4,0,4,222,218,4,0,4,18,18,0,0,0,57,57,0,0,0,147,143,4,0,4,3,3,0,0,0
S01009401,287,284,3,1,2,284,281,3,1,2,182,181,1,1,0,63,62,1,0,1,39,38,1,0,1,3,3,0,0,0
S01009402,400,397,3,0,3,393,390,3,0,3,241,238,3,0,3,119,119,0,0,0,33,33,0,0,0,7,7,0,0,0
S01009403,208,206,2,0,2,206,204,2,0,2,65,65,0,0,0,94,93,1,0,1,47,46,1,0,1,2,2,0,0,0
S01009404,248,232,16,10,6,114,103,11,8,3,36,36,0,0,0,54,51,3,0,3,24,16,8,8,0,134,129,5,2,3
S01009405,164,157,7,2,5,115,110,5,1,4,75,72,3,0,3,30,29,1,1,0,10,9,1,0,1,49,47,2,1,1
S01009406,436,429,7,6,1,304,303,1,0,1,76,76,0,0,0,152,152,0,0,0,76,75,1,0,1,132,126,6,6,0
S01009407,230,227,3,0,3,190,187,3,0,3,83,83,0,0,0,63,60,3,0,3,44,44,0,0,0,40,40,0,0,0
S01009408,316,307,9,2,7,265,258,7,0,7,161,154,7,0,7,82,82,0,0,0,22,22,0,0,0,51,49,2,2,0
S01009409,314,308,6,3,3,262,258,4,1,3,25,25,0,0,0,81,80,1,1,0,156,153,3,0,3,52,50,2,2,0
S01009410,370,351,19,0,19,296,282,14,0,14,31,30,1,0,1,132,125,7,0,7,133,127,6,0,6,74,69,5,0,5
S01009411,369,364,5,0,5,335,331,4,0,4,19,19,0,0,0,236,233,3,0,3,80,79,1,0,1,34,33,1,0,1
S01009412,413,407,6,3,3,299,296,3,0,3,12,12,0,0,0,190,189,1,0,1,97,95,2,0,2,114,111,3,3,0
S01009413,466,456,10,4,6,398,391,7,3,4,43,43,0,0,0,243,238,5,3,2,112,110,2,0,2,68,65,3,1,2
S01009414,296,292,4,0,4,290,286,4,0,4,52,50,2,0,2,98,98,0,0,0,140,138,2,0,2,6,6,0,0,0
S01009415,403,386,17,5,12,223,214,9,3,6,62,59,3,0,3,92,91,1,0,1,69,64,5,3,2,180,172,8,2,6
S01009416,204,201,3,2,1,203,200,3,2,1,95,94,1,0,1,78,77,1,1,0,30,29,1,1,0,1,1,0,0,0
S01009417,133,114,19,2,17,126,107,19,2,17,90,73,17,0,17,27,27,0,0,0,9,7,2,2,0,7,7,0,0,0
S01009418,531,517,14,1,13,344,340,4,0,4,61,59,2,0,2,146,146,0,0,0,137,135,2,0,2,187,177,10,1,9
S01009419,261,245,16,11,5,221,212,9,5,4,19,19,0,0,0,85,83,2,1,1,117,110,7,4,3,40,33,7,6,1
S01009420,269,253,16,15,1,178,173,5,4,1,5,5,0,0,0,58,58,0,0,0,115,110,5,4,1,91,80,11,11,0
S01009421,316,295,21,17,4,157,149,8,6,2,46,44,2,2,0,65,63,2,1,1,46,42,4,3,1,159,146,13,11,2
S01009422,388,369,19,8,11,308,291,17,8,9,62,56,6,3,3,85,82,3,0,3,161,153,8,5,3,80,78,2,0,2
S01009423,343,336,7,0,7,336,329,7,0,7,207,203,4,0,4,77,74,3,0,3,52,52,0,0,0,7,7,0,0,0
S01009424,257,250,7,1,6,197,193,4,1,3,135,131,4,1,3,50,50,0,0,0,12,12,0,0,0,60,57,3,0,3
S01009425,398,372,26,7,19,250,240,10,0,10,128,125,3,0,3,73,68,5,0,5,49,47,2,0,2,148,132,16,7,9
S01009426,448,415,33,25,8,165,157,8,4,4,40,40,0,0,0,57,56,1,0,1,68,61,7,4,3,283,258,25,21,4
S01009427,350,326,24,17,7,134,123,11,7,4,47,45,2,0,2,45,45,0,0,0,42,33,9,7,2,216,203,13,10,3
S01009428,245,235,10,6,4,237,227,10,6,4,17,16,1,1,0,144,144,0,0,0,76,67,9,5,4,8,8,0,0,0
S01009429,365,341,24,5,19,268,262,6,3,3,19,19,0,0,0,144,143,1,0,1,105,100,5,3,2,97,79,18,2,16
S01009430,358,338,20,4,16,289,283,6,0,6,56,55,1,0,1,152,151,1,0,1,81,77,4,0,4,69,55,14,4,10
S01009431,358,330,28,15,13,247,235,12,6,6,64,61,3,0,3,143,137,6,4,2,40,37,3,2,1,111,95,16,9,7
S01009432,335,321,14,4,10,300,290,10,4,6,27,26,1,0,1,118,115,3,0,3,155,149,6,4,2,35,31,4,0,4
S01009433,346,330,16,12,4,327,311,16,12,4,29,29,0,0,0,93,92,1,1,0,205,190,15,11,4,19,19,0,0,0
S01009434,252,248,4,0,4,231,228,3,0,3,16,16,0,0,0,68,67,1,0,1,147,145,2,0,2,21,20,1,0,1
S01009435,365,347,18,14,4,334,320,14,10,4,31,30,1,1,0,91,91,0,0,0,212,199,13,9,4,31,27,4,4,0
S01009436,310,298,12,5,7,176,172,4,0,4,40,38,2,0,2,108,106,2,0,2,28,28,0,0,0,134,126,8,5,3
S01009437,332,318,14,0,14,233,233,0,0,0,44,44,0,0,0,78,78,0,0,0,111,111,0,0,0,99,85,14,0,14
S01009438,428,410,18,8,10,319,307,12,7,5,63,62,1,0,1,133,129,4,0,4,123,116,7,7,0,109,103,6,1,5
S01009439,389,386,3,2,1,361,359,2,1,1,21,21,0,0,0,143,142,1,0,1,197,196,1,1,0,28,27,1,1,0
S01009440,341,328,13,0,13,271,266,5,0,5,26,26,0,0,0,109,106,3,0,3,136,134,2,0,2,70,62,8,0,8
S01009441,381,370,11,5,6,318,310,8,4,4,18,18,0,0,0,144,144,0,0,0,156,148,8,4,4,63,60,3,1,2
S01009442,227,216,11,1,10,218,208,10,1,9,139,133,6,0,6,67,64,3,1,2,12,11,1,0,1,9,8,1,0,1
S01009443,304,288,16,7,9,241,233,8,1,7,110,107,3,0,3,106,103,3,0,3,25,23,2,1,1,63,55,8,6,2
S01009444,312,305,7,5,2,299,292,7,5,2,177,175,2,1,1,91,86,5,4,1,31,31,0,0,0,13,13,0,0,0
S01009445,335,320,15,12,3,311,300,11,10,1,21,17,4,4,0,231,229,2,2,0,59,54,5,4,1,24,20,4,2,2
S01009446,508,471,37,10,27,212,206,6,1,5,30,30,0,0,0,99,96,3,0,3,83,80,3,1,2,296,265,31,9,22
S01009447,255,238,17,11,6,170,162,8,5,3,26,26,0,0,0,89,84,5,2,3,55,52,3,3,0,85,76,9,6,3
S01009448,348,343,5,0,5,292,287,5,0,5,103,99,4,0,4,148,147,1,0,1,41,41,0,0,0,56,56,0,0,0
S01009449,255,231,24,8,16,206,199,7,2,5,14,14,0,0,0,124,121,3,0,3,68,64,4,2,2,49,32,17,6,11
S01009450,321,307,14,5,9,174,169,5,0,5,8,8,0,0,0,104,100,4,0,4,62,61,1,0,1,147,138,9,5,4
S01009451,440,427,13,3,10,224,218,6,0,6,27,27,0,0,0,179,173,6,0,6,18,18,0,0,0,216,209,7,3,4
S01009452,277,269,8,3,5,159,156,3,0,3,18,18,0,0,0,64,62,2,0,2,77,76,1,0,1,118,113,5,3,2
S01009453,506,493,13,5,8,309,300,9,5,4,66,66,0,0,0,179,170,9,5,4,64,64,0,0,0,197,193,4,0,4
S01009454,413,397,16,8,8,290,281,9,6,3,110,107,3,2,1,102,100,2,2,0,78,74,4,2,2,123,116,7,2,5
S01009455,401,386,15,9,6,315,304,11,5,6,214,207,7,3,4,59,57,2,2,0,42,40,2,0,2,86,82,4,4,0
S01009456,379,358,21,12,9,260,250,10,4,6,58,57,1,0,1,73,72,1,0,1,129,121,8,4,4,119,108,11,8,3
S01009457,269,254,15,6,9,249,234,15,6,9,160,152,8,5,3,64,60,4,1,3,25,22,3,0,3,20,20,0,0,0
S01009458,359,332,27,13,14,171,164,7,3,4,48,48,0,0,0,93,88,5,1,4,30,28,2,2,0,188,168,20,10,10
S01009459,511,457,54,27,27,195,192,3,0,3,65,65,0,0,0,80,77,3,0,3,50,50,0,0,0,316,265,51,27,24
S01009460,431,399,32,19,13,87,86,1,0,1,8,8,0,0,0,32,32,0,0,0,47,46,1,0,1,344,313,31,19,12
S01009461,209,201,8,0,8,204,196,8,0,8,189,181,8,0,8,12,12,0,0,0,3,3,0,0,0,5,5,0,0,0
S01009462,300,292,8,3,5,257,251,6,2,4,44,43,1,1,0,118,113,5,1,4,95,95,0,0,0,43,41,2,1,1
S01009463,328,306,22,11,11,255,248,7,1,6,69,67,2,0,2,106,103,3,1,2,80,78,2,0,2,73,58,15,10,5
S01009464,392,378,14,4,10,273,272,1,0,1,98,98,0,0,0,115,114,1,0,1,60,60,0,0,0,119,106,13,4,9
S01009465,274,269,5,3,2,207,206,1,0,1,24,24,0,0,0,68,68,0,0,0,115,114,1,0,1,67,63,4,3,1
S01009466,263,256,7,1,6,195,193,2,1,1,81,81,0,0,0,87,85,2,1,1,27,27,0,0,0,68,63,5,0,5
S01009467,358,330,28,5,23,283,270,13,1,12,129,123,6,1,5,113,110,3,0,3,41,37,4,0,4,75,60,15,4,11
S01009468,405,385,20,2,18,125,125,0,0,0,32,32,0,0,0,72,72,0,0,0,21,21,0,0,0,280,260,20,2,18
S01009469,426,393,33,16,17,282,270,12,8,4,127,124,3,1,2,74,72,2,2,0,81,74,7,5,2,144,123,21,8,13
S01009470,239,232,7,2,5,161,158,3,1,2,90,88,2,1,1,56,56,0,0,0,15,14,1,0,1,78,74,4,1,3
S01009471,442,414,28,13,15,46,46,0,0,0,5,5,0,0,0,25,25,0,0,0,16,16,0,0,0,396,368,28,13,15
S01009472,464,435,29,7,22,177,171,6,1,5,37,37,0,0,0,97,93,4,1,3,43,41,2,0,2,287,264,23,6,17
S01009473,497,464,33,11,22,116,102,14,10,4,16,15,1,0,1,60,58,2,0,2,40,29,11,10,1,381,362,19,1,18
S01009474,432,403,29,20,9,192,189,3,2,1,100,99,1,0,1,59,59,0,0,0,33,31,2,2,0,240,214,26,18,8
S01009475,225,222,3,2,1,191,188,3,2,1,177,174,3,2,1,11,11,0,0,0,3,3,0,0,0,34,34,0,0,0
S01009476,182,169,13,7,6,158,149,9,6,3,126,119,7,5,2,17,16,1,1,0,15,14,1,0,1,24,20,4,1,3
S01009477,373,358,15,5,10,141,134,7,4,3,33,33,0,0,0,59,57,2,0,2,49,44,5,4,1,232,224,8,1,7
S01009478,504,480,24,11,13,130,128,2,0,2,30,28,2,0,2,26,26,0,0,0,74,74,0,0,0,374,352,22,11,11
S01009479,441,420,21,18,3,128,123,5,5,0,23,23,0,0,0,60,60,0,0,0,45,40,5,5,0,313,297,16,13,3
S01009480,439,420,19,2,17,212,204,8,1,7,43,41,2,0,2,111,111,0,0,0,58,52,6,1,5,227,216,11,1,10
S01009481,507,489,18,5,13,187,186,1,0,1,27,27,0,0,0,102,101,1,0,1,58,58,0,0,0,320,303,17,5,12
S01009482,346,332,14,1,13,87,84,3,1,2,22,21,1,0,1,37,36,1,1,0,28,27,1,0,1,259,248,11,0,11
S01009483,420,403,17,0,17,118,117,1,0,1,13,13,0,0,0,78,77,1,0,1,27,27,0,0,0,302,286,16,0,16
S01009484,446,427,19,0,19,137,133,4,0,4,49,46,3,0,3,69,68,1,0,1,19,19,0,0,0,309,294,15,0,15
S01009485,369,362,7,0,7,213,208,5,0,5,70,70,0,0,0,110,107,3,0,3,33,31,2,0,2,156,154,2,0,2
S01009486,321,313,8,0,8,200,196,4,0,4,121,120,1,0,1,70,67,3,0,3,9,9,0,0,0,121,117,4,0,4
S01009487,401,385,16,12,4,223,218,5,5,0,22,22,0,0,0,116,116,0,0,0,85,80,5,5,0,178,167,11,7,4
S01009488,277,267,10,1,9,271,261,10,1,9,52,51,1,0,1,144,139,5,1,4,75,71,4,0,4,6,6,0,0,0
S01009489,405,389,16,6,10,222,214,8,0,8,52,51,1,0,1,88,88,0,0,0,82,75,7,0,7,183,175,8,6,2
S01009490,404,394,10,2,8,143,141,2,0,2,22,22,0,0,0,65,64,1,0,1,56,55,1,0,1,261,253,8,2,6
S01009491,347,332,15,2,13,291,286,5,1,4,22,21,1,0,1,189,188,1,0,1,80,77,3,1,2,56,46,10,1,9
S01009492,311,310,1,0,1,290,289,1,0,1,11,11,0,0,0,157,157,0,0,0,122,121,1,0,1,21,21,0,0,0
S01009493,376,366,10,1,9,359,349,10,1,9,314,304,10,1,9,37,37,0,0,0,8,8,0,0,0,17,17,0,0,0
S01009494,397,387,10,2,8,349,342,7,2,5,188,184,4,2,2,154,152,2,0,2,7,6,1,0,1,48,45,3,0,3
S01009495,380,375,5,1,4,346,343,3,1,2,174,174,0,0,0,132,129,3,1,2,40,40,0,0,0,34,32,2,0,2
S01009496,377,371,6,2,4,319,315,4,2,2,7,7,0,0,0,43,43,0,0,0,269,265,4,2,2,58,56,2,0,2
S01009497,435,426,9,4,5,390,382,8,4,4,42,42,0,0,0,113,111,2,0,2,235,229,6,4,2,45,44,1,0,1
S01009498,280,276,4,0,4,277,273,4,0,4,177,174,3,0,3,91,90,1,0,1,9,9,0,0,0,3,3,0,0,0
S01009499,361,357,4,2,2,306,304,2,2,0,84,84,0,0,0,149,149,0,0,0,73,71,2,2,0,55,53,2,0,2
S01009500,394,382,12,3,9,279,271,8,3,5,11,11,0,0,0,106,106,0,0,0,162,154,8,3,5,115,111,4,0,4
S01009501,332,315,17,12,5,276,261,15,11,4,23,22,1,0,1,87,85,2,1,1,166,154,12,10,2,56,54,2,1,1
S01009502,386,374,12,7,5,321,312,9,4,5,17,17,0,0,0,62,61,1,0,1,242,234,8,4,4,65,62,3,3,0
S01009503,347,338,9,0,9,330,322,8,0,8,18,18,0,0,0,42,42,0,0,0,270,262,8,0,8,17,16,1,0,1
S01009504,323,314,9,1,8,201,196,5,1,4,16,16,0,0,0,79,78,1,0,1,106,102,4,1,3,122,118,4,0,4
S01009505,371,355,16,8,8,192,192,0,0,0,15,15,0,0,0,71,71,0,0,0,106,106,0,0,0,179,163,16,8,8
S01009506,360,348,12,1,11,224,220,4,1,3,16,16,0,0,0,77,76,1,0,1,131,128,3,1,2,136,128,8,0,8
S01009507,349,346,3,0,3,315,312,3,0,3,95,95,0,0,0,109,109,0,0,0,111,108,3,0,3,34,34,0,0,0
S01009508,408,397,11,0,11,271,266,5,0,5,21,21,0,0,0,93,93,0,0,0,157,152,5,0,5,137,131,6,0,6
S01009509,437,421,16,2,14,288,282,6,2,4,13,12,1,1,0,120,120,0,0,0,155,150,5,1,4,149,139,10,0,10
S01009510,305,301,4,1,3,303,299,4,1,3,134,131,3,1,2,159,158,1,0,1,10,10,0,0,0,2,2,0,0,0
S01009511,260,257,3,0,3,260,257,3,0,3,159,158,1,0,1,93,91,2,0,2,8,8,0,0,0,0,0,0,0,0
S01009512,316,313,3,0,3,312,309,3,0,3,104,102,2,0,2,185,184,1,0,1,23,23,0,0,0,4,4,0,0,0
S01009513,247,245,2,0,2,245,243,2,0,2,100,99,1,0,1,136,135,1,0,1,9,9,0,0,0,2,2,0,0,0
S01009514,284,282,2,0,2,281,279,2,0,2,87,86,1,0,1,175,174,1,0,1,19,19,0,0,0,3,3,0,0,0
S01009515,368,362,6,0,6,307,305,2,0,2,11,11,0,0,0,50,50,0,0,0,246,244,2,0,2,61,57,4,0,4
S01009516,405,399,6,4,2,398,392,6,4,2,46,46,0,0,0,66,66,0,0,0,286,280,6,4,2,7,7,0,0,0
S01009517,348,347,1,0,1,302,301,1,0,1,224,223,1,0,1,44,44,0,0,0,34,34,0,0,0,46,46,0,0,0
S01009518,321,319,2,2,0,293,291,2,2,0,225,223,2,2,0,28,28,0,0,0,40,40,0,0,0,28,28,0,0,0
S01009519,199,195,4,0,4,170,168,2,0,2,74,72,2,0,2,67,67,0,0,0,29,29,0,0,0,29,27,2,0,2
S01009520,336,328,8,2,6,283,279,4,2,2,92,91,1,0,1,57,56,1,0,1,134,132,2,2,0,53,49,4,0,4
S01009521,379,363,16,2,14,271,257,14,2,12,51,51,0,0,0,156,151,5,0,5,64,55,9,2,7,108,106,2,0,2
S01009522,382,376,6,1,5,309,306,3,0,3,62,61,1,0,1,163,163,0,0,0,84,82,2,0,2,73,70,3,1,2
S01009523,279,263,16,8,8,110,105,5,0,5,9,9,0,0,0,66,65,1,0,1,35,31,4,0,4,169,158,11,8,3
S01009524,367,341,26,11,15,128,127,1,0,1,15,14,1,0,1,67,67,0,0,0,46,46,0,0,0,239,214,25,11,14
S01009525,276,254,22,12,10,87,85,2,0,2,11,11,0,0,0,62,60,2,0,2,14,14,0,0,0,189,169,20,12,8
S01009526,382,365,17,2,15,65,64,1,0,1,36,36,0,0,0,11,11,0,0,0,18,17,1,0,1,317,301,16,2,14
S01009527,426,384,42,30,12,74,72,2,2,0,8,8,0,0,0,20,20,0,0,0,46,44,2,2,0,352,312,40,28,12
S01009528,362,355,7,3,4,43,43,0,0,0,8,8,0,0,0,16,16,0,0,0,19,19,0,0,0,319,312,7,3,4
S01009529,262,247,15,10,5,195,185,10,6,4,37,33,4,4,0,103,101,2,0,2,55,51,4,2,2,67,62,5,4,1
S01009530,264,255,9,2,7,251,243,8,1,7,83,80,3,1,2,158,153,5,0,5,10,10,0,0,0,13,12,1,1,0
S01009531,477,432,45,28,17,221,211,10,4,6,15,14,1,0,1,68,67,1,0,1,138,130,8,4,4,256,221,35,24,11
S01009532,452,437,15,3,12,278,273,5,1,4,14,14,0,0,0,58,58,0,0,0,206,201,5,1,4,174,164,10,2,8
S01009533,460,440,20,2,18,111,109,2,0,2,10,10,0,0,0,64,64,0,0,0,37,35,2,0,2,349,331,18,2,16
S01009534,455,427,28,10,18,127,118,9,5,4,10,10,0,0,0,55,54,1,0,1,62,54,8,5,3,328,309,19,5,14
S01009535,320,297,23,10,13,52,50,2,0,2,7,7,0,0,0,22,22,0,0,0,23,21,2,0,2,268,247,21,10,11
S01009536,235,228,7,0,7,87,85,2,0,2,36,35,1,0,1,42,41,1,0,1,9,9,0,0,0,148,143,5,0,5
S01009537,299,280,19,7,12,111,105,6,5,1,47,46,1,1,0,28,28,0,0,0,36,31,5,4,1,188,175,13,2,11
S01009538,433,401,32,15,17,129,116,13,7,6,31,26,5,0,5,49,49,0,0,0,49,41,8,7,1,304,285,19,8,11
S01009539,402,389,13,5,8,355,346,9,2,7,32,32,0,0,0,150,148,2,0,2,173,166,7,2,5,47,43,4,3,1
S01009540,507,459,48,40,8,126,124,2,0,2,26,25,1,0,1,48,47,1,0,1,52,52,0,0,0,381,335,46,40,6
S01009541,342,321,21,4,17,284,270,14,0,14,81,71,10,0,10,125,122,3,0,3,78,77,1,0,1,58,51,7,4,3
S01009542,403,380,23,9,14,144,139,5,2,3,11,11,0,0,0,68,67,1,0,1,65,61,4,2,2,259,241,18,7,11
S01009543,295,279,16,1,15,230,217,13,1,12,57,53,4,0,4,97,96,1,0,1,76,68,8,1,7,65,62,3,0,3
S01009544,454,432,22,9,13,372,357,15,7,8,64,64,0,0,0,76,74,2,0,2,232,219,13,7,6,82,75,7,2,5
S01009545,354,344,10,0,10,294,289,5,0,5,85,82,3,0,3,123,122,1,0,1,86,85,1,0,1,60,55,5,0,5
S01009546,431,414,17,12,5,326,318,8,4,4,86,85,1,0,1,163,160,3,0,3,77,73,4,4,0,105,96,9,8,1
S01009547,356,337,19,6,13,202,194,8,0,8,72,68,4,0,4,99,96,3,0,3,31,30,1,0,1,154,143,11,6,5
S01009548,328,317,11,0,11,243,236,7,0,7,43,41,2,0,2,109,106,3,0,3,91,89,2,0,2,85,81,4,0,4
S01009549,360,348,12,1,11,261,251,10,1,9,69,66,3,1,2,69,69,0,0,0,123,116,7,0,7,99,97,2,0,2
S01009550,215,208,7,7,0,211,204,7,7,0,56,56,0,0,0,58,58,0,0,0,97,90,7,7,0,4,4,0,0,0
S01009551,230,229,1,1,0,227,226,1,1,0,20,20,0,0,0,18,18,0,0,0,189,188,1,1,0,3,3,0,0,0
S01009552,406,398,8,0,8,377,369,8,0,8,153,149,4,0,4,131,128,3,0,3,93,92,1,0,1,29,29,0,0,0
S01009553,437,421,16,0,16,220,217,3,0,3,21,21,0,0,0,141,140,1,0,1,58,56,2,0,2,217,204,13,0,13
S01009554,315,311,4,0,4,196,195,1,0,1,75,75,0,0,0,68,67,1,0,1,53,53,0,0,0,119,116,3,0,3
S01009555,383,364,19,0,19,255,240,15,0,15,83,82,1,0,1,89,80,9,0,9,83,78,5,0,5,128,124,4,0,4
S01009556,382,338,44,30,14,298,264,34,30,4,11,11,0,0,0,24,24,0,0,0,263,229,34,30,4,84,74,10,0,10
S01009557,311,300,11,0,11,295,284,11,0,11,17,17,0,0,0,53,53,0,0,0,225,214,11,0,11,16,16,0,0,0
S01009558,305,291,14,3,11,287,276,11,0,11,15,15,0,0,0,40,39,1,0,1,232,222,10,0,10,18,15,3,3,0
S01009559,390,374,16,2,14,337,325,12,1,11,14,14,0,0,0,54,54,0,0,0,269,257,12,1,11,53,49,4,1,3
S01009560,380,351,29,9,20,277,268,9,4,5,10,10,0,0,0,55,54,1,0,1,212,204,8,4,4,103,83,20,5,15
S01009561,265,258,7,0,7,226,220,6,0,6,9,9,0,0,0,46,46,0,0,0,171,165,6,0,6,39,38,1,0,1
S01009562,324,316,8,0,8,321,313,8,0,8,9,9,0,0,0,61,61,0,0,0,251,243,8,0,8,3,3,0,0,0
S01009563,389,373,16,2,14,305,297,8,1,7,2,2,0,0,0,47,47,0,0,0,256,248,8,1,7,84,76,8,1,7
S01009564,324,315,9,0,9,283,277,6,0,6,25,25,0,0,0,140,139,1,0,1,118,113,5,0,5,41,38,3,0,3
S01009565,257,246,11,0,11,229,222,7,0,7,8,8,0,0,0,21,21,0,0,0,200,193,7,0,7,28,24,4,0,4
S01009566,435,431,4,0,4,420,417,3,0,3,67,67,0,0,0,27,27,0,0,0,326,323,3,0,3,15,14,1,0,1
S01009567,427,414,13,6,7,385,380,5,1,4,36,36,0,0,0,62,61,1,0,1,287,283,4,1,3,42,34,8,5,3
S01009568,342,333,9,0,9,341,332,9,0,9,12,12,0,0,0,32,32,0,0,0,297,288,9,0,9,1,1,0,0,0
S01009569,370,363,7,0,7,362,355,7,0,7,13,13,0,0,0,48,48,0,0,0,301,294,7,0,7,8,8,0,0,0
S01009570,244,240,4,0,4,232,228,4,0,4,8,8,0,0,0,39,39,0,0,0,185,181,4,0,4,12,12,0,0,0
S01009571,303,297,6,0,6,180,177,3,0,3,12,12,0,0,0,48,48,0,0,0,120,117,3,0,3,123,120,3,0,3
S01009572,508,499,9,0,9,333,328,5,0,5,21,21,0,0,0,100,100,0,0,0,212,207,5,0,5,175,171,4,0,4
S01009573,341,329,12,1,11,262,255,7,0,7,13,13,0,0,0,98,98,0,0,0,151,144,7,0,7,79,74,5,1,4
S01009574,449,447,2,0,2,358,356,2,0,2,11,11,0,0,0,95,94,1,0,1,252,251,1,0,1,91,91,0,0,0
S01009575,233,232,1,1,0,230,229,1,1,0,9,9,0,0,0,41,41,0,0,0,180,179,1,1,0,3,3,0,0,0
S01009576,223,223,0,0,0,198,198,0,0,0,177,177,0,0,0,11,11,0,0,0,10,10,0,0,0,25,25,0,0,0
S01009577,254,253,1,1,0,253,252,1,1,0,185,184,1,1,0,57,57,0,0,0,11,11,0,0,0,1,1,0,0,0
S01009578,316,312,4,0,4,299,297,2,0,2,32,32,0,0,0,53,53,0,0,0,214,212,2,0,2,17,15,2,0,2
S01009579,450,443,7,0,7,328,325,3,0,3,198,195,3,0,3,103,103,0,0,0,27,27,0,0,0,122,118,4,0,4
S01009580,359,355,4,0,4,312,309,3,0,3,130,128,2,0,2,130,129,1,0,1,52,52,0,0,0,47,46,1,0,1
S01009581,258,258,0,0,0,239,239,0,0,0,35,35,0,0,0,24,24,0,0,0,180,180,0,0,0,19,19,0,0,0
S01009582,242,240,2,0,2,241,239,2,0,2,8,8,0,0,0,29,29,0,0,0,204,202,2,0,2,1,1,0,0,0
S01009583,353,336,17,15,2,327,310,17,15,2,11,11,0,0,0,20,20,0,0,0,296,279,17,15,2,26,26,0,0,0
S01009584,222,219,3,1,2,207,207,0,0,0,127,127,0,0,0,37,37,0,0,0,43,43,0,0,0,15,12,3,1,2
S01009585,420,408,12,11,1,415,403,12,11,1,24,24,0,0,0,33,33,0,0,0,358,346,12,11,1,5,5,0,0,0
S01009586,315,313,2,0,2,286,284,2,0,2,86,85,1,0,1,30,30,0,0,0,170,169,1,0,1,29,29,0,0,0
S01009587,378,370,8,0,8,287,283,4,0,4,13,13,0,0,0,113,112,1,0,1,161,158,3,0,3,91,87,4,0,4
S01009588,448,436,12,0,12,400,390,10,0,10,11,11,0,0,0,102,97,5,0,5,287,282,5,0,5,48,46,2,0,2
S01009589,361,356,5,0,5,348,343,5,0,5,11,11,0,0,0,105,104,1,0,1,232,228,4,0,4,13,13,0,0,0
S01009590,267,267,0,0,0,265,265,0,0,0,175,175,0,0,0,70,70,0,0,0,20,20,0,0,0,2,2,0,0,0
S01009591,308,307,1,0,1,259,258,1,0,1,137,137,0,0,0,117,116,1,0,1,5,5,0,0,0,49,49,0,0,0
S01009592,246,246,0,0,0,244,244,0,0,0,199,199,0,0,0,35,35,0,0,0,10,10,0,0,0,2,2,0,0,0
S01009593,223,223,0,0,0,218,218,0,0,0,200,200,0,0,0,16,16,0,0,0,2,2,0,0,0,5,5,0,0,0
S01009594,265,263,2,0,2,256,254,2,0,2,160,159,1,0,1,93,92,1,0,1,3,3,0,0,0,9,9,0,0,0
S01009595,175,174,1,0,1,169,168,1,0,1,152,151,1,0,1,12,12,0,0,0,5,5,0,0,0,6,6,0,0,0
S01009596,360,355,5,1,4,337,332,5,1,4,13,13,0,0,0,85,84,1,0,1,239,235,4,1,3,23,23,0,0,0
S01009597,367,361,6,0,6,350,344,6,0,6,14,14,0,0,0,56,56,0,0,0,280,274,6,0,6,17,17,0,0,0
S01009598,308,303,5,0,5,237,234,3,0,3,25,25,0,0,0,93,91,2,0,2,119,118,1,0,1,71,69,2,0,2
S01009599,418,403,15,0,15,387,374,13,0,13,27,27,0,0,0,49,49,0,0,0,311,298,13,0,13,31,29,2,0,2
S01009600,337,330,7,0,7,236,230,6,0,6,15,15,0,0,0,47,47,0,0,0,174,168,6,0,6,101,100,1,0,1
S01009601,309,296,13,8,5,259,246,13,8,5,12,12,0,0,0,60,59,1,0,1,187,175,12,8,4,50,50,0,0,0
S01009602,292,291,1,0,1,288,287,1,0,1,177,176,1,0,1,99,99,0,0,0,12,12,0,0,0,4,4,0,0,0
S01009603,235,234,1,0,1,216,215,1,0,1,174,173,1,0,1,17,17,0,0,0,25,25,0,0,0,19,19,0,0,0
S01009604,383,377,6,1,5,369,363,6,1,5,86,86,0,0,0,121,121,0,0,0,162,156,6,1,5,14,14,0,0,0
S01009605,357,348,9,0,9,294,288,6,0,6,77,75,2,0,2,100,100,0,0,0,117,113,4,0,4,63,60,3,0,3
S01009606,223,218,5,1,4,213,208,5,1,4,169,165,4,1,3,11,11,0,0,0,33,32,1,0,1,10,10,0,0,0
S01009607,214,208,6,0,6,204,199,5,0,5,136,134,2,0,2,54,51,3,0,3,14,14,0,0,0,10,9,1,0,1
S01009608,294,287,7,1,6,155,152,3,1,2,32,32,0,0,0,79,79,0,0,0,44,41,3,1,2,139,135,4,0,4
S01009609,379,358,21,3,18,289,275,14,3,11,121,118,3,1,2,102,97,5,0,5,66,60,6,2,4,90,83,7,0,7
S01009610,511,500,11,1,10,329,322,7,1,6,128,125,3,0,3,117,117,0,0,0,84,80,4,1,3,182,178,4,0,4
S01009611,230,218,12,0,12,227,215,12,0,12,163,151,12,0,12,49,49,0,0,0,15,15,0,0,0,3,3,0,0,0
S01009612,280,272,8,0,8,207,202,5,0,5,46,45,1,0,1,69,67,2,0,2,92,90,2,0,2,73,70,3,0,3
S01009613,183,181,2,0,2,172,170,2,0,2,97,96,1,0,1,41,41,0,0,0,34,33,1,0,1,11,11,0,0,0
S01009614,228,223,5,0,5,199,194,5,0,5,113,110,3,0,3,43,43,0,0,0,43,41,2,0,2,29,29,0,0,0
S01009615,178,174,4,0,4,153,150,3,0,3,82,81,1,0,1,43,43,0,0,0,28,26,2,0,2,25,24,1,0,1
S01009616,334,324,10,0,10,233,228,5,0,5,97,94,3,0,3,105,105,0,0,0,31,29,2,0,2,101,96,5,0,5
S01009617,314,297,17,3,14,265,254,11,3,8,173,167,6,0,6,67,65,2,0,2,25,22,3,3,0,49,43,6,0,6
S01009618,377,333,44,40,4,232,194,38,35,3,34,34,0,0,0,94,86,8,7,1,104,74,30,28,2,145,139,6,5,1
S01009619,309,302,7,2,5,179,175,4,1,3,19,18,1,0,1,99,97,2,0,2,61,60,1,1,0,130,127,3,1,2
S01009620,423,391,32,32,0,204,196,8,8,0,15,15,0,0,0,166,159,7,7,0,23,22,1,1,0,219,195,24,24,0
S01009621,452,394,58,34,24,269,247,22,17,5,41,39,2,1,1,139,136,3,3,0,89,72,17,13,4,183,147,36,17,19
S01009622,463,394,69,61,8,117,111,6,5,1,20,19,1,1,0,55,55,0,0,0,42,37,5,4,1,346,283,63,56,7
S01009623,255,243,12,8,4,154,147,7,5,2,13,12,1,0,1,80,80,0,0,0,61,55,6,5,1,101,96,5,3,2
S01009624,428,408,20,12,8,383,364,19,12,7,23,22,1,1,0,137,137,0,0,0,223,205,18,11,7,45,44,1,0,1
S01009625,392,378,14,9,5,375,361,14,9,5,10,10,0,0,0,159,156,3,0,3,206,195,11,9,2,17,17,0,0,0
S01009626,244,231,13,7,6,199,189,10,7,3,10,10,0,0,0,154,147,7,4,3,35,32,3,3,0,45,42,3,0,3
S01009627,353,342,11,7,4,264,255,9,7,2,13,13,0,0,0,181,177,4,2,2,70,65,5,5,0,89,87,2,0,2
S01009628,276,265,11,11,0,256,245,11,11,0,77,74,3,3,0,88,87,1,1,0,91,84,7,7,0,20,20,0,0,0
S01009629,447,435,12,2,10,365,358,7,2,5,22,22,0,0,0,203,202,1,0,1,140,134,6,2,4,82,77,5,0,5
S01009630,350,343,7,0,7,273,270,3,0,3,10,10,0,0,0,155,153,2,0,2,108,107,1,0,1,77,73,4,0,4
S01009631,429,406,23,8,15,154,147,7,3,4,16,14,2,1,1,39,38,1,1,0,99,95,4,1,3,275,259,16,5,11
S01009632,340,306,34,6,28,81,77,4,0,4,22,22,0,0,0,50,46,4,0,4,9,9,0,0,0,259,229,30,6,24
S01009633,331,297,34,17,17,74,73,1,1,0,18,17,1,1,0,40,40,0,0,0,16,16,0,0,0,257,224,33,16,17
S01009634,267,253,14,9,5,177,171,6,4,2,10,10,0,0,0,80,77,3,1,2,87,84,3,3,0,90,82,8,5,3
S01009635,441,414,27,3,24,300,290,10,3,7,16,15,1,0,1,92,85,7,3,4,192,190,2,0,2,141,124,17,0,17
S01009636,574,521,53,0,53,105,103,2,0,2,19,19,0,0,0,46,46,0,0,0,40,38,2,0,2,469,418,51,0,51
S01009637,362,340,22,5,17,187,179,8,2,6,23,22,1,1,0,117,113,4,1,3,47,44,3,0,3,175,161,14,3,11
S01009638,301,292,9,0,9,143,135,8,0,8,30,30,0,0,0,93,89,4,0,4,20,16,4,0,4,158,157,1,0,1
S01009639,351,325,26,17,9,273,257,16,10,6,96,90,6,4,2,156,146,10,6,4,21,21,0,0,0,78,68,10,7,3
S01009640,388,363,25,12,13,118,115,3,1,2,8,7,1,1,0,103,101,2,0,2,7,7,0,0,0,270,248,22,11,11
S01009641,524,479,45,20,25,213,202,11,5,6,32,32,0,0,0,97,90,7,5,2,84,80,4,0,4,311,277,34,15,19
S01009642,531,482,49,30,19,197,181,16,9,7,47,44,3,2,1,80,77,3,2,1,70,60,10,5,5,334,301,33,21,12
S01009643,228,218,10,0,10,195,189,6,0,6,113,109,4,0,4,73,71,2,0,2,9,9,0,0,0,33,29,4,0,4
S01009644,353,339,14,2,12,317,303,14,2,12,84,82,2,1,1,88,82,6,1,5,145,139,6,0,6,36,36,0,0,0
S01009645,311,301,10,4,6,191,188,3,1,2,23,23,0,0,0,119,117,2,1,1,49,48,1,0,1,120,113,7,3,4
S01009646,254,244,10,5,5,209,203,6,2,4,13,12,1,1,0,122,120,2,0,2,74,71,3,1,2,45,41,4,3,1
S01009647,340,318,22,8,14,108,107,1,0,1,27,27,0,0,0,62,61,1,0,1,19,19,0,0,0,232,211,21,8,13
S01009648,401,394,7,5,2,352,349,3,2,1,20,20,0,0,0,210,208,2,1,1,122,121,1,1,0,49,45,4,3,1
S01009649,462,451,11,9,2,339,328,11,9,2,133,131,2,1,1,126,125,1,0,1,80,72,8,8,0,123,123,0,0,0
S01009650,351,343,8,0,8,336,330,6,0,6,215,211,4,0,4,113,111,2,0,2,8,8,0,0,0,15,13,2,0,2
S01009651,457,427,30,18,12,409,388,21,14,7,215,206,9,4,5,124,118,6,5,1,70,64,6,5,1,48,39,9,4,5
S01009652,501,399,102,79,23,369,303,66,48,18,136,113,23,17,6,138,124,14,10,4,95,66,29,21,8,132,96,36,31,5
S01009653,243,229,14,9,5,226,214,12,8,4,153,147,6,5,1,64,58,6,3,3,9,9,0,0,0,17,15,2,1,1
S01009654,363,274,89,81,8,260,209,51,44,7,81,66,15,11,4,96,85,11,10,1,83,58,25,23,2,103,65,38,37,1
S01009655,356,351,5,3,2,352,347,5,3,2,11,11,0,0,0,245,242,3,1,2,96,94,2,2,0,4,4,0,0,0
S01009656,406,387,19,7,12,268,265,3,0,3,27,27,0,0,0,194,192,2,0,2,47,46,1,0,1,138,122,16,7,9
S01009657,341,332,9,2,7,274,267,7,2,5,107,102,5,2,3,139,137,2,0,2,28,28,0,0,0,67,65,2,0,2
S01009658,297,286,11,3,8,283,272,11,3,8,29,29,0,0,0,75,72,3,0,3,179,171,8,3,5,14,14,0,0,0
S01009659,248,230,18,8,10,172,166,6,1,5,58,56,2,1,1,67,66,1,0,1,47,44,3,0,3,76,64,12,7,5
S01009660,445,430,15,0,15,434,419,15,0,15,163,153,10,0,10,106,106,0,0,0,165,160,5,0,5,11,11,0,0,0
S01009661,350,331,19,4,15,334,317,17,3,14,239,227,12,2,10,68,66,2,0,2,27,24,3,1,2,16,14,2,1,1
S01009662,300,292,8,2,6,279,271,8,2,6,119,114,5,2,3,111,109,2,0,2,49,48,1,0,1,21,21,0,0,0
S01009663,297,281,16,0,16,265,250,15,0,15,128,120,8,0,8,82,79,3,0,3,55,51,4,0,4,32,31,1,0,1
S01009664,404,377,27,6,21,352,333,19,3,16,133,122,11,2,9,108,107,1,0,1,111,104,7,1,6,52,44,8,3,5
S01009665,297,293,4,0,4,232,228,4,0,4,83,81,2,0,2,98,98,0,0,0,51,49,2,0,2,65,65,0,0,0
S01009666,352,342,10,2,8,240,237,3,1,2,111,108,3,1,2,84,84,0,0,0,45,45,0,0,0,112,105,7,1,6
S01009667,235,223,12,6,6,223,213,10,6,4,141,133,8,4,4,62,61,1,1,0,20,19,1,1,0,12,10,2,0,2
S01009668,258,243,15,3,12,197,184,13,3,10,92,88,4,2,2,50,48,2,0,2,55,48,7,1,6,61,59,2,0,2
S01009669,248,240,8,3,5,243,235,8,3,5,93,88,5,2,3,89,89,0,0,0,61,58,3,1,2,5,5,0,0,0
S01009670,358,340,18,4,14,306,289,17,4,13,137,132,5,2,3,104,99,5,1,4,65,58,7,1,6,52,51,1,0,1
S01009671,289,262,27,9,18,265,240,25,8,17,117,102,15,5,10,87,84,3,0,3,61,54,7,3,4,24,22,2,1,1
S01009672,362,355,7,3,4,329,322,7,3,4,80,79,1,0,1,124,120,4,1,3,125,123,2,2,0,33,33,0,0,0
S01009673,369,351,18,5,13,274,263,11,3,8,111,107,4,0,4,85,83,2,0,2,78,73,5,3,2,95,88,7,2,5
S01009674,412,392,20,6,14,374,354,20,6,14,193,184,9,2,7,113,105,8,4,4,68,65,3,0,3,38,38,0,0,0
S01009675,399,379,20,2,18,367,351,16,2,14,159,150,9,0,9,153,151,2,2,0,55,50,5,0,5,32,28,4,0,4
S01009676,382,356,26,4,22,324,301,23,4,19,125,119,6,1,5,140,129,11,2,9,59,53,6,1,5,58,55,3,0,3
S01009677,285,268,17,6,11,275,258,17,6,11,164,152,12,5,7,71,67,4,1,3,40,39,1,0,1,10,10,0,0,0
S01009678,282,273,9,6,3,244,236,8,6,2,57,56,1,0,1,100,99,1,0,1,87,81,6,6,0,38,37,1,0,1
S01009679,479,434,45,21,24,290,254,36,19,17,105,100,5,5,0,89,86,3,2,1,96,68,28,12,16,189,180,9,2,7
S01009680,369,356,13,4,9,280,269,11,3,8,91,88,3,1,2,76,73,3,1,2,113,108,5,1,4,89,87,2,1,1
S01009681,249,245,4,1,3,234,231,3,0,3,75,73,2,0,2,82,82,0,0,0,77,76,1,0,1,15,14,1,1,0
S01009682,278,278,0,0,0,231,231,0,0,0,129,129,0,0,0,85,85,0,0,0,17,17,0,0,0,47,47,0,0,0
S01009683,369,364,5,0,5,290,289,1,0,1,136,135,1,0,1,108,108,0,0,0,46,46,0,0,0,79,75,4,0,4
S01009684,418,395,23,6,17,383,371,12,0,12,252,245,7,0,7,78,78,0,0,0,53,48,5,0,5,35,24,11,6,5
S01009685,273,264,9,0,9,260,251,9,0,9,73,71,2,0,2,117,114,3,0,3,70,66,4,0,4,13,13,0,0,0
S01009686,565,544,21,2,19,331,322,9,1,8,97,96,1,0,1,96,93,3,0,3,138,133,5,1,4,234,222,12,1,11
S01009687,304,299,5,0,5,287,282,5,0,5,80,78,2,0,2,172,169,3,0,3,35,35,0,0,0,17,17,0,0,0
S01009688,463,456,7,0,7,170,168,2,0,2,18,18,0,0,0,89,89,0,0,0,63,61,2,0,2,293,288,5,0,5
S01009689,356,333,23,3,20,153,148,5,0,5,41,38,3,0,3,51,51,0,0,0,61,59,2,0,2,203,185,18,3,15
S01009690,361,347,14,1,13,265,256,9,1,8,42,42,0,0,0,94,93,1,0,1,129,121,8,1,7,96,91,5,0,5
S01009691,275,260,15,2,13,202,198,4,0,4,112,110,2,0,2,56,56,0,0,0,34,32,2,0,2,73,62,11,2,9
S01009692,499,484,15,3,12,463,450,13,2,11,227,220,7,2,5,216,210,6,0,6,20,20,0,0,0,36,34,2,1,1
S01009693,260,252,8,0,8,257,249,8,0,8,132,128,4,0,4,120,116,4,0,4,5,5,0,0,0,3,3,0,0,0
S01009694,461,453,8,0,8,435,428,7,0,7,287,281,6,0,6,133,132,1,0,1,15,15,0,0,0,26,25,1,0,1
S01009695,298,278,20,9,11,277,257,20,9,11,166,153,13,8,5,62,59,3,1,2,49,45,4,0,4,21,21,0,0,0
S01009696,459,443,16,7,9,444,429,15,7,8,215,209,6,1,5,141,135,6,4,2,88,85,3,2,1,15,14,1,0,1
S01009697,334,314,20,9,11,327,309,18,8,10,157,147,10,4,6,87,85,2,1,1,83,77,6,3,3,7,5,2,1,1
S01009698,258,232,26,16,10,251,225,26,16,10,157,146,11,7,4,65,56,9,7,2,29,23,6,2,4,7,7,0,0,0
S01009699,383,236,147,136,11,322,213,109,101,8,101,71,30,26,4,152,104,48,48,0,69,38,31,27,4,61,23,38,35,3
S01009700,332,297,35,18,17,291,258,33,17,16,104,91,13,7,6,101,89,12,5,7,86,78,8,5,3,41,39,2,1,1
S01009701,591,229,362,357,5,458,175,283,280,3,130,54,76,75,1,112,67,45,43,2,216,54,162,162,0,133,54,79,77,2
S01009702,283,265,18,9,9,275,257,18,9,9,165,158,7,6,1,81,73,8,2,6,29,26,3,1,2,8,8,0,0,0
S01009703,348,285,63,57,6,264,224,40,38,2,61,53,8,7,1,131,114,17,16,1,72,57,15,15,0,84,61,23,19,4
S01009704,533,440,93,81,12,446,377,69,62,7,154,133,21,20,1,146,133,13,11,2,146,111,35,31,4,87,63,24,19,5
S01009705,449,363,86,70,16,315,255,60,52,8,41,32,9,8,1,122,108,14,7,7,152,115,37,37,0,134,108,26,18,8
S01009706,357,295,62,52,10,265,226,39,35,4,65,62,3,3,0,98,82,16,13,3,102,82,20,19,1,92,69,23,17,6
S01009707,289,218,71,60,11,236,169,67,58,9,34,30,4,3,1,45,34,11,9,2,157,105,52,46,6,53,49,4,2,2
S01009708,321,258,63,60,3,276,220,56,53,3,72,64,8,8,0,120,108,12,11,1,84,48,36,34,2,45,38,7,7,0
S01009709,456,394,62,46,16,364,318,46,35,11,83,73,10,8,2,157,147,10,7,3,124,98,26,20,6,92,76,16,11,5
S01009710,268,246,22,16,6,209,194,15,11,4,95,92,3,3,0,68,67,1,0,1,46,35,11,8,3,59,52,7,5,2
S01009711,391,341,50,28,22,209,192,17,10,7,49,43,6,4,2,102,95,7,4,3,58,54,4,2,2,182,149,33,18,15
S01009712,310,277,33,28,5,287,254,33,28,5,111,102,9,7,2,96,88,8,8,0,80,64,16,13,3,23,23,0,0,0
S01009713,579,444,135,120,15,460,349,111,99,12,162,137,25,24,1,131,113,18,15,3,167,99,68,60,8,119,95,24,21,3
S01009714,583,453,130,120,10,475,363,112,103,9,195,165,30,28,2,136,111,25,20,5,144,87,57,55,2,108,90,18,17,1
S01009715,403,334,69,63,6,379,312,67,61,6,148,133,15,11,4,120,98,22,20,2,111,81,30,30,0,24,22,2,2,0
S01009716,346,329,17,10,7,336,319,17,10,7,165,153,12,10,2,138,133,5,0,5,33,33,0,0,0,10,10,0,0,0
S01009717,331,327,4,3,1,166,164,2,2,0,27,27,0,0,0,97,96,1,1,0,42,41,1,1,0,165,163,2,1,1
S01009718,337,327,10,2,8,233,227,6,1,5,11,11,0,0,0,113,112,1,0,1,109,104,5,1,4,104,100,4,1,3
S01009719,348,342,6,0,6,304,301,3,0,3,18,18,0,0,0,118,118,0,0,0,168,165,3,0,3,44,41,3,0,3
S01009720,388,379,9,2,7,357,348,9,2,7,22,21,1,0,1,131,129,2,1,1,204,198,6,1,5,31,31,0,0,0
S01009721,236,221,15,11,4,48,45,3,1,2,9,8,1,1,0,15,15,0,0,0,24,22,2,0,2,188,176,12,10,2
S01009722,442,387,55,52,3,166,146,20,18,2,31,30,1,1,0,37,36,1,1,0,98,80,18,16,2,276,241,35,34,1
S01009723,336,302,34,24,10,110,97,13,10,3,16,13,3,2,1,31,28,3,3,0,63,56,7,5,2,226,205,21,14,7
S01009724,502,495,7,4,3,120,120,0,0,0,21,21,0,0,0,80,80,0,0,0,19,19,0,0,0,382,375,7,4,3
S01009725,268,251,17,13,4,164,149,15,12,3,44,43,1,1,0,74,74,0,0,0,46,32,14,11,3,104,102,2,1,1
S01009726,248,209,39,28,11,86,73,13,9,4,13,12,1,0,1,29,27,2,2,0,44,34,10,7,3,162,136,26,19,7
S01009727,350,331,19,7,12,310,292,18,7,11,149,140,9,1,8,78,77,1,0,1,83,75,8,6,2,40,39,1,0,1
S01009728,344,333,11,2,9,335,324,11,2,9,202,197,5,2,3,127,121,6,0,6,6,6,0,0,0,9,9,0,0,0
S01009729,295,282,13,5,8,289,276,13,5,8,203,194,9,4,5,71,67,4,1,3,15,15,0,0,0,6,6,0,0,0
S01009730,248,241,7,3,4,174,168,6,2,4,44,42,2,1,1,116,114,2,0,2,14,12,2,1,1,74,73,1,1,0
S01009731,278,274,4,3,1,273,269,4,3,1,197,197,0,0,0,65,62,3,3,0,11,10,1,0,1,5,5,0,0,0
S01009732,359,344,15,11,4,213,203,10,6,4,66,64,2,0,2,107,102,5,4,1,40,37,3,2,1,146,141,5,5,0
S01009733,247,227,20,15,5,176,161,15,12,3,86,81,5,4,1,45,44,1,0,1,45,36,9,8,1,71,66,5,3,2
S01009734,409,385,24,14,10,390,366,24,14,10,224,212,12,8,4,117,110,7,4,3,49,44,5,2,3,19,19,0,0,0
S01009735,358,327,31,15,16,327,302,25,10,15,243,226,17,7,10,75,67,8,3,5,9,9,0,0,0,31,25,6,5,1
S01009736,388,332,56,39,17,120,98,22,13,9,40,34,6,2,4,33,31,2,2,0,47,33,14,9,5,268,234,34,26,8
S01009737,336,323,13,6,7,309,297,12,6,6,31,30,1,0,1,165,154,11,6,5,113,113,0,0,0,27,26,1,0,1
S01009738,236,214,22,12,10,118,100,18,12,6,32,30,2,0,2,52,52,0,0,0,34,18,16,12,4,118,114,4,0,4
S01009739,395,275,120,7,113,389,271,118,5,113,83,78,5,1,4,164,150,14,2,12,142,43,99,2,97,6,4,2,2,0
S01009740,259,243,16,7,9,214,199,15,6,9,26,23,3,1,2,102,94,8,4,4,86,82,4,1,3,45,44,1,1,0
S01009741,177,164,13,2,11,169,156,13,2,11,35,33,2,0,2,125,115,10,2,8,9,8,1,0,1,8,8,0,0,0
S01009742,221,206,15,10,5,213,199,14,10,4,159,150,9,7,2,38,35,3,3,0,16,14,2,0,2,8,7,1,0,1
S01009743,440,425,15,7,8,417,402,15,7,8,264,254,10,3,7,99,97,2,2,0,54,51,3,2,1,23,23,0,0,0
S01009744,329,306,23,7,16,315,297,18,7,11,208,196,12,5,7,80,78,2,1,1,27,23,4,1,3,14,9,5,0,5
S01009745,463,455,8,3,5,458,450,8,3,5,270,266,4,1,3,139,138,1,0,1,49,46,3,2,1,5,5,0,0,0
S01009746,259,237,22,15,7,248,231,17,11,6,141,133,8,4,4,70,66,4,4,0,37,32,5,3,2,11,6,5,4,1
S01009747,374,344,30,16,14,187,173,14,7,7,76,71,5,1,4,64,63,1,1,0,47,39,8,5,3,187,171,16,9,7
S01009748,307,299,8,2,6,277,272,5,0,5,115,112,3,0,3,81,80,1,0,1,81,80,1,0,1,30,27,3,2,1
S01009749,442,425,17,6,11,359,344,15,6,9,130,124,6,2,4,153,146,7,3,4,76,74,2,1,1,83,81,2,0,2
S01009750,326,311,15,8,7,214,201,13,8,5,51,49,2,1,1,135,126,9,7,2,28,26,2,0,2,112,110,2,0,2
S01009751,368,355,13,0,13,195,191,4,0,4,44,42,2,0,2,105,104,1,0,1,46,45,1,0,1,173,164,9,0,9
S01009752,267,260,7,2,5,196,194,2,1,1,112,111,1,1,0,58,57,1,0,1,26,26,0,0,0,71,66,5,1,4
S01009753,351,333,18,1,17,153,150,3,1,2,53,51,2,0,2,48,47,1,1,0,52,52,0,0,0,198,183,15,0,15
S01009754,399,383,16,4,12,238,227,11,4,7,86,82,4,0,4,123,117,6,4,2,29,28,1,0,1,161,156,5,0,5
S01009755,293,281,12,7,5,202,193,9,7,2,69,69,0,0,0,85,76,9,7,2,48,48,0,0,0,91,88,3,0,3
S01009756,322,320,2,1,1,287,285,2,1,1,113,112,1,0,1,109,108,1,1,0,65,65,0,0,0,35,35,0,0,0
S01009757,277,271,6,4,2,253,247,6,4,2,91,89,2,1,1,137,133,4,3,1,25,25,0,0,0,24,24,0,0,0
S01009758,243,242,1,0,1,151,150,1,0,1,46,45,1,0,1,90,90,0,0,0,15,15,0,0,0,92,92,0,0,0
S01009759,433,417,16,0,16,15,15,0,0,0,5,5,0,0,0,5,5,0,0,0,5,5,0,0,0,418,402,16,0,16
S01009760,411,407,4,0,4,75,74,1,0,1,3,3,0,0,0,52,51,1,0,1,20,20,0,0,0,336,333,3,0,3
S01009761,378,377,1,0,1,282,281,1,0,1,42,41,1,0,1,155,155,0,0,0,85,85,0,0,0,96,96,0,0,0
S01009762,416,416,0,0,0,40,40,0,0,0,7,7,0,0,0,18,18,0,0,0,15,15,0,0,0,376,376,0,0,0
S01009763,268,264,4,1,3,227,223,4,1,3,170,166,4,1,3,52,52,0,0,0,5,5,0,0,0,41,41,0,0,0
S01009764,291,291,0,0,0,161,161,0,0,0,12,12,0,0,0,120,120,0,0,0,29,29,0,0,0,130,130,0,0,0
S01009765,392,382,10,10,0,292,282,10,10,0,21,21,0,0,0,226,216,10,10,0,45,45,0,0,0,100,100,0,0,0
S01009766,233,231,2,2,0,207,205,2,2,0,17,17,0,0,0,125,123,2,2,0,65,65,0,0,0,26,26,0,0,0
S01009767,227,227,0,0,0,179,179,0,0,0,12,12,0,0,0,96,96,0,0,0,71,71,0,0,0,48,48,0,0,0
S01009768,285,279,6,0,6,90,88,2,0,2,33,32,1,0,1,46,45,1,0,1,11,11,0,0,0,195,191,4,0,4
S01009769,253,249,4,0,4,170,166,4,0,4,50,50,0,0,0,96,92,4,0,4,24,24,0,0,0,83,83,0,0,0
S01009770,258,257,1,0,1,251,250,1,0,1,80,79,1,0,1,119,119,0,0,0,52,52,0,0,0,7,7,0,0,0
S01009771,301,294,7,5,2,290,283,7,5,2,129,128,1,0,1,130,124,6,5,1,31,31,0,0,0,11,11,0,0,0
S01009772,273,271,2,2,0,213,211,2,2,0,39,39,0,0,0,131,130,1,1,0,43,42,1,1,0,60,60,0,0,0
S01009773,181,179,2,0,2,158,156,2,0,2,144,142,2,0,2,8,8,0,0,0,6,6,0,0,0,23,23,0,0,0
S01009774,155,151,4,1,3,148,144,4,1,3,139,135,4,1,3,6,6,0,0,0,3,3,0,0,0,7,7,0,0,0
S01009775,359,359,0,0,0,118,118,0,0,0,5,5,0,0,0,33,33,0,0,0,80,80,0,0,0,241,241,0,0,0
S01009776,307,307,0,0,0,124,124,0,0,0,11,11,0,0,0,79,79,0,0,0,34,34,0,0,0,183,183,0,0,0
S01009777,279,266,13,0,13,67,67,0,0,0,2,2,0,0,0,31,31,0,0,0,34,34,0,0,0,212,199,13,0,13
S01009778,417,415,2,0,2,288,288,0,0,0,11,11,0,0,0,62,62,0,0,0,215,215,0,0,0,129,127,2,0,2
S01009779,298,290,8,1,7,86,82,4,1,3,4,4,0,0,0,53,49,4,1,3,29,29,0,0,0,212,208,4,0,4
S01009780,220,219,1,0,1,182,181,1,0,1,16,16,0,0,0,155,154,1,0,1,11,11,0,0,0,38,38,0,0,0
S01009781,225,224,1,0,1,113,113,0,0,0,6,6,0,0,0,82,82,0,0,0,25,25,0,0,0,112,111,1,0,1
S01009782,202,200,2,0,2,168,166,2,0,2,5,5,0,0,0,152,152,0,0,0,11,9,2,0,2,34,34,0,0,0
S01009783,317,310,7,4,3,257,250,7,4,3,15,15,0,0,0,161,154,7,4,3,81,81,0,0,0,60,60,0,0,0
S01009784,313,309,4,3,1,205,201,4,3,1,11,10,1,0,1,116,113,3,3,0,78,78,0,0,0,108,108,0,0,0
S01009785,341,339,2,1,1,213,211,2,1,1,4,4,0,0,0,150,148,2,1,1,59,59,0,0,0,128,128,0,0,0
S01009786,432,425,7,0,7,111,109,2,0,2,4,4,0,0,0,33,33,0,0,0,74,72,2,0,2,321,316,5,0,5
S01009787,370,366,4,0,4,112,112,0,0,0,16,16,0,0,0,61,61,0,0,0,35,35,0,0,0,258,254,4,0,4
S01009788,410,404,6,0,6,196,192,4,0,4,7,7,0,0,0,107,104,3,0,3,82,81,1,0,1,214,212,2,0,2
S01009789,402,399,3,1,2,206,203,3,1,2,2,2,0,0,0,84,84,0,0,0,120,117,3,1,2,196,196,0,0,0
S01009790,260,259,1,0,1,162,162,0,0,0,4,4,0,0,0,51,51,0,0,0,107,107,0,0,0,98,97,1,0,1
S01009791,281,281,0,0,0,135,135,0,0,0,1,1,0,0,0,20,20,0,0,0,114,114,0,0,0,146,146,0,0,0
S01009792,331,323,8,0,8,282,275,7,0,7,173,173,0,0,0,68,67,1,0,1,41,35,6,0,6,49,48,1,0,1
S01009793,420,416,4,0,4,289,285,4,0,4,77,76,1,0,1,195,194,1,0,1,17,15,2,0,2,131,131,0,0,0
S01009794,207,199,8,8,0,200,192,8,8,0,27,27,0,0,0,168,161,7,7,0,5,4,1,1,0,7,7,0,0,0
S01009795,292,287,5,3,2,282,277,5,3,2,185,184,1,0,1,79,75,4,3,1,18,18,0,0,0,10,10,0,0,0
S01009796,314,310,4,0,4,289,286,3,0,3,114,112,2,0,2,108,107,1,0,1,67,67,0,0,0,25,24,1,0,1
S01009797,307,306,1,0,1,263,262,1,0,1,144,143,1,0,1,90,90,0,0,0,29,29,0,0,0,44,44,0,0,0
S01009798,257,255,2,1,1,251,249,2,1,1,101,101,0,0,0,121,119,2,1,1,29,29,0,0,0,6,6,0,0,0
S01009799,366,363,3,0,3,170,169,1,0,1,6,6,0,0,0,102,101,1,0,1,62,62,0,0,0,196,194,2,0,2
S01009800,428,424,4,0,4,249,248,1,0,1,5,5,0,0,0,97,96,1,0,1,147,147,0,0,0,179,176,3,0,3
S01009801,348,344,4,0,4,227,225,2,0,2,6,6,0,0,0,88,87,1,0,1,133,132,1,0,1,121,119,2,0,2
S01009802,435,431,4,0,4,205,203,2,0,2,0,0,0,0,0,109,109,0,0,0,96,94,2,0,2,230,228,2,0,2
S01009803,378,371,7,0,7,138,135,3,0,3,4,4,0,0,0,102,101,1,0,1,32,30,2,0,2,240,236,4,0,4
S01009804,209,208,1,0,1,59,59,0,0,0,4,4,0,0,0,12,12,0,0,0,43,43,0,0,0,150,149,1,0,1
S01009805,375,374,1,0,1,263,262,1,0,1,19,19,0,0,0,150,149,1,0,1,94,94,0,0,0,112,112,0,0,0
S01009806,455,446,9,0,9,55,52,3,0,3,12,11,1,0,1,26,25,1,0,1,17,16,1,0,1,400,394,6,0,6
S01009807,486,461,25,0,25,23,23,0,0,0,2,2,0,0,0,12,12,0,0,0,9,9,0,0,0,463,438,25,0,25
S01009808,492,428,64,0,64,20,20,0,0,0,3,3,0,0,0,13,13,0,0,0,4,4,0,0,0,472,408,64,0,64
S01009809,339,338,1,0,1,24,24,0,0,0,5,5,0,0,0,7,7,0,0,0,12,12,0,0,0,315,314,1,0,1
S01009810,459,453,6,0,6,110,109,1,0,1,4,4,0,0,0,41,40,1,0,1,65,65,0,0,0,349,344,5,0,5
S01009811,526,520,6,0,6,186,182,4,0,4,3,3,0,0,0,85,84,1,0,1,98,95,3,0,3,340,338,2,0,2
S01009812,379,376,3,0,3,108,108,0,0,0,1,1,0,0,0,54,54,0,0,0,53,53,0,0,0,271,268,3,0,3
S01009813,378,335,43,0,43,9,9,0,0,0,2,2,0,0,0,4,4,0,0,0,3,3,0,0,0,369,326,43,0,43
S01009814,364,362,2,0,2,185,184,1,0,1,49,48,1,0,1,52,52,0,0,0,84,84,0,0,0,179,178,1,0,1
S01009815,349,346,3,0,3,30,28,2,0,2,1,1,0,0,0,18,17,1,0,1,11,10,1,0,1,319,318,1,0,1
S01009816,329,326,3,0,3,93,91,2,0,2,7,7,0,0,0,25,23,2,0,2,61,61,0,0,0,236,235,1,0,1
S01009817,348,343,5,1,4,202,199,3,1,2,4,4,0,0,0,135,133,2,0,2,63,62,1,1,0,146,144,2,0,2
S01009818,428,421,7,3,4,372,367,5,3,2,44,43,1,0,1,257,254,3,3,0,71,70,1,0,1,56,54,2,0,2
S01009819,307,306,1,0,1,138,138,0,0,0,14,14,0,0,0,29,29,0,0,0,95,95,0,0,0,169,168,1,0,1
S01009820,451,445,6,0,6,200,197,3,0,3,15,15,0,0,0,77,77,0,0,0,108,105,3,0,3,251,248,3,0,3
S01009821,260,255,5,0,5,138,134,4,0,4,28,26,2,0,2,82,80,2,0,2,28,28,0,0,0,122,121,1,0,1
S01009822,197,191,6,3,3,172,166,6,3,3,32,32,0,0,0,36,33,3,3,0,104,101,3,0,3,25,25,0,0,0
S01009823,314,306,8,1,7,149,145,4,0,4,2,2,0,0,0,24,23,1,0,1,123,120,3,0,3,165,161,4,1,3
S01009824,370,365,5,0,5,214,209,5,0,5,44,44,0,0,0,45,44,1,0,1,125,121,4,0,4,156,156,0,0,0
S01009825,456,449,7,1,6,231,229,2,1,1,8,8,0,0,0,53,52,1,1,0,170,169,1,0,1,225,220,5,0,5
S01009826,235,228,7,0,7,89,87,2,0,2,6,6,0,0,0,13,13,0,0,0,70,68,2,0,2,146,141,5,0,5
S01009827,370,367,3,0,3,203,200,3,0,3,4,4,0,0,0,23,21,2,0,2,176,175,1,0,1,167,167,0,0,0
S01009828,397,394,3,0,3,71,71,0,0,0,4,4,0,0,0,18,18,0,0,0,49,49,0,0,0,326,323,3,0,3
S01009829,526,512,14,0,14,35,35,0,0,0,5,5,0,0,0,15,15,0,0,0,15,15,0,0,0,491,477,14,0,14
S01009830,337,329,8,0,8,78,77,1,0,1,5,5,0,0,0,30,30,0,0,0,43,42,1,0,1,259,252,7,0,7
S01009831,316,313,3,0,3,22,22,0,0,0,3,3,0,0,0,10,10,0,0,0,9,9,0,0,0,294,291,3,0,3
S01009832,488,474,14,0,14,100,99,1,0,1,11,11,0,0,0,73,72,1,0,1,16,16,0,0,0,388,375,13,0,13
S01009833,241,238,3,0,3,117,116,1,0,1,0,0,0,0,0,71,70,1,0,1,46,46,0,0,0,124,122,2,0,2
S01009834,379,372,7,0,7,175,172,3,0,3,4,4,0,0,0,123,120,3,0,3,48,48,0,0,0,204,200,4,0,4
S01009835,264,258,6,0,6,62,60,2,0,2,2,1,1,0,1,26,26,0,0,0,34,33,1,0,1,202,198,4,0,4
S01009836,418,414,4,1,3,283,279,4,1,3,37,36,1,1,0,99,98,1,0,1,147,145,2,0,2,135,135,0,0,0
S01009837,374,368,6,0,6,145,141,4,0,4,5,5,0,0,0,44,44,0,0,0,96,92,4,0,4,229,227,2,0,2
S01009838,435,433,2,0,2,77,77,0,0,0,2,2,0,0,0,25,25,0,0,0,50,50,0,0,0,358,356,2,0,2
S01009839,624,615,9,0,9,20,20,0,0,0,2,2,0,0,0,8,8,0,0,0,10,10,0,0,0,604,595,9,0,9
S01009840,477,475,2,0,2,200,200,0,0,0,10,10,0,0,0,82,82,0,0,0,108,108,0,0,0,277,275,2,0,2
S01009841,464,461,3,0,3,19,19,0,0,0,3,3,0,0,0,5,5,0,0,0,11,11,0,0,0,445,442,3,0,3
S01009842,365,332,33,0,33,103,84,19,0,19,5,5,0,0,0,22,21,1,0,1,76,58,18,0,18,262,248,14,0,14
S01009843,315,310,5,1,4,127,126,1,1,0,6,6,0,0,0,30,29,1,1,0,91,91,0,0,0,188,184,4,0,4
S01009844,391,361,30,0,30,13,12,1,0,1,5,5,0,0,0,0,0,0,0,0,8,7,1,0,1,378,349,29,0,29
S01009845,446,440,6,0,6,12,12,0,0,0,1,1,0,0,0,5,5,0,0,0,6,6,0,0,0,434,428,6,0,6
S01009846,463,461,2,0,2,208,207,1,0,1,21,21,0,0,0,86,85,1,0,1,101,101,0,0,0,255,254,1,0,1
S01009847,326,322,4,0,4,21,21,0,0,0,1,1,0,0,0,7,7,0,0,0,13,13,0,0,0,305,301,4,0,4
S01009848,387,383,4,0,4,225,221,4,0,4,4,4,0,0,0,109,109,0,0,0,112,108,4,0,4,162,162,0,0,0
S01009849,452,445,7,0,7,26,25,1,0,1,1,1,0,0,0,10,10,0,0,0,15,14,1,0,1,426,420,6,0,6
S01009850,495,472,23,0,23,96,93,3,0,3,6,5,1,0,1,73,71,2,0,2,17,17,0,0,0,399,379,20,0,20
S01009851,516,470,46,0,46,127,115,12,0,12,3,3,0,0,0,77,73,4,0,4,47,39,8,0,8,389,355,34,0,34
S01009852,260,257,3,0,3,193,190,3,0,3,6,5,1,0,1,150,148,2,0,2,37,37,0,0,0,67,67,0,0,0
S01009853,415,413,2,1,1,171,171,0,0,0,7,7,0,0,0,118,118,0,0,0,46,46,0,0,0,244,242,2,1,1
S01009854,401,398,3,0,3,260,258,2,0,2,34,34,0,0,0,106,106,0,0,0,120,118,2,0,2,141,140,1,0,1
S01009855,257,250,7,0,7,195,189,6,0,6,2,2,0,0,0,141,137,4,0,4,52,50,2,0,2,62,61,1,0,1
S01009856,311,308,3,0,3,109,106,3,0,3,3,3,0,0,0,49,46,3,0,3,57,57,0,0,0,202,202,0,0,0
S01009857,379,374,5,1,4,284,280,4,0,4,4,4,0,0,0,239,235,4,0,4,41,41,0,0,0,95,94,1,1,0
S01009858,345,337,8,0,8,206,203,3,0,3,5,5,0,0,0,135,132,3,0,3,66,66,0,0,0,139,134,5,0,5
S01009859,603,580,23,1,22,103,96,7,1,6,4,4,0,0,0,22,21,1,1,0,77,71,6,0,6,500,484,16,0,16
S01009860,516,503,13,1,12,66,64,2,0,2,4,4,0,0,0,15,14,1,0,1,47,46,1,0,1,450,439,11,1,10
S01009861,611,524,87,0,87,60,59,1,0,1,7,7,0,0,0,14,14,0,0,0,39,38,1,0,1,551,465,86,0,86
S01009862,621,607,14,1,13,26,23,3,0,3,2,2,0,0,0,2,2,0,0,0,22,19,3,0,3,595,584,11,1,10
S01009863,504,461,43,0,43,18,15,3,0,3,2,2,0,0,0,3,3,0,0,0,13,10,3,0,3,486,446,40,0,40
S01009864,337,317,20,0,20,33,33,0,0,0,4,4,0,0,0,10,10,0,0,0,19,19,0,0,0,304,284,20,0,20
S01009865,261,245,16,0,16,28,25,3,0,3,0,0,0,0,0,2,2,0,0,0,26,23,3,0,3,233,220,13,0,13
S01009866,468,455,13,1,12,162,159,3,0,3,5,5,0,0,0,52,52,0,0,0,105,102,3,0,3,306,296,10,1,9
S01009867,620,595,25,2,23,90,86,4,0,4,4,4,0,0,0,37,34,3,0,3,49,48,1,0,1,530,509,21,2,19
S01009868,319,308,11,0,11,35,35,0,0,0,1,1,0,0,0,7,7,0,0,0,27,27,0,0,0,284,273,11,0,11
S01009869,282,269,13,1,12,4,4,0,0,0,2,2,0,0,0,1,1,0,0,0,1,1,0,0,0,278,265,13,1,12
S01009870,281,274,7,0,7,6,6,0,0,0,1,1,0,0,0,0,0,0,0,0,5,5,0,0,0,275,268,7,0,7
S01009871,607,587,20,0,20,100,98,2,0,2,29,28,1,0,1,14,13,1,0,1,57,57,0,0,0,507,489,18,0,18
S01009872,396,365,31,0,31,9,9,0,0,0,5,5,0,0,0,2,2,0,0,0,2,2,0,0,0,387,356,31,0,31
S01009873,458,445,13,2,11,139,134,5,1,4,67,64,3,1,2,55,53,2,0,2,17,17,0,0,0,319,311,8,1,7
S01009874,517,497,20,0,20,219,211,8,0,8,77,73,4,0,4,107,103,4,0,4,35,35,0,0,0,298,286,12,0,12
S01009875,311,307,4,0,4,18,18,0,0,0,10,10,0,0,0,3,3,0,0,0,5,5,0,0,0,293,289,4,0,4
S01009876,325,322,3,0,3,8,8,0,0,0,4,4,0,0,0,2,2,0,0,0,2,2,0,0,0,317,314,3,0,3
S01009877,378,360,18,2,16,111,104,7,0,7,48,42,6,0,6,50,49,1,0,1,13,13,0,0,0,267,256,11,2,9
S01009878,256,252,4,0,4,9,9,0,0,0,1,1,0,0,0,2,2,0,0,0,6,6,0,0,0,247,243,4,0,4
S01009879,341,332,9,1,8,150,144,6,0,6,81,76,5,0,5,61,60,1,0,1,8,8,0,0,0,191,188,3,1,2
S01009880,266,258,8,0,8,150,146,4,0,4,41,40,1,0,1,106,103,3,0,3,3,3,0,0,0,116,112,4,0,4
S01009881,191,179,12,0,12,6,6,0,0,0,1,1,0,0,0,3,3,0,0,0,2,2,0,0,0,185,173,12,0,12
S01009882,623,613,10,0,10,13,12,1,0,1,3,3,0,0,0,5,4,1,0,1,5,5,0,0,0,610,601,9,0,9
S01009883,296,280,16,2,14,18,18,0,0,0,2,2,0,0,0,6,6,0,0,0,10,10,0,0,0,278,262,16,2,14
S01009884,325,316,9,0,9,10,10,0,0,0,1,1,0,0,0,4,4,0,0,0,5,5,0,0,0,315,306,9,0,9
S01009885,258,251,7,0,7,12,12,0,0,0,2,2,0,0,0,7,7,0,0,0,3,3,0,0,0,246,239,7,0,7
S01009886,289,277,12,1,11,20,20,0,0,0,5,5,0,0,0,3,3,0,0,0,12,12,0,0,0,269,257,12,1,11
S01009887,504,490,14,1,13,11,11,0,0,0,1,1,0,0,0,8,8,0,0,0,2,2,0,0,0,493,479,14,1,13
S01009888,301,280,21,0,21,9,9,0,0,0,2,2,0,0,0,5,5,0,0,0,2,2,0,0,0,292,271,21,0,21
S01009889,381,370,11,0,11,16,16,0,0,0,2,2,0,0,0,8,8,0,0,0,6,6,0,0,0,365,354,11,0,11
S01009890,283,278,5,1,4,6,6,0,0,0,0,0,0,0,0,3,3,0,0,0,3,3,0,0,0,277,272,5,1,4
S01009891,441,430,11,0,11,6,5,1,0,1,1,0,1,0,1,2,2,0,0,0,3,3,0,0,0,435,425,10,0,10
S01009892,487,468,19,1,18,9,8,1,0,1,2,1,1,0,1,2,2,0,0,0,5,5,0,0,0,478,460,18,1,17
S01009893,452,420,32,0,32,14,13,1,0,1,4,3,1,0,1,4,4,0,0,0,6,6,0,0,0,438,407,31,0,31
S01009894,477,476,1,0,1,8,8,0,0,0,1,1,0,0,0,4,4,0,0,0,3,3,0,0,0,469,468,1,0,1
S01009895,417,408,9,0,9,77,76,1,0,1,3,3,0,0,0,11,11,0,0,0,63,62,1,0,1,340,332,8,0,8
S01009896,475,470,5,0,5,101,100,1,0,1,5,5,0,0,0,22,22,0,0,0,74,73,1,0,1,374,370,4,0,4
S01009897,515,497,18,2,16,115,114,1,0,1,4,4,0,0,0,75,75,0,0,0,36,35,1,0,1,400,383,17,2,15
S01009898,262,259,3,1,2,20,18,2,0,2,2,2,0,0,0,11,9,2,0,2,7,7,0,0,0,242,241,1,1,0
S01009899,484,464,20,0,20,10,10,0,0,0,1,1,0,0,0,2,2,0,0,0,7,7,0,0,0,474,454,20,0,20
S01009900,507,499,8,1,7,6,6,0,0,0,1,1,0,0,0,1,1,0,0,0,4,4,0,0,0,501,493,8,1,7
S01009901,467,456,11,0,11,35,33,2,0,2,1,0,1,0,1,2,2,0,0,0,32,31,1,0,1,432,423,9,0,9
S01009902,502,495,7,0,7,86,85,1,0,1,13,12,1,0,1,24,24,0,0,0,49,49,0,0,0,416,410,6,0,6
S01009903,276,272,4,0,4,63,62,1,0,1,18,18,0,0,0,26,26,0,0,0,19,18,1,0,1,213,210,3,0,3
S01009904,470,456,14,0,14,50,50,0,0,0,2,2,0,0,0,13,13,0,0,0,35,35,0,0,0,420,406,14,0,14
S01009905,437,372,65,0,65,6,6,0,0,0,0,0,0,0,0,4,4,0,0,0,2,2,0,0,0,431,366,65,0,65
S01009906,337,331,6,0,6,8,8,0,0,0,2,2,0,0,0,3,3,0,0,0,3,3,0,0,0,329,323,6,0,6
S01009907,613,592,21,1,20,5,5,0,0,0,1,1,0,0,0,0,0,0,0,0,4,4,0,0,0,608,587,21,1,20
S01009908,508,492,16,2,14,75,75,0,0,0,1,1,0,0,0,2,2,0,0,0,72,72,0,0,0,433,417,16,2,14
S01009909,492,471,21,2,19,7,7,0,0,0,4,4,0,0,0,3,3,0,0,0,0,0,0,0,0,485,464,21,2,19
S01009910,283,278,5,0,5,3,3,0,0,0,1,1,0,0,0,1,1,0,0,0,1,1,0,0,0,280,275,5,0,5
S01009911,419,415,4,0,4,196,195,1,0,1,3,3,0,0,0,13,13,0,0,0,180,179,1,0,1,223,220,3,0,3
S01009912,372,365,7,1,6,78,76,2,0,2,36,36,0,0,0,38,36,2,0,2,4,4,0,0,0,294,289,5,1,4
S01009913,263,232,31,0,31,156,151,5,0,5,119,116,3,0,3,35,33,2,0,2,2,2,0,0,0,107,81,26,0,26
S01009914,420,408,12,5,7,215,210,5,1,4,99,95,4,1,3,72,71,1,0,1,44,44,0,0,0,205,198,7,4,3
S01009915,410,402,8,1,7,50,50,0,0,0,28,28,0,0,0,16,16,0,0,0,6,6,0,0,0,360,352,8,1,7
S01009916,321,315,6,0,6,278,273,5,0,5,178,174,4,0,4,48,47,1,0,1,52,52,0,0,0,43,42,1,0,1
S01009917,337,331,6,0,6,131,129,2,0,2,4,4,0,0,0,35,35,0,0,0,92,90,2,0,2,206,202,4,0,4
S01009918,281,277,4,0,4,221,218,3,0,3,9,9,0,0,0,110,107,3,0,3,102,102,0,0,0,60,59,1,0,1
S01009919,605,587,18,0,18,11,11,0,0,0,2,2,0,0,0,5,5,0,0,0,4,4,0,0,0,594,576,18,0,18
S01009920,543,519,24,0,24,9,9,0,0,0,3,3,0,0,0,4,4,0,0,0,2,2,0,0,0,534,510,24,0,24
S01009921,409,398,11,0,11,6,6,0,0,0,2,2,0,0,0,1,1,0,0,0,3,3,0,0,0,403,392,11,0,11
S01009922,628,619,9,0,9,31,31,0,0,0,2,2,0,0,0,10,10,0,0,0,19,19,0,0,0,597,588,9,0,9
S01009923,594,566,28,0,28,26,24,2,0,2,2,2,0,0,0,0,0,0,0,0,24,22,2,0,2,568,542,26,0,26
S01009924,593,581,12,1,11,22,22,0,0,0,3,3,0,0,0,4,4,0,0,0,15,15,0,0,0,571,559,12,1,11
S01009925,432,408,24,1,23,6,6,0,0,0,2,2,0,0,0,1,1,0,0,0,3,3,0,0,0,426,402,24,1,23
S01009926,385,375,10,0,10,12,12,0,0,0,1,1,0,0,0,2,2,0,0,0,9,9,0,0,0,373,363,10,0,10
S01009927,289,278,11,0,11,75,74,1,0,1,2,2,0,0,0,13,12,1,0,1,60,60,0,0,0,214,204,10,0,10
S01009928,434,429,5,1,4,53,52,1,1,0,2,2,0,0,0,12,12,0,0,0,39,38,1,1,0,381,377,4,0,4
S01009929,243,234,9,1,8,61,61,0,0,0,8,8,0,0,0,16,16,0,0,0,37,37,0,0,0,182,173,9,1,8
S01009930,474,460,14,1,13,16,16,0,0,0,10,10,0,0,0,1,1,0,0,0,5,5,0,0,0,458,444,14,1,13
S01009931,471,463,8,2,6,32,32,0,0,0,1,1,0,0,0,4,4,0,0,0,27,27,0,0,0,439,431,8,2,6
S01009932,388,374,14,0,14,19,19,0,0,0,2,2,0,0,0,0,0,0,0,0,17,17,0,0,0,369,355,14,0,14
S01009933,549,534,15,0,15,10,7,3,0,3,1,1,0,0,0,2,2,0,0,0,7,4,3,0,3,539,527,12,0,12
S01009934,447,436,11,0,11,163,162,1,0,1,3,3,0,0,0,19,18,1,0,1,141,141,0,0,0,284,274,10,0,10
S01009935,402,386,16,1,15,12,12,0,0,0,3,3,0,0,0,6,6,0,0,0,3,3,0,0,0,390,374,16,1,15
S01009936,407,397,10,0,10,37,36,1,0,1,10,10,0,0,0,11,11,0,0,0,16,15,1,0,1,370,361,9,0,9
S01009937,406,266,140,1,139,24,23,1,0,1,14,13,1,0,1,4,4,0,0,0,6,6,0,0,0,382,243,139,1,138
S01009938,595,570,25,3,22,35,33,2,0,2,5,5,0,0,0,10,10,0,0,0,20,18,2,0,2,560,537,23,3,20
S01009939,548,521,27,0,27,18,18,0,0,0,3,3,0,0,0,7,7,0,0,0,8,8,0,0,0,530,503,27,0,27
S01009940,444,438,6,0,6,35,35,0,0,0,6,6,0,0,0,21,21,0,0,0,8,8,0,0,0,409,403,6,0,6
S01009941,329,320,9,3,6,308,299,9,3,6,106,106,0,0,0,123,122,1,0,1,79,71,8,3,5,21,21,0,0,0
S01009942,508,486,22,0,22,62,59,3,0,3,3,3,0,0,0,19,19,0,0,0,40,37,3,0,3,446,427,19,0,19
S01009943,433,424,9,0,9,27,27,0,0,0,5,5,0,0,0,11,11,0,0,0,11,11,0,0,0,406,397,9,0,9
S01009944,346,344,2,1,1,100,100,0,0,0,13,13,0,0,0,36,36,0,0,0,51,51,0,0,0,246,244,2,1,1
S01009945,503,500,3,0,3,42,42,0,0,0,3,3,0,0,0,13,13,0,0,0,26,26,0,0,0,461,458,3,0,3
S01009946,354,348,6,0,6,164,161,3,0,3,10,10,0,0,0,51,51,0,0,0,103,100,3,0,3,190,187,3,0,3
S01009947,267,266,1,0,1,122,122,0,0,0,11,11,0,0,0,59,59,0,0,0,52,52,0,0,0,145,144,1,0,1
S01009948,441,431,10,1,9,96,94,2,0,2,4,4,0,0,0,10,10,0,0,0,82,80,2,0,2,345,337,8,1,7
S01009949,378,368,10,0,10,85,84,1,0,1,0,0,0,0,0,22,22,0,0,0,63,62,1,0,1,293,284,9,0,9
S01009950,260,256,4,0,4,236,233,3,0,3,85,84,1,0,1,113,111,2,0,2,38,38,0,0,0,24,23,1,0,1
S01009951,261,259,2,0,2,232,230,2,0,2,28,28,0,0,0,175,174,1,0,1,29,28,1,0,1,29,29,0,0,0
S01009952,326,311,15,1,14,200,197,3,0,3,7,6,1,0,1,19,19,0,0,0,174,172,2,0,2,126,114,12,1,11
S01009953,360,358,2,0,2,276,274,2,0,2,23,23,0,0,0,46,46,0,0,0,207,205,2,0,2,84,84,0,0,0
S01009954,219,214,5,0,5,162,157,5,0,5,87,84,3,0,3,52,50,2,0,2,23,23,0,0,0,57,57,0,0,0
S01009955,458,447,11,1,10,213,209,4,0,4,22,21,1,0,1,94,93,1,0,1,97,95,2,0,2,245,238,7,1,6
S01009956,339,324,15,2,13,62,60,2,1,1,16,16,0,0,0,28,27,1,1,0,18,17,1,0,1,277,264,13,1,12
S01009957,300,294,6,0,6,222,221,1,0,1,33,33,0,0,0,152,151,1,0,1,37,37,0,0,0,78,73,5,0,5
S01009958,376,371,5,0,5,288,283,5,0,5,8,8,0,0,0,37,37,0,0,0,243,238,5,0,5,88,88,0,0,0
S01009959,296,288,8,1,7,183,182,1,0,1,54,53,1,0,1,82,82,0,0,0,47,47,0,0,0,113,106,7,1,6
S01009960,419,395,24,3,21,241,234,7,1,6,55,52,3,1,2,48,47,1,0,1,138,135,3,0,3,178,161,17,2,15
S01009961,302,293,9,0,9,199,196,3,0,3,12,12,0,0,0,76,75,1,0,1,111,109,2,0,2,103,97,6,0,6
S01009962,617,599,18,0,18,131,125,6,0,6,4,4,0,0,0,51,48,3,0,3,76,73,3,0,3,486,474,12,0,12
S01009963,301,301,0,0,0,257,257,0,0,0,8,8,0,0,0,247,247,0,0,0,2,2,0,0,0,44,44,0,0,0
S01009964,360,344,16,0,16,226,220,6,0,6,13,13,0,0,0,95,94,1,0,1,118,113,5,0,5,134,124,10,0,10
S01009965,301,298,3,0,3,259,257,2,0,2,27,27,0,0,0,222,221,1,0,1,10,9,1,0,1,42,41,1,0,1
S01009966,295,292,3,0,3,280,277,3,0,3,8,8,0,0,0,232,229,3,0,3,40,40,0,0,0,15,15,0,0,0
S01009967,391,383,8,0,8,194,191,3,0,3,23,21,2,0,2,92,92,0,0,0,79,78,1,0,1,197,192,5,0,5
S01009968,235,232,3,0,3,212,210,2,0,2,2,2,0,0,0,138,137,1,0,1,72,71,1,0,1,23,22,1,0,1
S01009969,369,364,5,0,5,317,312,5,0,5,195,193,2,0,2,46,46,0,0,0,76,73,3,0,3,52,52,0,0,0
S01009970,478,476,2,0,2,30,30,0,0,0,1,1,0,0,0,11,11,0,0,0,18,18,0,0,0,448,446,2,0,2
S01009971,488,488,0,0,0,229,229,0,0,0,53,53,0,0,0,97,97,0,0,0,79,79,0,0,0,259,259,0,0,0
S01009972,373,364,9,0,9,191,187,4,0,4,95,92,3,0,3,54,54,0,0,0,42,41,1,0,1,182,177,5,0,5
S01009973,287,283,4,2,2,238,234,4,2,2,30,29,1,1,0,83,81,2,1,1,125,124,1,0,1,49,49,0,0,0
S01009974,294,294,0,0,0,48,48,0,0,0,3,3,0,0,0,14,14,0,0,0,31,31,0,0,0,246,246,0,0,0
S01009975,405,398,7,0,7,131,130,1,0,1,6,6,0,0,0,40,40,0,0,0,85,84,1,0,1,274,268,6,0,6
S01009976,258,255,3,0,3,24,24,0,0,0,1,1,0,0,0,3,3,0,0,0,20,20,0,0,0,234,231,3,0,3
S01009977,559,555,4,0,4,87,86,1,0,1,6,6,0,0,0,36,36,0,0,0,45,44,1,0,1,472,469,3,0,3
S01009978,450,444,6,1,5,214,210,4,0,4,10,10,0,0,0,91,88,3,0,3,113,112,1,0,1,236,234,2,1,1
S01009979,258,258,0,0,0,68,68,0,0,0,4,4,0,0,0,14,14,0,0,0,50,50,0,0,0,190,190,0,0,0
S01009980,252,250,2,0,2,105,105,0,0,0,5,5,0,0,0,37,37,0,0,0,63,63,0,0,0,147,145,2,0,2
S01009981,305,303,2,0,2,126,126,0,0,0,7,7,0,0,0,33,33,0,0,0,86,86,0,0,0,179,177,2,0,2
S01009982,431,428,3,0,3,210,208,2,0,2,65,64,1,0,1,85,85,0,0,0,60,59,1,0,1,221,220,1,0,1
S01009983,290,289,1,1,0,48,47,1,1,0,6,5,1,1,0,14,14,0,0,0,28,28,0,0,0,242,242,0,0,0
S01009984,351,350,1,0,1,170,170,0,0,0,8,8,0,0,0,66,66,0,0,0,96,96,0,0,0,181,180,1,0,1
S01009985,278,270,8,0,8,73,72,1,0,1,4,4,0,0,0,22,22,0,0,0,47,46,1,0,1,205,198,7,0,7
S01009986,285,280,5,0,5,46,44,2,0,2,6,6,0,0,0,16,16,0,0,0,24,22,2,0,2,239,236,3,0,3
S01009987,475,472,3,0,3,118,117,1,0,1,1,1,0,0,0,50,49,1,0,1,67,67,0,0,0,357,355,2,0,2
S01009988,271,270,1,0,1,32,32,0,0,0,1,1,0,0,0,14,14,0,0,0,17,17,0,0,0,239,238,1,0,1
S01009989,357,354,3,0,3,81,80,1,0,1,3,3,0,0,0,43,42,1,0,1,35,35,0,0,0,276,274,2,0,2
S01009990,309,302,7,0,7,14,13,1,0,1,3,3,0,0,0,6,6,0,0,0,5,4,1,0,1,295,289,6,0,6
S01009991,334,333,1,0,1,21,21,0,0,0,3,3,0,0,0,14,14,0,0,0,4,4,0,0,0,313,312,1,0,1
S01009992,336,330,6,0,6,117,115,2,0,2,3,3,0,0,0,27,27,0,0,0,87,85,2,0,2,219,215,4,0,4
S01009993,351,349,2,0,2,29,29,0,0,0,13,13,0,0,0,13,13,0,0,0,3,3,0,0,0,322,320,2,0,2
S01009994,308,302,6,0,6,19,19,0,0,0,2,2,0,0,0,10,10,0,0,0,7,7,0,0,0,289,283,6,0,6
S01009995,281,269,12,0,12,13,13,0,0,0,4,4,0,0,0,7,7,0,0,0,2,2,0,0,0,268,256,12,0,12
S01009996,313,310,3,0,3,20,18,2,0,2,1,1,0,0,0,18,16,2,0,2,1,1,0,0,0,293,292,1,0,1
S01009997,257,251,6,0,6,13,12,1,0,1,2,2,0,0,0,7,6,1,0,1,4,4,0,0,0,244,239,5,0,5
S01009998,250,246,4,0,4,207,205,2,0,2,155,154,1,0,1,45,44,1,0,1,7,7,0,0,0,43,41,2,0,2
S01009999,286,285,1,0,1,181,181,0,0,0,3,3,0,0,0,132,132,0,0,0,46,46,0,0,0,105,104,1,0,1
S01010000,278,269,9,0,9,20,20,0,0,0,3,3,0,0,0,11,11,0,0,0,6,6,0,0,0,258,249,9,0,9
S01010001,339,332,7,0,7,84,84,0,0,0,4,4,0,0,0,47,47,0,0,0,33,33,0,0,0,255,248,7,0,7
S01010002,341,336,5,0,5,42,41,1,0,1,3,3,0,0,0,23,22,1,0,1,16,16,0,0,0,299,295,4,0,4
S01010003,280,279,1,0,1,167,166,1,0,1,5,5,0,0,0,101,100,1,0,1,61,61,0,0,0,113,113,0,0,0
S01010004,275,273,2,0,2,253,251,2,0,2,4,4,0,0,0,94,94,0,0,0,155,153,2,0,2,22,22,0,0,0
S01010005,506,488,18,1,17,8,8,0,0,0,0,0,0,0,0,3,3,0,0,0,5,5,0,0,0,498,480,18,1,17
S01010006,594,586,8,1,7,11,11,0,0,0,2,2,0,0,0,3,3,0,0,0,6,6,0,0,0,583,575,8,1,7
S01010007,439,429,10,4,6,221,219,2,1,1,6,6,0,0,0,57,56,1,0,1,158,157,1,1,0,218,210,8,3,5
S01010008,419,410,9,1,8,5,5,0,0,0,1,1,0,0,0,3,3,0,0,0,1,1,0,0,0,414,405,9,1,8
S01010009,445,416,29,1,28,11,5,6,0,6,1,1,0,0,0,2,2,0,0,0,8,2,6,0,6,434,411,23,1,22
S01010010,458,451,7,0,7,282,279,3,0,3,33,32,1,0,1,122,121,1,0,1,127,126,1,0,1,176,172,4,0,4
S01010011,554,544,10,1,9,6,6,0,0,0,1,1,0,0,0,2,2,0,0,0,3,3,0,0,0,548,538,10,1,9
S01010012,350,348,2,0,2,188,187,1,0,1,3,3,0,0,0,45,45,0,0,0,140,139,1,0,1,162,161,1,0,1
S01010013,474,457,17,1,16,91,87,4,0,4,2,2,0,0,0,57,54,3,0,3,32,31,1,0,1,383,370,13,1,12
S01010014,537,523,14,2,12,57,55,2,0,2,5,5,0,0,0,8,7,1,0,1,44,43,1,0,1,480,468,12,2,10
S01010015,405,392,13,1,12,35,34,1,0,1,2,2,0,0,0,2,2,0,0,0,31,30,1,0,1,370,358,12,1,11
S01010016,331,325,6,0,6,171,168,3,0,3,5,5,0,0,0,74,71,3,0,3,92,92,0,0,0,160,157,3,0,3
S01010017,344,339,5,0,5,23,23,0,0,0,2,2,0,0,0,1,1,0,0,0,20,20,0,0,0,321,316,5,0,5
S01010018,533,525,8,0,8,82,82,0,0,0,4,4,0,0,0,40,40,0,0,0,38,38,0,0,0,451,443,8,0,8
S01010019,450,409,41,0,41,6,6,0,0,0,0,0,0,0,0,1,1,0,0,0,5,5,0,0,0,444,403,41,0,41
S01010020,352,346,6,1,5,125,125,0,0,0,6,6,0,0,0,38,38,0,0,0,81,81,0,0,0,227,221,6,1,5
S01010021,537,400,137,0,137,68,67,1,0,1,3,3,0,0,0,8,8,0,0,0,57,56,1,0,1,469,333,136,0,136
S01010022,473,468,5,1,4,90,90,0,0,0,7,7,0,0,0,7,7,0,0,0,76,76,0,0,0,383,378,5,1,4
S01010023,392,387,5,0,5,8,8,0,0,0,0,0,0,0,0,2,2,0,0,0,6,6,0,0,0,384,379,5,0,5
S01010024,419,402,17,2,15,35,34,1,1,0,5,5,0,0,0,3,3,0,0,0,27,26,1,1,0,384,368,16,1,15
S01010025,316,316,0,0,0,23,23,0,0,0,4,4,0,0,0,8,8,0,0,0,11,11,0,0,0,293,293,0,0,0
S01010026,498,492,6,0,6,31,31,0,0,0,2,2,0,0,0,2,2,0,0,0,27,27,0,0,0,467,461,6,0,6
S01010027,487,483,4,3,1,46,46,0,0,0,2,2,0,0,0,4,4,0,0,0,40,40,0,0,0,441,437,4,3,1
S01010028,389,381,8,1,7,13,13,0,0,0,3,3,0,0,0,2,2,0,0,0,8,8,0,0,0,376,368,8,1,7
S01010029,410,398,12,0,12,10,10,0,0,0,0,0,0,0,0,1,1,0,0,0,9,9,0,0,0,400,388,12,0,12
S01010030,433,429,4,1,3,48,48,0,0,0,1,1,0,0,0,4,4,0,0,0,43,43,0,0,0,385,381,4,1,3
S01010031,432,423,9,1,8,14,13,1,0,1,1,1,0,0,0,9,8,1,0,1,4,4,0,0,0,418,410,8,1,7
S01010032,330,298,32,1,31,3,3,0,0,0,2,2,0,0,0,1,1,0,0,0,0,0,0,0,0,327,295,32,1,31
S01010033,591,503,88,0,88,11,11,0,0,0,2,2,0,0,0,2,2,0,0,0,7,7,0,0,0,580,492,88,0,88
S01010034,505,498,7,0,7,42,42,0,0,0,2,2,0,0,0,8,8,0,0,0,32,32,0,0,0,463,456,7,0,7
S01010035,402,401,1,1,0,11,11,0,0,0,4,4,0,0,0,1,1,0,0,0,6,6,0,0,0,391,390,1,1,0
S01010036,436,423,13,1,12,5,5,0,0,0,0,0,0,0,0,2,2,0,0,0,3,3,0,0,0,431,418,13,1,12
S01010037,386,376,10,1,9,134,132,2,0,2,6,6,0,0,0,18,18,0,0,0,110,108,2,0,2,252,244,8,1,7
S01010038,576,568,8,1,7,126,125,1,0,1,8,8,0,0,0,25,25,0,0,0,93,92,1,0,1,450,443,7,1,6
S01010039,619,593,26,3,23,3,3,0,0,0,0,0,0,0,0,0,0,0,0,0,3,3,0,0,0,616,590,26,3,23
S01010040,434,415,19,3,16,59,56,3,0,3,4,4,0,0,0,9,9,0,0,0,46,43,3,0,3,375,359,16,3,13
S01010041,477,451,26,3,23,20,20,0,0,0,1,1,0,0,0,3,3,0,0,0,16,16,0,0,0,457,431,26,3,23
S01010042,636,621,15,1,14,47,47,0,0,0,3,3,0,0,0,8,8,0,0,0,36,36,0,0,0,589,574,15,1,14
S01010043,464,451,13,1,12,31,31,0,0,0,0,0,0,0,0,4,4,0,0,0,27,27,0,0,0,433,420,13,1,12
S01010044,663,649,14,0,14,143,141,2,0,2,6,6,0,0,0,22,22,0,0,0,115,113,2,0,2,520,508,12,0,12
S01010045,266,258,8,0,8,45,45,0,0,0,1,1,0,0,0,11,11,0,0,0,33,33,0,0,0,221,213,8,0,8
S01010046,433,431,2,0,2,93,93,0,0,0,4,4,0,0,0,18,18,0,0,0,71,71,0,0,0,340,338,2,0,2
S01010047,479,471,8,0,8,59,59,0,0,0,2,2,0,0,0,7,7,0,0,0,50,50,0,0,0,420,412,8,0,8
S01010048,557,551,6,0,6,135,134,1,0,1,11,11,0,0,0,41,41,0,0,0,83,82,1,0,1,422,417,5,0,5
S01010049,398,395,3,0,3,42,42,0,0,0,5,5,0,0,0,12,12,0,0,0,25,25,0,0,0,356,353,3,0,3
S01010050,547,540,7,1,6,58,58,0,0,0,4,4,0,0,0,28,28,0,0,0,26,26,0,0,0,489,482,7,1,6
S01010051,445,431,14,0,14,50,50,0,0,0,6,6,0,0,0,8,8,0,0,0,36,36,0,0,0,395,381,14,0,14
S01010052,394,372,22,0,22,45,38,7,0,7,3,3,0,0,0,8,6,2,0,2,34,29,5,0,5,349,334,15,0,15
S01010053,392,384,8,0,8,114,114,0,0,0,3,3,0,0,0,17,17,0,0,0,94,94,0,0,0,278,270,8,0,8
S01010054,249,248,1,0,1,183,182,1,0,1,10,10,0,0,0,69,69,0,0,0,104,103,1,0,1,66,66,0,0,0
S01010055,461,457,4,0,4,137,135,2,0,2,12,12,0,0,0,25,25,0,0,0,100,98,2,0,2,324,322,2,0,2
S01010056,215,214,1,0,1,56,56,0,0,0,5,5,0,0,0,29,29,0,0,0,22,22,0,0,0,159,158,1,0,1
S01010057,223,216,7,0,7,18,18,0,0,0,4,4,0,0,0,12,12,0,0,0,2,2,0,0,0,205,198,7,0,7
S01010058,364,355,9,0,9,193,188,5,0,5,11,11,0,0,0,70,68,2,0,2,112,109,3,0,3,171,167,4,0,4
S01010059,382,371,11,0,11,40,39,1,0,1,16,15,1,0,1,18,18,0,0,0,6,6,0,0,0,342,332,10,0,10
S01010060,502,493,9,1,8,97,95,2,0,2,11,11,0,0,0,43,42,1,0,1,43,42,1,0,1,405,398,7,1,6
S01010061,253,253,0,0,0,103,103,0,0,0,1,1,0,0,0,72,72,0,0,0,30,30,0,0,0,150,150,0,0,0
S01010062,352,344,8,0,8,98,98,0,0,0,6,6,0,0,0,74,74,0,0,0,18,18,0,0,0,254,246,8,0,8
S01010063,579,546,33,0,33,26,26,0,0,0,4,4,0,0,0,11,11,0,0,0,11,11,0,0,0,553,520,33,0,33
S01010064,268,264,4,1,3,86,86,0,0,0,4,4,0,0,0,34,34,0,0,0,48,48,0,0,0,182,178,4,1,3
S01010065,418,413,5,0,5,119,117,2,0,2,5,5,0,0,0,67,66,1,0,1,47,46,1,0,1,299,296,3,0,3
S01010066,350,342,8,0,8,166,160,6,0,6,6,5,1,0,1,79,75,4,0,4,81,80,1,0,1,184,182,2,0,2
S01010067,301,297,4,0,4,35,35,0,0,0,4,4,0,0,0,14,14,0,0,0,17,17,0,0,0,266,262,4,0,4
S01010068,381,338,43,0,43,124,115,9,0,9,9,9,0,0,0,20,20,0,0,0,95,86,9,0,9,257,223,34,0,34
S01010069,353,340,13,0,13,265,262,3,0,3,38,37,1,0,1,168,166,2,0,2,59,59,0,0,0,88,78,10,0,10
S01010070,239,238,1,0,1,229,228,1,0,1,63,62,1,0,1,162,162,0,0,0,4,4,0,0,0,10,10,0,0,0
S01010071,372,367,5,0,5,238,236,2,0,2,18,18,0,0,0,171,170,1,0,1,49,48,1,0,1,134,131,3,0,3
S01010072,383,370,13,0,13,201,194,7,0,7,10,10,0,0,0,157,153,4,0,4,34,31,3,0,3,182,176,6,0,6
S01010073,355,349,6,1,5,254,249,5,1,4,2,2,0,0,0,244,239,5,1,4,8,8,0,0,0,101,100,1,0,1
S01010074,311,306,5,0,5,267,263,4,0,4,48,48,0,0,0,134,132,2,0,2,85,83,2,0,2,44,43,1,0,1
S01010075,307,303,4,0,4,296,292,4,0,4,4,4,0,0,0,57,56,1,0,1,235,232,3,0,3,11,11,0,0,0
S01010076,280,276,4,0,4,263,259,4,0,4,2,2,0,0,0,63,61,2,0,2,198,196,2,0,2,17,17,0,0,0
S01010077,303,302,1,0,1,144,143,1,0,1,10,10,0,0,0,55,54,1,0,1,79,79,0,0,0,159,159,0,0,0
S01010078,231,229,2,0,2,220,218,2,0,2,99,97,2,0,2,78,78,0,0,0,43,43,0,0,0,11,11,0,0,0
S01010079,356,349,7,0,7,307,300,7,0,7,196,192,4,0,4,86,83,3,0,3,25,25,0,0,0,49,49,0,0,0
S01010080,295,284,11,0,11,279,269,10,0,10,57,52,5,0,5,202,197,5,0,5,20,20,0,0,0,16,15,1,0,1
S01010081,302,300,2,0,2,267,265,2,0,2,103,102,1,0,1,132,131,1,0,1,32,32,0,0,0,35,35,0,0,0
S01010082,416,407,9,0,9,206,203,3,0,3,88,87,1,0,1,106,104,2,0,2,12,12,0,0,0,210,204,6,0,6
S01010083,349,348,1,0,1,273,272,1,0,1,5,5,0,0,0,53,53,0,0,0,215,214,1,0,1,76,76,0,0,0
S01010084,443,442,1,0,1,321,320,1,0,1,5,5,0,0,0,72,71,1,0,1,244,244,0,0,0,122,122,0,0,0
S01010085,314,311,3,0,3,303,300,3,0,3,25,24,1,0,1,220,219,1,0,1,58,57,1,0,1,11,11,0,0,0
S01010086,415,414,1,0,1,311,311,0,0,0,8,8,0,0,0,75,75,0,0,0,228,228,0,0,0,104,103,1,0,1
S01010087,252,247,5,0,5,250,245,5,0,5,20,20,0,0,0,224,219,5,0,5,6,6,0,0,0,2,2,0,0,0
S01010088,298,295,3,0,3,242,241,1,0,1,213,212,1,0,1,24,24,0,0,0,5,5,0,0,0,56,54,2,0,2
S01010089,371,365,6,0,6,120,119,1,0,1,28,28,0,0,0,66,66,0,0,0,26,25,1,0,1,251,246,5,0,5
S01010090,440,435,5,0,5,310,307,3,0,3,133,133,0,0,0,123,122,1,0,1,54,52,2,0,2,130,128,2,0,2
S01010091,369,343,26,0,26,239,214,25,0,25,135,111,24,0,24,77,76,1,0,1,27,27,0,0,0,130,129,1,0,1
S01010092,448,446,2,0,2,223,222,1,0,1,13,13,0,0,0,67,67,0,0,0,143,142,1,0,1,225,224,1,0,1
S01010093,394,386,8,0,8,192,187,5,0,5,8,8,0,0,0,116,111,5,0,5,68,68,0,0,0,202,199,3,0,3
S01010094,292,291,1,0,1,274,273,1,0,1,25,25,0,0,0,173,172,1,0,1,76,76,0,0,0,18,18,0,0,0
S01010095,284,279,5,1,4,278,273,5,1,4,21,21,0,0,0,187,184,3,1,2,70,68,2,0,2,6,6,0,0,0
S01010096,296,292,4,0,4,267,264,3,0,3,53,53,0,0,0,89,88,1,0,1,125,123,2,0,2,29,28,1,0,1
S01010097,293,286,7,0,7,268,261,7,0,7,24,24,0,0,0,226,220,6,0,6,18,17,1,0,1,25,25,0,0,0
S01010098,279,277,2,1,1,274,272,2,1,1,9,9,0,0,0,226,225,1,0,1,39,38,1,1,0,5,5,0,0,0
S01010099,290,285,5,0,5,284,279,5,0,5,39,39,0,0,0,228,223,5,0,5,17,17,0,0,0,6,6,0,0,0
S01010100,388,382,6,0,6,360,354,6,0,6,127,127,0,0,0,224,218,6,0,6,9,9,0,0,0,28,28,0,0,0
S01010101,304,299,5,1,4,283,278,5,1,4,105,104,1,0,1,142,138,4,1,3,36,36,0,0,0,21,21,0,0,0
S01010102,327,324,3,1,2,310,307,3,1,2,109,108,1,0,1,138,136,2,1,1,63,63,0,0,0,17,17,0,0,0
S01010103,364,355,9,3,6,344,336,8,3,5,84,83,1,0,1,200,194,6,3,3,60,59,1,0,1,20,19,1,0,1
S01010104,273,267,6,0,6,247,241,6,0,6,64,63,1,0,1,115,110,5,0,5,68,68,0,0,0,26,26,0,0,0
S01010105,172,165,7,0,7,78,76,2,0,2,5,5,0,0,0,52,50,2,0,2,21,21,0,0,0,94,89,5,0,5
S01010106,225,219,6,0,6,108,105,3,0,3,2,2,0,0,0,71,70,1,0,1,35,33,2,0,2,117,114,3,0,3
S01010107,413,404,9,0,9,68,66,2,0,2,6,6,0,0,0,25,25,0,0,0,37,35,2,0,2,345,338,7,0,7
S01010108,380,374,6,1,5,250,246,4,1,3,2,2,0,0,0,58,54,4,1,3,190,190,0,0,0,130,128,2,0,2
S01010109,355,326,29,2,27,107,87,20,2,18,60,44,16,2,14,32,32,0,0,0,15,11,4,0,4,248,239,9,0,9
S01010110,438,431,7,1,6,129,129,0,0,0,8,8,0,0,0,96,96,0,0,0,25,25,0,0,0,309,302,7,1,6
S01010111,452,446,6,0,6,174,174,0,0,0,12,12,0,0,0,99,99,0,0,0,63,63,0,0,0,278,272,6,0,6
S01010112,421,419,2,0,2,209,208,1,0,1,13,13,0,0,0,145,144,1,0,1,51,51,0,0,0,212,211,1,0,1
S01010113,254,244,10,0,10,27,25,2,0,2,1,1,0,0,0,10,10,0,0,0,16,14,2,0,2,227,219,8,0,8
S01010114,370,366,4,0,4,80,80,0,0,0,6,6,0,0,0,42,42,0,0,0,32,32,0,0,0,290,286,4,0,4
S01010115,241,230,11,11,0,212,201,11,11,0,6,6,0,0,0,145,134,11,11,0,61,61,0,0,0,29,29,0,0,0
S01010116,399,397,2,0,2,295,294,1,0,1,51,50,1,0,1,151,151,0,0,0,93,93,0,0,0,104,103,1,0,1
S01010117,272,261,11,1,10,192,181,11,1,10,101,96,5,0,5,50,48,2,0,2,41,37,4,1,3,80,80,0,0,0
S01010118,286,277,9,0,9,113,110,3,0,3,14,14,0,0,0,46,46,0,0,0,53,50,3,0,3,173,167,6,0,6
S01010119,212,209,3,0,3,152,149,3,0,3,11,11,0,0,0,85,85,0,0,0,56,53,3,0,3,60,60,0,0,0
S01010120,446,444,2,1,1,189,189,0,0,0,14,14,0,0,0,97,97,0,0,0,78,78,0,0,0,257,255,2,1,1
S01010121,322,321,1,0,1,92,92,0,0,0,2,2,0,0,0,43,43,0,0,0,47,47,0,0,0,230,229,1,0,1
S01010122,199,198,1,0,1,95,95,0,0,0,7,7,0,0,0,66,66,0,0,0,22,22,0,0,0,104,103,1,0,1
S01010123,299,299,0,0,0,84,84,0,0,0,4,4,0,0,0,50,50,0,0,0,30,30,0,0,0,215,215,0,0,0
S01010124,295,293,2,0,2,11,11,0,0,0,1,1,0,0,0,2,2,0,0,0,8,8,0,0,0,284,282,2,0,2
S01010125,249,242,7,0,7,80,80,0,0,0,7,7,0,0,0,46,46,0,0,0,27,27,0,0,0,169,162,7,0,7
S01010126,314,312,2,0,2,248,246,2,0,2,38,37,1,0,1,77,76,1,0,1,133,133,0,0,0,66,66,0,0,0
S01010127,296,296,0,0,0,218,218,0,0,0,5,5,0,0,0,80,80,0,0,0,133,133,0,0,0,78,78,0,0,0
S01010128,216,214,2,0,2,18,18,0,0,0,0,0,0,0,0,3,3,0,0,0,15,15,0,0,0,198,196,2,0,2
S01010129,357,350,7,0,7,40,40,0,0,0,1,1,0,0,0,23,23,0,0,0,16,16,0,0,0,317,310,7,0,7
S01010130,207,206,1,0,1,48,48,0,0,0,2,2,0,0,0,13,13,0,0,0,33,33,0,0,0,159,158,1,0,1
S01010131,385,376,9,0,9,334,327,7,0,7,127,122,5,0,5,187,185,2,0,2,20,20,0,0,0,51,49,2,0,2
S01010132,500,497,3,0,3,171,171,0,0,0,8,8,0,0,0,49,49,0,0,0,114,114,0,0,0,329,326,3,0,3
S01010133,388,380,8,0,8,175,172,3,0,3,3,3,0,0,0,37,37,0,0,0,135,132,3,0,3,213,208,5,0,5
S01010134,559,551,8,0,8,172,170,2,0,2,14,14,0,0,0,61,61,0,0,0,97,95,2,0,2,387,381,6,0,6
S01010135,367,365,2,0,2,214,213,1,0,1,7,6,1,0,1,119,119,0,0,0,88,88,0,0,0,153,152,1,0,1
S01010136,380,367,13,0,13,271,265,6,0,6,20,18,2,0,2,99,99,0,0,0,152,148,4,0,4,109,102,7,0,7
S01010137,598,583,15,0,15,39,39,0,0,0,6,6,0,0,0,15,15,0,0,0,18,18,0,0,0,559,544,15,0,15
S01010138,668,660,8,1,7,108,107,1,0,1,9,9,0,0,0,56,56,0,0,0,43,42,1,0,1,560,553,7,1,6
S01010139,560,552,8,0,8,114,112,2,0,2,9,9,0,0,0,80,78,2,0,2,25,25,0,0,0,446,440,6,0,6
S01010140,421,384,37,1,36,124,123,1,0,1,10,10,0,0,0,77,76,1,0,1,37,37,0,0,0,297,261,36,1,35
S01010141,455,447,8,0,8,26,25,1,0,1,2,2,0,0,0,7,6,1,0,1,17,17,0,0,0,429,422,7,0,7
S01010142,288,288,0,0,0,81,81,0,0,0,4,4,0,0,0,53,53,0,0,0,24,24,0,0,0,207,207,0,0,0
S01010143,397,391,6,0,6,204,199,5,0,5,1,1,0,0,0,64,59,5,0,5,139,139,0,0,0,193,192,1,0,1
S01010144,406,372,34,1,33,55,53,2,0,2,11,11,0,0,0,33,31,2,0,2,11,11,0,0,0,351,319,32,1,31
S01010145,409,397,12,0,12,135,130,5,0,5,23,23,0,0,0,57,55,2,0,2,55,52,3,0,3,274,267,7,0,7
S01010146,415,406,9,0,9,80,78,2,0,2,5,5,0,0,0,43,42,1,0,1,32,31,1,0,1,335,328,7,0,7
S01010147,501,494,7,0,7,32,32,0,0,0,8,8,0,0,0,6,6,0,0,0,18,18,0,0,0,469,462,7,0,7
S01010148,357,356,1,0,1,41,41,0,0,0,10,10,0,0,0,17,17,0,0,0,14,14,0,0,0,316,315,1,0,1
S01010149,247,231,16,1,15,144,135,9,0,9,25,25,0,0,0,50,41,9,0,9,69,69,0,0,0,103,96,7,1,6
S01010150,349,325,24,0,24,82,74,8,0,8,1,1,0,0,0,64,58,6,0,6,17,15,2,0,2,267,251,16,0,16
S01010151,380,329,51,0,51,96,85,11,0,11,3,3,0,0,0,83,72,11,0,11,10,10,0,0,0,284,244,40,0,40
S01010152,432,425,7,0,7,124,122,2,0,2,2,2,0,0,0,110,109,1,0,1,12,11,1,0,1,308,303,5,0,5
S01010153,515,491,24,0,24,133,126,7,0,7,8,8,0,0,0,116,110,6,0,6,9,8,1,0,1,382,365,17,0,17
S01010154,485,432,53,1,52,158,147,11,0,11,3,3,0,0,0,115,106,9,0,9,40,38,2,0,2,327,285,42,1,41
S01010155,378,362,16,0,16,169,159,10,0,10,3,3,0,0,0,149,141,8,0,8,17,15,2,0,2,209,203,6,0,6
S01010156,288,281,7,0,7,91,91,0,0,0,5,5,0,0,0,71,71,0,0,0,15,15,0,0,0,197,190,7,0,7
S01010157,267,267,0,0,0,176,176,0,0,0,10,10,0,0,0,82,82,0,0,0,84,84,0,0,0,91,91,0,0,0
S01010158,468,461,7,0,7,168,167,1,0,1,6,6,0,0,0,102,101,1,0,1,60,60,0,0,0,300,294,6,0,6
S01010159,358,353,5,0,5,243,241,2,0,2,9,9,0,0,0,213,211,2,0,2,21,21,0,0,0,115,112,3,0,3
S01010160,334,308,26,0,26,14,14,0,0,0,3,3,0,0,0,9,9,0,0,0,2,2,0,0,0,320,294,26,0,26
S01010161,263,259,4,0,4,154,151,3,0,3,10,10,0,0,0,114,112,2,0,2,30,29,1,0,1,109,108,1,0,1
S01010162,368,360,8,0,8,12,12,0,0,0,1,1,0,0,0,3,3,0,0,0,8,8,0,0,0,356,348,8,0,8
S01010163,241,239,2,1,1,120,119,1,0,1,2,2,0,0,0,109,108,1,0,1,9,9,0,0,0,121,120,1,1,0
S01010164,286,282,4,0,4,217,214,3,0,3,7,6,1,0,1,202,200,2,0,2,8,8,0,0,0,69,68,1,0,1
S01010165,277,275,2,0,2,52,52,0,0,0,2,2,0,0,0,42,42,0,0,0,8,8,0,0,0,225,223,2,0,2
S01010166,353,347,6,0,6,279,276,3,0,3,10,10,0,0,0,23,23,0,0,0,246,243,3,0,3,74,71,3,0,3
S01010167,479,472,7,0,7,234,230,4,0,4,5,5,0,0,0,12,12,0,0,0,217,213,4,0,4,245,242,3,0,3
S01010168,237,236,1,0,1,98,98,0,0,0,15,15,0,0,0,56,56,0,0,0,27,27,0,0,0,139,138,1,0,1
S01010169,371,367,4,0,4,128,127,1,0,1,2,2,0,0,0,53,52,1,0,1,73,73,0,0,0,243,240,3,0,3
S01010170,273,271,2,0,2,142,140,2,0,2,3,3,0,0,0,20,20,0,0,0,119,117,2,0,2,131,131,0,0,0
S01010171,490,489,1,0,1,172,172,0,0,0,13,13,0,0,0,57,57,0,0,0,102,102,0,0,0,318,317,1,0,1
S01010172,490,481,9,1,8,20,20,0,0,0,3,3,0,0,0,8,8,0,0,0,9,9,0,0,0,470,461,9,1,8
S01010173,333,331,2,0,2,297,296,1,0,1,0,0,0,0,0,244,243,1,0,1,53,53,0,0,0,36,35,1,0,1
S01010174,255,250,5,0,5,166,165,1,0,1,17,17,0,0,0,104,104,0,0,0,45,44,1,0,1,89,85,4,0,4
S01010175,221,216,5,0,5,73,71,2,0,2,5,4,1,0,1,61,60,1,0,1,7,7,0,0,0,148,145,3,0,3
S01010176,374,369,5,0,5,140,138,2,0,2,5,4,1,0,1,104,104,0,0,0,31,30,1,0,1,234,231,3,0,3
S01010177,316,315,1,0,1,117,116,1,0,1,8,8,0,0,0,48,48,0,0,0,61,60,1,0,1,199,199,0,0,0
S01010178,400,391,9,0,9,225,221,4,0,4,20,20,0,0,0,72,72,0,0,0,133,129,4,0,4,175,170,5,0,5
S01010179,393,387,6,0,6,144,143,1,0,1,20,20,0,0,0,82,82,0,0,0,42,41,1,0,1,249,244,5,0,5
S01010180,239,215,24,0,24,182,160,22,0,22,34,27,7,0,7,137,122,15,0,15,11,11,0,0,0,57,55,2,0,2
S01010181,276,272,4,0,4,128,127,1,0,1,8,8,0,0,0,76,76,0,0,0,44,43,1,0,1,148,145,3,0,3
S01010182,314,307,7,0,7,211,207,4,0,4,57,57,0,0,0,121,118,3,0,3,33,32,1,0,1,103,100,3,0,3
S01010183,234,232,2,0,2,97,96,1,0,1,4,4,0,0,0,86,85,1,0,1,7,7,0,0,0,137,136,1,0,1
S01010184,287,286,1,0,1,146,145,1,0,1,12,12,0,0,0,110,109,1,0,1,24,24,0,0,0,141,141,0,0,0
S01010185,284,282,2,0,2,57,57,0,0,0,2,2,0,0,0,21,21,0,0,0,34,34,0,0,0,227,225,2,0,2
S01010186,251,246,5,3,2,242,237,5,3,2,90,89,1,0,1,118,114,4,3,1,34,34,0,0,0,9,9,0,0,0
S01010187,296,294,2,0,2,196,196,0,0,0,33,33,0,0,0,146,146,0,0,0,17,17,0,0,0,100,98,2,0,2
S01010188,311,304,7,5,2,259,252,7,5,2,92,91,1,0,1,127,123,4,4,0,40,38,2,1,1,52,52,0,0,0
S01010189,337,336,1,0,1,325,324,1,0,1,174,173,1,0,1,146,146,0,0,0,5,5,0,0,0,12,12,0,0,0
S01010190,257,253,4,0,4,241,237,4,0,4,193,189,4,0,4,45,45,0,0,0,3,3,0,0,0,16,16,0,0,0
S01010191,268,266,2,0,2,260,258,2,0,2,115,114,1,0,1,141,140,1,0,1,4,4,0,0,0,8,8,0,0,0
S01010192,300,294,6,0,6,287,281,6,0,6,156,152,4,0,4,91,89,2,0,2,40,40,0,0,0,13,13,0,0,0
S01010193,332,329,3,2,1,282,279,3,2,1,77,77,0,0,0,152,149,3,2,1,53,53,0,0,0,50,50,0,0,0
S01010194,276,268,8,0,8,231,225,6,0,6,5,5,0,0,0,96,92,4,0,4,130,128,2,0,2,45,43,2,0,2
S01010195,214,212,2,0,2,165,163,2,0,2,15,15,0,0,0,71,70,1,0,1,79,78,1,0,1,49,49,0,0,0
S01010196,275,274,1,0,1,130,130,0,0,0,5,5,0,0,0,63,63,0,0,0,62,62,0,0,0,145,144,1,0,1
S01010197,266,260,6,0,6,56,56,0,0,0,4,4,0,0,0,28,28,0,0,0,24,24,0,0,0,210,204,6,0,6
S01010198,397,394,3,0,3,105,103,2,0,2,7,7,0,0,0,45,45,0,0,0,53,51,2,0,2,292,291,1,0,1
S01010199,233,232,1,0,1,190,190,0,0,0,10,10,0,0,0,93,93,0,0,0,87,87,0,0,0,43,42,1,0,1
S01010200,307,305,2,0,2,220,219,1,0,1,6,6,0,0,0,120,120,0,0,0,94,93,1,0,1,87,86,1,0,1
S01010201,254,253,1,0,1,209,208,1,0,1,19,19,0,0,0,159,158,1,0,1,31,31,0,0,0,45,45,0,0,0
S01010202,441,365,76,0,76,43,43,0,0,0,4,4,0,0,0,8,8,0,0,0,31,31,0,0,0,398,322,76,0,76
S01010203,263,260,3,0,3,225,222,3,0,3,20,20,0,0,0,159,157,2,0,2,46,45,1,0,1,38,38,0,0,0
S01010204,387,381,6,0,6,44,44,0,0,0,3,3,0,0,0,24,24,0,0,0,17,17,0,0,0,343,337,6,0,6
S01010205,360,355,5,0,5,92,91,1,0,1,2,2,0,0,0,25,25,0,0,0,65,64,1,0,1,268,264,4,0,4
S01010206,324,255,69,0,69,13,13,0,0,0,4,4,0,0,0,6,6,0,0,0,3,3,0,0,0,311,242,69,0,69
S01010207,358,285,73,0,73,30,30,0,0,0,4,4,0,0,0,15,15,0,0,0,11,11,0,0,0,328,255,73,0,73
S01010208,577,565,12,1,11,29,29,0,0,0,2,2,0,0,0,4,4,0,0,0,23,23,0,0,0,548,536,12,1,11
S01010209,475,468,7,0,7,138,134,4,0,4,4,4,0,0,0,48,48,0,0,0,86,82,4,0,4,337,334,3,0,3
S01010210,425,416,9,1,8,192,190,2,0,2,3,3,0,0,0,83,83,0,0,0,106,104,2,0,2,233,226,7,1,6
S01010211,454,452,2,0,2,43,43,0,0,0,4,4,0,0,0,26,26,0,0,0,13,13,0,0,0,411,409,2,0,2
S01010212,572,559,13,0,13,71,70,1,0,1,3,3,0,0,0,19,19,0,0,0,49,48,1,0,1,501,489,12,0,12
S01010213,478,476,2,0,2,72,72,0,0,0,4,4,0,0,0,50,50,0,0,0,18,18,0,0,0,406,404,2,0,2
S01010214,400,396,4,0,4,370,366,4,0,4,56,55,1,0,1,218,215,3,0,3,96,96,0,0,0,30,30,0,0,0
S01010215,502,492,10,1,9,69,69,0,0,0,12,12,0,0,0,25,25,0,0,0,32,32,0,0,0,433,423,10,1,9
S01010216,367,361,6,1,5,39,39,0,0,0,7,7,0,0,0,13,13,0,0,0,19,19,0,0,0,328,322,6,1,5
S01010217,411,406,5,0,5,50,50,0,0,0,5,5,0,0,0,5,5,0,0,0,40,40,0,0,0,361,356,5,0,5
S01010218,609,587,22,0,22,31,31,0,0,0,5,5,0,0,0,13,13,0,0,0,13,13,0,0,0,578,556,22,0,22
S01010219,274,274,0,0,0,11,11,0,0,0,3,3,0,0,0,2,2,0,0,0,6,6,0,0,0,263,263,0,0,0
S01010220,281,279,2,2,0,2,2,0,0,0,0,0,0,0,0,0,0,0,0,0,2,2,0,0,0,279,277,2,2,0
S01010221,260,260,0,0,0,69,69,0,0,0,8,8,0,0,0,30,30,0,0,0,31,31,0,0,0,191,191,0,0,0
S01010222,285,285,0,0,0,14,14,0,0,0,0,0,0,0,0,1,1,0,0,0,13,13,0,0,0,271,271,0,0,0
S01010223,347,337,10,0,10,58,57,1,0,1,0,0,0,0,0,22,22,0,0,0,36,35,1,0,1,289,280,9,0,9
S01010224,470,469,1,0,1,143,143,0,0,0,10,10,0,0,0,75,75,0,0,0,58,58,0,0,0,327,326,1,0,1
S01010225,435,431,4,1,3,53,53,0,0,0,3,3,0,0,0,9,9,0,0,0,41,41,0,0,0,382,378,4,1,3
S01010226,460,394,66,0,66,8,8,0,0,0,2,2,0,0,0,3,3,0,0,0,3,3,0,0,0,452,386,66,0,66
S01010227,354,294,60,0,60,10,10,0,0,0,3,3,0,0,0,6,6,0,0,0,1,1,0,0,0,344,284,60,0,60
S01010228,390,384,6,0,6,23,23,0,0,0,2,2,0,0,0,13,13,0,0,0,8,8,0,0,0,367,361,6,0,6
S01010229,510,508,2,1,1,132,131,1,0,1,10,10,0,0,0,94,94,0,0,0,28,27,1,0,1,378,377,1,1,0
S01010230,580,577,3,0,3,15,15,0,0,0,2,2,0,0,0,4,4,0,0,0,9,9,0,0,0,565,562,3,0,3
S01010231,515,514,1,0,1,80,80,0,0,0,14,14,0,0,0,33,33,0,0,0,33,33,0,0,0,435,434,1,0,1
S01010232,493,485,8,1,7,123,123,0,0,0,2,2,0,0,0,89,89,0,0,0,32,32,0,0,0,370,362,8,1,7
S01010233,564,476,88,0,88,48,47,1,0,1,3,3,0,0,0,29,29,0,0,0,16,15,1,0,1,516,429,87,0,87
S01010234,568,562,6,0,6,7,7,0,0,0,2,2,0,0,0,1,1,0,0,0,4,4,0,0,0,561,555,6,0,6
S01010235,455,446,9,2,7,3,3,0,0,0,0,0,0,0,0,2,2,0,0,0,1,1,0,0,0,452,443,9,2,7
S01010236,391,378,13,3,10,50,45,5,2,3,4,4,0,0,0,9,8,1,1,0,37,33,4,1,3,341,333,8,1,7
S01010237,361,353,8,0,8,5,5,0,0,0,1,1,0,0,0,1,1,0,0,0,3,3,0,0,0,356,348,8,0,8
S01010238,469,455,14,0,14,9,9,0,0,0,2,2,0,0,0,2,2,0,0,0,5,5,0,0,0,460,446,14,0,14
S01010239,429,424,5,0,5,18,18,0,0,0,4,4,0,0,0,6,6,0,0,0,8,8,0,0,0,411,406,5,0,5
S01010240,404,398,6,0,6,3,3,0,0,0,0,0,0,0,0,1,1,0,0,0,2,2,0,0,0,401,395,6,0,6
S01010241,644,623,21,1,20,24,24,0,0,0,2,2,0,0,0,2,2,0,0,0,20,20,0,0,0,620,599,21,1,20
S01010242,481,455,26,2,24,37,34,3,0,3,2,2,0,0,0,18,16,2,0,2,17,16,1,0,1,444,421,23,2,21
S01010243,618,610,8,0,8,10,10,0,0,0,0,0,0,0,0,2,2,0,0,0,8,8,0,0,0,608,600,8,0,8
S01010244,525,440,85,0,85,4,4,0,0,0,0,0,0,0,0,1,1,0,0,0,3,3,0,0,0,521,436,85,0,85
S01010245,516,509,7,0,7,130,130,0,0,0,17,17,0,0,0,39,39,0,0,0,74,74,0,0,0,386,379,7,0,7
S01010246,444,433,11,0,11,60,60,0,0,0,2,2,0,0,0,46,46,0,0,0,12,12,0,0,0,384,373,11,0,11
S01010247,365,356,9,0,9,281,276,5,0,5,3,3,0,0,0,146,143,3,0,3,132,130,2,0,2,84,80,4,0,4
S01010248,468,456,12,1,11,5,5,0,0,0,2,2,0,0,0,2,2,0,0,0,1,1,0,0,0,463,451,12,1,11
S01010249,420,403,17,0,17,6,6,0,0,0,0,0,0,0,0,0,0,0,0,0,6,6,0,0,0,414,397,17,0,17
S01010250,398,390,8,1,7,7,7,0,0,0,0,0,0,0,0,2,2,0,0,0,5,5,0,0,0,391,383,8,1,7
S01010251,322,317,5,0,5,20,18,2,0,2,1,1,0,0,0,5,4,1,0,1,14,13,1,0,1,302,299,3,0,3
S01010252,314,297,17,0,17,37,35,2,0,2,3,3,0,0,0,5,5,0,0,0,29,27,2,0,2,277,262,15,0,15
S01010253,373,364,9,0,9,5,5,0,0,0,1,1,0,0,0,1,1,0,0,0,3,3,0,0,0,368,359,9,0,9
S01010254,583,581,2,0,2,40,40,0,0,0,1,1,0,0,0,6,6,0,0,0,33,33,0,0,0,543,541,2,0,2
S01010255,468,353,115,0,115,13,13,0,0,0,2,2,0,0,0,7,7,0,0,0,4,4,0,0,0,455,340,115,0,115
S01010256,521,516,5,0,5,6,6,0,0,0,0,0,0,0,0,1,1,0,0,0,5,5,0,0,0,515,510,5,0,5
S01010257,503,497,6,4,2,5,5,0,0,0,0,0,0,0,0,1,1,0,0,0,4,4,0,0,0,498,492,6,4,2
S01010258,442,424,18,7,11,18,18,0,0,0,2,2,0,0,0,2,2,0,0,0,14,14,0,0,0,424,406,18,7,11
S01010259,469,468,1,0,1,10,10,0,0,0,1,1,0,0,0,4,4,0,0,0,5,5,0,0,0,459,458,1,0,1
S01010260,699,685,14,2,12,7,7,0,0,0,1,1,0,0,0,3,3,0,0,0,3,3,0,0,0,692,678,14,2,12
S01010261,538,526,12,1,11,4,4,0,0,0,2,2,0,0,0,0,0,0,0,0,2,2,0,0,0,534,522,12,1,11
S01010262,537,535,2,0,2,11,11,0,0,0,1,1,0,0,0,4,4,0,0,0,6,6,0,0,0,526,524,2,0,2
S01010263,436,422,14,4,10,4,4,0,0,0,0,0,0,0,0,1,1,0,0,0,3,3,0,0,0,432,418,14,4,10
S01010264,574,557,17,2,15,20,19,1,0,1,2,2,0,0,0,2,2,0,0,0,16,15,1,0,1,554,538,16,2,14
S01010265,614,573,41,20,21,3,3,0,0,0,1,1,0,0,0,1,1,0,0,0,1,1,0,0,0,611,570,41,20,21
S01010266,256,237,19,2,17,5,5,0,0,0,0,0,0,0,0,4,4,0,0,0,1,1,0,0,0,251,232,19,2,17
S01010267,331,318,13,2,11,8,8,0,0,0,2,2,0,0,0,4,4,0,0,0,2,2,0,0,0,323,310,13,2,11
S01010268,429,417,12,0,12,13,12,1,0,1,4,4,0,0,0,4,4,0,0,0,5,4,1,0,1,416,405,11,0,11
S01010269,331,320,11,1,10,4,4,0,0,0,1,1,0,0,0,2,2,0,0,0,1,1,0,0,0,327,316,11,1,10
S01010270,824,817,7,2,5,11,11,0,0,0,0,0,0,0,0,1,1,0,0,0,10,10,0,0,0,813,806,7,2,5
S01010271,353,327,26,18,8,13,11,2,1,1,0,0,0,0,0,6,5,1,0,1,7,6,1,1,0,340,316,24,17,7
S01010272,905,703,202,5,197,17,17,0,0,0,8,8,0,0,0,6,6,0,0,0,3,3,0,0,0,888,686,202,5,197
S01010273,415,409,6,6,0,5,5,0,0,0,0,0,0,0,0,2,2,0,0,0,3,3,0,0,0,410,404,6,6,0
S01010274,373,342,31,18,13,12,12,0,0,0,3,3,0,0,0,4,4,0,0,0,5,5,0,0,0,361,330,31,18,13
S01010275,407,357,50,9,41,7,7,0,0,0,2,2,0,0,0,2,2,0,0,0,3,3,0,0,0,400,350,50,9,41
S01010276,643,625,18,9,9,2,2,0,0,0,1,1,0,0,0,1,1,0,0,0,0,0,0,0,0,641,623,18,9,9
S01010277,399,305,94,0,94,8,8,0,0,0,0,0,0,0,0,2,2,0,0,0,6,6,0,0,0,391,297,94,0,94
S01010278,372,330,42,0,42,14,14,0,0,0,1,1,0,0,0,1,1,0,0,0,12,12,0,0,0,358,316,42,0,42
S01010279,324,312,12,1,11,8,8,0,0,0,1,1,0,0,0,2,2,0,0,0,5,5,0,0,0,316,304,12,1,11
S01010280,441,426,15,0,15,9,7,2,0,2,5,4,1,0,1,1,1,0,0,0,3,2,1,0,1,432,419,13,0,13
S01010281,491,466,25,4,21,4,4,0,0,0,0,0,0,0,0,0,0,0,0,0,4,4,0,0,0,487,462,25,4,21
S01010282,652,645,7,2,5,7,7,0,0,0,1,1,0,0,0,2,2,0,0,0,4,4,0,0,0,645,638,7,2,5
S01010283,317,296,21,2,19,6,6,0,0,0,2,2,0,0,0,0,0,0,0,0,4,4,0,0,0,311,290,21,2,19
S01010284,649,638,11,5,6,10,9,1,1,0,1,1,0,0,0,2,2,0,0,0,7,6,1,1,0,639,629,10,4,6
S01010285,423,420,3,1,2,12,12,0,0,0,0,0,0,0,0,2,2,0,0,0,10,10,0,0,0,411,408,3,1,2
S01010286,371,365,6,3,3,7,7,0,0,0,0,0,0,0,0,2,2,0,0,0,5,5,0,0,0,364,358,6,3,3
S01010287,400,387,13,0,13,11,9,2,0,2,1,1,0,0,0,2,2,0,0,0,8,6,2,0,2,389,378,11,0,11
S01010288,356,349,7,3,4,21,20,1,0,1,4,4,0,0,0,1,1,0,0,0,16,15,1,0,1,335,329,6,3,3
S01010289,418,380,38,5,33,48,45,3,0,3,8,7,1,0,1,6,6,0,0,0,34,32,2,0,2,370,335,35,5,30
S01010290,301,278,23,11,12,6,6,0,0,0,1,1,0,0,0,3,3,0,0,0,2,2,0,0,0,295,272,23,11,12
S01010291,493,481,12,0,12,17,17,0,0,0,4,4,0,0,0,3,3,0,0,0,10,10,0,0,0,476,464,12,0,12
S01010292,418,409,9,0,9,6,6,0,0,0,2,2,0,0,0,3,3,0,0,0,1,1,0,0,0,412,403,9,0,9
S01010293,383,373,10,1,9,8,8,0,0,0,1,1,0,0,0,2,2,0,0,0,5,5,0,0,0,375,365,10,1,9
S01010294,281,275,6,0,6,6,6,0,0,0,4,4,0,0,0,0,0,0,0,0,2,2,0,0,0,275,269,6,0,6
S01010295,439,427,12,1,11,13,13,0,0,0,4,4,0,0,0,5,5,0,0,0,4,4,0,0,0,426,414,12,1,11
S01010296,301,291,10,1,9,9,9,0,0,0,0,0,0,0,0,4,4,0,0,0,5,5,0,0,0,292,282,10,1,9
S01010297,685,676,9,2,7,43,43,0,0,0,7,7,0,0,0,13,13,0,0,0,23,23,0,0,0,642,633,9,2,7
S01010298,516,515,1,0,1,25,25,0,0,0,2,2,0,0,0,3,3,0,0,0,20,20,0,0,0,491,490,1,0,1
S01010299,297,292,5,1,4,18,18,0,0,0,1,1,0,0,0,4,4,0,0,0,13,13,0,0,0,279,274,5,1,4
S01010300,484,478,6,0,6,21,21,0,0,0,3,3,0,0,0,7,7,0,0,0,11,11,0,0,0,463,457,6,0,6
S01010301,287,283,4,0,4,2,2,0,0,0,0,0,0,0,0,1,1,0,0,0,1,1,0,0,0,285,281,4,0,4
S01010302,392,388,4,1,3,13,13,0,0,0,3,3,0,0,0,5,5,0,0,0,5,5,0,0,0,379,375,4,1,3
S01010303,251,250,1,0,1,8,8,0,0,0,3,3,0,0,0,5,5,0,0,0,0,0,0,0,0,243,242,1,0,1
S01010304,336,332,4,0,4,24,23,1,0,1,3,3,0,0,0,5,4,1,0,1,16,16,0,0,0,312,309,3,0,3
S01010305,490,478,12,0,12,75,73,2,0,2,6,6,0,0,0,8,8,0,0,0,61,59,2,0,2,415,405,10,0,10
S01010306,455,449,6,1,5,36,36,0,0,0,1,1,0,0,0,0,0,0,0,0,35,35,0,0,0,419,413,6,1,5
S01010307,451,428,23,3,20,14,14,0,0,0,0,0,0,0,0,0,0,0,0,0,14,14,0,0,0,437,414,23,3,20
S01010308,489,480,9,2,7,31,31,0,0,0,1,1,0,0,0,1,1,0,0,0,29,29,0,0,0,458,449,9,2,7
S01010309,270,264,6,1,5,22,20,2,1,1,1,1,0,0,0,14,14,0,0,0,7,5,2,1,1,248,244,4,0,4
S01010310,383,381,2,0,2,77,77,0,0,0,4,4,0,0,0,38,38,0,0,0,35,35,0,0,0,306,304,2,0,2
S01010311,356,351,5,0,5,73,73,0,0,0,6,6,0,0,0,38,38,0,0,0,29,29,0,0,0,283,278,5,0,5
S01010312,428,425,3,1,2,170,169,1,0,1,11,11,0,0,0,100,99,1,0,1,59,59,0,0,0,258,256,2,1,1
S01010313,359,356,3,0,3,15,15,0,0,0,1,1,0,0,0,5,5,0,0,0,9,9,0,0,0,344,341,3,0,3
S01010314,561,550,11,1,10,86,86,0,0,0,6,6,0,0,0,16,16,0,0,0,64,64,0,0,0,475,464,11,1,10
S01010315,409,409,0,0,0,144,144,0,0,0,9,9,0,0,0,110,110,0,0,0,25,25,0,0,0,265,265,0,0,0
S01010316,304,304,0,0,0,22,22,0,0,0,6,6,0,0,0,8,8,0,0,0,8,8,0,0,0,282,282,0,0,0
S01010317,407,394,13,0,13,27,26,1,0,1,1,1,0,0,0,2,2,0,0,0,24,23,1,0,1,380,368,12,0,12
S01010318,308,304,4,1,3,8,8,0,0,0,1,1,0,0,0,4,4,0,0,0,3,3,0,0,0,300,296,4,1,3
S01010319,409,407,2,0,2,69,68,1,0,1,6,6,0,0,0,17,17,0,0,0,46,45,1,0,1,340,339,1,0,1
S01010320,453,437,16,1,15,7,7,0,0,0,1,1,0,0,0,2,2,0,0,0,4,4,0,0,0,446,430,16,1,15
S01010321,447,432,15,2,13,7,7,0,0,0,1,1,0,0,0,4,4,0,0,0,2,2,0,0,0,440,425,15,2,13
S01010322,566,549,17,3,14,30,28,2,0,2,6,6,0,0,0,11,11,0,0,0,13,11,2,0,2,536,521,15,3,12
S01010323,377,377,0,0,0,57,57,0,0,0,9,9,0,0,0,30,30,0,0,0,18,18,0,0,0,320,320,0,0,0
S01010324,410,403,7,0,7,171,171,0,0,0,6,6,0,0,0,110,110,0,0,0,55,55,0,0,0,239,232,7,0,7
S01010325,502,501,1,0,1,126,126,0,0,0,3,3,0,0,0,107,107,0,0,0,16,16,0,0,0,376,375,1,0,1
S01010326,497,494,3,0,3,159,158,1,0,1,18,18,0,0,0,79,78,1,0,1,62,62,0,0,0,338,336,2,0,2
S01010327,368,362,6,0,6,264,260,4,0,4,21,21,0,0,0,153,150,3,0,3,90,89,1,0,1,104,102,2,0,2
S01010328,451,445,6,0,6,215,214,1,0,1,44,43,1,0,1,103,103,0,0,0,68,68,0,0,0,236,231,5,0,5
S01010329,294,290,4,0,4,66,62,4,0,4,8,8,0,0,0,49,46,3,0,3,9,8,1,0,1,228,228,0,0,0
S01010330,306,299,7,0,7,166,163,3,0,3,9,9,0,0,0,58,58,0,0,0,99,96,3,0,3,140,136,4,0,4
S01010331,522,520,2,0,2,77,77,0,0,0,3,3,0,0,0,41,41,0,0,0,33,33,0,0,0,445,443,2,0,2
S01010332,280,279,1,0,1,204,203,1,0,1,7,7,0,0,0,74,74,0,0,0,123,122,1,0,1,76,76,0,0,0
S01010333,495,487,8,0,8,112,111,1,0,1,8,8,0,0,0,56,56,0,0,0,48,47,1,0,1,383,376,7,0,7
S01010334,440,433,7,0,7,369,364,5,0,5,5,5,0,0,0,166,165,1,0,1,198,194,4,0,4,71,69,2,0,2
S01010335,351,345,6,0,6,210,209,1,0,1,8,8,0,0,0,70,70,0,0,0,132,131,1,0,1,141,136,5,0,5
S01010336,400,379,21,0,21,61,59,2,0,2,2,2,0,0,0,16,15,1,0,1,43,42,1,0,1,339,320,19,0,19
S01010337,285,278,7,0,7,268,261,7,0,7,8,8,0,0,0,88,85,3,0,3,172,168,4,0,4,17,17,0,0,0
S01010338,370,356,14,1,13,163,160,3,0,3,4,4,0,0,0,40,40,0,0,0,119,116,3,0,3,207,196,11,1,10
S01010339,291,284,7,1,6,165,163,2,1,1,1,1,0,0,0,85,84,1,1,0,79,78,1,0,1,126,121,5,0,5
S01010340,361,349,12,0,12,122,120,2,0,2,4,3,1,0,1,58,57,1,0,1,60,60,0,0,0,239,229,10,0,10
S01010341,254,253,1,0,1,154,153,1,0,1,10,10,0,0,0,62,62,0,0,0,82,81,1,0,1,100,100,0,0,0
S01010342,303,302,1,0,1,163,162,1,0,1,22,22,0,0,0,126,125,1,0,1,15,15,0,0,0,140,140,0,0,0
S01010343,373,365,8,0,8,302,298,4,0,4,42,41,1,0,1,204,201,3,0,3,56,56,0,0,0,71,67,4,0,4
S01010344,431,419,12,0,12,114,110,4,0,4,2,2,0,0,0,65,62,3,0,3,47,46,1,0,1,317,309,8,0,8
S01010345,167,160,7,0,7,158,151,7,0,7,136,131,5,0,5,16,14,2,0,2,6,6,0,0,0,9,9,0,0,0
S01010346,420,410,10,1,9,249,244,5,1,4,61,61,0,0,0,112,109,3,0,3,76,74,2,1,1,171,166,5,0,5
S01010347,481,466,15,1,14,40,38,2,0,2,3,2,1,0,1,9,9,0,0,0,28,27,1,0,1,441,428,13,1,12
S01010348,489,483,6,0,6,62,62,0,0,0,21,21,0,0,0,17,17,0,0,0,24,24,0,0,0,427,421,6,0,6
S01010349,449,443,6,0,6,116,115,1,0,1,13,13,0,0,0,26,26,0,0,0,77,76,1,0,1,333,328,5,0,5
S01010350,484,475,9,0,9,87,86,1,0,1,6,6,0,0,0,23,23,0,0,0,58,57,1,0,1,397,389,8,0,8
S01010351,414,398,16,0,16,144,138,6,0,6,10,9,1,0,1,73,71,2,0,2,61,58,3,0,3,270,260,10,0,10
S01010352,289,276,13,0,13,35,33,2,0,2,4,2,2,0,2,12,12,0,0,0,19,19,0,0,0,254,243,11,0,11
S01010353,594,562,32,0,32,33,33,0,0,0,1,1,0,0,0,13,13,0,0,0,19,19,0,0,0,561,529,32,0,32
S01010354,378,375,3,0,3,117,117,0,0,0,0,0,0,0,0,52,52,0,0,0,65,65,0,0,0,261,258,3,0,3
S01010355,410,402,8,0,8,77,75,2,0,2,6,5,1,0,1,25,25,0,0,0,46,45,1,0,1,333,327,6,0,6
S01010356,312,308,4,0,4,130,129,1,0,1,8,7,1,0,1,71,71,0,0,0,51,51,0,0,0,182,179,3,0,3
S01010357,350,340,10,0,10,66,64,2,0,2,2,1,1,0,1,16,15,1,0,1,48,48,0,0,0,284,276,8,0,8
S01010358,538,507,31,0,31,21,21,0,0,0,1,1,0,0,0,1,1,0,0,0,19,19,0,0,0,517,486,31,0,31
S01010359,464,456,8,0,8,8,8,0,0,0,1,1,0,0,0,1,1,0,0,0,6,6,0,0,0,456,448,8,0,8
S01010360,286,285,1,0,1,50,50,0,0,0,3,3,0,0,0,11,11,0,0,0,36,36,0,0,0,236,235,1,0,1
S01010361,418,402,16,0,16,7,7,0,0,0,3,3,0,0,0,2,2,0,0,0,2,2,0,0,0,411,395,16,0,16
S01010362,642,611,31,0,31,25,24,1,0,1,2,2,0,0,0,12,11,1,0,1,11,11,0,0,0,617,587,30,0,30
S01010363,406,394,12,1,11,94,93,1,0,1,6,6,0,0,0,63,62,1,0,1,25,25,0,0,0,312,301,11,1,10
S01010364,342,337,5,0,5,324,319,5,0,5,6,6,0,0,0,170,167,3,0,3,148,146,2,0,2,18,18,0,0,0
S01010365,462,449,13,3,10,179,178,1,0,1,24,23,1,0,1,117,117,0,0,0,38,38,0,0,0,283,271,12,3,9
S01010366,512,502,10,2,8,213,210,3,0,3,9,9,0,0,0,200,197,3,0,3,4,4,0,0,0,299,292,7,2,5
S01010367,530,507,23,4,19,157,157,0,0,0,20,20,0,0,0,107,107,0,0,0,30,30,0,0,0,373,350,23,4,19
S01010368,371,355,16,6,10,98,95,3,1,2,7,6,1,1,0,36,36,0,0,0,55,53,2,0,2,273,260,13,5,8
S01010369,454,433,21,0,21,37,36,1,0,1,7,7,0,0,0,22,21,1,0,1,8,8,0,0,0,417,397,20,0,20
S01010370,344,335,9,3,6,41,41,0,0,0,7,7,0,0,0,9,9,0,0,0,25,25,0,0,0,303,294,9,3,6
S01010371,477,461,16,2,14,63,59,4,0,4,5,4,1,0,1,9,9,0,0,0,49,46,3,0,3,414,402,12,2,10
S01010372,232,226,6,0,6,11,10,1,0,1,1,1,0,0,0,5,5,0,0,0,5,4,1,0,1,221,216,5,0,5
S01010373,428,408,20,1,19,9,9,0,0,0,5,5,0,0,0,2,2,0,0,0,2,2,0,0,0,419,399,20,1,19
S01010374,481,469,12,3,9,43,43,0,0,0,2,2,0,0,0,4,4,0,0,0,37,37,0,0,0,438,426,12,3,9
S01010375,226,219,7,2,5,8,7,1,0,1,1,1,0,0,0,3,2,1,0,1,4,4,0,0,0,218,212,6,2,4
S01010376,384,367,17,1,16,17,17,0,0,0,3,3,0,0,0,3,3,0,0,0,11,11,0,0,0,367,350,17,1,16
S01010377,384,375,9,2,7,15,15,0,0,0,3,3,0,0,0,2,2,0,0,0,10,10,0,0,0,369,360,9,2,7
S01010378,286,272,14,0,14,10,10,0,0,0,3,3,0,0,0,0,0,0,0,0,7,7,0,0,0,276,262,14,0,14
S01010379,462,446,16,0,16,22,20,2,0,2,1,0,1,0,1,3,3,0,0,0,18,17,1,0,1,440,426,14,0,14
S01010380,530,521,9,0,9,12,12,0,0,0,1,1,0,0,0,5,5,0,0,0,6,6,0,0,0,518,509,9,0,9
S01010381,379,372,7,2,5,3,2,1,0,1,2,2,0,0,0,0,0,0,0,0,1,0,1,0,1,376,370,6,2,4
S01010382,492,483,9,2,7,3,3,0,0,0,1,1,0,0,0,1,1,0,0,0,1,1,0,0,0,489,480,9,2,7
S01010383,402,393,9,2,7,5,5,0,0,0,4,4,0,0,0,1,1,0,0,0,0,0,0,0,0,397,388,9,2,7
S01010384,466,454,12,1,11,9,9,0,0,0,0,0,0,0,0,5,5,0,0,0,4,4,0,0,0,457,445,12,1,11
S01010385,511,498,13,3,10,7,5,2,1,1,1,1,0,0,0,1,1,0,0,0,5,3,2,1,1,504,493,11,2,9
S01010386,538,528,10,0,10,41,40,1,0,1,0,0,0,0,0,5,5,0,0,0,36,35,1,0,1,497,488,9,0,9
S01010387,591,587,4,1,3,33,33,0,0,0,1,1,0,0,0,5,5,0,0,0,27,27,0,0,0,558,554,4,1,3
S01010388,609,584,25,4,21,65,65,0,0,0,5,5,0,0,0,7,7,0,0,0,53,53,0,0,0,544,519,25,4,21
S01010389,755,668,87,18,69,8,8,0,0,0,0,0,0,0,0,0,0,0,0,0,8,8,0,0,0,747,660,87,18,69
S01010390,733,716,17,1,16,15,14,1,1,0,0,0,0,0,0,10,10,0,0,0,5,4,1,1,0,718,702,16,0,16
S01010391,566,541,25,2,23,12,12,0,0,0,0,0,0,0,0,1,1,0,0,0,11,11,0,0,0,554,529,25,2,23
S01010392,447,416,31,11,20,7,7,0,0,0,1,1,0,0,0,3,3,0,0,0,3,3,0,0,0,440,409,31,11,20
S01010393,654,634,20,1,19,82,81,1,0,1,8,8,0,0,0,15,15,0,0,0,59,58,1,0,1,572,553,19,1,18
S01010394,525,516,9,0,9,17,17,0,0,0,0,0,0,0,0,5,5,0,0,0,12,12,0,0,0,508,499,9,0,9
S01010395,651,637,14,1,13,6,6,0,0,0,2,2,0,0,0,1,1,0,0,0,3,3,0,0,0,645,631,14,1,13
S01010396,597,585,12,2,10,6,6,0,0,0,3,3,0,0,0,2,2,0,0,0,1,1,0,0,0,591,579,12,2,10
S01010397,298,294,4,2,2,3,3,0,0,0,0,0,0,0,0,0,0,0,0,0,3,3,0,0,0,295,291,4,2,2
S01010398,604,583,21,3,18,81,80,1,1,0,1,1,0,0,0,9,9,0,0,0,71,70,1,1,0,523,503,20,2,18
S01010399,634,615,19,6,13,37,37,0,0,0,1,1,0,0,0,7,7,0,0,0,29,29,0,0,0,597,578,19,6,13
S01010400,550,530,20,1,19,84,81,3,0,3,25,25,0,0,0,26,26,0,0,0,33,30,3,0,3,466,449,17,1,16
S01010401,419,400,19,6,13,18,18,0,0,0,2,2,0,0,0,3,3,0,0,0,13,13,0,0,0,401,382,19,6,13
S01010402,529,513,16,1,15,32,32,0,0,0,5,5,0,0,0,3,3,0,0,0,24,24,0,0,0,497,481,16,1,15
S01010403,522,509,13,1,12,24,23,1,0,1,3,3,0,0,0,2,2,0,0,0,19,18,1,0,1,498,486,12,1,11
S01010404,417,406,11,4,7,51,50,1,0,1,8,7,1,0,1,15,15,0,0,0,28,28,0,0,0,366,356,10,4,6
S01010405,416,408,8,2,6,52,51,1,0,1,8,8,0,0,0,5,5,0,0,0,39,38,1,0,1,364,357,7,2,5
S01010406,447,435,12,2,10,26,25,1,0,1,3,3,0,0,0,2,2,0,0,0,21,20,1,0,1,421,410,11,2,9
S01010407,430,418,12,5,7,8,8,0,0,0,1,1,0,0,0,2,2,0,0,0,5,5,0,0,0,422,410,12,5,7
S01010408,282,272,10,1,9,88,84,4,0,4,9,9,0,0,0,33,31,2,0,2,46,44,2,0,2,194,188,6,1,5
S01010409,249,245,4,0,4,234,230,4,0,4,69,69,0,0,0,107,104,3,0,3,58,57,1,0,1,15,15,0,0,0
S01010410,255,248,7,0,7,151,147,4,0,4,20,17,3,0,3,98,97,1,0,1,33,33,0,0,0,104,101,3,0,3
S01010411,371,365,6,0,6,327,322,5,0,5,10,9,1,0,1,77,76,1,0,1,240,237,3,0,3,44,43,1,0,1
S01010412,434,424,10,4,6,84,82,2,0,2,20,19,1,0,1,34,34,0,0,0,30,29,1,0,1,350,342,8,4,4
S01010413,354,340,14,6,8,141,138,3,1,2,36,36,0,0,0,98,96,2,0,2,7,6,1,1,0,213,202,11,5,6
S01010414,503,497,6,1,5,246,243,3,0,3,9,9,0,0,0,45,44,1,0,1,192,190,2,0,2,257,254,3,1,2
S01010415,568,555,13,0,13,41,37,4,0,4,2,2,0,0,0,12,12,0,0,0,27,23,4,0,4,527,518,9,0,9
S01010416,331,322,9,2,7,149,143,6,0,6,7,5,2,0,2,51,51,0,0,0,91,87,4,0,4,182,179,3,2,1
S01010417,293,286,7,3,4,113,109,4,2,2,5,5,0,0,0,17,17,0,0,0,91,87,4,2,2,180,177,3,1,2
S01010418,571,561,10,2,8,76,76,0,0,0,5,5,0,0,0,18,18,0,0,0,53,53,0,0,0,495,485,10,2,8
S01010419,524,500,24,3,21,177,173,4,0,4,3,3,0,0,0,30,30,0,0,0,144,140,4,0,4,347,327,20,3,17
S01010420,312,290,22,0,22,210,203,7,0,7,9,8,1,0,1,51,51,0,0,0,150,144,6,0,6,102,87,15,0,15
S01010421,354,346,8,1,7,226,224,2,1,1,8,8,0,0,0,112,110,2,1,1,106,106,0,0,0,128,122,6,0,6
S01010422,489,483,6,0,6,312,309,3,0,3,4,4,0,0,0,23,23,0,0,0,285,282,3,0,3,177,174,3,0,3
S01010423,509,490,19,0,19,27,27,0,0,0,1,1,0,0,0,4,4,0,0,0,22,22,0,0,0,482,463,19,0,19
S01010424,480,471,9,1,8,79,77,2,0,2,4,4,0,0,0,10,10,0,0,0,65,63,2,0,2,401,394,7,1,6
S01010425,629,621,8,0,8,32,32,0,0,0,8,8,0,0,0,4,4,0,0,0,20,20,0,0,0,597,589,8,0,8
S01010426,415,406,9,0,9,101,99,2,0,2,2,2,0,0,0,9,9,0,0,0,90,88,2,0,2,314,307,7,0,7
S01010427,511,499,12,0,12,160,159,1,0,1,0,0,0,0,0,34,34,0,0,0,126,125,1,0,1,351,340,11,0,11
S01010428,328,319,9,1,8,165,162,3,0,3,36,36,0,0,0,7,7,0,0,0,122,119,3,0,3,163,157,6,1,5
S01010429,395,388,7,2,5,291,288,3,0,3,2,2,0,0,0,16,15,1,0,1,273,271,2,0,2,104,100,4,2,2
S01010430,459,451,8,1,7,9,9,0,0,0,0,0,0,0,0,2,2,0,0,0,7,7,0,0,0,450,442,8,1,7
S01010431,261,258,3,1,2,218,215,3,1,2,2,2,0,0,0,28,28,0,0,0,188,185,3,1,2,43,43,0,0,0
S01010432,474,464,10,0,10,31,30,1,0,1,1,1,0,0,0,4,4,0,0,0,26,25,1,0,1,443,434,9,0,9
S01010433,363,338,25,0,25,10,10,0,0,0,1,1,0,0,0,4,4,0,0,0,5,5,0,0,0,353,328,25,0,25
S01010434,341,331,10,1,9,7,7,0,0,0,0,0,0,0,0,0,0,0,0,0,7,7,0,0,0,334,324,10,1,9
S01010435,296,291,5,1,4,152,150,2,0,2,8,8,0,0,0,90,88,2,0,2,54,54,0,0,0,144,141,3,1,2
S01010436,443,433,10,0,10,48,48,0,0,0,2,2,0,0,0,10,10,0,0,0,36,36,0,0,0,395,385,10,0,10
S01010437,277,269,8,0,8,87,85,2,0,2,3,3,0,0,0,53,52,1,0,1,31,30,1,0,1,190,184,6,0,6
S01010438,373,370,3,0,3,149,146,3,0,3,2,2,0,0,0,60,57,3,0,3,87,87,0,0,0,224,224,0,0,0
S01010439,517,512,5,0,5,35,35,0,0,0,4,4,0,0,0,5,5,0,0,0,26,26,0,0,0,482,477,5,0,5
S01010440,332,322,10,0,10,116,110,6,0,6,2,2,0,0,0,58,57,1,0,1,56,51,5,0,5,216,212,4,0,4
S01010441,508,488,20,2,18,61,56,5,0,5,3,3,0,0,0,6,6,0,0,0,52,47,5,0,5,447,432,15,2,13
S01010442,407,383,24,0,24,27,27,0,0,0,1,1,0,0,0,11,11,0,0,0,15,15,0,0,0,380,356,24,0,24
S01010443,233,228,5,0,5,223,218,5,0,5,3,3,0,0,0,26,25,1,0,1,194,190,4,0,4,10,10,0,0,0
S01010444,294,289,5,1,4,262,257,5,1,4,1,1,0,0,0,54,54,0,0,0,207,202,5,1,4,32,32,0,0,0
S01010445,309,307,2,0,2,185,185,0,0,0,14,14,0,0,0,42,42,0,0,0,129,129,0,0,0,124,122,2,0,2
S01010446,333,329,4,0,4,313,309,4,0,4,36,36,0,0,0,89,86,3,0,3,188,187,1,0,1,20,20,0,0,0
S01010447,525,521,4,0,4,193,191,2,0,2,20,20,0,0,0,125,123,2,0,2,48,48,0,0,0,332,330,2,0,2
S01010448,363,360,3,1,2,203,201,2,0,2,39,39,0,0,0,91,91,0,0,0,73,71,2,0,2,160,159,1,1,0
S01010449,374,370,4,0,4,59,59,0,0,0,4,4,0,0,0,37,37,0,0,0,18,18,0,0,0,315,311,4,0,4
S01010450,416,407,9,0,9,147,143,4,0,4,4,4,0,0,0,93,90,3,0,3,50,49,1,0,1,269,264,5,0,5
S01010451,446,438,8,0,8,146,143,3,0,3,4,4,0,0,0,62,61,1,0,1,80,78,2,0,2,300,295,5,0,5
S01010452,417,408,9,0,9,157,155,2,0,2,2,2,0,0,0,123,122,1,0,1,32,31,1,0,1,260,253,7,0,7
S01010453,373,372,1,0,1,68,67,1,0,1,4,4,0,0,0,38,38,0,0,0,26,25,1,0,1,305,305,0,0,0
S01010454,392,383,9,0,9,171,168,3,0,3,4,4,0,0,0,94,91,3,0,3,73,73,0,0,0,221,215,6,0,6
S01010455,613,604,9,0,9,51,49,2,0,2,1,1,0,0,0,9,9,0,0,0,41,39,2,0,2,562,555,7,0,7
S01010456,321,313,8,0,8,121,118,3,0,3,2,2,0,0,0,96,93,3,0,3,23,23,0,0,0,200,195,5,0,5
S01010457,343,340,3,0,3,131,129,2,0,2,4,4,0,0,0,75,74,1,0,1,52,51,1,0,1,212,211,1,0,1
S01010458,414,411,3,0,3,119,117,2,0,2,3,3,0,0,0,103,101,2,0,2,13,13,0,0,0,295,294,1,0,1
S01010459,259,258,1,0,1,128,127,1,0,1,0,0,0,0,0,56,55,1,0,1,72,72,0,0,0,131,131,0,0,0
S01010460,348,346,2,1,1,121,121,0,0,0,88,88,0,0,0,28,28,0,0,0,5,5,0,0,0,227,225,2,1,1
S01010461,389,386,3,0,3,137,136,1,0,1,4,4,0,0,0,104,103,1,0,1,29,29,0,0,0,252,250,2,0,2
S01010462,461,437,24,0,24,14,14,0,0,0,2,2,0,0,0,9,9,0,0,0,3,3,0,0,0,447,423,24,0,24
S01010463,381,376,5,1,4,241,238,3,1,2,3,3,0,0,0,194,191,3,1,2,44,44,0,0,0,140,138,2,0,2
S01010464,249,248,1,0,1,124,124,0,0,0,2,2,0,0,0,80,80,0,0,0,42,42,0,0,0,125,124,1,0,1
S01010465,460,451,9,0,9,311,306,5,0,5,33,33,0,0,0,90,87,3,0,3,188,186,2,0,2,149,145,4,0,4
S01010466,472,458,14,1,13,217,210,7,0,7,13,12,1,0,1,67,64,3,0,3,137,134,3,0,3,255,248,7,1,6
S01010467,492,476,16,2,14,75,72,3,1,2,19,18,1,1,0,45,43,2,0,2,11,11,0,0,0,417,404,13,1,12
S01010468,424,417,7,4,3,131,130,1,1,0,115,114,1,1,0,14,14,0,0,0,2,2,0,0,0,293,287,6,3,3
S01010469,415,405,10,0,10,17,16,1,0,1,1,1,0,0,0,4,4,0,0,0,12,11,1,0,1,398,389,9,0,9
S01010470,372,364,8,1,7,209,204,5,0,5,4,2,2,0,2,137,134,3,0,3,68,68,0,0,0,163,160,3,1,2
S01010471,321,316,5,1,4,137,134,3,0,3,4,4,0,0,0,94,91,3,0,3,39,39,0,0,0,184,182,2,1,1
S01010472,301,290,11,0,11,76,66,10,0,10,2,2,0,0,0,5,5,0,0,0,69,59,10,0,10,225,224,1,0,1
S01010473,440,435,5,0,5,127,127,0,0,0,6,6,0,0,0,20,20,0,0,0,101,101,0,0,0,313,308,5,0,5
S01010474,440,431,9,0,9,17,17,0,0,0,3,3,0,0,0,8,8,0,0,0,6,6,0,0,0,423,414,9,0,9
S01010475,391,384,7,2,5,82,75,7,2,5,0,0,0,0,0,25,25,0,0,0,57,50,7,2,5,309,309,0,0,0
S01010476,538,523,15,1,14,144,137,7,0,7,3,3,0,0,0,26,24,2,0,2,115,110,5,0,5,394,386,8,1,7
S01010477,358,354,4,0,4,152,150,2,0,2,2,2,0,0,0,96,96,0,0,0,54,52,2,0,2,206,204,2,0,2
S01010478,646,628,18,1,17,132,129,3,0,3,1,1,0,0,0,101,99,2,0,2,30,29,1,0,1,514,499,15,1,14
S01010479,533,512,21,0,21,130,126,4,0,4,3,3,0,0,0,90,88,2,0,2,37,35,2,0,2,403,386,17,0,17
S01010480,289,285,4,0,4,185,181,4,0,4,1,1,0,0,0,124,122,2,0,2,60,58,2,0,2,104,104,0,0,0
S01010481,274,267,7,0,7,46,46,0,0,0,3,3,0,0,0,25,25,0,0,0,18,18,0,0,0,228,221,7,0,7
S01010482,357,354,3,0,3,269,267,2,0,2,1,1,0,0,0,162,160,2,0,2,106,106,0,0,0,88,87,1,0,1
S01010483,547,526,21,1,20,248,240,8,1,7,1,1,0,0,0,117,112,5,1,4,130,127,3,0,3,299,286,13,0,13
S01010484,249,246,3,0,3,143,142,1,0,1,3,3,0,0,0,86,86,0,0,0,54,53,1,0,1,106,104,2,0,2
S01010485,405,396,9,1,8,355,347,8,1,7,63,60,3,0,3,88,87,1,0,1,204,200,4,1,3,50,49,1,0,1
S01010486,372,371,1,0,1,349,348,1,0,1,102,101,1,0,1,201,201,0,0,0,46,46,0,0,0,23,23,0,0,0
S01010487,435,432,3,0,3,415,412,3,0,3,3,3,0,0,0,66,66,0,0,0,346,343,3,0,3,20,20,0,0,0
S01010488,348,338,10,0,10,36,36,0,0,0,7,7,0,0,0,19,19,0,0,0,10,10,0,0,0,312,302,10,0,10
S01010489,455,450,5,1,4,95,93,2,1,1,15,15,0,0,0,29,28,1,0,1,51,50,1,1,0,360,357,3,0,3
S01010490,312,308,4,0,4,55,55,0,0,0,1,1,0,0,0,14,14,0,0,0,40,40,0,0,0,257,253,4,0,4
S01010491,427,417,10,0,10,68,67,1,0,1,7,7,0,0,0,41,40,1,0,1,20,20,0,0,0,359,350,9,0,9
S01010492,257,255,2,0,2,146,146,0,0,0,14,14,0,0,0,74,74,0,0,0,58,58,0,0,0,111,109,2,0,2
S01010493,313,308,5,0,5,95,95,0,0,0,8,8,0,0,0,30,30,0,0,0,57,57,0,0,0,218,213,5,0,5
S01010494,255,252,3,0,3,116,116,0,0,0,2,2,0,0,0,105,105,0,0,0,9,9,0,0,0,139,136,3,0,3
S01010495,427,418,9,0,9,138,135,3,0,3,5,5,0,0,0,48,47,1,0,1,85,83,2,0,2,289,283,6,0,6
S01010496,393,388,5,0,5,119,119,0,0,0,9,9,0,0,0,62,62,0,0,0,48,48,0,0,0,274,269,5,0,5
S01010497,298,285,13,5,8,205,194,11,5,6,14,14,0,0,0,124,115,9,5,4,67,65,2,0,2,93,91,2,0,2
S01010498,361,357,4,0,4,157,156,1,0,1,8,8,0,0,0,98,97,1,0,1,51,51,0,0,0,204,201,3,0,3
S01010499,462,451,11,0,11,84,81,3,0,3,5,5,0,0,0,47,45,2,0,2,32,31,1,0,1,378,370,8,0,8
S01010500,402,398,4,0,4,217,214,3,0,3,60,60,0,0,0,85,84,1,0,1,72,70,2,0,2,185,184,1,0,1
S01010501,437,430,7,0,7,204,199,5,0,5,18,18,0,0,0,94,94,0,0,0,92,87,5,0,5,233,231,2,0,2
S01010502,331,331,0,0,0,221,221,0,0,0,14,14,0,0,0,152,152,0,0,0,55,55,0,0,0,110,110,0,0,0
S01010503,323,321,2,0,2,25,25,0,0,0,2,2,0,0,0,8,8,0,0,0,15,15,0,0,0,298,296,2,0,2
S01010504,399,247,152,136,16,382,236,146,131,15,337,200,137,123,14,40,32,8,7,1,5,4,1,1,0,17,11,6,5,1
S01010505,323,244,79,74,5,311,236,75,70,5,253,185,68,63,5,50,45,5,5,0,8,6,2,2,0,12,8,4,4,0
S01010506,483,380,103,88,15,461,363,98,83,15,293,223,70,61,9,135,116,19,16,3,33,24,9,6,3,22,17,5,5,0
S01010507,362,345,17,10,7,293,279,14,8,6,81,73,8,7,1,133,129,4,1,3,79,77,2,0,2,69,66,3,2,1
S01010508,608,449,159,126,33,579,424,155,124,31,380,247,133,112,21,170,154,16,9,7,29,23,6,3,3,29,25,4,2,2
S01010509,482,393,89,73,16,461,378,83,68,15,319,258,61,52,9,105,93,12,10,2,37,27,10,6,4,21,15,6,5,1
S01010510,368,340,28,19,9,339,319,20,17,3,161,149,12,12,0,112,110,2,1,1,66,60,6,4,2,29,21,8,2,6
S01010511,371,369,2,1,1,349,347,2,1,1,23,23,0,0,0,106,106,0,0,0,220,218,2,1,1,22,22,0,0,0
S01010512,291,281,10,6,4,262,254,8,4,4,50,49,1,0,1,107,105,2,2,0,105,100,5,2,3,29,27,2,2,0
S01010513,314,300,14,5,9,297,286,11,3,8,177,173,4,2,2,109,103,6,1,5,11,10,1,0,1,17,14,3,2,1
S01010514,290,287,3,1,2,281,278,3,1,2,15,15,0,0,0,97,96,1,1,0,169,167,2,0,2,9,9,0,0,0
S01010515,354,350,4,2,2,346,344,2,0,2,25,25,0,0,0,79,79,0,0,0,242,240,2,0,2,8,6,2,2,0
S01010516,302,270,32,29,3,202,186,16,14,2,122,107,15,14,1,54,53,1,0,1,26,26,0,0,0,100,84,16,15,1
S01010517,378,362,16,12,4,213,200,13,11,2,114,109,5,3,2,68,62,6,6,0,31,29,2,2,0,165,162,3,1,2
S01010518,304,293,11,10,1,122,121,1,1,0,70,70,0,0,0,49,48,1,1,0,3,3,0,0,0,182,172,10,9,1
S01010519,286,282,4,3,1,273,269,4,3,1,74,73,1,0,1,64,64,0,0,0,135,132,3,3,0,13,13,0,0,0
S01010520,416,410,6,3,3,361,357,4,3,1,37,37,0,0,0,155,154,1,0,1,169,166,3,3,0,55,53,2,0,2
S01010521,379,339,40,34,6,246,226,20,16,4,68,65,3,3,0,99,91,8,6,2,79,70,9,7,2,133,113,20,18,2
S01010522,325,283,42,39,3,133,121,12,10,2,35,32,3,3,0,62,54,8,6,2,36,35,1,1,0,192,162,30,29,1
S01010523,277,258,19,17,2,215,206,9,7,2,21,20,1,1,0,85,80,5,4,1,109,106,3,2,1,62,52,10,10,0
S01010524,269,234,35,32,3,252,219,33,30,3,198,168,30,28,2,34,32,2,1,1,20,19,1,1,0,17,15,2,2,0
S01010525,351,259,92,86,6,343,255,88,82,6,266,200,66,61,5,59,48,11,10,1,18,7,11,11,0,8,4,4,4,0
S01010526,409,364,45,40,5,361,320,41,36,5,116,97,19,18,1,141,131,10,7,3,104,92,12,11,1,48,44,4,4,0
S01010527,484,455,29,17,12,368,350,18,11,7,51,49,2,2,0,209,200,9,6,3,108,101,7,3,4,116,105,11,6,5
S01010528,321,265,56,55,1,296,246,50,49,1,211,171,40,39,1,51,42,9,9,0,34,33,1,1,0,25,19,6,6,0
S01010529,296,283,13,8,5,293,280,13,8,5,186,176,10,6,4,94,92,2,1,1,13,12,1,1,0,3,3,0,0,0
S01010530,372,278,94,84,10,363,270,93,83,10,263,186,77,68,9,80,65,15,14,1,20,19,1,1,0,9,8,1,1,0
S01010531,585,496,89,88,1,530,448,82,81,1,326,261,65,65,0,124,118,6,5,1,80,69,11,11,0,55,48,7,7,0
S01010532,332,245,87,82,5,324,239,85,80,5,253,183,70,66,4,53,43,10,9,1,18,13,5,5,0,8,6,2,2,0
S01010533,314,272,42,22,20,227,199,28,17,11,140,125,15,8,7,51,45,6,2,4,36,29,7,7,0,87,73,14,5,9
S01010534,398,374,24,18,6,348,329,19,14,5,156,146,10,8,2,135,131,4,2,2,57,52,5,4,1,50,45,5,4,1
S01010535,411,305,106,102,4,393,289,104,101,3,319,223,96,93,3,62,55,7,7,0,12,11,1,1,0,18,16,2,1,1
S01010536,419,397,22,15,7,351,333,18,11,7,48,44,4,3,1,132,130,2,1,1,171,159,12,7,5,68,64,4,4,0
S01010537,360,330,30,24,6,270,250,20,16,4,101,86,15,14,1,96,94,2,1,1,73,70,3,1,2,90,80,10,8,2
S01010538,418,337,81,73,8,319,245,74,68,6,166,112,54,52,2,125,110,15,14,1,28,23,5,2,3,99,92,7,5,2
S01010539,693,496,197,171,26,625,434,191,168,23,321,177,144,129,15,275,232,43,35,8,29,25,4,4,0,68,62,6,3,3
S01010540,407,298,109,102,7,389,281,108,101,7,274,175,99,95,4,86,81,5,3,2,29,25,4,3,1,18,17,1,1,0
S01010541,401,362,39,37,2,384,346,38,36,2,268,231,37,35,2,72,72,0,0,0,44,43,1,1,0,17,16,1,1,0
S01010542,543,388,155,150,5,535,380,155,150,5,380,236,144,140,4,121,112,9,8,1,34,32,2,2,0,8,8,0,0,0
S01010543,308,255,53,50,3,302,249,53,50,3,245,195,50,47,3,48,46,2,2,0,9,8,1,1,0,6,6,0,0,0
S01010544,384,370,14,11,3,381,367,14,11,3,147,138,9,9,0,160,160,0,0,0,74,69,5,2,3,3,3,0,0,0
S01010545,374,344,30,14,16,287,271,16,6,10,141,132,9,2,7,79,73,6,4,2,67,66,1,0,1,87,73,14,8,6
S01010546,414,369,45,27,18,290,255,35,18,17,173,157,16,8,8,64,56,8,4,4,53,42,11,6,5,124,114,10,9,1
S01010547,382,313,69,67,2,371,305,66,64,2,277,226,51,50,1,83,73,10,10,0,11,6,5,4,1,11,8,3,3,0
S01010548,308,299,9,4,5,270,267,3,0,3,221,218,3,0,3,43,43,0,0,0,6,6,0,0,0,38,32,6,4,2
S01010549,379,366,13,8,5,357,347,10,6,4,243,235,8,6,2,104,102,2,0,2,10,10,0,0,0,22,19,3,2,1
S01010550,240,236,4,0,4,226,222,4,0,4,81,80,1,0,1,106,105,1,0,1,39,37,2,0,2,14,14,0,0,0
S01010551,278,267,11,3,8,273,264,9,1,8,201,194,7,1,6,67,65,2,0,2,5,5,0,0,0,5,3,2,2,0
S01010552,350,334,16,8,8,337,325,12,6,6,246,235,11,6,5,88,87,1,0,1,3,3,0,0,0,13,9,4,2,2
S01010553,269,261,8,8,0,267,259,8,8,0,216,210,6,6,0,43,42,1,1,0,8,7,1,1,0,2,2,0,0,0
S01010554,418,396,22,12,10,320,303,17,10,7,104,98,6,4,2,122,114,8,3,5,94,91,3,3,0,98,93,5,2,3
S01010555,496,450,46,3,43,296,282,14,3,11,114,111,3,1,2,98,93,5,0,5,84,78,6,2,4,200,168,32,0,32
S01010556,414,410,4,1,3,335,332,3,1,2,62,62,0,0,0,138,135,3,1,2,135,135,0,0,0,79,78,1,0,1
S01010557,286,278,8,0,8,278,270,8,0,8,114,113,1,0,1,93,90,3,0,3,71,67,4,0,4,8,8,0,0,0
S01010558,404,385,19,0,19,312,303,9,0,9,156,154,2,0,2,117,113,4,0,4,39,36,3,0,3,92,82,10,0,10
S01010559,379,351,28,18,10,290,279,11,4,7,169,163,6,2,4,89,85,4,2,2,32,31,1,0,1,89,72,17,14,3
S01010560,295,291,4,2,2,268,265,3,2,1,159,157,2,1,1,95,94,1,1,0,14,14,0,0,0,27,26,1,0,1
S01010561,307,301,6,2,4,282,276,6,2,4,220,216,4,1,3,52,50,2,1,1,10,10,0,0,0,25,25,0,0,0
S01010562,319,314,5,0,5,311,306,5,0,5,142,138,4,0,4,169,168,1,0,1,0,0,0,0,0,8,8,0,0,0
S01010563,215,211,4,1,3,209,205,4,1,3,28,28,0,0,0,122,118,4,1,3,59,59,0,0,0,6,6,0,0,0
S01010564,271,269,2,0,2,205,204,1,0,1,32,31,1,0,1,152,152,0,0,0,21,21,0,0,0,66,65,1,0,1
S01010565,285,276,9,0,9,276,267,9,0,9,94,89,5,0,5,153,149,4,0,4,29,29,0,0,0,9,9,0,0,0
S01010566,494,453,41,29,12,485,445,40,28,12,378,344,34,25,9,87,84,3,1,2,20,17,3,2,1,9,8,1,1,0
S01010567,400,379,21,3,18,386,368,18,1,17,332,320,12,1,11,46,40,6,0,6,8,8,0,0,0,14,11,3,2,1
S01010568,404,391,13,4,9,400,387,13,4,9,240,230,10,3,7,102,100,2,1,1,58,57,1,0,1,4,4,0,0,0
S01010569,318,295,23,9,14,300,277,23,9,14,244,229,15,5,10,41,39,2,0,2,15,9,6,4,2,18,18,0,0,0
S01010570,480,467,13,7,6,455,443,12,6,6,141,136,5,1,4,130,130,0,0,0,184,177,7,5,2,25,24,1,1,0
S01010571,401,398,3,1,2,266,264,2,0,2,55,55,0,0,0,188,186,2,0,2,23,23,0,0,0,135,134,1,1,0
S01010572,337,336,1,0,1,252,251,1,0,1,14,14,0,0,0,84,84,0,0,0,154,153,1,0,1,85,85,0,0,0
S01010573,224,222,2,0,2,210,208,2,0,2,10,10,0,0,0,32,32,0,0,0,168,166,2,0,2,14,14,0,0,0
S01010574,237,236,1,1,0,234,233,1,1,0,201,200,1,1,0,30,30,0,0,0,3,3,0,0,0,3,3,0,0,0
S01010575,289,284,5,2,3,286,281,5,2,3,237,233,4,2,2,38,37,1,0,1,11,11,0,0,0,3,3,0,0,0
S01010576,329,326,3,0,3,328,325,3,0,3,269,266,3,0,3,50,50,0,0,0,9,9,0,0,0,1,1,0,0,0
S01010577,360,354,6,0,6,336,330,6,0,6,26,26,0,0,0,109,108,1,0,1,201,196,5,0,5,24,24,0,0,0
S01010578,204,203,1,0,1,201,200,1,0,1,30,30,0,0,0,161,160,1,0,1,10,10,0,0,0,3,3,0,0,0
S01010579,332,325,7,1,6,324,317,7,1,6,158,156,2,1,1,154,149,5,0,5,12,12,0,0,0,8,8,0,0,0
S01010580,328,305,23,6,17,133,129,4,3,1,46,45,1,1,0,49,48,1,0,1,38,36,2,2,0,195,176,19,3,16
S01010581,253,243,10,0,10,175,171,4,0,4,64,62,2,0,2,56,55,1,0,1,55,54,1,0,1,78,72,6,0,6
S01010582,191,185,6,2,4,162,156,6,2,4,110,108,2,1,1,37,35,2,0,2,15,13,2,1,1,29,29,0,0,0
S01010583,449,440,9,1,8,383,375,8,1,7,217,211,6,1,5,161,159,2,0,2,5,5,0,0,0,66,65,1,0,1
S01010584,316,312,4,1,3,284,281,3,1,2,186,185,1,1,0,70,68,2,0,2,28,28,0,0,0,32,31,1,0,1
S01010585,308,304,4,0,4,266,262,4,0,4,183,180,3,0,3,64,63,1,0,1,19,19,0,0,0,42,42,0,0,0
S01010586,311,305,6,3,3,302,296,6,3,3,259,255,4,1,3,41,39,2,2,0,2,2,0,0,0,9,9,0,0,0
S01010587,299,293,6,1,5,270,266,4,1,3,181,179,2,1,1,85,83,2,0,2,4,4,0,0,0,29,27,2,0,2
S01010588,275,268,7,1,6,239,232,7,1,6,129,126,3,1,2,101,99,2,0,2,9,7,2,0,2,36,36,0,0,0
S01010589,302,299,3,2,1,205,204,1,0,1,32,32,0,0,0,77,77,0,0,0,96,95,1,0,1,97,95,2,2,0
S01010590,297,293,4,1,3,292,288,4,1,3,284,280,4,1,3,7,7,0,0,0,1,1,0,0,0,5,5,0,0,0
S01010591,312,303,9,2,7,230,223,7,1,6,97,93,4,1,3,104,104,0,0,0,29,26,3,0,3,82,80,2,1,1
S01010592,284,273,11,1,10,147,146,1,0,1,50,50,0,0,0,92,91,1,0,1,5,5,0,0,0,137,127,10,1,9
S01010593,266,259,7,0,7,258,253,5,0,5,190,186,4,0,4,65,65,0,0,0,3,2,1,0,1,8,6,2,0,2
S01010594,289,281,8,1,7,200,194,6,0,6,81,80,1,0,1,72,70,2,0,2,47,44,3,0,3,89,87,2,1,1
S01010595,317,310,7,4,3,256,251,5,3,2,114,110,4,2,2,130,129,1,1,0,12,12,0,0,0,61,59,2,1,1
S01010596,324,310,14,8,6,303,290,13,7,6,219,209,10,5,5,78,75,3,2,1,6,6,0,0,0,21,20,1,1,0
S01010597,304,274,30,1,29,239,219,20,0,20,115,106,9,0,9,106,103,3,0,3,18,10,8,0,8,65,55,10,1,9
S01010598,415,404,11,4,7,305,300,5,2,3,162,161,1,0,1,136,132,4,2,2,7,7,0,0,0,110,104,6,2,4
S01010599,253,248,5,4,1,207,203,4,3,1,133,129,4,3,1,66,66,0,0,0,8,8,0,0,0,46,45,1,1,0
S01010600,451,427,24,2,22,354,336,18,1,17,216,211,5,1,4,70,68,2,0,2,68,57,11,0,11,97,91,6,1,5
S01010601,307,302,5,1,4,276,273,3,0,3,129,126,3,0,3,143,143,0,0,0,4,4,0,0,0,31,29,2,1,1
S01010602,265,260,5,1,4,209,206,3,1,2,53,53,0,0,0,148,145,3,1,2,8,8,0,0,0,56,54,2,0,2
S01010603,376,369,7,0,7,318,314,4,0,4,189,188,1,0,1,123,120,3,0,3,6,6,0,0,0,58,55,3,0,3
S01010604,194,193,1,0,1,186,185,1,0,1,101,101,0,0,0,80,80,0,0,0,5,4,1,0,1,8,8,0,0,0
S01010605,394,387,7,1,6,382,375,7,1,6,259,256,3,0,3,113,109,4,1,3,10,10,0,0,0,12,12,0,0,0
S01010606,372,371,1,0,1,324,324,0,0,0,37,37,0,0,0,136,136,0,0,0,151,151,0,0,0,48,47,1,0,1
S01010607,353,346,7,3,4,323,316,7,3,4,174,169,5,2,3,139,137,2,1,1,10,10,0,0,0,30,30,0,0,0
S01010608,321,306,15,0,15,151,146,5,0,5,25,24,1,0,1,41,40,1,0,1,85,82,3,0,3,170,160,10,0,10
S01010609,253,242,11,0,11,204,197,7,0,7,8,7,1,0,1,37,36,1,0,1,159,154,5,0,5,49,45,4,0,4
S01010610,326,318,8,4,4,236,233,3,1,2,154,152,2,1,1,66,65,1,0,1,16,16,0,0,0,90,85,5,3,2
S01010611,504,496,8,0,8,367,363,4,0,4,20,20,0,0,0,45,44,1,0,1,302,299,3,0,3,137,133,4,0,4
S01010612,318,316,2,0,2,313,311,2,0,2,34,34,0,0,0,54,54,0,0,0,225,223,2,0,2,5,5,0,0,0
S01010613,349,341,8,1,7,295,289,6,0,6,83,83,0,0,0,124,120,4,0,4,88,86,2,0,2,54,52,2,1,1
S01010614,265,264,1,0,1,239,238,1,0,1,16,16,0,0,0,58,58,0,0,0,165,164,1,0,1,26,26,0,0,0
S01010615,393,383,10,0,10,260,254,6,0,6,86,86,0,0,0,143,137,6,0,6,31,31,0,0,0,133,129,4,0,4
S01010616,370,359,11,2,9,358,347,11,2,9,122,121,1,0,1,223,214,9,1,8,13,12,1,1,0,12,12,0,0,0
S01010617,362,360,2,1,1,360,358,2,1,1,111,111,0,0,0,238,236,2,1,1,11,11,0,0,0,2,2,0,0,0
S01010618,311,307,4,0,4,308,304,4,0,4,67,66,1,0,1,230,228,2,0,2,11,10,1,0,1,3,3,0,0,0
S01010619,341,318,23,3,20,82,78,4,0,4,15,14,1,0,1,45,43,2,0,2,22,21,1,0,1,259,240,19,3,16
S01010620,433,369,64,44,20,59,53,6,4,2,9,9,0,0,0,21,20,1,1,0,29,24,5,3,2,374,316,58,40,18
S01010621,440,432,8,4,4,248,244,4,2,2,113,110,3,1,2,82,82,0,0,0,53,52,1,1,0,192,188,4,2,2
S01010622,341,333,8,1,7,183,177,6,0,6,12,12,0,0,0,67,66,1,0,1,104,99,5,0,5,158,156,2,1,1
S01010623,309,278,31,0,31,296,265,31,0,31,46,43,3,0,3,93,86,7,0,7,157,136,21,0,21,13,13,0,0,0
S01010624,254,244,10,1,9,225,215,10,1,9,21,21,0,0,0,65,65,0,0,0,139,129,10,1,9,29,29,0,0,0
S01010625,342,333,9,1,8,309,305,4,1,3,229,227,2,0,2,68,67,1,1,0,12,11,1,0,1,33,28,5,0,5
S01010626,379,368,11,5,6,330,322,8,4,4,192,189,3,1,2,118,113,5,3,2,20,20,0,0,0,49,46,3,1,2
S01010627,426,401,25,6,19,247,235,12,2,10,73,70,3,0,3,106,103,3,1,2,68,62,6,1,5,179,166,13,4,9
S01010628,494,472,22,2,20,305,292,13,2,11,71,71,0,0,0,127,119,8,1,7,107,102,5,1,4,189,180,9,0,9
S01010629,466,445,21,8,13,273,264,9,3,6,94,92,2,1,1,138,133,5,2,3,41,39,2,0,2,193,181,12,5,7
S01010630,261,252,9,9,0,126,126,0,0,0,63,63,0,0,0,52,52,0,0,0,11,11,0,0,0,135,126,9,9,0
S01010631,335,326,9,4,5,80,78,2,0,2,35,33,2,0,2,26,26,0,0,0,19,19,0,0,0,255,248,7,4,3
S01010632,497,486,11,3,8,346,336,10,3,7,64,61,3,0,3,238,235,3,0,3,44,40,4,3,1,151,150,1,0,1
S01010633,480,476,4,1,3,397,393,4,1,3,17,17,0,0,0,152,151,1,1,0,228,225,3,0,3,83,83,0,0,0
S01010634,266,264,2,0,2,254,252,2,0,2,10,10,0,0,0,105,104,1,0,1,139,138,1,0,1,12,12,0,0,0
S01010635,361,351,10,1,9,289,279,10,1,9,13,13,0,0,0,160,158,2,1,1,116,108,8,0,8,72,72,0,0,0
S01010636,390,386,4,0,4,302,299,3,0,3,81,80,1,0,1,187,185,2,0,2,34,34,0,0,0,88,87,1,0,1
S01010637,378,352,26,16,10,122,109,13,10,3,18,17,1,0,1,44,43,1,0,1,60,49,11,10,1,256,243,13,6,7
S01010638,433,417,16,1,15,298,290,8,0,8,47,45,2,0,2,113,110,3,0,3,138,135,3,0,3,135,127,8,1,7
S01010639,573,555,18,7,11,273,266,7,3,4,49,47,2,0,2,102,100,2,1,1,122,119,3,2,1,300,289,11,4,7
S01010640,440,411,29,15,14,184,174,10,6,4,41,40,1,0,1,72,72,0,0,0,71,62,9,6,3,256,237,19,9,10
S01010641,561,531,30,22,8,182,170,12,8,4,34,34,0,0,0,91,89,2,0,2,57,47,10,8,2,379,361,18,14,4
S01010642,474,451,23,1,22,269,264,5,0,5,25,25,0,0,0,71,71,0,0,0,173,168,5,0,5,205,187,18,1,17
S01010643,301,287,14,11,3,208,198,10,7,3,14,14,0,0,0,57,56,1,0,1,137,128,9,7,2,93,89,4,4,0
S01010644,374,346,28,16,12,150,138,12,8,4,17,17,0,0,0,73,73,0,0,0,60,48,12,8,4,224,208,16,8,8
S01010645,291,278,13,0,13,193,189,4,0,4,58,56,2,0,2,127,125,2,0,2,8,8,0,0,0,98,89,9,0,9
S01010646,294,287,7,1,6,267,261,6,1,5,148,145,3,1,2,111,108,3,0,3,8,8,0,0,0,27,26,1,0,1
S01010647,308,306,2,0,2,252,251,1,0,1,51,51,0,0,0,197,196,1,0,1,4,4,0,0,0,56,55,1,0,1
S01010648,312,306,6,1,5,220,216,4,0,4,53,53,0,0,0,113,112,1,0,1,54,51,3,0,3,92,90,2,1,1
S01010649,305,280,25,2,23,203,192,11,0,11,78,74,4,0,4,87,84,3,0,3,38,34,4,0,4,102,88,14,2,12
S01010650,205,196,9,1,8,155,149,6,1,5,96,93,3,1,2,47,44,3,0,3,12,12,0,0,0,50,47,3,0,3
S01010651,296,295,1,0,1,264,263,1,0,1,44,44,0,0,0,115,115,0,0,0,105,104,1,0,1,32,32,0,0,0
S01010652,315,309,6,1,5,269,266,3,1,2,85,84,1,0,1,104,103,1,0,1,80,79,1,1,0,46,43,3,0,3
S01010653,308,300,8,0,8,248,245,3,0,3,50,49,1,0,1,193,191,2,0,2,5,5,0,0,0,60,55,5,0,5
S01010654,355,348,7,0,7,314,307,7,0,7,22,22,0,0,0,106,105,1,0,1,186,180,6,0,6,41,41,0,0,0
S01010655,434,380,54,43,11,422,369,53,42,11,328,279,49,38,11,77,74,3,3,0,17,16,1,1,0,12,11,1,1,0
S01010656,185,182,3,1,2,185,182,3,1,2,102,99,3,1,2,61,61,0,0,0,22,22,0,0,0,0,0,0,0,0
S01010657,266,248,18,8,10,262,244,18,8,10,244,227,17,8,9,15,14,1,0,1,3,3,0,0,0,4,4,0,0,0
S01010658,317,296,21,2,19,257,242,15,2,13,215,204,11,2,9,26,26,0,0,0,16,12,4,0,4,60,54,6,0,6
S01010659,305,276,29,15,14,292,264,28,14,14,239,217,22,13,9,39,36,3,0,3,14,11,3,1,2,13,12,1,1,0
S01010660,299,285,14,1,13,268,258,10,1,9,97,93,4,1,3,120,115,5,0,5,51,50,1,0,1,31,27,4,0,4
S01010661,339,307,32,6,26,260,240,20,2,18,84,76,8,0,8,80,75,5,2,3,96,89,7,0,7,79,67,12,4,8
S01010662,316,310,6,1,5,306,300,6,1,5,200,196,4,1,3,91,89,2,0,2,15,15,0,0,0,10,10,0,0,0
S01010663,398,381,17,6,11,376,361,15,6,9,348,334,14,6,8,22,22,0,0,0,6,5,1,0,1,22,20,2,0,2
S01010664,350,337,13,11,2,343,330,13,11,2,302,291,11,9,2,32,31,1,1,0,9,8,1,1,0,7,7,0,0,0
S01010665,498,430,68,53,15,455,393,62,47,15,320,273,47,38,9,89,84,5,1,4,46,36,10,8,2,43,37,6,6,0
S01010666,451,416,35,11,24,429,398,31,10,21,219,203,16,5,11,146,134,12,3,9,64,61,3,2,1,22,18,4,1,3
S01010667,306,288,18,6,12,294,277,17,5,12,215,200,15,5,10,58,57,1,0,1,21,20,1,0,1,12,11,1,1,0
S01010668,678,503,175,151,24,588,462,126,104,22,360,285,75,62,13,138,111,27,20,7,90,66,24,22,2,90,41,49,47,2
S01010669,391,266,125,118,7,381,262,119,114,5,294,190,104,100,4,76,62,14,14,0,11,10,1,0,1,10,4,6,4,2
S01010670,399,296,103,96,7,366,270,96,90,6,259,185,74,70,4,90,68,22,20,2,17,17,0,0,0,33,26,7,6,1
S01010671,416,329,87,79,8,390,311,79,72,7,237,193,44,40,4,91,74,17,16,1,62,44,18,16,2,26,18,8,7,1
S01010672,356,321,35,31,4,295,271,24,21,3,102,94,8,6,2,136,125,11,10,1,57,52,5,5,0,61,50,11,10,1
S01010673,482,419,63,53,10,416,358,58,48,10,296,249,47,39,8,89,80,9,7,2,31,29,2,2,0,66,61,5,5,0
S01010674,507,419,88,79,9,474,395,79,70,9,332,259,73,64,9,111,106,5,5,0,31,30,1,1,0,33,24,9,9,0
S01010675,364,273,91,79,12,354,265,89,77,12,297,223,74,66,8,49,36,13,9,4,8,6,2,2,0,10,8,2,2,0
S01010676,521,392,129,128,1,508,379,129,128,1,437,309,128,127,1,57,57,0,0,0,14,13,1,1,0,13,13,0,0,0
S01010677,322,224,98,97,1,312,219,93,92,1,236,177,59,58,1,13,11,2,2,0,63,31,32,32,0,10,5,5,5,0
S01010678,351,273,78,69,9,342,265,77,68,9,307,233,74,66,8,28,26,2,2,0,7,6,1,0,1,9,8,1,1,0
S01010679,333,282,51,43,8,255,218,37,30,7,123,102,21,17,4,87,76,11,10,1,45,40,5,3,2,78,64,14,13,1
S01010680,343,315,28,12,16,326,300,26,12,14,125,114,11,7,4,124,121,3,1,2,77,65,12,4,8,17,15,2,0,2
S01010681,482,461,21,13,8,389,378,11,5,6,103,98,5,3,2,261,256,5,2,3,25,24,1,0,1,93,83,10,8,2
S01010682,474,398,76,75,1,457,385,72,71,1,407,343,64,63,1,31,25,6,6,0,19,17,2,2,0,17,13,4,4,0
S01010683,495,423,72,65,7,481,409,72,65,7,417,350,67,61,6,47,45,2,1,1,17,14,3,3,0,14,14,0,0,0
S01010684,449,361,88,76,12,436,352,84,73,11,388,306,82,71,11,40,39,1,1,0,8,7,1,1,0,13,9,4,3,1
S01010685,418,294,124,111,13,402,284,118,107,11,353,243,110,100,10,35,31,4,4,0,14,10,4,3,1,16,10,6,4,2
S01010686,422,309,113,97,16,395,285,110,95,15,331,239,92,79,13,56,38,18,16,2,8,8,0,0,0,27,24,3,2,1
S01010687,466,379,87,72,15,443,365,78,64,14,330,257,73,62,11,99,94,5,2,3,14,14,0,0,0,23,14,9,8,1
S01010688,489,335,154,147,7,476,323,153,146,7,375,244,131,124,7,74,58,16,16,0,27,21,6,6,0,13,12,1,1,0
S01010689,480,378,102,93,9,463,362,101,92,9,347,257,90,82,8,107,97,10,9,1,9,8,1,1,0,17,16,1,1,0
S01010690,361,330,31,24,7,323,295,28,22,6,79,70,9,7,2,170,164,6,3,3,74,61,13,12,1,38,35,3,2,1
S01010691,447,325,122,105,17,428,314,114,98,16,372,265,107,94,13,41,37,4,3,1,15,12,3,1,2,19,11,8,7,1
S01010692,325,307,18,9,9,253,242,11,8,3,106,96,10,7,3,120,120,0,0,0,27,26,1,1,0,72,65,7,1,6
S01010693,314,216,98,93,5,302,209,93,88,5,284,191,93,88,5,12,12,0,0,0,6,6,0,0,0,12,7,5,5,0
S01010694,335,270,65,53,12,321,259,62,50,12,265,205,60,50,10,49,47,2,0,2,7,7,0,0,0,14,11,3,3,0
S01010695,325,304,21,7,14,318,297,21,7,14,245,232,13,4,9,44,40,4,0,4,29,25,4,3,1,7,7,0,0,0
S01010696,423,402,21,11,10,375,361,14,7,7,183,170,13,7,6,134,133,1,0,1,58,58,0,0,0,48,41,7,4,3
S01010697,492,458,34,22,12,484,454,30,19,11,327,310,17,11,6,133,127,6,2,4,24,17,7,6,1,8,4,4,3,1
S01010698,397,338,59,43,16,384,326,58,42,16,268,216,52,38,14,100,96,4,2,2,16,14,2,2,0,13,12,1,1,0
S01010699,270,250,20,13,7,265,247,18,11,7,183,168,15,9,6,52,49,3,2,1,30,30,0,0,0,5,3,2,2,0
S01010700,268,258,10,1,9,264,254,10,1,9,181,173,8,1,7,64,62,2,0,2,19,19,0,0,0,4,4,0,0,0
S01010701,451,432,19,4,15,416,399,17,4,13,176,169,7,1,6,160,152,8,3,5,80,78,2,0,2,35,33,2,0,2
S01010702,446,417,29,23,6,434,409,25,19,6,349,331,18,12,6,58,53,5,5,0,27,25,2,2,0,12,8,4,4,0
S01010703,350,341,9,2,7,345,337,8,1,7,291,283,8,1,7,44,44,0,0,0,10,10,0,0,0,5,4,1,1,0
S01010704,309,300,9,1,8,300,292,8,1,7,89,86,3,0,3,144,139,5,1,4,67,67,0,0,0,9,8,1,0,1
S01010705,483,463,20,0,20,418,400,18,0,18,213,203,10,0,10,191,183,8,0,8,14,14,0,0,0,65,63,2,0,2
S01010706,308,293,15,3,12,276,264,12,3,9,89,83,6,3,3,155,149,6,0,6,32,32,0,0,0,32,29,3,0,3
S01010707,278,265,13,6,7,270,259,11,4,7,225,215,10,3,7,34,34,0,0,0,11,10,1,1,0,8,6,2,2,0
S01010708,259,252,7,0,7,253,246,7,0,7,103,102,1,0,1,103,102,1,0,1,47,42,5,0,5,6,6,0,0,0
S01010709,305,299,6,0,6,301,295,6,0,6,165,162,3,0,3,112,109,3,0,3,24,24,0,0,0,4,4,0,0,0
S01010710,321,316,5,0,5,307,302,5,0,5,65,65,0,0,0,150,147,3,0,3,92,90,2,0,2,14,14,0,0,0
S01010711,334,319,15,2,13,324,309,15,2,13,244,232,12,1,11,62,60,2,1,1,18,17,1,0,1,10,10,0,0,0
S01010712,275,269,6,0,6,254,248,6,0,6,53,52,1,0,1,121,118,3,0,3,80,78,2,0,2,21,21,0,0,0
S01010713,330,322,8,0,8,323,315,8,0,8,27,27,0,0,0,83,82,1,0,1,213,206,7,0,7,7,7,0,0,0
S01010714,393,380,13,0,13,218,209,9,0,9,41,39,2,0,2,98,96,2,0,2,79,74,5,0,5,175,171,4,0,4
S01010715,350,340,10,1,9,329,319,10,1,9,70,66,4,0,4,120,118,2,0,2,139,135,4,1,3,21,21,0,0,0
S01010716,467,444,23,1,22,220,213,7,1,6,90,87,3,0,3,84,83,1,0,1,46,43,3,1,2,247,231,16,0,16
S01010717,285,272,13,1,12,278,266,12,0,12,219,209,10,0,10,50,48,2,0,2,9,9,0,0,0,7,6,1,1,0
S01010718,404,393,11,1,10,331,323,8,1,7,232,228,4,0,4,63,63,0,0,0,36,32,4,1,3,73,70,3,0,3
S01010719,301,282,19,13,6,282,266,16,10,6,121,112,9,7,2,123,117,6,3,3,38,37,1,0,1,19,16,3,3,0
S01010720,349,336,13,6,7,335,322,13,6,7,213,203,10,6,4,85,82,3,0,3,37,37,0,0,0,14,14,0,0,0
S01010721,314,296,18,9,9,295,279,16,8,8,189,180,9,3,6,67,62,5,4,1,39,37,2,1,1,19,17,2,1,1
S01010722,418,394,24,9,15,398,379,19,8,11,116,110,6,1,5,173,168,5,3,2,109,101,8,4,4,20,15,5,1,4
S01010723,345,329,16,10,6,329,315,14,9,5,278,267,11,6,5,36,33,3,3,0,15,15,0,0,0,16,14,2,1,1
S01010724,364,354,10,4,6,349,339,10,4,6,235,228,7,3,4,82,80,2,1,1,32,31,1,0,1,15,15,0,0,0
S01010725,304,287,17,6,11,297,280,17,6,11,261,246,15,6,9,34,33,1,0,1,2,1,1,0,1,7,7,0,0,0
S01010726,432,415,17,5,12,414,398,16,4,12,271,264,7,3,4,103,99,4,0,4,40,35,5,1,4,18,17,1,1,0
S01010727,245,243,2,2,0,241,240,1,1,0,199,198,1,1,0,37,37,0,0,0,5,5,0,0,0,4,3,1,1,0
S01010728,213,204,9,3,6,210,201,9,3,6,182,174,8,2,6,24,23,1,1,0,4,4,0,0,0,3,3,0,0,0
S01010729,280,269,11,4,7,278,268,10,3,7,243,234,9,2,7,28,27,1,1,0,7,7,0,0,0,2,1,1,1,0
S01010730,364,343,21,10,11,361,340,21,10,11,278,263,15,7,8,59,56,3,1,2,24,21,3,2,1,3,3,0,0,0
S01010731,458,399,59,23,36,421,368,53,19,34,162,141,21,10,11,114,108,6,3,3,145,119,26,6,20,37,31,6,4,2
S01010732,342,334,8,5,3,335,327,8,5,3,69,69,0,0,0,67,67,0,0,0,199,191,8,5,3,7,7,0,0,0
S01010733,256,246,10,1,9,248,238,10,1,9,28,26,2,0,2,123,119,4,0,4,97,93,4,1,3,8,8,0,0,0
S01010734,368,362,6,0,6,340,334,6,0,6,72,72,0,0,0,115,113,2,0,2,153,149,4,0,4,28,28,0,0,0
S01010735,252,244,8,0,8,233,225,8,0,8,55,55,0,0,0,40,40,0,0,0,138,130,8,0,8,19,19,0,0,0
S01010736,219,218,1,0,1,218,217,1,0,1,157,157,0,0,0,57,57,0,0,0,4,3,1,0,1,1,1,0,0,0
S01010737,499,487,12,1,11,461,452,9,0,9,200,195,5,0,5,176,172,4,0,4,85,85,0,0,0,38,35,3,1,2
S01010738,242,235,7,1,6,238,231,7,1,6,46,42,4,1,3,187,184,3,0,3,5,5,0,0,0,4,4,0,0,0
S01010739,400,388,12,4,8,354,344,10,4,6,68,66,2,1,1,177,176,1,0,1,109,102,7,3,4,46,44,2,0,2
S01010740,267,260,7,2,5,201,197,4,0,4,17,17,0,0,0,61,61,0,0,0,123,119,4,0,4,66,63,3,2,1
S01010741,258,249,9,5,4,245,237,8,5,3,128,122,6,5,1,81,79,2,0,2,36,36,0,0,0,13,12,1,0,1
S01010742,317,308,9,1,8,263,255,8,1,7,68,64,4,1,3,70,69,1,0,1,125,122,3,0,3,54,53,1,0,1
S01010743,276,273,3,0,3,263,260,3,0,3,15,15,0,0,0,55,54,1,0,1,193,191,2,0,2,13,13,0,0,0
S01010744,473,459,14,2,12,457,446,11,0,11,122,119,3,0,3,198,191,7,0,7,137,136,1,0,1,16,13,3,2,1
S01010745,357,327,30,8,22,257,244,13,1,12,79,76,3,0,3,91,88,3,0,3,87,80,7,1,6,100,83,17,7,10
S01010746,468,441,27,8,19,450,425,25,8,17,287,273,14,5,9,97,94,3,2,1,66,58,8,1,7,18,16,2,0,2
S01010747,385,357,28,25,3,373,345,28,25,3,132,131,1,1,0,120,117,3,1,2,121,97,24,23,1,12,12,0,0,0
S01010748,322,280,42,36,6,306,270,36,30,6,183,158,25,21,4,89,84,5,4,1,34,28,6,5,1,16,10,6,6,0
S01010749,269,261,8,5,3,265,257,8,5,3,158,155,3,1,2,62,61,1,0,1,45,41,4,4,0,4,4,0,0,0
S01010750,320,287,33,12,21,318,285,33,12,21,176,169,7,2,5,78,67,11,2,9,64,49,15,8,7,2,2,0,0,0
S01010751,376,333,43,24,19,367,325,42,23,19,64,61,3,2,1,140,132,8,3,5,163,132,31,18,13,9,8,1,1,0
S01010752,352,332,20,5,15,304,291,13,4,9,78,74,4,0,4,90,88,2,0,2,136,129,7,4,3,48,41,7,1,6
S01010753,456,434,22,5,17,368,360,8,3,5,190,184,6,2,4,92,91,1,1,0,86,85,1,0,1,88,74,14,2,12
S01010754,373,357,16,0,16,286,275,11,0,11,110,108,2,0,2,101,101,0,0,0,75,66,9,0,9,87,82,5,0,5
S01010755,305,298,7,0,7,276,271,5,0,5,48,48,0,0,0,185,181,4,0,4,43,42,1,0,1,29,27,2,0,2
S01010756,303,286,17,1,16,285,271,14,1,13,198,189,9,1,8,75,72,3,0,3,12,10,2,0,2,18,15,3,0,3
S01010757,459,365,94,82,12,444,352,92,80,12,327,240,87,80,7,108,104,4,0,4,9,8,1,0,1,15,13,2,2,0
S01010758,362,305,57,29,28,355,299,56,29,27,200,168,32,14,18,106,93,13,7,6,49,38,11,8,3,7,6,1,0,1
S01010759,313,279,34,19,15,262,237,25,16,9,62,53,9,7,2,159,149,10,4,6,41,35,6,5,1,51,42,9,3,6
S01010760,371,306,65,36,29,338,285,53,29,24,184,155,29,21,8,122,112,10,2,8,32,18,14,6,8,33,21,12,7,5
S01010761,253,222,31,15,16,247,216,31,15,16,205,179,26,14,12,35,31,4,1,3,7,6,1,0,1,6,6,0,0,0
S01010762,273,263,10,7,3,270,261,9,6,3,189,182,7,5,2,61,59,2,1,1,20,20,0,0,0,3,2,1,1,0
S01010763,346,316,30,15,15,336,308,28,14,14,162,141,21,13,8,143,138,5,1,4,31,29,2,0,2,10,8,2,1,1
S01010764,366,289,77,60,17,360,283,77,60,17,297,222,75,59,16,61,59,2,1,1,2,2,0,0,0,6,6,0,0,0
S01010765,532,471,61,37,24,507,456,51,29,22,312,271,41,28,13,171,161,10,1,9,24,24,0,0,0,25,15,10,8,2
S01010766,405,359,46,21,25,385,343,42,20,22,136,119,17,10,7,192,169,23,8,15,57,55,2,2,0,20,16,4,1,3
S01010767,404,347,57,39,18,378,325,53,38,15,137,104,33,26,7,164,147,17,10,7,77,74,3,2,1,26,22,4,1,3
S01010768,299,284,15,10,5,293,278,15,10,5,53,47,6,6,0,190,183,7,2,5,50,48,2,2,0,6,6,0,0,0
S01010769,250,217,33,29,4,248,215,33,29,4,227,196,31,27,4,13,11,2,2,0,8,8,0,0,0,2,2,0,0,0
S01010770,410,385,25,10,15,387,366,21,7,14,127,118,9,3,6,189,184,5,1,4,71,64,7,3,4,23,19,4,3,1
S01010771,530,445,85,72,13,504,424,80,68,12,261,204,57,54,3,185,168,17,10,7,58,52,6,4,2,26,21,5,4,1
S01010772,441,376,65,49,16,437,372,65,49,16,273,228,45,39,6,135,123,12,5,7,29,21,8,5,3,4,4,0,0,0
S01010773,362,336,26,19,7,349,324,25,18,7,271,250,21,15,6,70,67,3,2,1,8,7,1,1,0,13,12,1,1,0
S01010774,356,325,31,19,12,345,314,31,19,12,157,140,17,9,8,118,110,8,6,2,70,64,6,4,2,11,11,0,0,0
S01010775,278,266,12,4,8,269,257,12,4,8,165,157,8,1,7,96,92,4,3,1,8,8,0,0,0,9,9,0,0,0
S01010776,283,266,17,2,15,243,228,15,2,13,18,18,0,0,0,53,51,2,1,1,172,159,13,1,12,40,38,2,0,2
S01010777,316,270,46,4,42,192,183,9,2,7,21,20,1,0,1,57,56,1,0,1,114,107,7,2,5,124,87,37,2,35
S01010778,260,239,21,12,9,185,172,13,5,8,23,23,0,0,0,75,72,3,0,3,87,77,10,5,5,75,67,8,7,1
S01010779,378,355,23,2,21,224,214,10,1,9,58,57,1,0,1,111,104,7,1,6,55,53,2,0,2,154,141,13,1,12
S01010780,278,261,17,0,17,241,231,10,0,10,65,62,3,0,3,109,104,5,0,5,67,65,2,0,2,37,30,7,0,7
S01010781,402,350,52,3,49,343,298,45,2,43,93,87,6,0,6,72,69,3,1,2,178,142,36,1,35,59,52,7,1,6
S01010782,334,293,41,16,25,234,215,19,6,13,79,75,4,0,4,88,83,5,2,3,67,57,10,4,6,100,78,22,10,12
S01010783,280,275,5,0,5,192,189,3,0,3,23,22,1,0,1,79,79,0,0,0,90,88,2,0,2,88,86,2,0,2
S01010784,359,345,14,12,2,354,340,14,12,2,33,33,0,0,0,144,143,1,0,1,177,164,13,12,1,5,5,0,0,0
S01010785,310,301,9,2,7,272,263,9,2,7,202,195,7,1,6,36,35,1,0,1,34,33,1,1,0,38,38,0,0,0
S01010786,268,255,13,1,12,265,252,13,1,12,140,135,5,0,5,113,105,8,1,7,12,12,0,0,0,3,3,0,0,0
S01010787,399,384,15,9,6,388,373,15,9,6,232,219,13,8,5,139,137,2,1,1,17,17,0,0,0,11,11,0,0,0
S01010788,287,274,13,10,3,272,260,12,9,3,174,170,4,3,1,83,76,7,5,2,15,14,1,1,0,15,14,1,1,0
S01010789,312,292,20,13,7,303,283,20,13,7,181,169,12,8,4,93,88,5,3,2,29,26,3,2,1,9,9,0,0,0
S01010790,327,282,45,43,2,317,274,43,41,2,270,235,35,33,2,44,36,8,8,0,3,3,0,0,0,10,8,2,2,0
S01010791,424,369,55,34,21,418,364,54,33,21,333,280,53,32,21,76,76,0,0,0,9,8,1,1,0,6,5,1,1,0
S01010792,301,287,14,10,4,295,281,14,10,4,65,59,6,6,0,160,156,4,4,0,70,66,4,0,4,6,6,0,0,0
S01010793,293,275,18,8,10,290,274,16,7,9,183,174,9,3,6,90,84,6,4,2,17,16,1,0,1,3,1,2,1,1
S01010794,237,234,3,0,3,219,217,2,0,2,145,144,1,0,1,48,47,1,0,1,26,26,0,0,0,18,17,1,0,1
S01010795,483,445,38,21,17,464,432,32,17,15,247,234,13,8,5,175,160,15,7,8,42,38,4,2,2,19,13,6,4,2
S01010796,377,341,36,22,14,371,336,35,21,14,315,290,25,13,12,51,41,10,8,2,5,5,0,0,0,6,5,1,1,0
S01010797,342,329,13,5,8,339,326,13,5,8,217,207,10,5,5,110,107,3,0,3,12,12,0,0,0,3,3,0,0,0
S01010798,328,293,35,18,17,324,289,35,18,17,211,190,21,11,10,83,76,7,3,4,30,23,7,4,3,4,4,0,0,0
S01010799,550,530,20,5,15,367,358,9,1,8,48,48,0,0,0,135,135,0,0,0,184,175,9,1,8,183,172,11,4,7
S01010800,360,360,0,0,0,324,324,0,0,0,15,15,0,0,0,170,170,0,0,0,139,139,0,0,0,36,36,0,0,0
S01010801,365,354,11,1,10,355,345,10,1,9,21,21,0,0,0,126,124,2,0,2,208,200,8,1,7,10,9,1,0,1
S01010802,269,263,6,2,4,213,207,6,2,4,30,29,1,1,0,130,128,2,1,1,53,50,3,0,3,56,56,0,0,0
S01010803,285,280,5,1,4,212,210,2,1,1,31,31,0,0,0,138,136,2,1,1,43,43,0,0,0,73,70,3,0,3
S01010804,288,283,5,0,5,253,249,4,0,4,85,84,1,0,1,118,118,0,0,0,50,47,3,0,3,35,34,1,0,1
S01010805,394,377,17,2,15,340,330,10,2,8,108,105,3,0,3,153,148,5,1,4,79,77,2,1,1,54,47,7,0,7
S01010806,473,458,15,0,15,430,417,13,0,13,93,91,2,0,2,164,162,2,0,2,173,164,9,0,9,43,41,2,0,2
S01010807,246,244,2,0,2,220,218,2,0,2,15,15,0,0,0,182,180,2,0,2,23,23,0,0,0,26,26,0,0,0
S01010808,231,230,1,0,1,210,209,1,0,1,13,13,0,0,0,153,153,0,0,0,44,43,1,0,1,21,21,0,0,0
S01010809,332,328,4,4,0,325,321,4,4,0,168,165,3,3,0,141,140,1,1,0,16,16,0,0,0,7,7,0,0,0
S01010810,294,249,45,31,14,290,245,45,31,14,211,179,32,23,9,55,44,11,6,5,24,22,2,2,0,4,4,0,0,0
S01010811,536,414,122,83,39,529,409,120,82,38,407,300,107,74,33,93,80,13,8,5,29,29,0,0,0,7,5,2,1,1
S01010812,327,238,89,75,14,318,233,85,72,13,246,169,77,64,13,59,53,6,6,0,13,11,2,2,0,9,5,4,3,1
S01010813,298,249,49,34,15,252,208,44,32,12,122,88,34,30,4,107,97,10,2,8,23,23,0,0,0,46,41,5,2,3
S01010814,469,307,162,156,6,443,297,146,141,5,366,232,134,130,4,71,60,11,10,1,6,5,1,1,0,26,10,16,15,1
S01010815,292,208,84,77,7,288,207,81,74,7,203,128,75,69,6,79,73,6,5,1,6,6,0,0,0,4,1,3,3,0
S01010816,315,293,22,1,21,146,143,3,0,3,97,95,2,0,2,37,37,0,0,0,12,11,1,0,1,169,150,19,1,18
S01010817,392,376,16,0,16,319,305,14,0,14,218,206,12,0,12,59,59,0,0,0,42,40,2,0,2,73,71,2,0,2
S01010818,530,507,23,6,17,302,297,5,0,5,165,160,5,0,5,77,77,0,0,0,60,60,0,0,0,228,210,18,6,12
S01010819,385,374,11,1,10,299,291,8,1,7,90,87,3,1,2,110,107,3,0,3,99,97,2,0,2,86,83,3,0,3
S01010820,228,217,11,1,10,205,194,11,1,10,124,120,4,1,3,45,45,0,0,0,36,29,7,0,7,23,23,0,0,0
S01010821,254,245,9,0,9,234,225,9,0,9,210,203,7,0,7,18,16,2,0,2,6,6,0,0,0,20,20,0,0,0
S01010822,297,280,17,5,12,202,193,9,2,7,138,130,8,2,6,47,46,1,0,1,17,17,0,0,0,95,87,8,3,5
S01010823,147,147,0,0,0,135,135,0,0,0,21,21,0,0,0,53,53,0,0,0,61,61,0,0,0,12,12,0,0,0
S01010824,250,250,0,0,0,242,242,0,0,0,183,183,0,0,0,52,52,0,0,0,7,7,0,0,0,8,8,0,0,0
S01010825,147,125,22,0,22,133,111,22,0,22,113,100,13,0,13,8,8,0,0,0,12,3,9,0,9,14,14,0,0,0
S01010826,327,315,12,3,9,216,212,4,1,3,134,132,2,1,1,76,76,0,0,0,6,4,2,0,2,111,103,8,2,6
S01010827,222,221,1,0,1,204,203,1,0,1,92,91,1,0,1,109,109,0,0,0,3,3,0,0,0,18,18,0,0,0
S01010828,446,441,5,2,3,398,397,1,0,1,279,278,1,0,1,110,110,0,0,0,9,9,0,0,0,48,44,4,2,2
S01010829,510,464,46,7,39,251,238,13,1,12,122,116,6,0,6,42,41,1,0,1,87,81,6,1,5,259,226,33,6,27
S01010830,233,231,2,1,1,208,207,1,1,0,63,63,0,0,0,63,63,0,0,0,82,81,1,1,0,25,24,1,0,1
S01010831,197,197,0,0,0,193,193,0,0,0,138,138,0,0,0,47,47,0,0,0,8,8,0,0,0,4,4,0,0,0
S01010832,287,284,3,0,3,274,271,3,0,3,39,39,0,0,0,153,151,2,0,2,82,81,1,0,1,13,13,0,0,0
S01010833,356,348,8,1,7,289,285,4,1,3,238,235,3,1,2,49,48,1,0,1,2,2,0,0,0,67,63,4,0,4
S01010834,433,422,11,3,8,258,255,3,0,3,161,159,2,0,2,69,68,1,0,1,28,28,0,0,0,175,167,8,3,5
S01010835,278,270,8,0,8,257,249,8,0,8,147,141,6,0,6,101,99,2,0,2,9,9,0,0,0,21,21,0,0,0
S01010836,399,384,15,2,13,146,146,0,0,0,65,65,0,0,0,62,62,0,0,0,19,19,0,0,0,253,238,15,2,13
S01010837,295,289,6,0,6,203,198,5,0,5,26,25,1,0,1,142,139,3,0,3,35,34,1,0,1,92,91,1,0,1
S01010838,336,330,6,0,6,208,206,2,0,2,27,26,1,0,1,128,127,1,0,1,53,53,0,0,0,128,124,4,0,4
S01010839,344,339,5,1,4,211,209,2,0,2,36,36,0,0,0,89,89,0,0,0,86,84,2,0,2,133,130,3,1,2
S01010840,320,300,20,1,19,30,30,0,0,0,7,7,0,0,0,18,18,0,0,0,5,5,0,0,0,290,270,20,1,19
S01010841,408,390,18,0,18,70,70,0,0,0,11,11,0,0,0,42,42,0,0,0,17,17,0,0,0,338,320,18,0,18
S01010842,643,613,30,0,30,72,71,1,0,1,9,9,0,0,0,26,26,0,0,0,37,36,1,0,1,571,542,29,0,29
S01010843,426,407,19,0,19,29,29,0,0,0,8,8,0,0,0,16,16,0,0,0,5,5,0,0,0,397,378,19,0,19
S01010844,292,289,3,0,3,232,229,3,0,3,73,73,0,0,0,101,98,3,0,3,58,58,0,0,0,60,60,0,0,0
S01010845,265,259,6,0,6,201,195,6,0,6,41,41,0,0,0,95,91,4,0,4,65,63,2,0,2,64,64,0,0,0
S01010846,305,296,9,0,9,86,83,3,0,3,14,14,0,0,0,62,61,1,0,1,10,8,2,0,2,219,213,6,0,6
S01010847,260,259,1,0,1,229,228,1,0,1,64,64,0,0,0,115,115,0,0,0,50,49,1,0,1,31,31,0,0,0
S01010848,315,260,55,0,55,145,144,1,0,1,11,11,0,0,0,80,80,0,0,0,54,53,1,0,1,170,116,54,0,54
S01010849,377,364,13,0,13,296,292,4,0,4,21,21,0,0,0,169,169,0,0,0,106,102,4,0,4,81,72,9,0,9
S01010850,391,373,18,0,18,285,285,0,0,0,27,27,0,0,0,94,94,0,0,0,164,164,0,0,0,106,88,18,0,18
S01010851,358,347,11,0,11,306,302,4,0,4,11,11,0,0,0,143,141,2,0,2,152,150,2,0,2,52,45,7,0,7
S01010852,308,306,2,0,2,286,284,2,0,2,12,12,0,0,0,90,89,1,0,1,184,183,1,0,1,22,22,0,0,0
S01010853,364,358,6,0,6,345,339,6,0,6,31,30,1,0,1,134,133,1,0,1,180,176,4,0,4,19,19,0,0,0
S01010854,387,384,3,0,3,333,330,3,0,3,17,17,0,0,0,177,174,3,0,3,139,139,0,0,0,54,54,0,0,0
S01010855,226,223,3,0,3,207,205,2,0,2,10,10,0,0,0,103,102,1,0,1,94,93,1,0,1,19,18,1,0,1
S01010856,483,455,28,0,28,325,314,11,0,11,15,15,0,0,0,125,119,6,0,6,185,180,5,0,5,158,141,17,0,17
S01010857,328,324,4,0,4,240,239,1,0,1,56,56,0,0,0,151,150,1,0,1,33,33,0,0,0,88,85,3,0,3
S01010858,337,330,7,0,7,226,223,3,0,3,15,15,0,0,0,164,161,3,0,3,47,47,0,0,0,111,107,4,0,4
S01010859,332,304,28,0,28,220,220,0,0,0,9,9,0,0,0,110,110,0,0,0,101,101,0,0,0,112,84,28,0,28
S01010860,280,279,1,0,1,210,209,1,0,1,17,17,0,0,0,138,138,0,0,0,55,54,1,0,1,70,70,0,0,0
S01010861,342,332,10,0,10,74,68,6,0,6,8,8,0,0,0,47,41,6,0,6,19,19,0,0,0,268,264,4,0,4
S01010862,267,266,1,0,1,163,163,0,0,0,14,14,0,0,0,98,98,0,0,0,51,51,0,0,0,104,103,1,0,1
S01010863,330,317,13,1,12,252,241,11,0,11,84,74,10,0,10,90,90,0,0,0,78,77,1,0,1,78,76,2,1,1
S01010864,260,250,10,1,9,168,166,2,0,2,105,104,1,0,1,62,61,1,0,1,1,1,0,0,0,92,84,8,1,7
S01010865,364,345,19,2,17,171,166,5,0,5,58,55,3,0,3,100,98,2,0,2,13,13,0,0,0,193,179,14,2,12
S01010866,319,312,7,0,7,204,199,5,0,5,54,53,1,0,1,112,110,2,0,2,38,36,2,0,2,115,113,2,0,2
S01010867,292,285,7,0,7,127,125,2,0,2,47,46,1,0,1,59,59,0,0,0,21,20,1,0,1,165,160,5,0,5
S01010868,315,306,9,1,8,108,108,0,0,0,31,31,0,0,0,50,50,0,0,0,27,27,0,0,0,207,198,9,1,8
S01010869,296,290,6,0,6,196,190,6,0,6,68,64,4,0,4,108,106,2,0,2,20,20,0,0,0,100,100,0,0,0
S01010870,415,407,8,0,8,49,48,1,0,1,19,19,0,0,0,18,17,1,0,1,12,12,0,0,0,366,359,7,0,7
S01010871,429,408,21,1,20,55,53,2,0,2,20,20,0,0,0,32,30,2,0,2,3,3,0,0,0,374,355,19,1,18
S01010872,418,403,15,0,15,21,21,0,0,0,5,5,0,0,0,10,10,0,0,0,6,6,0,0,0,397,382,15,0,15
S01010873,425,400,25,1,24,10,10,0,0,0,1,1,0,0,0,5,5,0,0,0,4,4,0,0,0,415,390,25,1,24
S01010874,321,307,14,0,14,71,69,2,0,2,12,11,1,0,1,39,38,1,0,1,20,20,0,0,0,250,238,12,0,12
S01010875,267,257,10,0,10,31,31,0,0,0,7,7,0,0,0,10,10,0,0,0,14,14,0,0,0,236,226,10,0,10
S01010876,416,393,23,2,21,21,21,0,0,0,6,6,0,0,0,12,12,0,0,0,3,3,0,0,0,395,372,23,2,21
S01010877,472,467,5,1,4,118,117,1,1,0,16,16,0,0,0,83,82,1,1,0,19,19,0,0,0,354,350,4,0,4
S01010878,530,512,18,0,18,206,194,12,0,12,15,15,0,0,0,151,140,11,0,11,40,39,1,0,1,324,318,6,0,6
S01010879,396,387,9,1,8,242,234,8,0,8,45,45,0,0,0,111,105,6,0,6,86,84,2,0,2,154,153,1,1,0
S01010880,270,268,2,0,2,149,148,1,0,1,3,3,0,0,0,85,84,1,0,1,61,61,0,0,0,121,120,1,0,1
S01010881,288,285,3,0,3,160,160,0,0,0,7,7,0,0,0,126,126,0,0,0,27,27,0,0,0,128,125,3,0,3
S01010882,212,203,9,0,9,164,164,0,0,0,9,9,0,0,0,28,28,0,0,0,127,127,0,0,0,48,39,9,0,9
S01010883,346,336,10,0,10,171,171,0,0,0,158,158,0,0,0,6,6,0,0,0,7,7,0,0,0,175,165,10,0,10
S01010884,462,408,54,1,53,80,80,0,0,0,8,8,0,0,0,29,29,0,0,0,43,43,0,0,0,382,328,54,1,53
S01010885,574,541,33,1,32,24,24,0,0,0,11,11,0,0,0,3,3,0,0,0,10,10,0,0,0,550,517,33,1,32
S01010886,329,250,79,0,79,9,9,0,0,0,2,2,0,0,0,5,5,0,0,0,2,2,0,0,0,320,241,79,0,79
S01010887,476,458,18,0,18,69,66,3,0,3,5,5,0,0,0,23,23,0,0,0,41,38,3,0,3,407,392,15,0,15
S01010888,458,437,21,0,21,78,76,2,0,2,5,5,0,0,0,34,34,0,0,0,39,37,2,0,2,380,361,19,0,19
S01010889,355,344,11,0,11,8,8,0,0,0,0,0,0,0,0,3,3,0,0,0,5,5,0,0,0,347,336,11,0,11
S01010890,544,507,37,0,37,6,6,0,0,0,1,1,0,0,0,1,1,0,0,0,4,4,0,0,0,538,501,37,0,37
S01010891,303,280,23,0,23,9,9,0,0,0,3,3,0,0,0,0,0,0,0,0,6,6,0,0,0,294,271,23,0,23
S01010892,558,531,27,1,26,26,26,0,0,0,7,7,0,0,0,9,9,0,0,0,10,10,0,0,0,532,505,27,1,26
S01010893,337,327,10,1,9,30,30,0,0,0,3,3,0,0,0,7,7,0,0,0,20,20,0,0,0,307,297,10,1,9
S01010894,349,312,37,9,28,46,36,10,0,10,8,8,0,0,0,14,14,0,0,0,24,14,10,0,10,303,276,27,9,18
S01010895,286,256,30,0,30,49,44,5,0,5,4,4,0,0,0,28,28,0,0,0,17,12,5,0,5,237,212,25,0,25
S01010896,376,339,37,3,34,121,117,4,0,4,9,8,1,0,1,73,71,2,0,2,39,38,1,0,1,255,222,33,3,30
S01010897,391,380,11,0,11,269,264,5,0,5,23,23,0,0,0,173,169,4,0,4,73,72,1,0,1,122,116,6,0,6
S01010898,255,253,2,0,2,199,198,1,0,1,13,13,0,0,0,149,149,0,0,0,37,36,1,0,1,56,55,1,0,1
S01010899,222,221,1,0,1,204,203,1,0,1,19,19,0,0,0,93,93,0,0,0,92,91,1,0,1,18,18,0,0,0
S01010900,307,298,9,0,9,115,114,1,0,1,12,12,0,0,0,50,49,1,0,1,53,53,0,0,0,192,184,8,0,8
S01010901,225,205,20,0,20,147,144,3,0,3,11,11,0,0,0,115,114,1,0,1,21,19,2,0,2,78,61,17,0,17
S01010902,459,453,6,0,6,388,383,5,0,5,26,26,0,0,0,276,273,3,0,3,86,84,2,0,2,71,70,1,0,1
S01010903,471,427,44,0,44,169,166,3,0,3,14,14,0,0,0,101,101,0,0,0,54,51,3,0,3,302,261,41,0,41
S01010904,280,271,9,0,9,112,112,0,0,0,5,5,0,0,0,57,57,0,0,0,50,50,0,0,0,168,159,9,0,9
S01010905,293,290,3,0,3,143,143,0,0,0,32,32,0,0,0,54,54,0,0,0,57,57,0,0,0,150,147,3,0,3
S01010906,391,383,8,0,8,289,286,3,0,3,23,23,0,0,0,177,175,2,0,2,89,88,1,0,1,102,97,5,0,5
S01010907,202,199,3,0,3,189,186,3,0,3,43,43,0,0,0,45,45,0,0,0,101,98,3,0,3,13,13,0,0,0
S01010908,288,274,14,0,14,98,96,2,0,2,12,12,0,0,0,64,62,2,0,2,22,22,0,0,0,190,178,12,0,12
S01010909,293,284,9,0,9,141,140,1,0,1,33,32,1,0,1,68,68,0,0,0,40,40,0,0,0,152,144,8,0,8
S01010910,290,273,17,0,17,12,12,0,0,0,3,3,0,0,0,3,3,0,0,0,6,6,0,0,0,278,261,17,0,17
S01010911,375,360,15,1,14,15,15,0,0,0,0,0,0,0,0,3,3,0,0,0,12,12,0,0,0,360,345,15,1,14
S01010912,497,392,105,0,105,94,94,0,0,0,9,9,0,0,0,37,37,0,0,0,48,48,0,0,0,403,298,105,0,105
S01010913,303,293,10,0,10,168,164,4,0,4,42,42,0,0,0,54,52,2,0,2,72,70,2,0,2,135,129,6,0,6
S01010914,259,255,4,0,4,234,231,3,0,3,11,11,0,0,0,37,34,3,0,3,186,186,0,0,0,25,24,1,0,1
S01010915,271,271,0,0,0,255,255,0,0,0,10,10,0,0,0,49,49,0,0,0,196,196,0,0,0,16,16,0,0,0
S01010916,464,333,131,1,130,92,92,0,0,0,4,4,0,0,0,28,28,0,0,0,60,60,0,0,0,372,241,131,1,130
S01010917,399,369,30,0,30,160,159,1,0,1,18,18,0,0,0,57,57,0,0,0,85,84,1,0,1,239,210,29,0,29
S01010918,340,334,6,0,6,214,210,4,0,4,17,16,1,0,1,92,90,2,0,2,105,104,1,0,1,126,124,2,0,2
S01010919,336,335,1,0,1,207,207,0,0,0,8,8,0,0,0,80,80,0,0,0,119,119,0,0,0,129,128,1,0,1
S01010920,296,254,42,2,40,117,76,41,2,39,22,22,0,0,0,22,22,0,0,0,73,32,41,2,39,179,178,1,0,1
S01010921,260,257,3,0,3,229,226,3,0,3,7,7,0,0,0,125,125,0,0,0,97,94,3,0,3,31,31,0,0,0
S01010922,346,346,0,0,0,263,263,0,0,0,12,12,0,0,0,140,140,0,0,0,111,111,0,0,0,83,83,0,0,0
S01010923,398,398,0,0,0,269,269,0,0,0,11,11,0,0,0,64,64,0,0,0,194,194,0,0,0,129,129,0,0,0
S01010924,260,260,0,0,0,211,211,0,0,0,11,11,0,0,0,38,38,0,0,0,162,162,0,0,0,49,49,0,0,0
S01010925,398,386,12,0,12,235,231,4,0,4,4,4,0,0,0,61,61,0,0,0,170,166,4,0,4,163,155,8,0,8
S01010926,354,352,2,0,2,258,257,1,0,1,8,8,0,0,0,87,87,0,0,0,163,162,1,0,1,96,95,1,0,1
S01010927,251,251,0,0,0,208,208,0,0,0,4,4,0,0,0,147,147,0,0,0,57,57,0,0,0,43,43,0,0,0
S01010928,314,311,3,0,3,263,260,3,0,3,14,14,0,0,0,118,118,0,0,0,131,128,3,0,3,51,51,0,0,0
S01010929,271,271,0,0,0,233,233,0,0,0,7,7,0,0,0,111,111,0,0,0,115,115,0,0,0,38,38,0,0,0
S01010930,371,357,14,5,9,330,317,13,5,8,201,192,9,4,5,77,74,3,0,3,52,51,1,1,0,41,40,1,0,1
S01010931,222,203,19,7,12,216,197,19,7,12,93,81,12,4,8,83,79,4,1,3,40,37,3,2,1,6,6,0,0,0
S01010932,287,277,10,2,8,261,251,10,2,8,35,34,1,0,1,53,53,0,0,0,173,164,9,2,7,26,26,0,0,0
S01010933,287,276,11,10,1,276,266,10,9,1,172,169,3,3,0,75,72,3,2,1,29,25,4,4,0,11,10,1,1,0
S01010934,431,424,7,1,6,307,305,2,1,1,172,171,1,1,0,73,72,1,0,1,62,62,0,0,0,124,119,5,0,5
S01010935,328,323,5,0,5,229,226,3,0,3,128,125,3,0,3,81,81,0,0,0,20,20,0,0,0,99,97,2,0,2
S01010936,419,404,15,2,13,127,125,2,1,1,51,50,1,0,1,52,52,0,0,0,24,23,1,1,0,292,279,13,1,12
S01010937,326,323,3,0,3,306,303,3,0,3,49,49,0,0,0,177,175,2,0,2,80,79,1,0,1,20,20,0,0,0
S01010938,377,369,8,5,3,269,262,7,5,2,10,10,0,0,0,59,59,0,0,0,200,193,7,5,2,108,107,1,0,1
S01010939,205,199,6,1,5,159,153,6,1,5,37,33,4,1,3,88,86,2,0,2,34,34,0,0,0,46,46,0,0,0
S01010940,271,268,3,0,3,270,267,3,0,3,95,95,0,0,0,171,168,3,0,3,4,4,0,0,0,1,1,0,0,0
S01010941,326,323,3,0,3,324,321,3,0,3,79,79,0,0,0,189,186,3,0,3,56,56,0,0,0,2,2,0,0,0
S01010942,270,268,2,0,2,265,263,2,0,2,97,97,0,0,0,166,164,2,0,2,2,2,0,0,0,5,5,0,0,0
S01010943,246,244,2,0,2,192,191,1,0,1,7,7,0,0,0,60,60,0,0,0,125,124,1,0,1,54,53,1,0,1
S01010944,300,295,5,2,3,156,154,2,0,2,11,11,0,0,0,21,21,0,0,0,124,122,2,0,2,144,141,3,2,1
S01010945,228,222,6,3,3,210,204,6,3,3,12,12,0,0,0,24,23,1,0,1,174,169,5,3,2,18,18,0,0,0
S01010946,353,344,9,3,6,339,331,8,3,5,9,9,0,0,0,197,194,3,0,3,133,128,5,3,2,14,13,1,0,1
S01010947,246,242,4,0,4,231,227,4,0,4,25,25,0,0,0,30,29,1,0,1,176,173,3,0,3,15,15,0,0,0
S01010948,290,288,2,0,2,264,262,2,0,2,5,5,0,0,0,25,25,0,0,0,234,232,2,0,2,26,26,0,0,0
S01010949,344,344,0,0,0,341,341,0,0,0,114,114,0,0,0,216,216,0,0,0,11,11,0,0,0,3,3,0,0,0
S01010950,384,380,4,3,1,327,324,3,2,1,61,61,0,0,0,170,170,0,0,0,96,93,3,2,1,57,56,1,1,0
S01010951,259,258,1,0,1,254,253,1,0,1,4,4,0,0,0,69,68,1,0,1,181,181,0,0,0,5,5,0,0,0
S01010952,204,199,5,3,2,195,191,4,3,1,39,39,0,0,0,72,72,0,0,0,84,80,4,3,1,9,8,1,0,1
S01010953,229,225,4,1,3,194,190,4,1,3,33,33,0,0,0,97,94,3,1,2,64,63,1,0,1,35,35,0,0,0
S01010954,210,206,4,1,3,200,198,2,1,1,27,27,0,0,0,126,126,0,0,0,47,45,2,1,1,10,8,2,0,2
S01010955,375,345,30,0,30,350,320,30,0,30,135,133,2,0,2,159,137,22,0,22,56,50,6,0,6,25,25,0,0,0
S01010956,324,304,20,10,10,253,236,17,9,8,141,134,7,3,4,82,77,5,3,2,30,25,5,3,2,71,68,3,1,2
S01010957,235,231,4,4,0,232,228,4,4,0,74,74,0,0,0,135,131,4,4,0,23,23,0,0,0,3,3,0,0,0
S01010958,231,224,7,4,3,206,202,4,2,2,76,75,1,0,1,84,83,1,0,1,46,44,2,2,0,25,22,3,2,1
S01010959,320,290,30,21,9,153,130,23,16,7,42,39,3,0,3,54,54,0,0,0,57,37,20,16,4,167,160,7,5,2
S01010960,462,441,21,6,15,367,349,18,6,12,100,92,8,1,7,156,154,2,0,2,111,103,8,5,3,95,92,3,0,3
S01010961,247,246,1,0,1,230,230,0,0,0,24,24,0,0,0,94,94,0,0,0,112,112,0,0,0,17,16,1,0,1
S01010962,352,314,38,26,12,64,59,5,3,2,34,31,3,2,1,26,25,1,1,0,4,3,1,0,1,288,255,33,23,10
S01010963,403,395,8,5,3,307,301,6,4,2,111,108,3,2,1,86,86,0,0,0,110,107,3,2,1,96,94,2,1,1
S01010964,224,216,8,5,3,218,210,8,5,3,20,20,0,0,0,152,147,5,3,2,46,43,3,2,1,6,6,0,0,0
S01010965,235,230,5,2,3,63,61,2,2,0,13,13,0,0,0,29,29,0,0,0,21,19,2,2,0,172,169,3,0,3
S01010966,315,309,6,2,4,161,159,2,1,1,8,8,0,0,0,111,111,0,0,0,42,40,2,1,1,154,150,4,1,3
S01010967,322,309,13,7,6,168,164,4,1,3,7,7,0,0,0,81,79,2,1,1,80,78,2,0,2,154,145,9,6,3
S01010968,332,316,16,8,8,259,245,14,7,7,40,37,3,1,2,153,149,4,3,1,66,59,7,3,4,73,71,2,1,1
S01010969,281,264,17,5,12,215,208,7,1,6,66,61,5,1,4,121,121,0,0,0,28,26,2,0,2,66,56,10,4,6
S01010970,447,428,19,5,14,322,309,13,1,12,86,83,3,0,3,98,97,1,0,1,138,129,9,1,8,125,119,6,4,2
S01010971,404,401,3,0,3,378,375,3,0,3,113,111,2,0,2,173,172,1,0,1,92,92,0,0,0,26,26,0,0,0
S01010972,338,333,5,0,5,282,277,5,0,5,9,9,0,0,0,71,71,0,0,0,202,197,5,0,5,56,56,0,0,0
S01010973,209,205,4,0,4,207,203,4,0,4,2,2,0,0,0,36,36,0,0,0,169,165,4,0,4,2,2,0,0,0
S01010974,305,298,7,0,7,293,286,7,0,7,6,6,0,0,0,99,98,1,0,1,188,182,6,0,6,12,12,0,0,0
S01010975,198,195,3,0,3,149,148,1,0,1,6,6,0,0,0,54,53,1,0,1,89,89,0,0,0,49,47,2,0,2
S01010976,215,211,4,0,4,204,200,4,0,4,12,12,0,0,0,141,137,4,0,4,51,51,0,0,0,11,11,0,0,0
S01010977,314,312,2,0,2,283,281,2,0,2,62,62,0,0,0,88,88,0,0,0,133,131,2,0,2,31,31,0,0,0
S01010978,363,354,9,0,9,204,199,5,0,5,26,25,1,0,1,77,76,1,0,1,101,98,3,0,3,159,155,4,0,4
S01010979,330,324,6,0,6,263,259,4,0,4,8,8,0,0,0,113,110,3,0,3,142,141,1,0,1,67,65,2,0,2
S01010980,356,348,8,1,7,261,255,6,0,6,30,30,0,0,0,110,108,2,0,2,121,117,4,0,4,95,93,2,1,1
S01010981,339,330,9,0,9,193,188,5,0,5,36,33,3,0,3,114,114,0,0,0,43,41,2,0,2,146,142,4,0,4
S01010982,474,447,27,8,19,368,352,16,3,13,248,236,12,3,9,79,78,1,0,1,41,38,3,0,3,106,95,11,5,6
S01010983,392,388,4,0,4,278,274,4,0,4,46,46,0,0,0,180,176,4,0,4,52,52,0,0,0,114,114,0,0,0
S01010984,308,300,8,2,6,273,265,8,2,6,152,148,4,2,2,101,97,4,0,4,20,20,0,0,0,35,35,0,0,0
S01010985,246,244,2,0,2,147,146,1,0,1,10,10,0,0,0,110,109,1,0,1,27,27,0,0,0,99,98,1,0,1
S01010986,182,179,3,0,3,179,176,3,0,3,88,87,1,0,1,18,18,0,0,0,73,71,2,0,2,3,3,0,0,0
S01010987,221,219,2,0,2,217,215,2,0,2,193,191,2,0,2,8,8,0,0,0,16,16,0,0,0,4,4,0,0,0
S01010988,205,205,0,0,0,203,203,0,0,0,135,135,0,0,0,45,45,0,0,0,23,23,0,0,0,2,2,0,0,0
S01010989,365,357,8,2,6,272,267,5,2,3,93,91,2,2,0,37,37,0,0,0,142,139,3,0,3,93,90,3,0,3
S01010990,325,319,6,5,1,305,299,6,5,1,12,12,0,0,0,78,78,0,0,0,215,209,6,5,1,20,20,0,0,0
S01010991,199,198,1,0,1,191,190,1,0,1,41,41,0,0,0,89,89,0,0,0,61,60,1,0,1,8,8,0,0,0
S01010992,188,184,4,4,0,181,177,4,4,0,155,151,4,4,0,10,10,0,0,0,16,16,0,0,0,7,7,0,0,0
S01010993,255,252,3,0,3,238,235,3,0,3,140,138,2,0,2,89,88,1,0,1,9,9,0,0,0,17,17,0,0,0
S01010994,396,390,6,1,5,331,325,6,1,5,170,168,2,1,1,114,112,2,0,2,47,45,2,0,2,65,65,0,0,0
S01010995,292,290,2,0,2,288,286,2,0,2,77,77,0,0,0,168,167,1,0,1,43,42,1,0,1,4,4,0,0,0
S01010996,239,235,4,0,4,188,184,4,0,4,81,80,1,0,1,76,75,1,0,1,31,29,2,0,2,51,51,0,0,0
S01010997,295,290,5,0,5,282,277,5,0,5,190,187,3,0,3,90,88,2,0,2,2,2,0,0,0,13,13,0,0,0
S01010998,227,216,11,4,7,195,187,8,3,5,120,113,7,3,4,59,58,1,0,1,16,16,0,0,0,32,29,3,1,2
S01010999,421,412,9,3,6,262,255,7,2,5,157,155,2,1,1,38,38,0,0,0,67,62,5,1,4,159,157,2,1,1
S01011000,372,345,27,18,9,255,232,23,15,8,129,116,13,7,6,66,61,5,4,1,60,55,5,4,1,117,113,4,3,1
S01011001,277,273,4,2,2,251,247,4,2,2,9,9,0,0,0,61,59,2,1,1,181,179,2,1,1,26,26,0,0,0
S01011002,318,314,4,0,4,238,236,2,0,2,10,10,0,0,0,122,122,0,0,0,106,104,2,0,2,80,78,2,0,2
S01011003,291,280,11,7,4,208,202,6,2,4,6,6,0,0,0,84,82,2,0,2,118,114,4,2,2,83,78,5,5,0
S01011004,258,249,9,6,3,253,244,9,6,3,88,86,2,2,0,66,63,3,2,1,99,95,4,2,2,5,5,0,0,0
S01011005,349,337,12,1,11,131,128,3,0,3,12,12,0,0,0,47,45,2,0,2,72,71,1,0,1,218,209,9,1,8
S01011006,451,422,29,10,19,331,325,6,1,5,75,73,2,1,1,114,112,2,0,2,142,140,2,0,2,120,97,23,9,14
S01011007,284,280,4,0,4,279,275,4,0,4,7,7,0,0,0,104,103,1,0,1,168,165,3,0,3,5,5,0,0,0
S01011008,347,332,15,8,7,259,247,12,8,4,8,8,0,0,0,96,96,0,0,0,155,143,12,8,4,88,85,3,0,3
S01011009,227,222,5,2,3,186,182,4,2,2,11,11,0,0,0,49,48,1,0,1,126,123,3,2,1,41,40,1,0,1
S01011010,361,335,26,5,21,57,55,2,1,1,10,8,2,1,1,21,21,0,0,0,26,26,0,0,0,304,280,24,4,20
S01011011,451,435,16,3,13,81,78,3,0,3,12,12,0,0,0,51,49,2,0,2,18,17,1,0,1,370,357,13,3,10
S01011012,321,313,8,5,3,83,83,0,0,0,8,8,0,0,0,21,21,0,0,0,54,54,0,0,0,238,230,8,5,3
S01011013,382,375,7,0,7,361,354,7,0,7,18,18,0,0,0,103,103,0,0,0,240,233,7,0,7,21,21,0,0,0
S01011014,369,364,5,2,3,258,254,4,2,2,49,49,0,0,0,99,98,1,1,0,110,107,3,1,2,111,110,1,0,1
S01011015,208,200,8,0,8,161,155,6,0,6,22,22,0,0,0,49,49,0,0,0,90,84,6,0,6,47,45,2,0,2
S01011016,326,311,15,5,10,267,252,15,5,10,163,156,7,3,4,50,44,6,2,4,54,52,2,0,2,59,59,0,0,0
S01011017,360,352,8,3,5,347,340,7,2,5,203,199,4,1,3,98,96,2,1,1,46,45,1,0,1,13,12,1,1,0
S01011018,376,366,10,10,0,334,325,9,9,0,48,46,2,2,0,155,151,4,4,0,131,128,3,3,0,42,41,1,1,0
S01011019,435,408,27,10,17,389,363,26,10,16,205,187,18,5,13,101,95,6,4,2,83,81,2,1,1,46,45,1,0,1
S01011020,205,202,3,0,3,192,190,2,0,2,92,91,1,0,1,73,72,1,0,1,27,27,0,0,0,13,12,1,0,1
S01011021,361,351,10,5,5,351,341,10,5,5,49,47,2,2,0,212,210,2,0,2,90,84,6,3,3,10,10,0,0,0
S01011022,245,233,12,5,7,209,198,11,5,6,7,7,0,0,0,58,58,0,0,0,144,133,11,5,6,36,35,1,0,1
S01011023,366,350,16,12,4,289,281,8,6,2,59,59,0,0,0,151,149,2,0,2,79,73,6,6,0,77,69,8,6,2
S01011024,306,302,4,2,2,250,246,4,2,2,11,11,0,0,0,91,91,0,0,0,148,144,4,2,2,56,56,0,0,0
S01011025,293,276,17,15,2,274,258,16,14,2,11,11,0,0,0,40,40,0,0,0,223,207,16,14,2,19,18,1,1,0
S01011026,245,235,10,5,5,242,232,10,5,5,5,5,0,0,0,44,43,1,0,1,193,184,9,5,4,3,3,0,0,0
S01011027,430,418,12,0,12,264,253,11,0,11,12,12,0,0,0,81,78,3,0,3,171,163,8,0,8,166,165,1,0,1
S01011028,445,425,20,14,6,336,320,16,10,6,17,17,0,0,0,104,103,1,0,1,215,200,15,10,5,109,105,4,4,0
S01011029,280,264,16,8,8,206,196,10,7,3,5,5,0,0,0,32,31,1,1,0,169,160,9,6,3,74,68,6,1,5
S01011030,378,369,9,5,4,323,319,4,1,3,66,66,0,0,0,115,112,3,1,2,142,141,1,0,1,55,50,5,4,1
S01011031,327,320,7,3,4,221,214,7,3,4,64,63,1,0,1,67,61,6,3,3,90,90,0,0,0,106,106,0,0,0
S01011032,363,353,10,7,3,142,133,9,7,2,14,14,0,0,0,85,78,7,5,2,43,41,2,2,0,221,220,1,0,1
S01011033,280,275,5,0,5,276,271,5,0,5,7,7,0,0,0,163,159,4,0,4,106,105,1,0,1,4,4,0,0,0
S01011034,332,331,1,0,1,286,285,1,0,1,14,13,1,0,1,82,82,0,0,0,190,190,0,0,0,46,46,0,0,0
S01011035,256,252,4,4,0,253,249,4,4,0,18,18,0,0,0,56,55,1,1,0,179,176,3,3,0,3,3,0,0,0
S01011036,292,285,7,2,5,225,220,5,1,4,115,113,2,0,2,46,46,0,0,0,64,61,3,1,2,67,65,2,1,1
S01011037,442,409,33,17,16,207,194,13,7,6,33,30,3,1,2,74,70,4,3,1,100,94,6,3,3,235,215,20,10,10
S01011038,341,337,4,0,4,224,222,2,0,2,20,20,0,0,0,138,138,0,0,0,66,64,2,0,2,117,115,2,0,2
S01011039,402,392,10,1,9,242,236,6,1,5,51,49,2,0,2,123,122,1,0,1,68,65,3,1,2,160,156,4,0,4
S01011040,294,285,9,3,6,215,209,6,2,4,11,11,0,0,0,145,142,3,1,2,59,56,3,1,2,79,76,3,1,2
S01011041,305,292,13,8,5,222,214,8,4,4,25,25,0,0,0,126,124,2,0,2,71,65,6,4,2,83,78,5,4,1
S01011042,352,333,19,14,5,283,269,14,10,4,133,132,1,1,0,89,82,7,6,1,61,55,6,3,3,69,64,5,4,1
S01011043,325,310,15,7,8,262,255,7,0,7,37,37,0,0,0,152,148,4,0,4,73,70,3,0,3,63,55,8,7,1
S01011044,326,307,19,12,7,126,111,15,12,3,55,55,0,0,0,39,26,13,12,1,32,30,2,0,2,200,196,4,0,4
S01011045,413,369,44,29,15,392,349,43,29,14,249,218,31,21,10,90,83,7,5,2,53,48,5,3,2,21,20,1,0,1
S01011046,405,362,43,27,16,393,353,40,24,16,302,266,36,22,14,81,77,4,2,2,10,10,0,0,0,12,9,3,3,0
S01011047,428,396,32,17,15,423,392,31,16,15,270,249,21,13,8,116,109,7,3,4,37,34,3,0,3,5,4,1,1,0
S01011048,466,440,26,6,20,404,381,23,5,18,129,124,5,2,3,158,151,7,2,5,117,106,11,1,10,62,59,3,1,2
S01011049,329,322,7,0,7,292,286,6,0,6,76,74,2,0,2,154,151,3,0,3,62,61,1,0,1,37,36,1,0,1
S01011050,347,323,24,10,14,343,321,22,10,12,216,201,15,7,8,83,81,2,0,2,44,39,5,3,2,4,2,2,0,2
S01011051,481,428,53,24,29,464,411,53,24,29,258,211,47,22,25,126,120,6,2,4,80,80,0,0,0,17,17,0,0,0
S01011052,394,366,28,16,12,343,320,23,14,9,144,133,11,7,4,147,142,5,2,3,52,45,7,5,2,51,46,5,2,3
S01011053,303,295,8,1,7,275,268,7,1,6,53,50,3,1,2,107,106,1,0,1,115,112,3,0,3,28,27,1,0,1
S01011054,265,244,21,9,12,255,234,21,9,12,116,103,13,7,6,106,102,4,1,3,33,29,4,1,3,10,10,0,0,0
S01011055,244,228,16,3,13,243,227,16,3,13,169,160,9,2,7,57,51,6,0,6,17,16,1,1,0,1,1,0,0,0
S01011056,286,271,15,8,7,275,262,13,8,5,226,216,10,6,4,43,41,2,2,0,6,5,1,0,1,11,9,2,0,2
S01011057,251,238,13,0,13,249,236,13,0,13,114,108,6,0,6,106,99,7,0,7,29,29,0,0,0,2,2,0,0,0
S01011058,267,251,16,3,13,263,248,15,3,12,231,218,13,3,10,23,23,0,0,0,9,7,2,0,2,4,3,1,0,1
S01011059,274,248,26,3,23,271,245,26,3,23,220,197,23,3,20,46,43,3,0,3,5,5,0,0,0,3,3,0,0,0
S01011060,432,402,30,2,28,361,343,18,1,17,170,163,7,1,6,119,113,6,0,6,72,67,5,0,5,71,59,12,1,11
S01011061,417,404,13,0,13,379,370,9,0,9,85,81,4,0,4,128,128,0,0,0,166,161,5,0,5,38,34,4,0,4
S01011062,440,423,17,0,17,357,346,11,0,11,144,138,6,0,6,126,125,1,0,1,87,83,4,0,4,83,77,6,0,6
S01011063,478,472,6,1,5,466,460,6,1,5,108,105,3,1,2,198,197,1,0,1,160,158,2,0,2,12,12,0,0,0
S01011064,496,480,16,1,15,454,443,11,1,10,135,133,2,1,1,194,188,6,0,6,125,122,3,0,3,42,37,5,0,5
S01011065,307,289,18,6,12,285,269,16,5,11,170,161,9,3,6,82,78,4,0,4,33,30,3,2,1,22,20,2,1,1
S01011066,247,231,16,4,12,233,219,14,4,10,118,116,2,2,0,80,76,4,0,4,35,27,8,2,6,14,12,2,0,2
S01011067,357,284,73,47,26,337,269,68,47,21,119,89,30,25,5,166,146,20,10,10,52,34,18,12,6,20,15,5,0,5
S01011068,252,238,14,5,9,247,233,14,5,9,94,87,7,2,5,130,127,3,2,1,23,19,4,1,3,5,5,0,0,0
S01011069,258,251,7,4,3,239,232,7,4,3,95,92,3,1,2,110,107,3,2,1,34,33,1,1,0,19,19,0,0,0
S01011070,283,274,9,5,4,274,265,9,5,4,95,93,2,2,0,146,140,6,3,3,33,32,1,0,1,9,9,0,0,0
S01011071,378,357,21,6,15,373,352,21,6,15,266,252,14,4,10,88,82,6,1,5,19,18,1,1,0,5,5,0,0,0
S01011072,429,407,22,5,17,415,393,22,5,17,289,271,18,4,14,104,100,4,1,3,22,22,0,0,0,14,14,0,0,0
S01011073,320,286,34,13,21,299,268,31,13,18,148,138,10,4,6,125,111,14,5,9,26,19,7,4,3,21,18,3,0,3
S01011074,298,280,18,3,15,278,261,17,3,14,71,65,6,1,5,141,133,8,1,7,66,63,3,1,2,20,19,1,0,1
S01011075,327,322,5,1,4,293,288,5,1,4,14,14,0,0,0,149,146,3,1,2,130,128,2,0,2,34,34,0,0,0
S01011076,358,348,10,1,9,257,250,7,1,6,59,58,1,0,1,150,146,4,0,4,48,46,2,1,1,101,98,3,0,3
S01011077,339,337,2,1,1,328,326,2,1,1,48,47,1,1,0,84,84,0,0,0,196,195,1,0,1,11,11,0,0,0
S01011078,476,466,10,2,8,405,397,8,2,6,297,290,7,2,5,88,87,1,0,1,20,20,0,0,0,71,69,2,0,2
S01011079,517,488,29,11,18,404,381,23,10,13,171,162,9,5,4,170,162,8,4,4,63,57,6,1,5,113,107,6,1,5
S01011080,493,461,32,10,22,423,394,29,10,19,126,119,7,1,6,245,230,15,5,10,52,45,7,4,3,70,67,3,0,3
S01011081,359,352,7,0,7,330,323,7,0,7,53,53,0,0,0,151,144,7,0,7,126,126,0,0,0,29,29,0,0,0
S01011082,270,269,1,0,1,241,240,1,0,1,20,20,0,0,0,159,158,1,0,1,62,62,0,0,0,29,29,0,0,0
S01011083,367,347,20,5,15,358,338,20,5,15,84,83,1,0,1,198,186,12,3,9,76,69,7,2,5,9,9,0,0,0
S01011084,346,330,16,4,12,341,325,16,4,12,252,239,13,4,9,66,65,1,0,1,23,21,2,0,2,5,5,0,0,0
S01011085,399,383,16,7,9,397,381,16,7,9,259,250,9,4,5,121,114,7,3,4,17,17,0,0,0,2,2,0,0,0
S01011086,285,273,12,1,11,285,273,12,1,11,210,202,8,1,7,58,54,4,0,4,17,17,0,0,0,0,0,0,0,0
S01011087,267,262,5,0,5,246,241,5,0,5,47,46,1,0,1,116,115,1,0,1,83,80,3,0,3,21,21,0,0,0
S01011088,475,453,22,2,20,420,401,19,1,18,221,214,7,0,7,132,126,6,1,5,67,61,6,0,6,55,52,3,1,2
S01011089,320,310,10,1,9,305,295,10,1,9,87,84,3,1,2,111,110,1,0,1,107,101,6,0,6,15,15,0,0,0
S01011090,334,304,30,9,21,330,300,30,9,21,275,249,26,8,18,46,43,3,1,2,9,8,1,0,1,4,4,0,0,0
S01011091,279,260,19,12,7,276,258,18,12,6,225,208,17,12,5,47,46,1,0,1,4,4,0,0,0,3,2,1,0,1
S01011092,186,181,5,0,5,148,144,4,0,4,42,39,3,0,3,97,97,0,0,0,9,8,1,0,1,38,37,1,0,1
S01011093,248,239,9,4,5,239,230,9,4,5,177,169,8,4,4,49,48,1,0,1,13,13,0,0,0,9,9,0,0,0
S01011094,216,196,20,3,17,214,194,20,3,17,171,157,14,2,12,36,32,4,1,3,7,5,2,0,2,2,2,0,0,0
S01011095,328,318,10,1,9,326,316,10,1,9,252,243,9,0,9,63,63,0,0,0,11,10,1,1,0,2,2,0,0,0
S01011096,235,223,12,3,9,210,201,9,2,7,129,125,4,2,2,66,63,3,0,3,15,13,2,0,2,25,22,3,1,2
S01011097,301,284,17,5,12,294,277,17,5,12,214,201,13,3,10,65,62,3,2,1,15,14,1,0,1,7,7,0,0,0
S01011098,357,346,11,0,11,300,294,6,0,6,128,127,1,0,1,139,136,3,0,3,33,31,2,0,2,57,52,5,0,5
S01011099,368,358,10,0,10,276,270,6,0,6,61,60,1,0,1,57,57,0,0,0,158,153,5,0,5,92,88,4,0,4
S01011100,213,210,3,0,3,205,202,3,0,3,68,67,1,0,1,99,98,1,0,1,38,37,1,0,1,8,8,0,0,0
S01011101,252,247,5,0,5,221,216,5,0,5,13,13,0,0,0,58,57,1,0,1,150,146,4,0,4,31,31,0,0,0
S01011102,353,330,23,0,23,116,110,6,0,6,15,15,0,0,0,32,32,0,0,0,69,63,6,0,6,237,220,17,0,17
S01011103,339,312,27,4,23,119,114,5,1,4,22,22,0,0,0,39,38,1,1,0,58,54,4,0,4,220,198,22,3,19
S01011104,305,294,11,2,9,195,191,4,0,4,74,71,3,0,3,72,71,1,0,1,49,49,0,0,0,110,103,7,2,5
S01011105,431,405,26,1,25,261,243,18,0,18,51,43,8,0,8,87,86,1,0,1,123,114,9,0,9,170,162,8,1,7
S01011106,373,352,21,0,21,301,288,13,0,13,34,33,1,0,1,132,123,9,0,9,135,132,3,0,3,72,64,8,0,8
S01011107,332,324,8,0,8,260,254,6,0,6,79,76,3,0,3,156,155,1,0,1,25,23,2,0,2,72,70,2,0,2
S01011108,221,216,5,0,5,208,203,5,0,5,30,29,1,0,1,129,128,1,0,1,49,46,3,0,3,13,13,0,0,0
S01011109,404,389,15,1,14,313,305,8,1,7,78,76,2,0,2,209,203,6,1,5,26,26,0,0,0,91,84,7,0,7
S01011110,322,314,8,0,8,233,230,3,0,3,21,21,0,0,0,116,114,2,0,2,96,95,1,0,1,89,84,5,0,5
S01011111,415,407,8,0,8,247,243,4,0,4,33,33,0,0,0,126,124,2,0,2,88,86,2,0,2,168,164,4,0,4
S01011112,340,328,12,2,10,291,281,10,1,9,176,168,8,1,7,105,103,2,0,2,10,10,0,0,0,49,47,2,1,1
S01011113,456,446,10,1,9,436,428,8,1,7,104,104,0,0,0,231,226,5,1,4,101,98,3,0,3,20,18,2,0,2
S01011114,301,296,5,1,4,299,294,5,1,4,126,125,1,1,0,151,148,3,0,3,22,21,1,0,1,2,2,0,0,0
S01011115,416,411,5,0,5,325,320,5,0,5,15,15,0,0,0,163,162,1,0,1,147,143,4,0,4,91,91,0,0,0
S01011116,272,269,3,0,3,257,254,3,0,3,47,47,0,0,0,110,108,2,0,2,100,99,1,0,1,15,15,0,0,0
S01011117,400,359,41,4,37,248,230,18,2,16,120,113,7,1,6,86,82,4,0,4,42,35,7,1,6,152,129,23,2,21
S01011118,415,399,16,1,15,313,305,8,1,7,152,147,5,1,4,136,133,3,0,3,25,25,0,0,0,102,94,8,0,8
S01011119,443,422,21,1,20,395,375,20,1,19,250,238,12,1,11,92,87,5,0,5,53,50,3,0,3,48,47,1,0,1
S01011120,300,293,7,0,7,297,290,7,0,7,276,269,7,0,7,17,17,0,0,0,4,4,0,0,0,3,3,0,0,0
S01011121,338,313,25,0,25,105,105,0,0,0,15,15,0,0,0,48,48,0,0,0,42,42,0,0,0,233,208,25,0,25
S01011122,315,302,13,0,13,238,229,9,0,9,66,66,0,0,0,72,69,3,0,3,100,94,6,0,6,77,73,4,0,4
S01011123,502,490,12,0,12,468,457,11,0,11,50,48,2,0,2,170,166,4,0,4,248,243,5,0,5,34,33,1,0,1
S01011124,283,277,6,0,6,272,266,6,0,6,77,77,0,0,0,87,86,1,0,1,108,103,5,0,5,11,11,0,0,0
S01011125,224,220,4,0,4,155,154,1,0,1,21,21,0,0,0,106,105,1,0,1,28,28,0,0,0,69,66,3,0,3
S01011126,202,184,18,0,18,168,151,17,0,17,38,37,1,0,1,89,75,14,0,14,41,39,2,0,2,34,33,1,0,1
S01011127,165,153,12,1,11,160,148,12,1,11,18,18,0,0,0,126,114,12,1,11,16,16,0,0,0,5,5,0,0,0
S01011128,357,341,16,0,16,271,263,8,0,8,57,56,1,0,1,107,101,6,0,6,107,106,1,0,1,86,78,8,0,8
S01011129,363,356,7,1,6,345,338,7,1,6,279,276,3,1,2,54,51,3,0,3,12,11,1,0,1,18,18,0,0,0
S01011130,304,296,8,1,7,201,197,4,1,3,35,34,1,1,0,83,80,3,0,3,83,83,0,0,0,103,99,4,0,4
S01011131,338,318,20,6,14,237,227,10,3,7,52,51,1,1,0,104,101,3,0,3,81,75,6,2,4,101,91,10,3,7
S01011132,395,374,21,9,12,337,329,8,4,4,159,156,3,1,2,129,125,4,2,2,49,48,1,1,0,58,45,13,5,8
S01011133,193,190,3,1,2,181,179,2,1,1,45,45,0,0,0,86,85,1,1,0,50,49,1,0,1,12,11,1,0,1
S01011134,431,401,30,9,21,300,283,17,3,14,93,92,1,1,0,111,103,8,1,7,96,88,8,1,7,131,118,13,6,7
S01011135,344,337,7,1,6,309,303,6,1,5,63,63,0,0,0,117,115,2,0,2,129,125,4,1,3,35,34,1,0,1
S01011136,296,284,12,8,4,233,224,9,6,3,110,108,2,1,1,48,45,3,2,1,75,71,4,3,1,63,60,3,2,1
S01011137,196,186,10,2,8,175,167,8,0,8,50,47,3,0,3,71,67,4,0,4,54,53,1,0,1,21,19,2,2,0
S01011138,262,254,8,0,8,228,221,7,0,7,20,20,0,0,0,106,103,3,0,3,102,98,4,0,4,34,33,1,0,1
S01011139,298,281,17,0,17,269,253,16,0,16,47,43,4,0,4,198,187,11,0,11,24,23,1,0,1,29,28,1,0,1
S01011140,238,232,6,0,6,206,201,5,0,5,31,30,1,0,1,72,70,2,0,2,103,101,2,0,2,32,31,1,0,1
S01011141,234,230,4,0,4,230,226,4,0,4,27,27,0,0,0,75,75,0,0,0,128,124,4,0,4,4,4,0,0,0
S01011142,349,334,15,4,11,323,312,11,2,9,231,225,6,2,4,76,72,4,0,4,16,15,1,0,1,26,22,4,2,2
S01011143,408,398,10,5,5,389,379,10,5,5,266,260,6,3,3,82,79,3,2,1,41,40,1,0,1,19,19,0,0,0
S01011144,317,303,14,4,10,309,295,14,4,10,134,129,5,2,3,115,110,5,2,3,60,56,4,0,4,8,8,0,0,0
S01011145,278,267,11,3,8,269,258,11,3,8,209,199,10,3,7,50,49,1,0,1,10,10,0,0,0,9,9,0,0,0
S01011146,317,306,11,2,9,306,295,11,2,9,156,150,6,1,5,99,94,5,1,4,51,51,0,0,0,11,11,0,0,0
S01011147,480,450,30,5,25,433,410,23,5,18,152,147,5,0,5,176,159,17,4,13,105,104,1,1,0,47,40,7,0,7
S01011148,356,329,27,3,24,350,323,27,3,24,200,186,14,3,11,135,123,12,0,12,15,14,1,0,1,6,6,0,0,0
S01011149,289,265,24,4,20,255,233,22,3,19,125,119,6,2,4,105,90,15,0,15,25,24,1,1,0,34,32,2,1,1
S01011150,280,175,105,0,105,278,173,105,0,105,24,16,8,0,8,111,81,30,0,30,143,76,67,0,67,2,2,0,0,0
S01011151,240,218,22,2,20,203,185,18,1,17,58,56,2,0,2,122,106,16,1,15,23,23,0,0,0,37,33,4,1,3
S01011152,394,341,53,36,17,358,310,48,33,15,232,195,37,25,12,93,87,6,4,2,33,28,5,4,1,36,31,5,3,2
S01011153,499,455,44,5,39,277,261,16,4,12,145,138,7,4,3,71,70,1,0,1,61,53,8,0,8,222,194,28,1,27
S01011154,378,348,30,2,28,161,157,4,0,4,63,62,1,0,1,46,45,1,0,1,52,50,2,0,2,217,191,26,2,24
S01011155,368,348,20,2,18,199,185,14,2,12,81,77,4,1,3,50,48,2,0,2,68,60,8,1,7,169,163,6,0,6
S01011156,256,249,7,0,7,253,246,7,0,7,130,127,3,0,3,117,113,4,0,4,6,6,0,0,0,3,3,0,0,0
S01011157,293,284,9,0,9,288,279,9,0,9,163,161,2,0,2,121,114,7,0,7,4,4,0,0,0,5,5,0,0,0
S01011158,242,233,9,0,9,228,222,6,0,6,191,185,6,0,6,28,28,0,0,0,9,9,0,0,0,14,11,3,0,3
S01011159,306,300,6,0,6,283,277,6,0,6,51,49,2,0,2,102,102,0,0,0,130,126,4,0,4,23,23,0,0,0
S01011160,401,393,8,0,8,339,335,4,0,4,120,119,1,0,1,102,101,1,0,1,117,115,2,0,2,62,58,4,0,4
S01011161,273,269,4,1,3,250,246,4,1,3,31,31,0,0,0,42,41,1,0,1,177,174,3,1,2,23,23,0,0,0
S01011162,194,187,7,1,6,192,185,7,1,6,57,54,3,0,3,38,37,1,0,1,97,94,3,1,2,2,2,0,0,0
S01011163,362,352,10,0,10,355,345,10,0,10,19,18,1,0,1,168,167,1,0,1,168,160,8,0,8,7,7,0,0,0
S01011164,306,282,24,0,24,275,251,24,0,24,129,123,6,0,6,118,100,18,0,18,28,28,0,0,0,31,31,0,0,0
S01011165,369,356,13,2,11,279,272,7,2,5,21,21,0,0,0,99,95,4,2,2,159,156,3,0,3,90,84,6,0,6
S01011166,232,229,3,0,3,230,227,3,0,3,162,159,3,0,3,41,41,0,0,0,27,27,0,0,0,2,2,0,0,0
S01011167,300,279,21,3,18,293,273,20,3,17,235,219,16,3,13,52,50,2,0,2,6,4,2,0,2,7,6,1,0,1
S01011168,400,355,45,12,33,393,349,44,12,32,303,265,38,11,27,74,68,6,1,5,16,16,0,0,0,7,6,1,0,1
S01011169,362,346,16,8,8,312,298,14,7,7,133,127,6,3,3,155,148,7,4,3,24,23,1,0,1,50,48,2,1,1
S01011170,425,400,25,7,18,395,373,22,6,16,281,267,14,3,11,99,91,8,3,5,15,15,0,0,0,30,27,3,1,2
S01011171,616,409,207,204,3,598,395,203,200,3,424,268,156,153,3,135,102,33,33,0,39,25,14,14,0,18,14,4,4,0
S01011172,438,339,99,87,12,422,324,98,86,12,282,201,81,72,9,107,94,13,11,2,33,29,4,3,1,16,15,1,1,0
S01011173,315,224,91,83,8,299,213,86,78,8,208,147,61,54,7,75,54,21,20,1,16,12,4,4,0,16,11,5,5,0
S01011174,306,219,87,84,3,290,211,79,77,2,209,150,59,57,2,53,45,8,8,0,28,16,12,12,0,16,8,8,7,1
S01011175,294,259,35,29,6,269,236,33,27,6,124,101,23,19,4,78,74,4,2,2,67,61,6,6,0,25,23,2,2,0
S01011176,421,274,147,136,11,396,255,141,130,11,286,180,106,96,10,70,50,20,20,0,40,25,15,14,1,25,19,6,6,0
S01011177,534,402,132,112,20,490,370,120,103,17,265,187,78,69,9,157,131,26,23,3,68,52,16,11,5,44,32,12,9,3
S01011178,221,206,15,4,11,201,186,15,4,11,63,59,4,0,4,80,74,6,3,3,58,53,5,1,4,20,20,0,0,0
S01011179,281,272,9,0,9,225,221,4,0,4,29,29,0,0,0,71,70,1,0,1,125,122,3,0,3,56,51,5,0,5
S01011180,303,301,2,0,2,240,239,1,0,1,38,38,0,0,0,102,101,1,0,1,100,100,0,0,0,63,62,1,0,1
S01011181,202,198,4,0,4,166,162,4,0,4,109,108,1,0,1,31,29,2,0,2,26,25,1,0,1,36,36,0,0,0
S01011182,173,166,7,1,6,167,161,6,1,5,136,131,5,1,4,28,27,1,0,1,3,3,0,0,0,6,5,1,0,1
S01011183,231,226,5,0,5,166,163,3,0,3,131,130,1,0,1,11,11,0,0,0,24,22,2,0,2,65,63,2,0,2
S01011184,308,307,1,0,1,304,303,1,0,1,210,210,0,0,0,82,81,1,0,1,12,12,0,0,0,4,4,0,0,0
S01011185,300,296,4,0,4,277,273,4,0,4,63,61,2,0,2,189,188,1,0,1,25,24,1,0,1,23,23,0,0,0
S01011186,462,456,6,0,6,263,258,5,0,5,51,48,3,0,3,126,125,1,0,1,86,85,1,0,1,199,198,1,0,1
S01011187,290,287,3,0,3,270,268,2,0,2,91,91,0,0,0,161,160,1,0,1,18,17,1,0,1,20,19,1,0,1
S01011188,444,442,2,0,2,393,391,2,0,2,22,22,0,0,0,38,38,0,0,0,333,331,2,0,2,51,51,0,0,0
S01011189,356,356,0,0,0,261,261,0,0,0,87,87,0,0,0,44,44,0,0,0,130,130,0,0,0,95,95,0,0,0
S01011190,289,288,1,0,1,231,230,1,0,1,26,25,1,0,1,117,117,0,0,0,88,88,0,0,0,58,58,0,0,0
S01011191,243,241,2,1,1,236,234,2,1,1,10,10,0,0,0,82,80,2,1,1,144,144,0,0,0,7,7,0,0,0
S01011192,296,290,6,0,6,291,285,6,0,6,9,9,0,0,0,28,28,0,0,0,254,248,6,0,6,5,5,0,0,0
S01011193,295,286,9,5,4,246,237,9,5,4,6,6,0,0,0,19,19,0,0,0,221,212,9,5,4,49,49,0,0,0
S01011194,306,302,4,2,2,282,278,4,2,2,6,6,0,0,0,44,44,0,0,0,232,228,4,2,2,24,24,0,0,0
S01011195,323,318,5,1,4,321,316,5,1,4,10,10,0,0,0,48,48,0,0,0,263,258,5,1,4,2,2,0,0,0
S01011196,414,409,5,0,5,369,365,4,0,4,16,16,0,0,0,63,61,2,0,2,290,288,2,0,2,45,44,1,0,1
S01011197,358,348,10,0,10,353,343,10,0,10,10,10,0,0,0,39,39,0,0,0,304,294,10,0,10,5,5,0,0,0
S01011198,243,241,2,0,2,242,240,2,0,2,8,8,0,0,0,25,25,0,0,0,209,207,2,0,2,1,1,0,0,0
S01011199,346,342,4,0,4,334,330,4,0,4,28,27,1,0,1,64,63,1,0,1,242,240,2,0,2,12,12,0,0,0
S01011200,366,356,10,5,5,307,297,10,5,5,40,40,0,0,0,135,133,2,0,2,132,124,8,5,3,59,59,0,0,0
S01011201,269,267,2,1,1,267,265,2,1,1,35,35,0,0,0,110,110,0,0,0,122,120,2,1,1,2,2,0,0,0
S01011202,398,390,8,3,5,281,276,5,3,2,18,18,0,0,0,107,107,0,0,0,156,151,5,3,2,117,114,3,0,3
S01011203,366,364,2,2,0,346,344,2,2,0,35,35,0,0,0,79,79,0,0,0,232,230,2,2,0,20,20,0,0,0
S01011204,239,235,4,1,3,232,228,4,1,3,129,127,2,0,2,45,44,1,0,1,58,57,1,1,0,7,7,0,0,0
S01011205,238,237,1,1,0,233,232,1,1,0,166,166,0,0,0,52,52,0,0,0,15,14,1,1,0,5,5,0,0,0
S01011206,266,264,2,0,2,261,259,2,0,2,114,114,0,0,0,99,97,2,0,2,48,48,0,0,0,5,5,0,0,0
S01011207,326,326,0,0,0,298,298,0,0,0,114,114,0,0,0,33,33,0,0,0,151,151,0,0,0,28,28,0,0,0
S01011208,347,345,2,0,2,332,330,2,0,2,161,159,2,0,2,100,100,0,0,0,71,71,0,0,0,15,15,0,0,0
S01011209,286,283,3,0,3,281,278,3,0,3,20,20,0,0,0,99,98,1,0,1,162,160,2,0,2,5,5,0,0,0
S01011210,275,272,3,0,3,274,271,3,0,3,186,184,2,0,2,29,29,0,0,0,59,58,1,0,1,1,1,0,0,0
S01011211,254,252,2,0,2,248,246,2,0,2,172,171,1,0,1,26,25,1,0,1,50,50,0,0,0,6,6,0,0,0
S01011212,214,213,1,0,1,210,209,1,0,1,1,1,0,0,0,13,13,0,0,0,196,195,1,0,1,4,4,0,0,0
S01011213,440,421,19,1,18,376,366,10,1,9,53,52,1,1,0,19,19,0,0,0,304,295,9,0,9,64,55,9,0,9
S01011214,359,349,10,7,3,294,285,9,7,2,8,8,0,0,0,44,44,0,0,0,242,233,9,7,2,65,64,1,0,1
S01011215,265,260,5,0,5,176,173,3,0,3,7,7,0,0,0,30,29,1,0,1,139,137,2,0,2,89,87,2,0,2
S01011216,260,240,20,0,20,120,116,4,0,4,4,4,0,0,0,8,8,0,0,0,108,104,4,0,4,140,124,16,0,16
S01011217,402,380,22,0,22,269,261,8,0,8,7,7,0,0,0,55,54,1,0,1,207,200,7,0,7,133,119,14,0,14
S01011218,304,282,22,1,21,257,246,11,1,10,11,11,0,0,0,61,60,1,0,1,185,175,10,1,9,47,36,11,0,11
S01011219,358,352,6,0,6,305,300,5,0,5,15,15,0,0,0,67,67,0,0,0,223,218,5,0,5,53,52,1,0,1
S01011220,440,425,15,0,15,291,282,9,0,9,6,6,0,0,0,54,53,1,0,1,231,223,8,0,8,149,143,6,0,6
S01011221,459,449,10,0,10,328,320,8,0,8,6,5,1,0,1,99,96,3,0,3,223,219,4,0,4,131,129,2,0,2
S01011222,314,312,2,0,2,274,273,1,0,1,6,6,0,0,0,123,123,0,0,0,145,144,1,0,1,40,39,1,0,1
S01011223,366,361,5,0,5,347,342,5,0,5,10,10,0,0,0,149,149,0,0,0,188,183,5,0,5,19,19,0,0,0
S01011224,355,350,5,0,5,160,155,5,0,5,38,38,0,0,0,32,28,4,0,4,90,89,1,0,1,195,195,0,0,0
S01011225,336,327,9,1,8,255,248,7,1,6,24,24,0,0,0,84,79,5,1,4,147,145,2,0,2,81,79,2,0,2
S01011226,465,455,10,0,10,376,371,5,0,5,133,133,0,0,0,150,147,3,0,3,93,91,2,0,2,89,84,5,0,5
S01011227,424,397,27,0,27,130,123,7,0,7,40,39,1,0,1,32,30,2,0,2,58,54,4,0,4,294,274,20,0,20
S01011228,479,450,29,1,28,241,222,19,0,19,34,31,3,0,3,105,105,0,0,0,102,86,16,0,16,238,228,10,1,9
S01011229,294,286,8,1,7,89,87,2,0,2,28,28,0,0,0,17,16,1,0,1,44,43,1,0,1,205,199,6,1,5
S01011230,502,500,2,0,2,97,97,0,0,0,7,7,0,0,0,22,22,0,0,0,68,68,0,0,0,405,403,2,0,2
S01011231,301,298,3,1,2,202,200,2,1,1,11,11,0,0,0,89,87,2,1,1,102,102,0,0,0,99,98,1,0,1
S01011232,526,513,13,5,8,180,179,1,0,1,13,13,0,0,0,49,48,1,0,1,118,118,0,0,0,346,334,12,5,7
S01011233,169,158,11,5,6,122,117,5,0,5,33,33,0,0,0,54,52,2,0,2,35,32,3,0,3,47,41,6,5,1
S01011234,468,456,12,5,7,402,394,8,2,6,35,35,0,0,0,216,211,5,0,5,151,148,3,2,1,66,62,4,3,1
S01011235,201,195,6,1,5,119,116,3,1,2,13,12,1,1,0,40,40,0,0,0,66,64,2,0,2,82,79,3,0,3
S01011236,294,284,10,1,9,179,175,4,1,3,11,11,0,0,0,73,72,1,0,1,95,92,3,1,2,115,109,6,0,6
S01011237,338,331,7,0,7,251,247,4,0,4,10,10,0,0,0,139,136,3,0,3,102,101,1,0,1,87,84,3,0,3
S01011238,344,334,10,0,10,103,102,1,0,1,7,7,0,0,0,58,58,0,0,0,38,37,1,0,1,241,232,9,0,9
S01011239,445,427,18,0,18,101,101,0,0,0,19,19,0,0,0,34,34,0,0,0,48,48,0,0,0,344,326,18,0,18
S01011240,523,481,42,0,42,82,65,17,0,17,8,8,0,0,0,14,14,0,0,0,60,43,17,0,17,441,416,25,0,25
S01011241,591,540,51,4,47,178,165,13,2,11,40,32,8,1,7,76,76,0,0,0,62,57,5,1,4,413,375,38,2,36
S01011242,400,383,17,0,17,162,159,3,0,3,69,68,1,0,1,82,81,1,0,1,11,10,1,0,1,238,224,14,0,14
S01011243,564,545,19,4,15,75,74,1,0,1,6,6,0,0,0,15,14,1,0,1,54,54,0,0,0,489,471,18,4,14
S01011244,452,409,43,25,18,66,65,1,0,1,13,12,1,0,1,36,36,0,0,0,17,17,0,0,0,386,344,42,25,17
S01011245,452,446,6,2,4,263,257,6,2,4,31,31,0,0,0,125,121,4,0,4,107,105,2,2,0,189,189,0,0,0
S01011246,468,439,29,21,8,227,222,5,0,5,73,72,1,0,1,103,101,2,0,2,51,49,2,0,2,241,217,24,21,3
S01011247,368,357,11,0,11,315,306,9,0,9,186,182,4,0,4,92,88,4,0,4,37,36,1,0,1,53,51,2,0,2
S01011248,325,317,8,0,8,302,294,8,0,8,81,79,2,0,2,148,142,6,0,6,73,73,0,0,0,23,23,0,0,0
S01011249,310,308,2,0,2,295,293,2,0,2,155,154,1,0,1,117,116,1,0,1,23,23,0,0,0,15,15,0,0,0
S01011250,462,446,16,15,1,398,386,12,11,1,16,16,0,0,0,157,157,0,0,0,225,213,12,11,1,64,60,4,4,0
S01011251,393,385,8,1,7,382,374,8,1,7,16,16,0,0,0,216,211,5,0,5,150,147,3,1,2,11,11,0,0,0
S01011252,354,344,10,9,1,332,322,10,9,1,24,24,0,0,0,116,116,0,0,0,192,182,10,9,1,22,22,0,0,0
S01011253,394,391,3,1,2,289,287,2,1,1,16,16,0,0,0,78,77,1,0,1,195,194,1,1,0,105,104,1,0,1
S01011254,360,359,1,1,0,356,355,1,1,0,141,140,1,1,0,209,209,0,0,0,6,6,0,0,0,4,4,0,0,0
S01011255,271,267,4,0,4,267,263,4,0,4,225,224,1,0,1,32,31,1,0,1,10,8,2,0,2,4,4,0,0,0
S01011256,171,169,2,0,2,168,166,2,0,2,77,75,2,0,2,79,79,0,0,0,12,12,0,0,0,3,3,0,0,0
S01011257,193,188,5,0,5,191,186,5,0,5,129,124,5,0,5,55,55,0,0,0,7,7,0,0,0,2,2,0,0,0
S01011258,231,229,2,1,1,199,197,2,1,1,48,48,0,0,0,110,109,1,1,0,41,40,1,0,1,32,32,0,0,0
S01011259,394,383,11,0,11,171,165,6,0,6,25,25,0,0,0,93,91,2,0,2,53,49,4,0,4,223,218,5,0,5
S01011260,351,336,15,1,14,236,226,10,1,9,147,143,4,0,4,58,55,3,0,3,31,28,3,1,2,115,110,5,0,5
S01011261,319,310,9,0,9,239,232,7,0,7,19,19,0,0,0,125,122,3,0,3,95,91,4,0,4,80,78,2,0,2
S01011262,231,223,8,0,8,219,211,8,0,8,21,21,0,0,0,137,132,5,0,5,61,58,3,0,3,12,12,0,0,0
S01011263,444,431,13,1,12,415,402,13,1,12,93,86,7,0,7,145,142,3,0,3,177,174,3,1,2,29,29,0,0,0
S01011264,266,259,7,0,7,260,253,7,0,7,13,13,0,0,0,142,139,3,0,3,105,101,4,0,4,6,6,0,0,0
S01011265,477,468,9,3,6,429,420,9,3,6,12,12,0,0,0,147,145,2,0,2,270,263,7,3,4,48,48,0,0,0
S01011266,392,383,9,0,9,377,368,9,0,9,21,21,0,0,0,237,230,7,0,7,119,117,2,0,2,15,15,0,0,0
S01011267,272,266,6,0,6,169,168,1,0,1,83,82,1,0,1,64,64,0,0,0,22,22,0,0,0,103,98,5,0,5
S01011268,191,186,5,0,5,132,128,4,0,4,58,55,3,0,3,46,45,1,0,1,28,28,0,0,0,59,58,1,0,1
S01011269,286,279,7,1,6,142,138,4,1,3,53,51,2,0,2,53,52,1,0,1,36,35,1,1,0,144,141,3,0,3
S01011270,352,349,3,0,3,247,246,1,0,1,20,20,0,0,0,50,49,1,0,1,177,177,0,0,0,105,103,2,0,2
S01011271,359,357,2,0,2,325,325,0,0,0,28,28,0,0,0,109,109,0,0,0,188,188,0,0,0,34,32,2,0,2
S01011272,399,380,19,1,18,180,172,8,0,8,28,27,1,0,1,81,79,2,0,2,71,66,5,0,5,219,208,11,1,10
S01011273,351,339,12,0,12,307,296,11,0,11,12,12,0,0,0,62,62,0,0,0,233,222,11,0,11,44,43,1,0,1
S01011274,405,395,10,0,10,269,261,8,0,8,24,24,0,0,0,100,99,1,0,1,145,138,7,0,7,136,134,2,0,2
S01011275,279,277,2,0,2,261,259,2,0,2,7,7,0,0,0,151,150,1,0,1,103,102,1,0,1,18,18,0,0,0
S01011276,417,405,12,5,7,388,379,9,5,4,78,76,2,0,2,133,132,1,0,1,177,171,6,5,1,29,26,3,0,3
S01011277,288,284,4,0,4,231,228,3,0,3,58,58,0,0,0,151,148,3,0,3,22,22,0,0,0,57,56,1,0,1
S01011278,232,230,2,0,2,212,210,2,0,2,28,28,0,0,0,163,161,2,0,2,21,21,0,0,0,20,20,0,0,0
S01011279,304,302,2,0,2,228,226,2,0,2,48,48,0,0,0,129,128,1,0,1,51,50,1,0,1,76,76,0,0,0
S01011280,232,231,1,0,1,228,227,1,0,1,171,170,1,0,1,22,22,0,0,0,35,35,0,0,0,4,4,0,0,0
S01011281,244,238,6,0,6,223,218,5,0,5,147,144,3,0,3,47,46,1,0,1,29,28,1,0,1,21,20,1,0,1
S01011282,350,341,9,0,9,343,334,9,0,9,167,161,6,0,6,85,82,3,0,3,91,91,0,0,0,7,7,0,0,0
S01011283,262,251,11,0,11,255,244,11,0,11,194,186,8,0,8,37,34,3,0,3,24,24,0,0,0,7,7,0,0,0
S01011284,193,192,1,0,1,188,187,1,0,1,170,169,1,0,1,10,10,0,0,0,8,8,0,0,0,5,5,0,0,0
S01011285,307,297,10,0,10,298,288,10,0,10,10,10,0,0,0,69,67,2,0,2,219,211,8,0,8,9,9,0,0,0
S01011286,306,298,8,0,8,274,270,4,0,4,18,18,0,0,0,66,66,0,0,0,190,186,4,0,4,32,28,4,0,4
S01011287,346,337,9,2,7,271,266,5,1,4,19,19,0,0,0,58,57,1,0,1,194,190,4,1,3,75,71,4,1,3
S01011288,330,318,12,3,9,320,308,12,3,9,12,12,0,0,0,38,38,0,0,0,270,258,12,3,9,10,10,0,0,0
S01011289,435,431,4,0,4,403,399,4,0,4,19,18,1,0,1,191,190,1,0,1,193,191,2,0,2,32,32,0,0,0
S01011290,506,503,3,0,3,345,342,3,0,3,71,70,1,0,1,154,154,0,0,0,120,118,2,0,2,161,161,0,0,0
S01011291,411,407,4,0,4,203,200,3,0,3,36,35,1,0,1,97,96,1,0,1,70,69,1,0,1,208,207,1,0,1
S01011292,338,332,6,0,6,189,186,3,0,3,10,10,0,0,0,73,72,1,0,1,106,104,2,0,2,149,146,3,0,3
S01011293,343,341,2,0,2,268,266,2,0,2,19,19,0,0,0,104,103,1,0,1,145,144,1,0,1,75,75,0,0,0
S01011294,507,487,20,0,20,247,242,5,0,5,30,30,0,0,0,104,101,3,0,3,113,111,2,0,2,260,245,15,0,15
S01011295,463,448,15,1,14,310,305,5,0,5,223,218,5,0,5,65,65,0,0,0,22,22,0,0,0,153,143,10,1,9
S01011296,282,280,2,0,2,221,219,2,0,2,59,58,1,0,1,123,122,1,0,1,39,39,0,0,0,61,61,0,0,0
S01011297,315,311,4,0,4,246,242,4,0,4,19,19,0,0,0,161,157,4,0,4,66,66,0,0,0,69,69,0,0,0
S01011298,235,230,5,0,5,208,203,5,0,5,11,11,0,0,0,147,142,5,0,5,50,50,0,0,0,27,27,0,0,0
S01011299,206,197,9,3,6,193,184,9,3,6,145,140,5,1,4,36,32,4,2,2,12,12,0,0,0,13,13,0,0,0
S01011300,432,423,9,0,9,401,396,5,0,5,20,20,0,0,0,162,160,2,0,2,219,216,3,0,3,31,27,4,0,4
S01011301,321,309,12,3,9,263,258,5,1,4,155,154,1,0,1,88,88,0,0,0,20,16,4,1,3,58,51,7,2,5
S01011302,535,522,13,1,12,175,169,6,0,6,29,29,0,0,0,60,60,0,0,0,86,80,6,0,6,360,353,7,1,6
S01011303,433,427,6,1,5,332,328,4,1,3,171,171,0,0,0,114,111,3,0,3,47,46,1,1,0,101,99,2,0,2
S01011304,288,282,6,0,6,274,269,5,0,5,35,34,1,0,1,125,123,2,0,2,114,112,2,0,2,14,13,1,0,1
S01011305,352,342,10,2,8,331,321,10,2,8,97,97,0,0,0,60,59,1,0,1,174,165,9,2,7,21,21,0,0,0
S01011306,288,282,6,0,6,280,274,6,0,6,39,39,0,0,0,131,129,2,0,2,110,106,4,0,4,8,8,0,0,0
S01011307,200,188,12,0,12,181,173,8,0,8,113,107,6,0,6,48,46,2,0,2,20,20,0,0,0,19,15,4,0,4
S01011308,198,186,12,7,5,173,161,12,7,5,112,103,9,6,3,44,44,0,0,0,17,14,3,1,2,25,25,0,0,0
S01011309,355,333,22,12,10,275,265,10,5,5,201,196,5,3,2,57,54,3,0,3,17,15,2,2,0,80,68,12,7,5
S01011310,376,341,35,22,13,265,256,9,5,4,66,64,2,1,1,110,108,2,1,1,89,84,5,3,2,111,85,26,17,9
S01011311,317,305,12,3,9,287,279,8,1,7,203,195,8,1,7,78,78,0,0,0,6,6,0,0,0,30,26,4,2,2
S01011312,517,493,24,18,6,396,382,14,12,2,262,254,8,7,1,112,109,3,2,1,22,19,3,3,0,121,111,10,6,4
S01011313,400,368,32,15,17,191,184,7,5,2,54,53,1,1,0,115,113,2,0,2,22,18,4,4,0,209,184,25,10,15
S01011314,496,487,9,7,2,369,364,5,4,1,217,213,4,4,0,118,117,1,0,1,34,34,0,0,0,127,123,4,3,1
S01011315,174,168,6,2,4,123,117,6,2,4,23,22,1,0,1,78,73,5,2,3,22,22,0,0,0,51,51,0,0,0
S01011316,322,311,11,4,7,297,289,8,4,4,56,53,3,1,2,83,81,2,0,2,158,155,3,3,0,25,22,3,0,3
S01011317,432,392,40,30,10,251,237,14,7,7,99,90,9,5,4,76,75,1,0,1,76,72,4,2,2,181,155,26,23,3
S01011318,593,520,73,54,19,176,172,4,2,2,62,61,1,1,0,38,36,2,1,1,76,75,1,0,1,417,348,69,52,17
S01011319,430,398,32,13,19,293,279,14,6,8,203,191,12,6,6,77,75,2,0,2,13,13,0,0,0,137,119,18,7,11
S01011320,322,303,19,3,16,123,122,1,0,1,24,24,0,0,0,33,32,1,0,1,66,66,0,0,0,199,181,18,3,15
S01011321,270,252,18,0,18,240,229,11,0,11,18,18,0,0,0,52,51,1,0,1,170,160,10,0,10,30,23,7,0,7
S01011322,262,251,11,1,10,199,191,8,1,7,105,101,4,1,3,40,38,2,0,2,54,52,2,0,2,63,60,3,0,3
S01011323,380,374,6,3,3,241,240,1,1,0,28,28,0,0,0,60,59,1,1,0,153,153,0,0,0,139,134,5,2,3
S01011324,224,202,22,8,14,111,106,5,2,3,47,44,3,2,1,39,39,0,0,0,25,23,2,0,2,113,96,17,6,11
S01011325,578,472,106,65,41,59,58,1,1,0,13,13,0,0,0,22,22,0,0,0,24,23,1,1,0,519,414,105,64,41
S01011326,668,521,147,74,73,60,57,3,2,1,21,21,0,0,0,16,16,0,0,0,23,20,3,2,1,608,464,144,72,72
S01011327,825,400,425,390,35,134,112,22,19,3,72,56,16,13,3,38,35,3,3,0,24,21,3,3,0,691,288,403,371,32
S01011328,506,355,151,146,5,268,226,42,40,2,91,62,29,27,2,130,126,4,4,0,47,38,9,9,0,238,129,109,106,3
S01011329,535,484,51,28,23,227,220,7,3,4,99,96,3,2,1,96,94,2,1,1,32,30,2,0,2,308,264,44,25,19
S01011330,332,324,8,1,7,307,301,6,0,6,204,201,3,0,3,36,35,1,0,1,67,65,2,0,2,25,23,2,1,1
S01011331,356,336,20,7,13,348,328,20,7,13,241,223,18,7,11,99,97,2,0,2,8,8,0,0,0,8,8,0,0,0
S01011332,392,385,7,1,6,329,324,5,0,5,183,180,3,0,3,112,110,2,0,2,34,34,0,0,0,63,61,2,1,1
S01011333,458,386,72,46,26,193,182,11,7,4,168,158,10,7,3,16,15,1,0,1,9,9,0,0,0,265,204,61,39,22
S01011334,323,297,26,11,15,267,244,23,11,12,201,182,19,8,11,47,46,1,1,0,19,16,3,2,1,56,53,3,0,3
S01011335,507,438,69,45,24,248,237,11,6,5,215,205,10,6,4,24,23,1,0,1,9,9,0,0,0,259,201,58,39,19
S01011336,277,266,11,1,10,201,195,6,0,6,41,40,1,0,1,83,79,4,0,4,77,76,1,0,1,76,71,5,1,4
S01011337,319,287,32,25,7,228,214,14,7,7,188,176,12,6,6,30,29,1,1,0,10,9,1,0,1,91,73,18,18,0
S01011338,275,270,5,0,5,260,256,4,0,4,45,43,2,0,2,110,109,1,0,1,105,104,1,0,1,15,14,1,0,1
S01011339,222,219,3,0,3,216,215,1,0,1,40,40,0,0,0,115,115,0,0,0,61,60,1,0,1,6,4,2,0,2
S01011340,295,290,5,0,5,282,277,5,0,5,16,16,0,0,0,161,161,0,0,0,105,100,5,0,5,13,13,0,0,0
S01011341,362,346,16,0,16,220,214,6,0,6,79,79,0,0,0,94,90,4,0,4,47,45,2,0,2,142,132,10,0,10
S01011342,345,325,20,2,18,212,200,12,2,10,99,89,10,2,8,69,67,2,0,2,44,44,0,0,0,133,125,8,0,8
S01011343,458,434,24,1,23,253,245,8,0,8,28,27,1,0,1,97,94,3,0,3,128,124,4,0,4,205,189,16,1,15
S01011344,407,401,6,0,6,376,373,3,0,3,15,15,0,0,0,109,108,1,0,1,252,250,2,0,2,31,28,3,0,3
S01011345,360,357,3,1,2,339,336,3,1,2,9,9,0,0,0,108,107,1,1,0,222,220,2,0,2,21,21,0,0,0
S01011346,327,325,2,0,2,287,285,2,0,2,8,8,0,0,0,64,63,1,0,1,215,214,1,0,1,40,40,0,0,0
S01011347,568,547,21,1,20,241,236,5,1,4,49,46,3,1,2,105,104,1,0,1,87,86,1,0,1,327,311,16,0,16
S01011348,432,424,8,1,7,404,397,7,0,7,41,40,1,0,1,169,165,4,0,4,194,192,2,0,2,28,27,1,1,0
S01011349,371,367,4,2,2,329,327,2,1,1,146,145,1,1,0,128,127,1,0,1,55,55,0,0,0,42,40,2,1,1
S01011350,285,275,10,0,10,267,259,8,0,8,155,148,7,0,7,79,78,1,0,1,33,33,0,0,0,18,16,2,0,2
S01011351,365,353,12,5,7,221,219,2,0,2,11,11,0,0,0,94,92,2,0,2,116,116,0,0,0,144,134,10,5,5
S01011352,349,328,21,2,19,185,183,2,1,1,26,26,0,0,0,53,52,1,0,1,106,105,1,1,0,164,145,19,1,18
S01011353,279,274,5,1,4,243,238,5,1,4,28,27,1,1,0,123,120,3,0,3,92,91,1,0,1,36,36,0,0,0
S01011354,319,313,6,1,5,313,307,6,1,5,172,167,5,1,4,63,63,0,0,0,78,77,1,0,1,6,6,0,0,0
S01011355,444,433,11,0,11,358,351,7,0,7,100,99,1,0,1,98,96,2,0,2,160,156,4,0,4,86,82,4,0,4
S01011356,414,392,22,15,7,359,349,10,5,5,227,220,7,5,2,77,75,2,0,2,55,54,1,0,1,55,43,12,10,2
S01011357,360,354,6,0,6,286,282,4,0,4,117,116,1,0,1,85,82,3,0,3,84,84,0,0,0,74,72,2,0,2
S01011358,186,186,0,0,0,184,184,0,0,0,61,61,0,0,0,114,114,0,0,0,9,9,0,0,0,2,2,0,0,0
S01011359,376,368,8,0,8,196,191,5,0,5,29,28,1,0,1,126,123,3,0,3,41,40,1,0,1,180,177,3,0,3
S01011360,364,354,10,0,10,144,144,0,0,0,10,10,0,0,0,56,56,0,0,0,78,78,0,0,0,220,210,10,0,10
S01011361,382,343,39,0,39,16,16,0,0,0,5,5,0,0,0,3,3,0,0,0,8,8,0,0,0,366,327,39,0,39
S01011362,202,199,3,0,3,196,193,3,0,3,108,106,2,0,2,80,79,1,0,1,8,8,0,0,0,6,6,0,0,0
S01011363,435,429,6,1,5,256,253,3,0,3,65,64,1,0,1,115,113,2,0,2,76,76,0,0,0,179,176,3,1,2
S01011364,275,272,3,1,2,256,254,2,1,1,32,32,0,0,0,70,70,0,0,0,154,152,2,1,1,19,18,1,0,1
S01011365,208,207,1,0,1,191,190,1,0,1,106,106,0,0,0,57,57,0,0,0,28,27,1,0,1,17,17,0,0,0
S01011366,241,238,3,0,3,145,143,2,0,2,3,3,0,0,0,29,29,0,0,0,113,111,2,0,2,96,95,1,0,1
S01011367,406,400,6,0,6,326,323,3,0,3,33,33,0,0,0,63,63,0,0,0,230,227,3,0,3,80,77,3,0,3
S01011368,295,291,4,0,4,238,236,2,0,2,212,210,2,0,2,19,19,0,0,0,7,7,0,0,0,57,55,2,0,2
S01011369,396,380,16,0,16,271,265,6,0,6,14,13,1,0,1,114,110,4,0,4,143,142,1,0,1,125,115,10,0,10
S01011370,310,307,3,0,3,261,258,3,0,3,113,112,1,0,1,19,19,0,0,0,129,127,2,0,2,49,49,0,0,0
S01011371,514,503,11,0,11,186,184,2,0,2,10,10,0,0,0,83,82,1,0,1,93,92,1,0,1,328,319,9,0,9
S01011372,432,411,21,0,21,67,67,0,0,0,5,5,0,0,0,7,7,0,0,0,55,55,0,0,0,365,344,21,0,21
S01011373,355,350,5,0,5,62,61,1,0,1,8,8,0,0,0,23,23,0,0,0,31,30,1,0,1,293,289,4,0,4
S01011374,277,276,1,0,1,223,222,1,0,1,29,29,0,0,0,116,116,0,0,0,78,77,1,0,1,54,54,0,0,0
S01011375,296,295,1,0,1,113,113,0,0,0,45,45,0,0,0,48,48,0,0,0,20,20,0,0,0,183,182,1,0,1
S01011376,328,326,2,0,2,12,12,0,0,0,5,5,0,0,0,2,2,0,0,0,5,5,0,0,0,316,314,2,0,2
S01011377,268,262,6,0,6,205,200,5,0,5,64,61,3,0,3,110,108,2,0,2,31,31,0,0,0,63,62,1,0,1
S01011378,368,362,6,0,6,277,271,6,0,6,41,41,0,0,0,160,159,1,0,1,76,71,5,0,5,91,91,0,0,0
S01011379,347,342,5,1,4,307,303,4,1,3,211,208,3,1,2,69,68,1,0,1,27,27,0,0,0,40,39,1,0,1
S01011380,362,357,5,1,4,147,145,2,0,2,15,15,0,0,0,52,51,1,0,1,80,79,1,0,1,215,212,3,1,2
S01011381,314,302,12,1,11,159,153,6,1,5,89,85,4,1,3,42,41,1,0,1,28,27,1,0,1,155,149,6,0,6
S01011382,290,286,4,0,4,96,93,3,0,3,30,30,0,0,0,18,18,0,0,0,48,45,3,0,3,194,193,1,0,1
S01011383,400,394,6,0,6,165,165,0,0,0,10,10,0,0,0,73,73,0,0,0,82,82,0,0,0,235,229,6,0,6
S01011384,340,328,12,0,12,185,180,5,0,5,13,13,0,0,0,71,68,3,0,3,101,99,2,0,2,155,148,7,0,7
S01011385,463,441,22,0,22,167,161,6,0,6,9,9,0,0,0,123,117,6,0,6,35,35,0,0,0,296,280,16,0,16
S01011386,213,208,5,1,4,169,166,3,0,3,7,7,0,0,0,71,68,3,0,3,91,91,0,0,0,44,42,2,1,1
S01011387,401,366,35,0,35,216,213,3,0,3,30,29,1,0,1,73,72,1,0,1,113,112,1,0,1,185,153,32,0,32
S01011388,445,435,10,1,9,328,324,4,1,3,92,90,2,0,2,154,152,2,1,1,82,82,0,0,0,117,111,6,0,6
S01011389,437,415,22,0,22,159,152,7,0,7,33,31,2,0,2,37,35,2,0,2,89,86,3,0,3,278,263,15,0,15
S01011390,344,342,2,0,2,288,288,0,0,0,20,20,0,0,0,142,142,0,0,0,126,126,0,0,0,56,54,2,0,2
S01011391,257,254,3,0,3,245,243,2,0,2,3,3,0,0,0,78,76,2,0,2,164,164,0,0,0,12,11,1,0,1
S01011392,291,287,4,0,4,218,216,2,0,2,6,6,0,0,0,49,49,0,0,0,163,161,2,0,2,73,71,2,0,2
S01011393,381,374,7,0,7,270,268,2,0,2,60,60,0,0,0,116,115,1,0,1,94,93,1,0,1,111,106,5,0,5
S01011394,218,212,6,0,6,180,175,5,0,5,151,146,5,0,5,10,10,0,0,0,19,19,0,0,0,38,37,1,0,1
S01011395,423,409,14,0,14,165,162,3,0,3,28,26,2,0,2,54,53,1,0,1,83,83,0,0,0,258,247,11,0,11
S01011396,420,402,18,0,18,206,200,6,0,6,44,43,1,0,1,81,78,3,0,3,81,79,2,0,2,214,202,12,0,12
S01011397,368,364,4,0,4,190,188,2,0,2,24,24,0,0,0,91,89,2,0,2,75,75,0,0,0,178,176,2,0,2
S01011398,324,322,2,0,2,224,223,1,0,1,22,21,1,0,1,101,101,0,0,0,101,101,0,0,0,100,99,1,0,1
S01011399,244,240,4,0,4,123,122,1,0,1,5,5,0,0,0,12,12,0,0,0,106,105,1,0,1,121,118,3,0,3
S01011400,372,357,15,0,15,154,151,3,0,3,64,63,1,0,1,44,42,2,0,2,46,46,0,0,0,218,206,12,0,12
S01011401,291,287,4,1,3,219,217,2,0,2,30,28,2,0,2,132,132,0,0,0,57,57,0,0,0,72,70,2,1,1
S01011402,511,492,19,0,19,286,278,8,0,8,52,50,2,0,2,198,193,5,0,5,36,35,1,0,1,225,214,11,0,11
S01011403,214,208,6,1,5,164,159,5,1,4,88,86,2,1,1,27,27,0,0,0,49,46,3,0,3,50,49,1,0,1
S01011404,505,468,37,0,37,255,230,25,0,25,45,45,0,0,0,78,76,2,0,2,132,109,23,0,23,250,238,12,0,12
S01011405,310,298,12,0,12,206,202,4,0,4,99,97,2,0,2,91,89,2,0,2,16,16,0,0,0,104,96,8,0,8
S01011406,293,287,6,0,6,277,273,4,0,4,33,33,0,0,0,96,94,2,0,2,148,146,2,0,2,16,14,2,0,2
S01011407,519,506,13,0,13,466,456,10,0,10,50,48,2,0,2,171,167,4,0,4,245,241,4,0,4,53,50,3,0,3
S01011408,378,369,9,1,8,348,340,8,1,7,13,13,0,0,0,110,105,5,1,4,225,222,3,0,3,30,29,1,0,1
S01011409,372,362,10,0,10,266,263,3,0,3,15,15,0,0,0,113,111,2,0,2,138,137,1,0,1,106,99,7,0,7
S01011410,319,316,3,0,3,271,268,3,0,3,25,25,0,0,0,116,115,1,0,1,130,128,2,0,2,48,48,0,0,0
S01011411,291,285,6,0,6,276,270,6,0,6,15,15,0,0,0,82,81,1,0,1,179,174,5,0,5,15,15,0,0,0
S01011412,363,357,6,0,6,356,350,6,0,6,180,176,4,0,4,160,158,2,0,2,16,16,0,0,0,7,7,0,0,0
S01011413,226,218,8,0,8,212,204,8,0,8,49,49,0,0,0,116,110,6,0,6,47,45,2,0,2,14,14,0,0,0
S01011414,384,377,7,0,7,325,319,6,0,6,35,34,1,0,1,178,177,1,0,1,112,108,4,0,4,59,58,1,0,1
S01011415,417,408,9,0,9,303,297,6,0,6,60,58,2,0,2,162,158,4,0,4,81,81,0,0,0,114,111,3,0,3
S01011416,242,240,2,0,2,236,234,2,0,2,75,75,0,0,0,135,133,2,0,2,26,26,0,0,0,6,6,0,0,0
S01011417,388,374,14,1,13,302,292,10,0,10,41,41,0,0,0,145,139,6,0,6,116,112,4,0,4,86,82,4,1,3
S01011418,273,264,9,0,9,138,135,3,0,3,5,5,0,0,0,13,13,0,0,0,120,117,3,0,3,135,129,6,0,6
S01011419,259,253,6,0,6,221,217,4,0,4,25,25,0,0,0,45,45,0,0,0,151,147,4,0,4,38,36,2,0,2
S01011420,282,250,32,0,32,154,153,1,0,1,12,12,0,0,0,26,26,0,0,0,116,115,1,0,1,128,97,31,0,31
S01011421,250,233,17,0,17,229,214,15,0,15,81,80,1,0,1,91,85,6,0,6,57,49,8,0,8,21,19,2,0,2
S01011422,266,264,2,0,2,212,211,1,0,1,35,34,1,0,1,164,164,0,0,0,13,13,0,0,0,54,53,1,0,1
S01011423,222,221,1,0,1,84,83,1,0,1,37,37,0,0,0,22,22,0,0,0,25,24,1,0,1,138,138,0,0,0
S01011424,239,237,2,0,2,177,176,1,0,1,24,23,1,0,1,45,45,0,0,0,108,108,0,0,0,62,61,1,0,1
S01011425,350,348,2,0,2,275,273,2,0,2,98,97,1,0,1,134,134,0,0,0,43,42,1,0,1,75,75,0,0,0
S01011426,372,356,16,0,16,344,329,15,0,15,268,254,14,0,14,59,58,1,0,1,17,17,0,0,0,28,27,1,0,1
S01011427,315,303,12,0,12,165,160,5,0,5,70,66,4,0,4,38,37,1,0,1,57,57,0,0,0,150,143,7,0,7
S01011428,249,243,6,0,6,157,155,2,0,2,33,33,0,0,0,72,71,1,0,1,52,51,1,0,1,92,88,4,0,4
S01011429,247,240,7,0,7,243,236,7,0,7,113,109,4,0,4,72,71,1,0,1,58,56,2,0,2,4,4,0,0,0
S01011430,385,368,17,0,17,301,288,13,0,13,115,111,4,0,4,121,115,6,0,6,65,62,3,0,3,84,80,4,0,4
S01011431,528,506,22,1,21,324,317,7,1,6,44,43,1,0,1,214,212,2,1,1,66,62,4,0,4,204,189,15,0,15
S01011432,475,467,8,0,8,397,390,7,0,7,27,27,0,0,0,61,60,1,0,1,309,303,6,0,6,78,77,1,0,1
S01011433,377,369,8,0,8,350,342,8,0,8,12,12,0,0,0,71,71,0,0,0,267,259,8,0,8,27,27,0,0,0
S01011434,256,250,6,0,6,202,199,3,0,3,49,49,0,0,0,77,77,0,0,0,76,73,3,0,3,54,51,3,0,3
S01011435,387,374,13,0,13,308,300,8,0,8,174,172,2,0,2,107,102,5,0,5,27,26,1,0,1,79,74,5,0,5
S01011436,377,370,7,0,7,254,249,5,0,5,32,31,1,0,1,78,78,0,0,0,144,140,4,0,4,123,121,2,0,2
S01011437,364,354,10,0,10,245,241,4,0,4,23,23,0,0,0,59,56,3,0,3,163,162,1,0,1,119,113,6,0,6
S01011438,246,241,5,0,5,117,115,2,0,2,5,5,0,0,0,42,41,1,0,1,70,69,1,0,1,129,126,3,0,3
S01011439,413,396,17,0,17,407,390,17,0,17,46,46,0,0,0,190,181,9,0,9,171,163,8,0,8,6,6,0,0,0
S01011440,282,276,6,0,6,227,222,5,0,5,13,13,0,0,0,119,117,2,0,2,95,92,3,0,3,55,54,1,0,1
S01011441,352,343,9,1,8,215,209,6,1,5,37,36,1,0,1,125,121,4,1,3,53,52,1,0,1,137,134,3,0,3
S01011442,350,327,23,0,23,247,241,6,0,6,38,38,0,0,0,78,76,2,0,2,131,127,4,0,4,103,86,17,0,17
S01011443,297,288,9,0,9,242,235,7,0,7,33,32,1,0,1,162,156,6,0,6,47,47,0,0,0,55,53,2,0,2
S01011444,335,334,1,0,1,145,144,1,0,1,13,13,0,0,0,26,26,0,0,0,106,105,1,0,1,190,190,0,0,0
S01011445,268,251,17,0,17,149,140,9,0,9,47,47,0,0,0,72,67,5,0,5,30,26,4,0,4,119,111,8,0,8
S01011446,240,231,9,0,9,158,150,8,0,8,82,80,2,0,2,40,40,0,0,0,36,30,6,0,6,82,81,1,0,1
S01011447,375,369,6,0,6,358,352,6,0,6,50,48,2,0,2,110,109,1,0,1,198,195,3,0,3,17,17,0,0,0
S01011448,386,377,9,0,9,323,318,5,0,5,120,118,2,0,2,109,108,1,0,1,94,92,2,0,2,63,59,4,0,4
S01011449,284,276,8,0,8,154,148,6,0,6,21,21,0,0,0,35,34,1,0,1,98,93,5,0,5,130,128,2,0,2
S01011450,247,239,8,0,8,217,209,8,0,8,119,118,1,0,1,42,39,3,0,3,56,52,4,0,4,30,30,0,0,0
S01011451,220,212,8,2,6,212,206,6,0,6,163,158,5,0,5,28,28,0,0,0,21,20,1,0,1,8,6,2,2,0
S01011452,427,412,15,0,15,310,297,13,0,13,103,103,0,0,0,132,127,5,0,5,75,67,8,0,8,117,115,2,0,2
S01011453,312,301,11,1,10,207,203,4,1,3,28,28,0,0,0,96,95,1,0,1,83,80,3,1,2,105,98,7,0,7
S01011454,363,351,12,0,12,314,305,9,0,9,10,10,0,0,0,103,100,3,0,3,201,195,6,0,6,49,46,3,0,3
S01011455,337,329,8,0,8,240,234,6,0,6,14,14,0,0,0,167,164,3,0,3,59,56,3,0,3,97,95,2,0,2
S01011456,364,356,8,0,8,353,345,8,0,8,20,20,0,0,0,142,137,5,0,5,191,188,3,0,3,11,11,0,0,0
S01011457,389,382,7,0,7,364,357,7,0,7,21,21,0,0,0,77,76,1,0,1,266,260,6,0,6,25,25,0,0,0
S01011458,375,374,1,0,1,355,354,1,0,1,210,209,1,0,1,87,87,0,0,0,58,58,0,0,0,20,20,0,0,0
S01011459,438,420,18,0,18,309,298,11,0,11,95,90,5,0,5,97,93,4,0,4,117,115,2,0,2,129,122,7,0,7
S01011460,298,292,6,0,6,242,238,4,0,4,52,52,0,0,0,60,60,0,0,0,130,126,4,0,4,56,54,2,0,2
S01011461,348,332,16,0,16,219,212,7,0,7,12,10,2,0,2,43,43,0,0,0,164,159,5,0,5,129,120,9,0,9
S01011462,414,404,10,1,9,316,311,5,0,5,122,122,0,0,0,47,45,2,0,2,147,144,3,0,3,98,93,5,1,4
S01011463,325,307,18,0,18,243,236,7,0,7,36,35,1,0,1,139,133,6,0,6,68,68,0,0,0,82,71,11,0,11
S01011464,232,223,9,0,9,135,135,0,0,0,112,112,0,0,0,14,14,0,0,0,9,9,0,0,0,97,88,9,0,9
S01011465,227,223,4,0,4,104,103,1,0,1,9,9,0,0,0,70,69,1,0,1,25,25,0,0,0,123,120,3,0,3
S01011466,340,316,24,0,24,118,114,4,0,4,17,15,2,0,2,63,63,0,0,0,38,36,2,0,2,222,202,20,0,20
S01011467,239,231,8,0,8,172,170,2,0,2,44,44,0,0,0,44,43,1,0,1,84,83,1,0,1,67,61,6,0,6
S01011468,315,310,5,0,5,273,270,3,0,3,151,150,1,0,1,80,79,1,0,1,42,41,1,0,1,42,40,2,0,2
S01011469,328,318,10,0,10,243,236,7,0,7,55,55,0,0,0,42,42,0,0,0,146,139,7,0,7,85,82,3,0,3
S01011470,515,491,24,0,24,330,328,2,0,2,69,69,0,0,0,148,148,0,0,0,113,111,2,0,2,185,163,22,0,22
S01011471,476,455,21,0,21,249,241,8,0,8,47,45,2,0,2,70,68,2,0,2,132,128,4,0,4,227,214,13,0,13
S01011472,562,535,27,1,26,173,170,3,1,2,17,16,1,0,1,52,52,0,0,0,104,102,2,1,1,389,365,24,0,24
S01011473,441,431,10,0,10,81,79,2,0,2,5,5,0,0,0,13,13,0,0,0,63,61,2,0,2,360,352,8,0,8
S01011474,503,481,22,0,22,55,54,1,0,1,4,4,0,0,0,17,17,0,0,0,34,33,1,0,1,448,427,21,0,21
S01011475,409,391,18,0,18,40,40,0,0,0,5,5,0,0,0,8,8,0,0,0,27,27,0,0,0,369,351,18,0,18
S01011476,199,198,1,0,1,193,192,1,0,1,41,41,0,0,0,132,131,1,0,1,20,20,0,0,0,6,6,0,0,0
S01011477,335,335,0,0,0,327,327,0,0,0,174,174,0,0,0,146,146,0,0,0,7,7,0,0,0,8,8,0,0,0
S01011478,458,442,16,1,15,317,310,7,1,6,125,123,2,1,1,176,172,4,0,4,16,15,1,0,1,141,132,9,0,9
S01011479,396,380,16,0,16,214,212,2,0,2,49,48,1,0,1,152,151,1,0,1,13,13,0,0,0,182,168,14,0,14
S01011480,473,467,6,0,6,279,277,2,0,2,55,55,0,0,0,207,205,2,0,2,17,17,0,0,0,194,190,4,0,4
S01011481,346,336,10,0,10,253,246,7,0,7,129,125,4,0,4,59,57,2,0,2,65,64,1,0,1,93,90,3,0,3
S01011482,437,424,13,0,13,233,227,6,0,6,15,14,1,0,1,61,61,0,0,0,157,152,5,0,5,204,197,7,0,7
S01011483,221,221,0,0,0,195,195,0,0,0,74,74,0,0,0,111,111,0,0,0,10,10,0,0,0,26,26,0,0,0
S01011484,387,381,6,0,6,225,223,2,0,2,9,9,0,0,0,104,102,2,0,2,112,112,0,0,0,162,158,4,0,4
S01011485,378,371,7,0,7,351,344,7,0,7,11,11,0,0,0,77,75,2,0,2,263,258,5,0,5,27,27,0,0,0
S01011486,238,235,3,0,3,176,175,1,0,1,9,9,0,0,0,81,81,0,0,0,86,85,1,0,1,62,60,2,0,2
S01011487,434,429,5,0,5,354,349,5,0,5,16,16,0,0,0,187,184,3,0,3,151,149,2,0,2,80,80,0,0,0
S01011488,294,284,10,0,10,209,204,5,0,5,8,8,0,0,0,63,62,1,0,1,138,134,4,0,4,85,80,5,0,5
S01011489,266,260,6,0,6,235,230,5,0,5,87,85,2,0,2,115,113,2,0,2,33,32,1,0,1,31,30,1,0,1
S01011490,487,473,14,0,14,240,234,6,0,6,24,24,0,0,0,115,111,4,0,4,101,99,2,0,2,247,239,8,0,8
S01011491,273,262,11,0,11,100,97,3,0,3,10,10,0,0,0,52,51,1,0,1,38,36,2,0,2,173,165,8,0,8
S01011492,429,395,34,0,34,81,81,0,0,0,11,11,0,0,0,29,29,0,0,0,41,41,0,0,0,348,314,34,0,34
S01011493,173,170,3,0,3,172,169,3,0,3,62,61,1,0,1,100,98,2,0,2,10,10,0,0,0,1,1,0,0,0
S01011494,336,332,4,0,4,200,197,3,0,3,21,21,0,0,0,70,70,0,0,0,109,106,3,0,3,136,135,1,0,1
S01011495,375,369,6,0,6,238,234,4,0,4,26,26,0,0,0,64,64,0,0,0,148,144,4,0,4,137,135,2,0,2
S01011496,310,308,2,0,2,119,119,0,0,0,10,10,0,0,0,56,56,0,0,0,53,53,0,0,0,191,189,2,0,2
S01011497,263,256,7,0,7,188,186,2,0,2,69,69,0,0,0,81,80,1,0,1,38,37,1,0,1,75,70,5,0,5
S01011498,230,230,0,0,0,218,218,0,0,0,69,69,0,0,0,99,99,0,0,0,50,50,0,0,0,12,12,0,0,0
S01011499,383,370,13,0,13,252,248,4,0,4,59,58,1,0,1,124,123,1,0,1,69,67,2,0,2,131,122,9,0,9
S01011500,224,219,5,0,5,178,177,1,0,1,7,7,0,0,0,95,95,0,0,0,76,75,1,0,1,46,42,4,0,4
S01011501,341,325,16,0,16,160,155,5,0,5,6,6,0,0,0,31,31,0,0,0,123,118,5,0,5,181,170,11,0,11
S01011502,308,305,3,0,3,300,297,3,0,3,7,7,0,0,0,67,67,0,0,0,226,223,3,0,3,8,8,0,0,0
S01011503,254,253,1,0,1,221,220,1,0,1,13,13,0,0,0,36,36,0,0,0,172,171,1,0,1,33,33,0,0,0
S01011504,241,237,4,0,4,184,181,3,0,3,20,19,1,0,1,126,124,2,0,2,38,38,0,0,0,57,56,1,0,1
S01011505,327,322,5,0,5,70,70,0,0,0,23,23,0,0,0,33,33,0,0,0,14,14,0,0,0,257,252,5,0,5
S01011506,241,237,4,0,4,203,201,2,0,2,8,8,0,0,0,148,146,2,0,2,47,47,0,0,0,38,36,2,0,2
S01011507,296,293,3,1,2,255,252,3,1,2,21,20,1,0,1,133,131,2,1,1,101,101,0,0,0,41,41,0,0,0
S01011508,485,468,17,0,17,250,247,3,0,3,14,14,0,0,0,165,162,3,0,3,71,71,0,0,0,235,221,14,0,14
S01011509,248,247,1,0,1,220,220,0,0,0,7,7,0,0,0,106,106,0,0,0,107,107,0,0,0,28,27,1,0,1
S01011510,440,435,5,0,5,299,297,2,0,2,12,12,0,0,0,145,144,1,0,1,142,141,1,0,1,141,138,3,0,3
S01011511,267,255,12,0,12,126,124,2,0,2,0,0,0,0,0,32,32,0,0,0,94,92,2,0,2,141,131,10,0,10
S01011512,501,482,19,0,19,238,234,4,0,4,12,12,0,0,0,52,51,1,0,1,174,171,3,0,3,263,248,15,0,15
S01011513,376,358,18,0,18,153,149,4,0,4,12,12,0,0,0,36,34,2,0,2,105,103,2,0,2,223,209,14,0,14
S01011514,344,337,7,0,7,300,295,5,0,5,11,11,0,0,0,50,50,0,0,0,239,234,5,0,5,44,42,2,0,2
S01011515,290,280,10,0,10,180,177,3,0,3,17,16,1,0,1,98,97,1,0,1,65,64,1,0,1,110,103,7,0,7
S01011516,369,358,11,1,10,319,315,4,0,4,100,98,2,0,2,162,161,1,0,1,57,56,1,0,1,50,43,7,1,6
S01011517,226,225,1,0,1,221,220,1,0,1,17,17,0,0,0,60,60,0,0,0,144,143,1,0,1,5,5,0,0,0
S01011518,307,302,5,0,5,234,232,2,0,2,5,5,0,0,0,44,44,0,0,0,185,183,2,0,2,73,70,3,0,3
S01011519,315,310,5,0,5,307,302,5,0,5,9,9,0,0,0,31,31,0,0,0,267,262,5,0,5,8,8,0,0,0
S01011520,280,273,7,0,7,201,198,3,0,3,12,12,0,0,0,23,23,0,0,0,166,163,3,0,3,79,75,4,0,4
S01011521,467,441,26,0,26,169,164,5,0,5,38,37,1,0,1,69,68,1,0,1,62,59,3,0,3,298,277,21,0,21
S01011522,470,463,7,0,7,100,100,0,0,0,36,36,0,0,0,46,46,0,0,0,18,18,0,0,0,370,363,7,0,7
S01011523,376,340,36,0,36,231,230,1,0,1,16,16,0,0,0,35,35,0,0,0,180,179,1,0,1,145,110,35,0,35
S01011524,400,396,4,0,4,291,291,0,0,0,39,39,0,0,0,153,153,0,0,0,99,99,0,0,0,109,105,4,0,4
S01011525,349,348,1,0,1,311,311,0,0,0,100,100,0,0,0,34,34,0,0,0,177,177,0,0,0,38,37,1,0,1
S01011526,425,422,3,0,3,352,351,1,0,1,22,22,0,0,0,47,47,0,0,0,283,282,1,0,1,73,71,2,0,2
S01011527,293,290,3,0,3,270,267,3,0,3,93,93,0,0,0,107,107,0,0,0,70,67,3,0,3,23,23,0,0,0
S01011528,516,495,21,0,21,278,268,10,0,10,29,27,2,0,2,142,139,3,0,3,107,102,5,0,5,238,227,11,0,11
S01011529,303,291,12,0,12,94,88,6,0,6,3,3,0,0,0,11,9,2,0,2,80,76,4,0,4,209,203,6,0,6
S01011530,473,468,5,0,5,267,264,3,0,3,24,24,0,0,0,67,67,0,0,0,176,173,3,0,3,206,204,2,0,2
S01011531,483,473,10,0,10,382,374,8,0,8,146,143,3,0,3,203,198,5,0,5,33,33,0,0,0,101,99,2,0,2
S01011532,238,237,1,0,1,210,209,1,0,1,165,164,1,0,1,39,39,0,0,0,6,6,0,0,0,28,28,0,0,0
S01011533,323,315,8,0,8,91,91,0,0,0,16,16,0,0,0,55,55,0,0,0,20,20,0,0,0,232,224,8,0,8
S01011534,344,341,3,0,3,275,273,2,0,2,29,29,0,0,0,201,199,2,0,2,45,45,0,0,0,69,68,1,0,1
S01011535,473,467,6,0,6,246,244,2,0,2,20,20,0,0,0,91,91,0,0,0,135,133,2,0,2,227,223,4,0,4
S01011536,269,269,0,0,0,228,228,0,0,0,99,99,0,0,0,112,112,0,0,0,17,17,0,0,0,41,41,0,0,0
S01011537,253,252,1,0,1,193,192,1,0,1,26,26,0,0,0,69,69,0,0,0,98,97,1,0,1,60,60,0,0,0
S01011538,262,259,3,0,3,255,252,3,0,3,86,85,1,0,1,123,121,2,0,2,46,46,0,0,0,7,7,0,0,0
S01011539,315,312,3,0,3,195,193,2,0,2,3,3,0,0,0,43,43,0,0,0,149,147,2,0,2,120,119,1,0,1
S01011540,435,431,4,0,4,389,385,4,0,4,15,15,0,0,0,137,135,2,0,2,237,235,2,0,2,46,46,0,0,0
S01011541,383,382,1,0,1,372,371,1,0,1,11,11,0,0,0,76,76,0,0,0,285,284,1,0,1,11,11,0,0,0
S01011542,381,374,7,1,6,373,366,7,1,6,13,13,0,0,0,53,53,0,0,0,307,300,7,1,6,8,8,0,0,0
S01011543,326,325,1,0,1,317,316,1,0,1,9,9,0,0,0,71,71,0,0,0,237,236,1,0,1,9,9,0,0,0
S01011544,296,295,1,1,0,285,284,1,1,0,10,10,0,0,0,88,88,0,0,0,187,186,1,1,0,11,11,0,0,0
S01011545,255,252,3,0,3,244,241,3,0,3,4,4,0,0,0,35,35,0,0,0,205,202,3,0,3,11,11,0,0,0
S01011546,238,236,2,0,2,231,229,2,0,2,162,161,1,0,1,55,54,1,0,1,14,14,0,0,0,7,7,0,0,0
S01011547,218,216,2,0,2,215,213,2,0,2,74,74,0,0,0,96,95,1,0,1,45,44,1,0,1,3,3,0,0,0
S01011548,332,331,1,0,1,290,289,1,0,1,9,9,0,0,0,130,130,0,0,0,151,150,1,0,1,42,42,0,0,0
S01011549,319,318,1,0,1,313,312,1,0,1,57,57,0,0,0,202,202,0,0,0,54,53,1,0,1,6,6,0,0,0
S01011550,277,277,0,0,0,265,265,0,0,0,92,92,0,0,0,160,160,0,0,0,13,13,0,0,0,12,12,0,0,0
S01011551,244,227,17,0,17,207,203,4,0,4,43,40,3,0,3,86,86,0,0,0,78,77,1,0,1,37,24,13,0,13
S01011552,271,269,2,0,2,265,263,2,0,2,36,36,0,0,0,153,152,1,0,1,76,75,1,0,1,6,6,0,0,0
S01011553,272,267,5,0,5,255,250,5,0,5,240,235,5,0,5,11,11,0,0,0,4,4,0,0,0,17,17,0,0,0
S01011554,372,372,0,0,0,299,299,0,0,0,53,53,0,0,0,28,28,0,0,0,218,218,0,0,0,73,73,0,0,0
S01011555,238,236,2,0,2,34,34,0,0,0,10,10,0,0,0,3,3,0,0,0,21,21,0,0,0,204,202,2,0,2
S01011556,253,251,2,0,2,36,36,0,0,0,12,12,0,0,0,10,10,0,0,0,14,14,0,0,0,217,215,2,0,2
S01011557,303,303,0,0,0,293,293,0,0,0,8,8,0,0,0,81,81,0,0,0,204,204,0,0,0,10,10,0,0,0
S01011558,246,242,4,0,4,195,194,1,0,1,13,13,0,0,0,55,54,1,0,1,127,127,0,0,0,51,48,3,0,3
S01011559,247,246,1,0,1,163,162,1,0,1,5,5,0,0,0,53,53,0,0,0,105,104,1,0,1,84,84,0,0,0
S01011560,321,318,3,0,3,239,237,2,0,2,6,6,0,0,0,72,72,0,0,0,161,159,2,0,2,82,81,1,0,1
S01011561,302,302,0,0,0,231,231,0,0,0,10,10,0,0,0,82,82,0,0,0,139,139,0,0,0,71,71,0,0,0
S01011562,274,270,4,0,4,222,220,2,0,2,14,14,0,0,0,97,96,1,0,1,111,110,1,0,1,52,50,2,0,2
S01011563,292,287,5,0,5,219,215,4,0,4,17,16,1,0,1,101,100,1,0,1,101,99,2,0,2,73,72,1,0,1
S01011564,416,410,6,0,6,387,381,6,0,6,51,51,0,0,0,138,133,5,0,5,198,197,1,0,1,29,29,0,0,0
S01011565,368,365,3,0,3,344,341,3,0,3,31,31,0,0,0,111,111,0,0,0,202,199,3,0,3,24,24,0,0,0
S01011566,382,374,8,0,8,214,211,3,0,3,6,6,0,0,0,55,54,1,0,1,153,151,2,0,2,168,163,5,0,5
S01011567,457,454,3,0,3,393,390,3,0,3,13,13,0,0,0,83,83,0,0,0,297,294,3,0,3,64,64,0,0,0
S01011568,322,320,2,0,2,310,308,2,0,2,11,11,0,0,0,140,140,0,0,0,159,157,2,0,2,12,12,0,0,0
S01011569,420,414,6,0,6,262,261,1,0,1,21,21,0,0,0,117,116,1,0,1,124,124,0,0,0,158,153,5,0,5
S01011570,338,329,9,1,8,61,61,0,0,0,4,4,0,0,0,17,17,0,0,0,40,40,0,0,0,277,268,9,1,8
S01011571,403,389,14,1,13,28,28,0,0,0,6,6,0,0,0,10,10,0,0,0,12,12,0,0,0,375,361,14,1,13
S01011572,299,294,5,0,5,77,75,2,0,2,29,29,0,0,0,27,27,0,0,0,21,19,2,0,2,222,219,3,0,3
S01011573,483,474,9,0,9,260,256,4,0,4,88,86,2,0,2,142,141,1,0,1,30,29,1,0,1,223,218,5,0,5
S01011574,296,296,0,0,0,281,281,0,0,0,40,40,0,0,0,93,93,0,0,0,148,148,0,0,0,15,15,0,0,0
S01011575,233,229,4,0,4,200,197,3,0,3,39,39,0,0,0,52,51,1,0,1,109,107,2,0,2,33,32,1,0,1
S01011576,378,374,4,0,4,121,119,2,0,2,6,6,0,0,0,39,39,0,0,0,76,74,2,0,2,257,255,2,0,2
S01011577,335,328,7,0,7,144,141,3,0,3,43,43,0,0,0,83,81,2,0,2,18,17,1,0,1,191,187,4,0,4
S01011578,360,355,5,0,5,121,119,2,0,2,35,35,0,0,0,63,62,1,0,1,23,22,1,0,1,239,236,3,0,3
S01011579,419,413,6,0,6,386,380,6,0,6,171,166,5,0,5,149,149,0,0,0,66,65,1,0,1,33,33,0,0,0
S01011580,340,311,29,0,29,134,120,14,0,14,96,82,14,0,14,15,15,0,0,0,23,23,0,0,0,206,191,15,0,15
S01011581,486,463,23,0,23,80,79,1,0,1,16,15,1,0,1,40,40,0,0,0,24,24,0,0,0,406,384,22,0,22
S01011582,484,477,7,0,7,285,279,6,0,6,60,60,0,0,0,176,171,5,0,5,49,48,1,0,1,199,198,1,0,1
S01011583,346,332,14,0,14,106,105,1,0,1,13,12,1,0,1,27,27,0,0,0,66,66,0,0,0,240,227,13,0,13
S01011584,327,325,2,0,2,172,170,2,0,2,13,12,1,0,1,29,29,0,0,0,130,129,1,0,1,155,155,0,0,0
S01011585,342,336,6,1,5,113,112,1,0,1,5,5,0,0,0,34,34,0,0,0,74,73,1,0,1,229,224,5,1,4
S01011586,241,239,2,0,2,78,77,1,0,1,6,6,0,0,0,46,45,1,0,1,26,26,0,0,0,163,162,1,0,1
S01011587,239,236,3,0,3,88,87,1,0,1,8,8,0,0,0,35,35,0,0,0,45,44,1,0,1,151,149,2,0,2
S01011588,305,302,3,0,3,245,242,3,0,3,10,10,0,0,0,202,199,3,0,3,33,33,0,0,0,60,60,0,0,0
S01011589,351,347,4,0,4,303,300,3,0,3,23,23,0,0,0,138,136,2,0,2,142,141,1,0,1,48,47,1,0,1
S01011590,289,287,2,0,2,252,250,2,0,2,8,8,0,0,0,142,141,1,0,1,102,101,1,0,1,37,37,0,0,0
S01011591,269,268,1,0,1,176,175,1,0,1,5,5,0,0,0,60,60,0,0,0,111,110,1,0,1,93,93,0,0,0
S01011592,356,353,3,0,3,31,31,0,0,0,8,8,0,0,0,12,12,0,0,0,11,11,0,0,0,325,322,3,0,3
S01011593,325,325,0,0,0,142,142,0,0,0,42,42,0,0,0,51,51,0,0,0,49,49,0,0,0,183,183,0,0,0
S01011594,225,221,4,1,3,66,65,1,0,1,30,30,0,0,0,14,14,0,0,0,22,21,1,0,1,159,156,3,1,2
S01011595,312,301,11,0,11,112,112,0,0,0,24,24,0,0,0,56,56,0,0,0,32,32,0,0,0,200,189,11,0,11
S01011596,494,489,5,0,5,165,165,0,0,0,27,27,0,0,0,41,41,0,0,0,97,97,0,0,0,329,324,5,0,5
S01011597,272,268,4,0,4,134,132,2,0,2,2,2,0,0,0,67,66,1,0,1,65,64,1,0,1,138,136,2,0,2
S01011598,565,544,21,0,21,21,21,0,0,0,5,5,0,0,0,5,5,0,0,0,11,11,0,0,0,544,523,21,0,21
S01011599,366,362,4,0,4,102,102,0,0,0,5,5,0,0,0,65,65,0,0,0,32,32,0,0,0,264,260,4,0,4
S01011600,403,392,11,0,11,112,112,0,0,0,6,6,0,0,0,48,48,0,0,0,58,58,0,0,0,291,280,11,0,11
S01011601,316,316,0,0,0,298,298,0,0,0,67,67,0,0,0,191,191,0,0,0,40,40,0,0,0,18,18,0,0,0
S01011602,275,266,9,0,9,169,164,5,0,5,9,9,0,0,0,40,35,5,0,5,120,120,0,0,0,106,102,4,0,4
S01011603,453,443,10,0,10,141,139,2,0,2,10,10,0,0,0,23,21,2,0,2,108,108,0,0,0,312,304,8,0,8
S01011604,306,293,13,0,13,202,198,4,0,4,7,7,0,0,0,36,32,4,0,4,159,159,0,0,0,104,95,9,0,9
S01011605,381,376,5,0,5,333,328,5,0,5,18,18,0,0,0,98,97,1,0,1,217,213,4,0,4,48,48,0,0,0
S01011606,347,342,5,0,5,332,327,5,0,5,151,147,4,0,4,175,174,1,0,1,6,6,0,0,0,15,15,0,0,0
S01011607,236,231,5,0,5,188,186,2,0,2,30,30,0,0,0,147,146,1,0,1,11,10,1,0,1,48,45,3,0,3
S01011608,365,360,5,0,5,306,301,5,0,5,129,129,0,0,0,151,146,5,0,5,26,26,0,0,0,59,59,0,0,0
S01011609,479,479,0,0,0,124,124,0,0,0,12,12,0,0,0,70,70,0,0,0,42,42,0,0,0,355,355,0,0,0
S01011610,379,362,17,0,17,247,235,12,0,12,11,11,0,0,0,100,98,2,0,2,136,126,10,0,10,132,127,5,0,5
S01011611,264,258,6,0,6,236,230,6,0,6,26,26,0,0,0,177,176,1,0,1,33,28,5,0,5,28,28,0,0,0
S01011612,212,211,1,0,1,210,209,1,0,1,172,172,0,0,0,36,35,1,0,1,2,2,0,0,0,2,2,0,0,0
S01011613,378,374,4,0,4,357,355,2,0,2,166,165,1,0,1,176,176,0,0,0,15,14,1,0,1,21,19,2,0,2
S01011614,186,183,3,0,3,160,158,2,0,2,49,49,0,0,0,33,33,0,0,0,78,76,2,0,2,26,25,1,0,1
S01011615,308,296,12,0,12,135,133,2,0,2,13,13,0,0,0,64,62,2,0,2,58,58,0,0,0,173,163,10,0,10
S01011616,218,211,7,0,7,132,128,4,0,4,8,8,0,0,0,83,83,0,0,0,41,37,4,0,4,86,83,3,0,3
S01011617,391,388,3,0,3,337,335,2,0,2,8,8,0,0,0,88,88,0,0,0,241,239,2,0,2,54,53,1,0,1
S01011618,278,277,1,0,1,205,204,1,0,1,10,10,0,0,0,82,81,1,0,1,113,113,0,0,0,73,73,0,0,0
S01011619,413,406,7,0,7,371,365,6,0,6,121,120,1,0,1,186,182,4,0,4,64,63,1,0,1,42,41,1,0,1
S01011620,402,394,8,0,8,400,392,8,0,8,215,208,7,0,7,140,140,0,0,0,45,44,1,0,1,2,2,0,0,0
S01011621,296,286,10,0,10,248,240,8,0,8,38,37,1,0,1,34,34,0,0,0,176,169,7,0,7,48,46,2,0,2
S01011622,234,230,4,0,4,228,224,4,0,4,180,176,4,0,4,35,35,0,0,0,13,13,0,0,0,6,6,0,0,0
S01011623,320,314,6,0,6,197,194,3,0,3,25,25,0,0,0,62,61,1,0,1,110,108,2,0,2,123,120,3,0,3
S01011624,303,294,9,0,9,209,204,5,0,5,91,91,0,0,0,46,46,0,0,0,72,67,5,0,5,94,90,4,0,4
S01011625,243,240,3,0,3,206,203,3,0,3,12,12,0,0,0,73,72,1,0,1,121,119,2,0,2,37,37,0,0,0
S01011626,293,289,4,0,4,247,245,2,0,2,135,134,1,0,1,40,40,0,0,0,72,71,1,0,1,46,44,2,0,2
S01011627,263,260,3,0,3,228,225,3,0,3,103,102,1,0,1,67,66,1,0,1,58,57,1,0,1,35,35,0,0,0
S01011628,416,410,6,0,6,402,396,6,0,6,191,188,3,0,3,132,131,1,0,1,79,77,2,0,2,14,14,0,0,0
S01011629,244,240,4,0,4,241,237,4,0,4,10,10,0,0,0,109,109,0,0,0,122,118,4,0,4,3,3,0,0,0
S01011630,260,255,5,0,5,256,251,5,0,5,21,21,0,0,0,148,145,3,0,3,87,85,2,0,2,4,4,0,0,0
S01011631,253,245,8,0,8,241,233,8,0,8,15,15,0,0,0,80,79,1,0,1,146,139,7,0,7,12,12,0,0,0
S01011632,323,315,8,0,8,306,299,7,0,7,20,20,0,0,0,53,51,2,0,2,233,228,5,0,5,17,16,1,0,1
S01011633,332,321,11,0,11,213,210,3,0,3,10,10,0,0,0,51,51,0,0,0,152,149,3,0,3,119,111,8,0,8
S01011634,251,235,16,1,15,195,192,3,0,3,9,9,0,0,0,55,54,1,0,1,131,129,2,0,2,56,43,13,1,12
S01011635,284,274,10,0,10,222,219,3,0,3,14,14,0,0,0,89,89,0,0,0,119,116,3,0,3,62,55,7,0,7
S01011636,291,283,8,0,8,96,96,0,0,0,13,13,0,0,0,45,45,0,0,0,38,38,0,0,0,195,187,8,0,8
S01011637,308,299,9,0,9,97,95,2,0,2,26,26,0,0,0,62,60,2,0,2,9,9,0,0,0,211,204,7,0,7
S01011638,270,260,10,1,9,96,94,2,0,2,21,20,1,0,1,53,52,1,0,1,22,22,0,0,0,174,166,8,1,7
S01011639,252,250,2,0,2,48,47,1,0,1,13,12,1,0,1,27,27,0,0,0,8,8,0,0,0,204,203,1,0,1
S01011640,264,259,5,0,5,155,155,0,0,0,15,15,0,0,0,66,66,0,0,0,74,74,0,0,0,109,104,5,0,5
S01011641,197,195,2,0,2,194,192,2,0,2,57,56,1,0,1,135,134,1,0,1,2,2,0,0,0,3,3,0,0,0
S01011642,361,352,9,0,9,248,240,8,0,8,57,55,2,0,2,173,168,5,0,5,18,17,1,0,1,113,112,1,0,1
S01011643,245,238,7,0,7,145,141,4,0,4,69,67,2,0,2,36,35,1,0,1,40,39,1,0,1,100,97,3,0,3
S01011644,345,339,6,0,6,252,249,3,0,3,39,39,0,0,0,119,117,2,0,2,94,93,1,0,1,93,90,3,0,3
S01011645,261,257,4,0,4,169,165,4,0,4,7,7,0,0,0,153,149,4,0,4,9,9,0,0,0,92,92,0,0,0
S01011646,262,262,0,0,0,255,255,0,0,0,106,106,0,0,0,141,141,0,0,0,8,8,0,0,0,7,7,0,0,0
S01011647,331,330,1,0,1,305,304,1,0,1,65,65,0,0,0,202,202,0,0,0,38,37,1,0,1,26,26,0,0,0
S01011648,290,276,14,1,13,170,168,2,0,2,110,110,0,0,0,32,30,2,0,2,28,28,0,0,0,120,108,12,1,11
S01011649,251,243,8,1,7,108,107,1,1,0,28,27,1,1,0,42,42,0,0,0,38,38,0,0,0,143,136,7,0,7
S01011650,308,308,0,0,0,239,239,0,0,0,44,44,0,0,0,84,84,0,0,0,111,111,0,0,0,69,69,0,0,0
S01011651,450,446,4,1,3,189,186,3,0,3,18,18,0,0,0,152,149,3,0,3,19,19,0,0,0,261,260,1,1,0
S01011652,317,311,6,1,5,273,267,6,1,5,56,56,0,0,0,175,169,6,1,5,42,42,0,0,0,44,44,0,0,0
S01011653,344,340,4,0,4,227,225,2,0,2,15,15,0,0,0,167,165,2,0,2,45,45,0,0,0,117,115,2,0,2
S01011654,540,521,19,0,19,174,170,4,0,4,44,44,0,0,0,70,68,2,0,2,60,58,2,0,2,366,351,15,0,15
S01011655,484,471,13,0,13,109,106,3,0,3,7,7,0,0,0,39,38,1,0,1,63,61,2,0,2,375,365,10,0,10
S01011656,288,287,1,0,1,88,88,0,0,0,10,10,0,0,0,25,25,0,0,0,53,53,0,0,0,200,199,1,0,1
S01011657,284,281,3,0,3,55,55,0,0,0,13,13,0,0,0,27,27,0,0,0,15,15,0,0,0,229,226,3,0,3
S01011658,310,304,6,0,6,263,257,6,0,6,13,13,0,0,0,33,33,0,0,0,217,211,6,0,6,47,47,0,0,0
S01011659,356,353,3,0,3,231,229,2,0,2,28,27,1,0,1,48,48,0,0,0,155,154,1,0,1,125,124,1,0,1
S01011660,380,379,1,0,1,333,332,1,0,1,78,78,0,0,0,154,153,1,0,1,101,101,0,0,0,47,47,0,0,0
S01011661,259,246,13,0,13,179,177,2,0,2,17,17,0,0,0,67,67,0,0,0,95,93,2,0,2,80,69,11,0,11
S01011662,240,237,3,0,3,234,231,3,0,3,139,136,3,0,3,91,91,0,0,0,4,4,0,0,0,6,6,0,0,0
S01011663,461,428,33,0,33,280,274,6,0,6,14,14,0,0,0,85,85,0,0,0,181,175,6,0,6,181,154,27,0,27
S01011664,413,408,5,0,5,368,363,5,0,5,23,23,0,0,0,129,129,0,0,0,216,211,5,0,5,45,45,0,0,0
S01011665,441,428,13,0,13,104,101,3,0,3,15,14,1,0,1,25,25,0,0,0,64,62,2,0,2,337,327,10,0,10
S01011666,472,454,18,0,18,118,115,3,0,3,31,29,2,0,2,51,51,0,0,0,36,35,1,0,1,354,339,15,0,15
S01011667,408,375,33,0,33,153,149,4,0,4,39,38,1,0,1,57,55,2,0,2,57,56,1,0,1,255,226,29,0,29
S01011668,439,429,10,0,10,75,74,1,0,1,26,25,1,0,1,38,38,0,0,0,11,11,0,0,0,364,355,9,0,9
S01011669,310,299,11,1,10,151,144,7,1,6,94,90,4,1,3,35,32,3,0,3,22,22,0,0,0,159,155,4,0,4
S01011670,240,234,6,0,6,60,56,4,0,4,12,11,1,0,1,37,36,1,0,1,11,9,2,0,2,180,178,2,0,2
S01011671,323,316,7,1,6,215,212,3,1,2,49,49,0,0,0,142,141,1,1,0,24,22,2,0,2,108,104,4,0,4
S01011672,281,275,6,0,6,175,172,3,0,3,35,34,1,0,1,48,47,1,0,1,92,91,1,0,1,106,103,3,0,3
S01011673,285,275,10,0,10,116,114,2,0,2,22,22,0,0,0,24,23,1,0,1,70,69,1,0,1,169,161,8,0,8
S01011674,442,434,8,0,8,339,332,7,0,7,84,81,3,0,3,175,171,4,0,4,80,80,0,0,0,103,102,1,0,1
S01011675,401,387,14,0,14,327,316,11,0,11,84,80,4,0,4,65,65,0,0,0,178,171,7,0,7,74,71,3,0,3
S01011676,320,311,9,0,9,272,267,5,0,5,11,11,0,0,0,58,55,3,0,3,203,201,2,0,2,48,44,4,0,4
S01011677,289,258,31,0,31,210,193,17,0,17,109,98,11,0,11,32,28,4,0,4,69,67,2,0,2,79,65,14,0,14
S01011678,235,222,13,0,13,65,63,2,0,2,36,34,2,0,2,22,22,0,0,0,7,7,0,0,0,170,159,11,0,11
S01011679,215,204,11,0,11,203,193,10,0,10,68,67,1,0,1,62,59,3,0,3,73,67,6,0,6,12,11,1,0,1
S01011680,462,454,8,0,8,368,361,7,0,7,53,52,1,0,1,162,162,0,0,0,153,147,6,0,6,94,93,1,0,1
S01011681,350,345,5,0,5,337,332,5,0,5,44,43,1,0,1,105,105,0,0,0,188,184,4,0,4,13,13,0,0,0
S01011682,190,182,8,0,8,172,164,8,0,8,135,130,5,0,5,26,25,1,0,1,11,9,2,0,2,18,18,0,0,0
S01011683,327,306,21,0,21,202,192,10,0,10,69,63,6,0,6,54,53,1,0,1,79,76,3,0,3,125,114,11,0,11
S01011684,238,234,4,0,4,177,175,2,0,2,81,81,0,0,0,46,44,2,0,2,50,50,0,0,0,61,59,2,0,2
S01011685,280,279,1,0,1,269,268,1,0,1,157,157,0,0,0,96,96,0,0,0,16,15,1,0,1,11,11,0,0,0
S01011686,348,344,4,0,4,281,279,2,0,2,163,162,1,0,1,81,81,0,0,0,37,36,1,0,1,67,65,2,0,2
S01011687,387,386,1,0,1,332,331,1,0,1,34,33,1,0,1,65,65,0,0,0,233,233,0,0,0,55,55,0,0,0
S01011688,311,307,4,1,3,222,219,3,1,2,146,144,2,1,1,47,47,0,0,0,29,28,1,0,1,89,88,1,0,1
S01011689,251,248,3,0,3,247,244,3,0,3,202,199,3,0,3,33,33,0,0,0,12,12,0,0,0,4,4,0,0,0
S01011690,398,396,2,1,1,282,280,2,1,1,204,204,0,0,0,49,48,1,1,0,29,28,1,0,1,116,116,0,0,0
S01011691,229,224,5,0,5,219,214,5,0,5,94,89,5,0,5,60,60,0,0,0,65,65,0,0,0,10,10,0,0,0
S01011692,457,455,2,1,1,322,322,0,0,0,11,11,0,0,0,77,77,0,0,0,234,234,0,0,0,135,133,2,1,1
S01011693,373,367,6,0,6,243,240,3,0,3,58,58,0,0,0,40,39,1,0,1,145,143,2,0,2,130,127,3,0,3
S01011694,202,200,2,0,2,168,166,2,0,2,114,112,2,0,2,31,31,0,0,0,23,23,0,0,0,34,34,0,0,0
S01011695,334,333,1,0,1,326,325,1,0,1,225,224,1,0,1,45,45,0,0,0,56,56,0,0,0,8,8,0,0,0
S01011696,353,351,2,0,2,346,344,2,0,2,322,320,2,0,2,18,18,0,0,0,6,6,0,0,0,7,7,0,0,0
S01011697,402,398,4,0,4,306,302,4,0,4,175,172,3,0,3,71,70,1,0,1,60,60,0,0,0,96,96,0,0,0
S01011698,273,271,2,0,2,171,170,1,0,1,16,15,1,0,1,72,72,0,0,0,83,83,0,0,0,102,101,1,0,1
S01011699,396,387,9,0,9,289,287,2,0,2,53,52,1,0,1,214,213,1,0,1,22,22,0,0,0,107,100,7,0,7
S01011700,364,354,10,0,10,254,248,6,0,6,74,70,4,0,4,143,143,0,0,0,37,35,2,0,2,110,106,4,0,4
S01011701,446,444,2,0,2,306,305,1,0,1,152,151,1,0,1,106,106,0,0,0,48,48,0,0,0,140,139,1,0,1
S01011702,337,335,2,1,1,302,300,2,1,1,75,75,0,0,0,173,171,2,1,1,54,54,0,0,0,35,35,0,0,0
S01011703,262,255,7,0,7,217,212,5,0,5,99,96,3,0,3,72,70,2,0,2,46,46,0,0,0,45,43,2,0,2
S01011704,275,274,1,0,1,213,212,1,0,1,125,125,0,0,0,57,56,1,0,1,31,31,0,0,0,62,62,0,0,0
S01011705,320,318,2,0,2,125,124,1,0,1,62,61,1,0,1,48,48,0,0,0,15,15,0,0,0,195,194,1,0,1
S01011706,459,450,9,3,6,311,307,4,1,3,58,56,2,1,1,144,142,2,0,2,109,109,0,0,0,148,143,5,2,3
S01011707,284,283,1,0,1,277,276,1,0,1,96,96,0,0,0,157,157,0,0,0,24,23,1,0,1,7,7,0,0,0
S01011708,452,448,4,1,3,256,254,2,1,1,51,51,0,0,0,146,144,2,1,1,59,59,0,0,0,196,194,2,0,2
S01011709,372,370,2,0,2,337,335,2,0,2,86,86,0,0,0,150,149,1,0,1,101,100,1,0,1,35,35,0,0,0
S01011710,261,257,4,0,4,179,177,2,0,2,17,17,0,0,0,23,23,0,0,0,139,137,2,0,2,82,80,2,0,2
S01011711,327,321,6,0,6,221,216,5,0,5,8,8,0,0,0,31,31,0,0,0,182,177,5,0,5,106,105,1,0,1
S01011712,296,294,2,0,2,160,159,1,0,1,4,4,0,0,0,26,26,0,0,0,130,129,1,0,1,136,135,1,0,1
S01011713,398,389,9,0,9,366,358,8,0,8,18,18,0,0,0,304,297,7,0,7,44,43,1,0,1,32,31,1,0,1
S01011714,197,194,3,0,3,194,191,3,0,3,75,75,0,0,0,92,89,3,0,3,27,27,0,0,0,3,3,0,0,0
S01011715,300,297,3,0,3,158,156,2,0,2,15,15,0,0,0,26,26,0,0,0,117,115,2,0,2,142,141,1,0,1
S01011716,352,351,1,0,1,334,333,1,0,1,105,105,0,0,0,144,143,1,0,1,85,85,0,0,0,18,18,0,0,0
S01011717,294,294,0,0,0,292,292,0,0,0,68,68,0,0,0,217,217,0,0,0,7,7,0,0,0,2,2,0,0,0
S01011718,294,289,5,0,5,262,259,3,0,3,174,172,2,0,2,50,49,1,0,1,38,38,0,0,0,32,30,2,0,2
S01011719,227,224,3,0,3,208,206,2,0,2,115,115,0,0,0,79,77,2,0,2,14,14,0,0,0,19,18,1,0,1
S01011720,215,213,2,0,2,182,181,1,0,1,121,121,0,0,0,56,56,0,0,0,5,4,1,0,1,33,32,1,0,1
S01011721,313,305,8,0,8,311,303,8,0,8,11,11,0,0,0,37,37,0,0,0,263,255,8,0,8,2,2,0,0,0
S01011722,320,317,3,0,3,299,297,2,0,2,36,36,0,0,0,41,40,1,0,1,222,221,1,0,1,21,20,1,0,1
S01011723,401,397,4,0,4,395,391,4,0,4,53,51,2,0,2,40,40,0,0,0,302,300,2,0,2,6,6,0,0,0
S01011724,264,261,3,0,3,256,253,3,0,3,74,72,2,0,2,84,83,1,0,1,98,98,0,0,0,8,8,0,0,0
S01011725,221,219,2,0,2,218,216,2,0,2,137,136,1,0,1,56,55,1,0,1,25,25,0,0,0,3,3,0,0,0
S01011726,209,208,1,0,1,206,205,1,0,1,101,100,1,0,1,95,95,0,0,0,10,10,0,0,0,3,3,0,0,0
S01011727,268,261,7,1,6,223,217,6,1,5,198,193,5,1,4,17,17,0,0,0,8,7,1,0,1,45,44,1,0,1
S01011728,394,393,1,0,1,320,319,1,0,1,24,24,0,0,0,29,29,0,0,0,267,266,1,0,1,74,74,0,0,0
S01011729,305,302,3,0,3,190,187,3,0,3,28,27,1,0,1,45,45,0,0,0,117,115,2,0,2,115,115,0,0,0
S01011730,437,431,6,0,6,325,321,4,0,4,105,104,1,0,1,182,179,3,0,3,38,38,0,0,0,112,110,2,0,2
S01011731,354,352,2,0,2,345,343,2,0,2,8,8,0,0,0,46,46,0,0,0,291,289,2,0,2,9,9,0,0,0
S01011732,299,299,0,0,0,293,293,0,0,0,106,106,0,0,0,153,153,0,0,0,34,34,0,0,0,6,6,0,0,0
S01011733,357,352,5,0,5,306,301,5,0,5,17,17,0,0,0,51,51,0,0,0,238,233,5,0,5,51,51,0,0,0
S01011734,336,335,1,0,1,273,273,0,0,0,90,90,0,0,0,54,54,0,0,0,129,129,0,0,0,63,62,1,0,1
S01011735,288,288,0,0,0,275,275,0,0,0,176,176,0,0,0,50,50,0,0,0,49,49,0,0,0,13,13,0,0,0
S01011736,322,317,5,0,5,212,210,2,0,2,10,10,0,0,0,22,22,0,0,0,180,178,2,0,2,110,107,3,0,3
S01011737,298,294,4,0,4,172,170,2,0,2,12,12,0,0,0,20,20,0,0,0,140,138,2,0,2,126,124,2,0,2
S01011738,480,466,14,0,14,208,206,2,0,2,70,70,0,0,0,44,44,0,0,0,94,92,2,0,2,272,260,12,0,12
S01011739,228,226,2,0,2,213,211,2,0,2,5,5,0,0,0,20,20,0,0,0,188,186,2,0,2,15,15,0,0,0
S01011740,365,356,9,0,9,253,248,5,0,5,12,12,0,0,0,22,22,0,0,0,219,214,5,0,5,112,108,4,0,4
S01011741,300,296,4,0,4,207,205,2,0,2,3,3,0,0,0,12,12,0,0,0,192,190,2,0,2,93,91,2,0,2
S01011742,338,333,5,0,5,266,262,4,0,4,4,4,0,0,0,9,9,0,0,0,253,249,4,0,4,72,71,1,0,1
S01011743,384,379,5,1,4,272,268,4,1,3,9,9,0,0,0,40,39,1,1,0,223,220,3,0,3,112,111,1,0,1
S01011744,483,462,21,0,21,262,258,4,0,4,7,7,0,0,0,40,39,1,0,1,215,212,3,0,3,221,204,17,0,17
S01011745,409,398,11,0,11,327,318,9,0,9,6,6,0,0,0,25,25,0,0,0,296,287,9,0,9,82,80,2,0,2
S01011746,217,215,2,0,2,203,202,1,0,1,5,5,0,0,0,20,20,0,0,0,178,177,1,0,1,14,13,1,0,1
S01011747,417,413,4,0,4,313,309,4,0,4,9,9,0,0,0,34,34,0,0,0,270,266,4,0,4,104,104,0,0,0
S01011748,382,375,7,0,7,259,259,0,0,0,7,7,0,0,0,7,7,0,0,0,245,245,0,0,0,123,116,7,0,7
S01011749,386,370,16,0,16,139,138,1,0,1,6,6,0,0,0,18,18,0,0,0,115,114,1,0,1,247,232,15,0,15
S01011750,406,398,8,0,8,309,303,6,0,6,3,3,0,0,0,30,29,1,0,1,276,271,5,0,5,97,95,2,0,2
S01011751,570,532,38,0,38,62,59,3,0,3,7,7,0,0,0,8,8,0,0,0,47,44,3,0,3,508,473,35,0,35
S01011752,477,460,17,0,17,310,303,7,0,7,6,6,0,0,0,32,31,1,0,1,272,266,6,0,6,167,157,10,0,10
S01011753,369,366,3,0,3,231,230,1,0,1,106,106,0,0,0,47,47,0,0,0,78,77,1,0,1,138,136,2,0,2
S01011754,342,339,3,0,3,317,314,3,0,3,22,22,0,0,0,62,62,0,0,0,233,230,3,0,3,25,25,0,0,0
S01011755,473,456,17,0,17,228,223,5,0,5,9,9,0,0,0,34,34,0,0,0,185,180,5,0,5,245,233,12,0,12
S01011756,437,430,7,0,7,252,251,1,0,1,5,5,0,0,0,19,19,0,0,0,228,227,1,0,1,185,179,6,0,6
S01011757,329,327,2,0,2,218,216,2,0,2,3,3,0,0,0,30,30,0,0,0,185,183,2,0,2,111,111,0,0,0
S01011758,255,252,3,0,3,232,230,2,0,2,8,8,0,0,0,17,17,0,0,0,207,205,2,0,2,23,22,1,0,1
S01011759,343,340,3,0,3,339,336,3,0,3,10,10,0,0,0,55,55,0,0,0,274,271,3,0,3,4,4,0,0,0
S01011760,417,411,6,0,6,231,231,0,0,0,8,8,0,0,0,38,38,0,0,0,185,185,0,0,0,186,180,6,0,6
S01011761,276,272,4,0,4,261,257,4,0,4,5,5,0,0,0,50,50,0,0,0,206,202,4,0,4,15,15,0,0,0
S01011762,326,322,4,0,4,128,128,0,0,0,6,6,0,0,0,11,11,0,0,0,111,111,0,0,0,198,194,4,0,4
S01011763,351,350,1,0,1,311,310,1,0,1,6,6,0,0,0,31,31,0,0,0,274,273,1,0,1,40,40,0,0,0
S01011764,136,136,0,0,0,134,134,0,0,0,2,2,0,0,0,8,8,0,0,0,124,124,0,0,0,2,2,0,0,0
S01011765,385,380,5,0,5,364,360,4,0,4,125,123,2,0,2,184,183,1,0,1,55,54,1,0,1,21,20,1,0,1
S01011766,213,209,4,0,4,196,194,2,0,2,121,121,0,0,0,49,49,0,0,0,26,24,2,0,2,17,15,2,0,2
S01011767,459,443,16,1,15,260,253,7,0,7,25,24,1,0,1,53,53,0,0,0,182,176,6,0,6,199,190,9,1,8
S01011768,343,342,1,0,1,113,112,1,0,1,6,6,0,0,0,23,23,0,0,0,84,83,1,0,1,230,230,0,0,0
S01011769,324,321,3,0,3,196,196,0,0,0,3,3,0,0,0,13,13,0,0,0,180,180,0,0,0,128,125,3,0,3
S01011770,418,409,9,0,9,282,276,6,0,6,10,10,0,0,0,18,18,0,0,0,254,248,6,0,6,136,133,3,0,3
S01011771,238,238,0,0,0,230,230,0,0,0,161,161,0,0,0,60,60,0,0,0,9,9,0,0,0,8,8,0,0,0
S01011772,391,390,1,0,1,383,382,1,0,1,344,343,1,0,1,28,28,0,0,0,11,11,0,0,0,8,8,0,0,0
S01011773,201,200,1,0,1,198,197,1,0,1,103,102,1,0,1,75,75,0,0,0,20,20,0,0,0,3,3,0,0,0
S01011774,361,354,7,0,7,273,271,2,0,2,145,143,2,0,2,76,76,0,0,0,52,52,0,0,0,88,83,5,0,5
S01011775,229,228,1,0,1,228,227,1,0,1,151,150,1,0,1,48,48,0,0,0,29,29,0,0,0,1,1,0,0,0
S01011776,322,319,3,0,3,318,315,3,0,3,269,266,3,0,3,30,30,0,0,0,19,19,0,0,0,4,4,0,0,0
S01011777,265,264,1,0,1,216,216,0,0,0,92,92,0,0,0,67,67,0,0,0,57,57,0,0,0,49,48,1,0,1
S01011778,268,261,7,2,5,198,194,4,2,2,113,113,0,0,0,9,9,0,0,0,76,72,4,2,2,70,67,3,0,3
S01011779,327,324,3,0,3,294,292,2,0,2,149,148,1,0,1,128,127,1,0,1,17,17,0,0,0,33,32,1,0,1
S01011780,316,315,1,0,1,311,310,1,0,1,249,248,1,0,1,54,54,0,0,0,8,8,0,0,0,5,5,0,0,0
S01011781,215,214,1,0,1,213,212,1,0,1,164,163,1,0,1,43,43,0,0,0,6,6,0,0,0,2,2,0,0,0
S01011782,271,271,0,0,0,258,258,0,0,0,192,192,0,0,0,51,51,0,0,0,15,15,0,0,0,13,13,0,0,0
S01011783,213,213,0,0,0,204,204,0,0,0,112,112,0,0,0,68,68,0,0,0,24,24,0,0,0,9,9,0,0,0
S01011784,355,349,6,0,6,322,317,5,0,5,17,17,0,0,0,46,46,0,0,0,259,254,5,0,5,33,32,1,0,1
S01011785,389,389,0,0,0,383,383,0,0,0,14,14,0,0,0,53,53,0,0,0,316,316,0,0,0,6,6,0,0,0
S01011786,125,124,1,0,1,124,123,1,0,1,71,71,0,0,0,49,48,1,0,1,4,4,0,0,0,1,1,0,0,0
S01011787,494,483,11,0,11,256,252,4,0,4,25,25,0,0,0,50,50,0,0,0,181,177,4,0,4,238,231,7,0,7
S01011788,227,225,2,0,2,225,223,2,0,2,194,192,2,0,2,14,14,0,0,0,17,17,0,0,0,2,2,0,0,0
S01011789,290,284,6,0,6,263,258,5,0,5,108,106,2,0,2,81,78,3,0,3,74,74,0,0,0,27,26,1,0,1
S01011790,406,404,2,0,2,204,202,2,0,2,139,138,1,0,1,41,40,1,0,1,24,24,0,0,0,202,202,0,0,0
S01011791,351,347,4,1,3,133,129,4,1,3,36,35,1,0,1,57,57,0,0,0,40,37,3,1,2,218,218,0,0,0
S01011792,542,515,27,2,25,201,196,5,0,5,98,96,2,0,2,35,33,2,0,2,68,67,1,0,1,341,319,22,2,20
S01011793,337,327,10,1,9,177,172,5,0,5,83,83,0,0,0,75,72,3,0,3,19,17,2,0,2,160,155,5,1,4
S01011794,417,414,3,0,3,229,227,2,0,2,70,70,0,0,0,63,62,1,0,1,96,95,1,0,1,188,187,1,0,1
S01011795,318,317,1,0,1,92,92,0,0,0,35,35,0,0,0,44,44,0,0,0,13,13,0,0,0,226,225,1,0,1
S01011796,366,354,12,0,12,74,71,3,0,3,19,19,0,0,0,32,31,1,0,1,23,21,2,0,2,292,283,9,0,9
S01011797,388,385,3,0,3,359,358,1,0,1,209,209,0,0,0,138,137,1,0,1,12,12,0,0,0,29,27,2,0,2
S01011798,248,242,6,0,6,65,65,0,0,0,9,9,0,0,0,32,32,0,0,0,24,24,0,0,0,183,177,6,0,6
S01011799,363,357,6,0,6,314,308,6,0,6,113,111,2,0,2,77,76,1,0,1,124,121,3,0,3,49,49,0,0,0
S01011800,221,219,2,0,2,203,201,2,0,2,5,5,0,0,0,52,51,1,0,1,146,145,1,0,1,18,18,0,0,0
S01011801,263,253,10,0,10,154,152,2,0,2,6,6,0,0,0,23,23,0,0,0,125,123,2,0,2,109,101,8,0,8
S01011802,366,361,5,0,5,225,223,2,0,2,10,10,0,0,0,71,69,2,0,2,144,144,0,0,0,141,138,3,0,3
S01011803,240,236,4,2,2,223,219,4,2,2,36,34,2,1,1,113,111,2,1,1,74,74,0,0,0,17,17,0,0,0
S01011804,410,379,31,13,18,354,332,22,11,11,83,78,5,3,2,162,153,9,3,6,109,101,8,5,3,56,47,9,2,7
S01011805,318,279,39,17,22,256,230,26,10,16,99,90,9,3,6,99,90,9,4,5,58,50,8,3,5,62,49,13,7,6
S01011806,385,362,23,13,10,368,345,23,13,10,253,239,14,8,6,101,96,5,2,3,14,10,4,3,1,17,17,0,0,0
S01011807,475,444,31,19,12,467,436,31,19,12,422,393,29,17,12,37,35,2,2,0,8,8,0,0,0,8,8,0,0,0
S01011808,301,287,14,2,12,294,280,14,2,12,194,186,8,2,6,97,91,6,0,6,3,3,0,0,0,7,7,0,0,0
S01011809,319,302,17,5,12,316,299,17,5,12,280,265,15,5,10,35,33,2,0,2,1,1,0,0,0,3,3,0,0,0
S01011810,436,413,23,6,17,432,409,23,6,17,371,349,22,6,16,60,59,1,0,1,1,1,0,0,0,4,4,0,0,0
S01011811,470,436,34,15,19,459,428,31,13,18,433,403,30,13,17,25,24,1,0,1,1,1,0,0,0,11,8,3,2,1
S01011812,298,275,23,10,13,293,271,22,10,12,270,248,22,10,12,22,22,0,0,0,1,1,0,0,0,5,4,1,0,1
S01011813,317,306,11,3,8,311,300,11,3,8,238,229,9,2,7,64,63,1,1,0,9,8,1,0,1,6,6,0,0,0
S01011814,313,297,16,5,11,310,294,16,5,11,281,266,15,4,11,27,26,1,1,0,2,2,0,0,0,3,3,0,0,0
S01011815,326,313,13,2,11,319,306,13,2,11,242,232,10,2,8,65,62,3,0,3,12,12,0,0,0,7,7,0,0,0
S01011816,267,257,10,6,4,258,250,8,5,3,240,233,7,5,2,16,15,1,0,1,2,2,0,0,0,9,7,2,1,1
S01011817,302,294,8,2,6,292,284,8,2,6,252,246,6,2,4,35,33,2,0,2,5,5,0,0,0,10,10,0,0,0
S01011818,495,486,9,1,8,481,473,8,1,7,237,234,3,0,3,214,209,5,1,4,30,30,0,0,0,14,13,1,0,1
S01011819,448,438,10,0,10,414,405,9,0,9,48,48,0,0,0,245,242,3,0,3,121,115,6,0,6,34,33,1,0,1
S01011820,344,319,25,3,22,313,301,12,3,9,157,153,4,1,3,106,101,5,2,3,50,47,3,0,3,31,18,13,0,13
S01011821,232,223,9,2,7,143,137,6,1,5,39,38,1,0,1,71,68,3,1,2,33,31,2,0,2,89,86,3,1,2
S01011822,452,410,42,9,33,245,231,14,2,12,69,67,2,0,2,94,86,8,1,7,82,78,4,1,3,207,179,28,7,21
S01011823,293,290,3,0,3,286,283,3,0,3,107,105,2,0,2,112,112,0,0,0,67,66,1,0,1,7,7,0,0,0
S01011824,320,316,4,0,4,313,309,4,0,4,54,54,0,0,0,121,118,3,0,3,138,137,1,0,1,7,7,0,0,0
S01011825,279,275,4,0,4,233,231,2,0,2,80,80,0,0,0,137,135,2,0,2,16,16,0,0,0,46,44,2,0,2
S01011826,334,320,14,4,10,265,256,9,4,5,122,118,4,2,2,103,103,0,0,0,40,35,5,2,3,69,64,5,0,5
S01011827,326,289,37,15,22,316,280,36,15,21,225,203,22,15,7,77,67,10,0,10,14,10,4,0,4,10,9,1,0,1
S01011828,445,411,34,14,20,427,395,32,13,19,340,315,25,11,14,68,61,7,2,5,19,19,0,0,0,18,16,2,1,1
S01011829,197,195,2,1,1,193,191,2,1,1,163,161,2,1,1,28,28,0,0,0,2,2,0,0,0,4,4,0,0,0
S01011830,311,279,32,9,23,303,277,26,8,18,241,220,21,7,14,49,47,2,0,2,13,10,3,1,2,8,2,6,1,5
S01011831,485,425,60,35,25,476,416,60,35,25,403,356,47,28,19,70,57,13,7,6,3,3,0,0,0,9,9,0,0,0
S01011832,459,405,54,29,25,434,385,49,25,24,346,305,41,22,19,82,74,8,3,5,6,6,0,0,0,25,20,5,4,1
S01011833,374,360,14,3,11,365,351,14,3,11,312,300,12,2,10,49,47,2,1,1,4,4,0,0,0,9,9,0,0,0
S01011834,186,180,6,2,4,179,173,6,2,4,148,142,6,2,4,20,20,0,0,0,11,11,0,0,0,7,7,0,0,0
S01011835,292,278,14,3,11,281,268,13,2,11,220,212,8,1,7,41,39,2,0,2,20,17,3,1,2,11,10,1,1,0
S01011836,347,332,15,6,9,332,318,14,6,8,265,253,12,5,7,52,52,0,0,0,15,13,2,1,1,15,14,1,0,1
S01011837,268,255,13,0,13,252,242,10,0,10,194,190,4,0,4,41,37,4,0,4,17,15,2,0,2,16,13,3,0,3
S01011838,328,327,1,0,1,307,306,1,0,1,241,240,1,0,1,57,57,0,0,0,9,9,0,0,0,21,21,0,0,0
S01011839,456,444,12,2,10,435,426,9,1,8,213,213,0,0,0,179,171,8,1,7,43,42,1,0,1,21,18,3,1,2
S01011840,420,406,14,0,14,409,395,14,0,14,166,160,6,0,6,182,176,6,0,6,61,59,2,0,2,11,11,0,0,0
S01011841,430,415,15,0,15,321,313,8,0,8,148,147,1,0,1,104,102,2,0,2,69,64,5,0,5,109,102,7,0,7
S01011842,480,462,18,0,18,376,366,10,0,10,86,85,1,0,1,145,144,1,0,1,145,137,8,0,8,104,96,8,0,8
S01011843,444,415,29,13,16,411,390,21,8,13,341,323,18,7,11,62,59,3,1,2,8,8,0,0,0,33,25,8,5,3
S01011844,301,295,6,1,5,274,269,5,1,4,221,218,3,1,2,25,23,2,0,2,28,28,0,0,0,27,26,1,0,1
S01011845,397,382,15,1,14,355,342,13,1,12,138,135,3,0,3,112,111,1,1,0,105,96,9,0,9,42,40,2,0,2
S01011846,398,385,13,5,8,344,332,12,5,7,201,194,7,4,3,95,92,3,0,3,48,46,2,1,1,54,53,1,0,1
S01011847,189,178,11,3,8,186,175,11,3,8,150,142,8,3,5,30,27,3,0,3,6,6,0,0,0,3,3,0,0,0
S01011848,327,305,22,4,18,299,280,19,2,17,205,196,9,1,8,60,56,4,0,4,34,28,6,1,5,28,25,3,2,1
S01011849,369,352,17,8,9,313,299,14,7,7,129,119,10,6,4,139,136,3,0,3,45,44,1,1,0,56,53,3,1,2
S01011850,447,314,133,110,23,314,250,64,44,20,256,207,49,31,18,36,34,2,2,0,22,9,13,11,2,133,64,69,66,3
S01011851,379,368,11,8,3,342,331,11,8,3,134,129,5,4,1,139,136,3,2,1,69,66,3,2,1,37,37,0,0,0
S01011852,489,460,29,3,26,344,328,16,2,14,128,122,6,0,6,101,99,2,0,2,115,107,8,2,6,145,132,13,1,12
S01011853,317,304,13,3,10,223,210,13,3,10,142,134,8,2,6,52,50,2,1,1,29,26,3,0,3,94,94,0,0,0
S01011854,372,356,16,2,14,318,306,12,2,10,220,213,7,2,5,56,53,3,0,3,42,40,2,0,2,54,50,4,0,4
S01011855,380,364,16,4,12,339,325,14,4,10,61,59,2,0,2,129,124,5,2,3,149,142,7,2,5,41,39,2,0,2
S01011856,326,309,17,10,7,323,306,17,10,7,309,292,17,10,7,11,11,0,0,0,3,3,0,0,0,3,3,0,0,0
S01011857,321,301,20,12,8,312,292,20,12,8,196,180,16,11,5,78,74,4,1,3,38,38,0,0,0,9,9,0,0,0
S01011858,447,403,44,32,12,435,391,44,32,12,316,279,37,28,9,79,76,3,2,1,40,36,4,2,2,12,12,0,0,0
S01011859,467,446,21,14,7,429,409,20,13,7,234,221,13,10,3,149,145,4,3,1,46,43,3,0,3,38,37,1,1,0
S01011860,241,206,35,31,4,234,199,35,31,4,184,153,31,28,3,36,35,1,0,1,14,11,3,3,0,7,7,0,0,0
S01011861,431,343,88,83,5,369,283,86,81,5,258,188,70,67,3,69,60,9,7,2,42,35,7,7,0,62,60,2,2,0
S01011862,444,425,19,12,7,348,333,15,10,5,295,283,12,10,2,45,43,2,0,2,8,7,1,0,1,96,92,4,2,2
S01011863,355,328,27,8,19,217,207,10,4,6,129,125,4,1,3,67,63,4,2,2,21,19,2,1,1,138,121,17,4,13
S01011864,330,315,15,6,9,296,282,14,5,9,188,177,11,3,8,81,81,0,0,0,27,24,3,2,1,34,33,1,1,0
S01011865,299,291,8,2,6,228,221,7,2,5,80,78,2,1,1,96,95,1,1,0,52,48,4,0,4,71,70,1,0,1
S01011866,345,341,4,0,4,304,300,4,0,4,201,198,3,0,3,62,61,1,0,1,41,41,0,0,0,41,41,0,0,0
S01011867,451,444,7,1,6,302,297,5,1,4,74,72,2,1,1,129,126,3,0,3,99,99,0,0,0,149,147,2,0,2
S01011868,448,416,32,3,29,231,223,8,2,6,97,96,1,0,1,62,60,2,1,1,72,67,5,1,4,217,193,24,1,23
S01011869,443,409,34,6,28,173,160,13,4,9,52,49,3,1,2,42,39,3,2,1,79,72,7,1,6,270,249,21,2,19
S01011870,334,315,19,3,16,208,195,13,3,10,85,81,4,2,2,74,69,5,0,5,49,45,4,1,3,126,120,6,0,6
S01011871,473,438,35,8,27,449,415,34,8,26,273,246,27,8,19,116,112,4,0,4,60,57,3,0,3,24,23,1,0,1
S01011872,401,365,36,12,24,386,351,35,11,24,320,299,21,6,15,36,32,4,2,2,30,20,10,3,7,15,14,1,1,0
S01011873,351,339,12,2,10,308,297,11,2,9,196,192,4,0,4,71,66,5,0,5,41,39,2,2,0,43,42,1,0,1
S01011874,289,285,4,1,3,263,259,4,1,3,137,134,3,1,2,77,76,1,0,1,49,49,0,0,0,26,26,0,0,0
S01011875,324,322,2,0,2,283,281,2,0,2,84,83,1,0,1,108,108,0,0,0,91,90,1,0,1,41,41,0,0,0
S01011876,410,398,12,2,10,387,375,12,2,10,211,208,3,1,2,109,104,5,0,5,67,63,4,1,3,23,23,0,0,0
S01011877,266,262,4,1,3,225,221,4,1,3,89,85,4,1,3,95,95,0,0,0,41,41,0,0,0,41,41,0,0,0
S01011878,399,379,20,1,19,375,356,19,1,18,268,252,16,1,15,91,88,3,0,3,16,16,0,0,0,24,23,1,0,1
S01011879,219,218,1,0,1,206,205,1,0,1,153,152,1,0,1,43,43,0,0,0,10,10,0,0,0,13,13,0,0,0
S01011880,260,241,19,10,9,254,235,19,10,9,171,155,16,9,7,65,63,2,1,1,18,17,1,0,1,6,6,0,0,0
S01011881,408,371,37,18,19,269,249,20,13,7,110,97,13,13,0,123,116,7,0,7,36,36,0,0,0,139,122,17,5,12
S01011882,462,450,12,0,12,389,378,11,0,11,80,79,1,0,1,226,220,6,0,6,83,79,4,0,4,73,72,1,0,1
S01011883,485,439,46,6,40,456,412,44,5,39,295,265,30,5,25,95,92,3,0,3,66,55,11,0,11,29,27,2,1,1
S01011884,177,169,8,2,6,174,166,8,2,6,125,118,7,2,5,30,30,0,0,0,19,18,1,0,1,3,3,0,0,0
S01011885,281,270,11,2,9,264,255,9,1,8,164,160,4,0,4,79,74,5,1,4,21,21,0,0,0,17,15,2,1,1
S01011886,381,368,13,0,13,355,343,12,0,12,227,223,4,0,4,74,69,5,0,5,54,51,3,0,3,26,25,1,0,1
S01011887,233,230,3,1,2,204,202,2,1,1,32,32,0,0,0,158,156,2,1,1,14,14,0,0,0,29,28,1,0,1
S01011888,374,369,5,0,5,266,264,2,0,2,27,27,0,0,0,213,211,2,0,2,26,26,0,0,0,108,105,3,0,3
S01011889,436,430,6,0,6,260,257,3,0,3,84,83,1,0,1,146,144,2,0,2,30,30,0,0,0,176,173,3,0,3
S01011890,304,300,4,0,4,227,225,2,0,2,42,41,1,0,1,160,159,1,0,1,25,25,0,0,0,77,75,2,0,2
S01011891,389,378,11,4,7,121,118,3,0,3,8,8,0,0,0,64,62,2,0,2,49,48,1,0,1,268,260,8,4,4
S01011892,523,503,20,2,18,183,177,6,0,6,27,27,0,0,0,86,83,3,0,3,70,67,3,0,3,340,326,14,2,12
S01011893,515,500,15,1,14,185,177,8,0,8,50,47,3,0,3,118,114,4,0,4,17,16,1,0,1,330,323,7,1,6
S01011894,299,291,8,0,8,190,185,5,0,5,64,62,2,0,2,107,104,3,0,3,19,19,0,0,0,109,106,3,0,3
S01011895,312,305,7,3,4,233,229,4,2,2,133,131,2,0,2,68,68,0,0,0,32,30,2,2,0,79,76,3,1,2
S01011896,433,421,12,0,12,270,266,4,0,4,49,48,1,0,1,200,197,3,0,3,21,21,0,0,0,163,155,8,0,8
S01011897,448,436,12,0,12,365,354,11,0,11,91,88,3,0,3,242,236,6,0,6,32,30,2,0,2,83,82,1,0,1
S01011898,251,246,5,2,3,221,218,3,1,2,163,162,1,0,1,45,44,1,0,1,13,12,1,1,0,30,28,2,1,1
S01011899,355,352,3,0,3,343,340,3,0,3,224,222,2,0,2,104,103,1,0,1,15,15,0,0,0,12,12,0,0,0
S01011900,302,293,9,0,9,297,288,9,0,9,225,218,7,0,7,67,66,1,0,1,5,4,1,0,1,5,5,0,0,0
S01011901,410,397,13,4,9,288,280,8,1,7,187,184,3,0,3,85,81,4,1,3,16,15,1,0,1,122,117,5,3,2
S01011902,472,465,7,0,7,460,454,6,0,6,339,336,3,0,3,102,100,2,0,2,19,18,1,0,1,12,11,1,0,1
S01011903,360,352,8,0,8,346,339,7,0,7,244,239,5,0,5,95,93,2,0,2,7,7,0,0,0,14,13,1,0,1
S01011904,329,324,5,2,3,308,303,5,2,3,197,196,1,0,1,97,93,4,2,2,14,14,0,0,0,21,21,0,0,0
S01011905,284,280,4,0,4,271,268,3,0,3,242,239,3,0,3,19,19,0,0,0,10,10,0,0,0,13,12,1,0,1
S01011906,201,201,0,0,0,189,189,0,0,0,106,106,0,0,0,54,54,0,0,0,29,29,0,0,0,12,12,0,0,0
S01011907,344,338,6,0,6,318,312,6,0,6,132,131,1,0,1,131,130,1,0,1,55,51,4,0,4,26,26,0,0,0
S01011908,150,147,3,0,3,137,134,3,0,3,58,56,2,0,2,55,54,1,0,1,24,24,0,0,0,13,13,0,0,0
S01011909,416,404,12,2,10,362,350,12,2,10,112,108,4,0,4,231,224,7,2,5,19,18,1,0,1,54,54,0,0,0
S01011910,467,464,3,0,3,132,131,1,0,1,9,9,0,0,0,36,35,1,0,1,87,87,0,0,0,335,333,2,0,2
S01011911,286,285,1,0,1,256,255,1,0,1,7,7,0,0,0,52,52,0,0,0,197,196,1,0,1,30,30,0,0,0
S01011912,336,327,9,1,8,194,192,2,0,2,9,9,0,0,0,93,92,1,0,1,92,91,1,0,1,142,135,7,1,6
S01011913,382,365,17,0,17,133,130,3,0,3,45,44,1,0,1,39,38,1,0,1,49,48,1,0,1,249,235,14,0,14
S01011914,369,360,9,0,9,69,69,0,0,0,8,8,0,0,0,46,46,0,0,0,15,15,0,0,0,300,291,9,0,9
S01011915,343,337,6,0,6,247,244,3,0,3,12,12,0,0,0,121,119,2,0,2,114,113,1,0,1,96,93,3,0,3
S01011916,238,232,6,0,6,169,166,3,0,3,9,9,0,0,0,82,80,2,0,2,78,77,1,0,1,69,66,3,0,3
S01011917,234,232,2,0,2,133,131,2,0,2,8,8,0,0,0,26,25,1,0,1,99,98,1,0,1,101,101,0,0,0
S01011918,374,368,6,1,5,83,83,0,0,0,17,17,0,0,0,41,41,0,0,0,25,25,0,0,0,291,285,6,1,5
S01011919,402,390,12,1,11,170,165,5,0,5,40,37,3,0,3,59,58,1,0,1,71,70,1,0,1,232,225,7,1,6
S01011920,294,291,3,0,3,201,200,1,0,1,9,9,0,0,0,59,59,0,0,0,133,132,1,0,1,93,91,2,0,2
S01011921,292,285,7,0,7,148,147,1,0,1,27,27,0,0,0,28,28,0,0,0,93,92,1,0,1,144,138,6,0,6
S01011922,361,356,5,0,5,203,200,3,0,3,6,6,0,0,0,30,30,0,0,0,167,164,3,0,3,158,156,2,0,2
S01011923,387,383,4,0,4,207,204,3,0,3,15,15,0,0,0,87,84,3,0,3,105,105,0,0,0,180,179,1,0,1
S01011924,208,206,2,0,2,125,124,1,0,1,1,1,0,0,0,20,20,0,0,0,104,103,1,0,1,83,82,1,0,1
S01011925,270,264,6,0,6,221,216,5,0,5,164,160,4,0,4,28,27,1,0,1,29,29,0,0,0,49,48,1,0,1
S01011926,301,298,3,1,2,209,207,2,0,2,14,14,0,0,0,23,23,0,0,0,172,170,2,0,2,92,91,1,1,0
S01011927,287,285,2,0,2,210,208,2,0,2,15,15,0,0,0,27,27,0,0,0,168,166,2,0,2,77,77,0,0,0
S01011928,350,338,12,3,9,271,264,7,1,6,29,27,2,1,1,52,49,3,0,3,190,188,2,0,2,79,74,5,2,3
S01011929,324,319,5,0,5,251,248,3,0,3,11,11,0,0,0,45,45,0,0,0,195,192,3,0,3,73,71,2,0,2
S01011930,296,294,2,0,2,210,209,1,0,1,18,18,0,0,0,21,21,0,0,0,171,170,1,0,1,86,85,1,0,1
S01011931,251,250,1,0,1,170,169,1,0,1,22,22,0,0,0,95,94,1,0,1,53,53,0,0,0,81,81,0,0,0
S01011932,300,300,0,0,0,84,84,0,0,0,5,5,0,0,0,43,43,0,0,0,36,36,0,0,0,216,216,0,0,0
S01011933,349,344,5,0,5,90,90,0,0,0,20,20,0,0,0,48,48,0,0,0,22,22,0,0,0,259,254,5,0,5
S01011934,531,520,11,4,7,189,186,3,0,3,62,61,1,0,1,96,95,1,0,1,31,30,1,0,1,342,334,8,4,4
S01011935,484,459,25,0,25,56,55,1,0,1,19,19,0,0,0,32,31,1,0,1,5,5,0,0,0,428,404,24,0,24
S01011936,413,380,33,4,29,102,94,8,1,7,14,14,0,0,0,55,54,1,0,1,33,26,7,1,6,311,286,25,3,22
S01011937,428,408,20,2,18,16,16,0,0,0,4,4,0,0,0,5,5,0,0,0,7,7,0,0,0,412,392,20,2,18
S01011938,411,400,11,3,8,108,104,4,1,3,21,20,1,0,1,65,63,2,1,1,22,21,1,0,1,303,296,7,2,5
S01011939,467,446,21,2,19,49,47,2,1,1,16,15,1,0,1,16,15,1,1,0,17,17,0,0,0,418,399,19,1,18
S01011940,299,266,33,1,32,17,17,0,0,0,7,7,0,0,0,4,4,0,0,0,6,6,0,0,0,282,249,33,1,32
S01011941,476,441,35,12,23,7,6,1,0,1,3,3,0,0,0,3,3,0,0,0,1,0,1,0,1,469,435,34,12,22
S01011942,610,573,37,3,34,22,22,0,0,0,4,4,0,0,0,7,7,0,0,0,11,11,0,0,0,588,551,37,3,34
S01011943,771,715,56,1,55,31,30,1,0,1,10,10,0,0,0,14,13,1,0,1,7,7,0,0,0,740,685,55,1,54
S01011944,202,188,14,8,6,165,156,9,7,2,122,119,3,1,2,30,30,0,0,0,13,7,6,6,0,37,32,5,1,4
S01011945,319,313,6,2,4,308,302,6,2,4,271,267,4,1,3,32,30,2,1,1,5,5,0,0,0,11,11,0,0,0
S01011946,387,377,10,2,8,237,233,4,1,3,71,68,3,1,2,74,74,0,0,0,92,91,1,0,1,150,144,6,1,5
S01011947,222,214,8,0,8,217,209,8,0,8,133,125,8,0,8,54,54,0,0,0,30,30,0,0,0,5,5,0,0,0
S01011948,550,527,23,5,18,305,295,10,3,7,99,96,3,1,2,175,171,4,0,4,31,28,3,2,1,245,232,13,2,11
S01011949,401,392,9,3,6,395,386,9,3,6,293,285,8,3,5,73,73,0,0,0,29,28,1,0,1,6,6,0,0,0
S01011950,354,348,6,0,6,340,335,5,0,5,118,116,2,0,2,110,108,2,0,2,112,111,1,0,1,14,13,1,0,1
S01011951,314,306,8,3,5,226,222,4,2,2,121,119,2,1,1,81,79,2,1,1,24,24,0,0,0,88,84,4,1,3
S01011952,203,200,3,0,3,200,197,3,0,3,151,148,3,0,3,41,41,0,0,0,8,8,0,0,0,3,3,0,0,0
S01011953,335,325,10,2,8,289,282,7,1,6,185,180,5,1,4,81,80,1,0,1,23,22,1,0,1,46,43,3,1,2
S01011954,231,230,1,1,0,194,193,1,1,0,37,37,0,0,0,113,112,1,1,0,44,44,0,0,0,37,37,0,0,0
S01011955,482,467,15,1,14,351,346,5,0,5,80,79,1,0,1,190,187,3,0,3,81,80,1,0,1,131,121,10,1,9
S01011956,405,392,13,4,9,382,375,7,1,6,227,225,2,1,1,95,91,4,0,4,60,59,1,0,1,23,17,6,3,3
S01011957,346,325,21,7,14,303,284,19,6,13,186,176,10,3,7,85,78,7,2,5,32,30,2,1,1,43,41,2,1,1
S01011958,506,481,25,7,18,478,454,24,7,17,297,281,16,5,11,110,104,6,1,5,71,69,2,1,1,28,27,1,0,1
S01011959,392,365,27,3,24,380,353,27,3,24,255,234,21,2,19,96,93,3,1,2,29,26,3,0,3,12,12,0,0,0
S01011960,346,325,21,4,17,299,280,19,4,15,203,191,12,0,12,72,68,4,3,1,24,21,3,1,2,47,45,2,0,2
S01011961,321,311,10,0,10,294,284,10,0,10,107,106,1,0,1,109,107,2,0,2,78,71,7,0,7,27,27,0,0,0
S01011962,275,264,11,1,10,268,257,11,1,10,215,205,10,1,9,43,43,0,0,0,10,9,1,0,1,7,7,0,0,0
S01011963,233,231,2,0,2,203,201,2,0,2,69,69,0,0,0,90,88,2,0,2,44,44,0,0,0,30,30,0,0,0
S01011964,462,453,9,0,9,363,358,5,0,5,196,195,1,0,1,106,102,4,0,4,61,61,0,0,0,99,95,4,0,4
S01011965,390,381,9,1,8,332,326,6,1,5,107,105,2,0,2,165,163,2,0,2,60,58,2,1,1,58,55,3,0,3
S01011966,363,351,12,0,12,350,338,12,0,12,182,177,5,0,5,112,110,2,0,2,56,51,5,0,5,13,13,0,0,0
S01011967,445,420,25,9,16,419,394,25,9,16,312,294,18,6,12,78,74,4,2,2,29,26,3,1,2,26,26,0,0,0
S01011968,486,478,8,2,6,235,234,1,0,1,100,99,1,0,1,101,101,0,0,0,34,34,0,0,0,251,244,7,2,5
S01011969,498,480,18,1,17,404,391,13,1,12,148,146,2,1,1,130,125,5,0,5,126,120,6,0,6,94,89,5,0,5
S01011970,449,432,17,1,16,215,210,5,1,4,39,38,1,1,0,88,86,2,0,2,88,86,2,0,2,234,222,12,0,12
S01011971,251,243,8,3,5,243,235,8,3,5,111,106,5,3,2,88,86,2,0,2,44,43,1,0,1,8,8,0,0,0
S01011972,550,512,38,6,32,538,502,36,6,30,364,349,15,5,10,144,124,20,0,20,30,29,1,1,0,12,10,2,0,2
S01011973,283,272,11,5,6,266,257,9,5,4,143,137,6,3,3,75,72,3,2,1,48,48,0,0,0,17,15,2,0,2
S01011974,350,320,30,8,22,328,305,23,3,20,213,197,16,2,14,86,82,4,0,4,29,26,3,1,2,22,15,7,5,2
S01011975,207,199,8,3,5,197,189,8,3,5,118,112,6,2,4,55,53,2,1,1,24,24,0,0,0,10,10,0,0,0
S01011976,367,353,14,2,12,277,266,11,2,9,159,154,5,0,5,66,65,1,1,0,52,47,5,1,4,90,87,3,0,3
S01011977,530,508,22,14,8,456,436,20,14,6,238,223,15,13,2,113,113,0,0,0,105,100,5,1,4,74,72,2,0,2
S01011978,367,351,16,1,15,255,241,14,1,13,88,79,9,0,9,85,84,1,1,0,82,78,4,0,4,112,110,2,0,2
S01011979,424,397,27,17,10,408,381,27,17,10,309,286,23,16,7,84,81,3,1,2,15,14,1,0,1,16,16,0,0,0
S01011980,209,182,27,23,4,201,175,26,22,4,158,138,20,19,1,29,26,3,1,2,14,11,3,2,1,8,7,1,1,0
S01011981,553,396,157,145,12,529,373,156,144,12,366,236,130,118,12,107,98,9,9,0,56,39,17,17,0,24,23,1,1,0
S01011982,482,414,68,57,11,451,386,65,55,10,390,330,60,53,7,54,51,3,2,1,7,5,2,0,2,31,28,3,2,1
S01011983,429,351,78,74,4,415,338,77,73,4,247,181,66,62,4,141,138,3,3,0,27,19,8,8,0,14,13,1,1,0
S01011984,325,315,10,2,8,195,194,1,1,0,59,58,1,1,0,40,40,0,0,0,96,96,0,0,0,130,121,9,1,8
S01011985,319,293,26,7,19,235,227,8,4,4,155,149,6,3,3,67,66,1,1,0,13,12,1,0,1,84,66,18,3,15
S01011986,321,320,1,0,1,163,163,0,0,0,33,33,0,0,0,44,44,0,0,0,86,86,0,0,0,158,157,1,0,1
S01011987,419,403,16,7,9,377,365,12,5,7,161,155,6,4,2,128,126,2,1,1,88,84,4,0,4,42,38,4,2,2
S01011988,313,297,16,3,13,303,291,12,2,10,205,195,10,1,9,91,89,2,1,1,7,7,0,0,0,10,6,4,1,3
S01011989,387,379,8,0,8,367,359,8,0,8,203,199,4,0,4,95,93,2,0,2,69,67,2,0,2,20,20,0,0,0
S01011990,373,364,9,1,8,331,324,7,1,6,203,199,4,1,3,118,115,3,0,3,10,10,0,0,0,42,40,2,0,2
S01011991,305,298,7,0,7,290,283,7,0,7,109,106,3,0,3,94,94,0,0,0,87,83,4,0,4,15,15,0,0,0
S01011992,506,472,34,21,13,367,354,13,7,6,228,220,8,5,3,75,72,3,1,2,64,62,2,1,1,139,118,21,14,7
S01011993,477,460,17,1,16,149,142,7,0,7,54,50,4,0,4,57,55,2,0,2,38,37,1,0,1,328,318,10,1,9
S01011994,317,305,12,6,6,315,303,12,6,6,292,280,12,6,6,19,19,0,0,0,4,4,0,0,0,2,2,0,0,0
S01011995,343,324,19,8,11,339,320,19,8,11,269,257,12,5,7,53,49,4,1,3,17,14,3,2,1,4,4,0,0,0
S01011996,262,254,8,1,7,221,214,7,1,6,89,87,2,1,1,76,74,2,0,2,56,53,3,0,3,41,40,1,0,1
S01011997,449,422,27,20,7,276,268,8,4,4,109,103,6,3,3,75,73,2,1,1,92,92,0,0,0,173,154,19,16,3
S01011998,232,220,12,10,2,197,188,9,9,0,164,155,9,9,0,29,29,0,0,0,4,4,0,0,0,35,32,3,1,2
S01011999,323,291,32,24,8,305,273,32,24,8,171,147,24,21,3,81,76,5,2,3,53,50,3,1,2,18,18,0,0,0
S01012000,202,198,4,0,4,174,172,2,0,2,100,99,1,0,1,62,62,0,0,0,12,11,1,0,1,28,26,2,0,2
S01012001,303,296,7,1,6,280,273,7,1,6,55,52,3,1,2,123,119,4,0,4,102,102,0,0,0,23,23,0,0,0
S01012002,250,243,7,0,7,239,234,5,0,5,108,106,2,0,2,86,84,2,0,2,45,44,1,0,1,11,9,2,0,2
S01012003,248,241,7,1,6,203,200,3,1,2,86,85,1,1,0,60,60,0,0,0,57,55,2,0,2,45,41,4,0,4
S01012004,406,398,8,2,6,371,365,6,2,4,192,189,3,2,1,114,112,2,0,2,65,64,1,0,1,35,33,2,0,2
S01012005,337,334,3,1,2,310,307,3,1,2,201,199,2,1,1,63,63,0,0,0,46,45,1,0,1,27,27,0,0,0
S01012006,320,280,40,15,25,301,261,40,15,25,226,188,38,14,24,55,54,1,0,1,20,19,1,1,0,19,19,0,0,0
S01012007,417,374,43,26,17,318,292,26,17,9,175,155,20,13,7,104,99,5,3,2,39,38,1,1,0,99,82,17,9,8
S01012008,469,421,48,27,21,349,310,39,26,13,227,201,26,18,8,53,53,0,0,0,69,56,13,8,5,120,111,9,1,8
S01012009,347,300,47,34,13,325,281,44,31,13,195,157,38,28,10,98,94,4,1,3,32,30,2,2,0,22,19,3,3,0
S01012010,586,524,62,48,14,467,422,45,34,11,291,261,30,25,5,147,141,6,2,4,29,20,9,7,2,119,102,17,14,3
S01012011,578,537,41,32,9,379,351,28,23,5,161,137,24,20,4,189,185,4,3,1,29,29,0,0,0,199,186,13,9,4
S01012012,356,320,36,27,9,301,268,33,26,7,193,168,25,20,5,64,61,3,2,1,44,39,5,4,1,55,52,3,1,2
S01012013,447,357,90,78,12,416,327,89,77,12,281,200,81,73,8,70,68,2,2,0,65,59,6,2,4,31,30,1,1,0
S01012014,461,402,59,35,24,282,245,37,26,11,90,78,12,8,4,100,92,8,3,5,92,75,17,15,2,179,157,22,9,13
S01012015,460,420,40,23,17,388,353,35,21,14,184,160,24,19,5,146,139,7,1,6,58,54,4,1,3,72,67,5,2,3
S01012016,479,360,119,112,7,470,352,118,111,7,290,199,91,87,4,148,124,24,21,3,32,29,3,3,0,9,8,1,1,0
S01012017,407,221,186,182,4,400,216,184,180,4,318,175,143,139,4,66,33,33,33,0,16,8,8,8,0,7,5,2,2,0
S01012018,526,374,152,138,14,508,356,152,138,14,340,230,110,103,7,88,71,17,14,3,80,55,25,21,4,18,18,0,0,0
S01012019,386,371,15,0,15,227,225,2,0,2,100,99,1,0,1,93,93,0,0,0,34,33,1,0,1,159,146,13,0,13
S01012020,367,361,6,0,6,210,206,4,0,4,84,84,0,0,0,41,40,1,0,1,85,82,3,0,3,157,155,2,0,2
S01012021,225,225,0,0,0,197,197,0,0,0,103,103,0,0,0,47,47,0,0,0,47,47,0,0,0,28,28,0,0,0
S01012022,293,289,4,0,4,199,197,2,0,2,36,36,0,0,0,96,95,1,0,1,67,66,1,0,1,94,92,2,0,2
S01012023,237,228,9,2,7,211,202,9,2,7,141,135,6,1,5,47,45,2,1,1,23,22,1,0,1,26,26,0,0,0
S01012024,366,363,3,0,3,324,321,3,0,3,139,137,2,0,2,120,119,1,0,1,65,65,0,0,0,42,42,0,0,0
S01012025,294,288,6,0,6,238,235,3,0,3,90,90,0,0,0,99,99,0,0,0,49,46,3,0,3,56,53,3,0,3
S01012026,212,211,1,0,1,178,177,1,0,1,144,143,1,0,1,24,24,0,0,0,10,10,0,0,0,34,34,0,0,0
S01012027,321,311,10,0,10,303,293,10,0,10,182,173,9,0,9,93,92,1,0,1,28,28,0,0,0,18,18,0,0,0
S01012028,380,375,5,1,4,334,329,5,1,4,259,255,4,1,3,62,62,0,0,0,13,12,1,0,1,46,46,0,0,0
S01012029,451,418,33,1,32,318,292,26,1,25,137,123,14,1,13,109,100,9,0,9,72,69,3,0,3,133,126,7,0,7
S01012030,271,249,22,0,22,209,198,11,0,11,140,134,6,0,6,45,43,2,0,2,24,21,3,0,3,62,51,11,0,11
S01012031,241,231,10,0,10,234,224,10,0,10,168,159,9,0,9,58,57,1,0,1,8,8,0,0,0,7,7,0,0,0
S01012032,148,142,6,2,4,140,135,5,2,3,116,113,3,2,1,18,18,0,0,0,6,4,2,0,2,8,7,1,0,1
S01012033,377,373,4,0,4,290,287,3,0,3,70,69,1,0,1,97,97,0,0,0,123,121,2,0,2,87,86,1,0,1
S01012034,390,386,4,0,4,209,208,1,0,1,62,61,1,0,1,52,52,0,0,0,95,95,0,0,0,181,178,3,0,3
S01012035,441,431,10,0,10,252,247,5,0,5,79,77,2,0,2,119,119,0,0,0,54,51,3,0,3,189,184,5,0,5
S01012036,394,385,9,0,9,302,298,4,0,4,99,99,0,0,0,157,155,2,0,2,46,44,2,0,2,92,87,5,0,5
S01012037,466,438,28,0,28,293,276,17,0,17,18,18,0,0,0,58,55,3,0,3,217,203,14,0,14,173,162,11,0,11
S01012038,376,366,10,0,10,70,68,2,0,2,9,9,0,0,0,23,23,0,0,0,38,36,2,0,2,306,298,8,0,8
S01012039,421,413,8,0,8,395,388,7,0,7,5,5,0,0,0,164,162,2,0,2,226,221,5,0,5,26,25,1,0,1
S01012040,257,255,2,0,2,209,209,0,0,0,126,126,0,0,0,36,36,0,0,0,47,47,0,0,0,48,46,2,0,2
S01012041,389,382,7,0,7,285,283,2,0,2,28,28,0,0,0,73,72,1,0,1,184,183,1,0,1,104,99,5,0,5
S01012042,420,408,12,0,12,375,366,9,0,9,8,8,0,0,0,109,108,1,0,1,258,250,8,0,8,45,42,3,0,3
S01012043,385,380,5,0,5,169,165,4,0,4,36,35,1,0,1,66,66,0,0,0,67,64,3,0,3,216,215,1,0,1
S01012044,482,474,8,0,8,199,197,2,0,2,19,19,0,0,0,138,136,2,0,2,42,42,0,0,0,283,277,6,0,6
S01012045,621,583,38,0,38,130,126,4,0,4,33,32,1,0,1,68,67,1,0,1,29,27,2,0,2,491,457,34,0,34
S01012046,392,376,16,2,14,94,90,4,1,3,12,11,1,0,1,35,35,0,0,0,47,44,3,1,2,298,286,12,1,11
S01012047,559,548,11,0,11,110,109,1,0,1,12,12,0,0,0,49,48,1,0,1,49,49,0,0,0,449,439,10,0,10
S01012048,428,402,26,0,26,123,121,2,0,2,11,11,0,0,0,35,35,0,0,0,77,75,2,0,2,305,281,24,0,24
S01012049,355,347,8,0,8,193,192,1,0,1,22,21,1,0,1,108,108,0,0,0,63,63,0,0,0,162,155,7,0,7
S01012050,426,423,3,0,3,330,328,2,0,2,55,55,0,0,0,228,226,2,0,2,47,47,0,0,0,96,95,1,0,1
S01012051,263,255,8,0,8,109,108,1,0,1,92,91,1,0,1,9,9,0,0,0,8,8,0,0,0,154,147,7,0,7
S01012052,471,469,2,0,2,255,255,0,0,0,12,12,0,0,0,115,115,0,0,0,128,128,0,0,0,216,214,2,0,2
S01012053,473,461,12,0,12,275,273,2,0,2,9,9,0,0,0,57,57,0,0,0,209,207,2,0,2,198,188,10,0,10
S01012054,475,443,32,1,31,159,153,6,0,6,0,0,0,0,0,31,31,0,0,0,128,122,6,0,6,316,290,26,1,25
S01012055,467,463,4,0,4,334,332,2,0,2,10,10,0,0,0,106,106,0,0,0,218,216,2,0,2,133,131,2,0,2
S01012056,358,354,4,0,4,295,294,1,0,1,54,53,1,0,1,180,180,0,0,0,61,61,0,0,0,63,60,3,0,3
S01012057,323,316,7,0,7,298,291,7,0,7,50,49,1,0,1,227,221,6,0,6,21,21,0,0,0,25,25,0,0,0
S01012058,333,328,5,0,5,283,278,5,0,5,77,75,2,0,2,131,130,1,0,1,75,73,2,0,2,50,50,0,0,0
S01012059,418,412,6,0,6,304,303,1,0,1,11,11,0,0,0,100,100,0,0,0,193,192,1,0,1,114,109,5,0,5
S01012060,417,408,9,0,9,243,237,6,0,6,21,21,0,0,0,91,89,2,0,2,131,127,4,0,4,174,171,3,0,3
S01012061,444,440,4,0,4,290,289,1,0,1,69,69,0,0,0,160,159,1,0,1,61,61,0,0,0,154,151,3,0,3
S01012062,339,335,4,0,4,283,281,2,0,2,83,82,1,0,1,129,128,1,0,1,71,71,0,0,0,56,54,2,0,2
S01012063,237,235,2,0,2,193,191,2,0,2,33,32,1,0,1,95,94,1,0,1,65,65,0,0,0,44,44,0,0,0
S01012064,286,276,10,0,10,220,213,7,0,7,18,18,0,0,0,135,129,6,0,6,67,66,1,0,1,66,63,3,0,3
S01012065,271,261,10,0,10,184,178,6,0,6,24,22,2,0,2,99,96,3,0,3,61,60,1,0,1,87,83,4,0,4
S01012066,415,382,33,0,33,247,243,4,0,4,22,20,2,0,2,149,147,2,0,2,76,76,0,0,0,168,139,29,0,29
S01012067,254,250,4,0,4,194,192,2,0,2,21,21,0,0,0,94,94,0,0,0,79,77,2,0,2,60,58,2,0,2
S01012068,281,268,13,0,13,136,135,1,0,1,10,10,0,0,0,83,82,1,0,1,43,43,0,0,0,145,133,12,0,12
S01012069,319,292,27,0,27,68,68,0,0,0,10,10,0,0,0,37,37,0,0,0,21,21,0,0,0,251,224,27,0,27
S01012070,486,449,37,1,36,16,16,0,0,0,5,5,0,0,0,3,3,0,0,0,8,8,0,0,0,470,433,37,1,36
S01012071,774,692,82,0,82,28,27,1,0,1,6,6,0,0,0,6,6,0,0,0,16,15,1,0,1,746,665,81,0,81
S01012072,754,722,32,2,30,52,48,4,1,3,20,20,0,0,0,9,9,0,0,0,23,19,4,1,3,702,674,28,1,27
S01012073,320,320,0,0,0,154,154,0,0,0,59,59,0,0,0,17,17,0,0,0,78,78,0,0,0,166,166,0,0,0
S01012074,346,343,3,1,2,169,168,1,0,1,49,49,0,0,0,49,49,0,0,0,71,70,1,0,1,177,175,2,1,1
S01012075,269,269,0,0,0,251,251,0,0,0,136,136,0,0,0,40,40,0,0,0,75,75,0,0,0,18,18,0,0,0
S01012076,391,382,9,0,9,182,181,1,0,1,29,29,0,0,0,110,109,1,0,1,43,43,0,0,0,209,201,8,0,8
S01012077,379,363,16,0,16,106,103,3,0,3,44,42,2,0,2,25,25,0,0,0,37,36,1,0,1,273,260,13,0,13
S01012078,379,367,12,0,12,260,258,2,0,2,100,98,2,0,2,97,97,0,0,0,63,63,0,0,0,119,109,10,0,10
S01012079,460,448,12,0,12,272,267,5,0,5,23,23,0,0,0,94,94,0,0,0,155,150,5,0,5,188,181,7,0,7
S01012080,361,352,9,0,9,178,176,2,0,2,18,18,0,0,0,87,87,0,0,0,73,71,2,0,2,183,176,7,0,7
S01012081,405,387,18,0,18,194,187,7,0,7,7,7,0,0,0,59,58,1,0,1,128,122,6,0,6,211,200,11,0,11
S01012082,327,323,4,0,4,215,213,2,0,2,5,5,0,0,0,74,73,1,0,1,136,135,1,0,1,112,110,2,0,2
S01012083,396,383,13,0,13,204,201,3,0,3,3,3,0,0,0,59,58,1,0,1,142,140,2,0,2,192,182,10,0,10
S01012084,240,238,2,0,2,230,228,2,0,2,25,25,0,0,0,62,62,0,0,0,143,141,2,0,2,10,10,0,0,0
S01012085,301,301,0,0,0,256,256,0,0,0,48,48,0,0,0,116,116,0,0,0,92,92,0,0,0,45,45,0,0,0
S01012086,464,448,16,1,15,301,292,9,0,9,15,15,0,0,0,74,74,0,0,0,212,203,9,0,9,163,156,7,1,6
S01012087,373,364,9,0,9,309,303,6,0,6,31,31,0,0,0,93,91,2,0,2,185,181,4,0,4,64,61,3,0,3
S01012088,288,286,2,0,2,209,207,2,0,2,109,108,1,0,1,67,66,1,0,1,33,33,0,0,0,79,79,0,0,0
S01012089,365,357,8,0,8,278,274,4,0,4,86,85,1,0,1,177,174,3,0,3,15,15,0,0,0,87,83,4,0,4
S01012090,357,356,1,0,1,349,348,1,0,1,253,252,1,0,1,79,79,0,0,0,17,17,0,0,0,8,8,0,0,0
S01012091,247,244,3,0,3,228,225,3,0,3,14,14,0,0,0,90,89,1,0,1,124,122,2,0,2,19,19,0,0,0
S01012092,217,214,3,0,3,178,176,2,0,2,27,26,1,0,1,75,75,0,0,0,76,75,1,0,1,39,38,1,0,1
S01012093,302,295,7,0,7,142,140,2,0,2,35,35,0,0,0,43,41,2,0,2,64,64,0,0,0,160,155,5,0,5
S01012094,326,317,9,0,9,292,286,6,0,6,181,179,2,0,2,87,85,2,0,2,24,22,2,0,2,34,31,3,0,3
S01012095,412,410,2,0,2,281,281,0,0,0,80,80,0,0,0,137,137,0,0,0,64,64,0,0,0,131,129,2,0,2
S01012096,396,388,8,0,8,309,302,7,0,7,15,15,0,0,0,133,132,1,0,1,161,155,6,0,6,87,86,1,0,1
S01012097,288,279,9,0,9,249,242,7,0,7,18,18,0,0,0,98,96,2,0,2,133,128,5,0,5,39,37,2,0,2
S01012098,279,277,2,1,1,201,201,0,0,0,16,16,0,0,0,105,105,0,0,0,80,80,0,0,0,78,76,2,1,1
S01012099,352,348,4,1,3,203,203,0,0,0,9,9,0,0,0,93,93,0,0,0,101,101,0,0,0,149,145,4,1,3
S01012100,505,493,12,0,12,364,358,6,0,6,50,50,0,0,0,137,135,2,0,2,177,173,4,0,4,141,135,6,0,6
S01012101,311,311,0,0,0,255,255,0,0,0,117,117,0,0,0,118,118,0,0,0,20,20,0,0,0,56,56,0,0,0
S01012102,333,319,14,0,14,126,126,0,0,0,17,17,0,0,0,38,38,0,0,0,71,71,0,0,0,207,193,14,0,14
S01012103,435,425,10,0,10,309,302,7,0,7,46,44,2,0,2,112,110,2,0,2,151,148,3,0,3,126,123,3,0,3
S01012104,362,345,17,0,17,321,305,16,0,16,230,214,16,0,16,73,73,0,0,0,18,18,0,0,0,41,40,1,0,1
S01012105,499,492,7,0,7,245,244,1,0,1,124,123,1,0,1,83,83,0,0,0,38,38,0,0,0,254,248,6,0,6
S01012106,504,497,7,1,6,211,210,1,0,1,124,124,0,0,0,58,57,1,0,1,29,29,0,0,0,293,287,6,1,5
S01012107,287,279,8,2,6,154,152,2,0,2,77,76,1,0,1,59,58,1,0,1,18,18,0,0,0,133,127,6,2,4
S01012108,646,632,14,0,14,46,42,4,0,4,9,9,0,0,0,8,8,0,0,0,29,25,4,0,4,600,590,10,0,10
S01012109,592,560,32,0,32,85,83,2,0,2,9,9,0,0,0,27,26,1,0,1,49,48,1,0,1,507,477,30,0,30
S01012110,479,458,21,0,21,53,53,0,0,0,15,15,0,0,0,21,21,0,0,0,17,17,0,0,0,426,405,21,0,21
S01012111,335,309,26,0,26,87,86,1,0,1,7,7,0,0,0,42,42,0,0,0,38,37,1,0,1,248,223,25,0,25
S01012112,432,423,9,0,9,147,144,3,0,3,40,38,2,0,2,72,71,1,0,1,35,35,0,0,0,285,279,6,0,6
S01012113,526,511,15,0,15,280,275,5,0,5,82,82,0,0,0,54,53,1,0,1,144,140,4,0,4,246,236,10,0,10
S01012114,371,357,14,1,13,230,224,6,0,6,146,142,4,0,4,47,45,2,0,2,37,37,0,0,0,141,133,8,1,7
S01012115,261,257,4,0,4,190,186,4,0,4,3,3,0,0,0,71,69,2,0,2,116,114,2,0,2,71,71,0,0,0
S01012116,289,283,6,0,6,228,223,5,0,5,6,6,0,0,0,42,42,0,0,0,180,175,5,0,5,61,60,1,0,1
S01012117,298,289,9,3,6,261,256,5,0,5,115,113,2,0,2,71,69,2,0,2,75,74,1,0,1,37,33,4,3,1
S01012118,227,226,1,0,1,220,219,1,0,1,103,102,1,0,1,93,93,0,0,0,24,24,0,0,0,7,7,0,0,0
S01012119,353,349,4,1,3,339,335,4,1,3,129,128,1,0,1,189,186,3,1,2,21,21,0,0,0,14,14,0,0,0
S01012120,261,256,5,1,4,174,171,3,1,2,56,53,3,1,2,63,63,0,0,0,55,55,0,0,0,87,85,2,0,2
S01012121,409,404,5,0,5,316,313,3,0,3,31,31,0,0,0,130,129,1,0,1,155,153,2,0,2,93,91,2,0,2
S01012122,321,318,3,0,3,269,267,2,0,2,32,32,0,0,0,100,100,0,0,0,137,135,2,0,2,52,51,1,0,1
S01012123,220,212,8,0,8,109,107,2,0,2,24,24,0,0,0,62,61,1,0,1,23,22,1,0,1,111,105,6,0,6
S01012124,263,262,1,1,0,152,152,0,0,0,19,19,0,0,0,47,47,0,0,0,86,86,0,0,0,111,110,1,1,0
S01012125,524,504,20,0,20,75,72,3,0,3,2,2,0,0,0,23,21,2,0,2,50,49,1,0,1,449,432,17,0,17
S01012126,403,389,14,1,13,120,117,3,0,3,24,23,1,0,1,20,19,1,0,1,76,75,1,0,1,283,272,11,1,10
S01012127,576,552,24,0,24,27,27,0,0,0,3,3,0,0,0,12,12,0,0,0,12,12,0,0,0,549,525,24,0,24
S01012128,341,278,63,1,62,62,62,0,0,0,2,2,0,0,0,13,13,0,0,0,47,47,0,0,0,279,216,63,1,62
S01012129,467,440,27,0,27,51,51,0,0,0,11,11,0,0,0,13,13,0,0,0,27,27,0,0,0,416,389,27,0,27
S01012130,710,687,23,0,23,137,134,3,0,3,16,14,2,0,2,25,25,0,0,0,96,95,1,0,1,573,553,20,0,20
S01012131,662,610,52,1,51,31,31,0,0,0,4,4,0,0,0,17,17,0,0,0,10,10,0,0,0,631,579,52,1,51
S01012132,450,426,24,2,22,20,19,1,1,0,3,3,0,0,0,10,9,1,1,0,7,7,0,0,0,430,407,23,1,22
S01012133,447,421,26,2,24,95,91,4,0,4,11,11,0,0,0,40,36,4,0,4,44,44,0,0,0,352,330,22,2,20
S01012134,626,606,20,1,19,118,116,2,1,1,23,21,2,1,1,60,60,0,0,0,35,35,0,0,0,508,490,18,0,18
S01012135,589,570,19,0,19,12,12,0,0,0,2,2,0,0,0,2,2,0,0,0,8,8,0,0,0,577,558,19,0,19
S01012136,552,516,36,0,36,11,11,0,0,0,6,6,0,0,0,1,1,0,0,0,4,4,0,0,0,541,505,36,0,36
S01012137,492,463,29,0,29,20,20,0,0,0,5,5,0,0,0,8,8,0,0,0,7,7,0,0,0,472,443,29,0,29
S01012138,476,460,16,0,16,181,177,4,0,4,32,29,3,0,3,133,132,1,0,1,16,16,0,0,0,295,283,12,0,12
S01012139,466,462,4,0,4,261,259,2,0,2,43,43,0,0,0,195,193,2,0,2,23,23,0,0,0,205,203,2,0,2
S01012140,209,205,4,0,4,197,194,3,0,3,49,49,0,0,0,136,133,3,0,3,12,12,0,0,0,12,11,1,0,1
S01012141,415,412,3,0,3,378,375,3,0,3,37,37,0,0,0,287,284,3,0,3,54,54,0,0,0,37,37,0,0,0
S01012142,397,395,2,0,2,387,385,2,0,2,75,73,2,0,2,288,288,0,0,0,24,24,0,0,0,10,10,0,0,0
S01012143,384,376,8,0,8,364,357,7,0,7,184,179,5,0,5,150,148,2,0,2,30,30,0,0,0,20,19,1,0,1
S01012144,460,449,11,1,10,397,387,10,1,9,18,18,0,0,0,276,271,5,1,4,103,98,5,0,5,63,62,1,0,1
S01012145,403,399,4,0,4,372,368,4,0,4,79,79,0,0,0,282,278,4,0,4,11,11,0,0,0,31,31,0,0,0
S01012146,588,572,16,1,15,77,77,0,0,0,11,11,0,0,0,20,20,0,0,0,46,46,0,0,0,511,495,16,1,15
S01012147,415,407,8,0,8,57,57,0,0,0,3,3,0,0,0,26,26,0,0,0,28,28,0,0,0,358,350,8,0,8
S01012148,383,364,19,0,19,39,31,8,0,8,2,2,0,0,0,16,8,8,0,8,21,21,0,0,0,344,333,11,0,11
S01012149,348,335,13,0,13,164,159,5,0,5,88,86,2,0,2,36,34,2,0,2,40,39,1,0,1,184,176,8,0,8
S01012150,365,359,6,0,6,239,236,3,0,3,10,10,0,0,0,52,52,0,0,0,177,174,3,0,3,126,123,3,0,3
S01012151,413,397,16,0,16,222,216,6,0,6,3,3,0,0,0,70,69,1,0,1,149,144,5,0,5,191,181,10,0,10
S01012152,371,362,9,0,9,76,74,2,0,2,4,4,0,0,0,18,17,1,0,1,54,53,1,0,1,295,288,7,0,7
S01012153,341,329,12,0,12,33,33,0,0,0,2,2,0,0,0,15,15,0,0,0,16,16,0,0,0,308,296,12,0,12
S01012154,534,513,21,0,21,32,31,1,0,1,6,6,0,0,0,10,9,1,0,1,16,16,0,0,0,502,482,20,0,20
S01012155,369,357,12,1,11,34,34,0,0,0,4,4,0,0,0,21,21,0,0,0,9,9,0,0,0,335,323,12,1,11
S01012156,385,372,13,0,13,102,98,4,0,4,3,3,0,0,0,37,37,0,0,0,62,58,4,0,4,283,274,9,0,9
S01012157,496,487,9,0,9,298,296,2,0,2,44,44,0,0,0,80,80,0,0,0,174,172,2,0,2,198,191,7,0,7
S01012158,495,487,8,0,8,289,286,3,0,3,81,80,1,0,1,102,101,1,0,1,106,105,1,0,1,206,201,5,0,5
S01012159,233,229,4,0,4,223,219,4,0,4,5,5,0,0,0,146,143,3,0,3,72,71,1,0,1,10,10,0,0,0
S01012160,297,293,4,0,4,285,281,4,0,4,11,11,0,0,0,159,157,2,0,2,115,113,2,0,2,12,12,0,0,0
S01012161,214,208,6,1,5,30,30,0,0,0,3,3,0,0,0,18,18,0,0,0,9,9,0,0,0,184,178,6,1,5
S01012162,394,386,8,0,8,153,150,3,0,3,34,34,0,0,0,50,47,3,0,3,69,69,0,0,0,241,236,5,0,5
S01012163,408,384,24,1,23,153,146,7,0,7,14,12,2,0,2,59,56,3,0,3,80,78,2,0,2,255,238,17,1,16
S01012164,420,413,7,2,5,366,361,5,1,4,55,55,0,0,0,166,162,4,0,4,145,144,1,1,0,54,52,2,1,1
S01012165,470,452,18,1,17,152,150,2,1,1,10,10,0,0,0,46,44,2,1,1,96,96,0,0,0,318,302,16,0,16
S01012166,295,292,3,0,3,100,100,0,0,0,4,4,0,0,0,49,49,0,0,0,47,47,0,0,0,195,192,3,0,3
S01012167,429,425,4,0,4,194,192,2,0,2,13,13,0,0,0,37,37,0,0,0,144,142,2,0,2,235,233,2,0,2
S01012168,389,379,10,0,10,323,316,7,0,7,36,36,0,0,0,125,120,5,0,5,162,160,2,0,2,66,63,3,0,3
S01012169,447,429,18,0,18,215,208,7,0,7,10,10,0,0,0,87,84,3,0,3,118,114,4,0,4,232,221,11,0,11
S01012170,556,543,13,0,13,159,156,3,0,3,8,8,0,0,0,52,50,2,0,2,99,98,1,0,1,397,387,10,0,10
S01012171,476,470,6,0,6,260,256,4,0,4,6,6,0,0,0,17,17,0,0,0,237,233,4,0,4,216,214,2,0,2
S01012172,365,360,5,0,5,175,173,2,0,2,4,4,0,0,0,25,25,0,0,0,146,144,2,0,2,190,187,3,0,3
S01012173,292,289,3,0,3,282,279,3,0,3,69,68,1,0,1,204,202,2,0,2,9,9,0,0,0,10,10,0,0,0
S01012174,303,301,2,0,2,282,280,2,0,2,166,165,1,0,1,67,67,0,0,0,49,48,1,0,1,21,21,0,0,0
S01012175,390,385,5,2,3,278,274,4,1,3,49,48,1,0,1,133,131,2,1,1,96,95,1,0,1,112,111,1,1,0
S01012176,370,367,3,0,3,264,262,2,0,2,54,53,1,0,1,154,154,0,0,0,56,55,1,0,1,106,105,1,0,1
S01012177,242,242,0,0,0,209,209,0,0,0,37,37,0,0,0,128,128,0,0,0,44,44,0,0,0,33,33,0,0,0
S01012178,215,212,3,0,3,210,207,3,0,3,36,36,0,0,0,138,135,3,0,3,36,36,0,0,0,5,5,0,0,0
S01012179,306,301,5,0,5,141,140,1,0,1,45,44,1,0,1,83,83,0,0,0,13,13,0,0,0,165,161,4,0,4
S01012180,274,273,1,0,1,156,156,0,0,0,33,33,0,0,0,87,87,0,0,0,36,36,0,0,0,118,117,1,0,1
S01012181,389,384,5,0,5,150,149,1,0,1,29,29,0,0,0,90,89,1,0,1,31,31,0,0,0,239,235,4,0,4
S01012182,495,431,64,5,59,272,248,24,2,22,80,79,1,0,1,86,85,1,0,1,106,84,22,2,20,223,183,40,3,37
S01012183,486,408,78,1,77,56,56,0,0,0,9,9,0,0,0,25,25,0,0,0,22,22,0,0,0,430,352,78,1,77
S01012184,295,280,15,1,14,36,35,1,0,1,2,2,0,0,0,7,7,0,0,0,27,26,1,0,1,259,245,14,1,13
S01012185,518,506,12,0,12,30,29,1,0,1,5,5,0,0,0,16,15,1,0,1,9,9,0,0,0,488,477,11,0,11
S01012186,351,344,7,0,7,197,192,5,0,5,6,6,0,0,0,70,67,3,0,3,121,119,2,0,2,154,152,2,0,2
S01012187,389,382,7,0,7,103,103,0,0,0,3,3,0,0,0,68,68,0,0,0,32,32,0,0,0,286,279,7,0,7
S01012188,253,252,1,0,1,203,203,0,0,0,29,29,0,0,0,170,170,0,0,0,4,4,0,0,0,50,49,1,0,1
S01012189,246,245,1,0,1,195,194,1,0,1,32,32,0,0,0,118,117,1,0,1,45,45,0,0,0,51,51,0,0,0
S01012190,210,210,0,0,0,207,207,0,0,0,67,67,0,0,0,76,76,0,0,0,64,64,0,0,0,3,3,0,0,0
S01012191,326,322,4,1,3,298,294,4,1,3,178,176,2,0,2,85,84,1,0,1,35,34,1,1,0,28,28,0,0,0
S01012192,187,187,0,0,0,183,183,0,0,0,85,85,0,0,0,90,90,0,0,0,8,8,0,0,0,4,4,0,0,0
S01012193,176,175,1,0,1,173,172,1,0,1,140,139,1,0,1,28,28,0,0,0,5,5,0,0,0,3,3,0,0,0
S01012194,180,179,1,0,1,177,176,1,0,1,117,117,0,0,0,43,42,1,0,1,17,17,0,0,0,3,3,0,0,0
S01012195,430,423,7,1,6,421,415,6,0,6,98,98,0,0,0,118,115,3,0,3,205,202,3,0,3,9,8,1,1,0
S01012196,213,211,2,0,2,174,174,0,0,0,95,95,0,0,0,32,32,0,0,0,47,47,0,0,0,39,37,2,0,2
S01012197,316,311,5,0,5,277,273,4,0,4,14,14,0,0,0,22,22,0,0,0,241,237,4,0,4,39,38,1,0,1
S01012198,408,403,5,0,5,295,293,2,0,2,71,70,1,0,1,76,75,1,0,1,148,148,0,0,0,113,110,3,0,3
S01012199,310,309,1,0,1,294,293,1,0,1,12,12,0,0,0,43,43,0,0,0,239,238,1,0,1,16,16,0,0,0
S01012200,282,278,4,1,3,269,265,4,1,3,10,10,0,0,0,45,45,0,0,0,214,210,4,1,3,13,13,0,0,0
S01012201,320,318,2,0,2,288,286,2,0,2,14,14,0,0,0,50,50,0,0,0,224,222,2,0,2,32,32,0,0,0
S01012202,240,239,1,0,1,227,226,1,0,1,56,55,1,0,1,66,66,0,0,0,105,105,0,0,0,13,13,0,0,0
S01012203,318,316,2,0,2,312,310,2,0,2,166,165,1,0,1,116,115,1,0,1,30,30,0,0,0,6,6,0,0,0
S01012204,271,270,1,0,1,267,266,1,0,1,154,154,0,0,0,99,98,1,0,1,14,14,0,0,0,4,4,0,0,0
S01012205,278,273,5,0,5,250,245,5,0,5,94,92,2,0,2,101,99,2,0,2,55,54,1,0,1,28,28,0,0,0
S01012206,320,317,3,0,3,297,294,3,0,3,38,38,0,0,0,118,116,2,0,2,141,140,1,0,1,23,23,0,0,0
S01012207,407,401,6,0,6,375,370,5,0,5,19,19,0,0,0,35,35,0,0,0,321,316,5,0,5,32,31,1,0,1
S01012208,464,457,7,0,7,366,362,4,0,4,22,22,0,0,0,70,70,0,0,0,274,270,4,0,4,98,95,3,0,3
S01012209,323,318,5,0,5,237,232,5,0,5,10,10,0,0,0,31,31,0,0,0,196,191,5,0,5,86,86,0,0,0
S01012210,401,385,16,0,16,265,257,8,0,8,8,8,0,0,0,35,34,1,0,1,222,215,7,0,7,136,128,8,0,8
S01012211,415,408,7,0,7,308,305,3,0,3,72,72,0,0,0,130,127,3,0,3,106,106,0,0,0,107,103,4,0,4
S01012212,308,304,4,0,4,298,294,4,0,4,106,106,0,0,0,180,176,4,0,4,12,12,0,0,0,10,10,0,0,0
S01012213,340,336,4,0,4,334,330,4,0,4,96,93,3,0,3,179,178,1,0,1,59,59,0,0,0,6,6,0,0,0
S01012214,287,282,5,0,5,281,276,5,0,5,83,81,2,0,2,175,172,3,0,3,23,23,0,0,0,6,6,0,0,0
S01012215,333,329,4,1,3,322,318,4,1,3,100,99,1,0,1,179,177,2,0,2,43,42,1,1,0,11,11,0,0,0
S01012216,286,282,4,0,4,259,256,3,0,3,135,134,1,0,1,117,115,2,0,2,7,7,0,0,0,27,26,1,0,1
S01012217,272,267,5,0,5,86,86,0,0,0,3,3,0,0,0,16,16,0,0,0,67,67,0,0,0,186,181,5,0,5
S01012218,237,228,9,0,9,84,83,1,0,1,3,3,0,0,0,19,19,0,0,0,62,61,1,0,1,153,145,8,0,8
S01012219,421,415,6,0,6,286,284,2,0,2,10,9,1,0,1,66,66,0,0,0,210,209,1,0,1,135,131,4,0,4
S01012220,367,367,0,0,0,90,90,0,0,0,7,7,0,0,0,16,16,0,0,0,67,67,0,0,0,277,277,0,0,0
S01012221,344,332,12,1,11,163,159,4,0,4,13,12,1,0,1,53,51,2,0,2,97,96,1,0,1,181,173,8,1,7
S01012222,409,402,7,0,7,252,249,3,0,3,7,7,0,0,0,66,64,2,0,2,179,178,1,0,1,157,153,4,0,4
S01012223,365,360,5,0,5,256,252,4,0,4,9,9,0,0,0,79,78,1,0,1,168,165,3,0,3,109,108,1,0,1
S01012224,340,333,7,0,7,223,220,3,0,3,21,21,0,0,0,44,44,0,0,0,158,155,3,0,3,117,113,4,0,4
S01012225,472,459,13,0,13,278,268,10,0,10,26,26,0,0,0,52,52,0,0,0,200,190,10,0,10,194,191,3,0,3
S01012226,291,287,4,1,3,241,240,1,0,1,4,4,0,0,0,14,14,0,0,0,223,222,1,0,1,50,47,3,1,2
S01012227,264,260,4,0,4,220,218,2,0,2,8,8,0,0,0,15,15,0,0,0,197,195,2,0,2,44,42,2,0,2
S01012228,253,252,1,0,1,238,237,1,0,1,10,10,0,0,0,20,20,0,0,0,208,207,1,0,1,15,15,0,0,0
S01012229,329,323,6,0,6,299,294,5,0,5,99,98,1,0,1,115,112,3,0,3,85,84,1,0,1,30,29,1,0,1
S01012230,395,392,3,0,3,371,368,3,0,3,196,196,0,0,0,150,147,3,0,3,25,25,0,0,0,24,24,0,0,0
S01012231,290,289,1,0,1,286,285,1,0,1,203,202,1,0,1,78,78,0,0,0,5,5,0,0,0,4,4,0,0,0
S01012232,320,318,2,0,2,314,312,2,0,2,174,172,2,0,2,112,112,0,0,0,28,28,0,0,0,6,6,0,0,0
S01012233,341,341,0,0,0,326,326,0,0,0,205,205,0,0,0,118,118,0,0,0,3,3,0,0,0,15,15,0,0,0
S01012234,395,393,2,0,2,329,328,1,0,1,249,248,1,0,1,71,71,0,0,0,9,9,0,0,0,66,65,1,0,1
S01012235,195,192,3,0,3,188,185,3,0,3,171,169,2,0,2,15,14,1,0,1,2,2,0,0,0,7,7,0,0,0
S01012236,287,278,9,1,8,233,226,7,1,6,62,61,1,1,0,66,66,0,0,0,105,99,6,0,6,54,52,2,0,2
S01012237,323,319,4,0,4,279,275,4,0,4,158,154,4,0,4,113,113,0,0,0,8,8,0,0,0,44,44,0,0,0
S01012238,321,309,12,1,11,163,162,1,0,1,28,28,0,0,0,45,44,1,0,1,90,90,0,0,0,158,147,11,1,10
S01012239,284,274,10,0,10,98,96,2,0,2,30,29,1,0,1,42,41,1,0,1,26,26,0,0,0,186,178,8,0,8
S01012240,399,391,8,0,8,245,240,5,0,5,87,87,0,0,0,80,76,4,0,4,78,77,1,0,1,154,151,3,0,3
S01012241,235,232,3,0,3,181,178,3,0,3,140,137,3,0,3,38,38,0,0,0,3,3,0,0,0,54,54,0,0,0
S01012242,312,307,5,2,3,292,287,5,2,3,210,205,5,2,3,52,52,0,0,0,30,30,0,0,0,20,20,0,0,0
S01012243,245,244,1,0,1,236,235,1,0,1,103,102,1,0,1,85,85,0,0,0,48,48,0,0,0,9,9,0,0,0
S01012244,370,347,23,10,13,356,337,19,8,11,267,252,15,5,10,59,55,4,3,1,30,30,0,0,0,14,10,4,2,2
S01012245,347,335,12,1,11,271,266,5,1,4,159,157,2,0,2,56,55,1,0,1,56,54,2,1,1,76,69,7,0,7
S01012246,310,301,9,6,3,297,288,9,6,3,187,185,2,1,1,43,40,3,1,2,67,63,4,4,0,13,13,0,0,0
S01012247,325,303,22,11,11,304,282,22,11,11,200,185,15,6,9,63,57,6,5,1,41,40,1,0,1,21,21,0,0,0
S01012248,358,332,26,17,9,338,312,26,17,9,232,210,22,14,8,87,83,4,3,1,19,19,0,0,0,20,20,0,0,0
S01012249,420,365,55,52,3,403,348,55,52,3,260,217,43,42,1,80,74,6,6,0,63,57,6,4,2,17,17,0,0,0
S01012250,339,301,38,28,10,328,290,38,28,10,220,202,18,14,4,73,64,9,7,2,35,24,11,7,4,11,11,0,0,0
S01012251,485,457,28,10,18,234,224,10,5,5,37,33,4,2,2,130,127,3,1,2,67,64,3,2,1,251,233,18,5,13
S01012252,344,333,11,0,11,163,160,3,0,3,74,72,2,0,2,78,77,1,0,1,11,11,0,0,0,181,173,8,0,8
S01012253,558,508,50,10,40,232,222,10,3,7,58,56,2,0,2,98,97,1,0,1,76,69,7,3,4,326,286,40,7,33
S01012254,423,399,24,9,15,225,211,14,5,9,34,33,1,0,1,137,128,9,2,7,54,50,4,3,1,198,188,10,4,6
S01012255,527,475,52,23,29,224,207,17,10,7,97,93,4,1,3,63,57,6,5,1,64,57,7,4,3,303,268,35,13,22
S01012256,335,327,8,1,7,331,323,8,1,7,191,185,6,1,5,59,58,1,0,1,81,80,1,0,1,4,4,0,0,0
S01012257,420,412,8,4,4,348,343,5,2,3,112,111,1,1,0,71,69,2,0,2,165,163,2,1,1,72,69,3,2,1
S01012258,304,297,7,5,2,286,282,4,2,2,217,214,3,2,1,53,52,1,0,1,16,16,0,0,0,18,15,3,3,0
S01012259,293,277,16,14,2,256,241,15,13,2,152,143,9,7,2,50,47,3,3,0,54,51,3,3,0,37,36,1,1,0
S01012260,380,368,12,4,8,351,343,8,3,5,116,112,4,2,2,136,132,4,1,3,99,99,0,0,0,29,25,4,1,3
S01012261,331,322,9,5,4,309,302,7,4,3,214,212,2,1,1,58,56,2,2,0,37,34,3,1,2,22,20,2,1,1
S01012262,388,343,45,27,18,364,324,40,24,16,248,216,32,20,12,78,70,8,4,4,38,38,0,0,0,24,19,5,3,2
S01012263,384,366,18,5,13,176,168,8,3,5,43,40,3,1,2,74,71,3,1,2,59,57,2,1,1,208,198,10,2,8
S01012264,233,222,11,6,5,132,130,2,2,0,94,93,1,1,0,19,19,0,0,0,19,18,1,1,0,101,92,9,4,5
S01012265,355,340,15,1,14,260,250,10,1,9,19,18,1,1,0,83,79,4,0,4,158,153,5,0,5,95,90,5,0,5
S01012266,564,536,28,14,14,328,316,12,5,7,180,177,3,2,1,87,84,3,0,3,61,55,6,3,3,236,220,16,9,7
S01012267,339,318,21,9,12,226,214,12,4,8,153,150,3,2,1,35,33,2,1,1,38,31,7,1,6,113,104,9,5,4
S01012268,290,265,25,8,17,281,260,21,8,13,169,160,9,5,4,57,56,1,0,1,55,44,11,3,8,9,5,4,0,4
S01012269,472,461,11,2,9,372,365,7,2,5,165,161,4,2,2,134,132,2,0,2,73,72,1,0,1,100,96,4,0,4
S01012270,364,348,16,1,15,300,287,13,1,12,32,31,1,0,1,143,139,4,1,3,125,117,8,0,8,64,61,3,0,3
S01012271,471,421,50,23,27,452,409,43,21,22,268,236,32,17,15,118,110,8,3,5,66,63,3,1,2,19,12,7,2,5
S01012272,322,305,17,7,10,261,245,16,6,10,124,115,9,5,4,101,99,2,0,2,36,31,5,1,4,61,60,1,1,0
S01012273,314,297,17,8,9,305,288,17,8,9,207,192,15,7,8,63,63,0,0,0,35,33,2,1,1,9,9,0,0,0
S01012274,460,432,28,1,27,281,267,14,1,13,127,125,2,0,2,83,81,2,0,2,71,61,10,1,9,179,165,14,0,14
S01012275,492,450,42,1,41,109,99,10,0,10,20,19,1,0,1,27,26,1,0,1,62,54,8,0,8,383,351,32,1,31
S01012276,501,463,38,0,38,278,264,14,0,14,111,104,7,0,7,72,69,3,0,3,95,91,4,0,4,223,199,24,0,24
S01012277,516,482,34,1,33,270,260,10,1,9,64,62,2,1,1,92,91,1,0,1,114,107,7,0,7,246,222,24,0,24
S01012278,413,401,12,1,11,106,106,0,0,0,40,40,0,0,0,28,28,0,0,0,38,38,0,0,0,307,295,12,1,11
S01012279,429,407,22,0,22,147,142,5,0,5,21,21,0,0,0,71,69,2,0,2,55,52,3,0,3,282,265,17,0,17
S01012280,425,409,16,0,16,277,268,9,0,9,18,18,0,0,0,158,153,5,0,5,101,97,4,0,4,148,141,7,0,7
S01012281,391,371,20,1,19,164,157,7,0,7,7,7,0,0,0,78,77,1,0,1,79,73,6,0,6,227,214,13,1,12
S01012282,481,466,15,2,13,313,300,13,2,11,160,156,4,2,2,119,115,4,0,4,34,29,5,0,5,168,166,2,0,2
S01012283,374,369,5,0,5,255,251,4,0,4,152,148,4,0,4,81,81,0,0,0,22,22,0,0,0,119,118,1,0,1
S01012284,449,436,13,1,12,118,115,3,0,3,30,29,1,0,1,42,41,1,0,1,46,45,1,0,1,331,321,10,1,9
S01012285,284,266,18,1,17,207,202,5,1,4,64,61,3,1,2,102,100,2,0,2,41,41,0,0,0,77,64,13,0,13
S01012286,506,493,13,0,13,354,347,7,0,7,61,60,1,0,1,59,58,1,0,1,234,229,5,0,5,152,146,6,0,6
S01012287,505,479,26,0,26,186,178,8,0,8,21,20,1,0,1,56,55,1,0,1,109,103,6,0,6,319,301,18,0,18
S01012288,383,377,6,0,6,184,184,0,0,0,25,25,0,0,0,57,57,0,0,0,102,102,0,0,0,199,193,6,0,6
S01012289,432,411,21,11,10,397,378,19,10,9,264,251,13,6,7,94,92,2,1,1,39,35,4,3,1,35,33,2,1,1
S01012290,323,292,31,10,21,227,209,18,9,9,65,61,4,3,1,116,107,9,4,5,46,41,5,2,3,96,83,13,1,12
S01012291,444,421,23,9,14,287,273,14,3,11,115,111,4,1,3,142,136,6,1,5,30,26,4,1,3,157,148,9,6,3
S01012292,385,341,44,20,24,273,247,26,9,17,138,128,10,3,7,95,86,9,1,8,40,33,7,5,2,112,94,18,11,7
S01012293,219,212,7,0,7,184,177,7,0,7,102,99,3,0,3,64,63,1,0,1,18,15,3,0,3,35,35,0,0,0
S01012294,379,371,8,0,8,330,322,8,0,8,17,17,0,0,0,83,79,4,0,4,230,226,4,0,4,49,49,0,0,0
S01012295,285,280,5,1,4,228,224,4,1,3,133,131,2,1,1,47,46,1,0,1,48,47,1,0,1,57,56,1,0,1
S01012296,345,330,15,2,13,331,316,15,2,13,183,178,5,1,4,87,83,4,0,4,61,55,6,1,5,14,14,0,0,0
S01012297,280,253,27,12,15,275,248,27,12,15,205,187,18,8,10,48,44,4,0,4,22,17,5,4,1,5,5,0,0,0
S01012298,398,374,24,2,22,358,338,20,2,18,166,163,3,0,3,97,91,6,2,4,95,84,11,0,11,40,36,4,0,4
S01012299,289,257,32,27,5,278,247,31,26,5,186,169,17,16,1,60,50,10,8,2,32,28,4,2,2,11,10,1,1,0
S01012300,311,294,17,8,9,267,253,14,7,7,87,82,5,3,2,105,104,1,0,1,75,67,8,4,4,44,41,3,1,2
S01012301,467,407,60,40,20,459,399,60,40,20,201,183,18,7,11,127,116,11,7,4,131,100,31,26,5,8,8,0,0,0
S01012302,308,240,68,55,13,291,223,68,55,13,167,138,29,24,5,75,50,25,19,6,49,35,14,12,2,17,17,0,0,0
S01012303,418,378,40,30,10,411,372,39,30,9,247,219,28,22,6,105,98,7,4,3,59,55,4,4,0,7,6,1,0,1
S01012304,448,424,24,15,9,431,407,24,15,9,200,185,15,11,4,138,135,3,1,2,93,87,6,3,3,17,17,0,0,0
S01012305,339,333,6,1,5,263,260,3,1,2,132,131,1,1,0,101,99,2,0,2,30,30,0,0,0,76,73,3,0,3
S01012306,318,308,10,0,10,180,177,3,0,3,37,37,0,0,0,63,62,1,0,1,80,78,2,0,2,138,131,7,0,7
S01012307,333,323,10,2,8,216,209,7,2,5,56,54,2,0,2,72,70,2,2,0,88,85,3,0,3,117,114,3,0,3
S01012308,343,334,9,0,9,336,327,9,0,9,67,64,3,0,3,248,242,6,0,6,21,21,0,0,0,7,7,0,0,0
S01012309,263,245,18,2,16,242,226,16,1,15,96,89,7,1,6,75,70,5,0,5,71,67,4,0,4,21,19,2,1,1
S01012310,560,427,133,110,23,524,396,128,105,23,260,205,55,43,12,134,112,22,16,6,130,79,51,46,5,36,31,5,5,0
S01012311,297,263,34,29,5,281,248,33,28,5,148,139,9,8,1,85,71,14,11,3,48,38,10,9,1,16,15,1,1,0
S01012312,505,439,66,50,16,470,406,64,49,15,251,217,34,27,7,129,116,13,7,6,90,73,17,15,2,35,33,2,1,1
S01012313,393,345,48,39,9,365,318,47,39,8,156,138,18,17,1,148,140,8,5,3,61,40,21,17,4,28,27,1,0,1
S01012314,387,365,22,15,7,376,354,22,15,7,53,49,4,3,1,195,188,7,4,3,128,117,11,8,3,11,11,0,0,0
S01012315,443,400,43,29,14,239,213,26,19,7,82,79,3,2,1,51,49,2,2,0,106,85,21,15,6,204,187,17,10,7
S01012316,317,315,2,0,2,193,192,1,0,1,38,38,0,0,0,58,58,0,0,0,97,96,1,0,1,124,123,1,0,1
S01012317,228,209,19,9,10,195,180,15,9,6,144,136,8,4,4,41,34,7,5,2,10,10,0,0,0,33,29,4,0,4
S01012318,336,329,7,5,2,328,321,7,5,2,35,35,0,0,0,92,88,4,2,2,201,198,3,3,0,8,8,0,0,0
S01012319,367,343,24,16,8,353,330,23,16,7,189,178,11,9,2,96,90,6,5,1,68,62,6,2,4,14,13,1,0,1
S01012320,282,276,6,3,3,254,248,6,3,3,49,45,4,2,2,125,123,2,1,1,80,80,0,0,0,28,28,0,0,0
S01012321,352,339,13,3,10,299,288,11,3,8,135,128,7,1,6,69,66,3,2,1,95,94,1,0,1,53,51,2,0,2
S01012322,517,453,64,37,27,501,438,63,37,26,266,245,21,15,6,126,109,17,7,10,109,84,25,15,10,16,15,1,0,1
S01012323,457,403,54,33,21,430,378,52,32,20,298,267,31,20,11,79,69,10,7,3,53,42,11,5,6,27,25,2,1,1
S01012324,423,365,58,26,32,415,357,58,26,32,208,176,32,16,16,138,123,15,4,11,69,58,11,6,5,8,8,0,0,0
S01012325,311,301,10,6,4,280,270,10,6,4,146,142,4,2,2,88,83,5,4,1,46,45,1,0,1,31,31,0,0,0
S01012326,331,310,21,1,20,163,154,9,1,8,26,25,1,1,0,37,31,6,0,6,100,98,2,0,2,168,156,12,0,12
S01012327,389,366,23,8,15,350,329,21,7,14,90,82,8,3,5,149,143,6,2,4,111,104,7,2,5,39,37,2,1,1
S01012328,336,293,43,21,22,321,283,38,18,20,82,73,9,6,3,137,132,5,1,4,102,78,24,11,13,15,10,5,3,2
S01012329,457,381,76,56,20,440,366,74,54,20,201,172,29,23,6,114,105,9,4,5,125,89,36,27,9,17,15,2,2,0
S01012330,299,280,19,2,17,252,247,5,2,3,114,112,2,0,2,95,93,2,1,1,43,42,1,1,0,47,33,14,0,14
S01012331,278,265,13,1,12,262,253,9,1,8,172,166,6,1,5,76,73,3,0,3,14,14,0,0,0,16,12,4,0,4
S01012332,485,435,50,32,18,473,424,49,31,18,235,222,13,10,3,97,90,7,3,4,141,112,29,18,11,12,11,1,1,0
S01012333,499,452,47,30,17,465,418,47,30,17,242,220,22,16,6,104,93,11,5,6,119,105,14,9,5,34,34,0,0,0
S01012334,370,365,5,0,5,268,264,4,0,4,36,35,1,0,1,180,179,1,0,1,52,50,2,0,2,102,101,1,0,1
S01012335,417,414,3,1,2,401,398,3,1,2,46,46,0,0,0,216,214,2,1,1,139,138,1,0,1,16,16,0,0,0
S01012336,278,275,3,0,3,271,268,3,0,3,11,11,0,0,0,209,207,2,0,2,51,50,1,0,1,7,7,0,0,0
S01012337,466,453,13,0,13,217,213,4,0,4,18,18,0,0,0,127,125,2,0,2,72,70,2,0,2,249,240,9,0,9
S01012338,421,384,37,5,32,203,187,16,3,13,61,56,5,0,5,74,71,3,0,3,68,60,8,3,5,218,197,21,2,19
S01012339,425,366,59,13,46,120,105,15,3,12,36,31,5,2,3,40,37,3,0,3,44,37,7,1,6,305,261,44,10,34
S01012340,488,477,11,0,11,377,377,0,0,0,150,150,0,0,0,135,135,0,0,0,92,92,0,0,0,111,100,11,0,11
S01012341,475,404,71,40,31,462,395,67,37,30,324,277,47,27,20,97,82,15,7,8,41,36,5,3,2,13,9,4,3,1
S01012342,456,403,53,23,30,447,395,52,23,29,245,208,37,15,22,143,132,11,5,6,59,55,4,3,1,9,8,1,0,1
S01012343,487,448,39,25,14,475,437,38,24,14,241,220,21,16,5,120,115,5,0,5,114,102,12,8,4,12,11,1,1,0
S01012344,306,296,10,2,8,212,206,6,1,5,44,43,1,0,1,92,90,2,1,1,76,73,3,0,3,94,90,4,1,3
S01012345,329,321,8,2,6,297,291,6,2,4,61,59,2,1,1,178,175,3,0,3,58,57,1,1,0,32,30,2,0,2
S01012346,394,361,33,23,10,374,342,32,22,10,205,190,15,11,4,86,79,7,2,5,83,73,10,9,1,20,19,1,1,0
S01012347,377,364,13,1,12,348,337,11,1,10,103,101,2,0,2,153,148,5,0,5,92,88,4,1,3,29,27,2,0,2
S01012348,335,325,10,0,10,291,281,10,0,10,140,135,5,0,5,107,104,3,0,3,44,42,2,0,2,44,44,0,0,0
S01012349,411,402,9,0,9,346,340,6,0,6,17,17,0,0,0,202,199,3,0,3,127,124,3,0,3,65,62,3,0,3
S01012350,343,337,6,1,5,247,243,4,1,3,118,116,2,0,2,93,91,2,1,1,36,36,0,0,0,96,94,2,0,2
S01012351,385,373,12,3,9,273,267,6,3,3,22,21,1,1,0,113,113,0,0,0,138,133,5,2,3,112,106,6,0,6
S01012352,367,350,17,4,13,189,184,5,2,3,94,93,1,0,1,73,72,1,0,1,22,19,3,2,1,178,166,12,2,10
S01012353,494,453,41,12,29,161,145,16,10,6,53,47,6,5,1,30,27,3,0,3,78,71,7,5,2,333,308,25,2,23
S01012354,439,385,54,29,25,397,345,52,29,23,80,71,9,6,3,160,145,15,8,7,157,129,28,15,13,42,40,2,0,2
S01012355,483,377,106,63,43,467,362,105,62,43,375,296,79,50,29,83,59,24,11,13,9,7,2,1,1,16,15,1,1,0
S01012356,334,320,14,8,6,303,289,14,8,6,99,93,6,3,3,140,136,4,3,1,64,60,4,2,2,31,31,0,0,0
S01012357,387,355,32,20,12,374,342,32,20,12,287,261,26,18,8,70,67,3,0,3,17,14,3,2,1,13,13,0,0,0
S01012358,401,343,58,39,19,372,319,53,35,18,244,213,31,22,9,98,79,19,10,9,30,27,3,3,0,29,24,5,4,1
S01012359,374,367,7,0,7,294,291,3,0,3,11,11,0,0,0,196,193,3,0,3,87,87,0,0,0,80,76,4,0,4
S01012360,335,324,11,0,11,245,239,6,0,6,18,17,1,0,1,134,132,2,0,2,93,90,3,0,3,90,85,5,0,5
S01012361,281,275,6,0,6,244,240,4,0,4,17,17,0,0,0,175,172,3,0,3,52,51,1,0,1,37,35,2,0,2
S01012362,315,306,9,0,9,297,288,9,0,9,20,20,0,0,0,198,191,7,0,7,79,77,2,0,2,18,18,0,0,0
S01012363,629,575,54,12,42,165,155,10,6,4,20,20,0,0,0,42,42,0,0,0,103,93,10,6,4,464,420,44,6,38
S01012364,427,375,52,7,45,102,100,2,0,2,21,21,0,0,0,44,42,2,0,2,37,37,0,0,0,325,275,50,7,43
S01012365,457,443,14,7,7,300,288,12,7,5,51,51,0,0,0,110,108,2,1,1,139,129,10,6,4,157,155,2,0,2
S01012366,566,513,53,4,49,147,142,5,3,2,16,16,0,0,0,32,32,0,0,0,99,94,5,3,2,419,371,48,1,47
S01012367,422,420,2,0,2,316,315,1,0,1,125,125,0,0,0,119,118,1,0,1,72,72,0,0,0,106,105,1,0,1
S01012368,268,261,7,2,5,219,213,6,2,4,143,137,6,2,4,55,55,0,0,0,21,21,0,0,0,49,48,1,0,1
S01012369,382,375,7,0,7,283,281,2,0,2,112,110,2,0,2,96,96,0,0,0,75,75,0,0,0,99,94,5,0,5
S01012370,531,516,15,1,14,151,149,2,1,1,88,87,1,1,0,24,24,0,0,0,39,38,1,0,1,380,367,13,0,13
S01012371,532,486,46,4,42,158,148,10,3,7,26,24,2,0,2,34,31,3,0,3,98,93,5,3,2,374,338,36,1,35
S01012372,466,450,16,1,15,87,81,6,1,5,19,17,2,0,2,22,22,0,0,0,46,42,4,1,3,379,369,10,0,10
S01012373,496,479,17,4,13,279,270,9,4,5,108,105,3,3,0,90,90,0,0,0,81,75,6,1,5,217,209,8,0,8
S01012374,414,402,12,1,11,260,254,6,1,5,39,38,1,1,0,77,76,1,0,1,144,140,4,0,4,154,148,6,0,6
S01012375,444,429,15,1,14,278,271,7,1,6,32,30,2,1,1,114,111,3,0,3,132,130,2,0,2,166,158,8,0,8
S01012376,439,407,32,22,10,421,391,30,21,9,287,263,24,17,7,104,98,6,4,2,30,30,0,0,0,18,16,2,1,1
S01012377,365,324,41,16,25,345,307,38,16,22,214,194,20,11,9,73,69,4,2,2,58,44,14,3,11,20,17,3,0,3
S01012378,291,250,41,31,10,265,227,38,31,7,185,157,28,23,5,61,53,8,6,2,19,17,2,2,0,26,23,3,0,3
S01012379,251,227,24,18,6,236,213,23,17,6,171,150,21,15,6,49,48,1,1,0,16,15,1,1,0,15,14,1,1,0
S01012380,427,423,4,2,2,266,264,2,1,1,42,42,0,0,0,63,63,0,0,0,161,159,2,1,1,161,159,2,1,1
S01012381,475,456,19,0,19,260,255,5,0,5,55,54,1,0,1,77,76,1,0,1,128,125,3,0,3,215,201,14,0,14
S01012382,448,437,11,3,8,386,378,8,1,7,134,131,3,1,2,175,171,4,0,4,77,76,1,0,1,62,59,3,2,1
S01012383,437,424,13,3,10,268,256,12,3,9,81,80,1,0,1,115,113,2,1,1,72,63,9,2,7,169,168,1,0,1
S01012384,282,267,15,2,13,174,170,4,1,3,58,58,0,0,0,59,59,0,0,0,57,53,4,1,3,108,97,11,1,10
S01012385,352,332,20,2,18,205,199,6,0,6,102,100,2,0,2,61,59,2,0,2,42,40,2,0,2,147,133,14,2,12
S01012386,464,440,24,1,23,369,352,17,1,16,59,54,5,1,4,78,74,4,0,4,232,224,8,0,8,95,88,7,0,7
S01012387,447,407,40,15,25,439,399,40,15,25,368,332,36,11,25,65,61,4,4,0,6,6,0,0,0,8,8,0,0,0
S01012388,335,306,29,8,21,332,303,29,8,21,281,257,24,6,18,48,43,5,2,3,3,3,0,0,0,3,3,0,0,0
S01012389,352,339,13,4,9,349,336,13,4,9,264,253,11,3,8,74,73,1,1,0,11,10,1,0,1,3,3,0,0,0
S01012390,322,307,15,6,9,317,302,15,6,9,250,238,12,6,6,58,55,3,0,3,9,9,0,0,0,5,5,0,0,0
S01012391,414,412,2,2,0,398,396,2,2,0,311,309,2,2,0,78,78,0,0,0,9,9,0,0,0,16,16,0,0,0
S01012392,333,327,6,3,3,267,264,3,1,2,142,141,1,0,1,114,112,2,1,1,11,11,0,0,0,66,63,3,2,1
S01012393,383,377,6,2,4,374,368,6,2,4,157,155,2,0,2,196,192,4,2,2,21,21,0,0,0,9,9,0,0,0
S01012394,283,276,7,5,2,273,266,7,5,2,84,82,2,1,1,52,51,1,1,0,137,133,4,3,1,10,10,0,0,0
S01012395,290,279,11,0,11,223,217,6,0,6,75,75,0,0,0,113,107,6,0,6,35,35,0,0,0,67,62,5,0,5
S01012396,338,312,26,8,18,245,227,18,4,14,45,45,0,0,0,148,137,11,3,8,52,45,7,1,6,93,85,8,4,4
S01012397,438,418,20,8,12,357,342,15,6,9,191,185,6,2,4,105,97,8,4,4,61,60,1,0,1,81,76,5,2,3
S01012398,461,432,29,8,21,250,235,15,4,11,66,61,5,1,4,120,116,4,0,4,64,58,6,3,3,211,197,14,4,10
S01012399,304,287,17,3,14,278,263,15,3,12,21,21,0,0,0,138,130,8,1,7,119,112,7,2,5,26,24,2,0,2
S01012400,296,274,22,2,20,180,170,10,0,10,51,47,4,0,4,98,93,5,0,5,31,30,1,0,1,116,104,12,2,10
S01012401,424,408,16,10,6,290,276,14,8,6,71,63,8,5,3,202,196,6,3,3,17,17,0,0,0,134,132,2,2,0
S01012402,191,184,7,0,7,190,183,7,0,7,163,158,5,0,5,25,23,2,0,2,2,2,0,0,0,1,1,0,0,0
S01012403,453,437,16,7,9,446,431,15,6,9,333,319,14,5,9,106,105,1,1,0,7,7,0,0,0,7,6,1,1,0
S01012404,470,448,22,13,9,395,373,22,13,9,191,175,16,12,4,162,157,5,0,5,42,41,1,1,0,75,75,0,0,0
S01012405,291,274,17,1,16,278,265,13,1,12,255,242,13,1,12,23,23,0,0,0,0,0,0,0,0,13,9,4,0,4
S01012406,270,260,10,1,9,268,258,10,1,9,212,202,10,1,9,46,46,0,0,0,10,10,0,0,0,2,2,0,0,0
S01012407,351,335,16,9,7,340,327,13,9,4,220,211,9,8,1,109,105,4,1,3,11,11,0,0,0,11,8,3,0,3
S01012408,266,250,16,11,5,263,248,15,11,4,241,227,14,11,3,20,19,1,0,1,2,2,0,0,0,3,2,1,0,1
S01012409,325,311,14,4,10,301,287,14,4,10,249,235,14,4,10,48,48,0,0,0,4,4,0,0,0,24,24,0,0,0
S01012410,456,420,36,18,18,451,415,36,18,18,309,283,26,16,10,111,101,10,2,8,31,31,0,0,0,5,5,0,0,0
S01012411,440,410,30,16,14,428,399,29,15,14,251,230,21,13,8,125,120,5,1,4,52,49,3,1,2,12,11,1,1,0
S01012412,328,281,47,13,34,318,272,46,13,33,249,208,41,13,28,63,58,5,0,5,6,6,0,0,0,10,9,1,0,1
S01012413,473,419,54,44,10,459,407,52,43,9,371,325,46,41,5,78,74,4,1,3,10,8,2,1,1,14,12,2,1,1
S01012414,428,341,87,50,37,423,336,87,50,37,263,204,59,49,10,132,109,23,0,23,28,23,5,1,4,5,5,0,0,0
S01012415,222,203,19,10,9,220,201,19,10,9,151,139,12,7,5,58,56,2,0,2,11,6,5,3,2,2,2,0,0,0
S01012416,242,216,26,17,9,238,212,26,17,9,184,162,22,17,5,45,43,2,0,2,9,7,2,0,2,4,4,0,0,0
S01012417,335,299,36,24,12,302,267,35,23,12,143,120,23,16,7,71,67,4,4,0,88,80,8,3,5,33,32,1,1,0
S01012418,442,343,99,80,19,434,336,98,79,19,246,188,58,51,7,115,91,24,17,7,73,57,16,11,5,8,7,1,1,0
S01012419,376,313,63,52,11,344,292,52,41,11,224,187,37,30,7,85,77,8,5,3,35,28,7,6,1,32,21,11,11,0
S01012420,379,362,17,14,3,334,321,13,10,3,91,81,10,7,3,100,98,2,2,0,143,142,1,1,0,45,41,4,4,0
S01012421,398,325,73,63,10,314,284,30,24,6,136,119,17,15,2,114,102,12,9,3,64,63,1,0,1,84,41,43,39,4
S01012422,457,402,55,48,7,419,376,43,37,6,210,189,21,19,2,108,95,13,9,4,101,92,9,9,0,38,26,12,11,1
S01012423,372,346,26,11,15,341,315,26,11,15,150,140,10,4,6,89,82,7,3,4,102,93,9,4,5,31,31,0,0,0
S01012424,432,414,18,1,17,376,364,12,1,11,93,89,4,1,3,113,107,6,0,6,170,168,2,0,2,56,50,6,0,6
S01012425,315,307,8,1,7,170,165,5,1,4,12,12,0,0,0,50,48,2,1,1,108,105,3,0,3,145,142,3,0,3
S01012426,250,237,13,2,11,171,166,5,2,3,6,6,0,0,0,60,56,4,2,2,105,104,1,0,1,79,71,8,0,8
S01012427,307,300,7,5,2,224,222,2,0,2,12,12,0,0,0,23,22,1,0,1,189,188,1,0,1,83,78,5,5,0
S01012428,299,286,13,5,8,293,280,13,5,8,86,81,5,4,1,34,31,3,0,3,173,168,5,1,4,6,6,0,0,0
S01012429,334,286,48,35,13,280,244,36,24,12,42,39,3,2,1,95,89,6,4,2,143,116,27,18,9,54,42,12,11,1
S01012430,323,277,46,34,12,247,219,28,17,11,49,44,5,4,1,42,36,6,5,1,156,139,17,8,9,76,58,18,17,1
S01012431,493,432,61,32,29,331,293,38,22,16,43,40,3,3,0,87,81,6,3,3,201,172,29,16,13,162,139,23,10,13
S01012432,373,352,21,14,7,276,258,18,12,6,147,129,18,12,6,81,81,0,0,0,48,48,0,0,0,97,94,3,2,1
S01012433,295,265,30,13,17,182,164,18,7,11,17,16,1,1,0,26,26,0,0,0,139,122,17,6,11,113,101,12,6,6
S01012434,344,334,10,4,6,132,127,5,3,2,32,31,1,0,1,58,54,4,3,1,42,42,0,0,0,212,207,5,1,4
S01012435,328,311,17,6,11,190,188,2,0,2,15,15,0,0,0,36,36,0,0,0,139,137,2,0,2,138,123,15,6,9
S01012436,365,345,20,6,14,261,245,16,6,10,27,27,0,0,0,91,86,5,0,5,143,132,11,6,5,104,100,4,0,4
S01012437,344,336,8,1,7,266,258,8,1,7,41,38,3,0,3,151,149,2,0,2,74,71,3,1,2,78,78,0,0,0
S01012438,266,260,6,0,6,258,252,6,0,6,95,93,2,0,2,78,74,4,0,4,85,85,0,0,0,8,8,0,0,0
S01012439,372,355,17,2,15,245,240,5,0,5,88,85,3,0,3,84,82,2,0,2,73,73,0,0,0,127,115,12,2,10
S01012440,228,221,7,0,7,205,199,6,0,6,143,140,3,0,3,30,29,1,0,1,32,30,2,0,2,23,22,1,0,1
S01012441,415,387,28,22,6,392,364,28,22,6,204,182,22,16,6,101,99,2,2,0,87,83,4,4,0,23,23,0,0,0
S01012442,443,423,20,12,8,415,397,18,11,7,218,210,8,7,1,132,128,4,0,4,65,59,6,4,2,28,26,2,1,1
S01012443,338,313,25,8,17,327,304,23,7,16,166,153,13,3,10,105,98,7,3,4,56,53,3,1,2,11,9,2,1,1
S01012444,305,292,13,3,10,288,275,13,3,10,235,233,2,0,2,45,35,10,2,8,8,7,1,1,0,17,17,0,0,0
S01012445,186,183,3,1,2,182,179,3,1,2,155,152,3,1,2,19,19,0,0,0,8,8,0,0,0,4,4,0,0,0
S01012446,262,252,10,0,10,178,170,8,0,8,51,51,0,0,0,75,72,3,0,3,52,47,5,0,5,84,82,2,0,2
S01012447,364,354,10,1,9,341,331,10,1,9,232,224,8,0,8,95,94,1,0,1,14,13,1,1,0,23,23,0,0,0
S01012448,370,361,9,3,6,353,345,8,3,5,275,270,5,3,2,38,38,0,0,0,40,37,3,0,3,17,16,1,0,1
S01012449,258,252,6,0,6,233,228,5,0,5,51,51,0,0,0,95,93,2,0,2,87,84,3,0,3,25,24,1,0,1
S01012450,351,322,29,6,23,330,303,27,4,23,192,180,12,2,10,82,81,1,0,1,56,42,14,2,12,21,19,2,2,0
S01012451,425,397,28,12,16,384,365,19,11,8,359,342,17,10,7,13,13,0,0,0,12,10,2,1,1,41,32,9,1,8
S01012452,305,301,4,3,1,301,297,4,3,1,141,138,3,2,1,156,155,1,1,0,4,4,0,0,0,4,4,0,0,0
S01012453,333,322,11,5,6,327,316,11,5,6,301,290,11,5,6,23,23,0,0,0,3,3,0,0,0,6,6,0,0,0
S01012454,306,301,5,0,5,305,300,5,0,5,246,242,4,0,4,55,54,1,0,1,4,4,0,0,0,1,1,0,0,0
S01012455,262,246,16,10,6,256,240,16,10,6,236,221,15,9,6,7,7,0,0,0,13,12,1,1,0,6,6,0,0,0
S01012456,308,300,8,0,8,303,295,8,0,8,292,284,8,0,8,8,8,0,0,0,3,3,0,0,0,5,5,0,0,0
S01012457,391,380,11,8,3,387,377,10,8,2,372,362,10,8,2,13,13,0,0,0,2,2,0,0,0,4,3,1,0,1
S01012458,342,330,12,4,8,325,316,9,1,8,277,270,7,1,6,31,31,0,0,0,17,15,2,0,2,17,14,3,3,0
S01012459,283,271,12,1,11,281,269,12,1,11,181,171,10,1,9,74,73,1,0,1,26,25,1,0,1,2,2,0,0,0
S01012460,247,242,5,0,5,245,240,5,0,5,216,211,5,0,5,21,21,0,0,0,8,8,0,0,0,2,2,0,0,0
S01012461,257,250,7,3,4,200,196,4,2,2,45,44,1,1,0,34,34,0,0,0,121,118,3,1,2,57,54,3,1,2
S01012462,393,386,7,1,6,303,298,5,0,5,14,14,0,0,0,85,83,2,0,2,204,201,3,0,3,90,88,2,1,1
S01012463,273,256,17,6,11,219,210,9,3,6,20,20,0,0,0,37,37,0,0,0,162,153,9,3,6,54,46,8,3,5
S01012464,258,255,3,2,1,215,214,1,0,1,15,15,0,0,0,19,19,0,0,0,181,180,1,0,1,43,41,2,2,0
S01012465,288,286,2,0,2,283,281,2,0,2,18,18,0,0,0,30,30,0,0,0,235,233,2,0,2,5,5,0,0,0
S01012466,354,349,5,2,3,278,276,2,0,2,87,86,1,0,1,177,176,1,0,1,14,14,0,0,0,76,73,3,2,1
S01012467,310,307,3,0,3,297,294,3,0,3,44,44,0,0,0,119,117,2,0,2,134,133,1,0,1,13,13,0,0,0
S01012468,322,316,6,1,5,313,307,6,1,5,31,31,0,0,0,159,158,1,0,1,123,118,5,1,4,9,9,0,0,0
S01012469,344,333,11,5,6,291,285,6,2,4,114,113,1,0,1,157,155,2,1,1,20,17,3,1,2,53,48,5,3,2
S01012470,508,492,16,3,13,369,363,6,0,6,127,125,2,0,2,95,93,2,0,2,147,145,2,0,2,139,129,10,3,7
S01012471,358,352,6,0,6,325,321,4,0,4,262,258,4,0,4,48,48,0,0,0,15,15,0,0,0,33,31,2,0,2
S01012472,324,317,7,1,6,322,315,7,1,6,223,218,5,1,4,94,92,2,0,2,5,5,0,0,0,2,2,0,0,0
S01012473,221,218,3,0,3,217,214,3,0,3,181,178,3,0,3,29,29,0,0,0,7,7,0,0,0,4,4,0,0,0
S01012474,374,371,3,0,3,271,269,2,0,2,118,117,1,0,1,123,123,0,0,0,30,29,1,0,1,103,102,1,0,1
S01012475,312,300,12,9,3,248,246,2,0,2,183,182,1,0,1,35,34,1,0,1,30,30,0,0,0,64,54,10,9,1
S01012476,428,422,6,2,4,419,413,6,2,4,57,55,2,0,2,154,154,0,0,0,208,204,4,2,2,9,9,0,0,0
S01012477,285,283,2,0,2,282,280,2,0,2,105,104,1,0,1,171,170,1,0,1,6,6,0,0,0,3,3,0,0,0
S01012478,377,368,9,0,9,370,362,8,0,8,19,19,0,0,0,186,184,2,0,2,165,159,6,0,6,7,6,1,0,1
S01012479,264,261,3,0,3,262,259,3,0,3,117,115,2,0,2,136,135,1,0,1,9,9,0,0,0,2,2,0,0,0
S01012480,386,339,47,34,13,28,25,3,2,1,8,8,0,0,0,10,10,0,0,0,10,7,3,2,1,358,314,44,32,12
S01012481,511,419,92,76,16,125,118,7,4,3,24,24,0,0,0,36,35,1,0,1,65,59,6,4,2,386,301,85,72,13
S01012482,499,439,60,42,18,134,130,4,2,2,18,18,0,0,0,39,39,0,0,0,77,73,4,2,2,365,309,56,40,16
S01012483,615,570,45,6,39,96,92,4,3,1,28,27,1,1,0,59,57,2,1,1,9,8,1,1,0,519,478,41,3,38
S01012484,379,366,13,7,6,198,196,2,0,2,35,35,0,0,0,79,79,0,0,0,84,82,2,0,2,181,170,11,7,4
S01012485,401,384,17,10,7,249,243,6,3,3,103,100,3,1,2,113,112,1,0,1,33,31,2,2,0,152,141,11,7,4
S01012486,280,268,12,6,6,174,172,2,0,2,107,105,2,0,2,54,54,0,0,0,13,13,0,0,0,106,96,10,6,4
S01012487,318,306,12,2,10,117,111,6,0,6,6,6,0,0,0,50,50,0,0,0,61,55,6,0,6,201,195,6,2,4
S01012488,496,483,13,5,8,318,312,6,0,6,22,22,0,0,0,91,91,0,0,0,205,199,6,0,6,178,171,7,5,2
S01012489,623,553,70,33,37,75,74,1,0,1,13,13,0,0,0,23,23,0,0,0,39,38,1,0,1,548,479,69,33,36
S01012490,652,606,46,16,30,61,56,5,4,1,9,9,0,0,0,19,19,0,0,0,33,28,5,4,1,591,550,41,12,29
S01012491,286,245,41,8,33,24,24,0,0,0,6,6,0,0,0,13,13,0,0,0,5,5,0,0,0,262,221,41,8,33
S01012492,524,490,34,12,22,53,51,2,0,2,10,10,0,0,0,19,19,0,0,0,24,22,2,0,2,471,439,32,12,20
S01012493,414,409,5,0,5,138,136,2,0,2,27,27,0,0,0,82,80,2,0,2,29,29,0,0,0,276,273,3,0,3
S01012494,389,383,6,0,6,376,370,6,0,6,3,3,0,0,0,173,170,3,0,3,200,197,3,0,3,13,13,0,0,0
S01012495,512,496,16,7,9,376,366,10,5,5,9,9,0,0,0,207,204,3,1,2,160,153,7,4,3,136,130,6,2,4
S01012496,323,314,9,0,9,314,305,9,0,9,39,37,2,0,2,191,186,5,0,5,84,82,2,0,2,9,9,0,0,0
S01012497,241,231,10,6,4,167,165,2,0,2,6,6,0,0,0,99,98,1,0,1,62,61,1,0,1,74,66,8,6,2
S01012498,366,343,23,4,19,257,247,10,3,7,16,16,0,0,0,174,170,4,0,4,67,61,6,3,3,109,96,13,1,12
S01012499,285,277,8,3,5,263,255,8,3,5,14,14,0,0,0,169,167,2,0,2,80,74,6,3,3,22,22,0,0,0
S01012500,232,217,15,8,7,121,120,1,1,0,8,8,0,0,0,47,47,0,0,0,66,65,1,1,0,111,97,14,7,7
S01012501,278,260,18,15,3,48,48,0,0,0,4,4,0,0,0,27,27,0,0,0,17,17,0,0,0,230,212,18,15,3
S01012502,380,360,20,13,7,113,112,1,0,1,12,12,0,0,0,75,75,0,0,0,26,25,1,0,1,267,248,19,13,6
S01012503,333,308,25,17,8,157,156,1,0,1,6,6,0,0,0,79,78,1,0,1,72,72,0,0,0,176,152,24,17,7
S01012504,304,282,22,15,7,181,179,2,0,2,30,30,0,0,0,95,94,1,0,1,56,55,1,0,1,123,103,20,15,5
S01012505,525,515,10,1,9,213,211,2,0,2,22,20,2,0,2,144,144,0,0,0,47,47,0,0,0,312,304,8,1,7
S01012506,249,241,8,0,8,172,168,4,0,4,79,78,1,0,1,59,56,3,0,3,34,34,0,0,0,77,73,4,0,4
S01012507,493,482,11,1,10,204,197,7,1,6,22,21,1,0,1,119,116,3,0,3,63,60,3,1,2,289,285,4,0,4
S01012508,407,399,8,0,8,234,233,1,0,1,46,46,0,0,0,143,142,1,0,1,45,45,0,0,0,173,166,7,0,7
S01012509,264,256,8,0,8,200,193,7,0,7,24,24,0,0,0,109,107,2,0,2,67,62,5,0,5,64,63,1,0,1
S01012510,385,381,4,0,4,307,303,4,0,4,29,28,1,0,1,229,227,2,0,2,49,48,1,0,1,78,78,0,0,0
S01012511,322,316,6,0,6,210,208,2,0,2,12,12,0,0,0,107,106,1,0,1,91,90,1,0,1,112,108,4,0,4
S01012512,293,286,7,0,7,174,171,3,0,3,64,64,0,0,0,102,99,3,0,3,8,8,0,0,0,119,115,4,0,4
S01012513,237,234,3,0,3,222,221,1,0,1,105,105,0,0,0,67,67,0,0,0,50,49,1,0,1,15,13,2,0,2
S01012514,393,392,1,0,1,363,363,0,0,0,88,88,0,0,0,211,211,0,0,0,64,64,0,0,0,30,29,1,0,1
S01012515,329,319,10,1,9,229,221,8,1,7,27,25,2,1,1,78,77,1,0,1,124,119,5,0,5,100,98,2,0,2
S01012516,304,301,3,0,3,276,273,3,0,3,47,47,0,0,0,168,166,2,0,2,61,60,1,0,1,28,28,0,0,0
S01012517,421,410,11,0,11,179,179,0,0,0,67,67,0,0,0,94,94,0,0,0,18,18,0,0,0,242,231,11,0,11
S01012518,286,277,9,3,6,211,209,2,0,2,53,53,0,0,0,85,85,0,0,0,73,71,2,0,2,75,68,7,3,4
S01012519,292,279,13,0,13,213,205,8,0,8,52,51,1,0,1,69,66,3,0,3,92,88,4,0,4,79,74,5,0,5
S01012520,361,345,16,13,3,237,236,1,1,0,64,63,1,1,0,123,123,0,0,0,50,50,0,0,0,124,109,15,12,3
S01012521,280,270,10,3,7,179,173,6,2,4,39,38,1,0,1,96,93,3,2,1,44,42,2,0,2,101,97,4,1,3
S01012522,370,360,10,6,4,324,319,5,2,3,150,148,2,1,1,144,141,3,1,2,30,30,0,0,0,46,41,5,4,1
S01012523,390,385,5,1,4,364,359,5,1,4,106,105,1,0,1,170,166,4,1,3,88,88,0,0,0,26,26,0,0,0
S01012524,479,467,12,2,10,364,356,8,1,7,101,100,1,0,1,229,224,5,0,5,34,32,2,1,1,115,111,4,1,3
S01012525,347,341,6,0,6,321,316,5,0,5,83,82,1,0,1,163,159,4,0,4,75,75,0,0,0,26,25,1,0,1
S01012526,344,334,10,1,9,317,309,8,1,7,166,161,5,0,5,140,137,3,1,2,11,11,0,0,0,27,25,2,0,2
S01012527,291,285,6,0,6,267,261,6,0,6,107,103,4,0,4,146,144,2,0,2,14,14,0,0,0,24,24,0,0,0
S01012528,342,337,5,0,5,295,290,5,0,5,15,15,0,0,0,163,160,3,0,3,117,115,2,0,2,47,47,0,0,0
S01012529,349,342,7,0,7,279,276,3,0,3,75,75,0,0,0,96,94,2,0,2,108,107,1,0,1,70,66,4,0,4
S01012530,407,400,7,0,7,387,381,6,0,6,150,148,2,0,2,197,193,4,0,4,40,40,0,0,0,20,19,1,0,1
S01012531,344,332,12,2,10,298,288,10,1,9,145,139,6,0,6,96,94,2,1,1,57,55,2,0,2,46,44,2,1,1
S01012532,360,348,12,1,11,330,319,11,1,10,113,105,8,1,7,92,90,2,0,2,125,124,1,0,1,30,29,1,0,1
S01012533,279,274,5,3,2,141,140,1,0,1,29,29,0,0,0,15,15,0,0,0,97,96,1,0,1,138,134,4,3,1
S01012534,301,288,13,1,12,167,158,9,0,9,37,36,1,0,1,66,64,2,0,2,64,58,6,0,6,134,130,4,1,3
S01012535,367,361,6,0,6,200,198,2,0,2,40,40,0,0,0,120,119,1,0,1,40,39,1,0,1,167,163,4,0,4
S01012536,320,312,8,1,7,281,278,3,1,2,77,76,1,1,0,138,136,2,0,2,66,66,0,0,0,39,34,5,0,5
S01012537,336,334,2,0,2,321,319,2,0,2,32,32,0,0,0,121,121,0,0,0,168,166,2,0,2,15,15,0,0,0
S01012538,492,476,16,1,15,341,335,6,0,6,111,107,4,0,4,102,101,1,0,1,128,127,1,0,1,151,141,10,1,9
S01012539,326,315,11,1,10,282,273,9,1,8,81,80,1,0,1,93,91,2,1,1,108,102,6,0,6,44,42,2,0,2
S01012540,313,299,14,1,13,257,250,7,1,6,25,23,2,0,2,142,140,2,0,2,90,87,3,1,2,56,49,7,0,7
S01012541,465,442,23,1,22,379,366,13,0,13,181,175,6,0,6,107,101,6,0,6,91,90,1,0,1,86,76,10,1,9
S01012542,387,380,7,1,6,369,362,7,1,6,135,133,2,0,2,106,105,1,0,1,128,124,4,1,3,18,18,0,0,0
S01012543,295,276,19,2,17,280,263,17,2,15,141,129,12,2,10,45,42,3,0,3,94,92,2,0,2,15,13,2,0,2
S01012544,349,341,8,0,8,325,319,6,0,6,148,145,3,0,3,75,74,1,0,1,102,100,2,0,2,24,22,2,0,2
S01012545,216,214,2,0,2,174,172,2,0,2,28,28,0,0,0,51,50,1,0,1,95,94,1,0,1,42,42,0,0,0
S01012546,336,322,14,4,10,321,308,13,4,9,100,95,5,1,4,33,32,1,0,1,188,181,7,3,4,15,14,1,0,1
S01012547,318,312,6,0,6,311,305,6,0,6,188,186,2,0,2,68,66,2,0,2,55,53,2,0,2,7,7,0,0,0
S01012548,405,394,11,3,8,378,369,9,2,7,200,197,3,0,3,111,108,3,0,3,67,64,3,2,1,27,25,2,1,1
S01012549,255,251,4,0,4,154,153,1,0,1,11,11,0,0,0,78,77,1,0,1,65,65,0,0,0,101,98,3,0,3
S01012550,350,345,5,0,5,258,253,5,0,5,54,53,1,0,1,142,140,2,0,2,62,60,2,0,2,92,92,0,0,0
S01012551,322,319,3,1,2,317,314,3,1,2,110,109,1,1,0,204,202,2,0,2,3,3,0,0,0,5,5,0,0,0
S01012552,358,352,6,0,6,347,341,6,0,6,252,247,5,0,5,83,82,1,0,1,12,12,0,0,0,11,11,0,0,0
S01012553,354,347,7,1,6,336,329,7,1,6,130,128,2,1,1,168,164,4,0,4,38,37,1,0,1,18,18,0,0,0
S01012554,194,190,4,1,3,191,187,4,1,3,47,47,0,0,0,107,105,2,1,1,37,35,2,0,2,3,3,0,0,0
S01012555,212,211,1,0,1,208,207,1,0,1,63,63,0,0,0,143,142,1,0,1,2,2,0,0,0,4,4,0,0,0
S01012556,223,221,2,1,1,214,212,2,1,1,153,151,2,1,1,57,57,0,0,0,4,4,0,0,0,9,9,0,0,0
S01012557,259,249,10,2,8,242,233,9,1,8,159,153,6,1,5,64,61,3,0,3,19,19,0,0,0,17,16,1,1,0
S01012558,285,279,6,2,4,211,208,3,1,2,17,17,0,0,0,84,82,2,0,2,110,109,1,1,0,74,71,3,1,2
S01012559,493,457,36,3,33,175,169,6,1,5,10,10,0,0,0,55,54,1,1,0,110,105,5,0,5,318,288,30,2,28
S01012560,272,264,8,0,8,226,219,7,0,7,54,53,1,0,1,54,52,2,0,2,118,114,4,0,4,46,45,1,0,1
S01012561,376,365,11,2,9,260,255,5,2,3,72,72,0,0,0,89,88,1,0,1,99,95,4,2,2,116,110,6,0,6
S01012562,458,434,24,4,20,150,146,4,2,2,27,27,0,0,0,48,46,2,0,2,75,73,2,2,0,308,288,20,2,18
S01012563,281,271,10,2,8,270,263,7,1,6,209,204,5,0,5,56,54,2,1,1,5,5,0,0,0,11,8,3,1,2
S01012564,380,373,7,0,7,334,329,5,0,5,123,121,2,0,2,197,195,2,0,2,14,13,1,0,1,46,44,2,0,2
S01012565,400,379,21,4,17,247,240,7,1,6,53,53,0,0,0,152,146,6,1,5,42,41,1,0,1,153,139,14,3,11
S01012566,483,445,38,13,25,105,101,4,3,1,31,30,1,1,0,39,39,0,0,0,35,32,3,2,1,378,344,34,10,24
S01012567,625,557,68,30,38,105,100,5,3,2,33,32,1,1,0,47,45,2,0,2,25,23,2,2,0,520,457,63,27,36
S01012568,291,281,10,1,9,206,203,3,0,3,37,37,0,0,0,148,146,2,0,2,21,20,1,0,1,85,78,7,1,6
S01012569,328,315,13,10,3,268,263,5,3,2,173,171,2,1,1,87,85,2,1,1,8,7,1,1,0,60,52,8,7,1
S01012570,221,197,24,14,10,203,181,22,13,9,124,106,18,11,7,38,34,4,2,2,41,41,0,0,0,18,16,2,1,1
S01012571,423,362,61,40,21,369,312,57,40,17,159,142,17,13,4,91,82,9,4,5,119,88,31,23,8,54,50,4,0,4
S01012572,241,224,17,4,13,224,208,16,4,12,119,110,9,3,6,71,65,6,1,5,34,33,1,0,1,17,16,1,0,1
S01012573,358,325,33,6,27,351,319,32,6,26,267,244,23,4,19,77,68,9,2,7,7,7,0,0,0,7,6,1,0,1
S01012574,377,359,18,0,18,344,326,18,0,18,259,244,15,0,15,65,64,1,0,1,20,18,2,0,2,33,33,0,0,0
S01012575,304,289,15,5,10,285,271,14,4,10,204,191,13,4,9,37,37,0,0,0,44,43,1,0,1,19,18,1,1,0
S01012576,393,370,23,2,21,287,268,19,1,18,171,166,5,1,4,61,60,1,0,1,55,42,13,0,13,106,102,4,1,3
S01012577,343,336,7,1,6,324,317,7,1,6,144,141,3,1,2,72,68,4,0,4,108,108,0,0,0,19,19,0,0,0
S01012578,474,463,11,1,10,377,372,5,1,4,209,207,2,1,1,107,105,2,0,2,61,60,1,0,1,97,91,6,0,6
S01012579,313,287,26,3,23,287,261,26,3,23,158,152,6,1,5,77,62,15,0,15,52,47,5,2,3,26,26,0,0,0
S01012580,343,325,18,5,13,336,318,18,5,13,222,208,14,5,9,59,58,1,0,1,55,52,3,0,3,7,7,0,0,0
S01012581,350,331,19,0,19,261,254,7,0,7,59,59,0,0,0,147,142,5,0,5,55,53,2,0,2,89,77,12,0,12
S01012582,384,365,19,1,18,369,352,17,1,16,226,213,13,1,12,118,115,3,0,3,25,24,1,0,1,15,13,2,0,2
S01012583,348,326,22,1,21,292,280,12,1,11,67,67,0,0,0,92,89,3,0,3,133,124,9,1,8,56,46,10,0,10
S01012584,333,331,2,0,2,307,305,2,0,2,135,135,0,0,0,95,93,2,0,2,77,77,0,0,0,26,26,0,0,0
S01012585,414,404,10,0,10,283,279,4,0,4,35,34,1,0,1,103,103,0,0,0,145,142,3,0,3,131,125,6,0,6
S01012586,328,313,15,1,14,303,298,5,0,5,135,132,3,0,3,67,67,0,0,0,101,99,2,0,2,25,15,10,1,9
S01012587,337,327,10,3,7,334,324,10,3,7,244,234,10,3,7,67,67,0,0,0,23,23,0,0,0,3,3,0,0,0
S01012588,265,256,9,2,7,262,253,9,2,7,138,136,2,0,2,49,48,1,0,1,75,69,6,2,4,3,3,0,0,0
S01012589,290,284,6,0,6,279,273,6,0,6,43,43,0,0,0,30,30,0,0,0,206,200,6,0,6,11,11,0,0,0
S01012590,388,371,17,0,17,292,284,8,0,8,55,55,0,0,0,97,95,2,0,2,140,134,6,0,6,96,87,9,0,9
S01012591,403,385,18,0,18,268,264,4,0,4,18,18,0,0,0,137,134,3,0,3,113,112,1,0,1,135,121,14,0,14
S01012592,218,215,3,0,3,210,208,2,0,2,173,172,1,0,1,28,27,1,0,1,9,9,0,0,0,8,7,1,0,1
S01012593,335,333,2,0,2,305,303,2,0,2,198,197,1,0,1,88,87,1,0,1,19,19,0,0,0,30,30,0,0,0
S01012594,214,212,2,0,2,173,172,1,0,1,56,56,0,0,0,102,101,1,0,1,15,15,0,0,0,41,40,1,0,1
S01012595,309,288,21,0,21,259,246,13,0,13,69,62,7,0,7,79,75,4,0,4,111,109,2,0,2,50,42,8,0,8
S01012596,352,347,5,0,5,249,245,4,0,4,49,47,2,0,2,124,122,2,0,2,76,76,0,0,0,103,102,1,0,1
S01012597,179,177,2,0,2,159,157,2,0,2,82,81,1,0,1,49,48,1,0,1,28,28,0,0,0,20,20,0,0,0
S01012598,306,302,4,0,4,241,238,3,0,3,127,126,1,0,1,96,96,0,0,0,18,16,2,0,2,65,64,1,0,1
S01012599,349,330,19,0,19,232,225,7,0,7,143,139,4,0,4,63,61,2,0,2,26,25,1,0,1,117,105,12,0,12
S01012600,316,308,8,0,8,283,278,5,0,5,101,100,1,0,1,165,162,3,0,3,17,16,1,0,1,33,30,3,0,3
S01012601,360,357,3,0,3,307,307,0,0,0,172,172,0,0,0,129,129,0,0,0,6,6,0,0,0,53,50,3,0,3
S01012602,339,329,10,1,9,137,134,3,0,3,32,32,0,0,0,85,83,2,0,2,20,19,1,0,1,202,195,7,1,6
S01012603,346,337,9,0,9,213,208,5,0,5,45,45,0,0,0,121,119,2,0,2,47,44,3,0,3,133,129,4,0,4
S01012604,277,275,2,0,2,274,272,2,0,2,55,55,0,0,0,27,25,2,0,2,192,192,0,0,0,3,3,0,0,0
S01012605,249,240,9,0,9,244,235,9,0,9,75,75,0,0,0,63,61,2,0,2,106,99,7,0,7,5,5,0,0,0
S01012606,252,249,3,0,3,249,246,3,0,3,205,202,3,0,3,43,43,0,0,0,1,1,0,0,0,3,3,0,0,0
S01012607,319,312,7,0,7,289,285,4,0,4,115,114,1,0,1,90,88,2,0,2,84,83,1,0,1,30,27,3,0,3
S01012608,366,358,8,1,7,359,352,7,0,7,81,81,0,0,0,99,98,1,0,1,179,173,6,0,6,7,6,1,1,0
S01012609,392,383,9,0,9,349,342,7,0,7,28,27,1,0,1,51,49,2,0,2,270,266,4,0,4,43,41,2,0,2
S01012610,431,425,6,1,5,218,214,4,1,3,48,47,1,0,1,88,86,2,0,2,82,81,1,1,0,213,211,2,0,2
S01012611,358,352,6,0,6,336,331,5,0,5,171,169,2,0,2,71,71,0,0,0,94,91,3,0,3,22,21,1,0,1
S01012612,302,294,8,0,8,285,277,8,0,8,80,79,1,0,1,114,110,4,0,4,91,88,3,0,3,17,17,0,0,0
S01012613,289,287,2,0,2,274,272,2,0,2,93,93,0,0,0,47,47,0,0,0,134,132,2,0,2,15,15,0,0,0
S01012614,470,455,15,0,15,343,339,4,0,4,138,134,4,0,4,157,157,0,0,0,48,48,0,0,0,127,116,11,0,11
S01012615,319,306,13,1,12,265,255,10,1,9,173,168,5,1,4,43,39,4,0,4,49,48,1,0,1,54,51,3,0,3
S01012616,397,384,13,0,13,363,351,12,0,12,222,213,9,0,9,64,62,2,0,2,77,76,1,0,1,34,33,1,0,1
S01012617,155,151,4,0,4,151,147,4,0,4,106,104,2,0,2,40,39,1,0,1,5,4,1,0,1,4,4,0,0,0
S01012618,213,209,4,0,4,195,191,4,0,4,103,101,2,0,2,36,34,2,0,2,56,56,0,0,0,18,18,0,0,0
S01012619,311,295,16,0,16,162,156,6,0,6,44,44,0,0,0,83,81,2,0,2,35,31,4,0,4,149,139,10,0,10
S01012620,334,325,9,1,8,281,277,4,0,4,218,215,3,0,3,48,48,0,0,0,15,14,1,0,1,53,48,5,1,4
S01012621,290,277,13,0,13,240,231,9,0,9,137,132,5,0,5,61,59,2,0,2,42,40,2,0,2,50,46,4,0,4
S01012622,348,341,7,0,7,310,304,6,0,6,87,87,0,0,0,107,103,4,0,4,116,114,2,0,2,38,37,1,0,1
S01012623,324,320,4,0,4,182,180,2,0,2,21,20,1,0,1,97,96,1,0,1,64,64,0,0,0,142,140,2,0,2
S01012624,349,334,15,0,15,247,243,4,0,4,10,10,0,0,0,63,63,0,0,0,174,170,4,0,4,102,91,11,0,11
S01012625,276,263,13,0,13,214,203,11,0,11,11,10,1,0,1,62,61,1,0,1,141,132,9,0,9,62,60,2,0,2
S01012626,223,216,7,0,7,207,202,5,0,5,107,104,3,0,3,68,67,1,0,1,32,31,1,0,1,16,14,2,0,2
S01012627,251,241,10,3,7,126,120,6,3,3,47,43,4,2,2,53,52,1,0,1,26,25,1,1,0,125,121,4,0,4
S01012628,345,334,11,1,10,310,303,7,1,6,258,252,6,1,5,33,32,1,0,1,19,19,0,0,0,35,31,4,0,4
S01012629,205,197,8,0,8,167,162,5,0,5,109,108,1,0,1,46,43,3,0,3,12,11,1,0,1,38,35,3,0,3
S01012630,537,508,29,0,29,204,197,7,0,7,99,93,6,0,6,47,46,1,0,1,58,58,0,0,0,333,311,22,0,22
S01012631,440,423,17,0,17,243,241,2,0,2,87,86,1,0,1,90,89,1,0,1,66,66,0,0,0,197,182,15,0,15
S01012632,313,304,9,0,9,302,294,8,0,8,222,215,7,0,7,54,53,1,0,1,26,26,0,0,0,11,10,1,0,1
S01012633,300,283,17,0,17,266,252,14,0,14,190,177,13,0,13,27,27,0,0,0,49,48,1,0,1,34,31,3,0,3
S01012634,354,339,15,2,13,213,204,9,1,8,57,55,2,1,1,67,65,2,0,2,89,84,5,0,5,141,135,6,1,5
S01012635,444,430,14,2,12,390,379,11,2,9,238,228,10,2,8,67,66,1,0,1,85,85,0,0,0,54,51,3,0,3
S01012636,253,250,3,0,3,247,244,3,0,3,137,136,1,0,1,64,64,0,0,0,46,44,2,0,2,6,6,0,0,0
S01012637,384,365,19,0,19,168,161,7,0,7,28,27,1,0,1,126,124,2,0,2,14,10,4,0,4,216,204,12,0,12
S01012638,430,406,24,1,23,334,317,17,0,17,108,102,6,0,6,93,90,3,0,3,133,125,8,0,8,96,89,7,1,6
S01012639,378,360,18,0,18,342,325,17,0,17,64,61,3,0,3,177,166,11,0,11,101,98,3,0,3,36,35,1,0,1
S01012640,479,439,40,0,40,390,365,25,0,25,66,60,6,0,6,186,180,6,0,6,138,125,13,0,13,89,74,15,0,15
S01012641,543,484,59,6,53,325,305,20,0,20,136,126,10,0,10,104,94,10,0,10,85,85,0,0,0,218,179,39,6,33
S01012642,391,380,11,0,11,243,239,4,0,4,13,13,0,0,0,50,49,1,0,1,180,177,3,0,3,148,141,7,0,7
S01012643,200,199,1,0,1,188,188,0,0,0,13,13,0,0,0,52,52,0,0,0,123,123,0,0,0,12,11,1,0,1
S01012644,312,301,11,1,10,204,203,1,0,1,45,45,0,0,0,69,69,0,0,0,90,89,1,0,1,108,98,10,1,9
S01012645,383,368,15,0,15,278,266,12,0,12,132,126,6,0,6,95,93,2,0,2,51,47,4,0,4,105,102,3,0,3
S01012646,422,405,17,0,17,360,349,11,0,11,216,206,10,0,10,123,122,1,0,1,21,21,0,0,0,62,56,6,0,6
S01012647,276,269,7,0,7,273,266,7,0,7,124,118,6,0,6,122,121,1,0,1,27,27,0,0,0,3,3,0,0,0
S01012648,234,229,5,0,5,230,225,5,0,5,14,14,0,0,0,18,18,0,0,0,198,193,5,0,5,4,4,0,0,0
S01012649,273,267,6,0,6,220,215,5,0,5,97,95,2,0,2,84,81,3,0,3,39,39,0,0,0,53,52,1,0,1
S01012650,284,266,18,0,18,252,238,14,0,14,122,118,4,0,4,109,101,8,0,8,21,19,2,0,2,32,28,4,0,4
S01012651,342,327,15,1,14,274,264,10,1,9,21,21,0,0,0,78,75,3,1,2,175,168,7,0,7,68,63,5,0,5
S01012652,434,431,3,1,2,380,377,3,1,2,233,233,0,0,0,140,137,3,1,2,7,7,0,0,0,54,54,0,0,0
S01012653,383,363,20,0,20,376,356,20,0,20,132,117,15,0,15,49,49,0,0,0,195,190,5,0,5,7,7,0,0,0
S01012654,335,326,9,0,9,303,297,6,0,6,188,185,3,0,3,63,61,2,0,2,52,51,1,0,1,32,29,3,0,3
S01012655,470,454,16,1,15,303,294,9,0,9,146,140,6,0,6,109,108,1,0,1,48,46,2,0,2,167,160,7,1,6
S01012656,408,405,3,1,2,357,354,3,1,2,33,32,1,1,0,39,39,0,0,0,285,283,2,0,2,51,51,0,0,0
S01012657,277,272,5,0,5,173,173,0,0,0,18,18,0,0,0,115,115,0,0,0,40,40,0,0,0,104,99,5,0,5
S01012658,437,424,13,0,13,416,406,10,0,10,100,99,1,0,1,235,227,8,0,8,81,80,1,0,1,21,18,3,0,3
S01012659,371,366,5,0,5,366,361,5,0,5,217,214,3,0,3,90,89,1,0,1,59,58,1,0,1,5,5,0,0,0
S01012660,336,326,10,0,10,281,272,9,0,9,51,47,4,0,4,137,135,2,0,2,93,90,3,0,3,55,54,1,0,1
S01012661,334,324,10,0,10,288,281,7,0,7,117,114,3,0,3,41,40,1,0,1,130,127,3,0,3,46,43,3,0,3
S01012662,389,370,19,0,19,195,184,11,0,11,35,34,1,0,1,36,32,4,0,4,124,118,6,0,6,194,186,8,0,8
S01012663,312,301,11,0,11,286,278,8,0,8,81,80,1,0,1,92,88,4,0,4,113,110,3,0,3,26,23,3,0,3
S01012664,478,462,16,0,16,322,312,10,0,10,68,67,1,0,1,100,94,6,0,6,154,151,3,0,3,156,150,6,0,6
S01012665,363,346,17,0,17,347,331,16,0,16,32,32,0,0,0,92,91,1,0,1,223,208,15,0,15,16,15,1,0,1
S01012666,347,337,10,0,10,338,328,10,0,10,14,14,0,0,0,99,92,7,0,7,225,222,3,0,3,9,9,0,0,0
S01012667,283,279,4,0,4,201,201,0,0,0,50,50,0,0,0,129,129,0,0,0,22,22,0,0,0,82,78,4,0,4
S01012668,358,347,11,0,11,251,244,7,0,7,14,14,0,0,0,98,96,2,0,2,139,134,5,0,5,107,103,4,0,4
S01012669,297,296,1,0,1,293,292,1,0,1,50,49,1,0,1,171,171,0,0,0,72,72,0,0,0,4,4,0,0,0
S01012670,303,295,8,0,8,297,290,7,0,7,85,83,2,0,2,111,110,1,0,1,101,97,4,0,4,6,5,1,0,1
S01012671,400,388,12,0,12,386,375,11,0,11,52,46,6,0,6,47,47,0,0,0,287,282,5,0,5,14,13,1,0,1
S01012672,365,361,4,0,4,278,275,3,0,3,14,14,0,0,0,64,64,0,0,0,200,197,3,0,3,87,86,1,0,1
S01012673,258,252,6,0,6,250,244,6,0,6,12,12,0,0,0,50,50,0,0,0,188,182,6,0,6,8,8,0,0,0
S01012674,251,240,11,0,11,202,197,5,0,5,15,15,0,0,0,34,33,1,0,1,153,149,4,0,4,49,43,6,0,6
S01012675,380,361,19,0,19,328,316,12,0,12,35,34,1,0,1,69,66,3,0,3,224,216,8,0,8,52,45,7,0,7
S01012676,313,307,6,0,6,310,304,6,0,6,24,24,0,0,0,67,66,1,0,1,219,214,5,0,5,3,3,0,0,0
S01012677,267,256,11,0,11,233,227,6,0,6,23,23,0,0,0,39,39,0,0,0,171,165,6,0,6,34,29,5,0,5
S01012678,272,268,4,0,4,270,266,4,0,4,28,27,1,0,1,233,230,3,0,3,9,9,0,0,0,2,2,0,0,0
S01012679,393,372,21,0,21,280,269,11,0,11,137,136,1,0,1,92,88,4,0,4,51,45,6,0,6,113,103,10,0,10
S01012680,215,210,5,0,5,208,203,5,0,5,123,118,5,0,5,52,52,0,0,0,33,33,0,0,0,7,7,0,0,0
S01012681,337,311,26,0,26,267,249,18,0,18,101,98,3,0,3,52,49,3,0,3,114,102,12,0,12,70,62,8,0,8
S01012682,332,315,17,0,17,297,286,11,0,11,134,133,1,0,1,65,65,0,0,0,98,88,10,0,10,35,29,6,0,6
S01012683,342,326,16,0,16,247,236,11,0,11,42,41,1,0,1,35,33,2,0,2,170,162,8,0,8,95,90,5,0,5
S01012684,228,219,9,1,8,190,183,7,0,7,45,43,2,0,2,99,96,3,0,3,46,44,2,0,2,38,36,2,1,1
S01012685,336,334,2,0,2,319,317,2,0,2,33,33,0,0,0,79,79,0,0,0,207,205,2,0,2,17,17,0,0,0
S01012686,446,434,12,1,11,310,305,5,0,5,163,161,2,0,2,106,104,2,0,2,41,40,1,0,1,136,129,7,1,6
S01012687,236,235,1,1,0,234,233,1,1,0,180,179,1,1,0,50,50,0,0,0,4,4,0,0,0,2,2,0,0,0
S01012688,500,449,51,2,49,164,159,5,0,5,44,44,0,0,0,58,55,3,0,3,62,60,2,0,2,336,290,46,2,44
S01012689,185,185,0,0,0,178,178,0,0,0,111,111,0,0,0,60,60,0,0,0,7,7,0,0,0,7,7,0,0,0
S01012690,202,202,0,0,0,197,197,0,0,0,65,65,0,0,0,127,127,0,0,0,5,5,0,0,0,5,5,0,0,0
S01012691,301,296,5,0,5,257,253,4,0,4,212,211,1,0,1,27,24,3,0,3,18,18,0,0,0,44,43,1,0,1
S01012692,340,334,6,0,6,232,229,3,0,3,54,53,1,0,1,114,113,1,0,1,64,63,1,0,1,108,105,3,0,3
S01012693,327,321,6,1,5,322,316,6,1,5,273,269,4,1,3,37,35,2,0,2,12,12,0,0,0,5,5,0,0,0
S01012694,201,200,1,0,1,197,196,1,0,1,58,58,0,0,0,44,44,0,0,0,95,94,1,0,1,4,4,0,0,0
S01012695,314,306,8,1,7,306,298,8,1,7,181,176,5,1,4,95,93,2,0,2,30,29,1,0,1,8,8,0,0,0
S01012696,283,272,11,2,9,268,257,11,2,9,203,195,8,2,6,42,39,3,0,3,23,23,0,0,0,15,15,0,0,0
S01012697,203,197,6,0,6,194,188,6,0,6,99,95,4,0,4,51,50,1,0,1,44,43,1,0,1,9,9,0,0,0
S01012698,345,339,6,0,6,321,315,6,0,6,201,199,2,0,2,43,42,1,0,1,77,74,3,0,3,24,24,0,0,0
S01012699,447,429,18,2,16,414,398,16,1,15,226,219,7,0,7,80,77,3,1,2,108,102,6,0,6,33,31,2,1,1
S01012700,328,320,8,0,8,304,297,7,0,7,184,180,4,0,4,73,71,2,0,2,47,46,1,0,1,24,23,1,0,1
S01012701,226,221,5,1,4,222,217,5,1,4,66,64,2,1,1,150,147,3,0,3,6,6,0,0,0,4,4,0,0,0
S01012702,270,254,16,0,16,213,198,15,0,15,85,72,13,0,13,100,98,2,0,2,28,28,0,0,0,57,56,1,0,1
S01012703,206,205,1,0,1,201,200,1,0,1,146,145,1,0,1,13,13,0,0,0,42,42,0,0,0,5,5,0,0,0
S01012704,333,329,4,0,4,282,279,3,0,3,8,8,0,0,0,61,60,1,0,1,213,211,2,0,2,51,50,1,0,1
S01012705,258,257,1,0,1,251,250,1,0,1,116,116,0,0,0,128,127,1,0,1,7,7,0,0,0,7,7,0,0,0
S01012706,301,297,4,0,4,268,265,3,0,3,16,16,0,0,0,63,62,1,0,1,189,187,2,0,2,33,32,1,0,1
S01012707,324,322,2,0,2,320,318,2,0,2,149,148,1,0,1,168,167,1,0,1,3,3,0,0,0,4,4,0,0,0
S01012708,335,332,3,0,3,125,123,2,0,2,25,25,0,0,0,45,44,1,0,1,55,54,1,0,1,210,209,1,0,1
S01012709,265,253,12,0,12,198,191,7,0,7,32,31,1,0,1,92,90,2,0,2,74,70,4,0,4,67,62,5,0,5
S01012710,364,356,8,0,8,154,154,0,0,0,57,57,0,0,0,71,71,0,0,0,26,26,0,0,0,210,202,8,0,8
S01012711,443,435,8,0,8,188,188,0,0,0,17,17,0,0,0,80,80,0,0,0,91,91,0,0,0,255,247,8,0,8
S01012712,337,335,2,0,2,333,331,2,0,2,194,193,1,0,1,135,134,1,0,1,4,4,0,0,0,4,4,0,0,0
S01012713,337,329,8,0,8,241,235,6,0,6,43,42,1,0,1,181,177,4,0,4,17,16,1,0,1,96,94,2,0,2
S01012714,265,264,1,0,1,225,224,1,0,1,111,111,0,0,0,102,101,1,0,1,12,12,0,0,0,40,40,0,0,0
S01012715,426,411,15,0,15,111,109,2,0,2,20,19,1,0,1,69,68,1,0,1,22,22,0,0,0,315,302,13,0,13
S01012716,382,369,13,2,11,285,281,4,0,4,194,192,2,0,2,85,83,2,0,2,6,6,0,0,0,97,88,9,2,7
S01012717,612,581,31,0,31,155,149,6,0,6,50,48,2,0,2,82,79,3,0,3,23,22,1,0,1,457,432,25,0,25
S01012718,511,489,22,6,16,138,135,3,2,1,29,29,0,0,0,90,88,2,1,1,19,18,1,1,0,373,354,19,4,15
S01012719,457,438,19,1,18,72,71,1,0,1,39,39,0,0,0,12,12,0,0,0,21,20,1,0,1,385,367,18,1,17
S01012720,335,318,17,1,16,44,44,0,0,0,38,38,0,0,0,4,4,0,0,0,2,2,0,0,0,291,274,17,1,16
S01012721,292,288,4,0,4,241,239,2,0,2,7,7,0,0,0,189,187,2,0,2,45,45,0,0,0,51,49,2,0,2
S01012722,426,413,13,0,13,116,114,2,0,2,4,4,0,0,0,107,105,2,0,2,5,5,0,0,0,310,299,11,0,11
S01012723,364,358,6,0,6,121,119,2,0,2,6,6,0,0,0,108,106,2,0,2,7,7,0,0,0,243,239,4,0,4
S01012724,426,412,14,1,13,160,158,2,0,2,18,18,0,0,0,99,97,2,0,2,43,43,0,0,0,266,254,12,1,11
S01012725,521,494,27,0,27,120,116,4,0,4,66,65,1,0,1,36,35,1,0,1,18,16,2,0,2,401,378,23,0,23
S01012726,287,283,4,0,4,216,213,3,0,3,10,10,0,0,0,119,117,2,0,2,87,86,1,0,1,71,70,1,0,1
S01012727,299,294,5,0,5,225,222,3,0,3,17,17,0,0,0,109,107,2,0,2,99,98,1,0,1,74,72,2,0,2
S01012728,343,339,4,0,4,151,150,1,0,1,11,11,0,0,0,79,78,1,0,1,61,61,0,0,0,192,189,3,0,3
S01012729,354,346,8,0,8,278,276,2,0,2,56,55,1,0,1,169,168,1,0,1,53,53,0,0,0,76,70,6,0,6
S01012730,270,266,4,0,4,187,186,1,0,1,8,8,0,0,0,12,12,0,0,0,167,166,1,0,1,83,80,3,0,3
S01012731,341,335,6,0,6,288,286,2,0,2,10,10,0,0,0,147,145,2,0,2,131,131,0,0,0,53,49,4,0,4
S01012732,292,292,0,0,0,277,277,0,0,0,17,17,0,0,0,25,25,0,0,0,235,235,0,0,0,15,15,0,0,0
S01012733,365,364,1,0,1,316,315,1,0,1,282,281,1,0,1,21,21,0,0,0,13,13,0,0,0,49,49,0,0,0
S01012734,199,198,1,0,1,196,195,1,0,1,169,168,1,0,1,20,20,0,0,0,7,7,0,0,0,3,3,0,0,0
S01012735,214,213,1,0,1,157,156,1,0,1,7,7,0,0,0,18,18,0,0,0,132,131,1,0,1,57,57,0,0,0
S01012736,379,376,3,0,3,331,329,2,0,2,40,39,1,0,1,208,207,1,0,1,83,83,0,0,0,48,47,1,0,1
S01012737,331,329,2,0,2,271,269,2,0,2,61,59,2,0,2,69,69,0,0,0,141,141,0,0,0,60,60,0,0,0
S01012738,258,255,3,0,3,211,208,3,0,3,32,31,1,0,1,76,74,2,0,2,103,103,0,0,0,47,47,0,0,0
S01012739,290,289,1,0,1,286,285,1,0,1,209,208,1,0,1,59,59,0,0,0,18,18,0,0,0,4,4,0,0,0
S01012740,310,308,2,0,2,292,290,2,0,2,220,218,2,0,2,39,39,0,0,0,33,33,0,0,0,18,18,0,0,0
S01012741,275,272,3,0,3,230,228,2,0,2,65,64,1,0,1,124,124,0,0,0,41,40,1,0,1,45,44,1,0,1
S01012742,277,276,1,0,1,273,272,1,0,1,122,122,0,0,0,139,138,1,0,1,12,12,0,0,0,4,4,0,0,0
S01012743,237,237,0,0,0,236,236,0,0,0,97,97,0,0,0,134,134,0,0,0,5,5,0,0,0,1,1,0,0,0
S01012744,281,277,4,2,2,270,266,4,2,2,87,86,1,1,0,161,159,2,1,1,22,21,1,0,1,11,11,0,0,0
S01012745,307,302,5,0,5,299,295,4,0,4,131,127,4,0,4,151,151,0,0,0,17,17,0,0,0,8,7,1,0,1
S01012746,314,311,3,0,3,298,295,3,0,3,81,81,0,0,0,115,115,0,0,0,102,99,3,0,3,16,16,0,0,0
S01012747,359,348,11,0,11,341,330,11,0,11,88,85,3,0,3,132,131,1,0,1,121,114,7,0,7,18,18,0,0,0
S01012748,377,369,8,0,8,249,245,4,0,4,9,9,0,0,0,102,101,1,0,1,138,135,3,0,3,128,124,4,0,4
S01012749,408,387,21,0,21,277,268,9,0,9,18,18,0,0,0,116,111,5,0,5,143,139,4,0,4,131,119,12,0,12
S01012750,357,336,21,0,21,221,211,10,0,10,11,11,0,0,0,57,55,2,0,2,153,145,8,0,8,136,125,11,0,11
S01012751,434,423,11,0,11,294,289,5,0,5,8,8,0,0,0,172,169,3,0,3,114,112,2,0,2,140,134,6,0,6
S01012752,387,375,12,1,11,328,320,8,0,8,67,66,1,0,1,68,65,3,0,3,193,189,4,0,4,59,55,4,1,3
S01012753,240,235,5,0,5,206,201,5,0,5,15,15,0,0,0,29,29,0,0,0,162,157,5,0,5,34,34,0,0,0
S01012754,261,255,6,0,6,239,234,5,0,5,24,23,1,0,1,94,93,1,0,1,121,118,3,0,3,22,21,1,0,1
S01012755,294,280,14,1,13,148,135,13,0,13,14,14,0,0,0,68,68,0,0,0,66,53,13,0,13,146,145,1,1,0
S01012756,276,271,5,0,5,185,182,3,0,3,28,27,1,0,1,98,97,1,0,1,59,58,1,0,1,91,89,2,0,2
S01012757,242,236,6,0,6,154,151,3,0,3,7,7,0,0,0,65,65,0,0,0,82,79,3,0,3,88,85,3,0,3
S01012758,274,274,0,0,0,237,237,0,0,0,51,51,0,0,0,54,54,0,0,0,132,132,0,0,0,37,37,0,0,0
S01012759,355,342,13,0,13,271,265,6,0,6,19,19,0,0,0,83,81,2,0,2,169,165,4,0,4,84,77,7,0,7
S01012760,436,424,12,0,12,221,220,1,0,1,33,33,0,0,0,95,94,1,0,1,93,93,0,0,0,215,204,11,0,11
S01012761,386,369,17,1,16,264,261,3,1,2,48,48,0,0,0,44,42,2,0,2,172,171,1,1,0,122,108,14,0,14
S01012762,317,315,2,0,2,288,286,2,0,2,55,55,0,0,0,33,33,0,0,0,200,198,2,0,2,29,29,0,0,0
S01012763,178,178,0,0,0,174,174,0,0,0,12,12,0,0,0,20,20,0,0,0,142,142,0,0,0,4,4,0,0,0
S01012764,354,348,6,1,5,314,308,6,1,5,34,32,2,0,2,57,55,2,1,1,223,221,2,0,2,40,40,0,0,0
S01012765,299,296,3,0,3,295,292,3,0,3,67,66,1,0,1,105,105,0,0,0,123,121,2,0,2,4,4,0,0,0
S01012766,360,358,2,0,2,351,349,2,0,2,63,63,0,0,0,79,78,1,0,1,209,208,1,0,1,9,9,0,0,0
S01012767,230,228,2,0,2,227,225,2,0,2,53,53,0,0,0,165,163,2,0,2,9,9,0,0,0,3,3,0,0,0
S01012768,295,291,4,0,4,290,286,4,0,4,82,82,0,0,0,199,195,4,0,4,9,9,0,0,0,5,5,0,0,0
S01012769,153,152,1,0,1,142,141,1,0,1,91,91,0,0,0,47,46,1,0,1,4,4,0,0,0,11,11,0,0,0
S01012770,422,408,14,1,13,300,291,9,1,8,59,58,1,0,1,74,70,4,1,3,167,163,4,0,4,122,117,5,0,5
S01012771,365,357,8,0,8,173,169,4,0,4,35,35,0,0,0,92,90,2,0,2,46,44,2,0,2,192,188,4,0,4
S01012772,290,285,5,0,5,285,280,5,0,5,12,12,0,0,0,40,40,0,0,0,233,228,5,0,5,5,5,0,0,0
S01012773,406,391,15,0,15,366,361,5,0,5,52,52,0,0,0,154,153,1,0,1,160,156,4,0,4,40,30,10,0,10
S01012774,421,408,13,0,13,221,218,3,0,3,34,34,0,0,0,116,115,1,0,1,71,69,2,0,2,200,190,10,0,10
S01012775,222,211,11,0,11,150,145,5,0,5,12,12,0,0,0,124,119,5,0,5,14,14,0,0,0,72,66,6,0,6
S01012776,369,359,10,0,10,253,249,4,0,4,3,3,0,0,0,69,68,1,0,1,181,178,3,0,3,116,110,6,0,6
S01012777,382,365,17,2,15,312,306,6,2,4,81,78,3,1,2,137,136,1,1,0,94,92,2,0,2,70,59,11,0,11
S01012778,312,295,17,0,17,225,220,5,0,5,17,17,0,0,0,134,130,4,0,4,74,73,1,0,1,87,75,12,0,12
S01012779,211,200,11,0,11,93,91,2,0,2,9,9,0,0,0,38,37,1,0,1,46,45,1,0,1,118,109,9,0,9
S01012780,360,346,14,0,14,126,123,3,0,3,16,16,0,0,0,71,68,3,0,3,39,39,0,0,0,234,223,11,0,11
S01012781,303,300,3,0,3,242,242,0,0,0,78,78,0,0,0,100,100,0,0,0,64,64,0,0,0,61,58,3,0,3
S01012782,319,313,6,0,6,98,94,4,0,4,6,6,0,0,0,78,74,4,0,4,14,14,0,0,0,221,219,2,0,2
S01012783,331,322,9,0,9,130,127,3,0,3,5,5,0,0,0,107,106,1,0,1,18,16,2,0,2,201,195,6,0,6
S01012784,400,391,9,0,9,173,170,3,0,3,16,16,0,0,0,74,73,1,0,1,83,81,2,0,2,227,221,6,0,6
S01012785,403,388,15,1,14,72,71,1,0,1,4,4,0,0,0,47,47,0,0,0,21,20,1,0,1,331,317,14,1,13
S01012786,440,423,17,1,16,31,31,0,0,0,5,5,0,0,0,13,13,0,0,0,13,13,0,0,0,409,392,17,1,16
S01012787,256,250,6,0,6,143,141,2,0,2,45,45,0,0,0,53,52,1,0,1,45,44,1,0,1,113,109,4,0,4
S01012788,263,259,4,0,4,233,230,3,0,3,22,22,0,0,0,162,159,3,0,3,49,49,0,0,0,30,29,1,0,1
S01012789,329,325,4,0,4,253,250,3,0,3,62,62,0,0,0,97,95,2,0,2,94,93,1,0,1,76,75,1,0,1
S01012790,298,289,9,1,8,152,149,3,0,3,99,98,1,0,1,23,22,1,0,1,30,29,1,0,1,146,140,6,1,5
S01012791,332,324,8,1,7,237,234,3,1,2,95,93,2,1,1,134,133,1,0,1,8,8,0,0,0,95,90,5,0,5
S01012792,510,496,14,1,13,236,231,5,1,4,14,14,0,0,0,109,107,2,0,2,113,110,3,1,2,274,265,9,0,9
S01012793,377,363,14,0,14,99,95,4,0,4,13,12,1,0,1,58,55,3,0,3,28,28,0,0,0,278,268,10,0,10
S01012794,419,378,41,2,39,46,45,1,1,0,3,3,0,0,0,28,27,1,1,0,15,15,0,0,0,373,333,40,1,39
S01012795,442,439,3,0,3,333,330,3,0,3,23,22,1,0,1,172,171,1,0,1,138,137,1,0,1,109,109,0,0,0
S01012796,353,347,6,0,6,267,262,5,0,5,21,21,0,0,0,141,138,3,0,3,105,103,2,0,2,86,85,1,0,1
S01012797,280,276,4,1,3,262,258,4,1,3,17,17,0,0,0,119,118,1,0,1,126,123,3,1,2,18,18,0,0,0
S01012798,347,329,18,0,18,208,207,1,0,1,140,139,1,0,1,49,49,0,0,0,19,19,0,0,0,139,122,17,0,17
S01012799,411,393,18,2,16,221,214,7,0,7,164,158,6,0,6,43,42,1,0,1,14,14,0,0,0,190,179,11,2,9
S01012800,421,398,23,7,16,249,239,10,0,10,203,194,9,0,9,30,30,0,0,0,16,15,1,0,1,172,159,13,7,6
S01012801,261,252,9,0,9,48,47,1,0,1,26,26,0,0,0,13,13,0,0,0,9,8,1,0,1,213,205,8,0,8
S01012802,207,207,0,0,0,201,201,0,0,0,190,190,0,0,0,8,8,0,0,0,3,3,0,0,0,6,6,0,0,0
S01012803,264,262,2,0,2,259,257,2,0,2,145,143,2,0,2,88,88,0,0,0,26,26,0,0,0,5,5,0,0,0
S01012804,360,351,9,1,8,352,343,9,1,8,50,49,1,0,1,114,113,1,0,1,188,181,7,1,6,8,8,0,0,0
S01012805,389,383,6,1,5,369,363,6,1,5,17,16,1,0,1,128,127,1,0,1,224,220,4,1,3,20,20,0,0,0
S01012806,306,299,7,0,7,289,282,7,0,7,82,82,0,0,0,29,29,0,0,0,178,171,7,0,7,17,17,0,0,0
S01012807,222,218,4,0,4,180,176,4,0,4,172,168,4,0,4,5,5,0,0,0,3,3,0,0,0,42,42,0,0,0
S01012808,503,475,28,0,28,326,321,5,0,5,172,170,2,0,2,40,40,0,0,0,114,111,3,0,3,177,154,23,0,23
S01012809,352,337,15,0,15,116,112,4,0,4,70,70,0,0,0,34,30,4,0,4,12,12,0,0,0,236,225,11,0,11
S01012810,496,481,15,1,14,141,139,2,0,2,47,47,0,0,0,31,31,0,0,0,63,61,2,0,2,355,342,13,1,12
S01012811,357,348,9,1,8,314,308,6,0,6,53,51,2,0,2,41,40,1,0,1,220,217,3,0,3,43,40,3,1,2
S01012812,285,285,0,0,0,220,220,0,0,0,61,61,0,0,0,31,31,0,0,0,128,128,0,0,0,65,65,0,0,0
S01012813,376,372,4,0,4,333,330,3,0,3,205,202,3,0,3,82,82,0,0,0,46,46,0,0,0,43,42,1,0,1
S01012814,340,333,7,5,2,325,318,7,5,2,134,132,2,2,0,141,140,1,0,1,50,46,4,3,1,15,15,0,0,0
S01012815,337,320,17,14,3,272,255,17,14,3,214,198,16,13,3,50,49,1,1,0,8,8,0,0,0,65,65,0,0,0
S01012816,232,229,3,0,3,191,189,2,0,2,56,56,0,0,0,71,70,1,0,1,64,63,1,0,1,41,40,1,0,1
S01012817,175,175,0,0,0,173,173,0,0,0,150,150,0,0,0,21,21,0,0,0,2,2,0,0,0,2,2,0,0,0
S01012818,274,271,3,1,2,263,260,3,1,2,183,180,3,1,2,21,21,0,0,0,59,59,0,0,0,11,11,0,0,0
S01012819,370,365,5,0,5,157,155,2,0,2,16,16,0,0,0,19,19,0,0,0,122,120,2,0,2,213,210,3,0,3
S01012820,443,370,73,1,72,425,352,73,1,72,222,196,26,1,25,79,71,8,0,8,124,85,39,0,39,18,18,0,0,0
S01012821,268,263,5,1,4,243,239,4,0,4,175,172,3,0,3,54,53,1,0,1,14,14,0,0,0,25,24,1,1,0
S01012822,260,256,4,0,4,36,36,0,0,0,13,13,0,0,0,12,12,0,0,0,11,11,0,0,0,224,220,4,0,4
S01012823,286,285,1,0,1,274,273,1,0,1,97,96,1,0,1,149,149,0,0,0,28,28,0,0,0,12,12,0,0,0
S01012824,278,273,5,0,5,221,217,4,0,4,49,48,1,0,1,35,35,0,0,0,137,134,3,0,3,57,56,1,0,1
S01012825,272,269,3,1,2,109,108,1,1,0,35,35,0,0,0,49,48,1,1,0,25,25,0,0,0,163,161,2,0,2
S01012826,231,231,0,0,0,174,174,0,0,0,19,19,0,0,0,136,136,0,0,0,19,19,0,0,0,57,57,0,0,0
S01012827,234,233,1,0,1,205,204,1,0,1,133,132,1,0,1,68,68,0,0,0,4,4,0,0,0,29,29,0,0,0
S01012828,264,254,10,0,10,217,207,10,0,10,95,92,3,0,3,29,27,2,0,2,93,88,5,0,5,47,47,0,0,0
S01012829,367,362,5,0,5,237,235,2,0,2,21,21,0,0,0,118,117,1,0,1,98,97,1,0,1,130,127,3,0,3
S01012830,322,313,9,0,9,185,183,2,0,2,67,66,1,0,1,110,110,0,0,0,8,7,1,0,1,137,130,7,0,7
S01012831,336,333,3,0,3,217,214,3,0,3,16,16,0,0,0,183,180,3,0,3,18,18,0,0,0,119,119,0,0,0
S01012832,219,215,4,3,1,208,204,4,3,1,24,24,0,0,0,111,111,0,0,0,73,69,4,3,1,11,11,0,0,0
S01012833,327,319,8,7,1,279,272,7,7,0,13,13,0,0,0,128,128,0,0,0,138,131,7,7,0,48,47,1,0,1
S01012834,297,289,8,0,8,164,162,2,0,2,33,32,1,0,1,107,106,1,0,1,24,24,0,0,0,133,127,6,0,6
S01012835,426,403,23,1,22,229,224,5,1,4,28,28,0,0,0,145,140,5,1,4,56,56,0,0,0,197,179,18,0,18
S01012836,221,220,1,0,1,215,214,1,0,1,159,158,1,0,1,25,25,0,0,0,31,31,0,0,0,6,6,0,0,0
S01012837,424,414,10,0,10,106,106,0,0,0,7,7,0,0,0,40,40,0,0,0,59,59,0,0,0,318,308,10,0,10
S01012838,531,528,3,0,3,85,85,0,0,0,7,7,0,0,0,49,49,0,0,0,29,29,0,0,0,446,443,3,0,3
S01012839,301,300,1,0,1,226,225,1,0,1,43,43,0,0,0,133,132,1,0,1,50,50,0,0,0,75,75,0,0,0
S01012840,286,285,1,0,1,235,234,1,0,1,183,182,1,0,1,44,44,0,0,0,8,8,0,0,0,51,51,0,0,0
S01012841,255,253,2,0,2,201,199,2,0,2,49,49,0,0,0,132,130,2,0,2,20,20,0,0,0,54,54,0,0,0
S01012842,203,198,5,4,1,174,169,5,4,1,39,34,5,4,1,64,64,0,0,0,71,71,0,0,0,29,29,0,0,0
S01012843,382,381,1,0,1,326,325,1,0,1,94,94,0,0,0,223,222,1,0,1,9,9,0,0,0,56,56,0,0,0
S01012844,256,249,7,0,7,222,218,4,0,4,58,56,2,0,2,158,156,2,0,2,6,6,0,0,0,34,31,3,0,3
S01012845,282,281,1,0,1,192,191,1,0,1,58,58,0,0,0,98,97,1,0,1,36,36,0,0,0,90,90,0,0,0
S01012846,571,543,28,2,26,94,94,0,0,0,16,16,0,0,0,70,70,0,0,0,8,8,0,0,0,477,449,28,2,26
S01012847,255,249,6,1,5,162,158,4,1,3,45,42,3,1,2,107,107,0,0,0,10,9,1,0,1,93,91,2,0,2
S01012848,284,283,1,0,1,234,233,1,0,1,58,58,0,0,0,140,139,1,0,1,36,36,0,0,0,50,50,0,0,0
S01012849,350,345,5,0,5,134,132,2,0,2,26,25,1,0,1,62,61,1,0,1,46,46,0,0,0,216,213,3,0,3
S01012850,344,339,5,0,5,232,227,5,0,5,3,3,0,0,0,92,92,0,0,0,137,132,5,0,5,112,112,0,0,0
S01012851,386,374,12,7,5,316,304,12,7,5,56,55,1,1,0,124,124,0,0,0,136,125,11,6,5,70,70,0,0,0
S01012852,302,298,4,1,3,223,221,2,0,2,31,31,0,0,0,157,155,2,0,2,35,35,0,0,0,79,77,2,1,1
S01012853,341,338,3,2,1,326,323,3,2,1,17,16,1,0,1,279,278,1,1,0,30,29,1,1,0,15,15,0,0,0
S01012854,376,374,2,0,2,122,121,1,0,1,7,6,1,0,1,59,59,0,0,0,56,56,0,0,0,254,253,1,0,1
S01012855,287,284,3,0,3,121,121,0,0,0,8,8,0,0,0,76,76,0,0,0,37,37,0,0,0,166,163,3,0,3
S01012856,437,414,23,0,23,96,92,4,0,4,9,9,0,0,0,40,39,1,0,1,47,44,3,0,3,341,322,19,0,19
S01012857,482,472,10,0,10,135,130,5,0,5,6,6,0,0,0,90,87,3,0,3,39,37,2,0,2,347,342,5,0,5
S01012858,427,422,5,0,5,77,77,0,0,0,4,4,0,0,0,41,41,0,0,0,32,32,0,0,0,350,345,5,0,5
S01012859,551,530,21,0,21,145,142,3,0,3,20,19,1,0,1,63,63,0,0,0,62,60,2,0,2,406,388,18,0,18
S01012860,390,382,8,1,7,196,191,5,1,4,40,39,1,1,0,78,75,3,0,3,78,77,1,0,1,194,191,3,0,3
S01012861,329,322,7,0,7,159,153,6,0,6,28,25,3,0,3,55,53,2,0,2,76,75,1,0,1,170,169,1,0,1
S01012862,389,369,20,0,20,28,27,1,0,1,3,3,0,0,0,8,8,0,0,0,17,16,1,0,1,361,342,19,0,19
S01012863,475,424,51,0,51,31,31,0,0,0,4,4,0,0,0,9,9,0,0,0,18,18,0,0,0,444,393,51,0,51
S01012864,479,469,10,0,10,20,20,0,0,0,5,5,0,0,0,2,2,0,0,0,13,13,0,0,0,459,449,10,0,10
S01012865,399,390,9,0,9,166,166,0,0,0,8,8,0,0,0,84,84,0,0,0,74,74,0,0,0,233,224,9,0,9
S01012866,378,374,4,0,4,149,146,3,0,3,16,15,1,0,1,65,64,1,0,1,68,67,1,0,1,229,228,1,0,1
S01012867,400,396,4,1,3,126,124,2,0,2,1,1,0,0,0,59,59,0,0,0,66,64,2,0,2,274,272,2,1,1
S01012868,337,321,16,0,16,33,32,1,0,1,2,2,0,0,0,23,23,0,0,0,8,7,1,0,1,304,289,15,0,15
S01012869,263,257,6,0,6,92,87,5,0,5,5,5,0,0,0,47,46,1,0,1,40,36,4,0,4,171,170,1,0,1
S01012870,454,450,4,0,4,358,355,3,0,3,47,45,2,0,2,114,114,0,0,0,197,196,1,0,1,96,95,1,0,1
S01012871,390,384,6,0,6,180,180,0,0,0,12,12,0,0,0,162,162,0,0,0,6,6,0,0,0,210,204,6,0,6
S01012872,328,318,10,0,10,36,36,0,0,0,5,5,0,0,0,21,21,0,0,0,10,10,0,0,0,292,282,10,0,10
S01012873,339,338,1,0,1,112,111,1,0,1,11,11,0,0,0,78,77,1,0,1,23,23,0,0,0,227,227,0,0,0
S01012874,385,383,2,0,2,191,191,0,0,0,19,19,0,0,0,63,63,0,0,0,109,109,0,0,0,194,192,2,0,2
S01012875,291,277,14,0,14,138,136,2,0,2,6,6,0,0,0,37,37,0,0,0,95,93,2,0,2,153,141,12,0,12
S01012876,381,371,10,0,10,215,214,1,0,1,6,6,0,0,0,81,80,1,0,1,128,128,0,0,0,166,157,9,0,9
S01012877,334,331,3,0,3,271,269,2,0,2,6,6,0,0,0,100,98,2,0,2,165,165,0,0,0,63,62,1,0,1
S01012878,379,373,6,0,6,306,303,3,0,3,92,91,1,0,1,186,185,1,0,1,28,27,1,0,1,73,70,3,0,3
S01012879,327,323,4,1,3,203,201,2,0,2,13,12,1,0,1,135,134,1,0,1,55,55,0,0,0,124,122,2,1,1
S01012880,381,374,7,0,7,296,295,1,0,1,40,40,0,0,0,204,203,1,0,1,52,52,0,0,0,85,79,6,0,6
S01012881,413,406,7,2,5,249,245,4,1,3,62,59,3,1,2,127,127,0,0,0,60,59,1,0,1,164,161,3,1,2
S01012882,290,287,3,0,3,107,107,0,0,0,7,7,0,0,0,81,81,0,0,0,19,19,0,0,0,183,180,3,0,3
S01012883,382,378,4,0,4,102,100,2,0,2,15,15,0,0,0,53,51,2,0,2,34,34,0,0,0,280,278,2,0,2
S01012884,292,285,7,0,7,91,90,1,0,1,15,14,1,0,1,59,59,0,0,0,17,17,0,0,0,201,195,6,0,6
S01012885,270,270,0,0,0,73,73,0,0,0,3,3,0,0,0,6,6,0,0,0,64,64,0,0,0,197,197,0,0,0
S01012886,318,315,3,1,2,275,272,3,1,2,54,53,1,0,1,169,167,2,1,1,52,52,0,0,0,43,43,0,0,0
S01012887,360,352,8,1,7,232,227,5,1,4,95,92,3,1,2,82,82,0,0,0,55,53,2,0,2,128,125,3,0,3
S01012888,335,333,2,0,2,291,289,2,0,2,87,86,1,0,1,176,175,1,0,1,28,28,0,0,0,44,44,0,0,0
S01012889,354,342,12,0,12,326,316,10,0,10,192,185,7,0,7,49,47,2,0,2,85,84,1,0,1,28,26,2,0,2
S01012890,315,300,15,1,14,220,217,3,0,3,38,36,2,0,2,55,55,0,0,0,127,126,1,0,1,95,83,12,1,11
S01012891,261,255,6,0,6,209,203,6,0,6,22,21,1,0,1,54,51,3,0,3,133,131,2,0,2,52,52,0,0,0
S01012892,574,566,8,3,5,327,322,5,3,2,9,9,0,0,0,76,76,0,0,0,242,237,5,3,2,247,244,3,0,3
S01012893,375,369,6,0,6,132,129,3,0,3,5,5,0,0,0,32,32,0,0,0,95,92,3,0,3,243,240,3,0,3
S01012894,316,311,5,0,5,268,265,3,0,3,137,134,3,0,3,94,94,0,0,0,37,37,0,0,0,48,46,2,0,2
S01012895,199,197,2,0,2,175,173,2,0,2,111,109,2,0,2,49,49,0,0,0,15,15,0,0,0,24,24,0,0,0
S01012896,490,482,8,2,6,132,132,0,0,0,2,2,0,0,0,11,11,0,0,0,119,119,0,0,0,358,350,8,2,6
S01012897,251,248,3,0,3,245,242,3,0,3,73,71,2,0,2,139,139,0,0,0,33,32,1,0,1,6,6,0,0,0
S01012898,179,177,2,0,2,177,175,2,0,2,161,159,2,0,2,11,11,0,0,0,5,5,0,0,0,2,2,0,0,0
S01012899,319,317,2,0,2,68,68,0,0,0,2,2,0,0,0,2,2,0,0,0,64,64,0,0,0,251,249,2,0,2
S01012900,236,226,10,0,10,206,204,2,0,2,103,101,2,0,2,44,44,0,0,0,59,59,0,0,0,30,22,8,0,8
S01012901,347,336,11,1,10,198,194,4,0,4,3,3,0,0,0,8,8,0,0,0,187,183,4,0,4,149,142,7,1,6
S01012902,362,359,3,0,3,215,214,1,0,1,13,13,0,0,0,30,30,0,0,0,172,171,1,0,1,147,145,2,0,2
S01012903,410,400,10,0,10,232,229,3,0,3,3,3,0,0,0,9,9,0,0,0,220,217,3,0,3,178,171,7,0,7
S01012904,384,371,13,0,13,209,206,3,0,3,6,6,0,0,0,9,9,0,0,0,194,191,3,0,3,175,165,10,0,10
S01012905,277,272,5,0,5,197,196,1,0,1,5,5,0,0,0,32,32,0,0,0,160,159,1,0,1,80,76,4,0,4
S01012906,489,482,7,0,7,263,262,1,0,1,19,19,0,0,0,31,31,0,0,0,213,212,1,0,1,226,220,6,0,6
S01012907,464,449,15,0,15,289,282,7,0,7,5,5,0,0,0,52,52,0,0,0,232,225,7,0,7,175,167,8,0,8
S01012908,363,355,8,0,8,210,203,7,0,7,2,2,0,0,0,19,19,0,0,0,189,182,7,0,7,153,152,1,0,1
S01012909,337,331,6,3,3,205,202,3,0,3,6,6,0,0,0,39,39,0,0,0,160,157,3,0,3,132,129,3,3,0
S01012910,490,485,5,0,5,185,183,2,0,2,5,5,0,0,0,23,23,0,0,0,157,155,2,0,2,305,302,3,0,3
S01012911,348,340,8,0,8,239,235,4,0,4,23,22,1,0,1,76,73,3,0,3,140,140,0,0,0,109,105,4,0,4
S01012912,350,339,11,0,11,204,198,6,0,6,3,3,0,0,0,46,46,0,0,0,155,149,6,0,6,146,141,5,0,5
S01012913,425,417,8,0,8,271,266,5,0,5,8,8,0,0,0,72,71,1,0,1,191,187,4,0,4,154,151,3,0,3
S01012914,412,410,2,1,1,227,226,1,0,1,21,21,0,0,0,50,49,1,0,1,156,156,0,0,0,185,184,1,1,0
S01012915,449,447,2,0,2,278,278,0,0,0,110,110,0,0,0,109,109,0,0,0,59,59,0,0,0,171,169,2,0,2
S01012916,337,331,6,0,6,194,190,4,0,4,21,21,0,0,0,40,40,0,0,0,133,129,4,0,4,143,141,2,0,2
S01012917,272,270,2,0,2,262,260,2,0,2,40,38,2,0,2,38,38,0,0,0,184,184,0,0,0,10,10,0,0,0
S01012918,262,255,7,0,7,115,111,4,0,4,0,0,0,0,0,2,2,0,0,0,113,109,4,0,4,147,144,3,0,3
S01012919,232,229,3,0,3,161,160,1,0,1,4,4,0,0,0,5,5,0,0,0,152,151,1,0,1,71,69,2,0,2
S01012920,258,258,0,0,0,185,185,0,0,0,91,91,0,0,0,61,61,0,0,0,33,33,0,0,0,73,73,0,0,0
S01012921,344,338,6,1,5,198,194,4,1,3,4,4,0,0,0,14,14,0,0,0,180,176,4,1,3,146,144,2,0,2
S01012922,447,437,10,0,10,311,307,4,0,4,39,38,1,0,1,54,52,2,0,2,218,217,1,0,1,136,130,6,0,6
S01012923,311,306,5,0,5,209,207,2,0,2,6,6,0,0,0,7,7,0,0,0,196,194,2,0,2,102,99,3,0,3
S01012924,252,243,9,0,9,149,143,6,0,6,3,3,0,0,0,5,5,0,0,0,141,135,6,0,6,103,100,3,0,3
S01012925,200,194,6,1,5,150,144,6,1,5,52,50,2,0,2,66,63,3,1,2,32,31,1,0,1,50,50,0,0,0
S01012926,339,333,6,0,6,184,184,0,0,0,22,22,0,0,0,20,20,0,0,0,142,142,0,0,0,155,149,6,0,6
S01012927,340,339,1,0,1,227,226,1,0,1,5,5,0,0,0,8,8,0,0,0,214,213,1,0,1,113,113,0,0,0
S01012928,405,353,52,0,52,237,235,2,0,2,70,69,1,0,1,13,13,0,0,0,154,153,1,0,1,168,118,50,0,50
S01012929,343,340,3,0,3,254,253,1,0,1,29,29,0,0,0,25,24,1,0,1,200,200,0,0,0,89,87,2,0,2
S01012930,527,512,15,2,13,157,151,6,0,6,25,24,1,0,1,88,85,3,0,3,44,42,2,0,2,370,361,9,2,7
S01012931,440,435,5,1,4,202,201,1,0,1,28,28,0,0,0,79,79,0,0,0,95,94,1,0,1,238,234,4,1,3
S01012932,217,211,6,0,6,174,171,3,0,3,67,66,1,0,1,63,61,2,0,2,44,44,0,0,0,43,40,3,0,3
S01012933,359,352,7,1,6,293,288,5,0,5,35,34,1,0,1,164,163,1,0,1,94,91,3,0,3,66,64,2,1,1
S01012934,371,360,11,0,11,188,184,4,0,4,28,28,0,0,0,121,118,3,0,3,39,38,1,0,1,183,176,7,0,7
S01012935,372,363,9,0,9,327,319,8,0,8,16,16,0,0,0,119,118,1,0,1,192,185,7,0,7,45,44,1,0,1
S01012936,362,351,11,0,11,141,139,2,0,2,37,37,0,0,0,38,38,0,0,0,66,64,2,0,2,221,212,9,0,9
S01012937,318,314,4,0,4,173,172,1,0,1,43,43,0,0,0,25,24,1,0,1,105,105,0,0,0,145,142,3,0,3
S01012938,310,307,3,0,3,262,259,3,0,3,189,187,2,0,2,61,61,0,0,0,12,11,1,0,1,48,48,0,0,0
S01012939,218,216,2,0,2,214,212,2,0,2,166,164,2,0,2,44,44,0,0,0,4,4,0,0,0,4,4,0,0,0
S01012940,271,268,3,2,1,220,219,1,0,1,138,137,1,0,1,76,76,0,0,0,6,6,0,0,0,51,49,2,2,0
S01012941,259,257,2,0,2,254,252,2,0,2,231,229,2,0,2,20,20,0,0,0,3,3,0,0,0,5,5,0,0,0
S01012942,371,364,7,0,7,225,222,3,0,3,4,4,0,0,0,24,24,0,0,0,197,194,3,0,3,146,142,4,0,4
S01012943,295,291,4,0,4,265,261,4,0,4,96,95,1,0,1,85,84,1,0,1,84,82,2,0,2,30,30,0,0,0
S01012944,209,207,2,0,2,206,204,2,0,2,131,129,2,0,2,73,73,0,0,0,2,2,0,0,0,3,3,0,0,0
S01012945,242,241,1,0,1,229,228,1,0,1,194,193,1,0,1,30,30,0,0,0,5,5,0,0,0,13,13,0,0,0
S01012946,341,338,3,1,2,261,260,1,0,1,162,161,1,0,1,88,88,0,0,0,11,11,0,0,0,80,78,2,1,1
S01012947,152,151,1,0,1,150,149,1,0,1,143,142,1,0,1,4,4,0,0,0,3,3,0,0,0,2,2,0,0,0
S01012948,250,249,1,0,1,247,246,1,0,1,95,94,1,0,1,146,146,0,0,0,6,6,0,0,0,3,3,0,0,0
S01012949,283,282,1,0,1,255,255,0,0,0,122,122,0,0,0,78,78,0,0,0,55,55,0,0,0,28,27,1,0,1
S01012950,278,273,5,0,5,265,262,3,0,3,238,235,3,0,3,18,18,0,0,0,9,9,0,0,0,13,11,2,0,2
S01012951,307,294,13,2,11,282,270,12,2,10,251,239,12,2,10,19,19,0,0,0,12,12,0,0,0,25,24,1,0,1
S01012952,265,247,18,10,8,200,188,12,8,4,183,171,12,8,4,15,15,0,0,0,2,2,0,0,0,65,59,6,2,4
S01012953,296,292,4,0,4,253,251,2,0,2,72,72,0,0,0,134,134,0,0,0,47,45,2,0,2,43,41,2,0,2
S01012954,177,173,4,1,3,169,165,4,1,3,21,21,0,0,0,134,131,3,1,2,14,13,1,0,1,8,8,0,0,0
S01012955,368,356,12,1,11,244,241,3,1,2,163,160,3,1,2,59,59,0,0,0,22,22,0,0,0,124,115,9,0,9
S01012956,463,458,5,0,5,296,293,3,0,3,83,82,1,0,1,32,32,0,0,0,181,179,2,0,2,167,165,2,0,2
S01012957,311,304,7,0,7,215,213,2,0,2,19,19,0,0,0,49,49,0,0,0,147,145,2,0,2,96,91,5,0,5
S01012958,208,206,2,0,2,202,200,2,0,2,21,20,1,0,1,91,91,0,0,0,90,89,1,0,1,6,6,0,0,0
S01012959,229,228,1,0,1,203,202,1,0,1,60,60,0,0,0,82,82,0,0,0,61,60,1,0,1,26,26,0,0,0
S01012960,230,229,1,0,1,223,222,1,0,1,82,82,0,0,0,107,106,1,0,1,34,34,0,0,0,7,7,0,0,0
S01012961,202,200,2,0,2,192,190,2,0,2,75,74,1,0,1,89,89,0,0,0,28,27,1,0,1,10,10,0,0,0
S01012962,239,236,3,0,3,220,218,2,0,2,125,123,2,0,2,58,58,0,0,0,37,37,0,0,0,19,18,1,0,1
S01012963,278,275,3,2,1,277,274,3,2,1,243,240,3,2,1,22,22,0,0,0,12,12,0,0,0,1,1,0,0,0
S01012964,210,200,10,10,0,207,197,10,10,0,180,170,10,10,0,17,17,0,0,0,10,10,0,0,0,3,3,0,0,0
S01012965,240,229,11,0,11,181,179,2,0,2,113,111,2,0,2,59,59,0,0,0,9,9,0,0,0,59,50,9,0,9
S01012966,268,262,6,0,6,250,244,6,0,6,62,61,1,0,1,49,48,1,0,1,139,135,4,0,4,18,18,0,0,0
S01012967,190,183,7,4,3,186,179,7,4,3,10,10,0,0,0,17,17,0,0,0,159,152,7,4,3,4,4,0,0,0
S01012968,277,271,6,5,1,205,199,6,5,1,4,4,0,0,0,15,15,0,0,0,186,180,6,5,1,72,72,0,0,0
S01012969,316,306,10,7,3,266,256,10,7,3,13,13,0,0,0,41,41,0,0,0,212,202,10,7,3,50,50,0,0,0
S01012970,256,236,20,10,10,248,228,20,10,10,5,5,0,0,0,58,58,0,0,0,185,165,20,10,10,8,8,0,0,0
S01012971,303,299,4,2,2,263,259,4,2,2,15,15,0,0,0,58,58,0,0,0,190,186,4,2,2,40,40,0,0,0
S01012972,336,329,7,0,7,270,265,5,0,5,15,15,0,0,0,47,47,0,0,0,208,203,5,0,5,66,64,2,0,2
S01012973,342,335,7,1,6,287,283,4,1,3,22,22,0,0,0,9,9,0,0,0,256,252,4,1,3,55,52,3,0,3
S01012974,453,446,7,0,7,300,294,6,0,6,7,7,0,0,0,29,28,1,0,1,264,259,5,0,5,153,152,1,0,1
S01012975,273,266,7,1,6,201,195,6,1,5,11,11,0,0,0,13,13,0,0,0,177,171,6,1,5,72,71,1,0,1
S01012976,239,229,10,6,4,188,178,10,6,4,6,6,0,0,0,11,11,0,0,0,171,161,10,6,4,51,51,0,0,0
S01012977,292,287,5,2,3,218,213,5,2,3,3,3,0,0,0,16,16,0,0,0,199,194,5,2,3,74,74,0,0,0
S01012978,341,334,7,1,6,264,262,2,1,1,10,10,0,0,0,18,18,0,0,0,236,234,2,1,1,77,72,5,0,5
S01012979,238,224,14,8,6,232,218,14,8,6,52,48,4,0,4,11,11,0,0,0,169,159,10,8,2,6,6,0,0,0
S01012980,315,311,4,0,4,139,137,2,0,2,3,3,0,0,0,9,9,0,0,0,127,125,2,0,2,176,174,2,0,2
S01012981,357,347,10,0,10,184,179,5,0,5,13,13,0,0,0,34,32,2,0,2,137,134,3,0,3,173,168,5,0,5
S01012982,389,383,6,0,6,211,207,4,0,4,4,4,0,0,0,16,16,0,0,0,191,187,4,0,4,178,176,2,0,2
S01012983,335,326,9,0,9,270,264,6,0,6,57,55,2,0,2,25,25,0,0,0,188,184,4,0,4,65,62,3,0,3
S01012984,282,279,3,0,3,194,192,2,0,2,9,9,0,0,0,23,23,0,0,0,162,160,2,0,2,88,87,1,0,1
S01012985,332,330,2,0,2,289,287,2,0,2,10,10,0,0,0,12,12,0,0,0,267,265,2,0,2,43,43,0,0,0
S01012986,401,394,7,0,7,188,183,5,0,5,18,17,1,0,1,18,18,0,0,0,152,148,4,0,4,213,211,2,0,2
S01012987,361,356,5,1,4,253,251,2,0,2,9,9,0,0,0,79,78,1,0,1,165,164,1,0,1,108,105,3,1,2
S01012988,475,463,12,0,12,242,239,3,0,3,10,10,0,0,0,34,34,0,0,0,198,195,3,0,3,233,224,9,0,9
S01012989,417,409,8,0,8,279,273,6,0,6,12,12,0,0,0,40,39,1,0,1,227,222,5,0,5,138,136,2,0,2
S01012990,304,303,1,0,1,187,187,0,0,0,2,2,0,0,0,47,47,0,0,0,138,138,0,0,0,117,116,1,0,1
S01012991,359,351,8,0,8,260,257,3,0,3,9,8,1,0,1,52,52,0,0,0,199,197,2,0,2,99,94,5,0,5
S01012992,382,380,2,0,2,244,243,1,0,1,7,7,0,0,0,66,66,0,0,0,171,170,1,0,1,138,137,1,0,1
S01012993,392,376,16,0,16,177,171,6,0,6,5,5,0,0,0,41,39,2,0,2,131,127,4,0,4,215,205,10,0,10
S01012994,508,502,6,0,6,143,141,2,0,2,10,10,0,0,0,66,65,1,0,1,67,66,1,0,1,365,361,4,0,4
S01012995,337,331,6,4,2,327,321,6,4,2,41,41,0,0,0,124,123,1,0,1,162,157,5,4,1,10,10,0,0,0
S01012996,248,246,2,0,2,204,202,2,0,2,8,8,0,0,0,53,52,1,0,1,143,142,1,0,1,44,44,0,0,0
S01012997,212,210,2,0,2,177,175,2,0,2,8,8,0,0,0,20,20,0,0,0,149,147,2,0,2,35,35,0,0,0
S01012998,423,414,9,0,9,322,316,6,0,6,90,90,0,0,0,51,51,0,0,0,181,175,6,0,6,101,98,3,0,3
S01012999,226,220,6,0,6,130,126,4,0,4,8,8,0,0,0,16,15,1,0,1,106,103,3,0,3,96,94,2,0,2
S01013000,345,322,23,0,23,223,209,14,0,14,7,7,0,0,0,22,22,0,0,0,194,180,14,0,14,122,113,9,0,9
S01013001,183,156,27,22,5,163,137,26,21,5,120,98,22,18,4,30,26,4,3,1,13,13,0,0,0,20,19,1,1,0
S01013002,217,205,12,3,9,187,180,7,3,4,135,128,7,3,4,38,38,0,0,0,14,14,0,0,0,30,25,5,0,5
S01013003,255,246,9,5,4,248,239,9,5,4,240,231,9,5,4,6,6,0,0,0,2,2,0,0,0,7,7,0,0,0
S01013004,273,264,9,6,3,261,253,8,6,2,159,155,4,4,0,69,67,2,1,1,33,31,2,1,1,12,11,1,0,1
S01013005,323,300,23,7,16,296,276,20,7,13,231,214,17,4,13,51,49,2,2,0,14,13,1,1,0,27,24,3,0,3
S01013006,247,240,7,0,7,224,218,6,0,6,161,156,5,0,5,42,41,1,0,1,21,21,0,0,0,23,22,1,0,1
S01013007,413,397,16,2,14,288,279,9,0,9,174,169,5,0,5,88,84,4,0,4,26,26,0,0,0,125,118,7,2,5
S01013008,339,330,9,0,9,286,280,6,0,6,134,133,1,0,1,49,46,3,0,3,103,101,2,0,2,53,50,3,0,3
S01013009,295,293,2,0,2,273,271,2,0,2,122,120,2,0,2,103,103,0,0,0,48,48,0,0,0,22,22,0,0,0
S01013010,276,246,30,22,8,253,231,22,19,3,174,164,10,7,3,52,43,9,9,0,27,24,3,3,0,23,15,8,3,5
S01013011,265,261,4,0,4,237,234,3,0,3,142,140,2,0,2,54,53,1,0,1,41,41,0,0,0,28,27,1,0,1
S01013012,307,292,15,9,6,196,186,10,7,3,63,60,3,2,1,71,70,1,0,1,62,56,6,5,1,111,106,5,2,3
S01013013,310,297,13,5,8,287,275,12,4,8,169,164,5,1,4,94,90,4,2,2,24,21,3,1,2,23,22,1,1,0
S01013014,347,336,11,2,9,294,284,10,2,8,168,162,6,0,6,77,73,4,2,2,49,49,0,0,0,53,52,1,0,1
S01013015,332,309,23,8,15,298,278,20,6,14,220,203,17,4,13,69,66,3,2,1,9,9,0,0,0,34,31,3,2,1
S01013016,259,244,15,6,9,245,231,14,6,8,194,182,12,5,7,36,34,2,1,1,15,15,0,0,0,14,13,1,0,1
S01013017,368,359,9,1,8,308,301,7,1,6,142,139,3,0,3,120,118,2,0,2,46,44,2,1,1,60,58,2,0,2
S01013018,393,387,6,4,2,374,368,6,4,2,244,241,3,1,2,89,87,2,2,0,41,40,1,1,0,19,19,0,0,0
S01013019,378,355,23,13,10,271,254,17,12,5,190,179,11,7,4,27,27,0,0,0,54,48,6,5,1,107,101,6,1,5
S01013020,231,226,5,1,4,193,188,5,1,4,22,21,1,0,1,67,67,0,0,0,104,100,4,1,3,38,38,0,0,0
S01013021,194,187,7,2,5,190,183,7,2,5,9,9,0,0,0,87,86,1,0,1,94,88,6,2,4,4,4,0,0,0
S01013022,189,186,3,1,2,118,115,3,1,2,40,38,2,1,1,45,45,0,0,0,33,32,1,0,1,71,71,0,0,0
S01013023,343,337,6,1,5,318,315,3,1,2,261,258,3,1,2,53,53,0,0,0,4,4,0,0,0,25,22,3,0,3
S01013024,234,227,7,2,5,203,197,6,1,5,94,90,4,1,3,86,85,1,0,1,23,22,1,0,1,31,30,1,1,0
S01013025,217,211,6,3,3,209,203,6,3,3,148,144,4,2,2,45,44,1,0,1,16,15,1,1,0,8,8,0,0,0
S01013026,415,410,5,0,5,323,320,3,0,3,131,129,2,0,2,113,113,0,0,0,79,78,1,0,1,92,90,2,0,2
S01013027,427,422,5,0,5,381,377,4,0,4,26,26,0,0,0,196,193,3,0,3,159,158,1,0,1,46,45,1,0,1
S01013028,194,191,3,0,3,186,183,3,0,3,86,84,2,0,2,42,41,1,0,1,58,58,0,0,0,8,8,0,0,0
S01013029,274,269,5,0,5,246,242,4,0,4,18,18,0,0,0,65,63,2,0,2,163,161,2,0,2,28,27,1,0,1
S01013030,226,225,1,1,0,219,219,0,0,0,22,22,0,0,0,121,121,0,0,0,76,76,0,0,0,7,6,1,1,0
S01013031,292,291,1,0,1,252,251,1,0,1,15,15,0,0,0,86,86,0,0,0,151,150,1,0,1,40,40,0,0,0
S01013032,312,309,3,0,3,289,286,3,0,3,154,153,1,0,1,100,98,2,0,2,35,35,0,0,0,23,23,0,0,0
S01013033,282,276,6,0,6,225,220,5,0,5,49,47,2,0,2,153,150,3,0,3,23,23,0,0,0,57,56,1,0,1
S01013034,301,296,5,2,3,287,282,5,2,3,8,8,0,0,0,166,165,1,0,1,113,109,4,2,2,14,14,0,0,0
S01013035,307,300,7,2,5,272,266,6,2,4,13,13,0,0,0,82,80,2,0,2,177,173,4,2,2,35,34,1,0,1
S01013036,282,280,2,0,2,272,270,2,0,2,10,10,0,0,0,159,158,1,0,1,103,102,1,0,1,10,10,0,0,0
S01013037,286,283,3,0,3,259,256,3,0,3,121,120,1,0,1,109,107,2,0,2,29,29,0,0,0,27,27,0,0,0
S01013038,436,434,2,0,2,272,270,2,0,2,49,49,0,0,0,78,78,0,0,0,145,143,2,0,2,164,164,0,0,0
S01013039,179,178,1,0,1,172,171,1,0,1,162,161,1,0,1,6,6,0,0,0,4,4,0,0,0,7,7,0,0,0
S01013040,332,324,8,1,7,195,193,2,1,1,36,36,0,0,0,92,92,0,0,0,67,65,2,1,1,137,131,6,0,6
S01013041,263,257,6,0,6,208,202,6,0,6,45,45,0,0,0,60,57,3,0,3,103,100,3,0,3,55,55,0,0,0
S01013042,320,318,2,0,2,290,289,1,0,1,88,88,0,0,0,88,88,0,0,0,114,113,1,0,1,30,29,1,0,1
S01013043,285,278,7,0,7,277,270,7,0,7,12,12,0,0,0,108,105,3,0,3,157,153,4,0,4,8,8,0,0,0
S01013044,326,323,3,1,2,319,316,3,1,2,25,25,0,0,0,140,139,1,0,1,154,152,2,1,1,7,7,0,0,0
S01013045,279,277,2,1,1,254,252,2,1,1,88,87,1,0,1,89,89,0,0,0,77,76,1,1,0,25,25,0,0,0
S01013046,215,214,1,0,1,201,200,1,0,1,5,5,0,0,0,83,82,1,0,1,113,113,0,0,0,14,14,0,0,0
S01013047,354,350,4,0,4,342,338,4,0,4,129,126,3,0,3,169,168,1,0,1,44,44,0,0,0,12,12,0,0,0
S01013048,412,401,11,2,9,268,264,4,2,2,66,65,1,0,1,187,184,3,2,1,15,15,0,0,0,144,137,7,0,7
S01013049,360,354,6,0,6,278,275,3,0,3,130,129,1,0,1,125,123,2,0,2,23,23,0,0,0,82,79,3,0,3
S01013050,354,351,3,0,3,234,231,3,0,3,36,36,0,0,0,123,121,2,0,2,75,74,1,0,1,120,120,0,0,0
S01013051,430,422,8,0,8,313,309,4,0,4,34,34,0,0,0,119,117,2,0,2,160,158,2,0,2,117,113,4,0,4
S01013052,398,391,7,1,6,296,291,5,0,5,23,22,1,0,1,139,138,1,0,1,134,131,3,0,3,102,100,2,1,1
S01013053,351,337,14,2,12,96,95,1,0,1,12,12,0,0,0,50,49,1,0,1,34,34,0,0,0,255,242,13,2,11
S01013054,308,305,3,0,3,272,269,3,0,3,65,64,1,0,1,146,144,2,0,2,61,61,0,0,0,36,36,0,0,0
S01013055,345,336,9,1,8,233,230,3,0,3,34,34,0,0,0,112,111,1,0,1,87,85,2,0,2,112,106,6,1,5
S01013056,436,431,5,0,5,352,347,5,0,5,33,33,0,0,0,176,174,2,0,2,143,140,3,0,3,84,84,0,0,0
S01013057,379,369,10,1,9,236,230,6,1,5,24,24,0,0,0,87,86,1,1,0,125,120,5,0,5,143,139,4,0,4
S01013058,219,213,6,0,6,200,197,3,0,3,111,109,2,0,2,71,71,0,0,0,18,17,1,0,1,19,16,3,0,3
S01013059,414,406,8,2,6,243,237,6,0,6,130,127,3,0,3,93,91,2,0,2,20,19,1,0,1,171,169,2,2,0
S01013060,235,227,8,2,6,151,145,6,2,4,61,56,5,1,4,81,80,1,1,0,9,9,0,0,0,84,82,2,0,2
S01013061,365,362,3,0,3,335,332,3,0,3,206,203,3,0,3,129,129,0,0,0,0,0,0,0,0,30,30,0,0,0
S01013062,415,403,12,2,10,179,176,3,0,3,80,77,3,0,3,89,89,0,0,0,10,10,0,0,0,236,227,9,2,7
S01013063,378,371,7,1,6,181,179,2,0,2,50,50,0,0,0,117,115,2,0,2,14,14,0,0,0,197,192,5,1,4
S01013064,390,386,4,0,4,354,351,3,0,3,13,13,0,0,0,126,124,2,0,2,215,214,1,0,1,36,35,1,0,1
S01013065,420,415,5,0,5,210,210,0,0,0,11,11,0,0,0,96,96,0,0,0,103,103,0,0,0,210,205,5,0,5
S01013066,355,347,8,0,8,223,216,7,0,7,30,29,1,0,1,113,109,4,0,4,80,78,2,0,2,132,131,1,0,1
S01013067,410,396,14,1,13,18,18,0,0,0,2,2,0,0,0,7,7,0,0,0,9,9,0,0,0,392,378,14,1,13
S01013068,433,406,27,1,26,47,47,0,0,0,13,13,0,0,0,18,18,0,0,0,16,16,0,0,0,386,359,27,1,26
S01013069,362,350,12,1,11,59,59,0,0,0,11,11,0,0,0,20,20,0,0,0,28,28,0,0,0,303,291,12,1,11
S01013070,311,301,10,0,10,62,61,1,0,1,10,10,0,0,0,30,30,0,0,0,22,21,1,0,1,249,240,9,0,9
S01013071,366,359,7,2,5,18,16,2,1,1,3,3,0,0,0,8,7,1,0,1,7,6,1,1,0,348,343,5,1,4
S01013072,229,227,2,0,2,146,144,2,0,2,10,10,0,0,0,101,100,1,0,1,35,34,1,0,1,83,83,0,0,0
S01013073,358,352,6,0,6,114,112,2,0,2,27,26,1,0,1,59,58,1,0,1,28,28,0,0,0,244,240,4,0,4
S01013074,318,302,16,0,16,89,77,12,0,12,13,10,3,0,3,59,50,9,0,9,17,17,0,0,0,229,225,4,0,4
S01013075,495,481,14,2,12,135,129,6,2,4,15,15,0,0,0,71,68,3,0,3,49,46,3,2,1,360,352,8,0,8
S01013076,178,172,6,5,1,131,126,5,5,0,66,66,0,0,0,30,30,0,0,0,35,30,5,5,0,47,46,1,0,1
S01013077,306,297,9,9,0,218,209,9,9,0,12,12,0,0,0,68,68,0,0,0,138,129,9,9,0,88,88,0,0,0
S01013078,254,252,2,0,2,144,143,1,0,1,16,16,0,0,0,40,40,0,0,0,88,87,1,0,1,110,109,1,0,1
S01013079,390,376,14,0,14,332,320,12,0,12,250,240,10,0,10,47,47,0,0,0,35,33,2,0,2,58,56,2,0,2
S01013080,378,374,4,1,3,274,270,4,1,3,113,111,2,1,1,101,101,0,0,0,60,58,2,0,2,104,104,0,0,0
S01013081,281,280,1,0,1,263,262,1,0,1,144,144,0,0,0,112,111,1,0,1,7,7,0,0,0,18,18,0,0,0
S01013082,401,395,6,0,6,393,387,6,0,6,221,219,2,0,2,162,158,4,0,4,10,10,0,0,0,8,8,0,0,0
S01013083,191,187,4,1,3,179,175,4,1,3,105,103,2,1,1,64,62,2,0,2,10,10,0,0,0,12,12,0,0,0
S01013084,313,307,6,0,6,308,302,6,0,6,180,175,5,0,5,127,126,1,0,1,1,1,0,0,0,5,5,0,0,0
S01013085,260,259,1,0,1,203,202,1,0,1,12,12,0,0,0,113,113,0,0,0,78,77,1,0,1,57,57,0,0,0
S01013086,476,448,28,2,26,163,156,7,0,7,69,68,1,0,1,64,62,2,0,2,30,26,4,0,4,313,292,21,2,19
S01013087,339,327,12,2,10,213,211,2,0,2,145,143,2,0,2,57,57,0,0,0,11,11,0,0,0,126,116,10,2,8
S01013088,404,388,16,1,15,335,324,11,0,11,283,277,6,0,6,33,28,5,0,5,19,19,0,0,0,69,64,5,1,4
S01013089,369,359,10,0,10,185,183,2,0,2,49,47,2,0,2,94,94,0,0,0,42,42,0,0,0,184,176,8,0,8
S01013090,362,349,13,1,12,127,125,2,0,2,12,12,0,0,0,40,40,0,0,0,75,73,2,0,2,235,224,11,1,10
S01013091,270,254,16,4,12,23,21,2,0,2,1,1,0,0,0,7,7,0,0,0,15,13,2,0,2,247,233,14,4,10
S01013092,450,440,10,2,8,200,197,3,0,3,11,11,0,0,0,137,136,1,0,1,52,50,2,0,2,250,243,7,2,5
S01013093,232,223,9,2,7,210,202,8,2,6,136,132,4,1,3,36,32,4,1,3,38,38,0,0,0,22,21,1,0,1
S01013094,233,230,3,0,3,233,230,3,0,3,187,185,2,0,2,39,38,1,0,1,7,7,0,0,0,0,0,0,0,0
S01013095,285,282,3,0,3,276,273,3,0,3,260,257,3,0,3,11,11,0,0,0,5,5,0,0,0,9,9,0,0,0
S01013096,218,213,5,1,4,183,181,2,0,2,8,8,0,0,0,70,70,0,0,0,105,103,2,0,2,35,32,3,1,2
S01013097,257,248,9,3,6,228,220,8,3,5,129,123,6,1,5,60,59,1,1,0,39,38,1,1,0,29,28,1,0,1
S01013098,191,189,2,0,2,188,186,2,0,2,181,179,2,0,2,6,6,0,0,0,1,1,0,0,0,3,3,0,0,0
S01013099,466,439,27,3,24,266,255,11,1,10,110,104,6,0,6,80,77,3,1,2,76,74,2,0,2,200,184,16,2,14
S01013100,280,265,15,3,12,233,223,10,1,9,156,146,10,1,9,64,64,0,0,0,13,13,0,0,0,47,42,5,2,3
S01013101,511,502,9,0,9,301,298,3,0,3,47,47,0,0,0,102,100,2,0,2,152,151,1,0,1,210,204,6,0,6
S01013102,297,291,6,0,6,206,203,3,0,3,165,163,2,0,2,31,30,1,0,1,10,10,0,0,0,91,88,3,0,3
S01013103,296,289,7,2,5,294,287,7,2,5,254,248,6,2,4,32,32,0,0,0,8,7,1,0,1,2,2,0,0,0
S01013104,408,404,4,2,2,388,384,4,2,2,203,201,2,1,1,172,170,2,1,1,13,13,0,0,0,20,20,0,0,0
S01013105,396,387,9,3,6,274,273,1,1,0,185,185,0,0,0,83,82,1,1,0,6,6,0,0,0,122,114,8,2,6
S01013106,361,350,11,3,8,239,231,8,2,6,95,93,2,0,2,76,76,0,0,0,68,62,6,2,4,122,119,3,1,2
S01013107,286,275,11,1,10,275,265,10,1,9,241,233,8,1,7,28,28,0,0,0,6,4,2,0,2,11,10,1,0,1
S01013108,266,255,11,1,10,206,196,10,1,9,124,115,9,1,8,65,64,1,0,1,17,17,0,0,0,60,59,1,0,1
S01013109,440,412,28,5,23,428,400,28,5,23,239,220,19,4,15,134,128,6,1,5,55,52,3,0,3,12,12,0,0,0
S01013110,263,245,18,8,10,250,233,17,7,10,163,150,13,4,9,57,55,2,1,1,30,28,2,2,0,13,12,1,1,0
S01013111,209,192,17,12,5,194,178,16,11,5,104,96,8,8,0,60,55,5,3,2,30,27,3,0,3,15,14,1,1,0
S01013112,275,265,10,3,7,202,198,4,3,1,90,89,1,0,1,85,85,0,0,0,27,24,3,3,0,73,67,6,0,6
S01013113,375,372,3,0,3,357,354,3,0,3,82,82,0,0,0,173,170,3,0,3,102,102,0,0,0,18,18,0,0,0
S01013114,370,337,33,27,6,327,294,33,27,6,233,210,23,19,4,64,55,9,8,1,30,29,1,0,1,43,43,0,0,0
S01013115,346,320,26,8,18,144,135,9,7,2,51,50,1,0,1,56,56,0,0,0,37,29,8,7,1,202,185,17,1,16
S01013116,360,331,29,14,15,304,282,22,9,13,231,216,15,6,9,51,46,5,2,3,22,20,2,1,1,56,49,7,5,2
S01013117,281,271,10,7,3,190,181,9,7,2,52,49,3,2,1,95,94,1,1,0,43,38,5,4,1,91,90,1,0,1
S01013118,254,195,59,56,3,243,186,57,54,3,162,123,39,36,3,64,56,8,8,0,17,7,10,10,0,11,9,2,2,0
S01013119,457,337,120,109,11,428,315,113,104,9,304,207,97,91,6,84,74,10,9,1,40,34,6,4,2,29,22,7,5,2
S01013120,538,440,98,79,19,456,368,88,76,12,269,196,73,63,10,134,127,7,5,2,53,45,8,8,0,82,72,10,3,7
S01013121,179,146,33,21,12,166,133,33,21,12,86,69,17,13,4,48,39,9,4,5,32,25,7,4,3,13,13,0,0,0
S01013122,380,333,47,0,47,44,44,0,0,0,3,3,0,0,0,4,4,0,0,0,37,37,0,0,0,336,289,47,0,47
S01013123,425,414,11,0,11,107,107,0,0,0,8,8,0,0,0,10,10,0,0,0,89,89,0,0,0,318,307,11,0,11
S01013124,341,334,7,1,6,147,143,4,1,3,4,4,0,0,0,78,76,2,1,1,65,63,2,0,2,194,191,3,0,3
S01013125,385,374,11,1,10,207,205,2,1,1,9,9,0,0,0,82,82,0,0,0,116,114,2,1,1,178,169,9,0,9
S01013126,352,342,10,0,10,135,135,0,0,0,8,8,0,0,0,47,47,0,0,0,80,80,0,0,0,217,207,10,0,10
S01013127,386,378,8,0,8,142,141,1,0,1,3,3,0,0,0,37,36,1,0,1,102,102,0,0,0,244,237,7,0,7
S01013128,467,455,12,1,11,52,51,1,0,1,4,4,0,0,0,11,11,0,0,0,37,36,1,0,1,415,404,11,1,10
S01013129,542,533,9,1,8,203,202,1,0,1,7,7,0,0,0,34,34,0,0,0,162,161,1,0,1,339,331,8,1,7
S01013130,356,340,16,0,16,62,57,5,0,5,3,3,0,0,0,23,22,1,0,1,36,32,4,0,4,294,283,11,0,11
S01013131,320,316,4,0,4,118,117,1,0,1,2,2,0,0,0,88,88,0,0,0,28,27,1,0,1,202,199,3,0,3
S01013132,322,318,4,0,4,65,64,1,0,1,5,5,0,0,0,18,18,0,0,0,42,41,1,0,1,257,254,3,0,3
S01013133,492,441,51,0,51,103,99,4,0,4,5,5,0,0,0,32,31,1,0,1,66,63,3,0,3,389,342,47,0,47
S01013134,391,376,15,0,15,228,218,10,0,10,47,46,1,0,1,52,50,2,0,2,129,122,7,0,7,163,158,5,0,5
S01013135,420,391,29,0,29,73,72,1,0,1,5,5,0,0,0,46,46,0,0,0,22,21,1,0,1,347,319,28,0,28
S01013136,398,395,3,0,3,147,146,1,0,1,7,7,0,0,0,121,120,1,0,1,19,19,0,0,0,251,249,2,0,2
S01013137,308,307,1,0,1,203,202,1,0,1,4,4,0,0,0,173,172,1,0,1,26,26,0,0,0,105,105,0,0,0
S01013138,371,342,29,1,28,62,59,3,0,3,4,3,1,0,1,40,39,1,0,1,18,17,1,0,1,309,283,26,1,25
S01013139,422,409,13,0,13,172,170,2,0,2,17,17,0,0,0,75,75,0,0,0,80,78,2,0,2,250,239,11,0,11
S01013140,372,366,6,0,6,177,174,3,0,3,6,6,0,0,0,83,81,2,0,2,88,87,1,0,1,195,192,3,0,3
S01013141,333,330,3,0,3,98,97,1,0,1,4,4,0,0,0,35,34,1,0,1,59,59,0,0,0,235,233,2,0,2
S01013142,518,517,1,0,1,69,68,1,0,1,4,4,0,0,0,18,18,0,0,0,47,46,1,0,1,449,449,0,0,0
S01013143,431,419,12,0,12,148,147,1,0,1,7,7,0,0,0,60,59,1,0,1,81,81,0,0,0,283,272,11,0,11
S01013144,431,427,4,0,4,156,154,2,0,2,23,22,1,0,1,82,82,0,0,0,51,50,1,0,1,275,273,2,0,2
S01013145,341,336,5,1,4,123,121,2,1,1,7,7,0,0,0,106,104,2,1,1,10,10,0,0,0,218,215,3,0,3
S01013146,204,197,7,0,7,62,61,1,0,1,0,0,0,0,0,46,45,1,0,1,16,16,0,0,0,142,136,6,0,6
S01013147,313,307,6,0,6,217,212,5,0,5,58,58,0,0,0,79,76,3,0,3,80,78,2,0,2,96,95,1,0,1
S01013148,387,381,6,1,5,142,140,2,1,1,31,30,1,0,1,76,75,1,1,0,35,35,0,0,0,245,241,4,0,4
S01013149,431,418,13,2,11,131,125,6,2,4,10,8,2,0,2,54,54,0,0,0,67,63,4,2,2,300,293,7,0,7
S01013150,415,403,12,2,10,267,258,9,2,7,48,47,1,0,1,116,112,4,2,2,103,99,4,0,4,148,145,3,0,3
S01013151,273,261,12,1,11,144,141,3,1,2,68,66,2,0,2,48,47,1,1,0,28,28,0,0,0,129,120,9,0,9
S01013152,394,386,8,2,6,271,266,5,2,3,102,98,4,2,2,66,66,0,0,0,103,102,1,0,1,123,120,3,0,3
S01013153,409,398,11,0,11,178,171,7,0,7,5,5,0,0,0,67,67,0,0,0,106,99,7,0,7,231,227,4,0,4
S01013154,456,452,4,1,3,180,179,1,0,1,30,30,0,0,0,57,57,0,0,0,93,92,1,0,1,276,273,3,1,2
S01013155,408,399,9,0,9,39,39,0,0,0,6,6,0,0,0,14,14,0,0,0,19,19,0,0,0,369,360,9,0,9
S01013156,361,354,7,0,7,120,117,3,0,3,7,7,0,0,0,28,26,2,0,2,85,84,1,0,1,241,237,4,0,4
S01013157,433,430,3,0,3,153,153,0,0,0,8,8,0,0,0,49,49,0,0,0,96,96,0,0,0,280,277,3,0,3
S01013158,208,205,3,1,2,199,196,3,1,2,89,88,1,0,1,105,103,2,1,1,5,5,0,0,0,9,9,0,0,0
S01013159,302,297,5,1,4,268,264,4,1,3,66,66,0,0,0,131,127,4,1,3,71,71,0,0,0,34,33,1,0,1
S01013160,266,264,2,0,2,260,258,2,0,2,75,75,0,0,0,180,178,2,0,2,5,5,0,0,0,6,6,0,0,0
S01013161,509,488,21,0,21,186,182,4,0,4,21,21,0,0,0,62,62,0,0,0,103,99,4,0,4,323,306,17,0,17
S01013162,436,426,10,0,10,157,153,4,0,4,11,11,0,0,0,77,76,1,0,1,69,66,3,0,3,279,273,6,0,6
S01013163,256,253,3,0,3,229,227,2,0,2,62,62,0,0,0,128,126,2,0,2,39,39,0,0,0,27,26,1,0,1
S01013164,492,485,7,2,5,259,254,5,2,3,84,84,0,0,0,106,102,4,2,2,69,68,1,0,1,233,231,2,0,2
S01013165,421,412,9,1,8,259,255,4,0,4,38,36,2,0,2,132,131,1,0,1,89,88,1,0,1,162,157,5,1,4
S01013166,454,387,67,0,67,28,28,0,0,0,3,3,0,0,0,9,9,0,0,0,16,16,0,0,0,426,359,67,0,67
S01013167,421,383,38,1,37,41,40,1,0,1,3,3,0,0,0,19,18,1,0,1,19,19,0,0,0,380,343,37,1,36
S01013168,414,408,6,0,6,271,269,2,0,2,7,7,0,0,0,45,44,1,0,1,219,218,1,0,1,143,139,4,0,4
S01013169,447,436,11,0,11,149,146,3,0,3,5,5,0,0,0,84,83,1,0,1,60,58,2,0,2,298,290,8,0,8
S01013170,282,265,17,0,17,131,128,3,0,3,3,3,0,0,0,44,43,1,0,1,84,82,2,0,2,151,137,14,0,14
S01013171,265,249,16,1,15,205,201,4,1,3,87,84,3,1,2,81,81,0,0,0,37,36,1,0,1,60,48,12,0,12
S01013172,325,319,6,1,5,222,218,4,0,4,32,31,1,0,1,54,54,0,0,0,136,133,3,0,3,103,101,2,1,1
S01013173,366,358,8,0,8,202,200,2,0,2,54,53,1,0,1,90,90,0,0,0,58,57,1,0,1,164,158,6,0,6
S01013174,287,284,3,0,3,275,272,3,0,3,94,91,3,0,3,126,126,0,0,0,55,55,0,0,0,12,12,0,0,0
S01013175,350,343,7,1,6,290,285,5,1,4,89,87,2,1,1,113,112,1,0,1,88,86,2,0,2,60,58,2,0,2
S01013176,419,411,8,1,7,133,131,2,1,1,33,31,2,1,1,32,32,0,0,0,68,68,0,0,0,286,280,6,0,6
S01013177,301,290,11,2,9,155,151,4,2,2,18,16,2,1,1,98,97,1,0,1,39,38,1,1,0,146,139,7,0,7
S01013178,365,346,19,1,18,98,96,2,0,2,37,36,1,0,1,36,35,1,0,1,25,25,0,0,0,267,250,17,1,16
S01013179,374,363,11,3,8,268,259,9,3,6,103,99,4,2,2,99,97,2,1,1,66,63,3,0,3,106,104,2,0,2
S01013180,177,170,7,4,3,165,158,7,4,3,24,22,2,1,1,72,68,4,2,2,69,68,1,1,0,12,12,0,0,0
S01013181,319,310,9,1,8,267,259,8,1,7,11,11,0,0,0,78,76,2,1,1,178,172,6,0,6,52,51,1,0,1
S01013182,377,372,5,2,3,152,149,3,2,1,13,13,0,0,0,95,92,3,2,1,44,44,0,0,0,225,223,2,0,2
S01013183,340,334,6,3,3,281,276,5,3,2,114,114,0,0,0,135,130,5,3,2,32,32,0,0,0,59,58,1,0,1
S01013184,299,279,20,8,12,78,76,2,1,1,4,4,0,0,0,63,61,2,1,1,11,11,0,0,0,221,203,18,7,11
S01013185,367,362,5,1,4,188,186,2,0,2,10,10,0,0,0,139,137,2,0,2,39,39,0,0,0,179,176,3,1,2
S01013186,303,292,11,0,11,139,137,2,0,2,1,1,0,0,0,88,88,0,0,0,50,48,2,0,2,164,155,9,0,9
S01013187,396,386,10,2,8,199,197,2,2,0,34,34,0,0,0,70,68,2,2,0,95,95,0,0,0,197,189,8,0,8
S01013188,361,348,13,2,11,272,267,5,2,3,22,22,0,0,0,153,151,2,1,1,97,94,3,1,2,89,81,8,0,8
S01013189,241,238,3,2,1,216,213,3,2,1,31,31,0,0,0,125,122,3,2,1,60,60,0,0,0,25,25,0,0,0
S01013190,376,367,9,2,7,149,146,3,1,2,52,51,1,1,0,76,74,2,0,2,21,21,0,0,0,227,221,6,1,5
S01013191,389,386,3,1,2,346,343,3,1,2,108,107,1,1,0,144,143,1,0,1,94,93,1,0,1,43,43,0,0,0
S01013192,423,417,6,0,6,186,183,3,0,3,34,34,0,0,0,60,60,0,0,0,92,89,3,0,3,237,234,3,0,3
S01013193,386,356,30,1,29,95,93,2,0,2,23,21,2,0,2,47,47,0,0,0,25,25,0,0,0,291,263,28,1,27
S01013194,329,319,10,3,7,74,70,4,3,1,7,7,0,0,0,27,23,4,3,1,40,40,0,0,0,255,249,6,0,6
S01013195,626,597,29,1,28,74,74,0,0,0,40,40,0,0,0,25,25,0,0,0,9,9,0,0,0,552,523,29,1,28
S01013196,379,371,8,1,7,61,60,1,0,1,7,7,0,0,0,26,25,1,0,1,28,28,0,0,0,318,311,7,1,6
S01013197,269,262,7,1,6,175,171,4,1,3,57,55,2,0,2,61,61,0,0,0,57,55,2,1,1,94,91,3,0,3
S01013198,386,379,7,0,7,190,187,3,0,3,17,17,0,0,0,135,132,3,0,3,38,38,0,0,0,196,192,4,0,4
S01013199,503,488,15,5,10,157,145,12,5,7,80,70,10,4,6,32,30,2,1,1,45,45,0,0,0,346,343,3,0,3
S01013200,336,313,23,2,21,157,152,5,0,5,53,52,1,0,1,68,66,2,0,2,36,34,2,0,2,179,161,18,2,16
S01013201,395,380,15,0,15,132,130,2,0,2,11,11,0,0,0,60,60,0,0,0,61,59,2,0,2,263,250,13,0,13
S01013202,256,235,21,0,21,130,127,3,0,3,33,32,1,0,1,60,59,1,0,1,37,36,1,0,1,126,108,18,0,18
S01013203,385,355,30,0,30,240,236,4,0,4,19,19,0,0,0,47,46,1,0,1,174,171,3,0,3,145,119,26,0,26
S01013204,342,332,10,1,9,294,288,6,0,6,60,60,0,0,0,142,138,4,0,4,92,90,2,0,2,48,44,4,1,3
S01013205,267,240,27,0,27,200,194,6,0,6,4,4,0,0,0,102,101,1,0,1,94,89,5,0,5,67,46,21,0,21
S01013206,302,298,4,0,4,225,224,1,0,1,4,4,0,0,0,117,117,0,0,0,104,103,1,0,1,77,74,3,0,3
S01013207,399,390,9,3,6,172,166,6,3,3,54,51,3,1,2,62,62,0,0,0,56,53,3,2,1,227,224,3,0,3
S01013208,458,436,22,8,14,258,245,13,8,5,21,20,1,0,1,113,109,4,1,3,124,116,8,7,1,200,191,9,0,9
S01013209,446,435,11,4,7,99,93,6,4,2,18,18,0,0,0,50,49,1,0,1,31,26,5,4,1,347,342,5,0,5
S01013210,259,253,6,4,2,166,165,1,0,1,47,47,0,0,0,87,86,1,0,1,32,32,0,0,0,93,88,5,4,1
S01013211,422,411,11,6,5,232,223,9,6,3,54,53,1,1,0,94,92,2,1,1,84,78,6,4,2,190,188,2,0,2
S01013212,193,192,1,0,1,189,188,1,0,1,122,122,0,0,0,59,58,1,0,1,8,8,0,0,0,4,4,0,0,0
S01013213,200,197,3,0,3,194,191,3,0,3,101,100,1,0,1,55,54,1,0,1,38,37,1,0,1,6,6,0,0,0
S01013214,159,159,0,0,0,156,156,0,0,0,47,47,0,0,0,102,102,0,0,0,7,7,0,0,0,3,3,0,0,0
S01013215,389,385,4,2,2,221,217,4,2,2,26,25,1,0,1,124,123,1,0,1,71,69,2,2,0,168,168,0,0,0
S01013216,241,237,4,1,3,205,201,4,1,3,6,6,0,0,0,31,30,1,0,1,168,165,3,1,2,36,36,0,0,0
S01013217,279,279,0,0,0,247,247,0,0,0,11,11,0,0,0,48,48,0,0,0,188,188,0,0,0,32,32,0,0,0
S01013218,255,251,4,2,2,238,234,4,2,2,7,7,0,0,0,24,24,0,0,0,207,203,4,2,2,17,17,0,0,0
S01013219,225,220,5,0,5,215,210,5,0,5,2,2,0,0,0,15,15,0,0,0,198,193,5,0,5,10,10,0,0,0
S01013220,319,313,6,0,6,195,191,4,0,4,6,6,0,0,0,20,20,0,0,0,169,165,4,0,4,124,122,2,0,2
S01013221,389,382,7,1,6,322,315,7,1,6,27,27,0,0,0,83,81,2,0,2,212,207,5,1,4,67,67,0,0,0
S01013222,330,316,14,4,10,177,168,9,4,5,13,13,0,0,0,67,66,1,0,1,97,89,8,4,4,153,148,5,0,5
S01013223,667,637,30,13,17,175,170,5,2,3,43,40,3,2,1,67,65,2,0,2,65,65,0,0,0,492,467,25,11,14
S01013224,378,370,8,3,5,208,204,4,3,1,36,35,1,1,0,67,64,3,2,1,105,105,0,0,0,170,166,4,0,4
S01013225,320,315,5,5,0,225,220,5,5,0,52,52,0,0,0,114,113,1,1,0,59,55,4,4,0,95,95,0,0,0
S01013226,214,207,7,5,2,151,145,6,5,1,48,46,2,1,1,70,69,1,1,0,33,30,3,3,0,63,62,1,0,1
S01013227,384,366,18,1,17,195,190,5,1,4,29,29,0,0,0,91,88,3,1,2,75,73,2,0,2,189,176,13,0,13
S01013228,441,416,25,14,11,67,67,0,0,0,7,7,0,0,0,21,21,0,0,0,39,39,0,0,0,374,349,25,14,11
S01013229,373,370,3,0,3,249,246,3,0,3,7,7,0,0,0,65,65,0,0,0,177,174,3,0,3,124,124,0,0,0
S01013230,333,327,6,1,5,247,245,2,0,2,15,15,0,0,0,76,76,0,0,0,156,154,2,0,2,86,82,4,1,3
S01013231,380,374,6,0,6,208,206,2,0,2,7,7,0,0,0,79,78,1,0,1,122,121,1,0,1,172,168,4,0,4
S01013232,335,331,4,1,3,194,190,4,1,3,6,6,0,0,0,155,154,1,0,1,33,30,3,1,2,141,141,0,0,0
S01013233,271,262,9,0,9,186,182,4,0,4,14,13,1,0,1,119,116,3,0,3,53,53,0,0,0,85,80,5,0,5
S01013234,146,137,9,8,1,139,131,8,7,1,117,112,5,4,1,21,18,3,3,0,1,1,0,0,0,7,6,1,1,0
S01013235,399,386,13,2,11,263,259,4,2,2,40,40,0,0,0,54,52,2,1,1,169,167,2,1,1,136,127,9,0,9
S01013236,390,381,9,6,3,309,301,8,6,2,97,93,4,3,1,196,193,3,2,1,16,15,1,1,0,81,80,1,0,1
S01013237,380,360,20,1,19,244,243,1,1,0,72,71,1,1,0,72,72,0,0,0,100,100,0,0,0,136,117,19,0,19
S01013238,396,389,7,0,7,266,263,3,0,3,15,15,0,0,0,139,136,3,0,3,112,112,0,0,0,130,126,4,0,4
S01013239,436,425,11,7,4,341,331,10,7,3,15,15,0,0,0,223,213,10,7,3,103,103,0,0,0,95,94,1,0,1
S01013240,261,256,5,0,5,160,157,3,0,3,4,4,0,0,0,86,85,1,0,1,70,68,2,0,2,101,99,2,0,2
S01013241,344,336,8,5,3,333,328,5,2,3,98,96,2,1,1,202,199,3,1,2,33,33,0,0,0,11,8,3,3,0
S01013242,259,229,30,20,10,239,209,30,20,10,185,159,26,18,8,36,32,4,2,2,18,18,0,0,0,20,20,0,0,0
S01013243,332,325,7,0,7,245,239,6,0,6,69,64,5,0,5,47,47,0,0,0,129,128,1,0,1,87,86,1,0,1
S01013244,363,351,12,0,12,279,272,7,0,7,42,41,1,0,1,170,166,4,0,4,67,65,2,0,2,84,79,5,0,5
S01013245,418,407,11,0,11,359,350,9,0,9,160,155,5,0,5,77,76,1,0,1,122,119,3,0,3,59,57,2,0,2
S01013246,195,184,11,0,11,182,174,8,0,8,47,44,3,0,3,80,78,2,0,2,55,52,3,0,3,13,10,3,0,3
S01013247,354,338,16,0,16,154,150,4,0,4,31,30,1,0,1,76,74,2,0,2,47,46,1,0,1,200,188,12,0,12
S01013248,305,300,5,0,5,193,190,3,0,3,13,13,0,0,0,82,81,1,0,1,98,96,2,0,2,112,110,2,0,2
S01013249,204,201,3,0,3,195,192,3,0,3,45,43,2,0,2,76,76,0,0,0,74,73,1,0,1,9,9,0,0,0
S01013250,352,339,13,3,10,299,289,10,3,7,176,169,7,0,7,66,64,2,2,0,57,56,1,1,0,53,50,3,0,3
S01013251,327,319,8,1,7,153,149,4,1,3,31,30,1,0,1,41,41,0,0,0,81,78,3,1,2,174,170,4,0,4
S01013252,300,288,12,3,9,233,224,9,3,6,48,48,0,0,0,103,100,3,0,3,82,76,6,3,3,67,64,3,0,3
S01013253,322,316,6,0,6,273,267,6,0,6,61,60,1,0,1,109,106,3,0,3,103,101,2,0,2,49,49,0,0,0
S01013254,299,297,2,0,2,190,190,0,0,0,15,15,0,0,0,96,96,0,0,0,79,79,0,0,0,109,107,2,0,2
S01013255,358,345,13,3,10,315,302,13,3,10,99,93,6,1,5,142,140,2,0,2,74,69,5,2,3,43,43,0,0,0
S01013256,329,322,7,1,6,182,181,1,0,1,120,120,0,0,0,16,16,0,0,0,46,45,1,0,1,147,141,6,1,5
S01013257,442,419,23,1,22,218,211,7,1,6,73,71,2,0,2,47,44,3,0,3,98,96,2,1,1,224,208,16,0,16
S01013258,314,312,2,0,2,288,286,2,0,2,111,110,1,0,1,133,132,1,0,1,44,44,0,0,0,26,26,0,0,0
S01013259,365,361,4,0,4,236,233,3,0,3,37,37,0,0,0,51,51,0,0,0,148,145,3,0,3,129,128,1,0,1
S01013260,388,382,6,0,6,274,271,3,0,3,26,26,0,0,0,149,148,1,0,1,99,97,2,0,2,114,111,3,0,3
S01013261,358,345,13,0,13,330,317,13,0,13,18,18,0,0,0,88,84,4,0,4,224,215,9,0,9,28,28,0,0,0
S01013262,279,276,3,0,3,262,259,3,0,3,18,18,0,0,0,58,57,1,0,1,186,184,2,0,2,17,17,0,0,0
S01013263,197,195,2,1,1,179,177,2,1,1,136,135,1,1,0,27,26,1,0,1,16,16,0,0,0,18,18,0,0,0
S01013264,164,163,1,0,1,164,163,1,0,1,160,159,1,0,1,3,3,0,0,0,1,1,0,0,0,0,0,0,0,0
S01013265,202,201,1,0,1,202,201,1,0,1,196,195,1,0,1,5,5,0,0,0,1,1,0,0,0,0,0,0,0,0
S01013266,189,189,0,0,0,187,187,0,0,0,166,166,0,0,0,20,20,0,0,0,1,1,0,0,0,2,2,0,0,0
S01013267,238,237,1,0,1,227,226,1,0,1,12,12,0,0,0,122,121,1,0,1,93,93,0,0,0,11,11,0,0,0
S01013268,331,328,3,0,3,324,321,3,0,3,14,14,0,0,0,37,37,0,0,0,273,270,3,0,3,7,7,0,0,0
S01013269,384,379,5,1,4,312,310,2,0,2,189,188,1,0,1,99,98,1,0,1,24,24,0,0,0,72,69,3,1,2
S01013270,286,285,1,0,1,286,285,1,0,1,252,251,1,0,1,30,30,0,0,0,4,4,0,0,0,0,0,0,0,0
S01013271,243,242,1,0,1,242,241,1,0,1,236,235,1,0,1,5,5,0,0,0,1,1,0,0,0,1,1,0,0,0
S01013272,254,253,1,0,1,250,249,1,0,1,223,222,1,0,1,19,19,0,0,0,8,8,0,0,0,4,4,0,0,0
S01013273,293,291,2,0,2,293,291,2,0,2,246,244,2,0,2,43,43,0,0,0,4,4,0,0,0,0,0,0,0,0
S01013274,354,348,6,0,6,329,323,6,0,6,176,174,2,0,2,101,100,1,0,1,52,49,3,0,3,25,25,0,0,0
S01013275,259,253,6,1,5,253,247,6,1,5,141,137,4,1,3,34,34,0,0,0,78,76,2,0,2,6,6,0,0,0
S01013276,235,233,2,0,2,224,222,2,0,2,102,102,0,0,0,94,92,2,0,2,28,28,0,0,0,11,11,0,0,0
S01013277,372,363,9,1,8,364,355,9,1,8,18,18,0,0,0,57,56,1,0,1,289,281,8,1,7,8,8,0,0,0
S01013278,330,322,8,0,8,298,295,3,0,3,10,10,0,0,0,57,57,0,0,0,231,228,3,0,3,32,27,5,0,5
S01013279,300,299,1,0,1,227,226,1,0,1,12,12,0,0,0,43,43,0,0,0,172,171,1,0,1,73,73,0,0,0
S01013280,231,227,4,0,4,227,223,4,0,4,16,16,0,0,0,32,32,0,0,0,179,175,4,0,4,4,4,0,0,0
S01013281,392,384,8,0,8,346,343,3,0,3,13,13,0,0,0,40,40,0,0,0,293,290,3,0,3,46,41,5,0,5
S01013282,348,346,2,0,2,267,265,2,0,2,12,12,0,0,0,45,45,0,0,0,210,208,2,0,2,81,81,0,0,0
S01013283,346,310,36,1,35,117,115,2,0,2,15,14,1,0,1,19,19,0,0,0,83,82,1,0,1,229,195,34,1,33
S01013284,305,301,4,0,4,249,247,2,0,2,47,47,0,0,0,92,91,1,0,1,110,109,1,0,1,56,54,2,0,2
S01013285,272,269,3,0,3,222,220,2,0,2,38,38,0,0,0,139,138,1,0,1,45,44,1,0,1,50,49,1,0,1
S01013286,287,284,3,0,3,277,274,3,0,3,58,58,0,0,0,102,101,1,0,1,117,115,2,0,2,10,10,0,0,0
S01013287,285,282,3,1,2,281,278,3,1,2,196,194,2,1,1,66,65,1,0,1,19,19,0,0,0,4,4,0,0,0
S01013288,327,315,12,0,12,231,224,7,0,7,75,75,0,0,0,67,64,3,0,3,89,85,4,0,4,96,91,5,0,5
S01013289,313,303,10,2,8,306,296,10,2,8,235,230,5,0,5,63,58,5,2,3,8,8,0,0,0,7,7,0,0,0
S01013290,361,361,0,0,0,324,324,0,0,0,66,66,0,0,0,143,143,0,0,0,115,115,0,0,0,37,37,0,0,0
S01013291,258,257,1,0,1,255,254,1,0,1,31,31,0,0,0,64,64,0,0,0,160,159,1,0,1,3,3,0,0,0
S01013292,286,284,2,0,2,263,262,1,0,1,83,82,1,0,1,95,95,0,0,0,85,85,0,0,0,23,22,1,0,1
S01013293,275,273,2,0,2,258,257,1,0,1,135,134,1,0,1,113,113,0,0,0,10,10,0,0,0,17,16,1,0,1
S01013294,310,306,4,1,3,259,256,3,0,3,75,75,0,0,0,130,129,1,0,1,54,52,2,0,2,51,50,1,1,0
S01013295,325,324,1,0,1,280,279,1,0,1,50,50,0,0,0,131,130,1,0,1,99,99,0,0,0,45,45,0,0,0
S01013296,313,310,3,0,3,279,276,3,0,3,36,36,0,0,0,142,141,1,0,1,101,99,2,0,2,34,34,0,0,0
S01013297,314,308,6,0,6,265,260,5,0,5,19,19,0,0,0,56,54,2,0,2,190,187,3,0,3,49,48,1,0,1
S01013298,315,310,5,1,4,282,278,4,1,3,77,74,3,1,2,89,89,0,0,0,116,115,1,0,1,33,32,1,0,1
S01013299,429,424,5,0,5,398,393,5,0,5,95,94,1,0,1,128,125,3,0,3,175,174,1,0,1,31,31,0,0,0
S01013300,268,264,4,0,4,243,240,3,0,3,79,79,0,0,0,66,63,3,0,3,98,98,0,0,0,25,24,1,0,1
S01013301,220,217,3,0,3,209,207,2,0,2,19,19,0,0,0,97,95,2,0,2,93,93,0,0,0,11,10,1,0,1
S01013302,275,270,5,0,5,261,256,5,0,5,120,119,1,0,1,63,61,2,0,2,78,76,2,0,2,14,14,0,0,0
S01013303,389,384,5,0,5,342,337,5,0,5,86,86,0,0,0,87,85,2,0,2,169,166,3,0,3,47,47,0,0,0
S01013304,423,422,1,0,1,291,290,1,0,1,24,24,0,0,0,54,54,0,0,0,213,212,1,0,1,132,132,0,0,0
S01013305,448,444,4,0,4,313,311,2,0,2,45,45,0,0,0,25,25,0,0,0,243,241,2,0,2,135,133,2,0,2
S01013306,506,501,5,1,4,193,192,1,0,1,12,12,0,0,0,23,23,0,0,0,158,157,1,0,1,313,309,4,1,3
S01013307,439,436,3,0,3,339,337,2,0,2,22,22,0,0,0,81,81,0,0,0,236,234,2,0,2,100,99,1,0,1
S01013308,376,374,2,0,2,277,275,2,0,2,18,18,0,0,0,69,69,0,0,0,190,188,2,0,2,99,99,0,0,0
S01013309,237,236,1,0,1,178,178,0,0,0,106,106,0,0,0,26,26,0,0,0,46,46,0,0,0,59,58,1,0,1
S01013310,246,241,5,0,5,243,238,5,0,5,13,13,0,0,0,15,14,1,0,1,215,211,4,0,4,3,3,0,0,0
S01013311,314,313,1,0,1,308,307,1,0,1,10,10,0,0,0,50,50,0,0,0,248,247,1,0,1,6,6,0,0,0
S01013312,494,486,8,0,8,317,312,5,0,5,28,28,0,0,0,88,85,3,0,3,201,199,2,0,2,177,174,3,0,3
S01013313,277,276,1,0,1,217,216,1,0,1,8,8,0,0,0,27,27,0,0,0,182,181,1,0,1,60,60,0,0,0
S01013314,310,304,6,1,5,263,259,4,0,4,10,9,1,0,1,55,55,0,0,0,198,195,3,0,3,47,45,2,1,1
S01013315,174,174,0,0,0,173,173,0,0,0,157,157,0,0,0,11,11,0,0,0,5,5,0,0,0,1,1,0,0,0
S01013316,279,273,6,0,6,271,265,6,0,6,178,174,4,0,4,47,45,2,0,2,46,46,0,0,0,8,8,0,0,0
S01013317,257,257,0,0,0,207,207,0,0,0,165,165,0,0,0,35,35,0,0,0,7,7,0,0,0,50,50,0,0,0
S01013318,251,245,6,0,6,224,220,4,0,4,108,106,2,0,2,96,94,2,0,2,20,20,0,0,0,27,25,2,0,2
S01013319,213,209,4,1,3,195,191,4,1,3,120,119,1,1,0,41,39,2,0,2,34,33,1,0,1,18,18,0,0,0
S01013320,363,357,6,0,6,328,323,5,0,5,192,189,3,0,3,73,71,2,0,2,63,63,0,0,0,35,34,1,0,1
S01013321,227,223,4,0,4,156,152,4,0,4,9,9,0,0,0,45,45,0,0,0,102,98,4,0,4,71,71,0,0,0
S01013322,269,267,2,0,2,257,255,2,0,2,58,58,0,0,0,31,31,0,0,0,168,166,2,0,2,12,12,0,0,0
S01013323,423,416,7,0,7,326,324,2,0,2,12,12,0,0,0,57,57,0,0,0,257,255,2,0,2,97,92,5,0,5
S01013324,279,275,4,0,4,224,222,2,0,2,8,8,0,0,0,21,21,0,0,0,195,193,2,0,2,55,53,2,0,2
S01013325,356,353,3,0,3,332,329,3,0,3,61,59,2,0,2,68,68,0,0,0,203,202,1,0,1,24,24,0,0,0
S01013326,221,218,3,0,3,183,181,2,0,2,5,5,0,0,0,13,13,0,0,0,165,163,2,0,2,38,37,1,0,1
S01013327,273,269,4,0,4,254,251,3,0,3,13,13,0,0,0,30,30,0,0,0,211,208,3,0,3,19,18,1,0,1
S01013328,241,236,5,0,5,231,226,5,0,5,12,12,0,0,0,22,22,0,0,0,197,192,5,0,5,10,10,0,0,0
S01013329,235,228,7,0,7,228,221,7,0,7,14,14,0,0,0,20,20,0,0,0,194,187,7,0,7,7,7,0,0,0
S01013330,453,430,23,1,22,239,235,4,0,4,149,146,3,0,3,60,59,1,0,1,30,30,0,0,0,214,195,19,1,18
S01013331,254,248,6,1,5,175,174,1,0,1,69,69,0,0,0,70,69,1,0,1,36,36,0,0,0,79,74,5,1,4
S01013332,290,285,5,0,5,285,280,5,0,5,15,15,0,0,0,35,34,1,0,1,235,231,4,0,4,5,5,0,0,0
S01013333,332,327,5,0,5,327,322,5,0,5,69,68,1,0,1,152,148,4,0,4,106,106,0,0,0,5,5,0,0,0
S01013334,303,294,9,0,9,250,242,8,0,8,10,10,0,0,0,23,23,0,0,0,217,209,8,0,8,53,52,1,0,1
S01013335,304,294,10,0,10,297,287,10,0,10,18,18,0,0,0,55,55,0,0,0,224,214,10,0,10,7,7,0,0,0
S01013336,342,339,3,0,3,305,303,2,0,2,10,10,0,0,0,122,121,1,0,1,173,172,1,0,1,37,36,1,0,1
S01013337,367,365,2,0,2,365,363,2,0,2,112,112,0,0,0,54,53,1,0,1,199,198,1,0,1,2,2,0,0,0
S01013338,166,165,1,0,1,164,163,1,0,1,139,138,1,0,1,17,17,0,0,0,8,8,0,0,0,2,2,0,0,0
S01013339,238,233,5,2,3,226,221,5,2,3,104,102,2,1,1,79,77,2,1,1,43,42,1,0,1,12,12,0,0,0
S01013340,338,335,3,0,3,333,330,3,0,3,276,273,3,0,3,41,41,0,0,0,16,16,0,0,0,5,5,0,0,0
S01013341,393,388,5,2,3,252,249,3,1,2,223,220,3,1,2,12,12,0,0,0,17,17,0,0,0,141,139,2,1,1
S01013342,293,286,7,0,7,222,215,7,0,7,14,12,2,0,2,35,35,0,0,0,173,168,5,0,5,71,71,0,0,0
S01013343,279,276,3,0,3,275,272,3,0,3,3,3,0,0,0,49,49,0,0,0,223,220,3,0,3,4,4,0,0,0
S01013344,366,356,10,0,10,291,285,6,0,6,21,21,0,0,0,95,95,0,0,0,175,169,6,0,6,75,71,4,0,4
S01013345,303,298,5,0,5,296,291,5,0,5,7,7,0,0,0,43,43,0,0,0,246,241,5,0,5,7,7,0,0,0
S01013346,284,282,2,0,2,264,262,2,0,2,156,156,0,0,0,79,77,2,0,2,29,29,0,0,0,20,20,0,0,0
S01013347,338,332,6,0,6,285,279,6,0,6,94,92,2,0,2,172,168,4,0,4,19,19,0,0,0,53,53,0,0,0
S01013348,170,169,1,0,1,170,169,1,0,1,116,116,0,0,0,24,24,0,0,0,30,29,1,0,1,0,0,0,0,0
S01013349,385,359,26,3,23,151,145,6,0,6,62,62,0,0,0,23,23,0,0,0,66,60,6,0,6,234,214,20,3,17
S01013350,292,285,7,0,7,213,209,4,0,4,11,11,0,0,0,42,42,0,0,0,160,156,4,0,4,79,76,3,0,3
S01013351,320,320,0,0,0,304,304,0,0,0,14,14,0,0,0,25,25,0,0,0,265,265,0,0,0,16,16,0,0,0
S01013352,357,355,2,0,2,349,347,2,0,2,8,8,0,0,0,37,37,0,0,0,304,302,2,0,2,8,8,0,0,0
S01013353,289,283,6,0,6,276,271,5,0,5,12,12,0,0,0,38,38,0,0,0,226,221,5,0,5,13,12,1,0,1
S01013354,322,318,4,0,4,301,297,4,0,4,150,148,2,0,2,89,88,1,0,1,62,61,1,0,1,21,21,0,0,0
S01013355,279,274,5,0,5,246,242,4,0,4,63,63,0,0,0,60,60,0,0,0,123,119,4,0,4,33,32,1,0,1
S01013356,325,323,2,1,1,266,264,2,1,1,45,45,0,0,0,73,73,0,0,0,148,146,2,1,1,59,59,0,0,0
S01013357,352,346,6,1,5,296,292,4,0,4,216,214,2,0,2,52,52,0,0,0,28,26,2,0,2,56,54,2,1,1
S01013358,394,382,12,5,7,287,279,8,4,4,104,102,2,0,2,88,86,2,0,2,95,91,4,4,0,107,103,4,1,3
S01013359,311,298,13,2,11,127,125,2,2,0,41,40,1,1,0,60,60,0,0,0,26,25,1,1,0,184,173,11,0,11
S01013360,309,299,10,10,0,267,257,10,10,0,27,27,0,0,0,156,156,0,0,0,84,74,10,10,0,42,42,0,0,0
S01013361,280,280,0,0,0,220,220,0,0,0,10,10,0,0,0,54,54,0,0,0,156,156,0,0,0,60,60,0,0,0
S01013362,224,220,4,1,3,179,177,2,1,1,7,7,0,0,0,61,61,0,0,0,111,109,2,1,1,45,43,2,0,2
S01013363,402,390,12,0,12,199,197,2,0,2,11,11,0,0,0,73,72,1,0,1,115,114,1,0,1,203,193,10,0,10
S01013364,376,366,10,0,10,361,351,10,0,10,164,160,4,0,4,109,105,4,0,4,88,86,2,0,2,15,15,0,0,0
S01013365,384,367,17,0,17,321,308,13,0,13,166,165,1,0,1,135,126,9,0,9,20,17,3,0,3,63,59,4,0,4
S01013366,353,348,5,2,3,342,337,5,2,3,75,75,0,0,0,204,203,1,0,1,63,59,4,2,2,11,11,0,0,0
S01013367,226,221,5,3,2,213,208,5,3,2,116,114,2,1,1,59,59,0,0,0,38,35,3,2,1,13,13,0,0,0
S01013368,291,284,7,3,4,262,256,6,3,3,64,62,2,1,1,129,129,0,0,0,69,65,4,2,2,29,28,1,0,1
S01013369,433,420,13,0,13,172,167,5,0,5,8,8,0,0,0,138,134,4,0,4,26,25,1,0,1,261,253,8,0,8
S01013370,306,298,8,0,8,175,175,0,0,0,11,11,0,0,0,108,108,0,0,0,56,56,0,0,0,131,123,8,0,8
S01013371,336,327,9,0,9,265,258,7,0,7,39,39,0,0,0,187,182,5,0,5,39,37,2,0,2,71,69,2,0,2
S01013372,502,489,13,0,13,312,309,3,0,3,17,16,1,0,1,145,144,1,0,1,150,149,1,0,1,190,180,10,0,10
S01013373,464,451,13,4,9,316,306,10,4,6,33,33,0,0,0,132,129,3,0,3,151,144,7,4,3,148,145,3,0,3
S01013374,464,453,11,0,11,124,124,0,0,0,18,18,0,0,0,60,60,0,0,0,46,46,0,0,0,340,329,11,0,11
S01013375,268,262,6,0,6,200,195,5,0,5,14,13,1,0,1,147,143,4,0,4,39,39,0,0,0,68,67,1,0,1
S01013376,278,272,6,0,6,207,206,1,0,1,2,2,0,0,0,126,126,0,0,0,79,78,1,0,1,71,66,5,0,5
S01013377,385,377,8,0,8,279,274,5,0,5,34,33,1,0,1,146,143,3,0,3,99,98,1,0,1,106,103,3,0,3
S01013378,430,426,4,1,3,264,262,2,1,1,87,86,1,1,0,135,135,0,0,0,42,41,1,0,1,166,164,2,0,2
S01013379,351,345,6,1,5,321,316,5,1,4,73,73,0,0,0,49,48,1,0,1,199,195,4,1,3,30,29,1,0,1
S01013380,38,36,2,0,2,37,35,2,0,2,21,21,0,0,0,14,14,0,0,0,2,0,2,0,2,1,1,0,0,0
S01013381,213,211,2,0,2,210,208,2,0,2,18,18,0,0,0,66,66,0,0,0,126,124,2,0,2,3,3,0,0,0
S01013382,228,225,3,0,3,223,220,3,0,3,91,89,2,0,2,76,76,0,0,0,56,55,1,0,1,5,5,0,0,0
S01013383,358,353,5,0,5,226,222,4,0,4,24,24,0,0,0,97,97,0,0,0,105,101,4,0,4,132,131,1,0,1
S01013384,342,337,5,0,5,256,251,5,0,5,34,34,0,0,0,130,127,3,0,3,92,90,2,0,2,86,86,0,0,0
S01013385,220,217,3,0,3,198,197,1,0,1,60,60,0,0,0,74,73,1,0,1,64,64,0,0,0,22,20,2,0,2
S01013386,338,335,3,1,2,317,314,3,1,2,141,140,1,0,1,156,156,0,0,0,20,18,2,1,1,21,21,0,0,0
S01013387,266,265,1,0,1,260,259,1,0,1,12,12,0,0,0,158,158,0,0,0,90,89,1,0,1,6,6,0,0,0
S01013388,384,382,2,1,1,308,306,2,1,1,57,57,0,0,0,127,126,1,0,1,124,123,1,1,0,76,76,0,0,0
S01013389,352,347,5,0,5,237,234,3,0,3,14,14,0,0,0,12,12,0,0,0,211,208,3,0,3,115,113,2,0,2
S01013390,211,210,1,0,1,173,173,0,0,0,7,7,0,0,0,56,56,0,0,0,110,110,0,0,0,38,37,1,0,1
S01013391,178,173,5,5,0,166,163,3,3,0,41,40,1,1,0,62,62,0,0,0,63,61,2,2,0,12,10,2,2,0
S01013392,276,270,6,1,5,268,263,5,1,4,201,197,4,1,3,60,59,1,0,1,7,7,0,0,0,8,7,1,0,1
S01013393,331,324,7,0,7,233,228,5,0,5,56,54,2,0,2,136,133,3,0,3,41,41,0,0,0,98,96,2,0,2
S01013394,293,288,5,0,5,175,173,2,0,2,43,43,0,0,0,78,77,1,0,1,54,53,1,0,1,118,115,3,0,3
S01013395,367,352,15,1,14,58,54,4,1,3,13,11,2,1,1,18,17,1,0,1,27,26,1,0,1,309,298,11,0,11
S01013396,264,255,9,0,9,253,244,9,0,9,147,144,3,0,3,46,46,0,0,0,60,54,6,0,6,11,11,0,0,0
S01013397,384,376,8,0,8,325,320,5,0,5,51,50,1,0,1,156,154,2,0,2,118,116,2,0,2,59,56,3,0,3
S01013398,188,183,5,3,2,187,182,5,3,2,171,166,5,3,2,7,7,0,0,0,9,9,0,0,0,1,1,0,0,0
S01013399,403,399,4,1,3,389,386,3,0,3,205,202,3,0,3,107,107,0,0,0,77,77,0,0,0,14,13,1,1,0
S01013400,348,314,34,1,33,189,182,7,0,7,33,30,3,0,3,83,81,2,0,2,73,71,2,0,2,159,132,27,1,26
S01013401,360,324,36,0,36,250,240,10,0,10,164,159,5,0,5,29,29,0,0,0,57,52,5,0,5,110,84,26,0,26
S01013402,435,429,6,3,3,277,274,3,0,3,134,131,3,0,3,27,27,0,0,0,116,116,0,0,0,158,155,3,3,0
S01013403,334,332,2,0,2,227,226,1,0,1,118,117,1,0,1,23,23,0,0,0,86,86,0,0,0,107,106,1,0,1
S01013404,216,211,5,0,5,184,181,3,0,3,100,97,3,0,3,44,44,0,0,0,40,40,0,0,0,32,30,2,0,2
S01013405,334,329,5,1,4,300,295,5,1,4,71,70,1,0,1,140,136,4,1,3,89,89,0,0,0,34,34,0,0,0
S01013406,279,270,9,0,9,244,240,4,0,4,14,14,0,0,0,67,67,0,0,0,163,159,4,0,4,35,30,5,0,5
S01013407,265,259,6,0,6,226,224,2,0,2,8,8,0,0,0,55,54,1,0,1,163,162,1,0,1,39,35,4,0,4
S01013408,308,302,6,0,6,224,221,3,0,3,16,16,0,0,0,116,114,2,0,2,92,91,1,0,1,84,81,3,0,3
S01013409,434,428,6,1,5,411,405,6,1,5,129,128,1,0,1,124,124,0,0,0,158,153,5,1,4,23,23,0,0,0
S01013410,297,290,7,0,7,155,151,4,0,4,9,9,0,0,0,96,95,1,0,1,50,47,3,0,3,142,139,3,0,3
S01013411,341,333,8,0,8,204,201,3,0,3,105,104,1,0,1,49,48,1,0,1,50,49,1,0,1,137,132,5,0,5
S01013412,379,364,15,1,14,199,198,1,0,1,82,81,1,0,1,76,76,0,0,0,41,41,0,0,0,180,166,14,1,13
S01013413,348,336,12,1,11,245,242,3,0,3,124,121,3,0,3,97,97,0,0,0,24,24,0,0,0,103,94,9,1,8
S01013414,496,484,12,0,12,143,140,3,0,3,48,48,0,0,0,39,39,0,0,0,56,53,3,0,3,353,344,9,0,9
S01013415,396,385,11,1,10,96,95,1,1,0,20,19,1,1,0,33,33,0,0,0,43,43,0,0,0,300,290,10,0,10
S01013416,276,276,0,0,0,175,175,0,0,0,17,17,0,0,0,103,103,0,0,0,55,55,0,0,0,101,101,0,0,0
S01013417,458,442,16,0,16,195,188,7,0,7,40,40,0,0,0,68,67,1,0,1,87,81,6,0,6,263,254,9,0,9
S01013418,262,256,6,1,5,224,218,6,1,5,52,52,0,0,0,101,98,3,1,2,71,68,3,0,3,38,38,0,0,0
S01013419,189,187,2,0,2,177,175,2,0,2,72,71,1,0,1,82,82,0,0,0,23,22,1,0,1,12,12,0,0,0
S01013420,272,265,7,0,7,222,215,7,0,7,22,22,0,0,0,89,87,2,0,2,111,106,5,0,5,50,50,0,0,0
S01013421,281,278,3,0,3,271,268,3,0,3,179,177,2,0,2,65,64,1,0,1,27,27,0,0,0,10,10,0,0,0
S01013422,309,303,6,0,6,304,298,6,0,6,22,22,0,0,0,195,189,6,0,6,87,87,0,0,0,5,5,0,0,0
S01013423,337,332,5,1,4,319,315,4,1,3,102,101,1,0,1,158,156,2,0,2,59,58,1,1,0,18,17,1,0,1
S01013424,192,188,4,1,3,182,178,4,1,3,127,125,2,0,2,39,37,2,1,1,16,16,0,0,0,10,10,0,0,0
S01013425,199,199,0,0,0,143,143,0,0,0,59,59,0,0,0,54,54,0,0,0,30,30,0,0,0,56,56,0,0,0
S01013426,371,368,3,1,2,337,334,3,1,2,19,19,0,0,0,148,147,1,0,1,170,168,2,1,1,34,34,0,0,0
S01013427,173,171,2,0,2,135,134,1,0,1,109,108,1,0,1,19,19,0,0,0,7,7,0,0,0,38,37,1,0,1
S01013428,383,379,4,0,4,294,290,4,0,4,46,45,1,0,1,190,187,3,0,3,58,58,0,0,0,89,89,0,0,0
S01013429,309,300,9,0,9,266,257,9,0,9,75,72,3,0,3,108,102,6,0,6,83,83,0,0,0,43,43,0,0,0
S01013430,279,277,2,0,2,269,267,2,0,2,79,79,0,0,0,127,126,1,0,1,63,62,1,0,1,10,10,0,0,0
S01013431,310,304,6,0,6,261,258,3,0,3,81,81,0,0,0,81,79,2,0,2,99,98,1,0,1,49,46,3,0,3
S01013432,303,293,10,4,6,281,274,7,4,3,101,98,3,2,1,72,71,1,1,0,108,105,3,1,2,22,19,3,0,3
S01013433,322,309,13,2,11,299,286,13,2,11,149,144,5,1,4,52,52,0,0,0,98,90,8,1,7,23,23,0,0,0
S01013434,215,207,8,4,4,199,193,6,4,2,133,131,2,1,1,36,33,3,3,0,30,29,1,0,1,16,14,2,0,2
S01013435,223,221,2,1,1,204,202,2,1,1,166,166,0,0,0,35,34,1,1,0,3,2,1,0,1,19,19,0,0,0
S01013436,343,339,4,2,2,330,326,4,2,2,53,53,0,0,0,124,122,2,2,0,153,151,2,0,2,13,13,0,0,0
S01013437,314,308,6,1,5,160,159,1,0,1,51,51,0,0,0,26,26,0,0,0,83,82,1,0,1,154,149,5,1,4
S01013438,291,285,6,1,5,143,139,4,0,4,46,45,1,0,1,25,25,0,0,0,72,69,3,0,3,148,146,2,1,1
S01013439,353,351,2,1,1,348,346,2,1,1,223,223,0,0,0,100,99,1,1,0,25,24,1,0,1,5,5,0,0,0
S01013440,382,378,4,1,3,379,375,4,1,3,320,317,3,1,2,38,37,1,0,1,21,21,0,0,0,3,3,0,0,0
S01013441,323,317,6,4,2,244,242,2,1,1,136,135,1,0,1,78,78,0,0,0,30,29,1,1,0,79,75,4,3,1
S01013442,336,328,8,4,4,215,208,7,4,3,48,47,1,0,1,129,129,0,0,0,38,32,6,4,2,121,120,1,0,1
S01013443,303,295,8,2,6,168,164,4,1,3,67,67,0,0,0,70,67,3,0,3,31,30,1,1,0,135,131,4,1,3
S01013444,548,520,28,8,20,103,98,5,1,4,51,48,3,1,2,18,16,2,0,2,34,34,0,0,0,445,422,23,7,16
S01013445,254,252,2,0,2,186,184,2,0,2,127,125,2,0,2,57,57,0,0,0,2,2,0,0,0,68,68,0,0,0
S01013446,309,309,0,0,0,274,274,0,0,0,69,69,0,0,0,73,73,0,0,0,132,132,0,0,0,35,35,0,0,0
S01013447,198,198,0,0,0,173,173,0,0,0,143,143,0,0,0,24,24,0,0,0,6,6,0,0,0,25,25,0,0,0
S01013448,394,390,4,0,4,248,246,2,0,2,139,139,0,0,0,81,79,2,0,2,28,28,0,0,0,146,144,2,0,2
S01013449,274,273,1,0,1,253,252,1,0,1,82,82,0,0,0,158,157,1,0,1,13,13,0,0,0,21,21,0,0,0
S01013450,249,249,0,0,0,229,229,0,0,0,63,63,0,0,0,103,103,0,0,0,63,63,0,0,0,20,20,0,0,0
S01013451,297,296,1,1,0,292,291,1,1,0,162,162,0,0,0,112,111,1,1,0,18,18,0,0,0,5,5,0,0,0
S01013452,305,300,5,0,5,277,273,4,0,4,139,136,3,0,3,93,93,0,0,0,45,44,1,0,1,28,27,1,0,1
S01013453,352,344,8,0,8,184,181,3,0,3,24,23,1,0,1,93,93,0,0,0,67,65,2,0,2,168,163,5,0,5
S01013454,328,317,11,0,11,274,266,8,0,8,98,93,5,0,5,61,59,2,0,2,115,114,1,0,1,54,51,3,0,3
S01013455,275,262,13,3,10,204,195,9,3,6,85,80,5,3,2,71,67,4,0,4,48,48,0,0,0,71,67,4,0,4
S01013456,386,372,14,1,13,310,299,11,1,10,33,33,0,0,0,82,82,0,0,0,195,184,11,1,10,76,73,3,0,3
S01013457,390,384,6,1,5,238,234,4,1,3,11,11,0,0,0,105,103,2,0,2,122,120,2,1,1,152,150,2,0,2
S01013458,342,333,9,1,8,215,211,4,0,4,53,51,2,0,2,113,112,1,0,1,49,48,1,0,1,127,122,5,1,4
S01013459,427,421,6,0,6,143,141,2,0,2,33,33,0,0,0,48,46,2,0,2,62,62,0,0,0,284,280,4,0,4
S01013460,350,346,4,0,4,283,280,3,0,3,12,12,0,0,0,195,193,2,0,2,76,75,1,0,1,67,66,1,0,1
S01013461,446,443,3,0,3,389,386,3,0,3,105,104,1,0,1,103,103,0,0,0,181,179,2,0,2,57,57,0,0,0
S01013462,360,354,6,0,6,314,308,6,0,6,110,108,2,0,2,72,72,0,0,0,132,128,4,0,4,46,46,0,0,0
S01013463,218,216,2,0,2,194,192,2,0,2,20,20,0,0,0,96,95,1,0,1,78,77,1,0,1,24,24,0,0,0
S01013464,329,323,6,0,6,300,295,5,0,5,86,85,1,0,1,77,76,1,0,1,137,134,3,0,3,29,28,1,0,1
S01013465,340,337,3,1,2,282,280,2,0,2,57,57,0,0,0,119,118,1,0,1,106,105,1,0,1,58,57,1,1,0
S01013466,120,116,4,1,3,113,109,4,1,3,71,68,3,1,2,34,33,1,0,1,8,8,0,0,0,7,7,0,0,0
S01013467,366,364,2,0,2,362,360,2,0,2,199,198,1,0,1,109,108,1,0,1,54,54,0,0,0,4,4,0,0,0
S01013468,314,312,2,0,2,133,132,1,0,1,34,33,1,0,1,62,62,0,0,0,37,37,0,0,0,181,180,1,0,1
S01013469,330,329,1,0,1,305,304,1,0,1,70,70,0,0,0,105,105,0,0,0,130,129,1,0,1,25,25,0,0,0
S01013470,338,321,17,0,17,146,141,5,0,5,19,19,0,0,0,96,91,5,0,5,31,31,0,0,0,192,180,12,0,12
S01013471,385,383,2,0,2,340,338,2,0,2,41,40,1,0,1,72,71,1,0,1,227,227,0,0,0,45,45,0,0,0
S01013472,213,208,5,0,5,204,199,5,0,5,163,159,4,0,4,21,21,0,0,0,20,19,1,0,1,9,9,0,0,0
S01013473,213,213,0,0,0,208,208,0,0,0,169,169,0,0,0,7,7,0,0,0,32,32,0,0,0,5,5,0,0,0
S01013474,244,238,6,0,6,222,216,6,0,6,94,89,5,0,5,98,97,1,0,1,30,30,0,0,0,22,22,0,0,0
S01013475,248,246,2,0,2,231,229,2,0,2,77,77,0,0,0,117,117,0,0,0,37,35,2,0,2,17,17,0,0,0
S01013476,281,271,10,0,10,205,200,5,0,5,67,67,0,0,0,100,96,4,0,4,38,37,1,0,1,76,71,5,0,5
S01013477,316,303,13,1,12,148,140,8,1,7,24,23,1,0,1,47,44,3,1,2,77,73,4,0,4,168,163,5,0,5
S01013478,360,358,2,0,2,235,235,0,0,0,90,90,0,0,0,64,64,0,0,0,81,81,0,0,0,125,123,2,0,2
S01013479,435,428,7,0,7,188,186,2,0,2,57,56,1,0,1,49,49,0,0,0,82,81,1,0,1,247,242,5,0,5
S01013480,312,302,10,1,9,295,285,10,1,9,8,8,0,0,0,65,64,1,0,1,222,213,9,1,8,17,17,0,0,0
S01013481,195,189,6,0,6,167,163,4,0,4,77,75,2,0,2,36,36,0,0,0,54,52,2,0,2,28,26,2,0,2
