,,All households,Owned: Total,Owned: Owned outright,Owned: Owned with a mortgage or loan or shared ownership,Rented or living rent free: Total,Rented or living rent free: Social rented,Rented or living rent free: Private rented or living rent free
S92000003,All households,2372777,1470986,660643,810343,901791,576419,325372
S92000003,Whole house or bungalow: Total,1503449,1139731,529114,610617,363718,237537,126181
S92000003,Whole house or bungalow: Detached,520088,461409,238010,223399,58679,13006,45673
S92000003,Whole house or bungalow: Semi-detached,541374,390838,173488,217350,150536,105648,44888
S92000003,Whole house or bungalow: Terraced (including end-terrace),441987,287484,117616,169868,154503,118883,35620
S92000003,Flat maisonette or apartment or mobile/temporary accommodation,869328,331255,131529,199726,538073,338882,199191
S01006506,All households,424,297,129,168,127,42,85
S01006506,Whole house or bungalow: Total,191,156,89,67,35,10,25
S01006506,Whole house or bungalow: Detached,100,89,58,31,11,0,11
S01006506,Whole house or bungalow: Semi-detached,58,43,21,22,15,6,9
S01006506,Whole house or bungalow: Terraced (including end-terrace),33,24,10,14,9,4,5
S01006506,Flat maisonette or apartment or mobile/temporary accommodation,233,141,40,101,92,32,60
S01006507,All households,364,255,134,121,109,90,19
S01006507,Whole house or bungalow: Total,287,210,114,96,77,58,19
S01006507,Whole house or bungalow: Detached,90,79,42,37,11,0,11
S01006507,Whole house or bungalow: Semi-detached,59,38,12,26,21,18,3
S01006507,Whole house or bungalow: Terraced (including end-terrace),138,93,60,33,45,40,5
S01006507,Flat maisonette or apartment or mobile/temporary accommodation,77,45,20,25,32,32,0
S01006508,All households,340,280,84,196,60,19,41
S01006508,Whole house or bungalow: Total,104,93,34,59,11,4,7
S01006508,Whole house or bungalow: Detached,44,41,14,27,3,0,3
S01006508,Whole house or bungalow: Semi-detached,22,18,6,12,4,1,3
S01006508,Whole house or bungalow: Terraced (including end-terrace),38,34,14,20,4,3,1
S01006508,Flat maisonette or apartment or mobile/temporary accommodation,236,187,50,137,49,15,34
S01006509,All households,274,192,63,129,82,62,20
S01006509,Whole house or bungalow: Total,185,126,43,83,59,50,9
S01006509,Whole house or bungalow: Detached,32,29,13,16,3,1,2
S01006509,Whole house or bungalow: Semi-detached,77,50,14,36,27,20,7
S01006509,Whole house or bungalow: Terraced (including end-terrace),76,47,16,31,29,29,0
S01006509,Flat maisonette or apartment or mobile/temporary accommodation,89,66,20,46,23,12,11
S01006510,All households,256,170,91,79,86,58,28
S01006510,Whole house or bungalow: Total,176,127,67,60,49,37,12
S01006510,Whole house or bungalow: Detached,36,31,18,13,5,0,5
S01006510,Whole house or bungalow: Semi-detached,103,71,33,38,32,27,5
S01006510,Whole house or bungalow: Terraced (including end-terrace),37,25,16,9,12,10,2
S01006510,Flat maisonette or apartment or mobile/temporary accommodation,80,43,24,19,37,21,16
S01006511,All households,315,262,152,110,53,35,18
S01006511,Whole house or bungalow: Total,296,253,148,105,43,28,15
S01006511,Whole house or bungalow: Detached,89,83,60,23,6,3,3
S01006511,Whole house or bungalow: Semi-detached,187,165,87,78,22,13,9
S01006511,Whole house or bungalow: Terraced (including end-terrace),20,5,1,4,15,12,3
S01006511,Flat maisonette or apartment or mobile/temporary accommodation,19,9,4,5,10,7,3
S01006512,All households,170,143,69,74,27,4,23
S01006512,Whole house or bungalow: Total,165,141,69,72,24,3,21
S01006512,Whole house or bungalow: Detached,118,102,57,45,16,0,16
S01006512,Whole house or bungalow: Semi-detached,32,24,7,17,8,3,5
S01006512,Whole house or bungalow: Terraced (including end-terrace),15,15,5,10,0,0,0
S01006512,Flat maisonette or apartment or mobile/temporary accommodation,5,2,0,2,3,1,2
S01006513,All households,230,209,120,89,21,2,19
S01006513,Whole house or bungalow: Total,201,190,101,89,11,1,10
S01006513,Whole house or bungalow: Detached,41,38,24,14,3,0,3
S01006513,Whole house or bungalow: Semi-detached,145,139,73,66,6,0,6
S01006513,Whole house or bungalow: Terraced (including end-terrace),15,13,4,9,2,1,1
S01006513,Flat maisonette or apartment or mobile/temporary accommodation,29,19,19,0,10,1,9
S01006514,All households,339,286,147,139,53,7,46
S01006514,Whole house or bungalow: Total,328,277,141,136,51,5,46
S01006514,Whole house or bungalow: Detached,243,203,107,96,40,4,36
S01006514,Whole house or bungalow: Semi-detached,80,72,34,38,8,0,8
S01006514,Whole house or bungalow: Terraced (including end-terrace),5,2,0,2,3,1,2
S01006514,Flat maisonette or apartment or mobile/temporary accommodation,11,9,6,3,2,2,0
S01006515,All households,271,233,129,104,38,7,31
S01006515,Whole house or bungalow: Total,258,227,125,102,31,4,27
S01006515,Whole house or bungalow: Detached,184,163,87,76,21,0,21
S01006515,Whole house or bungalow: Semi-detached,67,58,36,22,9,3,6
S01006515,Whole house or bungalow: Terraced (including end-terrace),7,6,2,4,1,1,0
S01006515,Flat maisonette or apartment or mobile/temporary accommodation,13,6,4,2,7,3,4
S01006516,All households,185,153,102,51,32,4,28
S01006516,Whole house or bungalow: Total,173,151,101,50,22,2,20
S01006516,Whole house or bungalow: Detached,114,100,83,17,14,0,14
S01006516,Whole house or bungalow: Semi-detached,49,42,18,24,7,2,5
S01006516,Whole house or bungalow: Terraced (including end-terrace),10,9,0,9,1,0,1
S01006516,Flat maisonette or apartment or mobile/temporary accommodation,12,2,1,1,10,2,8
S01006517,All households,403,344,204,140,59,27,32
S01006517,Whole house or bungalow: Total,374,324,194,130,50,21,29
S01006517,Whole house or bungalow: Detached,269,247,154,93,22,0,22
S01006517,Whole house or bungalow: Semi-detached,67,51,27,24,16,10,6
S01006517,Whole house or bungalow: Terraced (including end-terrace),38,26,13,13,12,11,1
S01006517,Flat maisonette or apartment or mobile/temporary accommodation,29,20,10,10,9,6,3
S01006518,All households,247,226,154,72,21,1,20
S01006518,Whole house or bungalow: Total,234,220,151,69,14,0,14
S01006518,Whole house or bungalow: Detached,205,192,131,61,13,0,13
S01006518,Whole house or bungalow: Semi-detached,26,25,18,7,1,0,1
S01006518,Whole house or bungalow: Terraced (including end-terrace),3,3,2,1,0,0,0
S01006518,Flat maisonette or apartment or mobile/temporary accommodation,13,6,3,3,7,1,6
S01006519,All households,281,261,151,110,20,2,18
S01006519,Whole house or bungalow: Total,274,255,149,106,19,1,18
S01006519,Whole house or bungalow: Detached,250,234,135,99,16,0,16
S01006519,Whole house or bungalow: Semi-detached,18,15,9,6,3,1,2
S01006519,Whole house or bungalow: Terraced (including end-terrace),6,6,5,1,0,0,0
S01006519,Flat maisonette or apartment or mobile/temporary accommodation,7,6,2,4,1,1,0
S01006520,All households,222,174,84,90,48,1,47
S01006520,Whole house or bungalow: Total,218,173,83,90,45,1,44
S01006520,Whole house or bungalow: Detached,209,166,82,84,43,0,43
S01006520,Whole house or bungalow: Semi-detached,6,5,1,4,1,1,0
S01006520,Whole house or bungalow: Terraced (including end-terrace),3,2,0,2,1,0,1
S01006520,Flat maisonette or apartment or mobile/temporary accommodation,4,1,1,0,3,0,3
S01006521,All households,243,197,99,98,46,3,43
S01006521,Whole house or bungalow: Total,218,182,92,90,36,2,34
S01006521,Whole house or bungalow: Detached,139,124,71,53,15,0,15
S01006521,Whole house or bungalow: Semi-detached,40,32,14,18,8,1,7
S01006521,Whole house or bungalow: Terraced (including end-terrace),39,26,7,19,13,1,12
S01006521,Flat maisonette or apartment or mobile/temporary accommodation,25,15,7,8,10,1,9
S01006522,All households,218,200,105,95,18,2,16
S01006522,Whole house or bungalow: Total,204,193,103,90,11,1,10
S01006522,Whole house or bungalow: Detached,93,89,59,30,4,0,4
S01006522,Whole house or bungalow: Semi-detached,109,102,44,58,7,1,6
S01006522,Whole house or bungalow: Terraced (including end-terrace),2,2,0,2,0,0,0
S01006522,Flat maisonette or apartment or mobile/temporary accommodation,14,7,2,5,7,1,6
S01006523,All households,427,360,215,145,67,9,58
S01006523,Whole house or bungalow: Total,258,239,144,95,19,5,14
S01006523,Whole house or bungalow: Detached,93,87,52,35,6,0,6
S01006523,Whole house or bungalow: Semi-detached,137,127,77,50,10,4,6
S01006523,Whole house or bungalow: Terraced (including end-terrace),28,25,15,10,3,1,2
S01006523,Flat maisonette or apartment or mobile/temporary accommodation,169,121,71,50,48,4,44
S01006524,All households,314,247,162,85,67,11,56
S01006524,Whole house or bungalow: Total,196,163,98,65,33,8,25
S01006524,Whole house or bungalow: Detached,126,106,70,36,20,0,20
S01006524,Whole house or bungalow: Semi-detached,58,47,24,23,11,6,5
S01006524,Whole house or bungalow: Terraced (including end-terrace),12,10,4,6,2,2,0
S01006524,Flat maisonette or apartment or mobile/temporary accommodation,118,84,64,20,34,3,31
S01006525,All households,339,283,168,115,56,24,32
S01006525,Whole house or bungalow: Total,300,255,155,100,45,23,22
S01006525,Whole house or bungalow: Detached,189,177,114,63,12,0,12
S01006525,Whole house or bungalow: Semi-detached,48,44,29,15,4,3,1
S01006525,Whole house or bungalow: Terraced (including end-terrace),63,34,12,22,29,20,9
S01006525,Flat maisonette or apartment or mobile/temporary accommodation,39,28,13,15,11,1,10
S01006526,All households,439,179,70,109,260,195,65
S01006526,Whole house or bungalow: Total,218,122,55,67,96,78,18
S01006526,Whole house or bungalow: Detached,10,5,2,3,5,4,1
S01006526,Whole house or bungalow: Semi-detached,74,37,18,19,37,30,7
S01006526,Whole house or bungalow: Terraced (including end-terrace),134,80,35,45,54,44,10
S01006526,Flat maisonette or apartment or mobile/temporary accommodation,221,57,15,42,164,117,47
S01006527,All households,286,120,62,58,166,122,44
S01006527,Whole house or bungalow: Total,242,111,58,53,131,95,36
S01006527,Whole house or bungalow: Detached,12,7,4,3,5,3,2
S01006527,Whole house or bungalow: Semi-detached,139,55,28,27,84,64,20
S01006527,Whole house or bungalow: Terraced (including end-terrace),91,49,26,23,42,28,14
S01006527,Flat maisonette or apartment or mobile/temporary accommodation,44,9,4,5,35,27,8
S01006528,All households,433,225,116,109,208,120,88
S01006528,Whole house or bungalow: Total,303,174,98,76,129,98,31
S01006528,Whole house or bungalow: Detached,9,6,3,3,3,2,1
S01006528,Whole house or bungalow: Semi-detached,139,73,45,28,66,51,15
S01006528,Whole house or bungalow: Terraced (including end-terrace),155,95,50,45,60,45,15
S01006528,Flat maisonette or apartment or mobile/temporary accommodation,130,51,18,33,79,22,57
S01006529,All households,496,210,85,125,286,112,174
S01006529,Whole house or bungalow: Total,118,84,39,45,34,24,10
S01006529,Whole house or bungalow: Detached,7,4,4,0,3,2,1
S01006529,Whole house or bungalow: Semi-detached,81,59,26,33,22,15,7
S01006529,Whole house or bungalow: Terraced (including end-terrace),30,21,9,12,9,7,2
S01006529,Flat maisonette or apartment or mobile/temporary accommodation,378,126,46,80,252,88,164
S01006530,All households,356,162,77,85,194,134,60
S01006530,Whole house or bungalow: Total,176,116,57,59,60,37,23
S01006530,Whole house or bungalow: Detached,4,2,1,1,2,1,1
S01006530,Whole house or bungalow: Semi-detached,110,75,37,38,35,23,12
S01006530,Whole house or bungalow: Terraced (including end-terrace),62,39,19,20,23,13,10
S01006530,Flat maisonette or apartment or mobile/temporary accommodation,180,46,20,26,134,97,37
S01006531,All households,429,155,72,83,274,202,72
S01006531,Whole house or bungalow: Total,156,73,40,33,83,66,17
S01006531,Whole house or bungalow: Detached,8,1,1,0,7,5,2
S01006531,Whole house or bungalow: Semi-detached,62,33,20,13,29,21,8
S01006531,Whole house or bungalow: Terraced (including end-terrace),86,39,19,20,47,40,7
S01006531,Flat maisonette or apartment or mobile/temporary accommodation,273,82,32,50,191,136,55
S01006532,All households,337,251,138,113,86,10,76
S01006532,Whole house or bungalow: Total,243,215,122,93,28,4,24
S01006532,Whole house or bungalow: Detached,43,37,24,13,6,0,6
S01006532,Whole house or bungalow: Semi-detached,156,141,74,67,15,4,11
S01006532,Whole house or bungalow: Terraced (including end-terrace),44,37,24,13,7,0,7
S01006532,Flat maisonette or apartment or mobile/temporary accommodation,94,36,16,20,58,6,52
S01006533,All households,305,277,138,139,28,2,26
S01006533,Whole house or bungalow: Total,243,224,122,102,19,1,18
S01006533,Whole house or bungalow: Detached,54,48,31,17,6,0,6
S01006533,Whole house or bungalow: Semi-detached,97,92,54,38,5,0,5
S01006533,Whole house or bungalow: Terraced (including end-terrace),92,84,37,47,8,1,7
S01006533,Flat maisonette or apartment or mobile/temporary accommodation,62,53,16,37,9,1,8
S01006534,All households,398,327,163,164,71,6,65
S01006534,Whole house or bungalow: Total,251,227,122,105,24,0,24
S01006534,Whole house or bungalow: Detached,51,45,25,20,6,0,6
S01006534,Whole house or bungalow: Semi-detached,110,98,55,43,12,0,12
S01006534,Whole house or bungalow: Terraced (including end-terrace),90,84,42,42,6,0,6
S01006534,Flat maisonette or apartment or mobile/temporary accommodation,147,100,41,59,47,6,41
S01006535,All households,564,375,130,245,189,15,174
S01006535,Whole house or bungalow: Total,145,127,62,65,18,1,17
S01006535,Whole house or bungalow: Detached,20,17,9,8,3,0,3
S01006535,Whole house or bungalow: Semi-detached,67,60,26,34,7,0,7
S01006535,Whole house or bungalow: Terraced (including end-terrace),58,50,27,23,8,1,7
S01006535,Flat maisonette or apartment or mobile/temporary accommodation,419,248,68,180,171,14,157
S01006536,All households,589,350,126,224,239,25,214
S01006536,Whole house or bungalow: Total,107,95,44,51,12,0,12
S01006536,Whole house or bungalow: Detached,7,7,0,7,0,0,0
S01006536,Whole house or bungalow: Semi-detached,38,34,16,18,4,0,4
S01006536,Whole house or bungalow: Terraced (including end-terrace),62,54,28,26,8,0,8
S01006536,Flat maisonette or apartment or mobile/temporary accommodation,482,255,82,173,227,25,202
S01006537,All households,341,313,199,114,28,7,21
S01006537,Whole house or bungalow: Total,317,297,188,109,20,1,19
S01006537,Whole house or bungalow: Detached,66,57,43,14,9,0,9
S01006537,Whole house or bungalow: Semi-detached,216,206,126,80,10,1,9
S01006537,Whole house or bungalow: Terraced (including end-terrace),35,34,19,15,1,0,1
S01006537,Flat maisonette or apartment or mobile/temporary accommodation,24,16,11,5,8,6,2
S01006538,All households,240,230,132,98,10,3,7
S01006538,Whole house or bungalow: Total,233,226,130,96,7,2,5
S01006538,Whole house or bungalow: Detached,64,64,38,26,0,0,0
S01006538,Whole house or bungalow: Semi-detached,144,140,84,56,4,1,3
S01006538,Whole house or bungalow: Terraced (including end-terrace),25,22,8,14,3,1,2
S01006538,Flat maisonette or apartment or mobile/temporary accommodation,7,4,2,2,3,1,2
S01006539,All households,330,294,172,122,36,7,29
S01006539,Whole house or bungalow: Total,265,251,149,102,14,3,11
S01006539,Whole house or bungalow: Detached,21,20,13,7,1,1,0
S01006539,Whole house or bungalow: Semi-detached,205,194,118,76,11,1,10
S01006539,Whole house or bungalow: Terraced (including end-terrace),39,37,18,19,2,1,1
S01006539,Flat maisonette or apartment or mobile/temporary accommodation,65,43,23,20,22,4,18
S01006540,All households,451,358,177,181,93,7,86
S01006540,Whole house or bungalow: Total,324,302,161,141,22,2,20
S01006540,Whole house or bungalow: Detached,34,28,16,12,6,0,6
S01006540,Whole house or bungalow: Semi-detached,270,257,133,124,13,2,11
S01006540,Whole house or bungalow: Terraced (including end-terrace),20,17,12,5,3,0,3
S01006540,Flat maisonette or apartment or mobile/temporary accommodation,127,56,16,40,71,5,66
S01006541,All households,392,300,163,137,92,72,20
S01006541,Whole house or bungalow: Total,313,294,162,132,19,3,16
S01006541,Whole house or bungalow: Detached,35,33,22,11,2,0,2
S01006541,Whole house or bungalow: Semi-detached,240,225,127,98,15,1,14
S01006541,Whole house or bungalow: Terraced (including end-terrace),38,36,13,23,2,2,0
S01006541,Flat maisonette or apartment or mobile/temporary accommodation,79,6,1,5,73,69,4
S01006542,All households,496,417,274,143,79,7,72
S01006542,Whole house or bungalow: Total,367,337,230,107,30,1,29
S01006542,Whole house or bungalow: Detached,104,84,56,28,20,1,19
S01006542,Whole house or bungalow: Semi-detached,258,248,171,77,10,0,10
S01006542,Whole house or bungalow: Terraced (including end-terrace),5,5,3,2,0,0,0
S01006542,Flat maisonette or apartment or mobile/temporary accommodation,129,80,44,36,49,6,43
S01006543,All households,363,345,211,134,18,4,14
S01006543,Whole house or bungalow: Total,356,341,210,131,15,1,14
S01006543,Whole house or bungalow: Detached,12,10,2,8,2,0,2
S01006543,Whole house or bungalow: Semi-detached,333,321,202,119,12,0,12
S01006543,Whole house or bungalow: Terraced (including end-terrace),11,10,6,4,1,1,0
S01006543,Flat maisonette or apartment or mobile/temporary accommodation,7,4,1,3,3,3,0
S01006544,All households,507,348,161,187,159,10,149
S01006544,Whole house or bungalow: Total,269,229,116,113,40,2,38
S01006544,Whole house or bungalow: Detached,112,100,56,44,12,2,10
S01006544,Whole house or bungalow: Semi-detached,102,84,46,38,18,0,18
S01006544,Whole house or bungalow: Terraced (including end-terrace),55,45,14,31,10,0,10
S01006544,Flat maisonette or apartment or mobile/temporary accommodation,238,119,45,74,119,8,111
S01006545,All households,586,454,271,183,132,39,93
S01006545,Whole house or bungalow: Total,303,268,151,117,35,12,23
S01006545,Whole house or bungalow: Detached,75,65,36,29,10,0,10
S01006545,Whole house or bungalow: Semi-detached,164,149,94,55,15,4,11
S01006545,Whole house or bungalow: Terraced (including end-terrace),64,54,21,33,10,8,2
S01006545,Flat maisonette or apartment or mobile/temporary accommodation,283,186,120,66,97,27,70
S01006546,All households,262,245,149,96,17,0,17
S01006546,Whole house or bungalow: Total,248,233,142,91,15,0,15
S01006546,Whole house or bungalow: Detached,57,55,34,21,2,0,2
S01006546,Whole house or bungalow: Semi-detached,188,176,106,70,12,0,12
S01006546,Whole house or bungalow: Terraced (including end-terrace),3,2,2,0,1,0,1
S01006546,Flat maisonette or apartment or mobile/temporary accommodation,14,12,7,5,2,0,2
S01006547,All households,442,275,156,119,167,131,36
S01006547,Whole house or bungalow: Total,303,248,144,104,55,27,28
S01006547,Whole house or bungalow: Detached,163,140,86,54,23,4,19
S01006547,Whole house or bungalow: Semi-detached,40,35,15,20,5,3,2
S01006547,Whole house or bungalow: Terraced (including end-terrace),100,73,43,30,27,20,7
S01006547,Flat maisonette or apartment or mobile/temporary accommodation,139,27,12,15,112,104,8
S01006548,All households,312,295,193,102,17,2,15
S01006548,Whole house or bungalow: Total,309,293,192,101,16,2,14
S01006548,Whole house or bungalow: Detached,24,22,15,7,2,1,1
S01006548,Whole house or bungalow: Semi-detached,283,270,176,94,13,0,13
S01006548,Whole house or bungalow: Terraced (including end-terrace),2,1,1,0,1,1,0
S01006548,Flat maisonette or apartment or mobile/temporary accommodation,3,2,1,1,1,0,1
S01006549,All households,366,306,198,108,60,8,52
S01006549,Whole house or bungalow: Total,303,277,182,95,26,4,22
S01006549,Whole house or bungalow: Detached,163,149,113,36,14,0,14
S01006549,Whole house or bungalow: Semi-detached,131,122,66,56,9,2,7
S01006549,Whole house or bungalow: Terraced (including end-terrace),9,6,3,3,3,2,1
S01006549,Flat maisonette or apartment or mobile/temporary accommodation,63,29,16,13,34,4,30
S01006550,All households,389,358,235,123,31,1,30
S01006550,Whole house or bungalow: Total,381,352,233,119,29,0,29
S01006550,Whole house or bungalow: Detached,145,128,86,42,17,0,17
S01006550,Whole house or bungalow: Semi-detached,227,217,143,74,10,0,10
S01006550,Whole house or bungalow: Terraced (including end-terrace),9,7,4,3,2,0,2
S01006550,Flat maisonette or apartment or mobile/temporary accommodation,8,6,2,4,2,1,1
S01006551,All households,392,167,94,73,225,192,33
S01006551,Whole house or bungalow: Total,188,121,65,56,67,48,19
S01006551,Whole house or bungalow: Detached,42,35,13,22,7,5,2
S01006551,Whole house or bungalow: Semi-detached,39,32,19,13,7,4,3
S01006551,Whole house or bungalow: Terraced (including end-terrace),107,54,33,21,53,39,14
S01006551,Flat maisonette or apartment or mobile/temporary accommodation,204,46,29,17,158,144,14
S01006552,All households,417,353,177,176,64,9,55
S01006552,Whole house or bungalow: Total,316,290,160,130,26,2,24
S01006552,Whole house or bungalow: Detached,87,79,48,31,8,0,8
S01006552,Whole house or bungalow: Semi-detached,147,138,69,69,9,0,9
S01006552,Whole house or bungalow: Terraced (including end-terrace),82,73,43,30,9,2,7
S01006552,Flat maisonette or apartment or mobile/temporary accommodation,101,63,17,46,38,7,31
S01006553,All households,407,267,159,108,140,116,24
S01006553,Whole house or bungalow: Total,335,262,158,104,73,50,23
S01006553,Whole house or bungalow: Detached,163,150,105,45,13,2,11
S01006553,Whole house or bungalow: Semi-detached,82,54,28,26,28,22,6
S01006553,Whole house or bungalow: Terraced (including end-terrace),90,58,25,33,32,26,6
S01006553,Flat maisonette or apartment or mobile/temporary accommodation,72,5,1,4,67,66,1
S01006554,All households,330,230,108,122,100,70,30
S01006554,Whole house or bungalow: Total,189,157,93,64,32,16,16
S01006554,Whole house or bungalow: Detached,64,61,44,17,3,0,3
S01006554,Whole house or bungalow: Semi-detached,79,60,34,26,19,9,10
S01006554,Whole house or bungalow: Terraced (including end-terrace),46,36,15,21,10,7,3
S01006554,Flat maisonette or apartment or mobile/temporary accommodation,141,73,15,58,68,54,14
S01006555,All households,374,180,56,124,194,143,51
S01006555,Whole house or bungalow: Total,117,81,35,46,36,25,11
S01006555,Whole house or bungalow: Detached,12,4,3,1,8,5,3
S01006555,Whole house or bungalow: Semi-detached,56,38,15,23,18,10,8
S01006555,Whole house or bungalow: Terraced (including end-terrace),49,39,17,22,10,10,0
S01006555,Flat maisonette or apartment or mobile/temporary accommodation,257,99,21,78,158,118,40
S01006556,All households,399,186,80,106,213,183,30
S01006556,Whole house or bungalow: Total,220,145,64,81,75,63,12
S01006556,Whole house or bungalow: Detached,9,7,4,3,2,1,1
S01006556,Whole house or bungalow: Semi-detached,71,48,19,29,23,19,4
S01006556,Whole house or bungalow: Terraced (including end-terrace),140,90,41,49,50,43,7
S01006556,Flat maisonette or apartment or mobile/temporary accommodation,179,41,16,25,138,120,18
S01006557,All households,338,136,48,88,202,180,22
S01006557,Whole house or bungalow: Total,179,97,34,63,82,78,4
S01006557,Whole house or bungalow: Detached,14,7,4,3,7,6,1
S01006557,Whole house or bungalow: Semi-detached,45,18,3,15,27,26,1
S01006557,Whole house or bungalow: Terraced (including end-terrace),120,72,27,45,48,46,2
S01006557,Flat maisonette or apartment or mobile/temporary accommodation,159,39,14,25,120,102,18
S01006558,All households,354,247,123,124,107,2,105
S01006558,Whole house or bungalow: Total,110,100,60,40,10,1,9
S01006558,Whole house or bungalow: Detached,4,4,3,1,0,0,0
S01006558,Whole house or bungalow: Semi-detached,18,13,7,6,5,1,4
S01006558,Whole house or bungalow: Terraced (including end-terrace),88,83,50,33,5,0,5
S01006558,Flat maisonette or apartment or mobile/temporary accommodation,244,147,63,84,97,1,96
S01006559,All households,272,194,97,97,78,16,62
S01006559,Whole house or bungalow: Total,127,104,55,49,23,0,23
S01006559,Whole house or bungalow: Detached,13,12,9,3,1,0,1
S01006559,Whole house or bungalow: Semi-detached,61,52,30,22,9,0,9
S01006559,Whole house or bungalow: Terraced (including end-terrace),53,40,16,24,13,0,13
S01006559,Flat maisonette or apartment or mobile/temporary accommodation,145,90,42,48,55,16,39
S01006560,All households,432,329,163,166,103,40,63
S01006560,Whole house or bungalow: Total,237,209,107,102,28,10,18
S01006560,Whole house or bungalow: Detached,47,42,17,25,5,1,4
S01006560,Whole house or bungalow: Semi-detached,108,96,50,46,12,2,10
S01006560,Whole house or bungalow: Terraced (including end-terrace),82,71,40,31,11,7,4
S01006560,Flat maisonette or apartment or mobile/temporary accommodation,195,120,56,64,75,30,45
S01006561,All households,323,283,157,126,40,5,35
S01006561,Whole house or bungalow: Total,237,213,130,83,24,3,21
S01006561,Whole house or bungalow: Detached,38,34,20,14,4,0,4
S01006561,Whole house or bungalow: Semi-detached,121,113,75,38,8,2,6
S01006561,Whole house or bungalow: Terraced (including end-terrace),78,66,35,31,12,1,11
S01006561,Flat maisonette or apartment or mobile/temporary accommodation,86,70,27,43,16,2,14
S01006562,All households,334,228,130,98,106,77,29
S01006562,Whole house or bungalow: Total,235,196,115,81,39,25,14
S01006562,Whole house or bungalow: Detached,77,69,44,25,8,2,6
S01006562,Whole house or bungalow: Semi-detached,98,86,46,40,12,8,4
S01006562,Whole house or bungalow: Terraced (including end-terrace),60,41,25,16,19,15,4
S01006562,Flat maisonette or apartment or mobile/temporary accommodation,99,32,15,17,67,52,15
S01006563,All households,366,267,146,121,99,25,74
S01006563,Whole house or bungalow: Total,197,166,101,65,31,16,15
S01006563,Whole house or bungalow: Detached,25,24,16,8,1,0,1
S01006563,Whole house or bungalow: Semi-detached,99,87,50,37,12,4,8
S01006563,Whole house or bungalow: Terraced (including end-terrace),73,55,35,20,18,12,6
S01006563,Flat maisonette or apartment or mobile/temporary accommodation,169,101,45,56,68,9,59
S01006564,All households,578,251,93,158,327,165,162
S01006564,Whole house or bungalow: Total,34,13,7,6,21,18,3
S01006564,Whole house or bungalow: Detached,10,8,5,3,2,1,1
S01006564,Whole house or bungalow: Semi-detached,7,1,0,1,6,5,1
S01006564,Whole house or bungalow: Terraced (including end-terrace),17,4,2,2,13,12,1
S01006564,Flat maisonette or apartment or mobile/temporary accommodation,544,238,86,152,306,147,159
S01006565,All households,565,239,69,170,326,115,211
S01006565,Whole house or bungalow: Total,24,13,6,7,11,4,7
S01006565,Whole house or bungalow: Detached,1,0,0,0,1,0,1
S01006565,Whole house or bungalow: Semi-detached,5,2,1,1,3,1,2
S01006565,Whole house or bungalow: Terraced (including end-terrace),18,11,5,6,7,3,4
S01006565,Flat maisonette or apartment or mobile/temporary accommodation,541,226,63,163,315,111,204
S01006566,All households,437,253,110,143,184,18,166
S01006566,Whole house or bungalow: Total,80,68,41,27,12,2,10
S01006566,Whole house or bungalow: Detached,7,4,2,2,3,1,2
S01006566,Whole house or bungalow: Semi-detached,28,24,14,10,4,1,3
S01006566,Whole house or bungalow: Terraced (including end-terrace),45,40,25,15,5,0,5
S01006566,Flat maisonette or apartment or mobile/temporary accommodation,357,185,69,116,172,16,156
S01006567,All households,552,195,53,142,357,161,196
S01006567,Whole house or bungalow: Total,25,18,9,9,7,2,5
S01006567,Whole house or bungalow: Detached,6,2,1,1,4,0,4
S01006567,Whole house or bungalow: Semi-detached,13,11,6,5,2,1,1
S01006567,Whole house or bungalow: Terraced (including end-terrace),6,5,2,3,1,1,0
S01006567,Flat maisonette or apartment or mobile/temporary accommodation,527,177,44,133,350,159,191
S01006568,All households,575,278,81,197,297,17,280
S01006568,Whole house or bungalow: Total,34,27,13,14,7,0,7
S01006568,Whole house or bungalow: Detached,5,5,3,2,0,0,0
S01006568,Whole house or bungalow: Semi-detached,20,18,7,11,2,0,2
S01006568,Whole house or bungalow: Terraced (including end-terrace),9,4,3,1,5,0,5
S01006568,Flat maisonette or apartment or mobile/temporary accommodation,541,251,68,183,290,17,273
S01006569,All households,311,162,73,89,149,36,113
S01006569,Whole house or bungalow: Total,80,69,38,31,11,2,9
S01006569,Whole house or bungalow: Detached,3,3,1,2,0,0,0
S01006569,Whole house or bungalow: Semi-detached,21,17,6,11,4,0,4
S01006569,Whole house or bungalow: Terraced (including end-terrace),56,49,31,18,7,2,5
S01006569,Flat maisonette or apartment or mobile/temporary accommodation,231,93,35,58,138,34,104
S01006570,All households,371,247,115,132,124,8,116
S01006570,Whole house or bungalow: Total,154,130,69,61,24,1,23
S01006570,Whole house or bungalow: Detached,27,24,15,9,3,0,3
S01006570,Whole house or bungalow: Semi-detached,95,83,42,41,12,0,12
S01006570,Whole house or bungalow: Terraced (including end-terrace),32,23,12,11,9,1,8
S01006570,Flat maisonette or apartment or mobile/temporary accommodation,217,117,46,71,100,7,93
S01006571,All households,427,289,126,163,138,18,120
S01006571,Whole house or bungalow: Total,185,157,80,77,28,1,27
S01006571,Whole house or bungalow: Detached,12,8,3,5,4,0,4
S01006571,Whole house or bungalow: Semi-detached,31,23,13,10,8,0,8
S01006571,Whole house or bungalow: Terraced (including end-terrace),142,126,64,62,16,1,15
S01006571,Flat maisonette or apartment or mobile/temporary accommodation,242,132,46,86,110,17,93
S01006572,All households,374,318,180,138,56,4,52
S01006572,Whole house or bungalow: Total,284,257,151,106,27,0,27
S01006572,Whole house or bungalow: Detached,212,192,124,68,20,0,20
S01006572,Whole house or bungalow: Semi-detached,58,51,20,31,7,0,7
S01006572,Whole house or bungalow: Terraced (including end-terrace),14,14,7,7,0,0,0
S01006572,Flat maisonette or apartment or mobile/temporary accommodation,90,61,29,32,29,4,25
S01006573,All households,290,230,115,115,60,4,56
S01006573,Whole house or bungalow: Total,183,162,85,77,21,1,20
S01006573,Whole house or bungalow: Detached,17,14,8,6,3,0,3
S01006573,Whole house or bungalow: Semi-detached,102,89,42,47,13,0,13
S01006573,Whole house or bungalow: Terraced (including end-terrace),64,59,35,24,5,1,4
S01006573,Flat maisonette or apartment or mobile/temporary accommodation,107,68,30,38,39,3,36
S01006574,All households,427,316,165,151,111,8,103
S01006574,Whole house or bungalow: Total,225,191,114,77,34,2,32
S01006574,Whole house or bungalow: Detached,72,64,51,13,8,0,8
S01006574,Whole house or bungalow: Semi-detached,85,71,36,35,14,0,14
S01006574,Whole house or bungalow: Terraced (including end-terrace),68,56,27,29,12,2,10
S01006574,Flat maisonette or apartment or mobile/temporary accommodation,202,125,51,74,77,6,71
S01006575,All households,399,296,138,158,103,4,99
S01006575,Whole house or bungalow: Total,222,195,98,97,27,2,25
S01006575,Whole house or bungalow: Detached,30,26,19,7,4,0,4
S01006575,Whole house or bungalow: Semi-detached,119,103,57,46,16,1,15
S01006575,Whole house or bungalow: Terraced (including end-terrace),73,66,22,44,7,1,6
S01006575,Flat maisonette or apartment or mobile/temporary accommodation,177,101,40,61,76,2,74
S01006576,All households,325,226,90,136,99,4,95
S01006576,Whole house or bungalow: Total,172,144,69,75,28,1,27
S01006576,Whole house or bungalow: Detached,17,12,8,4,5,0,5
S01006576,Whole house or bungalow: Semi-detached,120,103,49,54,17,1,16
S01006576,Whole house or bungalow: Terraced (including end-terrace),35,29,12,17,6,0,6
S01006576,Flat maisonette or apartment or mobile/temporary accommodation,153,82,21,61,71,3,68
S01006577,All households,430,258,108,150,172,12,160
S01006577,Whole house or bungalow: Total,101,82,47,35,19,0,19
S01006577,Whole house or bungalow: Detached,10,8,7,1,2,0,2
S01006577,Whole house or bungalow: Semi-detached,40,30,19,11,10,0,10
S01006577,Whole house or bungalow: Terraced (including end-terrace),51,44,21,23,7,0,7
S01006577,Flat maisonette or apartment or mobile/temporary accommodation,329,176,61,115,153,12,141
S01006578,All households,633,321,102,219,312,49,263
S01006578,Whole house or bungalow: Total,58,49,24,25,9,1,8
S01006578,Whole house or bungalow: Detached,4,3,2,1,1,0,1
S01006578,Whole house or bungalow: Semi-detached,12,7,3,4,5,1,4
S01006578,Whole house or bungalow: Terraced (including end-terrace),42,39,19,20,3,0,3
S01006578,Flat maisonette or apartment or mobile/temporary accommodation,575,272,78,194,303,48,255
S01006579,All households,640,286,86,200,354,17,337
S01006579,Whole house or bungalow: Total,20,14,6,8,6,1,5
S01006579,Whole house or bungalow: Detached,3,2,1,1,1,1,0
S01006579,Whole house or bungalow: Semi-detached,10,7,3,4,3,0,3
S01006579,Whole house or bungalow: Terraced (including end-terrace),7,5,2,3,2,0,2
S01006579,Flat maisonette or apartment or mobile/temporary accommodation,620,272,80,192,348,16,332
S01006580,All households,422,250,95,155,172,11,161
S01006580,Whole house or bungalow: Total,71,57,35,22,14,0,14
S01006580,Whole house or bungalow: Detached,9,9,7,2,0,0,0
S01006580,Whole house or bungalow: Semi-detached,12,8,3,5,4,0,4
S01006580,Whole house or bungalow: Terraced (including end-terrace),50,40,25,15,10,0,10
S01006580,Flat maisonette or apartment or mobile/temporary accommodation,351,193,60,133,158,11,147
S01006581,All households,402,346,194,152,56,4,52
S01006581,Whole house or bungalow: Total,264,235,133,102,29,0,29
S01006581,Whole house or bungalow: Detached,67,65,44,21,2,0,2
S01006581,Whole house or bungalow: Semi-detached,135,116,60,56,19,0,19
S01006581,Whole house or bungalow: Terraced (including end-terrace),62,54,29,25,8,0,8
S01006581,Flat maisonette or apartment or mobile/temporary accommodation,138,111,61,50,27,4,23
S01006582,All households,466,172,54,118,294,55,239
S01006582,Whole house or bungalow: Total,35,29,12,17,6,0,6
S01006582,Whole house or bungalow: Detached,2,1,0,1,1,0,1
S01006582,Whole house or bungalow: Semi-detached,9,7,3,4,2,0,2
S01006582,Whole house or bungalow: Terraced (including end-terrace),24,21,9,12,3,0,3
S01006582,Flat maisonette or apartment or mobile/temporary accommodation,431,143,42,101,288,55,233
S01006583,All households,404,178,34,144,226,14,212
S01006583,Whole house or bungalow: Total,10,4,1,3,6,1,5
S01006583,Whole house or bungalow: Detached,1,1,0,1,0,0,0
S01006583,Whole house or bungalow: Semi-detached,4,1,1,0,3,0,3
S01006583,Whole house or bungalow: Terraced (including end-terrace),5,2,0,2,3,1,2
S01006583,Flat maisonette or apartment or mobile/temporary accommodation,394,174,33,141,220,13,207
S01006584,All households,354,168,50,118,186,15,171
S01006584,Whole house or bungalow: Total,35,24,11,13,11,1,10
S01006584,Whole house or bungalow: Detached,3,1,0,1,2,0,2
S01006584,Whole house or bungalow: Semi-detached,11,9,4,5,2,0,2
S01006584,Whole house or bungalow: Terraced (including end-terrace),21,14,7,7,7,1,6
S01006584,Flat maisonette or apartment or mobile/temporary accommodation,319,144,39,105,175,14,161
S01006585,All households,465,149,77,72,316,159,157
S01006585,Whole house or bungalow: Total,17,14,5,9,3,0,3
S01006585,Whole house or bungalow: Detached,1,1,1,0,0,0,0
S01006585,Whole house or bungalow: Semi-detached,7,5,2,3,2,0,2
S01006585,Whole house or bungalow: Terraced (including end-terrace),9,8,2,6,1,0,1
S01006585,Flat maisonette or apartment or mobile/temporary accommodation,448,135,72,63,313,159,154
S01006586,All households,650,202,81,121,448,200,248
S01006586,Whole house or bungalow: Total,40,24,9,15,16,3,13
S01006586,Whole house or bungalow: Detached,10,6,3,3,4,0,4
S01006586,Whole house or bungalow: Semi-detached,9,6,3,3,3,1,2
S01006586,Whole house or bungalow: Terraced (including end-terrace),21,12,3,9,9,2,7
S01006586,Flat maisonette or apartment or mobile/temporary accommodation,610,178,72,106,432,197,235
S01006587,All households,318,66,14,52,252,90,162
S01006587,Whole house or bungalow: Total,16,5,0,5,11,2,9
S01006587,Whole house or bungalow: Detached,1,0,0,0,1,0,1
S01006587,Whole house or bungalow: Semi-detached,8,3,0,3,5,2,3
S01006587,Whole house or bungalow: Terraced (including end-terrace),7,2,0,2,5,0,5
S01006587,Flat maisonette or apartment or mobile/temporary accommodation,302,61,14,47,241,88,153
S01006588,All households,338,93,24,69,245,44,201
S01006588,Whole house or bungalow: Total,9,5,3,2,4,1,3
S01006588,Whole house or bungalow: Detached,3,2,1,1,1,0,1
S01006588,Whole house or bungalow: Semi-detached,5,3,2,1,2,1,1
S01006588,Whole house or bungalow: Terraced (including end-terrace),1,0,0,0,1,0,1
S01006588,Flat maisonette or apartment or mobile/temporary accommodation,329,88,21,67,241,43,198
S01006589,All households,367,92,19,73,275,104,171
S01006589,Whole house or bungalow: Total,11,6,1,5,5,2,3
S01006589,Whole house or bungalow: Detached,1,0,0,0,1,1,0
S01006589,Whole house or bungalow: Semi-detached,5,3,0,3,2,1,1
S01006589,Whole house or bungalow: Terraced (including end-terrace),5,3,1,2,2,0,2
S01006589,Flat maisonette or apartment or mobile/temporary accommodation,356,86,18,68,270,102,168
S01006590,All households,379,167,45,122,212,29,183
S01006590,Whole house or bungalow: Total,30,15,10,5,15,1,14
S01006590,Whole house or bungalow: Detached,8,5,4,1,3,0,3
S01006590,Whole house or bungalow: Semi-detached,10,5,3,2,5,0,5
S01006590,Whole house or bungalow: Terraced (including end-terrace),12,5,3,2,7,1,6
S01006590,Flat maisonette or apartment or mobile/temporary accommodation,349,152,35,117,197,28,169
S01006591,All households,367,209,44,165,158,20,138
S01006591,Whole house or bungalow: Total,38,30,11,19,8,1,7
S01006591,Whole house or bungalow: Detached,2,2,1,1,0,0,0
S01006591,Whole house or bungalow: Semi-detached,10,6,2,4,4,0,4
S01006591,Whole house or bungalow: Terraced (including end-terrace),26,22,8,14,4,1,3
S01006591,Flat maisonette or apartment or mobile/temporary accommodation,329,179,33,146,150,19,131
S01006592,All households,374,224,61,163,150,4,146
S01006592,Whole house or bungalow: Total,76,61,28,33,15,0,15
S01006592,Whole house or bungalow: Detached,11,7,5,2,4,0,4
S01006592,Whole house or bungalow: Semi-detached,34,30,13,17,4,0,4
S01006592,Whole house or bungalow: Terraced (including end-terrace),31,24,10,14,7,0,7
S01006592,Flat maisonette or apartment or mobile/temporary accommodation,298,163,33,130,135,4,131
S01006593,All households,411,242,80,162,169,5,164
S01006593,Whole house or bungalow: Total,57,50,26,24,7,1,6
S01006593,Whole house or bungalow: Detached,6,5,3,2,1,0,1
S01006593,Whole house or bungalow: Semi-detached,8,6,1,5,2,1,1
S01006593,Whole house or bungalow: Terraced (including end-terrace),43,39,22,17,4,0,4
S01006593,Flat maisonette or apartment or mobile/temporary accommodation,354,192,54,138,162,4,158
S01006594,All households,345,175,70,105,170,58,112
S01006594,Whole house or bungalow: Total,60,54,40,14,6,1,5
S01006594,Whole house or bungalow: Detached,6,5,2,3,1,0,1
S01006594,Whole house or bungalow: Semi-detached,41,39,31,8,2,1,1
S01006594,Whole house or bungalow: Terraced (including end-terrace),13,10,7,3,3,0,3
S01006594,Flat maisonette or apartment or mobile/temporary accommodation,285,121,30,91,164,57,107
S01006595,All households,555,275,93,182,280,32,248
S01006595,Whole house or bungalow: Total,58,47,27,20,11,1,10
S01006595,Whole house or bungalow: Detached,7,6,4,2,1,0,1
S01006595,Whole house or bungalow: Semi-detached,17,13,8,5,4,0,4
S01006595,Whole house or bungalow: Terraced (including end-terrace),34,28,15,13,6,1,5
S01006595,Flat maisonette or apartment or mobile/temporary accommodation,497,228,66,162,269,31,238
S01006596,All households,359,202,77,125,157,20,137
S01006596,Whole house or bungalow: Total,97,84,47,37,13,2,11
S01006596,Whole house or bungalow: Detached,12,12,5,7,0,0,0
S01006596,Whole house or bungalow: Semi-detached,32,26,12,14,6,1,5
S01006596,Whole house or bungalow: Terraced (including end-terrace),53,46,30,16,7,1,6
S01006596,Flat maisonette or apartment or mobile/temporary accommodation,262,118,30,88,144,18,126
S01006597,All households,352,171,47,124,181,19,162
S01006597,Whole house or bungalow: Total,15,9,3,6,6,1,5
S01006597,Whole house or bungalow: Detached,2,2,2,0,0,0,0
S01006597,Whole house or bungalow: Semi-detached,6,3,0,3,3,1,2
S01006597,Whole house or bungalow: Terraced (including end-terrace),7,4,1,3,3,0,3
S01006597,Flat maisonette or apartment or mobile/temporary accommodation,337,162,44,118,175,18,157
S01006598,All households,435,323,154,169,112,3,109
S01006598,Whole house or bungalow: Total,276,243,130,113,33,1,32
S01006598,Whole house or bungalow: Detached,39,34,22,12,5,1,4
S01006598,Whole house or bungalow: Semi-detached,162,148,84,64,14,0,14
S01006598,Whole house or bungalow: Terraced (including end-terrace),75,61,24,37,14,0,14
S01006598,Flat maisonette or apartment or mobile/temporary accommodation,159,80,24,56,79,2,77
S01006599,All households,499,241,101,140,258,130,128
S01006599,Whole house or bungalow: Total,61,45,22,23,16,8,8
S01006599,Whole house or bungalow: Detached,13,11,4,7,2,2,0
S01006599,Whole house or bungalow: Semi-detached,29,22,11,11,7,1,6
S01006599,Whole house or bungalow: Terraced (including end-terrace),19,12,7,5,7,5,2
S01006599,Flat maisonette or apartment or mobile/temporary accommodation,438,196,79,117,242,122,120
S01006600,All households,587,321,136,185,266,122,144
S01006600,Whole house or bungalow: Total,217,197,90,107,20,4,16
S01006600,Whole house or bungalow: Detached,17,15,8,7,2,1,1
S01006600,Whole house or bungalow: Semi-detached,107,97,43,54,10,2,8
S01006600,Whole house or bungalow: Terraced (including end-terrace),93,85,39,46,8,1,7
S01006600,Flat maisonette or apartment or mobile/temporary accommodation,370,124,46,78,246,118,128
S01006601,All households,572,357,154,203,215,93,122
S01006601,Whole house or bungalow: Total,214,192,101,91,22,9,13
S01006601,Whole house or bungalow: Detached,6,5,2,3,1,0,1
S01006601,Whole house or bungalow: Semi-detached,146,136,75,61,10,3,7
S01006601,Whole house or bungalow: Terraced (including end-terrace),62,51,24,27,11,6,5
S01006601,Flat maisonette or apartment or mobile/temporary accommodation,358,165,53,112,193,84,109
S01006602,All households,414,327,180,147,87,4,83
S01006602,Whole house or bungalow: Total,193,168,76,92,25,2,23
S01006602,Whole house or bungalow: Detached,59,51,30,21,8,0,8
S01006602,Whole house or bungalow: Semi-detached,67,58,22,36,9,1,8
S01006602,Whole house or bungalow: Terraced (including end-terrace),67,59,24,35,8,1,7
S01006602,Flat maisonette or apartment or mobile/temporary accommodation,221,159,104,55,62,2,60
S01006603,All households,385,194,87,107,191,166,25
S01006603,Whole house or bungalow: Total,200,141,75,66,59,48,11
S01006603,Whole house or bungalow: Detached,15,10,5,5,5,4,1
S01006603,Whole house or bungalow: Semi-detached,57,32,21,11,25,21,4
S01006603,Whole house or bungalow: Terraced (including end-terrace),128,99,49,50,29,23,6
S01006603,Flat maisonette or apartment or mobile/temporary accommodation,185,53,12,41,132,118,14
S01006604,All households,291,212,100,112,79,64,15
S01006604,Whole house or bungalow: Total,249,191,92,99,58,46,12
S01006604,Whole house or bungalow: Detached,3,1,0,1,2,2,0
S01006604,Whole house or bungalow: Semi-detached,67,50,24,26,17,12,5
S01006604,Whole house or bungalow: Terraced (including end-terrace),179,140,68,72,39,32,7
S01006604,Flat maisonette or apartment or mobile/temporary accommodation,42,21,8,13,21,18,3
S01006605,All households,409,192,69,123,217,196,21
S01006605,Whole house or bungalow: Total,128,75,31,44,53,49,4
S01006605,Whole house or bungalow: Detached,14,6,5,1,8,8,0
S01006605,Whole house or bungalow: Semi-detached,51,26,8,18,25,23,2
S01006605,Whole house or bungalow: Terraced (including end-terrace),63,43,18,25,20,18,2
S01006605,Flat maisonette or apartment or mobile/temporary accommodation,281,117,38,79,164,147,17
S01006606,All households,390,290,165,125,100,70,30
S01006606,Whole house or bungalow: Total,243,217,133,84,26,13,13
S01006606,Whole house or bungalow: Detached,39,35,23,12,4,1,3
S01006606,Whole house or bungalow: Semi-detached,193,175,108,67,18,9,9
S01006606,Whole house or bungalow: Terraced (including end-terrace),11,7,2,5,4,3,1
S01006606,Flat maisonette or apartment or mobile/temporary accommodation,147,73,32,41,74,57,17
S01006607,All households,385,260,115,145,125,108,17
S01006607,Whole house or bungalow: Total,213,157,70,87,56,47,9
S01006607,Whole house or bungalow: Detached,7,3,0,3,4,2,2
S01006607,Whole house or bungalow: Semi-detached,83,68,23,45,15,13,2
S01006607,Whole house or bungalow: Terraced (including end-terrace),123,86,47,39,37,32,5
S01006607,Flat maisonette or apartment or mobile/temporary accommodation,172,103,45,58,69,61,8
S01006608,All households,284,247,134,113,37,14,23
S01006608,Whole house or bungalow: Total,274,243,133,110,31,12,19
S01006608,Whole house or bungalow: Detached,188,173,100,73,15,1,14
S01006608,Whole house or bungalow: Semi-detached,80,64,32,32,16,11,5
S01006608,Whole house or bungalow: Terraced (including end-terrace),6,6,1,5,0,0,0
S01006608,Flat maisonette or apartment or mobile/temporary accommodation,10,4,1,3,6,2,4
S01006609,All households,490,294,141,153,196,163,33
S01006609,Whole house or bungalow: Total,377,258,120,138,119,94,25
S01006609,Whole house or bungalow: Detached,14,10,3,7,4,4,0
S01006609,Whole house or bungalow: Semi-detached,112,76,31,45,36,31,5
S01006609,Whole house or bungalow: Terraced (including end-terrace),251,172,86,86,79,59,20
S01006609,Flat maisonette or apartment or mobile/temporary accommodation,113,36,21,15,77,69,8
S01006610,All households,212,124,71,53,88,79,9
S01006610,Whole house or bungalow: Total,135,97,63,34,38,32,6
S01006610,Whole house or bungalow: Detached,3,2,2,0,1,1,0
S01006610,Whole house or bungalow: Semi-detached,38,24,13,11,14,13,1
S01006610,Whole house or bungalow: Terraced (including end-terrace),94,71,48,23,23,18,5
S01006610,Flat maisonette or apartment or mobile/temporary accommodation,77,27,8,19,50,47,3
S01006611,All households,425,243,108,135,182,159,23
S01006611,Whole house or bungalow: Total,288,196,93,103,92,81,11
S01006611,Whole house or bungalow: Detached,8,4,0,4,4,4,0
S01006611,Whole house or bungalow: Semi-detached,98,68,28,40,30,26,4
S01006611,Whole house or bungalow: Terraced (including end-terrace),182,124,65,59,58,51,7
S01006611,Flat maisonette or apartment or mobile/temporary accommodation,137,47,15,32,90,78,12
S01006612,All households,373,296,116,180,77,61,16
S01006612,Whole house or bungalow: Total,328,272,111,161,56,47,9
S01006612,Whole house or bungalow: Detached,87,81,21,60,6,3,3
S01006612,Whole house or bungalow: Semi-detached,71,47,18,29,24,19,5
S01006612,Whole house or bungalow: Terraced (including end-terrace),170,144,72,72,26,25,1
S01006612,Flat maisonette or apartment or mobile/temporary accommodation,45,24,5,19,21,14,7
S01006613,All households,259,235,63,172,24,2,22
S01006613,Whole house or bungalow: Total,196,179,56,123,17,1,16
S01006613,Whole house or bungalow: Detached,127,120,47,73,7,0,7
S01006613,Whole house or bungalow: Semi-detached,62,54,9,45,8,1,7
S01006613,Whole house or bungalow: Terraced (including end-terrace),7,5,0,5,2,0,2
S01006613,Flat maisonette or apartment or mobile/temporary accommodation,63,56,7,49,7,1,6
S01006614,All households,265,246,41,205,19,4,15
S01006614,Whole house or bungalow: Total,256,239,39,200,17,3,14
S01006614,Whole house or bungalow: Detached,66,62,15,47,4,1,3
S01006614,Whole house or bungalow: Semi-detached,133,124,19,105,9,1,8
S01006614,Whole house or bungalow: Terraced (including end-terrace),57,53,5,48,4,1,3
S01006614,Flat maisonette or apartment or mobile/temporary accommodation,9,7,2,5,2,1,1
S01006615,All households,270,246,47,199,24,7,17
S01006615,Whole house or bungalow: Total,262,245,47,198,17,2,15
S01006615,Whole house or bungalow: Detached,191,180,31,149,11,0,11
S01006615,Whole house or bungalow: Semi-detached,57,53,14,39,4,1,3
S01006615,Whole house or bungalow: Terraced (including end-terrace),14,12,2,10,2,1,1
S01006615,Flat maisonette or apartment or mobile/temporary accommodation,8,1,0,1,7,5,2
S01006616,All households,337,299,71,228,38,8,30
S01006616,Whole house or bungalow: Total,253,232,67,165,21,4,17
S01006616,Whole house or bungalow: Detached,80,78,22,56,2,0,2
S01006616,Whole house or bungalow: Semi-detached,130,116,43,73,14,1,13
S01006616,Whole house or bungalow: Terraced (including end-terrace),43,38,2,36,5,3,2
S01006616,Flat maisonette or apartment or mobile/temporary accommodation,84,67,4,63,17,4,13
S01006617,All households,297,255,109,146,42,34,8
S01006617,Whole house or bungalow: Total,278,240,108,132,38,31,7
S01006617,Whole house or bungalow: Detached,112,106,47,59,6,3,3
S01006617,Whole house or bungalow: Semi-detached,78,58,23,35,20,18,2
S01006617,Whole house or bungalow: Terraced (including end-terrace),88,76,38,38,12,10,2
S01006617,Flat maisonette or apartment or mobile/temporary accommodation,19,15,1,14,4,3,1
S01006618,All households,246,231,105,126,15,2,13
S01006618,Whole house or bungalow: Total,210,198,101,97,12,2,10
S01006618,Whole house or bungalow: Detached,77,76,40,36,1,0,1
S01006618,Whole house or bungalow: Semi-detached,119,108,54,54,11,2,9
S01006618,Whole house or bungalow: Terraced (including end-terrace),14,14,7,7,0,0,0
S01006618,Flat maisonette or apartment or mobile/temporary accommodation,36,33,4,29,3,0,3
S01006619,All households,372,325,130,195,47,29,18
S01006619,Whole house or bungalow: Total,333,294,125,169,39,26,13
S01006619,Whole house or bungalow: Detached,75,74,39,35,1,1,0
S01006619,Whole house or bungalow: Semi-detached,71,53,19,34,18,11,7
S01006619,Whole house or bungalow: Terraced (including end-terrace),187,167,67,100,20,14,6
S01006619,Flat maisonette or apartment or mobile/temporary accommodation,39,31,5,26,8,3,5
S01006620,All households,390,311,117,194,79,50,29
S01006620,Whole house or bungalow: Total,352,281,113,168,71,46,25
S01006620,Whole house or bungalow: Detached,36,28,10,18,8,3,5
S01006620,Whole house or bungalow: Semi-detached,127,107,38,69,20,14,6
S01006620,Whole house or bungalow: Terraced (including end-terrace),189,146,65,81,43,29,14
S01006620,Flat maisonette or apartment or mobile/temporary accommodation,38,30,4,26,8,4,4
S01006621,All households,235,212,70,142,23,18,5
S01006621,Whole house or bungalow: Total,206,186,65,121,20,16,4
S01006621,Whole house or bungalow: Detached,9,8,5,3,1,1,0
S01006621,Whole house or bungalow: Semi-detached,57,50,14,36,7,5,2
S01006621,Whole house or bungalow: Terraced (including end-terrace),140,128,46,82,12,10,2
S01006621,Flat maisonette or apartment or mobile/temporary accommodation,29,26,5,21,3,2,1
S01006622,All households,292,262,48,214,30,5,25
S01006622,Whole house or bungalow: Total,231,215,41,174,16,3,13
S01006622,Whole house or bungalow: Detached,30,27,7,20,3,0,3
S01006622,Whole house or bungalow: Semi-detached,112,106,22,84,6,0,6
S01006622,Whole house or bungalow: Terraced (including end-terrace),89,82,12,70,7,3,4
S01006622,Flat maisonette or apartment or mobile/temporary accommodation,61,47,7,40,14,2,12
S01006623,All households,359,213,88,125,146,102,44
S01006623,Whole house or bungalow: Total,115,90,41,49,25,17,8
S01006623,Whole house or bungalow: Detached,27,18,11,7,9,5,4
S01006623,Whole house or bungalow: Semi-detached,69,60,27,33,9,5,4
S01006623,Whole house or bungalow: Terraced (including end-terrace),19,12,3,9,7,7,0
S01006623,Flat maisonette or apartment or mobile/temporary accommodation,244,123,47,76,121,85,36
S01006624,All households,481,223,86,137,258,109,149
S01006624,Whole house or bungalow: Total,94,77,46,31,17,5,12
S01006624,Whole house or bungalow: Detached,6,4,4,0,2,0,2
S01006624,Whole house or bungalow: Semi-detached,55,49,24,25,6,4,2
S01006624,Whole house or bungalow: Terraced (including end-terrace),33,24,18,6,9,1,8
S01006624,Flat maisonette or apartment or mobile/temporary accommodation,387,146,40,106,241,104,137
S01006625,All households,288,166,71,95,122,72,50
S01006625,Whole house or bungalow: Total,122,91,38,53,31,16,15
S01006625,Whole house or bungalow: Detached,4,3,1,2,1,0,1
S01006625,Whole house or bungalow: Semi-detached,90,63,27,36,27,15,12
S01006625,Whole house or bungalow: Terraced (including end-terrace),28,25,10,15,3,1,2
S01006625,Flat maisonette or apartment or mobile/temporary accommodation,166,75,33,42,91,56,35
S01006626,All households,377,137,63,74,240,201,39
S01006626,Whole house or bungalow: Total,46,35,17,18,11,10,1
S01006626,Whole house or bungalow: Detached,5,4,2,2,1,1,0
S01006626,Whole house or bungalow: Semi-detached,38,29,13,16,9,8,1
S01006626,Whole house or bungalow: Terraced (including end-terrace),3,2,2,0,1,1,0
S01006626,Flat maisonette or apartment or mobile/temporary accommodation,331,102,46,56,229,191,38
S01006627,All households,511,200,65,135,311,163,148
S01006627,Whole house or bungalow: Total,33,18,9,9,15,4,11
S01006627,Whole house or bungalow: Detached,8,5,2,3,3,1,2
S01006627,Whole house or bungalow: Semi-detached,14,9,5,4,5,1,4
S01006627,Whole house or bungalow: Terraced (including end-terrace),11,4,2,2,7,2,5
S01006627,Flat maisonette or apartment or mobile/temporary accommodation,478,182,56,126,296,159,137
S01006628,All households,635,212,50,162,423,153,270
S01006628,Whole house or bungalow: Total,31,10,4,6,21,5,16
S01006628,Whole house or bungalow: Detached,3,1,0,1,2,0,2
S01006628,Whole house or bungalow: Semi-detached,6,4,3,1,2,1,1
S01006628,Whole house or bungalow: Terraced (including end-terrace),22,5,1,4,17,4,13
S01006628,Flat maisonette or apartment or mobile/temporary accommodation,604,202,46,156,402,148,254
S01006629,All households,315,104,46,58,211,196,15
S01006629,Whole house or bungalow: Total,96,70,34,36,26,24,2
S01006629,Whole house or bungalow: Detached,11,8,2,6,3,2,1
S01006629,Whole house or bungalow: Semi-detached,65,49,25,24,16,16,0
S01006629,Whole house or bungalow: Terraced (including end-terrace),20,13,7,6,7,6,1
S01006629,Flat maisonette or apartment or mobile/temporary accommodation,219,34,12,22,185,172,13
S01006630,All households,256,110,46,64,146,133,13
S01006630,Whole house or bungalow: Total,126,68,28,40,58,52,6
S01006630,Whole house or bungalow: Detached,4,2,0,2,2,2,0
S01006630,Whole house or bungalow: Semi-detached,72,45,19,26,27,23,4
S01006630,Whole house or bungalow: Terraced (including end-terrace),50,21,9,12,29,27,2
S01006630,Flat maisonette or apartment or mobile/temporary accommodation,130,42,18,24,88,81,7
S01006631,All households,493,193,79,114,300,242,58
S01006631,Whole house or bungalow: Total,125,63,29,34,62,55,7
S01006631,Whole house or bungalow: Detached,19,13,5,8,6,5,1
S01006631,Whole house or bungalow: Semi-detached,49,21,9,12,28,26,2
S01006631,Whole house or bungalow: Terraced (including end-terrace),57,29,15,14,28,24,4
S01006631,Flat maisonette or apartment or mobile/temporary accommodation,368,130,50,80,238,187,51
S01006632,All households,423,109,45,64,314,272,42
S01006632,Whole house or bungalow: Total,23,13,8,5,10,7,3
S01006632,Whole house or bungalow: Detached,3,2,2,0,1,1,0
S01006632,Whole house or bungalow: Semi-detached,11,7,6,1,4,1,3
S01006632,Whole house or bungalow: Terraced (including end-terrace),9,4,0,4,5,5,0
S01006632,Flat maisonette or apartment or mobile/temporary accommodation,400,96,37,59,304,265,39
S01006633,All households,288,82,33,49,206,187,19
S01006633,Whole house or bungalow: Total,159,56,23,33,103,90,13
S01006633,Whole house or bungalow: Detached,12,2,1,1,10,10,0
S01006633,Whole house or bungalow: Semi-detached,60,17,7,10,43,42,1
S01006633,Whole house or bungalow: Terraced (including end-terrace),87,37,15,22,50,38,12
S01006633,Flat maisonette or apartment or mobile/temporary accommodation,129,26,10,16,103,97,6
S01006634,All households,291,42,10,32,249,239,10
S01006634,Whole house or bungalow: Total,102,26,4,22,76,70,6
S01006634,Whole house or bungalow: Detached,9,3,0,3,6,5,1
S01006634,Whole house or bungalow: Semi-detached,34,7,1,6,27,24,3
S01006634,Whole house or bungalow: Terraced (including end-terrace),59,16,3,13,43,41,2
S01006634,Flat maisonette or apartment or mobile/temporary accommodation,189,16,6,10,173,169,4
S01006635,All households,289,128,63,65,161,139,22
S01006635,Whole house or bungalow: Total,102,75,42,33,27,19,8
S01006635,Whole house or bungalow: Detached,4,2,1,1,2,1,1
S01006635,Whole house or bungalow: Semi-detached,38,26,12,14,12,9,3
S01006635,Whole house or bungalow: Terraced (including end-terrace),60,47,29,18,13,9,4
S01006635,Flat maisonette or apartment or mobile/temporary accommodation,187,53,21,32,134,120,14
S01006636,All households,386,46,20,26,340,324,16
S01006636,Whole house or bungalow: Total,42,19,11,8,23,19,4
S01006636,Whole house or bungalow: Detached,1,1,1,0,0,0,0
S01006636,Whole house or bungalow: Semi-detached,19,6,1,5,13,11,2
S01006636,Whole house or bungalow: Terraced (including end-terrace),22,12,9,3,10,8,2
S01006636,Flat maisonette or apartment or mobile/temporary accommodation,344,27,9,18,317,305,12
S01006637,All households,413,156,68,88,257,129,128
S01006637,Whole house or bungalow: Total,93,77,47,30,16,3,13
S01006637,Whole house or bungalow: Detached,14,12,7,5,2,0,2
S01006637,Whole house or bungalow: Semi-detached,7,5,5,0,2,0,2
S01006637,Whole house or bungalow: Terraced (including end-terrace),72,60,35,25,12,3,9
S01006637,Flat maisonette or apartment or mobile/temporary accommodation,320,79,21,58,241,126,115
S01006638,All households,504,182,60,122,322,136,186
S01006638,Whole house or bungalow: Total,25,12,3,9,13,4,9
S01006638,Whole house or bungalow: Detached,1,1,1,0,0,0,0
S01006638,Whole house or bungalow: Semi-detached,13,7,2,5,6,2,4
S01006638,Whole house or bungalow: Terraced (including end-terrace),11,4,0,4,7,2,5
S01006638,Flat maisonette or apartment or mobile/temporary accommodation,479,170,57,113,309,132,177
S01006639,All households,592,152,46,106,440,247,193
S01006639,Whole house or bungalow: Total,28,9,6,3,19,13,6
S01006639,Whole house or bungalow: Detached,5,2,1,1,3,1,2
S01006639,Whole house or bungalow: Semi-detached,10,2,1,1,8,6,2
S01006639,Whole house or bungalow: Terraced (including end-terrace),13,5,4,1,8,6,2
S01006639,Flat maisonette or apartment or mobile/temporary accommodation,564,143,40,103,421,234,187
S01006640,All households,376,145,22,123,231,31,200
S01006640,Whole house or bungalow: Total,8,5,0,5,3,0,3
S01006640,Whole house or bungalow: Detached,2,1,0,1,1,0,1
S01006640,Whole house or bungalow: Semi-detached,3,1,0,1,2,0,2
S01006640,Whole house or bungalow: Terraced (including end-terrace),3,3,0,3,0,0,0
S01006640,Flat maisonette or apartment or mobile/temporary accommodation,368,140,22,118,228,31,197
S01006641,All households,602,221,53,168,381,127,254
S01006641,Whole house or bungalow: Total,37,19,3,16,18,6,12
S01006641,Whole house or bungalow: Detached,7,3,0,3,4,4,0
S01006641,Whole house or bungalow: Semi-detached,3,1,1,0,2,1,1
S01006641,Whole house or bungalow: Terraced (including end-terrace),27,15,2,13,12,1,11
S01006641,Flat maisonette or apartment or mobile/temporary accommodation,565,202,50,152,363,121,242
S01006642,All households,492,176,49,127,316,98,218
S01006642,Whole house or bungalow: Total,22,16,11,5,6,0,6
S01006642,Whole house or bungalow: Detached,9,6,4,2,3,0,3
S01006642,Whole house or bungalow: Semi-detached,8,6,5,1,2,0,2
S01006642,Whole house or bungalow: Terraced (including end-terrace),5,4,2,2,1,0,1
S01006642,Flat maisonette or apartment or mobile/temporary accommodation,470,160,38,122,310,98,212
S01006643,All households,419,159,47,112,260,31,229
S01006643,Whole house or bungalow: Total,17,9,2,7,8,0,8
S01006643,Whole house or bungalow: Detached,5,5,0,5,0,0,0
S01006643,Whole house or bungalow: Semi-detached,2,0,0,0,2,0,2
S01006643,Whole house or bungalow: Terraced (including end-terrace),10,4,2,2,6,0,6
S01006643,Flat maisonette or apartment or mobile/temporary accommodation,402,150,45,105,252,31,221
S01006644,All households,553,172,34,138,381,137,244
S01006644,Whole house or bungalow: Total,16,8,2,6,8,3,5
S01006644,Whole house or bungalow: Detached,3,2,0,2,1,1,0
S01006644,Whole house or bungalow: Semi-detached,8,4,2,2,4,1,3
S01006644,Whole house or bungalow: Terraced (including end-terrace),5,2,0,2,3,1,2
S01006644,Flat maisonette or apartment or mobile/temporary accommodation,537,164,32,132,373,134,239
S01006645,All households,393,67,39,28,326,272,54
S01006645,Whole house or bungalow: Total,9,5,2,3,4,3,1
S01006645,Whole house or bungalow: Detached,3,2,1,1,1,0,1
S01006645,Whole house or bungalow: Semi-detached,1,1,1,0,0,0,0
S01006645,Whole house or bungalow: Terraced (including end-terrace),5,2,0,2,3,3,0
S01006645,Flat maisonette or apartment or mobile/temporary accommodation,384,62,37,25,322,269,53
S01006646,All households,340,87,27,60,253,84,169
S01006646,Whole house or bungalow: Total,10,2,2,0,8,6,2
S01006646,Whole house or bungalow: Detached,3,1,1,0,2,1,1
S01006646,Whole house or bungalow: Semi-detached,1,0,0,0,1,0,1
S01006646,Whole house or bungalow: Terraced (including end-terrace),6,1,1,0,5,5,0
S01006646,Flat maisonette or apartment or mobile/temporary accommodation,330,85,25,60,245,78,167
S01006647,All households,341,87,54,33,254,161,93
S01006647,Whole house or bungalow: Total,18,9,5,4,9,3,6
S01006647,Whole house or bungalow: Detached,2,1,0,1,1,0,1
S01006647,Whole house or bungalow: Semi-detached,5,3,2,1,2,1,1
S01006647,Whole house or bungalow: Terraced (including end-terrace),11,5,3,2,6,2,4
S01006647,Flat maisonette or apartment or mobile/temporary accommodation,323,78,49,29,245,158,87
S01006648,All households,651,177,47,130,474,185,289
S01006648,Whole house or bungalow: Total,13,5,2,3,8,2,6
S01006648,Whole house or bungalow: Detached,3,2,0,2,1,0,1
S01006648,Whole house or bungalow: Semi-detached,7,2,2,0,5,2,3
S01006648,Whole house or bungalow: Terraced (including end-terrace),3,1,0,1,2,0,2
S01006648,Flat maisonette or apartment or mobile/temporary accommodation,638,172,45,127,466,183,283
S01006649,All households,583,150,35,115,433,204,229
S01006649,Whole house or bungalow: Total,13,9,3,6,4,0,4
S01006649,Whole house or bungalow: Detached,3,3,1,2,0,0,0
S01006649,Whole house or bungalow: Semi-detached,3,2,1,1,1,0,1
S01006649,Whole house or bungalow: Terraced (including end-terrace),7,4,1,3,3,0,3
S01006649,Flat maisonette or apartment or mobile/temporary accommodation,570,141,32,109,429,204,225
S01006650,All households,481,195,66,129,286,78,208
S01006650,Whole house or bungalow: Total,41,24,11,13,17,3,14
S01006650,Whole house or bungalow: Detached,4,2,2,0,2,1,1
S01006650,Whole house or bungalow: Semi-detached,22,12,3,9,10,0,10
S01006650,Whole house or bungalow: Terraced (including end-terrace),15,10,6,4,5,2,3
S01006650,Flat maisonette or apartment or mobile/temporary accommodation,440,171,55,116,269,75,194
S01006651,All households,382,100,34,66,282,129,153
S01006651,Whole house or bungalow: Total,23,11,10,1,12,3,9
S01006651,Whole house or bungalow: Detached,8,5,5,0,3,0,3
S01006651,Whole house or bungalow: Semi-detached,8,3,3,0,5,1,4
S01006651,Whole house or bungalow: Terraced (including end-terrace),7,3,2,1,4,2,2
S01006651,Flat maisonette or apartment or mobile/temporary accommodation,359,89,24,65,270,126,144
S01006652,All households,308,111,19,92,197,51,146
S01006652,Whole house or bungalow: Total,16,7,5,2,9,3,6
S01006652,Whole house or bungalow: Detached,5,4,4,0,1,1,0
S01006652,Whole house or bungalow: Semi-detached,7,2,1,1,5,1,4
S01006652,Whole house or bungalow: Terraced (including end-terrace),4,1,0,1,3,1,2
S01006652,Flat maisonette or apartment or mobile/temporary accommodation,292,104,14,90,188,48,140
S01006653,All households,296,162,67,95,134,21,113
S01006653,Whole house or bungalow: Total,76,68,36,32,8,0,8
S01006653,Whole house or bungalow: Detached,10,9,3,6,1,0,1
S01006653,Whole house or bungalow: Semi-detached,51,44,24,20,7,0,7
S01006653,Whole house or bungalow: Terraced (including end-terrace),15,15,9,6,0,0,0
S01006653,Flat maisonette or apartment or mobile/temporary accommodation,220,94,31,63,126,21,105
S01006654,All households,504,177,83,94,327,240,87
S01006654,Whole house or bungalow: Total,48,20,11,9,28,24,4
S01006654,Whole house or bungalow: Detached,7,4,1,3,3,2,1
S01006654,Whole house or bungalow: Semi-detached,15,7,6,1,8,7,1
S01006654,Whole house or bungalow: Terraced (including end-terrace),26,9,4,5,17,15,2
S01006654,Flat maisonette or apartment or mobile/temporary accommodation,456,157,72,85,299,216,83
S01006655,All households,334,185,70,115,149,45,104
S01006655,Whole house or bungalow: Total,81,69,36,33,12,0,12
S01006655,Whole house or bungalow: Detached,1,1,1,0,0,0,0
S01006655,Whole house or bungalow: Semi-detached,18,11,7,4,7,0,7
S01006655,Whole house or bungalow: Terraced (including end-terrace),62,57,28,29,5,0,5
S01006655,Flat maisonette or apartment or mobile/temporary accommodation,253,116,34,82,137,45,92
S01006656,All households,524,199,51,148,325,116,209
S01006656,Whole house or bungalow: Total,49,35,12,23,14,5,9
S01006656,Whole house or bungalow: Detached,12,8,5,3,4,1,3
S01006656,Whole house or bungalow: Semi-detached,20,15,5,10,5,0,5
S01006656,Whole house or bungalow: Terraced (including end-terrace),17,12,2,10,5,4,1
S01006656,Flat maisonette or apartment or mobile/temporary accommodation,475,164,39,125,311,111,200
S01006657,All households,286,112,30,82,174,87,87
S01006657,Whole house or bungalow: Total,19,11,4,7,8,1,7
S01006657,Whole house or bungalow: Detached,3,3,1,2,0,0,0
S01006657,Whole house or bungalow: Semi-detached,6,2,1,1,4,0,4
S01006657,Whole house or bungalow: Terraced (including end-terrace),10,6,2,4,4,1,3
S01006657,Flat maisonette or apartment or mobile/temporary accommodation,267,101,26,75,166,86,80
S01006658,All households,525,121,36,85,404,204,200
S01006658,Whole house or bungalow: Total,28,14,4,10,14,4,10
S01006658,Whole house or bungalow: Detached,5,3,1,2,2,0,2
S01006658,Whole house or bungalow: Semi-detached,11,7,1,6,4,2,2
S01006658,Whole house or bungalow: Terraced (including end-terrace),12,4,2,2,8,2,6
S01006658,Flat maisonette or apartment or mobile/temporary accommodation,497,107,32,75,390,200,190
S01006659,All households,287,159,72,87,128,11,117
S01006659,Whole house or bungalow: Total,88,57,30,27,31,4,27
S01006659,Whole house or bungalow: Detached,11,8,5,3,3,2,1
S01006659,Whole house or bungalow: Semi-detached,54,37,19,18,17,1,16
S01006659,Whole house or bungalow: Terraced (including end-terrace),23,12,6,6,11,1,10
S01006659,Flat maisonette or apartment or mobile/temporary accommodation,199,102,42,60,97,7,90
S01006660,All households,247,65,17,48,182,81,101
S01006660,Whole house or bungalow: Total,8,4,0,4,4,0,4
S01006660,Whole house or bungalow: Detached,4,2,0,2,2,0,2
S01006660,Whole house or bungalow: Semi-detached,3,1,0,1,2,0,2
S01006660,Whole house or bungalow: Terraced (including end-terrace),1,1,0,1,0,0,0
S01006660,Flat maisonette or apartment or mobile/temporary accommodation,239,61,17,44,178,81,97
S01006661,All households,301,153,83,70,148,22,126
S01006661,Whole house or bungalow: Total,119,87,57,30,32,3,29
S01006661,Whole house or bungalow: Detached,7,6,4,2,1,0,1
S01006661,Whole house or bungalow: Semi-detached,57,39,25,14,18,0,18
S01006661,Whole house or bungalow: Terraced (including end-terrace),55,42,28,14,13,3,10
S01006661,Flat maisonette or apartment or mobile/temporary accommodation,182,66,26,40,116,19,97
S01006662,All households,285,55,18,37,230,153,77
S01006662,Whole house or bungalow: Total,38,26,11,15,12,1,11
S01006662,Whole house or bungalow: Detached,2,0,0,0,2,0,2
S01006662,Whole house or bungalow: Semi-detached,11,6,2,4,5,1,4
S01006662,Whole house or bungalow: Terraced (including end-terrace),25,20,9,11,5,0,5
S01006662,Flat maisonette or apartment or mobile/temporary accommodation,247,29,7,22,218,152,66
S01006663,All households,245,86,43,43,159,14,145
S01006663,Whole house or bungalow: Total,88,50,27,23,38,1,37
S01006663,Whole house or bungalow: Detached,11,4,2,2,7,0,7
S01006663,Whole house or bungalow: Semi-detached,15,6,2,4,9,1,8
S01006663,Whole house or bungalow: Terraced (including end-terrace),62,40,23,17,22,0,22
S01006663,Flat maisonette or apartment or mobile/temporary accommodation,157,36,16,20,121,13,108
S01006664,All households,237,95,42,53,142,25,117
S01006664,Whole house or bungalow: Total,54,28,17,11,26,5,21
S01006664,Whole house or bungalow: Detached,13,8,5,3,5,0,5
S01006664,Whole house or bungalow: Semi-detached,27,12,6,6,15,3,12
S01006664,Whole house or bungalow: Terraced (including end-terrace),14,8,6,2,6,2,4
S01006664,Flat maisonette or apartment or mobile/temporary accommodation,183,67,25,42,116,20,96
S01006665,All households,316,121,49,72,195,36,159
S01006665,Whole house or bungalow: Total,60,32,25,7,28,8,20
S01006665,Whole house or bungalow: Detached,8,6,4,2,2,1,1
S01006665,Whole house or bungalow: Semi-detached,35,21,16,5,14,5,9
S01006665,Whole house or bungalow: Terraced (including end-terrace),17,5,5,0,12,2,10
S01006665,Flat maisonette or apartment or mobile/temporary accommodation,256,89,24,65,167,28,139
S01006666,All households,499,48,24,24,451,426,25
S01006666,Whole house or bungalow: Total,21,14,7,7,7,3,4
S01006666,Whole house or bungalow: Detached,5,1,1,0,4,0,4
S01006666,Whole house or bungalow: Semi-detached,9,8,4,4,1,1,0
S01006666,Whole house or bungalow: Terraced (including end-terrace),7,5,2,3,2,2,0
S01006666,Flat maisonette or apartment or mobile/temporary accommodation,478,34,17,17,444,423,21
S01006667,All households,447,57,23,34,390,340,50
S01006667,Whole house or bungalow: Total,12,7,3,4,5,5,0
S01006667,Whole house or bungalow: Detached,3,2,0,2,1,1,0
S01006667,Whole house or bungalow: Semi-detached,8,5,3,2,3,3,0
S01006667,Whole house or bungalow: Terraced (including end-terrace),1,0,0,0,1,1,0
S01006667,Flat maisonette or apartment or mobile/temporary accommodation,435,50,20,30,385,335,50
S01006668,All households,413,174,61,113,239,75,164
S01006668,Whole house or bungalow: Total,4,2,0,2,2,1,1
S01006668,Whole house or bungalow: Detached,0,0,0,0,0,0,0
S01006668,Whole house or bungalow: Semi-detached,1,1,0,1,0,0,0
S01006668,Whole house or bungalow: Terraced (including end-terrace),3,1,0,1,2,1,1
S01006668,Flat maisonette or apartment or mobile/temporary accommodation,409,172,61,111,237,74,163
S01006669,All households,444,103,53,50,341,215,126
S01006669,Whole house or bungalow: Total,74,29,17,12,45,9,36
S01006669,Whole house or bungalow: Detached,20,10,6,4,10,1,9
S01006669,Whole house or bungalow: Semi-detached,25,12,8,4,13,2,11
S01006669,Whole house or bungalow: Terraced (including end-terrace),29,7,3,4,22,6,16
S01006669,Flat maisonette or apartment or mobile/temporary accommodation,370,74,36,38,296,206,90
S01006670,All households,347,147,44,103,200,97,103
S01006670,Whole house or bungalow: Total,6,2,1,1,4,3,1
S01006670,Whole house or bungalow: Detached,0,0,0,0,0,0,0
S01006670,Whole house or bungalow: Semi-detached,4,2,1,1,2,2,0
S01006670,Whole house or bungalow: Terraced (including end-terrace),2,0,0,0,2,1,1
S01006670,Flat maisonette or apartment or mobile/temporary accommodation,341,145,43,102,196,94,102
S01006671,All households,233,97,40,57,136,62,74
S01006671,Whole house or bungalow: Total,54,36,16,20,18,1,17
S01006671,Whole house or bungalow: Detached,21,18,11,7,3,1,2
S01006671,Whole house or bungalow: Semi-detached,13,8,2,6,5,0,5
S01006671,Whole house or bungalow: Terraced (including end-terrace),20,10,3,7,10,0,10
S01006671,Flat maisonette or apartment or mobile/temporary accommodation,179,61,24,37,118,61,57
S01006672,All households,366,90,38,52,276,206,70
S01006672,Whole house or bungalow: Total,75,35,14,21,40,28,12
S01006672,Whole house or bungalow: Detached,18,12,4,8,6,3,3
S01006672,Whole house or bungalow: Semi-detached,28,17,8,9,11,5,6
S01006672,Whole house or bungalow: Terraced (including end-terrace),29,6,2,4,23,20,3
S01006672,Flat maisonette or apartment or mobile/temporary accommodation,291,55,24,31,236,178,58
S01006673,All households,367,89,37,52,278,209,69
S01006673,Whole house or bungalow: Total,66,38,20,18,28,8,20
S01006673,Whole house or bungalow: Detached,28,23,16,7,5,1,4
S01006673,Whole house or bungalow: Semi-detached,19,11,4,7,8,1,7
S01006673,Whole house or bungalow: Terraced (including end-terrace),19,4,0,4,15,6,9
S01006673,Flat maisonette or apartment or mobile/temporary accommodation,301,51,17,34,250,201,49
S01006674,All households,544,67,56,11,477,445,32
S01006674,Whole house or bungalow: Total,18,9,5,4,9,5,4
S01006674,Whole house or bungalow: Detached,8,4,3,1,4,1,3
S01006674,Whole house or bungalow: Semi-detached,5,3,1,2,2,1,1
S01006674,Whole house or bungalow: Terraced (including end-terrace),5,2,1,1,3,3,0
S01006674,Flat maisonette or apartment or mobile/temporary accommodation,526,58,51,7,468,440,28
S01006675,All households,315,19,2,17,296,284,12
S01006675,Whole house or bungalow: Total,22,10,1,9,12,9,3
S01006675,Whole house or bungalow: Detached,1,1,0,1,0,0,0
S01006675,Whole house or bungalow: Semi-detached,8,3,0,3,5,3,2
S01006675,Whole house or bungalow: Terraced (including end-terrace),13,6,1,5,7,6,1
S01006675,Flat maisonette or apartment or mobile/temporary accommodation,293,9,1,8,284,275,9
S01006676,All households,358,71,36,35,287,252,35
S01006676,Whole house or bungalow: Total,114,40,21,19,74,54,20
S01006676,Whole house or bungalow: Detached,5,4,1,3,1,1,0
S01006676,Whole house or bungalow: Semi-detached,52,15,8,7,37,23,14
S01006676,Whole house or bungalow: Terraced (including end-terrace),57,21,12,9,36,30,6
S01006676,Flat maisonette or apartment or mobile/temporary accommodation,244,31,15,16,213,198,15
S01006677,All households,398,113,51,62,285,237,48
S01006677,Whole house or bungalow: Total,96,67,33,34,29,19,10
S01006677,Whole house or bungalow: Detached,3,2,1,1,1,1,0
S01006677,Whole house or bungalow: Semi-detached,25,21,12,9,4,3,1
S01006677,Whole house or bungalow: Terraced (including end-terrace),68,44,20,24,24,15,9
S01006677,Flat maisonette or apartment or mobile/temporary accommodation,302,46,18,28,256,218,38
S01006678,All households,525,129,55,74,396,366,30
S01006678,Whole house or bungalow: Total,163,90,39,51,73,59,14
S01006678,Whole house or bungalow: Detached,15,9,3,6,6,5,1
S01006678,Whole house or bungalow: Semi-detached,58,28,11,17,30,26,4
S01006678,Whole house or bungalow: Terraced (including end-terrace),90,53,25,28,37,28,9
S01006678,Flat maisonette or apartment or mobile/temporary accommodation,362,39,16,23,323,307,16
S01006679,All households,315,241,131,110,74,40,34
S01006679,Whole house or bungalow: Total,237,212,119,93,25,2,23
S01006679,Whole house or bungalow: Detached,30,27,19,8,3,1,2
S01006679,Whole house or bungalow: Semi-detached,131,121,65,56,10,1,9
S01006679,Whole house or bungalow: Terraced (including end-terrace),76,64,35,29,12,0,12
S01006679,Flat maisonette or apartment or mobile/temporary accommodation,78,29,12,17,49,38,11
S01006680,All households,416,62,29,33,354,345,9
S01006680,Whole house or bungalow: Total,59,39,18,21,20,18,2
S01006680,Whole house or bungalow: Detached,9,7,3,4,2,1,1
S01006680,Whole house or bungalow: Semi-detached,12,8,3,5,4,4,0
S01006680,Whole house or bungalow: Terraced (including end-terrace),38,24,12,12,14,13,1
S01006680,Flat maisonette or apartment or mobile/temporary accommodation,357,23,11,12,334,327,7
S01006681,All households,464,184,49,135,280,222,58
S01006681,Whole house or bungalow: Total,83,71,26,45,12,5,7
S01006681,Whole house or bungalow: Detached,8,7,4,3,1,1,0
S01006681,Whole house or bungalow: Semi-detached,33,28,11,17,5,1,4
S01006681,Whole house or bungalow: Terraced (including end-terrace),42,36,11,25,6,3,3
S01006681,Flat maisonette or apartment or mobile/temporary accommodation,381,113,23,90,268,217,51
S01006682,All households,384,56,20,36,328,299,29
S01006682,Whole house or bungalow: Total,39,23,9,14,16,14,2
S01006682,Whole house or bungalow: Detached,9,5,3,2,4,2,2
S01006682,Whole house or bungalow: Semi-detached,16,15,5,10,1,1,0
S01006682,Whole house or bungalow: Terraced (including end-terrace),14,3,1,2,11,11,0
S01006682,Flat maisonette or apartment or mobile/temporary accommodation,345,33,11,22,312,285,27
S01006683,All households,370,89,28,61,281,217,64
S01006683,Whole house or bungalow: Total,63,51,21,30,12,2,10
S01006683,Whole house or bungalow: Detached,2,2,1,1,0,0,0
S01006683,Whole house or bungalow: Semi-detached,53,44,18,26,9,2,7
S01006683,Whole house or bungalow: Terraced (including end-terrace),8,5,2,3,3,0,3
S01006683,Flat maisonette or apartment or mobile/temporary accommodation,307,38,7,31,269,215,54
S01006684,All households,401,97,36,61,304,247,57
S01006684,Whole house or bungalow: Total,62,33,14,19,29,20,9
S01006684,Whole house or bungalow: Detached,17,12,4,8,5,3,2
S01006684,Whole house or bungalow: Semi-detached,26,16,7,9,10,8,2
S01006684,Whole house or bungalow: Terraced (including end-terrace),19,5,3,2,14,9,5
S01006684,Flat maisonette or apartment or mobile/temporary accommodation,339,64,22,42,275,227,48
S01006685,All households,427,147,39,108,280,223,57
S01006685,Whole house or bungalow: Total,27,17,7,10,10,7,3
S01006685,Whole house or bungalow: Detached,6,4,2,2,2,2,0
S01006685,Whole house or bungalow: Semi-detached,14,8,4,4,6,3,3
S01006685,Whole house or bungalow: Terraced (including end-terrace),7,5,1,4,2,2,0
S01006685,Flat maisonette or apartment or mobile/temporary accommodation,400,130,32,98,270,216,54
S01006686,All households,305,160,63,97,145,111,34
S01006686,Whole house or bungalow: Total,20,13,7,6,7,5,2
S01006686,Whole house or bungalow: Detached,4,3,1,2,1,0,1
S01006686,Whole house or bungalow: Semi-detached,5,3,3,0,2,2,0
S01006686,Whole house or bungalow: Terraced (including end-terrace),11,7,3,4,4,3,1
S01006686,Flat maisonette or apartment or mobile/temporary accommodation,285,147,56,91,138,106,32
S01006687,All households,419,221,95,126,198,134,64
S01006687,Whole house or bungalow: Total,20,13,4,9,7,4,3
S01006687,Whole house or bungalow: Detached,3,3,2,1,0,0,0
S01006687,Whole house or bungalow: Semi-detached,12,8,1,7,4,2,2
S01006687,Whole house or bungalow: Terraced (including end-terrace),5,2,1,1,3,2,1
S01006687,Flat maisonette or apartment or mobile/temporary accommodation,399,208,91,117,191,130,61
S01006688,All households,510,296,173,123,214,173,41
S01006688,Whole house or bungalow: Total,233,212,128,84,21,8,13
S01006688,Whole house or bungalow: Detached,20,19,14,5,1,0,1
S01006688,Whole house or bungalow: Semi-detached,156,142,87,55,14,4,10
S01006688,Whole house or bungalow: Terraced (including end-terrace),57,51,27,24,6,4,2
S01006688,Flat maisonette or apartment or mobile/temporary accommodation,277,84,45,39,193,165,28
S01006689,All households,288,222,81,141,66,6,60
S01006689,Whole house or bungalow: Total,137,123,54,69,14,0,14
S01006689,Whole house or bungalow: Detached,33,30,10,20,3,0,3
S01006689,Whole house or bungalow: Semi-detached,46,41,23,18,5,0,5
S01006689,Whole house or bungalow: Terraced (including end-terrace),58,52,21,31,6,0,6
S01006689,Flat maisonette or apartment or mobile/temporary accommodation,151,99,27,72,52,6,46
S01006690,All households,308,196,91,105,112,40,72
S01006690,Whole house or bungalow: Total,56,36,17,19,20,9,11
S01006690,Whole house or bungalow: Detached,3,3,2,1,0,0,0
S01006690,Whole house or bungalow: Semi-detached,22,15,7,8,7,1,6
S01006690,Whole house or bungalow: Terraced (including end-terrace),31,18,8,10,13,8,5
S01006690,Flat maisonette or apartment or mobile/temporary accommodation,252,160,74,86,92,31,61
S01006691,All households,271,179,65,114,92,21,71
S01006691,Whole house or bungalow: Total,76,62,32,30,14,0,14
S01006691,Whole house or bungalow: Detached,27,26,11,15,1,0,1
S01006691,Whole house or bungalow: Semi-detached,39,28,15,13,11,0,11
S01006691,Whole house or bungalow: Terraced (including end-terrace),10,8,6,2,2,0,2
S01006691,Flat maisonette or apartment or mobile/temporary accommodation,195,117,33,84,78,21,57
S01006692,All households,361,268,140,128,93,37,56
S01006692,Whole house or bungalow: Total,183,159,91,68,24,0,24
S01006692,Whole house or bungalow: Detached,16,14,9,5,2,0,2
S01006692,Whole house or bungalow: Semi-detached,112,96,57,39,16,0,16
S01006692,Whole house or bungalow: Terraced (including end-terrace),55,49,25,24,6,0,6
S01006692,Flat maisonette or apartment or mobile/temporary accommodation,178,109,49,60,69,37,32
S01006693,All households,497,257,91,166,240,119,121
S01006693,Whole house or bungalow: Total,81,60,26,34,21,8,13
S01006693,Whole house or bungalow: Detached,30,24,13,11,6,1,5
S01006693,Whole house or bungalow: Semi-detached,31,23,9,14,8,3,5
S01006693,Whole house or bungalow: Terraced (including end-terrace),20,13,4,9,7,4,3
S01006693,Flat maisonette or apartment or mobile/temporary accommodation,416,197,65,132,219,111,108
S01006694,All households,480,122,54,68,358,343,15
S01006694,Whole house or bungalow: Total,97,76,40,36,21,16,5
S01006694,Whole house or bungalow: Detached,1,0,0,0,1,1,0
S01006694,Whole house or bungalow: Semi-detached,16,11,6,5,5,5,0
S01006694,Whole house or bungalow: Terraced (including end-terrace),80,65,34,31,15,10,5
S01006694,Flat maisonette or apartment or mobile/temporary accommodation,383,46,14,32,337,327,10
S01006695,All households,346,218,116,102,128,105,23
S01006695,Whole house or bungalow: Total,252,193,103,90,59,50,9
S01006695,Whole house or bungalow: Detached,6,6,4,2,0,0,0
S01006695,Whole house or bungalow: Semi-detached,85,67,36,31,18,16,2
S01006695,Whole house or bungalow: Terraced (including end-terrace),161,120,63,57,41,34,7
S01006695,Flat maisonette or apartment or mobile/temporary accommodation,94,25,13,12,69,55,14
S01006696,All households,390,158,66,92,232,187,45
S01006696,Whole house or bungalow: Total,156,105,37,68,51,36,15
S01006696,Whole house or bungalow: Detached,2,2,2,0,0,0,0
S01006696,Whole house or bungalow: Semi-detached,24,12,6,6,12,6,6
S01006696,Whole house or bungalow: Terraced (including end-terrace),130,91,29,62,39,30,9
S01006696,Flat maisonette or apartment or mobile/temporary accommodation,234,53,29,24,181,151,30
S01006697,All households,435,205,100,105,230,192,38
S01006697,Whole house or bungalow: Total,202,154,73,81,48,29,19
S01006697,Whole house or bungalow: Detached,27,21,13,8,6,1,5
S01006697,Whole house or bungalow: Semi-detached,68,54,24,30,14,9,5
S01006697,Whole house or bungalow: Terraced (including end-terrace),107,79,36,43,28,19,9
S01006697,Flat maisonette or apartment or mobile/temporary accommodation,233,51,27,24,182,163,19
S01006698,All households,409,110,48,62,299,251,48
S01006698,Whole house or bungalow: Total,60,31,15,16,29,22,7
S01006698,Whole house or bungalow: Detached,2,0,0,0,2,1,1
S01006698,Whole house or bungalow: Semi-detached,11,4,3,1,7,6,1
S01006698,Whole house or bungalow: Terraced (including end-terrace),47,27,12,15,20,15,5
S01006698,Flat maisonette or apartment or mobile/temporary accommodation,349,79,33,46,270,229,41
S01006699,All households,209,147,76,71,62,28,34
S01006699,Whole house or bungalow: Total,106,95,59,36,11,3,8
S01006699,Whole house or bungalow: Detached,6,4,4,0,2,0,2
S01006699,Whole house or bungalow: Semi-detached,75,71,48,23,4,1,3
S01006699,Whole house or bungalow: Terraced (including end-terrace),25,20,7,13,5,2,3
S01006699,Flat maisonette or apartment or mobile/temporary accommodation,103,52,17,35,51,25,26
S01006700,All households,431,219,121,98,212,150,62
S01006700,Whole house or bungalow: Total,189,147,103,44,42,22,20
S01006700,Whole house or bungalow: Detached,59,55,44,11,4,2,2
S01006700,Whole house or bungalow: Semi-detached,55,38,25,13,17,8,9
S01006700,Whole house or bungalow: Terraced (including end-terrace),75,54,34,20,21,12,9
S01006700,Flat maisonette or apartment or mobile/temporary accommodation,242,72,18,54,170,128,42
S01006701,All households,321,140,54,86,181,168,13
S01006701,Whole house or bungalow: Total,176,104,43,61,72,64,8
S01006701,Whole house or bungalow: Detached,3,2,1,1,1,1,0
S01006701,Whole house or bungalow: Semi-detached,48,26,12,14,22,19,3
S01006701,Whole house or bungalow: Terraced (including end-terrace),125,76,30,46,49,44,5
S01006701,Flat maisonette or apartment or mobile/temporary accommodation,145,36,11,25,109,104,5
S01006702,All households,332,231,107,124,101,90,11
S01006702,Whole house or bungalow: Total,318,226,104,122,92,83,9
S01006702,Whole house or bungalow: Detached,5,2,0,2,3,3,0
S01006702,Whole house or bungalow: Semi-detached,99,67,35,32,32,29,3
S01006702,Whole house or bungalow: Terraced (including end-terrace),214,157,69,88,57,51,6
S01006702,Flat maisonette or apartment or mobile/temporary accommodation,14,5,3,2,9,7,2
S01006703,All households,301,152,57,95,149,134,15
S01006703,Whole house or bungalow: Total,201,123,51,72,78,72,6
S01006703,Whole house or bungalow: Detached,9,5,1,4,4,3,1
S01006703,Whole house or bungalow: Semi-detached,63,36,15,21,27,27,0
S01006703,Whole house or bungalow: Terraced (including end-terrace),129,82,35,47,47,42,5
S01006703,Flat maisonette or apartment or mobile/temporary accommodation,100,29,6,23,71,62,9
S01006704,All households,301,105,42,63,196,186,10
S01006704,Whole house or bungalow: Total,115,77,31,46,38,34,4
S01006704,Whole house or bungalow: Detached,4,1,0,1,3,3,0
S01006704,Whole house or bungalow: Semi-detached,24,18,5,13,6,5,1
S01006704,Whole house or bungalow: Terraced (including end-terrace),87,58,26,32,29,26,3
S01006704,Flat maisonette or apartment or mobile/temporary accommodation,186,28,11,17,158,152,6
S01006705,All households,364,184,93,91,180,164,16
S01006705,Whole house or bungalow: Total,279,172,84,88,107,94,13
S01006705,Whole house or bungalow: Detached,5,2,1,1,3,2,1
S01006705,Whole house or bungalow: Semi-detached,56,35,14,21,21,19,2
S01006705,Whole house or bungalow: Terraced (including end-terrace),218,135,69,66,83,73,10
S01006705,Flat maisonette or apartment or mobile/temporary accommodation,85,12,9,3,73,70,3
S01006706,All households,272,140,48,92,132,117,15
S01006706,Whole house or bungalow: Total,201,128,44,84,73,61,12
S01006706,Whole house or bungalow: Detached,8,4,1,3,4,4,0
S01006706,Whole house or bungalow: Semi-detached,61,38,15,23,23,17,6
S01006706,Whole house or bungalow: Terraced (including end-terrace),132,86,28,58,46,40,6
S01006706,Flat maisonette or apartment or mobile/temporary accommodation,71,12,4,8,59,56,3
S01006707,All households,311,122,57,65,189,171,18
S01006707,Whole house or bungalow: Total,172,101,42,59,71,63,8
S01006707,Whole house or bungalow: Detached,9,3,1,2,6,6,0
S01006707,Whole house or bungalow: Semi-detached,35,18,10,8,17,16,1
S01006707,Whole house or bungalow: Terraced (including end-terrace),128,80,31,49,48,41,7
S01006707,Flat maisonette or apartment or mobile/temporary accommodation,139,21,15,6,118,108,10
S01006708,All households,364,200,84,116,164,144,20
S01006708,Whole house or bungalow: Total,310,198,84,114,112,93,19
S01006708,Whole house or bungalow: Detached,9,2,1,1,7,7,0
S01006708,Whole house or bungalow: Semi-detached,97,61,24,37,36,29,7
S01006708,Whole house or bungalow: Terraced (including end-terrace),204,135,59,76,69,57,12
S01006708,Flat maisonette or apartment or mobile/temporary accommodation,54,2,0,2,52,51,1
S01006709,All households,376,168,70,98,208,186,22
S01006709,Whole house or bungalow: Total,286,155,65,90,131,116,15
S01006709,Whole house or bungalow: Detached,11,5,2,3,6,6,0
S01006709,Whole house or bungalow: Semi-detached,114,48,21,27,66,57,9
S01006709,Whole house or bungalow: Terraced (including end-terrace),161,102,42,60,59,53,6
S01006709,Flat maisonette or apartment or mobile/temporary accommodation,90,13,5,8,77,70,7
S01006710,All households,415,238,97,141,177,166,11
S01006710,Whole house or bungalow: Total,379,237,97,140,142,131,11
S01006710,Whole house or bungalow: Detached,6,4,3,1,2,2,0
S01006710,Whole house or bungalow: Semi-detached,121,63,27,36,58,54,4
S01006710,Whole house or bungalow: Terraced (including end-terrace),252,170,67,103,82,75,7
S01006710,Flat maisonette or apartment or mobile/temporary accommodation,36,1,0,1,35,35,0
S01006711,All households,511,244,82,162,267,245,22
S01006711,Whole house or bungalow: Total,324,208,73,135,116,108,8
S01006711,Whole house or bungalow: Detached,6,4,1,3,2,2,0
S01006711,Whole house or bungalow: Semi-detached,84,37,13,24,47,42,5
S01006711,Whole house or bungalow: Terraced (including end-terrace),234,167,59,108,67,64,3
S01006711,Flat maisonette or apartment or mobile/temporary accommodation,187,36,9,27,151,137,14
S01006712,All households,250,170,76,94,80,70,10
S01006712,Whole house or bungalow: Total,245,170,76,94,75,65,10
S01006712,Whole house or bungalow: Detached,11,5,3,2,6,6,0
S01006712,Whole house or bungalow: Semi-detached,63,42,23,19,21,20,1
S01006712,Whole house or bungalow: Terraced (including end-terrace),171,123,50,73,48,39,9
S01006712,Flat maisonette or apartment or mobile/temporary accommodation,5,0,0,0,5,5,0
S01006713,All households,420,215,93,122,205,187,18
S01006713,Whole house or bungalow: Total,338,199,91,108,139,126,13
S01006713,Whole house or bungalow: Detached,5,1,0,1,4,4,0
S01006713,Whole house or bungalow: Semi-detached,88,55,25,30,33,31,2
S01006713,Whole house or bungalow: Terraced (including end-terrace),245,143,66,77,102,91,11
S01006713,Flat maisonette or apartment or mobile/temporary accommodation,82,16,2,14,66,61,5
S01006714,All households,304,182,83,99,122,104,18
S01006714,Whole house or bungalow: Total,220,151,75,76,69,61,8
S01006714,Whole house or bungalow: Detached,6,4,0,4,2,1,1
S01006714,Whole house or bungalow: Semi-detached,112,82,47,35,30,27,3
S01006714,Whole house or bungalow: Terraced (including end-terrace),102,65,28,37,37,33,4
S01006714,Flat maisonette or apartment or mobile/temporary accommodation,84,31,8,23,53,43,10
S01006715,All households,218,87,31,56,131,122,9
S01006715,Whole house or bungalow: Total,161,74,25,49,87,82,5
S01006715,Whole house or bungalow: Detached,10,3,1,2,7,6,1
S01006715,Whole house or bungalow: Semi-detached,68,32,9,23,36,33,3
S01006715,Whole house or bungalow: Terraced (including end-terrace),83,39,15,24,44,43,1
S01006715,Flat maisonette or apartment or mobile/temporary accommodation,57,13,6,7,44,40,4
S01006716,All households,242,122,45,77,120,113,7
S01006716,Whole house or bungalow: Total,207,118,43,75,89,84,5
S01006716,Whole house or bungalow: Detached,9,1,0,1,8,8,0
S01006716,Whole house or bungalow: Semi-detached,114,70,28,42,44,43,1
S01006716,Whole house or bungalow: Terraced (including end-terrace),84,47,15,32,37,33,4
S01006716,Flat maisonette or apartment or mobile/temporary accommodation,35,4,2,2,31,29,2
S01006717,All households,445,223,94,129,222,210,12
S01006717,Whole house or bungalow: Total,367,213,90,123,154,145,9
S01006717,Whole house or bungalow: Detached,10,3,2,1,7,7,0
S01006717,Whole house or bungalow: Semi-detached,85,46,19,27,39,38,1
S01006717,Whole house or bungalow: Terraced (including end-terrace),272,164,69,95,108,100,8
S01006717,Flat maisonette or apartment or mobile/temporary accommodation,78,10,4,6,68,65,3
S01006718,All households,248,131,58,73,117,101,16
S01006718,Whole house or bungalow: Total,233,127,58,69,106,92,14
S01006718,Whole house or bungalow: Detached,8,4,2,2,4,3,1
S01006718,Whole house or bungalow: Semi-detached,187,99,46,53,88,78,10
S01006718,Whole house or bungalow: Terraced (including end-terrace),38,24,10,14,14,11,3
S01006718,Flat maisonette or apartment or mobile/temporary accommodation,15,4,0,4,11,9,2
S01006719,All households,350,204,61,143,146,131,15
S01006719,Whole house or bungalow: Total,341,201,61,140,140,125,15
S01006719,Whole house or bungalow: Detached,8,4,2,2,4,3,1
S01006719,Whole house or bungalow: Semi-detached,142,80,26,54,62,56,6
S01006719,Whole house or bungalow: Terraced (including end-terrace),191,117,33,84,74,66,8
S01006719,Flat maisonette or apartment or mobile/temporary accommodation,9,3,0,3,6,6,0
S01006720,All households,242,137,40,97,105,91,14
S01006720,Whole house or bungalow: Total,226,133,39,94,93,79,14
S01006720,Whole house or bungalow: Detached,3,1,1,0,2,1,1
S01006720,Whole house or bungalow: Semi-detached,61,41,16,25,20,15,5
S01006720,Whole house or bungalow: Terraced (including end-terrace),162,91,22,69,71,63,8
S01006720,Flat maisonette or apartment or mobile/temporary accommodation,16,4,1,3,12,12,0
S01006721,All households,386,207,85,122,179,166,13
S01006721,Whole house or bungalow: Total,338,203,83,120,135,123,12
S01006721,Whole house or bungalow: Detached,5,1,0,1,4,3,1
S01006721,Whole house or bungalow: Semi-detached,135,71,29,42,64,57,7
S01006721,Whole house or bungalow: Terraced (including end-terrace),198,131,54,77,67,63,4
S01006721,Flat maisonette or apartment or mobile/temporary accommodation,48,4,2,2,44,43,1
S01006722,All households,312,187,76,111,125,112,13
S01006722,Whole house or bungalow: Total,264,178,72,106,86,78,8
S01006722,Whole house or bungalow: Detached,11,5,4,1,6,4,2
S01006722,Whole house or bungalow: Semi-detached,67,40,17,23,27,27,0
S01006722,Whole house or bungalow: Terraced (including end-terrace),186,133,51,82,53,47,6
S01006722,Flat maisonette or apartment or mobile/temporary accommodation,48,9,4,5,39,34,5
S01006723,All households,283,172,71,101,111,93,18
S01006723,Whole house or bungalow: Total,272,170,71,99,102,85,17
S01006723,Whole house or bungalow: Detached,8,4,2,2,4,3,1
S01006723,Whole house or bungalow: Semi-detached,105,63,29,34,42,34,8
S01006723,Whole house or bungalow: Terraced (including end-terrace),159,103,40,63,56,48,8
S01006723,Flat maisonette or apartment or mobile/temporary accommodation,11,2,0,2,9,8,1
S01006724,All households,343,68,15,53,275,263,12
S01006724,Whole house or bungalow: Total,145,50,11,39,95,89,6
S01006724,Whole house or bungalow: Detached,4,2,0,2,2,2,0
S01006724,Whole house or bungalow: Semi-detached,70,26,6,20,44,39,5
S01006724,Whole house or bungalow: Terraced (including end-terrace),71,22,5,17,49,48,1
S01006724,Flat maisonette or apartment or mobile/temporary accommodation,198,18,4,14,180,174,6
S01006725,All households,265,131,48,83,134,124,10
S01006725,Whole house or bungalow: Total,219,130,47,83,89,80,9
S01006725,Whole house or bungalow: Detached,9,2,0,2,7,4,3
S01006725,Whole house or bungalow: Semi-detached,88,52,22,30,36,34,2
S01006725,Whole house or bungalow: Terraced (including end-terrace),122,76,25,51,46,42,4
S01006725,Flat maisonette or apartment or mobile/temporary accommodation,46,1,1,0,45,44,1
S01006726,All households,505,70,19,51,435,411,24
S01006726,Whole house or bungalow: Total,109,36,10,26,73,65,8
S01006726,Whole house or bungalow: Detached,17,6,3,3,11,8,3
S01006726,Whole house or bungalow: Semi-detached,66,17,6,11,49,49,0
S01006726,Whole house or bungalow: Terraced (including end-terrace),26,13,1,12,13,8,5
S01006726,Flat maisonette or apartment or mobile/temporary accommodation,396,34,9,25,362,346,16
S01006727,All households,395,60,21,39,335,319,16
S01006727,Whole house or bungalow: Total,138,47,18,29,91,82,9
S01006727,Whole house or bungalow: Detached,10,1,0,1,9,5,4
S01006727,Whole house or bungalow: Semi-detached,73,22,7,15,51,49,2
S01006727,Whole house or bungalow: Terraced (including end-terrace),55,24,11,13,31,28,3
S01006727,Flat maisonette or apartment or mobile/temporary accommodation,257,13,3,10,244,237,7
S01006728,All households,334,177,70,107,157,148,9
S01006728,Whole house or bungalow: Total,212,141,61,80,71,68,3
S01006728,Whole house or bungalow: Detached,2,1,0,1,1,1,0
S01006728,Whole house or bungalow: Semi-detached,87,53,26,27,34,33,1
S01006728,Whole house or bungalow: Terraced (including end-terrace),123,87,35,52,36,34,2
S01006728,Flat maisonette or apartment or mobile/temporary accommodation,122,36,9,27,86,80,6
S01006729,All households,349,100,36,64,249,234,15
S01006729,Whole house or bungalow: Total,111,48,20,28,63,57,6
S01006729,Whole house or bungalow: Detached,7,3,3,0,4,3,1
S01006729,Whole house or bungalow: Semi-detached,88,34,14,20,54,50,4
S01006729,Whole house or bungalow: Terraced (including end-terrace),16,11,3,8,5,4,1
S01006729,Flat maisonette or apartment or mobile/temporary accommodation,238,52,16,36,186,177,9
S01006730,All households,276,189,64,125,87,81,6
S01006730,Whole house or bungalow: Total,247,184,62,122,63,59,4
S01006730,Whole house or bungalow: Detached,7,4,1,3,3,3,0
S01006730,Whole house or bungalow: Semi-detached,43,26,6,20,17,16,1
S01006730,Whole house or bungalow: Terraced (including end-terrace),197,154,55,99,43,40,3
S01006730,Flat maisonette or apartment or mobile/temporary accommodation,29,5,2,3,24,22,2
S01006731,All households,257,129,53,76,128,123,5
S01006731,Whole house or bungalow: Total,163,110,47,63,53,51,2
S01006731,Whole house or bungalow: Detached,2,0,0,0,2,2,0
S01006731,Whole house or bungalow: Semi-detached,28,12,7,5,16,16,0
S01006731,Whole house or bungalow: Terraced (including end-terrace),133,98,40,58,35,33,2
S01006731,Flat maisonette or apartment or mobile/temporary accommodation,94,19,6,13,75,72,3
S01006732,All households,353,265,113,152,88,26,62
S01006732,Whole house or bungalow: Total,313,246,104,142,67,13,54
S01006732,Whole house or bungalow: Detached,244,209,96,113,35,8,27
S01006732,Whole house or bungalow: Semi-detached,59,31,8,23,28,1,27
S01006732,Whole house or bungalow: Terraced (including end-terrace),10,6,0,6,4,4,0
S01006732,Flat maisonette or apartment or mobile/temporary accommodation,40,19,9,10,21,13,8
S01006733,All households,309,283,97,186,26,7,19
S01006733,Whole house or bungalow: Total,304,282,96,186,22,4,18
S01006733,Whole house or bungalow: Detached,233,217,79,138,16,0,16
S01006733,Whole house or bungalow: Semi-detached,66,63,16,47,3,1,2
S01006733,Whole house or bungalow: Terraced (including end-terrace),5,2,1,1,3,3,0
S01006733,Flat maisonette or apartment or mobile/temporary accommodation,5,1,1,0,4,3,1
S01006734,All households,352,308,88,220,44,5,39
S01006734,Whole house or bungalow: Total,326,295,83,212,31,1,30
S01006734,Whole house or bungalow: Detached,187,170,63,107,17,0,17
S01006734,Whole house or bungalow: Semi-detached,133,121,19,102,12,1,11
S01006734,Whole house or bungalow: Terraced (including end-terrace),6,4,1,3,2,0,2
S01006734,Flat maisonette or apartment or mobile/temporary accommodation,26,13,5,8,13,4,9
S01006735,All households,245,229,119,110,16,4,12
S01006735,Whole house or bungalow: Total,242,228,118,110,14,2,12
S01006735,Whole house or bungalow: Detached,187,177,110,67,10,0,10
S01006735,Whole house or bungalow: Semi-detached,32,29,7,22,3,2,1
S01006735,Whole house or bungalow: Terraced (including end-terrace),23,22,1,21,1,0,1
S01006735,Flat maisonette or apartment or mobile/temporary accommodation,3,1,1,0,2,2,0
S01006736,All households,395,355,80,275,40,15,25
S01006736,Whole house or bungalow: Total,384,353,79,274,31,8,23
S01006736,Whole house or bungalow: Detached,199,188,57,131,11,0,11
S01006736,Whole house or bungalow: Semi-detached,171,152,20,132,19,8,11
S01006736,Whole house or bungalow: Terraced (including end-terrace),14,13,2,11,1,0,1
S01006736,Flat maisonette or apartment or mobile/temporary accommodation,11,2,1,1,9,7,2
S01006737,All households,265,219,113,106,46,16,30
S01006737,Whole house or bungalow: Total,258,217,111,106,41,11,30
S01006737,Whole house or bungalow: Detached,159,141,76,65,18,2,16
S01006737,Whole house or bungalow: Semi-detached,81,64,30,34,17,6,11
S01006737,Whole house or bungalow: Terraced (including end-terrace),18,12,5,7,6,3,3
S01006737,Flat maisonette or apartment or mobile/temporary accommodation,7,2,2,0,5,5,0
S01006738,All households,453,269,80,189,184,88,96
S01006738,Whole house or bungalow: Total,97,72,40,32,25,8,17
S01006738,Whole house or bungalow: Detached,48,37,28,9,11,1,10
S01006738,Whole house or bungalow: Semi-detached,30,24,7,17,6,2,4
S01006738,Whole house or bungalow: Terraced (including end-terrace),19,11,5,6,8,5,3
S01006738,Flat maisonette or apartment or mobile/temporary accommodation,356,197,40,157,159,80,79
S01006739,All households,309,226,67,159,83,8,75
S01006739,Whole house or bungalow: Total,157,137,57,80,20,3,17
S01006739,Whole house or bungalow: Detached,24,20,10,10,4,0,4
S01006739,Whole house or bungalow: Semi-detached,48,45,26,19,3,1,2
S01006739,Whole house or bungalow: Terraced (including end-terrace),85,72,21,51,13,2,11
S01006739,Flat maisonette or apartment or mobile/temporary accommodation,152,89,10,79,63,5,58
S01006740,All households,335,228,99,129,107,91,16
S01006740,Whole house or bungalow: Total,291,210,94,116,81,70,11
S01006740,Whole house or bungalow: Detached,9,5,2,3,4,1,3
S01006740,Whole house or bungalow: Semi-detached,135,99,39,60,36,31,5
S01006740,Whole house or bungalow: Terraced (including end-terrace),147,106,53,53,41,38,3
S01006740,Flat maisonette or apartment or mobile/temporary accommodation,44,18,5,13,26,21,5
S01006741,All households,342,216,124,92,126,108,18
S01006741,Whole house or bungalow: Total,327,209,122,87,118,104,14
S01006741,Whole house or bungalow: Detached,8,3,2,1,5,3,2
S01006741,Whole house or bungalow: Semi-detached,64,37,17,20,27,23,4
S01006741,Whole house or bungalow: Terraced (including end-terrace),255,169,103,66,86,78,8
S01006741,Flat maisonette or apartment or mobile/temporary accommodation,15,7,2,5,8,4,4
S01006742,All households,233,142,64,78,91,79,12
S01006742,Whole house or bungalow: Total,223,138,62,76,85,75,10
S01006742,Whole house or bungalow: Detached,4,1,1,0,3,3,0
S01006742,Whole house or bungalow: Semi-detached,27,12,6,6,15,15,0
S01006742,Whole house or bungalow: Terraced (including end-terrace),192,125,55,70,67,57,10
S01006742,Flat maisonette or apartment or mobile/temporary accommodation,10,4,2,2,6,4,2
S01006743,All households,271,209,83,126,62,48,14
S01006743,Whole house or bungalow: Total,178,134,70,64,44,37,7
S01006743,Whole house or bungalow: Detached,29,27,17,10,2,1,1
S01006743,Whole house or bungalow: Semi-detached,115,80,37,43,35,31,4
S01006743,Whole house or bungalow: Terraced (including end-terrace),34,27,16,11,7,5,2
S01006743,Flat maisonette or apartment or mobile/temporary accommodation,93,75,13,62,18,11,7
S01006744,All households,302,220,84,136,82,55,27
S01006744,Whole house or bungalow: Total,125,94,49,45,31,26,5
S01006744,Whole house or bungalow: Detached,22,21,12,9,1,1,0
S01006744,Whole house or bungalow: Semi-detached,50,36,20,16,14,13,1
S01006744,Whole house or bungalow: Terraced (including end-terrace),53,37,17,20,16,12,4
S01006744,Flat maisonette or apartment or mobile/temporary accommodation,177,126,35,91,51,29,22
S01006745,All households,409,213,99,114,196,165,31
S01006745,Whole house or bungalow: Total,189,117,59,58,72,61,11
S01006745,Whole house or bungalow: Detached,30,22,10,12,8,3,5
S01006745,Whole house or bungalow: Semi-detached,62,37,25,12,25,23,2
S01006745,Whole house or bungalow: Terraced (including end-terrace),97,58,24,34,39,35,4
S01006745,Flat maisonette or apartment or mobile/temporary accommodation,220,96,40,56,124,104,20
S01006746,All households,350,219,105,114,131,112,19
S01006746,Whole house or bungalow: Total,329,213,103,110,116,102,14
S01006746,Whole house or bungalow: Detached,8,5,4,1,3,3,0
S01006746,Whole house or bungalow: Semi-detached,224,154,75,79,70,59,11
S01006746,Whole house or bungalow: Terraced (including end-terrace),97,54,24,30,43,40,3
S01006746,Flat maisonette or apartment or mobile/temporary accommodation,21,6,2,4,15,10,5
S01006747,All households,368,326,219,107,42,8,34
S01006747,Whole house or bungalow: Total,352,322,219,103,30,5,25
S01006747,Whole house or bungalow: Detached,14,12,8,4,2,0,2
S01006747,Whole house or bungalow: Semi-detached,286,264,185,79,22,1,21
S01006747,Whole house or bungalow: Terraced (including end-terrace),52,46,26,20,6,4,2
S01006747,Flat maisonette or apartment or mobile/temporary accommodation,16,4,0,4,12,3,9
S01006748,All households,408,310,164,146,98,50,48
S01006748,Whole house or bungalow: Total,309,263,146,117,46,34,12
S01006748,Whole house or bungalow: Detached,152,146,87,59,6,1,5
S01006748,Whole house or bungalow: Semi-detached,89,68,33,35,21,14,7
S01006748,Whole house or bungalow: Terraced (including end-terrace),68,49,26,23,19,19,0
S01006748,Flat maisonette or apartment or mobile/temporary accommodation,99,47,18,29,52,16,36
S01006749,All households,419,291,122,169,128,95,33
S01006749,Whole house or bungalow: Total,286,227,106,121,59,44,15
S01006749,Whole house or bungalow: Detached,43,35,19,16,8,5,3
S01006749,Whole house or bungalow: Semi-detached,108,77,38,39,31,30,1
S01006749,Whole house or bungalow: Terraced (including end-terrace),135,115,49,66,20,9,11
S01006749,Flat maisonette or apartment or mobile/temporary accommodation,133,64,16,48,69,51,18
S01006750,All households,292,216,102,114,76,62,14
S01006750,Whole house or bungalow: Total,225,175,86,89,50,44,6
S01006750,Whole house or bungalow: Detached,19,18,12,6,1,0,1
S01006750,Whole house or bungalow: Semi-detached,128,95,49,46,33,31,2
S01006750,Whole house or bungalow: Terraced (including end-terrace),78,62,25,37,16,13,3
S01006750,Flat maisonette or apartment or mobile/temporary accommodation,67,41,16,25,26,18,8
S01006751,All households,241,131,64,67,110,94,16
S01006751,Whole house or bungalow: Total,156,108,57,51,48,40,8
S01006751,Whole house or bungalow: Detached,26,23,13,10,3,2,1
S01006751,Whole house or bungalow: Semi-detached,89,64,32,32,25,20,5
S01006751,Whole house or bungalow: Terraced (including end-terrace),41,21,12,9,20,18,2
S01006751,Flat maisonette or apartment or mobile/temporary accommodation,85,23,7,16,62,54,8
S01006752,All households,339,232,119,113,107,93,14
S01006752,Whole house or bungalow: Total,241,185,105,80,56,50,6
S01006752,Whole house or bungalow: Detached,10,6,4,2,4,4,0
S01006752,Whole house or bungalow: Semi-detached,146,106,69,37,40,36,4
S01006752,Whole house or bungalow: Terraced (including end-terrace),85,73,32,41,12,10,2
S01006752,Flat maisonette or apartment or mobile/temporary accommodation,98,47,14,33,51,43,8
S01006753,All households,410,337,194,143,73,40,33
S01006753,Whole house or bungalow: Total,338,303,184,119,35,17,18
S01006753,Whole house or bungalow: Detached,120,112,72,40,8,1,7
S01006753,Whole house or bungalow: Semi-detached,166,151,88,63,15,6,9
S01006753,Whole house or bungalow: Terraced (including end-terrace),52,40,24,16,12,10,2
S01006753,Flat maisonette or apartment or mobile/temporary accommodation,72,34,10,24,38,23,15
S01006754,All households,400,361,207,154,39,13,26
S01006754,Whole house or bungalow: Total,338,311,195,116,27,9,18
S01006754,Whole house or bungalow: Detached,122,119,79,40,3,0,3
S01006754,Whole house or bungalow: Semi-detached,186,168,105,63,18,5,13
S01006754,Whole house or bungalow: Terraced (including end-terrace),30,24,11,13,6,4,2
S01006754,Flat maisonette or apartment or mobile/temporary accommodation,62,50,12,38,12,4,8
S01006755,All households,289,218,80,138,71,15,56
S01006755,Whole house or bungalow: Total,235,195,69,126,40,1,39
S01006755,Whole house or bungalow: Detached,120,100,44,56,20,0,20
S01006755,Whole house or bungalow: Semi-detached,108,91,25,66,17,1,16
S01006755,Whole house or bungalow: Terraced (including end-terrace),7,4,0,4,3,0,3
S01006755,Flat maisonette or apartment or mobile/temporary accommodation,54,23,11,12,31,14,17
S01006756,All households,286,207,29,178,79,5,74
S01006756,Whole house or bungalow: Total,140,129,23,106,11,3,8
S01006756,Whole house or bungalow: Detached,79,75,16,59,4,0,4
S01006756,Whole house or bungalow: Semi-detached,18,13,1,12,5,2,3
S01006756,Whole house or bungalow: Terraced (including end-terrace),43,41,6,35,2,1,1
S01006756,Flat maisonette or apartment or mobile/temporary accommodation,146,78,6,72,68,2,66
S01006757,All households,343,306,102,204,37,5,32
S01006757,Whole house or bungalow: Total,282,254,91,163,28,3,25
S01006757,Whole house or bungalow: Detached,73,67,31,36,6,1,5
S01006757,Whole house or bungalow: Semi-detached,179,163,55,108,16,1,15
S01006757,Whole house or bungalow: Terraced (including end-terrace),30,24,5,19,6,1,5
S01006757,Flat maisonette or apartment or mobile/temporary accommodation,61,52,11,41,9,2,7
S01006758,All households,318,296,121,175,22,1,21
S01006758,Whole house or bungalow: Total,238,231,109,122,7,0,7
S01006758,Whole house or bungalow: Detached,104,100,49,51,4,0,4
S01006758,Whole house or bungalow: Semi-detached,130,127,59,68,3,0,3
S01006758,Whole house or bungalow: Terraced (including end-terrace),4,4,1,3,0,0,0
S01006758,Flat maisonette or apartment or mobile/temporary accommodation,80,65,12,53,15,1,14
S01006759,All households,251,226,107,119,25,6,19
S01006759,Whole house or bungalow: Total,225,211,105,106,14,3,11
S01006759,Whole house or bungalow: Detached,114,111,61,50,3,0,3
S01006759,Whole house or bungalow: Semi-detached,104,95,44,51,9,1,8
S01006759,Whole house or bungalow: Terraced (including end-terrace),7,5,0,5,2,2,0
S01006759,Flat maisonette or apartment or mobile/temporary accommodation,26,15,2,13,11,3,8
S01006760,All households,235,210,70,140,25,1,24
S01006760,Whole house or bungalow: Total,178,168,62,106,10,0,10
S01006760,Whole house or bungalow: Detached,25,23,18,5,2,0,2
S01006760,Whole house or bungalow: Semi-detached,68,65,27,38,3,0,3
S01006760,Whole house or bungalow: Terraced (including end-terrace),85,80,17,63,5,0,5
S01006760,Flat maisonette or apartment or mobile/temporary accommodation,57,42,8,34,15,1,14
S01006761,All households,334,313,143,170,21,2,19
S01006761,Whole house or bungalow: Total,271,259,135,124,12,0,12
S01006761,Whole house or bungalow: Detached,97,94,52,42,3,0,3
S01006761,Whole house or bungalow: Semi-detached,145,136,69,67,9,0,9
S01006761,Whole house or bungalow: Terraced (including end-terrace),29,29,14,15,0,0,0
S01006761,Flat maisonette or apartment or mobile/temporary accommodation,63,54,8,46,9,2,7
S01006762,All households,416,290,189,101,126,77,49
S01006762,Whole house or bungalow: Total,367,285,188,97,82,42,40
S01006762,Whole house or bungalow: Detached,114,80,51,29,34,4,30
S01006762,Whole house or bungalow: Semi-detached,193,173,117,56,20,14,6
S01006762,Whole house or bungalow: Terraced (including end-terrace),60,32,20,12,28,24,4
S01006762,Flat maisonette or apartment or mobile/temporary accommodation,49,5,1,4,44,35,9
S01006763,All households,334,301,54,247,33,2,31
S01006763,Whole house or bungalow: Total,327,298,53,245,29,1,28
S01006763,Whole house or bungalow: Detached,54,51,20,31,3,0,3
S01006763,Whole house or bungalow: Semi-detached,158,141,26,115,17,0,17
S01006763,Whole house or bungalow: Terraced (including end-terrace),115,106,7,99,9,1,8
S01006763,Flat maisonette or apartment or mobile/temporary accommodation,7,3,1,2,4,1,3
S01006764,All households,345,311,91,220,34,3,31
S01006764,Whole house or bungalow: Total,295,274,83,191,21,2,19
S01006764,Whole house or bungalow: Detached,36,35,16,19,1,0,1
S01006764,Whole house or bungalow: Semi-detached,175,166,54,112,9,0,9
S01006764,Whole house or bungalow: Terraced (including end-terrace),84,73,13,60,11,2,9
S01006764,Flat maisonette or apartment or mobile/temporary accommodation,50,37,8,29,13,1,12
S01006765,All households,273,248,74,174,25,2,23
S01006765,Whole house or bungalow: Total,192,184,61,123,8,0,8
S01006765,Whole house or bungalow: Detached,39,38,18,20,1,0,1
S01006765,Whole house or bungalow: Semi-detached,117,113,32,81,4,0,4
S01006765,Whole house or bungalow: Terraced (including end-terrace),36,33,11,22,3,0,3
S01006765,Flat maisonette or apartment or mobile/temporary accommodation,81,64,13,51,17,2,15
S01006766,All households,240,225,83,142,15,4,11
S01006766,Whole house or bungalow: Total,220,210,80,130,10,1,9
S01006766,Whole house or bungalow: Detached,143,138,72,66,5,0,5
S01006766,Whole house or bungalow: Semi-detached,54,51,8,43,3,1,2
S01006766,Whole house or bungalow: Terraced (including end-terrace),23,21,0,21,2,0,2
S01006766,Flat maisonette or apartment or mobile/temporary accommodation,20,15,3,12,5,3,2
S01006767,All households,283,227,100,127,56,35,21
S01006767,Whole house or bungalow: Total,277,227,100,127,50,31,19
S01006767,Whole house or bungalow: Detached,82,79,34,45,3,0,3
S01006767,Whole house or bungalow: Semi-detached,88,72,25,47,16,7,9
S01006767,Whole house or bungalow: Terraced (including end-terrace),107,76,41,35,31,24,7
S01006767,Flat maisonette or apartment or mobile/temporary accommodation,6,0,0,0,6,4,2
S01006768,All households,212,209,90,119,3,1,2
S01006768,Whole house or bungalow: Total,209,207,89,118,2,0,2
S01006768,Whole house or bungalow: Detached,189,187,82,105,2,0,2
S01006768,Whole house or bungalow: Semi-detached,19,19,7,12,0,0,0
S01006768,Whole house or bungalow: Terraced (including end-terrace),1,1,0,1,0,0,0
S01006768,Flat maisonette or apartment or mobile/temporary accommodation,3,2,1,1,1,1,0
S01006769,All households,392,332,129,203,60,41,19
S01006769,Whole house or bungalow: Total,380,328,127,201,52,37,15
S01006769,Whole house or bungalow: Detached,82,77,34,43,5,3,2
S01006769,Whole house or bungalow: Semi-detached,164,136,54,82,28,20,8
S01006769,Whole house or bungalow: Terraced (including end-terrace),134,115,39,76,19,14,5
S01006769,Flat maisonette or apartment or mobile/temporary accommodation,12,4,2,2,8,4,4
S01006770,All households,273,263,141,122,10,3,7
S01006770,Whole house or bungalow: Total,269,263,141,122,6,2,4
S01006770,Whole house or bungalow: Detached,62,60,32,28,2,1,1
S01006770,Whole house or bungalow: Semi-detached,197,193,107,86,4,1,3
S01006770,Whole house or bungalow: Terraced (including end-terrace),10,10,2,8,0,0,0
S01006770,Flat maisonette or apartment or mobile/temporary accommodation,4,0,0,0,4,1,3
S01006771,All households,150,142,59,83,8,1,7
S01006771,Whole house or bungalow: Total,147,141,59,82,6,0,6
S01006771,Whole house or bungalow: Detached,80,76,35,41,4,0,4
S01006771,Whole house or bungalow: Semi-detached,64,62,23,39,2,0,2
S01006771,Whole house or bungalow: Terraced (including end-terrace),3,3,1,2,0,0,0
S01006771,Flat maisonette or apartment or mobile/temporary accommodation,3,1,0,1,2,1,1
S01006772,All households,375,352,164,188,23,3,20
S01006772,Whole house or bungalow: Total,303,290,149,141,13,2,11
S01006772,Whole house or bungalow: Detached,64,61,35,26,3,0,3
S01006772,Whole house or bungalow: Semi-detached,233,224,113,111,9,2,7
S01006772,Whole house or bungalow: Terraced (including end-terrace),6,5,1,4,1,0,1
S01006772,Flat maisonette or apartment or mobile/temporary accommodation,72,62,15,47,10,1,9
S01006773,All households,255,240,104,136,15,5,10
S01006773,Whole house or bungalow: Total,252,239,104,135,13,3,10
S01006773,Whole house or bungalow: Detached,78,75,35,40,3,0,3
S01006773,Whole house or bungalow: Semi-detached,171,161,67,94,10,3,7
S01006773,Whole house or bungalow: Terraced (including end-terrace),3,3,2,1,0,0,0
S01006773,Flat maisonette or apartment or mobile/temporary accommodation,3,1,0,1,2,2,0
S01006774,All households,221,212,103,109,9,2,7
S01006774,Whole house or bungalow: Total,216,209,103,106,7,1,6
S01006774,Whole house or bungalow: Detached,100,98,60,38,2,0,2
S01006774,Whole house or bungalow: Semi-detached,114,110,43,67,4,0,4
S01006774,Whole house or bungalow: Terraced (including end-terrace),2,1,0,1,1,1,0
S01006774,Flat maisonette or apartment or mobile/temporary accommodation,5,3,0,3,2,1,1
S01006775,All households,319,209,64,145,110,80,30
S01006775,Whole house or bungalow: Total,170,125,48,77,45,36,9
S01006775,Whole house or bungalow: Detached,21,18,5,13,3,0,3
S01006775,Whole house or bungalow: Semi-detached,76,62,25,37,14,14,0
S01006775,Whole house or bungalow: Terraced (including end-terrace),73,45,18,27,28,22,6
S01006775,Flat maisonette or apartment or mobile/temporary accommodation,149,84,16,68,65,44,21
S01006776,All households,271,136,63,73,135,117,18
S01006776,Whole house or bungalow: Total,148,94,46,48,54,44,10
S01006776,Whole house or bungalow: Detached,4,4,1,3,0,0,0
S01006776,Whole house or bungalow: Semi-detached,102,68,32,36,34,26,8
S01006776,Whole house or bungalow: Terraced (including end-terrace),42,22,13,9,20,18,2
S01006776,Flat maisonette or apartment or mobile/temporary accommodation,123,42,17,25,81,73,8
S01006777,All households,262,251,150,101,11,3,8
S01006777,Whole house or bungalow: Total,259,250,150,100,9,3,6
S01006777,Whole house or bungalow: Detached,80,79,48,31,1,0,1
S01006777,Whole house or bungalow: Semi-detached,172,165,98,67,7,3,4
S01006777,Whole house or bungalow: Terraced (including end-terrace),7,6,4,2,1,0,1
S01006777,Flat maisonette or apartment or mobile/temporary accommodation,3,1,0,1,2,0,2
S01006778,All households,287,252,127,125,35,25,10
S01006778,Whole house or bungalow: Total,260,238,122,116,22,14,8
S01006778,Whole house or bungalow: Detached,41,37,21,16,4,1,3
S01006778,Whole house or bungalow: Semi-detached,172,160,88,72,12,8,4
S01006778,Whole house or bungalow: Terraced (including end-terrace),47,41,13,28,6,5,1
S01006778,Flat maisonette or apartment or mobile/temporary accommodation,27,14,5,9,13,11,2
S01006779,All households,293,166,76,90,127,111,16
S01006779,Whole house or bungalow: Total,203,131,61,70,72,61,11
S01006779,Whole house or bungalow: Detached,10,7,4,3,3,2,1
S01006779,Whole house or bungalow: Semi-detached,79,53,25,28,26,24,2
S01006779,Whole house or bungalow: Terraced (including end-terrace),114,71,32,39,43,35,8
S01006779,Flat maisonette or apartment or mobile/temporary accommodation,90,35,15,20,55,50,5
S01006780,All households,254,199,96,103,55,41,14
S01006780,Whole house or bungalow: Total,231,183,94,89,48,38,10
S01006780,Whole house or bungalow: Detached,34,30,21,9,4,1,3
S01006780,Whole house or bungalow: Semi-detached,98,77,42,35,21,18,3
S01006780,Whole house or bungalow: Terraced (including end-terrace),99,76,31,45,23,19,4
S01006780,Flat maisonette or apartment or mobile/temporary accommodation,23,16,2,14,7,3,4
S01006781,All households,295,269,169,100,26,9,17
S01006781,Whole house or bungalow: Total,277,258,167,91,19,3,16
S01006781,Whole house or bungalow: Detached,25,23,16,7,2,0,2
S01006781,Whole house or bungalow: Semi-detached,209,195,135,60,14,2,12
S01006781,Whole house or bungalow: Terraced (including end-terrace),43,40,16,24,3,1,2
S01006781,Flat maisonette or apartment or mobile/temporary accommodation,18,11,2,9,7,6,1
S01006782,All households,341,274,103,171,67,25,42
S01006782,Whole house or bungalow: Total,231,193,88,105,38,19,19
S01006782,Whole house or bungalow: Detached,113,99,41,58,14,2,12
S01006782,Whole house or bungalow: Semi-detached,83,71,36,35,12,8,4
S01006782,Whole house or bungalow: Terraced (including end-terrace),35,23,11,12,12,9,3
S01006782,Flat maisonette or apartment or mobile/temporary accommodation,110,81,15,66,29,6,23
S01006783,All households,299,251,164,87,48,38,10
S01006783,Whole house or bungalow: Total,257,244,161,83,13,7,6
S01006783,Whole house or bungalow: Detached,17,16,10,6,1,0,1
S01006783,Whole house or bungalow: Semi-detached,200,194,131,63,6,1,5
S01006783,Whole house or bungalow: Terraced (including end-terrace),40,34,20,14,6,6,0
S01006783,Flat maisonette or apartment or mobile/temporary accommodation,42,7,3,4,35,31,4
S01006784,All households,302,249,125,124,53,1,52
S01006784,Whole house or bungalow: Total,199,182,104,78,17,0,17
S01006784,Whole house or bungalow: Detached,40,38,25,13,2,0,2
S01006784,Whole house or bungalow: Semi-detached,139,127,69,58,12,0,12
S01006784,Whole house or bungalow: Terraced (including end-terrace),20,17,10,7,3,0,3
S01006784,Flat maisonette or apartment or mobile/temporary accommodation,103,67,21,46,36,1,35
S01006785,All households,223,208,75,133,15,2,13
S01006785,Whole house or bungalow: Total,197,185,70,115,12,1,11
S01006785,Whole house or bungalow: Detached,102,99,44,55,3,0,3
S01006785,Whole house or bungalow: Semi-detached,86,78,25,53,8,1,7
S01006785,Whole house or bungalow: Terraced (including end-terrace),9,8,1,7,1,0,1
S01006785,Flat maisonette or apartment or mobile/temporary accommodation,26,23,5,18,3,1,2
S01006786,All households,339,301,120,181,38,13,25
S01006786,Whole house or bungalow: Total,279,258,113,145,21,9,12
S01006786,Whole house or bungalow: Detached,121,119,60,59,2,1,1
S01006786,Whole house or bungalow: Semi-detached,140,127,49,78,13,5,8
S01006786,Whole house or bungalow: Terraced (including end-terrace),18,12,4,8,6,3,3
S01006786,Flat maisonette or apartment or mobile/temporary accommodation,60,43,7,36,17,4,13
S01006787,All households,281,228,109,119,53,32,21
S01006787,Whole house or bungalow: Total,278,227,109,118,51,31,20
S01006787,Whole house or bungalow: Detached,82,78,48,30,4,1,3
S01006787,Whole house or bungalow: Semi-detached,116,88,38,50,28,21,7
S01006787,Whole house or bungalow: Terraced (including end-terrace),80,61,23,38,19,9,10
S01006787,Flat maisonette or apartment or mobile/temporary accommodation,3,1,0,1,2,1,1
S01006788,All households,302,251,70,181,51,3,48
S01006788,Whole house or bungalow: Total,247,228,67,161,19,1,18
S01006788,Whole house or bungalow: Detached,94,82,34,48,12,0,12
S01006788,Whole house or bungalow: Semi-detached,118,111,27,84,7,1,6
S01006788,Whole house or bungalow: Terraced (including end-terrace),35,35,6,29,0,0,0
S01006788,Flat maisonette or apartment or mobile/temporary accommodation,55,23,3,20,32,2,30
S01006789,All households,290,208,136,72,82,14,68
S01006789,Whole house or bungalow: Total,246,190,127,63,56,13,43
S01006789,Whole house or bungalow: Detached,144,123,90,33,21,0,21
S01006789,Whole house or bungalow: Semi-detached,78,52,26,26,26,8,18
S01006789,Whole house or bungalow: Terraced (including end-terrace),24,15,11,4,9,5,4
S01006789,Flat maisonette or apartment or mobile/temporary accommodation,44,18,9,9,26,1,25
S01006790,All households,444,266,176,90,178,129,49
S01006790,Whole house or bungalow: Total,394,254,170,84,140,105,35
S01006790,Whole house or bungalow: Detached,167,141,107,34,26,6,20
S01006790,Whole house or bungalow: Semi-detached,163,82,45,37,81,70,11
S01006790,Whole house or bungalow: Terraced (including end-terrace),64,31,18,13,33,29,4
S01006790,Flat maisonette or apartment or mobile/temporary accommodation,50,12,6,6,38,24,14
S01006791,All households,253,124,80,44,129,21,108
S01006791,Whole house or bungalow: Total,235,123,79,44,112,6,106
S01006791,Whole house or bungalow: Detached,199,106,69,37,93,1,92
S01006791,Whole house or bungalow: Semi-detached,30,14,9,5,16,5,11
S01006791,Whole house or bungalow: Terraced (including end-terrace),6,3,1,2,3,0,3
S01006791,Flat maisonette or apartment or mobile/temporary accommodation,18,1,1,0,17,15,2
S01006792,All households,214,90,68,22,124,3,121
S01006792,Whole house or bungalow: Total,210,90,68,22,120,3,117
S01006792,Whole house or bungalow: Detached,166,73,58,15,93,0,93
S01006792,Whole house or bungalow: Semi-detached,40,15,9,6,25,3,22
S01006792,Whole house or bungalow: Terraced (including end-terrace),4,2,1,1,2,0,2
S01006792,Flat maisonette or apartment or mobile/temporary accommodation,4,0,0,0,4,0,4
S01006793,All households,245,131,90,41,114,40,74
S01006793,Whole house or bungalow: Total,221,128,89,39,93,29,64
S01006793,Whole house or bungalow: Detached,123,88,64,24,35,0,35
S01006793,Whole house or bungalow: Semi-detached,87,37,23,14,50,27,23
S01006793,Whole house or bungalow: Terraced (including end-terrace),11,3,2,1,8,2,6
S01006793,Flat maisonette or apartment or mobile/temporary accommodation,24,3,1,2,21,11,10
S01006794,All households,280,194,109,85,86,69,17
S01006794,Whole house or bungalow: Total,275,192,107,85,83,66,17
S01006794,Whole house or bungalow: Detached,116,109,65,44,7,4,3
S01006794,Whole house or bungalow: Semi-detached,120,65,31,34,55,43,12
S01006794,Whole house or bungalow: Terraced (including end-terrace),39,18,11,7,21,19,2
S01006794,Flat maisonette or apartment or mobile/temporary accommodation,5,2,2,0,3,3,0
S01006795,All households,319,244,149,95,75,29,46
S01006795,Whole house or bungalow: Total,263,220,138,82,43,17,26
S01006795,Whole house or bungalow: Detached,204,185,116,69,19,0,19
S01006795,Whole house or bungalow: Semi-detached,49,34,22,12,15,8,7
S01006795,Whole house or bungalow: Terraced (including end-terrace),10,1,0,1,9,9,0
S01006795,Flat maisonette or apartment or mobile/temporary accommodation,56,24,11,13,32,12,20
S01006796,All households,222,170,87,83,52,21,31
S01006796,Whole house or bungalow: Total,216,169,87,82,47,17,30
S01006796,Whole house or bungalow: Detached,160,134,78,56,26,0,26
S01006796,Whole house or bungalow: Semi-detached,49,31,6,25,18,16,2
S01006796,Whole house or bungalow: Terraced (including end-terrace),7,4,3,1,3,1,2
S01006796,Flat maisonette or apartment or mobile/temporary accommodation,6,1,0,1,5,4,1
S01006797,All households,243,137,69,68,106,5,101
S01006797,Whole house or bungalow: Total,235,134,67,67,101,5,96
S01006797,Whole house or bungalow: Detached,187,110,55,55,77,0,77
S01006797,Whole house or bungalow: Semi-detached,37,21,10,11,16,5,11
S01006797,Whole house or bungalow: Terraced (including end-terrace),11,3,2,1,8,0,8
S01006797,Flat maisonette or apartment or mobile/temporary accommodation,8,3,2,1,5,0,5
S01006798,All households,225,140,87,53,85,9,76
S01006798,Whole house or bungalow: Total,220,138,86,52,82,7,75
S01006798,Whole house or bungalow: Detached,198,129,81,48,69,0,69
S01006798,Whole house or bungalow: Semi-detached,16,5,3,2,11,5,6
S01006798,Whole house or bungalow: Terraced (including end-terrace),6,4,2,2,2,2,0
S01006798,Flat maisonette or apartment or mobile/temporary accommodation,5,2,1,1,3,2,1
S01006799,All households,403,266,127,139,137,112,25
S01006799,Whole house or bungalow: Total,359,260,124,136,99,81,18
S01006799,Whole house or bungalow: Detached,134,119,71,48,15,6,9
S01006799,Whole house or bungalow: Semi-detached,201,134,49,85,67,58,9
S01006799,Whole house or bungalow: Terraced (including end-terrace),24,7,4,3,17,17,0
S01006799,Flat maisonette or apartment or mobile/temporary accommodation,44,6,3,3,38,31,7
S01006800,All households,320,262,157,105,58,4,54
S01006800,Whole house or bungalow: Total,311,256,153,103,55,3,52
S01006800,Whole house or bungalow: Detached,258,221,135,86,37,0,37
S01006800,Whole house or bungalow: Semi-detached,46,30,17,13,16,2,14
S01006800,Whole house or bungalow: Terraced (including end-terrace),7,5,1,4,2,1,1
S01006800,Flat maisonette or apartment or mobile/temporary accommodation,9,6,4,2,3,1,2
S01006801,All households,353,287,138,149,66,2,64
S01006801,Whole house or bungalow: Total,346,282,137,145,64,2,62
S01006801,Whole house or bungalow: Detached,279,235,114,121,44,0,44
S01006801,Whole house or bungalow: Semi-detached,60,42,21,21,18,2,16
S01006801,Whole house or bungalow: Terraced (including end-terrace),7,5,2,3,2,0,2
S01006801,Flat maisonette or apartment or mobile/temporary accommodation,7,5,1,4,2,0,2
S01006802,All households,298,147,80,67,151,53,98
S01006802,Whole house or bungalow: Total,254,139,75,64,115,33,82
S01006802,Whole house or bungalow: Detached,153,101,56,45,52,2,50
S01006802,Whole house or bungalow: Semi-detached,79,31,15,16,48,20,28
S01006802,Whole house or bungalow: Terraced (including end-terrace),22,7,4,3,15,11,4
S01006802,Flat maisonette or apartment or mobile/temporary accommodation,44,8,5,3,36,20,16
S01006803,All households,313,180,87,93,133,104,29
S01006803,Whole house or bungalow: Total,281,179,87,92,102,76,26
S01006803,Whole house or bungalow: Detached,63,51,25,26,12,3,9
S01006803,Whole house or bungalow: Semi-detached,168,94,45,49,74,66,8
S01006803,Whole house or bungalow: Terraced (including end-terrace),50,34,17,17,16,7,9
S01006803,Flat maisonette or apartment or mobile/temporary accommodation,32,1,0,1,31,28,3
S01006804,All households,295,231,76,155,64,38,26
S01006804,Whole house or bungalow: Total,273,225,73,152,48,26,22
S01006804,Whole house or bungalow: Detached,167,153,50,103,14,0,14
S01006804,Whole house or bungalow: Semi-detached,71,54,12,42,17,13,4
S01006804,Whole house or bungalow: Terraced (including end-terrace),35,18,11,7,17,13,4
S01006804,Flat maisonette or apartment or mobile/temporary accommodation,22,6,3,3,16,12,4
S01006805,All households,442,315,151,164,127,63,64
S01006805,Whole house or bungalow: Total,384,298,143,155,86,35,51
S01006805,Whole house or bungalow: Detached,213,191,103,88,22,1,21
S01006805,Whole house or bungalow: Semi-detached,91,58,28,30,33,18,15
S01006805,Whole house or bungalow: Terraced (including end-terrace),80,49,12,37,31,16,15
S01006805,Flat maisonette or apartment or mobile/temporary accommodation,58,17,8,9,41,28,13
S01006806,All households,429,321,152,169,108,29,79
S01006806,Whole house or bungalow: Total,421,319,150,169,102,25,77
S01006806,Whole house or bungalow: Detached,269,227,117,110,42,1,41
S01006806,Whole house or bungalow: Semi-detached,104,62,23,39,42,15,27
S01006806,Whole house or bungalow: Terraced (including end-terrace),48,30,10,20,18,9,9
S01006806,Flat maisonette or apartment or mobile/temporary accommodation,8,2,2,0,6,4,2
S01006807,All households,243,182,64,118,61,4,57
S01006807,Whole house or bungalow: Total,238,181,64,117,57,3,54
S01006807,Whole house or bungalow: Detached,98,71,36,35,27,0,27
S01006807,Whole house or bungalow: Semi-detached,69,47,12,35,22,3,19
S01006807,Whole house or bungalow: Terraced (including end-terrace),71,63,16,47,8,0,8
S01006807,Flat maisonette or apartment or mobile/temporary accommodation,5,1,0,1,4,1,3
S01006808,All households,248,214,104,110,34,7,27
S01006808,Whole house or bungalow: Total,242,212,102,110,30,4,26
S01006808,Whole house or bungalow: Detached,192,177,87,90,15,0,15
S01006808,Whole house or bungalow: Semi-detached,42,27,13,14,15,4,11
S01006808,Whole house or bungalow: Terraced (including end-terrace),8,8,2,6,0,0,0
S01006808,Flat maisonette or apartment or mobile/temporary accommodation,6,2,2,0,4,3,1
S01006809,All households,354,209,104,105,145,116,29
S01006809,Whole house or bungalow: Total,345,206,101,105,139,110,29
S01006809,Whole house or bungalow: Detached,137,122,68,54,15,4,11
S01006809,Whole house or bungalow: Semi-detached,146,53,23,30,93,79,14
S01006809,Whole house or bungalow: Terraced (including end-terrace),62,31,10,21,31,27,4
S01006809,Flat maisonette or apartment or mobile/temporary accommodation,9,3,3,0,6,6,0
S01006810,All households,370,252,118,134,118,76,42
S01006810,Whole house or bungalow: Total,331,239,112,127,92,57,35
S01006810,Whole house or bungalow: Detached,167,138,66,72,29,3,26
S01006810,Whole house or bungalow: Semi-detached,108,58,28,30,50,46,4
S01006810,Whole house or bungalow: Terraced (including end-terrace),56,43,18,25,13,8,5
S01006810,Flat maisonette or apartment or mobile/temporary accommodation,39,13,6,7,26,19,7
S01006811,All households,430,305,127,178,125,55,70
S01006811,Whole house or bungalow: Total,418,299,126,173,119,55,64
S01006811,Whole house or bungalow: Detached,242,211,91,120,31,1,30
S01006811,Whole house or bungalow: Semi-detached,112,49,18,31,63,40,23
S01006811,Whole house or bungalow: Terraced (including end-terrace),64,39,17,22,25,14,11
S01006811,Flat maisonette or apartment or mobile/temporary accommodation,12,6,1,5,6,0,6
S01006812,All households,304,207,70,137,97,45,52
S01006812,Whole house or bungalow: Total,295,203,68,135,92,43,49
S01006812,Whole house or bungalow: Detached,155,126,46,80,29,0,29
S01006812,Whole house or bungalow: Semi-detached,119,61,17,44,58,41,17
S01006812,Whole house or bungalow: Terraced (including end-terrace),21,16,5,11,5,2,3
S01006812,Flat maisonette or apartment or mobile/temporary accommodation,9,4,2,2,5,2,3
S01006813,All households,322,236,89,147,86,62,24
S01006813,Whole house or bungalow: Total,267,204,78,126,63,46,17
S01006813,Whole house or bungalow: Detached,80,75,24,51,5,1,4
S01006813,Whole house or bungalow: Semi-detached,137,90,36,54,47,37,10
S01006813,Whole house or bungalow: Terraced (including end-terrace),50,39,18,21,11,8,3
S01006813,Flat maisonette or apartment or mobile/temporary accommodation,55,32,11,21,23,16,7
S01006814,All households,282,261,112,149,21,8,13
S01006814,Whole house or bungalow: Total,273,257,109,148,16,3,13
S01006814,Whole house or bungalow: Detached,229,220,93,127,9,0,9
S01006814,Whole house or bungalow: Semi-detached,42,37,16,21,5,1,4
S01006814,Whole house or bungalow: Terraced (including end-terrace),2,0,0,0,2,2,0
S01006814,Flat maisonette or apartment or mobile/temporary accommodation,9,4,3,1,5,5,0
S01006815,All households,285,150,65,85,135,124,11
S01006815,Whole house or bungalow: Total,194,113,48,65,81,78,3
S01006815,Whole house or bungalow: Detached,48,45,19,26,3,2,1
S01006815,Whole house or bungalow: Semi-detached,76,40,14,26,36,34,2
S01006815,Whole house or bungalow: Terraced (including end-terrace),70,28,15,13,42,42,0
S01006815,Flat maisonette or apartment or mobile/temporary accommodation,91,37,17,20,54,46,8
S01006816,All households,298,228,95,133,70,54,16
S01006816,Whole house or bungalow: Total,257,215,93,122,42,30,12
S01006816,Whole house or bungalow: Detached,146,140,66,74,6,2,4
S01006816,Whole house or bungalow: Semi-detached,50,33,9,24,17,12,5
S01006816,Whole house or bungalow: Terraced (including end-terrace),61,42,18,24,19,16,3
S01006816,Flat maisonette or apartment or mobile/temporary accommodation,41,13,2,11,28,24,4
S01006817,All households,261,169,81,88,92,47,45
S01006817,Whole house or bungalow: Total,239,165,80,85,74,33,41
S01006817,Whole house or bungalow: Detached,125,108,59,49,17,2,15
S01006817,Whole house or bungalow: Semi-detached,84,34,10,24,50,25,25
S01006817,Whole house or bungalow: Terraced (including end-terrace),30,23,11,12,7,6,1
S01006817,Flat maisonette or apartment or mobile/temporary accommodation,22,4,1,3,18,14,4
S01006818,All households,278,228,106,122,50,17,33
S01006818,Whole house or bungalow: Total,275,227,105,122,48,17,31
S01006818,Whole house or bungalow: Detached,194,170,83,87,24,0,24
S01006818,Whole house or bungalow: Semi-detached,74,51,21,30,23,17,6
S01006818,Whole house or bungalow: Terraced (including end-terrace),7,6,1,5,1,0,1
S01006818,Flat maisonette or apartment or mobile/temporary accommodation,3,1,1,0,2,0,2
S01006819,All households,313,242,107,135,71,10,61
S01006819,Whole house or bungalow: Total,305,237,105,132,68,10,58
S01006819,Whole house or bungalow: Detached,190,152,79,73,38,1,37
S01006819,Whole house or bungalow: Semi-detached,77,53,16,37,24,9,15
S01006819,Whole house or bungalow: Terraced (including end-terrace),38,32,10,22,6,0,6
S01006819,Flat maisonette or apartment or mobile/temporary accommodation,8,5,2,3,3,0,3
S01006820,All households,180,161,68,93,19,4,15
S01006820,Whole house or bungalow: Total,177,161,68,93,16,2,14
S01006820,Whole house or bungalow: Detached,72,63,23,40,9,0,9
S01006820,Whole house or bungalow: Semi-detached,62,58,27,31,4,1,3
S01006820,Whole house or bungalow: Terraced (including end-terrace),43,40,18,22,3,1,2
S01006820,Flat maisonette or apartment or mobile/temporary accommodation,3,0,0,0,3,2,1
S01006821,All households,229,177,99,78,52,3,49
S01006821,Whole house or bungalow: Total,220,175,97,78,45,0,45
S01006821,Whole house or bungalow: Detached,192,149,89,60,43,0,43
S01006821,Whole house or bungalow: Semi-detached,26,24,8,16,2,0,2
S01006821,Whole house or bungalow: Terraced (including end-terrace),2,2,0,2,0,0,0
S01006821,Flat maisonette or apartment or mobile/temporary accommodation,9,2,2,0,7,3,4
S01006822,All households,279,220,109,111,59,5,54
S01006822,Whole house or bungalow: Total,275,217,107,110,58,5,53
S01006822,Whole house or bungalow: Detached,228,183,92,91,45,0,45
S01006822,Whole house or bungalow: Semi-detached,42,29,13,16,13,5,8
S01006822,Whole house or bungalow: Terraced (including end-terrace),5,5,2,3,0,0,0
S01006822,Flat maisonette or apartment or mobile/temporary accommodation,4,3,2,1,1,0,1
S01006823,All households,302,249,148,101,53,4,49
S01006823,Whole house or bungalow: Total,230,211,129,82,19,3,16
S01006823,Whole house or bungalow: Detached,157,151,97,54,6,0,6
S01006823,Whole house or bungalow: Semi-detached,29,23,15,8,6,3,3
S01006823,Whole house or bungalow: Terraced (including end-terrace),44,37,17,20,7,0,7
S01006823,Flat maisonette or apartment or mobile/temporary accommodation,72,38,19,19,34,1,33
S01006824,All households,367,180,69,111,187,171,16
S01006824,Whole house or bungalow: Total,206,133,56,77,73,63,10
S01006824,Whole house or bungalow: Detached,14,10,3,7,4,2,2
S01006824,Whole house or bungalow: Semi-detached,67,35,16,19,32,28,4
S01006824,Whole house or bungalow: Terraced (including end-terrace),125,88,37,51,37,33,4
S01006824,Flat maisonette or apartment or mobile/temporary accommodation,161,47,13,34,114,108,6
S01006825,All households,333,282,119,163,51,34,17
S01006825,Whole house or bungalow: Total,329,282,119,163,47,33,14
S01006825,Whole house or bungalow: Detached,54,50,29,21,4,3,1
S01006825,Whole house or bungalow: Semi-detached,163,138,56,82,25,14,11
S01006825,Whole house or bungalow: Terraced (including end-terrace),112,94,34,60,18,16,2
S01006825,Flat maisonette or apartment or mobile/temporary accommodation,4,0,0,0,4,1,3
S01006826,All households,344,270,118,152,74,51,23
S01006826,Whole house or bungalow: Total,328,260,113,147,68,50,18
S01006826,Whole house or bungalow: Detached,188,174,77,97,14,2,12
S01006826,Whole house or bungalow: Semi-detached,69,36,13,23,33,29,4
S01006826,Whole house or bungalow: Terraced (including end-terrace),71,50,23,27,21,19,2
S01006826,Flat maisonette or apartment or mobile/temporary accommodation,16,10,5,5,6,1,5
S01006827,All households,419,246,110,136,173,131,42
S01006827,Whole house or bungalow: Total,319,200,94,106,119,96,23
S01006827,Whole house or bungalow: Detached,55,51,25,26,4,2,2
S01006827,Whole house or bungalow: Semi-detached,137,67,31,36,70,56,14
S01006827,Whole house or bungalow: Terraced (including end-terrace),127,82,38,44,45,38,7
S01006827,Flat maisonette or apartment or mobile/temporary accommodation,100,46,16,30,54,35,19
S01006828,All households,485,303,150,153,182,99,83
S01006828,Whole house or bungalow: Total,231,189,105,84,42,20,22
S01006828,Whole house or bungalow: Detached,48,42,24,18,6,1,5
S01006828,Whole house or bungalow: Semi-detached,98,85,46,39,13,7,6
S01006828,Whole house or bungalow: Terraced (including end-terrace),85,62,35,27,23,12,11
S01006828,Flat maisonette or apartment or mobile/temporary accommodation,254,114,45,69,140,79,61
S01006829,All households,139,132,26,106,7,1,6
S01006829,Whole house or bungalow: Total,138,132,26,106,6,0,6
S01006829,Whole house or bungalow: Detached,106,105,22,83,1,0,1
S01006829,Whole house or bungalow: Semi-detached,29,24,4,20,5,0,5
S01006829,Whole house or bungalow: Terraced (including end-terrace),3,3,0,3,0,0,0
S01006829,Flat maisonette or apartment or mobile/temporary accommodation,1,0,0,0,1,1,0
S01006830,All households,301,222,115,107,79,70,9
S01006830,Whole house or bungalow: Total,279,220,114,106,59,50,9
S01006830,Whole house or bungalow: Detached,88,81,47,34,7,3,4
S01006830,Whole house or bungalow: Semi-detached,154,106,56,50,48,44,4
S01006830,Whole house or bungalow: Terraced (including end-terrace),37,33,11,22,4,3,1
S01006830,Flat maisonette or apartment or mobile/temporary accommodation,22,2,1,1,20,20,0
S01006831,All households,221,205,124,81,16,1,15
S01006831,Whole house or bungalow: Total,220,205,124,81,15,1,14
S01006831,Whole house or bungalow: Detached,93,85,61,24,8,0,8
S01006831,Whole house or bungalow: Semi-detached,89,83,46,37,6,1,5
S01006831,Whole house or bungalow: Terraced (including end-terrace),38,37,17,20,1,0,1
S01006831,Flat maisonette or apartment or mobile/temporary accommodation,1,0,0,0,1,0,1
S01006832,All households,424,332,187,145,92,47,45
S01006832,Whole house or bungalow: Total,303,284,171,113,19,8,11
S01006832,Whole house or bungalow: Detached,147,140,92,48,7,1,6
S01006832,Whole house or bungalow: Semi-detached,118,111,62,49,7,4,3
S01006832,Whole house or bungalow: Terraced (including end-terrace),38,33,17,16,5,3,2
S01006832,Flat maisonette or apartment or mobile/temporary accommodation,121,48,16,32,73,39,34
S01006833,All households,175,156,96,60,19,3,16
S01006833,Whole house or bungalow: Total,162,148,92,56,14,3,11
S01006833,Whole house or bungalow: Detached,95,88,64,24,7,0,7
S01006833,Whole house or bungalow: Semi-detached,49,44,22,22,5,2,3
S01006833,Whole house or bungalow: Terraced (including end-terrace),18,16,6,10,2,1,1
S01006833,Flat maisonette or apartment or mobile/temporary accommodation,13,8,4,4,5,0,5
S01006834,All households,163,133,34,99,30,15,15
S01006834,Whole house or bungalow: Total,161,132,33,99,29,14,15
S01006834,Whole house or bungalow: Detached,121,107,26,81,14,2,12
S01006834,Whole house or bungalow: Semi-detached,30,23,6,17,7,5,2
S01006834,Whole house or bungalow: Terraced (including end-terrace),10,2,1,1,8,7,1
S01006834,Flat maisonette or apartment or mobile/temporary accommodation,2,1,1,0,1,1,0
S01006835,All households,478,259,147,112,219,128,91
S01006835,Whole house or bungalow: Total,181,137,78,59,44,15,29
S01006835,Whole house or bungalow: Detached,31,25,14,11,6,1,5
S01006835,Whole house or bungalow: Semi-detached,53,35,18,17,18,8,10
S01006835,Whole house or bungalow: Terraced (including end-terrace),97,77,46,31,20,6,14
S01006835,Flat maisonette or apartment or mobile/temporary accommodation,297,122,69,53,175,113,62
S01006836,All households,210,149,30,119,61,29,32
S01006836,Whole house or bungalow: Total,123,115,21,94,8,2,6
S01006836,Whole house or bungalow: Detached,104,100,17,83,4,0,4
S01006836,Whole house or bungalow: Semi-detached,17,14,4,10,3,1,2
S01006836,Whole house or bungalow: Terraced (including end-terrace),2,1,0,1,1,1,0
S01006836,Flat maisonette or apartment or mobile/temporary accommodation,87,34,9,25,53,27,26
S01006837,All households,230,193,87,106,37,27,10
S01006837,Whole house or bungalow: Total,211,190,86,104,21,16,5
S01006837,Whole house or bungalow: Detached,93,92,45,47,1,0,1
S01006837,Whole house or bungalow: Semi-detached,97,80,31,49,17,13,4
S01006837,Whole house or bungalow: Terraced (including end-terrace),21,18,10,8,3,3,0
S01006837,Flat maisonette or apartment or mobile/temporary accommodation,19,3,1,2,16,11,5
S01006838,All households,249,200,49,151,49,39,10
S01006838,Whole house or bungalow: Total,239,195,49,146,44,37,7
S01006838,Whole house or bungalow: Detached,118,112,32,80,6,3,3
S01006838,Whole house or bungalow: Semi-detached,115,79,16,63,36,32,4
S01006838,Whole house or bungalow: Terraced (including end-terrace),6,4,1,3,2,2,0
S01006838,Flat maisonette or apartment or mobile/temporary accommodation,10,5,0,5,5,2,3
S01006839,All households,450,351,171,180,99,71,28
S01006839,Whole house or bungalow: Total,437,351,171,180,86,62,24
S01006839,Whole house or bungalow: Detached,75,67,39,28,8,4,4
S01006839,Whole house or bungalow: Semi-detached,227,185,99,86,42,26,16
S01006839,Whole house or bungalow: Terraced (including end-terrace),135,99,33,66,36,32,4
S01006839,Flat maisonette or apartment or mobile/temporary accommodation,13,0,0,0,13,9,4
S01006840,All households,366,351,146,205,15,4,11
S01006840,Whole house or bungalow: Total,364,351,146,205,13,3,10
S01006840,Whole house or bungalow: Detached,297,289,121,168,8,0,8
S01006840,Whole house or bungalow: Semi-detached,63,59,25,34,4,2,2
S01006840,Whole house or bungalow: Terraced (including end-terrace),4,3,0,3,1,1,0
S01006840,Flat maisonette or apartment or mobile/temporary accommodation,2,0,0,0,2,1,1
S01006841,All households,344,321,95,226,23,12,11
S01006841,Whole house or bungalow: Total,341,320,94,226,21,11,10
S01006841,Whole house or bungalow: Detached,188,181,72,109,7,0,7
S01006841,Whole house or bungalow: Semi-detached,129,121,20,101,8,5,3
S01006841,Whole house or bungalow: Terraced (including end-terrace),24,18,2,16,6,6,0
S01006841,Flat maisonette or apartment or mobile/temporary accommodation,3,1,1,0,2,1,1
S01006842,All households,308,291,137,154,17,6,11
S01006842,Whole house or bungalow: Total,303,288,136,152,15,6,9
S01006842,Whole house or bungalow: Detached,105,104,59,45,1,0,1
S01006842,Whole house or bungalow: Semi-detached,181,169,73,96,12,4,8
S01006842,Whole house or bungalow: Terraced (including end-terrace),17,15,4,11,2,2,0
S01006842,Flat maisonette or apartment or mobile/temporary accommodation,5,3,1,2,2,0,2
S01006843,All households,312,294,88,206,18,5,13
S01006843,Whole house or bungalow: Total,307,292,88,204,15,4,11
S01006843,Whole house or bungalow: Detached,143,138,39,99,5,1,4
S01006843,Whole house or bungalow: Semi-detached,151,142,47,95,9,2,7
S01006843,Whole house or bungalow: Terraced (including end-terrace),13,12,2,10,1,1,0
S01006843,Flat maisonette or apartment or mobile/temporary accommodation,5,2,0,2,3,1,2
S01006844,All households,332,305,112,193,27,4,23
S01006844,Whole house or bungalow: Total,239,228,95,133,11,3,8
S01006844,Whole house or bungalow: Detached,81,79,28,51,2,0,2
S01006844,Whole house or bungalow: Semi-detached,150,142,65,77,8,2,6
S01006844,Whole house or bungalow: Terraced (including end-terrace),8,7,2,5,1,1,0
S01006844,Flat maisonette or apartment or mobile/temporary accommodation,93,77,17,60,16,1,15
S01006845,All households,366,342,108,234,24,4,20
S01006845,Whole house or bungalow: Total,333,317,102,215,16,2,14
S01006845,Whole house or bungalow: Detached,161,153,56,97,8,0,8
S01006845,Whole house or bungalow: Semi-detached,147,142,41,101,5,0,5
S01006845,Whole house or bungalow: Terraced (including end-terrace),25,22,5,17,3,2,1
S01006845,Flat maisonette or apartment or mobile/temporary accommodation,33,25,6,19,8,2,6
S01006846,All households,240,206,76,130,34,22,12
S01006846,Whole house or bungalow: Total,214,184,71,113,30,22,8
S01006846,Whole house or bungalow: Detached,31,31,13,18,0,0,0
S01006846,Whole house or bungalow: Semi-detached,147,120,52,68,27,22,5
S01006846,Whole house or bungalow: Terraced (including end-terrace),36,33,6,27,3,0,3
S01006846,Flat maisonette or apartment or mobile/temporary accommodation,26,22,5,17,4,0,4
S01006847,All households,238,232,67,165,6,0,6
S01006847,Whole house or bungalow: Total,237,231,67,164,6,0,6
S01006847,Whole house or bungalow: Detached,109,107,40,67,2,0,2
S01006847,Whole house or bungalow: Semi-detached,123,119,26,93,4,0,4
S01006847,Whole house or bungalow: Terraced (including end-terrace),5,5,1,4,0,0,0
S01006847,Flat maisonette or apartment or mobile/temporary accommodation,1,1,0,1,0,0,0
S01006848,All households,364,271,147,124,93,8,85
S01006848,Whole house or bungalow: Total,293,234,111,123,59,7,52
S01006848,Whole house or bungalow: Detached,222,182,94,88,40,1,39
S01006848,Whole house or bungalow: Semi-detached,52,41,16,25,11,5,6
S01006848,Whole house or bungalow: Terraced (including end-terrace),19,11,1,10,8,1,7
S01006848,Flat maisonette or apartment or mobile/temporary accommodation,71,37,36,1,34,1,33
S01006849,All households,355,291,34,257,64,56,8
S01006849,Whole house or bungalow: Total,317,277,33,244,40,33,7
S01006849,Whole house or bungalow: Detached,192,182,21,161,10,5,5
S01006849,Whole house or bungalow: Semi-detached,107,78,9,69,29,27,2
S01006849,Whole house or bungalow: Terraced (including end-terrace),18,17,3,14,1,1,0
S01006849,Flat maisonette or apartment or mobile/temporary accommodation,38,14,1,13,24,23,1
S01006850,All households,365,286,83,203,79,61,18
S01006850,Whole house or bungalow: Total,364,286,83,203,78,60,18
S01006850,Whole house or bungalow: Detached,29,22,10,12,7,3,4
S01006850,Whole house or bungalow: Semi-detached,128,96,29,67,32,26,6
S01006850,Whole house or bungalow: Terraced (including end-terrace),207,168,44,124,39,31,8
S01006850,Flat maisonette or apartment or mobile/temporary accommodation,1,0,0,0,1,1,0
S01006851,All households,337,220,67,153,117,107,10
S01006851,Whole house or bungalow: Total,306,218,67,151,88,81,7
S01006851,Whole house or bungalow: Detached,65,62,24,38,3,1,2
S01006851,Whole house or bungalow: Semi-detached,132,75,25,50,57,55,2
S01006851,Whole house or bungalow: Terraced (including end-terrace),109,81,18,63,28,25,3
S01006851,Flat maisonette or apartment or mobile/temporary accommodation,31,2,0,2,29,26,3
S01006852,All households,229,207,106,101,22,6,16
S01006852,Whole house or bungalow: Total,225,206,105,101,19,4,15
S01006852,Whole house or bungalow: Detached,136,128,73,55,8,0,8
S01006852,Whole house or bungalow: Semi-detached,81,72,28,44,9,2,7
S01006852,Whole house or bungalow: Terraced (including end-terrace),8,6,4,2,2,2,0
S01006852,Flat maisonette or apartment or mobile/temporary accommodation,4,1,1,0,3,2,1
S01006853,All households,318,241,109,132,77,2,75
S01006853,Whole house or bungalow: Total,313,239,107,132,74,1,73
S01006853,Whole house or bungalow: Detached,260,204,97,107,56,0,56
S01006853,Whole house or bungalow: Semi-detached,47,32,10,22,15,1,14
S01006853,Whole house or bungalow: Terraced (including end-terrace),6,3,0,3,3,0,3
S01006853,Flat maisonette or apartment or mobile/temporary accommodation,5,2,2,0,3,1,2
S01006854,All households,364,275,139,136,89,73,16
S01006854,Whole house or bungalow: Total,361,273,138,135,88,73,15
S01006854,Whole house or bungalow: Detached,202,191,110,81,11,2,9
S01006854,Whole house or bungalow: Semi-detached,134,77,27,50,57,51,6
S01006854,Whole house or bungalow: Terraced (including end-terrace),25,5,1,4,20,20,0
S01006854,Flat maisonette or apartment or mobile/temporary accommodation,3,2,1,1,1,0,1
S01006855,All households,294,224,116,108,70,11,59
S01006855,Whole house or bungalow: Total,288,220,115,105,68,9,59
S01006855,Whole house or bungalow: Detached,231,178,100,78,53,0,53
S01006855,Whole house or bungalow: Semi-detached,41,28,10,18,13,8,5
S01006855,Whole house or bungalow: Terraced (including end-terrace),16,14,5,9,2,1,1
S01006855,Flat maisonette or apartment or mobile/temporary accommodation,6,4,1,3,2,2,0
S01006856,All households,254,154,80,74,100,1,99
S01006856,Whole house or bungalow: Total,245,152,80,72,93,1,92
S01006856,Whole house or bungalow: Detached,182,128,70,58,54,0,54
S01006856,Whole house or bungalow: Semi-detached,52,20,10,10,32,1,31
S01006856,Whole house or bungalow: Terraced (including end-terrace),11,4,0,4,7,0,7
S01006856,Flat maisonette or apartment or mobile/temporary accommodation,9,2,0,2,7,0,7
S01006857,All households,398,232,120,112,166,25,141
S01006857,Whole house or bungalow: Total,379,228,116,112,151,16,135
S01006857,Whole house or bungalow: Detached,273,161,92,69,112,0,112
S01006857,Whole house or bungalow: Semi-detached,92,60,23,37,32,10,22
S01006857,Whole house or bungalow: Terraced (including end-terrace),14,7,1,6,7,6,1
S01006857,Flat maisonette or apartment or mobile/temporary accommodation,19,4,4,0,15,9,6
S01006858,All households,240,203,112,91,37,2,35
S01006858,Whole house or bungalow: Total,238,201,110,91,37,2,35
S01006858,Whole house or bungalow: Detached,200,171,99,72,29,0,29
S01006858,Whole house or bungalow: Semi-detached,25,21,8,13,4,1,3
S01006858,Whole house or bungalow: Terraced (including end-terrace),13,9,3,6,4,1,3
S01006858,Flat maisonette or apartment or mobile/temporary accommodation,2,2,2,0,0,0,0
S01006859,All households,421,381,205,176,40,1,39
S01006859,Whole house or bungalow: Total,365,340,182,158,25,0,25
S01006859,Whole house or bungalow: Detached,322,306,159,147,16,0,16
S01006859,Whole house or bungalow: Semi-detached,41,32,23,9,9,0,9
S01006859,Whole house or bungalow: Terraced (including end-terrace),2,2,0,2,0,0,0
S01006859,Flat maisonette or apartment or mobile/temporary accommodation,56,41,23,18,15,1,14
S01006860,All households,264,133,70,63,131,107,24
S01006860,Whole house or bungalow: Total,223,126,63,63,97,80,17
S01006860,Whole house or bungalow: Detached,42,36,22,14,6,1,5
S01006860,Whole house or bungalow: Semi-detached,54,33,17,16,21,17,4
S01006860,Whole house or bungalow: Terraced (including end-terrace),127,57,24,33,70,62,8
S01006860,Flat maisonette or apartment or mobile/temporary accommodation,41,7,7,0,34,27,7
S01006861,All households,195,169,33,136,26,2,24
S01006861,Whole house or bungalow: Total,194,169,33,136,25,2,23
S01006861,Whole house or bungalow: Detached,151,132,32,100,19,0,19
S01006861,Whole house or bungalow: Semi-detached,42,37,1,36,5,1,4
S01006861,Whole house or bungalow: Terraced (including end-terrace),1,0,0,0,1,1,0
S01006861,Flat maisonette or apartment or mobile/temporary accommodation,1,0,0,0,1,0,1
S01006862,All households,312,223,116,107,89,68,21
S01006862,Whole house or bungalow: Total,276,219,114,105,57,42,15
S01006862,Whole house or bungalow: Detached,109,99,53,46,10,5,5
S01006862,Whole house or bungalow: Semi-detached,132,103,56,47,29,20,9
S01006862,Whole house or bungalow: Terraced (including end-terrace),35,17,5,12,18,17,1
S01006862,Flat maisonette or apartment or mobile/temporary accommodation,36,4,2,2,32,26,6
S01006863,All households,295,221,109,112,74,48,26
S01006863,Whole house or bungalow: Total,292,221,109,112,71,47,24
S01006863,Whole house or bungalow: Detached,117,109,73,36,8,1,7
S01006863,Whole house or bungalow: Semi-detached,76,58,15,43,18,9,9
S01006863,Whole house or bungalow: Terraced (including end-terrace),99,54,21,33,45,37,8
S01006863,Flat maisonette or apartment or mobile/temporary accommodation,3,0,0,0,3,1,2
S01006864,All households,165,89,23,66,76,62,14
S01006864,Whole house or bungalow: Total,144,88,23,65,56,42,14
S01006864,Whole house or bungalow: Detached,62,49,13,36,13,2,11
S01006864,Whole house or bungalow: Semi-detached,67,28,10,18,39,37,2
S01006864,Whole house or bungalow: Terraced (including end-terrace),15,11,0,11,4,3,1
S01006864,Flat maisonette or apartment or mobile/temporary accommodation,21,1,0,1,20,20,0
S01006865,All households,424,324,180,144,100,18,82
S01006865,Whole house or bungalow: Total,266,230,143,87,36,8,28
S01006865,Whole house or bungalow: Detached,184,167,110,57,17,1,16
S01006865,Whole house or bungalow: Semi-detached,69,56,29,27,13,5,8
S01006865,Whole house or bungalow: Terraced (including end-terrace),13,7,4,3,6,2,4
S01006865,Flat maisonette or apartment or mobile/temporary accommodation,158,94,37,57,64,10,54
S01006866,All households,220,197,132,65,23,5,18
S01006866,Whole house or bungalow: Total,218,196,131,65,22,5,17
S01006866,Whole house or bungalow: Detached,179,167,107,60,12,0,12
S01006866,Whole house or bungalow: Semi-detached,33,27,22,5,6,2,4
S01006866,Whole house or bungalow: Terraced (including end-terrace),6,2,2,0,4,3,1
S01006866,Flat maisonette or apartment or mobile/temporary accommodation,2,1,1,0,1,0,1
S01006867,All households,293,242,161,81,51,23,28
S01006867,Whole house or bungalow: Total,270,235,157,78,35,18,17
S01006867,Whole house or bungalow: Detached,205,193,130,63,12,1,11
S01006867,Whole house or bungalow: Semi-detached,56,35,23,12,21,15,6
S01006867,Whole house or bungalow: Terraced (including end-terrace),9,7,4,3,2,2,0
S01006867,Flat maisonette or apartment or mobile/temporary accommodation,23,7,4,3,16,5,11
S01006868,All households,364,229,114,115,135,106,29
S01006868,Whole house or bungalow: Total,352,221,111,110,131,105,26
S01006868,Whole house or bungalow: Detached,124,105,50,55,19,6,13
S01006868,Whole house or bungalow: Semi-detached,161,87,48,39,74,68,6
S01006868,Whole house or bungalow: Terraced (including end-terrace),67,29,13,16,38,31,7
S01006868,Flat maisonette or apartment or mobile/temporary accommodation,12,8,3,5,4,1,3
S01006869,All households,197,114,58,56,83,14,69
S01006869,Whole house or bungalow: Total,186,107,56,51,79,13,66
S01006869,Whole house or bungalow: Detached,131,91,54,37,40,1,39
S01006869,Whole house or bungalow: Semi-detached,40,13,2,11,27,12,15
S01006869,Whole house or bungalow: Terraced (including end-terrace),15,3,0,3,12,0,12
S01006869,Flat maisonette or apartment or mobile/temporary accommodation,11,7,2,5,4,1,3
S01006870,All households,196,158,88,70,38,18,20
S01006870,Whole house or bungalow: Total,187,152,88,64,35,17,18
S01006870,Whole house or bungalow: Detached,117,103,60,43,14,0,14
S01006870,Whole house or bungalow: Semi-detached,61,44,25,19,17,14,3
S01006870,Whole house or bungalow: Terraced (including end-terrace),9,5,3,2,4,3,1
S01006870,Flat maisonette or apartment or mobile/temporary accommodation,9,6,0,6,3,1,2
S01006871,All households,265,205,102,103,60,47,13
S01006871,Whole house or bungalow: Total,253,196,98,98,57,46,11
S01006871,Whole house or bungalow: Detached,172,161,77,84,11,3,8
S01006871,Whole house or bungalow: Semi-detached,71,32,19,13,39,36,3
S01006871,Whole house or bungalow: Terraced (including end-terrace),10,3,2,1,7,7,0
S01006871,Flat maisonette or apartment or mobile/temporary accommodation,12,9,4,5,3,1,2
S01006872,All households,252,183,108,75,69,1,68
S01006872,Whole house or bungalow: Total,250,183,108,75,67,1,66
S01006872,Whole house or bungalow: Detached,221,165,101,64,56,0,56
S01006872,Whole house or bungalow: Semi-detached,28,18,7,11,10,0,10
S01006872,Whole house or bungalow: Terraced (including end-terrace),1,0,0,0,1,1,0
S01006872,Flat maisonette or apartment or mobile/temporary accommodation,2,0,0,0,2,0,2
S01006873,All households,426,315,223,92,111,15,96
S01006873,Whole house or bungalow: Total,389,285,196,89,104,13,91
S01006873,Whole house or bungalow: Detached,293,215,143,72,78,3,75
S01006873,Whole house or bungalow: Semi-detached,59,37,24,13,22,7,15
S01006873,Whole house or bungalow: Terraced (including end-terrace),37,33,29,4,4,3,1
S01006873,Flat maisonette or apartment or mobile/temporary accommodation,37,30,27,3,7,2,5
S01006874,All households,216,143,85,58,73,6,67
S01006874,Whole house or bungalow: Total,213,142,85,57,71,5,66
S01006874,Whole house or bungalow: Detached,192,129,77,52,63,0,63
S01006874,Whole house or bungalow: Semi-detached,19,12,7,5,7,4,3
S01006874,Whole house or bungalow: Terraced (including end-terrace),2,1,1,0,1,1,0
S01006874,Flat maisonette or apartment or mobile/temporary accommodation,3,1,0,1,2,1,1
S01006875,All households,321,187,109,78,134,90,44
S01006875,Whole house or bungalow: Total,307,184,107,77,123,84,39
S01006875,Whole house or bungalow: Detached,137,114,71,43,23,4,19
S01006875,Whole house or bungalow: Semi-detached,147,65,32,33,82,62,20
S01006875,Whole house or bungalow: Terraced (including end-terrace),23,5,4,1,18,18,0
S01006875,Flat maisonette or apartment or mobile/temporary accommodation,14,3,2,1,11,6,5
S01006876,All households,396,310,159,151,86,44,42
S01006876,Whole house or bungalow: Total,383,304,157,147,79,43,36
S01006876,Whole house or bungalow: Detached,267,237,122,115,30,4,26
S01006876,Whole house or bungalow: Semi-detached,90,55,28,27,35,28,7
S01006876,Whole house or bungalow: Terraced (including end-terrace),26,12,7,5,14,11,3
S01006876,Flat maisonette or apartment or mobile/temporary accommodation,13,6,2,4,7,1,6
S01006877,All households,372,275,146,129,97,7,90
S01006877,Whole house or bungalow: Total,364,273,145,128,91,4,87
S01006877,Whole house or bungalow: Detached,328,253,134,119,75,0,75
S01006877,Whole house or bungalow: Semi-detached,34,19,10,9,15,3,12
S01006877,Whole house or bungalow: Terraced (including end-terrace),2,1,1,0,1,1,0
S01006877,Flat maisonette or apartment or mobile/temporary accommodation,8,2,1,1,6,3,3
S01006878,All households,322,201,119,82,121,48,73
S01006878,Whole house or bungalow: Total,299,196,116,80,103,34,69
S01006878,Whole house or bungalow: Detached,207,145,87,58,62,1,61
S01006878,Whole house or bungalow: Semi-detached,63,36,21,15,27,21,6
S01006878,Whole house or bungalow: Terraced (including end-terrace),29,15,8,7,14,12,2
S01006878,Flat maisonette or apartment or mobile/temporary accommodation,23,5,3,2,18,14,4
S01006879,All households,322,185,120,65,137,5,132
S01006879,Whole house or bungalow: Total,316,182,118,64,134,4,130
S01006879,Whole house or bungalow: Detached,269,163,104,59,106,2,104
S01006879,Whole house or bungalow: Semi-detached,46,19,14,5,27,2,25
S01006879,Whole house or bungalow: Terraced (including end-terrace),1,0,0,0,1,0,1
S01006879,Flat maisonette or apartment or mobile/temporary accommodation,6,3,2,1,3,1,2
S01006880,All households,227,185,74,111,42,9,33
S01006880,Whole house or bungalow: Total,219,184,73,111,35,7,28
S01006880,Whole house or bungalow: Detached,191,167,67,100,24,1,23
S01006880,Whole house or bungalow: Semi-detached,27,17,6,11,10,5,5
S01006880,Whole house or bungalow: Terraced (including end-terrace),1,0,0,0,1,1,0
S01006880,Flat maisonette or apartment or mobile/temporary accommodation,8,1,1,0,7,2,5
S01006881,All households,227,180,105,75,47,3,44
S01006881,Whole house or bungalow: Total,226,179,104,75,47,3,44
S01006881,Whole house or bungalow: Detached,193,163,98,65,30,0,30
S01006881,Whole house or bungalow: Semi-detached,31,16,6,10,15,3,12
S01006881,Whole house or bungalow: Terraced (including end-terrace),2,0,0,0,2,0,2
S01006881,Flat maisonette or apartment or mobile/temporary accommodation,1,1,1,0,0,0,0
S01006882,All households,207,101,55,46,106,91,15
S01006882,Whole house or bungalow: Total,180,101,55,46,79,65,14
S01006882,Whole house or bungalow: Detached,47,41,23,18,6,1,5
S01006882,Whole house or bungalow: Semi-detached,131,60,32,28,71,62,9
S01006882,Whole house or bungalow: Terraced (including end-terrace),2,0,0,0,2,2,0
S01006882,Flat maisonette or apartment or mobile/temporary accommodation,27,0,0,0,27,26,1
S01006883,All households,217,154,73,81,63,41,22
S01006883,Whole house or bungalow: Total,165,137,69,68,28,11,17
S01006883,Whole house or bungalow: Detached,115,103,55,48,12,0,12
S01006883,Whole house or bungalow: Semi-detached,35,22,8,14,13,9,4
S01006883,Whole house or bungalow: Terraced (including end-terrace),15,12,6,6,3,2,1
S01006883,Flat maisonette or apartment or mobile/temporary accommodation,52,17,4,13,35,30,5
S01006884,All households,390,321,174,147,69,44,25
S01006884,Whole house or bungalow: Total,368,310,173,137,58,40,18
S01006884,Whole house or bungalow: Detached,225,213,124,89,12,2,10
S01006884,Whole house or bungalow: Semi-detached,118,89,46,43,29,22,7
S01006884,Whole house or bungalow: Terraced (including end-terrace),25,8,3,5,17,16,1
S01006884,Flat maisonette or apartment or mobile/temporary accommodation,22,11,1,10,11,4,7
S01006885,All households,220,193,114,79,27,9,18
S01006885,Whole house or bungalow: Total,220,193,114,79,27,9,18
S01006885,Whole house or bungalow: Detached,180,166,100,66,14,1,13
S01006885,Whole house or bungalow: Semi-detached,35,26,14,12,9,6,3
S01006885,Whole house or bungalow: Terraced (including end-terrace),5,1,0,1,4,2,2
S01006885,Flat maisonette or apartment or mobile/temporary accommodation,0,0,0,0,0,0,0
S01006886,All households,321,218,129,89,103,30,73
S01006886,Whole house or bungalow: Total,316,218,129,89,98,28,70
S01006886,Whole house or bungalow: Detached,223,179,108,71,44,1,43
S01006886,Whole house or bungalow: Semi-detached,52,24,12,12,28,10,18
S01006886,Whole house or bungalow: Terraced (including end-terrace),41,15,9,6,26,17,9
S01006886,Flat maisonette or apartment or mobile/temporary accommodation,5,0,0,0,5,2,3
S01006887,All households,213,170,74,96,43,18,25
S01006887,Whole house or bungalow: Total,195,166,73,93,29,10,19
S01006887,Whole house or bungalow: Detached,161,143,66,77,18,0,18
S01006887,Whole house or bungalow: Semi-detached,29,19,7,12,10,9,1
S01006887,Whole house or bungalow: Terraced (including end-terrace),5,4,0,4,1,1,0
S01006887,Flat maisonette or apartment or mobile/temporary accommodation,18,4,1,3,14,8,6
S01006888,All households,309,257,114,143,52,22,30
S01006888,Whole house or bungalow: Total,299,252,113,139,47,22,25
S01006888,Whole house or bungalow: Detached,228,205,102,103,23,2,21
S01006888,Whole house or bungalow: Semi-detached,60,39,10,29,21,18,3
S01006888,Whole house or bungalow: Terraced (including end-terrace),11,8,1,7,3,2,1
S01006888,Flat maisonette or apartment or mobile/temporary accommodation,10,5,1,4,5,0,5
S01006889,All households,350,194,85,109,156,147,9
S01006889,Whole house or bungalow: Total,345,193,84,109,152,145,7
S01006889,Whole house or bungalow: Detached,70,52,25,27,18,17,1
S01006889,Whole house or bungalow: Semi-detached,149,86,40,46,63,60,3
S01006889,Whole house or bungalow: Terraced (including end-terrace),126,55,19,36,71,68,3
S01006889,Flat maisonette or apartment or mobile/temporary accommodation,5,1,1,0,4,2,2
S01006890,All households,264,224,98,126,40,28,12
S01006890,Whole house or bungalow: Total,227,209,97,112,18,8,10
S01006890,Whole house or bungalow: Detached,150,145,70,75,5,1,4
S01006890,Whole house or bungalow: Semi-detached,62,53,24,29,9,5,4
S01006890,Whole house or bungalow: Terraced (including end-terrace),15,11,3,8,4,2,2
S01006890,Flat maisonette or apartment or mobile/temporary accommodation,37,15,1,14,22,20,2
S01006891,All households,400,280,118,162,120,94,26
S01006891,Whole house or bungalow: Total,335,259,112,147,76,54,22
S01006891,Whole house or bungalow: Detached,164,150,78,72,14,1,13
S01006891,Whole house or bungalow: Semi-detached,101,71,24,47,30,29,1
S01006891,Whole house or bungalow: Terraced (including end-terrace),70,38,10,28,32,24,8
S01006891,Flat maisonette or apartment or mobile/temporary accommodation,65,21,6,15,44,40,4
S01006892,All households,275,141,43,98,134,128,6
S01006892,Whole house or bungalow: Total,274,141,43,98,133,127,6
S01006892,Whole house or bungalow: Detached,42,36,16,20,6,5,1
S01006892,Whole house or bungalow: Semi-detached,187,89,24,65,98,94,4
S01006892,Whole house or bungalow: Terraced (including end-terrace),45,16,3,13,29,28,1
S01006892,Flat maisonette or apartment or mobile/temporary accommodation,1,0,0,0,1,1,0
S01006893,All households,196,127,58,69,69,64,5
S01006893,Whole house or bungalow: Total,195,127,58,69,68,63,5
S01006893,Whole house or bungalow: Detached,64,59,32,27,5,2,3
S01006893,Whole house or bungalow: Semi-detached,60,40,20,20,20,19,1
S01006893,Whole house or bungalow: Terraced (including end-terrace),71,28,6,22,43,42,1
S01006893,Flat maisonette or apartment or mobile/temporary accommodation,1,0,0,0,1,1,0
S01006894,All households,448,319,171,148,129,114,15
S01006894,Whole house or bungalow: Total,363,275,145,130,88,80,8
S01006894,Whole house or bungalow: Detached,109,105,59,46,4,1,3
S01006894,Whole house or bungalow: Semi-detached,245,166,83,83,79,74,5
S01006894,Whole house or bungalow: Terraced (including end-terrace),9,4,3,1,5,5,0
S01006894,Flat maisonette or apartment or mobile/temporary accommodation,85,44,26,18,41,34,7
S01006895,All households,266,168,70,98,98,61,37
S01006895,Whole house or bungalow: Total,122,74,41,33,48,38,10
S01006895,Whole house or bungalow: Detached,8,5,3,2,3,0,3
S01006895,Whole house or bungalow: Semi-detached,67,37,18,19,30,25,5
S01006895,Whole house or bungalow: Terraced (including end-terrace),47,32,20,12,15,13,2
S01006895,Flat maisonette or apartment or mobile/temporary accommodation,144,94,29,65,50,23,27
S01006896,All households,361,273,150,123,88,50,38
S01006896,Whole house or bungalow: Total,246,211,133,78,35,21,14
S01006896,Whole house or bungalow: Detached,87,85,64,21,2,0,2
S01006896,Whole house or bungalow: Semi-detached,127,105,57,48,22,15,7
S01006896,Whole house or bungalow: Terraced (including end-terrace),32,21,12,9,11,6,5
S01006896,Flat maisonette or apartment or mobile/temporary accommodation,115,62,17,45,53,29,24
S01006897,All households,290,253,109,144,37,17,20
S01006897,Whole house or bungalow: Total,251,219,101,118,32,14,18
S01006897,Whole house or bungalow: Detached,79,75,38,37,4,0,4
S01006897,Whole house or bungalow: Semi-detached,102,86,41,45,16,8,8
S01006897,Whole house or bungalow: Terraced (including end-terrace),70,58,22,36,12,6,6
S01006897,Flat maisonette or apartment or mobile/temporary accommodation,39,34,8,26,5,3,2
S01006898,All households,340,264,135,129,76,48,28
S01006898,Whole house or bungalow: Total,288,236,126,110,52,34,18
S01006898,Whole house or bungalow: Detached,93,89,47,42,4,0,4
S01006898,Whole house or bungalow: Semi-detached,180,143,79,64,37,23,14
S01006898,Whole house or bungalow: Terraced (including end-terrace),15,4,0,4,11,11,0
S01006898,Flat maisonette or apartment or mobile/temporary accommodation,52,28,9,19,24,14,10
S01006899,All households,242,224,83,141,18,5,13
S01006899,Whole house or bungalow: Total,238,220,81,139,18,5,13
S01006899,Whole house or bungalow: Detached,113,107,41,66,6,1,5
S01006899,Whole house or bungalow: Semi-detached,124,113,40,73,11,3,8
S01006899,Whole house or bungalow: Terraced (including end-terrace),1,0,0,0,1,1,0
S01006899,Flat maisonette or apartment or mobile/temporary accommodation,4,4,2,2,0,0,0
S01006900,All households,234,216,72,144,18,3,15
S01006900,Whole house or bungalow: Total,228,213,71,142,15,3,12
S01006900,Whole house or bungalow: Detached,112,102,46,56,10,1,9
S01006900,Whole house or bungalow: Semi-detached,96,93,18,75,3,1,2
S01006900,Whole house or bungalow: Terraced (including end-terrace),20,18,7,11,2,1,1
S01006900,Flat maisonette or apartment or mobile/temporary accommodation,6,3,1,2,3,0,3
S01006901,All households,270,144,51,93,126,106,20
S01006901,Whole house or bungalow: Total,200,117,47,70,83,76,7
S01006901,Whole house or bungalow: Detached,24,22,9,13,2,1,1
S01006901,Whole house or bungalow: Semi-detached,136,76,32,44,60,56,4
S01006901,Whole house or bungalow: Terraced (including end-terrace),40,19,6,13,21,19,2
S01006901,Flat maisonette or apartment or mobile/temporary accommodation,70,27,4,23,43,30,13
S01006902,All households,296,151,57,94,145,125,20
S01006902,Whole house or bungalow: Total,213,133,54,79,80,73,7
S01006902,Whole house or bungalow: Detached,76,62,35,27,14,10,4
S01006902,Whole house or bungalow: Semi-detached,130,67,18,49,63,60,3
S01006902,Whole house or bungalow: Terraced (including end-terrace),7,4,1,3,3,3,0
S01006902,Flat maisonette or apartment or mobile/temporary accommodation,83,18,3,15,65,52,13
S01006903,All households,349,201,80,121,148,123,25
S01006903,Whole house or bungalow: Total,263,169,72,97,94,76,18
S01006903,Whole house or bungalow: Detached,56,49,23,26,7,2,5
S01006903,Whole house or bungalow: Semi-detached,132,91,38,53,41,36,5
S01006903,Whole house or bungalow: Terraced (including end-terrace),75,29,11,18,46,38,8
S01006903,Flat maisonette or apartment or mobile/temporary accommodation,86,32,8,24,54,47,7
S01006904,All households,330,221,119,102,109,53,56
S01006904,Whole house or bungalow: Total,190,144,68,76,46,26,20
S01006904,Whole house or bungalow: Detached,80,71,45,26,9,1,8
S01006904,Whole house or bungalow: Semi-detached,46,33,15,18,13,7,6
S01006904,Whole house or bungalow: Terraced (including end-terrace),64,40,8,32,24,18,6
S01006904,Flat maisonette or apartment or mobile/temporary accommodation,140,77,51,26,63,27,36
S01006905,All households,395,291,167,124,104,85,19
S01006905,Whole house or bungalow: Total,322,266,158,108,56,45,11
S01006905,Whole house or bungalow: Detached,137,130,84,46,7,3,4
S01006905,Whole house or bungalow: Semi-detached,158,119,68,51,39,32,7
S01006905,Whole house or bungalow: Terraced (including end-terrace),27,17,6,11,10,10,0
S01006905,Flat maisonette or apartment or mobile/temporary accommodation,73,25,9,16,48,40,8
S01006906,All households,441,193,104,89,248,223,25
S01006906,Whole house or bungalow: Total,299,185,101,84,114,93,21
S01006906,Whole house or bungalow: Detached,22,17,12,5,5,3,2
S01006906,Whole house or bungalow: Semi-detached,121,88,49,39,33,27,6
S01006906,Whole house or bungalow: Terraced (including end-terrace),156,80,40,40,76,63,13
S01006906,Flat maisonette or apartment or mobile/temporary accommodation,142,8,3,5,134,130,4
S01006907,All households,305,176,88,88,129,53,76
S01006907,Whole house or bungalow: Total,127,103,63,40,24,4,20
S01006907,Whole house or bungalow: Detached,81,70,44,26,11,1,10
S01006907,Whole house or bungalow: Semi-detached,29,23,14,9,6,3,3
S01006907,Whole house or bungalow: Terraced (including end-terrace),17,10,5,5,7,0,7
S01006907,Flat maisonette or apartment or mobile/temporary accommodation,178,73,25,48,105,49,56
S01006908,All households,426,267,148,119,159,100,59
S01006908,Whole house or bungalow: Total,212,159,105,54,53,30,23
S01006908,Whole house or bungalow: Detached,66,63,47,16,3,0,3
S01006908,Whole house or bungalow: Semi-detached,71,50,33,17,21,11,10
S01006908,Whole house or bungalow: Terraced (including end-terrace),75,46,25,21,29,19,10
S01006908,Flat maisonette or apartment or mobile/temporary accommodation,214,108,43,65,106,70,36
S01006909,All households,275,254,78,176,21,3,18
S01006909,Whole house or bungalow: Total,267,247,76,171,20,3,17
S01006909,Whole house or bungalow: Detached,237,222,71,151,15,0,15
S01006909,Whole house or bungalow: Semi-detached,25,24,5,19,1,0,1
S01006909,Whole house or bungalow: Terraced (including end-terrace),5,1,0,1,4,3,1
S01006909,Flat maisonette or apartment or mobile/temporary accommodation,8,7,2,5,1,0,1
S01006910,All households,353,284,133,151,69,6,63
S01006910,Whole house or bungalow: Total,315,274,128,146,41,5,36
S01006910,Whole house or bungalow: Detached,264,237,120,117,27,0,27
S01006910,Whole house or bungalow: Semi-detached,33,22,5,17,11,3,8
S01006910,Whole house or bungalow: Terraced (including end-terrace),18,15,3,12,3,2,1
S01006910,Flat maisonette or apartment or mobile/temporary accommodation,38,10,5,5,28,1,27
S01006911,All households,224,184,16,168,40,30,10
S01006911,Whole house or bungalow: Total,216,182,15,167,34,27,7
S01006911,Whole house or bungalow: Detached,176,171,13,158,5,0,5
S01006911,Whole house or bungalow: Semi-detached,25,9,1,8,16,14,2
S01006911,Whole house or bungalow: Terraced (including end-terrace),15,2,1,1,13,13,0
S01006911,Flat maisonette or apartment or mobile/temporary accommodation,8,2,1,1,6,3,3
S01006912,All households,170,128,83,45,42,4,38
S01006912,Whole house or bungalow: Total,164,124,81,43,40,4,36
S01006912,Whole house or bungalow: Detached,131,107,69,38,24,1,23
S01006912,Whole house or bungalow: Semi-detached,26,14,10,4,12,2,10
S01006912,Whole house or bungalow: Terraced (including end-terrace),7,3,2,1,4,1,3
S01006912,Flat maisonette or apartment or mobile/temporary accommodation,6,4,2,2,2,0,2
S01006913,All households,182,158,44,114,24,1,23
S01006913,Whole house or bungalow: Total,179,156,43,113,23,1,22
S01006913,Whole house or bungalow: Detached,156,144,38,106,12,0,12
S01006913,Whole house or bungalow: Semi-detached,23,12,5,7,11,1,10
S01006913,Whole house or bungalow: Terraced (including end-terrace),0,0,0,0,0,0,0
S01006913,Flat maisonette or apartment or mobile/temporary accommodation,3,2,1,1,1,0,1
S01006914,All households,273,212,117,95,61,6,55
S01006914,Whole house or bungalow: Total,266,210,115,95,56,4,52
S01006914,Whole house or bungalow: Detached,201,168,99,69,33,1,32
S01006914,Whole house or bungalow: Semi-detached,49,35,15,20,14,0,14
S01006914,Whole house or bungalow: Terraced (including end-terrace),16,7,1,6,9,3,6
S01006914,Flat maisonette or apartment or mobile/temporary accommodation,7,2,2,0,5,2,3
S01006915,All households,301,259,129,130,42,17,25
S01006915,Whole house or bungalow: Total,297,257,129,128,40,16,24
S01006915,Whole house or bungalow: Detached,226,210,109,101,16,0,16
S01006915,Whole house or bungalow: Semi-detached,66,45,19,26,21,15,6
S01006915,Whole house or bungalow: Terraced (including end-terrace),5,2,1,1,3,1,2
S01006915,Flat maisonette or apartment or mobile/temporary accommodation,4,2,0,2,2,1,1
S01006916,All households,207,142,41,101,65,53,12
S01006916,Whole house or bungalow: Total,173,135,40,95,38,27,11
S01006916,Whole house or bungalow: Detached,103,95,33,62,8,1,7
S01006916,Whole house or bungalow: Semi-detached,66,37,7,30,29,25,4
S01006916,Whole house or bungalow: Terraced (including end-terrace),4,3,0,3,1,1,0
S01006916,Flat maisonette or apartment or mobile/temporary accommodation,34,7,1,6,27,26,1
S01006917,All households,320,281,34,247,39,23,16
S01006917,Whole house or bungalow: Total,319,281,34,247,38,22,16
S01006917,Whole house or bungalow: Detached,275,259,27,232,16,0,16
S01006917,Whole house or bungalow: Semi-detached,41,21,7,14,20,20,0
S01006917,Whole house or bungalow: Terraced (including end-terrace),3,1,0,1,2,2,0
S01006917,Flat maisonette or apartment or mobile/temporary accommodation,1,0,0,0,1,1,0
S01006918,All households,195,158,71,87,37,25,12
S01006918,Whole house or bungalow: Total,180,149,69,80,31,20,11
S01006918,Whole house or bungalow: Detached,109,104,48,56,5,0,5
S01006918,Whole house or bungalow: Semi-detached,59,36,16,20,23,18,5
S01006918,Whole house or bungalow: Terraced (including end-terrace),12,9,5,4,3,2,1
S01006918,Flat maisonette or apartment or mobile/temporary accommodation,15,9,2,7,6,5,1
S01006919,All households,205,169,102,67,36,22,14
S01006919,Whole house or bungalow: Total,188,165,101,64,23,16,7
S01006919,Whole house or bungalow: Detached,94,91,55,36,3,0,3
S01006919,Whole house or bungalow: Semi-detached,54,47,30,17,7,5,2
S01006919,Whole house or bungalow: Terraced (including end-terrace),40,27,16,11,13,11,2
S01006919,Flat maisonette or apartment or mobile/temporary accommodation,17,4,1,3,13,6,7
S01006920,All households,243,161,78,83,82,63,19
S01006920,Whole house or bungalow: Total,143,122,62,60,21,15,6
S01006920,Whole house or bungalow: Detached,80,77,47,30,3,0,3
S01006920,Whole house or bungalow: Semi-detached,49,40,13,27,9,7,2
S01006920,Whole house or bungalow: Terraced (including end-terrace),14,5,2,3,9,8,1
S01006920,Flat maisonette or apartment or mobile/temporary accommodation,100,39,16,23,61,48,13
S01006921,All households,270,252,57,195,18,6,12
S01006921,Whole house or bungalow: Total,269,252,57,195,17,6,11
S01006921,Whole house or bungalow: Detached,212,201,39,162,11,2,9
S01006921,Whole house or bungalow: Semi-detached,53,48,17,31,5,3,2
S01006921,Whole house or bungalow: Terraced (including end-terrace),4,3,1,2,1,1,0
S01006921,Flat maisonette or apartment or mobile/temporary accommodation,1,0,0,0,1,0,1
S01006922,All households,201,170,98,72,31,2,29
S01006922,Whole house or bungalow: Total,186,156,86,70,30,2,28
S01006922,Whole house or bungalow: Detached,150,124,74,50,26,1,25
S01006922,Whole house or bungalow: Semi-detached,28,24,9,15,4,1,3
S01006922,Whole house or bungalow: Terraced (including end-terrace),8,8,3,5,0,0,0
S01006922,Flat maisonette or apartment or mobile/temporary accommodation,15,14,12,2,1,0,1
S01006923,All households,331,276,166,110,55,38,17
S01006923,Whole house or bungalow: Total,299,275,166,109,24,8,16
S01006923,Whole house or bungalow: Detached,204,193,119,74,11,0,11
S01006923,Whole house or bungalow: Semi-detached,57,51,26,25,6,2,4
S01006923,Whole house or bungalow: Terraced (including end-terrace),38,31,21,10,7,6,1
S01006923,Flat maisonette or apartment or mobile/temporary accommodation,32,1,0,1,31,30,1
S01006924,All households,208,174,88,86,34,1,33
S01006924,Whole house or bungalow: Total,204,171,87,84,33,1,32
S01006924,Whole house or bungalow: Detached,167,144,77,67,23,0,23
S01006924,Whole house or bungalow: Semi-detached,30,20,10,10,10,1,9
S01006924,Whole house or bungalow: Terraced (including end-terrace),7,7,0,7,0,0,0
S01006924,Flat maisonette or apartment or mobile/temporary accommodation,4,3,1,2,1,0,1
S01006925,All households,215,177,94,83,38,26,12
S01006925,Whole house or bungalow: Total,181,172,92,80,9,1,8
S01006925,Whole house or bungalow: Detached,107,106,73,33,1,0,1
S01006925,Whole house or bungalow: Semi-detached,72,65,19,46,7,1,6
S01006925,Whole house or bungalow: Terraced (including end-terrace),2,1,0,1,1,0,1
S01006925,Flat maisonette or apartment or mobile/temporary accommodation,34,5,2,3,29,25,4
S01006926,All households,263,231,71,160,32,13,19
S01006926,Whole house or bungalow: Total,260,230,70,160,30,13,17
S01006926,Whole house or bungalow: Detached,191,177,61,116,14,0,14
S01006926,Whole house or bungalow: Semi-detached,66,52,8,44,14,11,3
S01006926,Whole house or bungalow: Terraced (including end-terrace),3,1,1,0,2,2,0
S01006926,Flat maisonette or apartment or mobile/temporary accommodation,3,1,1,0,2,0,2
S01006927,All households,358,294,25,269,64,27,37
S01006927,Whole house or bungalow: Total,333,283,24,259,50,16,34
S01006927,Whole house or bungalow: Detached,274,254,22,232,20,1,19
S01006927,Whole house or bungalow: Semi-detached,56,28,2,26,28,15,13
S01006927,Whole house or bungalow: Terraced (including end-terrace),3,1,0,1,2,0,2
S01006927,Flat maisonette or apartment or mobile/temporary accommodation,25,11,1,10,14,11,3
S01006928,All households,416,305,129,176,111,32,79
S01006928,Whole house or bungalow: Total,387,295,127,168,92,31,61
S01006928,Whole house or bungalow: Detached,212,177,82,95,35,2,33
S01006928,Whole house or bungalow: Semi-detached,125,85,30,55,40,19,21
S01006928,Whole house or bungalow: Terraced (including end-terrace),50,33,15,18,17,10,7
S01006928,Flat maisonette or apartment or mobile/temporary accommodation,29,10,2,8,19,1,18
S01006929,All households,280,261,121,140,19,1,18
S01006929,Whole house or bungalow: Total,279,260,121,139,19,1,18
S01006929,Whole house or bungalow: Detached,265,251,118,133,14,0,14
S01006929,Whole house or bungalow: Semi-detached,12,8,2,6,4,1,3
S01006929,Whole house or bungalow: Terraced (including end-terrace),2,1,1,0,1,0,1
S01006929,Flat maisonette or apartment or mobile/temporary accommodation,1,1,0,1,0,0,0
S01006930,All households,358,344,175,169,14,2,12
S01006930,Whole house or bungalow: Total,346,334,170,164,12,1,11
S01006930,Whole house or bungalow: Detached,265,258,130,128,7,0,7
S01006930,Whole house or bungalow: Semi-detached,78,74,40,34,4,0,4
S01006930,Whole house or bungalow: Terraced (including end-terrace),3,2,0,2,1,1,0
S01006930,Flat maisonette or apartment or mobile/temporary accommodation,12,10,5,5,2,1,1
S01006931,All households,159,96,50,46,63,2,61
S01006931,Whole house or bungalow: Total,155,93,47,46,62,2,60
S01006931,Whole house or bungalow: Detached,116,72,39,33,44,1,43
S01006931,Whole house or bungalow: Semi-detached,22,16,6,10,6,1,5
S01006931,Whole house or bungalow: Terraced (including end-terrace),17,5,2,3,12,0,12
S01006931,Flat maisonette or apartment or mobile/temporary accommodation,4,3,3,0,1,0,1
S01006932,All households,195,157,30,127,38,32,6
S01006932,Whole house or bungalow: Total,194,156,30,126,38,32,6
S01006932,Whole house or bungalow: Detached,136,126,28,98,10,4,6
S01006932,Whole house or bungalow: Semi-detached,55,28,2,26,27,27,0
S01006932,Whole house or bungalow: Terraced (including end-terrace),3,2,0,2,1,1,0
S01006932,Flat maisonette or apartment or mobile/temporary accommodation,1,1,0,1,0,0,0
S01006933,All households,220,209,79,130,11,1,10
S01006933,Whole house or bungalow: Total,219,209,79,130,10,1,9
S01006933,Whole house or bungalow: Detached,69,66,26,40,3,0,3
S01006933,Whole house or bungalow: Semi-detached,150,143,53,90,7,1,6
S01006933,Whole house or bungalow: Terraced (including end-terrace),0,0,0,0,0,0,0
S01006933,Flat maisonette or apartment or mobile/temporary accommodation,1,0,0,0,1,0,1
S01006934,All households,234,159,84,75,75,25,50
S01006934,Whole house or bungalow: Total,231,157,83,74,74,24,50
S01006934,Whole house or bungalow: Detached,126,99,54,45,27,1,26
S01006934,Whole house or bungalow: Semi-detached,62,41,21,20,21,11,10
S01006934,Whole house or bungalow: Terraced (including end-terrace),43,17,8,9,26,12,14
S01006934,Flat maisonette or apartment or mobile/temporary accommodation,3,2,1,1,1,1,0
S01006935,All households,301,283,167,116,18,2,16
S01006935,Whole house or bungalow: Total,267,255,156,99,12,2,10
S01006935,Whole house or bungalow: Detached,90,88,50,38,2,0,2
S01006935,Whole house or bungalow: Semi-detached,164,159,101,58,5,1,4
S01006935,Whole house or bungalow: Terraced (including end-terrace),13,8,5,3,5,1,4
S01006935,Flat maisonette or apartment or mobile/temporary accommodation,34,28,11,17,6,0,6
S01006936,All households,274,237,122,115,37,22,15
S01006936,Whole house or bungalow: Total,232,216,116,100,16,7,9
S01006936,Whole house or bungalow: Detached,25,21,10,11,4,0,4
S01006936,Whole house or bungalow: Semi-detached,179,171,94,77,8,4,4
S01006936,Whole house or bungalow: Terraced (including end-terrace),28,24,12,12,4,3,1
S01006936,Flat maisonette or apartment or mobile/temporary accommodation,42,21,6,15,21,15,6
S01006937,All households,316,284,141,143,32,5,27
S01006937,Whole house or bungalow: Total,249,230,120,110,19,5,14
S01006937,Whole house or bungalow: Detached,119,114,77,37,5,1,4
S01006937,Whole house or bungalow: Semi-detached,72,64,22,42,8,4,4
S01006937,Whole house or bungalow: Terraced (including end-terrace),58,52,21,31,6,0,6
S01006937,Flat maisonette or apartment or mobile/temporary accommodation,67,54,21,33,13,0,13
S01006938,All households,254,183,81,102,71,51,20
S01006938,Whole house or bungalow: Total,185,151,75,76,34,21,13
S01006938,Whole house or bungalow: Detached,39,37,20,17,2,0,2
S01006938,Whole house or bungalow: Semi-detached,123,92,47,45,31,21,10
S01006938,Whole house or bungalow: Terraced (including end-terrace),23,22,8,14,1,0,1
S01006938,Flat maisonette or apartment or mobile/temporary accommodation,69,32,6,26,37,30,7
S01006939,All households,234,223,104,119,11,2,9
S01006939,Whole house or bungalow: Total,230,221,104,117,9,2,7
S01006939,Whole house or bungalow: Detached,128,125,73,52,3,1,2
S01006939,Whole house or bungalow: Semi-detached,99,94,31,63,5,0,5
S01006939,Whole house or bungalow: Terraced (including end-terrace),3,2,0,2,1,1,0
S01006939,Flat maisonette or apartment or mobile/temporary accommodation,4,2,0,2,2,0,2
S01006940,All households,378,335,141,194,43,6,37
S01006940,Whole house or bungalow: Total,322,299,139,160,23,6,17
S01006940,Whole house or bungalow: Detached,210,199,93,106,11,1,10
S01006940,Whole house or bungalow: Semi-detached,86,80,40,40,6,2,4
S01006940,Whole house or bungalow: Terraced (including end-terrace),26,20,6,14,6,3,3
S01006940,Flat maisonette or apartment or mobile/temporary accommodation,56,36,2,34,20,0,20
S01006941,All households,255,229,105,124,26,15,11
S01006941,Whole house or bungalow: Total,232,211,90,121,21,15,6
S01006941,Whole house or bungalow: Detached,60,57,30,27,3,2,1
S01006941,Whole house or bungalow: Semi-detached,71,63,40,23,8,5,3
S01006941,Whole house or bungalow: Terraced (including end-terrace),101,91,20,71,10,8,2
S01006941,Flat maisonette or apartment or mobile/temporary accommodation,23,18,15,3,5,0,5
S01006942,All households,390,352,136,216,38,13,25
S01006942,Whole house or bungalow: Total,367,340,132,208,27,12,15
S01006942,Whole house or bungalow: Detached,186,180,63,117,6,1,5
S01006942,Whole house or bungalow: Semi-detached,166,148,66,82,18,11,7
S01006942,Whole house or bungalow: Terraced (including end-terrace),15,12,3,9,3,0,3
S01006942,Flat maisonette or apartment or mobile/temporary accommodation,23,12,4,8,11,1,10
S01006943,All households,208,193,44,149,15,1,14
S01006943,Whole house or bungalow: Total,208,193,44,149,15,1,14
S01006943,Whole house or bungalow: Detached,193,180,43,137,13,0,13
S01006943,Whole house or bungalow: Semi-detached,14,13,1,12,1,0,1
S01006943,Whole house or bungalow: Terraced (including end-terrace),1,0,0,0,1,1,0
S01006943,Flat maisonette or apartment or mobile/temporary accommodation,0,0,0,0,0,0,0
S01006944,All households,327,259,32,227,68,39,29
S01006944,Whole house or bungalow: Total,235,186,29,157,49,32,17
S01006944,Whole house or bungalow: Detached,171,154,23,131,17,3,14
S01006944,Whole house or bungalow: Semi-detached,61,30,6,24,31,29,2
S01006944,Whole house or bungalow: Terraced (including end-terrace),3,2,0,2,1,0,1
S01006944,Flat maisonette or apartment or mobile/temporary accommodation,92,73,3,70,19,7,12
S01006945,All households,215,201,87,114,14,4,10
S01006945,Whole house or bungalow: Total,186,178,81,97,8,4,4
S01006945,Whole house or bungalow: Detached,116,114,59,55,2,0,2
S01006945,Whole house or bungalow: Semi-detached,65,59,21,38,6,4,2
S01006945,Whole house or bungalow: Terraced (including end-terrace),5,5,1,4,0,0,0
S01006945,Flat maisonette or apartment or mobile/temporary accommodation,29,23,6,17,6,0,6
S01006946,All households,314,283,118,165,31,6,25
S01006946,Whole house or bungalow: Total,264,246,107,139,18,5,13
S01006946,Whole house or bungalow: Detached,164,159,72,87,5,0,5
S01006946,Whole house or bungalow: Semi-detached,87,78,33,45,9,5,4
S01006946,Whole house or bungalow: Terraced (including end-terrace),13,9,2,7,4,0,4
S01006946,Flat maisonette or apartment or mobile/temporary accommodation,50,37,11,26,13,1,12
S01006947,All households,306,251,40,211,55,39,16
S01006947,Whole house or bungalow: Total,297,250,40,210,47,31,16
S01006947,Whole house or bungalow: Detached,160,150,30,120,10,0,10
S01006947,Whole house or bungalow: Semi-detached,132,97,9,88,35,30,5
S01006947,Whole house or bungalow: Terraced (including end-terrace),5,3,1,2,2,1,1
S01006947,Flat maisonette or apartment or mobile/temporary accommodation,9,1,0,1,8,8,0
S01006948,All households,372,291,149,142,81,54,27
S01006948,Whole house or bungalow: Total,346,287,147,140,59,33,26
S01006948,Whole house or bungalow: Detached,185,165,96,69,20,2,18
S01006948,Whole house or bungalow: Semi-detached,123,99,41,58,24,16,8
S01006948,Whole house or bungalow: Terraced (including end-terrace),38,23,10,13,15,15,0
S01006948,Flat maisonette or apartment or mobile/temporary accommodation,26,4,2,2,22,21,1
S01006949,All households,248,228,96,132,20,4,16
S01006949,Whole house or bungalow: Total,246,227,95,132,19,4,15
S01006949,Whole house or bungalow: Detached,197,185,85,100,12,0,12
S01006949,Whole house or bungalow: Semi-detached,38,32,8,24,6,3,3
S01006949,Whole house or bungalow: Terraced (including end-terrace),11,10,2,8,1,1,0
S01006949,Flat maisonette or apartment or mobile/temporary accommodation,2,1,1,0,1,0,1
S01006950,All households,199,152,10,142,47,37,10
S01006950,Whole house or bungalow: Total,177,132,9,123,45,36,9
S01006950,Whole house or bungalow: Detached,99,93,6,87,6,1,5
S01006950,Whole house or bungalow: Semi-detached,76,37,1,36,39,35,4
S01006950,Whole house or bungalow: Terraced (including end-terrace),2,2,2,0,0,0,0
S01006950,Flat maisonette or apartment or mobile/temporary accommodation,22,20,1,19,2,1,1
S01006951,All households,204,170,84,86,34,26,8
S01006951,Whole house or bungalow: Total,202,169,83,86,33,25,8
S01006951,Whole house or bungalow: Detached,65,62,30,32,3,0,3
S01006951,Whole house or bungalow: Semi-detached,134,104,51,53,30,25,5
S01006951,Whole house or bungalow: Terraced (including end-terrace),3,3,2,1,0,0,0
S01006951,Flat maisonette or apartment or mobile/temporary accommodation,2,1,1,0,1,1,0
S01006952,All households,364,285,167,118,79,23,56
S01006952,Whole house or bungalow: Total,339,281,164,117,58,21,37
S01006952,Whole house or bungalow: Detached,302,257,154,103,45,17,28
S01006952,Whole house or bungalow: Semi-detached,31,18,6,12,13,4,9
S01006952,Whole house or bungalow: Terraced (including end-terrace),6,6,4,2,0,0,0
S01006952,Flat maisonette or apartment or mobile/temporary accommodation,25,4,3,1,21,2,19
S01006953,All households,301,278,114,164,23,4,19
S01006953,Whole house or bungalow: Total,287,269,111,158,18,3,15
S01006953,Whole house or bungalow: Detached,238,226,99,127,12,1,11
S01006953,Whole house or bungalow: Semi-detached,18,14,4,10,4,1,3
S01006953,Whole house or bungalow: Terraced (including end-terrace),31,29,8,21,2,1,1
S01006953,Flat maisonette or apartment or mobile/temporary accommodation,14,9,3,6,5,1,4
S01006954,All households,317,296,150,146,21,5,16
S01006954,Whole house or bungalow: Total,311,292,148,144,19,4,15
S01006954,Whole house or bungalow: Detached,164,155,91,64,9,0,9
S01006954,Whole house or bungalow: Semi-detached,136,126,53,73,10,4,6
S01006954,Whole house or bungalow: Terraced (including end-terrace),11,11,4,7,0,0,0
S01006954,Flat maisonette or apartment or mobile/temporary accommodation,6,4,2,2,2,1,1
S01006955,All households,267,160,36,124,107,86,21
S01006955,Whole house or bungalow: Total,198,149,36,113,49,35,14
S01006955,Whole house or bungalow: Detached,18,13,10,3,5,1,4
S01006955,Whole house or bungalow: Semi-detached,137,111,23,88,26,20,6
S01006955,Whole house or bungalow: Terraced (including end-terrace),43,25,3,22,18,14,4
S01006955,Flat maisonette or apartment or mobile/temporary accommodation,69,11,0,11,58,51,7
S01006956,All households,394,335,77,258,59,35,24
S01006956,Whole house or bungalow: Total,391,335,77,258,56,34,22
S01006956,Whole house or bungalow: Detached,197,184,39,145,13,2,11
S01006956,Whole house or bungalow: Semi-detached,149,109,28,81,40,29,11
S01006956,Whole house or bungalow: Terraced (including end-terrace),45,42,10,32,3,3,0
S01006956,Flat maisonette or apartment or mobile/temporary accommodation,3,0,0,0,3,1,2
S01006957,All households,387,332,132,200,55,8,47
S01006957,Whole house or bungalow: Total,371,321,127,194,50,7,43
S01006957,Whole house or bungalow: Detached,285,247,108,139,38,0,38
S01006957,Whole house or bungalow: Semi-detached,70,61,14,47,9,5,4
S01006957,Whole house or bungalow: Terraced (including end-terrace),16,13,5,8,3,2,1
S01006957,Flat maisonette or apartment or mobile/temporary accommodation,16,11,5,6,5,1,4
S01006958,All households,435,398,240,158,37,8,29
S01006958,Whole house or bungalow: Total,417,387,235,152,30,6,24
S01006958,Whole house or bungalow: Detached,273,257,159,98,16,0,16
S01006958,Whole house or bungalow: Semi-detached,138,127,75,52,11,4,7
S01006958,Whole house or bungalow: Terraced (including end-terrace),6,3,1,2,3,2,1
S01006958,Flat maisonette or apartment or mobile/temporary accommodation,18,11,5,6,7,2,5
S01006959,All households,347,177,104,73,170,133,37
S01006959,Whole house or bungalow: Total,192,138,88,50,54,40,14
S01006959,Whole house or bungalow: Detached,63,56,34,22,7,2,5
S01006959,Whole house or bungalow: Semi-detached,111,74,48,26,37,31,6
S01006959,Whole house or bungalow: Terraced (including end-terrace),18,8,6,2,10,7,3
S01006959,Flat maisonette or apartment or mobile/temporary accommodation,155,39,16,23,116,93,23
S01006960,All households,318,274,53,221,44,32,12
S01006960,Whole house or bungalow: Total,307,274,53,221,33,21,12
S01006960,Whole house or bungalow: Detached,265,254,51,203,11,0,11
S01006960,Whole house or bungalow: Semi-detached,37,15,2,13,22,21,1
S01006960,Whole house or bungalow: Terraced (including end-terrace),5,5,0,5,0,0,0
S01006960,Flat maisonette or apartment or mobile/temporary accommodation,11,0,0,0,11,11,0
S01006961,All households,321,301,36,265,20,1,19
S01006961,Whole house or bungalow: Total,319,301,36,265,18,1,17
S01006961,Whole house or bungalow: Detached,270,255,32,223,15,0,15
S01006961,Whole house or bungalow: Semi-detached,37,34,3,31,3,1,2
S01006961,Whole house or bungalow: Terraced (including end-terrace),12,12,1,11,0,0,0
S01006961,Flat maisonette or apartment or mobile/temporary accommodation,2,0,0,0,2,0,2
S01006962,All households,409,369,207,162,40,4,36
S01006962,Whole house or bungalow: Total,355,323,204,119,32,3,29
S01006962,Whole house or bungalow: Detached,102,95,60,35,7,0,7
S01006962,Whole house or bungalow: Semi-detached,250,226,143,83,24,3,21
S01006962,Whole house or bungalow: Terraced (including end-terrace),3,2,1,1,1,0,1
S01006962,Flat maisonette or apartment or mobile/temporary accommodation,54,46,3,43,8,1,7
S01006963,All households,275,248,122,126,27,3,24
S01006963,Whole house or bungalow: Total,238,222,115,107,16,2,14
S01006963,Whole house or bungalow: Detached,142,138,79,59,4,0,4
S01006963,Whole house or bungalow: Semi-detached,90,79,35,44,11,2,9
S01006963,Whole house or bungalow: Terraced (including end-terrace),6,5,1,4,1,0,1
S01006963,Flat maisonette or apartment or mobile/temporary accommodation,37,26,7,19,11,1,10
S01006964,All households,348,283,118,165,65,3,62
S01006964,Whole house or bungalow: Total,177,164,82,82,13,3,10
S01006964,Whole house or bungalow: Detached,76,72,33,39,4,0,4
S01006964,Whole house or bungalow: Semi-detached,78,72,43,29,6,2,4
S01006964,Whole house or bungalow: Terraced (including end-terrace),23,20,6,14,3,1,2
S01006964,Flat maisonette or apartment or mobile/temporary accommodation,171,119,36,83,52,0,52
S01006965,All households,216,175,96,79,41,21,20
S01006965,Whole house or bungalow: Total,163,153,89,64,10,4,6
S01006965,Whole house or bungalow: Detached,98,96,56,40,2,0,2
S01006965,Whole house or bungalow: Semi-detached,57,50,31,19,7,4,3
S01006965,Whole house or bungalow: Terraced (including end-terrace),8,7,2,5,1,0,1
S01006965,Flat maisonette or apartment or mobile/temporary accommodation,53,22,7,15,31,17,14
S01006966,All households,253,152,51,101,101,84,17
S01006966,Whole house or bungalow: Total,247,151,51,100,96,81,15
S01006966,Whole house or bungalow: Detached,25,23,8,15,2,2,0
S01006966,Whole house or bungalow: Semi-detached,170,101,37,64,69,57,12
S01006966,Whole house or bungalow: Terraced (including end-terrace),52,27,6,21,25,22,3
S01006966,Flat maisonette or apartment or mobile/temporary accommodation,6,1,0,1,5,3,2
S01006967,All households,237,226,83,143,11,1,10
S01006967,Whole house or bungalow: Total,228,219,82,137,9,1,8
S01006967,Whole house or bungalow: Detached,59,57,18,39,2,0,2
S01006967,Whole house or bungalow: Semi-detached,167,160,64,96,7,1,6
S01006967,Whole house or bungalow: Terraced (including end-terrace),2,2,0,2,0,0,0
S01006967,Flat maisonette or apartment or mobile/temporary accommodation,9,7,1,6,2,0,2
S01006968,All households,224,162,74,88,62,45,17
S01006968,Whole house or bungalow: Total,214,158,74,84,56,45,11
S01006968,Whole house or bungalow: Detached,33,26,18,8,7,3,4
S01006968,Whole house or bungalow: Semi-detached,174,130,56,74,44,37,7
S01006968,Whole house or bungalow: Terraced (including end-terrace),7,2,0,2,5,5,0
S01006968,Flat maisonette or apartment or mobile/temporary accommodation,10,4,0,4,6,0,6
S01006969,All households,412,324,151,173,88,47,41
S01006969,Whole house or bungalow: Total,332,287,141,146,45,28,17
S01006969,Whole house or bungalow: Detached,60,55,32,23,5,1,4
S01006969,Whole house or bungalow: Semi-detached,264,228,108,120,36,25,11
S01006969,Whole house or bungalow: Terraced (including end-terrace),8,4,1,3,4,2,2
S01006969,Flat maisonette or apartment or mobile/temporary accommodation,80,37,10,27,43,19,24
S01006970,All households,258,227,106,121,31,10,21
S01006970,Whole house or bungalow: Total,237,218,105,113,19,0,19
S01006970,Whole house or bungalow: Detached,216,202,100,102,14,0,14
S01006970,Whole house or bungalow: Semi-detached,20,15,4,11,5,0,5
S01006970,Whole house or bungalow: Terraced (including end-terrace),1,1,1,0,0,0,0
S01006970,Flat maisonette or apartment or mobile/temporary accommodation,21,9,1,8,12,10,2
S01006971,All households,248,135,72,63,113,101,12
S01006971,Whole house or bungalow: Total,176,115,61,54,61,56,5
S01006971,Whole house or bungalow: Detached,45,42,24,18,3,3,0
S01006971,Whole house or bungalow: Semi-detached,98,57,29,28,41,36,5
S01006971,Whole house or bungalow: Terraced (including end-terrace),33,16,8,8,17,17,0
S01006971,Flat maisonette or apartment or mobile/temporary accommodation,72,20,11,9,52,45,7
S01006972,All households,192,162,86,76,30,5,25
S01006972,Whole house or bungalow: Total,191,161,85,76,30,5,25
S01006972,Whole house or bungalow: Detached,139,127,73,54,12,0,12
S01006972,Whole house or bungalow: Semi-detached,40,25,10,15,15,5,10
S01006972,Whole house or bungalow: Terraced (including end-terrace),12,9,2,7,3,0,3
S01006972,Flat maisonette or apartment or mobile/temporary accommodation,1,1,1,0,0,0,0
S01006973,All households,234,194,112,82,40,24,16
S01006973,Whole house or bungalow: Total,227,191,110,81,36,23,13
S01006973,Whole house or bungalow: Detached,139,129,74,55,10,3,7
S01006973,Whole house or bungalow: Semi-detached,74,56,33,23,18,13,5
S01006973,Whole house or bungalow: Terraced (including end-terrace),14,6,3,3,8,7,1
S01006973,Flat maisonette or apartment or mobile/temporary accommodation,7,3,2,1,4,1,3
S01006974,All households,393,334,125,209,59,33,26
S01006974,Whole house or bungalow: Total,370,322,119,203,48,28,20
S01006974,Whole house or bungalow: Detached,249,236,97,139,13,0,13
S01006974,Whole house or bungalow: Semi-detached,82,57,16,41,25,19,6
S01006974,Whole house or bungalow: Terraced (including end-terrace),39,29,6,23,10,9,1
S01006974,Flat maisonette or apartment or mobile/temporary accommodation,23,12,6,6,11,5,6
S01006975,All households,386,322,141,181,64,9,55
S01006975,Whole house or bungalow: Total,377,314,137,177,63,9,54
S01006975,Whole house or bungalow: Detached,298,253,115,138,45,1,44
S01006975,Whole house or bungalow: Semi-detached,52,39,11,28,13,5,8
S01006975,Whole house or bungalow: Terraced (including end-terrace),27,22,11,11,5,3,2
S01006975,Flat maisonette or apartment or mobile/temporary accommodation,9,8,4,4,1,0,1
S01006976,All households,172,142,75,67,30,1,29
S01006976,Whole house or bungalow: Total,169,140,73,67,29,1,28
S01006976,Whole house or bungalow: Detached,138,122,67,55,16,1,15
S01006976,Whole house or bungalow: Semi-detached,26,15,5,10,11,0,11
S01006976,Whole house or bungalow: Terraced (including end-terrace),5,3,1,2,2,0,2
S01006976,Flat maisonette or apartment or mobile/temporary accommodation,3,2,2,0,1,0,1
S01006977,All households,316,198,79,119,118,11,107
S01006977,Whole house or bungalow: Total,312,196,79,117,116,10,106
S01006977,Whole house or bungalow: Detached,239,158,66,92,81,0,81
S01006977,Whole house or bungalow: Semi-detached,62,30,10,20,32,9,23
S01006977,Whole house or bungalow: Terraced (including end-terrace),11,8,3,5,3,1,2
S01006977,Flat maisonette or apartment or mobile/temporary accommodation,4,2,0,2,2,1,1
S01006978,All households,371,263,128,135,108,46,62
S01006978,Whole house or bungalow: Total,365,263,128,135,102,45,57
S01006978,Whole house or bungalow: Detached,264,224,107,117,40,2,38
S01006978,Whole house or bungalow: Semi-detached,81,35,20,15,46,27,19
S01006978,Whole house or bungalow: Terraced (including end-terrace),20,4,1,3,16,16,0
S01006978,Flat maisonette or apartment or mobile/temporary accommodation,6,0,0,0,6,1,5
S01006979,All households,369,257,136,121,112,68,44
S01006979,Whole house or bungalow: Total,354,254,135,119,100,60,40
S01006979,Whole house or bungalow: Detached,172,151,84,67,21,0,21
S01006979,Whole house or bungalow: Semi-detached,119,75,41,34,44,29,15
S01006979,Whole house or bungalow: Terraced (including end-terrace),63,28,10,18,35,31,4
S01006979,Flat maisonette or apartment or mobile/temporary accommodation,15,3,1,2,12,8,4
S01006980,All households,326,261,125,136,65,6,59
S01006980,Whole house or bungalow: Total,321,259,123,136,62,5,57
S01006980,Whole house or bungalow: Detached,247,211,105,106,36,0,36
S01006980,Whole house or bungalow: Semi-detached,73,47,18,29,26,5,21
S01006980,Whole house or bungalow: Terraced (including end-terrace),1,1,0,1,0,0,0
S01006980,Flat maisonette or apartment or mobile/temporary accommodation,5,2,2,0,3,1,2
S01006981,All households,321,230,105,125,91,41,50
S01006981,Whole house or bungalow: Total,308,224,102,122,84,38,46
S01006981,Whole house or bungalow: Detached,181,153,75,78,28,1,27
S01006981,Whole house or bungalow: Semi-detached,75,47,16,31,28,14,14
S01006981,Whole house or bungalow: Terraced (including end-terrace),52,24,11,13,28,23,5
S01006981,Flat maisonette or apartment or mobile/temporary accommodation,13,6,3,3,7,3,4
S01006982,All households,359,280,77,203,79,59,20
S01006982,Whole house or bungalow: Total,335,272,75,197,63,44,19
S01006982,Whole house or bungalow: Detached,159,149,47,102,10,1,9
S01006982,Whole house or bungalow: Semi-detached,150,117,26,91,33,25,8
S01006982,Whole house or bungalow: Terraced (including end-terrace),26,6,2,4,20,18,2
S01006982,Flat maisonette or apartment or mobile/temporary accommodation,24,8,2,6,16,15,1
S01006983,All households,289,240,93,147,49,15,34
S01006983,Whole house or bungalow: Total,286,238,91,147,48,14,34
S01006983,Whole house or bungalow: Detached,143,120,47,73,23,2,21
S01006983,Whole house or bungalow: Semi-detached,140,115,44,71,25,12,13
S01006983,Whole house or bungalow: Terraced (including end-terrace),3,3,0,3,0,0,0
S01006983,Flat maisonette or apartment or mobile/temporary accommodation,3,2,2,0,1,1,0
S01006984,All households,275,214,88,126,61,13,48
S01006984,Whole house or bungalow: Total,272,212,86,126,60,13,47
S01006984,Whole house or bungalow: Detached,182,150,61,89,32,0,32
S01006984,Whole house or bungalow: Semi-detached,73,51,21,30,22,9,13
S01006984,Whole house or bungalow: Terraced (including end-terrace),17,11,4,7,6,4,2
S01006984,Flat maisonette or apartment or mobile/temporary accommodation,3,2,2,0,1,0,1
S01006985,All households,432,314,160,154,118,94,24
S01006985,Whole house or bungalow: Total,394,287,148,139,107,89,18
S01006985,Whole house or bungalow: Detached,184,173,95,78,11,3,8
S01006985,Whole house or bungalow: Semi-detached,174,87,41,46,87,79,8
S01006985,Whole house or bungalow: Terraced (including end-terrace),36,27,12,15,9,7,2
S01006985,Flat maisonette or apartment or mobile/temporary accommodation,38,27,12,15,11,5,6
S01006986,All households,243,198,55,143,45,29,16
S01006986,Whole house or bungalow: Total,229,189,54,135,40,24,16
S01006986,Whole house or bungalow: Detached,160,143,39,104,17,2,15
S01006986,Whole house or bungalow: Semi-detached,56,37,12,25,19,19,0
S01006986,Whole house or bungalow: Terraced (including end-terrace),13,9,3,6,4,3,1
S01006986,Flat maisonette or apartment or mobile/temporary accommodation,14,9,1,8,5,5,0
S01006987,All households,294,201,107,94,93,61,32
S01006987,Whole house or bungalow: Total,258,191,104,87,67,44,23
S01006987,Whole house or bungalow: Detached,147,128,76,52,19,4,15
S01006987,Whole house or bungalow: Semi-detached,81,46,22,24,35,29,6
S01006987,Whole house or bungalow: Terraced (including end-terrace),30,17,6,11,13,11,2
S01006987,Flat maisonette or apartment or mobile/temporary accommodation,36,10,3,7,26,17,9
S01006988,All households,218,159,45,114,59,33,26
S01006988,Whole house or bungalow: Total,214,158,44,114,56,32,24
S01006988,Whole house or bungalow: Detached,144,126,38,88,18,3,15
S01006988,Whole house or bungalow: Semi-detached,65,28,6,22,37,29,8
S01006988,Whole house or bungalow: Terraced (including end-terrace),5,4,0,4,1,0,1
S01006988,Flat maisonette or apartment or mobile/temporary accommodation,4,1,1,0,3,1,2
S01006989,All households,375,331,167,164,44,12,32
S01006989,Whole house or bungalow: Total,371,328,165,163,43,12,31
S01006989,Whole house or bungalow: Detached,281,257,138,119,24,0,24
S01006989,Whole house or bungalow: Semi-detached,73,58,24,34,15,10,5
S01006989,Whole house or bungalow: Terraced (including end-terrace),17,13,3,10,4,2,2
S01006989,Flat maisonette or apartment or mobile/temporary accommodation,4,3,2,1,1,0,1
S01006990,All households,313,256,63,193,57,10,47
S01006990,Whole house or bungalow: Total,310,256,63,193,54,10,44
S01006990,Whole house or bungalow: Detached,267,229,60,169,38,0,38
S01006990,Whole house or bungalow: Semi-detached,37,24,3,21,13,9,4
S01006990,Whole house or bungalow: Terraced (including end-terrace),6,3,0,3,3,1,2
S01006990,Flat maisonette or apartment or mobile/temporary accommodation,3,0,0,0,3,0,3
S01006991,All households,216,123,76,47,93,69,24
S01006991,Whole house or bungalow: Total,194,120,75,45,74,52,22
S01006991,Whole house or bungalow: Detached,80,69,46,23,11,1,10
S01006991,Whole house or bungalow: Semi-detached,64,32,20,12,32,27,5
S01006991,Whole house or bungalow: Terraced (including end-terrace),50,19,9,10,31,24,7
S01006991,Flat maisonette or apartment or mobile/temporary accommodation,22,3,1,2,19,17,2
S01006992,All households,241,205,97,108,36,2,34
S01006992,Whole house or bungalow: Total,240,204,96,108,36,2,34
S01006992,Whole house or bungalow: Detached,197,171,83,88,26,0,26
S01006992,Whole house or bungalow: Semi-detached,41,32,13,19,9,1,8
S01006992,Whole house or bungalow: Terraced (including end-terrace),2,1,0,1,1,1,0
S01006992,Flat maisonette or apartment or mobile/temporary accommodation,1,1,1,0,0,0,0
S01006993,All households,202,168,86,82,34,4,30
S01006993,Whole house or bungalow: Total,199,165,84,81,34,4,30
S01006993,Whole house or bungalow: Detached,182,155,80,75,27,0,27
S01006993,Whole house or bungalow: Semi-detached,15,10,4,6,5,2,3
S01006993,Whole house or bungalow: Terraced (including end-terrace),2,0,0,0,2,2,0
S01006993,Flat maisonette or apartment or mobile/temporary accommodation,3,3,2,1,0,0,0
S01006994,All households,226,175,86,89,51,6,45
S01006994,Whole house or bungalow: Total,226,175,86,89,51,6,45
S01006994,Whole house or bungalow: Detached,202,164,78,86,38,1,37
S01006994,Whole house or bungalow: Semi-detached,21,11,8,3,10,4,6
S01006994,Whole house or bungalow: Terraced (including end-terrace),3,0,0,0,3,1,2
S01006994,Flat maisonette or apartment or mobile/temporary accommodation,0,0,0,0,0,0,0
S01006995,All households,331,252,114,138,79,12,67
S01006995,Whole house or bungalow: Total,325,248,114,134,77,12,65
S01006995,Whole house or bungalow: Detached,250,209,105,104,41,1,40
S01006995,Whole house or bungalow: Semi-detached,52,24,7,17,28,9,19
S01006995,Whole house or bungalow: Terraced (including end-terrace),23,15,2,13,8,2,6
S01006995,Flat maisonette or apartment or mobile/temporary accommodation,6,4,0,4,2,0,2
S01006996,All households,306,220,79,141,86,75,11
S01006996,Whole house or bungalow: Total,290,218,78,140,72,62,10
S01006996,Whole house or bungalow: Detached,155,147,50,97,8,3,5
S01006996,Whole house or bungalow: Semi-detached,116,65,26,39,51,47,4
S01006996,Whole house or bungalow: Terraced (including end-terrace),19,6,2,4,13,12,1
S01006996,Flat maisonette or apartment or mobile/temporary accommodation,16,2,1,1,14,13,1
S01006997,All households,292,247,84,163,45,19,26
S01006997,Whole house or bungalow: Total,285,246,84,162,39,16,23
S01006997,Whole house or bungalow: Detached,235,215,72,143,20,1,19
S01006997,Whole house or bungalow: Semi-detached,38,25,9,16,13,10,3
S01006997,Whole house or bungalow: Terraced (including end-terrace),12,6,3,3,6,5,1
S01006997,Flat maisonette or apartment or mobile/temporary accommodation,7,1,0,1,6,3,3
S01006998,All households,450,365,166,199,85,31,54
S01006998,Whole house or bungalow: Total,443,364,165,199,79,29,50
S01006998,Whole house or bungalow: Detached,338,297,139,158,41,0,41
S01006998,Whole house or bungalow: Semi-detached,65,46,15,31,19,11,8
S01006998,Whole house or bungalow: Terraced (including end-terrace),40,21,11,10,19,18,1
S01006998,Flat maisonette or apartment or mobile/temporary accommodation,7,1,1,0,6,2,4
S01006999,All households,334,253,128,125,81,6,75
S01006999,Whole house or bungalow: Total,329,248,125,123,81,6,75
S01006999,Whole house or bungalow: Detached,263,208,106,102,55,0,55
S01006999,Whole house or bungalow: Semi-detached,61,37,16,21,24,4,20
S01006999,Whole house or bungalow: Terraced (including end-terrace),5,3,3,0,2,2,0
S01006999,Flat maisonette or apartment or mobile/temporary accommodation,5,5,3,2,0,0,0
S01007000,All households,414,287,111,176,127,107,20
S01007000,Whole house or bungalow: Total,377,284,110,174,93,77,16
S01007000,Whole house or bungalow: Detached,219,205,85,120,14,2,12
S01007000,Whole house or bungalow: Semi-detached,132,74,24,50,58,54,4
S01007000,Whole house or bungalow: Terraced (including end-terrace),26,5,1,4,21,21,0
S01007000,Flat maisonette or apartment or mobile/temporary accommodation,37,3,1,2,34,30,4
S01007001,All households,388,300,143,157,88,55,33
S01007001,Whole house or bungalow: Total,365,284,135,149,81,55,26
S01007001,Whole house or bungalow: Detached,213,195,95,100,18,0,18
S01007001,Whole house or bungalow: Semi-detached,97,63,31,32,34,27,7
S01007001,Whole house or bungalow: Terraced (including end-terrace),55,26,9,17,29,28,1
S01007001,Flat maisonette or apartment or mobile/temporary accommodation,23,16,8,8,7,0,7
S01007002,All households,230,150,70,80,80,45,35
S01007002,Whole house or bungalow: Total,209,148,69,79,61,27,34
S01007002,Whole house or bungalow: Detached,151,119,57,62,32,2,30
S01007002,Whole house or bungalow: Semi-detached,48,22,5,17,26,22,4
S01007002,Whole house or bungalow: Terraced (including end-terrace),10,7,7,0,3,3,0
S01007002,Flat maisonette or apartment or mobile/temporary accommodation,21,2,1,1,19,18,1
S01007003,All households,205,150,93,57,55,10,45
S01007003,Whole house or bungalow: Total,200,147,91,56,53,9,44
S01007003,Whole house or bungalow: Detached,161,133,82,51,28,0,28
S01007003,Whole house or bungalow: Semi-detached,34,14,9,5,20,4,16
S01007003,Whole house or bungalow: Terraced (including end-terrace),5,0,0,0,5,5,0
S01007003,Flat maisonette or apartment or mobile/temporary accommodation,5,3,2,1,2,1,1
S01007004,All households,304,239,139,100,65,12,53
S01007004,Whole house or bungalow: Total,298,238,138,100,60,12,48
S01007004,Whole house or bungalow: Detached,236,200,124,76,36,2,34
S01007004,Whole house or bungalow: Semi-detached,52,34,14,20,18,7,11
S01007004,Whole house or bungalow: Terraced (including end-terrace),10,4,0,4,6,3,3
S01007004,Flat maisonette or apartment or mobile/temporary accommodation,6,1,1,0,5,0,5
S01007005,All households,348,283,146,137,65,15,50
S01007005,Whole house or bungalow: Total,343,281,146,135,62,13,49
S01007005,Whole house or bungalow: Detached,291,251,130,121,40,1,39
S01007005,Whole house or bungalow: Semi-detached,42,26,15,11,16,10,6
S01007005,Whole house or bungalow: Terraced (including end-terrace),10,4,1,3,6,2,4
S01007005,Flat maisonette or apartment or mobile/temporary accommodation,5,2,0,2,3,2,1
S01007006,All households,394,253,138,115,141,70,71
S01007006,Whole house or bungalow: Total,367,248,134,114,119,60,59
S01007006,Whole house or bungalow: Detached,217,182,103,79,35,6,29
S01007006,Whole house or bungalow: Semi-detached,102,52,25,27,50,27,23
S01007006,Whole house or bungalow: Terraced (including end-terrace),48,14,6,8,34,27,7
S01007006,Flat maisonette or apartment or mobile/temporary accommodation,27,5,4,1,22,10,12
S01007007,All households,338,247,141,106,91,26,65
S01007007,Whole house or bungalow: Total,334,245,139,106,89,24,65
S01007007,Whole house or bungalow: Detached,246,195,115,80,51,1,50
S01007007,Whole house or bungalow: Semi-detached,75,44,21,23,31,16,15
S01007007,Whole house or bungalow: Terraced (including end-terrace),13,6,3,3,7,7,0
S01007007,Flat maisonette or apartment or mobile/temporary accommodation,4,2,2,0,2,2,0
S01007008,All households,450,252,124,128,198,153,45
S01007008,Whole house or bungalow: Total,381,233,119,114,148,117,31
S01007008,Whole house or bungalow: Detached,103,87,47,40,16,6,10
S01007008,Whole house or bungalow: Semi-detached,193,101,49,52,92,79,13
S01007008,Whole house or bungalow: Terraced (including end-terrace),85,45,23,22,40,32,8
S01007008,Flat maisonette or apartment or mobile/temporary accommodation,69,19,5,14,50,36,14
S01007009,All households,496,331,198,133,165,112,53
S01007009,Whole house or bungalow: Total,345,280,171,109,65,38,27
S01007009,Whole house or bungalow: Detached,156,136,94,42,20,4,16
S01007009,Whole house or bungalow: Semi-detached,130,104,63,41,26,22,4
S01007009,Whole house or bungalow: Terraced (including end-terrace),59,40,14,26,19,12,7
S01007009,Flat maisonette or apartment or mobile/temporary accommodation,151,51,27,24,100,74,26
S01007010,All households,392,271,179,92,121,79,42
S01007010,Whole house or bungalow: Total,291,246,168,78,45,25,20
S01007010,Whole house or bungalow: Detached,176,164,123,41,12,2,10
S01007010,Whole house or bungalow: Semi-detached,67,45,33,12,22,17,5
S01007010,Whole house or bungalow: Terraced (including end-terrace),48,37,12,25,11,6,5
S01007010,Flat maisonette or apartment or mobile/temporary accommodation,101,25,11,14,76,54,22
S01007011,All households,463,221,123,98,242,179,63
S01007011,Whole house or bungalow: Total,279,164,101,63,115,86,29
S01007011,Whole house or bungalow: Detached,61,50,32,18,11,5,6
S01007011,Whole house or bungalow: Semi-detached,117,70,42,28,47,35,12
S01007011,Whole house or bungalow: Terraced (including end-terrace),101,44,27,17,57,46,11
S01007011,Flat maisonette or apartment or mobile/temporary accommodation,184,57,22,35,127,93,34
S01007012,All households,322,143,84,59,179,160,19
S01007012,Whole house or bungalow: Total,314,142,84,58,172,153,19
S01007012,Whole house or bungalow: Detached,14,7,4,3,7,6,1
S01007012,Whole house or bungalow: Semi-detached,114,41,25,16,73,64,9
S01007012,Whole house or bungalow: Terraced (including end-terrace),186,94,55,39,92,83,9
S01007012,Flat maisonette or apartment or mobile/temporary accommodation,8,1,0,1,7,7,0
S01007013,All households,222,190,120,70,32,5,27
S01007013,Whole house or bungalow: Total,220,188,119,69,32,5,27
S01007013,Whole house or bungalow: Detached,185,164,110,54,21,1,20
S01007013,Whole house or bungalow: Semi-detached,30,21,9,12,9,2,7
S01007013,Whole house or bungalow: Terraced (including end-terrace),5,3,0,3,2,2,0
S01007013,Flat maisonette or apartment or mobile/temporary accommodation,2,2,1,1,0,0,0
S01007014,All households,381,312,123,189,69,9,60
S01007014,Whole house or bungalow: Total,377,311,122,189,66,8,58
S01007014,Whole house or bungalow: Detached,277,230,98,132,47,0,47
S01007014,Whole house or bungalow: Semi-detached,95,77,23,54,18,8,10
S01007014,Whole house or bungalow: Terraced (including end-terrace),5,4,1,3,1,0,1
S01007014,Flat maisonette or apartment or mobile/temporary accommodation,4,1,1,0,3,1,2
S01007015,All households,247,158,78,80,89,17,72
S01007015,Whole house or bungalow: Total,244,156,77,79,88,16,72
S01007015,Whole house or bungalow: Detached,197,139,70,69,58,1,57
S01007015,Whole house or bungalow: Semi-detached,43,16,7,9,27,12,15
S01007015,Whole house or bungalow: Terraced (including end-terrace),4,1,0,1,3,3,0
S01007015,Flat maisonette or apartment or mobile/temporary accommodation,3,2,1,1,1,1,0
S01007016,All households,213,165,73,92,48,8,40
S01007016,Whole house or bungalow: Total,213,165,73,92,48,8,40
S01007016,Whole house or bungalow: Detached,185,148,68,80,37,0,37
S01007016,Whole house or bungalow: Semi-detached,24,14,5,9,10,7,3
S01007016,Whole house or bungalow: Terraced (including end-terrace),4,3,0,3,1,1,0
S01007016,Flat maisonette or apartment or mobile/temporary accommodation,0,0,0,0,0,0,0
S01007017,All households,476,281,126,155,195,162,33
S01007017,Whole house or bungalow: Total,368,251,116,135,117,94,23
S01007017,Whole house or bungalow: Detached,50,42,16,26,8,4,4
S01007017,Whole house or bungalow: Semi-detached,165,115,59,56,50,41,9
S01007017,Whole house or bungalow: Terraced (including end-terrace),153,94,41,53,59,49,10
S01007017,Flat maisonette or apartment or mobile/temporary accommodation,108,30,10,20,78,68,10
S01007018,All households,421,341,179,162,80,55,25
S01007018,Whole house or bungalow: Total,391,330,175,155,61,41,20
S01007018,Whole house or bungalow: Detached,216,205,123,82,11,4,7
S01007018,Whole house or bungalow: Semi-detached,116,92,38,54,24,17,7
S01007018,Whole house or bungalow: Terraced (including end-terrace),59,33,14,19,26,20,6
S01007018,Flat maisonette or apartment or mobile/temporary accommodation,30,11,4,7,19,14,5
S01007019,All households,309,205,123,82,104,64,40
S01007019,Whole house or bungalow: Total,290,204,122,82,86,51,35
S01007019,Whole house or bungalow: Detached,109,99,75,24,10,1,9
S01007019,Whole house or bungalow: Semi-detached,79,37,19,18,42,33,9
S01007019,Whole house or bungalow: Terraced (including end-terrace),102,68,28,40,34,17,17
S01007019,Flat maisonette or apartment or mobile/temporary accommodation,19,1,1,0,18,13,5
S01007020,All households,411,256,127,129,155,89,66
S01007020,Whole house or bungalow: Total,255,200,103,97,55,22,33
S01007020,Whole house or bungalow: Detached,120,109,65,44,11,0,11
S01007020,Whole house or bungalow: Semi-detached,74,55,23,32,19,9,10
S01007020,Whole house or bungalow: Terraced (including end-terrace),61,36,15,21,25,13,12
S01007020,Flat maisonette or apartment or mobile/temporary accommodation,156,56,24,32,100,67,33
S01007021,All households,403,304,167,137,99,68,31
S01007021,Whole house or bungalow: Total,365,291,162,129,74,49,25
S01007021,Whole house or bungalow: Detached,96,88,58,30,8,3,5
S01007021,Whole house or bungalow: Semi-detached,203,156,78,78,47,33,14
S01007021,Whole house or bungalow: Terraced (including end-terrace),66,47,26,21,19,13,6
S01007021,Flat maisonette or apartment or mobile/temporary accommodation,38,13,5,8,25,19,6
S01007022,All households,209,136,82,54,73,62,11
S01007022,Whole house or bungalow: Total,206,136,82,54,70,59,11
S01007022,Whole house or bungalow: Detached,101,94,60,34,7,4,3
S01007022,Whole house or bungalow: Semi-detached,96,37,19,18,59,51,8
S01007022,Whole house or bungalow: Terraced (including end-terrace),9,5,3,2,4,4,0
S01007022,Flat maisonette or apartment or mobile/temporary accommodation,3,0,0,0,3,3,0
S01007023,All households,203,122,70,52,81,30,51
S01007023,Whole house or bungalow: Total,199,121,69,52,78,29,49
S01007023,Whole house or bungalow: Detached,104,68,40,28,36,1,35
S01007023,Whole house or bungalow: Semi-detached,80,44,25,19,36,22,14
S01007023,Whole house or bungalow: Terraced (including end-terrace),15,9,4,5,6,6,0
S01007023,Flat maisonette or apartment or mobile/temporary accommodation,4,1,1,0,3,1,2
S01007024,All households,416,322,202,120,94,32,62
S01007024,Whole house or bungalow: Total,407,317,197,120,90,30,60
S01007024,Whole house or bungalow: Detached,298,252,160,92,46,0,46
S01007024,Whole house or bungalow: Semi-detached,90,55,30,25,35,23,12
S01007024,Whole house or bungalow: Terraced (including end-terrace),19,10,7,3,9,7,2
S01007024,Flat maisonette or apartment or mobile/temporary accommodation,9,5,5,0,4,2,2
S01007025,All households,389,224,136,88,165,144,21
S01007025,Whole house or bungalow: Total,362,215,131,84,147,127,20
S01007025,Whole house or bungalow: Detached,76,59,31,28,17,9,8
S01007025,Whole house or bungalow: Semi-detached,255,137,89,48,118,109,9
S01007025,Whole house or bungalow: Terraced (including end-terrace),31,19,11,8,12,9,3
S01007025,Flat maisonette or apartment or mobile/temporary accommodation,27,9,5,4,18,17,1
S01007026,All households,412,312,208,104,100,69,31
S01007026,Whole house or bungalow: Total,358,303,204,99,55,31,24
S01007026,Whole house or bungalow: Detached,228,213,143,70,15,4,11
S01007026,Whole house or bungalow: Semi-detached,105,68,45,23,37,24,13
S01007026,Whole house or bungalow: Terraced (including end-terrace),25,22,16,6,3,3,0
S01007026,Flat maisonette or apartment or mobile/temporary accommodation,54,9,4,5,45,38,7
S01007027,All households,481,338,207,131,143,98,45
S01007027,Whole house or bungalow: Total,447,331,203,128,116,76,40
S01007027,Whole house or bungalow: Detached,216,192,119,73,24,5,19
S01007027,Whole house or bungalow: Semi-detached,176,110,63,47,66,51,15
S01007027,Whole house or bungalow: Terraced (including end-terrace),55,29,21,8,26,20,6
S01007027,Flat maisonette or apartment or mobile/temporary accommodation,34,7,4,3,27,22,5
S01007028,All households,315,231,141,90,84,21,63
S01007028,Whole house or bungalow: Total,306,224,137,87,82,21,61
S01007028,Whole house or bungalow: Detached,219,173,109,64,46,0,46
S01007028,Whole house or bungalow: Semi-detached,80,45,26,19,35,20,15
S01007028,Whole house or bungalow: Terraced (including end-terrace),7,6,2,4,1,1,0
S01007028,Flat maisonette or apartment or mobile/temporary accommodation,9,7,4,3,2,0,2
S01007029,All households,221,201,128,73,20,6,14
S01007029,Whole house or bungalow: Total,216,198,125,73,18,4,14
S01007029,Whole house or bungalow: Detached,201,187,117,70,14,0,14
S01007029,Whole house or bungalow: Semi-detached,14,10,8,2,4,4,0
S01007029,Whole house or bungalow: Terraced (including end-terrace),1,1,0,1,0,0,0
S01007029,Flat maisonette or apartment or mobile/temporary accommodation,5,3,3,0,2,2,0
S01007030,All households,338,219,140,79,119,95,24
S01007030,Whole house or bungalow: Total,329,218,139,79,111,88,23
S01007030,Whole house or bungalow: Detached,149,133,90,43,16,4,12
S01007030,Whole house or bungalow: Semi-detached,76,41,27,14,35,26,9
S01007030,Whole house or bungalow: Terraced (including end-terrace),104,44,22,22,60,58,2
S01007030,Flat maisonette or apartment or mobile/temporary accommodation,9,1,1,0,8,7,1
S01007031,All households,285,152,84,68,133,92,41
S01007031,Whole house or bungalow: Total,255,150,83,67,105,68,37
S01007031,Whole house or bungalow: Detached,144,112,66,46,32,5,27
S01007031,Whole house or bungalow: Semi-detached,78,25,10,15,53,46,7
S01007031,Whole house or bungalow: Terraced (including end-terrace),33,13,7,6,20,17,3
S01007031,Flat maisonette or apartment or mobile/temporary accommodation,30,2,1,1,28,24,4
S01007032,All households,507,271,153,118,236,153,83
S01007032,Whole house or bungalow: Total,333,234,135,99,99,59,40
S01007032,Whole house or bungalow: Detached,83,66,42,24,17,4,13
S01007032,Whole house or bungalow: Semi-detached,147,99,53,46,48,32,16
S01007032,Whole house or bungalow: Terraced (including end-terrace),103,69,40,29,34,23,11
S01007032,Flat maisonette or apartment or mobile/temporary accommodation,174,37,18,19,137,94,43
S01007033,All households,338,207,111,96,131,114,17
S01007033,Whole house or bungalow: Total,306,203,111,92,103,90,13
S01007033,Whole house or bungalow: Detached,68,63,43,20,5,2,3
S01007033,Whole house or bungalow: Semi-detached,121,77,41,36,44,39,5
S01007033,Whole house or bungalow: Terraced (including end-terrace),117,63,27,36,54,49,5
S01007033,Flat maisonette or apartment or mobile/temporary accommodation,32,4,0,4,28,24,4
S01007034,All households,266,167,88,79,99,74,25
S01007034,Whole house or bungalow: Total,203,154,83,71,49,32,17
S01007034,Whole house or bungalow: Detached,75,67,40,27,8,0,8
S01007034,Whole house or bungalow: Semi-detached,82,58,28,30,24,23,1
S01007034,Whole house or bungalow: Terraced (including end-terrace),46,29,15,14,17,9,8
S01007034,Flat maisonette or apartment or mobile/temporary accommodation,63,13,5,8,50,42,8
S01007035,All households,375,178,103,75,197,174,23
S01007035,Whole house or bungalow: Total,335,172,97,75,163,141,22
S01007035,Whole house or bungalow: Detached,35,28,17,11,7,5,2
S01007035,Whole house or bungalow: Semi-detached,207,103,56,47,104,89,15
S01007035,Whole house or bungalow: Terraced (including end-terrace),93,41,24,17,52,47,5
S01007035,Flat maisonette or apartment or mobile/temporary accommodation,40,6,6,0,34,33,1
S01007036,All households,401,283,167,116,118,86,32
S01007036,Whole house or bungalow: Total,331,266,158,108,65,40,25
S01007036,Whole house or bungalow: Detached,203,188,117,71,15,3,12
S01007036,Whole house or bungalow: Semi-detached,69,44,24,20,25,16,9
S01007036,Whole house or bungalow: Terraced (including end-terrace),59,34,17,17,25,21,4
S01007036,Flat maisonette or apartment or mobile/temporary accommodation,70,17,9,8,53,46,7
S01007037,All households,453,277,137,140,176,158,18
S01007037,Whole house or bungalow: Total,415,271,131,140,144,127,17
S01007037,Whole house or bungalow: Detached,96,85,44,41,11,4,7
S01007037,Whole house or bungalow: Semi-detached,194,119,53,66,75,68,7
S01007037,Whole house or bungalow: Terraced (including end-terrace),125,67,34,33,58,55,3
S01007037,Flat maisonette or apartment or mobile/temporary accommodation,38,6,6,0,32,31,1
S01007038,All households,328,215,110,105,113,75,38
S01007038,Whole house or bungalow: Total,249,192,102,90,57,30,27
S01007038,Whole house or bungalow: Detached,93,81,52,29,12,2,10
S01007038,Whole house or bungalow: Semi-detached,103,71,32,39,32,18,14
S01007038,Whole house or bungalow: Terraced (including end-terrace),53,40,18,22,13,10,3
S01007038,Flat maisonette or apartment or mobile/temporary accommodation,79,23,8,15,56,45,11
S01007039,All households,368,232,112,120,136,120,16
S01007039,Whole house or bungalow: Total,342,231,112,119,111,95,16
S01007039,Whole house or bungalow: Detached,122,114,60,54,8,3,5
S01007039,Whole house or bungalow: Semi-detached,136,80,30,50,56,48,8
S01007039,Whole house or bungalow: Terraced (including end-terrace),84,37,22,15,47,44,3
S01007039,Flat maisonette or apartment or mobile/temporary accommodation,26,1,0,1,25,25,0
S01007040,All households,301,181,108,73,120,102,18
S01007040,Whole house or bungalow: Total,269,178,106,72,91,77,14
S01007040,Whole house or bungalow: Detached,82,74,47,27,8,4,4
S01007040,Whole house or bungalow: Semi-detached,118,70,38,32,48,43,5
S01007040,Whole house or bungalow: Terraced (including end-terrace),69,34,21,13,35,30,5
S01007040,Flat maisonette or apartment or mobile/temporary accommodation,32,3,2,1,29,25,4
S01007041,All households,344,238,132,106,106,90,16
S01007041,Whole house or bungalow: Total,283,220,123,97,63,50,13
S01007041,Whole house or bungalow: Detached,116,108,67,41,8,1,7
S01007041,Whole house or bungalow: Semi-detached,99,63,30,33,36,33,3
S01007041,Whole house or bungalow: Terraced (including end-terrace),68,49,26,23,19,16,3
S01007041,Flat maisonette or apartment or mobile/temporary accommodation,61,18,9,9,43,40,3
S01007042,All households,318,227,120,107,91,64,27
S01007042,Whole house or bungalow: Total,303,225,119,106,78,52,26
S01007042,Whole house or bungalow: Detached,173,152,83,69,21,10,11
S01007042,Whole house or bungalow: Semi-detached,99,56,26,30,43,31,12
S01007042,Whole house or bungalow: Terraced (including end-terrace),31,17,10,7,14,11,3
S01007042,Flat maisonette or apartment or mobile/temporary accommodation,15,2,1,1,13,12,1
S01007043,All households,382,281,180,101,101,10,91
S01007043,Whole house or bungalow: Total,377,277,177,100,100,10,90
S01007043,Whole house or bungalow: Detached,308,243,161,82,65,0,65
S01007043,Whole house or bungalow: Semi-detached,60,30,15,15,30,6,24
S01007043,Whole house or bungalow: Terraced (including end-terrace),9,4,1,3,5,4,1
S01007043,Flat maisonette or apartment or mobile/temporary accommodation,5,4,3,1,1,0,1
S01007044,All households,306,228,141,87,78,37,41
S01007044,Whole house or bungalow: Total,285,222,140,82,63,23,40
S01007044,Whole house or bungalow: Detached,119,103,64,39,16,1,15
S01007044,Whole house or bungalow: Semi-detached,106,75,43,32,31,16,15
S01007044,Whole house or bungalow: Terraced (including end-terrace),60,44,33,11,16,6,10
S01007044,Flat maisonette or apartment or mobile/temporary accommodation,21,6,1,5,15,14,1
S01007045,All households,325,278,168,110,47,7,40
S01007045,Whole house or bungalow: Total,316,272,162,110,44,6,38
S01007045,Whole house or bungalow: Detached,291,255,155,100,36,1,35
S01007045,Whole house or bungalow: Semi-detached,23,15,7,8,8,5,3
S01007045,Whole house or bungalow: Terraced (including end-terrace),2,2,0,2,0,0,0
S01007045,Flat maisonette or apartment or mobile/temporary accommodation,9,6,6,0,3,1,2
S01007046,All households,259,217,130,87,42,14,28
S01007046,Whole house or bungalow: Total,256,216,130,86,40,12,28
S01007046,Whole house or bungalow: Detached,148,132,77,55,16,0,16
S01007046,Whole house or bungalow: Semi-detached,95,75,45,30,20,10,10
S01007046,Whole house or bungalow: Terraced (including end-terrace),13,9,8,1,4,2,2
S01007046,Flat maisonette or apartment or mobile/temporary accommodation,3,1,0,1,2,2,0
S01007047,All households,261,231,139,92,30,7,23
S01007047,Whole house or bungalow: Total,258,229,137,92,29,7,22
S01007047,Whole house or bungalow: Detached,206,185,116,69,21,3,18
S01007047,Whole house or bungalow: Semi-detached,45,39,20,19,6,2,4
S01007047,Whole house or bungalow: Terraced (including end-terrace),7,5,1,4,2,2,0
S01007047,Flat maisonette or apartment or mobile/temporary accommodation,3,2,2,0,1,0,1
S01007048,All households,359,295,164,131,64,27,37
S01007048,Whole house or bungalow: Total,353,293,162,131,60,23,37
S01007048,Whole house or bungalow: Detached,285,250,139,111,35,0,35
S01007048,Whole house or bungalow: Semi-detached,51,34,19,15,17,17,0
S01007048,Whole house or bungalow: Terraced (including end-terrace),17,9,4,5,8,6,2
S01007048,Flat maisonette or apartment or mobile/temporary accommodation,6,2,2,0,4,4,0
S01007049,All households,415,244,134,110,171,133,38
S01007049,Whole house or bungalow: Total,392,241,132,109,151,117,34
S01007049,Whole house or bungalow: Detached,97,84,49,35,13,3,10
S01007049,Whole house or bungalow: Semi-detached,210,117,62,55,93,76,17
S01007049,Whole house or bungalow: Terraced (including end-terrace),85,40,21,19,45,38,7
S01007049,Flat maisonette or apartment or mobile/temporary accommodation,23,3,2,1,20,16,4
S01007050,All households,295,218,116,102,77,49,28
S01007050,Whole house or bungalow: Total,276,215,115,100,61,35,26
S01007050,Whole house or bungalow: Detached,131,120,64,56,11,5,6
S01007050,Whole house or bungalow: Semi-detached,105,71,41,30,34,16,18
S01007050,Whole house or bungalow: Terraced (including end-terrace),40,24,10,14,16,14,2
S01007050,Flat maisonette or apartment or mobile/temporary accommodation,19,3,1,2,16,14,2
S01007051,All households,332,233,110,123,99,65,34
S01007051,Whole house or bungalow: Total,290,218,106,112,72,50,22
S01007051,Whole house or bungalow: Detached,122,113,55,58,9,2,7
S01007051,Whole house or bungalow: Semi-detached,130,86,39,47,44,31,13
S01007051,Whole house or bungalow: Terraced (including end-terrace),38,19,12,7,19,17,2
S01007051,Flat maisonette or apartment or mobile/temporary accommodation,42,15,4,11,27,15,12
S01007052,All households,233,188,97,91,45,22,23
S01007052,Whole house or bungalow: Total,230,186,97,89,44,21,23
S01007052,Whole house or bungalow: Detached,145,133,69,64,12,1,11
S01007052,Whole house or bungalow: Semi-detached,65,40,23,17,25,15,10
S01007052,Whole house or bungalow: Terraced (including end-terrace),20,13,5,8,7,5,2
S01007052,Flat maisonette or apartment or mobile/temporary accommodation,3,2,0,2,1,1,0
S01007053,All households,191,167,88,79,24,1,23
S01007053,Whole house or bungalow: Total,189,167,88,79,22,0,22
S01007053,Whole house or bungalow: Detached,173,157,86,71,16,0,16
S01007053,Whole house or bungalow: Semi-detached,14,9,2,7,5,0,5
S01007053,Whole house or bungalow: Terraced (including end-terrace),2,1,0,1,1,0,1
S01007053,Flat maisonette or apartment or mobile/temporary accommodation,2,0,0,0,2,1,1
S01007054,All households,434,293,162,131,141,98,43
S01007054,Whole house or bungalow: Total,402,282,156,126,120,83,37
S01007054,Whole house or bungalow: Detached,104,89,53,36,15,1,14
S01007054,Whole house or bungalow: Semi-detached,185,117,64,53,68,49,19
S01007054,Whole house or bungalow: Terraced (including end-terrace),113,76,39,37,37,33,4
S01007054,Flat maisonette or apartment or mobile/temporary accommodation,32,11,6,5,21,15,6
S01007055,All households,196,163,92,71,33,3,30
S01007055,Whole house or bungalow: Total,192,162,91,71,30,2,28
S01007055,Whole house or bungalow: Detached,171,151,85,66,20,0,20
S01007055,Whole house or bungalow: Semi-detached,19,9,5,4,10,2,8
S01007055,Whole house or bungalow: Terraced (including end-terrace),2,2,1,1,0,0,0
S01007055,Flat maisonette or apartment or mobile/temporary accommodation,4,1,1,0,3,1,2
S01007056,All households,221,185,102,83,36,6,30
S01007056,Whole house or bungalow: Total,217,182,100,82,35,6,29
S01007056,Whole house or bungalow: Detached,190,168,97,71,22,1,21
S01007056,Whole house or bungalow: Semi-detached,24,12,3,9,12,5,7
S01007056,Whole house or bungalow: Terraced (including end-terrace),3,2,0,2,1,0,1
S01007056,Flat maisonette or apartment or mobile/temporary accommodation,4,3,2,1,1,0,1
S01007057,All households,247,205,138,67,42,31,11
S01007057,Whole house or bungalow: Total,237,205,138,67,32,23,9
S01007057,Whole house or bungalow: Detached,140,132,91,41,8,2,6
S01007057,Whole house or bungalow: Semi-detached,87,71,47,24,16,13,3
S01007057,Whole house or bungalow: Terraced (including end-terrace),10,2,0,2,8,8,0
S01007057,Flat maisonette or apartment or mobile/temporary accommodation,10,0,0,0,10,8,2
S01007058,All households,288,181,104,77,107,100,7
S01007058,Whole house or bungalow: Total,256,180,103,77,76,69,7
S01007058,Whole house or bungalow: Detached,90,84,56,28,6,3,3
S01007058,Whole house or bungalow: Semi-detached,124,79,39,40,45,42,3
S01007058,Whole house or bungalow: Terraced (including end-terrace),42,17,8,9,25,24,1
S01007058,Flat maisonette or apartment or mobile/temporary accommodation,32,1,1,0,31,31,0
S01007059,All households,433,323,156,167,110,79,31
S01007059,Whole house or bungalow: Total,411,323,156,167,88,59,29
S01007059,Whole house or bungalow: Detached,176,165,84,81,11,2,9
S01007059,Whole house or bungalow: Semi-detached,217,151,69,82,66,50,16
S01007059,Whole house or bungalow: Terraced (including end-terrace),18,7,3,4,11,7,4
S01007059,Flat maisonette or apartment or mobile/temporary accommodation,22,0,0,0,22,20,2
S01007060,All households,231,133,58,75,98,90,8
S01007060,Whole house or bungalow: Total,230,133,58,75,97,89,8
S01007060,Whole house or bungalow: Detached,31,25,16,9,6,5,1
S01007060,Whole house or bungalow: Semi-detached,182,100,37,63,82,76,6
S01007060,Whole house or bungalow: Terraced (including end-terrace),17,8,5,3,9,8,1
S01007060,Flat maisonette or apartment or mobile/temporary accommodation,1,0,0,0,1,1,0
S01007061,All households,346,289,125,164,57,7,50
S01007061,Whole house or bungalow: Total,338,287,123,164,51,3,48
S01007061,Whole house or bungalow: Detached,299,260,116,144,39,0,39
S01007061,Whole house or bungalow: Semi-detached,35,23,7,16,12,3,9
S01007061,Whole house or bungalow: Terraced (including end-terrace),4,4,0,4,0,0,0
S01007061,Flat maisonette or apartment or mobile/temporary accommodation,8,2,2,0,6,4,2
S01007062,All households,272,229,118,111,43,8,35
S01007062,Whole house or bungalow: Total,267,225,116,109,42,8,34
S01007062,Whole house or bungalow: Detached,227,198,108,90,29,0,29
S01007062,Whole house or bungalow: Semi-detached,39,27,8,19,12,7,5
S01007062,Whole house or bungalow: Terraced (including end-terrace),1,0,0,0,1,1,0
S01007062,Flat maisonette or apartment or mobile/temporary accommodation,5,4,2,2,1,0,1
S01007063,All households,282,214,107,107,68,40,28
S01007063,Whole house or bungalow: Total,268,214,107,107,54,26,28
S01007063,Whole house or bungalow: Detached,118,112,56,56,6,1,5
S01007063,Whole house or bungalow: Semi-detached,110,78,39,39,32,20,12
S01007063,Whole house or bungalow: Terraced (including end-terrace),40,24,12,12,16,5,11
S01007063,Flat maisonette or apartment or mobile/temporary accommodation,14,0,0,0,14,14,0
S01007064,All households,253,192,104,88,61,31,30
S01007064,Whole house or bungalow: Total,246,190,104,86,56,31,25
S01007064,Whole house or bungalow: Detached,173,152,80,72,21,1,20
S01007064,Whole house or bungalow: Semi-detached,55,31,18,13,24,19,5
S01007064,Whole house or bungalow: Terraced (including end-terrace),18,7,6,1,11,11,0
S01007064,Flat maisonette or apartment or mobile/temporary accommodation,7,2,0,2,5,0,5
S01007065,All households,249,205,114,91,44,23,21
S01007065,Whole house or bungalow: Total,246,203,113,90,43,23,20
S01007065,Whole house or bungalow: Detached,139,131,73,58,8,0,8
S01007065,Whole house or bungalow: Semi-detached,64,36,22,14,28,17,11
S01007065,Whole house or bungalow: Terraced (including end-terrace),43,36,18,18,7,6,1
S01007065,Flat maisonette or apartment or mobile/temporary accommodation,3,2,1,1,1,0,1
S01007066,All households,252,211,98,113,41,12,29
S01007066,Whole house or bungalow: Total,247,207,98,109,40,11,29
S01007066,Whole house or bungalow: Detached,199,173,88,85,26,1,25
S01007066,Whole house or bungalow: Semi-detached,42,29,8,21,13,9,4
S01007066,Whole house or bungalow: Terraced (including end-terrace),6,5,2,3,1,1,0
S01007066,Flat maisonette or apartment or mobile/temporary accommodation,5,4,0,4,1,1,0
S01007067,All households,254,232,115,117,22,5,17
S01007067,Whole house or bungalow: Total,214,197,103,94,17,5,12
S01007067,Whole house or bungalow: Detached,74,69,40,29,5,0,5
S01007067,Whole house or bungalow: Semi-detached,129,119,59,60,10,4,6
S01007067,Whole house or bungalow: Terraced (including end-terrace),11,9,4,5,2,1,1
S01007067,Flat maisonette or apartment or mobile/temporary accommodation,40,35,12,23,5,0,5
S01007068,All households,329,200,94,106,129,105,24
S01007068,Whole house or bungalow: Total,306,194,89,105,112,89,23
S01007068,Whole house or bungalow: Detached,133,119,52,67,14,3,11
S01007068,Whole house or bungalow: Semi-detached,97,41,22,19,56,48,8
S01007068,Whole house or bungalow: Terraced (including end-terrace),76,34,15,19,42,38,4
S01007068,Flat maisonette or apartment or mobile/temporary accommodation,23,6,5,1,17,16,1
S01007069,All households,338,231,97,134,107,70,37
S01007069,Whole house or bungalow: Total,329,227,96,131,102,68,34
S01007069,Whole house or bungalow: Detached,110,98,51,47,12,7,5
S01007069,Whole house or bungalow: Semi-detached,121,84,30,54,37,23,14
S01007069,Whole house or bungalow: Terraced (including end-terrace),98,45,15,30,53,38,15
S01007069,Flat maisonette or apartment or mobile/temporary accommodation,9,4,1,3,5,2,3
S01007070,All households,247,162,72,90,85,69,16
S01007070,Whole house or bungalow: Total,220,158,69,89,62,54,8
S01007070,Whole house or bungalow: Detached,57,52,23,29,5,1,4
S01007070,Whole house or bungalow: Semi-detached,108,75,33,42,33,30,3
S01007070,Whole house or bungalow: Terraced (including end-terrace),55,31,13,18,24,23,1
S01007070,Flat maisonette or apartment or mobile/temporary accommodation,27,4,3,1,23,15,8
S01007071,All households,356,249,102,147,107,92,15
S01007071,Whole house or bungalow: Total,331,239,95,144,92,82,10
S01007071,Whole house or bungalow: Detached,134,129,55,74,5,0,5
S01007071,Whole house or bungalow: Semi-detached,167,90,32,58,77,73,4
S01007071,Whole house or bungalow: Terraced (including end-terrace),30,20,8,12,10,9,1
S01007071,Flat maisonette or apartment or mobile/temporary accommodation,25,10,7,3,15,10,5
S01007072,All households,246,213,91,122,33,16,17
S01007072,Whole house or bungalow: Total,243,212,90,122,31,14,17
S01007072,Whole house or bungalow: Detached,83,81,42,39,2,0,2
S01007072,Whole house or bungalow: Semi-detached,108,98,39,59,10,2,8
S01007072,Whole house or bungalow: Terraced (including end-terrace),52,33,9,24,19,12,7
S01007072,Flat maisonette or apartment or mobile/temporary accommodation,3,1,1,0,2,2,0
S01007073,All households,358,325,172,153,33,20,13
S01007073,Whole house or bungalow: Total,355,323,172,151,32,19,13
S01007073,Whole house or bungalow: Detached,124,120,77,43,4,2,2
S01007073,Whole house or bungalow: Semi-detached,155,143,74,69,12,3,9
S01007073,Whole house or bungalow: Terraced (including end-terrace),76,60,21,39,16,14,2
S01007073,Flat maisonette or apartment or mobile/temporary accommodation,3,2,0,2,1,1,0
S01007074,All households,292,186,92,94,106,94,12
S01007074,Whole house or bungalow: Total,230,178,89,89,52,44,8
S01007074,Whole house or bungalow: Detached,16,12,7,5,4,3,1
S01007074,Whole house or bungalow: Semi-detached,66,56,34,22,10,8,2
S01007074,Whole house or bungalow: Terraced (including end-terrace),148,110,48,62,38,33,5
S01007074,Flat maisonette or apartment or mobile/temporary accommodation,62,8,3,5,54,50,4
S01007075,All households,305,174,77,97,131,106,25
S01007075,Whole house or bungalow: Total,275,170,76,94,105,86,19
S01007075,Whole house or bungalow: Detached,13,9,7,2,4,4,0
S01007075,Whole house or bungalow: Semi-detached,77,38,15,23,39,28,11
S01007075,Whole house or bungalow: Terraced (including end-terrace),185,123,54,69,62,54,8
S01007075,Flat maisonette or apartment or mobile/temporary accommodation,30,4,1,3,26,20,6
S01007076,All households,289,214,86,128,75,60,15
S01007076,Whole house or bungalow: Total,283,213,86,127,70,57,13
S01007076,Whole house or bungalow: Detached,26,23,15,8,3,0,3
S01007076,Whole house or bungalow: Semi-detached,67,55,24,31,12,12,0
S01007076,Whole house or bungalow: Terraced (including end-terrace),190,135,47,88,55,45,10
S01007076,Flat maisonette or apartment or mobile/temporary accommodation,6,1,0,1,5,3,2
S01007077,All households,311,239,136,103,72,54,18
S01007077,Whole house or bungalow: Total,307,238,135,103,69,51,18
S01007077,Whole house or bungalow: Detached,45,41,26,15,4,2,2
S01007077,Whole house or bungalow: Semi-detached,166,120,73,47,46,32,14
S01007077,Whole house or bungalow: Terraced (including end-terrace),96,77,36,41,19,17,2
S01007077,Flat maisonette or apartment or mobile/temporary accommodation,4,1,1,0,3,3,0
S01007078,All households,398,248,159,89,150,121,29
S01007078,Whole house or bungalow: Total,291,222,147,75,69,50,19
S01007078,Whole house or bungalow: Detached,79,73,50,23,6,2,4
S01007078,Whole house or bungalow: Semi-detached,125,102,69,33,23,16,7
S01007078,Whole house or bungalow: Terraced (including end-terrace),87,47,28,19,40,32,8
S01007078,Flat maisonette or apartment or mobile/temporary accommodation,107,26,12,14,81,71,10
S01007079,All households,522,288,150,138,234,187,47
S01007079,Whole house or bungalow: Total,265,210,114,96,55,29,26
S01007079,Whole house or bungalow: Detached,93,85,56,29,8,2,6
S01007079,Whole house or bungalow: Semi-detached,132,100,46,54,32,16,16
S01007079,Whole house or bungalow: Terraced (including end-terrace),40,25,12,13,15,11,4
S01007079,Flat maisonette or apartment or mobile/temporary accommodation,257,78,36,42,179,158,21
S01007080,All households,386,227,128,99,159,121,38
S01007080,Whole house or bungalow: Total,234,169,94,75,65,45,20
S01007080,Whole house or bungalow: Detached,46,42,24,18,4,0,4
S01007080,Whole house or bungalow: Semi-detached,164,116,64,52,48,36,12
S01007080,Whole house or bungalow: Terraced (including end-terrace),24,11,6,5,13,9,4
S01007080,Flat maisonette or apartment or mobile/temporary accommodation,152,58,34,24,94,76,18
S01007081,All households,370,198,88,110,172,130,42
S01007081,Whole house or bungalow: Total,249,157,75,82,92,74,18
S01007081,Whole house or bungalow: Detached,32,24,13,11,8,3,5
S01007081,Whole house or bungalow: Semi-detached,130,90,41,49,40,35,5
S01007081,Whole house or bungalow: Terraced (including end-terrace),87,43,21,22,44,36,8
S01007081,Flat maisonette or apartment or mobile/temporary accommodation,121,41,13,28,80,56,24
S01007082,All households,233,141,63,78,92,66,26
S01007082,Whole house or bungalow: Total,152,109,50,59,43,23,20
S01007082,Whole house or bungalow: Detached,38,27,10,17,11,1,10
S01007082,Whole house or bungalow: Semi-detached,88,67,32,35,21,13,8
S01007082,Whole house or bungalow: Terraced (including end-terrace),26,15,8,7,11,9,2
S01007082,Flat maisonette or apartment or mobile/temporary accommodation,81,32,13,19,49,43,6
S01007083,All households,451,154,99,55,297,244,53
S01007083,Whole house or bungalow: Total,219,101,72,29,118,103,15
S01007083,Whole house or bungalow: Detached,31,19,15,4,12,11,1
S01007083,Whole house or bungalow: Semi-detached,99,50,34,16,49,40,9
S01007083,Whole house or bungalow: Terraced (including end-terrace),89,32,23,9,57,52,5
S01007083,Flat maisonette or apartment or mobile/temporary accommodation,232,53,27,26,179,141,38
S01007084,All households,273,197,113,84,76,43,33
S01007084,Whole house or bungalow: Total,175,155,97,58,20,9,11
S01007084,Whole house or bungalow: Detached,55,48,28,20,7,3,4
S01007084,Whole house or bungalow: Semi-detached,101,93,63,30,8,2,6
S01007084,Whole house or bungalow: Terraced (including end-terrace),19,14,6,8,5,4,1
S01007084,Flat maisonette or apartment or mobile/temporary accommodation,98,42,16,26,56,34,22
S01007085,All households,366,206,96,110,160,61,99
S01007085,Whole house or bungalow: Total,134,103,49,54,31,9,22
S01007085,Whole house or bungalow: Detached,31,28,15,13,3,1,2
S01007085,Whole house or bungalow: Semi-detached,65,51,25,26,14,7,7
S01007085,Whole house or bungalow: Terraced (including end-terrace),38,24,9,15,14,1,13
S01007085,Flat maisonette or apartment or mobile/temporary accommodation,232,103,47,56,129,52,77
S01007086,All households,573,143,73,70,430,286,144
S01007086,Whole house or bungalow: Total,138,54,24,30,84,66,18
S01007086,Whole house or bungalow: Detached,24,17,9,8,7,5,2
S01007086,Whole house or bungalow: Semi-detached,50,19,6,13,31,21,10
S01007086,Whole house or bungalow: Terraced (including end-terrace),64,18,9,9,46,40,6
S01007086,Flat maisonette or apartment or mobile/temporary accommodation,435,89,49,40,346,220,126
S01007087,All households,439,158,84,74,281,169,112
S01007087,Whole house or bungalow: Total,180,99,53,46,81,56,25
S01007087,Whole house or bungalow: Detached,40,32,23,9,8,2,6
S01007087,Whole house or bungalow: Semi-detached,83,47,24,23,36,22,14
S01007087,Whole house or bungalow: Terraced (including end-terrace),57,20,6,14,37,32,5
S01007087,Flat maisonette or apartment or mobile/temporary accommodation,259,59,31,28,200,113,87
S01007088,All households,247,91,36,55,156,122,34
S01007088,Whole house or bungalow: Total,49,31,13,18,18,10,8
S01007088,Whole house or bungalow: Detached,6,5,2,3,1,0,1
S01007088,Whole house or bungalow: Semi-detached,33,22,10,12,11,5,6
S01007088,Whole house or bungalow: Terraced (including end-terrace),10,4,1,3,6,5,1
S01007088,Flat maisonette or apartment or mobile/temporary accommodation,198,60,23,37,138,112,26
S01007089,All households,217,197,109,88,20,5,15
S01007089,Whole house or bungalow: Total,213,196,108,88,17,4,13
S01007089,Whole house or bungalow: Detached,140,135,80,55,5,0,5
S01007089,Whole house or bungalow: Semi-detached,69,60,27,33,9,1,8
S01007089,Whole house or bungalow: Terraced (including end-terrace),4,1,1,0,3,3,0
S01007089,Flat maisonette or apartment or mobile/temporary accommodation,4,1,1,0,3,1,2
S01007090,All households,243,206,74,132,37,4,33
S01007090,Whole house or bungalow: Total,214,194,72,122,20,1,19
S01007090,Whole house or bungalow: Detached,42,39,13,26,3,0,3
S01007090,Whole house or bungalow: Semi-detached,140,127,51,76,13,1,12
S01007090,Whole house or bungalow: Terraced (including end-terrace),32,28,8,20,4,0,4
S01007090,Flat maisonette or apartment or mobile/temporary accommodation,29,12,2,10,17,3,14
S01007091,All households,280,157,26,131,123,114,9
S01007091,Whole house or bungalow: Total,259,156,26,130,103,95,8
S01007091,Whole house or bungalow: Detached,67,65,13,52,2,1,1
S01007091,Whole house or bungalow: Semi-detached,183,88,10,78,95,90,5
S01007091,Whole house or bungalow: Terraced (including end-terrace),9,3,3,0,6,4,2
S01007091,Flat maisonette or apartment or mobile/temporary accommodation,21,1,0,1,20,19,1
S01007092,All households,307,161,78,83,146,133,13
S01007092,Whole house or bungalow: Total,257,159,77,82,98,89,9
S01007092,Whole house or bungalow: Detached,26,19,9,10,7,6,1
S01007092,Whole house or bungalow: Semi-detached,135,87,42,45,48,44,4
S01007092,Whole house or bungalow: Terraced (including end-terrace),96,53,26,27,43,39,4
S01007092,Flat maisonette or apartment or mobile/temporary accommodation,50,2,1,1,48,44,4
S01007093,All households,417,372,198,174,45,12,33
S01007093,Whole house or bungalow: Total,380,357,194,163,23,6,17
S01007093,Whole house or bungalow: Detached,171,162,88,74,9,2,7
S01007093,Whole house or bungalow: Semi-detached,187,179,100,79,8,2,6
S01007093,Whole house or bungalow: Terraced (including end-terrace),22,16,6,10,6,2,4
S01007093,Flat maisonette or apartment or mobile/temporary accommodation,37,15,4,11,22,6,16
S01007094,All households,354,313,186,127,41,21,20
S01007094,Whole house or bungalow: Total,344,308,183,125,36,18,18
S01007094,Whole house or bungalow: Detached,151,140,87,53,11,2,9
S01007094,Whole house or bungalow: Semi-detached,168,150,89,61,18,9,9
S01007094,Whole house or bungalow: Terraced (including end-terrace),25,18,7,11,7,7,0
S01007094,Flat maisonette or apartment or mobile/temporary accommodation,10,5,3,2,5,3,2
S01007095,All households,209,183,89,94,26,4,22
S01007095,Whole house or bungalow: Total,204,179,85,94,25,3,22
S01007095,Whole house or bungalow: Detached,178,163,79,84,15,1,14
S01007095,Whole house or bungalow: Semi-detached,21,14,6,8,7,0,7
S01007095,Whole house or bungalow: Terraced (including end-terrace),5,2,0,2,3,2,1
S01007095,Flat maisonette or apartment or mobile/temporary accommodation,5,4,4,0,1,1,0
S01007096,All households,316,261,84,177,55,38,17
S01007096,Whole house or bungalow: Total,292,258,81,177,34,20,14
S01007096,Whole house or bungalow: Detached,224,217,71,146,7,1,6
S01007096,Whole house or bungalow: Semi-detached,55,38,8,30,17,9,8
S01007096,Whole house or bungalow: Terraced (including end-terrace),13,3,2,1,10,10,0
S01007096,Flat maisonette or apartment or mobile/temporary accommodation,24,3,3,0,21,18,3
S01007097,All households,188,167,68,99,21,3,18
S01007097,Whole house or bungalow: Total,185,167,68,99,18,2,16
S01007097,Whole house or bungalow: Detached,152,141,55,86,11,0,11
S01007097,Whole house or bungalow: Semi-detached,29,24,12,12,5,0,5
S01007097,Whole house or bungalow: Terraced (including end-terrace),4,2,1,1,2,2,0
S01007097,Flat maisonette or apartment or mobile/temporary accommodation,3,0,0,0,3,1,2
S01007098,All households,288,266,135,131,22,2,20
S01007098,Whole house or bungalow: Total,288,266,135,131,22,2,20
S01007098,Whole house or bungalow: Detached,236,221,117,104,15,1,14
S01007098,Whole house or bungalow: Semi-detached,45,40,17,23,5,0,5
S01007098,Whole house or bungalow: Terraced (including end-terrace),7,5,1,4,2,1,1
S01007098,Flat maisonette or apartment or mobile/temporary accommodation,0,0,0,0,0,0,0
S01007099,All households,338,278,112,166,60,42,18
S01007099,Whole house or bungalow: Total,320,277,111,166,43,26,17
S01007099,Whole house or bungalow: Detached,226,216,86,130,10,1,9
S01007099,Whole house or bungalow: Semi-detached,67,51,19,32,16,10,6
S01007099,Whole house or bungalow: Terraced (including end-terrace),27,10,6,4,17,15,2
S01007099,Flat maisonette or apartment or mobile/temporary accommodation,18,1,1,0,17,16,1
S01007100,All households,298,226,126,100,72,41,31
S01007100,Whole house or bungalow: Total,290,220,122,98,70,39,31
S01007100,Whole house or bungalow: Detached,188,166,96,70,22,2,20
S01007100,Whole house or bungalow: Semi-detached,70,38,15,23,32,25,7
S01007100,Whole house or bungalow: Terraced (including end-terrace),32,16,11,5,16,12,4
S01007100,Flat maisonette or apartment or mobile/temporary accommodation,8,6,4,2,2,2,0
S01007101,All households,342,161,80,81,181,154,27
S01007101,Whole house or bungalow: Total,327,160,80,80,167,140,27
S01007101,Whole house or bungalow: Detached,86,73,33,40,13,6,7
S01007101,Whole house or bungalow: Semi-detached,155,58,31,27,97,84,13
S01007101,Whole house or bungalow: Terraced (including end-terrace),86,29,16,13,57,50,7
S01007101,Flat maisonette or apartment or mobile/temporary accommodation,15,1,0,1,14,14,0
S01007102,All households,260,206,124,82,54,6,48
S01007102,Whole house or bungalow: Total,257,204,122,82,53,6,47
S01007102,Whole house or bungalow: Detached,227,186,117,69,41,0,41
S01007102,Whole house or bungalow: Semi-detached,30,18,5,13,12,6,6
S01007102,Whole house or bungalow: Terraced (including end-terrace),0,0,0,0,0,0,0
S01007102,Flat maisonette or apartment or mobile/temporary accommodation,3,2,2,0,1,0,1
S01007103,All households,330,256,163,93,74,66,8
S01007103,Whole house or bungalow: Total,328,255,162,93,73,65,8
S01007103,Whole house or bungalow: Detached,201,195,124,71,6,1,5
S01007103,Whole house or bungalow: Semi-detached,80,43,29,14,37,34,3
S01007103,Whole house or bungalow: Terraced (including end-terrace),47,17,9,8,30,30,0
S01007103,Flat maisonette or apartment or mobile/temporary accommodation,2,1,1,0,1,1,0
S01007104,All households,197,161,96,65,36,2,34
S01007104,Whole house or bungalow: Total,194,159,95,64,35,2,33
S01007104,Whole house or bungalow: Detached,160,134,82,52,26,1,25
S01007104,Whole house or bungalow: Semi-detached,28,22,13,9,6,0,6
S01007104,Whole house or bungalow: Terraced (including end-terrace),6,3,0,3,3,1,2
S01007104,Flat maisonette or apartment or mobile/temporary accommodation,3,2,1,1,1,0,1
S01007105,All households,238,182,112,70,56,40,16
S01007105,Whole house or bungalow: Total,223,182,112,70,41,27,14
S01007105,Whole house or bungalow: Detached,162,150,95,55,12,3,9
S01007105,Whole house or bungalow: Semi-detached,42,26,14,12,16,13,3
S01007105,Whole house or bungalow: Terraced (including end-terrace),19,6,3,3,13,11,2
S01007105,Flat maisonette or apartment or mobile/temporary accommodation,15,0,0,0,15,13,2
S01007106,All households,319,248,151,97,71,51,20
S01007106,Whole house or bungalow: Total,317,247,150,97,70,50,20
S01007106,Whole house or bungalow: Detached,172,160,99,61,12,2,10
S01007106,Whole house or bungalow: Semi-detached,93,61,37,24,32,26,6
S01007106,Whole house or bungalow: Terraced (including end-terrace),52,26,14,12,26,22,4
S01007106,Flat maisonette or apartment or mobile/temporary accommodation,2,1,1,0,1,1,0
S01007107,All households,256,231,124,107,25,6,19
S01007107,Whole house or bungalow: Total,251,230,123,107,21,4,17
S01007107,Whole house or bungalow: Detached,221,210,112,98,11,0,11
S01007107,Whole house or bungalow: Semi-detached,28,20,11,9,8,3,5
S01007107,Whole house or bungalow: Terraced (including end-terrace),2,0,0,0,2,1,1
S01007107,Flat maisonette or apartment or mobile/temporary accommodation,5,1,1,0,4,2,2
S01007108,All households,226,185,107,78,41,8,33
S01007108,Whole house or bungalow: Total,223,184,106,78,39,7,32
S01007108,Whole house or bungalow: Detached,196,168,99,69,28,0,28
S01007108,Whole house or bungalow: Semi-detached,20,12,6,6,8,4,4
S01007108,Whole house or bungalow: Terraced (including end-terrace),7,4,1,3,3,3,0
S01007108,Flat maisonette or apartment or mobile/temporary accommodation,3,1,1,0,2,1,1
S01007109,All households,371,188,106,82,183,157,26
S01007109,Whole house or bungalow: Total,332,177,100,77,155,136,19
S01007109,Whole house or bungalow: Detached,74,62,38,24,12,7,5
S01007109,Whole house or bungalow: Semi-detached,201,96,52,44,105,93,12
S01007109,Whole house or bungalow: Terraced (including end-terrace),57,19,10,9,38,36,2
S01007109,Flat maisonette or apartment or mobile/temporary accommodation,39,11,6,5,28,21,7
S01007110,All households,324,191,87,104,133,110,23
S01007110,Whole house or bungalow: Total,281,187,86,101,94,75,19
S01007110,Whole house or bungalow: Detached,112,98,46,52,14,5,9
S01007110,Whole house or bungalow: Semi-detached,104,59,26,33,45,37,8
S01007110,Whole house or bungalow: Terraced (including end-terrace),65,30,14,16,35,33,2
S01007110,Flat maisonette or apartment or mobile/temporary accommodation,43,4,1,3,39,35,4
S01007111,All households,225,173,93,80,52,40,12
S01007111,Whole house or bungalow: Total,212,171,92,79,41,31,10
S01007111,Whole house or bungalow: Detached,71,65,30,35,6,1,5
S01007111,Whole house or bungalow: Semi-detached,105,84,48,36,21,18,3
S01007111,Whole house or bungalow: Terraced (including end-terrace),36,22,14,8,14,12,2
S01007111,Flat maisonette or apartment or mobile/temporary accommodation,13,2,1,1,11,9,2
S01007112,All households,214,192,126,66,22,8,14
S01007112,Whole house or bungalow: Total,205,190,125,65,15,7,8
S01007112,Whole house or bungalow: Detached,164,159,107,52,5,0,5
S01007112,Whole house or bungalow: Semi-detached,31,25,16,9,6,4,2
S01007112,Whole house or bungalow: Terraced (including end-terrace),10,6,2,4,4,3,1
S01007112,Flat maisonette or apartment or mobile/temporary accommodation,9,2,1,1,7,1,6
S01007113,All households,231,193,121,72,38,12,26
S01007113,Whole house or bungalow: Total,131,116,81,35,15,4,11
S01007113,Whole house or bungalow: Detached,43,38,24,14,5,0,5
S01007113,Whole house or bungalow: Semi-detached,63,59,46,13,4,2,2
S01007113,Whole house or bungalow: Terraced (including end-terrace),25,19,11,8,6,2,4
S01007113,Flat maisonette or apartment or mobile/temporary accommodation,100,77,40,37,23,8,15
S01007114,All households,378,318,181,137,60,41,19
S01007114,Whole house or bungalow: Total,369,314,179,135,55,37,18
S01007114,Whole house or bungalow: Detached,93,87,53,34,6,2,4
S01007114,Whole house or bungalow: Semi-detached,135,112,57,55,23,14,9
S01007114,Whole house or bungalow: Terraced (including end-terrace),141,115,69,46,26,21,5
S01007114,Flat maisonette or apartment or mobile/temporary accommodation,9,4,2,2,5,4,1
S01007115,All households,257,209,115,94,48,37,11
S01007115,Whole house or bungalow: Total,238,209,115,94,29,21,8
S01007115,Whole house or bungalow: Detached,145,141,73,68,4,1,3
S01007115,Whole house or bungalow: Semi-detached,87,66,42,24,21,16,5
S01007115,Whole house or bungalow: Terraced (including end-terrace),6,2,0,2,4,4,0
S01007115,Flat maisonette or apartment or mobile/temporary accommodation,19,0,0,0,19,16,3
S01007116,All households,315,298,121,177,17,6,11
S01007116,Whole house or bungalow: Total,309,294,119,175,15,4,11
S01007116,Whole house or bungalow: Detached,253,246,100,146,7,0,7
S01007116,Whole house or bungalow: Semi-detached,50,43,18,25,7,3,4
S01007116,Whole house or bungalow: Terraced (including end-terrace),6,5,1,4,1,1,0
S01007116,Flat maisonette or apartment or mobile/temporary accommodation,6,4,2,2,2,2,0
S01007117,All households,177,163,101,62,14,7,7
S01007117,Whole house or bungalow: Total,176,163,101,62,13,7,6
S01007117,Whole house or bungalow: Detached,154,149,96,53,5,0,5
S01007117,Whole house or bungalow: Semi-detached,16,13,4,9,3,3,0
S01007117,Whole house or bungalow: Terraced (including end-terrace),6,1,1,0,5,4,1
S01007117,Flat maisonette or apartment or mobile/temporary accommodation,1,0,0,0,1,0,1
S01007118,All households,282,114,42,72,168,143,25
S01007118,Whole house or bungalow: Total,274,111,41,70,163,138,25
S01007118,Whole house or bungalow: Detached,18,5,2,3,13,9,4
S01007118,Whole house or bungalow: Semi-detached,71,29,12,17,42,36,6
S01007118,Whole house or bungalow: Terraced (including end-terrace),185,77,27,50,108,93,15
S01007118,Flat maisonette or apartment or mobile/temporary accommodation,8,3,1,2,5,5,0
S01007119,All households,330,156,73,83,174,158,16
S01007119,Whole house or bungalow: Total,327,156,73,83,171,157,14
S01007119,Whole house or bungalow: Detached,23,10,6,4,13,9,4
S01007119,Whole house or bungalow: Semi-detached,153,88,40,48,65,60,5
S01007119,Whole house or bungalow: Terraced (including end-terrace),151,58,27,31,93,88,5
S01007119,Flat maisonette or apartment or mobile/temporary accommodation,3,0,0,0,3,1,2
S01007120,All households,483,199,84,115,284,213,71
S01007120,Whole house or bungalow: Total,408,189,78,111,219,182,37
S01007120,Whole house or bungalow: Detached,72,55,26,29,17,9,8
S01007120,Whole house or bungalow: Semi-detached,139,65,23,42,74,60,14
S01007120,Whole house or bungalow: Terraced (including end-terrace),197,69,29,40,128,113,15
S01007120,Flat maisonette or apartment or mobile/temporary accommodation,75,10,6,4,65,31,34
S01007121,All households,294,88,40,48,206,148,58
S01007121,Whole house or bungalow: Total,88,60,26,34,28,10,18
S01007121,Whole house or bungalow: Detached,7,4,3,1,3,1,2
S01007121,Whole house or bungalow: Semi-detached,36,28,8,20,8,3,5
S01007121,Whole house or bungalow: Terraced (including end-terrace),45,28,15,13,17,6,11
S01007121,Flat maisonette or apartment or mobile/temporary accommodation,206,28,14,14,178,138,40
S01007122,All households,287,165,94,71,122,88,34
S01007122,Whole house or bungalow: Total,142,119,75,44,23,14,9
S01007122,Whole house or bungalow: Detached,55,52,41,11,3,0,3
S01007122,Whole house or bungalow: Semi-detached,71,60,32,28,11,6,5
S01007122,Whole house or bungalow: Terraced (including end-terrace),16,7,2,5,9,8,1
S01007122,Flat maisonette or apartment or mobile/temporary accommodation,145,46,19,27,99,74,25
S01007123,All households,313,205,111,94,108,82,26
S01007123,Whole house or bungalow: Total,253,190,102,88,63,42,21
S01007123,Whole house or bungalow: Detached,22,17,8,9,5,3,2
S01007123,Whole house or bungalow: Semi-detached,133,98,53,45,35,25,10
S01007123,Whole house or bungalow: Terraced (including end-terrace),98,75,41,34,23,14,9
S01007123,Flat maisonette or apartment or mobile/temporary accommodation,60,15,9,6,45,40,5
S01007124,All households,380,277,139,138,103,80,23
S01007124,Whole house or bungalow: Total,372,271,136,135,101,79,22
S01007124,Whole house or bungalow: Detached,41,35,20,15,6,2,4
S01007124,Whole house or bungalow: Semi-detached,214,151,77,74,63,52,11
S01007124,Whole house or bungalow: Terraced (including end-terrace),117,85,39,46,32,25,7
S01007124,Flat maisonette or apartment or mobile/temporary accommodation,8,6,3,3,2,1,1
S01007125,All households,351,212,125,87,139,107,32
S01007125,Whole house or bungalow: Total,305,191,113,78,114,99,15
S01007125,Whole house or bungalow: Detached,58,49,27,22,9,7,2
S01007125,Whole house or bungalow: Semi-detached,186,119,72,47,67,59,8
S01007125,Whole house or bungalow: Terraced (including end-terrace),61,23,14,9,38,33,5
S01007125,Flat maisonette or apartment or mobile/temporary accommodation,46,21,12,9,25,8,17
S01007126,All households,399,114,55,59,285,247,38
S01007126,Whole house or bungalow: Total,232,94,42,52,138,115,23
S01007126,Whole house or bungalow: Detached,23,10,5,5,13,10,3
S01007126,Whole house or bungalow: Semi-detached,91,40,21,19,51,36,15
S01007126,Whole house or bungalow: Terraced (including end-terrace),118,44,16,28,74,69,5
S01007126,Flat maisonette or apartment or mobile/temporary accommodation,167,20,13,7,147,132,15
S01007127,All households,446,141,67,74,305,179,126
S01007127,Whole house or bungalow: Total,187,92,44,48,95,58,37
S01007127,Whole house or bungalow: Detached,31,18,11,7,13,7,6
S01007127,Whole house or bungalow: Semi-detached,45,19,6,13,26,19,7
S01007127,Whole house or bungalow: Terraced (including end-terrace),111,55,27,28,56,32,24
S01007127,Flat maisonette or apartment or mobile/temporary accommodation,259,49,23,26,210,121,89
S01007128,All households,411,184,92,92,227,203,24
S01007128,Whole house or bungalow: Total,296,167,85,82,129,109,20
S01007128,Whole house or bungalow: Detached,27,19,6,13,8,5,3
S01007128,Whole house or bungalow: Semi-detached,129,77,33,44,52,39,13
S01007128,Whole house or bungalow: Terraced (including end-terrace),140,71,46,25,69,65,4
S01007128,Flat maisonette or apartment or mobile/temporary accommodation,115,17,7,10,98,94,4
S01007129,All households,374,324,141,183,50,10,40
S01007129,Whole house or bungalow: Total,364,319,141,178,45,9,36
S01007129,Whole house or bungalow: Detached,254,241,117,124,13,0,13
S01007129,Whole house or bungalow: Semi-detached,69,49,16,33,20,3,17
S01007129,Whole house or bungalow: Terraced (including end-terrace),41,29,8,21,12,6,6
S01007129,Flat maisonette or apartment or mobile/temporary accommodation,10,5,0,5,5,1,4
S01007130,All households,280,236,125,111,44,21,23
S01007130,Whole house or bungalow: Total,230,203,109,94,27,15,12
S01007130,Whole house or bungalow: Detached,95,93,58,35,2,0,2
S01007130,Whole house or bungalow: Semi-detached,76,62,26,36,14,9,5
S01007130,Whole house or bungalow: Terraced (including end-terrace),59,48,25,23,11,6,5
S01007130,Flat maisonette or apartment or mobile/temporary accommodation,50,33,16,17,17,6,11
S01007131,All households,341,274,124,150,67,45,22
S01007131,Whole house or bungalow: Total,303,274,124,150,29,12,17
S01007131,Whole house or bungalow: Detached,178,169,78,91,9,1,8
S01007131,Whole house or bungalow: Semi-detached,109,99,43,56,10,3,7
S01007131,Whole house or bungalow: Terraced (including end-terrace),16,6,3,3,10,8,2
S01007131,Flat maisonette or apartment or mobile/temporary accommodation,38,0,0,0,38,33,5
S01007132,All households,297,271,149,122,26,7,19
S01007132,Whole house or bungalow: Total,276,260,142,118,16,6,10
S01007132,Whole house or bungalow: Detached,140,137,76,61,3,0,3
S01007132,Whole house or bungalow: Semi-detached,115,107,58,49,8,4,4
S01007132,Whole house or bungalow: Terraced (including end-terrace),21,16,8,8,5,2,3
S01007132,Flat maisonette or apartment or mobile/temporary accommodation,21,11,7,4,10,1,9
S01007133,All households,262,210,95,115,52,11,41
S01007133,Whole house or bungalow: Total,250,204,94,110,46,7,39
S01007133,Whole house or bungalow: Detached,155,133,64,69,22,0,22
S01007133,Whole house or bungalow: Semi-detached,67,44,16,28,23,7,16
S01007133,Whole house or bungalow: Terraced (including end-terrace),28,27,14,13,1,0,1
S01007133,Flat maisonette or apartment or mobile/temporary accommodation,12,6,1,5,6,4,2
S01007134,All households,317,233,114,119,84,39,45
S01007134,Whole house or bungalow: Total,287,228,112,116,59,23,36
S01007134,Whole house or bungalow: Detached,192,169,81,88,23,1,22
S01007134,Whole house or bungalow: Semi-detached,88,56,31,25,32,20,12
S01007134,Whole house or bungalow: Terraced (including end-terrace),7,3,0,3,4,2,2
S01007134,Flat maisonette or apartment or mobile/temporary accommodation,30,5,2,3,25,16,9
S01007135,All households,221,200,103,97,21,6,15
S01007135,Whole house or bungalow: Total,200,182,96,86,18,6,12
S01007135,Whole house or bungalow: Detached,161,153,84,69,8,1,7
S01007135,Whole house or bungalow: Semi-detached,31,24,12,12,7,2,5
S01007135,Whole house or bungalow: Terraced (including end-terrace),8,5,0,5,3,3,0
S01007135,Flat maisonette or apartment or mobile/temporary accommodation,21,18,7,11,3,0,3
S01007136,All households,185,153,59,94,32,0,32
S01007136,Whole house or bungalow: Total,182,153,59,94,29,0,29
S01007136,Whole house or bungalow: Detached,168,141,50,91,27,0,27
S01007136,Whole house or bungalow: Semi-detached,13,11,8,3,2,0,2
S01007136,Whole house or bungalow: Terraced (including end-terrace),1,1,1,0,0,0,0
S01007136,Flat maisonette or apartment or mobile/temporary accommodation,3,0,0,0,3,0,3
S01007137,All households,248,225,34,191,23,4,19
S01007137,Whole house or bungalow: Total,233,218,31,187,15,3,12
S01007137,Whole house or bungalow: Detached,213,204,29,175,9,0,9
S01007137,Whole house or bungalow: Semi-detached,6,5,0,5,1,1,0
S01007137,Whole house or bungalow: Terraced (including end-terrace),14,9,2,7,5,2,3
S01007137,Flat maisonette or apartment or mobile/temporary accommodation,15,7,3,4,8,1,7
S01007138,All households,243,208,100,108,35,6,29
S01007138,Whole house or bungalow: Total,215,188,90,98,27,6,21
S01007138,Whole house or bungalow: Detached,142,137,71,66,5,0,5
S01007138,Whole house or bungalow: Semi-detached,49,34,15,19,15,6,9
S01007138,Whole house or bungalow: Terraced (including end-terrace),24,17,4,13,7,0,7
S01007138,Flat maisonette or apartment or mobile/temporary accommodation,28,20,10,10,8,0,8
S01007139,All households,324,266,132,134,58,24,34
S01007139,Whole house or bungalow: Total,320,265,132,133,55,22,33
S01007139,Whole house or bungalow: Detached,182,166,90,76,16,0,16
S01007139,Whole house or bungalow: Semi-detached,87,64,22,42,23,14,9
S01007139,Whole house or bungalow: Terraced (including end-terrace),51,35,20,15,16,8,8
S01007139,Flat maisonette or apartment or mobile/temporary accommodation,4,1,0,1,3,2,1
S01007140,All households,405,308,158,150,97,37,60
S01007140,Whole house or bungalow: Total,401,306,157,149,95,35,60
S01007140,Whole house or bungalow: Detached,278,242,134,108,36,3,33
S01007140,Whole house or bungalow: Semi-detached,101,52,16,36,49,25,24
S01007140,Whole house or bungalow: Terraced (including end-terrace),22,12,7,5,10,7,3
S01007140,Flat maisonette or apartment or mobile/temporary accommodation,4,2,1,1,2,2,0
S01007141,All households,249,207,90,117,42,9,33
S01007141,Whole house or bungalow: Total,247,206,90,116,41,9,32
S01007141,Whole house or bungalow: Detached,155,135,66,69,20,1,19
S01007141,Whole house or bungalow: Semi-detached,81,62,22,40,19,7,12
S01007141,Whole house or bungalow: Terraced (including end-terrace),11,9,2,7,2,1,1
S01007141,Flat maisonette or apartment or mobile/temporary accommodation,2,1,0,1,1,0,1
S01007142,All households,153,142,25,117,11,1,10
S01007142,Whole house or bungalow: Total,151,141,25,116,10,1,9
S01007142,Whole house or bungalow: Detached,143,135,24,111,8,0,8
S01007142,Whole house or bungalow: Semi-detached,6,5,1,4,1,0,1
S01007142,Whole house or bungalow: Terraced (including end-terrace),2,1,0,1,1,1,0
S01007142,Flat maisonette or apartment or mobile/temporary accommodation,2,1,0,1,1,0,1
S01007143,All households,203,188,31,157,15,3,12
S01007143,Whole house or bungalow: Total,201,188,31,157,13,2,11
S01007143,Whole house or bungalow: Detached,159,151,28,123,8,0,8
S01007143,Whole house or bungalow: Semi-detached,39,34,3,31,5,2,3
S01007143,Whole house or bungalow: Terraced (including end-terrace),3,3,0,3,0,0,0
S01007143,Flat maisonette or apartment or mobile/temporary accommodation,2,0,0,0,2,1,1
S01007144,All households,240,156,89,67,84,9,75
S01007144,Whole house or bungalow: Total,235,156,89,67,79,9,70
S01007144,Whole house or bungalow: Detached,140,101,60,41,39,1,38
S01007144,Whole house or bungalow: Semi-detached,75,40,17,23,35,6,29
S01007144,Whole house or bungalow: Terraced (including end-terrace),20,15,12,3,5,2,3
S01007144,Flat maisonette or apartment or mobile/temporary accommodation,5,0,0,0,5,0,5
S01007145,All households,408,333,195,138,75,45,30
S01007145,Whole house or bungalow: Total,381,318,187,131,63,34,29
S01007145,Whole house or bungalow: Detached,185,175,101,74,10,0,10
S01007145,Whole house or bungalow: Semi-detached,127,109,66,43,18,11,7
S01007145,Whole house or bungalow: Terraced (including end-terrace),69,34,20,14,35,23,12
S01007145,Flat maisonette or apartment or mobile/temporary accommodation,27,15,8,7,12,11,1
S01007146,All households,334,267,143,124,67,37,30
S01007146,Whole house or bungalow: Total,297,242,132,110,55,32,23
S01007146,Whole house or bungalow: Detached,72,68,43,25,4,0,4
S01007146,Whole house or bungalow: Semi-detached,177,145,76,69,32,19,13
S01007146,Whole house or bungalow: Terraced (including end-terrace),48,29,13,16,19,13,6
S01007146,Flat maisonette or apartment or mobile/temporary accommodation,37,25,11,14,12,5,7
S01007147,All households,305,280,147,133,25,12,13
S01007147,Whole house or bungalow: Total,282,263,138,125,19,7,12
S01007147,Whole house or bungalow: Detached,203,194,106,88,9,0,9
S01007147,Whole house or bungalow: Semi-detached,47,43,18,25,4,3,1
S01007147,Whole house or bungalow: Terraced (including end-terrace),32,26,14,12,6,4,2
S01007147,Flat maisonette or apartment or mobile/temporary accommodation,23,17,9,8,6,5,1
S01007148,All households,204,191,89,102,13,5,8
S01007148,Whole house or bungalow: Total,201,191,89,102,10,3,7
S01007148,Whole house or bungalow: Detached,135,134,69,65,1,0,1
S01007148,Whole house or bungalow: Semi-detached,45,39,18,21,6,3,3
S01007148,Whole house or bungalow: Terraced (including end-terrace),21,18,2,16,3,0,3
S01007148,Flat maisonette or apartment or mobile/temporary accommodation,3,0,0,0,3,2,1
S01007149,All households,237,224,132,92,13,4,9
S01007149,Whole house or bungalow: Total,234,222,131,91,12,3,9
S01007149,Whole house or bungalow: Detached,147,144,87,57,3,0,3
S01007149,Whole house or bungalow: Semi-detached,85,78,44,34,7,1,6
S01007149,Whole house or bungalow: Terraced (including end-terrace),2,0,0,0,2,2,0
S01007149,Flat maisonette or apartment or mobile/temporary accommodation,3,2,1,1,1,1,0
S01007150,All households,350,314,219,95,36,13,23
S01007150,Whole house or bungalow: Total,257,245,167,78,12,2,10
S01007150,Whole house or bungalow: Detached,141,135,99,36,6,0,6
S01007150,Whole house or bungalow: Semi-detached,109,103,66,37,6,2,4
S01007150,Whole house or bungalow: Terraced (including end-terrace),7,7,2,5,0,0,0
S01007150,Flat maisonette or apartment or mobile/temporary accommodation,93,69,52,17,24,11,13
S01007151,All households,331,311,144,167,20,3,17
S01007151,Whole house or bungalow: Total,322,310,143,167,12,1,11
S01007151,Whole house or bungalow: Detached,230,227,107,120,3,0,3
S01007151,Whole house or bungalow: Semi-detached,84,76,33,43,8,1,7
S01007151,Whole house or bungalow: Terraced (including end-terrace),8,7,3,4,1,0,1
S01007151,Flat maisonette or apartment or mobile/temporary accommodation,9,1,1,0,8,2,6
S01007152,All households,237,212,120,92,25,13,12
S01007152,Whole house or bungalow: Total,196,188,104,84,8,1,7
S01007152,Whole house or bungalow: Detached,91,88,45,43,3,0,3
S01007152,Whole house or bungalow: Semi-detached,88,84,51,33,4,0,4
S01007152,Whole house or bungalow: Terraced (including end-terrace),17,16,8,8,1,1,0
S01007152,Flat maisonette or apartment or mobile/temporary accommodation,41,24,16,8,17,12,5
S01007153,All households,286,240,115,125,46,31,15
S01007153,Whole house or bungalow: Total,278,233,110,123,45,30,15
S01007153,Whole house or bungalow: Detached,86,85,40,45,1,0,1
S01007153,Whole house or bungalow: Semi-detached,91,74,44,30,17,8,9
S01007153,Whole house or bungalow: Terraced (including end-terrace),101,74,26,48,27,22,5
S01007153,Flat maisonette or apartment or mobile/temporary accommodation,8,7,5,2,1,1,0
S01007154,All households,453,308,163,145,145,90,55
S01007154,Whole house or bungalow: Total,149,127,60,67,22,8,14
S01007154,Whole house or bungalow: Detached,57,46,26,20,11,2,9
S01007154,Whole house or bungalow: Semi-detached,80,72,30,42,8,3,5
S01007154,Whole house or bungalow: Terraced (including end-terrace),12,9,4,5,3,3,0
S01007154,Flat maisonette or apartment or mobile/temporary accommodation,304,181,103,78,123,82,41
S01007155,All households,305,237,126,111,68,40,28
S01007155,Whole house or bungalow: Total,248,211,112,99,37,17,20
S01007155,Whole house or bungalow: Detached,49,44,31,13,5,0,5
S01007155,Whole house or bungalow: Semi-detached,148,132,63,69,16,6,10
S01007155,Whole house or bungalow: Terraced (including end-terrace),51,35,18,17,16,11,5
S01007155,Flat maisonette or apartment or mobile/temporary accommodation,57,26,14,12,31,23,8
S01007156,All households,308,242,115,127,66,32,34
S01007156,Whole house or bungalow: Total,303,238,112,126,65,32,33
S01007156,Whole house or bungalow: Detached,137,123,66,57,14,4,10
S01007156,Whole house or bungalow: Semi-detached,78,55,27,28,23,13,10
S01007156,Whole house or bungalow: Terraced (including end-terrace),88,60,19,41,28,15,13
S01007156,Flat maisonette or apartment or mobile/temporary accommodation,5,4,3,1,1,0,1
S01007157,All households,279,182,57,125,97,73,24
S01007157,Whole house or bungalow: Total,256,172,53,119,84,62,22
S01007157,Whole house or bungalow: Detached,25,16,8,8,9,4,5
S01007157,Whole house or bungalow: Semi-detached,110,74,19,55,36,27,9
S01007157,Whole house or bungalow: Terraced (including end-terrace),121,82,26,56,39,31,8
S01007157,Flat maisonette or apartment or mobile/temporary accommodation,23,10,4,6,13,11,2
S01007158,All households,386,322,103,219,64,35,29
S01007158,Whole house or bungalow: Total,365,318,100,218,47,21,26
S01007158,Whole house or bungalow: Detached,140,130,42,88,10,1,9
S01007158,Whole house or bungalow: Semi-detached,150,128,36,92,22,10,12
S01007158,Whole house or bungalow: Terraced (including end-terrace),75,60,22,38,15,10,5
S01007158,Flat maisonette or apartment or mobile/temporary accommodation,21,4,3,1,17,14,3
S01007159,All households,407,251,105,146,156,112,44
S01007159,Whole house or bungalow: Total,257,185,92,93,72,54,18
S01007159,Whole house or bungalow: Detached,30,27,13,14,3,1,2
S01007159,Whole house or bungalow: Semi-detached,147,108,56,52,39,30,9
S01007159,Whole house or bungalow: Terraced (including end-terrace),80,50,23,27,30,23,7
S01007159,Flat maisonette or apartment or mobile/temporary accommodation,150,66,13,53,84,58,26
S01007160,All households,377,242,114,128,135,104,31
S01007160,Whole house or bungalow: Total,349,235,110,125,114,89,25
S01007160,Whole house or bungalow: Detached,56,51,28,23,5,1,4
S01007160,Whole house or bungalow: Semi-detached,164,104,49,55,60,46,14
S01007160,Whole house or bungalow: Terraced (including end-terrace),129,80,33,47,49,42,7
S01007160,Flat maisonette or apartment or mobile/temporary accommodation,28,7,4,3,21,15,6
S01007161,All households,317,235,116,119,82,41,41
S01007161,Whole house or bungalow: Total,276,222,112,110,54,23,31
S01007161,Whole house or bungalow: Detached,68,59,35,24,9,2,7
S01007161,Whole house or bungalow: Semi-detached,111,86,42,44,25,14,11
S01007161,Whole house or bungalow: Terraced (including end-terrace),97,77,35,42,20,7,13
S01007161,Flat maisonette or apartment or mobile/temporary accommodation,41,13,4,9,28,18,10
S01007162,All households,271,117,54,63,154,90,64
S01007162,Whole house or bungalow: Total,98,59,27,32,39,26,13
S01007162,Whole house or bungalow: Detached,22,13,9,4,9,5,4
S01007162,Whole house or bungalow: Semi-detached,47,27,12,15,20,13,7
S01007162,Whole house or bungalow: Terraced (including end-terrace),29,19,6,13,10,8,2
S01007162,Flat maisonette or apartment or mobile/temporary accommodation,173,58,27,31,115,64,51
S01007163,All households,392,304,168,136,88,60,28
S01007163,Whole house or bungalow: Total,366,301,168,133,65,40,25
S01007163,Whole house or bungalow: Detached,100,96,59,37,4,1,3
S01007163,Whole house or bungalow: Semi-detached,208,158,90,68,50,34,16
S01007163,Whole house or bungalow: Terraced (including end-terrace),58,47,19,28,11,5,6
S01007163,Flat maisonette or apartment or mobile/temporary accommodation,26,3,0,3,23,20,3
S01007164,All households,257,207,118,89,50,19,31
S01007164,Whole house or bungalow: Total,219,186,111,75,33,16,17
S01007164,Whole house or bungalow: Detached,78,71,45,26,7,0,7
S01007164,Whole house or bungalow: Semi-detached,84,62,36,26,22,15,7
S01007164,Whole house or bungalow: Terraced (including end-terrace),57,53,30,23,4,1,3
S01007164,Flat maisonette or apartment or mobile/temporary accommodation,38,21,7,14,17,3,14
S01007165,All households,330,266,140,126,64,16,48
S01007165,Whole house or bungalow: Total,263,230,122,108,33,8,25
S01007165,Whole house or bungalow: Detached,115,105,61,44,10,0,10
S01007165,Whole house or bungalow: Semi-detached,111,98,47,51,13,3,10
S01007165,Whole house or bungalow: Terraced (including end-terrace),37,27,14,13,10,5,5
S01007165,Flat maisonette or apartment or mobile/temporary accommodation,67,36,18,18,31,8,23
S01007166,All households,328,253,143,110,75,33,42
S01007166,Whole house or bungalow: Total,292,236,134,102,56,24,32
S01007166,Whole house or bungalow: Detached,79,66,42,24,13,0,13
S01007166,Whole house or bungalow: Semi-detached,156,122,61,61,34,20,14
S01007166,Whole house or bungalow: Terraced (including end-terrace),57,48,31,17,9,4,5
S01007166,Flat maisonette or apartment or mobile/temporary accommodation,36,17,9,8,19,9,10
S01007167,All households,331,308,174,134,23,7,16
S01007167,Whole house or bungalow: Total,326,307,174,133,19,4,15
S01007167,Whole house or bungalow: Detached,201,195,116,79,6,0,6
S01007167,Whole house or bungalow: Semi-detached,114,103,54,49,11,3,8
S01007167,Whole house or bungalow: Terraced (including end-terrace),11,9,4,5,2,1,1
S01007167,Flat maisonette or apartment or mobile/temporary accommodation,5,1,0,1,4,3,1
S01007168,All households,415,395,233,162,20,3,17
S01007168,Whole house or bungalow: Total,413,395,233,162,18,3,15
S01007168,Whole house or bungalow: Detached,226,219,136,83,7,0,7
S01007168,Whole house or bungalow: Semi-detached,183,174,95,79,9,2,7
S01007168,Whole house or bungalow: Terraced (including end-terrace),4,2,2,0,2,1,1
S01007168,Flat maisonette or apartment or mobile/temporary accommodation,2,0,0,0,2,0,2
S01007169,All households,326,249,124,125,77,59,18
S01007169,Whole house or bungalow: Total,284,236,118,118,48,34,14
S01007169,Whole house or bungalow: Detached,184,175,86,89,9,2,7
S01007169,Whole house or bungalow: Semi-detached,85,59,31,28,26,19,7
S01007169,Whole house or bungalow: Terraced (including end-terrace),15,2,1,1,13,13,0
S01007169,Flat maisonette or apartment or mobile/temporary accommodation,42,13,6,7,29,25,4
S01007170,All households,268,198,105,93,70,7,63
S01007170,Whole house or bungalow: Total,253,190,99,91,63,4,59
S01007170,Whole house or bungalow: Detached,194,153,86,67,41,0,41
S01007170,Whole house or bungalow: Semi-detached,57,35,12,23,22,4,18
S01007170,Whole house or bungalow: Terraced (including end-terrace),2,2,1,1,0,0,0
S01007170,Flat maisonette or apartment or mobile/temporary accommodation,15,8,6,2,7,3,4
S01007171,All households,364,220,119,101,144,12,132
S01007171,Whole house or bungalow: Total,282,212,117,95,70,6,64
S01007171,Whole house or bungalow: Detached,201,164,92,72,37,1,36
S01007171,Whole house or bungalow: Semi-detached,67,36,19,17,31,4,27
S01007171,Whole house or bungalow: Terraced (including end-terrace),14,12,6,6,2,1,1
S01007171,Flat maisonette or apartment or mobile/temporary accommodation,82,8,2,6,74,6,68
S01007172,All households,333,261,153,108,72,7,65
S01007172,Whole house or bungalow: Total,311,242,139,103,69,5,64
S01007172,Whole house or bungalow: Detached,246,202,119,83,44,0,44
S01007172,Whole house or bungalow: Semi-detached,41,23,13,10,18,0,18
S01007172,Whole house or bungalow: Terraced (including end-terrace),24,17,7,10,7,5,2
S01007172,Flat maisonette or apartment or mobile/temporary accommodation,22,19,14,5,3,2,1
S01007173,All households,327,283,85,198,44,18,26
S01007173,Whole house or bungalow: Total,311,277,81,196,34,13,21
S01007173,Whole house or bungalow: Detached,169,160,39,121,9,0,9
S01007173,Whole house or bungalow: Semi-detached,87,73,29,44,14,5,9
S01007173,Whole house or bungalow: Terraced (including end-terrace),55,44,13,31,11,8,3
S01007173,Flat maisonette or apartment or mobile/temporary accommodation,16,6,4,2,10,5,5
S01007174,All households,286,204,58,146,82,65,17
S01007174,Whole house or bungalow: Total,276,203,58,145,73,58,15
S01007174,Whole house or bungalow: Detached,133,122,24,98,11,5,6
S01007174,Whole house or bungalow: Semi-detached,66,56,22,34,10,8,2
S01007174,Whole house or bungalow: Terraced (including end-terrace),77,25,12,13,52,45,7
S01007174,Flat maisonette or apartment or mobile/temporary accommodation,10,1,0,1,9,7,2
S01007175,All households,294,212,123,89,82,35,47
S01007175,Whole house or bungalow: Total,285,212,123,89,73,27,46
S01007175,Whole house or bungalow: Detached,63,59,44,15,4,2,2
S01007175,Whole house or bungalow: Semi-detached,171,115,66,49,56,18,38
S01007175,Whole house or bungalow: Terraced (including end-terrace),51,38,13,25,13,7,6
S01007175,Flat maisonette or apartment or mobile/temporary accommodation,9,0,0,0,9,8,1
S01007176,All households,290,187,103,84,103,45,58
S01007176,Whole house or bungalow: Total,231,166,97,69,65,15,50
S01007176,Whole house or bungalow: Detached,62,58,38,20,4,0,4
S01007176,Whole house or bungalow: Semi-detached,112,59,38,21,53,9,44
S01007176,Whole house or bungalow: Terraced (including end-terrace),57,49,21,28,8,6,2
S01007176,Flat maisonette or apartment or mobile/temporary accommodation,59,21,6,15,38,30,8
S01007177,All households,303,152,72,80,151,129,22
S01007177,Whole house or bungalow: Total,171,110,56,54,61,49,12
S01007177,Whole house or bungalow: Detached,18,15,11,4,3,1,2
S01007177,Whole house or bungalow: Semi-detached,35,24,13,11,11,6,5
S01007177,Whole house or bungalow: Terraced (including end-terrace),118,71,32,39,47,42,5
S01007177,Flat maisonette or apartment or mobile/temporary accommodation,132,42,16,26,90,80,10
S01007178,All households,505,176,80,96,329,289,40
S01007178,Whole house or bungalow: Total,266,157,69,88,109,83,26
S01007178,Whole house or bungalow: Detached,34,29,13,16,5,3,2
S01007178,Whole house or bungalow: Semi-detached,63,28,8,20,35,25,10
S01007178,Whole house or bungalow: Terraced (including end-terrace),169,100,48,52,69,55,14
S01007178,Flat maisonette or apartment or mobile/temporary accommodation,239,19,11,8,220,206,14
S01007179,All households,384,354,219,135,30,13,17
S01007179,Whole house or bungalow: Total,375,354,219,135,21,5,16
S01007179,Whole house or bungalow: Detached,254,242,150,92,12,1,11
S01007179,Whole house or bungalow: Semi-detached,115,107,66,41,8,4,4
S01007179,Whole house or bungalow: Terraced (including end-terrace),6,5,3,2,1,0,1
S01007179,Flat maisonette or apartment or mobile/temporary accommodation,9,0,0,0,9,8,1
S01007180,All households,347,298,203,95,49,34,15
S01007180,Whole house or bungalow: Total,305,292,200,92,13,1,12
S01007180,Whole house or bungalow: Detached,222,214,156,58,8,0,8
S01007180,Whole house or bungalow: Semi-detached,75,72,41,31,3,0,3
S01007180,Whole house or bungalow: Terraced (including end-terrace),8,6,3,3,2,1,1
S01007180,Flat maisonette or apartment or mobile/temporary accommodation,42,6,3,3,36,33,3
S01007181,All households,317,267,151,116,50,23,27
S01007181,Whole house or bungalow: Total,271,241,137,104,30,20,10
S01007181,Whole house or bungalow: Detached,133,127,80,47,6,1,5
S01007181,Whole house or bungalow: Semi-detached,92,87,45,42,5,5,0
S01007181,Whole house or bungalow: Terraced (including end-terrace),46,27,12,15,19,14,5
S01007181,Flat maisonette or apartment or mobile/temporary accommodation,46,26,14,12,20,3,17
S01007182,All households,526,369,204,165,157,87,70
S01007182,Whole house or bungalow: Total,276,241,138,103,35,20,15
S01007182,Whole house or bungalow: Detached,83,75,43,32,8,4,4
S01007182,Whole house or bungalow: Semi-detached,121,108,61,47,13,5,8
S01007182,Whole house or bungalow: Terraced (including end-terrace),72,58,34,24,14,11,3
S01007182,Flat maisonette or apartment or mobile/temporary accommodation,250,128,66,62,122,67,55
S01007183,All households,560,326,152,174,234,158,76
S01007183,Whole house or bungalow: Total,342,227,110,117,115,86,29
S01007183,Whole house or bungalow: Detached,67,59,35,24,8,4,4
S01007183,Whole house or bungalow: Semi-detached,82,52,29,23,30,22,8
S01007183,Whole house or bungalow: Terraced (including end-terrace),193,116,46,70,77,60,17
S01007183,Flat maisonette or apartment or mobile/temporary accommodation,218,99,42,57,119,72,47
S01007184,All households,594,309,140,169,285,172,113
S01007184,Whole house or bungalow: Total,231,174,89,85,57,34,23
S01007184,Whole house or bungalow: Detached,40,32,17,15,8,3,5
S01007184,Whole house or bungalow: Semi-detached,51,36,17,19,15,11,4
S01007184,Whole house or bungalow: Terraced (including end-terrace),140,106,55,51,34,20,14
S01007184,Flat maisonette or apartment or mobile/temporary accommodation,363,135,51,84,228,138,90
S01007185,All households,422,152,65,87,270,203,67
S01007185,Whole house or bungalow: Total,114,78,34,44,36,25,11
S01007185,Whole house or bungalow: Detached,22,16,6,10,6,3,3
S01007185,Whole house or bungalow: Semi-detached,27,15,7,8,12,10,2
S01007185,Whole house or bungalow: Terraced (including end-terrace),65,47,21,26,18,12,6
S01007185,Flat maisonette or apartment or mobile/temporary accommodation,308,74,31,43,234,178,56
S01007186,All households,327,89,39,50,238,181,57
S01007186,Whole house or bungalow: Total,92,51,20,31,41,34,7
S01007186,Whole house or bungalow: Detached,8,6,1,5,2,2,0
S01007186,Whole house or bungalow: Semi-detached,29,12,4,8,17,16,1
S01007186,Whole house or bungalow: Terraced (including end-terrace),55,33,15,18,22,16,6
S01007186,Flat maisonette or apartment or mobile/temporary accommodation,235,38,19,19,197,147,50
S01007187,All households,498,156,70,86,342,205,137
S01007187,Whole house or bungalow: Total,115,74,36,38,41,33,8
S01007187,Whole house or bungalow: Detached,19,15,9,6,4,3,1
S01007187,Whole house or bungalow: Semi-detached,36,20,9,11,16,14,2
S01007187,Whole house or bungalow: Terraced (including end-terrace),60,39,18,21,21,16,5
S01007187,Flat maisonette or apartment or mobile/temporary accommodation,383,82,34,48,301,172,129
S01007188,All households,328,165,81,84,163,69,94
S01007188,Whole house or bungalow: Total,111,88,53,35,23,9,14
S01007188,Whole house or bungalow: Detached,8,3,0,3,5,2,3
S01007188,Whole house or bungalow: Semi-detached,16,8,4,4,8,5,3
S01007188,Whole house or bungalow: Terraced (including end-terrace),87,77,49,28,10,2,8
S01007188,Flat maisonette or apartment or mobile/temporary accommodation,217,77,28,49,140,60,80
S01007189,All households,461,180,93,87,281,227,54
S01007189,Whole house or bungalow: Total,195,122,66,56,73,64,9
S01007189,Whole house or bungalow: Detached,53,44,23,21,9,6,3
S01007189,Whole house or bungalow: Semi-detached,66,32,20,12,34,30,4
S01007189,Whole house or bungalow: Terraced (including end-terrace),76,46,23,23,30,28,2
S01007189,Flat maisonette or apartment or mobile/temporary accommodation,266,58,27,31,208,163,45
S01007190,All households,378,265,147,118,113,77,36
S01007190,Whole house or bungalow: Total,359,254,141,113,105,71,34
S01007190,Whole house or bungalow: Detached,106,97,65,32,9,4,5
S01007190,Whole house or bungalow: Semi-detached,200,130,62,68,70,47,23
S01007190,Whole house or bungalow: Terraced (including end-terrace),53,27,14,13,26,20,6
S01007190,Flat maisonette or apartment or mobile/temporary accommodation,19,11,6,5,8,6,2
S01007191,All households,274,157,73,84,117,66,51
S01007191,Whole house or bungalow: Total,206,143,66,77,63,49,14
S01007191,Whole house or bungalow: Detached,19,15,9,6,4,1,3
S01007191,Whole house or bungalow: Semi-detached,76,50,30,20,26,19,7
S01007191,Whole house or bungalow: Terraced (including end-terrace),111,78,27,51,33,29,4
S01007191,Flat maisonette or apartment or mobile/temporary accommodation,68,14,7,7,54,17,37
S01007192,All households,286,147,69,78,139,125,14
S01007192,Whole house or bungalow: Total,171,119,62,57,52,45,7
S01007192,Whole house or bungalow: Detached,27,21,13,8,6,4,2
S01007192,Whole house or bungalow: Semi-detached,55,41,20,21,14,12,2
S01007192,Whole house or bungalow: Terraced (including end-terrace),89,57,29,28,32,29,3
S01007192,Flat maisonette or apartment or mobile/temporary accommodation,115,28,7,21,87,80,7
S01007193,All households,289,176,57,119,113,95,18
S01007193,Whole house or bungalow: Total,274,172,57,115,102,86,16
S01007193,Whole house or bungalow: Detached,9,6,3,3,3,3,0
S01007193,Whole house or bungalow: Semi-detached,108,68,17,51,40,32,8
S01007193,Whole house or bungalow: Terraced (including end-terrace),157,98,37,61,59,51,8
S01007193,Flat maisonette or apartment or mobile/temporary accommodation,15,4,0,4,11,9,2
S01007194,All households,276,96,45,51,180,148,32
S01007194,Whole house or bungalow: Total,140,57,31,26,83,77,6
S01007194,Whole house or bungalow: Detached,5,3,3,0,2,1,1
S01007194,Whole house or bungalow: Semi-detached,70,31,19,12,39,38,1
S01007194,Whole house or bungalow: Terraced (including end-terrace),65,23,9,14,42,38,4
S01007194,Flat maisonette or apartment or mobile/temporary accommodation,136,39,14,25,97,71,26
S01007195,All households,237,120,64,56,117,102,15
S01007195,Whole house or bungalow: Total,201,111,60,51,90,81,9
S01007195,Whole house or bungalow: Detached,28,18,12,6,10,9,1
S01007195,Whole house or bungalow: Semi-detached,96,44,27,17,52,47,5
S01007195,Whole house or bungalow: Terraced (including end-terrace),77,49,21,28,28,25,3
S01007195,Flat maisonette or apartment or mobile/temporary accommodation,36,9,4,5,27,21,6
S01007196,All households,278,128,31,97,150,130,20
S01007196,Whole house or bungalow: Total,183,106,27,79,77,68,9
S01007196,Whole house or bungalow: Detached,20,16,7,9,4,3,1
S01007196,Whole house or bungalow: Semi-detached,97,39,7,32,58,53,5
S01007196,Whole house or bungalow: Terraced (including end-terrace),66,51,13,38,15,12,3
S01007196,Flat maisonette or apartment or mobile/temporary accommodation,95,22,4,18,73,62,11
S01007197,All households,286,45,18,27,241,222,19
S01007197,Whole house or bungalow: Total,100,30,9,21,70,61,9
S01007197,Whole house or bungalow: Detached,15,9,6,3,6,4,2
S01007197,Whole house or bungalow: Semi-detached,66,19,2,17,47,43,4
S01007197,Whole house or bungalow: Terraced (including end-terrace),19,2,1,1,17,14,3
S01007197,Flat maisonette or apartment or mobile/temporary accommodation,186,15,9,6,171,161,10
S01007198,All households,229,97,46,51,132,113,19
S01007198,Whole house or bungalow: Total,95,67,29,38,28,24,4
S01007198,Whole house or bungalow: Detached,17,14,5,9,3,2,1
S01007198,Whole house or bungalow: Semi-detached,64,41,20,21,23,20,3
S01007198,Whole house or bungalow: Terraced (including end-terrace),14,12,4,8,2,2,0
S01007198,Flat maisonette or apartment or mobile/temporary accommodation,134,30,17,13,104,89,15
S01007199,All households,306,114,48,66,192,177,15
S01007199,Whole house or bungalow: Total,128,76,32,44,52,45,7
S01007199,Whole house or bungalow: Detached,18,13,7,6,5,4,1
S01007199,Whole house or bungalow: Semi-detached,46,24,12,12,22,20,2
S01007199,Whole house or bungalow: Terraced (including end-terrace),64,39,13,26,25,21,4
S01007199,Flat maisonette or apartment or mobile/temporary accommodation,178,38,16,22,140,132,8
S01007200,All households,405,242,99,143,163,130,33
S01007200,Whole house or bungalow: Total,314,225,94,131,89,65,24
S01007200,Whole house or bungalow: Detached,15,10,5,5,5,2,3
S01007200,Whole house or bungalow: Semi-detached,41,21,9,12,20,14,6
S01007200,Whole house or bungalow: Terraced (including end-terrace),258,194,80,114,64,49,15
S01007200,Flat maisonette or apartment or mobile/temporary accommodation,91,17,5,12,74,65,9
S01007201,All households,350,217,117,100,133,116,17
S01007201,Whole house or bungalow: Total,266,204,114,90,62,48,14
S01007201,Whole house or bungalow: Detached,62,56,33,23,6,3,3
S01007201,Whole house or bungalow: Semi-detached,123,106,63,43,17,12,5
S01007201,Whole house or bungalow: Terraced (including end-terrace),81,42,18,24,39,33,6
S01007201,Flat maisonette or apartment or mobile/temporary accommodation,84,13,3,10,71,68,3
S01007202,All households,350,205,116,89,145,126,19
S01007202,Whole house or bungalow: Total,260,195,109,86,65,52,13
S01007202,Whole house or bungalow: Detached,40,37,23,14,3,3,0
S01007202,Whole house or bungalow: Semi-detached,52,30,20,10,22,19,3
S01007202,Whole house or bungalow: Terraced (including end-terrace),168,128,66,62,40,30,10
S01007202,Flat maisonette or apartment or mobile/temporary accommodation,90,10,7,3,80,74,6
S01007203,All households,250,182,67,115,68,53,15
S01007203,Whole house or bungalow: Total,242,181,66,115,61,49,12
S01007203,Whole house or bungalow: Detached,16,12,7,5,4,3,1
S01007203,Whole house or bungalow: Semi-detached,77,52,14,38,25,18,7
S01007203,Whole house or bungalow: Terraced (including end-terrace),149,117,45,72,32,28,4
S01007203,Flat maisonette or apartment or mobile/temporary accommodation,8,1,1,0,7,4,3
S01007204,All households,426,272,132,140,154,68,86
S01007204,Whole house or bungalow: Total,409,263,129,134,146,62,84
S01007204,Whole house or bungalow: Detached,198,151,71,80,47,0,47
S01007204,Whole house or bungalow: Semi-detached,116,63,36,27,53,22,31
S01007204,Whole house or bungalow: Terraced (including end-terrace),95,49,22,27,46,40,6
S01007204,Flat maisonette or apartment or mobile/temporary accommodation,17,9,3,6,8,6,2
S01007205,All households,263,176,96,80,87,11,76
S01007205,Whole house or bungalow: Total,259,175,95,80,84,10,74
S01007205,Whole house or bungalow: Detached,176,131,77,54,45,3,42
S01007205,Whole house or bungalow: Semi-detached,63,30,15,15,33,3,30
S01007205,Whole house or bungalow: Terraced (including end-terrace),20,14,3,11,6,4,2
S01007205,Flat maisonette or apartment or mobile/temporary accommodation,4,1,1,0,3,1,2
S01007206,All households,212,124,78,46,88,45,43
S01007206,Whole house or bungalow: Total,128,93,60,33,35,16,19
S01007206,Whole house or bungalow: Detached,23,19,10,9,4,3,1
S01007206,Whole house or bungalow: Semi-detached,43,31,19,12,12,4,8
S01007206,Whole house or bungalow: Terraced (including end-terrace),62,43,31,12,19,9,10
S01007206,Flat maisonette or apartment or mobile/temporary accommodation,84,31,18,13,53,29,24
S01007207,All households,420,304,158,146,116,76,40
S01007207,Whole house or bungalow: Total,331,280,148,132,51,27,24
S01007207,Whole house or bungalow: Detached,84,78,44,34,6,1,5
S01007207,Whole house or bungalow: Semi-detached,188,164,88,76,24,9,15
S01007207,Whole house or bungalow: Terraced (including end-terrace),59,38,16,22,21,17,4
S01007207,Flat maisonette or apartment or mobile/temporary accommodation,89,24,10,14,65,49,16
S01007208,All households,550,214,83,131,336,201,135
S01007208,Whole house or bungalow: Total,117,74,33,41,43,23,20
S01007208,Whole house or bungalow: Detached,23,21,8,13,2,1,1
S01007208,Whole house or bungalow: Semi-detached,36,18,8,10,18,13,5
S01007208,Whole house or bungalow: Terraced (including end-terrace),58,35,17,18,23,9,14
S01007208,Flat maisonette or apartment or mobile/temporary accommodation,433,140,50,90,293,178,115
S01007209,All households,389,188,106,82,201,78,123
S01007209,Whole house or bungalow: Total,109,79,44,35,30,12,18
S01007209,Whole house or bungalow: Detached,19,15,8,7,4,1,3
S01007209,Whole house or bungalow: Semi-detached,34,23,12,11,11,6,5
S01007209,Whole house or bungalow: Terraced (including end-terrace),56,41,24,17,15,5,10
S01007209,Flat maisonette or apartment or mobile/temporary accommodation,280,109,62,47,171,66,105
S01007210,All households,387,170,72,98,217,151,66
S01007210,Whole house or bungalow: Total,127,76,30,46,51,40,11
S01007210,Whole house or bungalow: Detached,24,15,7,8,9,7,2
S01007210,Whole house or bungalow: Semi-detached,35,16,7,9,19,15,4
S01007210,Whole house or bungalow: Terraced (including end-terrace),68,45,16,29,23,18,5
S01007210,Flat maisonette or apartment or mobile/temporary accommodation,260,94,42,52,166,111,55
S01007211,All households,498,207,110,97,291,242,49
S01007211,Whole house or bungalow: Total,214,125,63,62,89,72,17
S01007211,Whole house or bungalow: Detached,26,21,12,9,5,4,1
S01007211,Whole house or bungalow: Semi-detached,61,37,18,19,24,23,1
S01007211,Whole house or bungalow: Terraced (including end-terrace),127,67,33,34,60,45,15
S01007211,Flat maisonette or apartment or mobile/temporary accommodation,284,82,47,35,202,170,32
S01007212,All households,259,186,102,84,73,20,53
S01007212,Whole house or bungalow: Total,152,131,77,54,21,5,16
S01007212,Whole house or bungalow: Detached,54,49,33,16,5,0,5
S01007212,Whole house or bungalow: Semi-detached,45,39,21,18,6,3,3
S01007212,Whole house or bungalow: Terraced (including end-terrace),53,43,23,20,10,2,8
S01007212,Flat maisonette or apartment or mobile/temporary accommodation,107,55,25,30,52,15,37
S01007213,All households,423,294,180,114,129,58,71
S01007213,Whole house or bungalow: Total,246,214,146,68,32,16,16
S01007213,Whole house or bungalow: Detached,72,66,46,20,6,2,4
S01007213,Whole house or bungalow: Semi-detached,105,89,60,29,16,11,5
S01007213,Whole house or bungalow: Terraced (including end-terrace),69,59,40,19,10,3,7
S01007213,Flat maisonette or apartment or mobile/temporary accommodation,177,80,34,46,97,42,55
S01007214,All households,424,160,81,79,264,208,56
S01007214,Whole house or bungalow: Total,99,71,40,31,28,20,8
S01007214,Whole house or bungalow: Detached,16,13,6,7,3,2,1
S01007214,Whole house or bungalow: Semi-detached,33,24,15,9,9,6,3
S01007214,Whole house or bungalow: Terraced (including end-terrace),50,34,19,15,16,12,4
S01007214,Flat maisonette or apartment or mobile/temporary accommodation,325,89,41,48,236,188,48
S01007215,All households,397,204,103,101,193,108,85
S01007215,Whole house or bungalow: Total,176,136,77,59,40,23,17
S01007215,Whole house or bungalow: Detached,61,60,40,20,1,0,1
S01007215,Whole house or bungalow: Semi-detached,54,42,19,23,12,5,7
S01007215,Whole house or bungalow: Terraced (including end-terrace),61,34,18,16,27,18,9
S01007215,Flat maisonette or apartment or mobile/temporary accommodation,221,68,26,42,153,85,68
S01007216,All households,315,254,140,114,61,31,30
S01007216,Whole house or bungalow: Total,240,219,124,95,21,5,16
S01007216,Whole house or bungalow: Detached,130,118,68,50,12,1,11
S01007216,Whole house or bungalow: Semi-detached,77,69,39,30,8,3,5
S01007216,Whole house or bungalow: Terraced (including end-terrace),33,32,17,15,1,1,0
S01007216,Flat maisonette or apartment or mobile/temporary accommodation,75,35,16,19,40,26,14
S01007217,All households,460,244,116,128,216,171,45
S01007217,Whole house or bungalow: Total,351,225,111,114,126,95,31
S01007217,Whole house or bungalow: Detached,38,29,13,16,9,2,7
S01007217,Whole house or bungalow: Semi-detached,88,65,26,39,23,14,9
S01007217,Whole house or bungalow: Terraced (including end-terrace),225,131,72,59,94,79,15
S01007217,Flat maisonette or apartment or mobile/temporary accommodation,109,19,5,14,90,76,14
S01007218,All households,353,319,182,137,34,14,20
S01007218,Whole house or bungalow: Total,343,317,181,136,26,9,17
S01007218,Whole house or bungalow: Detached,228,217,130,87,11,0,11
S01007218,Whole house or bungalow: Semi-detached,40,37,19,18,3,1,2
S01007218,Whole house or bungalow: Terraced (including end-terrace),75,63,32,31,12,8,4
S01007218,Flat maisonette or apartment or mobile/temporary accommodation,10,2,1,1,8,5,3
S01007219,All households,386,214,83,131,172,146,26
S01007219,Whole house or bungalow: Total,299,205,79,126,94,76,18
S01007219,Whole house or bungalow: Detached,58,50,18,32,8,4,4
S01007219,Whole house or bungalow: Semi-detached,33,17,10,7,16,13,3
S01007219,Whole house or bungalow: Terraced (including end-terrace),208,138,51,87,70,59,11
S01007219,Flat maisonette or apartment or mobile/temporary accommodation,87,9,4,5,78,70,8
S01007220,All households,330,191,73,118,139,107,32
S01007220,Whole house or bungalow: Total,234,177,63,114,57,45,12
S01007220,Whole house or bungalow: Detached,16,11,5,6,5,1,4
S01007220,Whole house or bungalow: Semi-detached,53,35,9,26,18,13,5
S01007220,Whole house or bungalow: Terraced (including end-terrace),165,131,49,82,34,31,3
S01007220,Flat maisonette or apartment or mobile/temporary accommodation,96,14,10,4,82,62,20
S01007221,All households,273,230,113,117,43,24,19
S01007221,Whole house or bungalow: Total,246,218,102,116,28,16,12
S01007221,Whole house or bungalow: Detached,166,158,74,84,8,3,5
S01007221,Whole house or bungalow: Semi-detached,65,49,24,25,16,10,6
S01007221,Whole house or bungalow: Terraced (including end-terrace),15,11,4,7,4,3,1
S01007221,Flat maisonette or apartment or mobile/temporary accommodation,27,12,11,1,15,8,7
S01007222,All households,320,215,120,95,105,82,23
S01007222,Whole house or bungalow: Total,310,214,120,94,96,76,20
S01007222,Whole house or bungalow: Detached,114,96,58,38,18,9,9
S01007222,Whole house or bungalow: Semi-detached,108,54,31,23,54,49,5
S01007222,Whole house or bungalow: Terraced (including end-terrace),88,64,31,33,24,18,6
S01007222,Flat maisonette or apartment or mobile/temporary accommodation,10,1,0,1,9,6,3
S01007223,All households,200,175,77,98,25,3,22
S01007223,Whole house or bungalow: Total,195,175,77,98,20,3,17
S01007223,Whole house or bungalow: Detached,162,151,65,86,11,0,11
S01007223,Whole house or bungalow: Semi-detached,26,18,8,10,8,2,6
S01007223,Whole house or bungalow: Terraced (including end-terrace),7,6,4,2,1,1,0
S01007223,Flat maisonette or apartment or mobile/temporary accommodation,5,0,0,0,5,0,5
S01007224,All households,279,203,114,89,76,52,24
S01007224,Whole house or bungalow: Total,251,191,108,83,60,40,20
S01007224,Whole house or bungalow: Detached,110,99,65,34,11,3,8
S01007224,Whole house or bungalow: Semi-detached,70,41,16,25,29,21,8
S01007224,Whole house or bungalow: Terraced (including end-terrace),71,51,27,24,20,16,4
S01007224,Flat maisonette or apartment or mobile/temporary accommodation,28,12,6,6,16,12,4
S01007225,All households,369,267,137,130,102,18,84
S01007225,Whole house or bungalow: Total,357,265,137,128,92,14,78
S01007225,Whole house or bungalow: Detached,212,170,99,71,42,1,41
S01007225,Whole house or bungalow: Semi-detached,86,51,23,28,35,4,31
S01007225,Whole house or bungalow: Terraced (including end-terrace),59,44,15,29,15,9,6
S01007225,Flat maisonette or apartment or mobile/temporary accommodation,12,2,0,2,10,4,6
S01007226,All households,322,237,133,104,85,8,77
S01007226,Whole house or bungalow: Total,308,233,129,104,75,4,71
S01007226,Whole house or bungalow: Detached,222,173,103,70,49,1,48
S01007226,Whole house or bungalow: Semi-detached,59,36,13,23,23,3,20
S01007226,Whole house or bungalow: Terraced (including end-terrace),27,24,13,11,3,0,3
S01007226,Flat maisonette or apartment or mobile/temporary accommodation,14,4,4,0,10,4,6
S01007227,All households,425,316,155,161,109,73,36
S01007227,Whole house or bungalow: Total,389,306,150,156,83,53,30
S01007227,Whole house or bungalow: Detached,137,123,64,59,14,4,10
S01007227,Whole house or bungalow: Semi-detached,150,113,53,60,37,24,13
S01007227,Whole house or bungalow: Terraced (including end-terrace),102,70,33,37,32,25,7
S01007227,Flat maisonette or apartment or mobile/temporary accommodation,36,10,5,5,26,20,6
S01007228,All households,260,156,75,81,104,18,86
S01007228,Whole house or bungalow: Total,254,154,75,79,100,15,85
S01007228,Whole house or bungalow: Detached,170,115,61,54,55,1,54
S01007228,Whole house or bungalow: Semi-detached,76,35,14,21,41,12,29
S01007228,Whole house or bungalow: Terraced (including end-terrace),8,4,0,4,4,2,2
S01007228,Flat maisonette or apartment or mobile/temporary accommodation,6,2,0,2,4,3,1
S01007229,All households,455,274,135,139,181,15,166
S01007229,Whole house or bungalow: Total,439,270,132,138,169,9,160
S01007229,Whole house or bungalow: Detached,314,213,110,103,101,1,100
S01007229,Whole house or bungalow: Semi-detached,104,51,20,31,53,7,46
S01007229,Whole house or bungalow: Terraced (including end-terrace),21,6,2,4,15,1,14
S01007229,Flat maisonette or apartment or mobile/temporary accommodation,16,4,3,1,12,6,6
S01007230,All households,358,119,44,75,239,221,18
S01007230,Whole house or bungalow: Total,164,96,35,61,68,60,8
S01007230,Whole house or bungalow: Detached,21,15,6,9,6,4,2
S01007230,Whole house or bungalow: Semi-detached,92,54,20,34,38,34,4
S01007230,Whole house or bungalow: Terraced (including end-terrace),51,27,9,18,24,22,2
S01007230,Flat maisonette or apartment or mobile/temporary accommodation,194,23,9,14,171,161,10
S01007231,All households,372,134,57,77,238,162,76
S01007231,Whole house or bungalow: Total,144,89,39,50,55,39,16
S01007231,Whole house or bungalow: Detached,14,10,4,6,4,0,4
S01007231,Whole house or bungalow: Semi-detached,68,44,19,25,24,20,4
S01007231,Whole house or bungalow: Terraced (including end-terrace),62,35,16,19,27,19,8
S01007231,Flat maisonette or apartment or mobile/temporary accommodation,228,45,18,27,183,123,60
S01007232,All households,381,90,40,50,291,236,55
S01007232,Whole house or bungalow: Total,156,60,29,31,96,77,19
S01007232,Whole house or bungalow: Detached,28,16,5,11,12,6,6
S01007232,Whole house or bungalow: Semi-detached,54,16,9,7,38,34,4
S01007232,Whole house or bungalow: Terraced (including end-terrace),74,28,15,13,46,37,9
S01007232,Flat maisonette or apartment or mobile/temporary accommodation,225,30,11,19,195,159,36
S01007233,All households,347,215,107,108,132,87,45
S01007233,Whole house or bungalow: Total,227,180,97,83,47,34,13
S01007233,Whole house or bungalow: Detached,75,70,40,30,5,1,4
S01007233,Whole house or bungalow: Semi-detached,60,44,27,17,16,14,2
S01007233,Whole house or bungalow: Terraced (including end-terrace),92,66,30,36,26,19,7
S01007233,Flat maisonette or apartment or mobile/temporary accommodation,120,35,10,25,85,53,32
S01007234,All households,263,162,91,71,101,60,41
S01007234,Whole house or bungalow: Total,216,139,79,60,77,53,24
S01007234,Whole house or bungalow: Detached,36,25,15,10,11,2,9
S01007234,Whole house or bungalow: Semi-detached,139,91,50,41,48,39,9
S01007234,Whole house or bungalow: Terraced (including end-terrace),41,23,14,9,18,12,6
S01007234,Flat maisonette or apartment or mobile/temporary accommodation,47,23,12,11,24,7,17
S01007235,All households,407,202,104,98,205,94,111
S01007235,Whole house or bungalow: Total,148,107,61,46,41,21,20
S01007235,Whole house or bungalow: Detached,55,42,27,15,13,2,11
S01007235,Whole house or bungalow: Semi-detached,43,28,13,15,15,8,7
S01007235,Whole house or bungalow: Terraced (including end-terrace),50,37,21,16,13,11,2
S01007235,Flat maisonette or apartment or mobile/temporary accommodation,259,95,43,52,164,73,91
S01007236,All households,305,205,90,115,100,51,49
S01007236,Whole house or bungalow: Total,207,153,71,82,54,40,14
S01007236,Whole house or bungalow: Detached,40,32,11,21,8,3,5
S01007236,Whole house or bungalow: Semi-detached,101,76,36,40,25,21,4
S01007236,Whole house or bungalow: Terraced (including end-terrace),66,45,24,21,21,16,5
S01007236,Flat maisonette or apartment or mobile/temporary accommodation,98,52,19,33,46,11,35
S01007237,All households,325,276,152,124,49,21,28
S01007237,Whole house or bungalow: Total,280,255,137,118,25,6,19
S01007237,Whole house or bungalow: Detached,119,115,64,51,4,0,4
S01007237,Whole house or bungalow: Semi-detached,153,135,69,66,18,3,15
S01007237,Whole house or bungalow: Terraced (including end-terrace),8,5,4,1,3,3,0
S01007237,Flat maisonette or apartment or mobile/temporary accommodation,45,21,15,6,24,15,9
S01007238,All households,417,266,118,148,151,123,28
S01007238,Whole house or bungalow: Total,345,256,115,141,89,67,22
S01007238,Whole house or bungalow: Detached,88,80,40,40,8,2,6
S01007238,Whole house or bungalow: Semi-detached,107,70,34,36,37,26,11
S01007238,Whole house or bungalow: Terraced (including end-terrace),150,106,41,65,44,39,5
S01007238,Flat maisonette or apartment or mobile/temporary accommodation,72,10,3,7,62,56,6
S01007239,All households,367,313,186,127,54,26,28
S01007239,Whole house or bungalow: Total,331,302,179,123,29,7,22
S01007239,Whole house or bungalow: Detached,246,225,139,86,21,0,21
S01007239,Whole house or bungalow: Semi-detached,69,65,34,31,4,3,1
S01007239,Whole house or bungalow: Terraced (including end-terrace),16,12,6,6,4,4,0
S01007239,Flat maisonette or apartment or mobile/temporary accommodation,36,11,7,4,25,19,6
S01007240,All households,233,136,83,53,97,8,89
S01007240,Whole house or bungalow: Total,225,135,82,53,90,6,84
S01007240,Whole house or bungalow: Detached,167,109,70,39,58,1,57
S01007240,Whole house or bungalow: Semi-detached,49,24,11,13,25,1,24
S01007240,Whole house or bungalow: Terraced (including end-terrace),9,2,1,1,7,4,3
S01007240,Flat maisonette or apartment or mobile/temporary accommodation,8,1,1,0,7,2,5
S01007241,All households,242,191,109,82,51,4,47
S01007241,Whole house or bungalow: Total,237,189,109,80,48,3,45
S01007241,Whole house or bungalow: Detached,180,146,95,51,34,0,34
S01007241,Whole house or bungalow: Semi-detached,42,31,11,20,11,0,11
S01007241,Whole house or bungalow: Terraced (including end-terrace),15,12,3,9,3,3,0
S01007241,Flat maisonette or apartment or mobile/temporary accommodation,5,2,0,2,3,1,2
S01007242,All households,447,346,180,166,101,54,47
S01007242,Whole house or bungalow: Total,417,345,180,165,72,27,45
S01007242,Whole house or bungalow: Detached,261,233,125,108,28,1,27
S01007242,Whole house or bungalow: Semi-detached,92,72,36,36,20,10,10
S01007242,Whole house or bungalow: Terraced (including end-terrace),64,40,19,21,24,16,8
S01007242,Flat maisonette or apartment or mobile/temporary accommodation,30,1,0,1,29,27,2
S01007243,All households,255,207,108,99,48,25,23
S01007243,Whole house or bungalow: Total,247,205,108,97,42,21,21
S01007243,Whole house or bungalow: Detached,171,155,84,71,16,2,14
S01007243,Whole house or bungalow: Semi-detached,59,37,15,22,22,16,6
S01007243,Whole house or bungalow: Terraced (including end-terrace),17,13,9,4,4,3,1
S01007243,Flat maisonette or apartment or mobile/temporary accommodation,8,2,0,2,6,4,2
S01007244,All households,303,226,144,82,77,16,61
S01007244,Whole house or bungalow: Total,296,225,144,81,71,12,59
S01007244,Whole house or bungalow: Detached,224,180,119,61,44,2,42
S01007244,Whole house or bungalow: Semi-detached,49,29,16,13,20,5,15
S01007244,Whole house or bungalow: Terraced (including end-terrace),23,16,9,7,7,5,2
S01007244,Flat maisonette or apartment or mobile/temporary accommodation,7,1,0,1,6,4,2
S01007245,All households,310,190,102,88,120,67,53
S01007245,Whole house or bungalow: Total,284,184,100,84,100,47,53
S01007245,Whole house or bungalow: Detached,157,113,69,44,44,7,37
S01007245,Whole house or bungalow: Semi-detached,74,48,23,25,26,12,14
S01007245,Whole house or bungalow: Terraced (including end-terrace),53,23,8,15,30,28,2
S01007245,Flat maisonette or apartment or mobile/temporary accommodation,26,6,2,4,20,20,0
S01007246,All households,237,171,89,82,66,25,41
S01007246,Whole house or bungalow: Total,235,169,89,80,66,25,41
S01007246,Whole house or bungalow: Detached,117,91,55,36,26,1,25
S01007246,Whole house or bungalow: Semi-detached,72,41,16,25,31,16,15
S01007246,Whole house or bungalow: Terraced (including end-terrace),46,37,18,19,9,8,1
S01007246,Flat maisonette or apartment or mobile/temporary accommodation,2,2,0,2,0,0,0
S01007247,All households,279,149,69,80,130,28,102
S01007247,Whole house or bungalow: Total,266,147,69,78,119,22,97
S01007247,Whole house or bungalow: Detached,116,64,26,38,52,1,51
S01007247,Whole house or bungalow: Semi-detached,96,50,21,29,46,13,33
S01007247,Whole house or bungalow: Terraced (including end-terrace),54,33,22,11,21,8,13
S01007247,Flat maisonette or apartment or mobile/temporary accommodation,13,2,0,2,11,6,5
S01007248,All households,310,289,180,109,21,6,15
S01007248,Whole house or bungalow: Total,302,287,180,107,15,3,12
S01007248,Whole house or bungalow: Detached,233,227,149,78,6,0,6
S01007248,Whole house or bungalow: Semi-detached,59,54,29,25,5,1,4
S01007248,Whole house or bungalow: Terraced (including end-terrace),10,6,2,4,4,2,2
S01007248,Flat maisonette or apartment or mobile/temporary accommodation,8,2,0,2,6,3,3
S01007249,All households,174,129,85,44,45,21,24
S01007249,Whole house or bungalow: Total,141,124,85,39,17,7,10
S01007249,Whole house or bungalow: Detached,85,79,60,19,6,0,6
S01007249,Whole house or bungalow: Semi-detached,37,31,20,11,6,3,3
S01007249,Whole house or bungalow: Terraced (including end-terrace),19,14,5,9,5,4,1
S01007249,Flat maisonette or apartment or mobile/temporary accommodation,33,5,0,5,28,14,14
S01007250,All households,432,267,131,136,165,90,75
S01007250,Whole house or bungalow: Total,237,191,104,87,46,27,19
S01007250,Whole house or bungalow: Detached,68,62,37,25,6,2,4
S01007250,Whole house or bungalow: Semi-detached,96,74,45,29,22,14,8
S01007250,Whole house or bungalow: Terraced (including end-terrace),73,55,22,33,18,11,7
S01007250,Flat maisonette or apartment or mobile/temporary accommodation,195,76,27,49,119,63,56
S01007251,All households,250,126,51,75,124,100,24
S01007251,Whole house or bungalow: Total,172,100,44,56,72,61,11
S01007251,Whole house or bungalow: Detached,48,40,19,21,8,5,3
S01007251,Whole house or bungalow: Semi-detached,69,33,12,21,36,31,5
S01007251,Whole house or bungalow: Terraced (including end-terrace),55,27,13,14,28,25,3
S01007251,Flat maisonette or apartment or mobile/temporary accommodation,78,26,7,19,52,39,13
S01007252,All households,315,221,109,112,94,52,42
S01007252,Whole house or bungalow: Total,259,195,99,96,64,45,19
S01007252,Whole house or bungalow: Detached,79,72,33,39,7,2,5
S01007252,Whole house or bungalow: Semi-detached,127,86,46,40,41,33,8
S01007252,Whole house or bungalow: Terraced (including end-terrace),53,37,20,17,16,10,6
S01007252,Flat maisonette or apartment or mobile/temporary accommodation,56,26,10,16,30,7,23
S01007253,All households,358,298,168,130,60,31,29
S01007253,Whole house or bungalow: Total,321,288,163,125,33,11,22
S01007253,Whole house or bungalow: Detached,176,167,102,65,9,1,8
S01007253,Whole house or bungalow: Semi-detached,106,86,44,42,20,10,10
S01007253,Whole house or bungalow: Terraced (including end-terrace),39,35,17,18,4,0,4
S01007253,Flat maisonette or apartment or mobile/temporary accommodation,37,10,5,5,27,20,7
S01007254,All households,401,164,68,96,237,181,56
S01007254,Whole house or bungalow: Total,211,109,47,62,102,78,24
S01007254,Whole house or bungalow: Detached,43,31,13,18,12,6,6
S01007254,Whole house or bungalow: Semi-detached,101,43,19,24,58,47,11
S01007254,Whole house or bungalow: Terraced (including end-terrace),67,35,15,20,32,25,7
S01007254,Flat maisonette or apartment or mobile/temporary accommodation,190,55,21,34,135,103,32
S01007255,All households,374,128,52,76,246,215,31
S01007255,Whole house or bungalow: Total,172,103,44,59,69,48,21
S01007255,Whole house or bungalow: Detached,24,11,5,6,13,6,7
S01007255,Whole house or bungalow: Semi-detached,43,24,6,18,19,13,6
S01007255,Whole house or bungalow: Terraced (including end-terrace),105,68,33,35,37,29,8
S01007255,Flat maisonette or apartment or mobile/temporary accommodation,202,25,8,17,177,167,10
S01007256,All households,407,190,88,102,217,137,80
S01007256,Whole house or bungalow: Total,180,104,44,60,76,55,21
S01007256,Whole house or bungalow: Detached,35,30,12,18,5,1,4
S01007256,Whole house or bungalow: Semi-detached,67,36,11,25,31,21,10
S01007256,Whole house or bungalow: Terraced (including end-terrace),78,38,21,17,40,33,7
S01007256,Flat maisonette or apartment or mobile/temporary accommodation,227,86,44,42,141,82,59
S01007257,All households,296,114,54,60,182,130,52
S01007257,Whole house or bungalow: Total,105,78,43,35,27,17,10
S01007257,Whole house or bungalow: Detached,27,20,13,7,7,1,6
S01007257,Whole house or bungalow: Semi-detached,39,29,16,13,10,7,3
S01007257,Whole house or bungalow: Terraced (including end-terrace),39,29,14,15,10,9,1
S01007257,Flat maisonette or apartment or mobile/temporary accommodation,191,36,11,25,155,113,42
S01007258,All households,410,209,107,102,201,150,51
S01007258,Whole house or bungalow: Total,236,186,100,86,50,24,26
S01007258,Whole house or bungalow: Detached,101,91,55,36,10,2,8
S01007258,Whole house or bungalow: Semi-detached,70,52,21,31,18,10,8
S01007258,Whole house or bungalow: Terraced (including end-terrace),65,43,24,19,22,12,10
S01007258,Flat maisonette or apartment or mobile/temporary accommodation,174,23,7,16,151,126,25
S01007259,All households,414,207,96,111,207,150,57
S01007259,Whole house or bungalow: Total,272,167,86,81,105,75,30
S01007259,Whole house or bungalow: Detached,38,25,16,9,13,4,9
S01007259,Whole house or bungalow: Semi-detached,99,60,31,29,39,28,11
S01007259,Whole house or bungalow: Terraced (including end-terrace),135,82,39,43,53,43,10
S01007259,Flat maisonette or apartment or mobile/temporary accommodation,142,40,10,30,102,75,27
S01007260,All households,418,181,69,112,237,210,27
S01007260,Whole house or bungalow: Total,318,171,63,108,147,124,23
S01007260,Whole house or bungalow: Detached,18,10,6,4,8,5,3
S01007260,Whole house or bungalow: Semi-detached,96,51,19,32,45,37,8
S01007260,Whole house or bungalow: Terraced (including end-terrace),204,110,38,72,94,82,12
S01007260,Flat maisonette or apartment or mobile/temporary accommodation,100,10,6,4,90,86,4
S01007261,All households,356,285,164,121,71,56,15
S01007261,Whole house or bungalow: Total,324,280,163,117,44,30,14
S01007261,Whole house or bungalow: Detached,179,170,89,81,9,1,8
S01007261,Whole house or bungalow: Semi-detached,96,79,54,25,17,14,3
S01007261,Whole house or bungalow: Terraced (including end-terrace),49,31,20,11,18,15,3
S01007261,Flat maisonette or apartment or mobile/temporary accommodation,32,5,1,4,27,26,1
S01007262,All households,301,197,86,111,104,83,21
S01007262,Whole house or bungalow: Total,252,189,83,106,63,48,15
S01007262,Whole house or bungalow: Detached,10,7,2,5,3,1,2
S01007262,Whole house or bungalow: Semi-detached,119,88,35,53,31,22,9
S01007262,Whole house or bungalow: Terraced (including end-terrace),123,94,46,48,29,25,4
S01007262,Flat maisonette or apartment or mobile/temporary accommodation,49,8,3,5,41,35,6
S01007263,All households,366,245,131,114,121,100,21
S01007263,Whole house or bungalow: Total,323,240,130,110,83,65,18
S01007263,Whole house or bungalow: Detached,51,39,29,10,12,7,5
S01007263,Whole house or bungalow: Semi-detached,106,88,51,37,18,15,3
S01007263,Whole house or bungalow: Terraced (including end-terrace),166,113,50,63,53,43,10
S01007263,Flat maisonette or apartment or mobile/temporary accommodation,43,5,1,4,38,35,3
S01007264,All households,339,235,122,113,104,91,13
S01007264,Whole house or bungalow: Total,283,232,122,110,51,41,10
S01007264,Whole house or bungalow: Detached,79,77,46,31,2,1,1
S01007264,Whole house or bungalow: Semi-detached,114,92,45,47,22,19,3
S01007264,Whole house or bungalow: Terraced (including end-terrace),90,63,31,32,27,21,6
S01007264,Flat maisonette or apartment or mobile/temporary accommodation,56,3,0,3,53,50,3
S01007265,All households,472,255,97,158,217,182,35
S01007265,Whole house or bungalow: Total,268,194,77,117,74,53,21
S01007265,Whole house or bungalow: Detached,61,47,14,33,14,9,5
S01007265,Whole house or bungalow: Semi-detached,77,47,20,27,30,23,7
S01007265,Whole house or bungalow: Terraced (including end-terrace),130,100,43,57,30,21,9
S01007265,Flat maisonette or apartment or mobile/temporary accommodation,204,61,20,41,143,129,14
S01007266,All households,305,186,96,90,119,68,51
S01007266,Whole house or bungalow: Total,255,167,88,79,88,54,34
S01007266,Whole house or bungalow: Detached,83,65,39,26,18,3,15
S01007266,Whole house or bungalow: Semi-detached,82,44,24,20,38,25,13
S01007266,Whole house or bungalow: Terraced (including end-terrace),90,58,25,33,32,26,6
S01007266,Flat maisonette or apartment or mobile/temporary accommodation,50,19,8,11,31,14,17
S01007267,All households,222,116,74,42,106,14,92
S01007267,Whole house or bungalow: Total,219,115,73,42,104,14,90
S01007267,Whole house or bungalow: Detached,168,92,63,29,76,0,76
S01007267,Whole house or bungalow: Semi-detached,40,15,9,6,25,13,12
S01007267,Whole house or bungalow: Terraced (including end-terrace),11,8,1,7,3,1,2
S01007267,Flat maisonette or apartment or mobile/temporary accommodation,3,1,1,0,2,0,2
S01007268,All households,249,145,95,50,104,6,98
S01007268,Whole house or bungalow: Total,242,140,92,48,102,4,98
S01007268,Whole house or bungalow: Detached,173,106,76,30,67,2,65
S01007268,Whole house or bungalow: Semi-detached,55,30,14,16,25,2,23
S01007268,Whole house or bungalow: Terraced (including end-terrace),14,4,2,2,10,0,10
S01007268,Flat maisonette or apartment or mobile/temporary accommodation,7,5,3,2,2,2,0
S01007269,All households,224,180,101,79,44,24,20
S01007269,Whole house or bungalow: Total,219,179,100,79,40,21,19
S01007269,Whole house or bungalow: Detached,144,127,76,51,17,2,15
S01007269,Whole house or bungalow: Semi-detached,62,46,22,24,16,13,3
S01007269,Whole house or bungalow: Terraced (including end-terrace),13,6,2,4,7,6,1
S01007269,Flat maisonette or apartment or mobile/temporary accommodation,5,1,1,0,4,3,1
S01007270,All households,205,110,63,47,95,15,80
S01007270,Whole house or bungalow: Total,203,110,63,47,93,14,79
S01007270,Whole house or bungalow: Detached,123,60,40,20,63,4,59
S01007270,Whole house or bungalow: Semi-detached,60,38,16,22,22,7,15
S01007270,Whole house or bungalow: Terraced (including end-terrace),20,12,7,5,8,3,5
S01007270,Flat maisonette or apartment or mobile/temporary accommodation,2,0,0,0,2,1,1
S01007271,All households,448,333,176,157,115,54,61
S01007271,Whole house or bungalow: Total,373,315,169,146,58,14,44
S01007271,Whole house or bungalow: Detached,122,110,63,47,12,0,12
S01007271,Whole house or bungalow: Semi-detached,127,109,64,45,18,4,14
S01007271,Whole house or bungalow: Terraced (including end-terrace),124,96,42,54,28,10,18
S01007271,Flat maisonette or apartment or mobile/temporary accommodation,75,18,7,11,57,40,17
S01007272,All households,417,164,77,87,253,229,24
S01007272,Whole house or bungalow: Total,180,124,67,57,56,45,11
S01007272,Whole house or bungalow: Detached,21,18,7,11,3,3,0
S01007272,Whole house or bungalow: Semi-detached,85,57,34,23,28,22,6
S01007272,Whole house or bungalow: Terraced (including end-terrace),74,49,26,23,25,20,5
S01007272,Flat maisonette or apartment or mobile/temporary accommodation,237,40,10,30,197,184,13
S01007273,All households,296,201,110,91,95,62,33
S01007273,Whole house or bungalow: Total,217,185,105,80,32,21,11
S01007273,Whole house or bungalow: Detached,92,87,56,31,5,0,5
S01007273,Whole house or bungalow: Semi-detached,102,83,45,38,19,15,4
S01007273,Whole house or bungalow: Terraced (including end-terrace),23,15,4,11,8,6,2
S01007273,Flat maisonette or apartment or mobile/temporary accommodation,79,16,5,11,63,41,22
S01007274,All households,456,210,104,106,246,146,100
S01007274,Whole house or bungalow: Total,251,171,86,85,80,46,34
S01007274,Whole house or bungalow: Detached,74,66,36,30,8,6,2
S01007274,Whole house or bungalow: Semi-detached,79,47,25,22,32,17,15
S01007274,Whole house or bungalow: Terraced (including end-terrace),98,58,25,33,40,23,17
S01007274,Flat maisonette or apartment or mobile/temporary accommodation,205,39,18,21,166,100,66
S01007275,All households,243,188,110,78,55,41,14
S01007275,Whole house or bungalow: Total,200,172,102,70,28,18,10
S01007275,Whole house or bungalow: Detached,98,91,59,32,7,0,7
S01007275,Whole house or bungalow: Semi-detached,56,48,25,23,8,6,2
S01007275,Whole house or bungalow: Terraced (including end-terrace),46,33,18,15,13,12,1
S01007275,Flat maisonette or apartment or mobile/temporary accommodation,43,16,8,8,27,23,4
S01007276,All households,369,264,128,136,105,75,30
S01007276,Whole house or bungalow: Total,299,251,121,130,48,31,17
S01007276,Whole house or bungalow: Detached,156,147,77,70,9,1,8
S01007276,Whole house or bungalow: Semi-detached,74,60,23,37,14,9,5
S01007276,Whole house or bungalow: Terraced (including end-terrace),69,44,21,23,25,21,4
S01007276,Flat maisonette or apartment or mobile/temporary accommodation,70,13,7,6,57,44,13
S01007277,All households,327,283,161,122,44,25,19
S01007277,Whole house or bungalow: Total,323,281,160,121,42,24,18
S01007277,Whole house or bungalow: Detached,222,207,125,82,15,1,14
S01007277,Whole house or bungalow: Semi-detached,91,68,34,34,23,20,3
S01007277,Whole house or bungalow: Terraced (including end-terrace),10,6,1,5,4,3,1
S01007277,Flat maisonette or apartment or mobile/temporary accommodation,4,2,1,1,2,1,1
S01007278,All households,227,213,111,102,14,3,11
S01007278,Whole house or bungalow: Total,224,213,111,102,11,1,10
S01007278,Whole house or bungalow: Detached,169,163,79,84,6,0,6
S01007278,Whole house or bungalow: Semi-detached,53,49,32,17,4,0,4
S01007278,Whole house or bungalow: Terraced (including end-terrace),2,1,0,1,1,1,0
S01007278,Flat maisonette or apartment or mobile/temporary accommodation,3,0,0,0,3,2,1
S01007279,All households,240,158,109,49,82,8,74
S01007279,Whole house or bungalow: Total,233,157,109,48,76,3,73
S01007279,Whole house or bungalow: Detached,211,148,102,46,63,0,63
S01007279,Whole house or bungalow: Semi-detached,20,8,6,2,12,2,10
S01007279,Whole house or bungalow: Terraced (including end-terrace),2,1,1,0,1,1,0
S01007279,Flat maisonette or apartment or mobile/temporary accommodation,7,1,0,1,6,5,1
S01007280,All households,237,109,62,47,128,12,116
S01007280,Whole house or bungalow: Total,233,109,62,47,124,9,115
S01007280,Whole house or bungalow: Detached,171,81,49,32,90,1,89
S01007280,Whole house or bungalow: Semi-detached,55,27,12,15,28,5,23
S01007280,Whole house or bungalow: Terraced (including end-terrace),7,1,1,0,6,3,3
S01007280,Flat maisonette or apartment or mobile/temporary accommodation,4,0,0,0,4,3,1
S01007281,All households,361,248,133,115,113,13,100
S01007281,Whole house or bungalow: Total,342,241,129,112,101,7,94
S01007281,Whole house or bungalow: Detached,219,160,92,68,59,1,58
S01007281,Whole house or bungalow: Semi-detached,110,69,29,40,41,6,35
S01007281,Whole house or bungalow: Terraced (including end-terrace),13,12,8,4,1,0,1
S01007281,Flat maisonette or apartment or mobile/temporary accommodation,19,7,4,3,12,6,6
S01007282,All households,228,96,44,52,132,18,114
S01007282,Whole house or bungalow: Total,220,94,42,52,126,14,112
S01007282,Whole house or bungalow: Detached,175,75,33,42,100,1,99
S01007282,Whole house or bungalow: Semi-detached,37,13,5,8,24,12,12
S01007282,Whole house or bungalow: Terraced (including end-terrace),8,6,4,2,2,1,1
S01007282,Flat maisonette or apartment or mobile/temporary accommodation,8,2,2,0,6,4,2
S01007283,All households,482,324,198,126,158,92,66
S01007283,Whole house or bungalow: Total,435,313,192,121,122,66,56
S01007283,Whole house or bungalow: Detached,223,185,121,64,38,8,30
S01007283,Whole house or bungalow: Semi-detached,120,71,33,38,49,30,19
S01007283,Whole house or bungalow: Terraced (including end-terrace),92,57,38,19,35,28,7
S01007283,Flat maisonette or apartment or mobile/temporary accommodation,47,11,6,5,36,26,10
S01007284,All households,403,284,207,77,119,58,61
S01007284,Whole house or bungalow: Total,391,281,205,76,110,53,57
S01007284,Whole house or bungalow: Detached,292,246,182,64,46,4,42
S01007284,Whole house or bungalow: Semi-detached,87,30,19,11,57,46,11
S01007284,Whole house or bungalow: Terraced (including end-terrace),12,5,4,1,7,3,4
S01007284,Flat maisonette or apartment or mobile/temporary accommodation,12,3,2,1,9,5,4
S01007285,All households,358,259,171,88,99,40,59
S01007285,Whole house or bungalow: Total,339,252,165,87,87,38,49
S01007285,Whole house or bungalow: Detached,234,196,134,62,38,0,38
S01007285,Whole house or bungalow: Semi-detached,86,49,28,21,37,26,11
S01007285,Whole house or bungalow: Terraced (including end-terrace),19,7,3,4,12,12,0
S01007285,Flat maisonette or apartment or mobile/temporary accommodation,19,7,6,1,12,2,10
S01007286,All households,460,278,164,114,182,93,89
S01007286,Whole house or bungalow: Total,323,234,139,95,89,38,51
S01007286,Whole house or bungalow: Detached,171,142,91,51,29,8,21
S01007286,Whole house or bungalow: Semi-detached,100,54,25,29,46,27,19
S01007286,Whole house or bungalow: Terraced (including end-terrace),52,38,23,15,14,3,11
S01007286,Flat maisonette or apartment or mobile/temporary accommodation,137,44,25,19,93,55,38
S01007287,All households,281,182,127,55,99,42,57
S01007287,Whole house or bungalow: Total,246,170,118,52,76,28,48
S01007287,Whole house or bungalow: Detached,172,136,97,39,36,5,31
S01007287,Whole house or bungalow: Semi-detached,67,30,17,13,37,22,15
S01007287,Whole house or bungalow: Terraced (including end-terrace),7,4,4,0,3,1,2
S01007287,Flat maisonette or apartment or mobile/temporary accommodation,35,12,9,3,23,14,9
S01007288,All households,252,166,109,57,86,14,72
S01007288,Whole house or bungalow: Total,238,156,105,51,82,13,69
S01007288,Whole house or bungalow: Detached,194,135,94,41,59,0,59
S01007288,Whole house or bungalow: Semi-detached,24,13,6,7,11,4,7
S01007288,Whole house or bungalow: Terraced (including end-terrace),20,8,5,3,12,9,3
S01007288,Flat maisonette or apartment or mobile/temporary accommodation,14,10,4,6,4,1,3
S01007289,All households,323,284,162,122,39,10,29
S01007289,Whole house or bungalow: Total,281,256,148,108,25,3,22
S01007289,Whole house or bungalow: Detached,185,169,105,64,16,0,16
S01007289,Whole house or bungalow: Semi-detached,74,67,38,29,7,2,5
S01007289,Whole house or bungalow: Terraced (including end-terrace),22,20,5,15,2,1,1
S01007289,Flat maisonette or apartment or mobile/temporary accommodation,42,28,14,14,14,7,7
S01007290,All households,276,120,28,92,156,131,25
S01007290,Whole house or bungalow: Total,196,100,27,73,96,79,17
S01007290,Whole house or bungalow: Detached,54,41,7,34,13,7,6
S01007290,Whole house or bungalow: Semi-detached,135,57,19,38,78,69,9
S01007290,Whole house or bungalow: Terraced (including end-terrace),7,2,1,1,5,3,2
S01007290,Flat maisonette or apartment or mobile/temporary accommodation,80,20,1,19,60,52,8
S01007291,All households,329,175,75,100,154,108,46
S01007291,Whole house or bungalow: Total,184,129,60,69,55,27,28
S01007291,Whole house or bungalow: Detached,58,45,27,18,13,7,6
S01007291,Whole house or bungalow: Semi-detached,93,70,30,40,23,10,13
S01007291,Whole house or bungalow: Terraced (including end-terrace),33,14,3,11,19,10,9
S01007291,Flat maisonette or apartment or mobile/temporary accommodation,145,46,15,31,99,81,18
S01007292,All households,320,265,131,134,55,31,24
S01007292,Whole house or bungalow: Total,282,259,129,130,23,3,20
S01007292,Whole house or bungalow: Detached,98,89,51,38,9,0,9
S01007292,Whole house or bungalow: Semi-detached,175,163,73,90,12,1,11
S01007292,Whole house or bungalow: Terraced (including end-terrace),9,7,5,2,2,2,0
S01007292,Flat maisonette or apartment or mobile/temporary accommodation,38,6,2,4,32,28,4
S01007293,All households,310,150,49,101,160,140,20
S01007293,Whole house or bungalow: Total,120,92,39,53,28,22,6
S01007293,Whole house or bungalow: Detached,12,9,1,8,3,1,2
S01007293,Whole house or bungalow: Semi-detached,28,17,6,11,11,9,2
S01007293,Whole house or bungalow: Terraced (including end-terrace),80,66,32,34,14,12,2
S01007293,Flat maisonette or apartment or mobile/temporary accommodation,190,58,10,48,132,118,14
S01007294,All households,378,271,124,147,107,66,41
S01007294,Whole house or bungalow: Total,136,112,59,53,24,17,7
S01007294,Whole house or bungalow: Detached,79,74,39,35,5,1,4
S01007294,Whole house or bungalow: Semi-detached,48,29,17,12,19,16,3
S01007294,Whole house or bungalow: Terraced (including end-terrace),9,9,3,6,0,0,0
S01007294,Flat maisonette or apartment or mobile/temporary accommodation,242,159,65,94,83,49,34
S01007295,All households,307,67,24,43,240,200,40
S01007295,Whole house or bungalow: Total,56,22,8,14,34,29,5
S01007295,Whole house or bungalow: Detached,18,14,5,9,4,2,2
S01007295,Whole house or bungalow: Semi-detached,31,4,1,3,27,26,1
S01007295,Whole house or bungalow: Terraced (including end-terrace),7,4,2,2,3,1,2
S01007295,Flat maisonette or apartment or mobile/temporary accommodation,251,45,16,29,206,171,35
S01007296,All households,354,180,92,88,174,73,101
S01007296,Whole house or bungalow: Total,42,28,17,11,14,3,11
S01007296,Whole house or bungalow: Detached,25,19,13,6,6,0,6
S01007296,Whole house or bungalow: Semi-detached,11,5,2,3,6,2,4
S01007296,Whole house or bungalow: Terraced (including end-terrace),6,4,2,2,2,1,1
S01007296,Flat maisonette or apartment or mobile/temporary accommodation,312,152,75,77,160,70,90
S01007297,All households,444,307,165,142,137,25,112
S01007297,Whole house or bungalow: Total,192,175,100,75,17,5,12
S01007297,Whole house or bungalow: Detached,110,105,68,37,5,0,5
S01007297,Whole house or bungalow: Semi-detached,62,52,22,30,10,4,6
S01007297,Whole house or bungalow: Terraced (including end-terrace),20,18,10,8,2,1,1
S01007297,Flat maisonette or apartment or mobile/temporary accommodation,252,132,65,67,120,20,100
S01007298,All households,244,166,83,83,78,55,23
S01007298,Whole house or bungalow: Total,162,129,70,59,33,23,10
S01007298,Whole house or bungalow: Detached,62,57,35,22,5,0,5
S01007298,Whole house or bungalow: Semi-detached,46,35,19,16,11,9,2
S01007298,Whole house or bungalow: Terraced (including end-terrace),54,37,16,21,17,14,3
S01007298,Flat maisonette or apartment or mobile/temporary accommodation,82,37,13,24,45,32,13
S01007299,All households,387,218,100,118,169,85,84
S01007299,Whole house or bungalow: Total,176,134,79,55,42,24,18
S01007299,Whole house or bungalow: Detached,60,54,32,22,6,0,6
S01007299,Whole house or bungalow: Semi-detached,74,52,34,18,22,15,7
S01007299,Whole house or bungalow: Terraced (including end-terrace),42,28,13,15,14,9,5
S01007299,Flat maisonette or apartment or mobile/temporary accommodation,211,84,21,63,127,61,66
S01007300,All households,241,124,53,71,117,99,18
S01007300,Whole house or bungalow: Total,120,81,37,44,39,30,9
S01007300,Whole house or bungalow: Detached,14,11,7,4,3,0,3
S01007300,Whole house or bungalow: Semi-detached,42,22,8,14,20,17,3
S01007300,Whole house or bungalow: Terraced (including end-terrace),64,48,22,26,16,13,3
S01007300,Flat maisonette or apartment or mobile/temporary accommodation,121,43,16,27,78,69,9
S01007301,All households,311,236,152,84,75,18,57
S01007301,Whole house or bungalow: Total,294,235,151,84,59,13,46
S01007301,Whole house or bungalow: Detached,234,199,139,60,35,2,33
S01007301,Whole house or bungalow: Semi-detached,48,28,8,20,20,9,11
S01007301,Whole house or bungalow: Terraced (including end-terrace),12,8,4,4,4,2,2
S01007301,Flat maisonette or apartment or mobile/temporary accommodation,17,1,1,0,16,5,11
S01007302,All households,280,170,76,94,110,83,27
S01007302,Whole house or bungalow: Total,262,167,76,91,95,69,26
S01007302,Whole house or bungalow: Detached,16,10,4,6,6,4,2
S01007302,Whole house or bungalow: Semi-detached,159,100,47,53,59,40,19
S01007302,Whole house or bungalow: Terraced (including end-terrace),87,57,25,32,30,25,5
S01007302,Flat maisonette or apartment or mobile/temporary accommodation,18,3,0,3,15,14,1
S01007303,All households,366,276,166,110,90,34,56
S01007303,Whole house or bungalow: Total,326,270,162,108,56,18,38
S01007303,Whole house or bungalow: Detached,254,230,137,93,24,0,24
S01007303,Whole house or bungalow: Semi-detached,61,34,23,11,27,16,11
S01007303,Whole house or bungalow: Terraced (including end-terrace),11,6,2,4,5,2,3
S01007303,Flat maisonette or apartment or mobile/temporary accommodation,40,6,4,2,34,16,18
S01007304,All households,310,219,160,59,91,29,62
S01007304,Whole house or bungalow: Total,297,211,154,57,86,27,59
S01007304,Whole house or bungalow: Detached,200,152,108,44,48,4,44
S01007304,Whole house or bungalow: Semi-detached,70,42,31,11,28,17,11
S01007304,Whole house or bungalow: Terraced (including end-terrace),27,17,15,2,10,6,4
S01007304,Flat maisonette or apartment or mobile/temporary accommodation,13,8,6,2,5,2,3
S01007305,All households,305,229,137,92,76,39,37
S01007305,Whole house or bungalow: Total,295,221,130,91,74,39,35
S01007305,Whole house or bungalow: Detached,199,173,110,63,26,2,24
S01007305,Whole house or bungalow: Semi-detached,63,28,13,15,35,24,11
S01007305,Whole house or bungalow: Terraced (including end-terrace),33,20,7,13,13,13,0
S01007305,Flat maisonette or apartment or mobile/temporary accommodation,10,8,7,1,2,0,2
S01007306,All households,342,231,129,102,111,69,42
S01007306,Whole house or bungalow: Total,319,222,123,99,97,62,35
S01007306,Whole house or bungalow: Detached,156,136,86,50,20,3,17
S01007306,Whole house or bungalow: Semi-detached,137,72,30,42,65,52,13
S01007306,Whole house or bungalow: Terraced (including end-terrace),26,14,7,7,12,7,5
S01007306,Flat maisonette or apartment or mobile/temporary accommodation,23,9,6,3,14,7,7
S01007307,All households,337,255,152,103,82,6,76
S01007307,Whole house or bungalow: Total,313,245,147,98,68,6,62
S01007307,Whole house or bungalow: Detached,265,208,127,81,57,1,56
S01007307,Whole house or bungalow: Semi-detached,42,32,17,15,10,5,5
S01007307,Whole house or bungalow: Terraced (including end-terrace),6,5,3,2,1,0,1
S01007307,Flat maisonette or apartment or mobile/temporary accommodation,24,10,5,5,14,0,14
S01007308,All households,339,250,173,77,89,28,61
S01007308,Whole house or bungalow: Total,326,243,168,75,83,25,58
S01007308,Whole house or bungalow: Detached,187,146,109,37,41,1,40
S01007308,Whole house or bungalow: Semi-detached,115,83,50,33,32,15,17
S01007308,Whole house or bungalow: Terraced (including end-terrace),24,14,9,5,10,9,1
S01007308,Flat maisonette or apartment or mobile/temporary accommodation,13,7,5,2,6,3,3
S01007309,All households,277,197,121,76,80,30,50
S01007309,Whole house or bungalow: Total,265,194,120,74,71,24,47
S01007309,Whole house or bungalow: Detached,184,144,96,48,40,5,35
S01007309,Whole house or bungalow: Semi-detached,61,39,20,19,22,12,10
S01007309,Whole house or bungalow: Terraced (including end-terrace),20,11,4,7,9,7,2
S01007309,Flat maisonette or apartment or mobile/temporary accommodation,12,3,1,2,9,6,3
S01007310,All households,380,275,203,72,105,34,71
S01007310,Whole house or bungalow: Total,366,272,202,70,94,27,67
S01007310,Whole house or bungalow: Detached,189,157,118,39,32,1,31
S01007310,Whole house or bungalow: Semi-detached,89,54,37,17,35,20,15
S01007310,Whole house or bungalow: Terraced (including end-terrace),88,61,47,14,27,6,21
S01007310,Flat maisonette or apartment or mobile/temporary accommodation,14,3,1,2,11,7,4
S01007311,All households,343,178,88,90,165,84,81
S01007311,Whole house or bungalow: Total,268,149,74,75,119,56,63
S01007311,Whole house or bungalow: Detached,100,61,34,27,39,1,38
S01007311,Whole house or bungalow: Semi-detached,112,56,21,35,56,38,18
S01007311,Whole house or bungalow: Terraced (including end-terrace),56,32,19,13,24,17,7
S01007311,Flat maisonette or apartment or mobile/temporary accommodation,75,29,14,15,46,28,18
S01007312,All households,355,269,177,92,86,36,50
S01007312,Whole house or bungalow: Total,329,262,175,87,67,23,44
S01007312,Whole house or bungalow: Detached,189,169,123,46,20,0,20
S01007312,Whole house or bungalow: Semi-detached,95,73,42,31,22,14,8
S01007312,Whole house or bungalow: Terraced (including end-terrace),45,20,10,10,25,9,16
S01007312,Flat maisonette or apartment or mobile/temporary accommodation,26,7,2,5,19,13,6
S01007313,All households,436,344,222,122,92,22,70
S01007313,Whole house or bungalow: Total,397,318,211,107,79,18,61
S01007313,Whole house or bungalow: Detached,281,238,167,71,43,2,41
S01007313,Whole house or bungalow: Semi-detached,76,54,24,30,22,8,14
S01007313,Whole house or bungalow: Terraced (including end-terrace),40,26,20,6,14,8,6
S01007313,Flat maisonette or apartment or mobile/temporary accommodation,39,26,11,15,13,4,9
S01007314,All households,292,225,105,120,67,30,37
S01007314,Whole house or bungalow: Total,285,224,105,119,61,26,35
S01007314,Whole house or bungalow: Detached,112,104,48,56,8,0,8
S01007314,Whole house or bungalow: Semi-detached,125,90,40,50,35,15,20
S01007314,Whole house or bungalow: Terraced (including end-terrace),48,30,17,13,18,11,7
S01007314,Flat maisonette or apartment or mobile/temporary accommodation,7,1,0,1,6,4,2
S01007315,All households,434,326,144,182,108,67,41
S01007315,Whole house or bungalow: Total,382,298,135,163,84,58,26
S01007315,Whole house or bungalow: Detached,144,134,70,64,10,3,7
S01007315,Whole house or bungalow: Semi-detached,158,114,35,79,44,30,14
S01007315,Whole house or bungalow: Terraced (including end-terrace),80,50,30,20,30,25,5
S01007315,Flat maisonette or apartment or mobile/temporary accommodation,52,28,9,19,24,9,15
S01007316,All households,449,238,128,110,211,165,46
S01007316,Whole house or bungalow: Total,272,170,101,69,102,81,21
S01007316,Whole house or bungalow: Detached,91,77,54,23,14,8,6
S01007316,Whole house or bungalow: Semi-detached,93,45,23,22,48,45,3
S01007316,Whole house or bungalow: Terraced (including end-terrace),88,48,24,24,40,28,12
S01007316,Flat maisonette or apartment or mobile/temporary accommodation,177,68,27,41,109,84,25
S01007317,All households,266,172,77,95,94,60,34
S01007317,Whole house or bungalow: Total,232,161,71,90,71,47,24
S01007317,Whole house or bungalow: Detached,74,65,36,29,9,1,8
S01007317,Whole house or bungalow: Semi-detached,73,54,18,36,19,11,8
S01007317,Whole house or bungalow: Terraced (including end-terrace),85,42,17,25,43,35,8
S01007317,Flat maisonette or apartment or mobile/temporary accommodation,34,11,6,5,23,13,10
S01007318,All households,274,158,63,95,116,94,22
S01007318,Whole house or bungalow: Total,226,141,57,84,85,72,13
S01007318,Whole house or bungalow: Detached,47,40,23,17,7,0,7
S01007318,Whole house or bungalow: Semi-detached,127,77,27,50,50,46,4
S01007318,Whole house or bungalow: Terraced (including end-terrace),52,24,7,17,28,26,2
S01007318,Flat maisonette or apartment or mobile/temporary accommodation,48,17,6,11,31,22,9
S01007319,All households,369,236,140,96,133,87,46
S01007319,Whole house or bungalow: Total,219,174,105,69,45,25,20
S01007319,Whole house or bungalow: Detached,107,98,65,33,9,1,8
S01007319,Whole house or bungalow: Semi-detached,63,45,21,24,18,13,5
S01007319,Whole house or bungalow: Terraced (including end-terrace),49,31,19,12,18,11,7
S01007319,Flat maisonette or apartment or mobile/temporary accommodation,150,62,35,27,88,62,26
S01007320,All households,353,254,174,80,99,16,83
S01007320,Whole house or bungalow: Total,348,251,173,78,97,15,82
S01007320,Whole house or bungalow: Detached,259,190,139,51,69,5,64
S01007320,Whole house or bungalow: Semi-detached,77,51,29,22,26,9,17
S01007320,Whole house or bungalow: Terraced (including end-terrace),12,10,5,5,2,1,1
S01007320,Flat maisonette or apartment or mobile/temporary accommodation,5,3,1,2,2,1,1
S01007321,All households,271,200,131,69,71,16,55
S01007321,Whole house or bungalow: Total,257,191,127,64,66,14,52
S01007321,Whole house or bungalow: Detached,185,149,98,51,36,2,34
S01007321,Whole house or bungalow: Semi-detached,58,33,22,11,25,10,15
S01007321,Whole house or bungalow: Terraced (including end-terrace),14,9,7,2,5,2,3
S01007321,Flat maisonette or apartment or mobile/temporary accommodation,14,9,4,5,5,2,3
S01007322,All households,376,233,143,90,143,102,41
S01007322,Whole house or bungalow: Total,207,160,101,59,47,34,13
S01007322,Whole house or bungalow: Detached,93,86,61,25,7,4,3
S01007322,Whole house or bungalow: Semi-detached,84,58,29,29,26,20,6
S01007322,Whole house or bungalow: Terraced (including end-terrace),30,16,11,5,14,10,4
S01007322,Flat maisonette or apartment or mobile/temporary accommodation,169,73,42,31,96,68,28
S01007323,All households,227,164,93,71,63,39,24
S01007323,Whole house or bungalow: Total,136,109,65,44,27,15,12
S01007323,Whole house or bungalow: Detached,54,49,29,20,5,0,5
S01007323,Whole house or bungalow: Semi-detached,43,32,17,15,11,6,5
S01007323,Whole house or bungalow: Terraced (including end-terrace),39,28,19,9,11,9,2
S01007323,Flat maisonette or apartment or mobile/temporary accommodation,91,55,28,27,36,24,12
S01007324,All households,167,91,73,18,76,30,46
S01007324,Whole house or bungalow: Total,160,87,69,18,73,28,45
S01007324,Whole house or bungalow: Detached,101,65,50,15,36,7,29
S01007324,Whole house or bungalow: Semi-detached,56,21,18,3,35,19,16
S01007324,Whole house or bungalow: Terraced (including end-terrace),3,1,1,0,2,2,0
S01007324,Flat maisonette or apartment or mobile/temporary accommodation,7,4,4,0,3,2,1
S01007325,All households,393,256,188,68,137,61,76
S01007325,Whole house or bungalow: Total,381,251,183,68,130,57,73
S01007325,Whole house or bungalow: Detached,171,134,105,29,37,2,35
S01007325,Whole house or bungalow: Semi-detached,121,57,35,22,64,41,23
S01007325,Whole house or bungalow: Terraced (including end-terrace),89,60,43,17,29,14,15
S01007325,Flat maisonette or apartment or mobile/temporary accommodation,12,5,5,0,7,4,3
S01007326,All households,346,197,140,57,149,45,104
S01007326,Whole house or bungalow: Total,328,186,130,56,142,43,99
S01007326,Whole house or bungalow: Detached,184,111,84,27,73,7,66
S01007326,Whole house or bungalow: Semi-detached,108,62,39,23,46,23,23
S01007326,Whole house or bungalow: Terraced (including end-terrace),36,13,7,6,23,13,10
S01007326,Flat maisonette or apartment or mobile/temporary accommodation,18,11,10,1,7,2,5
S01007327,All households,350,194,113,81,156,110,46
S01007327,Whole house or bungalow: Total,304,185,108,77,119,80,39
S01007327,Whole house or bungalow: Detached,68,50,38,12,18,5,13
S01007327,Whole house or bungalow: Semi-detached,138,76,41,35,62,44,18
S01007327,Whole house or bungalow: Terraced (including end-terrace),98,59,29,30,39,31,8
S01007327,Flat maisonette or apartment or mobile/temporary accommodation,46,9,5,4,37,30,7
S01007328,All households,390,203,109,94,187,148,39
S01007328,Whole house or bungalow: Total,336,196,104,92,140,116,24
S01007328,Whole house or bungalow: Detached,54,40,26,14,14,5,9
S01007328,Whole house or bungalow: Semi-detached,111,66,28,38,45,39,6
S01007328,Whole house or bungalow: Terraced (including end-terrace),171,90,50,40,81,72,9
S01007328,Flat maisonette or apartment or mobile/temporary accommodation,54,7,5,2,47,32,15
S01007329,All households,314,180,129,51,134,58,76
S01007329,Whole house or bungalow: Total,307,179,129,50,128,54,74
S01007329,Whole house or bungalow: Detached,185,125,95,30,60,8,52
S01007329,Whole house or bungalow: Semi-detached,98,42,28,14,56,36,20
S01007329,Whole house or bungalow: Terraced (including end-terrace),24,12,6,6,12,10,2
S01007329,Flat maisonette or apartment or mobile/temporary accommodation,7,1,0,1,6,4,2
S01007330,All households,375,277,207,70,98,53,45
S01007330,Whole house or bungalow: Total,363,271,204,67,92,51,41
S01007330,Whole house or bungalow: Detached,233,202,158,44,31,3,28
S01007330,Whole house or bungalow: Semi-detached,90,49,32,17,41,32,9
S01007330,Whole house or bungalow: Terraced (including end-terrace),40,20,14,6,20,16,4
S01007330,Flat maisonette or apartment or mobile/temporary accommodation,12,6,3,3,6,2,4
S01007331,All households,419,282,160,122,137,86,51
S01007331,Whole house or bungalow: Total,408,277,157,120,131,84,47
S01007331,Whole house or bungalow: Detached,154,132,89,43,22,4,18
S01007331,Whole house or bungalow: Semi-detached,141,76,37,39,65,52,13
S01007331,Whole house or bungalow: Terraced (including end-terrace),113,69,31,38,44,28,16
S01007331,Flat maisonette or apartment or mobile/temporary accommodation,11,5,3,2,6,2,4
S01007332,All households,219,178,126,52,41,18,23
S01007332,Whole house or bungalow: Total,209,172,120,52,37,17,20
S01007332,Whole house or bungalow: Detached,149,134,94,40,15,1,14
S01007332,Whole house or bungalow: Semi-detached,49,33,23,10,16,11,5
S01007332,Whole house or bungalow: Terraced (including end-terrace),11,5,3,2,6,5,1
S01007332,Flat maisonette or apartment or mobile/temporary accommodation,10,6,6,0,4,1,3
S01007333,All households,367,269,156,113,98,64,34
S01007333,Whole house or bungalow: Total,234,203,119,84,31,13,18
S01007333,Whole house or bungalow: Detached,161,152,96,56,9,0,9
S01007333,Whole house or bungalow: Semi-detached,30,22,11,11,8,7,1
S01007333,Whole house or bungalow: Terraced (including end-terrace),43,29,12,17,14,6,8
S01007333,Flat maisonette or apartment or mobile/temporary accommodation,133,66,37,29,67,51,16
S01007334,All households,391,101,56,45,290,250,40
S01007334,Whole house or bungalow: Total,150,51,30,21,99,88,11
S01007334,Whole house or bungalow: Detached,18,7,5,2,11,8,3
S01007334,Whole house or bungalow: Semi-detached,53,23,13,10,30,28,2
S01007334,Whole house or bungalow: Terraced (including end-terrace),79,21,12,9,58,52,6
S01007334,Flat maisonette or apartment or mobile/temporary accommodation,241,50,26,24,191,162,29
S01007335,All households,412,199,104,95,213,186,27
S01007335,Whole house or bungalow: Total,261,171,92,79,90,75,15
S01007335,Whole house or bungalow: Detached,16,14,7,7,2,2,0
S01007335,Whole house or bungalow: Semi-detached,146,96,53,43,50,40,10
S01007335,Whole house or bungalow: Terraced (including end-terrace),99,61,32,29,38,33,5
S01007335,Flat maisonette or apartment or mobile/temporary accommodation,151,28,12,16,123,111,12
S01007336,All households,302,114,58,56,188,67,121
S01007336,Whole house or bungalow: Total,41,21,8,13,20,13,7
S01007336,Whole house or bungalow: Detached,16,11,4,7,5,1,4
S01007336,Whole house or bungalow: Semi-detached,9,3,2,1,6,4,2
S01007336,Whole house or bungalow: Terraced (including end-terrace),16,7,2,5,9,8,1
S01007336,Flat maisonette or apartment or mobile/temporary accommodation,261,93,50,43,168,54,114
S01007337,All households,380,195,115,80,185,144,41
S01007337,Whole house or bungalow: Total,159,109,71,38,50,39,11
S01007337,Whole house or bungalow: Detached,33,29,18,11,4,4,0
S01007337,Whole house or bungalow: Semi-detached,48,35,19,16,13,7,6
S01007337,Whole house or bungalow: Terraced (including end-terrace),78,45,34,11,33,28,5
S01007337,Flat maisonette or apartment or mobile/temporary accommodation,221,86,44,42,135,105,30
S01007338,All households,302,207,119,88,95,88,7
S01007338,Whole house or bungalow: Total,293,202,118,84,91,85,6
S01007338,Whole house or bungalow: Detached,29,27,21,6,2,1,1
S01007338,Whole house or bungalow: Semi-detached,184,119,64,55,65,62,3
S01007338,Whole house or bungalow: Terraced (including end-terrace),80,56,33,23,24,22,2
S01007338,Flat maisonette or apartment or mobile/temporary accommodation,9,5,1,4,4,3,1
S01007339,All households,302,220,148,72,82,56,26
S01007339,Whole house or bungalow: Total,195,170,111,59,25,17,8
S01007339,Whole house or bungalow: Detached,125,118,88,30,7,1,6
S01007339,Whole house or bungalow: Semi-detached,56,44,18,26,12,10,2
S01007339,Whole house or bungalow: Terraced (including end-terrace),14,8,5,3,6,6,0
S01007339,Flat maisonette or apartment or mobile/temporary accommodation,107,50,37,13,57,39,18
S01007340,All households,273,152,108,44,121,82,39
S01007340,Whole house or bungalow: Total,95,70,47,23,25,13,12
S01007340,Whole house or bungalow: Detached,30,28,20,8,2,0,2
S01007340,Whole house or bungalow: Semi-detached,28,15,8,7,13,6,7
S01007340,Whole house or bungalow: Terraced (including end-terrace),37,27,19,8,10,7,3
S01007340,Flat maisonette or apartment or mobile/temporary accommodation,178,82,61,21,96,69,27
S01007341,All households,394,303,211,92,91,39,52
S01007341,Whole house or bungalow: Total,150,129,90,39,21,7,14
S01007341,Whole house or bungalow: Detached,81,75,52,23,6,0,6
S01007341,Whole house or bungalow: Semi-detached,54,44,33,11,10,4,6
S01007341,Whole house or bungalow: Terraced (including end-terrace),15,10,5,5,5,3,2
S01007341,Flat maisonette or apartment or mobile/temporary accommodation,244,174,121,53,70,32,38
S01007342,All households,359,317,216,101,42,5,37
S01007342,Whole house or bungalow: Total,227,206,143,63,21,2,19
S01007342,Whole house or bungalow: Detached,125,114,83,31,11,0,11
S01007342,Whole house or bungalow: Semi-detached,86,80,51,29,6,0,6
S01007342,Whole house or bungalow: Terraced (including end-terrace),16,12,9,3,4,2,2
S01007342,Flat maisonette or apartment or mobile/temporary accommodation,132,111,73,38,21,3,18
S01007343,All households,302,167,116,51,135,18,117
S01007343,Whole house or bungalow: Total,256,130,88,42,126,15,111
S01007343,Whole house or bungalow: Detached,177,90,62,28,87,3,84
S01007343,Whole house or bungalow: Semi-detached,69,36,23,13,33,9,24
S01007343,Whole house or bungalow: Terraced (including end-terrace),10,4,3,1,6,3,3
S01007343,Flat maisonette or apartment or mobile/temporary accommodation,46,37,28,9,9,3,6
S01007344,All households,242,173,108,65,69,31,38
S01007344,Whole house or bungalow: Total,60,50,25,25,10,3,7
S01007344,Whole house or bungalow: Detached,20,15,9,6,5,0,5
S01007344,Whole house or bungalow: Semi-detached,20,17,8,9,3,1,2
S01007344,Whole house or bungalow: Terraced (including end-terrace),20,18,8,10,2,2,0
S01007344,Flat maisonette or apartment or mobile/temporary accommodation,182,123,83,40,59,28,31
S01007345,All households,315,95,49,46,220,201,19
S01007345,Whole house or bungalow: Total,86,47,21,26,39,35,4
S01007345,Whole house or bungalow: Detached,12,12,8,4,0,0,0
S01007345,Whole house or bungalow: Semi-detached,52,26,8,18,26,24,2
S01007345,Whole house or bungalow: Terraced (including end-terrace),22,9,5,4,13,11,2
S01007345,Flat maisonette or apartment or mobile/temporary accommodation,229,48,28,20,181,166,15
S01007346,All households,351,104,65,39,247,184,63
S01007346,Whole house or bungalow: Total,64,36,22,14,28,23,5
S01007346,Whole house or bungalow: Detached,10,5,5,0,5,4,1
S01007346,Whole house or bungalow: Semi-detached,22,13,6,7,9,9,0
S01007346,Whole house or bungalow: Terraced (including end-terrace),32,18,11,7,14,10,4
S01007346,Flat maisonette or apartment or mobile/temporary accommodation,287,68,43,25,219,161,58
S01007347,All households,351,160,98,62,191,162,29
S01007347,Whole house or bungalow: Total,189,95,57,38,94,84,10
S01007347,Whole house or bungalow: Detached,14,10,4,6,4,3,1
S01007347,Whole house or bungalow: Semi-detached,74,41,27,14,33,29,4
S01007347,Whole house or bungalow: Terraced (including end-terrace),101,44,26,18,57,52,5
S01007347,Flat maisonette or apartment or mobile/temporary accommodation,162,65,41,24,97,78,19
S01007348,All households,280,118,56,62,162,139,23
S01007348,Whole house or bungalow: Total,170,101,44,57,69,60,9
S01007348,Whole house or bungalow: Detached,20,12,4,8,8,3,5
S01007348,Whole house or bungalow: Semi-detached,100,53,22,31,47,43,4
S01007348,Whole house or bungalow: Terraced (including end-terrace),50,36,18,18,14,14,0
S01007348,Flat maisonette or apartment or mobile/temporary accommodation,110,17,12,5,93,79,14
S01007349,All households,189,95,59,36,94,74,20
S01007349,Whole house or bungalow: Total,105,66,39,27,39,27,12
S01007349,Whole house or bungalow: Detached,29,21,13,8,8,4,4
S01007349,Whole house or bungalow: Semi-detached,52,36,21,15,16,12,4
S01007349,Whole house or bungalow: Terraced (including end-terrace),24,9,5,4,15,11,4
S01007349,Flat maisonette or apartment or mobile/temporary accommodation,84,29,20,9,55,47,8
S01007350,All households,331,167,112,55,164,72,92
S01007350,Whole house or bungalow: Total,57,43,26,17,14,7,7
S01007350,Whole house or bungalow: Detached,18,13,8,5,5,0,5
S01007350,Whole house or bungalow: Semi-detached,23,15,8,7,8,7,1
S01007350,Whole house or bungalow: Terraced (including end-terrace),16,15,10,5,1,0,1
S01007350,Flat maisonette or apartment or mobile/temporary accommodation,274,124,86,38,150,65,85
S01007351,All households,355,265,201,64,90,42,48
S01007351,Whole house or bungalow: Total,265,196,148,48,69,42,27
S01007351,Whole house or bungalow: Detached,166,144,113,31,22,1,21
S01007351,Whole house or bungalow: Semi-detached,74,38,27,11,36,32,4
S01007351,Whole house or bungalow: Terraced (including end-terrace),25,14,8,6,11,9,2
S01007351,Flat maisonette or apartment or mobile/temporary accommodation,90,69,53,16,21,0,21
S01007352,All households,230,152,112,40,78,13,65
S01007352,Whole house or bungalow: Total,210,147,108,39,63,12,51
S01007352,Whole house or bungalow: Detached,164,116,89,27,48,1,47
S01007352,Whole house or bungalow: Semi-detached,41,27,17,10,14,10,4
S01007352,Whole house or bungalow: Terraced (including end-terrace),5,4,2,2,1,1,0
S01007352,Flat maisonette or apartment or mobile/temporary accommodation,20,5,4,1,15,1,14
S01007353,All households,282,227,150,77,55,29,26
S01007353,Whole house or bungalow: Total,255,206,138,68,49,26,23
S01007353,Whole house or bungalow: Detached,165,153,113,40,12,1,11
S01007353,Whole house or bungalow: Semi-detached,59,39,22,17,20,12,8
S01007353,Whole house or bungalow: Terraced (including end-terrace),31,14,3,11,17,13,4
S01007353,Flat maisonette or apartment or mobile/temporary accommodation,27,21,12,9,6,3,3
S01007354,All households,403,310,185,125,93,38,55
S01007354,Whole house or bungalow: Total,222,186,119,67,36,10,26
S01007354,Whole house or bungalow: Detached,144,125,85,40,19,0,19
S01007354,Whole house or bungalow: Semi-detached,62,51,29,22,11,5,6
S01007354,Whole house or bungalow: Terraced (including end-terrace),16,10,5,5,6,5,1
S01007354,Flat maisonette or apartment or mobile/temporary accommodation,181,124,66,58,57,28,29
S01007355,All households,464,356,244,112,108,30,78
S01007355,Whole house or bungalow: Total,420,335,232,103,85,24,61
S01007355,Whole house or bungalow: Detached,298,254,187,67,44,8,36
S01007355,Whole house or bungalow: Semi-detached,88,62,36,26,26,13,13
S01007355,Whole house or bungalow: Terraced (including end-terrace),34,19,9,10,15,3,12
S01007355,Flat maisonette or apartment or mobile/temporary accommodation,44,21,12,9,23,6,17
S01007356,All households,350,263,168,95,87,48,39
S01007356,Whole house or bungalow: Total,301,232,143,89,69,42,27
S01007356,Whole house or bungalow: Detached,181,168,113,55,13,2,11
S01007356,Whole house or bungalow: Semi-detached,86,40,17,23,46,31,15
S01007356,Whole house or bungalow: Terraced (including end-terrace),34,24,13,11,10,9,1
S01007356,Flat maisonette or apartment or mobile/temporary accommodation,49,31,25,6,18,6,12
S01007357,All households,388,277,195,82,111,58,53
S01007357,Whole house or bungalow: Total,364,267,191,76,97,55,42
S01007357,Whole house or bungalow: Detached,211,190,148,42,21,2,19
S01007357,Whole house or bungalow: Semi-detached,123,66,37,29,57,37,20
S01007357,Whole house or bungalow: Terraced (including end-terrace),30,11,6,5,19,16,3
S01007357,Flat maisonette or apartment or mobile/temporary accommodation,24,10,4,6,14,3,11
S01007358,All households,368,289,129,160,79,39,40
S01007358,Whole house or bungalow: Total,322,265,120,145,57,26,31
S01007358,Whole house or bungalow: Detached,141,130,57,73,11,0,11
S01007358,Whole house or bungalow: Semi-detached,107,77,31,46,30,15,15
S01007358,Whole house or bungalow: Terraced (including end-terrace),74,58,32,26,16,11,5
S01007358,Flat maisonette or apartment or mobile/temporary accommodation,46,24,9,15,22,13,9
S01007359,All households,371,244,139,105,127,96,31
S01007359,Whole house or bungalow: Total,300,212,120,92,88,68,20
S01007359,Whole house or bungalow: Detached,83,70,42,28,13,2,11
S01007359,Whole house or bungalow: Semi-detached,129,69,42,27,60,54,6
S01007359,Whole house or bungalow: Terraced (including end-terrace),88,73,36,37,15,12,3
S01007359,Flat maisonette or apartment or mobile/temporary accommodation,71,32,19,13,39,28,11
S01007360,All households,236,194,124,70,42,19,23
S01007360,Whole house or bungalow: Total,182,164,108,56,18,6,12
S01007360,Whole house or bungalow: Detached,138,128,88,40,10,0,10
S01007360,Whole house or bungalow: Semi-detached,39,33,18,15,6,4,2
S01007360,Whole house or bungalow: Terraced (including end-terrace),5,3,2,1,2,2,0
S01007360,Flat maisonette or apartment or mobile/temporary accommodation,54,30,16,14,24,13,11
S01007361,All households,507,382,235,147,125,53,72
S01007361,Whole house or bungalow: Total,292,266,167,99,26,10,16
S01007361,Whole house or bungalow: Detached,182,170,113,57,12,1,11
S01007361,Whole house or bungalow: Semi-detached,86,78,46,32,8,4,4
S01007361,Whole house or bungalow: Terraced (including end-terrace),24,18,8,10,6,5,1
S01007361,Flat maisonette or apartment or mobile/temporary accommodation,215,116,68,48,99,43,56
S01007362,All households,316,247,135,112,69,24,45
S01007362,Whole house or bungalow: Total,151,126,65,61,25,14,11
S01007362,Whole house or bungalow: Detached,97,89,50,39,8,2,6
S01007362,Whole house or bungalow: Semi-detached,42,32,14,18,10,5,5
S01007362,Whole house or bungalow: Terraced (including end-terrace),12,5,1,4,7,7,0
S01007362,Flat maisonette or apartment or mobile/temporary accommodation,165,121,70,51,44,10,34
S01007363,All households,348,236,156,80,112,78,34
S01007363,Whole house or bungalow: Total,257,209,136,73,48,28,20
S01007363,Whole house or bungalow: Detached,150,138,94,44,12,3,9
S01007363,Whole house or bungalow: Semi-detached,74,50,35,15,24,17,7
S01007363,Whole house or bungalow: Terraced (including end-terrace),33,21,7,14,12,8,4
S01007363,Flat maisonette or apartment or mobile/temporary accommodation,91,27,20,7,64,50,14
S01007364,All households,409,176,80,96,233,204,29
S01007364,Whole house or bungalow: Total,275,134,58,76,141,123,18
S01007364,Whole house or bungalow: Detached,26,16,8,8,10,7,3
S01007364,Whole house or bungalow: Semi-detached,145,76,29,47,69,61,8
S01007364,Whole house or bungalow: Terraced (including end-terrace),104,42,21,21,62,55,7
S01007364,Flat maisonette or apartment or mobile/temporary accommodation,134,42,22,20,92,81,11
S01007365,All households,215,143,76,67,72,58,14
S01007365,Whole house or bungalow: Total,153,122,70,52,31,22,9
S01007365,Whole house or bungalow: Detached,85,78,51,27,7,1,6
S01007365,Whole house or bungalow: Semi-detached,47,38,16,22,9,8,1
S01007365,Whole house or bungalow: Terraced (including end-terrace),21,6,3,3,15,13,2
S01007365,Flat maisonette or apartment or mobile/temporary accommodation,62,21,6,15,41,36,5
S01007366,All households,276,97,55,42,179,139,40
S01007366,Whole house or bungalow: Total,146,71,42,29,75,53,22
S01007366,Whole house or bungalow: Detached,52,40,25,15,12,2,10
S01007366,Whole house or bungalow: Semi-detached,48,23,12,11,25,17,8
S01007366,Whole house or bungalow: Terraced (including end-terrace),46,8,5,3,38,34,4
S01007366,Flat maisonette or apartment or mobile/temporary accommodation,130,26,13,13,104,86,18
S01007367,All households,295,173,87,86,122,54,68
S01007367,Whole house or bungalow: Total,138,105,60,45,33,10,23
S01007367,Whole house or bungalow: Detached,67,54,32,22,13,0,13
S01007367,Whole house or bungalow: Semi-detached,41,28,17,11,13,8,5
S01007367,Whole house or bungalow: Terraced (including end-terrace),30,23,11,12,7,2,5
S01007367,Flat maisonette or apartment or mobile/temporary accommodation,157,68,27,41,89,44,45
S01007368,All households,233,99,43,56,134,117,17
S01007368,Whole house or bungalow: Total,206,82,34,48,124,111,13
S01007368,Whole house or bungalow: Detached,47,41,19,22,6,2,4
S01007368,Whole house or bungalow: Semi-detached,58,20,7,13,38,34,4
S01007368,Whole house or bungalow: Terraced (including end-terrace),101,21,8,13,80,75,5
S01007368,Flat maisonette or apartment or mobile/temporary accommodation,27,17,9,8,10,6,4
S01007369,All households,378,242,124,118,136,85,51
S01007369,Whole house or bungalow: Total,209,169,91,78,40,18,22
S01007369,Whole house or bungalow: Detached,100,85,46,39,15,0,15
S01007369,Whole house or bungalow: Semi-detached,78,67,38,29,11,7,4
S01007369,Whole house or bungalow: Terraced (including end-terrace),31,17,7,10,14,11,3
S01007369,Flat maisonette or apartment or mobile/temporary accommodation,169,73,33,40,96,67,29
S01007370,All households,389,239,116,123,150,58,92
S01007370,Whole house or bungalow: Total,151,115,66,49,36,11,25
S01007370,Whole house or bungalow: Detached,76,60,36,24,16,2,14
S01007370,Whole house or bungalow: Semi-detached,56,41,22,19,15,5,10
S01007370,Whole house or bungalow: Terraced (including end-terrace),19,14,8,6,5,4,1
S01007370,Flat maisonette or apartment or mobile/temporary accommodation,238,124,50,74,114,47,67
S01007371,All households,320,239,115,124,81,31,50
S01007371,Whole house or bungalow: Total,182,160,83,77,22,10,12
S01007371,Whole house or bungalow: Detached,127,122,62,60,5,0,5
S01007371,Whole house or bungalow: Semi-detached,38,28,15,13,10,4,6
S01007371,Whole house or bungalow: Terraced (including end-terrace),17,10,6,4,7,6,1
S01007371,Flat maisonette or apartment or mobile/temporary accommodation,138,79,32,47,59,21,38
S01007372,All households,374,310,182,128,64,18,46
S01007372,Whole house or bungalow: Total,276,241,152,89,35,5,30
S01007372,Whole house or bungalow: Detached,164,144,94,50,20,0,20
S01007372,Whole house or bungalow: Semi-detached,92,82,52,30,10,1,9
S01007372,Whole house or bungalow: Terraced (including end-terrace),20,15,6,9,5,4,1
S01007372,Flat maisonette or apartment or mobile/temporary accommodation,98,69,30,39,29,13,16
S01007373,All households,283,249,155,94,34,5,29
S01007373,Whole house or bungalow: Total,215,197,112,85,18,3,15
S01007373,Whole house or bungalow: Detached,189,178,101,77,11,0,11
S01007373,Whole house or bungalow: Semi-detached,15,11,4,7,4,2,2
S01007373,Whole house or bungalow: Terraced (including end-terrace),11,8,7,1,3,1,2
S01007373,Flat maisonette or apartment or mobile/temporary accommodation,68,52,43,9,16,2,14
S01007374,All households,217,172,70,102,45,32,13
S01007374,Whole house or bungalow: Total,161,133,57,76,28,19,9
S01007374,Whole house or bungalow: Detached,79,74,39,35,5,1,4
S01007374,Whole house or bungalow: Semi-detached,50,38,12,26,12,9,3
S01007374,Whole house or bungalow: Terraced (including end-terrace),32,21,6,15,11,9,2
S01007374,Flat maisonette or apartment or mobile/temporary accommodation,56,39,13,26,17,13,4
S01007375,All households,216,187,109,78,29,4,25
S01007375,Whole house or bungalow: Total,164,147,88,59,17,2,15
S01007375,Whole house or bungalow: Detached,123,115,71,44,8,1,7
S01007375,Whole house or bungalow: Semi-detached,32,26,14,12,6,1,5
S01007375,Whole house or bungalow: Terraced (including end-terrace),9,6,3,3,3,0,3
S01007375,Flat maisonette or apartment or mobile/temporary accommodation,52,40,21,19,12,2,10
S01007376,All households,371,208,95,113,163,134,29
S01007376,Whole house or bungalow: Total,303,176,84,92,127,108,19
S01007376,Whole house or bungalow: Detached,38,30,16,14,8,3,5
S01007376,Whole house or bungalow: Semi-detached,48,20,11,9,28,24,4
S01007376,Whole house or bungalow: Terraced (including end-terrace),217,126,57,69,91,81,10
S01007376,Flat maisonette or apartment or mobile/temporary accommodation,68,32,11,21,36,26,10
S01007377,All households,279,260,107,153,19,5,14
S01007377,Whole house or bungalow: Total,247,232,99,133,15,4,11
S01007377,Whole house or bungalow: Detached,193,186,86,100,7,0,7
S01007377,Whole house or bungalow: Semi-detached,27,25,7,18,2,1,1
S01007377,Whole house or bungalow: Terraced (including end-terrace),27,21,6,15,6,3,3
S01007377,Flat maisonette or apartment or mobile/temporary accommodation,32,28,8,20,4,1,3
S01007378,All households,231,192,86,106,39,14,25
S01007378,Whole house or bungalow: Total,197,172,77,95,25,4,21
S01007378,Whole house or bungalow: Detached,158,141,68,73,17,0,17
S01007378,Whole house or bungalow: Semi-detached,21,17,5,12,4,0,4
S01007378,Whole house or bungalow: Terraced (including end-terrace),18,14,4,10,4,4,0
S01007378,Flat maisonette or apartment or mobile/temporary accommodation,34,20,9,11,14,10,4
S01007379,All households,234,140,62,78,94,79,15
S01007379,Whole house or bungalow: Total,209,136,60,76,73,61,12
S01007379,Whole house or bungalow: Detached,13,9,4,5,4,1,3
S01007379,Whole house or bungalow: Semi-detached,78,50,22,28,28,24,4
S01007379,Whole house or bungalow: Terraced (including end-terrace),118,77,34,43,41,36,5
S01007379,Flat maisonette or apartment or mobile/temporary accommodation,25,4,2,2,21,18,3
S01007380,All households,229,152,46,106,77,61,16
S01007380,Whole house or bungalow: Total,208,139,44,95,69,59,10
S01007380,Whole house or bungalow: Detached,49,44,20,24,5,3,2
S01007380,Whole house or bungalow: Semi-detached,44,28,13,15,16,11,5
S01007380,Whole house or bungalow: Terraced (including end-terrace),115,67,11,56,48,45,3
S01007380,Flat maisonette or apartment or mobile/temporary accommodation,21,13,2,11,8,2,6
S01007381,All households,191,163,104,59,28,4,24
S01007381,Whole house or bungalow: Total,164,142,95,47,22,2,20
S01007381,Whole house or bungalow: Detached,154,138,95,43,16,0,16
S01007381,Whole house or bungalow: Semi-detached,8,3,0,3,5,1,4
S01007381,Whole house or bungalow: Terraced (including end-terrace),2,1,0,1,1,1,0
S01007381,Flat maisonette or apartment or mobile/temporary accommodation,27,21,9,12,6,2,4
S01007382,All households,281,231,105,126,50,23,27
S01007382,Whole house or bungalow: Total,208,175,84,91,33,21,12
S01007382,Whole house or bungalow: Detached,130,122,63,59,8,0,8
S01007382,Whole house or bungalow: Semi-detached,62,39,13,26,23,21,2
S01007382,Whole house or bungalow: Terraced (including end-terrace),16,14,8,6,2,0,2
S01007382,Flat maisonette or apartment or mobile/temporary accommodation,73,56,21,35,17,2,15
S01007383,All households,349,266,135,131,83,40,43
S01007383,Whole house or bungalow: Total,231,184,85,99,47,31,16
S01007383,Whole house or bungalow: Detached,121,118,65,53,3,0,3
S01007383,Whole house or bungalow: Semi-detached,49,30,10,20,19,12,7
S01007383,Whole house or bungalow: Terraced (including end-terrace),61,36,10,26,25,19,6
S01007383,Flat maisonette or apartment or mobile/temporary accommodation,118,82,50,32,36,9,27
S01007384,All households,332,247,105,142,85,18,67
S01007384,Whole house or bungalow: Total,242,193,84,109,49,7,42
S01007384,Whole house or bungalow: Detached,100,94,59,35,6,0,6
S01007384,Whole house or bungalow: Semi-detached,82,51,15,36,31,4,27
S01007384,Whole house or bungalow: Terraced (including end-terrace),60,48,10,38,12,3,9
S01007384,Flat maisonette or apartment or mobile/temporary accommodation,90,54,21,33,36,11,25
S01007385,All households,404,330,193,137,74,35,39
S01007385,Whole house or bungalow: Total,279,252,152,100,27,14,13
S01007385,Whole house or bungalow: Detached,152,145,98,47,7,0,7
S01007385,Whole house or bungalow: Semi-detached,49,44,24,20,5,5,0
S01007385,Whole house or bungalow: Terraced (including end-terrace),78,63,30,33,15,9,6
S01007385,Flat maisonette or apartment or mobile/temporary accommodation,125,78,41,37,47,21,26
S01007386,All households,337,314,197,117,23,2,21
S01007386,Whole house or bungalow: Total,276,265,164,101,11,1,10
S01007386,Whole house or bungalow: Detached,243,237,152,85,6,0,6
S01007386,Whole house or bungalow: Semi-detached,22,22,11,11,0,0,0
S01007386,Whole house or bungalow: Terraced (including end-terrace),11,6,1,5,5,1,4
S01007386,Flat maisonette or apartment or mobile/temporary accommodation,61,49,33,16,12,1,11
S01007387,All households,289,270,151,119,19,4,15
S01007387,Whole house or bungalow: Total,267,251,141,110,16,3,13
S01007387,Whole house or bungalow: Detached,241,236,134,102,5,0,5
S01007387,Whole house or bungalow: Semi-detached,16,11,3,8,5,1,4
S01007387,Whole house or bungalow: Terraced (including end-terrace),10,4,4,0,6,2,4
S01007387,Flat maisonette or apartment or mobile/temporary accommodation,22,19,10,9,3,1,2
S01007388,All households,256,241,114,127,15,3,12
S01007388,Whole house or bungalow: Total,252,238,113,125,14,3,11
S01007388,Whole house or bungalow: Detached,206,200,100,100,6,0,6
S01007388,Whole house or bungalow: Semi-detached,39,35,13,22,4,0,4
S01007388,Whole house or bungalow: Terraced (including end-terrace),7,3,0,3,4,3,1
S01007388,Flat maisonette or apartment or mobile/temporary accommodation,4,3,1,2,1,0,1
S01007389,All households,198,55,12,43,143,55,88
S01007389,Whole house or bungalow: Total,191,54,12,42,137,52,85
S01007389,Whole house or bungalow: Detached,20,15,7,8,5,3,2
S01007389,Whole house or bungalow: Semi-detached,14,2,1,1,12,5,7
S01007389,Whole house or bungalow: Terraced (including end-terrace),157,37,4,33,120,44,76
S01007389,Flat maisonette or apartment or mobile/temporary accommodation,7,1,0,1,6,3,3
S01007390,All households,193,54,14,40,139,63,76
S01007390,Whole house or bungalow: Total,187,54,14,40,133,61,72
S01007390,Whole house or bungalow: Detached,20,13,6,7,7,3,4
S01007390,Whole house or bungalow: Semi-detached,26,11,3,8,15,5,10
S01007390,Whole house or bungalow: Terraced (including end-terrace),141,30,5,25,111,53,58
S01007390,Flat maisonette or apartment or mobile/temporary accommodation,6,0,0,0,6,2,4
S01007391,All households,223,210,117,93,13,2,11
S01007391,Whole house or bungalow: Total,217,205,114,91,12,2,10
S01007391,Whole house or bungalow: Detached,178,174,101,73,4,0,4
S01007391,Whole house or bungalow: Semi-detached,33,29,12,17,4,1,3
S01007391,Whole house or bungalow: Terraced (including end-terrace),6,2,1,1,4,1,3
S01007391,Flat maisonette or apartment or mobile/temporary accommodation,6,5,3,2,1,0,1
S01007392,All households,200,186,105,81,14,3,11
S01007392,Whole house or bungalow: Total,138,134,69,65,4,1,3
S01007392,Whole house or bungalow: Detached,97,95,55,40,2,0,2
S01007392,Whole house or bungalow: Semi-detached,39,38,13,25,1,0,1
S01007392,Whole house or bungalow: Terraced (including end-terrace),2,1,1,0,1,1,0
S01007392,Flat maisonette or apartment or mobile/temporary accommodation,62,52,36,16,10,2,8
S01007393,All households,308,220,132,88,88,58,30
S01007393,Whole house or bungalow: Total,190,156,86,70,34,22,12
S01007393,Whole house or bungalow: Detached,106,100,59,41,6,0,6
S01007393,Whole house or bungalow: Semi-detached,33,27,14,13,6,4,2
S01007393,Whole house or bungalow: Terraced (including end-terrace),51,29,13,16,22,18,4
S01007393,Flat maisonette or apartment or mobile/temporary accommodation,118,64,46,18,54,36,18
S01007394,All households,335,286,182,104,49,6,43
S01007394,Whole house or bungalow: Total,146,134,79,55,12,1,11
S01007394,Whole house or bungalow: Detached,82,77,45,32,5,0,5
S01007394,Whole house or bungalow: Semi-detached,44,40,21,19,4,1,3
S01007394,Whole house or bungalow: Terraced (including end-terrace),20,17,13,4,3,0,3
S01007394,Flat maisonette or apartment or mobile/temporary accommodation,189,152,103,49,37,5,32
S01007395,All households,516,272,122,150,244,69,175
S01007395,Whole house or bungalow: Total,42,33,18,15,9,4,5
S01007395,Whole house or bungalow: Detached,20,19,13,6,1,1,0
S01007395,Whole house or bungalow: Semi-detached,10,6,1,5,4,2,2
S01007395,Whole house or bungalow: Terraced (including end-terrace),12,8,4,4,4,1,3
S01007395,Flat maisonette or apartment or mobile/temporary accommodation,474,239,104,135,235,65,170
S01007396,All households,477,283,134,149,194,58,136
S01007396,Whole house or bungalow: Total,52,41,20,21,11,6,5
S01007396,Whole house or bungalow: Detached,22,21,11,10,1,0,1
S01007396,Whole house or bungalow: Semi-detached,19,15,5,10,4,2,2
S01007396,Whole house or bungalow: Terraced (including end-terrace),11,5,4,1,6,4,2
S01007396,Flat maisonette or apartment or mobile/temporary accommodation,425,242,114,128,183,52,131
S01007397,All households,443,333,178,155,110,40,70
S01007397,Whole house or bungalow: Total,203,182,103,79,21,11,10
S01007397,Whole house or bungalow: Detached,150,142,89,53,8,1,7
S01007397,Whole house or bungalow: Semi-detached,35,26,8,18,9,7,2
S01007397,Whole house or bungalow: Terraced (including end-terrace),18,14,6,8,4,3,1
S01007397,Flat maisonette or apartment or mobile/temporary accommodation,240,151,75,76,89,29,60
S01007398,All households,279,125,38,87,154,135,19
S01007398,Whole house or bungalow: Total,149,89,25,64,60,51,9
S01007398,Whole house or bungalow: Detached,9,6,1,5,3,2,1
S01007398,Whole house or bungalow: Semi-detached,81,45,15,30,36,29,7
S01007398,Whole house or bungalow: Terraced (including end-terrace),59,38,9,29,21,20,1
S01007398,Flat maisonette or apartment or mobile/temporary accommodation,130,36,13,23,94,84,10
S01007399,All households,324,101,40,61,223,196,27
S01007399,Whole house or bungalow: Total,78,52,22,30,26,17,9
S01007399,Whole house or bungalow: Detached,20,15,10,5,5,4,1
S01007399,Whole house or bungalow: Semi-detached,20,12,2,10,8,4,4
S01007399,Whole house or bungalow: Terraced (including end-terrace),38,25,10,15,13,9,4
S01007399,Flat maisonette or apartment or mobile/temporary accommodation,246,49,18,31,197,179,18
S01007400,All households,344,279,160,119,65,30,35
S01007400,Whole house or bungalow: Total,165,154,75,79,11,8,3
S01007400,Whole house or bungalow: Detached,65,63,37,26,2,0,2
S01007400,Whole house or bungalow: Semi-detached,80,72,33,39,8,7,1
S01007400,Whole house or bungalow: Terraced (including end-terrace),20,19,5,14,1,1,0
S01007400,Flat maisonette or apartment or mobile/temporary accommodation,179,125,85,40,54,22,32
S01007401,All households,290,250,117,133,40,6,34
S01007401,Whole house or bungalow: Total,202,191,81,110,11,3,8
S01007401,Whole house or bungalow: Detached,43,40,21,19,3,1,2
S01007401,Whole house or bungalow: Semi-detached,125,120,49,71,5,2,3
S01007401,Whole house or bungalow: Terraced (including end-terrace),34,31,11,20,3,0,3
S01007401,Flat maisonette or apartment or mobile/temporary accommodation,88,59,36,23,29,3,26
S01007402,All households,260,246,114,132,14,5,9
S01007402,Whole house or bungalow: Total,257,245,113,132,12,3,9
S01007402,Whole house or bungalow: Detached,63,60,33,27,3,1,2
S01007402,Whole house or bungalow: Semi-detached,151,145,67,78,6,2,4
S01007402,Whole house or bungalow: Terraced (including end-terrace),43,40,13,27,3,0,3
S01007402,Flat maisonette or apartment or mobile/temporary accommodation,3,1,1,0,2,2,0
S01007403,All households,261,132,34,98,129,16,113
S01007403,Whole house or bungalow: Total,253,131,34,97,122,13,109
S01007403,Whole house or bungalow: Detached,86,67,18,49,19,1,18
S01007403,Whole house or bungalow: Semi-detached,151,52,13,39,99,11,88
S01007403,Whole house or bungalow: Terraced (including end-terrace),16,12,3,9,4,1,3
S01007403,Flat maisonette or apartment or mobile/temporary accommodation,8,1,0,1,7,3,4
S01007404,All households,193,101,53,48,92,23,69
S01007404,Whole house or bungalow: Total,180,94,49,45,86,23,63
S01007404,Whole house or bungalow: Detached,114,55,21,34,59,6,53
S01007404,Whole house or bungalow: Semi-detached,44,24,18,6,20,15,5
S01007404,Whole house or bungalow: Terraced (including end-terrace),22,15,10,5,7,2,5
S01007404,Flat maisonette or apartment or mobile/temporary accommodation,13,7,4,3,6,0,6
S01007405,All households,277,239,110,129,38,5,33
S01007405,Whole house or bungalow: Total,204,183,84,99,21,2,19
S01007405,Whole house or bungalow: Detached,150,139,64,75,11,0,11
S01007405,Whole house or bungalow: Semi-detached,32,29,16,13,3,0,3
S01007405,Whole house or bungalow: Terraced (including end-terrace),22,15,4,11,7,2,5
S01007405,Flat maisonette or apartment or mobile/temporary accommodation,73,56,26,30,17,3,14
S01007406,All households,252,233,130,103,19,2,17
S01007406,Whole house or bungalow: Total,235,218,122,96,17,2,15
S01007406,Whole house or bungalow: Detached,162,157,100,57,5,1,4
S01007406,Whole house or bungalow: Semi-detached,65,58,20,38,7,0,7
S01007406,Whole house or bungalow: Terraced (including end-terrace),8,3,2,1,5,1,4
S01007406,Flat maisonette or apartment or mobile/temporary accommodation,17,15,8,7,2,0,2
S01007407,All households,315,265,139,126,50,32,18
S01007407,Whole house or bungalow: Total,252,228,118,110,24,17,7
S01007407,Whole house or bungalow: Detached,169,165,95,70,4,2,2
S01007407,Whole house or bungalow: Semi-detached,53,44,17,27,9,7,2
S01007407,Whole house or bungalow: Terraced (including end-terrace),30,19,6,13,11,8,3
S01007407,Flat maisonette or apartment or mobile/temporary accommodation,63,37,21,16,26,15,11
S01007408,All households,256,181,70,111,75,59,16
S01007408,Whole house or bungalow: Total,148,118,45,73,30,25,5
S01007408,Whole house or bungalow: Detached,33,33,15,18,0,0,0
S01007408,Whole house or bungalow: Semi-detached,71,57,23,34,14,11,3
S01007408,Whole house or bungalow: Terraced (including end-terrace),44,28,7,21,16,14,2
S01007408,Flat maisonette or apartment or mobile/temporary accommodation,108,63,25,38,45,34,11
S01007409,All households,308,228,97,131,80,59,21
S01007409,Whole house or bungalow: Total,197,180,88,92,17,16,1
S01007409,Whole house or bungalow: Detached,52,49,26,23,3,3,0
S01007409,Whole house or bungalow: Semi-detached,137,127,61,66,10,9,1
S01007409,Whole house or bungalow: Terraced (including end-terrace),8,4,1,3,4,4,0
S01007409,Flat maisonette or apartment or mobile/temporary accommodation,111,48,9,39,63,43,20
S01007410,All households,291,101,45,56,190,166,24
S01007410,Whole house or bungalow: Total,269,99,44,55,170,147,23
S01007410,Whole house or bungalow: Detached,19,9,2,7,10,9,1
S01007410,Whole house or bungalow: Semi-detached,97,15,6,9,82,73,9
S01007410,Whole house or bungalow: Terraced (including end-terrace),153,75,36,39,78,65,13
S01007410,Flat maisonette or apartment or mobile/temporary accommodation,22,2,1,1,20,19,1
S01007411,All households,437,155,54,101,282,238,44
S01007411,Whole house or bungalow: Total,263,141,51,90,122,99,23
S01007411,Whole house or bungalow: Detached,37,23,9,14,14,9,5
S01007411,Whole house or bungalow: Semi-detached,111,57,17,40,54,43,11
S01007411,Whole house or bungalow: Terraced (including end-terrace),115,61,25,36,54,47,7
S01007411,Flat maisonette or apartment or mobile/temporary accommodation,174,14,3,11,160,139,21
S01007412,All households,212,138,71,67,74,62,12
S01007412,Whole house or bungalow: Total,189,130,65,65,59,47,12
S01007412,Whole house or bungalow: Detached,28,25,14,11,3,2,1
S01007412,Whole house or bungalow: Semi-detached,90,60,30,30,30,27,3
S01007412,Whole house or bungalow: Terraced (including end-terrace),71,45,21,24,26,18,8
S01007412,Flat maisonette or apartment or mobile/temporary accommodation,23,8,6,2,15,15,0
S01007413,All households,360,310,88,222,50,27,23
S01007413,Whole house or bungalow: Total,264,244,77,167,20,7,13
S01007413,Whole house or bungalow: Detached,123,115,33,82,8,0,8
S01007413,Whole house or bungalow: Semi-detached,131,127,43,84,4,2,2
S01007413,Whole house or bungalow: Terraced (including end-terrace),10,2,1,1,8,5,3
S01007413,Flat maisonette or apartment or mobile/temporary accommodation,96,66,11,55,30,20,10
S01007414,All households,244,225,46,179,19,7,12
S01007414,Whole house or bungalow: Total,242,225,46,179,17,5,12
S01007414,Whole house or bungalow: Detached,201,192,42,150,9,0,9
S01007414,Whole house or bungalow: Semi-detached,34,29,3,26,5,3,2
S01007414,Whole house or bungalow: Terraced (including end-terrace),7,4,1,3,3,2,1
S01007414,Flat maisonette or apartment or mobile/temporary accommodation,2,0,0,0,2,2,0
S01007415,All households,374,195,79,116,179,162,17
S01007415,Whole house or bungalow: Total,313,182,71,111,131,117,14
S01007415,Whole house or bungalow: Detached,8,7,2,5,1,1,0
S01007415,Whole house or bungalow: Semi-detached,158,94,37,57,64,53,11
S01007415,Whole house or bungalow: Terraced (including end-terrace),147,81,32,49,66,63,3
S01007415,Flat maisonette or apartment or mobile/temporary accommodation,61,13,8,5,48,45,3
S01007416,All households,223,68,24,44,155,140,15
S01007416,Whole house or bungalow: Total,218,66,23,43,152,138,14
S01007416,Whole house or bungalow: Detached,18,8,3,5,10,8,2
S01007416,Whole house or bungalow: Semi-detached,75,26,7,19,49,44,5
S01007416,Whole house or bungalow: Terraced (including end-terrace),125,32,13,19,93,86,7
S01007416,Flat maisonette or apartment or mobile/temporary accommodation,5,2,1,1,3,2,1
S01007417,All households,406,342,114,228,64,16,48
S01007417,Whole house or bungalow: Total,372,330,111,219,42,15,27
S01007417,Whole house or bungalow: Detached,301,280,100,180,21,4,17
S01007417,Whole house or bungalow: Semi-detached,43,34,10,24,9,5,4
S01007417,Whole house or bungalow: Terraced (including end-terrace),28,16,1,15,12,6,6
S01007417,Flat maisonette or apartment or mobile/temporary accommodation,34,12,3,9,22,1,21
S01007418,All households,292,176,71,105,116,93,23
S01007418,Whole house or bungalow: Total,257,162,64,98,95,77,18
S01007418,Whole house or bungalow: Detached,16,10,3,7,6,4,2
S01007418,Whole house or bungalow: Semi-detached,132,91,35,56,41,37,4
S01007418,Whole house or bungalow: Terraced (including end-terrace),109,61,26,35,48,36,12
S01007418,Flat maisonette or apartment or mobile/temporary accommodation,35,14,7,7,21,16,5
S01007419,All households,332,144,49,95,188,171,17
S01007419,Whole house or bungalow: Total,176,101,35,66,75,61,14
S01007419,Whole house or bungalow: Detached,18,13,2,11,5,4,1
S01007419,Whole house or bungalow: Semi-detached,79,49,17,32,30,23,7
S01007419,Whole house or bungalow: Terraced (including end-terrace),79,39,16,23,40,34,6
S01007419,Flat maisonette or apartment or mobile/temporary accommodation,156,43,14,29,113,110,3
S01007420,All households,296,244,72,172,52,16,36
S01007420,Whole house or bungalow: Total,284,241,70,171,43,11,32
S01007420,Whole house or bungalow: Detached,170,144,32,112,26,2,24
S01007420,Whole house or bungalow: Semi-detached,77,70,27,43,7,4,3
S01007420,Whole house or bungalow: Terraced (including end-terrace),37,27,11,16,10,5,5
S01007420,Flat maisonette or apartment or mobile/temporary accommodation,12,3,2,1,9,5,4
S01007421,All households,282,209,65,144,73,48,25
S01007421,Whole house or bungalow: Total,208,171,46,125,37,24,13
S01007421,Whole house or bungalow: Detached,133,122,27,95,11,2,9
S01007421,Whole house or bungalow: Semi-detached,41,28,15,13,13,11,2
S01007421,Whole house or bungalow: Terraced (including end-terrace),34,21,4,17,13,11,2
S01007421,Flat maisonette or apartment or mobile/temporary accommodation,74,38,19,19,36,24,12
S01007422,All households,261,202,86,116,59,38,21
S01007422,Whole house or bungalow: Total,174,145,62,83,29,19,10
S01007422,Whole house or bungalow: Detached,83,77,36,41,6,3,3
S01007422,Whole house or bungalow: Semi-detached,45,34,13,21,11,7,4
S01007422,Whole house or bungalow: Terraced (including end-terrace),46,34,13,21,12,9,3
S01007422,Flat maisonette or apartment or mobile/temporary accommodation,87,57,24,33,30,19,11
S01007423,All households,325,236,80,156,89,54,35
S01007423,Whole house or bungalow: Total,285,213,70,143,72,47,25
S01007423,Whole house or bungalow: Detached,108,97,17,80,11,0,11
S01007423,Whole house or bungalow: Semi-detached,67,53,20,33,14,9,5
S01007423,Whole house or bungalow: Terraced (including end-terrace),110,63,33,30,47,38,9
S01007423,Flat maisonette or apartment or mobile/temporary accommodation,40,23,10,13,17,7,10
S01007424,All households,340,311,176,135,29,8,21
S01007424,Whole house or bungalow: Total,335,309,175,134,26,6,20
S01007424,Whole house or bungalow: Detached,128,121,66,55,7,0,7
S01007424,Whole house or bungalow: Semi-detached,121,111,72,39,10,3,7
S01007424,Whole house or bungalow: Terraced (including end-terrace),86,77,37,40,9,3,6
S01007424,Flat maisonette or apartment or mobile/temporary accommodation,5,2,1,1,3,2,1
S01007425,All households,373,293,156,137,80,64,16
S01007425,Whole house or bungalow: Total,311,275,150,125,36,26,10
S01007425,Whole house or bungalow: Detached,110,109,65,44,1,0,1
S01007425,Whole house or bungalow: Semi-detached,150,135,72,63,15,11,4
S01007425,Whole house or bungalow: Terraced (including end-terrace),51,31,13,18,20,15,5
S01007425,Flat maisonette or apartment or mobile/temporary accommodation,62,18,6,12,44,38,6
S01007426,All households,344,198,92,106,146,99,47
S01007426,Whole house or bungalow: Total,195,140,78,62,55,39,16
S01007426,Whole house or bungalow: Detached,46,44,27,17,2,1,1
S01007426,Whole house or bungalow: Semi-detached,72,50,25,25,22,12,10
S01007426,Whole house or bungalow: Terraced (including end-terrace),77,46,26,20,31,26,5
S01007426,Flat maisonette or apartment or mobile/temporary accommodation,149,58,14,44,91,60,31
S01007427,All households,309,170,86,84,139,120,19
S01007427,Whole house or bungalow: Total,225,154,81,73,71,64,7
S01007427,Whole house or bungalow: Detached,15,13,8,5,2,2,0
S01007427,Whole house or bungalow: Semi-detached,87,59,33,26,28,27,1
S01007427,Whole house or bungalow: Terraced (including end-terrace),123,82,40,42,41,35,6
S01007427,Flat maisonette or apartment or mobile/temporary accommodation,84,16,5,11,68,56,12
S01007428,All households,465,271,118,153,194,123,71
S01007428,Whole house or bungalow: Total,259,189,91,98,70,51,19
S01007428,Whole house or bungalow: Detached,61,51,24,27,10,6,4
S01007428,Whole house or bungalow: Semi-detached,100,73,35,38,27,19,8
S01007428,Whole house or bungalow: Terraced (including end-terrace),98,65,32,33,33,26,7
S01007428,Flat maisonette or apartment or mobile/temporary accommodation,206,82,27,55,124,72,52
S01007429,All households,324,213,79,134,111,62,49
S01007429,Whole house or bungalow: Total,161,138,58,80,23,12,11
S01007429,Whole house or bungalow: Detached,50,47,25,22,3,2,1
S01007429,Whole house or bungalow: Semi-detached,75,60,24,36,15,8,7
S01007429,Whole house or bungalow: Terraced (including end-terrace),36,31,9,22,5,2,3
S01007429,Flat maisonette or apartment or mobile/temporary accommodation,163,75,21,54,88,50,38
S01007430,All households,211,133,68,65,78,30,48
S01007430,Whole house or bungalow: Total,155,111,60,51,44,25,19
S01007430,Whole house or bungalow: Detached,56,51,34,17,5,2,3
S01007430,Whole house or bungalow: Semi-detached,55,37,18,19,18,9,9
S01007430,Whole house or bungalow: Terraced (including end-terrace),44,23,8,15,21,14,7
S01007430,Flat maisonette or apartment or mobile/temporary accommodation,56,22,8,14,34,5,29
S01007431,All households,218,201,96,105,17,10,7
S01007431,Whole house or bungalow: Total,214,201,96,105,13,7,6
S01007431,Whole house or bungalow: Detached,133,130,66,64,3,0,3
S01007431,Whole house or bungalow: Semi-detached,72,64,26,38,8,6,2
S01007431,Whole house or bungalow: Terraced (including end-terrace),9,7,4,3,2,1,1
S01007431,Flat maisonette or apartment or mobile/temporary accommodation,4,0,0,0,4,3,1
S01007432,All households,354,270,111,159,84,56,28
S01007432,Whole house or bungalow: Total,304,238,96,142,66,44,22
S01007432,Whole house or bungalow: Detached,90,80,30,50,10,3,7
S01007432,Whole house or bungalow: Semi-detached,60,44,17,27,16,11,5
S01007432,Whole house or bungalow: Terraced (including end-terrace),154,114,49,65,40,30,10
S01007432,Flat maisonette or apartment or mobile/temporary accommodation,50,32,15,17,18,12,6
S01007433,All households,350,238,112,126,112,70,42
S01007433,Whole house or bungalow: Total,336,235,111,124,101,66,35
S01007433,Whole house or bungalow: Detached,144,124,61,63,20,3,17
S01007433,Whole house or bungalow: Semi-detached,119,67,35,32,52,40,12
S01007433,Whole house or bungalow: Terraced (including end-terrace),73,44,15,29,29,23,6
S01007433,Flat maisonette or apartment or mobile/temporary accommodation,14,3,1,2,11,4,7
S01007434,All households,242,107,40,67,135,111,24
S01007434,Whole house or bungalow: Total,123,80,32,48,43,33,10
S01007434,Whole house or bungalow: Detached,15,12,5,7,3,2,1
S01007434,Whole house or bungalow: Semi-detached,59,44,16,28,15,10,5
S01007434,Whole house or bungalow: Terraced (including end-terrace),49,24,11,13,25,21,4
S01007434,Flat maisonette or apartment or mobile/temporary accommodation,119,27,8,19,92,78,14
S01007435,All households,327,229,92,137,98,62,36
S01007435,Whole house or bungalow: Total,210,174,79,95,36,23,13
S01007435,Whole house or bungalow: Detached,70,63,29,34,7,3,4
S01007435,Whole house or bungalow: Semi-detached,88,71,32,39,17,12,5
S01007435,Whole house or bungalow: Terraced (including end-terrace),52,40,18,22,12,8,4
S01007435,Flat maisonette or apartment or mobile/temporary accommodation,117,55,13,42,62,39,23
S01007436,All households,356,138,46,92,218,185,33
S01007436,Whole house or bungalow: Total,123,71,32,39,52,43,9
S01007436,Whole house or bungalow: Detached,30,24,11,13,6,4,2
S01007436,Whole house or bungalow: Semi-detached,32,24,13,11,8,5,3
S01007436,Whole house or bungalow: Terraced (including end-terrace),61,23,8,15,38,34,4
S01007436,Flat maisonette or apartment or mobile/temporary accommodation,233,67,14,53,166,142,24
S01007437,All households,230,110,56,54,120,91,29
S01007437,Whole house or bungalow: Total,106,81,47,34,25,17,8
S01007437,Whole house or bungalow: Detached,34,32,20,12,2,1,1
S01007437,Whole house or bungalow: Semi-detached,34,24,15,9,10,6,4
S01007437,Whole house or bungalow: Terraced (including end-terrace),38,25,12,13,13,10,3
S01007437,Flat maisonette or apartment or mobile/temporary accommodation,124,29,9,20,95,74,21
S01007438,All households,338,195,98,97,143,117,26
S01007438,Whole house or bungalow: Total,222,168,90,78,54,40,14
S01007438,Whole house or bungalow: Detached,25,24,14,10,1,1,0
S01007438,Whole house or bungalow: Semi-detached,86,70,38,32,16,11,5
S01007438,Whole house or bungalow: Terraced (including end-terrace),111,74,38,36,37,28,9
S01007438,Flat maisonette or apartment or mobile/temporary accommodation,116,27,8,19,89,77,12
S01007439,All households,337,232,106,126,105,69,36
S01007439,Whole house or bungalow: Total,217,172,87,85,45,34,11
S01007439,Whole house or bungalow: Detached,58,50,26,24,8,6,2
S01007439,Whole house or bungalow: Semi-detached,90,79,40,39,11,9,2
S01007439,Whole house or bungalow: Terraced (including end-terrace),69,43,21,22,26,19,7
S01007439,Flat maisonette or apartment or mobile/temporary accommodation,120,60,19,41,60,35,25
S01007440,All households,295,183,78,105,112,102,10
S01007440,Whole house or bungalow: Total,257,169,74,95,88,79,9
S01007440,Whole house or bungalow: Detached,39,37,19,18,2,2,0
S01007440,Whole house or bungalow: Semi-detached,83,57,21,36,26,19,7
S01007440,Whole house or bungalow: Terraced (including end-terrace),135,75,34,41,60,58,2
S01007440,Flat maisonette or apartment or mobile/temporary accommodation,38,14,4,10,24,23,1
S01007441,All households,226,213,95,118,13,7,6
S01007441,Whole house or bungalow: Total,222,213,95,118,9,4,5
S01007441,Whole house or bungalow: Detached,132,130,67,63,2,0,2
S01007441,Whole house or bungalow: Semi-detached,72,68,23,45,4,2,2
S01007441,Whole house or bungalow: Terraced (including end-terrace),18,15,5,10,3,2,1
S01007441,Flat maisonette or apartment or mobile/temporary accommodation,4,0,0,0,4,3,1
S01007442,All households,198,187,104,83,11,2,9
S01007442,Whole house or bungalow: Total,196,187,104,83,9,0,9
S01007442,Whole house or bungalow: Detached,153,148,88,60,5,0,5
S01007442,Whole house or bungalow: Semi-detached,40,37,16,21,3,0,3
S01007442,Whole house or bungalow: Terraced (including end-terrace),3,2,0,2,1,0,1
S01007442,Flat maisonette or apartment or mobile/temporary accommodation,2,0,0,0,2,2,0
S01007443,All households,387,285,171,114,102,68,34
S01007443,Whole house or bungalow: Total,357,273,167,106,84,55,29
S01007443,Whole house or bungalow: Detached,181,170,111,59,11,0,11
S01007443,Whole house or bungalow: Semi-detached,148,85,46,39,63,48,15
S01007443,Whole house or bungalow: Terraced (including end-terrace),28,18,10,8,10,7,3
S01007443,Flat maisonette or apartment or mobile/temporary accommodation,30,12,4,8,18,13,5
S01007444,All households,427,364,205,159,63,35,28
S01007444,Whole house or bungalow: Total,349,315,176,139,34,18,16
S01007444,Whole house or bungalow: Detached,159,152,89,63,7,1,6
S01007444,Whole house or bungalow: Semi-detached,131,114,66,48,17,10,7
S01007444,Whole house or bungalow: Terraced (including end-terrace),59,49,21,28,10,7,3
S01007444,Flat maisonette or apartment or mobile/temporary accommodation,78,49,29,20,29,17,12
S01007445,All households,265,242,130,112,23,10,13
S01007445,Whole house or bungalow: Total,258,238,130,108,20,8,12
S01007445,Whole house or bungalow: Detached,182,177,105,72,5,0,5
S01007445,Whole house or bungalow: Semi-detached,70,57,25,32,13,7,6
S01007445,Whole house or bungalow: Terraced (including end-terrace),6,4,0,4,2,1,1
S01007445,Flat maisonette or apartment or mobile/temporary accommodation,7,4,0,4,3,2,1
S01007446,All households,201,180,94,86,21,4,17
S01007446,Whole house or bungalow: Total,194,176,90,86,18,4,14
S01007446,Whole house or bungalow: Detached,149,140,75,65,9,0,9
S01007446,Whole house or bungalow: Semi-detached,24,21,11,10,3,1,2
S01007446,Whole house or bungalow: Terraced (including end-terrace),21,15,4,11,6,3,3
S01007446,Flat maisonette or apartment or mobile/temporary accommodation,7,4,4,0,3,0,3
S01007447,All households,209,185,117,68,24,7,17
S01007447,Whole house or bungalow: Total,206,184,116,68,22,7,15
S01007447,Whole house or bungalow: Detached,152,142,97,45,10,0,10
S01007447,Whole house or bungalow: Semi-detached,47,38,17,21,9,5,4
S01007447,Whole house or bungalow: Terraced (including end-terrace),7,4,2,2,3,2,1
S01007447,Flat maisonette or apartment or mobile/temporary accommodation,3,1,1,0,2,0,2
S01007448,All households,367,314,176,138,53,28,25
S01007448,Whole house or bungalow: Total,351,305,175,130,46,25,21
S01007448,Whole house or bungalow: Detached,200,188,113,75,12,1,11
S01007448,Whole house or bungalow: Semi-detached,118,100,51,49,18,12,6
S01007448,Whole house or bungalow: Terraced (including end-terrace),33,17,11,6,16,12,4
S01007448,Flat maisonette or apartment or mobile/temporary accommodation,16,9,1,8,7,3,4
S01007449,All households,458,256,127,129,202,166,36
S01007449,Whole house or bungalow: Total,319,224,113,111,95,73,22
S01007449,Whole house or bungalow: Detached,105,98,65,33,7,3,4
S01007449,Whole house or bungalow: Semi-detached,117,71,27,44,46,39,7
S01007449,Whole house or bungalow: Terraced (including end-terrace),97,55,21,34,42,31,11
S01007449,Flat maisonette or apartment or mobile/temporary accommodation,139,32,14,18,107,93,14
S01007450,All households,332,145,64,81,187,157,30
S01007450,Whole house or bungalow: Total,280,140,61,79,140,125,15
S01007450,Whole house or bungalow: Detached,37,24,11,13,13,8,5
S01007450,Whole house or bungalow: Semi-detached,139,70,31,39,69,62,7
S01007450,Whole house or bungalow: Terraced (including end-terrace),104,46,19,27,58,55,3
S01007450,Flat maisonette or apartment or mobile/temporary accommodation,52,5,3,2,47,32,15
S01007451,All households,283,205,87,118,78,60,18
S01007451,Whole house or bungalow: Total,257,191,86,105,66,49,17
S01007451,Whole house or bungalow: Detached,51,49,23,26,2,0,2
S01007451,Whole house or bungalow: Semi-detached,61,39,15,24,22,18,4
S01007451,Whole house or bungalow: Terraced (including end-terrace),145,103,48,55,42,31,11
S01007451,Flat maisonette or apartment or mobile/temporary accommodation,26,14,1,13,12,11,1
S01007452,All households,209,109,49,60,100,79,21
S01007452,Whole house or bungalow: Total,186,102,47,55,84,70,14
S01007452,Whole house or bungalow: Detached,54,44,25,19,10,3,7
S01007452,Whole house or bungalow: Semi-detached,92,38,12,26,54,47,7
S01007452,Whole house or bungalow: Terraced (including end-terrace),40,20,10,10,20,20,0
S01007452,Flat maisonette or apartment or mobile/temporary accommodation,23,7,2,5,16,9,7
S01007453,All households,212,194,32,162,18,5,13
S01007453,Whole house or bungalow: Total,209,193,31,162,16,3,13
S01007453,Whole house or bungalow: Detached,172,161,26,135,11,1,10
S01007453,Whole house or bungalow: Semi-detached,21,19,4,15,2,1,1
S01007453,Whole house or bungalow: Terraced (including end-terrace),16,13,1,12,3,1,2
S01007453,Flat maisonette or apartment or mobile/temporary accommodation,3,1,1,0,2,2,0
S01007454,All households,190,111,50,61,79,61,18
S01007454,Whole house or bungalow: Total,189,111,50,61,78,61,17
S01007454,Whole house or bungalow: Detached,28,17,12,5,11,4,7
S01007454,Whole house or bungalow: Semi-detached,119,72,31,41,47,38,9
S01007454,Whole house or bungalow: Terraced (including end-terrace),42,22,7,15,20,19,1
S01007454,Flat maisonette or apartment or mobile/temporary accommodation,1,0,0,0,1,0,1
S01007455,All households,388,149,61,88,239,210,29
S01007455,Whole house or bungalow: Total,328,136,58,78,192,170,22
S01007455,Whole house or bungalow: Detached,40,24,16,8,16,13,3
S01007455,Whole house or bungalow: Semi-detached,140,67,25,42,73,65,8
S01007455,Whole house or bungalow: Terraced (including end-terrace),148,45,17,28,103,92,11
S01007455,Flat maisonette or apartment or mobile/temporary accommodation,60,13,3,10,47,40,7
S01007456,All households,394,147,53,94,247,199,48
S01007456,Whole house or bungalow: Total,119,68,24,44,51,40,11
S01007456,Whole house or bungalow: Detached,7,5,1,4,2,2,0
S01007456,Whole house or bungalow: Semi-detached,41,18,7,11,23,19,4
S01007456,Whole house or bungalow: Terraced (including end-terrace),71,45,16,29,26,19,7
S01007456,Flat maisonette or apartment or mobile/temporary accommodation,275,79,29,50,196,159,37
S01007457,All households,465,237,89,148,228,190,38
S01007457,Whole house or bungalow: Total,328,222,84,138,106,86,20
S01007457,Whole house or bungalow: Detached,118,107,23,84,11,4,7
S01007457,Whole house or bungalow: Semi-detached,139,91,49,42,48,43,5
S01007457,Whole house or bungalow: Terraced (including end-terrace),71,24,12,12,47,39,8
S01007457,Flat maisonette or apartment or mobile/temporary accommodation,137,15,5,10,122,104,18
S01007458,All households,224,192,96,96,32,23,9
S01007458,Whole house or bungalow: Total,217,187,96,91,30,22,8
S01007458,Whole house or bungalow: Detached,64,62,32,30,2,2,0
S01007458,Whole house or bungalow: Semi-detached,144,120,61,59,24,16,8
S01007458,Whole house or bungalow: Terraced (including end-terrace),9,5,3,2,4,4,0
S01007458,Flat maisonette or apartment or mobile/temporary accommodation,7,5,0,5,2,1,1
S01007459,All households,291,199,98,101,92,74,18
S01007459,Whole house or bungalow: Total,285,198,97,101,87,69,18
S01007459,Whole house or bungalow: Detached,101,86,46,40,15,8,7
S01007459,Whole house or bungalow: Semi-detached,95,62,29,33,33,28,5
S01007459,Whole house or bungalow: Terraced (including end-terrace),89,50,22,28,39,33,6
S01007459,Flat maisonette or apartment or mobile/temporary accommodation,6,1,1,0,5,5,0
S01007460,All households,345,190,82,108,155,130,25
S01007460,Whole house or bungalow: Total,251,168,80,88,83,68,15
S01007460,Whole house or bungalow: Detached,47,36,18,18,11,9,2
S01007460,Whole house or bungalow: Semi-detached,116,77,40,37,39,31,8
S01007460,Whole house or bungalow: Terraced (including end-terrace),88,55,22,33,33,28,5
S01007460,Flat maisonette or apartment or mobile/temporary accommodation,94,22,2,20,72,62,10
S01007461,All households,372,92,38,54,280,237,43
S01007461,Whole house or bungalow: Total,141,59,29,30,82,68,14
S01007461,Whole house or bungalow: Detached,15,11,4,7,4,4,0
S01007461,Whole house or bungalow: Semi-detached,39,11,3,8,28,23,5
S01007461,Whole house or bungalow: Terraced (including end-terrace),87,37,22,15,50,41,9
S01007461,Flat maisonette or apartment or mobile/temporary accommodation,231,33,9,24,198,169,29
S01007462,All households,371,212,78,134,159,86,73
S01007462,Whole house or bungalow: Total,205,143,62,81,62,47,15
S01007462,Whole house or bungalow: Detached,31,27,15,12,4,2,2
S01007462,Whole house or bungalow: Semi-detached,105,70,23,47,35,32,3
S01007462,Whole house or bungalow: Terraced (including end-terrace),69,46,24,22,23,13,10
S01007462,Flat maisonette or apartment or mobile/temporary accommodation,166,69,16,53,97,39,58
S01007463,All households,377,108,38,70,269,250,19
S01007463,Whole house or bungalow: Total,327,98,34,64,229,213,16
S01007463,Whole house or bungalow: Detached,52,27,7,20,25,22,3
S01007463,Whole house or bungalow: Semi-detached,153,43,16,27,110,103,7
S01007463,Whole house or bungalow: Terraced (including end-terrace),122,28,11,17,94,88,6
S01007463,Flat maisonette or apartment or mobile/temporary accommodation,50,10,4,6,40,37,3
S01007464,All households,313,91,43,48,222,201,21
S01007464,Whole house or bungalow: Total,259,85,42,43,174,158,16
S01007464,Whole house or bungalow: Detached,18,10,3,7,8,8,0
S01007464,Whole house or bungalow: Semi-detached,49,14,4,10,35,31,4
S01007464,Whole house or bungalow: Terraced (including end-terrace),192,61,35,26,131,119,12
S01007464,Flat maisonette or apartment or mobile/temporary accommodation,54,6,1,5,48,43,5
S01007465,All households,380,83,28,55,297,262,35
S01007465,Whole house or bungalow: Total,295,73,25,48,222,208,14
S01007465,Whole house or bungalow: Detached,41,8,3,5,33,32,1
S01007465,Whole house or bungalow: Semi-detached,93,32,12,20,61,57,4
S01007465,Whole house or bungalow: Terraced (including end-terrace),161,33,10,23,128,119,9
S01007465,Flat maisonette or apartment or mobile/temporary accommodation,85,10,3,7,75,54,21
S01007466,All households,581,157,57,100,424,302,122
S01007466,Whole house or bungalow: Total,152,63,30,33,89,81,8
S01007466,Whole house or bungalow: Detached,22,11,5,6,11,9,2
S01007466,Whole house or bungalow: Semi-detached,33,12,2,10,21,20,1
S01007466,Whole house or bungalow: Terraced (including end-terrace),97,40,23,17,57,52,5
S01007466,Flat maisonette or apartment or mobile/temporary accommodation,429,94,27,67,335,221,114
S01007467,All households,523,271,128,143,252,159,93
S01007467,Whole house or bungalow: Total,251,185,93,92,66,48,18
S01007467,Whole house or bungalow: Detached,52,47,27,20,5,4,1
S01007467,Whole house or bungalow: Semi-detached,124,97,36,61,27,17,10
S01007467,Whole house or bungalow: Terraced (including end-terrace),75,41,30,11,34,27,7
S01007467,Flat maisonette or apartment or mobile/temporary accommodation,272,86,35,51,186,111,75
S01007468,All households,333,291,113,178,42,13,29
S01007468,Whole house or bungalow: Total,284,266,112,154,18,8,10
S01007468,Whole house or bungalow: Detached,103,100,55,45,3,1,2
S01007468,Whole house or bungalow: Semi-detached,156,144,54,90,12,5,7
S01007468,Whole house or bungalow: Terraced (including end-terrace),25,22,3,19,3,2,1
S01007468,Flat maisonette or apartment or mobile/temporary accommodation,49,25,1,24,24,5,19
S01007469,All households,250,160,58,102,90,77,13
S01007469,Whole house or bungalow: Total,211,156,57,99,55,45,10
S01007469,Whole house or bungalow: Detached,13,10,5,5,3,1,2
S01007469,Whole house or bungalow: Semi-detached,36,25,9,16,11,11,0
S01007469,Whole house or bungalow: Terraced (including end-terrace),162,121,43,78,41,33,8
S01007469,Flat maisonette or apartment or mobile/temporary accommodation,39,4,1,3,35,32,3
S01007470,All households,335,121,49,72,214,180,34
S01007470,Whole house or bungalow: Total,110,70,29,41,40,30,10
S01007470,Whole house or bungalow: Detached,24,21,5,16,3,1,2
S01007470,Whole house or bungalow: Semi-detached,64,41,20,21,23,17,6
S01007470,Whole house or bungalow: Terraced (including end-terrace),22,8,4,4,14,12,2
S01007470,Flat maisonette or apartment or mobile/temporary accommodation,225,51,20,31,174,150,24
S01007471,All households,203,120,37,83,83,68,15
S01007471,Whole house or bungalow: Total,184,119,36,83,65,52,13
S01007471,Whole house or bungalow: Detached,43,39,11,28,4,1,3
S01007471,Whole house or bungalow: Semi-detached,85,54,18,36,31,24,7
S01007471,Whole house or bungalow: Terraced (including end-terrace),56,26,7,19,30,27,3
S01007471,Flat maisonette or apartment or mobile/temporary accommodation,19,1,1,0,18,16,2
S01007472,All households,273,147,66,81,126,102,24
S01007472,Whole house or bungalow: Total,250,142,64,78,108,87,21
S01007472,Whole house or bungalow: Detached,16,8,3,5,8,8,0
S01007472,Whole house or bungalow: Semi-detached,98,55,26,29,43,33,10
S01007472,Whole house or bungalow: Terraced (including end-terrace),136,79,35,44,57,46,11
S01007472,Flat maisonette or apartment or mobile/temporary accommodation,23,5,2,3,18,15,3
S01007473,All households,227,121,44,77,106,96,10
S01007473,Whole house or bungalow: Total,156,101,38,63,55,50,5
S01007473,Whole house or bungalow: Detached,23,20,14,6,3,2,1
S01007473,Whole house or bungalow: Semi-detached,30,19,2,17,11,8,3
S01007473,Whole house or bungalow: Terraced (including end-terrace),103,62,22,40,41,40,1
S01007473,Flat maisonette or apartment or mobile/temporary accommodation,71,20,6,14,51,46,5
S01007474,All households,213,184,74,110,29,22,7
S01007474,Whole house or bungalow: Total,199,178,72,106,21,14,7
S01007474,Whole house or bungalow: Detached,116,111,49,62,5,2,3
S01007474,Whole house or bungalow: Semi-detached,60,52,16,36,8,4,4
S01007474,Whole house or bungalow: Terraced (including end-terrace),23,15,7,8,8,8,0
S01007474,Flat maisonette or apartment or mobile/temporary accommodation,14,6,2,4,8,8,0
S01007475,All households,257,208,81,127,49,27,22
S01007475,Whole house or bungalow: Total,222,192,80,112,30,12,18
S01007475,Whole house or bungalow: Detached,103,96,43,53,7,2,5
S01007475,Whole house or bungalow: Semi-detached,87,76,30,46,11,3,8
S01007475,Whole house or bungalow: Terraced (including end-terrace),32,20,7,13,12,7,5
S01007475,Flat maisonette or apartment or mobile/temporary accommodation,35,16,1,15,19,15,4
S01007476,All households,317,249,145,104,68,47,21
S01007476,Whole house or bungalow: Total,298,243,143,100,55,36,19
S01007476,Whole house or bungalow: Detached,103,96,68,28,7,2,5
S01007476,Whole house or bungalow: Semi-detached,126,108,58,50,18,11,7
S01007476,Whole house or bungalow: Terraced (including end-terrace),69,39,17,22,30,23,7
S01007476,Flat maisonette or apartment or mobile/temporary accommodation,19,6,2,4,13,11,2
S01007477,All households,247,194,85,109,53,25,28
S01007477,Whole house or bungalow: Total,167,147,71,76,20,7,13
S01007477,Whole house or bungalow: Detached,61,59,24,35,2,0,2
S01007477,Whole house or bungalow: Semi-detached,90,79,42,37,11,3,8
S01007477,Whole house or bungalow: Terraced (including end-terrace),16,9,5,4,7,4,3
S01007477,Flat maisonette or apartment or mobile/temporary accommodation,80,47,14,33,33,18,15
S01007478,All households,433,284,121,163,149,83,66
S01007478,Whole house or bungalow: Total,216,178,73,105,38,21,17
S01007478,Whole house or bungalow: Detached,68,61,19,42,7,5,2
S01007478,Whole house or bungalow: Semi-detached,87,78,36,42,9,4,5
S01007478,Whole house or bungalow: Terraced (including end-terrace),61,39,18,21,22,12,10
S01007478,Flat maisonette or apartment or mobile/temporary accommodation,217,106,48,58,111,62,49
S01007479,All households,275,192,50,142,83,39,44
S01007479,Whole house or bungalow: Total,137,121,24,97,16,6,10
S01007479,Whole house or bungalow: Detached,53,51,6,45,2,1,1
S01007479,Whole house or bungalow: Semi-detached,72,62,16,46,10,3,7
S01007479,Whole house or bungalow: Terraced (including end-terrace),12,8,2,6,4,2,2
S01007479,Flat maisonette or apartment or mobile/temporary accommodation,138,71,26,45,67,33,34
S01007480,All households,327,252,63,189,75,35,40
S01007480,Whole house or bungalow: Total,231,194,52,142,37,18,19
S01007480,Whole house or bungalow: Detached,102,97,22,75,5,2,3
S01007480,Whole house or bungalow: Semi-detached,81,65,21,44,16,6,10
S01007480,Whole house or bungalow: Terraced (including end-terrace),48,32,9,23,16,10,6
S01007480,Flat maisonette or apartment or mobile/temporary accommodation,96,58,11,47,38,17,21
S01007481,All households,394,359,259,100,35,4,31
S01007481,Whole house or bungalow: Total,390,356,256,100,34,3,31
S01007481,Whole house or bungalow: Detached,326,305,224,81,21,0,21
S01007481,Whole house or bungalow: Semi-detached,56,46,28,18,10,2,8
S01007481,Whole house or bungalow: Terraced (including end-terrace),8,5,4,1,3,1,2
S01007481,Flat maisonette or apartment or mobile/temporary accommodation,4,3,3,0,1,1,0
S01007482,All households,253,135,90,45,118,92,26
S01007482,Whole house or bungalow: Total,162,113,77,36,49,29,20
S01007482,Whole house or bungalow: Detached,91,60,43,17,31,23,8
S01007482,Whole house or bungalow: Semi-detached,38,25,17,8,13,6,7
S01007482,Whole house or bungalow: Terraced (including end-terrace),33,28,17,11,5,0,5
S01007482,Flat maisonette or apartment or mobile/temporary accommodation,91,22,13,9,69,63,6
S01007483,All households,340,227,95,132,113,78,35
S01007483,Whole house or bungalow: Total,327,226,95,131,101,72,29
S01007483,Whole house or bungalow: Detached,46,34,15,19,12,6,6
S01007483,Whole house or bungalow: Semi-detached,208,147,58,89,61,47,14
S01007483,Whole house or bungalow: Terraced (including end-terrace),73,45,22,23,28,19,9
S01007483,Flat maisonette or apartment or mobile/temporary accommodation,13,1,0,1,12,6,6
S01007484,All households,285,135,70,65,150,87,63
S01007484,Whole house or bungalow: Total,169,116,59,57,53,12,41
S01007484,Whole house or bungalow: Detached,65,48,29,19,17,2,15
S01007484,Whole house or bungalow: Semi-detached,47,31,12,19,16,5,11
S01007484,Whole house or bungalow: Terraced (including end-terrace),57,37,18,19,20,5,15
S01007484,Flat maisonette or apartment or mobile/temporary accommodation,116,19,11,8,97,75,22
S01007485,All households,219,47,27,20,172,153,19
S01007485,Whole house or bungalow: Total,90,35,20,15,55,42,13
S01007485,Whole house or bungalow: Detached,16,6,3,3,10,6,4
S01007485,Whole house or bungalow: Semi-detached,43,14,9,5,29,23,6
S01007485,Whole house or bungalow: Terraced (including end-terrace),31,15,8,7,16,13,3
S01007485,Flat maisonette or apartment or mobile/temporary accommodation,129,12,7,5,117,111,6
S01007486,All households,255,45,28,17,210,193,17
S01007486,Whole house or bungalow: Total,127,35,23,12,92,81,11
S01007486,Whole house or bungalow: Detached,17,2,2,0,15,13,2
S01007486,Whole house or bungalow: Semi-detached,60,20,12,8,40,36,4
S01007486,Whole house or bungalow: Terraced (including end-terrace),50,13,9,4,37,32,5
S01007486,Flat maisonette or apartment or mobile/temporary accommodation,128,10,5,5,118,112,6
S01007487,All households,498,184,75,109,314,184,130
S01007487,Whole house or bungalow: Total,243,155,65,90,88,38,50
S01007487,Whole house or bungalow: Detached,24,13,9,4,11,1,10
S01007487,Whole house or bungalow: Semi-detached,55,30,9,21,25,19,6
S01007487,Whole house or bungalow: Terraced (including end-terrace),164,112,47,65,52,18,34
S01007487,Flat maisonette or apartment or mobile/temporary accommodation,255,29,10,19,226,146,80
S01007488,All households,483,293,145,148,190,89,101
S01007488,Whole house or bungalow: Total,376,275,137,138,101,32,69
S01007488,Whole house or bungalow: Detached,42,29,17,12,13,3,10
S01007488,Whole house or bungalow: Semi-detached,102,76,36,40,26,14,12
S01007488,Whole house or bungalow: Terraced (including end-terrace),232,170,84,86,62,15,47
S01007488,Flat maisonette or apartment or mobile/temporary accommodation,107,18,8,10,89,57,32
S01007489,All households,406,282,160,122,124,71,53
S01007489,Whole house or bungalow: Total,365,267,154,113,98,55,43
S01007489,Whole house or bungalow: Detached,125,109,76,33,16,2,14
S01007489,Whole house or bungalow: Semi-detached,95,64,27,37,31,20,11
S01007489,Whole house or bungalow: Terraced (including end-terrace),145,94,51,43,51,33,18
S01007489,Flat maisonette or apartment or mobile/temporary accommodation,41,15,6,9,26,16,10
S01007490,All households,378,244,141,103,134,105,29
S01007490,Whole house or bungalow: Total,360,241,139,102,119,94,25
S01007490,Whole house or bungalow: Detached,33,23,16,7,10,7,3
S01007490,Whole house or bungalow: Semi-detached,164,91,48,43,73,59,14
S01007490,Whole house or bungalow: Terraced (including end-terrace),163,127,75,52,36,28,8
S01007490,Flat maisonette or apartment or mobile/temporary accommodation,18,3,2,1,15,11,4
S01007491,All households,460,260,99,161,200,155,45
S01007491,Whole house or bungalow: Total,390,248,98,150,142,105,37
S01007491,Whole house or bungalow: Detached,102,90,49,41,12,7,5
S01007491,Whole house or bungalow: Semi-detached,183,91,21,70,92,69,23
S01007491,Whole house or bungalow: Terraced (including end-terrace),105,67,28,39,38,29,9
S01007491,Flat maisonette or apartment or mobile/temporary accommodation,70,12,1,11,58,50,8
S01007492,All households,332,199,93,106,133,109,24
S01007492,Whole house or bungalow: Total,282,195,91,104,87,65,22
S01007492,Whole house or bungalow: Detached,81,68,43,25,13,3,10
S01007492,Whole house or bungalow: Semi-detached,162,100,40,60,62,52,10
S01007492,Whole house or bungalow: Terraced (including end-terrace),39,27,8,19,12,10,2
S01007492,Flat maisonette or apartment or mobile/temporary accommodation,50,4,2,2,46,44,2
S01007493,All households,368,225,93,132,143,113,30
S01007493,Whole house or bungalow: Total,349,223,92,131,126,97,29
S01007493,Whole house or bungalow: Detached,93,73,49,24,20,8,12
S01007493,Whole house or bungalow: Semi-detached,227,133,39,94,94,79,15
S01007493,Whole house or bungalow: Terraced (including end-terrace),29,17,4,13,12,10,2
S01007493,Flat maisonette or apartment or mobile/temporary accommodation,19,2,1,1,17,16,1
S01007494,All households,239,177,118,59,62,26,36
S01007494,Whole house or bungalow: Total,232,175,117,58,57,24,33
S01007494,Whole house or bungalow: Detached,127,107,75,32,20,1,19
S01007494,Whole house or bungalow: Semi-detached,60,35,17,18,25,19,6
S01007494,Whole house or bungalow: Terraced (including end-terrace),45,33,25,8,12,4,8
S01007494,Flat maisonette or apartment or mobile/temporary accommodation,7,2,1,1,5,2,3
S01007495,All households,345,258,173,85,87,19,68
S01007495,Whole house or bungalow: Total,338,255,170,85,83,18,65
S01007495,Whole house or bungalow: Detached,236,195,137,58,41,1,40
S01007495,Whole house or bungalow: Semi-detached,90,54,30,24,36,14,22
S01007495,Whole house or bungalow: Terraced (including end-terrace),12,6,3,3,6,3,3
S01007495,Flat maisonette or apartment or mobile/temporary accommodation,7,3,3,0,4,1,3
S01007496,All households,470,322,228,94,148,50,98
S01007496,Whole house or bungalow: Total,405,289,204,85,116,30,86
S01007496,Whole house or bungalow: Detached,247,193,144,49,54,1,53
S01007496,Whole house or bungalow: Semi-detached,100,63,36,27,37,17,20
S01007496,Whole house or bungalow: Terraced (including end-terrace),58,33,24,9,25,12,13
S01007496,Flat maisonette or apartment or mobile/temporary accommodation,65,33,24,9,32,20,12
S01007497,All households,264,130,73,57,134,54,80
S01007497,Whole house or bungalow: Total,255,125,69,56,130,52,78
S01007497,Whole house or bungalow: Detached,126,64,38,26,62,1,61
S01007497,Whole house or bungalow: Semi-detached,83,37,20,17,46,33,13
S01007497,Whole house or bungalow: Terraced (including end-terrace),46,24,11,13,22,18,4
S01007497,Flat maisonette or apartment or mobile/temporary accommodation,9,5,4,1,4,2,2
S01007498,All households,416,275,166,109,141,67,74
S01007498,Whole house or bungalow: Total,383,249,144,105,134,66,68
S01007498,Whole house or bungalow: Detached,101,59,38,21,42,2,40
S01007498,Whole house or bungalow: Semi-detached,230,157,93,64,73,52,21
S01007498,Whole house or bungalow: Terraced (including end-terrace),52,33,13,20,19,12,7
S01007498,Flat maisonette or apartment or mobile/temporary accommodation,33,26,22,4,7,1,6
S01007499,All households,358,207,112,95,151,86,65
S01007499,Whole house or bungalow: Total,346,202,109,93,144,81,63
S01007499,Whole house or bungalow: Detached,147,108,76,32,39,3,36
S01007499,Whole house or bungalow: Semi-detached,145,59,21,38,86,64,22
S01007499,Whole house or bungalow: Terraced (including end-terrace),54,35,12,23,19,14,5
S01007499,Flat maisonette or apartment or mobile/temporary accommodation,12,5,3,2,7,5,2
S01007500,All households,288,129,90,39,159,52,107
S01007500,Whole house or bungalow: Total,269,126,88,38,143,43,100
S01007500,Whole house or bungalow: Detached,133,72,52,20,61,0,61
S01007500,Whole house or bungalow: Semi-detached,102,45,27,18,57,25,32
S01007500,Whole house or bungalow: Terraced (including end-terrace),34,9,9,0,25,18,7
S01007500,Flat maisonette or apartment or mobile/temporary accommodation,19,3,2,1,16,9,7
S01007501,All households,325,213,172,41,112,45,67
S01007501,Whole house or bungalow: Total,299,209,168,41,90,24,66
S01007501,Whole house or bungalow: Detached,169,128,105,23,41,2,39
S01007501,Whole house or bungalow: Semi-detached,87,50,38,12,37,18,19
S01007501,Whole house or bungalow: Terraced (including end-terrace),43,31,25,6,12,4,8
S01007501,Flat maisonette or apartment or mobile/temporary accommodation,26,4,4,0,22,21,1
S01007502,All households,248,160,104,56,88,37,51
S01007502,Whole house or bungalow: Total,233,151,99,52,82,35,47
S01007502,Whole house or bungalow: Detached,124,85,64,21,39,1,38
S01007502,Whole house or bungalow: Semi-detached,67,39,20,19,28,22,6
S01007502,Whole house or bungalow: Terraced (including end-terrace),42,27,15,12,15,12,3
S01007502,Flat maisonette or apartment or mobile/temporary accommodation,15,9,5,4,6,2,4
S01007503,All households,482,308,211,97,174,83,91
S01007503,Whole house or bungalow: Total,409,290,199,91,119,42,77
S01007503,Whole house or bungalow: Detached,221,167,123,44,54,1,53
S01007503,Whole house or bungalow: Semi-detached,138,87,52,35,51,31,20
S01007503,Whole house or bungalow: Terraced (including end-terrace),50,36,24,12,14,10,4
S01007503,Flat maisonette or apartment or mobile/temporary accommodation,73,18,12,6,55,41,14
S01007504,All households,321,199,145,54,122,39,83
S01007504,Whole house or bungalow: Total,315,197,143,54,118,37,81
S01007504,Whole house or bungalow: Detached,169,121,98,23,48,0,48
S01007504,Whole house or bungalow: Semi-detached,86,41,25,16,45,20,25
S01007504,Whole house or bungalow: Terraced (including end-terrace),60,35,20,15,25,17,8
S01007504,Flat maisonette or apartment or mobile/temporary accommodation,6,2,2,0,4,2,2
S01007505,All households,179,109,74,35,70,31,39
S01007505,Whole house or bungalow: Total,178,109,74,35,69,31,38
S01007505,Whole house or bungalow: Detached,108,81,62,19,27,1,26
S01007505,Whole house or bungalow: Semi-detached,59,19,8,11,40,28,12
S01007505,Whole house or bungalow: Terraced (including end-terrace),11,9,4,5,2,2,0
S01007505,Flat maisonette or apartment or mobile/temporary accommodation,1,0,0,0,1,0,1
S01007506,All households,237,176,128,48,61,6,55
S01007506,Whole house or bungalow: Total,232,171,124,47,61,6,55
S01007506,Whole house or bungalow: Detached,170,133,97,36,37,0,37
S01007506,Whole house or bungalow: Semi-detached,48,26,19,7,22,6,16
S01007506,Whole house or bungalow: Terraced (including end-terrace),14,12,8,4,2,0,2
S01007506,Flat maisonette or apartment or mobile/temporary accommodation,5,5,4,1,0,0,0
S01007507,All households,455,276,174,102,179,105,74
S01007507,Whole house or bungalow: Total,385,258,164,94,127,78,49
S01007507,Whole house or bungalow: Detached,101,87,63,24,14,3,11
S01007507,Whole house or bungalow: Semi-detached,159,89,52,37,70,47,23
S01007507,Whole house or bungalow: Terraced (including end-terrace),125,82,49,33,43,28,15
S01007507,Flat maisonette or apartment or mobile/temporary accommodation,70,18,10,8,52,27,25
S01007508,All households,329,214,151,63,115,50,65
S01007508,Whole house or bungalow: Total,310,212,149,63,98,42,56
S01007508,Whole house or bungalow: Detached,144,109,88,21,35,4,31
S01007508,Whole house or bungalow: Semi-detached,98,54,23,31,44,25,19
S01007508,Whole house or bungalow: Terraced (including end-terrace),68,49,38,11,19,13,6
S01007508,Flat maisonette or apartment or mobile/temporary accommodation,19,2,2,0,17,8,9
S01007509,All households,274,199,153,46,75,25,50
S01007509,Whole house or bungalow: Total,271,196,150,46,75,25,50
S01007509,Whole house or bungalow: Detached,178,139,110,29,39,3,36
S01007509,Whole house or bungalow: Semi-detached,61,36,27,9,25,13,12
S01007509,Whole house or bungalow: Terraced (including end-terrace),32,21,13,8,11,9,2
S01007509,Flat maisonette or apartment or mobile/temporary accommodation,3,3,3,0,0,0,0
S01007510,All households,459,307,246,61,152,79,73
S01007510,Whole house or bungalow: Total,422,293,237,56,129,61,68
S01007510,Whole house or bungalow: Detached,225,173,139,34,52,9,43
S01007510,Whole house or bungalow: Semi-detached,122,62,48,14,60,45,15
S01007510,Whole house or bungalow: Terraced (including end-terrace),75,58,50,8,17,7,10
S01007510,Flat maisonette or apartment or mobile/temporary accommodation,37,14,9,5,23,18,5
S01007511,All households,370,184,132,52,186,143,43
S01007511,Whole house or bungalow: Total,350,181,132,49,169,131,38
S01007511,Whole house or bungalow: Detached,96,58,39,19,38,29,9
S01007511,Whole house or bungalow: Semi-detached,130,45,31,14,85,74,11
S01007511,Whole house or bungalow: Terraced (including end-terrace),124,78,62,16,46,28,18
S01007511,Flat maisonette or apartment or mobile/temporary accommodation,20,3,0,3,17,12,5
S01007512,All households,247,163,133,30,84,37,47
S01007512,Whole house or bungalow: Total,236,160,130,30,76,34,42
S01007512,Whole house or bungalow: Detached,150,114,95,19,36,2,34
S01007512,Whole house or bungalow: Semi-detached,53,25,17,8,28,26,2
S01007512,Whole house or bungalow: Terraced (including end-terrace),33,21,18,3,12,6,6
S01007512,Flat maisonette or apartment or mobile/temporary accommodation,11,3,3,0,8,3,5
S01007513,All households,468,249,133,116,219,161,58
S01007513,Whole house or bungalow: Total,388,233,125,108,155,115,40
S01007513,Whole house or bungalow: Detached,98,79,51,28,19,13,6
S01007513,Whole house or bungalow: Semi-detached,211,104,47,57,107,83,24
S01007513,Whole house or bungalow: Terraced (including end-terrace),79,50,27,23,29,19,10
S01007513,Flat maisonette or apartment or mobile/temporary accommodation,80,16,8,8,64,46,18
S01007514,All households,247,140,89,51,107,34,73
S01007514,Whole house or bungalow: Total,171,124,81,43,47,19,28
S01007514,Whole house or bungalow: Detached,35,28,22,6,7,0,7
S01007514,Whole house or bungalow: Semi-detached,73,51,31,20,22,12,10
S01007514,Whole house or bungalow: Terraced (including end-terrace),63,45,28,17,18,7,11
S01007514,Flat maisonette or apartment or mobile/temporary accommodation,76,16,8,8,60,15,45
S01007515,All households,254,207,136,71,47,9,38
S01007515,Whole house or bungalow: Total,233,201,133,68,32,4,28
S01007515,Whole house or bungalow: Detached,188,169,116,53,19,0,19
S01007515,Whole house or bungalow: Semi-detached,33,27,14,13,6,0,6
S01007515,Whole house or bungalow: Terraced (including end-terrace),12,5,3,2,7,4,3
S01007515,Flat maisonette or apartment or mobile/temporary accommodation,21,6,3,3,15,5,10
S01007516,All households,257,118,60,58,139,85,54
S01007516,Whole house or bungalow: Total,227,116,59,57,111,63,48
S01007516,Whole house or bungalow: Detached,29,21,18,3,8,2,6
S01007516,Whole house or bungalow: Semi-detached,135,62,23,39,73,41,32
S01007516,Whole house or bungalow: Terraced (including end-terrace),63,33,18,15,30,20,10
S01007516,Flat maisonette or apartment or mobile/temporary accommodation,30,2,1,1,28,22,6
S01007517,All households,224,152,103,49,72,37,35
S01007517,Whole house or bungalow: Total,188,148,101,47,40,16,24
S01007517,Whole house or bungalow: Detached,109,99,74,25,10,1,9
S01007517,Whole house or bungalow: Semi-detached,47,30,15,15,17,12,5
S01007517,Whole house or bungalow: Terraced (including end-terrace),32,19,12,7,13,3,10
S01007517,Flat maisonette or apartment or mobile/temporary accommodation,36,4,2,2,32,21,11
S01007518,All households,381,228,119,109,153,119,34
S01007518,Whole house or bungalow: Total,358,222,115,107,136,103,33
S01007518,Whole house or bungalow: Detached,97,83,65,18,14,3,11
S01007518,Whole house or bungalow: Semi-detached,181,94,32,62,87,70,17
S01007518,Whole house or bungalow: Terraced (including end-terrace),80,45,18,27,35,30,5
S01007518,Flat maisonette or apartment or mobile/temporary accommodation,23,6,4,2,17,16,1
S01007519,All households,215,165,125,40,50,12,38
S01007519,Whole house or bungalow: Total,210,162,123,39,48,10,38
S01007519,Whole house or bungalow: Detached,140,114,92,22,26,0,26
S01007519,Whole house or bungalow: Semi-detached,64,44,30,14,20,9,11
S01007519,Whole house or bungalow: Terraced (including end-terrace),6,4,1,3,2,1,1
S01007519,Flat maisonette or apartment or mobile/temporary accommodation,5,3,2,1,2,2,0
S01007520,All households,446,298,194,104,148,63,85
S01007520,Whole house or bungalow: Total,427,287,188,99,140,61,79
S01007520,Whole house or bungalow: Detached,153,112,80,32,41,4,37
S01007520,Whole house or bungalow: Semi-detached,138,85,58,27,53,33,20
S01007520,Whole house or bungalow: Terraced (including end-terrace),136,90,50,40,46,24,22
S01007520,Flat maisonette or apartment or mobile/temporary accommodation,19,11,6,5,8,2,6
S01007521,All households,202,103,86,17,99,7,92
S01007521,Whole house or bungalow: Total,193,101,85,16,92,7,85
S01007521,Whole house or bungalow: Detached,155,90,80,10,65,0,65
S01007521,Whole house or bungalow: Semi-detached,34,11,5,6,23,4,19
S01007521,Whole house or bungalow: Terraced (including end-terrace),4,0,0,0,4,3,1
S01007521,Flat maisonette or apartment or mobile/temporary accommodation,9,2,1,1,7,0,7
S01007522,All households,476,325,220,105,151,99,52
S01007522,Whole house or bungalow: Total,434,312,210,102,122,81,41
S01007522,Whole house or bungalow: Detached,142,121,103,18,21,5,16
S01007522,Whole house or bungalow: Semi-detached,124,61,27,34,63,53,10
S01007522,Whole house or bungalow: Terraced (including end-terrace),168,130,80,50,38,23,15
S01007522,Flat maisonette or apartment or mobile/temporary accommodation,42,13,10,3,29,18,11
S01007523,All households,229,160,105,55,69,11,58
S01007523,Whole house or bungalow: Total,223,157,102,55,66,10,56
S01007523,Whole house or bungalow: Detached,145,113,81,32,32,0,32
S01007523,Whole house or bungalow: Semi-detached,47,29,13,16,18,3,15
S01007523,Whole house or bungalow: Terraced (including end-terrace),31,15,8,7,16,7,9
S01007523,Flat maisonette or apartment or mobile/temporary accommodation,6,3,3,0,3,1,2
S01007524,All households,385,262,178,84,123,25,98
S01007524,Whole house or bungalow: Total,357,246,171,75,111,16,95
S01007524,Whole house or bungalow: Detached,217,165,124,41,52,0,52
S01007524,Whole house or bungalow: Semi-detached,107,59,36,23,48,12,36
S01007524,Whole house or bungalow: Terraced (including end-terrace),33,22,11,11,11,4,7
S01007524,Flat maisonette or apartment or mobile/temporary accommodation,28,16,7,9,12,9,3
S01007525,All households,237,162,97,65,75,39,36
S01007525,Whole house or bungalow: Total,233,162,97,65,71,36,35
S01007525,Whole house or bungalow: Detached,60,47,40,7,13,2,11
S01007525,Whole house or bungalow: Semi-detached,124,85,42,43,39,20,19
S01007525,Whole house or bungalow: Terraced (including end-terrace),49,30,15,15,19,14,5
S01007525,Flat maisonette or apartment or mobile/temporary accommodation,4,0,0,0,4,3,1
S01007526,All households,385,194,135,59,191,119,72
S01007526,Whole house or bungalow: Total,243,163,115,48,80,37,43
S01007526,Whole house or bungalow: Detached,32,19,13,6,13,3,10
S01007526,Whole house or bungalow: Semi-detached,76,54,34,20,22,11,11
S01007526,Whole house or bungalow: Terraced (including end-terrace),135,90,68,22,45,23,22
S01007526,Flat maisonette or apartment or mobile/temporary accommodation,142,31,20,11,111,82,29
S01007527,All households,374,276,169,107,98,59,39
S01007527,Whole house or bungalow: Total,354,272,166,106,82,49,33
S01007527,Whole house or bungalow: Detached,164,143,108,35,21,5,16
S01007527,Whole house or bungalow: Semi-detached,99,69,29,40,30,23,7
S01007527,Whole house or bungalow: Terraced (including end-terrace),91,60,29,31,31,21,10
S01007527,Flat maisonette or apartment or mobile/temporary accommodation,20,4,3,1,16,10,6
S01007528,All households,363,175,97,78,188,102,86
S01007528,Whole house or bungalow: Total,257,159,88,71,98,49,49
S01007528,Whole house or bungalow: Detached,40,31,20,11,9,3,6
S01007528,Whole house or bungalow: Semi-detached,126,83,47,36,43,27,16
S01007528,Whole house or bungalow: Terraced (including end-terrace),91,45,21,24,46,19,27
S01007528,Flat maisonette or apartment or mobile/temporary accommodation,106,16,9,7,90,53,37
S01007529,All households,308,248,179,69,60,33,27
S01007529,Whole house or bungalow: Total,276,240,173,67,36,15,21
S01007529,Whole house or bungalow: Detached,224,211,153,58,13,1,12
S01007529,Whole house or bungalow: Semi-detached,38,21,15,6,17,12,5
S01007529,Whole house or bungalow: Terraced (including end-terrace),14,8,5,3,6,2,4
S01007529,Flat maisonette or apartment or mobile/temporary accommodation,32,8,6,2,24,18,6
S01007530,All households,223,140,96,44,83,3,80
S01007530,Whole house or bungalow: Total,221,140,96,44,81,3,78
S01007530,Whole house or bungalow: Detached,150,108,79,29,42,0,42
S01007530,Whole house or bungalow: Semi-detached,66,29,16,13,37,3,34
S01007530,Whole house or bungalow: Terraced (including end-terrace),5,3,1,2,2,0,2
S01007530,Flat maisonette or apartment or mobile/temporary accommodation,2,0,0,0,2,0,2
S01007531,All households,313,184,137,47,129,42,87
S01007531,Whole house or bungalow: Total,299,180,136,44,119,39,80
S01007531,Whole house or bungalow: Detached,168,113,96,17,55,0,55
S01007531,Whole house or bungalow: Semi-detached,94,45,28,17,49,28,21
S01007531,Whole house or bungalow: Terraced (including end-terrace),37,22,12,10,15,11,4
S01007531,Flat maisonette or apartment or mobile/temporary accommodation,14,4,1,3,10,3,7
S01007532,All households,248,157,98,59,91,33,58
S01007532,Whole house or bungalow: Total,239,155,98,57,84,30,54
S01007532,Whole house or bungalow: Detached,103,74,49,25,29,1,28
S01007532,Whole house or bungalow: Semi-detached,87,51,34,17,36,19,17
S01007532,Whole house or bungalow: Terraced (including end-terrace),49,30,15,15,19,10,9
S01007532,Flat maisonette or apartment or mobile/temporary accommodation,9,2,0,2,7,3,4
S01007533,All households,222,144,95,49,78,13,65
S01007533,Whole house or bungalow: Total,219,144,95,49,75,13,62
S01007533,Whole house or bungalow: Detached,138,92,66,26,46,0,46
S01007533,Whole house or bungalow: Semi-detached,54,36,19,17,18,4,14
S01007533,Whole house or bungalow: Terraced (including end-terrace),27,16,10,6,11,9,2
S01007533,Flat maisonette or apartment or mobile/temporary accommodation,3,0,0,0,3,0,3
S01007534,All households,428,259,150,109,169,127,42
S01007534,Whole house or bungalow: Total,359,238,139,99,121,93,28
S01007534,Whole house or bungalow: Detached,86,77,57,20,9,5,4
S01007534,Whole house or bungalow: Semi-detached,165,108,55,53,57,44,13
S01007534,Whole house or bungalow: Terraced (including end-terrace),108,53,27,26,55,44,11
S01007534,Flat maisonette or apartment or mobile/temporary accommodation,69,21,11,10,48,34,14
S01007535,All households,492,262,173,89,230,203,27
S01007535,Whole house or bungalow: Total,372,260,171,89,112,86,26
S01007535,Whole house or bungalow: Detached,182,174,127,47,8,1,7
S01007535,Whole house or bungalow: Semi-detached,136,59,30,29,77,64,13
S01007535,Whole house or bungalow: Terraced (including end-terrace),54,27,14,13,27,21,6
S01007535,Flat maisonette or apartment or mobile/temporary accommodation,120,2,2,0,118,117,1
S01007536,All households,443,277,172,105,166,66,100
S01007536,Whole house or bungalow: Total,369,242,148,94,127,56,71
S01007536,Whole house or bungalow: Detached,66,50,37,13,16,1,15
S01007536,Whole house or bungalow: Semi-detached,165,100,61,39,65,37,28
S01007536,Whole house or bungalow: Terraced (including end-terrace),138,92,50,42,46,18,28
S01007536,Flat maisonette or apartment or mobile/temporary accommodation,74,35,24,11,39,10,29
S01007537,All households,518,308,217,91,210,117,93
S01007537,Whole house or bungalow: Total,348,271,196,75,77,25,52
S01007537,Whole house or bungalow: Detached,166,147,121,26,19,1,18
S01007537,Whole house or bungalow: Semi-detached,99,64,38,26,35,12,23
S01007537,Whole house or bungalow: Terraced (including end-terrace),83,60,37,23,23,12,11
S01007537,Flat maisonette or apartment or mobile/temporary accommodation,170,37,21,16,133,92,41
S01007538,All households,366,261,163,98,105,14,91
S01007538,Whole house or bungalow: Total,352,257,161,96,95,8,87
S01007538,Whole house or bungalow: Detached,247,189,127,62,58,0,58
S01007538,Whole house or bungalow: Semi-detached,89,55,28,27,34,7,27
S01007538,Whole house or bungalow: Terraced (including end-terrace),16,13,6,7,3,1,2
S01007538,Flat maisonette or apartment or mobile/temporary accommodation,14,4,2,2,10,6,4
S01007539,All households,331,298,211,87,33,1,32
S01007539,Whole house or bungalow: Total,313,289,206,83,24,1,23
S01007539,Whole house or bungalow: Detached,205,191,149,42,14,0,14
S01007539,Whole house or bungalow: Semi-detached,45,39,24,15,6,1,5
S01007539,Whole house or bungalow: Terraced (including end-terrace),63,59,33,26,4,0,4
S01007539,Flat maisonette or apartment or mobile/temporary accommodation,18,9,5,4,9,0,9
S01007540,All households,450,260,154,106,190,134,56
S01007540,Whole house or bungalow: Total,358,245,146,99,113,76,37
S01007540,Whole house or bungalow: Detached,92,80,57,23,12,3,9
S01007540,Whole house or bungalow: Semi-detached,110,65,36,29,45,38,7
S01007540,Whole house or bungalow: Terraced (including end-terrace),156,100,53,47,56,35,21
S01007540,Flat maisonette or apartment or mobile/temporary accommodation,92,15,8,7,77,58,19
S01007541,All households,337,267,171,96,70,27,43
S01007541,Whole house or bungalow: Total,329,263,168,95,66,26,40
S01007541,Whole house or bungalow: Detached,127,116,85,31,11,0,11
S01007541,Whole house or bungalow: Semi-detached,145,105,58,47,40,24,16
S01007541,Whole house or bungalow: Terraced (including end-terrace),57,42,25,17,15,2,13
S01007541,Flat maisonette or apartment or mobile/temporary accommodation,8,4,3,1,4,1,3
S01007542,All households,416,259,141,118,157,111,46
S01007542,Whole house or bungalow: Total,282,226,131,95,56,26,30
S01007542,Whole house or bungalow: Detached,56,49,31,18,7,0,7
S01007542,Whole house or bungalow: Semi-detached,120,88,52,36,32,16,16
S01007542,Whole house or bungalow: Terraced (including end-terrace),106,89,48,41,17,10,7
S01007542,Flat maisonette or apartment or mobile/temporary accommodation,134,33,10,23,101,85,16
S01007543,All households,481,278,141,137,203,142,61
S01007543,Whole house or bungalow: Total,450,274,140,134,176,117,59
S01007543,Whole house or bungalow: Detached,79,55,38,17,24,8,16
S01007543,Whole house or bungalow: Semi-detached,167,112,54,58,55,28,27
S01007543,Whole house or bungalow: Terraced (including end-terrace),204,107,48,59,97,81,16
S01007543,Flat maisonette or apartment or mobile/temporary accommodation,31,4,1,3,27,25,2
S01007544,All households,496,409,312,97,87,9,78
S01007544,Whole house or bungalow: Total,489,407,310,97,82,9,73
S01007544,Whole house or bungalow: Detached,417,367,287,80,50,0,50
S01007544,Whole house or bungalow: Semi-detached,53,30,18,12,23,7,16
S01007544,Whole house or bungalow: Terraced (including end-terrace),19,10,5,5,9,2,7
S01007544,Flat maisonette or apartment or mobile/temporary accommodation,7,2,2,0,5,0,5
S01007545,All households,359,257,186,71,102,30,72
S01007545,Whole house or bungalow: Total,354,254,183,71,100,29,71
S01007545,Whole house or bungalow: Detached,236,189,140,49,47,0,47
S01007545,Whole house or bungalow: Semi-detached,96,54,39,15,42,22,20
S01007545,Whole house or bungalow: Terraced (including end-terrace),22,11,4,7,11,7,4
S01007545,Flat maisonette or apartment or mobile/temporary accommodation,5,3,3,0,2,1,1
S01007546,All households,223,181,91,90,42,13,29
S01007546,Whole house or bungalow: Total,222,181,91,90,41,13,28
S01007546,Whole house or bungalow: Detached,161,136,73,63,25,0,25
S01007546,Whole house or bungalow: Semi-detached,53,40,17,23,13,11,2
S01007546,Whole house or bungalow: Terraced (including end-terrace),8,5,1,4,3,2,1
S01007546,Flat maisonette or apartment or mobile/temporary accommodation,1,0,0,0,1,0,1
S01007547,All households,239,162,96,66,77,16,61
S01007547,Whole house or bungalow: Total,229,155,94,61,74,16,58
S01007547,Whole house or bungalow: Detached,141,101,69,32,40,0,40
S01007547,Whole house or bungalow: Semi-detached,61,32,16,16,29,16,13
S01007547,Whole house or bungalow: Terraced (including end-terrace),27,22,9,13,5,0,5
S01007547,Flat maisonette or apartment or mobile/temporary accommodation,10,7,2,5,3,0,3
S01007548,All households,304,202,116,86,102,49,53
S01007548,Whole house or bungalow: Total,297,200,114,86,97,47,50
S01007548,Whole house or bungalow: Detached,114,86,57,29,28,1,27
S01007548,Whole house or bungalow: Semi-detached,129,79,40,39,50,30,20
S01007548,Whole house or bungalow: Terraced (including end-terrace),54,35,17,18,19,16,3
S01007548,Flat maisonette or apartment or mobile/temporary accommodation,7,2,2,0,5,2,3
S01007549,All households,298,187,138,49,111,50,61
S01007549,Whole house or bungalow: Total,289,186,137,49,103,46,57
S01007549,Whole house or bungalow: Detached,145,114,89,25,31,1,30
S01007549,Whole house or bungalow: Semi-detached,109,52,37,15,57,37,20
S01007549,Whole house or bungalow: Terraced (including end-terrace),35,20,11,9,15,8,7
S01007549,Flat maisonette or apartment or mobile/temporary accommodation,9,1,1,0,8,4,4
S01007550,All households,449,287,205,82,162,67,95
S01007550,Whole house or bungalow: Total,429,280,201,79,149,60,89
S01007550,Whole house or bungalow: Detached,181,133,102,31,48,3,45
S01007550,Whole house or bungalow: Semi-detached,145,81,50,31,64,39,25
S01007550,Whole house or bungalow: Terraced (including end-terrace),103,66,49,17,37,18,19
S01007550,Flat maisonette or apartment or mobile/temporary accommodation,20,7,4,3,13,7,6
S01007551,All households,395,283,199,84,112,18,94
S01007551,Whole house or bungalow: Total,386,278,194,84,108,15,93
S01007551,Whole house or bungalow: Detached,277,216,156,60,61,0,61
S01007551,Whole house or bungalow: Semi-detached,86,51,30,21,35,14,21
S01007551,Whole house or bungalow: Terraced (including end-terrace),23,11,8,3,12,1,11
S01007551,Flat maisonette or apartment or mobile/temporary accommodation,9,5,5,0,4,3,1
S01007552,All households,401,191,111,80,210,173,37
S01007552,Whole house or bungalow: Total,343,179,107,72,164,131,33
S01007552,Whole house or bungalow: Detached,64,39,28,11,25,8,17
S01007552,Whole house or bungalow: Semi-detached,118,59,36,23,59,51,8
S01007552,Whole house or bungalow: Terraced (including end-terrace),161,81,43,38,80,72,8
S01007552,Flat maisonette or apartment or mobile/temporary accommodation,58,12,4,8,46,42,4
S01007553,All households,376,172,92,80,204,189,15
S01007553,Whole house or bungalow: Total,351,171,92,79,180,167,13
S01007553,Whole house or bungalow: Detached,40,28,15,13,12,7,5
S01007553,Whole house or bungalow: Semi-detached,178,78,35,43,100,94,6
S01007553,Whole house or bungalow: Terraced (including end-terrace),133,65,42,23,68,66,2
S01007553,Flat maisonette or apartment or mobile/temporary accommodation,25,1,0,1,24,22,2
S01007554,All households,221,77,50,27,144,137,7
S01007554,Whole house or bungalow: Total,215,76,49,27,139,132,7
S01007554,Whole house or bungalow: Detached,16,6,4,2,10,8,2
S01007554,Whole house or bungalow: Semi-detached,162,59,36,23,103,98,5
S01007554,Whole house or bungalow: Terraced (including end-terrace),37,11,9,2,26,26,0
S01007554,Flat maisonette or apartment or mobile/temporary accommodation,6,1,1,0,5,5,0
S01007555,All households,238,175,105,70,63,34,29
S01007555,Whole house or bungalow: Total,233,172,102,70,61,32,29
S01007555,Whole house or bungalow: Detached,104,84,58,26,20,3,17
S01007555,Whole house or bungalow: Semi-detached,99,66,32,34,33,24,9
S01007555,Whole house or bungalow: Terraced (including end-terrace),30,22,12,10,8,5,3
S01007555,Flat maisonette or apartment or mobile/temporary accommodation,5,3,3,0,2,2,0
S01007556,All households,227,105,59,46,122,103,19
S01007556,Whole house or bungalow: Total,156,98,54,44,58,44,14
S01007556,Whole house or bungalow: Detached,28,21,10,11,7,5,2
S01007556,Whole house or bungalow: Semi-detached,56,23,15,8,33,29,4
S01007556,Whole house or bungalow: Terraced (including end-terrace),72,54,29,25,18,10,8
S01007556,Flat maisonette or apartment or mobile/temporary accommodation,71,7,5,2,64,59,5
S01007557,All households,478,248,115,133,230,196,34
S01007557,Whole house or bungalow: Total,388,233,107,126,155,127,28
S01007557,Whole house or bungalow: Detached,25,14,9,5,11,4,7
S01007557,Whole house or bungalow: Semi-detached,253,150,72,78,103,88,15
S01007557,Whole house or bungalow: Terraced (including end-terrace),110,69,26,43,41,35,6
S01007557,Flat maisonette or apartment or mobile/temporary accommodation,90,15,8,7,75,69,6
S01007558,All households,189,143,92,51,46,10,36
S01007558,Whole house or bungalow: Total,188,143,92,51,45,9,36
S01007558,Whole house or bungalow: Detached,101,72,46,26,29,1,28
S01007558,Whole house or bungalow: Semi-detached,44,36,24,12,8,4,4
S01007558,Whole house or bungalow: Terraced (including end-terrace),43,35,22,13,8,4,4
S01007558,Flat maisonette or apartment or mobile/temporary accommodation,1,0,0,0,1,1,0
S01007559,All households,308,165,93,72,143,14,129
S01007559,Whole house or bungalow: Total,300,164,93,71,136,12,124
S01007559,Whole house or bungalow: Detached,179,101,61,40,78,1,77
S01007559,Whole house or bungalow: Semi-detached,83,44,22,22,39,11,28
S01007559,Whole house or bungalow: Terraced (including end-terrace),38,19,10,9,19,0,19
S01007559,Flat maisonette or apartment or mobile/temporary accommodation,8,1,0,1,7,2,5
S01007560,All households,440,275,176,99,165,92,73
S01007560,Whole house or bungalow: Total,398,273,176,97,125,66,59
S01007560,Whole house or bungalow: Detached,118,106,72,34,12,1,11
S01007560,Whole house or bungalow: Semi-detached,144,77,43,34,67,44,23
S01007560,Whole house or bungalow: Terraced (including end-terrace),136,90,61,29,46,21,25
S01007560,Flat maisonette or apartment or mobile/temporary accommodation,42,2,0,2,40,26,14
S01007561,All households,357,233,156,77,124,80,44
S01007561,Whole house or bungalow: Total,352,233,156,77,119,79,40
S01007561,Whole house or bungalow: Detached,75,63,51,12,12,4,8
S01007561,Whole house or bungalow: Semi-detached,163,95,57,38,68,50,18
S01007561,Whole house or bungalow: Terraced (including end-terrace),114,75,48,27,39,25,14
S01007561,Flat maisonette or apartment or mobile/temporary accommodation,5,0,0,0,5,1,4
S01007562,All households,365,211,125,86,154,53,101
S01007562,Whole house or bungalow: Total,360,208,123,85,152,53,99
S01007562,Whole house or bungalow: Detached,170,103,72,31,67,1,66
S01007562,Whole house or bungalow: Semi-detached,135,72,31,41,63,44,19
S01007562,Whole house or bungalow: Terraced (including end-terrace),55,33,20,13,22,8,14
S01007562,Flat maisonette or apartment or mobile/temporary accommodation,5,3,2,1,2,0,2
S01007563,All households,396,248,158,90,148,45,103
S01007563,Whole house or bungalow: Total,389,247,157,90,142,45,97
S01007563,Whole house or bungalow: Detached,190,136,90,46,54,1,53
S01007563,Whole house or bungalow: Semi-detached,130,72,43,29,58,30,28
S01007563,Whole house or bungalow: Terraced (including end-terrace),69,39,24,15,30,14,16
S01007563,Flat maisonette or apartment or mobile/temporary accommodation,7,1,1,0,6,0,6
S01007564,All households,323,215,143,72,108,28,80
S01007564,Whole house or bungalow: Total,313,210,141,69,103,24,79
S01007564,Whole house or bungalow: Detached,218,155,109,46,63,3,60
S01007564,Whole house or bungalow: Semi-detached,75,43,26,17,32,18,14
S01007564,Whole house or bungalow: Terraced (including end-terrace),20,12,6,6,8,3,5
S01007564,Flat maisonette or apartment or mobile/temporary accommodation,10,5,2,3,5,4,1
S01007565,All households,396,274,155,119,122,47,75
S01007565,Whole house or bungalow: Total,387,269,152,117,118,47,71
S01007565,Whole house or bungalow: Detached,194,158,98,60,36,4,32
S01007565,Whole house or bungalow: Semi-detached,127,75,39,36,52,25,27
S01007565,Whole house or bungalow: Terraced (including end-terrace),66,36,15,21,30,18,12
S01007565,Flat maisonette or apartment or mobile/temporary accommodation,9,5,3,2,4,0,4
S01007566,All households,275,196,116,80,79,26,53
S01007566,Whole house or bungalow: Total,268,194,114,80,74,26,48
S01007566,Whole house or bungalow: Detached,139,106,71,35,33,2,31
S01007566,Whole house or bungalow: Semi-detached,108,72,34,38,36,22,14
S01007566,Whole house or bungalow: Terraced (including end-terrace),21,16,9,7,5,2,3
S01007566,Flat maisonette or apartment or mobile/temporary accommodation,7,2,2,0,5,0,5
S01007567,All households,233,172,103,69,61,9,52
S01007567,Whole house or bungalow: Total,231,171,103,68,60,9,51
S01007567,Whole house or bungalow: Detached,177,140,88,52,37,2,35
S01007567,Whole house or bungalow: Semi-detached,50,27,13,14,23,7,16
S01007567,Whole house or bungalow: Terraced (including end-terrace),4,4,2,2,0,0,0
S01007567,Flat maisonette or apartment or mobile/temporary accommodation,2,1,0,1,1,0,1
S01007568,All households,295,191,107,84,104,18,86
S01007568,Whole house or bungalow: Total,286,185,104,81,101,18,83
S01007568,Whole house or bungalow: Detached,177,118,74,44,59,2,57
S01007568,Whole house or bungalow: Semi-detached,68,51,23,28,17,5,12
S01007568,Whole house or bungalow: Terraced (including end-terrace),41,16,7,9,25,11,14
S01007568,Flat maisonette or apartment or mobile/temporary accommodation,9,6,3,3,3,0,3
S01007569,All households,342,203,136,67,139,35,104
S01007569,Whole house or bungalow: Total,305,174,110,64,131,29,102
S01007569,Whole house or bungalow: Detached,185,113,83,30,72,4,68
S01007569,Whole house or bungalow: Semi-detached,82,41,23,18,41,15,26
S01007569,Whole house or bungalow: Terraced (including end-terrace),38,20,4,16,18,10,8
S01007569,Flat maisonette or apartment or mobile/temporary accommodation,37,29,26,3,8,6,2
S01007570,All households,295,218,136,82,77,48,29
S01007570,Whole house or bungalow: Total,290,215,134,81,75,46,29
S01007570,Whole house or bungalow: Detached,181,160,99,61,21,2,19
S01007570,Whole house or bungalow: Semi-detached,93,45,29,16,48,38,10
S01007570,Whole house or bungalow: Terraced (including end-terrace),16,10,6,4,6,6,0
S01007570,Flat maisonette or apartment or mobile/temporary accommodation,5,3,2,1,2,2,0
S01007571,All households,240,162,95,67,78,7,71
S01007571,Whole house or bungalow: Total,229,158,92,66,71,3,68
S01007571,Whole house or bungalow: Detached,175,121,77,44,54,0,54
S01007571,Whole house or bungalow: Semi-detached,45,32,13,19,13,3,10
S01007571,Whole house or bungalow: Terraced (including end-terrace),9,5,2,3,4,0,4
S01007571,Flat maisonette or apartment or mobile/temporary accommodation,11,4,3,1,7,4,3
S01007572,All households,370,263,145,118,107,82,25
S01007572,Whole house or bungalow: Total,316,260,143,117,56,33,23
S01007572,Whole house or bungalow: Detached,203,184,106,78,19,3,16
S01007572,Whole house or bungalow: Semi-detached,84,53,24,29,31,26,5
S01007572,Whole house or bungalow: Terraced (including end-terrace),29,23,13,10,6,4,2
S01007572,Flat maisonette or apartment or mobile/temporary accommodation,54,3,2,1,51,49,2
S01007573,All households,329,274,60,214,55,9,46
S01007573,Whole house or bungalow: Total,322,273,59,214,49,4,45
S01007573,Whole house or bungalow: Detached,218,193,48,145,25,0,25
S01007573,Whole house or bungalow: Semi-detached,97,78,11,67,19,2,17
S01007573,Whole house or bungalow: Terraced (including end-terrace),7,2,0,2,5,2,3
S01007573,Flat maisonette or apartment or mobile/temporary accommodation,7,1,1,0,6,5,1
S01007574,All households,438,258,112,146,180,155,25
S01007574,Whole house or bungalow: Total,431,257,112,145,174,150,24
S01007574,Whole house or bungalow: Detached,33,18,11,7,15,11,4
S01007574,Whole house or bungalow: Semi-detached,102,53,25,28,49,42,7
S01007574,Whole house or bungalow: Terraced (including end-terrace),296,186,76,110,110,97,13
S01007574,Flat maisonette or apartment or mobile/temporary accommodation,7,1,0,1,6,5,1
S01007575,All households,452,207,109,98,245,219,26
S01007575,Whole house or bungalow: Total,331,201,104,97,130,108,22
S01007575,Whole house or bungalow: Detached,29,21,12,9,8,5,3
S01007575,Whole house or bungalow: Semi-detached,75,35,15,20,40,36,4
S01007575,Whole house or bungalow: Terraced (including end-terrace),227,145,77,68,82,67,15
S01007575,Flat maisonette or apartment or mobile/temporary accommodation,121,6,5,1,115,111,4
S01007576,All households,344,91,47,44,253,237,16
S01007576,Whole house or bungalow: Total,176,85,44,41,91,82,9
S01007576,Whole house or bungalow: Detached,17,10,5,5,7,6,1
S01007576,Whole house or bungalow: Semi-detached,75,32,11,21,43,38,5
S01007576,Whole house or bungalow: Terraced (including end-terrace),84,43,28,15,41,38,3
S01007576,Flat maisonette or apartment or mobile/temporary accommodation,168,6,3,3,162,155,7
S01007577,All households,296,107,53,54,189,176,13
S01007577,Whole house or bungalow: Total,168,102,50,52,66,56,10
S01007577,Whole house or bungalow: Detached,8,7,4,3,1,1,0
S01007577,Whole house or bungalow: Semi-detached,85,47,21,26,38,33,5
S01007577,Whole house or bungalow: Terraced (including end-terrace),75,48,25,23,27,22,5
S01007577,Flat maisonette or apartment or mobile/temporary accommodation,128,5,3,2,123,120,3
S01007578,All households,332,109,54,55,223,192,31
S01007578,Whole house or bungalow: Total,201,105,52,53,96,71,25
S01007578,Whole house or bungalow: Detached,8,4,2,2,4,2,2
S01007578,Whole house or bungalow: Semi-detached,73,36,14,22,37,26,11
S01007578,Whole house or bungalow: Terraced (including end-terrace),120,65,36,29,55,43,12
S01007578,Flat maisonette or apartment or mobile/temporary accommodation,131,4,2,2,127,121,6
S01007579,All households,298,96,34,62,202,179,23
S01007579,Whole house or bungalow: Total,199,88,32,56,111,93,18
S01007579,Whole house or bungalow: Detached,19,11,6,5,8,7,1
S01007579,Whole house or bungalow: Semi-detached,72,42,14,28,30,22,8
S01007579,Whole house or bungalow: Terraced (including end-terrace),108,35,12,23,73,64,9
S01007579,Flat maisonette or apartment or mobile/temporary accommodation,99,8,2,6,91,86,5
S01007580,All households,293,128,49,79,165,135,30
S01007580,Whole house or bungalow: Total,193,106,43,63,87,69,18
S01007580,Whole house or bungalow: Detached,18,10,4,6,8,6,2
S01007580,Whole house or bungalow: Semi-detached,89,45,15,30,44,38,6
S01007580,Whole house or bungalow: Terraced (including end-terrace),86,51,24,27,35,25,10
S01007580,Flat maisonette or apartment or mobile/temporary accommodation,100,22,6,16,78,66,12
S01007581,All households,198,103,52,51,95,75,20
S01007581,Whole house or bungalow: Total,127,78,42,36,49,32,17
S01007581,Whole house or bungalow: Detached,11,5,3,2,6,2,4
S01007581,Whole house or bungalow: Semi-detached,56,33,11,22,23,15,8
S01007581,Whole house or bungalow: Terraced (including end-terrace),60,40,28,12,20,15,5
S01007581,Flat maisonette or apartment or mobile/temporary accommodation,71,25,10,15,46,43,3
S01007582,All households,285,134,50,84,151,127,24
S01007582,Whole house or bungalow: Total,205,121,47,74,84,67,17
S01007582,Whole house or bungalow: Detached,11,6,4,2,5,3,2
S01007582,Whole house or bungalow: Semi-detached,74,40,16,24,34,28,6
S01007582,Whole house or bungalow: Terraced (including end-terrace),120,75,27,48,45,36,9
S01007582,Flat maisonette or apartment or mobile/temporary accommodation,80,13,3,10,67,60,7
S01007583,All households,519,131,54,77,388,338,50
S01007583,Whole house or bungalow: Total,119,46,17,29,73,62,11
S01007583,Whole house or bungalow: Detached,23,10,5,5,13,8,5
S01007583,Whole house or bungalow: Semi-detached,48,21,9,12,27,24,3
S01007583,Whole house or bungalow: Terraced (including end-terrace),48,15,3,12,33,30,3
S01007583,Flat maisonette or apartment or mobile/temporary accommodation,400,85,37,48,315,276,39
S01007584,All households,279,144,64,80,135,100,35
S01007584,Whole house or bungalow: Total,184,115,55,60,69,56,13
S01007584,Whole house or bungalow: Detached,18,10,3,7,8,3,5
S01007584,Whole house or bungalow: Semi-detached,83,49,24,25,34,32,2
S01007584,Whole house or bungalow: Terraced (including end-terrace),83,56,28,28,27,21,6
S01007584,Flat maisonette or apartment or mobile/temporary accommodation,95,29,9,20,66,44,22
S01007585,All households,438,368,237,131,70,37,33
S01007585,Whole house or bungalow: Total,425,365,236,129,60,29,31
S01007585,Whole house or bungalow: Detached,189,176,120,56,13,0,13
S01007585,Whole house or bungalow: Semi-detached,201,165,104,61,36,19,17
S01007585,Whole house or bungalow: Terraced (including end-terrace),35,24,12,12,11,10,1
S01007585,Flat maisonette or apartment or mobile/temporary accommodation,13,3,1,2,10,8,2
S01007586,All households,377,203,100,103,174,139,35
S01007586,Whole house or bungalow: Total,298,197,94,103,101,70,31
S01007586,Whole house or bungalow: Detached,31,25,14,11,6,1,5
S01007586,Whole house or bungalow: Semi-detached,134,86,41,45,48,31,17
S01007586,Whole house or bungalow: Terraced (including end-terrace),133,86,39,47,47,38,9
S01007586,Flat maisonette or apartment or mobile/temporary accommodation,79,6,6,0,73,69,4
S01007587,All households,306,218,120,98,88,39,49
S01007587,Whole house or bungalow: Total,234,195,109,86,39,12,27
S01007587,Whole house or bungalow: Detached,77,69,41,28,8,0,8
S01007587,Whole house or bungalow: Semi-detached,88,74,45,29,14,3,11
S01007587,Whole house or bungalow: Terraced (including end-terrace),69,52,23,29,17,9,8
S01007587,Flat maisonette or apartment or mobile/temporary accommodation,72,23,11,12,49,27,22
S01007588,All households,360,307,180,127,53,24,29
S01007588,Whole house or bungalow: Total,337,294,176,118,43,23,20
S01007588,Whole house or bungalow: Detached,141,133,86,47,8,2,6
S01007588,Whole house or bungalow: Semi-detached,142,119,68,51,23,13,10
S01007588,Whole house or bungalow: Terraced (including end-terrace),54,42,22,20,12,8,4
S01007588,Flat maisonette or apartment or mobile/temporary accommodation,23,13,4,9,10,1,9
S01007589,All households,408,270,154,116,138,20,118
S01007589,Whole house or bungalow: Total,206,181,110,71,25,1,24
S01007589,Whole house or bungalow: Detached,84,81,55,26,3,0,3
S01007589,Whole house or bungalow: Semi-detached,71,63,33,30,8,0,8
S01007589,Whole house or bungalow: Terraced (including end-terrace),51,37,22,15,14,1,13
S01007589,Flat maisonette or apartment or mobile/temporary accommodation,202,89,44,45,113,19,94
S01007590,All households,289,268,171,97,21,2,19
S01007590,Whole house or bungalow: Total,276,258,167,91,18,2,16
S01007590,Whole house or bungalow: Detached,89,85,64,21,4,0,4
S01007590,Whole house or bungalow: Semi-detached,165,154,87,67,11,1,10
S01007590,Whole house or bungalow: Terraced (including end-terrace),22,19,16,3,3,1,2
S01007590,Flat maisonette or apartment or mobile/temporary accommodation,13,10,4,6,3,0,3
S01007591,All households,272,183,84,99,89,41,48
S01007591,Whole house or bungalow: Total,180,145,71,74,35,11,24
S01007591,Whole house or bungalow: Detached,64,60,36,24,4,1,3
S01007591,Whole house or bungalow: Semi-detached,73,59,26,33,14,4,10
S01007591,Whole house or bungalow: Terraced (including end-terrace),43,26,9,17,17,6,11
S01007591,Flat maisonette or apartment or mobile/temporary accommodation,92,38,13,25,54,30,24
S01007592,All households,353,147,67,80,206,122,84
S01007592,Whole house or bungalow: Total,152,71,31,40,81,61,20
S01007592,Whole house or bungalow: Detached,20,12,5,7,8,5,3
S01007592,Whole house or bungalow: Semi-detached,95,45,18,27,50,41,9
S01007592,Whole house or bungalow: Terraced (including end-terrace),37,14,8,6,23,15,8
S01007592,Flat maisonette or apartment or mobile/temporary accommodation,201,76,36,40,125,61,64
S01007593,All households,453,350,192,158,103,55,48
S01007593,Whole house or bungalow: Total,404,325,182,143,79,39,40
S01007593,Whole house or bungalow: Detached,196,175,107,68,21,3,18
S01007593,Whole house or bungalow: Semi-detached,134,93,48,45,41,24,17
S01007593,Whole house or bungalow: Terraced (including end-terrace),74,57,27,30,17,12,5
S01007593,Flat maisonette or apartment or mobile/temporary accommodation,49,25,10,15,24,16,8
S01007594,All households,334,269,132,137,65,35,30
S01007594,Whole house or bungalow: Total,334,269,132,137,65,35,30
S01007594,Whole house or bungalow: Detached,144,128,73,55,16,0,16
S01007594,Whole house or bungalow: Semi-detached,145,105,41,64,40,26,14
S01007594,Whole house or bungalow: Terraced (including end-terrace),45,36,18,18,9,9,0
S01007594,Flat maisonette or apartment or mobile/temporary accommodation,0,0,0,0,0,0,0
S01007595,All households,443,275,169,106,168,57,111
S01007595,Whole house or bungalow: Total,431,269,164,105,162,53,109
S01007595,Whole house or bungalow: Detached,229,170,109,61,59,3,56
S01007595,Whole house or bungalow: Semi-detached,144,72,36,36,72,41,31
S01007595,Whole house or bungalow: Terraced (including end-terrace),58,27,19,8,31,9,22
S01007595,Flat maisonette or apartment or mobile/temporary accommodation,12,6,5,1,6,4,2
S01007596,All households,275,191,133,58,84,4,80
S01007596,Whole house or bungalow: Total,247,172,114,58,75,4,71
S01007596,Whole house or bungalow: Detached,174,130,90,40,44,0,44
S01007596,Whole house or bungalow: Semi-detached,47,25,15,10,22,3,19
S01007596,Whole house or bungalow: Terraced (including end-terrace),26,17,9,8,9,1,8
S01007596,Flat maisonette or apartment or mobile/temporary accommodation,28,19,19,0,9,0,9
S01007597,All households,254,179,105,74,75,10,65
S01007597,Whole house or bungalow: Total,252,178,105,73,74,10,64
S01007597,Whole house or bungalow: Detached,180,144,85,59,36,0,36
S01007597,Whole house or bungalow: Semi-detached,61,29,17,12,32,10,22
S01007597,Whole house or bungalow: Terraced (including end-terrace),11,5,3,2,6,0,6
S01007597,Flat maisonette or apartment or mobile/temporary accommodation,2,1,0,1,1,0,1
S01007598,All households,266,198,122,76,68,12,56
S01007598,Whole house or bungalow: Total,253,192,118,74,61,10,51
S01007598,Whole house or bungalow: Detached,159,123,80,43,36,1,35
S01007598,Whole house or bungalow: Semi-detached,54,38,18,20,16,8,8
S01007598,Whole house or bungalow: Terraced (including end-terrace),40,31,20,11,9,1,8
S01007598,Flat maisonette or apartment or mobile/temporary accommodation,13,6,4,2,7,2,5
S01007599,All households,361,224,93,131,137,67,70
S01007599,Whole house or bungalow: Total,346,221,91,130,125,66,59
S01007599,Whole house or bungalow: Detached,80,68,37,31,12,1,11
S01007599,Whole house or bungalow: Semi-detached,139,71,22,49,68,34,34
S01007599,Whole house or bungalow: Terraced (including end-terrace),127,82,32,50,45,31,14
S01007599,Flat maisonette or apartment or mobile/temporary accommodation,15,3,2,1,12,1,11
S01007600,All households,510,337,176,161,173,91,82
S01007600,Whole house or bungalow: Total,317,278,151,127,39,3,36
S01007600,Whole house or bungalow: Detached,181,171,101,70,10,0,10
S01007600,Whole house or bungalow: Semi-detached,107,92,42,50,15,1,14
S01007600,Whole house or bungalow: Terraced (including end-terrace),29,15,8,7,14,2,12
S01007600,Flat maisonette or apartment or mobile/temporary accommodation,193,59,25,34,134,88,46
S01007601,All households,300,230,76,154,70,21,49
S01007601,Whole house or bungalow: Total,253,205,73,132,48,17,31
S01007601,Whole house or bungalow: Detached,62,59,28,31,3,0,3
S01007601,Whole house or bungalow: Semi-detached,93,71,28,43,22,7,15
S01007601,Whole house or bungalow: Terraced (including end-terrace),98,75,17,58,23,10,13
S01007601,Flat maisonette or apartment or mobile/temporary accommodation,47,25,3,22,22,4,18
S01007602,All households,269,236,108,128,33,3,30
S01007602,Whole house or bungalow: Total,255,235,107,128,20,0,20
S01007602,Whole house or bungalow: Detached,110,103,54,49,7,0,7
S01007602,Whole house or bungalow: Semi-detached,127,120,49,71,7,0,7
S01007602,Whole house or bungalow: Terraced (including end-terrace),18,12,4,8,6,0,6
S01007602,Flat maisonette or apartment or mobile/temporary accommodation,14,1,1,0,13,3,10
S01007603,All households,309,279,120,159,30,5,25
S01007603,Whole house or bungalow: Total,303,279,120,159,24,4,20
S01007603,Whole house or bungalow: Detached,206,197,97,100,9,1,8
S01007603,Whole house or bungalow: Semi-detached,77,66,18,48,11,2,9
S01007603,Whole house or bungalow: Terraced (including end-terrace),20,16,5,11,4,1,3
S01007603,Flat maisonette or apartment or mobile/temporary accommodation,6,0,0,0,6,1,5
S01007604,All households,389,364,221,143,25,8,17
S01007604,Whole house or bungalow: Total,385,362,220,142,23,7,16
S01007604,Whole house or bungalow: Detached,272,265,171,94,7,0,7
S01007604,Whole house or bungalow: Semi-detached,107,93,48,45,14,5,9
S01007604,Whole house or bungalow: Terraced (including end-terrace),6,4,1,3,2,2,0
S01007604,Flat maisonette or apartment or mobile/temporary accommodation,4,2,1,1,2,1,1
S01007605,All households,364,330,183,147,34,1,33
S01007605,Whole house or bungalow: Total,361,327,180,147,34,1,33
S01007605,Whole house or bungalow: Detached,184,174,119,55,10,0,10
S01007605,Whole house or bungalow: Semi-detached,166,146,59,87,20,1,19
S01007605,Whole house or bungalow: Terraced (including end-terrace),11,7,2,5,4,0,4
S01007605,Flat maisonette or apartment or mobile/temporary accommodation,3,3,3,0,0,0,0
S01007606,All households,314,249,127,122,65,3,62
S01007606,Whole house or bungalow: Total,250,218,113,105,32,2,30
S01007606,Whole house or bungalow: Detached,80,71,44,27,9,1,8
S01007606,Whole house or bungalow: Semi-detached,164,141,65,76,23,1,22
S01007606,Whole house or bungalow: Terraced (including end-terrace),6,6,4,2,0,0,0
S01007606,Flat maisonette or apartment or mobile/temporary accommodation,64,31,14,17,33,1,32
S01007607,All households,294,270,149,121,24,1,23
S01007607,Whole house or bungalow: Total,291,269,149,120,22,0,22
S01007607,Whole house or bungalow: Detached,101,94,64,30,7,0,7
S01007607,Whole house or bungalow: Semi-detached,180,166,83,83,14,0,14
S01007607,Whole house or bungalow: Terraced (including end-terrace),10,9,2,7,1,0,1
S01007607,Flat maisonette or apartment or mobile/temporary accommodation,3,1,0,1,2,1,1
S01007608,All households,308,280,145,135,28,6,22
S01007608,Whole house or bungalow: Total,297,275,144,131,22,3,19
S01007608,Whole house or bungalow: Detached,106,95,58,37,11,1,10
S01007608,Whole house or bungalow: Semi-detached,186,177,84,93,9,1,8
S01007608,Whole house or bungalow: Terraced (including end-terrace),5,3,2,1,2,1,1
S01007608,Flat maisonette or apartment or mobile/temporary accommodation,11,5,1,4,6,3,3
S01007609,All households,447,227,113,114,220,168,52
S01007609,Whole house or bungalow: Total,201,135,71,64,66,48,18
S01007609,Whole house or bungalow: Detached,36,29,20,9,7,4,3
S01007609,Whole house or bungalow: Semi-detached,89,62,27,35,27,18,9
S01007609,Whole house or bungalow: Terraced (including end-terrace),76,44,24,20,32,26,6
S01007609,Flat maisonette or apartment or mobile/temporary accommodation,246,92,42,50,154,120,34
S01007610,All households,255,134,59,75,121,77,44
S01007610,Whole house or bungalow: Total,99,73,38,35,26,13,13
S01007610,Whole house or bungalow: Detached,21,19,12,7,2,0,2
S01007610,Whole house or bungalow: Semi-detached,57,40,19,21,17,13,4
S01007610,Whole house or bungalow: Terraced (including end-terrace),21,14,7,7,7,0,7
S01007610,Flat maisonette or apartment or mobile/temporary accommodation,156,61,21,40,95,64,31
S01007611,All households,538,230,137,93,308,193,115
S01007611,Whole house or bungalow: Total,149,92,54,38,57,32,25
S01007611,Whole house or bungalow: Detached,16,11,8,3,5,1,4
S01007611,Whole house or bungalow: Semi-detached,61,34,18,16,27,20,7
S01007611,Whole house or bungalow: Terraced (including end-terrace),72,47,28,19,25,11,14
S01007611,Flat maisonette or apartment or mobile/temporary accommodation,389,138,83,55,251,161,90
S01007612,All households,609,177,92,85,432,203,229
S01007612,Whole house or bungalow: Total,136,84,54,30,52,15,37
S01007612,Whole house or bungalow: Detached,22,12,7,5,10,1,9
S01007612,Whole house or bungalow: Semi-detached,35,17,10,7,18,7,11
S01007612,Whole house or bungalow: Terraced (including end-terrace),79,55,37,18,24,7,17
S01007612,Flat maisonette or apartment or mobile/temporary accommodation,473,93,38,55,380,188,192
S01007613,All households,324,251,138,113,73,8,65
S01007613,Whole house or bungalow: Total,256,218,119,99,38,6,32
S01007613,Whole house or bungalow: Detached,98,88,65,23,10,1,9
S01007613,Whole house or bungalow: Semi-detached,80,70,27,43,10,1,9
S01007613,Whole house or bungalow: Terraced (including end-terrace),78,60,27,33,18,4,14
S01007613,Flat maisonette or apartment or mobile/temporary accommodation,68,33,19,14,35,2,33
S01007614,All households,358,328,174,154,30,7,23
S01007614,Whole house or bungalow: Total,348,322,169,153,26,6,20
S01007614,Whole house or bungalow: Detached,201,188,98,90,13,0,13
S01007614,Whole house or bungalow: Semi-detached,107,98,52,46,9,3,6
S01007614,Whole house or bungalow: Terraced (including end-terrace),40,36,19,17,4,3,1
S01007614,Flat maisonette or apartment or mobile/temporary accommodation,10,6,5,1,4,1,3
S01007615,All households,515,358,169,189,157,66,91
S01007615,Whole house or bungalow: Total,343,293,140,153,50,16,34
S01007615,Whole house or bungalow: Detached,102,91,44,47,11,1,10
S01007615,Whole house or bungalow: Semi-detached,183,164,86,78,19,4,15
S01007615,Whole house or bungalow: Terraced (including end-terrace),58,38,10,28,20,11,9
S01007615,Flat maisonette or apartment or mobile/temporary accommodation,172,65,29,36,107,50,57
S01007616,All households,387,222,103,119,165,92,73
S01007616,Whole house or bungalow: Total,121,94,44,50,27,10,17
S01007616,Whole house or bungalow: Detached,25,20,13,7,5,0,5
S01007616,Whole house or bungalow: Semi-detached,65,52,23,29,13,6,7
S01007616,Whole house or bungalow: Terraced (including end-terrace),31,22,8,14,9,4,5
S01007616,Flat maisonette or apartment or mobile/temporary accommodation,266,128,59,69,138,82,56
S01007617,All households,234,128,63,65,106,80,26
S01007617,Whole house or bungalow: Total,211,125,62,63,86,63,23
S01007617,Whole house or bungalow: Detached,36,26,17,9,10,2,8
S01007617,Whole house or bungalow: Semi-detached,48,23,11,12,25,23,2
S01007617,Whole house or bungalow: Terraced (including end-terrace),127,76,34,42,51,38,13
S01007617,Flat maisonette or apartment or mobile/temporary accommodation,23,3,1,2,20,17,3
S01007618,All households,294,180,97,83,114,99,15
S01007618,Whole house or bungalow: Total,266,179,97,82,87,76,11
S01007618,Whole house or bungalow: Detached,20,16,12,4,4,4,0
S01007618,Whole house or bungalow: Semi-detached,79,48,19,29,31,27,4
S01007618,Whole house or bungalow: Terraced (including end-terrace),167,115,66,49,52,45,7
S01007618,Flat maisonette or apartment or mobile/temporary accommodation,28,1,0,1,27,23,4
S01007619,All households,280,175,77,98,105,83,22
S01007619,Whole house or bungalow: Total,271,174,77,97,97,80,17
S01007619,Whole house or bungalow: Detached,26,11,2,9,15,12,3
S01007619,Whole house or bungalow: Semi-detached,70,39,19,20,31,29,2
S01007619,Whole house or bungalow: Terraced (including end-terrace),175,124,56,68,51,39,12
S01007619,Flat maisonette or apartment or mobile/temporary accommodation,9,1,0,1,8,3,5
S01007620,All households,271,241,129,112,30,1,29
S01007620,Whole house or bungalow: Total,251,235,128,107,16,0,16
S01007620,Whole house or bungalow: Detached,67,63,38,25,4,0,4
S01007620,Whole house or bungalow: Semi-detached,176,164,89,75,12,0,12
S01007620,Whole house or bungalow: Terraced (including end-terrace),8,8,1,7,0,0,0
S01007620,Flat maisonette or apartment or mobile/temporary accommodation,20,6,1,5,14,1,13
S01007621,All households,291,265,156,109,26,2,24
S01007621,Whole house or bungalow: Total,290,264,155,109,26,2,24
S01007621,Whole house or bungalow: Detached,39,33,25,8,6,0,6
S01007621,Whole house or bungalow: Semi-detached,194,178,113,65,16,2,14
S01007621,Whole house or bungalow: Terraced (including end-terrace),57,53,17,36,4,0,4
S01007621,Flat maisonette or apartment or mobile/temporary accommodation,1,1,1,0,0,0,0
S01007622,All households,256,155,75,80,101,46,55
S01007622,Whole house or bungalow: Total,251,152,72,80,99,45,54
S01007622,Whole house or bungalow: Detached,60,53,28,25,7,2,5
S01007622,Whole house or bungalow: Semi-detached,124,59,29,30,65,31,34
S01007622,Whole house or bungalow: Terraced (including end-terrace),67,40,15,25,27,12,15
S01007622,Flat maisonette or apartment or mobile/temporary accommodation,5,3,3,0,2,1,1
S01007623,All households,250,205,102,103,45,16,29
S01007623,Whole house or bungalow: Total,247,204,102,102,43,15,28
S01007623,Whole house or bungalow: Detached,154,143,71,72,11,3,8
S01007623,Whole house or bungalow: Semi-detached,52,41,19,22,11,4,7
S01007623,Whole house or bungalow: Terraced (including end-terrace),41,20,12,8,21,8,13
S01007623,Flat maisonette or apartment or mobile/temporary accommodation,3,1,0,1,2,1,1
S01007624,All households,268,243,94,149,25,2,23
S01007624,Whole house or bungalow: Total,265,241,94,147,24,1,23
S01007624,Whole house or bungalow: Detached,79,74,36,38,5,0,5
S01007624,Whole house or bungalow: Semi-detached,111,96,37,59,15,1,14
S01007624,Whole house or bungalow: Terraced (including end-terrace),75,71,21,50,4,0,4
S01007624,Flat maisonette or apartment or mobile/temporary accommodation,3,2,0,2,1,1,0
S01007625,All households,224,192,90,102,32,4,28
S01007625,Whole house or bungalow: Total,221,191,90,101,30,2,28
S01007625,Whole house or bungalow: Detached,120,109,70,39,11,0,11
S01007625,Whole house or bungalow: Semi-detached,98,82,20,62,16,0,16
S01007625,Whole house or bungalow: Terraced (including end-terrace),3,0,0,0,3,2,1
S01007625,Flat maisonette or apartment or mobile/temporary accommodation,3,1,0,1,2,2,0
S01007626,All households,269,232,69,163,37,3,34
S01007626,Whole house or bungalow: Total,263,230,67,163,33,2,31
S01007626,Whole house or bungalow: Detached,102,99,38,61,3,0,3
S01007626,Whole house or bungalow: Semi-detached,155,127,28,99,28,2,26
S01007626,Whole house or bungalow: Terraced (including end-terrace),6,4,1,3,2,0,2
S01007626,Flat maisonette or apartment or mobile/temporary accommodation,6,2,2,0,4,1,3
S01007627,All households,251,198,69,129,53,29,24
S01007627,Whole house or bungalow: Total,180,165,58,107,15,2,13
S01007627,Whole house or bungalow: Detached,131,121,53,68,10,0,10
S01007627,Whole house or bungalow: Semi-detached,29,26,3,23,3,0,3
S01007627,Whole house or bungalow: Terraced (including end-terrace),20,18,2,16,2,2,0
S01007627,Flat maisonette or apartment or mobile/temporary accommodation,71,33,11,22,38,27,11
S01007628,All households,314,268,170,98,46,4,42
S01007628,Whole house or bungalow: Total,298,258,167,91,40,4,36
S01007628,Whole house or bungalow: Detached,177,158,111,47,19,1,18
S01007628,Whole house or bungalow: Semi-detached,102,82,48,34,20,3,17
S01007628,Whole house or bungalow: Terraced (including end-terrace),19,18,8,10,1,0,1
S01007628,Flat maisonette or apartment or mobile/temporary accommodation,16,10,3,7,6,0,6
S01007629,All households,286,224,120,104,62,22,40
S01007629,Whole house or bungalow: Total,279,220,117,103,59,20,39
S01007629,Whole house or bungalow: Detached,152,129,79,50,23,2,21
S01007629,Whole house or bungalow: Semi-detached,117,83,33,50,34,17,17
S01007629,Whole house or bungalow: Terraced (including end-terrace),10,8,5,3,2,1,1
S01007629,Flat maisonette or apartment or mobile/temporary accommodation,7,4,3,1,3,2,1
S01007630,All households,338,282,166,116,56,5,51
S01007630,Whole house or bungalow: Total,329,275,160,115,54,3,51
S01007630,Whole house or bungalow: Detached,231,197,121,76,34,0,34
S01007630,Whole house or bungalow: Semi-detached,90,71,37,34,19,3,16
S01007630,Whole house or bungalow: Terraced (including end-terrace),8,7,2,5,1,0,1
S01007630,Flat maisonette or apartment or mobile/temporary accommodation,9,7,6,1,2,2,0
S01007631,All households,269,212,144,68,57,8,49
S01007631,Whole house or bungalow: Total,260,207,141,66,53,7,46
S01007631,Whole house or bungalow: Detached,209,171,123,48,38,3,35
S01007631,Whole house or bungalow: Semi-detached,40,27,12,15,13,3,10
S01007631,Whole house or bungalow: Terraced (including end-terrace),11,9,6,3,2,1,1
S01007631,Flat maisonette or apartment or mobile/temporary accommodation,9,5,3,2,4,1,3
S01007632,All households,437,284,151,133,153,98,55
S01007632,Whole house or bungalow: Total,405,269,146,123,136,88,48
S01007632,Whole house or bungalow: Detached,140,116,82,34,24,7,17
S01007632,Whole house or bungalow: Semi-detached,105,50,23,27,55,41,14
S01007632,Whole house or bungalow: Terraced (including end-terrace),160,103,41,62,57,40,17
S01007632,Flat maisonette or apartment or mobile/temporary accommodation,32,15,5,10,17,10,7
S01007633,All households,441,291,170,121,150,112,38
S01007633,Whole house or bungalow: Total,402,282,168,114,120,90,30
S01007633,Whole house or bungalow: Detached,145,129,99,30,16,5,11
S01007633,Whole house or bungalow: Semi-detached,95,60,31,29,35,29,6
S01007633,Whole house or bungalow: Terraced (including end-terrace),162,93,38,55,69,56,13
S01007633,Flat maisonette or apartment or mobile/temporary accommodation,39,9,2,7,30,22,8
S01007634,All households,241,163,105,58,78,16,62
S01007634,Whole house or bungalow: Total,234,159,101,58,75,16,59
S01007634,Whole house or bungalow: Detached,149,116,79,37,33,2,31
S01007634,Whole house or bungalow: Semi-detached,61,30,15,15,31,8,23
S01007634,Whole house or bungalow: Terraced (including end-terrace),24,13,7,6,11,6,5
S01007634,Flat maisonette or apartment or mobile/temporary accommodation,7,4,4,0,3,0,3
S01007635,All households,321,274,204,70,47,9,38
S01007635,Whole house or bungalow: Total,318,271,203,68,47,9,38
S01007635,Whole house or bungalow: Detached,244,211,165,46,33,2,31
S01007635,Whole house or bungalow: Semi-detached,55,46,33,13,9,3,6
S01007635,Whole house or bungalow: Terraced (including end-terrace),19,14,5,9,5,4,1
S01007635,Flat maisonette or apartment or mobile/temporary accommodation,3,3,1,2,0,0,0
S01007636,All households,416,257,146,111,159,114,45
S01007636,Whole house or bungalow: Total,333,233,131,102,100,73,27
S01007636,Whole house or bungalow: Detached,109,94,62,32,15,3,12
S01007636,Whole house or bungalow: Semi-detached,129,76,45,31,53,46,7
S01007636,Whole house or bungalow: Terraced (including end-terrace),95,63,24,39,32,24,8
S01007636,Flat maisonette or apartment or mobile/temporary accommodation,83,24,15,9,59,41,18
S01007637,All households,403,233,111,122,170,124,46
S01007637,Whole house or bungalow: Total,321,218,102,116,103,70,33
S01007637,Whole house or bungalow: Detached,44,35,19,16,9,3,6
S01007637,Whole house or bungalow: Semi-detached,80,40,17,23,40,28,12
S01007637,Whole house or bungalow: Terraced (including end-terrace),197,143,66,77,54,39,15
S01007637,Flat maisonette or apartment or mobile/temporary accommodation,82,15,9,6,67,54,13
S01007638,All households,373,234,123,111,139,90,49
S01007638,Whole house or bungalow: Total,236,180,90,90,56,35,21
S01007638,Whole house or bungalow: Detached,61,57,37,20,4,2,2
S01007638,Whole house or bungalow: Semi-detached,62,37,16,21,25,17,8
S01007638,Whole house or bungalow: Terraced (including end-terrace),113,86,37,49,27,16,11
S01007638,Flat maisonette or apartment or mobile/temporary accommodation,137,54,33,21,83,55,28
S01007639,All households,451,255,115,140,196,157,39
S01007639,Whole house or bungalow: Total,425,246,111,135,179,144,35
S01007639,Whole house or bungalow: Detached,137,114,61,53,23,7,16
S01007639,Whole house or bungalow: Semi-detached,65,38,17,21,27,23,4
S01007639,Whole house or bungalow: Terraced (including end-terrace),223,94,33,61,129,114,15
S01007639,Flat maisonette or apartment or mobile/temporary accommodation,26,9,4,5,17,13,4
S01007640,All households,303,144,70,74,159,17,142
S01007640,Whole house or bungalow: Total,299,142,68,74,157,16,141
S01007640,Whole house or bungalow: Detached,196,88,47,41,108,2,106
S01007640,Whole house or bungalow: Semi-detached,90,46,18,28,44,12,32
S01007640,Whole house or bungalow: Terraced (including end-terrace),13,8,3,5,5,2,3
S01007640,Flat maisonette or apartment or mobile/temporary accommodation,4,2,2,0,2,1,1
S01007641,All households,369,239,124,115,130,74,56
S01007641,Whole house or bungalow: Total,359,233,120,113,126,73,53
S01007641,Whole house or bungalow: Detached,154,126,77,49,28,2,26
S01007641,Whole house or bungalow: Semi-detached,138,70,21,49,68,49,19
S01007641,Whole house or bungalow: Terraced (including end-terrace),67,37,22,15,30,22,8
S01007641,Flat maisonette or apartment or mobile/temporary accommodation,10,6,4,2,4,1,3
S01007642,All households,415,275,189,86,140,67,73
S01007642,Whole house or bungalow: Total,313,241,167,74,72,35,37
S01007642,Whole house or bungalow: Detached,146,127,99,28,19,5,14
S01007642,Whole house or bungalow: Semi-detached,82,59,33,26,23,11,12
S01007642,Whole house or bungalow: Terraced (including end-terrace),85,55,35,20,30,19,11
S01007642,Flat maisonette or apartment or mobile/temporary accommodation,102,34,22,12,68,32,36
S01007643,All households,424,307,187,120,117,69,48
S01007643,Whole house or bungalow: Total,353,268,159,109,85,56,29
S01007643,Whole house or bungalow: Detached,122,109,79,30,13,4,9
S01007643,Whole house or bungalow: Semi-detached,124,82,41,41,42,33,9
S01007643,Whole house or bungalow: Terraced (including end-terrace),107,77,39,38,30,19,11
S01007643,Flat maisonette or apartment or mobile/temporary accommodation,71,39,28,11,32,13,19
S01007644,All households,384,249,150,99,135,106,29
S01007644,Whole house or bungalow: Total,342,229,140,89,113,88,25
S01007644,Whole house or bungalow: Detached,161,151,106,45,10,4,6
S01007644,Whole house or bungalow: Semi-detached,109,41,18,23,68,56,12
S01007644,Whole house or bungalow: Terraced (including end-terrace),72,37,16,21,35,28,7
S01007644,Flat maisonette or apartment or mobile/temporary accommodation,42,20,10,10,22,18,4
S01007645,All households,219,141,91,50,78,13,65
S01007645,Whole house or bungalow: Total,216,140,90,50,76,12,64
S01007645,Whole house or bungalow: Detached,172,114,77,37,58,1,57
S01007645,Whole house or bungalow: Semi-detached,36,20,9,11,16,10,6
S01007645,Whole house or bungalow: Terraced (including end-terrace),8,6,4,2,2,1,1
S01007645,Flat maisonette or apartment or mobile/temporary accommodation,3,1,1,0,2,1,1
S01007646,All households,260,123,85,38,137,19,118
S01007646,Whole house or bungalow: Total,239,117,81,36,122,10,112
S01007646,Whole house or bungalow: Detached,157,80,60,20,77,1,76
S01007646,Whole house or bungalow: Semi-detached,63,25,15,10,38,7,31
S01007646,Whole house or bungalow: Terraced (including end-terrace),19,12,6,6,7,2,5
S01007646,Flat maisonette or apartment or mobile/temporary accommodation,21,6,4,2,15,9,6
S01007647,All households,361,238,139,99,123,55,68
S01007647,Whole house or bungalow: Total,233,192,119,73,41,8,33
S01007647,Whole house or bungalow: Detached,86,77,53,24,9,2,7
S01007647,Whole house or bungalow: Semi-detached,61,49,33,16,12,4,8
S01007647,Whole house or bungalow: Terraced (including end-terrace),86,66,33,33,20,2,18
S01007647,Flat maisonette or apartment or mobile/temporary accommodation,128,46,20,26,82,47,35
S01007648,All households,446,271,176,95,175,41,134
S01007648,Whole house or bungalow: Total,335,242,155,87,93,16,77
S01007648,Whole house or bungalow: Detached,60,51,40,11,9,1,8
S01007648,Whole house or bungalow: Semi-detached,58,38,28,10,20,6,14
S01007648,Whole house or bungalow: Terraced (including end-terrace),217,153,87,66,64,9,55
S01007648,Flat maisonette or apartment or mobile/temporary accommodation,111,29,21,8,82,25,57
S01007649,All households,339,206,120,86,133,62,71
S01007649,Whole house or bungalow: Total,311,193,115,78,118,55,63
S01007649,Whole house or bungalow: Detached,68,40,22,18,28,7,21
S01007649,Whole house or bungalow: Semi-detached,85,49,29,20,36,15,21
S01007649,Whole house or bungalow: Terraced (including end-terrace),158,104,64,40,54,33,21
S01007649,Flat maisonette or apartment or mobile/temporary accommodation,28,13,5,8,15,7,8
S01007650,All households,420,273,152,121,147,39,108
S01007650,Whole house or bungalow: Total,415,271,151,120,144,39,105
S01007650,Whole house or bungalow: Detached,222,157,101,56,65,2,63
S01007650,Whole house or bungalow: Semi-detached,89,45,18,27,44,16,28
S01007650,Whole house or bungalow: Terraced (including end-terrace),104,69,32,37,35,21,14
S01007650,Flat maisonette or apartment or mobile/temporary accommodation,5,2,1,1,3,0,3
S01007651,All households,227,130,70,60,97,17,80
S01007651,Whole house or bungalow: Total,226,130,70,60,96,16,80
S01007651,Whole house or bungalow: Detached,155,99,57,42,56,0,56
S01007651,Whole house or bungalow: Semi-detached,57,24,11,13,33,14,19
S01007651,Whole house or bungalow: Terraced (including end-terrace),14,7,2,5,7,2,5
S01007651,Flat maisonette or apartment or mobile/temporary accommodation,1,0,0,0,1,1,0
S01007652,All households,257,172,102,70,85,46,39
S01007652,Whole house or bungalow: Total,221,153,84,69,68,35,33
S01007652,Whole house or bungalow: Detached,123,102,62,40,21,2,19
S01007652,Whole house or bungalow: Semi-detached,66,36,16,20,30,20,10
S01007652,Whole house or bungalow: Terraced (including end-terrace),32,15,6,9,17,13,4
S01007652,Flat maisonette or apartment or mobile/temporary accommodation,36,19,18,1,17,11,6
S01007653,All households,378,292,170,122,86,51,35
S01007653,Whole house or bungalow: Total,367,287,167,120,80,48,32
S01007653,Whole house or bungalow: Detached,206,185,114,71,21,5,16
S01007653,Whole house or bungalow: Semi-detached,117,73,40,33,44,32,12
S01007653,Whole house or bungalow: Terraced (including end-terrace),44,29,13,16,15,11,4
S01007653,Flat maisonette or apartment or mobile/temporary accommodation,11,5,3,2,6,3,3
S01007654,All households,465,256,145,111,209,125,84
S01007654,Whole house or bungalow: Total,419,248,139,109,171,100,71
S01007654,Whole house or bungalow: Detached,153,115,74,41,38,3,35
S01007654,Whole house or bungalow: Semi-detached,125,73,36,37,52,36,16
S01007654,Whole house or bungalow: Terraced (including end-terrace),141,60,29,31,81,61,20
S01007654,Flat maisonette or apartment or mobile/temporary accommodation,46,8,6,2,38,25,13
S01007655,All households,341,211,141,70,130,17,113
S01007655,Whole house or bungalow: Total,337,210,140,70,127,14,113
S01007655,Whole house or bungalow: Detached,264,175,118,57,89,3,86
S01007655,Whole house or bungalow: Semi-detached,61,28,20,8,33,8,25
S01007655,Whole house or bungalow: Terraced (including end-terrace),12,7,2,5,5,3,2
S01007655,Flat maisonette or apartment or mobile/temporary accommodation,4,1,1,0,3,3,0
S01007656,All households,358,142,104,38,216,7,209
S01007656,Whole house or bungalow: Total,349,142,104,38,207,4,203
S01007656,Whole house or bungalow: Detached,249,126,94,32,123,1,122
S01007656,Whole house or bungalow: Semi-detached,79,13,8,5,66,2,64
S01007656,Whole house or bungalow: Terraced (including end-terrace),21,3,2,1,18,1,17
S01007656,Flat maisonette or apartment or mobile/temporary accommodation,9,0,0,0,9,3,6
S01007657,All households,176,110,66,44,66,11,55
S01007657,Whole house or bungalow: Total,173,110,66,44,63,9,54
S01007657,Whole house or bungalow: Detached,107,71,47,24,36,0,36
S01007657,Whole house or bungalow: Semi-detached,52,33,17,16,19,5,14
S01007657,Whole house or bungalow: Terraced (including end-terrace),14,6,2,4,8,4,4
S01007657,Flat maisonette or apartment or mobile/temporary accommodation,3,0,0,0,3,2,1
S01007658,All households,231,158,99,59,73,4,69
S01007658,Whole house or bungalow: Total,228,157,98,59,71,3,68
S01007658,Whole house or bungalow: Detached,116,79,53,26,37,0,37
S01007658,Whole house or bungalow: Semi-detached,65,40,21,19,25,2,23
S01007658,Whole house or bungalow: Terraced (including end-terrace),47,38,24,14,9,1,8
S01007658,Flat maisonette or apartment or mobile/temporary accommodation,3,1,1,0,2,1,1
S01007659,All households,366,230,145,85,136,69,67
S01007659,Whole house or bungalow: Total,356,227,143,84,129,64,65
S01007659,Whole house or bungalow: Detached,175,127,86,41,48,10,38
S01007659,Whole house or bungalow: Semi-detached,95,61,38,23,34,17,17
S01007659,Whole house or bungalow: Terraced (including end-terrace),86,39,19,20,47,37,10
S01007659,Flat maisonette or apartment or mobile/temporary accommodation,10,3,2,1,7,5,2
S01007660,All households,400,149,54,95,251,204,47
S01007660,Whole house or bungalow: Total,327,142,51,91,185,153,32
S01007660,Whole house or bungalow: Detached,21,10,5,5,11,8,3
S01007660,Whole house or bungalow: Semi-detached,107,46,20,26,61,50,11
S01007660,Whole house or bungalow: Terraced (including end-terrace),199,86,26,60,113,95,18
S01007660,Flat maisonette or apartment or mobile/temporary accommodation,73,7,3,4,66,51,15
S01007661,All households,327,205,117,88,122,57,65
S01007661,Whole house or bungalow: Total,217,158,80,78,59,29,30
S01007661,Whole house or bungalow: Detached,48,42,27,15,6,1,5
S01007661,Whole house or bungalow: Semi-detached,88,60,29,31,28,15,13
S01007661,Whole house or bungalow: Terraced (including end-terrace),81,56,24,32,25,13,12
S01007661,Flat maisonette or apartment or mobile/temporary accommodation,110,47,37,10,63,28,35
S01007662,All households,493,286,175,111,207,128,79
S01007662,Whole house or bungalow: Total,367,266,165,101,101,45,56
S01007662,Whole house or bungalow: Detached,60,52,34,18,8,1,7
S01007662,Whole house or bungalow: Semi-detached,123,89,59,30,34,20,14
S01007662,Whole house or bungalow: Terraced (including end-terrace),184,125,72,53,59,24,35
S01007662,Flat maisonette or apartment or mobile/temporary accommodation,126,20,10,10,106,83,23
S01007663,All households,387,276,163,113,111,67,44
S01007663,Whole house or bungalow: Total,373,276,163,113,97,61,36
S01007663,Whole house or bungalow: Detached,95,84,61,23,11,4,7
S01007663,Whole house or bungalow: Semi-detached,123,86,45,41,37,23,14
S01007663,Whole house or bungalow: Terraced (including end-terrace),155,106,57,49,49,34,15
S01007663,Flat maisonette or apartment or mobile/temporary accommodation,14,0,0,0,14,6,8
S01007664,All households,283,143,81,62,140,105,35
S01007664,Whole house or bungalow: Total,223,128,72,56,95,71,24
S01007664,Whole house or bungalow: Detached,26,12,7,5,14,10,4
S01007664,Whole house or bungalow: Semi-detached,101,51,30,21,50,37,13
S01007664,Whole house or bungalow: Terraced (including end-terrace),96,65,35,30,31,24,7
S01007664,Flat maisonette or apartment or mobile/temporary accommodation,60,15,9,6,45,34,11
S01007665,All households,275,190,75,115,85,46,39
S01007665,Whole house or bungalow: Total,269,189,74,115,80,43,37
S01007665,Whole house or bungalow: Detached,45,38,19,19,7,3,4
S01007665,Whole house or bungalow: Semi-detached,80,57,19,38,23,12,11
S01007665,Whole house or bungalow: Terraced (including end-terrace),144,94,36,58,50,28,22
S01007665,Flat maisonette or apartment or mobile/temporary accommodation,6,1,1,0,5,3,2
S01007666,All households,198,177,96,81,21,7,14
S01007666,Whole house or bungalow: Total,196,177,96,81,19,5,14
S01007666,Whole house or bungalow: Detached,150,141,73,68,9,1,8
S01007666,Whole house or bungalow: Semi-detached,34,28,18,10,6,1,5
S01007666,Whole house or bungalow: Terraced (including end-terrace),12,8,5,3,4,3,1
S01007666,Flat maisonette or apartment or mobile/temporary accommodation,2,0,0,0,2,2,0
S01007667,All households,283,251,141,110,32,9,23
S01007667,Whole house or bungalow: Total,278,249,140,109,29,7,22
S01007667,Whole house or bungalow: Detached,147,137,83,54,10,0,10
S01007667,Whole house or bungalow: Semi-detached,112,99,54,45,13,2,11
S01007667,Whole house or bungalow: Terraced (including end-terrace),19,13,3,10,6,5,1
S01007667,Flat maisonette or apartment or mobile/temporary accommodation,5,2,1,1,3,2,1
S01007668,All households,468,264,117,147,204,169,35
S01007668,Whole house or bungalow: Total,433,263,116,147,170,135,35
S01007668,Whole house or bungalow: Detached,16,7,5,2,9,6,3
S01007668,Whole house or bungalow: Semi-detached,196,132,62,70,64,48,16
S01007668,Whole house or bungalow: Terraced (including end-terrace),221,124,49,75,97,81,16
S01007668,Flat maisonette or apartment or mobile/temporary accommodation,35,1,1,0,34,34,0
S01007669,All households,268,86,39,47,182,165,17
S01007669,Whole house or bungalow: Total,201,86,39,47,115,102,13
S01007669,Whole house or bungalow: Detached,23,10,6,4,13,11,2
S01007669,Whole house or bungalow: Semi-detached,70,32,17,15,38,32,6
S01007669,Whole house or bungalow: Terraced (including end-terrace),108,44,16,28,64,59,5
S01007669,Flat maisonette or apartment or mobile/temporary accommodation,67,0,0,0,67,63,4
S01007670,All households,299,124,55,69,175,150,25
S01007670,Whole house or bungalow: Total,263,122,55,67,141,121,20
S01007670,Whole house or bungalow: Detached,39,33,15,18,6,2,4
S01007670,Whole house or bungalow: Semi-detached,120,50,22,28,70,64,6
S01007670,Whole house or bungalow: Terraced (including end-terrace),104,39,18,21,65,55,10
S01007670,Flat maisonette or apartment or mobile/temporary accommodation,36,2,0,2,34,29,5
S01007671,All households,289,242,142,100,47,9,38
S01007671,Whole house or bungalow: Total,285,241,141,100,44,7,37
S01007671,Whole house or bungalow: Detached,200,168,98,70,32,0,32
S01007671,Whole house or bungalow: Semi-detached,58,52,32,20,6,4,2
S01007671,Whole house or bungalow: Terraced (including end-terrace),27,21,11,10,6,3,3
S01007671,Flat maisonette or apartment or mobile/temporary accommodation,4,1,1,0,3,2,1
S01007672,All households,389,355,237,118,34,5,29
S01007672,Whole house or bungalow: Total,384,354,237,117,30,5,25
S01007672,Whole house or bungalow: Detached,281,263,185,78,18,1,17
S01007672,Whole house or bungalow: Semi-detached,59,54,32,22,5,1,4
S01007672,Whole house or bungalow: Terraced (including end-terrace),44,37,20,17,7,3,4
S01007672,Flat maisonette or apartment or mobile/temporary accommodation,5,1,0,1,4,0,4
S01007673,All households,304,250,132,118,54,13,41
S01007673,Whole house or bungalow: Total,285,246,130,116,39,12,27
S01007673,Whole house or bungalow: Detached,57,52,38,14,5,1,4
S01007673,Whole house or bungalow: Semi-detached,103,86,46,40,17,6,11
S01007673,Whole house or bungalow: Terraced (including end-terrace),125,108,46,62,17,5,12
S01007673,Flat maisonette or apartment or mobile/temporary accommodation,19,4,2,2,15,1,14
S01007674,All households,376,226,111,115,150,116,34
S01007674,Whole house or bungalow: Total,357,224,110,114,133,99,34
S01007674,Whole house or bungalow: Detached,44,35,22,13,9,7,2
S01007674,Whole house or bungalow: Semi-detached,117,70,32,38,47,32,15
S01007674,Whole house or bungalow: Terraced (including end-terrace),196,119,56,63,77,60,17
S01007674,Flat maisonette or apartment or mobile/temporary accommodation,19,2,1,1,17,17,0
S01007675,All households,251,215,117,98,36,14,22
S01007675,Whole house or bungalow: Total,249,214,116,98,35,14,21
S01007675,Whole house or bungalow: Detached,141,131,73,58,10,0,10
S01007675,Whole house or bungalow: Semi-detached,77,59,29,30,18,7,11
S01007675,Whole house or bungalow: Terraced (including end-terrace),31,24,14,10,7,7,0
S01007675,Flat maisonette or apartment or mobile/temporary accommodation,2,1,1,0,1,0,1
S01007676,All households,279,231,145,86,48,8,40
S01007676,Whole house or bungalow: Total,277,230,144,86,47,7,40
S01007676,Whole house or bungalow: Detached,199,177,117,60,22,1,21
S01007676,Whole house or bungalow: Semi-detached,64,42,21,21,22,5,17
S01007676,Whole house or bungalow: Terraced (including end-terrace),14,11,6,5,3,1,2
S01007676,Flat maisonette or apartment or mobile/temporary accommodation,2,1,1,0,1,1,0
S01007677,All households,201,167,87,80,34,9,25
S01007677,Whole house or bungalow: Total,190,166,87,79,24,2,22
S01007677,Whole house or bungalow: Detached,100,95,60,35,5,0,5
S01007677,Whole house or bungalow: Semi-detached,37,31,15,16,6,1,5
S01007677,Whole house or bungalow: Terraced (including end-terrace),53,40,12,28,13,1,12
S01007677,Flat maisonette or apartment or mobile/temporary accommodation,11,1,0,1,10,7,3
S01007678,All households,368,211,121,90,157,119,38
S01007678,Whole house or bungalow: Total,335,206,120,86,129,100,29
S01007678,Whole house or bungalow: Detached,51,37,27,10,14,10,4
S01007678,Whole house or bungalow: Semi-detached,113,61,30,31,52,38,14
S01007678,Whole house or bungalow: Terraced (including end-terrace),171,108,63,45,63,52,11
S01007678,Flat maisonette or apartment or mobile/temporary accommodation,33,5,1,4,28,19,9
S01007679,All households,381,221,142,79,160,133,27
S01007679,Whole house or bungalow: Total,315,179,103,76,136,111,25
S01007679,Whole house or bungalow: Detached,129,102,76,26,27,16,11
S01007679,Whole house or bungalow: Semi-detached,83,35,16,19,48,40,8
S01007679,Whole house or bungalow: Terraced (including end-terrace),103,42,11,31,61,55,6
S01007679,Flat maisonette or apartment or mobile/temporary accommodation,66,42,39,3,24,22,2
S01007680,All households,386,356,192,164,30,2,28
S01007680,Whole house or bungalow: Total,382,354,191,163,28,2,26
S01007680,Whole house or bungalow: Detached,101,97,68,29,4,0,4
S01007680,Whole house or bungalow: Semi-detached,263,239,115,124,24,2,22
S01007680,Whole house or bungalow: Terraced (including end-terrace),18,18,8,10,0,0,0
S01007680,Flat maisonette or apartment or mobile/temporary accommodation,4,2,1,1,2,0,2
S01007681,All households,192,134,60,74,58,37,21
S01007681,Whole house or bungalow: Total,187,133,60,73,54,34,20
S01007681,Whole house or bungalow: Detached,34,24,12,12,10,2,8
S01007681,Whole house or bungalow: Semi-detached,52,37,17,20,15,10,5
S01007681,Whole house or bungalow: Terraced (including end-terrace),101,72,31,41,29,22,7
S01007681,Flat maisonette or apartment or mobile/temporary accommodation,5,1,0,1,4,3,1
S01007682,All households,403,310,196,114,93,4,89
S01007682,Whole house or bungalow: Total,287,253,163,90,34,2,32
S01007682,Whole house or bungalow: Detached,156,144,94,50,12,0,12
S01007682,Whole house or bungalow: Semi-detached,117,101,65,36,16,0,16
S01007682,Whole house or bungalow: Terraced (including end-terrace),14,8,4,4,6,2,4
S01007682,Flat maisonette or apartment or mobile/temporary accommodation,116,57,33,24,59,2,57
S01007683,All households,301,196,106,90,105,8,97
S01007683,Whole house or bungalow: Total,207,176,96,80,31,3,28
S01007683,Whole house or bungalow: Detached,108,101,61,40,7,0,7
S01007683,Whole house or bungalow: Semi-detached,87,73,35,38,14,0,14
S01007683,Whole house or bungalow: Terraced (including end-terrace),12,2,0,2,10,3,7
S01007683,Flat maisonette or apartment or mobile/temporary accommodation,94,20,10,10,74,5,69
S01007684,All households,332,315,208,107,17,3,14
S01007684,Whole house or bungalow: Total,308,297,202,95,11,1,10
S01007684,Whole house or bungalow: Detached,190,184,130,54,6,0,6
S01007684,Whole house or bungalow: Semi-detached,109,106,70,36,3,1,2
S01007684,Whole house or bungalow: Terraced (including end-terrace),9,7,2,5,2,0,2
S01007684,Flat maisonette or apartment or mobile/temporary accommodation,24,18,6,12,6,2,4
S01007685,All households,273,247,139,108,26,3,23
S01007685,Whole house or bungalow: Total,204,191,110,81,13,1,12
S01007685,Whole house or bungalow: Detached,91,86,62,24,5,0,5
S01007685,Whole house or bungalow: Semi-detached,70,65,29,36,5,0,5
S01007685,Whole house or bungalow: Terraced (including end-terrace),43,40,19,21,3,1,2
S01007685,Flat maisonette or apartment or mobile/temporary accommodation,69,56,29,27,13,2,11
S01007686,All households,320,241,148,93,79,5,74
S01007686,Whole house or bungalow: Total,215,196,124,72,19,1,18
S01007686,Whole house or bungalow: Detached,99,88,61,27,11,0,11
S01007686,Whole house or bungalow: Semi-detached,95,92,55,37,3,0,3
S01007686,Whole house or bungalow: Terraced (including end-terrace),21,16,8,8,5,1,4
S01007686,Flat maisonette or apartment or mobile/temporary accommodation,105,45,24,21,60,4,56
S01007687,All households,399,243,130,113,156,8,148
S01007687,Whole house or bungalow: Total,147,131,74,57,16,1,15
S01007687,Whole house or bungalow: Detached,49,46,29,17,3,0,3
S01007687,Whole house or bungalow: Semi-detached,49,39,22,17,10,1,9
S01007687,Whole house or bungalow: Terraced (including end-terrace),49,46,23,23,3,0,3
S01007687,Flat maisonette or apartment or mobile/temporary accommodation,252,112,56,56,140,7,133
S01007688,All households,545,151,56,95,394,76,318
S01007688,Whole house or bungalow: Total,102,65,24,41,37,6,31
S01007688,Whole house or bungalow: Detached,26,19,10,9,7,2,5
S01007688,Whole house or bungalow: Semi-detached,39,26,8,18,13,3,10
S01007688,Whole house or bungalow: Terraced (including end-terrace),37,20,6,14,17,1,16
S01007688,Flat maisonette or apartment or mobile/temporary accommodation,443,86,32,54,357,70,287
S01007689,All households,288,95,28,67,193,45,148
S01007689,Whole house or bungalow: Total,43,17,6,11,26,6,20
S01007689,Whole house or bungalow: Detached,13,8,4,4,5,1,4
S01007689,Whole house or bungalow: Semi-detached,12,3,0,3,9,3,6
S01007689,Whole house or bungalow: Terraced (including end-terrace),18,6,2,4,12,2,10
S01007689,Flat maisonette or apartment or mobile/temporary accommodation,245,78,22,56,167,39,128
S01007690,All households,393,114,55,59,279,73,206
S01007690,Whole house or bungalow: Total,96,55,26,29,41,12,29
S01007690,Whole house or bungalow: Detached,24,22,12,10,2,0,2
S01007690,Whole house or bungalow: Semi-detached,23,4,2,2,19,8,11
S01007690,Whole house or bungalow: Terraced (including end-terrace),49,29,12,17,20,4,16
S01007690,Flat maisonette or apartment or mobile/temporary accommodation,297,59,29,30,238,61,177
S01007691,All households,515,60,27,33,455,182,273
S01007691,Whole house or bungalow: Total,38,12,4,8,26,6,20
S01007691,Whole house or bungalow: Detached,5,3,0,3,2,0,2
S01007691,Whole house or bungalow: Semi-detached,7,4,3,1,3,1,2
S01007691,Whole house or bungalow: Terraced (including end-terrace),26,5,1,4,21,5,16
S01007691,Flat maisonette or apartment or mobile/temporary accommodation,477,48,23,25,429,176,253
S01007692,All households,434,96,34,62,338,73,265
S01007692,Whole house or bungalow: Total,70,36,11,25,34,5,29
S01007692,Whole house or bungalow: Detached,18,10,2,8,8,2,6
S01007692,Whole house or bungalow: Semi-detached,31,20,8,12,11,1,10
S01007692,Whole house or bungalow: Terraced (including end-terrace),21,6,1,5,15,2,13
S01007692,Flat maisonette or apartment or mobile/temporary accommodation,364,60,23,37,304,68,236
S01007693,All households,347,36,18,18,311,96,215
S01007693,Whole house or bungalow: Total,19,10,7,3,9,3,6
S01007693,Whole house or bungalow: Detached,2,1,0,1,1,1,0
S01007693,Whole house or bungalow: Semi-detached,12,7,5,2,5,1,4
S01007693,Whole house or bungalow: Terraced (including end-terrace),5,2,2,0,3,1,2
S01007693,Flat maisonette or apartment or mobile/temporary accommodation,328,26,11,15,302,93,209
S01007694,All households,523,73,20,53,450,207,243
S01007694,Whole house or bungalow: Total,111,22,7,15,89,36,53
S01007694,Whole house or bungalow: Detached,18,6,3,3,12,10,2
S01007694,Whole house or bungalow: Semi-detached,48,9,4,5,39,21,18
S01007694,Whole house or bungalow: Terraced (including end-terrace),45,7,0,7,38,5,33
S01007694,Flat maisonette or apartment or mobile/temporary accommodation,412,51,13,38,361,171,190
S01007695,All households,614,179,87,92,435,209,226
S01007695,Whole house or bungalow: Total,48,41,21,20,7,6,1
S01007695,Whole house or bungalow: Detached,22,22,12,10,0,0,0
S01007695,Whole house or bungalow: Semi-detached,17,14,6,8,3,3,0
S01007695,Whole house or bungalow: Terraced (including end-terrace),9,5,3,2,4,3,1
S01007695,Flat maisonette or apartment or mobile/temporary accommodation,566,138,66,72,428,203,225
S01007696,All households,437,68,29,39,369,132,237
S01007696,Whole house or bungalow: Total,55,8,3,5,47,22,25
S01007696,Whole house or bungalow: Detached,2,1,1,0,1,1,0
S01007696,Whole house or bungalow: Semi-detached,27,3,2,1,24,11,13
S01007696,Whole house or bungalow: Terraced (including end-terrace),26,4,0,4,22,10,12
S01007696,Flat maisonette or apartment or mobile/temporary accommodation,382,60,26,34,322,110,212
S01007697,All households,608,220,106,114,388,177,211
S01007697,Whole house or bungalow: Total,61,45,23,22,16,8,8
S01007697,Whole house or bungalow: Detached,11,8,4,4,3,1,2
S01007697,Whole house or bungalow: Semi-detached,30,23,12,11,7,4,3
S01007697,Whole house or bungalow: Terraced (including end-terrace),20,14,7,7,6,3,3
S01007697,Flat maisonette or apartment or mobile/temporary accommodation,547,175,83,92,372,169,203
S01007698,All households,589,106,28,78,483,129,354
S01007698,Whole house or bungalow: Total,90,31,9,22,59,18,41
S01007698,Whole house or bungalow: Detached,11,8,5,3,3,1,2
S01007698,Whole house or bungalow: Semi-detached,36,9,1,8,27,14,13
S01007698,Whole house or bungalow: Terraced (including end-terrace),43,14,3,11,29,3,26
S01007698,Flat maisonette or apartment or mobile/temporary accommodation,499,75,19,56,424,111,313
S01007699,All households,454,99,35,64,355,90,265
S01007699,Whole house or bungalow: Total,72,28,15,13,44,29,15
S01007699,Whole house or bungalow: Detached,4,0,0,0,4,2,2
S01007699,Whole house or bungalow: Semi-detached,42,16,9,7,26,18,8
S01007699,Whole house or bungalow: Terraced (including end-terrace),26,12,6,6,14,9,5
S01007699,Flat maisonette or apartment or mobile/temporary accommodation,382,71,20,51,311,61,250
S01007700,All households,450,345,163,182,105,37,68
S01007700,Whole house or bungalow: Total,250,228,116,112,22,3,19
S01007700,Whole house or bungalow: Detached,96,88,52,36,8,1,7
S01007700,Whole house or bungalow: Semi-detached,129,120,56,64,9,1,8
S01007700,Whole house or bungalow: Terraced (including end-terrace),25,20,8,12,5,1,4
S01007700,Flat maisonette or apartment or mobile/temporary accommodation,200,117,47,70,83,34,49
S01007701,All households,318,61,30,31,257,161,96
S01007701,Whole house or bungalow: Total,14,8,4,4,6,4,2
S01007701,Whole house or bungalow: Detached,1,0,0,0,1,0,1
S01007701,Whole house or bungalow: Semi-detached,3,1,1,0,2,2,0
S01007701,Whole house or bungalow: Terraced (including end-terrace),10,7,3,4,3,2,1
S01007701,Flat maisonette or apartment or mobile/temporary accommodation,304,53,26,27,251,157,94
S01007702,All households,266,82,26,56,184,17,167
S01007702,Whole house or bungalow: Total,56,34,7,27,22,2,20
S01007702,Whole house or bungalow: Detached,6,2,0,2,4,0,4
S01007702,Whole house or bungalow: Semi-detached,47,30,6,24,17,2,15
S01007702,Whole house or bungalow: Terraced (including end-terrace),3,2,1,1,1,0,1
S01007702,Flat maisonette or apartment or mobile/temporary accommodation,210,48,19,29,162,15,147
S01007703,All households,398,229,102,127,169,73,96
S01007703,Whole house or bungalow: Total,113,95,41,54,18,4,14
S01007703,Whole house or bungalow: Detached,19,18,7,11,1,0,1
S01007703,Whole house or bungalow: Semi-detached,66,54,26,28,12,3,9
S01007703,Whole house or bungalow: Terraced (including end-terrace),28,23,8,15,5,1,4
S01007703,Flat maisonette or apartment or mobile/temporary accommodation,285,134,61,73,151,69,82
S01007704,All households,517,80,47,33,437,348,89
S01007704,Whole house or bungalow: Total,21,16,10,6,5,4,1
S01007704,Whole house or bungalow: Detached,7,5,1,4,2,2,0
S01007704,Whole house or bungalow: Semi-detached,11,10,9,1,1,1,0
S01007704,Whole house or bungalow: Terraced (including end-terrace),3,1,0,1,2,1,1
S01007704,Flat maisonette or apartment or mobile/temporary accommodation,496,64,37,27,432,344,88
S01007705,All households,262,25,8,17,237,31,206
S01007705,Whole house or bungalow: Total,7,6,3,3,1,0,1
S01007705,Whole house or bungalow: Detached,3,3,1,2,0,0,0
S01007705,Whole house or bungalow: Semi-detached,1,1,1,0,0,0,0
S01007705,Whole house or bungalow: Terraced (including end-terrace),3,2,1,1,1,0,1
S01007705,Flat maisonette or apartment or mobile/temporary accommodation,255,19,5,14,236,31,205
S01007706,All households,370,41,13,28,329,37,292
S01007706,Whole house or bungalow: Total,5,1,0,1,4,0,4
S01007706,Whole house or bungalow: Detached,0,0,0,0,0,0,0
S01007706,Whole house or bungalow: Semi-detached,1,0,0,0,1,0,1
S01007706,Whole house or bungalow: Terraced (including end-terrace),4,1,0,1,3,0,3
S01007706,Flat maisonette or apartment or mobile/temporary accommodation,365,40,13,27,325,37,288
S01007707,All households,465,123,39,84,342,20,322
S01007707,Whole house or bungalow: Total,74,37,10,27,37,10,27
S01007707,Whole house or bungalow: Detached,4,2,1,1,2,2,0
S01007707,Whole house or bungalow: Semi-detached,16,3,0,3,13,4,9
S01007707,Whole house or bungalow: Terraced (including end-terrace),54,32,9,23,22,4,18
S01007707,Flat maisonette or apartment or mobile/temporary accommodation,391,86,29,57,305,10,295
S01007708,All households,357,119,43,76,238,141,97
S01007708,Whole house or bungalow: Total,66,39,14,25,27,17,10
S01007708,Whole house or bungalow: Detached,4,4,2,2,0,0,0
S01007708,Whole house or bungalow: Semi-detached,12,4,2,2,8,7,1
S01007708,Whole house or bungalow: Terraced (including end-terrace),50,31,10,21,19,10,9
S01007708,Flat maisonette or apartment or mobile/temporary accommodation,291,80,29,51,211,124,87
S01007709,All households,309,92,34,58,217,124,93
S01007709,Whole house or bungalow: Total,64,31,12,19,33,20,13
S01007709,Whole house or bungalow: Detached,4,1,1,0,3,3,0
S01007709,Whole house or bungalow: Semi-detached,20,10,4,6,10,9,1
S01007709,Whole house or bungalow: Terraced (including end-terrace),40,20,7,13,20,8,12
S01007709,Flat maisonette or apartment or mobile/temporary accommodation,245,61,22,39,184,104,80
S01007710,All households,450,69,17,52,381,166,215
S01007710,Whole house or bungalow: Total,7,3,3,0,4,1,3
S01007710,Whole house or bungalow: Detached,1,0,0,0,1,0,1
S01007710,Whole house or bungalow: Semi-detached,5,3,3,0,2,1,1
S01007710,Whole house or bungalow: Terraced (including end-terrace),1,0,0,0,1,0,1
S01007710,Flat maisonette or apartment or mobile/temporary accommodation,443,66,14,52,377,165,212
S01007711,All households,493,83,35,48,410,248,162
S01007711,Whole house or bungalow: Total,82,31,14,17,51,37,14
S01007711,Whole house or bungalow: Detached,2,2,1,1,0,0,0
S01007711,Whole house or bungalow: Semi-detached,33,7,3,4,26,21,5
S01007711,Whole house or bungalow: Terraced (including end-terrace),47,22,10,12,25,16,9
S01007711,Flat maisonette or apartment or mobile/temporary accommodation,411,52,21,31,359,211,148
S01007712,All households,360,147,53,94,213,56,157
S01007712,Whole house or bungalow: Total,44,35,13,22,9,3,6
S01007712,Whole house or bungalow: Detached,12,9,5,4,3,1,2
S01007712,Whole house or bungalow: Semi-detached,16,11,2,9,5,2,3
S01007712,Whole house or bungalow: Terraced (including end-terrace),16,15,6,9,1,0,1
S01007712,Flat maisonette or apartment or mobile/temporary accommodation,316,112,40,72,204,53,151
S01007713,All households,229,93,40,53,136,76,60
S01007713,Whole house or bungalow: Total,64,41,16,25,23,18,5
S01007713,Whole house or bungalow: Detached,9,8,1,7,1,1,0
S01007713,Whole house or bungalow: Semi-detached,23,16,4,12,7,6,1
S01007713,Whole house or bungalow: Terraced (including end-terrace),32,17,11,6,15,11,4
S01007713,Flat maisonette or apartment or mobile/temporary accommodation,165,52,24,28,113,58,55
S01007714,All households,321,155,40,115,166,86,80
S01007714,Whole house or bungalow: Total,126,107,24,83,19,7,12
S01007714,Whole house or bungalow: Detached,6,5,1,4,1,0,1
S01007714,Whole house or bungalow: Semi-detached,51,42,8,34,9,4,5
S01007714,Whole house or bungalow: Terraced (including end-terrace),69,60,15,45,9,3,6
S01007714,Flat maisonette or apartment or mobile/temporary accommodation,195,48,16,32,147,79,68
S01007715,All households,267,70,22,48,197,108,89
S01007715,Whole house or bungalow: Total,75,35,14,21,40,30,10
S01007715,Whole house or bungalow: Detached,9,5,2,3,4,1,3
S01007715,Whole house or bungalow: Semi-detached,37,18,4,14,19,17,2
S01007715,Whole house or bungalow: Terraced (including end-terrace),29,12,8,4,17,12,5
S01007715,Flat maisonette or apartment or mobile/temporary accommodation,192,35,8,27,157,78,79
S01007716,All households,598,117,47,70,481,255,226
S01007716,Whole house or bungalow: Total,89,40,15,25,49,36,13
S01007716,Whole house or bungalow: Detached,8,2,2,0,6,4,2
S01007716,Whole house or bungalow: Semi-detached,31,10,4,6,21,18,3
S01007716,Whole house or bungalow: Terraced (including end-terrace),50,28,9,19,22,14,8
S01007716,Flat maisonette or apartment or mobile/temporary accommodation,509,77,32,45,432,219,213
S01007717,All households,567,113,37,76,454,244,210
S01007717,Whole house or bungalow: Total,94,18,5,13,76,66,10
S01007717,Whole house or bungalow: Detached,15,6,3,3,9,7,2
S01007717,Whole house or bungalow: Semi-detached,49,7,0,7,42,41,1
S01007717,Whole house or bungalow: Terraced (including end-terrace),30,5,2,3,25,18,7
S01007717,Flat maisonette or apartment or mobile/temporary accommodation,473,95,32,63,378,178,200
S01007718,All households,467,135,55,80,332,158,174
S01007718,Whole house or bungalow: Total,22,8,5,3,14,8,6
S01007718,Whole house or bungalow: Detached,5,4,4,0,1,0,1
S01007718,Whole house or bungalow: Semi-detached,8,3,0,3,5,4,1
S01007718,Whole house or bungalow: Terraced (including end-terrace),9,1,1,0,8,4,4
S01007718,Flat maisonette or apartment or mobile/temporary accommodation,445,127,50,77,318,150,168
S01007719,All households,651,232,82,150,419,266,153
S01007719,Whole house or bungalow: Total,29,22,9,13,7,5,2
S01007719,Whole house or bungalow: Detached,5,4,2,2,1,0,1
S01007719,Whole house or bungalow: Semi-detached,7,5,2,3,2,1,1
S01007719,Whole house or bungalow: Terraced (including end-terrace),17,13,5,8,4,4,0
S01007719,Flat maisonette or apartment or mobile/temporary accommodation,622,210,73,137,412,261,151
S01007720,All households,404,242,154,88,162,120,42
S01007720,Whole house or bungalow: Total,84,72,35,37,12,8,4
S01007720,Whole house or bungalow: Detached,19,17,3,14,2,2,0
S01007720,Whole house or bungalow: Semi-detached,18,13,6,7,5,3,2
S01007720,Whole house or bungalow: Terraced (including end-terrace),47,42,26,16,5,3,2
S01007720,Flat maisonette or apartment or mobile/temporary accommodation,320,170,119,51,150,112,38
S01007721,All households,435,202,76,126,233,137,96
S01007721,Whole house or bungalow: Total,83,29,11,18,54,50,4
S01007721,Whole house or bungalow: Detached,10,7,4,3,3,3,0
S01007721,Whole house or bungalow: Semi-detached,46,11,2,9,35,32,3
S01007721,Whole house or bungalow: Terraced (including end-terrace),27,11,5,6,16,15,1
S01007721,Flat maisonette or apartment or mobile/temporary accommodation,352,173,65,108,179,87,92
S01007722,All households,548,157,77,80,391,297,94
S01007722,Whole house or bungalow: Total,46,24,5,19,22,21,1
S01007722,Whole house or bungalow: Detached,11,9,0,9,2,1,1
S01007722,Whole house or bungalow: Semi-detached,19,12,5,7,7,7,0
S01007722,Whole house or bungalow: Terraced (including end-terrace),16,3,0,3,13,13,0
S01007722,Flat maisonette or apartment or mobile/temporary accommodation,502,133,72,61,369,276,93
S01007723,All households,604,167,72,95,437,316,121
S01007723,Whole house or bungalow: Total,27,15,4,11,12,8,4
S01007723,Whole house or bungalow: Detached,6,4,2,2,2,1,1
S01007723,Whole house or bungalow: Semi-detached,3,2,1,1,1,1,0
S01007723,Whole house or bungalow: Terraced (including end-terrace),18,9,1,8,9,6,3
S01007723,Flat maisonette or apartment or mobile/temporary accommodation,577,152,68,84,425,308,117
S01007724,All households,358,75,15,60,283,92,191
S01007724,Whole house or bungalow: Total,35,3,1,2,32,28,4
S01007724,Whole house or bungalow: Detached,1,0,0,0,1,1,0
S01007724,Whole house or bungalow: Semi-detached,23,3,1,2,20,19,1
S01007724,Whole house or bungalow: Terraced (including end-terrace),11,0,0,0,11,8,3
S01007724,Flat maisonette or apartment or mobile/temporary accommodation,323,72,14,58,251,64,187
S01007725,All households,498,154,55,99,344,153,191
S01007725,Whole house or bungalow: Total,15,7,2,5,8,4,4
S01007725,Whole house or bungalow: Detached,3,3,1,2,0,0,0
S01007725,Whole house or bungalow: Semi-detached,6,1,1,0,5,3,2
S01007725,Whole house or bungalow: Terraced (including end-terrace),6,3,0,3,3,1,2
S01007725,Flat maisonette or apartment or mobile/temporary accommodation,483,147,53,94,336,149,187
S01007726,All households,453,132,43,89,321,143,178
S01007726,Whole house or bungalow: Total,82,43,18,25,39,27,12
S01007726,Whole house or bungalow: Detached,4,4,2,2,0,0,0
S01007726,Whole house or bungalow: Semi-detached,34,16,4,12,18,13,5
S01007726,Whole house or bungalow: Terraced (including end-terrace),44,23,12,11,21,14,7
S01007726,Flat maisonette or apartment or mobile/temporary accommodation,371,89,25,64,282,116,166
S01007727,All households,591,119,39,80,472,238,234
S01007727,Whole house or bungalow: Total,97,37,14,23,60,36,24
S01007727,Whole house or bungalow: Detached,10,2,0,2,8,2,6
S01007727,Whole house or bungalow: Semi-detached,36,17,3,14,19,14,5
S01007727,Whole house or bungalow: Terraced (including end-terrace),51,18,11,7,33,20,13
S01007727,Flat maisonette or apartment or mobile/temporary accommodation,494,82,25,57,412,202,210
S01007728,All households,414,98,28,70,316,104,212
S01007728,Whole house or bungalow: Total,18,10,4,6,8,5,3
S01007728,Whole house or bungalow: Detached,4,4,0,4,0,0,0
S01007728,Whole house or bungalow: Semi-detached,8,4,3,1,4,2,2
S01007728,Whole house or bungalow: Terraced (including end-terrace),6,2,1,1,4,3,1
S01007728,Flat maisonette or apartment or mobile/temporary accommodation,396,88,24,64,308,99,209
S01007729,All households,439,117,49,68,322,90,232
S01007729,Whole house or bungalow: Total,31,22,11,11,9,1,8
S01007729,Whole house or bungalow: Detached,1,1,0,1,0,0,0
S01007729,Whole house or bungalow: Semi-detached,16,13,6,7,3,1,2
S01007729,Whole house or bungalow: Terraced (including end-terrace),14,8,5,3,6,0,6
S01007729,Flat maisonette or apartment or mobile/temporary accommodation,408,95,38,57,313,89,224
S01007730,All households,464,142,44,98,322,54,268
S01007730,Whole house or bungalow: Total,14,7,2,5,7,2,5
S01007730,Whole house or bungalow: Detached,2,1,0,1,1,0,1
S01007730,Whole house or bungalow: Semi-detached,4,3,2,1,1,0,1
S01007730,Whole house or bungalow: Terraced (including end-terrace),8,3,0,3,5,2,3
S01007730,Flat maisonette or apartment or mobile/temporary accommodation,450,135,42,93,315,52,263
S01007731,All households,396,121,33,88,275,105,170
S01007731,Whole house or bungalow: Total,53,25,1,24,28,23,5
S01007731,Whole house or bungalow: Detached,3,0,0,0,3,2,1
S01007731,Whole house or bungalow: Semi-detached,23,10,0,10,13,12,1
S01007731,Whole house or bungalow: Terraced (including end-terrace),27,15,1,14,12,9,3
S01007731,Flat maisonette or apartment or mobile/temporary accommodation,343,96,32,64,247,82,165
S01007732,All households,374,126,31,95,248,93,155
S01007732,Whole house or bungalow: Total,53,27,6,21,26,8,18
S01007732,Whole house or bungalow: Detached,5,4,1,3,1,0,1
S01007732,Whole house or bungalow: Semi-detached,13,7,1,6,6,2,4
S01007732,Whole house or bungalow: Terraced (including end-terrace),35,16,4,12,19,6,13
S01007732,Flat maisonette or apartment or mobile/temporary accommodation,321,99,25,74,222,85,137
S01007733,All households,338,271,111,160,67,3,64
S01007733,Whole house or bungalow: Total,235,214,90,124,21,1,20
S01007733,Whole house or bungalow: Detached,46,39,19,20,7,0,7
S01007733,Whole house or bungalow: Semi-detached,114,104,40,64,10,1,9
S01007733,Whole house or bungalow: Terraced (including end-terrace),75,71,31,40,4,0,4
S01007733,Flat maisonette or apartment or mobile/temporary accommodation,103,57,21,36,46,2,44
S01007734,All households,384,306,176,130,78,26,52
S01007734,Whole house or bungalow: Total,297,269,159,110,28,10,18
S01007734,Whole house or bungalow: Detached,127,119,70,49,8,0,8
S01007734,Whole house or bungalow: Semi-detached,152,133,77,56,19,10,9
S01007734,Whole house or bungalow: Terraced (including end-terrace),18,17,12,5,1,0,1
S01007734,Flat maisonette or apartment or mobile/temporary accommodation,87,37,17,20,50,16,34
S01007735,All households,359,300,166,134,59,21,38
S01007735,Whole house or bungalow: Total,308,272,157,115,36,17,19
S01007735,Whole house or bungalow: Detached,109,103,63,40,6,0,6
S01007735,Whole house or bungalow: Semi-detached,187,160,92,68,27,16,11
S01007735,Whole house or bungalow: Terraced (including end-terrace),12,9,2,7,3,1,2
S01007735,Flat maisonette or apartment or mobile/temporary accommodation,51,28,9,19,23,4,19
S01007736,All households,309,246,122,124,63,15,48
S01007736,Whole house or bungalow: Total,165,150,81,69,15,7,8
S01007736,Whole house or bungalow: Detached,51,48,26,22,3,0,3
S01007736,Whole house or bungalow: Semi-detached,97,88,45,43,9,5,4
S01007736,Whole house or bungalow: Terraced (including end-terrace),17,14,10,4,3,2,1
S01007736,Flat maisonette or apartment or mobile/temporary accommodation,144,96,41,55,48,8,40
S01007737,All households,554,272,133,139,282,147,135
S01007737,Whole house or bungalow: Total,166,100,40,60,66,30,36
S01007737,Whole house or bungalow: Detached,60,52,16,36,8,0,8
S01007737,Whole house or bungalow: Semi-detached,42,25,12,13,17,6,11
S01007737,Whole house or bungalow: Terraced (including end-terrace),64,23,12,11,41,24,17
S01007737,Flat maisonette or apartment or mobile/temporary accommodation,388,172,93,79,216,117,99
S01007738,All households,358,269,174,95,89,58,31
S01007738,Whole house or bungalow: Total,266,216,136,80,50,38,12
S01007738,Whole house or bungalow: Detached,45,41,26,15,4,0,4
S01007738,Whole house or bungalow: Semi-detached,176,141,87,54,35,28,7
S01007738,Whole house or bungalow: Terraced (including end-terrace),45,34,23,11,11,10,1
S01007738,Flat maisonette or apartment or mobile/temporary accommodation,92,53,38,15,39,20,19
S01007739,All households,347,166,87,79,181,159,22
S01007739,Whole house or bungalow: Total,147,110,59,51,37,30,7
S01007739,Whole house or bungalow: Detached,40,38,21,17,2,1,1
S01007739,Whole house or bungalow: Semi-detached,49,33,17,16,16,14,2
S01007739,Whole house or bungalow: Terraced (including end-terrace),58,39,21,18,19,15,4
S01007739,Flat maisonette or apartment or mobile/temporary accommodation,200,56,28,28,144,129,15
S01007740,All households,265,202,108,94,63,27,36
S01007740,Whole house or bungalow: Total,155,141,83,58,14,5,9
S01007740,Whole house or bungalow: Detached,51,50,33,17,1,0,1
S01007740,Whole house or bungalow: Semi-detached,62,54,39,15,8,3,5
S01007740,Whole house or bungalow: Terraced (including end-terrace),42,37,11,26,5,2,3
S01007740,Flat maisonette or apartment or mobile/temporary accommodation,110,61,25,36,49,22,27
S01007741,All households,435,195,102,93,240,203,37
S01007741,Whole house or bungalow: Total,208,144,79,65,64,51,13
S01007741,Whole house or bungalow: Detached,43,37,24,13,6,2,4
S01007741,Whole house or bungalow: Semi-detached,62,44,20,24,18,16,2
S01007741,Whole house or bungalow: Terraced (including end-terrace),103,63,35,28,40,33,7
S01007741,Flat maisonette or apartment or mobile/temporary accommodation,227,51,23,28,176,152,24
S01007742,All households,328,206,121,85,122,85,37
S01007742,Whole house or bungalow: Total,148,123,67,56,25,14,11
S01007742,Whole house or bungalow: Detached,34,32,20,12,2,0,2
S01007742,Whole house or bungalow: Semi-detached,94,76,39,37,18,10,8
S01007742,Whole house or bungalow: Terraced (including end-terrace),20,15,8,7,5,4,1
S01007742,Flat maisonette or apartment or mobile/temporary accommodation,180,83,54,29,97,71,26
S01007743,All households,457,214,78,136,243,188,55
S01007743,Whole house or bungalow: Total,191,133,52,81,58,36,22
S01007743,Whole house or bungalow: Detached,20,16,2,14,4,2,2
S01007743,Whole house or bungalow: Semi-detached,91,59,23,36,32,23,9
S01007743,Whole house or bungalow: Terraced (including end-terrace),80,58,27,31,22,11,11
S01007743,Flat maisonette or apartment or mobile/temporary accommodation,266,81,26,55,185,152,33
S01007744,All households,403,128,50,78,275,243,32
S01007744,Whole house or bungalow: Total,166,92,43,49,74,62,12
S01007744,Whole house or bungalow: Detached,3,1,0,1,2,2,0
S01007744,Whole house or bungalow: Semi-detached,100,60,28,32,40,34,6
S01007744,Whole house or bungalow: Terraced (including end-terrace),63,31,15,16,32,26,6
S01007744,Flat maisonette or apartment or mobile/temporary accommodation,237,36,7,29,201,181,20
S01007745,All households,378,174,68,106,204,163,41
S01007745,Whole house or bungalow: Total,132,100,33,67,32,23,9
S01007745,Whole house or bungalow: Detached,7,5,3,2,2,0,2
S01007745,Whole house or bungalow: Semi-detached,79,57,14,43,22,16,6
S01007745,Whole house or bungalow: Terraced (including end-terrace),46,38,16,22,8,7,1
S01007745,Flat maisonette or apartment or mobile/temporary accommodation,246,74,35,39,172,140,32
S01007746,All households,409,207,71,136,202,181,21
S01007746,Whole house or bungalow: Total,256,173,56,117,83,73,10
S01007746,Whole house or bungalow: Detached,8,5,1,4,3,3,0
S01007746,Whole house or bungalow: Semi-detached,148,97,32,65,51,45,6
S01007746,Whole house or bungalow: Terraced (including end-terrace),100,71,23,48,29,25,4
S01007746,Flat maisonette or apartment or mobile/temporary accommodation,153,34,15,19,119,108,11
S01007747,All households,242,121,57,64,121,88,33
S01007747,Whole house or bungalow: Total,174,114,56,58,60,32,28
S01007747,Whole house or bungalow: Detached,3,1,0,1,2,2,0
S01007747,Whole house or bungalow: Semi-detached,96,56,25,31,40,20,20
S01007747,Whole house or bungalow: Terraced (including end-terrace),75,57,31,26,18,10,8
S01007747,Flat maisonette or apartment or mobile/temporary accommodation,68,7,1,6,61,56,5
S01007748,All households,369,93,36,57,276,257,19
S01007748,Whole house or bungalow: Total,128,75,28,47,53,45,8
S01007748,Whole house or bungalow: Detached,2,2,2,0,0,0,0
S01007748,Whole house or bungalow: Semi-detached,80,40,15,25,40,35,5
S01007748,Whole house or bungalow: Terraced (including end-terrace),46,33,11,22,13,10,3
S01007748,Flat maisonette or apartment or mobile/temporary accommodation,241,18,8,10,223,212,11
S01007749,All households,281,260,133,127,21,5,16
S01007749,Whole house or bungalow: Total,274,259,133,126,15,3,12
S01007749,Whole house or bungalow: Detached,84,79,48,31,5,0,5
S01007749,Whole house or bungalow: Semi-detached,185,178,84,94,7,0,7
S01007749,Whole house or bungalow: Terraced (including end-terrace),5,2,1,1,3,3,0
S01007749,Flat maisonette or apartment or mobile/temporary accommodation,7,1,0,1,6,2,4
S01007750,All households,358,337,216,121,21,5,16
S01007750,Whole house or bungalow: Total,318,308,194,114,10,1,9
S01007750,Whole house or bungalow: Detached,182,179,113,66,3,0,3
S01007750,Whole house or bungalow: Semi-detached,129,124,80,44,5,1,4
S01007750,Whole house or bungalow: Terraced (including end-terrace),7,5,1,4,2,0,2
S01007750,Flat maisonette or apartment or mobile/temporary accommodation,40,29,22,7,11,4,7
S01007751,All households,337,308,212,96,29,0,29
S01007751,Whole house or bungalow: Total,246,232,160,72,14,0,14
S01007751,Whole house or bungalow: Detached,171,167,119,48,4,0,4
S01007751,Whole house or bungalow: Semi-detached,69,61,39,22,8,0,8
S01007751,Whole house or bungalow: Terraced (including end-terrace),6,4,2,2,2,0,2
S01007751,Flat maisonette or apartment or mobile/temporary accommodation,91,76,52,24,15,0,15
S01007752,All households,356,290,171,119,66,40,26
S01007752,Whole house or bungalow: Total,182,166,96,70,16,3,13
S01007752,Whole house or bungalow: Detached,88,80,51,29,8,1,7
S01007752,Whole house or bungalow: Semi-detached,83,76,42,34,7,2,5
S01007752,Whole house or bungalow: Terraced (including end-terrace),11,10,3,7,1,0,1
S01007752,Flat maisonette or apartment or mobile/temporary accommodation,174,124,75,49,50,37,13
S01007753,All households,241,120,46,74,121,102,19
S01007753,Whole house or bungalow: Total,166,108,44,64,58,46,12
S01007753,Whole house or bungalow: Detached,3,1,0,1,2,2,0
S01007753,Whole house or bungalow: Semi-detached,74,45,22,23,29,22,7
S01007753,Whole house or bungalow: Terraced (including end-terrace),89,62,22,40,27,22,5
S01007753,Flat maisonette or apartment or mobile/temporary accommodation,75,12,2,10,63,56,7
S01007754,All households,414,185,88,97,229,208,21
S01007754,Whole house or bungalow: Total,329,183,86,97,146,127,19
S01007754,Whole house or bungalow: Detached,13,6,2,4,7,5,2
S01007754,Whole house or bungalow: Semi-detached,181,88,40,48,93,84,9
S01007754,Whole house or bungalow: Terraced (including end-terrace),135,89,44,45,46,38,8
S01007754,Flat maisonette or apartment or mobile/temporary accommodation,85,2,2,0,83,81,2
S01007755,All households,417,166,81,85,251,223,28
S01007755,Whole house or bungalow: Total,280,159,76,83,121,102,19
S01007755,Whole house or bungalow: Detached,12,4,2,2,8,8,0
S01007755,Whole house or bungalow: Semi-detached,133,74,36,38,59,48,11
S01007755,Whole house or bungalow: Terraced (including end-terrace),135,81,38,43,54,46,8
S01007755,Flat maisonette or apartment or mobile/temporary accommodation,137,7,5,2,130,121,9
S01007756,All households,298,145,69,76,153,124,29
S01007756,Whole house or bungalow: Total,233,139,66,73,94,70,24
S01007756,Whole house or bungalow: Detached,5,2,0,2,3,3,0
S01007756,Whole house or bungalow: Semi-detached,99,62,30,32,37,25,12
S01007756,Whole house or bungalow: Terraced (including end-terrace),129,75,36,39,54,42,12
S01007756,Flat maisonette or apartment or mobile/temporary accommodation,65,6,3,3,59,54,5
S01007757,All households,371,350,224,126,21,2,19
S01007757,Whole house or bungalow: Total,364,347,223,124,17,1,16
S01007757,Whole house or bungalow: Detached,154,146,91,55,8,0,8
S01007757,Whole house or bungalow: Semi-detached,206,199,131,68,7,1,6
S01007757,Whole house or bungalow: Terraced (including end-terrace),4,2,1,1,2,0,2
S01007757,Flat maisonette or apartment or mobile/temporary accommodation,7,3,1,2,4,1,3
S01007758,All households,468,384,260,124,84,8,76
S01007758,Whole house or bungalow: Total,279,261,173,88,18,1,17
S01007758,Whole house or bungalow: Detached,149,141,103,38,8,0,8
S01007758,Whole house or bungalow: Semi-detached,83,79,44,35,4,1,3
S01007758,Whole house or bungalow: Terraced (including end-terrace),47,41,26,15,6,0,6
S01007758,Flat maisonette or apartment or mobile/temporary accommodation,189,123,87,36,66,7,59
S01007759,All households,618,250,133,117,368,110,258
S01007759,Whole house or bungalow: Total,130,85,54,31,45,15,30
S01007759,Whole house or bungalow: Detached,41,30,22,8,11,2,9
S01007759,Whole house or bungalow: Semi-detached,48,31,19,12,17,8,9
S01007759,Whole house or bungalow: Terraced (including end-terrace),41,24,13,11,17,5,12
S01007759,Flat maisonette or apartment or mobile/temporary accommodation,488,165,79,86,323,95,228
S01007760,All households,262,239,152,87,23,3,20
S01007760,Whole house or bungalow: Total,195,188,120,68,7,2,5
S01007760,Whole house or bungalow: Detached,105,102,66,36,3,0,3
S01007760,Whole house or bungalow: Semi-detached,75,72,44,28,3,1,2
S01007760,Whole house or bungalow: Terraced (including end-terrace),15,14,10,4,1,1,0
S01007760,Flat maisonette or apartment or mobile/temporary accommodation,67,51,32,19,16,1,15
S01007761,All households,383,324,181,143,59,5,54
S01007761,Whole house or bungalow: Total,253,233,125,108,20,0,20
S01007761,Whole house or bungalow: Detached,87,81,44,37,6,0,6
S01007761,Whole house or bungalow: Semi-detached,115,104,55,49,11,0,11
S01007761,Whole house or bungalow: Terraced (including end-terrace),51,48,26,22,3,0,3
S01007761,Flat maisonette or apartment or mobile/temporary accommodation,130,91,56,35,39,5,34
S01007762,All households,474,265,162,103,209,23,186
S01007762,Whole house or bungalow: Total,118,89,52,37,29,5,24
S01007762,Whole house or bungalow: Detached,43,34,21,13,9,1,8
S01007762,Whole house or bungalow: Semi-detached,37,28,17,11,9,2,7
S01007762,Whole house or bungalow: Terraced (including end-terrace),38,27,14,13,11,2,9
S01007762,Flat maisonette or apartment or mobile/temporary accommodation,356,176,110,66,180,18,162
S01007763,All households,329,123,57,66,206,184,22
S01007763,Whole house or bungalow: Total,90,67,26,41,23,14,9
S01007763,Whole house or bungalow: Detached,16,14,4,10,2,0,2
S01007763,Whole house or bungalow: Semi-detached,36,30,10,20,6,2,4
S01007763,Whole house or bungalow: Terraced (including end-terrace),38,23,12,11,15,12,3
S01007763,Flat maisonette or apartment or mobile/temporary accommodation,239,56,31,25,183,170,13
S01007764,All households,310,288,145,143,22,4,18
S01007764,Whole house or bungalow: Total,290,278,141,137,12,2,10
S01007764,Whole house or bungalow: Detached,105,101,59,42,4,0,4
S01007764,Whole house or bungalow: Semi-detached,178,172,81,91,6,2,4
S01007764,Whole house or bungalow: Terraced (including end-terrace),7,5,1,4,2,0,2
S01007764,Flat maisonette or apartment or mobile/temporary accommodation,20,10,4,6,10,2,8
S01007765,All households,308,288,172,116,20,2,18
S01007765,Whole house or bungalow: Total,288,276,167,109,12,0,12
S01007765,Whole house or bungalow: Detached,122,116,79,37,6,0,6
S01007765,Whole house or bungalow: Semi-detached,157,152,85,67,5,0,5
S01007765,Whole house or bungalow: Terraced (including end-terrace),9,8,3,5,1,0,1
S01007765,Flat maisonette or apartment or mobile/temporary accommodation,20,12,5,7,8,2,6
S01007766,All households,382,361,202,159,21,5,16
S01007766,Whole house or bungalow: Total,376,360,202,158,16,2,14
S01007766,Whole house or bungalow: Detached,139,136,88,48,3,1,2
S01007766,Whole house or bungalow: Semi-detached,229,216,112,104,13,1,12
S01007766,Whole house or bungalow: Terraced (including end-terrace),8,8,2,6,0,0,0
S01007766,Flat maisonette or apartment or mobile/temporary accommodation,6,1,0,1,5,3,2
S01007767,All households,398,369,208,161,29,1,28
S01007767,Whole house or bungalow: Total,365,352,200,152,13,0,13
S01007767,Whole house or bungalow: Detached,149,143,89,54,6,0,6
S01007767,Whole house or bungalow: Semi-detached,198,191,103,88,7,0,7
S01007767,Whole house or bungalow: Terraced (including end-terrace),18,18,8,10,0,0,0
S01007767,Flat maisonette or apartment or mobile/temporary accommodation,33,17,8,9,16,1,15
S01007768,All households,356,229,127,102,127,51,76
S01007768,Whole house or bungalow: Total,136,117,70,47,19,7,12
S01007768,Whole house or bungalow: Detached,46,44,31,13,2,0,2
S01007768,Whole house or bungalow: Semi-detached,42,35,19,16,7,2,5
S01007768,Whole house or bungalow: Terraced (including end-terrace),48,38,20,18,10,5,5
S01007768,Flat maisonette or apartment or mobile/temporary accommodation,220,112,57,55,108,44,64
S01007769,All households,325,287,171,116,38,14,24
S01007769,Whole house or bungalow: Total,261,249,150,99,12,3,9
S01007769,Whole house or bungalow: Detached,148,146,96,50,2,0,2
S01007769,Whole house or bungalow: Semi-detached,97,92,50,42,5,1,4
S01007769,Whole house or bungalow: Terraced (including end-terrace),16,11,4,7,5,2,3
S01007769,Flat maisonette or apartment or mobile/temporary accommodation,64,38,21,17,26,11,15
S01007770,All households,318,276,164,112,42,4,38
S01007770,Whole house or bungalow: Total,269,249,154,95,20,3,17
S01007770,Whole house or bungalow: Detached,169,162,113,49,7,0,7
S01007770,Whole house or bungalow: Semi-detached,84,75,37,38,9,3,6
S01007770,Whole house or bungalow: Terraced (including end-terrace),16,12,4,8,4,0,4
S01007770,Flat maisonette or apartment or mobile/temporary accommodation,49,27,10,17,22,1,21
S01007771,All households,235,226,140,86,9,0,9
S01007771,Whole house or bungalow: Total,223,218,138,80,5,0,5
S01007771,Whole house or bungalow: Detached,124,120,80,40,4,0,4
S01007771,Whole house or bungalow: Semi-detached,93,93,56,37,0,0,0
S01007771,Whole house or bungalow: Terraced (including end-terrace),6,5,2,3,1,0,1
S01007771,Flat maisonette or apartment or mobile/temporary accommodation,12,8,2,6,4,0,4
S01007772,All households,546,276,141,135,270,172,98
S01007772,Whole house or bungalow: Total,293,175,92,83,118,73,45
S01007772,Whole house or bungalow: Detached,29,24,18,6,5,1,4
S01007772,Whole house or bungalow: Semi-detached,90,41,24,17,49,26,23
S01007772,Whole house or bungalow: Terraced (including end-terrace),174,110,50,60,64,46,18
S01007772,Flat maisonette or apartment or mobile/temporary accommodation,253,101,49,52,152,99,53
S01007773,All households,314,304,166,138,10,3,7
S01007773,Whole house or bungalow: Total,309,303,165,138,6,1,5
S01007773,Whole house or bungalow: Detached,144,144,73,71,0,0,0
S01007773,Whole house or bungalow: Semi-detached,159,154,89,65,5,0,5
S01007773,Whole house or bungalow: Terraced (including end-terrace),6,5,3,2,1,1,0
S01007773,Flat maisonette or apartment or mobile/temporary accommodation,5,1,1,0,4,2,2
S01007774,All households,323,298,40,258,25,5,20
S01007774,Whole house or bungalow: Total,317,298,40,258,19,2,17
S01007774,Whole house or bungalow: Detached,259,249,37,212,10,0,10
S01007774,Whole house or bungalow: Semi-detached,49,41,3,38,8,1,7
S01007774,Whole house or bungalow: Terraced (including end-terrace),9,8,0,8,1,1,0
S01007774,Flat maisonette or apartment or mobile/temporary accommodation,6,0,0,0,6,3,3
S01007775,All households,346,314,119,195,32,2,30
S01007775,Whole house or bungalow: Total,320,298,114,184,22,0,22
S01007775,Whole house or bungalow: Detached,170,161,63,98,9,0,9
S01007775,Whole house or bungalow: Semi-detached,122,113,46,67,9,0,9
S01007775,Whole house or bungalow: Terraced (including end-terrace),28,24,5,19,4,0,4
S01007775,Flat maisonette or apartment or mobile/temporary accommodation,26,16,5,11,10,2,8
S01007776,All households,282,239,92,147,43,1,42
S01007776,Whole house or bungalow: Total,212,202,72,130,10,1,9
S01007776,Whole house or bungalow: Detached,174,170,60,110,4,0,4
S01007776,Whole house or bungalow: Semi-detached,37,31,12,19,6,1,5
S01007776,Whole house or bungalow: Terraced (including end-terrace),1,1,0,1,0,0,0
S01007776,Flat maisonette or apartment or mobile/temporary accommodation,70,37,20,17,33,0,33
S01007777,All households,314,291,40,251,23,1,22
S01007777,Whole house or bungalow: Total,303,286,40,246,17,0,17
S01007777,Whole house or bungalow: Detached,233,222,33,189,11,0,11
S01007777,Whole house or bungalow: Semi-detached,42,38,5,33,4,0,4
S01007777,Whole house or bungalow: Terraced (including end-terrace),28,26,2,24,2,0,2
S01007777,Flat maisonette or apartment or mobile/temporary accommodation,11,5,0,5,6,1,5
S01007778,All households,155,144,30,114,11,1,10
S01007778,Whole house or bungalow: Total,147,141,29,112,6,1,5
S01007778,Whole house or bungalow: Detached,134,129,24,105,5,0,5
S01007778,Whole house or bungalow: Semi-detached,9,8,4,4,1,1,0
S01007778,Whole house or bungalow: Terraced (including end-terrace),4,4,1,3,0,0,0
S01007778,Flat maisonette or apartment or mobile/temporary accommodation,8,3,1,2,5,0,5
S01007779,All households,311,269,95,174,42,17,25
S01007779,Whole house or bungalow: Total,273,246,90,156,27,12,15
S01007779,Whole house or bungalow: Detached,69,66,26,40,3,1,2
S01007779,Whole house or bungalow: Semi-detached,169,153,54,99,16,7,9
S01007779,Whole house or bungalow: Terraced (including end-terrace),35,27,10,17,8,4,4
S01007779,Flat maisonette or apartment or mobile/temporary accommodation,38,23,5,18,15,5,10
S01007780,All households,331,296,82,214,35,7,28
S01007780,Whole house or bungalow: Total,304,279,79,200,25,5,20
S01007780,Whole house or bungalow: Detached,60,58,19,39,2,0,2
S01007780,Whole house or bungalow: Semi-detached,224,206,55,151,18,4,14
S01007780,Whole house or bungalow: Terraced (including end-terrace),20,15,5,10,5,1,4
S01007780,Flat maisonette or apartment or mobile/temporary accommodation,27,17,3,14,10,2,8
S01007781,All households,381,289,66,223,92,62,30
S01007781,Whole house or bungalow: Total,342,266,57,209,76,57,19
S01007781,Whole house or bungalow: Detached,40,36,9,27,4,2,2
S01007781,Whole house or bungalow: Semi-detached,260,194,46,148,66,53,13
S01007781,Whole house or bungalow: Terraced (including end-terrace),42,36,2,34,6,2,4
S01007781,Flat maisonette or apartment or mobile/temporary accommodation,39,23,9,14,16,5,11
S01007782,All households,239,99,39,60,140,69,71
S01007782,Whole house or bungalow: Total,77,31,19,12,46,44,2
S01007782,Whole house or bungalow: Detached,5,4,2,2,1,1,0
S01007782,Whole house or bungalow: Semi-detached,44,14,9,5,30,29,1
S01007782,Whole house or bungalow: Terraced (including end-terrace),28,13,8,5,15,14,1
S01007782,Flat maisonette or apartment or mobile/temporary accommodation,162,68,20,48,94,25,69
S01007783,All households,405,115,74,41,290,276,14
S01007783,Whole house or bungalow: Total,288,112,73,39,176,168,8
S01007783,Whole house or bungalow: Detached,14,5,3,2,9,7,2
S01007783,Whole house or bungalow: Semi-detached,146,42,26,16,104,100,4
S01007783,Whole house or bungalow: Terraced (including end-terrace),128,65,44,21,63,61,2
S01007783,Flat maisonette or apartment or mobile/temporary accommodation,117,3,1,2,114,108,6
S01007784,All households,276,178,29,149,98,65,33
S01007784,Whole house or bungalow: Total,213,151,22,129,62,50,12
S01007784,Whole house or bungalow: Detached,23,19,2,17,4,4,0
S01007784,Whole house or bungalow: Semi-detached,134,86,11,75,48,39,9
S01007784,Whole house or bungalow: Terraced (including end-terrace),56,46,9,37,10,7,3
S01007784,Flat maisonette or apartment or mobile/temporary accommodation,63,27,7,20,36,15,21
S01007785,All households,276,52,18,34,224,213,11
S01007785,Whole house or bungalow: Total,123,43,16,27,80,78,2
S01007785,Whole house or bungalow: Detached,11,5,1,4,6,6,0
S01007785,Whole house or bungalow: Semi-detached,78,24,11,13,54,53,1
S01007785,Whole house or bungalow: Terraced (including end-terrace),34,14,4,10,20,19,1
S01007785,Flat maisonette or apartment or mobile/temporary accommodation,153,9,2,7,144,135,9
S01007786,All households,333,209,123,86,124,86,38
S01007786,Whole house or bungalow: Total,324,204,120,84,120,83,37
S01007786,Whole house or bungalow: Detached,7,4,2,2,3,1,2
S01007786,Whole house or bungalow: Semi-detached,201,112,62,50,89,65,24
S01007786,Whole house or bungalow: Terraced (including end-terrace),116,88,56,32,28,17,11
S01007786,Flat maisonette or apartment or mobile/temporary accommodation,9,5,3,2,4,3,1
S01007787,All households,277,160,72,88,117,87,30
S01007787,Whole house or bungalow: Total,234,152,67,85,82,56,26
S01007787,Whole house or bungalow: Detached,2,2,0,2,0,0,0
S01007787,Whole house or bungalow: Semi-detached,147,89,42,47,58,40,18
S01007787,Whole house or bungalow: Terraced (including end-terrace),85,61,25,36,24,16,8
S01007787,Flat maisonette or apartment or mobile/temporary accommodation,43,8,5,3,35,31,4
S01007788,All households,268,9,3,6,259,256,3
S01007788,Whole house or bungalow: Total,132,7,2,5,125,124,1
S01007788,Whole house or bungalow: Detached,8,3,1,2,5,5,0
S01007788,Whole house or bungalow: Semi-detached,87,3,0,3,84,83,1
S01007788,Whole house or bungalow: Terraced (including end-terrace),37,1,1,0,36,36,0
S01007788,Flat maisonette or apartment or mobile/temporary accommodation,136,2,1,1,134,132,2
S01007789,All households,231,28,2,26,203,196,7
S01007789,Whole house or bungalow: Total,202,27,2,25,175,171,4
S01007789,Whole house or bungalow: Detached,16,1,0,1,15,15,0
S01007789,Whole house or bungalow: Semi-detached,121,12,1,11,109,107,2
S01007789,Whole house or bungalow: Terraced (including end-terrace),65,14,1,13,51,49,2
S01007789,Flat maisonette or apartment or mobile/temporary accommodation,29,1,0,1,28,25,3
S01007790,All households,330,35,11,24,295,284,11
S01007790,Whole house or bungalow: Total,117,22,7,15,95,90,5
S01007790,Whole house or bungalow: Detached,6,5,1,4,1,1,0
S01007790,Whole house or bungalow: Semi-detached,87,9,3,6,78,76,2
S01007790,Whole house or bungalow: Terraced (including end-terrace),24,8,3,5,16,13,3
S01007790,Flat maisonette or apartment or mobile/temporary accommodation,213,13,4,9,200,194,6
S01007791,All households,174,155,30,125,19,6,13
S01007791,Whole house or bungalow: Total,168,155,30,125,13,5,8
S01007791,Whole house or bungalow: Detached,47,42,13,29,5,0,5
S01007791,Whole house or bungalow: Semi-detached,114,108,13,95,6,3,3
S01007791,Whole house or bungalow: Terraced (including end-terrace),7,5,4,1,2,2,0
S01007791,Flat maisonette or apartment or mobile/temporary accommodation,6,0,0,0,6,1,5
S01007792,All households,384,254,118,136,130,107,23
S01007792,Whole house or bungalow: Total,373,253,117,136,120,99,21
S01007792,Whole house or bungalow: Detached,9,6,2,4,3,1,2
S01007792,Whole house or bungalow: Semi-detached,211,127,65,62,84,73,11
S01007792,Whole house or bungalow: Terraced (including end-terrace),153,120,50,70,33,25,8
S01007792,Flat maisonette or apartment or mobile/temporary accommodation,11,1,1,0,10,8,2
S01007793,All households,457,136,58,78,321,289,32
S01007793,Whole house or bungalow: Total,163,104,48,56,59,41,18
S01007793,Whole house or bungalow: Detached,8,6,1,5,2,1,1
S01007793,Whole house or bungalow: Semi-detached,104,62,31,31,42,32,10
S01007793,Whole house or bungalow: Terraced (including end-terrace),51,36,16,20,15,8,7
S01007793,Flat maisonette or apartment or mobile/temporary accommodation,294,32,10,22,262,248,14
S01007794,All households,234,166,73,93,68,51,17
S01007794,Whole house or bungalow: Total,166,118,51,67,48,33,15
S01007794,Whole house or bungalow: Detached,5,2,1,1,3,1,2
S01007794,Whole house or bungalow: Semi-detached,92,60,21,39,32,20,12
S01007794,Whole house or bungalow: Terraced (including end-terrace),69,56,29,27,13,12,1
S01007794,Flat maisonette or apartment or mobile/temporary accommodation,68,48,22,26,20,18,2
S01007795,All households,243,159,77,82,84,56,28
S01007795,Whole house or bungalow: Total,104,69,33,36,35,22,13
S01007795,Whole house or bungalow: Detached,9,6,2,4,3,0,3
S01007795,Whole house or bungalow: Semi-detached,64,42,23,19,22,18,4
S01007795,Whole house or bungalow: Terraced (including end-terrace),31,21,8,13,10,4,6
S01007795,Flat maisonette or apartment or mobile/temporary accommodation,139,90,44,46,49,34,15
S01007796,All households,311,150,49,101,161,129,32
S01007796,Whole house or bungalow: Total,184,126,40,86,58,41,17
S01007796,Whole house or bungalow: Detached,30,28,5,23,2,1,1
S01007796,Whole house or bungalow: Semi-detached,80,51,14,37,29,18,11
S01007796,Whole house or bungalow: Terraced (including end-terrace),74,47,21,26,27,22,5
S01007796,Flat maisonette or apartment or mobile/temporary accommodation,127,24,9,15,103,88,15
S01007797,All households,258,96,42,54,162,145,17
S01007797,Whole house or bungalow: Total,131,81,33,48,50,39,11
S01007797,Whole house or bungalow: Detached,8,4,2,2,4,4,0
S01007797,Whole house or bungalow: Semi-detached,51,29,14,15,22,18,4
S01007797,Whole house or bungalow: Terraced (including end-terrace),72,48,17,31,24,17,7
S01007797,Flat maisonette or apartment or mobile/temporary accommodation,127,15,9,6,112,106,6
S01007798,All households,226,184,42,142,42,7,35
S01007798,Whole house or bungalow: Total,213,180,42,138,33,4,29
S01007798,Whole house or bungalow: Detached,86,70,11,59,16,0,16
S01007798,Whole house or bungalow: Semi-detached,59,49,11,38,10,3,7
S01007798,Whole house or bungalow: Terraced (including end-terrace),68,61,20,41,7,1,6
S01007798,Flat maisonette or apartment or mobile/temporary accommodation,13,4,0,4,9,3,6
S01007799,All households,193,175,23,152,18,7,11
S01007799,Whole house or bungalow: Total,167,157,19,138,10,5,5
S01007799,Whole house or bungalow: Detached,123,120,15,105,3,0,3
S01007799,Whole house or bungalow: Semi-detached,39,33,3,30,6,5,1
S01007799,Whole house or bungalow: Terraced (including end-terrace),5,4,1,3,1,0,1
S01007799,Flat maisonette or apartment or mobile/temporary accommodation,26,18,4,14,8,2,6
S01007800,All households,365,146,60,86,219,188,31
S01007800,Whole house or bungalow: Total,310,140,57,83,170,142,28
S01007800,Whole house or bungalow: Detached,10,3,1,2,7,5,2
S01007800,Whole house or bungalow: Semi-detached,270,118,50,68,152,129,23
S01007800,Whole house or bungalow: Terraced (including end-terrace),30,19,6,13,11,8,3
S01007800,Flat maisonette or apartment or mobile/temporary accommodation,55,6,3,3,49,46,3
S01007801,All households,388,95,45,50,293,266,27
S01007801,Whole house or bungalow: Total,219,90,42,48,129,111,18
S01007801,Whole house or bungalow: Detached,10,3,2,1,7,3,4
S01007801,Whole house or bungalow: Semi-detached,190,80,39,41,110,98,12
S01007801,Whole house or bungalow: Terraced (including end-terrace),19,7,1,6,12,10,2
S01007801,Flat maisonette or apartment or mobile/temporary accommodation,169,5,3,2,164,155,9
S01007802,All households,199,173,21,152,26,10,16
S01007802,Whole house or bungalow: Total,193,172,20,152,21,6,15
S01007802,Whole house or bungalow: Detached,4,4,3,1,0,0,0
S01007802,Whole house or bungalow: Semi-detached,157,139,13,126,18,5,13
S01007802,Whole house or bungalow: Terraced (including end-terrace),32,29,4,25,3,1,2
S01007802,Flat maisonette or apartment or mobile/temporary accommodation,6,1,1,0,5,4,1
S01007803,All households,524,114,53,61,410,384,26
S01007803,Whole house or bungalow: Total,314,100,48,52,214,201,13
S01007803,Whole house or bungalow: Detached,21,10,4,6,11,9,2
S01007803,Whole house or bungalow: Semi-detached,173,36,15,21,137,133,4
S01007803,Whole house or bungalow: Terraced (including end-terrace),120,54,29,25,66,59,7
S01007803,Flat maisonette or apartment or mobile/temporary accommodation,210,14,5,9,196,183,13
S01007804,All households,259,47,12,35,212,192,20
S01007804,Whole house or bungalow: Total,193,42,9,33,151,136,15
S01007804,Whole house or bungalow: Detached,11,0,0,0,11,11,0
S01007804,Whole house or bungalow: Semi-detached,143,23,5,18,120,111,9
S01007804,Whole house or bungalow: Terraced (including end-terrace),39,19,4,15,20,14,6
S01007804,Flat maisonette or apartment or mobile/temporary accommodation,66,5,3,2,61,56,5
S01007805,All households,207,82,22,60,125,105,20
S01007805,Whole house or bungalow: Total,197,81,21,60,116,96,20
S01007805,Whole house or bungalow: Detached,11,4,0,4,7,7,0
S01007805,Whole house or bungalow: Semi-detached,141,54,14,40,87,73,14
S01007805,Whole house or bungalow: Terraced (including end-terrace),45,23,7,16,22,16,6
S01007805,Flat maisonette or apartment or mobile/temporary accommodation,10,1,1,0,9,9,0
S01007806,All households,296,163,71,92,133,115,18
S01007806,Whole house or bungalow: Total,222,146,68,78,76,67,9
S01007806,Whole house or bungalow: Detached,2,2,0,2,0,0,0
S01007806,Whole house or bungalow: Semi-detached,135,84,38,46,51,45,6
S01007806,Whole house or bungalow: Terraced (including end-terrace),85,60,30,30,25,22,3
S01007806,Flat maisonette or apartment or mobile/temporary accommodation,74,17,3,14,57,48,9
S01007807,All households,258,224,65,159,34,20,14
S01007807,Whole house or bungalow: Total,236,208,61,147,28,15,13
S01007807,Whole house or bungalow: Detached,66,60,22,38,6,1,5
S01007807,Whole house or bungalow: Semi-detached,117,101,24,77,16,11,5
S01007807,Whole house or bungalow: Terraced (including end-terrace),53,47,15,32,6,3,3
S01007807,Flat maisonette or apartment or mobile/temporary accommodation,22,16,4,12,6,5,1
S01007808,All households,304,191,42,149,113,88,25
S01007808,Whole house or bungalow: Total,287,183,41,142,104,85,19
S01007808,Whole house or bungalow: Detached,30,24,3,21,6,1,5
S01007808,Whole house or bungalow: Semi-detached,178,107,21,86,71,60,11
S01007808,Whole house or bungalow: Terraced (including end-terrace),79,52,17,35,27,24,3
S01007808,Flat maisonette or apartment or mobile/temporary accommodation,17,8,1,7,9,3,6
S01007809,All households,398,370,201,169,28,12,16
S01007809,Whole house or bungalow: Total,386,365,199,166,21,8,13
S01007809,Whole house or bungalow: Detached,43,41,27,14,2,0,2
S01007809,Whole house or bungalow: Semi-detached,292,282,153,129,10,2,8
S01007809,Whole house or bungalow: Terraced (including end-terrace),51,42,19,23,9,6,3
S01007809,Flat maisonette or apartment or mobile/temporary accommodation,12,5,2,3,7,4,3
S01007810,All households,369,168,62,106,201,180,21
S01007810,Whole house or bungalow: Total,302,154,54,100,148,133,15
S01007810,Whole house or bungalow: Detached,14,7,1,6,7,6,1
S01007810,Whole house or bungalow: Semi-detached,183,91,31,60,92,82,10
S01007810,Whole house or bungalow: Terraced (including end-terrace),105,56,22,34,49,45,4
S01007810,Flat maisonette or apartment or mobile/temporary accommodation,67,14,8,6,53,47,6
S01007811,All households,325,186,68,118,139,130,9
S01007811,Whole house or bungalow: Total,319,183,67,116,136,127,9
S01007811,Whole house or bungalow: Detached,15,9,5,4,6,6,0
S01007811,Whole house or bungalow: Semi-detached,187,83,27,56,104,97,7
S01007811,Whole house or bungalow: Terraced (including end-terrace),117,91,35,56,26,24,2
S01007811,Flat maisonette or apartment or mobile/temporary accommodation,6,3,1,2,3,3,0
S01007812,All households,328,80,22,58,248,230,18
S01007812,Whole house or bungalow: Total,323,79,22,57,244,227,17
S01007812,Whole house or bungalow: Detached,9,2,0,2,7,7,0
S01007812,Whole house or bungalow: Semi-detached,241,54,15,39,187,172,15
S01007812,Whole house or bungalow: Terraced (including end-terrace),73,23,7,16,50,48,2
S01007812,Flat maisonette or apartment or mobile/temporary accommodation,5,1,0,1,4,3,1
S01007813,All households,306,128,55,73,178,154,24
S01007813,Whole house or bungalow: Total,256,123,53,70,133,112,21
S01007813,Whole house or bungalow: Detached,18,8,3,5,10,6,4
S01007813,Whole house or bungalow: Semi-detached,171,73,28,45,98,84,14
S01007813,Whole house or bungalow: Terraced (including end-terrace),67,42,22,20,25,22,3
S01007813,Flat maisonette or apartment or mobile/temporary accommodation,50,5,2,3,45,42,3
S01007814,All households,229,168,73,95,61,43,18
S01007814,Whole house or bungalow: Total,191,138,62,76,53,42,11
S01007814,Whole house or bungalow: Detached,12,11,1,10,1,1,0
S01007814,Whole house or bungalow: Semi-detached,120,82,40,42,38,30,8
S01007814,Whole house or bungalow: Terraced (including end-terrace),59,45,21,24,14,11,3
S01007814,Flat maisonette or apartment or mobile/temporary accommodation,38,30,11,19,8,1,7
S01007815,All households,343,319,156,163,24,9,15
S01007815,Whole house or bungalow: Total,341,319,156,163,22,8,14
S01007815,Whole house or bungalow: Detached,121,115,63,52,6,1,5
S01007815,Whole house or bungalow: Semi-detached,194,182,87,95,12,3,9
S01007815,Whole house or bungalow: Terraced (including end-terrace),26,22,6,16,4,4,0
S01007815,Flat maisonette or apartment or mobile/temporary accommodation,2,0,0,0,2,1,1
S01007816,All households,273,244,115,129,29,9,20
S01007816,Whole house or bungalow: Total,267,243,115,128,24,5,19
S01007816,Whole house or bungalow: Detached,48,43,26,17,5,1,4
S01007816,Whole house or bungalow: Semi-detached,138,128,70,58,10,4,6
S01007816,Whole house or bungalow: Terraced (including end-terrace),81,72,19,53,9,0,9
S01007816,Flat maisonette or apartment or mobile/temporary accommodation,6,1,0,1,5,4,1
S01007817,All households,207,160,100,60,47,32,15
S01007817,Whole house or bungalow: Total,205,159,99,60,46,32,14
S01007817,Whole house or bungalow: Detached,7,7,1,6,0,0,0
S01007817,Whole house or bungalow: Semi-detached,122,89,56,33,33,23,10
S01007817,Whole house or bungalow: Terraced (including end-terrace),76,63,42,21,13,9,4
S01007817,Flat maisonette or apartment or mobile/temporary accommodation,2,1,1,0,1,0,1
S01007818,All households,314,255,93,162,59,29,30
S01007818,Whole house or bungalow: Total,273,238,88,150,35,11,24
S01007818,Whole house or bungalow: Detached,60,53,21,32,7,0,7
S01007818,Whole house or bungalow: Semi-detached,120,100,40,60,20,9,11
S01007818,Whole house or bungalow: Terraced (including end-terrace),93,85,27,58,8,2,6
S01007818,Flat maisonette or apartment or mobile/temporary accommodation,41,17,5,12,24,18,6
S01007819,All households,353,298,148,150,55,29,26
S01007819,Whole house or bungalow: Total,329,288,146,142,41,23,18
S01007819,Whole house or bungalow: Detached,40,36,19,17,4,1,3
S01007819,Whole house or bungalow: Semi-detached,202,173,84,89,29,20,9
S01007819,Whole house or bungalow: Terraced (including end-terrace),87,79,43,36,8,2,6
S01007819,Flat maisonette or apartment or mobile/temporary accommodation,24,10,2,8,14,6,8
S01007820,All households,408,289,141,148,119,92,27
S01007820,Whole house or bungalow: Total,333,267,131,136,66,57,9
S01007820,Whole house or bungalow: Detached,37,36,16,20,1,1,0
S01007820,Whole house or bungalow: Semi-detached,252,195,95,100,57,50,7
S01007820,Whole house or bungalow: Terraced (including end-terrace),44,36,20,16,8,6,2
S01007820,Flat maisonette or apartment or mobile/temporary accommodation,75,22,10,12,53,35,18
S01007821,All households,244,186,94,92,58,33,25
S01007821,Whole house or bungalow: Total,157,131,70,61,26,16,10
S01007821,Whole house or bungalow: Detached,33,27,13,14,6,2,4
S01007821,Whole house or bungalow: Semi-detached,94,75,42,33,19,14,5
S01007821,Whole house or bungalow: Terraced (including end-terrace),30,29,15,14,1,0,1
S01007821,Flat maisonette or apartment or mobile/temporary accommodation,87,55,24,31,32,17,15
S01007822,All households,349,253,123,130,96,77,19
S01007822,Whole house or bungalow: Total,311,227,112,115,84,71,13
S01007822,Whole house or bungalow: Detached,52,45,23,22,7,3,4
S01007822,Whole house or bungalow: Semi-detached,210,159,78,81,51,45,6
S01007822,Whole house or bungalow: Terraced (including end-terrace),49,23,11,12,26,23,3
S01007822,Flat maisonette or apartment or mobile/temporary accommodation,38,26,11,15,12,6,6
S01007823,All households,306,270,140,130,36,10,26
S01007823,Whole house or bungalow: Total,229,215,119,96,14,6,8
S01007823,Whole house or bungalow: Detached,33,33,21,12,0,0,0
S01007823,Whole house or bungalow: Semi-detached,153,140,78,62,13,6,7
S01007823,Whole house or bungalow: Terraced (including end-terrace),43,42,20,22,1,0,1
S01007823,Flat maisonette or apartment or mobile/temporary accommodation,77,55,21,34,22,4,18
S01007824,All households,342,278,156,122,64,14,50
S01007824,Whole house or bungalow: Total,269,254,148,106,15,0,15
S01007824,Whole house or bungalow: Detached,94,89,59,30,5,0,5
S01007824,Whole house or bungalow: Semi-detached,82,76,43,33,6,0,6
S01007824,Whole house or bungalow: Terraced (including end-terrace),93,89,46,43,4,0,4
S01007824,Flat maisonette or apartment or mobile/temporary accommodation,73,24,8,16,49,14,35
S01007825,All households,482,376,197,179,106,63,43
S01007825,Whole house or bungalow: Total,260,246,131,115,14,5,9
S01007825,Whole house or bungalow: Detached,69,66,37,29,3,0,3
S01007825,Whole house or bungalow: Semi-detached,161,154,81,73,7,3,4
S01007825,Whole house or bungalow: Terraced (including end-terrace),30,26,13,13,4,2,2
S01007825,Flat maisonette or apartment or mobile/temporary accommodation,222,130,66,64,92,58,34
S01007826,All households,260,74,33,41,186,173,13
S01007826,Whole house or bungalow: Total,149,37,17,20,112,107,5
S01007826,Whole house or bungalow: Detached,13,2,1,1,11,11,0
S01007826,Whole house or bungalow: Semi-detached,106,18,6,12,88,84,4
S01007826,Whole house or bungalow: Terraced (including end-terrace),30,17,10,7,13,12,1
S01007826,Flat maisonette or apartment or mobile/temporary accommodation,111,37,16,21,74,66,8
S01007827,All households,291,174,41,133,117,47,70
S01007827,Whole house or bungalow: Total,125,99,28,71,26,18,8
S01007827,Whole house or bungalow: Detached,16,11,5,6,5,2,3
S01007827,Whole house or bungalow: Semi-detached,76,60,18,42,16,12,4
S01007827,Whole house or bungalow: Terraced (including end-terrace),33,28,5,23,5,4,1
S01007827,Flat maisonette or apartment or mobile/temporary accommodation,166,75,13,62,91,29,62
S01007828,All households,592,244,94,150,348,235,113
S01007828,Whole house or bungalow: Total,83,64,17,47,19,8,11
S01007828,Whole house or bungalow: Detached,6,5,4,1,1,1,0
S01007828,Whole house or bungalow: Semi-detached,24,17,6,11,7,2,5
S01007828,Whole house or bungalow: Terraced (including end-terrace),53,42,7,35,11,5,6
S01007828,Flat maisonette or apartment or mobile/temporary accommodation,509,180,77,103,329,227,102
S01007829,All households,348,173,94,79,175,141,34
S01007829,Whole house or bungalow: Total,69,55,30,25,14,12,2
S01007829,Whole house or bungalow: Detached,32,30,19,11,2,2,0
S01007829,Whole house or bungalow: Semi-detached,23,20,10,10,3,1,2
S01007829,Whole house or bungalow: Terraced (including end-terrace),14,5,1,4,9,9,0
S01007829,Flat maisonette or apartment or mobile/temporary accommodation,279,118,64,54,161,129,32
S01007830,All households,545,235,123,112,310,229,81
S01007830,Whole house or bungalow: Total,108,61,32,29,47,41,6
S01007830,Whole house or bungalow: Detached,12,3,0,3,9,8,1
S01007830,Whole house or bungalow: Semi-detached,34,15,8,7,19,15,4
S01007830,Whole house or bungalow: Terraced (including end-terrace),62,43,24,19,19,18,1
S01007830,Flat maisonette or apartment or mobile/temporary accommodation,437,174,91,83,263,188,75
S01007831,All households,501,158,71,87,343,247,96
S01007831,Whole house or bungalow: Total,104,45,17,28,59,54,5
S01007831,Whole house or bungalow: Detached,16,6,3,3,10,9,1
S01007831,Whole house or bungalow: Semi-detached,57,25,9,16,32,31,1
S01007831,Whole house or bungalow: Terraced (including end-terrace),31,14,5,9,17,14,3
S01007831,Flat maisonette or apartment or mobile/temporary accommodation,397,113,54,59,284,193,91
S01007832,All households,362,167,97,70,195,136,59
S01007832,Whole house or bungalow: Total,72,52,22,30,20,11,9
S01007832,Whole house or bungalow: Detached,14,13,6,7,1,1,0
S01007832,Whole house or bungalow: Semi-detached,39,30,11,19,9,2,7
S01007832,Whole house or bungalow: Terraced (including end-terrace),19,9,5,4,10,8,2
S01007832,Flat maisonette or apartment or mobile/temporary accommodation,290,115,75,40,175,125,50
S01007833,All households,479,239,171,68,240,192,48
S01007833,Whole house or bungalow: Total,145,112,74,38,33,21,12
S01007833,Whole house or bungalow: Detached,49,44,30,14,5,3,2
S01007833,Whole house or bungalow: Semi-detached,64,49,34,15,15,8,7
S01007833,Whole house or bungalow: Terraced (including end-terrace),32,19,10,9,13,10,3
S01007833,Flat maisonette or apartment or mobile/temporary accommodation,334,127,97,30,207,171,36
S01007834,All households,416,173,70,103,243,153,90
S01007834,Whole house or bungalow: Total,45,29,12,17,16,7,9
S01007834,Whole house or bungalow: Detached,1,1,1,0,0,0,0
S01007834,Whole house or bungalow: Semi-detached,34,23,9,14,11,5,6
S01007834,Whole house or bungalow: Terraced (including end-terrace),10,5,2,3,5,2,3
S01007834,Flat maisonette or apartment or mobile/temporary accommodation,371,144,58,86,227,146,81
S01007835,All households,325,203,85,118,122,80,42
S01007835,Whole house or bungalow: Total,150,126,55,71,24,11,13
S01007835,Whole house or bungalow: Detached,32,29,13,16,3,0,3
S01007835,Whole house or bungalow: Semi-detached,84,73,27,46,11,6,5
S01007835,Whole house or bungalow: Terraced (including end-terrace),34,24,15,9,10,5,5
S01007835,Flat maisonette or apartment or mobile/temporary accommodation,175,77,30,47,98,69,29
S01007836,All households,285,217,105,112,68,38,30
S01007836,Whole house or bungalow: Total,164,143,73,70,21,15,6
S01007836,Whole house or bungalow: Detached,45,40,24,16,5,4,1
S01007836,Whole house or bungalow: Semi-detached,87,75,37,38,12,8,4
S01007836,Whole house or bungalow: Terraced (including end-terrace),32,28,12,16,4,3,1
S01007836,Flat maisonette or apartment or mobile/temporary accommodation,121,74,32,42,47,23,24
S01007837,All households,357,340,202,138,17,5,12
S01007837,Whole house or bungalow: Total,345,334,198,136,11,2,9
S01007837,Whole house or bungalow: Detached,78,76,46,30,2,0,2
S01007837,Whole house or bungalow: Semi-detached,261,254,152,102,7,1,6
S01007837,Whole house or bungalow: Terraced (including end-terrace),6,4,0,4,2,1,1
S01007837,Flat maisonette or apartment or mobile/temporary accommodation,12,6,4,2,6,3,3
S01007838,All households,392,341,191,150,51,19,32
S01007838,Whole house or bungalow: Total,331,305,175,130,26,7,19
S01007838,Whole house or bungalow: Detached,68,64,42,22,4,1,3
S01007838,Whole house or bungalow: Semi-detached,245,224,125,99,21,6,15
S01007838,Whole house or bungalow: Terraced (including end-terrace),18,17,8,9,1,0,1
S01007838,Flat maisonette or apartment or mobile/temporary accommodation,61,36,16,20,25,12,13
S01007839,All households,281,139,82,57,142,114,28
S01007839,Whole house or bungalow: Total,178,117,68,49,61,42,19
S01007839,Whole house or bungalow: Detached,39,28,16,12,11,4,7
S01007839,Whole house or bungalow: Semi-detached,64,46,24,22,18,14,4
S01007839,Whole house or bungalow: Terraced (including end-terrace),75,43,28,15,32,24,8
S01007839,Flat maisonette or apartment or mobile/temporary accommodation,103,22,14,8,81,72,9
S01007840,All households,425,215,97,118,210,139,71
S01007840,Whole house or bungalow: Total,119,88,41,47,31,22,9
S01007840,Whole house or bungalow: Detached,3,3,0,3,0,0,0
S01007840,Whole house or bungalow: Semi-detached,43,33,14,19,10,8,2
S01007840,Whole house or bungalow: Terraced (including end-terrace),73,52,27,25,21,14,7
S01007840,Flat maisonette or apartment or mobile/temporary accommodation,306,127,56,71,179,117,62
S01007841,All households,341,157,71,86,184,147,37
S01007841,Whole house or bungalow: Total,148,107,53,54,41,32,9
S01007841,Whole house or bungalow: Detached,2,0,0,0,2,1,1
S01007841,Whole house or bungalow: Semi-detached,70,49,24,25,21,18,3
S01007841,Whole house or bungalow: Terraced (including end-terrace),76,58,29,29,18,13,5
S01007841,Flat maisonette or apartment or mobile/temporary accommodation,193,50,18,32,143,115,28
S01007842,All households,391,106,43,63,285,242,43
S01007842,Whole house or bungalow: Total,101,63,30,33,38,25,13
S01007842,Whole house or bungalow: Detached,4,2,1,1,2,1,1
S01007842,Whole house or bungalow: Semi-detached,50,27,19,8,23,18,5
S01007842,Whole house or bungalow: Terraced (including end-terrace),47,34,10,24,13,6,7
S01007842,Flat maisonette or apartment or mobile/temporary accommodation,290,43,13,30,247,217,30
S01007843,All households,354,137,59,78,217,152,65
S01007843,Whole house or bungalow: Total,97,67,33,34,30,19,11
S01007843,Whole house or bungalow: Detached,7,2,1,1,5,4,1
S01007843,Whole house or bungalow: Semi-detached,41,24,12,12,17,12,5
S01007843,Whole house or bungalow: Terraced (including end-terrace),49,41,20,21,8,3,5
S01007843,Flat maisonette or apartment or mobile/temporary accommodation,257,70,26,44,187,133,54
S01007844,All households,520,191,78,113,329,244,85
S01007844,Whole house or bungalow: Total,145,98,50,48,47,28,19
S01007844,Whole house or bungalow: Detached,10,9,3,6,1,1,0
S01007844,Whole house or bungalow: Semi-detached,59,35,19,16,24,14,10
S01007844,Whole house or bungalow: Terraced (including end-terrace),76,54,28,26,22,13,9
S01007844,Flat maisonette or apartment or mobile/temporary accommodation,375,93,28,65,282,216,66
S01007845,All households,427,161,75,86,266,236,30
S01007845,Whole house or bungalow: Total,222,138,65,73,84,66,18
S01007845,Whole house or bungalow: Detached,9,7,4,3,2,2,0
S01007845,Whole house or bungalow: Semi-detached,151,87,40,47,64,50,14
S01007845,Whole house or bungalow: Terraced (including end-terrace),62,44,21,23,18,14,4
S01007845,Flat maisonette or apartment or mobile/temporary accommodation,205,23,10,13,182,170,12
S01007846,All households,337,197,81,116,140,107,33
S01007846,Whole house or bungalow: Total,276,192,80,112,84,57,27
S01007846,Whole house or bungalow: Detached,8,8,5,3,0,0,0
S01007846,Whole house or bungalow: Semi-detached,185,121,47,74,64,46,18
S01007846,Whole house or bungalow: Terraced (including end-terrace),83,63,28,35,20,11,9
S01007846,Flat maisonette or apartment or mobile/temporary accommodation,61,5,1,4,56,50,6
S01007847,All households,437,179,81,98,258,215,43
S01007847,Whole house or bungalow: Total,247,158,74,84,89,55,34
S01007847,Whole house or bungalow: Detached,5,3,1,2,2,2,0
S01007847,Whole house or bungalow: Semi-detached,140,82,40,42,58,35,23
S01007847,Whole house or bungalow: Terraced (including end-terrace),102,73,33,40,29,18,11
S01007847,Flat maisonette or apartment or mobile/temporary accommodation,190,21,7,14,169,160,9
S01007848,All households,447,105,40,65,342,299,43
S01007848,Whole house or bungalow: Total,129,76,34,42,53,36,17
S01007848,Whole house or bungalow: Detached,5,4,3,1,1,0,1
S01007848,Whole house or bungalow: Semi-detached,63,36,12,24,27,19,8
S01007848,Whole house or bungalow: Terraced (including end-terrace),61,36,19,17,25,17,8
S01007848,Flat maisonette or apartment or mobile/temporary accommodation,318,29,6,23,289,263,26
S01007849,All households,413,206,85,121,207,176,31
S01007849,Whole house or bungalow: Total,190,126,58,68,64,56,8
S01007849,Whole house or bungalow: Detached,15,7,1,6,8,7,1
S01007849,Whole house or bungalow: Semi-detached,104,63,25,38,41,37,4
S01007849,Whole house or bungalow: Terraced (including end-terrace),71,56,32,24,15,12,3
S01007849,Flat maisonette or apartment or mobile/temporary accommodation,223,80,27,53,143,120,23
S01007850,All households,293,167,120,47,126,107,19
S01007850,Whole house or bungalow: Total,283,165,119,46,118,102,16
S01007850,Whole house or bungalow: Detached,9,4,2,2,5,4,1
S01007850,Whole house or bungalow: Semi-detached,202,114,85,29,88,76,12
S01007850,Whole house or bungalow: Terraced (including end-terrace),72,47,32,15,25,22,3
S01007850,Flat maisonette or apartment or mobile/temporary accommodation,10,2,1,1,8,5,3
S01007851,All households,479,297,159,138,182,162,20
S01007851,Whole house or bungalow: Total,317,262,134,128,55,42,13
S01007851,Whole house or bungalow: Detached,56,53,31,22,3,2,1
S01007851,Whole house or bungalow: Semi-detached,205,160,85,75,45,33,12
S01007851,Whole house or bungalow: Terraced (including end-terrace),56,49,18,31,7,7,0
S01007851,Flat maisonette or apartment or mobile/temporary accommodation,162,35,25,10,127,120,7
S01007852,All households,356,120,48,72,236,209,27
S01007852,Whole house or bungalow: Total,104,85,43,42,19,12,7
S01007852,Whole house or bungalow: Detached,2,2,2,0,0,0,0
S01007852,Whole house or bungalow: Semi-detached,53,47,21,26,6,5,1
S01007852,Whole house or bungalow: Terraced (including end-terrace),49,36,20,16,13,7,6
S01007852,Flat maisonette or apartment or mobile/temporary accommodation,252,35,5,30,217,197,20
S01007853,All households,413,79,40,39,334,275,59
S01007853,Whole house or bungalow: Total,59,35,20,15,24,22,2
S01007853,Whole house or bungalow: Detached,20,18,8,10,2,2,0
S01007853,Whole house or bungalow: Semi-detached,27,8,5,3,19,17,2
S01007853,Whole house or bungalow: Terraced (including end-terrace),12,9,7,2,3,3,0
S01007853,Flat maisonette or apartment or mobile/temporary accommodation,354,44,20,24,310,253,57
S01007854,All households,548,148,62,86,400,351,49
S01007854,Whole house or bungalow: Total,159,82,30,52,77,67,10
S01007854,Whole house or bungalow: Detached,25,19,7,12,6,6,0
S01007854,Whole house or bungalow: Semi-detached,104,45,14,31,59,49,10
S01007854,Whole house or bungalow: Terraced (including end-terrace),30,18,9,9,12,12,0
S01007854,Flat maisonette or apartment or mobile/temporary accommodation,389,66,32,34,323,284,39
S01007855,All households,310,90,36,54,220,140,80
S01007855,Whole house or bungalow: Total,52,40,20,20,12,8,4
S01007855,Whole house or bungalow: Detached,18,17,9,8,1,1,0
S01007855,Whole house or bungalow: Semi-detached,27,22,11,11,5,4,1
S01007855,Whole house or bungalow: Terraced (including end-terrace),7,1,0,1,6,3,3
S01007855,Flat maisonette or apartment or mobile/temporary accommodation,258,50,16,34,208,132,76
S01007856,All households,348,256,115,141,92,61,31
S01007856,Whole house or bungalow: Total,293,239,107,132,54,34,20
S01007856,Whole house or bungalow: Detached,32,27,11,16,5,1,4
S01007856,Whole house or bungalow: Semi-detached,101,70,39,31,31,22,9
S01007856,Whole house or bungalow: Terraced (including end-terrace),160,142,57,85,18,11,7
S01007856,Flat maisonette or apartment or mobile/temporary accommodation,55,17,8,9,38,27,11
S01007857,All households,233,54,23,31,179,172,7
S01007857,Whole house or bungalow: Total,178,42,20,22,136,134,2
S01007857,Whole house or bungalow: Detached,7,1,0,1,6,6,0
S01007857,Whole house or bungalow: Semi-detached,111,13,7,6,98,96,2
S01007857,Whole house or bungalow: Terraced (including end-terrace),60,28,13,15,32,32,0
S01007857,Flat maisonette or apartment or mobile/temporary accommodation,55,12,3,9,43,38,5
S01007858,All households,533,140,40,100,393,369,24
S01007858,Whole house or bungalow: Total,413,131,38,93,282,267,15
S01007858,Whole house or bungalow: Detached,54,38,22,16,16,13,3
S01007858,Whole house or bungalow: Semi-detached,260,78,11,67,182,171,11
S01007858,Whole house or bungalow: Terraced (including end-terrace),99,15,5,10,84,83,1
S01007858,Flat maisonette or apartment or mobile/temporary accommodation,120,9,2,7,111,102,9
S01007859,All households,246,38,8,30,208,196,12
S01007859,Whole house or bungalow: Total,183,34,6,28,149,141,8
S01007859,Whole house or bungalow: Detached,20,12,2,10,8,7,1
S01007859,Whole house or bungalow: Semi-detached,142,19,3,16,123,117,6
S01007859,Whole house or bungalow: Terraced (including end-terrace),21,3,1,2,18,17,1
S01007859,Flat maisonette or apartment or mobile/temporary accommodation,63,4,2,2,59,55,4
S01007860,All households,237,97,8,89,140,129,11
S01007860,Whole house or bungalow: Total,212,94,8,86,118,108,10
S01007860,Whole house or bungalow: Detached,94,84,6,78,10,5,5
S01007860,Whole house or bungalow: Semi-detached,111,6,1,5,105,100,5
S01007860,Whole house or bungalow: Terraced (including end-terrace),7,4,1,3,3,3,0
S01007860,Flat maisonette or apartment or mobile/temporary accommodation,25,3,0,3,22,21,1
S01007861,All households,254,168,77,91,86,76,10
S01007861,Whole house or bungalow: Total,250,166,75,91,84,74,10
S01007861,Whole house or bungalow: Detached,7,4,1,3,3,2,1
S01007861,Whole house or bungalow: Semi-detached,163,105,50,55,58,52,6
S01007861,Whole house or bungalow: Terraced (including end-terrace),80,57,24,33,23,20,3
S01007861,Flat maisonette or apartment or mobile/temporary accommodation,4,2,2,0,2,2,0
S01007862,All households,308,197,88,109,111,85,26
S01007862,Whole house or bungalow: Total,281,193,87,106,88,64,24
S01007862,Whole house or bungalow: Detached,6,4,1,3,2,2,0
S01007862,Whole house or bungalow: Semi-detached,239,160,72,88,79,55,24
S01007862,Whole house or bungalow: Terraced (including end-terrace),36,29,14,15,7,7,0
S01007862,Flat maisonette or apartment or mobile/temporary accommodation,27,4,1,3,23,21,2
S01007863,All households,441,146,66,80,295,272,23
S01007863,Whole house or bungalow: Total,180,135,62,73,45,37,8
S01007863,Whole house or bungalow: Detached,4,2,0,2,2,1,1
S01007863,Whole house or bungalow: Semi-detached,123,93,46,47,30,23,7
S01007863,Whole house or bungalow: Terraced (including end-terrace),53,40,16,24,13,13,0
S01007863,Flat maisonette or apartment or mobile/temporary accommodation,261,11,4,7,250,235,15
S01007864,All households,486,279,143,136,207,172,35
S01007864,Whole house or bungalow: Total,342,262,136,126,80,59,21
S01007864,Whole house or bungalow: Detached,19,17,4,13,2,2,0
S01007864,Whole house or bungalow: Semi-detached,126,92,54,38,34,24,10
S01007864,Whole house or bungalow: Terraced (including end-terrace),197,153,78,75,44,33,11
S01007864,Flat maisonette or apartment or mobile/temporary accommodation,144,17,7,10,127,113,14
S01007865,All households,229,213,20,193,16,7,9
S01007865,Whole house or bungalow: Total,222,209,19,190,13,5,8
S01007865,Whole house or bungalow: Detached,180,172,15,157,8,1,7
S01007865,Whole house or bungalow: Semi-detached,36,32,3,29,4,3,1
S01007865,Whole house or bungalow: Terraced (including end-terrace),6,5,1,4,1,1,0
S01007865,Flat maisonette or apartment or mobile/temporary accommodation,7,4,1,3,3,2,1
S01007866,All households,209,195,29,166,14,2,12
S01007866,Whole house or bungalow: Total,208,195,29,166,13,2,11
S01007866,Whole house or bungalow: Detached,106,100,19,81,6,0,6
S01007866,Whole house or bungalow: Semi-detached,98,92,9,83,6,1,5
S01007866,Whole house or bungalow: Terraced (including end-terrace),4,3,1,2,1,1,0
S01007866,Flat maisonette or apartment or mobile/temporary accommodation,1,0,0,0,1,0,1
S01007867,All households,195,136,43,93,59,17,42
S01007867,Whole house or bungalow: Total,142,108,34,74,34,9,25
S01007867,Whole house or bungalow: Detached,56,43,17,26,13,4,9
S01007867,Whole house or bungalow: Semi-detached,33,24,6,18,9,2,7
S01007867,Whole house or bungalow: Terraced (including end-terrace),53,41,11,30,12,3,9
S01007867,Flat maisonette or apartment or mobile/temporary accommodation,53,28,9,19,25,8,17
S01007868,All households,351,333,188,145,18,8,10
S01007868,Whole house or bungalow: Total,336,326,184,142,10,2,8
S01007868,Whole house or bungalow: Detached,129,129,78,51,0,0,0
S01007868,Whole house or bungalow: Semi-detached,203,195,105,90,8,0,8
S01007868,Whole house or bungalow: Terraced (including end-terrace),4,2,1,1,2,2,0
S01007868,Flat maisonette or apartment or mobile/temporary accommodation,15,7,4,3,8,6,2
S01007869,All households,362,306,127,179,56,6,50
S01007869,Whole house or bungalow: Total,315,294,121,173,21,1,20
S01007869,Whole house or bungalow: Detached,209,201,85,116,8,0,8
S01007869,Whole house or bungalow: Semi-detached,102,90,35,55,12,1,11
S01007869,Whole house or bungalow: Terraced (including end-terrace),4,3,1,2,1,0,1
S01007869,Flat maisonette or apartment or mobile/temporary accommodation,47,12,6,6,35,5,30
S01007870,All households,199,153,74,79,46,9,37
S01007870,Whole house or bungalow: Total,192,149,72,77,43,6,37
S01007870,Whole house or bungalow: Detached,91,73,39,34,18,0,18
S01007870,Whole house or bungalow: Semi-detached,57,46,21,25,11,3,8
S01007870,Whole house or bungalow: Terraced (including end-terrace),44,30,12,18,14,3,11
S01007870,Flat maisonette or apartment or mobile/temporary accommodation,7,4,2,2,3,3,0
S01007871,All households,285,68,36,32,217,211,6
S01007871,Whole house or bungalow: Total,256,66,34,32,190,184,6
S01007871,Whole house or bungalow: Detached,13,6,2,4,7,6,1
S01007871,Whole house or bungalow: Semi-detached,119,38,24,14,81,79,2
S01007871,Whole house or bungalow: Terraced (including end-terrace),124,22,8,14,102,99,3
S01007871,Flat maisonette or apartment or mobile/temporary accommodation,29,2,2,0,27,27,0
S01007872,All households,322,75,36,39,247,241,6
S01007872,Whole house or bungalow: Total,211,53,25,28,158,154,4
S01007872,Whole house or bungalow: Detached,12,6,1,5,6,5,1
S01007872,Whole house or bungalow: Semi-detached,82,23,14,9,59,56,3
S01007872,Whole house or bungalow: Terraced (including end-terrace),117,24,10,14,93,93,0
S01007872,Flat maisonette or apartment or mobile/temporary accommodation,111,22,11,11,89,87,2
S01007873,All households,295,190,95,95,105,71,34
S01007873,Whole house or bungalow: Total,188,147,76,71,41,22,19
S01007873,Whole house or bungalow: Detached,53,49,27,22,4,0,4
S01007873,Whole house or bungalow: Semi-detached,94,68,38,30,26,16,10
S01007873,Whole house or bungalow: Terraced (including end-terrace),41,30,11,19,11,6,5
S01007873,Flat maisonette or apartment or mobile/temporary accommodation,107,43,19,24,64,49,15
S01007874,All households,367,186,84,102,181,150,31
S01007874,Whole house or bungalow: Total,165,108,48,60,57,47,10
S01007874,Whole house or bungalow: Detached,40,34,16,18,6,4,2
S01007874,Whole house or bungalow: Semi-detached,61,31,16,15,30,27,3
S01007874,Whole house or bungalow: Terraced (including end-terrace),64,43,16,27,21,16,5
S01007874,Flat maisonette or apartment or mobile/temporary accommodation,202,78,36,42,124,103,21
S01007875,All households,242,168,73,95,74,64,10
S01007875,Whole house or bungalow: Total,236,166,72,94,70,62,8
S01007875,Whole house or bungalow: Detached,30,27,11,16,3,3,0
S01007875,Whole house or bungalow: Semi-detached,73,48,22,26,25,23,2
S01007875,Whole house or bungalow: Terraced (including end-terrace),133,91,39,52,42,36,6
S01007875,Flat maisonette or apartment or mobile/temporary accommodation,6,2,1,1,4,2,2
S01007876,All households,420,291,90,201,129,102,27
S01007876,Whole house or bungalow: Total,389,277,87,190,112,86,26
S01007876,Whole house or bungalow: Detached,111,104,40,64,7,3,4
S01007876,Whole house or bungalow: Semi-detached,162,112,24,88,50,36,14
S01007876,Whole house or bungalow: Terraced (including end-terrace),116,61,23,38,55,47,8
S01007876,Flat maisonette or apartment or mobile/temporary accommodation,31,14,3,11,17,16,1
S01007877,All households,336,194,88,106,142,127,15
S01007877,Whole house or bungalow: Total,291,177,85,92,114,103,11
S01007877,Whole house or bungalow: Detached,57,51,23,28,6,3,3
S01007877,Whole house or bungalow: Semi-detached,169,98,55,43,71,67,4
S01007877,Whole house or bungalow: Terraced (including end-terrace),65,28,7,21,37,33,4
S01007877,Flat maisonette or apartment or mobile/temporary accommodation,45,17,3,14,28,24,4
S01007878,All households,281,121,50,71,160,151,9
S01007878,Whole house or bungalow: Total,194,110,47,63,84,78,6
S01007878,Whole house or bungalow: Detached,23,19,7,12,4,2,2
S01007878,Whole house or bungalow: Semi-detached,81,49,20,29,32,28,4
S01007878,Whole house or bungalow: Terraced (including end-terrace),90,42,20,22,48,48,0
S01007878,Flat maisonette or apartment or mobile/temporary accommodation,87,11,3,8,76,73,3
S01007879,All households,320,154,65,89,166,147,19
S01007879,Whole house or bungalow: Total,309,150,61,89,159,141,18
S01007879,Whole house or bungalow: Detached,22,14,2,12,8,2,6
S01007879,Whole house or bungalow: Semi-detached,167,93,42,51,74,69,5
S01007879,Whole house or bungalow: Terraced (including end-terrace),120,43,17,26,77,70,7
S01007879,Flat maisonette or apartment or mobile/temporary accommodation,11,4,4,0,7,6,1
S01007880,All households,178,143,78,65,35,21,14
S01007880,Whole house or bungalow: Total,144,128,71,57,16,6,10
S01007880,Whole house or bungalow: Detached,99,92,48,44,7,1,6
S01007880,Whole house or bungalow: Semi-detached,33,28,16,12,5,1,4
S01007880,Whole house or bungalow: Terraced (including end-terrace),12,8,7,1,4,4,0
S01007880,Flat maisonette or apartment or mobile/temporary accommodation,34,15,7,8,19,15,4
S01007881,All households,244,107,49,58,137,119,18
S01007881,Whole house or bungalow: Total,166,99,45,54,67,54,13
S01007881,Whole house or bungalow: Detached,59,51,18,33,8,2,6
S01007881,Whole house or bungalow: Semi-detached,65,38,23,15,27,20,7
S01007881,Whole house or bungalow: Terraced (including end-terrace),42,10,4,6,32,32,0
S01007881,Flat maisonette or apartment or mobile/temporary accommodation,78,8,4,4,70,65,5
S01007882,All households,268,225,109,116,43,9,34
S01007882,Whole house or bungalow: Total,260,221,108,113,39,7,32
S01007882,Whole house or bungalow: Detached,199,172,95,77,27,0,27
S01007882,Whole house or bungalow: Semi-detached,43,33,9,24,10,5,5
S01007882,Whole house or bungalow: Terraced (including end-terrace),18,16,4,12,2,2,0
S01007882,Flat maisonette or apartment or mobile/temporary accommodation,8,4,1,3,4,2,2
S01007883,All households,468,361,150,211,107,69,38
S01007883,Whole house or bungalow: Total,365,307,132,175,58,44,14
S01007883,Whole house or bungalow: Detached,128,123,50,73,5,0,5
S01007883,Whole house or bungalow: Semi-detached,130,101,46,55,29,25,4
S01007883,Whole house or bungalow: Terraced (including end-terrace),107,83,36,47,24,19,5
S01007883,Flat maisonette or apartment or mobile/temporary accommodation,103,54,18,36,49,25,24
S01007884,All households,269,176,66,110,93,69,24
S01007884,Whole house or bungalow: Total,253,170,63,107,83,61,22
S01007884,Whole house or bungalow: Detached,23,20,5,15,3,0,3
S01007884,Whole house or bungalow: Semi-detached,78,50,19,31,28,12,16
S01007884,Whole house or bungalow: Terraced (including end-terrace),152,100,39,61,52,49,3
S01007884,Flat maisonette or apartment or mobile/temporary accommodation,16,6,3,3,10,8,2
S01007885,All households,345,125,56,69,220,201,19
S01007885,Whole house or bungalow: Total,184,97,48,49,87,79,8
S01007885,Whole house or bungalow: Detached,22,17,9,8,5,4,1
S01007885,Whole house or bungalow: Semi-detached,86,39,21,18,47,41,6
S01007885,Whole house or bungalow: Terraced (including end-terrace),76,41,18,23,35,34,1
S01007885,Flat maisonette or apartment or mobile/temporary accommodation,161,28,8,20,133,122,11
S01007886,All households,433,260,127,133,173,138,35
S01007886,Whole house or bungalow: Total,274,217,107,110,57,38,19
S01007886,Whole house or bungalow: Detached,94,88,43,45,6,2,4
S01007886,Whole house or bungalow: Semi-detached,61,49,24,25,12,8,4
S01007886,Whole house or bungalow: Terraced (including end-terrace),119,80,40,40,39,28,11
S01007886,Flat maisonette or apartment or mobile/temporary accommodation,159,43,20,23,116,100,16
S01007887,All households,230,149,81,68,81,8,73
S01007887,Whole house or bungalow: Total,218,145,80,65,73,7,66
S01007887,Whole house or bungalow: Detached,155,112,64,48,43,0,43
S01007887,Whole house or bungalow: Semi-detached,33,15,8,7,18,4,14
S01007887,Whole house or bungalow: Terraced (including end-terrace),30,18,8,10,12,3,9
S01007887,Flat maisonette or apartment or mobile/temporary accommodation,12,4,1,3,8,1,7
S01007888,All households,451,200,81,119,251,230,21
S01007888,Whole house or bungalow: Total,438,194,80,114,244,224,20
S01007888,Whole house or bungalow: Detached,29,15,4,11,14,12,2
S01007888,Whole house or bungalow: Semi-detached,164,92,39,53,72,65,7
S01007888,Whole house or bungalow: Terraced (including end-terrace),245,87,37,50,158,147,11
S01007888,Flat maisonette or apartment or mobile/temporary accommodation,13,6,1,5,7,6,1
S01007889,All households,242,144,66,78,98,88,10
S01007889,Whole house or bungalow: Total,230,141,65,76,89,79,10
S01007889,Whole house or bungalow: Detached,11,5,2,3,6,5,1
S01007889,Whole house or bungalow: Semi-detached,78,52,24,28,26,23,3
S01007889,Whole house or bungalow: Terraced (including end-terrace),141,84,39,45,57,51,6
S01007889,Flat maisonette or apartment or mobile/temporary accommodation,12,3,1,2,9,9,0
S01007890,All households,300,199,82,117,101,90,11
S01007890,Whole house or bungalow: Total,289,196,82,114,93,82,11
S01007890,Whole house or bungalow: Detached,88,83,42,41,5,2,3
S01007890,Whole house or bungalow: Semi-detached,138,88,31,57,50,44,6
S01007890,Whole house or bungalow: Terraced (including end-terrace),63,25,9,16,38,36,2
S01007890,Flat maisonette or apartment or mobile/temporary accommodation,11,3,0,3,8,8,0
S01007891,All households,370,254,84,170,116,95,21
S01007891,Whole house or bungalow: Total,293,227,75,152,66,55,11
S01007891,Whole house or bungalow: Detached,122,113,31,82,9,5,4
S01007891,Whole house or bungalow: Semi-detached,110,90,33,57,20,17,3
S01007891,Whole house or bungalow: Terraced (including end-terrace),61,24,11,13,37,33,4
S01007891,Flat maisonette or apartment or mobile/temporary accommodation,77,27,9,18,50,40,10
S01007892,All households,341,254,128,126,87,48,39
S01007892,Whole house or bungalow: Total,260,218,117,101,42,15,27
S01007892,Whole house or bungalow: Detached,176,160,100,60,16,0,16
S01007892,Whole house or bungalow: Semi-detached,38,28,9,19,10,4,6
S01007892,Whole house or bungalow: Terraced (including end-terrace),46,30,8,22,16,11,5
S01007892,Flat maisonette or apartment or mobile/temporary accommodation,81,36,11,25,45,33,12
S01007893,All households,423,365,181,184,58,23,35
S01007893,Whole house or bungalow: Total,401,353,176,177,48,18,30
S01007893,Whole house or bungalow: Detached,246,228,122,106,18,3,15
S01007893,Whole house or bungalow: Semi-detached,108,88,40,48,20,10,10
S01007893,Whole house or bungalow: Terraced (including end-terrace),47,37,14,23,10,5,5
S01007893,Flat maisonette or apartment or mobile/temporary accommodation,22,12,5,7,10,5,5
S01007894,All households,386,261,108,153,125,88,37
S01007894,Whole house or bungalow: Total,352,241,98,143,111,80,31
S01007894,Whole house or bungalow: Detached,28,26,15,11,2,2,0
S01007894,Whole house or bungalow: Semi-detached,148,92,36,56,56,39,17
S01007894,Whole house or bungalow: Terraced (including end-terrace),176,123,47,76,53,39,14
S01007894,Flat maisonette or apartment or mobile/temporary accommodation,34,20,10,10,14,8,6
S01007895,All households,249,182,95,87,67,34,33
S01007895,Whole house or bungalow: Total,190,154,88,66,36,20,16
S01007895,Whole house or bungalow: Detached,90,83,51,32,7,0,7
S01007895,Whole house or bungalow: Semi-detached,48,38,19,19,10,7,3
S01007895,Whole house or bungalow: Terraced (including end-terrace),52,33,18,15,19,13,6
S01007895,Flat maisonette or apartment or mobile/temporary accommodation,59,28,7,21,31,14,17
S01007896,All households,387,186,76,110,201,156,45
S01007896,Whole house or bungalow: Total,204,117,44,73,87,54,33
S01007896,Whole house or bungalow: Detached,17,12,6,6,5,3,2
S01007896,Whole house or bungalow: Semi-detached,106,60,22,38,46,28,18
S01007896,Whole house or bungalow: Terraced (including end-terrace),81,45,16,29,36,23,13
S01007896,Flat maisonette or apartment or mobile/temporary accommodation,183,69,32,37,114,102,12
S01007897,All households,165,133,71,62,32,4,28
S01007897,Whole house or bungalow: Total,160,130,69,61,30,3,27
S01007897,Whole house or bungalow: Detached,122,103,59,44,19,0,19
S01007897,Whole house or bungalow: Semi-detached,29,20,7,13,9,2,7
S01007897,Whole house or bungalow: Terraced (including end-terrace),9,7,3,4,2,1,1
S01007897,Flat maisonette or apartment or mobile/temporary accommodation,5,3,2,1,2,1,1
S01007898,All households,166,134,65,69,32,5,27
S01007898,Whole house or bungalow: Total,163,133,64,69,30,4,26
S01007898,Whole house or bungalow: Detached,125,100,49,51,25,2,23
S01007898,Whole house or bungalow: Semi-detached,35,31,15,16,4,1,3
S01007898,Whole house or bungalow: Terraced (including end-terrace),3,2,0,2,1,1,0
S01007898,Flat maisonette or apartment or mobile/temporary accommodation,3,1,1,0,2,1,1
S01007899,All households,145,103,61,42,42,6,36
S01007899,Whole house or bungalow: Total,119,87,53,34,32,5,27
S01007899,Whole house or bungalow: Detached,96,74,47,27,22,1,21
S01007899,Whole house or bungalow: Semi-detached,15,11,6,5,4,2,2
S01007899,Whole house or bungalow: Terraced (including end-terrace),8,2,0,2,6,2,4
S01007899,Flat maisonette or apartment or mobile/temporary accommodation,26,16,8,8,10,1,9
S01007900,All households,232,105,56,49,127,120,7
S01007900,Whole house or bungalow: Total,231,104,55,49,127,120,7
S01007900,Whole house or bungalow: Detached,15,11,2,9,4,3,1
S01007900,Whole house or bungalow: Semi-detached,165,77,46,31,88,84,4
S01007900,Whole house or bungalow: Terraced (including end-terrace),51,16,7,9,35,33,2
S01007900,Flat maisonette or apartment or mobile/temporary accommodation,1,1,1,0,0,0,0
S01007901,All households,317,146,65,81,171,143,28
S01007901,Whole house or bungalow: Total,302,142,64,78,160,138,22
S01007901,Whole house or bungalow: Detached,34,23,11,12,11,5,6
S01007901,Whole house or bungalow: Semi-detached,108,45,20,25,63,52,11
S01007901,Whole house or bungalow: Terraced (including end-terrace),160,74,33,41,86,81,5
S01007901,Flat maisonette or apartment or mobile/temporary accommodation,15,4,1,3,11,5,6
S01007902,All households,394,148,75,73,246,226,20
S01007902,Whole house or bungalow: Total,379,145,75,70,234,216,18
S01007902,Whole house or bungalow: Detached,31,12,7,5,19,16,3
S01007902,Whole house or bungalow: Semi-detached,217,93,49,44,124,114,10
S01007902,Whole house or bungalow: Terraced (including end-terrace),131,40,19,21,91,86,5
S01007902,Flat maisonette or apartment or mobile/temporary accommodation,15,3,0,3,12,10,2
S01007903,All households,322,185,116,69,137,110,27
S01007903,Whole house or bungalow: Total,229,158,99,59,71,52,19
S01007903,Whole house or bungalow: Detached,75,70,40,30,5,0,5
S01007903,Whole house or bungalow: Semi-detached,87,57,40,17,30,25,5
S01007903,Whole house or bungalow: Terraced (including end-terrace),67,31,19,12,36,27,9
S01007903,Flat maisonette or apartment or mobile/temporary accommodation,93,27,17,10,66,58,8
S01007904,All households,312,220,115,105,92,17,75
S01007904,Whole house or bungalow: Total,290,212,109,103,78,13,65
S01007904,Whole house or bungalow: Detached,190,142,82,60,48,0,48
S01007904,Whole house or bungalow: Semi-detached,62,44,22,22,18,5,13
S01007904,Whole house or bungalow: Terraced (including end-terrace),38,26,5,21,12,8,4
S01007904,Flat maisonette or apartment or mobile/temporary accommodation,22,8,6,2,14,4,10
S01007905,All households,292,92,28,64,200,189,11
S01007905,Whole house or bungalow: Total,286,89,28,61,197,186,11
S01007905,Whole house or bungalow: Detached,25,12,6,6,13,10,3
S01007905,Whole house or bungalow: Semi-detached,141,45,13,32,96,90,6
S01007905,Whole house or bungalow: Terraced (including end-terrace),120,32,9,23,88,86,2
S01007905,Flat maisonette or apartment or mobile/temporary accommodation,6,3,0,3,3,3,0
S01007906,All households,382,164,73,91,218,201,17
S01007906,Whole house or bungalow: Total,206,103,43,60,103,95,8
S01007906,Whole house or bungalow: Detached,27,20,8,12,7,6,1
S01007906,Whole house or bungalow: Semi-detached,129,68,29,39,61,57,4
S01007906,Whole house or bungalow: Terraced (including end-terrace),50,15,6,9,35,32,3
S01007906,Flat maisonette or apartment or mobile/temporary accommodation,176,61,30,31,115,106,9
S01007907,All households,254,129,74,55,125,112,13
S01007907,Whole house or bungalow: Total,227,125,73,52,102,90,12
S01007907,Whole house or bungalow: Detached,18,11,4,7,7,3,4
S01007907,Whole house or bungalow: Semi-detached,165,91,60,31,74,67,7
S01007907,Whole house or bungalow: Terraced (including end-terrace),44,23,9,14,21,20,1
S01007907,Flat maisonette or apartment or mobile/temporary accommodation,27,4,1,3,23,22,1
S01007908,All households,419,311,173,138,108,74,34
S01007908,Whole house or bungalow: Total,305,248,128,120,57,31,26
S01007908,Whole house or bungalow: Detached,149,139,67,72,10,1,9
S01007908,Whole house or bungalow: Semi-detached,118,82,49,33,36,21,15
S01007908,Whole house or bungalow: Terraced (including end-terrace),38,27,12,15,11,9,2
S01007908,Flat maisonette or apartment or mobile/temporary accommodation,114,63,45,18,51,43,8
S01007909,All households,226,136,54,82,90,74,16
S01007909,Whole house or bungalow: Total,219,133,53,80,86,71,15
S01007909,Whole house or bungalow: Detached,6,4,2,2,2,1,1
S01007909,Whole house or bungalow: Semi-detached,77,45,21,24,32,26,6
S01007909,Whole house or bungalow: Terraced (including end-terrace),136,84,30,54,52,44,8
S01007909,Flat maisonette or apartment or mobile/temporary accommodation,7,3,1,2,4,3,1
S01007910,All households,369,172,67,105,197,160,37
S01007910,Whole house or bungalow: Total,226,131,53,78,95,75,20
S01007910,Whole house or bungalow: Detached,29,26,14,12,3,1,2
S01007910,Whole house or bungalow: Semi-detached,112,58,20,38,54,41,13
S01007910,Whole house or bungalow: Terraced (including end-terrace),85,47,19,28,38,33,5
S01007910,Flat maisonette or apartment or mobile/temporary accommodation,143,41,14,27,102,85,17
S01007911,All households,348,219,73,146,129,106,23
S01007911,Whole house or bungalow: Total,250,184,61,123,66,49,17
S01007911,Whole house or bungalow: Detached,102,93,37,56,9,2,7
S01007911,Whole house or bungalow: Semi-detached,90,60,12,48,30,21,9
S01007911,Whole house or bungalow: Terraced (including end-terrace),58,31,12,19,27,26,1
S01007911,Flat maisonette or apartment or mobile/temporary accommodation,98,35,12,23,63,57,6
S01007912,All households,346,222,103,119,124,95,29
S01007912,Whole house or bungalow: Total,251,197,93,104,54,38,16
S01007912,Whole house or bungalow: Detached,48,42,23,19,6,4,2
S01007912,Whole house or bungalow: Semi-detached,149,118,59,59,31,25,6
S01007912,Whole house or bungalow: Terraced (including end-terrace),54,37,11,26,17,9,8
S01007912,Flat maisonette or apartment or mobile/temporary accommodation,95,25,10,15,70,57,13
S01007913,All households,304,124,60,64,180,132,48
S01007913,Whole house or bungalow: Total,118,67,33,34,51,32,19
S01007913,Whole house or bungalow: Detached,15,9,5,4,6,2,4
S01007913,Whole house or bungalow: Semi-detached,79,51,26,25,28,15,13
S01007913,Whole house or bungalow: Terraced (including end-terrace),24,7,2,5,17,15,2
S01007913,Flat maisonette or apartment or mobile/temporary accommodation,186,57,27,30,129,100,29
S01007914,All households,279,135,58,77,144,129,15
S01007914,Whole house or bungalow: Total,240,131,56,75,109,95,14
S01007914,Whole house or bungalow: Detached,23,11,5,6,12,9,3
S01007914,Whole house or bungalow: Semi-detached,69,37,17,20,32,26,6
S01007914,Whole house or bungalow: Terraced (including end-terrace),148,83,34,49,65,60,5
S01007914,Flat maisonette or apartment or mobile/temporary accommodation,39,4,2,2,35,34,1
S01007915,All households,361,216,93,123,145,134,11
S01007915,Whole house or bungalow: Total,322,213,92,121,109,99,10
S01007915,Whole house or bungalow: Detached,22,16,8,8,6,5,1
S01007915,Whole house or bungalow: Semi-detached,92,53,23,30,39,39,0
S01007915,Whole house or bungalow: Terraced (including end-terrace),208,144,61,83,64,55,9
S01007915,Flat maisonette or apartment or mobile/temporary accommodation,39,3,1,2,36,35,1
S01007916,All households,399,242,120,122,157,131,26
S01007916,Whole house or bungalow: Total,283,204,99,105,79,63,16
S01007916,Whole house or bungalow: Detached,58,47,28,19,11,7,4
S01007916,Whole house or bungalow: Semi-detached,166,121,58,63,45,41,4
S01007916,Whole house or bungalow: Terraced (including end-terrace),59,36,13,23,23,15,8
S01007916,Flat maisonette or apartment or mobile/temporary accommodation,116,38,21,17,78,68,10
S01007917,All households,369,234,96,138,135,112,23
S01007917,Whole house or bungalow: Total,306,225,91,134,81,58,23
S01007917,Whole house or bungalow: Detached,24,17,9,8,7,6,1
S01007917,Whole house or bungalow: Semi-detached,86,68,27,41,18,14,4
S01007917,Whole house or bungalow: Terraced (including end-terrace),196,140,55,85,56,38,18
S01007917,Flat maisonette or apartment or mobile/temporary accommodation,63,9,5,4,54,54,0
S01007918,All households,446,237,112,125,209,164,45
S01007918,Whole house or bungalow: Total,254,204,98,106,50,31,19
S01007918,Whole house or bungalow: Detached,63,55,29,26,8,1,7
S01007918,Whole house or bungalow: Semi-detached,142,120,54,66,22,14,8
S01007918,Whole house or bungalow: Terraced (including end-terrace),49,29,15,14,20,16,4
S01007918,Flat maisonette or apartment or mobile/temporary accommodation,192,33,14,19,159,133,26
S01007919,All households,303,281,131,150,22,10,12
S01007919,Whole house or bungalow: Total,294,276,127,149,18,6,12
S01007919,Whole house or bungalow: Detached,259,249,117,132,10,0,10
S01007919,Whole house or bungalow: Semi-detached,30,23,7,16,7,5,2
S01007919,Whole house or bungalow: Terraced (including end-terrace),5,4,3,1,1,1,0
S01007919,Flat maisonette or apartment or mobile/temporary accommodation,9,5,4,1,4,4,0
S01007920,All households,245,221,89,132,24,10,14
S01007920,Whole house or bungalow: Total,236,216,86,130,20,6,14
S01007920,Whole house or bungalow: Detached,146,134,59,75,12,1,11
S01007920,Whole house or bungalow: Semi-detached,85,78,27,51,7,4,3
S01007920,Whole house or bungalow: Terraced (including end-terrace),5,4,0,4,1,1,0
S01007920,Flat maisonette or apartment or mobile/temporary accommodation,9,5,3,2,4,4,0
S01007921,All households,422,162,66,96,260,246,14
S01007921,Whole house or bungalow: Total,398,156,63,93,242,230,12
S01007921,Whole house or bungalow: Detached,18,7,4,3,11,11,0
S01007921,Whole house or bungalow: Semi-detached,143,73,32,41,70,64,6
S01007921,Whole house or bungalow: Terraced (including end-terrace),237,76,27,49,161,155,6
S01007921,Flat maisonette or apartment or mobile/temporary accommodation,24,6,3,3,18,16,2
S01007922,All households,386,161,67,94,225,200,25
S01007922,Whole house or bungalow: Total,261,133,52,81,128,113,15
S01007922,Whole house or bungalow: Detached,14,8,0,8,6,2,4
S01007922,Whole house or bungalow: Semi-detached,158,75,33,42,83,75,8
S01007922,Whole house or bungalow: Terraced (including end-terrace),89,50,19,31,39,36,3
S01007922,Flat maisonette or apartment or mobile/temporary accommodation,125,28,15,13,97,87,10
S01007923,All households,412,330,148,182,82,49,33
S01007923,Whole house or bungalow: Total,363,300,137,163,63,44,19
S01007923,Whole house or bungalow: Detached,120,109,51,58,11,0,11
S01007923,Whole house or bungalow: Semi-detached,136,108,46,62,28,24,4
S01007923,Whole house or bungalow: Terraced (including end-terrace),107,83,40,43,24,20,4
S01007923,Flat maisonette or apartment or mobile/temporary accommodation,49,30,11,19,19,5,14
S01007924,All households,430,209,98,111,221,182,39
S01007924,Whole house or bungalow: Total,308,177,79,98,131,107,24
S01007924,Whole house or bungalow: Detached,100,85,34,51,15,3,12
S01007924,Whole house or bungalow: Semi-detached,109,56,28,28,53,46,7
S01007924,Whole house or bungalow: Terraced (including end-terrace),99,36,17,19,63,58,5
S01007924,Flat maisonette or apartment or mobile/temporary accommodation,122,32,19,13,90,75,15
S01007925,All households,176,147,81,66,29,4,25
S01007925,Whole house or bungalow: Total,169,144,78,66,25,2,23
S01007925,Whole house or bungalow: Detached,133,118,66,52,15,0,15
S01007925,Whole house or bungalow: Semi-detached,27,21,8,13,6,0,6
S01007925,Whole house or bungalow: Terraced (including end-terrace),9,5,4,1,4,2,2
S01007925,Flat maisonette or apartment or mobile/temporary accommodation,7,3,3,0,4,2,2
S01007926,All households,175,147,67,80,28,7,21
S01007926,Whole house or bungalow: Total,171,147,67,80,24,3,21
S01007926,Whole house or bungalow: Detached,117,106,51,55,11,0,11
S01007926,Whole house or bungalow: Semi-detached,36,27,10,17,9,2,7
S01007926,Whole house or bungalow: Terraced (including end-terrace),18,14,6,8,4,1,3
S01007926,Flat maisonette or apartment or mobile/temporary accommodation,4,0,0,0,4,4,0
S01007927,All households,237,200,91,109,37,16,21
S01007927,Whole house or bungalow: Total,229,196,87,109,33,13,20
S01007927,Whole house or bungalow: Detached,165,149,70,79,16,0,16
S01007927,Whole house or bungalow: Semi-detached,43,30,11,19,13,9,4
S01007927,Whole house or bungalow: Terraced (including end-terrace),21,17,6,11,4,4,0
S01007927,Flat maisonette or apartment or mobile/temporary accommodation,8,4,4,0,4,3,1
S01007928,All households,418,346,155,191,72,51,21
S01007928,Whole house or bungalow: Total,388,329,151,178,59,43,16
S01007928,Whole house or bungalow: Detached,209,200,102,98,9,2,7
S01007928,Whole house or bungalow: Semi-detached,91,62,22,40,29,25,4
S01007928,Whole house or bungalow: Terraced (including end-terrace),88,67,27,40,21,16,5
S01007928,Flat maisonette or apartment or mobile/temporary accommodation,30,17,4,13,13,8,5
S01007929,All households,268,227,99,128,41,11,30
S01007929,Whole house or bungalow: Total,251,216,94,122,35,9,26
S01007929,Whole house or bungalow: Detached,181,161,78,83,20,2,18
S01007929,Whole house or bungalow: Semi-detached,49,36,14,22,13,7,6
S01007929,Whole house or bungalow: Terraced (including end-terrace),21,19,2,17,2,0,2
S01007929,Flat maisonette or apartment or mobile/temporary accommodation,17,11,5,6,6,2,4
S01007930,All households,216,191,99,92,25,10,15
S01007930,Whole house or bungalow: Total,208,187,99,88,21,8,13
S01007930,Whole house or bungalow: Detached,146,139,78,61,7,0,7
S01007930,Whole house or bungalow: Semi-detached,33,31,15,16,2,0,2
S01007930,Whole house or bungalow: Terraced (including end-terrace),29,17,6,11,12,8,4
S01007930,Flat maisonette or apartment or mobile/temporary accommodation,8,4,0,4,4,2,2
S01007931,All households,481,340,155,185,141,117,24
S01007931,Whole house or bungalow: Total,410,313,141,172,97,79,18
S01007931,Whole house or bungalow: Detached,175,170,82,88,5,3,2
S01007931,Whole house or bungalow: Semi-detached,102,60,25,35,42,37,5
S01007931,Whole house or bungalow: Terraced (including end-terrace),133,83,34,49,50,39,11
S01007931,Flat maisonette or apartment or mobile/temporary accommodation,71,27,14,13,44,38,6
S01007932,All households,364,336,186,150,28,15,13
S01007932,Whole house or bungalow: Total,306,298,173,125,8,3,5
S01007932,Whole house or bungalow: Detached,183,179,105,74,4,0,4
S01007932,Whole house or bungalow: Semi-detached,110,108,65,43,2,2,0
S01007932,Whole house or bungalow: Terraced (including end-terrace),13,11,3,8,2,1,1
S01007932,Flat maisonette or apartment or mobile/temporary accommodation,58,38,13,25,20,12,8
S01007933,All households,316,270,100,170,46,14,32
S01007933,Whole house or bungalow: Total,303,264,99,165,39,13,26
S01007933,Whole house or bungalow: Detached,87,83,39,44,4,0,4
S01007933,Whole house or bungalow: Semi-detached,58,49,10,39,9,3,6
S01007933,Whole house or bungalow: Terraced (including end-terrace),158,132,50,82,26,10,16
S01007933,Flat maisonette or apartment or mobile/temporary accommodation,13,6,1,5,7,1,6
S01007934,All households,300,186,60,126,114,93,21
S01007934,Whole house or bungalow: Total,265,181,57,124,84,74,10
S01007934,Whole house or bungalow: Detached,100,71,22,49,29,27,2
S01007934,Whole house or bungalow: Semi-detached,72,51,14,37,21,17,4
S01007934,Whole house or bungalow: Terraced (including end-terrace),93,59,21,38,34,30,4
S01007934,Flat maisonette or apartment or mobile/temporary accommodation,35,5,3,2,30,19,11
S01007935,All households,444,226,89,137,218,115,103
S01007935,Whole house or bungalow: Total,136,99,40,59,37,19,18
S01007935,Whole house or bungalow: Detached,41,38,16,22,3,0,3
S01007935,Whole house or bungalow: Semi-detached,30,23,9,14,7,4,3
S01007935,Whole house or bungalow: Terraced (including end-terrace),65,38,15,23,27,15,12
S01007935,Flat maisonette or apartment or mobile/temporary accommodation,308,127,49,78,181,96,85
S01007936,All households,389,328,126,202,61,6,55
S01007936,Whole house or bungalow: Total,343,312,119,193,31,2,29
S01007936,Whole house or bungalow: Detached,212,203,82,121,9,0,9
S01007936,Whole house or bungalow: Semi-detached,75,58,27,31,17,2,15
S01007936,Whole house or bungalow: Terraced (including end-terrace),56,51,10,41,5,0,5
S01007936,Flat maisonette or apartment or mobile/temporary accommodation,46,16,7,9,30,4,26
S01007937,All households,435,373,150,223,62,14,48
S01007937,Whole house or bungalow: Total,398,362,149,213,36,11,25
S01007937,Whole house or bungalow: Detached,224,211,83,128,13,1,12
S01007937,Whole house or bungalow: Semi-detached,132,119,52,67,13,4,9
S01007937,Whole house or bungalow: Terraced (including end-terrace),42,32,14,18,10,6,4
S01007937,Flat maisonette or apartment or mobile/temporary accommodation,37,11,1,10,26,3,23
S01007938,All households,372,235,106,129,137,102,35
S01007938,Whole house or bungalow: Total,198,168,85,83,30,23,7
S01007938,Whole house or bungalow: Detached,35,33,15,18,2,2,0
S01007938,Whole house or bungalow: Semi-detached,47,40,22,18,7,5,2
S01007938,Whole house or bungalow: Terraced (including end-terrace),116,95,48,47,21,16,5
S01007938,Flat maisonette or apartment or mobile/temporary accommodation,174,67,21,46,107,79,28
S01007939,All households,412,202,92,110,210,182,28
S01007939,Whole house or bungalow: Total,316,191,89,102,125,105,20
S01007939,Whole house or bungalow: Detached,17,11,4,7,6,4,2
S01007939,Whole house or bungalow: Semi-detached,144,74,29,45,70,64,6
S01007939,Whole house or bungalow: Terraced (including end-terrace),155,106,56,50,49,37,12
S01007939,Flat maisonette or apartment or mobile/temporary accommodation,96,11,3,8,85,77,8
S01007940,All households,497,326,138,188,171,138,33
S01007940,Whole house or bungalow: Total,362,275,114,161,87,67,20
S01007940,Whole house or bungalow: Detached,98,86,33,53,12,4,8
S01007940,Whole house or bungalow: Semi-detached,175,131,52,79,44,39,5
S01007940,Whole house or bungalow: Terraced (including end-terrace),89,58,29,29,31,24,7
S01007940,Flat maisonette or apartment or mobile/temporary accommodation,135,51,24,27,84,71,13
S01007941,All households,257,238,118,120,19,7,12
S01007941,Whole house or bungalow: Total,253,236,118,118,17,5,12
S01007941,Whole house or bungalow: Detached,110,105,58,47,5,1,4
S01007941,Whole house or bungalow: Semi-detached,113,104,50,54,9,4,5
S01007941,Whole house or bungalow: Terraced (including end-terrace),30,27,10,17,3,0,3
S01007941,Flat maisonette or apartment or mobile/temporary accommodation,4,2,0,2,2,2,0
S01007942,All households,207,121,27,94,86,46,40
S01007942,Whole house or bungalow: Total,138,92,15,77,46,18,28
S01007942,Whole house or bungalow: Detached,29,25,7,18,4,0,4
S01007942,Whole house or bungalow: Semi-detached,73,50,8,42,23,10,13
S01007942,Whole house or bungalow: Terraced (including end-terrace),36,17,0,17,19,8,11
S01007942,Flat maisonette or apartment or mobile/temporary accommodation,69,29,12,17,40,28,12
S01007943,All households,319,225,114,111,94,51,43
S01007943,Whole house or bungalow: Total,243,208,102,106,35,14,21
S01007943,Whole house or bungalow: Detached,83,78,41,37,5,0,5
S01007943,Whole house or bungalow: Semi-detached,52,41,25,16,11,5,6
S01007943,Whole house or bungalow: Terraced (including end-terrace),108,89,36,53,19,9,10
S01007943,Flat maisonette or apartment or mobile/temporary accommodation,76,17,12,5,59,37,22
S01007944,All households,442,271,104,167,171,118,53
S01007944,Whole house or bungalow: Total,320,236,95,141,84,55,29
S01007944,Whole house or bungalow: Detached,88,80,33,47,8,0,8
S01007944,Whole house or bungalow: Semi-detached,141,92,38,54,49,38,11
S01007944,Whole house or bungalow: Terraced (including end-terrace),91,64,24,40,27,17,10
S01007944,Flat maisonette or apartment or mobile/temporary accommodation,122,35,9,26,87,63,24
S01007945,All households,443,243,116,127,200,145,55
S01007945,Whole house or bungalow: Total,245,196,99,97,49,31,18
S01007945,Whole house or bungalow: Detached,69,63,42,21,6,2,4
S01007945,Whole house or bungalow: Semi-detached,73,62,27,35,11,9,2
S01007945,Whole house or bungalow: Terraced (including end-terrace),103,71,30,41,32,20,12
S01007945,Flat maisonette or apartment or mobile/temporary accommodation,198,47,17,30,151,114,37
S01007946,All households,396,232,103,129,164,114,50
S01007946,Whole house or bungalow: Total,228,188,83,105,40,23,17
S01007946,Whole house or bungalow: Detached,56,50,20,30,6,2,4
S01007946,Whole house or bungalow: Semi-detached,51,36,15,21,15,8,7
S01007946,Whole house or bungalow: Terraced (including end-terrace),121,102,48,54,19,13,6
S01007946,Flat maisonette or apartment or mobile/temporary accommodation,168,44,20,24,124,91,33
S01007947,All households,327,252,119,133,75,48,27
S01007947,Whole house or bungalow: Total,255,223,109,114,32,23,9
S01007947,Whole house or bungalow: Detached,90,85,47,38,5,2,3
S01007947,Whole house or bungalow: Semi-detached,118,96,42,54,22,18,4
S01007947,Whole house or bungalow: Terraced (including end-terrace),47,42,20,22,5,3,2
S01007947,Flat maisonette or apartment or mobile/temporary accommodation,72,29,10,19,43,25,18
S01007948,All households,304,125,61,64,179,156,23
S01007948,Whole house or bungalow: Total,183,110,52,58,73,59,14
S01007948,Whole house or bungalow: Detached,28,26,10,16,2,0,2
S01007948,Whole house or bungalow: Semi-detached,106,58,27,31,48,39,9
S01007948,Whole house or bungalow: Terraced (including end-terrace),49,26,15,11,23,20,3
S01007948,Flat maisonette or apartment or mobile/temporary accommodation,121,15,9,6,106,97,9
S01007949,All households,347,277,135,142,70,42,28
S01007949,Whole house or bungalow: Total,253,230,108,122,23,7,16
S01007949,Whole house or bungalow: Detached,49,47,33,14,2,0,2
S01007949,Whole house or bungalow: Semi-detached,163,150,63,87,13,3,10
S01007949,Whole house or bungalow: Terraced (including end-terrace),41,33,12,21,8,4,4
S01007949,Flat maisonette or apartment or mobile/temporary accommodation,94,47,27,20,47,35,12
S01007950,All households,376,324,147,177,52,22,30
S01007950,Whole house or bungalow: Total,320,292,139,153,28,7,21
S01007950,Whole house or bungalow: Detached,164,157,83,74,7,0,7
S01007950,Whole house or bungalow: Semi-detached,98,87,30,57,11,4,7
S01007950,Whole house or bungalow: Terraced (including end-terrace),58,48,26,22,10,3,7
S01007950,Flat maisonette or apartment or mobile/temporary accommodation,56,32,8,24,24,15,9
S01007951,All households,321,246,96,150,75,52,23
S01007951,Whole house or bungalow: Total,252,222,91,131,30,16,14
S01007951,Whole house or bungalow: Detached,81,77,32,45,4,1,3
S01007951,Whole house or bungalow: Semi-detached,111,98,41,57,13,9,4
S01007951,Whole house or bungalow: Terraced (including end-terrace),60,47,18,29,13,6,7
S01007951,Flat maisonette or apartment or mobile/temporary accommodation,69,24,5,19,45,36,9
S01007952,All households,357,142,56,86,215,171,44
S01007952,Whole house or bungalow: Total,143,86,35,51,57,48,9
S01007952,Whole house or bungalow: Detached,18,14,7,7,4,3,1
S01007952,Whole house or bungalow: Semi-detached,59,29,14,15,30,27,3
S01007952,Whole house or bungalow: Terraced (including end-terrace),66,43,14,29,23,18,5
S01007952,Flat maisonette or apartment or mobile/temporary accommodation,214,56,21,35,158,123,35
S01007953,All households,414,252,78,174,162,124,38
S01007953,Whole house or bungalow: Total,276,193,52,141,83,56,27
S01007953,Whole house or bungalow: Detached,23,21,8,13,2,0,2
S01007953,Whole house or bungalow: Semi-detached,132,103,32,71,29,18,11
S01007953,Whole house or bungalow: Terraced (including end-terrace),121,69,12,57,52,38,14
S01007953,Flat maisonette or apartment or mobile/temporary accommodation,138,59,26,33,79,68,11
S01007954,All households,324,127,40,87,197,177,20
S01007954,Whole house or bungalow: Total,199,109,37,72,90,74,16
S01007954,Whole house or bungalow: Detached,14,8,1,7,6,4,2
S01007954,Whole house or bungalow: Semi-detached,95,52,20,32,43,34,9
S01007954,Whole house or bungalow: Terraced (including end-terrace),90,49,16,33,41,36,5
S01007954,Flat maisonette or apartment or mobile/temporary accommodation,125,18,3,15,107,103,4
S01007955,All households,322,159,56,103,163,142,21
S01007955,Whole house or bungalow: Total,310,156,55,101,154,134,20
S01007955,Whole house or bungalow: Detached,15,9,7,2,6,6,0
S01007955,Whole house or bungalow: Semi-detached,100,46,18,28,54,47,7
S01007955,Whole house or bungalow: Terraced (including end-terrace),195,101,30,71,94,81,13
S01007955,Flat maisonette or apartment or mobile/temporary accommodation,12,3,1,2,9,8,1
S01007956,All households,297,152,45,107,145,123,22
S01007956,Whole house or bungalow: Total,292,150,45,105,142,120,22
S01007956,Whole house or bungalow: Detached,8,3,1,2,5,4,1
S01007956,Whole house or bungalow: Semi-detached,102,50,17,33,52,47,5
S01007956,Whole house or bungalow: Terraced (including end-terrace),182,97,27,70,85,69,16
S01007956,Flat maisonette or apartment or mobile/temporary accommodation,5,2,0,2,3,3,0
S01007957,All households,455,239,97,142,216,185,31
S01007957,Whole house or bungalow: Total,333,205,82,123,128,111,17
S01007957,Whole house or bungalow: Detached,52,39,18,21,13,12,1
S01007957,Whole house or bungalow: Semi-detached,120,68,29,39,52,45,7
S01007957,Whole house or bungalow: Terraced (including end-terrace),161,98,35,63,63,54,9
S01007957,Flat maisonette or apartment or mobile/temporary accommodation,122,34,15,19,88,74,14
S01007958,All households,388,173,55,118,215,194,21
S01007958,Whole house or bungalow: Total,136,108,33,75,28,21,7
S01007958,Whole house or bungalow: Detached,58,54,19,35,4,0,4
S01007958,Whole house or bungalow: Semi-detached,45,26,7,19,19,17,2
S01007958,Whole house or bungalow: Terraced (including end-terrace),33,28,7,21,5,4,1
S01007958,Flat maisonette or apartment or mobile/temporary accommodation,252,65,22,43,187,173,14
S01007959,All households,380,320,156,164,60,40,20
S01007959,Whole house or bungalow: Total,336,290,147,143,46,36,10
S01007959,Whole house or bungalow: Detached,71,68,39,29,3,2,1
S01007959,Whole house or bungalow: Semi-detached,177,156,77,79,21,17,4
S01007959,Whole house or bungalow: Terraced (including end-terrace),88,66,31,35,22,17,5
S01007959,Flat maisonette or apartment or mobile/temporary accommodation,44,30,9,21,14,4,10
S01007960,All households,291,171,57,114,120,108,12
S01007960,Whole house or bungalow: Total,251,160,54,106,91,79,12
S01007960,Whole house or bungalow: Detached,38,34,5,29,4,1,3
S01007960,Whole house or bungalow: Semi-detached,107,66,24,42,41,34,7
S01007960,Whole house or bungalow: Terraced (including end-terrace),106,60,25,35,46,44,2
S01007960,Flat maisonette or apartment or mobile/temporary accommodation,40,11,3,8,29,29,0
S01007961,All households,278,206,117,89,72,16,56
S01007961,Whole house or bungalow: Total,268,205,116,89,63,13,50
S01007961,Whole house or bungalow: Detached,185,151,97,54,34,3,31
S01007961,Whole house or bungalow: Semi-detached,43,22,9,13,21,5,16
S01007961,Whole house or bungalow: Terraced (including end-terrace),40,32,10,22,8,5,3
S01007961,Flat maisonette or apartment or mobile/temporary accommodation,10,1,1,0,9,3,6
S01007962,All households,246,146,35,111,100,73,27
S01007962,Whole house or bungalow: Total,203,138,32,106,65,41,24
S01007962,Whole house or bungalow: Detached,10,5,3,2,5,3,2
S01007962,Whole house or bungalow: Semi-detached,154,111,25,86,43,24,19
S01007962,Whole house or bungalow: Terraced (including end-terrace),39,22,4,18,17,14,3
S01007962,Flat maisonette or apartment or mobile/temporary accommodation,43,8,3,5,35,32,3
S01007963,All households,408,66,32,34,342,323,19
S01007963,Whole house or bungalow: Total,219,49,22,27,170,161,9
S01007963,Whole house or bungalow: Detached,20,5,2,3,15,15,0
S01007963,Whole house or bungalow: Semi-detached,171,35,16,19,136,127,9
S01007963,Whole house or bungalow: Terraced (including end-terrace),28,9,4,5,19,19,0
S01007963,Flat maisonette or apartment or mobile/temporary accommodation,189,17,10,7,172,162,10
S01007964,All households,353,166,72,94,187,162,25
S01007964,Whole house or bungalow: Total,263,143,65,78,120,99,21
S01007964,Whole house or bungalow: Detached,18,11,5,6,7,7,0
S01007964,Whole house or bungalow: Semi-detached,192,105,45,60,87,77,10
S01007964,Whole house or bungalow: Terraced (including end-terrace),53,27,15,12,26,15,11
S01007964,Flat maisonette or apartment or mobile/temporary accommodation,90,23,7,16,67,63,4
S01007965,All households,256,123,45,78,133,119,14
S01007965,Whole house or bungalow: Total,149,82,31,51,67,57,10
S01007965,Whole house or bungalow: Detached,9,5,2,3,4,4,0
S01007965,Whole house or bungalow: Semi-detached,116,66,22,44,50,40,10
S01007965,Whole house or bungalow: Terraced (including end-terrace),24,11,7,4,13,13,0
S01007965,Flat maisonette or apartment or mobile/temporary accommodation,107,41,14,27,66,62,4
S01007966,All households,418,154,63,91,264,242,22
S01007966,Whole house or bungalow: Total,348,140,60,80,208,190,18
S01007966,Whole house or bungalow: Detached,46,6,3,3,40,38,2
S01007966,Whole house or bungalow: Semi-detached,226,107,42,65,119,109,10
S01007966,Whole house or bungalow: Terraced (including end-terrace),76,27,15,12,49,43,6
S01007966,Flat maisonette or apartment or mobile/temporary accommodation,70,14,3,11,56,52,4
S01007967,All households,245,70,18,52,175,159,16
S01007967,Whole house or bungalow: Total,209,68,18,50,141,127,14
S01007967,Whole house or bungalow: Detached,9,2,0,2,7,5,2
S01007967,Whole house or bungalow: Semi-detached,173,59,14,45,114,105,9
S01007967,Whole house or bungalow: Terraced (including end-terrace),27,7,4,3,20,17,3
S01007967,Flat maisonette or apartment or mobile/temporary accommodation,36,2,0,2,34,32,2
S01007968,All households,397,270,106,164,127,101,26
S01007968,Whole house or bungalow: Total,337,243,98,145,94,82,12
S01007968,Whole house or bungalow: Detached,11,7,3,4,4,3,1
S01007968,Whole house or bungalow: Semi-detached,154,113,45,68,41,35,6
S01007968,Whole house or bungalow: Terraced (including end-terrace),172,123,50,73,49,44,5
S01007968,Flat maisonette or apartment or mobile/temporary accommodation,60,27,8,19,33,19,14
S01007969,All households,390,223,98,125,167,150,17
S01007969,Whole house or bungalow: Total,276,191,88,103,85,77,8
S01007969,Whole house or bungalow: Detached,13,10,6,4,3,2,1
S01007969,Whole house or bungalow: Semi-detached,161,118,52,66,43,40,3
S01007969,Whole house or bungalow: Terraced (including end-terrace),102,63,30,33,39,35,4
S01007969,Flat maisonette or apartment or mobile/temporary accommodation,114,32,10,22,82,73,9
S01007970,All households,408,232,78,154,176,137,39
S01007970,Whole house or bungalow: Total,309,204,71,133,105,82,23
S01007970,Whole house or bungalow: Detached,8,6,5,1,2,2,0
S01007970,Whole house or bungalow: Semi-detached,157,97,34,63,60,48,12
S01007970,Whole house or bungalow: Terraced (including end-terrace),144,101,32,69,43,32,11
S01007970,Flat maisonette or apartment or mobile/temporary accommodation,99,28,7,21,71,55,16
S01007971,All households,469,221,81,140,248,214,34
S01007971,Whole house or bungalow: Total,305,180,68,112,125,106,19
S01007971,Whole house or bungalow: Detached,12,3,2,1,9,9,0
S01007971,Whole house or bungalow: Semi-detached,178,107,46,61,71,55,16
S01007971,Whole house or bungalow: Terraced (including end-terrace),115,70,20,50,45,42,3
S01007971,Flat maisonette or apartment or mobile/temporary accommodation,164,41,13,28,123,108,15
S01007972,All households,377,236,74,162,141,110,31
S01007972,Whole house or bungalow: Total,340,216,68,148,124,97,27
S01007972,Whole house or bungalow: Detached,3,1,0,1,2,1,1
S01007972,Whole house or bungalow: Semi-detached,177,122,44,78,55,41,14
S01007972,Whole house or bungalow: Terraced (including end-terrace),160,93,24,69,67,55,12
S01007972,Flat maisonette or apartment or mobile/temporary accommodation,37,20,6,14,17,13,4
S01007973,All households,355,342,167,175,13,5,8
S01007973,Whole house or bungalow: Total,349,340,166,174,9,1,8
S01007973,Whole house or bungalow: Detached,72,72,42,30,0,0,0
S01007973,Whole house or bungalow: Semi-detached,259,251,122,129,8,0,8
S01007973,Whole house or bungalow: Terraced (including end-terrace),18,17,2,15,1,1,0
S01007973,Flat maisonette or apartment or mobile/temporary accommodation,6,2,1,1,4,4,0
S01007974,All households,426,179,70,109,247,215,32
S01007974,Whole house or bungalow: Total,130,79,37,42,51,42,9
S01007974,Whole house or bungalow: Detached,10,10,3,7,0,0,0
S01007974,Whole house or bungalow: Semi-detached,107,63,32,31,44,35,9
S01007974,Whole house or bungalow: Terraced (including end-terrace),13,6,2,4,7,7,0
S01007974,Flat maisonette or apartment or mobile/temporary accommodation,296,100,33,67,196,173,23
S01007975,All households,324,179,69,110,145,98,47
S01007975,Whole house or bungalow: Total,242,155,57,98,87,79,8
S01007975,Whole house or bungalow: Detached,9,5,4,1,4,3,1
S01007975,Whole house or bungalow: Semi-detached,120,78,35,43,42,39,3
S01007975,Whole house or bungalow: Terraced (including end-terrace),113,72,18,54,41,37,4
S01007975,Flat maisonette or apartment or mobile/temporary accommodation,82,24,12,12,58,19,39
S01007976,All households,456,212,105,107,244,175,69
S01007976,Whole house or bungalow: Total,127,80,46,34,47,32,15
S01007976,Whole house or bungalow: Detached,7,7,4,3,0,0,0
S01007976,Whole house or bungalow: Semi-detached,66,43,24,19,23,12,11
S01007976,Whole house or bungalow: Terraced (including end-terrace),54,30,18,12,24,20,4
S01007976,Flat maisonette or apartment or mobile/temporary accommodation,329,132,59,73,197,143,54
S01007977,All households,304,222,80,142,82,42,40
S01007977,Whole house or bungalow: Total,190,165,60,105,25,16,9
S01007977,Whole house or bungalow: Detached,16,14,5,9,2,1,1
S01007977,Whole house or bungalow: Semi-detached,96,82,29,53,14,11,3
S01007977,Whole house or bungalow: Terraced (including end-terrace),78,69,26,43,9,4,5
S01007977,Flat maisonette or apartment or mobile/temporary accommodation,114,57,20,37,57,26,31
S01007978,All households,353,180,49,131,173,71,102
S01007978,Whole house or bungalow: Total,40,25,7,18,15,8,7
S01007978,Whole house or bungalow: Detached,7,7,3,4,0,0,0
S01007978,Whole house or bungalow: Semi-detached,10,7,1,6,3,3,0
S01007978,Whole house or bungalow: Terraced (including end-terrace),23,11,3,8,12,5,7
S01007978,Flat maisonette or apartment or mobile/temporary accommodation,313,155,42,113,158,63,95
S01007979,All households,363,294,121,173,69,31,38
S01007979,Whole house or bungalow: Total,231,204,85,119,27,19,8
S01007979,Whole house or bungalow: Detached,59,56,25,31,3,1,2
S01007979,Whole house or bungalow: Semi-detached,118,104,40,64,14,10,4
S01007979,Whole house or bungalow: Terraced (including end-terrace),54,44,20,24,10,8,2
S01007979,Flat maisonette or apartment or mobile/temporary accommodation,132,90,36,54,42,12,30
S01007980,All households,340,257,118,139,83,57,26
S01007980,Whole house or bungalow: Total,210,181,81,100,29,21,8
S01007980,Whole house or bungalow: Detached,41,39,21,18,2,1,1
S01007980,Whole house or bungalow: Semi-detached,154,134,59,75,20,15,5
S01007980,Whole house or bungalow: Terraced (including end-terrace),15,8,1,7,7,5,2
S01007980,Flat maisonette or apartment or mobile/temporary accommodation,130,76,37,39,54,36,18
S01007981,All households,252,239,151,88,13,5,8
S01007981,Whole house or bungalow: Total,248,237,151,86,11,4,7
S01007981,Whole house or bungalow: Detached,43,43,28,15,0,0,0
S01007981,Whole house or bungalow: Semi-detached,196,188,121,67,8,1,7
S01007981,Whole house or bungalow: Terraced (including end-terrace),9,6,2,4,3,3,0
S01007981,Flat maisonette or apartment or mobile/temporary accommodation,4,2,0,2,2,1,1
S01007982,All households,210,183,103,80,27,24,3
S01007982,Whole house or bungalow: Total,206,182,103,79,24,21,3
S01007982,Whole house or bungalow: Detached,83,82,51,31,1,0,1
S01007982,Whole house or bungalow: Semi-detached,57,48,23,25,9,9,0
S01007982,Whole house or bungalow: Terraced (including end-terrace),66,52,29,23,14,12,2
S01007982,Flat maisonette or apartment or mobile/temporary accommodation,4,1,0,1,3,3,0
S01007983,All households,387,171,88,83,216,197,19
S01007983,Whole house or bungalow: Total,242,156,83,73,86,72,14
S01007983,Whole house or bungalow: Detached,13,9,3,6,4,3,1
S01007983,Whole house or bungalow: Semi-detached,39,17,10,7,22,19,3
S01007983,Whole house or bungalow: Terraced (including end-terrace),190,130,70,60,60,50,10
S01007983,Flat maisonette or apartment or mobile/temporary accommodation,145,15,5,10,130,125,5
S01007984,All households,374,277,126,151,97,77,20
S01007984,Whole house or bungalow: Total,311,252,119,133,59,45,14
S01007984,Whole house or bungalow: Detached,23,18,9,9,5,2,3
S01007984,Whole house or bungalow: Semi-detached,94,82,42,40,12,9,3
S01007984,Whole house or bungalow: Terraced (including end-terrace),194,152,68,84,42,34,8
S01007984,Flat maisonette or apartment or mobile/temporary accommodation,63,25,7,18,38,32,6
S01007985,All households,412,197,80,117,215,188,27
S01007985,Whole house or bungalow: Total,285,193,78,115,92,70,22
S01007985,Whole house or bungalow: Detached,8,4,2,2,4,2,2
S01007985,Whole house or bungalow: Semi-detached,47,27,11,16,20,13,7
S01007985,Whole house or bungalow: Terraced (including end-terrace),230,162,65,97,68,55,13
S01007985,Flat maisonette or apartment or mobile/temporary accommodation,127,4,2,2,123,118,5
S01007986,All households,238,172,64,108,66,47,19
S01007986,Whole house or bungalow: Total,230,172,64,108,58,40,18
S01007986,Whole house or bungalow: Detached,41,37,3,34,4,0,4
S01007986,Whole house or bungalow: Semi-detached,44,36,14,22,8,2,6
S01007986,Whole house or bungalow: Terraced (including end-terrace),145,99,47,52,46,38,8
S01007986,Flat maisonette or apartment or mobile/temporary accommodation,8,0,0,0,8,7,1
S01007987,All households,313,252,99,153,61,40,21
S01007987,Whole house or bungalow: Total,294,242,94,148,52,33,19
S01007987,Whole house or bungalow: Detached,95,93,41,52,2,0,2
S01007987,Whole house or bungalow: Semi-detached,68,58,28,30,10,8,2
S01007987,Whole house or bungalow: Terraced (including end-terrace),131,91,25,66,40,25,15
S01007987,Flat maisonette or apartment or mobile/temporary accommodation,19,10,5,5,9,7,2
S01007988,All households,336,228,78,150,108,87,21
S01007988,Whole house or bungalow: Total,331,228,78,150,103,82,21
S01007988,Whole house or bungalow: Detached,12,6,2,4,6,5,1
S01007988,Whole house or bungalow: Semi-detached,57,37,12,25,20,17,3
S01007988,Whole house or bungalow: Terraced (including end-terrace),262,185,64,121,77,60,17
S01007988,Flat maisonette or apartment or mobile/temporary accommodation,5,0,0,0,5,5,0
S01007989,All households,290,163,50,113,127,80,47
S01007989,Whole house or bungalow: Total,282,162,49,113,120,74,46
S01007989,Whole house or bungalow: Detached,9,6,1,5,3,3,0
S01007989,Whole house or bungalow: Semi-detached,91,46,13,33,45,29,16
S01007989,Whole house or bungalow: Terraced (including end-terrace),182,110,35,75,72,42,30
S01007989,Flat maisonette or apartment or mobile/temporary accommodation,8,1,1,0,7,6,1
S01007990,All households,339,241,52,189,98,60,38
S01007990,Whole house or bungalow: Total,319,228,47,181,91,56,35
S01007990,Whole house or bungalow: Detached,41,35,8,27,6,0,6
S01007990,Whole house or bungalow: Semi-detached,91,72,14,58,19,11,8
S01007990,Whole house or bungalow: Terraced (including end-terrace),187,121,25,96,66,45,21
S01007990,Flat maisonette or apartment or mobile/temporary accommodation,20,13,5,8,7,4,3
S01007991,All households,334,305,73,232,29,7,22
S01007991,Whole house or bungalow: Total,329,302,72,230,27,6,21
S01007991,Whole house or bungalow: Detached,280,262,64,198,18,0,18
S01007991,Whole house or bungalow: Semi-detached,41,34,7,27,7,4,3
S01007991,Whole house or bungalow: Terraced (including end-terrace),8,6,1,5,2,2,0
S01007991,Flat maisonette or apartment or mobile/temporary accommodation,5,3,1,2,2,1,1
S01007992,All households,224,208,41,167,16,2,14
S01007992,Whole house or bungalow: Total,220,207,41,166,13,1,12
S01007992,Whole house or bungalow: Detached,150,144,31,113,6,0,6
S01007992,Whole house or bungalow: Semi-detached,63,57,10,47,6,1,5
S01007992,Whole house or bungalow: Terraced (including end-terrace),7,6,0,6,1,0,1
S01007992,Flat maisonette or apartment or mobile/temporary accommodation,4,1,0,1,3,1,2
S01007993,All households,329,305,133,172,24,11,13
S01007993,Whole house or bungalow: Total,324,304,133,171,20,7,13
S01007993,Whole house or bungalow: Detached,109,104,54,50,5,0,5
S01007993,Whole house or bungalow: Semi-detached,212,200,79,121,12,4,8
S01007993,Whole house or bungalow: Terraced (including end-terrace),3,0,0,0,3,3,0
S01007993,Flat maisonette or apartment or mobile/temporary accommodation,5,1,0,1,4,4,0
S01007994,All households,293,266,42,224,27,11,16
S01007994,Whole house or bungalow: Total,292,265,42,223,27,11,16
S01007994,Whole house or bungalow: Detached,230,215,36,179,15,0,15
S01007994,Whole house or bungalow: Semi-detached,55,49,6,43,6,5,1
S01007994,Whole house or bungalow: Terraced (including end-terrace),7,1,0,1,6,6,0
S01007994,Flat maisonette or apartment or mobile/temporary accommodation,1,1,0,1,0,0,0
S01007995,All households,309,294,71,223,15,5,10
S01007995,Whole house or bungalow: Total,309,294,71,223,15,5,10
S01007995,Whole house or bungalow: Detached,196,192,24,168,4,0,4
S01007995,Whole house or bungalow: Semi-detached,103,96,46,50,7,3,4
S01007995,Whole house or bungalow: Terraced (including end-terrace),10,6,1,5,4,2,2
S01007995,Flat maisonette or apartment or mobile/temporary accommodation,0,0,0,0,0,0,0
S01007996,All households,187,164,82,82,23,9,14
S01007996,Whole house or bungalow: Total,178,158,79,79,20,8,12
S01007996,Whole house or bungalow: Detached,112,104,56,48,8,1,7
S01007996,Whole house or bungalow: Semi-detached,53,46,21,25,7,4,3
S01007996,Whole house or bungalow: Terraced (including end-terrace),13,8,2,6,5,3,2
S01007996,Flat maisonette or apartment or mobile/temporary accommodation,9,6,3,3,3,1,2
S01007997,All households,296,274,162,112,22,4,18
S01007997,Whole house or bungalow: Total,283,267,158,109,16,1,15
S01007997,Whole house or bungalow: Detached,180,172,109,63,8,0,8
S01007997,Whole house or bungalow: Semi-detached,80,77,42,35,3,1,2
S01007997,Whole house or bungalow: Terraced (including end-terrace),23,18,7,11,5,0,5
S01007997,Flat maisonette or apartment or mobile/temporary accommodation,13,7,4,3,6,3,3
S01007998,All households,225,194,98,96,31,13,18
S01007998,Whole house or bungalow: Total,163,147,83,64,16,9,7
S01007998,Whole house or bungalow: Detached,95,90,58,32,5,2,3
S01007998,Whole house or bungalow: Semi-detached,59,54,23,31,5,2,3
S01007998,Whole house or bungalow: Terraced (including end-terrace),9,3,2,1,6,5,1
S01007998,Flat maisonette or apartment or mobile/temporary accommodation,62,47,15,32,15,4,11
S01007999,All households,301,133,39,94,168,145,23
S01007999,Whole house or bungalow: Total,267,126,36,90,141,123,18
S01007999,Whole house or bungalow: Detached,7,5,2,3,2,1,1
S01007999,Whole house or bungalow: Semi-detached,111,54,13,41,57,46,11
S01007999,Whole house or bungalow: Terraced (including end-terrace),149,67,21,46,82,76,6
S01007999,Flat maisonette or apartment or mobile/temporary accommodation,34,7,3,4,27,22,5
S01008000,All households,390,133,50,83,257,241,16
S01008000,Whole house or bungalow: Total,353,131,48,83,222,209,13
S01008000,Whole house or bungalow: Detached,24,13,8,5,11,10,1
S01008000,Whole house or bungalow: Semi-detached,133,47,14,33,86,81,5
S01008000,Whole house or bungalow: Terraced (including end-terrace),196,71,26,45,125,118,7
S01008000,Flat maisonette or apartment or mobile/temporary accommodation,37,2,2,0,35,32,3
S01008001,All households,372,95,34,61,277,261,16
S01008001,Whole house or bungalow: Total,290,92,32,60,198,183,15
S01008001,Whole house or bungalow: Detached,15,6,2,4,9,6,3
S01008001,Whole house or bungalow: Semi-detached,112,40,16,24,72,65,7
S01008001,Whole house or bungalow: Terraced (including end-terrace),163,46,14,32,117,112,5
S01008001,Flat maisonette or apartment or mobile/temporary accommodation,82,3,2,1,79,78,1
S01008002,All households,330,87,31,56,243,232,11
S01008002,Whole house or bungalow: Total,269,78,30,48,191,184,7
S01008002,Whole house or bungalow: Detached,20,12,4,8,8,6,2
S01008002,Whole house or bungalow: Semi-detached,183,46,20,26,137,134,3
S01008002,Whole house or bungalow: Terraced (including end-terrace),66,20,6,14,46,44,2
S01008002,Flat maisonette or apartment or mobile/temporary accommodation,61,9,1,8,52,48,4
S01008003,All households,241,138,28,110,103,74,29
S01008003,Whole house or bungalow: Total,200,128,26,102,72,46,26
S01008003,Whole house or bungalow: Detached,45,37,6,31,8,1,7
S01008003,Whole house or bungalow: Semi-detached,81,47,11,36,34,23,11
S01008003,Whole house or bungalow: Terraced (including end-terrace),74,44,9,35,30,22,8
S01008003,Flat maisonette or apartment or mobile/temporary accommodation,41,10,2,8,31,28,3
S01008004,All households,230,158,22,136,72,32,40
S01008004,Whole house or bungalow: Total,216,153,20,133,63,23,40
S01008004,Whole house or bungalow: Detached,81,72,9,63,9,1,8
S01008004,Whole house or bungalow: Semi-detached,95,67,11,56,28,10,18
S01008004,Whole house or bungalow: Terraced (including end-terrace),40,14,0,14,26,12,14
S01008004,Flat maisonette or apartment or mobile/temporary accommodation,14,5,2,3,9,9,0
S01008005,All households,220,124,9,115,96,77,19
S01008005,Whole house or bungalow: Total,215,124,9,115,91,74,17
S01008005,Whole house or bungalow: Detached,43,38,6,32,5,5,0
S01008005,Whole house or bungalow: Semi-detached,132,54,2,52,78,68,10
S01008005,Whole house or bungalow: Terraced (including end-terrace),40,32,1,31,8,1,7
S01008005,Flat maisonette or apartment or mobile/temporary accommodation,5,0,0,0,5,3,2
S01008006,All households,248,51,17,34,197,185,12
S01008006,Whole house or bungalow: Total,185,35,11,24,150,141,9
S01008006,Whole house or bungalow: Detached,18,11,4,7,7,6,1
S01008006,Whole house or bungalow: Semi-detached,100,16,4,12,84,80,4
S01008006,Whole house or bungalow: Terraced (including end-terrace),67,8,3,5,59,55,4
S01008006,Flat maisonette or apartment or mobile/temporary accommodation,63,16,6,10,47,44,3
S01008007,All households,208,79,27,52,129,70,59
S01008007,Whole house or bungalow: Total,91,31,12,19,60,52,8
S01008007,Whole house or bungalow: Detached,8,3,2,1,5,4,1
S01008007,Whole house or bungalow: Semi-detached,41,17,5,12,24,19,5
S01008007,Whole house or bungalow: Terraced (including end-terrace),42,11,5,6,31,29,2
S01008007,Flat maisonette or apartment or mobile/temporary accommodation,117,48,15,33,69,18,51
S01008008,All households,267,68,12,56,199,184,15
S01008008,Whole house or bungalow: Total,210,65,11,54,145,132,13
S01008008,Whole house or bungalow: Detached,15,8,1,7,7,7,0
S01008008,Whole house or bungalow: Semi-detached,161,55,9,46,106,97,9
S01008008,Whole house or bungalow: Terraced (including end-terrace),34,2,1,1,32,28,4
S01008008,Flat maisonette or apartment or mobile/temporary accommodation,57,3,1,2,54,52,2
S01008009,All households,373,102,33,69,271,231,40
S01008009,Whole house or bungalow: Total,202,62,18,44,140,125,15
S01008009,Whole house or bungalow: Detached,34,21,7,14,13,13,0
S01008009,Whole house or bungalow: Semi-detached,138,37,10,27,101,91,10
S01008009,Whole house or bungalow: Terraced (including end-terrace),30,4,1,3,26,21,5
S01008009,Flat maisonette or apartment or mobile/temporary accommodation,171,40,15,25,131,106,25
S01008010,All households,476,204,63,141,272,220,52
S01008010,Whole house or bungalow: Total,255,189,59,130,66,33,33
S01008010,Whole house or bungalow: Detached,69,57,15,42,12,4,8
S01008010,Whole house or bungalow: Semi-detached,127,92,33,59,35,19,16
S01008010,Whole house or bungalow: Terraced (including end-terrace),59,40,11,29,19,10,9
S01008010,Flat maisonette or apartment or mobile/temporary accommodation,221,15,4,11,206,187,19
S01008011,All households,455,116,59,57,339,261,78
S01008011,Whole house or bungalow: Total,99,27,11,16,72,66,6
S01008011,Whole house or bungalow: Detached,20,9,6,3,11,8,3
S01008011,Whole house or bungalow: Semi-detached,24,9,1,8,15,13,2
S01008011,Whole house or bungalow: Terraced (including end-terrace),55,9,4,5,46,45,1
S01008011,Flat maisonette or apartment or mobile/temporary accommodation,356,89,48,41,267,195,72
S01008012,All households,471,223,86,137,248,76,172
S01008012,Whole house or bungalow: Total,92,70,31,39,22,8,14
S01008012,Whole house or bungalow: Detached,21,18,9,9,3,1,2
S01008012,Whole house or bungalow: Semi-detached,44,35,17,18,9,4,5
S01008012,Whole house or bungalow: Terraced (including end-terrace),27,17,5,12,10,3,7
S01008012,Flat maisonette or apartment or mobile/temporary accommodation,379,153,55,98,226,68,158
S01008013,All households,363,173,50,123,190,93,97
S01008013,Whole house or bungalow: Total,124,72,26,46,52,39,13
S01008013,Whole house or bungalow: Detached,19,16,4,12,3,1,2
S01008013,Whole house or bungalow: Semi-detached,65,30,12,18,35,31,4
S01008013,Whole house or bungalow: Terraced (including end-terrace),40,26,10,16,14,7,7
S01008013,Flat maisonette or apartment or mobile/temporary accommodation,239,101,24,77,138,54,84
S01008014,All households,312,220,92,128,92,40,52
S01008014,Whole house or bungalow: Total,174,151,70,81,23,11,12
S01008014,Whole house or bungalow: Detached,44,40,18,22,4,0,4
S01008014,Whole house or bungalow: Semi-detached,124,106,52,54,18,10,8
S01008014,Whole house or bungalow: Terraced (including end-terrace),6,5,0,5,1,1,0
S01008014,Flat maisonette or apartment or mobile/temporary accommodation,138,69,22,47,69,29,40
S01008015,All households,437,206,71,135,231,135,96
S01008015,Whole house or bungalow: Total,118,71,38,33,47,33,14
S01008015,Whole house or bungalow: Detached,9,8,3,5,1,0,1
S01008015,Whole house or bungalow: Semi-detached,65,41,26,15,24,16,8
S01008015,Whole house or bungalow: Terraced (including end-terrace),44,22,9,13,22,17,5
S01008015,Flat maisonette or apartment or mobile/temporary accommodation,319,135,33,102,184,102,82
S01008016,All households,433,256,117,139,177,117,60
S01008016,Whole house or bungalow: Total,113,79,36,43,34,26,8
S01008016,Whole house or bungalow: Detached,12,9,5,4,3,1,2
S01008016,Whole house or bungalow: Semi-detached,83,60,30,30,23,18,5
S01008016,Whole house or bungalow: Terraced (including end-terrace),18,10,1,9,8,7,1
S01008016,Flat maisonette or apartment or mobile/temporary accommodation,320,177,81,96,143,91,52
S01008017,All households,375,351,209,142,24,6,18
S01008017,Whole house or bungalow: Total,354,336,199,137,18,4,14
S01008017,Whole house or bungalow: Detached,132,125,74,51,7,0,7
S01008017,Whole house or bungalow: Semi-detached,192,185,118,67,7,2,5
S01008017,Whole house or bungalow: Terraced (including end-terrace),30,26,7,19,4,2,2
S01008017,Flat maisonette or apartment or mobile/temporary accommodation,21,15,10,5,6,2,4
S01008018,All households,308,271,169,102,37,3,34
S01008018,Whole house or bungalow: Total,199,189,122,67,10,2,8
S01008018,Whole house or bungalow: Detached,115,112,76,36,3,0,3
S01008018,Whole house or bungalow: Semi-detached,78,73,43,30,5,0,5
S01008018,Whole house or bungalow: Terraced (including end-terrace),6,4,3,1,2,2,0
S01008018,Flat maisonette or apartment or mobile/temporary accommodation,109,82,47,35,27,1,26
S01008019,All households,271,236,102,134,35,10,25
S01008019,Whole house or bungalow: Total,197,185,79,106,12,8,4
S01008019,Whole house or bungalow: Detached,52,51,23,28,1,0,1
S01008019,Whole house or bungalow: Semi-detached,114,109,46,63,5,2,3
S01008019,Whole house or bungalow: Terraced (including end-terrace),31,25,10,15,6,6,0
S01008019,Flat maisonette or apartment or mobile/temporary accommodation,74,51,23,28,23,2,21
S01008020,All households,313,233,81,152,80,10,70
S01008020,Whole house or bungalow: Total,121,103,47,56,18,4,14
S01008020,Whole house or bungalow: Detached,36,36,15,21,0,0,0
S01008020,Whole house or bungalow: Semi-detached,80,66,31,35,14,3,11
S01008020,Whole house or bungalow: Terraced (including end-terrace),5,1,1,0,4,1,3
S01008020,Flat maisonette or apartment or mobile/temporary accommodation,192,130,34,96,62,6,56
S01008021,All households,244,221,121,100,23,4,19
S01008021,Whole house or bungalow: Total,214,198,113,85,16,4,12
S01008021,Whole house or bungalow: Detached,76,74,52,22,2,0,2
S01008021,Whole house or bungalow: Semi-detached,134,121,59,62,13,4,9
S01008021,Whole house or bungalow: Terraced (including end-terrace),4,3,2,1,1,0,1
S01008021,Flat maisonette or apartment or mobile/temporary accommodation,30,23,8,15,7,0,7
S01008022,All households,286,272,142,130,14,1,13
S01008022,Whole house or bungalow: Total,274,264,140,124,10,0,10
S01008022,Whole house or bungalow: Detached,144,138,73,65,6,0,6
S01008022,Whole house or bungalow: Semi-detached,128,125,67,58,3,0,3
S01008022,Whole house or bungalow: Terraced (including end-terrace),2,1,0,1,1,0,1
S01008022,Flat maisonette or apartment or mobile/temporary accommodation,12,8,2,6,4,1,3
S01008023,All households,246,237,66,171,9,2,7
S01008023,Whole house or bungalow: Total,243,235,66,169,8,1,7
S01008023,Whole house or bungalow: Detached,212,205,61,144,7,1,6
S01008023,Whole house or bungalow: Semi-detached,28,28,5,23,0,0,0
S01008023,Whole house or bungalow: Terraced (including end-terrace),3,2,0,2,1,0,1
S01008023,Flat maisonette or apartment or mobile/temporary accommodation,3,2,0,2,1,1,0
S01008024,All households,224,202,22,180,22,9,13
S01008024,Whole house or bungalow: Total,212,199,22,177,13,5,8
S01008024,Whole house or bungalow: Detached,156,149,12,137,7,0,7
S01008024,Whole house or bungalow: Semi-detached,48,46,10,36,2,2,0
S01008024,Whole house or bungalow: Terraced (including end-terrace),8,4,0,4,4,3,1
S01008024,Flat maisonette or apartment or mobile/temporary accommodation,12,3,0,3,9,4,5
S01008025,All households,283,266,107,159,17,6,11
S01008025,Whole house or bungalow: Total,272,260,105,155,12,3,9
S01008025,Whole house or bungalow: Detached,75,70,31,39,5,1,4
S01008025,Whole house or bungalow: Semi-detached,189,184,73,111,5,1,4
S01008025,Whole house or bungalow: Terraced (including end-terrace),8,6,1,5,2,1,1
S01008025,Flat maisonette or apartment or mobile/temporary accommodation,11,6,2,4,5,3,2
S01008026,All households,466,274,102,172,192,142,50
S01008026,Whole house or bungalow: Total,319,212,83,129,107,81,26
S01008026,Whole house or bungalow: Detached,62,57,22,35,5,2,3
S01008026,Whole house or bungalow: Semi-detached,140,93,34,59,47,35,12
S01008026,Whole house or bungalow: Terraced (including end-terrace),117,62,27,35,55,44,11
S01008026,Flat maisonette or apartment or mobile/temporary accommodation,147,62,19,43,85,61,24
S01008027,All households,259,154,72,82,105,79,26
S01008027,Whole house or bungalow: Total,162,107,50,57,55,42,13
S01008027,Whole house or bungalow: Detached,25,19,8,11,6,3,3
S01008027,Whole house or bungalow: Semi-detached,56,28,21,7,28,25,3
S01008027,Whole house or bungalow: Terraced (including end-terrace),81,60,21,39,21,14,7
S01008027,Flat maisonette or apartment or mobile/temporary accommodation,97,47,22,25,50,37,13
S01008028,All households,239,180,49,131,59,42,17
S01008028,Whole house or bungalow: Total,203,164,45,119,39,25,14
S01008028,Whole house or bungalow: Detached,51,49,11,38,2,0,2
S01008028,Whole house or bungalow: Semi-detached,95,77,15,62,18,8,10
S01008028,Whole house or bungalow: Terraced (including end-terrace),57,38,19,19,19,17,2
S01008028,Flat maisonette or apartment or mobile/temporary accommodation,36,16,4,12,20,17,3
S01008029,All households,345,240,123,117,105,45,60
S01008029,Whole house or bungalow: Total,277,216,116,100,61,24,37
S01008029,Whole house or bungalow: Detached,149,131,76,55,18,3,15
S01008029,Whole house or bungalow: Semi-detached,104,68,34,34,36,15,21
S01008029,Whole house or bungalow: Terraced (including end-terrace),24,17,6,11,7,6,1
S01008029,Flat maisonette or apartment or mobile/temporary accommodation,68,24,7,17,44,21,23
S01008030,All households,476,369,174,195,107,74,33
S01008030,Whole house or bungalow: Total,412,349,164,185,63,35,28
S01008030,Whole house or bungalow: Detached,182,174,79,95,8,0,8
S01008030,Whole house or bungalow: Semi-detached,156,122,62,60,34,19,15
S01008030,Whole house or bungalow: Terraced (including end-terrace),74,53,23,30,21,16,5
S01008030,Flat maisonette or apartment or mobile/temporary accommodation,64,20,10,10,44,39,5
S01008031,All households,403,226,96,130,177,148,29
S01008031,Whole house or bungalow: Total,297,189,86,103,108,90,18
S01008031,Whole house or bungalow: Detached,59,50,29,21,9,6,3
S01008031,Whole house or bungalow: Semi-detached,109,60,28,32,49,42,7
S01008031,Whole house or bungalow: Terraced (including end-terrace),129,79,29,50,50,42,8
S01008031,Flat maisonette or apartment or mobile/temporary accommodation,106,37,10,27,69,58,11
S01008032,All households,377,258,107,151,119,97,22
S01008032,Whole house or bungalow: Total,370,256,106,150,114,92,22
S01008032,Whole house or bungalow: Detached,62,52,19,33,10,8,2
S01008032,Whole house or bungalow: Semi-detached,181,125,59,66,56,47,9
S01008032,Whole house or bungalow: Terraced (including end-terrace),127,79,28,51,48,37,11
S01008032,Flat maisonette or apartment or mobile/temporary accommodation,7,2,1,1,5,5,0
S01008033,All households,269,246,90,156,23,8,15
S01008033,Whole house or bungalow: Total,266,243,89,154,23,8,15
S01008033,Whole house or bungalow: Detached,202,190,69,121,12,2,10
S01008033,Whole house or bungalow: Semi-detached,41,31,14,17,10,5,5
S01008033,Whole house or bungalow: Terraced (including end-terrace),23,22,6,16,1,1,0
S01008033,Flat maisonette or apartment or mobile/temporary accommodation,3,3,1,2,0,0,0
S01008034,All households,271,259,78,181,12,2,10
S01008034,Whole house or bungalow: Total,236,230,68,162,6,1,5
S01008034,Whole house or bungalow: Detached,163,160,48,112,3,0,3
S01008034,Whole house or bungalow: Semi-detached,39,38,9,29,1,0,1
S01008034,Whole house or bungalow: Terraced (including end-terrace),34,32,11,21,2,1,1
S01008034,Flat maisonette or apartment or mobile/temporary accommodation,35,29,10,19,6,1,5
S01008035,All households,281,245,109,136,36,23,13
S01008035,Whole house or bungalow: Total,249,225,102,123,24,11,13
S01008035,Whole house or bungalow: Detached,100,97,56,41,3,0,3
S01008035,Whole house or bungalow: Semi-detached,63,60,24,36,3,2,1
S01008035,Whole house or bungalow: Terraced (including end-terrace),86,68,22,46,18,9,9
S01008035,Flat maisonette or apartment or mobile/temporary accommodation,32,20,7,13,12,12,0
S01008036,All households,246,239,132,107,7,3,4
S01008036,Whole house or bungalow: Total,244,239,132,107,5,2,3
S01008036,Whole house or bungalow: Detached,91,91,52,39,0,0,0
S01008036,Whole house or bungalow: Semi-detached,131,127,66,61,4,2,2
S01008036,Whole house or bungalow: Terraced (including end-terrace),22,21,14,7,1,0,1
S01008036,Flat maisonette or apartment or mobile/temporary accommodation,2,0,0,0,2,1,1
S01008037,All households,421,236,86,150,185,159,26
S01008037,Whole house or bungalow: Total,316,190,69,121,126,113,13
S01008037,Whole house or bungalow: Detached,12,10,6,4,2,1,1
S01008037,Whole house or bungalow: Semi-detached,169,99,35,64,70,64,6
S01008037,Whole house or bungalow: Terraced (including end-terrace),135,81,28,53,54,48,6
S01008037,Flat maisonette or apartment or mobile/temporary accommodation,105,46,17,29,59,46,13
S01008038,All households,303,177,51,126,126,108,18
S01008038,Whole house or bungalow: Total,262,164,46,118,98,84,14
S01008038,Whole house or bungalow: Detached,8,6,2,4,2,2,0
S01008038,Whole house or bungalow: Semi-detached,93,57,20,37,36,32,4
S01008038,Whole house or bungalow: Terraced (including end-terrace),161,101,24,77,60,50,10
S01008038,Flat maisonette or apartment or mobile/temporary accommodation,41,13,5,8,28,24,4
S01008039,All households,363,245,86,159,118,97,21
S01008039,Whole house or bungalow: Total,269,206,78,128,63,51,12
S01008039,Whole house or bungalow: Detached,21,18,7,11,3,0,3
S01008039,Whole house or bungalow: Semi-detached,174,137,51,86,37,32,5
S01008039,Whole house or bungalow: Terraced (including end-terrace),74,51,20,31,23,19,4
S01008039,Flat maisonette or apartment or mobile/temporary accommodation,94,39,8,31,55,46,9
S01008040,All households,332,282,162,120,50,36,14
S01008040,Whole house or bungalow: Total,329,281,161,120,48,36,12
S01008040,Whole house or bungalow: Detached,106,104,64,40,2,1,1
S01008040,Whole house or bungalow: Semi-detached,127,117,70,47,10,4,6
S01008040,Whole house or bungalow: Terraced (including end-terrace),96,60,27,33,36,31,5
S01008040,Flat maisonette or apartment or mobile/temporary accommodation,3,1,1,0,2,0,2
S01008041,All households,354,260,151,109,94,42,52
S01008041,Whole house or bungalow: Total,173,149,76,73,24,17,7
S01008041,Whole house or bungalow: Detached,24,23,16,7,1,0,1
S01008041,Whole house or bungalow: Semi-detached,88,82,42,40,6,2,4
S01008041,Whole house or bungalow: Terraced (including end-terrace),61,44,18,26,17,15,2
S01008041,Flat maisonette or apartment or mobile/temporary accommodation,181,111,75,36,70,25,45
S01008042,All households,280,243,143,100,37,12,25
S01008042,Whole house or bungalow: Total,171,165,90,75,6,2,4
S01008042,Whole house or bungalow: Detached,116,114,64,50,2,0,2
S01008042,Whole house or bungalow: Semi-detached,46,43,21,22,3,1,2
S01008042,Whole house or bungalow: Terraced (including end-terrace),9,8,5,3,1,1,0
S01008042,Flat maisonette or apartment or mobile/temporary accommodation,109,78,53,25,31,10,21
S01008043,All households,398,378,219,159,20,15,5
S01008043,Whole house or bungalow: Total,372,368,215,153,4,1,3
S01008043,Whole house or bungalow: Detached,161,160,89,71,1,0,1
S01008043,Whole house or bungalow: Semi-detached,202,199,123,76,3,1,2
S01008043,Whole house or bungalow: Terraced (including end-terrace),9,9,3,6,0,0,0
S01008043,Flat maisonette or apartment or mobile/temporary accommodation,26,10,4,6,16,14,2
S01008044,All households,431,392,235,157,39,5,34
S01008044,Whole house or bungalow: Total,306,292,161,131,14,2,12
S01008044,Whole house or bungalow: Detached,118,117,69,48,1,0,1
S01008044,Whole house or bungalow: Semi-detached,146,137,78,59,9,2,7
S01008044,Whole house or bungalow: Terraced (including end-terrace),42,38,14,24,4,0,4
S01008044,Flat maisonette or apartment or mobile/temporary accommodation,125,100,74,26,25,3,22
S01008045,All households,449,372,247,125,77,40,37
S01008045,Whole house or bungalow: Total,284,262,164,98,22,6,16
S01008045,Whole house or bungalow: Detached,193,180,116,64,13,3,10
S01008045,Whole house or bungalow: Semi-detached,48,44,29,15,4,0,4
S01008045,Whole house or bungalow: Terraced (including end-terrace),43,38,19,19,5,3,2
S01008045,Flat maisonette or apartment or mobile/temporary accommodation,165,110,83,27,55,34,21
S01008046,All households,527,280,160,120,247,178,69
S01008046,Whole house or bungalow: Total,175,115,51,64,60,49,11
S01008046,Whole house or bungalow: Detached,25,20,12,8,5,2,3
S01008046,Whole house or bungalow: Semi-detached,106,74,29,45,32,24,8
S01008046,Whole house or bungalow: Terraced (including end-terrace),44,21,10,11,23,23,0
S01008046,Flat maisonette or apartment or mobile/temporary accommodation,352,165,109,56,187,129,58
S01008047,All households,292,275,173,102,17,2,15
S01008047,Whole house or bungalow: Total,283,266,167,99,17,2,15
S01008047,Whole house or bungalow: Detached,150,145,97,48,5,0,5
S01008047,Whole house or bungalow: Semi-detached,103,94,55,39,9,1,8
S01008047,Whole house or bungalow: Terraced (including end-terrace),30,27,15,12,3,1,2
S01008047,Flat maisonette or apartment or mobile/temporary accommodation,9,9,6,3,0,0,0
S01008048,All households,238,229,150,79,9,2,7
S01008048,Whole house or bungalow: Total,235,227,149,78,8,1,7
S01008048,Whole house or bungalow: Detached,164,162,109,53,2,1,1
S01008048,Whole house or bungalow: Semi-detached,63,58,37,21,5,0,5
S01008048,Whole house or bungalow: Terraced (including end-terrace),8,7,3,4,1,0,1
S01008048,Flat maisonette or apartment or mobile/temporary accommodation,3,2,1,1,1,1,0
S01008049,All households,357,346,211,135,11,2,9
S01008049,Whole house or bungalow: Total,342,336,202,134,6,1,5
S01008049,Whole house or bungalow: Detached,156,154,100,54,2,0,2
S01008049,Whole house or bungalow: Semi-detached,176,172,98,74,4,1,3
S01008049,Whole house or bungalow: Terraced (including end-terrace),10,10,4,6,0,0,0
S01008049,Flat maisonette or apartment or mobile/temporary accommodation,15,10,9,1,5,1,4
S01008050,All households,245,228,138,90,17,8,9
S01008050,Whole house or bungalow: Total,205,200,123,77,5,1,4
S01008050,Whole house or bungalow: Detached,170,170,109,61,0,0,0
S01008050,Whole house or bungalow: Semi-detached,28,25,13,12,3,0,3
S01008050,Whole house or bungalow: Terraced (including end-terrace),7,5,1,4,2,1,1
S01008050,Flat maisonette or apartment or mobile/temporary accommodation,40,28,15,13,12,7,5
S01008051,All households,328,312,148,164,16,3,13
S01008051,Whole house or bungalow: Total,324,310,148,162,14,1,13
S01008051,Whole house or bungalow: Detached,51,49,27,22,2,0,2
S01008051,Whole house or bungalow: Semi-detached,272,261,121,140,11,0,11
S01008051,Whole house or bungalow: Terraced (including end-terrace),1,0,0,0,1,1,0
S01008051,Flat maisonette or apartment or mobile/temporary accommodation,4,2,0,2,2,2,0
S01008052,All households,337,327,153,174,10,2,8
S01008052,Whole house or bungalow: Total,331,323,151,172,8,1,7
S01008052,Whole house or bungalow: Detached,180,177,80,97,3,0,3
S01008052,Whole house or bungalow: Semi-detached,149,144,71,73,5,1,4
S01008052,Whole house or bungalow: Terraced (including end-terrace),2,2,0,2,0,0,0
S01008052,Flat maisonette or apartment or mobile/temporary accommodation,6,4,2,2,2,1,1
S01008053,All households,263,246,144,102,17,1,16
S01008053,Whole house or bungalow: Total,208,204,107,97,4,1,3
S01008053,Whole house or bungalow: Detached,99,97,61,36,2,0,2
S01008053,Whole house or bungalow: Semi-detached,105,103,44,59,2,1,1
S01008053,Whole house or bungalow: Terraced (including end-terrace),4,4,2,2,0,0,0
S01008053,Flat maisonette or apartment or mobile/temporary accommodation,55,42,37,5,13,0,13
S01008054,All households,361,269,149,120,92,55,37
S01008054,Whole house or bungalow: Total,196,171,84,87,25,18,7
S01008054,Whole house or bungalow: Detached,123,114,57,57,9,2,7
S01008054,Whole house or bungalow: Semi-detached,42,40,13,27,2,2,0
S01008054,Whole house or bungalow: Terraced (including end-terrace),31,17,14,3,14,14,0
S01008054,Flat maisonette or apartment or mobile/temporary accommodation,165,98,65,33,67,37,30
S01008055,All households,384,374,207,167,10,1,9
S01008055,Whole house or bungalow: Total,381,372,206,166,9,1,8
S01008055,Whole house or bungalow: Detached,305,300,169,131,5,0,5
S01008055,Whole house or bungalow: Semi-detached,74,70,36,34,4,1,3
S01008055,Whole house or bungalow: Terraced (including end-terrace),2,2,1,1,0,0,0
S01008055,Flat maisonette or apartment or mobile/temporary accommodation,3,2,1,1,1,0,1
S01008056,All households,332,294,177,117,38,30,8
S01008056,Whole house or bungalow: Total,239,235,127,108,4,2,2
S01008056,Whole house or bungalow: Detached,150,150,82,68,0,0,0
S01008056,Whole house or bungalow: Semi-detached,85,81,44,37,4,2,2
S01008056,Whole house or bungalow: Terraced (including end-terrace),4,4,1,3,0,0,0
S01008056,Flat maisonette or apartment or mobile/temporary accommodation,93,59,50,9,34,28,6
S01008057,All households,400,348,183,165,52,32,20
S01008057,Whole house or bungalow: Total,304,292,157,135,12,7,5
S01008057,Whole house or bungalow: Detached,206,202,118,84,4,2,2
S01008057,Whole house or bungalow: Semi-detached,56,53,20,33,3,1,2
S01008057,Whole house or bungalow: Terraced (including end-terrace),42,37,19,18,5,4,1
S01008057,Flat maisonette or apartment or mobile/temporary accommodation,96,56,26,30,40,25,15
S01008058,All households,304,288,132,156,16,1,15
S01008058,Whole house or bungalow: Total,258,247,101,146,11,0,11
S01008058,Whole house or bungalow: Detached,239,230,95,135,9,0,9
S01008058,Whole house or bungalow: Semi-detached,16,14,6,8,2,0,2
S01008058,Whole house or bungalow: Terraced (including end-terrace),3,3,0,3,0,0,0
S01008058,Flat maisonette or apartment or mobile/temporary accommodation,46,41,31,10,5,1,4
S01008059,All households,260,250,135,115,10,1,9
S01008059,Whole house or bungalow: Total,256,247,134,113,9,0,9
S01008059,Whole house or bungalow: Detached,114,109,62,47,5,0,5
S01008059,Whole house or bungalow: Semi-detached,124,122,66,56,2,0,2
S01008059,Whole house or bungalow: Terraced (including end-terrace),18,16,6,10,2,0,2
S01008059,Flat maisonette or apartment or mobile/temporary accommodation,4,3,1,2,1,1,0
S01008060,All households,326,310,136,174,16,5,11
S01008060,Whole house or bungalow: Total,321,307,135,172,14,5,9
S01008060,Whole house or bungalow: Detached,176,171,78,93,5,1,4
S01008060,Whole house or bungalow: Semi-detached,106,100,42,58,6,2,4
S01008060,Whole house or bungalow: Terraced (including end-terrace),39,36,15,21,3,2,1
S01008060,Flat maisonette or apartment or mobile/temporary accommodation,5,3,1,2,2,0,2
S01008061,All households,283,269,93,176,14,0,14
S01008061,Whole house or bungalow: Total,225,217,68,149,8,0,8
S01008061,Whole house or bungalow: Detached,94,92,26,66,2,0,2
S01008061,Whole house or bungalow: Semi-detached,84,79,23,56,5,0,5
S01008061,Whole house or bungalow: Terraced (including end-terrace),47,46,19,27,1,0,1
S01008061,Flat maisonette or apartment or mobile/temporary accommodation,58,52,25,27,6,0,6
S01008062,All households,371,350,172,178,21,5,16
S01008062,Whole house or bungalow: Total,367,346,171,175,21,5,16
S01008062,Whole house or bungalow: Detached,22,22,10,12,0,0,0
S01008062,Whole house or bungalow: Semi-detached,196,187,106,81,9,2,7
S01008062,Whole house or bungalow: Terraced (including end-terrace),149,137,55,82,12,3,9
S01008062,Flat maisonette or apartment or mobile/temporary accommodation,4,4,1,3,0,0,0
S01008063,All households,381,357,174,183,24,4,20
S01008063,Whole house or bungalow: Total,337,323,163,160,14,2,12
S01008063,Whole house or bungalow: Detached,160,158,75,83,2,1,1
S01008063,Whole house or bungalow: Semi-detached,154,149,83,66,5,0,5
S01008063,Whole house or bungalow: Terraced (including end-terrace),23,16,5,11,7,1,6
S01008063,Flat maisonette or apartment or mobile/temporary accommodation,44,34,11,23,10,2,8
S01008064,All households,296,150,72,78,146,120,26
S01008064,Whole house or bungalow: Total,162,105,52,53,57,51,6
S01008064,Whole house or bungalow: Detached,30,29,15,14,1,0,1
S01008064,Whole house or bungalow: Semi-detached,80,52,28,24,28,25,3
S01008064,Whole house or bungalow: Terraced (including end-terrace),52,24,9,15,28,26,2
S01008064,Flat maisonette or apartment or mobile/temporary accommodation,134,45,20,25,89,69,20
S01008065,All households,348,338,162,176,10,1,9
S01008065,Whole house or bungalow: Total,343,334,158,176,9,1,8
S01008065,Whole house or bungalow: Detached,200,195,104,91,5,1,4
S01008065,Whole house or bungalow: Semi-detached,126,124,54,70,2,0,2
S01008065,Whole house or bungalow: Terraced (including end-terrace),17,15,0,15,2,0,2
S01008065,Flat maisonette or apartment or mobile/temporary accommodation,5,4,4,0,1,0,1
S01008066,All households,326,316,170,146,10,0,10
S01008066,Whole house or bungalow: Total,319,313,170,143,6,0,6
S01008066,Whole house or bungalow: Detached,173,169,97,72,4,0,4
S01008066,Whole house or bungalow: Semi-detached,142,140,71,69,2,0,2
S01008066,Whole house or bungalow: Terraced (including end-terrace),4,4,2,2,0,0,0
S01008066,Flat maisonette or apartment or mobile/temporary accommodation,7,3,0,3,4,0,4
S01008067,All households,257,245,140,105,12,2,10
S01008067,Whole house or bungalow: Total,208,203,112,91,5,2,3
S01008067,Whole house or bungalow: Detached,105,103,60,43,2,0,2
S01008067,Whole house or bungalow: Semi-detached,60,59,31,28,1,0,1
S01008067,Whole house or bungalow: Terraced (including end-terrace),43,41,21,20,2,2,0
S01008067,Flat maisonette or apartment or mobile/temporary accommodation,49,42,28,14,7,0,7
S01008068,All households,384,346,179,167,38,16,22
S01008068,Whole house or bungalow: Total,374,340,176,164,34,14,20
S01008068,Whole house or bungalow: Detached,163,155,82,73,8,1,7
S01008068,Whole house or bungalow: Semi-detached,158,148,77,71,10,0,10
S01008068,Whole house or bungalow: Terraced (including end-terrace),53,37,17,20,16,13,3
S01008068,Flat maisonette or apartment or mobile/temporary accommodation,10,6,3,3,4,2,2
S01008069,All households,385,357,159,198,28,7,21
S01008069,Whole house or bungalow: Total,373,350,157,193,23,4,19
S01008069,Whole house or bungalow: Detached,16,16,8,8,0,0,0
S01008069,Whole house or bungalow: Semi-detached,211,198,82,116,13,2,11
S01008069,Whole house or bungalow: Terraced (including end-terrace),146,136,67,69,10,2,8
S01008069,Flat maisonette or apartment or mobile/temporary accommodation,12,7,2,5,5,3,2
S01008070,All households,356,346,160,186,10,1,9
S01008070,Whole house or bungalow: Total,354,345,159,186,9,1,8
S01008070,Whole house or bungalow: Detached,20,20,9,11,0,0,0
S01008070,Whole house or bungalow: Semi-detached,168,164,79,85,4,0,4
S01008070,Whole house or bungalow: Terraced (including end-terrace),166,161,71,90,5,1,4
S01008070,Flat maisonette or apartment or mobile/temporary accommodation,2,1,1,0,1,0,1
S01008071,All households,287,264,108,156,23,14,9
S01008071,Whole house or bungalow: Total,274,261,108,153,13,6,7
S01008071,Whole house or bungalow: Detached,13,12,4,8,1,1,0
S01008071,Whole house or bungalow: Semi-detached,180,177,76,101,3,2,1
S01008071,Whole house or bungalow: Terraced (including end-terrace),81,72,28,44,9,3,6
S01008071,Flat maisonette or apartment or mobile/temporary accommodation,13,3,0,3,10,8,2
S01008072,All households,350,288,124,164,62,2,60
S01008072,Whole house or bungalow: Total,113,104,34,70,9,0,9
S01008072,Whole house or bungalow: Detached,67,65,19,46,2,0,2
S01008072,Whole house or bungalow: Semi-detached,16,13,4,9,3,0,3
S01008072,Whole house or bungalow: Terraced (including end-terrace),30,26,11,15,4,0,4
S01008072,Flat maisonette or apartment or mobile/temporary accommodation,237,184,90,94,53,2,51
S01008073,All households,178,173,97,76,5,1,4
S01008073,Whole house or bungalow: Total,149,149,79,70,0,0,0
S01008073,Whole house or bungalow: Detached,143,143,78,65,0,0,0
S01008073,Whole house or bungalow: Semi-detached,4,4,1,3,0,0,0
S01008073,Whole house or bungalow: Terraced (including end-terrace),2,2,0,2,0,0,0
S01008073,Flat maisonette or apartment or mobile/temporary accommodation,29,24,18,6,5,1,4
S01008074,All households,378,369,197,172,9,4,5
S01008074,Whole house or bungalow: Total,374,366,195,171,8,3,5
S01008074,Whole house or bungalow: Detached,232,230,127,103,2,1,1
S01008074,Whole house or bungalow: Semi-detached,114,111,61,50,3,0,3
S01008074,Whole house or bungalow: Terraced (including end-terrace),28,25,7,18,3,2,1
S01008074,Flat maisonette or apartment or mobile/temporary accommodation,4,3,2,1,1,1,0
S01008075,All households,246,233,152,81,13,1,12
S01008075,Whole house or bungalow: Total,244,233,152,81,11,1,10
S01008075,Whole house or bungalow: Detached,213,209,143,66,4,0,4
S01008075,Whole house or bungalow: Semi-detached,21,17,5,12,4,0,4
S01008075,Whole house or bungalow: Terraced (including end-terrace),10,7,4,3,3,1,2
S01008075,Flat maisonette or apartment or mobile/temporary accommodation,2,0,0,0,2,0,2
S01008076,All households,301,279,198,81,22,5,17
S01008076,Whole house or bungalow: Total,161,154,90,64,7,2,5
S01008076,Whole house or bungalow: Detached,129,125,71,54,4,0,4
S01008076,Whole house or bungalow: Semi-detached,10,10,4,6,0,0,0
S01008076,Whole house or bungalow: Terraced (including end-terrace),22,19,15,4,3,2,1
S01008076,Flat maisonette or apartment or mobile/temporary accommodation,140,125,108,17,15,3,12
S01008077,All households,349,332,189,143,17,3,14
S01008077,Whole house or bungalow: Total,255,250,123,127,5,2,3
S01008077,Whole house or bungalow: Detached,159,157,79,78,2,1,1
S01008077,Whole house or bungalow: Semi-detached,74,72,31,41,2,0,2
S01008077,Whole house or bungalow: Terraced (including end-terrace),22,21,13,8,1,1,0
S01008077,Flat maisonette or apartment or mobile/temporary accommodation,94,82,66,16,12,1,11
S01008078,All households,350,315,185,130,35,10,25
S01008078,Whole house or bungalow: Total,269,261,151,110,8,1,7
S01008078,Whole house or bungalow: Detached,157,156,93,63,1,0,1
S01008078,Whole house or bungalow: Semi-detached,108,102,58,44,6,1,5
S01008078,Whole house or bungalow: Terraced (including end-terrace),4,3,0,3,1,0,1
S01008078,Flat maisonette or apartment or mobile/temporary accommodation,81,54,34,20,27,9,18
S01008079,All households,341,331,193,138,10,3,7
S01008079,Whole house or bungalow: Total,337,329,192,137,8,1,7
S01008079,Whole house or bungalow: Detached,252,247,154,93,5,0,5
S01008079,Whole house or bungalow: Semi-detached,83,80,38,42,3,1,2
S01008079,Whole house or bungalow: Terraced (including end-terrace),2,2,0,2,0,0,0
S01008079,Flat maisonette or apartment or mobile/temporary accommodation,4,2,1,1,2,2,0
S01008080,All households,279,262,135,127,17,1,16
S01008080,Whole house or bungalow: Total,257,247,124,123,10,1,9
S01008080,Whole house or bungalow: Detached,157,154,82,72,3,0,3
S01008080,Whole house or bungalow: Semi-detached,83,79,36,43,4,1,3
S01008080,Whole house or bungalow: Terraced (including end-terrace),17,14,6,8,3,0,3
S01008080,Flat maisonette or apartment or mobile/temporary accommodation,22,15,11,4,7,0,7
S01008081,All households,235,227,128,99,8,1,7
S01008081,Whole house or bungalow: Total,206,202,111,91,4,1,3
S01008081,Whole house or bungalow: Detached,188,185,102,83,3,0,3
S01008081,Whole house or bungalow: Semi-detached,16,16,9,7,0,0,0
S01008081,Whole house or bungalow: Terraced (including end-terrace),2,1,0,1,1,1,0
S01008081,Flat maisonette or apartment or mobile/temporary accommodation,29,25,17,8,4,0,4
S01008082,All households,328,306,178,128,22,8,14
S01008082,Whole house or bungalow: Total,313,299,173,126,14,7,7
S01008082,Whole house or bungalow: Detached,150,147,93,54,3,1,2
S01008082,Whole house or bungalow: Semi-detached,149,141,75,66,8,3,5
S01008082,Whole house or bungalow: Terraced (including end-terrace),14,11,5,6,3,3,0
S01008082,Flat maisonette or apartment or mobile/temporary accommodation,15,7,5,2,8,1,7
S01008083,All households,270,261,136,125,9,2,7
S01008083,Whole house or bungalow: Total,267,260,136,124,7,1,6
S01008083,Whole house or bungalow: Detached,138,135,73,62,3,0,3
S01008083,Whole house or bungalow: Semi-detached,127,123,63,60,4,1,3
S01008083,Whole house or bungalow: Terraced (including end-terrace),2,2,0,2,0,0,0
S01008083,Flat maisonette or apartment or mobile/temporary accommodation,3,1,0,1,2,1,1
S01008084,All households,353,297,158,139,56,32,24
S01008084,Whole house or bungalow: Total,312,274,149,125,38,23,15
S01008084,Whole house or bungalow: Detached,182,174,107,67,8,2,6
S01008084,Whole house or bungalow: Semi-detached,63,52,23,29,11,7,4
S01008084,Whole house or bungalow: Terraced (including end-terrace),67,48,19,29,19,14,5
S01008084,Flat maisonette or apartment or mobile/temporary accommodation,41,23,9,14,18,9,9
S01008085,All households,339,320,142,178,19,6,13
S01008085,Whole house or bungalow: Total,323,307,135,172,16,5,11
S01008085,Whole house or bungalow: Detached,257,250,119,131,7,0,7
S01008085,Whole house or bungalow: Semi-detached,58,50,13,37,8,4,4
S01008085,Whole house or bungalow: Terraced (including end-terrace),8,7,3,4,1,1,0
S01008085,Flat maisonette or apartment or mobile/temporary accommodation,16,13,7,6,3,1,2
S01008086,All households,418,339,144,195,79,43,36
S01008086,Whole house or bungalow: Total,365,311,133,178,54,29,25
S01008086,Whole house or bungalow: Detached,187,175,82,93,12,0,12
S01008086,Whole house or bungalow: Semi-detached,146,116,45,71,30,19,11
S01008086,Whole house or bungalow: Terraced (including end-terrace),32,20,6,14,12,10,2
S01008086,Flat maisonette or apartment or mobile/temporary accommodation,53,28,11,17,25,14,11
S01008087,All households,330,317,176,141,13,3,10
S01008087,Whole house or bungalow: Total,329,316,175,141,13,3,10
S01008087,Whole house or bungalow: Detached,60,58,30,28,2,1,1
S01008087,Whole house or bungalow: Semi-detached,267,256,144,112,11,2,9
S01008087,Whole house or bungalow: Terraced (including end-terrace),2,2,1,1,0,0,0
S01008087,Flat maisonette or apartment or mobile/temporary accommodation,1,1,1,0,0,0,0
S01008088,All households,398,353,205,148,45,4,41
S01008088,Whole house or bungalow: Total,335,309,179,130,26,4,22
S01008088,Whole house or bungalow: Detached,134,130,87,43,4,0,4
S01008088,Whole house or bungalow: Semi-detached,158,146,77,69,12,2,10
S01008088,Whole house or bungalow: Terraced (including end-terrace),43,33,15,18,10,2,8
S01008088,Flat maisonette or apartment or mobile/temporary accommodation,63,44,26,18,19,0,19
S01008089,All households,243,236,125,111,7,1,6
S01008089,Whole house or bungalow: Total,241,236,125,111,5,0,5
S01008089,Whole house or bungalow: Detached,58,55,27,28,3,0,3
S01008089,Whole house or bungalow: Semi-detached,182,180,98,82,2,0,2
S01008089,Whole house or bungalow: Terraced (including end-terrace),1,1,0,1,0,0,0
S01008089,Flat maisonette or apartment or mobile/temporary accommodation,2,0,0,0,2,1,1
S01008090,All households,305,276,147,129,29,16,13
S01008090,Whole house or bungalow: Total,250,242,135,107,8,0,8
S01008090,Whole house or bungalow: Detached,39,39,19,20,0,0,0
S01008090,Whole house or bungalow: Semi-detached,207,200,115,85,7,0,7
S01008090,Whole house or bungalow: Terraced (including end-terrace),4,3,1,2,1,0,1
S01008090,Flat maisonette or apartment or mobile/temporary accommodation,55,34,12,22,21,16,5
S01008091,All households,146,141,78,63,5,1,4
S01008091,Whole house or bungalow: Total,144,141,78,63,3,1,2
S01008091,Whole house or bungalow: Detached,57,55,29,26,2,1,1
S01008091,Whole house or bungalow: Semi-detached,72,71,37,34,1,0,1
S01008091,Whole house or bungalow: Terraced (including end-terrace),15,15,12,3,0,0,0
S01008091,Flat maisonette or apartment or mobile/temporary accommodation,2,0,0,0,2,0,2
S01008092,All households,368,342,210,132,26,21,5
S01008092,Whole house or bungalow: Total,365,340,209,131,25,20,5
S01008092,Whole house or bungalow: Detached,153,150,96,54,3,0,3
S01008092,Whole house or bungalow: Semi-detached,211,189,113,76,22,20,2
S01008092,Whole house or bungalow: Terraced (including end-terrace),1,1,0,1,0,0,0
S01008092,Flat maisonette or apartment or mobile/temporary accommodation,3,2,1,1,1,1,0
S01008093,All households,331,307,186,121,24,1,23
S01008093,Whole house or bungalow: Total,310,296,179,117,14,1,13
S01008093,Whole house or bungalow: Detached,65,63,41,22,2,0,2
S01008093,Whole house or bungalow: Semi-detached,243,231,137,94,12,1,11
S01008093,Whole house or bungalow: Terraced (including end-terrace),2,2,1,1,0,0,0
S01008093,Flat maisonette or apartment or mobile/temporary accommodation,21,11,7,4,10,0,10
S01008094,All households,257,245,141,104,12,3,9
S01008094,Whole house or bungalow: Total,255,243,140,103,12,3,9
S01008094,Whole house or bungalow: Detached,137,133,82,51,4,0,4
S01008094,Whole house or bungalow: Semi-detached,104,100,55,45,4,0,4
S01008094,Whole house or bungalow: Terraced (including end-terrace),14,10,3,7,4,3,1
S01008094,Flat maisonette or apartment or mobile/temporary accommodation,2,2,1,1,0,0,0
S01008095,All households,345,301,166,135,44,2,42
S01008095,Whole house or bungalow: Total,272,256,144,112,16,1,15
S01008095,Whole house or bungalow: Detached,19,17,9,8,2,0,2
S01008095,Whole house or bungalow: Semi-detached,197,188,106,82,9,0,9
S01008095,Whole house or bungalow: Terraced (including end-terrace),56,51,29,22,5,1,4
S01008095,Flat maisonette or apartment or mobile/temporary accommodation,73,45,22,23,28,1,27
S01008096,All households,334,319,187,132,15,1,14
S01008096,Whole house or bungalow: Total,298,289,168,121,9,1,8
S01008096,Whole house or bungalow: Detached,107,103,71,32,4,0,4
S01008096,Whole house or bungalow: Semi-detached,163,159,84,75,4,1,3
S01008096,Whole house or bungalow: Terraced (including end-terrace),28,27,13,14,1,0,1
S01008096,Flat maisonette or apartment or mobile/temporary accommodation,36,30,19,11,6,0,6
S01008097,All households,281,269,177,92,12,0,12
S01008097,Whole house or bungalow: Total,212,206,118,88,6,0,6
S01008097,Whole house or bungalow: Detached,79,79,56,23,0,0,0
S01008097,Whole house or bungalow: Semi-detached,97,93,46,47,4,0,4
S01008097,Whole house or bungalow: Terraced (including end-terrace),36,34,16,18,2,0,2
S01008097,Flat maisonette or apartment or mobile/temporary accommodation,69,63,59,4,6,0,6
S01008098,All households,293,282,147,135,11,2,9
S01008098,Whole house or bungalow: Total,291,280,147,133,11,2,9
S01008098,Whole house or bungalow: Detached,28,27,16,11,1,1,0
S01008098,Whole house or bungalow: Semi-detached,261,251,130,121,10,1,9
S01008098,Whole house or bungalow: Terraced (including end-terrace),2,2,1,1,0,0,0
S01008098,Flat maisonette or apartment or mobile/temporary accommodation,2,2,0,2,0,0,0
S01008099,All households,209,190,86,104,19,5,14
S01008099,Whole house or bungalow: Total,206,189,86,103,17,3,14
S01008099,Whole house or bungalow: Detached,17,14,5,9,3,0,3
S01008099,Whole house or bungalow: Semi-detached,99,92,50,42,7,2,5
S01008099,Whole house or bungalow: Terraced (including end-terrace),90,83,31,52,7,1,6
S01008099,Flat maisonette or apartment or mobile/temporary accommodation,3,1,0,1,2,2,0
S01008100,All households,401,344,182,162,57,35,22
S01008100,Whole house or bungalow: Total,285,273,133,140,12,0,12
S01008100,Whole house or bungalow: Detached,192,184,94,90,8,0,8
S01008100,Whole house or bungalow: Semi-detached,89,86,39,47,3,0,3
S01008100,Whole house or bungalow: Terraced (including end-terrace),4,3,0,3,1,0,1
S01008100,Flat maisonette or apartment or mobile/temporary accommodation,116,71,49,22,45,35,10
S01008101,All households,351,276,91,185,75,17,58
S01008101,Whole house or bungalow: Total,222,198,72,126,24,2,22
S01008101,Whole house or bungalow: Detached,83,76,20,56,7,1,6
S01008101,Whole house or bungalow: Semi-detached,70,64,26,38,6,1,5
S01008101,Whole house or bungalow: Terraced (including end-terrace),69,58,26,32,11,0,11
S01008101,Flat maisonette or apartment or mobile/temporary accommodation,129,78,19,59,51,15,36
S01008102,All households,310,263,113,150,47,20,27
S01008102,Whole house or bungalow: Total,270,246,110,136,24,10,14
S01008102,Whole house or bungalow: Detached,30,30,16,14,0,0,0
S01008102,Whole house or bungalow: Semi-detached,160,149,65,84,11,2,9
S01008102,Whole house or bungalow: Terraced (including end-terrace),80,67,29,38,13,8,5
S01008102,Flat maisonette or apartment or mobile/temporary accommodation,40,17,3,14,23,10,13
S01008103,All households,338,196,78,118,142,92,50
S01008103,Whole house or bungalow: Total,90,76,26,50,14,8,6
S01008103,Whole house or bungalow: Detached,17,15,4,11,2,1,1
S01008103,Whole house or bungalow: Semi-detached,24,18,6,12,6,2,4
S01008103,Whole house or bungalow: Terraced (including end-terrace),49,43,16,27,6,5,1
S01008103,Flat maisonette or apartment or mobile/temporary accommodation,248,120,52,68,128,84,44
S01008104,All households,390,253,88,165,137,97,40
S01008104,Whole house or bungalow: Total,249,191,73,118,58,38,20
S01008104,Whole house or bungalow: Detached,24,20,9,11,4,0,4
S01008104,Whole house or bungalow: Semi-detached,71,62,29,33,9,5,4
S01008104,Whole house or bungalow: Terraced (including end-terrace),154,109,35,74,45,33,12
S01008104,Flat maisonette or apartment or mobile/temporary accommodation,141,62,15,47,79,59,20
S01008105,All households,518,273,77,196,245,195,50
S01008105,Whole house or bungalow: Total,335,224,65,159,111,82,29
S01008105,Whole house or bungalow: Detached,25,17,6,11,8,1,7
S01008105,Whole house or bungalow: Semi-detached,116,84,26,58,32,21,11
S01008105,Whole house or bungalow: Terraced (including end-terrace),194,123,33,90,71,60,11
S01008105,Flat maisonette or apartment or mobile/temporary accommodation,183,49,12,37,134,113,21
S01008106,All households,371,224,88,136,147,109,38
S01008106,Whole house or bungalow: Total,246,145,54,91,101,85,16
S01008106,Whole house or bungalow: Detached,22,15,6,9,7,5,2
S01008106,Whole house or bungalow: Semi-detached,184,109,44,65,75,63,12
S01008106,Whole house or bungalow: Terraced (including end-terrace),40,21,4,17,19,17,2
S01008106,Flat maisonette or apartment or mobile/temporary accommodation,125,79,34,45,46,24,22
S01008107,All households,281,248,56,192,33,1,32
S01008107,Whole house or bungalow: Total,243,226,50,176,17,0,17
S01008107,Whole house or bungalow: Detached,191,181,38,143,10,0,10
S01008107,Whole house or bungalow: Semi-detached,39,35,11,24,4,0,4
S01008107,Whole house or bungalow: Terraced (including end-terrace),13,10,1,9,3,0,3
S01008107,Flat maisonette or apartment or mobile/temporary accommodation,38,22,6,16,16,1,15
S01008108,All households,244,228,103,125,16,3,13
S01008108,Whole house or bungalow: Total,227,218,99,119,9,2,7
S01008108,Whole house or bungalow: Detached,76,74,44,30,2,0,2
S01008108,Whole house or bungalow: Semi-detached,135,132,51,81,3,0,3
S01008108,Whole house or bungalow: Terraced (including end-terrace),16,12,4,8,4,2,2
S01008108,Flat maisonette or apartment or mobile/temporary accommodation,17,10,4,6,7,1,6
S01008109,All households,332,305,149,156,27,10,17
S01008109,Whole house or bungalow: Total,329,305,149,156,24,7,17
S01008109,Whole house or bungalow: Detached,81,75,34,41,6,1,5
S01008109,Whole house or bungalow: Semi-detached,222,210,106,104,12,3,9
S01008109,Whole house or bungalow: Terraced (including end-terrace),26,20,9,11,6,3,3
S01008109,Flat maisonette or apartment or mobile/temporary accommodation,3,0,0,0,3,3,0
S01008110,All households,316,296,104,192,20,2,18
S01008110,Whole house or bungalow: Total,310,294,103,191,16,1,15
S01008110,Whole house or bungalow: Detached,41,39,17,22,2,0,2
S01008110,Whole house or bungalow: Semi-detached,244,232,77,155,12,1,11
S01008110,Whole house or bungalow: Terraced (including end-terrace),25,23,9,14,2,0,2
S01008110,Flat maisonette or apartment or mobile/temporary accommodation,6,2,1,1,4,1,3
S01008111,All households,349,326,209,117,23,6,17
S01008111,Whole house or bungalow: Total,300,285,171,114,15,3,12
S01008111,Whole house or bungalow: Detached,132,124,72,52,8,0,8
S01008111,Whole house or bungalow: Semi-detached,163,157,98,59,6,2,4
S01008111,Whole house or bungalow: Terraced (including end-terrace),5,4,1,3,1,1,0
S01008111,Flat maisonette or apartment or mobile/temporary accommodation,49,41,38,3,8,3,5
S01008112,All households,322,314,184,130,8,2,6
S01008112,Whole house or bungalow: Total,320,314,184,130,6,0,6
S01008112,Whole house or bungalow: Detached,84,83,54,29,1,0,1
S01008112,Whole house or bungalow: Semi-detached,232,227,129,98,5,0,5
S01008112,Whole house or bungalow: Terraced (including end-terrace),4,4,1,3,0,0,0
S01008112,Flat maisonette or apartment or mobile/temporary accommodation,2,0,0,0,2,2,0
S01008113,All households,359,333,187,146,26,4,22
S01008113,Whole house or bungalow: Total,301,290,158,132,11,1,10
S01008113,Whole house or bungalow: Detached,177,171,105,66,6,0,6
S01008113,Whole house or bungalow: Semi-detached,117,115,53,62,2,0,2
S01008113,Whole house or bungalow: Terraced (including end-terrace),7,4,0,4,3,1,2
S01008113,Flat maisonette or apartment or mobile/temporary accommodation,58,43,29,14,15,3,12
S01008114,All households,262,254,144,110,8,2,6
S01008114,Whole house or bungalow: Total,259,253,143,110,6,1,5
S01008114,Whole house or bungalow: Detached,87,86,52,34,1,0,1
S01008114,Whole house or bungalow: Semi-detached,170,165,91,74,5,1,4
S01008114,Whole house or bungalow: Terraced (including end-terrace),2,2,0,2,0,0,0
S01008114,Flat maisonette or apartment or mobile/temporary accommodation,3,1,1,0,2,1,1
S01008115,All households,368,320,110,210,48,7,41
S01008115,Whole house or bungalow: Total,322,295,102,193,27,2,25
S01008115,Whole house or bungalow: Detached,85,79,34,45,6,0,6
S01008115,Whole house or bungalow: Semi-detached,177,161,59,102,16,2,14
S01008115,Whole house or bungalow: Terraced (including end-terrace),60,55,9,46,5,0,5
S01008115,Flat maisonette or apartment or mobile/temporary accommodation,46,25,8,17,21,5,16
S01008116,All households,350,332,162,170,18,6,12
S01008116,Whole house or bungalow: Total,342,329,161,168,13,3,10
S01008116,Whole house or bungalow: Detached,136,133,74,59,3,1,2
S01008116,Whole house or bungalow: Semi-detached,192,183,81,102,9,2,7
S01008116,Whole house or bungalow: Terraced (including end-terrace),14,13,6,7,1,0,1
S01008116,Flat maisonette or apartment or mobile/temporary accommodation,8,3,1,2,5,3,2
S01008117,All households,329,289,161,128,40,29,11
S01008117,Whole house or bungalow: Total,317,286,159,127,31,22,9
S01008117,Whole house or bungalow: Detached,171,168,87,81,3,0,3
S01008117,Whole house or bungalow: Semi-detached,99,87,55,32,12,10,2
S01008117,Whole house or bungalow: Terraced (including end-terrace),47,31,17,14,16,12,4
S01008117,Flat maisonette or apartment or mobile/temporary accommodation,12,3,2,1,9,7,2
S01008118,All households,361,295,126,169,66,42,24
S01008118,Whole house or bungalow: Total,345,287,124,163,58,38,20
S01008118,Whole house or bungalow: Detached,84,79,37,42,5,0,5
S01008118,Whole house or bungalow: Semi-detached,139,116,53,63,23,16,7
S01008118,Whole house or bungalow: Terraced (including end-terrace),122,92,34,58,30,22,8
S01008118,Flat maisonette or apartment or mobile/temporary accommodation,16,8,2,6,8,4,4
S01008119,All households,260,139,52,87,121,104,17
S01008119,Whole house or bungalow: Total,215,121,50,71,94,80,14
S01008119,Whole house or bungalow: Detached,13,10,4,6,3,3,0
S01008119,Whole house or bungalow: Semi-detached,141,80,39,41,61,51,10
S01008119,Whole house or bungalow: Terraced (including end-terrace),61,31,7,24,30,26,4
S01008119,Flat maisonette or apartment or mobile/temporary accommodation,45,18,2,16,27,24,3
S01008120,All households,288,224,123,101,64,41,23
S01008120,Whole house or bungalow: Total,180,162,98,64,18,8,10
S01008120,Whole house or bungalow: Detached,80,78,51,27,2,0,2
S01008120,Whole house or bungalow: Semi-detached,77,71,42,29,6,3,3
S01008120,Whole house or bungalow: Terraced (including end-terrace),23,13,5,8,10,5,5
S01008120,Flat maisonette or apartment or mobile/temporary accommodation,108,62,25,37,46,33,13
S01008121,All households,269,266,163,103,3,1,2
S01008121,Whole house or bungalow: Total,262,260,161,99,2,0,2
S01008121,Whole house or bungalow: Detached,159,158,103,55,1,0,1
S01008121,Whole house or bungalow: Semi-detached,99,99,58,41,0,0,0
S01008121,Whole house or bungalow: Terraced (including end-terrace),4,3,0,3,1,0,1
S01008121,Flat maisonette or apartment or mobile/temporary accommodation,7,6,2,4,1,1,0
S01008122,All households,266,246,123,123,20,2,18
S01008122,Whole house or bungalow: Total,206,196,103,93,10,1,9
S01008122,Whole house or bungalow: Detached,147,140,78,62,7,1,6
S01008122,Whole house or bungalow: Semi-detached,58,55,25,30,3,0,3
S01008122,Whole house or bungalow: Terraced (including end-terrace),1,1,0,1,0,0,0
S01008122,Flat maisonette or apartment or mobile/temporary accommodation,60,50,20,30,10,1,9
S01008123,All households,366,337,200,137,29,2,27
S01008123,Whole house or bungalow: Total,319,306,177,129,13,2,11
S01008123,Whole house or bungalow: Detached,198,193,113,80,5,1,4
S01008123,Whole house or bungalow: Semi-detached,92,85,47,38,7,1,6
S01008123,Whole house or bungalow: Terraced (including end-terrace),29,28,17,11,1,0,1
S01008123,Flat maisonette or apartment or mobile/temporary accommodation,47,31,23,8,16,0,16
S01008124,All households,306,296,141,155,10,1,9
S01008124,Whole house or bungalow: Total,296,289,135,154,7,1,6
S01008124,Whole house or bungalow: Detached,125,122,66,56,3,0,3
S01008124,Whole house or bungalow: Semi-detached,169,166,68,98,3,1,2
S01008124,Whole house or bungalow: Terraced (including end-terrace),2,1,1,0,1,0,1
S01008124,Flat maisonette or apartment or mobile/temporary accommodation,10,7,6,1,3,0,3
S01008125,All households,378,336,186,150,42,3,39
S01008125,Whole house or bungalow: Total,298,280,157,123,18,2,16
S01008125,Whole house or bungalow: Detached,108,105,65,40,3,0,3
S01008125,Whole house or bungalow: Semi-detached,156,145,79,66,11,2,9
S01008125,Whole house or bungalow: Terraced (including end-terrace),34,30,13,17,4,0,4
S01008125,Flat maisonette or apartment or mobile/temporary accommodation,80,56,29,27,24,1,23
S01008126,All households,308,299,142,157,9,1,8
S01008126,Whole house or bungalow: Total,307,299,142,157,8,1,7
S01008126,Whole house or bungalow: Detached,133,132,77,55,1,0,1
S01008126,Whole house or bungalow: Semi-detached,170,164,64,100,6,0,6
S01008126,Whole house or bungalow: Terraced (including end-terrace),4,3,1,2,1,1,0
S01008126,Flat maisonette or apartment or mobile/temporary accommodation,1,0,0,0,1,0,1
S01008127,All households,194,181,89,92,13,4,9
S01008127,Whole house or bungalow: Total,191,181,89,92,10,2,8
S01008127,Whole house or bungalow: Detached,63,61,33,28,2,0,2
S01008127,Whole house or bungalow: Semi-detached,118,111,55,56,7,2,5
S01008127,Whole house or bungalow: Terraced (including end-terrace),10,9,1,8,1,0,1
S01008127,Flat maisonette or apartment or mobile/temporary accommodation,3,0,0,0,3,2,1
S01008128,All households,350,318,165,153,32,20,12
S01008128,Whole house or bungalow: Total,324,305,157,148,19,12,7
S01008128,Whole house or bungalow: Detached,142,136,75,61,6,0,6
S01008128,Whole house or bungalow: Semi-detached,170,159,76,83,11,10,1
S01008128,Whole house or bungalow: Terraced (including end-terrace),12,10,6,4,2,2,0
S01008128,Flat maisonette or apartment or mobile/temporary accommodation,26,13,8,5,13,8,5
S01008129,All households,426,251,91,160,175,132,43
S01008129,Whole house or bungalow: Total,246,177,71,106,69,56,13
S01008129,Whole house or bungalow: Detached,14,10,2,8,4,3,1
S01008129,Whole house or bungalow: Semi-detached,190,132,53,79,58,48,10
S01008129,Whole house or bungalow: Terraced (including end-terrace),42,35,16,19,7,5,2
S01008129,Flat maisonette or apartment or mobile/temporary accommodation,180,74,20,54,106,76,30
S01008130,All households,462,262,95,167,200,105,95
S01008130,Whole house or bungalow: Total,188,128,61,67,60,46,14
S01008130,Whole house or bungalow: Detached,25,21,11,10,4,1,3
S01008130,Whole house or bungalow: Semi-detached,106,69,35,34,37,31,6
S01008130,Whole house or bungalow: Terraced (including end-terrace),57,38,15,23,19,14,5
S01008130,Flat maisonette or apartment or mobile/temporary accommodation,274,134,34,100,140,59,81
S01008131,All households,398,214,82,132,184,112,72
S01008131,Whole house or bungalow: Total,137,82,39,43,55,42,13
S01008131,Whole house or bungalow: Detached,15,14,6,8,1,1,0
S01008131,Whole house or bungalow: Semi-detached,79,53,24,29,26,19,7
S01008131,Whole house or bungalow: Terraced (including end-terrace),43,15,9,6,28,22,6
S01008131,Flat maisonette or apartment or mobile/temporary accommodation,261,132,43,89,129,70,59
S01008132,All households,423,398,240,158,25,6,19
S01008132,Whole house or bungalow: Total,393,376,230,146,17,3,14
S01008132,Whole house or bungalow: Detached,172,169,108,61,3,0,3
S01008132,Whole house or bungalow: Semi-detached,211,200,118,82,11,1,10
S01008132,Whole house or bungalow: Terraced (including end-terrace),10,7,4,3,3,2,1
S01008132,Flat maisonette or apartment or mobile/temporary accommodation,30,22,10,12,8,3,5
S01008133,All households,338,191,110,81,147,92,55
S01008133,Whole house or bungalow: Total,138,115,76,39,23,7,16
S01008133,Whole house or bungalow: Detached,70,65,45,20,5,0,5
S01008133,Whole house or bungalow: Semi-detached,39,34,21,13,5,1,4
S01008133,Whole house or bungalow: Terraced (including end-terrace),29,16,10,6,13,6,7
S01008133,Flat maisonette or apartment or mobile/temporary accommodation,200,76,34,42,124,85,39
S01008134,All households,325,229,93,136,96,24,72
S01008134,Whole house or bungalow: Total,94,88,38,50,6,2,4
S01008134,Whole house or bungalow: Detached,43,41,22,19,2,1,1
S01008134,Whole house or bungalow: Semi-detached,34,32,13,19,2,1,1
S01008134,Whole house or bungalow: Terraced (including end-terrace),17,15,3,12,2,0,2
S01008134,Flat maisonette or apartment or mobile/temporary accommodation,231,141,55,86,90,22,68
S01008135,All households,478,320,90,230,158,57,101
S01008135,Whole house or bungalow: Total,261,217,58,159,44,20,24
S01008135,Whole house or bungalow: Detached,117,105,36,69,12,3,9
S01008135,Whole house or bungalow: Semi-detached,54,47,9,38,7,3,4
S01008135,Whole house or bungalow: Terraced (including end-terrace),90,65,13,52,25,14,11
S01008135,Flat maisonette or apartment or mobile/temporary accommodation,217,103,32,71,114,37,77
S01008136,All households,448,310,118,192,138,91,47
S01008136,Whole house or bungalow: Total,251,188,73,115,63,46,17
S01008136,Whole house or bungalow: Detached,14,14,4,10,0,0,0
S01008136,Whole house or bungalow: Semi-detached,153,112,48,64,41,30,11
S01008136,Whole house or bungalow: Terraced (including end-terrace),84,62,21,41,22,16,6
S01008136,Flat maisonette or apartment or mobile/temporary accommodation,197,122,45,77,75,45,30
S01008137,All households,414,87,24,63,327,305,22
S01008137,Whole house or bungalow: Total,134,64,19,45,70,62,8
S01008137,Whole house or bungalow: Detached,15,14,6,8,1,1,0
S01008137,Whole house or bungalow: Semi-detached,47,19,5,14,28,26,2
S01008137,Whole house or bungalow: Terraced (including end-terrace),72,31,8,23,41,35,6
S01008137,Flat maisonette or apartment or mobile/temporary accommodation,280,23,5,18,257,243,14
S01008138,All households,374,112,33,79,262,235,27
S01008138,Whole house or bungalow: Total,262,86,26,60,176,160,16
S01008138,Whole house or bungalow: Detached,22,7,2,5,15,14,1
S01008138,Whole house or bungalow: Semi-detached,146,47,20,27,99,87,12
S01008138,Whole house or bungalow: Terraced (including end-terrace),94,32,4,28,62,59,3
S01008138,Flat maisonette or apartment or mobile/temporary accommodation,112,26,7,19,86,75,11
S01008139,All households,393,229,109,120,164,126,38
S01008139,Whole house or bungalow: Total,322,226,107,119,96,71,25
S01008139,Whole house or bungalow: Detached,13,10,6,4,3,1,2
S01008139,Whole house or bungalow: Semi-detached,162,128,69,59,34,23,11
S01008139,Whole house or bungalow: Terraced (including end-terrace),147,88,32,56,59,47,12
S01008139,Flat maisonette or apartment or mobile/temporary accommodation,71,3,2,1,68,55,13
S01008140,All households,239,95,38,57,144,124,20
S01008140,Whole house or bungalow: Total,113,84,35,49,29,24,5
S01008140,Whole house or bungalow: Detached,31,31,9,22,0,0,0
S01008140,Whole house or bungalow: Semi-detached,31,22,12,10,9,6,3
S01008140,Whole house or bungalow: Terraced (including end-terrace),51,31,14,17,20,18,2
S01008140,Flat maisonette or apartment or mobile/temporary accommodation,126,11,3,8,115,100,15
S01008141,All households,318,303,155,148,15,9,6
S01008141,Whole house or bungalow: Total,313,302,155,147,11,6,5
S01008141,Whole house or bungalow: Detached,67,66,33,33,1,1,0
S01008141,Whole house or bungalow: Semi-detached,236,229,120,109,7,3,4
S01008141,Whole house or bungalow: Terraced (including end-terrace),10,7,2,5,3,2,1
S01008141,Flat maisonette or apartment or mobile/temporary accommodation,5,1,0,1,4,3,1
S01008142,All households,293,283,111,172,10,5,5
S01008142,Whole house or bungalow: Total,289,282,111,171,7,2,5
S01008142,Whole house or bungalow: Detached,61,61,25,36,0,0,0
S01008142,Whole house or bungalow: Semi-detached,208,202,79,123,6,1,5
S01008142,Whole house or bungalow: Terraced (including end-terrace),20,19,7,12,1,1,0
S01008142,Flat maisonette or apartment or mobile/temporary accommodation,4,1,0,1,3,3,0
S01008143,All households,428,262,114,148,166,121,45
S01008143,Whole house or bungalow: Total,303,221,104,117,82,59,23
S01008143,Whole house or bungalow: Detached,59,51,30,21,8,2,6
S01008143,Whole house or bungalow: Semi-detached,104,79,33,46,25,18,7
S01008143,Whole house or bungalow: Terraced (including end-terrace),140,91,41,50,49,39,10
S01008143,Flat maisonette or apartment or mobile/temporary accommodation,125,41,10,31,84,62,22
S01008144,All households,229,215,97,118,14,2,12
S01008144,Whole house or bungalow: Total,215,202,93,109,13,2,11
S01008144,Whole house or bungalow: Detached,98,92,53,39,6,0,6
S01008144,Whole house or bungalow: Semi-detached,114,108,39,69,6,2,4
S01008144,Whole house or bungalow: Terraced (including end-terrace),3,2,1,1,1,0,1
S01008144,Flat maisonette or apartment or mobile/temporary accommodation,14,13,4,9,1,0,1
S01008145,All households,328,155,50,105,173,159,14
S01008145,Whole house or bungalow: Total,233,139,45,94,94,84,10
S01008145,Whole house or bungalow: Detached,30,25,3,22,5,2,3
S01008145,Whole house or bungalow: Semi-detached,115,69,25,44,46,41,5
S01008145,Whole house or bungalow: Terraced (including end-terrace),88,45,17,28,43,41,2
S01008145,Flat maisonette or apartment or mobile/temporary accommodation,95,16,5,11,79,75,4
S01008146,All households,218,97,52,45,121,107,14
S01008146,Whole house or bungalow: Total,136,74,36,38,62,51,11
S01008146,Whole house or bungalow: Detached,40,34,17,17,6,3,3
S01008146,Whole house or bungalow: Semi-detached,58,22,13,9,36,29,7
S01008146,Whole house or bungalow: Terraced (including end-terrace),38,18,6,12,20,19,1
S01008146,Flat maisonette or apartment or mobile/temporary accommodation,82,23,16,7,59,56,3
S01008147,All households,339,233,87,146,106,98,8
S01008147,Whole house or bungalow: Total,330,233,87,146,97,89,8
S01008147,Whole house or bungalow: Detached,19,17,11,6,2,2,0
S01008147,Whole house or bungalow: Semi-detached,84,65,32,33,19,17,2
S01008147,Whole house or bungalow: Terraced (including end-terrace),227,151,44,107,76,70,6
S01008147,Flat maisonette or apartment or mobile/temporary accommodation,9,0,0,0,9,9,0
S01008148,All households,328,245,97,148,83,56,27
S01008148,Whole house or bungalow: Total,254,228,91,137,26,13,13
S01008148,Whole house or bungalow: Detached,64,63,33,30,1,0,1
S01008148,Whole house or bungalow: Semi-detached,140,125,45,80,15,6,9
S01008148,Whole house or bungalow: Terraced (including end-terrace),50,40,13,27,10,7,3
S01008148,Flat maisonette or apartment or mobile/temporary accommodation,74,17,6,11,57,43,14
S01008149,All households,313,211,71,140,102,80,22
S01008149,Whole house or bungalow: Total,232,193,67,126,39,32,7
S01008149,Whole house or bungalow: Detached,16,15,5,10,1,1,0
S01008149,Whole house or bungalow: Semi-detached,51,42,13,29,9,5,4
S01008149,Whole house or bungalow: Terraced (including end-terrace),165,136,49,87,29,26,3
S01008149,Flat maisonette or apartment or mobile/temporary accommodation,81,18,4,14,63,48,15
S01008150,All households,428,266,107,159,162,131,31
S01008150,Whole house or bungalow: Total,293,212,91,121,81,64,17
S01008150,Whole house or bungalow: Detached,7,3,2,1,4,3,1
S01008150,Whole house or bungalow: Semi-detached,22,17,9,8,5,5,0
S01008150,Whole house or bungalow: Terraced (including end-terrace),264,192,80,112,72,56,16
S01008150,Flat maisonette or apartment or mobile/temporary accommodation,135,54,16,38,81,67,14
S01008151,All households,321,206,67,139,115,92,23
S01008151,Whole house or bungalow: Total,240,176,60,116,64,53,11
S01008151,Whole house or bungalow: Detached,19,14,2,12,5,5,0
S01008151,Whole house or bungalow: Semi-detached,21,13,3,10,8,7,1
S01008151,Whole house or bungalow: Terraced (including end-terrace),200,149,55,94,51,41,10
S01008151,Flat maisonette or apartment or mobile/temporary accommodation,81,30,7,23,51,39,12
S01008152,All households,511,285,126,159,226,186,40
S01008152,Whole house or bungalow: Total,395,266,121,145,129,102,27
S01008152,Whole house or bungalow: Detached,55,49,28,21,6,4,2
S01008152,Whole house or bungalow: Semi-detached,96,58,21,37,38,32,6
S01008152,Whole house or bungalow: Terraced (including end-terrace),244,159,72,87,85,66,19
S01008152,Flat maisonette or apartment or mobile/temporary accommodation,116,19,5,14,97,84,13
S01008153,All households,295,277,112,165,18,6,12
S01008153,Whole house or bungalow: Total,250,240,99,141,10,4,6
S01008153,Whole house or bungalow: Detached,172,170,75,95,2,0,2
S01008153,Whole house or bungalow: Semi-detached,73,68,24,44,5,1,4
S01008153,Whole house or bungalow: Terraced (including end-terrace),5,2,0,2,3,3,0
S01008153,Flat maisonette or apartment or mobile/temporary accommodation,45,37,13,24,8,2,6
S01008154,All households,355,310,175,135,45,34,11
S01008154,Whole house or bungalow: Total,309,269,148,121,40,32,8
S01008154,Whole house or bungalow: Detached,141,131,79,52,10,3,7
S01008154,Whole house or bungalow: Semi-detached,151,126,65,61,25,24,1
S01008154,Whole house or bungalow: Terraced (including end-terrace),17,12,4,8,5,5,0
S01008154,Flat maisonette or apartment or mobile/temporary accommodation,46,41,27,14,5,2,3
S01008155,All households,275,245,97,148,30,19,11
S01008155,Whole house or bungalow: Total,251,229,89,140,22,15,7
S01008155,Whole house or bungalow: Detached,116,112,52,60,4,1,3
S01008155,Whole house or bungalow: Semi-detached,108,93,33,60,15,12,3
S01008155,Whole house or bungalow: Terraced (including end-terrace),27,24,4,20,3,2,1
S01008155,Flat maisonette or apartment or mobile/temporary accommodation,24,16,8,8,8,4,4
S01008156,All households,391,277,130,147,114,89,25
S01008156,Whole house or bungalow: Total,315,244,114,130,71,53,18
S01008156,Whole house or bungalow: Detached,150,140,71,69,10,1,9
S01008156,Whole house or bungalow: Semi-detached,79,55,19,36,24,22,2
S01008156,Whole house or bungalow: Terraced (including end-terrace),86,49,24,25,37,30,7
S01008156,Flat maisonette or apartment or mobile/temporary accommodation,76,33,16,17,43,36,7
S01008157,All households,293,248,96,152,45,31,14
S01008157,Whole house or bungalow: Total,249,225,90,135,24,17,7
S01008157,Whole house or bungalow: Detached,109,105,48,57,4,2,2
S01008157,Whole house or bungalow: Semi-detached,92,88,33,55,4,1,3
S01008157,Whole house or bungalow: Terraced (including end-terrace),48,32,9,23,16,14,2
S01008157,Flat maisonette or apartment or mobile/temporary accommodation,44,23,6,17,21,14,7
S01008158,All households,287,274,96,178,13,5,8
S01008158,Whole house or bungalow: Total,265,253,91,162,12,5,7
S01008158,Whole house or bungalow: Detached,135,134,60,74,1,0,1
S01008158,Whole house or bungalow: Semi-detached,80,77,16,61,3,2,1
S01008158,Whole house or bungalow: Terraced (including end-terrace),50,42,15,27,8,3,5
S01008158,Flat maisonette or apartment or mobile/temporary accommodation,22,21,5,16,1,0,1
S01008159,All households,461,180,70,110,281,227,54
S01008159,Whole house or bungalow: Total,249,149,57,92,100,84,16
S01008159,Whole house or bungalow: Detached,50,44,16,28,6,3,3
S01008159,Whole house or bungalow: Semi-detached,99,57,26,31,42,35,7
S01008159,Whole house or bungalow: Terraced (including end-terrace),100,48,15,33,52,46,6
S01008159,Flat maisonette or apartment or mobile/temporary accommodation,212,31,13,18,181,143,38
S01008160,All households,397,218,73,145,179,162,17
S01008160,Whole house or bungalow: Total,298,185,60,125,113,103,10
S01008160,Whole house or bungalow: Detached,34,31,17,14,3,2,1
S01008160,Whole house or bungalow: Semi-detached,128,87,25,62,41,38,3
S01008160,Whole house or bungalow: Terraced (including end-terrace),136,67,18,49,69,63,6
S01008160,Flat maisonette or apartment or mobile/temporary accommodation,99,33,13,20,66,59,7
S01008161,All households,399,354,104,250,45,20,25
S01008161,Whole house or bungalow: Total,374,337,100,237,37,17,20
S01008161,Whole house or bungalow: Detached,184,172,55,117,12,1,11
S01008161,Whole house or bungalow: Semi-detached,116,100,19,81,16,12,4
S01008161,Whole house or bungalow: Terraced (including end-terrace),74,65,26,39,9,4,5
S01008161,Flat maisonette or apartment or mobile/temporary accommodation,25,17,4,13,8,3,5
S01008162,All households,430,313,121,192,117,88,29
S01008162,Whole house or bungalow: Total,341,252,100,152,89,71,18
S01008162,Whole house or bungalow: Detached,83,75,25,50,8,1,7
S01008162,Whole house or bungalow: Semi-detached,114,71,38,33,43,38,5
S01008162,Whole house or bungalow: Terraced (including end-terrace),144,106,37,69,38,32,6
S01008162,Flat maisonette or apartment or mobile/temporary accommodation,89,61,21,40,28,17,11
S01008163,All households,327,163,63,100,164,115,49
S01008163,Whole house or bungalow: Total,238,129,52,77,109,73,36
S01008163,Whole house or bungalow: Detached,28,18,9,9,10,3,7
S01008163,Whole house or bungalow: Semi-detached,95,47,20,27,48,35,13
S01008163,Whole house or bungalow: Terraced (including end-terrace),115,64,23,41,51,35,16
S01008163,Flat maisonette or apartment or mobile/temporary accommodation,89,34,11,23,55,42,13
S01008164,All households,289,158,46,112,131,100,31
S01008164,Whole house or bungalow: Total,132,87,27,60,45,36,9
S01008164,Whole house or bungalow: Detached,29,21,6,15,8,4,4
S01008164,Whole house or bungalow: Semi-detached,58,42,14,28,16,14,2
S01008164,Whole house or bungalow: Terraced (including end-terrace),45,24,7,17,21,18,3
S01008164,Flat maisonette or apartment or mobile/temporary accommodation,157,71,19,52,86,64,22
S01008165,All households,266,234,39,195,32,7,25
S01008165,Whole house or bungalow: Total,250,229,39,190,21,2,19
S01008165,Whole house or bungalow: Detached,146,139,28,111,7,0,7
S01008165,Whole house or bungalow: Semi-detached,44,36,6,30,8,1,7
S01008165,Whole house or bungalow: Terraced (including end-terrace),60,54,5,49,6,1,5
S01008165,Flat maisonette or apartment or mobile/temporary accommodation,16,5,0,5,11,5,6
S01008166,All households,226,137,58,79,89,77,12
S01008166,Whole house or bungalow: Total,208,130,55,75,78,67,11
S01008166,Whole house or bungalow: Detached,5,2,1,1,3,2,1
S01008166,Whole house or bungalow: Semi-detached,132,86,35,51,46,40,6
S01008166,Whole house or bungalow: Terraced (including end-terrace),71,42,19,23,29,25,4
S01008166,Flat maisonette or apartment or mobile/temporary accommodation,18,7,3,4,11,10,1
S01008167,All households,294,136,67,69,158,136,22
S01008167,Whole house or bungalow: Total,187,82,42,40,105,97,8
S01008167,Whole house or bungalow: Detached,8,5,3,2,3,2,1
S01008167,Whole house or bungalow: Semi-detached,55,23,9,14,32,28,4
S01008167,Whole house or bungalow: Terraced (including end-terrace),124,54,30,24,70,67,3
S01008167,Flat maisonette or apartment or mobile/temporary accommodation,107,54,25,29,53,39,14
S01008168,All households,349,162,44,118,187,173,14
S01008168,Whole house or bungalow: Total,247,145,41,104,102,92,10
S01008168,Whole house or bungalow: Detached,26,20,7,13,6,6,0
S01008168,Whole house or bungalow: Semi-detached,122,78,23,55,44,38,6
S01008168,Whole house or bungalow: Terraced (including end-terrace),99,47,11,36,52,48,4
S01008168,Flat maisonette or apartment or mobile/temporary accommodation,102,17,3,14,85,81,4
S01008169,All households,320,179,53,126,141,117,24
S01008169,Whole house or bungalow: Total,279,169,49,120,110,91,19
S01008169,Whole house or bungalow: Detached,17,13,5,8,4,3,1
S01008169,Whole house or bungalow: Semi-detached,122,75,14,61,47,40,7
S01008169,Whole house or bungalow: Terraced (including end-terrace),140,81,30,51,59,48,11
S01008169,Flat maisonette or apartment or mobile/temporary accommodation,41,10,4,6,31,26,5
S01008170,All households,231,198,76,122,33,20,13
S01008170,Whole house or bungalow: Total,207,183,70,113,24,16,8
S01008170,Whole house or bungalow: Detached,62,58,21,37,4,2,2
S01008170,Whole house or bungalow: Semi-detached,100,86,35,51,14,10,4
S01008170,Whole house or bungalow: Terraced (including end-terrace),45,39,14,25,6,4,2
S01008170,Flat maisonette or apartment or mobile/temporary accommodation,24,15,6,9,9,4,5
S01008171,All households,373,206,97,109,167,117,50
S01008171,Whole house or bungalow: Total,158,98,60,38,60,39,21
S01008171,Whole house or bungalow: Detached,2,2,0,2,0,0,0
S01008171,Whole house or bungalow: Semi-detached,79,48,32,16,31,24,7
S01008171,Whole house or bungalow: Terraced (including end-terrace),77,48,28,20,29,15,14
S01008171,Flat maisonette or apartment or mobile/temporary accommodation,215,108,37,71,107,78,29
S01008172,All households,250,194,80,114,56,41,15
S01008172,Whole house or bungalow: Total,243,190,79,111,53,40,13
S01008172,Whole house or bungalow: Detached,6,5,2,3,1,1,0
S01008172,Whole house or bungalow: Semi-detached,163,118,58,60,45,34,11
S01008172,Whole house or bungalow: Terraced (including end-terrace),74,67,19,48,7,5,2
S01008172,Flat maisonette or apartment or mobile/temporary accommodation,7,4,1,3,3,1,2
S01008173,All households,260,213,80,133,47,37,10
S01008173,Whole house or bungalow: Total,256,211,79,132,45,36,9
S01008173,Whole house or bungalow: Detached,32,30,8,22,2,2,0
S01008173,Whole house or bungalow: Semi-detached,118,102,31,71,16,11,5
S01008173,Whole house or bungalow: Terraced (including end-terrace),106,79,40,39,27,23,4
S01008173,Flat maisonette or apartment or mobile/temporary accommodation,4,2,1,1,2,1,1
S01008174,All households,226,191,88,103,35,27,8
S01008174,Whole house or bungalow: Total,190,171,76,95,19,12,7
S01008174,Whole house or bungalow: Detached,16,16,7,9,0,0,0
S01008174,Whole house or bungalow: Semi-detached,87,82,40,42,5,3,2
S01008174,Whole house or bungalow: Terraced (including end-terrace),87,73,29,44,14,9,5
S01008174,Flat maisonette or apartment or mobile/temporary accommodation,36,20,12,8,16,15,1
S01008175,All households,378,247,75,172,131,78,53
S01008175,Whole house or bungalow: Total,160,131,39,92,29,12,17
S01008175,Whole house or bungalow: Detached,12,10,3,7,2,0,2
S01008175,Whole house or bungalow: Semi-detached,57,48,21,27,9,3,6
S01008175,Whole house or bungalow: Terraced (including end-terrace),91,73,15,58,18,9,9
S01008175,Flat maisonette or apartment or mobile/temporary accommodation,218,116,36,80,102,66,36
S01008176,All households,327,259,122,137,68,17,51
S01008176,Whole house or bungalow: Total,185,168,93,75,17,7,10
S01008176,Whole house or bungalow: Detached,89,81,48,33,8,2,6
S01008176,Whole house or bungalow: Semi-detached,33,27,15,12,6,4,2
S01008176,Whole house or bungalow: Terraced (including end-terrace),63,60,30,30,3,1,2
S01008176,Flat maisonette or apartment or mobile/temporary accommodation,142,91,29,62,51,10,41
S01008177,All households,371,230,106,124,141,113,28
S01008177,Whole house or bungalow: Total,122,95,48,47,27,19,8
S01008177,Whole house or bungalow: Detached,24,21,7,14,3,0,3
S01008177,Whole house or bungalow: Semi-detached,49,30,17,13,19,17,2
S01008177,Whole house or bungalow: Terraced (including end-terrace),49,44,24,20,5,2,3
S01008177,Flat maisonette or apartment or mobile/temporary accommodation,249,135,58,77,114,94,20
S01008178,All households,278,223,133,90,55,36,19
S01008178,Whole house or bungalow: Total,245,203,125,78,42,30,12
S01008178,Whole house or bungalow: Detached,49,48,32,16,1,1,0
S01008178,Whole house or bungalow: Semi-detached,123,105,69,36,18,11,7
S01008178,Whole house or bungalow: Terraced (including end-terrace),73,50,24,26,23,18,5
S01008178,Flat maisonette or apartment or mobile/temporary accommodation,33,20,8,12,13,6,7
S01008179,All households,170,161,38,123,9,2,7
S01008179,Whole house or bungalow: Total,165,159,38,121,6,0,6
S01008179,Whole house or bungalow: Detached,66,64,15,49,2,0,2
S01008179,Whole house or bungalow: Semi-detached,66,66,16,50,0,0,0
S01008179,Whole house or bungalow: Terraced (including end-terrace),33,29,7,22,4,0,4
S01008179,Flat maisonette or apartment or mobile/temporary accommodation,5,2,0,2,3,2,1
S01008180,All households,167,157,59,98,10,0,10
S01008180,Whole house or bungalow: Total,159,150,58,92,9,0,9
S01008180,Whole house or bungalow: Detached,95,91,42,49,4,0,4
S01008180,Whole house or bungalow: Semi-detached,58,55,15,40,3,0,3
S01008180,Whole house or bungalow: Terraced (including end-terrace),6,4,1,3,2,0,2
S01008180,Flat maisonette or apartment or mobile/temporary accommodation,8,7,1,6,1,0,1
S01008181,All households,284,257,149,108,27,12,15
S01008181,Whole house or bungalow: Total,241,230,141,89,11,6,5
S01008181,Whole house or bungalow: Detached,65,62,38,24,3,1,2
S01008181,Whole house or bungalow: Semi-detached,87,82,49,33,5,4,1
S01008181,Whole house or bungalow: Terraced (including end-terrace),89,86,54,32,3,1,2
S01008181,Flat maisonette or apartment or mobile/temporary accommodation,43,27,8,19,16,6,10
S01008182,All households,563,313,121,192,250,115,135
S01008182,Whole house or bungalow: Total,90,72,45,27,18,9,9
S01008182,Whole house or bungalow: Detached,9,7,4,3,2,0,2
S01008182,Whole house or bungalow: Semi-detached,23,16,9,7,7,4,3
S01008182,Whole house or bungalow: Terraced (including end-terrace),58,49,32,17,9,5,4
S01008182,Flat maisonette or apartment or mobile/temporary accommodation,473,241,76,165,232,106,126
S01008183,All households,282,224,88,136,58,20,38
S01008183,Whole house or bungalow: Total,127,116,52,64,11,3,8
S01008183,Whole house or bungalow: Detached,8,8,3,5,0,0,0
S01008183,Whole house or bungalow: Semi-detached,20,15,7,8,5,3,2
S01008183,Whole house or bungalow: Terraced (including end-terrace),99,93,42,51,6,0,6
S01008183,Flat maisonette or apartment or mobile/temporary accommodation,155,108,36,72,47,17,30
S01008184,All households,481,267,121,146,214,120,94
S01008184,Whole house or bungalow: Total,81,62,34,28,19,12,7
S01008184,Whole house or bungalow: Detached,15,13,6,7,2,0,2
S01008184,Whole house or bungalow: Semi-detached,32,27,14,13,5,4,1
S01008184,Whole house or bungalow: Terraced (including end-terrace),34,22,14,8,12,8,4
S01008184,Flat maisonette or apartment or mobile/temporary accommodation,400,205,87,118,195,108,87
S01008185,All households,573,331,134,197,242,148,94
S01008185,Whole house or bungalow: Total,68,52,25,27,16,8,8
S01008185,Whole house or bungalow: Detached,8,7,3,4,1,1,0
S01008185,Whole house or bungalow: Semi-detached,33,25,14,11,8,5,3
S01008185,Whole house or bungalow: Terraced (including end-terrace),27,20,8,12,7,2,5
S01008185,Flat maisonette or apartment or mobile/temporary accommodation,505,279,109,170,226,140,86
S01008186,All households,366,227,110,117,139,41,98
S01008186,Whole house or bungalow: Total,75,64,33,31,11,6,5
S01008186,Whole house or bungalow: Detached,12,11,7,4,1,1,0
S01008186,Whole house or bungalow: Semi-detached,17,9,4,5,8,4,4
S01008186,Whole house or bungalow: Terraced (including end-terrace),46,44,22,22,2,1,1
S01008186,Flat maisonette or apartment or mobile/temporary accommodation,291,163,77,86,128,35,93
S01008187,All households,284,148,58,90,136,108,28
S01008187,Whole house or bungalow: Total,112,68,27,41,44,35,9
S01008187,Whole house or bungalow: Detached,17,11,5,6,6,2,4
S01008187,Whole house or bungalow: Semi-detached,49,29,14,15,20,17,3
S01008187,Whole house or bungalow: Terraced (including end-terrace),46,28,8,20,18,16,2
S01008187,Flat maisonette or apartment or mobile/temporary accommodation,172,80,31,49,92,73,19
S01008188,All households,485,196,78,118,289,188,101
S01008188,Whole house or bungalow: Total,84,60,31,29,24,16,8
S01008188,Whole house or bungalow: Detached,18,12,7,5,6,2,4
S01008188,Whole house or bungalow: Semi-detached,17,12,6,6,5,5,0
S01008188,Whole house or bungalow: Terraced (including end-terrace),49,36,18,18,13,9,4
S01008188,Flat maisonette or apartment or mobile/temporary accommodation,401,136,47,89,265,172,93
S01008189,All households,271,196,105,91,75,48,27
S01008189,Whole house or bungalow: Total,157,143,77,66,14,12,2
S01008189,Whole house or bungalow: Detached,33,33,19,14,0,0,0
S01008189,Whole house or bungalow: Semi-detached,60,56,30,26,4,3,1
S01008189,Whole house or bungalow: Terraced (including end-terrace),64,54,28,26,10,9,1
S01008189,Flat maisonette or apartment or mobile/temporary accommodation,114,53,28,25,61,36,25
S01008190,All households,365,183,80,103,182,164,18
S01008190,Whole house or bungalow: Total,302,161,73,88,141,128,13
S01008190,Whole house or bungalow: Detached,11,9,9,0,2,1,1
S01008190,Whole house or bungalow: Semi-detached,140,61,26,35,79,71,8
S01008190,Whole house or bungalow: Terraced (including end-terrace),151,91,38,53,60,56,4
S01008190,Flat maisonette or apartment or mobile/temporary accommodation,63,22,7,15,41,36,5
S01008191,All households,187,109,57,52,78,68,10
S01008191,Whole house or bungalow: Total,167,102,55,47,65,59,6
S01008191,Whole house or bungalow: Detached,36,33,21,12,3,2,1
S01008191,Whole house or bungalow: Semi-detached,61,36,17,19,25,23,2
S01008191,Whole house or bungalow: Terraced (including end-terrace),70,33,17,16,37,34,3
S01008191,Flat maisonette or apartment or mobile/temporary accommodation,20,7,2,5,13,9,4
S01008192,All households,360,201,68,133,159,82,77
S01008192,Whole house or bungalow: Total,173,114,45,69,59,45,14
S01008192,Whole house or bungalow: Detached,20,11,4,7,9,3,6
S01008192,Whole house or bungalow: Semi-detached,64,42,15,27,22,16,6
S01008192,Whole house or bungalow: Terraced (including end-terrace),89,61,26,35,28,26,2
S01008192,Flat maisonette or apartment or mobile/temporary accommodation,187,87,23,64,100,37,63
S01008193,All households,327,248,117,131,79,54,25
S01008193,Whole house or bungalow: Total,218,165,79,86,53,39,14
S01008193,Whole house or bungalow: Detached,40,39,23,16,1,0,1
S01008193,Whole house or bungalow: Semi-detached,53,33,16,17,20,14,6
S01008193,Whole house or bungalow: Terraced (including end-terrace),125,93,40,53,32,25,7
S01008193,Flat maisonette or apartment or mobile/temporary accommodation,109,83,38,45,26,15,11
S01008194,All households,244,154,70,84,90,66,24
S01008194,Whole house or bungalow: Total,141,101,47,54,40,26,14
S01008194,Whole house or bungalow: Detached,19,14,5,9,5,1,4
S01008194,Whole house or bungalow: Semi-detached,69,53,29,24,16,11,5
S01008194,Whole house or bungalow: Terraced (including end-terrace),53,34,13,21,19,14,5
S01008194,Flat maisonette or apartment or mobile/temporary accommodation,103,53,23,30,50,40,10
S01008195,All households,331,149,35,114,182,153,29
S01008195,Whole house or bungalow: Total,149,101,27,74,48,35,13
S01008195,Whole house or bungalow: Detached,6,4,2,2,2,1,1
S01008195,Whole house or bungalow: Semi-detached,66,41,7,34,25,18,7
S01008195,Whole house or bungalow: Terraced (including end-terrace),77,56,18,38,21,16,5
S01008195,Flat maisonette or apartment or mobile/temporary accommodation,182,48,8,40,134,118,16
S01008196,All households,333,157,43,114,176,150,26
S01008196,Whole house or bungalow: Total,212,128,37,91,84,67,17
S01008196,Whole house or bungalow: Detached,8,4,0,4,4,0,4
S01008196,Whole house or bungalow: Semi-detached,100,61,20,41,39,32,7
S01008196,Whole house or bungalow: Terraced (including end-terrace),104,63,17,46,41,35,6
S01008196,Flat maisonette or apartment or mobile/temporary accommodation,121,29,6,23,92,83,9
S01008197,All households,390,290,32,258,100,60,40
S01008197,Whole house or bungalow: Total,273,233,26,207,40,22,18
S01008197,Whole house or bungalow: Detached,101,94,13,81,7,2,5
S01008197,Whole house or bungalow: Semi-detached,44,32,3,29,12,7,5
S01008197,Whole house or bungalow: Terraced (including end-terrace),128,107,10,97,21,13,8
S01008197,Flat maisonette or apartment or mobile/temporary accommodation,117,57,6,51,60,38,22
S01008198,All households,300,187,98,89,113,101,12
S01008198,Whole house or bungalow: Total,268,171,92,79,97,88,9
S01008198,Whole house or bungalow: Detached,20,13,7,6,7,7,0
S01008198,Whole house or bungalow: Semi-detached,103,68,36,32,35,28,7
S01008198,Whole house or bungalow: Terraced (including end-terrace),145,90,49,41,55,53,2
S01008198,Flat maisonette or apartment or mobile/temporary accommodation,32,16,6,10,16,13,3
S01008199,All households,298,99,30,69,199,184,15
S01008199,Whole house or bungalow: Total,287,97,30,67,190,178,12
S01008199,Whole house or bungalow: Detached,13,3,1,2,10,10,0
S01008199,Whole house or bungalow: Semi-detached,120,42,7,35,78,70,8
S01008199,Whole house or bungalow: Terraced (including end-terrace),154,52,22,30,102,98,4
S01008199,Flat maisonette or apartment or mobile/temporary accommodation,11,2,0,2,9,6,3
S01008200,All households,300,126,59,67,174,166,8
S01008200,Whole house or bungalow: Total,243,110,49,61,133,127,6
S01008200,Whole house or bungalow: Detached,11,5,1,4,6,6,0
S01008200,Whole house or bungalow: Semi-detached,96,43,18,25,53,51,2
S01008200,Whole house or bungalow: Terraced (including end-terrace),136,62,30,32,74,70,4
S01008200,Flat maisonette or apartment or mobile/temporary accommodation,57,16,10,6,41,39,2
S01008201,All households,354,156,62,94,198,179,19
S01008201,Whole house or bungalow: Total,224,111,43,68,113,103,10
S01008201,Whole house or bungalow: Detached,16,12,4,8,4,4,0
S01008201,Whole house or bungalow: Semi-detached,91,42,10,32,49,43,6
S01008201,Whole house or bungalow: Terraced (including end-terrace),117,57,29,28,60,56,4
S01008201,Flat maisonette or apartment or mobile/temporary accommodation,130,45,19,26,85,76,9
S01008202,All households,261,161,50,111,100,86,14
S01008202,Whole house or bungalow: Total,198,153,46,107,45,35,10
S01008202,Whole house or bungalow: Detached,34,30,11,19,4,1,3
S01008202,Whole house or bungalow: Semi-detached,109,85,22,63,24,19,5
S01008202,Whole house or bungalow: Terraced (including end-terrace),55,38,13,25,17,15,2
S01008202,Flat maisonette or apartment or mobile/temporary accommodation,63,8,4,4,55,51,4
S01008203,All households,283,115,36,79,168,118,50
S01008203,Whole house or bungalow: Total,80,38,15,23,42,34,8
S01008203,Whole house or bungalow: Detached,12,9,5,4,3,2,1
S01008203,Whole house or bungalow: Semi-detached,40,16,5,11,24,22,2
S01008203,Whole house or bungalow: Terraced (including end-terrace),28,13,5,8,15,10,5
S01008203,Flat maisonette or apartment or mobile/temporary accommodation,203,77,21,56,126,84,42
S01008204,All households,480,260,131,129,220,188,32
S01008204,Whole house or bungalow: Total,395,226,124,102,169,145,24
S01008204,Whole house or bungalow: Detached,30,20,13,7,10,8,2
S01008204,Whole house or bungalow: Semi-detached,237,139,80,59,98,81,17
S01008204,Whole house or bungalow: Terraced (including end-terrace),128,67,31,36,61,56,5
S01008204,Flat maisonette or apartment or mobile/temporary accommodation,85,34,7,27,51,43,8
S01008205,All households,276,162,66,96,114,99,15
S01008205,Whole house or bungalow: Total,271,158,64,94,113,98,15
S01008205,Whole house or bungalow: Detached,15,10,3,7,5,4,1
S01008205,Whole house or bungalow: Semi-detached,164,111,48,63,53,44,9
S01008205,Whole house or bungalow: Terraced (including end-terrace),92,37,13,24,55,50,5
S01008205,Flat maisonette or apartment or mobile/temporary accommodation,5,4,2,2,1,1,0
S01008206,All households,295,155,66,89,140,125,15
S01008206,Whole house or bungalow: Total,233,140,65,75,93,81,12
S01008206,Whole house or bungalow: Detached,10,5,1,4,5,4,1
S01008206,Whole house or bungalow: Semi-detached,160,100,53,47,60,52,8
S01008206,Whole house or bungalow: Terraced (including end-terrace),63,35,11,24,28,25,3
S01008206,Flat maisonette or apartment or mobile/temporary accommodation,62,15,1,14,47,44,3
S01008207,All households,246,89,23,66,157,148,9
S01008207,Whole house or bungalow: Total,230,87,23,64,143,135,8
S01008207,Whole house or bungalow: Detached,8,4,1,3,4,4,0
S01008207,Whole house or bungalow: Semi-detached,78,32,8,24,46,42,4
S01008207,Whole house or bungalow: Terraced (including end-terrace),144,51,14,37,93,89,4
S01008207,Flat maisonette or apartment or mobile/temporary accommodation,16,2,0,2,14,13,1
S01008208,All households,344,253,46,207,91,56,35
S01008208,Whole house or bungalow: Total,219,174,39,135,45,36,9
S01008208,Whole house or bungalow: Detached,94,86,21,65,8,4,4
S01008208,Whole house or bungalow: Semi-detached,92,65,17,48,27,25,2
S01008208,Whole house or bungalow: Terraced (including end-terrace),33,23,1,22,10,7,3
S01008208,Flat maisonette or apartment or mobile/temporary accommodation,125,79,7,72,46,20,26
S01008209,All households,200,176,17,159,24,5,19
S01008209,Whole house or bungalow: Total,176,162,16,146,14,2,12
S01008209,Whole house or bungalow: Detached,83,77,8,69,6,0,6
S01008209,Whole house or bungalow: Semi-detached,49,48,4,44,1,0,1
S01008209,Whole house or bungalow: Terraced (including end-terrace),44,37,4,33,7,2,5
S01008209,Flat maisonette or apartment or mobile/temporary accommodation,24,14,1,13,10,3,7
S01008210,All households,417,267,128,139,150,118,32
S01008210,Whole house or bungalow: Total,248,199,98,101,49,37,12
S01008210,Whole house or bungalow: Detached,43,40,23,17,3,1,2
S01008210,Whole house or bungalow: Semi-detached,44,30,15,15,14,10,4
S01008210,Whole house or bungalow: Terraced (including end-terrace),161,129,60,69,32,26,6
S01008210,Flat maisonette or apartment or mobile/temporary accommodation,169,68,30,38,101,81,20
S01008211,All households,420,275,118,157,145,100,45
S01008211,Whole house or bungalow: Total,248,178,91,87,70,50,20
S01008211,Whole house or bungalow: Detached,37,29,16,13,8,6,2
S01008211,Whole house or bungalow: Semi-detached,77,42,17,25,35,28,7
S01008211,Whole house or bungalow: Terraced (including end-terrace),134,107,58,49,27,16,11
S01008211,Flat maisonette or apartment or mobile/temporary accommodation,172,97,27,70,75,50,25
S01008212,All households,212,190,58,132,22,10,12
S01008212,Whole house or bungalow: Total,210,188,57,131,22,10,12
S01008212,Whole house or bungalow: Detached,92,88,30,58,4,0,4
S01008212,Whole house or bungalow: Semi-detached,61,58,10,48,3,0,3
S01008212,Whole house or bungalow: Terraced (including end-terrace),57,42,17,25,15,10,5
S01008212,Flat maisonette or apartment or mobile/temporary accommodation,2,2,1,1,0,0,0
S01008213,All households,370,319,110,209,51,33,18
S01008213,Whole house or bungalow: Total,362,317,109,208,45,28,17
S01008213,Whole house or bungalow: Detached,162,153,40,113,9,3,6
S01008213,Whole house or bungalow: Semi-detached,91,82,25,57,9,5,4
S01008213,Whole house or bungalow: Terraced (including end-terrace),109,82,44,38,27,20,7
S01008213,Flat maisonette or apartment or mobile/temporary accommodation,8,2,1,1,6,5,1
S01008214,All households,354,220,115,105,134,100,34
S01008214,Whole house or bungalow: Total,263,179,95,84,84,62,22
S01008214,Whole house or bungalow: Detached,79,55,40,15,24,14,10
S01008214,Whole house or bungalow: Semi-detached,53,39,21,18,14,11,3
S01008214,Whole house or bungalow: Terraced (including end-terrace),131,85,34,51,46,37,9
S01008214,Flat maisonette or apartment or mobile/temporary accommodation,91,41,20,21,50,38,12
S01008215,All households,324,250,98,152,74,48,26
S01008215,Whole house or bungalow: Total,274,217,90,127,57,38,19
S01008215,Whole house or bungalow: Detached,42,40,21,19,2,0,2
S01008215,Whole house or bungalow: Semi-detached,77,61,23,38,16,10,6
S01008215,Whole house or bungalow: Terraced (including end-terrace),155,116,46,70,39,28,11
S01008215,Flat maisonette or apartment or mobile/temporary accommodation,50,33,8,25,17,10,7
S01008216,All households,205,188,70,118,17,4,13
S01008216,Whole house or bungalow: Total,203,188,70,118,15,2,13
S01008216,Whole house or bungalow: Detached,42,41,17,24,1,0,1
S01008216,Whole house or bungalow: Semi-detached,121,112,39,73,9,2,7
S01008216,Whole house or bungalow: Terraced (including end-terrace),40,35,14,21,5,0,5
S01008216,Flat maisonette or apartment or mobile/temporary accommodation,2,0,0,0,2,2,0
S01008217,All households,226,209,100,109,17,4,13
S01008217,Whole house or bungalow: Total,222,207,98,109,15,4,11
S01008217,Whole house or bungalow: Detached,113,108,57,51,5,1,4
S01008217,Whole house or bungalow: Semi-detached,75,69,29,40,6,0,6
S01008217,Whole house or bungalow: Terraced (including end-terrace),34,30,12,18,4,3,1
S01008217,Flat maisonette or apartment or mobile/temporary accommodation,4,2,2,0,2,0,2
S01008218,All households,376,351,89,262,25,11,14
S01008218,Whole house or bungalow: Total,363,343,87,256,20,8,12
S01008218,Whole house or bungalow: Detached,204,199,43,156,5,0,5
S01008218,Whole house or bungalow: Semi-detached,96,86,23,63,10,4,6
S01008218,Whole house or bungalow: Terraced (including end-terrace),63,58,21,37,5,4,1
S01008218,Flat maisonette or apartment or mobile/temporary accommodation,13,8,2,6,5,3,2
S01008219,All households,424,258,91,167,166,98,68
S01008219,Whole house or bungalow: Total,258,184,73,111,74,54,20
S01008219,Whole house or bungalow: Detached,125,107,48,59,18,10,8
S01008219,Whole house or bungalow: Semi-detached,63,30,11,19,33,29,4
S01008219,Whole house or bungalow: Terraced (including end-terrace),70,47,14,33,23,15,8
S01008219,Flat maisonette or apartment or mobile/temporary accommodation,166,74,18,56,92,44,48
S01008220,All households,223,99,37,62,124,117,7
S01008220,Whole house or bungalow: Total,198,96,37,59,102,96,6
S01008220,Whole house or bungalow: Detached,25,15,7,8,10,8,2
S01008220,Whole house or bungalow: Semi-detached,86,45,15,30,41,39,2
S01008220,Whole house or bungalow: Terraced (including end-terrace),87,36,15,21,51,49,2
S01008220,Flat maisonette or apartment or mobile/temporary accommodation,25,3,0,3,22,21,1
S01008221,All households,309,105,49,56,204,176,28
S01008221,Whole house or bungalow: Total,78,59,30,29,19,18,1
S01008221,Whole house or bungalow: Detached,16,16,6,10,0,0,0
S01008221,Whole house or bungalow: Semi-detached,51,34,22,12,17,16,1
S01008221,Whole house or bungalow: Terraced (including end-terrace),11,9,2,7,2,2,0
S01008221,Flat maisonette or apartment or mobile/temporary accommodation,231,46,19,27,185,158,27
S01008222,All households,287,129,53,76,158,139,19
S01008222,Whole house or bungalow: Total,193,103,46,57,90,80,10
S01008222,Whole house or bungalow: Detached,21,12,7,5,9,9,0
S01008222,Whole house or bungalow: Semi-detached,148,80,36,44,68,58,10
S01008222,Whole house or bungalow: Terraced (including end-terrace),24,11,3,8,13,13,0
S01008222,Flat maisonette or apartment or mobile/temporary accommodation,94,26,7,19,68,59,9
S01008223,All households,280,135,59,76,145,131,14
S01008223,Whole house or bungalow: Total,217,134,59,75,83,72,11
S01008223,Whole house or bungalow: Detached,15,8,1,7,7,6,1
S01008223,Whole house or bungalow: Semi-detached,105,67,34,33,38,31,7
S01008223,Whole house or bungalow: Terraced (including end-terrace),97,59,24,35,38,35,3
S01008223,Flat maisonette or apartment or mobile/temporary accommodation,63,1,0,1,62,59,3
S01008224,All households,406,356,143,213,50,15,35
S01008224,Whole house or bungalow: Total,391,348,142,206,43,11,32
S01008224,Whole house or bungalow: Detached,101,96,56,40,5,0,5
S01008224,Whole house or bungalow: Semi-detached,112,100,41,59,12,5,7
S01008224,Whole house or bungalow: Terraced (including end-terrace),178,152,45,107,26,6,20
S01008224,Flat maisonette or apartment or mobile/temporary accommodation,15,8,1,7,7,4,3
S01008225,All households,290,201,94,107,89,77,12
S01008225,Whole house or bungalow: Total,263,198,92,106,65,54,11
S01008225,Whole house or bungalow: Detached,21,18,8,10,3,2,1
S01008225,Whole house or bungalow: Semi-detached,76,60,28,32,16,12,4
S01008225,Whole house or bungalow: Terraced (including end-terrace),166,120,56,64,46,40,6
S01008225,Flat maisonette or apartment or mobile/temporary accommodation,27,3,2,1,24,23,1
S01008226,All households,379,151,53,98,228,204,24
S01008226,Whole house or bungalow: Total,265,129,50,79,136,119,17
S01008226,Whole house or bungalow: Detached,23,13,4,9,10,10,0
S01008226,Whole house or bungalow: Semi-detached,103,47,18,29,56,49,7
S01008226,Whole house or bungalow: Terraced (including end-terrace),139,69,28,41,70,60,10
S01008226,Flat maisonette or apartment or mobile/temporary accommodation,114,22,3,19,92,85,7
S01008227,All households,389,171,69,102,218,192,26
S01008227,Whole house or bungalow: Total,288,145,63,82,143,127,16
S01008227,Whole house or bungalow: Detached,24,14,4,10,10,9,1
S01008227,Whole house or bungalow: Semi-detached,74,40,16,24,34,30,4
S01008227,Whole house or bungalow: Terraced (including end-terrace),190,91,43,48,99,88,11
S01008227,Flat maisonette or apartment or mobile/temporary accommodation,101,26,6,20,75,65,10
S01008228,All households,279,216,102,114,63,46,17
S01008228,Whole house or bungalow: Total,201,179,92,87,22,15,7
S01008228,Whole house or bungalow: Detached,149,144,75,69,5,2,3
S01008228,Whole house or bungalow: Semi-detached,31,26,14,12,5,3,2
S01008228,Whole house or bungalow: Terraced (including end-terrace),21,9,3,6,12,10,2
S01008228,Flat maisonette or apartment or mobile/temporary accommodation,78,37,10,27,41,31,10
S01008229,All households,300,155,63,92,145,137,8
S01008229,Whole house or bungalow: Total,269,147,59,88,122,115,7
S01008229,Whole house or bungalow: Detached,16,9,6,3,7,6,1
S01008229,Whole house or bungalow: Semi-detached,70,32,14,18,38,35,3
S01008229,Whole house or bungalow: Terraced (including end-terrace),183,106,39,67,77,74,3
S01008229,Flat maisonette or apartment or mobile/temporary accommodation,31,8,4,4,23,22,1
S01008230,All households,305,255,38,217,50,22,28
S01008230,Whole house or bungalow: Total,284,242,37,205,42,22,20
S01008230,Whole house or bungalow: Detached,84,77,10,67,7,2,5
S01008230,Whole house or bungalow: Semi-detached,100,84,13,71,16,13,3
S01008230,Whole house or bungalow: Terraced (including end-terrace),100,81,14,67,19,7,12
S01008230,Flat maisonette or apartment or mobile/temporary accommodation,21,13,1,12,8,0,8
S01008231,All households,243,226,21,205,17,6,11
S01008231,Whole house or bungalow: Total,227,215,18,197,12,5,7
S01008231,Whole house or bungalow: Detached,179,174,15,159,5,0,5
S01008231,Whole house or bungalow: Semi-detached,28,25,2,23,3,1,2
S01008231,Whole house or bungalow: Terraced (including end-terrace),20,16,1,15,4,4,0
S01008231,Flat maisonette or apartment or mobile/temporary accommodation,16,11,3,8,5,1,4
S01008232,All households,259,178,19,159,81,56,25
S01008232,Whole house or bungalow: Total,174,142,13,129,32,23,9
S01008232,Whole house or bungalow: Detached,114,107,10,97,7,0,7
S01008232,Whole house or bungalow: Semi-detached,40,29,1,28,11,10,1
S01008232,Whole house or bungalow: Terraced (including end-terrace),20,6,2,4,14,13,1
S01008232,Flat maisonette or apartment or mobile/temporary accommodation,85,36,6,30,49,33,16
S01008233,All households,178,119,25,94,59,41,18
S01008233,Whole house or bungalow: Total,162,118,24,94,44,28,16
S01008233,Whole house or bungalow: Detached,89,79,13,66,10,1,9
S01008233,Whole house or bungalow: Semi-detached,49,27,8,19,22,22,0
S01008233,Whole house or bungalow: Terraced (including end-terrace),24,12,3,9,12,5,7
S01008233,Flat maisonette or apartment or mobile/temporary accommodation,16,1,1,0,15,13,2
S01008234,All households,187,107,57,50,80,75,5
S01008234,Whole house or bungalow: Total,181,105,56,49,76,72,4
S01008234,Whole house or bungalow: Detached,25,22,9,13,3,3,0
S01008234,Whole house or bungalow: Semi-detached,129,67,39,28,62,58,4
S01008234,Whole house or bungalow: Terraced (including end-terrace),27,16,8,8,11,11,0
S01008234,Flat maisonette or apartment or mobile/temporary accommodation,6,2,1,1,4,3,1
S01008235,All households,368,216,107,109,152,134,18
S01008235,Whole house or bungalow: Total,356,214,105,109,142,124,18
S01008235,Whole house or bungalow: Detached,32,23,17,6,9,8,1
S01008235,Whole house or bungalow: Semi-detached,244,135,54,81,109,99,10
S01008235,Whole house or bungalow: Terraced (including end-terrace),80,56,34,22,24,17,7
S01008235,Flat maisonette or apartment or mobile/temporary accommodation,12,2,2,0,10,10,0
S01008236,All households,386,250,122,128,136,101,35
S01008236,Whole house or bungalow: Total,314,225,113,112,89,65,24
S01008236,Whole house or bungalow: Detached,79,78,44,34,1,1,0
S01008236,Whole house or bungalow: Semi-detached,162,107,54,53,55,43,12
S01008236,Whole house or bungalow: Terraced (including end-terrace),73,40,15,25,33,21,12
S01008236,Flat maisonette or apartment or mobile/temporary accommodation,72,25,9,16,47,36,11
S01008237,All households,376,210,92,118,166,127,39
S01008237,Whole house or bungalow: Total,329,207,91,116,122,85,37
S01008237,Whole house or bungalow: Detached,72,55,34,21,17,8,9
S01008237,Whole house or bungalow: Semi-detached,126,69,28,41,57,43,14
S01008237,Whole house or bungalow: Terraced (including end-terrace),131,83,29,54,48,34,14
S01008237,Flat maisonette or apartment or mobile/temporary accommodation,47,3,1,2,44,42,2
S01008238,All households,341,188,95,93,153,139,14
S01008238,Whole house or bungalow: Total,304,182,93,89,122,113,9
S01008238,Whole house or bungalow: Detached,27,22,11,11,5,3,2
S01008238,Whole house or bungalow: Semi-detached,153,70,36,34,83,78,5
S01008238,Whole house or bungalow: Terraced (including end-terrace),124,90,46,44,34,32,2
S01008238,Flat maisonette or apartment or mobile/temporary accommodation,37,6,2,4,31,26,5
S01008239,All households,331,219,84,135,112,81,31
S01008239,Whole house or bungalow: Total,326,217,83,134,109,80,29
S01008239,Whole house or bungalow: Detached,75,67,18,49,8,3,5
S01008239,Whole house or bungalow: Semi-detached,119,73,33,40,46,32,14
S01008239,Whole house or bungalow: Terraced (including end-terrace),132,77,32,45,55,45,10
S01008239,Flat maisonette or apartment or mobile/temporary accommodation,5,2,1,1,3,1,2
S01008240,All households,358,322,190,132,36,7,29
S01008240,Whole house or bungalow: Total,349,315,186,129,34,5,29
S01008240,Whole house or bungalow: Detached,223,208,135,73,15,0,15
S01008240,Whole house or bungalow: Semi-detached,109,92,42,50,17,4,13
S01008240,Whole house or bungalow: Terraced (including end-terrace),17,15,9,6,2,1,1
S01008240,Flat maisonette or apartment or mobile/temporary accommodation,9,7,4,3,2,2,0
S01008241,All households,271,258,163,95,13,4,9
S01008241,Whole house or bungalow: Total,266,257,162,95,9,2,7
S01008241,Whole house or bungalow: Detached,195,194,130,64,1,0,1
S01008241,Whole house or bungalow: Semi-detached,39,33,15,18,6,1,5
S01008241,Whole house or bungalow: Terraced (including end-terrace),32,30,17,13,2,1,1
S01008241,Flat maisonette or apartment or mobile/temporary accommodation,5,1,1,0,4,2,2
S01008242,All households,430,254,146,108,176,110,66
S01008242,Whole house or bungalow: Total,421,251,144,107,170,106,64
S01008242,Whole house or bungalow: Detached,120,91,61,30,29,3,26
S01008242,Whole house or bungalow: Semi-detached,223,127,67,60,96,70,26
S01008242,Whole house or bungalow: Terraced (including end-terrace),78,33,16,17,45,33,12
S01008242,Flat maisonette or apartment or mobile/temporary accommodation,9,3,2,1,6,4,2
S01008243,All households,361,240,89,151,121,63,58
S01008243,Whole house or bungalow: Total,354,240,89,151,114,60,54
S01008243,Whole house or bungalow: Detached,148,128,44,84,20,2,18
S01008243,Whole house or bungalow: Semi-detached,112,58,27,31,54,34,20
S01008243,Whole house or bungalow: Terraced (including end-terrace),94,54,18,36,40,24,16
S01008243,Flat maisonette or apartment or mobile/temporary accommodation,7,0,0,0,7,3,4
S01008244,All households,255,179,100,79,76,37,39
S01008244,Whole house or bungalow: Total,227,158,91,67,69,37,32
S01008244,Whole house or bungalow: Detached,80,66,42,24,14,4,10
S01008244,Whole house or bungalow: Semi-detached,81,43,25,18,38,24,14
S01008244,Whole house or bungalow: Terraced (including end-terrace),66,49,24,25,17,9,8
S01008244,Flat maisonette or apartment or mobile/temporary accommodation,28,21,9,12,7,0,7
S01008245,All households,410,319,144,175,91,64,27
S01008245,Whole house or bungalow: Total,393,311,144,167,82,58,24
S01008245,Whole house or bungalow: Detached,155,135,68,67,20,8,12
S01008245,Whole house or bungalow: Semi-detached,165,115,56,59,50,45,5
S01008245,Whole house or bungalow: Terraced (including end-terrace),73,61,20,41,12,5,7
S01008245,Flat maisonette or apartment or mobile/temporary accommodation,17,8,0,8,9,6,3
S01008246,All households,353,273,124,149,80,33,47
S01008246,Whole house or bungalow: Total,342,268,120,148,74,33,41
S01008246,Whole house or bungalow: Detached,239,210,95,115,29,0,29
S01008246,Whole house or bungalow: Semi-detached,86,46,16,30,40,29,11
S01008246,Whole house or bungalow: Terraced (including end-terrace),17,12,9,3,5,4,1
S01008246,Flat maisonette or apartment or mobile/temporary accommodation,11,5,4,1,6,0,6
S01008247,All households,319,224,112,112,95,48,47
S01008247,Whole house or bungalow: Total,318,224,112,112,94,47,47
S01008247,Whole house or bungalow: Detached,153,131,71,60,22,2,20
S01008247,Whole house or bungalow: Semi-detached,119,60,29,31,59,38,21
S01008247,Whole house or bungalow: Terraced (including end-terrace),46,33,12,21,13,7,6
S01008247,Flat maisonette or apartment or mobile/temporary accommodation,1,0,0,0,1,1,0
S01008248,All households,397,227,134,93,170,109,61
S01008248,Whole house or bungalow: Total,372,225,132,93,147,87,60
S01008248,Whole house or bungalow: Detached,149,112,73,39,37,5,32
S01008248,Whole house or bungalow: Semi-detached,156,72,38,34,84,64,20
S01008248,Whole house or bungalow: Terraced (including end-terrace),67,41,21,20,26,18,8
S01008248,Flat maisonette or apartment or mobile/temporary accommodation,25,2,2,0,23,22,1
S01008249,All households,401,277,157,120,124,40,84
S01008249,Whole house or bungalow: Total,380,265,150,115,115,36,79
S01008249,Whole house or bungalow: Detached,171,131,86,45,40,0,40
S01008249,Whole house or bungalow: Semi-detached,134,84,36,48,50,27,23
S01008249,Whole house or bungalow: Terraced (including end-terrace),75,50,28,22,25,9,16
S01008249,Flat maisonette or apartment or mobile/temporary accommodation,21,12,7,5,9,4,5
S01008250,All households,447,308,180,128,139,16,123
S01008250,Whole house or bungalow: Total,381,264,153,111,117,2,115
S01008250,Whole house or bungalow: Detached,245,190,123,67,55,0,55
S01008250,Whole house or bungalow: Semi-detached,81,40,15,25,41,0,41
S01008250,Whole house or bungalow: Terraced (including end-terrace),55,34,15,19,21,2,19
S01008250,Flat maisonette or apartment or mobile/temporary accommodation,66,44,27,17,22,14,8
S01008251,All households,255,236,91,145,19,6,13
S01008251,Whole house or bungalow: Total,251,234,90,144,17,4,13
S01008251,Whole house or bungalow: Detached,155,145,56,89,10,1,9
S01008251,Whole house or bungalow: Semi-detached,89,83,32,51,6,3,3
S01008251,Whole house or bungalow: Terraced (including end-terrace),7,6,2,4,1,0,1
S01008251,Flat maisonette or apartment or mobile/temporary accommodation,4,2,1,1,2,2,0
S01008252,All households,338,292,168,124,46,17,29
S01008252,Whole house or bungalow: Total,292,265,154,111,27,10,17
S01008252,Whole house or bungalow: Detached,180,170,106,64,10,1,9
S01008252,Whole house or bungalow: Semi-detached,103,87,45,42,16,9,7
S01008252,Whole house or bungalow: Terraced (including end-terrace),9,8,3,5,1,0,1
S01008252,Flat maisonette or apartment or mobile/temporary accommodation,46,27,14,13,19,7,12
S01008253,All households,370,212,101,111,158,133,25
S01008253,Whole house or bungalow: Total,312,193,95,98,119,102,17
S01008253,Whole house or bungalow: Detached,17,10,3,7,7,5,2
S01008253,Whole house or bungalow: Semi-detached,199,122,65,57,77,71,6
S01008253,Whole house or bungalow: Terraced (including end-terrace),96,61,27,34,35,26,9
S01008253,Flat maisonette or apartment or mobile/temporary accommodation,58,19,6,13,39,31,8
S01008254,All households,428,257,126,131,171,130,41
S01008254,Whole house or bungalow: Total,350,242,121,121,108,77,31
S01008254,Whole house or bungalow: Detached,40,33,17,16,7,3,4
S01008254,Whole house or bungalow: Semi-detached,197,128,64,64,69,53,16
S01008254,Whole house or bungalow: Terraced (including end-terrace),113,81,40,41,32,21,11
S01008254,Flat maisonette or apartment or mobile/temporary accommodation,78,15,5,10,63,53,10
S01008255,All households,292,217,85,132,75,58,17
S01008255,Whole house or bungalow: Total,272,204,80,124,68,53,15
S01008255,Whole house or bungalow: Detached,52,49,25,24,3,2,1
S01008255,Whole house or bungalow: Semi-detached,121,78,29,49,43,36,7
S01008255,Whole house or bungalow: Terraced (including end-terrace),99,77,26,51,22,15,7
S01008255,Flat maisonette or apartment or mobile/temporary accommodation,20,13,5,8,7,5,2
S01008256,All households,361,169,73,96,192,147,45
S01008256,Whole house or bungalow: Total,205,121,55,66,84,66,18
S01008256,Whole house or bungalow: Detached,24,20,11,9,4,3,1
S01008256,Whole house or bungalow: Semi-detached,90,50,20,30,40,29,11
S01008256,Whole house or bungalow: Terraced (including end-terrace),91,51,24,27,40,34,6
S01008256,Flat maisonette or apartment or mobile/temporary accommodation,156,48,18,30,108,81,27
S01008257,All households,357,197,119,78,160,110,50
S01008257,Whole house or bungalow: Total,159,116,63,53,43,33,10
S01008257,Whole house or bungalow: Detached,27,22,10,12,5,2,3
S01008257,Whole house or bungalow: Semi-detached,49,38,21,17,11,9,2
S01008257,Whole house or bungalow: Terraced (including end-terrace),83,56,32,24,27,22,5
S01008257,Flat maisonette or apartment or mobile/temporary accommodation,198,81,56,25,117,77,40
S01008258,All households,401,318,129,189,83,10,73
S01008258,Whole house or bungalow: Total,317,269,119,150,48,5,43
S01008258,Whole house or bungalow: Detached,81,74,43,31,7,0,7
S01008258,Whole house or bungalow: Semi-detached,163,145,64,81,18,4,14
S01008258,Whole house or bungalow: Terraced (including end-terrace),73,50,12,38,23,1,22
S01008258,Flat maisonette or apartment or mobile/temporary accommodation,84,49,10,39,35,5,30
S01008259,All households,376,219,102,117,157,70,87
S01008259,Whole house or bungalow: Total,259,175,80,95,84,53,31
S01008259,Whole house or bungalow: Detached,68,57,32,25,11,4,7
S01008259,Whole house or bungalow: Semi-detached,102,68,31,37,34,26,8
S01008259,Whole house or bungalow: Terraced (including end-terrace),89,50,17,33,39,23,16
S01008259,Flat maisonette or apartment or mobile/temporary accommodation,117,44,22,22,73,17,56
S01008260,All households,355,167,68,99,188,144,44
S01008260,Whole house or bungalow: Total,249,142,63,79,107,81,26
S01008260,Whole house or bungalow: Detached,35,21,9,12,14,8,6
S01008260,Whole house or bungalow: Semi-detached,90,52,19,33,38,29,9
S01008260,Whole house or bungalow: Terraced (including end-terrace),124,69,35,34,55,44,11
S01008260,Flat maisonette or apartment or mobile/temporary accommodation,106,25,5,20,81,63,18
S01008261,All households,368,195,74,121,173,152,21
S01008261,Whole house or bungalow: Total,362,192,74,118,170,149,21
S01008261,Whole house or bungalow: Detached,18,6,4,2,12,9,3
S01008261,Whole house or bungalow: Semi-detached,106,37,13,24,69,64,5
S01008261,Whole house or bungalow: Terraced (including end-terrace),238,149,57,92,89,76,13
S01008261,Flat maisonette or apartment or mobile/temporary accommodation,6,3,0,3,3,3,0
S01008262,All households,252,157,84,73,95,43,52
S01008262,Whole house or bungalow: Total,246,155,83,72,91,41,50
S01008262,Whole house or bungalow: Detached,104,80,47,33,24,0,24
S01008262,Whole house or bungalow: Semi-detached,102,53,24,29,49,35,14
S01008262,Whole house or bungalow: Terraced (including end-terrace),40,22,12,10,18,6,12
S01008262,Flat maisonette or apartment or mobile/temporary accommodation,6,2,1,1,4,2,2
S01008263,All households,284,189,96,93,95,36,59
S01008263,Whole house or bungalow: Total,183,127,60,67,56,26,30
S01008263,Whole house or bungalow: Detached,68,56,25,31,12,1,11
S01008263,Whole house or bungalow: Semi-detached,76,45,25,20,31,23,8
S01008263,Whole house or bungalow: Terraced (including end-terrace),39,26,10,16,13,2,11
S01008263,Flat maisonette or apartment or mobile/temporary accommodation,101,62,36,26,39,10,29
S01008264,All households,330,185,80,105,145,125,20
S01008264,Whole house or bungalow: Total,279,173,78,95,106,92,14
S01008264,Whole house or bungalow: Detached,47,44,23,21,3,2,1
S01008264,Whole house or bungalow: Semi-detached,143,81,32,49,62,56,6
S01008264,Whole house or bungalow: Terraced (including end-terrace),89,48,23,25,41,34,7
S01008264,Flat maisonette or apartment or mobile/temporary accommodation,51,12,2,10,39,33,6
S01008265,All households,332,295,192,103,37,7,30
S01008265,Whole house or bungalow: Total,283,266,175,91,17,5,12
S01008265,Whole house or bungalow: Detached,155,150,92,58,5,0,5
S01008265,Whole house or bungalow: Semi-detached,74,63,46,17,11,5,6
S01008265,Whole house or bungalow: Terraced (including end-terrace),54,53,37,16,1,0,1
S01008265,Flat maisonette or apartment or mobile/temporary accommodation,49,29,17,12,20,2,18
S01008266,All households,319,278,191,87,41,19,22
S01008266,Whole house or bungalow: Total,291,259,181,78,32,15,17
S01008266,Whole house or bungalow: Detached,171,165,127,38,6,1,5
S01008266,Whole house or bungalow: Semi-detached,88,67,40,27,21,13,8
S01008266,Whole house or bungalow: Terraced (including end-terrace),32,27,14,13,5,1,4
S01008266,Flat maisonette or apartment or mobile/temporary accommodation,28,19,10,9,9,4,5
S01008267,All households,350,215,110,105,135,69,66
S01008267,Whole house or bungalow: Total,332,212,108,104,120,64,56
S01008267,Whole house or bungalow: Detached,140,126,64,62,14,3,11
S01008267,Whole house or bungalow: Semi-detached,144,61,28,33,83,48,35
S01008267,Whole house or bungalow: Terraced (including end-terrace),48,25,16,9,23,13,10
S01008267,Flat maisonette or apartment or mobile/temporary accommodation,18,3,2,1,15,5,10
S01008268,All households,355,315,195,120,40,5,35
S01008268,Whole house or bungalow: Total,191,183,112,71,8,3,5
S01008268,Whole house or bungalow: Detached,129,126,82,44,3,1,2
S01008268,Whole house or bungalow: Semi-detached,45,42,20,22,3,1,2
S01008268,Whole house or bungalow: Terraced (including end-terrace),17,15,10,5,2,1,1
S01008268,Flat maisonette or apartment or mobile/temporary accommodation,164,132,83,49,32,2,30
S01008269,All households,400,332,216,116,68,48,20
S01008269,Whole house or bungalow: Total,273,257,169,88,16,8,8
S01008269,Whole house or bungalow: Detached,207,203,135,68,4,0,4
S01008269,Whole house or bungalow: Semi-detached,34,28,17,11,6,3,3
S01008269,Whole house or bungalow: Terraced (including end-terrace),32,26,17,9,6,5,1
S01008269,Flat maisonette or apartment or mobile/temporary accommodation,127,75,47,28,52,40,12
S01008270,All households,394,327,222,105,67,19,48
S01008270,Whole house or bungalow: Total,211,190,118,72,21,0,21
S01008270,Whole house or bungalow: Detached,122,114,67,47,8,0,8
S01008270,Whole house or bungalow: Semi-detached,51,47,26,21,4,0,4
S01008270,Whole house or bungalow: Terraced (including end-terrace),38,29,25,4,9,0,9
S01008270,Flat maisonette or apartment or mobile/temporary accommodation,183,137,104,33,46,19,27
S01008271,All households,386,203,111,92,183,68,115
S01008271,Whole house or bungalow: Total,102,70,38,32,32,6,26
S01008271,Whole house or bungalow: Detached,31,23,13,10,8,0,8
S01008271,Whole house or bungalow: Semi-detached,22,12,5,7,10,3,7
S01008271,Whole house or bungalow: Terraced (including end-terrace),49,35,20,15,14,3,11
S01008271,Flat maisonette or apartment or mobile/temporary accommodation,284,133,73,60,151,62,89
S01008272,All households,414,305,162,143,109,51,58
S01008272,Whole house or bungalow: Total,348,268,151,117,80,31,49
S01008272,Whole house or bungalow: Detached,200,180,107,73,20,1,19
S01008272,Whole house or bungalow: Semi-detached,80,45,22,23,35,16,19
S01008272,Whole house or bungalow: Terraced (including end-terrace),68,43,22,21,25,14,11
S01008272,Flat maisonette or apartment or mobile/temporary accommodation,66,37,11,26,29,20,9
S01008273,All households,346,291,171,120,55,27,28
S01008273,Whole house or bungalow: Total,287,244,144,100,43,20,23
S01008273,Whole house or bungalow: Detached,168,161,85,76,7,1,6
S01008273,Whole house or bungalow: Semi-detached,61,41,28,13,20,6,14
S01008273,Whole house or bungalow: Terraced (including end-terrace),58,42,31,11,16,13,3
S01008273,Flat maisonette or apartment or mobile/temporary accommodation,59,47,27,20,12,7,5
S01008274,All households,322,193,111,82,129,107,22
S01008274,Whole house or bungalow: Total,249,166,99,67,83,74,9
S01008274,Whole house or bungalow: Detached,24,23,13,10,1,1,0
S01008274,Whole house or bungalow: Semi-detached,107,53,30,23,54,49,5
S01008274,Whole house or bungalow: Terraced (including end-terrace),118,90,56,34,28,24,4
S01008274,Flat maisonette or apartment or mobile/temporary accommodation,73,27,12,15,46,33,13
S01008275,All households,258,188,109,79,70,51,19
S01008275,Whole house or bungalow: Total,137,107,62,45,30,24,6
S01008275,Whole house or bungalow: Detached,56,53,32,21,3,0,3
S01008275,Whole house or bungalow: Semi-detached,49,29,17,12,20,17,3
S01008275,Whole house or bungalow: Terraced (including end-terrace),32,25,13,12,7,7,0
S01008275,Flat maisonette or apartment or mobile/temporary accommodation,121,81,47,34,40,27,13
S01008276,All households,199,169,73,96,30,17,13
S01008276,Whole house or bungalow: Total,174,153,66,87,21,9,12
S01008276,Whole house or bungalow: Detached,131,123,54,69,8,1,7
S01008276,Whole house or bungalow: Semi-detached,21,15,4,11,6,3,3
S01008276,Whole house or bungalow: Terraced (including end-terrace),22,15,8,7,7,5,2
S01008276,Flat maisonette or apartment or mobile/temporary accommodation,25,16,7,9,9,8,1
S01008277,All households,213,138,77,61,75,7,68
S01008277,Whole house or bungalow: Total,208,136,75,61,72,6,66
S01008277,Whole house or bungalow: Detached,97,67,38,29,30,1,29
S01008277,Whole house or bungalow: Semi-detached,52,32,18,14,20,3,17
S01008277,Whole house or bungalow: Terraced (including end-terrace),59,37,19,18,22,2,20
S01008277,Flat maisonette or apartment or mobile/temporary accommodation,5,2,2,0,3,1,2
S01008278,All households,334,265,149,116,69,6,63
S01008278,Whole house or bungalow: Total,315,254,142,112,61,3,58
S01008278,Whole house or bungalow: Detached,192,167,107,60,25,0,25
S01008278,Whole house or bungalow: Semi-detached,60,34,12,22,26,3,23
S01008278,Whole house or bungalow: Terraced (including end-terrace),63,53,23,30,10,0,10
S01008278,Flat maisonette or apartment or mobile/temporary accommodation,19,11,7,4,8,3,5
S01008279,All households,331,228,119,109,103,88,15
S01008279,Whole house or bungalow: Total,268,202,106,96,66,54,12
S01008279,Whole house or bungalow: Detached,75,72,47,25,3,2,1
S01008279,Whole house or bungalow: Semi-detached,120,85,41,44,35,28,7
S01008279,Whole house or bungalow: Terraced (including end-terrace),73,45,18,27,28,24,4
S01008279,Flat maisonette or apartment or mobile/temporary accommodation,63,26,13,13,37,34,3
S01008280,All households,425,260,125,135,165,85,80
S01008280,Whole house or bungalow: Total,343,209,110,99,134,71,63
S01008280,Whole house or bungalow: Detached,148,123,73,50,25,0,25
S01008280,Whole house or bungalow: Semi-detached,101,49,20,29,52,31,21
S01008280,Whole house or bungalow: Terraced (including end-terrace),94,37,17,20,57,40,17
S01008280,Flat maisonette or apartment or mobile/temporary accommodation,82,51,15,36,31,14,17
S01008281,All households,316,180,91,89,136,35,101
S01008281,Whole house or bungalow: Total,299,174,87,87,125,30,95
S01008281,Whole house or bungalow: Detached,132,98,59,39,34,0,34
S01008281,Whole house or bungalow: Semi-detached,98,43,13,30,55,17,38
S01008281,Whole house or bungalow: Terraced (including end-terrace),69,33,15,18,36,13,23
S01008281,Flat maisonette or apartment or mobile/temporary accommodation,17,6,4,2,11,5,6
S01008282,All households,299,224,115,109,75,35,40
S01008282,Whole house or bungalow: Total,282,213,108,105,69,33,36
S01008282,Whole house or bungalow: Detached,128,105,63,42,23,1,22
S01008282,Whole house or bungalow: Semi-detached,96,63,29,34,33,25,8
S01008282,Whole house or bungalow: Terraced (including end-terrace),58,45,16,29,13,7,6
S01008282,Flat maisonette or apartment or mobile/temporary accommodation,17,11,7,4,6,2,4
S01008283,All households,184,151,60,91,33,11,22
S01008283,Whole house or bungalow: Total,176,146,58,88,30,9,21
S01008283,Whole house or bungalow: Detached,109,96,31,65,13,0,13
S01008283,Whole house or bungalow: Semi-detached,36,22,12,10,14,9,5
S01008283,Whole house or bungalow: Terraced (including end-terrace),31,28,15,13,3,0,3
S01008283,Flat maisonette or apartment or mobile/temporary accommodation,8,5,2,3,3,2,1
S01008284,All households,348,239,84,155,109,75,34
S01008284,Whole house or bungalow: Total,340,236,82,154,104,72,32
S01008284,Whole house or bungalow: Detached,135,123,33,90,12,2,10
S01008284,Whole house or bungalow: Semi-detached,171,92,37,55,79,66,13
S01008284,Whole house or bungalow: Terraced (including end-terrace),34,21,12,9,13,4,9
S01008284,Flat maisonette or apartment or mobile/temporary accommodation,8,3,2,1,5,3,2
S01008285,All households,355,159,80,79,196,164,32
S01008285,Whole house or bungalow: Total,190,112,62,50,78,59,19
S01008285,Whole house or bungalow: Detached,38,31,21,10,7,3,4
S01008285,Whole house or bungalow: Semi-detached,133,73,39,34,60,49,11
S01008285,Whole house or bungalow: Terraced (including end-terrace),19,8,2,6,11,7,4
S01008285,Flat maisonette or apartment or mobile/temporary accommodation,165,47,18,29,118,105,13
S01008286,All households,303,169,69,100,134,115,19
S01008286,Whole house or bungalow: Total,253,157,67,90,96,81,15
S01008286,Whole house or bungalow: Detached,50,42,17,25,8,1,7
S01008286,Whole house or bungalow: Semi-detached,117,76,34,42,41,36,5
S01008286,Whole house or bungalow: Terraced (including end-terrace),86,39,16,23,47,44,3
S01008286,Flat maisonette or apartment or mobile/temporary accommodation,50,12,2,10,38,34,4
S01008287,All households,311,189,82,107,122,98,24
S01008287,Whole house or bungalow: Total,237,174,76,98,63,44,19
S01008287,Whole house or bungalow: Detached,88,73,34,39,15,0,15
S01008287,Whole house or bungalow: Semi-detached,67,55,23,32,12,12,0
S01008287,Whole house or bungalow: Terraced (including end-terrace),82,46,19,27,36,32,4
S01008287,Flat maisonette or apartment or mobile/temporary accommodation,74,15,6,9,59,54,5
S01008288,All households,413,274,150,124,139,90,49
S01008288,Whole house or bungalow: Total,222,184,104,80,38,26,12
S01008288,Whole house or bungalow: Detached,64,58,39,19,6,3,3
S01008288,Whole house or bungalow: Semi-detached,124,98,49,49,26,18,8
S01008288,Whole house or bungalow: Terraced (including end-terrace),34,28,16,12,6,5,1
S01008288,Flat maisonette or apartment or mobile/temporary accommodation,191,90,46,44,101,64,37
S01008289,All households,319,169,80,89,150,88,62
S01008289,Whole house or bungalow: Total,133,77,44,33,56,43,13
S01008289,Whole house or bungalow: Detached,9,6,4,2,3,1,2
S01008289,Whole house or bungalow: Semi-detached,43,22,13,9,21,13,8
S01008289,Whole house or bungalow: Terraced (including end-terrace),81,49,27,22,32,29,3
S01008289,Flat maisonette or apartment or mobile/temporary accommodation,186,92,36,56,94,45,49
S01008290,All households,397,249,115,134,148,79,69
S01008290,Whole house or bungalow: Total,192,158,64,94,34,16,18
S01008290,Whole house or bungalow: Detached,51,47,20,27,4,1,3
S01008290,Whole house or bungalow: Semi-detached,53,37,14,23,16,7,9
S01008290,Whole house or bungalow: Terraced (including end-terrace),88,74,30,44,14,8,6
S01008290,Flat maisonette or apartment or mobile/temporary accommodation,205,91,51,40,114,63,51
S01008291,All households,369,315,210,105,54,14,40
S01008291,Whole house or bungalow: Total,261,235,156,79,26,9,17
S01008291,Whole house or bungalow: Detached,178,167,116,51,11,1,10
S01008291,Whole house or bungalow: Semi-detached,76,65,39,26,11,6,5
S01008291,Whole house or bungalow: Terraced (including end-terrace),7,3,1,2,4,2,2
S01008291,Flat maisonette or apartment or mobile/temporary accommodation,108,80,54,26,28,5,23
S01008292,All households,310,165,54,111,145,131,14
S01008292,Whole house or bungalow: Total,249,159,54,105,90,79,11
S01008292,Whole house or bungalow: Detached,63,59,15,44,4,2,2
S01008292,Whole house or bungalow: Semi-detached,169,95,37,58,74,66,8
S01008292,Whole house or bungalow: Terraced (including end-terrace),17,5,2,3,12,11,1
S01008292,Flat maisonette or apartment or mobile/temporary accommodation,61,6,0,6,55,52,3
S01008293,All households,199,186,55,131,13,3,10
S01008293,Whole house or bungalow: Total,197,186,55,131,11,2,9
S01008293,Whole house or bungalow: Detached,175,166,52,114,9,0,9
S01008293,Whole house or bungalow: Semi-detached,21,19,3,16,2,2,0
S01008293,Whole house or bungalow: Terraced (including end-terrace),1,1,0,1,0,0,0
S01008293,Flat maisonette or apartment or mobile/temporary accommodation,2,0,0,0,2,1,1
S01008294,All households,326,262,78,184,64,40,24
S01008294,Whole house or bungalow: Total,318,258,74,184,60,37,23
S01008294,Whole house or bungalow: Detached,193,182,42,140,11,2,9
S01008294,Whole house or bungalow: Semi-detached,113,72,31,41,41,30,11
S01008294,Whole house or bungalow: Terraced (including end-terrace),12,4,1,3,8,5,3
S01008294,Flat maisonette or apartment or mobile/temporary accommodation,8,4,4,0,4,3,1
S01008295,All households,380,335,130,205,45,20,25
S01008295,Whole house or bungalow: Total,347,317,125,192,30,15,15
S01008295,Whole house or bungalow: Detached,70,66,33,33,4,0,4
S01008295,Whole house or bungalow: Semi-detached,174,162,50,112,12,6,6
S01008295,Whole house or bungalow: Terraced (including end-terrace),103,89,42,47,14,9,5
S01008295,Flat maisonette or apartment or mobile/temporary accommodation,33,18,5,13,15,5,10
S01008296,All households,320,186,78,108,134,117,17
S01008296,Whole house or bungalow: Total,251,175,73,102,76,64,12
S01008296,Whole house or bungalow: Detached,44,41,16,25,3,0,3
S01008296,Whole house or bungalow: Semi-detached,102,73,35,38,29,25,4
S01008296,Whole house or bungalow: Terraced (including end-terrace),105,61,22,39,44,39,5
S01008296,Flat maisonette or apartment or mobile/temporary accommodation,69,11,5,6,58,53,5
S01008297,All households,295,244,88,156,51,39,12
S01008297,Whole house or bungalow: Total,258,236,86,150,22,16,6
S01008297,Whole house or bungalow: Detached,151,149,63,86,2,0,2
S01008297,Whole house or bungalow: Semi-detached,63,53,12,41,10,8,2
S01008297,Whole house or bungalow: Terraced (including end-terrace),44,34,11,23,10,8,2
S01008297,Flat maisonette or apartment or mobile/temporary accommodation,37,8,2,6,29,23,6
S01008298,All households,303,270,111,159,33,6,27
S01008298,Whole house or bungalow: Total,251,230,90,140,21,4,17
S01008298,Whole house or bungalow: Detached,63,62,29,33,1,0,1
S01008298,Whole house or bungalow: Semi-detached,63,54,16,38,9,3,6
S01008298,Whole house or bungalow: Terraced (including end-terrace),125,114,45,69,11,1,10
S01008298,Flat maisonette or apartment or mobile/temporary accommodation,52,40,21,19,12,2,10
S01008299,All households,370,157,79,78,213,182,31
S01008299,Whole house or bungalow: Total,164,108,49,59,56,54,2
S01008299,Whole house or bungalow: Detached,39,38,24,14,1,0,1
S01008299,Whole house or bungalow: Semi-detached,87,50,17,33,37,37,0
S01008299,Whole house or bungalow: Terraced (including end-terrace),38,20,8,12,18,17,1
S01008299,Flat maisonette or apartment or mobile/temporary accommodation,206,49,30,19,157,128,29
S01008300,All households,377,226,109,117,151,127,24
S01008300,Whole house or bungalow: Total,224,182,87,95,42,34,8
S01008300,Whole house or bungalow: Detached,55,52,31,21,3,2,1
S01008300,Whole house or bungalow: Semi-detached,132,103,45,58,29,23,6
S01008300,Whole house or bungalow: Terraced (including end-terrace),37,27,11,16,10,9,1
S01008300,Flat maisonette or apartment or mobile/temporary accommodation,153,44,22,22,109,93,16
S01008301,All households,316,301,115,186,15,3,12
S01008301,Whole house or bungalow: Total,294,281,108,173,13,3,10
S01008301,Whole house or bungalow: Detached,91,88,40,48,3,0,3
S01008301,Whole house or bungalow: Semi-detached,144,137,47,90,7,2,5
S01008301,Whole house or bungalow: Terraced (including end-terrace),59,56,21,35,3,1,2
S01008301,Flat maisonette or apartment or mobile/temporary accommodation,22,20,7,13,2,0,2
S01008302,All households,300,265,150,115,35,14,21
S01008302,Whole house or bungalow: Total,296,264,150,114,32,13,19
S01008302,Whole house or bungalow: Detached,172,162,102,60,10,0,10
S01008302,Whole house or bungalow: Semi-detached,90,80,39,41,10,5,5
S01008302,Whole house or bungalow: Terraced (including end-terrace),34,22,9,13,12,8,4
S01008302,Flat maisonette or apartment or mobile/temporary accommodation,4,1,0,1,3,1,2
S01008303,All households,272,183,68,115,89,50,39
S01008303,Whole house or bungalow: Total,119,105,44,61,14,7,7
S01008303,Whole house or bungalow: Detached,62,58,23,35,4,1,3
S01008303,Whole house or bungalow: Semi-detached,29,25,13,12,4,1,3
S01008303,Whole house or bungalow: Terraced (including end-terrace),28,22,8,14,6,5,1
S01008303,Flat maisonette or apartment or mobile/temporary accommodation,153,78,24,54,75,43,32
S01008304,All households,212,157,85,72,55,37,18
S01008304,Whole house or bungalow: Total,124,115,60,55,9,2,7
S01008304,Whole house or bungalow: Detached,74,71,44,27,3,0,3
S01008304,Whole house or bungalow: Semi-detached,46,43,16,27,3,1,2
S01008304,Whole house or bungalow: Terraced (including end-terrace),4,1,0,1,3,1,2
S01008304,Flat maisonette or apartment or mobile/temporary accommodation,88,42,25,17,46,35,11
S01008305,All households,315,299,160,139,16,3,13
S01008305,Whole house or bungalow: Total,298,284,152,132,14,1,13
S01008305,Whole house or bungalow: Detached,70,70,39,31,0,0,0
S01008305,Whole house or bungalow: Semi-detached,193,186,101,85,7,1,6
S01008305,Whole house or bungalow: Terraced (including end-terrace),35,28,12,16,7,0,7
S01008305,Flat maisonette or apartment or mobile/temporary accommodation,17,15,8,7,2,2,0
S01008306,All households,239,227,96,131,12,5,7
S01008306,Whole house or bungalow: Total,223,216,90,126,7,3,4
S01008306,Whole house or bungalow: Detached,17,17,5,12,0,0,0
S01008306,Whole house or bungalow: Semi-detached,191,187,81,106,4,0,4
S01008306,Whole house or bungalow: Terraced (including end-terrace),15,12,4,8,3,3,0
S01008306,Flat maisonette or apartment or mobile/temporary accommodation,16,11,6,5,5,2,3
S01008307,All households,216,195,64,131,21,13,8
S01008307,Whole house or bungalow: Total,187,177,54,123,10,5,5
S01008307,Whole house or bungalow: Detached,73,72,25,47,1,0,1
S01008307,Whole house or bungalow: Semi-detached,71,66,20,46,5,5,0
S01008307,Whole house or bungalow: Terraced (including end-terrace),43,39,9,30,4,0,4
S01008307,Flat maisonette or apartment or mobile/temporary accommodation,29,18,10,8,11,8,3
S01008308,All households,238,227,130,97,11,3,8
S01008308,Whole house or bungalow: Total,233,224,130,94,9,1,8
S01008308,Whole house or bungalow: Detached,142,139,92,47,3,0,3
S01008308,Whole house or bungalow: Semi-detached,88,83,37,46,5,1,4
S01008308,Whole house or bungalow: Terraced (including end-terrace),3,2,1,1,1,0,1
S01008308,Flat maisonette or apartment or mobile/temporary accommodation,5,3,0,3,2,2,0
S01008309,All households,372,162,70,92,210,161,49
S01008309,Whole house or bungalow: Total,119,81,46,35,38,31,7
S01008309,Whole house or bungalow: Detached,37,35,22,13,2,1,1
S01008309,Whole house or bungalow: Semi-detached,46,39,21,18,7,5,2
S01008309,Whole house or bungalow: Terraced (including end-terrace),36,7,3,4,29,25,4
S01008309,Flat maisonette or apartment or mobile/temporary accommodation,253,81,24,57,172,130,42
S01008310,All households,467,301,132,169,166,124,42
S01008310,Whole house or bungalow: Total,262,220,98,122,42,23,19
S01008310,Whole house or bungalow: Detached,54,50,21,29,4,2,2
S01008310,Whole house or bungalow: Semi-detached,157,137,61,76,20,9,11
S01008310,Whole house or bungalow: Terraced (including end-terrace),51,33,16,17,18,12,6
S01008310,Flat maisonette or apartment or mobile/temporary accommodation,205,81,34,47,124,101,23
S01008311,All households,172,108,28,80,64,54,10
S01008311,Whole house or bungalow: Total,111,92,23,69,19,18,1
S01008311,Whole house or bungalow: Detached,16,16,5,11,0,0,0
S01008311,Whole house or bungalow: Semi-detached,57,51,13,38,6,5,1
S01008311,Whole house or bungalow: Terraced (including end-terrace),38,25,5,20,13,13,0
S01008311,Flat maisonette or apartment or mobile/temporary accommodation,61,16,5,11,45,36,9
S01008312,All households,171,118,33,85,53,41,12
S01008312,Whole house or bungalow: Total,98,88,20,68,10,5,5
S01008312,Whole house or bungalow: Detached,36,30,4,26,6,1,5
S01008312,Whole house or bungalow: Semi-detached,51,48,16,32,3,3,0
S01008312,Whole house or bungalow: Terraced (including end-terrace),11,10,0,10,1,1,0
S01008312,Flat maisonette or apartment or mobile/temporary accommodation,73,30,13,17,43,36,7
S01008313,All households,403,209,90,119,194,166,28
S01008313,Whole house or bungalow: Total,191,129,60,69,62,52,10
S01008313,Whole house or bungalow: Detached,37,31,14,17,6,2,4
S01008313,Whole house or bungalow: Semi-detached,62,35,15,20,27,24,3
S01008313,Whole house or bungalow: Terraced (including end-terrace),92,63,31,32,29,26,3
S01008313,Flat maisonette or apartment or mobile/temporary accommodation,212,80,30,50,132,114,18
S01008314,All households,311,90,27,63,221,192,29
S01008314,Whole house or bungalow: Total,68,33,6,27,35,34,1
S01008314,Whole house or bungalow: Detached,9,8,3,5,1,0,1
S01008314,Whole house or bungalow: Semi-detached,19,8,1,7,11,11,0
S01008314,Whole house or bungalow: Terraced (including end-terrace),40,17,2,15,23,23,0
S01008314,Flat maisonette or apartment or mobile/temporary accommodation,243,57,21,36,186,158,28
S01008315,All households,450,137,51,86,313,246,67
S01008315,Whole house or bungalow: Total,67,43,20,23,24,17,7
S01008315,Whole house or bungalow: Detached,16,14,8,6,2,1,1
S01008315,Whole house or bungalow: Semi-detached,18,11,6,5,7,5,2
S01008315,Whole house or bungalow: Terraced (including end-terrace),33,18,6,12,15,11,4
S01008315,Flat maisonette or apartment or mobile/temporary accommodation,383,94,31,63,289,229,60
S01008316,All households,265,62,13,49,203,187,16
S01008316,Whole house or bungalow: Total,166,58,13,45,108,96,12
S01008316,Whole house or bungalow: Detached,16,8,3,5,8,8,0
S01008316,Whole house or bungalow: Semi-detached,105,32,5,27,73,68,5
S01008316,Whole house or bungalow: Terraced (including end-terrace),45,18,5,13,27,20,7
S01008316,Flat maisonette or apartment or mobile/temporary accommodation,99,4,0,4,95,91,4
S01008317,All households,316,180,44,136,136,109,27
S01008317,Whole house or bungalow: Total,182,140,32,108,42,32,10
S01008317,Whole house or bungalow: Detached,34,31,11,20,3,1,2
S01008317,Whole house or bungalow: Semi-detached,131,104,21,83,27,20,7
S01008317,Whole house or bungalow: Terraced (including end-terrace),17,5,0,5,12,11,1
S01008317,Flat maisonette or apartment or mobile/temporary accommodation,134,40,12,28,94,77,17
S01008318,All households,368,325,129,196,43,17,26
S01008318,Whole house or bungalow: Total,335,307,126,181,28,8,20
S01008318,Whole house or bungalow: Detached,149,143,71,72,6,2,4
S01008318,Whole house or bungalow: Semi-detached,132,121,47,74,11,4,7
S01008318,Whole house or bungalow: Terraced (including end-terrace),54,43,8,35,11,2,9
S01008318,Flat maisonette or apartment or mobile/temporary accommodation,33,18,3,15,15,9,6
S01008319,All households,373,252,123,129,121,96,25
S01008319,Whole house or bungalow: Total,159,133,62,71,26,20,6
S01008319,Whole house or bungalow: Detached,42,41,22,19,1,0,1
S01008319,Whole house or bungalow: Semi-detached,94,77,31,46,17,13,4
S01008319,Whole house or bungalow: Terraced (including end-terrace),23,15,9,6,8,7,1
S01008319,Flat maisonette or apartment or mobile/temporary accommodation,214,119,61,58,95,76,19
S01008320,All households,308,239,153,86,69,58,11
S01008320,Whole house or bungalow: Total,243,226,149,77,17,10,7
S01008320,Whole house or bungalow: Detached,87,84,60,24,3,0,3
S01008320,Whole house or bungalow: Semi-detached,138,130,81,49,8,5,3
S01008320,Whole house or bungalow: Terraced (including end-terrace),18,12,8,4,6,5,1
S01008320,Flat maisonette or apartment or mobile/temporary accommodation,65,13,4,9,52,48,4
S01008321,All households,195,187,66,121,8,4,4
S01008321,Whole house or bungalow: Total,193,185,65,120,8,4,4
S01008321,Whole house or bungalow: Detached,87,86,34,52,1,0,1
S01008321,Whole house or bungalow: Semi-detached,97,91,27,64,6,3,3
S01008321,Whole house or bungalow: Terraced (including end-terrace),9,8,4,4,1,1,0
S01008321,Flat maisonette or apartment or mobile/temporary accommodation,2,2,1,1,0,0,0
S01008322,All households,501,311,133,178,190,143,47
S01008322,Whole house or bungalow: Total,267,228,106,122,39,30,9
S01008322,Whole house or bungalow: Detached,51,47,31,16,4,3,1
S01008322,Whole house or bungalow: Semi-detached,131,119,53,66,12,10,2
S01008322,Whole house or bungalow: Terraced (including end-terrace),85,62,22,40,23,17,6
S01008322,Flat maisonette or apartment or mobile/temporary accommodation,234,83,27,56,151,113,38
S01008323,All households,324,153,43,110,171,141,30
S01008323,Whole house or bungalow: Total,198,123,35,88,75,60,15
S01008323,Whole house or bungalow: Detached,13,10,3,7,3,2,1
S01008323,Whole house or bungalow: Semi-detached,92,59,17,42,33,26,7
S01008323,Whole house or bungalow: Terraced (including end-terrace),93,54,15,39,39,32,7
S01008323,Flat maisonette or apartment or mobile/temporary accommodation,126,30,8,22,96,81,15
S01008324,All households,254,163,57,106,91,65,26
S01008324,Whole house or bungalow: Total,207,148,54,94,59,41,18
S01008324,Whole house or bungalow: Detached,18,17,6,11,1,0,1
S01008324,Whole house or bungalow: Semi-detached,144,100,36,64,44,30,14
S01008324,Whole house or bungalow: Terraced (including end-terrace),45,31,12,19,14,11,3
S01008324,Flat maisonette or apartment or mobile/temporary accommodation,47,15,3,12,32,24,8
S01008325,All households,291,164,48,116,127,106,21
S01008325,Whole house or bungalow: Total,242,161,47,114,81,66,15
S01008325,Whole house or bungalow: Detached,14,7,1,6,7,5,2
S01008325,Whole house or bungalow: Semi-detached,143,110,28,82,33,26,7
S01008325,Whole house or bungalow: Terraced (including end-terrace),85,44,18,26,41,35,6
S01008325,Flat maisonette or apartment or mobile/temporary accommodation,49,3,1,2,46,40,6
S01008326,All households,455,223,73,150,232,192,40
S01008326,Whole house or bungalow: Total,281,174,64,110,107,90,17
S01008326,Whole house or bungalow: Detached,16,9,5,4,7,6,1
S01008326,Whole house or bungalow: Semi-detached,136,88,31,57,48,36,12
S01008326,Whole house or bungalow: Terraced (including end-terrace),129,77,28,49,52,48,4
S01008326,Flat maisonette or apartment or mobile/temporary accommodation,174,49,9,40,125,102,23
S01008327,All households,386,262,110,152,124,101,23
S01008327,Whole house or bungalow: Total,342,239,102,137,103,86,17
S01008327,Whole house or bungalow: Detached,23,16,8,8,7,7,0
S01008327,Whole house or bungalow: Semi-detached,201,139,59,80,62,47,15
S01008327,Whole house or bungalow: Terraced (including end-terrace),118,84,35,49,34,32,2
S01008327,Flat maisonette or apartment or mobile/temporary accommodation,44,23,8,15,21,15,6
S01008328,All households,242,223,60,163,19,2,17
S01008328,Whole house or bungalow: Total,230,214,58,156,16,2,14
S01008328,Whole house or bungalow: Detached,93,86,22,64,7,1,6
S01008328,Whole house or bungalow: Semi-detached,119,112,31,81,7,1,6
S01008328,Whole house or bungalow: Terraced (including end-terrace),18,16,5,11,2,0,2
S01008328,Flat maisonette or apartment or mobile/temporary accommodation,12,9,2,7,3,0,3
S01008329,All households,291,275,103,172,16,3,13
S01008329,Whole house or bungalow: Total,284,271,100,171,13,1,12
S01008329,Whole house or bungalow: Detached,178,169,73,96,9,0,9
S01008329,Whole house or bungalow: Semi-detached,102,99,27,72,3,0,3
S01008329,Whole house or bungalow: Terraced (including end-terrace),4,3,0,3,1,1,0
S01008329,Flat maisonette or apartment or mobile/temporary accommodation,7,4,3,1,3,2,1
S01008330,All households,290,274,114,160,16,3,13
S01008330,Whole house or bungalow: Total,285,271,111,160,14,2,12
S01008330,Whole house or bungalow: Detached,132,127,56,71,5,0,5
S01008330,Whole house or bungalow: Semi-detached,147,139,53,86,8,1,7
S01008330,Whole house or bungalow: Terraced (including end-terrace),6,5,2,3,1,1,0
S01008330,Flat maisonette or apartment or mobile/temporary accommodation,5,3,3,0,2,1,1
S01008331,All households,246,210,65,145,36,3,33
S01008331,Whole house or bungalow: Total,199,175,52,123,24,0,24
S01008331,Whole house or bungalow: Detached,69,66,14,52,3,0,3
S01008331,Whole house or bungalow: Semi-detached,52,45,12,33,7,0,7
S01008331,Whole house or bungalow: Terraced (including end-terrace),78,64,26,38,14,0,14
S01008331,Flat maisonette or apartment or mobile/temporary accommodation,47,35,13,22,12,3,9
S01008332,All households,378,331,188,143,47,6,41
S01008332,Whole house or bungalow: Total,275,258,150,108,17,2,15
S01008332,Whole house or bungalow: Detached,211,206,120,86,5,0,5
S01008332,Whole house or bungalow: Semi-detached,25,19,9,10,6,1,5
S01008332,Whole house or bungalow: Terraced (including end-terrace),39,33,21,12,6,1,5
S01008332,Flat maisonette or apartment or mobile/temporary accommodation,103,73,38,35,30,4,26
S01008333,All households,454,349,202,147,105,34,71
S01008333,Whole house or bungalow: Total,313,256,137,119,57,19,38
S01008333,Whole house or bungalow: Detached,187,177,96,81,10,2,8
S01008333,Whole house or bungalow: Semi-detached,95,75,40,35,20,4,16
S01008333,Whole house or bungalow: Terraced (including end-terrace),31,4,1,3,27,13,14
S01008333,Flat maisonette or apartment or mobile/temporary accommodation,141,93,65,28,48,15,33
S01008334,All households,321,296,156,140,25,3,22
S01008334,Whole house or bungalow: Total,186,182,82,100,4,2,2
S01008334,Whole house or bungalow: Detached,78,78,30,48,0,0,0
S01008334,Whole house or bungalow: Semi-detached,95,93,49,44,2,0,2
S01008334,Whole house or bungalow: Terraced (including end-terrace),13,11,3,8,2,2,0
S01008334,Flat maisonette or apartment or mobile/temporary accommodation,135,114,74,40,21,1,20
S01008335,All households,330,230,100,130,100,80,20
S01008335,Whole house or bungalow: Total,215,185,78,107,30,20,10
S01008335,Whole house or bungalow: Detached,95,93,45,48,2,0,2
S01008335,Whole house or bungalow: Semi-detached,84,70,26,44,14,8,6
S01008335,Whole house or bungalow: Terraced (including end-terrace),36,22,7,15,14,12,2
S01008335,Flat maisonette or apartment or mobile/temporary accommodation,115,45,22,23,70,60,10
S01008336,All households,268,180,62,118,88,75,13
S01008336,Whole house or bungalow: Total,183,159,58,101,24,17,7
S01008336,Whole house or bungalow: Detached,68,66,22,44,2,0,2
S01008336,Whole house or bungalow: Semi-detached,43,36,12,24,7,5,2
S01008336,Whole house or bungalow: Terraced (including end-terrace),72,57,24,33,15,12,3
S01008336,Flat maisonette or apartment or mobile/temporary accommodation,85,21,4,17,64,58,6
S01008337,All households,365,286,77,209,79,61,18
S01008337,Whole house or bungalow: Total,297,246,61,185,51,39,12
S01008337,Whole house or bungalow: Detached,132,130,30,100,2,0,2
S01008337,Whole house or bungalow: Semi-detached,44,35,8,27,9,5,4
S01008337,Whole house or bungalow: Terraced (including end-terrace),121,81,23,58,40,34,6
S01008337,Flat maisonette or apartment or mobile/temporary accommodation,68,40,16,24,28,22,6
S01008338,All households,262,249,42,207,13,2,11
S01008338,Whole house or bungalow: Total,254,244,39,205,10,1,9
S01008338,Whole house or bungalow: Detached,173,168,23,145,5,0,5
S01008338,Whole house or bungalow: Semi-detached,77,72,15,57,5,1,4
S01008338,Whole house or bungalow: Terraced (including end-terrace),4,4,1,3,0,0,0
S01008338,Flat maisonette or apartment or mobile/temporary accommodation,8,5,3,2,3,1,2
S01008339,All households,227,211,70,141,16,2,14
S01008339,Whole house or bungalow: Total,221,208,68,140,13,2,11
S01008339,Whole house or bungalow: Detached,98,98,44,54,0,0,0
S01008339,Whole house or bungalow: Semi-detached,91,84,17,67,7,0,7
S01008339,Whole house or bungalow: Terraced (including end-terrace),32,26,7,19,6,2,4
S01008339,Flat maisonette or apartment or mobile/temporary accommodation,6,3,2,1,3,0,3
S01008340,All households,313,285,95,190,28,2,26
S01008340,Whole house or bungalow: Total,283,268,90,178,15,0,15
S01008340,Whole house or bungalow: Detached,143,137,50,87,6,0,6
S01008340,Whole house or bungalow: Semi-detached,85,81,25,56,4,0,4
S01008340,Whole house or bungalow: Terraced (including end-terrace),55,50,15,35,5,0,5
S01008340,Flat maisonette or apartment or mobile/temporary accommodation,30,17,5,12,13,2,11
S01008341,All households,204,200,62,138,4,1,3
S01008341,Whole house or bungalow: Total,203,200,62,138,3,0,3
S01008341,Whole house or bungalow: Detached,193,190,59,131,3,0,3
S01008341,Whole house or bungalow: Semi-detached,6,6,2,4,0,0,0
S01008341,Whole house or bungalow: Terraced (including end-terrace),4,4,1,3,0,0,0
S01008341,Flat maisonette or apartment or mobile/temporary accommodation,1,0,0,0,1,1,0
S01008342,All households,327,238,104,134,89,81,8
S01008342,Whole house or bungalow: Total,263,231,100,131,32,25,7
S01008342,Whole house or bungalow: Detached,79,78,43,35,1,0,1
S01008342,Whole house or bungalow: Semi-detached,140,132,53,79,8,4,4
S01008342,Whole house or bungalow: Terraced (including end-terrace),44,21,4,17,23,21,2
S01008342,Flat maisonette or apartment or mobile/temporary accommodation,64,7,4,3,57,56,1
S01008343,All households,328,323,183,140,5,0,5
S01008343,Whole house or bungalow: Total,310,305,168,137,5,0,5
S01008343,Whole house or bungalow: Detached,238,235,142,93,3,0,3
S01008343,Whole house or bungalow: Semi-detached,70,68,25,43,2,0,2
S01008343,Whole house or bungalow: Terraced (including end-terrace),2,2,1,1,0,0,0
S01008343,Flat maisonette or apartment or mobile/temporary accommodation,18,18,15,3,0,0,0
S01008344,All households,355,331,188,143,24,5,19
S01008344,Whole house or bungalow: Total,239,229,126,103,10,1,9
S01008344,Whole house or bungalow: Detached,195,186,103,83,9,0,9
S01008344,Whole house or bungalow: Semi-detached,38,38,21,17,0,0,0
S01008344,Whole house or bungalow: Terraced (including end-terrace),6,5,2,3,1,1,0
S01008344,Flat maisonette or apartment or mobile/temporary accommodation,116,102,62,40,14,4,10
S01008345,All households,350,332,210,122,18,1,17
S01008345,Whole house or bungalow: Total,315,310,190,120,5,0,5
S01008345,Whole house or bungalow: Detached,277,275,174,101,2,0,2
S01008345,Whole house or bungalow: Semi-detached,27,25,10,15,2,0,2
S01008345,Whole house or bungalow: Terraced (including end-terrace),11,10,6,4,1,0,1
S01008345,Flat maisonette or apartment or mobile/temporary accommodation,35,22,20,2,13,1,12
S01008346,All households,359,346,168,178,13,1,12
S01008346,Whole house or bungalow: Total,349,340,163,177,9,0,9
S01008346,Whole house or bungalow: Detached,278,271,131,140,7,0,7
S01008346,Whole house or bungalow: Semi-detached,69,67,30,37,2,0,2
S01008346,Whole house or bungalow: Terraced (including end-terrace),2,2,2,0,0,0,0
S01008346,Flat maisonette or apartment or mobile/temporary accommodation,10,6,5,1,4,1,3
S01008347,All households,489,431,267,164,58,6,52
S01008347,Whole house or bungalow: Total,246,241,134,107,5,0,5
S01008347,Whole house or bungalow: Detached,173,171,98,73,2,0,2
S01008347,Whole house or bungalow: Semi-detached,61,60,29,31,1,0,1
S01008347,Whole house or bungalow: Terraced (including end-terrace),12,10,7,3,2,0,2
S01008347,Flat maisonette or apartment or mobile/temporary accommodation,243,190,133,57,53,6,47
S01008348,All households,326,301,179,122,25,3,22
S01008348,Whole house or bungalow: Total,204,200,107,93,4,0,4
S01008348,Whole house or bungalow: Detached,149,148,90,58,1,0,1
S01008348,Whole house or bungalow: Semi-detached,51,49,16,33,2,0,2
S01008348,Whole house or bungalow: Terraced (including end-terrace),4,3,1,2,1,0,1
S01008348,Flat maisonette or apartment or mobile/temporary accommodation,122,101,72,29,21,3,18
S01008349,All households,313,300,144,156,13,1,12
S01008349,Whole house or bungalow: Total,220,214,72,142,6,0,6
S01008349,Whole house or bungalow: Detached,199,195,65,130,4,0,4
S01008349,Whole house or bungalow: Semi-detached,13,11,4,7,2,0,2
S01008349,Whole house or bungalow: Terraced (including end-terrace),8,8,3,5,0,0,0
S01008349,Flat maisonette or apartment or mobile/temporary accommodation,93,86,72,14,7,1,6
S01008350,All households,257,244,147,97,13,5,8
S01008350,Whole house or bungalow: Total,219,213,122,91,6,1,5
S01008350,Whole house or bungalow: Detached,201,197,113,84,4,0,4
S01008350,Whole house or bungalow: Semi-detached,16,15,9,6,1,0,1
S01008350,Whole house or bungalow: Terraced (including end-terrace),2,1,0,1,1,1,0
S01008350,Flat maisonette or apartment or mobile/temporary accommodation,38,31,25,6,7,4,3
S01008351,All households,347,331,174,157,16,2,14
S01008351,Whole house or bungalow: Total,298,290,140,150,8,0,8
S01008351,Whole house or bungalow: Detached,211,209,111,98,2,0,2
S01008351,Whole house or bungalow: Semi-detached,45,44,14,30,1,0,1
S01008351,Whole house or bungalow: Terraced (including end-terrace),42,37,15,22,5,0,5
S01008351,Flat maisonette or apartment or mobile/temporary accommodation,49,41,34,7,8,2,6
S01008352,All households,248,236,138,98,12,0,12
S01008352,Whole house or bungalow: Total,244,235,138,97,9,0,9
S01008352,Whole house or bungalow: Detached,220,212,128,84,8,0,8
S01008352,Whole house or bungalow: Semi-detached,23,22,10,12,1,0,1
S01008352,Whole house or bungalow: Terraced (including end-terrace),1,1,0,1,0,0,0
S01008352,Flat maisonette or apartment or mobile/temporary accommodation,4,1,0,1,3,0,3
S01008353,All households,198,189,91,98,9,1,8
S01008353,Whole house or bungalow: Total,141,140,51,89,1,0,1
S01008353,Whole house or bungalow: Detached,116,116,40,76,0,0,0
S01008353,Whole house or bungalow: Semi-detached,24,23,11,12,1,0,1
S01008353,Whole house or bungalow: Terraced (including end-terrace),1,1,0,1,0,0,0
S01008353,Flat maisonette or apartment or mobile/temporary accommodation,57,49,40,9,8,1,7
S01008354,All households,286,236,111,125,50,25,25
S01008354,Whole house or bungalow: Total,264,219,102,117,45,22,23
S01008354,Whole house or bungalow: Detached,174,158,84,74,16,0,16
S01008354,Whole house or bungalow: Semi-detached,52,38,13,25,14,13,1
S01008354,Whole house or bungalow: Terraced (including end-terrace),38,23,5,18,15,9,6
S01008354,Flat maisonette or apartment or mobile/temporary accommodation,22,17,9,8,5,3,2
S01008355,All households,299,204,96,108,95,65,30
S01008355,Whole house or bungalow: Total,232,182,84,98,50,28,22
S01008355,Whole house or bungalow: Detached,32,31,17,14,1,0,1
S01008355,Whole house or bungalow: Semi-detached,113,87,38,49,26,13,13
S01008355,Whole house or bungalow: Terraced (including end-terrace),87,64,29,35,23,15,8
S01008355,Flat maisonette or apartment or mobile/temporary accommodation,67,22,12,10,45,37,8
S01008356,All households,259,238,81,157,21,3,18
S01008356,Whole house or bungalow: Total,233,220,72,148,13,0,13
S01008356,Whole house or bungalow: Detached,23,22,12,10,1,0,1
S01008356,Whole house or bungalow: Semi-detached,49,46,17,29,3,0,3
S01008356,Whole house or bungalow: Terraced (including end-terrace),161,152,43,109,9,0,9
S01008356,Flat maisonette or apartment or mobile/temporary accommodation,26,18,9,9,8,3,5
S01008357,All households,296,268,131,137,28,4,24
S01008357,Whole house or bungalow: Total,223,216,106,110,7,2,5
S01008357,Whole house or bungalow: Detached,101,100,54,46,1,0,1
S01008357,Whole house or bungalow: Semi-detached,51,48,15,33,3,1,2
S01008357,Whole house or bungalow: Terraced (including end-terrace),71,68,37,31,3,1,2
S01008357,Flat maisonette or apartment or mobile/temporary accommodation,73,52,25,27,21,2,19
S01008358,All households,346,234,109,125,112,70,42
S01008358,Whole house or bungalow: Total,276,201,91,110,75,46,29
S01008358,Whole house or bungalow: Detached,51,49,27,22,2,1,1
S01008358,Whole house or bungalow: Semi-detached,107,79,33,46,28,16,12
S01008358,Whole house or bungalow: Terraced (including end-terrace),118,73,31,42,45,29,16
S01008358,Flat maisonette or apartment or mobile/temporary accommodation,70,33,18,15,37,24,13
S01008359,All households,250,227,105,122,23,7,16
S01008359,Whole house or bungalow: Total,209,195,95,100,14,5,9
S01008359,Whole house or bungalow: Detached,72,65,41,24,7,0,7
S01008359,Whole house or bungalow: Semi-detached,124,122,49,73,2,1,1
S01008359,Whole house or bungalow: Terraced (including end-terrace),13,8,5,3,5,4,1
S01008359,Flat maisonette or apartment or mobile/temporary accommodation,41,32,10,22,9,2,7
S01008360,All households,319,302,148,154,17,4,13
S01008360,Whole house or bungalow: Total,289,281,137,144,8,3,5
S01008360,Whole house or bungalow: Detached,168,166,93,73,2,1,1
S01008360,Whole house or bungalow: Semi-detached,59,57,20,37,2,1,1
S01008360,Whole house or bungalow: Terraced (including end-terrace),62,58,24,34,4,1,3
S01008360,Flat maisonette or apartment or mobile/temporary accommodation,30,21,11,10,9,1,8
S01008361,All households,201,188,83,105,13,4,9
S01008361,Whole house or bungalow: Total,195,185,81,104,10,1,9
S01008361,Whole house or bungalow: Detached,50,47,27,20,3,0,3
S01008361,Whole house or bungalow: Semi-detached,117,113,50,63,4,0,4
S01008361,Whole house or bungalow: Terraced (including end-terrace),28,25,4,21,3,1,2
S01008361,Flat maisonette or apartment or mobile/temporary accommodation,6,3,2,1,3,3,0
S01008362,All households,409,367,124,243,42,1,41
S01008362,Whole house or bungalow: Total,347,316,103,213,31,0,31
S01008362,Whole house or bungalow: Detached,88,82,34,48,6,0,6
S01008362,Whole house or bungalow: Semi-detached,217,195,58,137,22,0,22
S01008362,Whole house or bungalow: Terraced (including end-terrace),42,39,11,28,3,0,3
S01008362,Flat maisonette or apartment or mobile/temporary accommodation,62,51,21,30,11,1,10
S01008363,All households,320,279,142,137,41,2,39
S01008363,Whole house or bungalow: Total,302,267,134,133,35,1,34
S01008363,Whole house or bungalow: Detached,149,140,83,57,9,0,9
S01008363,Whole house or bungalow: Semi-detached,53,48,22,26,5,0,5
S01008363,Whole house or bungalow: Terraced (including end-terrace),100,79,29,50,21,1,20
S01008363,Flat maisonette or apartment or mobile/temporary accommodation,18,12,8,4,6,1,5
S01008364,All households,322,290,135,155,32,10,22
S01008364,Whole house or bungalow: Total,237,228,106,122,9,2,7
S01008364,Whole house or bungalow: Detached,130,125,72,53,5,1,4
S01008364,Whole house or bungalow: Semi-detached,67,67,21,46,0,0,0
S01008364,Whole house or bungalow: Terraced (including end-terrace),40,36,13,23,4,1,3
S01008364,Flat maisonette or apartment or mobile/temporary accommodation,85,62,29,33,23,8,15
S01008365,All households,288,274,160,114,14,1,13
S01008365,Whole house or bungalow: Total,258,252,149,103,6,0,6
S01008365,Whole house or bungalow: Detached,212,206,120,86,6,0,6
S01008365,Whole house or bungalow: Semi-detached,43,43,27,16,0,0,0
S01008365,Whole house or bungalow: Terraced (including end-terrace),3,3,2,1,0,0,0
S01008365,Flat maisonette or apartment or mobile/temporary accommodation,30,22,11,11,8,1,7
S01008366,All households,424,305,154,151,119,105,14
S01008366,Whole house or bungalow: Total,296,237,92,145,59,47,12
S01008366,Whole house or bungalow: Detached,40,34,23,11,6,2,4
S01008366,Whole house or bungalow: Semi-detached,136,118,34,84,18,13,5
S01008366,Whole house or bungalow: Terraced (including end-terrace),120,85,35,50,35,32,3
S01008366,Flat maisonette or apartment or mobile/temporary accommodation,128,68,62,6,60,58,2
S01008367,All households,368,201,70,131,167,123,44
S01008367,Whole house or bungalow: Total,198,123,48,75,75,69,6
S01008367,Whole house or bungalow: Detached,29,28,13,15,1,0,1
S01008367,Whole house or bungalow: Semi-detached,80,52,20,32,28,24,4
S01008367,Whole house or bungalow: Terraced (including end-terrace),89,43,15,28,46,45,1
S01008367,Flat maisonette or apartment or mobile/temporary accommodation,170,78,22,56,92,54,38
S01008368,All households,311,272,113,159,39,12,27
S01008368,Whole house or bungalow: Total,190,169,64,105,21,11,10
S01008368,Whole house or bungalow: Detached,41,40,22,18,1,0,1
S01008368,Whole house or bungalow: Semi-detached,88,80,31,49,8,3,5
S01008368,Whole house or bungalow: Terraced (including end-terrace),61,49,11,38,12,8,4
S01008368,Flat maisonette or apartment or mobile/temporary accommodation,121,103,49,54,18,1,17
S01008369,All households,235,196,89,107,39,28,11
S01008369,Whole house or bungalow: Total,205,168,73,95,37,27,10
S01008369,Whole house or bungalow: Detached,41,39,21,18,2,1,1
S01008369,Whole house or bungalow: Semi-detached,69,61,27,34,8,5,3
S01008369,Whole house or bungalow: Terraced (including end-terrace),95,68,25,43,27,21,6
S01008369,Flat maisonette or apartment or mobile/temporary accommodation,30,28,16,12,2,1,1
S01008370,All households,300,263,118,145,37,17,20
S01008370,Whole house or bungalow: Total,174,167,67,100,7,2,5
S01008370,Whole house or bungalow: Detached,70,66,26,40,4,1,3
S01008370,Whole house or bungalow: Semi-detached,43,43,18,25,0,0,0
S01008370,Whole house or bungalow: Terraced (including end-terrace),61,58,23,35,3,1,2
S01008370,Flat maisonette or apartment or mobile/temporary accommodation,126,96,51,45,30,15,15
S01008371,All households,302,292,144,148,10,2,8
S01008371,Whole house or bungalow: Total,301,291,144,147,10,2,8
S01008371,Whole house or bungalow: Detached,150,147,91,56,3,0,3
S01008371,Whole house or bungalow: Semi-detached,55,52,19,33,3,0,3
S01008371,Whole house or bungalow: Terraced (including end-terrace),96,92,34,58,4,2,2
S01008371,Flat maisonette or apartment or mobile/temporary accommodation,1,1,0,1,0,0,0
S01008372,All households,288,279,124,155,9,1,8
S01008372,Whole house or bungalow: Total,285,279,124,155,6,0,6
S01008372,Whole house or bungalow: Detached,60,60,35,25,0,0,0
S01008372,Whole house or bungalow: Semi-detached,120,116,56,60,4,0,4
S01008372,Whole house or bungalow: Terraced (including end-terrace),105,103,33,70,2,0,2
S01008372,Flat maisonette or apartment or mobile/temporary accommodation,3,0,0,0,3,1,2
S01008373,All households,269,267,113,154,2,0,2
S01008373,Whole house or bungalow: Total,267,265,112,153,2,0,2
S01008373,Whole house or bungalow: Detached,81,81,38,43,0,0,0
S01008373,Whole house or bungalow: Semi-detached,178,176,69,107,2,0,2
S01008373,Whole house or bungalow: Terraced (including end-terrace),8,8,5,3,0,0,0
S01008373,Flat maisonette or apartment or mobile/temporary accommodation,2,2,1,1,0,0,0
S01008374,All households,264,247,119,128,17,2,15
S01008374,Whole house or bungalow: Total,223,215,100,115,8,1,7
S01008374,Whole house or bungalow: Detached,72,68,36,32,4,0,4
S01008374,Whole house or bungalow: Semi-detached,138,135,59,76,3,0,3
S01008374,Whole house or bungalow: Terraced (including end-terrace),13,12,5,7,1,1,0
S01008374,Flat maisonette or apartment or mobile/temporary accommodation,41,32,19,13,9,1,8
S01008375,All households,285,279,135,144,6,1,5
S01008375,Whole house or bungalow: Total,283,278,135,143,5,1,4
S01008375,Whole house or bungalow: Detached,151,150,78,72,1,1,0
S01008375,Whole house or bungalow: Semi-detached,116,112,48,64,4,0,4
S01008375,Whole house or bungalow: Terraced (including end-terrace),16,16,9,7,0,0,0
S01008375,Flat maisonette or apartment or mobile/temporary accommodation,2,1,0,1,1,0,1
S01008376,All households,212,194,80,114,18,5,13
S01008376,Whole house or bungalow: Total,143,140,54,86,3,1,2
S01008376,Whole house or bungalow: Detached,46,44,23,21,2,0,2
S01008376,Whole house or bungalow: Semi-detached,67,67,22,45,0,0,0
S01008376,Whole house or bungalow: Terraced (including end-terrace),30,29,9,20,1,1,0
S01008376,Flat maisonette or apartment or mobile/temporary accommodation,69,54,26,28,15,4,11
S01008377,All households,291,268,117,151,23,0,23
S01008377,Whole house or bungalow: Total,228,218,94,124,10,0,10
S01008377,Whole house or bungalow: Detached,22,20,10,10,2,0,2
S01008377,Whole house or bungalow: Semi-detached,116,112,52,60,4,0,4
S01008377,Whole house or bungalow: Terraced (including end-terrace),90,86,32,54,4,0,4
S01008377,Flat maisonette or apartment or mobile/temporary accommodation,63,50,23,27,13,0,13
S01008378,All households,421,378,199,179,43,14,29
S01008378,Whole house or bungalow: Total,306,288,125,163,18,5,13
S01008378,Whole house or bungalow: Detached,84,81,42,39,3,2,1
S01008378,Whole house or bungalow: Semi-detached,176,167,72,95,9,2,7
S01008378,Whole house or bungalow: Terraced (including end-terrace),46,40,11,29,6,1,5
S01008378,Flat maisonette or apartment or mobile/temporary accommodation,115,90,74,16,25,9,16
S01008379,All households,206,200,114,86,6,1,5
S01008379,Whole house or bungalow: Total,203,198,114,84,5,0,5
S01008379,Whole house or bungalow: Detached,156,153,92,61,3,0,3
S01008379,Whole house or bungalow: Semi-detached,40,38,18,20,2,0,2
S01008379,Whole house or bungalow: Terraced (including end-terrace),7,7,4,3,0,0,0
S01008379,Flat maisonette or apartment or mobile/temporary accommodation,3,2,0,2,1,1,0
S01008380,All households,238,234,95,139,4,1,3
S01008380,Whole house or bungalow: Total,236,233,94,139,3,0,3
S01008380,Whole house or bungalow: Detached,64,63,38,25,1,0,1
S01008380,Whole house or bungalow: Semi-detached,169,167,55,112,2,0,2
S01008380,Whole house or bungalow: Terraced (including end-terrace),3,3,1,2,0,0,0
S01008380,Flat maisonette or apartment or mobile/temporary accommodation,2,1,1,0,1,1,0
S01008381,All households,229,229,77,152,0,0,0
S01008381,Whole house or bungalow: Total,229,229,77,152,0,0,0
S01008381,Whole house or bungalow: Detached,16,16,9,7,0,0,0
S01008381,Whole house or bungalow: Semi-detached,206,206,66,140,0,0,0
S01008381,Whole house or bungalow: Terraced (including end-terrace),7,7,2,5,0,0,0
S01008381,Flat maisonette or apartment or mobile/temporary accommodation,0,0,0,0,0,0,0
S01008382,All households,248,241,114,127,7,1,6
S01008382,Whole house or bungalow: Total,243,239,112,127,4,0,4
S01008382,Whole house or bungalow: Detached,20,19,9,10,1,0,1
S01008382,Whole house or bungalow: Semi-detached,184,182,86,96,2,0,2
S01008382,Whole house or bungalow: Terraced (including end-terrace),39,38,17,21,1,0,1
S01008382,Flat maisonette or apartment or mobile/temporary accommodation,5,2,2,0,3,1,2
S01008383,All households,181,173,77,96,8,2,6
S01008383,Whole house or bungalow: Total,166,162,72,90,4,2,2
S01008383,Whole house or bungalow: Detached,39,39,23,16,0,0,0
S01008383,Whole house or bungalow: Semi-detached,91,88,38,50,3,1,2
S01008383,Whole house or bungalow: Terraced (including end-terrace),36,35,11,24,1,1,0
S01008383,Flat maisonette or apartment or mobile/temporary accommodation,15,11,5,6,4,0,4
S01008384,All households,387,377,167,210,10,3,7
S01008384,Whole house or bungalow: Total,383,375,166,209,8,2,6
S01008384,Whole house or bungalow: Detached,103,103,52,51,0,0,0
S01008384,Whole house or bungalow: Semi-detached,84,80,39,41,4,2,2
S01008384,Whole house or bungalow: Terraced (including end-terrace),196,192,75,117,4,0,4
S01008384,Flat maisonette or apartment or mobile/temporary accommodation,4,2,1,1,2,1,1
S01008385,All households,252,242,124,118,10,6,4
S01008385,Whole house or bungalow: Total,243,240,124,116,3,0,3
S01008385,Whole house or bungalow: Detached,166,166,100,66,0,0,0
S01008385,Whole house or bungalow: Semi-detached,62,60,18,42,2,0,2
S01008385,Whole house or bungalow: Terraced (including end-terrace),15,14,6,8,1,0,1
S01008385,Flat maisonette or apartment or mobile/temporary accommodation,9,2,0,2,7,6,1
S01008386,All households,337,319,131,188,18,6,12
S01008386,Whole house or bungalow: Total,333,317,130,187,16,4,12
S01008386,Whole house or bungalow: Detached,8,8,4,4,0,0,0
S01008386,Whole house or bungalow: Semi-detached,110,105,55,50,5,2,3
S01008386,Whole house or bungalow: Terraced (including end-terrace),215,204,71,133,11,2,9
S01008386,Flat maisonette or apartment or mobile/temporary accommodation,4,2,1,1,2,2,0
S01008387,All households,241,225,76,149,16,4,12
S01008387,Whole house or bungalow: Total,234,223,75,148,11,2,9
S01008387,Whole house or bungalow: Detached,3,3,2,1,0,0,0
S01008387,Whole house or bungalow: Semi-detached,70,67,30,37,3,0,3
S01008387,Whole house or bungalow: Terraced (including end-terrace),161,153,43,110,8,2,6
S01008387,Flat maisonette or apartment or mobile/temporary accommodation,7,2,1,1,5,2,3
S01008388,All households,243,228,60,168,15,2,13
S01008388,Whole house or bungalow: Total,239,224,57,167,15,2,13
S01008388,Whole house or bungalow: Detached,7,7,2,5,0,0,0
S01008388,Whole house or bungalow: Semi-detached,39,36,10,26,3,0,3
S01008388,Whole house or bungalow: Terraced (including end-terrace),193,181,45,136,12,2,10
S01008388,Flat maisonette or apartment or mobile/temporary accommodation,4,4,3,1,0,0,0
S01008389,All households,312,272,200,72,40,28,12
S01008389,Whole house or bungalow: Total,188,160,98,62,28,25,3
S01008389,Whole house or bungalow: Detached,62,62,39,23,0,0,0
S01008389,Whole house or bungalow: Semi-detached,45,42,25,17,3,3,0
S01008389,Whole house or bungalow: Terraced (including end-terrace),81,56,34,22,25,22,3
S01008389,Flat maisonette or apartment or mobile/temporary accommodation,124,112,102,10,12,3,9
S01008390,All households,255,250,153,97,5,3,2
S01008390,Whole house or bungalow: Total,252,249,153,96,3,1,2
S01008390,Whole house or bungalow: Detached,129,128,76,52,1,0,1
S01008390,Whole house or bungalow: Semi-detached,117,115,75,40,2,1,1
S01008390,Whole house or bungalow: Terraced (including end-terrace),6,6,2,4,0,0,0
S01008390,Flat maisonette or apartment or mobile/temporary accommodation,3,1,0,1,2,2,0
S01008391,All households,349,285,168,117,64,35,29
S01008391,Whole house or bungalow: Total,191,188,94,94,3,0,3
S01008391,Whole house or bungalow: Detached,66,65,33,32,1,0,1
S01008391,Whole house or bungalow: Semi-detached,38,37,21,16,1,0,1
S01008391,Whole house or bungalow: Terraced (including end-terrace),87,86,40,46,1,0,1
S01008391,Flat maisonette or apartment or mobile/temporary accommodation,158,97,74,23,61,35,26
S01008392,All households,330,315,127,188,15,7,8
S01008392,Whole house or bungalow: Total,273,266,105,161,7,4,3
S01008392,Whole house or bungalow: Detached,21,21,12,9,0,0,0
S01008392,Whole house or bungalow: Semi-detached,79,75,29,46,4,4,0
S01008392,Whole house or bungalow: Terraced (including end-terrace),173,170,64,106,3,0,3
S01008392,Flat maisonette or apartment or mobile/temporary accommodation,57,49,22,27,8,3,5
S01008393,All households,369,344,225,119,25,3,22
S01008393,Whole house or bungalow: Total,217,212,111,101,5,2,3
S01008393,Whole house or bungalow: Detached,15,15,8,7,0,0,0
S01008393,Whole house or bungalow: Semi-detached,31,30,16,14,1,0,1
S01008393,Whole house or bungalow: Terraced (including end-terrace),171,167,87,80,4,2,2
S01008393,Flat maisonette or apartment or mobile/temporary accommodation,152,132,114,18,20,1,19
S01008394,All households,276,268,116,152,8,1,7
S01008394,Whole house or bungalow: Total,273,266,115,151,7,0,7
S01008394,Whole house or bungalow: Detached,67,67,35,32,0,0,0
S01008394,Whole house or bungalow: Semi-detached,32,31,17,14,1,0,1
S01008394,Whole house or bungalow: Terraced (including end-terrace),174,168,63,105,6,0,6
S01008394,Flat maisonette or apartment or mobile/temporary accommodation,3,2,1,1,1,1,0
S01008395,All households,189,184,78,106,5,0,5
S01008395,Whole house or bungalow: Total,177,174,72,102,3,0,3
S01008395,Whole house or bungalow: Detached,25,25,13,12,0,0,0
S01008395,Whole house or bungalow: Semi-detached,92,90,37,53,2,0,2
S01008395,Whole house or bungalow: Terraced (including end-terrace),60,59,22,37,1,0,1
S01008395,Flat maisonette or apartment or mobile/temporary accommodation,12,10,6,4,2,0,2
S01008396,All households,303,299,196,103,4,1,3
S01008396,Whole house or bungalow: Total,157,153,79,74,4,1,3
S01008396,Whole house or bungalow: Detached,30,28,14,14,2,0,2
S01008396,Whole house or bungalow: Semi-detached,123,121,63,58,2,1,1
S01008396,Whole house or bungalow: Terraced (including end-terrace),4,4,2,2,0,0,0
S01008396,Flat maisonette or apartment or mobile/temporary accommodation,146,146,117,29,0,0,0
S01008397,All households,346,334,168,166,12,0,12
S01008397,Whole house or bungalow: Total,340,329,168,161,11,0,11
S01008397,Whole house or bungalow: Detached,141,138,83,55,3,0,3
S01008397,Whole house or bungalow: Semi-detached,151,146,70,76,5,0,5
S01008397,Whole house or bungalow: Terraced (including end-terrace),48,45,15,30,3,0,3
S01008397,Flat maisonette or apartment or mobile/temporary accommodation,6,5,0,5,1,0,1
S01008398,All households,238,203,114,89,35,21,14
S01008398,Whole house or bungalow: Total,199,191,106,85,8,1,7
S01008398,Whole house or bungalow: Detached,53,53,32,21,0,0,0
S01008398,Whole house or bungalow: Semi-detached,101,96,53,43,5,0,5
S01008398,Whole house or bungalow: Terraced (including end-terrace),45,42,21,21,3,1,2
S01008398,Flat maisonette or apartment or mobile/temporary accommodation,39,12,8,4,27,20,7
S01008399,All households,257,240,162,78,17,1,16
S01008399,Whole house or bungalow: Total,155,152,83,69,3,1,2
S01008399,Whole house or bungalow: Detached,51,49,34,15,2,0,2
S01008399,Whole house or bungalow: Semi-detached,56,55,27,28,1,1,0
S01008399,Whole house or bungalow: Terraced (including end-terrace),48,48,22,26,0,0,0
S01008399,Flat maisonette or apartment or mobile/temporary accommodation,102,88,79,9,14,0,14
S01008400,All households,261,247,135,112,14,0,14
S01008400,Whole house or bungalow: Total,238,231,124,107,7,0,7
S01008400,Whole house or bungalow: Detached,35,34,22,12,1,0,1
S01008400,Whole house or bungalow: Semi-detached,199,193,100,93,6,0,6
S01008400,Whole house or bungalow: Terraced (including end-terrace),4,4,2,2,0,0,0
S01008400,Flat maisonette or apartment or mobile/temporary accommodation,23,16,11,5,7,0,7
S01008401,All households,404,390,228,162,14,1,13
S01008401,Whole house or bungalow: Total,317,309,168,141,8,0,8
S01008401,Whole house or bungalow: Detached,45,44,33,11,1,0,1
S01008401,Whole house or bungalow: Semi-detached,240,233,116,117,7,0,7
S01008401,Whole house or bungalow: Terraced (including end-terrace),32,32,19,13,0,0,0
S01008401,Flat maisonette or apartment or mobile/temporary accommodation,87,81,60,21,6,1,5
S01008402,All households,415,396,251,145,19,5,14
S01008402,Whole house or bungalow: Total,301,295,168,127,6,0,6
S01008402,Whole house or bungalow: Detached,192,188,112,76,4,0,4
S01008402,Whole house or bungalow: Semi-detached,107,105,54,51,2,0,2
S01008402,Whole house or bungalow: Terraced (including end-terrace),2,2,2,0,0,0,0
S01008402,Flat maisonette or apartment or mobile/temporary accommodation,114,101,83,18,13,5,8
S01008403,All households,218,214,116,98,4,1,3
S01008403,Whole house or bungalow: Total,215,212,114,98,3,0,3
S01008403,Whole house or bungalow: Detached,146,144,81,63,2,0,2
S01008403,Whole house or bungalow: Semi-detached,67,66,33,33,1,0,1
S01008403,Whole house or bungalow: Terraced (including end-terrace),2,2,0,2,0,0,0
S01008403,Flat maisonette or apartment or mobile/temporary accommodation,3,2,2,0,1,1,0
S01008404,All households,349,326,177,149,23,4,19
S01008404,Whole house or bungalow: Total,297,282,137,145,15,1,14
S01008404,Whole house or bungalow: Detached,133,127,72,55,6,0,6
S01008404,Whole house or bungalow: Semi-detached,95,89,48,41,6,0,6
S01008404,Whole house or bungalow: Terraced (including end-terrace),69,66,17,49,3,1,2
S01008404,Flat maisonette or apartment or mobile/temporary accommodation,52,44,40,4,8,3,5
S01008405,All households,266,256,128,128,10,3,7
S01008405,Whole house or bungalow: Total,235,232,110,122,3,2,1
S01008405,Whole house or bungalow: Detached,86,86,47,39,0,0,0
S01008405,Whole house or bungalow: Semi-detached,118,116,51,65,2,2,0
S01008405,Whole house or bungalow: Terraced (including end-terrace),31,30,12,18,1,0,1
S01008405,Flat maisonette or apartment or mobile/temporary accommodation,31,24,18,6,7,1,6
S01008406,All households,451,292,144,148,159,101,58
S01008406,Whole house or bungalow: Total,226,214,99,115,12,1,11
S01008406,Whole house or bungalow: Detached,52,51,29,22,1,0,1
S01008406,Whole house or bungalow: Semi-detached,131,124,55,69,7,0,7
S01008406,Whole house or bungalow: Terraced (including end-terrace),43,39,15,24,4,1,3
S01008406,Flat maisonette or apartment or mobile/temporary accommodation,225,78,45,33,147,100,47
S01008407,All households,284,209,129,80,75,29,46
S01008407,Whole house or bungalow: Total,150,134,80,54,16,5,11
S01008407,Whole house or bungalow: Detached,53,46,30,16,7,5,2
S01008407,Whole house or bungalow: Semi-detached,84,75,48,27,9,0,9
S01008407,Whole house or bungalow: Terraced (including end-terrace),13,13,2,11,0,0,0
S01008407,Flat maisonette or apartment or mobile/temporary accommodation,134,75,49,26,59,24,35
S01008408,All households,265,238,102,136,27,9,18
S01008408,Whole house or bungalow: Total,242,223,91,132,19,4,15
S01008408,Whole house or bungalow: Detached,10,9,3,6,1,0,1
S01008408,Whole house or bungalow: Semi-detached,193,181,72,109,12,1,11
S01008408,Whole house or bungalow: Terraced (including end-terrace),39,33,16,17,6,3,3
S01008408,Flat maisonette or apartment or mobile/temporary accommodation,23,15,11,4,8,5,3
S01008409,All households,390,274,127,147,116,73,43
S01008409,Whole house or bungalow: Total,254,224,109,115,30,5,25
S01008409,Whole house or bungalow: Detached,16,16,11,5,0,0,0
S01008409,Whole house or bungalow: Semi-detached,172,146,68,78,26,3,23
S01008409,Whole house or bungalow: Terraced (including end-terrace),66,62,30,32,4,2,2
S01008409,Flat maisonette or apartment or mobile/temporary accommodation,136,50,18,32,86,68,18
S01008410,All households,269,244,146,98,25,3,22
S01008410,Whole house or bungalow: Total,208,191,99,92,17,1,16
S01008410,Whole house or bungalow: Detached,44,44,24,20,0,0,0
S01008410,Whole house or bungalow: Semi-detached,97,86,43,43,11,0,11
S01008410,Whole house or bungalow: Terraced (including end-terrace),67,61,32,29,6,1,5
S01008410,Flat maisonette or apartment or mobile/temporary accommodation,61,53,47,6,8,2,6
S01008411,All households,247,217,107,110,30,12,18
S01008411,Whole house or bungalow: Total,180,168,80,88,12,7,5
S01008411,Whole house or bungalow: Detached,13,11,4,7,2,0,2
S01008411,Whole house or bungalow: Semi-detached,136,134,64,70,2,0,2
S01008411,Whole house or bungalow: Terraced (including end-terrace),31,23,12,11,8,7,1
S01008411,Flat maisonette or apartment or mobile/temporary accommodation,67,49,27,22,18,5,13
S01008412,All households,274,226,112,114,48,31,17
S01008412,Whole house or bungalow: Total,223,193,91,102,30,18,12
S01008412,Whole house or bungalow: Detached,77,71,38,33,6,2,4
S01008412,Whole house or bungalow: Semi-detached,83,75,30,45,8,7,1
S01008412,Whole house or bungalow: Terraced (including end-terrace),63,47,23,24,16,9,7
S01008412,Flat maisonette or apartment or mobile/temporary accommodation,51,33,21,12,18,13,5
S01008413,All households,222,161,79,82,61,49,12
S01008413,Whole house or bungalow: Total,157,130,66,64,27,19,8
S01008413,Whole house or bungalow: Detached,43,40,25,15,3,0,3
S01008413,Whole house or bungalow: Semi-detached,58,51,22,29,7,6,1
S01008413,Whole house or bungalow: Terraced (including end-terrace),56,39,19,20,17,13,4
S01008413,Flat maisonette or apartment or mobile/temporary accommodation,65,31,13,18,34,30,4
S01008414,All households,152,147,78,69,5,1,4
S01008414,Whole house or bungalow: Total,149,144,75,69,5,1,4
S01008414,Whole house or bungalow: Detached,41,41,25,16,0,0,0
S01008414,Whole house or bungalow: Semi-detached,104,100,50,50,4,0,4
S01008414,Whole house or bungalow: Terraced (including end-terrace),4,3,0,3,1,1,0
S01008414,Flat maisonette or apartment or mobile/temporary accommodation,3,3,3,0,0,0,0
S01008415,All households,347,292,132,160,55,27,28
S01008415,Whole house or bungalow: Total,228,208,94,114,20,10,10
S01008415,Whole house or bungalow: Detached,14,14,8,6,0,0,0
S01008415,Whole house or bungalow: Semi-detached,192,177,80,97,15,6,9
S01008415,Whole house or bungalow: Terraced (including end-terrace),22,17,6,11,5,4,1
S01008415,Flat maisonette or apartment or mobile/temporary accommodation,119,84,38,46,35,17,18
S01008416,All households,437,266,100,166,171,134,37
S01008416,Whole house or bungalow: Total,217,182,68,114,35,26,9
S01008416,Whole house or bungalow: Detached,11,10,4,6,1,0,1
S01008416,Whole house or bungalow: Semi-detached,146,135,48,87,11,5,6
S01008416,Whole house or bungalow: Terraced (including end-terrace),60,37,16,21,23,21,2
S01008416,Flat maisonette or apartment or mobile/temporary accommodation,220,84,32,52,136,108,28
S01008417,All households,299,262,140,122,37,6,31
S01008417,Whole house or bungalow: Total,241,213,117,96,28,2,26
S01008417,Whole house or bungalow: Detached,154,135,80,55,19,0,19
S01008417,Whole house or bungalow: Semi-detached,80,73,36,37,7,1,6
S01008417,Whole house or bungalow: Terraced (including end-terrace),7,5,1,4,2,1,1
S01008417,Flat maisonette or apartment or mobile/temporary accommodation,58,49,23,26,9,4,5
S01008418,All households,312,273,155,118,39,4,35
S01008418,Whole house or bungalow: Total,191,169,101,68,22,3,19
S01008418,Whole house or bungalow: Detached,93,83,53,30,10,0,10
S01008418,Whole house or bungalow: Semi-detached,88,79,47,32,9,1,8
S01008418,Whole house or bungalow: Terraced (including end-terrace),10,7,1,6,3,2,1
S01008418,Flat maisonette or apartment or mobile/temporary accommodation,121,104,54,50,17,1,16
S01008419,All households,193,141,49,92,52,35,17
S01008419,Whole house or bungalow: Total,131,115,41,74,16,6,10
S01008419,Whole house or bungalow: Detached,94,89,32,57,5,1,4
S01008419,Whole house or bungalow: Semi-detached,30,23,8,15,7,2,5
S01008419,Whole house or bungalow: Terraced (including end-terrace),7,3,1,2,4,3,1
S01008419,Flat maisonette or apartment or mobile/temporary accommodation,62,26,8,18,36,29,7
S01008420,All households,190,179,97,82,11,4,7
S01008420,Whole house or bungalow: Total,159,155,84,71,4,2,2
S01008420,Whole house or bungalow: Detached,73,71,42,29,2,0,2
S01008420,Whole house or bungalow: Semi-detached,72,70,32,38,2,2,0
S01008420,Whole house or bungalow: Terraced (including end-terrace),14,14,10,4,0,0,0
S01008420,Flat maisonette or apartment or mobile/temporary accommodation,31,24,13,11,7,2,5
S01008421,All households,394,291,102,189,103,67,36
S01008421,Whole house or bungalow: Total,288,219,84,135,69,49,20
S01008421,Whole house or bungalow: Detached,23,15,8,7,8,2,6
S01008421,Whole house or bungalow: Semi-detached,74,55,22,33,19,16,3
S01008421,Whole house or bungalow: Terraced (including end-terrace),191,149,54,95,42,31,11
S01008421,Flat maisonette or apartment or mobile/temporary accommodation,106,72,18,54,34,18,16
S01008422,All households,241,228,135,93,13,2,11
S01008422,Whole house or bungalow: Total,217,207,119,88,10,2,8
S01008422,Whole house or bungalow: Detached,165,160,90,70,5,0,5
S01008422,Whole house or bungalow: Semi-detached,33,32,15,17,1,0,1
S01008422,Whole house or bungalow: Terraced (including end-terrace),19,15,14,1,4,2,2
S01008422,Flat maisonette or apartment or mobile/temporary accommodation,24,21,16,5,3,0,3
S01008423,All households,398,341,177,164,57,6,51
S01008423,Whole house or bungalow: Total,360,308,155,153,52,6,46
S01008423,Whole house or bungalow: Detached,288,265,139,126,23,0,23
S01008423,Whole house or bungalow: Semi-detached,43,27,11,16,16,2,14
S01008423,Whole house or bungalow: Terraced (including end-terrace),29,16,5,11,13,4,9
S01008423,Flat maisonette or apartment or mobile/temporary accommodation,38,33,22,11,5,0,5
S01008424,All households,338,330,216,114,8,2,6
S01008424,Whole house or bungalow: Total,332,326,215,111,6,1,5
S01008424,Whole house or bungalow: Detached,305,302,204,98,3,0,3
S01008424,Whole house or bungalow: Semi-detached,19,16,6,10,3,1,2
S01008424,Whole house or bungalow: Terraced (including end-terrace),8,8,5,3,0,0,0
S01008424,Flat maisonette or apartment or mobile/temporary accommodation,6,4,1,3,2,1,1
S01008425,All households,409,367,206,161,42,19,23
S01008425,Whole house or bungalow: Total,401,363,205,158,38,17,21
S01008425,Whole house or bungalow: Detached,82,77,50,27,5,1,4
S01008425,Whole house or bungalow: Semi-detached,246,221,121,100,25,9,16
S01008425,Whole house or bungalow: Terraced (including end-terrace),73,65,34,31,8,7,1
S01008425,Flat maisonette or apartment or mobile/temporary accommodation,8,4,1,3,4,2,2
S01008426,All households,264,187,106,81,77,52,25
S01008426,Whole house or bungalow: Total,257,184,105,79,73,50,23
S01008426,Whole house or bungalow: Detached,8,3,1,2,5,4,1
S01008426,Whole house or bungalow: Semi-detached,113,84,47,37,29,17,12
S01008426,Whole house or bungalow: Terraced (including end-terrace),136,97,57,40,39,29,10
S01008426,Flat maisonette or apartment or mobile/temporary accommodation,7,3,1,2,4,2,2
S01008427,All households,397,375,138,237,22,2,20
S01008427,Whole house or bungalow: Total,390,372,137,235,18,0,18
S01008427,Whole house or bungalow: Detached,99,96,42,54,3,0,3
S01008427,Whole house or bungalow: Semi-detached,232,223,80,143,9,0,9
S01008427,Whole house or bungalow: Terraced (including end-terrace),59,53,15,38,6,0,6
S01008427,Flat maisonette or apartment or mobile/temporary accommodation,7,3,1,2,4,2,2
S01008428,All households,316,226,111,115,90,73,17
S01008428,Whole house or bungalow: Total,238,193,96,97,45,36,9
S01008428,Whole house or bungalow: Detached,52,51,33,18,1,0,1
S01008428,Whole house or bungalow: Semi-detached,115,88,43,45,27,21,6
S01008428,Whole house or bungalow: Terraced (including end-terrace),71,54,20,34,17,15,2
S01008428,Flat maisonette or apartment or mobile/temporary accommodation,78,33,15,18,45,37,8
S01008429,All households,352,331,192,139,21,11,10
S01008429,Whole house or bungalow: Total,342,327,192,135,15,7,8
S01008429,Whole house or bungalow: Detached,132,132,88,44,0,0,0
S01008429,Whole house or bungalow: Semi-detached,175,167,92,75,8,3,5
S01008429,Whole house or bungalow: Terraced (including end-terrace),35,28,12,16,7,4,3
S01008429,Flat maisonette or apartment or mobile/temporary accommodation,10,4,0,4,6,4,2
S01008430,All households,276,233,129,104,43,17,26
S01008430,Whole house or bungalow: Total,239,205,115,90,34,13,21
S01008430,Whole house or bungalow: Detached,104,95,54,41,9,1,8
S01008430,Whole house or bungalow: Semi-detached,89,73,38,35,16,8,8
S01008430,Whole house or bungalow: Terraced (including end-terrace),46,37,23,14,9,4,5
S01008430,Flat maisonette or apartment or mobile/temporary accommodation,37,28,14,14,9,4,5
S01008431,All households,352,304,180,124,48,42,6
S01008431,Whole house or bungalow: Total,306,303,179,124,3,2,1
S01008431,Whole house or bungalow: Detached,119,118,74,44,1,1,0
S01008431,Whole house or bungalow: Semi-detached,184,183,104,79,1,0,1
S01008431,Whole house or bungalow: Terraced (including end-terrace),3,2,1,1,1,1,0
S01008431,Flat maisonette or apartment or mobile/temporary accommodation,46,1,1,0,45,40,5
S01008432,All households,293,274,167,107,19,9,10
S01008432,Whole house or bungalow: Total,267,255,162,93,12,4,8
S01008432,Whole house or bungalow: Detached,134,129,89,40,5,1,4
S01008432,Whole house or bungalow: Semi-detached,122,119,69,50,3,1,2
S01008432,Whole house or bungalow: Terraced (including end-terrace),11,7,4,3,4,2,2
S01008432,Flat maisonette or apartment or mobile/temporary accommodation,26,19,5,14,7,5,2
S01008433,All households,348,328,171,157,20,6,14
S01008433,Whole house or bungalow: Total,324,310,168,142,14,1,13
S01008433,Whole house or bungalow: Detached,51,51,30,21,0,0,0
S01008433,Whole house or bungalow: Semi-detached,211,203,108,95,8,0,8
S01008433,Whole house or bungalow: Terraced (including end-terrace),62,56,30,26,6,1,5
S01008433,Flat maisonette or apartment or mobile/temporary accommodation,24,18,3,15,6,5,1
S01008434,All households,322,302,154,148,20,10,10
S01008434,Whole house or bungalow: Total,307,295,152,143,12,4,8
S01008434,Whole house or bungalow: Detached,72,70,41,29,2,1,1
S01008434,Whole house or bungalow: Semi-detached,208,201,101,100,7,1,6
S01008434,Whole house or bungalow: Terraced (including end-terrace),27,24,10,14,3,2,1
S01008434,Flat maisonette or apartment or mobile/temporary accommodation,15,7,2,5,8,6,2
S01008435,All households,301,286,162,124,15,4,11
S01008435,Whole house or bungalow: Total,297,284,162,122,13,2,11
S01008435,Whole house or bungalow: Detached,104,101,62,39,3,0,3
S01008435,Whole house or bungalow: Semi-detached,175,171,93,78,4,0,4
S01008435,Whole house or bungalow: Terraced (including end-terrace),18,12,7,5,6,2,4
S01008435,Flat maisonette or apartment or mobile/temporary accommodation,4,2,0,2,2,2,0
S01008436,All households,356,320,168,152,36,9,27
S01008436,Whole house or bungalow: Total,252,240,128,112,12,4,8
S01008436,Whole house or bungalow: Detached,107,101,64,37,6,2,4
S01008436,Whole house or bungalow: Semi-detached,114,110,54,56,4,1,3
S01008436,Whole house or bungalow: Terraced (including end-terrace),31,29,10,19,2,1,1
S01008436,Flat maisonette or apartment or mobile/temporary accommodation,104,80,40,40,24,5,19
S01008437,All households,367,247,138,109,120,58,62
S01008437,Whole house or bungalow: Total,189,147,86,61,42,23,19
S01008437,Whole house or bungalow: Detached,76,69,40,29,7,0,7
S01008437,Whole house or bungalow: Semi-detached,50,34,18,16,16,8,8
S01008437,Whole house or bungalow: Terraced (including end-terrace),63,44,28,16,19,15,4
S01008437,Flat maisonette or apartment or mobile/temporary accommodation,178,100,52,48,78,35,43
S01008438,All households,189,139,57,82,50,5,45
S01008438,Whole house or bungalow: Total,146,111,51,60,35,2,33
S01008438,Whole house or bungalow: Detached,71,61,30,31,10,0,10
S01008438,Whole house or bungalow: Semi-detached,40,24,9,15,16,1,15
S01008438,Whole house or bungalow: Terraced (including end-terrace),35,26,12,14,9,1,8
S01008438,Flat maisonette or apartment or mobile/temporary accommodation,43,28,6,22,15,3,12
S01008439,All households,434,407,220,187,27,2,25
S01008439,Whole house or bungalow: Total,386,370,204,166,16,0,16
S01008439,Whole house or bungalow: Detached,245,236,139,97,9,0,9
S01008439,Whole house or bungalow: Semi-detached,80,75,34,41,5,0,5
S01008439,Whole house or bungalow: Terraced (including end-terrace),61,59,31,28,2,0,2
S01008439,Flat maisonette or apartment or mobile/temporary accommodation,48,37,16,21,11,2,9
S01008440,All households,403,370,229,141,33,17,16
S01008440,Whole house or bungalow: Total,352,342,214,128,10,3,7
S01008440,Whole house or bungalow: Detached,249,245,157,88,4,1,3
S01008440,Whole house or bungalow: Semi-detached,68,65,37,28,3,1,2
S01008440,Whole house or bungalow: Terraced (including end-terrace),35,32,20,12,3,1,2
S01008440,Flat maisonette or apartment or mobile/temporary accommodation,51,28,15,13,23,14,9
S01008441,All households,186,181,96,85,5,1,4
S01008441,Whole house or bungalow: Total,182,179,95,84,3,0,3
S01008441,Whole house or bungalow: Detached,90,89,49,40,1,0,1
S01008441,Whole house or bungalow: Semi-detached,62,61,34,27,1,0,1
S01008441,Whole house or bungalow: Terraced (including end-terrace),30,29,12,17,1,0,1
S01008441,Flat maisonette or apartment or mobile/temporary accommodation,4,2,1,1,2,1,1
S01008442,All households,303,258,99,159,45,3,42
S01008442,Whole house or bungalow: Total,176,165,70,95,11,1,10
S01008442,Whole house or bungalow: Detached,75,71,38,33,4,0,4
S01008442,Whole house or bungalow: Semi-detached,61,59,15,44,2,1,1
S01008442,Whole house or bungalow: Terraced (including end-terrace),40,35,17,18,5,0,5
S01008442,Flat maisonette or apartment or mobile/temporary accommodation,127,93,29,64,34,2,32
S01008443,All households,252,227,141,86,25,13,12
S01008443,Whole house or bungalow: Total,215,206,131,75,9,0,9
S01008443,Whole house or bungalow: Detached,169,164,111,53,5,0,5
S01008443,Whole house or bungalow: Semi-detached,34,31,17,14,3,0,3
S01008443,Whole house or bungalow: Terraced (including end-terrace),12,11,3,8,1,0,1
S01008443,Flat maisonette or apartment or mobile/temporary accommodation,37,21,10,11,16,13,3
S01008444,All households,260,187,90,97,73,8,65
S01008444,Whole house or bungalow: Total,195,144,69,75,51,3,48
S01008444,Whole house or bungalow: Detached,74,48,32,16,26,1,25
S01008444,Whole house or bungalow: Semi-detached,74,52,21,31,22,1,21
S01008444,Whole house or bungalow: Terraced (including end-terrace),47,44,16,28,3,1,2
S01008444,Flat maisonette or apartment or mobile/temporary accommodation,65,43,21,22,22,5,17
S01008445,All households,403,132,70,62,271,171,100
S01008445,Whole house or bungalow: Total,209,101,60,41,108,22,86
S01008445,Whole house or bungalow: Detached,54,46,32,14,8,1,7
S01008445,Whole house or bungalow: Semi-detached,137,50,26,24,87,10,77
S01008445,Whole house or bungalow: Terraced (including end-terrace),18,5,2,3,13,11,2
S01008445,Flat maisonette or apartment or mobile/temporary accommodation,194,31,10,21,163,149,14
S01008446,All households,323,304,167,137,19,2,17
S01008446,Whole house or bungalow: Total,305,290,159,131,15,1,14
S01008446,Whole house or bungalow: Detached,147,142,80,62,5,0,5
S01008446,Whole house or bungalow: Semi-detached,150,143,77,66,7,1,6
S01008446,Whole house or bungalow: Terraced (including end-terrace),8,5,2,3,3,0,3
S01008446,Flat maisonette or apartment or mobile/temporary accommodation,18,14,8,6,4,1,3
S01008447,All households,286,261,135,126,25,3,22
S01008447,Whole house or bungalow: Total,235,218,118,100,17,0,17
S01008447,Whole house or bungalow: Detached,126,121,65,56,5,0,5
S01008447,Whole house or bungalow: Semi-detached,94,92,51,41,2,0,2
S01008447,Whole house or bungalow: Terraced (including end-terrace),15,5,2,3,10,0,10
S01008447,Flat maisonette or apartment or mobile/temporary accommodation,51,43,17,26,8,3,5
S01008448,All households,315,281,156,125,34,14,20
S01008448,Whole house or bungalow: Total,262,252,142,110,10,3,7
S01008448,Whole house or bungalow: Detached,198,192,120,72,6,1,5
S01008448,Whole house or bungalow: Semi-detached,57,55,21,34,2,1,1
S01008448,Whole house or bungalow: Terraced (including end-terrace),7,5,1,4,2,1,1
S01008448,Flat maisonette or apartment or mobile/temporary accommodation,53,29,14,15,24,11,13
S01008449,All households,351,80,22,58,271,242,29
S01008449,Whole house or bungalow: Total,116,62,19,43,54,40,14
S01008449,Whole house or bungalow: Detached,11,4,1,3,7,5,2
S01008449,Whole house or bungalow: Semi-detached,56,26,9,17,30,23,7
S01008449,Whole house or bungalow: Terraced (including end-terrace),49,32,9,23,17,12,5
S01008449,Flat maisonette or apartment or mobile/temporary accommodation,235,18,3,15,217,202,15
S01008450,All households,256,57,11,46,199,167,32
S01008450,Whole house or bungalow: Total,30,18,1,17,12,4,8
S01008450,Whole house or bungalow: Detached,5,3,0,3,2,1,1
S01008450,Whole house or bungalow: Semi-detached,22,13,1,12,9,3,6
S01008450,Whole house or bungalow: Terraced (including end-terrace),3,2,0,2,1,0,1
S01008450,Flat maisonette or apartment or mobile/temporary accommodation,226,39,10,29,187,163,24
S01008451,All households,325,32,6,26,293,279,14
S01008451,Whole house or bungalow: Total,47,8,1,7,39,39,0
S01008451,Whole house or bungalow: Detached,6,2,0,2,4,4,0
S01008451,Whole house or bungalow: Semi-detached,21,5,1,4,16,16,0
S01008451,Whole house or bungalow: Terraced (including end-terrace),20,1,0,1,19,19,0
S01008451,Flat maisonette or apartment or mobile/temporary accommodation,278,24,5,19,254,240,14
S01008452,All households,271,29,7,22,242,217,25
S01008452,Whole house or bungalow: Total,19,4,2,2,15,14,1
S01008452,Whole house or bungalow: Detached,2,0,0,0,2,2,0
S01008452,Whole house or bungalow: Semi-detached,10,4,2,2,6,5,1
S01008452,Whole house or bungalow: Terraced (including end-terrace),7,0,0,0,7,7,0
S01008452,Flat maisonette or apartment or mobile/temporary accommodation,252,25,5,20,227,203,24
S01008453,All households,215,59,9,50,156,128,28
S01008453,Whole house or bungalow: Total,22,11,1,10,11,9,2
S01008453,Whole house or bungalow: Detached,3,2,0,2,1,0,1
S01008453,Whole house or bungalow: Semi-detached,6,4,0,4,2,1,1
S01008453,Whole house or bungalow: Terraced (including end-terrace),13,5,1,4,8,8,0
S01008453,Flat maisonette or apartment or mobile/temporary accommodation,193,48,8,40,145,119,26
S01008454,All households,393,77,19,58,316,293,23
S01008454,Whole house or bungalow: Total,198,33,8,25,165,161,4
S01008454,Whole house or bungalow: Detached,14,3,1,2,11,10,1
S01008454,Whole house or bungalow: Semi-detached,82,12,6,6,70,70,0
S01008454,Whole house or bungalow: Terraced (including end-terrace),102,18,1,17,84,81,3
S01008454,Flat maisonette or apartment or mobile/temporary accommodation,195,44,11,33,151,132,19
S01008455,All households,501,147,59,88,354,275,79
S01008455,Whole house or bungalow: Total,12,6,0,6,6,3,3
S01008455,Whole house or bungalow: Detached,2,2,0,2,0,0,0
S01008455,Whole house or bungalow: Semi-detached,4,2,0,2,2,1,1
S01008455,Whole house or bungalow: Terraced (including end-terrace),6,2,0,2,4,2,2
S01008455,Flat maisonette or apartment or mobile/temporary accommodation,489,141,59,82,348,272,76
S01008456,All households,528,137,59,78,391,337,54
S01008456,Whole house or bungalow: Total,19,10,4,6,9,7,2
S01008456,Whole house or bungalow: Detached,5,3,1,2,2,1,1
S01008456,Whole house or bungalow: Semi-detached,8,3,1,2,5,4,1
S01008456,Whole house or bungalow: Terraced (including end-terrace),6,4,2,2,2,2,0
S01008456,Flat maisonette or apartment or mobile/temporary accommodation,509,127,55,72,382,330,52
S01008457,All households,353,142,69,73,211,168,43
S01008457,Whole house or bungalow: Total,18,9,6,3,9,8,1
S01008457,Whole house or bungalow: Detached,3,0,0,0,3,3,0
S01008457,Whole house or bungalow: Semi-detached,11,6,4,2,5,4,1
S01008457,Whole house or bungalow: Terraced (including end-terrace),4,3,2,1,1,1,0
S01008457,Flat maisonette or apartment or mobile/temporary accommodation,335,133,63,70,202,160,42
S01008458,All households,428,243,100,143,185,120,65
S01008458,Whole house or bungalow: Total,192,124,45,79,68,34,34
S01008458,Whole house or bungalow: Detached,13,3,0,3,10,1,9
S01008458,Whole house or bungalow: Semi-detached,86,55,22,33,31,16,15
S01008458,Whole house or bungalow: Terraced (including end-terrace),93,66,23,43,27,17,10
S01008458,Flat maisonette or apartment or mobile/temporary accommodation,236,119,55,64,117,86,31
S01008459,All households,393,105,40,65,288,250,38
S01008459,Whole house or bungalow: Total,29,21,10,11,8,6,2
S01008459,Whole house or bungalow: Detached,3,3,0,3,0,0,0
S01008459,Whole house or bungalow: Semi-detached,17,11,8,3,6,4,2
S01008459,Whole house or bungalow: Terraced (including end-terrace),9,7,2,5,2,2,0
S01008459,Flat maisonette or apartment or mobile/temporary accommodation,364,84,30,54,280,244,36
S01008460,All households,368,65,26,39,303,272,31
S01008460,Whole house or bungalow: Total,54,24,12,12,30,27,3
S01008460,Whole house or bungalow: Detached,5,2,1,1,3,2,1
S01008460,Whole house or bungalow: Semi-detached,19,9,4,5,10,10,0
S01008460,Whole house or bungalow: Terraced (including end-terrace),30,13,7,6,17,15,2
S01008460,Flat maisonette or apartment or mobile/temporary accommodation,314,41,14,27,273,245,28
S01008461,All households,450,118,54,64,332,303,29
S01008461,Whole house or bungalow: Total,56,32,11,21,24,22,2
S01008461,Whole house or bungalow: Detached,10,7,3,4,3,1,2
S01008461,Whole house or bungalow: Semi-detached,18,8,2,6,10,10,0
S01008461,Whole house or bungalow: Terraced (including end-terrace),28,17,6,11,11,11,0
S01008461,Flat maisonette or apartment or mobile/temporary accommodation,394,86,43,43,308,281,27
S01008462,All households,349,34,28,6,315,308,7
S01008462,Whole house or bungalow: Total,58,4,1,3,54,53,1
S01008462,Whole house or bungalow: Detached,5,0,0,0,5,5,0
S01008462,Whole house or bungalow: Semi-detached,19,2,0,2,17,17,0
S01008462,Whole house or bungalow: Terraced (including end-terrace),34,2,1,1,32,31,1
S01008462,Flat maisonette or apartment or mobile/temporary accommodation,291,30,27,3,261,255,6
S01008463,All households,355,100,38,62,255,223,32
S01008463,Whole house or bungalow: Total,36,20,4,16,16,15,1
S01008463,Whole house or bungalow: Detached,7,5,1,4,2,1,1
S01008463,Whole house or bungalow: Semi-detached,20,11,2,9,9,9,0
S01008463,Whole house or bungalow: Terraced (including end-terrace),9,4,1,3,5,5,0
S01008463,Flat maisonette or apartment or mobile/temporary accommodation,319,80,34,46,239,208,31
S01008464,All households,413,321,128,193,92,11,81
S01008464,Whole house or bungalow: Total,62,48,23,25,14,1,13
S01008464,Whole house or bungalow: Detached,3,3,1,2,0,0,0
S01008464,Whole house or bungalow: Semi-detached,27,17,8,9,10,1,9
S01008464,Whole house or bungalow: Terraced (including end-terrace),32,28,14,14,4,0,4
S01008464,Flat maisonette or apartment or mobile/temporary accommodation,351,273,105,168,78,10,68
S01008465,All households,346,238,101,137,108,16,92
S01008465,Whole house or bungalow: Total,71,36,20,16,35,3,32
S01008465,Whole house or bungalow: Detached,2,0,0,0,2,0,2
S01008465,Whole house or bungalow: Semi-detached,40,17,6,11,23,0,23
S01008465,Whole house or bungalow: Terraced (including end-terrace),29,19,14,5,10,3,7
S01008465,Flat maisonette or apartment or mobile/temporary accommodation,275,202,81,121,73,13,60
S01008466,All households,318,217,83,134,101,12,89
S01008466,Whole house or bungalow: Total,63,34,15,19,29,0,29
S01008466,Whole house or bungalow: Detached,3,2,0,2,1,0,1
S01008466,Whole house or bungalow: Semi-detached,31,13,6,7,18,0,18
S01008466,Whole house or bungalow: Terraced (including end-terrace),29,19,9,10,10,0,10
S01008466,Flat maisonette or apartment or mobile/temporary accommodation,255,183,68,115,72,12,60
S01008467,All households,330,255,114,141,75,9,66
S01008467,Whole house or bungalow: Total,68,43,20,23,25,1,24
S01008467,Whole house or bungalow: Detached,3,1,0,1,2,0,2
S01008467,Whole house or bungalow: Semi-detached,34,14,5,9,20,1,19
S01008467,Whole house or bungalow: Terraced (including end-terrace),31,28,15,13,3,0,3
S01008467,Flat maisonette or apartment or mobile/temporary accommodation,262,212,94,118,50,8,42
S01008468,All households,232,138,55,83,94,62,32
S01008468,Whole house or bungalow: Total,79,55,24,31,24,17,7
S01008468,Whole house or bungalow: Detached,1,1,1,0,0,0,0
S01008468,Whole house or bungalow: Semi-detached,27,16,7,9,11,7,4
S01008468,Whole house or bungalow: Terraced (including end-terrace),51,38,16,22,13,10,3
S01008468,Flat maisonette or apartment or mobile/temporary accommodation,153,83,31,52,70,45,25
S01008469,All households,229,152,46,106,77,32,45
S01008469,Whole house or bungalow: Total,172,119,32,87,53,25,28
S01008469,Whole house or bungalow: Detached,27,21,3,18,6,3,3
S01008469,Whole house or bungalow: Semi-detached,68,40,6,34,28,9,19
S01008469,Whole house or bungalow: Terraced (including end-terrace),77,58,23,35,19,13,6
S01008469,Flat maisonette or apartment or mobile/temporary accommodation,57,33,14,19,24,7,17
S01008470,All households,298,113,47,66,185,147,38
S01008470,Whole house or bungalow: Total,144,61,25,36,83,64,19
S01008470,Whole house or bungalow: Detached,13,2,0,2,11,7,4
S01008470,Whole house or bungalow: Semi-detached,51,19,8,11,32,23,9
S01008470,Whole house or bungalow: Terraced (including end-terrace),80,40,17,23,40,34,6
S01008470,Flat maisonette or apartment or mobile/temporary accommodation,154,52,22,30,102,83,19
S01008471,All households,347,75,24,51,272,235,37
S01008471,Whole house or bungalow: Total,60,19,7,12,41,31,10
S01008471,Whole house or bungalow: Detached,7,2,1,1,5,4,1
S01008471,Whole house or bungalow: Semi-detached,28,5,3,2,23,20,3
S01008471,Whole house or bungalow: Terraced (including end-terrace),25,12,3,9,13,7,6
S01008471,Flat maisonette or apartment or mobile/temporary accommodation,287,56,17,39,231,204,27
S01008472,All households,277,146,56,90,131,80,51
S01008472,Whole house or bungalow: Total,147,79,33,46,68,46,22
S01008472,Whole house or bungalow: Detached,16,12,2,10,4,3,1
S01008472,Whole house or bungalow: Semi-detached,66,32,13,19,34,27,7
S01008472,Whole house or bungalow: Terraced (including end-terrace),65,35,18,17,30,16,14
S01008472,Flat maisonette or apartment or mobile/temporary accommodation,130,67,23,44,63,34,29
S01008473,All households,307,130,47,83,177,127,50
S01008473,Whole house or bungalow: Total,125,60,25,35,65,51,14
S01008473,Whole house or bungalow: Detached,7,5,5,0,2,2,0
S01008473,Whole house or bungalow: Semi-detached,66,30,12,18,36,30,6
S01008473,Whole house or bungalow: Terraced (including end-terrace),52,25,8,17,27,19,8
S01008473,Flat maisonette or apartment or mobile/temporary accommodation,182,70,22,48,112,76,36
S01008474,All households,440,147,56,91,293,214,79
S01008474,Whole house or bungalow: Total,82,12,3,9,70,56,14
S01008474,Whole house or bungalow: Detached,7,1,0,1,6,5,1
S01008474,Whole house or bungalow: Semi-detached,38,5,1,4,33,25,8
S01008474,Whole house or bungalow: Terraced (including end-terrace),37,6,2,4,31,26,5
S01008474,Flat maisonette or apartment or mobile/temporary accommodation,358,135,53,82,223,158,65
S01008475,All households,327,163,81,82,164,86,78
S01008475,Whole house or bungalow: Total,42,10,5,5,32,18,14
S01008475,Whole house or bungalow: Detached,1,0,0,0,1,1,0
S01008475,Whole house or bungalow: Semi-detached,10,2,2,0,8,1,7
S01008475,Whole house or bungalow: Terraced (including end-terrace),31,8,3,5,23,16,7
S01008475,Flat maisonette or apartment or mobile/temporary accommodation,285,153,76,77,132,68,64
S01008476,All households,406,210,99,111,196,125,71
S01008476,Whole house or bungalow: Total,25,7,4,3,18,12,6
S01008476,Whole house or bungalow: Detached,1,0,0,0,1,1,0
S01008476,Whole house or bungalow: Semi-detached,8,3,1,2,5,2,3
S01008476,Whole house or bungalow: Terraced (including end-terrace),16,4,3,1,12,9,3
S01008476,Flat maisonette or apartment or mobile/temporary accommodation,381,203,95,108,178,113,65
S01008477,All households,465,249,114,135,216,146,70
S01008477,Whole house or bungalow: Total,28,18,12,6,10,5,5
S01008477,Whole house or bungalow: Detached,1,1,0,1,0,0,0
S01008477,Whole house or bungalow: Semi-detached,9,7,7,0,2,1,1
S01008477,Whole house or bungalow: Terraced (including end-terrace),18,10,5,5,8,4,4
S01008477,Flat maisonette or apartment or mobile/temporary accommodation,437,231,102,129,206,141,65
S01008478,All households,439,188,92,96,251,166,85
S01008478,Whole house or bungalow: Total,30,23,14,9,7,3,4
S01008478,Whole house or bungalow: Detached,5,4,1,3,1,0,1
S01008478,Whole house or bungalow: Semi-detached,11,10,8,2,1,0,1
S01008478,Whole house or bungalow: Terraced (including end-terrace),14,9,5,4,5,3,2
S01008478,Flat maisonette or apartment or mobile/temporary accommodation,409,165,78,87,244,163,81
S01008479,All households,407,234,112,122,173,89,84
S01008479,Whole house or bungalow: Total,43,21,12,9,22,13,9
S01008479,Whole house or bungalow: Detached,6,2,1,1,4,2,2
S01008479,Whole house or bungalow: Semi-detached,12,5,3,2,7,2,5
S01008479,Whole house or bungalow: Terraced (including end-terrace),25,14,8,6,11,9,2
S01008479,Flat maisonette or apartment or mobile/temporary accommodation,364,213,100,113,151,76,75
S01008480,All households,279,108,30,78,171,97,74
S01008480,Whole house or bungalow: Total,82,31,17,14,51,42,9
S01008480,Whole house or bungalow: Detached,5,1,0,1,4,3,1
S01008480,Whole house or bungalow: Semi-detached,48,18,11,7,30,24,6
S01008480,Whole house or bungalow: Terraced (including end-terrace),29,12,6,6,17,15,2
S01008480,Flat maisonette or apartment or mobile/temporary accommodation,197,77,13,64,120,55,65
S01008481,All households,373,233,109,124,140,111,29
S01008481,Whole house or bungalow: Total,289,182,89,93,107,97,10
S01008481,Whole house or bungalow: Detached,22,17,9,8,5,4,1
S01008481,Whole house or bungalow: Semi-detached,120,76,35,41,44,39,5
S01008481,Whole house or bungalow: Terraced (including end-terrace),147,89,45,44,58,54,4
S01008481,Flat maisonette or apartment or mobile/temporary accommodation,84,51,20,31,33,14,19
S01008482,All households,316,177,84,93,139,94,45
S01008482,Whole house or bungalow: Total,179,120,66,54,59,37,22
S01008482,Whole house or bungalow: Detached,12,6,6,0,6,2,4
S01008482,Whole house or bungalow: Semi-detached,55,31,18,13,24,16,8
S01008482,Whole house or bungalow: Terraced (including end-terrace),112,83,42,41,29,19,10
S01008482,Flat maisonette or apartment or mobile/temporary accommodation,137,57,18,39,80,57,23
S01008483,All households,327,156,64,92,171,116,55
S01008483,Whole house or bungalow: Total,80,63,23,40,17,14,3
S01008483,Whole house or bungalow: Detached,9,9,6,3,0,0,0
S01008483,Whole house or bungalow: Semi-detached,13,10,6,4,3,3,0
S01008483,Whole house or bungalow: Terraced (including end-terrace),58,44,11,33,14,11,3
S01008483,Flat maisonette or apartment or mobile/temporary accommodation,247,93,41,52,154,102,52
S01008484,All households,342,267,125,142,75,44,31
S01008484,Whole house or bungalow: Total,184,159,76,83,25,19,6
S01008484,Whole house or bungalow: Detached,42,40,15,25,2,0,2
S01008484,Whole house or bungalow: Semi-detached,112,98,55,43,14,13,1
S01008484,Whole house or bungalow: Terraced (including end-terrace),30,21,6,15,9,6,3
S01008484,Flat maisonette or apartment or mobile/temporary accommodation,158,108,49,59,50,25,25
S01008485,All households,408,269,123,146,139,21,118
S01008485,Whole house or bungalow: Total,253,180,92,88,73,11,62
S01008485,Whole house or bungalow: Detached,5,4,2,2,1,1,0
S01008485,Whole house or bungalow: Semi-detached,148,91,45,46,57,8,49
S01008485,Whole house or bungalow: Terraced (including end-terrace),100,85,45,40,15,2,13
S01008485,Flat maisonette or apartment or mobile/temporary accommodation,155,89,31,58,66,10,56
S01008486,All households,459,294,149,145,165,114,51
S01008486,Whole house or bungalow: Total,205,171,89,82,34,16,18
S01008486,Whole house or bungalow: Detached,20,17,8,9,3,1,2
S01008486,Whole house or bungalow: Semi-detached,83,71,36,35,12,4,8
S01008486,Whole house or bungalow: Terraced (including end-terrace),102,83,45,38,19,11,8
S01008486,Flat maisonette or apartment or mobile/temporary accommodation,254,123,60,63,131,98,33
S01008487,All households,417,260,65,195,157,61,96
S01008487,Whole house or bungalow: Total,73,59,25,34,14,7,7
S01008487,Whole house or bungalow: Detached,18,16,11,5,2,0,2
S01008487,Whole house or bungalow: Semi-detached,15,9,3,6,6,4,2
S01008487,Whole house or bungalow: Terraced (including end-terrace),40,34,11,23,6,3,3
S01008487,Flat maisonette or apartment or mobile/temporary accommodation,344,201,40,161,143,54,89
S01008488,All households,416,256,111,145,160,72,88
S01008488,Whole house or bungalow: Total,25,16,8,8,9,5,4
S01008488,Whole house or bungalow: Detached,3,2,1,1,1,1,0
S01008488,Whole house or bungalow: Semi-detached,11,7,1,6,4,2,2
S01008488,Whole house or bungalow: Terraced (including end-terrace),11,7,6,1,4,2,2
S01008488,Flat maisonette or apartment or mobile/temporary accommodation,391,240,103,137,151,67,84
S01008489,All households,305,195,96,99,110,60,50
S01008489,Whole house or bungalow: Total,88,77,41,36,11,4,7
S01008489,Whole house or bungalow: Detached,22,20,14,6,2,0,2
S01008489,Whole house or bungalow: Semi-detached,18,16,6,10,2,1,1
S01008489,Whole house or bungalow: Terraced (including end-terrace),48,41,21,20,7,3,4
S01008489,Flat maisonette or apartment or mobile/temporary accommodation,217,118,55,63,99,56,43
S01008490,All households,528,340,135,205,188,56,132
S01008490,Whole house or bungalow: Total,45,41,26,15,4,0,4
S01008490,Whole house or bungalow: Detached,9,9,6,3,0,0,0
S01008490,Whole house or bungalow: Semi-detached,9,6,3,3,3,0,3
S01008490,Whole house or bungalow: Terraced (including end-terrace),27,26,17,9,1,0,1
S01008490,Flat maisonette or apartment or mobile/temporary accommodation,483,299,109,190,184,56,128
S01008491,All households,487,255,109,146,232,66,166
S01008491,Whole house or bungalow: Total,18,13,5,8,5,1,4
S01008491,Whole house or bungalow: Detached,5,2,0,2,3,1,2
S01008491,Whole house or bungalow: Semi-detached,3,2,1,1,1,0,1
S01008491,Whole house or bungalow: Terraced (including end-terrace),10,9,4,5,1,0,1
S01008491,Flat maisonette or apartment or mobile/temporary accommodation,469,242,104,138,227,65,162
S01008492,All households,515,243,31,212,272,154,118
S01008492,Whole house or bungalow: Total,15,8,2,6,7,4,3
S01008492,Whole house or bungalow: Detached,2,2,1,1,0,0,0
S01008492,Whole house or bungalow: Semi-detached,7,5,1,4,2,1,1
S01008492,Whole house or bungalow: Terraced (including end-terrace),6,1,0,1,5,3,2
S01008492,Flat maisonette or apartment or mobile/temporary accommodation,500,235,29,206,265,150,115
S01008493,All households,420,229,113,116,191,103,88
S01008493,Whole house or bungalow: Total,61,37,27,10,24,20,4
S01008493,Whole house or bungalow: Detached,4,4,2,2,0,0,0
S01008493,Whole house or bungalow: Semi-detached,39,24,18,6,15,11,4
S01008493,Whole house or bungalow: Terraced (including end-terrace),18,9,7,2,9,9,0
S01008493,Flat maisonette or apartment or mobile/temporary accommodation,359,192,86,106,167,83,84
S01008494,All households,409,193,55,138,216,52,164
S01008494,Whole house or bungalow: Total,20,7,3,4,13,5,8
S01008494,Whole house or bungalow: Detached,2,0,0,0,2,0,2
S01008494,Whole house or bungalow: Semi-detached,9,4,2,2,5,2,3
S01008494,Whole house or bungalow: Terraced (including end-terrace),9,3,1,2,6,3,3
S01008494,Flat maisonette or apartment or mobile/temporary accommodation,389,186,52,134,203,47,156
S01008495,All households,589,226,58,168,363,57,306
S01008495,Whole house or bungalow: Total,9,3,1,2,6,2,4
S01008495,Whole house or bungalow: Detached,1,0,0,0,1,0,1
S01008495,Whole house or bungalow: Semi-detached,2,1,0,1,1,0,1
S01008495,Whole house or bungalow: Terraced (including end-terrace),6,2,1,1,4,2,2
S01008495,Flat maisonette or apartment or mobile/temporary accommodation,580,223,57,166,357,55,302
S01008496,All households,676,266,55,211,410,37,373
S01008496,Whole house or bungalow: Total,9,2,1,1,7,3,4
S01008496,Whole house or bungalow: Detached,0,0,0,0,0,0,0
S01008496,Whole house or bungalow: Semi-detached,0,0,0,0,0,0,0
S01008496,Whole house or bungalow: Terraced (including end-terrace),9,2,1,1,7,3,4
S01008496,Flat maisonette or apartment or mobile/temporary accommodation,667,264,54,210,403,34,369
S01008497,All households,572,235,62,173,337,48,289
S01008497,Whole house or bungalow: Total,24,17,8,9,7,0,7
S01008497,Whole house or bungalow: Detached,0,0,0,0,0,0,0
S01008497,Whole house or bungalow: Semi-detached,2,0,0,0,2,0,2
S01008497,Whole house or bungalow: Terraced (including end-terrace),22,17,8,9,5,0,5
S01008497,Flat maisonette or apartment or mobile/temporary accommodation,548,218,54,164,330,48,282
S01008498,All households,525,203,51,152,322,111,211
S01008498,Whole house or bungalow: Total,23,15,5,10,8,3,5
S01008498,Whole house or bungalow: Detached,4,4,2,2,0,0,0
S01008498,Whole house or bungalow: Semi-detached,7,5,2,3,2,0,2
S01008498,Whole house or bungalow: Terraced (including end-terrace),12,6,1,5,6,3,3
S01008498,Flat maisonette or apartment or mobile/temporary accommodation,502,188,46,142,314,108,206
S01008499,All households,591,196,47,149,395,96,299
S01008499,Whole house or bungalow: Total,9,1,1,0,8,1,7
S01008499,Whole house or bungalow: Detached,2,0,0,0,2,0,2
S01008499,Whole house or bungalow: Semi-detached,3,1,1,0,2,0,2
S01008499,Whole house or bungalow: Terraced (including end-terrace),4,0,0,0,4,1,3
S01008499,Flat maisonette or apartment or mobile/temporary accommodation,582,195,46,149,387,95,292
S01008500,All households,209,31,4,27,178,125,53
S01008500,Whole house or bungalow: Total,5,1,1,0,4,3,1
S01008500,Whole house or bungalow: Detached,0,0,0,0,0,0,0
S01008500,Whole house or bungalow: Semi-detached,1,1,1,0,0,0,0
S01008500,Whole house or bungalow: Terraced (including end-terrace),4,0,0,0,4,3,1
S01008500,Flat maisonette or apartment or mobile/temporary accommodation,204,30,3,27,174,122,52
S01008501,All households,316,106,25,81,210,28,182
S01008501,Whole house or bungalow: Total,10,3,2,1,7,1,6
S01008501,Whole house or bungalow: Detached,3,1,1,0,2,0,2
S01008501,Whole house or bungalow: Semi-detached,3,0,0,0,3,1,2
S01008501,Whole house or bungalow: Terraced (including end-terrace),4,2,1,1,2,0,2
S01008501,Flat maisonette or apartment or mobile/temporary accommodation,306,103,23,80,203,27,176
S01008502,All households,373,171,35,136,202,4,198
S01008502,Whole house or bungalow: Total,8,6,0,6,2,0,2
S01008502,Whole house or bungalow: Detached,0,0,0,0,0,0,0
S01008502,Whole house or bungalow: Semi-detached,1,1,0,1,0,0,0
S01008502,Whole house or bungalow: Terraced (including end-terrace),7,5,0,5,2,0,2
S01008502,Flat maisonette or apartment or mobile/temporary accommodation,365,165,35,130,200,4,196
S01008503,All households,443,260,67,193,183,14,169
S01008503,Whole house or bungalow: Total,49,44,14,30,5,1,4
S01008503,Whole house or bungalow: Detached,2,1,0,1,1,1,0
S01008503,Whole house or bungalow: Semi-detached,2,1,0,1,1,0,1
S01008503,Whole house or bungalow: Terraced (including end-terrace),45,42,14,28,3,0,3
S01008503,Flat maisonette or apartment or mobile/temporary accommodation,394,216,53,163,178,13,165
S01008504,All households,543,398,130,268,145,5,140
S01008504,Whole house or bungalow: Total,132,118,55,63,14,0,14
S01008504,Whole house or bungalow: Detached,12,11,5,6,1,0,1
S01008504,Whole house or bungalow: Semi-detached,14,13,7,6,1,0,1
S01008504,Whole house or bungalow: Terraced (including end-terrace),106,94,43,51,12,0,12
S01008504,Flat maisonette or apartment or mobile/temporary accommodation,411,280,75,205,131,5,126
S01008505,All households,330,271,116,155,59,2,57
S01008505,Whole house or bungalow: Total,117,105,51,54,12,1,11
S01008505,Whole house or bungalow: Detached,3,3,1,2,0,0,0
S01008505,Whole house or bungalow: Semi-detached,1,1,0,1,0,0,0
S01008505,Whole house or bungalow: Terraced (including end-terrace),113,101,50,51,12,1,11
S01008505,Flat maisonette or apartment or mobile/temporary accommodation,213,166,65,101,47,1,46
S01008506,All households,442,322,181,141,120,22,98
S01008506,Whole house or bungalow: Total,66,57,29,28,9,0,9
S01008506,Whole house or bungalow: Detached,16,15,8,7,1,0,1
S01008506,Whole house or bungalow: Semi-detached,23,19,9,10,4,0,4
S01008506,Whole house or bungalow: Terraced (including end-terrace),27,23,12,11,4,0,4
S01008506,Flat maisonette or apartment or mobile/temporary accommodation,376,265,152,113,111,22,89
S01008507,All households,386,251,80,171,135,21,114
S01008507,Whole house or bungalow: Total,73,60,23,37,13,2,11
S01008507,Whole house or bungalow: Detached,5,4,2,2,1,0,1
S01008507,Whole house or bungalow: Semi-detached,11,8,4,4,3,2,1
S01008507,Whole house or bungalow: Terraced (including end-terrace),57,48,17,31,9,0,9
S01008507,Flat maisonette or apartment or mobile/temporary accommodation,313,191,57,134,122,19,103
S01008508,All households,358,316,170,146,42,1,41
S01008508,Whole house or bungalow: Total,228,217,124,93,11,1,10
S01008508,Whole house or bungalow: Detached,49,49,35,14,0,0,0
S01008508,Whole house or bungalow: Semi-detached,57,51,21,30,6,1,5
S01008508,Whole house or bungalow: Terraced (including end-terrace),122,117,68,49,5,0,5
S01008508,Flat maisonette or apartment or mobile/temporary accommodation,130,99,46,53,31,0,31
S01008509,All households,509,435,232,203,74,11,63
S01008509,Whole house or bungalow: Total,170,157,90,67,13,2,11
S01008509,Whole house or bungalow: Detached,18,17,9,8,1,0,1
S01008509,Whole house or bungalow: Semi-detached,56,50,34,16,6,1,5
S01008509,Whole house or bungalow: Terraced (including end-terrace),96,90,47,43,6,1,5
S01008509,Flat maisonette or apartment or mobile/temporary accommodation,339,278,142,136,61,9,52
S01008510,All households,390,349,179,170,41,3,38
S01008510,Whole house or bungalow: Total,305,291,162,129,14,0,14
S01008510,Whole house or bungalow: Detached,156,153,92,61,3,0,3
S01008510,Whole house or bungalow: Semi-detached,79,76,41,35,3,0,3
S01008510,Whole house or bungalow: Terraced (including end-terrace),70,62,29,33,8,0,8
S01008510,Flat maisonette or apartment or mobile/temporary accommodation,85,58,17,41,27,3,24
S01008511,All households,358,328,178,150,30,4,26
S01008511,Whole house or bungalow: Total,301,281,154,127,20,1,19
S01008511,Whole house or bungalow: Detached,232,215,114,101,17,1,16
S01008511,Whole house or bungalow: Semi-detached,60,57,34,23,3,0,3
S01008511,Whole house or bungalow: Terraced (including end-terrace),9,9,6,3,0,0,0
S01008511,Flat maisonette or apartment or mobile/temporary accommodation,57,47,24,23,10,3,7
S01008512,All households,201,197,117,80,4,0,4
S01008512,Whole house or bungalow: Total,181,179,109,70,2,0,2
S01008512,Whole house or bungalow: Detached,119,117,73,44,2,0,2
S01008512,Whole house or bungalow: Semi-detached,60,60,34,26,0,0,0
S01008512,Whole house or bungalow: Terraced (including end-terrace),2,2,2,0,0,0,0
S01008512,Flat maisonette or apartment or mobile/temporary accommodation,20,18,8,10,2,0,2
S01008513,All households,258,252,142,110,6,3,3
S01008513,Whole house or bungalow: Total,240,238,137,101,2,0,2
S01008513,Whole house or bungalow: Detached,183,181,108,73,2,0,2
S01008513,Whole house or bungalow: Semi-detached,49,49,27,22,0,0,0
S01008513,Whole house or bungalow: Terraced (including end-terrace),8,8,2,6,0,0,0
S01008513,Flat maisonette or apartment or mobile/temporary accommodation,18,14,5,9,4,3,1
S01008514,All households,397,339,204,135,58,14,44
S01008514,Whole house or bungalow: Total,210,196,101,95,14,0,14
S01008514,Whole house or bungalow: Detached,70,66,33,33,4,0,4
S01008514,Whole house or bungalow: Semi-detached,27,26,8,18,1,0,1
S01008514,Whole house or bungalow: Terraced (including end-terrace),113,104,60,44,9,0,9
S01008514,Flat maisonette or apartment or mobile/temporary accommodation,187,143,103,40,44,14,30
S01008515,All households,297,268,116,152,29,1,28
S01008515,Whole house or bungalow: Total,173,168,78,90,5,0,5
S01008515,Whole house or bungalow: Detached,5,4,2,2,1,0,1
S01008515,Whole house or bungalow: Semi-detached,58,56,23,33,2,0,2
S01008515,Whole house or bungalow: Terraced (including end-terrace),110,108,53,55,2,0,2
S01008515,Flat maisonette or apartment or mobile/temporary accommodation,124,100,38,62,24,1,23
S01008516,All households,592,317,133,184,275,29,246
S01008516,Whole house or bungalow: Total,17,11,4,7,6,4,2
S01008516,Whole house or bungalow: Detached,4,4,1,3,0,0,0
S01008516,Whole house or bungalow: Semi-detached,8,5,3,2,3,2,1
S01008516,Whole house or bungalow: Terraced (including end-terrace),5,2,0,2,3,2,1
S01008516,Flat maisonette or apartment or mobile/temporary accommodation,575,306,129,177,269,25,244
S01008517,All households,463,283,164,119,180,7,173
S01008517,Whole house or bungalow: Total,38,35,18,17,3,0,3
S01008517,Whole house or bungalow: Detached,7,6,5,1,1,0,1
S01008517,Whole house or bungalow: Semi-detached,17,15,9,6,2,0,2
S01008517,Whole house or bungalow: Terraced (including end-terrace),14,14,4,10,0,0,0
S01008517,Flat maisonette or apartment or mobile/temporary accommodation,425,248,146,102,177,7,170
S01008518,All households,378,299,150,149,79,5,74
S01008518,Whole house or bungalow: Total,175,169,96,73,6,0,6
S01008518,Whole house or bungalow: Detached,15,15,7,8,0,0,0
S01008518,Whole house or bungalow: Semi-detached,18,18,11,7,0,0,0
S01008518,Whole house or bungalow: Terraced (including end-terrace),142,136,78,58,6,0,6
S01008518,Flat maisonette or apartment or mobile/temporary accommodation,203,130,54,76,73,5,68
S01008519,All households,324,291,153,138,33,3,30
S01008519,Whole house or bungalow: Total,199,191,103,88,8,1,7
S01008519,Whole house or bungalow: Detached,31,31,15,16,0,0,0
S01008519,Whole house or bungalow: Semi-detached,14,12,5,7,2,0,2
S01008519,Whole house or bungalow: Terraced (including end-terrace),154,148,83,65,6,1,5
S01008519,Flat maisonette or apartment or mobile/temporary accommodation,125,100,50,50,25,2,23
S01008520,All households,433,410,250,160,23,4,19
S01008520,Whole house or bungalow: Total,361,347,215,132,14,3,11
S01008520,Whole house or bungalow: Detached,214,211,137,74,3,0,3
S01008520,Whole house or bungalow: Semi-detached,64,59,35,24,5,2,3
S01008520,Whole house or bungalow: Terraced (including end-terrace),83,77,43,34,6,1,5
S01008520,Flat maisonette or apartment or mobile/temporary accommodation,72,63,35,28,9,1,8
S01008521,All households,338,327,190,137,11,2,9
S01008521,Whole house or bungalow: Total,322,314,184,130,8,0,8
S01008521,Whole house or bungalow: Detached,243,236,138,98,7,0,7
S01008521,Whole house or bungalow: Semi-detached,71,71,41,30,0,0,0
S01008521,Whole house or bungalow: Terraced (including end-terrace),8,7,5,2,1,0,1
S01008521,Flat maisonette or apartment or mobile/temporary accommodation,16,13,6,7,3,2,1
S01008522,All households,228,200,111,89,28,0,28
S01008522,Whole house or bungalow: Total,130,123,60,63,7,0,7
S01008522,Whole house or bungalow: Detached,66,65,41,24,1,0,1
S01008522,Whole house or bungalow: Semi-detached,12,12,4,8,0,0,0
S01008522,Whole house or bungalow: Terraced (including end-terrace),52,46,15,31,6,0,6
S01008522,Flat maisonette or apartment or mobile/temporary accommodation,98,77,51,26,21,0,21
S01008523,All households,434,376,172,204,58,3,55
S01008523,Whole house or bungalow: Total,146,140,51,89,6,2,4
S01008523,Whole house or bungalow: Detached,43,40,18,22,3,1,2
S01008523,Whole house or bungalow: Semi-detached,14,14,4,10,0,0,0
S01008523,Whole house or bungalow: Terraced (including end-terrace),89,86,29,57,3,1,2
S01008523,Flat maisonette or apartment or mobile/temporary accommodation,288,236,121,115,52,1,51
S01008524,All households,442,182,70,112,260,206,54
S01008524,Whole house or bungalow: Total,90,48,22,26,42,33,9
S01008524,Whole house or bungalow: Detached,3,1,0,1,2,2,0
S01008524,Whole house or bungalow: Semi-detached,46,32,16,16,14,10,4
S01008524,Whole house or bungalow: Terraced (including end-terrace),41,15,6,9,26,21,5
S01008524,Flat maisonette or apartment or mobile/temporary accommodation,352,134,48,86,218,173,45
S01008525,All households,380,125,61,64,255,210,45
S01008525,Whole house or bungalow: Total,157,39,22,17,118,99,19
S01008525,Whole house or bungalow: Detached,13,4,1,3,9,6,3
S01008525,Whole house or bungalow: Semi-detached,51,12,5,7,39,28,11
S01008525,Whole house or bungalow: Terraced (including end-terrace),93,23,16,7,70,65,5
S01008525,Flat maisonette or apartment or mobile/temporary accommodation,223,86,39,47,137,111,26
S01008526,All households,448,307,145,162,141,77,64
S01008526,Whole house or bungalow: Total,111,74,32,42,37,27,10
S01008526,Whole house or bungalow: Detached,7,6,3,3,1,1,0
S01008526,Whole house or bungalow: Semi-detached,35,20,6,14,15,9,6
S01008526,Whole house or bungalow: Terraced (including end-terrace),69,48,23,25,21,17,4
S01008526,Flat maisonette or apartment or mobile/temporary accommodation,337,233,113,120,104,50,54
S01008527,All households,333,244,91,153,89,15,74
S01008527,Whole house or bungalow: Total,43,22,11,11,21,6,15
S01008527,Whole house or bungalow: Detached,3,1,1,0,2,0,2
S01008527,Whole house or bungalow: Semi-detached,19,11,4,7,8,2,6
S01008527,Whole house or bungalow: Terraced (including end-terrace),21,10,6,4,11,4,7
S01008527,Flat maisonette or apartment or mobile/temporary accommodation,290,222,80,142,68,9,59
S01008528,All households,304,225,84,141,79,8,71
S01008528,Whole house or bungalow: Total,42,20,13,7,22,1,21
S01008528,Whole house or bungalow: Detached,6,3,2,1,3,0,3
S01008528,Whole house or bungalow: Semi-detached,25,11,8,3,14,1,13
S01008528,Whole house or bungalow: Terraced (including end-terrace),11,6,3,3,5,0,5
S01008528,Flat maisonette or apartment or mobile/temporary accommodation,262,205,71,134,57,7,50
S01008529,All households,349,253,118,135,96,62,34
S01008529,Whole house or bungalow: Total,204,176,85,91,28,16,12
S01008529,Whole house or bungalow: Detached,16,14,10,4,2,1,1
S01008529,Whole house or bungalow: Semi-detached,78,71,39,32,7,2,5
S01008529,Whole house or bungalow: Terraced (including end-terrace),110,91,36,55,19,13,6
S01008529,Flat maisonette or apartment or mobile/temporary accommodation,145,77,33,44,68,46,22
S01008530,All households,369,175,74,101,194,153,41
S01008530,Whole house or bungalow: Total,29,17,6,11,12,8,4
S01008530,Whole house or bungalow: Detached,1,1,0,1,0,0,0
S01008530,Whole house or bungalow: Semi-detached,9,4,1,3,5,3,2
S01008530,Whole house or bungalow: Terraced (including end-terrace),19,12,5,7,7,5,2
S01008530,Flat maisonette or apartment or mobile/temporary accommodation,340,158,68,90,182,145,37
S01008531,All households,394,204,97,107,190,142,48
S01008531,Whole house or bungalow: Total,91,72,33,39,19,12,7
S01008531,Whole house or bungalow: Detached,10,7,4,3,3,2,1
S01008531,Whole house or bungalow: Semi-detached,54,45,19,26,9,4,5
S01008531,Whole house or bungalow: Terraced (including end-terrace),27,20,10,10,7,6,1
S01008531,Flat maisonette or apartment or mobile/temporary accommodation,303,132,64,68,171,130,41
S01008532,All households,213,127,59,68,86,71,15
S01008532,Whole house or bungalow: Total,147,109,50,59,38,30,8
S01008532,Whole house or bungalow: Detached,6,4,0,4,2,2,0
S01008532,Whole house or bungalow: Semi-detached,35,20,11,9,15,12,3
S01008532,Whole house or bungalow: Terraced (including end-terrace),106,85,39,46,21,16,5
S01008532,Flat maisonette or apartment or mobile/temporary accommodation,66,18,9,9,48,41,7
S01008533,All households,179,42,16,26,137,32,105
S01008533,Whole house or bungalow: Total,161,37,13,24,124,25,99
S01008533,Whole house or bungalow: Detached,16,6,3,3,10,4,6
S01008533,Whole house or bungalow: Semi-detached,95,24,9,15,71,12,59
S01008533,Whole house or bungalow: Terraced (including end-terrace),50,7,1,6,43,9,34
S01008533,Flat maisonette or apartment or mobile/temporary accommodation,18,5,3,2,13,7,6
S01008534,All households,274,201,90,111,73,10,63
S01008534,Whole house or bungalow: Total,250,187,84,103,63,6,57
S01008534,Whole house or bungalow: Detached,98,94,51,43,4,0,4
S01008534,Whole house or bungalow: Semi-detached,96,67,25,42,29,4,25
S01008534,Whole house or bungalow: Terraced (including end-terrace),56,26,8,18,30,2,28
S01008534,Flat maisonette or apartment or mobile/temporary accommodation,24,14,6,8,10,4,6
S01008535,All households,284,274,147,127,10,2,8
S01008535,Whole house or bungalow: Total,275,268,144,124,7,1,6
S01008535,Whole house or bungalow: Detached,202,198,111,87,4,1,3
S01008535,Whole house or bungalow: Semi-detached,72,69,32,37,3,0,3
S01008535,Whole house or bungalow: Terraced (including end-terrace),1,1,1,0,0,0,0
S01008535,Flat maisonette or apartment or mobile/temporary accommodation,9,6,3,3,3,1,2
S01008536,All households,263,242,154,88,21,7,14
S01008536,Whole house or bungalow: Total,216,205,139,66,11,6,5
S01008536,Whole house or bungalow: Detached,121,119,83,36,2,0,2
S01008536,Whole house or bungalow: Semi-detached,78,74,49,25,4,2,2
S01008536,Whole house or bungalow: Terraced (including end-terrace),17,12,7,5,5,4,1
S01008536,Flat maisonette or apartment or mobile/temporary accommodation,47,37,15,22,10,1,9
S01008537,All households,280,270,173,97,10,0,10
S01008537,Whole house or bungalow: Total,274,267,173,94,7,0,7
S01008537,Whole house or bungalow: Detached,195,189,126,63,6,0,6
S01008537,Whole house or bungalow: Semi-detached,78,77,46,31,1,0,1
S01008537,Whole house or bungalow: Terraced (including end-terrace),1,1,1,0,0,0,0
S01008537,Flat maisonette or apartment or mobile/temporary accommodation,6,3,0,3,3,0,3
S01008538,All households,242,239,165,74,3,0,3
S01008538,Whole house or bungalow: Total,238,235,162,73,3,0,3
S01008538,Whole house or bungalow: Detached,216,213,148,65,3,0,3
S01008538,Whole house or bungalow: Semi-detached,20,20,14,6,0,0,0
S01008538,Whole house or bungalow: Terraced (including end-terrace),2,2,0,2,0,0,0
S01008538,Flat maisonette or apartment or mobile/temporary accommodation,4,4,3,1,0,0,0
S01008539,All households,346,323,192,131,23,0,23
S01008539,Whole house or bungalow: Total,260,254,137,117,6,0,6
S01008539,Whole house or bungalow: Detached,172,167,93,74,5,0,5
S01008539,Whole house or bungalow: Semi-detached,63,62,33,29,1,0,1
S01008539,Whole house or bungalow: Terraced (including end-terrace),25,25,11,14,0,0,0
S01008539,Flat maisonette or apartment or mobile/temporary accommodation,86,69,55,14,17,0,17
S01008540,All households,373,352,226,126,21,2,19
S01008540,Whole house or bungalow: Total,357,342,222,120,15,0,15
S01008540,Whole house or bungalow: Detached,193,184,120,64,9,0,9
S01008540,Whole house or bungalow: Semi-detached,137,132,88,44,5,0,5
S01008540,Whole house or bungalow: Terraced (including end-terrace),27,26,14,12,1,0,1
S01008540,Flat maisonette or apartment or mobile/temporary accommodation,16,10,4,6,6,2,4
S01008541,All households,323,306,154,152,17,1,16
S01008541,Whole house or bungalow: Total,310,301,152,149,9,0,9
S01008541,Whole house or bungalow: Detached,108,104,55,49,4,0,4
S01008541,Whole house or bungalow: Semi-detached,140,137,66,71,3,0,3
S01008541,Whole house or bungalow: Terraced (including end-terrace),62,60,31,29,2,0,2
S01008541,Flat maisonette or apartment or mobile/temporary accommodation,13,5,2,3,8,1,7
S01008542,All households,337,323,144,179,14,1,13
S01008542,Whole house or bungalow: Total,327,318,142,176,9,0,9
S01008542,Whole house or bungalow: Detached,179,178,85,93,1,0,1
S01008542,Whole house or bungalow: Semi-detached,100,95,41,54,5,0,5
S01008542,Whole house or bungalow: Terraced (including end-terrace),48,45,16,29,3,0,3
S01008542,Flat maisonette or apartment or mobile/temporary accommodation,10,5,2,3,5,1,4
S01008543,All households,259,243,92,151,16,1,15
S01008543,Whole house or bungalow: Total,252,240,91,149,12,0,12
S01008543,Whole house or bungalow: Detached,84,83,31,52,1,0,1
S01008543,Whole house or bungalow: Semi-detached,124,118,45,73,6,0,6
S01008543,Whole house or bungalow: Terraced (including end-terrace),44,39,15,24,5,0,5
S01008543,Flat maisonette or apartment or mobile/temporary accommodation,7,3,1,2,4,1,3
S01008544,All households,216,201,68,133,15,2,13
S01008544,Whole house or bungalow: Total,198,190,63,127,8,0,8
S01008544,Whole house or bungalow: Detached,123,123,46,77,0,0,0
S01008544,Whole house or bungalow: Semi-detached,42,36,10,26,6,0,6
S01008544,Whole house or bungalow: Terraced (including end-terrace),33,31,7,24,2,0,2
S01008544,Flat maisonette or apartment or mobile/temporary accommodation,18,11,5,6,7,2,5
S01008545,All households,334,305,158,147,29,3,26
S01008545,Whole house or bungalow: Total,291,276,144,132,15,0,15
S01008545,Whole house or bungalow: Detached,244,237,129,108,7,0,7
S01008545,Whole house or bungalow: Semi-detached,23,19,11,8,4,0,4
S01008545,Whole house or bungalow: Terraced (including end-terrace),24,20,4,16,4,0,4
S01008545,Flat maisonette or apartment or mobile/temporary accommodation,43,29,14,15,14,3,11
S01008546,All households,337,331,198,133,6,0,6
S01008546,Whole house or bungalow: Total,332,329,198,131,3,0,3
S01008546,Whole house or bungalow: Detached,251,249,145,104,2,0,2
S01008546,Whole house or bungalow: Semi-detached,76,76,51,25,0,0,0
S01008546,Whole house or bungalow: Terraced (including end-terrace),5,4,2,2,1,0,1
S01008546,Flat maisonette or apartment or mobile/temporary accommodation,5,2,0,2,3,0,3
S01008547,All households,424,372,109,263,52,16,36
S01008547,Whole house or bungalow: Total,405,362,106,256,43,12,31
S01008547,Whole house or bungalow: Detached,141,133,51,82,8,2,6
S01008547,Whole house or bungalow: Semi-detached,176,152,44,108,24,4,20
S01008547,Whole house or bungalow: Terraced (including end-terrace),88,77,11,66,11,6,5
S01008547,Flat maisonette or apartment or mobile/temporary accommodation,19,10,3,7,9,4,5
S01008548,All households,347,269,50,219,78,32,46
S01008548,Whole house or bungalow: Total,280,236,49,187,44,20,24
S01008548,Whole house or bungalow: Detached,78,73,18,55,5,0,5
S01008548,Whole house or bungalow: Semi-detached,133,107,22,85,26,11,15
S01008548,Whole house or bungalow: Terraced (including end-terrace),69,56,9,47,13,9,4
S01008548,Flat maisonette or apartment or mobile/temporary accommodation,67,33,1,32,34,12,22
S01008549,All households,439,330,111,219,109,45,64
S01008549,Whole house or bungalow: Total,346,290,104,186,56,12,44
S01008549,Whole house or bungalow: Detached,126,107,48,59,19,3,16
S01008549,Whole house or bungalow: Semi-detached,141,117,37,80,24,7,17
S01008549,Whole house or bungalow: Terraced (including end-terrace),79,66,19,47,13,2,11
S01008549,Flat maisonette or apartment or mobile/temporary accommodation,93,40,7,33,53,33,20
S01008550,All households,346,300,127,173,46,6,40
S01008550,Whole house or bungalow: Total,284,256,112,144,28,5,23
S01008550,Whole house or bungalow: Detached,103,98,41,57,5,0,5
S01008550,Whole house or bungalow: Semi-detached,109,94,44,50,15,2,13
S01008550,Whole house or bungalow: Terraced (including end-terrace),72,64,27,37,8,3,5
S01008550,Flat maisonette or apartment or mobile/temporary accommodation,62,44,15,29,18,1,17
S01008551,All households,496,440,227,213,56,27,29
S01008551,Whole house or bungalow: Total,330,307,149,158,23,6,17
S01008551,Whole house or bungalow: Detached,63,61,35,26,2,1,1
S01008551,Whole house or bungalow: Semi-detached,112,105,54,51,7,4,3
S01008551,Whole house or bungalow: Terraced (including end-terrace),155,141,60,81,14,1,13
S01008551,Flat maisonette or apartment or mobile/temporary accommodation,166,133,78,55,33,21,12
S01008552,All households,383,331,154,177,52,16,36
S01008552,Whole house or bungalow: Total,327,297,141,156,30,13,17
S01008552,Whole house or bungalow: Detached,168,158,83,75,10,0,10
S01008552,Whole house or bungalow: Semi-detached,77,69,33,36,8,3,5
S01008552,Whole house or bungalow: Terraced (including end-terrace),82,70,25,45,12,10,2
S01008552,Flat maisonette or apartment or mobile/temporary accommodation,56,34,13,21,22,3,19
S01008553,All households,244,175,86,89,69,52,17
S01008553,Whole house or bungalow: Total,234,171,85,86,63,48,15
S01008553,Whole house or bungalow: Detached,74,65,31,34,9,3,6
S01008553,Whole house or bungalow: Semi-detached,122,80,39,41,42,34,8
S01008553,Whole house or bungalow: Terraced (including end-terrace),38,26,15,11,12,11,1
S01008553,Flat maisonette or apartment or mobile/temporary accommodation,10,4,1,3,6,4,2
S01008554,All households,368,126,50,76,242,203,39
S01008554,Whole house or bungalow: Total,282,90,35,55,192,175,17
S01008554,Whole house or bungalow: Detached,27,15,4,11,12,11,1
S01008554,Whole house or bungalow: Semi-detached,208,56,19,37,152,140,12
S01008554,Whole house or bungalow: Terraced (including end-terrace),47,19,12,7,28,24,4
S01008554,Flat maisonette or apartment or mobile/temporary accommodation,86,36,15,21,50,28,22
S01008555,All households,528,146,44,102,382,336,46
S01008555,Whole house or bungalow: Total,151,63,11,52,88,73,15
S01008555,Whole house or bungalow: Detached,14,6,2,4,8,8,0
S01008555,Whole house or bungalow: Semi-detached,56,21,3,18,35,31,4
S01008555,Whole house or bungalow: Terraced (including end-terrace),81,36,6,30,45,34,11
S01008555,Flat maisonette or apartment or mobile/temporary accommodation,377,83,33,50,294,263,31
S01008556,All households,346,170,59,111,176,136,40
S01008556,Whole house or bungalow: Total,184,111,41,70,73,59,14
S01008556,Whole house or bungalow: Detached,7,4,2,2,3,2,1
S01008556,Whole house or bungalow: Semi-detached,67,27,8,19,40,32,8
S01008556,Whole house or bungalow: Terraced (including end-terrace),110,80,31,49,30,25,5
S01008556,Flat maisonette or apartment or mobile/temporary accommodation,162,59,18,41,103,77,26
S01008557,All households,429,161,62,99,268,204,64
S01008557,Whole house or bungalow: Total,274,122,48,74,152,108,44
S01008557,Whole house or bungalow: Detached,35,13,5,8,22,17,5
S01008557,Whole house or bungalow: Semi-detached,124,48,13,35,76,48,28
S01008557,Whole house or bungalow: Terraced (including end-terrace),115,61,30,31,54,43,11
S01008557,Flat maisonette or apartment or mobile/temporary accommodation,155,39,14,25,116,96,20
S01008558,All households,433,231,104,127,202,144,58
S01008558,Whole house or bungalow: Total,219,146,71,75,73,54,19
S01008558,Whole house or bungalow: Detached,14,6,3,3,8,6,2
S01008558,Whole house or bungalow: Semi-detached,62,33,15,18,29,20,9
S01008558,Whole house or bungalow: Terraced (including end-terrace),143,107,53,54,36,28,8
S01008558,Flat maisonette or apartment or mobile/temporary accommodation,214,85,33,52,129,90,39
S01008559,All households,295,189,71,118,106,73,33
S01008559,Whole house or bungalow: Total,242,160,61,99,82,59,23
S01008559,Whole house or bungalow: Detached,6,5,2,3,1,1,0
S01008559,Whole house or bungalow: Semi-detached,125,80,35,45,45,31,14
S01008559,Whole house or bungalow: Terraced (including end-terrace),111,75,24,51,36,27,9
S01008559,Flat maisonette or apartment or mobile/temporary accommodation,53,29,10,19,24,14,10
S01008560,All households,295,176,62,114,119,81,38
S01008560,Whole house or bungalow: Total,236,149,53,96,87,58,29
S01008560,Whole house or bungalow: Detached,17,10,3,7,7,4,3
S01008560,Whole house or bungalow: Semi-detached,142,90,32,58,52,37,15
S01008560,Whole house or bungalow: Terraced (including end-terrace),77,49,18,31,28,17,11
S01008560,Flat maisonette or apartment or mobile/temporary accommodation,59,27,9,18,32,23,9
S01008561,All households,277,169,61,108,108,75,33
S01008561,Whole house or bungalow: Total,244,157,58,99,87,58,29
S01008561,Whole house or bungalow: Detached,11,5,0,5,6,4,2
S01008561,Whole house or bungalow: Semi-detached,76,40,16,24,36,24,12
S01008561,Whole house or bungalow: Terraced (including end-terrace),157,112,42,70,45,30,15
S01008561,Flat maisonette or apartment or mobile/temporary accommodation,33,12,3,9,21,17,4
S01008562,All households,344,65,8,57,279,266,13
S01008562,Whole house or bungalow: Total,170,55,7,48,115,105,10
S01008562,Whole house or bungalow: Detached,11,4,0,4,7,7,0
S01008562,Whole house or bungalow: Semi-detached,88,29,3,26,59,54,5
S01008562,Whole house or bungalow: Terraced (including end-terrace),71,22,4,18,49,44,5
S01008562,Flat maisonette or apartment or mobile/temporary accommodation,174,10,1,9,164,161,3
S01008563,All households,369,203,64,139,166,114,52
S01008563,Whole house or bungalow: Total,139,97,43,54,42,23,19
S01008563,Whole house or bungalow: Detached,35,28,10,18,7,3,4
S01008563,Whole house or bungalow: Semi-detached,45,34,19,15,11,7,4
S01008563,Whole house or bungalow: Terraced (including end-terrace),59,35,14,21,24,13,11
S01008563,Flat maisonette or apartment or mobile/temporary accommodation,230,106,21,85,124,91,33
S01008564,All households,315,209,91,118,106,68,38
S01008564,Whole house or bungalow: Total,243,174,82,92,69,47,22
S01008564,Whole house or bungalow: Detached,14,10,3,7,4,2,2
S01008564,Whole house or bungalow: Semi-detached,53,34,12,22,19,14,5
S01008564,Whole house or bungalow: Terraced (including end-terrace),176,130,67,63,46,31,15
S01008564,Flat maisonette or apartment or mobile/temporary accommodation,72,35,9,26,37,21,16
S01008565,All households,414,200,96,104,214,185,29
S01008565,Whole house or bungalow: Total,288,171,83,88,117,98,19
S01008565,Whole house or bungalow: Detached,41,36,21,15,5,2,3
S01008565,Whole house or bungalow: Semi-detached,83,33,13,20,50,42,8
S01008565,Whole house or bungalow: Terraced (including end-terrace),164,102,49,53,62,54,8
S01008565,Flat maisonette or apartment or mobile/temporary accommodation,126,29,13,16,97,87,10
S01008566,All households,433,251,78,173,182,140,42
S01008566,Whole house or bungalow: Total,365,221,72,149,144,107,37
S01008566,Whole house or bungalow: Detached,21,12,3,9,9,7,2
S01008566,Whole house or bungalow: Semi-detached,191,117,47,70,74,53,21
S01008566,Whole house or bungalow: Terraced (including end-terrace),153,92,22,70,61,47,14
S01008566,Flat maisonette or apartment or mobile/temporary accommodation,68,30,6,24,38,33,5
S01008567,All households,289,158,58,100,131,106,25
S01008567,Whole house or bungalow: Total,251,149,54,95,102,81,21
S01008567,Whole house or bungalow: Detached,22,18,8,10,4,2,2
S01008567,Whole house or bungalow: Semi-detached,173,96,29,67,77,62,15
S01008567,Whole house or bungalow: Terraced (including end-terrace),56,35,17,18,21,17,4
S01008567,Flat maisonette or apartment or mobile/temporary accommodation,38,9,4,5,29,25,4
S01008568,All households,350,268,90,178,82,15,67
S01008568,Whole house or bungalow: Total,322,253,84,169,69,11,58
S01008568,Whole house or bungalow: Detached,39,32,15,17,7,2,5
S01008568,Whole house or bungalow: Semi-detached,152,116,39,77,36,4,32
S01008568,Whole house or bungalow: Terraced (including end-terrace),131,105,30,75,26,5,21
S01008568,Flat maisonette or apartment or mobile/temporary accommodation,28,15,6,9,13,4,9
S01008569,All households,400,48,30,18,352,316,36
S01008569,Whole house or bungalow: Total,23,13,9,4,10,6,4
S01008569,Whole house or bungalow: Detached,8,5,3,2,3,2,1
S01008569,Whole house or bungalow: Semi-detached,11,6,6,0,5,2,3
S01008569,Whole house or bungalow: Terraced (including end-terrace),4,2,0,2,2,2,0
S01008569,Flat maisonette or apartment or mobile/temporary accommodation,377,35,21,14,342,310,32
S01008570,All households,426,133,57,76,293,261,32
S01008570,Whole house or bungalow: Total,235,122,49,73,113,88,25
S01008570,Whole house or bungalow: Detached,45,24,17,7,21,14,7
S01008570,Whole house or bungalow: Semi-detached,131,61,25,36,70,57,13
S01008570,Whole house or bungalow: Terraced (including end-terrace),59,37,7,30,22,17,5
S01008570,Flat maisonette or apartment or mobile/temporary accommodation,191,11,8,3,180,173,7
S01008571,All households,323,207,110,97,116,87,29
S01008571,Whole house or bungalow: Total,250,188,100,88,62,41,21
S01008571,Whole house or bungalow: Detached,45,34,20,14,11,4,7
S01008571,Whole house or bungalow: Semi-detached,118,90,52,38,28,19,9
S01008571,Whole house or bungalow: Terraced (including end-terrace),87,64,28,36,23,18,5
S01008571,Flat maisonette or apartment or mobile/temporary accommodation,73,19,10,9,54,46,8
S01008572,All households,346,251,107,144,95,44,51
S01008572,Whole house or bungalow: Total,266,204,79,125,62,37,25
S01008572,Whole house or bungalow: Detached,40,31,15,16,9,5,4
S01008572,Whole house or bungalow: Semi-detached,85,64,26,38,21,13,8
S01008572,Whole house or bungalow: Terraced (including end-terrace),141,109,38,71,32,19,13
S01008572,Flat maisonette or apartment or mobile/temporary accommodation,80,47,28,19,33,7,26
S01008573,All households,321,275,98,177,46,20,26
S01008573,Whole house or bungalow: Total,270,251,92,159,19,6,13
S01008573,Whole house or bungalow: Detached,143,134,43,91,9,1,8
S01008573,Whole house or bungalow: Semi-detached,117,110,45,65,7,2,5
S01008573,Whole house or bungalow: Terraced (including end-terrace),10,7,4,3,3,3,0
S01008573,Flat maisonette or apartment or mobile/temporary accommodation,51,24,6,18,27,14,13
S01008574,All households,293,263,93,170,30,7,23
S01008574,Whole house or bungalow: Total,243,232,81,151,11,2,9
S01008574,Whole house or bungalow: Detached,103,100,40,60,3,1,2
S01008574,Whole house or bungalow: Semi-detached,73,69,16,53,4,0,4
S01008574,Whole house or bungalow: Terraced (including end-terrace),67,63,25,38,4,1,3
S01008574,Flat maisonette or apartment or mobile/temporary accommodation,50,31,12,19,19,5,14
S01008575,All households,335,298,136,162,37,5,32
S01008575,Whole house or bungalow: Total,248,232,100,132,16,1,15
S01008575,Whole house or bungalow: Detached,163,156,65,91,7,0,7
S01008575,Whole house or bungalow: Semi-detached,54,46,20,26,8,1,7
S01008575,Whole house or bungalow: Terraced (including end-terrace),31,30,15,15,1,0,1
S01008575,Flat maisonette or apartment or mobile/temporary accommodation,87,66,36,30,21,4,17
S01008576,All households,386,328,175,153,58,7,51
S01008576,Whole house or bungalow: Total,249,242,136,106,7,2,5
S01008576,Whole house or bungalow: Detached,77,75,43,32,2,0,2
S01008576,Whole house or bungalow: Semi-detached,77,74,37,37,3,1,2
S01008576,Whole house or bungalow: Terraced (including end-terrace),95,93,56,37,2,1,1
S01008576,Flat maisonette or apartment or mobile/temporary accommodation,137,86,39,47,51,5,46
S01008577,All households,363,328,206,122,35,6,29
S01008577,Whole house or bungalow: Total,271,257,149,108,14,2,12
S01008577,Whole house or bungalow: Detached,100,95,62,33,5,0,5
S01008577,Whole house or bungalow: Semi-detached,162,155,84,71,7,2,5
S01008577,Whole house or bungalow: Terraced (including end-terrace),9,7,3,4,2,0,2
S01008577,Flat maisonette or apartment or mobile/temporary accommodation,92,71,57,14,21,4,17
S01008578,All households,291,277,164,113,14,3,11
S01008578,Whole house or bungalow: Total,255,246,150,96,9,1,8
S01008578,Whole house or bungalow: Detached,72,69,44,25,3,0,3
S01008578,Whole house or bungalow: Semi-detached,165,160,97,63,5,1,4
S01008578,Whole house or bungalow: Terraced (including end-terrace),18,17,9,8,1,0,1
S01008578,Flat maisonette or apartment or mobile/temporary accommodation,36,31,14,17,5,2,3
S01008579,All households,301,268,171,97,33,5,28
S01008579,Whole house or bungalow: Total,262,240,160,80,22,1,21
S01008579,Whole house or bungalow: Detached,132,124,84,40,8,0,8
S01008579,Whole house or bungalow: Semi-detached,113,104,69,35,9,1,8
S01008579,Whole house or bungalow: Terraced (including end-terrace),17,12,7,5,5,0,5
S01008579,Flat maisonette or apartment or mobile/temporary accommodation,39,28,11,17,11,4,7
S01008580,All households,261,175,77,98,86,40,46
S01008580,Whole house or bungalow: Total,208,164,75,89,44,17,27
S01008580,Whole house or bungalow: Detached,50,48,30,18,2,1,1
S01008580,Whole house or bungalow: Semi-detached,43,29,11,18,14,4,10
S01008580,Whole house or bungalow: Terraced (including end-terrace),115,87,34,53,28,12,16
S01008580,Flat maisonette or apartment or mobile/temporary accommodation,53,11,2,9,42,23,19
S01008581,All households,464,248,108,140,216,150,66
S01008581,Whole house or bungalow: Total,243,147,69,78,96,74,22
S01008581,Whole house or bungalow: Detached,8,5,2,3,3,3,0
S01008581,Whole house or bungalow: Semi-detached,61,32,16,16,29,22,7
S01008581,Whole house or bungalow: Terraced (including end-terrace),174,110,51,59,64,49,15
S01008581,Flat maisonette or apartment or mobile/temporary accommodation,221,101,39,62,120,76,44
S01008582,All households,486,289,120,169,197,136,61
S01008582,Whole house or bungalow: Total,275,180,80,100,95,73,22
S01008582,Whole house or bungalow: Detached,24,21,11,10,3,1,2
S01008582,Whole house or bungalow: Semi-detached,71,38,17,21,33,23,10
S01008582,Whole house or bungalow: Terraced (including end-terrace),180,121,52,69,59,49,10
S01008582,Flat maisonette or apartment or mobile/temporary accommodation,211,109,40,69,102,63,39
S01008583,All households,352,196,83,113,156,86,70
S01008583,Whole house or bungalow: Total,174,111,42,69,63,41,22
S01008583,Whole house or bungalow: Detached,7,6,3,3,1,1,0
S01008583,Whole house or bungalow: Semi-detached,59,35,11,24,24,10,14
S01008583,Whole house or bungalow: Terraced (including end-terrace),108,70,28,42,38,30,8
S01008583,Flat maisonette or apartment or mobile/temporary accommodation,178,85,41,44,93,45,48
S01008584,All households,394,212,104,108,182,86,96
S01008584,Whole house or bungalow: Total,175,107,50,57,68,40,28
S01008584,Whole house or bungalow: Detached,12,9,6,3,3,1,2
S01008584,Whole house or bungalow: Semi-detached,44,21,8,13,23,18,5
S01008584,Whole house or bungalow: Terraced (including end-terrace),119,77,36,41,42,21,21
S01008584,Flat maisonette or apartment or mobile/temporary accommodation,219,105,54,51,114,46,68
S01008585,All households,249,155,62,93,94,57,37
S01008585,Whole house or bungalow: Total,135,92,27,65,43,24,19
S01008585,Whole house or bungalow: Detached,4,2,0,2,2,2,0
S01008585,Whole house or bungalow: Semi-detached,54,38,10,28,16,10,6
S01008585,Whole house or bungalow: Terraced (including end-terrace),77,52,17,35,25,12,13
S01008585,Flat maisonette or apartment or mobile/temporary accommodation,114,63,35,28,51,33,18
S01008586,All households,360,212,97,115,148,105,43
S01008586,Whole house or bungalow: Total,265,164,72,92,101,76,25
S01008586,Whole house or bungalow: Detached,17,10,7,3,7,5,2
S01008586,Whole house or bungalow: Semi-detached,97,61,29,32,36,27,9
S01008586,Whole house or bungalow: Terraced (including end-terrace),151,93,36,57,58,44,14
S01008586,Flat maisonette or apartment or mobile/temporary accommodation,95,48,25,23,47,29,18
S01008587,All households,316,262,150,112,54,7,47
S01008587,Whole house or bungalow: Total,215,199,126,73,16,2,14
S01008587,Whole house or bungalow: Detached,150,140,92,48,10,0,10
S01008587,Whole house or bungalow: Semi-detached,41,36,22,14,5,1,4
S01008587,Whole house or bungalow: Terraced (including end-terrace),24,23,12,11,1,1,0
S01008587,Flat maisonette or apartment or mobile/temporary accommodation,101,63,24,39,38,5,33
S01008588,All households,344,286,158,128,58,4,54
S01008588,Whole house or bungalow: Total,135,126,70,56,9,1,8
S01008588,Whole house or bungalow: Detached,23,22,9,13,1,0,1
S01008588,Whole house or bungalow: Semi-detached,38,34,18,16,4,0,4
S01008588,Whole house or bungalow: Terraced (including end-terrace),74,70,43,27,4,1,3
S01008588,Flat maisonette or apartment or mobile/temporary accommodation,209,160,88,72,49,3,46
S01008589,All households,172,123,60,63,49,43,6
S01008589,Whole house or bungalow: Total,92,88,46,42,4,3,1
S01008589,Whole house or bungalow: Detached,10,8,4,4,2,1,1
S01008589,Whole house or bungalow: Semi-detached,29,28,14,14,1,1,0
S01008589,Whole house or bungalow: Terraced (including end-terrace),53,52,28,24,1,1,0
S01008589,Flat maisonette or apartment or mobile/temporary accommodation,80,35,14,21,45,40,5
S01008590,All households,413,315,201,114,98,11,87
S01008590,Whole house or bungalow: Total,88,81,34,47,7,1,6
S01008590,Whole house or bungalow: Detached,6,5,2,3,1,0,1
S01008590,Whole house or bungalow: Semi-detached,28,26,12,14,2,1,1
S01008590,Whole house or bungalow: Terraced (including end-terrace),54,50,20,30,4,0,4
S01008590,Flat maisonette or apartment or mobile/temporary accommodation,325,234,167,67,91,10,81
S01008591,All households,327,238,109,129,89,15,74
S01008591,Whole house or bungalow: Total,138,122,60,62,16,6,10
S01008591,Whole house or bungalow: Detached,7,7,1,6,0,0,0
S01008591,Whole house or bungalow: Semi-detached,60,54,31,23,6,1,5
S01008591,Whole house or bungalow: Terraced (including end-terrace),71,61,28,33,10,5,5
S01008591,Flat maisonette or apartment or mobile/temporary accommodation,189,116,49,67,73,9,64
S01008592,All households,356,228,119,109,128,49,79
S01008592,Whole house or bungalow: Total,190,155,84,71,35,25,10
S01008592,Whole house or bungalow: Detached,18,15,7,8,3,2,1
S01008592,Whole house or bungalow: Semi-detached,66,58,36,22,8,4,4
S01008592,Whole house or bungalow: Terraced (including end-terrace),106,82,41,41,24,19,5
S01008592,Flat maisonette or apartment or mobile/temporary accommodation,166,73,35,38,93,24,69
S01008593,All households,309,285,164,121,24,5,19
S01008593,Whole house or bungalow: Total,193,185,110,75,8,2,6
S01008593,Whole house or bungalow: Detached,24,22,13,9,2,0,2
S01008593,Whole house or bungalow: Semi-detached,94,91,52,39,3,0,3
S01008593,Whole house or bungalow: Terraced (including end-terrace),75,72,45,27,3,2,1
S01008593,Flat maisonette or apartment or mobile/temporary accommodation,116,100,54,46,16,3,13
S01008594,All households,428,335,185,150,93,11,82
S01008594,Whole house or bungalow: Total,160,141,77,64,19,3,16
S01008594,Whole house or bungalow: Detached,36,31,20,11,5,0,5
S01008594,Whole house or bungalow: Semi-detached,84,73,32,41,11,3,8
S01008594,Whole house or bungalow: Terraced (including end-terrace),40,37,25,12,3,0,3
S01008594,Flat maisonette or apartment or mobile/temporary accommodation,268,194,108,86,74,8,66
S01008595,All households,508,207,104,103,301,212,89
S01008595,Whole house or bungalow: Total,142,118,65,53,24,10,14
S01008595,Whole house or bungalow: Detached,13,5,3,2,8,5,3
S01008595,Whole house or bungalow: Semi-detached,96,86,46,40,10,4,6
S01008595,Whole house or bungalow: Terraced (including end-terrace),33,27,16,11,6,1,5
S01008595,Flat maisonette or apartment or mobile/temporary accommodation,366,89,39,50,277,202,75
S01008596,All households,455,204,99,105,251,122,129
S01008596,Whole house or bungalow: Total,63,33,15,18,30,18,12
S01008596,Whole house or bungalow: Detached,8,6,3,3,2,2,0
S01008596,Whole house or bungalow: Semi-detached,19,7,3,4,12,7,5
S01008596,Whole house or bungalow: Terraced (including end-terrace),36,20,9,11,16,9,7
S01008596,Flat maisonette or apartment or mobile/temporary accommodation,392,171,84,87,221,104,117
S01008597,All households,388,337,195,142,51,8,43
S01008597,Whole house or bungalow: Total,330,305,181,124,25,5,20
S01008597,Whole house or bungalow: Detached,155,148,95,53,7,1,6
S01008597,Whole house or bungalow: Semi-detached,97,88,49,39,9,0,9
S01008597,Whole house or bungalow: Terraced (including end-terrace),78,69,37,32,9,4,5
S01008597,Flat maisonette or apartment or mobile/temporary accommodation,58,32,14,18,26,3,23
S01008598,All households,329,157,70,87,172,34,138
S01008598,Whole house or bungalow: Total,55,43,20,23,12,3,9
S01008598,Whole house or bungalow: Detached,11,10,6,4,1,1,0
S01008598,Whole house or bungalow: Semi-detached,20,14,8,6,6,1,5
S01008598,Whole house or bungalow: Terraced (including end-terrace),24,19,6,13,5,1,4
S01008598,Flat maisonette or apartment or mobile/temporary accommodation,274,114,50,64,160,31,129
S01008599,All households,366,246,117,129,120,8,112
S01008599,Whole house or bungalow: Total,139,129,74,55,10,1,9
S01008599,Whole house or bungalow: Detached,26,26,15,11,0,0,0
S01008599,Whole house or bungalow: Semi-detached,78,71,44,27,7,1,6
S01008599,Whole house or bungalow: Terraced (including end-terrace),35,32,15,17,3,0,3
S01008599,Flat maisonette or apartment or mobile/temporary accommodation,227,117,43,74,110,7,103
S01008600,All households,306,192,101,91,114,16,98
S01008600,Whole house or bungalow: Total,111,96,55,41,15,4,11
S01008600,Whole house or bungalow: Detached,24,19,13,6,5,2,3
S01008600,Whole house or bungalow: Semi-detached,62,59,36,23,3,0,3
S01008600,Whole house or bungalow: Terraced (including end-terrace),25,18,6,12,7,2,5
S01008600,Flat maisonette or apartment or mobile/temporary accommodation,195,96,46,50,99,12,87
S01008601,All households,314,117,67,50,197,28,169
S01008601,Whole house or bungalow: Total,55,28,12,16,27,12,15
S01008601,Whole house or bungalow: Detached,7,4,1,3,3,1,2
S01008601,Whole house or bungalow: Semi-detached,26,12,5,7,14,5,9
S01008601,Whole house or bungalow: Terraced (including end-terrace),22,12,6,6,10,6,4
S01008601,Flat maisonette or apartment or mobile/temporary accommodation,259,89,55,34,170,16,154
S01008602,All households,323,150,70,80,173,24,149
S01008602,Whole house or bungalow: Total,21,14,5,9,7,3,4
S01008602,Whole house or bungalow: Detached,2,2,0,2,0,0,0
S01008602,Whole house or bungalow: Semi-detached,8,4,0,4,4,1,3
S01008602,Whole house or bungalow: Terraced (including end-terrace),11,8,5,3,3,2,1
S01008602,Flat maisonette or apartment or mobile/temporary accommodation,302,136,65,71,166,21,145
S01008603,All households,544,196,74,122,348,59,289
S01008603,Whole house or bungalow: Total,10,5,1,4,5,4,1
S01008603,Whole house or bungalow: Detached,1,1,0,1,0,0,0
S01008603,Whole house or bungalow: Semi-detached,3,0,0,0,3,2,1
S01008603,Whole house or bungalow: Terraced (including end-terrace),6,4,1,3,2,2,0
S01008603,Flat maisonette or apartment or mobile/temporary accommodation,534,191,73,118,343,55,288
S01008604,All households,418,212,102,110,206,9,197
S01008604,Whole house or bungalow: Total,88,77,38,39,11,1,10
S01008604,Whole house or bungalow: Detached,23,17,9,8,6,0,6
S01008604,Whole house or bungalow: Semi-detached,24,22,8,14,2,1,1
S01008604,Whole house or bungalow: Terraced (including end-terrace),41,38,21,17,3,0,3
S01008604,Flat maisonette or apartment or mobile/temporary accommodation,330,135,64,71,195,8,187
S01008605,All households,337,177,83,94,160,9,151
S01008605,Whole house or bungalow: Total,51,46,27,19,5,0,5
S01008605,Whole house or bungalow: Detached,16,13,8,5,3,0,3
S01008605,Whole house or bungalow: Semi-detached,23,21,16,5,2,0,2
S01008605,Whole house or bungalow: Terraced (including end-terrace),12,12,3,9,0,0,0
S01008605,Flat maisonette or apartment or mobile/temporary accommodation,286,131,56,75,155,9,146
S01008606,All households,287,222,118,104,65,8,57
S01008606,Whole house or bungalow: Total,122,111,62,49,11,1,10
S01008606,Whole house or bungalow: Detached,10,10,3,7,0,0,0
S01008606,Whole house or bungalow: Semi-detached,43,37,24,13,6,1,5
S01008606,Whole house or bungalow: Terraced (including end-terrace),69,64,35,29,5,0,5
S01008606,Flat maisonette or apartment or mobile/temporary accommodation,165,111,56,55,54,7,47
S01008607,All households,283,225,147,78,58,37,21
S01008607,Whole house or bungalow: Total,147,135,91,44,12,6,6
S01008607,Whole house or bungalow: Detached,54,48,33,15,6,3,3
S01008607,Whole house or bungalow: Semi-detached,67,61,46,15,6,3,3
S01008607,Whole house or bungalow: Terraced (including end-terrace),26,26,12,14,0,0,0
S01008607,Flat maisonette or apartment or mobile/temporary accommodation,136,90,56,34,46,31,15
S01008608,All households,326,285,191,94,41,0,41
S01008608,Whole house or bungalow: Total,79,71,53,18,8,0,8
S01008608,Whole house or bungalow: Detached,20,18,17,1,2,0,2
S01008608,Whole house or bungalow: Semi-detached,27,22,17,5,5,0,5
S01008608,Whole house or bungalow: Terraced (including end-terrace),32,31,19,12,1,0,1
S01008608,Flat maisonette or apartment or mobile/temporary accommodation,247,214,138,76,33,0,33
S01008609,All households,410,337,195,142,73,31,42
S01008609,Whole house or bungalow: Total,160,150,79,71,10,2,8
S01008609,Whole house or bungalow: Detached,69,67,36,31,2,1,1
S01008609,Whole house or bungalow: Semi-detached,50,47,22,25,3,1,2
S01008609,Whole house or bungalow: Terraced (including end-terrace),41,36,21,15,5,0,5
S01008609,Flat maisonette or apartment or mobile/temporary accommodation,250,187,116,71,63,29,34
S01008610,All households,416,316,220,96,100,13,87
S01008610,Whole house or bungalow: Total,95,90,58,32,5,2,3
S01008610,Whole house or bungalow: Detached,57,55,36,19,2,1,1
S01008610,Whole house or bungalow: Semi-detached,30,28,20,8,2,0,2
S01008610,Whole house or bungalow: Terraced (including end-terrace),8,7,2,5,1,1,0
S01008610,Flat maisonette or apartment or mobile/temporary accommodation,321,226,162,64,95,11,84
S01008611,All households,592,247,126,121,345,12,333
S01008611,Whole house or bungalow: Total,71,60,36,24,11,2,9
S01008611,Whole house or bungalow: Detached,12,12,8,4,0,0,0
S01008611,Whole house or bungalow: Semi-detached,46,38,21,17,8,2,6
S01008611,Whole house or bungalow: Terraced (including end-terrace),13,10,7,3,3,0,3
S01008611,Flat maisonette or apartment or mobile/temporary accommodation,521,187,90,97,334,10,324
S01008612,All households,376,106,47,59,270,44,226
S01008612,Whole house or bungalow: Total,10,6,2,4,4,1,3
S01008612,Whole house or bungalow: Detached,4,3,1,2,1,0,1
S01008612,Whole house or bungalow: Semi-detached,4,3,1,2,1,1,0
S01008612,Whole house or bungalow: Terraced (including end-terrace),2,0,0,0,2,0,2
S01008612,Flat maisonette or apartment or mobile/temporary accommodation,366,100,45,55,266,43,223
S01008613,All households,371,214,138,76,157,12,145
S01008613,Whole house or bungalow: Total,82,73,46,27,9,2,7
S01008613,Whole house or bungalow: Detached,19,16,8,8,3,1,2
S01008613,Whole house or bungalow: Semi-detached,45,41,31,10,4,1,3
S01008613,Whole house or bungalow: Terraced (including end-terrace),18,16,7,9,2,0,2
S01008613,Flat maisonette or apartment or mobile/temporary accommodation,289,141,92,49,148,10,138
S01008614,All households,307,92,47,45,215,33,182
S01008614,Whole house or bungalow: Total,24,17,11,6,7,1,6
S01008614,Whole house or bungalow: Detached,2,2,0,2,0,0,0
S01008614,Whole house or bungalow: Semi-detached,10,7,6,1,3,1,2
S01008614,Whole house or bungalow: Terraced (including end-terrace),12,8,5,3,4,0,4
S01008614,Flat maisonette or apartment or mobile/temporary accommodation,283,75,36,39,208,32,176
S01008615,All households,331,156,75,81,175,14,161
S01008615,Whole house or bungalow: Total,33,27,12,15,6,1,5
S01008615,Whole house or bungalow: Detached,4,3,1,2,1,0,1
S01008615,Whole house or bungalow: Semi-detached,14,11,7,4,3,1,2
S01008615,Whole house or bungalow: Terraced (including end-terrace),15,13,4,9,2,0,2
S01008615,Flat maisonette or apartment or mobile/temporary accommodation,298,129,63,66,169,13,156
S01008616,All households,259,103,47,56,156,0,156
S01008616,Whole house or bungalow: Total,6,3,1,2,3,0,3
S01008616,Whole house or bungalow: Detached,0,0,0,0,0,0,0
S01008616,Whole house or bungalow: Semi-detached,4,3,1,2,1,0,1
S01008616,Whole house or bungalow: Terraced (including end-terrace),2,0,0,0,2,0,2
S01008616,Flat maisonette or apartment or mobile/temporary accommodation,253,100,46,54,153,0,153
S01008617,All households,281,127,61,66,154,3,151
S01008617,Whole house or bungalow: Total,23,15,9,6,8,0,8
S01008617,Whole house or bungalow: Detached,3,2,1,1,1,0,1
S01008617,Whole house or bungalow: Semi-detached,2,2,1,1,0,0,0
S01008617,Whole house or bungalow: Terraced (including end-terrace),18,11,7,4,7,0,7
S01008617,Flat maisonette or apartment or mobile/temporary accommodation,258,112,52,60,146,3,143
S01008618,All households,267,107,46,61,160,0,160
S01008618,Whole house or bungalow: Total,7,5,1,4,2,0,2
S01008618,Whole house or bungalow: Detached,2,2,1,1,0,0,0
S01008618,Whole house or bungalow: Semi-detached,2,2,0,2,0,0,0
S01008618,Whole house or bungalow: Terraced (including end-terrace),3,1,0,1,2,0,2
S01008618,Flat maisonette or apartment or mobile/temporary accommodation,260,102,45,57,158,0,158
S01008619,All households,203,105,62,43,98,1,97
S01008619,Whole house or bungalow: Total,2,1,0,1,1,0,1
S01008619,Whole house or bungalow: Detached,1,0,0,0,1,0,1
S01008619,Whole house or bungalow: Semi-detached,0,0,0,0,0,0,0
S01008619,Whole house or bungalow: Terraced (including end-terrace),1,1,0,1,0,0,0
S01008619,Flat maisonette or apartment or mobile/temporary accommodation,201,104,62,42,97,1,96
S01008620,All households,290,119,49,70,171,9,162
S01008620,Whole house or bungalow: Total,5,3,1,2,2,1,1
S01008620,Whole house or bungalow: Detached,2,2,1,1,0,0,0
S01008620,Whole house or bungalow: Semi-detached,1,0,0,0,1,0,1
S01008620,Whole house or bungalow: Terraced (including end-terrace),2,1,0,1,1,1,0
S01008620,Flat maisonette or apartment or mobile/temporary accommodation,285,116,48,68,169,8,161
S01008621,All households,272,120,54,66,152,3,149
S01008621,Whole house or bungalow: Total,7,6,4,2,1,0,1
S01008621,Whole house or bungalow: Detached,1,1,1,0,0,0,0
S01008621,Whole house or bungalow: Semi-detached,4,3,2,1,1,0,1
S01008621,Whole house or bungalow: Terraced (including end-terrace),2,2,1,1,0,0,0
S01008621,Flat maisonette or apartment or mobile/temporary accommodation,265,114,50,64,151,3,148
S01008622,All households,200,116,72,44,84,0,84
S01008622,Whole house or bungalow: Total,3,1,1,0,2,0,2
S01008622,Whole house or bungalow: Detached,0,0,0,0,0,0,0
S01008622,Whole house or bungalow: Semi-detached,1,1,1,0,0,0,0
S01008622,Whole house or bungalow: Terraced (including end-terrace),2,0,0,0,2,0,2
S01008622,Flat maisonette or apartment or mobile/temporary accommodation,197,115,71,44,82,0,82
S01008623,All households,343,221,130,91,122,3,119
S01008623,Whole house or bungalow: Total,37,25,11,14,12,2,10
S01008623,Whole house or bungalow: Detached,12,9,4,5,3,1,2
S01008623,Whole house or bungalow: Semi-detached,11,5,2,3,6,1,5
S01008623,Whole house or bungalow: Terraced (including end-terrace),14,11,5,6,3,0,3
S01008623,Flat maisonette or apartment or mobile/temporary accommodation,306,196,119,77,110,1,109
S01008624,All households,346,262,180,82,84,49,35
S01008624,Whole house or bungalow: Total,118,106,71,35,12,4,8
S01008624,Whole house or bungalow: Detached,47,42,28,14,5,0,5
S01008624,Whole house or bungalow: Semi-detached,38,35,22,13,3,1,2
S01008624,Whole house or bungalow: Terraced (including end-terrace),33,29,21,8,4,3,1
S01008624,Flat maisonette or apartment or mobile/temporary accommodation,228,156,109,47,72,45,27
S01008625,All households,239,206,131,75,33,15,18
S01008625,Whole house or bungalow: Total,183,170,103,67,13,2,11
S01008625,Whole house or bungalow: Detached,38,36,23,13,2,0,2
S01008625,Whole house or bungalow: Semi-detached,102,98,57,41,4,0,4
S01008625,Whole house or bungalow: Terraced (including end-terrace),43,36,23,13,7,2,5
S01008625,Flat maisonette or apartment or mobile/temporary accommodation,56,36,28,8,20,13,7
S01008626,All households,388,296,152,144,92,4,88
S01008626,Whole house or bungalow: Total,161,149,82,67,12,0,12
S01008626,Whole house or bungalow: Detached,41,38,20,18,3,0,3
S01008626,Whole house or bungalow: Semi-detached,40,37,27,10,3,0,3
S01008626,Whole house or bungalow: Terraced (including end-terrace),80,74,35,39,6,0,6
S01008626,Flat maisonette or apartment or mobile/temporary accommodation,227,147,70,77,80,4,76
S01008627,All households,256,224,113,111,32,2,30
S01008627,Whole house or bungalow: Total,138,128,67,61,10,1,9
S01008627,Whole house or bungalow: Detached,15,14,9,5,1,0,1
S01008627,Whole house or bungalow: Semi-detached,73,67,38,29,6,0,6
S01008627,Whole house or bungalow: Terraced (including end-terrace),50,47,20,27,3,1,2
S01008627,Flat maisonette or apartment or mobile/temporary accommodation,118,96,46,50,22,1,21
S01008628,All households,262,166,87,79,96,7,89
S01008628,Whole house or bungalow: Total,38,32,18,14,6,2,4
S01008628,Whole house or bungalow: Detached,18,15,10,5,3,1,2
S01008628,Whole house or bungalow: Semi-detached,12,10,8,2,2,1,1
S01008628,Whole house or bungalow: Terraced (including end-terrace),8,7,0,7,1,0,1
S01008628,Flat maisonette or apartment or mobile/temporary accommodation,224,134,69,65,90,5,85
S01008629,All households,301,182,115,67,119,33,86
S01008629,Whole house or bungalow: Total,20,15,10,5,5,0,5
S01008629,Whole house or bungalow: Detached,5,4,2,2,1,0,1
S01008629,Whole house or bungalow: Semi-detached,3,3,1,2,0,0,0
S01008629,Whole house or bungalow: Terraced (including end-terrace),12,8,7,1,4,0,4
S01008629,Flat maisonette or apartment or mobile/temporary accommodation,281,167,105,62,114,33,81
S01008630,All households,277,153,77,76,124,1,123
S01008630,Whole house or bungalow: Total,16,15,8,7,1,0,1
S01008630,Whole house or bungalow: Detached,6,6,3,3,0,0,0
S01008630,Whole house or bungalow: Semi-detached,5,5,2,3,0,0,0
S01008630,Whole house or bungalow: Terraced (including end-terrace),5,4,3,1,1,0,1
S01008630,Flat maisonette or apartment or mobile/temporary accommodation,261,138,69,69,123,1,122
S01008631,All households,453,247,109,138,206,11,195
S01008631,Whole house or bungalow: Total,45,36,15,21,9,1,8
S01008631,Whole house or bungalow: Detached,7,5,2,3,2,0,2
S01008631,Whole house or bungalow: Semi-detached,9,8,3,5,1,0,1
S01008631,Whole house or bungalow: Terraced (including end-terrace),29,23,10,13,6,1,5
S01008631,Flat maisonette or apartment or mobile/temporary accommodation,408,211,94,117,197,10,187
S01008632,All households,420,233,99,134,187,10,177
S01008632,Whole house or bungalow: Total,29,27,19,8,2,0,2
S01008632,Whole house or bungalow: Detached,6,4,3,1,2,0,2
S01008632,Whole house or bungalow: Semi-detached,3,3,2,1,0,0,0
S01008632,Whole house or bungalow: Terraced (including end-terrace),20,20,14,6,0,0,0
S01008632,Flat maisonette or apartment or mobile/temporary accommodation,391,206,80,126,185,10,175
S01008633,All households,452,358,244,114,94,20,74
S01008633,Whole house or bungalow: Total,124,109,62,47,15,1,14
S01008633,Whole house or bungalow: Detached,54,47,28,19,7,1,6
S01008633,Whole house or bungalow: Semi-detached,25,23,16,7,2,0,2
S01008633,Whole house or bungalow: Terraced (including end-terrace),45,39,18,21,6,0,6
S01008633,Flat maisonette or apartment or mobile/temporary accommodation,328,249,182,67,79,19,60
S01008634,All households,276,210,121,89,66,4,62
S01008634,Whole house or bungalow: Total,59,58,40,18,1,0,1
S01008634,Whole house or bungalow: Detached,35,34,28,6,1,0,1
S01008634,Whole house or bungalow: Semi-detached,22,22,11,11,0,0,0
S01008634,Whole house or bungalow: Terraced (including end-terrace),2,2,1,1,0,0,0
S01008634,Flat maisonette or apartment or mobile/temporary accommodation,217,152,81,71,65,4,61
S01008635,All households,362,263,137,126,99,3,96
S01008635,Whole house or bungalow: Total,59,50,26,24,9,2,7
S01008635,Whole house or bungalow: Detached,19,17,11,6,2,0,2
S01008635,Whole house or bungalow: Semi-detached,18,14,6,8,4,1,3
S01008635,Whole house or bungalow: Terraced (including end-terrace),22,19,9,10,3,1,2
S01008635,Flat maisonette or apartment or mobile/temporary accommodation,303,213,111,102,90,1,89
S01008636,All households,367,254,152,102,113,2,111
S01008636,Whole house or bungalow: Total,72,67,37,30,5,0,5
S01008636,Whole house or bungalow: Detached,27,24,13,11,3,0,3
S01008636,Whole house or bungalow: Semi-detached,24,24,15,9,0,0,0
S01008636,Whole house or bungalow: Terraced (including end-terrace),21,19,9,10,2,0,2
S01008636,Flat maisonette or apartment or mobile/temporary accommodation,295,187,115,72,108,2,106
S01008637,All households,309,199,113,86,110,12,98
S01008637,Whole house or bungalow: Total,54,46,32,14,8,4,4
S01008637,Whole house or bungalow: Detached,25,24,20,4,1,0,1
S01008637,Whole house or bungalow: Semi-detached,16,14,9,5,2,2,0
S01008637,Whole house or bungalow: Terraced (including end-terrace),13,8,3,5,5,2,3
S01008637,Flat maisonette or apartment or mobile/temporary accommodation,255,153,81,72,102,8,94
S01008638,All households,344,119,55,64,225,104,121
S01008638,Whole house or bungalow: Total,41,33,12,21,8,0,8
S01008638,Whole house or bungalow: Detached,3,3,1,2,0,0,0
S01008638,Whole house or bungalow: Semi-detached,4,3,1,2,1,0,1
S01008638,Whole house or bungalow: Terraced (including end-terrace),34,27,10,17,7,0,7
S01008638,Flat maisonette or apartment or mobile/temporary accommodation,303,86,43,43,217,104,113
S01008639,All households,430,240,91,149,190,5,185
S01008639,Whole house or bungalow: Total,49,43,23,20,6,0,6
S01008639,Whole house or bungalow: Detached,7,5,2,3,2,0,2
S01008639,Whole house or bungalow: Semi-detached,14,12,10,2,2,0,2
S01008639,Whole house or bungalow: Terraced (including end-terrace),28,26,11,15,2,0,2
S01008639,Flat maisonette or apartment or mobile/temporary accommodation,381,197,68,129,184,5,179
S01008640,All households,351,187,75,112,164,1,163
S01008640,Whole house or bungalow: Total,24,19,9,10,5,0,5
S01008640,Whole house or bungalow: Detached,3,2,1,1,1,0,1
S01008640,Whole house or bungalow: Semi-detached,5,3,0,3,2,0,2
S01008640,Whole house or bungalow: Terraced (including end-terrace),16,14,8,6,2,0,2
S01008640,Flat maisonette or apartment or mobile/temporary accommodation,327,168,66,102,159,1,158
S01008641,All households,351,176,83,93,175,2,173
S01008641,Whole house or bungalow: Total,4,1,0,1,3,1,2
S01008641,Whole house or bungalow: Detached,1,0,0,0,1,0,1
S01008641,Whole house or bungalow: Semi-detached,1,0,0,0,1,1,0
S01008641,Whole house or bungalow: Terraced (including end-terrace),2,1,0,1,1,0,1
S01008641,Flat maisonette or apartment or mobile/temporary accommodation,347,175,83,92,172,1,171
S01008642,All households,433,256,102,154,177,2,175
S01008642,Whole house or bungalow: Total,68,48,27,21,20,0,20
S01008642,Whole house or bungalow: Detached,21,19,13,6,2,0,2
S01008642,Whole house or bungalow: Semi-detached,20,14,5,9,6,0,6
S01008642,Whole house or bungalow: Terraced (including end-terrace),27,15,9,6,12,0,12
S01008642,Flat maisonette or apartment or mobile/temporary accommodation,365,208,75,133,157,2,155
S01008643,All households,323,204,80,124,119,5,114
S01008643,Whole house or bungalow: Total,52,43,10,33,9,2,7
S01008643,Whole house or bungalow: Detached,2,2,0,2,0,0,0
S01008643,Whole house or bungalow: Semi-detached,10,8,2,6,2,2,0
S01008643,Whole house or bungalow: Terraced (including end-terrace),40,33,8,25,7,0,7
S01008643,Flat maisonette or apartment or mobile/temporary accommodation,271,161,70,91,110,3,107
S01008644,All households,386,178,72,106,208,66,142
S01008644,Whole house or bungalow: Total,25,21,12,9,4,1,3
S01008644,Whole house or bungalow: Detached,2,2,1,1,0,0,0
S01008644,Whole house or bungalow: Semi-detached,8,6,3,3,2,0,2
S01008644,Whole house or bungalow: Terraced (including end-terrace),15,13,8,5,2,1,1
S01008644,Flat maisonette or apartment or mobile/temporary accommodation,361,157,60,97,204,65,139
S01008645,All households,360,211,91,120,149,10,139
S01008645,Whole house or bungalow: Total,24,18,9,9,6,1,5
S01008645,Whole house or bungalow: Detached,6,6,3,3,0,0,0
S01008645,Whole house or bungalow: Semi-detached,4,2,1,1,2,0,2
S01008645,Whole house or bungalow: Terraced (including end-terrace),14,10,5,5,4,1,3
S01008645,Flat maisonette or apartment or mobile/temporary accommodation,336,193,82,111,143,9,134
S01008646,All households,453,235,93,142,218,29,189
S01008646,Whole house or bungalow: Total,55,43,29,14,12,3,9
S01008646,Whole house or bungalow: Detached,3,3,2,1,0,0,0
S01008646,Whole house or bungalow: Semi-detached,12,10,9,1,2,0,2
S01008646,Whole house or bungalow: Terraced (including end-terrace),40,30,18,12,10,3,7
S01008646,Flat maisonette or apartment or mobile/temporary accommodation,398,192,64,128,206,26,180
S01008647,All households,330,183,51,132,147,4,143
S01008647,Whole house or bungalow: Total,23,20,5,15,3,0,3
S01008647,Whole house or bungalow: Detached,1,1,0,1,0,0,0
S01008647,Whole house or bungalow: Semi-detached,5,2,0,2,3,0,3
S01008647,Whole house or bungalow: Terraced (including end-terrace),17,17,5,12,0,0,0
S01008647,Flat maisonette or apartment or mobile/temporary accommodation,307,163,46,117,144,4,140
S01008648,All households,339,118,30,88,221,44,177
S01008648,Whole house or bungalow: Total,8,4,1,3,4,2,2
S01008648,Whole house or bungalow: Detached,2,2,0,2,0,0,0
S01008648,Whole house or bungalow: Semi-detached,1,1,1,0,0,0,0
S01008648,Whole house or bungalow: Terraced (including end-terrace),5,1,0,1,4,2,2
S01008648,Flat maisonette or apartment or mobile/temporary accommodation,331,114,29,85,217,42,175
S01008649,All households,560,246,63,183,314,41,273
S01008649,Whole house or bungalow: Total,4,2,0,2,2,1,1
S01008649,Whole house or bungalow: Detached,1,1,0,1,0,0,0
S01008649,Whole house or bungalow: Semi-detached,0,0,0,0,0,0,0
S01008649,Whole house or bungalow: Terraced (including end-terrace),3,1,0,1,2,1,1
S01008649,Flat maisonette or apartment or mobile/temporary accommodation,556,244,63,181,312,40,272
S01008650,All households,470,205,62,143,265,39,226
S01008650,Whole house or bungalow: Total,5,4,1,3,1,0,1
S01008650,Whole house or bungalow: Detached,0,0,0,0,0,0,0
S01008650,Whole house or bungalow: Semi-detached,3,3,1,2,0,0,0
S01008650,Whole house or bungalow: Terraced (including end-terrace),2,1,0,1,1,0,1
S01008650,Flat maisonette or apartment or mobile/temporary accommodation,465,201,61,140,264,39,225
S01008651,All households,497,170,51,119,327,105,222
S01008651,Whole house or bungalow: Total,8,4,2,2,4,4,0
S01008651,Whole house or bungalow: Detached,0,0,0,0,0,0,0
S01008651,Whole house or bungalow: Semi-detached,3,3,1,2,0,0,0
S01008651,Whole house or bungalow: Terraced (including end-terrace),5,1,1,0,4,4,0
S01008651,Flat maisonette or apartment or mobile/temporary accommodation,489,166,49,117,323,101,222
S01008652,All households,387,104,25,79,283,137,146
S01008652,Whole house or bungalow: Total,7,3,0,3,4,3,1
S01008652,Whole house or bungalow: Detached,0,0,0,0,0,0,0
S01008652,Whole house or bungalow: Semi-detached,0,0,0,0,0,0,0
S01008652,Whole house or bungalow: Terraced (including end-terrace),7,3,0,3,4,3,1
S01008652,Flat maisonette or apartment or mobile/temporary accommodation,380,101,25,76,279,134,145
S01008653,All households,402,94,24,70,308,122,186
S01008653,Whole house or bungalow: Total,16,6,4,2,10,5,5
S01008653,Whole house or bungalow: Detached,2,1,0,1,1,1,0
S01008653,Whole house or bungalow: Semi-detached,5,3,2,1,2,0,2
S01008653,Whole house or bungalow: Terraced (including end-terrace),9,2,2,0,7,4,3
S01008653,Flat maisonette or apartment or mobile/temporary accommodation,386,88,20,68,298,117,181
S01008654,All households,585,192,51,141,393,126,267
S01008654,Whole house or bungalow: Total,6,6,2,4,0,0,0
S01008654,Whole house or bungalow: Detached,2,2,0,2,0,0,0
S01008654,Whole house or bungalow: Semi-detached,2,2,1,1,0,0,0
S01008654,Whole house or bungalow: Terraced (including end-terrace),2,2,1,1,0,0,0
S01008654,Flat maisonette or apartment or mobile/temporary accommodation,579,186,49,137,393,126,267
S01008655,All households,442,147,46,101,295,59,236
S01008655,Whole house or bungalow: Total,14,8,6,2,6,2,4
S01008655,Whole house or bungalow: Detached,8,7,5,2,1,0,1
S01008655,Whole house or bungalow: Semi-detached,0,0,0,0,0,0,0
S01008655,Whole house or bungalow: Terraced (including end-terrace),6,1,1,0,5,2,3
S01008655,Flat maisonette or apartment or mobile/temporary accommodation,428,139,40,99,289,57,232
S01008656,All households,426,106,37,69,320,135,185
S01008656,Whole house or bungalow: Total,4,3,2,1,1,0,1
S01008656,Whole house or bungalow: Detached,1,1,1,0,0,0,0
S01008656,Whole house or bungalow: Semi-detached,1,1,0,1,0,0,0
S01008656,Whole house or bungalow: Terraced (including end-terrace),2,1,1,0,1,0,1
S01008656,Flat maisonette or apartment or mobile/temporary accommodation,422,103,35,68,319,135,184
S01008657,All households,361,130,55,75,231,103,128
S01008657,Whole house or bungalow: Total,76,43,21,22,33,6,27
S01008657,Whole house or bungalow: Detached,2,1,1,0,1,1,0
S01008657,Whole house or bungalow: Semi-detached,4,2,0,2,2,1,1
S01008657,Whole house or bungalow: Terraced (including end-terrace),70,40,20,20,30,4,26
S01008657,Flat maisonette or apartment or mobile/temporary accommodation,285,87,34,53,198,97,101
S01008658,All households,555,158,56,102,397,157,240
S01008658,Whole house or bungalow: Total,25,11,6,5,14,7,7
S01008658,Whole house or bungalow: Detached,2,1,0,1,1,1,0
S01008658,Whole house or bungalow: Semi-detached,3,0,0,0,3,0,3
S01008658,Whole house or bungalow: Terraced (including end-terrace),20,10,6,4,10,6,4
S01008658,Flat maisonette or apartment or mobile/temporary accommodation,530,147,50,97,383,150,233
S01008659,All households,446,117,38,79,329,82,247
S01008659,Whole house or bungalow: Total,12,3,1,2,9,4,5
S01008659,Whole house or bungalow: Detached,0,0,0,0,0,0,0
S01008659,Whole house or bungalow: Semi-detached,3,1,0,1,2,0,2
S01008659,Whole house or bungalow: Terraced (including end-terrace),9,2,1,1,7,4,3
S01008659,Flat maisonette or apartment or mobile/temporary accommodation,434,114,37,77,320,78,242
S01008660,All households,444,127,59,68,317,53,264
S01008660,Whole house or bungalow: Total,29,15,9,6,14,2,12
S01008660,Whole house or bungalow: Detached,2,2,2,0,0,0,0
S01008660,Whole house or bungalow: Semi-detached,5,4,3,1,1,1,0
S01008660,Whole house or bungalow: Terraced (including end-terrace),22,9,4,5,13,1,12
S01008660,Flat maisonette or apartment or mobile/temporary accommodation,415,112,50,62,303,51,252
S01008661,All households,437,92,42,50,345,161,184
S01008661,Whole house or bungalow: Total,10,5,4,1,5,3,2
S01008661,Whole house or bungalow: Detached,2,2,2,0,0,0,0
S01008661,Whole house or bungalow: Semi-detached,5,2,1,1,3,2,1
S01008661,Whole house or bungalow: Terraced (including end-terrace),3,1,1,0,2,1,1
S01008661,Flat maisonette or apartment or mobile/temporary accommodation,427,87,38,49,340,158,182
S01008662,All households,276,48,16,32,228,70,158
S01008662,Whole house or bungalow: Total,2,1,1,0,1,0,1
S01008662,Whole house or bungalow: Detached,1,1,1,0,0,0,0
S01008662,Whole house or bungalow: Semi-detached,0,0,0,0,0,0,0
S01008662,Whole house or bungalow: Terraced (including end-terrace),1,0,0,0,1,0,1
S01008662,Flat maisonette or apartment or mobile/temporary accommodation,274,47,15,32,227,70,157
S01008663,All households,434,130,40,90,304,92,212
S01008663,Whole house or bungalow: Total,9,4,1,3,5,2,3
S01008663,Whole house or bungalow: Detached,3,1,0,1,2,1,1
S01008663,Whole house or bungalow: Semi-detached,3,1,1,0,2,1,1
S01008663,Whole house or bungalow: Terraced (including end-terrace),3,2,0,2,1,0,1
S01008663,Flat maisonette or apartment or mobile/temporary accommodation,425,126,39,87,299,90,209
S01008664,All households,396,159,55,104,237,46,191
S01008664,Whole house or bungalow: Total,11,8,2,6,3,1,2
S01008664,Whole house or bungalow: Detached,2,1,1,0,1,1,0
S01008664,Whole house or bungalow: Semi-detached,0,0,0,0,0,0,0
S01008664,Whole house or bungalow: Terraced (including end-terrace),9,7,1,6,2,0,2
S01008664,Flat maisonette or apartment or mobile/temporary accommodation,385,151,53,98,234,45,189
S01008665,All households,524,186,78,108,338,92,246
S01008665,Whole house or bungalow: Total,25,12,9,3,13,8,5
S01008665,Whole house or bungalow: Detached,3,0,0,0,3,2,1
S01008665,Whole house or bungalow: Semi-detached,4,2,1,1,2,1,1
S01008665,Whole house or bungalow: Terraced (including end-terrace),18,10,8,2,8,5,3
S01008665,Flat maisonette or apartment or mobile/temporary accommodation,499,174,69,105,325,84,241
S01008666,All households,311,118,50,68,193,12,181
S01008666,Whole house or bungalow: Total,5,3,1,2,2,0,2
S01008666,Whole house or bungalow: Detached,1,0,0,0,1,0,1
S01008666,Whole house or bungalow: Semi-detached,2,1,1,0,1,0,1
S01008666,Whole house or bungalow: Terraced (including end-terrace),2,2,0,2,0,0,0
S01008666,Flat maisonette or apartment or mobile/temporary accommodation,306,115,49,66,191,12,179
S01008667,All households,308,145,72,73,163,50,113
S01008667,Whole house or bungalow: Total,8,3,2,1,5,2,3
S01008667,Whole house or bungalow: Detached,1,1,1,0,0,0,0
S01008667,Whole house or bungalow: Semi-detached,0,0,0,0,0,0,0
S01008667,Whole house or bungalow: Terraced (including end-terrace),7,2,1,1,5,2,3
S01008667,Flat maisonette or apartment or mobile/temporary accommodation,300,142,70,72,158,48,110
S01008668,All households,280,122,51,71,158,11,147
S01008668,Whole house or bungalow: Total,4,1,1,0,3,1,2
S01008668,Whole house or bungalow: Detached,1,1,1,0,0,0,0
S01008668,Whole house or bungalow: Semi-detached,1,0,0,0,1,1,0
S01008668,Whole house or bungalow: Terraced (including end-terrace),2,0,0,0,2,0,2
S01008668,Flat maisonette or apartment or mobile/temporary accommodation,276,121,50,71,155,10,145
S01008669,All households,173,36,18,18,137,6,131
S01008669,Whole house or bungalow: Total,1,1,1,0,0,0,0
S01008669,Whole house or bungalow: Detached,0,0,0,0,0,0,0
S01008669,Whole house or bungalow: Semi-detached,0,0,0,0,0,0,0
S01008669,Whole house or bungalow: Terraced (including end-terrace),1,1,1,0,0,0,0
S01008669,Flat maisonette or apartment or mobile/temporary accommodation,172,35,17,18,137,6,131
S01008670,All households,260,79,38,41,181,10,171
S01008670,Whole house or bungalow: Total,8,7,4,3,1,0,1
S01008670,Whole house or bungalow: Detached,2,1,0,1,1,0,1
S01008670,Whole house or bungalow: Semi-detached,3,3,3,0,0,0,0
S01008670,Whole house or bungalow: Terraced (including end-terrace),3,3,1,2,0,0,0
S01008670,Flat maisonette or apartment or mobile/temporary accommodation,252,72,34,38,180,10,170
S01008671,All households,331,101,44,57,230,22,208
S01008671,Whole house or bungalow: Total,4,1,1,0,3,3,0
S01008671,Whole house or bungalow: Detached,0,0,0,0,0,0,0
S01008671,Whole house or bungalow: Semi-detached,1,1,1,0,0,0,0
S01008671,Whole house or bungalow: Terraced (including end-terrace),3,0,0,0,3,3,0
S01008671,Flat maisonette or apartment or mobile/temporary accommodation,327,100,43,57,227,19,208
S01008672,All households,341,126,74,52,215,16,199
S01008672,Whole house or bungalow: Total,17,13,5,8,4,1,3
S01008672,Whole house or bungalow: Detached,1,1,1,0,0,0,0
S01008672,Whole house or bungalow: Semi-detached,5,4,2,2,1,0,1
S01008672,Whole house or bungalow: Terraced (including end-terrace),11,8,2,6,3,1,2
S01008672,Flat maisonette or apartment or mobile/temporary accommodation,324,113,69,44,211,15,196
S01008673,All households,649,194,114,80,455,109,346
S01008673,Whole house or bungalow: Total,8,6,2,4,2,1,1
S01008673,Whole house or bungalow: Detached,3,2,0,2,1,0,1
S01008673,Whole house or bungalow: Semi-detached,2,2,0,2,0,0,0
S01008673,Whole house or bungalow: Terraced (including end-terrace),3,2,2,0,1,1,0
S01008673,Flat maisonette or apartment or mobile/temporary accommodation,641,188,112,76,453,108,345
S01008674,All households,413,95,49,46,318,73,245
S01008674,Whole house or bungalow: Total,6,3,1,2,3,1,2
S01008674,Whole house or bungalow: Detached,3,2,0,2,1,1,0
S01008674,Whole house or bungalow: Semi-detached,0,0,0,0,0,0,0
S01008674,Whole house or bungalow: Terraced (including end-terrace),3,1,1,0,2,0,2
S01008674,Flat maisonette or apartment or mobile/temporary accommodation,407,92,48,44,315,72,243
S01008675,All households,476,105,47,58,371,112,259
S01008675,Whole house or bungalow: Total,18,5,3,2,13,7,6
S01008675,Whole house or bungalow: Detached,2,1,1,0,1,0,1
S01008675,Whole house or bungalow: Semi-detached,6,0,0,0,6,1,5
S01008675,Whole house or bungalow: Terraced (including end-terrace),10,4,2,2,6,6,0
S01008675,Flat maisonette or apartment or mobile/temporary accommodation,458,100,44,56,358,105,253
S01008676,All households,338,128,58,70,210,44,166
S01008676,Whole house or bungalow: Total,35,15,5,10,20,4,16
S01008676,Whole house or bungalow: Detached,7,4,1,3,3,0,3
S01008676,Whole house or bungalow: Semi-detached,7,3,1,2,4,2,2
S01008676,Whole house or bungalow: Terraced (including end-terrace),21,8,3,5,13,2,11
S01008676,Flat maisonette or apartment or mobile/temporary accommodation,303,113,53,60,190,40,150
S01008677,All households,420,121,60,61,299,46,253
S01008677,Whole house or bungalow: Total,10,3,0,3,7,4,3
S01008677,Whole house or bungalow: Detached,1,0,0,0,1,0,1
S01008677,Whole house or bungalow: Semi-detached,1,0,0,0,1,1,0
S01008677,Whole house or bungalow: Terraced (including end-terrace),8,3,0,3,5,3,2
S01008677,Flat maisonette or apartment or mobile/temporary accommodation,410,118,60,58,292,42,250
S01008678,All households,393,79,30,49,314,65,249
S01008678,Whole house or bungalow: Total,9,4,1,3,5,2,3
S01008678,Whole house or bungalow: Detached,3,1,1,0,2,1,1
S01008678,Whole house or bungalow: Semi-detached,1,1,0,1,0,0,0
S01008678,Whole house or bungalow: Terraced (including end-terrace),5,2,0,2,3,1,2
S01008678,Flat maisonette or apartment or mobile/temporary accommodation,384,75,29,46,309,63,246
S01008679,All households,546,72,31,41,474,236,238
S01008679,Whole house or bungalow: Total,12,4,1,3,8,3,5
S01008679,Whole house or bungalow: Detached,3,0,0,0,3,0,3
S01008679,Whole house or bungalow: Semi-detached,3,1,0,1,2,1,1
S01008679,Whole house or bungalow: Terraced (including end-terrace),6,3,1,2,3,2,1
S01008679,Flat maisonette or apartment or mobile/temporary accommodation,534,68,30,38,466,233,233
S01008680,All households,326,60,19,41,266,84,182
S01008680,Whole house or bungalow: Total,6,1,0,1,5,1,4
S01008680,Whole house or bungalow: Detached,1,1,0,1,0,0,0
S01008680,Whole house or bungalow: Semi-detached,1,0,0,0,1,0,1
S01008680,Whole house or bungalow: Terraced (including end-terrace),4,0,0,0,4,1,3
S01008680,Flat maisonette or apartment or mobile/temporary accommodation,320,59,19,40,261,83,178
S01008681,All households,540,139,59,80,401,155,246
S01008681,Whole house or bungalow: Total,10,4,3,1,6,3,3
S01008681,Whole house or bungalow: Detached,1,1,1,0,0,0,0
S01008681,Whole house or bungalow: Semi-detached,2,0,0,0,2,0,2
S01008681,Whole house or bungalow: Terraced (including end-terrace),7,3,2,1,4,3,1
S01008681,Flat maisonette or apartment or mobile/temporary accommodation,530,135,56,79,395,152,243
S01008682,All households,431,135,58,77,296,93,203
S01008682,Whole house or bungalow: Total,27,12,7,5,15,8,7
S01008682,Whole house or bungalow: Detached,3,1,1,0,2,0,2
S01008682,Whole house or bungalow: Semi-detached,4,2,2,0,2,1,1
S01008682,Whole house or bungalow: Terraced (including end-terrace),20,9,4,5,11,7,4
S01008682,Flat maisonette or apartment or mobile/temporary accommodation,404,123,51,72,281,85,196
S01008683,All households,576,116,45,71,460,320,140
S01008683,Whole house or bungalow: Total,43,20,7,13,23,20,3
S01008683,Whole house or bungalow: Detached,7,3,1,2,4,3,1
S01008683,Whole house or bungalow: Semi-detached,5,4,1,3,1,1,0
S01008683,Whole house or bungalow: Terraced (including end-terrace),31,13,5,8,18,16,2
S01008683,Flat maisonette or apartment or mobile/temporary accommodation,533,96,38,58,437,300,137
S01008684,All households,532,119,56,63,413,268,145
S01008684,Whole house or bungalow: Total,19,9,4,5,10,5,5
S01008684,Whole house or bungalow: Detached,3,1,0,1,2,0,2
S01008684,Whole house or bungalow: Semi-detached,3,1,1,0,2,1,1
S01008684,Whole house or bungalow: Terraced (including end-terrace),13,7,3,4,6,4,2
S01008684,Flat maisonette or apartment or mobile/temporary accommodation,513,110,52,58,403,263,140
S01008685,All households,489,150,84,66,339,147,192
S01008685,Whole house or bungalow: Total,44,26,13,13,18,6,12
S01008685,Whole house or bungalow: Detached,7,4,1,3,3,1,2
S01008685,Whole house or bungalow: Semi-detached,6,4,1,3,2,1,1
S01008685,Whole house or bungalow: Terraced (including end-terrace),31,18,11,7,13,4,9
S01008685,Flat maisonette or apartment or mobile/temporary accommodation,445,124,71,53,321,141,180
S01008686,All households,585,144,25,119,441,281,160
S01008686,Whole house or bungalow: Total,8,3,1,2,5,5,0
S01008686,Whole house or bungalow: Detached,0,0,0,0,0,0,0
S01008686,Whole house or bungalow: Semi-detached,5,1,1,0,4,4,0
S01008686,Whole house or bungalow: Terraced (including end-terrace),3,2,0,2,1,1,0
S01008686,Flat maisonette or apartment or mobile/temporary accommodation,577,141,24,117,436,276,160
S01008687,All households,419,196,51,145,223,22,201
S01008687,Whole house or bungalow: Total,15,7,1,6,8,0,8
S01008687,Whole house or bungalow: Detached,4,1,0,1,3,0,3
S01008687,Whole house or bungalow: Semi-detached,5,3,1,2,2,0,2
S01008687,Whole house or bungalow: Terraced (including end-terrace),6,3,0,3,3,0,3
S01008687,Flat maisonette or apartment or mobile/temporary accommodation,404,189,50,139,215,22,193
S01008688,All households,457,237,66,171,220,47,173
S01008688,Whole house or bungalow: Total,42,32,16,16,10,2,8
S01008688,Whole house or bungalow: Detached,3,0,0,0,3,0,3
S01008688,Whole house or bungalow: Semi-detached,13,12,5,7,1,1,0
S01008688,Whole house or bungalow: Terraced (including end-terrace),26,20,11,9,6,1,5
S01008688,Flat maisonette or apartment or mobile/temporary accommodation,415,205,50,155,210,45,165
S01008689,All households,548,240,65,175,308,68,240
S01008689,Whole house or bungalow: Total,51,35,17,18,16,3,13
S01008689,Whole house or bungalow: Detached,2,2,1,1,0,0,0
S01008689,Whole house or bungalow: Semi-detached,3,1,0,1,2,1,1
S01008689,Whole house or bungalow: Terraced (including end-terrace),46,32,16,16,14,2,12
S01008689,Flat maisonette or apartment or mobile/temporary accommodation,497,205,48,157,292,65,227
S01008690,All households,598,328,121,207,270,20,250
S01008690,Whole house or bungalow: Total,99,75,45,30,24,1,23
S01008690,Whole house or bungalow: Detached,1,0,0,0,1,0,1
S01008690,Whole house or bungalow: Semi-detached,4,2,0,2,2,0,2
S01008690,Whole house or bungalow: Terraced (including end-terrace),94,73,45,28,21,1,20
S01008690,Flat maisonette or apartment or mobile/temporary accommodation,499,253,76,177,246,19,227
S01008691,All households,678,335,92,243,343,65,278
S01008691,Whole house or bungalow: Total,12,5,2,3,7,1,6
S01008691,Whole house or bungalow: Detached,2,1,0,1,1,0,1
S01008691,Whole house or bungalow: Semi-detached,5,1,0,1,4,1,3
S01008691,Whole house or bungalow: Terraced (including end-terrace),5,3,2,1,2,0,2
S01008691,Flat maisonette or apartment or mobile/temporary accommodation,666,330,90,240,336,64,272
S01008692,All households,391,187,49,138,204,93,111
S01008692,Whole house or bungalow: Total,31,23,14,9,8,7,1
S01008692,Whole house or bungalow: Detached,0,0,0,0,0,0,0
S01008692,Whole house or bungalow: Semi-detached,22,20,13,7,2,2,0
S01008692,Whole house or bungalow: Terraced (including end-terrace),9,3,1,2,6,5,1
S01008692,Flat maisonette or apartment or mobile/temporary accommodation,360,164,35,129,196,86,110
S01008693,All households,224,199,104,95,25,6,19
S01008693,Whole house or bungalow: Total,184,174,94,80,10,0,10
S01008693,Whole house or bungalow: Detached,8,7,2,5,1,0,1
S01008693,Whole house or bungalow: Semi-detached,167,159,86,73,8,0,8
S01008693,Whole house or bungalow: Terraced (including end-terrace),9,8,6,2,1,0,1
S01008693,Flat maisonette or apartment or mobile/temporary accommodation,40,25,10,15,15,6,9
S01008694,All households,537,334,118,216,203,25,178
S01008694,Whole house or bungalow: Total,78,64,37,27,14,3,11
S01008694,Whole house or bungalow: Detached,1,1,1,0,0,0,0
S01008694,Whole house or bungalow: Semi-detached,16,12,7,5,4,2,2
S01008694,Whole house or bungalow: Terraced (including end-terrace),61,51,29,22,10,1,9
S01008694,Flat maisonette or apartment or mobile/temporary accommodation,459,270,81,189,189,22,167
S01008695,All households,338,249,96,153,89,11,78
S01008695,Whole house or bungalow: Total,113,104,51,53,9,1,8
S01008695,Whole house or bungalow: Detached,8,5,1,4,3,0,3
S01008695,Whole house or bungalow: Semi-detached,33,32,14,18,1,1,0
S01008695,Whole house or bungalow: Terraced (including end-terrace),72,67,36,31,5,0,5
S01008695,Flat maisonette or apartment or mobile/temporary accommodation,225,145,45,100,80,10,70
S01008696,All households,285,254,110,144,31,2,29
S01008696,Whole house or bungalow: Total,203,190,82,108,13,1,12
S01008696,Whole house or bungalow: Detached,3,2,1,1,1,0,1
S01008696,Whole house or bungalow: Semi-detached,23,20,12,8,3,0,3
S01008696,Whole house or bungalow: Terraced (including end-terrace),177,168,69,99,9,1,8
S01008696,Flat maisonette or apartment or mobile/temporary accommodation,82,64,28,36,18,1,17
S01008697,All households,453,399,214,185,54,4,50
S01008697,Whole house or bungalow: Total,308,298,178,120,10,1,9
S01008697,Whole house or bungalow: Detached,110,108,73,35,2,0,2
S01008697,Whole house or bungalow: Semi-detached,128,121,68,53,7,1,6
S01008697,Whole house or bungalow: Terraced (including end-terrace),70,69,37,32,1,0,1
S01008697,Flat maisonette or apartment or mobile/temporary accommodation,145,101,36,65,44,3,41
S01008698,All households,209,187,116,71,22,5,17
S01008698,Whole house or bungalow: Total,177,169,106,63,8,3,5
S01008698,Whole house or bungalow: Detached,62,61,43,18,1,0,1
S01008698,Whole house or bungalow: Semi-detached,92,88,51,37,4,0,4
S01008698,Whole house or bungalow: Terraced (including end-terrace),23,20,12,8,3,3,0
S01008698,Flat maisonette or apartment or mobile/temporary accommodation,32,18,10,8,14,2,12
S01008699,All households,470,281,143,138,189,121,68
S01008699,Whole house or bungalow: Total,114,92,52,40,22,19,3
S01008699,Whole house or bungalow: Detached,28,27,20,7,1,1,0
S01008699,Whole house or bungalow: Semi-detached,31,23,9,14,8,7,1
S01008699,Whole house or bungalow: Terraced (including end-terrace),55,42,23,19,13,11,2
S01008699,Flat maisonette or apartment or mobile/temporary accommodation,356,189,91,98,167,102,65
S01008700,All households,248,201,111,90,47,6,41
S01008700,Whole house or bungalow: Total,180,158,91,67,22,3,19
S01008700,Whole house or bungalow: Detached,109,103,74,29,6,0,6
S01008700,Whole house or bungalow: Semi-detached,33,26,6,20,7,1,6
S01008700,Whole house or bungalow: Terraced (including end-terrace),38,29,11,18,9,2,7
S01008700,Flat maisonette or apartment or mobile/temporary accommodation,68,43,20,23,25,3,22
S01008701,All households,200,40,5,35,160,154,6
S01008701,Whole house or bungalow: Total,73,20,2,18,53,51,2
S01008701,Whole house or bungalow: Detached,10,3,0,3,7,5,2
S01008701,Whole house or bungalow: Semi-detached,22,3,0,3,19,19,0
S01008701,Whole house or bungalow: Terraced (including end-terrace),41,14,2,12,27,27,0
S01008701,Flat maisonette or apartment or mobile/temporary accommodation,127,20,3,17,107,103,4
S01008702,All households,312,108,42,66,204,38,166
S01008702,Whole house or bungalow: Total,23,17,9,8,6,5,1
S01008702,Whole house or bungalow: Detached,9,7,5,2,2,1,1
S01008702,Whole house or bungalow: Semi-detached,5,2,0,2,3,3,0
S01008702,Whole house or bungalow: Terraced (including end-terrace),9,8,4,4,1,1,0
S01008702,Flat maisonette or apartment or mobile/temporary accommodation,289,91,33,58,198,33,165
S01008703,All households,456,87,18,69,369,328,41
S01008703,Whole house or bungalow: Total,124,45,6,39,79,69,10
S01008703,Whole house or bungalow: Detached,15,2,2,0,13,9,4
S01008703,Whole house or bungalow: Semi-detached,42,15,2,13,27,25,2
S01008703,Whole house or bungalow: Terraced (including end-terrace),67,28,2,26,39,35,4
S01008703,Flat maisonette or apartment or mobile/temporary accommodation,332,42,12,30,290,259,31
S01008704,All households,307,94,19,75,213,183,30
S01008704,Whole house or bungalow: Total,192,50,14,36,142,125,17
S01008704,Whole house or bungalow: Detached,25,9,4,5,16,11,5
S01008704,Whole house or bungalow: Semi-detached,47,9,5,4,38,32,6
S01008704,Whole house or bungalow: Terraced (including end-terrace),120,32,5,27,88,82,6
S01008704,Flat maisonette or apartment or mobile/temporary accommodation,115,44,5,39,71,58,13
S01008705,All households,236,71,14,57,165,127,38
S01008705,Whole house or bungalow: Total,81,10,1,9,71,63,8
S01008705,Whole house or bungalow: Detached,11,1,0,1,10,7,3
S01008705,Whole house or bungalow: Semi-detached,23,1,1,0,22,20,2
S01008705,Whole house or bungalow: Terraced (including end-terrace),47,8,0,8,39,36,3
S01008705,Flat maisonette or apartment or mobile/temporary accommodation,155,61,13,48,94,64,30
S01008706,All households,243,38,4,34,205,189,16
S01008706,Whole house or bungalow: Total,125,24,4,20,101,92,9
S01008706,Whole house or bungalow: Detached,15,3,1,2,12,11,1
S01008706,Whole house or bungalow: Semi-detached,54,9,1,8,45,39,6
S01008706,Whole house or bungalow: Terraced (including end-terrace),56,12,2,10,44,42,2
S01008706,Flat maisonette or apartment or mobile/temporary accommodation,118,14,0,14,104,97,7
S01008707,All households,387,84,21,63,303,271,32
S01008707,Whole house or bungalow: Total,159,48,8,40,111,95,16
S01008707,Whole house or bungalow: Detached,13,3,1,2,10,7,3
S01008707,Whole house or bungalow: Semi-detached,86,24,3,21,62,54,8
S01008707,Whole house or bungalow: Terraced (including end-terrace),60,21,4,17,39,34,5
S01008707,Flat maisonette or apartment or mobile/temporary accommodation,228,36,13,23,192,176,16
S01008708,All households,452,35,4,31,417,390,27
S01008708,Whole house or bungalow: Total,125,22,3,19,103,90,13
S01008708,Whole house or bungalow: Detached,11,3,0,3,8,8,0
S01008708,Whole house or bungalow: Semi-detached,73,3,2,1,70,62,8
S01008708,Whole house or bungalow: Terraced (including end-terrace),41,16,1,15,25,20,5
S01008708,Flat maisonette or apartment or mobile/temporary accommodation,327,13,1,12,314,300,14
S01008709,All households,299,119,39,80,180,138,42
S01008709,Whole house or bungalow: Total,240,115,38,77,125,86,39
S01008709,Whole house or bungalow: Detached,17,4,3,1,13,9,4
S01008709,Whole house or bungalow: Semi-detached,139,57,20,37,82,54,28
S01008709,Whole house or bungalow: Terraced (including end-terrace),84,54,15,39,30,23,7
S01008709,Flat maisonette or apartment or mobile/temporary accommodation,59,4,1,3,55,52,3
S01008710,All households,208,66,9,57,142,116,26
S01008710,Whole house or bungalow: Total,153,53,6,47,100,82,18
S01008710,Whole house or bungalow: Detached,19,2,0,2,17,16,1
S01008710,Whole house or bungalow: Semi-detached,99,42,5,37,57,43,14
S01008710,Whole house or bungalow: Terraced (including end-terrace),35,9,1,8,26,23,3
S01008710,Flat maisonette or apartment or mobile/temporary accommodation,55,13,3,10,42,34,8
S01008711,All households,353,122,58,64,231,189,42
S01008711,Whole house or bungalow: Total,109,55,30,25,54,44,10
S01008711,Whole house or bungalow: Detached,9,6,4,2,3,2,1
S01008711,Whole house or bungalow: Semi-detached,32,19,8,11,13,9,4
S01008711,Whole house or bungalow: Terraced (including end-terrace),68,30,18,12,38,33,5
S01008711,Flat maisonette or apartment or mobile/temporary accommodation,244,67,28,39,177,145,32
S01008712,All households,499,115,54,61,384,345,39
S01008712,Whole house or bungalow: Total,292,99,50,49,193,167,26
S01008712,Whole house or bungalow: Detached,20,8,5,3,12,9,3
S01008712,Whole house or bungalow: Semi-detached,88,24,12,12,64,54,10
S01008712,Whole house or bungalow: Terraced (including end-terrace),184,67,33,34,117,104,13
S01008712,Flat maisonette or apartment or mobile/temporary accommodation,207,16,4,12,191,178,13
S01008713,All households,292,75,20,55,217,190,27
S01008713,Whole house or bungalow: Total,50,27,10,17,23,18,5
S01008713,Whole house or bungalow: Detached,6,3,1,2,3,2,1
S01008713,Whole house or bungalow: Semi-detached,14,7,2,5,7,5,2
S01008713,Whole house or bungalow: Terraced (including end-terrace),30,17,7,10,13,11,2
S01008713,Flat maisonette or apartment or mobile/temporary accommodation,242,48,10,38,194,172,22
S01008714,All households,297,172,82,90,125,81,44
S01008714,Whole house or bungalow: Total,100,87,44,43,13,6,7
S01008714,Whole house or bungalow: Detached,32,32,14,18,0,0,0
S01008714,Whole house or bungalow: Semi-detached,53,47,27,20,6,2,4
S01008714,Whole house or bungalow: Terraced (including end-terrace),15,8,3,5,7,4,3
S01008714,Flat maisonette or apartment or mobile/temporary accommodation,197,85,38,47,112,75,37
S01008715,All households,367,219,109,110,148,123,25
S01008715,Whole house or bungalow: Total,230,171,81,90,59,49,10
S01008715,Whole house or bungalow: Detached,13,10,8,2,3,2,1
S01008715,Whole house or bungalow: Semi-detached,54,29,16,13,25,23,2
S01008715,Whole house or bungalow: Terraced (including end-terrace),163,132,57,75,31,24,7
S01008715,Flat maisonette or apartment or mobile/temporary accommodation,137,48,28,20,89,74,15
S01008716,All households,295,156,67,89,139,106,33
S01008716,Whole house or bungalow: Total,128,94,43,51,34,27,7
S01008716,Whole house or bungalow: Detached,4,4,3,1,0,0,0
S01008716,Whole house or bungalow: Semi-detached,41,28,14,14,13,12,1
S01008716,Whole house or bungalow: Terraced (including end-terrace),83,62,26,36,21,15,6
S01008716,Flat maisonette or apartment or mobile/temporary accommodation,167,62,24,38,105,79,26
S01008717,All households,181,148,42,106,33,5,28
S01008717,Whole house or bungalow: Total,162,137,38,99,25,1,24
S01008717,Whole house or bungalow: Detached,23,22,10,12,1,0,1
S01008717,Whole house or bungalow: Semi-detached,65,50,9,41,15,0,15
S01008717,Whole house or bungalow: Terraced (including end-terrace),74,65,19,46,9,1,8
S01008717,Flat maisonette or apartment or mobile/temporary accommodation,19,11,4,7,8,4,4
S01008718,All households,222,193,71,122,29,9,20
S01008718,Whole house or bungalow: Total,188,170,61,109,18,3,15
S01008718,Whole house or bungalow: Detached,22,21,8,13,1,0,1
S01008718,Whole house or bungalow: Semi-detached,106,95,38,57,11,1,10
S01008718,Whole house or bungalow: Terraced (including end-terrace),60,54,15,39,6,2,4
S01008718,Flat maisonette or apartment or mobile/temporary accommodation,34,23,10,13,11,6,5
S01008719,All households,420,313,93,220,107,17,90
S01008719,Whole house or bungalow: Total,302,250,82,168,52,3,49
S01008719,Whole house or bungalow: Detached,58,49,21,28,9,1,8
S01008719,Whole house or bungalow: Semi-detached,140,112,37,75,28,1,27
S01008719,Whole house or bungalow: Terraced (including end-terrace),104,89,24,65,15,1,14
S01008719,Flat maisonette or apartment or mobile/temporary accommodation,118,63,11,52,55,14,41
S01008720,All households,243,162,77,85,81,29,52
S01008720,Whole house or bungalow: Total,161,112,57,55,49,22,27
S01008720,Whole house or bungalow: Detached,22,18,10,8,4,1,3
S01008720,Whole house or bungalow: Semi-detached,65,42,22,20,23,11,12
S01008720,Whole house or bungalow: Terraced (including end-terrace),74,52,25,27,22,10,12
S01008720,Flat maisonette or apartment or mobile/temporary accommodation,82,50,20,30,32,7,25
S01008721,All households,310,285,86,199,25,4,21
S01008721,Whole house or bungalow: Total,295,276,82,194,19,1,18
S01008721,Whole house or bungalow: Detached,100,95,33,62,5,1,4
S01008721,Whole house or bungalow: Semi-detached,114,107,23,84,7,0,7
S01008721,Whole house or bungalow: Terraced (including end-terrace),81,74,26,48,7,0,7
S01008721,Flat maisonette or apartment or mobile/temporary accommodation,15,9,4,5,6,3,3
S01008722,All households,480,378,205,173,102,80,22
S01008722,Whole house or bungalow: Total,381,339,184,155,42,29,13
S01008722,Whole house or bungalow: Detached,189,183,105,78,6,1,5
S01008722,Whole house or bungalow: Semi-detached,52,41,25,16,11,10,1
S01008722,Whole house or bungalow: Terraced (including end-terrace),140,115,54,61,25,18,7
S01008722,Flat maisonette or apartment or mobile/temporary accommodation,99,39,21,18,60,51,9
S01008723,All households,257,228,100,128,29,16,13
S01008723,Whole house or bungalow: Total,205,200,86,114,5,0,5
S01008723,Whole house or bungalow: Detached,75,71,38,33,4,0,4
S01008723,Whole house or bungalow: Semi-detached,64,64,32,32,0,0,0
S01008723,Whole house or bungalow: Terraced (including end-terrace),66,65,16,49,1,0,1
S01008723,Flat maisonette or apartment or mobile/temporary accommodation,52,28,14,14,24,16,8
S01008724,All households,400,315,153,162,85,51,34
S01008724,Whole house or bungalow: Total,258,240,119,121,18,2,16
S01008724,Whole house or bungalow: Detached,122,115,60,55,7,1,6
S01008724,Whole house or bungalow: Semi-detached,45,40,25,15,5,1,4
S01008724,Whole house or bungalow: Terraced (including end-terrace),91,85,34,51,6,0,6
S01008724,Flat maisonette or apartment or mobile/temporary accommodation,142,75,34,41,67,49,18
S01008725,All households,343,276,138,138,67,36,31
S01008725,Whole house or bungalow: Total,182,170,79,91,12,1,11
S01008725,Whole house or bungalow: Detached,35,33,13,20,2,0,2
S01008725,Whole house or bungalow: Semi-detached,33,29,15,14,4,1,3
S01008725,Whole house or bungalow: Terraced (including end-terrace),114,108,51,57,6,0,6
S01008725,Flat maisonette or apartment or mobile/temporary accommodation,161,106,59,47,55,35,20
S01008726,All households,241,222,97,125,19,3,16
S01008726,Whole house or bungalow: Total,108,100,45,55,8,1,7
S01008726,Whole house or bungalow: Detached,12,9,4,5,3,1,2
S01008726,Whole house or bungalow: Semi-detached,57,55,23,32,2,0,2
S01008726,Whole house or bungalow: Terraced (including end-terrace),39,36,18,18,3,0,3
S01008726,Flat maisonette or apartment or mobile/temporary accommodation,133,122,52,70,11,2,9
S01008727,All households,454,356,184,172,98,39,59
S01008727,Whole house or bungalow: Total,174,161,86,75,13,2,11
S01008727,Whole house or bungalow: Detached,33,29,16,13,4,1,3
S01008727,Whole house or bungalow: Semi-detached,43,38,23,15,5,1,4
S01008727,Whole house or bungalow: Terraced (including end-terrace),98,94,47,47,4,0,4
S01008727,Flat maisonette or apartment or mobile/temporary accommodation,280,195,98,97,85,37,48
S01008728,All households,229,147,66,81,82,48,34
S01008728,Whole house or bungalow: Total,32,26,11,15,6,2,4
S01008728,Whole house or bungalow: Detached,7,6,2,4,1,1,0
S01008728,Whole house or bungalow: Semi-detached,7,5,3,2,2,1,1
S01008728,Whole house or bungalow: Terraced (including end-terrace),18,15,6,9,3,0,3
S01008728,Flat maisonette or apartment or mobile/temporary accommodation,197,121,55,66,76,46,30
S01008729,All households,277,228,86,142,49,14,35
S01008729,Whole house or bungalow: Total,140,127,52,75,13,3,10
S01008729,Whole house or bungalow: Detached,36,34,19,15,2,1,1
S01008729,Whole house or bungalow: Semi-detached,52,47,13,34,5,0,5
S01008729,Whole house or bungalow: Terraced (including end-terrace),52,46,20,26,6,2,4
S01008729,Flat maisonette or apartment or mobile/temporary accommodation,137,101,34,67,36,11,25
S01008730,All households,411,239,65,174,172,42,130
S01008730,Whole house or bungalow: Total,74,59,20,39,15,8,7
S01008730,Whole house or bungalow: Detached,10,8,4,4,2,1,1
S01008730,Whole house or bungalow: Semi-detached,27,21,8,13,6,4,2
S01008730,Whole house or bungalow: Terraced (including end-terrace),37,30,8,22,7,3,4
S01008730,Flat maisonette or apartment or mobile/temporary accommodation,337,180,45,135,157,34,123
S01008731,All households,226,154,80,74,72,39,33
S01008731,Whole house or bungalow: Total,156,107,65,42,49,31,18
S01008731,Whole house or bungalow: Detached,13,7,3,4,6,4,2
S01008731,Whole house or bungalow: Semi-detached,49,33,24,9,16,10,6
S01008731,Whole house or bungalow: Terraced (including end-terrace),94,67,38,29,27,17,10
S01008731,Flat maisonette or apartment or mobile/temporary accommodation,70,47,15,32,23,8,15
S01008732,All households,340,178,68,110,162,72,90
S01008732,Whole house or bungalow: Total,78,60,26,34,18,9,9
S01008732,Whole house or bungalow: Detached,2,2,2,0,0,0,0
S01008732,Whole house or bungalow: Semi-detached,16,10,4,6,6,6,0
S01008732,Whole house or bungalow: Terraced (including end-terrace),60,48,20,28,12,3,9
S01008732,Flat maisonette or apartment or mobile/temporary accommodation,262,118,42,76,144,63,81
S01008733,All households,473,326,104,222,147,27,120
S01008733,Whole house or bungalow: Total,88,65,32,33,23,5,18
S01008733,Whole house or bungalow: Detached,8,7,4,3,1,0,1
S01008733,Whole house or bungalow: Semi-detached,29,23,10,13,6,0,6
S01008733,Whole house or bungalow: Terraced (including end-terrace),51,35,18,17,16,5,11
S01008733,Flat maisonette or apartment or mobile/temporary accommodation,385,261,72,189,124,22,102
S01008734,All households,266,208,96,112,58,28,30
S01008734,Whole house or bungalow: Total,127,120,69,51,7,2,5
S01008734,Whole house or bungalow: Detached,51,48,26,22,3,0,3
S01008734,Whole house or bungalow: Semi-detached,43,40,29,11,3,1,2
S01008734,Whole house or bungalow: Terraced (including end-terrace),33,32,14,18,1,1,0
S01008734,Flat maisonette or apartment or mobile/temporary accommodation,139,88,27,61,51,26,25
S01008735,All households,385,361,201,160,24,2,22
S01008735,Whole house or bungalow: Total,338,323,185,138,15,1,14
S01008735,Whole house or bungalow: Detached,200,192,125,67,8,0,8
S01008735,Whole house or bungalow: Semi-detached,97,93,46,47,4,0,4
S01008735,Whole house or bungalow: Terraced (including end-terrace),41,38,14,24,3,1,2
S01008735,Flat maisonette or apartment or mobile/temporary accommodation,47,38,16,22,9,1,8
S01008736,All households,290,250,148,102,40,30,10
S01008736,Whole house or bungalow: Total,256,243,148,95,13,5,8
S01008736,Whole house or bungalow: Detached,187,177,114,63,10,5,5
S01008736,Whole house or bungalow: Semi-detached,64,62,31,31,2,0,2
S01008736,Whole house or bungalow: Terraced (including end-terrace),5,4,3,1,1,0,1
S01008736,Flat maisonette or apartment or mobile/temporary accommodation,34,7,0,7,27,25,2
S01008737,All households,339,314,193,121,25,6,19
S01008737,Whole house or bungalow: Total,315,301,184,117,14,3,11
S01008737,Whole house or bungalow: Detached,194,188,124,64,6,1,5
S01008737,Whole house or bungalow: Semi-detached,73,70,34,36,3,0,3
S01008737,Whole house or bungalow: Terraced (including end-terrace),48,43,26,17,5,2,3
S01008737,Flat maisonette or apartment or mobile/temporary accommodation,24,13,9,4,11,3,8
S01008738,All households,299,291,174,117,8,3,5
S01008738,Whole house or bungalow: Total,289,283,172,111,6,2,4
S01008738,Whole house or bungalow: Detached,234,230,147,83,4,2,2
S01008738,Whole house or bungalow: Semi-detached,55,53,25,28,2,0,2
S01008738,Whole house or bungalow: Terraced (including end-terrace),0,0,0,0,0,0,0
S01008738,Flat maisonette or apartment or mobile/temporary accommodation,10,8,2,6,2,1,1
S01008739,All households,240,214,113,101,26,12,14
S01008739,Whole house or bungalow: Total,161,153,80,73,8,0,8
S01008739,Whole house or bungalow: Detached,3,3,3,0,0,0,0
S01008739,Whole house or bungalow: Semi-detached,30,27,16,11,3,0,3
S01008739,Whole house or bungalow: Terraced (including end-terrace),128,123,61,62,5,0,5
S01008739,Flat maisonette or apartment or mobile/temporary accommodation,79,61,33,28,18,12,6
S01008740,All households,227,215,121,94,12,5,7
S01008740,Whole house or bungalow: Total,216,209,119,90,7,1,6
S01008740,Whole house or bungalow: Detached,9,9,5,4,0,0,0
S01008740,Whole house or bungalow: Semi-detached,134,130,75,55,4,0,4
S01008740,Whole house or bungalow: Terraced (including end-terrace),73,70,39,31,3,1,2
S01008740,Flat maisonette or apartment or mobile/temporary accommodation,11,6,2,4,5,4,1
S01008741,All households,395,373,220,153,22,10,12
S01008741,Whole house or bungalow: Total,350,337,202,135,13,5,8
S01008741,Whole house or bungalow: Detached,49,49,32,17,0,0,0
S01008741,Whole house or bungalow: Semi-detached,122,114,70,44,8,4,4
S01008741,Whole house or bungalow: Terraced (including end-terrace),179,174,100,74,5,1,4
S01008741,Flat maisonette or apartment or mobile/temporary accommodation,45,36,18,18,9,5,4
S01008742,All households,280,190,118,72,90,50,40
S01008742,Whole house or bungalow: Total,100,81,44,37,19,12,7
S01008742,Whole house or bungalow: Detached,14,11,3,8,3,2,1
S01008742,Whole house or bungalow: Semi-detached,38,33,21,12,5,4,1
S01008742,Whole house or bungalow: Terraced (including end-terrace),48,37,20,17,11,6,5
S01008742,Flat maisonette or apartment or mobile/temporary accommodation,180,109,74,35,71,38,33
S01008743,All households,485,261,101,160,224,124,100
S01008743,Whole house or bungalow: Total,66,31,17,14,35,28,7
S01008743,Whole house or bungalow: Detached,6,5,3,2,1,0,1
S01008743,Whole house or bungalow: Semi-detached,19,5,4,1,14,11,3
S01008743,Whole house or bungalow: Terraced (including end-terrace),41,21,10,11,20,17,3
S01008743,Flat maisonette or apartment or mobile/temporary accommodation,419,230,84,146,189,96,93
S01008744,All households,519,361,164,197,158,79,79
S01008744,Whole house or bungalow: Total,153,129,55,74,24,18,6
S01008744,Whole house or bungalow: Detached,7,5,3,2,2,2,0
S01008744,Whole house or bungalow: Semi-detached,80,64,25,39,16,12,4
S01008744,Whole house or bungalow: Terraced (including end-terrace),66,60,27,33,6,4,2
S01008744,Flat maisonette or apartment or mobile/temporary accommodation,366,232,109,123,134,61,73
S01008745,All households,241,195,109,86,46,4,42
S01008745,Whole house or bungalow: Total,91,84,52,32,7,0,7
S01008745,Whole house or bungalow: Detached,21,21,8,13,0,0,0
S01008745,Whole house or bungalow: Semi-detached,12,7,5,2,5,0,5
S01008745,Whole house or bungalow: Terraced (including end-terrace),58,56,39,17,2,0,2
S01008745,Flat maisonette or apartment or mobile/temporary accommodation,150,111,57,54,39,4,35
S01008746,All households,572,225,83,142,347,214,133
S01008746,Whole house or bungalow: Total,44,36,16,20,8,5,3
S01008746,Whole house or bungalow: Detached,9,7,2,5,2,0,2
S01008746,Whole house or bungalow: Semi-detached,24,22,14,8,2,2,0
S01008746,Whole house or bungalow: Terraced (including end-terrace),11,7,0,7,4,3,1
S01008746,Flat maisonette or apartment or mobile/temporary accommodation,528,189,67,122,339,209,130
S01008747,All households,234,208,113,95,26,4,22
S01008747,Whole house or bungalow: Total,155,149,91,58,6,0,6
S01008747,Whole house or bungalow: Detached,34,33,23,10,1,0,1
S01008747,Whole house or bungalow: Semi-detached,54,50,30,20,4,0,4
S01008747,Whole house or bungalow: Terraced (including end-terrace),67,66,38,28,1,0,1
S01008747,Flat maisonette or apartment or mobile/temporary accommodation,79,59,22,37,20,4,16
S01008748,All households,283,261,168,93,22,7,15
S01008748,Whole house or bungalow: Total,257,243,159,84,14,2,12
S01008748,Whole house or bungalow: Detached,129,121,87,34,8,0,8
S01008748,Whole house or bungalow: Semi-detached,90,86,49,37,4,1,3
S01008748,Whole house or bungalow: Terraced (including end-terrace),38,36,23,13,2,1,1
S01008748,Flat maisonette or apartment or mobile/temporary accommodation,26,18,9,9,8,5,3
S01008749,All households,402,369,208,161,33,13,20
S01008749,Whole house or bungalow: Total,362,342,203,139,20,5,15
S01008749,Whole house or bungalow: Detached,225,211,135,76,14,3,11
S01008749,Whole house or bungalow: Semi-detached,97,92,46,46,5,2,3
S01008749,Whole house or bungalow: Terraced (including end-terrace),40,39,22,17,1,0,1
S01008749,Flat maisonette or apartment or mobile/temporary accommodation,40,27,5,22,13,8,5
S01008750,All households,313,290,184,106,23,8,15
S01008750,Whole house or bungalow: Total,281,268,178,90,13,1,12
S01008750,Whole house or bungalow: Detached,95,89,70,19,6,1,5
S01008750,Whole house or bungalow: Semi-detached,130,126,76,50,4,0,4
S01008750,Whole house or bungalow: Terraced (including end-terrace),56,53,32,21,3,0,3
S01008750,Flat maisonette or apartment or mobile/temporary accommodation,32,22,6,16,10,7,3
S01008751,All households,304,188,92,96,116,84,32
S01008751,Whole house or bungalow: Total,137,127,70,57,10,2,8
S01008751,Whole house or bungalow: Detached,16,15,8,7,1,0,1
S01008751,Whole house or bungalow: Semi-detached,78,76,46,30,2,1,1
S01008751,Whole house or bungalow: Terraced (including end-terrace),43,36,16,20,7,1,6
S01008751,Flat maisonette or apartment or mobile/temporary accommodation,167,61,22,39,106,82,24
S01008752,All households,459,180,81,99,279,194,85
S01008752,Whole house or bungalow: Total,20,10,6,4,10,9,1
S01008752,Whole house or bungalow: Detached,3,2,2,0,1,1,0
S01008752,Whole house or bungalow: Semi-detached,10,6,3,3,4,3,1
S01008752,Whole house or bungalow: Terraced (including end-terrace),7,2,1,1,5,5,0
S01008752,Flat maisonette or apartment or mobile/temporary accommodation,439,170,75,95,269,185,84
S01008753,All households,314,147,64,83,167,109,58
S01008753,Whole house or bungalow: Total,14,9,7,2,5,3,2
S01008753,Whole house or bungalow: Detached,1,1,0,1,0,0,0
S01008753,Whole house or bungalow: Semi-detached,3,2,1,1,1,0,1
S01008753,Whole house or bungalow: Terraced (including end-terrace),10,6,6,0,4,3,1
S01008753,Flat maisonette or apartment or mobile/temporary accommodation,300,138,57,81,162,106,56
S01008754,All households,362,163,53,110,199,140,59
S01008754,Whole house or bungalow: Total,17,12,3,9,5,3,2
S01008754,Whole house or bungalow: Detached,2,2,1,1,0,0,0
S01008754,Whole house or bungalow: Semi-detached,7,5,1,4,2,1,1
S01008754,Whole house or bungalow: Terraced (including end-terrace),8,5,1,4,3,2,1
S01008754,Flat maisonette or apartment or mobile/temporary accommodation,345,151,50,101,194,137,57
S01008755,All households,541,231,57,174,310,180,130
S01008755,Whole house or bungalow: Total,66,22,11,11,44,35,9
S01008755,Whole house or bungalow: Detached,12,7,4,3,5,4,1
S01008755,Whole house or bungalow: Semi-detached,20,9,6,3,11,9,2
S01008755,Whole house or bungalow: Terraced (including end-terrace),34,6,1,5,28,22,6
S01008755,Flat maisonette or apartment or mobile/temporary accommodation,475,209,46,163,266,145,121
S01008756,All households,418,195,79,116,223,172,51
S01008756,Whole house or bungalow: Total,27,24,13,11,3,0,3
S01008756,Whole house or bungalow: Detached,3,1,1,0,2,0,2
S01008756,Whole house or bungalow: Semi-detached,2,2,1,1,0,0,0
S01008756,Whole house or bungalow: Terraced (including end-terrace),22,21,11,10,1,0,1
S01008756,Flat maisonette or apartment or mobile/temporary accommodation,391,171,66,105,220,172,48
S01008757,All households,397,116,42,74,281,236,45
S01008757,Whole house or bungalow: Total,27,13,8,5,14,10,4
S01008757,Whole house or bungalow: Detached,1,1,0,1,0,0,0
S01008757,Whole house or bungalow: Semi-detached,11,7,3,4,4,1,3
S01008757,Whole house or bungalow: Terraced (including end-terrace),15,5,5,0,10,9,1
S01008757,Flat maisonette or apartment or mobile/temporary accommodation,370,103,34,69,267,226,41
S01008758,All households,444,222,89,133,222,173,49
S01008758,Whole house or bungalow: Total,86,52,23,29,34,30,4
S01008758,Whole house or bungalow: Detached,10,7,1,6,3,3,0
S01008758,Whole house or bungalow: Semi-detached,42,28,13,15,14,12,2
S01008758,Whole house or bungalow: Terraced (including end-terrace),34,17,9,8,17,15,2
S01008758,Flat maisonette or apartment or mobile/temporary accommodation,358,170,66,104,188,143,45
S01008759,All households,322,136,60,76,186,147,39
S01008759,Whole house or bungalow: Total,52,35,19,16,17,11,6
S01008759,Whole house or bungalow: Detached,10,6,2,4,4,2,2
S01008759,Whole house or bungalow: Semi-detached,27,21,11,10,6,3,3
S01008759,Whole house or bungalow: Terraced (including end-terrace),15,8,6,2,7,6,1
S01008759,Flat maisonette or apartment or mobile/temporary accommodation,270,101,41,60,169,136,33
S01008760,All households,500,152,52,100,348,300,48
S01008760,Whole house or bungalow: Total,82,57,19,38,25,23,2
S01008760,Whole house or bungalow: Detached,12,10,6,4,2,1,1
S01008760,Whole house or bungalow: Semi-detached,35,26,10,16,9,8,1
S01008760,Whole house or bungalow: Terraced (including end-terrace),35,21,3,18,14,14,0
S01008760,Flat maisonette or apartment or mobile/temporary accommodation,418,95,33,62,323,277,46
S01008761,All households,295,120,25,95,175,35,140
S01008761,Whole house or bungalow: Total,82,72,18,54,10,4,6
S01008761,Whole house or bungalow: Detached,19,17,3,14,2,0,2
S01008761,Whole house or bungalow: Semi-detached,44,38,12,26,6,3,3
S01008761,Whole house or bungalow: Terraced (including end-terrace),19,17,3,14,2,1,1
S01008761,Flat maisonette or apartment or mobile/temporary accommodation,213,48,7,41,165,31,134
S01008762,All households,301,256,120,136,45,12,33
S01008762,Whole house or bungalow: Total,186,171,91,80,15,4,11
S01008762,Whole house or bungalow: Detached,3,3,3,0,0,0,0
S01008762,Whole house or bungalow: Semi-detached,69,60,38,22,9,2,7
S01008762,Whole house or bungalow: Terraced (including end-terrace),114,108,50,58,6,2,4
S01008762,Flat maisonette or apartment or mobile/temporary accommodation,115,85,29,56,30,8,22
S01008763,All households,433,355,135,220,78,15,63
S01008763,Whole house or bungalow: Total,233,205,98,107,28,8,20
S01008763,Whole house or bungalow: Detached,2,2,1,1,0,0,0
S01008763,Whole house or bungalow: Semi-detached,29,25,15,10,4,1,3
S01008763,Whole house or bungalow: Terraced (including end-terrace),202,178,82,96,24,7,17
S01008763,Flat maisonette or apartment or mobile/temporary accommodation,200,150,37,113,50,7,43
S01008764,All households,306,230,91,139,76,41,35
S01008764,Whole house or bungalow: Total,147,132,63,69,15,2,13
S01008764,Whole house or bungalow: Detached,11,9,6,3,2,0,2
S01008764,Whole house or bungalow: Semi-detached,51,46,24,22,5,1,4
S01008764,Whole house or bungalow: Terraced (including end-terrace),85,77,33,44,8,1,7
S01008764,Flat maisonette or apartment or mobile/temporary accommodation,159,98,28,70,61,39,22
S01008765,All households,393,304,100,204,89,10,79
S01008765,Whole house or bungalow: Total,131,119,47,72,12,0,12
S01008765,Whole house or bungalow: Detached,6,5,0,5,1,0,1
S01008765,Whole house or bungalow: Semi-detached,12,9,5,4,3,0,3
S01008765,Whole house or bungalow: Terraced (including end-terrace),113,105,42,63,8,0,8
S01008765,Flat maisonette or apartment or mobile/temporary accommodation,262,185,53,132,77,10,67
S01008766,All households,413,359,180,179,54,19,35
S01008766,Whole house or bungalow: Total,239,221,120,101,18,6,12
S01008766,Whole house or bungalow: Detached,18,17,8,9,1,1,0
S01008766,Whole house or bungalow: Semi-detached,89,79,43,36,10,2,8
S01008766,Whole house or bungalow: Terraced (including end-terrace),132,125,69,56,7,3,4
S01008766,Flat maisonette or apartment or mobile/temporary accommodation,174,138,60,78,36,13,23
S01008767,All households,266,198,82,116,68,39,29
S01008767,Whole house or bungalow: Total,129,116,49,67,13,3,10
S01008767,Whole house or bungalow: Detached,4,4,1,3,0,0,0
S01008767,Whole house or bungalow: Semi-detached,38,30,14,16,8,3,5
S01008767,Whole house or bungalow: Terraced (including end-terrace),87,82,34,48,5,0,5
S01008767,Flat maisonette or apartment or mobile/temporary accommodation,137,82,33,49,55,36,19
S01008768,All households,256,150,48,102,106,56,50
S01008768,Whole house or bungalow: Total,53,43,22,21,10,8,2
S01008768,Whole house or bungalow: Detached,19,15,10,5,4,3,1
S01008768,Whole house or bungalow: Semi-detached,23,19,10,9,4,3,1
S01008768,Whole house or bungalow: Terraced (including end-terrace),11,9,2,7,2,2,0
S01008768,Flat maisonette or apartment or mobile/temporary accommodation,203,107,26,81,96,48,48
S01008769,All households,380,214,61,153,166,7,159
S01008769,Whole house or bungalow: Total,3,3,1,2,0,0,0
S01008769,Whole house or bungalow: Detached,2,2,1,1,0,0,0
S01008769,Whole house or bungalow: Semi-detached,1,1,0,1,0,0,0
S01008769,Whole house or bungalow: Terraced (including end-terrace),0,0,0,0,0,0,0
S01008769,Flat maisonette or apartment or mobile/temporary accommodation,377,211,60,151,166,7,159
S01008770,All households,431,188,44,144,243,13,230
S01008770,Whole house or bungalow: Total,5,5,2,3,0,0,0
S01008770,Whole house or bungalow: Detached,2,2,0,2,0,0,0
S01008770,Whole house or bungalow: Semi-detached,2,2,2,0,0,0,0
S01008770,Whole house or bungalow: Terraced (including end-terrace),1,1,0,1,0,0,0
S01008770,Flat maisonette or apartment or mobile/temporary accommodation,426,183,42,141,243,13,230
S01008771,All households,411,185,50,135,226,106,120
S01008771,Whole house or bungalow: Total,18,18,3,15,0,0,0
S01008771,Whole house or bungalow: Detached,0,0,0,0,0,0,0
S01008771,Whole house or bungalow: Semi-detached,1,1,0,1,0,0,0
S01008771,Whole house or bungalow: Terraced (including end-terrace),17,17,3,14,0,0,0
S01008771,Flat maisonette or apartment or mobile/temporary accommodation,393,167,47,120,226,106,120
S01008772,All households,395,284,127,157,111,51,60
S01008772,Whole house or bungalow: Total,105,80,43,37,25,13,12
S01008772,Whole house or bungalow: Detached,7,4,1,3,3,3,0
S01008772,Whole house or bungalow: Semi-detached,23,19,13,6,4,2,2
S01008772,Whole house or bungalow: Terraced (including end-terrace),75,57,29,28,18,8,10
S01008772,Flat maisonette or apartment or mobile/temporary accommodation,290,204,84,120,86,38,48
S01008773,All households,596,305,97,208,291,130,161
S01008773,Whole house or bungalow: Total,80,45,22,23,35,29,6
S01008773,Whole house or bungalow: Detached,6,3,2,1,3,2,1
S01008773,Whole house or bungalow: Semi-detached,26,13,8,5,13,10,3
S01008773,Whole house or bungalow: Terraced (including end-terrace),48,29,12,17,19,17,2
S01008773,Flat maisonette or apartment or mobile/temporary accommodation,516,260,75,185,256,101,155
S01008774,All households,495,215,68,147,280,130,150
S01008774,Whole house or bungalow: Total,82,38,18,20,44,35,9
S01008774,Whole house or bungalow: Detached,4,1,1,0,3,3,0
S01008774,Whole house or bungalow: Semi-detached,32,14,11,3,18,16,2
S01008774,Whole house or bungalow: Terraced (including end-terrace),46,23,6,17,23,16,7
S01008774,Flat maisonette or apartment or mobile/temporary accommodation,413,177,50,127,236,95,141
S01008775,All households,218,157,57,100,61,9,52
S01008775,Whole house or bungalow: Total,56,43,22,21,13,1,12
S01008775,Whole house or bungalow: Detached,3,1,1,0,2,0,2
S01008775,Whole house or bungalow: Semi-detached,3,2,1,1,1,0,1
S01008775,Whole house or bungalow: Terraced (including end-terrace),50,40,20,20,10,1,9
S01008775,Flat maisonette or apartment or mobile/temporary accommodation,162,114,35,79,48,8,40
S01008776,All households,467,171,56,115,296,165,131
S01008776,Whole house or bungalow: Total,28,14,6,8,14,11,3
S01008776,Whole house or bungalow: Detached,4,1,0,1,3,3,0
S01008776,Whole house or bungalow: Semi-detached,10,6,2,4,4,2,2
S01008776,Whole house or bungalow: Terraced (including end-terrace),14,7,4,3,7,6,1
S01008776,Flat maisonette or apartment or mobile/temporary accommodation,439,157,50,107,282,154,128
S01008777,All households,637,187,59,128,450,336,114
S01008777,Whole house or bungalow: Total,35,16,10,6,19,15,4
S01008777,Whole house or bungalow: Detached,5,2,2,0,3,3,0
S01008777,Whole house or bungalow: Semi-detached,9,6,3,3,3,2,1
S01008777,Whole house or bungalow: Terraced (including end-terrace),21,8,5,3,13,10,3
S01008777,Flat maisonette or apartment or mobile/temporary accommodation,602,171,49,122,431,321,110
S01008778,All households,664,265,68,197,399,113,286
S01008778,Whole house or bungalow: Total,8,2,0,2,6,2,4
S01008778,Whole house or bungalow: Detached,0,0,0,0,0,0,0
S01008778,Whole house or bungalow: Semi-detached,4,0,0,0,4,1,3
S01008778,Whole house or bungalow: Terraced (including end-terrace),4,2,0,2,2,1,1
S01008778,Flat maisonette or apartment or mobile/temporary accommodation,656,263,68,195,393,111,282
S01008779,All households,402,212,48,164,190,9,181
S01008779,Whole house or bungalow: Total,10,7,0,7,3,1,2
S01008779,Whole house or bungalow: Detached,1,1,0,1,0,0,0
S01008779,Whole house or bungalow: Semi-detached,2,1,0,1,1,0,1
S01008779,Whole house or bungalow: Terraced (including end-terrace),7,5,0,5,2,1,1
S01008779,Flat maisonette or apartment or mobile/temporary accommodation,392,205,48,157,187,8,179
S01008780,All households,329,145,24,121,184,48,136
S01008780,Whole house or bungalow: Total,6,5,2,3,1,1,0
S01008780,Whole house or bungalow: Detached,0,0,0,0,0,0,0
S01008780,Whole house or bungalow: Semi-detached,1,1,1,0,0,0,0
S01008780,Whole house or bungalow: Terraced (including end-terrace),5,4,1,3,1,1,0
S01008780,Flat maisonette or apartment or mobile/temporary accommodation,323,140,22,118,183,47,136
S01008781,All households,530,168,21,147,362,196,166
S01008781,Whole house or bungalow: Total,7,5,1,4,2,1,1
S01008781,Whole house or bungalow: Detached,0,0,0,0,0,0,0
S01008781,Whole house or bungalow: Semi-detached,1,0,0,0,1,0,1
S01008781,Whole house or bungalow: Terraced (including end-terrace),6,5,1,4,1,1,0
S01008781,Flat maisonette or apartment or mobile/temporary accommodation,523,163,20,143,360,195,165
S01008782,All households,400,181,35,146,219,57,162
S01008782,Whole house or bungalow: Total,18,13,2,11,5,3,2
S01008782,Whole house or bungalow: Detached,4,3,0,3,1,1,0
S01008782,Whole house or bungalow: Semi-detached,5,4,0,4,1,0,1
S01008782,Whole house or bungalow: Terraced (including end-terrace),9,6,2,4,3,2,1
S01008782,Flat maisonette or apartment or mobile/temporary accommodation,382,168,33,135,214,54,160
S01008783,All households,236,92,15,77,144,45,99
S01008783,Whole house or bungalow: Total,1,1,0,1,0,0,0
S01008783,Whole house or bungalow: Detached,0,0,0,0,0,0,0
S01008783,Whole house or bungalow: Semi-detached,0,0,0,0,0,0,0
S01008783,Whole house or bungalow: Terraced (including end-terrace),1,1,0,1,0,0,0
S01008783,Flat maisonette or apartment or mobile/temporary accommodation,235,91,15,76,144,45,99
S01008784,All households,268,92,12,80,176,53,123
S01008784,Whole house or bungalow: Total,3,2,0,2,1,1,0
S01008784,Whole house or bungalow: Detached,1,0,0,0,1,1,0
S01008784,Whole house or bungalow: Semi-detached,0,0,0,0,0,0,0
S01008784,Whole house or bungalow: Terraced (including end-terrace),2,2,0,2,0,0,0
S01008784,Flat maisonette or apartment or mobile/temporary accommodation,265,90,12,78,175,52,123
S01008785,All households,485,125,52,73,360,235,125
S01008785,Whole house or bungalow: Total,8,7,3,4,1,1,0
S01008785,Whole house or bungalow: Detached,1,1,1,0,0,0,0
S01008785,Whole house or bungalow: Semi-detached,5,4,0,4,1,1,0
S01008785,Whole house or bungalow: Terraced (including end-terrace),2,2,2,0,0,0,0
S01008785,Flat maisonette or apartment or mobile/temporary accommodation,477,118,49,69,359,234,125
S01008786,All households,540,257,69,188,283,49,234
S01008786,Whole house or bungalow: Total,8,1,1,0,7,2,5
S01008786,Whole house or bungalow: Detached,5,1,1,0,4,0,4
S01008786,Whole house or bungalow: Semi-detached,0,0,0,0,0,0,0
S01008786,Whole house or bungalow: Terraced (including end-terrace),3,0,0,0,3,2,1
S01008786,Flat maisonette or apartment or mobile/temporary accommodation,532,256,68,188,276,47,229
S01008787,All households,200,6,4,2,194,173,21
S01008787,Whole house or bungalow: Total,3,2,1,1,1,1,0
S01008787,Whole house or bungalow: Detached,1,1,0,1,0,0,0
S01008787,Whole house or bungalow: Semi-detached,1,1,1,0,0,0,0
S01008787,Whole house or bungalow: Terraced (including end-terrace),1,0,0,0,1,1,0
S01008787,Flat maisonette or apartment or mobile/temporary accommodation,197,4,3,1,193,172,21
S01008788,All households,376,168,36,132,208,64,144
S01008788,Whole house or bungalow: Total,15,4,0,4,11,10,1
S01008788,Whole house or bungalow: Detached,3,3,0,3,0,0,0
S01008788,Whole house or bungalow: Semi-detached,12,1,0,1,11,10,1
S01008788,Whole house or bungalow: Terraced (including end-terrace),0,0,0,0,0,0,0
S01008788,Flat maisonette or apartment or mobile/temporary accommodation,361,164,36,128,197,54,143
S01008789,All households,375,149,56,93,226,159,67
S01008789,Whole house or bungalow: Total,97,40,16,24,57,47,10
S01008789,Whole house or bungalow: Detached,8,1,1,0,7,4,3
S01008789,Whole house or bungalow: Semi-detached,13,5,3,2,8,8,0
S01008789,Whole house or bungalow: Terraced (including end-terrace),76,34,12,22,42,35,7
S01008789,Flat maisonette or apartment or mobile/temporary accommodation,278,109,40,69,169,112,57
S01008790,All households,353,122,28,94,231,118,113
S01008790,Whole house or bungalow: Total,11,7,2,5,4,0,4
S01008790,Whole house or bungalow: Detached,1,0,0,0,1,0,1
S01008790,Whole house or bungalow: Semi-detached,3,3,1,2,0,0,0
S01008790,Whole house or bungalow: Terraced (including end-terrace),7,4,1,3,3,0,3
S01008790,Flat maisonette or apartment or mobile/temporary accommodation,342,115,26,89,227,118,109
S01008791,All households,421,173,50,123,248,33,215
S01008791,Whole house or bungalow: Total,82,55,26,29,27,9,18
S01008791,Whole house or bungalow: Detached,2,1,0,1,1,1,0
S01008791,Whole house or bungalow: Semi-detached,13,6,2,4,7,3,4
S01008791,Whole house or bungalow: Terraced (including end-terrace),67,48,24,24,19,5,14
S01008791,Flat maisonette or apartment or mobile/temporary accommodation,339,118,24,94,221,24,197
S01008792,All households,415,226,91,135,189,74,115
S01008792,Whole house or bungalow: Total,57,46,25,21,11,2,9
S01008792,Whole house or bungalow: Detached,2,2,1,1,0,0,0
S01008792,Whole house or bungalow: Semi-detached,6,3,3,0,3,0,3
S01008792,Whole house or bungalow: Terraced (including end-terrace),49,41,21,20,8,2,6
S01008792,Flat maisonette or apartment or mobile/temporary accommodation,358,180,66,114,178,72,106
S01008793,All households,266,80,19,61,186,101,85
S01008793,Whole house or bungalow: Total,13,7,2,5,6,4,2
S01008793,Whole house or bungalow: Detached,2,1,0,1,1,1,0
S01008793,Whole house or bungalow: Semi-detached,4,2,0,2,2,1,1
S01008793,Whole house or bungalow: Terraced (including end-terrace),7,4,2,2,3,2,1
S01008793,Flat maisonette or apartment or mobile/temporary accommodation,253,73,17,56,180,97,83
S01008794,All households,492,203,67,136,289,199,90
S01008794,Whole house or bungalow: Total,26,18,10,8,8,5,3
S01008794,Whole house or bungalow: Detached,5,4,2,2,1,0,1
S01008794,Whole house or bungalow: Semi-detached,5,3,1,2,2,1,1
S01008794,Whole house or bungalow: Terraced (including end-terrace),16,11,7,4,5,4,1
S01008794,Flat maisonette or apartment or mobile/temporary accommodation,466,185,57,128,281,194,87
S01008795,All households,618,314,83,231,304,34,270
S01008795,Whole house or bungalow: Total,11,7,4,3,4,0,4
S01008795,Whole house or bungalow: Detached,2,2,2,0,0,0,0
S01008795,Whole house or bungalow: Semi-detached,0,0,0,0,0,0,0
S01008795,Whole house or bungalow: Terraced (including end-terrace),9,5,2,3,4,0,4
S01008795,Flat maisonette or apartment or mobile/temporary accommodation,607,307,79,228,300,34,266
S01008796,All households,622,198,50,148,424,158,266
S01008796,Whole house or bungalow: Total,21,7,2,5,14,10,4
S01008796,Whole house or bungalow: Detached,1,1,0,1,0,0,0
S01008796,Whole house or bungalow: Semi-detached,4,2,1,1,2,1,1
S01008796,Whole house or bungalow: Terraced (including end-terrace),16,4,1,3,12,9,3
S01008796,Flat maisonette or apartment or mobile/temporary accommodation,601,191,48,143,410,148,262
S01008797,All households,579,281,86,195,298,66,232
S01008797,Whole house or bungalow: Total,14,8,4,4,6,1,5
S01008797,Whole house or bungalow: Detached,1,1,0,1,0,0,0
S01008797,Whole house or bungalow: Semi-detached,2,0,0,0,2,1,1
S01008797,Whole house or bungalow: Terraced (including end-terrace),11,7,4,3,4,0,4
S01008797,Flat maisonette or apartment or mobile/temporary accommodation,565,273,82,191,292,65,227
S01008798,All households,502,238,85,153,264,91,173
S01008798,Whole house or bungalow: Total,8,5,1,4,3,1,2
S01008798,Whole house or bungalow: Detached,1,1,0,1,0,0,0
S01008798,Whole house or bungalow: Semi-detached,1,0,0,0,1,1,0
S01008798,Whole house or bungalow: Terraced (including end-terrace),6,4,1,3,2,0,2
S01008798,Flat maisonette or apartment or mobile/temporary accommodation,494,233,84,149,261,90,171
S01008799,All households,322,107,25,82,215,52,163
S01008799,Whole house or bungalow: Total,8,7,4,3,1,0,1
S01008799,Whole house or bungalow: Detached,2,2,0,2,0,0,0
S01008799,Whole house or bungalow: Semi-detached,4,3,2,1,1,0,1
S01008799,Whole house or bungalow: Terraced (including end-terrace),2,2,2,0,0,0,0
S01008799,Flat maisonette or apartment or mobile/temporary accommodation,314,100,21,79,214,52,162
S01008800,All households,651,321,74,247,330,33,297
S01008800,Whole house or bungalow: Total,7,3,2,1,4,1,3
S01008800,Whole house or bungalow: Detached,1,1,1,0,0,0,0
S01008800,Whole house or bungalow: Semi-detached,0,0,0,0,0,0,0
S01008800,Whole house or bungalow: Terraced (including end-terrace),6,2,1,1,4,1,3
S01008800,Flat maisonette or apartment or mobile/temporary accommodation,644,318,72,246,326,32,294
S01008801,All households,582,263,61,202,319,52,267
S01008801,Whole house or bungalow: Total,9,3,1,2,6,0,6
S01008801,Whole house or bungalow: Detached,2,1,0,1,1,0,1
S01008801,Whole house or bungalow: Semi-detached,1,1,1,0,0,0,0
S01008801,Whole house or bungalow: Terraced (including end-terrace),6,1,0,1,5,0,5
S01008801,Flat maisonette or apartment or mobile/temporary accommodation,573,260,60,200,313,52,261
S01008802,All households,614,263,80,183,351,86,265
S01008802,Whole house or bungalow: Total,8,5,3,2,3,1,2
S01008802,Whole house or bungalow: Detached,2,1,1,0,1,0,1
S01008802,Whole house or bungalow: Semi-detached,1,1,1,0,0,0,0
S01008802,Whole house or bungalow: Terraced (including end-terrace),5,3,1,2,2,1,1
S01008802,Flat maisonette or apartment or mobile/temporary accommodation,606,258,77,181,348,85,263
S01008803,All households,575,185,50,135,390,163,227
S01008803,Whole house or bungalow: Total,36,12,1,11,24,15,9
S01008803,Whole house or bungalow: Detached,4,2,1,1,2,1,1
S01008803,Whole house or bungalow: Semi-detached,9,0,0,0,9,5,4
S01008803,Whole house or bungalow: Terraced (including end-terrace),23,10,0,10,13,9,4
S01008803,Flat maisonette or apartment or mobile/temporary accommodation,539,173,49,124,366,148,218
S01008804,All households,332,110,24,86,222,86,136
S01008804,Whole house or bungalow: Total,5,3,2,1,2,1,1
S01008804,Whole house or bungalow: Detached,1,1,1,0,0,0,0
S01008804,Whole house or bungalow: Semi-detached,3,1,0,1,2,1,1
S01008804,Whole house or bungalow: Terraced (including end-terrace),1,1,1,0,0,0,0
S01008804,Flat maisonette or apartment or mobile/temporary accommodation,327,107,22,85,220,85,135
S01008805,All households,334,128,46,82,206,12,194
S01008805,Whole house or bungalow: Total,3,1,0,1,2,0,2
S01008805,Whole house or bungalow: Detached,1,0,0,0,1,0,1
S01008805,Whole house or bungalow: Semi-detached,0,0,0,0,0,0,0
S01008805,Whole house or bungalow: Terraced (including end-terrace),2,1,0,1,1,0,1
S01008805,Flat maisonette or apartment or mobile/temporary accommodation,331,127,46,81,204,12,192
S01008806,All households,558,225,61,164,333,69,264
S01008806,Whole house or bungalow: Total,15,7,2,5,8,1,7
S01008806,Whole house or bungalow: Detached,2,1,0,1,1,0,1
S01008806,Whole house or bungalow: Semi-detached,2,1,1,0,1,1,0
S01008806,Whole house or bungalow: Terraced (including end-terrace),11,5,1,4,6,0,6
S01008806,Flat maisonette or apartment or mobile/temporary accommodation,543,218,59,159,325,68,257
S01008807,All households,490,246,68,178,244,39,205
S01008807,Whole house or bungalow: Total,29,20,8,12,9,5,4
S01008807,Whole house or bungalow: Detached,1,1,1,0,0,0,0
S01008807,Whole house or bungalow: Semi-detached,5,3,1,2,2,1,1
S01008807,Whole house or bungalow: Terraced (including end-terrace),23,16,6,10,7,4,3
S01008807,Flat maisonette or apartment or mobile/temporary accommodation,461,226,60,166,235,34,201
S01008808,All households,391,196,72,124,195,74,121
S01008808,Whole house or bungalow: Total,13,7,1,6,6,6,0
S01008808,Whole house or bungalow: Detached,0,0,0,0,0,0,0
S01008808,Whole house or bungalow: Semi-detached,2,1,0,1,1,1,0
S01008808,Whole house or bungalow: Terraced (including end-terrace),11,6,1,5,5,5,0
S01008808,Flat maisonette or apartment or mobile/temporary accommodation,378,189,71,118,189,68,121
S01008809,All households,324,145,79,66,179,18,161
S01008809,Whole house or bungalow: Total,70,44,28,16,26,1,25
S01008809,Whole house or bungalow: Detached,3,2,1,1,1,0,1
S01008809,Whole house or bungalow: Semi-detached,5,0,0,0,5,1,4
S01008809,Whole house or bungalow: Terraced (including end-terrace),62,42,27,15,20,0,20
S01008809,Flat maisonette or apartment or mobile/temporary accommodation,254,101,51,50,153,17,136
S01008810,All households,383,213,70,143,170,3,167
S01008810,Whole house or bungalow: Total,8,4,2,2,4,1,3
S01008810,Whole house or bungalow: Detached,2,1,1,0,1,0,1
S01008810,Whole house or bungalow: Semi-detached,1,1,0,1,0,0,0
S01008810,Whole house or bungalow: Terraced (including end-terrace),5,2,1,1,3,1,2
S01008810,Flat maisonette or apartment or mobile/temporary accommodation,375,209,68,141,166,2,164
S01008811,All households,389,195,70,125,194,9,185
S01008811,Whole house or bungalow: Total,24,18,7,11,6,0,6
S01008811,Whole house or bungalow: Detached,2,2,0,2,0,0,0
S01008811,Whole house or bungalow: Semi-detached,4,2,2,0,2,0,2
S01008811,Whole house or bungalow: Terraced (including end-terrace),18,14,5,9,4,0,4
S01008811,Flat maisonette or apartment or mobile/temporary accommodation,365,177,63,114,188,9,179
S01008812,All households,260,141,58,83,119,2,117
S01008812,Whole house or bungalow: Total,2,1,1,0,1,0,1
S01008812,Whole house or bungalow: Detached,1,1,1,0,0,0,0
S01008812,Whole house or bungalow: Semi-detached,0,0,0,0,0,0,0
S01008812,Whole house or bungalow: Terraced (including end-terrace),1,0,0,0,1,0,1
S01008812,Flat maisonette or apartment or mobile/temporary accommodation,258,140,57,83,118,2,116
S01008813,All households,508,185,76,109,323,182,141
S01008813,Whole house or bungalow: Total,115,72,36,36,43,21,22
S01008813,Whole house or bungalow: Detached,4,4,3,1,0,0,0
S01008813,Whole house or bungalow: Semi-detached,27,15,8,7,12,3,9
S01008813,Whole house or bungalow: Terraced (including end-terrace),84,53,25,28,31,18,13
S01008813,Flat maisonette or apartment or mobile/temporary accommodation,393,113,40,73,280,161,119
S01008814,All households,403,228,92,136,175,35,140
S01008814,Whole house or bungalow: Total,114,96,49,47,18,6,12
S01008814,Whole house or bungalow: Detached,5,4,1,3,1,0,1
S01008814,Whole house or bungalow: Semi-detached,15,7,2,5,8,6,2
S01008814,Whole house or bungalow: Terraced (including end-terrace),94,85,46,39,9,0,9
S01008814,Flat maisonette or apartment or mobile/temporary accommodation,289,132,43,89,157,29,128
S01008815,All households,557,247,59,188,310,119,191
S01008815,Whole house or bungalow: Total,17,11,2,9,6,1,5
S01008815,Whole house or bungalow: Detached,1,1,0,1,0,0,0
S01008815,Whole house or bungalow: Semi-detached,5,2,0,2,3,1,2
S01008815,Whole house or bungalow: Terraced (including end-terrace),11,8,2,6,3,0,3
S01008815,Flat maisonette or apartment or mobile/temporary accommodation,540,236,57,179,304,118,186
S01008816,All households,321,184,63,121,137,51,86
S01008816,Whole house or bungalow: Total,51,45,34,11,6,0,6
S01008816,Whole house or bungalow: Detached,2,2,0,2,0,0,0
S01008816,Whole house or bungalow: Semi-detached,15,11,10,1,4,0,4
S01008816,Whole house or bungalow: Terraced (including end-terrace),34,32,24,8,2,0,2
S01008816,Flat maisonette or apartment or mobile/temporary accommodation,270,139,29,110,131,51,80
S01008817,All households,425,183,41,142,242,130,112
S01008817,Whole house or bungalow: Total,31,24,12,12,7,3,4
S01008817,Whole house or bungalow: Detached,2,1,0,1,1,1,0
S01008817,Whole house or bungalow: Semi-detached,5,3,2,1,2,1,1
S01008817,Whole house or bungalow: Terraced (including end-terrace),24,20,10,10,4,1,3
S01008817,Flat maisonette or apartment or mobile/temporary accommodation,394,159,29,130,235,127,108
S01008818,All households,371,247,67,180,124,32,92
S01008818,Whole house or bungalow: Total,110,100,32,68,10,0,10
S01008818,Whole house or bungalow: Detached,13,12,2,10,1,0,1
S01008818,Whole house or bungalow: Semi-detached,24,21,8,13,3,0,3
S01008818,Whole house or bungalow: Terraced (including end-terrace),73,67,22,45,6,0,6
S01008818,Flat maisonette or apartment or mobile/temporary accommodation,261,147,35,112,114,32,82
S01008819,All households,368,254,90,164,114,23,91
S01008819,Whole house or bungalow: Total,40,34,21,13,6,2,4
S01008819,Whole house or bungalow: Detached,7,5,2,3,2,1,1
S01008819,Whole house or bungalow: Semi-detached,12,10,8,2,2,0,2
S01008819,Whole house or bungalow: Terraced (including end-terrace),21,19,11,8,2,1,1
S01008819,Flat maisonette or apartment or mobile/temporary accommodation,328,220,69,151,108,21,87
S01008820,All households,616,242,76,166,374,223,151
S01008820,Whole house or bungalow: Total,50,25,8,17,25,15,10
S01008820,Whole house or bungalow: Detached,8,7,1,6,1,1,0
S01008820,Whole house or bungalow: Semi-detached,8,6,1,5,2,2,0
S01008820,Whole house or bungalow: Terraced (including end-terrace),34,12,6,6,22,12,10
S01008820,Flat maisonette or apartment or mobile/temporary accommodation,566,217,68,149,349,208,141
S01008821,All households,271,224,78,146,47,12,35
S01008821,Whole house or bungalow: Total,146,134,54,80,12,4,8
S01008821,Whole house or bungalow: Detached,7,6,2,4,1,0,1
S01008821,Whole house or bungalow: Semi-detached,25,23,9,14,2,1,1
S01008821,Whole house or bungalow: Terraced (including end-terrace),114,105,43,62,9,3,6
S01008821,Flat maisonette or apartment or mobile/temporary accommodation,125,90,24,66,35,8,27
S01008822,All households,286,258,116,142,28,6,22
S01008822,Whole house or bungalow: Total,172,164,69,95,8,2,6
S01008822,Whole house or bungalow: Detached,13,11,2,9,2,2,0
S01008822,Whole house or bungalow: Semi-detached,33,31,13,18,2,0,2
S01008822,Whole house or bungalow: Terraced (including end-terrace),126,122,54,68,4,0,4
S01008822,Flat maisonette or apartment or mobile/temporary accommodation,114,94,47,47,20,4,16
S01008823,All households,269,227,114,113,42,3,39
S01008823,Whole house or bungalow: Total,135,123,59,64,12,1,11
S01008823,Whole house or bungalow: Detached,13,13,9,4,0,0,0
S01008823,Whole house or bungalow: Semi-detached,36,31,17,14,5,1,4
S01008823,Whole house or bungalow: Terraced (including end-terrace),86,79,33,46,7,0,7
S01008823,Flat maisonette or apartment or mobile/temporary accommodation,134,104,55,49,30,2,28
S01008824,All households,510,394,187,207,116,23,93
S01008824,Whole house or bungalow: Total,118,111,62,49,7,2,5
S01008824,Whole house or bungalow: Detached,10,9,3,6,1,1,0
S01008824,Whole house or bungalow: Semi-detached,48,45,23,22,3,0,3
S01008824,Whole house or bungalow: Terraced (including end-terrace),60,57,36,21,3,1,2
S01008824,Flat maisonette or apartment or mobile/temporary accommodation,392,283,125,158,109,21,88
S01008825,All households,296,245,122,123,51,8,43
S01008825,Whole house or bungalow: Total,86,80,45,35,6,1,5
S01008825,Whole house or bungalow: Detached,9,8,7,1,1,0,1
S01008825,Whole house or bungalow: Semi-detached,47,43,27,16,4,0,4
S01008825,Whole house or bungalow: Terraced (including end-terrace),30,29,11,18,1,1,0
S01008825,Flat maisonette or apartment or mobile/temporary accommodation,210,165,77,88,45,7,38
S01008826,All households,378,224,101,123,154,73,81
S01008826,Whole house or bungalow: Total,46,44,27,17,2,1,1
S01008826,Whole house or bungalow: Detached,16,16,11,5,0,0,0
S01008826,Whole house or bungalow: Semi-detached,15,14,6,8,1,0,1
S01008826,Whole house or bungalow: Terraced (including end-terrace),15,14,10,4,1,1,0
S01008826,Flat maisonette or apartment or mobile/temporary accommodation,332,180,74,106,152,72,80
S01008827,All households,273,258,142,116,15,1,14
S01008827,Whole house or bungalow: Total,184,180,101,79,4,0,4
S01008827,Whole house or bungalow: Detached,22,22,18,4,0,0,0
S01008827,Whole house or bungalow: Semi-detached,67,65,34,31,2,0,2
S01008827,Whole house or bungalow: Terraced (including end-terrace),95,93,49,44,2,0,2
S01008827,Flat maisonette or apartment or mobile/temporary accommodation,89,78,41,37,11,1,10
S01008828,All households,439,330,177,153,109,27,82
S01008828,Whole house or bungalow: Total,214,193,114,79,21,8,13
S01008828,Whole house or bungalow: Detached,51,48,31,17,3,1,2
S01008828,Whole house or bungalow: Semi-detached,82,77,54,23,5,1,4
S01008828,Whole house or bungalow: Terraced (including end-terrace),81,68,29,39,13,6,7
S01008828,Flat maisonette or apartment or mobile/temporary accommodation,225,137,63,74,88,19,69
S01008829,All households,297,234,119,115,63,31,32
S01008829,Whole house or bungalow: Total,152,130,67,63,22,9,13
S01008829,Whole house or bungalow: Detached,37,32,23,9,5,0,5
S01008829,Whole house or bungalow: Semi-detached,104,88,41,47,16,9,7
S01008829,Whole house or bungalow: Terraced (including end-terrace),11,10,3,7,1,0,1
S01008829,Flat maisonette or apartment or mobile/temporary accommodation,145,104,52,52,41,22,19
S01008830,All households,334,281,158,123,53,10,43
S01008830,Whole house or bungalow: Total,102,97,53,44,5,0,5
S01008830,Whole house or bungalow: Detached,6,5,3,2,1,0,1
S01008830,Whole house or bungalow: Semi-detached,7,7,3,4,0,0,0
S01008830,Whole house or bungalow: Terraced (including end-terrace),89,85,47,38,4,0,4
S01008830,Flat maisonette or apartment or mobile/temporary accommodation,232,184,105,79,48,10,38
S01008831,All households,359,310,199,111,49,22,27
S01008831,Whole house or bungalow: Total,212,186,112,74,26,17,9
S01008831,Whole house or bungalow: Detached,44,42,29,13,2,0,2
S01008831,Whole house or bungalow: Semi-detached,38,36,23,13,2,2,0
S01008831,Whole house or bungalow: Terraced (including end-terrace),130,108,60,48,22,15,7
S01008831,Flat maisonette or apartment or mobile/temporary accommodation,147,124,87,37,23,5,18
S01008832,All households,350,287,167,120,63,2,61
S01008832,Whole house or bungalow: Total,86,75,42,33,11,0,11
S01008832,Whole house or bungalow: Detached,41,34,22,12,7,0,7
S01008832,Whole house or bungalow: Semi-detached,17,14,6,8,3,0,3
S01008832,Whole house or bungalow: Terraced (including end-terrace),28,27,14,13,1,0,1
S01008832,Flat maisonette or apartment or mobile/temporary accommodation,264,212,125,87,52,2,50
S01008833,All households,526,374,195,179,152,55,97
S01008833,Whole house or bungalow: Total,84,70,45,25,14,10,4
S01008833,Whole house or bungalow: Detached,13,10,8,2,3,1,2
S01008833,Whole house or bungalow: Semi-detached,29,23,14,9,6,6,0
S01008833,Whole house or bungalow: Terraced (including end-terrace),42,37,23,14,5,3,2
S01008833,Flat maisonette or apartment or mobile/temporary accommodation,442,304,150,154,138,45,93
S01008834,All households,519,405,224,181,114,5,109
S01008834,Whole house or bungalow: Total,195,175,107,68,20,1,19
S01008834,Whole house or bungalow: Detached,11,8,6,2,3,0,3
S01008834,Whole house or bungalow: Semi-detached,66,56,34,22,10,0,10
S01008834,Whole house or bungalow: Terraced (including end-terrace),118,111,67,44,7,1,6
S01008834,Flat maisonette or apartment or mobile/temporary accommodation,324,230,117,113,94,4,90
S01008835,All households,407,342,181,161,65,22,43
S01008835,Whole house or bungalow: Total,133,122,70,52,11,0,11
S01008835,Whole house or bungalow: Detached,33,30,18,12,3,0,3
S01008835,Whole house or bungalow: Semi-detached,47,42,22,20,5,0,5
S01008835,Whole house or bungalow: Terraced (including end-terrace),53,50,30,20,3,0,3
S01008835,Flat maisonette or apartment or mobile/temporary accommodation,274,220,111,109,54,22,32
S01008836,All households,413,224,80,144,189,90,99
S01008836,Whole house or bungalow: Total,23,14,11,3,9,8,1
S01008836,Whole house or bungalow: Detached,3,2,1,1,1,1,0
S01008836,Whole house or bungalow: Semi-detached,8,5,4,1,3,3,0
S01008836,Whole house or bungalow: Terraced (including end-terrace),12,7,6,1,5,4,1
S01008836,Flat maisonette or apartment or mobile/temporary accommodation,390,210,69,141,180,82,98
S01008837,All households,630,323,82,241,307,52,255
S01008837,Whole house or bungalow: Total,24,14,5,9,10,1,9
S01008837,Whole house or bungalow: Detached,0,0,0,0,0,0,0
S01008837,Whole house or bungalow: Semi-detached,4,2,1,1,2,0,2
S01008837,Whole house or bungalow: Terraced (including end-terrace),20,12,4,8,8,1,7
S01008837,Flat maisonette or apartment or mobile/temporary accommodation,606,309,77,232,297,51,246
S01008838,All households,606,341,154,187,265,20,245
S01008838,Whole house or bungalow: Total,101,94,55,39,7,0,7
S01008838,Whole house or bungalow: Detached,4,1,0,1,3,0,3
S01008838,Whole house or bungalow: Semi-detached,13,12,8,4,1,0,1
S01008838,Whole house or bungalow: Terraced (including end-terrace),84,81,47,34,3,0,3
S01008838,Flat maisonette or apartment or mobile/temporary accommodation,505,247,99,148,258,20,238
S01008839,All households,549,313,134,179,236,47,189
S01008839,Whole house or bungalow: Total,119,113,56,57,6,0,6
S01008839,Whole house or bungalow: Detached,4,4,2,2,0,0,0
S01008839,Whole house or bungalow: Semi-detached,16,15,7,8,1,0,1
S01008839,Whole house or bungalow: Terraced (including end-terrace),99,94,47,47,5,0,5
S01008839,Flat maisonette or apartment or mobile/temporary accommodation,430,200,78,122,230,47,183
S01008840,All households,510,348,151,197,162,8,154
S01008840,Whole house or bungalow: Total,162,138,73,65,24,0,24
S01008840,Whole house or bungalow: Detached,4,3,1,2,1,0,1
S01008840,Whole house or bungalow: Semi-detached,30,22,11,11,8,0,8
S01008840,Whole house or bungalow: Terraced (including end-terrace),128,113,61,52,15,0,15
S01008840,Flat maisonette or apartment or mobile/temporary accommodation,348,210,78,132,138,8,130
S01008841,All households,291,185,71,114,106,14,92
S01008841,Whole house or bungalow: Total,52,49,28,21,3,1,2
S01008841,Whole house or bungalow: Detached,3,2,0,2,1,0,1
S01008841,Whole house or bungalow: Semi-detached,13,12,7,5,1,0,1
S01008841,Whole house or bungalow: Terraced (including end-terrace),36,35,21,14,1,1,0
S01008841,Flat maisonette or apartment or mobile/temporary accommodation,239,136,43,93,103,13,90
S01008842,All households,433,197,40,157,236,20,216
S01008842,Whole house or bungalow: Total,64,50,24,26,14,1,13
S01008842,Whole house or bungalow: Detached,15,12,7,5,3,0,3
S01008842,Whole house or bungalow: Semi-detached,14,11,7,4,3,0,3
S01008842,Whole house or bungalow: Terraced (including end-terrace),35,27,10,17,8,1,7
S01008842,Flat maisonette or apartment or mobile/temporary accommodation,369,147,16,131,222,19,203
S01008843,All households,464,241,87,154,223,15,208
S01008843,Whole house or bungalow: Total,24,20,12,8,4,0,4
S01008843,Whole house or bungalow: Detached,0,0,0,0,0,0,0
S01008843,Whole house or bungalow: Semi-detached,4,3,1,2,1,0,1
S01008843,Whole house or bungalow: Terraced (including end-terrace),20,17,11,6,3,0,3
S01008843,Flat maisonette or apartment or mobile/temporary accommodation,440,221,75,146,219,15,204
S01008844,All households,355,169,50,119,186,30,156
S01008844,Whole house or bungalow: Total,16,11,3,8,5,2,3
S01008844,Whole house or bungalow: Detached,2,2,2,0,0,0,0
S01008844,Whole house or bungalow: Semi-detached,0,0,0,0,0,0,0
S01008844,Whole house or bungalow: Terraced (including end-terrace),14,9,1,8,5,2,3
S01008844,Flat maisonette or apartment or mobile/temporary accommodation,339,158,47,111,181,28,153
S01008845,All households,420,190,95,95,230,8,222
S01008845,Whole house or bungalow: Total,25,14,7,7,11,1,10
S01008845,Whole house or bungalow: Detached,5,3,2,1,2,0,2
S01008845,Whole house or bungalow: Semi-detached,5,3,1,2,2,0,2
S01008845,Whole house or bungalow: Terraced (including end-terrace),15,8,4,4,7,1,6
S01008845,Flat maisonette or apartment or mobile/temporary accommodation,395,176,88,88,219,7,212
S01008846,All households,386,193,96,97,193,34,159
S01008846,Whole house or bungalow: Total,46,38,21,17,8,1,7
S01008846,Whole house or bungalow: Detached,4,4,2,2,0,0,0
S01008846,Whole house or bungalow: Semi-detached,4,3,1,2,1,0,1
S01008846,Whole house or bungalow: Terraced (including end-terrace),38,31,18,13,7,1,6
S01008846,Flat maisonette or apartment or mobile/temporary accommodation,340,155,75,80,185,33,152
S01008847,All households,263,134,61,73,129,3,126
S01008847,Whole house or bungalow: Total,25,19,9,10,6,0,6
S01008847,Whole house or bungalow: Detached,2,0,0,0,2,0,2
S01008847,Whole house or bungalow: Semi-detached,8,6,4,2,2,0,2
S01008847,Whole house or bungalow: Terraced (including end-terrace),15,13,5,8,2,0,2
S01008847,Flat maisonette or apartment or mobile/temporary accommodation,238,115,52,63,123,3,120
S01008848,All households,384,209,107,102,175,29,146
S01008848,Whole house or bungalow: Total,42,34,17,17,8,0,8
S01008848,Whole house or bungalow: Detached,4,3,2,1,1,0,1
S01008848,Whole house or bungalow: Semi-detached,8,2,2,0,6,0,6
S01008848,Whole house or bungalow: Terraced (including end-terrace),30,29,13,16,1,0,1
S01008848,Flat maisonette or apartment or mobile/temporary accommodation,342,175,90,85,167,29,138
S01008849,All households,396,184,98,86,212,3,209
S01008849,Whole house or bungalow: Total,17,10,5,5,7,1,6
S01008849,Whole house or bungalow: Detached,0,0,0,0,0,0,0
S01008849,Whole house or bungalow: Semi-detached,2,0,0,0,2,1,1
S01008849,Whole house or bungalow: Terraced (including end-terrace),15,10,5,5,5,0,5
S01008849,Flat maisonette or apartment or mobile/temporary accommodation,379,174,93,81,205,2,203
S01008850,All households,401,222,127,95,179,5,174
S01008850,Whole house or bungalow: Total,47,31,21,10,16,1,15
S01008850,Whole house or bungalow: Detached,4,3,1,2,1,0,1
S01008850,Whole house or bungalow: Semi-detached,4,1,0,1,3,0,3
S01008850,Whole house or bungalow: Terraced (including end-terrace),39,27,20,7,12,1,11
S01008850,Flat maisonette or apartment or mobile/temporary accommodation,354,191,106,85,163,4,159
S01008851,All households,634,260,142,118,374,135,239
S01008851,Whole house or bungalow: Total,39,27,17,10,12,1,11
S01008851,Whole house or bungalow: Detached,3,3,3,0,0,0,0
S01008851,Whole house or bungalow: Semi-detached,8,4,4,0,4,1,3
S01008851,Whole house or bungalow: Terraced (including end-terrace),28,20,10,10,8,0,8
S01008851,Flat maisonette or apartment or mobile/temporary accommodation,595,233,125,108,362,134,228
S01008852,All households,503,312,207,105,191,0,191
S01008852,Whole house or bungalow: Total,70,47,31,16,23,0,23
S01008852,Whole house or bungalow: Detached,5,3,0,3,2,0,2
S01008852,Whole house or bungalow: Semi-detached,10,6,4,2,4,0,4
S01008852,Whole house or bungalow: Terraced (including end-terrace),55,38,27,11,17,0,17
S01008852,Flat maisonette or apartment or mobile/temporary accommodation,433,265,176,89,168,0,168
S01008853,All households,352,180,75,105,172,4,168
S01008853,Whole house or bungalow: Total,16,12,4,8,4,1,3
S01008853,Whole house or bungalow: Detached,2,1,0,1,1,1,0
S01008853,Whole house or bungalow: Semi-detached,3,2,1,1,1,0,1
S01008853,Whole house or bungalow: Terraced (including end-terrace),11,9,3,6,2,0,2
S01008853,Flat maisonette or apartment or mobile/temporary accommodation,336,168,71,97,168,3,165
S01008854,All households,483,249,132,117,234,4,230
S01008854,Whole house or bungalow: Total,26,20,12,8,6,0,6
S01008854,Whole house or bungalow: Detached,6,3,2,1,3,0,3
S01008854,Whole house or bungalow: Semi-detached,4,4,2,2,0,0,0
S01008854,Whole house or bungalow: Terraced (including end-terrace),16,13,8,5,3,0,3
S01008854,Flat maisonette or apartment or mobile/temporary accommodation,457,229,120,109,228,4,224
S01008855,All households,620,318,138,180,302,10,292
S01008855,Whole house or bungalow: Total,38,26,10,16,12,1,11
S01008855,Whole house or bungalow: Detached,5,5,1,4,0,0,0
S01008855,Whole house or bungalow: Semi-detached,7,5,4,1,2,1,1
S01008855,Whole house or bungalow: Terraced (including end-terrace),26,16,5,11,10,0,10
S01008855,Flat maisonette or apartment or mobile/temporary accommodation,582,292,128,164,290,9,281
S01008856,All households,296,148,61,87,148,7,141
S01008856,Whole house or bungalow: Total,10,7,4,3,3,0,3
S01008856,Whole house or bungalow: Detached,3,3,3,0,0,0,0
S01008856,Whole house or bungalow: Semi-detached,0,0,0,0,0,0,0
S01008856,Whole house or bungalow: Terraced (including end-terrace),7,4,1,3,3,0,3
S01008856,Flat maisonette or apartment or mobile/temporary accommodation,286,141,57,84,145,7,138
S01008857,All households,434,274,142,132,160,3,157
S01008857,Whole house or bungalow: Total,90,69,49,20,21,1,20
S01008857,Whole house or bungalow: Detached,2,1,0,1,1,0,1
S01008857,Whole house or bungalow: Semi-detached,5,3,2,1,2,0,2
S01008857,Whole house or bungalow: Terraced (including end-terrace),83,65,47,18,18,1,17
S01008857,Flat maisonette or apartment or mobile/temporary accommodation,344,205,93,112,139,2,137
S01008858,All households,328,218,131,87,110,2,108
S01008858,Whole house or bungalow: Total,96,71,46,25,25,1,24
S01008858,Whole house or bungalow: Detached,4,4,3,1,0,0,0
S01008858,Whole house or bungalow: Semi-detached,6,3,2,1,3,0,3
S01008858,Whole house or bungalow: Terraced (including end-terrace),86,64,41,23,22,1,21
S01008858,Flat maisonette or apartment or mobile/temporary accommodation,232,147,85,62,85,1,84
S01008859,All households,712,261,122,139,451,97,354
S01008859,Whole house or bungalow: Total,24,16,7,9,8,1,7
S01008859,Whole house or bungalow: Detached,3,2,2,0,1,0,1
S01008859,Whole house or bungalow: Semi-detached,8,4,2,2,4,1,3
S01008859,Whole house or bungalow: Terraced (including end-terrace),13,10,3,7,3,0,3
S01008859,Flat maisonette or apartment or mobile/temporary accommodation,688,245,115,130,443,96,347
S01008860,All households,500,279,124,155,221,31,190
S01008860,Whole house or bungalow: Total,33,26,17,9,7,2,5
S01008860,Whole house or bungalow: Detached,2,0,0,0,2,1,1
S01008860,Whole house or bungalow: Semi-detached,9,7,3,4,2,1,1
S01008860,Whole house or bungalow: Terraced (including end-terrace),22,19,14,5,3,0,3
S01008860,Flat maisonette or apartment or mobile/temporary accommodation,467,253,107,146,214,29,185
S01008861,All households,349,269,164,105,80,3,77
S01008861,Whole house or bungalow: Total,94,90,63,27,4,0,4
S01008861,Whole house or bungalow: Detached,4,4,4,0,0,0,0
S01008861,Whole house or bungalow: Semi-detached,4,4,3,1,0,0,0
S01008861,Whole house or bungalow: Terraced (including end-terrace),86,82,56,26,4,0,4
S01008861,Flat maisonette or apartment or mobile/temporary accommodation,255,179,101,78,76,3,73
S01008862,All households,561,243,102,141,318,40,278
S01008862,Whole house or bungalow: Total,82,56,35,21,26,1,25
S01008862,Whole house or bungalow: Detached,2,2,0,2,0,0,0
S01008862,Whole house or bungalow: Semi-detached,7,2,1,1,5,0,5
S01008862,Whole house or bungalow: Terraced (including end-terrace),73,52,34,18,21,1,20
S01008862,Flat maisonette or apartment or mobile/temporary accommodation,479,187,67,120,292,39,253
S01008863,All households,392,235,118,117,157,16,141
S01008863,Whole house or bungalow: Total,70,56,37,19,14,1,13
S01008863,Whole house or bungalow: Detached,2,2,1,1,0,0,0
S01008863,Whole house or bungalow: Semi-detached,8,5,3,2,3,0,3
S01008863,Whole house or bungalow: Terraced (including end-terrace),60,49,33,16,11,1,10
S01008863,Flat maisonette or apartment or mobile/temporary accommodation,322,179,81,98,143,15,128
S01008864,All households,410,259,152,107,151,4,147
S01008864,Whole house or bungalow: Total,44,28,12,16,16,2,14
S01008864,Whole house or bungalow: Detached,11,1,1,0,10,2,8
S01008864,Whole house or bungalow: Semi-detached,6,1,0,1,5,0,5
S01008864,Whole house or bungalow: Terraced (including end-terrace),27,26,11,15,1,0,1
S01008864,Flat maisonette or apartment or mobile/temporary accommodation,366,231,140,91,135,2,133
S01008865,All households,455,292,167,125,163,5,158
S01008865,Whole house or bungalow: Total,13,12,7,5,1,1,0
S01008865,Whole house or bungalow: Detached,0,0,0,0,0,0,0
S01008865,Whole house or bungalow: Semi-detached,4,3,2,1,1,1,0
S01008865,Whole house or bungalow: Terraced (including end-terrace),9,9,5,4,0,0,0
S01008865,Flat maisonette or apartment or mobile/temporary accommodation,442,280,160,120,162,4,158
S01008866,All households,467,278,129,149,189,2,187
S01008866,Whole house or bungalow: Total,25,22,10,12,3,0,3
S01008866,Whole house or bungalow: Detached,2,2,2,0,0,0,0
S01008866,Whole house or bungalow: Semi-detached,1,1,0,1,0,0,0
S01008866,Whole house or bungalow: Terraced (including end-terrace),22,19,8,11,3,0,3
S01008866,Flat maisonette or apartment or mobile/temporary accommodation,442,256,119,137,186,2,184
S01008867,All households,421,315,169,146,106,3,103
S01008867,Whole house or bungalow: Total,36,30,18,12,6,0,6
S01008867,Whole house or bungalow: Detached,3,3,1,2,0,0,0
S01008867,Whole house or bungalow: Semi-detached,7,6,4,2,1,0,1
S01008867,Whole house or bungalow: Terraced (including end-terrace),26,21,13,8,5,0,5
S01008867,Flat maisonette or apartment or mobile/temporary accommodation,385,285,151,134,100,3,97
S01008868,All households,391,157,64,93,234,5,229
S01008868,Whole house or bungalow: Total,28,15,7,8,13,1,12
S01008868,Whole house or bungalow: Detached,5,3,3,0,2,0,2
S01008868,Whole house or bungalow: Semi-detached,3,2,2,0,1,0,1
S01008868,Whole house or bungalow: Terraced (including end-terrace),20,10,2,8,10,1,9
S01008868,Flat maisonette or apartment or mobile/temporary accommodation,363,142,57,85,221,4,217
S01008869,All households,615,316,187,129,299,66,233
S01008869,Whole house or bungalow: Total,47,35,26,9,12,3,9
S01008869,Whole house or bungalow: Detached,8,6,4,2,2,1,1
S01008869,Whole house or bungalow: Semi-detached,8,4,2,2,4,1,3
S01008869,Whole house or bungalow: Terraced (including end-terrace),31,25,20,5,6,1,5
S01008869,Flat maisonette or apartment or mobile/temporary accommodation,568,281,161,120,287,63,224
S01008870,All households,426,258,146,112,168,5,163
S01008870,Whole house or bungalow: Total,109,86,54,32,23,1,22
S01008870,Whole house or bungalow: Detached,21,21,12,9,0,0,0
S01008870,Whole house or bungalow: Semi-detached,10,7,5,2,3,0,3
S01008870,Whole house or bungalow: Terraced (including end-terrace),78,58,37,21,20,1,19
S01008870,Flat maisonette or apartment or mobile/temporary accommodation,317,172,92,80,145,4,141
S01008871,All households,503,315,165,150,188,0,188
S01008871,Whole house or bungalow: Total,33,27,16,11,6,0,6
S01008871,Whole house or bungalow: Detached,3,2,2,0,1,0,1
S01008871,Whole house or bungalow: Semi-detached,6,6,2,4,0,0,0
S01008871,Whole house or bungalow: Terraced (including end-terrace),24,19,12,7,5,0,5
S01008871,Flat maisonette or apartment or mobile/temporary accommodation,470,288,149,139,182,0,182
S01008872,All households,401,221,102,119,180,8,172
S01008872,Whole house or bungalow: Total,46,32,10,22,14,1,13
S01008872,Whole house or bungalow: Detached,5,4,0,4,1,0,1
S01008872,Whole house or bungalow: Semi-detached,7,6,2,4,1,0,1
S01008872,Whole house or bungalow: Terraced (including end-terrace),34,22,8,14,12,1,11
S01008872,Flat maisonette or apartment or mobile/temporary accommodation,355,189,92,97,166,7,159
S01008873,All households,334,251,128,123,83,1,82
S01008873,Whole house or bungalow: Total,145,135,70,65,10,0,10
S01008873,Whole house or bungalow: Detached,43,42,24,18,1,0,1
S01008873,Whole house or bungalow: Semi-detached,49,44,15,29,5,0,5
S01008873,Whole house or bungalow: Terraced (including end-terrace),53,49,31,18,4,0,4
S01008873,Flat maisonette or apartment or mobile/temporary accommodation,189,116,58,58,73,1,72
S01008874,All households,514,307,155,152,207,55,152
S01008874,Whole house or bungalow: Total,149,103,59,44,46,29,17
S01008874,Whole house or bungalow: Detached,7,4,2,2,3,3,0
S01008874,Whole house or bungalow: Semi-detached,25,15,5,10,10,9,1
S01008874,Whole house or bungalow: Terraced (including end-terrace),117,84,52,32,33,17,16
S01008874,Flat maisonette or apartment or mobile/temporary accommodation,365,204,96,108,161,26,135
S01008875,All households,502,283,120,163,219,32,187
S01008875,Whole house or bungalow: Total,34,30,14,16,4,2,2
S01008875,Whole house or bungalow: Detached,6,5,1,4,1,1,0
S01008875,Whole house or bungalow: Semi-detached,6,5,1,4,1,0,1
S01008875,Whole house or bungalow: Terraced (including end-terrace),22,20,12,8,2,1,1
S01008875,Flat maisonette or apartment or mobile/temporary accommodation,468,253,106,147,215,30,185
S01008876,All households,291,260,159,101,31,3,28
S01008876,Whole house or bungalow: Total,173,164,87,77,9,2,7
S01008876,Whole house or bungalow: Detached,35,35,17,18,0,0,0
S01008876,Whole house or bungalow: Semi-detached,44,39,23,16,5,2,3
S01008876,Whole house or bungalow: Terraced (including end-terrace),94,90,47,43,4,0,4
S01008876,Flat maisonette or apartment or mobile/temporary accommodation,118,96,72,24,22,1,21
S01008877,All households,243,199,95,104,44,10,34
S01008877,Whole house or bungalow: Total,117,109,52,57,8,3,5
S01008877,Whole house or bungalow: Detached,21,21,9,12,0,0,0
S01008877,Whole house or bungalow: Semi-detached,30,29,14,15,1,0,1
S01008877,Whole house or bungalow: Terraced (including end-terrace),66,59,29,30,7,3,4
S01008877,Flat maisonette or apartment or mobile/temporary accommodation,126,90,43,47,36,7,29
S01008878,All households,459,332,181,151,127,72,55
S01008878,Whole house or bungalow: Total,173,154,87,67,19,7,12
S01008878,Whole house or bungalow: Detached,67,63,41,22,4,0,4
S01008878,Whole house or bungalow: Semi-detached,47,40,22,18,7,2,5
S01008878,Whole house or bungalow: Terraced (including end-terrace),59,51,24,27,8,5,3
S01008878,Flat maisonette or apartment or mobile/temporary accommodation,286,178,94,84,108,65,43
S01008879,All households,411,310,165,145,101,36,65
S01008879,Whole house or bungalow: Total,154,136,68,68,18,3,15
S01008879,Whole house or bungalow: Detached,8,6,3,3,2,0,2
S01008879,Whole house or bungalow: Semi-detached,63,57,34,23,6,1,5
S01008879,Whole house or bungalow: Terraced (including end-terrace),83,73,31,42,10,2,8
S01008879,Flat maisonette or apartment or mobile/temporary accommodation,257,174,97,77,83,33,50
S01008880,All households,291,238,114,124,53,16,37
S01008880,Whole house or bungalow: Total,169,160,76,84,9,1,8
S01008880,Whole house or bungalow: Detached,18,18,9,9,0,0,0
S01008880,Whole house or bungalow: Semi-detached,19,15,8,7,4,0,4
S01008880,Whole house or bungalow: Terraced (including end-terrace),132,127,59,68,5,1,4
S01008880,Flat maisonette or apartment or mobile/temporary accommodation,122,78,38,40,44,15,29
S01008881,All households,264,214,134,80,50,4,46
S01008881,Whole house or bungalow: Total,144,133,81,52,11,0,11
S01008881,Whole house or bungalow: Detached,74,66,37,29,8,0,8
S01008881,Whole house or bungalow: Semi-detached,61,59,39,20,2,0,2
S01008881,Whole house or bungalow: Terraced (including end-terrace),9,8,5,3,1,0,1
S01008881,Flat maisonette or apartment or mobile/temporary accommodation,120,81,53,28,39,4,35
S01008882,All households,401,360,177,183,41,0,41
S01008882,Whole house or bungalow: Total,263,247,122,125,16,0,16
S01008882,Whole house or bungalow: Detached,23,19,10,9,4,0,4
S01008882,Whole house or bungalow: Semi-detached,42,38,16,22,4,0,4
S01008882,Whole house or bungalow: Terraced (including end-terrace),198,190,96,94,8,0,8
S01008882,Flat maisonette or apartment or mobile/temporary accommodation,138,113,55,58,25,0,25
S01008883,All households,362,329,230,99,33,3,30
S01008883,Whole house or bungalow: Total,210,197,129,68,13,0,13
S01008883,Whole house or bungalow: Detached,103,97,68,29,6,0,6
S01008883,Whole house or bungalow: Semi-detached,75,69,47,22,6,0,6
S01008883,Whole house or bungalow: Terraced (including end-terrace),32,31,14,17,1,0,1
S01008883,Flat maisonette or apartment or mobile/temporary accommodation,152,132,101,31,20,3,17
S01008884,All households,316,295,203,92,21,1,20
S01008884,Whole house or bungalow: Total,234,228,149,79,6,0,6
S01008884,Whole house or bungalow: Detached,175,172,113,59,3,0,3
S01008884,Whole house or bungalow: Semi-detached,25,24,15,9,1,0,1
S01008884,Whole house or bungalow: Terraced (including end-terrace),34,32,21,11,2,0,2
S01008884,Flat maisonette or apartment or mobile/temporary accommodation,82,67,54,13,15,1,14
S01008885,All households,345,317,176,141,28,4,24
S01008885,Whole house or bungalow: Total,325,309,173,136,16,0,16
S01008885,Whole house or bungalow: Detached,229,221,131,90,8,0,8
S01008885,Whole house or bungalow: Semi-detached,94,87,42,45,7,0,7
S01008885,Whole house or bungalow: Terraced (including end-terrace),2,1,0,1,1,0,1
S01008885,Flat maisonette or apartment or mobile/temporary accommodation,20,8,3,5,12,4,8
S01008886,All households,425,323,188,135,102,6,96
S01008886,Whole house or bungalow: Total,131,120,62,58,11,2,9
S01008886,Whole house or bungalow: Detached,30,26,16,10,4,0,4
S01008886,Whole house or bungalow: Semi-detached,37,35,16,19,2,0,2
S01008886,Whole house or bungalow: Terraced (including end-terrace),64,59,30,29,5,2,3
S01008886,Flat maisonette or apartment or mobile/temporary accommodation,294,203,126,77,91,4,87
S01008887,All households,358,308,171,137,50,8,42
S01008887,Whole house or bungalow: Total,219,206,105,101,13,3,10
S01008887,Whole house or bungalow: Detached,45,44,28,16,1,1,0
S01008887,Whole house or bungalow: Semi-detached,145,137,67,70,8,1,7
S01008887,Whole house or bungalow: Terraced (including end-terrace),29,25,10,15,4,1,3
S01008887,Flat maisonette or apartment or mobile/temporary accommodation,139,102,66,36,37,5,32
S01008888,All households,373,238,105,133,135,4,131
S01008888,Whole house or bungalow: Total,41,34,18,16,7,1,6
S01008888,Whole house or bungalow: Detached,7,7,5,2,0,0,0
S01008888,Whole house or bungalow: Semi-detached,9,6,2,4,3,1,2
S01008888,Whole house or bungalow: Terraced (including end-terrace),25,21,11,10,4,0,4
S01008888,Flat maisonette or apartment or mobile/temporary accommodation,332,204,87,117,128,3,125
S01008889,All households,267,232,95,137,35,4,31
S01008889,Whole house or bungalow: Total,131,119,65,54,12,1,11
S01008889,Whole house or bungalow: Detached,47,46,29,17,1,0,1
S01008889,Whole house or bungalow: Semi-detached,43,38,21,17,5,0,5
S01008889,Whole house or bungalow: Terraced (including end-terrace),41,35,15,20,6,1,5
S01008889,Flat maisonette or apartment or mobile/temporary accommodation,136,113,30,83,23,3,20
S01008890,All households,308,279,157,122,29,16,13
S01008890,Whole house or bungalow: Total,281,270,153,117,11,1,10
S01008890,Whole house or bungalow: Detached,101,96,62,34,5,0,5
S01008890,Whole house or bungalow: Semi-detached,146,142,71,71,4,0,4
S01008890,Whole house or bungalow: Terraced (including end-terrace),34,32,20,12,2,1,1
S01008890,Flat maisonette or apartment or mobile/temporary accommodation,27,9,4,5,18,15,3
S01008891,All households,329,318,194,124,11,0,11
S01008891,Whole house or bungalow: Total,303,294,181,113,9,0,9
S01008891,Whole house or bungalow: Detached,63,60,33,27,3,0,3
S01008891,Whole house or bungalow: Semi-detached,145,142,85,57,3,0,3
S01008891,Whole house or bungalow: Terraced (including end-terrace),95,92,63,29,3,0,3
S01008891,Flat maisonette or apartment or mobile/temporary accommodation,26,24,13,11,2,0,2
S01008892,All households,533,374,220,154,159,66,93
S01008892,Whole house or bungalow: Total,156,148,76,72,8,3,5
S01008892,Whole house or bungalow: Detached,48,46,23,23,2,0,2
S01008892,Whole house or bungalow: Semi-detached,74,70,33,37,4,3,1
S01008892,Whole house or bungalow: Terraced (including end-terrace),34,32,20,12,2,0,2
S01008892,Flat maisonette or apartment or mobile/temporary accommodation,377,226,144,82,151,63,88
S01008893,All households,353,335,171,164,18,4,14
S01008893,Whole house or bungalow: Total,302,297,154,143,5,0,5
S01008893,Whole house or bungalow: Detached,63,63,35,28,0,0,0
S01008893,Whole house or bungalow: Semi-detached,159,156,83,73,3,0,3
S01008893,Whole house or bungalow: Terraced (including end-terrace),80,78,36,42,2,0,2
S01008893,Flat maisonette or apartment or mobile/temporary accommodation,51,38,17,21,13,4,9
S01008894,All households,337,317,180,137,20,6,14
S01008894,Whole house or bungalow: Total,310,297,172,125,13,5,8
S01008894,Whole house or bungalow: Detached,173,166,93,73,7,3,4
S01008894,Whole house or bungalow: Semi-detached,112,108,65,43,4,2,2
S01008894,Whole house or bungalow: Terraced (including end-terrace),25,23,14,9,2,0,2
S01008894,Flat maisonette or apartment or mobile/temporary accommodation,27,20,8,12,7,1,6
S01008895,All households,301,282,162,120,19,2,17
S01008895,Whole house or bungalow: Total,277,269,156,113,8,0,8
S01008895,Whole house or bungalow: Detached,223,218,128,90,5,0,5
S01008895,Whole house or bungalow: Semi-detached,51,48,26,22,3,0,3
S01008895,Whole house or bungalow: Terraced (including end-terrace),3,3,2,1,0,0,0
S01008895,Flat maisonette or apartment or mobile/temporary accommodation,24,13,6,7,11,2,9
S01008896,All households,208,181,82,99,27,0,27
S01008896,Whole house or bungalow: Total,154,144,57,87,10,0,10
S01008896,Whole house or bungalow: Detached,110,104,48,56,6,0,6
S01008896,Whole house or bungalow: Semi-detached,13,11,3,8,2,0,2
S01008896,Whole house or bungalow: Terraced (including end-terrace),31,29,6,23,2,0,2
S01008896,Flat maisonette or apartment or mobile/temporary accommodation,54,37,25,12,17,0,17
S01008897,All households,304,277,155,122,27,4,23
S01008897,Whole house or bungalow: Total,210,202,108,94,8,2,6
S01008897,Whole house or bungalow: Detached,131,130,73,57,1,0,1
S01008897,Whole house or bungalow: Semi-detached,38,31,11,20,7,2,5
S01008897,Whole house or bungalow: Terraced (including end-terrace),41,41,24,17,0,0,0
S01008897,Flat maisonette or apartment or mobile/temporary accommodation,94,75,47,28,19,2,17
S01008898,All households,331,314,176,138,17,1,16
S01008898,Whole house or bungalow: Total,319,306,172,134,13,0,13
S01008898,Whole house or bungalow: Detached,224,219,133,86,5,0,5
S01008898,Whole house or bungalow: Semi-detached,79,74,33,41,5,0,5
S01008898,Whole house or bungalow: Terraced (including end-terrace),16,13,6,7,3,0,3
S01008898,Flat maisonette or apartment or mobile/temporary accommodation,12,8,4,4,4,1,3
S01008899,All households,389,187,89,98,202,169,33
S01008899,Whole house or bungalow: Total,124,75,38,37,49,33,16
S01008899,Whole house or bungalow: Detached,5,4,3,1,1,0,1
S01008899,Whole house or bungalow: Semi-detached,61,34,18,16,27,17,10
S01008899,Whole house or bungalow: Terraced (including end-terrace),58,37,17,20,21,16,5
S01008899,Flat maisonette or apartment or mobile/temporary accommodation,265,112,51,61,153,136,17
S01008900,All households,415,252,113,139,163,102,61
S01008900,Whole house or bungalow: Total,212,158,70,88,54,30,24
S01008900,Whole house or bungalow: Detached,11,8,2,6,3,3,0
S01008900,Whole house or bungalow: Semi-detached,109,76,35,41,33,16,17
S01008900,Whole house or bungalow: Terraced (including end-terrace),92,74,33,41,18,11,7
S01008900,Flat maisonette or apartment or mobile/temporary accommodation,203,94,43,51,109,72,37
S01008901,All households,374,226,93,133,148,102,46
S01008901,Whole house or bungalow: Total,171,130,51,79,41,24,17
S01008901,Whole house or bungalow: Detached,43,34,14,20,9,6,3
S01008901,Whole house or bungalow: Semi-detached,62,43,10,33,19,9,10
S01008901,Whole house or bungalow: Terraced (including end-terrace),66,53,27,26,13,9,4
S01008901,Flat maisonette or apartment or mobile/temporary accommodation,203,96,42,54,107,78,29
S01008902,All households,485,243,92,151,242,164,78
S01008902,Whole house or bungalow: Total,128,101,50,51,27,17,10
S01008902,Whole house or bungalow: Detached,18,12,5,7,6,2,4
S01008902,Whole house or bungalow: Semi-detached,28,23,14,9,5,5,0
S01008902,Whole house or bungalow: Terraced (including end-terrace),82,66,31,35,16,10,6
S01008902,Flat maisonette or apartment or mobile/temporary accommodation,357,142,42,100,215,147,68
S01008903,All households,463,300,143,157,163,132,31
S01008903,Whole house or bungalow: Total,223,176,81,95,47,29,18
S01008903,Whole house or bungalow: Detached,12,8,2,6,4,3,1
S01008903,Whole house or bungalow: Semi-detached,126,106,52,54,20,10,10
S01008903,Whole house or bungalow: Terraced (including end-terrace),85,62,27,35,23,16,7
S01008903,Flat maisonette or apartment or mobile/temporary accommodation,240,124,62,62,116,103,13
S01008904,All households,431,193,75,118,238,125,113
S01008904,Whole house or bungalow: Total,44,27,13,14,17,12,5
S01008904,Whole house or bungalow: Detached,6,2,1,1,4,1,3
S01008904,Whole house or bungalow: Semi-detached,15,10,5,5,5,4,1
S01008904,Whole house or bungalow: Terraced (including end-terrace),23,15,7,8,8,7,1
S01008904,Flat maisonette or apartment or mobile/temporary accommodation,387,166,62,104,221,113,108
S01008905,All households,510,170,52,118,340,244,96
S01008905,Whole house or bungalow: Total,44,20,6,14,24,19,5
S01008905,Whole house or bungalow: Detached,7,3,0,3,4,3,1
S01008905,Whole house or bungalow: Semi-detached,7,3,1,2,4,4,0
S01008905,Whole house or bungalow: Terraced (including end-terrace),30,14,5,9,16,12,4
S01008905,Flat maisonette or apartment or mobile/temporary accommodation,466,150,46,104,316,225,91
S01008906,All households,386,104,20,84,282,213,69
S01008906,Whole house or bungalow: Total,59,15,4,11,44,37,7
S01008906,Whole house or bungalow: Detached,7,1,1,0,6,5,1
S01008906,Whole house or bungalow: Semi-detached,22,4,1,3,18,15,3
S01008906,Whole house or bungalow: Terraced (including end-terrace),30,10,2,8,20,17,3
S01008906,Flat maisonette or apartment or mobile/temporary accommodation,327,89,16,73,238,176,62
S01008907,All households,249,30,13,17,219,201,18
S01008907,Whole house or bungalow: Total,91,23,12,11,68,61,7
S01008907,Whole house or bungalow: Detached,9,2,2,0,7,7,0
S01008907,Whole house or bungalow: Semi-detached,41,8,3,5,33,29,4
S01008907,Whole house or bungalow: Terraced (including end-terrace),41,13,7,6,28,25,3
S01008907,Flat maisonette or apartment or mobile/temporary accommodation,158,7,1,6,151,140,11
S01008908,All households,421,184,74,110,237,148,89
S01008908,Whole house or bungalow: Total,63,36,23,13,27,10,17
S01008908,Whole house or bungalow: Detached,6,3,1,2,3,1,2
S01008908,Whole house or bungalow: Semi-detached,27,17,11,6,10,2,8
S01008908,Whole house or bungalow: Terraced (including end-terrace),30,16,11,5,14,7,7
S01008908,Flat maisonette or apartment or mobile/temporary accommodation,358,148,51,97,210,138,72
S01008909,All households,347,241,84,157,106,15,91
S01008909,Whole house or bungalow: Total,76,43,20,23,33,8,25
S01008909,Whole house or bungalow: Detached,3,2,0,2,1,0,1
S01008909,Whole house or bungalow: Semi-detached,34,12,4,8,22,4,18
S01008909,Whole house or bungalow: Terraced (including end-terrace),39,29,16,13,10,4,6
S01008909,Flat maisonette or apartment or mobile/temporary accommodation,271,198,64,134,73,7,66
S01008910,All households,211,144,51,93,67,5,62
S01008910,Whole house or bungalow: Total,46,31,17,14,15,0,15
S01008910,Whole house or bungalow: Detached,1,1,1,0,0,0,0
S01008910,Whole house or bungalow: Semi-detached,27,17,11,6,10,0,10
S01008910,Whole house or bungalow: Terraced (including end-terrace),18,13,5,8,5,0,5
S01008910,Flat maisonette or apartment or mobile/temporary accommodation,165,113,34,79,52,5,47
S01008911,All households,432,216,54,162,216,7,209
S01008911,Whole house or bungalow: Total,20,15,5,10,5,1,4
S01008911,Whole house or bungalow: Detached,2,2,0,2,0,0,0
S01008911,Whole house or bungalow: Semi-detached,3,1,1,0,2,1,1
S01008911,Whole house or bungalow: Terraced (including end-terrace),15,12,4,8,3,0,3
S01008911,Flat maisonette or apartment or mobile/temporary accommodation,412,201,49,152,211,6,205
S01008912,All households,333,278,123,155,55,14,41
S01008912,Whole house or bungalow: Total,182,164,69,95,18,6,12
S01008912,Whole house or bungalow: Detached,16,16,8,8,0,0,0
S01008912,Whole house or bungalow: Semi-detached,77,65,27,38,12,5,7
S01008912,Whole house or bungalow: Terraced (including end-terrace),89,83,34,49,6,1,5
S01008912,Flat maisonette or apartment or mobile/temporary accommodation,151,114,54,60,37,8,29
S01008913,All households,272,192,47,145,80,3,77
S01008913,Whole house or bungalow: Total,118,91,15,76,27,2,25
S01008913,Whole house or bungalow: Detached,3,3,1,2,0,0,0
S01008913,Whole house or bungalow: Semi-detached,31,18,5,13,13,1,12
S01008913,Whole house or bungalow: Terraced (including end-terrace),84,70,9,61,14,1,13
S01008913,Flat maisonette or apartment or mobile/temporary accommodation,154,101,32,69,53,1,52
S01008914,All households,398,298,142,156,100,63,37
S01008914,Whole house or bungalow: Total,200,163,81,82,37,25,12
S01008914,Whole house or bungalow: Detached,20,19,11,8,1,0,1
S01008914,Whole house or bungalow: Semi-detached,144,112,51,61,32,22,10
S01008914,Whole house or bungalow: Terraced (including end-terrace),36,32,19,13,4,3,1
S01008914,Flat maisonette or apartment or mobile/temporary accommodation,198,135,61,74,63,38,25
S01008915,All households,236,195,103,92,41,18,23
S01008915,Whole house or bungalow: Total,136,122,62,60,14,3,11
S01008915,Whole house or bungalow: Detached,12,8,2,6,4,0,4
S01008915,Whole house or bungalow: Semi-detached,70,64,34,30,6,1,5
S01008915,Whole house or bungalow: Terraced (including end-terrace),54,50,26,24,4,2,2
S01008915,Flat maisonette or apartment or mobile/temporary accommodation,100,73,41,32,27,15,12
S01008916,All households,593,217,116,101,376,306,70
S01008916,Whole house or bungalow: Total,66,32,15,17,34,18,16
S01008916,Whole house or bungalow: Detached,15,10,4,6,5,4,1
S01008916,Whole house or bungalow: Semi-detached,32,13,5,8,19,7,12
S01008916,Whole house or bungalow: Terraced (including end-terrace),19,9,6,3,10,7,3
S01008916,Flat maisonette or apartment or mobile/temporary accommodation,527,185,101,84,342,288,54
S01008917,All households,379,91,29,62,288,254,34
S01008917,Whole house or bungalow: Total,27,14,5,9,13,10,3
S01008917,Whole house or bungalow: Detached,3,2,0,2,1,0,1
S01008917,Whole house or bungalow: Semi-detached,12,8,3,5,4,3,1
S01008917,Whole house or bungalow: Terraced (including end-terrace),12,4,2,2,8,7,1
S01008917,Flat maisonette or apartment or mobile/temporary accommodation,352,77,24,53,275,244,31
S01008918,All households,293,24,9,15,269,248,21
S01008918,Whole house or bungalow: Total,11,1,0,1,10,9,1
S01008918,Whole house or bungalow: Detached,2,1,0,1,1,1,0
S01008918,Whole house or bungalow: Semi-detached,4,0,0,0,4,4,0
S01008918,Whole house or bungalow: Terraced (including end-terrace),5,0,0,0,5,4,1
S01008918,Flat maisonette or apartment or mobile/temporary accommodation,282,23,9,14,259,239,20
S01008919,All households,264,32,11,21,232,213,19
S01008919,Whole house or bungalow: Total,8,1,1,0,7,5,2
S01008919,Whole house or bungalow: Detached,2,0,0,0,2,1,1
S01008919,Whole house or bungalow: Semi-detached,2,0,0,0,2,1,1
S01008919,Whole house or bungalow: Terraced (including end-terrace),4,1,1,0,3,3,0
S01008919,Flat maisonette or apartment or mobile/temporary accommodation,256,31,10,21,225,208,17
S01008920,All households,586,264,48,216,322,100,222
S01008920,Whole house or bungalow: Total,69,44,10,34,25,6,19
S01008920,Whole house or bungalow: Detached,6,3,0,3,3,0,3
S01008920,Whole house or bungalow: Semi-detached,8,4,1,3,4,2,2
S01008920,Whole house or bungalow: Terraced (including end-terrace),55,37,9,28,18,4,14
S01008920,Flat maisonette or apartment or mobile/temporary accommodation,517,220,38,182,297,94,203
S01008921,All households,375,82,39,43,293,263,30
S01008921,Whole house or bungalow: Total,28,18,8,10,10,10,0
S01008921,Whole house or bungalow: Detached,4,3,2,1,1,1,0
S01008921,Whole house or bungalow: Semi-detached,7,3,2,1,4,4,0
S01008921,Whole house or bungalow: Terraced (including end-terrace),17,12,4,8,5,5,0
S01008921,Flat maisonette or apartment or mobile/temporary accommodation,347,64,31,33,283,253,30
S01008922,All households,400,178,68,110,222,140,82
S01008922,Whole house or bungalow: Total,75,38,12,26,37,12,25
S01008922,Whole house or bungalow: Detached,12,5,3,2,7,0,7
S01008922,Whole house or bungalow: Semi-detached,40,22,6,16,18,2,16
S01008922,Whole house or bungalow: Terraced (including end-terrace),23,11,3,8,12,10,2
S01008922,Flat maisonette or apartment or mobile/temporary accommodation,325,140,56,84,185,128,57
S01008923,All households,394,147,64,83,247,183,64
S01008923,Whole house or bungalow: Total,39,25,15,10,14,6,8
S01008923,Whole house or bungalow: Detached,1,0,0,0,1,1,0
S01008923,Whole house or bungalow: Semi-detached,24,16,9,7,8,1,7
S01008923,Whole house or bungalow: Terraced (including end-terrace),14,9,6,3,5,4,1
S01008923,Flat maisonette or apartment or mobile/temporary accommodation,355,122,49,73,233,177,56
S01008924,All households,372,65,15,50,307,266,41
S01008924,Whole house or bungalow: Total,270,43,9,34,227,205,22
S01008924,Whole house or bungalow: Detached,11,3,0,3,8,5,3
S01008924,Whole house or bungalow: Semi-detached,160,27,5,22,133,121,12
S01008924,Whole house or bungalow: Terraced (including end-terrace),99,13,4,9,86,79,7
S01008924,Flat maisonette or apartment or mobile/temporary accommodation,102,22,6,16,80,61,19
S01008925,All households,266,158,40,118,108,24,84
S01008925,Whole house or bungalow: Total,131,98,21,77,33,9,24
S01008925,Whole house or bungalow: Detached,3,1,0,1,2,1,1
S01008925,Whole house or bungalow: Semi-detached,97,76,14,62,21,4,17
S01008925,Whole house or bungalow: Terraced (including end-terrace),31,21,7,14,10,4,6
S01008925,Flat maisonette or apartment or mobile/temporary accommodation,135,60,19,41,75,15,60
S01008926,All households,242,155,46,109,87,51,36
S01008926,Whole house or bungalow: Total,176,117,40,77,59,46,13
S01008926,Whole house or bungalow: Detached,11,6,4,2,5,4,1
S01008926,Whole house or bungalow: Semi-detached,148,101,32,69,47,40,7
S01008926,Whole house or bungalow: Terraced (including end-terrace),17,10,4,6,7,2,5
S01008926,Flat maisonette or apartment or mobile/temporary accommodation,66,38,6,32,28,5,23
S01008927,All households,416,199,14,185,217,97,120
S01008927,Whole house or bungalow: Total,10,7,1,6,3,2,1
S01008927,Whole house or bungalow: Detached,0,0,0,0,0,0,0
S01008927,Whole house or bungalow: Semi-detached,4,2,1,1,2,1,1
S01008927,Whole house or bungalow: Terraced (including end-terrace),6,5,0,5,1,1,0
S01008927,Flat maisonette or apartment or mobile/temporary accommodation,406,192,13,179,214,95,119
S01008928,All households,298,117,35,82,181,124,57
S01008928,Whole house or bungalow: Total,126,34,19,15,92,75,17
S01008928,Whole house or bungalow: Detached,9,5,4,1,4,3,1
S01008928,Whole house or bungalow: Semi-detached,67,10,7,3,57,47,10
S01008928,Whole house or bungalow: Terraced (including end-terrace),50,19,8,11,31,25,6
S01008928,Flat maisonette or apartment or mobile/temporary accommodation,172,83,16,67,89,49,40
S01008929,All households,475,31,14,17,444,424,20
S01008929,Whole house or bungalow: Total,20,6,0,6,14,14,0
S01008929,Whole house or bungalow: Detached,5,0,0,0,5,5,0
S01008929,Whole house or bungalow: Semi-detached,5,4,0,4,1,1,0
S01008929,Whole house or bungalow: Terraced (including end-terrace),10,2,0,2,8,8,0
S01008929,Flat maisonette or apartment or mobile/temporary accommodation,455,25,14,11,430,410,20
S01008930,All households,427,55,23,32,372,355,17
S01008930,Whole house or bungalow: Total,98,23,6,17,75,72,3
S01008930,Whole house or bungalow: Detached,5,1,0,1,4,4,0
S01008930,Whole house or bungalow: Semi-detached,48,9,3,6,39,36,3
S01008930,Whole house or bungalow: Terraced (including end-terrace),45,13,3,10,32,32,0
S01008930,Flat maisonette or apartment or mobile/temporary accommodation,329,32,17,15,297,283,14
S01008931,All households,339,86,44,42,253,235,18
S01008931,Whole house or bungalow: Total,136,30,15,15,106,103,3
S01008931,Whole house or bungalow: Detached,12,2,1,1,10,9,1
S01008931,Whole house or bungalow: Semi-detached,53,12,3,9,41,40,1
S01008931,Whole house or bungalow: Terraced (including end-terrace),71,16,11,5,55,54,1
S01008931,Flat maisonette or apartment or mobile/temporary accommodation,203,56,29,27,147,132,15
S01008932,All households,404,187,41,146,217,81,136
S01008932,Whole house or bungalow: Total,88,60,11,49,28,15,13
S01008932,Whole house or bungalow: Detached,4,1,0,1,3,1,2
S01008932,Whole house or bungalow: Semi-detached,28,17,2,15,11,7,4
S01008932,Whole house or bungalow: Terraced (including end-terrace),56,42,9,33,14,7,7
S01008932,Flat maisonette or apartment or mobile/temporary accommodation,316,127,30,97,189,66,123
S01008933,All households,289,69,12,57,220,201,19
S01008933,Whole house or bungalow: Total,120,52,8,44,68,60,8
S01008933,Whole house or bungalow: Detached,4,1,0,1,3,3,0
S01008933,Whole house or bungalow: Semi-detached,54,26,2,24,28,22,6
S01008933,Whole house or bungalow: Terraced (including end-terrace),62,25,6,19,37,35,2
S01008933,Flat maisonette or apartment or mobile/temporary accommodation,169,17,4,13,152,141,11
S01008934,All households,354,175,61,114,179,115,64
S01008934,Whole house or bungalow: Total,167,109,19,90,58,34,24
S01008934,Whole house or bungalow: Detached,48,39,4,35,9,2,7
S01008934,Whole house or bungalow: Semi-detached,75,43,9,34,32,21,11
S01008934,Whole house or bungalow: Terraced (including end-terrace),44,27,6,21,17,11,6
S01008934,Flat maisonette or apartment or mobile/temporary accommodation,187,66,42,24,121,81,40
S01008935,All households,377,340,204,136,37,10,27
S01008935,Whole house or bungalow: Total,282,279,174,105,3,0,3
S01008935,Whole house or bungalow: Detached,43,43,28,15,0,0,0
S01008935,Whole house or bungalow: Semi-detached,223,220,138,82,3,0,3
S01008935,Whole house or bungalow: Terraced (including end-terrace),16,16,8,8,0,0,0
S01008935,Flat maisonette or apartment or mobile/temporary accommodation,95,61,30,31,34,10,24
S01008936,All households,157,150,71,79,7,1,6
S01008936,Whole house or bungalow: Total,133,128,63,65,5,1,4
S01008936,Whole house or bungalow: Detached,86,83,44,39,3,1,2
S01008936,Whole house or bungalow: Semi-detached,42,41,15,26,1,0,1
S01008936,Whole house or bungalow: Terraced (including end-terrace),5,4,4,0,1,0,1
S01008936,Flat maisonette or apartment or mobile/temporary accommodation,24,22,8,14,2,0,2
S01008937,All households,424,343,186,157,81,13,68
S01008937,Whole house or bungalow: Total,152,132,67,65,20,7,13
S01008937,Whole house or bungalow: Detached,56,50,23,27,6,2,4
S01008937,Whole house or bungalow: Semi-detached,49,41,20,21,8,2,6
S01008937,Whole house or bungalow: Terraced (including end-terrace),47,41,24,17,6,3,3
S01008937,Flat maisonette or apartment or mobile/temporary accommodation,272,211,119,92,61,6,55
S01008938,All households,285,265,138,127,20,3,17
S01008938,Whole house or bungalow: Total,245,237,129,108,8,2,6
S01008938,Whole house or bungalow: Detached,82,80,51,29,2,0,2
S01008938,Whole house or bungalow: Semi-detached,155,150,72,78,5,1,4
S01008938,Whole house or bungalow: Terraced (including end-terrace),8,7,6,1,1,1,0
S01008938,Flat maisonette or apartment or mobile/temporary accommodation,40,28,9,19,12,1,11
S01008939,All households,323,295,171,124,28,3,25
S01008939,Whole house or bungalow: Total,264,252,154,98,12,1,11
S01008939,Whole house or bungalow: Detached,35,34,27,7,1,0,1
S01008939,Whole house or bungalow: Semi-detached,186,178,105,73,8,1,7
S01008939,Whole house or bungalow: Terraced (including end-terrace),43,40,22,18,3,0,3
S01008939,Flat maisonette or apartment or mobile/temporary accommodation,59,43,17,26,16,2,14
S01008940,All households,255,235,158,77,20,0,20
S01008940,Whole house or bungalow: Total,206,195,124,71,11,0,11
S01008940,Whole house or bungalow: Detached,102,96,62,34,6,0,6
S01008940,Whole house or bungalow: Semi-detached,72,68,38,30,4,0,4
S01008940,Whole house or bungalow: Terraced (including end-terrace),32,31,24,7,1,0,1
S01008940,Flat maisonette or apartment or mobile/temporary accommodation,49,40,34,6,9,0,9
S01008941,All households,350,297,156,141,53,14,39
S01008941,Whole house or bungalow: Total,248,223,104,119,25,9,16
S01008941,Whole house or bungalow: Detached,157,148,74,74,9,0,9
S01008941,Whole house or bungalow: Semi-detached,32,25,8,17,7,2,5
S01008941,Whole house or bungalow: Terraced (including end-terrace),59,50,22,28,9,7,2
S01008941,Flat maisonette or apartment or mobile/temporary accommodation,102,74,52,22,28,5,23
S01008942,All households,333,286,136,150,47,2,45
S01008942,Whole house or bungalow: Total,205,189,96,93,16,0,16
S01008942,Whole house or bungalow: Detached,98,96,60,36,2,0,2
S01008942,Whole house or bungalow: Semi-detached,26,22,11,11,4,0,4
S01008942,Whole house or bungalow: Terraced (including end-terrace),81,71,25,46,10,0,10
S01008942,Flat maisonette or apartment or mobile/temporary accommodation,128,97,40,57,31,2,29
S01008943,All households,340,329,206,123,11,2,9
S01008943,Whole house or bungalow: Total,288,282,171,111,6,1,5
S01008943,Whole house or bungalow: Detached,203,200,128,72,3,0,3
S01008943,Whole house or bungalow: Semi-detached,28,27,15,12,1,0,1
S01008943,Whole house or bungalow: Terraced (including end-terrace),57,55,28,27,2,1,1
S01008943,Flat maisonette or apartment or mobile/temporary accommodation,52,47,35,12,5,1,4
S01008944,All households,429,395,244,151,34,2,32
S01008944,Whole house or bungalow: Total,292,278,153,125,14,1,13
S01008944,Whole house or bungalow: Detached,208,201,118,83,7,0,7
S01008944,Whole house or bungalow: Semi-detached,23,21,11,10,2,1,1
S01008944,Whole house or bungalow: Terraced (including end-terrace),61,56,24,32,5,0,5
S01008944,Flat maisonette or apartment or mobile/temporary accommodation,137,117,91,26,20,1,19
S01008945,All households,299,284,154,130,15,1,14
S01008945,Whole house or bungalow: Total,291,279,152,127,12,1,11
S01008945,Whole house or bungalow: Detached,183,179,104,75,4,1,3
S01008945,Whole house or bungalow: Semi-detached,41,37,20,17,4,0,4
S01008945,Whole house or bungalow: Terraced (including end-terrace),67,63,28,35,4,0,4
S01008945,Flat maisonette or apartment or mobile/temporary accommodation,8,5,2,3,3,0,3
S01008946,All households,397,362,227,135,35,5,30
S01008946,Whole house or bungalow: Total,258,246,155,91,12,2,10
S01008946,Whole house or bungalow: Detached,215,210,138,72,5,0,5
S01008946,Whole house or bungalow: Semi-detached,24,20,9,11,4,1,3
S01008946,Whole house or bungalow: Terraced (including end-terrace),19,16,8,8,3,1,2
S01008946,Flat maisonette or apartment or mobile/temporary accommodation,139,116,72,44,23,3,20
S01008947,All households,449,429,266,163,20,3,17
S01008947,Whole house or bungalow: Total,345,337,187,150,8,1,7
S01008947,Whole house or bungalow: Detached,238,232,136,96,6,0,6
S01008947,Whole house or bungalow: Semi-detached,96,96,46,50,0,0,0
S01008947,Whole house or bungalow: Terraced (including end-terrace),11,9,5,4,2,1,1
S01008947,Flat maisonette or apartment or mobile/temporary accommodation,104,92,79,13,12,2,10
S01008948,All households,285,254,108,146,31,13,18
S01008948,Whole house or bungalow: Total,206,186,84,102,20,11,9
S01008948,Whole house or bungalow: Detached,98,95,48,47,3,1,2
S01008948,Whole house or bungalow: Semi-detached,76,65,30,35,11,7,4
S01008948,Whole house or bungalow: Terraced (including end-terrace),32,26,6,20,6,3,3
S01008948,Flat maisonette or apartment or mobile/temporary accommodation,79,68,24,44,11,2,9
S01008949,All households,393,278,119,159,115,74,41
S01008949,Whole house or bungalow: Total,355,260,113,147,95,64,31
S01008949,Whole house or bungalow: Detached,6,3,3,0,3,2,1
S01008949,Whole house or bungalow: Semi-detached,181,130,52,78,51,40,11
S01008949,Whole house or bungalow: Terraced (including end-terrace),168,127,58,69,41,22,19
S01008949,Flat maisonette or apartment or mobile/temporary accommodation,38,18,6,12,20,10,10
S01008950,All households,420,321,135,186,99,66,33
S01008950,Whole house or bungalow: Total,373,293,127,166,80,55,25
S01008950,Whole house or bungalow: Detached,18,16,4,12,2,1,1
S01008950,Whole house or bungalow: Semi-detached,204,160,74,86,44,34,10
S01008950,Whole house or bungalow: Terraced (including end-terrace),151,117,49,68,34,20,14
S01008950,Flat maisonette or apartment or mobile/temporary accommodation,47,28,8,20,19,11,8
S01008951,All households,435,234,99,135,201,138,63
S01008951,Whole house or bungalow: Total,127,93,45,48,34,22,12
S01008951,Whole house or bungalow: Detached,12,7,2,5,5,4,1
S01008951,Whole house or bungalow: Semi-detached,49,30,11,19,19,12,7
S01008951,Whole house or bungalow: Terraced (including end-terrace),66,56,32,24,10,6,4
S01008951,Flat maisonette or apartment or mobile/temporary accommodation,308,141,54,87,167,116,51
S01008952,All households,421,210,77,133,211,140,71
S01008952,Whole house or bungalow: Total,38,31,11,20,7,5,2
S01008952,Whole house or bungalow: Detached,9,8,2,6,1,0,1
S01008952,Whole house or bungalow: Semi-detached,15,14,5,9,1,0,1
S01008952,Whole house or bungalow: Terraced (including end-terrace),14,9,4,5,5,5,0
S01008952,Flat maisonette or apartment or mobile/temporary accommodation,383,179,66,113,204,135,69
S01008953,All households,424,265,116,149,159,119,40
S01008953,Whole house or bungalow: Total,258,175,75,100,83,68,15
S01008953,Whole house or bungalow: Detached,20,11,8,3,9,7,2
S01008953,Whole house or bungalow: Semi-detached,107,75,23,52,32,26,6
S01008953,Whole house or bungalow: Terraced (including end-terrace),131,89,44,45,42,35,7
S01008953,Flat maisonette or apartment or mobile/temporary accommodation,166,90,41,49,76,51,25
S01008954,All households,434,249,115,134,185,132,53
S01008954,Whole house or bungalow: Total,245,173,87,86,72,50,22
S01008954,Whole house or bungalow: Detached,8,8,1,7,0,0,0
S01008954,Whole house or bungalow: Semi-detached,106,72,40,32,34,26,8
S01008954,Whole house or bungalow: Terraced (including end-terrace),131,93,46,47,38,24,14
S01008954,Flat maisonette or apartment or mobile/temporary accommodation,189,76,28,48,113,82,31
S01008955,All households,282,238,113,125,44,20,24
S01008955,Whole house or bungalow: Total,220,196,96,100,24,10,14
S01008955,Whole house or bungalow: Detached,49,45,28,17,4,4,0
S01008955,Whole house or bungalow: Semi-detached,91,83,44,39,8,4,4
S01008955,Whole house or bungalow: Terraced (including end-terrace),80,68,24,44,12,2,10
S01008955,Flat maisonette or apartment or mobile/temporary accommodation,62,42,17,25,20,10,10
S01008956,All households,406,327,110,217,79,30,49
S01008956,Whole house or bungalow: Total,339,283,106,177,56,25,31
S01008956,Whole house or bungalow: Detached,61,54,24,30,7,3,4
S01008956,Whole house or bungalow: Semi-detached,73,65,28,37,8,3,5
S01008956,Whole house or bungalow: Terraced (including end-terrace),205,164,54,110,41,19,22
S01008956,Flat maisonette or apartment or mobile/temporary accommodation,67,44,4,40,23,5,18
S01008957,All households,429,277,131,146,152,101,51
S01008957,Whole house or bungalow: Total,293,215,103,112,78,61,17
S01008957,Whole house or bungalow: Detached,65,63,33,30,2,1,1
S01008957,Whole house or bungalow: Semi-detached,65,49,26,23,16,8,8
S01008957,Whole house or bungalow: Terraced (including end-terrace),163,103,44,59,60,52,8
S01008957,Flat maisonette or apartment or mobile/temporary accommodation,136,62,28,34,74,40,34
S01008958,All households,404,183,62,121,221,184,37
S01008958,Whole house or bungalow: Total,165,132,47,85,33,17,16
S01008958,Whole house or bungalow: Detached,23,20,8,12,3,3,0
S01008958,Whole house or bungalow: Semi-detached,31,24,8,16,7,6,1
S01008958,Whole house or bungalow: Terraced (including end-terrace),111,88,31,57,23,8,15
S01008958,Flat maisonette or apartment or mobile/temporary accommodation,239,51,15,36,188,167,21
S01008959,All households,380,280,114,166,100,60,40
S01008959,Whole house or bungalow: Total,273,236,95,141,37,23,14
S01008959,Whole house or bungalow: Detached,16,15,6,9,1,1,0
S01008959,Whole house or bungalow: Semi-detached,72,55,15,40,17,9,8
S01008959,Whole house or bungalow: Terraced (including end-terrace),185,166,74,92,19,13,6
S01008959,Flat maisonette or apartment or mobile/temporary accommodation,107,44,19,25,63,37,26
S01008960,All households,328,289,86,203,39,7,32
S01008960,Whole house or bungalow: Total,227,214,59,155,13,4,9
S01008960,Whole house or bungalow: Detached,157,151,47,104,6,0,6
S01008960,Whole house or bungalow: Semi-detached,23,19,5,14,4,2,2
S01008960,Whole house or bungalow: Terraced (including end-terrace),47,44,7,37,3,2,1
S01008960,Flat maisonette or apartment or mobile/temporary accommodation,101,75,27,48,26,3,23
S01008961,All households,319,274,107,167,45,5,40
S01008961,Whole house or bungalow: Total,247,231,100,131,16,3,13
S01008961,Whole house or bungalow: Detached,69,65,40,25,4,0,4
S01008961,Whole house or bungalow: Semi-detached,75,71,34,37,4,1,3
S01008961,Whole house or bungalow: Terraced (including end-terrace),103,95,26,69,8,2,6
S01008961,Flat maisonette or apartment or mobile/temporary accommodation,72,43,7,36,29,2,27
S01008962,All households,275,252,127,125,23,5,18
S01008962,Whole house or bungalow: Total,234,217,109,108,17,3,14
S01008962,Whole house or bungalow: Detached,72,71,39,32,1,0,1
S01008962,Whole house or bungalow: Semi-detached,156,143,69,74,13,0,13
S01008962,Whole house or bungalow: Terraced (including end-terrace),6,3,1,2,3,3,0
S01008962,Flat maisonette or apartment or mobile/temporary accommodation,41,35,18,17,6,2,4
S01008963,All households,349,318,184,134,31,7,24
S01008963,Whole house or bungalow: Total,300,294,178,116,6,1,5
S01008963,Whole house or bungalow: Detached,156,154,95,59,2,0,2
S01008963,Whole house or bungalow: Semi-detached,132,129,74,55,3,1,2
S01008963,Whole house or bungalow: Terraced (including end-terrace),12,11,9,2,1,0,1
S01008963,Flat maisonette or apartment or mobile/temporary accommodation,49,24,6,18,25,6,19
S01008964,All households,211,200,110,90,11,0,11
S01008964,Whole house or bungalow: Total,200,192,106,86,8,0,8
S01008964,Whole house or bungalow: Detached,140,133,78,55,7,0,7
S01008964,Whole house or bungalow: Semi-detached,55,54,28,26,1,0,1
S01008964,Whole house or bungalow: Terraced (including end-terrace),5,5,0,5,0,0,0
S01008964,Flat maisonette or apartment or mobile/temporary accommodation,11,8,4,4,3,0,3
S01008965,All households,321,295,178,117,26,17,9
S01008965,Whole house or bungalow: Total,308,293,178,115,15,6,9
S01008965,Whole house or bungalow: Detached,249,242,155,87,7,0,7
S01008965,Whole house or bungalow: Semi-detached,43,42,20,22,1,1,0
S01008965,Whole house or bungalow: Terraced (including end-terrace),16,9,3,6,7,5,2
S01008965,Flat maisonette or apartment or mobile/temporary accommodation,13,2,0,2,11,11,0
S01008966,All households,252,241,144,97,11,1,10
S01008966,Whole house or bungalow: Total,244,235,140,95,9,1,8
S01008966,Whole house or bungalow: Detached,112,110,72,38,2,0,2
S01008966,Whole house or bungalow: Semi-detached,126,122,68,54,4,0,4
S01008966,Whole house or bungalow: Terraced (including end-terrace),6,3,0,3,3,1,2
S01008966,Flat maisonette or apartment or mobile/temporary accommodation,8,6,4,2,2,0,2
S01008967,All households,430,417,236,181,13,3,10
S01008967,Whole house or bungalow: Total,412,403,231,172,9,2,7
S01008967,Whole house or bungalow: Detached,227,222,136,86,5,1,4
S01008967,Whole house or bungalow: Semi-detached,145,144,78,66,1,1,0
S01008967,Whole house or bungalow: Terraced (including end-terrace),40,37,17,20,3,0,3
S01008967,Flat maisonette or apartment or mobile/temporary accommodation,18,14,5,9,4,1,3
S01008968,All households,398,372,195,177,26,17,9
S01008968,Whole house or bungalow: Total,376,368,195,173,8,0,8
S01008968,Whole house or bungalow: Detached,140,135,76,59,5,0,5
S01008968,Whole house or bungalow: Semi-detached,193,190,100,90,3,0,3
S01008968,Whole house or bungalow: Terraced (including end-terrace),43,43,19,24,0,0,0
S01008968,Flat maisonette or apartment or mobile/temporary accommodation,22,4,0,4,18,17,1
S01008969,All households,460,396,214,182,64,20,44
S01008969,Whole house or bungalow: Total,339,316,173,143,23,8,15
S01008969,Whole house or bungalow: Detached,104,100,61,39,4,3,1
S01008969,Whole house or bungalow: Semi-detached,169,155,81,74,14,3,11
S01008969,Whole house or bungalow: Terraced (including end-terrace),66,61,31,30,5,2,3
S01008969,Flat maisonette or apartment or mobile/temporary accommodation,121,80,41,39,41,12,29
S01008970,All households,438,391,196,195,47,11,36
S01008970,Whole house or bungalow: Total,305,297,165,132,8,2,6
S01008970,Whole house or bungalow: Detached,149,145,90,55,4,1,3
S01008970,Whole house or bungalow: Semi-detached,127,125,64,61,2,0,2
S01008970,Whole house or bungalow: Terraced (including end-terrace),29,27,11,16,2,1,1
S01008970,Flat maisonette or apartment or mobile/temporary accommodation,133,94,31,63,39,9,30
S01008971,All households,273,259,116,143,14,1,13
S01008971,Whole house or bungalow: Total,232,224,105,119,8,1,7
S01008971,Whole house or bungalow: Detached,108,106,52,54,2,0,2
S01008971,Whole house or bungalow: Semi-detached,100,95,44,51,5,1,4
S01008971,Whole house or bungalow: Terraced (including end-terrace),24,23,9,14,1,0,1
S01008971,Flat maisonette or apartment or mobile/temporary accommodation,41,35,11,24,6,0,6
S01008972,All households,304,276,145,131,28,2,26
S01008972,Whole house or bungalow: Total,228,220,127,93,8,0,8
S01008972,Whole house or bungalow: Detached,68,68,40,28,0,0,0
S01008972,Whole house or bungalow: Semi-detached,124,119,71,48,5,0,5
S01008972,Whole house or bungalow: Terraced (including end-terrace),36,33,16,17,3,0,3
S01008972,Flat maisonette or apartment or mobile/temporary accommodation,76,56,18,38,20,2,18
S01008973,All households,361,290,154,136,71,28,43
S01008973,Whole house or bungalow: Total,190,171,91,80,19,1,18
S01008973,Whole house or bungalow: Detached,20,16,12,4,4,0,4
S01008973,Whole house or bungalow: Semi-detached,72,68,38,30,4,0,4
S01008973,Whole house or bungalow: Terraced (including end-terrace),98,87,41,46,11,1,10
S01008973,Flat maisonette or apartment or mobile/temporary accommodation,171,119,63,56,52,27,25
S01008974,All households,374,288,164,124,86,15,71
S01008974,Whole house or bungalow: Total,174,160,90,70,14,2,12
S01008974,Whole house or bungalow: Detached,79,76,48,28,3,0,3
S01008974,Whole house or bungalow: Semi-detached,70,67,37,30,3,0,3
S01008974,Whole house or bungalow: Terraced (including end-terrace),25,17,5,12,8,2,6
S01008974,Flat maisonette or apartment or mobile/temporary accommodation,200,128,74,54,72,13,59
S01008975,All households,449,245,146,99,204,135,69
S01008975,Whole house or bungalow: Total,130,88,53,35,42,32,10
S01008975,Whole house or bungalow: Detached,18,16,9,7,2,2,0
S01008975,Whole house or bungalow: Semi-detached,46,20,14,6,26,22,4
S01008975,Whole house or bungalow: Terraced (including end-terrace),66,52,30,22,14,8,6
S01008975,Flat maisonette or apartment or mobile/temporary accommodation,319,157,93,64,162,103,59
S01008976,All households,212,203,113,90,9,2,7
S01008976,Whole house or bungalow: Total,166,162,84,78,4,1,3
S01008976,Whole house or bungalow: Detached,58,57,30,27,1,0,1
S01008976,Whole house or bungalow: Semi-detached,60,58,30,28,2,0,2
S01008976,Whole house or bungalow: Terraced (including end-terrace),48,47,24,23,1,1,0
S01008976,Flat maisonette or apartment or mobile/temporary accommodation,46,41,29,12,5,1,4
S01008977,All households,256,237,142,95,19,3,16
S01008977,Whole house or bungalow: Total,219,214,131,83,5,1,4
S01008977,Whole house or bungalow: Detached,100,97,64,33,3,1,2
S01008977,Whole house or bungalow: Semi-detached,63,63,34,29,0,0,0
S01008977,Whole house or bungalow: Terraced (including end-terrace),56,54,33,21,2,0,2
S01008977,Flat maisonette or apartment or mobile/temporary accommodation,37,23,11,12,14,2,12
S01008978,All households,252,191,81,110,61,7,54
S01008978,Whole house or bungalow: Total,97,76,35,41,21,6,15
S01008978,Whole house or bungalow: Detached,2,2,1,1,0,0,0
S01008978,Whole house or bungalow: Semi-detached,27,20,3,17,7,1,6
S01008978,Whole house or bungalow: Terraced (including end-terrace),68,54,31,23,14,5,9
S01008978,Flat maisonette or apartment or mobile/temporary accommodation,155,115,46,69,40,1,39
S01008979,All households,308,213,49,164,95,9,86
S01008979,Whole house or bungalow: Total,40,25,6,19,15,2,13
S01008979,Whole house or bungalow: Detached,2,2,0,2,0,0,0
S01008979,Whole house or bungalow: Semi-detached,24,11,1,10,13,2,11
S01008979,Whole house or bungalow: Terraced (including end-terrace),14,12,5,7,2,0,2
S01008979,Flat maisonette or apartment or mobile/temporary accommodation,268,188,43,145,80,7,73
S01008980,All households,334,224,70,154,110,15,95
S01008980,Whole house or bungalow: Total,63,36,13,23,27,6,21
S01008980,Whole house or bungalow: Detached,6,4,1,3,2,0,2
S01008980,Whole house or bungalow: Semi-detached,34,17,6,11,17,4,13
S01008980,Whole house or bungalow: Terraced (including end-terrace),23,15,6,9,8,2,6
S01008980,Flat maisonette or apartment or mobile/temporary accommodation,271,188,57,131,83,9,74
S01008981,All households,316,292,178,114,24,9,15
S01008981,Whole house or bungalow: Total,276,264,171,93,12,2,10
S01008981,Whole house or bungalow: Detached,46,46,30,16,0,0,0
S01008981,Whole house or bungalow: Semi-detached,110,102,64,38,8,2,6
S01008981,Whole house or bungalow: Terraced (including end-terrace),120,116,77,39,4,0,4
S01008981,Flat maisonette or apartment or mobile/temporary accommodation,40,28,7,21,12,7,5
S01008982,All households,352,245,96,149,107,9,98
S01008982,Whole house or bungalow: Total,44,24,13,11,20,2,18
S01008982,Whole house or bungalow: Detached,1,1,0,1,0,0,0
S01008982,Whole house or bungalow: Semi-detached,24,10,4,6,14,2,12
S01008982,Whole house or bungalow: Terraced (including end-terrace),19,13,9,4,6,0,6
S01008982,Flat maisonette or apartment or mobile/temporary accommodation,308,221,83,138,87,7,80
S01008983,All households,314,224,49,175,90,14,76
S01008983,Whole house or bungalow: Total,20,17,3,14,3,1,2
S01008983,Whole house or bungalow: Detached,1,1,0,1,0,0,0
S01008983,Whole house or bungalow: Semi-detached,2,2,2,0,0,0,0
S01008983,Whole house or bungalow: Terraced (including end-terrace),17,14,1,13,3,1,2
S01008983,Flat maisonette or apartment or mobile/temporary accommodation,294,207,46,161,87,13,74
S01008984,All households,227,150,56,94,77,5,72
S01008984,Whole house or bungalow: Total,34,19,9,10,15,1,14
S01008984,Whole house or bungalow: Detached,4,3,0,3,1,0,1
S01008984,Whole house or bungalow: Semi-detached,15,6,3,3,9,0,9
S01008984,Whole house or bungalow: Terraced (including end-terrace),15,10,6,4,5,1,4
S01008984,Flat maisonette or apartment or mobile/temporary accommodation,193,131,47,84,62,4,58
S01008985,All households,326,270,125,145,56,4,52
S01008985,Whole house or bungalow: Total,164,154,92,62,10,1,9
S01008985,Whole house or bungalow: Detached,4,4,2,2,0,0,0
S01008985,Whole house or bungalow: Semi-detached,51,45,30,15,6,1,5
S01008985,Whole house or bungalow: Terraced (including end-terrace),109,105,60,45,4,0,4
S01008985,Flat maisonette or apartment or mobile/temporary accommodation,162,116,33,83,46,3,43
S01008986,All households,343,319,180,139,24,1,23
S01008986,Whole house or bungalow: Total,331,311,178,133,20,0,20
S01008986,Whole house or bungalow: Detached,1,1,1,0,0,0,0
S01008986,Whole house or bungalow: Semi-detached,310,294,168,126,16,0,16
S01008986,Whole house or bungalow: Terraced (including end-terrace),20,16,9,7,4,0,4
S01008986,Flat maisonette or apartment or mobile/temporary accommodation,12,8,2,6,4,1,3
S01008987,All households,330,318,186,132,12,1,11
S01008987,Whole house or bungalow: Total,317,307,181,126,10,1,9
S01008987,Whole house or bungalow: Detached,2,1,0,1,1,0,1
S01008987,Whole house or bungalow: Semi-detached,310,302,179,123,8,0,8
S01008987,Whole house or bungalow: Terraced (including end-terrace),5,4,2,2,1,1,0
S01008987,Flat maisonette or apartment or mobile/temporary accommodation,13,11,5,6,2,0,2
S01008988,All households,481,326,186,140,155,39,116
S01008988,Whole house or bungalow: Total,234,186,109,77,48,29,19
S01008988,Whole house or bungalow: Detached,48,43,33,10,5,0,5
S01008988,Whole house or bungalow: Semi-detached,51,48,24,24,3,3,0
S01008988,Whole house or bungalow: Terraced (including end-terrace),135,95,52,43,40,26,14
S01008988,Flat maisonette or apartment or mobile/temporary accommodation,247,140,77,63,107,10,97
S01008989,All households,323,240,56,184,83,5,78
S01008989,Whole house or bungalow: Total,192,160,41,119,32,2,30
S01008989,Whole house or bungalow: Detached,5,5,4,1,0,0,0
S01008989,Whole house or bungalow: Semi-detached,33,24,12,12,9,1,8
S01008989,Whole house or bungalow: Terraced (including end-terrace),154,131,25,106,23,1,22
S01008989,Flat maisonette or apartment or mobile/temporary accommodation,131,80,15,65,51,3,48
S01008990,All households,383,288,90,198,95,2,93
S01008990,Whole house or bungalow: Total,217,189,61,128,28,1,27
S01008990,Whole house or bungalow: Detached,9,7,5,2,2,1,1
S01008990,Whole house or bungalow: Semi-detached,37,25,7,18,12,0,12
S01008990,Whole house or bungalow: Terraced (including end-terrace),171,157,49,108,14,0,14
S01008990,Flat maisonette or apartment or mobile/temporary accommodation,166,99,29,70,67,1,66
S01008991,All households,381,326,99,227,55,5,50
S01008991,Whole house or bungalow: Total,317,295,88,207,22,2,20
S01008991,Whole house or bungalow: Detached,79,74,29,45,5,1,4
S01008991,Whole house or bungalow: Semi-detached,145,139,38,101,6,0,6
S01008991,Whole house or bungalow: Terraced (including end-terrace),93,82,21,61,11,1,10
S01008991,Flat maisonette or apartment or mobile/temporary accommodation,64,31,11,20,33,3,30
S01008992,All households,270,204,96,108,66,31,35
S01008992,Whole house or bungalow: Total,118,107,53,54,11,3,8
S01008992,Whole house or bungalow: Detached,28,28,16,12,0,0,0
S01008992,Whole house or bungalow: Semi-detached,70,62,33,29,8,2,6
S01008992,Whole house or bungalow: Terraced (including end-terrace),20,17,4,13,3,1,2
S01008992,Flat maisonette or apartment or mobile/temporary accommodation,152,97,43,54,55,28,27
S01008993,All households,476,355,182,173,121,7,114
S01008993,Whole house or bungalow: Total,322,255,140,115,67,1,66
S01008993,Whole house or bungalow: Detached,135,103,61,42,32,0,32
S01008993,Whole house or bungalow: Semi-detached,119,97,54,43,22,1,21
S01008993,Whole house or bungalow: Terraced (including end-terrace),68,55,25,30,13,0,13
S01008993,Flat maisonette or apartment or mobile/temporary accommodation,154,100,42,58,54,6,48
S01008994,All households,337,206,89,117,131,100,31
S01008994,Whole house or bungalow: Total,284,187,85,102,97,75,22
S01008994,Whole house or bungalow: Detached,40,30,14,16,10,6,4
S01008994,Whole house or bungalow: Semi-detached,123,82,38,44,41,32,9
S01008994,Whole house or bungalow: Terraced (including end-terrace),121,75,33,42,46,37,9
S01008994,Flat maisonette or apartment or mobile/temporary accommodation,53,19,4,15,34,25,9
S01008995,All households,352,302,134,168,50,16,34
S01008995,Whole house or bungalow: Total,293,276,124,152,17,3,14
S01008995,Whole house or bungalow: Detached,138,132,63,69,6,0,6
S01008995,Whole house or bungalow: Semi-detached,140,131,55,76,9,2,7
S01008995,Whole house or bungalow: Terraced (including end-terrace),15,13,6,7,2,1,1
S01008995,Flat maisonette or apartment or mobile/temporary accommodation,59,26,10,16,33,13,20
S01008996,All households,251,169,87,82,82,57,25
S01008996,Whole house or bungalow: Total,236,163,83,80,73,50,23
S01008996,Whole house or bungalow: Detached,40,35,20,15,5,0,5
S01008996,Whole house or bungalow: Semi-detached,61,38,21,17,23,15,8
S01008996,Whole house or bungalow: Terraced (including end-terrace),135,90,42,48,45,35,10
S01008996,Flat maisonette or apartment or mobile/temporary accommodation,15,6,4,2,9,7,2
S01008997,All households,411,290,95,195,121,52,69
S01008997,Whole house or bungalow: Total,378,279,95,184,99,34,65
S01008997,Whole house or bungalow: Detached,127,100,31,69,27,1,26
S01008997,Whole house or bungalow: Semi-detached,105,78,31,47,27,11,16
S01008997,Whole house or bungalow: Terraced (including end-terrace),146,101,33,68,45,22,23
S01008997,Flat maisonette or apartment or mobile/temporary accommodation,33,11,0,11,22,18,4
S01008998,All households,236,102,34,68,134,111,23
S01008998,Whole house or bungalow: Total,202,95,31,64,107,95,12
S01008998,Whole house or bungalow: Detached,21,15,7,8,6,6,0
S01008998,Whole house or bungalow: Semi-detached,109,47,16,31,62,54,8
S01008998,Whole house or bungalow: Terraced (including end-terrace),72,33,8,25,39,35,4
S01008998,Flat maisonette or apartment or mobile/temporary accommodation,34,7,3,4,27,16,11
S01008999,All households,411,283,142,141,128,82,46
S01008999,Whole house or bungalow: Total,301,243,126,117,58,36,22
S01008999,Whole house or bungalow: Detached,92,76,47,29,16,6,10
S01008999,Whole house or bungalow: Semi-detached,105,86,41,45,19,11,8
S01008999,Whole house or bungalow: Terraced (including end-terrace),104,81,38,43,23,19,4
S01008999,Flat maisonette or apartment or mobile/temporary accommodation,110,40,16,24,70,46,24
S01009000,All households,393,343,172,171,50,8,42
S01009000,Whole house or bungalow: Total,361,327,165,162,34,7,27
S01009000,Whole house or bungalow: Detached,67,57,29,28,10,0,10
S01009000,Whole house or bungalow: Semi-detached,260,241,126,115,19,4,15
S01009000,Whole house or bungalow: Terraced (including end-terrace),34,29,10,19,5,3,2
S01009000,Flat maisonette or apartment or mobile/temporary accommodation,32,16,7,9,16,1,15
S01009001,All households,323,278,117,161,45,29,16
S01009001,Whole house or bungalow: Total,296,275,114,161,21,6,15
S01009001,Whole house or bungalow: Detached,176,167,67,100,9,1,8
S01009001,Whole house or bungalow: Semi-detached,111,102,47,55,9,2,7
S01009001,Whole house or bungalow: Terraced (including end-terrace),9,6,0,6,3,3,0
S01009001,Flat maisonette or apartment or mobile/temporary accommodation,27,3,3,0,24,23,1
S01009002,All households,348,173,81,92,175,35,140
S01009002,Whole house or bungalow: Total,300,137,58,79,163,32,131
S01009002,Whole house or bungalow: Detached,126,59,28,31,67,0,67
S01009002,Whole house or bungalow: Semi-detached,98,43,18,25,55,11,44
S01009002,Whole house or bungalow: Terraced (including end-terrace),76,35,12,23,41,21,20
S01009002,Flat maisonette or apartment or mobile/temporary accommodation,48,36,23,13,12,3,9
S01009003,All households,394,326,140,186,68,24,44
S01009003,Whole house or bungalow: Total,308,265,122,143,43,20,23
S01009003,Whole house or bungalow: Detached,171,159,70,89,12,1,11
S01009003,Whole house or bungalow: Semi-detached,63,45,18,27,18,13,5
S01009003,Whole house or bungalow: Terraced (including end-terrace),74,61,34,27,13,6,7
S01009003,Flat maisonette or apartment or mobile/temporary accommodation,86,61,18,43,25,4,21
S01009004,All households,270,232,90,142,38,15,23
S01009004,Whole house or bungalow: Total,245,214,88,126,31,12,19
S01009004,Whole house or bungalow: Detached,23,22,8,14,1,0,1
S01009004,Whole house or bungalow: Semi-detached,30,25,10,15,5,1,4
S01009004,Whole house or bungalow: Terraced (including end-terrace),192,167,70,97,25,11,14
S01009004,Flat maisonette or apartment or mobile/temporary accommodation,25,18,2,16,7,3,4
S01009005,All households,327,281,108,173,46,9,37
S01009005,Whole house or bungalow: Total,267,241,94,147,26,6,20
S01009005,Whole house or bungalow: Detached,17,15,9,6,2,0,2
S01009005,Whole house or bungalow: Semi-detached,40,34,13,21,6,2,4
S01009005,Whole house or bungalow: Terraced (including end-terrace),210,192,72,120,18,4,14
S01009005,Flat maisonette or apartment or mobile/temporary accommodation,60,40,14,26,20,3,17
S01009006,All households,318,241,113,128,77,44,33
S01009006,Whole house or bungalow: Total,237,190,100,90,47,28,19
S01009006,Whole house or bungalow: Detached,30,26,18,8,4,0,4
S01009006,Whole house or bungalow: Semi-detached,68,56,26,30,12,11,1
S01009006,Whole house or bungalow: Terraced (including end-terrace),139,108,56,52,31,17,14
S01009006,Flat maisonette or apartment or mobile/temporary accommodation,81,51,13,38,30,16,14
S01009007,All households,290,219,99,120,71,42,29
S01009007,Whole house or bungalow: Total,249,204,93,111,45,21,24
S01009007,Whole house or bungalow: Detached,4,3,1,2,1,0,1
S01009007,Whole house or bungalow: Semi-detached,54,44,15,29,10,3,7
S01009007,Whole house or bungalow: Terraced (including end-terrace),191,157,77,80,34,18,16
S01009007,Flat maisonette or apartment or mobile/temporary accommodation,41,15,6,9,26,21,5
S01009008,All households,445,331,188,143,114,51,63
S01009008,Whole house or bungalow: Total,245,230,147,83,15,4,11
S01009008,Whole house or bungalow: Detached,150,148,96,52,2,0,2
S01009008,Whole house or bungalow: Semi-detached,68,63,44,19,5,2,3
S01009008,Whole house or bungalow: Terraced (including end-terrace),27,19,7,12,8,2,6
S01009008,Flat maisonette or apartment or mobile/temporary accommodation,200,101,41,60,99,47,52
S01009009,All households,252,122,48,74,130,99,31
S01009009,Whole house or bungalow: Total,39,24,14,10,15,7,8
S01009009,Whole house or bungalow: Detached,6,6,5,1,0,0,0
S01009009,Whole house or bungalow: Semi-detached,9,3,1,2,6,3,3
S01009009,Whole house or bungalow: Terraced (including end-terrace),24,15,8,7,9,4,5
S01009009,Flat maisonette or apartment or mobile/temporary accommodation,213,98,34,64,115,92,23
S01009010,All households,404,321,115,206,83,35,48
S01009010,Whole house or bungalow: Total,321,280,106,174,41,20,21
S01009010,Whole house or bungalow: Detached,65,60,23,37,5,1,4
S01009010,Whole house or bungalow: Semi-detached,145,135,51,84,10,3,7
S01009010,Whole house or bungalow: Terraced (including end-terrace),111,85,32,53,26,16,10
S01009010,Flat maisonette or apartment or mobile/temporary accommodation,83,41,9,32,42,15,27
S01009011,All households,319,291,83,208,28,5,23
S01009011,Whole house or bungalow: Total,312,288,80,208,24,3,21
S01009011,Whole house or bungalow: Detached,135,131,33,98,4,0,4
S01009011,Whole house or bungalow: Semi-detached,125,111,37,74,14,2,12
S01009011,Whole house or bungalow: Terraced (including end-terrace),52,46,10,36,6,1,5
S01009011,Flat maisonette or apartment or mobile/temporary accommodation,7,3,3,0,4,2,2
S01009012,All households,296,274,110,164,22,3,19
S01009012,Whole house or bungalow: Total,278,262,107,155,16,2,14
S01009012,Whole house or bungalow: Detached,79,78,43,35,1,0,1
S01009012,Whole house or bungalow: Semi-detached,135,123,39,84,12,2,10
S01009012,Whole house or bungalow: Terraced (including end-terrace),64,61,25,36,3,0,3
S01009012,Flat maisonette or apartment or mobile/temporary accommodation,18,12,3,9,6,1,5
S01009013,All households,363,320,113,207,43,15,28
S01009013,Whole house or bungalow: Total,333,309,110,199,24,13,11
S01009013,Whole house or bungalow: Detached,100,97,30,67,3,0,3
S01009013,Whole house or bungalow: Semi-detached,85,77,26,51,8,4,4
S01009013,Whole house or bungalow: Terraced (including end-terrace),148,135,54,81,13,9,4
S01009013,Flat maisonette or apartment or mobile/temporary accommodation,30,11,3,8,19,2,17
S01009014,All households,284,184,109,75,100,69,31
S01009014,Whole house or bungalow: Total,274,179,104,75,95,67,28
S01009014,Whole house or bungalow: Detached,162,129,85,44,33,13,20
S01009014,Whole house or bungalow: Semi-detached,92,42,16,26,50,44,6
S01009014,Whole house or bungalow: Terraced (including end-terrace),20,8,3,5,12,10,2
S01009014,Flat maisonette or apartment or mobile/temporary accommodation,10,5,5,0,5,2,3
S01009015,All households,303,224,161,63,79,48,31
S01009015,Whole house or bungalow: Total,300,224,161,63,76,47,29
S01009015,Whole house or bungalow: Detached,243,210,150,60,33,4,29
S01009015,Whole house or bungalow: Semi-detached,53,13,10,3,40,40,0
S01009015,Whole house or bungalow: Terraced (including end-terrace),4,1,1,0,3,3,0
S01009015,Flat maisonette or apartment or mobile/temporary accommodation,3,0,0,0,3,1,2
S01009016,All households,250,201,147,54,49,28,21
S01009016,Whole house or bungalow: Total,248,200,146,54,48,27,21
S01009016,Whole house or bungalow: Detached,201,183,137,46,18,2,16
S01009016,Whole house or bungalow: Semi-detached,39,17,9,8,22,20,2
S01009016,Whole house or bungalow: Terraced (including end-terrace),8,0,0,0,8,5,3
S01009016,Flat maisonette or apartment or mobile/temporary accommodation,2,1,1,0,1,1,0
S01009017,All households,278,165,93,72,113,83,30
S01009017,Whole house or bungalow: Total,249,165,93,72,84,56,28
S01009017,Whole house or bungalow: Detached,167,138,81,57,29,5,24
S01009017,Whole house or bungalow: Semi-detached,66,22,10,12,44,40,4
S01009017,Whole house or bungalow: Terraced (including end-terrace),16,5,2,3,11,11,0
S01009017,Flat maisonette or apartment or mobile/temporary accommodation,29,0,0,0,29,27,2
S01009018,All households,326,231,153,78,95,60,35
S01009018,Whole house or bungalow: Total,320,229,151,78,91,57,34
S01009018,Whole house or bungalow: Detached,254,219,145,74,35,5,30
S01009018,Whole house or bungalow: Semi-detached,60,9,5,4,51,47,4
S01009018,Whole house or bungalow: Terraced (including end-terrace),6,1,1,0,5,5,0
S01009018,Flat maisonette or apartment or mobile/temporary accommodation,6,2,2,0,4,3,1
S01009019,All households,221,165,105,60,56,40,16
S01009019,Whole house or bungalow: Total,213,163,103,60,50,39,11
S01009019,Whole house or bungalow: Detached,148,137,87,50,11,1,10
S01009019,Whole house or bungalow: Semi-detached,42,17,11,6,25,24,1
S01009019,Whole house or bungalow: Terraced (including end-terrace),23,9,5,4,14,14,0
S01009019,Flat maisonette or apartment or mobile/temporary accommodation,8,2,2,0,6,1,5
S01009020,All households,366,229,126,103,137,75,62
S01009020,Whole house or bungalow: Total,364,228,125,103,136,75,61
S01009020,Whole house or bungalow: Detached,169,141,87,54,28,6,22
S01009020,Whole house or bungalow: Semi-detached,71,31,15,16,40,23,17
S01009020,Whole house or bungalow: Terraced (including end-terrace),124,56,23,33,68,46,22
S01009020,Flat maisonette or apartment or mobile/temporary accommodation,2,1,1,0,1,0,1
S01009021,All households,344,274,186,88,70,37,33
S01009021,Whole house or bungalow: Total,335,269,182,87,66,34,32
S01009021,Whole house or bungalow: Detached,286,256,176,80,30,1,29
S01009021,Whole house or bungalow: Semi-detached,48,13,6,7,35,32,3
S01009021,Whole house or bungalow: Terraced (including end-terrace),1,0,0,0,1,1,0
S01009021,Flat maisonette or apartment or mobile/temporary accommodation,9,5,4,1,4,3,1
S01009022,All households,447,328,229,99,119,80,39
S01009022,Whole house or bungalow: Total,438,328,229,99,110,73,37
S01009022,Whole house or bungalow: Detached,334,297,214,83,37,7,30
S01009022,Whole house or bungalow: Semi-detached,83,19,11,8,64,57,7
S01009022,Whole house or bungalow: Terraced (including end-terrace),21,12,4,8,9,9,0
S01009022,Flat maisonette or apartment or mobile/temporary accommodation,9,0,0,0,9,7,2
S01009023,All households,435,354,287,67,81,49,32
S01009023,Whole house or bungalow: Total,433,354,287,67,79,47,32
S01009023,Whole house or bungalow: Detached,356,328,265,63,28,3,25
S01009023,Whole house or bungalow: Semi-detached,65,25,22,3,40,33,7
S01009023,Whole house or bungalow: Terraced (including end-terrace),12,1,0,1,11,11,0
S01009023,Flat maisonette or apartment or mobile/temporary accommodation,2,0,0,0,2,2,0
S01009024,All households,476,329,245,84,147,102,45
S01009024,Whole house or bungalow: Total,447,324,242,82,123,84,39
S01009024,Whole house or bungalow: Detached,296,268,204,64,28,5,23
S01009024,Whole house or bungalow: Semi-detached,89,36,26,10,53,46,7
S01009024,Whole house or bungalow: Terraced (including end-terrace),62,20,12,8,42,33,9
S01009024,Flat maisonette or apartment or mobile/temporary accommodation,29,5,3,2,24,18,6
S01009025,All households,433,359,253,106,74,42,32
S01009025,Whole house or bungalow: Total,429,358,253,105,71,41,30
S01009025,Whole house or bungalow: Detached,367,340,242,98,27,2,25
S01009025,Whole house or bungalow: Semi-detached,59,18,11,7,41,36,5
S01009025,Whole house or bungalow: Terraced (including end-terrace),3,0,0,0,3,3,0
S01009025,Flat maisonette or apartment or mobile/temporary accommodation,4,1,0,1,3,1,2
S01009026,All households,411,338,222,116,73,36,37
S01009026,Whole house or bungalow: Total,406,334,221,113,72,35,37
S01009026,Whole house or bungalow: Detached,341,303,205,98,38,3,35
S01009026,Whole house or bungalow: Semi-detached,58,29,16,13,29,27,2
S01009026,Whole house or bungalow: Terraced (including end-terrace),7,2,0,2,5,5,0
S01009026,Flat maisonette or apartment or mobile/temporary accommodation,5,4,1,3,1,1,0
S01009027,All households,373,308,232,76,65,36,29
S01009027,Whole house or bungalow: Total,370,305,231,74,65,36,29
S01009027,Whole house or bungalow: Detached,320,290,220,70,30,3,27
S01009027,Whole house or bungalow: Semi-detached,47,15,11,4,32,30,2
S01009027,Whole house or bungalow: Terraced (including end-terrace),3,0,0,0,3,3,0
S01009027,Flat maisonette or apartment or mobile/temporary accommodation,3,3,1,2,0,0,0
S01009028,All households,232,192,132,60,40,28,12
S01009028,Whole house or bungalow: Total,224,191,131,60,33,22,11
S01009028,Whole house or bungalow: Detached,191,179,123,56,12,1,11
S01009028,Whole house or bungalow: Semi-detached,29,10,7,3,19,19,0
S01009028,Whole house or bungalow: Terraced (including end-terrace),4,2,1,1,2,2,0
S01009028,Flat maisonette or apartment or mobile/temporary accommodation,8,1,1,0,7,6,1
S01009029,All households,286,221,149,72,65,41,24
S01009029,Whole house or bungalow: Total,280,221,149,72,59,38,21
S01009029,Whole house or bungalow: Detached,231,211,144,67,20,2,18
S01009029,Whole house or bungalow: Semi-detached,40,8,5,3,32,29,3
S01009029,Whole house or bungalow: Terraced (including end-terrace),9,2,0,2,7,7,0
S01009029,Flat maisonette or apartment or mobile/temporary accommodation,6,0,0,0,6,3,3
S01009030,All households,321,251,177,74,70,52,18
S01009030,Whole house or bungalow: Total,319,251,177,74,68,50,18
S01009030,Whole house or bungalow: Detached,250,233,166,67,17,1,16
S01009030,Whole house or bungalow: Semi-detached,61,15,9,6,46,45,1
S01009030,Whole house or bungalow: Terraced (including end-terrace),8,3,2,1,5,4,1
S01009030,Flat maisonette or apartment or mobile/temporary accommodation,2,0,0,0,2,2,0
S01009031,All households,356,269,189,80,87,45,42
S01009031,Whole house or bungalow: Total,345,266,186,80,79,40,39
S01009031,Whole house or bungalow: Detached,267,233,169,64,34,2,32
S01009031,Whole house or bungalow: Semi-detached,70,31,17,14,39,32,7
S01009031,Whole house or bungalow: Terraced (including end-terrace),8,2,0,2,6,6,0
S01009031,Flat maisonette or apartment or mobile/temporary accommodation,11,3,3,0,8,5,3
S01009032,All households,299,252,179,73,47,19,28
S01009032,Whole house or bungalow: Total,298,252,179,73,46,19,27
S01009032,Whole house or bungalow: Detached,274,247,175,72,27,1,26
S01009032,Whole house or bungalow: Semi-detached,24,5,4,1,19,18,1
S01009032,Whole house or bungalow: Terraced (including end-terrace),0,0,0,0,0,0,0
S01009032,Flat maisonette or apartment or mobile/temporary accommodation,1,0,0,0,1,0,1
S01009033,All households,359,318,230,88,41,12,29
S01009033,Whole house or bungalow: Total,358,318,230,88,40,11,29
S01009033,Whole house or bungalow: Detached,327,300,217,83,27,2,25
S01009033,Whole house or bungalow: Semi-detached,26,14,10,4,12,9,3
S01009033,Whole house or bungalow: Terraced (including end-terrace),5,4,3,1,1,0,1
S01009033,Flat maisonette or apartment or mobile/temporary accommodation,1,0,0,0,1,1,0
S01009034,All households,283,243,162,81,40,18,22
S01009034,Whole house or bungalow: Total,282,243,162,81,39,18,21
S01009034,Whole house or bungalow: Detached,253,235,157,78,18,1,17
S01009034,Whole house or bungalow: Semi-detached,22,7,4,3,15,15,0
S01009034,Whole house or bungalow: Terraced (including end-terrace),7,1,1,0,6,2,4
S01009034,Flat maisonette or apartment or mobile/temporary accommodation,1,0,0,0,1,0,1
S01009035,All households,381,319,184,135,62,41,21
S01009035,Whole house or bungalow: Total,380,318,184,134,62,41,21
S01009035,Whole house or bungalow: Detached,316,288,174,114,28,10,18
S01009035,Whole house or bungalow: Semi-detached,61,30,10,20,31,28,3
S01009035,Whole house or bungalow: Terraced (including end-terrace),3,0,0,0,3,3,0
S01009035,Flat maisonette or apartment or mobile/temporary accommodation,1,1,0,1,0,0,0
S01009036,All households,437,308,157,151,129,87,42
S01009036,Whole house or bungalow: Total,432,308,157,151,124,83,41
S01009036,Whole house or bungalow: Detached,293,257,142,115,36,9,27
S01009036,Whole house or bungalow: Semi-detached,111,40,9,31,71,64,7
S01009036,Whole house or bungalow: Terraced (including end-terrace),28,11,6,5,17,10,7
S01009036,Flat maisonette or apartment or mobile/temporary accommodation,5,0,0,0,5,4,1
S01009037,All households,367,266,142,124,101,81,20
S01009037,Whole house or bungalow: Total,364,265,141,124,99,79,20
S01009037,Whole house or bungalow: Detached,278,255,137,118,23,5,18
S01009037,Whole house or bungalow: Semi-detached,83,10,4,6,73,71,2
S01009037,Whole house or bungalow: Terraced (including end-terrace),3,0,0,0,3,3,0
S01009037,Flat maisonette or apartment or mobile/temporary accommodation,3,1,1,0,2,2,0
S01009038,All households,440,319,172,147,121,80,41
S01009038,Whole house or bungalow: Total,433,319,172,147,114,76,38
S01009038,Whole house or bungalow: Detached,283,252,143,109,31,4,27
S01009038,Whole house or bungalow: Semi-detached,132,62,26,36,70,61,9
S01009038,Whole house or bungalow: Terraced (including end-terrace),18,5,3,2,13,11,2
S01009038,Flat maisonette or apartment or mobile/temporary accommodation,7,0,0,0,7,4,3
S01009039,All households,313,138,85,53,175,155,20
S01009039,Whole house or bungalow: Total,268,134,83,51,134,119,15
S01009039,Whole house or bungalow: Detached,67,54,39,15,13,9,4
S01009039,Whole house or bungalow: Semi-detached,79,24,13,11,55,50,5
S01009039,Whole house or bungalow: Terraced (including end-terrace),122,56,31,25,66,60,6
S01009039,Flat maisonette or apartment or mobile/temporary accommodation,45,4,2,2,41,36,5
S01009040,All households,338,187,103,84,151,105,46
S01009040,Whole house or bungalow: Total,234,159,93,66,75,47,28
S01009040,Whole house or bungalow: Detached,25,18,12,6,7,4,3
S01009040,Whole house or bungalow: Semi-detached,78,53,32,21,25,15,10
S01009040,Whole house or bungalow: Terraced (including end-terrace),131,88,49,39,43,28,15
S01009040,Flat maisonette or apartment or mobile/temporary accommodation,104,28,10,18,76,58,18
S01009041,All households,503,248,139,109,255,154,101
S01009041,Whole house or bungalow: Total,254,186,117,69,68,27,41
S01009041,Whole house or bungalow: Detached,96,75,50,25,21,5,16
S01009041,Whole house or bungalow: Semi-detached,113,83,49,34,30,14,16
S01009041,Whole house or bungalow: Terraced (including end-terrace),45,28,18,10,17,8,9
S01009041,Flat maisonette or apartment or mobile/temporary accommodation,249,62,22,40,187,127,60
S01009042,All households,401,255,132,123,146,108,38
S01009042,Whole house or bungalow: Total,291,207,114,93,84,62,22
S01009042,Whole house or bungalow: Detached,112,75,40,35,37,27,10
S01009042,Whole house or bungalow: Semi-detached,158,121,71,50,37,26,11
S01009042,Whole house or bungalow: Terraced (including end-terrace),21,11,3,8,10,9,1
S01009042,Flat maisonette or apartment or mobile/temporary accommodation,110,48,18,30,62,46,16
S01009043,All households,293,166,99,67,127,104,23
S01009043,Whole house or bungalow: Total,241,157,93,64,84,64,20
S01009043,Whole house or bungalow: Detached,86,69,47,22,17,8,9
S01009043,Whole house or bungalow: Semi-detached,63,38,17,21,25,19,6
S01009043,Whole house or bungalow: Terraced (including end-terrace),92,50,29,21,42,37,5
S01009043,Flat maisonette or apartment or mobile/temporary accommodation,52,9,6,3,43,40,3
S01009044,All households,412,259,167,92,153,117,36
S01009044,Whole house or bungalow: Total,339,240,159,81,99,72,27
S01009044,Whole house or bungalow: Detached,68,60,47,13,8,4,4
S01009044,Whole house or bungalow: Semi-detached,136,96,60,36,40,29,11
S01009044,Whole house or bungalow: Terraced (including end-terrace),135,84,52,32,51,39,12
S01009044,Flat maisonette or apartment or mobile/temporary accommodation,73,19,8,11,54,45,9
S01009045,All households,287,184,110,74,103,66,37
S01009045,Whole house or bungalow: Total,269,179,108,71,90,60,30
S01009045,Whole house or bungalow: Detached,120,101,60,41,19,3,16
S01009045,Whole house or bungalow: Semi-detached,68,33,20,13,35,31,4
S01009045,Whole house or bungalow: Terraced (including end-terrace),81,45,28,17,36,26,10
S01009045,Flat maisonette or apartment or mobile/temporary accommodation,18,5,2,3,13,6,7
S01009046,All households,363,292,160,132,71,33,38
S01009046,Whole house or bungalow: Total,361,292,160,132,69,32,37
S01009046,Whole house or bungalow: Detached,273,246,133,113,27,2,25
S01009046,Whole house or bungalow: Semi-detached,59,22,14,8,37,27,10
S01009046,Whole house or bungalow: Terraced (including end-terrace),29,24,13,11,5,3,2
S01009046,Flat maisonette or apartment or mobile/temporary accommodation,2,0,0,0,2,1,1
S01009047,All households,336,279,152,127,57,30,27
S01009047,Whole house or bungalow: Total,335,278,151,127,57,30,27
S01009047,Whole house or bungalow: Detached,262,238,135,103,24,1,23
S01009047,Whole house or bungalow: Semi-detached,70,40,16,24,30,27,3
S01009047,Whole house or bungalow: Terraced (including end-terrace),3,0,0,0,3,2,1
S01009047,Flat maisonette or apartment or mobile/temporary accommodation,1,1,1,0,0,0,0
S01009048,All households,348,308,190,118,40,25,15
S01009048,Whole house or bungalow: Total,348,308,190,118,40,25,15
S01009048,Whole house or bungalow: Detached,320,302,184,118,18,4,14
S01009048,Whole house or bungalow: Semi-detached,27,5,5,0,22,21,1
S01009048,Whole house or bungalow: Terraced (including end-terrace),1,1,1,0,0,0,0
S01009048,Flat maisonette or apartment or mobile/temporary accommodation,0,0,0,0,0,0,0
S01009049,All households,274,228,136,92,46,26,20
S01009049,Whole house or bungalow: Total,272,226,134,92,46,26,20
S01009049,Whole house or bungalow: Detached,230,212,128,84,18,1,17
S01009049,Whole house or bungalow: Semi-detached,22,10,2,8,12,11,1
S01009049,Whole house or bungalow: Terraced (including end-terrace),20,4,4,0,16,14,2
S01009049,Flat maisonette or apartment or mobile/temporary accommodation,2,2,2,0,0,0,0
S01009050,All households,370,272,115,157,98,73,25
S01009050,Whole house or bungalow: Total,264,219,92,127,45,32,13
S01009050,Whole house or bungalow: Detached,103,90,51,39,13,2,11
S01009050,Whole house or bungalow: Semi-detached,96,81,33,48,15,14,1
S01009050,Whole house or bungalow: Terraced (including end-terrace),65,48,8,40,17,16,1
S01009050,Flat maisonette or apartment or mobile/temporary accommodation,106,53,23,30,53,41,12
S01009051,All households,292,201,54,147,91,74,17
S01009051,Whole house or bungalow: Total,270,199,54,145,71,54,17
S01009051,Whole house or bungalow: Detached,69,63,11,52,6,1,5
S01009051,Whole house or bungalow: Semi-detached,86,64,17,47,22,19,3
S01009051,Whole house or bungalow: Terraced (including end-terrace),115,72,26,46,43,34,9
S01009051,Flat maisonette or apartment or mobile/temporary accommodation,22,2,0,2,20,20,0
S01009052,All households,305,221,99,122,84,54,30
S01009052,Whole house or bungalow: Total,237,192,91,101,45,30,15
S01009052,Whole house or bungalow: Detached,95,90,52,38,5,1,4
S01009052,Whole house or bungalow: Semi-detached,68,56,28,28,12,7,5
S01009052,Whole house or bungalow: Terraced (including end-terrace),74,46,11,35,28,22,6
S01009052,Flat maisonette or apartment or mobile/temporary accommodation,68,29,8,21,39,24,15
S01009053,All households,259,65,20,45,194,187,7
S01009053,Whole house or bungalow: Total,79,38,13,25,41,39,2
S01009053,Whole house or bungalow: Detached,9,9,4,5,0,0,0
S01009053,Whole house or bungalow: Semi-detached,37,20,6,14,17,17,0
S01009053,Whole house or bungalow: Terraced (including end-terrace),33,9,3,6,24,22,2
S01009053,Flat maisonette or apartment or mobile/temporary accommodation,180,27,7,20,153,148,5
S01009054,All households,249,158,58,100,91,81,10
S01009054,Whole house or bungalow: Total,244,155,56,99,89,79,10
S01009054,Whole house or bungalow: Detached,8,7,2,5,1,1,0
S01009054,Whole house or bungalow: Semi-detached,101,71,22,49,30,26,4
S01009054,Whole house or bungalow: Terraced (including end-terrace),135,77,32,45,58,52,6
S01009054,Flat maisonette or apartment or mobile/temporary accommodation,5,3,2,1,2,2,0
S01009055,All households,361,284,119,165,77,57,20
S01009055,Whole house or bungalow: Total,314,259,113,146,55,40,15
S01009055,Whole house or bungalow: Detached,168,158,79,79,10,0,10
S01009055,Whole house or bungalow: Semi-detached,71,48,18,30,23,19,4
S01009055,Whole house or bungalow: Terraced (including end-terrace),75,53,16,37,22,21,1
S01009055,Flat maisonette or apartment or mobile/temporary accommodation,47,25,6,19,22,17,5
S01009056,All households,217,105,29,76,112,101,11
S01009056,Whole house or bungalow: Total,174,94,28,66,80,72,8
S01009056,Whole house or bungalow: Detached,17,16,11,5,1,0,1
S01009056,Whole house or bungalow: Semi-detached,90,51,10,41,39,37,2
S01009056,Whole house or bungalow: Terraced (including end-terrace),67,27,7,20,40,35,5
S01009056,Flat maisonette or apartment or mobile/temporary accommodation,43,11,1,10,32,29,3
S01009057,All households,282,117,40,77,165,137,28
S01009057,Whole house or bungalow: Total,68,41,17,24,27,17,10
S01009057,Whole house or bungalow: Detached,17,15,5,10,2,0,2
S01009057,Whole house or bungalow: Semi-detached,18,11,4,7,7,3,4
S01009057,Whole house or bungalow: Terraced (including end-terrace),33,15,8,7,18,14,4
S01009057,Flat maisonette or apartment or mobile/temporary accommodation,214,76,23,53,138,120,18
S01009058,All households,385,210,62,148,175,151,24
S01009058,Whole house or bungalow: Total,245,177,54,123,68,53,15
S01009058,Whole house or bungalow: Detached,29,21,3,18,8,4,4
S01009058,Whole house or bungalow: Semi-detached,69,50,10,40,19,13,6
S01009058,Whole house or bungalow: Terraced (including end-terrace),147,106,41,65,41,36,5
S01009058,Flat maisonette or apartment or mobile/temporary accommodation,140,33,8,25,107,98,9
S01009059,All households,347,254,62,192,93,69,24
S01009059,Whole house or bungalow: Total,276,228,53,175,48,33,15
S01009059,Whole house or bungalow: Detached,137,130,28,102,7,2,5
S01009059,Whole house or bungalow: Semi-detached,65,50,11,39,15,7,8
S01009059,Whole house or bungalow: Terraced (including end-terrace),74,48,14,34,26,24,2
S01009059,Flat maisonette or apartment or mobile/temporary accommodation,71,26,9,17,45,36,9
S01009060,All households,188,171,40,131,17,2,15
S01009060,Whole house or bungalow: Total,176,167,37,130,9,1,8
S01009060,Whole house or bungalow: Detached,163,157,34,123,6,0,6
S01009060,Whole house or bungalow: Semi-detached,7,4,1,3,3,1,2
S01009060,Whole house or bungalow: Terraced (including end-terrace),6,6,2,4,0,0,0
S01009060,Flat maisonette or apartment or mobile/temporary accommodation,12,4,3,1,8,1,7
S01009061,All households,326,233,71,162,93,84,9
S01009061,Whole house or bungalow: Total,308,224,71,153,84,76,8
S01009061,Whole house or bungalow: Detached,5,5,3,2,0,0,0
S01009061,Whole house or bungalow: Semi-detached,49,30,8,22,19,19,0
S01009061,Whole house or bungalow: Terraced (including end-terrace),254,189,60,129,65,57,8
S01009061,Flat maisonette or apartment or mobile/temporary accommodation,18,9,0,9,9,8,1
S01009062,All households,298,167,73,94,131,128,3
S01009062,Whole house or bungalow: Total,238,156,69,87,82,79,3
S01009062,Whole house or bungalow: Detached,11,8,6,2,3,3,0
S01009062,Whole house or bungalow: Semi-detached,91,67,22,45,24,23,1
S01009062,Whole house or bungalow: Terraced (including end-terrace),136,81,41,40,55,53,2
S01009062,Flat maisonette or apartment or mobile/temporary accommodation,60,11,4,7,49,49,0
S01009063,All households,291,252,121,131,39,28,11
S01009063,Whole house or bungalow: Total,285,251,121,130,34,23,11
S01009063,Whole house or bungalow: Detached,100,97,50,47,3,0,3
S01009063,Whole house or bungalow: Semi-detached,61,54,37,17,7,6,1
S01009063,Whole house or bungalow: Terraced (including end-terrace),124,100,34,66,24,17,7
S01009063,Flat maisonette or apartment or mobile/temporary accommodation,6,1,0,1,5,5,0
S01009064,All households,264,177,64,113,87,76,11
S01009064,Whole house or bungalow: Total,213,156,57,99,57,48,9
S01009064,Whole house or bungalow: Detached,9,8,2,6,1,0,1
S01009064,Whole house or bungalow: Semi-detached,39,31,9,22,8,4,4
S01009064,Whole house or bungalow: Terraced (including end-terrace),165,117,46,71,48,44,4
S01009064,Flat maisonette or apartment or mobile/temporary accommodation,51,21,7,14,30,28,2
S01009065,All households,328,153,68,85,175,140,35
S01009065,Whole house or bungalow: Total,132,99,50,49,33,28,5
S01009065,Whole house or bungalow: Detached,12,12,5,7,0,0,0
S01009065,Whole house or bungalow: Semi-detached,78,57,31,26,21,20,1
S01009065,Whole house or bungalow: Terraced (including end-terrace),42,30,14,16,12,8,4
S01009065,Flat maisonette or apartment or mobile/temporary accommodation,196,54,18,36,142,112,30
S01009066,All households,319,189,77,112,130,107,23
S01009066,Whole house or bungalow: Total,272,161,76,85,111,95,16
S01009066,Whole house or bungalow: Detached,20,16,9,7,4,4,0
S01009066,Whole house or bungalow: Semi-detached,83,46,21,25,37,30,7
S01009066,Whole house or bungalow: Terraced (including end-terrace),169,99,46,53,70,61,9
S01009066,Flat maisonette or apartment or mobile/temporary accommodation,47,28,1,27,19,12,7
S01009067,All households,302,271,50,221,31,16,15
S01009067,Whole house or bungalow: Total,295,267,49,218,28,14,14
S01009067,Whole house or bungalow: Detached,192,181,35,146,11,3,8
S01009067,Whole house or bungalow: Semi-detached,91,81,13,68,10,4,6
S01009067,Whole house or bungalow: Terraced (including end-terrace),12,5,1,4,7,7,0
S01009067,Flat maisonette or apartment or mobile/temporary accommodation,7,4,1,3,3,2,1
S01009068,All households,386,260,107,153,126,94,32
S01009068,Whole house or bungalow: Total,344,232,101,131,112,90,22
S01009068,Whole house or bungalow: Detached,38,35,15,20,3,2,1
S01009068,Whole house or bungalow: Semi-detached,170,121,60,61,49,37,12
S01009068,Whole house or bungalow: Terraced (including end-terrace),136,76,26,50,60,51,9
S01009068,Flat maisonette or apartment or mobile/temporary accommodation,42,28,6,22,14,4,10
S01009069,All households,249,241,91,150,8,4,4
S01009069,Whole house or bungalow: Total,242,237,90,147,5,1,4
S01009069,Whole house or bungalow: Detached,125,122,52,70,3,0,3
S01009069,Whole house or bungalow: Semi-detached,101,99,35,64,2,1,1
S01009069,Whole house or bungalow: Terraced (including end-terrace),16,16,3,13,0,0,0
S01009069,Flat maisonette or apartment or mobile/temporary accommodation,7,4,1,3,3,3,0
S01009070,All households,269,232,94,138,37,16,21
S01009070,Whole house or bungalow: Total,210,197,87,110,13,5,8
S01009070,Whole house or bungalow: Detached,79,77,46,31,2,0,2
S01009070,Whole house or bungalow: Semi-detached,83,77,29,48,6,3,3
S01009070,Whole house or bungalow: Terraced (including end-terrace),48,43,12,31,5,2,3
S01009070,Flat maisonette or apartment or mobile/temporary accommodation,59,35,7,28,24,11,13
S01009071,All households,228,148,63,85,80,73,7
S01009071,Whole house or bungalow: Total,201,145,62,83,56,50,6
S01009071,Whole house or bungalow: Detached,62,60,30,30,2,1,1
S01009071,Whole house or bungalow: Semi-detached,55,51,20,31,4,2,2
S01009071,Whole house or bungalow: Terraced (including end-terrace),84,34,12,22,50,47,3
S01009071,Flat maisonette or apartment or mobile/temporary accommodation,27,3,1,2,24,23,1
S01009072,All households,199,154,57,97,45,33,12
S01009072,Whole house or bungalow: Total,182,151,55,96,31,19,12
S01009072,Whole house or bungalow: Detached,102,93,34,59,9,0,9
S01009072,Whole house or bungalow: Semi-detached,32,26,12,14,6,5,1
S01009072,Whole house or bungalow: Terraced (including end-terrace),48,32,9,23,16,14,2
S01009072,Flat maisonette or apartment or mobile/temporary accommodation,17,3,2,1,14,14,0
S01009073,All households,251,124,47,77,127,119,8
S01009073,Whole house or bungalow: Total,224,117,45,72,107,101,6
S01009073,Whole house or bungalow: Detached,24,23,12,11,1,1,0
S01009073,Whole house or bungalow: Semi-detached,90,40,14,26,50,45,5
S01009073,Whole house or bungalow: Terraced (including end-terrace),110,54,19,35,56,55,1
S01009073,Flat maisonette or apartment or mobile/temporary accommodation,27,7,2,5,20,18,2
S01009074,All households,290,125,54,71,165,150,15
S01009074,Whole house or bungalow: Total,275,116,49,67,159,145,14
S01009074,Whole house or bungalow: Detached,15,8,4,4,7,6,1
S01009074,Whole house or bungalow: Semi-detached,98,44,22,22,54,50,4
S01009074,Whole house or bungalow: Terraced (including end-terrace),162,64,23,41,98,89,9
S01009074,Flat maisonette or apartment or mobile/temporary accommodation,15,9,5,4,6,5,1
S01009075,All households,233,141,67,74,92,79,13
S01009075,Whole house or bungalow: Total,215,135,66,69,80,67,13
S01009075,Whole house or bungalow: Detached,74,65,41,24,9,2,7
S01009075,Whole house or bungalow: Semi-detached,39,19,10,9,20,18,2
S01009075,Whole house or bungalow: Terraced (including end-terrace),102,51,15,36,51,47,4
S01009075,Flat maisonette or apartment or mobile/temporary accommodation,18,6,1,5,12,12,0
S01009076,All households,381,341,107,234,40,9,31
S01009076,Whole house or bungalow: Total,251,234,85,149,17,7,10
S01009076,Whole house or bungalow: Detached,42,41,15,26,1,0,1
S01009076,Whole house or bungalow: Semi-detached,160,151,59,92,9,2,7
S01009076,Whole house or bungalow: Terraced (including end-terrace),49,42,11,31,7,5,2
S01009076,Flat maisonette or apartment or mobile/temporary accommodation,130,107,22,85,23,2,21
S01009077,All households,259,195,94,101,64,51,13
S01009077,Whole house or bungalow: Total,213,182,90,92,31,22,9
S01009077,Whole house or bungalow: Detached,68,63,38,25,5,1,4
S01009077,Whole house or bungalow: Semi-detached,122,110,47,63,12,8,4
S01009077,Whole house or bungalow: Terraced (including end-terrace),23,9,5,4,14,13,1
S01009077,Flat maisonette or apartment or mobile/temporary accommodation,46,13,4,9,33,29,4
S01009078,All households,271,251,33,218,20,10,10
S01009078,Whole house or bungalow: Total,266,251,33,218,15,6,9
S01009078,Whole house or bungalow: Detached,177,173,19,154,4,0,4
S01009078,Whole house or bungalow: Semi-detached,78,72,12,60,6,2,4
S01009078,Whole house or bungalow: Terraced (including end-terrace),11,6,2,4,5,4,1
S01009078,Flat maisonette or apartment or mobile/temporary accommodation,5,0,0,0,5,4,1
S01009079,All households,388,180,71,109,208,185,23
S01009079,Whole house or bungalow: Total,290,151,59,92,139,125,14
S01009079,Whole house or bungalow: Detached,36,31,18,13,5,3,2
S01009079,Whole house or bungalow: Semi-detached,77,49,16,33,28,25,3
S01009079,Whole house or bungalow: Terraced (including end-terrace),177,71,25,46,106,97,9
S01009079,Flat maisonette or apartment or mobile/temporary accommodation,98,29,12,17,69,60,9
S01009080,All households,430,243,118,125,187,168,19
S01009080,Whole house or bungalow: Total,393,237,114,123,156,140,16
S01009080,Whole house or bungalow: Detached,39,34,22,12,5,3,2
S01009080,Whole house or bungalow: Semi-detached,153,99,47,52,54,48,6
S01009080,Whole house or bungalow: Terraced (including end-terrace),201,104,45,59,97,89,8
S01009080,Flat maisonette or apartment or mobile/temporary accommodation,37,6,4,2,31,28,3
S01009081,All households,311,231,93,138,80,74,6
S01009081,Whole house or bungalow: Total,296,227,91,136,69,63,6
S01009081,Whole house or bungalow: Detached,65,60,25,35,5,2,3
S01009081,Whole house or bungalow: Semi-detached,112,89,37,52,23,23,0
S01009081,Whole house or bungalow: Terraced (including end-terrace),119,78,29,49,41,38,3
S01009081,Flat maisonette or apartment or mobile/temporary accommodation,15,4,2,2,11,11,0
S01009082,All households,426,237,79,158,189,169,20
S01009082,Whole house or bungalow: Total,353,199,66,133,154,144,10
S01009082,Whole house or bungalow: Detached,49,45,10,35,4,2,2
S01009082,Whole house or bungalow: Semi-detached,148,87,27,60,61,56,5
S01009082,Whole house or bungalow: Terraced (including end-terrace),156,67,29,38,89,86,3
S01009082,Flat maisonette or apartment or mobile/temporary accommodation,73,38,13,25,35,25,10
S01009083,All households,349,207,72,135,142,106,36
S01009083,Whole house or bungalow: Total,247,167,63,104,80,65,15
S01009083,Whole house or bungalow: Detached,86,77,37,40,9,2,7
S01009083,Whole house or bungalow: Semi-detached,101,59,18,41,42,35,7
S01009083,Whole house or bungalow: Terraced (including end-terrace),60,31,8,23,29,28,1
S01009083,Flat maisonette or apartment or mobile/temporary accommodation,102,40,9,31,62,41,21
S01009084,All households,177,120,39,81,57,37,20
S01009084,Whole house or bungalow: Total,140,114,36,78,26,11,15
S01009084,Whole house or bungalow: Detached,111,96,30,66,15,2,13
S01009084,Whole house or bungalow: Semi-detached,26,16,6,10,10,8,2
S01009084,Whole house or bungalow: Terraced (including end-terrace),3,2,0,2,1,1,0
S01009084,Flat maisonette or apartment or mobile/temporary accommodation,37,6,3,3,31,26,5
S01009085,All households,280,251,31,220,29,9,20
S01009085,Whole house or bungalow: Total,273,249,30,219,24,5,19
S01009085,Whole house or bungalow: Detached,149,139,18,121,10,0,10
S01009085,Whole house or bungalow: Semi-detached,120,108,12,96,12,3,9
S01009085,Whole house or bungalow: Terraced (including end-terrace),4,2,0,2,2,2,0
S01009085,Flat maisonette or apartment or mobile/temporary accommodation,7,2,1,1,5,4,1
S01009086,All households,305,193,54,139,112,97,15
S01009086,Whole house or bungalow: Total,207,166,46,120,41,34,7
S01009086,Whole house or bungalow: Detached,75,73,21,52,2,1,1
S01009086,Whole house or bungalow: Semi-detached,117,89,25,64,28,24,4
S01009086,Whole house or bungalow: Terraced (including end-terrace),15,4,0,4,11,9,2
S01009086,Flat maisonette or apartment or mobile/temporary accommodation,98,27,8,19,71,63,8
S01009087,All households,247,122,49,73,125,109,16
S01009087,Whole house or bungalow: Total,199,111,46,65,88,80,8
S01009087,Whole house or bungalow: Detached,62,58,27,31,4,2,2
S01009087,Whole house or bungalow: Semi-detached,68,26,9,17,42,36,6
S01009087,Whole house or bungalow: Terraced (including end-terrace),69,27,10,17,42,42,0
S01009087,Flat maisonette or apartment or mobile/temporary accommodation,48,11,3,8,37,29,8
S01009088,All households,385,324,144,180,61,34,27
S01009088,Whole house or bungalow: Total,360,313,137,176,47,26,21
S01009088,Whole house or bungalow: Detached,192,180,79,101,12,0,12
S01009088,Whole house or bungalow: Semi-detached,133,107,54,53,26,21,5
S01009088,Whole house or bungalow: Terraced (including end-terrace),35,26,4,22,9,5,4
S01009088,Flat maisonette or apartment or mobile/temporary accommodation,25,11,7,4,14,8,6
S01009089,All households,325,300,71,229,25,4,21
S01009089,Whole house or bungalow: Total,318,298,69,229,20,2,18
S01009089,Whole house or bungalow: Detached,261,250,53,197,11,1,10
S01009089,Whole house or bungalow: Semi-detached,51,43,14,29,8,0,8
S01009089,Whole house or bungalow: Terraced (including end-terrace),6,5,2,3,1,1,0
S01009089,Flat maisonette or apartment or mobile/temporary accommodation,7,2,2,0,5,2,3
S01009090,All households,333,267,38,229,66,6,60
S01009090,Whole house or bungalow: Total,207,194,29,165,13,2,11
S01009090,Whole house or bungalow: Detached,115,113,17,96,2,0,2
S01009090,Whole house or bungalow: Semi-detached,20,19,4,15,1,0,1
S01009090,Whole house or bungalow: Terraced (including end-terrace),72,62,8,54,10,2,8
S01009090,Flat maisonette or apartment or mobile/temporary accommodation,126,73,9,64,53,4,49
S01009091,All households,223,209,33,176,14,3,11
S01009091,Whole house or bungalow: Total,206,197,29,168,9,1,8
S01009091,Whole house or bungalow: Detached,193,186,27,159,7,0,7
S01009091,Whole house or bungalow: Semi-detached,8,7,1,6,1,0,1
S01009091,Whole house or bungalow: Terraced (including end-terrace),5,4,1,3,1,1,0
S01009091,Flat maisonette or apartment or mobile/temporary accommodation,17,12,4,8,5,2,3
S01009092,All households,482,336,154,182,146,105,41
S01009092,Whole house or bungalow: Total,371,295,139,156,76,54,22
S01009092,Whole house or bungalow: Detached,82,80,30,50,2,1,1
S01009092,Whole house or bungalow: Semi-detached,161,137,70,67,24,19,5
S01009092,Whole house or bungalow: Terraced (including end-terrace),128,78,39,39,50,34,16
S01009092,Flat maisonette or apartment or mobile/temporary accommodation,111,41,15,26,70,51,19
S01009093,All households,343,175,56,119,168,116,52
S01009093,Whole house or bungalow: Total,246,158,51,107,88,59,29
S01009093,Whole house or bungalow: Detached,19,17,6,11,2,1,1
S01009093,Whole house or bungalow: Semi-detached,113,81,30,51,32,22,10
S01009093,Whole house or bungalow: Terraced (including end-terrace),114,60,15,45,54,36,18
S01009093,Flat maisonette or apartment or mobile/temporary accommodation,97,17,5,12,80,57,23
S01009094,All households,290,271,174,97,19,11,8
S01009094,Whole house or bungalow: Total,287,271,174,97,16,9,7
S01009094,Whole house or bungalow: Detached,153,148,95,53,5,0,5
S01009094,Whole house or bungalow: Semi-detached,128,120,77,43,8,6,2
S01009094,Whole house or bungalow: Terraced (including end-terrace),6,3,2,1,3,3,0
S01009094,Flat maisonette or apartment or mobile/temporary accommodation,3,0,0,0,3,2,1
S01009095,All households,360,231,100,131,129,80,49
S01009095,Whole house or bungalow: Total,216,186,87,99,30,16,14
S01009095,Whole house or bungalow: Detached,96,90,44,46,6,1,5
S01009095,Whole house or bungalow: Semi-detached,104,85,40,45,19,11,8
S01009095,Whole house or bungalow: Terraced (including end-terrace),16,11,3,8,5,4,1
S01009095,Flat maisonette or apartment or mobile/temporary accommodation,144,45,13,32,99,64,35
S01009096,All households,384,272,68,204,112,64,48
S01009096,Whole house or bungalow: Total,277,255,62,193,22,11,11
S01009096,Whole house or bungalow: Detached,194,186,29,157,8,1,7
S01009096,Whole house or bungalow: Semi-detached,51,44,26,18,7,5,2
S01009096,Whole house or bungalow: Terraced (including end-terrace),32,25,7,18,7,5,2
S01009096,Flat maisonette or apartment or mobile/temporary accommodation,107,17,6,11,90,53,37
S01009097,All households,347,311,96,215,36,9,27
S01009097,Whole house or bungalow: Total,318,297,90,207,21,6,15
S01009097,Whole house or bungalow: Detached,185,179,44,135,6,0,6
S01009097,Whole house or bungalow: Semi-detached,116,106,44,62,10,1,9
S01009097,Whole house or bungalow: Terraced (including end-terrace),17,12,2,10,5,5,0
S01009097,Flat maisonette or apartment or mobile/temporary accommodation,29,14,6,8,15,3,12
S01009098,All households,190,177,89,88,13,6,7
S01009098,Whole house or bungalow: Total,184,175,89,86,9,4,5
S01009098,Whole house or bungalow: Detached,109,105,58,47,4,2,2
S01009098,Whole house or bungalow: Semi-detached,62,59,26,33,3,1,2
S01009098,Whole house or bungalow: Terraced (including end-terrace),13,11,5,6,2,1,1
S01009098,Flat maisonette or apartment or mobile/temporary accommodation,6,2,0,2,4,2,2
S01009099,All households,384,240,105,135,144,100,44
S01009099,Whole house or bungalow: Total,238,204,87,117,34,24,10
S01009099,Whole house or bungalow: Detached,28,25,16,9,3,1,2
S01009099,Whole house or bungalow: Semi-detached,157,140,54,86,17,13,4
S01009099,Whole house or bungalow: Terraced (including end-terrace),53,39,17,22,14,10,4
S01009099,Flat maisonette or apartment or mobile/temporary accommodation,146,36,18,18,110,76,34
S01009100,All households,397,159,62,97,238,194,44
S01009100,Whole house or bungalow: Total,223,114,45,69,109,95,14
S01009100,Whole house or bungalow: Detached,17,11,5,6,6,3,3
S01009100,Whole house or bungalow: Semi-detached,103,53,20,33,50,46,4
S01009100,Whole house or bungalow: Terraced (including end-terrace),103,50,20,30,53,46,7
S01009100,Flat maisonette or apartment or mobile/temporary accommodation,174,45,17,28,129,99,30
S01009101,All households,369,180,69,111,189,180,9
S01009101,Whole house or bungalow: Total,337,173,69,104,164,160,4
S01009101,Whole house or bungalow: Detached,11,9,2,7,2,2,0
S01009101,Whole house or bungalow: Semi-detached,155,80,29,51,75,75,0
S01009101,Whole house or bungalow: Terraced (including end-terrace),171,84,38,46,87,83,4
S01009101,Flat maisonette or apartment or mobile/temporary accommodation,32,7,0,7,25,20,5
S01009102,All households,317,106,35,71,211,205,6
S01009102,Whole house or bungalow: Total,274,100,32,68,174,172,2
S01009102,Whole house or bungalow: Detached,20,9,3,6,11,10,1
S01009102,Whole house or bungalow: Semi-detached,190,67,22,45,123,122,1
S01009102,Whole house or bungalow: Terraced (including end-terrace),64,24,7,17,40,40,0
S01009102,Flat maisonette or apartment or mobile/temporary accommodation,43,6,3,3,37,33,4
S01009103,All households,246,220,116,104,26,21,5
S01009103,Whole house or bungalow: Total,226,214,115,99,12,9,3
S01009103,Whole house or bungalow: Detached,117,114,60,54,3,3,0
S01009103,Whole house or bungalow: Semi-detached,94,89,52,37,5,4,1
S01009103,Whole house or bungalow: Terraced (including end-terrace),15,11,3,8,4,2,2
S01009103,Flat maisonette or apartment or mobile/temporary accommodation,20,6,1,5,14,12,2
S01009104,All households,352,206,95,111,146,118,28
S01009104,Whole house or bungalow: Total,242,176,77,99,66,55,11
S01009104,Whole house or bungalow: Detached,64,58,35,23,6,4,2
S01009104,Whole house or bungalow: Semi-detached,78,53,21,32,25,22,3
S01009104,Whole house or bungalow: Terraced (including end-terrace),100,65,21,44,35,29,6
S01009104,Flat maisonette or apartment or mobile/temporary accommodation,110,30,18,12,80,63,17
S01009105,All households,337,236,88,148,101,74,27
S01009105,Whole house or bungalow: Total,274,212,76,136,62,47,15
S01009105,Whole house or bungalow: Detached,50,47,9,38,3,0,3
S01009105,Whole house or bungalow: Semi-detached,147,118,45,73,29,21,8
S01009105,Whole house or bungalow: Terraced (including end-terrace),77,47,22,25,30,26,4
S01009105,Flat maisonette or apartment or mobile/temporary accommodation,63,24,12,12,39,27,12
S01009106,All households,264,177,66,111,87,56,31
S01009106,Whole house or bungalow: Total,223,158,58,100,65,42,23
S01009106,Whole house or bungalow: Detached,10,9,4,5,1,0,1
S01009106,Whole house or bungalow: Semi-detached,42,30,16,14,12,10,2
S01009106,Whole house or bungalow: Terraced (including end-terrace),171,119,38,81,52,32,20
S01009106,Flat maisonette or apartment or mobile/temporary accommodation,41,19,8,11,22,14,8
S01009107,All households,333,274,100,174,59,36,23
S01009107,Whole house or bungalow: Total,313,265,98,167,48,30,18
S01009107,Whole house or bungalow: Detached,116,108,30,78,8,0,8
S01009107,Whole house or bungalow: Semi-detached,102,92,54,38,10,7,3
S01009107,Whole house or bungalow: Terraced (including end-terrace),95,65,14,51,30,23,7
S01009107,Flat maisonette or apartment or mobile/temporary accommodation,20,9,2,7,11,6,5
S01009108,All households,313,288,151,137,25,7,18
S01009108,Whole house or bungalow: Total,243,236,126,110,7,2,5
S01009108,Whole house or bungalow: Detached,82,80,44,36,2,0,2
S01009108,Whole house or bungalow: Semi-detached,151,147,79,68,4,1,3
S01009108,Whole house or bungalow: Terraced (including end-terrace),10,9,3,6,1,1,0
S01009108,Flat maisonette or apartment or mobile/temporary accommodation,70,52,25,27,18,5,13
S01009109,All households,263,249,112,137,14,3,11
S01009109,Whole house or bungalow: Total,261,247,111,136,14,3,11
S01009109,Whole house or bungalow: Detached,136,129,68,61,7,0,7
S01009109,Whole house or bungalow: Semi-detached,94,89,34,55,5,1,4
S01009109,Whole house or bungalow: Terraced (including end-terrace),31,29,9,20,2,2,0
S01009109,Flat maisonette or apartment or mobile/temporary accommodation,2,2,1,1,0,0,0
S01009110,All households,263,195,76,119,68,62,6
S01009110,Whole house or bungalow: Total,245,187,74,113,58,53,5
S01009110,Whole house or bungalow: Detached,6,6,2,4,0,0,0
S01009110,Whole house or bungalow: Semi-detached,108,86,31,55,22,19,3
S01009110,Whole house or bungalow: Terraced (including end-terrace),131,95,41,54,36,34,2
S01009110,Flat maisonette or apartment or mobile/temporary accommodation,18,8,2,6,10,9,1
S01009111,All households,372,298,104,194,74,32,42
S01009111,Whole house or bungalow: Total,328,274,96,178,54,27,27
S01009111,Whole house or bungalow: Detached,94,89,36,53,5,3,2
S01009111,Whole house or bungalow: Semi-detached,136,123,41,82,13,4,9
S01009111,Whole house or bungalow: Terraced (including end-terrace),98,62,19,43,36,20,16
S01009111,Flat maisonette or apartment or mobile/temporary accommodation,44,24,8,16,20,5,15
S01009112,All households,238,226,126,100,12,3,9
S01009112,Whole house or bungalow: Total,237,226,126,100,11,3,8
S01009112,Whole house or bungalow: Detached,82,79,46,33,3,1,2
S01009112,Whole house or bungalow: Semi-detached,146,139,79,60,7,1,6
S01009112,Whole house or bungalow: Terraced (including end-terrace),9,8,1,7,1,1,0
S01009112,Flat maisonette or apartment or mobile/temporary accommodation,1,0,0,0,1,0,1
S01009113,All households,381,350,142,208,31,5,26
S01009113,Whole house or bungalow: Total,332,320,134,186,12,2,10
S01009113,Whole house or bungalow: Detached,199,198,98,100,1,0,1
S01009113,Whole house or bungalow: Semi-detached,124,114,33,81,10,1,9
S01009113,Whole house or bungalow: Terraced (including end-terrace),9,8,3,5,1,1,0
S01009113,Flat maisonette or apartment or mobile/temporary accommodation,49,30,8,22,19,3,16
S01009114,All households,303,229,55,174,74,61,13
S01009114,Whole house or bungalow: Total,262,207,49,158,55,46,9
S01009114,Whole house or bungalow: Detached,80,77,15,62,3,0,3
S01009114,Whole house or bungalow: Semi-detached,120,97,25,72,23,22,1
S01009114,Whole house or bungalow: Terraced (including end-terrace),62,33,9,24,29,24,5
S01009114,Flat maisonette or apartment or mobile/temporary accommodation,41,22,6,16,19,15,4
S01009115,All households,259,178,55,123,81,52,29
S01009115,Whole house or bungalow: Total,151,134,48,86,17,9,8
S01009115,Whole house or bungalow: Detached,76,73,23,50,3,0,3
S01009115,Whole house or bungalow: Semi-detached,49,43,16,27,6,3,3
S01009115,Whole house or bungalow: Terraced (including end-terrace),26,18,9,9,8,6,2
S01009115,Flat maisonette or apartment or mobile/temporary accommodation,108,44,7,37,64,43,21
S01009116,All households,191,180,90,90,11,3,8
S01009116,Whole house or bungalow: Total,165,160,84,76,5,1,4
S01009116,Whole house or bungalow: Detached,68,66,39,27,2,1,1
S01009116,Whole house or bungalow: Semi-detached,94,91,43,48,3,0,3
S01009116,Whole house or bungalow: Terraced (including end-terrace),3,3,2,1,0,0,0
S01009116,Flat maisonette or apartment or mobile/temporary accommodation,26,20,6,14,6,2,4
S01009117,All households,391,256,59,197,135,97,38
S01009117,Whole house or bungalow: Total,262,203,45,158,59,44,15
S01009117,Whole house or bungalow: Detached,41,33,6,27,8,5,3
S01009117,Whole house or bungalow: Semi-detached,130,106,19,87,24,19,5
S01009117,Whole house or bungalow: Terraced (including end-terrace),91,64,20,44,27,20,7
S01009117,Flat maisonette or apartment or mobile/temporary accommodation,129,53,14,39,76,53,23
S01009118,All households,215,197,43,154,18,13,5
S01009118,Whole house or bungalow: Total,214,196,43,153,18,13,5
S01009118,Whole house or bungalow: Detached,87,87,26,61,0,0,0
S01009118,Whole house or bungalow: Semi-detached,90,82,13,69,8,5,3
S01009118,Whole house or bungalow: Terraced (including end-terrace),37,27,4,23,10,8,2
S01009118,Flat maisonette or apartment or mobile/temporary accommodation,1,1,0,1,0,0,0
S01009119,All households,297,153,65,88,144,126,18
S01009119,Whole house or bungalow: Total,273,147,62,85,126,110,16
S01009119,Whole house or bungalow: Detached,7,6,3,3,1,0,1
S01009119,Whole house or bungalow: Semi-detached,175,95,33,62,80,66,14
S01009119,Whole house or bungalow: Terraced (including end-terrace),91,46,26,20,45,44,1
S01009119,Flat maisonette or apartment or mobile/temporary accommodation,24,6,3,3,18,16,2
S01009120,All households,233,150,59,91,83,70,13
S01009120,Whole house or bungalow: Total,178,123,48,75,55,46,9
S01009120,Whole house or bungalow: Detached,18,15,6,9,3,3,0
S01009120,Whole house or bungalow: Semi-detached,47,33,14,19,14,11,3
S01009120,Whole house or bungalow: Terraced (including end-terrace),113,75,28,47,38,32,6
S01009120,Flat maisonette or apartment or mobile/temporary accommodation,55,27,11,16,28,24,4
S01009121,All households,380,261,107,154,119,89,30
S01009121,Whole house or bungalow: Total,161,118,54,64,43,36,7
S01009121,Whole house or bungalow: Detached,21,21,7,14,0,0,0
S01009121,Whole house or bungalow: Semi-detached,62,46,22,24,16,12,4
S01009121,Whole house or bungalow: Terraced (including end-terrace),78,51,25,26,27,24,3
S01009121,Flat maisonette or apartment or mobile/temporary accommodation,219,143,53,90,76,53,23
S01009122,All households,417,269,116,153,148,97,51
S01009122,Whole house or bungalow: Total,328,232,102,130,96,53,43
S01009122,Whole house or bungalow: Detached,138,110,53,57,28,5,23
S01009122,Whole house or bungalow: Semi-detached,98,66,26,40,32,16,16
S01009122,Whole house or bungalow: Terraced (including end-terrace),92,56,23,33,36,32,4
S01009122,Flat maisonette or apartment or mobile/temporary accommodation,89,37,14,23,52,44,8
S01009123,All households,215,178,45,133,37,25,12
S01009123,Whole house or bungalow: Total,203,177,45,132,26,18,8
S01009123,Whole house or bungalow: Detached,117,113,28,85,4,0,4
S01009123,Whole house or bungalow: Semi-detached,35,30,11,19,5,4,1
S01009123,Whole house or bungalow: Terraced (including end-terrace),51,34,6,28,17,14,3
S01009123,Flat maisonette or apartment or mobile/temporary accommodation,12,1,0,1,11,7,4
S01009124,All households,217,150,26,124,67,49,18
S01009124,Whole house or bungalow: Total,209,146,25,121,63,47,16
S01009124,Whole house or bungalow: Detached,80,73,5,68,7,2,5
S01009124,Whole house or bungalow: Semi-detached,75,46,8,38,29,21,8
S01009124,Whole house or bungalow: Terraced (including end-terrace),54,27,12,15,27,24,3
S01009124,Flat maisonette or apartment or mobile/temporary accommodation,8,4,1,3,4,2,2
S01009125,All households,301,205,89,116,96,83,13
S01009125,Whole house or bungalow: Total,243,179,80,99,64,52,12
S01009125,Whole house or bungalow: Detached,90,85,45,40,5,1,4
S01009125,Whole house or bungalow: Semi-detached,111,73,30,43,38,32,6
S01009125,Whole house or bungalow: Terraced (including end-terrace),42,21,5,16,21,19,2
S01009125,Flat maisonette or apartment or mobile/temporary accommodation,58,26,9,17,32,31,1
S01009126,All households,281,69,25,44,212,195,17
S01009126,Whole house or bungalow: Total,117,43,13,30,74,68,6
S01009126,Whole house or bungalow: Detached,15,6,2,4,9,6,3
S01009126,Whole house or bungalow: Semi-detached,33,9,3,6,24,22,2
S01009126,Whole house or bungalow: Terraced (including end-terrace),69,28,8,20,41,40,1
S01009126,Flat maisonette or apartment or mobile/temporary accommodation,164,26,12,14,138,127,11
S01009127,All households,269,75,26,49,194,190,4
S01009127,Whole house or bungalow: Total,177,69,22,47,108,106,2
S01009127,Whole house or bungalow: Detached,14,10,2,8,4,3,1
S01009127,Whole house or bungalow: Semi-detached,56,16,5,11,40,39,1
S01009127,Whole house or bungalow: Terraced (including end-terrace),107,43,15,28,64,64,0
S01009127,Flat maisonette or apartment or mobile/temporary accommodation,92,6,4,2,86,84,2
S01009128,All households,467,132,51,81,335,289,46
S01009128,Whole house or bungalow: Total,82,44,23,21,38,34,4
S01009128,Whole house or bungalow: Detached,15,7,2,5,8,7,1
S01009128,Whole house or bungalow: Semi-detached,50,29,17,12,21,19,2
S01009128,Whole house or bungalow: Terraced (including end-terrace),17,8,4,4,9,8,1
S01009128,Flat maisonette or apartment or mobile/temporary accommodation,385,88,28,60,297,255,42
S01009129,All households,205,83,33,50,122,111,11
S01009129,Whole house or bungalow: Total,78,41,15,26,37,32,5
S01009129,Whole house or bungalow: Detached,4,4,1,3,0,0,0
S01009129,Whole house or bungalow: Semi-detached,64,30,11,19,34,30,4
S01009129,Whole house or bungalow: Terraced (including end-terrace),10,7,3,4,3,2,1
S01009129,Flat maisonette or apartment or mobile/temporary accommodation,127,42,18,24,85,79,6
S01009130,All households,271,163,38,125,108,97,11
S01009130,Whole house or bungalow: Total,166,134,28,106,32,26,6
S01009130,Whole house or bungalow: Detached,68,63,4,59,5,0,5
S01009130,Whole house or bungalow: Semi-detached,53,43,13,30,10,9,1
S01009130,Whole house or bungalow: Terraced (including end-terrace),45,28,11,17,17,17,0
S01009130,Flat maisonette or apartment or mobile/temporary accommodation,105,29,10,19,76,71,5
S01009131,All households,260,143,71,72,117,82,35
S01009131,Whole house or bungalow: Total,68,53,31,22,15,14,1
S01009131,Whole house or bungalow: Detached,7,6,2,4,1,1,0
S01009131,Whole house or bungalow: Semi-detached,53,42,28,14,11,10,1
S01009131,Whole house or bungalow: Terraced (including end-terrace),8,5,1,4,3,3,0
S01009131,Flat maisonette or apartment or mobile/temporary accommodation,192,90,40,50,102,68,34
S01009132,All households,329,267,74,193,62,21,41
S01009132,Whole house or bungalow: Total,244,227,65,162,17,4,13
S01009132,Whole house or bungalow: Detached,128,123,45,78,5,0,5
S01009132,Whole house or bungalow: Semi-detached,74,68,16,52,6,3,3
S01009132,Whole house or bungalow: Terraced (including end-terrace),42,36,4,32,6,1,5
S01009132,Flat maisonette or apartment or mobile/temporary accommodation,85,40,9,31,45,17,28
S01009133,All households,301,144,51,93,157,118,39
S01009133,Whole house or bungalow: Total,57,42,18,24,15,12,3
S01009133,Whole house or bungalow: Detached,6,5,2,3,1,0,1
S01009133,Whole house or bungalow: Semi-detached,44,32,15,17,12,10,2
S01009133,Whole house or bungalow: Terraced (including end-terrace),7,5,1,4,2,2,0
S01009133,Flat maisonette or apartment or mobile/temporary accommodation,244,102,33,69,142,106,36
S01009134,All households,409,305,143,162,104,74,30
S01009134,Whole house or bungalow: Total,263,232,113,119,31,21,10
S01009134,Whole house or bungalow: Detached,21,17,9,8,4,3,1
S01009134,Whole house or bungalow: Semi-detached,236,213,104,109,23,14,9
S01009134,Whole house or bungalow: Terraced (including end-terrace),6,2,0,2,4,4,0
S01009134,Flat maisonette or apartment or mobile/temporary accommodation,146,73,30,43,73,53,20
S01009135,All households,264,184,39,145,80,10,70
S01009135,Whole house or bungalow: Total,144,128,24,104,16,3,13
S01009135,Whole house or bungalow: Detached,49,45,10,35,4,0,4
S01009135,Whole house or bungalow: Semi-detached,69,63,9,54,6,1,5
S01009135,Whole house or bungalow: Terraced (including end-terrace),26,20,5,15,6,2,4
S01009135,Flat maisonette or apartment or mobile/temporary accommodation,120,56,15,41,64,7,57
S01009136,All households,275,198,31,167,77,13,64
S01009136,Whole house or bungalow: Total,177,160,26,134,17,2,15
S01009136,Whole house or bungalow: Detached,152,140,22,118,12,0,12
S01009136,Whole house or bungalow: Semi-detached,14,13,4,9,1,0,1
S01009136,Whole house or bungalow: Terraced (including end-terrace),11,7,0,7,4,2,2
S01009136,Flat maisonette or apartment or mobile/temporary accommodation,98,38,5,33,60,11,49
S01009137,All households,203,191,24,167,12,4,8
S01009137,Whole house or bungalow: Total,196,186,22,164,10,2,8
S01009137,Whole house or bungalow: Detached,186,179,21,158,7,0,7
S01009137,Whole house or bungalow: Semi-detached,8,6,0,6,2,1,1
S01009137,Whole house or bungalow: Terraced (including end-terrace),2,1,1,0,1,1,0
S01009137,Flat maisonette or apartment or mobile/temporary accommodation,7,5,2,3,2,2,0
S01009138,All households,395,323,125,198,72,11,61
S01009138,Whole house or bungalow: Total,294,262,100,162,32,2,30
S01009138,Whole house or bungalow: Detached,36,32,14,18,4,0,4
S01009138,Whole house or bungalow: Semi-detached,160,150,64,86,10,1,9
S01009138,Whole house or bungalow: Terraced (including end-terrace),98,80,22,58,18,1,17
S01009138,Flat maisonette or apartment or mobile/temporary accommodation,101,61,25,36,40,9,31
S01009139,All households,239,77,28,49,162,115,47
S01009139,Whole house or bungalow: Total,49,37,14,23,12,7,5
S01009139,Whole house or bungalow: Detached,13,13,4,9,0,0,0
S01009139,Whole house or bungalow: Semi-detached,19,13,8,5,6,4,2
S01009139,Whole house or bungalow: Terraced (including end-terrace),17,11,2,9,6,3,3
S01009139,Flat maisonette or apartment or mobile/temporary accommodation,190,40,14,26,150,108,42
S01009140,All households,381,173,65,108,208,155,53
S01009140,Whole house or bungalow: Total,135,114,42,72,21,14,7
S01009140,Whole house or bungalow: Detached,9,8,2,6,1,1,0
S01009140,Whole house or bungalow: Semi-detached,64,57,16,41,7,4,3
S01009140,Whole house or bungalow: Terraced (including end-terrace),62,49,24,25,13,9,4
S01009140,Flat maisonette or apartment or mobile/temporary accommodation,246,59,23,36,187,141,46
S01009141,All households,473,152,40,112,321,250,71
S01009141,Whole house or bungalow: Total,142,90,24,66,52,45,7
S01009141,Whole house or bungalow: Detached,8,4,0,4,4,4,0
S01009141,Whole house or bungalow: Semi-detached,89,56,14,42,33,29,4
S01009141,Whole house or bungalow: Terraced (including end-terrace),45,30,10,20,15,12,3
S01009141,Flat maisonette or apartment or mobile/temporary accommodation,331,62,16,46,269,205,64
S01009142,All households,393,204,105,99,189,72,117
S01009142,Whole house or bungalow: Total,99,76,43,33,23,7,16
S01009142,Whole house or bungalow: Detached,15,14,5,9,1,0,1
S01009142,Whole house or bungalow: Semi-detached,33,27,16,11,6,4,2
S01009142,Whole house or bungalow: Terraced (including end-terrace),51,35,22,13,16,3,13
S01009142,Flat maisonette or apartment or mobile/temporary accommodation,294,128,62,66,166,65,101
S01009143,All households,312,108,36,72,204,175,29
S01009143,Whole house or bungalow: Total,62,36,12,24,26,20,6
S01009143,Whole house or bungalow: Detached,6,1,1,0,5,3,2
S01009143,Whole house or bungalow: Semi-detached,39,26,9,17,13,11,2
S01009143,Whole house or bungalow: Terraced (including end-terrace),17,9,2,7,8,6,2
S01009143,Flat maisonette or apartment or mobile/temporary accommodation,250,72,24,48,178,155,23
S01009144,All households,306,224,37,187,82,5,77
S01009144,Whole house or bungalow: Total,186,168,29,139,18,1,17
S01009144,Whole house or bungalow: Detached,80,75,16,59,5,1,4
S01009144,Whole house or bungalow: Semi-detached,48,44,4,40,4,0,4
S01009144,Whole house or bungalow: Terraced (including end-terrace),58,49,9,40,9,0,9
S01009144,Flat maisonette or apartment or mobile/temporary accommodation,120,56,8,48,64,4,60
S01009145,All households,497,321,146,175,176,145,31
S01009145,Whole house or bungalow: Total,287,236,113,123,51,37,14
S01009145,Whole house or bungalow: Detached,34,27,12,15,7,3,4
S01009145,Whole house or bungalow: Semi-detached,96,68,27,41,28,21,7
S01009145,Whole house or bungalow: Terraced (including end-terrace),157,141,74,67,16,13,3
S01009145,Flat maisonette or apartment or mobile/temporary accommodation,210,85,33,52,125,108,17
S01009146,All households,417,203,80,123,214,116,98
S01009146,Whole house or bungalow: Total,159,114,46,68,45,35,10
S01009146,Whole house or bungalow: Detached,9,7,4,3,2,0,2
S01009146,Whole house or bungalow: Semi-detached,126,94,36,58,32,27,5
S01009146,Whole house or bungalow: Terraced (including end-terrace),24,13,6,7,11,8,3
S01009146,Flat maisonette or apartment or mobile/temporary accommodation,258,89,34,55,169,81,88
S01009147,All households,353,163,79,84,190,161,29
S01009147,Whole house or bungalow: Total,180,121,63,58,59,48,11
S01009147,Whole house or bungalow: Detached,4,4,1,3,0,0,0
S01009147,Whole house or bungalow: Semi-detached,104,72,35,37,32,28,4
S01009147,Whole house or bungalow: Terraced (including end-terrace),72,45,27,18,27,20,7
S01009147,Flat maisonette or apartment or mobile/temporary accommodation,173,42,16,26,131,113,18
S01009148,All households,260,153,69,84,107,98,9
S01009148,Whole house or bungalow: Total,218,143,65,78,75,69,6
S01009148,Whole house or bungalow: Detached,9,9,4,5,0,0,0
S01009148,Whole house or bungalow: Semi-detached,112,77,35,42,35,31,4
S01009148,Whole house or bungalow: Terraced (including end-terrace),97,57,26,31,40,38,2
S01009148,Flat maisonette or apartment or mobile/temporary accommodation,42,10,4,6,32,29,3
S01009149,All households,384,271,128,143,113,39,74
S01009149,Whole house or bungalow: Total,188,167,77,90,21,7,14
S01009149,Whole house or bungalow: Detached,98,93,40,53,5,0,5
S01009149,Whole house or bungalow: Semi-detached,86,73,36,37,13,5,8
S01009149,Whole house or bungalow: Terraced (including end-terrace),4,1,1,0,3,2,1
S01009149,Flat maisonette or apartment or mobile/temporary accommodation,196,104,51,53,92,32,60
S01009150,All households,574,99,91,8,475,464,11
S01009150,Whole house or bungalow: Total,20,17,12,5,3,2,1
S01009150,Whole house or bungalow: Detached,7,6,3,3,1,0,1
S01009150,Whole house or bungalow: Semi-detached,9,7,7,0,2,2,0
S01009150,Whole house or bungalow: Terraced (including end-terrace),4,4,2,2,0,0,0
S01009150,Flat maisonette or apartment or mobile/temporary accommodation,554,82,79,3,472,462,10
S01009151,All households,474,234,119,115,240,164,76
S01009151,Whole house or bungalow: Total,174,155,72,83,19,9,10
S01009151,Whole house or bungalow: Detached,24,21,7,14,3,0,3
S01009151,Whole house or bungalow: Semi-detached,121,110,55,55,11,8,3
S01009151,Whole house or bungalow: Terraced (including end-terrace),29,24,10,14,5,1,4
S01009151,Flat maisonette or apartment or mobile/temporary accommodation,300,79,47,32,221,155,66
S01009152,All households,462,145,66,79,317,161,156
S01009152,Whole house or bungalow: Total,48,41,22,19,7,0,7
S01009152,Whole house or bungalow: Detached,18,16,7,9,2,0,2
S01009152,Whole house or bungalow: Semi-detached,11,8,4,4,3,0,3
S01009152,Whole house or bungalow: Terraced (including end-terrace),19,17,11,6,2,0,2
S01009152,Flat maisonette or apartment or mobile/temporary accommodation,414,104,44,60,310,161,149
S01009153,All households,266,163,67,96,103,8,95
S01009153,Whole house or bungalow: Total,60,52,29,23,8,2,6
S01009153,Whole house or bungalow: Detached,11,11,6,5,0,0,0
S01009153,Whole house or bungalow: Semi-detached,41,37,21,16,4,1,3
S01009153,Whole house or bungalow: Terraced (including end-terrace),8,4,2,2,4,1,3
S01009153,Flat maisonette or apartment or mobile/temporary accommodation,206,111,38,73,95,6,89
S01009154,All households,438,334,189,145,104,12,92
S01009154,Whole house or bungalow: Total,239,220,122,98,19,5,14
S01009154,Whole house or bungalow: Detached,124,119,69,50,5,0,5
S01009154,Whole house or bungalow: Semi-detached,111,98,51,47,13,4,9
S01009154,Whole house or bungalow: Terraced (including end-terrace),4,3,2,1,1,1,0
S01009154,Flat maisonette or apartment or mobile/temporary accommodation,199,114,67,47,85,7,78
S01009155,All households,234,191,98,93,43,10,33
S01009155,Whole house or bungalow: Total,147,136,72,64,11,3,8
S01009155,Whole house or bungalow: Detached,48,45,21,24,3,0,3
S01009155,Whole house or bungalow: Semi-detached,92,87,49,38,5,1,4
S01009155,Whole house or bungalow: Terraced (including end-terrace),7,4,2,2,3,2,1
S01009155,Flat maisonette or apartment or mobile/temporary accommodation,87,55,26,29,32,7,25
S01009156,All households,247,214,119,95,33,12,21
S01009156,Whole house or bungalow: Total,209,191,105,86,18,7,11
S01009156,Whole house or bungalow: Detached,142,136,82,54,6,0,6
S01009156,Whole house or bungalow: Semi-detached,52,45,18,27,7,4,3
S01009156,Whole house or bungalow: Terraced (including end-terrace),15,10,5,5,5,3,2
S01009156,Flat maisonette or apartment or mobile/temporary accommodation,38,23,14,9,15,5,10
S01009157,All households,366,292,140,152,74,48,26
S01009157,Whole house or bungalow: Total,339,280,132,148,59,40,19
S01009157,Whole house or bungalow: Detached,28,22,11,11,6,3,3
S01009157,Whole house or bungalow: Semi-detached,131,107,52,55,24,14,10
S01009157,Whole house or bungalow: Terraced (including end-terrace),180,151,69,82,29,23,6
S01009157,Flat maisonette or apartment or mobile/temporary accommodation,27,12,8,4,15,8,7
S01009158,All households,277,187,78,109,90,65,25
S01009158,Whole house or bungalow: Total,180,146,63,83,34,25,9
S01009158,Whole house or bungalow: Detached,10,7,5,2,3,1,2
S01009158,Whole house or bungalow: Semi-detached,52,40,18,22,12,10,2
S01009158,Whole house or bungalow: Terraced (including end-terrace),118,99,40,59,19,14,5
S01009158,Flat maisonette or apartment or mobile/temporary accommodation,97,41,15,26,56,40,16
S01009159,All households,250,76,28,48,174,161,13
S01009159,Whole house or bungalow: Total,94,29,13,16,65,61,4
S01009159,Whole house or bungalow: Detached,7,4,2,2,3,3,0
S01009159,Whole house or bungalow: Semi-detached,40,16,8,8,24,20,4
S01009159,Whole house or bungalow: Terraced (including end-terrace),47,9,3,6,38,38,0
S01009159,Flat maisonette or apartment or mobile/temporary accommodation,156,47,15,32,109,100,9
S01009160,All households,327,143,56,87,184,147,37
S01009160,Whole house or bungalow: Total,124,91,40,51,33,16,17
S01009160,Whole house or bungalow: Detached,20,19,6,13,1,0,1
S01009160,Whole house or bungalow: Semi-detached,82,61,31,30,21,13,8
S01009160,Whole house or bungalow: Terraced (including end-terrace),22,11,3,8,11,3,8
S01009160,Flat maisonette or apartment or mobile/temporary accommodation,203,52,16,36,151,131,20
S01009161,All households,349,114,48,66,235,181,54
S01009161,Whole house or bungalow: Total,86,50,23,27,36,23,13
S01009161,Whole house or bungalow: Detached,8,4,1,3,4,3,1
S01009161,Whole house or bungalow: Semi-detached,25,14,3,11,11,6,5
S01009161,Whole house or bungalow: Terraced (including end-terrace),53,32,19,13,21,14,7
S01009161,Flat maisonette or apartment or mobile/temporary accommodation,263,64,25,39,199,158,41
S01009162,All households,436,185,69,116,251,159,92
S01009162,Whole house or bungalow: Total,95,70,32,38,25,15,10
S01009162,Whole house or bungalow: Detached,14,11,7,4,3,0,3
S01009162,Whole house or bungalow: Semi-detached,60,47,21,26,13,8,5
S01009162,Whole house or bungalow: Terraced (including end-terrace),21,12,4,8,9,7,2
S01009162,Flat maisonette or apartment or mobile/temporary accommodation,341,115,37,78,226,144,82
S01009163,All households,233,166,95,71,67,31,36
S01009163,Whole house or bungalow: Total,111,100,61,39,11,2,9
S01009163,Whole house or bungalow: Detached,22,21,14,7,1,0,1
S01009163,Whole house or bungalow: Semi-detached,72,63,38,25,9,1,8
S01009163,Whole house or bungalow: Terraced (including end-terrace),17,16,9,7,1,1,0
S01009163,Flat maisonette or apartment or mobile/temporary accommodation,122,66,34,32,56,29,27
S01009164,All households,307,196,83,113,111,96,15
S01009164,Whole house or bungalow: Total,302,194,83,111,108,93,15
S01009164,Whole house or bungalow: Detached,8,6,3,3,2,2,0
S01009164,Whole house or bungalow: Semi-detached,92,68,26,42,24,20,4
S01009164,Whole house or bungalow: Terraced (including end-terrace),202,120,54,66,82,71,11
S01009164,Flat maisonette or apartment or mobile/temporary accommodation,5,2,0,2,3,3,0
S01009165,All households,324,134,63,71,190,148,42
S01009165,Whole house or bungalow: Total,195,109,53,56,86,67,19
S01009165,Whole house or bungalow: Detached,4,2,0,2,2,1,1
S01009165,Whole house or bungalow: Semi-detached,77,46,23,23,31,22,9
S01009165,Whole house or bungalow: Terraced (including end-terrace),114,61,30,31,53,44,9
S01009165,Flat maisonette or apartment or mobile/temporary accommodation,129,25,10,15,104,81,23
S01009166,All households,399,151,53,98,248,227,21
S01009166,Whole house or bungalow: Total,207,121,41,80,86,71,15
S01009166,Whole house or bungalow: Detached,10,4,0,4,6,5,1
S01009166,Whole house or bungalow: Semi-detached,114,59,25,34,55,47,8
S01009166,Whole house or bungalow: Terraced (including end-terrace),83,58,16,42,25,19,6
S01009166,Flat maisonette or apartment or mobile/temporary accommodation,192,30,12,18,162,156,6
S01009167,All households,198,100,30,70,98,94,4
S01009167,Whole house or bungalow: Total,174,91,28,63,83,81,2
S01009167,Whole house or bungalow: Detached,5,1,1,0,4,2,2
S01009167,Whole house or bungalow: Semi-detached,78,39,13,26,39,39,0
S01009167,Whole house or bungalow: Terraced (including end-terrace),91,51,14,37,40,40,0
S01009167,Flat maisonette or apartment or mobile/temporary accommodation,24,9,2,7,15,13,2
S01009168,All households,297,268,162,106,29,2,27
S01009168,Whole house or bungalow: Total,258,246,152,94,12,0,12
S01009168,Whole house or bungalow: Detached,121,121,85,36,0,0,0
S01009168,Whole house or bungalow: Semi-detached,96,93,47,46,3,0,3
S01009168,Whole house or bungalow: Terraced (including end-terrace),41,32,20,12,9,0,9
S01009168,Flat maisonette or apartment or mobile/temporary accommodation,39,22,10,12,17,2,15
S01009169,All households,420,176,93,83,244,231,13
S01009169,Whole house or bungalow: Total,167,133,79,54,34,28,6
S01009169,Whole house or bungalow: Detached,31,30,21,9,1,0,1
S01009169,Whole house or bungalow: Semi-detached,53,35,22,13,18,16,2
S01009169,Whole house or bungalow: Terraced (including end-terrace),83,68,36,32,15,12,3
S01009169,Flat maisonette or apartment or mobile/temporary accommodation,253,43,14,29,210,203,7
S01009170,All households,282,165,56,109,117,88,29
S01009170,Whole house or bungalow: Total,253,157,55,102,96,75,21
S01009170,Whole house or bungalow: Detached,10,8,4,4,2,2,0
S01009170,Whole house or bungalow: Semi-detached,43,25,7,18,18,11,7
S01009170,Whole house or bungalow: Terraced (including end-terrace),200,124,44,80,76,62,14
S01009170,Flat maisonette or apartment or mobile/temporary accommodation,29,8,1,7,21,13,8
S01009171,All households,297,179,51,128,118,99,19
S01009171,Whole house or bungalow: Total,192,148,40,108,44,31,13
S01009171,Whole house or bungalow: Detached,25,25,10,15,0,0,0
S01009171,Whole house or bungalow: Semi-detached,31,19,3,16,12,6,6
S01009171,Whole house or bungalow: Terraced (including end-terrace),136,104,27,77,32,25,7
S01009171,Flat maisonette or apartment or mobile/temporary accommodation,105,31,11,20,74,68,6
S01009172,All households,288,254,123,131,34,3,31
S01009172,Whole house or bungalow: Total,223,214,109,105,9,1,8
S01009172,Whole house or bungalow: Detached,111,109,61,48,2,0,2
S01009172,Whole house or bungalow: Semi-detached,110,104,48,56,6,0,6
S01009172,Whole house or bungalow: Terraced (including end-terrace),2,1,0,1,1,1,0
S01009172,Flat maisonette or apartment or mobile/temporary accommodation,65,40,14,26,25,2,23
S01009173,All households,309,278,128,150,31,13,18
S01009173,Whole house or bungalow: Total,292,266,122,144,26,8,18
S01009173,Whole house or bungalow: Detached,142,135,63,72,7,1,6
S01009173,Whole house or bungalow: Semi-detached,101,91,47,44,10,3,7
S01009173,Whole house or bungalow: Terraced (including end-terrace),49,40,12,28,9,4,5
S01009173,Flat maisonette or apartment or mobile/temporary accommodation,17,12,6,6,5,5,0
S01009174,All households,162,151,21,130,11,4,7
S01009174,Whole house or bungalow: Total,154,149,21,128,5,1,4
S01009174,Whole house or bungalow: Detached,133,129,19,110,4,0,4
S01009174,Whole house or bungalow: Semi-detached,20,19,1,18,1,1,0
S01009174,Whole house or bungalow: Terraced (including end-terrace),1,1,1,0,0,0,0
S01009174,Flat maisonette or apartment or mobile/temporary accommodation,8,2,0,2,6,3,3
S01009175,All households,300,285,67,218,15,6,9
S01009175,Whole house or bungalow: Total,296,282,65,217,14,6,8
S01009175,Whole house or bungalow: Detached,219,214,57,157,5,1,4
S01009175,Whole house or bungalow: Semi-detached,68,64,8,56,4,2,2
S01009175,Whole house or bungalow: Terraced (including end-terrace),9,4,0,4,5,3,2
S01009175,Flat maisonette or apartment or mobile/temporary accommodation,4,3,2,1,1,0,1
S01009176,All households,400,375,207,168,25,5,20
S01009176,Whole house or bungalow: Total,394,372,205,167,22,2,20
S01009176,Whole house or bungalow: Detached,277,262,134,128,15,0,15
S01009176,Whole house or bungalow: Semi-detached,106,100,66,34,6,1,5
S01009176,Whole house or bungalow: Terraced (including end-terrace),11,10,5,5,1,1,0
S01009176,Flat maisonette or apartment or mobile/temporary accommodation,6,3,2,1,3,3,0
S01009177,All households,367,198,72,126,169,145,24
S01009177,Whole house or bungalow: Total,280,191,71,120,89,71,18
S01009177,Whole house or bungalow: Detached,24,20,10,10,4,3,1
S01009177,Whole house or bungalow: Semi-detached,72,50,22,28,22,18,4
S01009177,Whole house or bungalow: Terraced (including end-terrace),184,121,39,82,63,50,13
S01009177,Flat maisonette or apartment or mobile/temporary accommodation,87,7,1,6,80,74,6
S01009178,All households,320,150,43,107,170,156,14
S01009178,Whole house or bungalow: Total,233,139,41,98,94,80,14
S01009178,Whole house or bungalow: Detached,17,12,5,7,5,3,2
S01009178,Whole house or bungalow: Semi-detached,53,33,12,21,20,19,1
S01009178,Whole house or bungalow: Terraced (including end-terrace),163,94,24,70,69,58,11
S01009178,Flat maisonette or apartment or mobile/temporary accommodation,87,11,2,9,76,76,0
S01009179,All households,273,183,56,127,90,72,18
S01009179,Whole house or bungalow: Total,252,178,55,123,74,57,17
S01009179,Whole house or bungalow: Detached,10,7,3,4,3,1,2
S01009179,Whole house or bungalow: Semi-detached,34,20,4,16,14,13,1
S01009179,Whole house or bungalow: Terraced (including end-terrace),208,151,48,103,57,43,14
S01009179,Flat maisonette or apartment or mobile/temporary accommodation,21,5,1,4,16,15,1
S01009180,All households,437,263,111,152,174,148,26
S01009180,Whole house or bungalow: Total,298,216,83,133,82,70,12
S01009180,Whole house or bungalow: Detached,7,5,1,4,2,2,0
S01009180,Whole house or bungalow: Semi-detached,95,70,27,43,25,23,2
S01009180,Whole house or bungalow: Terraced (including end-terrace),196,141,55,86,55,45,10
S01009180,Flat maisonette or apartment or mobile/temporary accommodation,139,47,28,19,92,78,14
S01009181,All households,361,201,96,105,160,142,18
S01009181,Whole house or bungalow: Total,312,184,89,95,128,111,17
S01009181,Whole house or bungalow: Detached,60,51,30,21,9,2,7
S01009181,Whole house or bungalow: Semi-detached,167,92,41,51,75,71,4
S01009181,Whole house or bungalow: Terraced (including end-terrace),85,41,18,23,44,38,6
S01009181,Flat maisonette or apartment or mobile/temporary accommodation,49,17,7,10,32,31,1
S01009182,All households,419,346,122,224,73,52,21
S01009182,Whole house or bungalow: Total,390,334,119,215,56,39,17
S01009182,Whole house or bungalow: Detached,159,148,56,92,11,4,7
S01009182,Whole house or bungalow: Semi-detached,146,130,43,87,16,12,4
S01009182,Whole house or bungalow: Terraced (including end-terrace),85,56,20,36,29,23,6
S01009182,Flat maisonette or apartment or mobile/temporary accommodation,29,12,3,9,17,13,4
S01009183,All households,267,257,71,186,10,2,8
S01009183,Whole house or bungalow: Total,258,250,69,181,8,2,6
S01009183,Whole house or bungalow: Detached,192,188,53,135,4,0,4
S01009183,Whole house or bungalow: Semi-detached,47,45,10,35,2,1,1
S01009183,Whole house or bungalow: Terraced (including end-terrace),19,17,6,11,2,1,1
S01009183,Flat maisonette or apartment or mobile/temporary accommodation,9,7,2,5,2,0,2
S01009184,All households,376,180,76,104,196,176,20
S01009184,Whole house or bungalow: Total,293,170,72,98,123,109,14
S01009184,Whole house or bungalow: Detached,100,85,46,39,15,8,7
S01009184,Whole house or bungalow: Semi-detached,88,49,15,34,39,36,3
S01009184,Whole house or bungalow: Terraced (including end-terrace),105,36,11,25,69,65,4
S01009184,Flat maisonette or apartment or mobile/temporary accommodation,83,10,4,6,73,67,6
S01009185,All households,354,182,74,108,172,151,21
S01009185,Whole house or bungalow: Total,327,176,69,107,151,134,17
S01009185,Whole house or bungalow: Detached,83,72,32,40,11,5,6
S01009185,Whole house or bungalow: Semi-detached,143,74,30,44,69,64,5
S01009185,Whole house or bungalow: Terraced (including end-terrace),101,30,7,23,71,65,6
S01009185,Flat maisonette or apartment or mobile/temporary accommodation,27,6,5,1,21,17,4
S01009186,All households,312,198,74,124,114,99,15
S01009186,Whole house or bungalow: Total,263,176,68,108,87,74,13
S01009186,Whole house or bungalow: Detached,102,94,34,60,8,2,6
S01009186,Whole house or bungalow: Semi-detached,89,45,18,27,44,41,3
S01009186,Whole house or bungalow: Terraced (including end-terrace),72,37,16,21,35,31,4
S01009186,Flat maisonette or apartment or mobile/temporary accommodation,49,22,6,16,27,25,2
S01009187,All households,215,174,84,90,41,20,21
S01009187,Whole house or bungalow: Total,201,165,79,86,36,20,16
S01009187,Whole house or bungalow: Detached,127,115,57,58,12,1,11
S01009187,Whole house or bungalow: Semi-detached,43,26,14,12,17,15,2
S01009187,Whole house or bungalow: Terraced (including end-terrace),31,24,8,16,7,4,3
S01009187,Flat maisonette or apartment or mobile/temporary accommodation,14,9,5,4,5,0,5
S01009188,All households,383,217,86,131,166,151,15
S01009188,Whole house or bungalow: Total,326,200,81,119,126,115,11
S01009188,Whole house or bungalow: Detached,124,113,55,58,11,6,5
S01009188,Whole house or bungalow: Semi-detached,119,61,15,46,58,56,2
S01009188,Whole house or bungalow: Terraced (including end-terrace),83,26,11,15,57,53,4
S01009188,Flat maisonette or apartment or mobile/temporary accommodation,57,17,5,12,40,36,4
S01009189,All households,336,159,71,88,177,169,8
S01009189,Whole house or bungalow: Total,233,139,60,79,94,91,3
S01009189,Whole house or bungalow: Detached,27,23,13,10,4,2,2
S01009189,Whole house or bungalow: Semi-detached,150,89,37,52,61,60,1
S01009189,Whole house or bungalow: Terraced (including end-terrace),56,27,10,17,29,29,0
S01009189,Flat maisonette or apartment or mobile/temporary accommodation,103,20,11,9,83,78,5
S01009190,All households,309,269,75,194,40,23,17
S01009190,Whole house or bungalow: Total,295,261,75,186,34,19,15
S01009190,Whole house or bungalow: Detached,165,161,55,106,4,0,4
S01009190,Whole house or bungalow: Semi-detached,76,68,14,54,8,2,6
S01009190,Whole house or bungalow: Terraced (including end-terrace),54,32,6,26,22,17,5
S01009190,Flat maisonette or apartment or mobile/temporary accommodation,14,8,0,8,6,4,2
S01009191,All households,229,216,31,185,13,7,6
S01009191,Whole house or bungalow: Total,227,215,30,185,12,6,6
S01009191,Whole house or bungalow: Detached,189,185,27,158,4,0,4
S01009191,Whole house or bungalow: Semi-detached,23,16,2,14,7,5,2
S01009191,Whole house or bungalow: Terraced (including end-terrace),15,14,1,13,1,1,0
S01009191,Flat maisonette or apartment or mobile/temporary accommodation,2,1,1,0,1,1,0
S01009192,All households,258,223,91,132,35,17,18
S01009192,Whole house or bungalow: Total,236,214,87,127,22,8,14
S01009192,Whole house or bungalow: Detached,56,53,19,34,3,0,3
S01009192,Whole house or bungalow: Semi-detached,105,95,44,51,10,4,6
S01009192,Whole house or bungalow: Terraced (including end-terrace),75,66,24,42,9,4,5
S01009192,Flat maisonette or apartment or mobile/temporary accommodation,22,9,4,5,13,9,4
S01009193,All households,127,118,20,98,9,6,3
S01009193,Whole house or bungalow: Total,123,117,20,97,6,3,3
S01009193,Whole house or bungalow: Detached,60,59,9,50,1,0,1
S01009193,Whole house or bungalow: Semi-detached,33,31,7,24,2,1,1
S01009193,Whole house or bungalow: Terraced (including end-terrace),30,27,4,23,3,2,1
S01009193,Flat maisonette or apartment or mobile/temporary accommodation,4,1,0,1,3,3,0
S01009194,All households,323,303,162,141,20,5,15
S01009194,Whole house or bungalow: Total,316,303,162,141,13,2,11
S01009194,Whole house or bungalow: Detached,231,226,126,100,5,1,4
S01009194,Whole house or bungalow: Semi-detached,79,72,33,39,7,0,7
S01009194,Whole house or bungalow: Terraced (including end-terrace),6,5,3,2,1,1,0
S01009194,Flat maisonette or apartment or mobile/temporary accommodation,7,0,0,0,7,3,4
S01009195,All households,353,307,80,227,46,13,33
S01009195,Whole house or bungalow: Total,305,277,73,204,28,4,24
S01009195,Whole house or bungalow: Detached,100,95,26,69,5,0,5
S01009195,Whole house or bungalow: Semi-detached,127,116,34,82,11,2,9
S01009195,Whole house or bungalow: Terraced (including end-terrace),78,66,13,53,12,2,10
S01009195,Flat maisonette or apartment or mobile/temporary accommodation,48,30,7,23,18,9,9
S01009196,All households,298,215,107,108,83,63,20
S01009196,Whole house or bungalow: Total,245,184,86,98,61,49,12
S01009196,Whole house or bungalow: Detached,40,37,17,20,3,1,2
S01009196,Whole house or bungalow: Semi-detached,161,119,55,64,42,32,10
S01009196,Whole house or bungalow: Terraced (including end-terrace),44,28,14,14,16,16,0
S01009196,Flat maisonette or apartment or mobile/temporary accommodation,53,31,21,10,22,14,8
S01009197,All households,401,347,117,230,54,25,29
S01009197,Whole house or bungalow: Total,379,343,115,228,36,19,17
S01009197,Whole house or bungalow: Detached,224,215,63,152,9,0,9
S01009197,Whole house or bungalow: Semi-detached,90,82,36,46,8,2,6
S01009197,Whole house or bungalow: Terraced (including end-terrace),65,46,16,30,19,17,2
S01009197,Flat maisonette or apartment or mobile/temporary accommodation,22,4,2,2,18,6,12
S01009198,All households,306,255,111,144,51,39,12
S01009198,Whole house or bungalow: Total,245,230,105,125,15,8,7
S01009198,Whole house or bungalow: Detached,131,126,72,54,5,0,5
S01009198,Whole house or bungalow: Semi-detached,98,93,30,63,5,4,1
S01009198,Whole house or bungalow: Terraced (including end-terrace),16,11,3,8,5,4,1
S01009198,Flat maisonette or apartment or mobile/temporary accommodation,61,25,6,19,36,31,5
S01009199,All households,248,196,59,137,52,40,12
S01009199,Whole house or bungalow: Total,236,189,56,133,47,37,10
S01009199,Whole house or bungalow: Detached,115,110,25,85,5,3,2
S01009199,Whole house or bungalow: Semi-detached,88,57,26,31,31,26,5
S01009199,Whole house or bungalow: Terraced (including end-terrace),33,22,5,17,11,8,3
S01009199,Flat maisonette or apartment or mobile/temporary accommodation,12,7,3,4,5,3,2
S01009200,All households,439,379,162,217,60,47,13
S01009200,Whole house or bungalow: Total,391,370,157,213,21,10,11
S01009200,Whole house or bungalow: Detached,314,306,126,180,8,0,8
S01009200,Whole house or bungalow: Semi-detached,65,59,30,29,6,3,3
S01009200,Whole house or bungalow: Terraced (including end-terrace),12,5,1,4,7,7,0
S01009200,Flat maisonette or apartment or mobile/temporary accommodation,48,9,5,4,39,37,2
S01009201,All households,268,168,54,114,100,76,24
S01009201,Whole house or bungalow: Total,214,154,53,101,60,44,16
S01009201,Whole house or bungalow: Detached,30,29,13,16,1,0,1
S01009201,Whole house or bungalow: Semi-detached,70,56,21,35,14,10,4
S01009201,Whole house or bungalow: Terraced (including end-terrace),114,69,19,50,45,34,11
S01009201,Flat maisonette or apartment or mobile/temporary accommodation,54,14,1,13,40,32,8
S01009202,All households,190,173,50,123,17,11,6
S01009202,Whole house or bungalow: Total,185,171,48,123,14,8,6
S01009202,Whole house or bungalow: Detached,139,135,34,101,4,0,4
S01009202,Whole house or bungalow: Semi-detached,34,32,12,20,2,1,1
S01009202,Whole house or bungalow: Terraced (including end-terrace),12,4,2,2,8,7,1
S01009202,Flat maisonette or apartment or mobile/temporary accommodation,5,2,2,0,3,3,0
S01009203,All households,269,117,53,64,152,141,11
S01009203,Whole house or bungalow: Total,210,110,49,61,100,92,8
S01009203,Whole house or bungalow: Detached,19,15,6,9,4,2,2
S01009203,Whole house or bungalow: Semi-detached,102,55,22,33,47,44,3
S01009203,Whole house or bungalow: Terraced (including end-terrace),89,40,21,19,49,46,3
S01009203,Flat maisonette or apartment or mobile/temporary accommodation,59,7,4,3,52,49,3
S01009204,All households,343,208,66,142,135,118,17
S01009204,Whole house or bungalow: Total,321,199,65,134,122,108,14
S01009204,Whole house or bungalow: Detached,81,74,26,48,7,1,6
S01009204,Whole house or bungalow: Semi-detached,155,90,30,60,65,59,6
S01009204,Whole house or bungalow: Terraced (including end-terrace),85,35,9,26,50,48,2
S01009204,Flat maisonette or apartment or mobile/temporary accommodation,22,9,1,8,13,10,3
S01009205,All households,307,280,97,183,27,2,25
S01009205,Whole house or bungalow: Total,212,203,81,122,9,2,7
S01009205,Whole house or bungalow: Detached,37,37,22,15,0,0,0
S01009205,Whole house or bungalow: Semi-detached,148,143,53,90,5,1,4
S01009205,Whole house or bungalow: Terraced (including end-terrace),27,23,6,17,4,1,3
S01009205,Flat maisonette or apartment or mobile/temporary accommodation,95,77,16,61,18,0,18
S01009206,All households,362,324,124,200,38,10,28
S01009206,Whole house or bungalow: Total,269,252,107,145,17,9,8
S01009206,Whole house or bungalow: Detached,120,119,58,61,1,0,1
S01009206,Whole house or bungalow: Semi-detached,122,116,44,72,6,1,5
S01009206,Whole house or bungalow: Terraced (including end-terrace),27,17,5,12,10,8,2
S01009206,Flat maisonette or apartment or mobile/temporary accommodation,93,72,17,55,21,1,20
S01009207,All households,375,345,178,167,30,3,27
S01009207,Whole house or bungalow: Total,317,304,169,135,13,1,12
S01009207,Whole house or bungalow: Detached,168,167,113,54,1,0,1
S01009207,Whole house or bungalow: Semi-detached,123,115,51,64,8,0,8
S01009207,Whole house or bungalow: Terraced (including end-terrace),26,22,5,17,4,1,3
S01009207,Flat maisonette or apartment or mobile/temporary accommodation,58,41,9,32,17,2,15
S01009208,All households,294,227,131,96,67,45,22
S01009208,Whole house or bungalow: Total,230,203,118,85,27,17,10
S01009208,Whole house or bungalow: Detached,110,100,56,44,10,6,4
S01009208,Whole house or bungalow: Semi-detached,89,81,52,29,8,3,5
S01009208,Whole house or bungalow: Terraced (including end-terrace),31,22,10,12,9,8,1
S01009208,Flat maisonette or apartment or mobile/temporary accommodation,64,24,13,11,40,28,12
S01009209,All households,304,259,145,114,45,13,32
S01009209,Whole house or bungalow: Total,230,216,128,88,14,10,4
S01009209,Whole house or bungalow: Detached,103,102,64,38,1,0,1
S01009209,Whole house or bungalow: Semi-detached,79,75,40,35,4,3,1
S01009209,Whole house or bungalow: Terraced (including end-terrace),48,39,24,15,9,7,2
S01009209,Flat maisonette or apartment or mobile/temporary accommodation,74,43,17,26,31,3,28
S01009210,All households,234,191,86,105,43,19,24
S01009210,Whole house or bungalow: Total,201,175,78,97,26,10,16
S01009210,Whole house or bungalow: Detached,151,139,61,78,12,1,11
S01009210,Whole house or bungalow: Semi-detached,44,35,17,18,9,6,3
S01009210,Whole house or bungalow: Terraced (including end-terrace),6,1,0,1,5,3,2
S01009210,Flat maisonette or apartment or mobile/temporary accommodation,33,16,8,8,17,9,8
S01009211,All households,259,178,70,108,81,50,31
S01009211,Whole house or bungalow: Total,188,134,59,75,54,39,15
S01009211,Whole house or bungalow: Detached,38,34,15,19,4,2,2
S01009211,Whole house or bungalow: Semi-detached,115,81,39,42,34,24,10
S01009211,Whole house or bungalow: Terraced (including end-terrace),35,19,5,14,16,13,3
S01009211,Flat maisonette or apartment or mobile/temporary accommodation,71,44,11,33,27,11,16
S01009212,All households,363,214,105,109,149,133,16
S01009212,Whole house or bungalow: Total,298,190,103,87,108,94,14
S01009212,Whole house or bungalow: Detached,26,21,7,14,5,5,0
S01009212,Whole house or bungalow: Semi-detached,107,69,40,29,38,34,4
S01009212,Whole house or bungalow: Terraced (including end-terrace),165,100,56,44,65,55,10
S01009212,Flat maisonette or apartment or mobile/temporary accommodation,65,24,2,22,41,39,2
S01009213,All households,355,202,69,133,153,139,14
S01009213,Whole house or bungalow: Total,257,177,61,116,80,73,7
S01009213,Whole house or bungalow: Detached,32,29,11,18,3,3,0
S01009213,Whole house or bungalow: Semi-detached,146,99,28,71,47,42,5
S01009213,Whole house or bungalow: Terraced (including end-terrace),79,49,22,27,30,28,2
S01009213,Flat maisonette or apartment or mobile/temporary accommodation,98,25,8,17,73,66,7
S01009214,All households,397,328,130,198,69,57,12
S01009214,Whole house or bungalow: Total,390,326,129,197,64,53,11
S01009214,Whole house or bungalow: Detached,135,129,48,81,6,2,4
S01009214,Whole house or bungalow: Semi-detached,170,146,67,79,24,18,6
S01009214,Whole house or bungalow: Terraced (including end-terrace),85,51,14,37,34,33,1
S01009214,Flat maisonette or apartment or mobile/temporary accommodation,7,2,1,1,5,4,1
S01009215,All households,439,248,117,131,191,173,18
S01009215,Whole house or bungalow: Total,232,188,89,99,44,37,7
S01009215,Whole house or bungalow: Detached,58,55,33,22,3,1,2
S01009215,Whole house or bungalow: Semi-detached,99,76,35,41,23,19,4
S01009215,Whole house or bungalow: Terraced (including end-terrace),75,57,21,36,18,17,1
S01009215,Flat maisonette or apartment or mobile/temporary accommodation,207,60,28,32,147,136,11
S01009216,All households,397,249,100,149,148,123,25
S01009216,Whole house or bungalow: Total,325,223,90,133,102,88,14
S01009216,Whole house or bungalow: Detached,26,21,10,11,5,3,2
S01009216,Whole house or bungalow: Semi-detached,166,123,53,70,43,37,6
S01009216,Whole house or bungalow: Terraced (including end-terrace),133,79,27,52,54,48,6
S01009216,Flat maisonette or apartment or mobile/temporary accommodation,72,26,10,16,46,35,11
S01009217,All households,279,103,31,72,176,165,11
S01009217,Whole house or bungalow: Total,162,75,23,52,87,81,6
S01009217,Whole house or bungalow: Detached,7,3,0,3,4,4,0
S01009217,Whole house or bungalow: Semi-detached,95,46,14,32,49,47,2
S01009217,Whole house or bungalow: Terraced (including end-terrace),60,26,9,17,34,30,4
S01009217,Flat maisonette or apartment or mobile/temporary accommodation,117,28,8,20,89,84,5
S01009218,All households,395,281,149,132,114,85,29
S01009218,Whole house or bungalow: Total,294,247,138,109,47,34,13
S01009218,Whole house or bungalow: Detached,57,55,35,20,2,1,1
S01009218,Whole house or bungalow: Semi-detached,173,149,81,68,24,15,9
S01009218,Whole house or bungalow: Terraced (including end-terrace),64,43,22,21,21,18,3
S01009218,Flat maisonette or apartment or mobile/temporary accommodation,101,34,11,23,67,51,16
S01009219,All households,313,192,97,95,121,99,22
S01009219,Whole house or bungalow: Total,241,181,94,87,60,46,14
S01009219,Whole house or bungalow: Detached,3,3,1,2,0,0,0
S01009219,Whole house or bungalow: Semi-detached,51,42,23,19,9,7,2
S01009219,Whole house or bungalow: Terraced (including end-terrace),187,136,70,66,51,39,12
S01009219,Flat maisonette or apartment or mobile/temporary accommodation,72,11,3,8,61,53,8
S01009220,All households,264,154,90,64,110,89,21
S01009220,Whole house or bungalow: Total,105,100,69,31,5,2,3
S01009220,Whole house or bungalow: Detached,50,49,34,15,1,0,1
S01009220,Whole house or bungalow: Semi-detached,48,45,33,12,3,1,2
S01009220,Whole house or bungalow: Terraced (including end-terrace),7,6,2,4,1,1,0
S01009220,Flat maisonette or apartment or mobile/temporary accommodation,159,54,21,33,105,87,18
S01009221,All households,239,164,81,83,75,65,10
S01009221,Whole house or bungalow: Total,171,136,67,69,35,27,8
S01009221,Whole house or bungalow: Detached,3,2,0,2,1,1,0
S01009221,Whole house or bungalow: Semi-detached,60,47,23,24,13,10,3
S01009221,Whole house or bungalow: Terraced (including end-terrace),108,87,44,43,21,16,5
S01009221,Flat maisonette or apartment or mobile/temporary accommodation,68,28,14,14,40,38,2
S01009222,All households,238,116,44,72,122,102,20
S01009222,Whole house or bungalow: Total,143,100,41,59,43,30,13
S01009222,Whole house or bungalow: Detached,7,3,1,2,4,2,2
S01009222,Whole house or bungalow: Semi-detached,33,30,12,18,3,3,0
S01009222,Whole house or bungalow: Terraced (including end-terrace),103,67,28,39,36,25,11
S01009222,Flat maisonette or apartment or mobile/temporary accommodation,95,16,3,13,79,72,7
S01009223,All households,244,158,72,86,86,67,19
S01009223,Whole house or bungalow: Total,201,139,66,73,62,47,15
S01009223,Whole house or bungalow: Detached,11,8,2,6,3,1,2
S01009223,Whole house or bungalow: Semi-detached,44,31,15,16,13,9,4
S01009223,Whole house or bungalow: Terraced (including end-terrace),146,100,49,51,46,37,9
S01009223,Flat maisonette or apartment or mobile/temporary accommodation,43,19,6,13,24,20,4
S01009224,All households,277,149,53,96,128,110,18
S01009224,Whole house or bungalow: Total,101,53,16,37,48,43,5
S01009224,Whole house or bungalow: Detached,4,3,0,3,1,1,0
S01009224,Whole house or bungalow: Semi-detached,16,4,2,2,12,11,1
S01009224,Whole house or bungalow: Terraced (including end-terrace),81,46,14,32,35,31,4
S01009224,Flat maisonette or apartment or mobile/temporary accommodation,176,96,37,59,80,67,13
S01009225,All households,268,170,73,97,98,87,11
S01009225,Whole house or bungalow: Total,183,146,61,85,37,33,4
S01009225,Whole house or bungalow: Detached,5,3,1,2,2,1,1
S01009225,Whole house or bungalow: Semi-detached,59,48,17,31,11,8,3
S01009225,Whole house or bungalow: Terraced (including end-terrace),119,95,43,52,24,24,0
S01009225,Flat maisonette or apartment or mobile/temporary accommodation,85,24,12,12,61,54,7
S01009226,All households,507,259,118,141,248,210,38
S01009226,Whole house or bungalow: Total,73,61,23,38,12,11,1
S01009226,Whole house or bungalow: Detached,5,5,3,2,0,0,0
S01009226,Whole house or bungalow: Semi-detached,46,42,17,25,4,3,1
S01009226,Whole house or bungalow: Terraced (including end-terrace),22,14,3,11,8,8,0
S01009226,Flat maisonette or apartment or mobile/temporary accommodation,434,198,95,103,236,199,37
S01009227,All households,355,190,85,105,165,125,40
S01009227,Whole house or bungalow: Total,90,74,33,41,16,12,4
S01009227,Whole house or bungalow: Detached,4,4,1,3,0,0,0
S01009227,Whole house or bungalow: Semi-detached,51,46,24,22,5,4,1
S01009227,Whole house or bungalow: Terraced (including end-terrace),35,24,8,16,11,8,3
S01009227,Flat maisonette or apartment or mobile/temporary accommodation,265,116,52,64,149,113,36
S01009228,All households,313,145,70,75,168,137,31
S01009228,Whole house or bungalow: Total,111,79,38,41,32,26,6
S01009228,Whole house or bungalow: Detached,8,6,2,4,2,2,0
S01009228,Whole house or bungalow: Semi-detached,13,6,3,3,7,4,3
S01009228,Whole house or bungalow: Terraced (including end-terrace),90,67,33,34,23,20,3
S01009228,Flat maisonette or apartment or mobile/temporary accommodation,202,66,32,34,136,111,25
S01009229,All households,293,177,97,80,116,84,32
S01009229,Whole house or bungalow: Total,120,112,64,48,8,6,2
S01009229,Whole house or bungalow: Detached,31,30,23,7,1,0,1
S01009229,Whole house or bungalow: Semi-detached,58,57,28,29,1,0,1
S01009229,Whole house or bungalow: Terraced (including end-terrace),31,25,13,12,6,6,0
S01009229,Flat maisonette or apartment or mobile/temporary accommodation,173,65,33,32,108,78,30
S01009230,All households,319,228,72,156,91,31,60
S01009230,Whole house or bungalow: Total,83,70,23,47,13,5,8
S01009230,Whole house or bungalow: Detached,21,19,9,10,2,1,1
S01009230,Whole house or bungalow: Semi-detached,15,12,4,8,3,1,2
S01009230,Whole house or bungalow: Terraced (including end-terrace),47,39,10,29,8,3,5
S01009230,Flat maisonette or apartment or mobile/temporary accommodation,236,158,49,109,78,26,52
S01009231,All households,437,356,164,192,81,44,37
S01009231,Whole house or bungalow: Total,184,168,71,97,16,9,7
S01009231,Whole house or bungalow: Detached,20,20,12,8,0,0,0
S01009231,Whole house or bungalow: Semi-detached,116,107,48,59,9,4,5
S01009231,Whole house or bungalow: Terraced (including end-terrace),48,41,11,30,7,5,2
S01009231,Flat maisonette or apartment or mobile/temporary accommodation,253,188,93,95,65,35,30
S01009232,All households,309,91,46,45,218,206,12
S01009232,Whole house or bungalow: Total,93,75,40,35,18,12,6
S01009232,Whole house or bungalow: Detached,1,1,0,1,0,0,0
S01009232,Whole house or bungalow: Semi-detached,26,22,13,9,4,2,2
S01009232,Whole house or bungalow: Terraced (including end-terrace),66,52,27,25,14,10,4
S01009232,Flat maisonette or apartment or mobile/temporary accommodation,216,16,6,10,200,194,6
S01009233,All households,267,180,91,89,87,71,16
S01009233,Whole house or bungalow: Total,247,176,89,87,71,57,14
S01009233,Whole house or bungalow: Detached,20,12,7,5,8,8,0
S01009233,Whole house or bungalow: Semi-detached,45,34,13,21,11,8,3
S01009233,Whole house or bungalow: Terraced (including end-terrace),182,130,69,61,52,41,11
S01009233,Flat maisonette or apartment or mobile/temporary accommodation,20,4,2,2,16,14,2
S01009234,All households,476,149,63,86,327,287,40
S01009234,Whole house or bungalow: Total,193,105,53,52,88,79,9
S01009234,Whole house or bungalow: Detached,15,13,6,7,2,1,1
S01009234,Whole house or bungalow: Semi-detached,36,21,12,9,15,14,1
S01009234,Whole house or bungalow: Terraced (including end-terrace),142,71,35,36,71,64,7
S01009234,Flat maisonette or apartment or mobile/temporary accommodation,283,44,10,34,239,208,31
S01009235,All households,457,228,106,122,229,205,24
S01009235,Whole house or bungalow: Total,218,182,89,93,36,26,10
S01009235,Whole house or bungalow: Detached,13,13,8,5,0,0,0
S01009235,Whole house or bungalow: Semi-detached,111,105,42,63,6,3,3
S01009235,Whole house or bungalow: Terraced (including end-terrace),94,64,39,25,30,23,7
S01009235,Flat maisonette or apartment or mobile/temporary accommodation,239,46,17,29,193,179,14
S01009236,All households,224,184,117,67,40,33,7
S01009236,Whole house or bungalow: Total,106,96,65,31,10,8,2
S01009236,Whole house or bungalow: Detached,36,36,22,14,0,0,0
S01009236,Whole house or bungalow: Semi-detached,58,56,42,14,2,1,1
S01009236,Whole house or bungalow: Terraced (including end-terrace),12,4,1,3,8,7,1
S01009236,Flat maisonette or apartment or mobile/temporary accommodation,118,88,52,36,30,25,5
S01009237,All households,378,335,171,164,43,10,33
S01009237,Whole house or bungalow: Total,239,225,119,106,14,5,9
S01009237,Whole house or bungalow: Detached,72,70,42,28,2,0,2
S01009237,Whole house or bungalow: Semi-detached,146,138,74,64,8,1,7
S01009237,Whole house or bungalow: Terraced (including end-terrace),21,17,3,14,4,4,0
S01009237,Flat maisonette or apartment or mobile/temporary accommodation,139,110,52,58,29,5,24
S01009238,All households,335,242,118,124,93,76,17
S01009238,Whole house or bungalow: Total,264,228,115,113,36,27,9
S01009238,Whole house or bungalow: Detached,18,17,10,7,1,0,1
S01009238,Whole house or bungalow: Semi-detached,19,14,6,8,5,4,1
S01009238,Whole house or bungalow: Terraced (including end-terrace),227,197,99,98,30,23,7
S01009238,Flat maisonette or apartment or mobile/temporary accommodation,71,14,3,11,57,49,8
S01009239,All households,420,202,75,127,218,193,25
S01009239,Whole house or bungalow: Total,162,141,52,89,21,17,4
S01009239,Whole house or bungalow: Detached,3,3,2,1,0,0,0
S01009239,Whole house or bungalow: Semi-detached,40,36,7,29,4,2,2
S01009239,Whole house or bungalow: Terraced (including end-terrace),119,102,43,59,17,15,2
S01009239,Flat maisonette or apartment or mobile/temporary accommodation,258,61,23,38,197,176,21
S01009240,All households,387,93,38,55,294,278,16
S01009240,Whole house or bungalow: Total,112,79,37,42,33,27,6
S01009240,Whole house or bungalow: Detached,7,4,3,1,3,1,2
S01009240,Whole house or bungalow: Semi-detached,34,24,10,14,10,10,0
S01009240,Whole house or bungalow: Terraced (including end-terrace),71,51,24,27,20,16,4
S01009240,Flat maisonette or apartment or mobile/temporary accommodation,275,14,1,13,261,251,10
S01009241,All households,453,179,84,95,274,263,11
S01009241,Whole house or bungalow: Total,257,165,78,87,92,82,10
S01009241,Whole house or bungalow: Detached,11,7,3,4,4,3,1
S01009241,Whole house or bungalow: Semi-detached,41,16,9,7,25,25,0
S01009241,Whole house or bungalow: Terraced (including end-terrace),205,142,66,76,63,54,9
S01009241,Flat maisonette or apartment or mobile/temporary accommodation,196,14,6,8,182,181,1
S01009242,All households,321,257,141,116,64,56,8
S01009242,Whole house or bungalow: Total,249,238,136,102,11,8,3
S01009242,Whole house or bungalow: Detached,104,101,64,37,3,0,3
S01009242,Whole house or bungalow: Semi-detached,134,130,68,62,4,4,0
S01009242,Whole house or bungalow: Terraced (including end-terrace),11,7,4,3,4,4,0
S01009242,Flat maisonette or apartment or mobile/temporary accommodation,72,19,5,14,53,48,5
S01009243,All households,398,281,93,188,117,80,37
S01009243,Whole house or bungalow: Total,373,278,91,187,95,62,33
S01009243,Whole house or bungalow: Detached,15,14,4,10,1,0,1
S01009243,Whole house or bungalow: Semi-detached,109,75,23,52,34,24,10
S01009243,Whole house or bungalow: Terraced (including end-terrace),249,189,64,125,60,38,22
S01009243,Flat maisonette or apartment or mobile/temporary accommodation,25,3,2,1,22,18,4
S01009244,All households,337,309,173,136,28,5,23
S01009244,Whole house or bungalow: Total,321,298,173,125,23,4,19
S01009244,Whole house or bungalow: Detached,178,171,103,68,7,0,7
S01009244,Whole house or bungalow: Semi-detached,131,120,66,54,11,3,8
S01009244,Whole house or bungalow: Terraced (including end-terrace),12,7,4,3,5,1,4
S01009244,Flat maisonette or apartment or mobile/temporary accommodation,16,11,0,11,5,1,4
S01009245,All households,361,298,135,163,63,41,22
S01009245,Whole house or bungalow: Total,318,282,132,150,36,23,13
S01009245,Whole house or bungalow: Detached,156,144,77,67,12,8,4
S01009245,Whole house or bungalow: Semi-detached,78,65,31,34,13,9,4
S01009245,Whole house or bungalow: Terraced (including end-terrace),84,73,24,49,11,6,5
S01009245,Flat maisonette or apartment or mobile/temporary accommodation,43,16,3,13,27,18,9
S01009246,All households,383,228,101,127,155,127,28
S01009246,Whole house or bungalow: Total,322,213,93,120,109,89,20
S01009246,Whole house or bungalow: Detached,17,15,8,7,2,0,2
S01009246,Whole house or bungalow: Semi-detached,280,188,82,106,92,75,17
S01009246,Whole house or bungalow: Terraced (including end-terrace),25,10,3,7,15,14,1
S01009246,Flat maisonette or apartment or mobile/temporary accommodation,61,15,8,7,46,38,8
S01009247,All households,429,264,91,173,165,135,30
S01009247,Whole house or bungalow: Total,409,253,84,169,156,126,30
S01009247,Whole house or bungalow: Detached,15,11,1,10,4,3,1
S01009247,Whole house or bungalow: Semi-detached,177,114,43,71,63,50,13
S01009247,Whole house or bungalow: Terraced (including end-terrace),217,128,40,88,89,73,16
S01009247,Flat maisonette or apartment or mobile/temporary accommodation,20,11,7,4,9,9,0
S01009248,All households,300,239,125,114,61,51,10
S01009248,Whole house or bungalow: Total,275,228,121,107,47,38,9
S01009248,Whole house or bungalow: Detached,107,100,60,40,7,5,2
S01009248,Whole house or bungalow: Semi-detached,81,69,33,36,12,9,3
S01009248,Whole house or bungalow: Terraced (including end-terrace),87,59,28,31,28,24,4
S01009248,Flat maisonette or apartment or mobile/temporary accommodation,25,11,4,7,14,13,1
S01009249,All households,375,184,68,116,191,158,33
S01009249,Whole house or bungalow: Total,176,100,48,52,76,58,18
S01009249,Whole house or bungalow: Detached,14,12,5,7,2,2,0
S01009249,Whole house or bungalow: Semi-detached,89,49,30,19,40,29,11
S01009249,Whole house or bungalow: Terraced (including end-terrace),73,39,13,26,34,27,7
S01009249,Flat maisonette or apartment or mobile/temporary accommodation,199,84,20,64,115,100,15
S01009250,All households,278,184,80,104,94,82,12
S01009250,Whole house or bungalow: Total,268,180,80,100,88,76,12
S01009250,Whole house or bungalow: Detached,12,9,1,8,3,2,1
S01009250,Whole house or bungalow: Semi-detached,114,80,41,39,34,31,3
S01009250,Whole house or bungalow: Terraced (including end-terrace),142,91,38,53,51,43,8
S01009250,Flat maisonette or apartment or mobile/temporary accommodation,10,4,0,4,6,6,0
S01009251,All households,221,162,78,84,59,52,7
S01009251,Whole house or bungalow: Total,218,162,78,84,56,49,7
S01009251,Whole house or bungalow: Detached,85,79,47,32,6,4,2
S01009251,Whole house or bungalow: Semi-detached,55,40,22,18,15,14,1
S01009251,Whole house or bungalow: Terraced (including end-terrace),78,43,9,34,35,31,4
S01009251,Flat maisonette or apartment or mobile/temporary accommodation,3,0,0,0,3,3,0
S01009252,All households,163,157,41,116,6,3,3
S01009252,Whole house or bungalow: Total,162,157,41,116,5,3,2
S01009252,Whole house or bungalow: Detached,107,106,27,79,1,0,1
S01009252,Whole house or bungalow: Semi-detached,31,28,4,24,3,3,0
S01009252,Whole house or bungalow: Terraced (including end-terrace),24,23,10,13,1,0,1
S01009252,Flat maisonette or apartment or mobile/temporary accommodation,1,0,0,0,1,0,1
S01009253,All households,239,128,77,51,111,99,12
S01009253,Whole house or bungalow: Total,213,116,71,45,97,85,12
S01009253,Whole house or bungalow: Detached,16,9,5,4,7,7,0
S01009253,Whole house or bungalow: Semi-detached,68,39,21,18,29,27,2
S01009253,Whole house or bungalow: Terraced (including end-terrace),129,68,45,23,61,51,10
S01009253,Flat maisonette or apartment or mobile/temporary accommodation,26,12,6,6,14,14,0
S01009254,All households,371,143,56,87,228,211,17
S01009254,Whole house or bungalow: Total,189,103,47,56,86,77,9
S01009254,Whole house or bungalow: Detached,30,23,12,11,7,6,1
S01009254,Whole house or bungalow: Semi-detached,90,48,21,27,42,39,3
S01009254,Whole house or bungalow: Terraced (including end-terrace),69,32,14,18,37,32,5
S01009254,Flat maisonette or apartment or mobile/temporary accommodation,182,40,9,31,142,134,8
S01009255,All households,376,137,45,92,239,133,106
S01009255,Whole house or bungalow: Total,88,63,25,38,25,15,10
S01009255,Whole house or bungalow: Detached,15,14,7,7,1,0,1
S01009255,Whole house or bungalow: Semi-detached,32,27,10,17,5,5,0
S01009255,Whole house or bungalow: Terraced (including end-terrace),41,22,8,14,19,10,9
S01009255,Flat maisonette or apartment or mobile/temporary accommodation,288,74,20,54,214,118,96
S01009256,All households,222,172,98,74,50,37,13
S01009256,Whole house or bungalow: Total,156,129,80,49,27,22,5
S01009256,Whole house or bungalow: Detached,40,40,27,13,0,0,0
S01009256,Whole house or bungalow: Semi-detached,82,61,34,27,21,18,3
S01009256,Whole house or bungalow: Terraced (including end-terrace),34,28,19,9,6,4,2
S01009256,Flat maisonette or apartment or mobile/temporary accommodation,66,43,18,25,23,15,8
S01009257,All households,330,189,94,95,141,74,67
S01009257,Whole house or bungalow: Total,145,137,74,63,8,2,6
S01009257,Whole house or bungalow: Detached,74,73,38,35,1,0,1
S01009257,Whole house or bungalow: Semi-detached,41,34,15,19,7,2,5
S01009257,Whole house or bungalow: Terraced (including end-terrace),30,30,21,9,0,0,0
S01009257,Flat maisonette or apartment or mobile/temporary accommodation,185,52,20,32,133,72,61
S01009258,All households,282,231,130,101,51,26,25
S01009258,Whole house or bungalow: Total,250,211,122,89,39,20,19
S01009258,Whole house or bungalow: Detached,123,114,72,42,9,0,9
S01009258,Whole house or bungalow: Semi-detached,98,75,37,38,23,17,6
S01009258,Whole house or bungalow: Terraced (including end-terrace),29,22,13,9,7,3,4
S01009258,Flat maisonette or apartment or mobile/temporary accommodation,32,20,8,12,12,6,6
S01009259,All households,380,326,147,179,54,36,18
S01009259,Whole house or bungalow: Total,359,319,142,177,40,25,15
S01009259,Whole house or bungalow: Detached,152,151,63,88,1,0,1
S01009259,Whole house or bungalow: Semi-detached,150,121,62,59,29,22,7
S01009259,Whole house or bungalow: Terraced (including end-terrace),57,47,17,30,10,3,7
S01009259,Flat maisonette or apartment or mobile/temporary accommodation,21,7,5,2,14,11,3
S01009260,All households,526,343,120,223,183,117,66
S01009260,Whole house or bungalow: Total,342,267,107,160,75,45,30
S01009260,Whole house or bungalow: Detached,96,93,34,59,3,1,2
S01009260,Whole house or bungalow: Semi-detached,151,111,49,62,40,27,13
S01009260,Whole house or bungalow: Terraced (including end-terrace),95,63,24,39,32,17,15
S01009260,Flat maisonette or apartment or mobile/temporary accommodation,184,76,13,63,108,72,36
S01009261,All households,386,127,57,70,259,230,29
S01009261,Whole house or bungalow: Total,204,100,49,51,104,92,12
S01009261,Whole house or bungalow: Detached,47,39,18,21,8,5,3
S01009261,Whole house or bungalow: Semi-detached,67,33,20,13,34,29,5
S01009261,Whole house or bungalow: Terraced (including end-terrace),90,28,11,17,62,58,4
S01009261,Flat maisonette or apartment or mobile/temporary accommodation,182,27,8,19,155,138,17
S01009262,All households,293,92,45,47,201,183,18
S01009262,Whole house or bungalow: Total,178,80,42,38,98,88,10
S01009262,Whole house or bungalow: Detached,10,7,1,6,3,1,2
S01009262,Whole house or bungalow: Semi-detached,24,14,8,6,10,9,1
S01009262,Whole house or bungalow: Terraced (including end-terrace),144,59,33,26,85,78,7
S01009262,Flat maisonette or apartment or mobile/temporary accommodation,115,12,3,9,103,95,8
S01009263,All households,365,299,60,239,66,15,51
S01009263,Whole house or bungalow: Total,326,279,52,227,47,7,40
S01009263,Whole house or bungalow: Detached,116,110,18,92,6,0,6
S01009263,Whole house or bungalow: Semi-detached,84,66,11,55,18,4,14
S01009263,Whole house or bungalow: Terraced (including end-terrace),126,103,23,80,23,3,20
S01009263,Flat maisonette or apartment or mobile/temporary accommodation,39,20,8,12,19,8,11
S01009264,All households,231,202,114,88,29,2,27
S01009264,Whole house or bungalow: Total,226,200,113,87,26,1,25
S01009264,Whole house or bungalow: Detached,78,72,38,34,6,0,6
S01009264,Whole house or bungalow: Semi-detached,113,99,63,36,14,1,13
S01009264,Whole house or bungalow: Terraced (including end-terrace),35,29,12,17,6,0,6
S01009264,Flat maisonette or apartment or mobile/temporary accommodation,5,2,1,1,3,1,2
S01009265,All households,376,243,115,128,133,103,30
S01009265,Whole house or bungalow: Total,249,208,104,104,41,20,21
S01009265,Whole house or bungalow: Detached,63,60,27,33,3,1,2
S01009265,Whole house or bungalow: Semi-detached,96,78,41,37,18,10,8
S01009265,Whole house or bungalow: Terraced (including end-terrace),90,70,36,34,20,9,11
S01009265,Flat maisonette or apartment or mobile/temporary accommodation,127,35,11,24,92,83,9
S01009266,All households,374,274,149,125,100,71,29
S01009266,Whole house or bungalow: Total,338,262,142,120,76,57,19
S01009266,Whole house or bungalow: Detached,91,83,37,46,8,4,4
S01009266,Whole house or bungalow: Semi-detached,99,72,40,32,27,24,3
S01009266,Whole house or bungalow: Terraced (including end-terrace),148,107,65,42,41,29,12
S01009266,Flat maisonette or apartment or mobile/temporary accommodation,36,12,7,5,24,14,10
S01009267,All households,377,279,133,146,98,35,63
S01009267,Whole house or bungalow: Total,265,223,110,113,42,20,22
S01009267,Whole house or bungalow: Detached,61,57,29,28,4,0,4
S01009267,Whole house or bungalow: Semi-detached,88,70,42,28,18,10,8
S01009267,Whole house or bungalow: Terraced (including end-terrace),116,96,39,57,20,10,10
S01009267,Flat maisonette or apartment or mobile/temporary accommodation,112,56,23,33,56,15,41
S01009268,All households,431,285,113,172,146,104,42
S01009268,Whole house or bungalow: Total,298,205,84,121,93,66,27
S01009268,Whole house or bungalow: Detached,104,88,37,51,16,4,12
S01009268,Whole house or bungalow: Semi-detached,104,67,29,38,37,26,11
S01009268,Whole house or bungalow: Terraced (including end-terrace),90,50,18,32,40,36,4
S01009268,Flat maisonette or apartment or mobile/temporary accommodation,133,80,29,51,53,38,15
S01009269,All households,351,146,56,90,205,192,13
S01009269,Whole house or bungalow: Total,274,141,55,86,133,122,11
S01009269,Whole house or bungalow: Detached,22,14,3,11,8,6,2
S01009269,Whole house or bungalow: Semi-detached,100,56,25,31,44,41,3
S01009269,Whole house or bungalow: Terraced (including end-terrace),152,71,27,44,81,75,6
S01009269,Flat maisonette or apartment or mobile/temporary accommodation,77,5,1,4,72,70,2
S01009270,All households,306,152,75,77,154,128,26
S01009270,Whole house or bungalow: Total,166,100,48,52,66,50,16
S01009270,Whole house or bungalow: Detached,9,8,5,3,1,0,1
S01009270,Whole house or bungalow: Semi-detached,74,47,25,22,27,20,7
S01009270,Whole house or bungalow: Terraced (including end-terrace),83,45,18,27,38,30,8
S01009270,Flat maisonette or apartment or mobile/temporary accommodation,140,52,27,25,88,78,10
S01009271,All households,349,332,126,206,17,4,13
S01009271,Whole house or bungalow: Total,343,327,124,203,16,4,12
S01009271,Whole house or bungalow: Detached,186,181,80,101,5,0,5
S01009271,Whole house or bungalow: Semi-detached,148,139,40,99,9,2,7
S01009271,Whole house or bungalow: Terraced (including end-terrace),9,7,4,3,2,2,0
S01009271,Flat maisonette or apartment or mobile/temporary accommodation,6,5,2,3,1,0,1
S01009272,All households,264,147,62,85,117,105,12
S01009272,Whole house or bungalow: Total,259,146,62,84,113,104,9
S01009272,Whole house or bungalow: Detached,22,13,3,10,9,9,0
S01009272,Whole house or bungalow: Semi-detached,150,96,44,52,54,50,4
S01009272,Whole house or bungalow: Terraced (including end-terrace),87,37,15,22,50,45,5
S01009272,Flat maisonette or apartment or mobile/temporary accommodation,5,1,0,1,4,1,3
S01009273,All households,211,195,115,80,16,8,8
S01009273,Whole house or bungalow: Total,209,194,115,79,15,7,8
S01009273,Whole house or bungalow: Detached,130,126,72,54,4,0,4
S01009273,Whole house or bungalow: Semi-detached,63,57,37,20,6,4,2
S01009273,Whole house or bungalow: Terraced (including end-terrace),16,11,6,5,5,3,2
S01009273,Flat maisonette or apartment or mobile/temporary accommodation,2,1,0,1,1,1,0
S01009274,All households,255,219,113,106,36,25,11
S01009274,Whole house or bungalow: Total,247,217,112,105,30,22,8
S01009274,Whole house or bungalow: Detached,127,124,70,54,3,1,2
S01009274,Whole house or bungalow: Semi-detached,50,39,18,21,11,8,3
S01009274,Whole house or bungalow: Terraced (including end-terrace),70,54,24,30,16,13,3
S01009274,Flat maisonette or apartment or mobile/temporary accommodation,8,2,1,1,6,3,3
S01009275,All households,244,191,78,113,53,2,51
S01009275,Whole house or bungalow: Total,163,129,57,72,34,1,33
S01009275,Whole house or bungalow: Detached,104,84,41,43,20,0,20
S01009275,Whole house or bungalow: Semi-detached,53,41,15,26,12,0,12
S01009275,Whole house or bungalow: Terraced (including end-terrace),6,4,1,3,2,1,1
S01009275,Flat maisonette or apartment or mobile/temporary accommodation,81,62,21,41,19,1,18
S01009276,All households,373,310,159,151,63,48,15
S01009276,Whole house or bungalow: Total,359,305,159,146,54,42,12
S01009276,Whole house or bungalow: Detached,247,236,132,104,11,3,8
S01009276,Whole house or bungalow: Semi-detached,56,41,17,24,15,13,2
S01009276,Whole house or bungalow: Terraced (including end-terrace),56,28,10,18,28,26,2
S01009276,Flat maisonette or apartment or mobile/temporary accommodation,14,5,0,5,9,6,3
S01009277,All households,218,198,111,87,20,2,18
S01009277,Whole house or bungalow: Total,214,195,108,87,19,2,17
S01009277,Whole house or bungalow: Detached,174,164,92,72,10,0,10
S01009277,Whole house or bungalow: Semi-detached,29,24,12,12,5,0,5
S01009277,Whole house or bungalow: Terraced (including end-terrace),11,7,4,3,4,2,2
S01009277,Flat maisonette or apartment or mobile/temporary accommodation,4,3,3,0,1,0,1
S01009278,All households,235,204,73,131,31,14,17
S01009278,Whole house or bungalow: Total,216,192,71,121,24,11,13
S01009278,Whole house or bungalow: Detached,83,81,25,56,2,0,2
S01009278,Whole house or bungalow: Semi-detached,41,35,19,16,6,4,2
S01009278,Whole house or bungalow: Terraced (including end-terrace),92,76,27,49,16,7,9
S01009278,Flat maisonette or apartment or mobile/temporary accommodation,19,12,2,10,7,3,4
S01009279,All households,283,206,89,117,77,39,38
S01009279,Whole house or bungalow: Total,194,146,74,72,48,30,18
S01009279,Whole house or bungalow: Detached,79,68,29,39,11,2,9
S01009279,Whole house or bungalow: Semi-detached,74,51,30,21,23,19,4
S01009279,Whole house or bungalow: Terraced (including end-terrace),41,27,15,12,14,9,5
S01009279,Flat maisonette or apartment or mobile/temporary accommodation,89,60,15,45,29,9,20
S01009280,All households,406,147,74,73,259,238,21
S01009280,Whole house or bungalow: Total,355,145,73,72,210,193,17
S01009280,Whole house or bungalow: Detached,30,9,4,5,21,17,4
S01009280,Whole house or bungalow: Semi-detached,155,55,26,29,100,97,3
S01009280,Whole house or bungalow: Terraced (including end-terrace),170,81,43,38,89,79,10
S01009280,Flat maisonette or apartment or mobile/temporary accommodation,51,2,1,1,49,45,4
S01009281,All households,375,169,81,88,206,182,24
S01009281,Whole house or bungalow: Total,279,155,75,80,124,104,20
S01009281,Whole house or bungalow: Detached,43,32,19,13,11,6,5
S01009281,Whole house or bungalow: Semi-detached,186,96,48,48,90,78,12
S01009281,Whole house or bungalow: Terraced (including end-terrace),50,27,8,19,23,20,3
S01009281,Flat maisonette or apartment or mobile/temporary accommodation,96,14,6,8,82,78,4
S01009282,All households,346,239,119,120,107,52,55
S01009282,Whole house or bungalow: Total,245,197,103,94,48,9,39
S01009282,Whole house or bungalow: Detached,121,108,63,45,13,0,13
S01009282,Whole house or bungalow: Semi-detached,73,56,26,30,17,4,13
S01009282,Whole house or bungalow: Terraced (including end-terrace),51,33,14,19,18,5,13
S01009282,Flat maisonette or apartment or mobile/temporary accommodation,101,42,16,26,59,43,16
S01009283,All households,180,143,42,101,37,21,16
S01009283,Whole house or bungalow: Total,172,138,41,97,34,18,16
S01009283,Whole house or bungalow: Detached,48,43,19,24,5,1,4
S01009283,Whole house or bungalow: Semi-detached,39,22,5,17,17,15,2
S01009283,Whole house or bungalow: Terraced (including end-terrace),85,73,17,56,12,2,10
S01009283,Flat maisonette or apartment or mobile/temporary accommodation,8,5,1,4,3,3,0
S01009284,All households,311,285,111,174,26,12,14
S01009284,Whole house or bungalow: Total,300,276,110,166,24,11,13
S01009284,Whole house or bungalow: Detached,168,164,68,96,4,0,4
S01009284,Whole house or bungalow: Semi-detached,99,88,31,57,11,5,6
S01009284,Whole house or bungalow: Terraced (including end-terrace),33,24,11,13,9,6,3
S01009284,Flat maisonette or apartment or mobile/temporary accommodation,11,9,1,8,2,1,1
S01009285,All households,350,313,110,203,37,14,23
S01009285,Whole house or bungalow: Total,281,267,95,172,14,4,10
S01009285,Whole house or bungalow: Detached,101,100,50,50,1,0,1
S01009285,Whole house or bungalow: Semi-detached,152,141,38,103,11,4,7
S01009285,Whole house or bungalow: Terraced (including end-terrace),28,26,7,19,2,0,2
S01009285,Flat maisonette or apartment or mobile/temporary accommodation,69,46,15,31,23,10,13
S01009286,All households,351,311,162,149,40,6,34
S01009286,Whole house or bungalow: Total,297,277,148,129,20,2,18
S01009286,Whole house or bungalow: Detached,187,182,114,68,5,1,4
S01009286,Whole house or bungalow: Semi-detached,67,60,26,34,7,1,6
S01009286,Whole house or bungalow: Terraced (including end-terrace),43,35,8,27,8,0,8
S01009286,Flat maisonette or apartment or mobile/temporary accommodation,54,34,14,20,20,4,16
S01009287,All households,339,301,192,109,38,12,26
S01009287,Whole house or bungalow: Total,287,266,171,95,21,7,14
S01009287,Whole house or bungalow: Detached,202,197,136,61,5,0,5
S01009287,Whole house or bungalow: Semi-detached,44,37,17,20,7,1,6
S01009287,Whole house or bungalow: Terraced (including end-terrace),41,32,18,14,9,6,3
S01009287,Flat maisonette or apartment or mobile/temporary accommodation,52,35,21,14,17,5,12
S01009288,All households,392,291,160,131,101,10,91
S01009288,Whole house or bungalow: Total,356,267,151,116,89,9,80
S01009288,Whole house or bungalow: Detached,166,133,75,58,33,3,30
S01009288,Whole house or bungalow: Semi-detached,68,43,23,20,25,1,24
S01009288,Whole house or bungalow: Terraced (including end-terrace),122,91,53,38,31,5,26
S01009288,Flat maisonette or apartment or mobile/temporary accommodation,36,24,9,15,12,1,11
S01009289,All households,409,363,190,173,46,19,27
S01009289,Whole house or bungalow: Total,378,343,183,160,35,16,19
S01009289,Whole house or bungalow: Detached,245,236,130,106,9,2,7
S01009289,Whole house or bungalow: Semi-detached,61,50,29,21,11,5,6
S01009289,Whole house or bungalow: Terraced (including end-terrace),72,57,24,33,15,9,6
S01009289,Flat maisonette or apartment or mobile/temporary accommodation,31,20,7,13,11,3,8
S01009290,All households,288,282,180,102,6,1,5
S01009290,Whole house or bungalow: Total,285,279,179,100,6,1,5
S01009290,Whole house or bungalow: Detached,185,182,112,70,3,1,2
S01009290,Whole house or bungalow: Semi-detached,94,91,64,27,3,0,3
S01009290,Whole house or bungalow: Terraced (including end-terrace),6,6,3,3,0,0,0
S01009290,Flat maisonette or apartment or mobile/temporary accommodation,3,3,1,2,0,0,0
S01009291,All households,394,361,183,178,33,9,24
S01009291,Whole house or bungalow: Total,386,360,182,178,26,5,21
S01009291,Whole house or bungalow: Detached,154,148,85,63,6,0,6
S01009291,Whole house or bungalow: Semi-detached,210,198,93,105,12,1,11
S01009291,Whole house or bungalow: Terraced (including end-terrace),22,14,4,10,8,4,4
S01009291,Flat maisonette or apartment or mobile/temporary accommodation,8,1,1,0,7,4,3
S01009292,All households,228,142,52,90,86,69,17
S01009292,Whole house or bungalow: Total,174,125,44,81,49,36,13
S01009292,Whole house or bungalow: Detached,14,9,2,7,5,4,1
S01009292,Whole house or bungalow: Semi-detached,52,39,18,21,13,9,4
S01009292,Whole house or bungalow: Terraced (including end-terrace),108,77,24,53,31,23,8
S01009292,Flat maisonette or apartment or mobile/temporary accommodation,54,17,8,9,37,33,4
S01009293,All households,297,229,85,144,68,47,21
S01009293,Whole house or bungalow: Total,191,154,57,97,37,29,8
S01009293,Whole house or bungalow: Detached,113,106,33,73,7,4,3
S01009293,Whole house or bungalow: Semi-detached,45,27,15,12,18,14,4
S01009293,Whole house or bungalow: Terraced (including end-terrace),33,21,9,12,12,11,1
S01009293,Flat maisonette or apartment or mobile/temporary accommodation,106,75,28,47,31,18,13
S01009294,All households,192,180,81,99,12,1,11
S01009294,Whole house or bungalow: Total,163,158,75,83,5,1,4
S01009294,Whole house or bungalow: Detached,135,132,61,71,3,0,3
S01009294,Whole house or bungalow: Semi-detached,17,16,8,8,1,1,0
S01009294,Whole house or bungalow: Terraced (including end-terrace),11,10,6,4,1,0,1
S01009294,Flat maisonette or apartment or mobile/temporary accommodation,29,22,6,16,7,0,7
S01009295,All households,264,250,112,138,14,3,11
S01009295,Whole house or bungalow: Total,254,244,110,134,10,1,9
S01009295,Whole house or bungalow: Detached,91,88,47,41,3,0,3
S01009295,Whole house or bungalow: Semi-detached,103,101,49,52,2,1,1
S01009295,Whole house or bungalow: Terraced (including end-terrace),60,55,14,41,5,0,5
S01009295,Flat maisonette or apartment or mobile/temporary accommodation,10,6,2,4,4,2,2
S01009296,All households,187,167,45,122,20,14,6
S01009296,Whole house or bungalow: Total,172,159,45,114,13,9,4
S01009296,Whole house or bungalow: Detached,104,102,27,75,2,1,1
S01009296,Whole house or bungalow: Semi-detached,35,33,9,24,2,2,0
S01009296,Whole house or bungalow: Terraced (including end-terrace),33,24,9,15,9,6,3
S01009296,Flat maisonette or apartment or mobile/temporary accommodation,15,8,0,8,7,5,2
S01009297,All households,328,297,115,182,31,5,26
S01009297,Whole house or bungalow: Total,274,258,107,151,16,3,13
S01009297,Whole house or bungalow: Detached,198,189,82,107,9,1,8
S01009297,Whole house or bungalow: Semi-detached,53,49,15,34,4,2,2
S01009297,Whole house or bungalow: Terraced (including end-terrace),23,20,10,10,3,0,3
S01009297,Flat maisonette or apartment or mobile/temporary accommodation,54,39,8,31,15,2,13
S01009298,All households,553,242,99,143,311,235,76
S01009298,Whole house or bungalow: Total,237,126,63,63,111,97,14
S01009298,Whole house or bungalow: Detached,32,22,7,15,10,7,3
S01009298,Whole house or bungalow: Semi-detached,86,42,24,18,44,39,5
S01009298,Whole house or bungalow: Terraced (including end-terrace),119,62,32,30,57,51,6
S01009298,Flat maisonette or apartment or mobile/temporary accommodation,316,116,36,80,200,138,62
S01009299,All households,484,297,117,180,187,98,89
S01009299,Whole house or bungalow: Total,184,152,66,86,32,18,14
S01009299,Whole house or bungalow: Detached,48,46,21,25,2,1,1
S01009299,Whole house or bungalow: Semi-detached,62,51,22,29,11,6,5
S01009299,Whole house or bungalow: Terraced (including end-terrace),74,55,23,32,19,11,8
S01009299,Flat maisonette or apartment or mobile/temporary accommodation,300,145,51,94,155,80,75
S01009300,All households,287,161,54,107,126,80,46
S01009300,Whole house or bungalow: Total,91,72,28,44,19,14,5
S01009300,Whole house or bungalow: Detached,17,17,8,9,0,0,0
S01009300,Whole house or bungalow: Semi-detached,21,17,6,11,4,2,2
S01009300,Whole house or bungalow: Terraced (including end-terrace),53,38,14,24,15,12,3
S01009300,Flat maisonette or apartment or mobile/temporary accommodation,196,89,26,63,107,66,41
S01009301,All households,551,217,69,148,334,256,78
S01009301,Whole house or bungalow: Total,124,95,39,56,29,9,20
S01009301,Whole house or bungalow: Detached,40,35,17,18,5,0,5
S01009301,Whole house or bungalow: Semi-detached,42,27,12,15,15,7,8
S01009301,Whole house or bungalow: Terraced (including end-terrace),42,33,10,23,9,2,7
S01009301,Flat maisonette or apartment or mobile/temporary accommodation,427,122,30,92,305,247,58
S01009302,All households,450,160,43,117,290,216,74
S01009302,Whole house or bungalow: Total,64,42,18,24,22,13,9
S01009302,Whole house or bungalow: Detached,14,10,4,6,4,2,2
S01009302,Whole house or bungalow: Semi-detached,42,31,14,17,11,7,4
S01009302,Whole house or bungalow: Terraced (including end-terrace),8,1,0,1,7,4,3
S01009302,Flat maisonette or apartment or mobile/temporary accommodation,386,118,25,93,268,203,65
S01009303,All households,322,268,136,132,54,24,30
S01009303,Whole house or bungalow: Total,238,223,120,103,15,2,13
S01009303,Whole house or bungalow: Detached,110,104,64,40,6,0,6
S01009303,Whole house or bungalow: Semi-detached,97,91,46,45,6,2,4
S01009303,Whole house or bungalow: Terraced (including end-terrace),31,28,10,18,3,0,3
S01009303,Flat maisonette or apartment or mobile/temporary accommodation,84,45,16,29,39,22,17
S01009304,All households,395,297,125,172,98,80,18
S01009304,Whole house or bungalow: Total,314,260,115,145,54,43,11
S01009304,Whole house or bungalow: Detached,105,103,53,50,2,1,1
S01009304,Whole house or bungalow: Semi-detached,127,101,41,60,26,19,7
S01009304,Whole house or bungalow: Terraced (including end-terrace),82,56,21,35,26,23,3
S01009304,Flat maisonette or apartment or mobile/temporary accommodation,81,37,10,27,44,37,7
S01009305,All households,412,269,106,163,143,95,48
S01009305,Whole house or bungalow: Total,182,158,73,85,24,12,12
S01009305,Whole house or bungalow: Detached,50,45,20,25,5,0,5
S01009305,Whole house or bungalow: Semi-detached,107,97,44,53,10,6,4
S01009305,Whole house or bungalow: Terraced (including end-terrace),25,16,9,7,9,6,3
S01009305,Flat maisonette or apartment or mobile/temporary accommodation,230,111,33,78,119,83,36
S01009306,All households,565,313,99,214,252,114,138
S01009306,Whole house or bungalow: Total,163,127,43,84,36,19,17
S01009306,Whole house or bungalow: Detached,21,19,9,10,2,0,2
S01009306,Whole house or bungalow: Semi-detached,113,90,30,60,23,17,6
S01009306,Whole house or bungalow: Terraced (including end-terrace),29,18,4,14,11,2,9
S01009306,Flat maisonette or apartment or mobile/temporary accommodation,402,186,56,130,216,95,121
S01009307,All households,544,311,123,188,233,60,173
S01009307,Whole house or bungalow: Total,158,129,75,54,29,11,18
S01009307,Whole house or bungalow: Detached,70,66,40,26,4,0,4
S01009307,Whole house or bungalow: Semi-detached,42,36,20,16,6,4,2
S01009307,Whole house or bungalow: Terraced (including end-terrace),46,27,15,12,19,7,12
S01009307,Flat maisonette or apartment or mobile/temporary accommodation,386,182,48,134,204,49,155
S01009308,All households,304,160,80,80,144,52,92
S01009308,Whole house or bungalow: Total,49,39,19,20,10,1,9
S01009308,Whole house or bungalow: Detached,20,17,9,8,3,0,3
S01009308,Whole house or bungalow: Semi-detached,11,9,4,5,2,0,2
S01009308,Whole house or bungalow: Terraced (including end-terrace),18,13,6,7,5,1,4
S01009308,Flat maisonette or apartment or mobile/temporary accommodation,255,121,61,60,134,51,83
S01009309,All households,400,225,93,132,175,42,133
S01009309,Whole house or bungalow: Total,139,106,49,57,33,18,15
S01009309,Whole house or bungalow: Detached,24,22,7,15,2,1,1
S01009309,Whole house or bungalow: Semi-detached,35,28,15,13,7,4,3
S01009309,Whole house or bungalow: Terraced (including end-terrace),80,56,27,29,24,13,11
S01009309,Flat maisonette or apartment or mobile/temporary accommodation,261,119,44,75,142,24,118
S01009310,All households,399,343,175,168,56,11,45
S01009310,Whole house or bungalow: Total,303,284,154,130,19,4,15
S01009310,Whole house or bungalow: Detached,223,216,122,94,7,1,6
S01009310,Whole house or bungalow: Semi-detached,65,57,27,30,8,2,6
S01009310,Whole house or bungalow: Terraced (including end-terrace),15,11,5,6,4,1,3
S01009310,Flat maisonette or apartment or mobile/temporary accommodation,96,59,21,38,37,7,30
S01009311,All households,274,149,59,90,125,107,18
S01009311,Whole house or bungalow: Total,259,145,56,89,114,98,16
S01009311,Whole house or bungalow: Detached,8,4,1,3,4,3,1
S01009311,Whole house or bungalow: Semi-detached,51,23,11,12,28,21,7
S01009311,Whole house or bungalow: Terraced (including end-terrace),200,118,44,74,82,74,8
S01009311,Flat maisonette or apartment or mobile/temporary accommodation,15,4,3,1,11,9,2
S01009312,All households,366,224,77,147,142,35,107
S01009312,Whole house or bungalow: Total,110,82,34,48,28,18,10
S01009312,Whole house or bungalow: Detached,14,13,6,7,1,0,1
S01009312,Whole house or bungalow: Semi-detached,34,21,11,10,13,8,5
S01009312,Whole house or bungalow: Terraced (including end-terrace),62,48,17,31,14,10,4
S01009312,Flat maisonette or apartment or mobile/temporary accommodation,256,142,43,99,114,17,97
S01009313,All households,285,135,58,77,150,114,36
S01009313,Whole house or bungalow: Total,138,98,46,52,40,35,5
S01009313,Whole house or bungalow: Detached,12,10,5,5,2,1,1
S01009313,Whole house or bungalow: Semi-detached,89,62,27,35,27,24,3
S01009313,Whole house or bungalow: Terraced (including end-terrace),37,26,14,12,11,10,1
S01009313,Flat maisonette or apartment or mobile/temporary accommodation,147,37,12,25,110,79,31
S01009314,All households,258,229,105,124,29,13,16
S01009314,Whole house or bungalow: Total,192,176,86,90,16,9,7
S01009314,Whole house or bungalow: Detached,125,122,71,51,3,1,2
S01009314,Whole house or bungalow: Semi-detached,49,40,12,28,9,7,2
S01009314,Whole house or bungalow: Terraced (including end-terrace),18,14,3,11,4,1,3
S01009314,Flat maisonette or apartment or mobile/temporary accommodation,66,53,19,34,13,4,9
S01009315,All households,270,166,65,101,104,85,19
S01009315,Whole house or bungalow: Total,203,142,55,87,61,49,12
S01009315,Whole house or bungalow: Detached,7,7,3,4,0,0,0
S01009315,Whole house or bungalow: Semi-detached,171,119,49,70,52,42,10
S01009315,Whole house or bungalow: Terraced (including end-terrace),25,16,3,13,9,7,2
S01009315,Flat maisonette or apartment or mobile/temporary accommodation,67,24,10,14,43,36,7
S01009316,All households,326,265,114,151,61,17,44
S01009316,Whole house or bungalow: Total,229,213,92,121,16,5,11
S01009316,Whole house or bungalow: Detached,111,105,41,64,6,1,5
S01009316,Whole house or bungalow: Semi-detached,85,82,42,40,3,1,2
S01009316,Whole house or bungalow: Terraced (including end-terrace),33,26,9,17,7,3,4
S01009316,Flat maisonette or apartment or mobile/temporary accommodation,97,52,22,30,45,12,33
S01009317,All households,358,341,164,177,17,3,14
S01009317,Whole house or bungalow: Total,346,335,161,174,11,2,9
S01009317,Whole house or bungalow: Detached,200,196,98,98,4,1,3
S01009317,Whole house or bungalow: Semi-detached,129,125,61,64,4,0,4
S01009317,Whole house or bungalow: Terraced (including end-terrace),17,14,2,12,3,1,2
S01009317,Flat maisonette or apartment or mobile/temporary accommodation,12,6,3,3,6,1,5
S01009318,All households,236,223,108,115,13,3,10
S01009318,Whole house or bungalow: Total,232,221,107,114,11,3,8
S01009318,Whole house or bungalow: Detached,120,119,61,58,1,0,1
S01009318,Whole house or bungalow: Semi-detached,107,99,43,56,8,2,6
S01009318,Whole house or bungalow: Terraced (including end-terrace),5,3,3,0,2,1,1
S01009318,Flat maisonette or apartment or mobile/temporary accommodation,4,2,1,1,2,0,2
S01009319,All households,416,385,218,167,31,14,17
S01009319,Whole house or bungalow: Total,384,367,217,150,17,4,13
S01009319,Whole house or bungalow: Detached,228,225,130,95,3,0,3
S01009319,Whole house or bungalow: Semi-detached,152,139,86,53,13,4,9
S01009319,Whole house or bungalow: Terraced (including end-terrace),4,3,1,2,1,0,1
S01009319,Flat maisonette or apartment or mobile/temporary accommodation,32,18,1,17,14,10,4
S01009320,All households,352,226,83,143,126,110,16
S01009320,Whole house or bungalow: Total,309,225,83,142,84,72,12
S01009320,Whole house or bungalow: Detached,59,53,28,25,6,3,3
S01009320,Whole house or bungalow: Semi-detached,136,102,35,67,34,32,2
S01009320,Whole house or bungalow: Terraced (including end-terrace),114,70,20,50,44,37,7
S01009320,Flat maisonette or apartment or mobile/temporary accommodation,43,1,0,1,42,38,4
S01009321,All households,295,278,150,128,17,3,14
S01009321,Whole house or bungalow: Total,288,274,150,124,14,2,12
S01009321,Whole house or bungalow: Detached,255,245,145,100,10,0,10
S01009321,Whole house or bungalow: Semi-detached,25,22,5,17,3,2,1
S01009321,Whole house or bungalow: Terraced (including end-terrace),8,7,0,7,1,0,1
S01009321,Flat maisonette or apartment or mobile/temporary accommodation,7,4,0,4,3,1,2
S01009322,All households,355,287,130,157,68,42,26
S01009322,Whole house or bungalow: Total,301,264,126,138,37,23,14
S01009322,Whole house or bungalow: Detached,165,154,79,75,11,6,5
S01009322,Whole house or bungalow: Semi-detached,75,63,30,33,12,8,4
S01009322,Whole house or bungalow: Terraced (including end-terrace),61,47,17,30,14,9,5
S01009322,Flat maisonette or apartment or mobile/temporary accommodation,54,23,4,19,31,19,12
S01009323,All households,327,237,117,120,90,63,27
S01009323,Whole house or bungalow: Total,220,179,99,80,41,35,6
S01009323,Whole house or bungalow: Detached,92,89,56,33,3,1,2
S01009323,Whole house or bungalow: Semi-detached,72,48,22,26,24,20,4
S01009323,Whole house or bungalow: Terraced (including end-terrace),56,42,21,21,14,14,0
S01009323,Flat maisonette or apartment or mobile/temporary accommodation,107,58,18,40,49,28,21
S01009324,All households,256,179,66,113,77,48,29
S01009324,Whole house or bungalow: Total,143,123,47,76,20,12,8
S01009324,Whole house or bungalow: Detached,29,28,10,18,1,1,0
S01009324,Whole house or bungalow: Semi-detached,39,35,11,24,4,2,2
S01009324,Whole house or bungalow: Terraced (including end-terrace),75,60,26,34,15,9,6
S01009324,Flat maisonette or apartment or mobile/temporary accommodation,113,56,19,37,57,36,21
S01009325,All households,308,267,80,187,41,10,31
S01009325,Whole house or bungalow: Total,302,264,79,185,38,8,30
S01009325,Whole house or bungalow: Detached,84,81,29,52,3,0,3
S01009325,Whole house or bungalow: Semi-detached,154,139,34,105,15,2,13
S01009325,Whole house or bungalow: Terraced (including end-terrace),64,44,16,28,20,6,14
S01009325,Flat maisonette or apartment or mobile/temporary accommodation,6,3,1,2,3,2,1
S01009326,All households,210,158,27,131,52,46,6
S01009326,Whole house or bungalow: Total,179,148,27,121,31,26,5
S01009326,Whole house or bungalow: Detached,91,89,18,71,2,1,1
S01009326,Whole house or bungalow: Semi-detached,57,37,2,35,20,19,1
S01009326,Whole house or bungalow: Terraced (including end-terrace),31,22,7,15,9,6,3
S01009326,Flat maisonette or apartment or mobile/temporary accommodation,31,10,0,10,21,20,1
S01009327,All households,258,221,127,94,37,28,9
S01009327,Whole house or bungalow: Total,233,212,124,88,21,14,7
S01009327,Whole house or bungalow: Detached,145,144,85,59,1,0,1
S01009327,Whole house or bungalow: Semi-detached,83,67,39,28,16,12,4
S01009327,Whole house or bungalow: Terraced (including end-terrace),5,1,0,1,4,2,2
S01009327,Flat maisonette or apartment or mobile/temporary accommodation,25,9,3,6,16,14,2
S01009328,All households,237,197,17,180,40,0,40
S01009328,Whole house or bungalow: Total,184,175,16,159,9,0,9
S01009328,Whole house or bungalow: Detached,176,168,14,154,8,0,8
S01009328,Whole house or bungalow: Semi-detached,7,6,2,4,1,0,1
S01009328,Whole house or bungalow: Terraced (including end-terrace),1,1,0,1,0,0,0
S01009328,Flat maisonette or apartment or mobile/temporary accommodation,53,22,1,21,31,0,31
S01009329,All households,203,160,18,142,43,17,26
S01009329,Whole house or bungalow: Total,94,78,14,64,16,12,4
S01009329,Whole house or bungalow: Detached,35,35,7,28,0,0,0
S01009329,Whole house or bungalow: Semi-detached,10,9,2,7,1,1,0
S01009329,Whole house or bungalow: Terraced (including end-terrace),49,34,5,29,15,11,4
S01009329,Flat maisonette or apartment or mobile/temporary accommodation,109,82,4,78,27,5,22
S01009330,All households,183,100,19,81,83,64,19
S01009330,Whole house or bungalow: Total,133,83,15,68,50,37,13
S01009330,Whole house or bungalow: Detached,57,53,12,41,4,2,2
S01009330,Whole house or bungalow: Semi-detached,23,10,2,8,13,8,5
S01009330,Whole house or bungalow: Terraced (including end-terrace),53,20,1,19,33,27,6
S01009330,Flat maisonette or apartment or mobile/temporary accommodation,50,17,4,13,33,27,6
S01009331,All households,180,172,27,145,8,0,8
S01009331,Whole house or bungalow: Total,179,171,26,145,8,0,8
S01009331,Whole house or bungalow: Detached,165,157,22,135,8,0,8
S01009331,Whole house or bungalow: Semi-detached,13,13,3,10,0,0,0
S01009331,Whole house or bungalow: Terraced (including end-terrace),1,1,1,0,0,0,0
S01009331,Flat maisonette or apartment or mobile/temporary accommodation,1,1,1,0,0,0,0
S01009332,All households,333,315,122,193,18,7,11
S01009332,Whole house or bungalow: Total,327,312,121,191,15,5,10
S01009332,Whole house or bungalow: Detached,239,236,95,141,3,0,3
S01009332,Whole house or bungalow: Semi-detached,77,70,23,47,7,3,4
S01009332,Whole house or bungalow: Terraced (including end-terrace),11,6,3,3,5,2,3
S01009332,Flat maisonette or apartment or mobile/temporary accommodation,6,3,1,2,3,2,1
S01009333,All households,355,223,74,149,132,72,60
S01009333,Whole house or bungalow: Total,176,127,59,68,49,28,21
S01009333,Whole house or bungalow: Detached,14,11,8,3,3,2,1
S01009333,Whole house or bungalow: Semi-detached,85,56,24,32,29,17,12
S01009333,Whole house or bungalow: Terraced (including end-terrace),77,60,27,33,17,9,8
S01009333,Flat maisonette or apartment or mobile/temporary accommodation,179,96,15,81,83,44,39
S01009334,All households,310,138,58,80,172,146,26
S01009334,Whole house or bungalow: Total,203,128,57,71,75,59,16
S01009334,Whole house or bungalow: Detached,9,7,4,3,2,2,0
S01009334,Whole house or bungalow: Semi-detached,39,17,6,11,22,21,1
S01009334,Whole house or bungalow: Terraced (including end-terrace),155,104,47,57,51,36,15
S01009334,Flat maisonette or apartment or mobile/temporary accommodation,107,10,1,9,97,87,10
S01009335,All households,337,198,84,114,139,113,26
S01009335,Whole house or bungalow: Total,292,196,82,114,96,75,21
S01009335,Whole house or bungalow: Detached,22,11,4,7,11,3,8
S01009335,Whole house or bungalow: Semi-detached,150,110,42,68,40,36,4
S01009335,Whole house or bungalow: Terraced (including end-terrace),120,75,36,39,45,36,9
S01009335,Flat maisonette or apartment or mobile/temporary accommodation,45,2,2,0,43,38,5
S01009336,All households,318,108,51,57,210,179,31
S01009336,Whole house or bungalow: Total,122,82,43,39,40,30,10
S01009336,Whole house or bungalow: Detached,16,10,6,4,6,3,3
S01009336,Whole house or bungalow: Semi-detached,24,8,3,5,16,15,1
S01009336,Whole house or bungalow: Terraced (including end-terrace),82,64,34,30,18,12,6
S01009336,Flat maisonette or apartment or mobile/temporary accommodation,196,26,8,18,170,149,21
S01009337,All households,318,160,50,110,158,138,20
S01009337,Whole house or bungalow: Total,183,104,34,70,79,70,9
S01009337,Whole house or bungalow: Detached,7,4,2,2,3,2,1
S01009337,Whole house or bungalow: Semi-detached,102,58,15,43,44,40,4
S01009337,Whole house or bungalow: Terraced (including end-terrace),74,42,17,25,32,28,4
S01009337,Flat maisonette or apartment or mobile/temporary accommodation,135,56,16,40,79,68,11
S01009338,All households,401,158,60,98,243,222,21
S01009338,Whole house or bungalow: Total,246,154,60,94,92,80,12
S01009338,Whole house or bungalow: Detached,9,5,3,2,4,3,1
S01009338,Whole house or bungalow: Semi-detached,85,43,18,25,42,40,2
S01009338,Whole house or bungalow: Terraced (including end-terrace),152,106,39,67,46,37,9
S01009338,Flat maisonette or apartment or mobile/temporary accommodation,155,4,0,4,151,142,9
S01009339,All households,391,146,51,95,245,216,29
S01009339,Whole house or bungalow: Total,293,141,48,93,152,133,19
S01009339,Whole house or bungalow: Detached,12,4,1,3,8,8,0
S01009339,Whole house or bungalow: Semi-detached,117,48,14,34,69,62,7
S01009339,Whole house or bungalow: Terraced (including end-terrace),164,89,33,56,75,63,12
S01009339,Flat maisonette or apartment or mobile/temporary accommodation,98,5,3,2,93,83,10
S01009340,All households,283,154,66,88,129,107,22
S01009340,Whole house or bungalow: Total,239,150,66,84,89,75,14
S01009340,Whole house or bungalow: Detached,3,0,0,0,3,3,0
S01009340,Whole house or bungalow: Semi-detached,108,71,32,39,37,34,3
S01009340,Whole house or bungalow: Terraced (including end-terrace),128,79,34,45,49,38,11
S01009340,Flat maisonette or apartment or mobile/temporary accommodation,44,4,0,4,40,32,8
S01009341,All households,270,169,70,99,101,78,23
S01009341,Whole house or bungalow: Total,265,166,70,96,99,78,21
S01009341,Whole house or bungalow: Detached,4,1,0,1,3,2,1
S01009341,Whole house or bungalow: Semi-detached,123,67,30,37,56,49,7
S01009341,Whole house or bungalow: Terraced (including end-terrace),138,98,40,58,40,27,13
S01009341,Flat maisonette or apartment or mobile/temporary accommodation,5,3,0,3,2,0,2
S01009342,All households,333,223,84,139,110,82,28
S01009342,Whole house or bungalow: Total,294,202,73,129,92,67,25
S01009342,Whole house or bungalow: Detached,17,10,4,6,7,3,4
S01009342,Whole house or bungalow: Semi-detached,129,95,32,63,34,20,14
S01009342,Whole house or bungalow: Terraced (including end-terrace),148,97,37,60,51,44,7
S01009342,Flat maisonette or apartment or mobile/temporary accommodation,39,21,11,10,18,15,3
S01009343,All households,242,193,65,128,49,27,22
S01009343,Whole house or bungalow: Total,233,189,63,126,44,24,20
S01009343,Whole house or bungalow: Detached,8,4,1,3,4,1,3
S01009343,Whole house or bungalow: Semi-detached,22,15,7,8,7,5,2
S01009343,Whole house or bungalow: Terraced (including end-terrace),203,170,55,115,33,18,15
S01009343,Flat maisonette or apartment or mobile/temporary accommodation,9,4,2,2,5,3,2
S01009344,All households,288,162,78,84,126,109,17
S01009344,Whole house or bungalow: Total,264,157,74,83,107,92,15
S01009344,Whole house or bungalow: Detached,9,5,1,4,4,3,1
S01009344,Whole house or bungalow: Semi-detached,86,48,23,25,38,33,5
S01009344,Whole house or bungalow: Terraced (including end-terrace),169,104,50,54,65,56,9
S01009344,Flat maisonette or apartment or mobile/temporary accommodation,24,5,4,1,19,17,2
S01009345,All households,379,281,96,185,98,47,51
S01009345,Whole house or bungalow: Total,368,275,94,181,93,45,48
S01009345,Whole house or bungalow: Detached,4,3,1,2,1,0,1
S01009345,Whole house or bungalow: Semi-detached,62,41,14,27,21,11,10
S01009345,Whole house or bungalow: Terraced (including end-terrace),302,231,79,152,71,34,37
S01009345,Flat maisonette or apartment or mobile/temporary accommodation,11,6,2,4,5,2,3
S01009346,All households,228,218,26,192,10,2,8
S01009346,Whole house or bungalow: Total,226,217,25,192,9,2,7
S01009346,Whole house or bungalow: Detached,202,198,22,176,4,0,4
S01009346,Whole house or bungalow: Semi-detached,21,18,3,15,3,0,3
S01009346,Whole house or bungalow: Terraced (including end-terrace),3,1,0,1,2,2,0
S01009346,Flat maisonette or apartment or mobile/temporary accommodation,2,1,1,0,1,0,1
S01009347,All households,216,211,47,164,5,0,5
S01009347,Whole house or bungalow: Total,214,210,46,164,4,0,4
S01009347,Whole house or bungalow: Detached,202,198,41,157,4,0,4
S01009347,Whole house or bungalow: Semi-detached,10,10,4,6,0,0,0
S01009347,Whole house or bungalow: Terraced (including end-terrace),2,2,1,1,0,0,0
S01009347,Flat maisonette or apartment or mobile/temporary accommodation,2,1,1,0,1,0,1
S01009348,All households,161,152,15,137,9,0,9
S01009348,Whole house or bungalow: Total,159,152,15,137,7,0,7
S01009348,Whole house or bungalow: Detached,132,126,11,115,6,0,6
S01009348,Whole house or bungalow: Semi-detached,27,26,4,22,1,0,1
S01009348,Whole house or bungalow: Terraced (including end-terrace),0,0,0,0,0,0,0
S01009348,Flat maisonette or apartment or mobile/temporary accommodation,2,0,0,0,2,0,2
S01009349,All households,288,254,35,219,34,3,31
S01009349,Whole house or bungalow: Total,233,219,29,190,14,1,13
S01009349,Whole house or bungalow: Detached,224,214,28,186,10,0,10
S01009349,Whole house or bungalow: Semi-detached,7,4,1,3,3,1,2
S01009349,Whole house or bungalow: Terraced (including end-terrace),2,1,0,1,1,0,1
S01009349,Flat maisonette or apartment or mobile/temporary accommodation,55,35,6,29,20,2,18
S01009350,All households,240,161,21,140,79,44,35
S01009350,Whole house or bungalow: Total,176,120,19,101,56,41,15
S01009350,Whole house or bungalow: Detached,85,80,10,70,5,1,4
S01009350,Whole house or bungalow: Semi-detached,41,20,3,17,21,18,3
S01009350,Whole house or bungalow: Terraced (including end-terrace),50,20,6,14,30,22,8
S01009350,Flat maisonette or apartment or mobile/temporary accommodation,64,41,2,39,23,3,20
S01009351,All households,213,152,26,126,61,2,59
S01009351,Whole house or bungalow: Total,136,119,21,98,17,2,15
S01009351,Whole house or bungalow: Detached,101,91,11,80,10,0,10
S01009351,Whole house or bungalow: Semi-detached,14,13,6,7,1,0,1
S01009351,Whole house or bungalow: Terraced (including end-terrace),21,15,4,11,6,2,4
S01009351,Flat maisonette or apartment or mobile/temporary accommodation,77,33,5,28,44,0,44
S01009352,All households,290,261,31,230,29,1,28
S01009352,Whole house or bungalow: Total,267,249,29,220,18,0,18
S01009352,Whole house or bungalow: Detached,192,186,23,163,6,0,6
S01009352,Whole house or bungalow: Semi-detached,24,18,2,16,6,0,6
S01009352,Whole house or bungalow: Terraced (including end-terrace),51,45,4,41,6,0,6
S01009352,Flat maisonette or apartment or mobile/temporary accommodation,23,12,2,10,11,1,10
S01009353,All households,147,134,27,107,13,1,12
S01009353,Whole house or bungalow: Total,134,124,26,98,10,0,10
S01009353,Whole house or bungalow: Detached,101,94,19,75,7,0,7
S01009353,Whole house or bungalow: Semi-detached,10,10,4,6,0,0,0
S01009353,Whole house or bungalow: Terraced (including end-terrace),23,20,3,17,3,0,3
S01009353,Flat maisonette or apartment or mobile/temporary accommodation,13,10,1,9,3,1,2
S01009354,All households,297,273,31,242,24,1,23
S01009354,Whole house or bungalow: Total,291,270,30,240,21,1,20
S01009354,Whole house or bungalow: Detached,256,242,24,218,14,0,14
S01009354,Whole house or bungalow: Semi-detached,13,9,2,7,4,0,4
S01009354,Whole house or bungalow: Terraced (including end-terrace),22,19,4,15,3,1,2
S01009354,Flat maisonette or apartment or mobile/temporary accommodation,6,3,1,2,3,0,3
S01009355,All households,367,331,163,168,36,8,28
S01009355,Whole house or bungalow: Total,346,322,159,163,24,5,19
S01009355,Whole house or bungalow: Detached,174,166,87,79,8,1,7
S01009355,Whole house or bungalow: Semi-detached,158,147,71,76,11,1,10
S01009355,Whole house or bungalow: Terraced (including end-terrace),14,9,1,8,5,3,2
S01009355,Flat maisonette or apartment or mobile/temporary accommodation,21,9,4,5,12,3,9
S01009356,All households,411,390,185,205,21,3,18
S01009356,Whole house or bungalow: Total,395,377,183,194,18,3,15
S01009356,Whole house or bungalow: Detached,165,160,81,79,5,1,4
S01009356,Whole house or bungalow: Semi-detached,226,217,102,115,9,1,8
S01009356,Whole house or bungalow: Terraced (including end-terrace),4,0,0,0,4,1,3
S01009356,Flat maisonette or apartment or mobile/temporary accommodation,16,13,2,11,3,0,3
S01009357,All households,179,131,31,100,48,2,46
S01009357,Whole house or bungalow: Total,155,127,31,96,28,2,26
S01009357,Whole house or bungalow: Detached,118,107,27,80,11,1,10
S01009357,Whole house or bungalow: Semi-detached,23,15,3,12,8,1,7
S01009357,Whole house or bungalow: Terraced (including end-terrace),14,5,1,4,9,0,9
S01009357,Flat maisonette or apartment or mobile/temporary accommodation,24,4,0,4,20,0,20
S01009358,All households,256,252,84,168,4,0,4
S01009358,Whole house or bungalow: Total,253,250,84,166,3,0,3
S01009358,Whole house or bungalow: Detached,248,245,84,161,3,0,3
S01009358,Whole house or bungalow: Semi-detached,5,5,0,5,0,0,0
S01009358,Whole house or bungalow: Terraced (including end-terrace),0,0,0,0,0,0,0
S01009358,Flat maisonette or apartment or mobile/temporary accommodation,3,2,0,2,1,0,1
S01009359,All households,277,247,41,206,30,7,23
S01009359,Whole house or bungalow: Total,247,226,41,185,21,3,18
S01009359,Whole house or bungalow: Detached,194,187,35,152,7,0,7
S01009359,Whole house or bungalow: Semi-detached,29,27,4,23,2,1,1
S01009359,Whole house or bungalow: Terraced (including end-terrace),24,12,2,10,12,2,10
S01009359,Flat maisonette or apartment or mobile/temporary accommodation,30,21,0,21,9,4,5
S01009360,All households,376,309,154,155,67,21,46
S01009360,Whole house or bungalow: Total,305,260,140,120,45,17,28
S01009360,Whole house or bungalow: Detached,135,127,67,60,8,0,8
S01009360,Whole house or bungalow: Semi-detached,93,78,44,34,15,5,10
S01009360,Whole house or bungalow: Terraced (including end-terrace),77,55,29,26,22,12,10
S01009360,Flat maisonette or apartment or mobile/temporary accommodation,71,49,14,35,22,4,18
S01009361,All households,342,282,131,151,60,30,30
S01009361,Whole house or bungalow: Total,315,265,126,139,50,29,21
S01009361,Whole house or bungalow: Detached,113,100,47,53,13,5,8
S01009361,Whole house or bungalow: Semi-detached,148,132,67,65,16,9,7
S01009361,Whole house or bungalow: Terraced (including end-terrace),54,33,12,21,21,15,6
S01009361,Flat maisonette or apartment or mobile/temporary accommodation,27,17,5,12,10,1,9
S01009362,All households,417,389,190,199,28,4,24
S01009362,Whole house or bungalow: Total,409,387,189,198,22,1,21
S01009362,Whole house or bungalow: Detached,149,144,80,64,5,0,5
S01009362,Whole house or bungalow: Semi-detached,230,217,100,117,13,0,13
S01009362,Whole house or bungalow: Terraced (including end-terrace),30,26,9,17,4,1,3
S01009362,Flat maisonette or apartment or mobile/temporary accommodation,8,2,1,1,6,3,3
S01009363,All households,373,261,117,144,112,79,33
S01009363,Whole house or bungalow: Total,281,213,105,108,68,51,17
S01009363,Whole house or bungalow: Detached,30,26,19,7,4,2,2
S01009363,Whole house or bungalow: Semi-detached,55,37,15,22,18,12,6
S01009363,Whole house or bungalow: Terraced (including end-terrace),196,150,71,79,46,37,9
S01009363,Flat maisonette or apartment or mobile/temporary accommodation,92,48,12,36,44,28,16
S01009364,All households,325,260,69,191,65,34,31
S01009364,Whole house or bungalow: Total,298,250,68,182,48,27,21
S01009364,Whole house or bungalow: Detached,43,39,7,32,4,2,2
S01009364,Whole house or bungalow: Semi-detached,34,26,4,22,8,6,2
S01009364,Whole house or bungalow: Terraced (including end-terrace),221,185,57,128,36,19,17
S01009364,Flat maisonette or apartment or mobile/temporary accommodation,27,10,1,9,17,7,10
S01009365,All households,277,209,93,116,68,36,32
S01009365,Whole house or bungalow: Total,160,144,72,72,16,12,4
S01009365,Whole house or bungalow: Detached,5,5,2,3,0,0,0
S01009365,Whole house or bungalow: Semi-detached,23,21,9,12,2,1,1
S01009365,Whole house or bungalow: Terraced (including end-terrace),132,118,61,57,14,11,3
S01009365,Flat maisonette or apartment or mobile/temporary accommodation,117,65,21,44,52,24,28
S01009366,All households,351,244,112,132,107,72,35
S01009366,Whole house or bungalow: Total,268,197,93,104,71,49,22
S01009366,Whole house or bungalow: Detached,7,6,1,5,1,1,0
S01009366,Whole house or bungalow: Semi-detached,119,91,48,43,28,13,15
S01009366,Whole house or bungalow: Terraced (including end-terrace),142,100,44,56,42,35,7
S01009366,Flat maisonette or apartment or mobile/temporary accommodation,83,47,19,28,36,23,13
S01009367,All households,296,180,69,111,116,80,36
S01009367,Whole house or bungalow: Total,246,168,66,102,78,56,22
S01009367,Whole house or bungalow: Detached,4,1,1,0,3,3,0
S01009367,Whole house or bungalow: Semi-detached,44,31,18,13,13,4,9
S01009367,Whole house or bungalow: Terraced (including end-terrace),198,136,47,89,62,49,13
S01009367,Flat maisonette or apartment or mobile/temporary accommodation,50,12,3,9,38,24,14
S01009368,All households,211,119,42,77,92,80,12
S01009368,Whole house or bungalow: Total,207,116,42,74,91,79,12
S01009368,Whole house or bungalow: Detached,21,18,10,8,3,2,1
S01009368,Whole house or bungalow: Semi-detached,120,72,23,49,48,39,9
S01009368,Whole house or bungalow: Terraced (including end-terrace),66,26,9,17,40,38,2
S01009368,Flat maisonette or apartment or mobile/temporary accommodation,4,3,0,3,1,1,0
S01009369,All households,255,180,74,106,75,47,28
S01009369,Whole house or bungalow: Total,238,170,72,98,68,44,24
S01009369,Whole house or bungalow: Detached,5,3,1,2,2,2,0
S01009369,Whole house or bungalow: Semi-detached,81,65,32,33,16,6,10
S01009369,Whole house or bungalow: Terraced (including end-terrace),152,102,39,63,50,36,14
S01009369,Flat maisonette or apartment or mobile/temporary accommodation,17,10,2,8,7,3,4
S01009370,All households,381,286,135,151,95,68,27
S01009370,Whole house or bungalow: Total,277,227,114,113,50,37,13
S01009370,Whole house or bungalow: Detached,82,77,49,28,5,1,4
S01009370,Whole house or bungalow: Semi-detached,97,73,35,38,24,17,7
S01009370,Whole house or bungalow: Terraced (including end-terrace),98,77,30,47,21,19,2
S01009370,Flat maisonette or apartment or mobile/temporary accommodation,104,59,21,38,45,31,14
S01009371,All households,242,171,67,104,71,43,28
S01009371,Whole house or bungalow: Total,236,171,67,104,65,42,23
S01009371,Whole house or bungalow: Detached,7,5,4,1,2,1,1
S01009371,Whole house or bungalow: Semi-detached,34,25,16,9,9,3,6
S01009371,Whole house or bungalow: Terraced (including end-terrace),195,141,47,94,54,38,16
S01009371,Flat maisonette or apartment or mobile/temporary accommodation,6,0,0,0,6,1,5
S01009372,All households,219,149,55,94,70,51,19
S01009372,Whole house or bungalow: Total,215,147,54,93,68,50,18
S01009372,Whole house or bungalow: Detached,10,10,3,7,0,0,0
S01009372,Whole house or bungalow: Semi-detached,48,37,18,19,11,7,4
S01009372,Whole house or bungalow: Terraced (including end-terrace),157,100,33,67,57,43,14
S01009372,Flat maisonette or apartment or mobile/temporary accommodation,4,2,1,1,2,1,1
S01009373,All households,398,208,72,136,190,145,45
S01009373,Whole house or bungalow: Total,252,163,55,108,89,66,23
S01009373,Whole house or bungalow: Detached,13,6,3,3,7,5,2
S01009373,Whole house or bungalow: Semi-detached,44,30,11,19,14,10,4
S01009373,Whole house or bungalow: Terraced (including end-terrace),195,127,41,86,68,51,17
S01009373,Flat maisonette or apartment or mobile/temporary accommodation,146,45,17,28,101,79,22
S01009374,All households,432,236,107,129,196,168,28
S01009374,Whole house or bungalow: Total,324,207,100,107,117,106,11
S01009374,Whole house or bungalow: Detached,64,52,32,20,12,12,0
S01009374,Whole house or bungalow: Semi-detached,91,53,23,30,38,36,2
S01009374,Whole house or bungalow: Terraced (including end-terrace),169,102,45,57,67,58,9
S01009374,Flat maisonette or apartment or mobile/temporary accommodation,108,29,7,22,79,62,17
S01009375,All households,337,203,83,120,134,107,27
S01009375,Whole house or bungalow: Total,294,197,81,116,97,77,20
S01009375,Whole house or bungalow: Detached,10,6,1,5,4,4,0
S01009375,Whole house or bungalow: Semi-detached,35,21,7,14,14,11,3
S01009375,Whole house or bungalow: Terraced (including end-terrace),249,170,73,97,79,62,17
S01009375,Flat maisonette or apartment or mobile/temporary accommodation,43,6,2,4,37,30,7
S01009376,All households,271,152,58,94,119,102,17
S01009376,Whole house or bungalow: Total,199,140,56,84,59,48,11
S01009376,Whole house or bungalow: Detached,8,5,3,2,3,2,1
S01009376,Whole house or bungalow: Semi-detached,23,14,8,6,9,8,1
S01009376,Whole house or bungalow: Terraced (including end-terrace),168,121,45,76,47,38,9
S01009376,Flat maisonette or apartment or mobile/temporary accommodation,72,12,2,10,60,54,6
S01009377,All households,373,244,38,206,129,34,95
S01009377,Whole house or bungalow: Total,279,198,32,166,81,30,51
S01009377,Whole house or bungalow: Detached,17,17,4,13,0,0,0
S01009377,Whole house or bungalow: Semi-detached,69,45,10,35,24,6,18
S01009377,Whole house or bungalow: Terraced (including end-terrace),193,136,18,118,57,24,33
S01009377,Flat maisonette or apartment or mobile/temporary accommodation,94,46,6,40,48,4,44
S01009378,All households,388,205,50,155,183,146,37
S01009378,Whole house or bungalow: Total,317,161,41,120,156,143,13
S01009378,Whole house or bungalow: Detached,97,95,28,67,2,1,1
S01009378,Whole house or bungalow: Semi-detached,48,20,5,15,28,26,2
S01009378,Whole house or bungalow: Terraced (including end-terrace),172,46,8,38,126,116,10
S01009378,Flat maisonette or apartment or mobile/temporary accommodation,71,44,9,35,27,3,24
S01009379,All households,337,245,31,214,92,66,26
S01009379,Whole house or bungalow: Total,297,220,27,193,77,62,15
S01009379,Whole house or bungalow: Detached,181,171,21,150,10,4,6
S01009379,Whole house or bungalow: Semi-detached,48,31,5,26,17,13,4
S01009379,Whole house or bungalow: Terraced (including end-terrace),68,18,1,17,50,45,5
S01009379,Flat maisonette or apartment or mobile/temporary accommodation,40,25,4,21,15,4,11
S01009380,All households,200,146,30,116,54,9,45
S01009380,Whole house or bungalow: Total,155,117,28,89,38,6,32
S01009380,Whole house or bungalow: Detached,23,12,7,5,11,0,11
S01009380,Whole house or bungalow: Semi-detached,95,78,15,63,17,4,13
S01009380,Whole house or bungalow: Terraced (including end-terrace),37,27,6,21,10,2,8
S01009380,Flat maisonette or apartment or mobile/temporary accommodation,45,29,2,27,16,3,13
S01009381,All households,284,209,73,136,75,22,53
S01009381,Whole house or bungalow: Total,225,192,68,124,33,12,21
S01009381,Whole house or bungalow: Detached,61,61,28,33,0,0,0
S01009381,Whole house or bungalow: Semi-detached,80,67,17,50,13,5,8
S01009381,Whole house or bungalow: Terraced (including end-terrace),84,64,23,41,20,7,13
S01009381,Flat maisonette or apartment or mobile/temporary accommodation,59,17,5,12,42,10,32
S01009382,All households,377,206,84,122,171,131,40
S01009382,Whole house or bungalow: Total,298,187,75,112,111,91,20
S01009382,Whole house or bungalow: Detached,42,38,17,21,4,3,1
S01009382,Whole house or bungalow: Semi-detached,70,38,15,23,32,22,10
S01009382,Whole house or bungalow: Terraced (including end-terrace),186,111,43,68,75,66,9
S01009382,Flat maisonette or apartment or mobile/temporary accommodation,79,19,9,10,60,40,20
S01009383,All households,439,234,83,151,205,105,100
S01009383,Whole house or bungalow: Total,222,144,59,85,78,58,20
S01009383,Whole house or bungalow: Detached,26,24,9,15,2,0,2
S01009383,Whole house or bungalow: Semi-detached,29,13,7,6,16,12,4
S01009383,Whole house or bungalow: Terraced (including end-terrace),167,107,43,64,60,46,14
S01009383,Flat maisonette or apartment or mobile/temporary accommodation,217,90,24,66,127,47,80
S01009384,All households,248,206,106,100,42,15,27
S01009384,Whole house or bungalow: Total,214,189,102,87,25,8,17
S01009384,Whole house or bungalow: Detached,161,152,89,63,9,0,9
S01009384,Whole house or bungalow: Semi-detached,34,25,12,13,9,5,4
S01009384,Whole house or bungalow: Terraced (including end-terrace),19,12,1,11,7,3,4
S01009384,Flat maisonette or apartment or mobile/temporary accommodation,34,17,4,13,17,7,10
S01009385,All households,220,174,79,95,46,25,21
S01009385,Whole house or bungalow: Total,154,133,67,66,21,10,11
S01009385,Whole house or bungalow: Detached,58,55,35,20,3,1,2
S01009385,Whole house or bungalow: Semi-detached,53,47,20,27,6,3,3
S01009385,Whole house or bungalow: Terraced (including end-terrace),43,31,12,19,12,6,6
S01009385,Flat maisonette or apartment or mobile/temporary accommodation,66,41,12,29,25,15,10
S01009386,All households,279,205,95,110,74,61,13
S01009386,Whole house or bungalow: Total,253,201,94,107,52,42,10
S01009386,Whole house or bungalow: Detached,11,10,7,3,1,0,1
S01009386,Whole house or bungalow: Semi-detached,43,38,17,21,5,3,2
S01009386,Whole house or bungalow: Terraced (including end-terrace),199,153,70,83,46,39,7
S01009386,Flat maisonette or apartment or mobile/temporary accommodation,26,4,1,3,22,19,3
S01009387,All households,260,143,57,86,117,94,23
S01009387,Whole house or bungalow: Total,228,140,57,83,88,67,21
S01009387,Whole house or bungalow: Detached,12,6,3,3,6,3,3
S01009387,Whole house or bungalow: Semi-detached,39,28,9,19,11,10,1
S01009387,Whole house or bungalow: Terraced (including end-terrace),177,106,45,61,71,54,17
S01009387,Flat maisonette or apartment or mobile/temporary accommodation,32,3,0,3,29,27,2
S01009388,All households,423,125,45,80,298,243,55
S01009388,Whole house or bungalow: Total,89,56,22,34,33,21,12
S01009388,Whole house or bungalow: Detached,17,12,3,9,5,0,5
S01009388,Whole house or bungalow: Semi-detached,44,28,11,17,16,11,5
S01009388,Whole house or bungalow: Terraced (including end-terrace),28,16,8,8,12,10,2
S01009388,Flat maisonette or apartment or mobile/temporary accommodation,334,69,23,46,265,222,43
S01009389,All households,460,296,153,143,164,70,94
S01009389,Whole house or bungalow: Total,252,227,125,102,25,14,11
S01009389,Whole house or bungalow: Detached,86,82,43,39,4,1,3
S01009389,Whole house or bungalow: Semi-detached,137,126,73,53,11,5,6
S01009389,Whole house or bungalow: Terraced (including end-terrace),29,19,9,10,10,8,2
S01009389,Flat maisonette or apartment or mobile/temporary accommodation,208,69,28,41,139,56,83
S01009390,All households,270,250,59,191,20,1,19
S01009390,Whole house or bungalow: Total,232,226,47,179,6,1,5
S01009390,Whole house or bungalow: Detached,219,214,47,167,5,0,5
S01009390,Whole house or bungalow: Semi-detached,8,7,0,7,1,1,0
S01009390,Whole house or bungalow: Terraced (including end-terrace),5,5,0,5,0,0,0
S01009390,Flat maisonette or apartment or mobile/temporary accommodation,38,24,12,12,14,0,14
S01009391,All households,259,234,41,193,25,0,25
S01009391,Whole house or bungalow: Total,259,234,41,193,25,0,25
S01009391,Whole house or bungalow: Detached,125,119,26,93,6,0,6
S01009391,Whole house or bungalow: Semi-detached,128,110,12,98,18,0,18
S01009391,Whole house or bungalow: Terraced (including end-terrace),6,5,3,2,1,0,1
S01009391,Flat maisonette or apartment or mobile/temporary accommodation,0,0,0,0,0,0,0
S01009392,All households,193,179,34,145,14,0,14
S01009392,Whole house or bungalow: Total,190,176,34,142,14,0,14
S01009392,Whole house or bungalow: Detached,125,118,20,98,7,0,7
S01009392,Whole house or bungalow: Semi-detached,50,44,10,34,6,0,6
S01009392,Whole house or bungalow: Terraced (including end-terrace),15,14,4,10,1,0,1
S01009392,Flat maisonette or apartment or mobile/temporary accommodation,3,3,0,3,0,0,0
S01009393,All households,265,245,106,139,20,4,16
S01009393,Whole house or bungalow: Total,264,245,106,139,19,4,15
S01009393,Whole house or bungalow: Detached,159,155,65,90,4,0,4
S01009393,Whole house or bungalow: Semi-detached,86,75,35,40,11,3,8
S01009393,Whole house or bungalow: Terraced (including end-terrace),19,15,6,9,4,1,3
S01009393,Flat maisonette or apartment or mobile/temporary accommodation,1,0,0,0,1,0,1
S01009394,All households,451,316,140,176,135,5,130
S01009394,Whole house or bungalow: Total,239,199,91,108,40,2,38
S01009394,Whole house or bungalow: Detached,136,129,68,61,7,0,7
S01009394,Whole house or bungalow: Semi-detached,39,27,11,16,12,0,12
S01009394,Whole house or bungalow: Terraced (including end-terrace),64,43,12,31,21,2,19
S01009394,Flat maisonette or apartment or mobile/temporary accommodation,212,117,49,68,95,3,92
S01009395,All households,305,293,175,118,12,1,11
S01009395,Whole house or bungalow: Total,301,289,174,115,12,1,11
S01009395,Whole house or bungalow: Detached,244,240,145,95,4,0,4
S01009395,Whole house or bungalow: Semi-detached,32,29,16,13,3,1,2
S01009395,Whole house or bungalow: Terraced (including end-terrace),25,20,13,7,5,0,5
S01009395,Flat maisonette or apartment or mobile/temporary accommodation,4,4,1,3,0,0,0
S01009396,All households,301,281,170,111,20,3,17
S01009396,Whole house or bungalow: Total,279,263,157,106,16,2,14
S01009396,Whole house or bungalow: Detached,227,221,139,82,6,1,5
S01009396,Whole house or bungalow: Semi-detached,18,13,4,9,5,0,5
S01009396,Whole house or bungalow: Terraced (including end-terrace),34,29,14,15,5,1,4
S01009396,Flat maisonette or apartment or mobile/temporary accommodation,22,18,13,5,4,1,3
S01009397,All households,330,284,126,158,46,2,44
S01009397,Whole house or bungalow: Total,273,245,116,129,28,1,27
S01009397,Whole house or bungalow: Detached,167,161,80,81,6,0,6
S01009397,Whole house or bungalow: Semi-detached,96,77,34,43,19,1,18
S01009397,Whole house or bungalow: Terraced (including end-terrace),10,7,2,5,3,0,3
S01009397,Flat maisonette or apartment or mobile/temporary accommodation,57,39,10,29,18,1,17
S01009398,All households,308,251,84,167,57,4,53
S01009398,Whole house or bungalow: Total,287,239,80,159,48,4,44
S01009398,Whole house or bungalow: Detached,68,66,27,39,2,0,2
S01009398,Whole house or bungalow: Semi-detached,178,149,45,104,29,4,25
S01009398,Whole house or bungalow: Terraced (including end-terrace),41,24,8,16,17,0,17
S01009398,Flat maisonette or apartment or mobile/temporary accommodation,21,12,4,8,9,0,9
S01009399,All households,311,270,133,137,41,11,30
S01009399,Whole house or bungalow: Total,303,267,131,136,36,8,28
S01009399,Whole house or bungalow: Detached,147,141,77,64,6,0,6
S01009399,Whole house or bungalow: Semi-detached,130,108,49,59,22,7,15
S01009399,Whole house or bungalow: Terraced (including end-terrace),26,18,5,13,8,1,7
S01009399,Flat maisonette or apartment or mobile/temporary accommodation,8,3,2,1,5,3,2
S01009400,All households,221,184,79,105,37,22,15
S01009400,Whole house or bungalow: Total,218,182,78,104,36,22,14
S01009400,Whole house or bungalow: Detached,18,17,4,13,1,0,1
S01009400,Whole house or bungalow: Semi-detached,57,47,24,23,10,6,4
S01009400,Whole house or bungalow: Terraced (including end-terrace),143,118,50,68,25,16,9
S01009400,Flat maisonette or apartment or mobile/temporary accommodation,3,2,1,1,1,0,1
S01009401,All households,284,263,158,105,21,8,13
S01009401,Whole house or bungalow: Total,281,261,158,103,20,8,12
S01009401,Whole house or bungalow: Detached,181,180,120,60,1,0,1
S01009401,Whole house or bungalow: Semi-detached,62,55,29,26,7,1,6
S01009401,Whole house or bungalow: Terraced (including end-terrace),38,26,9,17,12,7,5
S01009401,Flat maisonette or apartment or mobile/temporary accommodation,3,2,0,2,1,0,1
S01009402,All households,397,376,194,182,21,2,19
S01009402,Whole house or bungalow: Total,390,370,191,179,20,1,19
S01009402,Whole house or bungalow: Detached,238,228,119,109,10,1,9
S01009402,Whole house or bungalow: Semi-detached,119,114,63,51,5,0,5
S01009402,Whole house or bungalow: Terraced (including end-terrace),33,28,9,19,5,0,5
S01009402,Flat maisonette or apartment or mobile/temporary accommodation,7,6,3,3,1,1,0
S01009403,All households,206,176,57,119,30,18,12
S01009403,Whole house or bungalow: Total,204,175,56,119,29,17,12
S01009403,Whole house or bungalow: Detached,65,62,21,41,3,0,3
S01009403,Whole house or bungalow: Semi-detached,93,82,27,55,11,6,5
S01009403,Whole house or bungalow: Terraced (including end-terrace),46,31,8,23,15,11,4
S01009403,Flat maisonette or apartment or mobile/temporary accommodation,2,1,1,0,1,1,0
S01009404,All households,232,124,47,77,108,78,30
S01009404,Whole house or bungalow: Total,103,71,28,43,32,20,12
S01009404,Whole house or bungalow: Detached,36,33,17,16,3,0,3
S01009404,Whole house or bungalow: Semi-detached,51,29,11,18,22,15,7
S01009404,Whole house or bungalow: Terraced (including end-terrace),16,9,0,9,7,5,2
S01009404,Flat maisonette or apartment or mobile/temporary accommodation,129,53,19,34,76,58,18
S01009405,All households,157,138,79,59,19,6,13
S01009405,Whole house or bungalow: Total,110,97,40,57,13,3,10
S01009405,Whole house or bungalow: Detached,72,68,31,37,4,0,4
S01009405,Whole house or bungalow: Semi-detached,29,22,8,14,7,1,6
S01009405,Whole house or bungalow: Terraced (including end-terrace),9,7,1,6,2,2,0
S01009405,Flat maisonette or apartment or mobile/temporary accommodation,47,41,39,2,6,3,3
S01009406,All households,429,296,127,169,133,80,53
S01009406,Whole house or bungalow: Total,303,226,108,118,77,55,22
S01009406,Whole house or bungalow: Detached,76,65,35,30,11,4,7
S01009406,Whole house or bungalow: Semi-detached,152,108,50,58,44,32,12
S01009406,Whole house or bungalow: Terraced (including end-terrace),75,53,23,30,22,19,3
S01009406,Flat maisonette or apartment or mobile/temporary accommodation,126,70,19,51,56,25,31
S01009407,All households,227,175,73,102,52,36,16
S01009407,Whole house or bungalow: Total,187,160,69,91,27,20,7
S01009407,Whole house or bungalow: Detached,83,79,40,39,4,1,3
S01009407,Whole house or bungalow: Semi-detached,60,45,18,27,15,11,4
S01009407,Whole house or bungalow: Terraced (including end-terrace),44,36,11,25,8,8,0
S01009407,Flat maisonette or apartment or mobile/temporary accommodation,40,15,4,11,25,16,9
S01009408,All households,307,242,81,161,65,27,38
S01009408,Whole house or bungalow: Total,258,220,75,145,38,20,18
S01009408,Whole house or bungalow: Detached,154,143,39,104,11,0,11
S01009408,Whole house or bungalow: Semi-detached,82,66,32,34,16,13,3
S01009408,Whole house or bungalow: Terraced (including end-terrace),22,11,4,7,11,7,4
S01009408,Flat maisonette or apartment or mobile/temporary accommodation,49,22,6,16,27,7,20
S01009409,All households,308,206,96,110,102,78,24
S01009409,Whole house or bungalow: Total,258,191,91,100,67,48,19
S01009409,Whole house or bungalow: Detached,25,19,12,7,6,2,4
S01009409,Whole house or bungalow: Semi-detached,80,51,20,31,29,20,9
S01009409,Whole house or bungalow: Terraced (including end-terrace),153,121,59,62,32,26,6
S01009409,Flat maisonette or apartment or mobile/temporary accommodation,50,15,5,10,35,30,5
S01009410,All households,351,159,60,99,192,165,27
S01009410,Whole house or bungalow: Total,282,154,59,95,128,106,22
S01009410,Whole house or bungalow: Detached,30,24,13,11,6,5,1
S01009410,Whole house or bungalow: Semi-detached,125,61,25,36,64,56,8
S01009410,Whole house or bungalow: Terraced (including end-terrace),127,69,21,48,58,45,13
S01009410,Flat maisonette or apartment or mobile/temporary accommodation,69,5,1,4,64,59,5
S01009411,All households,364,201,82,119,163,136,27
S01009411,Whole house or bungalow: Total,331,196,81,115,135,113,22
S01009411,Whole house or bungalow: Detached,19,14,7,7,5,2,3
S01009411,Whole house or bungalow: Semi-detached,233,141,58,83,92,79,13
S01009411,Whole house or bungalow: Terraced (including end-terrace),79,41,16,25,38,32,6
S01009411,Flat maisonette or apartment or mobile/temporary accommodation,33,5,1,4,28,23,5
S01009412,All households,407,203,87,116,204,186,18
S01009412,Whole house or bungalow: Total,296,181,78,103,115,104,11
S01009412,Whole house or bungalow: Detached,12,6,3,3,6,5,1
S01009412,Whole house or bungalow: Semi-detached,189,117,52,65,72,67,5
S01009412,Whole house or bungalow: Terraced (including end-terrace),95,58,23,35,37,32,5
S01009412,Flat maisonette or apartment or mobile/temporary accommodation,111,22,9,13,89,82,7
S01009413,All households,456,311,130,181,145,108,37
S01009413,Whole house or bungalow: Total,391,291,126,165,100,80,20
S01009413,Whole house or bungalow: Detached,43,41,23,18,2,2,0
S01009413,Whole house or bungalow: Semi-detached,238,166,74,92,72,55,17
S01009413,Whole house or bungalow: Terraced (including end-terrace),110,84,29,55,26,23,3
S01009413,Flat maisonette or apartment or mobile/temporary accommodation,65,20,4,16,45,28,17
S01009414,All households,292,217,86,131,75,63,12
S01009414,Whole house or bungalow: Total,286,214,85,129,72,62,10
S01009414,Whole house or bungalow: Detached,50,44,23,21,6,6,0
S01009414,Whole house or bungalow: Semi-detached,98,74,36,38,24,19,5
S01009414,Whole house or bungalow: Terraced (including end-terrace),138,96,26,70,42,37,5
S01009414,Flat maisonette or apartment or mobile/temporary accommodation,6,3,1,2,3,1,2
S01009415,All households,386,216,86,130,170,95,75
S01009415,Whole house or bungalow: Total,214,158,67,91,56,34,22
S01009415,Whole house or bungalow: Detached,59,55,27,28,4,3,1
S01009415,Whole house or bungalow: Semi-detached,91,60,25,35,31,20,11
S01009415,Whole house or bungalow: Terraced (including end-terrace),64,43,15,28,21,11,10
S01009415,Flat maisonette or apartment or mobile/temporary accommodation,172,58,19,39,114,61,53
S01009416,All households,201,180,80,100,21,15,6
S01009416,Whole house or bungalow: Total,200,180,80,100,20,14,6
S01009416,Whole house or bungalow: Detached,94,92,46,46,2,0,2
S01009416,Whole house or bungalow: Semi-detached,77,73,28,45,4,1,3
S01009416,Whole house or bungalow: Terraced (including end-terrace),29,15,6,9,14,13,1
S01009416,Flat maisonette or apartment or mobile/temporary accommodation,1,0,0,0,1,1,0
S01009417,All households,114,86,21,65,28,13,15
S01009417,Whole house or bungalow: Total,107,85,21,64,22,9,13
S01009417,Whole house or bungalow: Detached,73,63,17,46,10,0,10
S01009417,Whole house or bungalow: Semi-detached,27,19,2,17,8,6,2
S01009417,Whole house or bungalow: Terraced (including end-terrace),7,3,2,1,4,3,1
S01009417,Flat maisonette or apartment or mobile/temporary accommodation,7,1,0,1,6,4,2
S01009418,All households,517,284,120,164,233,161,72
S01009418,Whole house or bungalow: Total,340,229,106,123,111,93,18
S01009418,Whole house or bungalow: Detached,59,56,21,35,3,2,1
S01009418,Whole house or bungalow: Semi-detached,146,86,48,38,60,55,5
S01009418,Whole house or bungalow: Terraced (including end-terrace),135,87,37,50,48,36,12
S01009418,Flat maisonette or apartment or mobile/temporary accommodation,177,55,14,41,122,68,54
S01009419,All households,245,138,49,89,107,94,13
S01009419,Whole house or bungalow: Total,212,133,48,85,79,66,13
S01009419,Whole house or bungalow: Detached,19,17,7,10,2,2,0
S01009419,Whole house or bungalow: Semi-detached,83,56,22,34,27,20,7
S01009419,Whole house or bungalow: Terraced (including end-terrace),110,60,19,41,50,44,6
S01009419,Flat maisonette or apartment or mobile/temporary accommodation,33,5,1,4,28,28,0
S01009420,All households,253,88,37,51,165,153,12
S01009420,Whole house or bungalow: Total,173,78,34,44,95,85,10
S01009420,Whole house or bungalow: Detached,5,2,1,1,3,1,2
S01009420,Whole house or bungalow: Semi-detached,58,31,14,17,27,25,2
S01009420,Whole house or bungalow: Terraced (including end-terrace),110,45,19,26,65,59,6
S01009420,Flat maisonette or apartment or mobile/temporary accommodation,80,10,3,7,70,68,2
S01009421,All households,295,142,69,73,153,143,10
S01009421,Whole house or bungalow: Total,149,121,62,59,28,25,3
S01009421,Whole house or bungalow: Detached,44,43,28,15,1,0,1
S01009421,Whole house or bungalow: Semi-detached,63,50,22,28,13,13,0
S01009421,Whole house or bungalow: Terraced (including end-terrace),42,28,12,16,14,12,2
S01009421,Flat maisonette or apartment or mobile/temporary accommodation,146,21,7,14,125,118,7
S01009422,All households,369,251,115,136,118,92,26
S01009422,Whole house or bungalow: Total,291,228,103,125,63,47,16
S01009422,Whole house or bungalow: Detached,56,46,25,21,10,6,4
S01009422,Whole house or bungalow: Semi-detached,82,61,31,30,21,14,7
S01009422,Whole house or bungalow: Terraced (including end-terrace),153,121,47,74,32,27,5
S01009422,Flat maisonette or apartment or mobile/temporary accommodation,78,23,12,11,55,45,10
S01009423,All households,336,302,56,246,34,10,24
S01009423,Whole house or bungalow: Total,329,299,54,245,30,7,23
S01009423,Whole house or bungalow: Detached,203,194,37,157,9,0,9
S01009423,Whole house or bungalow: Semi-detached,74,63,9,54,11,3,8
S01009423,Whole house or bungalow: Terraced (including end-terrace),52,42,8,34,10,4,6
S01009423,Flat maisonette or apartment or mobile/temporary accommodation,7,3,2,1,4,3,1
S01009424,All households,250,180,70,110,70,50,20
S01009424,Whole house or bungalow: Total,193,164,65,99,29,22,7
S01009424,Whole house or bungalow: Detached,131,122,52,70,9,7,2
S01009424,Whole house or bungalow: Semi-detached,50,34,9,25,16,12,4
S01009424,Whole house or bungalow: Terraced (including end-terrace),12,8,4,4,4,3,1
S01009424,Flat maisonette or apartment or mobile/temporary accommodation,57,16,5,11,41,28,13
S01009425,All households,372,250,134,116,122,84,38
S01009425,Whole house or bungalow: Total,240,208,117,91,32,23,9
S01009425,Whole house or bungalow: Detached,125,120,70,50,5,0,5
S01009425,Whole house or bungalow: Semi-detached,68,53,25,28,15,12,3
S01009425,Whole house or bungalow: Terraced (including end-terrace),47,35,22,13,12,11,1
S01009425,Flat maisonette or apartment or mobile/temporary accommodation,132,42,17,25,90,61,29
S01009426,All households,415,172,72,100,243,199,44
S01009426,Whole house or bungalow: Total,157,93,40,53,64,50,14
S01009426,Whole house or bungalow: Detached,40,26,8,18,14,10,4
S01009426,Whole house or bungalow: Semi-detached,56,33,14,19,23,15,8
S01009426,Whole house or bungalow: Terraced (including end-terrace),61,34,18,16,27,25,2
S01009426,Flat maisonette or apartment or mobile/temporary accommodation,258,79,32,47,179,149,30
S01009427,All households,326,150,65,85,176,148,28
S01009427,Whole house or bungalow: Total,123,81,40,41,42,33,9
S01009427,Whole house or bungalow: Detached,45,35,16,19,10,6,4
S01009427,Whole house or bungalow: Semi-detached,45,26,15,11,19,16,3
S01009427,Whole house or bungalow: Terraced (including end-terrace),33,20,9,11,13,11,2
S01009427,Flat maisonette or apartment or mobile/temporary accommodation,203,69,25,44,134,115,19
S01009428,All households,235,143,56,87,92,79,13
S01009428,Whole house or bungalow: Total,227,142,56,86,85,73,12
S01009428,Whole house or bungalow: Detached,16,10,5,5,6,4,2
S01009428,Whole house or bungalow: Semi-detached,144,92,37,55,52,45,7
S01009428,Whole house or bungalow: Terraced (including end-terrace),67,40,14,26,27,24,3
S01009428,Flat maisonette or apartment or mobile/temporary accommodation,8,1,0,1,7,6,1
S01009429,All households,341,142,74,68,199,174,25
S01009429,Whole house or bungalow: Total,262,138,72,66,124,100,24
S01009429,Whole house or bungalow: Detached,19,8,1,7,11,8,3
S01009429,Whole house or bungalow: Semi-detached,143,74,39,35,69,54,15
S01009429,Whole house or bungalow: Terraced (including end-terrace),100,56,32,24,44,38,6
S01009429,Flat maisonette or apartment or mobile/temporary accommodation,79,4,2,2,75,74,1
S01009430,All households,338,168,82,86,170,133,37
S01009430,Whole house or bungalow: Total,283,163,78,85,120,85,35
S01009430,Whole house or bungalow: Detached,55,35,18,17,20,8,12
S01009430,Whole house or bungalow: Semi-detached,151,95,41,54,56,47,9
S01009430,Whole house or bungalow: Terraced (including end-terrace),77,33,19,14,44,30,14
S01009430,Flat maisonette or apartment or mobile/temporary accommodation,55,5,4,1,50,48,2
S01009431,All households,330,179,100,79,151,106,45
S01009431,Whole house or bungalow: Total,235,160,88,72,75,37,38
S01009431,Whole house or bungalow: Detached,61,48,28,20,13,4,9
S01009431,Whole house or bungalow: Semi-detached,137,94,54,40,43,21,22
S01009431,Whole house or bungalow: Terraced (including end-terrace),37,18,6,12,19,12,7
S01009431,Flat maisonette or apartment or mobile/temporary accommodation,95,19,12,7,76,69,7
S01009432,All households,321,125,49,76,196,179,17
S01009432,Whole house or bungalow: Total,290,123,48,75,167,152,15
S01009432,Whole house or bungalow: Detached,26,9,5,4,17,16,1
S01009432,Whole house or bungalow: Semi-detached,115,54,23,31,61,52,9
S01009432,Whole house or bungalow: Terraced (including end-terrace),149,60,20,40,89,84,5
S01009432,Flat maisonette or apartment or mobile/temporary accommodation,31,2,1,1,29,27,2
S01009433,All households,330,143,44,99,187,168,19
S01009433,Whole house or bungalow: Total,311,142,43,99,169,154,15
S01009433,Whole house or bungalow: Detached,29,17,2,15,12,11,1
S01009433,Whole house or bungalow: Semi-detached,92,40,14,26,52,48,4
S01009433,Whole house or bungalow: Terraced (including end-terrace),190,85,27,58,105,95,10
S01009433,Flat maisonette or apartment or mobile/temporary accommodation,19,1,1,0,18,14,4
S01009434,All households,248,122,61,61,126,112,14
S01009434,Whole house or bungalow: Total,228,119,60,59,109,97,12
S01009434,Whole house or bungalow: Detached,16,9,6,3,7,6,1
S01009434,Whole house or bungalow: Semi-detached,67,42,27,15,25,22,3
S01009434,Whole house or bungalow: Terraced (including end-terrace),145,68,27,41,77,69,8
S01009434,Flat maisonette or apartment or mobile/temporary accommodation,20,3,1,2,17,15,2
S01009435,All households,347,97,42,55,250,236,14
S01009435,Whole house or bungalow: Total,320,95,41,54,225,212,13
S01009435,Whole house or bungalow: Detached,30,14,5,9,16,15,1
S01009435,Whole house or bungalow: Semi-detached,91,31,15,16,60,58,2
S01009435,Whole house or bungalow: Terraced (including end-terrace),199,50,21,29,149,139,10
S01009435,Flat maisonette or apartment or mobile/temporary accommodation,27,2,1,1,25,24,1
S01009436,All households,298,160,63,97,138,116,22
S01009436,Whole house or bungalow: Total,172,114,45,69,58,50,8
S01009436,Whole house or bungalow: Detached,38,32,9,23,6,1,5
S01009436,Whole house or bungalow: Semi-detached,106,64,28,36,42,40,2
S01009436,Whole house or bungalow: Terraced (including end-terrace),28,18,8,10,10,9,1
S01009436,Flat maisonette or apartment or mobile/temporary accommodation,126,46,18,28,80,66,14
S01009437,All households,318,186,64,122,132,108,24
S01009437,Whole house or bungalow: Total,233,150,49,101,83,70,13
S01009437,Whole house or bungalow: Detached,44,38,13,25,6,5,1
S01009437,Whole house or bungalow: Semi-detached,78,47,16,31,31,24,7
S01009437,Whole house or bungalow: Terraced (including end-terrace),111,65,20,45,46,41,5
S01009437,Flat maisonette or apartment or mobile/temporary accommodation,85,36,15,21,49,38,11
S01009438,All households,410,187,86,101,223,206,17
S01009438,Whole house or bungalow: Total,307,174,83,91,133,119,14
S01009438,Whole house or bungalow: Detached,62,48,26,22,14,10,4
S01009438,Whole house or bungalow: Semi-detached,129,75,38,37,54,48,6
S01009438,Whole house or bungalow: Terraced (including end-terrace),116,51,19,32,65,61,4
S01009438,Flat maisonette or apartment or mobile/temporary accommodation,103,13,3,10,90,87,3
S01009439,All households,386,168,66,102,218,203,15
S01009439,Whole house or bungalow: Total,359,165,64,101,194,179,15
S01009439,Whole house or bungalow: Detached,21,12,6,6,9,7,2
S01009439,Whole house or bungalow: Semi-detached,142,62,17,45,80,73,7
S01009439,Whole house or bungalow: Terraced (including end-terrace),196,91,41,50,105,99,6
S01009439,Flat maisonette or apartment or mobile/temporary accommodation,27,3,2,1,24,24,0
S01009440,All households,328,145,67,78,183,158,25
S01009440,Whole house or bungalow: Total,266,134,61,73,132,114,18
S01009440,Whole house or bungalow: Detached,26,17,6,11,9,6,3
S01009440,Whole house or bungalow: Semi-detached,106,57,24,33,49,41,8
S01009440,Whole house or bungalow: Terraced (including end-terrace),134,60,31,29,74,67,7
S01009440,Flat maisonette or apartment or mobile/temporary accommodation,62,11,6,5,51,44,7
S01009441,All households,370,109,49,60,261,237,24
S01009441,Whole house or bungalow: Total,310,109,49,60,201,180,21
S01009441,Whole house or bungalow: Detached,18,8,3,5,10,7,3
S01009441,Whole house or bungalow: Semi-detached,144,47,22,25,97,82,15
S01009441,Whole house or bungalow: Terraced (including end-terrace),148,54,24,30,94,91,3
S01009441,Flat maisonette or apartment or mobile/temporary accommodation,60,0,0,0,60,57,3
S01009442,All households,216,162,61,101,54,10,44
S01009442,Whole house or bungalow: Total,208,156,59,97,52,9,43
S01009442,Whole house or bungalow: Detached,133,103,40,63,30,2,28
S01009442,Whole house or bungalow: Semi-detached,64,46,17,29,18,5,13
S01009442,Whole house or bungalow: Terraced (including end-terrace),11,7,2,5,4,2,2
S01009442,Flat maisonette or apartment or mobile/temporary accommodation,8,6,2,4,2,1,1
S01009443,All households,288,203,86,117,85,49,36
S01009443,Whole house or bungalow: Total,233,182,82,100,51,20,31
S01009443,Whole house or bungalow: Detached,107,94,43,51,13,1,12
S01009443,Whole house or bungalow: Semi-detached,103,70,31,39,33,16,17
S01009443,Whole house or bungalow: Terraced (including end-terrace),23,18,8,10,5,3,2
S01009443,Flat maisonette or apartment or mobile/temporary accommodation,55,21,4,17,34,29,5
S01009444,All households,305,271,105,166,34,18,16
S01009444,Whole house or bungalow: Total,292,264,102,162,28,15,13
S01009444,Whole house or bungalow: Detached,175,169,55,114,6,0,6
S01009444,Whole house or bungalow: Semi-detached,86,75,41,34,11,6,5
S01009444,Whole house or bungalow: Terraced (including end-terrace),31,20,6,14,11,9,2
S01009444,Flat maisonette or apartment or mobile/temporary accommodation,13,7,3,4,6,3,3
S01009445,All households,320,212,90,122,108,94,14
S01009445,Whole house or bungalow: Total,300,210,89,121,90,77,13
S01009445,Whole house or bungalow: Detached,17,13,6,7,4,3,1
S01009445,Whole house or bungalow: Semi-detached,229,154,63,91,75,66,9
S01009445,Whole house or bungalow: Terraced (including end-terrace),54,43,20,23,11,8,3
S01009445,Flat maisonette or apartment or mobile/temporary accommodation,20,2,1,1,18,17,1
S01009446,All households,471,179,79,100,292,239,53
S01009446,Whole house or bungalow: Total,206,131,63,68,75,57,18
S01009446,Whole house or bungalow: Detached,30,22,13,9,8,5,3
S01009446,Whole house or bungalow: Semi-detached,96,63,36,27,33,25,8
S01009446,Whole house or bungalow: Terraced (including end-terrace),80,46,14,32,34,27,7
S01009446,Flat maisonette or apartment or mobile/temporary accommodation,265,48,16,32,217,182,35
S01009447,All households,238,135,62,73,103,78,25
S01009447,Whole house or bungalow: Total,162,118,55,63,44,32,12
S01009447,Whole house or bungalow: Detached,26,18,14,4,8,4,4
S01009447,Whole house or bungalow: Semi-detached,84,62,24,38,22,16,6
S01009447,Whole house or bungalow: Terraced (including end-terrace),52,38,17,21,14,12,2
S01009447,Flat maisonette or apartment or mobile/temporary accommodation,76,17,7,10,59,46,13
S01009448,All households,343,247,92,155,96,71,25
S01009448,Whole house or bungalow: Total,287,226,85,141,61,47,14
S01009448,Whole house or bungalow: Detached,99,87,22,65,12,4,8
S01009448,Whole house or bungalow: Semi-detached,147,114,49,65,33,27,6
S01009448,Whole house or bungalow: Terraced (including end-terrace),41,25,14,11,16,16,0
S01009448,Flat maisonette or apartment or mobile/temporary accommodation,56,21,7,14,35,24,11
S01009449,All households,231,150,80,70,81,60,21
S01009449,Whole house or bungalow: Total,199,141,76,65,58,44,14
S01009449,Whole house or bungalow: Detached,14,11,4,7,3,1,2
S01009449,Whole house or bungalow: Semi-detached,121,79,40,39,42,32,10
S01009449,Whole house or bungalow: Terraced (including end-terrace),64,51,32,19,13,11,2
S01009449,Flat maisonette or apartment or mobile/temporary accommodation,32,9,4,5,23,16,7
S01009450,All households,307,103,43,60,204,169,35
S01009450,Whole house or bungalow: Total,169,68,30,38,101,91,10
S01009450,Whole house or bungalow: Detached,8,4,2,2,4,3,1
S01009450,Whole house or bungalow: Semi-detached,100,39,22,17,61,57,4
S01009450,Whole house or bungalow: Terraced (including end-terrace),61,25,6,19,36,31,5
S01009450,Flat maisonette or apartment or mobile/temporary accommodation,138,35,13,22,103,78,25
S01009451,All households,427,202,99,103,225,190,35
S01009451,Whole house or bungalow: Total,218,150,87,63,68,56,12
S01009451,Whole house or bungalow: Detached,27,23,16,7,4,3,1
S01009451,Whole house or bungalow: Semi-detached,173,114,64,50,59,51,8
S01009451,Whole house or bungalow: Terraced (including end-terrace),18,13,7,6,5,2,3
S01009451,Flat maisonette or apartment or mobile/temporary accommodation,209,52,12,40,157,134,23
S01009452,All households,269,122,56,66,147,114,33
S01009452,Whole house or bungalow: Total,156,93,43,50,63,50,13
S01009452,Whole house or bungalow: Detached,18,13,8,5,5,3,2
S01009452,Whole house or bungalow: Semi-detached,62,39,15,24,23,17,6
S01009452,Whole house or bungalow: Terraced (including end-terrace),76,41,20,21,35,30,5
S01009452,Flat maisonette or apartment or mobile/temporary accommodation,113,29,13,16,84,64,20
S01009453,All households,493,269,111,158,224,175,49
S01009453,Whole house or bungalow: Total,300,208,91,117,92,71,21
S01009453,Whole house or bungalow: Detached,66,57,18,39,9,6,3
S01009453,Whole house or bungalow: Semi-detached,170,108,52,56,62,48,14
S01009453,Whole house or bungalow: Terraced (including end-terrace),64,43,21,22,21,17,4
S01009453,Flat maisonette or apartment or mobile/temporary accommodation,193,61,20,41,132,104,28
S01009454,All households,397,310,156,154,87,24,63
S01009454,Whole house or bungalow: Total,281,235,121,114,46,20,26
S01009454,Whole house or bungalow: Detached,107,100,50,50,7,0,7
S01009454,Whole house or bungalow: Semi-detached,100,79,44,35,21,12,9
S01009454,Whole house or bungalow: Terraced (including end-terrace),74,56,27,29,18,8,10
S01009454,Flat maisonette or apartment or mobile/temporary accommodation,116,75,35,40,41,4,37
S01009455,All households,386,319,207,112,67,12,55
S01009455,Whole house or bungalow: Total,304,266,177,89,38,4,34
S01009455,Whole house or bungalow: Detached,207,186,128,58,21,0,21
S01009455,Whole house or bungalow: Semi-detached,57,48,31,17,9,3,6
S01009455,Whole house or bungalow: Terraced (including end-terrace),40,32,18,14,8,1,7
S01009455,Flat maisonette or apartment or mobile/temporary accommodation,82,53,30,23,29,8,21
S01009456,All households,358,204,87,117,154,109,45
S01009456,Whole house or bungalow: Total,250,174,77,97,76,53,23
S01009456,Whole house or bungalow: Detached,57,49,17,32,8,1,7
S01009456,Whole house or bungalow: Semi-detached,72,41,13,28,31,24,7
S01009456,Whole house or bungalow: Terraced (including end-terrace),121,84,47,37,37,28,9
S01009456,Flat maisonette or apartment or mobile/temporary accommodation,108,30,10,20,78,56,22
S01009457,All households,254,186,100,86,68,17,51
S01009457,Whole house or bungalow: Total,234,180,97,83,54,8,46
S01009457,Whole house or bungalow: Detached,152,127,73,54,25,0,25
S01009457,Whole house or bungalow: Semi-detached,60,37,16,21,23,5,18
S01009457,Whole house or bungalow: Terraced (including end-terrace),22,16,8,8,6,3,3
S01009457,Flat maisonette or apartment or mobile/temporary accommodation,20,6,3,3,14,9,5
S01009458,All households,332,222,110,112,110,65,45
S01009458,Whole house or bungalow: Total,164,144,77,67,20,5,15
S01009458,Whole house or bungalow: Detached,48,44,22,22,4,0,4
S01009458,Whole house or bungalow: Semi-detached,88,74,43,31,14,5,9
S01009458,Whole house or bungalow: Terraced (including end-terrace),28,26,12,14,2,0,2
S01009458,Flat maisonette or apartment or mobile/temporary accommodation,168,78,33,45,90,60,30
S01009459,All households,457,248,112,136,209,132,77
S01009459,Whole house or bungalow: Total,192,154,71,83,38,25,13
S01009459,Whole house or bungalow: Detached,65,62,29,33,3,0,3
S01009459,Whole house or bungalow: Semi-detached,77,61,26,35,16,11,5
S01009459,Whole house or bungalow: Terraced (including end-terrace),50,31,16,15,19,14,5
S01009459,Flat maisonette or apartment or mobile/temporary accommodation,265,94,41,53,171,107,64
S01009460,All households,399,118,40,78,281,237,44
S01009460,Whole house or bungalow: Total,86,50,19,31,36,28,8
S01009460,Whole house or bungalow: Detached,8,7,2,5,1,1,0
S01009460,Whole house or bungalow: Semi-detached,32,18,8,10,14,8,6
S01009460,Whole house or bungalow: Terraced (including end-terrace),46,25,9,16,21,19,2
S01009460,Flat maisonette or apartment or mobile/temporary accommodation,313,68,21,47,245,209,36
S01009461,All households,201,189,46,143,12,6,6
S01009461,Whole house or bungalow: Total,196,188,46,142,8,3,5
S01009461,Whole house or bungalow: Detached,181,177,43,134,4,0,4
S01009461,Whole house or bungalow: Semi-detached,12,10,3,7,2,2,0
S01009461,Whole house or bungalow: Terraced (including end-terrace),3,1,0,1,2,1,1
S01009461,Flat maisonette or apartment or mobile/temporary accommodation,5,1,0,1,4,3,1
S01009462,All households,292,211,110,101,81,63,18
S01009462,Whole house or bungalow: Total,251,191,98,93,60,48,12
S01009462,Whole house or bungalow: Detached,43,39,23,16,4,0,4
S01009462,Whole house or bungalow: Semi-detached,113,86,42,44,27,23,4
S01009462,Whole house or bungalow: Terraced (including end-terrace),95,66,33,33,29,25,4
S01009462,Flat maisonette or apartment or mobile/temporary accommodation,41,20,12,8,21,15,6
S01009463,All households,306,227,118,109,79,63,16
S01009463,Whole house or bungalow: Total,248,209,111,98,39,26,13
S01009463,Whole house or bungalow: Detached,67,64,40,24,3,0,3
S01009463,Whole house or bungalow: Semi-detached,103,95,54,41,8,2,6
S01009463,Whole house or bungalow: Terraced (including end-terrace),78,50,17,33,28,24,4
S01009463,Flat maisonette or apartment or mobile/temporary accommodation,58,18,7,11,40,37,3
S01009464,All households,378,317,150,167,61,29,32
S01009464,Whole house or bungalow: Total,272,242,121,121,30,15,15
S01009464,Whole house or bungalow: Detached,98,94,48,46,4,0,4
S01009464,Whole house or bungalow: Semi-detached,114,101,48,53,13,5,8
S01009464,Whole house or bungalow: Terraced (including end-terrace),60,47,25,22,13,10,3
S01009464,Flat maisonette or apartment or mobile/temporary accommodation,106,75,29,46,31,14,17
S01009465,All households,269,196,94,102,73,58,15
S01009465,Whole house or bungalow: Total,206,156,80,76,50,43,7
S01009465,Whole house or bungalow: Detached,24,23,11,12,1,1,0
S01009465,Whole house or bungalow: Semi-detached,68,56,26,30,12,10,2
S01009465,Whole house or bungalow: Terraced (including end-terrace),114,77,43,34,37,32,5
S01009465,Flat maisonette or apartment or mobile/temporary accommodation,63,40,14,26,23,15,8
S01009466,All households,256,241,136,105,15,3,12
S01009466,Whole house or bungalow: Total,193,184,112,72,9,3,6
S01009466,Whole house or bungalow: Detached,81,80,55,25,1,0,1
S01009466,Whole house or bungalow: Semi-detached,85,80,41,39,5,0,5
S01009466,Whole house or bungalow: Terraced (including end-terrace),27,24,16,8,3,3,0
S01009466,Flat maisonette or apartment or mobile/temporary accommodation,63,57,24,33,6,0,6
S01009467,All households,330,284,151,133,46,18,28
S01009467,Whole house or bungalow: Total,270,246,136,110,24,11,13
S01009467,Whole house or bungalow: Detached,123,119,75,44,4,0,4
S01009467,Whole house or bungalow: Semi-detached,110,95,47,48,15,9,6
S01009467,Whole house or bungalow: Terraced (including end-terrace),37,32,14,18,5,2,3
S01009467,Flat maisonette or apartment or mobile/temporary accommodation,60,38,15,23,22,7,15
S01009468,All households,385,215,97,118,170,129,41
S01009468,Whole house or bungalow: Total,125,102,46,56,23,18,5
S01009468,Whole house or bungalow: Detached,32,28,21,7,4,1,3
S01009468,Whole house or bungalow: Semi-detached,72,55,19,36,17,16,1
S01009468,Whole house or bungalow: Terraced (including end-terrace),21,19,6,13,2,1,1
S01009468,Flat maisonette or apartment or mobile/temporary accommodation,260,113,51,62,147,111,36
S01009469,All households,393,313,167,146,80,44,36
S01009469,Whole house or bungalow: Total,270,244,144,100,26,15,11
S01009469,Whole house or bungalow: Detached,124,118,74,44,6,0,6
S01009469,Whole house or bungalow: Semi-detached,72,62,34,28,10,6,4
S01009469,Whole house or bungalow: Terraced (including end-terrace),74,64,36,28,10,9,1
S01009469,Flat maisonette or apartment or mobile/temporary accommodation,123,69,23,46,54,29,25
S01009470,All households,232,180,98,82,52,34,18
S01009470,Whole house or bungalow: Total,158,148,89,59,10,2,8
S01009470,Whole house or bungalow: Detached,88,83,48,35,5,0,5
S01009470,Whole house or bungalow: Semi-detached,56,51,34,17,5,2,3
S01009470,Whole house or bungalow: Terraced (including end-terrace),14,14,7,7,0,0,0
S01009470,Flat maisonette or apartment or mobile/temporary accommodation,74,32,9,23,42,32,10
S01009471,All households,414,113,61,52,301,261,40
S01009471,Whole house or bungalow: Total,46,34,18,16,12,3,9
S01009471,Whole house or bungalow: Detached,5,4,1,3,1,0,1
S01009471,Whole house or bungalow: Semi-detached,25,21,11,10,4,1,3
S01009471,Whole house or bungalow: Terraced (including end-terrace),16,9,6,3,7,2,5
S01009471,Flat maisonette or apartment or mobile/temporary accommodation,368,79,43,36,289,258,31
S01009472,All households,435,191,104,87,244,193,51
S01009472,Whole house or bungalow: Total,171,127,76,51,44,29,15
S01009472,Whole house or bungalow: Detached,37,28,17,11,9,4,5
S01009472,Whole house or bungalow: Semi-detached,93,78,49,29,15,10,5
S01009472,Whole house or bungalow: Terraced (including end-terrace),41,21,10,11,20,15,5
S01009472,Flat maisonette or apartment or mobile/temporary accommodation,264,64,28,36,200,164,36
S01009473,All households,464,152,70,82,312,143,169
S01009473,Whole house or bungalow: Total,102,48,28,20,54,31,23
S01009473,Whole house or bungalow: Detached,15,10,6,4,5,1,4
S01009473,Whole house or bungalow: Semi-detached,58,25,16,9,33,21,12
S01009473,Whole house or bungalow: Terraced (including end-terrace),29,13,6,7,16,9,7
S01009473,Flat maisonette or apartment or mobile/temporary accommodation,362,104,42,62,258,112,146
S01009474,All households,403,178,65,113,225,185,40
S01009474,Whole house or bungalow: Total,189,152,54,98,37,24,13
S01009474,Whole house or bungalow: Detached,99,93,31,62,6,0,6
S01009474,Whole house or bungalow: Semi-detached,59,42,11,31,17,13,4
S01009474,Whole house or bungalow: Terraced (including end-terrace),31,17,12,5,14,11,3
S01009474,Flat maisonette or apartment or mobile/temporary accommodation,214,26,11,15,188,161,27
S01009475,All households,222,195,67,128,27,3,24
S01009475,Whole house or bungalow: Total,188,177,62,115,11,0,11
S01009475,Whole house or bungalow: Detached,174,165,61,104,9,0,9
S01009475,Whole house or bungalow: Semi-detached,11,10,0,10,1,0,1
S01009475,Whole house or bungalow: Terraced (including end-terrace),3,2,1,1,1,0,1
S01009475,Flat maisonette or apartment or mobile/temporary accommodation,34,18,5,13,16,3,13
S01009476,All households,169,133,40,93,36,2,34
S01009476,Whole house or bungalow: Total,149,122,37,85,27,2,25
S01009476,Whole house or bungalow: Detached,119,105,30,75,14,0,14
S01009476,Whole house or bungalow: Semi-detached,16,8,3,5,8,0,8
S01009476,Whole house or bungalow: Terraced (including end-terrace),14,9,4,5,5,2,3
S01009476,Flat maisonette or apartment or mobile/temporary accommodation,20,11,3,8,9,0,9
S01009477,All households,358,262,131,131,96,45,51
S01009477,Whole house or bungalow: Total,134,118,54,64,16,11,5
S01009477,Whole house or bungalow: Detached,33,31,15,16,2,0,2
S01009477,Whole house or bungalow: Semi-detached,57,51,25,26,6,5,1
S01009477,Whole house or bungalow: Terraced (including end-terrace),44,36,14,22,8,6,2
S01009477,Flat maisonette or apartment or mobile/temporary accommodation,224,144,77,67,80,34,46
S01009478,All households,480,246,93,153,234,102,132
S01009478,Whole house or bungalow: Total,128,88,41,47,40,22,18
S01009478,Whole house or bungalow: Detached,28,21,10,11,7,2,5
S01009478,Whole house or bungalow: Semi-detached,26,23,12,11,3,1,2
S01009478,Whole house or bungalow: Terraced (including end-terrace),74,44,19,25,30,19,11
S01009478,Flat maisonette or apartment or mobile/temporary accommodation,352,158,52,106,194,80,114
S01009479,All households,420,230,114,116,190,85,105
S01009479,Whole house or bungalow: Total,123,114,68,46,9,1,8
S01009479,Whole house or bungalow: Detached,23,22,15,7,1,0,1
S01009479,Whole house or bungalow: Semi-detached,60,57,37,20,3,1,2
S01009479,Whole house or bungalow: Terraced (including end-terrace),40,35,16,19,5,0,5
S01009479,Flat maisonette or apartment or mobile/temporary accommodation,297,116,46,70,181,84,97
S01009480,All households,420,328,180,148,92,50,42
S01009480,Whole house or bungalow: Total,204,191,96,95,13,3,10
S01009480,Whole house or bungalow: Detached,41,38,18,20,3,0,3
S01009480,Whole house or bungalow: Semi-detached,111,105,53,52,6,1,5
S01009480,Whole house or bungalow: Terraced (including end-terrace),52,48,25,23,4,2,2
S01009480,Flat maisonette or apartment or mobile/temporary accommodation,216,137,84,53,79,47,32
S01009481,All households,489,317,129,188,172,36,136
S01009481,Whole house or bungalow: Total,186,149,74,75,37,8,29
S01009481,Whole house or bungalow: Detached,27,25,14,11,2,0,2
S01009481,Whole house or bungalow: Semi-detached,101,80,43,37,21,7,14
S01009481,Whole house or bungalow: Terraced (including end-terrace),58,44,17,27,14,1,13
S01009481,Flat maisonette or apartment or mobile/temporary accommodation,303,168,55,113,135,28,107
S01009482,All households,332,196,77,119,136,17,119
S01009482,Whole house or bungalow: Total,84,67,35,32,17,4,13
S01009482,Whole house or bungalow: Detached,21,20,12,8,1,1,0
S01009482,Whole house or bungalow: Semi-detached,36,34,18,16,2,1,1
S01009482,Whole house or bungalow: Terraced (including end-terrace),27,13,5,8,14,2,12
S01009482,Flat maisonette or apartment or mobile/temporary accommodation,248,129,42,87,119,13,106
S01009483,All households,403,280,108,172,123,6,117
S01009483,Whole house or bungalow: Total,117,104,51,53,13,1,12
S01009483,Whole house or bungalow: Detached,13,10,6,4,3,0,3
S01009483,Whole house or bungalow: Semi-detached,77,73,31,42,4,1,3
S01009483,Whole house or bungalow: Terraced (including end-terrace),27,21,14,7,6,0,6
S01009483,Flat maisonette or apartment or mobile/temporary accommodation,286,176,57,119,110,5,105
S01009484,All households,427,261,159,102,166,97,69
S01009484,Whole house or bungalow: Total,133,110,69,41,23,9,14
S01009484,Whole house or bungalow: Detached,46,45,32,13,1,0,1
S01009484,Whole house or bungalow: Semi-detached,68,51,30,21,17,7,10
S01009484,Whole house or bungalow: Terraced (including end-terrace),19,14,7,7,5,2,3
S01009484,Flat maisonette or apartment or mobile/temporary accommodation,294,151,90,61,143,88,55
S01009485,All households,362,204,114,90,158,116,42
S01009485,Whole house or bungalow: Total,208,151,88,63,57,43,14
S01009485,Whole house or bungalow: Detached,70,65,45,20,5,2,3
S01009485,Whole house or bungalow: Semi-detached,107,78,42,36,29,23,6
S01009485,Whole house or bungalow: Terraced (including end-terrace),31,8,1,7,23,18,5
S01009485,Flat maisonette or apartment or mobile/temporary accommodation,154,53,26,27,101,73,28
S01009486,All households,313,233,137,96,80,51,29
S01009486,Whole house or bungalow: Total,196,181,108,73,15,2,13
S01009486,Whole house or bungalow: Detached,120,116,72,44,4,0,4
S01009486,Whole house or bungalow: Semi-detached,67,58,35,23,9,1,8
S01009486,Whole house or bungalow: Terraced (including end-terrace),9,7,1,6,2,1,1
S01009486,Flat maisonette or apartment or mobile/temporary accommodation,117,52,29,23,65,49,16
S01009487,All households,385,228,109,119,157,120,37
S01009487,Whole house or bungalow: Total,218,164,77,87,54,43,11
S01009487,Whole house or bungalow: Detached,22,20,10,10,2,1,1
S01009487,Whole house or bungalow: Semi-detached,116,91,41,50,25,20,5
S01009487,Whole house or bungalow: Terraced (including end-terrace),80,53,26,27,27,22,5
S01009487,Flat maisonette or apartment or mobile/temporary accommodation,167,64,32,32,103,77,26
S01009488,All households,267,197,88,109,70,58,12
S01009488,Whole house or bungalow: Total,261,195,87,108,66,54,12
S01009488,Whole house or bungalow: Detached,51,47,24,23,4,2,2
S01009488,Whole house or bungalow: Semi-detached,139,108,52,56,31,25,6
S01009488,Whole house or bungalow: Terraced (including end-terrace),71,40,11,29,31,27,4
S01009488,Flat maisonette or apartment or mobile/temporary accommodation,6,2,1,1,4,4,0
S01009489,All households,389,195,88,107,194,147,47
S01009489,Whole house or bungalow: Total,214,147,75,72,67,44,23
S01009489,Whole house or bungalow: Detached,51,31,17,14,20,17,3
S01009489,Whole house or bungalow: Semi-detached,88,65,30,35,23,15,8
S01009489,Whole house or bungalow: Terraced (including end-terrace),75,51,28,23,24,12,12
S01009489,Flat maisonette or apartment or mobile/temporary accommodation,175,48,13,35,127,103,24
S01009490,All households,394,148,59,89,246,222,24
S01009490,Whole house or bungalow: Total,141,94,45,49,47,38,9
S01009490,Whole house or bungalow: Detached,22,19,12,7,3,1,2
S01009490,Whole house or bungalow: Semi-detached,64,42,23,19,22,17,5
S01009490,Whole house or bungalow: Terraced (including end-terrace),55,33,10,23,22,20,2
S01009490,Flat maisonette or apartment or mobile/temporary accommodation,253,54,14,40,199,184,15
S01009491,All households,332,196,101,95,136,119,17
S01009491,Whole house or bungalow: Total,286,185,96,89,101,87,14
S01009491,Whole house or bungalow: Detached,21,18,10,8,3,3,0
S01009491,Whole house or bungalow: Semi-detached,188,115,59,56,73,65,8
S01009491,Whole house or bungalow: Terraced (including end-terrace),77,52,27,25,25,19,6
S01009491,Flat maisonette or apartment or mobile/temporary accommodation,46,11,5,6,35,32,3
S01009492,All households,310,185,74,111,125,103,22
S01009492,Whole house or bungalow: Total,289,174,67,107,115,94,21
S01009492,Whole house or bungalow: Detached,11,2,2,0,9,7,2
S01009492,Whole house or bungalow: Semi-detached,157,87,35,52,70,57,13
S01009492,Whole house or bungalow: Terraced (including end-terrace),121,85,30,55,36,30,6
S01009492,Flat maisonette or apartment or mobile/temporary accommodation,21,11,7,4,10,9,1
S01009493,All households,366,347,238,109,19,8,11
S01009493,Whole house or bungalow: Total,349,336,235,101,13,5,8
S01009493,Whole house or bungalow: Detached,304,298,212,86,6,1,5
S01009493,Whole house or bungalow: Semi-detached,37,35,21,14,2,1,1
S01009493,Whole house or bungalow: Terraced (including end-terrace),8,3,2,1,5,3,2
S01009493,Flat maisonette or apartment or mobile/temporary accommodation,17,11,3,8,6,3,3
S01009494,All households,387,318,118,200,69,6,63
S01009494,Whole house or bungalow: Total,342,301,111,190,41,2,39
S01009494,Whole house or bungalow: Detached,184,168,71,97,16,1,15
S01009494,Whole house or bungalow: Semi-detached,152,132,40,92,20,0,20
S01009494,Whole house or bungalow: Terraced (including end-terrace),6,1,0,1,5,1,4
S01009494,Flat maisonette or apartment or mobile/temporary accommodation,45,17,7,10,28,4,24
S01009495,All households,375,338,119,219,37,5,32
S01009495,Whole house or bungalow: Total,343,313,115,198,30,4,26
S01009495,Whole house or bungalow: Detached,174,169,75,94,5,0,5
S01009495,Whole house or bungalow: Semi-detached,129,113,33,80,16,3,13
S01009495,Whole house or bungalow: Terraced (including end-terrace),40,31,7,24,9,1,8
S01009495,Flat maisonette or apartment or mobile/temporary accommodation,32,25,4,21,7,1,6
S01009496,All households,371,224,101,123,147,112,35
S01009496,Whole house or bungalow: Total,315,207,95,112,108,79,29
S01009496,Whole house or bungalow: Detached,7,6,4,2,1,0,1
S01009496,Whole house or bungalow: Semi-detached,43,18,11,7,25,19,6
S01009496,Whole house or bungalow: Terraced (including end-terrace),265,183,80,103,82,60,22
S01009496,Flat maisonette or apartment or mobile/temporary accommodation,56,17,6,11,39,33,6
S01009497,All households,426,316,121,195,110,74,36
S01009497,Whole house or bungalow: Total,382,293,118,175,89,63,26
S01009497,Whole house or bungalow: Detached,42,39,11,28,3,1,2
S01009497,Whole house or bungalow: Semi-detached,111,76,25,51,35,25,10
S01009497,Whole house or bungalow: Terraced (including end-terrace),229,178,82,96,51,37,14
S01009497,Flat maisonette or apartment or mobile/temporary accommodation,44,23,3,20,21,11,10
S01009498,All households,276,262,157,105,14,6,8
S01009498,Whole house or bungalow: Total,273,262,157,105,11,4,7
S01009498,Whole house or bungalow: Detached,174,170,114,56,4,0,4
S01009498,Whole house or bungalow: Semi-detached,90,84,39,45,6,3,3
S01009498,Whole house or bungalow: Terraced (including end-terrace),9,8,4,4,1,1,0
S01009498,Flat maisonette or apartment or mobile/temporary accommodation,3,0,0,0,3,2,1
S01009499,All households,357,262,146,116,95,79,16
S01009499,Whole house or bungalow: Total,304,258,146,112,46,33,13
S01009499,Whole house or bungalow: Detached,84,79,60,19,5,4,1
S01009499,Whole house or bungalow: Semi-detached,149,125,62,63,24,14,10
S01009499,Whole house or bungalow: Terraced (including end-terrace),71,54,24,30,17,15,2
S01009499,Flat maisonette or apartment or mobile/temporary accommodation,53,4,0,4,49,46,3
S01009500,All households,382,169,70,99,213,192,21
S01009500,Whole house or bungalow: Total,271,150,64,86,121,104,17
S01009500,Whole house or bungalow: Detached,11,8,3,5,3,3,0
S01009500,Whole house or bungalow: Semi-detached,106,68,30,38,38,33,5
S01009500,Whole house or bungalow: Terraced (including end-terrace),154,74,31,43,80,68,12
S01009500,Flat maisonette or apartment or mobile/temporary accommodation,111,19,6,13,92,88,4
S01009501,All households,315,159,70,89,156,137,19
S01009501,Whole house or bungalow: Total,261,152,67,85,109,97,12
S01009501,Whole house or bungalow: Detached,22,13,3,10,9,6,3
S01009501,Whole house or bungalow: Semi-detached,85,44,17,27,41,39,2
S01009501,Whole house or bungalow: Terraced (including end-terrace),154,95,47,48,59,52,7
S01009501,Flat maisonette or apartment or mobile/temporary accommodation,54,7,3,4,47,40,7
S01009502,All households,374,177,78,99,197,176,21
S01009502,Whole house or bungalow: Total,312,168,77,91,144,123,21
S01009502,Whole house or bungalow: Detached,17,6,3,3,11,10,1
S01009502,Whole house or bungalow: Semi-detached,61,30,13,17,31,25,6
S01009502,Whole house or bungalow: Terraced (including end-terrace),234,132,61,71,102,88,14
S01009502,Flat maisonette or apartment or mobile/temporary accommodation,62,9,1,8,53,53,0
S01009503,All households,338,202,69,133,136,113,23
S01009503,Whole house or bungalow: Total,322,197,69,128,125,102,23
S01009503,Whole house or bungalow: Detached,18,10,2,8,8,7,1
S01009503,Whole house or bungalow: Semi-detached,42,27,9,18,15,13,2
S01009503,Whole house or bungalow: Terraced (including end-terrace),262,160,58,102,102,82,20
S01009503,Flat maisonette or apartment or mobile/temporary accommodation,16,5,0,5,11,11,0
S01009504,All households,314,125,50,75,189,171,18
S01009504,Whole house or bungalow: Total,196,116,47,69,80,67,13
S01009504,Whole house or bungalow: Detached,16,8,5,3,8,4,4
S01009504,Whole house or bungalow: Semi-detached,78,45,17,28,33,28,5
S01009504,Whole house or bungalow: Terraced (including end-terrace),102,63,25,38,39,35,4
S01009504,Flat maisonette or apartment or mobile/temporary accommodation,118,9,3,6,109,104,5
S01009505,All households,355,113,53,60,242,219,23
S01009505,Whole house or bungalow: Total,192,105,49,56,87,72,15
S01009505,Whole house or bungalow: Detached,15,10,8,2,5,4,1
S01009505,Whole house or bungalow: Semi-detached,71,32,18,14,39,32,7
S01009505,Whole house or bungalow: Terraced (including end-terrace),106,63,23,40,43,36,7
S01009505,Flat maisonette or apartment or mobile/temporary accommodation,163,8,4,4,155,147,8
S01009506,All households,348,140,46,94,208,187,21
S01009506,Whole house or bungalow: Total,220,124,39,85,96,78,18
S01009506,Whole house or bungalow: Detached,16,10,3,7,6,5,1
S01009506,Whole house or bungalow: Semi-detached,76,44,14,30,32,25,7
S01009506,Whole house or bungalow: Terraced (including end-terrace),128,70,22,48,58,48,10
S01009506,Flat maisonette or apartment or mobile/temporary accommodation,128,16,7,9,112,109,3
S01009507,All households,346,227,79,148,119,103,16
S01009507,Whole house or bungalow: Total,312,219,74,145,93,80,13
S01009507,Whole house or bungalow: Detached,95,93,28,65,2,1,1
S01009507,Whole house or bungalow: Semi-detached,109,64,22,42,45,41,4
S01009507,Whole house or bungalow: Terraced (including end-terrace),108,62,24,38,46,38,8
S01009507,Flat maisonette or apartment or mobile/temporary accommodation,34,8,5,3,26,23,3
S01009508,All households,397,144,60,84,253,224,29
S01009508,Whole house or bungalow: Total,266,140,60,80,126,103,23
S01009508,Whole house or bungalow: Detached,21,7,2,5,14,11,3
S01009508,Whole house or bungalow: Semi-detached,93,48,22,26,45,33,12
S01009508,Whole house or bungalow: Terraced (including end-terrace),152,85,36,49,67,59,8
S01009508,Flat maisonette or apartment or mobile/temporary accommodation,131,4,0,4,127,121,6
S01009509,All households,421,209,82,127,212,176,36
S01009509,Whole house or bungalow: Total,282,180,73,107,102,84,18
S01009509,Whole house or bungalow: Detached,12,9,5,4,3,2,1
S01009509,Whole house or bungalow: Semi-detached,120,79,33,46,41,31,10
S01009509,Whole house or bungalow: Terraced (including end-terrace),150,92,35,57,58,51,7
S01009509,Flat maisonette or apartment or mobile/temporary accommodation,139,29,9,20,110,92,18
S01009510,All households,301,289,162,127,12,6,6
S01009510,Whole house or bungalow: Total,299,288,162,126,11,5,6
S01009510,Whole house or bungalow: Detached,131,126,73,53,5,2,3
S01009510,Whole house or bungalow: Semi-detached,158,153,85,68,5,2,3
S01009510,Whole house or bungalow: Terraced (including end-terrace),10,9,4,5,1,1,0
S01009510,Flat maisonette or apartment or mobile/temporary accommodation,2,1,0,1,1,1,0
S01009511,All households,257,237,141,96,20,6,14
S01009511,Whole house or bungalow: Total,257,237,141,96,20,6,14
S01009511,Whole house or bungalow: Detached,158,153,99,54,5,0,5
S01009511,Whole house or bungalow: Semi-detached,91,82,42,40,9,1,8
S01009511,Whole house or bungalow: Terraced (including end-terrace),8,2,0,2,6,5,1
S01009511,Flat maisonette or apartment or mobile/temporary accommodation,0,0,0,0,0,0,0
S01009512,All households,313,291,143,148,22,5,17
S01009512,Whole house or bungalow: Total,309,288,141,147,21,4,17
S01009512,Whole house or bungalow: Detached,102,100,47,53,2,0,2
S01009512,Whole house or bungalow: Semi-detached,184,171,88,83,13,1,12
S01009512,Whole house or bungalow: Terraced (including end-terrace),23,17,6,11,6,3,3
S01009512,Flat maisonette or apartment or mobile/temporary accommodation,4,3,2,1,1,1,0
S01009513,All households,245,231,121,110,14,4,10
S01009513,Whole house or bungalow: Total,243,231,121,110,12,2,10
S01009513,Whole house or bungalow: Detached,99,95,56,39,4,1,3
S01009513,Whole house or bungalow: Semi-detached,135,128,63,65,7,0,7
S01009513,Whole house or bungalow: Terraced (including end-terrace),9,8,2,6,1,1,0
S01009513,Flat maisonette or apartment or mobile/temporary accommodation,2,0,0,0,2,2,0
S01009514,All households,282,266,125,141,16,4,12
S01009514,Whole house or bungalow: Total,279,264,124,140,15,3,12
S01009514,Whole house or bungalow: Detached,86,84,46,38,2,0,2
S01009514,Whole house or bungalow: Semi-detached,174,166,75,91,8,1,7
S01009514,Whole house or bungalow: Terraced (including end-terrace),19,14,3,11,5,2,3
S01009514,Flat maisonette or apartment or mobile/temporary accommodation,3,2,1,1,1,1,0
S01009515,All households,362,203,102,101,159,143,16
S01009515,Whole house or bungalow: Total,305,197,101,96,108,94,14
S01009515,Whole house or bungalow: Detached,11,4,0,4,7,5,2
S01009515,Whole house or bungalow: Semi-detached,50,24,15,9,26,25,1
S01009515,Whole house or bungalow: Terraced (including end-terrace),244,169,86,83,75,64,11
S01009515,Flat maisonette or apartment or mobile/temporary accommodation,57,6,1,5,51,49,2
S01009516,All households,399,256,123,133,143,112,31
S01009516,Whole house or bungalow: Total,392,255,123,132,137,108,29
S01009516,Whole house or bungalow: Detached,46,38,21,17,8,7,1
S01009516,Whole house or bungalow: Semi-detached,66,28,9,19,38,31,7
S01009516,Whole house or bungalow: Terraced (including end-terrace),280,189,93,96,91,70,21
S01009516,Flat maisonette or apartment or mobile/temporary accommodation,7,1,0,1,6,4,2
S01009517,All households,347,288,51,237,59,14,45
S01009517,Whole house or bungalow: Total,301,269,45,224,32,8,24
S01009517,Whole house or bungalow: Detached,223,211,32,179,12,1,11
S01009517,Whole house or bungalow: Semi-detached,44,34,9,25,10,3,7
S01009517,Whole house or bungalow: Terraced (including end-terrace),34,24,4,20,10,4,6
S01009517,Flat maisonette or apartment or mobile/temporary accommodation,46,19,6,13,27,6,21
S01009518,All households,319,276,32,244,43,12,31
S01009518,Whole house or bungalow: Total,291,255,29,226,36,8,28
S01009518,Whole house or bungalow: Detached,223,199,22,177,24,1,23
S01009518,Whole house or bungalow: Semi-detached,28,22,5,17,6,4,2
S01009518,Whole house or bungalow: Terraced (including end-terrace),40,34,2,32,6,3,3
S01009518,Flat maisonette or apartment or mobile/temporary accommodation,28,21,3,18,7,4,3
S01009519,All households,195,144,66,78,51,42,9
S01009519,Whole house or bungalow: Total,168,142,65,77,26,17,9
S01009519,Whole house or bungalow: Detached,72,70,32,38,2,0,2
S01009519,Whole house or bungalow: Semi-detached,67,58,27,31,9,4,5
S01009519,Whole house or bungalow: Terraced (including end-terrace),29,14,6,8,15,13,2
S01009519,Flat maisonette or apartment or mobile/temporary accommodation,27,2,1,1,25,25,0
S01009520,All households,328,255,80,175,73,46,27
S01009520,Whole house or bungalow: Total,279,245,77,168,34,17,17
S01009520,Whole house or bungalow: Detached,91,83,28,55,8,2,6
S01009520,Whole house or bungalow: Semi-detached,56,46,20,26,10,6,4
S01009520,Whole house or bungalow: Terraced (including end-terrace),132,116,29,87,16,9,7
S01009520,Flat maisonette or apartment or mobile/temporary accommodation,49,10,3,7,39,29,10
S01009521,All households,363,198,130,68,165,144,21
S01009521,Whole house or bungalow: Total,257,129,76,53,128,116,12
S01009521,Whole house or bungalow: Detached,51,42,37,5,9,7,2
S01009521,Whole house or bungalow: Semi-detached,151,67,30,37,84,76,8
S01009521,Whole house or bungalow: Terraced (including end-terrace),55,20,9,11,35,33,2
S01009521,Flat maisonette or apartment or mobile/temporary accommodation,106,69,54,15,37,28,9
S01009522,All households,376,194,59,135,182,119,63
S01009522,Whole house or bungalow: Total,306,166,49,117,140,104,36
S01009522,Whole house or bungalow: Detached,61,45,13,32,16,7,9
S01009522,Whole house or bungalow: Semi-detached,163,79,21,58,84,64,20
S01009522,Whole house or bungalow: Terraced (including end-terrace),82,42,15,27,40,33,7
S01009522,Flat maisonette or apartment or mobile/temporary accommodation,70,28,10,18,42,15,27
S01009523,All households,263,119,55,64,144,123,21
S01009523,Whole house or bungalow: Total,105,63,40,23,42,36,6
S01009523,Whole house or bungalow: Detached,9,6,4,2,3,3,0
S01009523,Whole house or bungalow: Semi-detached,65,41,27,14,24,20,4
S01009523,Whole house or bungalow: Terraced (including end-terrace),31,16,9,7,15,13,2
S01009523,Flat maisonette or apartment or mobile/temporary accommodation,158,56,15,41,102,87,15
S01009524,All households,341,138,54,84,203,144,59
S01009524,Whole house or bungalow: Total,127,96,38,58,31,17,14
S01009524,Whole house or bungalow: Detached,14,11,5,6,3,0,3
S01009524,Whole house or bungalow: Semi-detached,67,47,22,25,20,14,6
S01009524,Whole house or bungalow: Terraced (including end-terrace),46,38,11,27,8,3,5
S01009524,Flat maisonette or apartment or mobile/temporary accommodation,214,42,16,26,172,127,45
S01009525,All households,254,132,60,72,122,71,51
S01009525,Whole house or bungalow: Total,85,62,29,33,23,11,12
S01009525,Whole house or bungalow: Detached,11,9,3,6,2,0,2
S01009525,Whole house or bungalow: Semi-detached,60,44,21,23,16,8,8
S01009525,Whole house or bungalow: Terraced (including end-terrace),14,9,5,4,5,3,2
S01009525,Flat maisonette or apartment or mobile/temporary accommodation,169,70,31,39,99,60,39
S01009526,All households,365,183,77,106,182,18,164
S01009526,Whole house or bungalow: Total,64,50,22,28,14,1,13
S01009526,Whole house or bungalow: Detached,36,34,14,20,2,0,2
S01009526,Whole house or bungalow: Semi-detached,11,8,3,5,3,0,3
S01009526,Whole house or bungalow: Terraced (including end-terrace),17,8,5,3,9,1,8
S01009526,Flat maisonette or apartment or mobile/temporary accommodation,301,133,55,78,168,17,151
S01009527,All households,384,169,80,89,215,95,120
S01009527,Whole house or bungalow: Total,72,56,31,25,16,7,9
S01009527,Whole house or bungalow: Detached,8,7,5,2,1,0,1
S01009527,Whole house or bungalow: Semi-detached,20,15,8,7,5,4,1
S01009527,Whole house or bungalow: Terraced (including end-terrace),44,34,18,16,10,3,7
S01009527,Flat maisonette or apartment or mobile/temporary accommodation,312,113,49,64,199,88,111
S01009528,All households,355,175,107,68,180,133,47
S01009528,Whole house or bungalow: Total,43,36,18,18,7,3,4
S01009528,Whole house or bungalow: Detached,8,7,4,3,1,0,1
S01009528,Whole house or bungalow: Semi-detached,16,14,4,10,2,1,1
S01009528,Whole house or bungalow: Terraced (including end-terrace),19,15,10,5,4,2,2
S01009528,Flat maisonette or apartment or mobile/temporary accommodation,312,139,89,50,173,130,43
S01009529,All households,247,195,104,91,52,30,22
S01009529,Whole house or bungalow: Total,185,165,90,75,20,9,11
S01009529,Whole house or bungalow: Detached,33,31,18,13,2,1,1
S01009529,Whole house or bungalow: Semi-detached,101,91,50,41,10,1,9
S01009529,Whole house or bungalow: Terraced (including end-terrace),51,43,22,21,8,7,1
S01009529,Flat maisonette or apartment or mobile/temporary accommodation,62,30,14,16,32,21,11
S01009530,All households,255,241,130,111,14,5,9
S01009530,Whole house or bungalow: Total,243,232,126,106,11,3,8
S01009530,Whole house or bungalow: Detached,80,78,52,26,2,1,1
S01009530,Whole house or bungalow: Semi-detached,153,146,73,73,7,1,6
S01009530,Whole house or bungalow: Terraced (including end-terrace),10,8,1,7,2,1,1
S01009530,Flat maisonette or apartment or mobile/temporary accommodation,12,9,4,5,3,2,1
S01009531,All households,432,193,87,106,239,187,52
S01009531,Whole house or bungalow: Total,211,140,70,70,71,49,22
S01009531,Whole house or bungalow: Detached,14,12,9,3,2,1,1
S01009531,Whole house or bungalow: Semi-detached,67,29,17,12,38,28,10
S01009531,Whole house or bungalow: Terraced (including end-terrace),130,99,44,55,31,20,11
S01009531,Flat maisonette or apartment or mobile/temporary accommodation,221,53,17,36,168,138,30
S01009532,All households,437,192,101,91,245,206,39
S01009532,Whole house or bungalow: Total,273,138,76,62,135,121,14
S01009532,Whole house or bungalow: Detached,14,1,1,0,13,12,1
S01009532,Whole house or bungalow: Semi-detached,58,20,6,14,38,32,6
S01009532,Whole house or bungalow: Terraced (including end-terrace),201,117,69,48,84,77,7
S01009532,Flat maisonette or apartment or mobile/temporary accommodation,164,54,25,29,110,85,25
S01009533,All households,440,192,66,126,248,162,86
S01009533,Whole house or bungalow: Total,109,51,15,36,58,37,21
S01009533,Whole house or bungalow: Detached,10,2,1,1,8,5,3
S01009533,Whole house or bungalow: Semi-detached,64,37,12,25,27,18,9
S01009533,Whole house or bungalow: Terraced (including end-terrace),35,12,2,10,23,14,9
S01009533,Flat maisonette or apartment or mobile/temporary accommodation,331,141,51,90,190,125,65
S01009534,All households,427,110,46,64,317,267,50
S01009534,Whole house or bungalow: Total,118,46,19,27,72,64,8
S01009534,Whole house or bungalow: Detached,10,5,0,5,5,4,1
S01009534,Whole house or bungalow: Semi-detached,54,19,9,10,35,29,6
S01009534,Whole house or bungalow: Terraced (including end-terrace),54,22,10,12,32,31,1
S01009534,Flat maisonette or apartment or mobile/temporary accommodation,309,64,27,37,245,203,42
S01009535,All households,297,78,25,53,219,199,20
S01009535,Whole house or bungalow: Total,50,33,12,21,17,13,4
S01009535,Whole house or bungalow: Detached,7,5,2,3,2,2,0
S01009535,Whole house or bungalow: Semi-detached,22,14,6,8,8,6,2
S01009535,Whole house or bungalow: Terraced (including end-terrace),21,14,4,10,7,5,2
S01009535,Flat maisonette or apartment or mobile/temporary accommodation,247,45,13,32,202,186,16
S01009536,All households,228,114,37,77,114,91,23
S01009536,Whole house or bungalow: Total,85,63,20,43,22,14,8
S01009536,Whole house or bungalow: Detached,35,33,9,24,2,0,2
S01009536,Whole house or bungalow: Semi-detached,41,25,10,15,16,12,4
S01009536,Whole house or bungalow: Terraced (including end-terrace),9,5,1,4,4,2,2
S01009536,Flat maisonette or apartment or mobile/temporary accommodation,143,51,17,34,92,77,15
S01009537,All households,280,162,78,84,118,87,31
S01009537,Whole house or bungalow: Total,105,82,42,40,23,14,9
S01009537,Whole house or bungalow: Detached,46,41,25,16,5,0,5
S01009537,Whole house or bungalow: Semi-detached,28,20,9,11,8,7,1
S01009537,Whole house or bungalow: Terraced (including end-terrace),31,21,8,13,10,7,3
S01009537,Flat maisonette or apartment or mobile/temporary accommodation,175,80,36,44,95,73,22
S01009538,All households,401,151,59,92,250,179,71
S01009538,Whole house or bungalow: Total,116,82,36,46,34,24,10
S01009538,Whole house or bungalow: Detached,26,20,10,10,6,3,3
S01009538,Whole house or bungalow: Semi-detached,49,34,14,20,15,10,5
S01009538,Whole house or bungalow: Terraced (including end-terrace),41,28,12,16,13,11,2
S01009538,Flat maisonette or apartment or mobile/temporary accommodation,285,69,23,46,216,155,61
S01009539,All households,389,270,118,152,119,97,22
S01009539,Whole house or bungalow: Total,346,258,115,143,88,74,14
S01009539,Whole house or bungalow: Detached,32,30,17,13,2,2,0
S01009539,Whole house or bungalow: Semi-detached,148,108,45,63,40,33,7
S01009539,Whole house or bungalow: Terraced (including end-terrace),166,120,53,67,46,39,7
S01009539,Flat maisonette or apartment or mobile/temporary accommodation,43,12,3,9,31,23,8
S01009540,All households,459,206,85,121,253,213,40
S01009540,Whole house or bungalow: Total,124,94,50,44,30,19,11
S01009540,Whole house or bungalow: Detached,25,23,11,12,2,0,2
S01009540,Whole house or bungalow: Semi-detached,47,34,22,12,13,9,4
S01009540,Whole house or bungalow: Terraced (including end-terrace),52,37,17,20,15,10,5
S01009540,Flat maisonette or apartment or mobile/temporary accommodation,335,112,35,77,223,194,29
S01009541,All households,321,224,86,138,97,25,72
S01009541,Whole house or bungalow: Total,270,192,76,116,78,17,61
S01009541,Whole house or bungalow: Detached,71,49,14,35,22,1,21
S01009541,Whole house or bungalow: Semi-detached,122,90,40,50,32,6,26
S01009541,Whole house or bungalow: Terraced (including end-terrace),77,53,22,31,24,10,14
S01009541,Flat maisonette or apartment or mobile/temporary accommodation,51,32,10,22,19,8,11
S01009542,All households,380,124,50,74,256,226,30
S01009542,Whole house or bungalow: Total,139,87,39,48,52,42,10
S01009542,Whole house or bungalow: Detached,11,8,3,5,3,2,1
S01009542,Whole house or bungalow: Semi-detached,67,37,17,20,30,24,6
S01009542,Whole house or bungalow: Terraced (including end-terrace),61,42,19,23,19,16,3
S01009542,Flat maisonette or apartment or mobile/temporary accommodation,241,37,11,26,204,184,20
S01009543,All households,279,170,96,74,109,78,31
S01009543,Whole house or bungalow: Total,217,144,84,60,73,54,19
S01009543,Whole house or bungalow: Detached,53,45,25,20,8,2,6
S01009543,Whole house or bungalow: Semi-detached,96,62,32,30,34,26,8
S01009543,Whole house or bungalow: Terraced (including end-terrace),68,37,27,10,31,26,5
S01009543,Flat maisonette or apartment or mobile/temporary accommodation,62,26,12,14,36,24,12
S01009544,All households,432,197,78,119,235,135,100
S01009544,Whole house or bungalow: Total,357,164,70,94,193,118,75
S01009544,Whole house or bungalow: Detached,64,37,13,24,27,6,21
S01009544,Whole house or bungalow: Semi-detached,74,35,14,21,39,23,16
S01009544,Whole house or bungalow: Terraced (including end-terrace),219,92,43,49,127,89,38
S01009544,Flat maisonette or apartment or mobile/temporary accommodation,75,33,8,25,42,17,25
S01009545,All households,344,208,109,99,136,96,40
S01009545,Whole house or bungalow: Total,289,191,99,92,98,68,30
S01009545,Whole house or bungalow: Detached,82,61,37,24,21,12,9
S01009545,Whole house or bungalow: Semi-detached,122,82,40,42,40,28,12
S01009545,Whole house or bungalow: Terraced (including end-terrace),85,48,22,26,37,28,9
S01009545,Flat maisonette or apartment or mobile/temporary accommodation,55,17,10,7,38,28,10
S01009546,All households,414,278,77,201,136,121,15
S01009546,Whole house or bungalow: Total,318,252,72,180,66,55,11
S01009546,Whole house or bungalow: Detached,85,77,12,65,8,4,4
S01009546,Whole house or bungalow: Semi-detached,160,131,49,82,29,25,4
S01009546,Whole house or bungalow: Terraced (including end-terrace),73,44,11,33,29,26,3
S01009546,Flat maisonette or apartment or mobile/temporary accommodation,96,26,5,21,70,66,4
S01009547,All households,337,174,93,81,163,114,49
S01009547,Whole house or bungalow: Total,194,133,75,58,61,33,28
S01009547,Whole house or bungalow: Detached,68,50,31,19,18,3,15
S01009547,Whole house or bungalow: Semi-detached,96,68,39,29,28,17,11
S01009547,Whole house or bungalow: Terraced (including end-terrace),30,15,5,10,15,13,2
S01009547,Flat maisonette or apartment or mobile/temporary accommodation,143,41,18,23,102,81,21
S01009548,All households,317,197,92,105,120,80,40
S01009548,Whole house or bungalow: Total,236,165,82,83,71,44,27
S01009548,Whole house or bungalow: Detached,41,33,16,17,8,4,4
S01009548,Whole house or bungalow: Semi-detached,106,70,32,38,36,25,11
S01009548,Whole house or bungalow: Terraced (including end-terrace),89,62,34,28,27,15,12
S01009548,Flat maisonette or apartment or mobile/temporary accommodation,81,32,10,22,49,36,13
S01009549,All households,348,256,118,138,92,52,40
S01009549,Whole house or bungalow: Total,251,212,108,104,39,18,21
S01009549,Whole house or bungalow: Detached,66,57,30,27,9,2,7
S01009549,Whole house or bungalow: Semi-detached,69,59,25,34,10,5,5
S01009549,Whole house or bungalow: Terraced (including end-terrace),116,96,53,43,20,11,9
S01009549,Flat maisonette or apartment or mobile/temporary accommodation,97,44,10,34,53,34,19
S01009550,All households,208,173,76,97,35,22,13
S01009550,Whole house or bungalow: Total,204,172,75,97,32,20,12
S01009550,Whole house or bungalow: Detached,56,53,33,20,3,1,2
S01009550,Whole house or bungalow: Semi-detached,58,51,21,30,7,6,1
S01009550,Whole house or bungalow: Terraced (including end-terrace),90,68,21,47,22,13,9
S01009550,Flat maisonette or apartment or mobile/temporary accommodation,4,1,1,0,3,2,1
S01009551,All households,229,159,61,98,70,29,41
S01009551,Whole house or bungalow: Total,226,158,61,97,68,28,40
S01009551,Whole house or bungalow: Detached,20,18,10,8,2,1,1
S01009551,Whole house or bungalow: Semi-detached,18,12,4,8,6,2,4
S01009551,Whole house or bungalow: Terraced (including end-terrace),188,128,47,81,60,25,35
S01009551,Flat maisonette or apartment or mobile/temporary accommodation,3,1,0,1,2,1,1
S01009552,All households,398,268,127,141,130,99,31
S01009552,Whole house or bungalow: Total,369,263,126,137,106,80,26
S01009552,Whole house or bungalow: Detached,149,136,72,64,13,6,7
S01009552,Whole house or bungalow: Semi-detached,128,81,41,40,47,34,13
S01009552,Whole house or bungalow: Terraced (including end-terrace),92,46,13,33,46,40,6
S01009552,Flat maisonette or apartment or mobile/temporary accommodation,29,5,1,4,24,19,5
S01009553,All households,421,183,75,108,238,201,37
S01009553,Whole house or bungalow: Total,217,137,57,80,80,59,21
S01009553,Whole house or bungalow: Detached,21,15,2,13,6,3,3
S01009553,Whole house or bungalow: Semi-detached,140,97,41,56,43,29,14
S01009553,Whole house or bungalow: Terraced (including end-terrace),56,25,14,11,31,27,4
S01009553,Flat maisonette or apartment or mobile/temporary accommodation,204,46,18,28,158,142,16
S01009554,All households,311,163,83,80,148,109,39
S01009554,Whole house or bungalow: Total,195,137,74,63,58,38,20
S01009554,Whole house or bungalow: Detached,75,66,34,32,9,4,5
S01009554,Whole house or bungalow: Semi-detached,67,48,28,20,19,11,8
S01009554,Whole house or bungalow: Terraced (including end-terrace),53,23,12,11,30,23,7
S01009554,Flat maisonette or apartment or mobile/temporary accommodation,116,26,9,17,90,71,19
S01009555,All households,364,245,115,130,119,59,60
S01009555,Whole house or bungalow: Total,240,177,98,79,63,35,28
S01009555,Whole house or bungalow: Detached,82,74,47,27,8,1,7
S01009555,Whole house or bungalow: Semi-detached,80,62,33,29,18,8,10
S01009555,Whole house or bungalow: Terraced (including end-terrace),78,41,18,23,37,26,11
S01009555,Flat maisonette or apartment or mobile/temporary accommodation,124,68,17,51,56,24,32
S01009556,All households,338,173,62,111,165,134,31
S01009556,Whole house or bungalow: Total,264,156,55,101,108,88,20
S01009556,Whole house or bungalow: Detached,11,4,1,3,7,6,1
S01009556,Whole house or bungalow: Semi-detached,24,8,1,7,16,15,1
S01009556,Whole house or bungalow: Terraced (including end-terrace),229,144,53,91,85,67,18
S01009556,Flat maisonette or apartment or mobile/temporary accommodation,74,17,7,10,57,46,11
S01009557,All households,300,145,62,83,155,112,43
S01009557,Whole house or bungalow: Total,284,145,62,83,139,97,42
S01009557,Whole house or bungalow: Detached,17,13,10,3,4,2,2
S01009557,Whole house or bungalow: Semi-detached,53,25,14,11,28,22,6
S01009557,Whole house or bungalow: Terraced (including end-terrace),214,107,38,69,107,73,34
S01009557,Flat maisonette or apartment or mobile/temporary accommodation,16,0,0,0,16,15,1
S01009558,All households,291,142,59,83,149,108,41
S01009558,Whole house or bungalow: Total,276,140,58,82,136,97,39
S01009558,Whole house or bungalow: Detached,15,7,4,3,8,5,3
S01009558,Whole house or bungalow: Semi-detached,39,21,11,10,18,9,9
S01009558,Whole house or bungalow: Terraced (including end-terrace),222,112,43,69,110,83,27
S01009558,Flat maisonette or apartment or mobile/temporary accommodation,15,2,1,1,13,11,2
S01009559,All households,374,198,82,116,176,131,45
S01009559,Whole house or bungalow: Total,325,184,80,104,141,106,35
S01009559,Whole house or bungalow: Detached,14,6,3,3,8,7,1
S01009559,Whole house or bungalow: Semi-detached,54,28,10,18,26,23,3
S01009559,Whole house or bungalow: Terraced (including end-terrace),257,150,67,83,107,76,31
S01009559,Flat maisonette or apartment or mobile/temporary accommodation,49,14,2,12,35,25,10
S01009560,All households,351,178,79,99,173,100,73
S01009560,Whole house or bungalow: Total,268,155,70,85,113,77,36
S01009560,Whole house or bungalow: Detached,10,4,2,2,6,3,3
S01009560,Whole house or bungalow: Semi-detached,54,23,9,14,31,24,7
S01009560,Whole house or bungalow: Terraced (including end-terrace),204,128,59,69,76,50,26
S01009560,Flat maisonette or apartment or mobile/temporary accommodation,83,23,9,14,60,23,37
S01009561,All households,258,127,53,74,131,84,47
S01009561,Whole house or bungalow: Total,220,116,49,67,104,75,29
S01009561,Whole house or bungalow: Detached,9,4,1,3,5,3,2
S01009561,Whole house or bungalow: Semi-detached,46,20,6,14,26,18,8
S01009561,Whole house or bungalow: Terraced (including end-terrace),165,92,42,50,73,54,19
S01009561,Flat maisonette or apartment or mobile/temporary accommodation,38,11,4,7,27,9,18
S01009562,All households,316,228,111,117,88,52,36
S01009562,Whole house or bungalow: Total,313,227,111,116,86,51,35
S01009562,Whole house or bungalow: Detached,9,6,4,2,3,1,2
S01009562,Whole house or bungalow: Semi-detached,61,41,18,23,20,13,7
S01009562,Whole house or bungalow: Terraced (including end-terrace),243,180,89,91,63,37,26
S01009562,Flat maisonette or apartment or mobile/temporary accommodation,3,1,0,1,2,1,1
S01009563,All households,373,250,136,114,123,62,61
S01009563,Whole house or bungalow: Total,297,206,108,98,91,52,39
S01009563,Whole house or bungalow: Detached,2,1,1,0,1,1,0
S01009563,Whole house or bungalow: Semi-detached,47,29,9,20,18,9,9
S01009563,Whole house or bungalow: Terraced (including end-terrace),248,176,98,78,72,42,30
S01009563,Flat maisonette or apartment or mobile/temporary accommodation,76,44,28,16,32,10,22
S01009564,All households,315,220,120,100,95,71,24
S01009564,Whole house or bungalow: Total,277,218,120,98,59,40,19
S01009564,Whole house or bungalow: Detached,25,22,13,9,3,2,1
S01009564,Whole house or bungalow: Semi-detached,139,126,72,54,13,8,5
S01009564,Whole house or bungalow: Terraced (including end-terrace),113,70,35,35,43,30,13
S01009564,Flat maisonette or apartment or mobile/temporary accommodation,38,2,0,2,36,31,5
S01009565,All households,246,154,74,80,92,61,31
S01009565,Whole house or bungalow: Total,222,149,72,77,73,44,29
S01009565,Whole house or bungalow: Detached,8,6,3,3,2,1,1
S01009565,Whole house or bungalow: Semi-detached,21,13,5,8,8,3,5
S01009565,Whole house or bungalow: Terraced (including end-terrace),193,130,64,66,63,40,23
S01009565,Flat maisonette or apartment or mobile/temporary accommodation,24,5,2,3,19,17,2
S01009566,All households,431,320,113,207,111,64,47
S01009566,Whole house or bungalow: Total,417,311,108,203,106,61,45
S01009566,Whole house or bungalow: Detached,67,58,8,50,9,6,3
S01009566,Whole house or bungalow: Semi-detached,27,14,6,8,13,10,3
S01009566,Whole house or bungalow: Terraced (including end-terrace),323,239,94,145,84,45,39
S01009566,Flat maisonette or apartment or mobile/temporary accommodation,14,9,5,4,5,3,2
S01009567,All households,414,267,117,150,147,77,70
S01009567,Whole house or bungalow: Total,380,256,113,143,124,76,48
S01009567,Whole house or bungalow: Detached,36,33,20,13,3,0,3
S01009567,Whole house or bungalow: Semi-detached,61,40,24,16,21,19,2
S01009567,Whole house or bungalow: Terraced (including end-terrace),283,183,69,114,100,57,43
S01009567,Flat maisonette or apartment or mobile/temporary accommodation,34,11,4,7,23,1,22
S01009568,All households,333,218,85,133,115,85,30
S01009568,Whole house or bungalow: Total,332,217,85,132,115,85,30
S01009568,Whole house or bungalow: Detached,12,7,2,5,5,4,1
S01009568,Whole house or bungalow: Semi-detached,32,21,9,12,11,7,4
S01009568,Whole house or bungalow: Terraced (including end-terrace),288,189,74,115,99,74,25
S01009568,Flat maisonette or apartment or mobile/temporary accommodation,1,1,0,1,0,0,0
S01009569,All households,363,253,125,128,110,68,42
S01009569,Whole house or bungalow: Total,355,250,124,126,105,66,39
S01009569,Whole house or bungalow: Detached,13,10,3,7,3,2,1
S01009569,Whole house or bungalow: Semi-detached,48,24,12,12,24,18,6
S01009569,Whole house or bungalow: Terraced (including end-terrace),294,216,109,107,78,46,32
S01009569,Flat maisonette or apartment or mobile/temporary accommodation,8,3,1,2,5,2,3
S01009570,All households,240,148,62,86,92,65,27
S01009570,Whole house or bungalow: Total,228,143,60,83,85,60,25
S01009570,Whole house or bungalow: Detached,8,6,3,3,2,1,1
S01009570,Whole house or bungalow: Semi-detached,39,20,9,11,19,13,6
S01009570,Whole house or bungalow: Terraced (including end-terrace),181,117,48,69,64,46,18
S01009570,Flat maisonette or apartment or mobile/temporary accommodation,12,5,2,3,7,5,2
S01009571,All households,297,121,48,73,176,116,60
S01009571,Whole house or bungalow: Total,177,90,38,52,87,61,26
S01009571,Whole house or bungalow: Detached,12,7,1,6,5,3,2
S01009571,Whole house or bungalow: Semi-detached,48,18,9,9,30,20,10
S01009571,Whole house or bungalow: Terraced (including end-terrace),117,65,28,37,52,38,14
S01009571,Flat maisonette or apartment or mobile/temporary accommodation,120,31,10,21,89,55,34
S01009572,All households,499,225,92,133,274,206,68
S01009572,Whole house or bungalow: Total,328,194,84,110,134,97,37
S01009572,Whole house or bungalow: Detached,21,12,3,9,9,7,2
S01009572,Whole house or bungalow: Semi-detached,100,61,31,30,39,28,11
S01009572,Whole house or bungalow: Terraced (including end-terrace),207,121,50,71,86,62,24
S01009572,Flat maisonette or apartment or mobile/temporary accommodation,171,31,8,23,140,109,31
S01009573,All households,329,158,74,84,171,125,46
S01009573,Whole house or bungalow: Total,255,142,69,73,113,85,28
S01009573,Whole house or bungalow: Detached,13,8,5,3,5,3,2
S01009573,Whole house or bungalow: Semi-detached,98,41,21,20,57,45,12
S01009573,Whole house or bungalow: Terraced (including end-terrace),144,93,43,50,51,37,14
S01009573,Flat maisonette or apartment or mobile/temporary accommodation,74,16,5,11,58,40,18
S01009574,All households,447,273,134,139,174,117,57
S01009574,Whole house or bungalow: Total,356,249,121,128,107,73,34
S01009574,Whole house or bungalow: Detached,11,5,1,4,6,4,2
S01009574,Whole house or bungalow: Semi-detached,94,63,34,29,31,24,7
S01009574,Whole house or bungalow: Terraced (including end-terrace),251,181,86,95,70,45,25
S01009574,Flat maisonette or apartment or mobile/temporary accommodation,91,24,13,11,67,44,23
S01009575,All households,232,146,53,93,86,68,18
S01009575,Whole house or bungalow: Total,229,145,53,92,84,66,18
S01009575,Whole house or bungalow: Detached,9,6,2,4,3,3,0
S01009575,Whole house or bungalow: Semi-detached,41,18,7,11,23,20,3
S01009575,Whole house or bungalow: Terraced (including end-terrace),179,121,44,77,58,43,15
S01009575,Flat maisonette or apartment or mobile/temporary accommodation,3,1,0,1,2,2,0
S01009576,All households,223,202,104,98,21,3,18
S01009576,Whole house or bungalow: Total,198,186,100,86,12,3,9
S01009576,Whole house or bungalow: Detached,177,170,94,76,7,0,7
S01009576,Whole house or bungalow: Semi-detached,11,11,6,5,0,0,0
S01009576,Whole house or bungalow: Terraced (including end-terrace),10,5,0,5,5,3,2
S01009576,Flat maisonette or apartment or mobile/temporary accommodation,25,16,4,12,9,0,9
S01009577,All households,253,218,91,127,35,23,12
S01009577,Whole house or bungalow: Total,252,218,91,127,34,23,11
S01009577,Whole house or bungalow: Detached,184,175,78,97,9,2,7
S01009577,Whole house or bungalow: Semi-detached,57,36,10,26,21,18,3
S01009577,Whole house or bungalow: Terraced (including end-terrace),11,7,3,4,4,3,1
S01009577,Flat maisonette or apartment or mobile/temporary accommodation,1,0,0,0,1,0,1
S01009578,All households,312,220,73,147,92,50,42
S01009578,Whole house or bungalow: Total,297,214,70,144,83,49,34
S01009578,Whole house or bungalow: Detached,32,27,11,16,5,3,2
S01009578,Whole house or bungalow: Semi-detached,53,36,14,22,17,11,6
S01009578,Whole house or bungalow: Terraced (including end-terrace),212,151,45,106,61,35,26
S01009578,Flat maisonette or apartment or mobile/temporary accommodation,15,6,3,3,9,1,8
S01009579,All households,443,222,72,150,221,197,24
S01009579,Whole house or bungalow: Total,325,210,67,143,115,105,10
S01009579,Whole house or bungalow: Detached,195,143,56,87,52,51,1
S01009579,Whole house or bungalow: Semi-detached,103,54,8,46,49,44,5
S01009579,Whole house or bungalow: Terraced (including end-terrace),27,13,3,10,14,10,4
S01009579,Flat maisonette or apartment or mobile/temporary accommodation,118,12,5,7,106,92,14
S01009580,All households,355,325,101,224,30,10,20
S01009580,Whole house or bungalow: Total,309,289,86,203,20,9,11
S01009580,Whole house or bungalow: Detached,128,120,29,91,8,2,6
S01009580,Whole house or bungalow: Semi-detached,129,124,46,78,5,2,3
S01009580,Whole house or bungalow: Terraced (including end-terrace),52,45,11,34,7,5,2
S01009580,Flat maisonette or apartment or mobile/temporary accommodation,46,36,15,21,10,1,9
S01009581,All households,258,183,86,97,75,44,31
S01009581,Whole house or bungalow: Total,239,177,85,92,62,37,25
S01009581,Whole house or bungalow: Detached,35,32,25,7,3,0,3
S01009581,Whole house or bungalow: Semi-detached,24,14,5,9,10,7,3
S01009581,Whole house or bungalow: Terraced (including end-terrace),180,131,55,76,49,30,19
S01009581,Flat maisonette or apartment or mobile/temporary accommodation,19,6,1,5,13,7,6
S01009582,All households,240,160,65,95,80,48,32
S01009582,Whole house or bungalow: Total,239,159,64,95,80,48,32
S01009582,Whole house or bungalow: Detached,8,6,2,4,2,2,0
S01009582,Whole house or bungalow: Semi-detached,29,17,6,11,12,8,4
S01009582,Whole house or bungalow: Terraced (including end-terrace),202,136,56,80,66,38,28
S01009582,Flat maisonette or apartment or mobile/temporary accommodation,1,1,1,0,0,0,0
S01009583,All households,336,204,68,136,132,91,41
S01009583,Whole house or bungalow: Total,310,196,65,131,114,74,40
S01009583,Whole house or bungalow: Detached,11,6,0,6,5,4,1
S01009583,Whole house or bungalow: Semi-detached,20,8,2,6,12,6,6
S01009583,Whole house or bungalow: Terraced (including end-terrace),279,182,63,119,97,64,33
S01009583,Flat maisonette or apartment or mobile/temporary accommodation,26,8,3,5,18,17,1
S01009584,All households,219,182,93,89,37,9,28
S01009584,Whole house or bungalow: Total,207,178,92,86,29,6,23
S01009584,Whole house or bungalow: Detached,127,116,58,58,11,1,10
S01009584,Whole house or bungalow: Semi-detached,37,30,18,12,7,2,5
S01009584,Whole house or bungalow: Terraced (including end-terrace),43,32,16,16,11,3,8
S01009584,Flat maisonette or apartment or mobile/temporary accommodation,12,4,1,3,8,3,5
S01009585,All households,408,272,102,170,136,91,45
S01009585,Whole house or bungalow: Total,403,272,102,170,131,89,42
S01009585,Whole house or bungalow: Detached,24,13,5,8,11,6,5
S01009585,Whole house or bungalow: Semi-detached,33,16,7,9,17,11,6
S01009585,Whole house or bungalow: Terraced (including end-terrace),346,243,90,153,103,72,31
S01009585,Flat maisonette or apartment or mobile/temporary accommodation,5,0,0,0,5,2,3
S01009586,All households,313,204,106,98,109,85,24
S01009586,Whole house or bungalow: Total,284,203,106,97,81,61,20
S01009586,Whole house or bungalow: Detached,85,77,51,26,8,3,5
S01009586,Whole house or bungalow: Semi-detached,30,11,5,6,19,16,3
S01009586,Whole house or bungalow: Terraced (including end-terrace),169,115,50,65,54,42,12
S01009586,Flat maisonette or apartment or mobile/temporary accommodation,29,1,0,1,28,24,4
S01009587,All households,370,255,136,119,115,79,36
S01009587,Whole house or bungalow: Total,283,230,130,100,53,38,15
S01009587,Whole house or bungalow: Detached,13,12,4,8,1,1,0
S01009587,Whole house or bungalow: Semi-detached,112,95,58,37,17,12,5
S01009587,Whole house or bungalow: Terraced (including end-terrace),158,123,68,55,35,25,10
S01009587,Flat maisonette or apartment or mobile/temporary accommodation,87,25,6,19,62,41,21
S01009588,All households,436,306,141,165,130,97,33
S01009588,Whole house or bungalow: Total,390,297,136,161,93,68,25
S01009588,Whole house or bungalow: Detached,11,9,6,3,2,2,0
S01009588,Whole house or bungalow: Semi-detached,97,73,31,42,24,16,8
S01009588,Whole house or bungalow: Terraced (including end-terrace),282,215,99,116,67,50,17
S01009588,Flat maisonette or apartment or mobile/temporary accommodation,46,9,5,4,37,29,8
S01009589,All households,356,255,96,159,101,79,22
S01009589,Whole house or bungalow: Total,343,250,93,157,93,72,21
S01009589,Whole house or bungalow: Detached,11,9,2,7,2,0,2
S01009589,Whole house or bungalow: Semi-detached,104,73,22,51,31,23,8
S01009589,Whole house or bungalow: Terraced (including end-terrace),228,168,69,99,60,49,11
S01009589,Flat maisonette or apartment or mobile/temporary accommodation,13,5,3,2,8,7,1
S01009590,All households,267,257,102,155,10,4,6
S01009590,Whole house or bungalow: Total,265,257,102,155,8,3,5
S01009590,Whole house or bungalow: Detached,175,172,71,101,3,0,3
S01009590,Whole house or bungalow: Semi-detached,70,68,26,42,2,1,1
S01009590,Whole house or bungalow: Terraced (including end-terrace),20,17,5,12,3,2,1
S01009590,Flat maisonette or apartment or mobile/temporary accommodation,2,0,0,0,2,1,1
S01009591,All households,307,268,123,145,39,5,34
S01009591,Whole house or bungalow: Total,258,245,116,129,13,2,11
S01009591,Whole house or bungalow: Detached,137,134,68,66,3,0,3
S01009591,Whole house or bungalow: Semi-detached,116,109,48,61,7,1,6
S01009591,Whole house or bungalow: Terraced (including end-terrace),5,2,0,2,3,1,2
S01009591,Flat maisonette or apartment or mobile/temporary accommodation,49,23,7,16,26,3,23
S01009592,All households,246,225,131,94,21,8,13
S01009592,Whole house or bungalow: Total,244,224,131,93,20,7,13
S01009592,Whole house or bungalow: Detached,199,189,114,75,10,0,10
S01009592,Whole house or bungalow: Semi-detached,35,33,17,16,2,0,2
S01009592,Whole house or bungalow: Terraced (including end-terrace),10,2,0,2,8,7,1
S01009592,Flat maisonette or apartment or mobile/temporary accommodation,2,1,0,1,1,1,0
S01009593,All households,223,204,81,123,19,5,14
S01009593,Whole house or bungalow: Total,218,201,81,120,17,4,13
S01009593,Whole house or bungalow: Detached,200,186,73,113,14,2,12
S01009593,Whole house or bungalow: Semi-detached,16,14,7,7,2,1,1
S01009593,Whole house or bungalow: Terraced (including end-terrace),2,1,1,0,1,1,0
S01009593,Flat maisonette or apartment or mobile/temporary accommodation,5,3,0,3,2,1,1
S01009594,All households,263,250,87,163,13,2,11
S01009594,Whole house or bungalow: Total,254,243,85,158,11,2,9
S01009594,Whole house or bungalow: Detached,159,157,57,100,2,0,2
S01009594,Whole house or bungalow: Semi-detached,92,84,27,57,8,1,7
S01009594,Whole house or bungalow: Terraced (including end-terrace),3,2,1,1,1,1,0
S01009594,Flat maisonette or apartment or mobile/temporary accommodation,9,7,2,5,2,0,2
S01009595,All households,174,154,40,114,20,11,9
S01009595,Whole house or bungalow: Total,168,151,37,114,17,9,8
S01009595,Whole house or bungalow: Detached,151,143,33,110,8,1,7
S01009595,Whole house or bungalow: Semi-detached,12,6,3,3,6,5,1
S01009595,Whole house or bungalow: Terraced (including end-terrace),5,2,1,1,3,3,0
S01009595,Flat maisonette or apartment or mobile/temporary accommodation,6,3,3,0,3,2,1
S01009596,All households,355,188,58,130,167,131,36
S01009596,Whole house or bungalow: Total,332,184,56,128,148,115,33
S01009596,Whole house or bungalow: Detached,13,6,4,2,7,4,3
S01009596,Whole house or bungalow: Semi-detached,84,36,13,23,48,43,5
S01009596,Whole house or bungalow: Terraced (including end-terrace),235,142,39,103,93,68,25
S01009596,Flat maisonette or apartment or mobile/temporary accommodation,23,4,2,2,19,16,3
S01009597,All households,361,129,29,100,232,192,40
S01009597,Whole house or bungalow: Total,344,129,29,100,215,183,32
S01009597,Whole house or bungalow: Detached,14,7,2,5,7,5,2
S01009597,Whole house or bungalow: Semi-detached,56,15,2,13,41,37,4
S01009597,Whole house or bungalow: Terraced (including end-terrace),274,107,25,82,167,141,26
S01009597,Flat maisonette or apartment or mobile/temporary accommodation,17,0,0,0,17,9,8
S01009598,All households,303,56,20,36,247,237,10
S01009598,Whole house or bungalow: Total,234,55,19,36,179,170,9
S01009598,Whole house or bungalow: Detached,25,19,10,9,6,5,1
S01009598,Whole house or bungalow: Semi-detached,91,14,6,8,77,76,1
S01009598,Whole house or bungalow: Terraced (including end-terrace),118,22,3,19,96,89,7
S01009598,Flat maisonette or apartment or mobile/temporary accommodation,69,1,1,0,68,67,1
S01009599,All households,403,236,73,163,167,126,41
S01009599,Whole house or bungalow: Total,374,226,70,156,148,113,35
S01009599,Whole house or bungalow: Detached,27,21,13,8,6,5,1
S01009599,Whole house or bungalow: Semi-detached,49,16,4,12,33,25,8
S01009599,Whole house or bungalow: Terraced (including end-terrace),298,189,53,136,109,83,26
S01009599,Flat maisonette or apartment or mobile/temporary accommodation,29,10,3,7,19,13,6
S01009600,All households,330,95,20,75,235,199,36
S01009600,Whole house or bungalow: Total,230,89,18,71,141,113,28
S01009600,Whole house or bungalow: Detached,15,8,3,5,7,6,1
S01009600,Whole house or bungalow: Semi-detached,47,12,4,8,35,28,7
S01009600,Whole house or bungalow: Terraced (including end-terrace),168,69,11,58,99,79,20
S01009600,Flat maisonette or apartment or mobile/temporary accommodation,100,6,2,4,94,86,8
S01009601,All households,296,163,49,114,133,87,46
S01009601,Whole house or bungalow: Total,246,140,43,97,106,79,27
S01009601,Whole house or bungalow: Detached,12,5,3,2,7,3,4
S01009601,Whole house or bungalow: Semi-detached,59,32,11,21,27,21,6
S01009601,Whole house or bungalow: Terraced (including end-terrace),175,103,29,74,72,55,17
S01009601,Flat maisonette or apartment or mobile/temporary accommodation,50,23,6,17,27,8,19
S01009602,All households,291,271,71,200,20,8,12
S01009602,Whole house or bungalow: Total,287,269,70,199,18,7,11
S01009602,Whole house or bungalow: Detached,176,169,46,123,7,0,7
S01009602,Whole house or bungalow: Semi-detached,99,91,21,70,8,4,4
S01009602,Whole house or bungalow: Terraced (including end-terrace),12,9,3,6,3,3,0
S01009602,Flat maisonette or apartment or mobile/temporary accommodation,4,2,1,1,2,1,1
S01009603,All households,234,178,70,108,56,44,12
S01009603,Whole house or bungalow: Total,215,177,70,107,38,26,12
S01009603,Whole house or bungalow: Detached,173,163,67,96,10,3,7
S01009603,Whole house or bungalow: Semi-detached,17,5,0,5,12,10,2
S01009603,Whole house or bungalow: Terraced (including end-terrace),25,9,3,6,16,13,3
S01009603,Flat maisonette or apartment or mobile/temporary accommodation,19,1,0,1,18,18,0
S01009604,All households,377,239,62,177,138,107,31
S01009604,Whole house or bungalow: Total,363,238,62,176,125,95,30
S01009604,Whole house or bungalow: Detached,86,74,15,59,12,2,10
S01009604,Whole house or bungalow: Semi-detached,121,82,28,54,39,34,5
S01009604,Whole house or bungalow: Terraced (including end-terrace),156,82,19,63,74,59,15
S01009604,Flat maisonette or apartment or mobile/temporary accommodation,14,1,0,1,13,12,1
S01009605,All households,348,131,47,84,217,201,16
S01009605,Whole house or bungalow: Total,288,131,47,84,157,144,13
S01009605,Whole house or bungalow: Detached,75,69,31,38,6,1,5
S01009605,Whole house or bungalow: Semi-detached,100,37,10,27,63,61,2
S01009605,Whole house or bungalow: Terraced (including end-terrace),113,25,6,19,88,82,6
S01009605,Flat maisonette or apartment or mobile/temporary accommodation,60,0,0,0,60,57,3
S01009606,All households,218,194,49,145,24,11,13
S01009606,Whole house or bungalow: Total,208,194,49,145,14,3,11
S01009606,Whole house or bungalow: Detached,165,160,38,122,5,0,5
S01009606,Whole house or bungalow: Semi-detached,11,8,2,6,3,1,2
S01009606,Whole house or bungalow: Terraced (including end-terrace),32,26,9,17,6,2,4
S01009606,Flat maisonette or apartment or mobile/temporary accommodation,10,0,0,0,10,8,2
S01009607,All households,208,189,94,95,19,9,10
S01009607,Whole house or bungalow: Total,199,188,94,94,11,3,8
S01009607,Whole house or bungalow: Detached,134,126,60,66,8,1,7
S01009607,Whole house or bungalow: Semi-detached,51,51,32,19,0,0,0
S01009607,Whole house or bungalow: Terraced (including end-terrace),14,11,2,9,3,2,1
S01009607,Flat maisonette or apartment or mobile/temporary accommodation,9,1,0,1,8,6,2
S01009608,All households,287,184,76,108,103,75,28
S01009608,Whole house or bungalow: Total,152,126,52,74,26,16,10
S01009608,Whole house or bungalow: Detached,32,28,13,15,4,2,2
S01009608,Whole house or bungalow: Semi-detached,79,68,23,45,11,6,5
S01009608,Whole house or bungalow: Terraced (including end-terrace),41,30,16,14,11,8,3
S01009608,Flat maisonette or apartment or mobile/temporary accommodation,135,58,24,34,77,59,18
S01009609,All households,358,284,121,163,74,30,44
S01009609,Whole house or bungalow: Total,275,233,107,126,42,20,22
S01009609,Whole house or bungalow: Detached,118,107,54,53,11,3,8
S01009609,Whole house or bungalow: Semi-detached,97,79,28,51,18,8,10
S01009609,Whole house or bungalow: Terraced (including end-terrace),60,47,25,22,13,9,4
S01009609,Flat maisonette or apartment or mobile/temporary accommodation,83,51,14,37,32,10,22
S01009610,All households,500,352,177,175,148,88,60
S01009610,Whole house or bungalow: Total,322,267,145,122,55,30,25
S01009610,Whole house or bungalow: Detached,125,119,68,51,6,1,5
S01009610,Whole house or bungalow: Semi-detached,117,94,54,40,23,14,9
S01009610,Whole house or bungalow: Terraced (including end-terrace),80,54,23,31,26,15,11
S01009610,Flat maisonette or apartment or mobile/temporary accommodation,178,85,32,53,93,58,35
S01009611,All households,218,171,98,73,47,7,40
S01009611,Whole house or bungalow: Total,215,169,97,72,46,7,39
S01009611,Whole house or bungalow: Detached,151,129,85,44,22,0,22
S01009611,Whole house or bungalow: Semi-detached,49,28,12,16,21,5,16
S01009611,Whole house or bungalow: Terraced (including end-terrace),15,12,0,12,3,2,1
S01009611,Flat maisonette or apartment or mobile/temporary accommodation,3,2,1,1,1,0,1
S01009612,All households,272,183,81,102,89,71,18
S01009612,Whole house or bungalow: Total,202,160,75,85,42,33,9
S01009612,Whole house or bungalow: Detached,45,45,21,24,0,0,0
S01009612,Whole house or bungalow: Semi-detached,67,51,31,20,16,12,4
S01009612,Whole house or bungalow: Terraced (including end-terrace),90,64,23,41,26,21,5
S01009612,Flat maisonette or apartment or mobile/temporary accommodation,70,23,6,17,47,38,9
S01009613,All households,181,162,76,86,19,2,17
S01009613,Whole house or bungalow: Total,170,154,74,80,16,2,14
S01009613,Whole house or bungalow: Detached,96,93,46,47,3,0,3
S01009613,Whole house or bungalow: Semi-detached,41,35,16,19,6,0,6
S01009613,Whole house or bungalow: Terraced (including end-terrace),33,26,12,14,7,2,5
S01009613,Flat maisonette or apartment or mobile/temporary accommodation,11,8,2,6,3,0,3
S01009614,All households,223,167,93,74,56,11,45
S01009614,Whole house or bungalow: Total,194,149,81,68,45,5,40
S01009614,Whole house or bungalow: Detached,110,89,48,41,21,0,21
S01009614,Whole house or bungalow: Semi-detached,43,25,16,9,18,3,15
S01009614,Whole house or bungalow: Terraced (including end-terrace),41,35,17,18,6,2,4
S01009614,Flat maisonette or apartment or mobile/temporary accommodation,29,18,12,6,11,6,5
S01009615,All households,174,146,84,62,28,22,6
S01009615,Whole house or bungalow: Total,150,132,77,55,18,12,6
S01009615,Whole house or bungalow: Detached,81,78,49,29,3,1,2
S01009615,Whole house or bungalow: Semi-detached,43,34,18,16,9,7,2
S01009615,Whole house or bungalow: Terraced (including end-terrace),26,20,10,10,6,4,2
S01009615,Flat maisonette or apartment or mobile/temporary accommodation,24,14,7,7,10,10,0
S01009616,All households,324,226,98,128,98,62,36
S01009616,Whole house or bungalow: Total,228,177,76,101,51,39,12
S01009616,Whole house or bungalow: Detached,94,82,35,47,12,8,4
S01009616,Whole house or bungalow: Semi-detached,105,77,32,45,28,24,4
S01009616,Whole house or bungalow: Terraced (including end-terrace),29,18,9,9,11,7,4
S01009616,Flat maisonette or apartment or mobile/temporary accommodation,96,49,22,27,47,23,24
S01009617,All households,297,265,103,162,32,6,26
S01009617,Whole house or bungalow: Total,254,235,92,143,19,4,15
S01009617,Whole house or bungalow: Detached,167,161,59,102,6,0,6
S01009617,Whole house or bungalow: Semi-detached,65,59,29,30,6,2,4
S01009617,Whole house or bungalow: Terraced (including end-terrace),22,15,4,11,7,2,5
S01009617,Flat maisonette or apartment or mobile/temporary accommodation,43,30,11,19,13,2,11
S01009618,All households,333,199,82,117,134,76,58
S01009618,Whole house or bungalow: Total,194,125,63,62,69,37,32
S01009618,Whole house or bungalow: Detached,34,24,17,7,10,5,5
S01009618,Whole house or bungalow: Semi-detached,86,62,21,41,24,19,5
S01009618,Whole house or bungalow: Terraced (including end-terrace),74,39,25,14,35,13,22
S01009618,Flat maisonette or apartment or mobile/temporary accommodation,139,74,19,55,65,39,26
S01009619,All households,302,159,79,80,143,113,30
S01009619,Whole house or bungalow: Total,175,107,49,58,68,57,11
S01009619,Whole house or bungalow: Detached,18,12,4,8,6,5,1
S01009619,Whole house or bungalow: Semi-detached,97,71,32,39,26,18,8
S01009619,Whole house or bungalow: Terraced (including end-terrace),60,24,13,11,36,34,2
S01009619,Flat maisonette or apartment or mobile/temporary accommodation,127,52,30,22,75,56,19
S01009620,All households,391,180,92,88,211,175,36
S01009620,Whole house or bungalow: Total,196,103,57,46,93,83,10
S01009620,Whole house or bungalow: Detached,15,7,6,1,8,7,1
S01009620,Whole house or bungalow: Semi-detached,159,87,45,42,72,65,7
S01009620,Whole house or bungalow: Terraced (including end-terrace),22,9,6,3,13,11,2
S01009620,Flat maisonette or apartment or mobile/temporary accommodation,195,77,35,42,118,92,26
S01009621,All households,394,221,110,111,173,105,68
S01009621,Whole house or bungalow: Total,247,166,85,81,81,52,29
S01009621,Whole house or bungalow: Detached,39,27,15,12,12,5,7
S01009621,Whole house or bungalow: Semi-detached,136,105,57,48,31,22,9
S01009621,Whole house or bungalow: Terraced (including end-terrace),72,34,13,21,38,25,13
S01009621,Flat maisonette or apartment or mobile/temporary accommodation,147,55,25,30,92,53,39
S01009622,All households,394,130,66,64,264,218,46
S01009622,Whole house or bungalow: Total,111,63,30,33,48,38,10
S01009622,Whole house or bungalow: Detached,19,15,8,7,4,2,2
S01009622,Whole house or bungalow: Semi-detached,55,34,15,19,21,17,4
S01009622,Whole house or bungalow: Terraced (including end-terrace),37,14,7,7,23,19,4
S01009622,Flat maisonette or apartment or mobile/temporary accommodation,283,67,36,31,216,180,36
S01009623,All households,243,133,71,62,110,89,21
S01009623,Whole house or bungalow: Total,147,99,53,46,48,33,15
S01009623,Whole house or bungalow: Detached,12,10,7,3,2,2,0
S01009623,Whole house or bungalow: Semi-detached,80,59,28,31,21,16,5
S01009623,Whole house or bungalow: Terraced (including end-terrace),55,30,18,12,25,15,10
S01009623,Flat maisonette or apartment or mobile/temporary accommodation,96,34,18,16,62,56,6
S01009624,All households,408,243,122,121,165,142,23
S01009624,Whole house or bungalow: Total,364,223,112,111,141,120,21
S01009624,Whole house or bungalow: Detached,22,11,5,6,11,11,0
S01009624,Whole house or bungalow: Semi-detached,137,76,34,42,61,49,12
S01009624,Whole house or bungalow: Terraced (including end-terrace),205,136,73,63,69,60,9
S01009624,Flat maisonette or apartment or mobile/temporary accommodation,44,20,10,10,24,22,2
S01009625,All households,378,210,85,125,168,134,34
S01009625,Whole house or bungalow: Total,361,203,81,122,158,127,31
S01009625,Whole house or bungalow: Detached,10,6,2,4,4,2,2
S01009625,Whole house or bungalow: Semi-detached,156,83,35,48,73,59,14
S01009625,Whole house or bungalow: Terraced (including end-terrace),195,114,44,70,81,66,15
S01009625,Flat maisonette or apartment or mobile/temporary accommodation,17,7,4,3,10,7,3
S01009626,All households,231,100,63,37,131,123,8
S01009626,Whole house or bungalow: Total,189,92,59,33,97,90,7
S01009626,Whole house or bungalow: Detached,10,5,1,4,5,5,0
S01009626,Whole house or bungalow: Semi-detached,147,73,50,23,74,68,6
S01009626,Whole house or bungalow: Terraced (including end-terrace),32,14,8,6,18,17,1
S01009626,Flat maisonette or apartment or mobile/temporary accommodation,42,8,4,4,34,33,1
S01009627,All households,342,195,94,101,147,124,23
S01009627,Whole house or bungalow: Total,255,154,70,84,101,82,19
S01009627,Whole house or bungalow: Detached,13,9,4,5,4,3,1
S01009627,Whole house or bungalow: Semi-detached,177,106,49,57,71,57,14
S01009627,Whole house or bungalow: Terraced (including end-terrace),65,39,17,22,26,22,4
S01009627,Flat maisonette or apartment or mobile/temporary accommodation,87,41,24,17,46,42,4
S01009628,All households,265,121,69,52,144,133,11
S01009628,Whole house or bungalow: Total,245,112,63,49,133,124,9
S01009628,Whole house or bungalow: Detached,74,19,15,4,55,55,0
S01009628,Whole house or bungalow: Semi-detached,87,33,18,15,54,49,5
S01009628,Whole house or bungalow: Terraced (including end-terrace),84,60,30,30,24,20,4
S01009628,Flat maisonette or apartment or mobile/temporary accommodation,20,9,6,3,11,9,2
S01009629,All households,435,264,112,152,171,124,47
S01009629,Whole house or bungalow: Total,358,260,109,151,98,53,45
S01009629,Whole house or bungalow: Detached,22,18,10,8,4,1,3
S01009629,Whole house or bungalow: Semi-detached,202,144,52,92,58,28,30
S01009629,Whole house or bungalow: Terraced (including end-terrace),134,98,47,51,36,24,12
S01009629,Flat maisonette or apartment or mobile/temporary accommodation,77,4,3,1,73,71,2
S01009630,All households,343,145,63,82,198,173,25
S01009630,Whole house or bungalow: Total,270,136,61,75,134,114,20
S01009630,Whole house or bungalow: Detached,10,5,1,4,5,5,0
S01009630,Whole house or bungalow: Semi-detached,153,89,40,49,64,51,13
S01009630,Whole house or bungalow: Terraced (including end-terrace),107,42,20,22,65,58,7
S01009630,Flat maisonette or apartment or mobile/temporary accommodation,73,9,2,7,64,59,5
S01009631,All households,406,103,54,49,303,224,79
S01009631,Whole house or bungalow: Total,147,83,40,43,64,45,19
S01009631,Whole house or bungalow: Detached,14,8,5,3,6,6,0
S01009631,Whole house or bungalow: Semi-detached,38,18,7,11,20,13,7
S01009631,Whole house or bungalow: Terraced (including end-terrace),95,57,28,29,38,26,12
S01009631,Flat maisonette or apartment or mobile/temporary accommodation,259,20,14,6,239,179,60
S01009632,All households,306,96,47,49,210,159,51
S01009632,Whole house or bungalow: Total,77,34,15,19,43,39,4
S01009632,Whole house or bungalow: Detached,22,13,7,6,9,9,0
S01009632,Whole house or bungalow: Semi-detached,46,16,7,9,30,27,3
S01009632,Whole house or bungalow: Terraced (including end-terrace),9,5,1,4,4,3,1
S01009632,Flat maisonette or apartment or mobile/temporary accommodation,229,62,32,30,167,120,47
S01009633,All households,297,110,51,59,187,159,28
S01009633,Whole house or bungalow: Total,73,52,29,23,21,14,7
S01009633,Whole house or bungalow: Detached,17,15,6,9,2,1,1
S01009633,Whole house or bungalow: Semi-detached,40,30,20,10,10,6,4
S01009633,Whole house or bungalow: Terraced (including end-terrace),16,7,3,4,9,7,2
S01009633,Flat maisonette or apartment or mobile/temporary accommodation,224,58,22,36,166,145,21
S01009634,All households,253,126,75,51,127,112,15
S01009634,Whole house or bungalow: Total,171,96,60,36,75,67,8
S01009634,Whole house or bungalow: Detached,10,5,4,1,5,5,0
S01009634,Whole house or bungalow: Semi-detached,77,41,27,14,36,34,2
S01009634,Whole house or bungalow: Terraced (including end-terrace),84,50,29,21,34,28,6
S01009634,Flat maisonette or apartment or mobile/temporary accommodation,82,30,15,15,52,45,7
S01009635,All households,414,250,117,133,164,119,45
S01009635,Whole house or bungalow: Total,290,217,103,114,73,50,23
S01009635,Whole house or bungalow: Detached,15,13,6,7,2,2,0
S01009635,Whole house or bungalow: Semi-detached,85,64,34,30,21,16,5
S01009635,Whole house or bungalow: Terraced (including end-terrace),190,140,63,77,50,32,18
S01009635,Flat maisonette or apartment or mobile/temporary accommodation,124,33,14,19,91,69,22
S01009636,All households,521,217,98,119,304,173,131
S01009636,Whole house or bungalow: Total,103,66,37,29,37,20,17
S01009636,Whole house or bungalow: Detached,19,14,7,7,5,2,3
S01009636,Whole house or bungalow: Semi-detached,46,31,16,15,15,8,7
S01009636,Whole house or bungalow: Terraced (including end-terrace),38,21,14,7,17,10,7
S01009636,Flat maisonette or apartment or mobile/temporary accommodation,418,151,61,90,267,153,114
S01009637,All households,340,203,82,121,137,98,39
S01009637,Whole house or bungalow: Total,179,145,60,85,34,20,14
S01009637,Whole house or bungalow: Detached,22,20,9,11,2,0,2
S01009637,Whole house or bungalow: Semi-detached,113,91,36,55,22,15,7
S01009637,Whole house or bungalow: Terraced (including end-terrace),44,34,15,19,10,5,5
S01009637,Flat maisonette or apartment or mobile/temporary accommodation,161,58,22,36,103,78,25
S01009638,All households,292,121,55,66,171,148,23
S01009638,Whole house or bungalow: Total,135,83,42,41,52,39,13
S01009638,Whole house or bungalow: Detached,30,23,16,7,7,4,3
S01009638,Whole house or bungalow: Semi-detached,89,54,23,31,35,29,6
S01009638,Whole house or bungalow: Terraced (including end-terrace),16,6,3,3,10,6,4
S01009638,Flat maisonette or apartment or mobile/temporary accommodation,157,38,13,25,119,109,10
S01009639,All households,325,298,180,118,27,9,18
S01009639,Whole house or bungalow: Total,257,239,140,99,18,7,11
S01009639,Whole house or bungalow: Detached,90,85,55,30,5,1,4
S01009639,Whole house or bungalow: Semi-detached,146,136,73,63,10,5,5
S01009639,Whole house or bungalow: Terraced (including end-terrace),21,18,12,6,3,1,2
S01009639,Flat maisonette or apartment or mobile/temporary accommodation,68,59,40,19,9,2,7
S01009640,All households,363,148,82,66,215,165,50
S01009640,Whole house or bungalow: Total,115,84,53,31,31,19,12
S01009640,Whole house or bungalow: Detached,7,6,2,4,1,1,0
S01009640,Whole house or bungalow: Semi-detached,101,76,50,26,25,15,10
S01009640,Whole house or bungalow: Terraced (including end-terrace),7,2,1,1,5,3,2
S01009640,Flat maisonette or apartment or mobile/temporary accommodation,248,64,29,35,184,146,38
S01009641,All households,479,233,128,105,246,155,91
S01009641,Whole house or bungalow: Total,202,127,80,47,75,50,25
S01009641,Whole house or bungalow: Detached,32,26,16,10,6,2,4
S01009641,Whole house or bungalow: Semi-detached,90,49,27,22,41,33,8
S01009641,Whole house or bungalow: Terraced (including end-terrace),80,52,37,15,28,15,13
S01009641,Flat maisonette or apartment or mobile/temporary accommodation,277,106,48,58,171,105,66
S01009642,All households,482,289,132,157,193,96,97
S01009642,Whole house or bungalow: Total,181,148,75,73,33,11,22
S01009642,Whole house or bungalow: Detached,44,39,24,15,5,0,5
S01009642,Whole house or bungalow: Semi-detached,77,64,29,35,13,4,9
S01009642,Whole house or bungalow: Terraced (including end-terrace),60,45,22,23,15,7,8
S01009642,Flat maisonette or apartment or mobile/temporary accommodation,301,141,57,84,160,85,75
S01009643,All households,218,185,35,150,33,25,8
S01009643,Whole house or bungalow: Total,189,169,34,135,20,16,4
S01009643,Whole house or bungalow: Detached,109,108,28,80,1,0,1
S01009643,Whole house or bungalow: Semi-detached,71,58,6,52,13,10,3
S01009643,Whole house or bungalow: Terraced (including end-terrace),9,3,0,3,6,6,0
S01009643,Flat maisonette or apartment or mobile/temporary accommodation,29,16,1,15,13,9,4
S01009644,All households,339,229,97,132,110,93,17
S01009644,Whole house or bungalow: Total,303,217,92,125,86,73,13
S01009644,Whole house or bungalow: Detached,82,78,27,51,4,1,3
S01009644,Whole house or bungalow: Semi-detached,82,55,23,32,27,26,1
S01009644,Whole house or bungalow: Terraced (including end-terrace),139,84,42,42,55,46,9
S01009644,Flat maisonette or apartment or mobile/temporary accommodation,36,12,5,7,24,20,4
S01009645,All households,301,180,85,95,121,91,30
S01009645,Whole house or bungalow: Total,188,121,62,59,67,51,16
S01009645,Whole house or bungalow: Detached,23,19,12,7,4,2,2
S01009645,Whole house or bungalow: Semi-detached,117,80,40,40,37,30,7
S01009645,Whole house or bungalow: Terraced (including end-terrace),48,22,10,12,26,19,7
S01009645,Flat maisonette or apartment or mobile/temporary accommodation,113,59,23,36,54,40,14
S01009646,All households,244,159,73,86,85,74,11
S01009646,Whole house or bungalow: Total,203,133,63,70,70,63,7
S01009646,Whole house or bungalow: Detached,12,12,4,8,0,0,0
S01009646,Whole house or bungalow: Semi-detached,120,78,38,40,42,37,5
S01009646,Whole house or bungalow: Terraced (including end-terrace),71,43,21,22,28,26,2
S01009646,Flat maisonette or apartment or mobile/temporary accommodation,41,26,10,16,15,11,4
S01009647,All households,318,153,93,60,165,134,31
S01009647,Whole house or bungalow: Total,107,78,53,25,29,18,11
S01009647,Whole house or bungalow: Detached,27,20,13,7,7,5,2
S01009647,Whole house or bungalow: Semi-detached,61,44,31,13,17,10,7
S01009647,Whole house or bungalow: Terraced (including end-terrace),19,14,9,5,5,3,2
S01009647,Flat maisonette or apartment or mobile/temporary accommodation,211,75,40,35,136,116,20
S01009648,All households,394,256,121,135,138,114,24
S01009648,Whole house or bungalow: Total,349,237,117,120,112,93,19
S01009648,Whole house or bungalow: Detached,20,14,6,8,6,3,3
S01009648,Whole house or bungalow: Semi-detached,208,135,66,69,73,61,12
S01009648,Whole house or bungalow: Terraced (including end-terrace),121,88,45,43,33,29,4
S01009648,Flat maisonette or apartment or mobile/temporary accommodation,45,19,4,15,26,21,5
S01009649,All households,451,292,120,172,159,142,17
S01009649,Whole house or bungalow: Total,328,244,102,142,84,74,10
S01009649,Whole house or bungalow: Detached,131,126,41,85,5,0,5
S01009649,Whole house or bungalow: Semi-detached,125,88,51,37,37,33,4
S01009649,Whole house or bungalow: Terraced (including end-terrace),72,30,10,20,42,41,1
S01009649,Flat maisonette or apartment or mobile/temporary accommodation,123,48,18,30,75,68,7
S01009650,All households,343,325,213,112,18,8,10
S01009650,Whole house or bungalow: Total,330,319,211,108,11,2,9
S01009650,Whole house or bungalow: Detached,211,208,147,61,3,0,3
S01009650,Whole house or bungalow: Semi-detached,111,105,63,42,6,1,5
S01009650,Whole house or bungalow: Terraced (including end-terrace),8,6,1,5,2,1,1
S01009650,Flat maisonette or apartment or mobile/temporary accommodation,13,6,2,4,7,6,1
S01009651,All households,427,294,184,110,133,57,76
S01009651,Whole house or bungalow: Total,388,278,175,103,110,47,63
S01009651,Whole house or bungalow: Detached,206,170,111,59,36,1,35
S01009651,Whole house or bungalow: Semi-detached,118,71,43,28,47,25,22
S01009651,Whole house or bungalow: Terraced (including end-terrace),64,37,21,16,27,21,6
S01009651,Flat maisonette or apartment or mobile/temporary accommodation,39,16,9,7,23,10,13
S01009652,All households,399,346,239,107,53,9,44
S01009652,Whole house or bungalow: Total,303,274,190,84,29,5,24
S01009652,Whole house or bungalow: Detached,113,104,75,29,9,0,9
S01009652,Whole house or bungalow: Semi-detached,124,116,79,37,8,3,5
S01009652,Whole house or bungalow: Terraced (including end-terrace),66,54,36,18,12,2,10
S01009652,Flat maisonette or apartment or mobile/temporary accommodation,96,72,49,23,24,4,20
S01009653,All households,229,212,114,98,17,5,12
S01009653,Whole house or bungalow: Total,214,203,110,93,11,4,7
S01009653,Whole house or bungalow: Detached,147,143,80,63,4,0,4
S01009653,Whole house or bungalow: Semi-detached,58,53,28,25,5,2,3
S01009653,Whole house or bungalow: Terraced (including end-terrace),9,7,2,5,2,2,0
S01009653,Flat maisonette or apartment or mobile/temporary accommodation,15,9,4,5,6,1,5
S01009654,All households,274,208,132,76,66,37,29
S01009654,Whole house or bungalow: Total,209,168,104,64,41,31,10
S01009654,Whole house or bungalow: Detached,66,64,45,19,2,0,2
S01009654,Whole house or bungalow: Semi-detached,85,62,38,24,23,20,3
S01009654,Whole house or bungalow: Terraced (including end-terrace),58,42,21,21,16,11,5
S01009654,Flat maisonette or apartment or mobile/temporary accommodation,65,40,28,12,25,6,19
S01009655,All households,351,194,87,107,157,139,18
S01009655,Whole house or bungalow: Total,347,193,86,107,154,136,18
S01009655,Whole house or bungalow: Detached,11,7,5,2,4,3,1
S01009655,Whole house or bungalow: Semi-detached,242,139,61,78,103,88,15
S01009655,Whole house or bungalow: Terraced (including end-terrace),94,47,20,27,47,45,2
S01009655,Flat maisonette or apartment or mobile/temporary accommodation,4,1,1,0,3,3,0
S01009656,All households,387,168,93,75,219,191,28
S01009656,Whole house or bungalow: Total,265,142,80,62,123,108,15
S01009656,Whole house or bungalow: Detached,27,21,13,8,6,5,1
S01009656,Whole house or bungalow: Semi-detached,192,105,62,43,87,77,10
S01009656,Whole house or bungalow: Terraced (including end-terrace),46,16,5,11,30,26,4
S01009656,Flat maisonette or apartment or mobile/temporary accommodation,122,26,13,13,96,83,13
S01009657,All households,332,236,110,126,96,79,17
S01009657,Whole house or bungalow: Total,267,220,102,118,47,32,15
S01009657,Whole house or bungalow: Detached,102,98,45,53,4,0,4
S01009657,Whole house or bungalow: Semi-detached,137,105,53,52,32,23,9
S01009657,Whole house or bungalow: Terraced (including end-terrace),28,17,4,13,11,9,2
S01009657,Flat maisonette or apartment or mobile/temporary accommodation,65,16,8,8,49,47,2
S01009658,All households,286,173,67,106,113,98,15
S01009658,Whole house or bungalow: Total,272,165,65,100,107,95,12
S01009658,Whole house or bungalow: Detached,29,25,11,14,4,2,2
S01009658,Whole house or bungalow: Semi-detached,72,50,21,29,22,18,4
S01009658,Whole house or bungalow: Terraced (including end-terrace),171,90,33,57,81,75,6
S01009658,Flat maisonette or apartment or mobile/temporary accommodation,14,8,2,6,6,3,3
S01009659,All households,230,139,60,79,91,79,12
S01009659,Whole house or bungalow: Total,166,130,54,76,36,29,7
S01009659,Whole house or bungalow: Detached,56,52,24,28,4,4,0
S01009659,Whole house or bungalow: Semi-detached,66,55,22,33,11,8,3
S01009659,Whole house or bungalow: Terraced (including end-terrace),44,23,8,15,21,17,4
S01009659,Flat maisonette or apartment or mobile/temporary accommodation,64,9,6,3,55,50,5
S01009660,All households,430,263,99,164,167,152,15
S01009660,Whole house or bungalow: Total,419,263,99,164,156,141,15
S01009660,Whole house or bungalow: Detached,153,138,46,92,15,9,6
S01009660,Whole house or bungalow: Semi-detached,106,54,20,34,52,51,1
S01009660,Whole house or bungalow: Terraced (including end-terrace),160,71,33,38,89,81,8
S01009660,Flat maisonette or apartment or mobile/temporary accommodation,11,0,0,0,11,11,0
S01009661,All households,331,275,157,118,56,2,54
S01009661,Whole house or bungalow: Total,317,262,145,117,55,2,53
S01009661,Whole house or bungalow: Detached,227,195,110,85,32,0,32
S01009661,Whole house or bungalow: Semi-detached,66,48,27,21,18,2,16
S01009661,Whole house or bungalow: Terraced (including end-terrace),24,19,8,11,5,0,5
S01009661,Flat maisonette or apartment or mobile/temporary accommodation,14,13,12,1,1,0,1
S01009662,All households,292,232,111,121,60,36,24
S01009662,Whole house or bungalow: Total,271,227,110,117,44,25,19
S01009662,Whole house or bungalow: Detached,114,103,59,44,11,2,9
S01009662,Whole house or bungalow: Semi-detached,109,88,34,54,21,13,8
S01009662,Whole house or bungalow: Terraced (including end-terrace),48,36,17,19,12,10,2
S01009662,Flat maisonette or apartment or mobile/temporary accommodation,21,5,1,4,16,11,5
S01009663,All households,281,202,103,99,79,45,34
S01009663,Whole house or bungalow: Total,250,193,99,94,57,29,28
S01009663,Whole house or bungalow: Detached,120,110,59,51,10,2,8
S01009663,Whole house or bungalow: Semi-detached,79,51,23,28,28,15,13
S01009663,Whole house or bungalow: Terraced (including end-terrace),51,32,17,15,19,12,7
S01009663,Flat maisonette or apartment or mobile/temporary accommodation,31,9,4,5,22,16,6
S01009664,All households,377,281,144,137,96,25,71
S01009664,Whole house or bungalow: Total,333,249,119,130,84,18,66
S01009664,Whole house or bungalow: Detached,122,98,56,42,24,1,23
S01009664,Whole house or bungalow: Semi-detached,107,73,32,41,34,8,26
S01009664,Whole house or bungalow: Terraced (including end-terrace),104,78,31,47,26,9,17
S01009664,Flat maisonette or apartment or mobile/temporary accommodation,44,32,25,7,12,7,5
S01009665,All households,293,206,109,97,87,62,25
S01009665,Whole house or bungalow: Total,228,185,101,84,43,24,19
S01009665,Whole house or bungalow: Detached,81,76,47,29,5,0,5
S01009665,Whole house or bungalow: Semi-detached,98,76,39,37,22,12,10
S01009665,Whole house or bungalow: Terraced (including end-terrace),49,33,15,18,16,12,4
S01009665,Flat maisonette or apartment or mobile/temporary accommodation,65,21,8,13,44,38,6
S01009666,All households,342,229,111,118,113,58,55
S01009666,Whole house or bungalow: Total,237,200,100,100,37,12,25
S01009666,Whole house or bungalow: Detached,108,105,57,48,3,0,3
S01009666,Whole house or bungalow: Semi-detached,84,66,32,34,18,7,11
S01009666,Whole house or bungalow: Terraced (including end-terrace),45,29,11,18,16,5,11
S01009666,Flat maisonette or apartment or mobile/temporary accommodation,105,29,11,18,76,46,30
S01009667,All households,223,192,107,85,31,15,16
S01009667,Whole house or bungalow: Total,213,191,107,84,22,6,16
S01009667,Whole house or bungalow: Detached,133,126,80,46,7,0,7
S01009667,Whole house or bungalow: Semi-detached,61,50,23,27,11,3,8
S01009667,Whole house or bungalow: Terraced (including end-terrace),19,15,4,11,4,3,1
S01009667,Flat maisonette or apartment or mobile/temporary accommodation,10,1,0,1,9,9,0
S01009668,All households,243,211,89,122,32,7,25
S01009668,Whole house or bungalow: Total,184,171,76,95,13,4,9
S01009668,Whole house or bungalow: Detached,88,86,44,42,2,0,2
S01009668,Whole house or bungalow: Semi-detached,48,41,15,26,7,3,4
S01009668,Whole house or bungalow: Terraced (including end-terrace),48,44,17,27,4,1,3
S01009668,Flat maisonette or apartment or mobile/temporary accommodation,59,40,13,27,19,3,16
S01009669,All households,240,195,121,74,45,19,26
S01009669,Whole house or bungalow: Total,235,193,121,72,42,18,24
S01009669,Whole house or bungalow: Detached,88,79,50,29,9,0,9
S01009669,Whole house or bungalow: Semi-detached,89,70,43,27,19,9,10
S01009669,Whole house or bungalow: Terraced (including end-terrace),58,44,28,16,14,9,5
S01009669,Flat maisonette or apartment or mobile/temporary accommodation,5,2,0,2,3,1,2
S01009670,All households,340,241,116,125,99,66,33
S01009670,Whole house or bungalow: Total,289,225,112,113,64,40,24
S01009670,Whole house or bungalow: Detached,132,117,64,53,15,1,14
S01009670,Whole house or bungalow: Semi-detached,99,71,36,35,28,23,5
S01009670,Whole house or bungalow: Terraced (including end-terrace),58,37,12,25,21,16,5
S01009670,Flat maisonette or apartment or mobile/temporary accommodation,51,16,4,12,35,26,9
S01009671,All households,262,182,77,105,80,18,62
S01009671,Whole house or bungalow: Total,240,172,74,98,68,11,57
S01009671,Whole house or bungalow: Detached,102,72,40,32,30,0,30
S01009671,Whole house or bungalow: Semi-detached,84,65,17,48,19,6,13
S01009671,Whole house or bungalow: Terraced (including end-terrace),54,35,17,18,19,5,14
S01009671,Flat maisonette or apartment or mobile/temporary accommodation,22,10,3,7,12,7,5
S01009672,All households,355,200,83,117,155,126,29
S01009672,Whole house or bungalow: Total,322,196,83,113,126,101,25
S01009672,Whole house or bungalow: Detached,79,69,38,31,10,4,6
S01009672,Whole house or bungalow: Semi-detached,120,71,21,50,49,37,12
S01009672,Whole house or bungalow: Terraced (including end-terrace),123,56,24,32,67,60,7
S01009672,Flat maisonette or apartment or mobile/temporary accommodation,33,4,0,4,29,25,4
S01009673,All households,351,264,120,144,87,48,39
S01009673,Whole house or bungalow: Total,263,220,108,112,43,26,17
S01009673,Whole house or bungalow: Detached,107,102,59,43,5,3,2
S01009673,Whole house or bungalow: Semi-detached,83,62,27,35,21,12,9
S01009673,Whole house or bungalow: Terraced (including end-terrace),73,56,22,34,17,11,6
S01009673,Flat maisonette or apartment or mobile/temporary accommodation,88,44,12,32,44,22,22
S01009674,All households,392,295,161,134,97,37,60
S01009674,Whole house or bungalow: Total,354,288,158,130,66,25,41
S01009674,Whole house or bungalow: Detached,184,163,99,64,21,1,20
S01009674,Whole house or bungalow: Semi-detached,105,82,36,46,23,7,16
S01009674,Whole house or bungalow: Terraced (including end-terrace),65,43,23,20,22,17,5
S01009674,Flat maisonette or apartment or mobile/temporary accommodation,38,7,3,4,31,12,19
S01009675,All households,379,300,151,149,79,35,44
S01009675,Whole house or bungalow: Total,351,283,145,138,68,31,37
S01009675,Whole house or bungalow: Detached,150,130,72,58,20,2,18
S01009675,Whole house or bungalow: Semi-detached,151,115,55,60,36,22,14
S01009675,Whole house or bungalow: Terraced (including end-terrace),50,38,18,20,12,7,5
S01009675,Flat maisonette or apartment or mobile/temporary accommodation,28,17,6,11,11,4,7
S01009676,All households,356,242,118,124,114,55,59
S01009676,Whole house or bungalow: Total,301,213,110,103,88,42,46
S01009676,Whole house or bungalow: Detached,119,89,47,42,30,2,28
S01009676,Whole house or bungalow: Semi-detached,129,90,46,44,39,24,15
S01009676,Whole house or bungalow: Terraced (including end-terrace),53,34,17,17,19,16,3
S01009676,Flat maisonette or apartment or mobile/temporary accommodation,55,29,8,21,26,13,13
S01009677,All households,268,195,107,88,73,19,54
S01009677,Whole house or bungalow: Total,258,192,104,88,66,16,50
S01009677,Whole house or bungalow: Detached,152,124,72,52,28,2,26
S01009677,Whole house or bungalow: Semi-detached,67,40,20,20,27,11,16
S01009677,Whole house or bungalow: Terraced (including end-terrace),39,28,12,16,11,3,8
S01009677,Flat maisonette or apartment or mobile/temporary accommodation,10,3,3,0,7,3,4
S01009678,All households,273,197,114,83,76,46,30
S01009678,Whole house or bungalow: Total,236,174,103,71,62,37,25
S01009678,Whole house or bungalow: Detached,56,49,32,17,7,1,6
S01009678,Whole house or bungalow: Semi-detached,99,74,42,32,25,14,11
S01009678,Whole house or bungalow: Terraced (including end-terrace),81,51,29,22,30,22,8
S01009678,Flat maisonette or apartment or mobile/temporary accommodation,37,23,11,12,14,9,5
S01009679,All households,434,245,121,124,189,120,69
S01009679,Whole house or bungalow: Total,254,179,86,93,75,50,25
S01009679,Whole house or bungalow: Detached,100,80,43,37,20,12,8
S01009679,Whole house or bungalow: Semi-detached,86,54,21,33,32,20,12
S01009679,Whole house or bungalow: Terraced (including end-terrace),68,45,22,23,23,18,5
S01009679,Flat maisonette or apartment or mobile/temporary accommodation,180,66,35,31,114,70,44
S01009680,All households,356,229,104,125,127,78,49
S01009680,Whole house or bungalow: Total,269,189,93,96,80,50,30
S01009680,Whole house or bungalow: Detached,88,73,42,31,15,6,9
S01009680,Whole house or bungalow: Semi-detached,73,52,22,30,21,12,9
S01009680,Whole house or bungalow: Terraced (including end-terrace),108,64,29,35,44,32,12
S01009680,Flat maisonette or apartment or mobile/temporary accommodation,87,40,11,29,47,28,19
S01009681,All households,245,177,60,117,68,45,23
S01009681,Whole house or bungalow: Total,231,175,59,116,56,36,20
S01009681,Whole house or bungalow: Detached,73,63,26,37,10,6,4
S01009681,Whole house or bungalow: Semi-detached,82,60,23,37,22,9,13
S01009681,Whole house or bungalow: Terraced (including end-terrace),76,52,10,42,24,21,3
S01009681,Flat maisonette or apartment or mobile/temporary accommodation,14,2,1,1,12,9,3
S01009682,All households,278,220,108,112,58,17,41
S01009682,Whole house or bungalow: Total,231,196,103,93,35,17,18
S01009682,Whole house or bungalow: Detached,129,120,71,49,9,1,8
S01009682,Whole house or bungalow: Semi-detached,85,68,27,41,17,10,7
S01009682,Whole house or bungalow: Terraced (including end-terrace),17,8,5,3,9,6,3
S01009682,Flat maisonette or apartment or mobile/temporary accommodation,47,24,5,19,23,0,23
S01009683,All households,364,284,162,122,80,40,40
S01009683,Whole house or bungalow: Total,289,237,129,108,52,30,22
S01009683,Whole house or bungalow: Detached,135,111,70,41,24,15,9
S01009683,Whole house or bungalow: Semi-detached,108,93,46,47,15,7,8
S01009683,Whole house or bungalow: Terraced (including end-terrace),46,33,13,20,13,8,5
S01009683,Flat maisonette or apartment or mobile/temporary accommodation,75,47,33,14,28,10,18
S01009684,All households,395,304,135,169,91,20,71
S01009684,Whole house or bungalow: Total,371,297,133,164,74,9,65
S01009684,Whole house or bungalow: Detached,245,213,99,114,32,1,31
S01009684,Whole house or bungalow: Semi-detached,78,56,26,30,22,4,18
S01009684,Whole house or bungalow: Terraced (including end-terrace),48,28,8,20,20,4,16
S01009684,Flat maisonette or apartment or mobile/temporary accommodation,24,7,2,5,17,11,6
S01009685,All households,264,149,63,86,115,79,36
S01009685,Whole house or bungalow: Total,251,148,62,86,103,70,33
S01009685,Whole house or bungalow: Detached,71,51,34,17,20,2,18
S01009685,Whole house or bungalow: Semi-detached,114,60,21,39,54,41,13
S01009685,Whole house or bungalow: Terraced (including end-terrace),66,37,7,30,29,27,2
S01009685,Flat maisonette or apartment or mobile/temporary accommodation,13,1,1,0,12,9,3
S01009686,All households,544,255,96,159,289,160,129
S01009686,Whole house or bungalow: Total,322,197,85,112,125,83,42
S01009686,Whole house or bungalow: Detached,96,58,26,32,38,30,8
S01009686,Whole house or bungalow: Semi-detached,93,52,20,32,41,24,17
S01009686,Whole house or bungalow: Terraced (including end-terrace),133,87,39,48,46,29,17
S01009686,Flat maisonette or apartment or mobile/temporary accommodation,222,58,11,47,164,77,87
S01009687,All households,299,202,84,118,97,44,53
S01009687,Whole house or bungalow: Total,282,195,80,115,87,41,46
S01009687,Whole house or bungalow: Detached,78,63,34,29,15,2,13
S01009687,Whole house or bungalow: Semi-detached,169,108,41,67,61,30,31
S01009687,Whole house or bungalow: Terraced (including end-terrace),35,24,5,19,11,9,2
S01009687,Flat maisonette or apartment or mobile/temporary accommodation,17,7,4,3,10,3,7
S01009688,All households,456,136,60,76,320,275,45
S01009688,Whole house or bungalow: Total,168,76,42,34,92,72,20
S01009688,Whole house or bungalow: Detached,18,12,9,3,6,2,4
S01009688,Whole house or bungalow: Semi-detached,89,34,20,14,55,46,9
S01009688,Whole house or bungalow: Terraced (including end-terrace),61,30,13,17,31,24,7
S01009688,Flat maisonette or apartment or mobile/temporary accommodation,288,60,18,42,228,203,25
S01009689,All households,333,158,73,85,175,80,95
S01009689,Whole house or bungalow: Total,148,107,56,51,41,14,27
S01009689,Whole house or bungalow: Detached,38,33,21,12,5,0,5
S01009689,Whole house or bungalow: Semi-detached,51,35,14,21,16,7,9
S01009689,Whole house or bungalow: Terraced (including end-terrace),59,39,21,18,20,7,13
S01009689,Flat maisonette or apartment or mobile/temporary accommodation,185,51,17,34,134,66,68
S01009690,All households,347,213,83,130,134,72,62
S01009690,Whole house or bungalow: Total,256,171,70,101,85,59,26
S01009690,Whole house or bungalow: Detached,42,38,19,19,4,2,2
S01009690,Whole house or bungalow: Semi-detached,93,51,20,31,42,32,10
S01009690,Whole house or bungalow: Terraced (including end-terrace),121,82,31,51,39,25,14
S01009690,Flat maisonette or apartment or mobile/temporary accommodation,91,42,13,29,49,13,36
S01009691,All households,260,235,139,96,25,4,21
S01009691,Whole house or bungalow: Total,198,182,93,89,16,1,15
S01009691,Whole house or bungalow: Detached,110,107,65,42,3,0,3
S01009691,Whole house or bungalow: Semi-detached,56,46,17,29,10,1,9
S01009691,Whole house or bungalow: Terraced (including end-terrace),32,29,11,18,3,0,3
S01009691,Flat maisonette or apartment or mobile/temporary accommodation,62,53,46,7,9,3,6
S01009692,All households,484,411,264,147,73,21,52
S01009692,Whole house or bungalow: Total,450,394,256,138,56,18,38
S01009692,Whole house or bungalow: Detached,220,211,149,62,9,0,9
S01009692,Whole house or bungalow: Semi-detached,210,169,102,67,41,17,24
S01009692,Whole house or bungalow: Terraced (including end-terrace),20,14,5,9,6,1,5
S01009692,Flat maisonette or apartment or mobile/temporary accommodation,34,17,8,9,17,3,14
S01009693,All households,252,221,129,92,31,9,22
S01009693,Whole house or bungalow: Total,249,221,129,92,28,7,21
S01009693,Whole house or bungalow: Detached,128,116,78,38,12,4,8
S01009693,Whole house or bungalow: Semi-detached,116,102,51,51,14,2,12
S01009693,Whole house or bungalow: Terraced (including end-terrace),5,3,0,3,2,1,1
S01009693,Flat maisonette or apartment or mobile/temporary accommodation,3,0,0,0,3,2,1
S01009694,All households,453,394,243,151,59,18,41
S01009694,Whole house or bungalow: Total,428,383,236,147,45,14,31
S01009694,Whole house or bungalow: Detached,281,258,163,95,23,3,20
S01009694,Whole house or bungalow: Semi-detached,132,115,67,48,17,6,11
S01009694,Whole house or bungalow: Terraced (including end-terrace),15,10,6,4,5,5,0
S01009694,Flat maisonette or apartment or mobile/temporary accommodation,25,11,7,4,14,4,10
S01009695,All households,278,218,128,90,60,20,40
S01009695,Whole house or bungalow: Total,257,209,125,84,48,16,32
S01009695,Whole house or bungalow: Detached,153,137,91,46,16,2,14
S01009695,Whole house or bungalow: Semi-detached,59,39,15,24,20,9,11
S01009695,Whole house or bungalow: Terraced (including end-terrace),45,33,19,14,12,5,7
S01009695,Flat maisonette or apartment or mobile/temporary accommodation,21,9,3,6,12,4,8
S01009696,All households,443,336,185,151,107,42,65
S01009696,Whole house or bungalow: Total,429,332,183,149,97,38,59
S01009696,Whole house or bungalow: Detached,209,176,108,68,33,6,27
S01009696,Whole house or bungalow: Semi-detached,135,100,45,55,35,18,17
S01009696,Whole house or bungalow: Terraced (including end-terrace),85,56,30,26,29,14,15
S01009696,Flat maisonette or apartment or mobile/temporary accommodation,14,4,2,2,10,4,6
S01009697,All households,314,239,126,113,75,33,42
S01009697,Whole house or bungalow: Total,309,236,124,112,73,32,41
S01009697,Whole house or bungalow: Detached,147,121,79,42,26,3,23
S01009697,Whole house or bungalow: Semi-detached,85,63,24,39,22,14,8
S01009697,Whole house or bungalow: Terraced (including end-terrace),77,52,21,31,25,15,10
S01009697,Flat maisonette or apartment or mobile/temporary accommodation,5,3,2,1,2,1,1
S01009698,All households,232,159,95,64,73,3,70
S01009698,Whole house or bungalow: Total,225,156,95,61,69,3,66
S01009698,Whole house or bungalow: Detached,146,115,72,43,31,1,30
S01009698,Whole house or bungalow: Semi-detached,56,24,14,10,32,1,31
S01009698,Whole house or bungalow: Terraced (including end-terrace),23,17,9,8,6,1,5
S01009698,Flat maisonette or apartment or mobile/temporary accommodation,7,3,0,3,4,0,4
S01009699,All households,236,175,133,42,61,26,35
S01009699,Whole house or bungalow: Total,213,157,121,36,56,23,33
S01009699,Whole house or bungalow: Detached,71,60,55,5,11,0,11
S01009699,Whole house or bungalow: Semi-detached,104,67,46,21,37,20,17
S01009699,Whole house or bungalow: Terraced (including end-terrace),38,30,20,10,8,3,5
S01009699,Flat maisonette or apartment or mobile/temporary accommodation,23,18,12,6,5,3,2
S01009700,All households,297,184,102,82,113,42,71
S01009700,Whole house or bungalow: Total,258,160,89,71,98,32,66
S01009700,Whole house or bungalow: Detached,91,59,44,15,32,1,31
S01009700,Whole house or bungalow: Semi-detached,89,43,19,24,46,23,23
S01009700,Whole house or bungalow: Terraced (including end-terrace),78,58,26,32,20,8,12
S01009700,Flat maisonette or apartment or mobile/temporary accommodation,39,24,13,11,15,10,5
S01009701,All households,229,166,127,39,63,45,18
S01009701,Whole house or bungalow: Total,175,138,108,30,37,20,17
S01009701,Whole house or bungalow: Detached,54,45,36,9,9,1,8
S01009701,Whole house or bungalow: Semi-detached,67,52,38,14,15,12,3
S01009701,Whole house or bungalow: Terraced (including end-terrace),54,41,34,7,13,7,6
S01009701,Flat maisonette or apartment or mobile/temporary accommodation,54,28,19,9,26,25,1
S01009702,All households,265,173,100,73,92,31,61
S01009702,Whole house or bungalow: Total,257,170,99,71,87,29,58
S01009702,Whole house or bungalow: Detached,158,122,75,47,36,3,33
S01009702,Whole house or bungalow: Semi-detached,73,36,20,16,37,15,22
S01009702,Whole house or bungalow: Terraced (including end-terrace),26,12,4,8,14,11,3
S01009702,Flat maisonette or apartment or mobile/temporary accommodation,8,3,1,2,5,2,3
S01009703,All households,285,182,107,75,103,83,20
S01009703,Whole house or bungalow: Total,224,160,96,64,64,52,12
S01009703,Whole house or bungalow: Detached,53,47,32,15,6,1,5
S01009703,Whole house or bungalow: Semi-detached,114,77,44,33,37,34,3
S01009703,Whole house or bungalow: Terraced (including end-terrace),57,36,20,16,21,17,4
S01009703,Flat maisonette or apartment or mobile/temporary accommodation,61,22,11,11,39,31,8
S01009704,All households,440,330,216,114,110,56,54
S01009704,Whole house or bungalow: Total,377,305,205,100,72,32,40
S01009704,Whole house or bungalow: Detached,133,121,92,29,12,7,5
S01009704,Whole house or bungalow: Semi-detached,133,105,59,46,28,12,16
S01009704,Whole house or bungalow: Terraced (including end-terrace),111,79,54,25,32,13,19
S01009704,Flat maisonette or apartment or mobile/temporary accommodation,63,25,11,14,38,24,14
S01009705,All households,363,217,125,92,146,113,33
S01009705,Whole house or bungalow: Total,255,174,110,64,81,57,24
S01009705,Whole house or bungalow: Detached,32,27,21,6,5,2,3
S01009705,Whole house or bungalow: Semi-detached,108,71,40,31,37,26,11
S01009705,Whole house or bungalow: Terraced (including end-terrace),115,76,49,27,39,29,10
S01009705,Flat maisonette or apartment or mobile/temporary accommodation,108,43,15,28,65,56,9
S01009706,All households,295,187,108,79,108,55,53
S01009706,Whole house or bungalow: Total,226,169,98,71,57,14,43
S01009706,Whole house or bungalow: Detached,62,42,29,13,20,1,19
S01009706,Whole house or bungalow: Semi-detached,82,62,36,26,20,10,10
S01009706,Whole house or bungalow: Terraced (including end-terrace),82,65,33,32,17,3,14
S01009706,Flat maisonette or apartment or mobile/temporary accommodation,69,18,10,8,51,41,10
S01009707,All households,218,164,83,81,54,1,53
S01009707,Whole house or bungalow: Total,169,142,74,68,27,1,26
S01009707,Whole house or bungalow: Detached,30,27,15,12,3,0,3
S01009707,Whole house or bungalow: Semi-detached,34,24,9,15,10,1,9
S01009707,Whole house or bungalow: Terraced (including end-terrace),105,91,50,41,14,0,14
S01009707,Flat maisonette or apartment or mobile/temporary accommodation,49,22,9,13,27,0,27
S01009708,All households,258,192,106,86,66,42,24
S01009708,Whole house or bungalow: Total,220,179,100,79,41,28,13
S01009708,Whole house or bungalow: Detached,64,62,37,25,2,1,1
S01009708,Whole house or bungalow: Semi-detached,108,75,38,37,33,24,9
S01009708,Whole house or bungalow: Terraced (including end-terrace),48,42,25,17,6,3,3
S01009708,Flat maisonette or apartment or mobile/temporary accommodation,38,13,6,7,25,14,11
S01009709,All households,394,280,160,120,114,59,55
S01009709,Whole house or bungalow: Total,318,254,147,107,64,34,30
S01009709,Whole house or bungalow: Detached,73,67,38,29,6,2,4
S01009709,Whole house or bungalow: Semi-detached,147,120,68,52,27,15,12
S01009709,Whole house or bungalow: Terraced (including end-terrace),98,67,41,26,31,17,14
S01009709,Flat maisonette or apartment or mobile/temporary accommodation,76,26,13,13,50,25,25
S01009710,All households,246,169,72,97,77,45,32
S01009710,Whole house or bungalow: Total,194,155,67,88,39,22,17
S01009710,Whole house or bungalow: Detached,92,85,37,48,7,3,4
S01009710,Whole house or bungalow: Semi-detached,67,44,21,23,23,15,8
S01009710,Whole house or bungalow: Terraced (including end-terrace),35,26,9,17,9,4,5
S01009710,Flat maisonette or apartment or mobile/temporary accommodation,52,14,5,9,38,23,15
S01009711,All households,341,191,97,94,150,109,41
S01009711,Whole house or bungalow: Total,192,141,74,67,51,37,14
S01009711,Whole house or bungalow: Detached,43,41,19,22,2,1,1
S01009711,Whole house or bungalow: Semi-detached,95,63,40,23,32,27,5
S01009711,Whole house or bungalow: Terraced (including end-terrace),54,37,15,22,17,9,8
S01009711,Flat maisonette or apartment or mobile/temporary accommodation,149,50,23,27,99,72,27
S01009712,All households,277,195,118,77,82,29,53
S01009712,Whole house or bungalow: Total,254,188,114,74,66,19,47
S01009712,Whole house or bungalow: Detached,102,80,53,27,22,1,21
S01009712,Whole house or bungalow: Semi-detached,88,64,36,28,24,8,16
S01009712,Whole house or bungalow: Terraced (including end-terrace),64,44,25,19,20,10,10
S01009712,Flat maisonette or apartment or mobile/temporary accommodation,23,7,4,3,16,10,6
S01009713,All households,444,295,195,100,149,70,79
S01009713,Whole house or bungalow: Total,349,252,170,82,97,46,51
S01009713,Whole house or bungalow: Detached,137,120,97,23,17,3,14
S01009713,Whole house or bungalow: Semi-detached,113,76,45,31,37,18,19
S01009713,Whole house or bungalow: Terraced (including end-terrace),99,56,28,28,43,25,18
S01009713,Flat maisonette or apartment or mobile/temporary accommodation,95,43,25,18,52,24,28
S01009714,All households,453,348,235,113,105,47,58
S01009714,Whole house or bungalow: Total,363,317,214,103,46,10,36
S01009714,Whole house or bungalow: Detached,165,158,121,37,7,0,7
S01009714,Whole house or bungalow: Semi-detached,111,88,44,44,23,6,17
S01009714,Whole house or bungalow: Terraced (including end-terrace),87,71,49,22,16,4,12
S01009714,Flat maisonette or apartment or mobile/temporary accommodation,90,31,21,10,59,37,22
S01009715,All households,334,192,131,61,142,33,109
S01009715,Whole house or bungalow: Total,312,180,126,54,132,29,103
S01009715,Whole house or bungalow: Detached,133,93,73,20,40,1,39
S01009715,Whole house or bungalow: Semi-detached,98,43,27,16,55,13,42
S01009715,Whole house or bungalow: Terraced (including end-terrace),81,44,26,18,37,15,22
S01009715,Flat maisonette or apartment or mobile/temporary accommodation,22,12,5,7,10,4,6
S01009716,All households,329,244,164,80,85,25,60
S01009716,Whole house or bungalow: Total,319,243,163,80,76,23,53
S01009716,Whole house or bungalow: Detached,153,130,87,43,23,3,20
S01009716,Whole house or bungalow: Semi-detached,133,91,61,30,42,13,29
S01009716,Whole house or bungalow: Terraced (including end-terrace),33,22,15,7,11,7,4
S01009716,Flat maisonette or apartment or mobile/temporary accommodation,10,1,1,0,9,2,7
S01009717,All households,327,123,69,54,204,115,89
S01009717,Whole house or bungalow: Total,164,89,56,33,75,31,44
S01009717,Whole house or bungalow: Detached,27,22,18,4,5,1,4
S01009717,Whole house or bungalow: Semi-detached,96,50,26,24,46,20,26
S01009717,Whole house or bungalow: Terraced (including end-terrace),41,17,12,5,24,10,14
S01009717,Flat maisonette or apartment or mobile/temporary accommodation,163,34,13,21,129,84,45
S01009718,All households,327,164,99,65,163,106,57
S01009718,Whole house or bungalow: Total,227,138,91,47,89,51,38
S01009718,Whole house or bungalow: Detached,11,8,8,0,3,0,3
S01009718,Whole house or bungalow: Semi-detached,112,63,39,24,49,24,25
S01009718,Whole house or bungalow: Terraced (including end-terrace),104,67,44,23,37,27,10
S01009718,Flat maisonette or apartment or mobile/temporary accommodation,100,26,8,18,74,55,19
S01009719,All households,342,185,107,78,157,113,44
S01009719,Whole house or bungalow: Total,301,179,107,72,122,88,34
S01009719,Whole house or bungalow: Detached,18,8,6,2,10,5,5
S01009719,Whole house or bungalow: Semi-detached,118,65,38,27,53,40,13
S01009719,Whole house or bungalow: Terraced (including end-terrace),165,106,63,43,59,43,16
S01009719,Flat maisonette or apartment or mobile/temporary accommodation,41,6,0,6,35,25,10
S01009720,All households,379,179,101,78,200,118,82
S01009720,Whole house or bungalow: Total,348,168,96,72,180,109,71
S01009720,Whole house or bungalow: Detached,21,9,8,1,12,7,5
S01009720,Whole house or bungalow: Semi-detached,129,52,24,28,77,46,31
S01009720,Whole house or bungalow: Terraced (including end-terrace),198,107,64,43,91,56,35
S01009720,Flat maisonette or apartment or mobile/temporary accommodation,31,11,5,6,20,9,11
S01009721,All households,221,46,25,21,175,1,174
S01009721,Whole house or bungalow: Total,45,21,11,10,24,1,23
S01009721,Whole house or bungalow: Detached,8,6,3,3,2,0,2
S01009721,Whole house or bungalow: Semi-detached,15,8,4,4,7,0,7
S01009721,Whole house or bungalow: Terraced (including end-terrace),22,7,4,3,15,1,14
S01009721,Flat maisonette or apartment or mobile/temporary accommodation,176,25,14,11,151,0,151
S01009722,All households,387,128,98,30,259,39,220
S01009722,Whole house or bungalow: Total,146,77,63,14,69,6,63
S01009722,Whole house or bungalow: Detached,30,18,15,3,12,0,12
S01009722,Whole house or bungalow: Semi-detached,36,16,12,4,20,0,20
S01009722,Whole house or bungalow: Terraced (including end-terrace),80,43,36,7,37,6,31
S01009722,Flat maisonette or apartment or mobile/temporary accommodation,241,51,35,16,190,33,157
S01009723,All households,302,67,44,23,235,55,180
S01009723,Whole house or bungalow: Total,97,44,31,13,53,5,48
S01009723,Whole house or bungalow: Detached,13,9,6,3,4,0,4
S01009723,Whole house or bungalow: Semi-detached,28,8,3,5,20,1,19
S01009723,Whole house or bungalow: Terraced (including end-terrace),56,27,22,5,29,4,25
S01009723,Flat maisonette or apartment or mobile/temporary accommodation,205,23,13,10,182,50,132
S01009724,All households,495,121,65,56,374,184,190
S01009724,Whole house or bungalow: Total,120,48,26,22,72,26,46
S01009724,Whole house or bungalow: Detached,21,11,2,9,10,2,8
S01009724,Whole house or bungalow: Semi-detached,80,27,17,10,53,19,34
S01009724,Whole house or bungalow: Terraced (including end-terrace),19,10,7,3,9,5,4
S01009724,Flat maisonette or apartment or mobile/temporary accommodation,375,73,39,34,302,158,144
S01009725,All households,251,83,60,23,168,14,154
S01009725,Whole house or bungalow: Total,149,66,49,17,83,4,79
S01009725,Whole house or bungalow: Detached,43,31,24,7,12,0,12
S01009725,Whole house or bungalow: Semi-detached,74,29,20,9,45,4,41
S01009725,Whole house or bungalow: Terraced (including end-terrace),32,6,5,1,26,0,26
S01009725,Flat maisonette or apartment or mobile/temporary accommodation,102,17,11,6,85,10,75
S01009726,All households,209,66,42,24,143,10,133
S01009726,Whole house or bungalow: Total,73,35,22,13,38,2,36
S01009726,Whole house or bungalow: Detached,12,7,3,4,5,0,5
S01009726,Whole house or bungalow: Semi-detached,27,12,9,3,15,2,13
S01009726,Whole house or bungalow: Terraced (including end-terrace),34,16,10,6,18,0,18
S01009726,Flat maisonette or apartment or mobile/temporary accommodation,136,31,20,11,105,8,97
S01009727,All households,331,207,120,87,124,47,77
S01009727,Whole house or bungalow: Total,292,189,106,83,103,35,68
S01009727,Whole house or bungalow: Detached,140,108,75,33,32,4,28
S01009727,Whole house or bungalow: Semi-detached,77,38,16,22,39,14,25
S01009727,Whole house or bungalow: Terraced (including end-terrace),75,43,15,28,32,17,15
S01009727,Flat maisonette or apartment or mobile/temporary accommodation,39,18,14,4,21,12,9
S01009728,All households,333,294,179,115,39,7,32
S01009728,Whole house or bungalow: Total,324,292,178,114,32,4,28
S01009728,Whole house or bungalow: Detached,197,185,119,66,12,1,11
S01009728,Whole house or bungalow: Semi-detached,121,103,57,46,18,2,16
S01009728,Whole house or bungalow: Terraced (including end-terrace),6,4,2,2,2,1,1
S01009728,Flat maisonette or apartment or mobile/temporary accommodation,9,2,1,1,7,3,4
S01009729,All households,282,252,179,73,30,3,27
S01009729,Whole house or bungalow: Total,276,251,178,73,25,1,24
S01009729,Whole house or bungalow: Detached,194,185,136,49,9,0,9
S01009729,Whole house or bungalow: Semi-detached,67,53,37,16,14,1,13
S01009729,Whole house or bungalow: Terraced (including end-terrace),15,13,5,8,2,0,2
S01009729,Flat maisonette or apartment or mobile/temporary accommodation,6,1,1,0,5,2,3
S01009730,All households,241,161,89,72,80,33,47
S01009730,Whole house or bungalow: Total,168,115,70,45,53,21,32
S01009730,Whole house or bungalow: Detached,42,39,29,10,3,2,1
S01009730,Whole house or bungalow: Semi-detached,114,66,38,28,48,19,29
S01009730,Whole house or bungalow: Terraced (including end-terrace),12,10,3,7,2,0,2
S01009730,Flat maisonette or apartment or mobile/temporary accommodation,73,46,19,27,27,12,15
S01009731,All households,274,233,180,53,41,2,39
S01009731,Whole house or bungalow: Total,269,233,180,53,36,2,34
S01009731,Whole house or bungalow: Detached,197,178,135,43,19,1,18
S01009731,Whole house or bungalow: Semi-detached,62,46,38,8,16,0,16
S01009731,Whole house or bungalow: Terraced (including end-terrace),10,9,7,2,1,1,0
S01009731,Flat maisonette or apartment or mobile/temporary accommodation,5,0,0,0,5,0,5
S01009732,All households,344,180,140,40,164,24,140
S01009732,Whole house or bungalow: Total,203,137,111,26,66,6,60
S01009732,Whole house or bungalow: Detached,64,56,48,8,8,1,7
S01009732,Whole house or bungalow: Semi-detached,102,62,48,14,40,5,35
S01009732,Whole house or bungalow: Terraced (including end-terrace),37,19,15,4,18,0,18
S01009732,Flat maisonette or apartment or mobile/temporary accommodation,141,43,29,14,98,18,80
S01009733,All households,227,191,127,64,36,6,30
S01009733,Whole house or bungalow: Total,161,134,77,57,27,6,21
S01009733,Whole house or bungalow: Detached,81,76,50,26,5,0,5
S01009733,Whole house or bungalow: Semi-detached,44,33,14,19,11,3,8
S01009733,Whole house or bungalow: Terraced (including end-terrace),36,25,13,12,11,3,8
S01009733,Flat maisonette or apartment or mobile/temporary accommodation,66,57,50,7,9,0,9
S01009734,All households,385,275,157,118,110,20,90
S01009734,Whole house or bungalow: Total,366,272,156,116,94,17,77
S01009734,Whole house or bungalow: Detached,212,177,110,67,35,1,34
S01009734,Whole house or bungalow: Semi-detached,110,66,37,29,44,10,34
S01009734,Whole house or bungalow: Terraced (including end-terrace),44,29,9,20,15,6,9
S01009734,Flat maisonette or apartment or mobile/temporary accommodation,19,3,1,2,16,3,13
S01009735,All households,327,288,205,83,39,3,36
S01009735,Whole house or bungalow: Total,302,276,198,78,26,1,25
S01009735,Whole house or bungalow: Detached,226,212,155,57,14,0,14
S01009735,Whole house or bungalow: Semi-detached,67,58,42,16,9,1,8
S01009735,Whole house or bungalow: Terraced (including end-terrace),9,6,1,5,3,0,3
S01009735,Flat maisonette or apartment or mobile/temporary accommodation,25,12,7,5,13,2,11
S01009736,All households,332,124,106,18,208,31,177
S01009736,Whole house or bungalow: Total,98,53,44,9,45,4,41
S01009736,Whole house or bungalow: Detached,34,23,19,4,11,1,10
S01009736,Whole house or bungalow: Semi-detached,31,15,11,4,16,0,16
S01009736,Whole house or bungalow: Terraced (including end-terrace),33,15,14,1,18,3,15
S01009736,Flat maisonette or apartment or mobile/temporary accommodation,234,71,62,9,163,27,136
S01009737,All households,323,123,69,54,200,72,128
S01009737,Whole house or bungalow: Total,297,102,50,52,195,69,126
S01009737,Whole house or bungalow: Detached,30,27,17,10,3,0,3
S01009737,Whole house or bungalow: Semi-detached,154,31,10,21,123,38,85
S01009737,Whole house or bungalow: Terraced (including end-terrace),113,44,23,21,69,31,38
S01009737,Flat maisonette or apartment or mobile/temporary accommodation,26,21,19,2,5,3,2
S01009738,All households,214,123,36,87,91,25,66
S01009738,Whole house or bungalow: Total,100,62,24,38,38,17,21
S01009738,Whole house or bungalow: Detached,30,23,11,12,7,3,4
S01009738,Whole house or bungalow: Semi-detached,52,28,10,18,24,12,12
S01009738,Whole house or bungalow: Terraced (including end-terrace),18,11,3,8,7,2,5
S01009738,Flat maisonette or apartment or mobile/temporary accommodation,114,61,12,49,53,8,45
S01009739,All households,275,115,30,85,160,40,120
S01009739,Whole house or bungalow: Total,271,113,30,83,158,40,118
S01009739,Whole house or bungalow: Detached,78,51,19,32,27,1,26
S01009739,Whole house or bungalow: Semi-detached,150,46,8,38,104,32,72
S01009739,Whole house or bungalow: Terraced (including end-terrace),43,16,3,13,27,7,20
S01009739,Flat maisonette or apartment or mobile/temporary accommodation,4,2,0,2,2,0,2
S01009740,All households,243,136,68,68,107,69,38
S01009740,Whole house or bungalow: Total,199,108,62,46,91,58,33
S01009740,Whole house or bungalow: Detached,23,10,6,4,13,3,10
S01009740,Whole house or bungalow: Semi-detached,94,51,27,24,43,28,15
S01009740,Whole house or bungalow: Terraced (including end-terrace),82,47,29,18,35,27,8
S01009740,Flat maisonette or apartment or mobile/temporary accommodation,44,28,6,22,16,11,5
S01009741,All households,164,25,12,13,139,23,116
S01009741,Whole house or bungalow: Total,156,25,12,13,131,18,113
S01009741,Whole house or bungalow: Detached,33,14,7,7,19,2,17
S01009741,Whole house or bungalow: Semi-detached,115,9,5,4,106,12,94
S01009741,Whole house or bungalow: Terraced (including end-terrace),8,2,0,2,6,4,2
S01009741,Flat maisonette or apartment or mobile/temporary accommodation,8,0,0,0,8,5,3
S01009742,All households,206,137,85,52,69,6,63
S01009742,Whole house or bungalow: Total,199,136,84,52,63,1,62
S01009742,Whole house or bungalow: Detached,150,114,71,43,36,0,36
S01009742,Whole house or bungalow: Semi-detached,35,18,9,9,17,0,17
S01009742,Whole house or bungalow: Terraced (including end-terrace),14,4,4,0,10,1,9
S01009742,Flat maisonette or apartment or mobile/temporary accommodation,7,1,1,0,6,5,1
S01009743,All households,425,345,187,158,80,26,54
S01009743,Whole house or bungalow: Total,402,334,183,151,68,15,53
S01009743,Whole house or bungalow: Detached,254,223,138,85,31,1,30
S01009743,Whole house or bungalow: Semi-detached,97,76,31,45,21,7,14
S01009743,Whole house or bungalow: Terraced (including end-terrace),51,35,14,21,16,7,9
S01009743,Flat maisonette or apartment or mobile/temporary accommodation,23,11,4,7,12,11,1
S01009744,All households,306,259,133,126,47,6,41
S01009744,Whole house or bungalow: Total,297,259,133,126,38,6,32
S01009744,Whole house or bungalow: Detached,196,180,93,87,16,0,16
S01009744,Whole house or bungalow: Semi-detached,78,63,31,32,15,3,12
S01009744,Whole house or bungalow: Terraced (including end-terrace),23,16,9,7,7,3,4
S01009744,Flat maisonette or apartment or mobile/temporary accommodation,9,0,0,0,9,0,9
S01009745,All households,455,376,185,191,79,29,50
S01009745,Whole house or bungalow: Total,450,374,184,190,76,28,48
S01009745,Whole house or bungalow: Detached,266,243,120,123,23,3,20
S01009745,Whole house or bungalow: Semi-detached,138,104,51,53,34,13,21
S01009745,Whole house or bungalow: Terraced (including end-terrace),46,27,13,14,19,12,7
S01009745,Flat maisonette or apartment or mobile/temporary accommodation,5,2,1,1,3,1,2
S01009746,All households,237,156,84,72,81,4,77
S01009746,Whole house or bungalow: Total,231,152,81,71,79,4,75
S01009746,Whole house or bungalow: Detached,133,98,61,37,35,0,35
S01009746,Whole house or bungalow: Semi-detached,66,29,12,17,37,2,35
S01009746,Whole house or bungalow: Terraced (including end-terrace),32,25,8,17,7,2,5
S01009746,Flat maisonette or apartment or mobile/temporary accommodation,6,4,3,1,2,0,2
S01009747,All households,344,213,93,120,131,63,68
S01009747,Whole house or bungalow: Total,173,138,65,73,35,13,22
S01009747,Whole house or bungalow: Detached,71,60,29,31,11,2,9
S01009747,Whole house or bungalow: Semi-detached,63,50,24,26,13,6,7
S01009747,Whole house or bungalow: Terraced (including end-terrace),39,28,12,16,11,5,6
S01009747,Flat maisonette or apartment or mobile/temporary accommodation,171,75,28,47,96,50,46
S01009748,All households,299,244,112,132,55,28,27
S01009748,Whole house or bungalow: Total,272,233,108,125,39,23,16
S01009748,Whole house or bungalow: Detached,112,107,50,57,5,0,5
S01009748,Whole house or bungalow: Semi-detached,80,66,33,33,14,9,5
S01009748,Whole house or bungalow: Terraced (including end-terrace),80,60,25,35,20,14,6
S01009748,Flat maisonette or apartment or mobile/temporary accommodation,27,11,4,7,16,5,11
S01009749,All households,425,335,176,159,90,54,36
S01009749,Whole house or bungalow: Total,344,294,160,134,50,30,20
S01009749,Whole house or bungalow: Detached,124,111,70,41,13,7,6
S01009749,Whole house or bungalow: Semi-detached,146,127,67,60,19,11,8
S01009749,Whole house or bungalow: Terraced (including end-terrace),74,56,23,33,18,12,6
S01009749,Flat maisonette or apartment or mobile/temporary accommodation,81,41,16,25,40,24,16
S01009750,All households,311,195,85,110,116,70,46
S01009750,Whole house or bungalow: Total,201,157,71,86,44,19,25
S01009750,Whole house or bungalow: Detached,49,44,18,26,5,2,3
S01009750,Whole house or bungalow: Semi-detached,126,99,43,56,27,11,16
S01009750,Whole house or bungalow: Terraced (including end-terrace),26,14,10,4,12,6,6
S01009750,Flat maisonette or apartment or mobile/temporary accommodation,110,38,14,24,72,51,21
S01009751,All households,355,215,88,127,140,97,43
S01009751,Whole house or bungalow: Total,191,150,67,83,41,26,15
S01009751,Whole house or bungalow: Detached,42,39,17,22,3,1,2
S01009751,Whole house or bungalow: Semi-detached,104,79,34,45,25,14,11
S01009751,Whole house or bungalow: Terraced (including end-terrace),45,32,16,16,13,11,2
S01009751,Flat maisonette or apartment or mobile/temporary accommodation,164,65,21,44,99,71,28
S01009752,All households,260,231,134,97,29,5,24
S01009752,Whole house or bungalow: Total,194,180,101,79,14,3,11
S01009752,Whole house or bungalow: Detached,111,105,62,43,6,0,6
S01009752,Whole house or bungalow: Semi-detached,57,54,29,25,3,2,1
S01009752,Whole house or bungalow: Terraced (including end-terrace),26,21,10,11,5,1,4
S01009752,Flat maisonette or apartment or mobile/temporary accommodation,66,51,33,18,15,2,13
S01009753,All households,333,241,129,112,92,61,31
S01009753,Whole house or bungalow: Total,150,125,60,65,25,12,13
S01009753,Whole house or bungalow: Detached,51,43,23,20,8,0,8
S01009753,Whole house or bungalow: Semi-detached,47,36,17,19,11,11,0
S01009753,Whole house or bungalow: Terraced (including end-terrace),52,46,20,26,6,1,5
S01009753,Flat maisonette or apartment or mobile/temporary accommodation,183,116,69,47,67,49,18
S01009754,All households,383,285,147,138,98,59,39
S01009754,Whole house or bungalow: Total,227,188,111,77,39,22,17
S01009754,Whole house or bungalow: Detached,82,76,58,18,6,0,6
S01009754,Whole house or bungalow: Semi-detached,117,90,40,50,27,22,5
S01009754,Whole house or bungalow: Terraced (including end-terrace),28,22,13,9,6,0,6
S01009754,Flat maisonette or apartment or mobile/temporary accommodation,156,97,36,61,59,37,22
S01009755,All households,281,235,115,120,46,14,32
S01009755,Whole house or bungalow: Total,193,163,80,83,30,13,17
S01009755,Whole house or bungalow: Detached,69,61,29,32,8,0,8
S01009755,Whole house or bungalow: Semi-detached,76,67,34,33,9,7,2
S01009755,Whole house or bungalow: Terraced (including end-terrace),48,35,17,18,13,6,7
S01009755,Flat maisonette or apartment or mobile/temporary accommodation,88,72,35,37,16,1,15
S01009756,All households,320,265,134,131,55,28,27
S01009756,Whole house or bungalow: Total,285,245,127,118,40,19,21
S01009756,Whole house or bungalow: Detached,112,104,63,41,8,1,7
S01009756,Whole house or bungalow: Semi-detached,108,96,46,50,12,5,7
S01009756,Whole house or bungalow: Terraced (including end-terrace),65,45,18,27,20,13,7
S01009756,Flat maisonette or apartment or mobile/temporary accommodation,35,20,7,13,15,9,6
S01009757,All households,271,237,131,106,34,19,15
S01009757,Whole house or bungalow: Total,247,220,123,97,27,15,12
S01009757,Whole house or bungalow: Detached,89,81,50,31,8,0,8
S01009757,Whole house or bungalow: Semi-detached,133,114,59,55,19,15,4
S01009757,Whole house or bungalow: Terraced (including end-terrace),25,25,14,11,0,0,0
S01009757,Flat maisonette or apartment or mobile/temporary accommodation,24,17,8,9,7,4,3
S01009758,All households,242,204,54,150,38,9,29
S01009758,Whole house or bungalow: Total,150,133,41,92,17,2,15
S01009758,Whole house or bungalow: Detached,45,40,14,26,5,0,5
S01009758,Whole house or bungalow: Semi-detached,90,83,21,62,7,0,7
S01009758,Whole house or bungalow: Terraced (including end-terrace),15,10,6,4,5,2,3
S01009758,Flat maisonette or apartment or mobile/temporary accommodation,92,71,13,58,21,7,14
S01009759,All households,417,39,14,25,378,369,9
S01009759,Whole house or bungalow: Total,15,5,0,5,10,9,1
S01009759,Whole house or bungalow: Detached,5,1,0,1,4,3,1
S01009759,Whole house or bungalow: Semi-detached,5,2,0,2,3,3,0
S01009759,Whole house or bungalow: Terraced (including end-terrace),5,2,0,2,3,3,0
S01009759,Flat maisonette or apartment or mobile/temporary accommodation,402,34,14,20,368,360,8
S01009760,All households,407,143,68,75,264,232,32
S01009760,Whole house or bungalow: Total,74,41,16,25,33,26,7
S01009760,Whole house or bungalow: Detached,3,2,1,1,1,0,1
S01009760,Whole house or bungalow: Semi-detached,51,28,10,18,23,18,5
S01009760,Whole house or bungalow: Terraced (including end-terrace),20,11,5,6,9,8,1
S01009760,Flat maisonette or apartment or mobile/temporary accommodation,333,102,52,50,231,206,25
S01009761,All households,377,316,109,207,61,22,39
S01009761,Whole house or bungalow: Total,281,237,90,147,44,15,29
S01009761,Whole house or bungalow: Detached,41,37,17,20,4,2,2
S01009761,Whole house or bungalow: Semi-detached,155,135,51,84,20,2,18
S01009761,Whole house or bungalow: Terraced (including end-terrace),85,65,22,43,20,11,9
S01009761,Flat maisonette or apartment or mobile/temporary accommodation,96,79,19,60,17,7,10
S01009762,All households,416,45,11,34,371,359,12
S01009762,Whole house or bungalow: Total,40,12,5,7,28,26,2
S01009762,Whole house or bungalow: Detached,7,3,1,2,4,3,1
S01009762,Whole house or bungalow: Semi-detached,18,5,3,2,13,12,1
S01009762,Whole house or bungalow: Terraced (including end-terrace),15,4,1,3,11,11,0
S01009762,Flat maisonette or apartment or mobile/temporary accommodation,376,33,6,27,343,333,10
S01009763,All households,264,237,68,169,27,9,18
S01009763,Whole house or bungalow: Total,223,213,62,151,10,1,9
S01009763,Whole house or bungalow: Detached,166,163,45,118,3,0,3
S01009763,Whole house or bungalow: Semi-detached,52,47,17,30,5,0,5
S01009763,Whole house or bungalow: Terraced (including end-terrace),5,3,0,3,2,1,1
S01009763,Flat maisonette or apartment or mobile/temporary accommodation,41,24,6,18,17,8,9
S01009764,All households,291,108,11,97,183,166,17
S01009764,Whole house or bungalow: Total,161,105,11,94,56,41,15
S01009764,Whole house or bungalow: Detached,12,7,0,7,5,2,3
S01009764,Whole house or bungalow: Semi-detached,120,92,9,83,28,18,10
S01009764,Whole house or bungalow: Terraced (including end-terrace),29,6,2,4,23,21,2
S01009764,Flat maisonette or apartment or mobile/temporary accommodation,130,3,0,3,127,125,2
S01009765,All households,382,213,31,182,169,129,40
S01009765,Whole house or bungalow: Total,282,209,31,178,73,42,31
S01009765,Whole house or bungalow: Detached,21,16,3,13,5,2,3
S01009765,Whole house or bungalow: Semi-detached,216,178,25,153,38,14,24
S01009765,Whole house or bungalow: Terraced (including end-terrace),45,15,3,12,30,26,4
S01009765,Flat maisonette or apartment or mobile/temporary accommodation,100,4,0,4,96,87,9
S01009766,All households,231,201,41,160,30,7,23
S01009766,Whole house or bungalow: Total,205,183,34,149,22,6,16
S01009766,Whole house or bungalow: Detached,17,14,1,13,3,0,3
S01009766,Whole house or bungalow: Semi-detached,123,115,20,95,8,3,5
S01009766,Whole house or bungalow: Terraced (including end-terrace),65,54,13,41,11,3,8
S01009766,Flat maisonette or apartment or mobile/temporary accommodation,26,18,7,11,8,1,7
S01009767,All households,227,83,21,62,144,136,8
S01009767,Whole house or bungalow: Total,179,81,19,62,98,94,4
S01009767,Whole house or bungalow: Detached,12,10,3,7,2,2,0
S01009767,Whole house or bungalow: Semi-detached,96,53,15,38,43,39,4
S01009767,Whole house or bungalow: Terraced (including end-terrace),71,18,1,17,53,53,0
S01009767,Flat maisonette or apartment or mobile/temporary accommodation,48,2,2,0,46,42,4
S01009768,All households,279,95,7,88,184,158,26
S01009768,Whole house or bungalow: Total,88,71,4,67,17,5,12
S01009768,Whole house or bungalow: Detached,32,29,1,28,3,0,3
S01009768,Whole house or bungalow: Semi-detached,45,38,3,35,7,1,6
S01009768,Whole house or bungalow: Terraced (including end-terrace),11,4,0,4,7,4,3
S01009768,Flat maisonette or apartment or mobile/temporary accommodation,191,24,3,21,167,153,14
S01009769,All households,249,193,21,172,56,14,42
S01009769,Whole house or bungalow: Total,166,150,13,137,16,3,13
S01009769,Whole house or bungalow: Detached,50,48,5,43,2,0,2
S01009769,Whole house or bungalow: Semi-detached,92,82,5,77,10,1,9
S01009769,Whole house or bungalow: Terraced (including end-terrace),24,20,3,17,4,2,2
S01009769,Flat maisonette or apartment or mobile/temporary accommodation,83,43,8,35,40,11,29
S01009770,All households,257,222,52,170,35,6,29
S01009770,Whole house or bungalow: Total,250,220,52,168,30,1,29
S01009770,Whole house or bungalow: Detached,79,73,22,51,6,0,6
S01009770,Whole house or bungalow: Semi-detached,119,100,17,83,19,0,19
S01009770,Whole house or bungalow: Terraced (including end-terrace),52,47,13,34,5,1,4
S01009770,Flat maisonette or apartment or mobile/temporary accommodation,7,2,0,2,5,5,0
S01009771,All households,294,265,59,206,29,5,24
S01009771,Whole house or bungalow: Total,283,260,57,203,23,2,21
S01009771,Whole house or bungalow: Detached,128,119,34,85,9,1,8
S01009771,Whole house or bungalow: Semi-detached,124,115,19,96,9,1,8
S01009771,Whole house or bungalow: Terraced (including end-terrace),31,26,4,22,5,0,5
S01009771,Flat maisonette or apartment or mobile/temporary accommodation,11,5,2,3,6,3,3
S01009772,All households,271,242,59,183,29,2,27
S01009772,Whole house or bungalow: Total,211,200,52,148,11,0,11
S01009772,Whole house or bungalow: Detached,39,39,8,31,0,0,0
S01009772,Whole house or bungalow: Semi-detached,130,124,35,89,6,0,6
S01009772,Whole house or bungalow: Terraced (including end-terrace),42,37,9,28,5,0,5
S01009772,Flat maisonette or apartment or mobile/temporary accommodation,60,42,7,35,18,2,16
S01009773,All households,179,152,16,136,27,4,23
S01009773,Whole house or bungalow: Total,156,148,14,134,8,0,8
S01009773,Whole house or bungalow: Detached,142,135,13,122,7,0,7
S01009773,Whole house or bungalow: Semi-detached,8,8,0,8,0,0,0
S01009773,Whole house or bungalow: Terraced (including end-terrace),6,5,1,4,1,0,1
S01009773,Flat maisonette or apartment or mobile/temporary accommodation,23,4,2,2,19,4,15
S01009774,All households,151,142,14,128,9,4,5
S01009774,Whole house or bungalow: Total,144,138,12,126,6,2,4
S01009774,Whole house or bungalow: Detached,135,131,11,120,4,0,4
S01009774,Whole house or bungalow: Semi-detached,6,5,1,4,1,1,0
S01009774,Whole house or bungalow: Terraced (including end-terrace),3,2,0,2,1,1,0
S01009774,Flat maisonette or apartment or mobile/temporary accommodation,7,4,2,2,3,2,1
S01009775,All households,359,124,47,77,235,201,34
S01009775,Whole house or bungalow: Total,118,54,21,33,64,61,3
S01009775,Whole house or bungalow: Detached,5,0,0,0,5,5,0
S01009775,Whole house or bungalow: Semi-detached,33,6,1,5,27,25,2
S01009775,Whole house or bungalow: Terraced (including end-terrace),80,48,20,28,32,31,1
S01009775,Flat maisonette or apartment or mobile/temporary accommodation,241,70,26,44,171,140,31
S01009776,All households,307,39,20,19,268,259,9
S01009776,Whole house or bungalow: Total,124,13,8,5,111,108,3
S01009776,Whole house or bungalow: Detached,11,5,3,2,6,5,1
S01009776,Whole house or bungalow: Semi-detached,79,8,5,3,71,69,2
S01009776,Whole house or bungalow: Terraced (including end-terrace),34,0,0,0,34,34,0
S01009776,Flat maisonette or apartment or mobile/temporary accommodation,183,26,12,14,157,151,6
S01009777,All households,266,105,16,89,161,64,97
S01009777,Whole house or bungalow: Total,67,28,7,21,39,36,3
S01009777,Whole house or bungalow: Detached,2,2,1,1,0,0,0
S01009777,Whole house or bungalow: Semi-detached,31,17,3,14,14,12,2
S01009777,Whole house or bungalow: Terraced (including end-terrace),34,9,3,6,25,24,1
S01009777,Flat maisonette or apartment or mobile/temporary accommodation,199,77,9,68,122,28,94
S01009778,All households,415,115,54,61,300,276,24
S01009778,Whole house or bungalow: Total,288,84,42,42,204,196,8
S01009778,Whole house or bungalow: Detached,11,1,0,1,10,9,1
S01009778,Whole house or bungalow: Semi-detached,62,14,6,8,48,46,2
S01009778,Whole house or bungalow: Terraced (including end-terrace),215,69,36,33,146,141,5
S01009778,Flat maisonette or apartment or mobile/temporary accommodation,127,31,12,19,96,80,16
S01009779,All households,290,54,21,33,236,216,20
S01009779,Whole house or bungalow: Total,82,30,12,18,52,51,1
S01009779,Whole house or bungalow: Detached,4,4,1,3,0,0,0
S01009779,Whole house or bungalow: Semi-detached,49,20,11,9,29,28,1
S01009779,Whole house or bungalow: Terraced (including end-terrace),29,6,0,6,23,23,0
S01009779,Flat maisonette or apartment or mobile/temporary accommodation,208,24,9,15,184,165,19
S01009780,All households,219,15,6,9,204,195,9
S01009780,Whole house or bungalow: Total,181,13,5,8,168,164,4
S01009780,Whole house or bungalow: Detached,16,4,2,2,12,11,1
S01009780,Whole house or bungalow: Semi-detached,154,8,3,5,146,143,3
S01009780,Whole house or bungalow: Terraced (including end-terrace),11,1,0,1,10,10,0
S01009780,Flat maisonette or apartment or mobile/temporary accommodation,38,2,1,1,36,31,5
S01009781,All households,224,68,28,40,156,150,6
S01009781,Whole house or bungalow: Total,113,27,5,22,86,83,3
S01009781,Whole house or bungalow: Detached,6,1,0,1,5,5,0
S01009781,Whole house or bungalow: Semi-detached,82,26,5,21,56,55,1
S01009781,Whole house or bungalow: Terraced (including end-terrace),25,0,0,0,25,23,2
S01009781,Flat maisonette or apartment or mobile/temporary accommodation,111,41,23,18,70,67,3
S01009782,All households,200,113,9,104,87,65,22
S01009782,Whole house or bungalow: Total,166,110,8,102,56,41,15
S01009782,Whole house or bungalow: Detached,5,2,0,2,3,3,0
S01009782,Whole house or bungalow: Semi-detached,152,103,8,95,49,34,15
S01009782,Whole house or bungalow: Terraced (including end-terrace),9,5,0,5,4,4,0
S01009782,Flat maisonette or apartment or mobile/temporary accommodation,34,3,1,2,31,24,7
S01009783,All households,310,103,12,91,207,193,14
S01009783,Whole house or bungalow: Total,250,101,12,89,149,140,9
S01009783,Whole house or bungalow: Detached,15,4,1,3,11,10,1
S01009783,Whole house or bungalow: Semi-detached,154,81,8,73,73,66,7
S01009783,Whole house or bungalow: Terraced (including end-terrace),81,16,3,13,65,64,1
S01009783,Flat maisonette or apartment or mobile/temporary accommodation,60,2,0,2,58,53,5
S01009784,All households,309,40,15,25,269,254,15
S01009784,Whole house or bungalow: Total,201,30,10,20,171,166,5
S01009784,Whole house or bungalow: Detached,10,4,2,2,6,5,1
S01009784,Whole house or bungalow: Semi-detached,113,14,3,11,99,97,2
S01009784,Whole house or bungalow: Terraced (including end-terrace),78,12,5,7,66,64,2
S01009784,Flat maisonette or apartment or mobile/temporary accommodation,108,10,5,5,98,88,10
S01009785,All households,339,108,49,59,231,221,10
S01009785,Whole house or bungalow: Total,211,53,19,34,158,156,2
S01009785,Whole house or bungalow: Detached,4,1,0,1,3,3,0
S01009785,Whole house or bungalow: Semi-detached,148,38,13,25,110,108,2
S01009785,Whole house or bungalow: Terraced (including end-terrace),59,14,6,8,45,45,0
S01009785,Flat maisonette or apartment or mobile/temporary accommodation,128,55,30,25,73,65,8
S01009786,All households,425,133,58,75,292,271,21
S01009786,Whole house or bungalow: Total,109,61,29,32,48,45,3
S01009786,Whole house or bungalow: Detached,4,3,0,3,1,1,0
S01009786,Whole house or bungalow: Semi-detached,33,13,9,4,20,18,2
S01009786,Whole house or bungalow: Terraced (including end-terrace),72,45,20,25,27,26,1
S01009786,Flat maisonette or apartment or mobile/temporary accommodation,316,72,29,43,244,226,18
S01009787,All households,366,147,65,82,219,197,22
S01009787,Whole house or bungalow: Total,112,58,32,26,54,49,5
S01009787,Whole house or bungalow: Detached,16,6,4,2,10,10,0
S01009787,Whole house or bungalow: Semi-detached,61,29,15,14,32,28,4
S01009787,Whole house or bungalow: Terraced (including end-terrace),35,23,13,10,12,11,1
S01009787,Flat maisonette or apartment or mobile/temporary accommodation,254,89,33,56,165,148,17
S01009788,All households,404,268,130,138,136,104,32
S01009788,Whole house or bungalow: Total,192,129,59,70,63,54,9
S01009788,Whole house or bungalow: Detached,7,3,0,3,4,2,2
S01009788,Whole house or bungalow: Semi-detached,104,72,34,38,32,28,4
S01009788,Whole house or bungalow: Terraced (including end-terrace),81,54,25,29,27,24,3
S01009788,Flat maisonette or apartment or mobile/temporary accommodation,212,139,71,68,73,50,23
S01009789,All households,399,231,109,122,168,135,33
S01009789,Whole house or bungalow: Total,203,154,72,82,49,38,11
S01009789,Whole house or bungalow: Detached,2,2,1,1,0,0,0
S01009789,Whole house or bungalow: Semi-detached,84,67,32,35,17,12,5
S01009789,Whole house or bungalow: Terraced (including end-terrace),117,85,39,46,32,26,6
S01009789,Flat maisonette or apartment or mobile/temporary accommodation,196,77,37,40,119,97,22
S01009790,All households,259,168,65,103,91,73,18
S01009790,Whole house or bungalow: Total,162,115,48,67,47,39,8
S01009790,Whole house or bungalow: Detached,4,1,1,0,3,3,0
S01009790,Whole house or bungalow: Semi-detached,51,33,10,23,18,15,3
S01009790,Whole house or bungalow: Terraced (including end-terrace),107,81,37,44,26,21,5
S01009790,Flat maisonette or apartment or mobile/temporary accommodation,97,53,17,36,44,34,10
S01009791,All households,281,122,55,67,159,125,34
S01009791,Whole house or bungalow: Total,135,91,41,50,44,34,10
S01009791,Whole house or bungalow: Detached,1,0,0,0,1,0,1
S01009791,Whole house or bungalow: Semi-detached,20,10,2,8,10,8,2
S01009791,Whole house or bungalow: Terraced (including end-terrace),114,81,39,42,33,26,7
S01009791,Flat maisonette or apartment or mobile/temporary accommodation,146,31,14,17,115,91,24
S01009792,All households,323,277,37,240,46,9,37
S01009792,Whole house or bungalow: Total,275,253,33,220,22,3,19
S01009792,Whole house or bungalow: Detached,173,158,16,142,15,1,14
S01009792,Whole house or bungalow: Semi-detached,67,62,10,52,5,1,4
S01009792,Whole house or bungalow: Terraced (including end-terrace),35,33,7,26,2,1,1
S01009792,Flat maisonette or apartment or mobile/temporary accommodation,48,24,4,20,24,6,18
S01009793,All households,416,337,158,179,79,33,46
S01009793,Whole house or bungalow: Total,285,250,126,124,35,24,11
S01009793,Whole house or bungalow: Detached,76,73,43,30,3,2,1
S01009793,Whole house or bungalow: Semi-detached,194,167,80,87,27,19,8
S01009793,Whole house or bungalow: Terraced (including end-terrace),15,10,3,7,5,3,2
S01009793,Flat maisonette or apartment or mobile/temporary accommodation,131,87,32,55,44,9,35
S01009794,All households,199,185,34,151,14,3,11
S01009794,Whole house or bungalow: Total,192,182,34,148,10,1,9
S01009794,Whole house or bungalow: Detached,27,24,4,20,3,0,3
S01009794,Whole house or bungalow: Semi-detached,161,155,30,125,6,1,5
S01009794,Whole house or bungalow: Terraced (including end-terrace),4,3,0,3,1,0,1
S01009794,Flat maisonette or apartment or mobile/temporary accommodation,7,3,0,3,4,2,2
S01009795,All households,287,262,59,203,25,5,20
S01009795,Whole house or bungalow: Total,277,258,57,201,19,1,18
S01009795,Whole house or bungalow: Detached,184,174,36,138,10,1,9
S01009795,Whole house or bungalow: Semi-detached,75,68,17,51,7,0,7
S01009795,Whole house or bungalow: Terraced (including end-terrace),18,16,4,12,2,0,2
S01009795,Flat maisonette or apartment or mobile/temporary accommodation,10,4,2,2,6,4,2
S01009796,All households,310,284,116,168,26,7,19
S01009796,Whole house or bungalow: Total,286,271,104,167,15,3,12
S01009796,Whole house or bungalow: Detached,112,108,22,86,4,0,4
S01009796,Whole house or bungalow: Semi-detached,107,102,49,53,5,2,3
S01009796,Whole house or bungalow: Terraced (including end-terrace),67,61,33,28,6,1,5
S01009796,Flat maisonette or apartment or mobile/temporary accommodation,24,13,12,1,11,4,7
S01009797,All households,306,280,91,189,26,6,20
S01009797,Whole house or bungalow: Total,262,246,80,166,16,3,13
S01009797,Whole house or bungalow: Detached,143,134,39,95,9,0,9
S01009797,Whole house or bungalow: Semi-detached,90,83,32,51,7,3,4
S01009797,Whole house or bungalow: Terraced (including end-terrace),29,29,9,20,0,0,0
S01009797,Flat maisonette or apartment or mobile/temporary accommodation,44,34,11,23,10,3,7
S01009798,All households,255,241,59,182,14,3,11
S01009798,Whole house or bungalow: Total,249,239,59,180,10,2,8
S01009798,Whole house or bungalow: Detached,101,98,21,77,3,0,3
S01009798,Whole house or bungalow: Semi-detached,119,115,32,83,4,1,3
S01009798,Whole house or bungalow: Terraced (including end-terrace),29,26,6,20,3,1,2
S01009798,Flat maisonette or apartment or mobile/temporary accommodation,6,2,0,2,4,1,3
S01009799,All households,363,91,42,49,272,258,14
S01009799,Whole house or bungalow: Total,169,46,23,23,123,116,7
S01009799,Whole house or bungalow: Detached,6,0,0,0,6,5,1
S01009799,Whole house or bungalow: Semi-detached,101,18,9,9,83,79,4
S01009799,Whole house or bungalow: Terraced (including end-terrace),62,28,14,14,34,32,2
S01009799,Flat maisonette or apartment or mobile/temporary accommodation,194,45,19,26,149,142,7
S01009800,All households,424,237,69,168,187,142,45
S01009800,Whole house or bungalow: Total,248,145,40,105,103,81,22
S01009800,Whole house or bungalow: Detached,5,3,0,3,2,1,1
S01009800,Whole house or bungalow: Semi-detached,96,48,14,34,48,39,9
S01009800,Whole house or bungalow: Terraced (including end-terrace),147,94,26,68,53,41,12
S01009800,Flat maisonette or apartment or mobile/temporary accommodation,176,92,29,63,84,61,23
S01009801,All households,344,169,67,102,175,150,25
S01009801,Whole house or bungalow: Total,225,117,45,72,108,96,12
S01009801,Whole house or bungalow: Detached,6,1,0,1,5,4,1
S01009801,Whole house or bungalow: Semi-detached,87,36,14,22,51,46,5
S01009801,Whole house or bungalow: Terraced (including end-terrace),132,80,31,49,52,46,6
S01009801,Flat maisonette or apartment or mobile/temporary accommodation,119,52,22,30,67,54,13
S01009802,All households,431,213,45,168,218,200,18
S01009802,Whole house or bungalow: Total,203,163,20,143,40,29,11
S01009802,Whole house or bungalow: Detached,0,0,0,0,0,0,0
S01009802,Whole house or bungalow: Semi-detached,109,92,9,83,17,13,4
S01009802,Whole house or bungalow: Terraced (including end-terrace),94,71,11,60,23,16,7
S01009802,Flat maisonette or apartment or mobile/temporary accommodation,228,50,25,25,178,171,7
S01009803,All households,371,144,52,92,227,197,30
S01009803,Whole house or bungalow: Total,135,90,28,62,45,37,8
S01009803,Whole house or bungalow: Detached,4,1,0,1,3,3,0
S01009803,Whole house or bungalow: Semi-detached,101,67,22,45,34,28,6
S01009803,Whole house or bungalow: Terraced (including end-terrace),30,22,6,16,8,6,2
S01009803,Flat maisonette or apartment or mobile/temporary accommodation,236,54,24,30,182,160,22
S01009804,All households,208,142,27,115,66,30,36
S01009804,Whole house or bungalow: Total,59,51,12,39,8,2,6
S01009804,Whole house or bungalow: Detached,4,4,1,3,0,0,0
S01009804,Whole house or bungalow: Semi-detached,12,8,2,6,4,0,4
S01009804,Whole house or bungalow: Terraced (including end-terrace),43,39,9,30,4,2,2
S01009804,Flat maisonette or apartment or mobile/temporary accommodation,149,91,15,76,58,28,30
S01009805,All households,374,183,59,124,191,145,46
S01009805,Whole house or bungalow: Total,262,152,45,107,110,95,15
S01009805,Whole house or bungalow: Detached,19,10,3,7,9,7,2
S01009805,Whole house or bungalow: Semi-detached,149,81,23,58,68,62,6
S01009805,Whole house or bungalow: Terraced (including end-terrace),94,61,19,42,33,26,7
S01009805,Flat maisonette or apartment or mobile/temporary accommodation,112,31,14,17,81,50,31
S01009806,All households,446,255,115,140,191,125,66
S01009806,Whole house or bungalow: Total,52,38,20,18,14,6,8
S01009806,Whole house or bungalow: Detached,11,9,7,2,2,0,2
S01009806,Whole house or bungalow: Semi-detached,25,21,7,14,4,1,3
S01009806,Whole house or bungalow: Terraced (including end-terrace),16,8,6,2,8,5,3
S01009806,Flat maisonette or apartment or mobile/temporary accommodation,394,217,95,122,177,119,58
S01009807,All households,461,248,96,152,213,158,55
S01009807,Whole house or bungalow: Total,23,13,2,11,10,0,10
S01009807,Whole house or bungalow: Detached,2,1,0,1,1,0,1
S01009807,Whole house or bungalow: Semi-detached,12,5,1,4,7,0,7
S01009807,Whole house or bungalow: Terraced (including end-terrace),9,7,1,6,2,0,2
S01009807,Flat maisonette or apartment or mobile/temporary accommodation,438,235,94,141,203,158,45
S01009808,All households,428,140,42,98,288,249,39
S01009808,Whole house or bungalow: Total,20,11,5,6,9,4,5
S01009808,Whole house or bungalow: Detached,3,0,0,0,3,2,1
S01009808,Whole house or bungalow: Semi-detached,13,7,3,4,6,2,4
S01009808,Whole house or bungalow: Terraced (including end-terrace),4,4,2,2,0,0,0
S01009808,Flat maisonette or apartment or mobile/temporary accommodation,408,129,37,92,279,245,34
S01009809,All households,338,206,85,121,132,77,55
S01009809,Whole house or bungalow: Total,24,19,7,12,5,1,4
S01009809,Whole house or bungalow: Detached,5,5,2,3,0,0,0
S01009809,Whole house or bungalow: Semi-detached,7,5,3,2,2,0,2
S01009809,Whole house or bungalow: Terraced (including end-terrace),12,9,2,7,3,1,2
S01009809,Flat maisonette or apartment or mobile/temporary accommodation,314,187,78,109,127,76,51
S01009810,All households,453,154,63,91,299,266,33
S01009810,Whole house or bungalow: Total,109,76,28,48,33,19,14
S01009810,Whole house or bungalow: Detached,4,4,1,3,0,0,0
S01009810,Whole house or bungalow: Semi-detached,40,27,11,16,13,8,5
S01009810,Whole house or bungalow: Terraced (including end-terrace),65,45,16,29,20,11,9
S01009810,Flat maisonette or apartment or mobile/temporary accommodation,344,78,35,43,266,247,19
S01009811,All households,520,251,98,153,269,222,47
S01009811,Whole house or bungalow: Total,182,118,49,69,64,55,9
S01009811,Whole house or bungalow: Detached,3,0,0,0,3,2,1
S01009811,Whole house or bungalow: Semi-detached,84,55,23,32,29,26,3
S01009811,Whole house or bungalow: Terraced (including end-terrace),95,63,26,37,32,27,5
S01009811,Flat maisonette or apartment or mobile/temporary accommodation,338,133,49,84,205,167,38
S01009812,All households,376,219,82,137,157,117,40
S01009812,Whole house or bungalow: Total,108,80,21,59,28,23,5
S01009812,Whole house or bungalow: Detached,1,1,0,1,0,0,0
S01009812,Whole house or bungalow: Semi-detached,54,43,9,34,11,6,5
S01009812,Whole house or bungalow: Terraced (including end-terrace),53,36,12,24,17,17,0
S01009812,Flat maisonette or apartment or mobile/temporary accommodation,268,139,61,78,129,94,35
S01009813,All households,335,31,10,21,304,288,16
S01009813,Whole house or bungalow: Total,9,6,2,4,3,1,2
S01009813,Whole house or bungalow: Detached,2,2,0,2,0,0,0
S01009813,Whole house or bungalow: Semi-detached,4,2,1,1,2,0,2
S01009813,Whole house or bungalow: Terraced (including end-terrace),3,2,1,1,1,1,0
S01009813,Flat maisonette or apartment or mobile/temporary accommodation,326,25,8,17,301,287,14
S01009814,All households,362,268,112,156,94,71,23
S01009814,Whole house or bungalow: Total,184,172,82,90,12,6,6
S01009814,Whole house or bungalow: Detached,48,47,30,17,1,0,1
S01009814,Whole house or bungalow: Semi-detached,52,47,18,29,5,2,3
S01009814,Whole house or bungalow: Terraced (including end-terrace),84,78,34,44,6,4,2
S01009814,Flat maisonette or apartment or mobile/temporary accommodation,178,96,30,66,82,65,17
S01009815,All households,346,235,97,138,111,63,48
S01009815,Whole house or bungalow: Total,28,19,6,13,9,2,7
S01009815,Whole house or bungalow: Detached,1,1,0,1,0,0,0
S01009815,Whole house or bungalow: Semi-detached,17,11,4,7,6,1,5
S01009815,Whole house or bungalow: Terraced (including end-terrace),10,7,2,5,3,1,2
S01009815,Flat maisonette or apartment or mobile/temporary accommodation,318,216,91,125,102,61,41
S01009816,All households,326,266,81,185,60,16,44
S01009816,Whole house or bungalow: Total,91,79,24,55,12,3,9
S01009816,Whole house or bungalow: Detached,7,5,2,3,2,0,2
S01009816,Whole house or bungalow: Semi-detached,23,15,6,9,8,3,5
S01009816,Whole house or bungalow: Terraced (including end-terrace),61,59,16,43,2,0,2
S01009816,Flat maisonette or apartment or mobile/temporary accommodation,235,187,57,130,48,13,35
S01009817,All households,343,204,84,120,139,122,17
S01009817,Whole house or bungalow: Total,199,152,53,99,47,42,5
S01009817,Whole house or bungalow: Detached,4,2,0,2,2,1,1
S01009817,Whole house or bungalow: Semi-detached,133,102,31,71,31,28,3
S01009817,Whole house or bungalow: Terraced (including end-terrace),62,48,22,26,14,13,1
S01009817,Flat maisonette or apartment or mobile/temporary accommodation,144,52,31,21,92,80,12
S01009818,All households,421,397,253,144,24,8,16
S01009818,Whole house or bungalow: Total,367,352,231,121,15,2,13
S01009818,Whole house or bungalow: Detached,43,37,22,15,6,0,6
S01009818,Whole house or bungalow: Semi-detached,254,245,162,83,9,2,7
S01009818,Whole house or bungalow: Terraced (including end-terrace),70,70,47,23,0,0,0
S01009818,Flat maisonette or apartment or mobile/temporary accommodation,54,45,22,23,9,6,3
S01009819,All households,306,213,115,98,93,71,22
S01009819,Whole house or bungalow: Total,138,129,70,59,9,7,2
S01009819,Whole house or bungalow: Detached,14,14,8,6,0,0,0
S01009819,Whole house or bungalow: Semi-detached,29,26,10,16,3,2,1
S01009819,Whole house or bungalow: Terraced (including end-terrace),95,89,52,37,6,5,1
S01009819,Flat maisonette or apartment or mobile/temporary accommodation,168,84,45,39,84,64,20
S01009820,All households,445,314,144,170,131,106,25
S01009820,Whole house or bungalow: Total,197,169,71,98,28,18,10
S01009820,Whole house or bungalow: Detached,15,14,3,11,1,1,0
S01009820,Whole house or bungalow: Semi-detached,77,70,29,41,7,5,2
S01009820,Whole house or bungalow: Terraced (including end-terrace),105,85,39,46,20,12,8
S01009820,Flat maisonette or apartment or mobile/temporary accommodation,248,145,73,72,103,88,15
S01009821,All households,255,221,93,128,34,14,20
S01009821,Whole house or bungalow: Total,134,127,63,64,7,2,5
S01009821,Whole house or bungalow: Detached,26,26,16,10,0,0,0
S01009821,Whole house or bungalow: Semi-detached,80,77,40,37,3,1,2
S01009821,Whole house or bungalow: Terraced (including end-terrace),28,24,7,17,4,1,3
S01009821,Flat maisonette or apartment or mobile/temporary accommodation,121,94,30,64,27,12,15
S01009822,All households,191,136,38,98,55,38,17
S01009822,Whole house or bungalow: Total,166,121,32,89,45,32,13
S01009822,Whole house or bungalow: Detached,32,28,1,27,4,0,4
S01009822,Whole house or bungalow: Semi-detached,33,28,6,22,5,2,3
S01009822,Whole house or bungalow: Terraced (including end-terrace),101,65,25,40,36,30,6
S01009822,Flat maisonette or apartment or mobile/temporary accommodation,25,15,6,9,10,6,4
S01009823,All households,306,172,64,108,134,92,42
S01009823,Whole house or bungalow: Total,145,94,37,57,51,36,15
S01009823,Whole house or bungalow: Detached,2,1,1,0,1,0,1
S01009823,Whole house or bungalow: Semi-detached,23,14,6,8,9,7,2
S01009823,Whole house or bungalow: Terraced (including end-terrace),120,79,30,49,41,29,12
S01009823,Flat maisonette or apartment or mobile/temporary accommodation,161,78,27,51,83,56,27
S01009824,All households,365,238,65,173,127,100,27
S01009824,Whole house or bungalow: Total,209,164,35,129,45,35,10
S01009824,Whole house or bungalow: Detached,44,38,2,36,6,2,4
S01009824,Whole house or bungalow: Semi-detached,44,36,6,30,8,6,2
S01009824,Whole house or bungalow: Terraced (including end-terrace),121,90,27,63,31,27,4
S01009824,Flat maisonette or apartment or mobile/temporary accommodation,156,74,30,44,82,65,17
S01009825,All households,449,216,72,144,233,209,24
S01009825,Whole house or bungalow: Total,229,142,47,95,87,70,17
S01009825,Whole house or bungalow: Detached,8,4,2,2,4,1,3
S01009825,Whole house or bungalow: Semi-detached,52,32,9,23,20,18,2
S01009825,Whole house or bungalow: Terraced (including end-terrace),169,106,36,70,63,51,12
S01009825,Flat maisonette or apartment or mobile/temporary accommodation,220,74,25,49,146,139,7
S01009826,All households,228,127,52,75,101,88,13
S01009826,Whole house or bungalow: Total,87,48,23,25,39,32,7
S01009826,Whole house or bungalow: Detached,6,1,0,1,5,4,1
S01009826,Whole house or bungalow: Semi-detached,13,4,1,3,9,8,1
S01009826,Whole house or bungalow: Terraced (including end-terrace),68,43,22,21,25,20,5
S01009826,Flat maisonette or apartment or mobile/temporary accommodation,141,79,29,50,62,56,6
S01009827,All households,367,205,87,118,162,134,28
S01009827,Whole house or bungalow: Total,200,127,59,68,73,60,13
S01009827,Whole house or bungalow: Detached,4,3,1,2,1,1,0
S01009827,Whole house or bungalow: Semi-detached,21,10,2,8,11,8,3
S01009827,Whole house or bungalow: Terraced (including end-terrace),175,114,56,58,61,51,10
S01009827,Flat maisonette or apartment or mobile/temporary accommodation,167,78,28,50,89,74,15
S01009828,All households,394,108,46,62,286,264,22
S01009828,Whole house or bungalow: Total,71,48,21,27,23,21,2
S01009828,Whole house or bungalow: Detached,4,3,1,2,1,1,0
S01009828,Whole house or bungalow: Semi-detached,18,12,4,8,6,5,1
S01009828,Whole house or bungalow: Terraced (including end-terrace),49,33,16,17,16,15,1
S01009828,Flat maisonette or apartment or mobile/temporary accommodation,323,60,25,35,263,243,20
S01009829,All households,512,274,94,180,238,160,78
S01009829,Whole house or bungalow: Total,35,21,4,17,14,1,13
S01009829,Whole house or bungalow: Detached,5,2,1,1,3,0,3
S01009829,Whole house or bungalow: Semi-detached,15,9,0,9,6,0,6
S01009829,Whole house or bungalow: Terraced (including end-terrace),15,10,3,7,5,1,4
S01009829,Flat maisonette or apartment or mobile/temporary accommodation,477,253,90,163,224,159,65
S01009830,All households,329,214,69,145,115,45,70
S01009830,Whole house or bungalow: Total,77,50,23,27,27,16,11
S01009830,Whole house or bungalow: Detached,5,3,2,1,2,0,2
S01009830,Whole house or bungalow: Semi-detached,30,17,4,13,13,8,5
S01009830,Whole house or bungalow: Terraced (including end-terrace),42,30,17,13,12,8,4
S01009830,Flat maisonette or apartment or mobile/temporary accommodation,252,164,46,118,88,29,59
S01009831,All households,313,230,84,146,83,8,75
S01009831,Whole house or bungalow: Total,22,8,4,4,14,1,13
S01009831,Whole house or bungalow: Detached,3,1,0,1,2,0,2
S01009831,Whole house or bungalow: Semi-detached,10,1,0,1,9,0,9
S01009831,Whole house or bungalow: Terraced (including end-terrace),9,6,4,2,3,1,2
S01009831,Flat maisonette or apartment or mobile/temporary accommodation,291,222,80,142,69,7,62
S01009832,All households,474,338,162,176,136,61,75
S01009832,Whole house or bungalow: Total,99,88,52,36,11,3,8
S01009832,Whole house or bungalow: Detached,11,10,6,4,1,1,0
S01009832,Whole house or bungalow: Semi-detached,72,69,44,25,3,1,2
S01009832,Whole house or bungalow: Terraced (including end-terrace),16,9,2,7,7,1,6
S01009832,Flat maisonette or apartment or mobile/temporary accommodation,375,250,110,140,125,58,67
S01009833,All households,238,167,39,128,71,32,39
S01009833,Whole house or bungalow: Total,116,105,20,85,11,4,7
S01009833,Whole house or bungalow: Detached,0,0,0,0,0,0,0
S01009833,Whole house or bungalow: Semi-detached,70,66,14,52,4,0,4
S01009833,Whole house or bungalow: Terraced (including end-terrace),46,39,6,33,7,4,3
S01009833,Flat maisonette or apartment or mobile/temporary accommodation,122,62,19,43,60,28,32
S01009834,All households,372,157,13,144,215,191,24
S01009834,Whole house or bungalow: Total,172,122,9,113,50,39,11
S01009834,Whole house or bungalow: Detached,4,3,0,3,1,1,0
S01009834,Whole house or bungalow: Semi-detached,120,81,6,75,39,33,6
S01009834,Whole house or bungalow: Terraced (including end-terrace),48,38,3,35,10,5,5
S01009834,Flat maisonette or apartment or mobile/temporary accommodation,200,35,4,31,165,152,13
S01009835,All households,258,86,33,53,172,161,11
S01009835,Whole house or bungalow: Total,60,36,12,24,24,23,1
S01009835,Whole house or bungalow: Detached,1,0,0,0,1,1,0
S01009835,Whole house or bungalow: Semi-detached,26,18,6,12,8,7,1
S01009835,Whole house or bungalow: Terraced (including end-terrace),33,18,6,12,15,15,0
S01009835,Flat maisonette or apartment or mobile/temporary accommodation,198,50,21,29,148,138,10
S01009836,All households,414,310,114,196,104,68,36
S01009836,Whole house or bungalow: Total,279,219,77,142,60,36,24
S01009836,Whole house or bungalow: Detached,36,26,5,21,10,6,4
S01009836,Whole house or bungalow: Semi-detached,98,80,21,59,18,9,9
S01009836,Whole house or bungalow: Terraced (including end-terrace),145,113,51,62,32,21,11
S01009836,Flat maisonette or apartment or mobile/temporary accommodation,135,91,37,54,44,32,12
S01009837,All households,368,154,65,89,214,194,20
S01009837,Whole house or bungalow: Total,141,90,31,59,51,42,9
S01009837,Whole house or bungalow: Detached,5,1,0,1,4,3,1
S01009837,Whole house or bungalow: Semi-detached,44,32,14,18,12,7,5
S01009837,Whole house or bungalow: Terraced (including end-terrace),92,57,17,40,35,32,3
S01009837,Flat maisonette or apartment or mobile/temporary accommodation,227,64,34,30,163,152,11
S01009838,All households,433,194,89,105,239,177,62
S01009838,Whole house or bungalow: Total,77,50,19,31,27,20,7
S01009838,Whole house or bungalow: Detached,2,2,0,2,0,0,0
S01009838,Whole house or bungalow: Semi-detached,25,13,5,8,12,11,1
S01009838,Whole house or bungalow: Terraced (including end-terrace),50,35,14,21,15,9,6
S01009838,Flat maisonette or apartment or mobile/temporary accommodation,356,144,70,74,212,157,55
S01009839,All households,615,105,35,70,510,453,57
S01009839,Whole house or bungalow: Total,20,13,3,10,7,6,1
S01009839,Whole house or bungalow: Detached,2,2,1,1,0,0,0
S01009839,Whole house or bungalow: Semi-detached,8,6,1,5,2,1,1
S01009839,Whole house or bungalow: Terraced (including end-terrace),10,5,1,4,5,5,0
S01009839,Flat maisonette or apartment or mobile/temporary accommodation,595,92,32,60,503,447,56
S01009840,All households,475,279,113,166,196,169,27
S01009840,Whole house or bungalow: Total,200,142,73,69,58,47,11
S01009840,Whole house or bungalow: Detached,10,4,2,2,6,2,4
S01009840,Whole house or bungalow: Semi-detached,82,52,24,28,30,25,5
S01009840,Whole house or bungalow: Terraced (including end-terrace),108,86,47,39,22,20,2
S01009840,Flat maisonette or apartment or mobile/temporary accommodation,275,137,40,97,138,122,16
S01009841,All households,461,59,27,32,402,371,31
S01009841,Whole house or bungalow: Total,19,9,4,5,10,7,3
S01009841,Whole house or bungalow: Detached,3,2,0,2,1,0,1
S01009841,Whole house or bungalow: Semi-detached,5,2,2,0,3,1,2
S01009841,Whole house or bungalow: Terraced (including end-terrace),11,5,2,3,6,6,0
S01009841,Flat maisonette or apartment or mobile/temporary accommodation,442,50,23,27,392,364,28
S01009842,All households,332,61,21,40,271,240,31
S01009842,Whole house or bungalow: Total,84,53,20,33,31,8,23
S01009842,Whole house or bungalow: Detached,5,3,0,3,2,1,1
S01009842,Whole house or bungalow: Semi-detached,21,11,3,8,10,3,7
S01009842,Whole house or bungalow: Terraced (including end-terrace),58,39,17,22,19,4,15
S01009842,Flat maisonette or apartment or mobile/temporary accommodation,248,8,1,7,240,232,8
S01009843,All households,310,67,19,48,243,230,13
S01009843,Whole house or bungalow: Total,126,48,15,33,78,74,4
S01009843,Whole house or bungalow: Detached,6,0,0,0,6,5,1
S01009843,Whole house or bungalow: Semi-detached,29,14,6,8,15,14,1
S01009843,Whole house or bungalow: Terraced (including end-terrace),91,34,9,25,57,55,2
S01009843,Flat maisonette or apartment or mobile/temporary accommodation,184,19,4,15,165,156,9
S01009844,All households,361,15,7,8,346,325,21
S01009844,Whole house or bungalow: Total,12,2,1,1,10,4,6
S01009844,Whole house or bungalow: Detached,5,0,0,0,5,0,5
S01009844,Whole house or bungalow: Semi-detached,0,0,0,0,0,0,0
S01009844,Whole house or bungalow: Terraced (including end-terrace),7,2,1,1,5,4,1
S01009844,Flat maisonette or apartment or mobile/temporary accommodation,349,13,6,7,336,321,15
S01009845,All households,440,25,5,20,415,362,53
S01009845,Whole house or bungalow: Total,12,3,2,1,9,8,1
S01009845,Whole house or bungalow: Detached,1,0,0,0,1,0,1
S01009845,Whole house or bungalow: Semi-detached,5,3,2,1,2,2,0
S01009845,Whole house or bungalow: Terraced (including end-terrace),6,0,0,0,6,6,0
S01009845,Flat maisonette or apartment or mobile/temporary accommodation,428,22,3,19,406,354,52
S01009846,All households,461,141,48,93,320,278,42
S01009846,Whole house or bungalow: Total,207,114,39,75,93,67,26
S01009846,Whole house or bungalow: Detached,21,18,8,10,3,2,1
S01009846,Whole house or bungalow: Semi-detached,85,57,15,42,28,18,10
S01009846,Whole house or bungalow: Terraced (including end-terrace),101,39,16,23,62,47,15
S01009846,Flat maisonette or apartment or mobile/temporary accommodation,254,27,9,18,227,211,16
S01009847,All households,322,60,15,45,262,233,29
S01009847,Whole house or bungalow: Total,21,4,2,2,17,14,3
S01009847,Whole house or bungalow: Detached,1,0,0,0,1,1,0
S01009847,Whole house or bungalow: Semi-detached,7,2,2,0,5,3,2
S01009847,Whole house or bungalow: Terraced (including end-terrace),13,2,0,2,11,10,1
S01009847,Flat maisonette or apartment or mobile/temporary accommodation,301,56,13,43,245,219,26
S01009848,All households,383,208,93,115,175,147,28
S01009848,Whole house or bungalow: Total,221,131,57,74,90,75,15
S01009848,Whole house or bungalow: Detached,4,0,0,0,4,3,1
S01009848,Whole house or bungalow: Semi-detached,109,60,21,39,49,45,4
S01009848,Whole house or bungalow: Terraced (including end-terrace),108,71,36,35,37,27,10
S01009848,Flat maisonette or apartment or mobile/temporary accommodation,162,77,36,41,85,72,13
S01009849,All households,445,251,123,128,194,136,58
S01009849,Whole house or bungalow: Total,25,12,6,6,13,9,4
S01009849,Whole house or bungalow: Detached,1,1,0,1,0,0,0
S01009849,Whole house or bungalow: Semi-detached,10,6,4,2,4,2,2
S01009849,Whole house or bungalow: Terraced (including end-terrace),14,5,2,3,9,7,2
S01009849,Flat maisonette or apartment or mobile/temporary accommodation,420,239,117,122,181,127,54
S01009850,All households,472,299,118,181,173,105,68
S01009850,Whole house or bungalow: Total,93,73,29,44,20,14,6
S01009850,Whole house or bungalow: Detached,5,3,1,2,2,2,0
S01009850,Whole house or bungalow: Semi-detached,71,59,24,35,12,8,4
S01009850,Whole house or bungalow: Terraced (including end-terrace),17,11,4,7,6,4,2
S01009850,Flat maisonette or apartment or mobile/temporary accommodation,379,226,89,137,153,91,62
S01009851,All households,470,226,108,118,244,213,31
S01009851,Whole house or bungalow: Total,115,75,28,47,40,31,9
S01009851,Whole house or bungalow: Detached,3,3,1,2,0,0,0
S01009851,Whole house or bungalow: Semi-detached,73,51,18,33,22,14,8
S01009851,Whole house or bungalow: Terraced (including end-terrace),39,21,9,12,18,17,1
S01009851,Flat maisonette or apartment or mobile/temporary accommodation,355,151,80,71,204,182,22
S01009852,All households,257,181,78,103,76,52,24
S01009852,Whole house or bungalow: Total,190,135,54,81,55,40,15
S01009852,Whole house or bungalow: Detached,5,4,0,4,1,1,0
S01009852,Whole house or bungalow: Semi-detached,148,101,38,63,47,34,13
S01009852,Whole house or bungalow: Terraced (including end-terrace),37,30,16,14,7,5,2
S01009852,Flat maisonette or apartment or mobile/temporary accommodation,67,46,24,22,21,12,9
S01009853,All households,413,265,113,152,148,107,41
S01009853,Whole house or bungalow: Total,171,131,54,77,40,32,8
S01009853,Whole house or bungalow: Detached,7,6,4,2,1,1,0
S01009853,Whole house or bungalow: Semi-detached,118,91,38,53,27,22,5
S01009853,Whole house or bungalow: Terraced (including end-terrace),46,34,12,22,12,9,3
S01009853,Flat maisonette or apartment or mobile/temporary accommodation,242,134,59,75,108,75,33
S01009854,All households,398,163,34,129,235,187,48
S01009854,Whole house or bungalow: Total,258,145,29,116,113,79,34
S01009854,Whole house or bungalow: Detached,34,24,1,23,10,7,3
S01009854,Whole house or bungalow: Semi-detached,106,57,5,52,49,27,22
S01009854,Whole house or bungalow: Terraced (including end-terrace),118,64,23,41,54,45,9
S01009854,Flat maisonette or apartment or mobile/temporary accommodation,140,18,5,13,122,108,14
S01009855,All households,250,183,62,121,67,53,14
S01009855,Whole house or bungalow: Total,189,150,53,97,39,33,6
S01009855,Whole house or bungalow: Detached,2,2,0,2,0,0,0
S01009855,Whole house or bungalow: Semi-detached,137,108,34,74,29,24,5
S01009855,Whole house or bungalow: Terraced (including end-terrace),50,40,19,21,10,9,1
S01009855,Flat maisonette or apartment or mobile/temporary accommodation,61,33,9,24,28,20,8
S01009856,All households,308,221,119,102,87,57,30
S01009856,Whole house or bungalow: Total,106,93,51,42,13,9,4
S01009856,Whole house or bungalow: Detached,3,3,3,0,0,0,0
S01009856,Whole house or bungalow: Semi-detached,46,38,16,22,8,5,3
S01009856,Whole house or bungalow: Terraced (including end-terrace),57,52,32,20,5,4,1
S01009856,Flat maisonette or apartment or mobile/temporary accommodation,202,128,68,60,74,48,26
S01009857,All households,374,255,100,155,119,95,24
S01009857,Whole house or bungalow: Total,280,208,76,132,72,56,16
S01009857,Whole house or bungalow: Detached,4,2,0,2,2,2,0
S01009857,Whole house or bungalow: Semi-detached,235,180,69,111,55,43,12
S01009857,Whole house or bungalow: Terraced (including end-terrace),41,26,7,19,15,11,4
S01009857,Flat maisonette or apartment or mobile/temporary accommodation,94,47,24,23,47,39,8
S01009858,All households,337,232,93,139,105,81,24
S01009858,Whole house or bungalow: Total,203,153,60,93,50,39,11
S01009858,Whole house or bungalow: Detached,5,4,2,2,1,1,0
S01009858,Whole house or bungalow: Semi-detached,132,100,37,63,32,24,8
S01009858,Whole house or bungalow: Terraced (including end-terrace),66,49,21,28,17,14,3
S01009858,Flat maisonette or apartment or mobile/temporary accommodation,134,79,33,46,55,42,13
S01009859,All households,580,154,61,93,426,351,75
S01009859,Whole house or bungalow: Total,96,48,16,32,48,40,8
S01009859,Whole house or bungalow: Detached,4,0,0,0,4,4,0
S01009859,Whole house or bungalow: Semi-detached,21,5,0,5,16,13,3
S01009859,Whole house or bungalow: Terraced (including end-terrace),71,43,16,27,28,23,5
S01009859,Flat maisonette or apartment or mobile/temporary accommodation,484,106,45,61,378,311,67
S01009860,All households,503,86,35,51,417,355,62
S01009860,Whole house or bungalow: Total,64,13,5,8,51,49,2
S01009860,Whole house or bungalow: Detached,4,1,0,1,3,3,0
S01009860,Whole house or bungalow: Semi-detached,14,6,2,4,8,7,1
S01009860,Whole house or bungalow: Terraced (including end-terrace),46,6,3,3,40,39,1
S01009860,Flat maisonette or apartment or mobile/temporary accommodation,439,73,30,43,366,306,60
S01009861,All households,524,104,28,76,420,315,105
S01009861,Whole house or bungalow: Total,59,17,3,14,42,23,19
S01009861,Whole house or bungalow: Detached,7,1,0,1,6,5,1
S01009861,Whole house or bungalow: Semi-detached,14,6,2,4,8,5,3
S01009861,Whole house or bungalow: Terraced (including end-terrace),38,10,1,9,28,13,15
S01009861,Flat maisonette or apartment or mobile/temporary accommodation,465,87,25,62,378,292,86
S01009862,All households,607,131,45,86,476,252,224
S01009862,Whole house or bungalow: Total,23,9,5,4,14,10,4
S01009862,Whole house or bungalow: Detached,2,1,0,1,1,0,1
S01009862,Whole house or bungalow: Semi-detached,2,1,0,1,1,1,0
S01009862,Whole house or bungalow: Terraced (including end-terrace),19,7,5,2,12,9,3
S01009862,Flat maisonette or apartment or mobile/temporary accommodation,584,122,40,82,462,242,220
S01009863,All households,461,142,56,86,319,128,191
S01009863,Whole house or bungalow: Total,15,4,1,3,11,9,2
S01009863,Whole house or bungalow: Detached,2,0,0,0,2,2,0
S01009863,Whole house or bungalow: Semi-detached,3,2,1,1,1,0,1
S01009863,Whole house or bungalow: Terraced (including end-terrace),10,2,0,2,8,7,1
S01009863,Flat maisonette or apartment or mobile/temporary accommodation,446,138,55,83,308,119,189
S01009864,All households,317,125,41,84,192,88,104
S01009864,Whole house or bungalow: Total,33,4,2,2,29,26,3
S01009864,Whole house or bungalow: Detached,4,1,1,0,3,3,0
S01009864,Whole house or bungalow: Semi-detached,10,1,0,1,9,9,0
S01009864,Whole house or bungalow: Terraced (including end-terrace),19,2,1,1,17,14,3
S01009864,Flat maisonette or apartment or mobile/temporary accommodation,284,121,39,82,163,62,101
S01009865,All households,245,119,39,80,126,52,74
S01009865,Whole house or bungalow: Total,25,18,6,12,7,4,3
S01009865,Whole house or bungalow: Detached,0,0,0,0,0,0,0
S01009865,Whole house or bungalow: Semi-detached,2,1,0,1,1,1,0
S01009865,Whole house or bungalow: Terraced (including end-terrace),23,17,6,11,6,3,3
S01009865,Flat maisonette or apartment or mobile/temporary accommodation,220,101,33,68,119,48,71
S01009866,All households,455,258,93,165,197,94,103
S01009866,Whole house or bungalow: Total,159,129,57,72,30,16,14
S01009866,Whole house or bungalow: Detached,5,4,3,1,1,1,0
S01009866,Whole house or bungalow: Semi-detached,52,42,23,19,10,3,7
S01009866,Whole house or bungalow: Terraced (including end-terrace),102,83,31,52,19,12,7
S01009866,Flat maisonette or apartment or mobile/temporary accommodation,296,129,36,93,167,78,89
S01009867,All households,595,271,63,208,324,95,229
S01009867,Whole house or bungalow: Total,86,55,16,39,31,13,18
S01009867,Whole house or bungalow: Detached,4,0,0,0,4,2,2
S01009867,Whole house or bungalow: Semi-detached,34,26,6,20,8,2,6
S01009867,Whole house or bungalow: Terraced (including end-terrace),48,29,10,19,19,9,10
S01009867,Flat maisonette or apartment or mobile/temporary accommodation,509,216,47,169,293,82,211
S01009868,All households,308,157,50,107,151,18,133
S01009868,Whole house or bungalow: Total,35,31,10,21,4,0,4
S01009868,Whole house or bungalow: Detached,1,1,0,1,0,0,0
S01009868,Whole house or bungalow: Semi-detached,7,6,2,4,1,0,1
S01009868,Whole house or bungalow: Terraced (including end-terrace),27,24,8,16,3,0,3
S01009868,Flat maisonette or apartment or mobile/temporary accommodation,273,126,40,86,147,18,129
S01009869,All households,269,126,27,99,143,7,136
S01009869,Whole house or bungalow: Total,4,3,0,3,1,1,0
S01009869,Whole house or bungalow: Detached,2,2,0,2,0,0,0
S01009869,Whole house or bungalow: Semi-detached,1,1,0,1,0,0,0
S01009869,Whole house or bungalow: Terraced (including end-terrace),1,0,0,0,1,1,0
S01009869,Flat maisonette or apartment or mobile/temporary accommodation,265,123,27,96,142,6,136
S01009870,All households,274,110,27,83,164,73,91
S01009870,Whole house or bungalow: Total,6,1,1,0,5,4,1
S01009870,Whole house or bungalow: Detached,1,0,0,0,1,0,1
S01009870,Whole house or bungalow: Semi-detached,0,0,0,0,0,0,0
S01009870,Whole house or bungalow: Terraced (including end-terrace),5,1,1,0,4,4,0
S01009870,Flat maisonette or apartment or mobile/temporary accommodation,268,109,26,83,159,69,90
S01009871,All households,587,210,103,107,377,283,94
S01009871,Whole house or bungalow: Total,98,57,25,32,41,21,20
S01009871,Whole house or bungalow: Detached,28,22,8,14,6,2,4
S01009871,Whole house or bungalow: Semi-detached,13,10,3,7,3,2,1
S01009871,Whole house or bungalow: Terraced (including end-terrace),57,25,14,11,32,17,15
S01009871,Flat maisonette or apartment or mobile/temporary accommodation,489,153,78,75,336,262,74
S01009872,All households,365,185,62,123,180,8,172
S01009872,Whole house or bungalow: Total,9,5,0,5,4,1,3
S01009872,Whole house or bungalow: Detached,5,4,0,4,1,0,1
S01009872,Whole house or bungalow: Semi-detached,2,0,0,0,2,1,1
S01009872,Whole house or bungalow: Terraced (including end-terrace),2,1,0,1,1,0,1
S01009872,Flat maisonette or apartment or mobile/temporary accommodation,356,180,62,118,176,7,169
S01009873,All households,445,258,114,144,187,126,61
S01009873,Whole house or bungalow: Total,134,119,56,63,15,9,6
S01009873,Whole house or bungalow: Detached,64,61,29,32,3,1,2
S01009873,Whole house or bungalow: Semi-detached,53,48,22,26,5,2,3
S01009873,Whole house or bungalow: Terraced (including end-terrace),17,10,5,5,7,6,1
S01009873,Flat maisonette or apartment or mobile/temporary accommodation,311,139,58,81,172,117,55
S01009874,All households,497,242,132,110,255,216,39
S01009874,Whole house or bungalow: Total,211,178,88,90,33,16,17
S01009874,Whole house or bungalow: Detached,73,65,39,26,8,0,8
S01009874,Whole house or bungalow: Semi-detached,103,82,37,45,21,14,7
S01009874,Whole house or bungalow: Terraced (including end-terrace),35,31,12,19,4,2,2
S01009874,Flat maisonette or apartment or mobile/temporary accommodation,286,64,44,20,222,200,22
S01009875,All households,307,61,14,47,246,126,120
S01009875,Whole house or bungalow: Total,18,7,0,7,11,9,2
S01009875,Whole house or bungalow: Detached,10,1,0,1,9,8,1
S01009875,Whole house or bungalow: Semi-detached,3,2,0,2,1,0,1
S01009875,Whole house or bungalow: Terraced (including end-terrace),5,4,0,4,1,1,0
S01009875,Flat maisonette or apartment or mobile/temporary accommodation,289,54,14,40,235,117,118
S01009876,All households,322,58,23,35,264,217,47
S01009876,Whole house or bungalow: Total,8,4,1,3,4,3,1
S01009876,Whole house or bungalow: Detached,4,3,1,2,1,1,0
S01009876,Whole house or bungalow: Semi-detached,2,1,0,1,1,0,1
S01009876,Whole house or bungalow: Terraced (including end-terrace),2,0,0,0,2,2,0
S01009876,Flat maisonette or apartment or mobile/temporary accommodation,314,54,22,32,260,214,46
S01009877,All households,360,281,153,128,79,18,61
S01009877,Whole house or bungalow: Total,104,95,49,46,9,2,7
S01009877,Whole house or bungalow: Detached,42,38,23,15,4,1,3
S01009877,Whole house or bungalow: Semi-detached,49,45,19,26,4,1,3
S01009877,Whole house or bungalow: Terraced (including end-terrace),13,12,7,5,1,0,1
S01009877,Flat maisonette or apartment or mobile/temporary accommodation,256,186,104,82,70,16,54
S01009878,All households,252,119,44,75,133,67,66
S01009878,Whole house or bungalow: Total,9,5,4,1,4,2,2
S01009878,Whole house or bungalow: Detached,1,1,0,1,0,0,0
S01009878,Whole house or bungalow: Semi-detached,2,1,1,0,1,0,1
S01009878,Whole house or bungalow: Terraced (including end-terrace),6,3,3,0,3,2,1
S01009878,Flat maisonette or apartment or mobile/temporary accommodation,243,114,40,74,129,65,64
S01009879,All households,332,298,139,159,34,7,27
S01009879,Whole house or bungalow: Total,144,137,70,67,7,1,6
S01009879,Whole house or bungalow: Detached,76,73,41,32,3,0,3
S01009879,Whole house or bungalow: Semi-detached,60,57,26,31,3,0,3
S01009879,Whole house or bungalow: Terraced (including end-terrace),8,7,3,4,1,1,0
S01009879,Flat maisonette or apartment or mobile/temporary accommodation,188,161,69,92,27,6,21
S01009880,All households,258,198,86,112,60,8,52
S01009880,Whole house or bungalow: Total,146,113,63,50,33,3,30
S01009880,Whole house or bungalow: Detached,40,32,15,17,8,1,7
S01009880,Whole house or bungalow: Semi-detached,103,78,46,32,25,2,23
S01009880,Whole house or bungalow: Terraced (including end-terrace),3,3,2,1,0,0,0
S01009880,Flat maisonette or apartment or mobile/temporary accommodation,112,85,23,62,27,5,22
S01009881,All households,179,93,33,60,86,15,71
S01009881,Whole house or bungalow: Total,6,4,1,3,2,1,1
S01009881,Whole house or bungalow: Detached,1,0,0,0,1,0,1
S01009881,Whole house or bungalow: Semi-detached,3,2,0,2,1,1,0
S01009881,Whole house or bungalow: Terraced (including end-terrace),2,2,1,1,0,0,0
S01009881,Flat maisonette or apartment or mobile/temporary accommodation,173,89,32,57,84,14,70
S01009882,All households,613,247,39,208,366,61,305
S01009882,Whole house or bungalow: Total,12,7,3,4,5,2,3
S01009882,Whole house or bungalow: Detached,3,1,1,0,2,1,1
S01009882,Whole house or bungalow: Semi-detached,4,3,1,2,1,1,0
S01009882,Whole house or bungalow: Terraced (including end-terrace),5,3,1,2,2,0,2
S01009882,Flat maisonette or apartment or mobile/temporary accommodation,601,240,36,204,361,59,302
S01009883,All households,280,154,46,108,126,6,120
S01009883,Whole house or bungalow: Total,18,12,7,5,6,2,4
S01009883,Whole house or bungalow: Detached,2,1,0,1,1,1,0
S01009883,Whole house or bungalow: Semi-detached,6,4,0,4,2,0,2
S01009883,Whole house or bungalow: Terraced (including end-terrace),10,7,7,0,3,1,2
S01009883,Flat maisonette or apartment or mobile/temporary accommodation,262,142,39,103,120,4,116
S01009884,All households,316,201,54,147,115,27,88
S01009884,Whole house or bungalow: Total,10,6,2,4,4,1,3
S01009884,Whole house or bungalow: Detached,1,1,1,0,0,0,0
S01009884,Whole house or bungalow: Semi-detached,4,1,0,1,3,0,3
S01009884,Whole house or bungalow: Terraced (including end-terrace),5,4,1,3,1,1,0
S01009884,Flat maisonette or apartment or mobile/temporary accommodation,306,195,52,143,111,26,85
S01009885,All households,251,181,57,124,70,7,63
S01009885,Whole house or bungalow: Total,12,11,6,5,1,1,0
S01009885,Whole house or bungalow: Detached,2,2,1,1,0,0,0
S01009885,Whole house or bungalow: Semi-detached,7,6,3,3,1,1,0
S01009885,Whole house or bungalow: Terraced (including end-terrace),3,3,2,1,0,0,0
S01009885,Flat maisonette or apartment or mobile/temporary accommodation,239,170,51,119,69,6,63
S01009886,All households,277,147,61,86,130,57,73
S01009886,Whole house or bungalow: Total,20,14,8,6,6,3,3
S01009886,Whole house or bungalow: Detached,5,5,3,2,0,0,0
S01009886,Whole house or bungalow: Semi-detached,3,1,0,1,2,2,0
S01009886,Whole house or bungalow: Terraced (including end-terrace),12,8,5,3,4,1,3
S01009886,Flat maisonette or apartment or mobile/temporary accommodation,257,133,53,80,124,54,70
S01009887,All households,490,122,37,85,368,154,214
S01009887,Whole house or bungalow: Total,11,6,3,3,5,2,3
S01009887,Whole house or bungalow: Detached,1,0,0,0,1,0,1
S01009887,Whole house or bungalow: Semi-detached,8,6,3,3,2,1,1
S01009887,Whole house or bungalow: Terraced (including end-terrace),2,0,0,0,2,1,1
S01009887,Flat maisonette or apartment or mobile/temporary accommodation,479,116,34,82,363,152,211
S01009888,All households,280,118,35,83,162,30,132
S01009888,Whole house or bungalow: Total,9,6,1,5,3,1,2
S01009888,Whole house or bungalow: Detached,2,2,0,2,0,0,0
S01009888,Whole house or bungalow: Semi-detached,5,2,1,1,3,1,2
S01009888,Whole house or bungalow: Terraced (including end-terrace),2,2,0,2,0,0,0
S01009888,Flat maisonette or apartment or mobile/temporary accommodation,271,112,34,78,159,29,130
S01009889,All households,370,157,52,105,213,96,117
S01009889,Whole house or bungalow: Total,16,14,4,10,2,0,2
S01009889,Whole house or bungalow: Detached,2,2,0,2,0,0,0
S01009889,Whole house or bungalow: Semi-detached,8,7,2,5,1,0,1
S01009889,Whole house or bungalow: Terraced (including end-terrace),6,5,2,3,1,0,1
S01009889,Flat maisonette or apartment or mobile/temporary accommodation,354,143,48,95,211,96,115
S01009890,All households,278,53,15,38,225,167,58
S01009890,Whole house or bungalow: Total,6,4,3,1,2,1,1
S01009890,Whole house or bungalow: Detached,0,0,0,0,0,0,0
S01009890,Whole house or bungalow: Semi-detached,3,3,2,1,0,0,0
S01009890,Whole house or bungalow: Terraced (including end-terrace),3,1,1,0,2,1,1
S01009890,Flat maisonette or apartment or mobile/temporary accommodation,272,49,12,37,223,166,57
S01009891,All households,430,163,68,95,267,105,162
S01009891,Whole house or bungalow: Total,5,2,2,0,3,0,3
S01009891,Whole house or bungalow: Detached,0,0,0,0,0,0,0
S01009891,Whole house or bungalow: Semi-detached,2,1,1,0,1,0,1
S01009891,Whole house or bungalow: Terraced (including end-terrace),3,1,1,0,2,0,2
S01009891,Flat maisonette or apartment or mobile/temporary accommodation,425,161,66,95,264,105,159
S01009892,All households,468,86,27,59,382,295,87
S01009892,Whole house or bungalow: Total,8,2,1,1,6,3,3
S01009892,Whole house or bungalow: Detached,1,0,0,0,1,0,1
S01009892,Whole house or bungalow: Semi-detached,2,1,0,1,1,1,0
S01009892,Whole house or bungalow: Terraced (including end-terrace),5,1,1,0,4,2,2
S01009892,Flat maisonette or apartment or mobile/temporary accommodation,460,84,26,58,376,292,84
S01009893,All households,420,195,56,139,225,28,197
S01009893,Whole house or bungalow: Total,13,9,4,5,4,2,2
S01009893,Whole house or bungalow: Detached,3,2,1,1,1,0,1
S01009893,Whole house or bungalow: Semi-detached,4,2,1,1,2,1,1
S01009893,Whole house or bungalow: Terraced (including end-terrace),6,5,2,3,1,1,0
S01009893,Flat maisonette or apartment or mobile/temporary accommodation,407,186,52,134,221,26,195
S01009894,All households,476,105,52,53,371,296,75
S01009894,Whole house or bungalow: Total,8,5,1,4,3,3,0
S01009894,Whole house or bungalow: Detached,1,1,1,0,0,0,0
S01009894,Whole house or bungalow: Semi-detached,4,3,0,3,1,1,0
S01009894,Whole house or bungalow: Terraced (including end-terrace),3,1,0,1,2,2,0
S01009894,Flat maisonette or apartment or mobile/temporary accommodation,468,100,51,49,368,293,75
S01009895,All households,408,73,17,56,335,249,86
S01009895,Whole house or bungalow: Total,76,41,9,32,35,25,10
S01009895,Whole house or bungalow: Detached,3,2,1,1,1,1,0
S01009895,Whole house or bungalow: Semi-detached,11,4,0,4,7,6,1
S01009895,Whole house or bungalow: Terraced (including end-terrace),62,35,8,27,27,18,9
S01009895,Flat maisonette or apartment or mobile/temporary accommodation,332,32,8,24,300,224,76
S01009896,All households,470,130,33,97,340,287,53
S01009896,Whole house or bungalow: Total,100,55,16,39,45,25,20
S01009896,Whole house or bungalow: Detached,5,3,0,3,2,0,2
S01009896,Whole house or bungalow: Semi-detached,22,13,3,10,9,4,5
S01009896,Whole house or bungalow: Terraced (including end-terrace),73,39,13,26,34,21,13
S01009896,Flat maisonette or apartment or mobile/temporary accommodation,370,75,17,58,295,262,33
S01009897,All households,497,286,134,152,211,117,94
S01009897,Whole house or bungalow: Total,114,98,62,36,16,5,11
S01009897,Whole house or bungalow: Detached,4,2,0,2,2,1,1
S01009897,Whole house or bungalow: Semi-detached,75,68,44,24,7,2,5
S01009897,Whole house or bungalow: Terraced (including end-terrace),35,28,18,10,7,2,5
S01009897,Flat maisonette or apartment or mobile/temporary accommodation,383,188,72,116,195,112,83
S01009898,All households,259,108,56,52,151,118,33
S01009898,Whole house or bungalow: Total,18,9,5,4,9,4,5
S01009898,Whole house or bungalow: Detached,2,2,1,1,0,0,0
S01009898,Whole house or bungalow: Semi-detached,9,4,2,2,5,3,2
S01009898,Whole house or bungalow: Terraced (including end-terrace),7,3,2,1,4,1,3
S01009898,Flat maisonette or apartment or mobile/temporary accommodation,241,99,51,48,142,114,28
S01009899,All households,464,284,77,207,180,39,141
S01009899,Whole house or bungalow: Total,10,6,2,4,4,2,2
S01009899,Whole house or bungalow: Detached,1,1,0,1,0,0,0
S01009899,Whole house or bungalow: Semi-detached,2,2,0,2,0,0,0
S01009899,Whole house or bungalow: Terraced (including end-terrace),7,3,2,1,4,2,2
S01009899,Flat maisonette or apartment or mobile/temporary accommodation,454,278,75,203,176,37,139
S01009900,All households,499,344,82,262,155,10,145
S01009900,Whole house or bungalow: Total,6,6,4,2,0,0,0
S01009900,Whole house or bungalow: Detached,1,1,1,0,0,0,0
S01009900,Whole house or bungalow: Semi-detached,1,1,1,0,0,0,0
S01009900,Whole house or bungalow: Terraced (including end-terrace),4,4,2,2,0,0,0
S01009900,Flat maisonette or apartment or mobile/temporary accommodation,493,338,78,260,155,10,145
S01009901,All households,456,280,68,212,176,11,165
S01009901,Whole house or bungalow: Total,33,29,11,18,4,1,3
S01009901,Whole house or bungalow: Detached,0,0,0,0,0,0,0
S01009901,Whole house or bungalow: Semi-detached,2,2,0,2,0,0,0
S01009901,Whole house or bungalow: Terraced (including end-terrace),31,27,11,16,4,1,3
S01009901,Flat maisonette or apartment or mobile/temporary accommodation,423,251,57,194,172,10,162
S01009902,All households,495,270,140,130,225,153,72
S01009902,Whole house or bungalow: Total,85,62,24,38,23,8,15
S01009902,Whole house or bungalow: Detached,12,8,3,5,4,0,4
S01009902,Whole house or bungalow: Semi-detached,24,18,8,10,6,1,5
S01009902,Whole house or bungalow: Terraced (including end-terrace),49,36,13,23,13,7,6
S01009902,Flat maisonette or apartment or mobile/temporary accommodation,410,208,116,92,202,145,57
S01009903,All households,272,193,56,137,79,6,73
S01009903,Whole house or bungalow: Total,62,56,23,33,6,0,6
S01009903,Whole house or bungalow: Detached,18,15,7,8,3,0,3
S01009903,Whole house or bungalow: Semi-detached,26,25,8,17,1,0,1
S01009903,Whole house or bungalow: Terraced (including end-terrace),18,16,8,8,2,0,2
S01009903,Flat maisonette or apartment or mobile/temporary accommodation,210,137,33,104,73,6,67
S01009904,All households,456,232,59,173,224,86,138
S01009904,Whole house or bungalow: Total,50,18,4,14,32,26,6
S01009904,Whole house or bungalow: Detached,2,2,0,2,0,0,0
S01009904,Whole house or bungalow: Semi-detached,13,5,2,3,8,6,2
S01009904,Whole house or bungalow: Terraced (including end-terrace),35,11,2,9,24,20,4
S01009904,Flat maisonette or apartment or mobile/temporary accommodation,406,214,55,159,192,60,132
S01009905,All households,372,183,44,139,189,21,168
S01009905,Whole house or bungalow: Total,6,1,1,0,5,2,3
S01009905,Whole house or bungalow: Detached,0,0,0,0,0,0,0
S01009905,Whole house or bungalow: Semi-detached,4,1,1,0,3,1,2
S01009905,Whole house or bungalow: Terraced (including end-terrace),2,0,0,0,2,1,1
S01009905,Flat maisonette or apartment or mobile/temporary accommodation,366,182,43,139,184,19,165
S01009906,All households,331,175,50,125,156,25,131
S01009906,Whole house or bungalow: Total,8,2,1,1,6,2,4
S01009906,Whole house or bungalow: Detached,2,1,1,0,1,1,0
S01009906,Whole house or bungalow: Semi-detached,3,1,0,1,2,1,1
S01009906,Whole house or bungalow: Terraced (including end-terrace),3,0,0,0,3,0,3
S01009906,Flat maisonette or apartment or mobile/temporary accommodation,323,173,49,124,150,23,127
S01009907,All households,592,192,41,151,400,96,304
S01009907,Whole house or bungalow: Total,5,1,1,0,4,1,3
S01009907,Whole house or bungalow: Detached,1,0,0,0,1,0,1
S01009907,Whole house or bungalow: Semi-detached,0,0,0,0,0,0,0
S01009907,Whole house or bungalow: Terraced (including end-terrace),4,1,1,0,3,1,2
S01009907,Flat maisonette or apartment or mobile/temporary accommodation,587,191,40,151,396,95,301
S01009908,All households,492,314,99,215,178,31,147
S01009908,Whole house or bungalow: Total,75,71,23,48,4,0,4
S01009908,Whole house or bungalow: Detached,1,1,1,0,0,0,0
S01009908,Whole house or bungalow: Semi-detached,2,2,0,2,0,0,0
S01009908,Whole house or bungalow: Terraced (including end-terrace),72,68,22,46,4,0,4
S01009908,Flat maisonette or apartment or mobile/temporary accommodation,417,243,76,167,174,31,143
S01009909,All households,471,243,63,180,228,16,212
S01009909,Whole house or bungalow: Total,7,6,2,4,1,0,1
S01009909,Whole house or bungalow: Detached,4,3,0,3,1,0,1
S01009909,Whole house or bungalow: Semi-detached,3,3,2,1,0,0,0
S01009909,Whole house or bungalow: Terraced (including end-terrace),0,0,0,0,0,0,0
S01009909,Flat maisonette or apartment or mobile/temporary accommodation,464,237,61,176,227,16,211
S01009910,All households,278,145,31,114,133,5,128
S01009910,Whole house or bungalow: Total,3,0,0,0,3,1,2
S01009910,Whole house or bungalow: Detached,1,0,0,0,1,0,1
S01009910,Whole house or bungalow: Semi-detached,1,0,0,0,1,0,1
S01009910,Whole house or bungalow: Terraced (including end-terrace),1,0,0,0,1,1,0
S01009910,Flat maisonette or apartment or mobile/temporary accommodation,275,145,31,114,130,4,126
S01009911,All households,415,332,143,189,83,8,75
S01009911,Whole house or bungalow: Total,195,189,95,94,6,2,4
S01009911,Whole house or bungalow: Detached,3,3,2,1,0,0,0
S01009911,Whole house or bungalow: Semi-detached,13,12,9,3,1,1,0
S01009911,Whole house or bungalow: Terraced (including end-terrace),179,174,84,90,5,1,4
S01009911,Flat maisonette or apartment or mobile/temporary accommodation,220,143,48,95,77,6,71
S01009912,All households,365,292,145,147,73,36,37
S01009912,Whole house or bungalow: Total,76,72,29,43,4,1,3
S01009912,Whole house or bungalow: Detached,36,35,14,21,1,0,1
S01009912,Whole house or bungalow: Semi-detached,36,34,14,20,2,0,2
S01009912,Whole house or bungalow: Terraced (including end-terrace),4,3,1,2,1,1,0
S01009912,Flat maisonette or apartment or mobile/temporary accommodation,289,220,116,104,69,35,34
S01009913,All households,232,185,88,97,47,7,40
S01009913,Whole house or bungalow: Total,151,137,64,73,14,5,9
S01009913,Whole house or bungalow: Detached,116,105,52,53,11,4,7
S01009913,Whole house or bungalow: Semi-detached,33,30,12,18,3,1,2
S01009913,Whole house or bungalow: Terraced (including end-terrace),2,2,0,2,0,0,0
S01009913,Flat maisonette or apartment or mobile/temporary accommodation,81,48,24,24,33,2,31
S01009914,All households,408,358,200,158,50,6,44
S01009914,Whole house or bungalow: Total,210,199,115,84,11,0,11
S01009914,Whole house or bungalow: Detached,95,90,51,39,5,0,5
S01009914,Whole house or bungalow: Semi-detached,71,69,40,29,2,0,2
S01009914,Whole house or bungalow: Terraced (including end-terrace),44,40,24,16,4,0,4
S01009914,Flat maisonette or apartment or mobile/temporary accommodation,198,159,85,74,39,6,33
S01009915,All households,402,347,164,183,55,6,49
S01009915,Whole house or bungalow: Total,50,46,26,20,4,1,3
S01009915,Whole house or bungalow: Detached,28,25,13,12,3,1,2
S01009915,Whole house or bungalow: Semi-detached,16,16,10,6,0,0,0
S01009915,Whole house or bungalow: Terraced (including end-terrace),6,5,3,2,1,0,1
S01009915,Flat maisonette or apartment or mobile/temporary accommodation,352,301,138,163,51,5,46
S01009916,All households,315,279,143,136,36,6,30
S01009916,Whole house or bungalow: Total,273,253,129,124,20,3,17
S01009916,Whole house or bungalow: Detached,174,161,92,69,13,2,11
S01009916,Whole house or bungalow: Semi-detached,47,44,21,23,3,1,2
S01009916,Whole house or bungalow: Terraced (including end-terrace),52,48,16,32,4,0,4
S01009916,Flat maisonette or apartment or mobile/temporary accommodation,42,26,14,12,16,3,13
S01009917,All households,331,269,137,132,62,3,59
S01009917,Whole house or bungalow: Total,129,126,68,58,3,1,2
S01009917,Whole house or bungalow: Detached,4,4,1,3,0,0,0
S01009917,Whole house or bungalow: Semi-detached,35,35,24,11,0,0,0
S01009917,Whole house or bungalow: Terraced (including end-terrace),90,87,43,44,3,1,2
S01009917,Flat maisonette or apartment or mobile/temporary accommodation,202,143,69,74,59,2,57
S01009918,All households,277,241,114,127,36,11,25
S01009918,Whole house or bungalow: Total,218,207,100,107,11,1,10
S01009918,Whole house or bungalow: Detached,9,5,1,4,4,0,4
S01009918,Whole house or bungalow: Semi-detached,107,105,51,54,2,0,2
S01009918,Whole house or bungalow: Terraced (including end-terrace),102,97,48,49,5,1,4
S01009918,Flat maisonette or apartment or mobile/temporary accommodation,59,34,14,20,25,10,15
S01009919,All households,587,267,126,141,320,91,229
S01009919,Whole house or bungalow: Total,11,5,3,2,6,6,0
S01009919,Whole house or bungalow: Detached,2,1,1,0,1,1,0
S01009919,Whole house or bungalow: Semi-detached,5,4,2,2,1,1,0
S01009919,Whole house or bungalow: Terraced (including end-terrace),4,0,0,0,4,4,0
S01009919,Flat maisonette or apartment or mobile/temporary accommodation,576,262,123,139,314,85,229
S01009920,All households,519,311,96,215,208,15,193
S01009920,Whole house or bungalow: Total,9,6,3,3,3,2,1
S01009920,Whole house or bungalow: Detached,3,3,3,0,0,0,0
S01009920,Whole house or bungalow: Semi-detached,4,2,0,2,2,2,0
S01009920,Whole house or bungalow: Terraced (including end-terrace),2,1,0,1,1,0,1
S01009920,Flat maisonette or apartment or mobile/temporary accommodation,510,305,93,212,205,13,192
S01009921,All households,398,236,54,182,162,11,151
S01009921,Whole house or bungalow: Total,6,4,1,3,2,1,1
S01009921,Whole house or bungalow: Detached,2,1,1,0,1,0,1
S01009921,Whole house or bungalow: Semi-detached,1,1,0,1,0,0,0
S01009921,Whole house or bungalow: Terraced (including end-terrace),3,2,0,2,1,1,0
S01009921,Flat maisonette or apartment or mobile/temporary accommodation,392,232,53,179,160,10,150
S01009922,All households,619,363,130,233,256,5,251
S01009922,Whole house or bungalow: Total,31,26,17,9,5,0,5
S01009922,Whole house or bungalow: Detached,2,0,0,0,2,0,2
S01009922,Whole house or bungalow: Semi-detached,10,9,5,4,1,0,1
S01009922,Whole house or bungalow: Terraced (including end-terrace),19,17,12,5,2,0,2
S01009922,Flat maisonette or apartment or mobile/temporary accommodation,588,337,113,224,251,5,246
S01009923,All households,566,348,117,231,218,22,196
S01009923,Whole house or bungalow: Total,24,21,3,18,3,1,2
S01009923,Whole house or bungalow: Detached,2,2,0,2,0,0,0
S01009923,Whole house or bungalow: Semi-detached,0,0,0,0,0,0,0
S01009923,Whole house or bungalow: Terraced (including end-terrace),22,19,3,16,3,1,2
S01009923,Flat maisonette or apartment or mobile/temporary accommodation,542,327,114,213,215,21,194
S01009924,All households,581,279,75,204,302,68,234
S01009924,Whole house or bungalow: Total,22,17,9,8,5,4,1
S01009924,Whole house or bungalow: Detached,3,3,3,0,0,0,0
S01009924,Whole house or bungalow: Semi-detached,4,3,2,1,1,1,0
S01009924,Whole house or bungalow: Terraced (including end-terrace),15,11,4,7,4,3,1
S01009924,Flat maisonette or apartment or mobile/temporary accommodation,559,262,66,196,297,64,233
S01009925,All households,408,211,53,158,197,4,193
S01009925,Whole house or bungalow: Total,6,5,2,3,1,0,1
S01009925,Whole house or bungalow: Detached,2,1,1,0,1,0,1
S01009925,Whole house or bungalow: Semi-detached,1,1,0,1,0,0,0
S01009925,Whole house or bungalow: Terraced (including end-terrace),3,3,1,2,0,0,0
S01009925,Flat maisonette or apartment or mobile/temporary accommodation,402,206,51,155,196,4,192
S01009926,All households,375,229,77,152,146,24,122
S01009926,Whole house or bungalow: Total,12,12,6,6,0,0,0
S01009926,Whole house or bungalow: Detached,1,1,1,0,0,0,0
S01009926,Whole house or bungalow: Semi-detached,2,2,0,2,0,0,0
S01009926,Whole house or bungalow: Terraced (including end-terrace),9,9,5,4,0,0,0
S01009926,Flat maisonette or apartment or mobile/temporary accommodation,363,217,71,146,146,24,122
S01009927,All households,278,173,66,107,105,40,65
S01009927,Whole house or bungalow: Total,74,72,41,31,2,0,2
S01009927,Whole house or bungalow: Detached,2,2,2,0,0,0,0
S01009927,Whole house or bungalow: Semi-detached,12,12,9,3,0,0,0
S01009927,Whole house or bungalow: Terraced (including end-terrace),60,58,30,28,2,0,2
S01009927,Flat maisonette or apartment or mobile/temporary accommodation,204,101,25,76,103,40,63
S01009928,All households,429,343,115,228,86,2,84
S01009928,Whole house or bungalow: Total,52,50,17,33,2,0,2
S01009928,Whole house or bungalow: Detached,2,1,1,0,1,0,1
S01009928,Whole house or bungalow: Semi-detached,12,12,3,9,0,0,0
S01009928,Whole house or bungalow: Terraced (including end-terrace),38,37,13,24,1,0,1
S01009928,Flat maisonette or apartment or mobile/temporary accommodation,377,293,98,195,84,2,82
S01009929,All households,234,184,86,98,50,7,43
S01009929,Whole house or bungalow: Total,61,56,25,31,5,0,5
S01009929,Whole house or bungalow: Detached,8,8,5,3,0,0,0
S01009929,Whole house or bungalow: Semi-detached,16,13,4,9,3,0,3
S01009929,Whole house or bungalow: Terraced (including end-terrace),37,35,16,19,2,0,2
S01009929,Flat maisonette or apartment or mobile/temporary accommodation,173,128,61,67,45,7,38
S01009930,All households,460,259,65,194,201,31,170
S01009930,Whole house or bungalow: Total,16,13,4,9,3,3,0
S01009930,Whole house or bungalow: Detached,10,9,3,6,1,1,0
S01009930,Whole house or bungalow: Semi-detached,1,1,0,1,0,0,0
S01009930,Whole house or bungalow: Terraced (including end-terrace),5,3,1,2,2,2,0
S01009930,Flat maisonette or apartment or mobile/temporary accommodation,444,246,61,185,198,28,170
S01009931,All households,463,325,84,241,138,6,132
S01009931,Whole house or bungalow: Total,32,31,14,17,1,0,1
S01009931,Whole house or bungalow: Detached,1,1,0,1,0,0,0
S01009931,Whole house or bungalow: Semi-detached,4,3,2,1,1,0,1
S01009931,Whole house or bungalow: Terraced (including end-terrace),27,27,12,15,0,0,0
S01009931,Flat maisonette or apartment or mobile/temporary accommodation,431,294,70,224,137,6,131
S01009932,All households,374,229,70,159,145,36,109
S01009932,Whole house or bungalow: Total,19,17,7,10,2,1,1
S01009932,Whole house or bungalow: Detached,2,0,0,0,2,1,1
S01009932,Whole house or bungalow: Semi-detached,0,0,0,0,0,0,0
S01009932,Whole house or bungalow: Terraced (including end-terrace),17,17,7,10,0,0,0
S01009932,Flat maisonette or apartment or mobile/temporary accommodation,355,212,63,149,143,35,108
S01009933,All households,534,115,20,95,419,315,104
S01009933,Whole house or bungalow: Total,7,4,2,2,3,3,0
S01009933,Whole house or bungalow: Detached,1,1,0,1,0,0,0
S01009933,Whole house or bungalow: Semi-detached,2,1,1,0,1,1,0
S01009933,Whole house or bungalow: Terraced (including end-terrace),4,2,1,1,2,2,0
S01009933,Flat maisonette or apartment or mobile/temporary accommodation,527,111,18,93,416,312,104
S01009934,All households,436,287,106,181,149,31,118
S01009934,Whole house or bungalow: Total,162,150,66,84,12,7,5
S01009934,Whole house or bungalow: Detached,3,2,1,1,1,0,1
S01009934,Whole house or bungalow: Semi-detached,18,16,6,10,2,2,0
S01009934,Whole house or bungalow: Terraced (including end-terrace),141,132,59,73,9,5,4
S01009934,Flat maisonette or apartment or mobile/temporary accommodation,274,137,40,97,137,24,113
S01009935,All households,386,102,54,48,284,264,20
S01009935,Whole house or bungalow: Total,12,7,2,5,5,4,1
S01009935,Whole house or bungalow: Detached,3,1,0,1,2,2,0
S01009935,Whole house or bungalow: Semi-detached,6,4,2,2,2,1,1
S01009935,Whole house or bungalow: Terraced (including end-terrace),3,2,0,2,1,1,0
S01009935,Flat maisonette or apartment or mobile/temporary accommodation,374,95,52,43,279,260,19
S01009936,All households,397,110,31,79,287,238,49
S01009936,Whole house or bungalow: Total,36,29,7,22,7,2,5
S01009936,Whole house or bungalow: Detached,10,6,3,3,4,2,2
S01009936,Whole house or bungalow: Semi-detached,11,9,1,8,2,0,2
S01009936,Whole house or bungalow: Terraced (including end-terrace),15,14,3,11,1,0,1
S01009936,Flat maisonette or apartment or mobile/temporary accommodation,361,81,24,57,280,236,44
S01009937,All households,266,27,12,15,239,213,26
S01009937,Whole house or bungalow: Total,23,10,6,4,13,5,8
S01009937,Whole house or bungalow: Detached,13,5,4,1,8,2,6
S01009937,Whole house or bungalow: Semi-detached,4,1,1,0,3,2,1
S01009937,Whole house or bungalow: Terraced (including end-terrace),6,4,1,3,2,1,1
S01009937,Flat maisonette or apartment or mobile/temporary accommodation,243,17,6,11,226,208,18
S01009938,All households,570,227,78,149,343,300,43
S01009938,Whole house or bungalow: Total,33,22,13,9,11,9,2
S01009938,Whole house or bungalow: Detached,5,4,1,3,1,1,0
S01009938,Whole house or bungalow: Semi-detached,10,7,3,4,3,2,1
S01009938,Whole house or bungalow: Terraced (including end-terrace),18,11,9,2,7,6,1
S01009938,Flat maisonette or apartment or mobile/temporary accommodation,537,205,65,140,332,291,41
S01009939,All households,521,20,9,11,501,480,21
S01009939,Whole house or bungalow: Total,18,11,5,6,7,6,1
S01009939,Whole house or bungalow: Detached,3,2,0,2,1,1,0
S01009939,Whole house or bungalow: Semi-detached,7,3,1,2,4,3,1
S01009939,Whole house or bungalow: Terraced (including end-terrace),8,6,4,2,2,2,0
S01009939,Flat maisonette or apartment or mobile/temporary accommodation,503,9,4,5,494,474,20
S01009940,All households,438,133,62,71,305,283,22
S01009940,Whole house or bungalow: Total,35,15,6,9,20,16,4
S01009940,Whole house or bungalow: Detached,6,3,0,3,3,3,0
S01009940,Whole house or bungalow: Semi-detached,21,9,5,4,12,8,4
S01009940,Whole house or bungalow: Terraced (including end-terrace),8,3,1,2,5,5,0
S01009940,Flat maisonette or apartment or mobile/temporary accommodation,403,118,56,62,285,267,18
S01009941,All households,320,274,57,217,46,13,33
S01009941,Whole house or bungalow: Total,299,266,56,210,33,1,32
S01009941,Whole house or bungalow: Detached,106,91,24,67,15,0,15
S01009941,Whole house or bungalow: Semi-detached,122,111,22,89,11,0,11
S01009941,Whole house or bungalow: Terraced (including end-terrace),71,64,10,54,7,1,6
S01009941,Flat maisonette or apartment or mobile/temporary accommodation,21,8,1,7,13,12,1
S01009942,All households,486,177,71,106,309,271,38
S01009942,Whole house or bungalow: Total,59,31,14,17,28,23,5
S01009942,Whole house or bungalow: Detached,3,3,2,1,0,0,0
S01009942,Whole house or bungalow: Semi-detached,19,7,1,6,12,9,3
S01009942,Whole house or bungalow: Terraced (including end-terrace),37,21,11,10,16,14,2
S01009942,Flat maisonette or apartment or mobile/temporary accommodation,427,146,57,89,281,248,33
S01009943,All households,424,135,59,76,289,275,14
S01009943,Whole house or bungalow: Total,27,12,5,7,15,12,3
S01009943,Whole house or bungalow: Detached,5,3,2,1,2,2,0
S01009943,Whole house or bungalow: Semi-detached,11,7,2,5,4,1,3
S01009943,Whole house or bungalow: Terraced (including end-terrace),11,2,1,1,9,9,0
S01009943,Flat maisonette or apartment or mobile/temporary accommodation,397,123,54,69,274,263,11
S01009944,All households,344,206,84,122,138,84,54
S01009944,Whole house or bungalow: Total,100,77,26,51,23,19,4
S01009944,Whole house or bungalow: Detached,13,12,3,9,1,1,0
S01009944,Whole house or bungalow: Semi-detached,36,27,16,11,9,8,1
S01009944,Whole house or bungalow: Terraced (including end-terrace),51,38,7,31,13,10,3
S01009944,Flat maisonette or apartment or mobile/temporary accommodation,244,129,58,71,115,65,50
S01009945,All households,500,229,84,145,271,202,69
S01009945,Whole house or bungalow: Total,42,26,10,16,16,12,4
S01009945,Whole house or bungalow: Detached,3,3,1,2,0,0,0
S01009945,Whole house or bungalow: Semi-detached,13,9,5,4,4,1,3
S01009945,Whole house or bungalow: Terraced (including end-terrace),26,14,4,10,12,11,1
S01009945,Flat maisonette or apartment or mobile/temporary accommodation,458,203,74,129,255,190,65
S01009946,All households,348,230,91,139,118,85,33
S01009946,Whole house or bungalow: Total,161,132,49,83,29,23,6
S01009946,Whole house or bungalow: Detached,10,9,3,6,1,0,1
S01009946,Whole house or bungalow: Semi-detached,51,44,12,32,7,7,0
S01009946,Whole house or bungalow: Terraced (including end-terrace),100,79,34,45,21,16,5
S01009946,Flat maisonette or apartment or mobile/temporary accommodation,187,98,42,56,89,62,27
S01009947,All households,266,161,76,85,105,71,34
S01009947,Whole house or bungalow: Total,122,98,43,55,24,17,7
S01009947,Whole house or bungalow: Detached,11,8,4,4,3,1,2
S01009947,Whole house or bungalow: Semi-detached,59,45,21,24,14,12,2
S01009947,Whole house or bungalow: Terraced (including end-terrace),52,45,18,27,7,4,3
S01009947,Flat maisonette or apartment or mobile/temporary accommodation,144,63,33,30,81,54,27
S01009948,All households,431,135,59,76,296,279,17
S01009948,Whole house or bungalow: Total,94,72,29,43,22,21,1
S01009948,Whole house or bungalow: Detached,4,2,1,1,2,2,0
S01009948,Whole house or bungalow: Semi-detached,10,7,3,4,3,2,1
S01009948,Whole house or bungalow: Terraced (including end-terrace),80,63,25,38,17,17,0
S01009948,Flat maisonette or apartment or mobile/temporary accommodation,337,63,30,33,274,258,16
S01009949,All households,368,238,107,131,130,84,46
S01009949,Whole house or bungalow: Total,84,72,26,46,12,10,2
S01009949,Whole house or bungalow: Detached,0,0,0,0,0,0,0
S01009949,Whole house or bungalow: Semi-detached,22,16,6,10,6,4,2
S01009949,Whole house or bungalow: Terraced (including end-terrace),62,56,20,36,6,6,0
S01009949,Flat maisonette or apartment or mobile/temporary accommodation,284,166,81,85,118,74,44
S01009950,All households,256,239,106,133,17,3,14
S01009950,Whole house or bungalow: Total,233,222,96,126,11,2,9
S01009950,Whole house or bungalow: Detached,84,83,44,39,1,0,1
S01009950,Whole house or bungalow: Semi-detached,111,105,40,65,6,1,5
S01009950,Whole house or bungalow: Terraced (including end-terrace),38,34,12,22,4,1,3
S01009950,Flat maisonette or apartment or mobile/temporary accommodation,23,17,10,7,6,1,5
S01009951,All households,259,237,122,115,22,7,15
S01009951,Whole house or bungalow: Total,230,221,115,106,9,2,7
S01009951,Whole house or bungalow: Detached,28,27,13,14,1,0,1
S01009951,Whole house or bungalow: Semi-detached,174,167,93,74,7,1,6
S01009951,Whole house or bungalow: Terraced (including end-terrace),28,27,9,18,1,1,0
S01009951,Flat maisonette or apartment or mobile/temporary accommodation,29,16,7,9,13,5,8
S01009952,All households,311,279,147,132,32,9,23
S01009952,Whole house or bungalow: Total,197,192,83,109,5,2,3
S01009952,Whole house or bungalow: Detached,6,4,2,2,2,0,2
S01009952,Whole house or bungalow: Semi-detached,19,18,10,8,1,1,0
S01009952,Whole house or bungalow: Terraced (including end-terrace),172,170,71,99,2,1,1
S01009952,Flat maisonette or apartment or mobile/temporary accommodation,114,87,64,23,27,7,20
S01009953,All households,358,302,144,158,56,26,30
S01009953,Whole house or bungalow: Total,274,250,119,131,24,16,8
S01009953,Whole house or bungalow: Detached,23,23,11,12,0,0,0
S01009953,Whole house or bungalow: Semi-detached,46,44,20,24,2,2,0
S01009953,Whole house or bungalow: Terraced (including end-terrace),205,183,88,95,22,14,8
S01009953,Flat maisonette or apartment or mobile/temporary accommodation,84,52,25,27,32,10,22
S01009954,All households,214,177,74,103,37,10,27
S01009954,Whole house or bungalow: Total,157,136,57,79,21,7,14
S01009954,Whole house or bungalow: Detached,84,70,24,46,14,6,8
S01009954,Whole house or bungalow: Semi-detached,50,46,22,24,4,1,3
S01009954,Whole house or bungalow: Terraced (including end-terrace),23,20,11,9,3,0,3
S01009954,Flat maisonette or apartment or mobile/temporary accommodation,57,41,17,24,16,3,13
S01009955,All households,447,331,156,175,116,47,69
S01009955,Whole house or bungalow: Total,209,186,86,100,23,12,11
S01009955,Whole house or bungalow: Detached,21,18,6,12,3,1,2
S01009955,Whole house or bungalow: Semi-detached,93,82,39,43,11,4,7
S01009955,Whole house or bungalow: Terraced (including end-terrace),95,86,41,45,9,7,2
S01009955,Flat maisonette or apartment or mobile/temporary accommodation,238,145,70,75,93,35,58
S01009956,All households,324,222,113,109,102,49,53
S01009956,Whole house or bungalow: Total,60,53,28,25,7,4,3
S01009956,Whole house or bungalow: Detached,16,15,9,6,1,1,0
S01009956,Whole house or bungalow: Semi-detached,27,24,13,11,3,1,2
S01009956,Whole house or bungalow: Terraced (including end-terrace),17,14,6,8,3,2,1
S01009956,Flat maisonette or apartment or mobile/temporary accommodation,264,169,85,84,95,45,50
S01009957,All households,294,268,136,132,26,4,22
S01009957,Whole house or bungalow: Total,221,208,103,105,13,0,13
S01009957,Whole house or bungalow: Detached,33,30,15,15,3,0,3
S01009957,Whole house or bungalow: Semi-detached,151,141,70,71,10,0,10
S01009957,Whole house or bungalow: Terraced (including end-terrace),37,37,18,19,0,0,0
S01009957,Flat maisonette or apartment or mobile/temporary accommodation,73,60,33,27,13,4,9
S01009958,All households,371,350,151,199,21,4,17
S01009958,Whole house or bungalow: Total,283,275,130,145,8,1,7
S01009958,Whole house or bungalow: Detached,8,7,2,5,1,0,1
S01009958,Whole house or bungalow: Semi-detached,37,36,15,21,1,0,1
S01009958,Whole house or bungalow: Terraced (including end-terrace),238,232,113,119,6,1,5
S01009958,Flat maisonette or apartment or mobile/temporary accommodation,88,75,21,54,13,3,10
S01009959,All households,288,259,148,111,29,5,24
S01009959,Whole house or bungalow: Total,182,177,91,86,5,0,5
S01009959,Whole house or bungalow: Detached,53,52,35,17,1,0,1
S01009959,Whole house or bungalow: Semi-detached,82,79,34,45,3,0,3
S01009959,Whole house or bungalow: Terraced (including end-terrace),47,46,22,24,1,0,1
S01009959,Flat maisonette or apartment or mobile/temporary accommodation,106,82,57,25,24,5,19
S01009960,All households,395,327,187,140,68,25,43
S01009960,Whole house or bungalow: Total,234,228,109,119,6,1,5
S01009960,Whole house or bungalow: Detached,52,48,29,19,4,1,3
S01009960,Whole house or bungalow: Semi-detached,47,46,24,22,1,0,1
S01009960,Whole house or bungalow: Terraced (including end-terrace),135,134,56,78,1,0,1
S01009960,Flat maisonette or apartment or mobile/temporary accommodation,161,99,78,21,62,24,38
S01009961,All households,293,226,125,101,67,48,19
S01009961,Whole house or bungalow: Total,196,171,96,75,25,17,8
S01009961,Whole house or bungalow: Detached,12,11,4,7,1,0,1
S01009961,Whole house or bungalow: Semi-detached,75,73,42,31,2,1,1
S01009961,Whole house or bungalow: Terraced (including end-terrace),109,87,50,37,22,16,6
S01009961,Flat maisonette or apartment or mobile/temporary accommodation,97,55,29,26,42,31,11
S01009962,All households,599,342,141,201,257,72,185
S01009962,Whole house or bungalow: Total,125,114,66,48,11,1,10
S01009962,Whole house or bungalow: Detached,4,3,1,2,1,0,1
S01009962,Whole house or bungalow: Semi-detached,48,47,29,18,1,0,1
S01009962,Whole house or bungalow: Terraced (including end-terrace),73,64,36,28,9,1,8
S01009962,Flat maisonette or apartment or mobile/temporary accommodation,474,228,75,153,246,71,175
S01009963,All households,301,283,145,138,18,0,18
S01009963,Whole house or bungalow: Total,257,251,133,118,6,0,6
S01009963,Whole house or bungalow: Detached,8,8,1,7,0,0,0
S01009963,Whole house or bungalow: Semi-detached,247,241,131,110,6,0,6
S01009963,Whole house or bungalow: Terraced (including end-terrace),2,2,1,1,0,0,0
S01009963,Flat maisonette or apartment or mobile/temporary accommodation,44,32,12,20,12,0,12
S01009964,All households,344,285,124,161,59,9,50
S01009964,Whole house or bungalow: Total,220,208,94,114,12,1,11
S01009964,Whole house or bungalow: Detached,13,12,6,6,1,0,1
S01009964,Whole house or bungalow: Semi-detached,94,90,39,51,4,0,4
S01009964,Whole house or bungalow: Terraced (including end-terrace),113,106,49,57,7,1,6
S01009964,Flat maisonette or apartment or mobile/temporary accommodation,124,77,30,47,47,8,39
S01009965,All households,298,260,132,128,38,30,8
S01009965,Whole house or bungalow: Total,257,247,125,122,10,3,7
S01009965,Whole house or bungalow: Detached,27,25,12,13,2,1,1
S01009965,Whole house or bungalow: Semi-detached,221,215,108,107,6,0,6
S01009965,Whole house or bungalow: Terraced (including end-terrace),9,7,5,2,2,2,0
S01009965,Flat maisonette or apartment or mobile/temporary accommodation,41,13,7,6,28,27,1
S01009966,All households,292,277,128,149,15,3,12
S01009966,Whole house or bungalow: Total,277,268,126,142,9,2,7
S01009966,Whole house or bungalow: Detached,8,8,5,3,0,0,0
S01009966,Whole house or bungalow: Semi-detached,229,224,108,116,5,1,4
S01009966,Whole house or bungalow: Terraced (including end-terrace),40,36,13,23,4,1,3
S01009966,Flat maisonette or apartment or mobile/temporary accommodation,15,9,2,7,6,1,5
S01009967,All households,383,338,173,165,45,10,35
S01009967,Whole house or bungalow: Total,191,185,96,89,6,0,6
S01009967,Whole house or bungalow: Detached,21,21,14,7,0,0,0
S01009967,Whole house or bungalow: Semi-detached,92,87,41,46,5,0,5
S01009967,Whole house or bungalow: Terraced (including end-terrace),78,77,41,36,1,0,1
S01009967,Flat maisonette or apartment or mobile/temporary accommodation,192,153,77,76,39,10,29
S01009968,All households,232,219,108,111,13,5,8
S01009968,Whole house or bungalow: Total,210,204,99,105,6,2,4
S01009968,Whole house or bungalow: Detached,2,1,1,0,1,1,0
S01009968,Whole house or bungalow: Semi-detached,137,135,68,67,2,1,1
S01009968,Whole house or bungalow: Terraced (including end-terrace),71,68,30,38,3,0,3
S01009968,Flat maisonette or apartment or mobile/temporary accommodation,22,15,9,6,7,3,4
S01009969,All households,364,309,150,159,55,36,19
S01009969,Whole house or bungalow: Total,312,292,144,148,20,15,5
S01009969,Whole house or bungalow: Detached,193,189,100,89,4,3,1
S01009969,Whole house or bungalow: Semi-detached,46,39,15,24,7,3,4
S01009969,Whole house or bungalow: Terraced (including end-terrace),73,64,29,35,9,9,0
S01009969,Flat maisonette or apartment or mobile/temporary accommodation,52,17,6,11,35,21,14
S01009970,All households,476,98,40,58,378,348,30
S01009970,Whole house or bungalow: Total,30,13,6,7,17,12,5
S01009970,Whole house or bungalow: Detached,1,0,0,0,1,1,0
S01009970,Whole house or bungalow: Semi-detached,11,8,1,7,3,2,1
S01009970,Whole house or bungalow: Terraced (including end-terrace),18,5,5,0,13,9,4
S01009970,Flat maisonette or apartment or mobile/temporary accommodation,446,85,34,51,361,336,25
S01009971,All households,488,152,42,110,336,312,24
S01009971,Whole house or bungalow: Total,229,115,23,92,114,101,13
S01009971,Whole house or bungalow: Detached,53,43,7,36,10,5,5
S01009971,Whole house or bungalow: Semi-detached,97,47,9,38,50,45,5
S01009971,Whole house or bungalow: Terraced (including end-terrace),79,25,7,18,54,51,3
S01009971,Flat maisonette or apartment or mobile/temporary accommodation,259,37,19,18,222,211,11
S01009972,All households,364,226,85,141,138,119,19
S01009972,Whole house or bungalow: Total,187,167,45,122,20,7,13
S01009972,Whole house or bungalow: Detached,92,88,32,56,4,1,3
S01009972,Whole house or bungalow: Semi-detached,54,49,7,42,5,2,3
S01009972,Whole house or bungalow: Terraced (including end-terrace),41,30,6,24,11,4,7
S01009972,Flat maisonette or apartment or mobile/temporary accommodation,177,59,40,19,118,112,6
S01009973,All households,283,145,22,123,138,124,14
S01009973,Whole house or bungalow: Total,234,135,20,115,99,91,8
S01009973,Whole house or bungalow: Detached,29,25,3,22,4,4,0
S01009973,Whole house or bungalow: Semi-detached,81,65,12,53,16,11,5
S01009973,Whole house or bungalow: Terraced (including end-terrace),124,45,5,40,79,76,3
S01009973,Flat maisonette or apartment or mobile/temporary accommodation,49,10,2,8,39,33,6
S01009974,All households,294,21,7,14,273,268,5
S01009974,Whole house or bungalow: Total,48,9,5,4,39,37,2
S01009974,Whole house or bungalow: Detached,3,0,0,0,3,3,0
S01009974,Whole house or bungalow: Semi-detached,14,2,1,1,12,11,1
S01009974,Whole house or bungalow: Terraced (including end-terrace),31,7,4,3,24,23,1
S01009974,Flat maisonette or apartment or mobile/temporary accommodation,246,12,2,10,234,231,3
S01009975,All households,398,34,14,20,364,347,17
S01009975,Whole house or bungalow: Total,130,13,2,11,117,110,7
S01009975,Whole house or bungalow: Detached,6,0,0,0,6,5,1
S01009975,Whole house or bungalow: Semi-detached,40,6,2,4,34,33,1
S01009975,Whole house or bungalow: Terraced (including end-terrace),84,7,0,7,77,72,5
S01009975,Flat maisonette or apartment or mobile/temporary accommodation,268,21,12,9,247,237,10
S01009976,All households,255,73,21,52,182,169,13
S01009976,Whole house or bungalow: Total,24,4,1,3,20,20,0
S01009976,Whole house or bungalow: Detached,1,0,0,0,1,1,0
S01009976,Whole house or bungalow: Semi-detached,3,1,0,1,2,2,0
S01009976,Whole house or bungalow: Terraced (including end-terrace),20,3,1,2,17,17,0
S01009976,Flat maisonette or apartment or mobile/temporary accommodation,231,69,20,49,162,149,13
S01009977,All households,555,57,20,37,498,489,9
S01009977,Whole house or bungalow: Total,86,27,7,20,59,58,1
S01009977,Whole house or bungalow: Detached,6,2,0,2,4,4,0
S01009977,Whole house or bungalow: Semi-detached,36,14,6,8,22,22,0
S01009977,Whole house or bungalow: Terraced (including end-terrace),44,11,1,10,33,32,1
S01009977,Flat maisonette or apartment or mobile/temporary accommodation,469,30,13,17,439,431,8
S01009978,All households,444,92,15,77,352,335,17
S01009978,Whole house or bungalow: Total,210,80,12,68,130,117,13
S01009978,Whole house or bungalow: Detached,10,5,1,4,5,4,1
S01009978,Whole house or bungalow: Semi-detached,88,42,6,36,46,39,7
S01009978,Whole house or bungalow: Terraced (including end-terrace),112,33,5,28,79,74,5
S01009978,Flat maisonette or apartment or mobile/temporary accommodation,234,12,3,9,222,218,4
S01009979,All households,258,39,15,24,219,215,4
S01009979,Whole house or bungalow: Total,68,13,2,11,55,54,1
S01009979,Whole house or bungalow: Detached,4,2,1,1,2,2,0
S01009979,Whole house or bungalow: Semi-detached,14,3,1,2,11,11,0
S01009979,Whole house or bungalow: Terraced (including end-terrace),50,8,0,8,42,41,1
S01009979,Flat maisonette or apartment or mobile/temporary accommodation,190,26,13,13,164,161,3
S01009980,All households,250,39,16,23,211,198,13
S01009980,Whole house or bungalow: Total,105,21,6,15,84,80,4
S01009980,Whole house or bungalow: Detached,5,1,1,0,4,4,0
S01009980,Whole house or bungalow: Semi-detached,37,4,1,3,33,33,0
S01009980,Whole house or bungalow: Terraced (including end-terrace),63,16,4,12,47,43,4
S01009980,Flat maisonette or apartment or mobile/temporary accommodation,145,18,10,8,127,118,9
S01009981,All households,303,44,7,37,259,247,12
S01009981,Whole house or bungalow: Total,126,24,3,21,102,95,7
S01009981,Whole house or bungalow: Detached,7,2,0,2,5,5,0
S01009981,Whole house or bungalow: Semi-detached,33,8,1,7,25,24,1
S01009981,Whole house or bungalow: Terraced (including end-terrace),86,14,2,12,72,66,6
S01009981,Flat maisonette or apartment or mobile/temporary accommodation,177,20,4,16,157,152,5
S01009982,All households,428,174,29,145,254,230,24
S01009982,Whole house or bungalow: Total,208,146,19,127,62,45,17
S01009982,Whole house or bungalow: Detached,64,51,3,48,13,3,10
S01009982,Whole house or bungalow: Semi-detached,85,60,7,53,25,18,7
S01009982,Whole house or bungalow: Terraced (including end-terrace),59,35,9,26,24,24,0
S01009982,Flat maisonette or apartment or mobile/temporary accommodation,220,28,10,18,192,185,7
S01009983,All households,289,7,2,5,282,272,10
S01009983,Whole house or bungalow: Total,47,4,1,3,43,41,2
S01009983,Whole house or bungalow: Detached,5,1,0,1,4,4,0
S01009983,Whole house or bungalow: Semi-detached,14,1,1,0,13,13,0
S01009983,Whole house or bungalow: Terraced (including end-terrace),28,2,0,2,26,24,2
S01009983,Flat maisonette or apartment or mobile/temporary accommodation,242,3,1,2,239,231,8
S01009984,All households,350,157,27,130,193,170,23
S01009984,Whole house or bungalow: Total,170,135,22,113,35,25,10
S01009984,Whole house or bungalow: Detached,8,7,4,3,1,0,1
S01009984,Whole house or bungalow: Semi-detached,66,49,10,39,17,12,5
S01009984,Whole house or bungalow: Terraced (including end-terrace),96,79,8,71,17,13,4
S01009984,Flat maisonette or apartment or mobile/temporary accommodation,180,22,5,17,158,145,13
S01009985,All households,270,25,4,21,245,239,6
S01009985,Whole house or bungalow: Total,72,19,4,15,53,53,0
S01009985,Whole house or bungalow: Detached,4,0,0,0,4,4,0
S01009985,Whole house or bungalow: Semi-detached,22,14,3,11,8,8,0
S01009985,Whole house or bungalow: Terraced (including end-terrace),46,5,1,4,41,41,0
S01009985,Flat maisonette or apartment or mobile/temporary accommodation,198,6,0,6,192,186,6
S01009986,All households,280,40,20,20,240,229,11
S01009986,Whole house or bungalow: Total,44,4,2,2,40,38,2
S01009986,Whole house or bungalow: Detached,6,1,0,1,5,5,0
S01009986,Whole house or bungalow: Semi-detached,16,2,1,1,14,14,0
S01009986,Whole house or bungalow: Terraced (including end-terrace),22,1,1,0,21,19,2
S01009986,Flat maisonette or apartment or mobile/temporary accommodation,236,36,18,18,200,191,9
S01009987,All households,472,146,39,107,326,312,14
S01009987,Whole house or bungalow: Total,117,59,5,54,58,55,3
S01009987,Whole house or bungalow: Detached,1,0,0,0,1,0,1
S01009987,Whole house or bungalow: Semi-detached,49,34,2,32,15,14,1
S01009987,Whole house or bungalow: Terraced (including end-terrace),67,25,3,22,42,41,1
S01009987,Flat maisonette or apartment or mobile/temporary accommodation,355,87,34,53,268,257,11
S01009988,All households,270,58,29,29,212,202,10
S01009988,Whole house or bungalow: Total,32,6,1,5,26,24,2
S01009988,Whole house or bungalow: Detached,1,1,0,1,0,0,0
S01009988,Whole house or bungalow: Semi-detached,14,2,0,2,12,11,1
S01009988,Whole house or bungalow: Terraced (including end-terrace),17,3,1,2,14,13,1
S01009988,Flat maisonette or apartment or mobile/temporary accommodation,238,52,28,24,186,178,8
S01009989,All households,354,244,85,159,110,54,56
S01009989,Whole house or bungalow: Total,80,56,28,28,24,14,10
S01009989,Whole house or bungalow: Detached,3,3,2,1,0,0,0
S01009989,Whole house or bungalow: Semi-detached,42,30,14,16,12,5,7
S01009989,Whole house or bungalow: Terraced (including end-terrace),35,23,12,11,12,9,3
S01009989,Flat maisonette or apartment or mobile/temporary accommodation,274,188,57,131,86,40,46
S01009990,All households,302,234,78,156,68,3,65
S01009990,Whole house or bungalow: Total,13,9,2,7,4,1,3
S01009990,Whole house or bungalow: Detached,3,1,0,1,2,0,2
S01009990,Whole house or bungalow: Semi-detached,6,5,2,3,1,1,0
S01009990,Whole house or bungalow: Terraced (including end-terrace),4,3,0,3,1,0,1
S01009990,Flat maisonette or apartment or mobile/temporary accommodation,289,225,76,149,64,2,62
S01009991,All households,333,255,64,191,78,3,75
S01009991,Whole house or bungalow: Total,21,13,4,9,8,0,8
S01009991,Whole house or bungalow: Detached,3,1,0,1,2,0,2
S01009991,Whole house or bungalow: Semi-detached,14,9,4,5,5,0,5
S01009991,Whole house or bungalow: Terraced (including end-terrace),4,3,0,3,1,0,1
S01009991,Flat maisonette or apartment or mobile/temporary accommodation,312,242,60,182,70,3,67
S01009992,All households,330,87,28,59,243,225,18
S01009992,Whole house or bungalow: Total,115,36,7,29,79,76,3
S01009992,Whole house or bungalow: Detached,3,0,0,0,3,3,0
S01009992,Whole house or bungalow: Semi-detached,27,4,1,3,23,21,2
S01009992,Whole house or bungalow: Terraced (including end-terrace),85,32,6,26,53,52,1
S01009992,Flat maisonette or apartment or mobile/temporary accommodation,215,51,21,30,164,149,15
S01009993,All households,349,277,85,192,72,2,70
S01009993,Whole house or bungalow: Total,29,21,11,10,8,0,8
S01009993,Whole house or bungalow: Detached,13,11,8,3,2,0,2
S01009993,Whole house or bungalow: Semi-detached,13,8,2,6,5,0,5
S01009993,Whole house or bungalow: Terraced (including end-terrace),3,2,1,1,1,0,1
S01009993,Flat maisonette or apartment or mobile/temporary accommodation,320,256,74,182,64,2,62
S01009994,All households,302,232,67,165,70,2,68
S01009994,Whole house or bungalow: Total,19,10,3,7,9,0,9
S01009994,Whole house or bungalow: Detached,2,0,0,0,2,0,2
S01009994,Whole house or bungalow: Semi-detached,10,4,2,2,6,0,6
S01009994,Whole house or bungalow: Terraced (including end-terrace),7,6,1,5,1,0,1
S01009994,Flat maisonette or apartment or mobile/temporary accommodation,283,222,64,158,61,2,59
S01009995,All households,269,207,64,143,62,1,61
S01009995,Whole house or bungalow: Total,13,9,7,2,4,1,3
S01009995,Whole house or bungalow: Detached,4,3,2,1,1,1,0
S01009995,Whole house or bungalow: Semi-detached,7,5,4,1,2,0,2
S01009995,Whole house or bungalow: Terraced (including end-terrace),2,1,1,0,1,0,1
S01009995,Flat maisonette or apartment or mobile/temporary accommodation,256,198,57,141,58,0,58
S01009996,All households,310,202,61,141,108,27,81
S01009996,Whole house or bungalow: Total,18,11,3,8,7,1,6
S01009996,Whole house or bungalow: Detached,1,1,0,1,0,0,0
S01009996,Whole house or bungalow: Semi-detached,16,9,3,6,7,1,6
S01009996,Whole house or bungalow: Terraced (including end-terrace),1,1,0,1,0,0,0
S01009996,Flat maisonette or apartment or mobile/temporary accommodation,292,191,58,133,101,26,75
S01009997,All households,251,196,67,129,55,3,52
S01009997,Whole house or bungalow: Total,12,9,3,6,3,0,3
S01009997,Whole house or bungalow: Detached,2,1,0,1,1,0,1
S01009997,Whole house or bungalow: Semi-detached,6,5,3,2,1,0,1
S01009997,Whole house or bungalow: Terraced (including end-terrace),4,3,0,3,1,0,1
S01009997,Flat maisonette or apartment or mobile/temporary accommodation,239,187,64,123,52,3,49
S01009998,All households,246,214,125,89,32,9,23
S01009998,Whole house or bungalow: Total,205,187,115,72,18,2,16
S01009998,Whole house or bungalow: Detached,154,150,98,52,4,1,3
S01009998,Whole house or bungalow: Semi-detached,44,31,16,15,13,0,13
S01009998,Whole house or bungalow: Terraced (including end-terrace),7,6,1,5,1,1,0
S01009998,Flat maisonette or apartment or mobile/temporary accommodation,41,27,10,17,14,7,7
S01009999,All households,285,250,124,126,35,3,32
S01009999,Whole house or bungalow: Total,181,173,104,69,8,2,6
S01009999,Whole house or bungalow: Detached,3,3,1,2,0,0,0
S01009999,Whole house or bungalow: Semi-detached,132,125,79,46,7,2,5
S01009999,Whole house or bungalow: Terraced (including end-terrace),46,45,24,21,1,0,1
S01009999,Flat maisonette or apartment or mobile/temporary accommodation,104,77,20,57,27,1,26
S01010000,All households,269,202,56,146,67,4,63
S01010000,Whole house or bungalow: Total,20,15,5,10,5,0,5
S01010000,Whole house or bungalow: Detached,3,1,0,1,2,0,2
S01010000,Whole house or bungalow: Semi-detached,11,9,2,7,2,0,2
S01010000,Whole house or bungalow: Terraced (including end-terrace),6,5,3,2,1,0,1
S01010000,Flat maisonette or apartment or mobile/temporary accommodation,249,187,51,136,62,4,58
S01010001,All households,332,220,64,156,112,31,81
S01010001,Whole house or bungalow: Total,84,75,28,47,9,1,8
S01010001,Whole house or bungalow: Detached,4,4,1,3,0,0,0
S01010001,Whole house or bungalow: Semi-detached,47,41,22,19,6,0,6
S01010001,Whole house or bungalow: Terraced (including end-terrace),33,30,5,25,3,1,2
S01010001,Flat maisonette or apartment or mobile/temporary accommodation,248,145,36,109,103,30,73
S01010002,All households,336,259,95,164,77,10,67
S01010002,Whole house or bungalow: Total,41,19,9,10,22,6,16
S01010002,Whole house or bungalow: Detached,3,3,1,2,0,0,0
S01010002,Whole house or bungalow: Semi-detached,22,6,2,4,16,5,11
S01010002,Whole house or bungalow: Terraced (including end-terrace),16,10,6,4,6,1,5
S01010002,Flat maisonette or apartment or mobile/temporary accommodation,295,240,86,154,55,4,51
S01010003,All households,279,253,115,138,26,8,18
S01010003,Whole house or bungalow: Total,166,156,79,77,10,5,5
S01010003,Whole house or bungalow: Detached,5,3,3,0,2,2,0
S01010003,Whole house or bungalow: Semi-detached,100,94,48,46,6,2,4
S01010003,Whole house or bungalow: Terraced (including end-terrace),61,59,28,31,2,1,1
S01010003,Flat maisonette or apartment or mobile/temporary accommodation,113,97,36,61,16,3,13
S01010004,All households,273,255,140,115,18,6,12
S01010004,Whole house or bungalow: Total,251,243,134,109,8,0,8
S01010004,Whole house or bungalow: Detached,4,4,2,2,0,0,0
S01010004,Whole house or bungalow: Semi-detached,94,90,48,42,4,0,4
S01010004,Whole house or bungalow: Terraced (including end-terrace),153,149,84,65,4,0,4
S01010004,Flat maisonette or apartment or mobile/temporary accommodation,22,12,6,6,10,6,4
S01010005,All households,488,262,91,171,226,85,141
S01010005,Whole house or bungalow: Total,8,5,0,5,3,2,1
S01010005,Whole house or bungalow: Detached,0,0,0,0,0,0,0
S01010005,Whole house or bungalow: Semi-detached,3,2,0,2,1,1,0
S01010005,Whole house or bungalow: Terraced (including end-terrace),5,3,0,3,2,1,1
S01010005,Flat maisonette or apartment or mobile/temporary accommodation,480,257,91,166,223,83,140
S01010006,All households,586,350,125,225,236,79,157
S01010006,Whole house or bungalow: Total,11,5,1,4,6,4,2
S01010006,Whole house or bungalow: Detached,2,1,0,1,1,0,1
S01010006,Whole house or bungalow: Semi-detached,3,1,0,1,2,2,0
S01010006,Whole house or bungalow: Terraced (including end-terrace),6,3,1,2,3,2,1
S01010006,Flat maisonette or apartment or mobile/temporary accommodation,575,345,124,221,230,75,155
S01010007,All households,429,356,155,201,73,7,66
S01010007,Whole house or bungalow: Total,219,213,87,126,6,2,4
S01010007,Whole house or bungalow: Detached,6,6,1,5,0,0,0
S01010007,Whole house or bungalow: Semi-detached,56,51,20,31,5,2,3
S01010007,Whole house or bungalow: Terraced (including end-terrace),157,156,66,90,1,0,1
S01010007,Flat maisonette or apartment or mobile/temporary accommodation,210,143,68,75,67,5,62
S01010008,All households,410,203,62,141,207,79,128
S01010008,Whole house or bungalow: Total,5,5,1,4,0,0,0
S01010008,Whole house or bungalow: Detached,1,1,1,0,0,0,0
S01010008,Whole house or bungalow: Semi-detached,3,3,0,3,0,0,0
S01010008,Whole house or bungalow: Terraced (including end-terrace),1,1,0,1,0,0,0
S01010008,Flat maisonette or apartment or mobile/temporary accommodation,405,198,61,137,207,79,128
S01010009,All households,416,202,32,170,214,55,159
S01010009,Whole house or bungalow: Total,5,2,0,2,3,1,2
S01010009,Whole house or bungalow: Detached,1,0,0,0,1,1,0
S01010009,Whole house or bungalow: Semi-detached,2,1,0,1,1,0,1
S01010009,Whole house or bungalow: Terraced (including end-terrace),2,1,0,1,1,0,1
S01010009,Flat maisonette or apartment or mobile/temporary accommodation,411,200,32,168,211,54,157
S01010010,All households,451,381,163,218,70,15,55
S01010010,Whole house or bungalow: Total,279,271,127,144,8,0,8
S01010010,Whole house or bungalow: Detached,32,30,18,12,2,0,2
S01010010,Whole house or bungalow: Semi-detached,121,117,60,57,4,0,4
S01010010,Whole house or bungalow: Terraced (including end-terrace),126,124,49,75,2,0,2
S01010010,Flat maisonette or apartment or mobile/temporary accommodation,172,110,36,74,62,15,47
S01010011,All households,544,235,76,159,309,194,115
S01010011,Whole house or bungalow: Total,6,5,4,1,1,1,0
S01010011,Whole house or bungalow: Detached,1,1,1,0,0,0,0
S01010011,Whole house or bungalow: Semi-detached,2,2,1,1,0,0,0
S01010011,Whole house or bungalow: Terraced (including end-terrace),3,2,2,0,1,1,0
S01010011,Flat maisonette or apartment or mobile/temporary accommodation,538,230,72,158,308,193,115
S01010012,All households,348,305,152,153,43,6,37
S01010012,Whole house or bungalow: Total,187,178,94,84,9,2,7
S01010012,Whole house or bungalow: Detached,3,3,0,3,0,0,0
S01010012,Whole house or bungalow: Semi-detached,45,44,21,23,1,1,0
S01010012,Whole house or bungalow: Terraced (including end-terrace),139,131,73,58,8,1,7
S01010012,Flat maisonette or apartment or mobile/temporary accommodation,161,127,58,69,34,4,30
S01010013,All households,457,244,74,170,213,34,179
S01010013,Whole house or bungalow: Total,87,78,35,43,9,1,8
S01010013,Whole house or bungalow: Detached,2,2,2,0,0,0,0
S01010013,Whole house or bungalow: Semi-detached,54,52,20,32,2,0,2
S01010013,Whole house or bungalow: Terraced (including end-terrace),31,24,13,11,7,1,6
S01010013,Flat maisonette or apartment or mobile/temporary accommodation,370,166,39,127,204,33,171
S01010014,All households,523,366,134,232,157,80,77
S01010014,Whole house or bungalow: Total,55,53,27,26,2,1,1
S01010014,Whole house or bungalow: Detached,5,5,0,5,0,0,0
S01010014,Whole house or bungalow: Semi-detached,7,7,4,3,0,0,0
S01010014,Whole house or bungalow: Terraced (including end-terrace),43,41,23,18,2,1,1
S01010014,Flat maisonette or apartment or mobile/temporary accommodation,468,313,107,206,155,79,76
S01010015,All households,392,238,60,178,154,33,121
S01010015,Whole house or bungalow: Total,34,31,9,22,3,1,2
S01010015,Whole house or bungalow: Detached,2,1,0,1,1,0,1
S01010015,Whole house or bungalow: Semi-detached,2,1,0,1,1,1,0
S01010015,Whole house or bungalow: Terraced (including end-terrace),30,29,9,20,1,0,1
S01010015,Flat maisonette or apartment or mobile/temporary accommodation,358,207,51,156,151,32,119
S01010016,All households,325,207,92,115,118,104,14
S01010016,Whole house or bungalow: Total,168,139,60,79,29,24,5
S01010016,Whole house or bungalow: Detached,5,3,2,1,2,2,0
S01010016,Whole house or bungalow: Semi-detached,71,61,22,39,10,9,1
S01010016,Whole house or bungalow: Terraced (including end-terrace),92,75,36,39,17,13,4
S01010016,Flat maisonette or apartment or mobile/temporary accommodation,157,68,32,36,89,80,9
S01010017,All households,339,125,51,74,214,187,27
S01010017,Whole house or bungalow: Total,23,16,5,11,7,7,0
S01010017,Whole house or bungalow: Detached,2,1,0,1,1,1,0
S01010017,Whole house or bungalow: Semi-detached,1,1,1,0,0,0,0
S01010017,Whole house or bungalow: Terraced (including end-terrace),20,14,4,10,6,6,0
S01010017,Flat maisonette or apartment or mobile/temporary accommodation,316,109,46,63,207,180,27
S01010018,All households,525,211,66,145,314,271,43
S01010018,Whole house or bungalow: Total,82,62,5,57,20,14,6
S01010018,Whole house or bungalow: Detached,4,0,0,0,4,3,1
S01010018,Whole house or bungalow: Semi-detached,40,33,3,30,7,3,4
S01010018,Whole house or bungalow: Terraced (including end-terrace),38,29,2,27,9,8,1
S01010018,Flat maisonette or apartment or mobile/temporary accommodation,443,149,61,88,294,257,37
S01010019,All households,409,53,27,26,356,336,20
S01010019,Whole house or bungalow: Total,6,2,1,1,4,3,1
S01010019,Whole house or bungalow: Detached,0,0,0,0,0,0,0
S01010019,Whole house or bungalow: Semi-detached,1,0,0,0,1,0,1
S01010019,Whole house or bungalow: Terraced (including end-terrace),5,2,1,1,3,3,0
S01010019,Flat maisonette or apartment or mobile/temporary accommodation,403,51,26,25,352,333,19
S01010020,All households,346,192,86,106,154,125,29
S01010020,Whole house or bungalow: Total,125,98,40,58,27,21,6
S01010020,Whole house or bungalow: Detached,6,5,1,4,1,0,1
S01010020,Whole house or bungalow: Semi-detached,38,30,9,21,8,7,1
S01010020,Whole house or bungalow: Terraced (including end-terrace),81,63,30,33,18,14,4
S01010020,Flat maisonette or apartment or mobile/temporary accommodation,221,94,46,48,127,104,23
S01010021,All households,400,40,18,22,360,319,41
S01010021,Whole house or bungalow: Total,67,19,6,13,48,46,2
S01010021,Whole house or bungalow: Detached,3,2,0,2,1,1,0
S01010021,Whole house or bungalow: Semi-detached,8,4,1,3,4,3,1
S01010021,Whole house or bungalow: Terraced (including end-terrace),56,13,5,8,43,42,1
S01010021,Flat maisonette or apartment or mobile/temporary accommodation,333,21,12,9,312,273,39
S01010022,All households,468,132,34,98,336,262,74
S01010022,Whole house or bungalow: Total,90,29,7,22,61,55,6
S01010022,Whole house or bungalow: Detached,7,1,0,1,6,5,1
S01010022,Whole house or bungalow: Semi-detached,7,4,3,1,3,3,0
S01010022,Whole house or bungalow: Terraced (including end-terrace),76,24,4,20,52,47,5
S01010022,Flat maisonette or apartment or mobile/temporary accommodation,378,103,27,76,275,207,68
S01010023,All households,387,49,34,15,338,327,11
S01010023,Whole house or bungalow: Total,8,3,3,0,5,4,1
S01010023,Whole house or bungalow: Detached,0,0,0,0,0,0,0
S01010023,Whole house or bungalow: Semi-detached,2,0,0,0,2,2,0
S01010023,Whole house or bungalow: Terraced (including end-terrace),6,3,3,0,3,2,1
S01010023,Flat maisonette or apartment or mobile/temporary accommodation,379,46,31,15,333,323,10
S01010024,All households,402,86,18,68,316,255,61
S01010024,Whole house or bungalow: Total,34,10,2,8,24,21,3
S01010024,Whole house or bungalow: Detached,5,2,0,2,3,3,0
S01010024,Whole house or bungalow: Semi-detached,3,0,0,0,3,3,0
S01010024,Whole house or bungalow: Terraced (including end-terrace),26,8,2,6,18,15,3
S01010024,Flat maisonette or apartment or mobile/temporary accommodation,368,76,16,60,292,234,58
S01010025,All households,316,41,14,27,275,255,20
S01010025,Whole house or bungalow: Total,23,5,2,3,18,17,1
S01010025,Whole house or bungalow: Detached,4,1,0,1,3,2,1
S01010025,Whole house or bungalow: Semi-detached,8,3,1,2,5,5,0
S01010025,Whole house or bungalow: Terraced (including end-terrace),11,1,1,0,10,10,0
S01010025,Flat maisonette or apartment or mobile/temporary accommodation,293,36,12,24,257,238,19
S01010026,All households,492,129,23,106,363,299,64
S01010026,Whole house or bungalow: Total,31,16,2,14,15,12,3
S01010026,Whole house or bungalow: Detached,2,2,0,2,0,0,0
S01010026,Whole house or bungalow: Semi-detached,2,0,0,0,2,1,1
S01010026,Whole house or bungalow: Terraced (including end-terrace),27,14,2,12,13,11,2
S01010026,Flat maisonette or apartment or mobile/temporary accommodation,461,113,21,92,348,287,61
S01010027,All households,483,176,46,130,307,210,97
S01010027,Whole house or bungalow: Total,46,16,3,13,30,25,5
S01010027,Whole house or bungalow: Detached,2,1,0,1,1,1,0
S01010027,Whole house or bungalow: Semi-detached,4,1,0,1,3,3,0
S01010027,Whole house or bungalow: Terraced (including end-terrace),40,14,3,11,26,21,5
S01010027,Flat maisonette or apartment or mobile/temporary accommodation,437,160,43,117,277,185,92
S01010028,All households,381,81,24,57,300,254,46
S01010028,Whole house or bungalow: Total,13,1,0,1,12,12,0
S01010028,Whole house or bungalow: Detached,3,1,0,1,2,2,0
S01010028,Whole house or bungalow: Semi-detached,2,0,0,0,2,2,0
S01010028,Whole house or bungalow: Terraced (including end-terrace),8,0,0,0,8,8,0
S01010028,Flat maisonette or apartment or mobile/temporary accommodation,368,80,24,56,288,242,46
S01010029,All households,398,127,76,51,271,258,13
S01010029,Whole house or bungalow: Total,10,4,2,2,6,5,1
S01010029,Whole house or bungalow: Detached,0,0,0,0,0,0,0
S01010029,Whole house or bungalow: Semi-detached,1,0,0,0,1,1,0
S01010029,Whole house or bungalow: Terraced (including end-terrace),9,4,2,2,5,4,1
S01010029,Flat maisonette or apartment or mobile/temporary accommodation,388,123,74,49,265,253,12
S01010030,All households,429,225,66,159,204,97,107
S01010030,Whole house or bungalow: Total,48,33,13,20,15,6,9
S01010030,Whole house or bungalow: Detached,1,1,1,0,0,0,0
S01010030,Whole house or bungalow: Semi-detached,4,2,1,1,2,1,1
S01010030,Whole house or bungalow: Terraced (including end-terrace),43,30,11,19,13,5,8
S01010030,Flat maisonette or apartment or mobile/temporary accommodation,381,192,53,139,189,91,98
S01010031,All households,423,189,47,142,234,13,221
S01010031,Whole house or bungalow: Total,13,7,3,4,6,3,3
S01010031,Whole house or bungalow: Detached,1,0,0,0,1,1,0
S01010031,Whole house or bungalow: Semi-detached,8,4,2,2,4,1,3
S01010031,Whole house or bungalow: Terraced (including end-terrace),4,3,1,2,1,1,0
S01010031,Flat maisonette or apartment or mobile/temporary accommodation,410,182,44,138,228,10,218
S01010032,All households,298,101,19,82,197,26,171
S01010032,Whole house or bungalow: Total,3,2,1,1,1,1,0
S01010032,Whole house or bungalow: Detached,2,1,0,1,1,1,0
S01010032,Whole house or bungalow: Semi-detached,1,1,1,0,0,0,0
S01010032,Whole house or bungalow: Terraced (including end-terrace),0,0,0,0,0,0,0
S01010032,Flat maisonette or apartment or mobile/temporary accommodation,295,99,18,81,196,25,171
S01010033,All households,503,108,32,76,395,278,117
S01010033,Whole house or bungalow: Total,11,8,1,7,3,1,2
S01010033,Whole house or bungalow: Detached,2,1,0,1,1,0,1
S01010033,Whole house or bungalow: Semi-detached,2,1,0,1,1,0,1
S01010033,Whole house or bungalow: Terraced (including end-terrace),7,6,1,5,1,1,0
S01010033,Flat maisonette or apartment or mobile/temporary accommodation,492,100,31,69,392,277,115
S01010034,All households,498,150,63,87,348,290,58
S01010034,Whole house or bungalow: Total,42,26,15,11,16,14,2
S01010034,Whole house or bungalow: Detached,2,1,1,0,1,1,0
S01010034,Whole house or bungalow: Semi-detached,8,6,5,1,2,2,0
S01010034,Whole house or bungalow: Terraced (including end-terrace),32,19,9,10,13,11,2
S01010034,Flat maisonette or apartment or mobile/temporary accommodation,456,124,48,76,332,276,56
S01010035,All households,401,52,19,33,349,303,46
S01010035,Whole house or bungalow: Total,11,6,2,4,5,3,2
S01010035,Whole house or bungalow: Detached,4,2,0,2,2,1,1
S01010035,Whole house or bungalow: Semi-detached,1,1,0,1,0,0,0
S01010035,Whole house or bungalow: Terraced (including end-terrace),6,3,2,1,3,2,1
S01010035,Flat maisonette or apartment or mobile/temporary accommodation,390,46,17,29,344,300,44
S01010036,All households,423,83,23,60,340,16,324
S01010036,Whole house or bungalow: Total,5,2,1,1,3,2,1
S01010036,Whole house or bungalow: Detached,0,0,0,0,0,0,0
S01010036,Whole house or bungalow: Semi-detached,2,1,1,0,1,0,1
S01010036,Whole house or bungalow: Terraced (including end-terrace),3,1,0,1,2,2,0
S01010036,Flat maisonette or apartment or mobile/temporary accommodation,418,81,22,59,337,14,323
S01010037,All households,376,109,42,67,267,246,21
S01010037,Whole house or bungalow: Total,132,59,26,33,73,68,5
S01010037,Whole house or bungalow: Detached,6,1,1,0,5,5,0
S01010037,Whole house or bungalow: Semi-detached,18,7,4,3,11,11,0
S01010037,Whole house or bungalow: Terraced (including end-terrace),108,51,21,30,57,52,5
S01010037,Flat maisonette or apartment or mobile/temporary accommodation,244,50,16,34,194,178,16
S01010038,All households,568,158,55,103,410,301,109
S01010038,Whole house or bungalow: Total,125,70,27,43,55,44,11
S01010038,Whole house or bungalow: Detached,8,3,2,1,5,5,0
S01010038,Whole house or bungalow: Semi-detached,25,19,5,14,6,3,3
S01010038,Whole house or bungalow: Terraced (including end-terrace),92,48,20,28,44,36,8
S01010038,Flat maisonette or apartment or mobile/temporary accommodation,443,88,28,60,355,257,98
S01010039,All households,593,196,35,161,397,40,357
S01010039,Whole house or bungalow: Total,3,2,0,2,1,0,1
S01010039,Whole house or bungalow: Detached,0,0,0,0,0,0,0
S01010039,Whole house or bungalow: Semi-detached,0,0,0,0,0,0,0
S01010039,Whole house or bungalow: Terraced (including end-terrace),3,2,0,2,1,0,1
S01010039,Flat maisonette or apartment or mobile/temporary accommodation,590,194,35,159,396,40,356
S01010040,All households,415,207,59,148,208,62,146
S01010040,Whole house or bungalow: Total,56,32,6,26,24,6,18
S01010040,Whole house or bungalow: Detached,4,1,1,0,3,0,3
S01010040,Whole house or bungalow: Semi-detached,9,5,1,4,4,2,2
S01010040,Whole house or bungalow: Terraced (including end-terrace),43,26,4,22,17,4,13
S01010040,Flat maisonette or apartment or mobile/temporary accommodation,359,175,53,122,184,56,128
S01010041,All households,451,141,42,99,310,172,138
S01010041,Whole house or bungalow: Total,20,12,4,8,8,4,4
S01010041,Whole house or bungalow: Detached,1,1,1,0,0,0,0
S01010041,Whole house or bungalow: Semi-detached,3,1,0,1,2,2,0
S01010041,Whole house or bungalow: Terraced (including end-terrace),16,10,3,7,6,2,4
S01010041,Flat maisonette or apartment or mobile/temporary accommodation,431,129,38,91,302,168,134
S01010042,All households,621,178,30,148,443,104,339
S01010042,Whole house or bungalow: Total,47,32,13,19,15,4,11
S01010042,Whole house or bungalow: Detached,3,1,0,1,2,0,2
S01010042,Whole house or bungalow: Semi-detached,8,6,4,2,2,0,2
S01010042,Whole house or bungalow: Terraced (including end-terrace),36,25,9,16,11,4,7
S01010042,Flat maisonette or apartment or mobile/temporary accommodation,574,146,17,129,428,100,328
S01010043,All households,451,137,41,96,314,212,102
S01010043,Whole house or bungalow: Total,31,22,8,14,9,4,5
S01010043,Whole house or bungalow: Detached,0,0,0,0,0,0,0
S01010043,Whole house or bungalow: Semi-detached,4,3,2,1,1,1,0
S01010043,Whole house or bungalow: Terraced (including end-terrace),27,19,6,13,8,3,5
S01010043,Flat maisonette or apartment or mobile/temporary accommodation,420,115,33,82,305,208,97
S01010044,All households,649,233,67,166,416,225,191
S01010044,Whole house or bungalow: Total,141,88,37,51,53,44,9
S01010044,Whole house or bungalow: Detached,6,1,0,1,5,4,1
S01010044,Whole house or bungalow: Semi-detached,22,12,2,10,10,9,1
S01010044,Whole house or bungalow: Terraced (including end-terrace),113,75,35,40,38,31,7
S01010044,Flat maisonette or apartment or mobile/temporary accommodation,508,145,30,115,363,181,182
S01010045,All households,258,39,19,20,219,207,12
S01010045,Whole house or bungalow: Total,45,19,9,10,26,24,2
S01010045,Whole house or bungalow: Detached,1,0,0,0,1,1,0
S01010045,Whole house or bungalow: Semi-detached,11,5,1,4,6,5,1
S01010045,Whole house or bungalow: Terraced (including end-terrace),33,14,8,6,19,18,1
S01010045,Flat maisonette or apartment or mobile/temporary accommodation,213,20,10,10,193,183,10
S01010046,All households,431,133,68,65,298,221,77
S01010046,Whole house or bungalow: Total,93,29,11,18,64,57,7
S01010046,Whole house or bungalow: Detached,4,2,1,1,2,2,0
S01010046,Whole house or bungalow: Semi-detached,18,5,2,3,13,11,2
S01010046,Whole house or bungalow: Terraced (including end-terrace),71,22,8,14,49,44,5
S01010046,Flat maisonette or apartment or mobile/temporary accommodation,338,104,57,47,234,164,70
S01010047,All households,471,77,19,58,394,383,11
S01010047,Whole house or bungalow: Total,59,25,8,17,34,34,0
S01010047,Whole house or bungalow: Detached,2,0,0,0,2,2,0
S01010047,Whole house or bungalow: Semi-detached,7,4,3,1,3,3,0
S01010047,Whole house or bungalow: Terraced (including end-terrace),50,21,5,16,29,29,0
S01010047,Flat maisonette or apartment or mobile/temporary accommodation,412,52,11,41,360,349,11
S01010048,All households,551,110,55,55,441,376,65
S01010048,Whole house or bungalow: Total,134,32,14,18,102,92,10
S01010048,Whole house or bungalow: Detached,11,2,2,0,9,6,3
S01010048,Whole house or bungalow: Semi-detached,41,5,0,5,36,34,2
S01010048,Whole house or bungalow: Terraced (including end-terrace),82,25,12,13,57,52,5
S01010048,Flat maisonette or apartment or mobile/temporary accommodation,417,78,41,37,339,284,55
S01010049,All households,395,34,11,23,361,312,49
S01010049,Whole house or bungalow: Total,42,7,3,4,35,34,1
S01010049,Whole house or bungalow: Detached,5,1,0,1,4,4,0
S01010049,Whole house or bungalow: Semi-detached,12,2,1,1,10,10,0
S01010049,Whole house or bungalow: Terraced (including end-terrace),25,4,2,2,21,20,1
S01010049,Flat maisonette or apartment or mobile/temporary accommodation,353,27,8,19,326,278,48
S01010050,All households,540,57,18,39,483,416,67
S01010050,Whole house or bungalow: Total,58,7,2,5,51,47,4
S01010050,Whole house or bungalow: Detached,4,1,0,1,3,2,1
S01010050,Whole house or bungalow: Semi-detached,28,2,1,1,26,25,1
S01010050,Whole house or bungalow: Terraced (including end-terrace),26,4,1,3,22,20,2
S01010050,Flat maisonette or apartment or mobile/temporary accommodation,482,50,16,34,432,369,63
S01010051,All households,431,81,33,48,350,297,53
S01010051,Whole house or bungalow: Total,50,23,11,12,27,25,2
S01010051,Whole house or bungalow: Detached,6,2,0,2,4,3,1
S01010051,Whole house or bungalow: Semi-detached,8,5,3,2,3,3,0
S01010051,Whole house or bungalow: Terraced (including end-terrace),36,16,8,8,20,19,1
S01010051,Flat maisonette or apartment or mobile/temporary accommodation,381,58,22,36,323,272,51
S01010052,All households,372,92,28,64,280,190,90
S01010052,Whole house or bungalow: Total,38,31,4,27,7,5,2
S01010052,Whole house or bungalow: Detached,3,0,0,0,3,2,1
S01010052,Whole house or bungalow: Semi-detached,6,6,1,5,0,0,0
S01010052,Whole house or bungalow: Terraced (including end-terrace),29,25,3,22,4,3,1
S01010052,Flat maisonette or apartment or mobile/temporary accommodation,334,61,24,37,273,185,88
S01010053,All households,384,81,31,50,303,182,121
S01010053,Whole house or bungalow: Total,114,42,17,25,72,58,14
S01010053,Whole house or bungalow: Detached,3,2,0,2,1,0,1
S01010053,Whole house or bungalow: Semi-detached,17,5,3,2,12,10,2
S01010053,Whole house or bungalow: Terraced (including end-terrace),94,35,14,21,59,48,11
S01010053,Flat maisonette or apartment or mobile/temporary accommodation,270,39,14,25,231,124,107
S01010054,All households,248,17,2,15,231,229,2
S01010054,Whole house or bungalow: Total,182,14,1,13,168,168,0
S01010054,Whole house or bungalow: Detached,10,0,0,0,10,10,0
S01010054,Whole house or bungalow: Semi-detached,69,2,0,2,67,67,0
S01010054,Whole house or bungalow: Terraced (including end-terrace),103,12,1,11,91,91,0
S01010054,Flat maisonette or apartment or mobile/temporary accommodation,66,3,1,2,63,61,2
S01010055,All households,457,184,47,137,273,190,83
S01010055,Whole house or bungalow: Total,135,84,24,60,51,38,13
S01010055,Whole house or bungalow: Detached,12,8,5,3,4,3,1
S01010055,Whole house or bungalow: Semi-detached,25,13,4,9,12,8,4
S01010055,Whole house or bungalow: Terraced (including end-terrace),98,63,15,48,35,27,8
S01010055,Flat maisonette or apartment or mobile/temporary accommodation,322,100,23,77,222,152,70
S01010056,All households,214,25,7,18,189,178,11
S01010056,Whole house or bungalow: Total,56,11,3,8,45,39,6
S01010056,Whole house or bungalow: Detached,5,0,0,0,5,4,1
S01010056,Whole house or bungalow: Semi-detached,29,4,1,3,25,23,2
S01010056,Whole house or bungalow: Terraced (including end-terrace),22,7,2,5,15,12,3
S01010056,Flat maisonette or apartment or mobile/temporary accommodation,158,14,4,10,144,139,5
S01010057,All households,216,79,24,55,137,82,55
S01010057,Whole house or bungalow: Total,18,4,1,3,14,13,1
S01010057,Whole house or bungalow: Detached,4,1,0,1,3,3,0
S01010057,Whole house or bungalow: Semi-detached,12,3,1,2,9,9,0
S01010057,Whole house or bungalow: Terraced (including end-terrace),2,0,0,0,2,1,1
S01010057,Flat maisonette or apartment or mobile/temporary accommodation,198,75,23,52,123,69,54
S01010058,All households,355,120,20,100,235,173,62
S01010058,Whole house or bungalow: Total,188,73,9,64,115,98,17
S01010058,Whole house or bungalow: Detached,11,2,1,1,9,6,3
S01010058,Whole house or bungalow: Semi-detached,68,30,1,29,38,27,11
S01010058,Whole house or bungalow: Terraced (including end-terrace),109,41,7,34,68,65,3
S01010058,Flat maisonette or apartment or mobile/temporary accommodation,167,47,11,36,120,75,45
S01010059,All households,371,168,61,107,203,92,111
S01010059,Whole house or bungalow: Total,39,28,13,15,11,2,9
S01010059,Whole house or bungalow: Detached,15,10,7,3,5,0,5
S01010059,Whole house or bungalow: Semi-detached,18,16,5,11,2,1,1
S01010059,Whole house or bungalow: Terraced (including end-terrace),6,2,1,1,4,1,3
S01010059,Flat maisonette or apartment or mobile/temporary accommodation,332,140,48,92,192,90,102
S01010060,All households,493,135,53,82,358,292,66
S01010060,Whole house or bungalow: Total,95,66,30,36,29,22,7
S01010060,Whole house or bungalow: Detached,11,9,5,4,2,1,1
S01010060,Whole house or bungalow: Semi-detached,42,24,10,14,18,16,2
S01010060,Whole house or bungalow: Terraced (including end-terrace),42,33,15,18,9,5,4
S01010060,Flat maisonette or apartment or mobile/temporary accommodation,398,69,23,46,329,270,59
S01010061,All households,253,157,37,120,96,37,59
S01010061,Whole house or bungalow: Total,103,85,22,63,18,11,7
S01010061,Whole house or bungalow: Detached,1,0,0,0,1,0,1
S01010061,Whole house or bungalow: Semi-detached,72,59,15,44,13,8,5
S01010061,Whole house or bungalow: Terraced (including end-terrace),30,26,7,19,4,3,1
S01010061,Flat maisonette or apartment or mobile/temporary accommodation,150,72,15,57,78,26,52
S01010062,All households,344,135,68,67,209,170,39
S01010062,Whole house or bungalow: Total,98,68,38,30,30,25,5
S01010062,Whole house or bungalow: Detached,6,4,4,0,2,1,1
S01010062,Whole house or bungalow: Semi-detached,74,53,31,22,21,19,2
S01010062,Whole house or bungalow: Terraced (including end-terrace),18,11,3,8,7,5,2
S01010062,Flat maisonette or apartment or mobile/temporary accommodation,246,67,30,37,179,145,34
S01010063,All households,546,132,37,95,414,327,87
S01010063,Whole house or bungalow: Total,26,16,5,11,10,5,5
S01010063,Whole house or bungalow: Detached,4,2,0,2,2,0,2
S01010063,Whole house or bungalow: Semi-detached,11,9,5,4,2,1,1
S01010063,Whole house or bungalow: Terraced (including end-terrace),11,5,0,5,6,4,2
S01010063,Flat maisonette or apartment or mobile/temporary accommodation,520,116,32,84,404,322,82
S01010064,All households,264,114,40,74,150,115,35
S01010064,Whole house or bungalow: Total,86,67,18,49,19,4,15
S01010064,Whole house or bungalow: Detached,4,4,0,4,0,0,0
S01010064,Whole house or bungalow: Semi-detached,34,27,10,17,7,0,7
S01010064,Whole house or bungalow: Terraced (including end-terrace),48,36,8,28,12,4,8
S01010064,Flat maisonette or apartment or mobile/temporary accommodation,178,47,22,25,131,111,20
S01010065,All households,413,158,63,95,255,223,32
S01010065,Whole house or bungalow: Total,117,77,32,45,40,37,3
S01010065,Whole house or bungalow: Detached,5,2,1,1,3,2,1
S01010065,Whole house or bungalow: Semi-detached,66,46,21,25,20,18,2
S01010065,Whole house or bungalow: Terraced (including end-terrace),46,29,10,19,17,17,0
S01010065,Flat maisonette or apartment or mobile/temporary accommodation,296,81,31,50,215,186,29
S01010066,All households,342,112,46,66,230,188,42
S01010066,Whole house or bungalow: Total,160,86,26,60,74,64,10
S01010066,Whole house or bungalow: Detached,5,0,0,0,5,4,1
S01010066,Whole house or bungalow: Semi-detached,75,37,8,29,38,34,4
S01010066,Whole house or bungalow: Terraced (including end-terrace),80,49,18,31,31,26,5
S01010066,Flat maisonette or apartment or mobile/temporary accommodation,182,26,20,6,156,124,32
S01010067,All households,297,45,10,35,252,235,17
S01010067,Whole house or bungalow: Total,35,8,4,4,27,25,2
S01010067,Whole house or bungalow: Detached,4,1,1,0,3,2,1
S01010067,Whole house or bungalow: Semi-detached,14,2,2,0,12,12,0
S01010067,Whole house or bungalow: Terraced (including end-terrace),17,5,1,4,12,11,1
S01010067,Flat maisonette or apartment or mobile/temporary accommodation,262,37,6,31,225,210,15
S01010068,All households,338,100,19,81,238,135,103
S01010068,Whole house or bungalow: Total,115,53,7,46,62,35,27
S01010068,Whole house or bungalow: Detached,9,6,0,6,3,0,3
S01010068,Whole house or bungalow: Semi-detached,20,6,0,6,14,8,6
S01010068,Whole house or bungalow: Terraced (including end-terrace),86,41,7,34,45,27,18
S01010068,Flat maisonette or apartment or mobile/temporary accommodation,223,47,12,35,176,100,76
S01010069,All households,340,294,88,206,46,23,23
S01010069,Whole house or bungalow: Total,262,230,80,150,32,18,14
S01010069,Whole house or bungalow: Detached,37,36,15,21,1,0,1
S01010069,Whole house or bungalow: Semi-detached,166,147,51,96,19,11,8
S01010069,Whole house or bungalow: Terraced (including end-terrace),59,47,14,33,12,7,5
S01010069,Flat maisonette or apartment or mobile/temporary accommodation,78,64,8,56,14,5,9
S01010070,All households,238,217,59,158,21,4,17
S01010070,Whole house or bungalow: Total,228,213,56,157,15,2,13
S01010070,Whole house or bungalow: Detached,62,58,24,34,4,0,4
S01010070,Whole house or bungalow: Semi-detached,162,151,30,121,11,2,9
S01010070,Whole house or bungalow: Terraced (including end-terrace),4,4,2,2,0,0,0
S01010070,Flat maisonette or apartment or mobile/temporary accommodation,10,4,3,1,6,2,4
S01010071,All households,367,251,94,157,116,89,27
S01010071,Whole house or bungalow: Total,236,196,76,120,40,33,7
S01010071,Whole house or bungalow: Detached,18,18,7,11,0,0,0
S01010071,Whole house or bungalow: Semi-detached,170,145,58,87,25,19,6
S01010071,Whole house or bungalow: Terraced (including end-terrace),48,33,11,22,15,14,1
S01010071,Flat maisonette or apartment or mobile/temporary accommodation,131,55,18,37,76,56,20
S01010072,All households,370,268,110,158,102,82,20
S01010072,Whole house or bungalow: Total,194,169,63,106,25,19,6
S01010072,Whole house or bungalow: Detached,10,10,3,7,0,0,0
S01010072,Whole house or bungalow: Semi-detached,153,135,50,85,18,14,4
S01010072,Whole house or bungalow: Terraced (including end-terrace),31,24,10,14,7,5,2
S01010072,Flat maisonette or apartment or mobile/temporary accommodation,176,99,47,52,77,63,14
S01010073,All households,349,299,167,132,50,38,12
S01010073,Whole house or bungalow: Total,249,239,126,113,10,4,6
S01010073,Whole house or bungalow: Detached,2,0,0,0,2,1,1
S01010073,Whole house or bungalow: Semi-detached,239,232,124,108,7,2,5
S01010073,Whole house or bungalow: Terraced (including end-terrace),8,7,2,5,1,1,0
S01010073,Flat maisonette or apartment or mobile/temporary accommodation,100,60,41,19,40,34,6
S01010074,All households,306,282,149,133,24,10,14
S01010074,Whole house or bungalow: Total,263,251,134,117,12,2,10
S01010074,Whole house or bungalow: Detached,48,47,27,20,1,1,0
S01010074,Whole house or bungalow: Semi-detached,132,128,71,57,4,0,4
S01010074,Whole house or bungalow: Terraced (including end-terrace),83,76,36,40,7,1,6
S01010074,Flat maisonette or apartment or mobile/temporary accommodation,43,31,15,16,12,8,4
S01010075,All households,303,207,89,118,96,80,16
S01010075,Whole house or bungalow: Total,292,202,88,114,90,74,16
S01010075,Whole house or bungalow: Detached,4,1,1,0,3,1,2
S01010075,Whole house or bungalow: Semi-detached,56,30,11,19,26,22,4
S01010075,Whole house or bungalow: Terraced (including end-terrace),232,171,76,95,61,51,10
S01010075,Flat maisonette or apartment or mobile/temporary accommodation,11,5,1,4,6,6,0
S01010076,All households,276,188,56,132,88,68,20
S01010076,Whole house or bungalow: Total,259,180,54,126,79,61,18
S01010076,Whole house or bungalow: Detached,2,2,0,2,0,0,0
S01010076,Whole house or bungalow: Semi-detached,61,41,10,31,20,11,9
S01010076,Whole house or bungalow: Terraced (including end-terrace),196,137,44,93,59,50,9
S01010076,Flat maisonette or apartment or mobile/temporary accommodation,17,8,2,6,9,7,2
S01010077,All households,302,137,46,91,165,143,22
S01010077,Whole house or bungalow: Total,143,82,30,52,61,50,11
S01010077,Whole house or bungalow: Detached,10,5,4,1,5,4,1
S01010077,Whole house or bungalow: Semi-detached,54,35,15,20,19,15,4
S01010077,Whole house or bungalow: Terraced (including end-terrace),79,42,11,31,37,31,6
S01010077,Flat maisonette or apartment or mobile/temporary accommodation,159,55,16,39,104,93,11
S01010078,All households,229,208,81,127,21,13,8
S01010078,Whole house or bungalow: Total,218,203,79,124,15,10,5
S01010078,Whole house or bungalow: Detached,97,92,41,51,5,3,2
S01010078,Whole house or bungalow: Semi-detached,78,75,29,46,3,1,2
S01010078,Whole house or bungalow: Terraced (including end-terrace),43,36,9,27,7,6,1
S01010078,Flat maisonette or apartment or mobile/temporary accommodation,11,5,2,3,6,3,3
S01010079,All households,349,320,152,168,29,9,20
S01010079,Whole house or bungalow: Total,300,290,140,150,10,2,8
S01010079,Whole house or bungalow: Detached,192,191,89,102,1,0,1
S01010079,Whole house or bungalow: Semi-detached,83,75,40,35,8,2,6
S01010079,Whole house or bungalow: Terraced (including end-terrace),25,24,11,13,1,0,1
S01010079,Flat maisonette or apartment or mobile/temporary accommodation,49,30,12,18,19,7,12
S01010080,All households,284,269,165,104,15,5,10
S01010080,Whole house or bungalow: Total,269,260,161,99,9,1,8
S01010080,Whole house or bungalow: Detached,52,50,36,14,2,0,2
S01010080,Whole house or bungalow: Semi-detached,197,190,113,77,7,1,6
S01010080,Whole house or bungalow: Terraced (including end-terrace),20,20,12,8,0,0,0
S01010080,Flat maisonette or apartment or mobile/temporary accommodation,15,9,4,5,6,4,2
S01010081,All households,300,271,151,120,29,12,17
S01010081,Whole house or bungalow: Total,265,249,142,107,16,9,7
S01010081,Whole house or bungalow: Detached,102,93,54,39,9,6,3
S01010081,Whole house or bungalow: Semi-detached,131,126,77,49,5,2,3
S01010081,Whole house or bungalow: Terraced (including end-terrace),32,30,11,19,2,1,1
S01010081,Flat maisonette or apartment or mobile/temporary accommodation,35,22,9,13,13,3,10
S01010082,All households,407,314,152,162,93,5,88
S01010082,Whole house or bungalow: Total,203,188,97,91,15,1,14
S01010082,Whole house or bungalow: Detached,87,83,42,41,4,0,4
S01010082,Whole house or bungalow: Semi-detached,104,96,49,47,8,0,8
S01010082,Whole house or bungalow: Terraced (including end-terrace),12,9,6,3,3,1,2
S01010082,Flat maisonette or apartment or mobile/temporary accommodation,204,126,55,71,78,4,74
S01010083,All households,348,218,84,134,130,99,31
S01010083,Whole house or bungalow: Total,272,192,79,113,80,64,16
S01010083,Whole house or bungalow: Detached,5,3,3,0,2,2,0
S01010083,Whole house or bungalow: Semi-detached,53,35,14,21,18,13,5
S01010083,Whole house or bungalow: Terraced (including end-terrace),214,154,62,92,60,49,11
S01010083,Flat maisonette or apartment or mobile/temporary accommodation,76,26,5,21,50,35,15
S01010084,All households,442,250,92,158,192,156,36
S01010084,Whole house or bungalow: Total,320,201,78,123,119,100,19
S01010084,Whole house or bungalow: Detached,5,5,1,4,0,0,0
S01010084,Whole house or bungalow: Semi-detached,71,46,18,28,25,19,6
S01010084,Whole house or bungalow: Terraced (including end-terrace),244,150,59,91,94,81,13
S01010084,Flat maisonette or apartment or mobile/temporary accommodation,122,49,14,35,73,56,17
S01010085,All households,311,287,139,148,24,11,13
S01010085,Whole house or bungalow: Total,300,282,136,146,18,8,10
S01010085,Whole house or bungalow: Detached,24,22,8,14,2,1,1
S01010085,Whole house or bungalow: Semi-detached,219,215,104,111,4,0,4
S01010085,Whole house or bungalow: Terraced (including end-terrace),57,45,24,21,12,7,5
S01010085,Flat maisonette or apartment or mobile/temporary accommodation,11,5,3,2,6,3,3
S01010086,All households,414,224,88,136,190,170,20
S01010086,Whole house or bungalow: Total,311,189,79,110,122,111,11
S01010086,Whole house or bungalow: Detached,8,4,3,1,4,3,1
S01010086,Whole house or bungalow: Semi-detached,75,43,15,28,32,31,1
S01010086,Whole house or bungalow: Terraced (including end-terrace),228,142,61,81,86,77,9
S01010086,Flat maisonette or apartment or mobile/temporary accommodation,103,35,9,26,68,59,9
S01010087,All households,247,235,146,89,12,5,7
S01010087,Whole house or bungalow: Total,245,235,146,89,10,4,6
S01010087,Whole house or bungalow: Detached,20,20,11,9,0,0,0
S01010087,Whole house or bungalow: Semi-detached,219,212,134,78,7,1,6
S01010087,Whole house or bungalow: Terraced (including end-terrace),6,3,1,2,3,3,0
S01010087,Flat maisonette or apartment or mobile/temporary accommodation,2,0,0,0,2,1,1
S01010088,All households,295,246,18,228,49,13,36
S01010088,Whole house or bungalow: Total,241,225,16,209,16,6,10
S01010088,Whole house or bungalow: Detached,212,204,11,193,8,0,8
S01010088,Whole house or bungalow: Semi-detached,24,18,5,13,6,4,2
S01010088,Whole house or bungalow: Terraced (including end-terrace),5,3,0,3,2,2,0
S01010088,Flat maisonette or apartment or mobile/temporary accommodation,54,21,2,19,33,7,26
S01010089,All households,365,206,85,121,159,87,72
S01010089,Whole house or bungalow: Total,119,104,36,68,15,10,5
S01010089,Whole house or bungalow: Detached,28,26,7,19,2,0,2
S01010089,Whole house or bungalow: Semi-detached,66,57,25,32,9,7,2
S01010089,Whole house or bungalow: Terraced (including end-terrace),25,21,4,17,4,3,1
S01010089,Flat maisonette or apartment or mobile/temporary accommodation,246,102,49,53,144,77,67
S01010090,All households,435,313,99,214,122,50,72
S01010090,Whole house or bungalow: Total,307,266,87,179,41,21,20
S01010090,Whole house or bungalow: Detached,133,123,41,82,10,2,8
S01010090,Whole house or bungalow: Semi-detached,122,110,36,74,12,4,8
S01010090,Whole house or bungalow: Terraced (including end-terrace),52,33,10,23,19,15,4
S01010090,Flat maisonette or apartment or mobile/temporary accommodation,128,47,12,35,81,29,52
S01010091,All households,343,204,35,169,139,90,49
S01010091,Whole house or bungalow: Total,214,177,29,148,37,30,7
S01010091,Whole house or bungalow: Detached,111,107,15,92,4,0,4
S01010091,Whole house or bungalow: Semi-detached,76,55,9,46,21,18,3
S01010091,Whole house or bungalow: Terraced (including end-terrace),27,15,5,10,12,12,0
S01010091,Flat maisonette or apartment or mobile/temporary accommodation,129,27,6,21,102,60,42
S01010092,All households,446,215,93,122,231,180,51
S01010092,Whole house or bungalow: Total,222,133,54,79,89,71,18
S01010092,Whole house or bungalow: Detached,13,11,5,6,2,2,0
S01010092,Whole house or bungalow: Semi-detached,67,46,16,30,21,14,7
S01010092,Whole house or bungalow: Terraced (including end-terrace),142,76,33,43,66,55,11
S01010092,Flat maisonette or apartment or mobile/temporary accommodation,224,82,39,43,142,109,33
S01010093,All households,386,295,107,188,91,35,56
S01010093,Whole house or bungalow: Total,187,180,68,112,7,1,6
S01010093,Whole house or bungalow: Detached,8,7,2,5,1,0,1
S01010093,Whole house or bungalow: Semi-detached,111,106,44,62,5,0,5
S01010093,Whole house or bungalow: Terraced (including end-terrace),68,67,22,45,1,1,0
S01010093,Flat maisonette or apartment or mobile/temporary accommodation,199,115,39,76,84,34,50
S01010094,All households,291,239,127,112,52,41,11
S01010094,Whole house or bungalow: Total,273,233,125,108,40,31,9
S01010094,Whole house or bungalow: Detached,25,16,6,10,9,8,1
S01010094,Whole house or bungalow: Semi-detached,172,159,91,68,13,6,7
S01010094,Whole house or bungalow: Terraced (including end-terrace),76,58,28,30,18,17,1
S01010094,Flat maisonette or apartment or mobile/temporary accommodation,18,6,2,4,12,10,2
S01010095,All households,279,272,128,144,7,0,7
S01010095,Whole house or bungalow: Total,273,269,127,142,4,0,4
S01010095,Whole house or bungalow: Detached,21,21,13,8,0,0,0
S01010095,Whole house or bungalow: Semi-detached,184,180,85,95,4,0,4
S01010095,Whole house or bungalow: Terraced (including end-terrace),68,68,29,39,0,0,0
S01010095,Flat maisonette or apartment or mobile/temporary accommodation,6,3,1,2,3,0,3
S01010096,All households,292,277,122,155,15,5,10
S01010096,Whole house or bungalow: Total,264,258,114,144,6,0,6
S01010096,Whole house or bungalow: Detached,53,51,18,33,2,0,2
S01010096,Whole house or bungalow: Semi-detached,88,85,39,46,3,0,3
S01010096,Whole house or bungalow: Terraced (including end-terrace),123,122,57,65,1,0,1
S01010096,Flat maisonette or apartment or mobile/temporary accommodation,28,19,8,11,9,5,4
S01010097,All households,286,233,108,125,53,28,25
S01010097,Whole house or bungalow: Total,261,227,106,121,34,26,8
S01010097,Whole house or bungalow: Detached,24,22,13,9,2,1,1
S01010097,Whole house or bungalow: Semi-detached,220,190,88,102,30,25,5
S01010097,Whole house or bungalow: Terraced (including end-terrace),17,15,5,10,2,0,2
S01010097,Flat maisonette or apartment or mobile/temporary accommodation,25,6,2,4,19,2,17
S01010098,All households,277,269,129,140,8,2,6
S01010098,Whole house or bungalow: Total,272,265,127,138,7,1,6
S01010098,Whole house or bungalow: Detached,9,9,2,7,0,0,0
S01010098,Whole house or bungalow: Semi-detached,225,220,114,106,5,1,4
S01010098,Whole house or bungalow: Terraced (including end-terrace),38,36,11,25,2,0,2
S01010098,Flat maisonette or apartment or mobile/temporary accommodation,5,4,2,2,1,1,0
S01010099,All households,285,267,142,125,18,4,14
S01010099,Whole house or bungalow: Total,279,266,141,125,13,1,12
S01010099,Whole house or bungalow: Detached,39,35,22,13,4,0,4
S01010099,Whole house or bungalow: Semi-detached,223,217,110,107,6,0,6
S01010099,Whole house or bungalow: Terraced (including end-terrace),17,14,9,5,3,1,2
S01010099,Flat maisonette or apartment or mobile/temporary accommodation,6,1,1,0,5,3,2
S01010100,All households,382,341,150,191,41,23,18
S01010100,Whole house or bungalow: Total,354,324,144,180,30,16,14
S01010100,Whole house or bungalow: Detached,127,120,49,71,7,0,7
S01010100,Whole house or bungalow: Semi-detached,218,196,93,103,22,15,7
S01010100,Whole house or bungalow: Terraced (including end-terrace),9,8,2,6,1,1,0
S01010100,Flat maisonette or apartment or mobile/temporary accommodation,28,17,6,11,11,7,4
S01010101,All households,299,264,120,144,35,10,25
S01010101,Whole house or bungalow: Total,278,250,117,133,28,6,22
S01010101,Whole house or bungalow: Detached,104,97,46,51,7,0,7
S01010101,Whole house or bungalow: Semi-detached,138,120,53,67,18,6,12
S01010101,Whole house or bungalow: Terraced (including end-terrace),36,33,18,15,3,0,3
S01010101,Flat maisonette or apartment or mobile/temporary accommodation,21,14,3,11,7,4,3
S01010102,All households,324,298,60,238,26,9,17
S01010102,Whole house or bungalow: Total,307,292,58,234,15,2,13
S01010102,Whole house or bungalow: Detached,108,105,23,82,3,1,2
S01010102,Whole house or bungalow: Semi-detached,136,130,28,102,6,1,5
S01010102,Whole house or bungalow: Terraced (including end-terrace),63,57,7,50,6,0,6
S01010102,Flat maisonette or apartment or mobile/temporary accommodation,17,6,2,4,11,7,4
S01010103,All households,355,331,67,264,24,3,21
S01010103,Whole house or bungalow: Total,336,318,65,253,18,0,18
S01010103,Whole house or bungalow: Detached,83,80,22,58,3,0,3
S01010103,Whole house or bungalow: Semi-detached,194,181,31,150,13,0,13
S01010103,Whole house or bungalow: Terraced (including end-terrace),59,57,12,45,2,0,2
S01010103,Flat maisonette or apartment or mobile/temporary accommodation,19,13,2,11,6,3,3
S01010104,All households,267,244,33,211,23,5,18
S01010104,Whole house or bungalow: Total,241,229,28,201,12,3,9
S01010104,Whole house or bungalow: Detached,63,60,6,54,3,0,3
S01010104,Whole house or bungalow: Semi-detached,110,105,16,89,5,2,3
S01010104,Whole house or bungalow: Terraced (including end-terrace),68,64,6,58,4,1,3
S01010104,Flat maisonette or apartment or mobile/temporary accommodation,26,15,5,10,11,2,9
S01010105,All households,165,48,12,36,117,85,32
S01010105,Whole house or bungalow: Total,76,11,1,10,65,58,7
S01010105,Whole house or bungalow: Detached,5,1,0,1,4,2,2
S01010105,Whole house or bungalow: Semi-detached,50,7,1,6,43,42,1
S01010105,Whole house or bungalow: Terraced (including end-terrace),21,3,0,3,18,14,4
S01010105,Flat maisonette or apartment or mobile/temporary accommodation,89,37,11,26,52,27,25
S01010106,All households,219,81,39,42,138,128,10
S01010106,Whole house or bungalow: Total,105,75,37,38,30,23,7
S01010106,Whole house or bungalow: Detached,2,2,1,1,0,0,0
S01010106,Whole house or bungalow: Semi-detached,70,51,27,24,19,15,4
S01010106,Whole house or bungalow: Terraced (including end-terrace),33,22,9,13,11,8,3
S01010106,Flat maisonette or apartment or mobile/temporary accommodation,114,6,2,4,108,105,3
S01010107,All households,404,149,25,124,255,159,96
S01010107,Whole house or bungalow: Total,66,12,4,8,54,48,6
S01010107,Whole house or bungalow: Detached,6,1,1,0,5,3,2
S01010107,Whole house or bungalow: Semi-detached,25,5,1,4,20,20,0
S01010107,Whole house or bungalow: Terraced (including end-terrace),35,6,2,4,29,25,4
S01010107,Flat maisonette or apartment or mobile/temporary accommodation,338,137,21,116,201,111,90
S01010108,All households,374,199,41,158,175,152,23
S01010108,Whole house or bungalow: Total,246,177,35,142,69,54,15
S01010108,Whole house or bungalow: Detached,2,1,0,1,1,1,0
S01010108,Whole house or bungalow: Semi-detached,54,40,3,37,14,11,3
S01010108,Whole house or bungalow: Terraced (including end-terrace),190,136,32,104,54,42,12
S01010108,Flat maisonette or apartment or mobile/temporary accommodation,128,22,6,16,106,98,8
S01010109,All households,326,160,37,123,166,84,82
S01010109,Whole house or bungalow: Total,87,49,7,42,38,32,6
S01010109,Whole house or bungalow: Detached,44,28,6,22,16,12,4
S01010109,Whole house or bungalow: Semi-detached,32,18,1,17,14,14,0
S01010109,Whole house or bungalow: Terraced (including end-terrace),11,3,0,3,8,6,2
S01010109,Flat maisonette or apartment or mobile/temporary accommodation,239,111,30,81,128,52,76
S01010110,All households,431,97,46,51,334,313,21
S01010110,Whole house or bungalow: Total,129,54,26,28,75,69,6
S01010110,Whole house or bungalow: Detached,8,2,1,1,6,5,1
S01010110,Whole house or bungalow: Semi-detached,96,46,22,24,50,45,5
S01010110,Whole house or bungalow: Terraced (including end-terrace),25,6,3,3,19,19,0
S01010110,Flat maisonette or apartment or mobile/temporary accommodation,302,43,20,23,259,244,15
S01010111,All households,446,52,15,37,394,378,16
S01010111,Whole house or bungalow: Total,174,32,9,23,142,140,2
S01010111,Whole house or bungalow: Detached,12,2,0,2,10,9,1
S01010111,Whole house or bungalow: Semi-detached,99,17,4,13,82,81,1
S01010111,Whole house or bungalow: Terraced (including end-terrace),63,13,5,8,50,50,0
S01010111,Flat maisonette or apartment or mobile/temporary accommodation,272,20,6,14,252,238,14
S01010112,All households,419,33,5,28,386,383,3
S01010112,Whole house or bungalow: Total,208,18,0,18,190,189,1
S01010112,Whole house or bungalow: Detached,13,1,0,1,12,12,0
S01010112,Whole house or bungalow: Semi-detached,144,8,0,8,136,135,1
S01010112,Whole house or bungalow: Terraced (including end-terrace),51,9,0,9,42,42,0
S01010112,Flat maisonette or apartment or mobile/temporary accommodation,211,15,5,10,196,194,2
S01010113,All households,244,57,12,45,187,153,34
S01010113,Whole house or bungalow: Total,25,5,0,5,20,17,3
S01010113,Whole house or bungalow: Detached,1,0,0,0,1,1,0
S01010113,Whole house or bungalow: Semi-detached,10,2,0,2,8,7,1
S01010113,Whole house or bungalow: Terraced (including end-terrace),14,3,0,3,11,9,2
S01010113,Flat maisonette or apartment or mobile/temporary accommodation,219,52,12,40,167,136,31
S01010114,All households,366,31,11,20,335,330,5
S01010114,Whole house or bungalow: Total,80,12,5,7,68,68,0
S01010114,Whole house or bungalow: Detached,6,0,0,0,6,6,0
S01010114,Whole house or bungalow: Semi-detached,42,9,4,5,33,33,0
S01010114,Whole house or bungalow: Terraced (including end-terrace),32,3,1,2,29,29,0
S01010114,Flat maisonette or apartment or mobile/temporary accommodation,286,19,6,13,267,262,5
S01010115,All households,230,175,37,138,55,29,26
S01010115,Whole house or bungalow: Total,201,161,35,126,40,23,17
S01010115,Whole house or bungalow: Detached,6,2,0,2,4,4,0
S01010115,Whole house or bungalow: Semi-detached,134,116,17,99,18,3,15
S01010115,Whole house or bungalow: Terraced (including end-terrace),61,43,18,25,18,16,2
S01010115,Flat maisonette or apartment or mobile/temporary accommodation,29,14,2,12,15,6,9
S01010116,All households,397,283,35,248,114,47,67
S01010116,Whole house or bungalow: Total,294,229,33,196,65,39,26
S01010116,Whole house or bungalow: Detached,50,39,4,35,11,1,10
S01010116,Whole house or bungalow: Semi-detached,151,116,17,99,35,22,13
S01010116,Whole house or bungalow: Terraced (including end-terrace),93,74,12,62,19,16,3
S01010116,Flat maisonette or apartment or mobile/temporary accommodation,103,54,2,52,49,8,41
S01010117,All households,261,194,20,174,67,44,23
S01010117,Whole house or bungalow: Total,181,163,13,150,18,5,13
S01010117,Whole house or bungalow: Detached,96,86,6,80,10,3,7
S01010117,Whole house or bungalow: Semi-detached,48,43,4,39,5,1,4
S01010117,Whole house or bungalow: Terraced (including end-terrace),37,34,3,31,3,1,2
S01010117,Flat maisonette or apartment or mobile/temporary accommodation,80,31,7,24,49,39,10
S01010118,All households,277,20,12,8,257,249,8
S01010118,Whole house or bungalow: Total,110,7,3,4,103,101,2
S01010118,Whole house or bungalow: Detached,14,1,1,0,13,13,0
S01010118,Whole house or bungalow: Semi-detached,46,2,0,2,44,42,2
S01010118,Whole house or bungalow: Terraced (including end-terrace),50,4,2,2,46,46,0
S01010118,Flat maisonette or apartment or mobile/temporary accommodation,167,13,9,4,154,148,6
S01010119,All households,209,31,1,30,178,170,8
S01010119,Whole house or bungalow: Total,149,31,1,30,118,113,5
S01010119,Whole house or bungalow: Detached,11,0,0,0,11,11,0
S01010119,Whole house or bungalow: Semi-detached,85,25,1,24,60,56,4
S01010119,Whole house or bungalow: Terraced (including end-terrace),53,6,0,6,47,46,1
S01010119,Flat maisonette or apartment or mobile/temporary accommodation,60,0,0,0,60,57,3
S01010120,All households,444,53,8,45,391,380,11
S01010120,Whole house or bungalow: Total,189,45,7,38,144,137,7
S01010120,Whole house or bungalow: Detached,14,2,1,1,12,10,2
S01010120,Whole house or bungalow: Semi-detached,97,25,1,24,72,69,3
S01010120,Whole house or bungalow: Terraced (including end-terrace),78,18,5,13,60,58,2
S01010120,Flat maisonette or apartment or mobile/temporary accommodation,255,8,1,7,247,243,4
S01010121,All households,321,25,6,19,296,289,7
S01010121,Whole house or bungalow: Total,92,15,3,12,77,76,1
S01010121,Whole house or bungalow: Detached,2,1,1,0,1,1,0
S01010121,Whole house or bungalow: Semi-detached,43,12,2,10,31,31,0
S01010121,Whole house or bungalow: Terraced (including end-terrace),47,2,0,2,45,44,1
S01010121,Flat maisonette or apartment or mobile/temporary accommodation,229,10,3,7,219,213,6
S01010122,All households,198,21,14,7,177,168,9
S01010122,Whole house or bungalow: Total,95,3,2,1,92,91,1
S01010122,Whole house or bungalow: Detached,7,0,0,0,7,7,0
S01010122,Whole house or bungalow: Semi-detached,66,1,1,0,65,65,0
S01010122,Whole house or bungalow: Terraced (including end-terrace),22,2,1,1,20,19,1
S01010122,Flat maisonette or apartment or mobile/temporary accommodation,103,18,12,6,85,77,8
S01010123,All households,299,38,12,26,261,250,11
S01010123,Whole house or bungalow: Total,84,22,7,15,62,59,3
S01010123,Whole house or bungalow: Detached,4,0,0,0,4,4,0
S01010123,Whole house or bungalow: Semi-detached,50,12,2,10,38,35,3
S01010123,Whole house or bungalow: Terraced (including end-terrace),30,10,5,5,20,20,0
S01010123,Flat maisonette or apartment or mobile/temporary accommodation,215,16,5,11,199,191,8
S01010124,All households,293,204,37,167,89,26,63
S01010124,Whole house or bungalow: Total,11,4,0,4,7,4,3
S01010124,Whole house or bungalow: Detached,1,0,0,0,1,0,1
S01010124,Whole house or bungalow: Semi-detached,2,1,0,1,1,1,0
S01010124,Whole house or bungalow: Terraced (including end-terrace),8,3,0,3,5,3,2
S01010124,Flat maisonette or apartment or mobile/temporary accommodation,282,200,37,163,82,22,60
S01010125,All households,242,81,19,62,161,150,11
S01010125,Whole house or bungalow: Total,80,51,7,44,29,26,3
S01010125,Whole house or bungalow: Detached,7,3,0,3,4,3,1
S01010125,Whole house or bungalow: Semi-detached,46,28,6,22,18,17,1
S01010125,Whole house or bungalow: Terraced (including end-terrace),27,20,1,19,7,6,1
S01010125,Flat maisonette or apartment or mobile/temporary accommodation,162,30,12,18,132,124,8
S01010126,All households,312,194,42,152,118,101,17
S01010126,Whole house or bungalow: Total,246,183,42,141,63,51,12
S01010126,Whole house or bungalow: Detached,37,28,8,20,9,8,1
S01010126,Whole house or bungalow: Semi-detached,76,60,9,51,16,10,6
S01010126,Whole house or bungalow: Terraced (including end-terrace),133,95,25,70,38,33,5
S01010126,Flat maisonette or apartment or mobile/temporary accommodation,66,11,0,11,55,50,5
S01010127,All households,296,114,47,67,182,171,11
S01010127,Whole house or bungalow: Total,218,105,46,59,113,102,11
S01010127,Whole house or bungalow: Detached,5,1,0,1,4,3,1
S01010127,Whole house or bungalow: Semi-detached,80,30,15,15,50,49,1
S01010127,Whole house or bungalow: Terraced (including end-terrace),133,74,31,43,59,50,9
S01010127,Flat maisonette or apartment or mobile/temporary accommodation,78,9,1,8,69,69,0
S01010128,All households,214,22,1,21,192,188,4
S01010128,Whole house or bungalow: Total,18,6,0,6,12,11,1
S01010128,Whole house or bungalow: Detached,0,0,0,0,0,0,0
S01010128,Whole house or bungalow: Semi-detached,3,1,0,1,2,2,0
S01010128,Whole house or bungalow: Terraced (including end-terrace),15,5,0,5,10,9,1
S01010128,Flat maisonette or apartment or mobile/temporary accommodation,196,16,1,15,180,177,3
S01010129,All households,350,45,12,33,305,289,16
S01010129,Whole house or bungalow: Total,40,11,1,10,29,27,2
S01010129,Whole house or bungalow: Detached,1,0,0,0,1,1,0
S01010129,Whole house or bungalow: Semi-detached,23,8,1,7,15,13,2
S01010129,Whole house or bungalow: Terraced (including end-terrace),16,3,0,3,13,13,0
S01010129,Flat maisonette or apartment or mobile/temporary accommodation,310,34,11,23,276,262,14
S01010130,All households,206,46,12,34,160,155,5
S01010130,Whole house or bungalow: Total,48,28,10,18,20,19,1
S01010130,Whole house or bungalow: Detached,2,1,0,1,1,0,1
S01010130,Whole house or bungalow: Semi-detached,13,9,2,7,4,4,0
S01010130,Whole house or bungalow: Terraced (including end-terrace),33,18,8,10,15,15,0
S01010130,Flat maisonette or apartment or mobile/temporary accommodation,158,18,2,16,140,136,4
S01010131,All households,376,355,165,190,21,5,16
S01010131,Whole house or bungalow: Total,327,317,136,181,10,1,9
S01010131,Whole house or bungalow: Detached,122,120,59,61,2,0,2
S01010131,Whole house or bungalow: Semi-detached,185,179,71,108,6,0,6
S01010131,Whole house or bungalow: Terraced (including end-terrace),20,18,6,12,2,1,1
S01010131,Flat maisonette or apartment or mobile/temporary accommodation,49,38,29,9,11,4,7
S01010132,All households,497,172,96,76,325,279,46
S01010132,Whole house or bungalow: Total,171,102,58,44,69,60,9
S01010132,Whole house or bungalow: Detached,8,3,2,1,5,4,1
S01010132,Whole house or bungalow: Semi-detached,49,24,13,11,25,22,3
S01010132,Whole house or bungalow: Terraced (including end-terrace),114,75,43,32,39,34,5
S01010132,Flat maisonette or apartment or mobile/temporary accommodation,326,70,38,32,256,219,37
S01010133,All households,380,135,58,77,245,225,20
S01010133,Whole house or bungalow: Total,172,99,43,56,73,65,8
S01010133,Whole house or bungalow: Detached,3,2,0,2,1,1,0
S01010133,Whole house or bungalow: Semi-detached,37,22,10,12,15,13,2
S01010133,Whole house or bungalow: Terraced (including end-terrace),132,75,33,42,57,51,6
S01010133,Flat maisonette or apartment or mobile/temporary accommodation,208,36,15,21,172,160,12
S01010134,All households,551,269,126,143,282,223,59
S01010134,Whole house or bungalow: Total,170,126,61,65,44,35,9
S01010134,Whole house or bungalow: Detached,14,8,3,5,6,4,2
S01010134,Whole house or bungalow: Semi-detached,61,41,23,18,20,18,2
S01010134,Whole house or bungalow: Terraced (including end-terrace),95,77,35,42,18,13,5
S01010134,Flat maisonette or apartment or mobile/temporary accommodation,381,143,65,78,238,188,50
S01010135,All households,365,196,102,94,169,146,23
S01010135,Whole house or bungalow: Total,213,136,61,75,77,66,11
S01010135,Whole house or bungalow: Detached,6,1,0,1,5,4,1
S01010135,Whole house or bungalow: Semi-detached,119,81,43,38,38,33,5
S01010135,Whole house or bungalow: Terraced (including end-terrace),88,54,18,36,34,29,5
S01010135,Flat maisonette or apartment or mobile/temporary accommodation,152,60,41,19,92,80,12
S01010136,All households,367,259,108,151,108,56,52
S01010136,Whole house or bungalow: Total,265,208,90,118,57,41,16
S01010136,Whole house or bungalow: Detached,18,15,5,10,3,2,1
S01010136,Whole house or bungalow: Semi-detached,99,78,39,39,21,16,5
S01010136,Whole house or bungalow: Terraced (including end-terrace),148,115,46,69,33,23,10
S01010136,Flat maisonette or apartment or mobile/temporary accommodation,102,51,18,33,51,15,36
S01010137,All households,583,304,141,163,279,192,87
S01010137,Whole house or bungalow: Total,39,20,11,9,19,17,2
S01010137,Whole house or bungalow: Detached,6,4,2,2,2,1,1
S01010137,Whole house or bungalow: Semi-detached,15,10,4,6,5,4,1
S01010137,Whole house or bungalow: Terraced (including end-terrace),18,6,5,1,12,12,0
S01010137,Flat maisonette or apartment or mobile/temporary accommodation,544,284,130,154,260,175,85
S01010138,All households,660,106,63,43,554,535,19
S01010138,Whole house or bungalow: Total,107,72,41,31,35,28,7
S01010138,Whole house or bungalow: Detached,9,7,4,3,2,2,0
S01010138,Whole house or bungalow: Semi-detached,56,45,27,18,11,10,1
S01010138,Whole house or bungalow: Terraced (including end-terrace),42,20,10,10,22,16,6
S01010138,Flat maisonette or apartment or mobile/temporary accommodation,553,34,22,12,519,507,12
S01010139,All households,552,237,111,126,315,249,66
S01010139,Whole house or bungalow: Total,112,80,39,41,32,25,7
S01010139,Whole house or bungalow: Detached,9,6,5,1,3,2,1
S01010139,Whole house or bungalow: Semi-detached,78,61,30,31,17,14,3
S01010139,Whole house or bungalow: Terraced (including end-terrace),25,13,4,9,12,9,3
S01010139,Flat maisonette or apartment or mobile/temporary accommodation,440,157,72,85,283,224,59
S01010140,All households,384,227,44,183,157,20,137
S01010140,Whole house or bungalow: Total,123,102,24,78,21,3,18
S01010140,Whole house or bungalow: Detached,10,10,3,7,0,0,0
S01010140,Whole house or bungalow: Semi-detached,76,65,17,48,11,3,8
S01010140,Whole house or bungalow: Terraced (including end-terrace),37,27,4,23,10,0,10
S01010140,Flat maisonette or apartment or mobile/temporary accommodation,261,125,20,105,136,17,119
S01010141,All households,447,78,24,54,369,323,46
S01010141,Whole house or bungalow: Total,25,7,5,2,18,16,2
S01010141,Whole house or bungalow: Detached,2,1,1,0,1,1,0
S01010141,Whole house or bungalow: Semi-detached,6,1,0,1,5,3,2
S01010141,Whole house or bungalow: Terraced (including end-terrace),17,5,4,1,12,12,0
S01010141,Flat maisonette or apartment or mobile/temporary accommodation,422,71,19,52,351,307,44
S01010142,All households,288,127,44,83,161,118,43
S01010142,Whole house or bungalow: Total,81,57,26,31,24,18,6
S01010142,Whole house or bungalow: Detached,4,2,1,1,2,2,0
S01010142,Whole house or bungalow: Semi-detached,53,45,22,23,8,5,3
S01010142,Whole house or bungalow: Terraced (including end-terrace),24,10,3,7,14,11,3
S01010142,Flat maisonette or apartment or mobile/temporary accommodation,207,70,18,52,137,100,37
S01010143,All households,391,207,88,119,184,158,26
S01010143,Whole house or bungalow: Total,199,99,36,63,100,86,14
S01010143,Whole house or bungalow: Detached,1,0,0,0,1,1,0
S01010143,Whole house or bungalow: Semi-detached,59,29,11,18,30,24,6
S01010143,Whole house or bungalow: Terraced (including end-terrace),139,70,25,45,69,61,8
S01010143,Flat maisonette or apartment or mobile/temporary accommodation,192,108,52,56,84,72,12
S01010144,All households,372,128,36,92,244,160,84
S01010144,Whole house or bungalow: Total,53,40,20,20,13,3,10
S01010144,Whole house or bungalow: Detached,11,8,5,3,3,0,3
S01010144,Whole house or bungalow: Semi-detached,31,24,10,14,7,1,6
S01010144,Whole house or bungalow: Terraced (including end-terrace),11,8,5,3,3,2,1
S01010144,Flat maisonette or apartment or mobile/temporary accommodation,319,88,16,72,231,157,74
S01010145,All households,397,182,79,103,215,108,107
S01010145,Whole house or bungalow: Total,130,110,51,59,20,5,15
S01010145,Whole house or bungalow: Detached,23,15,5,10,8,1,7
S01010145,Whole house or bungalow: Semi-detached,55,49,23,26,6,2,4
S01010145,Whole house or bungalow: Terraced (including end-terrace),52,46,23,23,6,2,4
S01010145,Flat maisonette or apartment or mobile/temporary accommodation,267,72,28,44,195,103,92
S01010146,All households,406,97,23,74,309,262,47
S01010146,Whole house or bungalow: Total,78,46,11,35,32,23,9
S01010146,Whole house or bungalow: Detached,5,1,0,1,4,2,2
S01010146,Whole house or bungalow: Semi-detached,42,34,9,25,8,2,6
S01010146,Whole house or bungalow: Terraced (including end-terrace),31,11,2,9,20,19,1
S01010146,Flat maisonette or apartment or mobile/temporary accommodation,328,51,12,39,277,239,38
S01010147,All households,494,78,14,64,416,351,65
S01010147,Whole house or bungalow: Total,32,8,2,6,24,17,7
S01010147,Whole house or bungalow: Detached,8,2,1,1,6,2,4
S01010147,Whole house or bungalow: Semi-detached,6,3,0,3,3,3,0
S01010147,Whole house or bungalow: Terraced (including end-terrace),18,3,1,2,15,12,3
S01010147,Flat maisonette or apartment or mobile/temporary accommodation,462,70,12,58,392,334,58
S01010148,All households,356,104,42,62,252,200,52
S01010148,Whole house or bungalow: Total,41,14,6,8,27,21,6
S01010148,Whole house or bungalow: Detached,10,3,2,1,7,4,3
S01010148,Whole house or bungalow: Semi-detached,17,6,3,3,11,9,2
S01010148,Whole house or bungalow: Terraced (including end-terrace),14,5,1,4,9,8,1
S01010148,Flat maisonette or apartment or mobile/temporary accommodation,315,90,36,54,225,179,46
S01010149,All households,231,147,23,124,84,32,52
S01010149,Whole house or bungalow: Total,135,103,4,99,32,20,12
S01010149,Whole house or bungalow: Detached,25,24,1,23,1,0,1
S01010149,Whole house or bungalow: Semi-detached,41,24,2,22,17,10,7
S01010149,Whole house or bungalow: Terraced (including end-terrace),69,55,1,54,14,10,4
S01010149,Flat maisonette or apartment or mobile/temporary accommodation,96,44,19,25,52,12,40
S01010150,All households,325,125,75,50,200,164,36
S01010150,Whole house or bungalow: Total,74,28,14,14,46,38,8
S01010150,Whole house or bungalow: Detached,1,0,0,0,1,1,0
S01010150,Whole house or bungalow: Semi-detached,58,19,10,9,39,31,8
S01010150,Whole house or bungalow: Terraced (including end-terrace),15,9,4,5,6,6,0
S01010150,Flat maisonette or apartment or mobile/temporary accommodation,251,97,61,36,154,126,28
S01010151,All households,329,123,69,54,206,194,12
S01010151,Whole house or bungalow: Total,85,34,21,13,51,48,3
S01010151,Whole house or bungalow: Detached,3,2,1,1,1,1,0
S01010151,Whole house or bungalow: Semi-detached,72,27,19,8,45,42,3
S01010151,Whole house or bungalow: Terraced (including end-terrace),10,5,1,4,5,5,0
S01010151,Flat maisonette or apartment or mobile/temporary accommodation,244,89,48,41,155,146,9
S01010152,All households,425,259,118,141,166,104,62
S01010152,Whole house or bungalow: Total,122,95,47,48,27,16,11
S01010152,Whole house or bungalow: Detached,2,1,0,1,1,1,0
S01010152,Whole house or bungalow: Semi-detached,109,87,46,41,22,13,9
S01010152,Whole house or bungalow: Terraced (including end-terrace),11,7,1,6,4,2,2
S01010152,Flat maisonette or apartment or mobile/temporary accommodation,303,164,71,93,139,88,51
S01010153,All households,491,237,100,137,254,205,49
S01010153,Whole house or bungalow: Total,126,102,43,59,24,18,6
S01010153,Whole house or bungalow: Detached,8,6,3,3,2,1,1
S01010153,Whole house or bungalow: Semi-detached,110,90,37,53,20,16,4
S01010153,Whole house or bungalow: Terraced (including end-terrace),8,6,3,3,2,1,1
S01010153,Flat maisonette or apartment or mobile/temporary accommodation,365,135,57,78,230,187,43
S01010154,All households,432,251,150,101,181,144,37
S01010154,Whole house or bungalow: Total,147,97,55,42,50,45,5
S01010154,Whole house or bungalow: Detached,3,2,1,1,1,1,0
S01010154,Whole house or bungalow: Semi-detached,106,73,44,29,33,29,4
S01010154,Whole house or bungalow: Terraced (including end-terrace),38,22,10,12,16,15,1
S01010154,Flat maisonette or apartment or mobile/temporary accommodation,285,154,95,59,131,99,32
S01010155,All households,362,208,112,96,154,132,22
S01010155,Whole house or bungalow: Total,159,108,58,50,51,47,4
S01010155,Whole house or bungalow: Detached,3,2,1,1,1,0,1
S01010155,Whole house or bungalow: Semi-detached,141,95,53,42,46,43,3
S01010155,Whole house or bungalow: Terraced (including end-terrace),15,11,4,7,4,4,0
S01010155,Flat maisonette or apartment or mobile/temporary accommodation,203,100,54,46,103,85,18
S01010156,All households,281,111,57,54,170,158,12
S01010156,Whole house or bungalow: Total,91,38,22,16,53,51,2
S01010156,Whole house or bungalow: Detached,5,0,0,0,5,5,0
S01010156,Whole house or bungalow: Semi-detached,71,32,16,16,39,37,2
S01010156,Whole house or bungalow: Terraced (including end-terrace),15,6,6,0,9,9,0
S01010156,Flat maisonette or apartment or mobile/temporary accommodation,190,73,35,38,117,107,10
S01010157,All households,267,43,27,16,224,219,5
S01010157,Whole house or bungalow: Total,176,37,24,13,139,138,1
S01010157,Whole house or bungalow: Detached,10,1,1,0,9,9,0
S01010157,Whole house or bungalow: Semi-detached,82,9,4,5,73,72,1
S01010157,Whole house or bungalow: Terraced (including end-terrace),84,27,19,8,57,57,0
S01010157,Flat maisonette or apartment or mobile/temporary accommodation,91,6,3,3,85,81,4
S01010158,All households,461,271,121,150,190,138,52
S01010158,Whole house or bungalow: Total,167,116,52,64,51,42,9
S01010158,Whole house or bungalow: Detached,6,3,1,2,3,3,0
S01010158,Whole house or bungalow: Semi-detached,101,70,34,36,31,28,3
S01010158,Whole house or bungalow: Terraced (including end-terrace),60,43,17,26,17,11,6
S01010158,Flat maisonette or apartment or mobile/temporary accommodation,294,155,69,86,139,96,43
S01010159,All households,353,186,98,88,167,143,24
S01010159,Whole house or bungalow: Total,241,162,86,76,79,72,7
S01010159,Whole house or bungalow: Detached,9,3,1,2,6,4,2
S01010159,Whole house or bungalow: Semi-detached,211,147,80,67,64,61,3
S01010159,Whole house or bungalow: Terraced (including end-terrace),21,12,5,7,9,7,2
S01010159,Flat maisonette or apartment or mobile/temporary accommodation,112,24,12,12,88,71,17
S01010160,All households,308,18,6,12,290,281,9
S01010160,Whole house or bungalow: Total,14,6,3,3,8,8,0
S01010160,Whole house or bungalow: Detached,3,2,1,1,1,1,0
S01010160,Whole house or bungalow: Semi-detached,9,3,1,2,6,6,0
S01010160,Whole house or bungalow: Terraced (including end-terrace),2,1,1,0,1,1,0
S01010160,Flat maisonette or apartment or mobile/temporary accommodation,294,12,3,9,282,273,9
S01010161,All households,259,112,12,100,147,143,4
S01010161,Whole house or bungalow: Total,151,107,10,97,44,42,2
S01010161,Whole house or bungalow: Detached,10,8,0,8,2,2,0
S01010161,Whole house or bungalow: Semi-detached,112,75,7,68,37,35,2
S01010161,Whole house or bungalow: Terraced (including end-terrace),29,24,3,21,5,5,0
S01010161,Flat maisonette or apartment or mobile/temporary accommodation,108,5,2,3,103,101,2
S01010162,All households,360,35,12,23,325,319,6
S01010162,Whole house or bungalow: Total,12,3,0,3,9,9,0
S01010162,Whole house or bungalow: Detached,1,0,0,0,1,1,0
S01010162,Whole house or bungalow: Semi-detached,3,1,0,1,2,2,0
S01010162,Whole house or bungalow: Terraced (including end-terrace),8,2,0,2,6,6,0
S01010162,Flat maisonette or apartment or mobile/temporary accommodation,348,32,12,20,316,310,6
S01010163,All households,239,92,41,51,147,139,8
S01010163,Whole house or bungalow: Total,119,40,8,32,79,77,2
S01010163,Whole house or bungalow: Detached,2,1,0,1,1,1,0
S01010163,Whole house or bungalow: Semi-detached,108,32,4,28,76,74,2
S01010163,Whole house or bungalow: Terraced (including end-terrace),9,7,4,3,2,2,0
S01010163,Flat maisonette or apartment or mobile/temporary accommodation,120,52,33,19,68,62,6
S01010164,All households,282,138,48,90,144,126,18
S01010164,Whole house or bungalow: Total,214,128,46,82,86,70,16
S01010164,Whole house or bungalow: Detached,6,4,1,3,2,2,0
S01010164,Whole house or bungalow: Semi-detached,200,121,44,77,79,65,14
S01010164,Whole house or bungalow: Terraced (including end-terrace),8,3,1,2,5,3,2
S01010164,Flat maisonette or apartment or mobile/temporary accommodation,68,10,2,8,58,56,2
S01010165,All households,275,64,43,21,211,204,7
S01010165,Whole house or bungalow: Total,52,24,15,9,28,26,2
S01010165,Whole house or bungalow: Detached,2,1,1,0,1,0,1
S01010165,Whole house or bungalow: Semi-detached,42,20,13,7,22,21,1
S01010165,Whole house or bungalow: Terraced (including end-terrace),8,3,1,2,5,5,0
S01010165,Flat maisonette or apartment or mobile/temporary accommodation,223,40,28,12,183,178,5
S01010166,All households,347,168,54,114,179,159,20
S01010166,Whole house or bungalow: Total,276,158,49,109,118,100,18
S01010166,Whole house or bungalow: Detached,10,5,0,5,5,4,1
S01010166,Whole house or bungalow: Semi-detached,23,11,5,6,12,9,3
S01010166,Whole house or bungalow: Terraced (including end-terrace),243,142,44,98,101,87,14
S01010166,Flat maisonette or apartment or mobile/temporary accommodation,71,10,5,5,61,59,2
S01010167,All households,472,171,81,90,301,260,41
S01010167,Whole house or bungalow: Total,230,130,60,70,100,81,19
S01010167,Whole house or bungalow: Detached,5,3,0,3,2,1,1
S01010167,Whole house or bungalow: Semi-detached,12,8,5,3,4,3,1
S01010167,Whole house or bungalow: Terraced (including end-terrace),213,119,55,64,94,77,17
S01010167,Flat maisonette or apartment or mobile/temporary accommodation,242,41,21,20,201,179,22
S01010168,All households,236,112,30,82,124,93,31
S01010168,Whole house or bungalow: Total,98,63,10,53,35,20,15
S01010168,Whole house or bungalow: Detached,15,11,3,8,4,0,4
S01010168,Whole house or bungalow: Semi-detached,56,38,7,31,18,12,6
S01010168,Whole house or bungalow: Terraced (including end-terrace),27,14,0,14,13,8,5
S01010168,Flat maisonette or apartment or mobile/temporary accommodation,138,49,20,29,89,73,16
S01010169,All households,367,130,38,92,237,187,50
S01010169,Whole house or bungalow: Total,127,94,24,70,33,18,15
S01010169,Whole house or bungalow: Detached,2,1,0,1,1,0,1
S01010169,Whole house or bungalow: Semi-detached,52,39,3,36,13,4,9
S01010169,Whole house or bungalow: Terraced (including end-terrace),73,54,21,33,19,14,5
S01010169,Flat maisonette or apartment or mobile/temporary accommodation,240,36,14,22,204,169,35
S01010170,All households,271,104,30,74,167,141,26
S01010170,Whole house or bungalow: Total,140,81,26,55,59,43,16
S01010170,Whole house or bungalow: Detached,3,1,1,0,2,2,0
S01010170,Whole house or bungalow: Semi-detached,20,9,4,5,11,4,7
S01010170,Whole house or bungalow: Terraced (including end-terrace),117,71,21,50,46,37,9
S01010170,Flat maisonette or apartment or mobile/temporary accommodation,131,23,4,19,108,98,10
S01010171,All households,489,75,26,49,414,390,24
S01010171,Whole house or bungalow: Total,172,54,19,35,118,104,14
S01010171,Whole house or bungalow: Detached,13,4,1,3,9,7,2
S01010171,Whole house or bungalow: Semi-detached,57,9,0,9,48,40,8
S01010171,Whole house or bungalow: Terraced (including end-terrace),102,41,18,23,61,57,4
S01010171,Flat maisonette or apartment or mobile/temporary accommodation,317,21,7,14,296,286,10
S01010172,All households,481,202,106,96,279,233,46
S01010172,Whole house or bungalow: Total,20,7,1,6,13,10,3
S01010172,Whole house or bungalow: Detached,3,2,0,2,1,1,0
S01010172,Whole house or bungalow: Semi-detached,8,5,1,4,3,1,2
S01010172,Whole house or bungalow: Terraced (including end-terrace),9,0,0,0,9,8,1
S01010172,Flat maisonette or apartment or mobile/temporary accommodation,461,195,105,90,266,223,43
S01010173,All households,331,234,101,133,97,86,11
S01010173,Whole house or bungalow: Total,296,217,94,123,79,72,7
S01010173,Whole house or bungalow: Detached,0,0,0,0,0,0,0
S01010173,Whole house or bungalow: Semi-detached,243,176,78,98,67,61,6
S01010173,Whole house or bungalow: Terraced (including end-terrace),53,41,16,25,12,11,1
S01010173,Flat maisonette or apartment or mobile/temporary accommodation,35,17,7,10,18,14,4
S01010174,All households,250,182,70,112,68,50,18
S01010174,Whole house or bungalow: Total,165,144,59,85,21,16,5
S01010174,Whole house or bungalow: Detached,17,13,8,5,4,2,2
S01010174,Whole house or bungalow: Semi-detached,104,95,35,60,9,8,1
S01010174,Whole house or bungalow: Terraced (including end-terrace),44,36,16,20,8,6,2
S01010174,Flat maisonette or apartment or mobile/temporary accommodation,85,38,11,27,47,34,13
S01010175,All households,216,119,43,76,97,72,25
S01010175,Whole house or bungalow: Total,71,56,23,33,15,12,3
S01010175,Whole house or bungalow: Detached,4,3,0,3,1,1,0
S01010175,Whole house or bungalow: Semi-detached,60,48,20,28,12,10,2
S01010175,Whole house or bungalow: Terraced (including end-terrace),7,5,3,2,2,1,1
S01010175,Flat maisonette or apartment or mobile/temporary accommodation,145,63,20,43,82,60,22
S01010176,All households,369,214,106,108,155,129,26
S01010176,Whole house or bungalow: Total,138,73,33,40,65,52,13
S01010176,Whole house or bungalow: Detached,4,2,1,1,2,2,0
S01010176,Whole house or bungalow: Semi-detached,104,59,24,35,45,32,13
S01010176,Whole house or bungalow: Terraced (including end-terrace),30,12,8,4,18,18,0
S01010176,Flat maisonette or apartment or mobile/temporary accommodation,231,141,73,68,90,77,13
S01010177,All households,315,54,16,38,261,248,13
S01010177,Whole house or bungalow: Total,116,46,13,33,70,62,8
S01010177,Whole house or bungalow: Detached,8,1,0,1,7,6,1
S01010177,Whole house or bungalow: Semi-detached,48,23,11,12,25,21,4
S01010177,Whole house or bungalow: Terraced (including end-terrace),60,22,2,20,38,35,3
S01010177,Flat maisonette or apartment or mobile/temporary accommodation,199,8,3,5,191,186,5
S01010178,All households,391,45,11,34,346,321,25
S01010178,Whole house or bungalow: Total,221,36,10,26,185,179,6
S01010178,Whole house or bungalow: Detached,20,1,0,1,19,17,2
S01010178,Whole house or bungalow: Semi-detached,72,13,7,6,59,55,4
S01010178,Whole house or bungalow: Terraced (including end-terrace),129,22,3,19,107,107,0
S01010178,Flat maisonette or apartment or mobile/temporary accommodation,170,9,1,8,161,142,19
S01010179,All households,387,127,52,75,260,230,30
S01010179,Whole house or bungalow: Total,143,54,14,40,89,69,20
S01010179,Whole house or bungalow: Detached,20,10,2,8,10,9,1
S01010179,Whole house or bungalow: Semi-detached,82,16,5,11,66,50,16
S01010179,Whole house or bungalow: Terraced (including end-terrace),41,28,7,21,13,10,3
S01010179,Flat maisonette or apartment or mobile/temporary accommodation,244,73,38,35,171,161,10
S01010180,All households,215,118,20,98,97,71,26
S01010180,Whole house or bungalow: Total,160,108,18,90,52,35,17
S01010180,Whole house or bungalow: Detached,27,22,3,19,5,4,1
S01010180,Whole house or bungalow: Semi-detached,122,78,15,63,44,29,15
S01010180,Whole house or bungalow: Terraced (including end-terrace),11,8,0,8,3,2,1
S01010180,Flat maisonette or apartment or mobile/temporary accommodation,55,10,2,8,45,36,9
S01010181,All households,272,99,45,54,173,159,14
S01010181,Whole house or bungalow: Total,127,66,32,34,61,55,6
S01010181,Whole house or bungalow: Detached,8,5,2,3,3,2,1
S01010181,Whole house or bungalow: Semi-detached,76,32,13,19,44,41,3
S01010181,Whole house or bungalow: Terraced (including end-terrace),43,29,17,12,14,12,2
S01010181,Flat maisonette or apartment or mobile/temporary accommodation,145,33,13,20,112,104,8
S01010182,All households,307,262,87,175,45,13,32
S01010182,Whole house or bungalow: Total,207,188,72,116,19,6,13
S01010182,Whole house or bungalow: Detached,57,52,24,28,5,2,3
S01010182,Whole house or bungalow: Semi-detached,118,108,42,66,10,1,9
S01010182,Whole house or bungalow: Terraced (including end-terrace),32,28,6,22,4,3,1
S01010182,Flat maisonette or apartment or mobile/temporary accommodation,100,74,15,59,26,7,19
S01010183,All households,232,103,54,49,129,116,13
S01010183,Whole house or bungalow: Total,96,47,27,20,49,41,8
S01010183,Whole house or bungalow: Detached,4,2,0,2,2,1,1
S01010183,Whole house or bungalow: Semi-detached,85,42,27,15,43,38,5
S01010183,Whole house or bungalow: Terraced (including end-terrace),7,3,0,3,4,2,2
S01010183,Flat maisonette or apartment or mobile/temporary accommodation,136,56,27,29,80,75,5
S01010184,All households,286,116,63,53,170,150,20
S01010184,Whole house or bungalow: Total,145,81,41,40,64,54,10
S01010184,Whole house or bungalow: Detached,12,6,3,3,6,4,2
S01010184,Whole house or bungalow: Semi-detached,109,56,31,25,53,45,8
S01010184,Whole house or bungalow: Terraced (including end-terrace),24,19,7,12,5,5,0
S01010184,Flat maisonette or apartment or mobile/temporary accommodation,141,35,22,13,106,96,10
S01010185,All households,282,99,43,56,183,174,9
S01010185,Whole house or bungalow: Total,57,37,16,21,20,16,4
S01010185,Whole house or bungalow: Detached,2,1,0,1,1,0,1
S01010185,Whole house or bungalow: Semi-detached,21,18,6,12,3,3,0
S01010185,Whole house or bungalow: Terraced (including end-terrace),34,18,10,8,16,13,3
S01010185,Flat maisonette or apartment or mobile/temporary accommodation,225,62,27,35,163,158,5
S01010186,All households,246,221,73,148,25,5,20
S01010186,Whole house or bungalow: Total,237,218,71,147,19,0,19
S01010186,Whole house or bungalow: Detached,89,84,49,35,5,0,5
S01010186,Whole house or bungalow: Semi-detached,114,105,18,87,9,0,9
S01010186,Whole house or bungalow: Terraced (including end-terrace),34,29,4,25,5,0,5
S01010186,Flat maisonette or apartment or mobile/temporary accommodation,9,3,2,1,6,5,1
S01010187,All households,294,252,74,178,42,9,33
S01010187,Whole house or bungalow: Total,196,176,62,114,20,2,18
S01010187,Whole house or bungalow: Detached,33,26,9,17,7,0,7
S01010187,Whole house or bungalow: Semi-detached,146,137,50,87,9,1,8
S01010187,Whole house or bungalow: Terraced (including end-terrace),17,13,3,10,4,1,3
S01010187,Flat maisonette or apartment or mobile/temporary accommodation,98,76,12,64,22,7,15
S01010188,All households,304,262,73,189,42,9,33
S01010188,Whole house or bungalow: Total,252,231,60,171,21,3,18
S01010188,Whole house or bungalow: Detached,91,85,29,56,6,0,6
S01010188,Whole house or bungalow: Semi-detached,123,114,25,89,9,2,7
S01010188,Whole house or bungalow: Terraced (including end-terrace),38,32,6,26,6,1,5
S01010188,Flat maisonette or apartment or mobile/temporary accommodation,52,31,13,18,21,6,15
S01010189,All households,336,302,40,262,34,4,30
S01010189,Whole house or bungalow: Total,324,297,37,260,27,0,27
S01010189,Whole house or bungalow: Detached,173,159,23,136,14,0,14
S01010189,Whole house or bungalow: Semi-detached,146,133,12,121,13,0,13
S01010189,Whole house or bungalow: Terraced (including end-terrace),5,5,2,3,0,0,0
S01010189,Flat maisonette or apartment or mobile/temporary accommodation,12,5,3,2,7,4,3
S01010190,All households,253,233,39,194,20,8,12
S01010190,Whole house or bungalow: Total,237,226,34,192,11,2,9
S01010190,Whole house or bungalow: Detached,189,182,28,154,7,0,7
S01010190,Whole house or bungalow: Semi-detached,45,41,5,36,4,2,2
S01010190,Whole house or bungalow: Terraced (including end-terrace),3,3,1,2,0,0,0
S01010190,Flat maisonette or apartment or mobile/temporary accommodation,16,7,5,2,9,6,3
S01010191,All households,266,237,35,202,29,7,22
S01010191,Whole house or bungalow: Total,258,233,34,199,25,3,22
S01010191,Whole house or bungalow: Detached,114,104,16,88,10,0,10
S01010191,Whole house or bungalow: Semi-detached,140,126,17,109,14,2,12
S01010191,Whole house or bungalow: Terraced (including end-terrace),4,3,1,2,1,1,0
S01010191,Flat maisonette or apartment or mobile/temporary accommodation,8,4,1,3,4,4,0
S01010192,All households,294,266,35,231,28,7,21
S01010192,Whole house or bungalow: Total,281,260,35,225,21,2,19
S01010192,Whole house or bungalow: Detached,152,144,28,116,8,0,8
S01010192,Whole house or bungalow: Semi-detached,89,81,6,75,8,2,6
S01010192,Whole house or bungalow: Terraced (including end-terrace),40,35,1,34,5,0,5
S01010192,Flat maisonette or apartment or mobile/temporary accommodation,13,6,0,6,7,5,2
S01010193,All households,329,272,78,194,57,11,46
S01010193,Whole house or bungalow: Total,279,255,76,179,24,2,22
S01010193,Whole house or bungalow: Detached,77,74,31,43,3,0,3
S01010193,Whole house or bungalow: Semi-detached,149,134,37,97,15,2,13
S01010193,Whole house or bungalow: Terraced (including end-terrace),53,47,8,39,6,0,6
S01010193,Flat maisonette or apartment or mobile/temporary accommodation,50,17,2,15,33,9,24
S01010194,All households,268,198,91,107,70,65,5
S01010194,Whole house or bungalow: Total,225,170,78,92,55,53,2
S01010194,Whole house or bungalow: Detached,5,1,0,1,4,3,1
S01010194,Whole house or bungalow: Semi-detached,92,68,32,36,24,24,0
S01010194,Whole house or bungalow: Terraced (including end-terrace),128,101,46,55,27,26,1
S01010194,Flat maisonette or apartment or mobile/temporary accommodation,43,28,13,15,15,12,3
S01010195,All households,212,138,47,91,74,56,18
S01010195,Whole house or bungalow: Total,163,117,37,80,46,36,10
S01010195,Whole house or bungalow: Detached,15,13,1,12,2,1,1
S01010195,Whole house or bungalow: Semi-detached,70,49,13,36,21,13,8
S01010195,Whole house or bungalow: Terraced (including end-terrace),78,55,23,32,23,22,1
S01010195,Flat maisonette or apartment or mobile/temporary accommodation,49,21,10,11,28,20,8
S01010196,All households,274,111,55,56,163,151,12
S01010196,Whole house or bungalow: Total,130,38,17,21,92,89,3
S01010196,Whole house or bungalow: Detached,5,2,0,2,3,3,0
S01010196,Whole house or bungalow: Semi-detached,63,19,10,9,44,42,2
S01010196,Whole house or bungalow: Terraced (including end-terrace),62,17,7,10,45,44,1
S01010196,Flat maisonette or apartment or mobile/temporary accommodation,144,73,38,35,71,62,9
S01010197,All households,260,98,52,46,162,149,13
S01010197,Whole house or bungalow: Total,56,19,15,4,37,34,3
S01010197,Whole house or bungalow: Detached,4,3,2,1,1,1,0
S01010197,Whole house or bungalow: Semi-detached,28,7,5,2,21,20,1
S01010197,Whole house or bungalow: Terraced (including end-terrace),24,9,8,1,15,13,2
S01010197,Flat maisonette or apartment or mobile/temporary accommodation,204,79,37,42,125,115,10
S01010198,All households,394,217,106,111,177,156,21
S01010198,Whole house or bungalow: Total,103,61,32,29,42,33,9
S01010198,Whole house or bungalow: Detached,7,4,2,2,3,0,3
S01010198,Whole house or bungalow: Semi-detached,45,24,12,12,21,16,5
S01010198,Whole house or bungalow: Terraced (including end-terrace),51,33,18,15,18,17,1
S01010198,Flat maisonette or apartment or mobile/temporary accommodation,291,156,74,82,135,123,12
S01010199,All households,232,80,38,42,152,144,8
S01010199,Whole house or bungalow: Total,190,78,37,41,112,108,4
S01010199,Whole house or bungalow: Detached,10,2,0,2,8,7,1
S01010199,Whole house or bungalow: Semi-detached,93,48,26,22,45,43,2
S01010199,Whole house or bungalow: Terraced (including end-terrace),87,28,11,17,59,58,1
S01010199,Flat maisonette or apartment or mobile/temporary accommodation,42,2,1,1,40,36,4
S01010200,All households,305,180,75,105,125,114,11
S01010200,Whole house or bungalow: Total,219,158,68,90,61,58,3
S01010200,Whole house or bungalow: Detached,6,1,1,0,5,4,1
S01010200,Whole house or bungalow: Semi-detached,120,91,32,59,29,28,1
S01010200,Whole house or bungalow: Terraced (including end-terrace),93,66,35,31,27,26,1
S01010200,Flat maisonette or apartment or mobile/temporary accommodation,86,22,7,15,64,56,8
S01010201,All households,253,197,76,121,56,40,16
S01010201,Whole house or bungalow: Total,208,162,63,99,46,32,14
S01010201,Whole house or bungalow: Detached,19,16,0,16,3,2,1
S01010201,Whole house or bungalow: Semi-detached,158,125,53,72,33,21,12
S01010201,Whole house or bungalow: Terraced (including end-terrace),31,21,10,11,10,9,1
S01010201,Flat maisonette or apartment or mobile/temporary accommodation,45,35,13,22,10,8,2
S01010202,All households,365,26,20,6,339,328,11
S01010202,Whole house or bungalow: Total,43,7,6,1,36,35,1
S01010202,Whole house or bungalow: Detached,4,1,1,0,3,2,1
S01010202,Whole house or bungalow: Semi-detached,8,2,2,0,6,6,0
S01010202,Whole house or bungalow: Terraced (including end-terrace),31,4,3,1,27,27,0
S01010202,Flat maisonette or apartment or mobile/temporary accommodation,322,19,14,5,303,293,10
S01010203,All households,260,208,28,180,52,9,43
S01010203,Whole house or bungalow: Total,222,188,26,162,34,1,33
S01010203,Whole house or bungalow: Detached,20,20,1,19,0,0,0
S01010203,Whole house or bungalow: Semi-detached,157,131,19,112,26,1,25
S01010203,Whole house or bungalow: Terraced (including end-terrace),45,37,6,31,8,0,8
S01010203,Flat maisonette or apartment or mobile/temporary accommodation,38,20,2,18,18,8,10
S01010204,All households,381,93,41,52,288,264,24
S01010204,Whole house or bungalow: Total,44,10,6,4,34,32,2
S01010204,Whole house or bungalow: Detached,3,0,0,0,3,2,1
S01010204,Whole house or bungalow: Semi-detached,24,5,3,2,19,18,1
S01010204,Whole house or bungalow: Terraced (including end-terrace),17,5,3,2,12,12,0
S01010204,Flat maisonette or apartment or mobile/temporary accommodation,337,83,35,48,254,232,22
S01010205,All households,355,146,60,86,209,174,35
S01010205,Whole house or bungalow: Total,91,68,31,37,23,17,6
S01010205,Whole house or bungalow: Detached,2,1,0,1,1,1,0
S01010205,Whole house or bungalow: Semi-detached,25,15,5,10,10,6,4
S01010205,Whole house or bungalow: Terraced (including end-terrace),64,52,26,26,12,10,2
S01010205,Flat maisonette or apartment or mobile/temporary accommodation,264,78,29,49,186,157,29
S01010206,All households,255,9,4,5,246,131,115
S01010206,Whole house or bungalow: Total,13,5,2,3,8,3,5
S01010206,Whole house or bungalow: Detached,4,2,0,2,2,2,0
S01010206,Whole house or bungalow: Semi-detached,6,3,2,1,3,0,3
S01010206,Whole house or bungalow: Terraced (including end-terrace),3,0,0,0,3,1,2
S01010206,Flat maisonette or apartment or mobile/temporary accommodation,242,4,2,2,238,128,110
S01010207,All households,285,41,27,14,244,155,89
S01010207,Whole house or bungalow: Total,30,11,5,6,19,15,4
S01010207,Whole house or bungalow: Detached,4,1,0,1,3,2,1
S01010207,Whole house or bungalow: Semi-detached,15,7,4,3,8,6,2
S01010207,Whole house or bungalow: Terraced (including end-terrace),11,3,1,2,8,7,1
S01010207,Flat maisonette or apartment or mobile/temporary accommodation,255,30,22,8,225,140,85
S01010208,All households,565,272,45,227,293,183,110
S01010208,Whole house or bungalow: Total,29,22,7,15,7,3,4
S01010208,Whole house or bungalow: Detached,2,1,1,0,1,0,1
S01010208,Whole house or bungalow: Semi-detached,4,2,2,0,2,1,1
S01010208,Whole house or bungalow: Terraced (including end-terrace),23,19,4,15,4,2,2
S01010208,Flat maisonette or apartment or mobile/temporary accommodation,536,250,38,212,286,180,106
S01010209,All households,468,172,55,117,296,253,43
S01010209,Whole house or bungalow: Total,134,104,31,73,30,14,16
S01010209,Whole house or bungalow: Detached,4,2,2,0,2,1,1
S01010209,Whole house or bungalow: Semi-detached,48,35,10,25,13,9,4
S01010209,Whole house or bungalow: Terraced (including end-terrace),82,67,19,48,15,4,11
S01010209,Flat maisonette or apartment or mobile/temporary accommodation,334,68,24,44,266,239,27
S01010210,All households,416,273,134,139,143,103,40
S01010210,Whole house or bungalow: Total,190,162,89,73,28,16,12
S01010210,Whole house or bungalow: Detached,3,3,0,3,0,0,0
S01010210,Whole house or bungalow: Semi-detached,83,74,38,36,9,5,4
S01010210,Whole house or bungalow: Terraced (including end-terrace),104,85,51,34,19,11,8
S01010210,Flat maisonette or apartment or mobile/temporary accommodation,226,111,45,66,115,87,28
S01010211,All households,452,146,69,77,306,268,38
S01010211,Whole house or bungalow: Total,43,27,11,16,16,12,4
S01010211,Whole house or bungalow: Detached,4,2,1,1,2,2,0
S01010211,Whole house or bungalow: Semi-detached,26,16,7,9,10,8,2
S01010211,Whole house or bungalow: Terraced (including end-terrace),13,9,3,6,4,2,2
S01010211,Flat maisonette or apartment or mobile/temporary accommodation,409,119,58,61,290,256,34
S01010212,All households,559,97,34,63,462,410,52
S01010212,Whole house or bungalow: Total,70,29,16,13,41,36,5
S01010212,Whole house or bungalow: Detached,3,1,0,1,2,2,0
S01010212,Whole house or bungalow: Semi-detached,19,8,4,4,11,11,0
S01010212,Whole house or bungalow: Terraced (including end-terrace),48,20,12,8,28,23,5
S01010212,Flat maisonette or apartment or mobile/temporary accommodation,489,68,18,50,421,374,47
S01010213,All households,476,239,104,135,237,187,50
S01010213,Whole house or bungalow: Total,72,51,25,26,21,17,4
S01010213,Whole house or bungalow: Detached,4,2,1,1,2,2,0
S01010213,Whole house or bungalow: Semi-detached,50,40,20,20,10,8,2
S01010213,Whole house or bungalow: Terraced (including end-terrace),18,9,4,5,9,7,2
S01010213,Flat maisonette or apartment or mobile/temporary accommodation,404,188,79,109,216,170,46
S01010214,All households,396,316,142,174,80,36,44
S01010214,Whole house or bungalow: Total,366,307,135,172,59,19,40
S01010214,Whole house or bungalow: Detached,55,46,19,27,9,0,9
S01010214,Whole house or bungalow: Semi-detached,215,179,80,99,36,17,19
S01010214,Whole house or bungalow: Terraced (including end-terrace),96,82,36,46,14,2,12
S01010214,Flat maisonette or apartment or mobile/temporary accommodation,30,9,7,2,21,17,4
S01010215,All households,492,63,28,35,429,415,14
S01010215,Whole house or bungalow: Total,69,12,5,7,57,54,3
S01010215,Whole house or bungalow: Detached,12,3,1,2,9,9,0
S01010215,Whole house or bungalow: Semi-detached,25,7,3,4,18,17,1
S01010215,Whole house or bungalow: Terraced (including end-terrace),32,2,1,1,30,28,2
S01010215,Flat maisonette or apartment or mobile/temporary accommodation,423,51,23,28,372,361,11
S01010216,All households,361,43,8,35,318,287,31
S01010216,Whole house or bungalow: Total,39,12,5,7,27,26,1
S01010216,Whole house or bungalow: Detached,7,3,2,1,4,4,0
S01010216,Whole house or bungalow: Semi-detached,13,5,2,3,8,8,0
S01010216,Whole house or bungalow: Terraced (including end-terrace),19,4,1,3,15,14,1
S01010216,Flat maisonette or apartment or mobile/temporary accommodation,322,31,3,28,291,261,30
S01010217,All households,406,81,19,62,325,245,80
S01010217,Whole house or bungalow: Total,50,16,7,9,34,30,4
S01010217,Whole house or bungalow: Detached,5,1,0,1,4,4,0
S01010217,Whole house or bungalow: Semi-detached,5,2,0,2,3,2,1
S01010217,Whole house or bungalow: Terraced (including end-terrace),40,13,7,6,27,24,3
S01010217,Flat maisonette or apartment or mobile/temporary accommodation,356,65,12,53,291,215,76
S01010218,All households,587,196,48,148,391,329,62
S01010218,Whole house or bungalow: Total,31,10,4,6,21,19,2
S01010218,Whole house or bungalow: Detached,5,3,2,1,2,1,1
S01010218,Whole house or bungalow: Semi-detached,13,4,2,2,9,8,1
S01010218,Whole house or bungalow: Terraced (including end-terrace),13,3,0,3,10,10,0
S01010218,Flat maisonette or apartment or mobile/temporary accommodation,556,186,44,142,370,310,60
S01010219,All households,274,26,16,10,248,231,17
S01010219,Whole house or bungalow: Total,11,2,1,1,9,7,2
S01010219,Whole house or bungalow: Detached,3,0,0,0,3,3,0
S01010219,Whole house or bungalow: Semi-detached,2,1,1,0,1,1,0
S01010219,Whole house or bungalow: Terraced (including end-terrace),6,1,0,1,5,3,2
S01010219,Flat maisonette or apartment or mobile/temporary accommodation,263,24,15,9,239,224,15
S01010220,All households,279,161,40,121,118,18,100
S01010220,Whole house or bungalow: Total,2,1,1,0,1,1,0
S01010220,Whole house or bungalow: Detached,0,0,0,0,0,0,0
S01010220,Whole house or bungalow: Semi-detached,0,0,0,0,0,0,0
S01010220,Whole house or bungalow: Terraced (including end-terrace),2,1,1,0,1,1,0
S01010220,Flat maisonette or apartment or mobile/temporary accommodation,277,160,39,121,117,17,100
S01010221,All households,260,26,14,12,234,218,16
S01010221,Whole house or bungalow: Total,69,5,1,4,64,63,1
S01010221,Whole house or bungalow: Detached,8,2,0,2,6,6,0
S01010221,Whole house or bungalow: Semi-detached,30,3,1,2,27,27,0
S01010221,Whole house or bungalow: Terraced (including end-terrace),31,0,0,0,31,30,1
S01010221,Flat maisonette or apartment or mobile/temporary accommodation,191,21,13,8,170,155,15
S01010222,All households,285,89,24,65,196,127,69
S01010222,Whole house or bungalow: Total,14,7,2,5,7,6,1
S01010222,Whole house or bungalow: Detached,0,0,0,0,0,0,0
S01010222,Whole house or bungalow: Semi-detached,1,1,0,1,0,0,0
S01010222,Whole house or bungalow: Terraced (including end-terrace),13,6,2,4,7,6,1
S01010222,Flat maisonette or apartment or mobile/temporary accommodation,271,82,22,60,189,121,68
S01010223,All households,337,101,27,74,236,193,43
S01010223,Whole house or bungalow: Total,57,28,10,18,29,25,4
S01010223,Whole house or bungalow: Detached,0,0,0,0,0,0,0
S01010223,Whole house or bungalow: Semi-detached,22,9,1,8,13,9,4
S01010223,Whole house or bungalow: Terraced (including end-terrace),35,19,9,10,16,16,0
S01010223,Flat maisonette or apartment or mobile/temporary accommodation,280,73,17,56,207,168,39
S01010224,All households,469,43,7,36,426,416,10
S01010224,Whole house or bungalow: Total,143,32,2,30,111,107,4
S01010224,Whole house or bungalow: Detached,10,0,0,0,10,10,0
S01010224,Whole house or bungalow: Semi-detached,75,11,1,10,64,64,0
S01010224,Whole house or bungalow: Terraced (including end-terrace),58,21,1,20,37,33,4
S01010224,Flat maisonette or apartment or mobile/temporary accommodation,326,11,5,6,315,309,6
S01010225,All households,431,143,35,108,288,241,47
S01010225,Whole house or bungalow: Total,53,42,6,36,11,7,4
S01010225,Whole house or bungalow: Detached,3,3,1,2,0,0,0
S01010225,Whole house or bungalow: Semi-detached,9,7,3,4,2,1,1
S01010225,Whole house or bungalow: Terraced (including end-terrace),41,32,2,30,9,6,3
S01010225,Flat maisonette or apartment or mobile/temporary accommodation,378,101,29,72,277,234,43
S01010226,All households,394,22,11,11,372,355,17
S01010226,Whole house or bungalow: Total,8,7,1,6,1,1,0
S01010226,Whole house or bungalow: Detached,2,2,0,2,0,0,0
S01010226,Whole house or bungalow: Semi-detached,3,3,1,2,0,0,0
S01010226,Whole house or bungalow: Terraced (including end-terrace),3,2,0,2,1,1,0
S01010226,Flat maisonette or apartment or mobile/temporary accommodation,386,15,10,5,371,354,17
S01010227,All households,294,15,7,8,279,260,19
S01010227,Whole house or bungalow: Total,10,7,6,1,3,1,2
S01010227,Whole house or bungalow: Detached,3,1,0,1,2,0,2
S01010227,Whole house or bungalow: Semi-detached,6,5,5,0,1,1,0
S01010227,Whole house or bungalow: Terraced (including end-terrace),1,1,1,0,0,0,0
S01010227,Flat maisonette or apartment or mobile/temporary accommodation,284,8,1,7,276,259,17
S01010228,All households,384,117,67,50,267,251,16
S01010228,Whole house or bungalow: Total,23,8,5,3,15,13,2
S01010228,Whole house or bungalow: Detached,2,0,0,0,2,1,1
S01010228,Whole house or bungalow: Semi-detached,13,4,3,1,9,8,1
S01010228,Whole house or bungalow: Terraced (including end-terrace),8,4,2,2,4,4,0
S01010228,Flat maisonette or apartment or mobile/temporary accommodation,361,109,62,47,252,238,14
S01010229,All households,508,152,29,123,356,326,30
S01010229,Whole house or bungalow: Total,131,105,10,95,26,16,10
S01010229,Whole house or bungalow: Detached,10,8,1,7,2,0,2
S01010229,Whole house or bungalow: Semi-detached,94,81,8,73,13,8,5
S01010229,Whole house or bungalow: Terraced (including end-terrace),27,16,1,15,11,8,3
S01010229,Flat maisonette or apartment or mobile/temporary accommodation,377,47,19,28,330,310,20
S01010230,All households,577,34,10,24,543,525,18
S01010230,Whole house or bungalow: Total,15,2,0,2,13,11,2
S01010230,Whole house or bungalow: Detached,2,0,0,0,2,2,0
S01010230,Whole house or bungalow: Semi-detached,4,1,0,1,3,1,2
S01010230,Whole house or bungalow: Terraced (including end-terrace),9,1,0,1,8,8,0
S01010230,Flat maisonette or apartment or mobile/temporary accommodation,562,32,10,22,530,514,16
S01010231,All households,514,24,11,13,490,473,17
S01010231,Whole house or bungalow: Total,80,6,4,2,74,70,4
S01010231,Whole house or bungalow: Detached,14,2,1,1,12,11,1
S01010231,Whole house or bungalow: Semi-detached,33,1,0,1,32,30,2
S01010231,Whole house or bungalow: Terraced (including end-terrace),33,3,3,0,30,29,1
S01010231,Flat maisonette or apartment or mobile/temporary accommodation,434,18,7,11,416,403,13
S01010232,All households,485,77,9,68,408,381,27
S01010232,Whole house or bungalow: Total,123,50,6,44,73,70,3
S01010232,Whole house or bungalow: Detached,2,0,0,0,2,2,0
S01010232,Whole house or bungalow: Semi-detached,89,38,4,34,51,49,2
S01010232,Whole house or bungalow: Terraced (including end-terrace),32,12,2,10,20,19,1
S01010232,Flat maisonette or apartment or mobile/temporary accommodation,362,27,3,24,335,311,24
S01010233,All households,476,70,39,31,406,388,18
S01010233,Whole house or bungalow: Total,47,17,9,8,30,29,1
S01010233,Whole house or bungalow: Detached,3,1,0,1,2,2,0
S01010233,Whole house or bungalow: Semi-detached,29,13,9,4,16,16,0
S01010233,Whole house or bungalow: Terraced (including end-terrace),15,3,0,3,12,11,1
S01010233,Flat maisonette or apartment or mobile/temporary accommodation,429,53,30,23,376,359,17
S01010234,All households,562,270,117,153,292,80,212
S01010234,Whole house or bungalow: Total,7,5,2,3,2,2,0
S01010234,Whole house or bungalow: Detached,2,2,1,1,0,0,0
S01010234,Whole house or bungalow: Semi-detached,1,0,0,0,1,1,0
S01010234,Whole house or bungalow: Terraced (including end-terrace),4,3,1,2,1,1,0
S01010234,Flat maisonette or apartment or mobile/temporary accommodation,555,265,115,150,290,78,212
S01010235,All households,446,193,30,163,253,5,248
S01010235,Whole house or bungalow: Total,3,2,2,0,1,0,1
S01010235,Whole house or bungalow: Detached,0,0,0,0,0,0,0
S01010235,Whole house or bungalow: Semi-detached,2,1,1,0,1,0,1
S01010235,Whole house or bungalow: Terraced (including end-terrace),1,1,1,0,0,0,0
S01010235,Flat maisonette or apartment or mobile/temporary accommodation,443,191,28,163,252,5,247
S01010236,All households,378,212,83,129,166,39,127
S01010236,Whole house or bungalow: Total,45,36,17,19,9,1,8
S01010236,Whole house or bungalow: Detached,4,3,0,3,1,0,1
S01010236,Whole house or bungalow: Semi-detached,8,7,1,6,1,0,1
S01010236,Whole house or bungalow: Terraced (including end-terrace),33,26,16,10,7,1,6
S01010236,Flat maisonette or apartment or mobile/temporary accommodation,333,176,66,110,157,38,119
S01010237,All households,353,196,72,124,157,54,103
S01010237,Whole house or bungalow: Total,5,2,1,1,3,1,2
S01010237,Whole house or bungalow: Detached,1,0,0,0,1,0,1
S01010237,Whole house or bungalow: Semi-detached,1,1,1,0,0,0,0
S01010237,Whole house or bungalow: Terraced (including end-terrace),3,1,0,1,2,1,1
S01010237,Flat maisonette or apartment or mobile/temporary accommodation,348,194,71,123,154,53,101
S01010238,All households,455,229,89,140,226,58,168
S01010238,Whole house or bungalow: Total,9,1,0,1,8,5,3
S01010238,Whole house or bungalow: Detached,2,0,0,0,2,1,1
S01010238,Whole house or bungalow: Semi-detached,2,1,0,1,1,1,0
S01010238,Whole house or bungalow: Terraced (including end-terrace),5,0,0,0,5,3,2
S01010238,Flat maisonette or apartment or mobile/temporary accommodation,446,228,89,139,218,53,165
S01010239,All households,424,133,55,78,291,226,65
S01010239,Whole house or bungalow: Total,18,8,4,4,10,10,0
S01010239,Whole house or bungalow: Detached,4,2,0,2,2,2,0
S01010239,Whole house or bungalow: Semi-detached,6,2,1,1,4,4,0
S01010239,Whole house or bungalow: Terraced (including end-terrace),8,4,3,1,4,4,0
S01010239,Flat maisonette or apartment or mobile/temporary accommodation,406,125,51,74,281,216,65
S01010240,All households,398,157,55,102,241,145,96
S01010240,Whole house or bungalow: Total,3,2,0,2,1,0,1
S01010240,Whole house or bungalow: Detached,0,0,0,0,0,0,0
S01010240,Whole house or bungalow: Semi-detached,1,1,0,1,0,0,0
S01010240,Whole house or bungalow: Terraced (including end-terrace),2,1,0,1,1,0,1
S01010240,Flat maisonette or apartment or mobile/temporary accommodation,395,155,55,100,240,145,95
S01010241,All households,623,263,103,160,360,183,177
S01010241,Whole house or bungalow: Total,24,10,7,3,14,9,5
S01010241,Whole house or bungalow: Detached,2,0,0,0,2,1,1
S01010241,Whole house or bungalow: Semi-detached,2,1,1,0,1,1,0
S01010241,Whole house or bungalow: Terraced (including end-terrace),20,9,6,3,11,7,4
S01010241,Flat maisonette or apartment or mobile/temporary accommodation,599,253,96,157,346,174,172
S01010242,All households,455,110,32,78,345,217,128
S01010242,Whole house or bungalow: Total,34,8,3,5,26,24,2
S01010242,Whole house or bungalow: Detached,2,1,0,1,1,1,0
S01010242,Whole house or bungalow: Semi-detached,16,1,1,0,15,15,0
S01010242,Whole house or bungalow: Terraced (including end-terrace),16,6,2,4,10,8,2
S01010242,Flat maisonette or apartment or mobile/temporary accommodation,421,102,29,73,319,193,126
S01010243,All households,610,121,38,83,489,279,210
S01010243,Whole house or bungalow: Total,10,2,1,1,8,6,2
S01010243,Whole house or bungalow: Detached,0,0,0,0,0,0,0
S01010243,Whole house or bungalow: Semi-detached,2,1,1,0,1,0,1
S01010243,Whole house or bungalow: Terraced (including end-terrace),8,1,0,1,7,6,1
S01010243,Flat maisonette or apartment or mobile/temporary accommodation,600,119,37,82,481,273,208
S01010244,All households,440,72,29,43,368,316,52
S01010244,Whole house or bungalow: Total,4,1,0,1,3,3,0
S01010244,Whole house or bungalow: Detached,0,0,0,0,0,0,0
S01010244,Whole house or bungalow: Semi-detached,1,1,0,1,0,0,0
S01010244,Whole house or bungalow: Terraced (including end-terrace),3,0,0,0,3,3,0
S01010244,Flat maisonette or apartment or mobile/temporary accommodation,436,71,29,42,365,313,52
S01010245,All households,509,35,13,22,474,446,28
S01010245,Whole house or bungalow: Total,130,12,4,8,118,111,7
S01010245,Whole house or bungalow: Detached,17,2,0,2,15,15,0
S01010245,Whole house or bungalow: Semi-detached,39,3,1,2,36,34,2
S01010245,Whole house or bungalow: Terraced (including end-terrace),74,7,3,4,67,62,5
S01010245,Flat maisonette or apartment or mobile/temporary accommodation,379,23,9,14,356,335,21
S01010246,All households,433,65,31,34,368,284,84
S01010246,Whole house or bungalow: Total,60,1,0,1,59,57,2
S01010246,Whole house or bungalow: Detached,2,0,0,0,2,2,0
S01010246,Whole house or bungalow: Semi-detached,46,0,0,0,46,45,1
S01010246,Whole house or bungalow: Terraced (including end-terrace),12,1,0,1,11,10,1
S01010246,Flat maisonette or apartment or mobile/temporary accommodation,373,64,31,33,309,227,82
S01010247,All households,356,242,80,162,114,97,17
S01010247,Whole house or bungalow: Total,276,231,73,158,45,33,12
S01010247,Whole house or bungalow: Detached,3,3,1,2,0,0,0
S01010247,Whole house or bungalow: Semi-detached,143,107,38,69,36,29,7
S01010247,Whole house or bungalow: Terraced (including end-terrace),130,121,34,87,9,4,5
S01010247,Flat maisonette or apartment or mobile/temporary accommodation,80,11,7,4,69,64,5
S01010248,All households,456,277,88,189,179,22,157
S01010248,Whole house or bungalow: Total,5,2,0,2,3,2,1
S01010248,Whole house or bungalow: Detached,2,1,0,1,1,0,1
S01010248,Whole house or bungalow: Semi-detached,2,0,0,0,2,2,0
S01010248,Whole house or bungalow: Terraced (including end-terrace),1,1,0,1,0,0,0
S01010248,Flat maisonette or apartment or mobile/temporary accommodation,451,275,88,187,176,20,156
S01010249,All households,403,201,76,125,202,16,186
S01010249,Whole house or bungalow: Total,6,3,2,1,3,0,3
S01010249,Whole house or bungalow: Detached,0,0,0,0,0,0,0
S01010249,Whole house or bungalow: Semi-detached,0,0,0,0,0,0,0
S01010249,Whole house or bungalow: Terraced (including end-terrace),6,3,2,1,3,0,3
S01010249,Flat maisonette or apartment or mobile/temporary accommodation,397,198,74,124,199,16,183
S01010250,All households,390,185,60,125,205,10,195
S01010250,Whole house or bungalow: Total,7,2,0,2,5,3,2
S01010250,Whole house or bungalow: Detached,0,0,0,0,0,0,0
S01010250,Whole house or bungalow: Semi-detached,2,1,0,1,1,1,0
S01010250,Whole house or bungalow: Terraced (including end-terrace),5,1,0,1,4,2,2
S01010250,Flat maisonette or apartment or mobile/temporary accommodation,383,183,60,123,200,7,193
S01010251,All households,317,111,27,84,206,7,199
S01010251,Whole house or bungalow: Total,18,13,2,11,5,0,5
S01010251,Whole house or bungalow: Detached,1,1,0,1,0,0,0
S01010251,Whole house or bungalow: Semi-detached,4,4,1,3,0,0,0
S01010251,Whole house or bungalow: Terraced (including end-terrace),13,8,1,7,5,0,5
S01010251,Flat maisonette or apartment or mobile/temporary accommodation,299,98,25,73,201,7,194
S01010252,All households,297,154,46,108,143,34,109
S01010252,Whole house or bungalow: Total,35,32,9,23,3,2,1
S01010252,Whole house or bungalow: Detached,3,2,0,2,1,1,0
S01010252,Whole house or bungalow: Semi-detached,5,4,1,3,1,0,1
S01010252,Whole house or bungalow: Terraced (including end-terrace),27,26,8,18,1,1,0
S01010252,Flat maisonette or apartment or mobile/temporary accommodation,262,122,37,85,140,32,108
S01010253,All households,364,82,25,57,282,235,47
S01010253,Whole house or bungalow: Total,5,1,0,1,4,4,0
S01010253,Whole house or bungalow: Detached,1,0,0,0,1,1,0
S01010253,Whole house or bungalow: Semi-detached,1,1,0,1,0,0,0
S01010253,Whole house or bungalow: Terraced (including end-terrace),3,0,0,0,3,3,0
S01010253,Flat maisonette or apartment or mobile/temporary accommodation,359,81,25,56,278,231,47
S01010254,All households,581,173,31,142,408,321,87
S01010254,Whole house or bungalow: Total,40,26,11,15,14,11,3
S01010254,Whole house or bungalow: Detached,1,1,1,0,0,0,0
S01010254,Whole house or bungalow: Semi-detached,6,3,1,2,3,3,0
S01010254,Whole house or bungalow: Terraced (including end-terrace),33,22,9,13,11,8,3
S01010254,Flat maisonette or apartment or mobile/temporary accommodation,541,147,20,127,394,310,84
S01010255,All households,353,48,17,31,305,254,51
S01010255,Whole house or bungalow: Total,13,5,2,3,8,6,2
S01010255,Whole house or bungalow: Detached,2,1,0,1,1,1,0
S01010255,Whole house or bungalow: Semi-detached,7,3,2,1,4,2,2
S01010255,Whole house or bungalow: Terraced (including end-terrace),4,1,0,1,3,3,0
S01010255,Flat maisonette or apartment or mobile/temporary accommodation,340,43,15,28,297,248,49
S01010256,All households,516,61,28,33,455,420,35
S01010256,Whole house or bungalow: Total,6,0,0,0,6,6,0
S01010256,Whole house or bungalow: Detached,0,0,0,0,0,0,0
S01010256,Whole house or bungalow: Semi-detached,1,0,0,0,1,1,0
S01010256,Whole house or bungalow: Terraced (including end-terrace),5,0,0,0,5,5,0
S01010256,Flat maisonette or apartment or mobile/temporary accommodation,510,61,28,33,449,414,35
S01010257,All households,497,62,25,37,435,135,300
S01010257,Whole house or bungalow: Total,5,1,0,1,4,2,2
S01010257,Whole house or bungalow: Detached,0,0,0,0,0,0,0
S01010257,Whole house or bungalow: Semi-detached,1,0,0,0,1,0,1
S01010257,Whole house or bungalow: Terraced (including end-terrace),4,1,0,1,3,2,1
S01010257,Flat maisonette or apartment or mobile/temporary accommodation,492,61,25,36,431,133,298
S01010258,All households,424,121,29,92,303,16,287
S01010258,Whole house or bungalow: Total,18,12,4,8,6,1,5
S01010258,Whole house or bungalow: Detached,2,2,0,2,0,0,0
S01010258,Whole house or bungalow: Semi-detached,2,1,0,1,1,1,0
S01010258,Whole house or bungalow: Terraced (including end-terrace),14,9,4,5,5,0,5
S01010258,Flat maisonette or apartment or mobile/temporary accommodation,406,109,25,84,297,15,282
S01010259,All households,468,57,33,24,411,364,47
S01010259,Whole house or bungalow: Total,10,2,1,1,8,5,3
S01010259,Whole house or bungalow: Detached,1,0,0,0,1,1,0
S01010259,Whole house or bungalow: Semi-detached,4,1,0,1,3,1,2
S01010259,Whole house or bungalow: Terraced (including end-terrace),5,1,1,0,4,3,1
S01010259,Flat maisonette or apartment or mobile/temporary accommodation,458,55,32,23,403,359,44
S01010260,All households,685,225,80,145,460,154,306
S01010260,Whole house or bungalow: Total,7,3,1,2,4,1,3
S01010260,Whole house or bungalow: Detached,1,1,0,1,0,0,0
S01010260,Whole house or bungalow: Semi-detached,3,0,0,0,3,1,2
S01010260,Whole house or bungalow: Terraced (including end-terrace),3,2,1,1,1,0,1
S01010260,Flat maisonette or apartment or mobile/temporary accommodation,678,222,79,143,456,153,303
S01010261,All households,526,109,71,38,417,280,137
S01010261,Whole house or bungalow: Total,4,2,0,2,2,2,0
S01010261,Whole house or bungalow: Detached,2,1,0,1,1,1,0
S01010261,Whole house or bungalow: Semi-detached,0,0,0,0,0,0,0
S01010261,Whole house or bungalow: Terraced (including end-terrace),2,1,0,1,1,1,0
S01010261,Flat maisonette or apartment or mobile/temporary accommodation,522,107,71,36,415,278,137
S01010262,All households,535,107,62,45,428,340,88
S01010262,Whole house or bungalow: Total,11,4,1,3,7,5,2
S01010262,Whole house or bungalow: Detached,1,0,0,0,1,0,1
S01010262,Whole house or bungalow: Semi-detached,4,3,0,3,1,0,1
S01010262,Whole house or bungalow: Terraced (including end-terrace),6,1,1,0,5,5,0
S01010262,Flat maisonette or apartment or mobile/temporary accommodation,524,103,61,42,421,335,86
S01010263,All households,422,142,51,91,280,32,248
S01010263,Whole house or bungalow: Total,4,4,3,1,0,0,0
S01010263,Whole house or bungalow: Detached,0,0,0,0,0,0,0
S01010263,Whole house or bungalow: Semi-detached,1,1,1,0,0,0,0
S01010263,Whole house or bungalow: Terraced (including end-terrace),3,3,2,1,0,0,0
S01010263,Flat maisonette or apartment or mobile/temporary accommodation,418,138,48,90,280,32,248
S01010264,All households,557,152,55,97,405,134,271
S01010264,Whole house or bungalow: Total,19,6,2,4,13,5,8
S01010264,Whole house or bungalow: Detached,2,0,0,0,2,1,1
S01010264,Whole house or bungalow: Semi-detached,2,1,0,1,1,0,1
S01010264,Whole house or bungalow: Terraced (including end-terrace),15,5,2,3,10,4,6
S01010264,Flat maisonette or apartment or mobile/temporary accommodation,538,146,53,93,392,129,263
S01010265,All households,573,220,59,161,353,2,351
S01010265,Whole house or bungalow: Total,3,2,0,2,1,0,1
S01010265,Whole house or bungalow: Detached,1,1,0,1,0,0,0
S01010265,Whole house or bungalow: Semi-detached,1,0,0,0,1,0,1
S01010265,Whole house or bungalow: Terraced (including end-terrace),1,1,0,1,0,0,0
S01010265,Flat maisonette or apartment or mobile/temporary accommodation,570,218,59,159,352,2,350
S01010266,All households,237,93,42,51,144,30,114
S01010266,Whole house or bungalow: Total,5,3,2,1,2,1,1
S01010266,Whole house or bungalow: Detached,0,0,0,0,0,0,0
S01010266,Whole house or bungalow: Semi-detached,4,2,1,1,2,1,1
S01010266,Whole house or bungalow: Terraced (including end-terrace),1,1,1,0,0,0,0
S01010266,Flat maisonette or apartment or mobile/temporary accommodation,232,90,40,50,142,29,113
S01010267,All households,318,63,15,48,255,16,239
S01010267,Whole house or bungalow: Total,8,2,1,1,6,2,4
S01010267,Whole house or bungalow: Detached,2,1,1,0,1,0,1
S01010267,Whole house or bungalow: Semi-detached,4,1,0,1,3,1,2
S01010267,Whole house or bungalow: Terraced (including end-terrace),2,0,0,0,2,1,1
S01010267,Flat maisonette or apartment or mobile/temporary accommodation,310,61,14,47,249,14,235
S01010268,All households,417,161,70,91,256,93,163
S01010268,Whole house or bungalow: Total,12,5,2,3,7,5,2
S01010268,Whole house or bungalow: Detached,4,3,1,2,1,0,1
S01010268,Whole house or bungalow: Semi-detached,4,1,0,1,3,3,0
S01010268,Whole house or bungalow: Terraced (including end-terrace),4,1,1,0,3,2,1
S01010268,Flat maisonette or apartment or mobile/temporary accommodation,405,156,68,88,249,88,161
S01010269,All households,320,90,32,58,230,56,174
S01010269,Whole house or bungalow: Total,4,2,0,2,2,0,2
S01010269,Whole house or bungalow: Detached,1,0,0,0,1,0,1
S01010269,Whole house or bungalow: Semi-detached,2,2,0,2,0,0,0
S01010269,Whole house or bungalow: Terraced (including end-terrace),1,0,0,0,1,0,1
S01010269,Flat maisonette or apartment or mobile/temporary accommodation,316,88,32,56,228,56,172
S01010270,All households,817,140,76,64,677,494,183
S01010270,Whole house or bungalow: Total,11,3,0,3,8,7,1
S01010270,Whole house or bungalow: Detached,0,0,0,0,0,0,0
S01010270,Whole house or bungalow: Semi-detached,1,0,0,0,1,1,0
S01010270,Whole house or bungalow: Terraced (including end-terrace),10,3,0,3,7,6,1
S01010270,Flat maisonette or apartment or mobile/temporary accommodation,806,137,76,61,669,487,182
S01010271,All households,327,96,35,61,231,52,179
S01010271,Whole house or bungalow: Total,11,5,2,3,6,3,3
S01010271,Whole house or bungalow: Detached,0,0,0,0,0,0,0
S01010271,Whole house or bungalow: Semi-detached,5,3,0,3,2,1,1
S01010271,Whole house or bungalow: Terraced (including end-terrace),6,2,2,0,4,2,2
S01010271,Flat maisonette or apartment or mobile/temporary accommodation,316,91,33,58,225,49,176
S01010272,All households,703,126,38,88,577,402,175
S01010272,Whole house or bungalow: Total,17,9,3,6,8,4,4
S01010272,Whole house or bungalow: Detached,8,5,2,3,3,0,3
S01010272,Whole house or bungalow: Semi-detached,6,4,1,3,2,1,1
S01010272,Whole house or bungalow: Terraced (including end-terrace),3,0,0,0,3,3,0
S01010272,Flat maisonette or apartment or mobile/temporary accommodation,686,117,35,82,569,398,171
S01010273,All households,409,109,36,73,300,13,287
S01010273,Whole house or bungalow: Total,5,2,1,1,3,1,2
S01010273,Whole house or bungalow: Detached,0,0,0,0,0,0,0
S01010273,Whole house or bungalow: Semi-detached,2,0,0,0,2,0,2
S01010273,Whole house or bungalow: Terraced (including end-terrace),3,2,1,1,1,1,0
S01010273,Flat maisonette or apartment or mobile/temporary accommodation,404,107,35,72,297,12,285
S01010274,All households,342,119,31,88,223,17,206
S01010274,Whole house or bungalow: Total,12,7,6,1,5,3,2
S01010274,Whole house or bungalow: Detached,3,1,1,0,2,2,0
S01010274,Whole house or bungalow: Semi-detached,4,3,3,0,1,1,0
S01010274,Whole house or bungalow: Terraced (including end-terrace),5,3,2,1,2,0,2
S01010274,Flat maisonette or apartment or mobile/temporary accommodation,330,112,25,87,218,14,204
S01010275,All households,357,107,31,76,250,10,240
S01010275,Whole house or bungalow: Total,7,4,1,3,3,2,1
S01010275,Whole house or bungalow: Detached,2,1,0,1,1,0,1
S01010275,Whole house or bungalow: Semi-detached,2,2,1,1,0,0,0
S01010275,Whole house or bungalow: Terraced (including end-terrace),3,1,0,1,2,2,0
S01010275,Flat maisonette or apartment or mobile/temporary accommodation,350,103,30,73,247,8,239
S01010276,All households,625,242,62,180,383,13,370
S01010276,Whole house or bungalow: Total,2,2,0,2,0,0,0
S01010276,Whole house or bungalow: Detached,1,1,0,1,0,0,0
S01010276,Whole house or bungalow: Semi-detached,1,1,0,1,0,0,0
S01010276,Whole house or bungalow: Terraced (including end-terrace),0,0,0,0,0,0,0
S01010276,Flat maisonette or apartment or mobile/temporary accommodation,623,240,62,178,383,13,370
S01010277,All households,305,47,19,28,258,194,64
S01010277,Whole house or bungalow: Total,8,2,1,1,6,4,2
S01010277,Whole house or bungalow: Detached,0,0,0,0,0,0,0
S01010277,Whole house or bungalow: Semi-detached,2,0,0,0,2,1,1
S01010277,Whole house or bungalow: Terraced (including end-terrace),6,2,1,1,4,3,1
S01010277,Flat maisonette or apartment or mobile/temporary accommodation,297,45,18,27,252,190,62
S01010278,All households,330,62,19,43,268,215,53
S01010278,Whole house or bungalow: Total,14,4,2,2,10,10,0
S01010278,Whole house or bungalow: Detached,1,1,0,1,0,0,0
S01010278,Whole house or bungalow: Semi-detached,1,1,1,0,0,0,0
S01010278,Whole house or bungalow: Terraced (including end-terrace),12,2,1,1,10,10,0
S01010278,Flat maisonette or apartment or mobile/temporary accommodation,316,58,17,41,258,205,53
S01010279,All households,312,74,25,49,238,126,112
S01010279,Whole house or bungalow: Total,8,4,2,2,4,1,3
S01010279,Whole house or bungalow: Detached,1,1,1,0,0,0,0
S01010279,Whole house or bungalow: Semi-detached,2,1,0,1,1,0,1
S01010279,Whole house or bungalow: Terraced (including end-terrace),5,2,1,1,3,1,2
S01010279,Flat maisonette or apartment or mobile/temporary accommodation,304,70,23,47,234,125,109
S01010280,All households,426,125,46,79,301,82,219
S01010280,Whole house or bungalow: Total,7,5,1,4,2,1,1
S01010280,Whole house or bungalow: Detached,4,2,1,1,2,1,1
S01010280,Whole house or bungalow: Semi-detached,1,1,0,1,0,0,0
S01010280,Whole house or bungalow: Terraced (including end-terrace),2,2,0,2,0,0,0
S01010280,Flat maisonette or apartment or mobile/temporary accommodation,419,120,45,75,299,81,218
S01010281,All households,466,166,43,123,300,62,238
S01010281,Whole house or bungalow: Total,4,2,1,1,2,0,2
S01010281,Whole house or bungalow: Detached,0,0,0,0,0,0,0
S01010281,Whole house or bungalow: Semi-detached,0,0,0,0,0,0,0
S01010281,Whole house or bungalow: Terraced (including end-terrace),4,2,1,1,2,0,2
S01010281,Flat maisonette or apartment or mobile/temporary accommodation,462,164,42,122,298,62,236
S01010282,All households,645,172,64,108,473,278,195
S01010282,Whole house or bungalow: Total,7,2,0,2,5,3,2
S01010282,Whole house or bungalow: Detached,1,0,0,0,1,0,1
S01010282,Whole house or bungalow: Semi-detached,2,1,0,1,1,1,0
S01010282,Whole house or bungalow: Terraced (including end-terrace),4,1,0,1,3,2,1
S01010282,Flat maisonette or apartment or mobile/temporary accommodation,638,170,64,106,468,275,193
S01010283,All households,296,83,23,60,213,59,154
S01010283,Whole house or bungalow: Total,6,1,1,0,5,4,1
S01010283,Whole house or bungalow: Detached,2,1,1,0,1,1,0
S01010283,Whole house or bungalow: Semi-detached,0,0,0,0,0,0,0
S01010283,Whole house or bungalow: Terraced (including end-terrace),4,0,0,0,4,3,1
S01010283,Flat maisonette or apartment or mobile/temporary accommodation,290,82,22,60,208,55,153
S01010284,All households,638,234,56,178,404,96,308
S01010284,Whole house or bungalow: Total,9,3,0,3,6,1,5
S01010284,Whole house or bungalow: Detached,1,1,0,1,0,0,0
S01010284,Whole house or bungalow: Semi-detached,2,1,0,1,1,0,1
S01010284,Whole house or bungalow: Terraced (including end-terrace),6,1,0,1,5,1,4
S01010284,Flat maisonette or apartment or mobile/temporary accommodation,629,231,56,175,398,95,303
S01010285,All households,420,111,30,81,309,135,174
S01010285,Whole house or bungalow: Total,12,7,2,5,5,1,4
S01010285,Whole house or bungalow: Detached,0,0,0,0,0,0,0
S01010285,Whole house or bungalow: Semi-detached,2,0,0,0,2,1,1
S01010285,Whole house or bungalow: Terraced (including end-terrace),10,7,2,5,3,0,3
S01010285,Flat maisonette or apartment or mobile/temporary accommodation,408,104,28,76,304,134,170
S01010286,All households,365,129,30,99,236,57,179
S01010286,Whole house or bungalow: Total,7,4,0,4,3,1,2
S01010286,Whole house or bungalow: Detached,0,0,0,0,0,0,0
S01010286,Whole house or bungalow: Semi-detached,2,2,0,2,0,0,0
S01010286,Whole house or bungalow: Terraced (including end-terrace),5,2,0,2,3,1,2
S01010286,Flat maisonette or apartment or mobile/temporary accommodation,358,125,30,95,233,56,177
S01010287,All households,387,145,49,96,242,26,216
S01010287,Whole house or bungalow: Total,9,4,2,2,5,4,1
S01010287,Whole house or bungalow: Detached,1,1,0,1,0,0,0
S01010287,Whole house or bungalow: Semi-detached,2,1,1,0,1,1,0
S01010287,Whole house or bungalow: Terraced (including end-terrace),6,2,1,1,4,3,1
S01010287,Flat maisonette or apartment or mobile/temporary accommodation,378,141,47,94,237,22,215
S01010288,All households,349,136,45,91,213,31,182
S01010288,Whole house or bungalow: Total,20,11,5,6,9,2,7
S01010288,Whole house or bungalow: Detached,4,2,1,1,2,0,2
S01010288,Whole house or bungalow: Semi-detached,1,1,0,1,0,0,0
S01010288,Whole house or bungalow: Terraced (including end-terrace),15,8,4,4,7,2,5
S01010288,Flat maisonette or apartment or mobile/temporary accommodation,329,125,40,85,204,29,175
S01010289,All households,380,254,66,188,126,11,115
S01010289,Whole house or bungalow: Total,45,35,6,29,10,0,10
S01010289,Whole house or bungalow: Detached,7,3,1,2,4,0,4
S01010289,Whole house or bungalow: Semi-detached,6,5,2,3,1,0,1
S01010289,Whole house or bungalow: Terraced (including end-terrace),32,27,3,24,5,0,5
S01010289,Flat maisonette or apartment or mobile/temporary accommodation,335,219,60,159,116,11,105
S01010290,All households,278,87,29,58,191,66,125
S01010290,Whole house or bungalow: Total,6,4,3,1,2,2,0
S01010290,Whole house or bungalow: Detached,1,1,1,0,0,0,0
S01010290,Whole house or bungalow: Semi-detached,3,3,2,1,0,0,0
S01010290,Whole house or bungalow: Terraced (including end-terrace),2,0,0,0,2,2,0
S01010290,Flat maisonette or apartment or mobile/temporary accommodation,272,83,26,57,189,64,125
S01010291,All households,481,130,53,77,351,126,225
S01010291,Whole house or bungalow: Total,17,11,5,6,6,4,2
S01010291,Whole house or bungalow: Detached,4,2,1,1,2,0,2
S01010291,Whole house or bungalow: Semi-detached,3,3,0,3,0,0,0
S01010291,Whole house or bungalow: Terraced (including end-terrace),10,6,4,2,4,4,0
S01010291,Flat maisonette or apartment or mobile/temporary accommodation,464,119,48,71,345,122,223
S01010292,All households,409,198,81,117,211,11,200
S01010292,Whole house or bungalow: Total,6,5,2,3,1,1,0
S01010292,Whole house or bungalow: Detached,2,2,0,2,0,0,0
S01010292,Whole house or bungalow: Semi-detached,3,2,1,1,1,1,0
S01010292,Whole house or bungalow: Terraced (including end-terrace),1,1,1,0,0,0,0
S01010292,Flat maisonette or apartment or mobile/temporary accommodation,403,193,79,114,210,10,200
S01010293,All households,373,106,30,76,267,89,178
S01010293,Whole house or bungalow: Total,8,4,1,3,4,1,3
S01010293,Whole house or bungalow: Detached,1,1,1,0,0,0,0
S01010293,Whole house or bungalow: Semi-detached,2,0,0,0,2,0,2
S01010293,Whole house or bungalow: Terraced (including end-terrace),5,3,0,3,2,1,1
S01010293,Flat maisonette or apartment or mobile/temporary accommodation,365,102,29,73,263,88,175
S01010294,All households,275,114,58,56,161,16,145
S01010294,Whole house or bungalow: Total,6,5,2,3,1,0,1
S01010294,Whole house or bungalow: Detached,4,4,1,3,0,0,0
S01010294,Whole house or bungalow: Semi-detached,0,0,0,0,0,0,0
S01010294,Whole house or bungalow: Terraced (including end-terrace),2,1,1,0,1,0,1
S01010294,Flat maisonette or apartment or mobile/temporary accommodation,269,109,56,53,160,16,144
S01010295,All households,427,160,62,98,267,23,244
S01010295,Whole house or bungalow: Total,13,6,5,1,7,2,5
S01010295,Whole house or bungalow: Detached,4,3,2,1,1,0,1
S01010295,Whole house or bungalow: Semi-detached,5,2,2,0,3,1,2
S01010295,Whole house or bungalow: Terraced (including end-terrace),4,1,1,0,3,1,2
S01010295,Flat maisonette or apartment or mobile/temporary accommodation,414,154,57,97,260,21,239
S01010296,All households,291,90,29,61,201,96,105
S01010296,Whole house or bungalow: Total,9,4,1,3,5,2,3
S01010296,Whole house or bungalow: Detached,0,0,0,0,0,0,0
S01010296,Whole house or bungalow: Semi-detached,4,1,1,0,3,1,2
S01010296,Whole house or bungalow: Terraced (including end-terrace),5,3,0,3,2,1,1
S01010296,Flat maisonette or apartment or mobile/temporary accommodation,282,86,28,58,196,94,102
S01010297,All households,676,173,82,91,503,332,171
S01010297,Whole house or bungalow: Total,43,15,9,6,28,21,7
S01010297,Whole house or bungalow: Detached,7,1,0,1,6,4,2
S01010297,Whole house or bungalow: Semi-detached,13,3,2,1,10,7,3
S01010297,Whole house or bungalow: Terraced (including end-terrace),23,11,7,4,12,10,2
S01010297,Flat maisonette or apartment or mobile/temporary accommodation,633,158,73,85,475,311,164
S01010298,All households,515,132,54,78,383,266,117
S01010298,Whole house or bungalow: Total,25,12,4,8,13,10,3
S01010298,Whole house or bungalow: Detached,2,1,0,1,1,1,0
S01010298,Whole house or bungalow: Semi-detached,3,3,1,2,0,0,0
S01010298,Whole house or bungalow: Terraced (including end-terrace),20,8,3,5,12,9,3
S01010298,Flat maisonette or apartment or mobile/temporary accommodation,490,120,50,70,370,256,114
S01010299,All households,292,66,31,35,226,189,37
S01010299,Whole house or bungalow: Total,18,4,2,2,14,10,4
S01010299,Whole house or bungalow: Detached,1,0,0,0,1,0,1
S01010299,Whole house or bungalow: Semi-detached,4,3,1,2,1,0,1
S01010299,Whole house or bungalow: Terraced (including end-terrace),13,1,1,0,12,10,2
S01010299,Flat maisonette or apartment or mobile/temporary accommodation,274,62,29,33,212,179,33
S01010300,All households,478,115,46,69,363,194,169
S01010300,Whole house or bungalow: Total,21,7,0,7,14,12,2
S01010300,Whole house or bungalow: Detached,3,0,0,0,3,2,1
S01010300,Whole house or bungalow: Semi-detached,7,4,0,4,3,2,1
S01010300,Whole house or bungalow: Terraced (including end-terrace),11,3,0,3,8,8,0
S01010300,Flat maisonette or apartment or mobile/temporary accommodation,457,108,46,62,349,182,167
S01010301,All households,283,107,27,80,176,23,153
S01010301,Whole house or bungalow: Total,2,1,0,1,1,1,0
S01010301,Whole house or bungalow: Detached,0,0,0,0,0,0,0
S01010301,Whole house or bungalow: Semi-detached,1,1,0,1,0,0,0
S01010301,Whole house or bungalow: Terraced (including end-terrace),1,0,0,0,1,1,0
S01010301,Flat maisonette or apartment or mobile/temporary accommodation,281,106,27,79,175,22,153
S01010302,All households,388,59,28,31,329,291,38
S01010302,Whole house or bungalow: Total,13,4,2,2,9,7,2
S01010302,Whole house or bungalow: Detached,3,1,0,1,2,2,0
S01010302,Whole house or bungalow: Semi-detached,5,2,2,0,3,1,2
S01010302,Whole house or bungalow: Terraced (including end-terrace),5,1,0,1,4,4,0
S01010302,Flat maisonette or apartment or mobile/temporary accommodation,375,55,26,29,320,284,36
S01010303,All households,250,27,13,14,223,205,18
S01010303,Whole house or bungalow: Total,8,5,0,5,3,1,2
S01010303,Whole house or bungalow: Detached,3,2,0,2,1,0,1
S01010303,Whole house or bungalow: Semi-detached,5,3,0,3,2,1,1
S01010303,Whole house or bungalow: Terraced (including end-terrace),0,0,0,0,0,0,0
S01010303,Flat maisonette or apartment or mobile/temporary accommodation,242,22,13,9,220,204,16
S01010304,All households,332,78,24,54,254,194,60
S01010304,Whole house or bungalow: Total,23,10,6,4,13,10,3
S01010304,Whole house or bungalow: Detached,3,0,0,0,3,2,1
S01010304,Whole house or bungalow: Semi-detached,4,2,2,0,2,2,0
S01010304,Whole house or bungalow: Terraced (including end-terrace),16,8,4,4,8,6,2
S01010304,Flat maisonette or apartment or mobile/temporary accommodation,309,68,18,50,241,184,57
S01010305,All households,478,155,49,106,323,219,104
S01010305,Whole house or bungalow: Total,73,33,11,22,40,39,1
S01010305,Whole house or bungalow: Detached,6,1,0,1,5,5,0
S01010305,Whole house or bungalow: Semi-detached,8,5,2,3,3,3,0
S01010305,Whole house or bungalow: Terraced (including end-terrace),59,27,9,18,32,31,1
S01010305,Flat maisonette or apartment or mobile/temporary accommodation,405,122,38,84,283,180,103
S01010306,All households,449,175,59,116,274,91,183
S01010306,Whole house or bungalow: Total,36,21,7,14,15,12,3
S01010306,Whole house or bungalow: Detached,1,0,0,0,1,0,1
S01010306,Whole house or bungalow: Semi-detached,0,0,0,0,0,0,0
S01010306,Whole house or bungalow: Terraced (including end-terrace),35,21,7,14,14,12,2
S01010306,Flat maisonette or apartment or mobile/temporary accommodation,413,154,52,102,259,79,180
S01010307,All households,428,229,76,153,199,31,168
S01010307,Whole house or bungalow: Total,14,11,5,6,3,1,2
S01010307,Whole house or bungalow: Detached,0,0,0,0,0,0,0
S01010307,Whole house or bungalow: Semi-detached,0,0,0,0,0,0,0
S01010307,Whole house or bungalow: Terraced (including end-terrace),14,11,5,6,3,1,2
S01010307,Flat maisonette or apartment or mobile/temporary accommodation,414,218,71,147,196,30,166
S01010308,All households,480,232,81,151,248,48,200
S01010308,Whole house or bungalow: Total,31,26,11,15,5,2,3
S01010308,Whole house or bungalow: Detached,1,1,0,1,0,0,0
S01010308,Whole house or bungalow: Semi-detached,1,1,1,0,0,0,0
S01010308,Whole house or bungalow: Terraced (including end-terrace),29,24,10,14,5,2,3
S01010308,Flat maisonette or apartment or mobile/temporary accommodation,449,206,70,136,243,46,197
S01010309,All households,264,70,36,34,194,173,21
S01010309,Whole house or bungalow: Total,20,4,0,4,16,12,4
S01010309,Whole house or bungalow: Detached,1,0,0,0,1,1,0
S01010309,Whole house or bungalow: Semi-detached,14,3,0,3,11,8,3
S01010309,Whole house or bungalow: Terraced (including end-terrace),5,1,0,1,4,3,1
S01010309,Flat maisonette or apartment or mobile/temporary accommodation,244,66,36,30,178,161,17
S01010310,All households,381,67,11,56,314,216,98
S01010310,Whole house or bungalow: Total,77,42,7,35,35,17,18
S01010310,Whole house or bungalow: Detached,4,0,0,0,4,3,1
S01010310,Whole house or bungalow: Semi-detached,38,23,6,17,15,5,10
S01010310,Whole house or bungalow: Terraced (including end-terrace),35,19,1,18,16,9,7
S01010310,Flat maisonette or apartment or mobile/temporary accommodation,304,25,4,21,279,199,80
S01010311,All households,351,60,27,33,291,262,29
S01010311,Whole house or bungalow: Total,73,11,1,10,62,60,2
S01010311,Whole house or bungalow: Detached,6,1,0,1,5,5,0
S01010311,Whole house or bungalow: Semi-detached,38,4,1,3,34,32,2
S01010311,Whole house or bungalow: Terraced (including end-terrace),29,6,0,6,23,23,0
S01010311,Flat maisonette or apartment or mobile/temporary accommodation,278,49,26,23,229,202,27
S01010312,All households,425,4,1,3,421,418,3
S01010312,Whole house or bungalow: Total,169,1,0,1,168,167,1
S01010312,Whole house or bungalow: Detached,11,0,0,0,11,11,0
S01010312,Whole house or bungalow: Semi-detached,99,0,0,0,99,98,1
S01010312,Whole house or bungalow: Terraced (including end-terrace),59,1,0,1,58,58,0
S01010312,Flat maisonette or apartment or mobile/temporary accommodation,256,3,1,2,253,251,2
S01010313,All households,356,20,11,9,336,316,20
S01010313,Whole house or bungalow: Total,15,2,2,0,13,11,2
S01010313,Whole house or bungalow: Detached,1,0,0,0,1,1,0
S01010313,Whole house or bungalow: Semi-detached,5,1,1,0,4,2,2
S01010313,Whole house or bungalow: Terraced (including end-terrace),9,1,1,0,8,8,0
S01010313,Flat maisonette or apartment or mobile/temporary accommodation,341,18,9,9,323,305,18
S01010314,All households,550,109,11,98,441,393,48
S01010314,Whole house or bungalow: Total,86,16,2,14,70,68,2
S01010314,Whole house or bungalow: Detached,6,0,0,0,6,5,1
S01010314,Whole house or bungalow: Semi-detached,16,4,0,4,12,12,0
S01010314,Whole house or bungalow: Terraced (including end-terrace),64,12,2,10,52,51,1
S01010314,Flat maisonette or apartment or mobile/temporary accommodation,464,93,9,84,371,325,46
S01010315,All households,409,181,46,135,228,137,91
S01010315,Whole house or bungalow: Total,144,110,24,86,34,10,24
S01010315,Whole house or bungalow: Detached,9,5,2,3,4,1,3
S01010315,Whole house or bungalow: Semi-detached,110,87,18,69,23,5,18
S01010315,Whole house or bungalow: Terraced (including end-terrace),25,18,4,14,7,4,3
S01010315,Flat maisonette or apartment or mobile/temporary accommodation,265,71,22,49,194,127,67
S01010316,All households,304,34,9,25,270,232,38
S01010316,Whole house or bungalow: Total,22,0,0,0,22,21,1
S01010316,Whole house or bungalow: Detached,6,0,0,0,6,5,1
S01010316,Whole house or bungalow: Semi-detached,8,0,0,0,8,8,0
S01010316,Whole house or bungalow: Terraced (including end-terrace),8,0,0,0,8,8,0
S01010316,Flat maisonette or apartment or mobile/temporary accommodation,282,34,9,25,248,211,37
S01010317,All households,394,191,58,133,203,44,159
S01010317,Whole house or bungalow: Total,26,13,5,8,13,11,2
S01010317,Whole house or bungalow: Detached,1,1,0,1,0,0,0
S01010317,Whole house or bungalow: Semi-detached,2,0,0,0,2,1,1
S01010317,Whole house or bungalow: Terraced (including end-terrace),23,12,5,7,11,10,1
S01010317,Flat maisonette or apartment or mobile/temporary accommodation,368,178,53,125,190,33,157
S01010318,All households,304,39,10,29,265,205,60
S01010318,Whole house or bungalow: Total,8,3,2,1,5,1,4
S01010318,Whole house or bungalow: Detached,1,0,0,0,1,0,1
S01010318,Whole house or bungalow: Semi-detached,4,3,2,1,1,0,1
S01010318,Whole house or bungalow: Terraced (including end-terrace),3,0,0,0,3,1,2
S01010318,Flat maisonette or apartment or mobile/temporary accommodation,296,36,8,28,260,204,56
S01010319,All households,407,189,45,144,218,96,122
S01010319,Whole house or bungalow: Total,68,46,13,33,22,13,9
S01010319,Whole house or bungalow: Detached,6,2,0,2,4,3,1
S01010319,Whole house or bungalow: Semi-detached,17,11,4,7,6,3,3
S01010319,Whole house or bungalow: Terraced (including end-terrace),45,33,9,24,12,7,5
S01010319,Flat maisonette or apartment or mobile/temporary accommodation,339,143,32,111,196,83,113
S01010320,All households,437,107,21,86,330,211,119
S01010320,Whole house or bungalow: Total,7,1,0,1,6,5,1
S01010320,Whole house or bungalow: Detached,1,1,0,1,0,0,0
S01010320,Whole house or bungalow: Semi-detached,2,0,0,0,2,1,1
S01010320,Whole house or bungalow: Terraced (including end-terrace),4,0,0,0,4,4,0
S01010320,Flat maisonette or apartment or mobile/temporary accommodation,430,106,21,85,324,206,118
S01010321,All households,432,146,43,103,286,158,128
S01010321,Whole house or bungalow: Total,7,4,0,4,3,3,0
S01010321,Whole house or bungalow: Detached,1,1,0,1,0,0,0
S01010321,Whole house or bungalow: Semi-detached,4,2,0,2,2,2,0
S01010321,Whole house or bungalow: Terraced (including end-terrace),2,1,0,1,1,1,0
S01010321,Flat maisonette or apartment or mobile/temporary accommodation,425,142,43,99,283,155,128
S01010322,All households,549,307,131,176,242,19,223
S01010322,Whole house or bungalow: Total,28,27,14,13,1,1,0
S01010322,Whole house or bungalow: Detached,6,6,5,1,0,0,0
S01010322,Whole house or bungalow: Semi-detached,11,10,4,6,1,1,0
S01010322,Whole house or bungalow: Terraced (including end-terrace),11,11,5,6,0,0,0
S01010322,Flat maisonette or apartment or mobile/temporary accommodation,521,280,117,163,241,18,223
S01010323,All households,377,11,6,5,366,358,8
S01010323,Whole house or bungalow: Total,57,4,2,2,53,52,1
S01010323,Whole house or bungalow: Detached,9,1,1,0,8,8,0
S01010323,Whole house or bungalow: Semi-detached,30,1,1,0,29,28,1
S01010323,Whole house or bungalow: Terraced (including end-terrace),18,2,0,2,16,16,0
S01010323,Flat maisonette or apartment or mobile/temporary accommodation,320,7,4,3,313,306,7
S01010324,All households,403,138,81,57,265,235,30
S01010324,Whole house or bungalow: Total,171,86,46,40,85,75,10
S01010324,Whole house or bungalow: Detached,6,5,2,3,1,0,1
S01010324,Whole house or bungalow: Semi-detached,110,48,31,17,62,56,6
S01010324,Whole house or bungalow: Terraced (including end-terrace),55,33,13,20,22,19,3
S01010324,Flat maisonette or apartment or mobile/temporary accommodation,232,52,35,17,180,160,20
S01010325,All households,501,226,150,76,275,242,33
S01010325,Whole house or bungalow: Total,126,47,31,16,79,75,4
S01010325,Whole house or bungalow: Detached,3,2,0,2,1,1,0
S01010325,Whole house or bungalow: Semi-detached,107,38,27,11,69,65,4
S01010325,Whole house or bungalow: Terraced (including end-terrace),16,7,4,3,9,9,0
S01010325,Flat maisonette or apartment or mobile/temporary accommodation,375,179,119,60,196,167,29
S01010326,All households,494,60,19,41,434,410,24
S01010326,Whole house or bungalow: Total,158,39,9,30,119,114,5
S01010326,Whole house or bungalow: Detached,18,2,2,0,16,14,2
S01010326,Whole house or bungalow: Semi-detached,78,29,5,24,49,47,2
S01010326,Whole house or bungalow: Terraced (including end-terrace),62,8,2,6,54,53,1
S01010326,Flat maisonette or apartment or mobile/temporary accommodation,336,21,10,11,315,296,19
S01010327,All households,362,137,22,115,225,186,39
S01010327,Whole house or bungalow: Total,260,121,17,104,139,110,29
S01010327,Whole house or bungalow: Detached,21,12,4,8,9,7,2
S01010327,Whole house or bungalow: Semi-detached,150,81,11,70,69,49,20
S01010327,Whole house or bungalow: Terraced (including end-terrace),89,28,2,26,61,54,7
S01010327,Flat maisonette or apartment or mobile/temporary accommodation,102,16,5,11,86,76,10
S01010328,All households,445,263,100,163,182,128,54
S01010328,Whole house or bungalow: Total,214,163,50,113,51,34,17
S01010328,Whole house or bungalow: Detached,43,39,9,30,4,2,2
S01010328,Whole house or bungalow: Semi-detached,103,74,33,41,29,20,9
S01010328,Whole house or bungalow: Terraced (including end-terrace),68,50,8,42,18,12,6
S01010328,Flat maisonette or apartment or mobile/temporary accommodation,231,100,50,50,131,94,37
S01010329,All households,290,149,75,74,141,108,33
S01010329,Whole house or bungalow: Total,62,37,13,24,25,16,9
S01010329,Whole house or bungalow: Detached,8,6,1,5,2,1,1
S01010329,Whole house or bungalow: Semi-detached,46,25,11,14,21,14,7
S01010329,Whole house or bungalow: Terraced (including end-terrace),8,6,1,5,2,1,1
S01010329,Flat maisonette or apartment or mobile/temporary accommodation,228,112,62,50,116,92,24
S01010330,All households,299,73,26,47,226,213,13
S01010330,Whole house or bungalow: Total,163,66,24,42,97,88,9
S01010330,Whole house or bungalow: Detached,9,4,2,2,5,3,2
S01010330,Whole house or bungalow: Semi-detached,58,15,4,11,43,39,4
S01010330,Whole house or bungalow: Terraced (including end-terrace),96,47,18,29,49,46,3
S01010330,Flat maisonette or apartment or mobile/temporary accommodation,136,7,2,5,129,125,4
S01010331,All households,520,227,112,115,293,247,46
S01010331,Whole house or bungalow: Total,77,29,12,17,48,43,5
S01010331,Whole house or bungalow: Detached,3,1,1,0,2,2,0
S01010331,Whole house or bungalow: Semi-detached,41,13,5,8,28,23,5
S01010331,Whole house or bungalow: Terraced (including end-terrace),33,15,6,9,18,18,0
S01010331,Flat maisonette or apartment or mobile/temporary accommodation,443,198,100,98,245,204,41
S01010332,All households,279,126,41,85,153,130,23
S01010332,Whole house or bungalow: Total,203,100,34,66,103,89,14
S01010332,Whole house or bungalow: Detached,7,3,0,3,4,3,1
S01010332,Whole house or bungalow: Semi-detached,74,37,11,26,37,33,4
S01010332,Whole house or bungalow: Terraced (including end-terrace),122,60,23,37,62,53,9
S01010332,Flat maisonette or apartment or mobile/temporary accommodation,76,26,7,19,50,41,9
S01010333,All households,487,230,104,126,257,193,64
S01010333,Whole house or bungalow: Total,111,72,29,43,39,29,10
S01010333,Whole house or bungalow: Detached,8,6,4,2,2,2,0
S01010333,Whole house or bungalow: Semi-detached,56,34,17,17,22,14,8
S01010333,Whole house or bungalow: Terraced (including end-terrace),47,32,8,24,15,13,2
S01010333,Flat maisonette or apartment or mobile/temporary accommodation,376,158,75,83,218,164,54
S01010334,All households,433,259,69,190,174,134,40
S01010334,Whole house or bungalow: Total,364,249,69,180,115,90,25
S01010334,Whole house or bungalow: Detached,5,3,2,1,2,2,0
S01010334,Whole house or bungalow: Semi-detached,165,118,43,75,47,39,8
S01010334,Whole house or bungalow: Terraced (including end-terrace),194,128,24,104,66,49,17
S01010334,Flat maisonette or apartment or mobile/temporary accommodation,69,10,0,10,59,44,15
S01010335,All households,345,163,76,87,182,159,23
S01010335,Whole house or bungalow: Total,209,117,51,66,92,82,10
S01010335,Whole house or bungalow: Detached,8,2,2,0,6,5,1
S01010335,Whole house or bungalow: Semi-detached,70,41,22,19,29,23,6
S01010335,Whole house or bungalow: Terraced (including end-terrace),131,74,27,47,57,54,3
S01010335,Flat maisonette or apartment or mobile/temporary accommodation,136,46,25,21,90,77,13
S01010336,All households,379,34,20,14,345,338,7
S01010336,Whole house or bungalow: Total,59,33,20,13,26,23,3
S01010336,Whole house or bungalow: Detached,2,1,1,0,1,1,0
S01010336,Whole house or bungalow: Semi-detached,15,7,5,2,8,6,2
S01010336,Whole house or bungalow: Terraced (including end-terrace),42,25,14,11,17,16,1
S01010336,Flat maisonette or apartment or mobile/temporary accommodation,320,1,0,1,319,315,4
S01010337,All households,278,131,53,78,147,133,14
S01010337,Whole house or bungalow: Total,261,129,53,76,132,119,13
S01010337,Whole house or bungalow: Detached,8,1,0,1,7,7,0
S01010337,Whole house or bungalow: Semi-detached,85,38,13,25,47,42,5
S01010337,Whole house or bungalow: Terraced (including end-terrace),168,90,40,50,78,70,8
S01010337,Flat maisonette or apartment or mobile/temporary accommodation,17,2,0,2,15,14,1
S01010338,All households,356,93,40,53,263,251,12
S01010338,Whole house or bungalow: Total,160,77,34,43,83,74,9
S01010338,Whole house or bungalow: Detached,4,2,0,2,2,2,0
S01010338,Whole house or bungalow: Semi-detached,40,21,5,16,19,19,0
S01010338,Whole house or bungalow: Terraced (including end-terrace),116,54,29,25,62,53,9
S01010338,Flat maisonette or apartment or mobile/temporary accommodation,196,16,6,10,180,177,3
S01010339,All households,284,169,86,83,115,99,16
S01010339,Whole house or bungalow: Total,163,114,58,56,49,43,6
S01010339,Whole house or bungalow: Detached,1,1,0,1,0,0,0
S01010339,Whole house or bungalow: Semi-detached,84,59,33,26,25,25,0
S01010339,Whole house or bungalow: Terraced (including end-terrace),78,54,25,29,24,18,6
S01010339,Flat maisonette or apartment or mobile/temporary accommodation,121,55,28,27,66,56,10
S01010340,All households,349,123,44,79,226,214,12
S01010340,Whole house or bungalow: Total,120,74,24,50,46,40,6
S01010340,Whole house or bungalow: Detached,3,1,0,1,2,1,1
S01010340,Whole house or bungalow: Semi-detached,57,37,10,27,20,15,5
S01010340,Whole house or bungalow: Terraced (including end-terrace),60,36,14,22,24,24,0
S01010340,Flat maisonette or apartment or mobile/temporary accommodation,229,49,20,29,180,174,6
S01010341,All households,253,181,68,113,72,57,15
S01010341,Whole house or bungalow: Total,153,120,51,69,33,24,9
S01010341,Whole house or bungalow: Detached,10,8,4,4,2,1,1
S01010341,Whole house or bungalow: Semi-detached,62,55,22,33,7,4,3
S01010341,Whole house or bungalow: Terraced (including end-terrace),81,57,25,32,24,19,5
S01010341,Flat maisonette or apartment or mobile/temporary accommodation,100,61,17,44,39,33,6
S01010342,All households,302,264,84,180,38,10,28
S01010342,Whole house or bungalow: Total,162,150,53,97,12,3,9
S01010342,Whole house or bungalow: Detached,22,21,7,14,1,0,1
S01010342,Whole house or bungalow: Semi-detached,125,119,43,76,6,2,4
S01010342,Whole house or bungalow: Terraced (including end-terrace),15,10,3,7,5,1,4
S01010342,Flat maisonette or apartment or mobile/temporary accommodation,140,114,31,83,26,7,19
S01010343,All households,365,329,77,252,36,9,27
S01010343,Whole house or bungalow: Total,298,276,59,217,22,2,20
S01010343,Whole house or bungalow: Detached,41,38,10,28,3,0,3
S01010343,Whole house or bungalow: Semi-detached,201,188,40,148,13,1,12
S01010343,Whole house or bungalow: Terraced (including end-terrace),56,50,9,41,6,1,5
S01010343,Flat maisonette or apartment or mobile/temporary accommodation,67,53,18,35,14,7,7
S01010344,All households,419,65,28,37,354,347,7
S01010344,Whole house or bungalow: Total,110,57,22,35,53,47,6
S01010344,Whole house or bungalow: Detached,2,1,0,1,1,1,0
S01010344,Whole house or bungalow: Semi-detached,62,43,16,27,19,15,4
S01010344,Whole house or bungalow: Terraced (including end-terrace),46,13,6,7,33,31,2
S01010344,Flat maisonette or apartment or mobile/temporary accommodation,309,8,6,2,301,300,1
S01010345,All households,160,136,27,109,24,4,20
S01010345,Whole house or bungalow: Total,151,132,26,106,19,0,19
S01010345,Whole house or bungalow: Detached,131,116,17,99,15,0,15
S01010345,Whole house or bungalow: Semi-detached,14,10,4,6,4,0,4
S01010345,Whole house or bungalow: Terraced (including end-terrace),6,6,5,1,0,0,0
S01010345,Flat maisonette or apartment or mobile/temporary accommodation,9,4,1,3,5,4,1
S01010346,All households,410,338,123,215,72,40,32
S01010346,Whole house or bungalow: Total,244,228,82,146,16,2,14
S01010346,Whole house or bungalow: Detached,61,57,21,36,4,1,3
S01010346,Whole house or bungalow: Semi-detached,109,98,38,60,11,1,10
S01010346,Whole house or bungalow: Terraced (including end-terrace),74,73,23,50,1,0,1
S01010346,Flat maisonette or apartment or mobile/temporary accommodation,166,110,41,69,56,38,18
S01010347,All households,466,145,61,84,321,270,51
S01010347,Whole house or bungalow: Total,38,22,5,17,16,11,5
S01010347,Whole house or bungalow: Detached,2,2,0,2,0,0,0
S01010347,Whole house or bungalow: Semi-detached,9,6,2,4,3,3,0
S01010347,Whole house or bungalow: Terraced (including end-terrace),27,14,3,11,13,8,5
S01010347,Flat maisonette or apartment or mobile/temporary accommodation,428,123,56,67,305,259,46
S01010348,All households,483,272,118,154,211,179,32
S01010348,Whole house or bungalow: Total,62,54,24,30,8,6,2
S01010348,Whole house or bungalow: Detached,21,19,7,12,2,0,2
S01010348,Whole house or bungalow: Semi-detached,17,15,8,7,2,2,0
S01010348,Whole house or bungalow: Terraced (including end-terrace),24,20,9,11,4,4,0
S01010348,Flat maisonette or apartment or mobile/temporary accommodation,421,218,94,124,203,173,30
S01010349,All households,443,222,81,141,221,201,20
S01010349,Whole house or bungalow: Total,115,81,27,54,34,26,8
S01010349,Whole house or bungalow: Detached,13,10,3,7,3,3,0
S01010349,Whole house or bungalow: Semi-detached,26,21,6,15,5,1,4
S01010349,Whole house or bungalow: Terraced (including end-terrace),76,50,18,32,26,22,4
S01010349,Flat maisonette or apartment or mobile/temporary accommodation,328,141,54,87,187,175,12
S01010350,All households,475,131,67,64,344,326,18
S01010350,Whole house or bungalow: Total,86,51,21,30,35,29,6
S01010350,Whole house or bungalow: Detached,6,3,0,3,3,1,2
S01010350,Whole house or bungalow: Semi-detached,23,11,1,10,12,11,1
S01010350,Whole house or bungalow: Terraced (including end-terrace),57,37,20,17,20,17,3
S01010350,Flat maisonette or apartment or mobile/temporary accommodation,389,80,46,34,309,297,12
S01010351,All households,398,183,46,137,215,147,68
S01010351,Whole house or bungalow: Total,138,92,29,63,46,26,20
S01010351,Whole house or bungalow: Detached,9,4,1,3,5,0,5
S01010351,Whole house or bungalow: Semi-detached,71,48,18,30,23,18,5
S01010351,Whole house or bungalow: Terraced (including end-terrace),58,40,10,30,18,8,10
S01010351,Flat maisonette or apartment or mobile/temporary accommodation,260,91,17,74,169,121,48
S01010352,All households,276,126,61,65,150,122,28
S01010352,Whole house or bungalow: Total,33,18,7,11,15,9,6
S01010352,Whole house or bungalow: Detached,2,0,0,0,2,1,1
S01010352,Whole house or bungalow: Semi-detached,12,6,1,5,6,4,2
S01010352,Whole house or bungalow: Terraced (including end-terrace),19,12,6,6,7,4,3
S01010352,Flat maisonette or apartment or mobile/temporary accommodation,243,108,54,54,135,113,22
S01010353,All households,562,35,6,29,527,516,11
S01010353,Whole house or bungalow: Total,33,22,3,19,11,8,3
S01010353,Whole house or bungalow: Detached,1,1,0,1,0,0,0
S01010353,Whole house or bungalow: Semi-detached,13,6,1,5,7,5,2
S01010353,Whole house or bungalow: Terraced (including end-terrace),19,15,2,13,4,3,1
S01010353,Flat maisonette or apartment or mobile/temporary accommodation,529,13,3,10,516,508,8
S01010354,All households,375,128,58,70,247,183,64
S01010354,Whole house or bungalow: Total,117,58,21,37,59,45,14
S01010354,Whole house or bungalow: Detached,0,0,0,0,0,0,0
S01010354,Whole house or bungalow: Semi-detached,52,25,13,12,27,20,7
S01010354,Whole house or bungalow: Terraced (including end-terrace),65,33,8,25,32,25,7
S01010354,Flat maisonette or apartment or mobile/temporary accommodation,258,70,37,33,188,138,50
S01010355,All households,402,121,51,70,281,234,47
S01010355,Whole house or bungalow: Total,75,44,23,21,31,21,10
S01010355,Whole house or bungalow: Detached,5,2,2,0,3,2,1
S01010355,Whole house or bungalow: Semi-detached,25,16,10,6,9,4,5
S01010355,Whole house or bungalow: Terraced (including end-terrace),45,26,11,15,19,15,4
S01010355,Flat maisonette or apartment or mobile/temporary accommodation,327,77,28,49,250,213,37
S01010356,All households,308,182,28,154,126,80,46
S01010356,Whole house or bungalow: Total,129,100,13,87,29,16,13
S01010356,Whole house or bungalow: Detached,7,6,2,4,1,1,0
S01010356,Whole house or bungalow: Semi-detached,71,61,6,55,10,2,8
S01010356,Whole house or bungalow: Terraced (including end-terrace),51,33,5,28,18,13,5
S01010356,Flat maisonette or apartment or mobile/temporary accommodation,179,82,15,67,97,64,33
S01010357,All households,340,86,39,47,254,236,18
S01010357,Whole house or bungalow: Total,64,54,24,30,10,7,3
S01010357,Whole house or bungalow: Detached,1,0,0,0,1,0,1
S01010357,Whole house or bungalow: Semi-detached,15,12,4,8,3,3,0
S01010357,Whole house or bungalow: Terraced (including end-terrace),48,42,20,22,6,4,2
S01010357,Flat maisonette or apartment or mobile/temporary accommodation,276,32,15,17,244,229,15
S01010358,All households,507,137,68,69,370,332,38
S01010358,Whole house or bungalow: Total,21,6,4,2,15,11,4
S01010358,Whole house or bungalow: Detached,1,0,0,0,1,1,0
S01010358,Whole house or bungalow: Semi-detached,1,0,0,0,1,0,1
S01010358,Whole house or bungalow: Terraced (including end-terrace),19,6,4,2,13,10,3
S01010358,Flat maisonette or apartment or mobile/temporary accommodation,486,131,64,67,355,321,34
S01010359,All households,456,56,32,24,400,379,21
S01010359,Whole house or bungalow: Total,8,1,1,0,7,7,0
S01010359,Whole house or bungalow: Detached,1,0,0,0,1,1,0
S01010359,Whole house or bungalow: Semi-detached,1,1,1,0,0,0,0
S01010359,Whole house or bungalow: Terraced (including end-terrace),6,0,0,0,6,6,0
S01010359,Flat maisonette or apartment or mobile/temporary accommodation,448,55,31,24,393,372,21
S01010360,All households,285,72,21,51,213,185,28
S01010360,Whole house or bungalow: Total,50,29,10,19,21,16,5
S01010360,Whole house or bungalow: Detached,3,0,0,0,3,3,0
S01010360,Whole house or bungalow: Semi-detached,11,4,1,3,7,3,4
S01010360,Whole house or bungalow: Terraced (including end-terrace),36,25,9,16,11,10,1
S01010360,Flat maisonette or apartment or mobile/temporary accommodation,235,43,11,32,192,169,23
S01010361,All households,402,21,12,9,381,356,25
S01010361,Whole house or bungalow: Total,7,4,2,2,3,2,1
S01010361,Whole house or bungalow: Detached,3,1,1,0,2,2,0
S01010361,Whole house or bungalow: Semi-detached,2,2,0,2,0,0,0
S01010361,Whole house or bungalow: Terraced (including end-terrace),2,1,1,0,1,0,1
S01010361,Flat maisonette or apartment or mobile/temporary accommodation,395,17,10,7,378,354,24
S01010362,All households,611,87,52,35,524,497,27
S01010362,Whole house or bungalow: Total,24,14,9,5,10,9,1
S01010362,Whole house or bungalow: Detached,2,0,0,0,2,2,0
S01010362,Whole house or bungalow: Semi-detached,11,10,6,4,1,1,0
S01010362,Whole house or bungalow: Terraced (including end-terrace),11,4,3,1,7,6,1
S01010362,Flat maisonette or apartment or mobile/temporary accommodation,587,73,43,30,514,488,26
S01010363,All households,394,271,114,157,123,35,88
S01010363,Whole house or bungalow: Total,93,86,39,47,7,3,4
S01010363,Whole house or bungalow: Detached,6,5,3,2,1,0,1
S01010363,Whole house or bungalow: Semi-detached,62,59,27,32,3,2,1
S01010363,Whole house or bungalow: Terraced (including end-terrace),25,22,9,13,3,1,2
S01010363,Flat maisonette or apartment or mobile/temporary accommodation,301,185,75,110,116,32,84
S01010364,All households,337,314,151,163,23,11,12
S01010364,Whole house or bungalow: Total,319,304,147,157,15,6,9
S01010364,Whole house or bungalow: Detached,6,6,4,2,0,0,0
S01010364,Whole house or bungalow: Semi-detached,167,160,70,90,7,3,4
S01010364,Whole house or bungalow: Terraced (including end-terrace),146,138,73,65,8,3,5
S01010364,Flat maisonette or apartment or mobile/temporary accommodation,18,10,4,6,8,5,3
S01010365,All households,449,361,177,184,88,4,84
S01010365,Whole house or bungalow: Total,178,165,87,78,13,2,11
S01010365,Whole house or bungalow: Detached,23,20,12,8,3,0,3
S01010365,Whole house or bungalow: Semi-detached,117,107,63,44,10,2,8
S01010365,Whole house or bungalow: Terraced (including end-terrace),38,38,12,26,0,0,0
S01010365,Flat maisonette or apartment or mobile/temporary accommodation,271,196,90,106,75,2,73
S01010366,All households,502,391,168,223,111,14,97
S01010366,Whole house or bungalow: Total,210,200,110,90,10,1,9
S01010366,Whole house or bungalow: Detached,9,9,5,4,0,0,0
S01010366,Whole house or bungalow: Semi-detached,197,188,104,84,9,0,9
S01010366,Whole house or bungalow: Terraced (including end-terrace),4,3,1,2,1,1,0
S01010366,Flat maisonette or apartment or mobile/temporary accommodation,292,191,58,133,101,13,88
S01010367,All households,507,387,195,192,120,15,105
S01010367,Whole house or bungalow: Total,157,141,64,77,16,4,12
S01010367,Whole house or bungalow: Detached,20,15,7,8,5,2,3
S01010367,Whole house or bungalow: Semi-detached,107,98,43,55,9,2,7
S01010367,Whole house or bungalow: Terraced (including end-terrace),30,28,14,14,2,0,2
S01010367,Flat maisonette or apartment or mobile/temporary accommodation,350,246,131,115,104,11,93
S01010368,All households,355,282,148,134,73,5,68
S01010368,Whole house or bungalow: Total,95,88,46,42,7,0,7
S01010368,Whole house or bungalow: Detached,6,6,4,2,0,0,0
S01010368,Whole house or bungalow: Semi-detached,36,31,13,18,5,0,5
S01010368,Whole house or bungalow: Terraced (including end-terrace),53,51,29,22,2,0,2
S01010368,Flat maisonette or apartment or mobile/temporary accommodation,260,194,102,92,66,5,61
S01010369,All households,433,187,74,113,246,112,134
S01010369,Whole house or bungalow: Total,36,30,15,15,6,3,3
S01010369,Whole house or bungalow: Detached,7,6,4,2,1,0,1
S01010369,Whole house or bungalow: Semi-detached,21,19,9,10,2,1,1
S01010369,Whole house or bungalow: Terraced (including end-terrace),8,5,2,3,3,2,1
S01010369,Flat maisonette or apartment or mobile/temporary accommodation,397,157,59,98,240,109,131
S01010370,All households,335,201,70,131,134,13,121
S01010370,Whole house or bungalow: Total,41,28,14,14,13,4,9
S01010370,Whole house or bungalow: Detached,7,4,2,2,3,2,1
S01010370,Whole house or bungalow: Semi-detached,9,6,4,2,3,1,2
S01010370,Whole house or bungalow: Terraced (including end-terrace),25,18,8,10,7,1,6
S01010370,Flat maisonette or apartment or mobile/temporary accommodation,294,173,56,117,121,9,112
S01010371,All households,461,283,107,176,178,6,172
S01010371,Whole house or bungalow: Total,59,52,27,25,7,1,6
S01010371,Whole house or bungalow: Detached,4,2,1,1,2,0,2
S01010371,Whole house or bungalow: Semi-detached,9,7,6,1,2,1,1
S01010371,Whole house or bungalow: Terraced (including end-terrace),46,43,20,23,3,0,3
S01010371,Flat maisonette or apartment or mobile/temporary accommodation,402,231,80,151,171,5,166
S01010372,All households,226,161,65,96,65,11,54
S01010372,Whole house or bungalow: Total,10,8,3,5,2,0,2
S01010372,Whole house or bungalow: Detached,1,1,0,1,0,0,0
S01010372,Whole house or bungalow: Semi-detached,5,4,2,2,1,0,1
S01010372,Whole house or bungalow: Terraced (including end-terrace),4,3,1,2,1,0,1
S01010372,Flat maisonette or apartment or mobile/temporary accommodation,216,153,62,91,63,11,52
S01010373,All households,408,230,95,135,178,37,141
S01010373,Whole house or bungalow: Total,9,7,2,5,2,1,1
S01010373,Whole house or bungalow: Detached,5,5,2,3,0,0,0
S01010373,Whole house or bungalow: Semi-detached,2,1,0,1,1,1,0
S01010373,Whole house or bungalow: Terraced (including end-terrace),2,1,0,1,1,0,1
S01010373,Flat maisonette or apartment or mobile/temporary accommodation,399,223,93,130,176,36,140
S01010374,All households,469,282,129,153,187,21,166
S01010374,Whole house or bungalow: Total,43,36,18,18,7,1,6
S01010374,Whole house or bungalow: Detached,2,2,2,0,0,0,0
S01010374,Whole house or bungalow: Semi-detached,4,3,0,3,1,1,0
S01010374,Whole house or bungalow: Terraced (including end-terrace),37,31,16,15,6,0,6
S01010374,Flat maisonette or apartment or mobile/temporary accommodation,426,246,111,135,180,20,160
S01010375,All households,219,76,29,47,143,5,138
S01010375,Whole house or bungalow: Total,7,1,0,1,6,2,4
S01010375,Whole house or bungalow: Detached,1,0,0,0,1,0,1
S01010375,Whole house or bungalow: Semi-detached,2,0,0,0,2,1,1
S01010375,Whole house or bungalow: Terraced (including end-terrace),4,1,0,1,3,1,2
S01010375,Flat maisonette or apartment or mobile/temporary accommodation,212,75,29,46,137,3,134
S01010376,All households,367,129,40,89,238,32,206
S01010376,Whole house or bungalow: Total,17,14,5,9,3,0,3
S01010376,Whole house or bungalow: Detached,3,3,1,2,0,0,0
S01010376,Whole house or bungalow: Semi-detached,3,1,0,1,2,0,2
S01010376,Whole house or bungalow: Terraced (including end-terrace),11,10,4,6,1,0,1
S01010376,Flat maisonette or apartment or mobile/temporary accommodation,350,115,35,80,235,32,203
S01010377,All households,375,134,53,81,241,36,205
S01010377,Whole house or bungalow: Total,15,9,2,7,6,1,5
S01010377,Whole house or bungalow: Detached,3,2,0,2,1,0,1
S01010377,Whole house or bungalow: Semi-detached,2,1,0,1,1,1,0
S01010377,Whole house or bungalow: Terraced (including end-terrace),10,6,2,4,4,0,4
S01010377,Flat maisonette or apartment or mobile/temporary accommodation,360,125,51,74,235,35,200
S01010378,All households,272,108,29,79,164,14,150
S01010378,Whole house or bungalow: Total,10,4,1,3,6,2,4
S01010378,Whole house or bungalow: Detached,3,1,1,0,2,1,1
S01010378,Whole house or bungalow: Semi-detached,0,0,0,0,0,0,0
S01010378,Whole house or bungalow: Terraced (including end-terrace),7,3,0,3,4,1,3
S01010378,Flat maisonette or apartment or mobile/temporary accommodation,262,104,28,76,158,12,146
S01010379,All households,446,169,65,104,277,75,202
S01010379,Whole house or bungalow: Total,20,15,6,9,5,1,4
S01010379,Whole house or bungalow: Detached,0,0,0,0,0,0,0
S01010379,Whole house or bungalow: Semi-detached,3,3,1,2,0,0,0
S01010379,Whole house or bungalow: Terraced (including end-terrace),17,12,5,7,5,1,4
S01010379,Flat maisonette or apartment or mobile/temporary accommodation,426,154,59,95,272,74,198
S01010380,All households,521,274,128,146,247,69,178
S01010380,Whole house or bungalow: Total,12,7,5,2,5,1,4
S01010380,Whole house or bungalow: Detached,1,1,1,0,0,0,0
S01010380,Whole house or bungalow: Semi-detached,5,4,3,1,1,0,1
S01010380,Whole house or bungalow: Terraced (including end-terrace),6,2,1,1,4,1,3
S01010380,Flat maisonette or apartment or mobile/temporary accommodation,509,267,123,144,242,68,174
S01010381,All households,372,102,35,67,270,31,239
S01010381,Whole house or bungalow: Total,2,1,0,1,1,0,1
S01010381,Whole house or bungalow: Detached,2,1,0,1,1,0,1
S01010381,Whole house or bungalow: Semi-detached,0,0,0,0,0,0,0
S01010381,Whole house or bungalow: Terraced (including end-terrace),0,0,0,0,0,0,0
S01010381,Flat maisonette or apartment or mobile/temporary accommodation,370,101,35,66,269,31,238
S01010382,All households,483,198,76,122,285,97,188
S01010382,Whole house or bungalow: Total,3,1,0,1,2,0,2
S01010382,Whole house or bungalow: Detached,1,0,0,0,1,0,1
S01010382,Whole house or bungalow: Semi-detached,1,1,0,1,0,0,0
S01010382,Whole house or bungalow: Terraced (including end-terrace),1,0,0,0,1,0,1
S01010382,Flat maisonette or apartment or mobile/temporary accommodation,480,197,76,121,283,97,186
S01010383,All households,393,69,19,50,324,193,131
S01010383,Whole house or bungalow: Total,5,2,1,1,3,1,2
S01010383,Whole house or bungalow: Detached,4,1,1,0,3,1,2
S01010383,Whole house or bungalow: Semi-detached,1,1,0,1,0,0,0
S01010383,Whole house or bungalow: Terraced (including end-terrace),0,0,0,0,0,0,0
S01010383,Flat maisonette or apartment or mobile/temporary accommodation,388,67,18,49,321,192,129
S01010384,All households,454,198,81,117,256,47,209
S01010384,Whole house or bungalow: Total,9,2,1,1,7,4,3
S01010384,Whole house or bungalow: Detached,0,0,0,0,0,0,0
S01010384,Whole house or bungalow: Semi-detached,5,0,0,0,5,2,3
S01010384,Whole house or bungalow: Terraced (including end-terrace),4,2,1,1,2,2,0
S01010384,Flat maisonette or apartment or mobile/temporary accommodation,445,196,80,116,249,43,206
S01010385,All households,498,161,60,101,337,163,174
S01010385,Whole house or bungalow: Total,5,2,2,0,3,3,0
S01010385,Whole house or bungalow: Detached,1,1,1,0,0,0,0
S01010385,Whole house or bungalow: Semi-detached,1,1,1,0,0,0,0
S01010385,Whole house or bungalow: Terraced (including end-terrace),3,0,0,0,3,3,0
S01010385,Flat maisonette or apartment or mobile/temporary accommodation,493,159,58,101,334,160,174
S01010386,All households,528,132,37,95,396,259,137
S01010386,Whole house or bungalow: Total,40,17,9,8,23,19,4
S01010386,Whole house or bungalow: Detached,0,0,0,0,0,0,0
S01010386,Whole house or bungalow: Semi-detached,5,3,0,3,2,2,0
S01010386,Whole house or bungalow: Terraced (including end-terrace),35,14,9,5,21,17,4
S01010386,Flat maisonette or apartment or mobile/temporary accommodation,488,115,28,87,373,240,133
S01010387,All households,587,168,49,119,419,154,265
S01010387,Whole house or bungalow: Total,33,14,6,8,19,15,4
S01010387,Whole house or bungalow: Detached,1,1,0,1,0,0,0
S01010387,Whole house or bungalow: Semi-detached,5,1,0,1,4,2,2
S01010387,Whole house or bungalow: Terraced (including end-terrace),27,12,6,6,15,13,2
S01010387,Flat maisonette or apartment or mobile/temporary accommodation,554,154,43,111,400,139,261
S01010388,All households,584,185,60,125,399,268,131
S01010388,Whole house or bungalow: Total,65,27,13,14,38,37,1
S01010388,Whole house or bungalow: Detached,5,2,1,1,3,2,1
S01010388,Whole house or bungalow: Semi-detached,7,3,0,3,4,4,0
S01010388,Whole house or bungalow: Terraced (including end-terrace),53,22,12,10,31,31,0
S01010388,Flat maisonette or apartment or mobile/temporary accommodation,519,158,47,111,361,231,130
S01010389,All households,668,245,49,196,423,45,378
S01010389,Whole house or bungalow: Total,8,2,0,2,6,4,2
S01010389,Whole house or bungalow: Detached,0,0,0,0,0,0,0
S01010389,Whole house or bungalow: Semi-detached,0,0,0,0,0,0,0
S01010389,Whole house or bungalow: Terraced (including end-terrace),8,2,0,2,6,4,2
S01010389,Flat maisonette or apartment or mobile/temporary accommodation,660,243,49,194,417,41,376
S01010390,All households,716,307,78,229,409,118,291
S01010390,Whole house or bungalow: Total,14,10,4,6,4,3,1
S01010390,Whole house or bungalow: Detached,0,0,0,0,0,0,0
S01010390,Whole house or bungalow: Semi-detached,10,8,3,5,2,2,0
S01010390,Whole house or bungalow: Terraced (including end-terrace),4,2,1,1,2,1,1
S01010390,Flat maisonette or apartment or mobile/temporary accommodation,702,297,74,223,405,115,290
S01010391,All households,541,232,56,176,309,86,223
S01010391,Whole house or bungalow: Total,12,6,2,4,6,2,4
S01010391,Whole house or bungalow: Detached,0,0,0,0,0,0,0
S01010391,Whole house or bungalow: Semi-detached,1,1,0,1,0,0,0
S01010391,Whole house or bungalow: Terraced (including end-terrace),11,5,2,3,6,2,4
S01010391,Flat maisonette or apartment or mobile/temporary accommodation,529,226,54,172,303,84,219
S01010392,All households,416,130,32,98,286,12,274
S01010392,Whole house or bungalow: Total,7,5,3,2,2,1,1
S01010392,Whole house or bungalow: Detached,1,1,1,0,0,0,0
S01010392,Whole house or bungalow: Semi-detached,3,2,2,0,1,1,0
S01010392,Whole house or bungalow: Terraced (including end-terrace),3,2,0,2,1,0,1
S01010392,Flat maisonette or apartment or mobile/temporary accommodation,409,125,29,96,284,11,273
S01010393,All households,634,301,126,175,333,69,264
S01010393,Whole house or bungalow: Total,81,65,46,19,16,4,12
S01010393,Whole house or bungalow: Detached,8,8,6,2,0,0,0
S01010393,Whole house or bungalow: Semi-detached,15,10,8,2,5,1,4
S01010393,Whole house or bungalow: Terraced (including end-terrace),58,47,32,15,11,3,8
S01010393,Flat maisonette or apartment or mobile/temporary accommodation,553,236,80,156,317,65,252
S01010394,All households,516,105,44,61,411,361,50
S01010394,Whole house or bungalow: Total,17,10,2,8,7,5,2
S01010394,Whole house or bungalow: Detached,0,0,0,0,0,0,0
S01010394,Whole house or bungalow: Semi-detached,5,3,0,3,2,2,0
S01010394,Whole house or bungalow: Terraced (including end-terrace),12,7,2,5,5,3,2
S01010394,Flat maisonette or apartment or mobile/temporary accommodation,499,95,42,53,404,356,48
S01010395,All households,637,292,94,198,345,159,186
S01010395,Whole house or bungalow: Total,6,2,1,1,4,3,1
S01010395,Whole house or bungalow: Detached,2,1,1,0,1,0,1
S01010395,Whole house or bungalow: Semi-detached,1,0,0,0,1,1,0
S01010395,Whole house or bungalow: Terraced (including end-terrace),3,1,0,1,2,2,0
S01010395,Flat maisonette or apartment or mobile/temporary accommodation,631,290,93,197,341,156,185
S01010396,All households,585,190,74,116,395,189,206
S01010396,Whole house or bungalow: Total,6,4,2,2,2,1,1
S01010396,Whole house or bungalow: Detached,3,2,1,1,1,0,1
S01010396,Whole house or bungalow: Semi-detached,2,2,1,1,0,0,0
S01010396,Whole house or bungalow: Terraced (including end-terrace),1,0,0,0,1,1,0
S01010396,Flat maisonette or apartment or mobile/temporary accommodation,579,186,72,114,393,188,205
S01010397,All households,294,148,56,92,146,50,96
S01010397,Whole house or bungalow: Total,3,2,2,0,1,1,0
S01010397,Whole house or bungalow: Detached,0,0,0,0,0,0,0
S01010397,Whole house or bungalow: Semi-detached,0,0,0,0,0,0,0
S01010397,Whole house or bungalow: Terraced (including end-terrace),3,2,2,0,1,1,0
S01010397,Flat maisonette or apartment or mobile/temporary accommodation,291,146,54,92,145,49,96
S01010398,All households,583,352,150,202,231,12,219
S01010398,Whole house or bungalow: Total,80,73,45,28,7,0,7
S01010398,Whole house or bungalow: Detached,1,1,1,0,0,0,0
S01010398,Whole house or bungalow: Semi-detached,9,8,3,5,1,0,1
S01010398,Whole house or bungalow: Terraced (including end-terrace),70,64,41,23,6,0,6
S01010398,Flat maisonette or apartment or mobile/temporary accommodation,503,279,105,174,224,12,212
S01010399,All households,615,340,132,208,275,4,271
S01010399,Whole house or bungalow: Total,37,31,16,15,6,0,6
S01010399,Whole house or bungalow: Detached,1,1,1,0,0,0,0
S01010399,Whole house or bungalow: Semi-detached,7,6,3,3,1,0,1
S01010399,Whole house or bungalow: Terraced (including end-terrace),29,24,12,12,5,0,5
S01010399,Flat maisonette or apartment or mobile/temporary accommodation,578,309,116,193,269,4,265
S01010400,All households,530,390,182,208,140,29,111
S01010400,Whole house or bungalow: Total,81,74,42,32,7,1,6
S01010400,Whole house or bungalow: Detached,25,22,12,10,3,0,3
S01010400,Whole house or bungalow: Semi-detached,26,24,15,9,2,1,1
S01010400,Whole house or bungalow: Terraced (including end-terrace),30,28,15,13,2,0,2
S01010400,Flat maisonette or apartment or mobile/temporary accommodation,449,316,140,176,133,28,105
S01010401,All households,400,205,105,100,195,76,119
S01010401,Whole house or bungalow: Total,18,14,6,8,4,1,3
S01010401,Whole house or bungalow: Detached,2,2,0,2,0,0,0
S01010401,Whole house or bungalow: Semi-detached,3,3,0,3,0,0,0
S01010401,Whole house or bungalow: Terraced (including end-terrace),13,9,6,3,4,1,3
S01010401,Flat maisonette or apartment or mobile/temporary accommodation,382,191,99,92,191,75,116
S01010402,All households,513,351,160,191,162,34,128
S01010402,Whole house or bungalow: Total,32,29,13,16,3,1,2
S01010402,Whole house or bungalow: Detached,5,5,4,1,0,0,0
S01010402,Whole house or bungalow: Semi-detached,3,3,1,2,0,0,0
S01010402,Whole house or bungalow: Terraced (including end-terrace),24,21,8,13,3,1,2
S01010402,Flat maisonette or apartment or mobile/temporary accommodation,481,322,147,175,159,33,126
S01010403,All households,509,384,183,201,125,4,121
S01010403,Whole house or bungalow: Total,23,17,6,11,6,0,6
S01010403,Whole house or bungalow: Detached,3,3,0,3,0,0,0
S01010403,Whole house or bungalow: Semi-detached,2,2,1,1,0,0,0
S01010403,Whole house or bungalow: Terraced (including end-terrace),18,12,5,7,6,0,6
S01010403,Flat maisonette or apartment or mobile/temporary accommodation,486,367,177,190,119,4,115
S01010404,All households,406,279,130,149,127,37,90
S01010404,Whole house or bungalow: Total,50,47,29,18,3,0,3
S01010404,Whole house or bungalow: Detached,7,6,4,2,1,0,1
S01010404,Whole house or bungalow: Semi-detached,15,14,9,5,1,0,1
S01010404,Whole house or bungalow: Terraced (including end-terrace),28,27,16,11,1,0,1
S01010404,Flat maisonette or apartment or mobile/temporary accommodation,356,232,101,131,124,37,87
S01010405,All households,408,286,130,156,122,7,115
S01010405,Whole house or bungalow: Total,51,45,25,20,6,0,6
S01010405,Whole house or bungalow: Detached,8,7,3,4,1,0,1
S01010405,Whole house or bungalow: Semi-detached,5,4,2,2,1,0,1
S01010405,Whole house or bungalow: Terraced (including end-terrace),38,34,20,14,4,0,4
S01010405,Flat maisonette or apartment or mobile/temporary accommodation,357,241,105,136,116,7,109
S01010406,All households,435,239,95,144,196,9,187
S01010406,Whole house or bungalow: Total,25,21,9,12,4,1,3
S01010406,Whole house or bungalow: Detached,3,1,0,1,2,0,2
S01010406,Whole house or bungalow: Semi-detached,2,2,0,2,0,0,0
S01010406,Whole house or bungalow: Terraced (including end-terrace),20,18,9,9,2,1,1
S01010406,Flat maisonette or apartment or mobile/temporary accommodation,410,218,86,132,192,8,184
S01010407,All households,418,195,98,97,223,4,219
S01010407,Whole house or bungalow: Total,8,6,5,1,2,0,2
S01010407,Whole house or bungalow: Detached,1,1,1,0,0,0,0
S01010407,Whole house or bungalow: Semi-detached,2,2,1,1,0,0,0
S01010407,Whole house or bungalow: Terraced (including end-terrace),5,3,3,0,2,0,2
S01010407,Flat maisonette or apartment or mobile/temporary accommodation,410,189,93,96,221,4,217
S01010408,All households,272,155,67,88,117,89,28
S01010408,Whole house or bungalow: Total,84,82,30,52,2,0,2
S01010408,Whole house or bungalow: Detached,9,9,5,4,0,0,0
S01010408,Whole house or bungalow: Semi-detached,31,29,12,17,2,0,2
S01010408,Whole house or bungalow: Terraced (including end-terrace),44,44,13,31,0,0,0
S01010408,Flat maisonette or apartment or mobile/temporary accommodation,188,73,37,36,115,89,26
S01010409,All households,245,230,105,125,15,8,7
S01010409,Whole house or bungalow: Total,230,225,102,123,5,1,4
S01010409,Whole house or bungalow: Detached,69,66,21,45,3,0,3
S01010409,Whole house or bungalow: Semi-detached,104,103,49,54,1,1,0
S01010409,Whole house or bungalow: Terraced (including end-terrace),57,56,32,24,1,0,1
S01010409,Flat maisonette or apartment or mobile/temporary accommodation,15,5,3,2,10,7,3
S01010410,All households,248,216,100,116,32,5,27
S01010410,Whole house or bungalow: Total,147,140,60,80,7,2,5
S01010410,Whole house or bungalow: Detached,17,14,6,8,3,0,3
S01010410,Whole house or bungalow: Semi-detached,97,94,43,51,3,1,2
S01010410,Whole house or bungalow: Terraced (including end-terrace),33,32,11,21,1,1,0
S01010410,Flat maisonette or apartment or mobile/temporary accommodation,101,76,40,36,25,3,22
S01010411,All households,365,335,171,164,30,8,22
S01010411,Whole house or bungalow: Total,322,303,147,156,19,3,16
S01010411,Whole house or bungalow: Detached,9,9,4,5,0,0,0
S01010411,Whole house or bungalow: Semi-detached,76,68,35,33,8,0,8
S01010411,Whole house or bungalow: Terraced (including end-terrace),237,226,108,118,11,3,8
S01010411,Flat maisonette or apartment or mobile/temporary accommodation,43,32,24,8,11,5,6
S01010412,All households,424,243,107,136,181,7,174
S01010412,Whole house or bungalow: Total,82,75,37,38,7,1,6
S01010412,Whole house or bungalow: Detached,19,17,10,7,2,0,2
S01010412,Whole house or bungalow: Semi-detached,34,32,16,16,2,0,2
S01010412,Whole house or bungalow: Terraced (including end-terrace),29,26,11,15,3,1,2
S01010412,Flat maisonette or apartment or mobile/temporary accommodation,342,168,70,98,174,6,168
S01010413,All households,340,297,187,110,43,6,37
S01010413,Whole house or bungalow: Total,138,132,80,52,6,2,4
S01010413,Whole house or bungalow: Detached,36,36,21,15,0,0,0
S01010413,Whole house or bungalow: Semi-detached,96,91,58,33,5,1,4
S01010413,Whole house or bungalow: Terraced (including end-terrace),6,5,1,4,1,1,0
S01010413,Flat maisonette or apartment or mobile/temporary accommodation,202,165,107,58,37,4,33
S01010414,All households,497,355,173,182,142,73,69
S01010414,Whole house or bungalow: Total,243,215,102,113,28,5,23
S01010414,Whole house or bungalow: Detached,9,6,2,4,3,0,3
S01010414,Whole house or bungalow: Semi-detached,44,38,17,21,6,2,4
S01010414,Whole house or bungalow: Terraced (including end-terrace),190,171,83,88,19,3,16
S01010414,Flat maisonette or apartment or mobile/temporary accommodation,254,140,71,69,114,68,46
S01010415,All households,555,226,104,122,329,275,54
S01010415,Whole house or bungalow: Total,37,33,13,20,4,4,0
S01010415,Whole house or bungalow: Detached,2,1,0,1,1,1,0
S01010415,Whole house or bungalow: Semi-detached,12,9,4,5,3,3,0
S01010415,Whole house or bungalow: Terraced (including end-terrace),23,23,9,14,0,0,0
S01010415,Flat maisonette or apartment or mobile/temporary accommodation,518,193,91,102,325,271,54
S01010416,All households,322,252,138,114,70,8,62
S01010416,Whole house or bungalow: Total,143,138,81,57,5,1,4
S01010416,Whole house or bungalow: Detached,5,5,5,0,0,0,0
S01010416,Whole house or bungalow: Semi-detached,51,48,31,17,3,1,2
S01010416,Whole house or bungalow: Terraced (including end-terrace),87,85,45,40,2,0,2
S01010416,Flat maisonette or apartment or mobile/temporary accommodation,179,114,57,57,65,7,58
S01010417,All households,286,219,96,123,67,10,57
S01010417,Whole house or bungalow: Total,109,94,38,56,15,5,10
S01010417,Whole house or bungalow: Detached,5,3,1,2,2,0,2
S01010417,Whole house or bungalow: Semi-detached,17,12,6,6,5,4,1
S01010417,Whole house or bungalow: Terraced (including end-terrace),87,79,31,48,8,1,7
S01010417,Flat maisonette or apartment or mobile/temporary accommodation,177,125,58,67,52,5,47
S01010418,All households,561,388,158,230,173,31,142
S01010418,Whole house or bungalow: Total,76,71,35,36,5,0,5
S01010418,Whole house or bungalow: Detached,5,5,1,4,0,0,0
S01010418,Whole house or bungalow: Semi-detached,18,17,6,11,1,0,1
S01010418,Whole house or bungalow: Terraced (including end-terrace),53,49,28,21,4,0,4
S01010418,Flat maisonette or apartment or mobile/temporary accommodation,485,317,123,194,168,31,137
S01010419,All households,500,397,196,201,103,21,82
S01010419,Whole house or bungalow: Total,173,167,97,70,6,0,6
S01010419,Whole house or bungalow: Detached,3,3,2,1,0,0,0
S01010419,Whole house or bungalow: Semi-detached,30,29,17,12,1,0,1
S01010419,Whole house or bungalow: Terraced (including end-terrace),140,135,78,57,5,0,5
S01010419,Flat maisonette or apartment or mobile/temporary accommodation,327,230,99,131,97,21,76
S01010420,All households,290,258,158,100,32,14,18
S01010420,Whole house or bungalow: Total,203,192,97,95,11,3,8
S01010420,Whole house or bungalow: Detached,8,7,3,4,1,0,1
S01010420,Whole house or bungalow: Semi-detached,51,47,26,21,4,2,2
S01010420,Whole house or bungalow: Terraced (including end-terrace),144,138,68,70,6,1,5
S01010420,Flat maisonette or apartment or mobile/temporary accommodation,87,66,61,5,21,11,10
S01010421,All households,346,294,142,152,52,23,29
S01010421,Whole house or bungalow: Total,224,222,106,116,2,1,1
S01010421,Whole house or bungalow: Detached,8,8,4,4,0,0,0
S01010421,Whole house or bungalow: Semi-detached,110,108,53,55,2,1,1
S01010421,Whole house or bungalow: Terraced (including end-terrace),106,106,49,57,0,0,0
S01010421,Flat maisonette or apartment or mobile/temporary accommodation,122,72,36,36,50,22,28
S01010422,All households,483,356,173,183,127,83,44
S01010422,Whole house or bungalow: Total,309,296,140,156,13,3,10
S01010422,Whole house or bungalow: Detached,4,4,2,2,0,0,0
S01010422,Whole house or bungalow: Semi-detached,23,22,12,10,1,0,1
S01010422,Whole house or bungalow: Terraced (including end-terrace),282,270,126,144,12,3,9
S01010422,Flat maisonette or apartment or mobile/temporary accommodation,174,60,33,27,114,80,34
S01010423,All households,490,107,30,77,383,304,79
S01010423,Whole house or bungalow: Total,27,15,3,12,12,11,1
S01010423,Whole house or bungalow: Detached,1,0,0,0,1,1,0
S01010423,Whole house or bungalow: Semi-detached,4,1,0,1,3,2,1
S01010423,Whole house or bungalow: Terraced (including end-terrace),22,14,3,11,8,8,0
S01010423,Flat maisonette or apartment or mobile/temporary accommodation,463,92,27,65,371,293,78
S01010424,All households,471,170,69,101,301,228,73
S01010424,Whole house or bungalow: Total,77,52,24,28,25,18,7
S01010424,Whole house or bungalow: Detached,4,1,1,0,3,1,2
S01010424,Whole house or bungalow: Semi-detached,10,5,1,4,5,4,1
S01010424,Whole house or bungalow: Terraced (including end-terrace),63,46,22,24,17,13,4
S01010424,Flat maisonette or apartment or mobile/temporary accommodation,394,118,45,73,276,210,66
S01010425,All households,621,148,31,117,473,374,99
S01010425,Whole house or bungalow: Total,32,13,7,6,19,18,1
S01010425,Whole house or bungalow: Detached,8,2,1,1,6,6,0
S01010425,Whole house or bungalow: Semi-detached,4,0,0,0,4,3,1
S01010425,Whole house or bungalow: Terraced (including end-terrace),20,11,6,5,9,9,0
S01010425,Flat maisonette or apartment or mobile/temporary accommodation,589,135,24,111,454,356,98
S01010426,All households,406,160,58,102,246,183,63
S01010426,Whole house or bungalow: Total,99,85,39,46,14,5,9
S01010426,Whole house or bungalow: Detached,2,1,0,1,1,1,0
S01010426,Whole house or bungalow: Semi-detached,9,7,3,4,2,1,1
S01010426,Whole house or bungalow: Terraced (including end-terrace),88,77,36,41,11,3,8
S01010426,Flat maisonette or apartment or mobile/temporary accommodation,307,75,19,56,232,178,54
S01010427,All households,499,196,83,113,303,283,20
S01010427,Whole house or bungalow: Total,159,126,54,72,33,28,5
S01010427,Whole house or bungalow: Detached,0,0,0,0,0,0,0
S01010427,Whole house or bungalow: Semi-detached,34,27,12,15,7,6,1
S01010427,Whole house or bungalow: Terraced (including end-terrace),125,99,42,57,26,22,4
S01010427,Flat maisonette or apartment or mobile/temporary accommodation,340,70,29,41,270,255,15
S01010428,All households,319,234,103,131,85,64,21
S01010428,Whole house or bungalow: Total,162,158,64,94,4,1,3
S01010428,Whole house or bungalow: Detached,36,36,14,22,0,0,0
S01010428,Whole house or bungalow: Semi-detached,7,7,2,5,0,0,0
S01010428,Whole house or bungalow: Terraced (including end-terrace),119,115,48,67,4,1,3
S01010428,Flat maisonette or apartment or mobile/temporary accommodation,157,76,39,37,81,63,18
S01010429,All households,388,341,139,202,47,19,28
S01010429,Whole house or bungalow: Total,288,280,120,160,8,0,8
S01010429,Whole house or bungalow: Detached,2,2,1,1,0,0,0
S01010429,Whole house or bungalow: Semi-detached,15,10,3,7,5,0,5
S01010429,Whole house or bungalow: Terraced (including end-terrace),271,268,116,152,3,0,3
S01010429,Flat maisonette or apartment or mobile/temporary accommodation,100,61,19,42,39,19,20
S01010430,All households,451,131,52,79,320,285,35
S01010430,Whole house or bungalow: Total,9,7,3,4,2,2,0
S01010430,Whole house or bungalow: Detached,0,0,0,0,0,0,0
S01010430,Whole house or bungalow: Semi-detached,2,1,0,1,1,1,0
S01010430,Whole house or bungalow: Terraced (including end-terrace),7,6,3,3,1,1,0
S01010430,Flat maisonette or apartment or mobile/temporary accommodation,442,124,49,75,318,283,35
S01010431,All households,258,232,94,138,26,12,14
S01010431,Whole house or bungalow: Total,215,204,82,122,11,1,10
S01010431,Whole house or bungalow: Detached,2,2,0,2,0,0,0
S01010431,Whole house or bungalow: Semi-detached,28,25,13,12,3,1,2
S01010431,Whole house or bungalow: Terraced (including end-terrace),185,177,69,108,8,0,8
S01010431,Flat maisonette or apartment or mobile/temporary accommodation,43,28,12,16,15,11,4
S01010432,All households,464,140,34,106,324,258,66
S01010432,Whole house or bungalow: Total,30,19,4,15,11,3,8
S01010432,Whole house or bungalow: Detached,1,0,0,0,1,0,1
S01010432,Whole house or bungalow: Semi-detached,4,1,0,1,3,0,3
S01010432,Whole house or bungalow: Terraced (including end-terrace),25,18,4,14,7,3,4
S01010432,Flat maisonette or apartment or mobile/temporary accommodation,434,121,30,91,313,255,58
S01010433,All households,338,24,7,17,314,304,10
S01010433,Whole house or bungalow: Total,10,8,3,5,2,1,1
S01010433,Whole house or bungalow: Detached,1,1,0,1,0,0,0
S01010433,Whole house or bungalow: Semi-detached,4,3,1,2,1,0,1
S01010433,Whole house or bungalow: Terraced (including end-terrace),5,4,2,2,1,1,0
S01010433,Flat maisonette or apartment or mobile/temporary accommodation,328,16,4,12,312,303,9
S01010434,All households,331,63,22,41,268,216,52
S01010434,Whole house or bungalow: Total,7,3,2,1,4,4,0
S01010434,Whole house or bungalow: Detached,0,0,0,0,0,0,0
S01010434,Whole house or bungalow: Semi-detached,0,0,0,0,0,0,0
S01010434,Whole house or bungalow: Terraced (including end-terrace),7,3,2,1,4,4,0
S01010434,Flat maisonette or apartment or mobile/temporary accommodation,324,60,20,40,264,212,52
S01010435,All households,291,176,72,104,115,97,18
S01010435,Whole house or bungalow: Total,150,100,42,58,50,41,9
S01010435,Whole house or bungalow: Detached,8,5,4,1,3,1,2
S01010435,Whole house or bungalow: Semi-detached,88,58,23,35,30,24,6
S01010435,Whole house or bungalow: Terraced (including end-terrace),54,37,15,22,17,16,1
S01010435,Flat maisonette or apartment or mobile/temporary accommodation,141,76,30,46,65,56,9
S01010436,All households,433,98,24,74,335,275,60
S01010436,Whole house or bungalow: Total,48,19,8,11,29,25,4
S01010436,Whole house or bungalow: Detached,2,1,0,1,1,1,0
S01010436,Whole house or bungalow: Semi-detached,10,6,4,2,4,4,0
S01010436,Whole house or bungalow: Terraced (including end-terrace),36,12,4,8,24,20,4
S01010436,Flat maisonette or apartment or mobile/temporary accommodation,385,79,16,63,306,250,56
S01010437,All households,269,139,53,86,130,115,15
S01010437,Whole house or bungalow: Total,85,54,21,33,31,28,3
S01010437,Whole house or bungalow: Detached,3,2,1,1,1,1,0
S01010437,Whole house or bungalow: Semi-detached,52,32,12,20,20,18,2
S01010437,Whole house or bungalow: Terraced (including end-terrace),30,20,8,12,10,9,1
S01010437,Flat maisonette or apartment or mobile/temporary accommodation,184,85,32,53,99,87,12
S01010438,All households,370,115,10,105,255,238,17
S01010438,Whole house or bungalow: Total,146,92,7,85,54,50,4
S01010438,Whole house or bungalow: Detached,2,0,0,0,2,1,1
S01010438,Whole house or bungalow: Semi-detached,57,42,3,39,15,13,2
S01010438,Whole house or bungalow: Terraced (including end-terrace),87,50,4,46,37,36,1
S01010438,Flat maisonette or apartment or mobile/temporary accommodation,224,23,3,20,201,188,13
S01010439,All households,512,167,34,133,345,242,103
S01010439,Whole house or bungalow: Total,35,14,3,11,21,17,4
S01010439,Whole house or bungalow: Detached,4,1,0,1,3,3,0
S01010439,Whole house or bungalow: Semi-detached,5,3,1,2,2,1,1
S01010439,Whole house or bungalow: Terraced (including end-terrace),26,10,2,8,16,13,3
S01010439,Flat maisonette or apartment or mobile/temporary accommodation,477,153,31,122,324,225,99
S01010440,All households,322,126,60,66,196,181,15
S01010440,Whole house or bungalow: Total,110,91,49,42,19,16,3
S01010440,Whole house or bungalow: Detached,2,2,1,1,0,0,0
S01010440,Whole house or bungalow: Semi-detached,57,48,25,23,9,7,2
S01010440,Whole house or bungalow: Terraced (including end-terrace),51,41,23,18,10,9,1
S01010440,Flat maisonette or apartment or mobile/temporary accommodation,212,35,11,24,177,165,12
S01010441,All households,488,269,39,230,219,103,116
S01010441,Whole house or bungalow: Total,56,49,5,44,7,3,4
S01010441,Whole house or bungalow: Detached,3,3,1,2,0,0,0
S01010441,Whole house or bungalow: Semi-detached,6,4,1,3,2,0,2
S01010441,Whole house or bungalow: Terraced (including end-terrace),47,42,3,39,5,3,2
S01010441,Flat maisonette or apartment or mobile/temporary accommodation,432,220,34,186,212,100,112
S01010442,All households,383,127,24,103,256,193,63
S01010442,Whole house or bungalow: Total,27,6,0,6,21,18,3
S01010442,Whole house or bungalow: Detached,1,0,0,0,1,1,0
S01010442,Whole house or bungalow: Semi-detached,11,2,0,2,9,8,1
S01010442,Whole house or bungalow: Terraced (including end-terrace),15,4,0,4,11,9,2
S01010442,Flat maisonette or apartment or mobile/temporary accommodation,356,121,24,97,235,175,60
S01010443,All households,228,147,57,90,81,49,32
S01010443,Whole house or bungalow: Total,218,143,55,88,75,45,30
S01010443,Whole house or bungalow: Detached,3,3,2,1,0,0,0
S01010443,Whole house or bungalow: Semi-detached,25,14,4,10,11,6,5
S01010443,Whole house or bungalow: Terraced (including end-terrace),190,126,49,77,64,39,25
S01010443,Flat maisonette or apartment or mobile/temporary accommodation,10,4,2,2,6,4,2
S01010444,All households,289,178,77,101,111,89,22
S01010444,Whole house or bungalow: Total,257,168,73,95,89,71,18
S01010444,Whole house or bungalow: Detached,1,1,0,1,0,0,0
S01010444,Whole house or bungalow: Semi-detached,54,37,15,22,17,15,2
S01010444,Whole house or bungalow: Terraced (including end-terrace),202,130,58,72,72,56,16
S01010444,Flat maisonette or apartment or mobile/temporary accommodation,32,10,4,6,22,18,4
S01010445,All households,307,162,44,118,145,129,16
S01010445,Whole house or bungalow: Total,185,112,26,86,73,64,9
S01010445,Whole house or bungalow: Detached,14,7,2,5,7,6,1
S01010445,Whole house or bungalow: Semi-detached,42,28,5,23,14,12,2
S01010445,Whole house or bungalow: Terraced (including end-terrace),129,77,19,58,52,46,6
S01010445,Flat maisonette or apartment or mobile/temporary accommodation,122,50,18,32,72,65,7
S01010446,All households,329,248,100,148,81,66,15
S01010446,Whole house or bungalow: Total,309,237,95,142,72,59,13
S01010446,Whole house or bungalow: Detached,36,30,18,12,6,5,1
S01010446,Whole house or bungalow: Semi-detached,86,83,33,50,3,2,1
S01010446,Whole house or bungalow: Terraced (including end-terrace),187,124,44,80,63,52,11
S01010446,Flat maisonette or apartment or mobile/temporary accommodation,20,11,5,6,9,7,2
S01010447,All households,521,177,53,124,344,310,34
S01010447,Whole house or bungalow: Total,191,133,37,96,58,43,15
S01010447,Whole house or bungalow: Detached,20,18,7,11,2,0,2
S01010447,Whole house or bungalow: Semi-detached,123,82,21,61,41,32,9
S01010447,Whole house or bungalow: Terraced (including end-terrace),48,33,9,24,15,11,4
S01010447,Flat maisonette or apartment or mobile/temporary accommodation,330,44,16,28,286,267,19
S01010448,All households,360,270,96,174,90,69,21
S01010448,Whole house or bungalow: Total,201,177,51,126,24,19,5
S01010448,Whole house or bungalow: Detached,39,38,8,30,1,1,0
S01010448,Whole house or bungalow: Semi-detached,91,77,28,49,14,13,1
S01010448,Whole house or bungalow: Terraced (including end-terrace),71,62,15,47,9,5,4
S01010448,Flat maisonette or apartment or mobile/temporary accommodation,159,93,45,48,66,50,16
S01010449,All households,370,229,106,123,141,102,39
S01010449,Whole house or bungalow: Total,59,39,17,22,20,13,7
S01010449,Whole house or bungalow: Detached,4,1,0,1,3,1,2
S01010449,Whole house or bungalow: Semi-detached,37,26,10,16,11,8,3
S01010449,Whole house or bungalow: Terraced (including end-terrace),18,12,7,5,6,4,2
S01010449,Flat maisonette or apartment or mobile/temporary accommodation,311,190,89,101,121,89,32
S01010450,All households,407,234,88,146,173,138,35
S01010450,Whole house or bungalow: Total,143,100,47,53,43,32,11
S01010450,Whole house or bungalow: Detached,4,3,2,1,1,1,0
S01010450,Whole house or bungalow: Semi-detached,90,67,28,39,23,17,6
S01010450,Whole house or bungalow: Terraced (including end-terrace),49,30,17,13,19,14,5
S01010450,Flat maisonette or apartment or mobile/temporary accommodation,264,134,41,93,130,106,24
S01010451,All households,438,139,61,78,299,284,15
S01010451,Whole house or bungalow: Total,143,111,47,64,32,24,8
S01010451,Whole house or bungalow: Detached,4,4,2,2,0,0,0
S01010451,Whole house or bungalow: Semi-detached,61,49,20,29,12,8,4
S01010451,Whole house or bungalow: Terraced (including end-terrace),78,58,25,33,20,16,4
S01010451,Flat maisonette or apartment or mobile/temporary accommodation,295,28,14,14,267,260,7
S01010452,All households,408,252,127,125,156,109,47
S01010452,Whole house or bungalow: Total,155,99,49,50,56,45,11
S01010452,Whole house or bungalow: Detached,2,1,1,0,1,0,1
S01010452,Whole house or bungalow: Semi-detached,122,79,39,40,43,36,7
S01010452,Whole house or bungalow: Terraced (including end-terrace),31,19,9,10,12,9,3
S01010452,Flat maisonette or apartment or mobile/temporary accommodation,253,153,78,75,100,64,36
S01010453,All households,372,88,29,59,284,264,20
S01010453,Whole house or bungalow: Total,67,52,13,39,15,11,4
S01010453,Whole house or bungalow: Detached,4,4,1,3,0,0,0
S01010453,Whole house or bungalow: Semi-detached,38,30,6,24,8,5,3
S01010453,Whole house or bungalow: Terraced (including end-terrace),25,18,6,12,7,6,1
S01010453,Flat maisonette or apartment or mobile/temporary accommodation,305,36,16,20,269,253,16
S01010454,All households,383,260,106,154,123,93,30
S01010454,Whole house or bungalow: Total,168,122,44,78,46,36,10
S01010454,Whole house or bungalow: Detached,4,3,0,3,1,1,0
S01010454,Whole house or bungalow: Semi-detached,91,65,22,43,26,20,6
S01010454,Whole house or bungalow: Terraced (including end-terrace),73,54,22,32,19,15,4
S01010454,Flat maisonette or apartment or mobile/temporary accommodation,215,138,62,76,77,57,20
S01010455,All households,604,135,63,72,469,442,27
S01010455,Whole house or bungalow: Total,49,39,19,20,10,7,3
S01010455,Whole house or bungalow: Detached,1,1,1,0,0,0,0
S01010455,Whole house or bungalow: Semi-detached,9,6,2,4,3,2,1
S01010455,Whole house or bungalow: Terraced (including end-terrace),39,32,16,16,7,5,2
S01010455,Flat maisonette or apartment or mobile/temporary accommodation,555,96,44,52,459,435,24
S01010456,All households,313,186,87,99,127,98,29
S01010456,Whole house or bungalow: Total,118,74,35,39,44,36,8
S01010456,Whole house or bungalow: Detached,2,2,1,1,0,0,0
S01010456,Whole house or bungalow: Semi-detached,93,62,29,33,31,25,6
S01010456,Whole house or bungalow: Terraced (including end-terrace),23,10,5,5,13,11,2
S01010456,Flat maisonette or apartment or mobile/temporary accommodation,195,112,52,60,83,62,21
S01010457,All households,340,159,68,91,181,171,10
S01010457,Whole house or bungalow: Total,129,102,43,59,27,21,6
S01010457,Whole house or bungalow: Detached,4,4,3,1,0,0,0
S01010457,Whole house or bungalow: Semi-detached,74,56,22,34,18,14,4
S01010457,Whole house or bungalow: Terraced (including end-terrace),51,42,18,24,9,7,2
S01010457,Flat maisonette or apartment or mobile/temporary accommodation,211,57,25,32,154,150,4
S01010458,All households,411,208,105,103,203,185,18
S01010458,Whole house or bungalow: Total,117,88,45,43,29,21,8
S01010458,Whole house or bungalow: Detached,3,2,1,1,1,0,1
S01010458,Whole house or bungalow: Semi-detached,101,79,42,37,22,17,5
S01010458,Whole house or bungalow: Terraced (including end-terrace),13,7,2,5,6,4,2
S01010458,Flat maisonette or apartment or mobile/temporary accommodation,294,120,60,60,174,164,10
S01010459,All households,258,181,75,106,77,50,27
S01010459,Whole house or bungalow: Total,127,100,43,57,27,20,7
S01010459,Whole house or bungalow: Detached,0,0,0,0,0,0,0
S01010459,Whole house or bungalow: Semi-detached,55,47,17,30,8,6,2
S01010459,Whole house or bungalow: Terraced (including end-terrace),72,53,26,27,19,14,5
S01010459,Flat maisonette or apartment or mobile/temporary accommodation,131,81,32,49,50,30,20
S01010460,All households,346,271,98,173,75,20,55
S01010460,Whole house or bungalow: Total,121,105,35,70,16,7,9
S01010460,Whole house or bungalow: Detached,88,80,24,56,8,0,8
S01010460,Whole house or bungalow: Semi-detached,28,20,9,11,8,7,1
S01010460,Whole house or bungalow: Terraced (including end-terrace),5,5,2,3,0,0,0
S01010460,Flat maisonette or apartment or mobile/temporary accommodation,225,166,63,103,59,13,46
S01010461,All households,386,184,82,102,202,167,35
S01010461,Whole house or bungalow: Total,136,88,35,53,48,34,14
S01010461,Whole house or bungalow: Detached,4,3,0,3,1,0,1
S01010461,Whole house or bungalow: Semi-detached,103,68,28,40,35,23,12
S01010461,Whole house or bungalow: Terraced (including end-terrace),29,17,7,10,12,11,1
S01010461,Flat maisonette or apartment or mobile/temporary accommodation,250,96,47,49,154,133,21
S01010462,All households,437,14,4,10,423,413,10
S01010462,Whole house or bungalow: Total,14,8,3,5,6,3,3
S01010462,Whole house or bungalow: Detached,2,1,1,0,1,1,0
S01010462,Whole house or bungalow: Semi-detached,9,4,1,3,5,2,3
S01010462,Whole house or bungalow: Terraced (including end-terrace),3,3,1,2,0,0,0
S01010462,Flat maisonette or apartment or mobile/temporary accommodation,423,6,1,5,417,410,7
S01010463,All households,376,267,120,147,109,84,25
S01010463,Whole house or bungalow: Total,238,201,86,115,37,28,9
S01010463,Whole house or bungalow: Detached,3,3,3,0,0,0,0
S01010463,Whole house or bungalow: Semi-detached,191,166,69,97,25,18,7
S01010463,Whole house or bungalow: Terraced (including end-terrace),44,32,14,18,12,10,2
S01010463,Flat maisonette or apartment or mobile/temporary accommodation,138,66,34,32,72,56,16
S01010464,All households,248,179,71,108,69,57,12
S01010464,Whole house or bungalow: Total,124,95,42,53,29,25,4
S01010464,Whole house or bungalow: Detached,2,2,1,1,0,0,0
S01010464,Whole house or bungalow: Semi-detached,80,64,29,35,16,14,2
S01010464,Whole house or bungalow: Terraced (including end-terrace),42,29,12,17,13,11,2
S01010464,Flat maisonette or apartment or mobile/temporary accommodation,124,84,29,55,40,32,8
S01010465,All households,451,368,104,264,83,23,60
S01010465,Whole house or bungalow: Total,306,277,70,207,29,1,28
S01010465,Whole house or bungalow: Detached,33,31,13,18,2,0,2
S01010465,Whole house or bungalow: Semi-detached,87,74,24,50,13,0,13
S01010465,Whole house or bungalow: Terraced (including end-terrace),186,172,33,139,14,1,13
S01010465,Flat maisonette or apartment or mobile/temporary accommodation,145,91,34,57,54,22,32
S01010466,All households,458,321,100,221,137,7,130
S01010466,Whole house or bungalow: Total,210,188,58,130,22,0,22
S01010466,Whole house or bungalow: Detached,12,8,4,4,4,0,4
S01010466,Whole house or bungalow: Semi-detached,64,58,21,37,6,0,6
S01010466,Whole house or bungalow: Terraced (including end-terrace),134,122,33,89,12,0,12
S01010466,Flat maisonette or apartment or mobile/temporary accommodation,248,133,42,91,115,7,108
S01010467,All households,476,366,228,138,110,10,100
S01010467,Whole house or bungalow: Total,72,46,16,30,26,7,19
S01010467,Whole house or bungalow: Detached,18,17,3,14,1,0,1
S01010467,Whole house or bungalow: Semi-detached,43,19,9,10,24,6,18
S01010467,Whole house or bungalow: Terraced (including end-terrace),11,10,4,6,1,1,0
S01010467,Flat maisonette or apartment or mobile/temporary accommodation,404,320,212,108,84,3,81
S01010468,All households,417,317,149,168,100,3,97
S01010468,Whole house or bungalow: Total,130,120,49,71,10,0,10
S01010468,Whole house or bungalow: Detached,114,107,42,65,7,0,7
S01010468,Whole house or bungalow: Semi-detached,14,11,5,6,3,0,3
S01010468,Whole house or bungalow: Terraced (including end-terrace),2,2,2,0,0,0,0
S01010468,Flat maisonette or apartment or mobile/temporary accommodation,287,197,100,97,90,3,87
S01010469,All households,405,167,57,110,238,119,119
S01010469,Whole house or bungalow: Total,16,9,1,8,7,2,5
S01010469,Whole house or bungalow: Detached,1,0,0,0,1,0,1
S01010469,Whole house or bungalow: Semi-detached,4,3,0,3,1,0,1
S01010469,Whole house or bungalow: Terraced (including end-terrace),11,6,1,5,5,2,3
S01010469,Flat maisonette or apartment or mobile/temporary accommodation,389,158,56,102,231,117,114
S01010470,All households,364,235,91,144,129,95,34
S01010470,Whole house or bungalow: Total,204,138,53,85,66,51,15
S01010470,Whole house or bungalow: Detached,2,0,0,0,2,1,1
S01010470,Whole house or bungalow: Semi-detached,134,95,37,58,39,30,9
S01010470,Whole house or bungalow: Terraced (including end-terrace),68,43,16,27,25,20,5
S01010470,Flat maisonette or apartment or mobile/temporary accommodation,160,97,38,59,63,44,19
S01010471,All households,316,173,71,102,143,106,37
S01010471,Whole house or bungalow: Total,134,77,32,45,57,48,9
S01010471,Whole house or bungalow: Detached,4,2,0,2,2,1,1
S01010471,Whole house or bungalow: Semi-detached,91,54,22,32,37,31,6
S01010471,Whole house or bungalow: Terraced (including end-terrace),39,21,10,11,18,16,2
S01010471,Flat maisonette or apartment or mobile/temporary accommodation,182,96,39,57,86,58,28
S01010472,All households,290,174,32,142,116,41,75
S01010472,Whole house or bungalow: Total,66,55,12,43,11,5,6
S01010472,Whole house or bungalow: Detached,2,2,2,0,0,0,0
S01010472,Whole house or bungalow: Semi-detached,5,4,2,2,1,1,0
S01010472,Whole house or bungalow: Terraced (including end-terrace),59,49,8,41,10,4,6
S01010472,Flat maisonette or apartment or mobile/temporary accommodation,224,119,20,99,105,36,69
S01010473,All households,435,286,95,191,149,39,110
S01010473,Whole house or bungalow: Total,127,98,42,56,29,6,23
S01010473,Whole house or bungalow: Detached,6,5,2,3,1,0,1
S01010473,Whole house or bungalow: Semi-detached,20,7,2,5,13,4,9
S01010473,Whole house or bungalow: Terraced (including end-terrace),101,86,38,48,15,2,13
S01010473,Flat maisonette or apartment or mobile/temporary accommodation,308,188,53,135,120,33,87
S01010474,All households,431,212,62,150,219,83,136
S01010474,Whole house or bungalow: Total,17,12,4,8,5,1,4
S01010474,Whole house or bungalow: Detached,3,1,1,0,2,1,1
S01010474,Whole house or bungalow: Semi-detached,8,5,2,3,3,0,3
S01010474,Whole house or bungalow: Terraced (including end-terrace),6,6,1,5,0,0,0
S01010474,Flat maisonette or apartment or mobile/temporary accommodation,414,200,58,142,214,82,132
S01010475,All households,384,296,85,211,88,7,81
S01010475,Whole house or bungalow: Total,75,59,17,42,16,0,16
S01010475,Whole house or bungalow: Detached,0,0,0,0,0,0,0
S01010475,Whole house or bungalow: Semi-detached,25,22,9,13,3,0,3
S01010475,Whole house or bungalow: Terraced (including end-terrace),50,37,8,29,13,0,13
S01010475,Flat maisonette or apartment or mobile/temporary accommodation,309,237,68,169,72,7,65
S01010476,All households,523,347,142,205,176,106,70
S01010476,Whole house or bungalow: Total,137,100,31,69,37,25,12
S01010476,Whole house or bungalow: Detached,3,1,1,0,2,0,2
S01010476,Whole house or bungalow: Semi-detached,24,19,10,9,5,4,1
S01010476,Whole house or bungalow: Terraced (including end-terrace),110,80,20,60,30,21,9
S01010476,Flat maisonette or apartment or mobile/temporary accommodation,386,247,111,136,139,81,58
S01010477,All households,354,245,109,136,109,74,35
S01010477,Whole house or bungalow: Total,150,121,46,75,29,18,11
S01010477,Whole house or bungalow: Detached,2,1,0,1,1,1,0
S01010477,Whole house or bungalow: Semi-detached,96,73,30,43,23,13,10
S01010477,Whole house or bungalow: Terraced (including end-terrace),52,47,16,31,5,4,1
S01010477,Flat maisonette or apartment or mobile/temporary accommodation,204,124,63,61,80,56,24
S01010478,All households,628,236,79,157,392,334,58
S01010478,Whole house or bungalow: Total,129,80,25,55,49,43,6
S01010478,Whole house or bungalow: Detached,1,1,1,0,0,0,0
S01010478,Whole house or bungalow: Semi-detached,99,62,20,42,37,32,5
S01010478,Whole house or bungalow: Terraced (including end-terrace),29,17,4,13,12,11,1
S01010478,Flat maisonette or apartment or mobile/temporary accommodation,499,156,54,102,343,291,52
S01010479,All households,512,282,101,181,230,188,42
S01010479,Whole house or bungalow: Total,126,92,35,57,34,27,7
S01010479,Whole house or bungalow: Detached,3,1,1,0,2,1,1
S01010479,Whole house or bungalow: Semi-detached,88,71,28,43,17,14,3
S01010479,Whole house or bungalow: Terraced (including end-terrace),35,20,6,14,15,12,3
S01010479,Flat maisonette or apartment or mobile/temporary accommodation,386,190,66,124,196,161,35
S01010480,All households,285,204,83,121,81,65,16
S01010480,Whole house or bungalow: Total,181,127,52,75,54,43,11
S01010480,Whole house or bungalow: Detached,1,1,1,0,0,0,0
S01010480,Whole house or bungalow: Semi-detached,122,85,37,48,37,29,8
S01010480,Whole house or bungalow: Terraced (including end-terrace),58,41,14,27,17,14,3
S01010480,Flat maisonette or apartment or mobile/temporary accommodation,104,77,31,46,27,22,5
S01010481,All households,267,82,30,52,185,162,23
S01010481,Whole house or bungalow: Total,46,19,8,11,27,18,9
S01010481,Whole house or bungalow: Detached,3,1,1,0,2,2,0
S01010481,Whole house or bungalow: Semi-detached,25,11,4,7,14,11,3
S01010481,Whole house or bungalow: Terraced (including end-terrace),18,7,3,4,11,5,6
S01010481,Flat maisonette or apartment or mobile/temporary accommodation,221,63,22,41,158,144,14
S01010482,All households,354,237,87,150,117,97,20
S01010482,Whole house or bungalow: Total,267,189,79,110,78,67,11
S01010482,Whole house or bungalow: Detached,1,1,1,0,0,0,0
S01010482,Whole house or bungalow: Semi-detached,160,107,39,68,53,47,6
S01010482,Whole house or bungalow: Terraced (including end-terrace),106,81,39,42,25,20,5
S01010482,Flat maisonette or apartment or mobile/temporary accommodation,87,48,8,40,39,30,9
S01010483,All households,526,323,114,209,203,163,40
S01010483,Whole house or bungalow: Total,240,164,64,100,76,60,16
S01010483,Whole house or bungalow: Detached,1,0,0,0,1,1,0
S01010483,Whole house or bungalow: Semi-detached,112,73,31,42,39,26,13
S01010483,Whole house or bungalow: Terraced (including end-terrace),127,91,33,58,36,33,3
S01010483,Flat maisonette or apartment or mobile/temporary accommodation,286,159,50,109,127,103,24
S01010484,All households,246,132,45,87,114,95,19
S01010484,Whole house or bungalow: Total,142,86,28,58,56,55,1
S01010484,Whole house or bungalow: Detached,3,1,0,1,2,2,0
S01010484,Whole house or bungalow: Semi-detached,86,60,21,39,26,25,1
S01010484,Whole house or bungalow: Terraced (including end-terrace),53,25,7,18,28,28,0
S01010484,Flat maisonette or apartment or mobile/temporary accommodation,104,46,17,29,58,40,18
S01010485,All households,396,289,119,170,107,88,19
S01010485,Whole house or bungalow: Total,347,267,110,157,80,71,9
S01010485,Whole house or bungalow: Detached,60,57,32,25,3,1,2
S01010485,Whole house or bungalow: Semi-detached,87,65,27,38,22,20,2
S01010485,Whole house or bungalow: Terraced (including end-terrace),200,145,51,94,55,50,5
S01010485,Flat maisonette or apartment or mobile/temporary accommodation,49,22,9,13,27,17,10
S01010486,All households,371,348,158,190,23,11,12
S01010486,Whole house or bungalow: Total,348,337,156,181,11,0,11
S01010486,Whole house or bungalow: Detached,101,96,57,39,5,0,5
S01010486,Whole house or bungalow: Semi-detached,201,197,81,116,4,0,4
S01010486,Whole house or bungalow: Terraced (including end-terrace),46,44,18,26,2,0,2
S01010486,Flat maisonette or apartment or mobile/temporary accommodation,23,11,2,9,12,11,1
S01010487,All households,432,311,122,189,121,92,29
S01010487,Whole house or bungalow: Total,412,303,121,182,109,82,27
S01010487,Whole house or bungalow: Detached,3,0,0,0,3,2,1
S01010487,Whole house or bungalow: Semi-detached,66,40,17,23,26,19,7
S01010487,Whole house or bungalow: Terraced (including end-terrace),343,263,104,159,80,61,19
S01010487,Flat maisonette or apartment or mobile/temporary accommodation,20,8,1,7,12,10,2
S01010488,All households,338,92,30,62,246,216,30
S01010488,Whole house or bungalow: Total,36,30,8,22,6,5,1
S01010488,Whole house or bungalow: Detached,7,5,3,2,2,1,1
S01010488,Whole house or bungalow: Semi-detached,19,17,4,13,2,2,0
S01010488,Whole house or bungalow: Terraced (including end-terrace),10,8,1,7,2,2,0
S01010488,Flat maisonette or apartment or mobile/temporary accommodation,302,62,22,40,240,211,29
S01010489,All households,450,197,69,128,253,240,13
S01010489,Whole house or bungalow: Total,93,70,30,40,23,19,4
S01010489,Whole house or bungalow: Detached,15,14,9,5,1,0,1
S01010489,Whole house or bungalow: Semi-detached,28,24,13,11,4,1,3
S01010489,Whole house or bungalow: Terraced (including end-terrace),50,32,8,24,18,18,0
S01010489,Flat maisonette or apartment or mobile/temporary accommodation,357,127,39,88,230,221,9
S01010490,All households,308,68,18,50,240,223,17
S01010490,Whole house or bungalow: Total,55,28,10,18,27,26,1
S01010490,Whole house or bungalow: Detached,1,1,0,1,0,0,0
S01010490,Whole house or bungalow: Semi-detached,14,9,3,6,5,5,0
S01010490,Whole house or bungalow: Terraced (including end-terrace),40,18,7,11,22,21,1
S01010490,Flat maisonette or apartment or mobile/temporary accommodation,253,40,8,32,213,197,16
S01010491,All households,417,46,17,29,371,360,11
S01010491,Whole house or bungalow: Total,67,4,1,3,63,60,3
S01010491,Whole house or bungalow: Detached,7,1,0,1,6,6,0
S01010491,Whole house or bungalow: Semi-detached,40,2,0,2,38,36,2
S01010491,Whole house or bungalow: Terraced (including end-terrace),20,1,1,0,19,18,1
S01010491,Flat maisonette or apartment or mobile/temporary accommodation,350,42,16,26,308,300,8
S01010492,All households,255,11,3,8,244,234,10
S01010492,Whole house or bungalow: Total,146,10,3,7,136,134,2
S01010492,Whole house or bungalow: Detached,14,0,0,0,14,13,1
S01010492,Whole house or bungalow: Semi-detached,74,4,0,4,70,70,0
S01010492,Whole house or bungalow: Terraced (including end-terrace),58,6,3,3,52,51,1
S01010492,Flat maisonette or apartment or mobile/temporary accommodation,109,1,0,1,108,100,8
S01010493,All households,308,11,3,8,297,293,4
S01010493,Whole house or bungalow: Total,95,8,3,5,87,87,0
S01010493,Whole house or bungalow: Detached,8,0,0,0,8,8,0
S01010493,Whole house or bungalow: Semi-detached,30,5,1,4,25,25,0
S01010493,Whole house or bungalow: Terraced (including end-terrace),57,3,2,1,54,54,0
S01010493,Flat maisonette or apartment or mobile/temporary accommodation,213,3,0,3,210,206,4
S01010494,All households,252,122,22,100,130,119,11
S01010494,Whole house or bungalow: Total,116,103,18,85,13,6,7
S01010494,Whole house or bungalow: Detached,2,1,0,1,1,1,0
S01010494,Whole house or bungalow: Semi-detached,105,95,14,81,10,3,7
S01010494,Whole house or bungalow: Terraced (including end-terrace),9,7,4,3,2,2,0
S01010494,Flat maisonette or apartment or mobile/temporary accommodation,136,19,4,15,117,113,4
S01010495,All households,418,52,14,38,366,353,13
S01010495,Whole house or bungalow: Total,135,34,10,24,101,98,3
S01010495,Whole house or bungalow: Detached,5,2,0,2,3,3,0
S01010495,Whole house or bungalow: Semi-detached,47,18,3,15,29,29,0
S01010495,Whole house or bungalow: Terraced (including end-terrace),83,14,7,7,69,66,3
S01010495,Flat maisonette or apartment or mobile/temporary accommodation,283,18,4,14,265,255,10
S01010496,All households,388,54,17,37,334,319,15
S01010496,Whole house or bungalow: Total,119,18,2,16,101,100,1
S01010496,Whole house or bungalow: Detached,9,0,0,0,9,8,1
S01010496,Whole house or bungalow: Semi-detached,62,15,1,14,47,47,0
S01010496,Whole house or bungalow: Terraced (including end-terrace),48,3,1,2,45,45,0
S01010496,Flat maisonette or apartment or mobile/temporary accommodation,269,36,15,21,233,219,14
S01010497,All households,285,86,8,78,199,193,6
S01010497,Whole house or bungalow: Total,194,70,5,65,124,119,5
S01010497,Whole house or bungalow: Detached,14,3,1,2,11,11,0
S01010497,Whole house or bungalow: Semi-detached,115,61,3,58,54,52,2
S01010497,Whole house or bungalow: Terraced (including end-terrace),65,6,1,5,59,56,3
S01010497,Flat maisonette or apartment or mobile/temporary accommodation,91,16,3,13,75,74,1
S01010498,All households,357,43,11,32,314,303,11
S01010498,Whole house or bungalow: Total,156,22,1,21,134,130,4
S01010498,Whole house or bungalow: Detached,8,0,0,0,8,8,0
S01010498,Whole house or bungalow: Semi-detached,97,12,1,11,85,82,3
S01010498,Whole house or bungalow: Terraced (including end-terrace),51,10,0,10,41,40,1
S01010498,Flat maisonette or apartment or mobile/temporary accommodation,201,21,10,11,180,173,7
S01010499,All households,451,28,15,13,423,410,13
S01010499,Whole house or bungalow: Total,81,14,8,6,67,64,3
S01010499,Whole house or bungalow: Detached,5,0,0,0,5,5,0
S01010499,Whole house or bungalow: Semi-detached,45,9,6,3,36,34,2
S01010499,Whole house or bungalow: Terraced (including end-terrace),31,5,2,3,26,25,1
S01010499,Flat maisonette or apartment or mobile/temporary accommodation,370,14,7,7,356,346,10
S01010500,All households,398,76,12,64,322,310,12
S01010500,Whole house or bungalow: Total,214,55,6,49,159,150,9
S01010500,Whole house or bungalow: Detached,60,42,5,37,18,10,8
S01010500,Whole house or bungalow: Semi-detached,84,12,1,11,72,72,0
S01010500,Whole house or bungalow: Terraced (including end-terrace),70,1,0,1,69,68,1
S01010500,Flat maisonette or apartment or mobile/temporary accommodation,184,21,6,15,163,160,3
S01010501,All households,430,155,31,124,275,258,17
S01010501,Whole house or bungalow: Total,199,90,15,75,109,102,7
S01010501,Whole house or bungalow: Detached,18,8,1,7,10,10,0
S01010501,Whole house or bungalow: Semi-detached,94,34,8,26,60,60,0
S01010501,Whole house or bungalow: Terraced (including end-terrace),87,48,6,42,39,32,7
S01010501,Flat maisonette or apartment or mobile/temporary accommodation,231,65,16,49,166,156,10
S01010502,All households,331,148,15,133,183,168,15
S01010502,Whole house or bungalow: Total,221,122,10,112,99,92,7
S01010502,Whole house or bungalow: Detached,14,2,0,2,12,12,0
S01010502,Whole house or bungalow: Semi-detached,152,90,8,82,62,56,6
S01010502,Whole house or bungalow: Terraced (including end-terrace),55,30,2,28,25,24,1
S01010502,Flat maisonette or apartment or mobile/temporary accommodation,110,26,5,21,84,76,8
S01010503,All households,321,78,31,47,243,227,16
S01010503,Whole house or bungalow: Total,25,10,3,7,15,15,0
S01010503,Whole house or bungalow: Detached,2,1,1,0,1,1,0
S01010503,Whole house or bungalow: Semi-detached,8,3,0,3,5,5,0
S01010503,Whole house or bungalow: Terraced (including end-terrace),15,6,2,4,9,9,0
S01010503,Flat maisonette or apartment or mobile/temporary accommodation,296,68,28,40,228,212,16
S01010504,All households,247,163,122,41,84,26,58
S01010504,Whole house or bungalow: Total,236,163,122,41,73,21,52
S01010504,Whole house or bungalow: Detached,200,153,117,36,47,6,41
S01010504,Whole house or bungalow: Semi-detached,32,10,5,5,22,12,10
S01010504,Whole house or bungalow: Terraced (including end-terrace),4,0,0,0,4,3,1
S01010504,Flat maisonette or apartment or mobile/temporary accommodation,11,0,0,0,11,5,6
S01010505,All households,244,159,110,49,85,34,51
S01010505,Whole house or bungalow: Total,236,153,104,49,83,34,49
S01010505,Whole house or bungalow: Detached,185,141,95,46,44,3,41
S01010505,Whole house or bungalow: Semi-detached,45,9,7,2,36,28,8
S01010505,Whole house or bungalow: Terraced (including end-terrace),6,3,2,1,3,3,0
S01010505,Flat maisonette or apartment or mobile/temporary accommodation,8,6,6,0,2,0,2
S01010506,All households,380,266,164,102,114,65,49
S01010506,Whole house or bungalow: Total,363,259,160,99,104,64,40
S01010506,Whole house or bungalow: Detached,223,199,126,73,24,2,22
S01010506,Whole house or bungalow: Semi-detached,116,45,22,23,71,54,17
S01010506,Whole house or bungalow: Terraced (including end-terrace),24,15,12,3,9,8,1
S01010506,Flat maisonette or apartment or mobile/temporary accommodation,17,7,4,3,10,1,9
S01010507,All households,345,211,114,97,134,80,54
S01010507,Whole house or bungalow: Total,279,193,103,90,86,63,23
S01010507,Whole house or bungalow: Detached,73,62,41,21,11,7,4
S01010507,Whole house or bungalow: Semi-detached,129,81,37,44,48,35,13
S01010507,Whole house or bungalow: Terraced (including end-terrace),77,50,25,25,27,21,6
S01010507,Flat maisonette or apartment or mobile/temporary accommodation,66,18,11,7,48,17,31
S01010508,All households,449,280,187,93,169,84,85
S01010508,Whole house or bungalow: Total,424,271,179,92,153,76,77
S01010508,Whole house or bungalow: Detached,247,194,139,55,53,1,52
S01010508,Whole house or bungalow: Semi-detached,154,70,35,35,84,67,17
S01010508,Whole house or bungalow: Terraced (including end-terrace),23,7,5,2,16,8,8
S01010508,Flat maisonette or apartment or mobile/temporary accommodation,25,9,8,1,16,8,8
S01010509,All households,393,275,161,114,118,32,86
S01010509,Whole house or bungalow: Total,378,269,160,109,109,32,77
S01010509,Whole house or bungalow: Detached,258,207,128,79,51,3,48
S01010509,Whole house or bungalow: Semi-detached,93,51,27,24,42,21,21
S01010509,Whole house or bungalow: Terraced (including end-terrace),27,11,5,6,16,8,8
S01010509,Flat maisonette or apartment or mobile/temporary accommodation,15,6,1,5,9,0,9
S01010510,All households,340,251,131,120,89,67,22
S01010510,Whole house or bungalow: Total,319,238,124,114,81,62,19
S01010510,Whole house or bungalow: Detached,149,137,74,63,12,1,11
S01010510,Whole house or bungalow: Semi-detached,110,81,45,36,29,25,4
S01010510,Whole house or bungalow: Terraced (including end-terrace),60,20,5,15,40,36,4
S01010510,Flat maisonette or apartment or mobile/temporary accommodation,21,13,7,6,8,5,3
S01010511,All households,369,171,57,114,198,181,17
S01010511,Whole house or bungalow: Total,347,159,56,103,188,173,15
S01010511,Whole house or bungalow: Detached,23,12,6,6,11,8,3
S01010511,Whole house or bungalow: Semi-detached,106,43,20,23,63,59,4
S01010511,Whole house or bungalow: Terraced (including end-terrace),218,104,30,74,114,106,8
S01010511,Flat maisonette or apartment or mobile/temporary accommodation,22,12,1,11,10,8,2
S01010512,All households,281,170,83,87,111,90,21
S01010512,Whole house or bungalow: Total,254,168,81,87,86,73,13
S01010512,Whole house or bungalow: Detached,49,44,28,16,5,3,2
S01010512,Whole house or bungalow: Semi-detached,105,71,30,41,34,31,3
S01010512,Whole house or bungalow: Terraced (including end-terrace),100,53,23,30,47,39,8
S01010512,Flat maisonette or apartment or mobile/temporary accommodation,27,2,2,0,25,17,8
S01010513,All households,300,241,125,116,59,23,36
S01010513,Whole house or bungalow: Total,286,235,123,112,51,23,28
S01010513,Whole house or bungalow: Detached,173,158,84,74,15,2,13
S01010513,Whole house or bungalow: Semi-detached,103,75,38,37,28,18,10
S01010513,Whole house or bungalow: Terraced (including end-terrace),10,2,1,1,8,3,5
S01010513,Flat maisonette or apartment or mobile/temporary accommodation,14,6,2,4,8,0,8
S01010514,All households,287,188,81,107,99,77,22
S01010514,Whole house or bungalow: Total,278,184,78,106,94,72,22
S01010514,Whole house or bungalow: Detached,15,11,5,6,4,1,3
S01010514,Whole house or bungalow: Semi-detached,96,65,25,40,31,25,6
S01010514,Whole house or bungalow: Terraced (including end-terrace),167,108,48,60,59,46,13
S01010514,Flat maisonette or apartment or mobile/temporary accommodation,9,4,3,1,5,5,0
S01010515,All households,350,204,93,111,146,116,30
S01010515,Whole house or bungalow: Total,344,203,92,111,141,114,27
S01010515,Whole house or bungalow: Detached,25,18,12,6,7,3,4
S01010515,Whole house or bungalow: Semi-detached,79,37,25,12,42,35,7
S01010515,Whole house or bungalow: Terraced (including end-terrace),240,148,55,93,92,76,16
S01010515,Flat maisonette or apartment or mobile/temporary accommodation,6,1,1,0,5,2,3
S01010516,All households,270,172,91,81,98,55,43
S01010516,Whole house or bungalow: Total,186,147,89,58,39,14,25
S01010516,Whole house or bungalow: Detached,107,94,60,34,13,0,13
S01010516,Whole house or bungalow: Semi-detached,53,41,23,18,12,4,8
S01010516,Whole house or bungalow: Terraced (including end-terrace),26,12,6,6,14,10,4
S01010516,Flat maisonette or apartment or mobile/temporary accommodation,84,25,2,23,59,41,18
S01010517,All households,362,210,96,114,152,113,39
S01010517,Whole house or bungalow: Total,200,146,79,67,54,33,21
S01010517,Whole house or bungalow: Detached,109,93,51,42,16,3,13
S01010517,Whole house or bungalow: Semi-detached,62,36,18,18,26,21,5
S01010517,Whole house or bungalow: Terraced (including end-terrace),29,17,10,7,12,9,3
S01010517,Flat maisonette or apartment or mobile/temporary accommodation,162,64,17,47,98,80,18
S01010518,All households,293,187,92,95,106,52,54
S01010518,Whole house or bungalow: Total,121,112,69,43,9,4,5
S01010518,Whole house or bungalow: Detached,70,66,38,28,4,0,4
S01010518,Whole house or bungalow: Semi-detached,48,45,31,14,3,2,1
S01010518,Whole house or bungalow: Terraced (including end-terrace),3,1,0,1,2,2,0
S01010518,Flat maisonette or apartment or mobile/temporary accommodation,172,75,23,52,97,48,49
S01010519,All households,282,153,70,83,129,103,26
S01010519,Whole house or bungalow: Total,269,151,69,82,118,95,23
S01010519,Whole house or bungalow: Detached,73,62,33,29,11,2,9
S01010519,Whole house or bungalow: Semi-detached,64,37,12,25,27,22,5
S01010519,Whole house or bungalow: Terraced (including end-terrace),132,52,24,28,80,71,9
S01010519,Flat maisonette or apartment or mobile/temporary accommodation,13,2,1,1,11,8,3
S01010520,All households,410,306,141,165,104,56,48
S01010520,Whole house or bungalow: Total,357,283,130,153,74,39,35
S01010520,Whole house or bungalow: Detached,37,26,15,11,11,6,5
S01010520,Whole house or bungalow: Semi-detached,154,116,59,57,38,23,15
S01010520,Whole house or bungalow: Terraced (including end-terrace),166,141,56,85,25,10,15
S01010520,Flat maisonette or apartment or mobile/temporary accommodation,53,23,11,12,30,17,13
S01010521,All households,339,180,95,85,159,116,43
S01010521,Whole house or bungalow: Total,226,156,87,69,70,43,27
S01010521,Whole house or bungalow: Detached,65,55,31,24,10,2,8
S01010521,Whole house or bungalow: Semi-detached,91,56,32,24,35,21,14
S01010521,Whole house or bungalow: Terraced (including end-terrace),70,45,24,21,25,20,5
S01010521,Flat maisonette or apartment or mobile/temporary accommodation,113,24,8,16,89,73,16
S01010522,All households,283,114,34,80,169,122,47
S01010522,Whole house or bungalow: Total,121,71,21,50,50,29,21
S01010522,Whole house or bungalow: Detached,32,23,13,10,9,2,7
S01010522,Whole house or bungalow: Semi-detached,54,36,6,30,18,10,8
S01010522,Whole house or bungalow: Terraced (including end-terrace),35,12,2,10,23,17,6
S01010522,Flat maisonette or apartment or mobile/temporary accommodation,162,43,13,30,119,93,26
S01010523,All households,258,71,39,32,187,170,17
S01010523,Whole house or bungalow: Total,206,67,37,30,139,126,13
S01010523,Whole house or bungalow: Detached,20,10,5,5,10,6,4
S01010523,Whole house or bungalow: Semi-detached,80,28,19,9,52,46,6
S01010523,Whole house or bungalow: Terraced (including end-terrace),106,29,13,16,77,74,3
S01010523,Flat maisonette or apartment or mobile/temporary accommodation,52,4,2,2,48,44,4
S01010524,All households,234,181,110,71,53,20,33
S01010524,Whole house or bungalow: Total,219,178,108,70,41,13,28
S01010524,Whole house or bungalow: Detached,168,146,95,51,22,1,21
S01010524,Whole house or bungalow: Semi-detached,32,19,8,11,13,7,6
S01010524,Whole house or bungalow: Terraced (including end-terrace),19,13,5,8,6,5,1
S01010524,Flat maisonette or apartment or mobile/temporary accommodation,15,3,2,1,12,7,5
S01010525,All households,259,204,124,80,55,16,39
S01010525,Whole house or bungalow: Total,255,203,124,79,52,14,38
S01010525,Whole house or bungalow: Detached,200,168,107,61,32,1,31
S01010525,Whole house or bungalow: Semi-detached,48,29,13,16,19,12,7
S01010525,Whole house or bungalow: Terraced (including end-terrace),7,6,4,2,1,1,0
S01010525,Flat maisonette or apartment or mobile/temporary accommodation,4,1,0,1,3,2,1
S01010526,All households,364,226,114,112,138,82,56
S01010526,Whole house or bungalow: Total,320,208,105,103,112,67,45
S01010526,Whole house or bungalow: Detached,97,84,47,37,13,0,13
S01010526,Whole house or bungalow: Semi-detached,131,78,37,41,53,37,16
S01010526,Whole house or bungalow: Terraced (including end-terrace),92,46,21,25,46,30,16
S01010526,Flat maisonette or apartment or mobile/temporary accommodation,44,18,9,9,26,15,11
S01010527,All households,455,234,131,103,221,176,45
S01010527,Whole house or bungalow: Total,350,221,126,95,129,91,38
S01010527,Whole house or bungalow: Detached,49,41,23,18,8,3,5
S01010527,Whole house or bungalow: Semi-detached,200,130,78,52,70,47,23
S01010527,Whole house or bungalow: Terraced (including end-terrace),101,50,25,25,51,41,10
S01010527,Flat maisonette or apartment or mobile/temporary accommodation,105,13,5,8,92,85,7
S01010528,All households,265,168,97,71,97,36,61
S01010528,Whole house or bungalow: Total,246,164,93,71,82,31,51
S01010528,Whole house or bungalow: Detached,171,133,80,53,38,2,36
S01010528,Whole house or bungalow: Semi-detached,42,16,7,9,26,17,9
S01010528,Whole house or bungalow: Terraced (including end-terrace),33,15,6,9,18,12,6
S01010528,Flat maisonette or apartment or mobile/temporary accommodation,19,4,4,0,15,5,10
S01010529,All households,283,211,110,101,72,47,25
S01010529,Whole house or bungalow: Total,280,210,109,101,70,47,23
S01010529,Whole house or bungalow: Detached,176,157,88,69,19,0,19
S01010529,Whole house or bungalow: Semi-detached,92,48,19,29,44,41,3
S01010529,Whole house or bungalow: Terraced (including end-terrace),12,5,2,3,7,6,1
S01010529,Flat maisonette or apartment or mobile/temporary accommodation,3,1,1,0,2,0,2
S01010530,All households,278,210,126,84,68,20,48
S01010530,Whole house or bungalow: Total,270,204,122,82,66,19,47
S01010530,Whole house or bungalow: Detached,186,149,94,55,37,1,36
S01010530,Whole house or bungalow: Semi-detached,65,45,22,23,20,11,9
S01010530,Whole house or bungalow: Terraced (including end-terrace),19,10,6,4,9,7,2
S01010530,Flat maisonette or apartment or mobile/temporary accommodation,8,6,4,2,2,1,1
S01010531,All households,496,354,214,140,142,74,68
S01010531,Whole house or bungalow: Total,448,345,207,138,103,54,49
S01010531,Whole house or bungalow: Detached,261,235,154,81,26,1,25
S01010531,Whole house or bungalow: Semi-detached,118,66,30,36,52,33,19
S01010531,Whole house or bungalow: Terraced (including end-terrace),69,44,23,21,25,20,5
S01010531,Flat maisonette or apartment or mobile/temporary accommodation,48,9,7,2,39,20,19
S01010532,All households,245,147,107,40,98,12,86
S01010532,Whole house or bungalow: Total,239,146,107,39,93,11,82
S01010532,Whole house or bungalow: Detached,183,125,96,29,58,2,56
S01010532,Whole house or bungalow: Semi-detached,43,15,6,9,28,4,24
S01010532,Whole house or bungalow: Terraced (including end-terrace),13,6,5,1,7,5,2
S01010532,Flat maisonette or apartment or mobile/temporary accommodation,6,1,0,1,5,1,4
S01010533,All households,272,188,124,64,84,49,35
S01010533,Whole house or bungalow: Total,199,162,108,54,37,21,16
S01010533,Whole house or bungalow: Detached,125,113,75,38,12,6,6
S01010533,Whole house or bungalow: Semi-detached,45,31,23,8,14,9,5
S01010533,Whole house or bungalow: Terraced (including end-terrace),29,18,10,8,11,6,5
S01010533,Flat maisonette or apartment or mobile/temporary accommodation,73,26,16,10,47,28,19
S01010534,All households,374,249,138,111,125,90,35
S01010534,Whole house or bungalow: Total,329,240,132,108,89,61,28
S01010534,Whole house or bungalow: Detached,146,133,88,45,13,3,10
S01010534,Whole house or bungalow: Semi-detached,131,77,33,44,54,40,14
S01010534,Whole house or bungalow: Terraced (including end-terrace),52,30,11,19,22,18,4
S01010534,Flat maisonette or apartment or mobile/temporary accommodation,45,9,6,3,36,29,7
S01010535,All households,305,186,112,74,119,28,91
S01010535,Whole house or bungalow: Total,289,182,109,73,107,23,84
S01010535,Whole house or bungalow: Detached,223,156,99,57,67,4,63
S01010535,Whole house or bungalow: Semi-detached,55,24,9,15,31,15,16
S01010535,Whole house or bungalow: Terraced (including end-terrace),11,2,1,1,9,4,5
S01010535,Flat maisonette or apartment or mobile/temporary accommodation,16,4,3,1,12,5,7
S01010536,All households,397,213,103,110,184,139,45
S01010536,Whole house or bungalow: Total,333,208,102,106,125,88,37
S01010536,Whole house or bungalow: Detached,44,29,20,9,15,5,10
S01010536,Whole house or bungalow: Semi-detached,130,82,42,40,48,37,11
S01010536,Whole house or bungalow: Terraced (including end-terrace),159,97,40,57,62,46,16
S01010536,Flat maisonette or apartment or mobile/temporary accommodation,64,5,1,4,59,51,8
S01010537,All households,330,188,92,96,142,73,69
S01010537,Whole house or bungalow: Total,250,180,88,92,70,43,27
S01010537,Whole house or bungalow: Detached,86,74,38,36,12,1,11
S01010537,Whole house or bungalow: Semi-detached,94,68,38,30,26,17,9
S01010537,Whole house or bungalow: Terraced (including end-terrace),70,38,12,26,32,25,7
S01010537,Flat maisonette or apartment or mobile/temporary accommodation,80,8,4,4,72,30,42
S01010538,All households,337,163,58,105,174,112,62
S01010538,Whole house or bungalow: Total,245,138,56,82,107,68,39
S01010538,Whole house or bungalow: Detached,112,87,45,42,25,8,17
S01010538,Whole house or bungalow: Semi-detached,110,49,11,38,61,42,19
S01010538,Whole house or bungalow: Terraced (including end-terrace),23,2,0,2,21,18,3
S01010538,Flat maisonette or apartment or mobile/temporary accommodation,92,25,2,23,67,44,23
S01010539,All households,496,305,153,152,191,59,132
S01010539,Whole house or bungalow: Total,434,284,146,138,150,44,106
S01010539,Whole house or bungalow: Detached,177,134,81,53,43,0,43
S01010539,Whole house or bungalow: Semi-detached,232,142,62,80,90,36,54
S01010539,Whole house or bungalow: Terraced (including end-terrace),25,8,3,5,17,8,9
S01010539,Flat maisonette or apartment or mobile/temporary accommodation,62,21,7,14,41,15,26
S01010540,All households,298,212,131,81,86,22,64
S01010540,Whole house or bungalow: Total,281,206,127,79,75,20,55
S01010540,Whole house or bungalow: Detached,175,139,102,37,36,1,35
S01010540,Whole house or bungalow: Semi-detached,81,50,20,30,31,12,19
S01010540,Whole house or bungalow: Terraced (including end-terrace),25,17,5,12,8,7,1
S01010540,Flat maisonette or apartment or mobile/temporary accommodation,17,6,4,2,11,2,9
S01010541,All households,362,255,146,109,107,37,70
S01010541,Whole house or bungalow: Total,346,250,143,107,96,28,68
S01010541,Whole house or bungalow: Detached,231,182,118,64,49,0,49
S01010541,Whole house or bungalow: Semi-detached,72,45,20,25,27,14,13
S01010541,Whole house or bungalow: Terraced (including end-terrace),43,23,5,18,20,14,6
S01010541,Flat maisonette or apartment or mobile/temporary accommodation,16,5,3,2,11,9,2
S01010542,All households,388,269,164,105,119,53,66
S01010542,Whole house or bungalow: Total,380,267,162,105,113,52,61
S01010542,Whole house or bungalow: Detached,236,199,137,62,37,3,34
S01010542,Whole house or bungalow: Semi-detached,112,55,20,35,57,35,22
S01010542,Whole house or bungalow: Terraced (including end-terrace),32,13,5,8,19,14,5
S01010542,Flat maisonette or apartment or mobile/temporary accommodation,8,2,2,0,6,1,5
S01010543,All households,255,183,104,79,72,12,60
S01010543,Whole house or bungalow: Total,249,182,103,79,67,11,56
S01010543,Whole house or bungalow: Detached,195,151,88,63,44,0,44
S01010543,Whole house or bungalow: Semi-detached,46,29,15,14,17,5,12
S01010543,Whole house or bungalow: Terraced (including end-terrace),8,2,0,2,6,6,0
S01010543,Flat maisonette or apartment or mobile/temporary accommodation,6,1,1,0,5,1,4
S01010544,All households,370,250,136,114,120,76,44
S01010544,Whole house or bungalow: Total,367,249,136,113,118,74,44
S01010544,Whole house or bungalow: Detached,138,126,77,49,12,4,8
S01010544,Whole house or bungalow: Semi-detached,160,93,46,47,67,41,26
S01010544,Whole house or bungalow: Terraced (including end-terrace),69,30,13,17,39,29,10
S01010544,Flat maisonette or apartment or mobile/temporary accommodation,3,1,0,1,2,2,0
S01010545,All households,344,229,126,103,115,68,47
S01010545,Whole house or bungalow: Total,271,198,111,87,73,40,33
S01010545,Whole house or bungalow: Detached,132,113,75,38,19,1,18
S01010545,Whole house or bungalow: Semi-detached,73,50,20,30,23,17,6
S01010545,Whole house or bungalow: Terraced (including end-terrace),66,35,16,19,31,22,9
S01010545,Flat maisonette or apartment or mobile/temporary accommodation,73,31,15,16,42,28,14
S01010546,All households,369,231,144,87,138,62,76
S01010546,Whole house or bungalow: Total,255,195,127,68,60,20,40
S01010546,Whole house or bungalow: Detached,157,135,97,38,22,3,19
S01010546,Whole house or bungalow: Semi-detached,56,35,15,20,21,8,13
S01010546,Whole house or bungalow: Terraced (including end-terrace),42,25,15,10,17,9,8
S01010546,Flat maisonette or apartment or mobile/temporary accommodation,114,36,17,19,78,42,36
S01010547,All households,313,214,143,71,99,21,78
S01010547,Whole house or bungalow: Total,305,211,140,71,94,18,76
S01010547,Whole house or bungalow: Detached,226,168,122,46,58,1,57
S01010547,Whole house or bungalow: Semi-detached,73,42,17,25,31,16,15
S01010547,Whole house or bungalow: Terraced (including end-terrace),6,1,1,0,5,1,4
S01010547,Flat maisonette or apartment or mobile/temporary accommodation,8,3,3,0,5,3,2
S01010548,All households,299,228,160,68,71,5,66
S01010548,Whole house or bungalow: Total,267,204,140,64,63,5,58
S01010548,Whole house or bungalow: Detached,218,175,121,54,43,0,43
S01010548,Whole house or bungalow: Semi-detached,43,24,17,7,19,5,14
S01010548,Whole house or bungalow: Terraced (including end-terrace),6,5,2,3,1,0,1
S01010548,Flat maisonette or apartment or mobile/temporary accommodation,32,24,20,4,8,0,8
S01010549,All households,366,290,118,172,76,19,57
S01010549,Whole house or bungalow: Total,347,282,115,167,65,18,47
S01010549,Whole house or bungalow: Detached,235,210,90,120,25,1,24
S01010549,Whole house or bungalow: Semi-detached,102,66,24,42,36,14,22
S01010549,Whole house or bungalow: Terraced (including end-terrace),10,6,1,5,4,3,1
S01010549,Flat maisonette or apartment or mobile/temporary accommodation,19,8,3,5,11,1,10
S01010550,All households,236,163,87,76,73,48,25
S01010550,Whole house or bungalow: Total,222,160,86,74,62,41,21
S01010550,Whole house or bungalow: Detached,80,76,46,30,4,2,2
S01010550,Whole house or bungalow: Semi-detached,105,62,31,31,43,31,12
S01010550,Whole house or bungalow: Terraced (including end-terrace),37,22,9,13,15,8,7
S01010550,Flat maisonette or apartment or mobile/temporary accommodation,14,3,1,2,11,7,4
S01010551,All households,267,192,87,105,75,27,48
S01010551,Whole house or bungalow: Total,264,190,86,104,74,27,47
S01010551,Whole house or bungalow: Detached,194,157,79,78,37,0,37
S01010551,Whole house or bungalow: Semi-detached,65,32,7,25,33,25,8
S01010551,Whole house or bungalow: Terraced (including end-terrace),5,1,0,1,4,2,2
S01010551,Flat maisonette or apartment or mobile/temporary accommodation,3,2,1,1,1,0,1
S01010552,All households,334,218,114,104,116,28,88
S01010552,Whole house or bungalow: Total,325,214,110,104,111,26,85
S01010552,Whole house or bungalow: Detached,235,178,100,78,57,3,54
S01010552,Whole house or bungalow: Semi-detached,87,36,10,26,51,21,30
S01010552,Whole house or bungalow: Terraced (including end-terrace),3,0,0,0,3,2,1
S01010552,Flat maisonette or apartment or mobile/temporary accommodation,9,4,4,0,5,2,3
S01010553,All households,261,154,88,66,107,5,102
S01010553,Whole house or bungalow: Total,259,153,87,66,106,4,102
S01010553,Whole house or bungalow: Detached,210,131,76,55,79,0,79
S01010553,Whole house or bungalow: Semi-detached,42,21,11,10,21,3,18
S01010553,Whole house or bungalow: Terraced (including end-terrace),7,1,0,1,6,1,5
S01010553,Flat maisonette or apartment or mobile/temporary accommodation,2,1,1,0,1,1,0
S01010554,All households,396,268,133,135,128,29,99
S01010554,Whole house or bungalow: Total,303,230,120,110,73,15,58
S01010554,Whole house or bungalow: Detached,98,83,45,38,15,1,14
S01010554,Whole house or bungalow: Semi-detached,114,84,42,42,30,8,22
S01010554,Whole house or bungalow: Terraced (including end-terrace),91,63,33,30,28,6,22
S01010554,Flat maisonette or apartment or mobile/temporary accommodation,93,38,13,25,55,14,41
S01010555,All households,450,279,124,155,171,55,116
S01010555,Whole house or bungalow: Total,282,203,105,98,79,20,59
S01010555,Whole house or bungalow: Detached,111,97,59,38,14,2,12
S01010555,Whole house or bungalow: Semi-detached,93,66,26,40,27,9,18
S01010555,Whole house or bungalow: Terraced (including end-terrace),78,40,20,20,38,9,29
S01010555,Flat maisonette or apartment or mobile/temporary accommodation,168,76,19,57,92,35,57
S01010556,All households,410,182,71,111,228,204,24
S01010556,Whole house or bungalow: Total,332,166,62,104,166,146,20
S01010556,Whole house or bungalow: Detached,62,49,24,25,13,7,6
S01010556,Whole house or bungalow: Semi-detached,135,64,21,43,71,63,8
S01010556,Whole house or bungalow: Terraced (including end-terrace),135,53,17,36,82,76,6
S01010556,Flat maisonette or apartment or mobile/temporary accommodation,78,16,9,7,62,58,4
S01010557,All households,278,176,93,83,102,85,17
S01010557,Whole house or bungalow: Total,270,176,93,83,94,78,16
S01010557,Whole house or bungalow: Detached,113,104,65,39,9,3,6
S01010557,Whole house or bungalow: Semi-detached,90,50,21,29,40,34,6
S01010557,Whole house or bungalow: Terraced (including end-terrace),67,22,7,15,45,41,4
S01010557,Flat maisonette or apartment or mobile/temporary accommodation,8,0,0,0,8,7,1
S01010558,All households,385,273,170,103,112,83,29
S01010558,Whole house or bungalow: Total,303,253,166,87,50,26,24
S01010558,Whole house or bungalow: Detached,154,144,96,48,10,1,9
S01010558,Whole house or bungalow: Semi-detached,113,87,56,31,26,15,11
S01010558,Whole house or bungalow: Terraced (including end-terrace),36,22,14,8,14,10,4
S01010558,Flat maisonette or apartment or mobile/temporary accommodation,82,20,4,16,62,57,5
S01010559,All households,351,277,188,89,74,43,31
S01010559,Whole house or bungalow: Total,279,240,157,83,39,24,15
S01010559,Whole house or bungalow: Detached,163,153,111,42,10,1,9
S01010559,Whole house or bungalow: Semi-detached,85,74,41,33,11,7,4
S01010559,Whole house or bungalow: Terraced (including end-terrace),31,13,5,8,18,16,2
S01010559,Flat maisonette or apartment or mobile/temporary accommodation,72,37,31,6,35,19,16
S01010560,All households,291,255,151,104,36,8,28
S01010560,Whole house or bungalow: Total,265,242,145,97,23,6,17
S01010560,Whole house or bungalow: Detached,157,147,91,56,10,0,10
S01010560,Whole house or bungalow: Semi-detached,94,83,46,37,11,4,7
S01010560,Whole house or bungalow: Terraced (including end-terrace),14,12,8,4,2,2,0
S01010560,Flat maisonette or apartment or mobile/temporary accommodation,26,13,6,7,13,2,11
S01010561,All households,301,265,173,92,36,7,29
S01010561,Whole house or bungalow: Total,276,247,161,86,29,7,22
S01010561,Whole house or bungalow: Detached,216,196,135,61,20,1,19
S01010561,Whole house or bungalow: Semi-detached,50,43,24,19,7,6,1
S01010561,Whole house or bungalow: Terraced (including end-terrace),10,8,2,6,2,0,2
S01010561,Flat maisonette or apartment or mobile/temporary accommodation,25,18,12,6,7,0,7
S01010562,All households,314,274,154,120,40,16,24
S01010562,Whole house or bungalow: Total,306,268,150,118,38,16,22
S01010562,Whole house or bungalow: Detached,138,128,70,58,10,3,7
S01010562,Whole house or bungalow: Semi-detached,168,140,80,60,28,13,15
S01010562,Whole house or bungalow: Terraced (including end-terrace),0,0,0,0,0,0,0
S01010562,Flat maisonette or apartment or mobile/temporary accommodation,8,6,4,2,2,0,2
S01010563,All households,211,131,58,73,80,63,17
S01010563,Whole house or bungalow: Total,205,130,57,73,75,62,13
S01010563,Whole house or bungalow: Detached,28,20,8,12,8,3,5
S01010563,Whole house or bungalow: Semi-detached,118,76,35,41,42,36,6
S01010563,Whole house or bungalow: Terraced (including end-terrace),59,34,14,20,25,23,2
S01010563,Flat maisonette or apartment or mobile/temporary accommodation,6,1,1,0,5,1,4
S01010564,All households,269,95,48,47,174,160,14
S01010564,Whole house or bungalow: Total,204,92,48,44,112,98,14
S01010564,Whole house or bungalow: Detached,31,18,8,10,13,8,5
S01010564,Whole house or bungalow: Semi-detached,152,69,38,31,83,76,7
S01010564,Whole house or bungalow: Terraced (including end-terrace),21,5,2,3,16,14,2
S01010564,Flat maisonette or apartment or mobile/temporary accommodation,65,3,0,3,62,62,0
S01010565,All households,276,193,99,94,83,65,18
S01010565,Whole house or bungalow: Total,267,193,99,94,74,64,10
S01010565,Whole house or bungalow: Detached,89,83,45,38,6,0,6
S01010565,Whole house or bungalow: Semi-detached,149,94,47,47,55,52,3
S01010565,Whole house or bungalow: Terraced (including end-terrace),29,16,7,9,13,12,1
S01010565,Flat maisonette or apartment or mobile/temporary accommodation,9,0,0,0,9,1,8
S01010566,All households,453,294,155,139,159,35,124
S01010566,Whole house or bungalow: Total,445,292,153,139,153,33,120
S01010566,Whole house or bungalow: Detached,344,251,138,113,93,2,91
S01010566,Whole house or bungalow: Semi-detached,84,32,14,18,52,25,27
S01010566,Whole house or bungalow: Terraced (including end-terrace),17,9,1,8,8,6,2
S01010566,Flat maisonette or apartment or mobile/temporary accommodation,8,2,2,0,6,2,4
S01010567,All households,379,330,154,176,49,2,47
S01010567,Whole house or bungalow: Total,368,328,152,176,40,2,38
S01010567,Whole house or bungalow: Detached,320,296,143,153,24,1,23
S01010567,Whole house or bungalow: Semi-detached,40,27,8,19,13,1,12
S01010567,Whole house or bungalow: Terraced (including end-terrace),8,5,1,4,3,0,3
S01010567,Flat maisonette or apartment or mobile/temporary accommodation,11,2,2,0,9,0,9
S01010568,All households,391,288,117,171,103,58,45
S01010568,Whole house or bungalow: Total,387,286,116,170,101,57,44
S01010568,Whole house or bungalow: Detached,230,201,93,108,29,2,27
S01010568,Whole house or bungalow: Semi-detached,100,55,14,41,45,34,11
S01010568,Whole house or bungalow: Terraced (including end-terrace),57,30,9,21,27,21,6
S01010568,Flat maisonette or apartment or mobile/temporary accommodation,4,2,1,1,2,1,1
S01010569,All households,295,211,113,98,84,7,77
S01010569,Whole house or bungalow: Total,277,211,113,98,66,6,60
S01010569,Whole house or bungalow: Detached,229,189,105,84,40,0,40
S01010569,Whole house or bungalow: Semi-detached,39,17,5,12,22,3,19
S01010569,Whole house or bungalow: Terraced (including end-terrace),9,5,3,2,4,3,1
S01010569,Flat maisonette or apartment or mobile/temporary accommodation,18,0,0,0,18,1,17
S01010570,All households,467,261,125,136,206,169,37
S01010570,Whole house or bungalow: Total,443,254,125,129,189,158,31
S01010570,Whole house or bungalow: Detached,136,108,56,52,28,16,12
S01010570,Whole house or bungalow: Semi-detached,130,64,32,32,66,55,11
S01010570,Whole house or bungalow: Terraced (including end-terrace),177,82,37,45,95,87,8
S01010570,Flat maisonette or apartment or mobile/temporary accommodation,24,7,0,7,17,11,6
S01010571,All households,398,320,113,207,78,8,70
S01010571,Whole house or bungalow: Total,264,242,99,143,22,5,17
S01010571,Whole house or bungalow: Detached,55,50,25,25,5,2,3
S01010571,Whole house or bungalow: Semi-detached,186,171,64,107,15,3,12
S01010571,Whole house or bungalow: Terraced (including end-terrace),23,21,10,11,2,0,2
S01010571,Flat maisonette or apartment or mobile/temporary accommodation,134,78,14,64,56,3,53
S01010572,All households,336,183,51,132,153,79,74
S01010572,Whole house or bungalow: Total,251,157,44,113,94,63,31
S01010572,Whole house or bungalow: Detached,14,7,4,3,7,6,1
S01010572,Whole house or bungalow: Semi-detached,84,49,19,30,35,22,13
S01010572,Whole house or bungalow: Terraced (including end-terrace),153,101,21,80,52,35,17
S01010572,Flat maisonette or apartment or mobile/temporary accommodation,85,26,7,19,59,16,43
S01010573,All households,222,158,49,109,64,50,14
S01010573,Whole house or bungalow: Total,208,152,48,104,56,47,9
S01010573,Whole house or bungalow: Detached,10,9,6,3,1,1,0
S01010573,Whole house or bungalow: Semi-detached,32,17,4,13,15,12,3
S01010573,Whole house or bungalow: Terraced (including end-terrace),166,126,38,88,40,34,6
S01010573,Flat maisonette or apartment or mobile/temporary accommodation,14,6,1,5,8,3,5
S01010574,All households,236,216,86,130,20,4,16
S01010574,Whole house or bungalow: Total,233,214,86,128,19,3,16
S01010574,Whole house or bungalow: Detached,200,186,83,103,14,1,13
S01010574,Whole house or bungalow: Semi-detached,30,25,2,23,5,2,3
S01010574,Whole house or bungalow: Terraced (including end-terrace),3,3,1,2,0,0,0
S01010574,Flat maisonette or apartment or mobile/temporary accommodation,3,2,0,2,1,1,0
S01010575,All households,284,259,152,107,25,8,17
S01010575,Whole house or bungalow: Total,281,256,151,105,25,8,17
S01010575,Whole house or bungalow: Detached,233,222,139,83,11,0,11
S01010575,Whole house or bungalow: Semi-detached,37,29,9,20,8,2,6
S01010575,Whole house or bungalow: Terraced (including end-terrace),11,5,3,2,6,6,0
S01010575,Flat maisonette or apartment or mobile/temporary accommodation,3,3,1,2,0,0,0
S01010576,All households,326,300,169,131,26,9,17
S01010576,Whole house or bungalow: Total,325,300,169,131,25,9,16
S01010576,Whole house or bungalow: Detached,266,256,151,105,10,1,9
S01010576,Whole house or bungalow: Semi-detached,50,40,16,24,10,3,7
S01010576,Whole house or bungalow: Terraced (including end-terrace),9,4,2,2,5,5,0
S01010576,Flat maisonette or apartment or mobile/temporary accommodation,1,0,0,0,1,0,1
S01010577,All households,354,181,66,115,173,157,16
S01010577,Whole house or bungalow: Total,330,176,63,113,154,139,15
S01010577,Whole house or bungalow: Detached,26,17,7,10,9,6,3
S01010577,Whole house or bungalow: Semi-detached,108,60,25,35,48,44,4
S01010577,Whole house or bungalow: Terraced (including end-terrace),196,99,31,68,97,89,8
S01010577,Flat maisonette or apartment or mobile/temporary accommodation,24,5,3,2,19,18,1
S01010578,All households,203,140,30,110,63,49,14
S01010578,Whole house or bungalow: Total,200,139,30,109,61,49,12
S01010578,Whole house or bungalow: Detached,30,24,9,15,6,5,1
S01010578,Whole house or bungalow: Semi-detached,160,108,18,90,52,41,11
S01010578,Whole house or bungalow: Terraced (including end-terrace),10,7,3,4,3,3,0
S01010578,Flat maisonette or apartment or mobile/temporary accommodation,3,1,0,1,2,0,2
S01010579,All households,325,290,129,161,35,7,28
S01010579,Whole house or bungalow: Total,317,288,128,160,29,5,24
S01010579,Whole house or bungalow: Detached,156,149,83,66,7,1,6
S01010579,Whole house or bungalow: Semi-detached,149,132,43,89,17,3,14
S01010579,Whole house or bungalow: Terraced (including end-terrace),12,7,2,5,5,1,4
S01010579,Flat maisonette or apartment or mobile/temporary accommodation,8,2,1,1,6,2,4
S01010580,All households,305,143,46,97,162,33,129
S01010580,Whole house or bungalow: Total,129,89,36,53,40,23,17
S01010580,Whole house or bungalow: Detached,45,31,19,12,14,1,13
S01010580,Whole house or bungalow: Semi-detached,48,28,8,20,20,16,4
S01010580,Whole house or bungalow: Terraced (including end-terrace),36,30,9,21,6,6,0
S01010580,Flat maisonette or apartment or mobile/temporary accommodation,176,54,10,44,122,10,112
S01010581,All households,243,181,43,138,62,11,51
S01010581,Whole house or bungalow: Total,171,137,34,103,34,9,25
S01010581,Whole house or bungalow: Detached,62,55,17,38,7,1,6
S01010581,Whole house or bungalow: Semi-detached,55,43,7,36,12,4,8
S01010581,Whole house or bungalow: Terraced (including end-terrace),54,39,10,29,15,4,11
S01010581,Flat maisonette or apartment or mobile/temporary accommodation,72,44,9,35,28,2,26
S01010582,All households,185,146,63,83,39,4,35
S01010582,Whole house or bungalow: Total,156,131,61,70,25,4,21
S01010582,Whole house or bungalow: Detached,108,96,50,46,12,0,12
S01010582,Whole house or bungalow: Semi-detached,35,28,6,22,7,2,5
S01010582,Whole house or bungalow: Terraced (including end-terrace),13,7,5,2,6,2,4
S01010582,Flat maisonette or apartment or mobile/temporary accommodation,29,15,2,13,14,0,14
S01010583,All households,440,367,149,218,73,4,69
S01010583,Whole house or bungalow: Total,375,338,144,194,37,3,34
S01010583,Whole house or bungalow: Detached,211,196,90,106,15,1,14
S01010583,Whole house or bungalow: Semi-detached,159,140,54,86,19,2,17
S01010583,Whole house or bungalow: Terraced (including end-terrace),5,2,0,2,3,0,3
S01010583,Flat maisonette or apartment or mobile/temporary accommodation,65,29,5,24,36,1,35
S01010584,All households,312,229,64,165,83,55,28
S01010584,Whole house or bungalow: Total,281,216,64,152,65,38,27
S01010584,Whole house or bungalow: Detached,185,162,58,104,23,3,20
S01010584,Whole house or bungalow: Semi-detached,68,37,6,31,31,27,4
S01010584,Whole house or bungalow: Terraced (including end-terrace),28,17,0,17,11,8,3
S01010584,Flat maisonette or apartment or mobile/temporary accommodation,31,13,0,13,18,17,1
S01010585,All households,304,235,27,208,69,19,50
S01010585,Whole house or bungalow: Total,262,213,26,187,49,9,40
S01010585,Whole house or bungalow: Detached,180,158,17,141,22,1,21
S01010585,Whole house or bungalow: Semi-detached,63,39,9,30,24,8,16
S01010585,Whole house or bungalow: Terraced (including end-terrace),19,16,0,16,3,0,3
S01010585,Flat maisonette or apartment or mobile/temporary accommodation,42,22,1,21,20,10,10
S01010586,All households,305,279,115,164,26,4,22
S01010586,Whole house or bungalow: Total,296,278,115,163,18,2,16
S01010586,Whole house or bungalow: Detached,255,245,104,141,10,0,10
S01010586,Whole house or bungalow: Semi-detached,39,31,9,22,8,2,6
S01010586,Whole house or bungalow: Terraced (including end-terrace),2,2,2,0,0,0,0
S01010586,Flat maisonette or apartment or mobile/temporary accommodation,9,1,0,1,8,2,6
S01010587,All households,293,262,134,128,31,7,24
S01010587,Whole house or bungalow: Total,266,248,131,117,18,5,13
S01010587,Whole house or bungalow: Detached,179,168,101,67,11,2,9
S01010587,Whole house or bungalow: Semi-detached,83,78,29,49,5,2,3
S01010587,Whole house or bungalow: Terraced (including end-terrace),4,2,1,1,2,1,1
S01010587,Flat maisonette or apartment or mobile/temporary accommodation,27,14,3,11,13,2,11
S01010588,All households,268,222,105,117,46,21,25
S01010588,Whole house or bungalow: Total,232,207,103,104,25,12,13
S01010588,Whole house or bungalow: Detached,126,123,70,53,3,0,3
S01010588,Whole house or bungalow: Semi-detached,99,80,32,48,19,11,8
S01010588,Whole house or bungalow: Terraced (including end-terrace),7,4,1,3,3,1,2
S01010588,Flat maisonette or apartment or mobile/temporary accommodation,36,15,2,13,21,9,12
S01010589,All households,299,172,39,133,127,80,47
S01010589,Whole house or bungalow: Total,204,134,36,98,70,55,15
S01010589,Whole house or bungalow: Detached,32,24,13,11,8,2,6
S01010589,Whole house or bungalow: Semi-detached,77,43,12,31,34,31,3
S01010589,Whole house or bungalow: Terraced (including end-terrace),95,67,11,56,28,22,6
S01010589,Flat maisonette or apartment or mobile/temporary accommodation,95,38,3,35,57,25,32
S01010590,All households,293,267,89,178,26,3,23
S01010590,Whole house or bungalow: Total,288,264,88,176,24,2,22
S01010590,Whole house or bungalow: Detached,280,258,86,172,22,1,21
S01010590,Whole house or bungalow: Semi-detached,7,5,1,4,2,1,1
S01010590,Whole house or bungalow: Terraced (including end-terrace),1,1,1,0,0,0,0
S01010590,Flat maisonette or apartment or mobile/temporary accommodation,5,3,1,2,2,1,1
S01010591,All households,303,219,27,192,84,39,45
S01010591,Whole house or bungalow: Total,223,166,27,139,57,33,24
S01010591,Whole house or bungalow: Detached,93,83,20,63,10,1,9
S01010591,Whole house or bungalow: Semi-detached,104,71,7,64,33,19,14
S01010591,Whole house or bungalow: Terraced (including end-terrace),26,12,0,12,14,13,1
S01010591,Flat maisonette or apartment or mobile/temporary accommodation,80,53,0,53,27,6,21
S01010592,All households,273,183,69,114,90,8,82
S01010592,Whole house or bungalow: Total,146,130,60,70,16,4,12
S01010592,Whole house or bungalow: Detached,50,48,26,22,2,1,1
S01010592,Whole house or bungalow: Semi-detached,91,80,34,46,11,1,10
S01010592,Whole house or bungalow: Terraced (including end-terrace),5,2,0,2,3,2,1
S01010592,Flat maisonette or apartment or mobile/temporary accommodation,127,53,9,44,74,4,70
S01010593,All households,259,228,99,129,31,5,26
S01010593,Whole house or bungalow: Total,253,226,99,127,27,4,23
S01010593,Whole house or bungalow: Detached,186,171,79,92,15,2,13
S01010593,Whole house or bungalow: Semi-detached,65,54,20,34,11,2,9
S01010593,Whole house or bungalow: Terraced (including end-terrace),2,1,0,1,1,0,1
S01010593,Flat maisonette or apartment or mobile/temporary accommodation,6,2,0,2,4,1,3
S01010594,All households,281,182,57,125,99,17,82
S01010594,Whole house or bungalow: Total,194,154,47,107,40,13,27
S01010594,Whole house or bungalow: Detached,80,77,30,47,3,0,3
S01010594,Whole house or bungalow: Semi-detached,70,47,11,36,23,10,13
S01010594,Whole house or bungalow: Terraced (including end-terrace),44,30,6,24,14,3,11
S01010594,Flat maisonette or apartment or mobile/temporary accommodation,87,28,10,18,59,4,55
S01010595,All households,310,203,31,172,107,29,78
S01010595,Whole house or bungalow: Total,251,185,28,157,66,20,46
S01010595,Whole house or bungalow: Detached,110,95,18,77,15,1,14
S01010595,Whole house or bungalow: Semi-detached,129,86,9,77,43,12,31
S01010595,Whole house or bungalow: Terraced (including end-terrace),12,4,1,3,8,7,1
S01010595,Flat maisonette or apartment or mobile/temporary accommodation,59,18,3,15,41,9,32
S01010596,All households,310,231,85,146,79,6,73
S01010596,Whole house or bungalow: Total,290,223,85,138,67,3,64
S01010596,Whole house or bungalow: Detached,209,166,73,93,43,2,41
S01010596,Whole house or bungalow: Semi-detached,75,54,9,45,21,1,20
S01010596,Whole house or bungalow: Terraced (including end-terrace),6,3,3,0,3,0,3
S01010596,Flat maisonette or apartment or mobile/temporary accommodation,20,8,0,8,12,3,9
S01010597,All households,274,197,27,170,77,37,40
S01010597,Whole house or bungalow: Total,219,168,26,142,51,25,26
S01010597,Whole house or bungalow: Detached,106,94,13,81,12,1,11
S01010597,Whole house or bungalow: Semi-detached,103,67,12,55,36,21,15
S01010597,Whole house or bungalow: Terraced (including end-terrace),10,7,1,6,3,3,0
S01010597,Flat maisonette or apartment or mobile/temporary accommodation,55,29,1,28,26,12,14
S01010598,All households,404,270,47,223,134,35,99
S01010598,Whole house or bungalow: Total,300,236,43,193,64,23,41
S01010598,Whole house or bungalow: Detached,161,145,26,119,16,3,13
S01010598,Whole house or bungalow: Semi-detached,132,89,16,73,43,16,27
S01010598,Whole house or bungalow: Terraced (including end-terrace),7,2,1,1,5,4,1
S01010598,Flat maisonette or apartment or mobile/temporary accommodation,104,34,4,30,70,12,58
S01010599,All households,248,199,81,118,49,2,47
S01010599,Whole house or bungalow: Total,203,185,80,105,18,2,16
S01010599,Whole house or bungalow: Detached,129,122,54,68,7,0,7
S01010599,Whole house or bungalow: Semi-detached,66,59,24,35,7,0,7
S01010599,Whole house or bungalow: Terraced (including end-terrace),8,4,2,2,4,2,2
S01010599,Flat maisonette or apartment or mobile/temporary accommodation,45,14,1,13,31,0,31
S01010600,All households,427,351,183,168,76,29,47
S01010600,Whole house or bungalow: Total,336,308,165,143,28,9,19
S01010600,Whole house or bungalow: Detached,211,199,109,90,12,4,8
S01010600,Whole house or bungalow: Semi-detached,68,57,29,28,11,3,8
S01010600,Whole house or bungalow: Terraced (including end-terrace),57,52,27,25,5,2,3
S01010600,Flat maisonette or apartment or mobile/temporary accommodation,91,43,18,25,48,20,28
S01010601,All households,302,254,171,83,48,19,29
S01010601,Whole house or bungalow: Total,273,247,171,76,26,6,20
S01010601,Whole house or bungalow: Detached,126,115,89,26,11,1,10
S01010601,Whole house or bungalow: Semi-detached,143,132,82,50,11,1,10
S01010601,Whole house or bungalow: Terraced (including end-terrace),4,0,0,0,4,4,0
S01010601,Flat maisonette or apartment or mobile/temporary accommodation,29,7,0,7,22,13,9
S01010602,All households,260,214,89,125,46,3,43
S01010602,Whole house or bungalow: Total,206,180,83,97,26,2,24
S01010602,Whole house or bungalow: Detached,53,47,28,19,6,0,6
S01010602,Whole house or bungalow: Semi-detached,145,127,54,73,18,2,16
S01010602,Whole house or bungalow: Terraced (including end-terrace),8,6,1,5,2,0,2
S01010602,Flat maisonette or apartment or mobile/temporary accommodation,54,34,6,28,20,1,19
S01010603,All households,369,316,190,126,53,9,44
S01010603,Whole house or bungalow: Total,314,290,183,107,24,4,20
S01010603,Whole house or bungalow: Detached,188,175,116,59,13,0,13
S01010603,Whole house or bungalow: Semi-detached,120,111,66,45,9,3,6
S01010603,Whole house or bungalow: Terraced (including end-terrace),6,4,1,3,2,1,1
S01010603,Flat maisonette or apartment or mobile/temporary accommodation,55,26,7,19,29,5,24
S01010604,All households,193,181,85,96,12,2,10
S01010604,Whole house or bungalow: Total,185,176,83,93,9,2,7
S01010604,Whole house or bungalow: Detached,101,97,55,42,4,0,4
S01010604,Whole house or bungalow: Semi-detached,80,76,28,48,4,2,2
S01010604,Whole house or bungalow: Terraced (including end-terrace),4,3,0,3,1,0,1
S01010604,Flat maisonette or apartment or mobile/temporary accommodation,8,5,2,3,3,0,3
S01010605,All households,387,345,212,133,42,7,35
S01010605,Whole house or bungalow: Total,375,344,211,133,31,7,24
S01010605,Whole house or bungalow: Detached,256,242,158,84,14,1,13
S01010605,Whole house or bungalow: Semi-detached,109,97,51,46,12,2,10
S01010605,Whole house or bungalow: Terraced (including end-terrace),10,5,2,3,5,4,1
S01010605,Flat maisonette or apartment or mobile/temporary accommodation,12,1,1,0,11,0,11
S01010606,All households,371,227,114,113,144,98,46
S01010606,Whole house or bungalow: Total,324,203,106,97,121,85,36
S01010606,Whole house or bungalow: Detached,37,30,17,13,7,5,2
S01010606,Whole house or bungalow: Semi-detached,136,87,45,42,49,33,16
S01010606,Whole house or bungalow: Terraced (including end-terrace),151,86,44,42,65,47,18
S01010606,Flat maisonette or apartment or mobile/temporary accommodation,47,24,8,16,23,13,10
S01010607,All households,346,301,155,146,45,4,41
S01010607,Whole house or bungalow: Total,316,291,151,140,25,3,22
S01010607,Whole house or bungalow: Detached,169,156,96,60,13,0,13
S01010607,Whole house or bungalow: Semi-detached,137,127,52,75,10,3,7
S01010607,Whole house or bungalow: Terraced (including end-terrace),10,8,3,5,2,0,2
S01010607,Flat maisonette or apartment or mobile/temporary accommodation,30,10,4,6,20,1,19
S01010608,All households,306,118,50,68,188,156,32
S01010608,Whole house or bungalow: Total,146,86,44,42,60,39,21
S01010608,Whole house or bungalow: Detached,24,22,15,7,2,1,1
S01010608,Whole house or bungalow: Semi-detached,40,19,11,8,21,15,6
S01010608,Whole house or bungalow: Terraced (including end-terrace),82,45,18,27,37,23,14
S01010608,Flat maisonette or apartment or mobile/temporary accommodation,160,32,6,26,128,117,11
S01010609,All households,242,138,53,85,104,83,21
S01010609,Whole house or bungalow: Total,197,129,50,79,68,52,16
S01010609,Whole house or bungalow: Detached,7,6,3,3,1,1,0
S01010609,Whole house or bungalow: Semi-detached,36,15,7,8,21,19,2
S01010609,Whole house or bungalow: Terraced (including end-terrace),154,108,40,68,46,32,14
S01010609,Flat maisonette or apartment or mobile/temporary accommodation,45,9,3,6,36,31,5
S01010610,All households,318,261,175,86,57,15,42
S01010610,Whole house or bungalow: Total,233,205,130,75,28,10,18
S01010610,Whole house or bungalow: Detached,152,147,98,49,5,1,4
S01010610,Whole house or bungalow: Semi-detached,65,51,31,20,14,4,10
S01010610,Whole house or bungalow: Terraced (including end-terrace),16,7,1,6,9,5,4
S01010610,Flat maisonette or apartment or mobile/temporary accommodation,85,56,45,11,29,5,24
S01010611,All households,496,310,109,201,186,107,79
S01010611,Whole house or bungalow: Total,363,238,89,149,125,97,28
S01010611,Whole house or bungalow: Detached,20,15,8,7,5,2,3
S01010611,Whole house or bungalow: Semi-detached,44,27,9,18,17,14,3
S01010611,Whole house or bungalow: Terraced (including end-terrace),299,196,72,124,103,81,22
S01010611,Flat maisonette or apartment or mobile/temporary accommodation,133,72,20,52,61,10,51
S01010612,All households,316,240,100,140,76,45,31
S01010612,Whole house or bungalow: Total,311,238,98,140,73,45,28
S01010612,Whole house or bungalow: Detached,34,28,18,10,6,4,2
S01010612,Whole house or bungalow: Semi-detached,54,27,10,17,27,16,11
S01010612,Whole house or bungalow: Terraced (including end-terrace),223,183,70,113,40,25,15
S01010612,Flat maisonette or apartment or mobile/temporary accommodation,5,2,2,0,3,0,3
S01010613,All households,341,181,106,75,160,120,40
S01010613,Whole house or bungalow: Total,289,158,98,60,131,115,16
S01010613,Whole house or bungalow: Detached,83,76,49,27,7,5,2
S01010613,Whole house or bungalow: Semi-detached,120,50,31,19,70,64,6
S01010613,Whole house or bungalow: Terraced (including end-terrace),86,32,18,14,54,46,8
S01010613,Flat maisonette or apartment or mobile/temporary accommodation,52,23,8,15,29,5,24
S01010614,All households,264,122,44,78,142,117,25
S01010614,Whole house or bungalow: Total,238,117,44,73,121,99,22
S01010614,Whole house or bungalow: Detached,16,7,2,5,9,7,2
S01010614,Whole house or bungalow: Semi-detached,58,13,6,7,45,39,6
S01010614,Whole house or bungalow: Terraced (including end-terrace),164,97,36,61,67,53,14
S01010614,Flat maisonette or apartment or mobile/temporary accommodation,26,5,0,5,21,18,3
S01010615,All households,383,244,70,174,139,36,103
S01010615,Whole house or bungalow: Total,254,205,61,144,49,10,39
S01010615,Whole house or bungalow: Detached,86,77,26,51,9,1,8
S01010615,Whole house or bungalow: Semi-detached,137,106,30,76,31,5,26
S01010615,Whole house or bungalow: Terraced (including end-terrace),31,22,5,17,9,4,5
S01010615,Flat maisonette or apartment or mobile/temporary accommodation,129,39,9,30,90,26,64
S01010616,All households,359,316,177,139,43,6,37
S01010616,Whole house or bungalow: Total,347,312,176,136,35,4,31
S01010616,Whole house or bungalow: Detached,121,112,71,41,9,0,9
S01010616,Whole house or bungalow: Semi-detached,214,194,101,93,20,1,19
S01010616,Whole house or bungalow: Terraced (including end-terrace),12,6,4,2,6,3,3
S01010616,Flat maisonette or apartment or mobile/temporary accommodation,12,4,1,3,8,2,6
S01010617,All households,360,319,160,159,41,6,35
S01010617,Whole house or bungalow: Total,358,318,160,158,40,6,34
S01010617,Whole house or bungalow: Detached,111,99,52,47,12,3,9
S01010617,Whole house or bungalow: Semi-detached,236,211,103,108,25,0,25
S01010617,Whole house or bungalow: Terraced (including end-terrace),11,8,5,3,3,3,0
S01010617,Flat maisonette or apartment or mobile/temporary accommodation,2,1,0,1,1,0,1
S01010618,All households,307,276,113,163,31,6,25
S01010618,Whole house or bungalow: Total,304,274,111,163,30,5,25
S01010618,Whole house or bungalow: Detached,66,60,28,32,6,1,5
S01010618,Whole house or bungalow: Semi-detached,228,207,78,129,21,2,19
S01010618,Whole house or bungalow: Terraced (including end-terrace),10,7,5,2,3,2,1
S01010618,Flat maisonette or apartment or mobile/temporary accommodation,3,2,2,0,1,1,0
S01010619,All households,318,131,43,88,187,81,106
S01010619,Whole house or bungalow: Total,78,50,23,27,28,13,15
S01010619,Whole house or bungalow: Detached,14,9,5,4,5,1,4
S01010619,Whole house or bungalow: Semi-detached,43,28,14,14,15,9,6
S01010619,Whole house or bungalow: Terraced (including end-terrace),21,13,4,9,8,3,5
S01010619,Flat maisonette or apartment or mobile/temporary accommodation,240,81,20,61,159,68,91
S01010620,All households,369,82,34,48,287,125,162
S01010620,Whole house or bungalow: Total,53,30,17,13,23,7,16
S01010620,Whole house or bungalow: Detached,9,7,1,6,2,1,1
S01010620,Whole house or bungalow: Semi-detached,20,12,7,5,8,2,6
S01010620,Whole house or bungalow: Terraced (including end-terrace),24,11,9,2,13,4,9
S01010620,Flat maisonette or apartment or mobile/temporary accommodation,316,52,17,35,264,118,146
S01010621,All households,432,256,121,135,176,51,125
S01010621,Whole house or bungalow: Total,244,207,112,95,37,13,24
S01010621,Whole house or bungalow: Detached,110,98,63,35,12,2,10
S01010621,Whole house or bungalow: Semi-detached,82,69,32,37,13,5,8
S01010621,Whole house or bungalow: Terraced (including end-terrace),52,40,17,23,12,6,6
S01010621,Flat maisonette or apartment or mobile/temporary accommodation,188,49,9,40,139,38,101
S01010622,All households,333,145,67,78,188,135,53
S01010622,Whole house or bungalow: Total,177,104,52,52,73,54,19
S01010622,Whole house or bungalow: Detached,12,7,5,2,5,4,1
S01010622,Whole house or bungalow: Semi-detached,66,38,18,20,28,17,11
S01010622,Whole house or bungalow: Terraced (including end-terrace),99,59,29,30,40,33,7
S01010622,Flat maisonette or apartment or mobile/temporary accommodation,156,41,15,26,115,81,34
S01010623,All households,278,70,36,34,208,54,154
S01010623,Whole house or bungalow: Total,265,68,36,32,197,52,145
S01010623,Whole house or bungalow: Detached,43,30,18,12,13,2,11
S01010623,Whole house or bungalow: Semi-detached,86,24,10,14,62,16,46
S01010623,Whole house or bungalow: Terraced (including end-terrace),136,14,8,6,122,34,88
S01010623,Flat maisonette or apartment or mobile/temporary accommodation,13,2,0,2,11,2,9
S01010624,All households,244,149,62,87,95,53,42
S01010624,Whole house or bungalow: Total,215,147,62,85,68,39,29
S01010624,Whole house or bungalow: Detached,21,18,9,9,3,1,2
S01010624,Whole house or bungalow: Semi-detached,65,45,16,29,20,16,4
S01010624,Whole house or bungalow: Terraced (including end-terrace),129,84,37,47,45,22,23
S01010624,Flat maisonette or apartment or mobile/temporary accommodation,29,2,0,2,27,14,13
S01010625,All households,333,292,194,98,41,6,35
S01010625,Whole house or bungalow: Total,305,283,190,93,22,3,19
S01010625,Whole house or bungalow: Detached,227,218,161,57,9,0,9
S01010625,Whole house or bungalow: Semi-detached,67,57,26,31,10,3,7
S01010625,Whole house or bungalow: Terraced (including end-terrace),11,8,3,5,3,0,3
S01010625,Flat maisonette or apartment or mobile/temporary accommodation,28,9,4,5,19,3,16
S01010626,All households,368,318,212,106,50,19,31
S01010626,Whole house or bungalow: Total,322,290,194,96,32,19,13
S01010626,Whole house or bungalow: Detached,189,184,141,43,5,1,4
S01010626,Whole house or bungalow: Semi-detached,113,95,44,51,18,12,6
S01010626,Whole house or bungalow: Terraced (including end-terrace),20,11,9,2,9,6,3
S01010626,Flat maisonette or apartment or mobile/temporary accommodation,46,28,18,10,18,0,18
S01010627,All households,401,235,128,107,166,40,126
S01010627,Whole house or bungalow: Total,235,174,101,73,61,17,44
S01010627,Whole house or bungalow: Detached,70,64,44,20,6,1,5
S01010627,Whole house or bungalow: Semi-detached,103,74,40,34,29,6,23
S01010627,Whole house or bungalow: Terraced (including end-terrace),62,36,17,19,26,10,16
S01010627,Flat maisonette or apartment or mobile/temporary accommodation,166,61,27,34,105,23,82
S01010628,All households,472,317,159,158,155,16,139
S01010628,Whole house or bungalow: Total,292,217,109,108,75,11,64
S01010628,Whole house or bungalow: Detached,71,56,32,24,15,0,15
S01010628,Whole house or bungalow: Semi-detached,119,81,36,45,38,8,30
S01010628,Whole house or bungalow: Terraced (including end-terrace),102,80,41,39,22,3,19
S01010628,Flat maisonette or apartment or mobile/temporary accommodation,180,100,50,50,80,5,75
S01010629,All households,445,278,155,123,167,80,87
S01010629,Whole house or bungalow: Total,264,212,124,88,52,32,20
S01010629,Whole house or bungalow: Detached,92,85,51,34,7,4,3
S01010629,Whole house or bungalow: Semi-detached,133,107,62,45,26,12,14
S01010629,Whole house or bungalow: Terraced (including end-terrace),39,20,11,9,19,16,3
S01010629,Flat maisonette or apartment or mobile/temporary accommodation,181,66,31,35,115,48,67
S01010630,All households,252,129,56,73,123,94,29
S01010630,Whole house or bungalow: Total,126,97,52,45,29,14,15
S01010630,Whole house or bungalow: Detached,63,51,29,22,12,2,10
S01010630,Whole house or bungalow: Semi-detached,52,38,21,17,14,10,4
S01010630,Whole house or bungalow: Terraced (including end-terrace),11,8,2,6,3,2,1
S01010630,Flat maisonette or apartment or mobile/temporary accommodation,126,32,4,28,94,80,14
S01010631,All households,326,164,90,74,162,56,106
S01010631,Whole house or bungalow: Total,78,48,24,24,30,14,16
S01010631,Whole house or bungalow: Detached,33,27,16,11,6,2,4
S01010631,Whole house or bungalow: Semi-detached,26,13,6,7,13,9,4
S01010631,Whole house or bungalow: Terraced (including end-terrace),19,8,2,6,11,3,8
S01010631,Flat maisonette or apartment or mobile/temporary accommodation,248,116,66,50,132,42,90
S01010632,All households,486,279,145,134,207,140,67
S01010632,Whole house or bungalow: Total,336,204,121,83,132,94,38
S01010632,Whole house or bungalow: Detached,61,44,28,16,17,8,9
S01010632,Whole house or bungalow: Semi-detached,235,139,80,59,96,72,24
S01010632,Whole house or bungalow: Terraced (including end-terrace),40,21,13,8,19,14,5
S01010632,Flat maisonette or apartment or mobile/temporary accommodation,150,75,24,51,75,46,29
S01010633,All households,476,217,106,111,259,221,38
S01010633,Whole house or bungalow: Total,393,201,105,96,192,165,27
S01010633,Whole house or bungalow: Detached,17,7,6,1,10,7,3
S01010633,Whole house or bungalow: Semi-detached,151,75,39,36,76,62,14
S01010633,Whole house or bungalow: Terraced (including end-terrace),225,119,60,59,106,96,10
S01010633,Flat maisonette or apartment or mobile/temporary accommodation,83,16,1,15,67,56,11
S01010634,All households,264,160,83,77,104,80,24
S01010634,Whole house or bungalow: Total,252,158,83,75,94,74,20
S01010634,Whole house or bungalow: Detached,10,4,2,2,6,4,2
S01010634,Whole house or bungalow: Semi-detached,104,72,42,30,32,21,11
S01010634,Whole house or bungalow: Terraced (including end-terrace),138,82,39,43,56,49,7
S01010634,Flat maisonette or apartment or mobile/temporary accommodation,12,2,0,2,10,6,4
S01010635,All households,351,179,88,91,172,140,32
S01010635,Whole house or bungalow: Total,279,145,75,70,134,110,24
S01010635,Whole house or bungalow: Detached,13,7,3,4,6,3,3
S01010635,Whole house or bungalow: Semi-detached,158,92,49,43,66,48,18
S01010635,Whole house or bungalow: Terraced (including end-terrace),108,46,23,23,62,59,3
S01010635,Flat maisonette or apartment or mobile/temporary accommodation,72,34,13,21,38,30,8
S01010636,All households,386,292,137,155,94,29,65
S01010636,Whole house or bungalow: Total,299,241,118,123,58,25,33
S01010636,Whole house or bungalow: Detached,80,69,43,26,11,1,10
S01010636,Whole house or bungalow: Semi-detached,185,146,68,78,39,21,18
S01010636,Whole house or bungalow: Terraced (including end-terrace),34,26,7,19,8,3,5
S01010636,Flat maisonette or apartment or mobile/temporary accommodation,87,51,19,32,36,4,32
S01010637,All households,352,119,53,66,233,127,106
S01010637,Whole house or bungalow: Total,109,59,27,32,50,26,24
S01010637,Whole house or bungalow: Detached,17,10,6,4,7,5,2
S01010637,Whole house or bungalow: Semi-detached,43,19,9,10,24,12,12
S01010637,Whole house or bungalow: Terraced (including end-terrace),49,30,12,18,19,9,10
S01010637,Flat maisonette or apartment or mobile/temporary accommodation,243,60,26,34,183,101,82
S01010638,All households,417,240,137,103,177,111,66
S01010638,Whole house or bungalow: Total,290,199,117,82,91,74,17
S01010638,Whole house or bungalow: Detached,45,40,26,14,5,2,3
S01010638,Whole house or bungalow: Semi-detached,110,75,52,23,35,24,11
S01010638,Whole house or bungalow: Terraced (including end-terrace),135,84,39,45,51,48,3
S01010638,Flat maisonette or apartment or mobile/temporary accommodation,127,41,20,21,86,37,49
S01010639,All households,555,251,111,140,304,194,110
S01010639,Whole house or bungalow: Total,266,165,85,80,101,63,38
S01010639,Whole house or bungalow: Detached,47,32,16,16,15,6,9
S01010639,Whole house or bungalow: Semi-detached,100,63,35,28,37,19,18
S01010639,Whole house or bungalow: Terraced (including end-terrace),119,70,34,36,49,38,11
S01010639,Flat maisonette or apartment or mobile/temporary accommodation,289,86,26,60,203,131,72
S01010640,All households,411,192,73,119,219,44,175
S01010640,Whole house or bungalow: Total,174,125,61,64,49,12,37
S01010640,Whole house or bungalow: Detached,40,30,20,10,10,1,9
S01010640,Whole house or bungalow: Semi-detached,72,51,22,29,21,6,15
S01010640,Whole house or bungalow: Terraced (including end-terrace),62,44,19,25,18,5,13
S01010640,Flat maisonette or apartment or mobile/temporary accommodation,237,67,12,55,170,32,138
S01010641,All households,531,137,45,92,394,323,71
S01010641,Whole house or bungalow: Total,170,80,32,48,90,66,24
S01010641,Whole house or bungalow: Detached,34,22,13,9,12,7,5
S01010641,Whole house or bungalow: Semi-detached,89,32,14,18,57,41,16
S01010641,Whole house or bungalow: Terraced (including end-terrace),47,26,5,21,21,18,3
S01010641,Flat maisonette or apartment or mobile/temporary accommodation,361,57,13,44,304,257,47
S01010642,All households,451,156,61,95,295,268,27
S01010642,Whole house or bungalow: Total,264,126,54,72,138,127,11
S01010642,Whole house or bungalow: Detached,25,8,6,2,17,16,1
S01010642,Whole house or bungalow: Semi-detached,71,44,25,19,27,24,3
S01010642,Whole house or bungalow: Terraced (including end-terrace),168,74,23,51,94,87,7
S01010642,Flat maisonette or apartment or mobile/temporary accommodation,187,30,7,23,157,141,16
S01010643,All households,287,67,26,41,220,214,6
S01010643,Whole house or bungalow: Total,198,58,20,38,140,135,5
S01010643,Whole house or bungalow: Detached,14,8,4,4,6,5,1
S01010643,Whole house or bungalow: Semi-detached,56,14,5,9,42,42,0
S01010643,Whole house or bungalow: Terraced (including end-terrace),128,36,11,25,92,88,4
S01010643,Flat maisonette or apartment or mobile/temporary accommodation,89,9,6,3,80,79,1
S01010644,All households,346,62,26,36,284,272,12
S01010644,Whole house or bungalow: Total,138,41,20,21,97,92,5
S01010644,Whole house or bungalow: Detached,17,8,7,1,9,8,1
S01010644,Whole house or bungalow: Semi-detached,73,21,8,13,52,50,2
S01010644,Whole house or bungalow: Terraced (including end-terrace),48,12,5,7,36,34,2
S01010644,Flat maisonette or apartment or mobile/temporary accommodation,208,21,6,15,187,180,7
S01010645,All households,278,207,83,124,71,5,66
S01010645,Whole house or bungalow: Total,189,168,77,91,21,3,18
S01010645,Whole house or bungalow: Detached,56,52,36,16,4,0,4
S01010645,Whole house or bungalow: Semi-detached,125,110,39,71,15,2,13
S01010645,Whole house or bungalow: Terraced (including end-terrace),8,6,2,4,2,1,1
S01010645,Flat maisonette or apartment or mobile/temporary accommodation,89,39,6,33,50,2,48
S01010646,All households,287,245,130,115,42,8,34
S01010646,Whole house or bungalow: Total,261,230,128,102,31,7,24
S01010646,Whole house or bungalow: Detached,145,137,80,57,8,1,7
S01010646,Whole house or bungalow: Semi-detached,108,92,48,44,16,0,16
S01010646,Whole house or bungalow: Terraced (including end-terrace),8,1,0,1,7,6,1
S01010646,Flat maisonette or apartment or mobile/temporary accommodation,26,15,2,13,11,1,10
S01010647,All households,306,255,120,135,51,9,42
S01010647,Whole house or bungalow: Total,251,225,111,114,26,5,21
S01010647,Whole house or bungalow: Detached,51,48,29,19,3,0,3
S01010647,Whole house or bungalow: Semi-detached,196,175,82,93,21,4,17
S01010647,Whole house or bungalow: Terraced (including end-terrace),4,2,0,2,2,1,1
S01010647,Flat maisonette or apartment or mobile/temporary accommodation,55,30,9,21,25,4,21
S01010648,All households,306,216,97,119,90,55,35
S01010648,Whole house or bungalow: Total,216,169,84,85,47,31,16
S01010648,Whole house or bungalow: Detached,53,50,24,26,3,1,2
S01010648,Whole house or bungalow: Semi-detached,112,94,48,46,18,11,7
S01010648,Whole house or bungalow: Terraced (including end-terrace),51,25,12,13,26,19,7
S01010648,Flat maisonette or apartment or mobile/temporary accommodation,90,47,13,34,43,24,19
S01010649,All households,280,235,142,93,45,8,37
S01010649,Whole house or bungalow: Total,192,173,96,77,19,3,16
S01010649,Whole house or bungalow: Detached,74,69,46,23,5,1,4
S01010649,Whole house or bungalow: Semi-detached,84,72,38,34,12,1,11
S01010649,Whole house or bungalow: Terraced (including end-terrace),34,32,12,20,2,1,1
S01010649,Flat maisonette or apartment or mobile/temporary accommodation,88,62,46,16,26,5,21
S01010650,All households,196,109,30,79,87,41,46
S01010650,Whole house or bungalow: Total,149,93,26,67,56,17,39
S01010650,Whole house or bungalow: Detached,93,71,20,51,22,4,18
S01010650,Whole house or bungalow: Semi-detached,44,18,5,13,26,9,17
S01010650,Whole house or bungalow: Terraced (including end-terrace),12,4,1,3,8,4,4
S01010650,Flat maisonette or apartment or mobile/temporary accommodation,47,16,4,12,31,24,7
S01010651,All households,295,180,65,115,115,89,26
S01010651,Whole house or bungalow: Total,263,174,65,109,89,73,16
S01010651,Whole house or bungalow: Detached,44,38,25,13,6,3,3
S01010651,Whole house or bungalow: Semi-detached,115,65,17,48,50,41,9
S01010651,Whole house or bungalow: Terraced (including end-terrace),104,71,23,48,33,29,4
S01010651,Flat maisonette or apartment or mobile/temporary accommodation,32,6,0,6,26,16,10
S01010652,All households,309,230,89,141,79,36,43
S01010652,Whole house or bungalow: Total,266,214,88,126,52,24,28
S01010652,Whole house or bungalow: Detached,84,70,38,32,14,6,8
S01010652,Whole house or bungalow: Semi-detached,103,84,28,56,19,6,13
S01010652,Whole house or bungalow: Terraced (including end-terrace),79,60,22,38,19,12,7
S01010652,Flat maisonette or apartment or mobile/temporary accommodation,43,16,1,15,27,12,15
S01010653,All households,300,254,120,134,46,10,36
S01010653,Whole house or bungalow: Total,245,225,114,111,20,4,16
S01010653,Whole house or bungalow: Detached,49,45,28,17,4,0,4
S01010653,Whole house or bungalow: Semi-detached,191,176,82,94,15,3,12
S01010653,Whole house or bungalow: Terraced (including end-terrace),5,4,4,0,1,1,0
S01010653,Flat maisonette or apartment or mobile/temporary accommodation,55,29,6,23,26,6,20
S01010654,All households,348,229,75,154,119,91,28
S01010654,Whole house or bungalow: Total,307,214,71,143,93,70,23
S01010654,Whole house or bungalow: Detached,22,12,3,9,10,6,4
S01010654,Whole house or bungalow: Semi-detached,105,70,27,43,35,29,6
S01010654,Whole house or bungalow: Terraced (including end-terrace),180,132,41,91,48,35,13
S01010654,Flat maisonette or apartment or mobile/temporary accommodation,41,15,4,11,26,21,5
S01010655,All households,380,284,154,130,96,17,79
S01010655,Whole house or bungalow: Total,369,281,151,130,88,16,72
S01010655,Whole house or bungalow: Detached,279,225,126,99,54,3,51
S01010655,Whole house or bungalow: Semi-detached,74,47,20,27,27,10,17
S01010655,Whole house or bungalow: Terraced (including end-terrace),16,9,5,4,7,3,4
S01010655,Flat maisonette or apartment or mobile/temporary accommodation,11,3,3,0,8,1,7
S01010656,All households,182,135,64,71,47,37,10
S01010656,Whole house or bungalow: Total,182,135,64,71,47,37,10
S01010656,Whole house or bungalow: Detached,99,87,51,36,12,4,8
S01010656,Whole house or bungalow: Semi-detached,61,36,7,29,25,23,2
S01010656,Whole house or bungalow: Terraced (including end-terrace),22,12,6,6,10,10,0
S01010656,Flat maisonette or apartment or mobile/temporary accommodation,0,0,0,0,0,0,0
S01010657,All households,248,218,127,91,30,6,24
S01010657,Whole house or bungalow: Total,244,214,125,89,30,6,24
S01010657,Whole house or bungalow: Detached,227,206,121,85,21,1,20
S01010657,Whole house or bungalow: Semi-detached,14,6,3,3,8,4,4
S01010657,Whole house or bungalow: Terraced (including end-terrace),3,2,1,1,1,1,0
S01010657,Flat maisonette or apartment or mobile/temporary accommodation,4,4,2,2,0,0,0
S01010658,All households,296,248,156,92,48,7,41
S01010658,Whole house or bungalow: Total,242,215,127,88,27,5,22
S01010658,Whole house or bungalow: Detached,204,189,116,73,15,0,15
S01010658,Whole house or bungalow: Semi-detached,26,20,10,10,6,1,5
S01010658,Whole house or bungalow: Terraced (including end-terrace),12,6,1,5,6,4,2
S01010658,Flat maisonette or apartment or mobile/temporary accommodation,54,33,29,4,21,2,19
S01010659,All households,276,214,131,83,62,3,59
S01010659,Whole house or bungalow: Total,264,209,126,83,55,2,53
S01010659,Whole house or bungalow: Detached,217,183,115,68,34,0,34
S01010659,Whole house or bungalow: Semi-detached,36,20,9,11,16,2,14
S01010659,Whole house or bungalow: Terraced (including end-terrace),11,6,2,4,5,0,5
S01010659,Flat maisonette or apartment or mobile/temporary accommodation,12,5,5,0,7,1,6
S01010660,All households,285,200,108,92,85,49,36
S01010660,Whole house or bungalow: Total,258,183,102,81,75,47,28
S01010660,Whole house or bungalow: Detached,93,84,59,25,9,1,8
S01010660,Whole house or bungalow: Semi-detached,115,71,33,38,44,31,13
S01010660,Whole house or bungalow: Terraced (including end-terrace),50,28,10,18,22,15,7
S01010660,Flat maisonette or apartment or mobile/temporary accommodation,27,17,6,11,10,2,8
S01010661,All households,307,178,99,79,129,79,50
S01010661,Whole house or bungalow: Total,240,145,84,61,95,66,29
S01010661,Whole house or bungalow: Detached,76,59,40,19,17,8,9
S01010661,Whole house or bungalow: Semi-detached,75,39,28,11,36,21,15
S01010661,Whole house or bungalow: Terraced (including end-terrace),89,47,16,31,42,37,5
S01010661,Flat maisonette or apartment or mobile/temporary accommodation,67,33,15,18,34,13,21
S01010662,All households,310,259,107,152,51,30,21
S01010662,Whole house or bungalow: Total,300,256,106,150,44,26,18
S01010662,Whole house or bungalow: Detached,196,185,88,97,11,1,10
S01010662,Whole house or bungalow: Semi-detached,89,66,15,51,23,17,6
S01010662,Whole house or bungalow: Terraced (including end-terrace),15,5,3,2,10,8,2
S01010662,Flat maisonette or apartment or mobile/temporary accommodation,10,3,1,2,7,4,3
S01010663,All households,381,318,177,141,63,13,50
S01010663,Whole house or bungalow: Total,361,308,172,136,53,10,43
S01010663,Whole house or bungalow: Detached,334,297,167,130,37,0,37
S01010663,Whole house or bungalow: Semi-detached,22,7,3,4,15,9,6
S01010663,Whole house or bungalow: Terraced (including end-terrace),5,4,2,2,1,1,0
S01010663,Flat maisonette or apartment or mobile/temporary accommodation,20,10,5,5,10,3,7
S01010664,All households,337,294,176,118,43,6,37
S01010664,Whole house or bungalow: Total,330,289,171,118,41,4,37
S01010664,Whole house or bungalow: Detached,291,264,162,102,27,0,27
S01010664,Whole house or bungalow: Semi-detached,31,19,7,12,12,3,9
S01010664,Whole house or bungalow: Terraced (including end-terrace),8,6,2,4,2,1,1
S01010664,Flat maisonette or apartment or mobile/temporary accommodation,7,5,5,0,2,2,0
S01010665,All households,430,331,201,130,99,25,74
S01010665,Whole house or bungalow: Total,393,312,188,124,81,18,63
S01010665,Whole house or bungalow: Detached,273,230,148,82,43,0,43
S01010665,Whole house or bungalow: Semi-detached,84,55,25,30,29,16,13
S01010665,Whole house or bungalow: Terraced (including end-terrace),36,27,15,12,9,2,7
S01010665,Flat maisonette or apartment or mobile/temporary accommodation,37,19,13,6,18,7,11
S01010666,All households,416,276,145,131,140,78,62
S01010666,Whole house or bungalow: Total,398,269,140,129,129,71,58
S01010666,Whole house or bungalow: Detached,203,178,105,73,25,5,20
S01010666,Whole house or bungalow: Semi-detached,134,70,29,41,64,37,27
S01010666,Whole house or bungalow: Terraced (including end-terrace),61,21,6,15,40,29,11
S01010666,Flat maisonette or apartment or mobile/temporary accommodation,18,7,5,2,11,7,4
S01010667,All households,288,219,129,90,69,16,53
S01010667,Whole house or bungalow: Total,277,213,125,88,64,15,49
S01010667,Whole house or bungalow: Detached,200,165,103,62,35,1,34
S01010667,Whole house or bungalow: Semi-detached,57,34,18,16,23,11,12
S01010667,Whole house or bungalow: Terraced (including end-terrace),20,14,4,10,6,3,3
S01010667,Flat maisonette or apartment or mobile/temporary accommodation,11,6,4,2,5,1,4
S01010668,All households,503,355,209,146,148,72,76
S01010668,Whole house or bungalow: Total,462,336,201,135,126,67,59
S01010668,Whole house or bungalow: Detached,285,245,155,90,40,2,38
S01010668,Whole house or bungalow: Semi-detached,111,58,27,31,53,38,15
S01010668,Whole house or bungalow: Terraced (including end-terrace),66,33,19,14,33,27,6
S01010668,Flat maisonette or apartment or mobile/temporary accommodation,41,19,8,11,22,5,17
S01010669,All households,266,200,128,72,66,24,42
S01010669,Whole house or bungalow: Total,262,197,125,72,65,24,41
S01010669,Whole house or bungalow: Detached,190,156,101,55,34,4,30
S01010669,Whole house or bungalow: Semi-detached,62,36,21,15,26,18,8
S01010669,Whole house or bungalow: Terraced (including end-terrace),10,5,3,2,5,2,3
S01010669,Flat maisonette or apartment or mobile/temporary accommodation,4,3,3,0,1,0,1
S01010670,All households,296,226,129,97,70,35,35
S01010670,Whole house or bungalow: Total,270,215,123,92,55,28,27
S01010670,Whole house or bungalow: Detached,185,163,103,60,22,2,20
S01010670,Whole house or bungalow: Semi-detached,68,46,18,28,22,18,4
S01010670,Whole house or bungalow: Terraced (including end-terrace),17,6,2,4,11,8,3
S01010670,Flat maisonette or apartment or mobile/temporary accommodation,26,11,6,5,15,7,8
S01010671,All households,329,251,159,92,78,43,35
S01010671,Whole house or bungalow: Total,311,247,157,90,64,33,31
S01010671,Whole house or bungalow: Detached,193,167,116,51,26,7,19
S01010671,Whole house or bungalow: Semi-detached,74,52,28,24,22,13,9
S01010671,Whole house or bungalow: Terraced (including end-terrace),44,28,13,15,16,13,3
S01010671,Flat maisonette or apartment or mobile/temporary accommodation,18,4,2,2,14,10,4
S01010672,All households,321,161,92,69,160,123,37
S01010672,Whole house or bungalow: Total,271,156,89,67,115,82,33
S01010672,Whole house or bungalow: Detached,94,69,40,29,25,8,17
S01010672,Whole house or bungalow: Semi-detached,125,59,33,26,66,56,10
S01010672,Whole house or bungalow: Terraced (including end-terrace),52,28,16,12,24,18,6
S01010672,Flat maisonette or apartment or mobile/temporary accommodation,50,5,3,2,45,41,4
S01010673,All households,419,254,154,100,165,110,55
S01010673,Whole house or bungalow: Total,358,244,150,94,114,85,29
S01010673,Whole house or bungalow: Detached,249,220,141,79,29,5,24
S01010673,Whole house or bungalow: Semi-detached,80,21,6,15,59,54,5
S01010673,Whole house or bungalow: Terraced (including end-terrace),29,3,3,0,26,26,0
S01010673,Flat maisonette or apartment or mobile/temporary accommodation,61,10,4,6,51,25,26
S01010674,All households,419,298,163,135,121,69,52
S01010674,Whole house or bungalow: Total,395,290,157,133,105,62,43
S01010674,Whole house or bungalow: Detached,259,229,131,98,30,4,26
S01010674,Whole house or bungalow: Semi-detached,106,52,21,31,54,41,13
S01010674,Whole house or bungalow: Terraced (including end-terrace),30,9,5,4,21,17,4
S01010674,Flat maisonette or apartment or mobile/temporary accommodation,24,8,6,2,16,7,9
S01010675,All households,273,222,143,79,51,25,26
S01010675,Whole house or bungalow: Total,265,217,140,77,48,24,24
S01010675,Whole house or bungalow: Detached,223,201,132,69,22,2,20
S01010675,Whole house or bungalow: Semi-detached,36,14,7,7,22,18,4
S01010675,Whole house or bungalow: Terraced (including end-terrace),6,2,1,1,4,4,0
S01010675,Flat maisonette or apartment or mobile/temporary accommodation,8,5,3,2,3,1,2
S01010676,All households,392,279,179,100,113,53,60
S01010676,Whole house or bungalow: Total,379,273,175,98,106,53,53
S01010676,Whole house or bungalow: Detached,309,258,167,91,51,9,42
S01010676,Whole house or bungalow: Semi-detached,57,14,7,7,43,33,10
S01010676,Whole house or bungalow: Terraced (including end-terrace),13,1,1,0,12,11,1
S01010676,Flat maisonette or apartment or mobile/temporary accommodation,13,6,4,2,7,0,7
S01010677,All households,224,182,129,53,42,14,28
S01010677,Whole house or bungalow: Total,219,180,128,52,39,13,26
S01010677,Whole house or bungalow: Detached,177,153,107,46,24,4,20
S01010677,Whole house or bungalow: Semi-detached,11,4,2,2,7,6,1
S01010677,Whole house or bungalow: Terraced (including end-terrace),31,23,19,4,8,3,5
S01010677,Flat maisonette or apartment or mobile/temporary accommodation,5,2,1,1,3,1,2
S01010678,All households,273,217,124,93,56,25,31
S01010678,Whole house or bungalow: Total,265,217,124,93,48,20,28
S01010678,Whole house or bungalow: Detached,233,207,120,87,26,2,24
S01010678,Whole house or bungalow: Semi-detached,26,7,2,5,19,15,4
S01010678,Whole house or bungalow: Terraced (including end-terrace),6,3,2,1,3,3,0
S01010678,Flat maisonette or apartment or mobile/temporary accommodation,8,0,0,0,8,5,3
S01010679,All households,282,175,109,66,107,77,30
S01010679,Whole house or bungalow: Total,218,159,97,62,59,35,24
S01010679,Whole house or bungalow: Detached,102,94,67,27,8,0,8
S01010679,Whole house or bungalow: Semi-detached,76,45,21,24,31,16,15
S01010679,Whole house or bungalow: Terraced (including end-terrace),40,20,9,11,20,19,1
S01010679,Flat maisonette or apartment or mobile/temporary accommodation,64,16,12,4,48,42,6
S01010680,All households,315,151,79,72,164,138,26
S01010680,Whole house or bungalow: Total,300,150,79,71,150,126,24
S01010680,Whole house or bungalow: Detached,114,101,59,42,13,7,6
S01010680,Whole house or bungalow: Semi-detached,121,26,8,18,95,82,13
S01010680,Whole house or bungalow: Terraced (including end-terrace),65,23,12,11,42,37,5
S01010680,Flat maisonette or apartment or mobile/temporary accommodation,15,1,0,1,14,12,2
S01010681,All households,461,241,93,148,220,188,32
S01010681,Whole house or bungalow: Total,378,230,91,139,148,123,25
S01010681,Whole house or bungalow: Detached,98,74,41,33,24,16,8
S01010681,Whole house or bungalow: Semi-detached,256,145,46,99,111,97,14
S01010681,Whole house or bungalow: Terraced (including end-terrace),24,11,4,7,13,10,3
S01010681,Flat maisonette or apartment or mobile/temporary accommodation,83,11,2,9,72,65,7
S01010682,All households,398,319,181,138,79,27,52
S01010682,Whole house or bungalow: Total,385,314,176,138,71,21,50
S01010682,Whole house or bungalow: Detached,343,296,163,133,47,4,43
S01010682,Whole house or bungalow: Semi-detached,25,13,9,4,12,8,4
S01010682,Whole house or bungalow: Terraced (including end-terrace),17,5,4,1,12,9,3
S01010682,Flat maisonette or apartment or mobile/temporary accommodation,13,5,5,0,8,6,2
S01010683,All households,423,342,225,117,81,48,33
S01010683,Whole house or bungalow: Total,409,334,219,115,75,44,31
S01010683,Whole house or bungalow: Detached,350,319,211,108,31,3,28
S01010683,Whole house or bungalow: Semi-detached,45,13,8,5,32,30,2
S01010683,Whole house or bungalow: Terraced (including end-terrace),14,2,0,2,12,11,1
S01010683,Flat maisonette or apartment or mobile/temporary accommodation,14,8,6,2,6,4,2
S01010684,All households,361,290,200,90,71,25,46
S01010684,Whole house or bungalow: Total,352,286,197,89,66,24,42
S01010684,Whole house or bungalow: Detached,306,272,189,83,34,0,34
S01010684,Whole house or bungalow: Semi-detached,39,11,6,5,28,20,8
S01010684,Whole house or bungalow: Terraced (including end-terrace),7,3,2,1,4,4,0
S01010684,Flat maisonette or apartment or mobile/temporary accommodation,9,4,3,1,5,1,4
S01010685,All households,294,238,171,67,56,28,28
S01010685,Whole house or bungalow: Total,284,230,163,67,54,26,28
S01010685,Whole house or bungalow: Detached,243,215,157,58,28,2,26
S01010685,Whole house or bungalow: Semi-detached,31,11,5,6,20,18,2
S01010685,Whole house or bungalow: Terraced (including end-terrace),10,4,1,3,6,6,0
S01010685,Flat maisonette or apartment or mobile/temporary accommodation,10,8,8,0,2,2,0
S01010686,All households,309,229,148,81,80,33,47
S01010686,Whole house or bungalow: Total,285,214,138,76,71,32,39
S01010686,Whole house or bungalow: Detached,239,199,129,70,40,3,37
S01010686,Whole house or bungalow: Semi-detached,38,11,6,5,27,25,2
S01010686,Whole house or bungalow: Terraced (including end-terrace),8,4,3,1,4,4,0
S01010686,Flat maisonette or apartment or mobile/temporary accommodation,24,15,10,5,9,1,8
S01010687,All households,379,287,185,102,92,58,34
S01010687,Whole house or bungalow: Total,365,285,184,101,80,51,29
S01010687,Whole house or bungalow: Detached,257,238,165,73,19,2,17
S01010687,Whole house or bungalow: Semi-detached,94,45,19,26,49,39,10
S01010687,Whole house or bungalow: Terraced (including end-terrace),14,2,0,2,12,10,2
S01010687,Flat maisonette or apartment or mobile/temporary accommodation,14,2,1,1,12,7,5
S01010688,All households,335,246,181,65,89,47,42
S01010688,Whole house or bungalow: Total,323,237,173,64,86,46,40
S01010688,Whole house or bungalow: Detached,244,209,156,53,35,1,34
S01010688,Whole house or bungalow: Semi-detached,58,20,12,8,38,32,6
S01010688,Whole house or bungalow: Terraced (including end-terrace),21,8,5,3,13,13,0
S01010688,Flat maisonette or apartment or mobile/temporary accommodation,12,9,8,1,3,1,2
S01010689,All households,378,278,215,63,100,41,59
S01010689,Whole house or bungalow: Total,362,276,213,63,86,33,53
S01010689,Whole house or bungalow: Detached,257,224,181,43,33,3,30
S01010689,Whole house or bungalow: Semi-detached,97,50,31,19,47,24,23
S01010689,Whole house or bungalow: Terraced (including end-terrace),8,2,1,1,6,6,0
S01010689,Flat maisonette or apartment or mobile/temporary accommodation,16,2,2,0,14,8,6
S01010690,All households,330,200,124,76,130,76,54
S01010690,Whole house or bungalow: Total,295,191,118,73,104,64,40
S01010690,Whole house or bungalow: Detached,70,54,39,15,16,3,13
S01010690,Whole house or bungalow: Semi-detached,164,93,51,42,71,49,22
S01010690,Whole house or bungalow: Terraced (including end-terrace),61,44,28,16,17,12,5
S01010690,Flat maisonette or apartment or mobile/temporary accommodation,35,9,6,3,26,12,14
S01010691,All households,325,236,165,71,89,6,83
S01010691,Whole house or bungalow: Total,314,230,160,70,84,5,79
S01010691,Whole house or bungalow: Detached,265,208,149,59,57,0,57
S01010691,Whole house or bungalow: Semi-detached,37,20,10,10,17,4,13
S01010691,Whole house or bungalow: Terraced (including end-terrace),12,2,1,1,10,1,9
S01010691,Flat maisonette or apartment or mobile/temporary accommodation,11,6,5,1,5,1,4
S01010692,All households,307,196,87,109,111,79,32
S01010692,Whole house or bungalow: Total,242,171,74,97,71,52,19
S01010692,Whole house or bungalow: Detached,96,83,41,42,13,2,11
S01010692,Whole house or bungalow: Semi-detached,120,74,30,44,46,40,6
S01010692,Whole house or bungalow: Terraced (including end-terrace),26,14,3,11,12,10,2
S01010692,Flat maisonette or apartment or mobile/temporary accommodation,65,25,13,12,40,27,13
S01010693,All households,216,172,121,51,44,18,26
S01010693,Whole house or bungalow: Total,209,169,118,51,40,14,26
S01010693,Whole house or bungalow: Detached,191,164,117,47,27,2,25
S01010693,Whole house or bungalow: Semi-detached,12,4,1,3,8,7,1
S01010693,Whole house or bungalow: Terraced (including end-terrace),6,1,0,1,5,5,0
S01010693,Flat maisonette or apartment or mobile/temporary accommodation,7,3,3,0,4,4,0
S01010694,All households,270,209,148,61,61,34,27
S01010694,Whole house or bungalow: Total,259,207,147,60,52,27,25
S01010694,Whole house or bungalow: Detached,205,188,137,51,17,1,16
S01010694,Whole house or bungalow: Semi-detached,47,17,10,7,30,21,9
S01010694,Whole house or bungalow: Terraced (including end-terrace),7,2,0,2,5,5,0
S01010694,Flat maisonette or apartment or mobile/temporary accommodation,11,2,1,1,9,7,2
S01010695,All households,304,236,150,86,68,5,63
S01010695,Whole house or bungalow: Total,297,232,146,86,65,4,61
S01010695,Whole house or bungalow: Detached,232,214,139,75,18,0,18
S01010695,Whole house or bungalow: Semi-detached,40,8,4,4,32,3,29
S01010695,Whole house or bungalow: Terraced (including end-terrace),25,10,3,7,15,1,14
S01010695,Flat maisonette or apartment or mobile/temporary accommodation,7,4,4,0,3,1,2
S01010696,All households,402,293,138,155,109,68,41
S01010696,Whole house or bungalow: Total,361,271,130,141,90,62,28
S01010696,Whole house or bungalow: Detached,170,153,81,72,17,4,13
S01010696,Whole house or bungalow: Semi-detached,133,87,40,47,46,33,13
S01010696,Whole house or bungalow: Terraced (including end-terrace),58,31,9,22,27,25,2
S01010696,Flat maisonette or apartment or mobile/temporary accommodation,41,22,8,14,19,6,13
S01010697,All households,458,346,200,146,112,33,79
S01010697,Whole house or bungalow: Total,454,346,200,146,108,33,75
S01010697,Whole house or bungalow: Detached,310,256,155,101,54,6,48
S01010697,Whole house or bungalow: Semi-detached,127,81,42,39,46,23,23
S01010697,Whole house or bungalow: Terraced (including end-terrace),17,9,3,6,8,4,4
S01010697,Flat maisonette or apartment or mobile/temporary accommodation,4,0,0,0,4,0,4
S01010698,All households,338,211,132,79,127,41,86
S01010698,Whole house or bungalow: Total,326,206,130,76,120,37,83
S01010698,Whole house or bungalow: Detached,216,155,99,56,61,2,59
S01010698,Whole house or bungalow: Semi-detached,96,44,27,17,52,32,20
S01010698,Whole house or bungalow: Terraced (including end-terrace),14,7,4,3,7,3,4
S01010698,Flat maisonette or apartment or mobile/temporary accommodation,12,5,2,3,7,4,3
S01010699,All households,250,179,92,87,71,12,59
S01010699,Whole house or bungalow: Total,247,178,91,87,69,12,57
S01010699,Whole house or bungalow: Detached,168,126,74,52,42,3,39
S01010699,Whole house or bungalow: Semi-detached,49,29,12,17,20,4,16
S01010699,Whole house or bungalow: Terraced (including end-terrace),30,23,5,18,7,5,2
S01010699,Flat maisonette or apartment or mobile/temporary accommodation,3,1,1,0,2,0,2
S01010700,All households,258,197,108,89,61,21,40
S01010700,Whole house or bungalow: Total,254,196,107,89,58,19,39
S01010700,Whole house or bungalow: Detached,173,149,87,62,24,0,24
S01010700,Whole house or bungalow: Semi-detached,62,36,15,21,26,16,10
S01010700,Whole house or bungalow: Terraced (including end-terrace),19,11,5,6,8,3,5
S01010700,Flat maisonette or apartment or mobile/temporary accommodation,4,1,1,0,3,2,1
S01010701,All households,432,297,136,161,135,88,47
S01010701,Whole house or bungalow: Total,399,278,131,147,121,86,35
S01010701,Whole house or bungalow: Detached,169,148,76,72,21,1,20
S01010701,Whole house or bungalow: Semi-detached,152,91,38,53,61,53,8
S01010701,Whole house or bungalow: Terraced (including end-terrace),78,39,17,22,39,32,7
S01010701,Flat maisonette or apartment or mobile/temporary accommodation,33,19,5,14,14,2,12
S01010702,All households,417,352,204,148,65,8,57
S01010702,Whole house or bungalow: Total,409,350,202,148,59,6,53
S01010702,Whole house or bungalow: Detached,331,291,176,115,40,1,39
S01010702,Whole house or bungalow: Semi-detached,53,45,18,27,8,2,6
S01010702,Whole house or bungalow: Terraced (including end-terrace),25,14,8,6,11,3,8
S01010702,Flat maisonette or apartment or mobile/temporary accommodation,8,2,2,0,6,2,4
S01010703,All households,341,281,177,104,60,5,55
S01010703,Whole house or bungalow: Total,337,278,177,101,59,5,54
S01010703,Whole house or bungalow: Detached,283,253,169,84,30,0,30
S01010703,Whole house or bungalow: Semi-detached,44,22,8,14,22,4,18
S01010703,Whole house or bungalow: Terraced (including end-terrace),10,3,0,3,7,1,6
S01010703,Flat maisonette or apartment or mobile/temporary accommodation,4,3,0,3,1,0,1
S01010704,All households,300,192,84,108,108,87,21
S01010704,Whole house or bungalow: Total,292,191,83,108,101,84,17
S01010704,Whole house or bungalow: Detached,86,75,43,32,11,4,7
S01010704,Whole house or bungalow: Semi-detached,139,89,37,52,50,44,6
S01010704,Whole house or bungalow: Terraced (including end-terrace),67,27,3,24,40,36,4
S01010704,Flat maisonette or apartment or mobile/temporary accommodation,8,1,1,0,7,3,4
S01010705,All households,463,347,152,195,116,81,35
S01010705,Whole house or bungalow: Total,400,319,145,174,81,59,22
S01010705,Whole house or bungalow: Detached,203,189,93,96,14,1,13
S01010705,Whole house or bungalow: Semi-detached,183,122,48,74,61,55,6
S01010705,Whole house or bungalow: Terraced (including end-terrace),14,8,4,4,6,3,3
S01010705,Flat maisonette or apartment or mobile/temporary accommodation,63,28,7,21,35,22,13
S01010706,All households,293,168,66,102,125,95,30
S01010706,Whole house or bungalow: Total,264,165,65,100,99,80,19
S01010706,Whole house or bungalow: Detached,83,74,36,38,9,6,3
S01010706,Whole house or bungalow: Semi-detached,149,75,22,53,74,60,14
S01010706,Whole house or bungalow: Terraced (including end-terrace),32,16,7,9,16,14,2
S01010706,Flat maisonette or apartment or mobile/temporary accommodation,29,3,1,2,26,15,11
S01010707,All households,265,213,141,72,52,2,50
S01010707,Whole house or bungalow: Total,259,209,137,72,50,2,48
S01010707,Whole house or bungalow: Detached,215,191,126,65,24,1,23
S01010707,Whole house or bungalow: Semi-detached,34,17,10,7,17,1,16
S01010707,Whole house or bungalow: Terraced (including end-terrace),10,1,1,0,9,0,9
S01010707,Flat maisonette or apartment or mobile/temporary accommodation,6,4,4,0,2,0,2
S01010708,All households,252,191,92,99,61,37,24
S01010708,Whole house or bungalow: Total,246,190,91,99,56,35,21
S01010708,Whole house or bungalow: Detached,102,96,53,43,6,1,5
S01010708,Whole house or bungalow: Semi-detached,102,63,29,34,39,26,13
S01010708,Whole house or bungalow: Terraced (including end-terrace),42,31,9,22,11,8,3
S01010708,Flat maisonette or apartment or mobile/temporary accommodation,6,1,1,0,5,2,3
S01010709,All households,299,251,112,139,48,28,20
S01010709,Whole house or bungalow: Total,295,250,111,139,45,27,18
S01010709,Whole house or bungalow: Detached,162,151,74,77,11,4,7
S01010709,Whole house or bungalow: Semi-detached,109,81,33,48,28,22,6
S01010709,Whole house or bungalow: Terraced (including end-terrace),24,18,4,14,6,1,5
S01010709,Flat maisonette or apartment or mobile/temporary accommodation,4,1,1,0,3,1,2
S01010710,All households,316,158,86,72,158,152,6
S01010710,Whole house or bungalow: Total,302,157,85,72,145,139,6
S01010710,Whole house or bungalow: Detached,65,58,42,16,7,5,2
S01010710,Whole house or bungalow: Semi-detached,147,69,34,35,78,76,2
S01010710,Whole house or bungalow: Terraced (including end-terrace),90,30,9,21,60,58,2
S01010710,Flat maisonette or apartment or mobile/temporary accommodation,14,1,1,0,13,13,0
S01010711,All households,319,270,150,120,49,32,17
S01010711,Whole house or bungalow: Total,309,270,150,120,39,26,13
S01010711,Whole house or bungalow: Detached,232,222,129,93,10,1,9
S01010711,Whole house or bungalow: Semi-detached,60,42,20,22,18,15,3
S01010711,Whole house or bungalow: Terraced (including end-terrace),17,6,1,5,11,10,1
S01010711,Flat maisonette or apartment or mobile/temporary accommodation,10,0,0,0,10,6,4
S01010712,All households,269,143,65,78,126,107,19
S01010712,Whole house or bungalow: Total,248,135,62,73,113,96,17
S01010712,Whole house or bungalow: Detached,52,39,22,17,13,10,3
S01010712,Whole house or bungalow: Semi-detached,118,66,26,40,52,48,4
S01010712,Whole house or bungalow: Terraced (including end-terrace),78,30,14,16,48,38,10
S01010712,Flat maisonette or apartment or mobile/temporary accommodation,21,8,3,5,13,11,2
S01010713,All households,322,210,88,122,112,81,31
S01010713,Whole house or bungalow: Total,315,208,87,121,107,79,28
S01010713,Whole house or bungalow: Detached,27,21,12,9,6,5,1
S01010713,Whole house or bungalow: Semi-detached,82,47,20,27,35,23,12
S01010713,Whole house or bungalow: Terraced (including end-terrace),206,140,55,85,66,51,15
S01010713,Flat maisonette or apartment or mobile/temporary accommodation,7,2,1,1,5,2,3
S01010714,All households,380,164,92,72,216,173,43
S01010714,Whole house or bungalow: Total,209,120,73,47,89,71,18
S01010714,Whole house or bungalow: Detached,39,33,27,6,6,4,2
S01010714,Whole house or bungalow: Semi-detached,96,48,26,22,48,39,9
S01010714,Whole house or bungalow: Terraced (including end-terrace),74,39,20,19,35,28,7
S01010714,Flat maisonette or apartment or mobile/temporary accommodation,171,44,19,25,127,102,25
S01010715,All households,340,210,99,111,130,93,37
S01010715,Whole house or bungalow: Total,319,199,93,106,120,90,30
S01010715,Whole house or bungalow: Detached,66,52,30,22,14,9,5
S01010715,Whole house or bungalow: Semi-detached,118,75,31,44,43,30,13
S01010715,Whole house or bungalow: Terraced (including end-terrace),135,72,32,40,63,51,12
S01010715,Flat maisonette or apartment or mobile/temporary accommodation,21,11,6,5,10,3,7
S01010716,All households,444,247,107,140,197,85,112
S01010716,Whole house or bungalow: Total,213,148,79,69,65,34,31
S01010716,Whole house or bungalow: Detached,87,67,38,29,20,7,13
S01010716,Whole house or bungalow: Semi-detached,83,50,26,24,33,24,9
S01010716,Whole house or bungalow: Terraced (including end-terrace),43,31,15,16,12,3,9
S01010716,Flat maisonette or apartment or mobile/temporary accommodation,231,99,28,71,132,51,81
S01010717,All households,272,252,151,101,20,3,17
S01010717,Whole house or bungalow: Total,266,251,150,101,15,3,12
S01010717,Whole house or bungalow: Detached,209,200,125,75,9,0,9
S01010717,Whole house or bungalow: Semi-detached,48,44,22,22,4,1,3
S01010717,Whole house or bungalow: Terraced (including end-terrace),9,7,3,4,2,2,0
S01010717,Flat maisonette or apartment or mobile/temporary accommodation,6,1,1,0,5,0,5
S01010718,All households,393,292,142,150,101,62,39
S01010718,Whole house or bungalow: Total,323,263,136,127,60,38,22
S01010718,Whole house or bungalow: Detached,228,215,115,100,13,1,12
S01010718,Whole house or bungalow: Semi-detached,63,33,13,20,30,27,3
S01010718,Whole house or bungalow: Terraced (including end-terrace),32,15,8,7,17,10,7
S01010718,Flat maisonette or apartment or mobile/temporary accommodation,70,29,6,23,41,24,17
S01010719,All households,282,203,111,92,79,44,35
S01010719,Whole house or bungalow: Total,266,200,109,91,66,42,24
S01010719,Whole house or bungalow: Detached,112,100,60,40,12,1,11
S01010719,Whole house or bungalow: Semi-detached,117,78,39,39,39,27,12
S01010719,Whole house or bungalow: Terraced (including end-terrace),37,22,10,12,15,14,1
S01010719,Flat maisonette or apartment or mobile/temporary accommodation,16,3,2,1,13,2,11
S01010720,All households,336,264,170,94,72,46,26
S01010720,Whole house or bungalow: Total,322,254,165,89,68,45,23
S01010720,Whole house or bungalow: Detached,203,183,129,54,20,6,14
S01010720,Whole house or bungalow: Semi-detached,82,48,25,23,34,29,5
S01010720,Whole house or bungalow: Terraced (including end-terrace),37,23,11,12,14,10,4
S01010720,Flat maisonette or apartment or mobile/temporary accommodation,14,10,5,5,4,1,3
S01010721,All households,296,253,160,93,43,4,39
S01010721,Whole house or bungalow: Total,279,244,155,89,35,2,33
S01010721,Whole house or bungalow: Detached,180,167,116,51,13,0,13
S01010721,Whole house or bungalow: Semi-detached,62,45,21,24,17,2,15
S01010721,Whole house or bungalow: Terraced (including end-terrace),37,32,18,14,5,0,5
S01010721,Flat maisonette or apartment or mobile/temporary accommodation,17,9,5,4,8,2,6
S01010722,All households,394,278,152,126,116,78,38
S01010722,Whole house or bungalow: Total,379,271,149,122,108,76,32
S01010722,Whole house or bungalow: Detached,110,97,60,37,13,5,8
S01010722,Whole house or bungalow: Semi-detached,168,108,56,52,60,51,9
S01010722,Whole house or bungalow: Terraced (including end-terrace),101,66,33,33,35,20,15
S01010722,Flat maisonette or apartment or mobile/temporary accommodation,15,7,3,4,8,2,6
S01010723,All households,329,262,143,119,67,10,57
S01010723,Whole house or bungalow: Total,315,251,136,115,64,10,54
S01010723,Whole house or bungalow: Detached,267,225,123,102,42,1,41
S01010723,Whole house or bungalow: Semi-detached,33,15,7,8,18,9,9
S01010723,Whole house or bungalow: Terraced (including end-terrace),15,11,6,5,4,0,4
S01010723,Flat maisonette or apartment or mobile/temporary accommodation,14,11,7,4,3,0,3
S01010724,All households,354,253,136,117,101,41,60
S01010724,Whole house or bungalow: Total,339,246,132,114,93,39,54
S01010724,Whole house or bungalow: Detached,228,199,110,89,29,4,25
S01010724,Whole house or bungalow: Semi-detached,80,37,17,20,43,26,17
S01010724,Whole house or bungalow: Terraced (including end-terrace),31,10,5,5,21,9,12
S01010724,Flat maisonette or apartment or mobile/temporary accommodation,15,7,4,3,8,2,6
S01010725,All households,287,241,147,94,46,1,45
S01010725,Whole house or bungalow: Total,280,237,144,93,43,1,42
S01010725,Whole house or bungalow: Detached,246,216,133,83,30,0,30
S01010725,Whole house or bungalow: Semi-detached,33,20,10,10,13,1,12
S01010725,Whole house or bungalow: Terraced (including end-terrace),1,1,1,0,0,0,0
S01010725,Flat maisonette or apartment or mobile/temporary accommodation,7,4,3,1,3,0,3
S01010726,All households,415,323,205,118,92,58,34
S01010726,Whole house or bungalow: Total,398,317,204,113,81,48,33
S01010726,Whole house or bungalow: Detached,264,242,163,79,22,0,22
S01010726,Whole house or bungalow: Semi-detached,99,55,29,26,44,38,6
S01010726,Whole house or bungalow: Terraced (including end-terrace),35,20,12,8,15,10,5
S01010726,Flat maisonette or apartment or mobile/temporary accommodation,17,6,1,5,11,10,1
S01010727,All households,243,206,122,84,37,8,29
S01010727,Whole house or bungalow: Total,240,205,121,84,35,8,27
S01010727,Whole house or bungalow: Detached,198,181,113,68,17,0,17
S01010727,Whole house or bungalow: Semi-detached,37,23,8,15,14,5,9
S01010727,Whole house or bungalow: Terraced (including end-terrace),5,1,0,1,4,3,1
S01010727,Flat maisonette or apartment or mobile/temporary accommodation,3,1,1,0,2,0,2
S01010728,All households,204,177,96,81,27,4,23
S01010728,Whole house or bungalow: Total,201,176,95,81,25,4,21
S01010728,Whole house or bungalow: Detached,174,159,89,70,15,0,15
S01010728,Whole house or bungalow: Semi-detached,23,13,5,8,10,4,6
S01010728,Whole house or bungalow: Terraced (including end-terrace),4,4,1,3,0,0,0
S01010728,Flat maisonette or apartment or mobile/temporary accommodation,3,1,1,0,2,0,2
S01010729,All households,269,227,134,93,42,8,34
S01010729,Whole house or bungalow: Total,268,227,134,93,41,7,34
S01010729,Whole house or bungalow: Detached,234,205,126,79,29,0,29
S01010729,Whole house or bungalow: Semi-detached,27,19,7,12,8,5,3
S01010729,Whole house or bungalow: Terraced (including end-terrace),7,3,1,2,4,2,2
S01010729,Flat maisonette or apartment or mobile/temporary accommodation,1,0,0,0,1,1,0
S01010730,All households,343,296,174,122,47,8,39
S01010730,Whole house or bungalow: Total,340,294,172,122,46,8,38
S01010730,Whole house or bungalow: Detached,263,235,139,96,28,0,28
S01010730,Whole house or bungalow: Semi-detached,56,41,23,18,15,5,10
S01010730,Whole house or bungalow: Terraced (including end-terrace),21,18,10,8,3,3,0
S01010730,Flat maisonette or apartment or mobile/temporary accommodation,3,2,2,0,1,0,1
S01010731,All households,399,263,151,112,136,79,57
S01010731,Whole house or bungalow: Total,368,253,147,106,115,65,50
S01010731,Whole house or bungalow: Detached,141,113,71,42,28,3,25
S01010731,Whole house or bungalow: Semi-detached,108,76,36,40,32,19,13
S01010731,Whole house or bungalow: Terraced (including end-terrace),119,64,40,24,55,43,12
S01010731,Flat maisonette or apartment or mobile/temporary accommodation,31,10,4,6,21,14,7
S01010732,All households,334,164,71,93,170,153,17
S01010732,Whole house or bungalow: Total,327,163,71,92,164,149,15
S01010732,Whole house or bungalow: Detached,69,56,32,24,13,10,3
S01010732,Whole house or bungalow: Semi-detached,67,28,13,15,39,34,5
S01010732,Whole house or bungalow: Terraced (including end-terrace),191,79,26,53,112,105,7
S01010732,Flat maisonette or apartment or mobile/temporary accommodation,7,1,0,1,6,4,2
S01010733,All households,246,84,32,52,162,149,13
S01010733,Whole house or bungalow: Total,238,82,32,50,156,145,11
S01010733,Whole house or bungalow: Detached,26,13,5,8,13,11,2
S01010733,Whole house or bungalow: Semi-detached,119,43,17,26,76,72,4
S01010733,Whole house or bungalow: Terraced (including end-terrace),93,26,10,16,67,62,5
S01010733,Flat maisonette or apartment or mobile/temporary accommodation,8,2,0,2,6,4,2
S01010734,All households,362,139,53,86,223,205,18
S01010734,Whole house or bungalow: Total,334,133,53,80,201,184,17
S01010734,Whole house or bungalow: Detached,72,54,24,30,18,9,9
S01010734,Whole house or bungalow: Semi-detached,113,50,20,30,63,57,6
S01010734,Whole house or bungalow: Terraced (including end-terrace),149,29,9,20,120,118,2
S01010734,Flat maisonette or apartment or mobile/temporary accommodation,28,6,0,6,22,21,1
S01010735,All households,244,61,21,40,183,177,6
S01010735,Whole house or bungalow: Total,225,61,21,40,164,158,6
S01010735,Whole house or bungalow: Detached,55,38,11,27,17,12,5
S01010735,Whole house or bungalow: Semi-detached,40,13,5,8,27,26,1
S01010735,Whole house or bungalow: Terraced (including end-terrace),130,10,5,5,120,120,0
S01010735,Flat maisonette or apartment or mobile/temporary accommodation,19,0,0,0,19,19,0
S01010736,All households,218,196,108,88,22,7,15
S01010736,Whole house or bungalow: Total,217,196,108,88,21,6,15
S01010736,Whole house or bungalow: Detached,157,151,97,54,6,0,6
S01010736,Whole house or bungalow: Semi-detached,57,45,11,34,12,3,9
S01010736,Whole house or bungalow: Terraced (including end-terrace),3,0,0,0,3,3,0
S01010736,Flat maisonette or apartment or mobile/temporary accommodation,1,0,0,0,1,1,0
S01010737,All households,487,297,154,143,190,130,60
S01010737,Whole house or bungalow: Total,452,282,152,130,170,119,51
S01010737,Whole house or bungalow: Detached,195,166,96,70,29,7,22
S01010737,Whole house or bungalow: Semi-detached,172,85,43,42,87,69,18
S01010737,Whole house or bungalow: Terraced (including end-terrace),85,31,13,18,54,43,11
S01010737,Flat maisonette or apartment or mobile/temporary accommodation,35,15,2,13,20,11,9
S01010738,All households,235,149,86,63,86,73,13
S01010738,Whole house or bungalow: Total,231,148,86,62,83,73,10
S01010738,Whole house or bungalow: Detached,42,36,23,13,6,5,1
S01010738,Whole house or bungalow: Semi-detached,184,110,61,49,74,65,9
S01010738,Whole house or bungalow: Terraced (including end-terrace),5,2,2,0,3,3,0
S01010738,Flat maisonette or apartment or mobile/temporary accommodation,4,1,0,1,3,0,3
S01010739,All households,388,233,91,142,155,114,41
S01010739,Whole house or bungalow: Total,344,226,91,135,118,93,25
S01010739,Whole house or bungalow: Detached,66,52,25,27,14,7,7
S01010739,Whole house or bungalow: Semi-detached,176,129,47,82,47,34,13
S01010739,Whole house or bungalow: Terraced (including end-terrace),102,45,19,26,57,52,5
S01010739,Flat maisonette or apartment or mobile/temporary accommodation,44,7,0,7,37,21,16
S01010740,All households,260,55,29,26,205,192,13
S01010740,Whole house or bungalow: Total,197,50,29,21,147,138,9
S01010740,Whole house or bungalow: Detached,17,5,5,0,12,9,3
S01010740,Whole house or bungalow: Semi-detached,61,18,11,7,43,40,3
S01010740,Whole house or bungalow: Terraced (including end-terrace),119,27,13,14,92,89,3
S01010740,Flat maisonette or apartment or mobile/temporary accommodation,63,5,0,5,58,54,4
S01010741,All households,249,187,114,73,62,45,17
S01010741,Whole house or bungalow: Total,237,184,113,71,53,36,17
S01010741,Whole house or bungalow: Detached,122,110,71,39,12,7,5
S01010741,Whole house or bungalow: Semi-detached,79,47,30,17,32,23,9
S01010741,Whole house or bungalow: Terraced (including end-terrace),36,27,12,15,9,6,3
S01010741,Flat maisonette or apartment or mobile/temporary accommodation,12,3,1,2,9,9,0
S01010742,All households,308,194,91,103,114,87,27
S01010742,Whole house or bungalow: Total,255,175,88,87,80,66,14
S01010742,Whole house or bungalow: Detached,64,55,28,27,9,6,3
S01010742,Whole house or bungalow: Semi-detached,69,45,15,30,24,23,1
S01010742,Whole house or bungalow: Terraced (including end-terrace),122,75,45,30,47,37,10
S01010742,Flat maisonette or apartment or mobile/temporary accommodation,53,19,3,16,34,21,13
S01010743,All households,273,107,45,62,166,156,10
S01010743,Whole house or bungalow: Total,260,106,45,61,154,146,8
S01010743,Whole house or bungalow: Detached,15,9,8,1,6,6,0
S01010743,Whole house or bungalow: Semi-detached,54,22,12,10,32,28,4
S01010743,Whole house or bungalow: Terraced (including end-terrace),191,75,25,50,116,112,4
S01010743,Flat maisonette or apartment or mobile/temporary accommodation,13,1,0,1,12,10,2
S01010744,All households,459,335,193,142,124,85,39
S01010744,Whole house or bungalow: Total,446,330,190,140,116,78,38
S01010744,Whole house or bungalow: Detached,119,104,70,34,15,5,10
S01010744,Whole house or bungalow: Semi-detached,191,153,88,65,38,13,25
S01010744,Whole house or bungalow: Terraced (including end-terrace),136,73,32,41,63,60,3
S01010744,Flat maisonette or apartment or mobile/temporary accommodation,13,5,3,2,8,7,1
S01010745,All households,327,192,105,87,135,80,55
S01010745,Whole house or bungalow: Total,244,169,98,71,75,49,26
S01010745,Whole house or bungalow: Detached,76,64,43,21,12,6,6
S01010745,Whole house or bungalow: Semi-detached,88,58,34,24,30,21,9
S01010745,Whole house or bungalow: Terraced (including end-terrace),80,47,21,26,33,22,11
S01010745,Flat maisonette or apartment or mobile/temporary accommodation,83,23,7,16,60,31,29
S01010746,All households,441,300,157,143,141,48,93
S01010746,Whole house or bungalow: Total,425,293,153,140,132,42,90
S01010746,Whole house or bungalow: Detached,273,229,124,105,44,4,40
S01010746,Whole house or bungalow: Semi-detached,94,46,25,21,48,17,31
S01010746,Whole house or bungalow: Terraced (including end-terrace),58,18,4,14,40,21,19
S01010746,Flat maisonette or apartment or mobile/temporary accommodation,16,7,4,3,9,6,3
S01010747,All households,357,204,103,101,153,120,33
S01010747,Whole house or bungalow: Total,345,200,101,99,145,114,31
S01010747,Whole house or bungalow: Detached,131,106,64,42,25,9,16
S01010747,Whole house or bungalow: Semi-detached,117,67,27,40,50,41,9
S01010747,Whole house or bungalow: Terraced (including end-terrace),97,27,10,17,70,64,6
S01010747,Flat maisonette or apartment or mobile/temporary accommodation,12,4,2,2,8,6,2
S01010748,All households,280,214,127,87,66,22,44
S01010748,Whole house or bungalow: Total,270,211,125,86,59,18,41
S01010748,Whole house or bungalow: Detached,158,133,83,50,25,0,25
S01010748,Whole house or bungalow: Semi-detached,84,57,30,27,27,13,14
S01010748,Whole house or bungalow: Terraced (including end-terrace),28,21,12,9,7,5,2
S01010748,Flat maisonette or apartment or mobile/temporary accommodation,10,3,2,1,7,4,3
S01010749,All households,261,195,120,75,66,13,53
S01010749,Whole house or bungalow: Total,257,194,119,75,63,13,50
S01010749,Whole house or bungalow: Detached,155,133,86,47,22,0,22
S01010749,Whole house or bungalow: Semi-detached,61,35,19,16,26,10,16
S01010749,Whole house or bungalow: Terraced (including end-terrace),41,26,14,12,15,3,12
S01010749,Flat maisonette or apartment or mobile/temporary accommodation,4,1,1,0,3,0,3
S01010750,All households,287,230,164,66,57,8,49
S01010750,Whole house or bungalow: Total,285,229,163,66,56,8,48
S01010750,Whole house or bungalow: Detached,169,147,104,43,22,0,22
S01010750,Whole house or bungalow: Semi-detached,67,46,33,13,21,4,17
S01010750,Whole house or bungalow: Terraced (including end-terrace),49,36,26,10,13,4,9
S01010750,Flat maisonette or apartment or mobile/temporary accommodation,2,1,1,0,1,0,1
S01010751,All households,333,133,82,51,200,166,34
S01010751,Whole house or bungalow: Total,325,131,82,49,194,161,33
S01010751,Whole house or bungalow: Detached,61,41,26,15,20,12,8
S01010751,Whole house or bungalow: Semi-detached,132,57,34,23,75,57,18
S01010751,Whole house or bungalow: Terraced (including end-terrace),132,33,22,11,99,92,7
S01010751,Flat maisonette or apartment or mobile/temporary accommodation,8,2,0,2,6,5,1
S01010752,All households,332,168,75,93,164,107,57
S01010752,Whole house or bungalow: Total,291,155,72,83,136,97,39
S01010752,Whole house or bungalow: Detached,74,56,30,26,18,4,14
S01010752,Whole house or bungalow: Semi-detached,88,44,20,24,44,32,12
S01010752,Whole house or bungalow: Terraced (including end-terrace),129,55,22,33,74,61,13
S01010752,Flat maisonette or apartment or mobile/temporary accommodation,41,13,3,10,28,10,18
S01010753,All households,434,247,121,126,187,167,20
S01010753,Whole house or bungalow: Total,360,242,118,124,118,102,16
S01010753,Whole house or bungalow: Detached,184,165,88,77,19,9,10
S01010753,Whole house or bungalow: Semi-detached,91,45,16,29,46,42,4
S01010753,Whole house or bungalow: Terraced (including end-terrace),85,32,14,18,53,51,2
S01010753,Flat maisonette or apartment or mobile/temporary accommodation,74,5,3,2,69,65,4
S01010754,All households,357,206,120,86,151,107,44
S01010754,Whole house or bungalow: Total,275,191,114,77,84,58,26
S01010754,Whole house or bungalow: Detached,108,95,60,35,13,5,8
S01010754,Whole house or bungalow: Semi-detached,101,63,38,25,38,24,14
S01010754,Whole house or bungalow: Terraced (including end-terrace),66,33,16,17,33,29,4
S01010754,Flat maisonette or apartment or mobile/temporary accommodation,82,15,6,9,67,49,18
S01010755,All households,298,174,90,84,124,82,42
S01010755,Whole house or bungalow: Total,271,165,87,78,106,71,35
S01010755,Whole house or bungalow: Detached,48,39,20,19,9,1,8
S01010755,Whole house or bungalow: Semi-detached,181,105,57,48,76,56,20
S01010755,Whole house or bungalow: Terraced (including end-terrace),42,21,10,11,21,14,7
S01010755,Flat maisonette or apartment or mobile/temporary accommodation,27,9,3,6,18,11,7
S01010756,All households,286,240,142,98,46,17,29
S01010756,Whole house or bungalow: Total,271,236,140,96,35,10,25
S01010756,Whole house or bungalow: Detached,189,172,102,70,17,1,16
S01010756,Whole house or bungalow: Semi-detached,72,55,33,22,17,9,8
S01010756,Whole house or bungalow: Terraced (including end-terrace),10,9,5,4,1,0,1
S01010756,Flat maisonette or apartment or mobile/temporary accommodation,15,4,2,2,11,7,4
S01010757,All households,365,257,179,78,108,41,67
S01010757,Whole house or bungalow: Total,352,253,177,76,99,40,59
S01010757,Whole house or bungalow: Detached,240,197,146,51,43,0,43
S01010757,Whole house or bungalow: Semi-detached,104,53,30,23,51,36,15
S01010757,Whole house or bungalow: Terraced (including end-terrace),8,3,1,2,5,4,1
S01010757,Flat maisonette or apartment or mobile/temporary accommodation,13,4,2,2,9,1,8
S01010758,All households,305,229,164,65,76,28,48
S01010758,Whole house or bungalow: Total,299,228,163,65,71,25,46
S01010758,Whole house or bungalow: Detached,168,142,112,30,26,2,24
S01010758,Whole house or bungalow: Semi-detached,93,58,34,24,35,19,16
S01010758,Whole house or bungalow: Terraced (including end-terrace),38,28,17,11,10,4,6
S01010758,Flat maisonette or apartment or mobile/temporary accommodation,6,1,1,0,5,3,2
S01010759,All households,279,171,83,88,108,76,32
S01010759,Whole house or bungalow: Total,237,165,81,84,72,45,27
S01010759,Whole house or bungalow: Detached,53,45,32,13,8,3,5
S01010759,Whole house or bungalow: Semi-detached,149,101,38,63,48,28,20
S01010759,Whole house or bungalow: Terraced (including end-terrace),35,19,11,8,16,14,2
S01010759,Flat maisonette or apartment or mobile/temporary accommodation,42,6,2,4,36,31,5
S01010760,All households,306,216,155,61,90,61,29
S01010760,Whole house or bungalow: Total,285,209,152,57,76,52,24
S01010760,Whole house or bungalow: Detached,155,138,108,30,17,5,12
S01010760,Whole house or bungalow: Semi-detached,112,63,39,24,49,39,10
S01010760,Whole house or bungalow: Terraced (including end-terrace),18,8,5,3,10,8,2
S01010760,Flat maisonette or apartment or mobile/temporary accommodation,21,7,3,4,14,9,5
S01010761,All households,222,165,105,60,57,2,55
S01010761,Whole house or bungalow: Total,216,162,103,59,54,2,52
S01010761,Whole house or bungalow: Detached,179,137,90,47,42,0,42
S01010761,Whole house or bungalow: Semi-detached,31,20,11,9,11,1,10
S01010761,Whole house or bungalow: Terraced (including end-terrace),6,5,2,3,1,1,0
S01010761,Flat maisonette or apartment or mobile/temporary accommodation,6,3,2,1,3,0,3
S01010762,All households,263,194,122,72,69,31,38
S01010762,Whole house or bungalow: Total,261,192,121,71,69,31,38
S01010762,Whole house or bungalow: Detached,182,149,95,54,33,3,30
S01010762,Whole house or bungalow: Semi-detached,59,35,24,11,24,20,4
S01010762,Whole house or bungalow: Terraced (including end-terrace),20,8,2,6,12,8,4
S01010762,Flat maisonette or apartment or mobile/temporary accommodation,2,2,1,1,0,0,0
S01010763,All households,316,198,135,63,118,85,33
S01010763,Whole house or bungalow: Total,308,194,132,62,114,84,30
S01010763,Whole house or bungalow: Detached,141,118,87,31,23,5,18
S01010763,Whole house or bungalow: Semi-detached,138,55,29,26,83,76,7
S01010763,Whole house or bungalow: Terraced (including end-terrace),29,21,16,5,8,3,5
S01010763,Flat maisonette or apartment or mobile/temporary accommodation,8,4,3,1,4,1,3
S01010764,All households,289,212,147,65,77,27,50
S01010764,Whole house or bungalow: Total,283,207,142,65,76,27,49
S01010764,Whole house or bungalow: Detached,222,181,128,53,41,3,38
S01010764,Whole house or bungalow: Semi-detached,59,25,14,11,34,23,11
S01010764,Whole house or bungalow: Terraced (including end-terrace),2,1,0,1,1,1,0
S01010764,Flat maisonette or apartment or mobile/temporary accommodation,6,5,5,0,1,0,1
S01010765,All households,471,324,225,99,147,85,62
S01010765,Whole house or bungalow: Total,456,319,222,97,137,81,56
S01010765,Whole house or bungalow: Detached,271,227,167,60,44,3,41
S01010765,Whole house or bungalow: Semi-detached,161,82,45,37,79,67,12
S01010765,Whole house or bungalow: Terraced (including end-terrace),24,10,10,0,14,11,3
S01010765,Flat maisonette or apartment or mobile/temporary accommodation,15,5,3,2,10,4,6
S01010766,All households,359,238,157,81,121,74,47
S01010766,Whole house or bungalow: Total,343,237,157,80,106,66,40
S01010766,Whole house or bungalow: Detached,119,101,72,29,18,2,16
S01010766,Whole house or bungalow: Semi-detached,169,106,69,37,63,41,22
S01010766,Whole house or bungalow: Terraced (including end-terrace),55,30,16,14,25,23,2
S01010766,Flat maisonette or apartment or mobile/temporary accommodation,16,1,0,1,15,8,7
S01010767,All households,347,199,131,68,148,122,26
S01010767,Whole house or bungalow: Total,325,196,129,67,129,106,23
S01010767,Whole house or bungalow: Detached,104,88,67,21,16,6,10
S01010767,Whole house or bungalow: Semi-detached,147,76,46,30,71,62,9
S01010767,Whole house or bungalow: Terraced (including end-terrace),74,32,16,16,42,38,4
S01010767,Flat maisonette or apartment or mobile/temporary accommodation,22,3,2,1,19,16,3
S01010768,All households,284,182,127,55,102,78,24
S01010768,Whole house or bungalow: Total,278,180,126,54,98,77,21
S01010768,Whole house or bungalow: Detached,47,37,28,9,10,5,5
S01010768,Whole house or bungalow: Semi-detached,183,119,81,38,64,54,10
S01010768,Whole house or bungalow: Terraced (including end-terrace),48,24,17,7,24,18,6
S01010768,Flat maisonette or apartment or mobile/temporary accommodation,6,2,1,1,4,1,3
S01010769,All households,217,176,131,45,41,4,37
S01010769,Whole house or bungalow: Total,215,175,130,45,40,4,36
S01010769,Whole house or bungalow: Detached,196,166,127,39,30,1,29
S01010769,Whole house or bungalow: Semi-detached,11,5,2,3,6,2,4
S01010769,Whole house or bungalow: Terraced (including end-terrace),8,4,1,3,4,1,3
S01010769,Flat maisonette or apartment or mobile/temporary accommodation,2,1,1,0,1,0,1
S01010770,All households,385,231,118,113,154,100,54
S01010770,Whole house or bungalow: Total,366,230,118,112,136,87,49
S01010770,Whole house or bungalow: Detached,118,86,48,38,32,7,25
S01010770,Whole house or bungalow: Semi-detached,184,119,58,61,65,48,17
S01010770,Whole house or bungalow: Terraced (including end-terrace),64,25,12,13,39,32,7
S01010770,Flat maisonette or apartment or mobile/temporary accommodation,19,1,0,1,18,13,5
S01010771,All households,445,286,214,72,159,101,58
S01010771,Whole house or bungalow: Total,424,282,212,70,142,88,54
S01010771,Whole house or bungalow: Detached,204,165,128,37,39,3,36
S01010771,Whole house or bungalow: Semi-detached,168,89,59,30,79,64,15
S01010771,Whole house or bungalow: Terraced (including end-terrace),52,28,25,3,24,21,3
S01010771,Flat maisonette or apartment or mobile/temporary accommodation,21,4,2,2,17,13,4
S01010772,All households,376,262,197,65,114,48,66
S01010772,Whole house or bungalow: Total,372,260,195,65,112,46,66
S01010772,Whole house or bungalow: Detached,228,188,144,44,40,3,37
S01010772,Whole house or bungalow: Semi-detached,123,66,46,20,57,32,25
S01010772,Whole house or bungalow: Terraced (including end-terrace),21,6,5,1,15,11,4
S01010772,Flat maisonette or apartment or mobile/temporary accommodation,4,2,2,0,2,2,0
S01010773,All households,336,266,166,100,70,35,35
S01010773,Whole house or bungalow: Total,324,260,160,100,64,30,34
S01010773,Whole house or bungalow: Detached,250,225,141,84,25,0,25
S01010773,Whole house or bungalow: Semi-detached,67,34,19,15,33,25,8
S01010773,Whole house or bungalow: Terraced (including end-terrace),7,1,0,1,6,5,1
S01010773,Flat maisonette or apartment or mobile/temporary accommodation,12,6,6,0,6,5,1
S01010774,All households,325,217,131,86,108,76,32
S01010774,Whole house or bungalow: Total,314,214,129,85,100,73,27
S01010774,Whole house or bungalow: Detached,140,121,85,36,19,8,11
S01010774,Whole house or bungalow: Semi-detached,110,60,31,29,50,38,12
S01010774,Whole house or bungalow: Terraced (including end-terrace),64,33,13,20,31,27,4
S01010774,Flat maisonette or apartment or mobile/temporary accommodation,11,3,2,1,8,3,5
S01010775,All households,266,229,126,103,37,15,22
S01010775,Whole house or bungalow: Total,257,222,122,100,35,13,22
S01010775,Whole house or bungalow: Detached,157,145,82,63,12,0,12
S01010775,Whole house or bungalow: Semi-detached,92,73,40,33,19,9,10
S01010775,Whole house or bungalow: Terraced (including end-terrace),8,4,0,4,4,4,0
S01010775,Flat maisonette or apartment or mobile/temporary accommodation,9,7,4,3,2,2,0
S01010776,All households,266,170,91,79,96,65,31
S01010776,Whole house or bungalow: Total,228,161,88,73,67,43,24
S01010776,Whole house or bungalow: Detached,18,13,8,5,5,2,3
S01010776,Whole house or bungalow: Semi-detached,51,35,18,17,16,13,3
S01010776,Whole house or bungalow: Terraced (including end-terrace),159,113,62,51,46,28,18
S01010776,Flat maisonette or apartment or mobile/temporary accommodation,38,9,3,6,29,22,7
S01010777,All households,270,126,71,55,144,122,22
S01010777,Whole house or bungalow: Total,183,119,67,52,64,51,13
S01010777,Whole house or bungalow: Detached,20,8,5,3,12,8,4
S01010777,Whole house or bungalow: Semi-detached,56,35,23,12,21,18,3
S01010777,Whole house or bungalow: Terraced (including end-terrace),107,76,39,37,31,25,6
S01010777,Flat maisonette or apartment or mobile/temporary accommodation,87,7,4,3,80,71,9
S01010778,All households,239,71,33,38,168,155,13
S01010778,Whole house or bungalow: Total,172,66,29,37,106,96,10
S01010778,Whole house or bungalow: Detached,23,11,6,5,12,10,2
S01010778,Whole house or bungalow: Semi-detached,72,23,13,10,49,45,4
S01010778,Whole house or bungalow: Terraced (including end-terrace),77,32,10,22,45,41,4
S01010778,Flat maisonette or apartment or mobile/temporary accommodation,67,5,4,1,62,59,3
S01010779,All households,355,171,96,75,184,154,30
S01010779,Whole house or bungalow: Total,214,136,76,60,78,56,22
S01010779,Whole house or bungalow: Detached,57,51,29,22,6,2,4
S01010779,Whole house or bungalow: Semi-detached,104,56,31,25,48,40,8
S01010779,Whole house or bungalow: Terraced (including end-terrace),53,29,16,13,24,14,10
S01010779,Flat maisonette or apartment or mobile/temporary accommodation,141,35,20,15,106,98,8
S01010780,All households,261,190,114,76,71,54,17
S01010780,Whole house or bungalow: Total,231,182,109,73,49,34,15
S01010780,Whole house or bungalow: Detached,62,54,40,14,8,4,4
S01010780,Whole house or bungalow: Semi-detached,104,73,46,27,31,24,7
S01010780,Whole house or bungalow: Terraced (including end-terrace),65,55,23,32,10,6,4
S01010780,Flat maisonette or apartment or mobile/temporary accommodation,30,8,5,3,22,20,2
S01010781,All households,350,262,136,126,88,49,39
S01010781,Whole house or bungalow: Total,298,250,130,120,48,20,28
S01010781,Whole house or bungalow: Detached,87,82,51,31,5,0,5
S01010781,Whole house or bungalow: Semi-detached,69,54,22,32,15,7,8
S01010781,Whole house or bungalow: Terraced (including end-terrace),142,114,57,57,28,13,15
S01010781,Flat maisonette or apartment or mobile/temporary accommodation,52,12,6,6,40,29,11
S01010782,All households,293,180,99,81,113,73,40
S01010782,Whole house or bungalow: Total,215,157,94,63,58,37,21
S01010782,Whole house or bungalow: Detached,75,66,42,24,9,2,7
S01010782,Whole house or bungalow: Semi-detached,83,55,34,21,28,21,7
S01010782,Whole house or bungalow: Terraced (including end-terrace),57,36,18,18,21,14,7
S01010782,Flat maisonette or apartment or mobile/temporary accommodation,78,23,5,18,55,36,19
S01010783,All households,275,152,82,70,123,89,34
S01010783,Whole house or bungalow: Total,189,126,66,60,63,40,23
S01010783,Whole house or bungalow: Detached,22,19,15,4,3,2,1
S01010783,Whole house or bungalow: Semi-detached,79,54,30,24,25,18,7
S01010783,Whole house or bungalow: Terraced (including end-terrace),88,53,21,32,35,20,15
S01010783,Flat maisonette or apartment or mobile/temporary accommodation,86,26,16,10,60,49,11
S01010784,All households,345,168,71,97,177,154,23
S01010784,Whole house or bungalow: Total,340,167,70,97,173,151,22
S01010784,Whole house or bungalow: Detached,33,17,4,13,16,10,6
S01010784,Whole house or bungalow: Semi-detached,143,70,38,32,73,65,8
S01010784,Whole house or bungalow: Terraced (including end-terrace),164,80,28,52,84,76,8
S01010784,Flat maisonette or apartment or mobile/temporary accommodation,5,1,1,0,4,3,1
S01010785,All households,301,252,147,105,49,33,16
S01010785,Whole house or bungalow: Total,263,237,137,100,26,14,12
S01010785,Whole house or bungalow: Detached,195,185,108,77,10,0,10
S01010785,Whole house or bungalow: Semi-detached,35,23,12,11,12,10,2
S01010785,Whole house or bungalow: Terraced (including end-terrace),33,29,17,12,4,4,0
S01010785,Flat maisonette or apartment or mobile/temporary accommodation,38,15,10,5,23,19,4
S01010786,All households,255,211,89,122,44,28,16
S01010786,Whole house or bungalow: Total,252,209,88,121,43,27,16
S01010786,Whole house or bungalow: Detached,135,125,57,68,10,2,8
S01010786,Whole house or bungalow: Semi-detached,105,78,30,48,27,20,7
S01010786,Whole house or bungalow: Terraced (including end-terrace),12,6,1,5,6,5,1
S01010786,Flat maisonette or apartment or mobile/temporary accommodation,3,2,1,1,1,1,0
S01010787,All households,384,273,167,106,111,64,47
S01010787,Whole house or bungalow: Total,373,270,164,106,103,58,45
S01010787,Whole house or bungalow: Detached,219,193,116,77,26,4,22
S01010787,Whole house or bungalow: Semi-detached,137,72,46,26,65,47,18
S01010787,Whole house or bungalow: Terraced (including end-terrace),17,5,2,3,12,7,5
S01010787,Flat maisonette or apartment or mobile/temporary accommodation,11,3,3,0,8,6,2
S01010788,All households,274,208,120,88,66,30,36
S01010788,Whole house or bungalow: Total,260,205,119,86,55,25,30
S01010788,Whole house or bungalow: Detached,170,143,85,58,27,5,22
S01010788,Whole house or bungalow: Semi-detached,76,52,32,20,24,17,7
S01010788,Whole house or bungalow: Terraced (including end-terrace),14,10,2,8,4,3,1
S01010788,Flat maisonette or apartment or mobile/temporary accommodation,14,3,1,2,11,5,6
S01010789,All households,292,207,118,89,85,62,23
S01010789,Whole house or bungalow: Total,283,202,113,89,81,60,21
S01010789,Whole house or bungalow: Detached,169,157,93,64,12,1,11
S01010789,Whole house or bungalow: Semi-detached,88,36,16,20,52,46,6
S01010789,Whole house or bungalow: Terraced (including end-terrace),26,9,4,5,17,13,4
S01010789,Flat maisonette or apartment or mobile/temporary accommodation,9,5,5,0,4,2,2
S01010790,All households,282,234,159,75,48,22,26
S01010790,Whole house or bungalow: Total,274,232,157,75,42,18,24
S01010790,Whole house or bungalow: Detached,235,212,146,66,23,0,23
S01010790,Whole house or bungalow: Semi-detached,36,19,11,8,17,17,0
S01010790,Whole house or bungalow: Terraced (including end-terrace),3,1,0,1,2,1,1
S01010790,Flat maisonette or apartment or mobile/temporary accommodation,8,2,2,0,6,4,2
S01010791,All households,369,309,204,105,60,26,34
S01010791,Whole house or bungalow: Total,364,306,202,104,58,26,32
S01010791,Whole house or bungalow: Detached,280,260,172,88,20,1,19
S01010791,Whole house or bungalow: Semi-detached,76,41,28,13,35,23,12
S01010791,Whole house or bungalow: Terraced (including end-terrace),8,5,2,3,3,2,1
S01010791,Flat maisonette or apartment or mobile/temporary accommodation,5,3,2,1,2,0,2
S01010792,All households,287,153,78,75,134,115,19
S01010792,Whole house or bungalow: Total,281,153,78,75,128,110,18
S01010792,Whole house or bungalow: Detached,59,41,28,13,18,12,6
S01010792,Whole house or bungalow: Semi-detached,156,88,36,52,68,59,9
S01010792,Whole house or bungalow: Terraced (including end-terrace),66,24,14,10,42,39,3
S01010792,Flat maisonette or apartment or mobile/temporary accommodation,6,0,0,0,6,5,1
S01010793,All households,275,225,129,96,50,20,30
S01010793,Whole house or bungalow: Total,274,225,129,96,49,19,30
S01010793,Whole house or bungalow: Detached,174,153,102,51,21,2,19
S01010793,Whole house or bungalow: Semi-detached,84,64,26,38,20,9,11
S01010793,Whole house or bungalow: Terraced (including end-terrace),16,8,1,7,8,8,0
S01010793,Flat maisonette or apartment or mobile/temporary accommodation,1,0,0,0,1,1,0
S01010794,All households,234,172,80,92,62,21,41
S01010794,Whole house or bungalow: Total,217,162,77,85,55,19,36
S01010794,Whole house or bungalow: Detached,144,125,63,62,19,2,17
S01010794,Whole house or bungalow: Semi-detached,47,27,8,19,20,8,12
S01010794,Whole house or bungalow: Terraced (including end-terrace),26,10,6,4,16,9,7
S01010794,Flat maisonette or apartment or mobile/temporary accommodation,17,10,3,7,7,2,5
S01010795,All households,445,339,202,137,106,59,47
S01010795,Whole house or bungalow: Total,432,337,202,135,95,56,39
S01010795,Whole house or bungalow: Detached,234,213,128,85,21,1,20
S01010795,Whole house or bungalow: Semi-detached,160,100,59,41,60,46,14
S01010795,Whole house or bungalow: Terraced (including end-terrace),38,24,15,9,14,9,5
S01010795,Flat maisonette or apartment or mobile/temporary accommodation,13,2,0,2,11,3,8
S01010796,All households,341,280,177,103,61,15,46
S01010796,Whole house or bungalow: Total,336,276,174,102,60,15,45
S01010796,Whole house or bungalow: Detached,290,249,161,88,41,0,41
S01010796,Whole house or bungalow: Semi-detached,41,25,12,13,16,12,4
S01010796,Whole house or bungalow: Terraced (including end-terrace),5,2,1,1,3,3,0
S01010796,Flat maisonette or apartment or mobile/temporary accommodation,5,4,3,1,1,0,1
S01010797,All households,329,269,146,123,60,22,38
S01010797,Whole house or bungalow: Total,326,268,145,123,58,20,38
S01010797,Whole house or bungalow: Detached,207,188,111,77,19,0,19
S01010797,Whole house or bungalow: Semi-detached,107,77,34,43,30,16,14
S01010797,Whole house or bungalow: Terraced (including end-terrace),12,3,0,3,9,4,5
S01010797,Flat maisonette or apartment or mobile/temporary accommodation,3,1,1,0,2,2,0
S01010798,All households,293,234,155,79,59,27,32
S01010798,Whole house or bungalow: Total,289,232,154,78,57,26,31
S01010798,Whole house or bungalow: Detached,190,172,113,59,18,0,18
S01010798,Whole house or bungalow: Semi-detached,76,48,34,14,28,18,10
S01010798,Whole house or bungalow: Terraced (including end-terrace),23,12,7,5,11,8,3
S01010798,Flat maisonette or apartment or mobile/temporary accommodation,4,2,1,1,2,1,1
S01010799,All households,530,305,186,119,225,135,90
S01010799,Whole house or bungalow: Total,358,249,163,86,109,59,50
S01010799,Whole house or bungalow: Detached,48,44,30,14,4,2,2
S01010799,Whole house or bungalow: Semi-detached,135,90,63,27,45,24,21
S01010799,Whole house or bungalow: Terraced (including end-terrace),175,115,70,45,60,33,27
S01010799,Flat maisonette or apartment or mobile/temporary accommodation,172,56,23,33,116,76,40
S01010800,All households,360,208,110,98,152,129,23
S01010800,Whole house or bungalow: Total,324,207,110,97,117,96,21
S01010800,Whole house or bungalow: Detached,15,8,5,3,7,3,4
S01010800,Whole house or bungalow: Semi-detached,170,114,56,58,56,46,10
S01010800,Whole house or bungalow: Terraced (including end-terrace),139,85,49,36,54,47,7
S01010800,Flat maisonette or apartment or mobile/temporary accommodation,36,1,0,1,35,33,2
S01010801,All households,354,214,119,95,140,120,20
S01010801,Whole house or bungalow: Total,345,212,119,93,133,118,15
S01010801,Whole house or bungalow: Detached,21,18,11,7,3,3,0
S01010801,Whole house or bungalow: Semi-detached,124,82,47,35,42,35,7
S01010801,Whole house or bungalow: Terraced (including end-terrace),200,112,61,51,88,80,8
S01010801,Flat maisonette or apartment or mobile/temporary accommodation,9,2,0,2,7,2,5
S01010802,All households,263,174,84,90,89,69,20
S01010802,Whole house or bungalow: Total,207,171,84,87,36,21,15
S01010802,Whole house or bungalow: Detached,29,23,10,13,6,2,4
S01010802,Whole house or bungalow: Semi-detached,128,108,57,51,20,11,9
S01010802,Whole house or bungalow: Terraced (including end-terrace),50,40,17,23,10,8,2
S01010802,Flat maisonette or apartment or mobile/temporary accommodation,56,3,0,3,53,48,5
S01010803,All households,280,140,79,61,140,107,33
S01010803,Whole house or bungalow: Total,210,121,68,53,89,73,16
S01010803,Whole house or bungalow: Detached,31,25,12,13,6,1,5
S01010803,Whole house or bungalow: Semi-detached,136,66,42,24,70,62,8
S01010803,Whole house or bungalow: Terraced (including end-terrace),43,30,14,16,13,10,3
S01010803,Flat maisonette or apartment or mobile/temporary accommodation,70,19,11,8,51,34,17
S01010804,All households,283,192,124,68,91,58,33
S01010804,Whole house or bungalow: Total,249,187,120,67,62,33,29
S01010804,Whole house or bungalow: Detached,84,73,54,19,11,2,9
S01010804,Whole house or bungalow: Semi-detached,118,84,48,36,34,22,12
S01010804,Whole house or bungalow: Terraced (including end-terrace),47,30,18,12,17,9,8
S01010804,Flat maisonette or apartment or mobile/temporary accommodation,34,5,4,1,29,25,4
S01010805,All households,377,273,159,114,104,74,30
S01010805,Whole house or bungalow: Total,330,255,150,105,75,54,21
S01010805,Whole house or bungalow: Detached,105,94,67,27,11,5,6
S01010805,Whole house or bungalow: Semi-detached,148,112,63,49,36,31,5
S01010805,Whole house or bungalow: Terraced (including end-terrace),77,49,20,29,28,18,10
S01010805,Flat maisonette or apartment or mobile/temporary accommodation,47,18,9,9,29,20,9
S01010806,All households,458,217,112,105,241,211,30
S01010806,Whole house or bungalow: Total,417,216,112,104,201,176,25
S01010806,Whole house or bungalow: Detached,91,73,46,27,18,14,4
S01010806,Whole house or bungalow: Semi-detached,162,70,27,43,92,82,10
S01010806,Whole house or bungalow: Terraced (including end-terrace),164,73,39,34,91,80,11
S01010806,Flat maisonette or apartment or mobile/temporary accommodation,41,1,0,1,40,35,5
S01010807,All households,244,149,85,64,95,77,18
S01010807,Whole house or bungalow: Total,218,144,85,59,74,65,9
S01010807,Whole house or bungalow: Detached,15,13,8,5,2,1,1
S01010807,Whole house or bungalow: Semi-detached,180,119,71,48,61,54,7
S01010807,Whole house or bungalow: Terraced (including end-terrace),23,12,6,6,11,10,1
S01010807,Flat maisonette or apartment or mobile/temporary accommodation,26,5,0,5,21,12,9
S01010808,All households,230,156,86,70,74,59,15
S01010808,Whole house or bungalow: Total,209,149,85,64,60,47,13
S01010808,Whole house or bungalow: Detached,13,9,6,3,4,2,2
S01010808,Whole house or bungalow: Semi-detached,153,114,67,47,39,31,8
S01010808,Whole house or bungalow: Terraced (including end-terrace),43,26,12,14,17,14,3
S01010808,Flat maisonette or apartment or mobile/temporary accommodation,21,7,1,6,14,12,2
S01010809,All households,328,259,141,118,69,36,33
S01010809,Whole house or bungalow: Total,321,258,140,118,63,32,31
S01010809,Whole house or bungalow: Detached,165,152,80,72,13,0,13
S01010809,Whole house or bungalow: Semi-detached,140,97,56,41,43,26,17
S01010809,Whole house or bungalow: Terraced (including end-terrace),16,9,4,5,7,6,1
S01010809,Flat maisonette or apartment or mobile/temporary accommodation,7,1,1,0,6,4,2
S01010810,All households,249,173,130,43,76,46,30
S01010810,Whole house or bungalow: Total,245,169,127,42,76,46,30
S01010810,Whole house or bungalow: Detached,179,147,114,33,32,9,23
S01010810,Whole house or bungalow: Semi-detached,44,13,8,5,31,25,6
S01010810,Whole house or bungalow: Terraced (including end-terrace),22,9,5,4,13,12,1
S01010810,Flat maisonette or apartment or mobile/temporary accommodation,4,4,3,1,0,0,0
S01010811,All households,414,278,197,81,136,50,86
S01010811,Whole house or bungalow: Total,409,276,196,80,133,47,86
S01010811,Whole house or bungalow: Detached,300,234,176,58,66,1,65
S01010811,Whole house or bungalow: Semi-detached,80,34,17,17,46,28,18
S01010811,Whole house or bungalow: Terraced (including end-terrace),29,8,3,5,21,18,3
S01010811,Flat maisonette or apartment or mobile/temporary accommodation,5,2,1,1,3,3,0
S01010812,All households,238,176,130,46,62,35,27
S01010812,Whole house or bungalow: Total,233,173,127,46,60,35,25
S01010812,Whole house or bungalow: Detached,169,145,113,32,24,3,21
S01010812,Whole house or bungalow: Semi-detached,53,21,12,9,32,28,4
S01010812,Whole house or bungalow: Terraced (including end-terrace),11,7,2,5,4,4,0
S01010812,Flat maisonette or apartment or mobile/temporary accommodation,5,3,3,0,2,0,2
S01010813,All households,249,153,93,60,96,63,33
S01010813,Whole house or bungalow: Total,208,137,90,47,71,44,27
S01010813,Whole house or bungalow: Detached,88,72,55,17,16,1,15
S01010813,Whole house or bungalow: Semi-detached,97,54,29,25,43,32,11
S01010813,Whole house or bungalow: Terraced (including end-terrace),23,11,6,5,12,11,1
S01010813,Flat maisonette or apartment or mobile/temporary accommodation,41,16,3,13,25,19,6
S01010814,All households,307,235,170,65,72,29,43
S01010814,Whole house or bungalow: Total,297,227,163,64,70,28,42
S01010814,Whole house or bungalow: Detached,232,197,143,54,35,2,33
S01010814,Whole house or bungalow: Semi-detached,60,27,19,8,33,26,7
S01010814,Whole house or bungalow: Terraced (including end-terrace),5,3,1,2,2,0,2
S01010814,Flat maisonette or apartment or mobile/temporary accommodation,10,8,7,1,2,1,1
S01010815,All households,208,120,90,30,88,42,46
S01010815,Whole house or bungalow: Total,207,120,90,30,87,41,46
S01010815,Whole house or bungalow: Detached,128,91,75,16,37,5,32
S01010815,Whole house or bungalow: Semi-detached,73,27,13,14,46,33,13
S01010815,Whole house or bungalow: Terraced (including end-terrace),6,2,2,0,4,3,1
S01010815,Flat maisonette or apartment or mobile/temporary accommodation,1,0,0,0,1,1,0
S01010816,All households,293,237,143,94,56,26,30
S01010816,Whole house or bungalow: Total,143,132,75,57,11,5,6
S01010816,Whole house or bungalow: Detached,95,93,49,44,2,0,2
S01010816,Whole house or bungalow: Semi-detached,37,31,19,12,6,3,3
S01010816,Whole house or bungalow: Terraced (including end-terrace),11,8,7,1,3,2,1
S01010816,Flat maisonette or apartment or mobile/temporary accommodation,150,105,68,37,45,21,24
S01010817,All households,376,326,168,158,50,6,44
S01010817,Whole house or bungalow: Total,305,283,148,135,22,3,19
S01010817,Whole house or bungalow: Detached,206,197,110,87,9,0,9
S01010817,Whole house or bungalow: Semi-detached,59,52,24,28,7,2,5
S01010817,Whole house or bungalow: Terraced (including end-terrace),40,34,14,20,6,1,5
S01010817,Flat maisonette or apartment or mobile/temporary accommodation,71,43,20,23,28,3,25
S01010818,All households,507,410,213,197,97,20,77
S01010818,Whole house or bungalow: Total,297,266,133,133,31,11,20
S01010818,Whole house or bungalow: Detached,160,155,78,77,5,0,5
S01010818,Whole house or bungalow: Semi-detached,77,67,33,34,10,5,5
S01010818,Whole house or bungalow: Terraced (including end-terrace),60,44,22,22,16,6,10
S01010818,Flat maisonette or apartment or mobile/temporary accommodation,210,144,80,64,66,9,57
S01010819,All households,374,293,145,148,81,44,37
S01010819,Whole house or bungalow: Total,291,237,119,118,54,33,21
S01010819,Whole house or bungalow: Detached,87,75,42,33,12,4,8
S01010819,Whole house or bungalow: Semi-detached,107,84,40,44,23,15,8
S01010819,Whole house or bungalow: Terraced (including end-terrace),97,78,37,41,19,14,5
S01010819,Flat maisonette or apartment or mobile/temporary accommodation,83,56,26,30,27,11,16
S01010820,All households,217,191,104,87,26,1,25
S01010820,Whole house or bungalow: Total,194,172,96,76,22,1,21
S01010820,Whole house or bungalow: Detached,120,113,73,40,7,1,6
S01010820,Whole house or bungalow: Semi-detached,45,35,15,20,10,0,10
S01010820,Whole house or bungalow: Terraced (including end-terrace),29,24,8,16,5,0,5
S01010820,Flat maisonette or apartment or mobile/temporary accommodation,23,19,8,11,4,0,4
S01010821,All households,245,211,128,83,34,10,24
S01010821,Whole house or bungalow: Total,225,202,121,81,23,2,21
S01010821,Whole house or bungalow: Detached,203,188,118,70,15,0,15
S01010821,Whole house or bungalow: Semi-detached,16,11,1,10,5,2,3
S01010821,Whole house or bungalow: Terraced (including end-terrace),6,3,2,1,3,0,3
S01010821,Flat maisonette or apartment or mobile/temporary accommodation,20,9,7,2,11,8,3
S01010822,All households,280,220,93,127,60,7,53
S01010822,Whole house or bungalow: Total,193,165,69,96,28,2,26
S01010822,Whole house or bungalow: Detached,130,119,53,66,11,0,11
S01010822,Whole house or bungalow: Semi-detached,46,33,11,22,13,1,12
S01010822,Whole house or bungalow: Terraced (including end-terrace),17,13,5,8,4,1,3
S01010822,Flat maisonette or apartment or mobile/temporary accommodation,87,55,24,31,32,5,27
S01010823,All households,147,115,19,96,32,17,15
S01010823,Whole house or bungalow: Total,135,111,18,93,24,15,9
S01010823,Whole house or bungalow: Detached,21,13,7,6,8,1,7
S01010823,Whole house or bungalow: Semi-detached,53,48,3,45,5,5,0
S01010823,Whole house or bungalow: Terraced (including end-terrace),61,50,8,42,11,9,2
S01010823,Flat maisonette or apartment or mobile/temporary accommodation,12,4,1,3,8,2,6
S01010824,All households,250,228,45,183,22,11,11
S01010824,Whole house or bungalow: Total,242,225,44,181,17,6,11
S01010824,Whole house or bungalow: Detached,183,179,32,147,4,0,4
S01010824,Whole house or bungalow: Semi-detached,52,43,10,33,9,2,7
S01010824,Whole house or bungalow: Terraced (including end-terrace),7,3,2,1,4,4,0
S01010824,Flat maisonette or apartment or mobile/temporary accommodation,8,3,1,2,5,5,0
S01010825,All households,125,113,27,86,12,1,11
S01010825,Whole house or bungalow: Total,111,102,18,84,9,0,9
S01010825,Whole house or bungalow: Detached,100,92,16,76,8,0,8
S01010825,Whole house or bungalow: Semi-detached,8,7,1,6,1,0,1
S01010825,Whole house or bungalow: Terraced (including end-terrace),3,3,1,2,0,0,0
S01010825,Flat maisonette or apartment or mobile/temporary accommodation,14,11,9,2,3,1,2
S01010826,All households,315,260,129,131,55,5,50
S01010826,Whole house or bungalow: Total,212,192,87,105,20,3,17
S01010826,Whole house or bungalow: Detached,132,128,59,69,4,0,4
S01010826,Whole house or bungalow: Semi-detached,76,62,28,34,14,2,12
S01010826,Whole house or bungalow: Terraced (including end-terrace),4,2,0,2,2,1,1
S01010826,Flat maisonette or apartment or mobile/temporary accommodation,103,68,42,26,35,2,33
S01010827,All households,221,211,78,133,10,3,7
S01010827,Whole house or bungalow: Total,203,198,74,124,5,1,4
S01010827,Whole house or bungalow: Detached,91,88,41,47,3,0,3
S01010827,Whole house or bungalow: Semi-detached,109,107,33,74,2,1,1
S01010827,Whole house or bungalow: Terraced (including end-terrace),3,3,0,3,0,0,0
S01010827,Flat maisonette or apartment or mobile/temporary accommodation,18,13,4,9,5,2,3
S01010828,All households,441,405,123,282,36,22,14
S01010828,Whole house or bungalow: Total,397,372,107,265,25,20,5
S01010828,Whole house or bungalow: Detached,278,267,74,193,11,8,3
S01010828,Whole house or bungalow: Semi-detached,110,97,31,66,13,11,2
S01010828,Whole house or bungalow: Terraced (including end-terrace),9,8,2,6,1,1,0
S01010828,Flat maisonette or apartment or mobile/temporary accommodation,44,33,16,17,11,2,9
S01010829,All households,464,353,168,185,111,31,80
S01010829,Whole house or bungalow: Total,238,204,103,101,34,16,18
S01010829,Whole house or bungalow: Detached,116,115,59,56,1,0,1
S01010829,Whole house or bungalow: Semi-detached,41,31,15,16,10,5,5
S01010829,Whole house or bungalow: Terraced (including end-terrace),81,58,29,29,23,11,12
S01010829,Flat maisonette or apartment or mobile/temporary accommodation,226,149,65,84,77,15,62
S01010830,All households,231,186,70,116,45,17,28
S01010830,Whole house or bungalow: Total,207,174,68,106,33,14,19
S01010830,Whole house or bungalow: Detached,63,57,24,33,6,3,3
S01010830,Whole house or bungalow: Semi-detached,63,58,19,39,5,2,3
S01010830,Whole house or bungalow: Terraced (including end-terrace),81,59,25,34,22,9,13
S01010830,Flat maisonette or apartment or mobile/temporary accommodation,24,12,2,10,12,3,9
S01010831,All households,197,182,25,157,15,8,7
S01010831,Whole house or bungalow: Total,193,180,25,155,13,6,7
S01010831,Whole house or bungalow: Detached,138,134,20,114,4,0,4
S01010831,Whole house or bungalow: Semi-detached,47,39,4,35,8,6,2
S01010831,Whole house or bungalow: Terraced (including end-terrace),8,7,1,6,1,0,1
S01010831,Flat maisonette or apartment or mobile/temporary accommodation,4,2,0,2,2,2,0
S01010832,All households,284,240,66,174,44,8,36
S01010832,Whole house or bungalow: Total,271,232,64,168,39,8,31
S01010832,Whole house or bungalow: Detached,39,29,9,20,10,0,10
S01010832,Whole house or bungalow: Semi-detached,151,137,36,101,14,2,12
S01010832,Whole house or bungalow: Terraced (including end-terrace),81,66,19,47,15,6,9
S01010832,Flat maisonette or apartment or mobile/temporary accommodation,13,8,2,6,5,0,5
S01010833,All households,348,336,137,199,12,1,11
S01010833,Whole house or bungalow: Total,285,279,104,175,6,1,5
S01010833,Whole house or bungalow: Detached,235,231,83,148,4,0,4
S01010833,Whole house or bungalow: Semi-detached,48,46,20,26,2,1,1
S01010833,Whole house or bungalow: Terraced (including end-terrace),2,2,1,1,0,0,0
S01010833,Flat maisonette or apartment or mobile/temporary accommodation,63,57,33,24,6,0,6
S01010834,All households,422,382,223,159,40,4,36
S01010834,Whole house or bungalow: Total,255,247,124,123,8,2,6
S01010834,Whole house or bungalow: Detached,159,154,77,77,5,0,5
S01010834,Whole house or bungalow: Semi-detached,68,67,32,35,1,0,1
S01010834,Whole house or bungalow: Terraced (including end-terrace),28,26,15,11,2,2,0
S01010834,Flat maisonette or apartment or mobile/temporary accommodation,167,135,99,36,32,2,30
S01010835,All households,270,263,162,101,7,0,7
S01010835,Whole house or bungalow: Total,249,244,149,95,5,0,5
S01010835,Whole house or bungalow: Detached,141,136,88,48,5,0,5
S01010835,Whole house or bungalow: Semi-detached,99,99,55,44,0,0,0
S01010835,Whole house or bungalow: Terraced (including end-terrace),9,9,6,3,0,0,0
S01010835,Flat maisonette or apartment or mobile/temporary accommodation,21,19,13,6,2,0,2
S01010836,All households,384,323,165,158,61,5,56
S01010836,Whole house or bungalow: Total,146,134,82,52,12,1,11
S01010836,Whole house or bungalow: Detached,65,64,41,23,1,0,1
S01010836,Whole house or bungalow: Semi-detached,62,54,31,23,8,0,8
S01010836,Whole house or bungalow: Terraced (including end-terrace),19,16,10,6,3,1,2
S01010836,Flat maisonette or apartment or mobile/temporary accommodation,238,189,83,106,49,4,45
S01010837,All households,289,255,133,122,34,22,12
S01010837,Whole house or bungalow: Total,198,181,98,83,17,12,5
S01010837,Whole house or bungalow: Detached,25,24,15,9,1,1,0
S01010837,Whole house or bungalow: Semi-detached,139,128,69,59,11,7,4
S01010837,Whole house or bungalow: Terraced (including end-terrace),34,29,14,15,5,4,1
S01010837,Flat maisonette or apartment or mobile/temporary accommodation,91,74,35,39,17,10,7
S01010838,All households,330,267,111,156,63,47,16
S01010838,Whole house or bungalow: Total,206,182,77,105,24,17,7
S01010838,Whole house or bungalow: Detached,26,24,15,9,2,1,1
S01010838,Whole house or bungalow: Semi-detached,127,110,46,64,17,12,5
S01010838,Whole house or bungalow: Terraced (including end-terrace),53,48,16,32,5,4,1
S01010838,Flat maisonette or apartment or mobile/temporary accommodation,124,85,34,51,39,30,9
S01010839,All households,339,281,144,137,58,36,22
S01010839,Whole house or bungalow: Total,209,193,101,92,16,13,3
S01010839,Whole house or bungalow: Detached,36,36,23,13,0,0,0
S01010839,Whole house or bungalow: Semi-detached,89,79,42,37,10,7,3
S01010839,Whole house or bungalow: Terraced (including end-terrace),84,78,36,42,6,6,0
S01010839,Flat maisonette or apartment or mobile/temporary accommodation,130,88,43,45,42,23,19
S01010840,All households,300,222,114,108,78,13,65
S01010840,Whole house or bungalow: Total,30,25,9,16,5,4,1
S01010840,Whole house or bungalow: Detached,7,7,3,4,0,0,0
S01010840,Whole house or bungalow: Semi-detached,18,13,4,9,5,4,1
S01010840,Whole house or bungalow: Terraced (including end-terrace),5,5,2,3,0,0,0
S01010840,Flat maisonette or apartment or mobile/temporary accommodation,270,197,105,92,73,9,64
S01010841,All households,390,297,135,162,93,13,80
S01010841,Whole house or bungalow: Total,70,61,27,34,9,6,3
S01010841,Whole house or bungalow: Detached,11,11,6,5,0,0,0
S01010841,Whole house or bungalow: Semi-detached,42,39,15,24,3,3,0
S01010841,Whole house or bungalow: Terraced (including end-terrace),17,11,6,5,6,3,3
S01010841,Flat maisonette or apartment or mobile/temporary accommodation,320,236,108,128,84,7,77
S01010842,All households,613,270,134,136,343,178,165
S01010842,Whole house or bungalow: Total,71,48,18,30,23,14,9
S01010842,Whole house or bungalow: Detached,9,7,4,3,2,0,2
S01010842,Whole house or bungalow: Semi-detached,26,22,7,15,4,3,1
S01010842,Whole house or bungalow: Terraced (including end-terrace),36,19,7,12,17,11,6
S01010842,Flat maisonette or apartment or mobile/temporary accommodation,542,222,116,106,320,164,156
S01010843,All households,407,222,101,121,185,90,95
S01010843,Whole house or bungalow: Total,29,26,16,10,3,2,1
S01010843,Whole house or bungalow: Detached,8,8,5,3,0,0,0
S01010843,Whole house or bungalow: Semi-detached,16,15,10,5,1,1,0
S01010843,Whole house or bungalow: Terraced (including end-terrace),5,3,1,2,2,1,1
S01010843,Flat maisonette or apartment or mobile/temporary accommodation,378,196,85,111,182,88,94
S01010844,All households,289,268,148,120,21,10,11
S01010844,Whole house or bungalow: Total,229,226,128,98,3,1,2
S01010844,Whole house or bungalow: Detached,73,72,43,29,1,0,1
S01010844,Whole house or bungalow: Semi-detached,98,97,54,43,1,0,1
S01010844,Whole house or bungalow: Terraced (including end-terrace),58,57,31,26,1,1,0
S01010844,Flat maisonette or apartment or mobile/temporary accommodation,60,42,20,22,18,9,9
S01010845,All households,259,220,114,106,39,24,15
S01010845,Whole house or bungalow: Total,195,181,98,83,14,10,4
S01010845,Whole house or bungalow: Detached,41,41,25,16,0,0,0
S01010845,Whole house or bungalow: Semi-detached,91,86,48,38,5,4,1
S01010845,Whole house or bungalow: Terraced (including end-terrace),63,54,25,29,9,6,3
S01010845,Flat maisonette or apartment or mobile/temporary accommodation,64,39,16,23,25,14,11
S01010846,All households,296,217,76,141,79,61,18
S01010846,Whole house or bungalow: Total,83,72,31,41,11,8,3
S01010846,Whole house or bungalow: Detached,14,14,7,7,0,0,0
S01010846,Whole house or bungalow: Semi-detached,61,51,22,29,10,7,3
S01010846,Whole house or bungalow: Terraced (including end-terrace),8,7,2,5,1,1,0
S01010846,Flat maisonette or apartment or mobile/temporary accommodation,213,145,45,100,68,53,15
S01010847,All households,259,240,70,170,19,6,13
S01010847,Whole house or bungalow: Total,228,218,63,155,10,2,8
S01010847,Whole house or bungalow: Detached,64,63,21,42,1,0,1
S01010847,Whole house or bungalow: Semi-detached,115,113,34,79,2,0,2
S01010847,Whole house or bungalow: Terraced (including end-terrace),49,42,8,34,7,2,5
S01010847,Flat maisonette or apartment or mobile/temporary accommodation,31,22,7,15,9,4,5
S01010848,All households,260,130,50,80,130,113,17
S01010848,Whole house or bungalow: Total,144,79,25,54,65,54,11
S01010848,Whole house or bungalow: Detached,11,8,2,6,3,2,1
S01010848,Whole house or bungalow: Semi-detached,80,46,16,30,34,32,2
S01010848,Whole house or bungalow: Terraced (including end-terrace),53,25,7,18,28,20,8
S01010848,Flat maisonette or apartment or mobile/temporary accommodation,116,51,25,26,65,59,6
S01010849,All households,364,198,77,121,166,148,18
S01010849,Whole house or bungalow: Total,292,177,69,108,115,101,14
S01010849,Whole house or bungalow: Detached,21,15,2,13,6,5,1
S01010849,Whole house or bungalow: Semi-detached,169,101,40,61,68,57,11
S01010849,Whole house or bungalow: Terraced (including end-terrace),102,61,27,34,41,39,2
S01010849,Flat maisonette or apartment or mobile/temporary accommodation,72,21,8,13,51,47,4
S01010850,All households,373,176,64,112,197,178,19
S01010850,Whole house or bungalow: Total,285,161,60,101,124,110,14
S01010850,Whole house or bungalow: Detached,27,7,1,6,20,19,1
S01010850,Whole house or bungalow: Semi-detached,94,60,22,38,34,29,5
S01010850,Whole house or bungalow: Terraced (including end-terrace),164,94,37,57,70,62,8
S01010850,Flat maisonette or apartment or mobile/temporary accommodation,88,15,4,11,73,68,5
S01010851,All households,347,179,59,120,168,136,32
S01010851,Whole house or bungalow: Total,302,176,57,119,126,97,29
S01010851,Whole house or bungalow: Detached,11,6,4,2,5,4,1
S01010851,Whole house or bungalow: Semi-detached,141,84,28,56,57,46,11
S01010851,Whole house or bungalow: Terraced (including end-terrace),150,86,25,61,64,47,17
S01010851,Flat maisonette or apartment or mobile/temporary accommodation,45,3,2,1,42,39,3
S01010852,All households,306,233,81,152,73,62,11
S01010852,Whole house or bungalow: Total,284,217,71,146,67,58,9
S01010852,Whole house or bungalow: Detached,12,8,4,4,4,4,0
S01010852,Whole house or bungalow: Semi-detached,89,60,15,45,29,25,4
S01010852,Whole house or bungalow: Terraced (including end-terrace),183,149,52,97,34,29,5
S01010852,Flat maisonette or apartment or mobile/temporary accommodation,22,16,10,6,6,4,2
S01010853,All households,358,275,102,173,83,66,17
S01010853,Whole house or bungalow: Total,339,263,95,168,76,60,16
S01010853,Whole house or bungalow: Detached,30,28,10,18,2,0,2
S01010853,Whole house or bungalow: Semi-detached,133,104,44,60,29,26,3
S01010853,Whole house or bungalow: Terraced (including end-terrace),176,131,41,90,45,34,11
S01010853,Flat maisonette or apartment or mobile/temporary accommodation,19,12,7,5,7,6,1
S01010854,All households,384,184,58,126,200,181,19
S01010854,Whole house or bungalow: Total,330,171,51,120,159,141,18
S01010854,Whole house or bungalow: Detached,17,5,2,3,12,11,1
S01010854,Whole house or bungalow: Semi-detached,174,90,35,55,84,73,11
S01010854,Whole house or bungalow: Terraced (including end-terrace),139,76,14,62,63,57,6
S01010854,Flat maisonette or apartment or mobile/temporary accommodation,54,13,7,6,41,40,1
S01010855,All households,223,145,56,89,78,57,21
S01010855,Whole house or bungalow: Total,205,133,52,81,72,54,18
S01010855,Whole house or bungalow: Detached,10,6,2,4,4,3,1
S01010855,Whole house or bungalow: Semi-detached,102,63,27,36,39,26,13
S01010855,Whole house or bungalow: Terraced (including end-terrace),93,64,23,41,29,25,4
S01010855,Flat maisonette or apartment or mobile/temporary accommodation,18,12,4,8,6,3,3
S01010856,All households,455,262,119,143,193,165,28
S01010856,Whole house or bungalow: Total,314,234,107,127,80,65,15
S01010856,Whole house or bungalow: Detached,15,13,5,8,2,1,1
S01010856,Whole house or bungalow: Semi-detached,119,97,49,48,22,15,7
S01010856,Whole house or bungalow: Terraced (including end-terrace),180,124,53,71,56,49,7
S01010856,Flat maisonette or apartment or mobile/temporary accommodation,141,28,12,16,113,100,13
S01010857,All households,324,228,53,175,96,77,19
S01010857,Whole house or bungalow: Total,239,186,39,147,53,44,9
S01010857,Whole house or bungalow: Detached,56,50,14,36,6,4,2
S01010857,Whole house or bungalow: Semi-detached,150,113,22,91,37,31,6
S01010857,Whole house or bungalow: Terraced (including end-terrace),33,23,3,20,10,9,1
S01010857,Flat maisonette or apartment or mobile/temporary accommodation,85,42,14,28,43,33,10
S01010858,All households,330,211,81,130,119,98,21
S01010858,Whole house or bungalow: Total,223,158,59,99,65,53,12
S01010858,Whole house or bungalow: Detached,15,11,7,4,4,2,2
S01010858,Whole house or bungalow: Semi-detached,161,118,44,74,43,35,8
S01010858,Whole house or bungalow: Terraced (including end-terrace),47,29,8,21,18,16,2
S01010858,Flat maisonette or apartment or mobile/temporary accommodation,107,53,22,31,54,45,9
S01010859,All households,304,172,47,125,132,117,15
S01010859,Whole house or bungalow: Total,220,147,37,110,73,66,7
S01010859,Whole house or bungalow: Detached,9,4,3,1,5,5,0
S01010859,Whole house or bungalow: Semi-detached,110,76,20,56,34,30,4
S01010859,Whole house or bungalow: Terraced (including end-terrace),101,67,14,53,34,31,3
S01010859,Flat maisonette or apartment or mobile/temporary accommodation,84,25,10,15,59,51,8
S01010860,All households,279,194,73,121,85,69,16
S01010860,Whole house or bungalow: Total,209,154,62,92,55,44,11
S01010860,Whole house or bungalow: Detached,17,16,3,13,1,1,0
S01010860,Whole house or bungalow: Semi-detached,138,99,42,57,39,30,9
S01010860,Whole house or bungalow: Terraced (including end-terrace),54,39,17,22,15,13,2
S01010860,Flat maisonette or apartment or mobile/temporary accommodation,70,40,11,29,30,25,5
S01010861,All households,332,164,68,96,168,125,43
S01010861,Whole house or bungalow: Total,68,27,10,17,41,32,9
S01010861,Whole house or bungalow: Detached,8,3,0,3,5,2,3
S01010861,Whole house or bungalow: Semi-detached,41,16,6,10,25,20,5
S01010861,Whole house or bungalow: Terraced (including end-terrace),19,8,4,4,11,10,1
S01010861,Flat maisonette or apartment or mobile/temporary accommodation,264,137,58,79,127,93,34
S01010862,All households,266,49,14,35,217,202,15
S01010862,Whole house or bungalow: Total,163,41,13,28,122,110,12
S01010862,Whole house or bungalow: Detached,14,3,2,1,11,7,4
S01010862,Whole house or bungalow: Semi-detached,98,23,6,17,75,71,4
S01010862,Whole house or bungalow: Terraced (including end-terrace),51,15,5,10,36,32,4
S01010862,Flat maisonette or apartment or mobile/temporary accommodation,103,8,1,7,95,92,3
S01010863,All households,317,262,134,128,55,21,34
S01010863,Whole house or bungalow: Total,241,215,120,95,26,11,15
S01010863,Whole house or bungalow: Detached,74,67,40,27,7,1,6
S01010863,Whole house or bungalow: Semi-detached,90,79,39,40,11,6,5
S01010863,Whole house or bungalow: Terraced (including end-terrace),77,69,41,28,8,4,4
S01010863,Flat maisonette or apartment or mobile/temporary accommodation,76,47,14,33,29,10,19
S01010864,All households,250,229,133,96,21,2,19
S01010864,Whole house or bungalow: Total,166,165,94,71,1,0,1
S01010864,Whole house or bungalow: Detached,104,104,63,41,0,0,0
S01010864,Whole house or bungalow: Semi-detached,61,60,31,29,1,0,1
S01010864,Whole house or bungalow: Terraced (including end-terrace),1,1,0,1,0,0,0
S01010864,Flat maisonette or apartment or mobile/temporary accommodation,84,64,39,25,20,2,18
S01010865,All households,345,313,207,106,32,10,22
S01010865,Whole house or bungalow: Total,166,151,93,58,15,5,10
S01010865,Whole house or bungalow: Detached,55,53,33,20,2,0,2
S01010865,Whole house or bungalow: Semi-detached,98,91,56,35,7,2,5
S01010865,Whole house or bungalow: Terraced (including end-terrace),13,7,4,3,6,3,3
S01010865,Flat maisonette or apartment or mobile/temporary accommodation,179,162,114,48,17,5,12
S01010866,All households,312,246,143,103,66,30,36
S01010866,Whole house or bungalow: Total,199,180,108,72,19,11,8
S01010866,Whole house or bungalow: Detached,53,50,30,20,3,1,2
S01010866,Whole house or bungalow: Semi-detached,110,100,55,45,10,5,5
S01010866,Whole house or bungalow: Terraced (including end-terrace),36,30,23,7,6,5,1
S01010866,Flat maisonette or apartment or mobile/temporary accommodation,113,66,35,31,47,19,28
S01010867,All households,285,222,122,100,63,35,28
S01010867,Whole house or bungalow: Total,125,118,71,47,7,4,3
S01010867,Whole house or bungalow: Detached,46,45,29,16,1,0,1
S01010867,Whole house or bungalow: Semi-detached,59,53,32,21,6,4,2
S01010867,Whole house or bungalow: Terraced (including end-terrace),20,20,10,10,0,0,0
S01010867,Flat maisonette or apartment or mobile/temporary accommodation,160,104,51,53,56,31,25
S01010868,All households,306,250,139,111,56,40,16
S01010868,Whole house or bungalow: Total,108,101,57,44,7,4,3
S01010868,Whole house or bungalow: Detached,31,29,16,13,2,1,1
S01010868,Whole house or bungalow: Semi-detached,50,45,25,20,5,3,2
S01010868,Whole house or bungalow: Terraced (including end-terrace),27,27,16,11,0,0,0
S01010868,Flat maisonette or apartment or mobile/temporary accommodation,198,149,82,67,49,36,13
S01010869,All households,290,265,154,111,25,6,19
S01010869,Whole house or bungalow: Total,190,180,114,66,10,2,8
S01010869,Whole house or bungalow: Detached,64,62,40,22,2,0,2
S01010869,Whole house or bungalow: Semi-detached,106,102,64,38,4,2,2
S01010869,Whole house or bungalow: Terraced (including end-terrace),20,16,10,6,4,0,4
S01010869,Flat maisonette or apartment or mobile/temporary accommodation,100,85,40,45,15,4,11
S01010870,All households,407,286,155,131,121,33,88
S01010870,Whole house or bungalow: Total,48,40,20,20,8,4,4
S01010870,Whole house or bungalow: Detached,19,15,7,8,4,2,2
S01010870,Whole house or bungalow: Semi-detached,17,15,6,9,2,1,1
S01010870,Whole house or bungalow: Terraced (including end-terrace),12,10,7,3,2,1,1
S01010870,Flat maisonette or apartment or mobile/temporary accommodation,359,246,135,111,113,29,84
S01010871,All households,408,294,130,164,114,15,99
S01010871,Whole house or bungalow: Total,53,49,29,20,4,1,3
S01010871,Whole house or bungalow: Detached,20,18,11,7,2,1,1
S01010871,Whole house or bungalow: Semi-detached,30,28,17,11,2,0,2
S01010871,Whole house or bungalow: Terraced (including end-terrace),3,3,1,2,0,0,0
S01010871,Flat maisonette or apartment or mobile/temporary accommodation,355,245,101,144,110,14,96
S01010872,All households,403,256,84,172,147,53,94
S01010872,Whole house or bungalow: Total,21,19,6,13,2,1,1
S01010872,Whole house or bungalow: Detached,5,4,2,2,1,0,1
S01010872,Whole house or bungalow: Semi-detached,10,10,3,7,0,0,0
S01010872,Whole house or bungalow: Terraced (including end-terrace),6,5,1,4,1,1,0
S01010872,Flat maisonette or apartment or mobile/temporary accommodation,382,237,78,159,145,52,93
S01010873,All households,400,82,38,44,318,247,71
S01010873,Whole house or bungalow: Total,10,5,2,3,5,5,0
S01010873,Whole house or bungalow: Detached,1,1,0,1,0,0,0
S01010873,Whole house or bungalow: Semi-detached,5,3,1,2,2,2,0
S01010873,Whole house or bungalow: Terraced (including end-terrace),4,1,1,0,3,3,0
S01010873,Flat maisonette or apartment or mobile/temporary accommodation,390,77,36,41,313,242,71
S01010874,All households,307,254,101,153,53,9,44
S01010874,Whole house or bungalow: Total,69,63,35,28,6,0,6
S01010874,Whole house or bungalow: Detached,11,8,5,3,3,0,3
S01010874,Whole house or bungalow: Semi-detached,38,37,20,17,1,0,1
S01010874,Whole house or bungalow: Terraced (including end-terrace),20,18,10,8,2,0,2
S01010874,Flat maisonette or apartment or mobile/temporary accommodation,238,191,66,125,47,9,38
S01010875,All households,257,160,61,99,97,32,65
S01010875,Whole house or bungalow: Total,31,28,16,12,3,0,3
S01010875,Whole house or bungalow: Detached,7,6,3,3,1,0,1
S01010875,Whole house or bungalow: Semi-detached,10,9,4,5,1,0,1
S01010875,Whole house or bungalow: Terraced (including end-terrace),14,13,9,4,1,0,1
S01010875,Flat maisonette or apartment or mobile/temporary accommodation,226,132,45,87,94,32,62
S01010876,All households,393,146,67,79,247,160,87
S01010876,Whole house or bungalow: Total,21,17,10,7,4,2,2
S01010876,Whole house or bungalow: Detached,6,6,5,1,0,0,0
S01010876,Whole house or bungalow: Semi-detached,12,9,4,5,3,2,1
S01010876,Whole house or bungalow: Terraced (including end-terrace),3,2,1,1,1,0,1
S01010876,Flat maisonette or apartment or mobile/temporary accommodation,372,129,57,72,243,158,85
S01010877,All households,467,257,114,143,210,132,78
S01010877,Whole house or bungalow: Total,117,113,65,48,4,0,4
S01010877,Whole house or bungalow: Detached,16,16,9,7,0,0,0
S01010877,Whole house or bungalow: Semi-detached,82,79,48,31,3,0,3
S01010877,Whole house or bungalow: Terraced (including end-terrace),19,18,8,10,1,0,1
S01010877,Flat maisonette or apartment or mobile/temporary accommodation,350,144,49,95,206,132,74
S01010878,All households,512,332,174,158,180,96,84
S01010878,Whole house or bungalow: Total,194,152,75,77,42,28,14
S01010878,Whole house or bungalow: Detached,15,14,8,6,1,0,1
S01010878,Whole house or bungalow: Semi-detached,140,116,61,55,24,14,10
S01010878,Whole house or bungalow: Terraced (including end-terrace),39,22,6,16,17,14,3
S01010878,Flat maisonette or apartment or mobile/temporary accommodation,318,180,99,81,138,68,70
S01010879,All households,387,290,113,177,97,69,28
S01010879,Whole house or bungalow: Total,234,201,82,119,33,21,12
S01010879,Whole house or bungalow: Detached,45,42,25,17,3,0,3
S01010879,Whole house or bungalow: Semi-detached,105,89,38,51,16,10,6
S01010879,Whole house or bungalow: Terraced (including end-terrace),84,70,19,51,14,11,3
S01010879,Flat maisonette or apartment or mobile/temporary accommodation,153,89,31,58,64,48,16
S01010880,All households,268,141,71,70,127,113,14
S01010880,Whole house or bungalow: Total,148,117,63,54,31,25,6
S01010880,Whole house or bungalow: Detached,3,3,1,2,0,0,0
S01010880,Whole house or bungalow: Semi-detached,84,70,38,32,14,10,4
S01010880,Whole house or bungalow: Terraced (including end-terrace),61,44,24,20,17,15,2
S01010880,Flat maisonette or apartment or mobile/temporary accommodation,120,24,8,16,96,88,8
S01010881,All households,285,240,117,123,45,33,12
S01010881,Whole house or bungalow: Total,160,137,69,68,23,16,7
S01010881,Whole house or bungalow: Detached,7,6,3,3,1,1,0
S01010881,Whole house or bungalow: Semi-detached,126,110,54,56,16,11,5
S01010881,Whole house or bungalow: Terraced (including end-terrace),27,21,12,9,6,4,2
S01010881,Flat maisonette or apartment or mobile/temporary accommodation,125,103,48,55,22,17,5
S01010882,All households,203,157,51,106,46,39,7
S01010882,Whole house or bungalow: Total,164,150,47,103,14,8,6
S01010882,Whole house or bungalow: Detached,9,6,1,5,3,1,2
S01010882,Whole house or bungalow: Semi-detached,28,25,10,15,3,2,1
S01010882,Whole house or bungalow: Terraced (including end-terrace),127,119,36,83,8,5,3
S01010882,Flat maisonette or apartment or mobile/temporary accommodation,39,7,4,3,32,31,1
S01010883,All households,336,261,88,173,75,66,9
S01010883,Whole house or bungalow: Total,171,166,39,127,5,5,0
S01010883,Whole house or bungalow: Detached,158,157,35,122,1,1,0
S01010883,Whole house or bungalow: Semi-detached,6,5,4,1,1,1,0
S01010883,Whole house or bungalow: Terraced (including end-terrace),7,4,0,4,3,3,0
S01010883,Flat maisonette or apartment or mobile/temporary accommodation,165,95,49,46,70,61,9
S01010884,All households,408,142,74,68,266,232,34
S01010884,Whole house or bungalow: Total,80,58,35,23,22,20,2
S01010884,Whole house or bungalow: Detached,8,7,4,3,1,1,0
S01010884,Whole house or bungalow: Semi-detached,29,22,14,8,7,6,1
S01010884,Whole house or bungalow: Terraced (including end-terrace),43,29,17,12,14,13,1
S01010884,Flat maisonette or apartment or mobile/temporary accommodation,328,84,39,45,244,212,32
S01010885,All households,541,161,56,105,380,303,77
S01010885,Whole house or bungalow: Total,24,15,4,11,9,8,1
S01010885,Whole house or bungalow: Detached,11,10,3,7,1,1,0
S01010885,Whole house or bungalow: Semi-detached,3,2,1,1,1,1,0
S01010885,Whole house or bungalow: Terraced (including end-terrace),10,3,0,3,7,6,1
S01010885,Flat maisonette or apartment or mobile/temporary accommodation,517,146,52,94,371,295,76
S01010886,All households,250,117,42,75,133,75,58
S01010886,Whole house or bungalow: Total,9,6,1,5,3,2,1
S01010886,Whole house or bungalow: Detached,2,2,0,2,0,0,0
S01010886,Whole house or bungalow: Semi-detached,5,4,1,3,1,1,0
S01010886,Whole house or bungalow: Terraced (including end-terrace),2,0,0,0,2,1,1
S01010886,Flat maisonette or apartment or mobile/temporary accommodation,241,111,41,70,130,73,57
S01010887,All households,458,136,63,73,322,291,31
S01010887,Whole house or bungalow: Total,66,57,23,34,9,5,4
S01010887,Whole house or bungalow: Detached,5,5,1,4,0,0,0
S01010887,Whole house or bungalow: Semi-detached,23,17,7,10,6,3,3
S01010887,Whole house or bungalow: Terraced (including end-terrace),38,35,15,20,3,2,1
S01010887,Flat maisonette or apartment or mobile/temporary accommodation,392,79,40,39,313,286,27
S01010888,All households,437,221,104,117,216,140,76
S01010888,Whole house or bungalow: Total,76,67,43,24,9,9,0
S01010888,Whole house or bungalow: Detached,5,4,3,1,1,1,0
S01010888,Whole house or bungalow: Semi-detached,34,28,19,9,6,6,0
S01010888,Whole house or bungalow: Terraced (including end-terrace),37,35,21,14,2,2,0
S01010888,Flat maisonette or apartment or mobile/temporary accommodation,361,154,61,93,207,131,76
S01010889,All households,344,99,27,72,245,184,61
S01010889,Whole house or bungalow: Total,8,5,4,1,3,2,1
S01010889,Whole house or bungalow: Detached,0,0,0,0,0,0,0
S01010889,Whole house or bungalow: Semi-detached,3,2,2,0,1,1,0
S01010889,Whole house or bungalow: Terraced (including end-terrace),5,3,2,1,2,1,1
S01010889,Flat maisonette or apartment or mobile/temporary accommodation,336,94,23,71,242,182,60
S01010890,All households,507,209,103,106,298,234,64
S01010890,Whole house or bungalow: Total,6,3,1,2,3,3,0
S01010890,Whole house or bungalow: Detached,1,1,0,1,0,0,0
S01010890,Whole house or bungalow: Semi-detached,1,1,1,0,0,0,0
S01010890,Whole house or bungalow: Terraced (including end-terrace),4,1,0,1,3,3,0
S01010890,Flat maisonette or apartment or mobile/temporary accommodation,501,206,102,104,295,231,64
S01010891,All households,280,50,19,31,230,152,78
S01010891,Whole house or bungalow: Total,9,5,1,4,4,3,1
S01010891,Whole house or bungalow: Detached,3,1,0,1,2,1,1
S01010891,Whole house or bungalow: Semi-detached,0,0,0,0,0,0,0
S01010891,Whole house or bungalow: Terraced (including end-terrace),6,4,1,3,2,2,0
S01010891,Flat maisonette or apartment or mobile/temporary accommodation,271,45,18,27,226,149,77
S01010892,All households,531,198,85,113,333,259,74
S01010892,Whole house or bungalow: Total,26,15,6,9,11,10,1
S01010892,Whole house or bungalow: Detached,7,5,3,2,2,2,0
S01010892,Whole house or bungalow: Semi-detached,9,4,0,4,5,4,1
S01010892,Whole house or bungalow: Terraced (including end-terrace),10,6,3,3,4,4,0
S01010892,Flat maisonette or apartment or mobile/temporary accommodation,505,183,79,104,322,249,73
S01010893,All households,327,82,34,48,245,202,43
S01010893,Whole house or bungalow: Total,30,12,5,7,18,14,4
S01010893,Whole house or bungalow: Detached,3,2,2,0,1,1,0
S01010893,Whole house or bungalow: Semi-detached,7,6,2,4,1,0,1
S01010893,Whole house or bungalow: Terraced (including end-terrace),20,4,1,3,16,13,3
S01010893,Flat maisonette or apartment or mobile/temporary accommodation,297,70,29,41,227,188,39
S01010894,All households,312,148,29,119,164,108,56
S01010894,Whole house or bungalow: Total,36,26,8,18,10,8,2
S01010894,Whole house or bungalow: Detached,8,7,1,6,1,0,1
S01010894,Whole house or bungalow: Semi-detached,14,11,4,7,3,3,0
S01010894,Whole house or bungalow: Terraced (including end-terrace),14,8,3,5,6,5,1
S01010894,Flat maisonette or apartment or mobile/temporary accommodation,276,122,21,101,154,100,54
S01010895,All households,256,103,56,47,153,136,17
S01010895,Whole house or bungalow: Total,44,41,25,16,3,1,2
S01010895,Whole house or bungalow: Detached,4,3,2,1,1,0,1
S01010895,Whole house or bungalow: Semi-detached,28,27,17,10,1,0,1
S01010895,Whole house or bungalow: Terraced (including end-terrace),12,11,6,5,1,1,0
S01010895,Flat maisonette or apartment or mobile/temporary accommodation,212,62,31,31,150,135,15
S01010896,All households,339,156,76,80,183,151,32
S01010896,Whole house or bungalow: Total,117,79,39,40,38,27,11
S01010896,Whole house or bungalow: Detached,8,5,2,3,3,1,2
S01010896,Whole house or bungalow: Semi-detached,71,48,24,24,23,16,7
S01010896,Whole house or bungalow: Terraced (including end-terrace),38,26,13,13,12,10,2
S01010896,Flat maisonette or apartment or mobile/temporary accommodation,222,77,37,40,145,124,21
S01010897,All households,380,118,54,64,262,253,9
S01010897,Whole house or bungalow: Total,264,60,31,29,204,201,3
S01010897,Whole house or bungalow: Detached,23,9,6,3,14,13,1
S01010897,Whole house or bungalow: Semi-detached,169,31,16,15,138,136,2
S01010897,Whole house or bungalow: Terraced (including end-terrace),72,20,9,11,52,52,0
S01010897,Flat maisonette or apartment or mobile/temporary accommodation,116,58,23,35,58,52,6
S01010898,All households,253,110,37,73,143,134,9
S01010898,Whole house or bungalow: Total,198,100,33,67,98,95,3
S01010898,Whole house or bungalow: Detached,13,5,3,2,8,6,2
S01010898,Whole house or bungalow: Semi-detached,149,71,26,45,78,77,1
S01010898,Whole house or bungalow: Terraced (including end-terrace),36,24,4,20,12,12,0
S01010898,Flat maisonette or apartment or mobile/temporary accommodation,55,10,4,6,45,39,6
S01010899,All households,221,174,48,126,47,30,17
S01010899,Whole house or bungalow: Total,203,163,43,120,40,28,12
S01010899,Whole house or bungalow: Detached,19,16,3,13,3,1,2
S01010899,Whole house or bungalow: Semi-detached,93,65,15,50,28,23,5
S01010899,Whole house or bungalow: Terraced (including end-terrace),91,82,25,57,9,4,5
S01010899,Flat maisonette or apartment or mobile/temporary accommodation,18,11,5,6,7,2,5
S01010900,All households,298,154,45,109,144,74,70
S01010900,Whole house or bungalow: Total,114,70,34,36,44,38,6
S01010900,Whole house or bungalow: Detached,12,7,1,6,5,3,2
S01010900,Whole house or bungalow: Semi-detached,49,29,18,11,20,20,0
S01010900,Whole house or bungalow: Terraced (including end-terrace),53,34,15,19,19,15,4
S01010900,Flat maisonette or apartment or mobile/temporary accommodation,184,84,11,73,100,36,64
S01010901,All households,205,65,33,32,140,132,8
S01010901,Whole house or bungalow: Total,144,46,27,19,98,94,4
S01010901,Whole house or bungalow: Detached,11,2,1,1,9,9,0
S01010901,Whole house or bungalow: Semi-detached,114,38,24,14,76,73,3
S01010901,Whole house or bungalow: Terraced (including end-terrace),19,6,2,4,13,12,1
S01010901,Flat maisonette or apartment or mobile/temporary accommodation,61,19,6,13,42,38,4
S01010902,All households,453,279,121,158,174,154,20
S01010902,Whole house or bungalow: Total,383,255,114,141,128,115,13
S01010902,Whole house or bungalow: Detached,26,17,12,5,9,9,0
S01010902,Whole house or bungalow: Semi-detached,273,196,82,114,77,66,11
S01010902,Whole house or bungalow: Terraced (including end-terrace),84,42,20,22,42,40,2
S01010902,Flat maisonette or apartment or mobile/temporary accommodation,70,24,7,17,46,39,7
S01010903,All households,427,114,41,73,313,292,21
S01010903,Whole house or bungalow: Total,166,66,25,41,100,88,12
S01010903,Whole house or bungalow: Detached,14,7,5,2,7,7,0
S01010903,Whole house or bungalow: Semi-detached,101,41,12,29,60,52,8
S01010903,Whole house or bungalow: Terraced (including end-terrace),51,18,8,10,33,29,4
S01010903,Flat maisonette or apartment or mobile/temporary accommodation,261,48,16,32,213,204,9
S01010904,All households,271,94,12,82,177,162,15
S01010904,Whole house or bungalow: Total,112,81,9,72,31,21,10
S01010904,Whole house or bungalow: Detached,5,2,0,2,3,2,1
S01010904,Whole house or bungalow: Semi-detached,57,45,5,40,12,9,3
S01010904,Whole house or bungalow: Terraced (including end-terrace),50,34,4,30,16,10,6
S01010904,Flat maisonette or apartment or mobile/temporary accommodation,159,13,3,10,146,141,5
S01010905,All households,290,121,27,94,169,117,52
S01010905,Whole house or bungalow: Total,143,67,12,55,76,69,7
S01010905,Whole house or bungalow: Detached,32,21,5,16,11,10,1
S01010905,Whole house or bungalow: Semi-detached,54,16,3,13,38,36,2
S01010905,Whole house or bungalow: Terraced (including end-terrace),57,30,4,26,27,23,4
S01010905,Flat maisonette or apartment or mobile/temporary accommodation,147,54,15,39,93,48,45
S01010906,All households,383,189,37,152,194,166,28
S01010906,Whole house or bungalow: Total,286,138,31,107,148,144,4
S01010906,Whole house or bungalow: Detached,23,9,3,6,14,14,0
S01010906,Whole house or bungalow: Semi-detached,175,80,15,65,95,93,2
S01010906,Whole house or bungalow: Terraced (including end-terrace),88,49,13,36,39,37,2
S01010906,Flat maisonette or apartment or mobile/temporary accommodation,97,51,6,45,46,22,24
S01010907,All households,199,177,23,154,22,6,16
S01010907,Whole house or bungalow: Total,186,172,23,149,14,2,12
S01010907,Whole house or bungalow: Detached,43,41,8,33,2,0,2
S01010907,Whole house or bungalow: Semi-detached,45,42,6,36,3,0,3
S01010907,Whole house or bungalow: Terraced (including end-terrace),98,89,9,80,9,2,7
S01010907,Flat maisonette or apartment or mobile/temporary accommodation,13,5,0,5,8,4,4
S01010908,All households,274,150,63,87,124,101,23
S01010908,Whole house or bungalow: Total,96,83,36,47,13,11,2
S01010908,Whole house or bungalow: Detached,12,9,3,6,3,3,0
S01010908,Whole house or bungalow: Semi-detached,62,55,26,29,7,6,1
S01010908,Whole house or bungalow: Terraced (including end-terrace),22,19,7,12,3,2,1
S01010908,Flat maisonette or apartment or mobile/temporary accommodation,178,67,27,40,111,90,21
S01010909,All households,284,250,114,136,34,14,20
S01010909,Whole house or bungalow: Total,140,135,76,59,5,2,3
S01010909,Whole house or bungalow: Detached,32,32,21,11,0,0,0
S01010909,Whole house or bungalow: Semi-detached,68,64,34,30,4,1,3
S01010909,Whole house or bungalow: Terraced (including end-terrace),40,39,21,18,1,1,0
S01010909,Flat maisonette or apartment or mobile/temporary accommodation,144,115,38,77,29,12,17
S01010910,All households,273,94,36,58,179,105,74
S01010910,Whole house or bungalow: Total,12,6,4,2,6,5,1
S01010910,Whole house or bungalow: Detached,3,3,2,1,0,0,0
S01010910,Whole house or bungalow: Semi-detached,3,1,0,1,2,2,0
S01010910,Whole house or bungalow: Terraced (including end-terrace),6,2,2,0,4,3,1
S01010910,Flat maisonette or apartment or mobile/temporary accommodation,261,88,32,56,173,100,73
S01010911,All households,360,135,61,74,225,163,62
S01010911,Whole house or bungalow: Total,15,10,6,4,5,4,1
S01010911,Whole house or bungalow: Detached,0,0,0,0,0,0,0
S01010911,Whole house or bungalow: Semi-detached,3,3,2,1,0,0,0
S01010911,Whole house or bungalow: Terraced (including end-terrace),12,7,4,3,5,4,1
S01010911,Flat maisonette or apartment or mobile/temporary accommodation,345,125,55,70,220,159,61
S01010912,All households,392,106,47,59,286,228,58
S01010912,Whole house or bungalow: Total,94,60,23,37,34,23,11
S01010912,Whole house or bungalow: Detached,9,7,4,3,2,1,1
S01010912,Whole house or bungalow: Semi-detached,37,20,10,10,17,12,5
S01010912,Whole house or bungalow: Terraced (including end-terrace),48,33,9,24,15,10,5
S01010912,Flat maisonette or apartment or mobile/temporary accommodation,298,46,24,22,252,205,47
S01010913,All households,293,218,91,127,75,19,56
S01010913,Whole house or bungalow: Total,164,144,55,89,20,7,13
S01010913,Whole house or bungalow: Detached,42,40,16,24,2,1,1
S01010913,Whole house or bungalow: Semi-detached,52,46,16,30,6,2,4
S01010913,Whole house or bungalow: Terraced (including end-terrace),70,58,23,35,12,4,8
S01010913,Flat maisonette or apartment or mobile/temporary accommodation,129,74,36,38,55,12,43
S01010914,All households,255,223,74,149,32,15,17
S01010914,Whole house or bungalow: Total,231,214,73,141,17,6,11
S01010914,Whole house or bungalow: Detached,11,11,7,4,0,0,0
S01010914,Whole house or bungalow: Semi-detached,34,27,7,20,7,1,6
S01010914,Whole house or bungalow: Terraced (including end-terrace),186,176,59,117,10,5,5
S01010914,Flat maisonette or apartment or mobile/temporary accommodation,24,9,1,8,15,9,6
S01010915,All households,271,214,72,142,57,26,31
S01010915,Whole house or bungalow: Total,255,206,71,135,49,19,30
S01010915,Whole house or bungalow: Detached,10,8,2,6,2,1,1
S01010915,Whole house or bungalow: Semi-detached,49,34,16,18,15,8,7
S01010915,Whole house or bungalow: Terraced (including end-terrace),196,164,53,111,32,10,22
S01010915,Flat maisonette or apartment or mobile/temporary accommodation,16,8,1,7,8,7,1
S01010916,All households,333,118,58,60,215,92,123
S01010916,Whole house or bungalow: Total,92,70,34,36,22,15,7
S01010916,Whole house or bungalow: Detached,4,4,2,2,0,0,0
S01010916,Whole house or bungalow: Semi-detached,28,21,11,10,7,7,0
S01010916,Whole house or bungalow: Terraced (including end-terrace),60,45,21,24,15,8,7
S01010916,Flat maisonette or apartment or mobile/temporary accommodation,241,48,24,24,193,77,116
S01010917,All households,369,245,110,135,124,68,56
S01010917,Whole house or bungalow: Total,159,134,55,79,25,17,8
S01010917,Whole house or bungalow: Detached,18,12,7,5,6,2,4
S01010917,Whole house or bungalow: Semi-detached,57,55,20,35,2,1,1
S01010917,Whole house or bungalow: Terraced (including end-terrace),84,67,28,39,17,14,3
S01010917,Flat maisonette or apartment or mobile/temporary accommodation,210,111,55,56,99,51,48
S01010918,All households,334,212,88,124,122,103,19
S01010918,Whole house or bungalow: Total,210,171,76,95,39,30,9
S01010918,Whole house or bungalow: Detached,16,15,13,2,1,0,1
S01010918,Whole house or bungalow: Semi-detached,90,67,25,42,23,19,4
S01010918,Whole house or bungalow: Terraced (including end-terrace),104,89,38,51,15,11,4
S01010918,Flat maisonette or apartment or mobile/temporary accommodation,124,41,12,29,83,73,10
S01010919,All households,335,210,88,122,125,107,18
S01010919,Whole house or bungalow: Total,207,157,77,80,50,39,11
S01010919,Whole house or bungalow: Detached,8,7,3,4,1,1,0
S01010919,Whole house or bungalow: Semi-detached,80,55,25,30,25,19,6
S01010919,Whole house or bungalow: Terraced (including end-terrace),119,95,49,46,24,19,5
S01010919,Flat maisonette or apartment or mobile/temporary accommodation,128,53,11,42,75,68,7
S01010920,All households,254,56,16,40,198,172,26
S01010920,Whole house or bungalow: Total,76,41,10,31,35,31,4
S01010920,Whole house or bungalow: Detached,22,15,5,10,7,5,2
S01010920,Whole house or bungalow: Semi-detached,22,12,3,9,10,9,1
S01010920,Whole house or bungalow: Terraced (including end-terrace),32,14,2,12,18,17,1
S01010920,Flat maisonette or apartment or mobile/temporary accommodation,178,15,6,9,163,141,22
S01010921,All households,257,143,47,96,114,94,20
S01010921,Whole house or bungalow: Total,226,137,44,93,89,74,15
S01010921,Whole house or bungalow: Detached,7,4,1,3,3,2,1
S01010921,Whole house or bungalow: Semi-detached,125,71,26,45,54,47,7
S01010921,Whole house or bungalow: Terraced (including end-terrace),94,62,17,45,32,25,7
S01010921,Flat maisonette or apartment or mobile/temporary accommodation,31,6,3,3,25,20,5
S01010922,All households,346,167,72,95,179,163,16
S01010922,Whole house or bungalow: Total,263,148,64,84,115,103,12
S01010922,Whole house or bungalow: Detached,12,3,1,2,9,6,3
S01010922,Whole house or bungalow: Semi-detached,140,74,36,38,66,59,7
S01010922,Whole house or bungalow: Terraced (including end-terrace),111,71,27,44,40,38,2
S01010922,Flat maisonette or apartment or mobile/temporary accommodation,83,19,8,11,64,60,4
S01010923,All households,398,240,86,154,158,136,22
S01010923,Whole house or bungalow: Total,269,200,75,125,69,56,13
S01010923,Whole house or bungalow: Detached,11,5,1,4,6,4,2
S01010923,Whole house or bungalow: Semi-detached,64,36,10,26,28,25,3
S01010923,Whole house or bungalow: Terraced (including end-terrace),194,159,64,95,35,27,8
S01010923,Flat maisonette or apartment or mobile/temporary accommodation,129,40,11,29,89,80,9
S01010924,All households,260,168,56,112,92,76,16
S01010924,Whole house or bungalow: Total,211,154,49,105,57,46,11
S01010924,Whole house or bungalow: Detached,11,7,3,4,4,4,0
S01010924,Whole house or bungalow: Semi-detached,38,24,5,19,14,11,3
S01010924,Whole house or bungalow: Terraced (including end-terrace),162,123,41,82,39,31,8
S01010924,Flat maisonette or apartment or mobile/temporary accommodation,49,14,7,7,35,30,5
S01010925,All households,386,185,81,104,201,180,21
S01010925,Whole house or bungalow: Total,231,165,73,92,66,53,13
S01010925,Whole house or bungalow: Detached,4,3,1,2,1,1,0
S01010925,Whole house or bungalow: Semi-detached,61,34,8,26,27,19,8
S01010925,Whole house or bungalow: Terraced (including end-terrace),166,128,64,64,38,33,5
S01010925,Flat maisonette or apartment or mobile/temporary accommodation,155,20,8,12,135,127,8
S01010926,All households,352,182,81,101,170,145,25
S01010926,Whole house or bungalow: Total,257,158,74,84,99,82,17
S01010926,Whole house or bungalow: Detached,8,2,0,2,6,6,0
S01010926,Whole house or bungalow: Semi-detached,87,35,21,14,52,47,5
S01010926,Whole house or bungalow: Terraced (including end-terrace),162,121,53,68,41,29,12
S01010926,Flat maisonette or apartment or mobile/temporary accommodation,95,24,7,17,71,63,8
S01010927,All households,251,160,64,96,91,72,19
S01010927,Whole house or bungalow: Total,208,151,62,89,57,44,13
S01010927,Whole house or bungalow: Detached,4,3,0,3,1,1,0
S01010927,Whole house or bungalow: Semi-detached,147,111,41,70,36,27,9
S01010927,Whole house or bungalow: Terraced (including end-terrace),57,37,21,16,20,16,4
S01010927,Flat maisonette or apartment or mobile/temporary accommodation,43,9,2,7,34,28,6
S01010928,All households,311,157,63,94,154,120,34
S01010928,Whole house or bungalow: Total,260,145,54,91,115,81,34
S01010928,Whole house or bungalow: Detached,14,7,2,5,7,6,1
S01010928,Whole house or bungalow: Semi-detached,118,67,22,45,51,35,16
S01010928,Whole house or bungalow: Terraced (including end-terrace),128,71,30,41,57,40,17
S01010928,Flat maisonette or apartment or mobile/temporary accommodation,51,12,9,3,39,39,0
S01010929,All households,271,127,53,74,144,125,19
S01010929,Whole house or bungalow: Total,233,119,46,73,114,96,18
S01010929,Whole house or bungalow: Detached,7,2,2,0,5,4,1
S01010929,Whole house or bungalow: Semi-detached,111,51,16,35,60,49,11
S01010929,Whole house or bungalow: Terraced (including end-terrace),115,66,28,38,49,43,6
S01010929,Flat maisonette or apartment or mobile/temporary accommodation,38,8,7,1,30,29,1
S01010930,All households,357,268,101,167,89,12,77
S01010930,Whole house or bungalow: Total,317,250,97,153,67,8,59
S01010930,Whole house or bungalow: Detached,192,146,68,78,46,2,44
S01010930,Whole house or bungalow: Semi-detached,74,61,17,44,13,4,9
S01010930,Whole house or bungalow: Terraced (including end-terrace),51,43,12,31,8,2,6
S01010930,Flat maisonette or apartment or mobile/temporary accommodation,40,18,4,14,22,4,18
S01010931,All households,203,104,60,44,99,21,78
S01010931,Whole house or bungalow: Total,197,100,59,41,97,19,78
S01010931,Whole house or bungalow: Detached,81,40,32,8,41,0,41
S01010931,Whole house or bungalow: Semi-detached,79,41,21,20,38,14,24
S01010931,Whole house or bungalow: Terraced (including end-terrace),37,19,6,13,18,5,13
S01010931,Flat maisonette or apartment or mobile/temporary accommodation,6,4,1,3,2,2,0
S01010932,All households,277,126,52,74,151,130,21
S01010932,Whole house or bungalow: Total,251,125,52,73,126,106,20
S01010932,Whole house or bungalow: Detached,34,26,16,10,8,5,3
S01010932,Whole house or bungalow: Semi-detached,53,27,15,12,26,20,6
S01010932,Whole house or bungalow: Terraced (including end-terrace),164,72,21,51,92,81,11
S01010932,Flat maisonette or apartment or mobile/temporary accommodation,26,1,0,1,25,24,1
S01010933,All households,276,234,89,145,42,21,21
S01010933,Whole house or bungalow: Total,266,234,89,145,32,11,21
S01010933,Whole house or bungalow: Detached,169,157,56,101,12,0,12
S01010933,Whole house or bungalow: Semi-detached,72,55,26,29,17,9,8
S01010933,Whole house or bungalow: Terraced (including end-terrace),25,22,7,15,3,2,1
S01010933,Flat maisonette or apartment or mobile/temporary accommodation,10,0,0,0,10,10,0
S01010934,All households,424,358,160,198,66,12,54
S01010934,Whole house or bungalow: Total,305,283,137,146,22,10,12
S01010934,Whole house or bungalow: Detached,171,166,88,78,5,1,4
S01010934,Whole house or bungalow: Semi-detached,72,65,24,41,7,5,2
S01010934,Whole house or bungalow: Terraced (including end-terrace),62,52,25,27,10,4,6
S01010934,Flat maisonette or apartment or mobile/temporary accommodation,119,75,23,52,44,2,42
S01010935,All households,323,247,159,88,76,53,23
S01010935,Whole house or bungalow: Total,226,212,145,67,14,6,8
S01010935,Whole house or bungalow: Detached,125,122,84,38,3,0,3
S01010935,Whole house or bungalow: Semi-detached,81,77,55,22,4,3,1
S01010935,Whole house or bungalow: Terraced (including end-terrace),20,13,6,7,7,3,4
S01010935,Flat maisonette or apartment or mobile/temporary accommodation,97,35,14,21,62,47,15
S01010936,All households,404,220,97,123,184,138,46
S01010936,Whole house or bungalow: Total,125,98,56,42,27,12,15
S01010936,Whole house or bungalow: Detached,50,43,33,10,7,4,3
S01010936,Whole house or bungalow: Semi-detached,52,41,18,23,11,5,6
S01010936,Whole house or bungalow: Terraced (including end-terrace),23,14,5,9,9,3,6
S01010936,Flat maisonette or apartment or mobile/temporary accommodation,279,122,41,81,157,126,31
S01010937,All households,323,252,112,140,71,53,18
S01010937,Whole house or bungalow: Total,303,244,111,133,59,44,15
S01010937,Whole house or bungalow: Detached,49,46,26,20,3,1,2
S01010937,Whole house or bungalow: Semi-detached,175,155,73,82,20,15,5
S01010937,Whole house or bungalow: Terraced (including end-terrace),79,43,12,31,36,28,8
S01010937,Flat maisonette or apartment or mobile/temporary accommodation,20,8,1,7,12,9,3
S01010938,All households,369,149,64,85,220,186,34
S01010938,Whole house or bungalow: Total,262,114,54,60,148,132,16
S01010938,Whole house or bungalow: Detached,10,7,2,5,3,3,0
S01010938,Whole house or bungalow: Semi-detached,59,29,11,18,30,26,4
S01010938,Whole house or bungalow: Terraced (including end-terrace),193,78,41,37,115,103,12
S01010938,Flat maisonette or apartment or mobile/temporary accommodation,107,35,10,25,72,54,18
S01010939,All households,199,162,70,92,37,27,10
S01010939,Whole house or bungalow: Total,153,142,67,75,11,4,7
S01010939,Whole house or bungalow: Detached,33,33,24,9,0,0,0
S01010939,Whole house or bungalow: Semi-detached,86,78,35,43,8,3,5
S01010939,Whole house or bungalow: Terraced (including end-terrace),34,31,8,23,3,1,2
S01010939,Flat maisonette or apartment or mobile/temporary accommodation,46,20,3,17,26,23,3
S01010940,All households,268,261,143,118,7,1,6
S01010940,Whole house or bungalow: Total,267,261,143,118,6,0,6
S01010940,Whole house or bungalow: Detached,95,94,50,44,1,0,1
S01010940,Whole house or bungalow: Semi-detached,168,163,89,74,5,0,5
S01010940,Whole house or bungalow: Terraced (including end-terrace),4,4,4,0,0,0,0
S01010940,Flat maisonette or apartment or mobile/temporary accommodation,1,0,0,0,1,1,0
S01010941,All households,323,311,152,159,12,4,8
S01010941,Whole house or bungalow: Total,321,310,151,159,11,3,8
S01010941,Whole house or bungalow: Detached,79,78,44,34,1,0,1
S01010941,Whole house or bungalow: Semi-detached,186,184,88,96,2,0,2
S01010941,Whole house or bungalow: Terraced (including end-terrace),56,48,19,29,8,3,5
S01010941,Flat maisonette or apartment or mobile/temporary accommodation,2,1,1,0,1,1,0
S01010942,All households,268,261,141,120,7,1,6
S01010942,Whole house or bungalow: Total,263,257,140,117,6,1,5
S01010942,Whole house or bungalow: Detached,97,96,56,40,1,0,1
S01010942,Whole house or bungalow: Semi-detached,164,159,84,75,5,1,4
S01010942,Whole house or bungalow: Terraced (including end-terrace),2,2,0,2,0,0,0
S01010942,Flat maisonette or apartment or mobile/temporary accommodation,5,4,1,3,1,0,1
S01010943,All households,244,145,51,94,99,85,14
S01010943,Whole house or bungalow: Total,191,123,45,78,68,59,9
S01010943,Whole house or bungalow: Detached,7,5,2,3,2,1,1
S01010943,Whole house or bungalow: Semi-detached,60,36,13,23,24,18,6
S01010943,Whole house or bungalow: Terraced (including end-terrace),124,82,30,52,42,40,2
S01010943,Flat maisonette or apartment or mobile/temporary accommodation,53,22,6,16,31,26,5
S01010944,All households,295,127,54,73,168,138,30
S01010944,Whole house or bungalow: Total,154,64,27,37,90,83,7
S01010944,Whole house or bungalow: Detached,11,8,5,3,3,2,1
S01010944,Whole house or bungalow: Semi-detached,21,4,4,0,17,15,2
S01010944,Whole house or bungalow: Terraced (including end-terrace),122,52,18,34,70,66,4
S01010944,Flat maisonette or apartment or mobile/temporary accommodation,141,63,27,36,78,55,23
S01010945,All households,222,142,57,85,80,69,11
S01010945,Whole house or bungalow: Total,204,138,56,82,66,59,7
S01010945,Whole house or bungalow: Detached,12,8,2,6,4,3,1
S01010945,Whole house or bungalow: Semi-detached,23,15,4,11,8,6,2
S01010945,Whole house or bungalow: Terraced (including end-terrace),169,115,50,65,54,50,4
S01010945,Flat maisonette or apartment or mobile/temporary accommodation,18,4,1,3,14,10,4
S01010946,All households,344,195,68,127,149,128,21
S01010946,Whole house or bungalow: Total,331,186,65,121,145,124,21
S01010946,Whole house or bungalow: Detached,9,4,0,4,5,4,1
S01010946,Whole house or bungalow: Semi-detached,194,111,40,71,83,72,11
S01010946,Whole house or bungalow: Terraced (including end-terrace),128,71,25,46,57,48,9
S01010946,Flat maisonette or apartment or mobile/temporary accommodation,13,9,3,6,4,4,0
S01010947,All households,242,133,58,75,109,88,21
S01010947,Whole house or bungalow: Total,227,128,56,72,99,80,19
S01010947,Whole house or bungalow: Detached,25,18,10,8,7,5,2
S01010947,Whole house or bungalow: Semi-detached,29,15,5,10,14,10,4
S01010947,Whole house or bungalow: Terraced (including end-terrace),173,95,41,54,78,65,13
S01010947,Flat maisonette or apartment or mobile/temporary accommodation,15,5,2,3,10,8,2
S01010948,All households,288,172,61,111,116,107,9
S01010948,Whole house or bungalow: Total,262,167,60,107,95,86,9
S01010948,Whole house or bungalow: Detached,5,5,3,2,0,0,0
S01010948,Whole house or bungalow: Semi-detached,25,12,4,8,13,10,3
S01010948,Whole house or bungalow: Terraced (including end-terrace),232,150,53,97,82,76,6
S01010948,Flat maisonette or apartment or mobile/temporary accommodation,26,5,1,4,21,21,0
S01010949,All households,344,328,155,173,16,7,9
S01010949,Whole house or bungalow: Total,341,325,155,170,16,7,9
S01010949,Whole house or bungalow: Detached,114,112,68,44,2,0,2
S01010949,Whole house or bungalow: Semi-detached,216,209,85,124,7,2,5
S01010949,Whole house or bungalow: Terraced (including end-terrace),11,4,2,2,7,5,2
S01010949,Flat maisonette or apartment or mobile/temporary accommodation,3,3,0,3,0,0,0
S01010950,All households,380,271,141,130,109,88,21
S01010950,Whole house or bungalow: Total,324,242,132,110,82,66,16
S01010950,Whole house or bungalow: Detached,61,53,37,16,8,4,4
S01010950,Whole house or bungalow: Semi-detached,170,136,75,61,34,28,6
S01010950,Whole house or bungalow: Terraced (including end-terrace),93,53,20,33,40,34,6
S01010950,Flat maisonette or apartment or mobile/temporary accommodation,56,29,9,20,27,22,5
S01010951,All households,258,198,77,121,60,44,16
S01010951,Whole house or bungalow: Total,253,195,76,119,58,44,14
S01010951,Whole house or bungalow: Detached,4,3,1,2,1,1,0
S01010951,Whole house or bungalow: Semi-detached,68,48,20,28,20,15,5
S01010951,Whole house or bungalow: Terraced (including end-terrace),181,144,55,89,37,28,9
S01010951,Flat maisonette or apartment or mobile/temporary accommodation,5,3,1,2,2,0,2
S01010952,All households,199,153,35,118,46,34,12
S01010952,Whole house or bungalow: Total,191,146,33,113,45,34,11
S01010952,Whole house or bungalow: Detached,39,36,9,27,3,2,1
S01010952,Whole house or bungalow: Semi-detached,72,55,14,41,17,9,8
S01010952,Whole house or bungalow: Terraced (including end-terrace),80,55,10,45,25,23,2
S01010952,Flat maisonette or apartment or mobile/temporary accommodation,8,7,2,5,1,0,1
S01010953,All households,225,172,70,102,53,42,11
S01010953,Whole house or bungalow: Total,190,154,63,91,36,27,9
S01010953,Whole house or bungalow: Detached,33,31,12,19,2,1,1
S01010953,Whole house or bungalow: Semi-detached,94,76,31,45,18,15,3
S01010953,Whole house or bungalow: Terraced (including end-terrace),63,47,20,27,16,11,5
S01010953,Flat maisonette or apartment or mobile/temporary accommodation,35,18,7,11,17,15,2
S01010954,All households,206,183,89,94,23,11,12
S01010954,Whole house or bungalow: Total,198,182,89,93,16,4,12
S01010954,Whole house or bungalow: Detached,27,26,18,8,1,0,1
S01010954,Whole house or bungalow: Semi-detached,126,115,58,57,11,4,7
S01010954,Whole house or bungalow: Terraced (including end-terrace),45,41,13,28,4,0,4
S01010954,Flat maisonette or apartment or mobile/temporary accommodation,8,1,0,1,7,7,0
S01010955,All households,345,184,88,96,161,44,117
S01010955,Whole house or bungalow: Total,320,173,86,87,147,38,109
S01010955,Whole house or bungalow: Detached,133,109,60,49,24,1,23
S01010955,Whole house or bungalow: Semi-detached,137,44,19,25,93,13,80
S01010955,Whole house or bungalow: Terraced (including end-terrace),50,20,7,13,30,24,6
S01010955,Flat maisonette or apartment or mobile/temporary accommodation,25,11,2,9,14,6,8
S01010956,All households,304,202,89,113,102,28,74
S01010956,Whole house or bungalow: Total,236,165,79,86,71,9,62
S01010956,Whole house or bungalow: Detached,134,97,52,45,37,0,37
S01010956,Whole house or bungalow: Semi-detached,77,53,17,36,24,5,19
S01010956,Whole house or bungalow: Terraced (including end-terrace),25,15,10,5,10,4,6
S01010956,Flat maisonette or apartment or mobile/temporary accommodation,68,37,10,27,31,19,12
S01010957,All households,231,212,116,96,19,10,9
S01010957,Whole house or bungalow: Total,228,211,116,95,17,9,8
S01010957,Whole house or bungalow: Detached,74,72,44,28,2,1,1
S01010957,Whole house or bungalow: Semi-detached,131,123,64,59,8,1,7
S01010957,Whole house or bungalow: Terraced (including end-terrace),23,16,8,8,7,7,0
S01010957,Flat maisonette or apartment or mobile/temporary accommodation,3,1,0,1,2,1,1
S01010958,All households,224,164,93,71,60,42,18
S01010958,Whole house or bungalow: Total,202,148,85,63,54,40,14
S01010958,Whole house or bungalow: Detached,75,51,33,18,24,23,1
S01010958,Whole house or bungalow: Semi-detached,83,68,39,29,15,8,7
S01010958,Whole house or bungalow: Terraced (including end-terrace),44,29,13,16,15,9,6
S01010958,Flat maisonette or apartment or mobile/temporary accommodation,22,16,8,8,6,2,4
S01010959,All households,290,184,84,100,106,66,40
S01010959,Whole house or bungalow: Total,130,96,52,44,34,13,21
S01010959,Whole house or bungalow: Detached,39,32,19,13,7,2,5
S01010959,Whole house or bungalow: Semi-detached,54,41,26,15,13,7,6
S01010959,Whole house or bungalow: Terraced (including end-terrace),37,23,7,16,14,4,10
S01010959,Flat maisonette or apartment or mobile/temporary accommodation,160,88,32,56,72,53,19
S01010960,All households,441,267,106,161,174,116,58
S01010960,Whole house or bungalow: Total,349,223,90,133,126,85,41
S01010960,Whole house or bungalow: Detached,92,71,24,47,21,2,19
S01010960,Whole house or bungalow: Semi-detached,154,89,48,41,65,48,17
S01010960,Whole house or bungalow: Terraced (including end-terrace),103,63,18,45,40,35,5
S01010960,Flat maisonette or apartment or mobile/temporary accommodation,92,44,16,28,48,31,17
S01010961,All households,246,144,66,78,102,86,16
S01010961,Whole house or bungalow: Total,230,141,65,76,89,75,14
S01010961,Whole house or bungalow: Detached,24,22,11,11,2,2,0
S01010961,Whole house or bungalow: Semi-detached,94,65,33,32,29,23,6
S01010961,Whole house or bungalow: Terraced (including end-terrace),112,54,21,33,58,50,8
S01010961,Flat maisonette or apartment or mobile/temporary accommodation,16,3,1,2,13,11,2
S01010962,All households,314,298,251,47,16,3,13
S01010962,Whole house or bungalow: Total,59,52,29,23,7,2,5
S01010962,Whole house or bungalow: Detached,31,27,19,8,4,0,4
S01010962,Whole house or bungalow: Semi-detached,25,23,8,15,2,1,1
S01010962,Whole house or bungalow: Terraced (including end-terrace),3,2,2,0,1,1,0
S01010962,Flat maisonette or apartment or mobile/temporary accommodation,255,246,222,24,9,1,8
S01010963,All households,395,306,118,188,89,56,33
S01010963,Whole house or bungalow: Total,301,250,80,170,51,31,20
S01010963,Whole house or bungalow: Detached,108,104,30,74,4,0,4
S01010963,Whole house or bungalow: Semi-detached,86,68,20,48,18,16,2
S01010963,Whole house or bungalow: Terraced (including end-terrace),107,78,30,48,29,15,14
S01010963,Flat maisonette or apartment or mobile/temporary accommodation,94,56,38,18,38,25,13
S01010964,All households,216,177,91,86,39,31,8
S01010964,Whole house or bungalow: Total,210,173,89,84,37,29,8
S01010964,Whole house or bungalow: Detached,20,17,10,7,3,1,2
S01010964,Whole house or bungalow: Semi-detached,147,128,69,59,19,15,4
S01010964,Whole house or bungalow: Terraced (including end-terrace),43,28,10,18,15,13,2
S01010964,Flat maisonette or apartment or mobile/temporary accommodation,6,4,2,2,2,2,0
S01010965,All households,230,93,41,52,137,116,21
S01010965,Whole house or bungalow: Total,61,41,16,25,20,16,4
S01010965,Whole house or bungalow: Detached,13,10,4,6,3,1,2
S01010965,Whole house or bungalow: Semi-detached,29,22,11,11,7,6,1
S01010965,Whole house or bungalow: Terraced (including end-terrace),19,9,1,8,10,9,1
S01010965,Flat maisonette or apartment or mobile/temporary accommodation,169,52,25,27,117,100,17
S01010966,All households,309,202,81,121,107,79,28
S01010966,Whole house or bungalow: Total,159,117,58,59,42,37,5
S01010966,Whole house or bungalow: Detached,8,5,1,4,3,2,1
S01010966,Whole house or bungalow: Semi-detached,111,83,41,42,28,24,4
S01010966,Whole house or bungalow: Terraced (including end-terrace),40,29,16,13,11,11,0
S01010966,Flat maisonette or apartment or mobile/temporary accommodation,150,85,23,62,65,42,23
S01010967,All households,309,159,71,88,150,125,25
S01010967,Whole house or bungalow: Total,164,99,48,51,65,55,10
S01010967,Whole house or bungalow: Detached,7,6,3,3,1,1,0
S01010967,Whole house or bungalow: Semi-detached,79,45,26,19,34,30,4
S01010967,Whole house or bungalow: Terraced (including end-terrace),78,48,19,29,30,24,6
S01010967,Flat maisonette or apartment or mobile/temporary accommodation,145,60,23,37,85,70,15
S01010968,All households,316,249,141,108,67,31,36
S01010968,Whole house or bungalow: Total,245,214,133,81,31,19,12
S01010968,Whole house or bungalow: Detached,37,34,26,8,3,1,2
S01010968,Whole house or bungalow: Semi-detached,149,138,85,53,11,6,5
S01010968,Whole house or bungalow: Terraced (including end-terrace),59,42,22,20,17,12,5
S01010968,Flat maisonette or apartment or mobile/temporary accommodation,71,35,8,27,36,12,24
S01010969,All households,264,213,120,93,51,37,14
S01010969,Whole house or bungalow: Total,208,194,116,78,14,1,13
S01010969,Whole house or bungalow: Detached,61,59,31,28,2,0,2
S01010969,Whole house or bungalow: Semi-detached,121,114,73,41,7,1,6
S01010969,Whole house or bungalow: Terraced (including end-terrace),26,21,12,9,5,0,5
S01010969,Flat maisonette or apartment or mobile/temporary accommodation,56,19,4,15,37,36,1
S01010970,All households,428,297,139,158,131,89,42
S01010970,Whole house or bungalow: Total,309,239,117,122,70,40,30
S01010970,Whole house or bungalow: Detached,83,73,38,35,10,1,9
S01010970,Whole house or bungalow: Semi-detached,97,65,35,30,32,23,9
S01010970,Whole house or bungalow: Terraced (including end-terrace),129,101,44,57,28,16,12
S01010970,Flat maisonette or apartment or mobile/temporary accommodation,119,58,22,36,61,49,12
S01010971,All households,401,328,132,196,73,38,35
S01010971,Whole house or bungalow: Total,375,308,125,183,67,35,32
S01010971,Whole house or bungalow: Detached,111,106,53,53,5,0,5
S01010971,Whole house or bungalow: Semi-detached,172,151,61,90,21,11,10
S01010971,Whole house or bungalow: Terraced (including end-terrace),92,51,11,40,41,24,17
S01010971,Flat maisonette or apartment or mobile/temporary accommodation,26,20,7,13,6,3,3
S01010972,All households,333,147,64,83,186,166,20
S01010972,Whole house or bungalow: Total,277,147,64,83,130,111,19
S01010972,Whole house or bungalow: Detached,9,5,3,2,4,4,0
S01010972,Whole house or bungalow: Semi-detached,71,28,12,16,43,38,5
S01010972,Whole house or bungalow: Terraced (including end-terrace),197,114,49,65,83,69,14
S01010972,Flat maisonette or apartment or mobile/temporary accommodation,56,0,0,0,56,55,1
S01010973,All households,205,167,92,75,38,27,11
S01010973,Whole house or bungalow: Total,203,165,91,74,38,27,11
S01010973,Whole house or bungalow: Detached,2,1,1,0,1,1,0
S01010973,Whole house or bungalow: Semi-detached,36,31,14,17,5,3,2
S01010973,Whole house or bungalow: Terraced (including end-terrace),165,133,76,57,32,23,9
S01010973,Flat maisonette or apartment or mobile/temporary accommodation,2,2,1,1,0,0,0
S01010974,All households,298,159,66,93,139,131,8
S01010974,Whole house or bungalow: Total,286,157,65,92,129,121,8
S01010974,Whole house or bungalow: Detached,6,5,2,3,1,1,0
S01010974,Whole house or bungalow: Semi-detached,98,51,23,28,47,44,3
S01010974,Whole house or bungalow: Terraced (including end-terrace),182,101,40,61,81,76,5
S01010974,Flat maisonette or apartment or mobile/temporary accommodation,12,2,1,1,10,10,0
S01010975,All households,195,80,29,51,115,101,14
S01010975,Whole house or bungalow: Total,148,68,23,45,80,69,11
S01010975,Whole house or bungalow: Detached,6,3,0,3,3,2,1
S01010975,Whole house or bungalow: Semi-detached,53,29,11,18,24,19,5
S01010975,Whole house or bungalow: Terraced (including end-terrace),89,36,12,24,53,48,5
S01010975,Flat maisonette or apartment or mobile/temporary accommodation,47,12,6,6,35,32,3
S01010976,All households,211,129,42,87,82,71,11
S01010976,Whole house or bungalow: Total,200,123,41,82,77,68,9
S01010976,Whole house or bungalow: Detached,12,11,2,9,1,1,0
S01010976,Whole house or bungalow: Semi-detached,137,83,30,53,54,46,8
S01010976,Whole house or bungalow: Terraced (including end-terrace),51,29,9,20,22,21,1
S01010976,Flat maisonette or apartment or mobile/temporary accommodation,11,6,1,5,5,3,2
S01010977,All households,312,214,72,142,98,75,23
S01010977,Whole house or bungalow: Total,281,194,67,127,87,72,15
S01010977,Whole house or bungalow: Detached,62,54,18,36,8,7,1
S01010977,Whole house or bungalow: Semi-detached,88,49,16,33,39,37,2
S01010977,Whole house or bungalow: Terraced (including end-terrace),131,91,33,58,40,28,12
S01010977,Flat maisonette or apartment or mobile/temporary accommodation,31,20,5,15,11,3,8
S01010978,All households,354,166,62,104,188,141,47
S01010978,Whole house or bungalow: Total,199,115,38,77,84,69,15
S01010978,Whole house or bungalow: Detached,25,17,8,9,8,4,4
S01010978,Whole house or bungalow: Semi-detached,76,42,13,29,34,29,5
S01010978,Whole house or bungalow: Terraced (including end-terrace),98,56,17,39,42,36,6
S01010978,Flat maisonette or apartment or mobile/temporary accommodation,155,51,24,27,104,72,32
S01010979,All households,324,187,70,117,137,117,20
S01010979,Whole house or bungalow: Total,259,157,61,96,102,87,15
S01010979,Whole house or bungalow: Detached,8,6,3,3,2,2,0
S01010979,Whole house or bungalow: Semi-detached,110,65,26,39,45,38,7
S01010979,Whole house or bungalow: Terraced (including end-terrace),141,86,32,54,55,47,8
S01010979,Flat maisonette or apartment or mobile/temporary accommodation,65,30,9,21,35,30,5
S01010980,All households,348,197,85,112,151,113,38
S01010980,Whole house or bungalow: Total,255,175,81,94,80,63,17
S01010980,Whole house or bungalow: Detached,30,27,12,15,3,2,1
S01010980,Whole house or bungalow: Semi-detached,108,70,34,36,38,33,5
S01010980,Whole house or bungalow: Terraced (including end-terrace),117,78,35,43,39,28,11
S01010980,Flat maisonette or apartment or mobile/temporary accommodation,93,22,4,18,71,50,21
S01010981,All households,330,177,86,91,153,120,33
S01010981,Whole house or bungalow: Total,188,138,71,67,50,37,13
S01010981,Whole house or bungalow: Detached,33,29,11,18,4,1,3
S01010981,Whole house or bungalow: Semi-detached,114,87,48,39,27,20,7
S01010981,Whole house or bungalow: Terraced (including end-terrace),41,22,12,10,19,16,3
S01010981,Flat maisonette or apartment or mobile/temporary accommodation,142,39,15,24,103,83,20
S01010982,All households,447,368,185,183,79,33,46
S01010982,Whole house or bungalow: Total,352,322,169,153,30,16,14
S01010982,Whole house or bungalow: Detached,236,227,122,105,9,1,8
S01010982,Whole house or bungalow: Semi-detached,78,66,36,30,12,10,2
S01010982,Whole house or bungalow: Terraced (including end-terrace),38,29,11,18,9,5,4
S01010982,Flat maisonette or apartment or mobile/temporary accommodation,95,46,16,30,49,17,32
S01010983,All households,388,264,133,131,124,79,45
S01010983,Whole house or bungalow: Total,274,207,115,92,67,44,23
S01010983,Whole house or bungalow: Detached,46,42,26,16,4,2,2
S01010983,Whole house or bungalow: Semi-detached,176,128,69,59,48,33,15
S01010983,Whole house or bungalow: Terraced (including end-terrace),52,37,20,17,15,9,6
S01010983,Flat maisonette or apartment or mobile/temporary accommodation,114,57,18,39,57,35,22
S01010984,All households,300,258,162,96,42,33,9
S01010984,Whole house or bungalow: Total,265,239,153,86,26,21,5
S01010984,Whole house or bungalow: Detached,148,144,109,35,4,0,4
S01010984,Whole house or bungalow: Semi-detached,97,82,36,46,15,14,1
S01010984,Whole house or bungalow: Terraced (including end-terrace),20,13,8,5,7,7,0
S01010984,Flat maisonette or apartment or mobile/temporary accommodation,35,19,9,10,16,12,4
S01010985,All households,244,159,65,94,85,60,25
S01010985,Whole house or bungalow: Total,146,113,43,70,33,25,8
S01010985,Whole house or bungalow: Detached,10,9,2,7,1,0,1
S01010985,Whole house or bungalow: Semi-detached,109,84,33,51,25,20,5
S01010985,Whole house or bungalow: Terraced (including end-terrace),27,20,8,12,7,5,2
S01010985,Flat maisonette or apartment or mobile/temporary accommodation,98,46,22,24,52,35,17
S01010986,All households,179,171,38,133,8,3,5
S01010986,Whole house or bungalow: Total,176,171,38,133,5,0,5
S01010986,Whole house or bungalow: Detached,87,86,15,71,1,0,1
S01010986,Whole house or bungalow: Semi-detached,18,17,2,15,1,0,1
S01010986,Whole house or bungalow: Terraced (including end-terrace),71,68,21,47,3,0,3
S01010986,Flat maisonette or apartment or mobile/temporary accommodation,3,0,0,0,3,3,0
S01010987,All households,219,208,56,152,11,3,8
S01010987,Whole house or bungalow: Total,215,207,56,151,8,2,6
S01010987,Whole house or bungalow: Detached,191,188,47,141,3,0,3
S01010987,Whole house or bungalow: Semi-detached,8,6,2,4,2,1,1
S01010987,Whole house or bungalow: Terraced (including end-terrace),16,13,7,6,3,1,2
S01010987,Flat maisonette or apartment or mobile/temporary accommodation,4,1,0,1,3,1,2
S01010988,All households,205,197,44,153,8,4,4
S01010988,Whole house or bungalow: Total,203,197,44,153,6,3,3
S01010988,Whole house or bungalow: Detached,135,133,32,101,2,0,2
S01010988,Whole house or bungalow: Semi-detached,45,43,6,37,2,1,1
S01010988,Whole house or bungalow: Terraced (including end-terrace),23,21,6,15,2,2,0
S01010988,Flat maisonette or apartment or mobile/temporary accommodation,2,0,0,0,2,1,1
S01010989,All households,357,326,31,295,31,5,26
S01010989,Whole house or bungalow: Total,267,258,23,235,9,2,7
S01010989,Whole house or bungalow: Detached,91,90,8,82,1,0,1
S01010989,Whole house or bungalow: Semi-detached,37,33,3,30,4,2,2
S01010989,Whole house or bungalow: Terraced (including end-terrace),139,135,12,123,4,0,4
S01010989,Flat maisonette or apartment or mobile/temporary accommodation,90,68,8,60,22,3,19
S01010990,All households,319,215,92,123,104,73,31
S01010990,Whole house or bungalow: Total,299,206,89,117,93,64,29
S01010990,Whole house or bungalow: Detached,12,8,5,3,4,3,1
S01010990,Whole house or bungalow: Semi-detached,78,52,20,32,26,15,11
S01010990,Whole house or bungalow: Terraced (including end-terrace),209,146,64,82,63,46,17
S01010990,Flat maisonette or apartment or mobile/temporary accommodation,20,9,3,6,11,9,2
S01010991,All households,198,157,63,94,41,23,18
S01010991,Whole house or bungalow: Total,190,152,63,89,38,21,17
S01010991,Whole house or bungalow: Detached,41,36,12,24,5,0,5
S01010991,Whole house or bungalow: Semi-detached,89,74,37,37,15,5,10
S01010991,Whole house or bungalow: Terraced (including end-terrace),60,42,14,28,18,16,2
S01010991,Flat maisonette or apartment or mobile/temporary accommodation,8,5,0,5,3,2,1
S01010992,All households,184,166,25,141,18,6,12
S01010992,Whole house or bungalow: Total,177,162,24,138,15,4,11
S01010992,Whole house or bungalow: Detached,151,142,21,121,9,1,8
S01010992,Whole house or bungalow: Semi-detached,10,6,2,4,4,3,1
S01010992,Whole house or bungalow: Terraced (including end-terrace),16,14,1,13,2,0,2
S01010992,Flat maisonette or apartment or mobile/temporary accommodation,7,4,1,3,3,2,1
S01010993,All households,252,208,70,138,44,34,10
S01010993,Whole house or bungalow: Total,235,200,66,134,35,28,7
S01010993,Whole house or bungalow: Detached,138,135,47,88,3,2,1
S01010993,Whole house or bungalow: Semi-detached,88,58,17,41,30,24,6
S01010993,Whole house or bungalow: Terraced (including end-terrace),9,7,2,5,2,2,0
S01010993,Flat maisonette or apartment or mobile/temporary accommodation,17,8,4,4,9,6,3
S01010994,All households,390,350,148,202,40,9,31
S01010994,Whole house or bungalow: Total,325,313,131,182,12,4,8
S01010994,Whole house or bungalow: Detached,168,164,78,86,4,0,4
S01010994,Whole house or bungalow: Semi-detached,112,106,44,62,6,3,3
S01010994,Whole house or bungalow: Terraced (including end-terrace),45,43,9,34,2,1,1
S01010994,Flat maisonette or apartment or mobile/temporary accommodation,65,37,17,20,28,5,23
S01010995,All households,290,271,136,135,19,7,12
S01010995,Whole house or bungalow: Total,286,270,136,134,16,6,10
S01010995,Whole house or bungalow: Detached,77,75,41,34,2,0,2
S01010995,Whole house or bungalow: Semi-detached,167,160,83,77,7,2,5
S01010995,Whole house or bungalow: Terraced (including end-terrace),42,35,12,23,7,4,3
S01010995,Flat maisonette or apartment or mobile/temporary accommodation,4,1,0,1,3,1,2
S01010996,All households,235,212,87,125,23,6,17
S01010996,Whole house or bungalow: Total,184,170,75,95,14,6,8
S01010996,Whole house or bungalow: Detached,80,78,32,46,2,0,2
S01010996,Whole house or bungalow: Semi-detached,75,69,32,37,6,4,2
S01010996,Whole house or bungalow: Terraced (including end-terrace),29,23,11,12,6,2,4
S01010996,Flat maisonette or apartment or mobile/temporary accommodation,51,42,12,30,9,0,9
S01010997,All households,290,271,174,97,19,7,12
S01010997,Whole house or bungalow: Total,277,266,174,92,11,6,5
S01010997,Whole house or bungalow: Detached,187,185,127,58,2,0,2
S01010997,Whole house or bungalow: Semi-detached,88,80,47,33,8,5,3
S01010997,Whole house or bungalow: Terraced (including end-terrace),2,1,0,1,1,1,0
S01010997,Flat maisonette or apartment or mobile/temporary accommodation,13,5,0,5,8,1,7
S01010998,All households,216,201,100,101,15,2,13
S01010998,Whole house or bungalow: Total,187,177,91,86,10,2,8
S01010998,Whole house or bungalow: Detached,113,111,58,53,2,0,2
S01010998,Whole house or bungalow: Semi-detached,58,56,31,25,2,0,2
S01010998,Whole house or bungalow: Terraced (including end-terrace),16,10,2,8,6,2,4
S01010998,Flat maisonette or apartment or mobile/temporary accommodation,29,24,9,15,5,0,5
S01010999,All households,412,297,168,129,115,72,43
S01010999,Whole house or bungalow: Total,255,235,134,101,20,5,15
S01010999,Whole house or bungalow: Detached,155,151,104,47,4,2,2
S01010999,Whole house or bungalow: Semi-detached,38,31,10,21,7,1,6
S01010999,Whole house or bungalow: Terraced (including end-terrace),62,53,20,33,9,2,7
S01010999,Flat maisonette or apartment or mobile/temporary accommodation,157,62,34,28,95,67,28
S01011000,All households,345,247,119,128,98,56,42
S01011000,Whole house or bungalow: Total,232,182,89,93,50,17,33
S01011000,Whole house or bungalow: Detached,116,104,56,48,12,1,11
S01011000,Whole house or bungalow: Semi-detached,61,43,18,25,18,5,13
S01011000,Whole house or bungalow: Terraced (including end-terrace),55,35,15,20,20,11,9
S01011000,Flat maisonette or apartment or mobile/temporary accommodation,113,65,30,35,48,39,9
S01011001,All households,273,175,70,105,98,81,17
S01011001,Whole house or bungalow: Total,247,164,68,96,83,70,13
S01011001,Whole house or bungalow: Detached,9,7,2,5,2,1,1
S01011001,Whole house or bungalow: Semi-detached,59,26,10,16,33,28,5
S01011001,Whole house or bungalow: Terraced (including end-terrace),179,131,56,75,48,41,7
S01011001,Flat maisonette or apartment or mobile/temporary accommodation,26,11,2,9,15,11,4
S01011002,All households,314,178,75,103,136,116,20
S01011002,Whole house or bungalow: Total,236,137,58,79,99,86,13
S01011002,Whole house or bungalow: Detached,10,5,2,3,5,2,3
S01011002,Whole house or bungalow: Semi-detached,122,81,33,48,41,33,8
S01011002,Whole house or bungalow: Terraced (including end-terrace),104,51,23,28,53,51,2
S01011002,Flat maisonette or apartment or mobile/temporary accommodation,78,41,17,24,37,30,7
S01011003,All households,280,173,73,100,107,90,17
S01011003,Whole house or bungalow: Total,202,129,55,74,73,60,13
S01011003,Whole house or bungalow: Detached,6,4,2,2,2,0,2
S01011003,Whole house or bungalow: Semi-detached,82,48,21,27,34,27,7
S01011003,Whole house or bungalow: Terraced (including end-terrace),114,77,32,45,37,33,4
S01011003,Flat maisonette or apartment or mobile/temporary accommodation,78,44,18,26,34,30,4
S01011004,All households,249,201,56,145,48,37,11
S01011004,Whole house or bungalow: Total,244,200,56,144,44,35,9
S01011004,Whole house or bungalow: Detached,86,81,24,57,5,3,2
S01011004,Whole house or bungalow: Semi-detached,63,46,13,33,17,11,6
S01011004,Whole house or bungalow: Terraced (including end-terrace),95,73,19,54,22,21,1
S01011004,Flat maisonette or apartment or mobile/temporary accommodation,5,1,0,1,4,2,2
S01011005,All households,337,174,76,98,163,125,38
S01011005,Whole house or bungalow: Total,128,76,44,32,52,40,12
S01011005,Whole house or bungalow: Detached,12,9,6,3,3,1,2
S01011005,Whole house or bungalow: Semi-detached,45,24,11,13,21,14,7
S01011005,Whole house or bungalow: Terraced (including end-terrace),71,43,27,16,28,25,3
S01011005,Flat maisonette or apartment or mobile/temporary accommodation,209,98,32,66,111,85,26
S01011006,All households,422,280,84,196,142,99,43
S01011006,Whole house or bungalow: Total,325,228,71,157,97,76,21
S01011006,Whole house or bungalow: Detached,73,66,19,47,7,4,3
S01011006,Whole house or bungalow: Semi-detached,112,63,20,43,49,40,9
S01011006,Whole house or bungalow: Terraced (including end-terrace),140,99,32,67,41,32,9
S01011006,Flat maisonette or apartment or mobile/temporary accommodation,97,52,13,39,45,23,22
S01011007,All households,280,130,51,79,150,130,20
S01011007,Whole house or bungalow: Total,275,130,51,79,145,125,20
S01011007,Whole house or bungalow: Detached,7,3,1,2,4,2,2
S01011007,Whole house or bungalow: Semi-detached,103,48,23,25,55,45,10
S01011007,Whole house or bungalow: Terraced (including end-terrace),165,79,27,52,86,78,8
S01011007,Flat maisonette or apartment or mobile/temporary accommodation,5,0,0,0,5,5,0
S01011008,All households,332,199,90,109,133,119,14
S01011008,Whole house or bungalow: Total,247,157,73,84,90,82,8
S01011008,Whole house or bungalow: Detached,8,4,1,3,4,4,0
S01011008,Whole house or bungalow: Semi-detached,96,61,27,34,35,31,4
S01011008,Whole house or bungalow: Terraced (including end-terrace),143,92,45,47,51,47,4
S01011008,Flat maisonette or apartment or mobile/temporary accommodation,85,42,17,25,43,37,6
S01011009,All households,222,107,28,79,115,107,8
S01011009,Whole house or bungalow: Total,182,99,26,73,83,75,8
S01011009,Whole house or bungalow: Detached,11,5,2,3,6,4,2
S01011009,Whole house or bungalow: Semi-detached,48,20,4,16,28,26,2
S01011009,Whole house or bungalow: Terraced (including end-terrace),123,74,20,54,49,45,4
S01011009,Flat maisonette or apartment or mobile/temporary accommodation,40,8,2,6,32,32,0
S01011010,All households,335,151,75,76,184,102,82
S01011010,Whole house or bungalow: Total,55,28,17,11,27,15,12
S01011010,Whole house or bungalow: Detached,8,4,4,0,4,3,1
S01011010,Whole house or bungalow: Semi-detached,21,10,5,5,11,5,6
S01011010,Whole house or bungalow: Terraced (including end-terrace),26,14,8,6,12,7,5
S01011010,Flat maisonette or apartment or mobile/temporary accommodation,280,123,58,65,157,87,70
S01011011,All households,435,133,53,80,302,244,58
S01011011,Whole house or bungalow: Total,78,42,20,22,36,33,3
S01011011,Whole house or bungalow: Detached,12,9,5,4,3,3,0
S01011011,Whole house or bungalow: Semi-detached,49,25,13,12,24,22,2
S01011011,Whole house or bungalow: Terraced (including end-terrace),17,8,2,6,9,8,1
S01011011,Flat maisonette or apartment or mobile/temporary accommodation,357,91,33,58,266,211,55
S01011012,All households,313,80,32,48,233,217,16
S01011012,Whole house or bungalow: Total,83,32,12,20,51,46,5
S01011012,Whole house or bungalow: Detached,8,5,1,4,3,2,1
S01011012,Whole house or bungalow: Semi-detached,21,4,2,2,17,16,1
S01011012,Whole house or bungalow: Terraced (including end-terrace),54,23,9,14,31,28,3
S01011012,Flat maisonette or apartment or mobile/temporary accommodation,230,48,20,28,182,171,11
S01011013,All households,375,221,103,118,154,135,19
S01011013,Whole house or bungalow: Total,354,211,97,114,143,126,17
S01011013,Whole house or bungalow: Detached,18,12,5,7,6,2,4
S01011013,Whole house or bungalow: Semi-detached,103,57,28,29,46,43,3
S01011013,Whole house or bungalow: Terraced (including end-terrace),233,142,64,78,91,81,10
S01011013,Flat maisonette or apartment or mobile/temporary accommodation,21,10,6,4,11,9,2
S01011014,All households,364,242,104,138,122,93,29
S01011014,Whole house or bungalow: Total,254,209,90,119,45,31,14
S01011014,Whole house or bungalow: Detached,49,45,17,28,4,2,2
S01011014,Whole house or bungalow: Semi-detached,98,90,39,51,8,5,3
S01011014,Whole house or bungalow: Terraced (including end-terrace),107,74,34,40,33,24,9
S01011014,Flat maisonette or apartment or mobile/temporary accommodation,110,33,14,19,77,62,15
S01011015,All households,200,117,54,63,83,76,7
S01011015,Whole house or bungalow: Total,155,114,53,61,41,36,5
S01011015,Whole house or bungalow: Detached,22,17,7,10,5,4,1
S01011015,Whole house or bungalow: Semi-detached,49,40,19,21,9,7,2
S01011015,Whole house or bungalow: Terraced (including end-terrace),84,57,27,30,27,25,2
S01011015,Flat maisonette or apartment or mobile/temporary accommodation,45,3,1,2,42,40,2
S01011016,All households,311,239,28,211,72,56,16
S01011016,Whole house or bungalow: Total,252,227,26,201,25,10,15
S01011016,Whole house or bungalow: Detached,156,149,16,133,7,1,6
S01011016,Whole house or bungalow: Semi-detached,44,35,4,31,9,3,6
S01011016,Whole house or bungalow: Terraced (including end-terrace),52,43,6,37,9,6,3
S01011016,Flat maisonette or apartment or mobile/temporary accommodation,59,12,2,10,47,46,1
S01011017,All households,352,257,147,110,95,23,72
S01011017,Whole house or bungalow: Total,340,252,144,108,88,20,68
S01011017,Whole house or bungalow: Detached,199,161,95,66,38,0,38
S01011017,Whole house or bungalow: Semi-detached,96,62,35,27,34,13,21
S01011017,Whole house or bungalow: Terraced (including end-terrace),45,29,14,15,16,7,9
S01011017,Flat maisonette or apartment or mobile/temporary accommodation,12,5,3,2,7,3,4
S01011018,All households,366,201,87,114,165,132,33
S01011018,Whole house or bungalow: Total,325,187,77,110,138,110,28
S01011018,Whole house or bungalow: Detached,46,37,12,25,9,3,6
S01011018,Whole house or bungalow: Semi-detached,151,80,38,42,71,60,11
S01011018,Whole house or bungalow: Terraced (including end-terrace),128,70,27,43,58,47,11
S01011018,Flat maisonette or apartment or mobile/temporary accommodation,41,14,10,4,27,22,5
S01011019,All households,408,228,108,120,180,93,87
S01011019,Whole house or bungalow: Total,363,219,106,113,144,60,84
S01011019,Whole house or bungalow: Detached,187,140,72,68,47,4,43
S01011019,Whole house or bungalow: Semi-detached,95,45,18,27,50,31,19
S01011019,Whole house or bungalow: Terraced (including end-terrace),81,34,16,18,47,25,22
S01011019,Flat maisonette or apartment or mobile/temporary accommodation,45,9,2,7,36,33,3
S01011020,All households,202,166,59,107,36,13,23
S01011020,Whole house or bungalow: Total,190,161,59,102,29,10,19
S01011020,Whole house or bungalow: Detached,91,83,30,53,8,0,8
S01011020,Whole house or bungalow: Semi-detached,72,59,21,38,13,6,7
S01011020,Whole house or bungalow: Terraced (including end-terrace),27,19,8,11,8,4,4
S01011020,Flat maisonette or apartment or mobile/temporary accommodation,12,5,0,5,7,3,4
S01011021,All households,351,223,95,128,128,108,20
S01011021,Whole house or bungalow: Total,341,221,95,126,120,105,15
S01011021,Whole house or bungalow: Detached,47,25,13,12,22,15,7
S01011021,Whole house or bungalow: Semi-detached,210,137,65,72,73,67,6
S01011021,Whole house or bungalow: Terraced (including end-terrace),84,59,17,42,25,23,2
S01011021,Flat maisonette or apartment or mobile/temporary accommodation,10,2,0,2,8,3,5
S01011022,All households,233,118,46,72,115,105,10
S01011022,Whole house or bungalow: Total,198,113,45,68,85,77,8
S01011022,Whole house or bungalow: Detached,7,4,2,2,3,3,0
S01011022,Whole house or bungalow: Semi-detached,58,31,16,15,27,25,2
S01011022,Whole house or bungalow: Terraced (including end-terrace),133,78,27,51,55,49,6
S01011022,Flat maisonette or apartment or mobile/temporary accommodation,35,5,1,4,30,28,2
S01011023,All households,350,233,83,150,117,93,24
S01011023,Whole house or bungalow: Total,281,214,77,137,67,52,15
S01011023,Whole house or bungalow: Detached,59,52,14,38,7,5,2
S01011023,Whole house or bungalow: Semi-detached,149,120,44,76,29,21,8
S01011023,Whole house or bungalow: Terraced (including end-terrace),73,42,19,23,31,26,5
S01011023,Flat maisonette or apartment or mobile/temporary accommodation,69,19,6,13,50,41,9
S01011024,All households,302,129,48,81,173,154,19
S01011024,Whole house or bungalow: Total,246,121,47,74,125,108,17
S01011024,Whole house or bungalow: Detached,11,2,2,0,9,7,2
S01011024,Whole house or bungalow: Semi-detached,91,45,17,28,46,39,7
S01011024,Whole house or bungalow: Terraced (including end-terrace),144,74,28,46,70,62,8
S01011024,Flat maisonette or apartment or mobile/temporary accommodation,56,8,1,7,48,46,2
S01011025,All households,276,105,27,78,171,155,16
S01011025,Whole house or bungalow: Total,258,103,27,76,155,141,14
S01011025,Whole house or bungalow: Detached,11,5,0,5,6,6,0
S01011025,Whole house or bungalow: Semi-detached,40,13,1,12,27,25,2
S01011025,Whole house or bungalow: Terraced (including end-terrace),207,85,26,59,122,110,12
S01011025,Flat maisonette or apartment or mobile/temporary accommodation,18,2,0,2,16,14,2
S01011026,All households,235,91,27,64,144,137,7
S01011026,Whole house or bungalow: Total,232,91,27,64,141,134,7
S01011026,Whole house or bungalow: Detached,5,2,0,2,3,3,0
S01011026,Whole house or bungalow: Semi-detached,43,13,3,10,30,28,2
S01011026,Whole house or bungalow: Terraced (including end-terrace),184,76,24,52,108,103,5
S01011026,Flat maisonette or apartment or mobile/temporary accommodation,3,0,0,0,3,3,0
S01011027,All households,418,139,45,94,279,259,20
S01011027,Whole house or bungalow: Total,253,124,43,81,129,116,13
S01011027,Whole house or bungalow: Detached,12,5,0,5,7,7,0
S01011027,Whole house or bungalow: Semi-detached,78,39,14,25,39,34,5
S01011027,Whole house or bungalow: Terraced (including end-terrace),163,80,29,51,83,75,8
S01011027,Flat maisonette or apartment or mobile/temporary accommodation,165,15,2,13,150,143,7
S01011028,All households,425,177,87,90,248,230,18
S01011028,Whole house or bungalow: Total,320,172,84,88,148,132,16
S01011028,Whole house or bungalow: Detached,17,6,3,3,11,11,0
S01011028,Whole house or bungalow: Semi-detached,103,38,23,15,65,58,7
S01011028,Whole house or bungalow: Terraced (including end-terrace),200,128,58,70,72,63,9
S01011028,Flat maisonette or apartment or mobile/temporary accommodation,105,5,3,2,100,98,2
S01011029,All households,264,151,56,95,113,98,15
S01011029,Whole house or bungalow: Total,196,137,55,82,59,48,11
S01011029,Whole house or bungalow: Detached,5,2,0,2,3,3,0
S01011029,Whole house or bungalow: Semi-detached,31,18,7,11,13,11,2
S01011029,Whole house or bungalow: Terraced (including end-terrace),160,117,48,69,43,34,9
S01011029,Flat maisonette or apartment or mobile/temporary accommodation,68,14,1,13,54,50,4
S01011030,All households,369,306,107,199,63,45,18
S01011030,Whole house or bungalow: Total,319,277,100,177,42,28,14
S01011030,Whole house or bungalow: Detached,66,62,22,40,4,1,3
S01011030,Whole house or bungalow: Semi-detached,112,100,28,72,12,7,5
S01011030,Whole house or bungalow: Terraced (including end-terrace),141,115,50,65,26,20,6
S01011030,Flat maisonette or apartment or mobile/temporary accommodation,50,29,7,22,21,17,4
S01011031,All households,320,145,69,76,175,157,18
S01011031,Whole house or bungalow: Total,214,106,51,55,108,93,15
S01011031,Whole house or bungalow: Detached,63,24,11,13,39,31,8
S01011031,Whole house or bungalow: Semi-detached,61,35,17,18,26,21,5
S01011031,Whole house or bungalow: Terraced (including end-terrace),90,47,23,24,43,41,2
S01011031,Flat maisonette or apartment or mobile/temporary accommodation,106,39,18,21,67,64,3
S01011032,All households,353,198,91,107,155,114,41
S01011032,Whole house or bungalow: Total,133,90,42,48,43,35,8
S01011032,Whole house or bungalow: Detached,14,11,5,6,3,1,2
S01011032,Whole house or bungalow: Semi-detached,78,51,29,22,27,23,4
S01011032,Whole house or bungalow: Terraced (including end-terrace),41,28,8,20,13,11,2
S01011032,Flat maisonette or apartment or mobile/temporary accommodation,220,108,49,59,112,79,33
S01011033,All households,275,199,69,130,76,57,19
S01011033,Whole house or bungalow: Total,271,198,69,129,73,55,18
S01011033,Whole house or bungalow: Detached,7,2,0,2,5,4,1
S01011033,Whole house or bungalow: Semi-detached,159,117,44,73,42,28,14
S01011033,Whole house or bungalow: Terraced (including end-terrace),105,79,25,54,26,23,3
S01011033,Flat maisonette or apartment or mobile/temporary accommodation,4,1,0,1,3,2,1
S01011034,All households,331,166,59,107,165,136,29
S01011034,Whole house or bungalow: Total,285,161,56,105,124,101,23
S01011034,Whole house or bungalow: Detached,13,6,1,5,7,5,2
S01011034,Whole house or bungalow: Semi-detached,82,57,28,29,25,17,8
S01011034,Whole house or bungalow: Terraced (including end-terrace),190,98,27,71,92,79,13
S01011034,Flat maisonette or apartment or mobile/temporary accommodation,46,5,3,2,41,35,6
S01011035,All households,252,117,24,93,135,121,14
S01011035,Whole house or bungalow: Total,249,116,24,92,133,119,14
S01011035,Whole house or bungalow: Detached,18,5,0,5,13,9,4
S01011035,Whole house or bungalow: Semi-detached,55,36,11,25,19,16,3
S01011035,Whole house or bungalow: Terraced (including end-terrace),176,75,13,62,101,94,7
S01011035,Flat maisonette or apartment or mobile/temporary accommodation,3,1,0,1,2,2,0
S01011036,All households,285,190,71,119,95,64,31
S01011036,Whole house or bungalow: Total,220,151,59,92,69,62,7
S01011036,Whole house or bungalow: Detached,113,106,42,64,7,3,4
S01011036,Whole house or bungalow: Semi-detached,46,24,8,16,22,21,1
S01011036,Whole house or bungalow: Terraced (including end-terrace),61,21,9,12,40,38,2
S01011036,Flat maisonette or apartment or mobile/temporary accommodation,65,39,12,27,26,2,24
S01011037,All households,409,192,61,131,217,173,44
S01011037,Whole house or bungalow: Total,194,108,39,69,86,77,9
S01011037,Whole house or bungalow: Detached,30,21,7,14,9,7,2
S01011037,Whole house or bungalow: Semi-detached,70,34,14,20,36,31,5
S01011037,Whole house or bungalow: Terraced (including end-terrace),94,53,18,35,41,39,2
S01011037,Flat maisonette or apartment or mobile/temporary accommodation,215,84,22,62,131,96,35
S01011038,All households,337,105,44,61,232,218,14
S01011038,Whole house or bungalow: Total,222,72,35,37,150,139,11
S01011038,Whole house or bungalow: Detached,20,9,5,4,11,7,4
S01011038,Whole house or bungalow: Semi-detached,138,32,13,19,106,104,2
S01011038,Whole house or bungalow: Terraced (including end-terrace),64,31,17,14,33,28,5
S01011038,Flat maisonette or apartment or mobile/temporary accommodation,115,33,9,24,82,79,3
S01011039,All households,392,203,54,149,189,142,47
S01011039,Whole house or bungalow: Total,236,151,43,108,85,66,19
S01011039,Whole house or bungalow: Detached,49,45,18,27,4,2,2
S01011039,Whole house or bungalow: Semi-detached,122,54,16,38,68,58,10
S01011039,Whole house or bungalow: Terraced (including end-terrace),65,52,9,43,13,6,7
S01011039,Flat maisonette or apartment or mobile/temporary accommodation,156,52,11,41,104,76,28
S01011040,All households,285,153,71,82,132,115,17
S01011040,Whole house or bungalow: Total,209,133,59,74,76,66,10
S01011040,Whole house or bungalow: Detached,11,7,2,5,4,2,2
S01011040,Whole house or bungalow: Semi-detached,142,95,45,50,47,41,6
S01011040,Whole house or bungalow: Terraced (including end-terrace),56,31,12,19,25,23,2
S01011040,Flat maisonette or apartment or mobile/temporary accommodation,76,20,12,8,56,49,7
S01011041,All households,292,109,47,62,183,175,8
S01011041,Whole house or bungalow: Total,214,94,41,53,120,113,7
S01011041,Whole house or bungalow: Detached,25,18,10,8,7,4,3
S01011041,Whole house or bungalow: Semi-detached,124,50,21,29,74,71,3
S01011041,Whole house or bungalow: Terraced (including end-terrace),65,26,10,16,39,38,1
S01011041,Flat maisonette or apartment or mobile/temporary accommodation,78,15,6,9,63,62,1
S01011042,All households,333,252,66,186,81,48,33
S01011042,Whole house or bungalow: Total,269,226,60,166,43,27,16
S01011042,Whole house or bungalow: Detached,132,125,35,90,7,3,4
S01011042,Whole house or bungalow: Semi-detached,82,72,14,58,10,4,6
S01011042,Whole house or bungalow: Terraced (including end-terrace),55,29,11,18,26,20,6
S01011042,Flat maisonette or apartment or mobile/temporary accommodation,64,26,6,20,38,21,17
S01011043,All households,310,180,77,103,130,117,13
S01011043,Whole house or bungalow: Total,255,164,69,95,91,82,9
S01011043,Whole house or bungalow: Detached,37,28,19,9,9,7,2
S01011043,Whole house or bungalow: Semi-detached,148,99,35,64,49,43,6
S01011043,Whole house or bungalow: Terraced (including end-terrace),70,37,15,22,33,32,1
S01011043,Flat maisonette or apartment or mobile/temporary accommodation,55,16,8,8,39,35,4
S01011044,All households,307,149,49,100,158,134,24
S01011044,Whole house or bungalow: Total,111,78,25,53,33,27,6
S01011044,Whole house or bungalow: Detached,55,52,17,35,3,2,1
S01011044,Whole house or bungalow: Semi-detached,26,13,5,8,13,11,2
S01011044,Whole house or bungalow: Terraced (including end-terrace),30,13,3,10,17,14,3
S01011044,Flat maisonette or apartment or mobile/temporary accommodation,196,71,24,47,125,107,18
S01011045,All households,369,203,128,75,166,58,108
S01011045,Whole house or bungalow: Total,349,197,125,72,152,48,104
S01011045,Whole house or bungalow: Detached,218,137,88,49,81,2,79
S01011045,Whole house or bungalow: Semi-detached,83,40,26,14,43,26,17
S01011045,Whole house or bungalow: Terraced (including end-terrace),48,20,11,9,28,20,8
S01011045,Flat maisonette or apartment or mobile/temporary accommodation,20,6,3,3,14,10,4
S01011046,All households,362,246,148,98,116,19,97
S01011046,Whole house or bungalow: Total,353,238,142,96,115,19,96
S01011046,Whole house or bungalow: Detached,266,185,115,70,81,3,78
S01011046,Whole house or bungalow: Semi-detached,77,46,22,24,31,13,18
S01011046,Whole house or bungalow: Terraced (including end-terrace),10,7,5,2,3,3,0
S01011046,Flat maisonette or apartment or mobile/temporary accommodation,9,8,6,2,1,0,1
S01011047,All households,396,297,187,110,99,25,74
S01011047,Whole house or bungalow: Total,392,296,186,110,96,24,72
S01011047,Whole house or bungalow: Detached,249,201,134,67,48,0,48
S01011047,Whole house or bungalow: Semi-detached,109,75,42,33,34,14,20
S01011047,Whole house or bungalow: Terraced (including end-terrace),34,20,10,10,14,10,4
S01011047,Flat maisonette or apartment or mobile/temporary accommodation,4,1,1,0,3,1,2
S01011048,All households,440,290,161,129,150,109,41
S01011048,Whole house or bungalow: Total,381,270,151,119,111,74,37
S01011048,Whole house or bungalow: Detached,124,111,67,44,13,8,5
S01011048,Whole house or bungalow: Semi-detached,151,97,53,44,54,35,19
S01011048,Whole house or bungalow: Terraced (including end-terrace),106,62,31,31,44,31,13
S01011048,Flat maisonette or apartment or mobile/temporary accommodation,59,20,10,10,39,35,4
S01011049,All households,322,226,119,107,96,62,34
S01011049,Whole house or bungalow: Total,286,209,108,101,77,46,31
S01011049,Whole house or bungalow: Detached,74,62,36,26,12,3,9
S01011049,Whole house or bungalow: Semi-detached,151,112,57,55,39,24,15
S01011049,Whole house or bungalow: Terraced (including end-terrace),61,35,15,20,26,19,7
S01011049,Flat maisonette or apartment or mobile/temporary accommodation,36,17,11,6,19,16,3
S01011050,All households,323,235,123,112,88,18,70
S01011050,Whole house or bungalow: Total,321,234,122,112,87,18,69
S01011050,Whole house or bungalow: Detached,201,160,90,70,41,0,41
S01011050,Whole house or bungalow: Semi-detached,81,54,20,34,27,11,16
S01011050,Whole house or bungalow: Terraced (including end-terrace),39,20,12,8,19,7,12
S01011050,Flat maisonette or apartment or mobile/temporary accommodation,2,1,1,0,1,0,1
S01011051,All households,428,286,169,117,142,81,61
S01011051,Whole house or bungalow: Total,411,279,164,115,132,77,55
S01011051,Whole house or bungalow: Detached,211,173,93,80,38,3,35
S01011051,Whole house or bungalow: Semi-detached,120,67,42,25,53,38,15
S01011051,Whole house or bungalow: Terraced (including end-terrace),80,39,29,10,41,36,5
S01011051,Flat maisonette or apartment or mobile/temporary accommodation,17,7,5,2,10,4,6
S01011052,All households,366,256,175,81,110,55,55
S01011052,Whole house or bungalow: Total,320,244,169,75,76,37,39
S01011052,Whole house or bungalow: Detached,133,121,90,31,12,2,10
S01011052,Whole house or bungalow: Semi-detached,142,103,63,40,39,18,21
S01011052,Whole house or bungalow: Terraced (including end-terrace),45,20,16,4,25,17,8
S01011052,Flat maisonette or apartment or mobile/temporary accommodation,46,12,6,6,34,18,16
S01011053,All households,295,177,90,87,118,91,27
S01011053,Whole house or bungalow: Total,268,162,85,77,106,87,19
S01011053,Whole house or bungalow: Detached,50,42,22,20,8,3,5
S01011053,Whole house or bungalow: Semi-detached,106,56,30,26,50,40,10
S01011053,Whole house or bungalow: Terraced (including end-terrace),112,64,33,31,48,44,4
S01011053,Flat maisonette or apartment or mobile/temporary accommodation,27,15,5,10,12,4,8
S01011054,All households,244,168,88,80,76,49,27
S01011054,Whole house or bungalow: Total,234,162,85,77,72,48,24
S01011054,Whole house or bungalow: Detached,103,88,47,41,15,1,14
S01011054,Whole house or bungalow: Semi-detached,102,62,32,30,40,33,7
S01011054,Whole house or bungalow: Terraced (including end-terrace),29,12,6,6,17,14,3
S01011054,Flat maisonette or apartment or mobile/temporary accommodation,10,6,3,3,4,1,3
S01011055,All households,228,134,78,56,94,19,75
S01011055,Whole house or bungalow: Total,227,134,78,56,93,18,75
S01011055,Whole house or bungalow: Detached,160,99,59,40,61,0,61
S01011055,Whole house or bungalow: Semi-detached,51,27,16,11,24,14,10
S01011055,Whole house or bungalow: Terraced (including end-terrace),16,8,3,5,8,4,4
S01011055,Flat maisonette or apartment or mobile/temporary accommodation,1,0,0,0,1,1,0
S01011056,All households,271,228,150,78,43,13,30
S01011056,Whole house or bungalow: Total,262,224,147,77,38,13,25
S01011056,Whole house or bungalow: Detached,216,199,135,64,17,0,17
S01011056,Whole house or bungalow: Semi-detached,41,25,12,13,16,9,7
S01011056,Whole house or bungalow: Terraced (including end-terrace),5,0,0,0,5,4,1
S01011056,Flat maisonette or apartment or mobile/temporary accommodation,9,4,3,1,5,0,5
S01011057,All households,238,188,121,67,50,23,27
S01011057,Whole house or bungalow: Total,236,186,120,66,50,23,27
S01011057,Whole house or bungalow: Detached,108,92,66,26,16,1,15
S01011057,Whole house or bungalow: Semi-detached,99,69,41,28,30,20,10
S01011057,Whole house or bungalow: Terraced (including end-terrace),29,25,13,12,4,2,2
S01011057,Flat maisonette or apartment or mobile/temporary accommodation,2,2,1,1,0,0,0
S01011058,All households,251,215,133,82,36,5,31
S01011058,Whole house or bungalow: Total,248,212,130,82,36,5,31
S01011058,Whole house or bungalow: Detached,218,199,121,78,19,0,19
S01011058,Whole house or bungalow: Semi-detached,23,11,7,4,12,4,8
S01011058,Whole house or bungalow: Terraced (including end-terrace),7,2,2,0,5,1,4
S01011058,Flat maisonette or apartment or mobile/temporary accommodation,3,3,3,0,0,0,0
S01011059,All households,248,188,118,70,60,16,44
S01011059,Whole house or bungalow: Total,245,186,117,69,59,16,43
S01011059,Whole house or bungalow: Detached,197,164,104,60,33,0,33
S01011059,Whole house or bungalow: Semi-detached,43,20,11,9,23,14,9
S01011059,Whole house or bungalow: Terraced (including end-terrace),5,2,2,0,3,2,1
S01011059,Flat maisonette or apartment or mobile/temporary accommodation,3,2,1,1,1,0,1
S01011060,All households,402,293,189,104,109,75,34
S01011060,Whole house or bungalow: Total,343,276,184,92,67,46,21
S01011060,Whole house or bungalow: Detached,163,156,114,42,7,1,6
S01011060,Whole house or bungalow: Semi-detached,113,86,51,35,27,14,13
S01011060,Whole house or bungalow: Terraced (including end-terrace),67,34,19,15,33,31,2
S01011060,Flat maisonette or apartment or mobile/temporary accommodation,59,17,5,12,42,29,13
S01011061,All households,404,202,106,96,202,155,47
S01011061,Whole house or bungalow: Total,370,194,101,93,176,143,33
S01011061,Whole house or bungalow: Detached,81,61,44,17,20,13,7
S01011061,Whole house or bungalow: Semi-detached,128,72,34,38,56,42,14
S01011061,Whole house or bungalow: Terraced (including end-terrace),161,61,23,38,100,88,12
S01011061,Flat maisonette or apartment or mobile/temporary accommodation,34,8,5,3,26,12,14
S01011062,All households,423,283,164,119,140,76,64
S01011062,Whole house or bungalow: Total,346,271,157,114,75,43,32
S01011062,Whole house or bungalow: Detached,138,127,89,38,11,2,9
S01011062,Whole house or bungalow: Semi-detached,125,93,44,49,32,17,15
S01011062,Whole house or bungalow: Terraced (including end-terrace),83,51,24,27,32,24,8
S01011062,Flat maisonette or apartment or mobile/temporary accommodation,77,12,7,5,65,33,32
S01011063,All households,472,256,157,99,216,191,25
S01011063,Whole house or bungalow: Total,460,256,157,99,204,180,24
S01011063,Whole house or bungalow: Detached,105,91,62,29,14,7,7
S01011063,Whole house or bungalow: Semi-detached,197,94,64,30,103,93,10
S01011063,Whole house or bungalow: Terraced (including end-terrace),158,71,31,40,87,80,7
S01011063,Flat maisonette or apartment or mobile/temporary accommodation,12,0,0,0,12,11,1
S01011064,All households,480,343,211,132,137,85,52
S01011064,Whole house or bungalow: Total,443,324,205,119,119,75,44
S01011064,Whole house or bungalow: Detached,133,121,81,40,12,4,8
S01011064,Whole house or bungalow: Semi-detached,188,126,74,52,62,38,24
S01011064,Whole house or bungalow: Terraced (including end-terrace),122,77,50,27,45,33,12
S01011064,Flat maisonette or apartment or mobile/temporary accommodation,37,19,6,13,18,10,8
S01011065,All households,289,186,102,84,103,53,50
S01011065,Whole house or bungalow: Total,269,180,100,80,89,43,46
S01011065,Whole house or bungalow: Detached,161,126,70,56,35,3,32
S01011065,Whole house or bungalow: Semi-detached,78,40,20,20,38,26,12
S01011065,Whole house or bungalow: Terraced (including end-terrace),30,14,10,4,16,14,2
S01011065,Flat maisonette or apartment or mobile/temporary accommodation,20,6,2,4,14,10,4
S01011066,All households,231,164,111,53,67,45,22
S01011066,Whole house or bungalow: Total,219,159,108,51,60,39,21
S01011066,Whole house or bungalow: Detached,116,104,72,32,12,0,12
S01011066,Whole house or bungalow: Semi-detached,76,43,29,14,33,28,5
S01011066,Whole house or bungalow: Terraced (including end-terrace),27,12,7,5,15,11,4
S01011066,Flat maisonette or apartment or mobile/temporary accommodation,12,5,3,2,7,6,1
S01011067,All households,284,207,128,79,77,50,27
S01011067,Whole house or bungalow: Total,269,207,128,79,62,37,25
S01011067,Whole house or bungalow: Detached,89,83,53,30,6,0,6
S01011067,Whole house or bungalow: Semi-detached,146,107,63,44,39,23,16
S01011067,Whole house or bungalow: Terraced (including end-terrace),34,17,12,5,17,14,3
S01011067,Flat maisonette or apartment or mobile/temporary accommodation,15,0,0,0,15,13,2
S01011068,All households,238,165,84,81,73,54,19
S01011068,Whole house or bungalow: Total,233,163,83,80,70,54,16
S01011068,Whole house or bungalow: Detached,87,75,43,32,12,3,9
S01011068,Whole house or bungalow: Semi-detached,127,80,38,42,47,43,4
S01011068,Whole house or bungalow: Terraced (including end-terrace),19,8,2,6,11,8,3
S01011068,Flat maisonette or apartment or mobile/temporary accommodation,5,2,1,1,3,0,3
S01011069,All households,251,169,102,67,82,60,22
S01011069,Whole house or bungalow: Total,232,167,101,66,65,43,22
S01011069,Whole house or bungalow: Detached,92,83,54,29,9,1,8
S01011069,Whole house or bungalow: Semi-detached,107,67,40,27,40,31,9
S01011069,Whole house or bungalow: Terraced (including end-terrace),33,17,7,10,16,11,5
S01011069,Flat maisonette or apartment or mobile/temporary accommodation,19,2,1,1,17,17,0
S01011070,All households,274,208,111,97,66,41,25
S01011070,Whole house or bungalow: Total,265,203,108,95,62,38,24
S01011070,Whole house or bungalow: Detached,93,84,48,36,9,0,9
S01011070,Whole house or bungalow: Semi-detached,140,97,48,49,43,32,11
S01011070,Whole house or bungalow: Terraced (including end-terrace),32,22,12,10,10,6,4
S01011070,Flat maisonette or apartment or mobile/temporary accommodation,9,5,3,2,4,3,1
S01011071,All households,357,294,181,113,63,37,26
S01011071,Whole house or bungalow: Total,352,291,178,113,61,36,25
S01011071,Whole house or bungalow: Detached,252,233,148,85,19,4,15
S01011071,Whole house or bungalow: Semi-detached,82,45,21,24,37,28,9
S01011071,Whole house or bungalow: Terraced (including end-terrace),18,13,9,4,5,4,1
S01011071,Flat maisonette or apartment or mobile/temporary accommodation,5,3,3,0,2,1,1
S01011072,All households,407,315,162,153,92,63,29
S01011072,Whole house or bungalow: Total,393,313,161,152,80,54,26
S01011072,Whole house or bungalow: Detached,271,254,135,119,17,1,16
S01011072,Whole house or bungalow: Semi-detached,100,50,23,27,50,44,6
S01011072,Whole house or bungalow: Terraced (including end-terrace),22,9,3,6,13,9,4
S01011072,Flat maisonette or apartment or mobile/temporary accommodation,14,2,1,1,12,9,3
S01011073,All households,286,245,136,109,41,14,27
S01011073,Whole house or bungalow: Total,268,236,131,105,32,10,22
S01011073,Whole house or bungalow: Detached,138,125,78,47,13,1,12
S01011073,Whole house or bungalow: Semi-detached,111,97,44,53,14,6,8
S01011073,Whole house or bungalow: Terraced (including end-terrace),19,14,9,5,5,3,2
S01011073,Flat maisonette or apartment or mobile/temporary accommodation,18,9,5,4,9,4,5
S01011074,All households,280,221,111,110,59,41,18
S01011074,Whole house or bungalow: Total,261,212,109,103,49,36,13
S01011074,Whole house or bungalow: Detached,65,60,34,26,5,0,5
S01011074,Whole house or bungalow: Semi-detached,133,114,54,60,19,13,6
S01011074,Whole house or bungalow: Terraced (including end-terrace),63,38,21,17,25,23,2
S01011074,Flat maisonette or apartment or mobile/temporary accommodation,19,9,2,7,10,5,5
S01011075,All households,322,162,84,78,160,140,20
S01011075,Whole house or bungalow: Total,288,157,82,75,131,114,17
S01011075,Whole house or bungalow: Detached,14,7,4,3,7,6,1
S01011075,Whole house or bungalow: Semi-detached,146,101,56,45,45,36,9
S01011075,Whole house or bungalow: Terraced (including end-terrace),128,49,22,27,79,72,7
S01011075,Flat maisonette or apartment or mobile/temporary accommodation,34,5,2,3,29,26,3
S01011076,All households,348,202,116,86,146,125,21
S01011076,Whole house or bungalow: Total,250,191,112,79,59,45,14
S01011076,Whole house or bungalow: Detached,58,56,35,21,2,0,2
S01011076,Whole house or bungalow: Semi-detached,146,113,61,52,33,26,7
S01011076,Whole house or bungalow: Terraced (including end-terrace),46,22,16,6,24,19,5
S01011076,Flat maisonette or apartment or mobile/temporary accommodation,98,11,4,7,87,80,7
S01011077,All households,337,111,63,48,226,220,6
S01011077,Whole house or bungalow: Total,326,109,63,46,217,212,5
S01011077,Whole house or bungalow: Detached,47,39,29,10,8,7,1
S01011077,Whole house or bungalow: Semi-detached,84,39,19,20,45,42,3
S01011077,Whole house or bungalow: Terraced (including end-terrace),195,31,15,16,164,163,1
S01011077,Flat maisonette or apartment or mobile/temporary accommodation,11,2,0,2,9,8,1
S01011078,All households,466,379,221,158,87,52,35
S01011078,Whole house or bungalow: Total,397,357,211,146,40,28,12
S01011078,Whole house or bungalow: Detached,290,280,175,105,10,1,9
S01011078,Whole house or bungalow: Semi-detached,87,64,34,30,23,20,3
S01011078,Whole house or bungalow: Terraced (including end-terrace),20,13,2,11,7,7,0
S01011078,Flat maisonette or apartment or mobile/temporary accommodation,69,22,10,12,47,24,23
S01011079,All households,488,391,200,191,97,24,73
S01011079,Whole house or bungalow: Total,381,342,180,162,39,14,25
S01011079,Whole house or bungalow: Detached,162,155,88,67,7,2,5
S01011079,Whole house or bungalow: Semi-detached,162,139,69,70,23,7,16
S01011079,Whole house or bungalow: Terraced (including end-terrace),57,48,23,25,9,5,4
S01011079,Flat maisonette or apartment or mobile/temporary accommodation,107,49,20,29,58,10,48
S01011080,All households,461,325,189,136,136,90,46
S01011080,Whole house or bungalow: Total,394,321,188,133,73,37,36
S01011080,Whole house or bungalow: Detached,119,110,65,45,9,0,9
S01011080,Whole house or bungalow: Semi-detached,230,172,103,69,58,33,25
S01011080,Whole house or bungalow: Terraced (including end-terrace),45,39,20,19,6,4,2
S01011080,Flat maisonette or apartment or mobile/temporary accommodation,67,4,1,3,63,53,10
S01011081,All households,352,238,131,107,114,101,13
S01011081,Whole house or bungalow: Total,323,237,130,107,86,75,11
S01011081,Whole house or bungalow: Detached,53,49,38,11,4,1,3
S01011081,Whole house or bungalow: Semi-detached,144,105,60,45,39,35,4
S01011081,Whole house or bungalow: Terraced (including end-terrace),126,83,32,51,43,39,4
S01011081,Flat maisonette or apartment or mobile/temporary accommodation,29,1,1,0,28,26,2
S01011082,All households,269,114,55,59,155,142,13
S01011082,Whole house or bungalow: Total,240,113,55,58,127,116,11
S01011082,Whole house or bungalow: Detached,20,13,7,6,7,4,3
S01011082,Whole house or bungalow: Semi-detached,158,70,34,36,88,81,7
S01011082,Whole house or bungalow: Terraced (including end-terrace),62,30,14,16,32,31,1
S01011082,Flat maisonette or apartment or mobile/temporary accommodation,29,1,0,1,28,26,2
S01011083,All households,347,257,128,129,90,64,26
S01011083,Whole house or bungalow: Total,338,255,128,127,83,61,22
S01011083,Whole house or bungalow: Detached,83,72,38,34,11,3,8
S01011083,Whole house or bungalow: Semi-detached,186,138,62,76,48,37,11
S01011083,Whole house or bungalow: Terraced (including end-terrace),69,45,28,17,24,21,3
S01011083,Flat maisonette or apartment or mobile/temporary accommodation,9,2,0,2,7,3,4
S01011084,All households,330,269,156,113,61,22,39
S01011084,Whole house or bungalow: Total,325,268,155,113,57,19,38
S01011084,Whole house or bungalow: Detached,239,217,127,90,22,1,21
S01011084,Whole house or bungalow: Semi-detached,65,38,21,17,27,10,17
S01011084,Whole house or bungalow: Terraced (including end-terrace),21,13,7,6,8,8,0
S01011084,Flat maisonette or apartment or mobile/temporary accommodation,5,1,1,0,4,3,1
S01011085,All households,383,310,186,124,73,35,38
S01011085,Whole house or bungalow: Total,381,310,186,124,71,34,37
S01011085,Whole house or bungalow: Detached,250,222,144,78,28,1,27
S01011085,Whole house or bungalow: Semi-detached,114,80,40,40,34,25,9
S01011085,Whole house or bungalow: Terraced (including end-terrace),17,8,2,6,9,8,1
S01011085,Flat maisonette or apartment or mobile/temporary accommodation,2,0,0,0,2,1,1
S01011086,All households,273,212,141,71,61,27,34
S01011086,Whole house or bungalow: Total,273,212,141,71,61,27,34
S01011086,Whole house or bungalow: Detached,202,176,122,54,26,1,25
S01011086,Whole house or bungalow: Semi-detached,54,26,14,12,28,20,8
S01011086,Whole house or bungalow: Terraced (including end-terrace),17,10,5,5,7,6,1
S01011086,Flat maisonette or apartment or mobile/temporary accommodation,0,0,0,0,0,0,0
S01011087,All households,262,185,87,98,77,61,16
S01011087,Whole house or bungalow: Total,241,172,83,89,69,59,10
S01011087,Whole house or bungalow: Detached,46,39,27,12,7,3,4
S01011087,Whole house or bungalow: Semi-detached,115,80,40,40,35,30,5
S01011087,Whole house or bungalow: Terraced (including end-terrace),80,53,16,37,27,26,1
S01011087,Flat maisonette or apartment or mobile/temporary accommodation,21,13,4,9,8,2,6
S01011088,All households,453,323,178,145,130,68,62
S01011088,Whole house or bungalow: Total,401,309,174,135,92,43,49
S01011088,Whole house or bungalow: Detached,214,188,114,74,26,2,24
S01011088,Whole house or bungalow: Semi-detached,126,85,42,43,41,24,17
S01011088,Whole house or bungalow: Terraced (including end-terrace),61,36,18,18,25,17,8
S01011088,Flat maisonette or apartment or mobile/temporary accommodation,52,14,4,10,38,25,13
S01011089,All households,310,164,96,68,146,126,20
S01011089,Whole house or bungalow: Total,295,164,96,68,131,114,17
S01011089,Whole house or bungalow: Detached,84,74,60,14,10,5,5
S01011089,Whole house or bungalow: Semi-detached,110,53,21,32,57,54,3
S01011089,Whole house or bungalow: Terraced (including end-terrace),101,37,15,22,64,55,9
S01011089,Flat maisonette or apartment or mobile/temporary accommodation,15,0,0,0,15,12,3
S01011090,All households,304,242,145,97,62,4,58
S01011090,Whole house or bungalow: Total,300,240,143,97,60,3,57
S01011090,Whole house or bungalow: Detached,249,210,131,79,39,1,38
S01011090,Whole house or bungalow: Semi-detached,43,25,10,15,18,1,17
S01011090,Whole house or bungalow: Terraced (including end-terrace),8,5,2,3,3,1,2
S01011090,Flat maisonette or apartment or mobile/temporary accommodation,4,2,2,0,2,1,1
S01011091,All households,260,202,108,94,58,4,54
S01011091,Whole house or bungalow: Total,258,202,108,94,56,3,53
S01011091,Whole house or bungalow: Detached,208,164,90,74,44,0,44
S01011091,Whole house or bungalow: Semi-detached,46,34,17,17,12,3,9
S01011091,Whole house or bungalow: Terraced (including end-terrace),4,4,1,3,0,0,0
S01011091,Flat maisonette or apartment or mobile/temporary accommodation,2,0,0,0,2,1,1
S01011092,All households,181,57,15,42,124,106,18
S01011092,Whole house or bungalow: Total,144,49,15,34,95,79,16
S01011092,Whole house or bungalow: Detached,39,26,11,15,13,7,6
S01011092,Whole house or bungalow: Semi-detached,97,19,2,17,78,70,8
S01011092,Whole house or bungalow: Terraced (including end-terrace),8,4,2,2,4,2,2
S01011092,Flat maisonette or apartment or mobile/temporary accommodation,37,8,0,8,29,27,2
S01011093,All households,239,213,92,121,26,5,21
S01011093,Whole house or bungalow: Total,230,205,87,118,25,4,21
S01011093,Whole house or bungalow: Detached,169,159,69,90,10,1,9
S01011093,Whole house or bungalow: Semi-detached,48,38,14,24,10,0,10
S01011093,Whole house or bungalow: Terraced (including end-terrace),13,8,4,4,5,3,2
S01011093,Flat maisonette or apartment or mobile/temporary accommodation,9,8,5,3,1,1,0
S01011094,All households,196,150,70,80,46,4,42
S01011094,Whole house or bungalow: Total,194,150,70,80,44,2,42
S01011094,Whole house or bungalow: Detached,157,128,56,72,29,1,28
S01011094,Whole house or bungalow: Semi-detached,32,20,13,7,12,1,11
S01011094,Whole house or bungalow: Terraced (including end-terrace),5,2,1,1,3,0,3
S01011094,Flat maisonette or apartment or mobile/temporary accommodation,2,0,0,0,2,2,0
S01011095,All households,318,251,147,104,67,8,59
S01011095,Whole house or bungalow: Total,316,250,146,104,66,8,58
S01011095,Whole house or bungalow: Detached,243,208,125,83,35,1,34
S01011095,Whole house or bungalow: Semi-detached,63,39,20,19,24,4,20
S01011095,Whole house or bungalow: Terraced (including end-terrace),10,3,1,2,7,3,4
S01011095,Flat maisonette or apartment or mobile/temporary accommodation,2,1,1,0,1,0,1
S01011096,All households,223,149,54,95,74,7,67
S01011096,Whole house or bungalow: Total,201,139,49,90,62,7,55
S01011096,Whole house or bungalow: Detached,125,90,38,52,35,2,33
S01011096,Whole house or bungalow: Semi-detached,63,43,8,35,20,3,17
S01011096,Whole house or bungalow: Terraced (including end-terrace),13,6,3,3,7,2,5
S01011096,Flat maisonette or apartment or mobile/temporary accommodation,22,10,5,5,12,0,12
S01011097,All households,284,213,108,105,71,10,61
S01011097,Whole house or bungalow: Total,277,208,104,104,69,10,59
S01011097,Whole house or bungalow: Detached,201,154,80,74,47,1,46
S01011097,Whole house or bungalow: Semi-detached,62,42,21,21,20,7,13
S01011097,Whole house or bungalow: Terraced (including end-terrace),14,12,3,9,2,2,0
S01011097,Flat maisonette or apartment or mobile/temporary accommodation,7,5,4,1,2,0,2
S01011098,All households,346,253,119,134,93,48,45
S01011098,Whole house or bungalow: Total,294,234,114,120,60,39,21
S01011098,Whole house or bungalow: Detached,127,122,57,65,5,2,3
S01011098,Whole house or bungalow: Semi-detached,136,101,54,47,35,20,15
S01011098,Whole house or bungalow: Terraced (including end-terrace),31,11,3,8,20,17,3
S01011098,Flat maisonette or apartment or mobile/temporary accommodation,52,19,5,14,33,9,24
S01011099,All households,358,149,61,88,209,186,23
S01011099,Whole house or bungalow: Total,270,140,59,81,130,109,21
S01011099,Whole house or bungalow: Detached,60,46,29,17,14,8,6
S01011099,Whole house or bungalow: Semi-detached,57,19,4,15,38,32,6
S01011099,Whole house or bungalow: Terraced (including end-terrace),153,75,26,49,78,69,9
S01011099,Flat maisonette or apartment or mobile/temporary accommodation,88,9,2,7,79,77,2
S01011100,All households,210,153,93,60,57,45,12
S01011100,Whole house or bungalow: Total,202,153,93,60,49,41,8
S01011100,Whole house or bungalow: Detached,67,60,32,28,7,2,5
S01011100,Whole house or bungalow: Semi-detached,98,72,47,25,26,24,2
S01011100,Whole house or bungalow: Terraced (including end-terrace),37,21,14,7,16,15,1
S01011100,Flat maisonette or apartment or mobile/temporary accommodation,8,0,0,0,8,4,4
S01011101,All households,247,114,51,63,133,120,13
S01011101,Whole house or bungalow: Total,216,108,49,59,108,95,13
S01011101,Whole house or bungalow: Detached,13,9,7,2,4,1,3
S01011101,Whole house or bungalow: Semi-detached,57,21,10,11,36,31,5
S01011101,Whole house or bungalow: Terraced (including end-terrace),146,78,32,46,68,63,5
S01011101,Flat maisonette or apartment or mobile/temporary accommodation,31,6,2,4,25,25,0
S01011102,All households,330,121,60,61,209,156,53
S01011102,Whole house or bungalow: Total,110,60,36,24,50,31,19
S01011102,Whole house or bungalow: Detached,15,12,7,5,3,1,2
S01011102,Whole house or bungalow: Semi-detached,32,13,8,5,19,11,8
S01011102,Whole house or bungalow: Terraced (including end-terrace),63,35,21,14,28,19,9
S01011102,Flat maisonette or apartment or mobile/temporary accommodation,220,61,24,37,159,125,34
S01011103,All households,312,120,60,60,192,112,80
S01011103,Whole house or bungalow: Total,114,69,32,37,45,27,18
S01011103,Whole house or bungalow: Detached,22,18,7,11,4,1,3
S01011103,Whole house or bungalow: Semi-detached,38,20,11,9,18,11,7
S01011103,Whole house or bungalow: Terraced (including end-terrace),54,31,14,17,23,15,8
S01011103,Flat maisonette or apartment or mobile/temporary accommodation,198,51,28,23,147,85,62
S01011104,All households,294,186,100,86,108,66,42
S01011104,Whole house or bungalow: Total,191,147,77,70,44,23,21
S01011104,Whole house or bungalow: Detached,71,58,38,20,13,3,10
S01011104,Whole house or bungalow: Semi-detached,71,58,21,37,13,5,8
S01011104,Whole house or bungalow: Terraced (including end-terrace),49,31,18,13,18,15,3
S01011104,Flat maisonette or apartment or mobile/temporary accommodation,103,39,23,16,64,43,21
S01011105,All households,405,228,126,102,177,98,79
S01011105,Whole house or bungalow: Total,243,139,80,59,104,82,22
S01011105,Whole house or bungalow: Detached,43,39,32,7,4,2,2
S01011105,Whole house or bungalow: Semi-detached,86,34,14,20,52,44,8
S01011105,Whole house or bungalow: Terraced (including end-terrace),114,66,34,32,48,36,12
S01011105,Flat maisonette or apartment or mobile/temporary accommodation,162,89,46,43,73,16,57
S01011106,All households,352,95,33,62,257,133,124
S01011106,Whole house or bungalow: Total,288,84,31,53,204,88,116
S01011106,Whole house or bungalow: Detached,33,7,2,5,26,6,20
S01011106,Whole house or bungalow: Semi-detached,123,11,4,7,112,18,94
S01011106,Whole house or bungalow: Terraced (including end-terrace),132,66,25,41,66,64,2
S01011106,Flat maisonette or apartment or mobile/temporary accommodation,64,11,2,9,53,45,8
S01011107,All households,324,170,23,147,154,82,72
S01011107,Whole house or bungalow: Total,254,161,23,138,93,65,28
S01011107,Whole house or bungalow: Detached,76,62,6,56,14,6,8
S01011107,Whole house or bungalow: Semi-detached,155,82,15,67,73,55,18
S01011107,Whole house or bungalow: Terraced (including end-terrace),23,17,2,15,6,4,2
S01011107,Flat maisonette or apartment or mobile/temporary accommodation,70,9,0,9,61,17,44
S01011108,All households,216,132,38,94,84,69,15
S01011108,Whole house or bungalow: Total,203,123,37,86,80,67,13
S01011108,Whole house or bungalow: Detached,29,26,8,18,3,1,2
S01011108,Whole house or bungalow: Semi-detached,128,73,22,51,55,46,9
S01011108,Whole house or bungalow: Terraced (including end-terrace),46,24,7,17,22,20,2
S01011108,Flat maisonette or apartment or mobile/temporary accommodation,13,9,1,8,4,2,2
S01011109,All households,389,305,147,158,84,41,43
S01011109,Whole house or bungalow: Total,305,258,134,124,47,25,22
S01011109,Whole house or bungalow: Detached,76,68,36,32,8,4,4
S01011109,Whole house or bungalow: Semi-detached,203,172,89,83,31,14,17
S01011109,Whole house or bungalow: Terraced (including end-terrace),26,18,9,9,8,7,1
S01011109,Flat maisonette or apartment or mobile/temporary accommodation,84,47,13,34,37,16,21
S01011110,All households,314,184,74,110,130,107,23
S01011110,Whole house or bungalow: Total,230,167,68,99,63,52,11
S01011110,Whole house or bungalow: Detached,21,17,11,6,4,3,1
S01011110,Whole house or bungalow: Semi-detached,114,77,35,42,37,30,7
S01011110,Whole house or bungalow: Terraced (including end-terrace),95,73,22,51,22,19,3
S01011110,Flat maisonette or apartment or mobile/temporary accommodation,84,17,6,11,67,55,12
S01011111,All households,407,206,88,118,201,172,29
S01011111,Whole house or bungalow: Total,243,161,71,90,82,60,22
S01011111,Whole house or bungalow: Detached,33,27,17,10,6,5,1
S01011111,Whole house or bungalow: Semi-detached,124,84,35,49,40,30,10
S01011111,Whole house or bungalow: Terraced (including end-terrace),86,50,19,31,36,25,11
S01011111,Flat maisonette or apartment or mobile/temporary accommodation,164,45,17,28,119,112,7
S01011112,All households,328,261,68,193,67,25,42
S01011112,Whole house or bungalow: Total,281,249,65,184,32,20,12
S01011112,Whole house or bungalow: Detached,168,162,46,116,6,2,4
S01011112,Whole house or bungalow: Semi-detached,103,78,19,59,25,17,8
S01011112,Whole house or bungalow: Terraced (including end-terrace),10,9,0,9,1,1,0
S01011112,Flat maisonette or apartment or mobile/temporary accommodation,47,12,3,9,35,5,30
S01011113,All households,446,319,180,139,127,93,34
S01011113,Whole house or bungalow: Total,428,311,177,134,117,85,32
S01011113,Whole house or bungalow: Detached,104,92,61,31,12,7,5
S01011113,Whole house or bungalow: Semi-detached,226,152,88,64,74,54,20
S01011113,Whole house or bungalow: Terraced (including end-terrace),98,67,28,39,31,24,7
S01011113,Flat maisonette or apartment or mobile/temporary accommodation,18,8,3,5,10,8,2
S01011114,All households,296,254,125,129,42,30,12
S01011114,Whole house or bungalow: Total,294,254,125,129,40,28,12
S01011114,Whole house or bungalow: Detached,125,119,75,44,6,3,3
S01011114,Whole house or bungalow: Semi-detached,148,119,43,76,29,22,7
S01011114,Whole house or bungalow: Terraced (including end-terrace),21,16,7,9,5,3,2
S01011114,Flat maisonette or apartment or mobile/temporary accommodation,2,0,0,0,2,2,0
S01011115,All households,411,219,94,125,192,166,26
S01011115,Whole house or bungalow: Total,320,202,90,112,118,102,16
S01011115,Whole house or bungalow: Detached,15,8,4,4,7,3,4
S01011115,Whole house or bungalow: Semi-detached,162,107,51,56,55,49,6
S01011115,Whole house or bungalow: Terraced (including end-terrace),143,87,35,52,56,50,6
S01011115,Flat maisonette or apartment or mobile/temporary accommodation,91,17,4,13,74,64,10
S01011116,All households,269,204,104,100,65,31,34
S01011116,Whole house or bungalow: Total,254,198,102,96,56,31,25
S01011116,Whole house or bungalow: Detached,47,40,21,19,7,1,6
S01011116,Whole house or bungalow: Semi-detached,108,77,47,30,31,19,12
S01011116,Whole house or bungalow: Terraced (including end-terrace),99,81,34,47,18,11,7
S01011116,Flat maisonette or apartment or mobile/temporary accommodation,15,6,2,4,9,0,9
S01011117,All households,359,265,157,108,94,11,83
S01011117,Whole house or bungalow: Total,230,197,119,78,33,5,28
S01011117,Whole house or bungalow: Detached,113,106,67,39,7,0,7
S01011117,Whole house or bungalow: Semi-detached,82,66,35,31,16,3,13
S01011117,Whole house or bungalow: Terraced (including end-terrace),35,25,17,8,10,2,8
S01011117,Flat maisonette or apartment or mobile/temporary accommodation,129,68,38,30,61,6,55
S01011118,All households,399,293,164,129,106,38,68
S01011118,Whole house or bungalow: Total,305,264,153,111,41,3,38
S01011118,Whole house or bungalow: Detached,147,134,78,56,13,0,13
S01011118,Whole house or bungalow: Semi-detached,133,115,70,45,18,2,16
S01011118,Whole house or bungalow: Terraced (including end-terrace),25,15,5,10,10,1,9
S01011118,Flat maisonette or apartment or mobile/temporary accommodation,94,29,11,18,65,35,30
S01011119,All households,422,327,188,139,95,38,57
S01011119,Whole house or bungalow: Total,375,305,177,128,70,35,35
S01011119,Whole house or bungalow: Detached,238,218,132,86,20,3,17
S01011119,Whole house or bungalow: Semi-detached,87,64,29,35,23,12,11
S01011119,Whole house or bungalow: Terraced (including end-terrace),50,23,16,7,27,20,7
S01011119,Flat maisonette or apartment or mobile/temporary accommodation,47,22,11,11,25,3,22
S01011120,All households,293,280,192,88,13,3,10
S01011120,Whole house or bungalow: Total,290,277,192,85,13,3,10
S01011120,Whole house or bungalow: Detached,269,260,187,73,9,1,8
S01011120,Whole house or bungalow: Semi-detached,17,14,5,9,3,1,2
S01011120,Whole house or bungalow: Terraced (including end-terrace),4,3,0,3,1,1,0
S01011120,Flat maisonette or apartment or mobile/temporary accommodation,3,3,0,3,0,0,0
S01011121,All households,313,112,46,66,201,102,99
S01011121,Whole house or bungalow: Total,105,66,25,41,39,15,24
S01011121,Whole house or bungalow: Detached,15,8,3,5,7,2,5
S01011121,Whole house or bungalow: Semi-detached,48,36,14,22,12,7,5
S01011121,Whole house or bungalow: Terraced (including end-terrace),42,22,8,14,20,6,14
S01011121,Flat maisonette or apartment or mobile/temporary accommodation,208,46,21,25,162,87,75
S01011122,All households,302,203,93,110,99,51,48
S01011122,Whole house or bungalow: Total,229,170,80,90,59,32,27
S01011122,Whole house or bungalow: Detached,66,57,35,22,9,1,8
S01011122,Whole house or bungalow: Semi-detached,69,54,22,32,15,8,7
S01011122,Whole house or bungalow: Terraced (including end-terrace),94,59,23,36,35,23,12
S01011122,Flat maisonette or apartment or mobile/temporary accommodation,73,33,13,20,40,19,21
S01011123,All households,490,338,164,174,152,118,34
S01011123,Whole house or bungalow: Total,457,322,155,167,135,106,29
S01011123,Whole house or bungalow: Detached,48,36,16,20,12,5,7
S01011123,Whole house or bungalow: Semi-detached,166,110,58,52,56,46,10
S01011123,Whole house or bungalow: Terraced (including end-terrace),243,176,81,95,67,55,12
S01011123,Flat maisonette or apartment or mobile/temporary accommodation,33,16,9,7,17,12,5
S01011124,All households,277,182,66,116,95,53,42
S01011124,Whole house or bungalow: Total,266,181,66,115,85,50,35
S01011124,Whole house or bungalow: Detached,77,62,12,50,15,2,13
S01011124,Whole house or bungalow: Semi-detached,86,57,22,35,29,17,12
S01011124,Whole house or bungalow: Terraced (including end-terrace),103,62,32,30,41,31,10
S01011124,Flat maisonette or apartment or mobile/temporary accommodation,11,1,0,1,10,3,7
S01011125,All households,220,73,21,52,147,125,22
S01011125,Whole house or bungalow: Total,154,64,17,47,90,83,7
S01011125,Whole house or bungalow: Detached,21,13,7,6,8,5,3
S01011125,Whole house or bungalow: Semi-detached,105,29,7,22,76,73,3
S01011125,Whole house or bungalow: Terraced (including end-terrace),28,22,3,19,6,5,1
S01011125,Flat maisonette or apartment or mobile/temporary accommodation,66,9,4,5,57,42,15
S01011126,All households,184,78,36,42,106,64,42
S01011126,Whole house or bungalow: Total,151,75,34,41,76,34,42
S01011126,Whole house or bungalow: Detached,37,33,20,13,4,1,3
S01011126,Whole house or bungalow: Semi-detached,75,22,8,14,53,20,33
S01011126,Whole house or bungalow: Terraced (including end-terrace),39,20,6,14,19,13,6
S01011126,Flat maisonette or apartment or mobile/temporary accommodation,33,3,2,1,30,30,0
S01011127,All households,153,12,1,11,141,17,124
S01011127,Whole house or bungalow: Total,148,9,1,8,139,15,124
S01011127,Whole house or bungalow: Detached,18,8,1,7,10,0,10
S01011127,Whole house or bungalow: Semi-detached,114,0,0,0,114,14,100
S01011127,Whole house or bungalow: Terraced (including end-terrace),16,1,0,1,15,1,14
S01011127,Flat maisonette or apartment or mobile/temporary accommodation,5,3,0,3,2,2,0
S01011128,All households,341,208,94,114,133,83,50
S01011128,Whole house or bungalow: Total,263,179,83,96,84,47,37
S01011128,Whole house or bungalow: Detached,56,46,17,29,10,1,9
S01011128,Whole house or bungalow: Semi-detached,101,62,24,38,39,15,24
S01011128,Whole house or bungalow: Terraced (including end-terrace),106,71,42,29,35,31,4
S01011128,Flat maisonette or apartment or mobile/temporary accommodation,78,29,11,18,49,36,13
S01011129,All households,356,252,123,129,104,14,90
S01011129,Whole house or bungalow: Total,338,245,118,127,93,9,84
S01011129,Whole house or bungalow: Detached,276,196,98,98,80,5,75
S01011129,Whole house or bungalow: Semi-detached,51,44,18,26,7,1,6
S01011129,Whole house or bungalow: Terraced (including end-terrace),11,5,2,3,6,3,3
S01011129,Flat maisonette or apartment or mobile/temporary accommodation,18,7,5,2,11,5,6
S01011130,All households,296,172,84,88,124,88,36
S01011130,Whole house or bungalow: Total,197,134,68,66,63,47,16
S01011130,Whole house or bungalow: Detached,34,23,12,11,11,6,5
S01011130,Whole house or bungalow: Semi-detached,80,57,23,34,23,17,6
S01011130,Whole house or bungalow: Terraced (including end-terrace),83,54,33,21,29,24,5
S01011130,Flat maisonette or apartment or mobile/temporary accommodation,99,38,16,22,61,41,20
S01011131,All households,318,219,103,116,99,13,86
S01011131,Whole house or bungalow: Total,227,182,88,94,45,13,32
S01011131,Whole house or bungalow: Detached,51,45,28,17,6,0,6
S01011131,Whole house or bungalow: Semi-detached,101,82,33,49,19,6,13
S01011131,Whole house or bungalow: Terraced (including end-terrace),75,55,27,28,20,7,13
S01011131,Flat maisonette or apartment or mobile/temporary accommodation,91,37,15,22,54,0,54
S01011132,All households,374,311,160,151,63,11,52
S01011132,Whole house or bungalow: Total,329,292,153,139,37,9,28
S01011132,Whole house or bungalow: Detached,156,144,82,62,12,0,12
S01011132,Whole house or bungalow: Semi-detached,125,105,52,53,20,6,14
S01011132,Whole house or bungalow: Terraced (including end-terrace),48,43,19,24,5,3,2
S01011132,Flat maisonette or apartment or mobile/temporary accommodation,45,19,7,12,26,2,24
S01011133,All households,190,134,65,69,56,39,17
S01011133,Whole house or bungalow: Total,179,130,64,66,49,34,15
S01011133,Whole house or bungalow: Detached,45,40,23,17,5,1,4
S01011133,Whole house or bungalow: Semi-detached,85,58,26,32,27,19,8
S01011133,Whole house or bungalow: Terraced (including end-terrace),49,32,15,17,17,14,3
S01011133,Flat maisonette or apartment or mobile/temporary accommodation,11,4,1,3,7,5,2
S01011134,All households,401,253,142,111,148,62,86
S01011134,Whole house or bungalow: Total,283,218,130,88,65,34,31
S01011134,Whole house or bungalow: Detached,92,90,61,29,2,0,2
S01011134,Whole house or bungalow: Semi-detached,103,73,40,33,30,14,16
S01011134,Whole house or bungalow: Terraced (including end-terrace),88,55,29,26,33,20,13
S01011134,Flat maisonette or apartment or mobile/temporary accommodation,118,35,12,23,83,28,55
S01011135,All households,337,215,112,103,122,89,33
S01011135,Whole house or bungalow: Total,303,201,110,91,102,81,21
S01011135,Whole house or bungalow: Detached,63,47,30,17,16,11,5
S01011135,Whole house or bungalow: Semi-detached,115,64,37,27,51,40,11
S01011135,Whole house or bungalow: Terraced (including end-terrace),125,90,43,47,35,30,5
S01011135,Flat maisonette or apartment or mobile/temporary accommodation,34,14,2,12,20,8,12
S01011136,All households,284,200,109,91,84,45,39
S01011136,Whole house or bungalow: Total,224,175,99,76,49,34,15
S01011136,Whole house or bungalow: Detached,108,102,60,42,6,1,5
S01011136,Whole house or bungalow: Semi-detached,45,33,19,14,12,9,3
S01011136,Whole house or bungalow: Terraced (including end-terrace),71,40,20,20,31,24,7
S01011136,Flat maisonette or apartment or mobile/temporary accommodation,60,25,10,15,35,11,24
S01011137,All households,186,112,53,59,74,52,22
S01011137,Whole house or bungalow: Total,167,100,47,53,67,50,17
S01011137,Whole house or bungalow: Detached,47,40,23,17,7,1,6
S01011137,Whole house or bungalow: Semi-detached,67,41,16,25,26,17,9
S01011137,Whole house or bungalow: Terraced (including end-terrace),53,19,8,11,34,32,2
S01011137,Flat maisonette or apartment or mobile/temporary accommodation,19,12,6,6,7,2,5
S01011138,All households,254,98,34,64,156,104,52
S01011138,Whole house or bungalow: Total,221,98,34,64,123,74,49
S01011138,Whole house or bungalow: Detached,20,7,5,2,13,3,10
S01011138,Whole house or bungalow: Semi-detached,103,42,14,28,61,24,37
S01011138,Whole house or bungalow: Terraced (including end-terrace),98,49,15,34,49,47,2
S01011138,Flat maisonette or apartment or mobile/temporary accommodation,33,0,0,0,33,30,3
S01011139,All households,281,152,56,96,129,9,120
S01011139,Whole house or bungalow: Total,253,136,47,89,117,9,108
S01011139,Whole house or bungalow: Detached,43,24,11,13,19,3,16
S01011139,Whole house or bungalow: Semi-detached,187,95,29,66,92,4,88
S01011139,Whole house or bungalow: Terraced (including end-terrace),23,17,7,10,6,2,4
S01011139,Flat maisonette or apartment or mobile/temporary accommodation,28,16,9,7,12,0,12
S01011140,All households,232,119,33,86,113,89,24
S01011140,Whole house or bungalow: Total,201,114,33,81,87,73,14
S01011140,Whole house or bungalow: Detached,30,24,9,15,6,5,1
S01011140,Whole house or bungalow: Semi-detached,70,38,13,25,32,27,5
S01011140,Whole house or bungalow: Terraced (including end-terrace),101,52,11,41,49,41,8
S01011140,Flat maisonette or apartment or mobile/temporary accommodation,31,5,0,5,26,16,10
S01011141,All households,230,108,38,70,122,110,12
S01011141,Whole house or bungalow: Total,226,107,37,70,119,109,10
S01011141,Whole house or bungalow: Detached,27,25,14,11,2,0,2
S01011141,Whole house or bungalow: Semi-detached,75,23,11,12,52,48,4
S01011141,Whole house or bungalow: Terraced (including end-terrace),124,59,12,47,65,61,4
S01011141,Flat maisonette or apartment or mobile/temporary accommodation,4,1,1,0,3,1,2
S01011142,All households,334,237,115,122,97,6,91
S01011142,Whole house or bungalow: Total,312,235,113,122,77,6,71
S01011142,Whole house or bungalow: Detached,225,191,97,94,34,0,34
S01011142,Whole house or bungalow: Semi-detached,72,37,13,24,35,6,29
S01011142,Whole house or bungalow: Terraced (including end-terrace),15,7,3,4,8,0,8
S01011142,Flat maisonette or apartment or mobile/temporary accommodation,22,2,2,0,20,0,20
S01011143,All households,398,349,183,166,49,10,39
S01011143,Whole house or bungalow: Total,379,338,177,161,41,10,31
S01011143,Whole house or bungalow: Detached,260,241,129,112,19,1,18
S01011143,Whole house or bungalow: Semi-detached,79,67,37,30,12,5,7
S01011143,Whole house or bungalow: Terraced (including end-terrace),40,30,11,19,10,4,6
S01011143,Flat maisonette or apartment or mobile/temporary accommodation,19,11,6,5,8,0,8
S01011144,All households,303,226,104,122,77,41,36
S01011144,Whole house or bungalow: Total,295,222,101,121,73,41,32
S01011144,Whole house or bungalow: Detached,129,112,61,51,17,2,15
S01011144,Whole house or bungalow: Semi-detached,110,82,32,50,28,17,11
S01011144,Whole house or bungalow: Terraced (including end-terrace),56,28,8,20,28,22,6
S01011144,Flat maisonette or apartment or mobile/temporary accommodation,8,4,3,1,4,0,4
S01011145,All households,267,216,130,86,51,7,44
S01011145,Whole house or bungalow: Total,258,211,129,82,47,6,41
S01011145,Whole house or bungalow: Detached,199,173,112,61,26,1,25
S01011145,Whole house or bungalow: Semi-detached,49,30,15,15,19,3,16
S01011145,Whole house or bungalow: Terraced (including end-terrace),10,8,2,6,2,2,0
S01011145,Flat maisonette or apartment or mobile/temporary accommodation,9,5,1,4,4,1,3
S01011146,All households,306,200,101,99,106,88,18
S01011146,Whole house or bungalow: Total,295,195,100,95,100,84,16
S01011146,Whole house or bungalow: Detached,150,137,71,66,13,2,11
S01011146,Whole house or bungalow: Semi-detached,94,37,19,18,57,53,4
S01011146,Whole house or bungalow: Terraced (including end-terrace),51,21,10,11,30,29,1
S01011146,Flat maisonette or apartment or mobile/temporary accommodation,11,5,1,4,6,4,2
S01011147,All households,450,341,174,167,109,50,59
S01011147,Whole house or bungalow: Total,410,324,169,155,86,49,37
S01011147,Whole house or bungalow: Detached,147,136,75,61,11,3,8
S01011147,Whole house or bungalow: Semi-detached,159,121,55,66,38,27,11
S01011147,Whole house or bungalow: Terraced (including end-terrace),104,67,39,28,37,19,18
S01011147,Flat maisonette or apartment or mobile/temporary accommodation,40,17,5,12,23,1,22
S01011148,All households,329,212,124,88,117,24,93
S01011148,Whole house or bungalow: Total,323,212,124,88,111,22,89
S01011148,Whole house or bungalow: Detached,186,139,87,52,47,1,46
S01011148,Whole house or bungalow: Semi-detached,123,62,31,31,61,19,42
S01011148,Whole house or bungalow: Terraced (including end-terrace),14,11,6,5,3,2,1
S01011148,Flat maisonette or apartment or mobile/temporary accommodation,6,0,0,0,6,2,4
S01011149,All households,265,132,80,52,133,9,124
S01011149,Whole house or bungalow: Total,233,120,68,52,113,8,105
S01011149,Whole house or bungalow: Detached,119,91,55,36,28,1,27
S01011149,Whole house or bungalow: Semi-detached,90,15,4,11,75,3,72
S01011149,Whole house or bungalow: Terraced (including end-terrace),24,14,9,5,10,4,6
S01011149,Flat maisonette or apartment or mobile/temporary accommodation,32,12,12,0,20,1,19
S01011150,All households,175,120,13,107,55,25,30
S01011150,Whole house or bungalow: Total,173,119,12,107,54,24,30
S01011150,Whole house or bungalow: Detached,16,5,4,1,11,2,9
S01011150,Whole house or bungalow: Semi-detached,81,51,2,49,30,10,20
S01011150,Whole house or bungalow: Terraced (including end-terrace),76,63,6,57,13,12,1
S01011150,Flat maisonette or apartment or mobile/temporary accommodation,2,1,1,0,1,1,0
S01011151,All households,218,87,33,54,131,23,108
S01011151,Whole house or bungalow: Total,185,77,28,49,108,23,85
S01011151,Whole house or bungalow: Detached,56,43,15,28,13,0,13
S01011151,Whole house or bungalow: Semi-detached,106,23,9,14,83,14,69
S01011151,Whole house or bungalow: Terraced (including end-terrace),23,11,4,7,12,9,3
S01011151,Flat maisonette or apartment or mobile/temporary accommodation,33,10,5,5,23,0,23
S01011152,All households,341,227,162,65,114,32,82
S01011152,Whole house or bungalow: Total,310,218,157,61,92,32,60
S01011152,Whole house or bungalow: Detached,195,161,117,44,34,2,32
S01011152,Whole house or bungalow: Semi-detached,87,40,31,9,47,24,23
S01011152,Whole house or bungalow: Terraced (including end-terrace),28,17,9,8,11,6,5
S01011152,Flat maisonette or apartment or mobile/temporary accommodation,31,9,5,4,22,0,22
S01011153,All households,455,269,166,103,186,86,100
S01011153,Whole house or bungalow: Total,261,187,114,73,74,26,48
S01011153,Whole house or bungalow: Detached,138,112,78,34,26,5,21
S01011153,Whole house or bungalow: Semi-detached,70,44,22,22,26,13,13
S01011153,Whole house or bungalow: Terraced (including end-terrace),53,31,14,17,22,8,14
S01011153,Flat maisonette or apartment or mobile/temporary accommodation,194,82,52,30,112,60,52
S01011154,All households,348,165,92,73,183,121,62
S01011154,Whole house or bungalow: Total,157,115,69,46,42,18,24
S01011154,Whole house or bungalow: Detached,62,52,36,16,10,5,5
S01011154,Whole house or bungalow: Semi-detached,45,32,15,17,13,4,9
S01011154,Whole house or bungalow: Terraced (including end-terrace),50,31,18,13,19,9,10
S01011154,Flat maisonette or apartment or mobile/temporary accommodation,191,50,23,27,141,103,38
S01011155,All households,348,188,107,81,160,112,48
S01011155,Whole house or bungalow: Total,185,135,78,57,50,27,23
S01011155,Whole house or bungalow: Detached,77,67,38,29,10,4,6
S01011155,Whole house or bungalow: Semi-detached,48,30,19,11,18,10,8
S01011155,Whole house or bungalow: Terraced (including end-terrace),60,38,21,17,22,13,9
S01011155,Flat maisonette or apartment or mobile/temporary accommodation,163,53,29,24,110,85,25
S01011156,All households,249,224,100,124,25,3,22
S01011156,Whole house or bungalow: Total,246,224,100,124,22,3,19
S01011156,Whole house or bungalow: Detached,127,118,64,54,9,1,8
S01011156,Whole house or bungalow: Semi-detached,113,101,35,66,12,2,10
S01011156,Whole house or bungalow: Terraced (including end-terrace),6,5,1,4,1,0,1
S01011156,Flat maisonette or apartment or mobile/temporary accommodation,3,0,0,0,3,0,3
S01011157,All households,284,255,149,106,29,13,16
S01011157,Whole house or bungalow: Total,279,254,148,106,25,10,15
S01011157,Whole house or bungalow: Detached,161,152,101,51,9,1,8
S01011157,Whole house or bungalow: Semi-detached,114,101,47,54,13,6,7
S01011157,Whole house or bungalow: Terraced (including end-terrace),4,1,0,1,3,3,0
S01011157,Flat maisonette or apartment or mobile/temporary accommodation,5,1,1,0,4,3,1
S01011158,All households,233,214,160,54,19,3,16
S01011158,Whole house or bungalow: Total,222,211,158,53,11,2,9
S01011158,Whole house or bungalow: Detached,185,180,138,42,5,0,5
S01011158,Whole house or bungalow: Semi-detached,28,24,17,7,4,1,3
S01011158,Whole house or bungalow: Terraced (including end-terrace),9,7,3,4,2,1,1
S01011158,Flat maisonette or apartment or mobile/temporary accommodation,11,3,2,1,8,1,7
S01011159,All households,300,154,94,60,146,114,32
S01011159,Whole house or bungalow: Total,277,151,94,57,126,97,29
S01011159,Whole house or bungalow: Detached,49,41,29,12,8,4,4
S01011159,Whole house or bungalow: Semi-detached,102,60,37,23,42,30,12
S01011159,Whole house or bungalow: Terraced (including end-terrace),126,50,28,22,76,63,13
S01011159,Flat maisonette or apartment or mobile/temporary accommodation,23,3,0,3,20,17,3
S01011160,All households,393,237,127,110,156,82,74
S01011160,Whole house or bungalow: Total,335,232,125,107,103,64,39
S01011160,Whole house or bungalow: Detached,119,108,73,35,11,1,10
S01011160,Whole house or bungalow: Semi-detached,101,67,24,43,34,15,19
S01011160,Whole house or bungalow: Terraced (including end-terrace),115,57,28,29,58,48,10
S01011160,Flat maisonette or apartment or mobile/temporary accommodation,58,5,2,3,53,18,35
S01011161,All households,269,159,71,88,110,67,43
S01011161,Whole house or bungalow: Total,246,149,66,83,97,67,30
S01011161,Whole house or bungalow: Detached,31,28,19,9,3,0,3
S01011161,Whole house or bungalow: Semi-detached,41,27,12,15,14,6,8
S01011161,Whole house or bungalow: Terraced (including end-terrace),174,94,35,59,80,61,19
S01011161,Flat maisonette or apartment or mobile/temporary accommodation,23,10,5,5,13,0,13
S01011162,All households,187,104,49,55,83,54,29
S01011162,Whole house or bungalow: Total,185,102,49,53,83,54,29
S01011162,Whole house or bungalow: Detached,54,51,31,20,3,0,3
S01011162,Whole house or bungalow: Semi-detached,37,21,11,10,16,12,4
S01011162,Whole house or bungalow: Terraced (including end-terrace),94,30,7,23,64,42,22
S01011162,Flat maisonette or apartment or mobile/temporary accommodation,2,2,0,2,0,0,0
S01011163,All households,352,183,75,108,169,140,29
S01011163,Whole house or bungalow: Total,345,180,73,107,165,138,27
S01011163,Whole house or bungalow: Detached,18,8,4,4,10,8,2
S01011163,Whole house or bungalow: Semi-detached,167,102,42,60,65,55,10
S01011163,Whole house or bungalow: Terraced (including end-terrace),160,70,27,43,90,75,15
S01011163,Flat maisonette or apartment or mobile/temporary accommodation,7,3,2,1,4,2,2
S01011164,All households,282,196,86,110,86,59,27
S01011164,Whole house or bungalow: Total,251,182,82,100,69,50,19
S01011164,Whole house or bungalow: Detached,123,108,48,60,15,4,11
S01011164,Whole house or bungalow: Semi-detached,100,55,24,31,45,41,4
S01011164,Whole house or bungalow: Terraced (including end-terrace),28,19,10,9,9,5,4
S01011164,Flat maisonette or apartment or mobile/temporary accommodation,31,14,4,10,17,9,8
S01011165,All households,356,161,71,90,195,166,29
S01011165,Whole house or bungalow: Total,272,147,66,81,125,103,22
S01011165,Whole house or bungalow: Detached,21,13,5,8,8,7,1
S01011165,Whole house or bungalow: Semi-detached,95,46,17,29,49,35,14
S01011165,Whole house or bungalow: Terraced (including end-terrace),156,88,44,44,68,61,7
S01011165,Flat maisonette or apartment or mobile/temporary accommodation,84,14,5,9,70,63,7
S01011166,All households,229,196,125,71,33,16,17
S01011166,Whole house or bungalow: Total,227,195,125,70,32,16,16
S01011166,Whole house or bungalow: Detached,159,147,96,51,12,1,11
S01011166,Whole house or bungalow: Semi-detached,41,33,21,12,8,3,5
S01011166,Whole house or bungalow: Terraced (including end-terrace),27,15,8,7,12,12,0
S01011166,Flat maisonette or apartment or mobile/temporary accommodation,2,1,0,1,1,0,1
S01011167,All households,279,230,146,84,49,8,41
S01011167,Whole house or bungalow: Total,273,226,144,82,47,8,39
S01011167,Whole house or bungalow: Detached,219,194,134,60,25,0,25
S01011167,Whole house or bungalow: Semi-detached,50,30,10,20,20,6,14
S01011167,Whole house or bungalow: Terraced (including end-terrace),4,2,0,2,2,2,0
S01011167,Flat maisonette or apartment or mobile/temporary accommodation,6,4,2,2,2,0,2
S01011168,All households,355,194,107,87,161,9,152
S01011168,Whole house or bungalow: Total,349,192,106,86,157,8,149
S01011168,Whole house or bungalow: Detached,265,153,92,61,112,0,112
S01011168,Whole house or bungalow: Semi-detached,68,34,14,20,34,6,28
S01011168,Whole house or bungalow: Terraced (including end-terrace),16,5,0,5,11,2,9
S01011168,Flat maisonette or apartment or mobile/temporary accommodation,6,2,1,1,4,1,3
S01011169,All households,346,262,71,191,84,26,58
S01011169,Whole house or bungalow: Total,298,247,68,179,51,25,26
S01011169,Whole house or bungalow: Detached,127,113,36,77,14,1,13
S01011169,Whole house or bungalow: Semi-detached,148,113,28,85,35,22,13
S01011169,Whole house or bungalow: Terraced (including end-terrace),23,21,4,17,2,2,0
S01011169,Flat maisonette or apartment or mobile/temporary accommodation,48,15,3,12,33,1,32
S01011170,All households,400,275,164,111,125,23,102
S01011170,Whole house or bungalow: Total,373,254,145,109,119,22,97
S01011170,Whole house or bungalow: Detached,267,198,115,83,69,2,67
S01011170,Whole house or bungalow: Semi-detached,91,50,28,22,41,16,25
S01011170,Whole house or bungalow: Terraced (including end-terrace),15,6,2,4,9,4,5
S01011170,Flat maisonette or apartment or mobile/temporary accommodation,27,21,19,2,6,1,5
S01011171,All households,409,317,231,86,92,40,52
S01011171,Whole house or bungalow: Total,395,311,226,85,84,38,46
S01011171,Whole house or bungalow: Detached,268,236,175,61,32,1,31
S01011171,Whole house or bungalow: Semi-detached,102,63,44,19,39,30,9
S01011171,Whole house or bungalow: Terraced (including end-terrace),25,12,7,5,13,7,6
S01011171,Flat maisonette or apartment or mobile/temporary accommodation,14,6,5,1,8,2,6
S01011172,All households,339,257,183,74,82,40,42
S01011172,Whole house or bungalow: Total,324,252,179,73,72,37,35
S01011172,Whole house or bungalow: Detached,201,184,135,49,17,0,17
S01011172,Whole house or bungalow: Semi-detached,94,56,36,20,38,28,10
S01011172,Whole house or bungalow: Terraced (including end-terrace),29,12,8,4,17,9,8
S01011172,Flat maisonette or apartment or mobile/temporary accommodation,15,5,4,1,10,3,7
S01011173,All households,224,178,119,59,46,18,28
S01011173,Whole house or bungalow: Total,213,174,117,57,39,17,22
S01011173,Whole house or bungalow: Detached,147,134,92,42,13,1,12
S01011173,Whole house or bungalow: Semi-detached,54,30,18,12,24,16,8
S01011173,Whole house or bungalow: Terraced (including end-terrace),12,10,7,3,2,0,2
S01011173,Flat maisonette or apartment or mobile/temporary accommodation,11,4,2,2,7,1,6
S01011174,All households,219,154,120,34,65,17,48
S01011174,Whole house or bungalow: Total,211,150,119,31,61,15,46
S01011174,Whole house or bungalow: Detached,150,116,95,21,34,0,34
S01011174,Whole house or bungalow: Semi-detached,45,29,20,9,16,6,10
S01011174,Whole house or bungalow: Terraced (including end-terrace),16,5,4,1,11,9,2
S01011174,Flat maisonette or apartment or mobile/temporary accommodation,8,4,1,3,4,2,2
S01011175,All households,259,164,96,68,95,72,23
S01011175,Whole house or bungalow: Total,236,162,94,68,74,54,20
S01011175,Whole house or bungalow: Detached,101,85,58,27,16,1,15
S01011175,Whole house or bungalow: Semi-detached,74,40,18,22,34,29,5
S01011175,Whole house or bungalow: Terraced (including end-terrace),61,37,18,19,24,24,0
S01011175,Flat maisonette or apartment or mobile/temporary accommodation,23,2,2,0,21,18,3
S01011176,All households,274,228,175,53,46,8,38
S01011176,Whole house or bungalow: Total,255,221,172,49,34,4,30
S01011176,Whole house or bungalow: Detached,180,166,133,33,14,0,14
S01011176,Whole house or bungalow: Semi-detached,50,37,25,12,13,2,11
S01011176,Whole house or bungalow: Terraced (including end-terrace),25,18,14,4,7,2,5
S01011176,Flat maisonette or apartment or mobile/temporary accommodation,19,7,3,4,12,4,8
S01011177,All households,402,273,190,83,129,68,61
S01011177,Whole house or bungalow: Total,370,266,186,80,104,51,53
S01011177,Whole house or bungalow: Detached,187,165,121,44,22,2,20
S01011177,Whole house or bungalow: Semi-detached,131,69,45,24,62,40,22
S01011177,Whole house or bungalow: Terraced (including end-terrace),52,32,20,12,20,9,11
S01011177,Flat maisonette or apartment or mobile/temporary accommodation,32,7,4,3,25,17,8
S01011178,All households,206,141,61,80,65,17,48
S01011178,Whole house or bungalow: Total,186,130,55,75,56,10,46
S01011178,Whole house or bungalow: Detached,59,50,30,20,9,1,8
S01011178,Whole house or bungalow: Semi-detached,74,46,17,29,28,5,23
S01011178,Whole house or bungalow: Terraced (including end-terrace),53,34,8,26,19,4,15
S01011178,Flat maisonette or apartment or mobile/temporary accommodation,20,11,6,5,9,7,2
S01011179,All households,272,153,66,87,119,98,21
S01011179,Whole house or bungalow: Total,221,145,63,82,76,63,13
S01011179,Whole house or bungalow: Detached,29,27,9,18,2,0,2
S01011179,Whole house or bungalow: Semi-detached,70,45,23,22,25,22,3
S01011179,Whole house or bungalow: Terraced (including end-terrace),122,73,31,42,49,41,8
S01011179,Flat maisonette or apartment or mobile/temporary accommodation,51,8,3,5,43,35,8
S01011180,All households,301,122,47,75,179,166,13
S01011180,Whole house or bungalow: Total,239,114,44,70,125,118,7
S01011180,Whole house or bungalow: Detached,38,28,15,13,10,8,2
S01011180,Whole house or bungalow: Semi-detached,101,50,15,35,51,50,1
S01011180,Whole house or bungalow: Terraced (including end-terrace),100,36,14,22,64,60,4
S01011180,Flat maisonette or apartment or mobile/temporary accommodation,62,8,3,5,54,48,6
S01011181,All households,198,170,100,70,28,6,22
S01011181,Whole house or bungalow: Total,162,136,70,66,26,4,22
S01011181,Whole house or bungalow: Detached,108,99,56,43,9,0,9
S01011181,Whole house or bungalow: Semi-detached,29,17,6,11,12,2,10
S01011181,Whole house or bungalow: Terraced (including end-terrace),25,20,8,12,5,2,3
S01011181,Flat maisonette or apartment or mobile/temporary accommodation,36,34,30,4,2,2,0
S01011182,All households,166,151,82,69,15,3,12
S01011182,Whole house or bungalow: Total,161,148,79,69,13,3,10
S01011182,Whole house or bungalow: Detached,131,124,71,53,7,1,6
S01011182,Whole house or bungalow: Semi-detached,27,22,8,14,5,1,4
S01011182,Whole house or bungalow: Terraced (including end-terrace),3,2,0,2,1,1,0
S01011182,Flat maisonette or apartment or mobile/temporary accommodation,5,3,3,0,2,0,2
S01011183,All households,226,170,74,96,56,44,12
S01011183,Whole house or bungalow: Total,163,144,64,80,19,12,7
S01011183,Whole house or bungalow: Detached,130,123,53,70,7,1,6
S01011183,Whole house or bungalow: Semi-detached,11,7,3,4,4,4,0
S01011183,Whole house or bungalow: Terraced (including end-terrace),22,14,8,6,8,7,1
S01011183,Flat maisonette or apartment or mobile/temporary accommodation,63,26,10,16,37,32,5
S01011184,All households,307,300,120,180,7,3,4
S01011184,Whole house or bungalow: Total,303,296,120,176,7,3,4
S01011184,Whole house or bungalow: Detached,210,207,99,108,3,0,3
S01011184,Whole house or bungalow: Semi-detached,81,80,21,59,1,1,0
S01011184,Whole house or bungalow: Terraced (including end-terrace),12,9,0,9,3,2,1
S01011184,Flat maisonette or apartment or mobile/temporary accommodation,4,4,0,4,0,0,0
S01011185,All households,296,264,137,127,32,17,15
S01011185,Whole house or bungalow: Total,273,251,131,120,22,11,11
S01011185,Whole house or bungalow: Detached,61,57,34,23,4,1,3
S01011185,Whole house or bungalow: Semi-detached,188,179,92,87,9,2,7
S01011185,Whole house or bungalow: Terraced (including end-terrace),24,15,5,10,9,8,1
S01011185,Flat maisonette or apartment or mobile/temporary accommodation,23,13,6,7,10,6,4
S01011186,All households,456,286,136,150,170,134,36
S01011186,Whole house or bungalow: Total,258,203,97,106,55,46,9
S01011186,Whole house or bungalow: Detached,48,45,25,20,3,2,1
S01011186,Whole house or bungalow: Semi-detached,125,111,54,57,14,12,2
S01011186,Whole house or bungalow: Terraced (including end-terrace),85,47,18,29,38,32,6
S01011186,Flat maisonette or apartment or mobile/temporary accommodation,198,83,39,44,115,88,27
S01011187,All households,287,251,135,116,36,22,14
S01011187,Whole house or bungalow: Total,268,247,135,112,21,11,10
S01011187,Whole house or bungalow: Detached,91,88,45,43,3,0,3
S01011187,Whole house or bungalow: Semi-detached,160,148,85,63,12,6,6
S01011187,Whole house or bungalow: Terraced (including end-terrace),17,11,5,6,6,5,1
S01011187,Flat maisonette or apartment or mobile/temporary accommodation,19,4,0,4,15,11,4
S01011188,All households,442,285,116,169,157,112,45
S01011188,Whole house or bungalow: Total,391,272,112,160,119,92,27
S01011188,Whole house or bungalow: Detached,22,18,5,13,4,3,1
S01011188,Whole house or bungalow: Semi-detached,38,19,5,14,19,15,4
S01011188,Whole house or bungalow: Terraced (including end-terrace),331,235,102,133,96,74,22
S01011188,Flat maisonette or apartment or mobile/temporary accommodation,51,13,4,9,38,20,18
S01011189,All households,356,256,96,160,100,48,52
S01011189,Whole house or bungalow: Total,261,206,83,123,55,31,24
S01011189,Whole house or bungalow: Detached,87,77,21,56,10,0,10
S01011189,Whole house or bungalow: Semi-detached,44,30,14,16,14,10,4
S01011189,Whole house or bungalow: Terraced (including end-terrace),130,99,48,51,31,21,10
S01011189,Flat maisonette or apartment or mobile/temporary accommodation,95,50,13,37,45,17,28
S01011190,All households,288,152,47,105,136,112,24
S01011190,Whole house or bungalow: Total,230,127,41,86,103,88,15
S01011190,Whole house or bungalow: Detached,25,19,6,13,6,3,3
S01011190,Whole house or bungalow: Semi-detached,117,73,24,49,44,36,8
S01011190,Whole house or bungalow: Terraced (including end-terrace),88,35,11,24,53,49,4
S01011190,Flat maisonette or apartment or mobile/temporary accommodation,58,25,6,19,33,24,9
S01011191,All households,241,146,53,93,95,77,18
S01011191,Whole house or bungalow: Total,234,143,53,90,91,73,18
S01011191,Whole house or bungalow: Detached,10,6,4,2,4,3,1
S01011191,Whole house or bungalow: Semi-detached,80,48,17,31,32,24,8
S01011191,Whole house or bungalow: Terraced (including end-terrace),144,89,32,57,55,46,9
S01011191,Flat maisonette or apartment or mobile/temporary accommodation,7,3,0,3,4,4,0
S01011192,All households,290,174,48,126,116,84,32
S01011192,Whole house or bungalow: Total,285,174,48,126,111,79,32
S01011192,Whole house or bungalow: Detached,9,4,3,1,5,3,2
S01011192,Whole house or bungalow: Semi-detached,28,19,3,16,9,8,1
S01011192,Whole house or bungalow: Terraced (including end-terrace),248,151,42,109,97,68,29
S01011192,Flat maisonette or apartment or mobile/temporary accommodation,5,0,0,0,5,5,0
S01011193,All households,286,137,33,104,149,110,39
S01011193,Whole house or bungalow: Total,237,126,32,94,111,78,33
S01011193,Whole house or bungalow: Detached,6,3,1,2,3,2,1
S01011193,Whole house or bungalow: Semi-detached,19,9,2,7,10,10,0
S01011193,Whole house or bungalow: Terraced (including end-terrace),212,114,29,85,98,66,32
S01011193,Flat maisonette or apartment or mobile/temporary accommodation,49,11,1,10,38,32,6
S01011194,All households,302,132,36,96,170,137,33
S01011194,Whole house or bungalow: Total,278,131,36,95,147,114,33
S01011194,Whole house or bungalow: Detached,6,5,1,4,1,0,1
S01011194,Whole house or bungalow: Semi-detached,44,18,5,13,26,19,7
S01011194,Whole house or bungalow: Terraced (including end-terrace),228,108,30,78,120,95,25
S01011194,Flat maisonette or apartment or mobile/temporary accommodation,24,1,0,1,23,23,0
S01011195,All households,318,181,46,135,137,102,35
S01011195,Whole house or bungalow: Total,316,180,46,134,136,101,35
S01011195,Whole house or bungalow: Detached,10,7,4,3,3,3,0
S01011195,Whole house or bungalow: Semi-detached,48,24,8,16,24,16,8
S01011195,Whole house or bungalow: Terraced (including end-terrace),258,149,34,115,109,82,27
S01011195,Flat maisonette or apartment or mobile/temporary accommodation,2,1,0,1,1,1,0
S01011196,All households,409,178,54,124,231,207,24
S01011196,Whole house or bungalow: Total,365,178,54,124,187,166,21
S01011196,Whole house or bungalow: Detached,16,9,3,6,7,5,2
S01011196,Whole house or bungalow: Semi-detached,61,29,9,20,32,29,3
S01011196,Whole house or bungalow: Terraced (including end-terrace),288,140,42,98,148,132,16
S01011196,Flat maisonette or apartment or mobile/temporary accommodation,44,0,0,0,44,41,3
S01011197,All households,348,167,55,112,181,138,43
S01011197,Whole house or bungalow: Total,343,165,55,110,178,136,42
S01011197,Whole house or bungalow: Detached,10,4,1,3,6,3,3
S01011197,Whole house or bungalow: Semi-detached,39,12,2,10,27,21,6
S01011197,Whole house or bungalow: Terraced (including end-terrace),294,149,52,97,145,112,33
S01011197,Flat maisonette or apartment or mobile/temporary accommodation,5,2,0,2,3,2,1
S01011198,All households,241,125,42,83,116,92,24
S01011198,Whole house or bungalow: Total,240,124,42,82,116,92,24
S01011198,Whole house or bungalow: Detached,8,2,1,1,6,5,1
S01011198,Whole house or bungalow: Semi-detached,25,11,3,8,14,12,2
S01011198,Whole house or bungalow: Terraced (including end-terrace),207,111,38,73,96,75,21
S01011198,Flat maisonette or apartment or mobile/temporary accommodation,1,1,0,1,0,0,0
S01011199,All households,342,186,50,136,156,121,35
S01011199,Whole house or bungalow: Total,330,180,49,131,150,119,31
S01011199,Whole house or bungalow: Detached,27,23,12,11,4,2,2
S01011199,Whole house or bungalow: Semi-detached,63,26,6,20,37,35,2
S01011199,Whole house or bungalow: Terraced (including end-terrace),240,131,31,100,109,82,27
S01011199,Flat maisonette or apartment or mobile/temporary accommodation,12,6,1,5,6,2,4
S01011200,All households,356,253,92,161,103,71,32
S01011200,Whole house or bungalow: Total,297,211,79,132,86,69,17
S01011200,Whole house or bungalow: Detached,40,37,19,18,3,3,0
S01011200,Whole house or bungalow: Semi-detached,133,103,38,65,30,21,9
S01011200,Whole house or bungalow: Terraced (including end-terrace),124,71,22,49,53,45,8
S01011200,Flat maisonette or apartment or mobile/temporary accommodation,59,42,13,29,17,2,15
S01011201,All households,267,197,77,120,70,63,7
S01011201,Whole house or bungalow: Total,265,196,76,120,69,62,7
S01011201,Whole house or bungalow: Detached,35,35,22,13,0,0,0
S01011201,Whole house or bungalow: Semi-detached,110,86,33,53,24,21,3
S01011201,Whole house or bungalow: Terraced (including end-terrace),120,75,21,54,45,41,4
S01011201,Flat maisonette or apartment or mobile/temporary accommodation,2,1,1,0,1,1,0
S01011202,All households,390,230,65,165,160,127,33
S01011202,Whole house or bungalow: Total,276,193,54,139,83,61,22
S01011202,Whole house or bungalow: Detached,18,13,2,11,5,3,2
S01011202,Whole house or bungalow: Semi-detached,107,80,31,49,27,20,7
S01011202,Whole house or bungalow: Terraced (including end-terrace),151,100,21,79,51,38,13
S01011202,Flat maisonette or apartment or mobile/temporary accommodation,114,37,11,26,77,66,11
S01011203,All households,364,251,86,165,113,89,24
S01011203,Whole house or bungalow: Total,344,234,79,155,110,87,23
S01011203,Whole house or bungalow: Detached,35,29,11,18,6,3,3
S01011203,Whole house or bungalow: Semi-detached,79,50,16,34,29,25,4
S01011203,Whole house or bungalow: Terraced (including end-terrace),230,155,52,103,75,59,16
S01011203,Flat maisonette or apartment or mobile/temporary accommodation,20,17,7,10,3,2,1
S01011204,All households,235,203,92,111,32,14,18
S01011204,Whole house or bungalow: Total,228,199,89,110,29,12,17
S01011204,Whole house or bungalow: Detached,127,122,54,68,5,0,5
S01011204,Whole house or bungalow: Semi-detached,44,34,18,16,10,4,6
S01011204,Whole house or bungalow: Terraced (including end-terrace),57,43,17,26,14,8,6
S01011204,Flat maisonette or apartment or mobile/temporary accommodation,7,4,3,1,3,2,1
S01011205,All households,237,187,28,159,50,39,11
S01011205,Whole house or bungalow: Total,232,184,27,157,48,37,11
S01011205,Whole house or bungalow: Detached,166,159,21,138,7,1,6
S01011205,Whole house or bungalow: Semi-detached,52,21,5,16,31,26,5
S01011205,Whole house or bungalow: Terraced (including end-terrace),14,4,1,3,10,10,0
S01011205,Flat maisonette or apartment or mobile/temporary accommodation,5,3,1,2,2,2,0
S01011206,All households,264,222,55,167,42,25,17
S01011206,Whole house or bungalow: Total,259,218,53,165,41,25,16
S01011206,Whole house or bungalow: Detached,114,109,26,83,5,0,5
S01011206,Whole house or bungalow: Semi-detached,97,83,21,62,14,5,9
S01011206,Whole house or bungalow: Terraced (including end-terrace),48,26,6,20,22,20,2
S01011206,Flat maisonette or apartment or mobile/temporary accommodation,5,4,2,2,1,0,1
S01011207,All households,326,182,51,131,144,133,11
S01011207,Whole house or bungalow: Total,298,179,50,129,119,110,9
S01011207,Whole house or bungalow: Detached,114,111,30,81,3,2,1
S01011207,Whole house or bungalow: Semi-detached,33,11,3,8,22,18,4
S01011207,Whole house or bungalow: Terraced (including end-terrace),151,57,17,40,94,90,4
S01011207,Flat maisonette or apartment or mobile/temporary accommodation,28,3,1,2,25,23,2
S01011208,All households,345,312,71,241,33,19,14
S01011208,Whole house or bungalow: Total,330,300,66,234,30,16,14
S01011208,Whole house or bungalow: Detached,159,157,50,107,2,1,1
S01011208,Whole house or bungalow: Semi-detached,100,94,9,85,6,3,3
S01011208,Whole house or bungalow: Terraced (including end-terrace),71,49,7,42,22,12,10
S01011208,Flat maisonette or apartment or mobile/temporary accommodation,15,12,5,7,3,3,0
S01011209,All households,283,138,48,90,145,131,14
S01011209,Whole house or bungalow: Total,278,138,48,90,140,127,13
S01011209,Whole house or bungalow: Detached,20,17,9,8,3,2,1
S01011209,Whole house or bungalow: Semi-detached,98,31,10,21,67,62,5
S01011209,Whole house or bungalow: Terraced (including end-terrace),160,90,29,61,70,63,7
S01011209,Flat maisonette or apartment or mobile/temporary accommodation,5,0,0,0,5,4,1
S01011210,All households,272,204,77,127,68,64,4
S01011210,Whole house or bungalow: Total,271,203,77,126,68,64,4
S01011210,Whole house or bungalow: Detached,184,179,68,111,5,1,4
S01011210,Whole house or bungalow: Semi-detached,29,15,6,9,14,14,0
S01011210,Whole house or bungalow: Terraced (including end-terrace),58,9,3,6,49,49,0
S01011210,Flat maisonette or apartment or mobile/temporary accommodation,1,1,0,1,0,0,0
S01011211,All households,252,206,38,168,46,33,13
S01011211,Whole house or bungalow: Total,246,205,38,167,41,32,9
S01011211,Whole house or bungalow: Detached,171,164,34,130,7,1,6
S01011211,Whole house or bungalow: Semi-detached,25,17,0,17,8,7,1
S01011211,Whole house or bungalow: Terraced (including end-terrace),50,24,4,20,26,24,2
S01011211,Flat maisonette or apartment or mobile/temporary accommodation,6,1,0,1,5,1,4
S01011212,All households,213,118,36,82,95,72,23
S01011212,Whole house or bungalow: Total,209,117,36,81,92,69,23
S01011212,Whole house or bungalow: Detached,1,1,0,1,0,0,0
S01011212,Whole house or bungalow: Semi-detached,13,6,1,5,7,6,1
S01011212,Whole house or bungalow: Terraced (including end-terrace),195,110,35,75,85,63,22
S01011212,Flat maisonette or apartment or mobile/temporary accommodation,4,1,0,1,3,3,0
S01011213,All households,421,233,87,146,188,130,58
S01011213,Whole house or bungalow: Total,366,199,73,126,167,127,40
S01011213,Whole house or bungalow: Detached,52,46,21,25,6,4,2
S01011213,Whole house or bungalow: Semi-detached,19,11,0,11,8,6,2
S01011213,Whole house or bungalow: Terraced (including end-terrace),295,142,52,90,153,117,36
S01011213,Flat maisonette or apartment or mobile/temporary accommodation,55,34,14,20,21,3,18
S01011214,All households,349,195,92,103,154,107,47
S01011214,Whole house or bungalow: Total,285,186,90,96,99,64,35
S01011214,Whole house or bungalow: Detached,8,6,2,4,2,1,1
S01011214,Whole house or bungalow: Semi-detached,44,35,19,16,9,3,6
S01011214,Whole house or bungalow: Terraced (including end-terrace),233,145,69,76,88,60,28
S01011214,Flat maisonette or apartment or mobile/temporary accommodation,64,9,2,7,55,43,12
S01011215,All households,260,86,35,51,174,154,20
S01011215,Whole house or bungalow: Total,173,75,30,45,98,85,13
S01011215,Whole house or bungalow: Detached,7,1,0,1,6,6,0
S01011215,Whole house or bungalow: Semi-detached,29,12,5,7,17,15,2
S01011215,Whole house or bungalow: Terraced (including end-terrace),137,62,25,37,75,64,11
S01011215,Flat maisonette or apartment or mobile/temporary accommodation,87,11,5,6,76,69,7
S01011216,All households,240,111,52,59,129,100,29
S01011216,Whole house or bungalow: Total,116,81,41,40,35,18,17
S01011216,Whole house or bungalow: Detached,4,3,0,3,1,0,1
S01011216,Whole house or bungalow: Semi-detached,8,6,2,4,2,1,1
S01011216,Whole house or bungalow: Terraced (including end-terrace),104,72,39,33,32,17,15
S01011216,Flat maisonette or apartment or mobile/temporary accommodation,124,30,11,19,94,82,12
S01011217,All households,380,165,79,86,215,170,45
S01011217,Whole house or bungalow: Total,261,142,67,75,119,90,29
S01011217,Whole house or bungalow: Detached,7,5,3,2,2,0,2
S01011217,Whole house or bungalow: Semi-detached,54,40,23,17,14,9,5
S01011217,Whole house or bungalow: Terraced (including end-terrace),200,97,41,56,103,81,22
S01011217,Flat maisonette or apartment or mobile/temporary accommodation,119,23,12,11,96,80,16
S01011218,All households,282,80,24,56,202,166,36
S01011218,Whole house or bungalow: Total,246,76,23,53,170,138,32
S01011218,Whole house or bungalow: Detached,11,5,1,4,6,4,2
S01011218,Whole house or bungalow: Semi-detached,60,17,7,10,43,29,14
S01011218,Whole house or bungalow: Terraced (including end-terrace),175,54,15,39,121,105,16
S01011218,Flat maisonette or apartment or mobile/temporary accommodation,36,4,1,3,32,28,4
S01011219,All households,352,170,64,106,182,154,28
S01011219,Whole house or bungalow: Total,300,165,62,103,135,115,20
S01011219,Whole house or bungalow: Detached,15,9,4,5,6,5,1
S01011219,Whole house or bungalow: Semi-detached,67,38,18,20,29,26,3
S01011219,Whole house or bungalow: Terraced (including end-terrace),218,118,40,78,100,84,16
S01011219,Flat maisonette or apartment or mobile/temporary accommodation,52,5,2,3,47,39,8
S01011220,All households,425,237,93,144,188,150,38
S01011220,Whole house or bungalow: Total,282,183,73,110,99,80,19
S01011220,Whole house or bungalow: Detached,6,5,4,1,1,0,1
S01011220,Whole house or bungalow: Semi-detached,53,34,14,20,19,15,4
S01011220,Whole house or bungalow: Terraced (including end-terrace),223,144,55,89,79,65,14
S01011220,Flat maisonette or apartment or mobile/temporary accommodation,143,54,20,34,89,70,19
S01011221,All households,449,272,110,162,177,128,49
S01011221,Whole house or bungalow: Total,320,218,94,124,102,76,26
S01011221,Whole house or bungalow: Detached,5,5,1,4,0,0,0
S01011221,Whole house or bungalow: Semi-detached,96,72,33,39,24,22,2
S01011221,Whole house or bungalow: Terraced (including end-terrace),219,141,60,81,78,54,24
S01011221,Flat maisonette or apartment or mobile/temporary accommodation,129,54,16,38,75,52,23
S01011222,All households,312,178,75,103,134,115,19
S01011222,Whole house or bungalow: Total,273,168,71,97,105,91,14
S01011222,Whole house or bungalow: Detached,6,2,1,1,4,4,0
S01011222,Whole house or bungalow: Semi-detached,123,82,35,47,41,35,6
S01011222,Whole house or bungalow: Terraced (including end-terrace),144,84,35,49,60,52,8
S01011222,Flat maisonette or apartment or mobile/temporary accommodation,39,10,4,6,29,24,5
S01011223,All households,361,230,84,146,131,99,32
S01011223,Whole house or bungalow: Total,342,226,82,144,116,86,30
S01011223,Whole house or bungalow: Detached,10,6,5,1,4,1,3
S01011223,Whole house or bungalow: Semi-detached,149,97,36,61,52,37,15
S01011223,Whole house or bungalow: Terraced (including end-terrace),183,123,41,82,60,48,12
S01011223,Flat maisonette or apartment or mobile/temporary accommodation,19,4,2,2,15,13,2
S01011224,All households,350,176,87,89,174,144,30
S01011224,Whole house or bungalow: Total,155,106,50,56,49,41,8
S01011224,Whole house or bungalow: Detached,38,37,25,12,1,1,0
S01011224,Whole house or bungalow: Semi-detached,28,15,4,11,13,9,4
S01011224,Whole house or bungalow: Terraced (including end-terrace),89,54,21,33,35,31,4
S01011224,Flat maisonette or apartment or mobile/temporary accommodation,195,70,37,33,125,103,22
S01011225,All households,327,117,57,60,210,163,47
S01011225,Whole house or bungalow: Total,248,101,51,50,147,135,12
S01011225,Whole house or bungalow: Detached,24,14,7,7,10,8,2
S01011225,Whole house or bungalow: Semi-detached,79,36,20,16,43,41,2
S01011225,Whole house or bungalow: Terraced (including end-terrace),145,51,24,27,94,86,8
S01011225,Flat maisonette or apartment or mobile/temporary accommodation,79,16,6,10,63,28,35
S01011226,All households,455,361,199,162,94,66,28
S01011226,Whole house or bungalow: Total,371,317,175,142,54,38,16
S01011226,Whole house or bungalow: Detached,133,131,74,57,2,0,2
S01011226,Whole house or bungalow: Semi-detached,147,133,75,58,14,9,5
S01011226,Whole house or bungalow: Terraced (including end-terrace),91,53,26,27,38,29,9
S01011226,Flat maisonette or apartment or mobile/temporary accommodation,84,44,24,20,40,28,12
S01011227,All households,397,218,91,127,179,99,80
S01011227,Whole house or bungalow: Total,123,89,46,43,34,20,14
S01011227,Whole house or bungalow: Detached,39,33,19,14,6,1,5
S01011227,Whole house or bungalow: Semi-detached,30,21,11,10,9,4,5
S01011227,Whole house or bungalow: Terraced (including end-terrace),54,35,16,19,19,15,4
S01011227,Flat maisonette or apartment or mobile/temporary accommodation,274,129,45,84,145,79,66
S01011228,All households,450,209,98,111,241,156,85
S01011228,Whole house or bungalow: Total,222,159,72,87,63,47,16
S01011228,Whole house or bungalow: Detached,31,26,11,15,5,2,3
S01011228,Whole house or bungalow: Semi-detached,105,86,48,38,19,15,4
S01011228,Whole house or bungalow: Terraced (including end-terrace),86,47,13,34,39,30,9
S01011228,Flat maisonette or apartment or mobile/temporary accommodation,228,50,26,24,178,109,69
S01011229,All households,286,117,58,59,169,129,40
S01011229,Whole house or bungalow: Total,87,60,34,26,27,16,11
S01011229,Whole house or bungalow: Detached,28,23,15,8,5,1,4
S01011229,Whole house or bungalow: Semi-detached,16,9,2,7,7,3,4
S01011229,Whole house or bungalow: Terraced (including end-terrace),43,28,17,11,15,12,3
S01011229,Flat maisonette or apartment or mobile/temporary accommodation,199,57,24,33,142,113,29
S01011230,All households,500,81,37,44,419,401,18
S01011230,Whole house or bungalow: Total,97,35,19,16,62,55,7
S01011230,Whole house or bungalow: Detached,7,3,2,1,4,4,0
S01011230,Whole house or bungalow: Semi-detached,22,6,3,3,16,14,2
S01011230,Whole house or bungalow: Terraced (including end-terrace),68,26,14,12,42,37,5
S01011230,Flat maisonette or apartment or mobile/temporary accommodation,403,46,18,28,357,346,11
S01011231,All households,298,116,58,58,182,159,23
S01011231,Whole house or bungalow: Total,200,86,44,42,114,104,10
S01011231,Whole house or bungalow: Detached,11,7,3,4,4,3,1
S01011231,Whole house or bungalow: Semi-detached,87,37,20,17,50,43,7
S01011231,Whole house or bungalow: Terraced (including end-terrace),102,42,21,21,60,58,2
S01011231,Flat maisonette or apartment or mobile/temporary accommodation,98,30,14,16,68,55,13
S01011232,All households,513,165,65,100,348,280,68
S01011232,Whole house or bungalow: Total,179,49,28,21,130,126,4
S01011232,Whole house or bungalow: Detached,13,10,6,4,3,2,1
S01011232,Whole house or bungalow: Semi-detached,48,20,13,7,28,27,1
S01011232,Whole house or bungalow: Terraced (including end-terrace),118,19,9,10,99,97,2
S01011232,Flat maisonette or apartment or mobile/temporary accommodation,334,116,37,79,218,154,64
S01011233,All households,158,93,47,46,65,43,22
S01011233,Whole house or bungalow: Total,117,69,34,35,48,38,10
S01011233,Whole house or bungalow: Detached,33,31,13,18,2,0,2
S01011233,Whole house or bungalow: Semi-detached,52,28,16,12,24,18,6
S01011233,Whole house or bungalow: Terraced (including end-terrace),32,10,5,5,22,20,2
S01011233,Flat maisonette or apartment or mobile/temporary accommodation,41,24,13,11,17,5,12
S01011234,All households,456,195,70,125,261,230,31
S01011234,Whole house or bungalow: Total,394,177,64,113,217,193,24
S01011234,Whole house or bungalow: Detached,35,24,12,12,11,11,0
S01011234,Whole house or bungalow: Semi-detached,211,108,36,72,103,89,14
S01011234,Whole house or bungalow: Terraced (including end-terrace),148,45,16,29,103,93,10
S01011234,Flat maisonette or apartment or mobile/temporary accommodation,62,18,6,12,44,37,7
S01011235,All households,195,76,32,44,119,95,24
S01011235,Whole house or bungalow: Total,116,57,29,28,59,51,8
S01011235,Whole house or bungalow: Detached,12,9,5,4,3,3,0
S01011235,Whole house or bungalow: Semi-detached,40,29,15,14,11,8,3
S01011235,Whole house or bungalow: Terraced (including end-terrace),64,19,9,10,45,40,5
S01011235,Flat maisonette or apartment or mobile/temporary accommodation,79,19,3,16,60,44,16
S01011236,All households,284,161,75,86,123,89,34
S01011236,Whole house or bungalow: Total,175,118,61,57,57,45,12
S01011236,Whole house or bungalow: Detached,11,8,4,4,3,2,1
S01011236,Whole house or bungalow: Semi-detached,72,42,21,21,30,24,6
S01011236,Whole house or bungalow: Terraced (including end-terrace),92,68,36,32,24,19,5
S01011236,Flat maisonette or apartment or mobile/temporary accommodation,109,43,14,29,66,44,22
S01011237,All households,331,158,60,98,173,148,25
S01011237,Whole house or bungalow: Total,247,129,52,77,118,105,13
S01011237,Whole house or bungalow: Detached,10,6,4,2,4,4,0
S01011237,Whole house or bungalow: Semi-detached,136,82,37,45,54,49,5
S01011237,Whole house or bungalow: Terraced (including end-terrace),101,41,11,30,60,52,8
S01011237,Flat maisonette or apartment or mobile/temporary accommodation,84,29,8,21,55,43,12
S01011238,All households,334,108,47,61,226,187,39
S01011238,Whole house or bungalow: Total,102,29,16,13,73,64,9
S01011238,Whole house or bungalow: Detached,7,3,2,1,4,2,2
S01011238,Whole house or bungalow: Semi-detached,58,19,8,11,39,37,2
S01011238,Whole house or bungalow: Terraced (including end-terrace),37,7,6,1,30,25,5
S01011238,Flat maisonette or apartment or mobile/temporary accommodation,232,79,31,48,153,123,30
S01011239,All households,427,178,96,82,249,165,84
S01011239,Whole house or bungalow: Total,101,68,41,27,33,26,7
S01011239,Whole house or bungalow: Detached,19,17,11,6,2,2,0
S01011239,Whole house or bungalow: Semi-detached,34,28,13,15,6,2,4
S01011239,Whole house or bungalow: Terraced (including end-terrace),48,23,17,6,25,22,3
S01011239,Flat maisonette or apartment or mobile/temporary accommodation,326,110,55,55,216,139,77
S01011240,All households,481,166,70,96,315,190,125
S01011240,Whole house or bungalow: Total,65,28,10,18,37,29,8
S01011240,Whole house or bungalow: Detached,8,5,2,3,3,1,2
S01011240,Whole house or bungalow: Semi-detached,14,6,0,6,8,6,2
S01011240,Whole house or bungalow: Terraced (including end-terrace),43,17,8,9,26,22,4
S01011240,Flat maisonette or apartment or mobile/temporary accommodation,416,138,60,78,278,161,117
S01011241,All households,540,313,151,162,227,107,120
S01011241,Whole house or bungalow: Total,165,146,66,80,19,10,9
S01011241,Whole house or bungalow: Detached,32,32,14,18,0,0,0
S01011241,Whole house or bungalow: Semi-detached,76,68,27,41,8,3,5
S01011241,Whole house or bungalow: Terraced (including end-terrace),57,46,25,21,11,7,4
S01011241,Flat maisonette or apartment or mobile/temporary accommodation,375,167,85,82,208,97,111
S01011242,All households,383,224,108,116,159,115,44
S01011242,Whole house or bungalow: Total,159,135,59,76,24,16,8
S01011242,Whole house or bungalow: Detached,68,60,29,31,8,6,2
S01011242,Whole house or bungalow: Semi-detached,81,69,27,42,12,7,5
S01011242,Whole house or bungalow: Terraced (including end-terrace),10,6,3,3,4,3,1
S01011242,Flat maisonette or apartment or mobile/temporary accommodation,224,89,49,40,135,99,36
S01011243,All households,545,133,50,83,412,305,107
S01011243,Whole house or bungalow: Total,74,47,19,28,27,17,10
S01011243,Whole house or bungalow: Detached,6,4,2,2,2,2,0
S01011243,Whole house or bungalow: Semi-detached,14,6,2,4,8,6,2
S01011243,Whole house or bungalow: Terraced (including end-terrace),54,37,15,22,17,9,8
S01011243,Flat maisonette or apartment or mobile/temporary accommodation,471,86,31,55,385,288,97
S01011244,All households,409,119,48,71,290,203,87
S01011244,Whole house or bungalow: Total,65,45,18,27,20,9,11
S01011244,Whole house or bungalow: Detached,12,9,2,7,3,0,3
S01011244,Whole house or bungalow: Semi-detached,36,26,13,13,10,3,7
S01011244,Whole house or bungalow: Terraced (including end-terrace),17,10,3,7,7,6,1
S01011244,Flat maisonette or apartment or mobile/temporary accommodation,344,74,30,44,270,194,76
S01011245,All households,446,176,84,92,270,243,27
S01011245,Whole house or bungalow: Total,257,155,74,81,102,86,16
S01011245,Whole house or bungalow: Detached,31,12,6,6,19,17,2
S01011245,Whole house or bungalow: Semi-detached,121,80,45,35,41,36,5
S01011245,Whole house or bungalow: Terraced (including end-terrace),105,63,23,40,42,33,9
S01011245,Flat maisonette or apartment or mobile/temporary accommodation,189,21,10,11,168,157,11
S01011246,All households,439,310,156,154,129,50,79
S01011246,Whole house or bungalow: Total,222,195,104,91,27,9,18
S01011246,Whole house or bungalow: Detached,72,67,27,40,5,0,5
S01011246,Whole house or bungalow: Semi-detached,101,94,60,34,7,3,4
S01011246,Whole house or bungalow: Terraced (including end-terrace),49,34,17,17,15,6,9
S01011246,Flat maisonette or apartment or mobile/temporary accommodation,217,115,52,63,102,41,61
S01011247,All households,357,311,169,142,46,20,26
S01011247,Whole house or bungalow: Total,306,269,149,120,37,15,22
S01011247,Whole house or bungalow: Detached,182,167,100,67,15,1,14
S01011247,Whole house or bungalow: Semi-detached,88,83,38,45,5,3,2
S01011247,Whole house or bungalow: Terraced (including end-terrace),36,19,11,8,17,11,6
S01011247,Flat maisonette or apartment or mobile/temporary accommodation,51,42,20,22,9,5,4
S01011248,All households,317,250,104,146,67,43,24
S01011248,Whole house or bungalow: Total,294,240,101,139,54,38,16
S01011248,Whole house or bungalow: Detached,79,78,42,36,1,0,1
S01011248,Whole house or bungalow: Semi-detached,142,114,45,69,28,17,11
S01011248,Whole house or bungalow: Terraced (including end-terrace),73,48,14,34,25,21,4
S01011248,Flat maisonette or apartment or mobile/temporary accommodation,23,10,3,7,13,5,8
S01011249,All households,308,278,118,160,30,12,18
S01011249,Whole house or bungalow: Total,293,267,116,151,26,12,14
S01011249,Whole house or bungalow: Detached,154,151,73,78,3,1,2
S01011249,Whole house or bungalow: Semi-detached,116,104,39,65,12,4,8
S01011249,Whole house or bungalow: Terraced (including end-terrace),23,12,4,8,11,7,4
S01011249,Flat maisonette or apartment or mobile/temporary accommodation,15,11,2,9,4,0,4
S01011250,All households,446,213,58,155,233,204,29
S01011250,Whole house or bungalow: Total,386,191,50,141,195,172,23
S01011250,Whole house or bungalow: Detached,16,9,3,6,7,7,0
S01011250,Whole house or bungalow: Semi-detached,157,96,22,74,61,54,7
S01011250,Whole house or bungalow: Terraced (including end-terrace),213,86,25,61,127,111,16
S01011250,Flat maisonette or apartment or mobile/temporary accommodation,60,22,8,14,38,32,6
S01011251,All households,385,202,81,121,183,143,40
S01011251,Whole house or bungalow: Total,374,198,78,120,176,136,40
S01011251,Whole house or bungalow: Detached,16,9,4,5,7,4,3
S01011251,Whole house or bungalow: Semi-detached,211,118,46,72,93,71,22
S01011251,Whole house or bungalow: Terraced (including end-terrace),147,71,28,43,76,61,15
S01011251,Flat maisonette or apartment or mobile/temporary accommodation,11,4,3,1,7,7,0
S01011252,All households,344,129,38,91,215,186,29
S01011252,Whole house or bungalow: Total,322,126,38,88,196,172,24
S01011252,Whole house or bungalow: Detached,24,6,2,4,18,16,2
S01011252,Whole house or bungalow: Semi-detached,116,53,13,40,63,52,11
S01011252,Whole house or bungalow: Terraced (including end-terrace),182,67,23,44,115,104,11
S01011252,Flat maisonette or apartment or mobile/temporary accommodation,22,3,0,3,19,14,5
S01011253,All households,391,133,44,89,258,233,25
S01011253,Whole house or bungalow: Total,287,125,43,82,162,148,14
S01011253,Whole house or bungalow: Detached,16,9,2,7,7,6,1
S01011253,Whole house or bungalow: Semi-detached,77,41,13,28,36,34,2
S01011253,Whole house or bungalow: Terraced (including end-terrace),194,75,28,47,119,108,11
S01011253,Flat maisonette or apartment or mobile/temporary accommodation,104,8,1,7,96,85,11
S01011254,All households,359,339,134,205,20,6,14
S01011254,Whole house or bungalow: Total,355,338,134,204,17,5,12
S01011254,Whole house or bungalow: Detached,140,137,52,85,3,1,2
S01011254,Whole house or bungalow: Semi-detached,209,195,78,117,14,4,10
S01011254,Whole house or bungalow: Terraced (including end-terrace),6,6,4,2,0,0,0
S01011254,Flat maisonette or apartment or mobile/temporary accommodation,4,1,0,1,3,1,2
S01011255,All households,267,256,56,200,11,6,5
S01011255,Whole house or bungalow: Total,263,253,55,198,10,6,4
S01011255,Whole house or bungalow: Detached,224,223,47,176,1,0,1
S01011255,Whole house or bungalow: Semi-detached,31,26,7,19,5,2,3
S01011255,Whole house or bungalow: Terraced (including end-terrace),8,4,1,3,4,4,0
S01011255,Flat maisonette or apartment or mobile/temporary accommodation,4,3,1,2,1,0,1
S01011256,All households,169,150,30,120,19,7,12
S01011256,Whole house or bungalow: Total,166,147,29,118,19,7,12
S01011256,Whole house or bungalow: Detached,75,72,13,59,3,0,3
S01011256,Whole house or bungalow: Semi-detached,79,72,15,57,7,0,7
S01011256,Whole house or bungalow: Terraced (including end-terrace),12,3,1,2,9,7,2
S01011256,Flat maisonette or apartment or mobile/temporary accommodation,3,3,1,2,0,0,0
S01011257,All households,188,179,130,49,9,5,4
S01011257,Whole house or bungalow: Total,186,178,130,48,8,4,4
S01011257,Whole house or bungalow: Detached,124,121,92,29,3,0,3
S01011257,Whole house or bungalow: Semi-detached,55,54,37,17,1,0,1
S01011257,Whole house or bungalow: Terraced (including end-terrace),7,3,1,2,4,4,0
S01011257,Flat maisonette or apartment or mobile/temporary accommodation,2,1,0,1,1,1,0
S01011258,All households,229,191,78,113,38,28,10
S01011258,Whole house or bungalow: Total,197,173,73,100,24,19,5
S01011258,Whole house or bungalow: Detached,48,42,17,25,6,5,1
S01011258,Whole house or bungalow: Semi-detached,109,101,42,59,8,6,2
S01011258,Whole house or bungalow: Terraced (including end-terrace),40,30,14,16,10,8,2
S01011258,Flat maisonette or apartment or mobile/temporary accommodation,32,18,5,13,14,9,5
S01011259,All households,383,235,125,110,148,106,42
S01011259,Whole house or bungalow: Total,165,144,74,70,21,16,5
S01011259,Whole house or bungalow: Detached,25,21,12,9,4,2,2
S01011259,Whole house or bungalow: Semi-detached,91,82,40,42,9,8,1
S01011259,Whole house or bungalow: Terraced (including end-terrace),49,41,22,19,8,6,2
S01011259,Flat maisonette or apartment or mobile/temporary accommodation,218,91,51,40,127,90,37
S01011260,All households,336,279,166,113,57,35,22
S01011260,Whole house or bungalow: Total,226,214,133,81,12,7,5
S01011260,Whole house or bungalow: Detached,143,141,94,47,2,1,1
S01011260,Whole house or bungalow: Semi-detached,55,51,30,21,4,1,3
S01011260,Whole house or bungalow: Terraced (including end-terrace),28,22,9,13,6,5,1
S01011260,Flat maisonette or apartment or mobile/temporary accommodation,110,65,33,32,45,28,17
S01011261,All households,310,144,55,89,166,148,18
S01011261,Whole house or bungalow: Total,232,124,47,77,108,96,12
S01011261,Whole house or bungalow: Detached,19,15,5,10,4,3,1
S01011261,Whole house or bungalow: Semi-detached,122,69,29,40,53,46,7
S01011261,Whole house or bungalow: Terraced (including end-terrace),91,40,13,27,51,47,4
S01011261,Flat maisonette or apartment or mobile/temporary accommodation,78,20,8,12,58,52,6
S01011262,All households,223,139,71,68,84,63,21
S01011262,Whole house or bungalow: Total,211,136,69,67,75,55,20
S01011262,Whole house or bungalow: Detached,21,19,13,6,2,0,2
S01011262,Whole house or bungalow: Semi-detached,132,91,45,46,41,30,11
S01011262,Whole house or bungalow: Terraced (including end-terrace),58,26,11,15,32,25,7
S01011262,Flat maisonette or apartment or mobile/temporary accommodation,12,3,2,1,9,8,1
S01011263,All households,431,280,70,210,151,104,47
S01011263,Whole house or bungalow: Total,402,261,69,192,141,100,41
S01011263,Whole house or bungalow: Detached,86,80,15,65,6,4,2
S01011263,Whole house or bungalow: Semi-detached,142,84,24,60,58,41,17
S01011263,Whole house or bungalow: Terraced (including end-terrace),174,97,30,67,77,55,22
S01011263,Flat maisonette or apartment or mobile/temporary accommodation,29,19,1,18,10,4,6
S01011264,All households,259,124,39,85,135,106,29
S01011264,Whole house or bungalow: Total,253,121,38,83,132,103,29
S01011264,Whole house or bungalow: Detached,13,9,2,7,4,4,0
S01011264,Whole house or bungalow: Semi-detached,139,69,22,47,70,50,20
S01011264,Whole house or bungalow: Terraced (including end-terrace),101,43,14,29,58,49,9
S01011264,Flat maisonette or apartment or mobile/temporary accommodation,6,3,1,2,3,3,0
S01011265,All households,468,150,45,105,318,277,41
S01011265,Whole house or bungalow: Total,420,145,44,101,275,242,33
S01011265,Whole house or bungalow: Detached,12,5,2,3,7,6,1
S01011265,Whole house or bungalow: Semi-detached,145,53,14,39,92,86,6
S01011265,Whole house or bungalow: Terraced (including end-terrace),263,87,28,59,176,150,26
S01011265,Flat maisonette or apartment or mobile/temporary accommodation,48,5,1,4,43,35,8
S01011266,All households,383,265,107,158,118,95,23
S01011266,Whole house or bungalow: Total,368,262,104,158,106,83,23
S01011266,Whole house or bungalow: Detached,21,18,5,13,3,2,1
S01011266,Whole house or bungalow: Semi-detached,230,167,71,96,63,54,9
S01011266,Whole house or bungalow: Terraced (including end-terrace),117,77,28,49,40,27,13
S01011266,Flat maisonette or apartment or mobile/temporary accommodation,15,3,3,0,12,12,0
S01011267,All households,266,200,121,79,66,48,18
S01011267,Whole house or bungalow: Total,168,157,94,63,11,7,4
S01011267,Whole house or bungalow: Detached,82,77,57,20,5,2,3
S01011267,Whole house or bungalow: Semi-detached,64,60,31,29,4,3,1
S01011267,Whole house or bungalow: Terraced (including end-terrace),22,20,6,14,2,2,0
S01011267,Flat maisonette or apartment or mobile/temporary accommodation,98,43,27,16,55,41,14
S01011268,All households,186,121,73,48,65,37,28
S01011268,Whole house or bungalow: Total,128,108,70,38,20,12,8
S01011268,Whole house or bungalow: Detached,55,49,35,14,6,0,6
S01011268,Whole house or bungalow: Semi-detached,45,41,26,15,4,2,2
S01011268,Whole house or bungalow: Terraced (including end-terrace),28,18,9,9,10,10,0
S01011268,Flat maisonette or apartment or mobile/temporary accommodation,58,13,3,10,45,25,20
S01011269,All households,279,143,70,73,136,112,24
S01011269,Whole house or bungalow: Total,138,94,51,43,44,36,8
S01011269,Whole house or bungalow: Detached,51,40,22,18,11,8,3
S01011269,Whole house or bungalow: Semi-detached,52,32,16,16,20,16,4
S01011269,Whole house or bungalow: Terraced (including end-terrace),35,22,13,9,13,12,1
S01011269,Flat maisonette or apartment or mobile/temporary accommodation,141,49,19,30,92,76,16
S01011270,All households,349,147,67,80,202,138,64
S01011270,Whole house or bungalow: Total,246,113,57,56,133,102,31
S01011270,Whole house or bungalow: Detached,20,10,8,2,10,7,3
S01011270,Whole house or bungalow: Semi-detached,49,25,18,7,24,21,3
S01011270,Whole house or bungalow: Terraced (including end-terrace),177,78,31,47,99,74,25
S01011270,Flat maisonette or apartment or mobile/temporary accommodation,103,34,10,24,69,36,33
S01011271,All households,357,206,108,98,151,113,38
S01011271,Whole house or bungalow: Total,325,202,106,96,123,93,30
S01011271,Whole house or bungalow: Detached,28,23,17,6,5,3,2
S01011271,Whole house or bungalow: Semi-detached,109,83,46,37,26,18,8
S01011271,Whole house or bungalow: Terraced (including end-terrace),188,96,43,53,92,72,20
S01011271,Flat maisonette or apartment or mobile/temporary accommodation,32,4,2,2,28,20,8
S01011272,All households,380,173,71,102,207,159,48
S01011272,Whole house or bungalow: Total,172,114,42,72,58,45,13
S01011272,Whole house or bungalow: Detached,27,24,12,12,3,1,2
S01011272,Whole house or bungalow: Semi-detached,79,51,19,32,28,21,7
S01011272,Whole house or bungalow: Terraced (including end-terrace),66,39,11,28,27,23,4
S01011272,Flat maisonette or apartment or mobile/temporary accommodation,208,59,29,30,149,114,35
S01011273,All households,339,180,63,117,159,140,19
S01011273,Whole house or bungalow: Total,296,173,60,113,123,110,13
S01011273,Whole house or bungalow: Detached,12,6,2,4,6,6,0
S01011273,Whole house or bungalow: Semi-detached,62,33,12,21,29,28,1
S01011273,Whole house or bungalow: Terraced (including end-terrace),222,134,46,88,88,76,12
S01011273,Flat maisonette or apartment or mobile/temporary accommodation,43,7,3,4,36,30,6
S01011274,All households,395,187,59,128,208,135,73
S01011274,Whole house or bungalow: Total,261,139,36,103,122,93,29
S01011274,Whole house or bungalow: Detached,24,17,6,11,7,4,3
S01011274,Whole house or bungalow: Semi-detached,99,51,12,39,48,29,19
S01011274,Whole house or bungalow: Terraced (including end-terrace),138,71,18,53,67,60,7
S01011274,Flat maisonette or apartment or mobile/temporary accommodation,134,48,23,25,86,42,44
S01011275,All households,277,90,34,56,187,172,15
S01011275,Whole house or bungalow: Total,259,87,32,55,172,159,13
S01011275,Whole house or bungalow: Detached,7,3,3,0,4,3,1
S01011275,Whole house or bungalow: Semi-detached,150,53,17,36,97,90,7
S01011275,Whole house or bungalow: Terraced (including end-terrace),102,31,12,19,71,66,5
S01011275,Flat maisonette or apartment or mobile/temporary accommodation,18,3,2,1,15,13,2
S01011276,All households,405,237,96,141,168,143,25
S01011276,Whole house or bungalow: Total,379,227,95,132,152,130,22
S01011276,Whole house or bungalow: Detached,76,68,26,42,8,6,2
S01011276,Whole house or bungalow: Semi-detached,132,76,38,38,56,45,11
S01011276,Whole house or bungalow: Terraced (including end-terrace),171,83,31,52,88,79,9
S01011276,Flat maisonette or apartment or mobile/temporary accommodation,26,10,1,9,16,13,3
S01011277,All households,284,255,101,154,29,7,22
S01011277,Whole house or bungalow: Total,228,213,81,132,15,4,11
S01011277,Whole house or bungalow: Detached,58,58,28,30,0,0,0
S01011277,Whole house or bungalow: Semi-detached,148,139,49,90,9,1,8
S01011277,Whole house or bungalow: Terraced (including end-terrace),22,16,4,12,6,3,3
S01011277,Flat maisonette or apartment or mobile/temporary accommodation,56,42,20,22,14,3,11
S01011278,All households,230,194,59,135,36,6,30
S01011278,Whole house or bungalow: Total,210,181,54,127,29,2,27
S01011278,Whole house or bungalow: Detached,28,28,12,16,0,0,0
S01011278,Whole house or bungalow: Semi-detached,161,138,37,101,23,0,23
S01011278,Whole house or bungalow: Terraced (including end-terrace),21,15,5,10,6,2,4
S01011278,Flat maisonette or apartment or mobile/temporary accommodation,20,13,5,8,7,4,3
S01011279,All households,302,245,106,139,57,24,33
S01011279,Whole house or bungalow: Total,226,195,90,105,31,21,10
S01011279,Whole house or bungalow: Detached,48,48,21,27,0,0,0
S01011279,Whole house or bungalow: Semi-detached,128,119,59,60,9,4,5
S01011279,Whole house or bungalow: Terraced (including end-terrace),50,28,10,18,22,17,5
S01011279,Flat maisonette or apartment or mobile/temporary accommodation,76,50,16,34,26,3,23
S01011280,All households,231,215,125,90,16,11,5
S01011280,Whole house or bungalow: Total,227,213,124,89,14,9,5
S01011280,Whole house or bungalow: Detached,170,168,103,65,2,0,2
S01011280,Whole house or bungalow: Semi-detached,22,18,8,10,4,3,1
S01011280,Whole house or bungalow: Terraced (including end-terrace),35,27,13,14,8,6,2
S01011280,Flat maisonette or apartment or mobile/temporary accommodation,4,2,1,1,2,2,0
S01011281,All households,238,211,62,149,27,8,19
S01011281,Whole house or bungalow: Total,218,200,60,140,18,6,12
S01011281,Whole house or bungalow: Detached,144,136,41,95,8,1,7
S01011281,Whole house or bungalow: Semi-detached,46,42,15,27,4,1,3
S01011281,Whole house or bungalow: Terraced (including end-terrace),28,22,4,18,6,4,2
S01011281,Flat maisonette or apartment or mobile/temporary accommodation,20,11,2,9,9,2,7
S01011282,All households,341,268,63,205,73,56,17
S01011282,Whole house or bungalow: Total,334,266,62,204,68,52,16
S01011282,Whole house or bungalow: Detached,161,155,34,121,6,1,5
S01011282,Whole house or bungalow: Semi-detached,82,63,13,50,19,13,6
S01011282,Whole house or bungalow: Terraced (including end-terrace),91,48,15,33,43,38,5
S01011282,Flat maisonette or apartment or mobile/temporary accommodation,7,2,1,1,5,4,1
S01011283,All households,251,238,37,201,13,4,9
S01011283,Whole house or bungalow: Total,244,233,36,197,11,3,8
S01011283,Whole house or bungalow: Detached,186,180,28,152,6,0,6
S01011283,Whole house or bungalow: Semi-detached,34,31,4,27,3,1,2
S01011283,Whole house or bungalow: Terraced (including end-terrace),24,22,4,18,2,2,0
S01011283,Flat maisonette or apartment or mobile/temporary accommodation,7,5,1,4,2,1,1
S01011284,All households,192,179,20,159,13,4,9
S01011284,Whole house or bungalow: Total,187,175,18,157,12,3,9
S01011284,Whole house or bungalow: Detached,169,161,17,144,8,0,8
S01011284,Whole house or bungalow: Semi-detached,10,9,1,8,1,0,1
S01011284,Whole house or bungalow: Terraced (including end-terrace),8,5,0,5,3,3,0
S01011284,Flat maisonette or apartment or mobile/temporary accommodation,5,4,2,2,1,1,0
S01011285,All households,297,138,50,88,159,136,23
S01011285,Whole house or bungalow: Total,288,136,49,87,152,131,21
S01011285,Whole house or bungalow: Detached,10,6,2,4,4,3,1
S01011285,Whole house or bungalow: Semi-detached,67,36,20,16,31,25,6
S01011285,Whole house or bungalow: Terraced (including end-terrace),211,94,27,67,117,103,14
S01011285,Flat maisonette or apartment or mobile/temporary accommodation,9,2,1,1,7,5,2
S01011286,All households,298,139,49,90,159,141,18
S01011286,Whole house or bungalow: Total,270,138,49,89,132,117,15
S01011286,Whole house or bungalow: Detached,18,12,4,8,6,6,0
S01011286,Whole house or bungalow: Semi-detached,66,43,14,29,23,21,2
S01011286,Whole house or bungalow: Terraced (including end-terrace),186,83,31,52,103,90,13
S01011286,Flat maisonette or apartment or mobile/temporary accommodation,28,1,0,1,27,24,3
S01011287,All households,337,171,69,102,166,145,21
S01011287,Whole house or bungalow: Total,266,148,59,89,118,102,16
S01011287,Whole house or bungalow: Detached,19,15,10,5,4,0,4
S01011287,Whole house or bungalow: Semi-detached,57,31,11,20,26,23,3
S01011287,Whole house or bungalow: Terraced (including end-terrace),190,102,38,64,88,79,9
S01011287,Flat maisonette or apartment or mobile/temporary accommodation,71,23,10,13,48,43,5
S01011288,All households,318,184,63,121,134,108,26
S01011288,Whole house or bungalow: Total,308,181,62,119,127,104,23
S01011288,Whole house or bungalow: Detached,12,5,2,3,7,5,2
S01011288,Whole house or bungalow: Semi-detached,38,14,7,7,24,20,4
S01011288,Whole house or bungalow: Terraced (including end-terrace),258,162,53,109,96,79,17
S01011288,Flat maisonette or apartment or mobile/temporary accommodation,10,3,1,2,7,4,3
S01011289,All households,431,237,105,132,194,166,28
S01011289,Whole house or bungalow: Total,399,227,99,128,172,148,24
S01011289,Whole house or bungalow: Detached,18,10,2,8,8,6,2
S01011289,Whole house or bungalow: Semi-detached,190,108,42,66,82,71,11
S01011289,Whole house or bungalow: Terraced (including end-terrace),191,109,55,54,82,71,11
S01011289,Flat maisonette or apartment or mobile/temporary accommodation,32,10,6,4,22,18,4
S01011290,All households,503,258,124,134,245,210,35
S01011290,Whole house or bungalow: Total,342,224,104,120,118,91,27
S01011290,Whole house or bungalow: Detached,70,59,31,28,11,3,8
S01011290,Whole house or bungalow: Semi-detached,154,92,37,55,62,51,11
S01011290,Whole house or bungalow: Terraced (including end-terrace),118,73,36,37,45,37,8
S01011290,Flat maisonette or apartment or mobile/temporary accommodation,161,34,20,14,127,119,8
S01011291,All households,407,234,110,124,173,147,26
S01011291,Whole house or bungalow: Total,200,140,73,67,60,53,7
S01011291,Whole house or bungalow: Detached,35,34,22,12,1,1,0
S01011291,Whole house or bungalow: Semi-detached,96,66,32,34,30,25,5
S01011291,Whole house or bungalow: Terraced (including end-terrace),69,40,19,21,29,27,2
S01011291,Flat maisonette or apartment or mobile/temporary accommodation,207,94,37,57,113,94,19
S01011292,All households,332,111,36,75,221,208,13
S01011292,Whole house or bungalow: Total,186,91,29,62,95,89,6
S01011292,Whole house or bungalow: Detached,10,10,5,5,0,0,0
S01011292,Whole house or bungalow: Semi-detached,72,52,14,38,20,17,3
S01011292,Whole house or bungalow: Terraced (including end-terrace),104,29,10,19,75,72,3
S01011292,Flat maisonette or apartment or mobile/temporary accommodation,146,20,7,13,126,119,7
S01011293,All households,341,163,64,99,178,161,17
S01011293,Whole house or bungalow: Total,266,138,51,87,128,114,14
S01011293,Whole house or bungalow: Detached,19,16,2,14,3,3,0
S01011293,Whole house or bungalow: Semi-detached,103,55,25,30,48,45,3
S01011293,Whole house or bungalow: Terraced (including end-terrace),144,67,24,43,77,66,11
S01011293,Flat maisonette or apartment or mobile/temporary accommodation,75,25,13,12,50,47,3
S01011294,All households,487,194,94,100,293,232,61
S01011294,Whole house or bungalow: Total,242,138,69,69,104,85,19
S01011294,Whole house or bungalow: Detached,30,27,15,12,3,0,3
S01011294,Whole house or bungalow: Semi-detached,101,64,31,33,37,28,9
S01011294,Whole house or bungalow: Terraced (including end-terrace),111,47,23,24,64,57,7
S01011294,Flat maisonette or apartment or mobile/temporary accommodation,245,56,25,31,189,147,42
S01011295,All households,448,342,178,164,106,70,36
S01011295,Whole house or bungalow: Total,305,291,162,129,14,4,10
S01011295,Whole house or bungalow: Detached,218,212,126,86,6,0,6
S01011295,Whole house or bungalow: Semi-detached,65,58,26,32,7,3,4
S01011295,Whole house or bungalow: Terraced (including end-terrace),22,21,10,11,1,1,0
S01011295,Flat maisonette or apartment or mobile/temporary accommodation,143,51,16,35,92,66,26
S01011296,All households,280,172,93,79,108,92,16
S01011296,Whole house or bungalow: Total,219,158,87,71,61,48,13
S01011296,Whole house or bungalow: Detached,58,56,39,17,2,1,1
S01011296,Whole house or bungalow: Semi-detached,122,80,38,42,42,35,7
S01011296,Whole house or bungalow: Terraced (including end-terrace),39,22,10,12,17,12,5
S01011296,Flat maisonette or apartment or mobile/temporary accommodation,61,14,6,8,47,44,3
S01011297,All households,311,152,56,96,159,143,16
S01011297,Whole house or bungalow: Total,242,126,43,83,116,104,12
S01011297,Whole house or bungalow: Detached,19,10,4,6,9,6,3
S01011297,Whole house or bungalow: Semi-detached,157,84,32,52,73,66,7
S01011297,Whole house or bungalow: Terraced (including end-terrace),66,32,7,25,34,32,2
S01011297,Flat maisonette or apartment or mobile/temporary accommodation,69,26,13,13,43,39,4
S01011298,All households,230,98,31,67,132,115,17
S01011298,Whole house or bungalow: Total,203,90,27,63,113,101,12
S01011298,Whole house or bungalow: Detached,11,6,4,2,5,5,0
S01011298,Whole house or bungalow: Semi-detached,142,65,16,49,77,68,9
S01011298,Whole house or bungalow: Terraced (including end-terrace),50,19,7,12,31,28,3
S01011298,Flat maisonette or apartment or mobile/temporary accommodation,27,8,4,4,19,14,5
S01011299,All households,197,162,96,66,35,3,32
S01011299,Whole house or bungalow: Total,184,154,93,61,30,2,28
S01011299,Whole house or bungalow: Detached,140,120,76,44,20,0,20
S01011299,Whole house or bungalow: Semi-detached,32,22,13,9,10,2,8
S01011299,Whole house or bungalow: Terraced (including end-terrace),12,12,4,8,0,0,0
S01011299,Flat maisonette or apartment or mobile/temporary accommodation,13,8,3,5,5,1,4
S01011300,All households,423,193,87,106,230,213,17
S01011300,Whole house or bungalow: Total,396,191,86,105,205,191,14
S01011300,Whole house or bungalow: Detached,20,14,6,8,6,6,0
S01011300,Whole house or bungalow: Semi-detached,160,76,30,46,84,80,4
S01011300,Whole house or bungalow: Terraced (including end-terrace),216,101,50,51,115,105,10
S01011300,Flat maisonette or apartment or mobile/temporary accommodation,27,2,1,1,25,22,3
S01011301,All households,309,267,130,137,42,8,34
S01011301,Whole house or bungalow: Total,258,234,120,114,24,6,18
S01011301,Whole house or bungalow: Detached,154,139,69,70,15,0,15
S01011301,Whole house or bungalow: Semi-detached,88,85,45,40,3,1,2
S01011301,Whole house or bungalow: Terraced (including end-terrace),16,10,6,4,6,5,1
S01011301,Flat maisonette or apartment or mobile/temporary accommodation,51,33,10,23,18,2,16
S01011302,All households,522,242,126,116,280,232,48
S01011302,Whole house or bungalow: Total,169,88,47,41,81,72,9
S01011302,Whole house or bungalow: Detached,29,23,9,14,6,3,3
S01011302,Whole house or bungalow: Semi-detached,60,29,13,16,31,27,4
S01011302,Whole house or bungalow: Terraced (including end-terrace),80,36,25,11,44,42,2
S01011302,Flat maisonette or apartment or mobile/temporary accommodation,353,154,79,75,199,160,39
S01011303,All households,427,361,157,204,66,11,55
S01011303,Whole house or bungalow: Total,328,301,136,165,27,10,17
S01011303,Whole house or bungalow: Detached,171,161,76,85,10,3,7
S01011303,Whole house or bungalow: Semi-detached,111,103,45,58,8,5,3
S01011303,Whole house or bungalow: Terraced (including end-terrace),46,37,15,22,9,2,7
S01011303,Flat maisonette or apartment or mobile/temporary accommodation,99,60,21,39,39,1,38
S01011304,All households,282,137,56,81,145,131,14
S01011304,Whole house or bungalow: Total,269,131,53,78,138,126,12
S01011304,Whole house or bungalow: Detached,34,32,16,16,2,2,0
S01011304,Whole house or bungalow: Semi-detached,123,48,12,36,75,69,6
S01011304,Whole house or bungalow: Terraced (including end-terrace),112,51,25,26,61,55,6
S01011304,Flat maisonette or apartment or mobile/temporary accommodation,13,6,3,3,7,5,2
S01011305,All households,342,187,50,137,155,135,20
S01011305,Whole house or bungalow: Total,321,186,50,136,135,118,17
S01011305,Whole house or bungalow: Detached,97,89,13,76,8,5,3
S01011305,Whole house or bungalow: Semi-detached,59,28,14,14,31,28,3
S01011305,Whole house or bungalow: Terraced (including end-terrace),165,69,23,46,96,85,11
S01011305,Flat maisonette or apartment or mobile/temporary accommodation,21,1,0,1,20,17,3
S01011306,All households,282,161,99,62,121,94,27
S01011306,Whole house or bungalow: Total,274,159,99,60,115,91,24
S01011306,Whole house or bungalow: Detached,39,34,19,15,5,2,3
S01011306,Whole house or bungalow: Semi-detached,129,93,59,34,36,27,9
S01011306,Whole house or bungalow: Terraced (including end-terrace),106,32,21,11,74,62,12
S01011306,Flat maisonette or apartment or mobile/temporary accommodation,8,2,0,2,6,3,3
S01011307,All households,188,151,95,56,37,4,33
S01011307,Whole house or bungalow: Total,173,142,87,55,31,2,29
S01011307,Whole house or bungalow: Detached,107,96,63,33,11,0,11
S01011307,Whole house or bungalow: Semi-detached,46,31,21,10,15,1,14
S01011307,Whole house or bungalow: Terraced (including end-terrace),20,15,3,12,5,1,4
S01011307,Flat maisonette or apartment or mobile/temporary accommodation,15,9,8,1,6,2,4
S01011308,All households,186,146,90,56,40,4,36
S01011308,Whole house or bungalow: Total,161,126,75,51,35,3,32
S01011308,Whole house or bungalow: Detached,103,84,51,33,19,2,17
S01011308,Whole house or bungalow: Semi-detached,44,33,18,15,11,1,10
S01011308,Whole house or bungalow: Terraced (including end-terrace),14,9,6,3,5,0,5
S01011308,Flat maisonette or apartment or mobile/temporary accommodation,25,20,15,5,5,1,4
S01011309,All households,333,314,184,130,19,4,15
S01011309,Whole house or bungalow: Total,265,259,153,106,6,2,4
S01011309,Whole house or bungalow: Detached,196,195,120,75,1,0,1
S01011309,Whole house or bungalow: Semi-detached,54,52,28,24,2,0,2
S01011309,Whole house or bungalow: Terraced (including end-terrace),15,12,5,7,3,2,1
S01011309,Flat maisonette or apartment or mobile/temporary accommodation,68,55,31,24,13,2,11
S01011310,All households,341,247,140,107,94,44,50
S01011310,Whole house or bungalow: Total,256,190,111,79,66,42,24
S01011310,Whole house or bungalow: Detached,64,59,41,18,5,1,4
S01011310,Whole house or bungalow: Semi-detached,108,77,41,36,31,18,13
S01011310,Whole house or bungalow: Terraced (including end-terrace),84,54,29,25,30,23,7
S01011310,Flat maisonette or apartment or mobile/temporary accommodation,85,57,29,28,28,2,26
S01011311,All households,305,280,178,102,25,6,19
S01011311,Whole house or bungalow: Total,279,265,173,92,14,3,11
S01011311,Whole house or bungalow: Detached,195,192,134,58,3,0,3
S01011311,Whole house or bungalow: Semi-detached,78,70,39,31,8,0,8
S01011311,Whole house or bungalow: Terraced (including end-terrace),6,3,0,3,3,3,0
S01011311,Flat maisonette or apartment or mobile/temporary accommodation,26,15,5,10,11,3,8
S01011312,All households,493,457,295,162,36,7,29
S01011312,Whole house or bungalow: Total,382,370,237,133,12,5,7
S01011312,Whole house or bungalow: Detached,254,250,169,81,4,0,4
S01011312,Whole house or bungalow: Semi-detached,109,105,59,46,4,2,2
S01011312,Whole house or bungalow: Terraced (including end-terrace),19,15,9,6,4,3,1
S01011312,Flat maisonette or apartment or mobile/temporary accommodation,111,87,58,29,24,2,22
S01011313,All households,368,274,132,142,94,45,49
S01011313,Whole house or bungalow: Total,184,173,85,88,11,7,4
S01011313,Whole house or bungalow: Detached,53,53,28,25,0,0,0
S01011313,Whole house or bungalow: Semi-detached,113,108,53,55,5,2,3
S01011313,Whole house or bungalow: Terraced (including end-terrace),18,12,4,8,6,5,1
S01011313,Flat maisonette or apartment or mobile/temporary accommodation,184,101,47,54,83,38,45
S01011314,All households,487,371,166,205,116,43,73
S01011314,Whole house or bungalow: Total,364,325,144,181,39,18,21
S01011314,Whole house or bungalow: Detached,213,198,90,108,15,1,14
S01011314,Whole house or bungalow: Semi-detached,117,107,49,58,10,5,5
S01011314,Whole house or bungalow: Terraced (including end-terrace),34,20,5,15,14,12,2
S01011314,Flat maisonette or apartment or mobile/temporary accommodation,123,46,22,24,77,25,52
S01011315,All households,168,95,34,61,73,55,18
S01011315,Whole house or bungalow: Total,117,85,31,54,32,22,10
S01011315,Whole house or bungalow: Detached,22,22,4,18,0,0,0
S01011315,Whole house or bungalow: Semi-detached,73,53,22,31,20,11,9
S01011315,Whole house or bungalow: Terraced (including end-terrace),22,10,5,5,12,11,1
S01011315,Flat maisonette or apartment or mobile/temporary accommodation,51,10,3,7,41,33,8
S01011316,All households,311,177,85,92,134,112,22
S01011316,Whole house or bungalow: Total,289,167,80,87,122,105,17
S01011316,Whole house or bungalow: Detached,53,47,26,21,6,4,2
S01011316,Whole house or bungalow: Semi-detached,81,34,17,17,47,40,7
S01011316,Whole house or bungalow: Terraced (including end-terrace),155,86,37,49,69,61,8
S01011316,Flat maisonette or apartment or mobile/temporary accommodation,22,10,5,5,12,7,5
S01011317,All households,392,360,237,123,32,1,31
S01011317,Whole house or bungalow: Total,237,227,138,89,10,1,9
S01011317,Whole house or bungalow: Detached,90,88,53,35,2,0,2
S01011317,Whole house or bungalow: Semi-detached,75,72,48,24,3,0,3
S01011317,Whole house or bungalow: Terraced (including end-terrace),72,67,37,30,5,1,4
S01011317,Flat maisonette or apartment or mobile/temporary accommodation,155,133,99,34,22,0,22
S01011318,All households,520,424,279,145,96,6,90
S01011318,Whole house or bungalow: Total,172,152,83,69,20,2,18
S01011318,Whole house or bungalow: Detached,61,57,37,20,4,0,4
S01011318,Whole house or bungalow: Semi-detached,36,30,15,15,6,2,4
S01011318,Whole house or bungalow: Terraced (including end-terrace),75,65,31,34,10,0,10
S01011318,Flat maisonette or apartment or mobile/temporary accommodation,348,272,196,76,76,4,72
S01011319,All households,398,369,248,121,29,2,27
S01011319,Whole house or bungalow: Total,279,268,166,102,11,2,9
S01011319,Whole house or bungalow: Detached,191,186,116,70,5,0,5
S01011319,Whole house or bungalow: Semi-detached,75,69,43,26,6,2,4
S01011319,Whole house or bungalow: Terraced (including end-terrace),13,13,7,6,0,0,0
S01011319,Flat maisonette or apartment or mobile/temporary accommodation,119,101,82,19,18,0,18
S01011320,All households,303,216,125,91,87,48,39
S01011320,Whole house or bungalow: Total,122,114,60,54,8,3,5
S01011320,Whole house or bungalow: Detached,24,23,12,11,1,0,1
S01011320,Whole house or bungalow: Semi-detached,32,28,12,16,4,1,3
S01011320,Whole house or bungalow: Terraced (including end-terrace),66,63,36,27,3,2,1
S01011320,Flat maisonette or apartment or mobile/temporary accommodation,181,102,65,37,79,45,34
S01011321,All households,252,203,73,130,49,27,22
S01011321,Whole house or bungalow: Total,229,188,67,121,41,22,19
S01011321,Whole house or bungalow: Detached,18,17,9,8,1,0,1
S01011321,Whole house or bungalow: Semi-detached,51,43,13,30,8,3,5
S01011321,Whole house or bungalow: Terraced (including end-terrace),160,128,45,83,32,19,13
S01011321,Flat maisonette or apartment or mobile/temporary accommodation,23,15,6,9,8,5,3
S01011322,All households,251,197,77,120,54,40,14
S01011322,Whole house or bungalow: Total,191,167,69,98,24,16,8
S01011322,Whole house or bungalow: Detached,101,98,39,59,3,1,2
S01011322,Whole house or bungalow: Semi-detached,38,29,12,17,9,7,2
S01011322,Whole house or bungalow: Terraced (including end-terrace),52,40,18,22,12,8,4
S01011322,Flat maisonette or apartment or mobile/temporary accommodation,60,30,8,22,30,24,6
S01011323,All households,374,233,82,151,141,102,39
S01011323,Whole house or bungalow: Total,240,186,69,117,54,30,24
S01011323,Whole house or bungalow: Detached,28,27,14,13,1,1,0
S01011323,Whole house or bungalow: Semi-detached,59,42,13,29,17,11,6
S01011323,Whole house or bungalow: Terraced (including end-terrace),153,117,42,75,36,18,18
S01011323,Flat maisonette or apartment or mobile/temporary accommodation,134,47,13,34,87,72,15
S01011324,All households,202,154,75,79,48,31,17
S01011324,Whole house or bungalow: Total,106,93,48,45,13,10,3
S01011324,Whole house or bungalow: Detached,44,41,23,18,3,1,2
S01011324,Whole house or bungalow: Semi-detached,39,36,21,15,3,3,0
S01011324,Whole house or bungalow: Terraced (including end-terrace),23,16,4,12,7,6,1
S01011324,Flat maisonette or apartment or mobile/temporary accommodation,96,61,27,34,35,21,14
S01011325,All households,472,262,131,131,210,77,133
S01011325,Whole house or bungalow: Total,58,42,30,12,16,10,6
S01011325,Whole house or bungalow: Detached,13,12,9,3,1,1,0
S01011325,Whole house or bungalow: Semi-detached,22,13,9,4,9,6,3
S01011325,Whole house or bungalow: Terraced (including end-terrace),23,17,12,5,6,3,3
S01011325,Flat maisonette or apartment or mobile/temporary accommodation,414,220,101,119,194,67,127
S01011326,All households,521,286,171,115,235,60,175
S01011326,Whole house or bungalow: Total,57,40,20,20,17,5,12
S01011326,Whole house or bungalow: Detached,21,15,8,7,6,1,5
S01011326,Whole house or bungalow: Semi-detached,16,13,5,8,3,1,2
S01011326,Whole house or bungalow: Terraced (including end-terrace),20,12,7,5,8,3,5
S01011326,Flat maisonette or apartment or mobile/temporary accommodation,464,246,151,95,218,55,163
S01011327,All households,400,262,184,78,138,60,78
S01011327,Whole house or bungalow: Total,112,83,54,29,29,17,12
S01011327,Whole house or bungalow: Detached,56,50,35,15,6,0,6
S01011327,Whole house or bungalow: Semi-detached,35,22,12,10,13,9,4
S01011327,Whole house or bungalow: Terraced (including end-terrace),21,11,7,4,10,8,2
S01011327,Flat maisonette or apartment or mobile/temporary accommodation,288,179,130,49,109,43,66
S01011328,All households,355,262,176,86,93,45,48
S01011328,Whole house or bungalow: Total,226,171,107,64,55,36,19
S01011328,Whole house or bungalow: Detached,62,53,33,20,9,0,9
S01011328,Whole house or bungalow: Semi-detached,126,90,58,32,36,31,5
S01011328,Whole house or bungalow: Terraced (including end-terrace),38,28,16,12,10,5,5
S01011328,Flat maisonette or apartment or mobile/temporary accommodation,129,91,69,22,38,9,29
S01011329,All households,484,360,212,148,124,45,79
S01011329,Whole house or bungalow: Total,220,193,120,73,27,8,19
S01011329,Whole house or bungalow: Detached,96,91,63,28,5,0,5
S01011329,Whole house or bungalow: Semi-detached,94,83,51,32,11,4,7
S01011329,Whole house or bungalow: Terraced (including end-terrace),30,19,6,13,11,4,7
S01011329,Flat maisonette or apartment or mobile/temporary accommodation,264,167,92,75,97,37,60
S01011330,All households,324,294,171,123,30,13,17
S01011330,Whole house or bungalow: Total,301,277,168,109,24,13,11
S01011330,Whole house or bungalow: Detached,201,193,127,66,8,2,6
S01011330,Whole house or bungalow: Semi-detached,35,33,19,14,2,2,0
S01011330,Whole house or bungalow: Terraced (including end-terrace),65,51,22,29,14,9,5
S01011330,Flat maisonette or apartment or mobile/temporary accommodation,23,17,3,14,6,0,6
S01011331,All households,336,322,195,127,14,3,11
S01011331,Whole house or bungalow: Total,328,317,193,124,11,3,8
S01011331,Whole house or bungalow: Detached,223,221,128,93,2,0,2
S01011331,Whole house or bungalow: Semi-detached,97,90,62,28,7,1,6
S01011331,Whole house or bungalow: Terraced (including end-terrace),8,6,3,3,2,2,0
S01011331,Flat maisonette or apartment or mobile/temporary accommodation,8,5,2,3,3,0,3
S01011332,All households,385,361,212,149,24,2,22
S01011332,Whole house or bungalow: Total,324,302,171,131,22,2,20
S01011332,Whole house or bungalow: Detached,180,176,104,72,4,0,4
S01011332,Whole house or bungalow: Semi-detached,110,93,46,47,17,2,15
S01011332,Whole house or bungalow: Terraced (including end-terrace),34,33,21,12,1,0,1
S01011332,Flat maisonette or apartment or mobile/temporary accommodation,61,59,41,18,2,0,2
S01011333,All households,386,341,251,90,45,3,42
S01011333,Whole house or bungalow: Total,182,178,112,66,4,1,3
S01011333,Whole house or bungalow: Detached,158,156,97,59,2,0,2
S01011333,Whole house or bungalow: Semi-detached,15,14,12,2,1,0,1
S01011333,Whole house or bungalow: Terraced (including end-terrace),9,8,3,5,1,1,0
S01011333,Flat maisonette or apartment or mobile/temporary accommodation,204,163,139,24,41,2,39
S01011334,All households,297,225,130,95,72,29,43
S01011334,Whole house or bungalow: Total,244,200,121,79,44,13,31
S01011334,Whole house or bungalow: Detached,182,164,100,64,18,2,16
S01011334,Whole house or bungalow: Semi-detached,46,34,20,14,12,4,8
S01011334,Whole house or bungalow: Terraced (including end-terrace),16,2,1,1,14,7,7
S01011334,Flat maisonette or apartment or mobile/temporary accommodation,53,25,9,16,28,16,12
S01011335,All households,438,377,236,141,61,5,56
S01011335,Whole house or bungalow: Total,237,219,118,101,18,1,17
S01011335,Whole house or bungalow: Detached,205,192,105,87,13,0,13
S01011335,Whole house or bungalow: Semi-detached,23,20,10,10,3,0,3
S01011335,Whole house or bungalow: Terraced (including end-terrace),9,7,3,4,2,1,1
S01011335,Flat maisonette or apartment or mobile/temporary accommodation,201,158,118,40,43,4,39
S01011336,All households,266,182,71,111,84,52,32
S01011336,Whole house or bungalow: Total,195,139,53,86,56,43,13
S01011336,Whole house or bungalow: Detached,40,34,17,17,6,1,5
S01011336,Whole house or bungalow: Semi-detached,79,49,20,29,30,27,3
S01011336,Whole house or bungalow: Terraced (including end-terrace),76,56,16,40,20,15,5
S01011336,Flat maisonette or apartment or mobile/temporary accommodation,71,43,18,25,28,9,19
S01011337,All households,287,260,142,118,27,6,21
S01011337,Whole house or bungalow: Total,214,198,111,87,16,4,12
S01011337,Whole house or bungalow: Detached,176,167,97,70,9,1,8
S01011337,Whole house or bungalow: Semi-detached,29,24,11,13,5,2,3
S01011337,Whole house or bungalow: Terraced (including end-terrace),9,7,3,4,2,1,1
S01011337,Flat maisonette or apartment or mobile/temporary accommodation,73,62,31,31,11,2,9
S01011338,All households,270,174,60,114,96,79,17
S01011338,Whole house or bungalow: Total,256,167,57,110,89,77,12
S01011338,Whole house or bungalow: Detached,43,37,12,25,6,1,5
S01011338,Whole house or bungalow: Semi-detached,109,78,29,49,31,28,3
S01011338,Whole house or bungalow: Terraced (including end-terrace),104,52,16,36,52,48,4
S01011338,Flat maisonette or apartment or mobile/temporary accommodation,14,7,3,4,7,2,5
S01011339,All households,219,121,52,69,98,91,7
S01011339,Whole house or bungalow: Total,215,119,52,67,96,90,6
S01011339,Whole house or bungalow: Detached,40,35,21,14,5,4,1
S01011339,Whole house or bungalow: Semi-detached,115,67,23,44,48,45,3
S01011339,Whole house or bungalow: Terraced (including end-terrace),60,17,8,9,43,41,2
S01011339,Flat maisonette or apartment or mobile/temporary accommodation,4,2,0,2,2,1,1
S01011340,All households,290,128,67,61,162,150,12
S01011340,Whole house or bungalow: Total,277,123,65,58,154,142,12
S01011340,Whole house or bungalow: Detached,16,8,3,5,8,4,4
S01011340,Whole house or bungalow: Semi-detached,161,73,42,31,88,85,3
S01011340,Whole house or bungalow: Terraced (including end-terrace),100,42,20,22,58,53,5
S01011340,Flat maisonette or apartment or mobile/temporary accommodation,13,5,2,3,8,8,0
S01011341,All households,346,173,73,100,173,129,44
S01011341,Whole house or bungalow: Total,214,127,53,74,87,72,15
S01011341,Whole house or bungalow: Detached,79,67,32,35,12,3,9
S01011341,Whole house or bungalow: Semi-detached,90,41,15,26,49,44,5
S01011341,Whole house or bungalow: Terraced (including end-terrace),45,19,6,13,26,25,1
S01011341,Flat maisonette or apartment or mobile/temporary accommodation,132,46,20,26,86,57,29
S01011342,All households,325,239,96,143,86,36,50
S01011342,Whole house or bungalow: Total,200,167,79,88,33,12,21
S01011342,Whole house or bungalow: Detached,89,73,33,40,16,3,13
S01011342,Whole house or bungalow: Semi-detached,67,59,35,24,8,5,3
S01011342,Whole house or bungalow: Terraced (including end-terrace),44,35,11,24,9,4,5
S01011342,Flat maisonette or apartment or mobile/temporary accommodation,125,72,17,55,53,24,29
S01011343,All households,434,209,82,127,225,191,34
S01011343,Whole house or bungalow: Total,245,139,54,85,106,99,7
S01011343,Whole house or bungalow: Detached,27,22,7,15,5,5,0
S01011343,Whole house or bungalow: Semi-detached,94,55,22,33,39,37,2
S01011343,Whole house or bungalow: Terraced (including end-terrace),124,62,25,37,62,57,5
S01011343,Flat maisonette or apartment or mobile/temporary accommodation,189,70,28,42,119,92,27
S01011344,All households,401,166,66,100,235,223,12
S01011344,Whole house or bungalow: Total,373,160,63,97,213,202,11
S01011344,Whole house or bungalow: Detached,15,8,3,5,7,7,0
S01011344,Whole house or bungalow: Semi-detached,108,41,19,22,67,65,2
S01011344,Whole house or bungalow: Terraced (including end-terrace),250,111,41,70,139,130,9
S01011344,Flat maisonette or apartment or mobile/temporary accommodation,28,6,3,3,22,21,1
S01011345,All households,357,115,39,76,242,228,14
S01011345,Whole house or bungalow: Total,336,111,37,74,225,215,10
S01011345,Whole house or bungalow: Detached,9,3,1,2,6,6,0
S01011345,Whole house or bungalow: Semi-detached,107,31,8,23,76,72,4
S01011345,Whole house or bungalow: Terraced (including end-terrace),220,77,28,49,143,137,6
S01011345,Flat maisonette or apartment or mobile/temporary accommodation,21,4,2,2,17,13,4
S01011346,All households,325,200,81,119,125,100,25
S01011346,Whole house or bungalow: Total,285,175,76,99,110,97,13
S01011346,Whole house or bungalow: Detached,8,4,1,3,4,2,2
S01011346,Whole house or bungalow: Semi-detached,63,41,24,17,22,19,3
S01011346,Whole house or bungalow: Terraced (including end-terrace),214,130,51,79,84,76,8
S01011346,Flat maisonette or apartment or mobile/temporary accommodation,40,25,5,20,15,3,12
S01011347,All households,547,348,183,165,199,149,50
S01011347,Whole house or bungalow: Total,236,207,116,91,29,22,7
S01011347,Whole house or bungalow: Detached,46,45,28,17,1,1,0
S01011347,Whole house or bungalow: Semi-detached,104,85,44,41,19,14,5
S01011347,Whole house or bungalow: Terraced (including end-terrace),86,77,44,33,9,7,2
S01011347,Flat maisonette or apartment or mobile/temporary accommodation,311,141,67,74,170,127,43
S01011348,All households,424,200,76,124,224,208,16
S01011348,Whole house or bungalow: Total,397,198,75,123,199,186,13
S01011348,Whole house or bungalow: Detached,40,37,15,22,3,3,0
S01011348,Whole house or bungalow: Semi-detached,165,84,28,56,81,75,6
S01011348,Whole house or bungalow: Terraced (including end-terrace),192,77,32,45,115,108,7
S01011348,Flat maisonette or apartment or mobile/temporary accommodation,27,2,1,1,25,22,3
S01011349,All households,367,335,104,231,32,10,22
S01011349,Whole house or bungalow: Total,327,301,94,207,26,10,16
S01011349,Whole house or bungalow: Detached,145,140,48,92,5,2,3
S01011349,Whole house or bungalow: Semi-detached,127,121,39,82,6,1,5
S01011349,Whole house or bungalow: Terraced (including end-terrace),55,40,7,33,15,7,8
S01011349,Flat maisonette or apartment or mobile/temporary accommodation,40,34,10,24,6,0,6
S01011350,All households,275,251,140,111,24,14,10
S01011350,Whole house or bungalow: Total,259,239,132,107,20,12,8
S01011350,Whole house or bungalow: Detached,148,145,77,68,3,0,3
S01011350,Whole house or bungalow: Semi-detached,78,71,49,22,7,3,4
S01011350,Whole house or bungalow: Terraced (including end-terrace),33,23,6,17,10,9,1
S01011350,Flat maisonette or apartment or mobile/temporary accommodation,16,12,8,4,4,2,2
S01011351,All households,353,148,57,91,205,178,27
S01011351,Whole house or bungalow: Total,219,114,45,69,105,90,15
S01011351,Whole house or bungalow: Detached,11,9,4,5,2,1,1
S01011351,Whole house or bungalow: Semi-detached,92,51,23,28,41,35,6
S01011351,Whole house or bungalow: Terraced (including end-terrace),116,54,18,36,62,54,8
S01011351,Flat maisonette or apartment or mobile/temporary accommodation,134,34,12,22,100,88,12
S01011352,All households,328,193,78,115,135,83,52
S01011352,Whole house or bungalow: Total,183,128,49,79,55,51,4
S01011352,Whole house or bungalow: Detached,26,22,8,14,4,2,2
S01011352,Whole house or bungalow: Semi-detached,52,31,10,21,21,21,0
S01011352,Whole house or bungalow: Terraced (including end-terrace),105,75,31,44,30,28,2
S01011352,Flat maisonette or apartment or mobile/temporary accommodation,145,65,29,36,80,32,48
S01011353,All households,274,171,74,97,103,89,14
S01011353,Whole house or bungalow: Total,238,146,62,84,92,84,8
S01011353,Whole house or bungalow: Detached,27,23,13,10,4,3,1
S01011353,Whole house or bungalow: Semi-detached,120,74,34,40,46,45,1
S01011353,Whole house or bungalow: Terraced (including end-terrace),91,49,15,34,42,36,6
S01011353,Flat maisonette or apartment or mobile/temporary accommodation,36,25,12,13,11,5,6
S01011354,All households,313,255,124,131,58,46,12
S01011354,Whole house or bungalow: Total,307,254,123,131,53,43,10
S01011354,Whole house or bungalow: Detached,167,157,90,67,10,5,5
S01011354,Whole house or bungalow: Semi-detached,63,47,23,24,16,15,1
S01011354,Whole house or bungalow: Terraced (including end-terrace),77,50,10,40,27,23,4
S01011354,Flat maisonette or apartment or mobile/temporary accommodation,6,1,1,0,5,3,2
S01011355,All households,433,277,129,148,156,134,22
S01011355,Whole house or bungalow: Total,351,249,120,129,102,85,17
S01011355,Whole house or bungalow: Detached,99,94,39,55,5,1,4
S01011355,Whole house or bungalow: Semi-detached,96,69,40,29,27,22,5
S01011355,Whole house or bungalow: Terraced (including end-terrace),156,86,41,45,70,62,8
S01011355,Flat maisonette or apartment or mobile/temporary accommodation,82,28,9,19,54,49,5
S01011356,All households,392,339,159,180,53,26,27
S01011356,Whole house or bungalow: Total,349,311,145,166,38,15,23
S01011356,Whole house or bungalow: Detached,220,210,107,103,10,2,8
S01011356,Whole house or bungalow: Semi-detached,75,59,26,33,16,6,10
S01011356,Whole house or bungalow: Terraced (including end-terrace),54,42,12,30,12,7,5
S01011356,Flat maisonette or apartment or mobile/temporary accommodation,43,28,14,14,15,11,4
S01011357,All households,354,243,120,123,111,95,16
S01011357,Whole house or bungalow: Total,282,220,106,114,62,54,8
S01011357,Whole house or bungalow: Detached,116,107,55,52,9,5,4
S01011357,Whole house or bungalow: Semi-detached,82,67,26,41,15,14,1
S01011357,Whole house or bungalow: Terraced (including end-terrace),84,46,25,21,38,35,3
S01011357,Flat maisonette or apartment or mobile/temporary accommodation,72,23,14,9,49,41,8
S01011358,All households,186,168,26,142,18,4,14
S01011358,Whole house or bungalow: Total,184,168,26,142,16,2,14
S01011358,Whole house or bungalow: Detached,61,59,15,44,2,0,2
S01011358,Whole house or bungalow: Semi-detached,114,102,10,92,12,1,11
S01011358,Whole house or bungalow: Terraced (including end-terrace),9,7,1,6,2,1,1
S01011358,Flat maisonette or apartment or mobile/temporary accommodation,2,0,0,0,2,2,0
S01011359,All households,368,220,106,114,148,120,28
S01011359,Whole house or bungalow: Total,191,149,75,74,42,29,13
S01011359,Whole house or bungalow: Detached,28,23,16,7,5,1,4
S01011359,Whole house or bungalow: Semi-detached,123,97,47,50,26,18,8
S01011359,Whole house or bungalow: Terraced (including end-terrace),40,29,12,17,11,10,1
S01011359,Flat maisonette or apartment or mobile/temporary accommodation,177,71,31,40,106,91,15
S01011360,All households,354,72,22,50,282,271,11
S01011360,Whole house or bungalow: Total,144,60,17,43,84,80,4
S01011360,Whole house or bungalow: Detached,10,8,2,6,2,1,1
S01011360,Whole house or bungalow: Semi-detached,56,20,3,17,36,35,1
S01011360,Whole house or bungalow: Terraced (including end-terrace),78,32,12,20,46,44,2
S01011360,Flat maisonette or apartment or mobile/temporary accommodation,210,12,5,7,198,191,7
S01011361,All households,343,20,5,15,323,322,1
S01011361,Whole house or bungalow: Total,16,14,3,11,2,2,0
S01011361,Whole house or bungalow: Detached,5,5,1,4,0,0,0
S01011361,Whole house or bungalow: Semi-detached,3,3,1,2,0,0,0
S01011361,Whole house or bungalow: Terraced (including end-terrace),8,6,1,5,2,2,0
S01011361,Flat maisonette or apartment or mobile/temporary accommodation,327,6,2,4,321,320,1
S01011362,All households,199,182,52,130,17,10,7
S01011362,Whole house or bungalow: Total,193,182,52,130,11,6,5
S01011362,Whole house or bungalow: Detached,106,104,39,65,2,0,2
S01011362,Whole house or bungalow: Semi-detached,79,73,12,61,6,4,2
S01011362,Whole house or bungalow: Terraced (including end-terrace),8,5,1,4,3,2,1
S01011362,Flat maisonette or apartment or mobile/temporary accommodation,6,0,0,0,6,4,2
S01011363,All households,429,237,117,120,192,156,36
S01011363,Whole house or bungalow: Total,253,203,102,101,50,37,13
S01011363,Whole house or bungalow: Detached,64,57,30,27,7,4,3
S01011363,Whole house or bungalow: Semi-detached,113,94,47,47,19,11,8
S01011363,Whole house or bungalow: Terraced (including end-terrace),76,52,25,27,24,22,2
S01011363,Flat maisonette or apartment or mobile/temporary accommodation,176,34,15,19,142,119,23
S01011364,All households,272,216,67,149,56,40,16
S01011364,Whole house or bungalow: Total,254,206,66,140,48,32,16
S01011364,Whole house or bungalow: Detached,32,32,1,31,0,0,0
S01011364,Whole house or bungalow: Semi-detached,70,55,17,38,15,9,6
S01011364,Whole house or bungalow: Terraced (including end-terrace),152,119,48,71,33,23,10
S01011364,Flat maisonette or apartment or mobile/temporary accommodation,18,10,1,9,8,8,0
S01011365,All households,207,187,32,155,20,12,8
S01011365,Whole house or bungalow: Total,190,179,30,149,11,3,8
S01011365,Whole house or bungalow: Detached,106,102,11,91,4,0,4
S01011365,Whole house or bungalow: Semi-detached,57,52,11,41,5,3,2
S01011365,Whole house or bungalow: Terraced (including end-terrace),27,25,8,17,2,0,2
S01011365,Flat maisonette or apartment or mobile/temporary accommodation,17,8,2,6,9,9,0
S01011366,All households,238,154,63,91,84,68,16
S01011366,Whole house or bungalow: Total,143,91,38,53,52,42,10
S01011366,Whole house or bungalow: Detached,3,2,1,1,1,1,0
S01011366,Whole house or bungalow: Semi-detached,29,18,10,8,11,9,2
S01011366,Whole house or bungalow: Terraced (including end-terrace),111,71,27,44,40,32,8
S01011366,Flat maisonette or apartment or mobile/temporary accommodation,95,63,25,38,32,26,6
S01011367,All households,400,219,90,129,181,162,19
S01011367,Whole house or bungalow: Total,323,209,89,120,114,101,13
S01011367,Whole house or bungalow: Detached,33,31,10,21,2,1,1
S01011367,Whole house or bungalow: Semi-detached,63,39,14,25,24,21,3
S01011367,Whole house or bungalow: Terraced (including end-terrace),227,139,65,74,88,79,9
S01011367,Flat maisonette or apartment or mobile/temporary accommodation,77,10,1,9,67,61,6
S01011368,All households,291,235,29,206,56,7,49
S01011368,Whole house or bungalow: Total,236,223,27,196,13,2,11
S01011368,Whole house or bungalow: Detached,210,201,22,179,9,0,9
S01011368,Whole house or bungalow: Semi-detached,19,16,4,12,3,1,2
S01011368,Whole house or bungalow: Terraced (including end-terrace),7,6,1,5,1,1,0
S01011368,Flat maisonette or apartment or mobile/temporary accommodation,55,12,2,10,43,5,38
S01011369,All households,380,213,98,115,167,157,10
S01011369,Whole house or bungalow: Total,265,205,98,107,60,55,5
S01011369,Whole house or bungalow: Detached,13,12,4,8,1,0,1
S01011369,Whole house or bungalow: Semi-detached,110,94,50,44,16,15,1
S01011369,Whole house or bungalow: Terraced (including end-terrace),142,99,44,55,43,40,3
S01011369,Flat maisonette or apartment or mobile/temporary accommodation,115,8,0,8,107,102,5
S01011370,All households,307,230,36,194,77,50,27
S01011370,Whole house or bungalow: Total,258,215,33,182,43,37,6
S01011370,Whole house or bungalow: Detached,112,107,9,98,5,1,4
S01011370,Whole house or bungalow: Semi-detached,19,18,3,15,1,1,0
S01011370,Whole house or bungalow: Terraced (including end-terrace),127,90,21,69,37,35,2
S01011370,Flat maisonette or apartment or mobile/temporary accommodation,49,15,3,12,34,13,21
S01011371,All households,503,109,31,78,394,382,12
S01011371,Whole house or bungalow: Total,184,105,31,74,79,73,6
S01011371,Whole house or bungalow: Detached,10,9,4,5,1,1,0
S01011371,Whole house or bungalow: Semi-detached,82,54,9,45,28,24,4
S01011371,Whole house or bungalow: Terraced (including end-terrace),92,42,18,24,50,48,2
S01011371,Flat maisonette or apartment or mobile/temporary accommodation,319,4,0,4,315,309,6
S01011372,All households,411,33,14,19,378,372,6
S01011372,Whole house or bungalow: Total,67,31,12,19,36,34,2
S01011372,Whole house or bungalow: Detached,5,5,3,2,0,0,0
S01011372,Whole house or bungalow: Semi-detached,7,5,2,3,2,2,0
S01011372,Whole house or bungalow: Terraced (including end-terrace),55,21,7,14,34,32,2
S01011372,Flat maisonette or apartment or mobile/temporary accommodation,344,2,2,0,342,338,4
S01011373,All households,350,78,25,53,272,258,14
S01011373,Whole house or bungalow: Total,61,50,21,29,11,9,2
S01011373,Whole house or bungalow: Detached,8,7,2,5,1,1,0
S01011373,Whole house or bungalow: Semi-detached,23,20,7,13,3,2,1
S01011373,Whole house or bungalow: Terraced (including end-terrace),30,23,12,11,7,6,1
S01011373,Flat maisonette or apartment or mobile/temporary accommodation,289,28,4,24,261,249,12
S01011374,All households,276,200,23,177,76,48,28
S01011374,Whole house or bungalow: Total,222,179,16,163,43,27,16
S01011374,Whole house or bungalow: Detached,29,28,1,27,1,0,1
S01011374,Whole house or bungalow: Semi-detached,116,92,7,85,24,17,7
S01011374,Whole house or bungalow: Terraced (including end-terrace),77,59,8,51,18,10,8
S01011374,Flat maisonette or apartment or mobile/temporary accommodation,54,21,7,14,33,21,12
S01011375,All households,295,153,68,85,142,136,6
S01011375,Whole house or bungalow: Total,113,111,50,61,2,1,1
S01011375,Whole house or bungalow: Detached,45,45,23,22,0,0,0
S01011375,Whole house or bungalow: Semi-detached,48,47,19,28,1,0,1
S01011375,Whole house or bungalow: Terraced (including end-terrace),20,19,8,11,1,1,0
S01011375,Flat maisonette or apartment or mobile/temporary accommodation,182,42,18,24,140,135,5
S01011376,All households,326,24,11,13,302,298,4
S01011376,Whole house or bungalow: Total,12,7,2,5,5,1,4
S01011376,Whole house or bungalow: Detached,5,5,1,4,0,0,0
S01011376,Whole house or bungalow: Semi-detached,2,2,1,1,0,0,0
S01011376,Whole house or bungalow: Terraced (including end-terrace),5,0,0,0,5,1,4
S01011376,Flat maisonette or apartment or mobile/temporary accommodation,314,17,9,8,297,297,0
S01011377,All households,262,226,115,111,36,26,10
S01011377,Whole house or bungalow: Total,200,194,103,91,6,4,2
S01011377,Whole house or bungalow: Detached,61,58,35,23,3,2,1
S01011377,Whole house or bungalow: Semi-detached,108,108,57,51,0,0,0
S01011377,Whole house or bungalow: Terraced (including end-terrace),31,28,11,17,3,2,1
S01011377,Flat maisonette or apartment or mobile/temporary accommodation,62,32,12,20,30,22,8
S01011378,All households,362,274,136,138,88,71,17
S01011378,Whole house or bungalow: Total,271,229,106,123,42,32,10
S01011378,Whole house or bungalow: Detached,41,41,15,26,0,0,0
S01011378,Whole house or bungalow: Semi-detached,159,133,64,69,26,22,4
S01011378,Whole house or bungalow: Terraced (including end-terrace),71,55,27,28,16,10,6
S01011378,Flat maisonette or apartment or mobile/temporary accommodation,91,45,30,15,46,39,7
S01011379,All households,342,308,108,200,34,15,19
S01011379,Whole house or bungalow: Total,303,284,100,184,19,10,9
S01011379,Whole house or bungalow: Detached,208,205,74,131,3,0,3
S01011379,Whole house or bungalow: Semi-detached,68,59,16,43,9,6,3
S01011379,Whole house or bungalow: Terraced (including end-terrace),27,20,10,10,7,4,3
S01011379,Flat maisonette or apartment or mobile/temporary accommodation,39,24,8,16,15,5,10
S01011380,All households,357,195,79,116,162,115,47
S01011380,Whole house or bungalow: Total,145,108,47,61,37,29,8
S01011380,Whole house or bungalow: Detached,15,14,6,8,1,0,1
S01011380,Whole house or bungalow: Semi-detached,51,41,15,26,10,7,3
S01011380,Whole house or bungalow: Terraced (including end-terrace),79,53,26,27,26,22,4
S01011380,Flat maisonette or apartment or mobile/temporary accommodation,212,87,32,55,125,86,39
S01011381,All households,302,205,84,121,97,58,39
S01011381,Whole house or bungalow: Total,153,132,56,76,21,15,6
S01011381,Whole house or bungalow: Detached,85,79,34,45,6,5,1
S01011381,Whole house or bungalow: Semi-detached,41,36,16,20,5,2,3
S01011381,Whole house or bungalow: Terraced (including end-terrace),27,17,6,11,10,8,2
S01011381,Flat maisonette or apartment or mobile/temporary accommodation,149,73,28,45,76,43,33
S01011382,All households,286,88,20,68,198,127,71
S01011382,Whole house or bungalow: Total,93,49,11,38,44,37,7
S01011382,Whole house or bungalow: Detached,30,27,2,25,3,2,1
S01011382,Whole house or bungalow: Semi-detached,18,6,2,4,12,9,3
S01011382,Whole house or bungalow: Terraced (including end-terrace),45,16,7,9,29,26,3
S01011382,Flat maisonette or apartment or mobile/temporary accommodation,193,39,9,30,154,90,64
S01011383,All households,394,97,40,57,297,277,20
S01011383,Whole house or bungalow: Total,165,69,27,42,96,85,11
S01011383,Whole house or bungalow: Detached,10,9,4,5,1,1,0
S01011383,Whole house or bungalow: Semi-detached,73,22,6,16,51,43,8
S01011383,Whole house or bungalow: Terraced (including end-terrace),82,38,17,21,44,41,3
S01011383,Flat maisonette or apartment or mobile/temporary accommodation,229,28,13,15,201,192,9
S01011384,All households,328,63,19,44,265,258,7
S01011384,Whole house or bungalow: Total,180,48,12,36,132,127,5
S01011384,Whole house or bungalow: Detached,13,5,1,4,8,6,2
S01011384,Whole house or bungalow: Semi-detached,68,21,6,15,47,46,1
S01011384,Whole house or bungalow: Terraced (including end-terrace),99,22,5,17,77,75,2
S01011384,Flat maisonette or apartment or mobile/temporary accommodation,148,15,7,8,133,131,2
S01011385,All households,441,161,71,90,280,255,25
S01011385,Whole house or bungalow: Total,161,100,36,64,61,53,8
S01011385,Whole house or bungalow: Detached,9,6,2,4,3,2,1
S01011385,Whole house or bungalow: Semi-detached,117,75,28,47,42,38,4
S01011385,Whole house or bungalow: Terraced (including end-terrace),35,19,6,13,16,13,3
S01011385,Flat maisonette or apartment or mobile/temporary accommodation,280,61,35,26,219,202,17
S01011386,All households,208,56,15,41,152,138,14
S01011386,Whole house or bungalow: Total,166,51,13,38,115,111,4
S01011386,Whole house or bungalow: Detached,7,4,2,2,3,3,0
S01011386,Whole house or bungalow: Semi-detached,68,23,5,18,45,45,0
S01011386,Whole house or bungalow: Terraced (including end-terrace),91,24,6,18,67,63,4
S01011386,Flat maisonette or apartment or mobile/temporary accommodation,42,5,2,3,37,27,10
S01011387,All households,366,121,28,93,245,196,49
S01011387,Whole house or bungalow: Total,213,105,24,81,108,97,11
S01011387,Whole house or bungalow: Detached,29,25,5,20,4,2,2
S01011387,Whole house or bungalow: Semi-detached,72,37,8,29,35,33,2
S01011387,Whole house or bungalow: Terraced (including end-terrace),112,43,11,32,69,62,7
S01011387,Flat maisonette or apartment or mobile/temporary accommodation,153,16,4,12,137,99,38
S01011388,All households,435,306,43,263,129,84,45
S01011388,Whole house or bungalow: Total,324,267,34,233,57,31,26
S01011388,Whole house or bungalow: Detached,90,80,9,71,10,3,7
S01011388,Whole house or bungalow: Semi-detached,152,131,16,115,21,9,12
S01011388,Whole house or bungalow: Terraced (including end-terrace),82,56,9,47,26,19,7
S01011388,Flat maisonette or apartment or mobile/temporary accommodation,111,39,9,30,72,53,19
S01011389,All households,415,162,41,121,253,175,78
S01011389,Whole house or bungalow: Total,152,86,28,58,66,55,11
S01011389,Whole house or bungalow: Detached,31,28,7,21,3,1,2
S01011389,Whole house or bungalow: Semi-detached,35,21,7,14,14,11,3
S01011389,Whole house or bungalow: Terraced (including end-terrace),86,37,14,23,49,43,6
S01011389,Flat maisonette or apartment or mobile/temporary accommodation,263,76,13,63,187,120,67
S01011390,All households,342,164,71,93,178,163,15
S01011390,Whole house or bungalow: Total,288,151,62,89,137,126,11
S01011390,Whole house or bungalow: Detached,20,12,4,8,8,7,1
S01011390,Whole house or bungalow: Semi-detached,142,81,37,44,61,57,4
S01011390,Whole house or bungalow: Terraced (including end-terrace),126,58,21,37,68,62,6
S01011390,Flat maisonette or apartment or mobile/temporary accommodation,54,13,9,4,41,37,4
S01011391,All households,254,127,44,83,127,118,9
S01011391,Whole house or bungalow: Total,243,123,43,80,120,112,8
S01011391,Whole house or bungalow: Detached,3,2,0,2,1,1,0
S01011391,Whole house or bungalow: Semi-detached,76,47,17,30,29,25,4
S01011391,Whole house or bungalow: Terraced (including end-terrace),164,74,26,48,90,86,4
S01011391,Flat maisonette or apartment or mobile/temporary accommodation,11,4,1,3,7,6,1
S01011392,All households,287,116,35,81,171,157,14
S01011392,Whole house or bungalow: Total,216,101,33,68,115,110,5
S01011392,Whole house or bungalow: Detached,6,5,3,2,1,1,0
S01011392,Whole house or bungalow: Semi-detached,49,22,9,13,27,26,1
S01011392,Whole house or bungalow: Terraced (including end-terrace),161,74,21,53,87,83,4
S01011392,Flat maisonette or apartment or mobile/temporary accommodation,71,15,2,13,56,47,9
S01011393,All households,374,234,107,127,140,114,26
S01011393,Whole house or bungalow: Total,268,186,85,101,82,68,14
S01011393,Whole house or bungalow: Detached,60,59,34,25,1,0,1
S01011393,Whole house or bungalow: Semi-detached,115,74,27,47,41,37,4
S01011393,Whole house or bungalow: Terraced (including end-terrace),93,53,24,29,40,31,9
S01011393,Flat maisonette or apartment or mobile/temporary accommodation,106,48,22,26,58,46,12
S01011394,All households,212,165,17,148,47,38,9
S01011394,Whole house or bungalow: Total,175,165,17,148,10,3,7
S01011394,Whole house or bungalow: Detached,146,142,15,127,4,0,4
S01011394,Whole house or bungalow: Semi-detached,10,8,2,6,2,0,2
S01011394,Whole house or bungalow: Terraced (including end-terrace),19,15,0,15,4,3,1
S01011394,Flat maisonette or apartment or mobile/temporary accommodation,37,0,0,0,37,35,2
S01011395,All households,409,166,70,96,243,190,53
S01011395,Whole house or bungalow: Total,162,103,48,55,59,51,8
S01011395,Whole house or bungalow: Detached,26,23,9,14,3,2,1
S01011395,Whole house or bungalow: Semi-detached,53,35,12,23,18,16,2
S01011395,Whole house or bungalow: Terraced (including end-terrace),83,45,27,18,38,33,5
S01011395,Flat maisonette or apartment or mobile/temporary accommodation,247,63,22,41,184,139,45
S01011396,All households,402,184,82,102,218,186,32
S01011396,Whole house or bungalow: Total,200,128,53,75,72,58,14
S01011396,Whole house or bungalow: Detached,43,36,21,15,7,3,4
S01011396,Whole house or bungalow: Semi-detached,78,57,21,36,21,13,8
S01011396,Whole house or bungalow: Terraced (including end-terrace),79,35,11,24,44,42,2
S01011396,Flat maisonette or apartment or mobile/temporary accommodation,202,56,29,27,146,128,18
S01011397,All households,364,161,57,104,203,180,23
S01011397,Whole house or bungalow: Total,188,132,49,83,56,39,17
S01011397,Whole house or bungalow: Detached,24,22,5,17,2,1,1
S01011397,Whole house or bungalow: Semi-detached,89,69,25,44,20,15,5
S01011397,Whole house or bungalow: Terraced (including end-terrace),75,41,19,22,34,23,11
S01011397,Flat maisonette or apartment or mobile/temporary accommodation,176,29,8,21,147,141,6
S01011398,All households,322,144,45,99,178,158,20
S01011398,Whole house or bungalow: Total,223,115,39,76,108,96,12
S01011398,Whole house or bungalow: Detached,21,17,6,11,4,4,0
S01011398,Whole house or bungalow: Semi-detached,101,49,19,30,52,48,4
S01011398,Whole house or bungalow: Terraced (including end-terrace),101,49,14,35,52,44,8
S01011398,Flat maisonette or apartment or mobile/temporary accommodation,99,29,6,23,70,62,8
S01011399,All households,240,95,32,63,145,131,14
S01011399,Whole house or bungalow: Total,122,66,21,45,56,53,3
S01011399,Whole house or bungalow: Detached,5,4,2,2,1,1,0
S01011399,Whole house or bungalow: Semi-detached,12,3,2,1,9,9,0
S01011399,Whole house or bungalow: Terraced (including end-terrace),105,59,17,42,46,43,3
S01011399,Flat maisonette or apartment or mobile/temporary accommodation,118,29,11,18,89,78,11
S01011400,All households,357,207,71,136,150,83,67
S01011400,Whole house or bungalow: Total,151,115,44,71,36,21,15
S01011400,Whole house or bungalow: Detached,63,53,23,30,10,2,8
S01011400,Whole house or bungalow: Semi-detached,42,32,10,22,10,5,5
S01011400,Whole house or bungalow: Terraced (including end-terrace),46,30,11,19,16,14,2
S01011400,Flat maisonette or apartment or mobile/temporary accommodation,206,92,27,65,114,62,52
S01011401,All households,287,195,67,128,92,73,19
S01011401,Whole house or bungalow: Total,217,176,56,120,41,33,8
S01011401,Whole house or bungalow: Detached,28,27,11,16,1,0,1
S01011401,Whole house or bungalow: Semi-detached,132,111,36,75,21,19,2
S01011401,Whole house or bungalow: Terraced (including end-terrace),57,38,9,29,19,14,5
S01011401,Flat maisonette or apartment or mobile/temporary accommodation,70,19,11,8,51,40,11
S01011402,All households,492,359,214,145,133,95,38
S01011402,Whole house or bungalow: Total,278,246,139,107,32,27,5
S01011402,Whole house or bungalow: Detached,50,47,27,20,3,1,2
S01011402,Whole house or bungalow: Semi-detached,193,171,99,72,22,21,1
S01011402,Whole house or bungalow: Terraced (including end-terrace),35,28,13,15,7,5,2
S01011402,Flat maisonette or apartment or mobile/temporary accommodation,214,113,75,38,101,68,33
S01011403,All households,208,130,44,86,78,63,15
S01011403,Whole house or bungalow: Total,159,116,37,79,43,31,12
S01011403,Whole house or bungalow: Detached,86,75,19,56,11,3,8
S01011403,Whole house or bungalow: Semi-detached,27,16,10,6,11,9,2
S01011403,Whole house or bungalow: Terraced (including end-terrace),46,25,8,17,21,19,2
S01011403,Flat maisonette or apartment or mobile/temporary accommodation,49,14,7,7,35,32,3
S01011404,All households,468,237,95,142,231,195,36
S01011404,Whole house or bungalow: Total,230,160,73,87,70,61,9
S01011404,Whole house or bungalow: Detached,45,37,12,25,8,5,3
S01011404,Whole house or bungalow: Semi-detached,76,59,29,30,17,16,1
S01011404,Whole house or bungalow: Terraced (including end-terrace),109,64,32,32,45,40,5
S01011404,Flat maisonette or apartment or mobile/temporary accommodation,238,77,22,55,161,134,27
S01011405,All households,298,197,109,88,101,84,17
S01011405,Whole house or bungalow: Total,202,182,101,81,20,14,6
S01011405,Whole house or bungalow: Detached,97,94,56,38,3,0,3
S01011405,Whole house or bungalow: Semi-detached,89,76,42,34,13,10,3
S01011405,Whole house or bungalow: Terraced (including end-terrace),16,12,3,9,4,4,0
S01011405,Flat maisonette or apartment or mobile/temporary accommodation,96,15,8,7,81,70,11
S01011406,All households,287,183,87,96,104,88,16
S01011406,Whole house or bungalow: Total,273,180,85,95,93,83,10
S01011406,Whole house or bungalow: Detached,33,31,19,12,2,2,0
S01011406,Whole house or bungalow: Semi-detached,94,60,26,34,34,29,5
S01011406,Whole house or bungalow: Terraced (including end-terrace),146,89,40,49,57,52,5
S01011406,Flat maisonette or apartment or mobile/temporary accommodation,14,3,2,1,11,5,6
S01011407,All households,506,375,175,200,131,94,37
S01011407,Whole house or bungalow: Total,456,345,164,181,111,87,24
S01011407,Whole house or bungalow: Detached,48,46,29,17,2,2,0
S01011407,Whole house or bungalow: Semi-detached,167,131,64,67,36,25,11
S01011407,Whole house or bungalow: Terraced (including end-terrace),241,168,71,97,73,60,13
S01011407,Flat maisonette or apartment or mobile/temporary accommodation,50,30,11,19,20,7,13
S01011408,All households,369,225,83,142,144,122,22
S01011408,Whole house or bungalow: Total,340,215,80,135,125,107,18
S01011408,Whole house or bungalow: Detached,13,8,3,5,5,4,1
S01011408,Whole house or bungalow: Semi-detached,105,65,25,40,40,32,8
S01011408,Whole house or bungalow: Terraced (including end-terrace),222,142,52,90,80,71,9
S01011408,Flat maisonette or apartment or mobile/temporary accommodation,29,10,3,7,19,15,4
S01011409,All households,362,145,36,109,217,207,10
S01011409,Whole house or bungalow: Total,263,137,32,105,126,116,10
S01011409,Whole house or bungalow: Detached,15,10,4,6,5,5,0
S01011409,Whole house or bungalow: Semi-detached,111,55,10,45,56,54,2
S01011409,Whole house or bungalow: Terraced (including end-terrace),137,72,18,54,65,57,8
S01011409,Flat maisonette or apartment or mobile/temporary accommodation,99,8,4,4,91,91,0
S01011410,All households,316,202,97,105,114,106,8
S01011410,Whole house or bungalow: Total,268,178,90,88,90,85,5
S01011410,Whole house or bungalow: Detached,25,22,14,8,3,3,0
S01011410,Whole house or bungalow: Semi-detached,115,85,38,47,30,30,0
S01011410,Whole house or bungalow: Terraced (including end-terrace),128,71,38,33,57,52,5
S01011410,Flat maisonette or apartment or mobile/temporary accommodation,48,24,7,17,24,21,3
S01011411,All households,285,185,77,108,100,90,10
S01011411,Whole house or bungalow: Total,270,181,76,105,89,81,8
S01011411,Whole house or bungalow: Detached,15,13,6,7,2,1,1
S01011411,Whole house or bungalow: Semi-detached,81,59,27,32,22,21,1
S01011411,Whole house or bungalow: Terraced (including end-terrace),174,109,43,66,65,59,6
S01011411,Flat maisonette or apartment or mobile/temporary accommodation,15,4,1,3,11,9,2
S01011412,All households,357,339,190,149,18,15,3
S01011412,Whole house or bungalow: Total,350,337,189,148,13,10,3
S01011412,Whole house or bungalow: Detached,176,174,107,67,2,1,1
S01011412,Whole house or bungalow: Semi-detached,158,156,79,77,2,1,1
S01011412,Whole house or bungalow: Terraced (including end-terrace),16,7,3,4,9,8,1
S01011412,Flat maisonette or apartment or mobile/temporary accommodation,7,2,1,1,5,5,0
S01011413,All households,218,194,41,153,24,7,17
S01011413,Whole house or bungalow: Total,204,191,41,150,13,1,12
S01011413,Whole house or bungalow: Detached,49,48,16,32,1,0,1
S01011413,Whole house or bungalow: Semi-detached,110,103,19,84,7,0,7
S01011413,Whole house or bungalow: Terraced (including end-terrace),45,40,6,34,5,1,4
S01011413,Flat maisonette or apartment or mobile/temporary accommodation,14,3,0,3,11,6,5
S01011414,All households,377,204,81,123,173,149,24
S01011414,Whole house or bungalow: Total,319,201,80,121,118,96,22
S01011414,Whole house or bungalow: Detached,34,28,19,9,6,2,4
S01011414,Whole house or bungalow: Semi-detached,177,124,51,73,53,40,13
S01011414,Whole house or bungalow: Terraced (including end-terrace),108,49,10,39,59,54,5
S01011414,Flat maisonette or apartment or mobile/temporary accommodation,58,3,1,2,55,53,2
S01011415,All households,408,287,90,197,121,101,20
S01011415,Whole house or bungalow: Total,297,261,81,180,36,23,13
S01011415,Whole house or bungalow: Detached,58,54,21,33,4,1,3
S01011415,Whole house or bungalow: Semi-detached,158,147,43,104,11,6,5
S01011415,Whole house or bungalow: Terraced (including end-terrace),81,60,17,43,21,16,5
S01011415,Flat maisonette or apartment or mobile/temporary accommodation,111,26,9,17,85,78,7
S01011416,All households,240,226,98,128,14,5,9
S01011416,Whole house or bungalow: Total,234,224,96,128,10,3,7
S01011416,Whole house or bungalow: Detached,75,73,40,33,2,1,1
S01011416,Whole house or bungalow: Semi-detached,133,129,53,76,4,1,3
S01011416,Whole house or bungalow: Terraced (including end-terrace),26,22,3,19,4,1,3
S01011416,Flat maisonette or apartment or mobile/temporary accommodation,6,2,2,0,4,2,2
S01011417,All households,374,259,128,131,115,76,39
S01011417,Whole house or bungalow: Total,292,212,106,106,80,57,23
S01011417,Whole house or bungalow: Detached,41,38,24,14,3,0,3
S01011417,Whole house or bungalow: Semi-detached,139,97,53,44,42,35,7
S01011417,Whole house or bungalow: Terraced (including end-terrace),112,77,29,48,35,22,13
S01011417,Flat maisonette or apartment or mobile/temporary accommodation,82,47,22,25,35,19,16
S01011418,All households,264,125,49,76,139,128,11
S01011418,Whole house or bungalow: Total,135,88,29,59,47,44,3
S01011418,Whole house or bungalow: Detached,5,4,0,4,1,1,0
S01011418,Whole house or bungalow: Semi-detached,13,7,4,3,6,6,0
S01011418,Whole house or bungalow: Terraced (including end-terrace),117,77,25,52,40,37,3
S01011418,Flat maisonette or apartment or mobile/temporary accommodation,129,37,20,17,92,84,8
S01011419,All households,253,147,56,91,106,92,14
S01011419,Whole house or bungalow: Total,217,141,53,88,76,69,7
S01011419,Whole house or bungalow: Detached,25,22,10,12,3,2,1
S01011419,Whole house or bungalow: Semi-detached,45,34,10,24,11,9,2
S01011419,Whole house or bungalow: Terraced (including end-terrace),147,85,33,52,62,58,4
S01011419,Flat maisonette or apartment or mobile/temporary accommodation,36,6,3,3,30,23,7
S01011420,All households,250,71,32,39,179,150,29
S01011420,Whole house or bungalow: Total,153,67,31,36,86,81,5
S01011420,Whole house or bungalow: Detached,12,10,5,5,2,2,0
S01011420,Whole house or bungalow: Semi-detached,26,11,9,2,15,14,1
S01011420,Whole house or bungalow: Terraced (including end-terrace),115,46,17,29,69,65,4
S01011420,Flat maisonette or apartment or mobile/temporary accommodation,97,4,1,3,93,69,24
S01011421,All households,233,189,21,168,44,11,33
S01011421,Whole house or bungalow: Total,214,182,20,162,32,4,28
S01011421,Whole house or bungalow: Detached,80,74,9,65,6,0,6
S01011421,Whole house or bungalow: Semi-detached,85,69,6,63,16,2,14
S01011421,Whole house or bungalow: Terraced (including end-terrace),49,39,5,34,10,2,8
S01011421,Flat maisonette or apartment or mobile/temporary accommodation,19,7,1,6,12,7,5
S01011422,All households,264,149,55,94,115,97,18
S01011422,Whole house or bungalow: Total,211,139,53,86,72,62,10
S01011422,Whole house or bungalow: Detached,34,31,5,26,3,1,2
S01011422,Whole house or bungalow: Semi-detached,164,99,46,53,65,57,8
S01011422,Whole house or bungalow: Terraced (including end-terrace),13,9,2,7,4,4,0
S01011422,Flat maisonette or apartment or mobile/temporary accommodation,53,10,2,8,43,35,8
S01011423,All households,221,91,32,59,130,113,17
S01011423,Whole house or bungalow: Total,83,59,19,40,24,20,4
S01011423,Whole house or bungalow: Detached,37,34,12,22,3,2,1
S01011423,Whole house or bungalow: Semi-detached,22,18,5,13,4,3,1
S01011423,Whole house or bungalow: Terraced (including end-terrace),24,7,2,5,17,15,2
S01011423,Flat maisonette or apartment or mobile/temporary accommodation,138,32,13,19,106,93,13
S01011424,All households,237,161,60,101,76,63,13
S01011424,Whole house or bungalow: Total,176,131,46,85,45,34,11
S01011424,Whole house or bungalow: Detached,23,21,11,10,2,1,1
S01011424,Whole house or bungalow: Semi-detached,45,33,9,24,12,9,3
S01011424,Whole house or bungalow: Terraced (including end-terrace),108,77,26,51,31,24,7
S01011424,Flat maisonette or apartment or mobile/temporary accommodation,61,30,14,16,31,29,2
S01011425,All households,348,175,86,89,173,153,20
S01011425,Whole house or bungalow: Total,273,160,84,76,113,96,17
S01011425,Whole house or bungalow: Detached,97,89,55,34,8,5,3
S01011425,Whole house or bungalow: Semi-detached,134,58,27,31,76,69,7
S01011425,Whole house or bungalow: Terraced (including end-terrace),42,13,2,11,29,22,7
S01011425,Flat maisonette or apartment or mobile/temporary accommodation,75,15,2,13,60,57,3
S01011426,All households,356,315,98,217,41,15,26
S01011426,Whole house or bungalow: Total,329,297,88,209,32,12,20
S01011426,Whole house or bungalow: Detached,254,244,79,165,10,0,10
S01011426,Whole house or bungalow: Semi-detached,58,43,7,36,15,6,9
S01011426,Whole house or bungalow: Terraced (including end-terrace),17,10,2,8,7,6,1
S01011426,Flat maisonette or apartment or mobile/temporary accommodation,27,18,10,8,9,3,6
S01011427,All households,303,162,66,96,141,123,18
S01011427,Whole house or bungalow: Total,160,119,50,69,41,32,9
S01011427,Whole house or bungalow: Detached,66,58,24,34,8,4,4
S01011427,Whole house or bungalow: Semi-detached,37,27,16,11,10,10,0
S01011427,Whole house or bungalow: Terraced (including end-terrace),57,34,10,24,23,18,5
S01011427,Flat maisonette or apartment or mobile/temporary accommodation,143,43,16,27,100,91,9
S01011428,All households,243,146,69,77,97,91,6
S01011428,Whole house or bungalow: Total,155,116,52,64,39,35,4
S01011428,Whole house or bungalow: Detached,33,30,18,12,3,2,1
S01011428,Whole house or bungalow: Semi-detached,71,51,20,31,20,18,2
S01011428,Whole house or bungalow: Terraced (including end-terrace),51,35,14,21,16,15,1
S01011428,Flat maisonette or apartment or mobile/temporary accommodation,88,30,17,13,58,56,2
S01011429,All households,240,219,74,145,21,9,12
S01011429,Whole house or bungalow: Total,236,215,73,142,21,9,12
S01011429,Whole house or bungalow: Detached,109,104,38,66,5,0,5
S01011429,Whole house or bungalow: Semi-detached,71,64,25,39,7,4,3
S01011429,Whole house or bungalow: Terraced (including end-terrace),56,47,10,37,9,5,4
S01011429,Flat maisonette or apartment or mobile/temporary accommodation,4,4,1,3,0,0,0
S01011430,All households,368,286,93,193,82,40,42
S01011430,Whole house or bungalow: Total,288,253,84,169,35,12,23
S01011430,Whole house or bungalow: Detached,111,108,45,63,3,0,3
S01011430,Whole house or bungalow: Semi-detached,115,94,28,66,21,3,18
S01011430,Whole house or bungalow: Terraced (including end-terrace),62,51,11,40,11,9,2
S01011430,Flat maisonette or apartment or mobile/temporary accommodation,80,33,9,24,47,28,19
S01011431,All households,506,256,104,152,250,216,34
S01011431,Whole house or bungalow: Total,317,194,80,114,123,114,9
S01011431,Whole house or bungalow: Detached,43,37,15,22,6,5,1
S01011431,Whole house or bungalow: Semi-detached,212,136,59,77,76,70,6
S01011431,Whole house or bungalow: Terraced (including end-terrace),62,21,6,15,41,39,2
S01011431,Flat maisonette or apartment or mobile/temporary accommodation,189,62,24,38,127,102,25
S01011432,All households,467,284,117,167,183,163,20
S01011432,Whole house or bungalow: Total,390,270,109,161,120,107,13
S01011432,Whole house or bungalow: Detached,27,20,10,10,7,4,3
S01011432,Whole house or bungalow: Semi-detached,60,44,15,29,16,16,0
S01011432,Whole house or bungalow: Terraced (including end-terrace),303,206,84,122,97,87,10
S01011432,Flat maisonette or apartment or mobile/temporary accommodation,77,14,8,6,63,56,7
S01011433,All households,369,102,40,62,267,251,16
S01011433,Whole house or bungalow: Total,342,100,39,61,242,230,12
S01011433,Whole house or bungalow: Detached,12,5,0,5,7,7,0
S01011433,Whole house or bungalow: Semi-detached,71,15,7,8,56,53,3
S01011433,Whole house or bungalow: Terraced (including end-terrace),259,80,32,48,179,170,9
S01011433,Flat maisonette or apartment or mobile/temporary accommodation,27,2,1,1,25,21,4
S01011434,All households,250,171,81,90,79,67,12
S01011434,Whole house or bungalow: Total,199,142,69,73,57,48,9
S01011434,Whole house or bungalow: Detached,49,44,21,23,5,4,1
S01011434,Whole house or bungalow: Semi-detached,77,58,29,29,19,15,4
S01011434,Whole house or bungalow: Terraced (including end-terrace),73,40,19,21,33,29,4
S01011434,Flat maisonette or apartment or mobile/temporary accommodation,51,29,12,17,22,19,3
S01011435,All households,374,319,109,210,55,17,38
S01011435,Whole house or bungalow: Total,300,273,96,177,27,10,17
S01011435,Whole house or bungalow: Detached,172,163,62,101,9,0,9
S01011435,Whole house or bungalow: Semi-detached,102,87,29,58,15,7,8
S01011435,Whole house or bungalow: Terraced (including end-terrace),26,23,5,18,3,3,0
S01011435,Flat maisonette or apartment or mobile/temporary accommodation,74,46,13,33,28,7,21
S01011436,All households,370,139,50,89,231,198,33
S01011436,Whole house or bungalow: Total,249,131,46,85,118,98,20
S01011436,Whole house or bungalow: Detached,31,22,9,13,9,3,6
S01011436,Whole house or bungalow: Semi-detached,78,46,22,24,32,28,4
S01011436,Whole house or bungalow: Terraced (including end-terrace),140,63,15,48,77,67,10
S01011436,Flat maisonette or apartment or mobile/temporary accommodation,121,8,4,4,113,100,13
S01011437,All households,354,166,54,112,188,162,26
S01011437,Whole house or bungalow: Total,241,147,50,97,94,77,17
S01011437,Whole house or bungalow: Detached,23,19,11,8,4,2,2
S01011437,Whole house or bungalow: Semi-detached,56,31,11,20,25,20,5
S01011437,Whole house or bungalow: Terraced (including end-terrace),162,97,28,69,65,55,10
S01011437,Flat maisonette or apartment or mobile/temporary accommodation,113,19,4,15,94,85,9
S01011438,All households,241,56,12,44,185,176,9
S01011438,Whole house or bungalow: Total,115,46,10,36,69,65,4
S01011438,Whole house or bungalow: Detached,5,5,2,3,0,0,0
S01011438,Whole house or bungalow: Semi-detached,41,15,1,14,26,24,2
S01011438,Whole house or bungalow: Terraced (including end-terrace),69,26,7,19,43,41,2
S01011438,Flat maisonette or apartment or mobile/temporary accommodation,126,10,2,8,116,111,5
S01011439,All households,396,217,96,121,179,152,27
S01011439,Whole house or bungalow: Total,390,216,96,120,174,147,27
S01011439,Whole house or bungalow: Detached,46,37,16,21,9,3,6
S01011439,Whole house or bungalow: Semi-detached,181,107,58,49,74,65,9
S01011439,Whole house or bungalow: Terraced (including end-terrace),163,72,22,50,91,79,12
S01011439,Flat maisonette or apartment or mobile/temporary accommodation,6,1,0,1,5,5,0
S01011440,All households,276,145,53,92,131,119,12
S01011440,Whole house or bungalow: Total,222,138,50,88,84,74,10
S01011440,Whole house or bungalow: Detached,13,6,3,3,7,5,2
S01011440,Whole house or bungalow: Semi-detached,117,80,31,49,37,32,5
S01011440,Whole house or bungalow: Terraced (including end-terrace),92,52,16,36,40,37,3
S01011440,Flat maisonette or apartment or mobile/temporary accommodation,54,7,3,4,47,45,2
S01011441,All households,343,160,71,89,183,161,22
S01011441,Whole house or bungalow: Total,209,138,63,75,71,61,10
S01011441,Whole house or bungalow: Detached,36,32,14,18,4,2,2
S01011441,Whole house or bungalow: Semi-detached,121,75,40,35,46,41,5
S01011441,Whole house or bungalow: Terraced (including end-terrace),52,31,9,22,21,18,3
S01011441,Flat maisonette or apartment or mobile/temporary accommodation,134,22,8,14,112,100,12
S01011442,All households,327,167,71,96,160,125,35
S01011442,Whole house or bungalow: Total,241,155,65,90,86,69,17
S01011442,Whole house or bungalow: Detached,38,28,11,17,10,5,5
S01011442,Whole house or bungalow: Semi-detached,76,45,20,25,31,25,6
S01011442,Whole house or bungalow: Terraced (including end-terrace),127,82,34,48,45,39,6
S01011442,Flat maisonette or apartment or mobile/temporary accommodation,86,12,6,6,74,56,18
S01011443,All households,288,166,78,88,122,114,8
S01011443,Whole house or bungalow: Total,235,149,72,77,86,80,6
S01011443,Whole house or bungalow: Detached,32,25,8,17,7,5,2
S01011443,Whole house or bungalow: Semi-detached,156,99,46,53,57,53,4
S01011443,Whole house or bungalow: Terraced (including end-terrace),47,25,18,7,22,22,0
S01011443,Flat maisonette or apartment or mobile/temporary accommodation,53,17,6,11,36,34,2
S01011444,All households,334,152,63,89,182,172,10
S01011444,Whole house or bungalow: Total,144,96,41,55,48,46,2
S01011444,Whole house or bungalow: Detached,13,10,5,5,3,2,1
S01011444,Whole house or bungalow: Semi-detached,26,21,11,10,5,4,1
S01011444,Whole house or bungalow: Terraced (including end-terrace),105,65,25,40,40,40,0
S01011444,Flat maisonette or apartment or mobile/temporary accommodation,190,56,22,34,134,126,8
S01011445,All households,251,165,56,109,86,70,16
S01011445,Whole house or bungalow: Total,140,118,34,84,22,13,9
S01011445,Whole house or bungalow: Detached,47,43,9,34,4,0,4
S01011445,Whole house or bungalow: Semi-detached,67,58,20,38,9,4,5
S01011445,Whole house or bungalow: Terraced (including end-terrace),26,17,5,12,9,9,0
S01011445,Flat maisonette or apartment or mobile/temporary accommodation,111,47,22,25,64,57,7
S01011446,All households,231,161,80,81,70,56,14
S01011446,Whole house or bungalow: Total,150,115,62,53,35,25,10
S01011446,Whole house or bungalow: Detached,80,76,37,39,4,0,4
S01011446,Whole house or bungalow: Semi-detached,40,30,18,12,10,7,3
S01011446,Whole house or bungalow: Terraced (including end-terrace),30,9,7,2,21,18,3
S01011446,Flat maisonette or apartment or mobile/temporary accommodation,81,46,18,28,35,31,4
S01011447,All households,369,179,53,126,190,170,20
S01011447,Whole house or bungalow: Total,352,175,49,126,177,158,19
S01011447,Whole house or bungalow: Detached,48,39,8,31,9,8,1
S01011447,Whole house or bungalow: Semi-detached,109,61,20,41,48,42,6
S01011447,Whole house or bungalow: Terraced (including end-terrace),195,75,21,54,120,108,12
S01011447,Flat maisonette or apartment or mobile/temporary accommodation,17,4,4,0,13,12,1
S01011448,All households,377,280,115,165,97,58,39
S01011448,Whole house or bungalow: Total,318,258,110,148,60,37,23
S01011448,Whole house or bungalow: Detached,118,106,52,54,12,3,9
S01011448,Whole house or bungalow: Semi-detached,108,94,40,54,14,6,8
S01011448,Whole house or bungalow: Terraced (including end-terrace),92,58,18,40,34,28,6
S01011448,Flat maisonette or apartment or mobile/temporary accommodation,59,22,5,17,37,21,16
S01011449,All households,276,110,50,60,166,134,32
S01011449,Whole house or bungalow: Total,148,78,37,41,70,58,12
S01011449,Whole house or bungalow: Detached,21,16,8,8,5,0,5
S01011449,Whole house or bungalow: Semi-detached,34,16,7,9,18,15,3
S01011449,Whole house or bungalow: Terraced (including end-terrace),93,46,22,24,47,43,4
S01011449,Flat maisonette or apartment or mobile/temporary accommodation,128,32,13,19,96,76,20
S01011450,All households,239,193,63,130,46,31,15
S01011450,Whole house or bungalow: Total,209,177,55,122,32,20,12
S01011450,Whole house or bungalow: Detached,118,113,32,81,5,1,4
S01011450,Whole house or bungalow: Semi-detached,39,32,8,24,7,4,3
S01011450,Whole house or bungalow: Terraced (including end-terrace),52,32,15,17,20,15,5
S01011450,Flat maisonette or apartment or mobile/temporary accommodation,30,16,8,8,14,11,3
S01011451,All households,212,175,50,125,37,22,15
S01011451,Whole house or bungalow: Total,206,172,48,124,34,20,14
S01011451,Whole house or bungalow: Detached,158,147,38,109,11,0,11
S01011451,Whole house or bungalow: Semi-detached,28,13,4,9,15,13,2
S01011451,Whole house or bungalow: Terraced (including end-terrace),20,12,6,6,8,7,1
S01011451,Flat maisonette or apartment or mobile/temporary accommodation,6,3,2,1,3,2,1
S01011452,All households,412,317,125,192,95,57,38
S01011452,Whole house or bungalow: Total,297,247,102,145,50,33,17
S01011452,Whole house or bungalow: Detached,103,100,43,57,3,0,3
S01011452,Whole house or bungalow: Semi-detached,127,113,47,66,14,9,5
S01011452,Whole house or bungalow: Terraced (including end-terrace),67,34,12,22,33,24,9
S01011452,Flat maisonette or apartment or mobile/temporary accommodation,115,70,23,47,45,24,21
S01011453,All households,301,211,101,110,90,68,22
S01011453,Whole house or bungalow: Total,203,158,80,78,45,34,11
S01011453,Whole house or bungalow: Detached,28,24,9,15,4,1,3
S01011453,Whole house or bungalow: Semi-detached,95,79,38,41,16,12,4
S01011453,Whole house or bungalow: Terraced (including end-terrace),80,55,33,22,25,21,4
S01011453,Flat maisonette or apartment or mobile/temporary accommodation,98,53,21,32,45,34,11
S01011454,All households,351,177,58,119,174,153,21
S01011454,Whole house or bungalow: Total,305,170,54,116,135,120,15
S01011454,Whole house or bungalow: Detached,10,9,1,8,1,1,0
S01011454,Whole house or bungalow: Semi-detached,100,64,22,42,36,32,4
S01011454,Whole house or bungalow: Terraced (including end-terrace),195,97,31,66,98,87,11
S01011454,Flat maisonette or apartment or mobile/temporary accommodation,46,7,4,3,39,33,6
S01011455,All households,329,165,69,96,164,147,17
S01011455,Whole house or bungalow: Total,234,145,62,83,89,79,10
S01011455,Whole house or bungalow: Detached,14,6,3,3,8,6,2
S01011455,Whole house or bungalow: Semi-detached,164,109,55,54,55,49,6
S01011455,Whole house or bungalow: Terraced (including end-terrace),56,30,4,26,26,24,2
S01011455,Flat maisonette or apartment or mobile/temporary accommodation,95,20,7,13,75,68,7
S01011456,All households,356,185,62,123,171,160,11
S01011456,Whole house or bungalow: Total,345,181,62,119,164,153,11
S01011456,Whole house or bungalow: Detached,20,14,6,8,6,4,2
S01011456,Whole house or bungalow: Semi-detached,137,76,27,49,61,56,5
S01011456,Whole house or bungalow: Terraced (including end-terrace),188,91,29,62,97,93,4
S01011456,Flat maisonette or apartment or mobile/temporary accommodation,11,4,0,4,7,7,0
S01011457,All households,382,172,63,109,210,193,17
S01011457,Whole house or bungalow: Total,357,162,62,100,195,180,15
S01011457,Whole house or bungalow: Detached,21,13,6,7,8,7,1
S01011457,Whole house or bungalow: Semi-detached,76,38,15,23,38,34,4
S01011457,Whole house or bungalow: Terraced (including end-terrace),260,111,41,70,149,139,10
S01011457,Flat maisonette or apartment or mobile/temporary accommodation,25,10,1,9,15,13,2
S01011458,All households,374,312,55,257,62,49,13
S01011458,Whole house or bungalow: Total,354,298,54,244,56,46,10
S01011458,Whole house or bungalow: Detached,209,200,31,169,9,2,7
S01011458,Whole house or bungalow: Semi-detached,87,66,14,52,21,18,3
S01011458,Whole house or bungalow: Terraced (including end-terrace),58,32,9,23,26,26,0
S01011458,Flat maisonette or apartment or mobile/temporary accommodation,20,14,1,13,6,3,3
S01011459,All households,420,299,52,247,121,79,42
S01011459,Whole house or bungalow: Total,298,251,39,212,47,24,23
S01011459,Whole house or bungalow: Detached,90,82,14,68,8,1,7
S01011459,Whole house or bungalow: Semi-detached,93,77,11,66,16,9,7
S01011459,Whole house or bungalow: Terraced (including end-terrace),115,92,14,78,23,14,9
S01011459,Flat maisonette or apartment or mobile/temporary accommodation,122,48,13,35,74,55,19
S01011460,All households,292,150,23,127,142,133,9
S01011460,Whole house or bungalow: Total,238,144,23,121,94,88,6
S01011460,Whole house or bungalow: Detached,52,46,7,39,6,6,0
S01011460,Whole house or bungalow: Semi-detached,60,42,8,34,18,17,1
S01011460,Whole house or bungalow: Terraced (including end-terrace),126,56,8,48,70,65,5
S01011460,Flat maisonette or apartment or mobile/temporary accommodation,54,6,0,6,48,45,3
S01011461,All households,332,150,31,119,182,130,52
S01011461,Whole house or bungalow: Total,212,115,30,85,97,87,10
S01011461,Whole house or bungalow: Detached,10,6,2,4,4,3,1
S01011461,Whole house or bungalow: Semi-detached,43,24,6,18,19,16,3
S01011461,Whole house or bungalow: Terraced (including end-terrace),159,85,22,63,74,68,6
S01011461,Flat maisonette or apartment or mobile/temporary accommodation,120,35,1,34,85,43,42
S01011462,All households,404,274,103,171,130,95,35
S01011462,Whole house or bungalow: Total,311,255,98,157,56,48,8
S01011462,Whole house or bungalow: Detached,122,121,30,91,1,0,1
S01011462,Whole house or bungalow: Semi-detached,45,31,15,16,14,12,2
S01011462,Whole house or bungalow: Terraced (including end-terrace),144,103,53,50,41,36,5
S01011462,Flat maisonette or apartment or mobile/temporary accommodation,93,19,5,14,74,47,27
S01011463,All households,307,230,80,150,77,54,23
S01011463,Whole house or bungalow: Total,236,189,73,116,47,38,9
S01011463,Whole house or bungalow: Detached,35,34,18,16,1,0,1
S01011463,Whole house or bungalow: Semi-detached,133,100,39,61,33,28,5
S01011463,Whole house or bungalow: Terraced (including end-terrace),68,55,16,39,13,10,3
S01011463,Flat maisonette or apartment or mobile/temporary accommodation,71,41,7,34,30,16,14
S01011464,All households,223,177,17,160,46,26,20
S01011464,Whole house or bungalow: Total,135,121,14,107,14,9,5
S01011464,Whole house or bungalow: Detached,112,105,10,95,7,2,5
S01011464,Whole house or bungalow: Semi-detached,14,12,3,9,2,2,0
S01011464,Whole house or bungalow: Terraced (including end-terrace),9,4,1,3,5,5,0
S01011464,Flat maisonette or apartment or mobile/temporary accommodation,88,56,3,53,32,17,15
S01011465,All households,223,80,30,50,143,135,8
S01011465,Whole house or bungalow: Total,103,62,21,41,41,37,4
S01011465,Whole house or bungalow: Detached,9,6,0,6,3,2,1
S01011465,Whole house or bungalow: Semi-detached,69,43,19,24,26,23,3
S01011465,Whole house or bungalow: Terraced (including end-terrace),25,13,2,11,12,12,0
S01011465,Flat maisonette or apartment or mobile/temporary accommodation,120,18,9,9,102,98,4
S01011466,All households,316,127,50,77,189,168,21
S01011466,Whole house or bungalow: Total,114,78,27,51,36,26,10
S01011466,Whole house or bungalow: Detached,15,11,2,9,4,1,3
S01011466,Whole house or bungalow: Semi-detached,63,47,20,27,16,14,2
S01011466,Whole house or bungalow: Terraced (including end-terrace),36,20,5,15,16,11,5
S01011466,Flat maisonette or apartment or mobile/temporary accommodation,202,49,23,26,153,142,11
S01011467,All households,231,134,37,97,97,77,20
S01011467,Whole house or bungalow: Total,170,124,35,89,46,39,7
S01011467,Whole house or bungalow: Detached,44,43,3,40,1,0,1
S01011467,Whole house or bungalow: Semi-detached,43,30,8,22,13,12,1
S01011467,Whole house or bungalow: Terraced (including end-terrace),83,51,24,27,32,27,5
S01011467,Flat maisonette or apartment or mobile/temporary accommodation,61,10,2,8,51,38,13
S01011468,All households,310,263,28,235,47,9,38
S01011468,Whole house or bungalow: Total,270,239,26,213,31,8,23
S01011468,Whole house or bungalow: Detached,150,140,17,123,10,1,9
S01011468,Whole house or bungalow: Semi-detached,79,69,8,61,10,1,9
S01011468,Whole house or bungalow: Terraced (including end-terrace),41,30,1,29,11,6,5
S01011468,Flat maisonette or apartment or mobile/temporary accommodation,40,24,2,22,16,1,15
S01011469,All households,318,103,16,87,215,173,42
S01011469,Whole house or bungalow: Total,236,98,15,83,138,119,19
S01011469,Whole house or bungalow: Detached,55,46,5,41,9,6,3
S01011469,Whole house or bungalow: Semi-detached,42,19,3,16,23,18,5
S01011469,Whole house or bungalow: Terraced (including end-terrace),139,33,7,26,106,95,11
S01011469,Flat maisonette or apartment or mobile/temporary accommodation,82,5,1,4,77,54,23
S01011470,All households,491,272,104,168,219,170,49
S01011470,Whole house or bungalow: Total,328,211,83,128,117,97,20
S01011470,Whole house or bungalow: Detached,69,63,12,51,6,4,2
S01011470,Whole house or bungalow: Semi-detached,148,104,49,55,44,35,9
S01011470,Whole house or bungalow: Terraced (including end-terrace),111,44,22,22,67,58,9
S01011470,Flat maisonette or apartment or mobile/temporary accommodation,163,61,21,40,102,73,29
S01011471,All households,455,277,128,149,178,142,36
S01011471,Whole house or bungalow: Total,241,191,93,98,50,43,7
S01011471,Whole house or bungalow: Detached,45,39,20,19,6,3,3
S01011471,Whole house or bungalow: Semi-detached,68,62,25,37,6,4,2
S01011471,Whole house or bungalow: Terraced (including end-terrace),128,90,48,42,38,36,2
S01011471,Flat maisonette or apartment or mobile/temporary accommodation,214,86,35,51,128,99,29
S01011472,All households,535,136,58,78,399,366,33
S01011472,Whole house or bungalow: Total,170,123,57,66,47,40,7
S01011472,Whole house or bungalow: Detached,16,12,4,8,4,2,2
S01011472,Whole house or bungalow: Semi-detached,52,40,17,23,12,11,1
S01011472,Whole house or bungalow: Terraced (including end-terrace),102,71,36,35,31,27,4
S01011472,Flat maisonette or apartment or mobile/temporary accommodation,365,13,1,12,352,326,26
S01011473,All households,431,92,39,53,339,311,28
S01011473,Whole house or bungalow: Total,79,54,23,31,25,22,3
S01011473,Whole house or bungalow: Detached,5,4,1,3,1,0,1
S01011473,Whole house or bungalow: Semi-detached,13,7,6,1,6,6,0
S01011473,Whole house or bungalow: Terraced (including end-terrace),61,43,16,27,18,16,2
S01011473,Flat maisonette or apartment or mobile/temporary accommodation,352,38,16,22,314,289,25
S01011474,All households,481,109,37,72,372,301,71
S01011474,Whole house or bungalow: Total,54,35,8,27,19,9,10
S01011474,Whole house or bungalow: Detached,4,3,1,2,1,0,1
S01011474,Whole house or bungalow: Semi-detached,17,12,5,7,5,1,4
S01011474,Whole house or bungalow: Terraced (including end-terrace),33,20,2,18,13,8,5
S01011474,Flat maisonette or apartment or mobile/temporary accommodation,427,74,29,45,353,292,61
S01011475,All households,391,41,17,24,350,336,14
S01011475,Whole house or bungalow: Total,40,17,7,10,23,18,5
S01011475,Whole house or bungalow: Detached,5,5,1,4,0,0,0
S01011475,Whole house or bungalow: Semi-detached,8,3,1,2,5,5,0
S01011475,Whole house or bungalow: Terraced (including end-terrace),27,9,5,4,18,13,5
S01011475,Flat maisonette or apartment or mobile/temporary accommodation,351,24,10,14,327,318,9
S01011476,All households,198,183,92,91,15,6,9
S01011476,Whole house or bungalow: Total,192,179,91,88,13,4,9
S01011476,Whole house or bungalow: Detached,41,41,21,20,0,0,0
S01011476,Whole house or bungalow: Semi-detached,131,122,65,57,9,3,6
S01011476,Whole house or bungalow: Terraced (including end-terrace),20,16,5,11,4,1,3
S01011476,Flat maisonette or apartment or mobile/temporary accommodation,6,4,1,3,2,2,0
S01011477,All households,335,320,171,149,15,8,7
S01011477,Whole house or bungalow: Total,327,317,168,149,10,3,7
S01011477,Whole house or bungalow: Detached,174,171,91,80,3,1,2
S01011477,Whole house or bungalow: Semi-detached,146,141,76,65,5,0,5
S01011477,Whole house or bungalow: Terraced (including end-terrace),7,5,1,4,2,2,0
S01011477,Flat maisonette or apartment or mobile/temporary accommodation,8,3,3,0,5,5,0
S01011478,All households,442,372,152,220,70,21,49
S01011478,Whole house or bungalow: Total,310,284,112,172,26,9,17
S01011478,Whole house or bungalow: Detached,123,116,38,78,7,0,7
S01011478,Whole house or bungalow: Semi-detached,172,162,72,90,10,2,8
S01011478,Whole house or bungalow: Terraced (including end-terrace),15,6,2,4,9,7,2
S01011478,Flat maisonette or apartment or mobile/temporary accommodation,132,88,40,48,44,12,32
S01011479,All households,380,323,169,154,57,13,44
S01011479,Whole house or bungalow: Total,212,191,108,83,21,6,15
S01011479,Whole house or bungalow: Detached,48,46,24,22,2,1,1
S01011479,Whole house or bungalow: Semi-detached,151,137,82,55,14,3,11
S01011479,Whole house or bungalow: Terraced (including end-terrace),13,8,2,6,5,2,3
S01011479,Flat maisonette or apartment or mobile/temporary accommodation,168,132,61,71,36,7,29
S01011480,All households,467,394,194,200,73,12,61
S01011480,Whole house or bungalow: Total,277,253,126,127,24,5,19
S01011480,Whole house or bungalow: Detached,55,51,23,28,4,0,4
S01011480,Whole house or bungalow: Semi-detached,205,186,97,89,19,5,14
S01011480,Whole house or bungalow: Terraced (including end-terrace),17,16,6,10,1,0,1
S01011480,Flat maisonette or apartment or mobile/temporary accommodation,190,141,68,73,49,7,42
S01011481,All households,336,255,59,196,81,60,21
S01011481,Whole house or bungalow: Total,246,214,46,168,32,22,10
S01011481,Whole house or bungalow: Detached,125,122,16,106,3,0,3
S01011481,Whole house or bungalow: Semi-detached,57,48,15,33,9,5,4
S01011481,Whole house or bungalow: Terraced (including end-terrace),64,44,15,29,20,17,3
S01011481,Flat maisonette or apartment or mobile/temporary accommodation,90,41,13,28,49,38,11
S01011482,All households,424,205,87,118,219,173,46
S01011482,Whole house or bungalow: Total,227,150,62,88,77,60,17
S01011482,Whole house or bungalow: Detached,14,13,7,6,1,1,0
S01011482,Whole house or bungalow: Semi-detached,61,41,17,24,20,15,5
S01011482,Whole house or bungalow: Terraced (including end-terrace),152,96,38,58,56,44,12
S01011482,Flat maisonette or apartment or mobile/temporary accommodation,197,55,25,30,142,113,29
S01011483,All households,221,201,83,118,20,4,16
S01011483,Whole house or bungalow: Total,195,185,76,109,10,1,9
S01011483,Whole house or bungalow: Detached,74,73,37,36,1,0,1
S01011483,Whole house or bungalow: Semi-detached,111,104,36,68,7,0,7
S01011483,Whole house or bungalow: Terraced (including end-terrace),10,8,3,5,2,1,1
S01011483,Flat maisonette or apartment or mobile/temporary accommodation,26,16,7,9,10,3,7
S01011484,All households,381,165,56,109,216,202,14
S01011484,Whole house or bungalow: Total,223,109,38,71,114,105,9
S01011484,Whole house or bungalow: Detached,9,4,2,2,5,4,1
S01011484,Whole house or bungalow: Semi-detached,102,59,22,37,43,39,4
S01011484,Whole house or bungalow: Terraced (including end-terrace),112,46,14,32,66,62,4
S01011484,Flat maisonette or apartment or mobile/temporary accommodation,158,56,18,38,102,97,5
S01011485,All households,371,158,52,106,213,185,28
S01011485,Whole house or bungalow: Total,344,147,47,100,197,172,25
S01011485,Whole house or bungalow: Detached,11,7,1,6,4,2,2
S01011485,Whole house or bungalow: Semi-detached,75,35,13,22,40,34,6
S01011485,Whole house or bungalow: Terraced (including end-terrace),258,105,33,72,153,136,17
S01011485,Flat maisonette or apartment or mobile/temporary accommodation,27,11,5,6,16,13,3
S01011486,All households,235,70,31,39,165,155,10
S01011486,Whole house or bungalow: Total,175,61,29,32,114,111,3
S01011486,Whole house or bungalow: Detached,9,7,6,1,2,2,0
S01011486,Whole house or bungalow: Semi-detached,81,36,13,23,45,42,3
S01011486,Whole house or bungalow: Terraced (including end-terrace),85,18,10,8,67,67,0
S01011486,Flat maisonette or apartment or mobile/temporary accommodation,60,9,2,7,51,44,7
S01011487,All households,429,182,49,133,247,223,24
S01011487,Whole house or bungalow: Total,349,176,47,129,173,151,22
S01011487,Whole house or bungalow: Detached,16,9,4,5,7,3,4
S01011487,Whole house or bungalow: Semi-detached,184,102,31,71,82,73,9
S01011487,Whole house or bungalow: Terraced (including end-terrace),149,65,12,53,84,75,9
S01011487,Flat maisonette or apartment or mobile/temporary accommodation,80,6,2,4,74,72,2
S01011488,All households,284,118,51,67,166,146,20
S01011488,Whole house or bungalow: Total,204,94,45,49,110,94,16
S01011488,Whole house or bungalow: Detached,8,3,2,1,5,4,1
S01011488,Whole house or bungalow: Semi-detached,62,35,18,17,27,22,5
S01011488,Whole house or bungalow: Terraced (including end-terrace),134,56,25,31,78,68,10
S01011488,Flat maisonette or apartment or mobile/temporary accommodation,80,24,6,18,56,52,4
S01011489,All households,260,192,18,174,68,58,10
S01011489,Whole house or bungalow: Total,230,182,13,169,48,39,9
S01011489,Whole house or bungalow: Detached,85,82,9,73,3,1,2
S01011489,Whole house or bungalow: Semi-detached,113,81,4,77,32,26,6
S01011489,Whole house or bungalow: Terraced (including end-terrace),32,19,0,19,13,12,1
S01011489,Flat maisonette or apartment or mobile/temporary accommodation,30,10,5,5,20,19,1
S01011490,All households,473,253,70,183,220,178,42
S01011490,Whole house or bungalow: Total,234,194,50,144,40,14,26
S01011490,Whole house or bungalow: Detached,24,20,5,15,4,1,3
S01011490,Whole house or bungalow: Semi-detached,111,96,21,75,15,3,12
S01011490,Whole house or bungalow: Terraced (including end-terrace),99,78,24,54,21,10,11
S01011490,Flat maisonette or apartment or mobile/temporary accommodation,239,59,20,39,180,164,16
S01011491,All households,262,94,30,64,168,151,17
S01011491,Whole house or bungalow: Total,97,63,21,42,34,29,5
S01011491,Whole house or bungalow: Detached,10,7,2,5,3,2,1
S01011491,Whole house or bungalow: Semi-detached,51,42,16,26,9,6,3
S01011491,Whole house or bungalow: Terraced (including end-terrace),36,14,3,11,22,21,1
S01011491,Flat maisonette or apartment or mobile/temporary accommodation,165,31,9,22,134,122,12
S01011492,All households,395,109,24,85,286,140,146
S01011492,Whole house or bungalow: Total,81,43,14,29,38,31,7
S01011492,Whole house or bungalow: Detached,11,7,2,5,4,2,2
S01011492,Whole house or bungalow: Semi-detached,29,21,9,12,8,7,1
S01011492,Whole house or bungalow: Terraced (including end-terrace),41,15,3,12,26,22,4
S01011492,Flat maisonette or apartment or mobile/temporary accommodation,314,66,10,56,248,109,139
S01011493,All households,170,164,24,140,6,3,3
S01011493,Whole house or bungalow: Total,169,163,24,139,6,3,3
S01011493,Whole house or bungalow: Detached,61,59,11,48,2,0,2
S01011493,Whole house or bungalow: Semi-detached,98,97,13,84,1,0,1
S01011493,Whole house or bungalow: Terraced (including end-terrace),10,7,0,7,3,3,0
S01011493,Flat maisonette or apartment or mobile/temporary accommodation,1,1,0,1,0,0,0
S01011494,All households,332,188,65,123,144,132,12
S01011494,Whole house or bungalow: Total,197,151,49,102,46,42,4
S01011494,Whole house or bungalow: Detached,21,16,2,14,5,4,1
S01011494,Whole house or bungalow: Semi-detached,70,61,17,44,9,7,2
S01011494,Whole house or bungalow: Terraced (including end-terrace),106,74,30,44,32,31,1
S01011494,Flat maisonette or apartment or mobile/temporary accommodation,135,37,16,21,98,90,8
S01011495,All households,369,157,64,93,212,190,22
S01011495,Whole house or bungalow: Total,234,110,44,66,124,114,10
S01011495,Whole house or bungalow: Detached,26,20,10,10,6,5,1
S01011495,Whole house or bungalow: Semi-detached,64,22,10,12,42,36,6
S01011495,Whole house or bungalow: Terraced (including end-terrace),144,68,24,44,76,73,3
S01011495,Flat maisonette or apartment or mobile/temporary accommodation,135,47,20,27,88,76,12
S01011496,All households,308,51,14,37,257,246,11
S01011496,Whole house or bungalow: Total,119,47,13,34,72,63,9
S01011496,Whole house or bungalow: Detached,10,6,2,4,4,2,2
S01011496,Whole house or bungalow: Semi-detached,56,20,8,12,36,32,4
S01011496,Whole house or bungalow: Terraced (including end-terrace),53,21,3,18,32,29,3
S01011496,Flat maisonette or apartment or mobile/temporary accommodation,189,4,1,3,185,183,2
S01011497,All households,256,207,56,151,49,14,35
S01011497,Whole house or bungalow: Total,186,169,45,124,17,5,12
S01011497,Whole house or bungalow: Detached,69,65,21,44,4,1,3
S01011497,Whole house or bungalow: Semi-detached,80,74,16,58,6,1,5
S01011497,Whole house or bungalow: Terraced (including end-terrace),37,30,8,22,7,3,4
S01011497,Flat maisonette or apartment or mobile/temporary accommodation,70,38,11,27,32,9,23
S01011498,All households,230,209,44,165,21,11,10
S01011498,Whole house or bungalow: Total,218,200,39,161,18,10,8
S01011498,Whole house or bungalow: Detached,69,67,14,53,2,0,2
S01011498,Whole house or bungalow: Semi-detached,99,85,21,64,14,8,6
S01011498,Whole house or bungalow: Terraced (including end-terrace),50,48,4,44,2,2,0
S01011498,Flat maisonette or apartment or mobile/temporary accommodation,12,9,5,4,3,1,2
S01011499,All households,370,246,76,170,124,88,36
S01011499,Whole house or bungalow: Total,248,199,64,135,49,40,9
S01011499,Whole house or bungalow: Detached,58,53,25,28,5,4,1
S01011499,Whole house or bungalow: Semi-detached,123,105,25,80,18,14,4
S01011499,Whole house or bungalow: Terraced (including end-terrace),67,41,14,27,26,22,4
S01011499,Flat maisonette or apartment or mobile/temporary accommodation,122,47,12,35,75,48,27
S01011500,All households,219,148,60,88,71,55,16
S01011500,Whole house or bungalow: Total,177,145,59,86,32,20,12
S01011500,Whole house or bungalow: Detached,7,6,3,3,1,1,0
S01011500,Whole house or bungalow: Semi-detached,95,87,39,48,8,3,5
S01011500,Whole house or bungalow: Terraced (including end-terrace),75,52,17,35,23,16,7
S01011500,Flat maisonette or apartment or mobile/temporary accommodation,42,3,1,2,39,35,4
S01011501,All households,325,109,37,72,216,196,20
S01011501,Whole house or bungalow: Total,155,74,28,46,81,74,7
S01011501,Whole house or bungalow: Detached,6,6,2,4,0,0,0
S01011501,Whole house or bungalow: Semi-detached,31,16,2,14,15,12,3
S01011501,Whole house or bungalow: Terraced (including end-terrace),118,52,24,28,66,62,4
S01011501,Flat maisonette or apartment or mobile/temporary accommodation,170,35,9,26,135,122,13
S01011502,All households,305,185,59,126,120,110,10
S01011502,Whole house or bungalow: Total,297,183,58,125,114,105,9
S01011502,Whole house or bungalow: Detached,7,5,2,3,2,2,0
S01011502,Whole house or bungalow: Semi-detached,67,39,11,28,28,26,2
S01011502,Whole house or bungalow: Terraced (including end-terrace),223,139,45,94,84,77,7
S01011502,Flat maisonette or apartment or mobile/temporary accommodation,8,2,1,1,6,5,1
S01011503,All households,253,171,63,108,82,72,10
S01011503,Whole house or bungalow: Total,220,159,58,101,61,52,9
S01011503,Whole house or bungalow: Detached,13,10,4,6,3,1,2
S01011503,Whole house or bungalow: Semi-detached,36,28,14,14,8,7,1
S01011503,Whole house or bungalow: Terraced (including end-terrace),171,121,40,81,50,44,6
S01011503,Flat maisonette or apartment or mobile/temporary accommodation,33,12,5,7,21,20,1
S01011504,All households,237,173,81,92,64,52,12
S01011504,Whole house or bungalow: Total,181,147,72,75,34,25,9
S01011504,Whole house or bungalow: Detached,19,16,7,9,3,1,2
S01011504,Whole house or bungalow: Semi-detached,124,109,59,50,15,9,6
S01011504,Whole house or bungalow: Terraced (including end-terrace),38,22,6,16,16,15,1
S01011504,Flat maisonette or apartment or mobile/temporary accommodation,56,26,9,17,30,27,3
S01011505,All households,322,136,37,99,186,145,41
S01011505,Whole house or bungalow: Total,70,50,7,43,20,15,5
S01011505,Whole house or bungalow: Detached,23,23,2,21,0,0,0
S01011505,Whole house or bungalow: Semi-detached,33,22,2,20,11,8,3
S01011505,Whole house or bungalow: Terraced (including end-terrace),14,5,3,2,9,7,2
S01011505,Flat maisonette or apartment or mobile/temporary accommodation,252,86,30,56,166,130,36
S01011506,All households,237,171,79,92,66,57,9
S01011506,Whole house or bungalow: Total,201,151,71,80,50,44,6
S01011506,Whole house or bungalow: Detached,8,7,5,2,1,1,0
S01011506,Whole house or bungalow: Semi-detached,146,114,57,57,32,27,5
S01011506,Whole house or bungalow: Terraced (including end-terrace),47,30,9,21,17,16,1
S01011506,Flat maisonette or apartment or mobile/temporary accommodation,36,20,8,12,16,13,3
S01011507,All households,293,168,72,96,125,110,15
S01011507,Whole house or bungalow: Total,252,153,69,84,99,89,10
S01011507,Whole house or bungalow: Detached,20,17,10,7,3,1,2
S01011507,Whole house or bungalow: Semi-detached,131,80,35,45,51,46,5
S01011507,Whole house or bungalow: Terraced (including end-terrace),101,56,24,32,45,42,3
S01011507,Flat maisonette or apartment or mobile/temporary accommodation,41,15,3,12,26,21,5
S01011508,All households,468,254,62,192,214,138,76
S01011508,Whole house or bungalow: Total,247,202,56,146,45,27,18
S01011508,Whole house or bungalow: Detached,14,13,4,9,1,0,1
S01011508,Whole house or bungalow: Semi-detached,162,144,39,105,18,6,12
S01011508,Whole house or bungalow: Terraced (including end-terrace),71,45,13,32,26,21,5
S01011508,Flat maisonette or apartment or mobile/temporary accommodation,221,52,6,46,169,111,58
S01011509,All households,247,184,73,111,63,50,13
S01011509,Whole house or bungalow: Total,220,181,71,110,39,28,11
S01011509,Whole house or bungalow: Detached,7,6,2,4,1,1,0
S01011509,Whole house or bungalow: Semi-detached,106,96,45,51,10,6,4
S01011509,Whole house or bungalow: Terraced (including end-terrace),107,79,24,55,28,21,7
S01011509,Flat maisonette or apartment or mobile/temporary accommodation,27,3,2,1,24,22,2
S01011510,All households,435,218,76,142,217,179,38
S01011510,Whole house or bungalow: Total,297,184,66,118,113,86,27
S01011510,Whole house or bungalow: Detached,12,8,6,2,4,4,0
S01011510,Whole house or bungalow: Semi-detached,144,101,39,62,43,30,13
S01011510,Whole house or bungalow: Terraced (including end-terrace),141,75,21,54,66,52,14
S01011510,Flat maisonette or apartment or mobile/temporary accommodation,138,34,10,24,104,93,11
S01011511,All households,255,105,41,64,150,143,7
S01011511,Whole house or bungalow: Total,124,73,30,43,51,47,4
S01011511,Whole house or bungalow: Detached,0,0,0,0,0,0,0
S01011511,Whole house or bungalow: Semi-detached,32,18,6,12,14,13,1
S01011511,Whole house or bungalow: Terraced (including end-terrace),92,55,24,31,37,34,3
S01011511,Flat maisonette or apartment or mobile/temporary accommodation,131,32,11,21,99,96,3
S01011512,All households,482,107,25,82,375,360,15
S01011512,Whole house or bungalow: Total,234,100,25,75,134,122,12
S01011512,Whole house or bungalow: Detached,12,4,1,3,8,6,2
S01011512,Whole house or bungalow: Semi-detached,51,17,4,13,34,32,2
S01011512,Whole house or bungalow: Terraced (including end-terrace),171,79,20,59,92,84,8
S01011512,Flat maisonette or apartment or mobile/temporary accommodation,248,7,0,7,241,238,3
S01011513,All households,358,129,51,78,229,215,14
S01011513,Whole house or bungalow: Total,149,86,34,52,63,56,7
S01011513,Whole house or bungalow: Detached,12,6,2,4,6,5,1
S01011513,Whole house or bungalow: Semi-detached,34,19,10,9,15,13,2
S01011513,Whole house or bungalow: Terraced (including end-terrace),103,61,22,39,42,38,4
S01011513,Flat maisonette or apartment or mobile/temporary accommodation,209,43,17,26,166,159,7
S01011514,All households,337,148,52,96,189,182,7
S01011514,Whole house or bungalow: Total,295,145,51,94,150,144,6
S01011514,Whole house or bungalow: Detached,11,6,3,3,5,5,0
S01011514,Whole house or bungalow: Semi-detached,50,20,6,14,30,29,1
S01011514,Whole house or bungalow: Terraced (including end-terrace),234,119,42,77,115,110,5
S01011514,Flat maisonette or apartment or mobile/temporary accommodation,42,3,1,2,39,38,1
S01011515,All households,280,205,63,142,75,15,60
S01011515,Whole house or bungalow: Total,177,152,49,103,25,14,11
S01011515,Whole house or bungalow: Detached,16,16,4,12,0,0,0
S01011515,Whole house or bungalow: Semi-detached,97,88,29,59,9,3,6
S01011515,Whole house or bungalow: Terraced (including end-terrace),64,48,16,32,16,11,5
S01011515,Flat maisonette or apartment or mobile/temporary accommodation,103,53,14,39,50,1,49
S01011516,All households,358,316,90,226,42,12,30
S01011516,Whole house or bungalow: Total,315,287,85,202,28,6,22
S01011516,Whole house or bungalow: Detached,98,91,34,57,7,0,7
S01011516,Whole house or bungalow: Semi-detached,161,152,43,109,9,2,7
S01011516,Whole house or bungalow: Terraced (including end-terrace),56,44,8,36,12,4,8
S01011516,Flat maisonette or apartment or mobile/temporary accommodation,43,29,5,24,14,6,8
S01011517,All households,225,158,67,91,67,56,11
S01011517,Whole house or bungalow: Total,220,158,67,91,62,51,11
S01011517,Whole house or bungalow: Detached,17,11,4,7,6,6,0
S01011517,Whole house or bungalow: Semi-detached,60,44,16,28,16,11,5
S01011517,Whole house or bungalow: Terraced (including end-terrace),143,103,47,56,40,34,6
S01011517,Flat maisonette or apartment or mobile/temporary accommodation,5,0,0,0,5,5,0
S01011518,All households,302,138,50,88,164,149,15
S01011518,Whole house or bungalow: Total,232,133,47,86,99,93,6
S01011518,Whole house or bungalow: Detached,5,4,2,2,1,0,1
S01011518,Whole house or bungalow: Semi-detached,44,20,9,11,24,22,2
S01011518,Whole house or bungalow: Terraced (including end-terrace),183,109,36,73,74,71,3
S01011518,Flat maisonette or apartment or mobile/temporary accommodation,70,5,3,2,65,56,9
S01011519,All households,310,168,70,98,142,129,13
S01011519,Whole house or bungalow: Total,302,164,69,95,138,126,12
S01011519,Whole house or bungalow: Detached,9,3,1,2,6,5,1
S01011519,Whole house or bungalow: Semi-detached,31,17,2,15,14,13,1
S01011519,Whole house or bungalow: Terraced (including end-terrace),262,144,66,78,118,108,10
S01011519,Flat maisonette or apartment or mobile/temporary accommodation,8,4,1,3,4,3,1
S01011520,All households,273,85,20,65,188,177,11
S01011520,Whole house or bungalow: Total,198,79,20,59,119,112,7
S01011520,Whole house or bungalow: Detached,12,5,2,3,7,6,1
S01011520,Whole house or bungalow: Semi-detached,23,3,1,2,20,18,2
S01011520,Whole house or bungalow: Terraced (including end-terrace),163,71,17,54,92,88,4
S01011520,Flat maisonette or apartment or mobile/temporary accommodation,75,6,0,6,69,65,4
S01011521,All households,441,191,69,122,250,196,54
S01011521,Whole house or bungalow: Total,164,107,43,64,57,50,7
S01011521,Whole house or bungalow: Detached,37,32,16,16,5,4,1
S01011521,Whole house or bungalow: Semi-detached,68,43,15,28,25,19,6
S01011521,Whole house or bungalow: Terraced (including end-terrace),59,32,12,20,27,27,0
S01011521,Flat maisonette or apartment or mobile/temporary accommodation,277,84,26,58,193,146,47
S01011522,All households,463,192,58,134,271,222,49
S01011522,Whole house or bungalow: Total,100,68,16,52,32,26,6
S01011522,Whole house or bungalow: Detached,36,34,7,27,2,0,2
S01011522,Whole house or bungalow: Semi-detached,46,25,8,17,21,21,0
S01011522,Whole house or bungalow: Terraced (including end-terrace),18,9,1,8,9,5,4
S01011522,Flat maisonette or apartment or mobile/temporary accommodation,363,124,42,82,239,196,43
S01011523,All households,340,155,42,113,185,109,76
S01011523,Whole house or bungalow: Total,230,125,36,89,105,79,26
S01011523,Whole house or bungalow: Detached,16,9,4,5,7,5,2
S01011523,Whole house or bungalow: Semi-detached,35,16,6,10,19,14,5
S01011523,Whole house or bungalow: Terraced (including end-terrace),179,100,26,74,79,60,19
S01011523,Flat maisonette or apartment or mobile/temporary accommodation,110,30,6,24,80,30,50
S01011524,All households,396,307,95,212,89,60,29
S01011524,Whole house or bungalow: Total,291,241,72,169,50,39,11
S01011524,Whole house or bungalow: Detached,39,37,13,24,2,2,0
S01011524,Whole house or bungalow: Semi-detached,153,140,40,100,13,7,6
S01011524,Whole house or bungalow: Terraced (including end-terrace),99,64,19,45,35,30,5
S01011524,Flat maisonette or apartment or mobile/temporary accommodation,105,66,23,43,39,21,18
S01011525,All households,348,264,58,206,84,66,18
S01011525,Whole house or bungalow: Total,311,240,53,187,71,61,10
S01011525,Whole house or bungalow: Detached,100,94,5,89,6,1,5
S01011525,Whole house or bungalow: Semi-detached,34,27,8,19,7,7,0
S01011525,Whole house or bungalow: Terraced (including end-terrace),177,119,40,79,58,53,5
S01011525,Flat maisonette or apartment or mobile/temporary accommodation,37,24,5,19,13,5,8
S01011526,All households,422,274,90,184,148,106,42
S01011526,Whole house or bungalow: Total,351,255,89,166,96,79,17
S01011526,Whole house or bungalow: Detached,22,21,5,16,1,1,0
S01011526,Whole house or bungalow: Semi-detached,47,31,11,20,16,12,4
S01011526,Whole house or bungalow: Terraced (including end-terrace),282,203,73,130,79,66,13
S01011526,Flat maisonette or apartment or mobile/temporary accommodation,71,19,1,18,52,27,25
S01011527,All households,290,231,111,120,59,40,19
S01011527,Whole house or bungalow: Total,267,225,110,115,42,33,9
S01011527,Whole house or bungalow: Detached,93,90,31,59,3,2,1
S01011527,Whole house or bungalow: Semi-detached,107,98,65,33,9,2,7
S01011527,Whole house or bungalow: Terraced (including end-terrace),67,37,14,23,30,29,1
S01011527,Flat maisonette or apartment or mobile/temporary accommodation,23,6,1,5,17,7,10
S01011528,All households,495,243,116,127,252,216,36
S01011528,Whole house or bungalow: Total,268,174,90,84,94,74,20
S01011528,Whole house or bungalow: Detached,27,20,14,6,7,1,6
S01011528,Whole house or bungalow: Semi-detached,139,95,50,45,44,36,8
S01011528,Whole house or bungalow: Terraced (including end-terrace),102,59,26,33,43,37,6
S01011528,Flat maisonette or apartment or mobile/temporary accommodation,227,69,26,43,158,142,16
S01011529,All households,291,93,36,57,198,184,14
S01011529,Whole house or bungalow: Total,88,55,20,35,33,30,3
S01011529,Whole house or bungalow: Detached,3,3,0,3,0,0,0
S01011529,Whole house or bungalow: Semi-detached,9,4,0,4,5,5,0
S01011529,Whole house or bungalow: Terraced (including end-terrace),76,48,20,28,28,25,3
S01011529,Flat maisonette or apartment or mobile/temporary accommodation,203,38,16,22,165,154,11
S01011530,All households,468,227,82,145,241,215,26
S01011530,Whole house or bungalow: Total,264,177,67,110,87,80,7
S01011530,Whole house or bungalow: Detached,24,19,9,10,5,3,2
S01011530,Whole house or bungalow: Semi-detached,67,39,15,24,28,26,2
S01011530,Whole house or bungalow: Terraced (including end-terrace),173,119,43,76,54,51,3
S01011530,Flat maisonette or apartment or mobile/temporary accommodation,204,50,15,35,154,135,19
S01011531,All households,473,335,109,226,138,92,46
S01011531,Whole house or bungalow: Total,374,280,98,182,94,74,20
S01011531,Whole house or bungalow: Detached,143,127,29,98,16,3,13
S01011531,Whole house or bungalow: Semi-detached,198,147,69,78,51,44,7
S01011531,Whole house or bungalow: Terraced (including end-terrace),33,6,0,6,27,27,0
S01011531,Flat maisonette or apartment or mobile/temporary accommodation,99,55,11,44,44,18,26
S01011532,All households,237,201,39,162,36,19,17
S01011532,Whole house or bungalow: Total,209,191,35,156,18,8,10
S01011532,Whole house or bungalow: Detached,164,154,29,125,10,1,9
S01011532,Whole house or bungalow: Semi-detached,39,34,5,29,5,4,1
S01011532,Whole house or bungalow: Terraced (including end-terrace),6,3,1,2,3,3,0
S01011532,Flat maisonette or apartment or mobile/temporary accommodation,28,10,4,6,18,11,7
S01011533,All households,315,130,53,77,185,172,13
S01011533,Whole house or bungalow: Total,91,69,25,44,22,18,4
S01011533,Whole house or bungalow: Detached,16,15,6,9,1,1,0
S01011533,Whole house or bungalow: Semi-detached,55,41,16,25,14,12,2
S01011533,Whole house or bungalow: Terraced (including end-terrace),20,13,3,10,7,5,2
S01011533,Flat maisonette or apartment or mobile/temporary accommodation,224,61,28,33,163,154,9
S01011534,All households,341,182,65,117,159,138,21
S01011534,Whole house or bungalow: Total,273,160,55,105,113,94,19
S01011534,Whole house or bungalow: Detached,29,25,9,16,4,3,1
S01011534,Whole house or bungalow: Semi-detached,199,109,41,68,90,76,14
S01011534,Whole house or bungalow: Terraced (including end-terrace),45,26,5,21,19,15,4
S01011534,Flat maisonette or apartment or mobile/temporary accommodation,68,22,10,12,46,44,2
S01011535,All households,467,115,54,61,352,338,14
S01011535,Whole house or bungalow: Total,244,98,47,51,146,141,5
S01011535,Whole house or bungalow: Detached,20,19,8,11,1,1,0
S01011535,Whole house or bungalow: Semi-detached,91,38,19,19,53,51,2
S01011535,Whole house or bungalow: Terraced (including end-terrace),133,41,20,21,92,89,3
S01011535,Flat maisonette or apartment or mobile/temporary accommodation,223,17,7,10,206,197,9
S01011536,All households,269,247,96,151,22,7,15
S01011536,Whole house or bungalow: Total,228,215,87,128,13,5,8
S01011536,Whole house or bungalow: Detached,99,95,42,53,4,1,3
S01011536,Whole house or bungalow: Semi-detached,112,108,41,67,4,1,3
S01011536,Whole house or bungalow: Terraced (including end-terrace),17,12,4,8,5,3,2
S01011536,Flat maisonette or apartment or mobile/temporary accommodation,41,32,9,23,9,2,7
S01011537,All households,252,219,51,168,33,4,29
S01011537,Whole house or bungalow: Total,192,179,42,137,13,2,11
S01011537,Whole house or bungalow: Detached,26,25,11,14,1,0,1
S01011537,Whole house or bungalow: Semi-detached,69,65,18,47,4,0,4
S01011537,Whole house or bungalow: Terraced (including end-terrace),97,89,13,76,8,2,6
S01011537,Flat maisonette or apartment or mobile/temporary accommodation,60,40,9,31,20,2,18
S01011538,All households,259,237,102,135,22,3,19
S01011538,Whole house or bungalow: Total,252,235,102,133,17,1,16
S01011538,Whole house or bungalow: Detached,85,80,34,46,5,0,5
S01011538,Whole house or bungalow: Semi-detached,121,115,55,60,6,1,5
S01011538,Whole house or bungalow: Terraced (including end-terrace),46,40,13,27,6,0,6
S01011538,Flat maisonette or apartment or mobile/temporary accommodation,7,2,0,2,5,2,3
S01011539,All households,312,172,68,104,140,127,13
S01011539,Whole house or bungalow: Total,193,118,48,70,75,73,2
S01011539,Whole house or bungalow: Detached,3,3,1,2,0,0,0
S01011539,Whole house or bungalow: Semi-detached,43,28,13,15,15,15,0
S01011539,Whole house or bungalow: Terraced (including end-terrace),147,87,34,53,60,58,2
S01011539,Flat maisonette or apartment or mobile/temporary accommodation,119,54,20,34,65,54,11
S01011540,All households,431,280,77,203,151,130,21
S01011540,Whole house or bungalow: Total,385,261,73,188,124,109,15
S01011540,Whole house or bungalow: Detached,15,10,1,9,5,4,1
S01011540,Whole house or bungalow: Semi-detached,135,96,24,72,39,34,5
S01011540,Whole house or bungalow: Terraced (including end-terrace),235,155,48,107,80,71,9
S01011540,Flat maisonette or apartment or mobile/temporary accommodation,46,19,4,15,27,21,6
S01011541,All households,382,136,45,91,246,227,19
S01011541,Whole house or bungalow: Total,371,135,44,91,236,218,18
S01011541,Whole house or bungalow: Detached,11,3,1,2,8,8,0
S01011541,Whole house or bungalow: Semi-detached,76,14,7,7,62,58,4
S01011541,Whole house or bungalow: Terraced (including end-terrace),284,118,36,82,166,152,14
S01011541,Flat maisonette or apartment or mobile/temporary accommodation,11,1,1,0,10,9,1
S01011542,All households,374,205,71,134,169,155,14
S01011542,Whole house or bungalow: Total,366,201,68,133,165,152,13
S01011542,Whole house or bungalow: Detached,13,5,1,4,8,7,1
S01011542,Whole house or bungalow: Semi-detached,53,32,15,17,21,19,2
S01011542,Whole house or bungalow: Terraced (including end-terrace),300,164,52,112,136,126,10
S01011542,Flat maisonette or apartment or mobile/temporary accommodation,8,4,3,1,4,3,1
S01011543,All households,325,117,25,92,208,201,7
S01011543,Whole house or bungalow: Total,316,115,25,90,201,194,7
S01011543,Whole house or bungalow: Detached,9,3,1,2,6,6,0
S01011543,Whole house or bungalow: Semi-detached,71,29,8,21,42,42,0
S01011543,Whole house or bungalow: Terraced (including end-terrace),236,83,16,67,153,146,7
S01011543,Flat maisonette or apartment or mobile/temporary accommodation,9,2,0,2,7,7,0
S01011544,All households,295,138,34,104,157,148,9
S01011544,Whole house or bungalow: Total,284,136,34,102,148,140,8
S01011544,Whole house or bungalow: Detached,10,6,1,5,4,4,0
S01011544,Whole house or bungalow: Semi-detached,88,34,8,26,54,52,2
S01011544,Whole house or bungalow: Terraced (including end-terrace),186,96,25,71,90,84,6
S01011544,Flat maisonette or apartment or mobile/temporary accommodation,11,2,0,2,9,8,1
S01011545,All households,252,152,56,96,100,90,10
S01011545,Whole house or bungalow: Total,241,150,56,94,91,83,8
S01011545,Whole house or bungalow: Detached,4,2,1,1,2,2,0
S01011545,Whole house or bungalow: Semi-detached,35,19,8,11,16,16,0
S01011545,Whole house or bungalow: Terraced (including end-terrace),202,129,47,82,73,65,8
S01011545,Flat maisonette or apartment or mobile/temporary accommodation,11,2,0,2,9,7,2
S01011546,All households,236,227,30,197,9,4,5
S01011546,Whole house or bungalow: Total,229,224,30,194,5,1,4
S01011546,Whole house or bungalow: Detached,161,159,19,140,2,0,2
S01011546,Whole house or bungalow: Semi-detached,54,52,9,43,2,0,2
S01011546,Whole house or bungalow: Terraced (including end-terrace),14,13,2,11,1,1,0
S01011546,Flat maisonette or apartment or mobile/temporary accommodation,7,3,0,3,4,3,1
S01011547,All households,216,191,28,163,25,6,19
S01011547,Whole house or bungalow: Total,213,190,28,162,23,4,19
S01011547,Whole house or bungalow: Detached,74,70,13,57,4,0,4
S01011547,Whole house or bungalow: Semi-detached,95,86,10,76,9,2,7
S01011547,Whole house or bungalow: Terraced (including end-terrace),44,34,5,29,10,2,8
S01011547,Flat maisonette or apartment or mobile/temporary accommodation,3,1,0,1,2,2,0
S01011548,All households,331,244,107,137,87,63,24
S01011548,Whole house or bungalow: Total,289,223,98,125,66,47,19
S01011548,Whole house or bungalow: Detached,9,9,5,4,0,0,0
S01011548,Whole house or bungalow: Semi-detached,130,104,46,58,26,22,4
S01011548,Whole house or bungalow: Terraced (including end-terrace),150,110,47,63,40,25,15
S01011548,Flat maisonette or apartment or mobile/temporary accommodation,42,21,9,12,21,16,5
S01011549,All households,318,277,136,141,41,31,10
S01011549,Whole house or bungalow: Total,312,276,135,141,36,27,9
S01011549,Whole house or bungalow: Detached,57,55,29,26,2,0,2
S01011549,Whole house or bungalow: Semi-detached,202,182,93,89,20,14,6
S01011549,Whole house or bungalow: Terraced (including end-terrace),53,39,13,26,14,13,1
S01011549,Flat maisonette or apartment or mobile/temporary accommodation,6,1,1,0,5,4,1
S01011550,All households,277,264,140,124,13,9,4
S01011550,Whole house or bungalow: Total,265,256,136,120,9,5,4
S01011550,Whole house or bungalow: Detached,92,89,56,33,3,0,3
S01011550,Whole house or bungalow: Semi-detached,160,157,77,80,3,2,1
S01011550,Whole house or bungalow: Terraced (including end-terrace),13,10,3,7,3,3,0
S01011550,Flat maisonette or apartment or mobile/temporary accommodation,12,8,4,4,4,4,0
S01011551,All households,227,167,69,98,60,46,14
S01011551,Whole house or bungalow: Total,203,161,67,94,42,34,8
S01011551,Whole house or bungalow: Detached,40,37,21,16,3,2,1
S01011551,Whole house or bungalow: Semi-detached,86,71,27,44,15,11,4
S01011551,Whole house or bungalow: Terraced (including end-terrace),77,53,19,34,24,21,3
S01011551,Flat maisonette or apartment or mobile/temporary accommodation,24,6,2,4,18,12,6
S01011552,All households,269,241,96,145,28,15,13
S01011552,Whole house or bungalow: Total,263,238,95,143,25,12,13
S01011552,Whole house or bungalow: Detached,36,32,9,23,4,0,4
S01011552,Whole house or bungalow: Semi-detached,152,138,59,79,14,7,7
S01011552,Whole house or bungalow: Terraced (including end-terrace),75,68,27,41,7,5,2
S01011552,Flat maisonette or apartment or mobile/temporary accommodation,6,3,1,2,3,3,0
S01011553,All households,267,238,32,206,29,9,20
S01011553,Whole house or bungalow: Total,250,227,29,198,23,6,17
S01011553,Whole house or bungalow: Detached,235,216,25,191,19,5,14
S01011553,Whole house or bungalow: Semi-detached,11,8,3,5,3,0,3
S01011553,Whole house or bungalow: Terraced (including end-terrace),4,3,1,2,1,1,0
S01011553,Flat maisonette or apartment or mobile/temporary accommodation,17,11,3,8,6,3,3
S01011554,All households,372,266,110,156,106,92,14
S01011554,Whole house or bungalow: Total,299,222,94,128,77,68,9
S01011554,Whole house or bungalow: Detached,53,46,24,22,7,3,4
S01011554,Whole house or bungalow: Semi-detached,28,19,9,10,9,8,1
S01011554,Whole house or bungalow: Terraced (including end-terrace),218,157,61,96,61,57,4
S01011554,Flat maisonette or apartment or mobile/temporary accommodation,73,44,16,28,29,24,5
S01011555,All households,236,121,31,90,115,98,17
S01011555,Whole house or bungalow: Total,34,24,5,19,10,7,3
S01011555,Whole house or bungalow: Detached,10,8,2,6,2,0,2
S01011555,Whole house or bungalow: Semi-detached,3,2,0,2,1,1,0
S01011555,Whole house or bungalow: Terraced (including end-terrace),21,14,3,11,7,6,1
S01011555,Flat maisonette or apartment or mobile/temporary accommodation,202,97,26,71,105,91,14
S01011556,All households,251,125,50,75,126,105,21
S01011556,Whole house or bungalow: Total,36,16,6,10,20,15,5
S01011556,Whole house or bungalow: Detached,12,9,2,7,3,1,2
S01011556,Whole house or bungalow: Semi-detached,10,5,3,2,5,5,0
S01011556,Whole house or bungalow: Terraced (including end-terrace),14,2,1,1,12,9,3
S01011556,Flat maisonette or apartment or mobile/temporary accommodation,215,109,44,65,106,90,16
S01011557,All households,303,182,56,126,121,102,19
S01011557,Whole house or bungalow: Total,293,178,54,124,115,96,19
S01011557,Whole house or bungalow: Detached,8,2,0,2,6,6,0
S01011557,Whole house or bungalow: Semi-detached,81,48,19,29,33,28,5
S01011557,Whole house or bungalow: Terraced (including end-terrace),204,128,35,93,76,62,14
S01011557,Flat maisonette or apartment or mobile/temporary accommodation,10,4,2,2,6,6,0
S01011558,All households,242,107,33,74,135,125,10
S01011558,Whole house or bungalow: Total,194,106,33,73,88,78,10
S01011558,Whole house or bungalow: Detached,13,8,0,8,5,4,1
S01011558,Whole house or bungalow: Semi-detached,54,28,7,21,26,24,2
S01011558,Whole house or bungalow: Terraced (including end-terrace),127,70,26,44,57,50,7
S01011558,Flat maisonette or apartment or mobile/temporary accommodation,48,1,0,1,47,47,0
S01011559,All households,246,127,39,88,119,101,18
S01011559,Whole house or bungalow: Total,162,97,28,69,65,54,11
S01011559,Whole house or bungalow: Detached,5,4,0,4,1,1,0
S01011559,Whole house or bungalow: Semi-detached,53,33,12,21,20,15,5
S01011559,Whole house or bungalow: Terraced (including end-terrace),104,60,16,44,44,38,6
S01011559,Flat maisonette or apartment or mobile/temporary accommodation,84,30,11,19,54,47,7
S01011560,All households,318,179,50,129,139,130,9
S01011560,Whole house or bungalow: Total,237,149,43,106,88,83,5
S01011560,Whole house or bungalow: Detached,6,4,3,1,2,2,0
S01011560,Whole house or bungalow: Semi-detached,72,47,17,30,25,24,1
S01011560,Whole house or bungalow: Terraced (including end-terrace),159,98,23,75,61,57,4
S01011560,Flat maisonette or apartment or mobile/temporary accommodation,81,30,7,23,51,47,4
S01011561,All households,302,164,53,111,138,126,12
S01011561,Whole house or bungalow: Total,231,147,44,103,84,76,8
S01011561,Whole house or bungalow: Detached,10,1,0,1,9,7,2
S01011561,Whole house or bungalow: Semi-detached,82,55,17,38,27,24,3
S01011561,Whole house or bungalow: Terraced (including end-terrace),139,91,27,64,48,45,3
S01011561,Flat maisonette or apartment or mobile/temporary accommodation,71,17,9,8,54,50,4
S01011562,All households,270,72,14,58,198,184,14
S01011562,Whole house or bungalow: Total,220,60,13,47,160,148,12
S01011562,Whole house or bungalow: Detached,14,3,0,3,11,11,0
S01011562,Whole house or bungalow: Semi-detached,96,31,8,23,65,59,6
S01011562,Whole house or bungalow: Terraced (including end-terrace),110,26,5,21,84,78,6
S01011562,Flat maisonette or apartment or mobile/temporary accommodation,50,12,1,11,38,36,2
S01011563,All households,287,99,36,63,188,174,14
S01011563,Whole house or bungalow: Total,215,62,18,44,153,141,12
S01011563,Whole house or bungalow: Detached,16,6,1,5,10,8,2
S01011563,Whole house or bungalow: Semi-detached,100,21,6,15,79,73,6
S01011563,Whole house or bungalow: Terraced (including end-terrace),99,35,11,24,64,60,4
S01011563,Flat maisonette or apartment or mobile/temporary accommodation,72,37,18,19,35,33,2
S01011564,All households,410,285,92,193,125,100,25
S01011564,Whole house or bungalow: Total,381,280,90,190,101,77,24
S01011564,Whole house or bungalow: Detached,51,40,11,29,11,6,5
S01011564,Whole house or bungalow: Semi-detached,133,107,28,79,26,19,7
S01011564,Whole house or bungalow: Terraced (including end-terrace),197,133,51,82,64,52,12
S01011564,Flat maisonette or apartment or mobile/temporary accommodation,29,5,2,3,24,23,1
S01011565,All households,365,208,40,168,157,129,28
S01011565,Whole house or bungalow: Total,341,195,39,156,146,123,23
S01011565,Whole house or bungalow: Detached,31,21,3,18,10,5,5
S01011565,Whole house or bungalow: Semi-detached,111,58,9,49,53,47,6
S01011565,Whole house or bungalow: Terraced (including end-terrace),199,116,27,89,83,71,12
S01011565,Flat maisonette or apartment or mobile/temporary accommodation,24,13,1,12,11,6,5
S01011566,All households,374,154,48,106,220,198,22
S01011566,Whole house or bungalow: Total,211,134,40,94,77,62,15
S01011566,Whole house or bungalow: Detached,6,4,1,3,2,2,0
S01011566,Whole house or bungalow: Semi-detached,54,35,12,23,19,16,3
S01011566,Whole house or bungalow: Terraced (including end-terrace),151,95,27,68,56,44,12
S01011566,Flat maisonette or apartment or mobile/temporary accommodation,163,20,8,12,143,136,7
S01011567,All households,454,239,106,133,215,196,19
S01011567,Whole house or bungalow: Total,390,234,105,129,156,139,17
S01011567,Whole house or bungalow: Detached,13,6,4,2,7,6,1
S01011567,Whole house or bungalow: Semi-detached,83,45,14,31,38,37,1
S01011567,Whole house or bungalow: Terraced (including end-terrace),294,183,87,96,111,96,15
S01011567,Flat maisonette or apartment or mobile/temporary accommodation,64,5,1,4,59,57,2
S01011568,All households,320,241,64,177,79,56,23
S01011568,Whole house or bungalow: Total,308,240,64,176,68,45,23
S01011568,Whole house or bungalow: Detached,11,7,1,6,4,2,2
S01011568,Whole house or bungalow: Semi-detached,140,118,28,90,22,14,8
S01011568,Whole house or bungalow: Terraced (including end-terrace),157,115,35,80,42,29,13
S01011568,Flat maisonette or apartment or mobile/temporary accommodation,12,1,0,1,11,11,0
S01011569,All households,414,288,111,177,126,102,24
S01011569,Whole house or bungalow: Total,261,207,74,133,54,42,12
S01011569,Whole house or bungalow: Detached,21,17,7,10,4,1,3
S01011569,Whole house or bungalow: Semi-detached,116,93,24,69,23,17,6
S01011569,Whole house or bungalow: Terraced (including end-terrace),124,97,43,54,27,24,3
S01011569,Flat maisonette or apartment or mobile/temporary accommodation,153,81,37,44,72,60,12
S01011570,All households,329,186,79,107,143,106,37
S01011570,Whole house or bungalow: Total,61,47,22,25,14,11,3
S01011570,Whole house or bungalow: Detached,4,4,1,3,0,0,0
S01011570,Whole house or bungalow: Semi-detached,17,11,6,5,6,3,3
S01011570,Whole house or bungalow: Terraced (including end-terrace),40,32,15,17,8,8,0
S01011570,Flat maisonette or apartment or mobile/temporary accommodation,268,139,57,82,129,95,34
S01011571,All households,389,113,27,86,276,236,40
S01011571,Whole house or bungalow: Total,28,24,10,14,4,4,0
S01011571,Whole house or bungalow: Detached,6,6,5,1,0,0,0
S01011571,Whole house or bungalow: Semi-detached,10,9,2,7,1,1,0
S01011571,Whole house or bungalow: Terraced (including end-terrace),12,9,3,6,3,3,0
S01011571,Flat maisonette or apartment or mobile/temporary accommodation,361,89,17,72,272,232,40
S01011572,All households,294,139,54,85,155,108,47
S01011572,Whole house or bungalow: Total,75,65,31,34,10,10,0
S01011572,Whole house or bungalow: Detached,29,29,15,14,0,0,0
S01011572,Whole house or bungalow: Semi-detached,27,25,11,14,2,2,0
S01011572,Whole house or bungalow: Terraced (including end-terrace),19,11,5,6,8,8,0
S01011572,Flat maisonette or apartment or mobile/temporary accommodation,219,74,23,51,145,98,47
S01011573,All households,474,307,48,259,167,128,39
S01011573,Whole house or bungalow: Total,256,226,28,198,30,26,4
S01011573,Whole house or bungalow: Detached,86,82,4,78,4,4,0
S01011573,Whole house or bungalow: Semi-detached,141,126,19,107,15,12,3
S01011573,Whole house or bungalow: Terraced (including end-terrace),29,18,5,13,11,10,1
S01011573,Flat maisonette or apartment or mobile/temporary accommodation,218,81,20,61,137,102,35
S01011574,All households,296,221,50,171,75,55,20
S01011574,Whole house or bungalow: Total,281,217,47,170,64,47,17
S01011574,Whole house or bungalow: Detached,40,36,1,35,4,2,2
S01011574,Whole house or bungalow: Semi-detached,93,77,14,63,16,10,6
S01011574,Whole house or bungalow: Terraced (including end-terrace),148,104,32,72,44,35,9
S01011574,Flat maisonette or apartment or mobile/temporary accommodation,15,4,3,1,11,8,3
S01011575,All households,229,125,29,96,104,67,37
S01011575,Whole house or bungalow: Total,197,119,27,92,78,62,16
S01011575,Whole house or bungalow: Detached,39,31,0,31,8,5,3
S01011575,Whole house or bungalow: Semi-detached,51,34,7,27,17,12,5
S01011575,Whole house or bungalow: Terraced (including end-terrace),107,54,20,34,53,45,8
S01011575,Flat maisonette or apartment or mobile/temporary accommodation,32,6,2,4,26,5,21
S01011576,All households,374,79,31,48,295,287,8
S01011576,Whole house or bungalow: Total,119,55,22,33,64,62,2
S01011576,Whole house or bungalow: Detached,6,3,0,3,3,3,0
S01011576,Whole house or bungalow: Semi-detached,39,17,9,8,22,22,0
S01011576,Whole house or bungalow: Terraced (including end-terrace),74,35,13,22,39,37,2
S01011576,Flat maisonette or apartment or mobile/temporary accommodation,255,24,9,15,231,225,6
S01011577,All households,328,192,55,137,136,89,47
S01011577,Whole house or bungalow: Total,141,126,24,102,15,4,11
S01011577,Whole house or bungalow: Detached,43,38,6,32,5,0,5
S01011577,Whole house or bungalow: Semi-detached,81,75,15,60,6,2,4
S01011577,Whole house or bungalow: Terraced (including end-terrace),17,13,3,10,4,2,2
S01011577,Flat maisonette or apartment or mobile/temporary accommodation,187,66,31,35,121,85,36
S01011578,All households,355,150,36,114,205,189,16
S01011578,Whole house or bungalow: Total,119,108,21,87,11,8,3
S01011578,Whole house or bungalow: Detached,35,33,3,30,2,1,1
S01011578,Whole house or bungalow: Semi-detached,62,59,13,46,3,2,1
S01011578,Whole house or bungalow: Terraced (including end-terrace),22,16,5,11,6,5,1
S01011578,Flat maisonette or apartment or mobile/temporary accommodation,236,42,15,27,194,181,13
S01011579,All households,413,383,184,199,30,8,22
S01011579,Whole house or bungalow: Total,380,362,172,190,18,3,15
S01011579,Whole house or bungalow: Detached,166,157,72,85,9,0,9
S01011579,Whole house or bungalow: Semi-detached,149,145,73,72,4,1,3
S01011579,Whole house or bungalow: Terraced (including end-terrace),65,60,27,33,5,2,3
S01011579,Flat maisonette or apartment or mobile/temporary accommodation,33,21,12,9,12,5,7
S01011580,All households,311,157,38,119,154,130,24
S01011580,Whole house or bungalow: Total,120,107,19,88,13,9,4
S01011580,Whole house or bungalow: Detached,82,79,13,66,3,0,3
S01011580,Whole house or bungalow: Semi-detached,15,12,3,9,3,2,1
S01011580,Whole house or bungalow: Terraced (including end-terrace),23,16,3,13,7,7,0
S01011580,Flat maisonette or apartment or mobile/temporary accommodation,191,50,19,31,141,121,20
S01011581,All households,463,138,55,83,325,296,29
S01011581,Whole house or bungalow: Total,79,52,15,37,27,21,6
S01011581,Whole house or bungalow: Detached,15,10,5,5,5,4,1
S01011581,Whole house or bungalow: Semi-detached,40,32,8,24,8,5,3
S01011581,Whole house or bungalow: Terraced (including end-terrace),24,10,2,8,14,12,2
S01011581,Flat maisonette or apartment or mobile/temporary accommodation,384,86,40,46,298,275,23
S01011582,All households,477,414,182,232,63,8,55
S01011582,Whole house or bungalow: Total,279,264,128,136,15,3,12
S01011582,Whole house or bungalow: Detached,60,56,29,27,4,0,4
S01011582,Whole house or bungalow: Semi-detached,171,165,83,82,6,3,3
S01011582,Whole house or bungalow: Terraced (including end-terrace),48,43,16,27,5,0,5
S01011582,Flat maisonette or apartment or mobile/temporary accommodation,198,150,54,96,48,5,43
S01011583,All households,332,182,59,123,150,100,50
S01011583,Whole house or bungalow: Total,105,80,39,41,25,16,9
S01011583,Whole house or bungalow: Detached,12,9,7,2,3,0,3
S01011583,Whole house or bungalow: Semi-detached,27,22,10,12,5,3,2
S01011583,Whole house or bungalow: Terraced (including end-terrace),66,49,22,27,17,13,4
S01011583,Flat maisonette or apartment or mobile/temporary accommodation,227,102,20,82,125,84,41
S01011584,All households,325,188,59,129,137,113,24
S01011584,Whole house or bungalow: Total,170,121,39,82,49,42,7
S01011584,Whole house or bungalow: Detached,12,9,5,4,3,3,0
S01011584,Whole house or bungalow: Semi-detached,29,19,3,16,10,8,2
S01011584,Whole house or bungalow: Terraced (including end-terrace),129,93,31,62,36,31,5
S01011584,Flat maisonette or apartment or mobile/temporary accommodation,155,67,20,47,88,71,17
S01011585,All households,336,205,82,123,131,91,40
S01011585,Whole house or bungalow: Total,112,87,43,44,25,21,4
S01011585,Whole house or bungalow: Detached,5,4,1,3,1,0,1
S01011585,Whole house or bungalow: Semi-detached,34,28,12,16,6,5,1
S01011585,Whole house or bungalow: Terraced (including end-terrace),73,55,30,25,18,16,2
S01011585,Flat maisonette or apartment or mobile/temporary accommodation,224,118,39,79,106,70,36
S01011586,All households,239,122,46,76,117,81,36
S01011586,Whole house or bungalow: Total,77,48,17,31,29,26,3
S01011586,Whole house or bungalow: Detached,6,5,2,3,1,0,1
S01011586,Whole house or bungalow: Semi-detached,45,31,13,18,14,14,0
S01011586,Whole house or bungalow: Terraced (including end-terrace),26,12,2,10,14,12,2
S01011586,Flat maisonette or apartment or mobile/temporary accommodation,162,74,29,45,88,55,33
S01011587,All households,236,103,33,70,133,111,22
S01011587,Whole house or bungalow: Total,87,52,14,38,35,24,11
S01011587,Whole house or bungalow: Detached,8,6,1,5,2,1,1
S01011587,Whole house or bungalow: Semi-detached,35,21,7,14,14,11,3
S01011587,Whole house or bungalow: Terraced (including end-terrace),44,25,6,19,19,12,7
S01011587,Flat maisonette or apartment or mobile/temporary accommodation,149,51,19,32,98,87,11
S01011588,All households,302,166,72,94,136,116,20
S01011588,Whole house or bungalow: Total,242,142,62,80,100,82,18
S01011588,Whole house or bungalow: Detached,10,4,2,2,6,6,0
S01011588,Whole house or bungalow: Semi-detached,199,125,56,69,74,58,16
S01011588,Whole house or bungalow: Terraced (including end-terrace),33,13,4,9,20,18,2
S01011588,Flat maisonette or apartment or mobile/temporary accommodation,60,24,10,14,36,34,2
S01011589,All households,347,245,104,141,102,91,11
S01011589,Whole house or bungalow: Total,300,224,95,129,76,67,9
S01011589,Whole house or bungalow: Detached,23,21,10,11,2,2,0
S01011589,Whole house or bungalow: Semi-detached,136,98,40,58,38,32,6
S01011589,Whole house or bungalow: Terraced (including end-terrace),141,105,45,60,36,33,3
S01011589,Flat maisonette or apartment or mobile/temporary accommodation,47,21,9,12,26,24,2
S01011590,All households,287,150,51,99,137,126,11
S01011590,Whole house or bungalow: Total,250,143,47,96,107,96,11
S01011590,Whole house or bungalow: Detached,8,4,1,3,4,4,0
S01011590,Whole house or bungalow: Semi-detached,141,95,35,60,46,41,5
S01011590,Whole house or bungalow: Terraced (including end-terrace),101,44,11,33,57,51,6
S01011590,Flat maisonette or apartment or mobile/temporary accommodation,37,7,4,3,30,30,0
S01011591,All households,268,110,29,81,158,145,13
S01011591,Whole house or bungalow: Total,175,104,28,76,71,59,12
S01011591,Whole house or bungalow: Detached,5,2,1,1,3,2,1
S01011591,Whole house or bungalow: Semi-detached,60,41,17,24,19,17,2
S01011591,Whole house or bungalow: Terraced (including end-terrace),110,61,10,51,49,40,9
S01011591,Flat maisonette or apartment or mobile/temporary accommodation,93,6,1,5,87,86,1
S01011592,All households,353,100,29,71,253,211,42
S01011592,Whole house or bungalow: Total,31,21,8,13,10,8,2
S01011592,Whole house or bungalow: Detached,8,7,3,4,1,1,0
S01011592,Whole house or bungalow: Semi-detached,12,8,3,5,4,3,1
S01011592,Whole house or bungalow: Terraced (including end-terrace),11,6,2,4,5,4,1
S01011592,Flat maisonette or apartment or mobile/temporary accommodation,322,79,21,58,243,203,40
S01011593,All households,325,213,79,134,112,95,17
S01011593,Whole house or bungalow: Total,142,123,38,85,19,10,9
S01011593,Whole house or bungalow: Detached,42,39,10,29,3,0,3
S01011593,Whole house or bungalow: Semi-detached,51,44,13,31,7,4,3
S01011593,Whole house or bungalow: Terraced (including end-terrace),49,40,15,25,9,6,3
S01011593,Flat maisonette or apartment or mobile/temporary accommodation,183,90,41,49,93,85,8
S01011594,All households,221,130,55,75,91,61,30
S01011594,Whole house or bungalow: Total,65,54,29,25,11,6,5
S01011594,Whole house or bungalow: Detached,30,29,21,8,1,1,0
S01011594,Whole house or bungalow: Semi-detached,14,12,7,5,2,2,0
S01011594,Whole house or bungalow: Terraced (including end-terrace),21,13,1,12,8,3,5
S01011594,Flat maisonette or apartment or mobile/temporary accommodation,156,76,26,50,80,55,25
S01011595,All households,301,230,79,151,71,6,65
S01011595,Whole house or bungalow: Total,112,108,49,59,4,0,4
S01011595,Whole house or bungalow: Detached,24,21,11,10,3,0,3
S01011595,Whole house or bungalow: Semi-detached,56,55,23,32,1,0,1
S01011595,Whole house or bungalow: Terraced (including end-terrace),32,32,15,17,0,0,0
S01011595,Flat maisonette or apartment or mobile/temporary accommodation,189,122,30,92,67,6,61
S01011596,All households,489,309,121,188,180,71,109
S01011596,Whole house or bungalow: Total,165,137,63,74,28,16,12
S01011596,Whole house or bungalow: Detached,27,24,9,15,3,1,2
S01011596,Whole house or bungalow: Semi-detached,41,40,20,20,1,1,0
S01011596,Whole house or bungalow: Terraced (including end-terrace),97,73,34,39,24,14,10
S01011596,Flat maisonette or apartment or mobile/temporary accommodation,324,172,58,114,152,55,97
S01011597,All households,268,198,52,146,70,13,57
S01011597,Whole house or bungalow: Total,132,123,39,84,9,0,9
S01011597,Whole house or bungalow: Detached,2,2,1,1,0,0,0
S01011597,Whole house or bungalow: Semi-detached,66,61,18,43,5,0,5
S01011597,Whole house or bungalow: Terraced (including end-terrace),64,60,20,40,4,0,4
S01011597,Flat maisonette or apartment or mobile/temporary accommodation,136,75,13,62,61,13,48
S01011598,All households,544,31,11,20,513,506,7
S01011598,Whole house or bungalow: Total,21,14,4,10,7,4,3
S01011598,Whole house or bungalow: Detached,5,5,1,4,0,0,0
S01011598,Whole house or bungalow: Semi-detached,5,3,1,2,2,0,2
S01011598,Whole house or bungalow: Terraced (including end-terrace),11,6,2,4,5,4,1
S01011598,Flat maisonette or apartment or mobile/temporary accommodation,523,17,7,10,506,502,4
S01011599,All households,362,234,97,137,128,91,37
S01011599,Whole house or bungalow: Total,102,86,34,52,16,9,7
S01011599,Whole house or bungalow: Detached,5,5,1,4,0,0,0
S01011599,Whole house or bungalow: Semi-detached,65,55,28,27,10,6,4
S01011599,Whole house or bungalow: Terraced (including end-terrace),32,26,5,21,6,3,3
S01011599,Flat maisonette or apartment or mobile/temporary accommodation,260,148,63,85,112,82,30
S01011600,All households,392,218,97,121,174,108,66
S01011600,Whole house or bungalow: Total,112,89,46,43,23,18,5
S01011600,Whole house or bungalow: Detached,6,6,2,4,0,0,0
S01011600,Whole house or bungalow: Semi-detached,48,35,19,16,13,12,1
S01011600,Whole house or bungalow: Terraced (including end-terrace),58,48,25,23,10,6,4
S01011600,Flat maisonette or apartment or mobile/temporary accommodation,280,129,51,78,151,90,61
S01011601,All households,316,277,59,218,39,8,31
S01011601,Whole house or bungalow: Total,298,269,56,213,29,2,27
S01011601,Whole house or bungalow: Detached,67,67,22,45,0,0,0
S01011601,Whole house or bungalow: Semi-detached,191,167,26,141,24,1,23
S01011601,Whole house or bungalow: Terraced (including end-terrace),40,35,8,27,5,1,4
S01011601,Flat maisonette or apartment or mobile/temporary accommodation,18,8,3,5,10,6,4
S01011602,All households,266,123,56,67,143,128,15
S01011602,Whole house or bungalow: Total,164,109,50,59,55,45,10
S01011602,Whole house or bungalow: Detached,9,7,5,2,2,1,1
S01011602,Whole house or bungalow: Semi-detached,35,25,11,14,10,8,2
S01011602,Whole house or bungalow: Terraced (including end-terrace),120,77,34,43,43,36,7
S01011602,Flat maisonette or apartment or mobile/temporary accommodation,102,14,6,8,88,83,5
S01011603,All households,443,177,77,100,266,232,34
S01011603,Whole house or bungalow: Total,139,95,36,59,44,30,14
S01011603,Whole house or bungalow: Detached,10,7,2,5,3,3,0
S01011603,Whole house or bungalow: Semi-detached,21,12,4,8,9,7,2
S01011603,Whole house or bungalow: Terraced (including end-terrace),108,76,30,46,32,20,12
S01011603,Flat maisonette or apartment or mobile/temporary accommodation,304,82,41,41,222,202,20
S01011604,All households,293,146,50,96,147,139,8
S01011604,Whole house or bungalow: Total,198,142,50,92,56,50,6
S01011604,Whole house or bungalow: Detached,7,5,0,5,2,1,1
S01011604,Whole house or bungalow: Semi-detached,32,23,6,17,9,9,0
S01011604,Whole house or bungalow: Terraced (including end-terrace),159,114,44,70,45,40,5
S01011604,Flat maisonette or apartment or mobile/temporary accommodation,95,4,0,4,91,89,2
S01011605,All households,376,253,104,149,123,96,27
S01011605,Whole house or bungalow: Total,328,244,102,142,84,60,24
S01011605,Whole house or bungalow: Detached,18,13,5,8,5,3,2
S01011605,Whole house or bungalow: Semi-detached,97,67,33,34,30,21,9
S01011605,Whole house or bungalow: Terraced (including end-terrace),213,164,64,100,49,36,13
S01011605,Flat maisonette or apartment or mobile/temporary accommodation,48,9,2,7,39,36,3
S01011606,All households,342,314,41,273,28,15,13
S01011606,Whole house or bungalow: Total,327,309,40,269,18,6,12
S01011606,Whole house or bungalow: Detached,147,142,19,123,5,1,4
S01011606,Whole house or bungalow: Semi-detached,174,163,20,143,11,3,8
S01011606,Whole house or bungalow: Terraced (including end-terrace),6,4,1,3,2,2,0
S01011606,Flat maisonette or apartment or mobile/temporary accommodation,15,5,1,4,10,9,1
S01011607,All households,231,212,73,139,19,3,16
S01011607,Whole house or bungalow: Total,186,178,66,112,8,2,6
S01011607,Whole house or bungalow: Detached,30,30,8,22,0,0,0
S01011607,Whole house or bungalow: Semi-detached,146,142,56,86,4,1,3
S01011607,Whole house or bungalow: Terraced (including end-terrace),10,6,2,4,4,1,3
S01011607,Flat maisonette or apartment or mobile/temporary accommodation,45,34,7,27,11,1,10
S01011608,All households,360,305,76,229,55,16,39
S01011608,Whole house or bungalow: Total,301,277,71,206,24,7,17
S01011608,Whole house or bungalow: Detached,129,121,23,98,8,0,8
S01011608,Whole house or bungalow: Semi-detached,146,135,44,91,11,2,9
S01011608,Whole house or bungalow: Terraced (including end-terrace),26,21,4,17,5,5,0
S01011608,Flat maisonette or apartment or mobile/temporary accommodation,59,28,5,23,31,9,22
S01011609,All households,479,113,45,68,366,330,36
S01011609,Whole house or bungalow: Total,124,50,19,31,74,67,7
S01011609,Whole house or bungalow: Detached,12,6,3,3,6,4,2
S01011609,Whole house or bungalow: Semi-detached,70,28,7,21,42,38,4
S01011609,Whole house or bungalow: Terraced (including end-terrace),42,16,9,7,26,25,1
S01011609,Flat maisonette or apartment or mobile/temporary accommodation,355,63,26,37,292,263,29
S01011610,All households,362,124,33,91,238,210,28
S01011610,Whole house or bungalow: Total,235,110,26,84,125,104,21
S01011610,Whole house or bungalow: Detached,11,5,3,2,6,6,0
S01011610,Whole house or bungalow: Semi-detached,98,51,4,47,47,38,9
S01011610,Whole house or bungalow: Terraced (including end-terrace),126,54,19,35,72,60,12
S01011610,Flat maisonette or apartment or mobile/temporary accommodation,127,14,7,7,113,106,7
S01011611,All households,258,212,73,139,46,27,19
S01011611,Whole house or bungalow: Total,230,200,72,128,30,13,17
S01011611,Whole house or bungalow: Detached,26,23,4,19,3,1,2
S01011611,Whole house or bungalow: Semi-detached,176,164,65,99,12,3,9
S01011611,Whole house or bungalow: Terraced (including end-terrace),28,13,3,10,15,9,6
S01011611,Flat maisonette or apartment or mobile/temporary accommodation,28,12,1,11,16,14,2
S01011612,All households,211,192,17,175,19,5,14
S01011612,Whole house or bungalow: Total,209,191,17,174,18,4,14
S01011612,Whole house or bungalow: Detached,172,160,14,146,12,2,10
S01011612,Whole house or bungalow: Semi-detached,35,30,3,27,5,1,4
S01011612,Whole house or bungalow: Terraced (including end-terrace),2,1,0,1,1,1,0
S01011612,Flat maisonette or apartment or mobile/temporary accommodation,2,1,0,1,1,1,0
S01011613,All households,374,339,166,173,35,12,23
S01011613,Whole house or bungalow: Total,355,331,165,166,24,5,19
S01011613,Whole house or bungalow: Detached,165,157,83,74,8,2,6
S01011613,Whole house or bungalow: Semi-detached,176,166,81,85,10,1,9
S01011613,Whole house or bungalow: Terraced (including end-terrace),14,8,1,7,6,2,4
S01011613,Flat maisonette or apartment or mobile/temporary accommodation,19,8,1,7,11,7,4
S01011614,All households,183,134,49,85,49,40,9
S01011614,Whole house or bungalow: Total,158,120,46,74,38,30,8
S01011614,Whole house or bungalow: Detached,49,47,9,38,2,0,2
S01011614,Whole house or bungalow: Semi-detached,33,28,13,15,5,5,0
S01011614,Whole house or bungalow: Terraced (including end-terrace),76,45,24,21,31,25,6
S01011614,Flat maisonette or apartment or mobile/temporary accommodation,25,14,3,11,11,10,1
S01011615,All households,296,163,60,103,133,112,21
S01011615,Whole house or bungalow: Total,133,102,38,64,31,24,7
S01011615,Whole house or bungalow: Detached,13,10,4,6,3,0,3
S01011615,Whole house or bungalow: Semi-detached,62,54,17,37,8,7,1
S01011615,Whole house or bungalow: Terraced (including end-terrace),58,38,17,21,20,17,3
S01011615,Flat maisonette or apartment or mobile/temporary accommodation,163,61,22,39,102,88,14
S01011616,All households,211,95,44,51,116,92,24
S01011616,Whole house or bungalow: Total,128,74,34,40,54,40,14
S01011616,Whole house or bungalow: Detached,8,7,1,6,1,1,0
S01011616,Whole house or bungalow: Semi-detached,83,52,28,24,31,23,8
S01011616,Whole house or bungalow: Terraced (including end-terrace),37,15,5,10,22,16,6
S01011616,Flat maisonette or apartment or mobile/temporary accommodation,83,21,10,11,62,52,10
S01011617,All households,388,245,94,151,143,121,22
S01011617,Whole house or bungalow: Total,335,227,85,142,108,91,17
S01011617,Whole house or bungalow: Detached,8,7,2,5,1,1,0
S01011617,Whole house or bungalow: Semi-detached,88,53,26,27,35,31,4
S01011617,Whole house or bungalow: Terraced (including end-terrace),239,167,57,110,72,59,13
S01011617,Flat maisonette or apartment or mobile/temporary accommodation,53,18,9,9,35,30,5
S01011618,All households,277,169,61,108,108,78,30
S01011618,Whole house or bungalow: Total,204,134,54,80,70,55,15
S01011618,Whole house or bungalow: Detached,10,5,1,4,5,4,1
S01011618,Whole house or bungalow: Semi-detached,81,54,19,35,27,19,8
S01011618,Whole house or bungalow: Terraced (including end-terrace),113,75,34,41,38,32,6
S01011618,Flat maisonette or apartment or mobile/temporary accommodation,73,35,7,28,38,23,15
S01011619,All households,406,356,72,284,50,20,30
S01011619,Whole house or bungalow: Total,365,340,65,275,25,6,19
S01011619,Whole house or bungalow: Detached,120,114,19,95,6,0,6
S01011619,Whole house or bungalow: Semi-detached,182,173,26,147,9,0,9
S01011619,Whole house or bungalow: Terraced (including end-terrace),63,53,20,33,10,6,4
S01011619,Flat maisonette or apartment or mobile/temporary accommodation,41,16,7,9,25,14,11
S01011620,All households,394,361,45,316,33,14,19
S01011620,Whole house or bungalow: Total,392,360,44,316,32,13,19
S01011620,Whole house or bungalow: Detached,208,204,36,168,4,0,4
S01011620,Whole house or bungalow: Semi-detached,140,126,6,120,14,4,10
S01011620,Whole house or bungalow: Terraced (including end-terrace),44,30,2,28,14,9,5
S01011620,Flat maisonette or apartment or mobile/temporary accommodation,2,1,1,0,1,1,0
S01011621,All households,286,223,78,145,63,40,23
S01011621,Whole house or bungalow: Total,240,210,74,136,30,19,11
S01011621,Whole house or bungalow: Detached,37,35,14,21,2,1,1
S01011621,Whole house or bungalow: Semi-detached,34,29,8,21,5,4,1
S01011621,Whole house or bungalow: Terraced (including end-terrace),169,146,52,94,23,14,9
S01011621,Flat maisonette or apartment or mobile/temporary accommodation,46,13,4,9,33,21,12
S01011622,All households,230,204,39,165,26,6,20
S01011622,Whole house or bungalow: Total,224,201,37,164,23,3,20
S01011622,Whole house or bungalow: Detached,176,161,29,132,15,0,15
S01011622,Whole house or bungalow: Semi-detached,35,30,8,22,5,1,4
S01011622,Whole house or bungalow: Terraced (including end-terrace),13,10,0,10,3,2,1
S01011622,Flat maisonette or apartment or mobile/temporary accommodation,6,3,2,1,3,3,0
S01011623,All households,314,180,70,110,134,108,26
S01011623,Whole house or bungalow: Total,194,129,46,83,65,55,10
S01011623,Whole house or bungalow: Detached,25,23,9,14,2,0,2
S01011623,Whole house or bungalow: Semi-detached,61,32,15,17,29,29,0
S01011623,Whole house or bungalow: Terraced (including end-terrace),108,74,22,52,34,26,8
S01011623,Flat maisonette or apartment or mobile/temporary accommodation,120,51,24,27,69,53,16
S01011624,All households,294,225,47,178,69,45,24
S01011624,Whole house or bungalow: Total,204,177,32,145,27,10,17
S01011624,Whole house or bungalow: Detached,91,86,15,71,5,1,4
S01011624,Whole house or bungalow: Semi-detached,46,36,6,30,10,5,5
S01011624,Whole house or bungalow: Terraced (including end-terrace),67,55,11,44,12,4,8
S01011624,Flat maisonette or apartment or mobile/temporary accommodation,90,48,15,33,42,35,7
S01011625,All households,240,132,41,91,108,98,10
S01011625,Whole house or bungalow: Total,203,123,39,84,80,73,7
S01011625,Whole house or bungalow: Detached,12,7,3,4,5,3,2
S01011625,Whole house or bungalow: Semi-detached,72,44,16,28,28,28,0
S01011625,Whole house or bungalow: Terraced (including end-terrace),119,72,20,52,47,42,5
S01011625,Flat maisonette or apartment or mobile/temporary accommodation,37,9,2,7,28,25,3
S01011626,All households,289,259,52,207,30,10,20
S01011626,Whole house or bungalow: Total,245,226,45,181,19,5,14
S01011626,Whole house or bungalow: Detached,134,132,26,106,2,0,2
S01011626,Whole house or bungalow: Semi-detached,40,33,4,29,7,1,6
S01011626,Whole house or bungalow: Terraced (including end-terrace),71,61,15,46,10,4,6
S01011626,Flat maisonette or apartment or mobile/temporary accommodation,44,33,7,26,11,5,6
S01011627,All households,260,228,42,186,32,10,22
S01011627,Whole house or bungalow: Total,225,203,36,167,22,6,16
S01011627,Whole house or bungalow: Detached,102,97,21,76,5,0,5
S01011627,Whole house or bungalow: Semi-detached,66,58,12,46,8,1,7
S01011627,Whole house or bungalow: Terraced (including end-terrace),57,48,3,45,9,5,4
S01011627,Flat maisonette or apartment or mobile/temporary accommodation,35,25,6,19,10,4,6
S01011628,All households,410,365,141,224,45,23,22
S01011628,Whole house or bungalow: Total,396,359,139,220,37,17,20
S01011628,Whole house or bungalow: Detached,188,180,58,122,8,0,8
S01011628,Whole house or bungalow: Semi-detached,131,115,47,68,16,9,7
S01011628,Whole house or bungalow: Terraced (including end-terrace),77,64,34,30,13,8,5
S01011628,Flat maisonette or apartment or mobile/temporary accommodation,14,6,2,4,8,6,2
S01011629,All households,240,161,69,92,79,64,15
S01011629,Whole house or bungalow: Total,237,158,69,89,79,64,15
S01011629,Whole house or bungalow: Detached,10,5,2,3,5,2,3
S01011629,Whole house or bungalow: Semi-detached,109,77,32,45,32,23,9
S01011629,Whole house or bungalow: Terraced (including end-terrace),118,76,35,41,42,39,3
S01011629,Flat maisonette or apartment or mobile/temporary accommodation,3,3,0,3,0,0,0
S01011630,All households,255,166,73,93,89,76,13
S01011630,Whole house or bungalow: Total,251,163,73,90,88,75,13
S01011630,Whole house or bungalow: Detached,21,13,4,9,8,7,1
S01011630,Whole house or bungalow: Semi-detached,145,100,51,49,45,34,11
S01011630,Whole house or bungalow: Terraced (including end-terrace),85,50,18,32,35,34,1
S01011630,Flat maisonette or apartment or mobile/temporary accommodation,4,3,0,3,1,1,0
S01011631,All households,245,63,13,50,182,173,9
S01011631,Whole house or bungalow: Total,233,62,13,49,171,163,8
S01011631,Whole house or bungalow: Detached,15,4,1,3,11,11,0
S01011631,Whole house or bungalow: Semi-detached,79,21,4,17,58,55,3
S01011631,Whole house or bungalow: Terraced (including end-terrace),139,37,8,29,102,97,5
S01011631,Flat maisonette or apartment or mobile/temporary accommodation,12,1,0,1,11,10,1
S01011632,All households,315,150,53,97,165,144,21
S01011632,Whole house or bungalow: Total,299,147,52,95,152,137,15
S01011632,Whole house or bungalow: Detached,20,10,3,7,10,9,1
S01011632,Whole house or bungalow: Semi-detached,51,13,4,9,38,34,4
S01011632,Whole house or bungalow: Terraced (including end-terrace),228,124,45,79,104,94,10
S01011632,Flat maisonette or apartment or mobile/temporary accommodation,16,3,1,2,13,7,6
S01011633,All households,321,141,55,86,180,161,19
S01011633,Whole house or bungalow: Total,210,128,51,77,82,72,10
S01011633,Whole house or bungalow: Detached,10,5,1,4,5,4,1
S01011633,Whole house or bungalow: Semi-detached,51,27,12,15,24,21,3
S01011633,Whole house or bungalow: Terraced (including end-terrace),149,96,38,58,53,47,6
S01011633,Flat maisonette or apartment or mobile/temporary accommodation,111,13,4,9,98,89,9
S01011634,All households,235,91,20,71,144,123,21
S01011634,Whole house or bungalow: Total,192,76,17,59,116,109,7
S01011634,Whole house or bungalow: Detached,9,6,1,5,3,3,0
S01011634,Whole house or bungalow: Semi-detached,54,26,4,22,28,24,4
S01011634,Whole house or bungalow: Terraced (including end-terrace),129,44,12,32,85,82,3
S01011634,Flat maisonette or apartment or mobile/temporary accommodation,43,15,3,12,28,14,14
S01011635,All households,274,92,18,74,182,153,29
S01011635,Whole house or bungalow: Total,219,78,18,60,141,119,22
S01011635,Whole house or bungalow: Detached,14,5,3,2,9,4,5
S01011635,Whole house or bungalow: Semi-detached,89,32,7,25,57,50,7
S01011635,Whole house or bungalow: Terraced (including end-terrace),116,41,8,33,75,65,10
S01011635,Flat maisonette or apartment or mobile/temporary accommodation,55,14,0,14,41,34,7
S01011636,All households,283,142,49,93,141,122,19
S01011636,Whole house or bungalow: Total,96,59,17,42,37,31,6
S01011636,Whole house or bungalow: Detached,13,9,2,7,4,4,0
S01011636,Whole house or bungalow: Semi-detached,45,29,8,21,16,12,4
S01011636,Whole house or bungalow: Terraced (including end-terrace),38,21,7,14,17,15,2
S01011636,Flat maisonette or apartment or mobile/temporary accommodation,187,83,32,51,104,91,13
S01011637,All households,299,166,68,98,133,108,25
S01011637,Whole house or bungalow: Total,95,82,39,43,13,7,6
S01011637,Whole house or bungalow: Detached,26,23,14,9,3,1,2
S01011637,Whole house or bungalow: Semi-detached,60,51,23,28,9,5,4
S01011637,Whole house or bungalow: Terraced (including end-terrace),9,8,2,6,1,1,0
S01011637,Flat maisonette or apartment or mobile/temporary accommodation,204,84,29,55,120,101,19
S01011638,All households,260,149,62,87,111,81,30
S01011638,Whole house or bungalow: Total,94,84,38,46,10,3,7
S01011638,Whole house or bungalow: Detached,20,18,10,8,2,1,1
S01011638,Whole house or bungalow: Semi-detached,52,47,20,27,5,1,4
S01011638,Whole house or bungalow: Terraced (including end-terrace),22,19,8,11,3,1,2
S01011638,Flat maisonette or apartment or mobile/temporary accommodation,166,65,24,41,101,78,23
S01011639,All households,250,124,55,69,126,98,28
S01011639,Whole house or bungalow: Total,47,34,19,15,13,7,6
S01011639,Whole house or bungalow: Detached,12,10,6,4,2,2,0
S01011639,Whole house or bungalow: Semi-detached,27,21,11,10,6,3,3
S01011639,Whole house or bungalow: Terraced (including end-terrace),8,3,2,1,5,2,3
S01011639,Flat maisonette or apartment or mobile/temporary accommodation,203,90,36,54,113,91,22
S01011640,All households,259,143,57,86,116,102,14
S01011640,Whole house or bungalow: Total,155,93,34,59,62,56,6
S01011640,Whole house or bungalow: Detached,15,10,6,4,5,4,1
S01011640,Whole house or bungalow: Semi-detached,66,42,16,26,24,22,2
S01011640,Whole house or bungalow: Terraced (including end-terrace),74,41,12,29,33,30,3
S01011640,Flat maisonette or apartment or mobile/temporary accommodation,104,50,23,27,54,46,8
S01011641,All households,195,187,82,105,8,3,5
S01011641,Whole house or bungalow: Total,192,186,81,105,6,1,5
S01011641,Whole house or bungalow: Detached,56,56,19,37,0,0,0
S01011641,Whole house or bungalow: Semi-detached,134,129,61,68,5,0,5
S01011641,Whole house or bungalow: Terraced (including end-terrace),2,1,1,0,1,1,0
S01011641,Flat maisonette or apartment or mobile/temporary accommodation,3,1,1,0,2,2,0
S01011642,All households,352,243,118,125,109,100,9
S01011642,Whole house or bungalow: Total,240,234,113,121,6,2,4
S01011642,Whole house or bungalow: Detached,55,54,32,22,1,0,1
S01011642,Whole house or bungalow: Semi-detached,168,164,74,90,4,2,2
S01011642,Whole house or bungalow: Terraced (including end-terrace),17,16,7,9,1,0,1
S01011642,Flat maisonette or apartment or mobile/temporary accommodation,112,9,5,4,103,98,5
S01011643,All households,238,160,40,120,78,40,38
S01011643,Whole house or bungalow: Total,141,127,27,100,14,5,9
S01011643,Whole house or bungalow: Detached,67,66,12,54,1,0,1
S01011643,Whole house or bungalow: Semi-detached,35,28,8,20,7,4,3
S01011643,Whole house or bungalow: Terraced (including end-terrace),39,33,7,26,6,1,5
S01011643,Flat maisonette or apartment or mobile/temporary accommodation,97,33,13,20,64,35,29
S01011644,All households,339,231,105,126,108,81,27
S01011644,Whole house or bungalow: Total,249,208,97,111,41,20,21
S01011644,Whole house or bungalow: Detached,39,35,20,15,4,1,3
S01011644,Whole house or bungalow: Semi-detached,117,96,45,51,21,9,12
S01011644,Whole house or bungalow: Terraced (including end-terrace),93,77,32,45,16,10,6
S01011644,Flat maisonette or apartment or mobile/temporary accommodation,90,23,8,15,67,61,6
S01011645,All households,257,170,89,81,87,67,20
S01011645,Whole house or bungalow: Total,165,118,62,56,47,39,8
S01011645,Whole house or bungalow: Detached,7,6,2,4,1,1,0
S01011645,Whole house or bungalow: Semi-detached,149,108,60,48,41,33,8
S01011645,Whole house or bungalow: Terraced (including end-terrace),9,4,0,4,5,5,0
S01011645,Flat maisonette or apartment or mobile/temporary accommodation,92,52,27,25,40,28,12
S01011646,All households,262,252,129,123,10,4,6
S01011646,Whole house or bungalow: Total,255,247,129,118,8,3,5
S01011646,Whole house or bungalow: Detached,106,103,54,49,3,0,3
S01011646,Whole house or bungalow: Semi-detached,141,138,72,66,3,1,2
S01011646,Whole house or bungalow: Terraced (including end-terrace),8,6,3,3,2,2,0
S01011646,Flat maisonette or apartment or mobile/temporary accommodation,7,5,0,5,2,1,1
S01011647,All households,330,294,74,220,36,10,26
S01011647,Whole house or bungalow: Total,304,280,72,208,24,2,22
S01011647,Whole house or bungalow: Detached,65,63,26,37,2,0,2
S01011647,Whole house or bungalow: Semi-detached,202,190,44,146,12,2,10
S01011647,Whole house or bungalow: Terraced (including end-terrace),37,27,2,25,10,0,10
S01011647,Flat maisonette or apartment or mobile/temporary accommodation,26,14,2,12,12,8,4
S01011648,All households,276,173,37,136,103,90,13
S01011648,Whole house or bungalow: Total,168,154,29,125,14,5,9
S01011648,Whole house or bungalow: Detached,110,108,7,101,2,0,2
S01011648,Whole house or bungalow: Semi-detached,30,23,10,13,7,4,3
S01011648,Whole house or bungalow: Terraced (including end-terrace),28,23,12,11,5,1,4
S01011648,Flat maisonette or apartment or mobile/temporary accommodation,108,19,8,11,89,85,4
S01011649,All households,243,116,35,81,127,103,24
S01011649,Whole house or bungalow: Total,107,86,25,61,21,10,11
S01011649,Whole house or bungalow: Detached,27,22,1,21,5,0,5
S01011649,Whole house or bungalow: Semi-detached,42,34,9,25,8,3,5
S01011649,Whole house or bungalow: Terraced (including end-terrace),38,30,15,15,8,7,1
S01011649,Flat maisonette or apartment or mobile/temporary accommodation,136,30,10,20,106,93,13
S01011650,All households,308,222,113,109,86,62,24
S01011650,Whole house or bungalow: Total,239,202,108,94,37,17,20
S01011650,Whole house or bungalow: Detached,44,40,21,19,4,0,4
S01011650,Whole house or bungalow: Semi-detached,84,77,42,35,7,3,4
S01011650,Whole house or bungalow: Terraced (including end-terrace),111,85,45,40,26,14,12
S01011650,Flat maisonette or apartment or mobile/temporary accommodation,69,20,5,15,49,45,4
S01011651,All households,446,297,125,172,149,74,75
S01011651,Whole house or bungalow: Total,186,153,64,89,33,19,14
S01011651,Whole house or bungalow: Detached,18,15,5,10,3,0,3
S01011651,Whole house or bungalow: Semi-detached,149,124,56,68,25,17,8
S01011651,Whole house or bungalow: Terraced (including end-terrace),19,14,3,11,5,2,3
S01011651,Flat maisonette or apartment or mobile/temporary accommodation,260,144,61,83,116,55,61
S01011652,All households,311,260,105,155,51,14,37
S01011652,Whole house or bungalow: Total,267,234,101,133,33,10,23
S01011652,Whole house or bungalow: Detached,56,54,26,28,2,0,2
S01011652,Whole house or bungalow: Semi-detached,169,145,62,83,24,5,19
S01011652,Whole house or bungalow: Terraced (including end-terrace),42,35,13,22,7,5,2
S01011652,Flat maisonette or apartment or mobile/temporary accommodation,44,26,4,22,18,4,14
S01011653,All households,340,196,73,123,144,113,31
S01011653,Whole house or bungalow: Total,225,160,56,104,65,52,13
S01011653,Whole house or bungalow: Detached,15,12,3,9,3,1,2
S01011653,Whole house or bungalow: Semi-detached,165,118,41,77,47,37,10
S01011653,Whole house or bungalow: Terraced (including end-terrace),45,30,12,18,15,14,1
S01011653,Flat maisonette or apartment or mobile/temporary accommodation,115,36,17,19,79,61,18
S01011654,All households,521,223,88,135,298,206,92
S01011654,Whole house or bungalow: Total,170,109,46,63,61,43,18
S01011654,Whole house or bungalow: Detached,44,40,20,20,4,1,3
S01011654,Whole house or bungalow: Semi-detached,68,52,19,33,16,8,8
S01011654,Whole house or bungalow: Terraced (including end-terrace),58,17,7,10,41,34,7
S01011654,Flat maisonette or apartment or mobile/temporary accommodation,351,114,42,72,237,163,74
S01011655,All households,471,162,66,96,309,236,73
S01011655,Whole house or bungalow: Total,106,70,27,43,36,28,8
S01011655,Whole house or bungalow: Detached,7,6,5,1,1,1,0
S01011655,Whole house or bungalow: Semi-detached,38,28,5,23,10,8,2
S01011655,Whole house or bungalow: Terraced (including end-terrace),61,36,17,19,25,19,6
S01011655,Flat maisonette or apartment or mobile/temporary accommodation,365,92,39,53,273,208,65
S01011656,All households,287,83,32,51,204,184,20
S01011656,Whole house or bungalow: Total,88,53,22,31,35,33,2
S01011656,Whole house or bungalow: Detached,10,8,6,2,2,2,0
S01011656,Whole house or bungalow: Semi-detached,25,15,8,7,10,9,1
S01011656,Whole house or bungalow: Terraced (including end-terrace),53,30,8,22,23,22,1
S01011656,Flat maisonette or apartment or mobile/temporary accommodation,199,30,10,20,169,151,18
S01011657,All households,281,85,25,60,196,160,36
S01011657,Whole house or bungalow: Total,55,38,12,26,17,12,5
S01011657,Whole house or bungalow: Detached,13,9,3,6,4,3,1
S01011657,Whole house or bungalow: Semi-detached,27,19,6,13,8,7,1
S01011657,Whole house or bungalow: Terraced (including end-terrace),15,10,3,7,5,2,3
S01011657,Flat maisonette or apartment or mobile/temporary accommodation,226,47,13,34,179,148,31
S01011658,All households,304,174,60,114,130,101,29
S01011658,Whole house or bungalow: Total,257,167,58,109,90,65,25
S01011658,Whole house or bungalow: Detached,13,9,4,5,4,3,1
S01011658,Whole house or bungalow: Semi-detached,33,20,8,12,13,11,2
S01011658,Whole house or bungalow: Terraced (including end-terrace),211,138,46,92,73,51,22
S01011658,Flat maisonette or apartment or mobile/temporary accommodation,47,7,2,5,40,36,4
S01011659,All households,353,175,83,92,178,156,22
S01011659,Whole house or bungalow: Total,229,147,71,76,82,70,12
S01011659,Whole house or bungalow: Detached,27,22,11,11,5,1,4
S01011659,Whole house or bungalow: Semi-detached,48,30,18,12,18,17,1
S01011659,Whole house or bungalow: Terraced (including end-terrace),154,95,42,53,59,52,7
S01011659,Flat maisonette or apartment or mobile/temporary accommodation,124,28,12,16,96,86,10
S01011660,All households,379,302,129,173,77,50,27
S01011660,Whole house or bungalow: Total,332,281,125,156,51,35,16
S01011660,Whole house or bungalow: Detached,78,70,34,36,8,0,8
S01011660,Whole house or bungalow: Semi-detached,153,141,66,75,12,6,6
S01011660,Whole house or bungalow: Terraced (including end-terrace),101,70,25,45,31,29,2
S01011660,Flat maisonette or apartment or mobile/temporary accommodation,47,21,4,17,26,15,11
S01011661,All households,246,164,68,96,82,64,18
S01011661,Whole house or bungalow: Total,177,142,64,78,35,24,11
S01011661,Whole house or bungalow: Detached,17,17,9,8,0,0,0
S01011661,Whole house or bungalow: Semi-detached,67,54,22,32,13,8,5
S01011661,Whole house or bungalow: Terraced (including end-terrace),93,71,33,38,22,16,6
S01011661,Flat maisonette or apartment or mobile/temporary accommodation,69,22,4,18,47,40,7
S01011662,All households,237,218,51,167,19,4,15
S01011662,Whole house or bungalow: Total,231,214,51,163,17,2,15
S01011662,Whole house or bungalow: Detached,136,130,34,96,6,0,6
S01011662,Whole house or bungalow: Semi-detached,91,80,16,64,11,2,9
S01011662,Whole house or bungalow: Terraced (including end-terrace),4,4,1,3,0,0,0
S01011662,Flat maisonette or apartment or mobile/temporary accommodation,6,4,0,4,2,2,0
S01011663,All households,428,134,23,111,294,256,38
S01011663,Whole house or bungalow: Total,274,124,23,101,150,119,31
S01011663,Whole house or bungalow: Detached,14,4,0,4,10,3,7
S01011663,Whole house or bungalow: Semi-detached,85,38,9,29,47,39,8
S01011663,Whole house or bungalow: Terraced (including end-terrace),175,82,14,68,93,77,16
S01011663,Flat maisonette or apartment or mobile/temporary accommodation,154,10,0,10,144,137,7
S01011664,All households,408,212,62,150,196,177,19
S01011664,Whole house or bungalow: Total,363,191,53,138,172,157,15
S01011664,Whole house or bungalow: Detached,23,9,1,8,14,13,1
S01011664,Whole house or bungalow: Semi-detached,129,64,20,44,65,60,5
S01011664,Whole house or bungalow: Terraced (including end-terrace),211,118,32,86,93,84,9
S01011664,Flat maisonette or apartment or mobile/temporary accommodation,45,21,9,12,24,20,4
S01011665,All households,428,150,43,107,278,229,49
S01011665,Whole house or bungalow: Total,101,84,20,64,17,6,11
S01011665,Whole house or bungalow: Detached,14,13,4,9,1,0,1
S01011665,Whole house or bungalow: Semi-detached,25,20,4,16,5,3,2
S01011665,Whole house or bungalow: Terraced (including end-terrace),62,51,12,39,11,3,8
S01011665,Flat maisonette or apartment or mobile/temporary accommodation,327,66,23,43,261,223,38
S01011666,All households,454,173,85,88,281,252,29
S01011666,Whole house or bungalow: Total,115,90,41,49,25,18,7
S01011666,Whole house or bungalow: Detached,29,27,16,11,2,2,0
S01011666,Whole house or bungalow: Semi-detached,51,42,14,28,9,9,0
S01011666,Whole house or bungalow: Terraced (including end-terrace),35,21,11,10,14,7,7
S01011666,Flat maisonette or apartment or mobile/temporary accommodation,339,83,44,39,256,234,22
S01011667,All households,375,184,70,114,191,150,41
S01011667,Whole house or bungalow: Total,149,117,42,75,32,19,13
S01011667,Whole house or bungalow: Detached,38,35,17,18,3,1,2
S01011667,Whole house or bungalow: Semi-detached,55,39,12,27,16,12,4
S01011667,Whole house or bungalow: Terraced (including end-terrace),56,43,13,30,13,6,7
S01011667,Flat maisonette or apartment or mobile/temporary accommodation,226,67,28,39,159,131,28
S01011668,All households,429,166,49,117,263,226,37
S01011668,Whole house or bungalow: Total,74,49,20,29,25,17,8
S01011668,Whole house or bungalow: Detached,25,18,8,10,7,4,3
S01011668,Whole house or bungalow: Semi-detached,38,23,8,15,15,12,3
S01011668,Whole house or bungalow: Terraced (including end-terrace),11,8,4,4,3,1,2
S01011668,Flat maisonette or apartment or mobile/temporary accommodation,355,117,29,88,238,209,29
S01011669,All households,299,222,114,108,77,40,37
S01011669,Whole house or bungalow: Total,144,127,69,58,17,10,7
S01011669,Whole house or bungalow: Detached,90,83,49,34,7,3,4
S01011669,Whole house or bungalow: Semi-detached,32,26,14,12,6,5,1
S01011669,Whole house or bungalow: Terraced (including end-terrace),22,18,6,12,4,2,2
S01011669,Flat maisonette or apartment or mobile/temporary accommodation,155,95,45,50,60,30,30
S01011670,All households,234,108,34,74,126,99,27
S01011670,Whole house or bungalow: Total,56,37,13,24,19,11,8
S01011670,Whole house or bungalow: Detached,11,10,5,5,1,1,0
S01011670,Whole house or bungalow: Semi-detached,36,23,7,16,13,7,6
S01011670,Whole house or bungalow: Terraced (including end-terrace),9,4,1,3,5,3,2
S01011670,Flat maisonette or apartment or mobile/temporary accommodation,178,71,21,50,107,88,19
S01011671,All households,316,231,113,118,85,50,35
S01011671,Whole house or bungalow: Total,212,173,83,90,39,24,15
S01011671,Whole house or bungalow: Detached,49,44,25,19,5,0,5
S01011671,Whole house or bungalow: Semi-detached,141,114,47,67,27,22,5
S01011671,Whole house or bungalow: Terraced (including end-terrace),22,15,11,4,7,2,5
S01011671,Flat maisonette or apartment or mobile/temporary accommodation,104,58,30,28,46,26,20
S01011672,All households,275,149,78,71,126,104,22
S01011672,Whole house or bungalow: Total,172,129,70,59,43,39,4
S01011672,Whole house or bungalow: Detached,34,33,18,15,1,1,0
S01011672,Whole house or bungalow: Semi-detached,47,37,19,18,10,8,2
S01011672,Whole house or bungalow: Terraced (including end-terrace),91,59,33,26,32,30,2
S01011672,Flat maisonette or apartment or mobile/temporary accommodation,103,20,8,12,83,65,18
S01011673,All households,275,149,60,89,126,108,18
S01011673,Whole house or bungalow: Total,114,85,33,52,29,21,8
S01011673,Whole house or bungalow: Detached,22,18,6,12,4,1,3
S01011673,Whole house or bungalow: Semi-detached,23,19,7,12,4,3,1
S01011673,Whole house or bungalow: Terraced (including end-terrace),69,48,20,28,21,17,4
S01011673,Flat maisonette or apartment or mobile/temporary accommodation,161,64,27,37,97,87,10
S01011674,All households,434,310,98,212,124,96,28
S01011674,Whole house or bungalow: Total,332,264,73,191,68,52,16
S01011674,Whole house or bungalow: Detached,81,74,7,67,7,3,4
S01011674,Whole house or bungalow: Semi-detached,171,135,52,83,36,26,10
S01011674,Whole house or bungalow: Terraced (including end-terrace),80,55,14,41,25,23,2
S01011674,Flat maisonette or apartment or mobile/temporary accommodation,102,46,25,21,56,44,12
S01011675,All households,387,230,78,152,157,133,24
S01011675,Whole house or bungalow: Total,316,215,77,138,101,80,21
S01011675,Whole house or bungalow: Detached,80,67,19,48,13,3,10
S01011675,Whole house or bungalow: Semi-detached,65,44,14,30,21,17,4
S01011675,Whole house or bungalow: Terraced (including end-terrace),171,104,44,60,67,60,7
S01011675,Flat maisonette or apartment or mobile/temporary accommodation,71,15,1,14,56,53,3
S01011676,All households,311,142,50,92,169,153,16
S01011676,Whole house or bungalow: Total,267,137,49,88,130,119,11
S01011676,Whole house or bungalow: Detached,11,6,1,5,5,4,1
S01011676,Whole house or bungalow: Semi-detached,55,29,11,18,26,24,2
S01011676,Whole house or bungalow: Terraced (including end-terrace),201,102,37,65,99,91,8
S01011676,Flat maisonette or apartment or mobile/temporary accommodation,44,5,1,4,39,34,5
S01011677,All households,258,147,22,125,111,37,74
S01011677,Whole house or bungalow: Total,193,134,20,114,59,31,28
S01011677,Whole house or bungalow: Detached,98,74,15,59,24,6,18
S01011677,Whole house or bungalow: Semi-detached,28,19,1,18,9,7,2
S01011677,Whole house or bungalow: Terraced (including end-terrace),67,41,4,37,26,18,8
S01011677,Flat maisonette or apartment or mobile/temporary accommodation,65,13,2,11,52,6,46
S01011678,All households,222,92,52,40,130,114,16
S01011678,Whole house or bungalow: Total,63,49,27,22,14,12,2
S01011678,Whole house or bungalow: Detached,34,34,17,17,0,0,0
S01011678,Whole house or bungalow: Semi-detached,22,10,7,3,12,11,1
S01011678,Whole house or bungalow: Terraced (including end-terrace),7,5,3,2,2,1,1
S01011678,Flat maisonette or apartment or mobile/temporary accommodation,159,43,25,18,116,102,14
S01011679,All households,204,179,33,146,25,8,17
S01011679,Whole house or bungalow: Total,193,171,31,140,22,6,16
S01011679,Whole house or bungalow: Detached,67,59,13,46,8,0,8
S01011679,Whole house or bungalow: Semi-detached,59,54,14,40,5,2,3
S01011679,Whole house or bungalow: Terraced (including end-terrace),67,58,4,54,9,4,5
S01011679,Flat maisonette or apartment or mobile/temporary accommodation,11,8,2,6,3,2,1
S01011680,All households,454,181,76,105,273,253,20
S01011680,Whole house or bungalow: Total,361,162,69,93,199,184,15
S01011680,Whole house or bungalow: Detached,52,41,12,29,11,6,5
S01011680,Whole house or bungalow: Semi-detached,162,69,29,40,93,92,1
S01011680,Whole house or bungalow: Terraced (including end-terrace),147,52,28,24,95,86,9
S01011680,Flat maisonette or apartment or mobile/temporary accommodation,93,19,7,12,74,69,5
S01011681,All households,345,199,66,133,146,130,16
S01011681,Whole house or bungalow: Total,332,198,65,133,134,118,16
S01011681,Whole house or bungalow: Detached,43,39,12,27,4,1,3
S01011681,Whole house or bungalow: Semi-detached,105,50,14,36,55,49,6
S01011681,Whole house or bungalow: Terraced (including end-terrace),184,109,39,70,75,68,7
S01011681,Flat maisonette or apartment or mobile/temporary accommodation,13,1,1,0,12,12,0
S01011682,All households,182,159,74,85,23,3,20
S01011682,Whole house or bungalow: Total,164,152,70,82,12,1,11
S01011682,Whole house or bungalow: Detached,130,122,59,63,8,0,8
S01011682,Whole house or bungalow: Semi-detached,25,23,10,13,2,1,1
S01011682,Whole house or bungalow: Terraced (including end-terrace),9,7,1,6,2,0,2
S01011682,Flat maisonette or apartment or mobile/temporary accommodation,18,7,4,3,11,2,9
S01011683,All households,306,193,74,119,113,84,29
S01011683,Whole house or bungalow: Total,192,146,56,90,46,29,17
S01011683,Whole house or bungalow: Detached,63,53,20,33,10,3,7
S01011683,Whole house or bungalow: Semi-detached,53,41,17,24,12,10,2
S01011683,Whole house or bungalow: Terraced (including end-terrace),76,52,19,33,24,16,8
S01011683,Flat maisonette or apartment or mobile/temporary accommodation,114,47,18,29,67,55,12
S01011684,All households,234,171,72,99,63,49,14
S01011684,Whole house or bungalow: Total,175,142,61,81,33,25,8
S01011684,Whole house or bungalow: Detached,81,81,39,42,0,0,0
S01011684,Whole house or bungalow: Semi-detached,44,34,11,23,10,8,2
S01011684,Whole house or bungalow: Terraced (including end-terrace),50,27,11,16,23,17,6
S01011684,Flat maisonette or apartment or mobile/temporary accommodation,59,29,11,18,30,24,6
S01011685,All households,279,253,56,197,26,9,17
S01011685,Whole house or bungalow: Total,268,250,55,195,18,4,14
S01011685,Whole house or bungalow: Detached,157,150,41,109,7,0,7
S01011685,Whole house or bungalow: Semi-detached,96,88,13,75,8,1,7
S01011685,Whole house or bungalow: Terraced (including end-terrace),15,12,1,11,3,3,0
S01011685,Flat maisonette or apartment or mobile/temporary accommodation,11,3,1,2,8,5,3
S01011686,All households,344,309,127,182,35,11,24
S01011686,Whole house or bungalow: Total,279,256,116,140,23,10,13
S01011686,Whole house or bungalow: Detached,162,153,76,77,9,0,9
S01011686,Whole house or bungalow: Semi-detached,81,77,28,49,4,1,3
S01011686,Whole house or bungalow: Terraced (including end-terrace),36,26,12,14,10,9,1
S01011686,Flat maisonette or apartment or mobile/temporary accommodation,65,53,11,42,12,1,11
S01011687,All households,386,213,66,147,173,149,24
S01011687,Whole house or bungalow: Total,331,196,63,133,135,117,18
S01011687,Whole house or bungalow: Detached,33,23,9,14,10,9,1
S01011687,Whole house or bungalow: Semi-detached,65,42,9,33,23,18,5
S01011687,Whole house or bungalow: Terraced (including end-terrace),233,131,45,86,102,90,12
S01011687,Flat maisonette or apartment or mobile/temporary accommodation,55,17,3,14,38,32,6
S01011688,All households,307,227,65,162,80,56,24
S01011688,Whole house or bungalow: Total,219,196,57,139,23,12,11
S01011688,Whole house or bungalow: Detached,144,139,45,94,5,0,5
S01011688,Whole house or bungalow: Semi-detached,47,40,7,33,7,2,5
S01011688,Whole house or bungalow: Terraced (including end-terrace),28,17,5,12,11,10,1
S01011688,Flat maisonette or apartment or mobile/temporary accommodation,88,31,8,23,57,44,13
S01011689,All households,248,225,77,148,23,11,12
S01011689,Whole house or bungalow: Total,244,224,76,148,20,8,12
S01011689,Whole house or bungalow: Detached,199,187,66,121,12,4,8
S01011689,Whole house or bungalow: Semi-detached,33,29,9,20,4,0,4
S01011689,Whole house or bungalow: Terraced (including end-terrace),12,8,1,7,4,4,0
S01011689,Flat maisonette or apartment or mobile/temporary accommodation,4,1,1,0,3,3,0
S01011690,All households,396,294,63,231,102,83,19
S01011690,Whole house or bungalow: Total,280,252,50,202,28,15,13
S01011690,Whole house or bungalow: Detached,204,197,35,162,7,2,5
S01011690,Whole house or bungalow: Semi-detached,48,35,10,25,13,8,5
S01011690,Whole house or bungalow: Terraced (including end-terrace),28,20,5,15,8,5,3
S01011690,Flat maisonette or apartment or mobile/temporary accommodation,116,42,13,29,74,68,6
S01011691,All households,224,180,42,138,44,23,21
S01011691,Whole house or bungalow: Total,214,174,39,135,40,19,21
S01011691,Whole house or bungalow: Detached,89,77,18,59,12,1,11
S01011691,Whole house or bungalow: Semi-detached,60,46,6,40,14,5,9
S01011691,Whole house or bungalow: Terraced (including end-terrace),65,51,15,36,14,13,1
S01011691,Flat maisonette or apartment or mobile/temporary accommodation,10,6,3,3,4,4,0
S01011692,All households,455,220,81,139,235,211,24
S01011692,Whole house or bungalow: Total,322,188,68,120,134,123,11
S01011692,Whole house or bungalow: Detached,11,7,1,6,4,4,0
S01011692,Whole house or bungalow: Semi-detached,77,32,11,21,45,43,2
S01011692,Whole house or bungalow: Terraced (including end-terrace),234,149,56,93,85,76,9
S01011692,Flat maisonette or apartment or mobile/temporary accommodation,133,32,13,19,101,88,13
S01011693,All households,367,274,86,188,93,49,44
S01011693,Whole house or bungalow: Total,240,198,76,122,42,30,12
S01011693,Whole house or bungalow: Detached,58,54,20,34,4,2,2
S01011693,Whole house or bungalow: Semi-detached,39,31,15,16,8,6,2
S01011693,Whole house or bungalow: Terraced (including end-terrace),143,113,41,72,30,22,8
S01011693,Flat maisonette or apartment or mobile/temporary accommodation,127,76,10,66,51,19,32
S01011694,All households,200,163,22,141,37,24,13
S01011694,Whole house or bungalow: Total,166,149,17,132,17,7,10
S01011694,Whole house or bungalow: Detached,112,104,12,92,8,3,5
S01011694,Whole house or bungalow: Semi-detached,31,28,3,25,3,1,2
S01011694,Whole house or bungalow: Terraced (including end-terrace),23,17,2,15,6,3,3
S01011694,Flat maisonette or apartment or mobile/temporary accommodation,34,14,5,9,20,17,3
S01011695,All households,333,295,66,229,38,17,21
S01011695,Whole house or bungalow: Total,325,292,65,227,33,15,18
S01011695,Whole house or bungalow: Detached,224,212,47,165,12,0,12
S01011695,Whole house or bungalow: Semi-detached,45,38,6,32,7,4,3
S01011695,Whole house or bungalow: Terraced (including end-terrace),56,42,12,30,14,11,3
S01011695,Flat maisonette or apartment or mobile/temporary accommodation,8,3,1,2,5,2,3
S01011696,All households,351,332,57,275,19,4,15
S01011696,Whole house or bungalow: Total,344,328,56,272,16,3,13
S01011696,Whole house or bungalow: Detached,320,306,48,258,14,1,13
S01011696,Whole house or bungalow: Semi-detached,18,18,7,11,0,0,0
S01011696,Whole house or bungalow: Terraced (including end-terrace),6,4,1,3,2,2,0
S01011696,Flat maisonette or apartment or mobile/temporary accommodation,7,4,1,3,3,1,2
S01011697,All households,398,309,74,235,89,63,26
S01011697,Whole house or bungalow: Total,302,261,57,204,41,29,12
S01011697,Whole house or bungalow: Detached,172,162,23,139,10,1,9
S01011697,Whole house or bungalow: Semi-detached,70,60,14,46,10,9,1
S01011697,Whole house or bungalow: Terraced (including end-terrace),60,39,20,19,21,19,2
S01011697,Flat maisonette or apartment or mobile/temporary accommodation,96,48,17,31,48,34,14
S01011698,All households,271,189,74,115,82,71,11
S01011698,Whole house or bungalow: Total,170,131,46,85,39,34,5
S01011698,Whole house or bungalow: Detached,15,14,2,12,1,1,0
S01011698,Whole house or bungalow: Semi-detached,72,61,23,38,11,11,0
S01011698,Whole house or bungalow: Terraced (including end-terrace),83,56,21,35,27,22,5
S01011698,Flat maisonette or apartment or mobile/temporary accommodation,101,58,28,30,43,37,6
S01011699,All households,387,335,143,192,52,20,32
S01011699,Whole house or bungalow: Total,287,278,122,156,9,3,6
S01011699,Whole house or bungalow: Detached,52,50,25,25,2,0,2
S01011699,Whole house or bungalow: Semi-detached,213,210,93,117,3,0,3
S01011699,Whole house or bungalow: Terraced (including end-terrace),22,18,4,14,4,3,1
S01011699,Flat maisonette or apartment or mobile/temporary accommodation,100,57,21,36,43,17,26
S01011700,All households,354,257,132,125,97,77,20
S01011700,Whole house or bungalow: Total,248,226,119,107,22,17,5
S01011700,Whole house or bungalow: Detached,70,69,37,32,1,0,1
S01011700,Whole house or bungalow: Semi-detached,143,132,67,65,11,9,2
S01011700,Whole house or bungalow: Terraced (including end-terrace),35,25,15,10,10,8,2
S01011700,Flat maisonette or apartment or mobile/temporary accommodation,106,31,13,18,75,60,15
S01011701,All households,444,367,162,205,77,29,48
S01011701,Whole house or bungalow: Total,305,280,112,168,25,19,6
S01011701,Whole house or bungalow: Detached,151,148,53,95,3,0,3
S01011701,Whole house or bungalow: Semi-detached,106,92,40,52,14,12,2
S01011701,Whole house or bungalow: Terraced (including end-terrace),48,40,19,21,8,7,1
S01011701,Flat maisonette or apartment or mobile/temporary accommodation,139,87,50,37,52,10,42
S01011702,All households,335,249,123,126,86,68,18
S01011702,Whole house or bungalow: Total,300,230,118,112,70,57,13
S01011702,Whole house or bungalow: Detached,75,72,42,30,3,1,2
S01011702,Whole house or bungalow: Semi-detached,171,124,60,64,47,36,11
S01011702,Whole house or bungalow: Terraced (including end-terrace),54,34,16,18,20,20,0
S01011702,Flat maisonette or apartment or mobile/temporary accommodation,35,19,5,14,16,11,5
S01011703,All households,255,219,114,105,36,12,24
S01011703,Whole house or bungalow: Total,212,190,104,86,22,6,16
S01011703,Whole house or bungalow: Detached,96,84,50,34,12,0,12
S01011703,Whole house or bungalow: Semi-detached,70,64,31,33,6,4,2
S01011703,Whole house or bungalow: Terraced (including end-terrace),46,42,23,19,4,2,2
S01011703,Flat maisonette or apartment or mobile/temporary accommodation,43,29,10,19,14,6,8
S01011704,All households,274,245,69,176,29,17,12
S01011704,Whole house or bungalow: Total,212,204,51,153,8,2,6
S01011704,Whole house or bungalow: Detached,125,125,29,96,0,0,0
S01011704,Whole house or bungalow: Semi-detached,56,54,14,40,2,0,2
S01011704,Whole house or bungalow: Terraced (including end-terrace),31,25,8,17,6,2,4
S01011704,Flat maisonette or apartment or mobile/temporary accommodation,62,41,18,23,21,15,6
S01011705,All households,318,193,49,144,125,104,21
S01011705,Whole house or bungalow: Total,124,108,29,79,16,9,7
S01011705,Whole house or bungalow: Detached,61,58,17,41,3,0,3
S01011705,Whole house or bungalow: Semi-detached,48,38,11,27,10,7,3
S01011705,Whole house or bungalow: Terraced (including end-terrace),15,12,1,11,3,2,1
S01011705,Flat maisonette or apartment or mobile/temporary accommodation,194,85,20,65,109,95,14
S01011706,All households,450,330,154,176,120,81,39
S01011706,Whole house or bungalow: Total,307,264,130,134,43,26,17
S01011706,Whole house or bungalow: Detached,56,53,33,20,3,0,3
S01011706,Whole house or bungalow: Semi-detached,142,120,56,64,22,12,10
S01011706,Whole house or bungalow: Terraced (including end-terrace),109,91,41,50,18,14,4
S01011706,Flat maisonette or apartment or mobile/temporary accommodation,143,66,24,42,77,55,22
S01011707,All households,283,262,133,129,21,14,7
S01011707,Whole house or bungalow: Total,276,260,133,127,16,10,6
S01011707,Whole house or bungalow: Detached,96,93,42,51,3,0,3
S01011707,Whole house or bungalow: Semi-detached,157,150,85,65,7,4,3
S01011707,Whole house or bungalow: Terraced (including end-terrace),23,17,6,11,6,6,0
S01011707,Flat maisonette or apartment or mobile/temporary accommodation,7,2,0,2,5,4,1
S01011708,All households,448,280,136,144,168,130,38
S01011708,Whole house or bungalow: Total,254,186,100,86,68,50,18
S01011708,Whole house or bungalow: Detached,51,45,25,20,6,1,5
S01011708,Whole house or bungalow: Semi-detached,144,109,58,51,35,27,8
S01011708,Whole house or bungalow: Terraced (including end-terrace),59,32,17,15,27,22,5
S01011708,Flat maisonette or apartment or mobile/temporary accommodation,194,94,36,58,100,80,20
S01011709,All households,370,286,106,180,84,71,13
S01011709,Whole house or bungalow: Total,335,276,104,172,59,47,12
S01011709,Whole house or bungalow: Detached,86,82,25,57,4,2,2
S01011709,Whole house or bungalow: Semi-detached,149,129,49,80,20,14,6
S01011709,Whole house or bungalow: Terraced (including end-terrace),100,65,30,35,35,31,4
S01011709,Flat maisonette or apartment or mobile/temporary accommodation,35,10,2,8,25,24,1
S01011710,All households,257,95,33,62,162,153,9
S01011710,Whole house or bungalow: Total,177,91,32,59,86,78,8
S01011710,Whole house or bungalow: Detached,17,7,4,3,10,10,0
S01011710,Whole house or bungalow: Semi-detached,23,9,3,6,14,11,3
S01011710,Whole house or bungalow: Terraced (including end-terrace),137,75,25,50,62,57,5
S01011710,Flat maisonette or apartment or mobile/temporary accommodation,80,4,1,3,76,75,1
S01011711,All households,321,115,41,74,206,184,22
S01011711,Whole house or bungalow: Total,216,107,38,69,109,91,18
S01011711,Whole house or bungalow: Detached,8,5,3,2,3,1,2
S01011711,Whole house or bungalow: Semi-detached,31,18,5,13,13,11,2
S01011711,Whole house or bungalow: Terraced (including end-terrace),177,84,30,54,93,79,14
S01011711,Flat maisonette or apartment or mobile/temporary accommodation,105,8,3,5,97,93,4
S01011712,All households,294,171,56,115,123,94,29
S01011712,Whole house or bungalow: Total,159,93,43,50,66,52,14
S01011712,Whole house or bungalow: Detached,4,3,1,2,1,1,0
S01011712,Whole house or bungalow: Semi-detached,26,15,4,11,11,9,2
S01011712,Whole house or bungalow: Terraced (including end-terrace),129,75,38,37,54,42,12
S01011712,Flat maisonette or apartment or mobile/temporary accommodation,135,78,13,65,57,42,15
S01011713,All households,389,304,130,174,85,67,18
S01011713,Whole house or bungalow: Total,358,303,130,173,55,37,18
S01011713,Whole house or bungalow: Detached,18,17,7,10,1,1,0
S01011713,Whole house or bungalow: Semi-detached,297,259,111,148,38,22,16
S01011713,Whole house or bungalow: Terraced (including end-terrace),43,27,12,15,16,14,2
S01011713,Flat maisonette or apartment or mobile/temporary accommodation,31,1,0,1,30,30,0
S01011714,All households,194,188,22,166,6,5,1
S01011714,Whole house or bungalow: Total,191,187,21,166,4,3,1
S01011714,Whole house or bungalow: Detached,75,73,10,63,2,2,0
S01011714,Whole house or bungalow: Semi-detached,89,88,7,81,1,0,1
S01011714,Whole house or bungalow: Terraced (including end-terrace),27,26,4,22,1,1,0
S01011714,Flat maisonette or apartment or mobile/temporary accommodation,3,1,1,0,2,2,0
S01011715,All households,297,146,49,97,151,122,29
S01011715,Whole house or bungalow: Total,156,107,43,64,49,42,7
S01011715,Whole house or bungalow: Detached,15,12,3,9,3,1,2
S01011715,Whole house or bungalow: Semi-detached,26,21,13,8,5,5,0
S01011715,Whole house or bungalow: Terraced (including end-terrace),115,74,27,47,41,36,5
S01011715,Flat maisonette or apartment or mobile/temporary accommodation,141,39,6,33,102,80,22
S01011716,All households,351,306,65,241,45,19,26
S01011716,Whole house or bungalow: Total,333,293,64,229,40,17,23
S01011716,Whole house or bungalow: Detached,105,103,23,80,2,0,2
S01011716,Whole house or bungalow: Semi-detached,143,128,18,110,15,7,8
S01011716,Whole house or bungalow: Terraced (including end-terrace),85,62,23,39,23,10,13
S01011716,Flat maisonette or apartment or mobile/temporary accommodation,18,13,1,12,5,2,3
S01011717,All households,294,280,144,136,14,5,9
S01011717,Whole house or bungalow: Total,292,280,144,136,12,3,9
S01011717,Whole house or bungalow: Detached,68,67,41,26,1,0,1
S01011717,Whole house or bungalow: Semi-detached,217,209,101,108,8,0,8
S01011717,Whole house or bungalow: Terraced (including end-terrace),7,4,2,2,3,3,0
S01011717,Flat maisonette or apartment or mobile/temporary accommodation,2,0,0,0,2,2,0
S01011718,All households,289,255,36,219,34,12,22
S01011718,Whole house or bungalow: Total,259,239,30,209,20,8,12
S01011718,Whole house or bungalow: Detached,172,159,16,143,13,5,8
S01011718,Whole house or bungalow: Semi-detached,49,45,10,35,4,0,4
S01011718,Whole house or bungalow: Terraced (including end-terrace),38,35,4,31,3,3,0
S01011718,Flat maisonette or apartment or mobile/temporary accommodation,30,16,6,10,14,4,10
S01011719,All households,224,209,43,166,15,3,12
S01011719,Whole house or bungalow: Total,206,196,40,156,10,3,7
S01011719,Whole house or bungalow: Detached,115,112,19,93,3,0,3
S01011719,Whole house or bungalow: Semi-detached,77,74,20,54,3,1,2
S01011719,Whole house or bungalow: Terraced (including end-terrace),14,10,1,9,4,2,2
S01011719,Flat maisonette or apartment or mobile/temporary accommodation,18,13,3,10,5,0,5
S01011720,All households,213,192,99,93,21,5,16
S01011720,Whole house or bungalow: Total,181,170,93,77,11,3,8
S01011720,Whole house or bungalow: Detached,121,116,72,44,5,0,5
S01011720,Whole house or bungalow: Semi-detached,56,50,19,31,6,3,3
S01011720,Whole house or bungalow: Terraced (including end-terrace),4,4,2,2,0,0,0
S01011720,Flat maisonette or apartment or mobile/temporary accommodation,32,22,6,16,10,2,8
S01011721,All households,305,247,90,157,58,49,9
S01011721,Whole house or bungalow: Total,303,245,90,155,58,49,9
S01011721,Whole house or bungalow: Detached,11,9,2,7,2,2,0
S01011721,Whole house or bungalow: Semi-detached,37,27,14,13,10,9,1
S01011721,Whole house or bungalow: Terraced (including end-terrace),255,209,74,135,46,38,8
S01011721,Flat maisonette or apartment or mobile/temporary accommodation,2,2,0,2,0,0,0
S01011722,All households,317,231,104,127,86,60,26
S01011722,Whole house or bungalow: Total,297,219,100,119,78,54,24
S01011722,Whole house or bungalow: Detached,36,33,18,15,3,3,0
S01011722,Whole house or bungalow: Semi-detached,40,25,9,16,15,13,2
S01011722,Whole house or bungalow: Terraced (including end-terrace),221,161,73,88,60,38,22
S01011722,Flat maisonette or apartment or mobile/temporary accommodation,20,12,4,8,8,6,2
S01011723,All households,397,300,98,202,97,65,32
S01011723,Whole house or bungalow: Total,391,295,97,198,96,64,32
S01011723,Whole house or bungalow: Detached,51,47,8,39,4,1,3
S01011723,Whole house or bungalow: Semi-detached,40,30,5,25,10,7,3
S01011723,Whole house or bungalow: Terraced (including end-terrace),300,218,84,134,82,56,26
S01011723,Flat maisonette or apartment or mobile/temporary accommodation,6,5,1,4,1,1,0
S01011724,All households,261,178,31,147,83,63,20
S01011724,Whole house or bungalow: Total,253,178,31,147,75,56,19
S01011724,Whole house or bungalow: Detached,72,66,16,50,6,2,4
S01011724,Whole house or bungalow: Semi-detached,83,68,11,57,15,10,5
S01011724,Whole house or bungalow: Terraced (including end-terrace),98,44,4,40,54,44,10
S01011724,Flat maisonette or apartment or mobile/temporary accommodation,8,0,0,0,8,7,1
S01011725,All households,219,205,20,185,14,3,11
S01011725,Whole house or bungalow: Total,216,205,20,185,11,2,9
S01011725,Whole house or bungalow: Detached,136,132,14,118,4,0,4
S01011725,Whole house or bungalow: Semi-detached,55,51,5,46,4,1,3
S01011725,Whole house or bungalow: Terraced (including end-terrace),25,22,1,21,3,1,2
S01011725,Flat maisonette or apartment or mobile/temporary accommodation,3,0,0,0,3,1,2
S01011726,All households,208,199,34,165,9,3,6
S01011726,Whole house or bungalow: Total,205,196,33,163,9,3,6
S01011726,Whole house or bungalow: Detached,100,98,13,85,2,0,2
S01011726,Whole house or bungalow: Semi-detached,95,90,18,72,5,1,4
S01011726,Whole house or bungalow: Terraced (including end-terrace),10,8,2,6,2,2,0
S01011726,Flat maisonette or apartment or mobile/temporary accommodation,3,3,1,2,0,0,0
S01011727,All households,261,234,39,195,27,4,23
S01011727,Whole house or bungalow: Total,217,204,32,172,13,4,9
S01011727,Whole house or bungalow: Detached,193,185,27,158,8,0,8
S01011727,Whole house or bungalow: Semi-detached,17,15,4,11,2,1,1
S01011727,Whole house or bungalow: Terraced (including end-terrace),7,4,1,3,3,3,0
S01011727,Flat maisonette or apartment or mobile/temporary accommodation,44,30,7,23,14,0,14
S01011728,All households,393,278,101,177,115,73,42
S01011728,Whole house or bungalow: Total,319,244,96,148,75,47,28
S01011728,Whole house or bungalow: Detached,24,23,11,12,1,0,1
S01011728,Whole house or bungalow: Semi-detached,29,24,12,12,5,4,1
S01011728,Whole house or bungalow: Terraced (including end-terrace),266,197,73,124,69,43,26
S01011728,Flat maisonette or apartment or mobile/temporary accommodation,74,34,5,29,40,26,14
S01011729,All households,302,161,54,107,141,118,23
S01011729,Whole house or bungalow: Total,187,126,44,82,61,45,16
S01011729,Whole house or bungalow: Detached,27,24,10,14,3,1,2
S01011729,Whole house or bungalow: Semi-detached,45,36,14,22,9,6,3
S01011729,Whole house or bungalow: Terraced (including end-terrace),115,66,20,46,49,38,11
S01011729,Flat maisonette or apartment or mobile/temporary accommodation,115,35,10,25,80,73,7
S01011730,All households,431,368,174,194,63,35,28
S01011730,Whole house or bungalow: Total,321,279,154,125,42,32,10
S01011730,Whole house or bungalow: Detached,104,101,64,37,3,0,3
S01011730,Whole house or bungalow: Semi-detached,179,167,86,81,12,6,6
S01011730,Whole house or bungalow: Terraced (including end-terrace),38,11,4,7,27,26,1
S01011730,Flat maisonette or apartment or mobile/temporary accommodation,110,89,20,69,21,3,18
S01011731,All households,352,283,132,151,69,49,20
S01011731,Whole house or bungalow: Total,343,277,130,147,66,47,19
S01011731,Whole house or bungalow: Detached,8,7,3,4,1,1,0
S01011731,Whole house or bungalow: Semi-detached,46,37,16,21,9,4,5
S01011731,Whole house or bungalow: Terraced (including end-terrace),289,233,111,122,56,42,14
S01011731,Flat maisonette or apartment or mobile/temporary accommodation,9,6,2,4,3,2,1
S01011732,All households,299,289,136,153,10,5,5
S01011732,Whole house or bungalow: Total,293,286,135,151,7,3,4
S01011732,Whole house or bungalow: Detached,106,104,54,50,2,1,1
S01011732,Whole house or bungalow: Semi-detached,153,150,69,81,3,1,2
S01011732,Whole house or bungalow: Terraced (including end-terrace),34,32,12,20,2,1,1
S01011732,Flat maisonette or apartment or mobile/temporary accommodation,6,3,1,2,3,2,1
S01011733,All households,352,281,116,165,71,44,27
S01011733,Whole house or bungalow: Total,301,247,107,140,54,39,15
S01011733,Whole house or bungalow: Detached,17,17,8,9,0,0,0
S01011733,Whole house or bungalow: Semi-detached,51,37,19,18,14,13,1
S01011733,Whole house or bungalow: Terraced (including end-terrace),233,193,80,113,40,26,14
S01011733,Flat maisonette or apartment or mobile/temporary accommodation,51,34,9,25,17,5,12
S01011734,All households,335,256,113,143,79,56,23
S01011734,Whole house or bungalow: Total,273,225,105,120,48,40,8
S01011734,Whole house or bungalow: Detached,90,89,46,43,1,0,1
S01011734,Whole house or bungalow: Semi-detached,54,44,24,20,10,8,2
S01011734,Whole house or bungalow: Terraced (including end-terrace),129,92,35,57,37,32,5
S01011734,Flat maisonette or apartment or mobile/temporary accommodation,62,31,8,23,31,16,15
S01011735,All households,288,275,137,138,13,6,7
S01011735,Whole house or bungalow: Total,275,266,134,132,9,3,6
S01011735,Whole house or bungalow: Detached,176,174,94,80,2,0,2
S01011735,Whole house or bungalow: Semi-detached,50,47,22,25,3,0,3
S01011735,Whole house or bungalow: Terraced (including end-terrace),49,45,18,27,4,3,1
S01011735,Flat maisonette or apartment or mobile/temporary accommodation,13,9,3,6,4,3,1
S01011736,All households,317,230,84,146,87,31,56
S01011736,Whole house or bungalow: Total,210,170,68,102,40,19,21
S01011736,Whole house or bungalow: Detached,10,8,1,7,2,1,1
S01011736,Whole house or bungalow: Semi-detached,22,18,9,9,4,2,2
S01011736,Whole house or bungalow: Terraced (including end-terrace),178,144,58,86,34,16,18
S01011736,Flat maisonette or apartment or mobile/temporary accommodation,107,60,16,44,47,12,35
S01011737,All households,294,187,71,116,107,44,63
S01011737,Whole house or bungalow: Total,170,121,50,71,49,31,18
S01011737,Whole house or bungalow: Detached,12,9,5,4,3,1,2
S01011737,Whole house or bungalow: Semi-detached,20,14,7,7,6,5,1
S01011737,Whole house or bungalow: Terraced (including end-terrace),138,98,38,60,40,25,15
S01011737,Flat maisonette or apartment or mobile/temporary accommodation,124,66,21,45,58,13,45
S01011738,All households,466,255,97,158,211,117,94
S01011738,Whole house or bungalow: Total,206,177,65,112,29,16,13
S01011738,Whole house or bungalow: Detached,70,65,27,38,5,3,2
S01011738,Whole house or bungalow: Semi-detached,44,39,7,32,5,1,4
S01011738,Whole house or bungalow: Terraced (including end-terrace),92,73,31,42,19,12,7
S01011738,Flat maisonette or apartment or mobile/temporary accommodation,260,78,32,46,182,101,81
S01011739,All households,226,167,72,95,59,45,14
S01011739,Whole house or bungalow: Total,211,164,72,92,47,35,12
S01011739,Whole house or bungalow: Detached,5,4,2,2,1,1,0
S01011739,Whole house or bungalow: Semi-detached,20,13,8,5,7,7,0
S01011739,Whole house or bungalow: Terraced (including end-terrace),186,147,62,85,39,27,12
S01011739,Flat maisonette or apartment or mobile/temporary accommodation,15,3,0,3,12,10,2
S01011740,All households,356,153,61,92,203,160,43
S01011740,Whole house or bungalow: Total,248,133,52,81,115,87,28
S01011740,Whole house or bungalow: Detached,12,6,2,4,6,4,2
S01011740,Whole house or bungalow: Semi-detached,22,11,2,9,11,10,1
S01011740,Whole house or bungalow: Terraced (including end-terrace),214,116,48,68,98,73,25
S01011740,Flat maisonette or apartment or mobile/temporary accommodation,108,20,9,11,88,73,15
S01011741,All households,296,184,81,103,112,78,34
S01011741,Whole house or bungalow: Total,205,149,71,78,56,35,21
S01011741,Whole house or bungalow: Detached,3,3,0,3,0,0,0
S01011741,Whole house or bungalow: Semi-detached,12,7,3,4,5,5,0
S01011741,Whole house or bungalow: Terraced (including end-terrace),190,139,68,71,51,30,21
S01011741,Flat maisonette or apartment or mobile/temporary accommodation,91,35,10,25,56,43,13
S01011742,All households,333,219,90,129,114,95,19
S01011742,Whole house or bungalow: Total,262,206,86,120,56,41,15
S01011742,Whole house or bungalow: Detached,4,4,0,4,0,0,0
S01011742,Whole house or bungalow: Semi-detached,9,6,3,3,3,3,0
S01011742,Whole house or bungalow: Terraced (including end-terrace),249,196,83,113,53,38,15
S01011742,Flat maisonette or apartment or mobile/temporary accommodation,71,13,4,9,58,54,4
S01011743,All households,379,257,107,150,122,70,52
S01011743,Whole house or bungalow: Total,268,193,92,101,75,53,22
S01011743,Whole house or bungalow: Detached,9,4,2,2,5,4,1
S01011743,Whole house or bungalow: Semi-detached,39,27,15,12,12,10,2
S01011743,Whole house or bungalow: Terraced (including end-terrace),220,162,75,87,58,39,19
S01011743,Flat maisonette or apartment or mobile/temporary accommodation,111,64,15,49,47,17,30
S01011744,All households,462,242,125,117,220,145,75
S01011744,Whole house or bungalow: Total,258,161,67,94,97,77,20
S01011744,Whole house or bungalow: Detached,7,3,1,2,4,3,1
S01011744,Whole house or bungalow: Semi-detached,39,21,5,16,18,15,3
S01011744,Whole house or bungalow: Terraced (including end-terrace),212,137,61,76,75,59,16
S01011744,Flat maisonette or apartment or mobile/temporary accommodation,204,81,58,23,123,68,55
S01011745,All households,398,202,98,104,196,162,34
S01011745,Whole house or bungalow: Total,318,197,95,102,121,93,28
S01011745,Whole house or bungalow: Detached,6,5,1,4,1,0,1
S01011745,Whole house or bungalow: Semi-detached,25,7,1,6,18,14,4
S01011745,Whole house or bungalow: Terraced (including end-terrace),287,185,93,92,102,79,23
S01011745,Flat maisonette or apartment or mobile/temporary accommodation,80,5,3,2,75,69,6
S01011746,All households,215,122,46,76,93,63,30
S01011746,Whole house or bungalow: Total,202,118,44,74,84,56,28
S01011746,Whole house or bungalow: Detached,5,2,1,1,3,2,1
S01011746,Whole house or bungalow: Semi-detached,20,8,1,7,12,8,4
S01011746,Whole house or bungalow: Terraced (including end-terrace),177,108,42,66,69,46,23
S01011746,Flat maisonette or apartment or mobile/temporary accommodation,13,4,2,2,9,7,2
S01011747,All households,413,198,73,125,215,155,60
S01011747,Whole house or bungalow: Total,309,180,68,112,129,89,40
S01011747,Whole house or bungalow: Detached,9,7,2,5,2,1,1
S01011747,Whole house or bungalow: Semi-detached,34,18,5,13,16,13,3
S01011747,Whole house or bungalow: Terraced (including end-terrace),266,155,61,94,111,75,36
S01011747,Flat maisonette or apartment or mobile/temporary accommodation,104,18,5,13,86,66,20
S01011748,All households,375,203,61,142,172,82,90
S01011748,Whole house or bungalow: Total,259,162,53,109,97,66,31
S01011748,Whole house or bungalow: Detached,7,2,1,1,5,3,2
S01011748,Whole house or bungalow: Semi-detached,7,4,1,3,3,1,2
S01011748,Whole house or bungalow: Terraced (including end-terrace),245,156,51,105,89,62,27
S01011748,Flat maisonette or apartment or mobile/temporary accommodation,116,41,8,33,75,16,59
S01011749,All households,370,118,27,91,252,128,124
S01011749,Whole house or bungalow: Total,138,44,11,33,94,70,24
S01011749,Whole house or bungalow: Detached,6,2,2,0,4,2,2
S01011749,Whole house or bungalow: Semi-detached,18,6,0,6,12,10,2
S01011749,Whole house or bungalow: Terraced (including end-terrace),114,36,9,27,78,58,20
S01011749,Flat maisonette or apartment or mobile/temporary accommodation,232,74,16,58,158,58,100
S01011750,All households,398,252,108,144,146,103,43
S01011750,Whole house or bungalow: Total,303,230,102,128,73,51,22
S01011750,Whole house or bungalow: Detached,3,3,1,2,0,0,0
S01011750,Whole house or bungalow: Semi-detached,29,18,5,13,11,6,5
S01011750,Whole house or bungalow: Terraced (including end-terrace),271,209,96,113,62,45,17
S01011750,Flat maisonette or apartment or mobile/temporary accommodation,95,22,6,16,73,52,21
S01011751,All households,532,226,63,163,306,179,127
S01011751,Whole house or bungalow: Total,59,44,18,26,15,11,4
S01011751,Whole house or bungalow: Detached,7,5,1,4,2,0,2
S01011751,Whole house or bungalow: Semi-detached,8,8,6,2,0,0,0
S01011751,Whole house or bungalow: Terraced (including end-terrace),44,31,11,20,13,11,2
S01011751,Flat maisonette or apartment or mobile/temporary accommodation,473,182,45,137,291,168,123
S01011752,All households,460,313,88,225,147,71,76
S01011752,Whole house or bungalow: Total,303,210,80,130,93,61,32
S01011752,Whole house or bungalow: Detached,6,2,0,2,4,2,2
S01011752,Whole house or bungalow: Semi-detached,31,24,5,19,7,2,5
S01011752,Whole house or bungalow: Terraced (including end-terrace),266,184,75,109,82,57,25
S01011752,Flat maisonette or apartment or mobile/temporary accommodation,157,103,8,95,54,10,44
S01011753,All households,366,315,135,180,51,12,39
S01011753,Whole house or bungalow: Total,230,215,121,94,15,4,11
S01011753,Whole house or bungalow: Detached,106,104,62,42,2,1,1
S01011753,Whole house or bungalow: Semi-detached,47,45,25,20,2,1,1
S01011753,Whole house or bungalow: Terraced (including end-terrace),77,66,34,32,11,2,9
S01011753,Flat maisonette or apartment or mobile/temporary accommodation,136,100,14,86,36,8,28
S01011754,All households,339,251,101,150,88,58,30
S01011754,Whole house or bungalow: Total,314,239,94,145,75,49,26
S01011754,Whole house or bungalow: Detached,22,17,8,9,5,4,1
S01011754,Whole house or bungalow: Semi-detached,62,45,17,28,17,7,10
S01011754,Whole house or bungalow: Terraced (including end-terrace),230,177,69,108,53,38,15
S01011754,Flat maisonette or apartment or mobile/temporary accommodation,25,12,7,5,13,9,4
S01011755,All households,456,273,86,187,183,106,77
S01011755,Whole house or bungalow: Total,223,187,78,109,36,16,20
S01011755,Whole house or bungalow: Detached,9,8,4,4,1,1,0
S01011755,Whole house or bungalow: Semi-detached,34,27,9,18,7,2,5
S01011755,Whole house or bungalow: Terraced (including end-terrace),180,152,65,87,28,13,15
S01011755,Flat maisonette or apartment or mobile/temporary accommodation,233,86,8,78,147,90,57
S01011756,All households,430,292,87,205,138,76,62
S01011756,Whole house or bungalow: Total,251,214,74,140,37,18,19
S01011756,Whole house or bungalow: Detached,5,4,4,0,1,1,0
S01011756,Whole house or bungalow: Semi-detached,19,17,7,10,2,1,1
S01011756,Whole house or bungalow: Terraced (including end-terrace),227,193,63,130,34,16,18
S01011756,Flat maisonette or apartment or mobile/temporary accommodation,179,78,13,65,101,58,43
S01011757,All households,327,187,67,120,140,102,38
S01011757,Whole house or bungalow: Total,216,153,56,97,63,55,8
S01011757,Whole house or bungalow: Detached,3,2,0,2,1,1,0
S01011757,Whole house or bungalow: Semi-detached,30,15,6,9,15,14,1
S01011757,Whole house or bungalow: Terraced (including end-terrace),183,136,50,86,47,40,7
S01011757,Flat maisonette or apartment or mobile/temporary accommodation,111,34,11,23,77,47,30
S01011758,All households,252,188,52,136,64,43,21
S01011758,Whole house or bungalow: Total,230,175,48,127,55,39,16
S01011758,Whole house or bungalow: Detached,8,8,2,6,0,0,0
S01011758,Whole house or bungalow: Semi-detached,17,13,5,8,4,2,2
S01011758,Whole house or bungalow: Terraced (including end-terrace),205,154,41,113,51,37,14
S01011758,Flat maisonette or apartment or mobile/temporary accommodation,22,13,4,9,9,4,5
S01011759,All households,340,261,114,147,79,55,24
S01011759,Whole house or bungalow: Total,336,259,114,145,77,54,23
S01011759,Whole house or bungalow: Detached,10,7,3,4,3,1,2
S01011759,Whole house or bungalow: Semi-detached,55,49,25,24,6,6,0
S01011759,Whole house or bungalow: Terraced (including end-terrace),271,203,86,117,68,47,21
S01011759,Flat maisonette or apartment or mobile/temporary accommodation,4,2,0,2,2,1,1
S01011760,All households,411,287,102,185,124,86,38
S01011760,Whole house or bungalow: Total,231,185,78,107,46,39,7
S01011760,Whole house or bungalow: Detached,8,6,2,4,2,2,0
S01011760,Whole house or bungalow: Semi-detached,38,27,12,15,11,9,2
S01011760,Whole house or bungalow: Terraced (including end-terrace),185,152,64,88,33,28,5
S01011760,Flat maisonette or apartment or mobile/temporary accommodation,180,102,24,78,78,47,31
S01011761,All households,272,171,37,134,101,66,35
S01011761,Whole house or bungalow: Total,257,169,37,132,88,60,28
S01011761,Whole house or bungalow: Detached,5,0,0,0,5,4,1
S01011761,Whole house or bungalow: Semi-detached,50,33,5,28,17,11,6
S01011761,Whole house or bungalow: Terraced (including end-terrace),202,136,32,104,66,45,21
S01011761,Flat maisonette or apartment or mobile/temporary accommodation,15,2,0,2,13,6,7
S01011762,All households,322,178,62,116,144,85,59
S01011762,Whole house or bungalow: Total,128,102,44,58,26,14,12
S01011762,Whole house or bungalow: Detached,6,6,4,2,0,0,0
S01011762,Whole house or bungalow: Semi-detached,11,10,3,7,1,1,0
S01011762,Whole house or bungalow: Terraced (including end-terrace),111,86,37,49,25,13,12
S01011762,Flat maisonette or apartment or mobile/temporary accommodation,194,76,18,58,118,71,47
S01011763,All households,350,262,82,180,88,71,17
S01011763,Whole house or bungalow: Total,310,243,81,162,67,57,10
S01011763,Whole house or bungalow: Detached,6,5,0,5,1,1,0
S01011763,Whole house or bungalow: Semi-detached,31,20,7,13,11,9,2
S01011763,Whole house or bungalow: Terraced (including end-terrace),273,218,74,144,55,47,8
S01011763,Flat maisonette or apartment or mobile/temporary accommodation,40,19,1,18,21,14,7
S01011764,All households,136,119,44,75,17,12,5
S01011764,Whole house or bungalow: Total,134,118,44,74,16,11,5
S01011764,Whole house or bungalow: Detached,2,2,0,2,0,0,0
S01011764,Whole house or bungalow: Semi-detached,8,7,1,6,1,0,1
S01011764,Whole house or bungalow: Terraced (including end-terrace),124,109,43,66,15,11,4
S01011764,Flat maisonette or apartment or mobile/temporary accommodation,2,1,0,1,1,1,0
S01011765,All households,380,344,93,251,36,10,26
S01011765,Whole house or bungalow: Total,360,332,90,242,28,7,21
S01011765,Whole house or bungalow: Detached,123,116,35,81,7,1,6
S01011765,Whole house or bungalow: Semi-detached,183,169,40,129,14,2,12
S01011765,Whole house or bungalow: Terraced (including end-terrace),54,47,15,32,7,4,3
S01011765,Flat maisonette or apartment or mobile/temporary accommodation,20,12,3,9,8,3,5
S01011766,All households,209,184,68,116,25,15,10
S01011766,Whole house or bungalow: Total,194,177,66,111,17,11,6
S01011766,Whole house or bungalow: Detached,121,118,46,72,3,1,2
S01011766,Whole house or bungalow: Semi-detached,49,39,14,25,10,6,4
S01011766,Whole house or bungalow: Terraced (including end-terrace),24,20,6,14,4,4,0
S01011766,Flat maisonette or apartment or mobile/temporary accommodation,15,7,2,5,8,4,4
S01011767,All households,443,252,110,142,191,138,53
S01011767,Whole house or bungalow: Total,253,172,82,90,81,63,18
S01011767,Whole house or bungalow: Detached,24,18,13,5,6,3,3
S01011767,Whole house or bungalow: Semi-detached,53,31,17,14,22,18,4
S01011767,Whole house or bungalow: Terraced (including end-terrace),176,123,52,71,53,42,11
S01011767,Flat maisonette or apartment or mobile/temporary accommodation,190,80,28,52,110,75,35
S01011768,All households,342,161,46,115,181,134,47
S01011768,Whole house or bungalow: Total,112,83,33,50,29,22,7
S01011768,Whole house or bungalow: Detached,6,4,1,3,2,0,2
S01011768,Whole house or bungalow: Semi-detached,23,18,9,9,5,2,3
S01011768,Whole house or bungalow: Terraced (including end-terrace),83,61,23,38,22,20,2
S01011768,Flat maisonette or apartment or mobile/temporary accommodation,230,78,13,65,152,112,40
S01011769,All households,321,212,107,105,109,63,46
S01011769,Whole house or bungalow: Total,196,164,73,91,32,13,19
S01011769,Whole house or bungalow: Detached,3,2,0,2,1,0,1
S01011769,Whole house or bungalow: Semi-detached,13,13,5,8,0,0,0
S01011769,Whole house or bungalow: Terraced (including end-terrace),180,149,68,81,31,13,18
S01011769,Flat maisonette or apartment or mobile/temporary accommodation,125,48,34,14,77,50,27
S01011770,All households,409,252,112,140,157,99,58
S01011770,Whole house or bungalow: Total,276,209,74,135,67,44,23
S01011770,Whole house or bungalow: Detached,10,7,3,4,3,0,3
S01011770,Whole house or bungalow: Semi-detached,18,10,5,5,8,5,3
S01011770,Whole house or bungalow: Terraced (including end-terrace),248,192,66,126,56,39,17
S01011770,Flat maisonette or apartment or mobile/temporary accommodation,133,43,38,5,90,55,35
S01011771,All households,238,222,51,171,16,7,9
S01011771,Whole house or bungalow: Total,230,220,50,170,10,1,9
S01011771,Whole house or bungalow: Detached,161,157,44,113,4,0,4
S01011771,Whole house or bungalow: Semi-detached,60,57,5,52,3,0,3
S01011771,Whole house or bungalow: Terraced (including end-terrace),9,6,1,5,3,1,2
S01011771,Flat maisonette or apartment or mobile/temporary accommodation,8,2,1,1,6,6,0
S01011772,All households,390,369,140,229,21,12,9
S01011772,Whole house or bungalow: Total,382,369,140,229,13,5,8
S01011772,Whole house or bungalow: Detached,343,337,126,211,6,1,5
S01011772,Whole house or bungalow: Semi-detached,28,24,10,14,4,1,3
S01011772,Whole house or bungalow: Terraced (including end-terrace),11,8,4,4,3,3,0
S01011772,Flat maisonette or apartment or mobile/temporary accommodation,8,0,0,0,8,7,1
S01011773,All households,200,190,26,164,10,3,7
S01011773,Whole house or bungalow: Total,197,188,26,162,9,2,7
S01011773,Whole house or bungalow: Detached,102,99,13,86,3,1,2
S01011773,Whole house or bungalow: Semi-detached,75,71,10,61,4,0,4
S01011773,Whole house or bungalow: Terraced (including end-terrace),20,18,3,15,2,1,1
S01011773,Flat maisonette or apartment or mobile/temporary accommodation,3,2,0,2,1,1,0
S01011774,All households,354,216,34,182,138,106,32
S01011774,Whole house or bungalow: Total,271,197,30,167,74,61,13
S01011774,Whole house or bungalow: Detached,143,133,20,113,10,3,7
S01011774,Whole house or bungalow: Semi-detached,76,58,7,51,18,14,4
S01011774,Whole house or bungalow: Terraced (including end-terrace),52,6,3,3,46,44,2
S01011774,Flat maisonette or apartment or mobile/temporary accommodation,83,19,4,15,64,45,19
S01011775,All households,228,216,40,176,12,2,10
S01011775,Whole house or bungalow: Total,227,216,40,176,11,1,10
S01011775,Whole house or bungalow: Detached,150,146,20,126,4,0,4
S01011775,Whole house or bungalow: Semi-detached,48,44,14,30,4,1,3
S01011775,Whole house or bungalow: Terraced (including end-terrace),29,26,6,20,3,0,3
S01011775,Flat maisonette or apartment or mobile/temporary accommodation,1,0,0,0,1,1,0
S01011776,All households,319,298,43,255,21,5,16
S01011776,Whole house or bungalow: Total,315,298,43,255,17,1,16
S01011776,Whole house or bungalow: Detached,266,256,38,218,10,0,10
S01011776,Whole house or bungalow: Semi-detached,30,29,4,25,1,0,1
S01011776,Whole house or bungalow: Terraced (including end-terrace),19,13,1,12,6,1,5
S01011776,Flat maisonette or apartment or mobile/temporary accommodation,4,0,0,0,4,4,0
S01011777,All households,264,215,48,167,49,27,22
S01011777,Whole house or bungalow: Total,216,193,42,151,23,9,14
S01011777,Whole house or bungalow: Detached,92,89,17,72,3,0,3
S01011777,Whole house or bungalow: Semi-detached,67,60,13,47,7,3,4
S01011777,Whole house or bungalow: Terraced (including end-terrace),57,44,12,32,13,6,7
S01011777,Flat maisonette or apartment or mobile/temporary accommodation,48,22,6,16,26,18,8
S01011778,All households,261,168,25,143,93,37,56
S01011778,Whole house or bungalow: Total,194,156,24,132,38,31,7
S01011778,Whole house or bungalow: Detached,113,111,16,95,2,1,1
S01011778,Whole house or bungalow: Semi-detached,9,5,0,5,4,4,0
S01011778,Whole house or bungalow: Terraced (including end-terrace),72,40,8,32,32,26,6
S01011778,Flat maisonette or apartment or mobile/temporary accommodation,67,12,1,11,55,6,49
S01011779,All households,324,298,112,186,26,3,23
S01011779,Whole house or bungalow: Total,292,277,103,174,15,2,13
S01011779,Whole house or bungalow: Detached,148,141,48,93,7,0,7
S01011779,Whole house or bungalow: Semi-detached,127,121,51,70,6,1,5
S01011779,Whole house or bungalow: Terraced (including end-terrace),17,15,4,11,2,1,1
S01011779,Flat maisonette or apartment or mobile/temporary accommodation,32,21,9,12,11,1,10
S01011780,All households,315,304,99,205,11,4,7
S01011780,Whole house or bungalow: Total,310,302,99,203,8,1,7
S01011780,Whole house or bungalow: Detached,248,244,84,160,4,0,4
S01011780,Whole house or bungalow: Semi-detached,54,51,12,39,3,0,3
S01011780,Whole house or bungalow: Terraced (including end-terrace),8,7,3,4,1,1,0
S01011780,Flat maisonette or apartment or mobile/temporary accommodation,5,2,0,2,3,3,0
S01011781,All households,214,207,69,138,7,4,3
S01011781,Whole house or bungalow: Total,212,207,69,138,5,2,3
S01011781,Whole house or bungalow: Detached,163,162,39,123,1,0,1
S01011781,Whole house or bungalow: Semi-detached,43,41,29,12,2,0,2
S01011781,Whole house or bungalow: Terraced (including end-terrace),6,4,1,3,2,2,0
S01011781,Flat maisonette or apartment or mobile/temporary accommodation,2,0,0,0,2,2,0
S01011782,All households,271,262,103,159,9,5,4
S01011782,Whole house or bungalow: Total,258,250,101,149,8,4,4
S01011782,Whole house or bungalow: Detached,192,190,82,108,2,0,2
S01011782,Whole house or bungalow: Semi-detached,51,48,12,36,3,1,2
S01011782,Whole house or bungalow: Terraced (including end-terrace),15,12,7,5,3,3,0
S01011782,Flat maisonette or apartment or mobile/temporary accommodation,13,12,2,10,1,1,0
S01011783,All households,213,202,79,123,11,4,7
S01011783,Whole house or bungalow: Total,204,195,79,116,9,3,6
S01011783,Whole house or bungalow: Detached,112,112,54,58,0,0,0
S01011783,Whole house or bungalow: Semi-detached,68,63,19,44,5,1,4
S01011783,Whole house or bungalow: Terraced (including end-terrace),24,20,6,14,4,2,2
S01011783,Flat maisonette or apartment or mobile/temporary accommodation,9,7,0,7,2,1,1
S01011784,All households,349,188,58,130,161,134,27
S01011784,Whole house or bungalow: Total,317,169,54,115,148,127,21
S01011784,Whole house or bungalow: Detached,17,13,4,9,4,2,2
S01011784,Whole house or bungalow: Semi-detached,46,26,13,13,20,15,5
S01011784,Whole house or bungalow: Terraced (including end-terrace),254,130,37,93,124,110,14
S01011784,Flat maisonette or apartment or mobile/temporary accommodation,32,19,4,15,13,7,6
S01011785,All households,389,248,82,166,141,106,35
S01011785,Whole house or bungalow: Total,383,247,82,165,136,104,32
S01011785,Whole house or bungalow: Detached,14,11,4,7,3,1,2
S01011785,Whole house or bungalow: Semi-detached,53,29,9,20,24,22,2
S01011785,Whole house or bungalow: Terraced (including end-terrace),316,207,69,138,109,81,28
S01011785,Flat maisonette or apartment or mobile/temporary accommodation,6,1,0,1,5,2,3
S01011786,All households,124,113,10,103,11,4,7
S01011786,Whole house or bungalow: Total,123,113,10,103,10,3,7
S01011786,Whole house or bungalow: Detached,71,69,5,64,2,0,2
S01011786,Whole house or bungalow: Semi-detached,48,43,5,38,5,0,5
S01011786,Whole house or bungalow: Terraced (including end-terrace),4,1,0,1,3,3,0
S01011786,Flat maisonette or apartment or mobile/temporary accommodation,1,0,0,0,1,1,0
S01011787,All households,483,219,90,129,264,243,21
S01011787,Whole house or bungalow: Total,252,172,81,91,80,67,13
S01011787,Whole house or bungalow: Detached,25,22,12,10,3,1,2
S01011787,Whole house or bungalow: Semi-detached,50,41,15,26,9,7,2
S01011787,Whole house or bungalow: Terraced (including end-terrace),177,109,54,55,68,59,9
S01011787,Flat maisonette or apartment or mobile/temporary accommodation,231,47,9,38,184,176,8
S01011788,All households,225,213,72,141,12,3,9
S01011788,Whole house or bungalow: Total,223,213,72,141,10,2,8
S01011788,Whole house or bungalow: Detached,192,185,61,124,7,0,7
S01011788,Whole house or bungalow: Semi-detached,14,13,1,12,1,0,1
S01011788,Whole house or bungalow: Terraced (including end-terrace),17,15,10,5,2,2,0
S01011788,Flat maisonette or apartment or mobile/temporary accommodation,2,0,0,0,2,1,1
S01011789,All households,284,223,114,109,61,42,19
S01011789,Whole house or bungalow: Total,258,210,108,102,48,31,17
S01011789,Whole house or bungalow: Detached,106,98,55,43,8,1,7
S01011789,Whole house or bungalow: Semi-detached,78,59,30,29,19,13,6
S01011789,Whole house or bungalow: Terraced (including end-terrace),74,53,23,30,21,17,4
S01011789,Flat maisonette or apartment or mobile/temporary accommodation,26,13,6,7,13,11,2
S01011790,All households,404,246,96,150,158,140,18
S01011790,Whole house or bungalow: Total,202,177,78,99,25,19,6
S01011790,Whole house or bungalow: Detached,138,128,57,71,10,5,5
S01011790,Whole house or bungalow: Semi-detached,40,31,14,17,9,8,1
S01011790,Whole house or bungalow: Terraced (including end-terrace),24,18,7,11,6,6,0
S01011790,Flat maisonette or apartment or mobile/temporary accommodation,202,69,18,51,133,121,12
S01011791,All households,347,175,69,106,172,128,44
S01011791,Whole house or bungalow: Total,129,93,40,53,36,20,16
S01011791,Whole house or bungalow: Detached,35,27,13,14,8,2,6
S01011791,Whole house or bungalow: Semi-detached,57,40,14,26,17,9,8
S01011791,Whole house or bungalow: Terraced (including end-terrace),37,26,13,13,11,9,2
S01011791,Flat maisonette or apartment or mobile/temporary accommodation,218,82,29,53,136,108,28
S01011792,All households,515,250,129,121,265,198,67
S01011792,Whole house or bungalow: Total,196,130,68,62,66,52,14
S01011792,Whole house or bungalow: Detached,96,81,42,39,15,11,4
S01011792,Whole house or bungalow: Semi-detached,33,24,14,10,9,9,0
S01011792,Whole house or bungalow: Terraced (including end-terrace),67,25,12,13,42,32,10
S01011792,Flat maisonette or apartment or mobile/temporary accommodation,319,120,61,59,199,146,53
S01011793,All households,327,236,121,115,91,47,44
S01011793,Whole house or bungalow: Total,172,145,67,78,27,17,10
S01011793,Whole house or bungalow: Detached,83,80,38,42,3,2,1
S01011793,Whole house or bungalow: Semi-detached,72,51,22,29,21,13,8
S01011793,Whole house or bungalow: Terraced (including end-terrace),17,14,7,7,3,2,1
S01011793,Flat maisonette or apartment or mobile/temporary accommodation,155,91,54,37,64,30,34
S01011794,All households,414,230,103,127,184,141,43
S01011794,Whole house or bungalow: Total,227,153,77,76,74,55,19
S01011794,Whole house or bungalow: Detached,70,54,33,21,16,13,3
S01011794,Whole house or bungalow: Semi-detached,62,42,16,26,20,15,5
S01011794,Whole house or bungalow: Terraced (including end-terrace),95,57,28,29,38,27,11
S01011794,Flat maisonette or apartment or mobile/temporary accommodation,187,77,26,51,110,86,24
S01011795,All households,317,144,65,79,173,125,48
S01011795,Whole house or bungalow: Total,92,74,35,39,18,13,5
S01011795,Whole house or bungalow: Detached,35,34,19,15,1,1,0
S01011795,Whole house or bungalow: Semi-detached,44,33,14,19,11,8,3
S01011795,Whole house or bungalow: Terraced (including end-terrace),13,7,2,5,6,4,2
S01011795,Flat maisonette or apartment or mobile/temporary accommodation,225,70,30,40,155,112,43
S01011796,All households,354,143,52,91,211,177,34
S01011796,Whole house or bungalow: Total,71,51,22,29,20,17,3
S01011796,Whole house or bungalow: Detached,19,15,7,8,4,3,1
S01011796,Whole house or bungalow: Semi-detached,31,25,12,13,6,6,0
S01011796,Whole house or bungalow: Terraced (including end-terrace),21,11,3,8,10,8,2
S01011796,Flat maisonette or apartment or mobile/temporary accommodation,283,92,30,62,191,160,31
S01011797,All households,385,368,164,204,17,5,12
S01011797,Whole house or bungalow: Total,358,348,155,193,10,2,8
S01011797,Whole house or bungalow: Detached,209,206,99,107,3,0,3
S01011797,Whole house or bungalow: Semi-detached,137,132,53,79,5,2,3
S01011797,Whole house or bungalow: Terraced (including end-terrace),12,10,3,7,2,0,2
S01011797,Flat maisonette or apartment or mobile/temporary accommodation,27,20,9,11,7,3,4
S01011798,All households,242,138,37,101,104,74,30
S01011798,Whole house or bungalow: Total,65,45,12,33,20,17,3
S01011798,Whole house or bungalow: Detached,9,9,3,6,0,0,0
S01011798,Whole house or bungalow: Semi-detached,32,24,6,18,8,6,2
S01011798,Whole house or bungalow: Terraced (including end-terrace),24,12,3,9,12,11,1
S01011798,Flat maisonette or apartment or mobile/temporary accommodation,177,93,25,68,84,57,27
S01011799,All households,357,295,140,155,62,51,11
S01011799,Whole house or bungalow: Total,308,262,130,132,46,39,7
S01011799,Whole house or bungalow: Detached,111,108,66,42,3,2,1
S01011799,Whole house or bungalow: Semi-detached,76,63,30,33,13,10,3
S01011799,Whole house or bungalow: Terraced (including end-terrace),121,91,34,57,30,27,3
S01011799,Flat maisonette or apartment or mobile/temporary accommodation,49,33,10,23,16,12,4
S01011800,All households,219,150,63,87,69,55,14
S01011800,Whole house or bungalow: Total,201,141,60,81,60,47,13
S01011800,Whole house or bungalow: Detached,5,5,2,3,0,0,0
S01011800,Whole house or bungalow: Semi-detached,51,39,17,22,12,7,5
S01011800,Whole house or bungalow: Terraced (including end-terrace),145,97,41,56,48,40,8
S01011800,Flat maisonette or apartment or mobile/temporary accommodation,18,9,3,6,9,8,1
S01011801,All households,253,129,45,84,124,110,14
S01011801,Whole house or bungalow: Total,152,110,43,67,42,34,8
S01011801,Whole house or bungalow: Detached,6,6,3,3,0,0,0
S01011801,Whole house or bungalow: Semi-detached,23,15,6,9,8,6,2
S01011801,Whole house or bungalow: Terraced (including end-terrace),123,89,34,55,34,28,6
S01011801,Flat maisonette or apartment or mobile/temporary accommodation,101,19,2,17,82,76,6
S01011802,All households,361,210,93,117,151,127,24
S01011802,Whole house or bungalow: Total,223,155,77,78,68,55,13
S01011802,Whole house or bungalow: Detached,10,10,5,5,0,0,0
S01011802,Whole house or bungalow: Semi-detached,69,46,23,23,23,20,3
S01011802,Whole house or bungalow: Terraced (including end-terrace),144,99,49,50,45,35,10
S01011802,Flat maisonette or apartment or mobile/temporary accommodation,138,55,16,39,83,72,11
S01011803,All households,236,145,51,94,91,74,17
S01011803,Whole house or bungalow: Total,219,137,47,90,82,66,16
S01011803,Whole house or bungalow: Detached,34,29,14,15,5,1,4
S01011803,Whole house or bungalow: Semi-detached,111,67,21,46,44,34,10
S01011803,Whole house or bungalow: Terraced (including end-terrace),74,41,12,29,33,31,2
S01011803,Flat maisonette or apartment or mobile/temporary accommodation,17,8,4,4,9,8,1
S01011804,All households,379,215,120,95,164,117,47
S01011804,Whole house or bungalow: Total,332,203,117,86,129,92,37
S01011804,Whole house or bungalow: Detached,78,57,37,20,21,10,11
S01011804,Whole house or bungalow: Semi-detached,153,96,49,47,57,42,15
S01011804,Whole house or bungalow: Terraced (including end-terrace),101,50,31,19,51,40,11
S01011804,Flat maisonette or apartment or mobile/temporary accommodation,47,12,3,9,35,25,10
S01011805,All households,279,172,120,52,107,36,71
S01011805,Whole house or bungalow: Total,230,158,109,49,72,32,40
S01011805,Whole house or bungalow: Detached,90,73,55,18,17,3,14
S01011805,Whole house or bungalow: Semi-detached,90,61,33,28,29,18,11
S01011805,Whole house or bungalow: Terraced (including end-terrace),50,24,21,3,26,11,15
S01011805,Flat maisonette or apartment or mobile/temporary accommodation,49,14,11,3,35,4,31
S01011806,All households,362,253,164,89,109,61,48
S01011806,Whole house or bungalow: Total,345,249,160,89,96,57,39
S01011806,Whole house or bungalow: Detached,239,206,142,64,33,3,30
S01011806,Whole house or bungalow: Semi-detached,96,39,16,23,57,50,7
S01011806,Whole house or bungalow: Terraced (including end-terrace),10,4,2,2,6,4,2
S01011806,Flat maisonette or apartment or mobile/temporary accommodation,17,4,4,0,13,4,9
S01011807,All households,444,363,241,122,81,17,64
S01011807,Whole house or bungalow: Total,436,360,238,122,76,17,59
S01011807,Whole house or bungalow: Detached,393,346,232,114,47,2,45
S01011807,Whole house or bungalow: Semi-detached,35,11,5,6,24,14,10
S01011807,Whole house or bungalow: Terraced (including end-terrace),8,3,1,2,5,1,4
S01011807,Flat maisonette or apartment or mobile/temporary accommodation,8,3,3,0,5,0,5
S01011808,All households,287,200,117,83,87,50,37
S01011808,Whole house or bungalow: Total,280,198,116,82,82,48,34
S01011808,Whole house or bungalow: Detached,186,156,99,57,30,6,24
S01011808,Whole house or bungalow: Semi-detached,91,39,15,24,52,42,10
S01011808,Whole house or bungalow: Terraced (including end-terrace),3,3,2,1,0,0,0
S01011808,Flat maisonette or apartment or mobile/temporary accommodation,7,2,1,1,5,2,3
S01011809,All households,302,246,163,83,56,13,43
S01011809,Whole house or bungalow: Total,299,246,163,83,53,13,40
S01011809,Whole house or bungalow: Detached,265,231,156,75,34,0,34
S01011809,Whole house or bungalow: Semi-detached,33,14,7,7,19,13,6
S01011809,Whole house or bungalow: Terraced (including end-terrace),1,1,0,1,0,0,0
S01011809,Flat maisonette or apartment or mobile/temporary accommodation,3,0,0,0,3,0,3
S01011810,All households,413,336,220,116,77,33,44
S01011810,Whole house or bungalow: Total,409,334,219,115,75,33,42
S01011810,Whole house or bungalow: Detached,349,314,211,103,35,2,33
S01011810,Whole house or bungalow: Semi-detached,59,19,7,12,40,31,9
S01011810,Whole house or bungalow: Terraced (including end-terrace),1,1,1,0,0,0,0
S01011810,Flat maisonette or apartment or mobile/temporary accommodation,4,2,1,1,2,0,2
S01011811,All households,436,369,246,123,67,9,58
S01011811,Whole house or bungalow: Total,428,365,243,122,63,8,55
S01011811,Whole house or bungalow: Detached,403,353,235,118,50,1,49
S01011811,Whole house or bungalow: Semi-detached,24,11,7,4,13,7,6
S01011811,Whole house or bungalow: Terraced (including end-terrace),1,1,1,0,0,0,0
S01011811,Flat maisonette or apartment or mobile/temporary accommodation,8,4,3,1,4,1,3
S01011812,All households,275,232,138,94,43,7,36
S01011812,Whole house or bungalow: Total,271,230,137,93,41,7,34
S01011812,Whole house or bungalow: Detached,248,215,130,85,33,0,33
S01011812,Whole house or bungalow: Semi-detached,22,14,7,7,8,7,1
S01011812,Whole house or bungalow: Terraced (including end-terrace),1,1,0,1,0,0,0
S01011812,Flat maisonette or apartment or mobile/temporary accommodation,4,2,1,1,2,0,2
S01011813,All households,306,246,146,100,60,25,35
S01011813,Whole house or bungalow: Total,300,243,144,99,57,25,32
S01011813,Whole house or bungalow: Detached,229,201,122,79,28,7,21
S01011813,Whole house or bungalow: Semi-detached,63,37,20,17,26,15,11
S01011813,Whole house or bungalow: Terraced (including end-terrace),8,5,2,3,3,3,0
S01011813,Flat maisonette or apartment or mobile/temporary accommodation,6,3,2,1,3,0,3
S01011814,All households,297,253,156,97,44,13,31
S01011814,Whole house or bungalow: Total,294,251,154,97,43,12,31
S01011814,Whole house or bungalow: Detached,266,237,143,94,29,4,25
S01011814,Whole house or bungalow: Semi-detached,26,14,11,3,12,6,6
S01011814,Whole house or bungalow: Terraced (including end-terrace),2,0,0,0,2,2,0
S01011814,Flat maisonette or apartment or mobile/temporary accommodation,3,2,2,0,1,1,0
S01011815,All households,313,250,124,126,63,30,33
S01011815,Whole house or bungalow: Total,306,250,124,126,56,27,29
S01011815,Whole house or bungalow: Detached,232,209,114,95,23,2,21
S01011815,Whole house or bungalow: Semi-detached,62,36,8,28,26,19,7
S01011815,Whole house or bungalow: Terraced (including end-terrace),12,5,2,3,7,6,1
S01011815,Flat maisonette or apartment or mobile/temporary accommodation,7,0,0,0,7,3,4
S01011816,All households,257,219,131,88,38,5,33
S01011816,Whole house or bungalow: Total,250,219,131,88,31,4,27
S01011816,Whole house or bungalow: Detached,233,206,125,81,27,2,25
S01011816,Whole house or bungalow: Semi-detached,15,11,5,6,4,2,2
S01011816,Whole house or bungalow: Terraced (including end-terrace),2,2,1,1,0,0,0
S01011816,Flat maisonette or apartment or mobile/temporary accommodation,7,0,0,0,7,1,6
S01011817,All households,294,244,149,95,50,5,45
S01011817,Whole house or bungalow: Total,284,242,147,95,42,4,38
S01011817,Whole house or bungalow: Detached,246,211,130,81,35,1,34
S01011817,Whole house or bungalow: Semi-detached,33,26,16,10,7,3,4
S01011817,Whole house or bungalow: Terraced (including end-terrace),5,5,1,4,0,0,0
S01011817,Flat maisonette or apartment or mobile/temporary accommodation,10,2,2,0,8,1,7
S01011818,All households,486,360,187,173,126,81,45
S01011818,Whole house or bungalow: Total,473,359,187,172,114,72,42
S01011818,Whole house or bungalow: Detached,234,217,130,87,17,5,12
S01011818,Whole house or bungalow: Semi-detached,209,130,52,78,79,49,30
S01011818,Whole house or bungalow: Terraced (including end-terrace),30,12,5,7,18,18,0
S01011818,Flat maisonette or apartment or mobile/temporary accommodation,13,1,0,1,12,9,3
S01011819,All households,438,275,131,144,163,90,73
S01011819,Whole house or bungalow: Total,405,266,130,136,139,80,59
S01011819,Whole house or bungalow: Detached,48,38,25,13,10,3,7
S01011819,Whole house or bungalow: Semi-detached,242,155,73,82,87,52,35
S01011819,Whole house or bungalow: Terraced (including end-terrace),115,73,32,41,42,25,17
S01011819,Flat maisonette or apartment or mobile/temporary accommodation,33,9,1,8,24,10,14
S01011820,All households,319,214,100,114,105,63,42
S01011820,Whole house or bungalow: Total,301,212,100,112,89,57,32
S01011820,Whole house or bungalow: Detached,153,134,70,64,19,5,14
S01011820,Whole house or bungalow: Semi-detached,101,50,18,32,51,34,17
S01011820,Whole house or bungalow: Terraced (including end-terrace),47,28,12,16,19,18,1
S01011820,Flat maisonette or apartment or mobile/temporary accommodation,18,2,0,2,16,6,10
S01011821,All households,223,86,31,55,137,93,44
S01011821,Whole house or bungalow: Total,137,63,27,36,74,46,28
S01011821,Whole house or bungalow: Detached,38,24,13,11,14,7,7
S01011821,Whole house or bungalow: Semi-detached,68,30,11,19,38,30,8
S01011821,Whole house or bungalow: Terraced (including end-terrace),31,9,3,6,22,9,13
S01011821,Flat maisonette or apartment or mobile/temporary accommodation,86,23,4,19,63,47,16
S01011822,All households,410,164,96,68,246,107,139
S01011822,Whole house or bungalow: Total,231,131,81,50,100,47,53
S01011822,Whole house or bungalow: Detached,67,52,41,11,15,6,9
S01011822,Whole house or bungalow: Semi-detached,86,41,23,18,45,26,19
S01011822,Whole house or bungalow: Terraced (including end-terrace),78,38,17,21,40,15,25
S01011822,Flat maisonette or apartment or mobile/temporary accommodation,179,33,15,18,146,60,86
S01011823,All households,290,184,99,85,106,70,36
S01011823,Whole house or bungalow: Total,283,183,99,84,100,67,33
S01011823,Whole house or bungalow: Detached,105,87,48,39,18,6,12
S01011823,Whole house or bungalow: Semi-detached,112,65,39,26,47,34,13
S01011823,Whole house or bungalow: Terraced (including end-terrace),66,31,12,19,35,27,8
S01011823,Flat maisonette or apartment or mobile/temporary accommodation,7,1,0,1,6,3,3
S01011824,All households,316,167,79,88,149,111,38
S01011824,Whole house or bungalow: Total,309,167,79,88,142,107,35
S01011824,Whole house or bungalow: Detached,54,49,34,15,5,4,1
S01011824,Whole house or bungalow: Semi-detached,118,44,23,21,74,57,17
S01011824,Whole house or bungalow: Terraced (including end-terrace),137,74,22,52,63,46,17
S01011824,Flat maisonette or apartment or mobile/temporary accommodation,7,0,0,0,7,4,3
S01011825,All households,275,171,93,78,104,41,63
S01011825,Whole house or bungalow: Total,231,161,90,71,70,24,46
S01011825,Whole house or bungalow: Detached,80,60,37,23,20,3,17
S01011825,Whole house or bungalow: Semi-detached,135,92,48,44,43,17,26
S01011825,Whole house or bungalow: Terraced (including end-terrace),16,9,5,4,7,4,3
S01011825,Flat maisonette or apartment or mobile/temporary accommodation,44,10,3,7,34,17,17
S01011826,All households,320,190,107,83,130,64,66
S01011826,Whole house or bungalow: Total,256,174,101,73,82,43,39
S01011826,Whole house or bungalow: Detached,118,104,66,38,14,3,11
S01011826,Whole house or bungalow: Semi-detached,103,46,24,22,57,39,18
S01011826,Whole house or bungalow: Terraced (including end-terrace),35,24,11,13,11,1,10
S01011826,Flat maisonette or apartment or mobile/temporary accommodation,64,16,6,10,48,21,27
S01011827,All households,289,194,165,29,95,54,41
S01011827,Whole house or bungalow: Total,280,191,163,28,89,51,38
S01011827,Whole house or bungalow: Detached,203,169,148,21,34,3,31
S01011827,Whole house or bungalow: Semi-detached,67,20,14,6,47,43,4
S01011827,Whole house or bungalow: Terraced (including end-terrace),10,2,1,1,8,5,3
S01011827,Flat maisonette or apartment or mobile/temporary accommodation,9,3,2,1,6,3,3
S01011828,All households,411,334,231,103,77,23,54
S01011828,Whole house or bungalow: Total,395,325,224,101,70,20,50
S01011828,Whole house or bungalow: Detached,315,274,187,87,41,4,37
S01011828,Whole house or bungalow: Semi-detached,61,41,28,13,20,11,9
S01011828,Whole house or bungalow: Terraced (including end-terrace),19,10,9,1,9,5,4
S01011828,Flat maisonette or apartment or mobile/temporary accommodation,16,9,7,2,7,3,4
S01011829,All households,195,153,89,64,42,16,26
S01011829,Whole house or bungalow: Total,191,153,89,64,38,16,22
S01011829,Whole house or bungalow: Detached,161,139,83,56,22,3,19
S01011829,Whole house or bungalow: Semi-detached,28,13,5,8,15,12,3
S01011829,Whole house or bungalow: Terraced (including end-terrace),2,1,1,0,1,1,0
S01011829,Flat maisonette or apartment or mobile/temporary accommodation,4,0,0,0,4,0,4
S01011830,All households,279,211,155,56,68,34,34
S01011830,Whole house or bungalow: Total,277,210,154,56,67,34,33
S01011830,Whole house or bungalow: Detached,220,189,138,51,31,2,29
S01011830,Whole house or bungalow: Semi-detached,47,16,13,3,31,28,3
S01011830,Whole house or bungalow: Terraced (including end-terrace),10,5,3,2,5,4,1
S01011830,Flat maisonette or apartment or mobile/temporary accommodation,2,1,1,0,1,0,1
S01011831,All households,425,333,272,61,92,25,67
S01011831,Whole house or bungalow: Total,416,324,266,58,92,25,67
S01011831,Whole house or bungalow: Detached,356,294,241,53,62,6,56
S01011831,Whole house or bungalow: Semi-detached,57,27,24,3,30,19,11
S01011831,Whole house or bungalow: Terraced (including end-terrace),3,3,1,2,0,0,0
S01011831,Flat maisonette or apartment or mobile/temporary accommodation,9,9,6,3,0,0,0
S01011832,All households,405,279,222,57,126,52,74
S01011832,Whole house or bungalow: Total,385,273,216,57,112,41,71
S01011832,Whole house or bungalow: Detached,305,247,200,47,58,4,54
S01011832,Whole house or bungalow: Semi-detached,74,24,14,10,50,34,16
S01011832,Whole house or bungalow: Terraced (including end-terrace),6,2,2,0,4,3,1
S01011832,Flat maisonette or apartment or mobile/temporary accommodation,20,6,6,0,14,11,3
S01011833,All households,360,317,155,162,43,13,30
S01011833,Whole house or bungalow: Total,351,317,155,162,34,10,24
S01011833,Whole house or bungalow: Detached,300,277,143,134,23,1,22
S01011833,Whole house or bungalow: Semi-detached,47,37,12,25,10,8,2
S01011833,Whole house or bungalow: Terraced (including end-terrace),4,3,0,3,1,1,0
S01011833,Flat maisonette or apartment or mobile/temporary accommodation,9,0,0,0,9,3,6
S01011834,All households,180,157,66,91,23,8,15
S01011834,Whole house or bungalow: Total,173,151,65,86,22,8,14
S01011834,Whole house or bungalow: Detached,142,130,60,70,12,0,12
S01011834,Whole house or bungalow: Semi-detached,20,13,4,9,7,6,1
S01011834,Whole house or bungalow: Terraced (including end-terrace),11,8,1,7,3,2,1
S01011834,Flat maisonette or apartment or mobile/temporary accommodation,7,6,1,5,1,0,1
S01011835,All households,278,240,116,124,38,6,32
S01011835,Whole house or bungalow: Total,268,234,110,124,34,6,28
S01011835,Whole house or bungalow: Detached,212,192,91,101,20,0,20
S01011835,Whole house or bungalow: Semi-detached,39,28,11,17,11,6,5
S01011835,Whole house or bungalow: Terraced (including end-terrace),17,14,8,6,3,0,3
S01011835,Flat maisonette or apartment or mobile/temporary accommodation,10,6,6,0,4,0,4
S01011836,All households,332,302,180,122,30,13,17
S01011836,Whole house or bungalow: Total,318,295,177,118,23,8,15
S01011836,Whole house or bungalow: Detached,253,245,152,93,8,0,8
S01011836,Whole house or bungalow: Semi-detached,52,39,21,18,13,6,7
S01011836,Whole house or bungalow: Terraced (including end-terrace),13,11,4,7,2,2,0
S01011836,Flat maisonette or apartment or mobile/temporary accommodation,14,7,3,4,7,5,2
S01011837,All households,255,214,107,107,41,7,34
S01011837,Whole house or bungalow: Total,242,206,106,100,36,7,29
S01011837,Whole house or bungalow: Detached,190,170,94,76,20,1,19
S01011837,Whole house or bungalow: Semi-detached,37,25,8,17,12,4,8
S01011837,Whole house or bungalow: Terraced (including end-terrace),15,11,4,7,4,2,2
S01011837,Flat maisonette or apartment or mobile/temporary accommodation,13,8,1,7,5,0,5
S01011838,All households,327,301,164,137,26,6,20
S01011838,Whole house or bungalow: Total,306,289,157,132,17,3,14
S01011838,Whole house or bungalow: Detached,240,230,129,101,10,0,10
S01011838,Whole house or bungalow: Semi-detached,57,53,27,26,4,1,3
S01011838,Whole house or bungalow: Terraced (including end-terrace),9,6,1,5,3,2,1
S01011838,Flat maisonette or apartment or mobile/temporary accommodation,21,12,7,5,9,3,6
S01011839,All households,444,380,202,178,64,8,56
S01011839,Whole house or bungalow: Total,426,371,199,172,55,5,50
S01011839,Whole house or bungalow: Detached,213,206,119,87,7,0,7
S01011839,Whole house or bungalow: Semi-detached,171,143,70,73,28,3,25
S01011839,Whole house or bungalow: Terraced (including end-terrace),42,22,10,12,20,2,18
S01011839,Flat maisonette or apartment or mobile/temporary accommodation,18,9,3,6,9,3,6
S01011840,All households,406,319,148,171,87,51,36
S01011840,Whole house or bungalow: Total,395,317,146,171,78,43,35
S01011840,Whole house or bungalow: Detached,160,147,76,71,13,3,10
S01011840,Whole house or bungalow: Semi-detached,176,135,56,79,41,21,20
S01011840,Whole house or bungalow: Terraced (including end-terrace),59,35,14,21,24,19,5
S01011840,Flat maisonette or apartment or mobile/temporary accommodation,11,2,2,0,9,8,1
S01011841,All households,415,271,119,152,144,95,49
S01011841,Whole house or bungalow: Total,313,244,105,139,69,32,37
S01011841,Whole house or bungalow: Detached,147,135,57,78,12,1,11
S01011841,Whole house or bungalow: Semi-detached,102,69,32,37,33,20,13
S01011841,Whole house or bungalow: Terraced (including end-terrace),64,40,16,24,24,11,13
S01011841,Flat maisonette or apartment or mobile/temporary accommodation,102,27,14,13,75,63,12
S01011842,All households,462,283,126,157,179,142,37
S01011842,Whole house or bungalow: Total,366,253,112,141,113,90,23
S01011842,Whole house or bungalow: Detached,85,68,35,33,17,8,9
S01011842,Whole house or bungalow: Semi-detached,144,111,52,59,33,23,10
S01011842,Whole house or bungalow: Terraced (including end-terrace),137,74,25,49,63,59,4
S01011842,Flat maisonette or apartment or mobile/temporary accommodation,96,30,14,16,66,52,14
S01011843,All households,415,348,216,132,67,21,46
S01011843,Whole house or bungalow: Total,390,332,202,130,58,17,41
S01011843,Whole house or bungalow: Detached,323,286,174,112,37,0,37
S01011843,Whole house or bungalow: Semi-detached,59,42,26,16,17,13,4
S01011843,Whole house or bungalow: Terraced (including end-terrace),8,4,2,2,4,4,0
S01011843,Flat maisonette or apartment or mobile/temporary accommodation,25,16,14,2,9,4,5
S01011844,All households,295,248,133,115,47,13,34
S01011844,Whole house or bungalow: Total,269,236,131,105,33,5,28
S01011844,Whole house or bungalow: Detached,218,198,115,83,20,0,20
S01011844,Whole house or bungalow: Semi-detached,23,17,8,9,6,1,5
S01011844,Whole house or bungalow: Terraced (including end-terrace),28,21,8,13,7,4,3
S01011844,Flat maisonette or apartment or mobile/temporary accommodation,26,12,2,10,14,8,6
S01011845,All households,382,255,118,137,127,80,47
S01011845,Whole house or bungalow: Total,342,236,115,121,106,66,40
S01011845,Whole house or bungalow: Detached,135,115,68,47,20,6,14
S01011845,Whole house or bungalow: Semi-detached,111,66,29,37,45,31,14
S01011845,Whole house or bungalow: Terraced (including end-terrace),96,55,18,37,41,29,12
S01011845,Flat maisonette or apartment or mobile/temporary accommodation,40,19,3,16,21,14,7
S01011846,All households,385,285,159,126,100,41,59
S01011846,Whole house or bungalow: Total,332,267,153,114,65,19,46
S01011846,Whole house or bungalow: Detached,194,164,96,68,30,1,29
S01011846,Whole house or bungalow: Semi-detached,92,65,35,30,27,15,12
S01011846,Whole house or bungalow: Terraced (including end-terrace),46,38,22,16,8,3,5
S01011846,Flat maisonette or apartment or mobile/temporary accommodation,53,18,6,12,35,22,13
S01011847,All households,178,156,77,79,22,2,20
S01011847,Whole house or bungalow: Total,175,154,75,79,21,2,19
S01011847,Whole house or bungalow: Detached,142,129,66,63,13,0,13
S01011847,Whole house or bungalow: Semi-detached,27,22,8,14,5,1,4
S01011847,Whole house or bungalow: Terraced (including end-terrace),6,3,1,2,3,1,2
S01011847,Flat maisonette or apartment or mobile/temporary accommodation,3,2,2,0,1,0,1
S01011848,All households,305,225,134,91,80,30,50
S01011848,Whole house or bungalow: Total,280,211,127,84,69,23,46
S01011848,Whole house or bungalow: Detached,196,158,100,58,38,1,37
S01011848,Whole house or bungalow: Semi-detached,56,30,17,13,26,19,7
S01011848,Whole house or bungalow: Terraced (including end-terrace),28,23,10,13,5,3,2
S01011848,Flat maisonette or apartment or mobile/temporary accommodation,25,14,7,7,11,7,4
S01011849,All households,352,253,106,147,99,45,54
S01011849,Whole house or bungalow: Total,299,228,97,131,71,34,37
S01011849,Whole house or bungalow: Detached,119,95,47,48,24,0,24
S01011849,Whole house or bungalow: Semi-detached,136,107,40,67,29,21,8
S01011849,Whole house or bungalow: Terraced (including end-terrace),44,26,10,16,18,13,5
S01011849,Flat maisonette or apartment or mobile/temporary accommodation,53,25,9,16,28,11,17
S01011850,All households,314,223,128,95,91,6,85
S01011850,Whole house or bungalow: Total,250,190,108,82,60,0,60
S01011850,Whole house or bungalow: Detached,207,161,101,60,46,0,46
S01011850,Whole house or bungalow: Semi-detached,34,25,7,18,9,0,9
S01011850,Whole house or bungalow: Terraced (including end-terrace),9,4,0,4,5,0,5
S01011850,Flat maisonette or apartment or mobile/temporary accommodation,64,33,20,13,31,6,25
S01011851,All households,368,211,107,104,157,68,89
S01011851,Whole house or bungalow: Total,331,199,99,100,132,55,77
S01011851,Whole house or bungalow: Detached,129,79,44,35,50,1,49
S01011851,Whole house or bungalow: Semi-detached,136,77,39,38,59,40,19
S01011851,Whole house or bungalow: Terraced (including end-terrace),66,43,16,27,23,14,9
S01011851,Flat maisonette or apartment or mobile/temporary accommodation,37,12,8,4,25,13,12
S01011852,All households,460,259,116,143,201,132,69
S01011852,Whole house or bungalow: Total,328,239,109,130,89,42,47
S01011852,Whole house or bungalow: Detached,122,107,54,53,15,4,11
S01011852,Whole house or bungalow: Semi-detached,99,69,24,45,30,14,16
S01011852,Whole house or bungalow: Terraced (including end-terrace),107,63,31,32,44,24,20
S01011852,Flat maisonette or apartment or mobile/temporary accommodation,132,20,7,13,112,90,22
S01011853,All households,304,219,103,116,85,23,62
S01011853,Whole house or bungalow: Total,210,179,92,87,31,2,29
S01011853,Whole house or bungalow: Detached,134,118,62,56,16,0,16
S01011853,Whole house or bungalow: Semi-detached,50,42,16,26,8,2,6
S01011853,Whole house or bungalow: Terraced (including end-terrace),26,19,14,5,7,0,7
S01011853,Flat maisonette or apartment or mobile/temporary accommodation,94,40,11,29,54,21,33
S01011854,All households,356,263,176,87,93,39,54
S01011854,Whole house or bungalow: Total,306,241,164,77,65,29,36
S01011854,Whole house or bungalow: Detached,213,196,140,56,17,2,15
S01011854,Whole house or bungalow: Semi-detached,53,28,17,11,25,18,7
S01011854,Whole house or bungalow: Terraced (including end-terrace),40,17,7,10,23,9,14
S01011854,Flat maisonette or apartment or mobile/temporary accommodation,50,22,12,10,28,10,18
S01011855,All households,364,213,92,121,151,125,26
S01011855,Whole house or bungalow: Total,325,202,90,112,123,103,20
S01011855,Whole house or bungalow: Detached,59,51,24,27,8,4,4
S01011855,Whole house or bungalow: Semi-detached,124,70,36,34,54,45,9
S01011855,Whole house or bungalow: Terraced (including end-terrace),142,81,30,51,61,54,7
S01011855,Flat maisonette or apartment or mobile/temporary accommodation,39,11,2,9,28,22,6
S01011856,All households,309,290,182,108,19,2,17
S01011856,Whole house or bungalow: Total,306,289,182,107,17,2,15
S01011856,Whole house or bungalow: Detached,292,280,180,100,12,0,12
S01011856,Whole house or bungalow: Semi-detached,11,7,2,5,4,1,3
S01011856,Whole house or bungalow: Terraced (including end-terrace),3,2,0,2,1,1,0
S01011856,Flat maisonette or apartment or mobile/temporary accommodation,3,1,0,1,2,0,2
S01011857,All households,301,175,107,68,126,36,90
S01011857,Whole house or bungalow: Total,292,173,106,67,119,34,85
S01011857,Whole house or bungalow: Detached,180,126,79,47,54,0,54
S01011857,Whole house or bungalow: Semi-detached,74,32,19,13,42,15,27
S01011857,Whole house or bungalow: Terraced (including end-terrace),38,15,8,7,23,19,4
S01011857,Flat maisonette or apartment or mobile/temporary accommodation,9,2,1,1,7,2,5
S01011858,All households,403,329,237,92,74,31,43
S01011858,Whole house or bungalow: Total,391,323,233,90,68,28,40
S01011858,Whole house or bungalow: Detached,279,255,186,69,24,1,23
S01011858,Whole house or bungalow: Semi-detached,76,49,32,17,27,20,7
S01011858,Whole house or bungalow: Terraced (including end-terrace),36,19,15,4,17,7,10
S01011858,Flat maisonette or apartment or mobile/temporary accommodation,12,6,4,2,6,3,3
S01011859,All households,446,279,193,86,167,129,38
S01011859,Whole house or bungalow: Total,409,271,190,81,138,105,33
S01011859,Whole house or bungalow: Detached,221,190,140,50,31,9,22
S01011859,Whole house or bungalow: Semi-detached,145,65,43,22,80,70,10
S01011859,Whole house or bungalow: Terraced (including end-terrace),43,16,7,9,27,26,1
S01011859,Flat maisonette or apartment or mobile/temporary accommodation,37,8,3,5,29,24,5
S01011860,All households,206,100,64,36,106,3,103
S01011860,Whole house or bungalow: Total,199,99,64,35,100,1,99
S01011860,Whole house or bungalow: Detached,153,77,51,26,76,0,76
S01011860,Whole house or bungalow: Semi-detached,35,13,6,7,22,0,22
S01011860,Whole house or bungalow: Terraced (including end-terrace),11,9,7,2,2,1,1
S01011860,Flat maisonette or apartment or mobile/temporary accommodation,7,1,0,1,6,2,4
S01011861,All households,343,231,155,76,112,8,104
S01011861,Whole house or bungalow: Total,283,207,140,67,76,4,72
S01011861,Whole house or bungalow: Detached,188,145,99,46,43,0,43
S01011861,Whole house or bungalow: Semi-detached,60,34,27,7,26,3,23
S01011861,Whole house or bungalow: Terraced (including end-terrace),35,28,14,14,7,1,6
S01011861,Flat maisonette or apartment or mobile/temporary accommodation,60,24,15,9,36,4,32
S01011862,All households,425,370,243,127,55,25,30
S01011862,Whole house or bungalow: Total,333,310,194,116,23,2,21
S01011862,Whole house or bungalow: Detached,283,270,175,95,13,0,13
S01011862,Whole house or bungalow: Semi-detached,43,34,17,17,9,2,7
S01011862,Whole house or bungalow: Terraced (including end-terrace),7,6,2,4,1,0,1
S01011862,Flat maisonette or apartment or mobile/temporary accommodation,92,60,49,11,32,23,9
S01011863,All households,328,237,139,98,91,44,47
S01011863,Whole house or bungalow: Total,207,183,108,75,24,6,18
S01011863,Whole house or bungalow: Detached,125,110,70,40,15,2,13
S01011863,Whole house or bungalow: Semi-detached,63,56,32,24,7,3,4
S01011863,Whole house or bungalow: Terraced (including end-terrace),19,17,6,11,2,1,1
S01011863,Flat maisonette or apartment or mobile/temporary accommodation,121,54,31,23,67,38,29
S01011864,All households,315,295,183,112,20,2,18
S01011864,Whole house or bungalow: Total,282,272,171,101,10,1,9
S01011864,Whole house or bungalow: Detached,177,173,118,55,4,0,4
S01011864,Whole house or bungalow: Semi-detached,81,77,47,30,4,0,4
S01011864,Whole house or bungalow: Terraced (including end-terrace),24,22,6,16,2,1,1
S01011864,Flat maisonette or apartment or mobile/temporary accommodation,33,23,12,11,10,1,9
S01011865,All households,291,207,123,84,84,48,36
S01011865,Whole house or bungalow: Total,221,181,105,76,40,13,27
S01011865,Whole house or bungalow: Detached,78,72,45,27,6,1,5
S01011865,Whole house or bungalow: Semi-detached,95,81,47,34,14,5,9
S01011865,Whole house or bungalow: Terraced (including end-terrace),48,28,13,15,20,7,13
S01011865,Flat maisonette or apartment or mobile/temporary accommodation,70,26,18,8,44,35,9
S01011866,All households,341,249,142,107,92,68,24
S01011866,Whole house or bungalow: Total,300,242,138,104,58,35,23
S01011866,Whole house or bungalow: Detached,198,179,106,73,19,4,15
S01011866,Whole house or bungalow: Semi-detached,61,33,17,16,28,20,8
S01011866,Whole house or bungalow: Terraced (including end-terrace),41,30,15,15,11,11,0
S01011866,Flat maisonette or apartment or mobile/temporary accommodation,41,7,4,3,34,33,1
S01011867,All households,444,214,74,140,230,195,35
S01011867,Whole house or bungalow: Total,297,190,65,125,107,81,26
S01011867,Whole house or bungalow: Detached,72,55,16,39,17,9,8
S01011867,Whole house or bungalow: Semi-detached,126,72,20,52,54,46,8
S01011867,Whole house or bungalow: Terraced (including end-terrace),99,63,29,34,36,26,10
S01011867,Flat maisonette or apartment or mobile/temporary accommodation,147,24,9,15,123,114,9
S01011868,All households,416,276,159,117,140,69,71
S01011868,Whole house or bungalow: Total,223,192,108,84,31,6,25
S01011868,Whole house or bungalow: Detached,96,85,54,31,11,0,11
S01011868,Whole house or bungalow: Semi-detached,60,48,21,27,12,4,8
S01011868,Whole house or bungalow: Terraced (including end-terrace),67,59,33,26,8,2,6
S01011868,Flat maisonette or apartment or mobile/temporary accommodation,193,84,51,33,109,63,46
S01011869,All households,409,245,130,115,164,30,134
S01011869,Whole house or bungalow: Total,160,135,74,61,25,1,24
S01011869,Whole house or bungalow: Detached,49,46,26,20,3,0,3
S01011869,Whole house or bungalow: Semi-detached,39,30,18,12,9,0,9
S01011869,Whole house or bungalow: Terraced (including end-terrace),72,59,30,29,13,1,12
S01011869,Flat maisonette or apartment or mobile/temporary accommodation,249,110,56,54,139,29,110
S01011870,All households,315,183,102,81,132,86,46
S01011870,Whole house or bungalow: Total,195,135,79,56,60,49,11
S01011870,Whole house or bungalow: Detached,81,71,48,23,10,5,5
S01011870,Whole house or bungalow: Semi-detached,69,43,21,22,26,23,3
S01011870,Whole house or bungalow: Terraced (including end-terrace),45,21,10,11,24,21,3
S01011870,Flat maisonette or apartment or mobile/temporary accommodation,120,48,23,25,72,37,35
S01011871,All households,438,261,131,130,177,55,122
S01011871,Whole house or bungalow: Total,415,255,129,126,160,48,112
S01011871,Whole house or bungalow: Detached,246,169,102,67,77,3,74
S01011871,Whole house or bungalow: Semi-detached,112,51,13,38,61,28,33
S01011871,Whole house or bungalow: Terraced (including end-terrace),57,35,14,21,22,17,5
S01011871,Flat maisonette or apartment or mobile/temporary accommodation,23,6,2,4,17,7,10
S01011872,All households,365,277,146,131,88,9,79
S01011872,Whole house or bungalow: Total,351,274,146,128,77,4,73
S01011872,Whole house or bungalow: Detached,299,243,133,110,56,0,56
S01011872,Whole house or bungalow: Semi-detached,32,14,6,8,18,2,16
S01011872,Whole house or bungalow: Terraced (including end-terrace),20,17,7,10,3,2,1
S01011872,Flat maisonette or apartment or mobile/temporary accommodation,14,3,0,3,11,5,6
S01011873,All households,339,221,103,118,118,4,114
S01011873,Whole house or bungalow: Total,297,200,100,100,97,2,95
S01011873,Whole house or bungalow: Detached,192,141,80,61,51,0,51
S01011873,Whole house or bungalow: Semi-detached,66,28,8,20,38,2,36
S01011873,Whole house or bungalow: Terraced (including end-terrace),39,31,12,19,8,0,8
S01011873,Flat maisonette or apartment or mobile/temporary accommodation,42,21,3,18,21,2,19
S01011874,All households,285,229,89,140,56,31,25
S01011874,Whole house or bungalow: Total,259,219,87,132,40,23,17
S01011874,Whole house or bungalow: Detached,134,124,57,67,10,3,7
S01011874,Whole house or bungalow: Semi-detached,76,64,22,42,12,10,2
S01011874,Whole house or bungalow: Terraced (including end-terrace),49,31,8,23,18,10,8
S01011874,Flat maisonette or apartment or mobile/temporary accommodation,26,10,2,8,16,8,8
S01011875,All households,322,218,113,105,104,63,41
S01011875,Whole house or bungalow: Total,281,199,109,90,82,54,28
S01011875,Whole house or bungalow: Detached,83,69,47,22,14,3,11
S01011875,Whole house or bungalow: Semi-detached,108,75,38,37,33,22,11
S01011875,Whole house or bungalow: Terraced (including end-terrace),90,55,24,31,35,29,6
S01011875,Flat maisonette or apartment or mobile/temporary accommodation,41,19,4,15,22,9,13
S01011876,All households,398,248,140,108,150,35,115
S01011876,Whole house or bungalow: Total,375,239,137,102,136,32,104
S01011876,Whole house or bungalow: Detached,208,138,85,53,70,3,67
S01011876,Whole house or bungalow: Semi-detached,104,58,28,30,46,21,25
S01011876,Whole house or bungalow: Terraced (including end-terrace),63,43,24,19,20,8,12
S01011876,Flat maisonette or apartment or mobile/temporary accommodation,23,9,3,6,14,3,11
S01011877,All households,262,181,105,76,81,25,56
S01011877,Whole house or bungalow: Total,221,161,99,62,60,20,40
S01011877,Whole house or bungalow: Detached,85,73,45,28,12,1,11
S01011877,Whole house or bungalow: Semi-detached,95,68,42,26,27,13,14
S01011877,Whole house or bungalow: Terraced (including end-terrace),41,20,12,8,21,6,15
S01011877,Flat maisonette or apartment or mobile/temporary accommodation,41,20,6,14,21,5,16
S01011878,All households,379,244,141,103,135,21,114
S01011878,Whole house or bungalow: Total,356,236,138,98,120,14,106
S01011878,Whole house or bungalow: Detached,252,180,109,71,72,0,72
S01011878,Whole house or bungalow: Semi-detached,88,49,26,23,39,11,28
S01011878,Whole house or bungalow: Terraced (including end-terrace),16,7,3,4,9,3,6
S01011878,Flat maisonette or apartment or mobile/temporary accommodation,23,8,3,5,15,7,8
S01011879,All households,218,198,102,96,20,3,17
S01011879,Whole house or bungalow: Total,205,191,100,91,14,2,12
S01011879,Whole house or bungalow: Detached,152,144,84,60,8,0,8
S01011879,Whole house or bungalow: Semi-detached,43,40,13,27,3,0,3
S01011879,Whole house or bungalow: Terraced (including end-terrace),10,7,3,4,3,2,1
S01011879,Flat maisonette or apartment or mobile/temporary accommodation,13,7,2,5,6,1,5
S01011880,All households,241,187,104,83,54,22,32
S01011880,Whole house or bungalow: Total,235,183,102,81,52,21,31
S01011880,Whole house or bungalow: Detached,155,139,82,57,16,1,15
S01011880,Whole house or bungalow: Semi-detached,63,36,17,19,27,12,15
S01011880,Whole house or bungalow: Terraced (including end-terrace),17,8,3,5,9,8,1
S01011880,Flat maisonette or apartment or mobile/temporary accommodation,6,4,2,2,2,1,1
S01011881,All households,371,258,120,138,113,52,61
S01011881,Whole house or bungalow: Total,249,188,85,103,61,39,22
S01011881,Whole house or bungalow: Detached,97,84,39,45,13,4,9
S01011881,Whole house or bungalow: Semi-detached,116,85,42,43,31,24,7
S01011881,Whole house or bungalow: Terraced (including end-terrace),36,19,4,15,17,11,6
S01011881,Flat maisonette or apartment or mobile/temporary accommodation,122,70,35,35,52,13,39
S01011882,All households,450,300,151,149,150,124,26
S01011882,Whole house or bungalow: Total,378,292,149,143,86,66,20
S01011882,Whole house or bungalow: Detached,79,73,46,27,6,2,4
S01011882,Whole house or bungalow: Semi-detached,220,164,84,80,56,42,14
S01011882,Whole house or bungalow: Terraced (including end-terrace),79,55,19,36,24,22,2
S01011882,Flat maisonette or apartment or mobile/temporary accommodation,72,8,2,6,64,58,6
S01011883,All households,439,354,168,186,85,32,53
S01011883,Whole house or bungalow: Total,412,333,167,166,79,30,49
S01011883,Whole house or bungalow: Detached,265,230,125,105,35,2,33
S01011883,Whole house or bungalow: Semi-detached,92,71,27,44,21,10,11
S01011883,Whole house or bungalow: Terraced (including end-terrace),55,32,15,17,23,18,5
S01011883,Flat maisonette or apartment or mobile/temporary accommodation,27,21,1,20,6,2,4
S01011884,All households,169,133,72,61,36,2,34
S01011884,Whole house or bungalow: Total,166,130,71,59,36,2,34
S01011884,Whole house or bungalow: Detached,118,99,60,39,19,0,19
S01011884,Whole house or bungalow: Semi-detached,30,19,7,12,11,2,9
S01011884,Whole house or bungalow: Terraced (including end-terrace),18,12,4,8,6,0,6
S01011884,Flat maisonette or apartment or mobile/temporary accommodation,3,3,1,2,0,0,0
S01011885,All households,270,236,91,145,34,10,24
S01011885,Whole house or bungalow: Total,255,228,87,141,27,5,22
S01011885,Whole house or bungalow: Detached,160,148,68,80,12,2,10
S01011885,Whole house or bungalow: Semi-detached,74,61,15,46,13,3,10
S01011885,Whole house or bungalow: Terraced (including end-terrace),21,19,4,15,2,0,2
S01011885,Flat maisonette or apartment or mobile/temporary accommodation,15,8,4,4,7,5,2
S01011886,All households,368,290,139,151,78,50,28
S01011886,Whole house or bungalow: Total,343,289,138,151,54,35,19
S01011886,Whole house or bungalow: Detached,223,210,115,95,13,1,12
S01011886,Whole house or bungalow: Semi-detached,69,50,19,31,19,14,5
S01011886,Whole house or bungalow: Terraced (including end-terrace),51,29,4,25,22,20,2
S01011886,Flat maisonette or apartment or mobile/temporary accommodation,25,1,1,0,24,15,9
S01011887,All households,230,170,81,89,60,44,16
S01011887,Whole house or bungalow: Total,202,153,75,78,49,35,14
S01011887,Whole house or bungalow: Detached,32,28,18,10,4,0,4
S01011887,Whole house or bungalow: Semi-detached,156,115,53,62,41,34,7
S01011887,Whole house or bungalow: Terraced (including end-terrace),14,10,4,6,4,1,3
S01011887,Flat maisonette or apartment or mobile/temporary accommodation,28,17,6,11,11,9,2
S01011888,All households,369,213,89,124,156,129,27
S01011888,Whole house or bungalow: Total,264,179,72,107,85,71,14
S01011888,Whole house or bungalow: Detached,27,20,12,8,7,5,2
S01011888,Whole house or bungalow: Semi-detached,211,148,55,93,63,53,10
S01011888,Whole house or bungalow: Terraced (including end-terrace),26,11,5,6,15,13,2
S01011888,Flat maisonette or apartment or mobile/temporary accommodation,105,34,17,17,71,58,13
S01011889,All households,430,337,194,143,93,50,43
S01011889,Whole house or bungalow: Total,257,236,127,109,21,11,10
S01011889,Whole house or bungalow: Detached,83,79,49,30,4,1,3
S01011889,Whole house or bungalow: Semi-detached,144,131,62,69,13,6,7
S01011889,Whole house or bungalow: Terraced (including end-terrace),30,26,16,10,4,4,0
S01011889,Flat maisonette or apartment or mobile/temporary accommodation,173,101,67,34,72,39,33
S01011890,All households,300,228,101,127,72,26,46
S01011890,Whole house or bungalow: Total,225,190,88,102,35,21,14
S01011890,Whole house or bungalow: Detached,41,36,21,15,5,0,5
S01011890,Whole house or bungalow: Semi-detached,159,139,57,82,20,12,8
S01011890,Whole house or bungalow: Terraced (including end-terrace),25,15,10,5,10,9,1
S01011890,Flat maisonette or apartment or mobile/temporary accommodation,75,38,13,25,37,5,32
S01011891,All households,378,152,61,91,226,156,70
S01011891,Whole house or bungalow: Total,118,80,38,42,38,18,20
S01011891,Whole house or bungalow: Detached,8,7,5,2,1,0,1
S01011891,Whole house or bungalow: Semi-detached,62,46,24,22,16,7,9
S01011891,Whole house or bungalow: Terraced (including end-terrace),48,27,9,18,21,11,10
S01011891,Flat maisonette or apartment or mobile/temporary accommodation,260,72,23,49,188,138,50
S01011892,All households,503,343,117,226,160,6,154
S01011892,Whole house or bungalow: Total,177,158,58,100,19,3,16
S01011892,Whole house or bungalow: Detached,27,24,11,13,3,0,3
S01011892,Whole house or bungalow: Semi-detached,83,74,32,42,9,2,7
S01011892,Whole house or bungalow: Terraced (including end-terrace),67,60,15,45,7,1,6
S01011892,Flat maisonette or apartment or mobile/temporary accommodation,326,185,59,126,141,3,138
S01011893,All households,500,287,141,146,213,87,126
S01011893,Whole house or bungalow: Total,177,149,82,67,28,6,22
S01011893,Whole house or bungalow: Detached,47,44,27,17,3,0,3
S01011893,Whole house or bungalow: Semi-detached,114,98,52,46,16,4,12
S01011893,Whole house or bungalow: Terraced (including end-terrace),16,7,3,4,9,2,7
S01011893,Flat maisonette or apartment or mobile/temporary accommodation,323,138,59,79,185,81,104
S01011894,All households,291,188,99,89,103,43,60
S01011894,Whole house or bungalow: Total,185,136,77,59,49,36,13
S01011894,Whole house or bungalow: Detached,62,54,33,21,8,4,4
S01011894,Whole house or bungalow: Semi-detached,104,76,42,34,28,21,7
S01011894,Whole house or bungalow: Terraced (including end-terrace),19,6,2,4,13,11,2
S01011894,Flat maisonette or apartment or mobile/temporary accommodation,106,52,22,30,54,7,47
S01011895,All households,305,266,169,97,39,3,36
S01011895,Whole house or bungalow: Total,229,213,137,76,16,2,14
S01011895,Whole house or bungalow: Detached,131,127,89,38,4,1,3
S01011895,Whole house or bungalow: Semi-detached,68,62,35,27,6,0,6
S01011895,Whole house or bungalow: Terraced (including end-terrace),30,24,13,11,6,1,5
S01011895,Flat maisonette or apartment or mobile/temporary accommodation,76,53,32,21,23,1,22
S01011896,All households,421,329,175,154,92,35,57
S01011896,Whole house or bungalow: Total,266,237,130,107,29,10,19
S01011896,Whole house or bungalow: Detached,48,46,34,12,2,0,2
S01011896,Whole house or bungalow: Semi-detached,197,175,87,88,22,7,15
S01011896,Whole house or bungalow: Terraced (including end-terrace),21,16,9,7,5,3,2
S01011896,Flat maisonette or apartment or mobile/temporary accommodation,155,92,45,47,63,25,38
S01011897,All households,436,366,201,165,70,38,32
S01011897,Whole house or bungalow: Total,354,309,165,144,45,24,21
S01011897,Whole house or bungalow: Detached,88,79,56,23,9,1,8
S01011897,Whole house or bungalow: Semi-detached,236,211,100,111,25,14,11
S01011897,Whole house or bungalow: Terraced (including end-terrace),30,19,9,10,11,9,2
S01011897,Flat maisonette or apartment or mobile/temporary accommodation,82,57,36,21,25,14,11
S01011898,All households,246,221,98,123,25,0,25
S01011898,Whole house or bungalow: Total,218,209,91,118,9,0,9
S01011898,Whole house or bungalow: Detached,162,157,67,90,5,0,5
S01011898,Whole house or bungalow: Semi-detached,44,41,17,24,3,0,3
S01011898,Whole house or bungalow: Terraced (including end-terrace),12,11,7,4,1,0,1
S01011898,Flat maisonette or apartment or mobile/temporary accommodation,28,12,7,5,16,0,16
S01011899,All households,352,326,197,129,26,2,24
S01011899,Whole house or bungalow: Total,340,319,194,125,21,1,20
S01011899,Whole house or bungalow: Detached,222,212,135,77,10,1,9
S01011899,Whole house or bungalow: Semi-detached,103,92,51,41,11,0,11
S01011899,Whole house or bungalow: Terraced (including end-terrace),15,15,8,7,0,0,0
S01011899,Flat maisonette or apartment or mobile/temporary accommodation,12,7,3,4,5,1,4
S01011900,All households,293,282,144,138,11,1,10
S01011900,Whole house or bungalow: Total,288,280,143,137,8,0,8
S01011900,Whole house or bungalow: Detached,218,213,113,100,5,0,5
S01011900,Whole house or bungalow: Semi-detached,66,63,29,34,3,0,3
S01011900,Whole house or bungalow: Terraced (including end-terrace),4,4,1,3,0,0,0
S01011900,Flat maisonette or apartment or mobile/temporary accommodation,5,2,1,1,3,1,2
S01011901,All households,397,312,167,145,85,15,70
S01011901,Whole house or bungalow: Total,280,258,136,122,22,5,17
S01011901,Whole house or bungalow: Detached,184,181,96,85,3,1,2
S01011901,Whole house or bungalow: Semi-detached,81,67,37,30,14,3,11
S01011901,Whole house or bungalow: Terraced (including end-terrace),15,10,3,7,5,1,4
S01011901,Flat maisonette or apartment or mobile/temporary accommodation,117,54,31,23,63,10,53
S01011902,All households,465,423,249,174,42,14,28
S01011902,Whole house or bungalow: Total,454,420,248,172,34,13,21
S01011902,Whole house or bungalow: Detached,336,322,195,127,14,1,13
S01011902,Whole house or bungalow: Semi-detached,100,90,51,39,10,3,7
S01011902,Whole house or bungalow: Terraced (including end-terrace),18,8,2,6,10,9,1
S01011902,Flat maisonette or apartment or mobile/temporary accommodation,11,3,1,2,8,1,7
S01011903,All households,352,331,207,124,21,2,19
S01011903,Whole house or bungalow: Total,339,320,202,118,19,1,18
S01011903,Whole house or bungalow: Detached,239,234,158,76,5,0,5
S01011903,Whole house or bungalow: Semi-detached,93,83,42,41,10,1,9
S01011903,Whole house or bungalow: Terraced (including end-terrace),7,3,2,1,4,0,4
S01011903,Flat maisonette or apartment or mobile/temporary accommodation,13,11,5,6,2,1,1
S01011904,All households,324,304,157,147,20,4,16
S01011904,Whole house or bungalow: Total,303,289,150,139,14,2,12
S01011904,Whole house or bungalow: Detached,196,190,100,90,6,2,4
S01011904,Whole house or bungalow: Semi-detached,93,87,47,40,6,0,6
S01011904,Whole house or bungalow: Terraced (including end-terrace),14,12,3,9,2,0,2
S01011904,Flat maisonette or apartment or mobile/temporary accommodation,21,15,7,8,6,2,4
S01011905,All households,280,260,118,142,20,5,15
S01011905,Whole house or bungalow: Total,268,255,115,140,13,4,9
S01011905,Whole house or bungalow: Detached,239,236,111,125,3,0,3
S01011905,Whole house or bungalow: Semi-detached,19,14,3,11,5,0,5
S01011905,Whole house or bungalow: Terraced (including end-terrace),10,5,1,4,5,4,1
S01011905,Flat maisonette or apartment or mobile/temporary accommodation,12,5,3,2,7,1,6
S01011906,All households,201,185,92,93,16,2,14
S01011906,Whole house or bungalow: Total,189,178,88,90,11,0,11
S01011906,Whole house or bungalow: Detached,106,102,64,38,4,0,4
S01011906,Whole house or bungalow: Semi-detached,54,49,16,33,5,0,5
S01011906,Whole house or bungalow: Terraced (including end-terrace),29,27,8,19,2,0,2
S01011906,Flat maisonette or apartment or mobile/temporary accommodation,12,7,4,3,5,2,3
S01011907,All households,338,279,116,163,59,17,42
S01011907,Whole house or bungalow: Total,312,265,112,153,47,14,33
S01011907,Whole house or bungalow: Detached,131,125,72,53,6,1,5
S01011907,Whole house or bungalow: Semi-detached,130,104,32,72,26,4,22
S01011907,Whole house or bungalow: Terraced (including end-terrace),51,36,8,28,15,9,6
S01011907,Flat maisonette or apartment or mobile/temporary accommodation,26,14,4,10,12,3,9
S01011908,All households,147,122,37,85,25,6,19
S01011908,Whole house or bungalow: Total,134,113,32,81,21,4,17
S01011908,Whole house or bungalow: Detached,56,53,17,36,3,0,3
S01011908,Whole house or bungalow: Semi-detached,54,44,12,32,10,3,7
S01011908,Whole house or bungalow: Terraced (including end-terrace),24,16,3,13,8,1,7
S01011908,Flat maisonette or apartment or mobile/temporary accommodation,13,9,5,4,4,2,2
S01011909,All households,404,344,38,306,60,13,47
S01011909,Whole house or bungalow: Total,350,310,37,273,40,5,35
S01011909,Whole house or bungalow: Detached,108,99,11,88,9,1,8
S01011909,Whole house or bungalow: Semi-detached,224,196,23,173,28,3,25
S01011909,Whole house or bungalow: Terraced (including end-terrace),18,15,3,12,3,1,2
S01011909,Flat maisonette or apartment or mobile/temporary accommodation,54,34,1,33,20,8,12
S01011910,All households,464,159,62,97,305,271,34
S01011910,Whole house or bungalow: Total,131,66,32,34,65,53,12
S01011910,Whole house or bungalow: Detached,9,5,4,1,4,4,0
S01011910,Whole house or bungalow: Semi-detached,35,13,5,8,22,16,6
S01011910,Whole house or bungalow: Terraced (including end-terrace),87,48,23,25,39,33,6
S01011910,Flat maisonette or apartment or mobile/temporary accommodation,333,93,30,63,240,218,22
S01011911,All households,285,172,72,100,113,97,16
S01011911,Whole house or bungalow: Total,255,166,69,97,89,76,13
S01011911,Whole house or bungalow: Detached,7,3,1,2,4,4,0
S01011911,Whole house or bungalow: Semi-detached,52,28,10,18,24,21,3
S01011911,Whole house or bungalow: Terraced (including end-terrace),196,135,58,77,61,51,10
S01011911,Flat maisonette or apartment or mobile/temporary accommodation,30,6,3,3,24,21,3
S01011912,All households,327,169,62,107,158,129,29
S01011912,Whole house or bungalow: Total,192,113,50,63,79,62,17
S01011912,Whole house or bungalow: Detached,9,3,2,1,6,2,4
S01011912,Whole house or bungalow: Semi-detached,92,51,22,29,41,36,5
S01011912,Whole house or bungalow: Terraced (including end-terrace),91,59,26,33,32,24,8
S01011912,Flat maisonette or apartment or mobile/temporary accommodation,135,56,12,44,79,67,12
S01011913,All households,365,144,44,100,221,200,21
S01011913,Whole house or bungalow: Total,130,94,34,60,36,25,11
S01011913,Whole house or bungalow: Detached,44,41,17,24,3,1,2
S01011913,Whole house or bungalow: Semi-detached,38,27,7,20,11,7,4
S01011913,Whole house or bungalow: Terraced (including end-terrace),48,26,10,16,22,17,5
S01011913,Flat maisonette or apartment or mobile/temporary accommodation,235,50,10,40,185,175,10
S01011914,All households,360,132,37,95,228,193,35
S01011914,Whole house or bungalow: Total,69,39,17,22,30,20,10
S01011914,Whole house or bungalow: Detached,8,6,4,2,2,1,1
S01011914,Whole house or bungalow: Semi-detached,46,26,11,15,20,13,7
S01011914,Whole house or bungalow: Terraced (including end-terrace),15,7,2,5,8,6,2
S01011914,Flat maisonette or apartment or mobile/temporary accommodation,291,93,20,73,198,173,25
S01011915,All households,337,183,72,111,154,134,20
S01011915,Whole house or bungalow: Total,244,147,58,89,97,85,12
S01011915,Whole house or bungalow: Detached,12,5,1,4,7,4,3
S01011915,Whole house or bungalow: Semi-detached,119,79,37,42,40,34,6
S01011915,Whole house or bungalow: Terraced (including end-terrace),113,63,20,43,50,47,3
S01011915,Flat maisonette or apartment or mobile/temporary accommodation,93,36,14,22,57,49,8
S01011916,All households,232,107,44,63,125,106,19
S01011916,Whole house or bungalow: Total,166,73,31,42,93,81,12
S01011916,Whole house or bungalow: Detached,9,8,4,4,1,1,0
S01011916,Whole house or bungalow: Semi-detached,80,35,10,25,45,35,10
S01011916,Whole house or bungalow: Terraced (including end-terrace),77,30,17,13,47,45,2
S01011916,Flat maisonette or apartment or mobile/temporary accommodation,66,34,13,21,32,25,7
S01011917,All households,232,150,67,83,82,61,21
S01011917,Whole house or bungalow: Total,131,98,51,47,33,22,11
S01011917,Whole house or bungalow: Detached,8,6,4,2,2,0,2
S01011917,Whole house or bungalow: Semi-detached,25,16,6,10,9,9,0
S01011917,Whole house or bungalow: Terraced (including end-terrace),98,76,41,35,22,13,9
S01011917,Flat maisonette or apartment or mobile/temporary accommodation,101,52,16,36,49,39,10
S01011918,All households,368,72,23,49,296,266,30
S01011918,Whole house or bungalow: Total,83,49,15,34,34,27,7
S01011918,Whole house or bungalow: Detached,17,11,3,8,6,4,2
S01011918,Whole house or bungalow: Semi-detached,41,29,9,20,12,8,4
S01011918,Whole house or bungalow: Terraced (including end-terrace),25,9,3,6,16,15,1
S01011918,Flat maisonette or apartment or mobile/temporary accommodation,285,23,8,15,262,239,23
S01011919,All households,390,182,63,119,208,149,59
S01011919,Whole house or bungalow: Total,165,94,51,43,71,63,8
S01011919,Whole house or bungalow: Detached,37,31,21,10,6,4,2
S01011919,Whole house or bungalow: Semi-detached,58,37,19,18,21,17,4
S01011919,Whole house or bungalow: Terraced (including end-terrace),70,26,11,15,44,42,2
S01011919,Flat maisonette or apartment or mobile/temporary accommodation,225,88,12,76,137,86,51
S01011920,All households,291,161,63,98,130,106,24
S01011920,Whole house or bungalow: Total,200,141,59,82,59,47,12
S01011920,Whole house or bungalow: Detached,9,6,2,4,3,3,0
S01011920,Whole house or bungalow: Semi-detached,59,39,16,23,20,17,3
S01011920,Whole house or bungalow: Terraced (including end-terrace),132,96,41,55,36,27,9
S01011920,Flat maisonette or apartment or mobile/temporary accommodation,91,20,4,16,71,59,12
S01011921,All households,285,124,44,80,161,141,20
S01011921,Whole house or bungalow: Total,147,97,34,63,50,41,9
S01011921,Whole house or bungalow: Detached,27,21,10,11,6,5,1
S01011921,Whole house or bungalow: Semi-detached,28,19,8,11,9,8,1
S01011921,Whole house or bungalow: Terraced (including end-terrace),92,57,16,41,35,28,7
S01011921,Flat maisonette or apartment or mobile/temporary accommodation,138,27,10,17,111,100,11
S01011922,All households,356,159,54,105,197,170,27
S01011922,Whole house or bungalow: Total,200,123,46,77,77,59,18
S01011922,Whole house or bungalow: Detached,6,4,0,4,2,1,1
S01011922,Whole house or bungalow: Semi-detached,30,10,4,6,20,16,4
S01011922,Whole house or bungalow: Terraced (including end-terrace),164,109,42,67,55,42,13
S01011922,Flat maisonette or apartment or mobile/temporary accommodation,156,36,8,28,120,111,9
S01011923,All households,383,148,44,104,235,208,27
S01011923,Whole house or bungalow: Total,204,115,40,75,89,73,16
S01011923,Whole house or bungalow: Detached,15,10,3,7,5,3,2
S01011923,Whole house or bungalow: Semi-detached,84,38,14,24,46,39,7
S01011923,Whole house or bungalow: Terraced (including end-terrace),105,67,23,44,38,31,7
S01011923,Flat maisonette or apartment or mobile/temporary accommodation,179,33,4,29,146,135,11
S01011924,All households,206,106,44,62,100,83,17
S01011924,Whole house or bungalow: Total,124,93,40,53,31,24,7
S01011924,Whole house or bungalow: Detached,1,0,0,0,1,0,1
S01011924,Whole house or bungalow: Semi-detached,20,15,6,9,5,4,1
S01011924,Whole house or bungalow: Terraced (including end-terrace),103,78,34,44,25,20,5
S01011924,Flat maisonette or apartment or mobile/temporary accommodation,82,13,4,9,69,59,10
S01011925,All households,264,231,32,199,33,20,13
S01011925,Whole house or bungalow: Total,216,199,30,169,17,8,9
S01011925,Whole house or bungalow: Detached,160,155,26,129,5,0,5
S01011925,Whole house or bungalow: Semi-detached,27,22,2,20,5,3,2
S01011925,Whole house or bungalow: Terraced (including end-terrace),29,22,2,20,7,5,2
S01011925,Flat maisonette or apartment or mobile/temporary accommodation,48,32,2,30,16,12,4
S01011926,All households,298,173,61,112,125,95,30
S01011926,Whole house or bungalow: Total,207,145,56,89,62,40,22
S01011926,Whole house or bungalow: Detached,14,9,5,4,5,1,4
S01011926,Whole house or bungalow: Semi-detached,23,11,7,4,12,8,4
S01011926,Whole house or bungalow: Terraced (including end-terrace),170,125,44,81,45,31,14
S01011926,Flat maisonette or apartment or mobile/temporary accommodation,91,28,5,23,63,55,8
S01011927,All households,285,154,55,99,131,114,17
S01011927,Whole house or bungalow: Total,208,135,51,84,73,61,12
S01011927,Whole house or bungalow: Detached,15,9,2,7,6,2,4
S01011927,Whole house or bungalow: Semi-detached,27,15,6,9,12,12,0
S01011927,Whole house or bungalow: Terraced (including end-terrace),166,111,43,68,55,47,8
S01011927,Flat maisonette or apartment or mobile/temporary accommodation,77,19,4,15,58,53,5
S01011928,All households,338,187,85,102,151,106,45
S01011928,Whole house or bungalow: Total,264,171,83,88,93,62,31
S01011928,Whole house or bungalow: Detached,27,18,11,7,9,1,8
S01011928,Whole house or bungalow: Semi-detached,49,22,12,10,27,18,9
S01011928,Whole house or bungalow: Terraced (including end-terrace),188,131,60,71,57,43,14
S01011928,Flat maisonette or apartment or mobile/temporary accommodation,74,16,2,14,58,44,14
S01011929,All households,319,182,70,112,137,118,19
S01011929,Whole house or bungalow: Total,248,152,65,87,96,88,8
S01011929,Whole house or bungalow: Detached,11,7,4,3,4,4,0
S01011929,Whole house or bungalow: Semi-detached,45,20,8,12,25,21,4
S01011929,Whole house or bungalow: Terraced (including end-terrace),192,125,53,72,67,63,4
S01011929,Flat maisonette or apartment or mobile/temporary accommodation,71,30,5,25,41,30,11
S01011930,All households,294,150,62,88,144,109,35
S01011930,Whole house or bungalow: Total,209,133,56,77,76,53,23
S01011930,Whole house or bungalow: Detached,18,11,3,8,7,3,4
S01011930,Whole house or bungalow: Semi-detached,21,11,2,9,10,9,1
S01011930,Whole house or bungalow: Terraced (including end-terrace),170,111,51,60,59,41,18
S01011930,Flat maisonette or apartment or mobile/temporary accommodation,85,17,6,11,68,56,12
S01011931,All households,250,61,16,45,189,161,28
S01011931,Whole house or bungalow: Total,169,42,8,34,127,113,14
S01011931,Whole house or bungalow: Detached,22,5,0,5,17,16,1
S01011931,Whole house or bungalow: Semi-detached,94,15,2,13,79,72,7
S01011931,Whole house or bungalow: Terraced (including end-terrace),53,22,6,16,31,25,6
S01011931,Flat maisonette or apartment or mobile/temporary accommodation,81,19,8,11,62,48,14
S01011932,All households,300,161,32,129,139,70,69
S01011932,Whole house or bungalow: Total,84,67,12,55,17,5,12
S01011932,Whole house or bungalow: Detached,5,3,2,1,2,1,1
S01011932,Whole house or bungalow: Semi-detached,43,33,6,27,10,3,7
S01011932,Whole house or bungalow: Terraced (including end-terrace),36,31,4,27,5,1,4
S01011932,Flat maisonette or apartment or mobile/temporary accommodation,216,94,20,74,122,65,57
S01011933,All households,344,143,58,85,201,101,100
S01011933,Whole house or bungalow: Total,90,74,39,35,16,9,7
S01011933,Whole house or bungalow: Detached,20,16,9,7,4,0,4
S01011933,Whole house or bungalow: Semi-detached,48,43,25,18,5,4,1
S01011933,Whole house or bungalow: Terraced (including end-terrace),22,15,5,10,7,5,2
S01011933,Flat maisonette or apartment or mobile/temporary accommodation,254,69,19,50,185,92,93
S01011934,All households,520,314,163,151,206,50,156
S01011934,Whole house or bungalow: Total,186,145,83,62,41,12,29
S01011934,Whole house or bungalow: Detached,61,54,42,12,7,0,7
S01011934,Whole house or bungalow: Semi-detached,95,75,39,36,20,4,16
S01011934,Whole house or bungalow: Terraced (including end-terrace),30,16,2,14,14,8,6
S01011934,Flat maisonette or apartment or mobile/temporary accommodation,334,169,80,89,165,38,127
S01011935,All households,459,173,89,84,286,86,200
S01011935,Whole house or bungalow: Total,55,48,31,17,7,1,6
S01011935,Whole house or bungalow: Detached,19,17,11,6,2,0,2
S01011935,Whole house or bungalow: Semi-detached,31,27,18,9,4,1,3
S01011935,Whole house or bungalow: Terraced (including end-terrace),5,4,2,2,1,0,1
S01011935,Flat maisonette or apartment or mobile/temporary accommodation,404,125,58,67,279,85,194
S01011936,All households,380,187,87,100,193,67,126
S01011936,Whole house or bungalow: Total,94,64,36,28,30,4,26
S01011936,Whole house or bungalow: Detached,14,9,6,3,5,1,4
S01011936,Whole house or bungalow: Semi-detached,54,44,26,18,10,3,7
S01011936,Whole house or bungalow: Terraced (including end-terrace),26,11,4,7,15,0,15
S01011936,Flat maisonette or apartment or mobile/temporary accommodation,286,123,51,72,163,63,100
S01011937,All households,408,124,35,89,284,140,144
S01011937,Whole house or bungalow: Total,16,13,5,8,3,2,1
S01011937,Whole house or bungalow: Detached,4,3,1,2,1,0,1
S01011937,Whole house or bungalow: Semi-detached,5,5,1,4,0,0,0
S01011937,Whole house or bungalow: Terraced (including end-terrace),7,5,3,2,2,2,0
S01011937,Flat maisonette or apartment or mobile/temporary accommodation,392,111,30,81,281,138,143
S01011938,All households,400,192,98,94,208,71,137
S01011938,Whole house or bungalow: Total,104,84,39,45,20,1,19
S01011938,Whole house or bungalow: Detached,20,19,11,8,1,0,1
S01011938,Whole house or bungalow: Semi-detached,63,49,19,30,14,0,14
S01011938,Whole house or bungalow: Terraced (including end-terrace),21,16,9,7,5,1,4
S01011938,Flat maisonette or apartment or mobile/temporary accommodation,296,108,59,49,188,70,118
S01011939,All households,446,146,55,91,300,145,155
S01011939,Whole house or bungalow: Total,47,34,15,19,13,3,10
S01011939,Whole house or bungalow: Detached,15,14,7,7,1,0,1
S01011939,Whole house or bungalow: Semi-detached,15,9,4,5,6,0,6
S01011939,Whole house or bungalow: Terraced (including end-terrace),17,11,4,7,6,3,3
S01011939,Flat maisonette or apartment or mobile/temporary accommodation,399,112,40,72,287,142,145
S01011940,All households,266,59,20,39,207,90,117
S01011940,Whole house or bungalow: Total,17,8,3,5,9,2,7
S01011940,Whole house or bungalow: Detached,7,4,2,2,3,0,3
S01011940,Whole house or bungalow: Semi-detached,4,2,1,1,2,1,1
S01011940,Whole house or bungalow: Terraced (including end-terrace),6,2,0,2,4,1,3
S01011940,Flat maisonette or apartment or mobile/temporary accommodation,249,51,17,34,198,88,110
S01011941,All households,441,114,40,74,327,50,277
S01011941,Whole house or bungalow: Total,6,4,1,3,2,0,2
S01011941,Whole house or bungalow: Detached,3,2,0,2,1,0,1
S01011941,Whole house or bungalow: Semi-detached,3,2,1,1,1,0,1
S01011941,Whole house or bungalow: Terraced (including end-terrace),0,0,0,0,0,0,0
S01011941,Flat maisonette or apartment or mobile/temporary accommodation,435,110,39,71,325,50,275
S01011942,All households,573,183,103,80,390,158,232
S01011942,Whole house or bungalow: Total,22,13,8,5,9,5,4
S01011942,Whole house or bungalow: Detached,4,2,1,1,2,1,1
S01011942,Whole house or bungalow: Semi-detached,7,3,1,2,4,2,2
S01011942,Whole house or bungalow: Terraced (including end-terrace),11,8,6,2,3,2,1
S01011942,Flat maisonette or apartment or mobile/temporary accommodation,551,170,95,75,381,153,228
S01011943,All households,715,188,71,117,527,265,262
S01011943,Whole house or bungalow: Total,30,12,6,6,18,6,12
S01011943,Whole house or bungalow: Detached,10,4,1,3,6,1,5
S01011943,Whole house or bungalow: Semi-detached,13,4,2,2,9,3,6
S01011943,Whole house or bungalow: Terraced (including end-terrace),7,4,3,1,3,2,1
S01011943,Flat maisonette or apartment or mobile/temporary accommodation,685,176,65,111,509,259,250
S01011944,All households,188,157,105,52,31,3,28
S01011944,Whole house or bungalow: Total,156,137,88,49,19,1,18
S01011944,Whole house or bungalow: Detached,119,110,75,35,9,0,9
S01011944,Whole house or bungalow: Semi-detached,30,24,10,14,6,0,6
S01011944,Whole house or bungalow: Terraced (including end-terrace),7,3,3,0,4,1,3
S01011944,Flat maisonette or apartment or mobile/temporary accommodation,32,20,17,3,12,2,10
S01011945,All households,313,291,198,93,22,5,17
S01011945,Whole house or bungalow: Total,302,282,192,90,20,5,15
S01011945,Whole house or bungalow: Detached,267,255,177,78,12,2,10
S01011945,Whole house or bungalow: Semi-detached,30,22,13,9,8,3,5
S01011945,Whole house or bungalow: Terraced (including end-terrace),5,5,2,3,0,0,0
S01011945,Flat maisonette or apartment or mobile/temporary accommodation,11,9,6,3,2,0,2
S01011946,All households,377,215,126,89,162,125,37
S01011946,Whole house or bungalow: Total,233,162,91,71,71,61,10
S01011946,Whole house or bungalow: Detached,68,62,41,21,6,4,2
S01011946,Whole house or bungalow: Semi-detached,74,35,20,15,39,37,2
S01011946,Whole house or bungalow: Terraced (including end-terrace),91,65,30,35,26,20,6
S01011946,Flat maisonette or apartment or mobile/temporary accommodation,144,53,35,18,91,64,27
S01011947,All households,214,28,12,16,186,41,145
S01011947,Whole house or bungalow: Total,209,25,10,15,184,41,143
S01011947,Whole house or bungalow: Detached,125,11,5,6,114,25,89
S01011947,Whole house or bungalow: Semi-detached,54,13,5,8,41,11,30
S01011947,Whole house or bungalow: Terraced (including end-terrace),30,1,0,1,29,5,24
S01011947,Flat maisonette or apartment or mobile/temporary accommodation,5,3,2,1,2,0,2
S01011948,All households,527,327,195,132,200,133,67
S01011948,Whole house or bungalow: Total,295,244,156,88,51,19,32
S01011948,Whole house or bungalow: Detached,96,70,50,20,26,8,18
S01011948,Whole house or bungalow: Semi-detached,171,150,95,55,21,7,14
S01011948,Whole house or bungalow: Terraced (including end-terrace),28,24,11,13,4,4,0
S01011948,Flat maisonette or apartment or mobile/temporary accommodation,232,83,39,44,149,114,35
S01011949,All households,392,366,276,90,26,7,19
S01011949,Whole house or bungalow: Total,386,362,273,89,24,5,19
S01011949,Whole house or bungalow: Detached,285,277,217,60,8,1,7
S01011949,Whole house or bungalow: Semi-detached,73,61,42,19,12,2,10
S01011949,Whole house or bungalow: Terraced (including end-terrace),28,24,14,10,4,2,2
S01011949,Flat maisonette or apartment or mobile/temporary accommodation,6,4,3,1,2,2,0
S01011950,All households,348,239,153,86,109,84,25
S01011950,Whole house or bungalow: Total,335,236,151,85,99,76,23
S01011950,Whole house or bungalow: Detached,116,108,71,37,8,3,5
S01011950,Whole house or bungalow: Semi-detached,108,79,52,27,29,21,8
S01011950,Whole house or bungalow: Terraced (including end-terrace),111,49,28,21,62,52,10
S01011950,Flat maisonette or apartment or mobile/temporary accommodation,13,3,2,1,10,8,2
S01011951,All households,306,226,124,102,80,34,46
S01011951,Whole house or bungalow: Total,222,188,113,75,34,12,22
S01011951,Whole house or bungalow: Detached,119,107,70,37,12,1,11
S01011951,Whole house or bungalow: Semi-detached,79,65,32,33,14,7,7
S01011951,Whole house or bungalow: Terraced (including end-terrace),24,16,11,5,8,4,4
S01011951,Flat maisonette or apartment or mobile/temporary accommodation,84,38,11,27,46,22,24
S01011952,All households,200,185,88,97,15,1,14
S01011952,Whole house or bungalow: Total,197,182,87,95,15,1,14
S01011952,Whole house or bungalow: Detached,148,145,80,65,3,0,3
S01011952,Whole house or bungalow: Semi-detached,41,33,6,27,8,1,7
S01011952,Whole house or bungalow: Terraced (including end-terrace),8,4,1,3,4,0,4
S01011952,Flat maisonette or apartment or mobile/temporary accommodation,3,3,1,2,0,0,0
S01011953,All households,325,281,156,125,44,6,38
S01011953,Whole house or bungalow: Total,282,249,140,109,33,3,30
S01011953,Whole house or bungalow: Detached,180,160,97,63,20,2,18
S01011953,Whole house or bungalow: Semi-detached,80,72,30,42,8,1,7
S01011953,Whole house or bungalow: Terraced (including end-terrace),22,17,13,4,5,0,5
S01011953,Flat maisonette or apartment or mobile/temporary accommodation,43,32,16,16,11,3,8
S01011954,All households,230,133,57,76,97,79,18
S01011954,Whole house or bungalow: Total,193,124,53,71,69,55,14
S01011954,Whole house or bungalow: Detached,37,26,14,12,11,7,4
S01011954,Whole house or bungalow: Semi-detached,112,67,26,41,45,37,8
S01011954,Whole house or bungalow: Terraced (including end-terrace),44,31,13,18,13,11,2
S01011954,Flat maisonette or apartment or mobile/temporary accommodation,37,9,4,5,28,24,4
S01011955,All households,467,304,161,143,163,94,69
S01011955,Whole house or bungalow: Total,346,255,139,116,91,60,31
S01011955,Whole house or bungalow: Detached,79,72,40,32,7,1,6
S01011955,Whole house or bungalow: Semi-detached,187,130,69,61,57,39,18
S01011955,Whole house or bungalow: Terraced (including end-terrace),80,53,30,23,27,20,7
S01011955,Flat maisonette or apartment or mobile/temporary accommodation,121,49,22,27,72,34,38
S01011956,All households,392,335,142,193,57,23,34
S01011956,Whole house or bungalow: Total,375,331,141,190,44,19,25
S01011956,Whole house or bungalow: Detached,225,210,79,131,15,2,13
S01011956,Whole house or bungalow: Semi-detached,91,75,40,35,16,5,11
S01011956,Whole house or bungalow: Terraced (including end-terrace),59,46,22,24,13,12,1
S01011956,Flat maisonette or apartment or mobile/temporary accommodation,17,4,1,3,13,4,9
S01011957,All households,325,187,101,86,138,28,110
S01011957,Whole house or bungalow: Total,284,177,95,82,107,21,86
S01011957,Whole house or bungalow: Detached,176,118,71,47,58,2,56
S01011957,Whole house or bungalow: Semi-detached,78,38,16,22,40,17,23
S01011957,Whole house or bungalow: Terraced (including end-terrace),30,21,8,13,9,2,7
S01011957,Flat maisonette or apartment or mobile/temporary accommodation,41,10,6,4,31,7,24
S01011958,All households,481,299,186,113,182,41,141
S01011958,Whole house or bungalow: Total,454,296,185,111,158,29,129
S01011958,Whole house or bungalow: Detached,281,209,135,74,72,1,71
S01011958,Whole house or bungalow: Semi-detached,104,58,37,21,46,15,31
S01011958,Whole house or bungalow: Terraced (including end-terrace),69,29,13,16,40,13,27
S01011958,Flat maisonette or apartment or mobile/temporary accommodation,27,3,1,2,24,12,12
S01011959,All households,365,260,144,116,105,27,78
S01011959,Whole house or bungalow: Total,353,254,140,114,99,24,75
S01011959,Whole house or bungalow: Detached,234,176,101,75,58,0,58
S01011959,Whole house or bungalow: Semi-detached,93,64,32,32,29,17,12
S01011959,Whole house or bungalow: Terraced (including end-terrace),26,14,7,7,12,7,5
S01011959,Flat maisonette or apartment or mobile/temporary accommodation,12,6,4,2,6,3,3
S01011960,All households,325,254,100,154,71,3,68
S01011960,Whole house or bungalow: Total,280,218,73,145,62,2,60
S01011960,Whole house or bungalow: Detached,191,169,59,110,22,0,22
S01011960,Whole house or bungalow: Semi-detached,68,42,11,31,26,1,25
S01011960,Whole house or bungalow: Terraced (including end-terrace),21,7,3,4,14,1,13
S01011960,Flat maisonette or apartment or mobile/temporary accommodation,45,36,27,9,9,1,8
S01011961,All households,311,240,87,153,71,39,32
S01011961,Whole house or bungalow: Total,284,219,77,142,65,37,28
S01011961,Whole house or bungalow: Detached,106,98,44,54,8,2,6
S01011961,Whole house or bungalow: Semi-detached,107,84,23,61,23,10,13
S01011961,Whole house or bungalow: Terraced (including end-terrace),71,37,10,27,34,25,9
S01011961,Flat maisonette or apartment or mobile/temporary accommodation,27,21,10,11,6,2,4
S01011962,All households,264,226,95,131,38,2,36
S01011962,Whole house or bungalow: Total,257,224,94,130,33,1,32
S01011962,Whole house or bungalow: Detached,205,186,80,106,19,0,19
S01011962,Whole house or bungalow: Semi-detached,43,32,12,20,11,1,10
S01011962,Whole house or bungalow: Terraced (including end-terrace),9,6,2,4,3,0,3
S01011962,Flat maisonette or apartment or mobile/temporary accommodation,7,2,1,1,5,1,4
S01011963,All households,231,163,52,111,68,61,7
S01011963,Whole house or bungalow: Total,201,158,49,109,43,37,6
S01011963,Whole house or bungalow: Detached,69,68,24,44,1,1,0
S01011963,Whole house or bungalow: Semi-detached,88,59,20,39,29,25,4
S01011963,Whole house or bungalow: Terraced (including end-terrace),44,31,5,26,13,11,2
S01011963,Flat maisonette or apartment or mobile/temporary accommodation,30,5,3,2,25,24,1
S01011964,All households,453,326,152,174,127,27,100
S01011964,Whole house or bungalow: Total,358,277,134,143,81,5,76
S01011964,Whole house or bungalow: Detached,195,153,85,68,42,0,42
S01011964,Whole house or bungalow: Semi-detached,102,77,39,38,25,1,24
S01011964,Whole house or bungalow: Terraced (including end-terrace),61,47,10,37,14,4,10
S01011964,Flat maisonette or apartment or mobile/temporary accommodation,95,49,18,31,46,22,24
S01011965,All households,381,304,181,123,77,54,23
S01011965,Whole house or bungalow: Total,326,274,165,109,52,36,16
S01011965,Whole house or bungalow: Detached,105,98,70,28,7,2,5
S01011965,Whole house or bungalow: Semi-detached,163,139,72,67,24,16,8
S01011965,Whole house or bungalow: Terraced (including end-terrace),58,37,23,14,21,18,3
S01011965,Flat maisonette or apartment or mobile/temporary accommodation,55,30,16,14,25,18,7
S01011966,All households,351,292,148,144,59,23,36
S01011966,Whole house or bungalow: Total,338,285,145,140,53,22,31
S01011966,Whole house or bungalow: Detached,177,165,86,79,12,1,11
S01011966,Whole house or bungalow: Semi-detached,110,81,48,33,29,16,13
S01011966,Whole house or bungalow: Terraced (including end-terrace),51,39,11,28,12,5,7
S01011966,Flat maisonette or apartment or mobile/temporary accommodation,13,7,3,4,6,1,5
S01011967,All households,420,308,165,143,112,31,81
S01011967,Whole house or bungalow: Total,394,303,162,141,91,15,76
S01011967,Whole house or bungalow: Detached,294,234,133,101,60,3,57
S01011967,Whole house or bungalow: Semi-detached,74,54,23,31,20,6,14
S01011967,Whole house or bungalow: Terraced (including end-terrace),26,15,6,9,11,6,5
S01011967,Flat maisonette or apartment or mobile/temporary accommodation,26,5,3,2,21,16,5
S01011968,All households,478,334,159,175,144,47,97
S01011968,Whole house or bungalow: Total,234,213,110,103,21,5,16
S01011968,Whole house or bungalow: Detached,99,95,51,44,4,1,3
S01011968,Whole house or bungalow: Semi-detached,101,89,49,40,12,2,10
S01011968,Whole house or bungalow: Terraced (including end-terrace),34,29,10,19,5,2,3
S01011968,Flat maisonette or apartment or mobile/temporary accommodation,244,121,49,72,123,42,81
S01011969,All households,480,309,158,151,171,114,57
S01011969,Whole house or bungalow: Total,391,270,145,125,121,82,39
S01011969,Whole house or bungalow: Detached,146,123,75,48,23,6,17
S01011969,Whole house or bungalow: Semi-detached,125,84,39,45,41,31,10
S01011969,Whole house or bungalow: Terraced (including end-terrace),120,63,31,32,57,45,12
S01011969,Flat maisonette or apartment or mobile/temporary accommodation,89,39,13,26,50,32,18
S01011970,All households,432,209,88,121,223,162,61
S01011970,Whole house or bungalow: Total,210,137,57,80,73,57,16
S01011970,Whole house or bungalow: Detached,38,28,14,14,10,3,7
S01011970,Whole house or bungalow: Semi-detached,86,49,21,28,37,29,8
S01011970,Whole house or bungalow: Terraced (including end-terrace),86,60,22,38,26,25,1
S01011970,Flat maisonette or apartment or mobile/temporary accommodation,222,72,31,41,150,105,45
S01011971,All households,243,200,107,93,43,14,29
S01011971,Whole house or bungalow: Total,235,194,105,89,41,14,27
S01011971,Whole house or bungalow: Detached,106,93,59,34,13,2,11
S01011971,Whole house or bungalow: Semi-detached,86,67,29,38,19,5,14
S01011971,Whole house or bungalow: Terraced (including end-terrace),43,34,17,17,9,7,2
S01011971,Flat maisonette or apartment or mobile/temporary accommodation,8,6,2,4,2,0,2
S01011972,All households,512,320,192,128,192,24,168
S01011972,Whole house or bungalow: Total,502,318,192,126,184,21,163
S01011972,Whole house or bungalow: Detached,349,234,146,88,115,3,112
S01011972,Whole house or bungalow: Semi-detached,124,69,37,32,55,12,43
S01011972,Whole house or bungalow: Terraced (including end-terrace),29,15,9,6,14,6,8
S01011972,Flat maisonette or apartment or mobile/temporary accommodation,10,2,0,2,8,3,5
S01011973,All households,272,199,103,96,73,34,39
S01011973,Whole house or bungalow: Total,257,193,102,91,64,27,37
S01011973,Whole house or bungalow: Detached,137,121,71,50,16,0,16
S01011973,Whole house or bungalow: Semi-detached,72,44,21,23,28,15,13
S01011973,Whole house or bungalow: Terraced (including end-terrace),48,28,10,18,20,12,8
S01011973,Flat maisonette or apartment or mobile/temporary accommodation,15,6,1,5,9,7,2
S01011974,All households,320,263,133,130,57,12,45
S01011974,Whole house or bungalow: Total,305,256,129,127,49,9,40
S01011974,Whole house or bungalow: Detached,197,174,93,81,23,1,22
S01011974,Whole house or bungalow: Semi-detached,82,59,25,34,23,7,16
S01011974,Whole house or bungalow: Terraced (including end-terrace),26,23,11,12,3,1,2
S01011974,Flat maisonette or apartment or mobile/temporary accommodation,15,7,4,3,8,3,5
S01011975,All households,199,140,78,62,59,19,40
S01011975,Whole house or bungalow: Total,189,135,75,60,54,17,37
S01011975,Whole house or bungalow: Detached,112,90,50,40,22,1,21
S01011975,Whole house or bungalow: Semi-detached,53,32,18,14,21,8,13
S01011975,Whole house or bungalow: Terraced (including end-terrace),24,13,7,6,11,8,3
S01011975,Flat maisonette or apartment or mobile/temporary accommodation,10,5,3,2,5,2,3
S01011976,All households,353,256,142,114,97,39,58
S01011976,Whole house or bungalow: Total,266,217,120,97,49,15,34
S01011976,Whole house or bungalow: Detached,154,134,74,60,20,2,18
S01011976,Whole house or bungalow: Semi-detached,65,50,26,24,15,9,6
S01011976,Whole house or bungalow: Terraced (including end-terrace),47,33,20,13,14,4,10
S01011976,Flat maisonette or apartment or mobile/temporary accommodation,87,39,22,17,48,24,24
S01011977,All households,508,292,159,133,216,130,86
S01011977,Whole house or bungalow: Total,436,277,152,125,159,92,67
S01011977,Whole house or bungalow: Detached,223,178,111,67,45,7,38
S01011977,Whole house or bungalow: Semi-detached,113,47,24,23,66,49,17
S01011977,Whole house or bungalow: Terraced (including end-terrace),100,52,17,35,48,36,12
S01011977,Flat maisonette or apartment or mobile/temporary accommodation,72,15,7,8,57,38,19
S01011978,All households,351,217,137,80,134,93,41
S01011978,Whole house or bungalow: Total,241,186,123,63,55,35,20
S01011978,Whole house or bungalow: Detached,79,69,47,22,10,1,9
S01011978,Whole house or bungalow: Semi-detached,84,68,51,17,16,11,5
S01011978,Whole house or bungalow: Terraced (including end-terrace),78,49,25,24,29,23,6
S01011978,Flat maisonette or apartment or mobile/temporary accommodation,110,31,14,17,79,58,21
S01011979,All households,397,306,152,154,91,26,65
S01011979,Whole house or bungalow: Total,381,301,150,151,80,22,58
S01011979,Whole house or bungalow: Detached,286,242,123,119,44,0,44
S01011979,Whole house or bungalow: Semi-detached,81,51,22,29,30,17,13
S01011979,Whole house or bungalow: Terraced (including end-terrace),14,8,5,3,6,5,1
S01011979,Flat maisonette or apartment or mobile/temporary accommodation,16,5,2,3,11,4,7
S01011980,All households,182,127,87,40,55,5,50
S01011980,Whole house or bungalow: Total,175,124,85,39,51,3,48
S01011980,Whole house or bungalow: Detached,138,106,75,31,32,1,31
S01011980,Whole house or bungalow: Semi-detached,26,9,6,3,17,1,16
S01011980,Whole house or bungalow: Terraced (including end-terrace),11,9,4,5,2,1,1
S01011980,Flat maisonette or apartment or mobile/temporary accommodation,7,3,2,1,4,2,2
S01011981,All households,396,196,122,74,200,32,168
S01011981,Whole house or bungalow: Total,373,191,119,72,182,30,152
S01011981,Whole house or bungalow: Detached,236,144,96,48,92,2,90
S01011981,Whole house or bungalow: Semi-detached,98,36,18,18,62,15,47
S01011981,Whole house or bungalow: Terraced (including end-terrace),39,11,5,6,28,13,15
S01011981,Flat maisonette or apartment or mobile/temporary accommodation,23,5,3,2,18,2,16
S01011982,All households,414,219,131,88,195,11,184
S01011982,Whole house or bungalow: Total,386,211,127,84,175,6,169
S01011982,Whole house or bungalow: Detached,330,188,115,73,142,1,141
S01011982,Whole house or bungalow: Semi-detached,51,21,12,9,30,3,27
S01011982,Whole house or bungalow: Terraced (including end-terrace),5,2,0,2,3,2,1
S01011982,Flat maisonette or apartment or mobile/temporary accommodation,28,8,4,4,20,5,15
S01011983,All households,351,208,150,58,143,46,97
S01011983,Whole house or bungalow: Total,338,206,148,58,132,44,88
S01011983,Whole house or bungalow: Detached,181,135,101,34,46,2,44
S01011983,Whole house or bungalow: Semi-detached,138,61,38,23,77,38,39
S01011983,Whole house or bungalow: Terraced (including end-terrace),19,10,9,1,9,4,5
S01011983,Flat maisonette or apartment or mobile/temporary accommodation,13,2,2,0,11,2,9
S01011984,All households,315,120,61,59,195,172,23
S01011984,Whole house or bungalow: Total,194,101,56,45,93,83,10
S01011984,Whole house or bungalow: Detached,58,51,33,18,7,5,2
S01011984,Whole house or bungalow: Semi-detached,40,12,5,7,28,27,1
S01011984,Whole house or bungalow: Terraced (including end-terrace),96,38,18,20,58,51,7
S01011984,Flat maisonette or apartment or mobile/temporary accommodation,121,19,5,14,102,89,13
S01011985,All households,293,230,124,106,63,13,50
S01011985,Whole house or bungalow: Total,227,197,114,83,30,10,20
S01011985,Whole house or bungalow: Detached,149,135,82,53,14,1,13
S01011985,Whole house or bungalow: Semi-detached,66,55,29,26,11,7,4
S01011985,Whole house or bungalow: Terraced (including end-terrace),12,7,3,4,5,2,3
S01011985,Flat maisonette or apartment or mobile/temporary accommodation,66,33,10,23,33,3,30
S01011986,All households,320,114,51,63,206,178,28
S01011986,Whole house or bungalow: Total,163,73,37,36,90,78,12
S01011986,Whole house or bungalow: Detached,33,25,10,15,8,5,3
S01011986,Whole house or bungalow: Semi-detached,44,16,8,8,28,23,5
S01011986,Whole house or bungalow: Terraced (including end-terrace),86,32,19,13,54,50,4
S01011986,Flat maisonette or apartment or mobile/temporary accommodation,157,41,14,27,116,100,16
S01011987,All households,403,257,128,129,146,108,38
S01011987,Whole house or bungalow: Total,365,248,125,123,117,86,31
S01011987,Whole house or bungalow: Detached,155,136,85,51,19,6,13
S01011987,Whole house or bungalow: Semi-detached,126,68,25,43,58,49,9
S01011987,Whole house or bungalow: Terraced (including end-terrace),84,44,15,29,40,31,9
S01011987,Flat maisonette or apartment or mobile/temporary accommodation,38,9,3,6,29,22,7
S01011988,All households,297,268,161,107,29,11,18
S01011988,Whole house or bungalow: Total,291,263,161,102,28,11,17
S01011988,Whole house or bungalow: Detached,195,186,118,68,9,0,9
S01011988,Whole house or bungalow: Semi-detached,89,72,43,29,17,9,8
S01011988,Whole house or bungalow: Terraced (including end-terrace),7,5,0,5,2,2,0
S01011988,Flat maisonette or apartment or mobile/temporary accommodation,6,5,0,5,1,0,1
S01011989,All households,379,307,157,150,72,36,36
S01011989,Whole house or bungalow: Total,359,298,153,145,61,33,28
S01011989,Whole house or bungalow: Detached,199,186,108,78,13,2,11
S01011989,Whole house or bungalow: Semi-detached,93,76,26,50,17,7,10
S01011989,Whole house or bungalow: Terraced (including end-terrace),67,36,19,17,31,24,7
S01011989,Flat maisonette or apartment or mobile/temporary accommodation,20,9,4,5,11,3,8
S01011990,All households,364,313,216,97,51,14,37
S01011990,Whole house or bungalow: Total,324,298,204,94,26,3,23
S01011990,Whole house or bungalow: Detached,199,187,137,50,12,1,11
S01011990,Whole house or bungalow: Semi-detached,115,105,67,38,10,1,9
S01011990,Whole house or bungalow: Terraced (including end-terrace),10,6,0,6,4,1,3
S01011990,Flat maisonette or apartment or mobile/temporary accommodation,40,15,12,3,25,11,14
S01011991,All households,298,220,117,103,78,55,23
S01011991,Whole house or bungalow: Total,283,213,114,99,70,48,22
S01011991,Whole house or bungalow: Detached,106,99,61,38,7,2,5
S01011991,Whole house or bungalow: Semi-detached,94,64,37,27,30,20,10
S01011991,Whole house or bungalow: Terraced (including end-terrace),83,50,16,34,33,26,7
S01011991,Flat maisonette or apartment or mobile/temporary accommodation,15,7,3,4,8,7,1
S01011992,All households,472,377,246,131,95,11,84
S01011992,Whole house or bungalow: Total,354,292,181,111,62,7,55
S01011992,Whole house or bungalow: Detached,220,190,123,67,30,3,27
S01011992,Whole house or bungalow: Semi-detached,72,58,35,23,14,2,12
S01011992,Whole house or bungalow: Terraced (including end-terrace),62,44,23,21,18,2,16
S01011992,Flat maisonette or apartment or mobile/temporary accommodation,118,85,65,20,33,4,29
S01011993,All households,460,176,85,91,284,150,134
S01011993,Whole house or bungalow: Total,142,92,45,47,50,30,20
S01011993,Whole house or bungalow: Detached,50,45,22,23,5,3,2
S01011993,Whole house or bungalow: Semi-detached,55,29,17,12,26,15,11
S01011993,Whole house or bungalow: Terraced (including end-terrace),37,18,6,12,19,12,7
S01011993,Flat maisonette or apartment or mobile/temporary accommodation,318,84,40,44,234,120,114
S01011994,All households,305,286,212,74,19,4,15
S01011994,Whole house or bungalow: Total,303,285,211,74,18,4,14
S01011994,Whole house or bungalow: Detached,280,267,204,63,13,0,13
S01011994,Whole house or bungalow: Semi-detached,19,15,6,9,4,3,1
S01011994,Whole house or bungalow: Terraced (including end-terrace),4,3,1,2,1,1,0
S01011994,Flat maisonette or apartment or mobile/temporary accommodation,2,1,1,0,1,0,1
S01011995,All households,324,235,120,115,89,8,81
S01011995,Whole house or bungalow: Total,320,234,120,114,86,7,79
S01011995,Whole house or bungalow: Detached,257,198,106,92,59,2,57
S01011995,Whole house or bungalow: Semi-detached,49,27,11,16,22,1,21
S01011995,Whole house or bungalow: Terraced (including end-terrace),14,9,3,6,5,4,1
S01011995,Flat maisonette or apartment or mobile/temporary accommodation,4,1,0,1,3,1,2
S01011996,All households,254,153,81,72,101,73,28
S01011996,Whole house or bungalow: Total,214,141,72,69,73,58,15
S01011996,Whole house or bungalow: Detached,87,74,33,41,13,4,9
S01011996,Whole house or bungalow: Semi-detached,74,39,23,16,35,32,3
S01011996,Whole house or bungalow: Terraced (including end-terrace),53,28,16,12,25,22,3
S01011996,Flat maisonette or apartment or mobile/temporary accommodation,40,12,9,3,28,15,13
S01011997,All households,422,260,121,139,162,102,60
S01011997,Whole house or bungalow: Total,268,198,100,98,70,47,23
S01011997,Whole house or bungalow: Detached,103,88,50,38,15,3,12
S01011997,Whole house or bungalow: Semi-detached,73,49,27,22,24,15,9
S01011997,Whole house or bungalow: Terraced (including end-terrace),92,61,23,38,31,29,2
S01011997,Flat maisonette or apartment or mobile/temporary accommodation,154,62,21,41,92,55,37
S01011998,All households,220,190,100,90,30,9,21
S01011998,Whole house or bungalow: Total,188,177,95,82,11,2,9
S01011998,Whole house or bungalow: Detached,155,151,83,68,4,0,4
S01011998,Whole house or bungalow: Semi-detached,29,24,11,13,5,1,4
S01011998,Whole house or bungalow: Terraced (including end-terrace),4,2,1,1,2,1,1
S01011998,Flat maisonette or apartment or mobile/temporary accommodation,32,13,5,8,19,7,12
S01011999,All households,291,153,74,79,138,22,116
S01011999,Whole house or bungalow: Total,273,151,73,78,122,21,101
S01011999,Whole house or bungalow: Detached,147,84,48,36,63,1,62
S01011999,Whole house or bungalow: Semi-detached,76,39,15,24,37,10,27
S01011999,Whole house or bungalow: Terraced (including end-terrace),50,28,10,18,22,10,12
S01011999,Flat maisonette or apartment or mobile/temporary accommodation,18,2,1,1,16,1,15
S01012000,All households,198,163,78,85,35,9,26
S01012000,Whole house or bungalow: Total,172,152,76,76,20,7,13
S01012000,Whole house or bungalow: Detached,99,91,49,42,8,0,8
S01012000,Whole house or bungalow: Semi-detached,62,53,27,26,9,5,4
S01012000,Whole house or bungalow: Terraced (including end-terrace),11,8,0,8,3,2,1
S01012000,Flat maisonette or apartment or mobile/temporary accommodation,26,11,2,9,15,2,13
S01012001,All households,296,206,90,116,90,61,29
S01012001,Whole house or bungalow: Total,273,190,88,102,83,60,23
S01012001,Whole house or bungalow: Detached,52,40,25,15,12,4,8
S01012001,Whole house or bungalow: Semi-detached,119,76,38,38,43,38,5
S01012001,Whole house or bungalow: Terraced (including end-terrace),102,74,25,49,28,18,10
S01012001,Flat maisonette or apartment or mobile/temporary accommodation,23,16,2,14,7,1,6
S01012002,All households,243,177,94,83,66,50,16
S01012002,Whole house or bungalow: Total,234,172,92,80,62,48,14
S01012002,Whole house or bungalow: Detached,106,100,63,37,6,3,3
S01012002,Whole house or bungalow: Semi-detached,84,44,20,24,40,33,7
S01012002,Whole house or bungalow: Terraced (including end-terrace),44,28,9,19,16,12,4
S01012002,Flat maisonette or apartment or mobile/temporary accommodation,9,5,2,3,4,2,2
S01012003,All households,241,157,83,74,84,35,49
S01012003,Whole house or bungalow: Total,200,143,78,65,57,26,31
S01012003,Whole house or bungalow: Detached,85,77,48,29,8,2,6
S01012003,Whole house or bungalow: Semi-detached,60,33,17,16,27,13,14
S01012003,Whole house or bungalow: Terraced (including end-terrace),55,33,13,20,22,11,11
S01012003,Flat maisonette or apartment or mobile/temporary accommodation,41,14,5,9,27,9,18
S01012004,All households,398,303,174,129,95,63,32
S01012004,Whole house or bungalow: Total,365,288,169,119,77,52,25
S01012004,Whole house or bungalow: Detached,189,175,118,57,14,2,12
S01012004,Whole house or bungalow: Semi-detached,112,80,38,42,32,24,8
S01012004,Whole house or bungalow: Terraced (including end-terrace),64,33,13,20,31,26,5
S01012004,Flat maisonette or apartment or mobile/temporary accommodation,33,15,5,10,18,11,7
S01012005,All households,334,295,120,175,39,26,13
S01012005,Whole house or bungalow: Total,307,271,113,158,36,25,11
S01012005,Whole house or bungalow: Detached,199,194,80,114,5,0,5
S01012005,Whole house or bungalow: Semi-detached,63,43,19,24,20,17,3
S01012005,Whole house or bungalow: Terraced (including end-terrace),45,34,14,20,11,8,3
S01012005,Flat maisonette or apartment or mobile/temporary accommodation,27,24,7,17,3,1,2
S01012006,All households,280,150,83,67,130,9,121
S01012006,Whole house or bungalow: Total,261,143,79,64,118,7,111
S01012006,Whole house or bungalow: Detached,188,124,71,53,64,1,63
S01012006,Whole house or bungalow: Semi-detached,54,13,7,6,41,3,38
S01012006,Whole house or bungalow: Terraced (including end-terrace),19,6,1,5,13,3,10
S01012006,Flat maisonette or apartment or mobile/temporary accommodation,19,7,4,3,12,2,10
S01012007,All households,374,233,142,91,141,71,70
S01012007,Whole house or bungalow: Total,292,201,123,78,91,37,54
S01012007,Whole house or bungalow: Detached,155,118,80,38,37,1,36
S01012007,Whole house or bungalow: Semi-detached,99,63,32,31,36,21,15
S01012007,Whole house or bungalow: Terraced (including end-terrace),38,20,11,9,18,15,3
S01012007,Flat maisonette or apartment or mobile/temporary accommodation,82,32,19,13,50,34,16
S01012008,All households,421,248,146,102,173,74,99
S01012008,Whole house or bungalow: Total,310,213,129,84,97,35,62
S01012008,Whole house or bungalow: Detached,201,157,97,60,44,0,44
S01012008,Whole house or bungalow: Semi-detached,53,34,18,16,19,8,11
S01012008,Whole house or bungalow: Terraced (including end-terrace),56,22,14,8,34,27,7
S01012008,Flat maisonette or apartment or mobile/temporary accommodation,111,35,17,18,76,39,37
S01012009,All households,300,154,91,63,146,56,90
S01012009,Whole house or bungalow: Total,281,149,90,59,132,47,85
S01012009,Whole house or bungalow: Detached,157,91,67,24,66,1,65
S01012009,Whole house or bungalow: Semi-detached,94,43,19,24,51,33,18
S01012009,Whole house or bungalow: Terraced (including end-terrace),30,15,4,11,15,13,2
S01012009,Flat maisonette or apartment or mobile/temporary accommodation,19,5,1,4,14,9,5
S01012010,All households,524,391,259,132,133,46,87
S01012010,Whole house or bungalow: Total,422,352,236,116,70,20,50
S01012010,Whole house or bungalow: Detached,261,235,170,65,26,1,25
S01012010,Whole house or bungalow: Semi-detached,141,106,62,44,35,16,19
S01012010,Whole house or bungalow: Terraced (including end-terrace),20,11,4,7,9,3,6
S01012010,Flat maisonette or apartment or mobile/temporary accommodation,102,39,23,16,63,26,37
S01012011,All households,537,298,195,103,239,158,81
S01012011,Whole house or bungalow: Total,351,246,163,83,105,69,36
S01012011,Whole house or bungalow: Detached,137,116,90,26,21,2,19
S01012011,Whole house or bungalow: Semi-detached,185,120,71,49,65,49,16
S01012011,Whole house or bungalow: Terraced (including end-terrace),29,10,2,8,19,18,1
S01012011,Flat maisonette or apartment or mobile/temporary accommodation,186,52,32,20,134,89,45
S01012012,All households,320,206,125,81,114,66,48
S01012012,Whole house or bungalow: Total,268,189,119,70,79,34,45
S01012012,Whole house or bungalow: Detached,168,135,87,48,33,4,29
S01012012,Whole house or bungalow: Semi-detached,61,38,22,16,23,13,10
S01012012,Whole house or bungalow: Terraced (including end-terrace),39,16,10,6,23,17,6
S01012012,Flat maisonette or apartment or mobile/temporary accommodation,52,17,6,11,35,32,3
S01012013,All households,357,215,140,75,142,38,104
S01012013,Whole house or bungalow: Total,327,209,137,72,118,23,95
S01012013,Whole house or bungalow: Detached,200,133,100,33,67,1,66
S01012013,Whole house or bungalow: Semi-detached,68,36,20,16,32,9,23
S01012013,Whole house or bungalow: Terraced (including end-terrace),59,40,17,23,19,13,6
S01012013,Flat maisonette or apartment or mobile/temporary accommodation,30,6,3,3,24,15,9
S01012014,All households,402,211,108,103,191,118,73
S01012014,Whole house or bungalow: Total,245,156,88,68,89,52,37
S01012014,Whole house or bungalow: Detached,78,65,36,29,13,3,10
S01012014,Whole house or bungalow: Semi-detached,92,66,39,27,26,13,13
S01012014,Whole house or bungalow: Terraced (including end-terrace),75,25,13,12,50,36,14
S01012014,Flat maisonette or apartment or mobile/temporary accommodation,157,55,20,35,102,66,36
S01012015,All households,420,270,162,108,150,90,60
S01012015,Whole house or bungalow: Total,353,245,151,94,108,63,45
S01012015,Whole house or bungalow: Detached,160,129,85,44,31,6,25
S01012015,Whole house or bungalow: Semi-detached,139,85,55,30,54,44,10
S01012015,Whole house or bungalow: Terraced (including end-terrace),54,31,11,20,23,13,10
S01012015,Flat maisonette or apartment or mobile/temporary accommodation,67,25,11,14,42,27,15
S01012016,All households,360,216,137,79,144,45,99
S01012016,Whole house or bungalow: Total,352,213,135,78,139,44,95
S01012016,Whole house or bungalow: Detached,199,131,91,40,68,4,64
S01012016,Whole house or bungalow: Semi-detached,124,71,38,33,53,27,26
S01012016,Whole house or bungalow: Terraced (including end-terrace),29,11,6,5,18,13,5
S01012016,Flat maisonette or apartment or mobile/temporary accommodation,8,3,2,1,5,1,4
S01012017,All households,221,148,100,48,73,10,63
S01012017,Whole house or bungalow: Total,216,146,99,47,70,9,61
S01012017,Whole house or bungalow: Detached,175,126,86,40,49,2,47
S01012017,Whole house or bungalow: Semi-detached,33,17,11,6,16,3,13
S01012017,Whole house or bungalow: Terraced (including end-terrace),8,3,2,1,5,4,1
S01012017,Flat maisonette or apartment or mobile/temporary accommodation,5,2,1,1,3,1,2
S01012018,All households,374,238,145,93,136,34,102
S01012018,Whole house or bungalow: Total,356,235,143,92,121,32,89
S01012018,Whole house or bungalow: Detached,230,172,114,58,58,0,58
S01012018,Whole house or bungalow: Semi-detached,71,36,17,19,35,22,13
S01012018,Whole house or bungalow: Terraced (including end-terrace),55,27,12,15,28,10,18
S01012018,Flat maisonette or apartment or mobile/temporary accommodation,18,3,2,1,15,2,13
S01012019,All households,371,297,109,188,74,25,49
S01012019,Whole house or bungalow: Total,225,208,74,134,17,6,11
S01012019,Whole house or bungalow: Detached,99,95,32,63,4,0,4
S01012019,Whole house or bungalow: Semi-detached,93,83,29,54,10,5,5
S01012019,Whole house or bungalow: Terraced (including end-terrace),33,30,13,17,3,1,2
S01012019,Flat maisonette or apartment or mobile/temporary accommodation,146,89,35,54,57,19,38
S01012020,All households,361,206,91,115,155,126,29
S01012020,Whole house or bungalow: Total,206,152,70,82,54,49,5
S01012020,Whole house or bungalow: Detached,84,81,35,46,3,0,3
S01012020,Whole house or bungalow: Semi-detached,40,28,14,14,12,11,1
S01012020,Whole house or bungalow: Terraced (including end-terrace),82,43,21,22,39,38,1
S01012020,Flat maisonette or apartment or mobile/temporary accommodation,155,54,21,33,101,77,24
S01012021,All households,225,187,87,100,38,33,5
S01012021,Whole house or bungalow: Total,197,170,79,91,27,25,2
S01012021,Whole house or bungalow: Detached,103,101,55,46,2,0,2
S01012021,Whole house or bungalow: Semi-detached,47,36,18,18,11,11,0
S01012021,Whole house or bungalow: Terraced (including end-terrace),47,33,6,27,14,14,0
S01012021,Flat maisonette or apartment or mobile/temporary accommodation,28,17,8,9,11,8,3
S01012022,All households,289,221,87,134,68,49,19
S01012022,Whole house or bungalow: Total,197,176,70,106,21,13,8
S01012022,Whole house or bungalow: Detached,36,35,14,21,1,0,1
S01012022,Whole house or bungalow: Semi-detached,95,89,31,58,6,4,2
S01012022,Whole house or bungalow: Terraced (including end-terrace),66,52,25,27,14,9,5
S01012022,Flat maisonette or apartment or mobile/temporary accommodation,92,45,17,28,47,36,11
S01012023,All households,228,197,99,98,31,5,26
S01012023,Whole house or bungalow: Total,202,176,88,88,26,5,21
S01012023,Whole house or bungalow: Detached,135,123,65,58,12,1,11
S01012023,Whole house or bungalow: Semi-detached,45,33,15,18,12,3,9
S01012023,Whole house or bungalow: Terraced (including end-terrace),22,20,8,12,2,1,1
S01012023,Flat maisonette or apartment or mobile/temporary accommodation,26,21,11,10,5,0,5
S01012024,All households,363,310,101,209,53,32,21
S01012024,Whole house or bungalow: Total,321,291,98,193,30,20,10
S01012024,Whole house or bungalow: Detached,137,134,42,92,3,0,3
S01012024,Whole house or bungalow: Semi-detached,119,108,43,65,11,4,7
S01012024,Whole house or bungalow: Terraced (including end-terrace),65,49,13,36,16,16,0
S01012024,Flat maisonette or apartment or mobile/temporary accommodation,42,19,3,16,23,12,11
S01012025,All households,288,225,68,157,63,52,11
S01012025,Whole house or bungalow: Total,235,194,63,131,41,33,8
S01012025,Whole house or bungalow: Detached,90,86,23,63,4,1,3
S01012025,Whole house or bungalow: Semi-detached,99,82,27,55,17,15,2
S01012025,Whole house or bungalow: Terraced (including end-terrace),46,26,13,13,20,17,3
S01012025,Flat maisonette or apartment or mobile/temporary accommodation,53,31,5,26,22,19,3
S01012026,All households,211,193,31,162,18,6,12
S01012026,Whole house or bungalow: Total,177,170,29,141,7,3,4
S01012026,Whole house or bungalow: Detached,143,139,14,125,4,0,4
S01012026,Whole house or bungalow: Semi-detached,24,23,11,12,1,1,0
S01012026,Whole house or bungalow: Terraced (including end-terrace),10,8,4,4,2,2,0
S01012026,Flat maisonette or apartment or mobile/temporary accommodation,34,23,2,21,11,3,8
S01012027,All households,311,268,96,172,43,19,24
S01012027,Whole house or bungalow: Total,293,265,94,171,28,9,19
S01012027,Whole house or bungalow: Detached,173,167,57,110,6,2,4
S01012027,Whole house or bungalow: Semi-detached,92,75,34,41,17,6,11
S01012027,Whole house or bungalow: Terraced (including end-terrace),28,23,3,20,5,1,4
S01012027,Flat maisonette or apartment or mobile/temporary accommodation,18,3,2,1,15,10,5
S01012028,All households,375,352,181,171,23,3,20
S01012028,Whole house or bungalow: Total,329,317,169,148,12,0,12
S01012028,Whole house or bungalow: Detached,255,249,134,115,6,0,6
S01012028,Whole house or bungalow: Semi-detached,62,59,33,26,3,0,3
S01012028,Whole house or bungalow: Terraced (including end-terrace),12,9,2,7,3,0,3
S01012028,Flat maisonette or apartment or mobile/temporary accommodation,46,35,12,23,11,3,8
S01012029,All households,418,301,116,185,117,22,95
S01012029,Whole house or bungalow: Total,292,211,94,117,81,14,67
S01012029,Whole house or bungalow: Detached,123,102,58,44,21,3,18
S01012029,Whole house or bungalow: Semi-detached,100,53,17,36,47,6,41
S01012029,Whole house or bungalow: Terraced (including end-terrace),69,56,19,37,13,5,8
S01012029,Flat maisonette or apartment or mobile/temporary accommodation,126,90,22,68,36,8,28
S01012030,All households,249,177,90,87,72,13,59
S01012030,Whole house or bungalow: Total,198,141,76,65,57,7,50
S01012030,Whole house or bungalow: Detached,134,109,63,46,25,1,24
S01012030,Whole house or bungalow: Semi-detached,43,23,10,13,20,3,17
S01012030,Whole house or bungalow: Terraced (including end-terrace),21,9,3,6,12,3,9
S01012030,Flat maisonette or apartment or mobile/temporary accommodation,51,36,14,22,15,6,9
S01012031,All households,231,215,125,90,16,6,10
S01012031,Whole house or bungalow: Total,224,213,124,89,11,3,8
S01012031,Whole house or bungalow: Detached,159,154,94,60,5,0,5
S01012031,Whole house or bungalow: Semi-detached,57,54,29,25,3,1,2
S01012031,Whole house or bungalow: Terraced (including end-terrace),8,5,1,4,3,2,1
S01012031,Flat maisonette or apartment or mobile/temporary accommodation,7,2,1,1,5,3,2
S01012032,All households,142,120,76,44,22,3,19
S01012032,Whole house or bungalow: Total,135,116,73,43,19,2,17
S01012032,Whole house or bungalow: Detached,113,101,64,37,12,0,12
S01012032,Whole house or bungalow: Semi-detached,18,11,6,5,7,2,5
S01012032,Whole house or bungalow: Terraced (including end-terrace),4,4,3,1,0,0,0
S01012032,Flat maisonette or apartment or mobile/temporary accommodation,7,4,3,1,3,1,2
S01012033,All households,373,289,140,149,84,60,24
S01012033,Whole house or bungalow: Total,287,257,128,129,30,16,14
S01012033,Whole house or bungalow: Detached,69,66,35,31,3,0,3
S01012033,Whole house or bungalow: Semi-detached,97,87,45,42,10,4,6
S01012033,Whole house or bungalow: Terraced (including end-terrace),121,104,48,56,17,12,5
S01012033,Flat maisonette or apartment or mobile/temporary accommodation,86,32,12,20,54,44,10
S01012034,All households,386,265,110,155,121,74,47
S01012034,Whole house or bungalow: Total,208,163,73,90,45,25,20
S01012034,Whole house or bungalow: Detached,61,55,25,30,6,0,6
S01012034,Whole house or bungalow: Semi-detached,52,41,17,24,11,8,3
S01012034,Whole house or bungalow: Terraced (including end-terrace),95,67,31,36,28,17,11
S01012034,Flat maisonette or apartment or mobile/temporary accommodation,178,102,37,65,76,49,27
S01012035,All households,431,330,156,174,101,67,34
S01012035,Whole house or bungalow: Total,247,222,116,106,25,14,11
S01012035,Whole house or bungalow: Detached,77,69,35,34,8,4,4
S01012035,Whole house or bungalow: Semi-detached,119,117,65,52,2,2,0
S01012035,Whole house or bungalow: Terraced (including end-terrace),51,36,16,20,15,8,7
S01012035,Flat maisonette or apartment or mobile/temporary accommodation,184,108,40,68,76,53,23
S01012036,All households,385,354,194,160,31,5,26
S01012036,Whole house or bungalow: Total,298,289,166,123,9,3,6
S01012036,Whole house or bungalow: Detached,99,99,70,29,0,0,0
S01012036,Whole house or bungalow: Semi-detached,155,152,80,72,3,1,2
S01012036,Whole house or bungalow: Terraced (including end-terrace),44,38,16,22,6,2,4
S01012036,Flat maisonette or apartment or mobile/temporary accommodation,87,65,28,37,22,2,20
S01012037,All households,438,248,82,166,190,152,38
S01012037,Whole house or bungalow: Total,276,194,69,125,82,65,17
S01012037,Whole house or bungalow: Detached,18,8,0,8,10,10,0
S01012037,Whole house or bungalow: Semi-detached,55,42,10,32,13,9,4
S01012037,Whole house or bungalow: Terraced (including end-terrace),203,144,59,85,59,46,13
S01012037,Flat maisonette or apartment or mobile/temporary accommodation,162,54,13,41,108,87,21
S01012038,All households,366,88,32,56,278,268,10
S01012038,Whole house or bungalow: Total,68,25,10,15,43,43,0
S01012038,Whole house or bungalow: Detached,9,4,3,1,5,5,0
S01012038,Whole house or bungalow: Semi-detached,23,10,2,8,13,13,0
S01012038,Whole house or bungalow: Terraced (including end-terrace),36,11,5,6,25,25,0
S01012038,Flat maisonette or apartment or mobile/temporary accommodation,298,63,22,41,235,225,10
S01012039,All households,413,274,114,160,139,123,16
S01012039,Whole house or bungalow: Total,388,269,113,156,119,105,14
S01012039,Whole house or bungalow: Detached,5,3,1,2,2,2,0
S01012039,Whole house or bungalow: Semi-detached,162,104,53,51,58,53,5
S01012039,Whole house or bungalow: Terraced (including end-terrace),221,162,59,103,59,50,9
S01012039,Flat maisonette or apartment or mobile/temporary accommodation,25,5,1,4,20,18,2
S01012040,All households,255,198,64,134,57,42,15
S01012040,Whole house or bungalow: Total,209,185,60,125,24,15,9
S01012040,Whole house or bungalow: Detached,126,118,27,91,8,2,6
S01012040,Whole house or bungalow: Semi-detached,36,34,16,18,2,2,0
S01012040,Whole house or bungalow: Terraced (including end-terrace),47,33,17,16,14,11,3
S01012040,Flat maisonette or apartment or mobile/temporary accommodation,46,13,4,9,33,27,6
S01012041,All households,382,261,107,154,121,82,39
S01012041,Whole house or bungalow: Total,283,222,96,126,61,43,18
S01012041,Whole house or bungalow: Detached,28,24,10,14,4,4,0
S01012041,Whole house or bungalow: Semi-detached,72,63,30,33,9,6,3
S01012041,Whole house or bungalow: Terraced (including end-terrace),183,135,56,79,48,33,15
S01012041,Flat maisonette or apartment or mobile/temporary accommodation,99,39,11,28,60,39,21
S01012042,All households,408,274,98,176,134,108,26
S01012042,Whole house or bungalow: Total,366,267,97,170,99,79,20
S01012042,Whole house or bungalow: Detached,8,5,1,4,3,1,2
S01012042,Whole house or bungalow: Semi-detached,108,84,36,48,24,20,4
S01012042,Whole house or bungalow: Terraced (including end-terrace),250,178,60,118,72,58,14
S01012042,Flat maisonette or apartment or mobile/temporary accommodation,42,7,1,6,35,29,6
S01012043,All households,380,168,61,107,212,175,37
S01012043,Whole house or bungalow: Total,165,106,41,65,59,47,12
S01012043,Whole house or bungalow: Detached,35,30,13,17,5,3,2
S01012043,Whole house or bungalow: Semi-detached,66,36,15,21,30,25,5
S01012043,Whole house or bungalow: Terraced (including end-terrace),64,40,13,27,24,19,5
S01012043,Flat maisonette or apartment or mobile/temporary accommodation,215,62,20,42,153,128,25
S01012044,All households,474,201,83,118,273,249,24
S01012044,Whole house or bungalow: Total,197,124,52,72,73,64,9
S01012044,Whole house or bungalow: Detached,19,18,9,9,1,1,0
S01012044,Whole house or bungalow: Semi-detached,136,97,40,57,39,33,6
S01012044,Whole house or bungalow: Terraced (including end-terrace),42,9,3,6,33,30,3
S01012044,Flat maisonette or apartment or mobile/temporary accommodation,277,77,31,46,200,185,15
S01012045,All households,583,256,92,164,327,202,125
S01012045,Whole house or bungalow: Total,126,111,48,63,15,8,7
S01012045,Whole house or bungalow: Detached,32,28,13,15,4,0,4
S01012045,Whole house or bungalow: Semi-detached,67,61,24,37,6,3,3
S01012045,Whole house or bungalow: Terraced (including end-terrace),27,22,11,11,5,5,0
S01012045,Flat maisonette or apartment or mobile/temporary accommodation,457,145,44,101,312,194,118
S01012046,All households,376,147,62,85,229,199,30
S01012046,Whole house or bungalow: Total,90,65,30,35,25,22,3
S01012046,Whole house or bungalow: Detached,11,6,3,3,5,4,1
S01012046,Whole house or bungalow: Semi-detached,35,26,12,14,9,9,0
S01012046,Whole house or bungalow: Terraced (including end-terrace),44,33,15,18,11,9,2
S01012046,Flat maisonette or apartment or mobile/temporary accommodation,286,82,32,50,204,177,27
S01012047,All households,548,208,83,125,340,289,51
S01012047,Whole house or bungalow: Total,109,89,40,49,20,16,4
S01012047,Whole house or bungalow: Detached,12,10,5,5,2,1,1
S01012047,Whole house or bungalow: Semi-detached,48,42,19,23,6,3,3
S01012047,Whole house or bungalow: Terraced (including end-terrace),49,37,16,21,12,12,0
S01012047,Flat maisonette or apartment or mobile/temporary accommodation,439,119,43,76,320,273,47
S01012048,All households,402,148,50,98,254,193,61
S01012048,Whole house or bungalow: Total,121,49,17,32,72,50,22
S01012048,Whole house or bungalow: Detached,11,7,2,5,4,1,3
S01012048,Whole house or bungalow: Semi-detached,35,14,5,9,21,16,5
S01012048,Whole house or bungalow: Terraced (including end-terrace),75,28,10,18,47,33,14
S01012048,Flat maisonette or apartment or mobile/temporary accommodation,281,99,33,66,182,143,39
S01012049,All households,347,242,90,152,105,70,35
S01012049,Whole house or bungalow: Total,192,180,71,109,12,2,10
S01012049,Whole house or bungalow: Detached,21,21,11,10,0,0,0
S01012049,Whole house or bungalow: Semi-detached,108,102,40,62,6,1,5
S01012049,Whole house or bungalow: Terraced (including end-terrace),63,57,20,37,6,1,5
S01012049,Flat maisonette or apartment or mobile/temporary accommodation,155,62,19,43,93,68,25
S01012050,All households,423,307,59,248,116,91,25
S01012050,Whole house or bungalow: Total,328,270,50,220,58,36,22
S01012050,Whole house or bungalow: Detached,55,49,11,38,6,0,6
S01012050,Whole house or bungalow: Semi-detached,226,189,32,157,37,24,13
S01012050,Whole house or bungalow: Terraced (including end-terrace),47,32,7,25,15,12,3
S01012050,Flat maisonette or apartment or mobile/temporary accommodation,95,37,9,28,58,55,3
S01012051,All households,255,155,64,91,100,75,25
S01012051,Whole house or bungalow: Total,108,103,44,59,5,3,2
S01012051,Whole house or bungalow: Detached,91,89,38,51,2,0,2
S01012051,Whole house or bungalow: Semi-detached,9,8,3,5,1,1,0
S01012051,Whole house or bungalow: Terraced (including end-terrace),8,6,3,3,2,2,0
S01012051,Flat maisonette or apartment or mobile/temporary accommodation,147,52,20,32,95,72,23
S01012052,All households,469,303,124,179,166,117,49
S01012052,Whole house or bungalow: Total,255,203,86,117,52,37,15
S01012052,Whole house or bungalow: Detached,12,10,5,5,2,1,1
S01012052,Whole house or bungalow: Semi-detached,115,96,41,55,19,15,4
S01012052,Whole house or bungalow: Terraced (including end-terrace),128,97,40,57,31,21,10
S01012052,Flat maisonette or apartment or mobile/temporary accommodation,214,100,38,62,114,80,34
S01012053,All households,461,220,84,136,241,218,23
S01012053,Whole house or bungalow: Total,273,198,79,119,75,62,13
S01012053,Whole house or bungalow: Detached,9,6,2,4,3,3,0
S01012053,Whole house or bungalow: Semi-detached,57,35,19,16,22,16,6
S01012053,Whole house or bungalow: Terraced (including end-terrace),207,157,58,99,50,43,7
S01012053,Flat maisonette or apartment or mobile/temporary accommodation,188,22,5,17,166,156,10
S01012054,All households,443,125,40,85,318,257,61
S01012054,Whole house or bungalow: Total,153,88,31,57,65,50,15
S01012054,Whole house or bungalow: Detached,0,0,0,0,0,0,0
S01012054,Whole house or bungalow: Semi-detached,31,19,5,14,12,7,5
S01012054,Whole house or bungalow: Terraced (including end-terrace),122,69,26,43,53,43,10
S01012054,Flat maisonette or apartment or mobile/temporary accommodation,290,37,9,28,253,207,46
S01012055,All households,463,238,93,145,225,178,47
S01012055,Whole house or bungalow: Total,332,214,88,126,118,80,38
S01012055,Whole house or bungalow: Detached,10,4,2,2,6,3,3
S01012055,Whole house or bungalow: Semi-detached,106,75,37,38,31,23,8
S01012055,Whole house or bungalow: Terraced (including end-terrace),216,135,49,86,81,54,27
S01012055,Flat maisonette or apartment or mobile/temporary accommodation,131,24,5,19,107,98,9
S01012056,All households,354,256,101,155,98,88,10
S01012056,Whole house or bungalow: Total,294,229,89,140,65,57,8
S01012056,Whole house or bungalow: Detached,53,48,17,31,5,2,3
S01012056,Whole house or bungalow: Semi-detached,180,148,59,89,32,29,3
S01012056,Whole house or bungalow: Terraced (including end-terrace),61,33,13,20,28,26,2
S01012056,Flat maisonette or apartment or mobile/temporary accommodation,60,27,12,15,33,31,2
S01012057,All households,316,294,159,135,22,4,18
S01012057,Whole house or bungalow: Total,291,284,157,127,7,0,7
S01012057,Whole house or bungalow: Detached,49,48,28,20,1,0,1
S01012057,Whole house or bungalow: Semi-detached,221,215,122,93,6,0,6
S01012057,Whole house or bungalow: Terraced (including end-terrace),21,21,7,14,0,0,0
S01012057,Flat maisonette or apartment or mobile/temporary accommodation,25,10,2,8,15,4,11
S01012058,All households,328,265,155,110,63,30,33
S01012058,Whole house or bungalow: Total,278,249,149,100,29,13,16
S01012058,Whole house or bungalow: Detached,75,73,50,23,2,0,2
S01012058,Whole house or bungalow: Semi-detached,130,120,77,43,10,5,5
S01012058,Whole house or bungalow: Terraced (including end-terrace),73,56,22,34,17,8,9
S01012058,Flat maisonette or apartment or mobile/temporary accommodation,50,16,6,10,34,17,17
S01012059,All households,412,258,96,162,154,125,29
S01012059,Whole house or bungalow: Total,303,227,90,137,76,57,19
S01012059,Whole house or bungalow: Detached,11,8,5,3,3,1,2
S01012059,Whole house or bungalow: Semi-detached,100,79,33,46,21,17,4
S01012059,Whole house or bungalow: Terraced (including end-terrace),192,140,52,88,52,39,13
S01012059,Flat maisonette or apartment or mobile/temporary accommodation,109,31,6,25,78,68,10
S01012060,All households,408,222,87,135,186,154,32
S01012060,Whole house or bungalow: Total,237,167,67,100,70,55,15
S01012060,Whole house or bungalow: Detached,21,17,10,7,4,3,1
S01012060,Whole house or bungalow: Semi-detached,89,73,34,39,16,12,4
S01012060,Whole house or bungalow: Terraced (including end-terrace),127,77,23,54,50,40,10
S01012060,Flat maisonette or apartment or mobile/temporary accommodation,171,55,20,35,116,99,17
S01012061,All households,440,348,154,194,92,34,58
S01012061,Whole house or bungalow: Total,289,261,129,132,28,22,6
S01012061,Whole house or bungalow: Detached,69,64,35,29,5,4,1
S01012061,Whole house or bungalow: Semi-detached,159,151,80,71,8,4,4
S01012061,Whole house or bungalow: Terraced (including end-terrace),61,46,14,32,15,14,1
S01012061,Flat maisonette or apartment or mobile/temporary accommodation,151,87,25,62,64,12,52
S01012062,All households,335,300,89,211,35,7,28
S01012062,Whole house or bungalow: Total,281,261,78,183,20,3,17
S01012062,Whole house or bungalow: Detached,82,79,21,58,3,0,3
S01012062,Whole house or bungalow: Semi-detached,128,120,38,82,8,1,7
S01012062,Whole house or bungalow: Terraced (including end-terrace),71,62,19,43,9,2,7
S01012062,Flat maisonette or apartment or mobile/temporary accommodation,54,39,11,28,15,4,11
S01012063,All households,235,194,37,157,41,9,32
S01012063,Whole house or bungalow: Total,191,176,36,140,15,2,13
S01012063,Whole house or bungalow: Detached,32,29,8,21,3,0,3
S01012063,Whole house or bungalow: Semi-detached,94,86,15,71,8,1,7
S01012063,Whole house or bungalow: Terraced (including end-terrace),65,61,13,48,4,1,3
S01012063,Flat maisonette or apartment or mobile/temporary accommodation,44,18,1,17,26,7,19
S01012064,All households,276,64,9,55,212,194,18
S01012064,Whole house or bungalow: Total,213,57,8,49,156,140,16
S01012064,Whole house or bungalow: Detached,18,4,0,4,14,14,0
S01012064,Whole house or bungalow: Semi-detached,129,39,6,33,90,79,11
S01012064,Whole house or bungalow: Terraced (including end-terrace),66,14,2,12,52,47,5
S01012064,Flat maisonette or apartment or mobile/temporary accommodation,63,7,1,6,56,54,2
S01012065,All households,261,22,5,17,239,237,2
S01012065,Whole house or bungalow: Total,178,22,5,17,156,154,2
S01012065,Whole house or bungalow: Detached,22,1,1,0,21,21,0
S01012065,Whole house or bungalow: Semi-detached,96,17,4,13,79,77,2
S01012065,Whole house or bungalow: Terraced (including end-terrace),60,4,0,4,56,56,0
S01012065,Flat maisonette or apartment or mobile/temporary accommodation,83,0,0,0,83,83,0
S01012066,All households,382,180,24,156,202,169,33
S01012066,Whole house or bungalow: Total,243,145,13,132,98,78,20
S01012066,Whole house or bungalow: Detached,20,7,2,5,13,13,0
S01012066,Whole house or bungalow: Semi-detached,147,92,6,86,55,43,12
S01012066,Whole house or bungalow: Terraced (including end-terrace),76,46,5,41,30,22,8
S01012066,Flat maisonette or apartment or mobile/temporary accommodation,139,35,11,24,104,91,13
S01012067,All households,250,37,9,28,213,205,8
S01012067,Whole house or bungalow: Total,192,24,3,21,168,161,7
S01012067,Whole house or bungalow: Detached,21,6,1,5,15,13,2
S01012067,Whole house or bungalow: Semi-detached,94,13,1,12,81,79,2
S01012067,Whole house or bungalow: Terraced (including end-terrace),77,5,1,4,72,69,3
S01012067,Flat maisonette or apartment or mobile/temporary accommodation,58,13,6,7,45,44,1
S01012068,All households,268,20,5,15,248,240,8
S01012068,Whole house or bungalow: Total,135,14,2,12,121,115,6
S01012068,Whole house or bungalow: Detached,10,0,0,0,10,10,0
S01012068,Whole house or bungalow: Semi-detached,82,10,2,8,72,66,6
S01012068,Whole house or bungalow: Terraced (including end-terrace),43,4,0,4,39,39,0
S01012068,Flat maisonette or apartment or mobile/temporary accommodation,133,6,3,3,127,125,2
S01012069,All households,292,74,18,56,218,197,21
S01012069,Whole house or bungalow: Total,68,22,5,17,46,45,1
S01012069,Whole house or bungalow: Detached,10,4,3,1,6,6,0
S01012069,Whole house or bungalow: Semi-detached,37,14,2,12,23,22,1
S01012069,Whole house or bungalow: Terraced (including end-terrace),21,4,0,4,17,17,0
S01012069,Flat maisonette or apartment or mobile/temporary accommodation,224,52,13,39,172,152,20
S01012070,All households,449,99,42,57,350,298,52
S01012070,Whole house or bungalow: Total,16,11,3,8,5,4,1
S01012070,Whole house or bungalow: Detached,5,5,1,4,0,0,0
S01012070,Whole house or bungalow: Semi-detached,3,2,1,1,1,0,1
S01012070,Whole house or bungalow: Terraced (including end-terrace),8,4,1,3,4,4,0
S01012070,Flat maisonette or apartment or mobile/temporary accommodation,433,88,39,49,345,294,51
S01012071,All households,692,160,52,108,532,272,260
S01012071,Whole house or bungalow: Total,27,13,5,8,14,11,3
S01012071,Whole house or bungalow: Detached,6,5,2,3,1,1,0
S01012071,Whole house or bungalow: Semi-detached,6,2,1,1,4,3,1
S01012071,Whole house or bungalow: Terraced (including end-terrace),15,6,2,4,9,7,2
S01012071,Flat maisonette or apartment or mobile/temporary accommodation,665,147,47,100,518,261,257
S01012072,All households,722,199,71,128,523,336,187
S01012072,Whole house or bungalow: Total,48,38,10,28,10,6,4
S01012072,Whole house or bungalow: Detached,20,17,1,16,3,1,2
S01012072,Whole house or bungalow: Semi-detached,9,7,2,5,2,1,1
S01012072,Whole house or bungalow: Terraced (including end-terrace),19,14,7,7,5,4,1
S01012072,Flat maisonette or apartment or mobile/temporary accommodation,674,161,61,100,513,330,183
S01012073,All households,320,219,48,171,101,47,54
S01012073,Whole house or bungalow: Total,154,145,27,118,9,2,7
S01012073,Whole house or bungalow: Detached,59,56,10,46,3,0,3
S01012073,Whole house or bungalow: Semi-detached,17,16,3,13,1,1,0
S01012073,Whole house or bungalow: Terraced (including end-terrace),78,73,14,59,5,1,4
S01012073,Flat maisonette or apartment or mobile/temporary accommodation,166,74,21,53,92,45,47
S01012074,All households,343,261,75,186,82,4,78
S01012074,Whole house or bungalow: Total,168,158,36,122,10,0,10
S01012074,Whole house or bungalow: Detached,49,46,14,32,3,0,3
S01012074,Whole house or bungalow: Semi-detached,49,46,9,37,3,0,3
S01012074,Whole house or bungalow: Terraced (including end-terrace),70,66,13,53,4,0,4
S01012074,Flat maisonette or apartment or mobile/temporary accommodation,175,103,39,64,72,4,68
S01012075,All households,269,258,49,209,11,7,4
S01012075,Whole house or bungalow: Total,251,245,44,201,6,2,4
S01012075,Whole house or bungalow: Detached,136,135,21,114,1,0,1
S01012075,Whole house or bungalow: Semi-detached,40,39,5,34,1,0,1
S01012075,Whole house or bungalow: Terraced (including end-terrace),75,71,18,53,4,2,2
S01012075,Flat maisonette or apartment or mobile/temporary accommodation,18,13,5,8,5,5,0
S01012076,All households,382,252,80,172,130,82,48
S01012076,Whole house or bungalow: Total,181,156,38,118,25,11,14
S01012076,Whole house or bungalow: Detached,29,28,9,19,1,0,1
S01012076,Whole house or bungalow: Semi-detached,109,93,22,71,16,7,9
S01012076,Whole house or bungalow: Terraced (including end-terrace),43,35,7,28,8,4,4
S01012076,Flat maisonette or apartment or mobile/temporary accommodation,201,96,42,54,105,71,34
S01012077,All households,363,164,39,125,199,148,51
S01012077,Whole house or bungalow: Total,103,75,19,56,28,20,8
S01012077,Whole house or bungalow: Detached,42,37,6,31,5,1,4
S01012077,Whole house or bungalow: Semi-detached,25,17,6,11,8,6,2
S01012077,Whole house or bungalow: Terraced (including end-terrace),36,21,7,14,15,13,2
S01012077,Flat maisonette or apartment or mobile/temporary accommodation,260,89,20,69,171,128,43
S01012078,All households,367,265,50,215,102,73,29
S01012078,Whole house or bungalow: Total,258,233,46,187,25,18,7
S01012078,Whole house or bungalow: Detached,98,97,17,80,1,0,1
S01012078,Whole house or bungalow: Semi-detached,97,90,11,79,7,6,1
S01012078,Whole house or bungalow: Terraced (including end-terrace),63,46,18,28,17,12,5
S01012078,Flat maisonette or apartment or mobile/temporary accommodation,109,32,4,28,77,55,22
S01012079,All households,448,228,92,136,220,190,30
S01012079,Whole house or bungalow: Total,267,173,78,95,94,84,10
S01012079,Whole house or bungalow: Detached,23,21,14,7,2,1,1
S01012079,Whole house or bungalow: Semi-detached,94,64,37,27,30,25,5
S01012079,Whole house or bungalow: Terraced (including end-terrace),150,88,27,61,62,58,4
S01012079,Flat maisonette or apartment or mobile/temporary accommodation,181,55,14,41,126,106,20
S01012080,All households,352,94,15,79,258,244,14
S01012080,Whole house or bungalow: Total,176,87,14,73,89,83,6
S01012080,Whole house or bungalow: Detached,18,10,1,9,8,7,1
S01012080,Whole house or bungalow: Semi-detached,87,60,7,53,27,24,3
S01012080,Whole house or bungalow: Terraced (including end-terrace),71,17,6,11,54,52,2
S01012080,Flat maisonette or apartment or mobile/temporary accommodation,176,7,1,6,169,161,8
S01012081,All households,387,137,40,97,250,226,24
S01012081,Whole house or bungalow: Total,187,103,34,69,84,75,9
S01012081,Whole house or bungalow: Detached,7,3,1,2,4,4,0
S01012081,Whole house or bungalow: Semi-detached,58,23,7,16,35,34,1
S01012081,Whole house or bungalow: Terraced (including end-terrace),122,77,26,51,45,37,8
S01012081,Flat maisonette or apartment or mobile/temporary accommodation,200,34,6,28,166,151,15
S01012082,All households,323,142,41,101,181,159,22
S01012082,Whole house or bungalow: Total,213,125,40,85,88,75,13
S01012082,Whole house or bungalow: Detached,5,4,1,3,1,1,0
S01012082,Whole house or bungalow: Semi-detached,73,39,16,23,34,29,5
S01012082,Whole house or bungalow: Terraced (including end-terrace),135,82,23,59,53,45,8
S01012082,Flat maisonette or apartment or mobile/temporary accommodation,110,17,1,16,93,84,9
S01012083,All households,383,154,57,97,229,218,11
S01012083,Whole house or bungalow: Total,201,132,50,82,69,63,6
S01012083,Whole house or bungalow: Detached,3,2,0,2,1,1,0
S01012083,Whole house or bungalow: Semi-detached,58,40,15,25,18,15,3
S01012083,Whole house or bungalow: Terraced (including end-terrace),140,90,35,55,50,47,3
S01012083,Flat maisonette or apartment or mobile/temporary accommodation,182,22,7,15,160,155,5
S01012084,All households,238,213,82,131,25,16,9
S01012084,Whole house or bungalow: Total,228,209,82,127,19,14,5
S01012084,Whole house or bungalow: Detached,25,23,8,15,2,0,2
S01012084,Whole house or bungalow: Semi-detached,62,56,23,33,6,6,0
S01012084,Whole house or bungalow: Terraced (including end-terrace),141,130,51,79,11,8,3
S01012084,Flat maisonette or apartment or mobile/temporary accommodation,10,4,0,4,6,2,4
S01012085,All households,301,226,103,123,75,55,20
S01012085,Whole house or bungalow: Total,256,219,101,118,37,28,9
S01012085,Whole house or bungalow: Detached,48,47,21,26,1,1,0
S01012085,Whole house or bungalow: Semi-detached,116,110,51,59,6,4,2
S01012085,Whole house or bungalow: Terraced (including end-terrace),92,62,29,33,30,23,7
S01012085,Flat maisonette or apartment or mobile/temporary accommodation,45,7,2,5,38,27,11
S01012086,All households,448,239,92,147,209,180,29
S01012086,Whole house or bungalow: Total,292,212,82,130,80,65,15
S01012086,Whole house or bungalow: Detached,15,8,3,5,7,7,0
S01012086,Whole house or bungalow: Semi-detached,74,47,10,37,27,22,5
S01012086,Whole house or bungalow: Terraced (including end-terrace),203,157,69,88,46,36,10
S01012086,Flat maisonette or apartment or mobile/temporary accommodation,156,27,10,17,129,115,14
S01012087,All households,364,251,102,149,113,88,25
S01012087,Whole house or bungalow: Total,303,228,93,135,75,59,16
S01012087,Whole house or bungalow: Detached,31,26,13,13,5,3,2
S01012087,Whole house or bungalow: Semi-detached,91,70,26,44,21,16,5
S01012087,Whole house or bungalow: Terraced (including end-terrace),181,132,54,78,49,40,9
S01012087,Flat maisonette or apartment or mobile/temporary accommodation,61,23,9,14,38,29,9
S01012088,All households,286,207,55,152,79,64,15
S01012088,Whole house or bungalow: Total,207,191,49,142,16,8,8
S01012088,Whole house or bungalow: Detached,108,103,36,67,5,0,5
S01012088,Whole house or bungalow: Semi-detached,66,57,10,47,9,6,3
S01012088,Whole house or bungalow: Terraced (including end-terrace),33,31,3,28,2,2,0
S01012088,Flat maisonette or apartment or mobile/temporary accommodation,79,16,6,10,63,56,7
S01012089,All households,357,329,127,202,28,3,25
S01012089,Whole house or bungalow: Total,274,266,116,150,8,1,7
S01012089,Whole house or bungalow: Detached,85,83,33,50,2,0,2
S01012089,Whole house or bungalow: Semi-detached,174,173,81,92,1,0,1
S01012089,Whole house or bungalow: Terraced (including end-terrace),15,10,2,8,5,1,4
S01012089,Flat maisonette or apartment or mobile/temporary accommodation,83,63,11,52,20,2,18
S01012090,All households,356,340,188,152,16,6,10
S01012090,Whole house or bungalow: Total,348,336,185,151,12,4,8
S01012090,Whole house or bungalow: Detached,252,245,139,106,7,0,7
S01012090,Whole house or bungalow: Semi-detached,79,76,39,37,3,2,1
S01012090,Whole house or bungalow: Terraced (including end-terrace),17,15,7,8,2,2,0
S01012090,Flat maisonette or apartment or mobile/temporary accommodation,8,4,3,1,4,2,2
S01012091,All households,244,221,100,121,23,7,16
S01012091,Whole house or bungalow: Total,225,213,98,115,12,2,10
S01012091,Whole house or bungalow: Detached,14,14,8,6,0,0,0
S01012091,Whole house or bungalow: Semi-detached,89,83,43,40,6,1,5
S01012091,Whole house or bungalow: Terraced (including end-terrace),122,116,47,69,6,1,5
S01012091,Flat maisonette or apartment or mobile/temporary accommodation,19,8,2,6,11,5,6
S01012092,All households,214,198,84,114,16,3,13
S01012092,Whole house or bungalow: Total,176,167,72,95,9,3,6
S01012092,Whole house or bungalow: Detached,26,23,13,10,3,1,2
S01012092,Whole house or bungalow: Semi-detached,75,72,35,37,3,2,1
S01012092,Whole house or bungalow: Terraced (including end-terrace),75,72,24,48,3,0,3
S01012092,Flat maisonette or apartment or mobile/temporary accommodation,38,31,12,19,7,0,7
S01012093,All households,295,248,121,127,47,6,41
S01012093,Whole house or bungalow: Total,140,132,65,67,8,1,7
S01012093,Whole house or bungalow: Detached,35,33,20,13,2,0,2
S01012093,Whole house or bungalow: Semi-detached,41,40,21,19,1,0,1
S01012093,Whole house or bungalow: Terraced (including end-terrace),64,59,24,35,5,1,4
S01012093,Flat maisonette or apartment or mobile/temporary accommodation,155,116,56,60,39,5,34
S01012094,All households,317,302,152,150,15,4,11
S01012094,Whole house or bungalow: Total,286,279,149,130,7,0,7
S01012094,Whole house or bungalow: Detached,179,174,94,80,5,0,5
S01012094,Whole house or bungalow: Semi-detached,85,84,47,37,1,0,1
S01012094,Whole house or bungalow: Terraced (including end-terrace),22,21,8,13,1,0,1
S01012094,Flat maisonette or apartment or mobile/temporary accommodation,31,23,3,20,8,4,4
S01012095,All households,410,285,80,205,125,109,16
S01012095,Whole house or bungalow: Total,281,241,67,174,40,28,12
S01012095,Whole house or bungalow: Detached,80,76,20,56,4,1,3
S01012095,Whole house or bungalow: Semi-detached,137,123,30,93,14,10,4
S01012095,Whole house or bungalow: Terraced (including end-terrace),64,42,17,25,22,17,5
S01012095,Flat maisonette or apartment or mobile/temporary accommodation,129,44,13,31,85,81,4
S01012096,All households,388,263,105,158,125,109,16
S01012096,Whole house or bungalow: Total,302,215,91,124,87,76,11
S01012096,Whole house or bungalow: Detached,15,11,3,8,4,4,0
S01012096,Whole house or bungalow: Semi-detached,132,88,34,54,44,39,5
S01012096,Whole house or bungalow: Terraced (including end-terrace),155,116,54,62,39,33,6
S01012096,Flat maisonette or apartment or mobile/temporary accommodation,86,48,14,34,38,33,5
S01012097,All households,279,188,62,126,91,80,11
S01012097,Whole house or bungalow: Total,242,183,61,122,59,48,11
S01012097,Whole house or bungalow: Detached,18,15,4,11,3,2,1
S01012097,Whole house or bungalow: Semi-detached,96,69,25,44,27,22,5
S01012097,Whole house or bungalow: Terraced (including end-terrace),128,99,32,67,29,24,5
S01012097,Flat maisonette or apartment or mobile/temporary accommodation,37,5,1,4,32,32,0
S01012098,All households,277,190,57,133,87,72,15
S01012098,Whole house or bungalow: Total,201,143,46,97,58,51,7
S01012098,Whole house or bungalow: Detached,16,14,8,6,2,0,2
S01012098,Whole house or bungalow: Semi-detached,105,80,22,58,25,21,4
S01012098,Whole house or bungalow: Terraced (including end-terrace),80,49,16,33,31,30,1
S01012098,Flat maisonette or apartment or mobile/temporary accommodation,76,47,11,36,29,21,8
S01012099,All households,348,172,50,122,176,150,26
S01012099,Whole house or bungalow: Total,203,120,38,82,83,67,16
S01012099,Whole house or bungalow: Detached,9,5,1,4,4,1,3
S01012099,Whole house or bungalow: Semi-detached,93,54,24,30,39,37,2
S01012099,Whole house or bungalow: Terraced (including end-terrace),101,61,13,48,40,29,11
S01012099,Flat maisonette or apartment or mobile/temporary accommodation,145,52,12,40,93,83,10
S01012100,All households,493,288,108,180,205,183,22
S01012100,Whole house or bungalow: Total,358,234,92,142,124,108,16
S01012100,Whole house or bungalow: Detached,50,44,25,19,6,6,0
S01012100,Whole house or bungalow: Semi-detached,135,76,31,45,59,49,10
S01012100,Whole house or bungalow: Terraced (including end-terrace),173,114,36,78,59,53,6
S01012100,Flat maisonette or apartment or mobile/temporary accommodation,135,54,16,38,81,75,6
S01012101,All households,311,281,144,137,30,19,11
S01012101,Whole house or bungalow: Total,255,237,124,113,18,9,9
S01012101,Whole house or bungalow: Detached,117,111,66,45,6,1,5
S01012101,Whole house or bungalow: Semi-detached,118,108,52,56,10,6,4
S01012101,Whole house or bungalow: Terraced (including end-terrace),20,18,6,12,2,2,0
S01012101,Flat maisonette or apartment or mobile/temporary accommodation,56,44,20,24,12,10,2
S01012102,All households,319,130,41,89,189,163,26
S01012102,Whole house or bungalow: Total,126,90,27,63,36,25,11
S01012102,Whole house or bungalow: Detached,17,13,4,9,4,1,3
S01012102,Whole house or bungalow: Semi-detached,38,24,9,15,14,8,6
S01012102,Whole house or bungalow: Terraced (including end-terrace),71,53,14,39,18,16,2
S01012102,Flat maisonette or apartment or mobile/temporary accommodation,193,40,14,26,153,138,15
S01012103,All households,425,330,89,241,95,54,41
S01012103,Whole house or bungalow: Total,302,252,77,175,50,36,14
S01012103,Whole house or bungalow: Detached,44,42,19,23,2,1,1
S01012103,Whole house or bungalow: Semi-detached,110,93,29,64,17,10,7
S01012103,Whole house or bungalow: Terraced (including end-terrace),148,117,29,88,31,25,6
S01012103,Flat maisonette or apartment or mobile/temporary accommodation,123,78,12,66,45,18,27
S01012104,All households,345,269,68,201,76,29,47
S01012104,Whole house or bungalow: Total,305,251,66,185,54,12,42
S01012104,Whole house or bungalow: Detached,214,170,41,129,44,2,42
S01012104,Whole house or bungalow: Semi-detached,73,66,20,46,7,7,0
S01012104,Whole house or bungalow: Terraced (including end-terrace),18,15,5,10,3,3,0
S01012104,Flat maisonette or apartment or mobile/temporary accommodation,40,18,2,16,22,17,5
S01012105,All households,492,405,164,241,87,44,43
S01012105,Whole house or bungalow: Total,244,231,73,158,13,3,10
S01012105,Whole house or bungalow: Detached,123,118,35,83,5,1,4
S01012105,Whole house or bungalow: Semi-detached,83,81,32,49,2,0,2
S01012105,Whole house or bungalow: Terraced (including end-terrace),38,32,6,26,6,2,4
S01012105,Flat maisonette or apartment or mobile/temporary accommodation,248,174,91,83,74,41,33
S01012106,All households,497,391,111,280,106,13,93
S01012106,Whole house or bungalow: Total,210,200,51,149,10,4,6
S01012106,Whole house or bungalow: Detached,124,120,37,83,4,0,4
S01012106,Whole house or bungalow: Semi-detached,57,53,11,42,4,2,2
S01012106,Whole house or bungalow: Terraced (including end-terrace),29,27,3,24,2,2,0
S01012106,Flat maisonette or apartment or mobile/temporary accommodation,287,191,60,131,96,9,87
S01012107,All households,279,238,123,115,41,23,18
S01012107,Whole house or bungalow: Total,152,143,79,64,9,5,4
S01012107,Whole house or bungalow: Detached,76,73,42,31,3,0,3
S01012107,Whole house or bungalow: Semi-detached,58,54,30,24,4,3,1
S01012107,Whole house or bungalow: Terraced (including end-terrace),18,16,7,9,2,2,0
S01012107,Flat maisonette or apartment or mobile/temporary accommodation,127,95,44,51,32,18,14
S01012108,All households,632,249,116,133,383,332,51
S01012108,Whole house or bungalow: Total,42,32,9,23,10,9,1
S01012108,Whole house or bungalow: Detached,9,9,2,7,0,0,0
S01012108,Whole house or bungalow: Semi-detached,8,7,2,5,1,1,0
S01012108,Whole house or bungalow: Terraced (including end-terrace),25,16,5,11,9,8,1
S01012108,Flat maisonette or apartment or mobile/temporary accommodation,590,217,107,110,373,323,50
S01012109,All households,560,189,76,113,371,205,166
S01012109,Whole house or bungalow: Total,83,53,16,37,30,22,8
S01012109,Whole house or bungalow: Detached,9,7,1,6,2,2,0
S01012109,Whole house or bungalow: Semi-detached,26,18,7,11,8,5,3
S01012109,Whole house or bungalow: Terraced (including end-terrace),48,28,8,20,20,15,5
S01012109,Flat maisonette or apartment or mobile/temporary accommodation,477,136,60,76,341,183,158
S01012110,All households,458,256,112,144,202,121,81
S01012110,Whole house or bungalow: Total,53,42,14,28,11,10,1
S01012110,Whole house or bungalow: Detached,15,14,5,9,1,0,1
S01012110,Whole house or bungalow: Semi-detached,21,17,6,11,4,4,0
S01012110,Whole house or bungalow: Terraced (including end-terrace),17,11,3,8,6,6,0
S01012110,Flat maisonette or apartment or mobile/temporary accommodation,405,214,98,116,191,111,80
S01012111,All households,309,125,48,77,184,154,30
S01012111,Whole house or bungalow: Total,86,50,18,32,36,30,6
S01012111,Whole house or bungalow: Detached,7,5,3,2,2,1,1
S01012111,Whole house or bungalow: Semi-detached,42,23,7,16,19,15,4
S01012111,Whole house or bungalow: Terraced (including end-terrace),37,22,8,14,15,14,1
S01012111,Flat maisonette or apartment or mobile/temporary accommodation,223,75,30,45,148,124,24
S01012112,All households,423,289,150,139,134,97,37
S01012112,Whole house or bungalow: Total,144,120,68,52,24,19,5
S01012112,Whole house or bungalow: Detached,38,38,21,17,0,0,0
S01012112,Whole house or bungalow: Semi-detached,71,55,32,23,16,14,2
S01012112,Whole house or bungalow: Terraced (including end-terrace),35,27,15,12,8,5,3
S01012112,Flat maisonette or apartment or mobile/temporary accommodation,279,169,82,87,110,78,32
S01012113,All households,511,362,148,214,149,115,34
S01012113,Whole house or bungalow: Total,275,241,100,141,34,29,5
S01012113,Whole house or bungalow: Detached,82,81,38,43,1,1,0
S01012113,Whole house or bungalow: Semi-detached,53,39,13,26,14,12,2
S01012113,Whole house or bungalow: Terraced (including end-terrace),140,121,49,72,19,16,3
S01012113,Flat maisonette or apartment or mobile/temporary accommodation,236,121,48,73,115,86,29
S01012114,All households,357,302,146,156,55,8,47
S01012114,Whole house or bungalow: Total,224,216,102,114,8,1,7
S01012114,Whole house or bungalow: Detached,142,139,70,69,3,0,3
S01012114,Whole house or bungalow: Semi-detached,45,43,19,24,2,1,1
S01012114,Whole house or bungalow: Terraced (including end-terrace),37,34,13,21,3,0,3
S01012114,Flat maisonette or apartment or mobile/temporary accommodation,133,86,44,42,47,7,40
S01012115,All households,257,186,79,107,71,46,25
S01012115,Whole house or bungalow: Total,186,153,63,90,33,23,10
S01012115,Whole house or bungalow: Detached,3,3,1,2,0,0,0
S01012115,Whole house or bungalow: Semi-detached,69,56,27,29,13,7,6
S01012115,Whole house or bungalow: Terraced (including end-terrace),114,94,35,59,20,16,4
S01012115,Flat maisonette or apartment or mobile/temporary accommodation,71,33,16,17,38,23,15
S01012116,All households,283,217,92,125,66,53,13
S01012116,Whole house or bungalow: Total,223,188,83,105,35,30,5
S01012116,Whole house or bungalow: Detached,6,5,2,3,1,1,0
S01012116,Whole house or bungalow: Semi-detached,42,34,14,20,8,7,1
S01012116,Whole house or bungalow: Terraced (including end-terrace),175,149,67,82,26,22,4
S01012116,Flat maisonette or apartment or mobile/temporary accommodation,60,29,9,20,31,23,8
S01012117,All households,289,260,31,229,29,13,16
S01012117,Whole house or bungalow: Total,256,241,27,214,15,5,10
S01012117,Whole house or bungalow: Detached,113,111,10,101,2,0,2
S01012117,Whole house or bungalow: Semi-detached,69,63,11,52,6,2,4
S01012117,Whole house or bungalow: Terraced (including end-terrace),74,67,6,61,7,3,4
S01012117,Flat maisonette or apartment or mobile/temporary accommodation,33,19,4,15,14,8,6
S01012118,All households,226,210,47,163,16,6,10
S01012118,Whole house or bungalow: Total,219,206,46,160,13,6,7
S01012118,Whole house or bungalow: Detached,102,98,21,77,4,0,4
S01012118,Whole house or bungalow: Semi-detached,93,89,20,69,4,2,2
S01012118,Whole house or bungalow: Terraced (including end-terrace),24,19,5,14,5,4,1
S01012118,Flat maisonette or apartment or mobile/temporary accommodation,7,4,1,3,3,0,3
S01012119,All households,349,332,172,160,17,7,10
S01012119,Whole house or bungalow: Total,335,327,171,156,8,4,4
S01012119,Whole house or bungalow: Detached,128,127,70,57,1,0,1
S01012119,Whole house or bungalow: Semi-detached,186,181,89,92,5,2,3
S01012119,Whole house or bungalow: Terraced (including end-terrace),21,19,12,7,2,2,0
S01012119,Flat maisonette or apartment or mobile/temporary accommodation,14,5,1,4,9,3,6
S01012120,All households,256,147,62,85,109,80,29
S01012120,Whole house or bungalow: Total,171,126,58,68,45,38,7
S01012120,Whole house or bungalow: Detached,53,45,26,19,8,7,1
S01012120,Whole house or bungalow: Semi-detached,63,39,19,20,24,19,5
S01012120,Whole house or bungalow: Terraced (including end-terrace),55,42,13,29,13,12,1
S01012120,Flat maisonette or apartment or mobile/temporary accommodation,85,21,4,17,64,42,22
S01012121,All households,404,216,84,132,188,160,28
S01012121,Whole house or bungalow: Total,313,185,77,108,128,109,19
S01012121,Whole house or bungalow: Detached,31,22,6,16,9,9,0
S01012121,Whole house or bungalow: Semi-detached,129,72,30,42,57,53,4
S01012121,Whole house or bungalow: Terraced (including end-terrace),153,91,41,50,62,47,15
S01012121,Flat maisonette or apartment or mobile/temporary accommodation,91,31,7,24,60,51,9
S01012122,All households,318,235,91,144,83,70,13
S01012122,Whole house or bungalow: Total,267,216,84,132,51,40,11
S01012122,Whole house or bungalow: Detached,32,26,15,11,6,5,1
S01012122,Whole house or bungalow: Semi-detached,100,85,33,52,15,13,2
S01012122,Whole house or bungalow: Terraced (including end-terrace),135,105,36,69,30,22,8
S01012122,Flat maisonette or apartment or mobile/temporary accommodation,51,19,7,12,32,30,2
S01012123,All households,212,149,55,94,63,23,40
S01012123,Whole house or bungalow: Total,107,90,37,53,17,8,9
S01012123,Whole house or bungalow: Detached,24,24,11,13,0,0,0
S01012123,Whole house or bungalow: Semi-detached,61,52,22,30,9,4,5
S01012123,Whole house or bungalow: Terraced (including end-terrace),22,14,4,10,8,4,4
S01012123,Flat maisonette or apartment or mobile/temporary accommodation,105,59,18,41,46,15,31
S01012124,All households,262,199,70,129,63,14,49
S01012124,Whole house or bungalow: Total,152,138,59,79,14,2,12
S01012124,Whole house or bungalow: Detached,19,17,12,5,2,0,2
S01012124,Whole house or bungalow: Semi-detached,47,43,19,24,4,0,4
S01012124,Whole house or bungalow: Terraced (including end-terrace),86,78,28,50,8,2,6
S01012124,Flat maisonette or apartment or mobile/temporary accommodation,110,61,11,50,49,12,37
S01012125,All households,504,139,41,98,365,279,86
S01012125,Whole house or bungalow: Total,72,52,24,28,20,17,3
S01012125,Whole house or bungalow: Detached,2,2,0,2,0,0,0
S01012125,Whole house or bungalow: Semi-detached,21,15,8,7,6,5,1
S01012125,Whole house or bungalow: Terraced (including end-terrace),49,35,16,19,14,12,2
S01012125,Flat maisonette or apartment or mobile/temporary accommodation,432,87,17,70,345,262,83
S01012126,All households,389,274,57,217,115,15,100
S01012126,Whole house or bungalow: Total,117,107,18,89,10,2,8
S01012126,Whole house or bungalow: Detached,23,22,10,12,1,0,1
S01012126,Whole house or bungalow: Semi-detached,19,18,2,16,1,1,0
S01012126,Whole house or bungalow: Terraced (including end-terrace),75,67,6,61,8,1,7
S01012126,Flat maisonette or apartment or mobile/temporary accommodation,272,167,39,128,105,13,92
S01012127,All households,552,216,70,146,336,95,241
S01012127,Whole house or bungalow: Total,27,17,8,9,10,4,6
S01012127,Whole house or bungalow: Detached,3,3,1,2,0,0,0
S01012127,Whole house or bungalow: Semi-detached,12,9,7,2,3,1,2
S01012127,Whole house or bungalow: Terraced (including end-terrace),12,5,0,5,7,3,4
S01012127,Flat maisonette or apartment or mobile/temporary accommodation,525,199,62,137,326,91,235
S01012128,All households,278,104,17,87,174,53,121
S01012128,Whole house or bungalow: Total,62,32,10,22,30,18,12
S01012128,Whole house or bungalow: Detached,2,0,0,0,2,2,0
S01012128,Whole house or bungalow: Semi-detached,13,5,3,2,8,5,3
S01012128,Whole house or bungalow: Terraced (including end-terrace),47,27,7,20,20,11,9
S01012128,Flat maisonette or apartment or mobile/temporary accommodation,216,72,7,65,144,35,109
S01012129,All households,440,214,80,134,226,120,106
S01012129,Whole house or bungalow: Total,51,37,15,22,14,8,6
S01012129,Whole house or bungalow: Detached,11,9,3,6,2,2,0
S01012129,Whole house or bungalow: Semi-detached,13,8,4,4,5,4,1
S01012129,Whole house or bungalow: Terraced (including end-terrace),27,20,8,12,7,2,5
S01012129,Flat maisonette or apartment or mobile/temporary accommodation,389,177,65,112,212,112,100
S01012130,All households,687,282,119,163,405,289,116
S01012130,Whole house or bungalow: Total,134,107,36,71,27,8,19
S01012130,Whole house or bungalow: Detached,14,12,6,6,2,1,1
S01012130,Whole house or bungalow: Semi-detached,25,21,7,14,4,3,1
S01012130,Whole house or bungalow: Terraced (including end-terrace),95,74,23,51,21,4,17
S01012130,Flat maisonette or apartment or mobile/temporary accommodation,553,175,83,92,378,281,97
S01012131,All households,610,238,84,154,372,203,169
S01012131,Whole house or bungalow: Total,31,22,10,12,9,4,5
S01012131,Whole house or bungalow: Detached,4,4,2,2,0,0,0
S01012131,Whole house or bungalow: Semi-detached,17,13,7,6,4,1,3
S01012131,Whole house or bungalow: Terraced (including end-terrace),10,5,1,4,5,3,2
S01012131,Flat maisonette or apartment or mobile/temporary accommodation,579,216,74,142,363,199,164
S01012132,All households,426,150,68,82,276,97,179
S01012132,Whole house or bungalow: Total,19,18,12,6,1,1,0
S01012132,Whole house or bungalow: Detached,3,3,2,1,0,0,0
S01012132,Whole house or bungalow: Semi-detached,9,9,7,2,0,0,0
S01012132,Whole house or bungalow: Terraced (including end-terrace),7,6,3,3,1,1,0
S01012132,Flat maisonette or apartment or mobile/temporary accommodation,407,132,56,76,275,96,179
S01012133,All households,421,223,56,167,198,88,110
S01012133,Whole house or bungalow: Total,91,70,12,58,21,6,15
S01012133,Whole house or bungalow: Detached,11,10,1,9,1,1,0
S01012133,Whole house or bungalow: Semi-detached,36,28,6,22,8,3,5
S01012133,Whole house or bungalow: Terraced (including end-terrace),44,32,5,27,12,2,10
S01012133,Flat maisonette or apartment or mobile/temporary accommodation,330,153,44,109,177,82,95
S01012134,All households,606,433,200,233,173,63,110
S01012134,Whole house or bungalow: Total,116,92,43,49,24,13,11
S01012134,Whole house or bungalow: Detached,21,18,7,11,3,1,2
S01012134,Whole house or bungalow: Semi-detached,60,55,26,29,5,1,4
S01012134,Whole house or bungalow: Terraced (including end-terrace),35,19,10,9,16,11,5
S01012134,Flat maisonette or apartment or mobile/temporary accommodation,490,341,157,184,149,50,99
S01012135,All households,570,111,39,72,459,383,76
S01012135,Whole house or bungalow: Total,12,6,0,6,6,5,1
S01012135,Whole house or bungalow: Detached,2,2,0,2,0,0,0
S01012135,Whole house or bungalow: Semi-detached,2,2,0,2,0,0,0
S01012135,Whole house or bungalow: Terraced (including end-terrace),8,2,0,2,6,5,1
S01012135,Flat maisonette or apartment or mobile/temporary accommodation,558,105,39,66,453,378,75
S01012136,All households,516,119,21,98,397,214,183
S01012136,Whole house or bungalow: Total,11,5,1,4,6,4,2
S01012136,Whole house or bungalow: Detached,6,2,1,1,4,2,2
S01012136,Whole house or bungalow: Semi-detached,1,1,0,1,0,0,0
S01012136,Whole house or bungalow: Terraced (including end-terrace),4,2,0,2,2,2,0
S01012136,Flat maisonette or apartment or mobile/temporary accommodation,505,114,20,94,391,210,181
S01012137,All households,463,193,110,83,270,186,84
S01012137,Whole house or bungalow: Total,20,14,7,7,6,5,1
S01012137,Whole house or bungalow: Detached,5,5,2,3,0,0,0
S01012137,Whole house or bungalow: Semi-detached,8,6,4,2,2,2,0
S01012137,Whole house or bungalow: Terraced (including end-terrace),7,3,1,2,4,3,1
S01012137,Flat maisonette or apartment or mobile/temporary accommodation,443,179,103,76,264,181,83
S01012138,All households,460,350,152,198,110,51,59
S01012138,Whole house or bungalow: Total,177,157,76,81,20,11,9
S01012138,Whole house or bungalow: Detached,29,27,15,12,2,1,1
S01012138,Whole house or bungalow: Semi-detached,132,117,54,63,15,9,6
S01012138,Whole house or bungalow: Terraced (including end-terrace),16,13,7,6,3,1,2
S01012138,Flat maisonette or apartment or mobile/temporary accommodation,283,193,76,117,90,40,50
S01012139,All households,462,344,152,192,118,80,38
S01012139,Whole house or bungalow: Total,259,216,86,130,43,27,16
S01012139,Whole house or bungalow: Detached,43,40,6,34,3,0,3
S01012139,Whole house or bungalow: Semi-detached,193,159,74,85,34,23,11
S01012139,Whole house or bungalow: Terraced (including end-terrace),23,17,6,11,6,4,2
S01012139,Flat maisonette or apartment or mobile/temporary accommodation,203,128,66,62,75,53,22
S01012140,All households,205,194,107,87,11,5,6
S01012140,Whole house or bungalow: Total,194,189,106,83,5,2,3
S01012140,Whole house or bungalow: Detached,49,48,26,22,1,0,1
S01012140,Whole house or bungalow: Semi-detached,133,130,73,57,3,1,2
S01012140,Whole house or bungalow: Terraced (including end-terrace),12,11,7,4,1,1,0
S01012140,Flat maisonette or apartment or mobile/temporary accommodation,11,5,1,4,6,3,3
S01012141,All households,412,381,193,188,31,17,14
S01012141,Whole house or bungalow: Total,375,357,180,177,18,14,4
S01012141,Whole house or bungalow: Detached,37,35,22,13,2,0,2
S01012141,Whole house or bungalow: Semi-detached,284,274,139,135,10,9,1
S01012141,Whole house or bungalow: Terraced (including end-terrace),54,48,19,29,6,5,1
S01012141,Flat maisonette or apartment or mobile/temporary accommodation,37,24,13,11,13,3,10
S01012142,All households,395,379,214,165,16,5,11
S01012142,Whole house or bungalow: Total,385,375,213,162,10,2,8
S01012142,Whole house or bungalow: Detached,73,71,48,23,2,0,2
S01012142,Whole house or bungalow: Semi-detached,288,281,156,125,7,1,6
S01012142,Whole house or bungalow: Terraced (including end-terrace),24,23,9,14,1,1,0
S01012142,Flat maisonette or apartment or mobile/temporary accommodation,10,4,1,3,6,3,3
S01012143,All households,376,361,225,136,15,8,7
S01012143,Whole house or bungalow: Total,357,345,217,128,12,8,4
S01012143,Whole house or bungalow: Detached,179,178,120,58,1,0,1
S01012143,Whole house or bungalow: Semi-detached,148,142,80,62,6,3,3
S01012143,Whole house or bungalow: Terraced (including end-terrace),30,25,17,8,5,5,0
S01012143,Flat maisonette or apartment or mobile/temporary accommodation,19,16,8,8,3,0,3
S01012144,All households,449,392,213,179,57,18,39
S01012144,Whole house or bungalow: Total,387,374,207,167,13,1,12
S01012144,Whole house or bungalow: Detached,18,18,13,5,0,0,0
S01012144,Whole house or bungalow: Semi-detached,271,264,145,119,7,1,6
S01012144,Whole house or bungalow: Terraced (including end-terrace),98,92,49,43,6,0,6
S01012144,Flat maisonette or apartment or mobile/temporary accommodation,62,18,6,12,44,17,27
S01012145,All households,399,377,191,186,22,7,15
S01012145,Whole house or bungalow: Total,368,350,177,173,18,5,13
S01012145,Whole house or bungalow: Detached,79,78,35,43,1,0,1
S01012145,Whole house or bungalow: Semi-detached,278,267,139,128,11,1,10
S01012145,Whole house or bungalow: Terraced (including end-terrace),11,5,3,2,6,4,2
S01012145,Flat maisonette or apartment or mobile/temporary accommodation,31,27,14,13,4,2,2
S01012146,All households,572,213,84,129,359,247,112
S01012146,Whole house or bungalow: Total,77,37,19,18,40,32,8
S01012146,Whole house or bungalow: Detached,11,7,3,4,4,4,0
S01012146,Whole house or bungalow: Semi-detached,20,8,5,3,12,9,3
S01012146,Whole house or bungalow: Terraced (including end-terrace),46,22,11,11,24,19,5
S01012146,Flat maisonette or apartment or mobile/temporary accommodation,495,176,65,111,319,215,104
S01012147,All households,407,179,71,108,228,184,44
S01012147,Whole house or bungalow: Total,57,36,20,16,21,15,6
S01012147,Whole house or bungalow: Detached,3,2,0,2,1,1,0
S01012147,Whole house or bungalow: Semi-detached,26,18,13,5,8,6,2
S01012147,Whole house or bungalow: Terraced (including end-terrace),28,16,7,9,12,8,4
S01012147,Flat maisonette or apartment or mobile/temporary accommodation,350,143,51,92,207,169,38
S01012148,All households,364,153,52,101,211,172,39
S01012148,Whole house or bungalow: Total,31,20,8,12,11,7,4
S01012148,Whole house or bungalow: Detached,2,2,2,0,0,0,0
S01012148,Whole house or bungalow: Semi-detached,8,6,2,4,2,0,2
S01012148,Whole house or bungalow: Terraced (including end-terrace),21,12,4,8,9,7,2
S01012148,Flat maisonette or apartment or mobile/temporary accommodation,333,133,44,89,200,165,35
S01012149,All households,335,222,67,155,113,68,45
S01012149,Whole house or bungalow: Total,159,139,37,102,20,9,11
S01012149,Whole house or bungalow: Detached,86,81,26,55,5,0,5
S01012149,Whole house or bungalow: Semi-detached,34,32,7,25,2,2,0
S01012149,Whole house or bungalow: Terraced (including end-terrace),39,26,4,22,13,7,6
S01012149,Flat maisonette or apartment or mobile/temporary accommodation,176,83,30,53,93,59,34
S01012150,All households,359,189,65,124,170,154,16
S01012150,Whole house or bungalow: Total,236,157,57,100,79,71,8
S01012150,Whole house or bungalow: Detached,10,4,1,3,6,5,1
S01012150,Whole house or bungalow: Semi-detached,52,31,12,19,21,19,2
S01012150,Whole house or bungalow: Terraced (including end-terrace),174,122,44,78,52,47,5
S01012150,Flat maisonette or apartment or mobile/temporary accommodation,123,32,8,24,91,83,8
S01012151,All households,397,199,78,121,198,181,17
S01012151,Whole house or bungalow: Total,216,159,67,92,57,51,6
S01012151,Whole house or bungalow: Detached,3,3,2,1,0,0,0
S01012151,Whole house or bungalow: Semi-detached,69,47,24,23,22,20,2
S01012151,Whole house or bungalow: Terraced (including end-terrace),144,109,41,68,35,31,4
S01012151,Flat maisonette or apartment or mobile/temporary accommodation,181,40,11,29,141,130,11
S01012152,All households,362,105,41,64,257,243,14
S01012152,Whole house or bungalow: Total,74,51,23,28,23,19,4
S01012152,Whole house or bungalow: Detached,4,3,0,3,1,1,0
S01012152,Whole house or bungalow: Semi-detached,17,9,5,4,8,6,2
S01012152,Whole house or bungalow: Terraced (including end-terrace),53,39,18,21,14,12,2
S01012152,Flat maisonette or apartment or mobile/temporary accommodation,288,54,18,36,234,224,10
S01012153,All households,329,76,27,49,253,185,68
S01012153,Whole house or bungalow: Total,33,19,10,9,14,13,1
S01012153,Whole house or bungalow: Detached,2,2,0,2,0,0,0
S01012153,Whole house or bungalow: Semi-detached,15,8,4,4,7,7,0
S01012153,Whole house or bungalow: Terraced (including end-terrace),16,9,6,3,7,6,1
S01012153,Flat maisonette or apartment or mobile/temporary accommodation,296,57,17,40,239,172,67
S01012154,All households,513,149,49,100,364,263,101
S01012154,Whole house or bungalow: Total,31,14,12,2,17,13,4
S01012154,Whole house or bungalow: Detached,6,3,3,0,3,2,1
S01012154,Whole house or bungalow: Semi-detached,9,2,1,1,7,5,2
S01012154,Whole house or bungalow: Terraced (including end-terrace),16,9,8,1,7,6,1
S01012154,Flat maisonette or apartment or mobile/temporary accommodation,482,135,37,98,347,250,97
S01012155,All households,357,113,42,71,244,165,79
S01012155,Whole house or bungalow: Total,34,24,13,11,10,5,5
S01012155,Whole house or bungalow: Detached,4,3,1,2,1,0,1
S01012155,Whole house or bungalow: Semi-detached,21,14,6,8,7,3,4
S01012155,Whole house or bungalow: Terraced (including end-terrace),9,7,6,1,2,2,0
S01012155,Flat maisonette or apartment or mobile/temporary accommodation,323,89,29,60,234,160,74
S01012156,All households,372,133,49,84,239,205,34
S01012156,Whole house or bungalow: Total,98,35,13,22,63,55,8
S01012156,Whole house or bungalow: Detached,3,3,2,1,0,0,0
S01012156,Whole house or bungalow: Semi-detached,37,9,2,7,28,23,5
S01012156,Whole house or bungalow: Terraced (including end-terrace),58,23,9,14,35,32,3
S01012156,Flat maisonette or apartment or mobile/temporary accommodation,274,98,36,62,176,150,26
S01012157,All households,487,267,79,188,220,137,83
S01012157,Whole house or bungalow: Total,296,183,57,126,113,96,17
S01012157,Whole house or bungalow: Detached,44,34,3,31,10,6,4
S01012157,Whole house or bungalow: Semi-detached,80,28,2,26,52,44,8
S01012157,Whole house or bungalow: Terraced (including end-terrace),172,121,52,69,51,46,5
S01012157,Flat maisonette or apartment or mobile/temporary accommodation,191,84,22,62,107,41,66
S01012158,All households,487,366,87,279,121,44,77
S01012158,Whole house or bungalow: Total,286,253,64,189,33,12,21
S01012158,Whole house or bungalow: Detached,80,70,19,51,10,0,10
S01012158,Whole house or bungalow: Semi-detached,101,92,14,78,9,5,4
S01012158,Whole house or bungalow: Terraced (including end-terrace),105,91,31,60,14,7,7
S01012158,Flat maisonette or apartment or mobile/temporary accommodation,201,113,23,90,88,32,56
S01012159,All households,229,219,125,94,10,4,6
S01012159,Whole house or bungalow: Total,219,214,125,89,5,1,4
S01012159,Whole house or bungalow: Detached,5,5,3,2,0,0,0
S01012159,Whole house or bungalow: Semi-detached,143,141,81,60,2,0,2
S01012159,Whole house or bungalow: Terraced (including end-terrace),71,68,41,27,3,1,2
S01012159,Flat maisonette or apartment or mobile/temporary accommodation,10,5,0,5,5,3,2
S01012160,All households,293,277,146,131,16,2,14
S01012160,Whole house or bungalow: Total,281,273,143,130,8,0,8
S01012160,Whole house or bungalow: Detached,11,11,8,3,0,0,0
S01012160,Whole house or bungalow: Semi-detached,157,154,84,70,3,0,3
S01012160,Whole house or bungalow: Terraced (including end-terrace),113,108,51,57,5,0,5
S01012160,Flat maisonette or apartment or mobile/temporary accommodation,12,4,3,1,8,2,6
S01012161,All households,208,78,21,57,130,99,31
S01012161,Whole house or bungalow: Total,30,13,4,9,17,11,6
S01012161,Whole house or bungalow: Detached,3,1,1,0,2,0,2
S01012161,Whole house or bungalow: Semi-detached,18,8,2,6,10,8,2
S01012161,Whole house or bungalow: Terraced (including end-terrace),9,4,1,3,5,3,2
S01012161,Flat maisonette or apartment or mobile/temporary accommodation,178,65,17,48,113,88,25
S01012162,All households,386,177,32,145,209,152,57
S01012162,Whole house or bungalow: Total,150,102,13,89,48,33,15
S01012162,Whole house or bungalow: Detached,34,31,3,28,3,1,2
S01012162,Whole house or bungalow: Semi-detached,47,24,7,17,23,16,7
S01012162,Whole house or bungalow: Terraced (including end-terrace),69,47,3,44,22,16,6
S01012162,Flat maisonette or apartment or mobile/temporary accommodation,236,75,19,56,161,119,42
S01012163,All households,384,169,43,126,215,133,82
S01012163,Whole house or bungalow: Total,146,109,32,77,37,24,13
S01012163,Whole house or bungalow: Detached,12,9,4,5,3,1,2
S01012163,Whole house or bungalow: Semi-detached,56,44,14,30,12,5,7
S01012163,Whole house or bungalow: Terraced (including end-terrace),78,56,14,42,22,18,4
S01012163,Flat maisonette or apartment or mobile/temporary accommodation,238,60,11,49,178,109,69
S01012164,All households,413,370,45,325,43,8,35
S01012164,Whole house or bungalow: Total,361,336,39,297,25,2,23
S01012164,Whole house or bungalow: Detached,55,52,6,46,3,1,2
S01012164,Whole house or bungalow: Semi-detached,162,153,17,136,9,1,8
S01012164,Whole house or bungalow: Terraced (including end-terrace),144,131,16,115,13,0,13
S01012164,Flat maisonette or apartment or mobile/temporary accommodation,52,34,6,28,18,6,12
S01012165,All households,452,188,70,118,264,223,41
S01012165,Whole house or bungalow: Total,150,103,46,57,47,36,11
S01012165,Whole house or bungalow: Detached,10,8,3,5,2,1,1
S01012165,Whole house or bungalow: Semi-detached,44,33,15,18,11,9,2
S01012165,Whole house or bungalow: Terraced (including end-terrace),96,62,28,34,34,26,8
S01012165,Flat maisonette or apartment or mobile/temporary accommodation,302,85,24,61,217,187,30
S01012166,All households,292,147,49,98,145,100,45
S01012166,Whole house or bungalow: Total,100,80,27,53,20,13,7
S01012166,Whole house or bungalow: Detached,4,3,2,1,1,1,0
S01012166,Whole house or bungalow: Semi-detached,49,42,12,30,7,4,3
S01012166,Whole house or bungalow: Terraced (including end-terrace),47,35,13,22,12,8,4
S01012166,Flat maisonette or apartment or mobile/temporary accommodation,192,67,22,45,125,87,38
S01012167,All households,425,260,85,175,165,115,50
S01012167,Whole house or bungalow: Total,192,154,61,93,38,28,10
S01012167,Whole house or bungalow: Detached,13,12,1,11,1,1,0
S01012167,Whole house or bungalow: Semi-detached,37,30,6,24,7,4,3
S01012167,Whole house or bungalow: Terraced (including end-terrace),142,112,54,58,30,23,7
S01012167,Flat maisonette or apartment or mobile/temporary accommodation,233,106,24,82,127,87,40
S01012168,All households,379,341,186,155,38,25,13
S01012168,Whole house or bungalow: Total,316,296,167,129,20,9,11
S01012168,Whole house or bungalow: Detached,36,35,20,15,1,0,1
S01012168,Whole house or bungalow: Semi-detached,120,117,77,40,3,1,2
S01012168,Whole house or bungalow: Terraced (including end-terrace),160,144,70,74,16,8,8
S01012168,Flat maisonette or apartment or mobile/temporary accommodation,63,45,19,26,18,16,2
S01012169,All households,429,309,140,169,120,88,32
S01012169,Whole house or bungalow: Total,208,177,93,84,31,24,7
S01012169,Whole house or bungalow: Detached,10,8,5,3,2,2,0
S01012169,Whole house or bungalow: Semi-detached,84,66,38,28,18,16,2
S01012169,Whole house or bungalow: Terraced (including end-terrace),114,103,50,53,11,6,5
S01012169,Flat maisonette or apartment or mobile/temporary accommodation,221,132,47,85,89,64,25
S01012170,All households,543,362,171,191,181,144,37
S01012170,Whole house or bungalow: Total,156,125,57,68,31,24,7
S01012170,Whole house or bungalow: Detached,8,7,1,6,1,0,1
S01012170,Whole house or bungalow: Semi-detached,50,41,21,20,9,6,3
S01012170,Whole house or bungalow: Terraced (including end-terrace),98,77,35,42,21,18,3
S01012170,Flat maisonette or apartment or mobile/temporary accommodation,387,237,114,123,150,120,30
S01012171,All households,470,346,131,215,124,87,37
S01012171,Whole house or bungalow: Total,256,208,82,126,48,38,10
S01012171,Whole house or bungalow: Detached,6,6,2,4,0,0,0
S01012171,Whole house or bungalow: Semi-detached,17,15,5,10,2,2,0
S01012171,Whole house or bungalow: Terraced (including end-terrace),233,187,75,112,46,36,10
S01012171,Flat maisonette or apartment or mobile/temporary accommodation,214,138,49,89,76,49,27
S01012172,All households,360,237,107,130,123,79,44
S01012172,Whole house or bungalow: Total,173,134,70,64,39,27,12
S01012172,Whole house or bungalow: Detached,4,4,1,3,0,0,0
S01012172,Whole house or bungalow: Semi-detached,25,17,10,7,8,6,2
S01012172,Whole house or bungalow: Terraced (including end-terrace),144,113,59,54,31,21,10
S01012172,Flat maisonette or apartment or mobile/temporary accommodation,187,103,37,66,84,52,32
S01012173,All households,289,279,169,110,10,3,7
S01012173,Whole house or bungalow: Total,279,272,165,107,7,0,7
S01012173,Whole house or bungalow: Detached,68,65,44,21,3,0,3
S01012173,Whole house or bungalow: Semi-detached,202,198,116,82,4,0,4
S01012173,Whole house or bungalow: Terraced (including end-terrace),9,9,5,4,0,0,0
S01012173,Flat maisonette or apartment or mobile/temporary accommodation,10,7,4,3,3,3,0
S01012174,All households,301,279,64,215,22,7,15
S01012174,Whole house or bungalow: Total,280,265,62,203,15,3,12
S01012174,Whole house or bungalow: Detached,165,160,39,121,5,1,4
S01012174,Whole house or bungalow: Semi-detached,67,62,13,49,5,1,4
S01012174,Whole house or bungalow: Terraced (including end-terrace),48,43,10,33,5,1,4
S01012174,Flat maisonette or apartment or mobile/temporary accommodation,21,14,2,12,7,4,3
S01012175,All households,385,348,130,218,37,5,32
S01012175,Whole house or bungalow: Total,274,260,105,155,14,3,11
S01012175,Whole house or bungalow: Detached,48,47,27,20,1,1,0
S01012175,Whole house or bungalow: Semi-detached,131,126,56,70,5,0,5
S01012175,Whole house or bungalow: Terraced (including end-terrace),95,87,22,65,8,2,6
S01012175,Flat maisonette or apartment or mobile/temporary accommodation,111,88,25,63,23,2,21
S01012176,All households,367,337,134,203,30,3,27
S01012176,Whole house or bungalow: Total,262,247,107,140,15,1,14
S01012176,Whole house or bungalow: Detached,53,50,29,21,3,0,3
S01012176,Whole house or bungalow: Semi-detached,154,148,65,83,6,0,6
S01012176,Whole house or bungalow: Terraced (including end-terrace),55,49,13,36,6,1,5
S01012176,Flat maisonette or apartment or mobile/temporary accommodation,105,90,27,63,15,2,13
S01012177,All households,242,223,115,108,19,3,16
S01012177,Whole house or bungalow: Total,209,201,109,92,8,1,7
S01012177,Whole house or bungalow: Detached,37,37,25,12,0,0,0
S01012177,Whole house or bungalow: Semi-detached,128,126,58,68,2,0,2
S01012177,Whole house or bungalow: Terraced (including end-terrace),44,38,26,12,6,1,5
S01012177,Flat maisonette or apartment or mobile/temporary accommodation,33,22,6,16,11,2,9
S01012178,All households,212,200,107,93,12,3,9
S01012178,Whole house or bungalow: Total,207,197,105,92,10,1,9
S01012178,Whole house or bungalow: Detached,36,34,23,11,2,0,2
S01012178,Whole house or bungalow: Semi-detached,135,129,71,58,6,0,6
S01012178,Whole house or bungalow: Terraced (including end-terrace),36,34,11,23,2,1,1
S01012178,Flat maisonette or apartment or mobile/temporary accommodation,5,3,2,1,2,2,0
S01012179,All households,301,199,101,98,102,68,34
S01012179,Whole house or bungalow: Total,140,128,75,53,12,3,9
S01012179,Whole house or bungalow: Detached,44,43,26,17,1,0,1
S01012179,Whole house or bungalow: Semi-detached,83,77,47,30,6,1,5
S01012179,Whole house or bungalow: Terraced (including end-terrace),13,8,2,6,5,2,3
S01012179,Flat maisonette or apartment or mobile/temporary accommodation,161,71,26,45,90,65,25
S01012180,All households,273,207,120,87,66,49,17
S01012180,Whole house or bungalow: Total,156,124,73,51,32,26,6
S01012180,Whole house or bungalow: Detached,33,29,20,9,4,4,0
S01012180,Whole house or bungalow: Semi-detached,87,67,37,30,20,16,4
S01012180,Whole house or bungalow: Terraced (including end-terrace),36,28,16,12,8,6,2
S01012180,Flat maisonette or apartment or mobile/temporary accommodation,117,83,47,36,34,23,11
S01012181,All households,384,266,123,143,118,77,41
S01012181,Whole house or bungalow: Total,149,128,59,69,21,14,7
S01012181,Whole house or bungalow: Detached,29,24,16,8,5,4,1
S01012181,Whole house or bungalow: Semi-detached,89,80,34,46,9,4,5
S01012181,Whole house or bungalow: Terraced (including end-terrace),31,24,9,15,7,6,1
S01012181,Flat maisonette or apartment or mobile/temporary accommodation,235,138,64,74,97,63,34
S01012182,All households,431,347,70,277,84,21,63
S01012182,Whole house or bungalow: Total,248,228,48,180,20,3,17
S01012182,Whole house or bungalow: Detached,79,72,18,54,7,1,6
S01012182,Whole house or bungalow: Semi-detached,85,75,15,60,10,1,9
S01012182,Whole house or bungalow: Terraced (including end-terrace),84,81,15,66,3,1,2
S01012182,Flat maisonette or apartment or mobile/temporary accommodation,183,119,22,97,64,18,46
S01012183,All households,408,243,74,169,165,107,58
S01012183,Whole house or bungalow: Total,56,43,12,31,13,11,2
S01012183,Whole house or bungalow: Detached,9,8,6,2,1,1,0
S01012183,Whole house or bungalow: Semi-detached,25,18,2,16,7,5,2
S01012183,Whole house or bungalow: Terraced (including end-terrace),22,17,4,13,5,5,0
S01012183,Flat maisonette or apartment or mobile/temporary accommodation,352,200,62,138,152,96,56
S01012184,All households,280,167,26,141,113,7,106
S01012184,Whole house or bungalow: Total,35,30,4,26,5,0,5
S01012184,Whole house or bungalow: Detached,2,2,1,1,0,0,0
S01012184,Whole house or bungalow: Semi-detached,7,5,2,3,2,0,2
S01012184,Whole house or bungalow: Terraced (including end-terrace),26,23,1,22,3,0,3
S01012184,Flat maisonette or apartment or mobile/temporary accommodation,245,137,22,115,108,7,101
S01012185,All households,506,197,54,143,309,146,163
S01012185,Whole house or bungalow: Total,29,21,10,11,8,2,6
S01012185,Whole house or bungalow: Detached,5,5,3,2,0,0,0
S01012185,Whole house or bungalow: Semi-detached,15,12,4,8,3,0,3
S01012185,Whole house or bungalow: Terraced (including end-terrace),9,4,3,1,5,2,3
S01012185,Flat maisonette or apartment or mobile/temporary accommodation,477,176,44,132,301,144,157
S01012186,All households,344,230,111,119,114,90,24
S01012186,Whole house or bungalow: Total,192,143,68,75,49,39,10
S01012186,Whole house or bungalow: Detached,6,6,0,6,0,0,0
S01012186,Whole house or bungalow: Semi-detached,67,47,25,22,20,14,6
S01012186,Whole house or bungalow: Terraced (including end-terrace),119,90,43,47,29,25,4
S01012186,Flat maisonette or apartment or mobile/temporary accommodation,152,87,43,44,65,51,14
S01012187,All households,382,192,81,111,190,135,55
S01012187,Whole house or bungalow: Total,103,79,38,41,24,18,6
S01012187,Whole house or bungalow: Detached,3,3,1,2,0,0,0
S01012187,Whole house or bungalow: Semi-detached,68,54,29,25,14,10,4
S01012187,Whole house or bungalow: Terraced (including end-terrace),32,22,8,14,10,8,2
S01012187,Flat maisonette or apartment or mobile/temporary accommodation,279,113,43,70,166,117,49
S01012188,All households,252,208,118,90,44,30,14
S01012188,Whole house or bungalow: Total,203,187,112,75,16,8,8
S01012188,Whole house or bungalow: Detached,29,28,16,12,1,1,0
S01012188,Whole house or bungalow: Semi-detached,170,156,96,60,14,7,7
S01012188,Whole house or bungalow: Terraced (including end-terrace),4,3,0,3,1,0,1
S01012188,Flat maisonette or apartment or mobile/temporary accommodation,49,21,6,15,28,22,6
S01012189,All households,245,203,70,133,42,28,14
S01012189,Whole house or bungalow: Total,194,170,61,109,24,12,12
S01012189,Whole house or bungalow: Detached,32,30,2,28,2,1,1
S01012189,Whole house or bungalow: Semi-detached,117,101,49,52,16,7,9
S01012189,Whole house or bungalow: Terraced (including end-terrace),45,39,10,29,6,4,2
S01012189,Flat maisonette or apartment or mobile/temporary accommodation,51,33,9,24,18,16,2
S01012190,All households,210,193,40,153,17,3,14
S01012190,Whole house or bungalow: Total,207,193,40,153,14,2,12
S01012190,Whole house or bungalow: Detached,67,66,10,56,1,0,1
S01012190,Whole house or bungalow: Semi-detached,76,70,16,54,6,1,5
S01012190,Whole house or bungalow: Terraced (including end-terrace),64,57,14,43,7,1,6
S01012190,Flat maisonette or apartment or mobile/temporary accommodation,3,0,0,0,3,1,2
S01012191,All households,322,302,112,190,20,7,13
S01012191,Whole house or bungalow: Total,294,284,110,174,10,3,7
S01012191,Whole house or bungalow: Detached,176,170,67,103,6,1,5
S01012191,Whole house or bungalow: Semi-detached,84,82,33,49,2,1,1
S01012191,Whole house or bungalow: Terraced (including end-terrace),34,32,10,22,2,1,1
S01012191,Flat maisonette or apartment or mobile/temporary accommodation,28,18,2,16,10,4,6
S01012192,All households,187,176,80,96,11,6,5
S01012192,Whole house or bungalow: Total,183,175,79,96,8,4,4
S01012192,Whole house or bungalow: Detached,85,84,26,58,1,0,1
S01012192,Whole house or bungalow: Semi-detached,90,85,51,34,5,2,3
S01012192,Whole house or bungalow: Terraced (including end-terrace),8,6,2,4,2,2,0
S01012192,Flat maisonette or apartment or mobile/temporary accommodation,4,1,1,0,3,2,1
S01012193,All households,175,171,31,140,4,3,1
S01012193,Whole house or bungalow: Total,172,170,30,140,2,1,1
S01012193,Whole house or bungalow: Detached,139,138,28,110,1,0,1
S01012193,Whole house or bungalow: Semi-detached,28,28,1,27,0,0,0
S01012193,Whole house or bungalow: Terraced (including end-terrace),5,4,1,3,1,1,0
S01012193,Flat maisonette or apartment or mobile/temporary accommodation,3,1,1,0,2,2,0
S01012194,All households,179,175,34,141,4,3,1
S01012194,Whole house or bungalow: Total,176,175,34,141,1,0,1
S01012194,Whole house or bungalow: Detached,117,117,21,96,0,0,0
S01012194,Whole house or bungalow: Semi-detached,42,41,10,31,1,0,1
S01012194,Whole house or bungalow: Terraced (including end-terrace),17,17,3,14,0,0,0
S01012194,Flat maisonette or apartment or mobile/temporary accommodation,3,0,0,0,3,3,0
S01012195,All households,423,380,112,268,43,33,10
S01012195,Whole house or bungalow: Total,415,376,110,266,39,29,10
S01012195,Whole house or bungalow: Detached,98,96,18,78,2,1,1
S01012195,Whole house or bungalow: Semi-detached,115,106,24,82,9,8,1
S01012195,Whole house or bungalow: Terraced (including end-terrace),202,174,68,106,28,20,8
S01012195,Flat maisonette or apartment or mobile/temporary accommodation,8,4,2,2,4,4,0
S01012196,All households,211,187,40,147,24,10,14
S01012196,Whole house or bungalow: Total,174,158,32,126,16,10,6
S01012196,Whole house or bungalow: Detached,95,93,21,72,2,1,1
S01012196,Whole house or bungalow: Semi-detached,32,27,3,24,5,2,3
S01012196,Whole house or bungalow: Terraced (including end-terrace),47,38,8,30,9,7,2
S01012196,Flat maisonette or apartment or mobile/temporary accommodation,37,29,8,21,8,0,8
S01012197,All households,311,216,65,151,95,85,10
S01012197,Whole house or bungalow: Total,273,206,64,142,67,57,10
S01012197,Whole house or bungalow: Detached,14,11,4,7,3,1,2
S01012197,Whole house or bungalow: Semi-detached,22,15,4,11,7,6,1
S01012197,Whole house or bungalow: Terraced (including end-terrace),237,180,56,124,57,50,7
S01012197,Flat maisonette or apartment or mobile/temporary accommodation,38,10,1,9,28,28,0
S01012198,All households,403,263,80,183,140,123,17
S01012198,Whole house or bungalow: Total,293,242,73,169,51,40,11
S01012198,Whole house or bungalow: Detached,70,68,22,46,2,0,2
S01012198,Whole house or bungalow: Semi-detached,75,58,14,44,17,14,3
S01012198,Whole house or bungalow: Terraced (including end-terrace),148,116,37,79,32,26,6
S01012198,Flat maisonette or apartment or mobile/temporary accommodation,110,21,7,14,89,83,6
S01012199,All households,309,228,85,143,81,54,27
S01012199,Whole house or bungalow: Total,293,224,85,139,69,47,22
S01012199,Whole house or bungalow: Detached,12,10,0,10,2,1,1
S01012199,Whole house or bungalow: Semi-detached,43,25,10,15,18,10,8
S01012199,Whole house or bungalow: Terraced (including end-terrace),238,189,75,114,49,36,13
S01012199,Flat maisonette or apartment or mobile/temporary accommodation,16,4,0,4,12,7,5
S01012200,All households,278,206,72,134,72,55,17
S01012200,Whole house or bungalow: Total,265,198,70,128,67,53,14
S01012200,Whole house or bungalow: Detached,10,9,1,8,1,1,0
S01012200,Whole house or bungalow: Semi-detached,45,35,15,20,10,9,1
S01012200,Whole house or bungalow: Terraced (including end-terrace),210,154,54,100,56,43,13
S01012200,Flat maisonette or apartment or mobile/temporary accommodation,13,8,2,6,5,2,3
S01012201,All households,318,234,79,155,84,67,17
S01012201,Whole house or bungalow: Total,286,218,77,141,68,56,12
S01012201,Whole house or bungalow: Detached,14,12,4,8,2,1,1
S01012201,Whole house or bungalow: Semi-detached,50,34,12,22,16,14,2
S01012201,Whole house or bungalow: Terraced (including end-terrace),222,172,61,111,50,41,9
S01012201,Flat maisonette or apartment or mobile/temporary accommodation,32,16,2,14,16,11,5
S01012202,All households,239,198,68,130,41,25,16
S01012202,Whole house or bungalow: Total,226,190,66,124,36,24,12
S01012202,Whole house or bungalow: Detached,55,53,13,40,2,1,1
S01012202,Whole house or bungalow: Semi-detached,66,53,22,31,13,11,2
S01012202,Whole house or bungalow: Terraced (including end-terrace),105,84,31,53,21,12,9
S01012202,Flat maisonette or apartment or mobile/temporary accommodation,13,8,2,6,5,1,4
S01012203,All households,316,307,124,183,9,4,5
S01012203,Whole house or bungalow: Total,310,304,124,180,6,3,3
S01012203,Whole house or bungalow: Detached,165,164,66,98,1,1,0
S01012203,Whole house or bungalow: Semi-detached,115,114,53,61,1,0,1
S01012203,Whole house or bungalow: Terraced (including end-terrace),30,26,5,21,4,2,2
S01012203,Flat maisonette or apartment or mobile/temporary accommodation,6,3,0,3,3,1,2
S01012204,All households,270,262,100,162,8,1,7
S01012204,Whole house or bungalow: Total,266,258,100,158,8,1,7
S01012204,Whole house or bungalow: Detached,154,152,63,89,2,0,2
S01012204,Whole house or bungalow: Semi-detached,98,94,31,63,4,0,4
S01012204,Whole house or bungalow: Terraced (including end-terrace),14,12,6,6,2,1,1
S01012204,Flat maisonette or apartment or mobile/temporary accommodation,4,4,0,4,0,0,0
S01012205,All households,273,254,92,162,19,4,15
S01012205,Whole house or bungalow: Total,245,235,89,146,10,3,7
S01012205,Whole house or bungalow: Detached,92,92,43,49,0,0,0
S01012205,Whole house or bungalow: Semi-detached,99,95,29,66,4,2,2
S01012205,Whole house or bungalow: Terraced (including end-terrace),54,48,17,31,6,1,5
S01012205,Flat maisonette or apartment or mobile/temporary accommodation,28,19,3,16,9,1,8
S01012206,All households,317,280,96,184,37,25,12
S01012206,Whole house or bungalow: Total,294,265,95,170,29,21,8
S01012206,Whole house or bungalow: Detached,38,38,14,24,0,0,0
S01012206,Whole house or bungalow: Semi-detached,116,109,40,69,7,4,3
S01012206,Whole house or bungalow: Terraced (including end-terrace),140,118,41,77,22,17,5
S01012206,Flat maisonette or apartment or mobile/temporary accommodation,23,15,1,14,8,4,4
S01012207,All households,401,293,116,177,108,77,31
S01012207,Whole house or bungalow: Total,370,282,111,171,88,60,28
S01012207,Whole house or bungalow: Detached,19,15,6,9,4,3,1
S01012207,Whole house or bungalow: Semi-detached,35,24,9,15,11,7,4
S01012207,Whole house or bungalow: Terraced (including end-terrace),316,243,96,147,73,50,23
S01012207,Flat maisonette or apartment or mobile/temporary accommodation,31,11,5,6,20,17,3
S01012208,All households,457,330,134,196,127,95,32
S01012208,Whole house or bungalow: Total,362,286,123,163,76,56,20
S01012208,Whole house or bungalow: Detached,22,20,5,15,2,1,1
S01012208,Whole house or bungalow: Semi-detached,70,46,21,25,24,20,4
S01012208,Whole house or bungalow: Terraced (including end-terrace),270,220,97,123,50,35,15
S01012208,Flat maisonette or apartment or mobile/temporary accommodation,95,44,11,33,51,39,12
S01012209,All households,318,217,78,139,101,73,28
S01012209,Whole house or bungalow: Total,232,181,68,113,51,37,14
S01012209,Whole house or bungalow: Detached,10,9,3,6,1,0,1
S01012209,Whole house or bungalow: Semi-detached,31,20,10,10,11,6,5
S01012209,Whole house or bungalow: Terraced (including end-terrace),191,152,55,97,39,31,8
S01012209,Flat maisonette or apartment or mobile/temporary accommodation,86,36,10,26,50,36,14
S01012210,All households,385,232,97,135,153,129,24
S01012210,Whole house or bungalow: Total,257,207,89,118,50,41,9
S01012210,Whole house or bungalow: Detached,8,8,3,5,0,0,0
S01012210,Whole house or bungalow: Semi-detached,34,30,16,14,4,3,1
S01012210,Whole house or bungalow: Terraced (including end-terrace),215,169,70,99,46,38,8
S01012210,Flat maisonette or apartment or mobile/temporary accommodation,128,25,8,17,103,88,15
S01012211,All households,408,305,124,181,103,75,28
S01012211,Whole house or bungalow: Total,305,258,105,153,47,33,14
S01012211,Whole house or bungalow: Detached,72,68,33,35,4,1,3
S01012211,Whole house or bungalow: Semi-detached,127,113,47,66,14,7,7
S01012211,Whole house or bungalow: Terraced (including end-terrace),106,77,25,52,29,25,4
S01012211,Flat maisonette or apartment or mobile/temporary accommodation,103,47,19,28,56,42,14
S01012212,All households,304,291,163,128,13,8,5
S01012212,Whole house or bungalow: Total,294,288,162,126,6,3,3
S01012212,Whole house or bungalow: Detached,106,104,70,34,2,0,2
S01012212,Whole house or bungalow: Semi-detached,176,173,87,86,3,2,1
S01012212,Whole house or bungalow: Terraced (including end-terrace),12,11,5,6,1,1,0
S01012212,Flat maisonette or apartment or mobile/temporary accommodation,10,3,1,2,7,5,2
S01012213,All households,336,326,177,149,10,2,8
S01012213,Whole house or bungalow: Total,330,323,176,147,7,0,7
S01012213,Whole house or bungalow: Detached,93,93,62,31,0,0,0
S01012213,Whole house or bungalow: Semi-detached,178,173,92,81,5,0,5
S01012213,Whole house or bungalow: Terraced (including end-terrace),59,57,22,35,2,0,2
S01012213,Flat maisonette or apartment or mobile/temporary accommodation,6,3,1,2,3,2,1
S01012214,All households,282,271,159,112,11,1,10
S01012214,Whole house or bungalow: Total,276,266,158,108,10,0,10
S01012214,Whole house or bungalow: Detached,81,79,54,25,2,0,2
S01012214,Whole house or bungalow: Semi-detached,172,164,88,76,8,0,8
S01012214,Whole house or bungalow: Terraced (including end-terrace),23,23,16,7,0,0,0
S01012214,Flat maisonette or apartment or mobile/temporary accommodation,6,5,1,4,1,1,0
S01012215,All households,329,314,143,171,15,6,9
S01012215,Whole house or bungalow: Total,318,308,142,166,10,2,8
S01012215,Whole house or bungalow: Detached,99,98,53,45,1,0,1
S01012215,Whole house or bungalow: Semi-detached,177,170,69,101,7,2,5
S01012215,Whole house or bungalow: Terraced (including end-terrace),42,40,20,20,2,0,2
S01012215,Flat maisonette or apartment or mobile/temporary accommodation,11,6,1,5,5,4,1
S01012216,All households,282,258,127,131,24,11,13
S01012216,Whole house or bungalow: Total,256,243,122,121,13,3,10
S01012216,Whole house or bungalow: Detached,134,128,75,53,6,0,6
S01012216,Whole house or bungalow: Semi-detached,115,109,43,66,6,2,4
S01012216,Whole house or bungalow: Terraced (including end-terrace),7,6,4,2,1,1,0
S01012216,Flat maisonette or apartment or mobile/temporary accommodation,26,15,5,10,11,8,3
S01012217,All households,267,109,36,73,158,131,27
S01012217,Whole house or bungalow: Total,86,63,27,36,23,18,5
S01012217,Whole house or bungalow: Detached,3,2,1,1,1,0,1
S01012217,Whole house or bungalow: Semi-detached,16,12,4,8,4,4,0
S01012217,Whole house or bungalow: Terraced (including end-terrace),67,49,22,27,18,14,4
S01012217,Flat maisonette or apartment or mobile/temporary accommodation,181,46,9,37,135,113,22
S01012218,All households,228,74,24,50,154,137,17
S01012218,Whole house or bungalow: Total,83,54,20,34,29,26,3
S01012218,Whole house or bungalow: Detached,3,3,2,1,0,0,0
S01012218,Whole house or bungalow: Semi-detached,19,11,2,9,8,6,2
S01012218,Whole house or bungalow: Terraced (including end-terrace),61,40,16,24,21,20,1
S01012218,Flat maisonette or apartment or mobile/temporary accommodation,145,20,4,16,125,111,14
S01012219,All households,415,225,97,128,190,160,30
S01012219,Whole house or bungalow: Total,284,192,87,105,92,75,17
S01012219,Whole house or bungalow: Detached,9,4,0,4,5,3,2
S01012219,Whole house or bungalow: Semi-detached,66,47,18,29,19,14,5
S01012219,Whole house or bungalow: Terraced (including end-terrace),209,141,69,72,68,58,10
S01012219,Flat maisonette or apartment or mobile/temporary accommodation,131,33,10,23,98,85,13
S01012220,All households,367,111,42,69,256,208,48
S01012220,Whole house or bungalow: Total,90,54,20,34,36,33,3
S01012220,Whole house or bungalow: Detached,7,4,2,2,3,1,2
S01012220,Whole house or bungalow: Semi-detached,16,8,3,5,8,7,1
S01012220,Whole house or bungalow: Terraced (including end-terrace),67,42,15,27,25,25,0
S01012220,Flat maisonette or apartment or mobile/temporary accommodation,277,57,22,35,220,175,45
S01012221,All households,332,197,75,122,135,104,31
S01012221,Whole house or bungalow: Total,159,116,44,72,43,31,12
S01012221,Whole house or bungalow: Detached,12,10,3,7,2,1,1
S01012221,Whole house or bungalow: Semi-detached,51,37,13,24,14,10,4
S01012221,Whole house or bungalow: Terraced (including end-terrace),96,69,28,41,27,20,7
S01012221,Flat maisonette or apartment or mobile/temporary accommodation,173,81,31,50,92,73,19
S01012222,All households,402,250,95,155,152,112,40
S01012222,Whole house or bungalow: Total,249,205,78,127,44,33,11
S01012222,Whole house or bungalow: Detached,7,5,3,2,2,1,1
S01012222,Whole house or bungalow: Semi-detached,64,46,15,31,18,12,6
S01012222,Whole house or bungalow: Terraced (including end-terrace),178,154,60,94,24,20,4
S01012222,Flat maisonette or apartment or mobile/temporary accommodation,153,45,17,28,108,79,29
S01012223,All households,360,173,63,110,187,169,18
S01012223,Whole house or bungalow: Total,252,146,60,86,106,95,11
S01012223,Whole house or bungalow: Detached,9,3,2,1,6,6,0
S01012223,Whole house or bungalow: Semi-detached,78,34,13,21,44,40,4
S01012223,Whole house or bungalow: Terraced (including end-terrace),165,109,45,64,56,49,7
S01012223,Flat maisonette or apartment or mobile/temporary accommodation,108,27,3,24,81,74,7
S01012224,All households,333,230,73,157,103,82,21
S01012224,Whole house or bungalow: Total,220,173,63,110,47,38,9
S01012224,Whole house or bungalow: Detached,21,19,4,15,2,1,1
S01012224,Whole house or bungalow: Semi-detached,44,33,11,22,11,7,4
S01012224,Whole house or bungalow: Terraced (including end-terrace),155,121,48,73,34,30,4
S01012224,Flat maisonette or apartment or mobile/temporary accommodation,113,57,10,47,56,44,12
S01012225,All households,459,259,95,164,200,157,43
S01012225,Whole house or bungalow: Total,268,208,83,125,60,37,23
S01012225,Whole house or bungalow: Detached,26,23,4,19,3,1,2
S01012225,Whole house or bungalow: Semi-detached,52,34,13,21,18,13,5
S01012225,Whole house or bungalow: Terraced (including end-terrace),190,151,66,85,39,23,16
S01012225,Flat maisonette or apartment or mobile/temporary accommodation,191,51,12,39,140,120,20
S01012226,All households,287,246,90,156,41,29,12
S01012226,Whole house or bungalow: Total,240,211,81,130,29,18,11
S01012226,Whole house or bungalow: Detached,4,4,2,2,0,0,0
S01012226,Whole house or bungalow: Semi-detached,14,9,4,5,5,3,2
S01012226,Whole house or bungalow: Terraced (including end-terrace),222,198,75,123,24,15,9
S01012226,Flat maisonette or apartment or mobile/temporary accommodation,47,35,9,26,12,11,1
S01012227,All households,260,214,73,141,46,29,17
S01012227,Whole house or bungalow: Total,218,187,67,120,31,19,12
S01012227,Whole house or bungalow: Detached,8,8,3,5,0,0,0
S01012227,Whole house or bungalow: Semi-detached,15,12,3,9,3,2,1
S01012227,Whole house or bungalow: Terraced (including end-terrace),195,167,61,106,28,17,11
S01012227,Flat maisonette or apartment or mobile/temporary accommodation,42,27,6,21,15,10,5
S01012228,All households,252,208,66,142,44,28,16
S01012228,Whole house or bungalow: Total,237,204,64,140,33,21,12
S01012228,Whole house or bungalow: Detached,10,8,2,6,2,1,1
S01012228,Whole house or bungalow: Semi-detached,20,17,5,12,3,1,2
S01012228,Whole house or bungalow: Terraced (including end-terrace),207,179,57,122,28,19,9
S01012228,Flat maisonette or apartment or mobile/temporary accommodation,15,4,2,2,11,7,4
S01012229,All households,323,278,92,186,45,4,41
S01012229,Whole house or bungalow: Total,294,263,89,174,31,4,27
S01012229,Whole house or bungalow: Detached,98,95,37,58,3,0,3
S01012229,Whole house or bungalow: Semi-detached,112,98,36,62,14,1,13
S01012229,Whole house or bungalow: Terraced (including end-terrace),84,70,16,54,14,3,11
S01012229,Flat maisonette or apartment or mobile/temporary accommodation,29,15,3,12,14,0,14
S01012230,All households,392,366,129,237,26,1,25
S01012230,Whole house or bungalow: Total,368,349,127,222,19,0,19
S01012230,Whole house or bungalow: Detached,196,191,57,134,5,0,5
S01012230,Whole house or bungalow: Semi-detached,147,135,58,77,12,0,12
S01012230,Whole house or bungalow: Terraced (including end-terrace),25,23,12,11,2,0,2
S01012230,Flat maisonette or apartment or mobile/temporary accommodation,24,17,2,15,7,1,6
S01012231,All households,289,277,123,154,12,3,9
S01012231,Whole house or bungalow: Total,285,275,123,152,10,3,7
S01012231,Whole house or bungalow: Detached,202,198,84,114,4,1,3
S01012231,Whole house or bungalow: Semi-detached,78,73,37,36,5,2,3
S01012231,Whole house or bungalow: Terraced (including end-terrace),5,4,2,2,1,0,1
S01012231,Flat maisonette or apartment or mobile/temporary accommodation,4,2,0,2,2,0,2
S01012232,All households,318,308,118,190,10,1,9
S01012232,Whole house or bungalow: Total,312,303,118,185,9,1,8
S01012232,Whole house or bungalow: Detached,172,169,67,102,3,0,3
S01012232,Whole house or bungalow: Semi-detached,112,107,39,68,5,1,4
S01012232,Whole house or bungalow: Terraced (including end-terrace),28,27,12,15,1,0,1
S01012232,Flat maisonette or apartment or mobile/temporary accommodation,6,5,0,5,1,0,1
S01012233,All households,341,325,144,181,16,2,14
S01012233,Whole house or bungalow: Total,326,320,142,178,6,0,6
S01012233,Whole house or bungalow: Detached,205,202,106,96,3,0,3
S01012233,Whole house or bungalow: Semi-detached,118,115,35,80,3,0,3
S01012233,Whole house or bungalow: Terraced (including end-terrace),3,3,1,2,0,0,0
S01012233,Flat maisonette or apartment or mobile/temporary accommodation,15,5,2,3,10,2,8
S01012234,All households,393,351,122,229,42,22,20
S01012234,Whole house or bungalow: Total,328,318,107,211,10,2,8
S01012234,Whole house or bungalow: Detached,248,246,84,162,2,0,2
S01012234,Whole house or bungalow: Semi-detached,71,64,20,44,7,1,6
S01012234,Whole house or bungalow: Terraced (including end-terrace),9,8,3,5,1,1,0
S01012234,Flat maisonette or apartment or mobile/temporary accommodation,65,33,15,18,32,20,12
S01012235,All households,192,181,114,67,11,2,9
S01012235,Whole house or bungalow: Total,185,178,114,64,7,0,7
S01012235,Whole house or bungalow: Detached,169,165,108,57,4,0,4
S01012235,Whole house or bungalow: Semi-detached,14,11,5,6,3,0,3
S01012235,Whole house or bungalow: Terraced (including end-terrace),2,2,1,1,0,0,0
S01012235,Flat maisonette or apartment or mobile/temporary accommodation,7,3,0,3,4,2,2
S01012236,All households,278,204,85,119,74,25,49
S01012236,Whole house or bungalow: Total,226,175,77,98,51,14,37
S01012236,Whole house or bungalow: Detached,61,51,25,26,10,1,9
S01012236,Whole house or bungalow: Semi-detached,66,49,19,30,17,3,14
S01012236,Whole house or bungalow: Terraced (including end-terrace),99,75,33,42,24,10,14
S01012236,Flat maisonette or apartment or mobile/temporary accommodation,52,29,8,21,23,11,12
S01012237,All households,319,301,158,143,18,5,13
S01012237,Whole house or bungalow: Total,275,269,142,127,6,3,3
S01012237,Whole house or bungalow: Detached,154,154,86,68,0,0,0
S01012237,Whole house or bungalow: Semi-detached,113,107,55,52,6,3,3
S01012237,Whole house or bungalow: Terraced (including end-terrace),8,8,1,7,0,0,0
S01012237,Flat maisonette or apartment or mobile/temporary accommodation,44,32,16,16,12,2,10
S01012238,All households,309,191,78,113,118,68,50
S01012238,Whole house or bungalow: Total,162,116,52,64,46,39,7
S01012238,Whole house or bungalow: Detached,28,26,13,13,2,2,0
S01012238,Whole house or bungalow: Semi-detached,44,29,11,18,15,13,2
S01012238,Whole house or bungalow: Terraced (including end-terrace),90,61,28,33,29,24,5
S01012238,Flat maisonette or apartment or mobile/temporary accommodation,147,75,26,49,72,29,43
S01012239,All households,274,154,67,87,120,85,35
S01012239,Whole house or bungalow: Total,96,68,30,38,28,22,6
S01012239,Whole house or bungalow: Detached,29,23,10,13,6,3,3
S01012239,Whole house or bungalow: Semi-detached,41,31,16,15,10,10,0
S01012239,Whole house or bungalow: Terraced (including end-terrace),26,14,4,10,12,9,3
S01012239,Flat maisonette or apartment or mobile/temporary accommodation,178,86,37,49,92,63,29
S01012240,All households,391,281,138,143,110,68,42
S01012240,Whole house or bungalow: Total,240,198,102,96,42,26,16
S01012240,Whole house or bungalow: Detached,87,82,49,33,5,1,4
S01012240,Whole house or bungalow: Semi-detached,76,57,24,33,19,12,7
S01012240,Whole house or bungalow: Terraced (including end-terrace),77,59,29,30,18,13,5
S01012240,Flat maisonette or apartment or mobile/temporary accommodation,151,83,36,47,68,42,26
S01012241,All households,232,208,107,101,24,8,16
S01012241,Whole house or bungalow: Total,178,169,96,73,9,5,4
S01012241,Whole house or bungalow: Detached,137,135,83,52,2,0,2
S01012241,Whole house or bungalow: Semi-detached,38,31,12,19,7,5,2
S01012241,Whole house or bungalow: Terraced (including end-terrace),3,3,1,2,0,0,0
S01012241,Flat maisonette or apartment or mobile/temporary accommodation,54,39,11,28,15,3,12
S01012242,All households,307,293,150,143,14,5,9
S01012242,Whole house or bungalow: Total,287,276,143,133,11,2,9
S01012242,Whole house or bungalow: Detached,205,202,115,87,3,0,3
S01012242,Whole house or bungalow: Semi-detached,52,46,20,26,6,1,5
S01012242,Whole house or bungalow: Terraced (including end-terrace),30,28,8,20,2,1,1
S01012242,Flat maisonette or apartment or mobile/temporary accommodation,20,17,7,10,3,3,0
S01012243,All households,244,211,95,116,33,9,24
S01012243,Whole house or bungalow: Total,235,206,95,111,29,7,22
S01012243,Whole house or bungalow: Detached,102,96,49,47,6,0,6
S01012243,Whole house or bungalow: Semi-detached,85,76,33,43,9,2,7
S01012243,Whole house or bungalow: Terraced (including end-terrace),48,34,13,21,14,5,9
S01012243,Flat maisonette or apartment or mobile/temporary accommodation,9,5,0,5,4,2,2
S01012244,All households,347,275,124,151,72,7,65
S01012244,Whole house or bungalow: Total,337,274,124,150,63,6,57
S01012244,Whole house or bungalow: Detached,252,218,103,115,34,1,33
S01012244,Whole house or bungalow: Semi-detached,55,31,11,20,24,4,20
S01012244,Whole house or bungalow: Terraced (including end-terrace),30,25,10,15,5,1,4
S01012244,Flat maisonette or apartment or mobile/temporary accommodation,10,1,0,1,9,1,8
S01012245,All households,335,236,137,99,99,68,31
S01012245,Whole house or bungalow: Total,266,221,131,90,45,20,25
S01012245,Whole house or bungalow: Detached,157,143,91,52,14,1,13
S01012245,Whole house or bungalow: Semi-detached,55,45,23,22,10,5,5
S01012245,Whole house or bungalow: Terraced (including end-terrace),54,33,17,16,21,14,7
S01012245,Flat maisonette or apartment or mobile/temporary accommodation,69,15,6,9,54,48,6
S01012246,All households,301,260,122,138,41,18,23
S01012246,Whole house or bungalow: Total,288,254,117,137,34,15,19
S01012246,Whole house or bungalow: Detached,185,179,80,99,6,1,5
S01012246,Whole house or bungalow: Semi-detached,40,28,12,16,12,5,7
S01012246,Whole house or bungalow: Terraced (including end-terrace),63,47,25,22,16,9,7
S01012246,Flat maisonette or apartment or mobile/temporary accommodation,13,6,5,1,7,3,4
S01012247,All households,303,242,123,119,61,16,45
S01012247,Whole house or bungalow: Total,282,235,118,117,47,7,40
S01012247,Whole house or bungalow: Detached,185,155,85,70,30,0,30
S01012247,Whole house or bungalow: Semi-detached,57,45,22,23,12,6,6
S01012247,Whole house or bungalow: Terraced (including end-terrace),40,35,11,24,5,1,4
S01012247,Flat maisonette or apartment or mobile/temporary accommodation,21,7,5,2,14,9,5
S01012248,All households,332,220,115,105,112,26,86
S01012248,Whole house or bungalow: Total,312,215,113,102,97,20,77
S01012248,Whole house or bungalow: Detached,210,166,85,81,44,0,44
S01012248,Whole house or bungalow: Semi-detached,83,39,24,15,44,16,28
S01012248,Whole house or bungalow: Terraced (including end-terrace),19,10,4,6,9,4,5
S01012248,Flat maisonette or apartment or mobile/temporary accommodation,20,5,2,3,15,6,9
S01012249,All households,365,240,121,119,125,41,84
S01012249,Whole house or bungalow: Total,348,235,117,118,113,31,82
S01012249,Whole house or bungalow: Detached,217,166,94,72,51,3,48
S01012249,Whole house or bungalow: Semi-detached,74,35,12,23,39,15,24
S01012249,Whole house or bungalow: Terraced (including end-terrace),57,34,11,23,23,13,10
S01012249,Flat maisonette or apartment or mobile/temporary accommodation,17,5,4,1,12,10,2
S01012250,All households,301,206,131,75,95,9,86
S01012250,Whole house or bungalow: Total,290,199,129,70,91,8,83
S01012250,Whole house or bungalow: Detached,202,152,105,47,50,1,49
S01012250,Whole house or bungalow: Semi-detached,64,35,18,17,29,4,25
S01012250,Whole house or bungalow: Terraced (including end-terrace),24,12,6,6,12,3,9
S01012250,Flat maisonette or apartment or mobile/temporary accommodation,11,7,2,5,4,1,3
S01012251,All households,457,265,130,135,192,137,55
S01012251,Whole house or bungalow: Total,224,163,79,84,61,43,18
S01012251,Whole house or bungalow: Detached,33,27,15,12,6,1,5
S01012251,Whole house or bungalow: Semi-detached,127,92,44,48,35,25,10
S01012251,Whole house or bungalow: Terraced (including end-terrace),64,44,20,24,20,17,3
S01012251,Flat maisonette or apartment or mobile/temporary accommodation,233,102,51,51,131,94,37
S01012252,All households,333,189,82,107,144,113,31
S01012252,Whole house or bungalow: Total,160,133,61,72,27,13,14
S01012252,Whole house or bungalow: Detached,72,68,37,31,4,2,2
S01012252,Whole house or bungalow: Semi-detached,77,61,23,38,16,7,9
S01012252,Whole house or bungalow: Terraced (including end-terrace),11,4,1,3,7,4,3
S01012252,Flat maisonette or apartment or mobile/temporary accommodation,173,56,21,35,117,100,17
S01012253,All households,508,260,155,105,248,151,97
S01012253,Whole house or bungalow: Total,222,160,101,59,62,39,23
S01012253,Whole house or bungalow: Detached,56,48,27,21,8,4,4
S01012253,Whole house or bungalow: Semi-detached,97,76,55,21,21,16,5
S01012253,Whole house or bungalow: Terraced (including end-terrace),69,36,19,17,33,19,14
S01012253,Flat maisonette or apartment or mobile/temporary accommodation,286,100,54,46,186,112,74
S01012254,All households,399,277,137,140,122,49,73
S01012254,Whole house or bungalow: Total,211,171,84,87,40,14,26
S01012254,Whole house or bungalow: Detached,33,30,16,14,3,0,3
S01012254,Whole house or bungalow: Semi-detached,128,106,51,55,22,10,12
S01012254,Whole house or bungalow: Terraced (including end-terrace),50,35,17,18,15,4,11
S01012254,Flat maisonette or apartment or mobile/temporary accommodation,188,106,53,53,82,35,47
S01012255,All households,475,325,212,113,150,55,95
S01012255,Whole house or bungalow: Total,207,167,99,68,40,9,31
S01012255,Whole house or bungalow: Detached,93,82,51,31,11,0,11
S01012255,Whole house or bungalow: Semi-detached,57,42,25,17,15,5,10
S01012255,Whole house or bungalow: Terraced (including end-terrace),57,43,23,20,14,4,10
S01012255,Flat maisonette or apartment or mobile/temporary accommodation,268,158,113,45,110,46,64
S01012256,All households,327,268,120,148,59,45,14
S01012256,Whole house or bungalow: Total,323,266,119,147,57,43,14
S01012256,Whole house or bungalow: Detached,185,175,81,94,10,2,8
S01012256,Whole house or bungalow: Semi-detached,58,44,18,26,14,10,4
S01012256,Whole house or bungalow: Terraced (including end-terrace),80,47,20,27,33,31,2
S01012256,Flat maisonette or apartment or mobile/temporary accommodation,4,2,1,1,2,2,0
S01012257,All households,412,286,158,128,126,99,27
S01012257,Whole house or bungalow: Total,343,258,140,118,85,65,20
S01012257,Whole house or bungalow: Detached,111,103,70,33,8,1,7
S01012257,Whole house or bungalow: Semi-detached,69,42,15,27,27,25,2
S01012257,Whole house or bungalow: Terraced (including end-terrace),163,113,55,58,50,39,11
S01012257,Flat maisonette or apartment or mobile/temporary accommodation,69,28,18,10,41,34,7
S01012258,All households,297,275,149,126,22,6,16
S01012258,Whole house or bungalow: Total,282,268,145,123,14,4,10
S01012258,Whole house or bungalow: Detached,214,207,112,95,7,0,7
S01012258,Whole house or bungalow: Semi-detached,52,47,24,23,5,3,2
S01012258,Whole house or bungalow: Terraced (including end-terrace),16,14,9,5,2,1,1
S01012258,Flat maisonette or apartment or mobile/temporary accommodation,15,7,4,3,8,2,6
S01012259,All households,277,254,175,79,23,4,19
S01012259,Whole house or bungalow: Total,241,226,160,66,15,4,11
S01012259,Whole house or bungalow: Detached,143,138,103,35,5,1,4
S01012259,Whole house or bungalow: Semi-detached,47,43,25,18,4,0,4
S01012259,Whole house or bungalow: Terraced (including end-terrace),51,45,32,13,6,3,3
S01012259,Flat maisonette or apartment or mobile/temporary accommodation,36,28,15,13,8,0,8
S01012260,All households,368,254,117,137,114,95,19
S01012260,Whole house or bungalow: Total,343,237,110,127,106,88,18
S01012260,Whole house or bungalow: Detached,112,110,51,59,2,0,2
S01012260,Whole house or bungalow: Semi-detached,132,64,33,31,68,61,7
S01012260,Whole house or bungalow: Terraced (including end-terrace),99,63,26,37,36,27,9
S01012260,Flat maisonette or apartment or mobile/temporary accommodation,25,17,7,10,8,7,1
S01012261,All households,322,263,90,173,59,37,22
S01012261,Whole house or bungalow: Total,302,256,88,168,46,30,16
S01012261,Whole house or bungalow: Detached,212,205,73,132,7,0,7
S01012261,Whole house or bungalow: Semi-detached,56,35,11,24,21,15,6
S01012261,Whole house or bungalow: Terraced (including end-terrace),34,16,4,12,18,15,3
S01012261,Flat maisonette or apartment or mobile/temporary accommodation,20,7,2,5,13,7,6
S01012262,All households,343,197,102,95,146,11,135
S01012262,Whole house or bungalow: Total,324,191,99,92,133,8,125
S01012262,Whole house or bungalow: Detached,216,144,80,64,72,0,72
S01012262,Whole house or bungalow: Semi-detached,70,33,15,18,37,4,33
S01012262,Whole house or bungalow: Terraced (including end-terrace),38,14,4,10,24,4,20
S01012262,Flat maisonette or apartment or mobile/temporary accommodation,19,6,3,3,13,3,10
S01012263,All households,366,213,108,105,153,97,56
S01012263,Whole house or bungalow: Total,168,115,66,49,53,20,33
S01012263,Whole house or bungalow: Detached,40,30,14,16,10,1,9
S01012263,Whole house or bungalow: Semi-detached,71,55,33,22,16,8,8
S01012263,Whole house or bungalow: Terraced (including end-terrace),57,30,19,11,27,11,16
S01012263,Flat maisonette or apartment or mobile/temporary accommodation,198,98,42,56,100,77,23
S01012264,All households,222,149,70,79,73,48,25
S01012264,Whole house or bungalow: Total,130,112,59,53,18,5,13
S01012264,Whole house or bungalow: Detached,93,85,47,38,8,0,8
S01012264,Whole house or bungalow: Semi-detached,19,13,5,8,6,2,4
S01012264,Whole house or bungalow: Terraced (including end-terrace),18,14,7,7,4,3,1
S01012264,Flat maisonette or apartment or mobile/temporary accommodation,92,37,11,26,55,43,12
S01012265,All households,340,190,91,99,150,132,18
S01012265,Whole house or bungalow: Total,250,169,85,84,81,69,12
S01012265,Whole house or bungalow: Detached,18,16,7,9,2,2,0
S01012265,Whole house or bungalow: Semi-detached,79,58,28,30,21,18,3
S01012265,Whole house or bungalow: Terraced (including end-terrace),153,95,50,45,58,49,9
S01012265,Flat maisonette or apartment or mobile/temporary accommodation,90,21,6,15,69,63,6
S01012266,All households,536,356,166,190,180,137,43
S01012266,Whole house or bungalow: Total,316,255,131,124,61,47,14
S01012266,Whole house or bungalow: Detached,177,163,84,79,14,7,7
S01012266,Whole house or bungalow: Semi-detached,84,56,28,28,28,24,4
S01012266,Whole house or bungalow: Terraced (including end-terrace),55,36,19,17,19,16,3
S01012266,Flat maisonette or apartment or mobile/temporary accommodation,220,101,35,66,119,90,29
S01012267,All households,318,269,139,130,49,10,39
S01012267,Whole house or bungalow: Total,214,190,101,89,24,6,18
S01012267,Whole house or bungalow: Detached,150,143,79,64,7,0,7
S01012267,Whole house or bungalow: Semi-detached,33,21,12,9,12,4,8
S01012267,Whole house or bungalow: Terraced (including end-terrace),31,26,10,16,5,2,3
S01012267,Flat maisonette or apartment or mobile/temporary accommodation,104,79,38,41,25,4,21
S01012268,All households,265,128,65,63,137,5,132
S01012268,Whole house or bungalow: Total,260,126,63,63,134,4,130
S01012268,Whole house or bungalow: Detached,160,94,51,43,66,0,66
S01012268,Whole house or bungalow: Semi-detached,56,15,5,10,41,3,38
S01012268,Whole house or bungalow: Terraced (including end-terrace),44,17,7,10,27,1,26
S01012268,Flat maisonette or apartment or mobile/temporary accommodation,5,2,2,0,3,1,2
S01012269,All households,461,345,178,167,116,74,42
S01012269,Whole house or bungalow: Total,365,299,159,140,66,36,30
S01012269,Whole house or bungalow: Detached,161,144,76,68,17,3,14
S01012269,Whole house or bungalow: Semi-detached,132,100,54,46,32,23,9
S01012269,Whole house or bungalow: Terraced (including end-terrace),72,55,29,26,17,10,7
S01012269,Flat maisonette or apartment or mobile/temporary accommodation,96,46,19,27,50,38,12
S01012270,All households,348,218,94,124,130,90,40
S01012270,Whole house or bungalow: Total,287,193,81,112,94,64,30
S01012270,Whole house or bungalow: Detached,31,25,9,16,6,3,3
S01012270,Whole house or bungalow: Semi-detached,139,87,40,47,52,39,13
S01012270,Whole house or bungalow: Terraced (including end-terrace),117,81,32,49,36,22,14
S01012270,Flat maisonette or apartment or mobile/temporary accommodation,61,25,13,12,36,26,10
S01012271,All households,421,282,146,136,139,25,114
S01012271,Whole house or bungalow: Total,409,279,146,133,130,21,109
S01012271,Whole house or bungalow: Detached,236,179,105,74,57,2,55
S01012271,Whole house or bungalow: Semi-detached,110,67,31,36,43,14,29
S01012271,Whole house or bungalow: Terraced (including end-terrace),63,33,10,23,30,5,25
S01012271,Flat maisonette or apartment or mobile/temporary accommodation,12,3,0,3,9,4,5
S01012272,All households,305,226,99,127,79,49,30
S01012272,Whole house or bungalow: Total,245,203,90,113,42,26,16
S01012272,Whole house or bungalow: Detached,115,106,48,58,9,1,8
S01012272,Whole house or bungalow: Semi-detached,99,77,32,45,22,15,7
S01012272,Whole house or bungalow: Terraced (including end-terrace),31,20,10,10,11,10,1
S01012272,Flat maisonette or apartment or mobile/temporary accommodation,60,23,9,14,37,23,14
S01012273,All households,297,226,125,101,71,21,50
S01012273,Whole house or bungalow: Total,288,223,124,99,65,17,48
S01012273,Whole house or bungalow: Detached,192,163,91,72,29,0,29
S01012273,Whole house or bungalow: Semi-detached,63,41,23,18,22,7,15
S01012273,Whole house or bungalow: Terraced (including end-terrace),33,19,10,9,14,10,4
S01012273,Flat maisonette or apartment or mobile/temporary accommodation,9,3,1,2,6,4,2
S01012274,All households,432,294,116,178,138,86,52
S01012274,Whole house or bungalow: Total,267,224,96,128,43,26,17
S01012274,Whole house or bungalow: Detached,125,120,53,67,5,1,4
S01012274,Whole house or bungalow: Semi-detached,81,72,30,42,9,4,5
S01012274,Whole house or bungalow: Terraced (including end-terrace),61,32,13,19,29,21,8
S01012274,Flat maisonette or apartment or mobile/temporary accommodation,165,70,20,50,95,60,35
S01012275,All households,450,170,69,101,280,110,170
S01012275,Whole house or bungalow: Total,99,68,34,34,31,7,24
S01012275,Whole house or bungalow: Detached,19,16,7,9,3,0,3
S01012275,Whole house or bungalow: Semi-detached,26,16,10,6,10,4,6
S01012275,Whole house or bungalow: Terraced (including end-terrace),54,36,17,19,18,3,15
S01012275,Flat maisonette or apartment or mobile/temporary accommodation,351,102,35,67,249,103,146
S01012276,All households,463,271,103,168,192,120,72
S01012276,Whole house or bungalow: Total,264,217,87,130,47,21,26
S01012276,Whole house or bungalow: Detached,104,94,44,50,10,1,9
S01012276,Whole house or bungalow: Semi-detached,69,54,21,33,15,8,7
S01012276,Whole house or bungalow: Terraced (including end-terrace),91,69,22,47,22,12,10
S01012276,Flat maisonette or apartment or mobile/temporary accommodation,199,54,16,38,145,99,46
S01012277,All households,482,286,113,173,196,110,86
S01012277,Whole house or bungalow: Total,260,186,81,105,74,43,31
S01012277,Whole house or bungalow: Detached,62,51,24,27,11,4,7
S01012277,Whole house or bungalow: Semi-detached,91,54,24,30,37,26,11
S01012277,Whole house or bungalow: Terraced (including end-terrace),107,81,33,48,26,13,13
S01012277,Flat maisonette or apartment or mobile/temporary accommodation,222,100,32,68,122,67,55
S01012278,All households,401,169,81,88,232,99,133
S01012278,Whole house or bungalow: Total,106,76,41,35,30,10,20
S01012278,Whole house or bungalow: Detached,40,35,24,11,5,2,3
S01012278,Whole house or bungalow: Semi-detached,28,18,6,12,10,6,4
S01012278,Whole house or bungalow: Terraced (including end-terrace),38,23,11,12,15,2,13
S01012278,Flat maisonette or apartment or mobile/temporary accommodation,295,93,40,53,202,89,113
S01012279,All households,407,178,81,97,229,127,102
S01012279,Whole house or bungalow: Total,142,68,37,31,74,55,19
S01012279,Whole house or bungalow: Detached,21,15,10,5,6,2,4
S01012279,Whole house or bungalow: Semi-detached,69,21,9,12,48,41,7
S01012279,Whole house or bungalow: Terraced (including end-terrace),52,32,18,14,20,12,8
S01012279,Flat maisonette or apartment or mobile/temporary accommodation,265,110,44,66,155,72,83
S01012280,All households,409,244,95,149,165,140,25
S01012280,Whole house or bungalow: Total,268,197,76,121,71,51,20
S01012280,Whole house or bungalow: Detached,18,12,7,5,6,2,4
S01012280,Whole house or bungalow: Semi-detached,153,111,40,71,42,30,12
S01012280,Whole house or bungalow: Terraced (including end-terrace),97,74,29,45,23,19,4
S01012280,Flat maisonette or apartment or mobile/temporary accommodation,141,47,19,28,94,89,5
S01012281,All households,371,232,110,122,139,40,99
S01012281,Whole house or bungalow: Total,157,118,67,51,39,18,21
S01012281,Whole house or bungalow: Detached,7,6,5,1,1,1,0
S01012281,Whole house or bungalow: Semi-detached,77,62,36,26,15,7,8
S01012281,Whole house or bungalow: Terraced (including end-terrace),73,50,26,24,23,10,13
S01012281,Flat maisonette or apartment or mobile/temporary accommodation,214,114,43,71,100,22,78
S01012282,All households,466,293,174,119,173,106,67
S01012282,Whole house or bungalow: Total,300,228,126,102,72,24,48
S01012282,Whole house or bungalow: Detached,156,132,76,56,24,2,22
S01012282,Whole house or bungalow: Semi-detached,115,85,42,43,30,10,20
S01012282,Whole house or bungalow: Terraced (including end-terrace),29,11,8,3,18,12,6
S01012282,Flat maisonette or apartment or mobile/temporary accommodation,166,65,48,17,101,82,19
S01012283,All households,369,244,132,112,125,90,35
S01012283,Whole house or bungalow: Total,251,212,118,94,39,17,22
S01012283,Whole house or bungalow: Detached,148,132,76,56,16,1,15
S01012283,Whole house or bungalow: Semi-detached,81,69,39,30,12,7,5
S01012283,Whole house or bungalow: Terraced (including end-terrace),22,11,3,8,11,9,2
S01012283,Flat maisonette or apartment or mobile/temporary accommodation,118,32,14,18,86,73,13
S01012284,All households,436,192,103,89,244,160,84
S01012284,Whole house or bungalow: Total,115,84,53,31,31,9,22
S01012284,Whole house or bungalow: Detached,29,26,19,7,3,2,1
S01012284,Whole house or bungalow: Semi-detached,41,32,20,12,9,1,8
S01012284,Whole house or bungalow: Terraced (including end-terrace),45,26,14,12,19,6,13
S01012284,Flat maisonette or apartment or mobile/temporary accommodation,321,108,50,58,213,151,62
S01012285,All households,266,192,118,74,74,57,17
S01012285,Whole house or bungalow: Total,202,184,111,73,18,4,14
S01012285,Whole house or bungalow: Detached,61,55,41,14,6,0,6
S01012285,Whole house or bungalow: Semi-detached,100,90,45,45,10,3,7
S01012285,Whole house or bungalow: Terraced (including end-terrace),41,39,25,14,2,1,1
S01012285,Flat maisonette or apartment or mobile/temporary accommodation,64,8,7,1,56,53,3
S01012286,All households,493,252,136,116,241,184,57
S01012286,Whole house or bungalow: Total,347,244,130,114,103,71,32
S01012286,Whole house or bungalow: Detached,60,50,29,21,10,2,8
S01012286,Whole house or bungalow: Semi-detached,58,28,14,14,30,24,6
S01012286,Whole house or bungalow: Terraced (including end-terrace),229,166,87,79,63,45,18
S01012286,Flat maisonette or apartment or mobile/temporary accommodation,146,8,6,2,138,113,25
S01012287,All households,479,114,59,55,365,344,21
S01012287,Whole house or bungalow: Total,178,92,48,44,86,72,14
S01012287,Whole house or bungalow: Detached,20,15,10,5,5,2,3
S01012287,Whole house or bungalow: Semi-detached,55,34,13,21,21,17,4
S01012287,Whole house or bungalow: Terraced (including end-terrace),103,43,25,18,60,53,7
S01012287,Flat maisonette or apartment or mobile/temporary accommodation,301,22,11,11,279,272,7
S01012288,All households,377,126,77,49,251,229,22
S01012288,Whole house or bungalow: Total,184,112,73,39,72,60,12
S01012288,Whole house or bungalow: Detached,25,17,12,5,8,4,4
S01012288,Whole house or bungalow: Semi-detached,57,35,20,15,22,20,2
S01012288,Whole house or bungalow: Terraced (including end-terrace),102,60,41,19,42,36,6
S01012288,Flat maisonette or apartment or mobile/temporary accommodation,193,14,4,10,179,169,10
S01012289,All households,411,343,245,98,68,27,41
S01012289,Whole house or bungalow: Total,378,325,233,92,53,21,32
S01012289,Whole house or bungalow: Detached,251,237,175,62,14,2,12
S01012289,Whole house or bungalow: Semi-detached,92,68,42,26,24,13,11
S01012289,Whole house or bungalow: Terraced (including end-terrace),35,20,16,4,15,6,9
S01012289,Flat maisonette or apartment or mobile/temporary accommodation,33,18,12,6,15,6,9
S01012290,All households,292,169,89,80,123,84,39
S01012290,Whole house or bungalow: Total,209,156,81,75,53,29,24
S01012290,Whole house or bungalow: Detached,61,49,30,19,12,4,8
S01012290,Whole house or bungalow: Semi-detached,107,87,40,47,20,11,9
S01012290,Whole house or bungalow: Terraced (including end-terrace),41,20,11,9,21,14,7
S01012290,Flat maisonette or apartment or mobile/temporary accommodation,83,13,8,5,70,55,15
S01012291,All households,421,282,121,161,139,66,73
S01012291,Whole house or bungalow: Total,273,218,83,135,55,21,34
S01012291,Whole house or bungalow: Detached,111,103,46,57,8,1,7
S01012291,Whole house or bungalow: Semi-detached,136,105,34,71,31,11,20
S01012291,Whole house or bungalow: Terraced (including end-terrace),26,10,3,7,16,9,7
S01012291,Flat maisonette or apartment or mobile/temporary accommodation,148,64,38,26,84,45,39
S01012292,All households,341,255,165,90,86,21,65
S01012292,Whole house or bungalow: Total,247,202,130,72,45,9,36
S01012292,Whole house or bungalow: Detached,128,115,78,37,13,1,12
S01012292,Whole house or bungalow: Semi-detached,86,66,37,29,20,2,18
S01012292,Whole house or bungalow: Terraced (including end-terrace),33,21,15,6,12,6,6
S01012292,Flat maisonette or apartment or mobile/temporary accommodation,94,53,35,18,41,12,29
S01012293,All households,212,156,85,71,56,39,17
S01012293,Whole house or bungalow: Total,177,144,79,65,33,22,11
S01012293,Whole house or bungalow: Detached,99,92,57,35,7,1,6
S01012293,Whole house or bungalow: Semi-detached,63,49,20,29,14,12,2
S01012293,Whole house or bungalow: Terraced (including end-terrace),15,3,2,1,12,9,3
S01012293,Flat maisonette or apartment or mobile/temporary accommodation,35,12,6,6,23,17,6
S01012294,All households,371,260,104,156,111,81,30
S01012294,Whole house or bungalow: Total,322,258,104,154,64,37,27
S01012294,Whole house or bungalow: Detached,17,12,3,9,5,4,1
S01012294,Whole house or bungalow: Semi-detached,79,63,19,44,16,10,6
S01012294,Whole house or bungalow: Terraced (including end-terrace),226,183,82,101,43,23,20
S01012294,Flat maisonette or apartment or mobile/temporary accommodation,49,2,0,2,47,44,3
S01012295,All households,280,171,34,137,109,69,40
S01012295,Whole house or bungalow: Total,224,163,31,132,61,45,16
S01012295,Whole house or bungalow: Detached,131,119,23,96,12,4,8
S01012295,Whole house or bungalow: Semi-detached,46,21,5,16,25,23,2
S01012295,Whole house or bungalow: Terraced (including end-terrace),47,23,3,20,24,18,6
S01012295,Flat maisonette or apartment or mobile/temporary accommodation,56,8,3,5,48,24,24
S01012296,All households,330,237,68,169,93,42,51
S01012296,Whole house or bungalow: Total,316,232,67,165,84,41,43
S01012296,Whole house or bungalow: Detached,178,157,40,117,21,0,21
S01012296,Whole house or bungalow: Semi-detached,83,43,14,29,40,29,11
S01012296,Whole house or bungalow: Terraced (including end-terrace),55,32,13,19,23,12,11
S01012296,Flat maisonette or apartment or mobile/temporary accommodation,14,5,1,4,9,1,8
S01012297,All households,253,193,111,82,60,3,57
S01012297,Whole house or bungalow: Total,248,191,109,82,57,1,56
S01012297,Whole house or bungalow: Detached,187,159,93,66,28,0,28
S01012297,Whole house or bungalow: Semi-detached,44,22,11,11,22,0,22
S01012297,Whole house or bungalow: Terraced (including end-terrace),17,10,5,5,7,1,6
S01012297,Flat maisonette or apartment or mobile/temporary accommodation,5,2,2,0,3,2,1
S01012298,All households,374,274,122,152,100,62,38
S01012298,Whole house or bungalow: Total,338,263,118,145,75,42,33
S01012298,Whole house or bungalow: Detached,163,152,75,77,11,0,11
S01012298,Whole house or bungalow: Semi-detached,91,57,29,28,34,25,9
S01012298,Whole house or bungalow: Terraced (including end-terrace),84,54,14,40,30,17,13
S01012298,Flat maisonette or apartment or mobile/temporary accommodation,36,11,4,7,25,20,5
S01012299,All households,257,177,84,93,80,6,74
S01012299,Whole house or bungalow: Total,247,170,83,87,77,6,71
S01012299,Whole house or bungalow: Detached,169,131,65,66,38,0,38
S01012299,Whole house or bungalow: Semi-detached,50,26,10,16,24,1,23
S01012299,Whole house or bungalow: Terraced (including end-terrace),28,13,8,5,15,5,10
S01012299,Flat maisonette or apartment or mobile/temporary accommodation,10,7,1,6,3,0,3
S01012300,All households,294,179,92,87,115,87,28
S01012300,Whole house or bungalow: Total,253,173,90,83,80,55,25
S01012300,Whole house or bungalow: Detached,82,68,47,21,14,5,9
S01012300,Whole house or bungalow: Semi-detached,104,51,26,25,53,42,11
S01012300,Whole house or bungalow: Terraced (including end-terrace),67,54,17,37,13,8,5
S01012300,Flat maisonette or apartment or mobile/temporary accommodation,41,6,2,4,35,32,3
S01012301,All households,407,212,129,83,195,48,147
S01012301,Whole house or bungalow: Total,399,211,128,83,188,42,146
S01012301,Whole house or bungalow: Detached,183,110,75,35,73,3,70
S01012301,Whole house or bungalow: Semi-detached,116,40,19,21,76,33,43
S01012301,Whole house or bungalow: Terraced (including end-terrace),100,61,34,27,39,6,33
S01012301,Flat maisonette or apartment or mobile/temporary accommodation,8,1,1,0,7,6,1
S01012302,All households,240,122,72,50,118,9,109
S01012302,Whole house or bungalow: Total,223,114,69,45,109,6,103
S01012302,Whole house or bungalow: Detached,138,82,52,30,56,0,56
S01012302,Whole house or bungalow: Semi-detached,50,20,12,8,30,6,24
S01012302,Whole house or bungalow: Terraced (including end-terrace),35,12,5,7,23,0,23
S01012302,Flat maisonette or apartment or mobile/temporary accommodation,17,8,3,5,9,3,6
S01012303,All households,378,266,161,105,112,19,93
S01012303,Whole house or bungalow: Total,372,262,159,103,110,18,92
S01012303,Whole house or bungalow: Detached,219,179,107,72,40,0,40
S01012303,Whole house or bungalow: Semi-detached,98,52,34,18,46,12,34
S01012303,Whole house or bungalow: Terraced (including end-terrace),55,31,18,13,24,6,18
S01012303,Flat maisonette or apartment or mobile/temporary accommodation,6,4,2,2,2,1,1
S01012304,All households,424,301,176,125,123,45,78
S01012304,Whole house or bungalow: Total,407,298,174,124,109,35,74
S01012304,Whole house or bungalow: Detached,185,165,99,66,20,0,20
S01012304,Whole house or bungalow: Semi-detached,135,77,43,34,58,26,32
S01012304,Whole house or bungalow: Terraced (including end-terrace),87,56,32,24,31,9,22
S01012304,Flat maisonette or apartment or mobile/temporary accommodation,17,3,2,1,14,10,4
S01012305,All households,333,208,133,75,125,86,39
S01012305,Whole house or bungalow: Total,260,194,127,67,66,43,23
S01012305,Whole house or bungalow: Detached,131,120,90,30,11,2,9
S01012305,Whole house or bungalow: Semi-detached,99,54,26,28,45,35,10
S01012305,Whole house or bungalow: Terraced (including end-terrace),30,20,11,9,10,6,4
S01012305,Flat maisonette or apartment or mobile/temporary accommodation,73,14,6,8,59,43,16
S01012306,All households,308,119,71,48,189,149,40
S01012306,Whole house or bungalow: Total,177,98,58,40,79,54,25
S01012306,Whole house or bungalow: Detached,37,29,20,9,8,1,7
S01012306,Whole house or bungalow: Semi-detached,62,28,16,12,34,26,8
S01012306,Whole house or bungalow: Terraced (including end-terrace),78,41,22,19,37,27,10
S01012306,Flat maisonette or apartment or mobile/temporary accommodation,131,21,13,8,110,95,15
S01012307,All households,323,162,98,64,161,127,34
S01012307,Whole house or bungalow: Total,209,147,89,58,62,37,25
S01012307,Whole house or bungalow: Detached,54,43,28,15,11,3,8
S01012307,Whole house or bungalow: Semi-detached,70,42,21,21,28,18,10
S01012307,Whole house or bungalow: Terraced (including end-terrace),85,62,40,22,23,16,7
S01012307,Flat maisonette or apartment or mobile/temporary accommodation,114,15,9,6,99,90,9
S01012308,All households,334,236,117,119,98,74,24
S01012308,Whole house or bungalow: Total,327,235,117,118,92,70,22
S01012308,Whole house or bungalow: Detached,64,56,21,35,8,0,8
S01012308,Whole house or bungalow: Semi-detached,242,169,93,76,73,64,9
S01012308,Whole house or bungalow: Terraced (including end-terrace),21,10,3,7,11,6,5
S01012308,Flat maisonette or apartment or mobile/temporary accommodation,7,1,0,1,6,4,2
S01012309,All households,245,164,96,68,81,57,24
S01012309,Whole house or bungalow: Total,226,157,91,66,69,51,18
S01012309,Whole house or bungalow: Detached,89,81,54,27,8,1,7
S01012309,Whole house or bungalow: Semi-detached,70,32,15,17,38,32,6
S01012309,Whole house or bungalow: Terraced (including end-terrace),67,44,22,22,23,18,5
S01012309,Flat maisonette or apartment or mobile/temporary accommodation,19,7,5,2,12,6,6
S01012310,All households,427,285,193,92,142,52,90
S01012310,Whole house or bungalow: Total,396,276,187,89,120,36,84
S01012310,Whole house or bungalow: Detached,205,172,113,59,33,2,31
S01012310,Whole house or bungalow: Semi-detached,112,64,44,20,48,19,29
S01012310,Whole house or bungalow: Terraced (including end-terrace),79,40,30,10,39,15,24
S01012310,Flat maisonette or apartment or mobile/temporary accommodation,31,9,6,3,22,16,6
S01012311,All households,263,213,138,75,50,34,16
S01012311,Whole house or bungalow: Total,248,213,138,75,35,21,14
S01012311,Whole house or bungalow: Detached,139,134,94,40,5,0,5
S01012311,Whole house or bungalow: Semi-detached,71,49,28,21,22,16,6
S01012311,Whole house or bungalow: Terraced (including end-terrace),38,30,16,14,8,5,3
S01012311,Flat maisonette or apartment or mobile/temporary accommodation,15,0,0,0,15,13,2
S01012312,All households,439,300,169,131,139,58,81
S01012312,Whole house or bungalow: Total,406,294,169,125,112,37,75
S01012312,Whole house or bungalow: Detached,217,186,111,75,31,3,28
S01012312,Whole house or bungalow: Semi-detached,116,62,35,27,54,29,25
S01012312,Whole house or bungalow: Terraced (including end-terrace),73,46,23,23,27,5,22
S01012312,Flat maisonette or apartment or mobile/temporary accommodation,33,6,0,6,27,21,6
S01012313,All households,345,227,125,102,118,56,62
S01012313,Whole house or bungalow: Total,318,212,111,101,106,54,52
S01012313,Whole house or bungalow: Detached,138,113,65,48,25,3,22
S01012313,Whole house or bungalow: Semi-detached,140,76,36,40,64,46,18
S01012313,Whole house or bungalow: Terraced (including end-terrace),40,23,10,13,17,5,12
S01012313,Flat maisonette or apartment or mobile/temporary accommodation,27,15,14,1,12,2,10
S01012314,All households,365,199,97,102,166,148,18
S01012314,Whole house or bungalow: Total,354,198,97,101,156,138,18
S01012314,Whole house or bungalow: Detached,49,36,18,18,13,8,5
S01012314,Whole house or bungalow: Semi-detached,188,112,55,57,76,67,9
S01012314,Whole house or bungalow: Terraced (including end-terrace),117,50,24,26,67,63,4
S01012314,Flat maisonette or apartment or mobile/temporary accommodation,11,1,0,1,10,10,0
S01012315,All households,400,219,144,75,181,132,49
S01012315,Whole house or bungalow: Total,213,177,118,59,36,16,20
S01012315,Whole house or bungalow: Detached,79,73,48,25,6,2,4
S01012315,Whole house or bungalow: Semi-detached,49,41,26,15,8,4,4
S01012315,Whole house or bungalow: Terraced (including end-terrace),85,63,44,19,22,10,12
S01012315,Flat maisonette or apartment or mobile/temporary accommodation,187,42,26,16,145,116,29
S01012316,All households,315,149,86,63,166,144,22
S01012316,Whole house or bungalow: Total,192,116,71,45,76,62,14
S01012316,Whole house or bungalow: Detached,38,30,20,10,8,5,3
S01012316,Whole house or bungalow: Semi-detached,58,35,20,15,23,21,2
S01012316,Whole house or bungalow: Terraced (including end-terrace),96,51,31,20,45,36,9
S01012316,Flat maisonette or apartment or mobile/temporary accommodation,123,33,15,18,90,82,8
S01012317,All households,209,144,64,80,65,44,21
S01012317,Whole house or bungalow: Total,180,140,63,77,40,21,19
S01012317,Whole house or bungalow: Detached,136,122,55,67,14,1,13
S01012317,Whole house or bungalow: Semi-detached,34,15,6,9,19,14,5
S01012317,Whole house or bungalow: Terraced (including end-terrace),10,3,2,1,7,6,1
S01012317,Flat maisonette or apartment or mobile/temporary accommodation,29,4,1,3,25,23,2
S01012318,All households,329,181,87,94,148,131,17
S01012318,Whole house or bungalow: Total,321,180,87,93,141,127,14
S01012318,Whole house or bungalow: Detached,35,27,23,4,8,5,3
S01012318,Whole house or bungalow: Semi-detached,88,42,18,24,46,43,3
S01012318,Whole house or bungalow: Terraced (including end-terrace),198,111,46,65,87,79,8
S01012318,Flat maisonette or apartment or mobile/temporary accommodation,8,1,0,1,7,4,3
S01012319,All households,343,173,113,60,170,13,157
S01012319,Whole house or bungalow: Total,330,172,112,60,158,11,147
S01012319,Whole house or bungalow: Detached,178,134,91,43,44,0,44
S01012319,Whole house or bungalow: Semi-detached,90,27,17,10,63,10,53
S01012319,Whole house or bungalow: Terraced (including end-terrace),62,11,4,7,51,1,50
S01012319,Flat maisonette or apartment or mobile/temporary accommodation,13,1,1,0,12,2,10
S01012320,All households,276,148,74,74,128,106,22
S01012320,Whole house or bungalow: Total,248,139,71,68,109,89,20
S01012320,Whole house or bungalow: Detached,45,37,18,19,8,0,8
S01012320,Whole house or bungalow: Semi-detached,123,60,31,29,63,53,10
S01012320,Whole house or bungalow: Terraced (including end-terrace),80,42,22,20,38,36,2
S01012320,Flat maisonette or apartment or mobile/temporary accommodation,28,9,3,6,19,17,2
S01012321,All households,339,229,120,109,110,73,37
S01012321,Whole house or bungalow: Total,288,225,118,107,63,32,31
S01012321,Whole house or bungalow: Detached,128,115,64,51,13,2,11
S01012321,Whole house or bungalow: Semi-detached,66,46,22,24,20,7,13
S01012321,Whole house or bungalow: Terraced (including end-terrace),94,64,32,32,30,23,7
S01012321,Flat maisonette or apartment or mobile/temporary accommodation,51,4,2,2,47,41,6
S01012322,All households,453,292,185,107,161,22,139
S01012322,Whole house or bungalow: Total,438,287,182,105,151,17,134
S01012322,Whole house or bungalow: Detached,245,203,134,69,42,0,42
S01012322,Whole house or bungalow: Semi-detached,109,44,27,17,65,14,51
S01012322,Whole house or bungalow: Terraced (including end-terrace),84,40,21,19,44,3,41
S01012322,Flat maisonette or apartment or mobile/temporary accommodation,15,5,3,2,10,5,5
S01012323,All households,403,303,196,107,100,16,84
S01012323,Whole house or bungalow: Total,378,297,194,103,81,16,65
S01012323,Whole house or bungalow: Detached,267,237,157,80,30,1,29
S01012323,Whole house or bungalow: Semi-detached,69,39,20,19,30,13,17
S01012323,Whole house or bungalow: Terraced (including end-terrace),42,21,17,4,21,2,19
S01012323,Flat maisonette or apartment or mobile/temporary accommodation,25,6,2,4,19,0,19
S01012324,All households,365,183,130,53,182,8,174
S01012324,Whole house or bungalow: Total,357,182,130,52,175,6,169
S01012324,Whole house or bungalow: Detached,176,116,91,25,60,0,60
S01012324,Whole house or bungalow: Semi-detached,123,51,31,20,72,5,67
S01012324,Whole house or bungalow: Terraced (including end-terrace),58,15,8,7,43,1,42
S01012324,Flat maisonette or apartment or mobile/temporary accommodation,8,1,0,1,7,2,5
S01012325,All households,301,201,147,54,100,72,28
S01012325,Whole house or bungalow: Total,270,199,146,53,71,44,27
S01012325,Whole house or bungalow: Detached,142,130,103,27,12,1,11
S01012325,Whole house or bungalow: Semi-detached,83,46,27,19,37,25,12
S01012325,Whole house or bungalow: Terraced (including end-terrace),45,23,16,7,22,18,4
S01012325,Flat maisonette or apartment or mobile/temporary accommodation,31,2,1,1,29,28,1
S01012326,All households,310,143,81,62,167,117,50
S01012326,Whole house or bungalow: Total,154,117,68,49,37,17,20
S01012326,Whole house or bungalow: Detached,25,22,16,6,3,0,3
S01012326,Whole house or bungalow: Semi-detached,31,21,12,9,10,5,5
S01012326,Whole house or bungalow: Terraced (including end-terrace),98,74,40,34,24,12,12
S01012326,Flat maisonette or apartment or mobile/temporary accommodation,156,26,13,13,130,100,30
S01012327,All households,366,215,127,88,151,113,38
S01012327,Whole house or bungalow: Total,329,210,123,87,119,88,31
S01012327,Whole house or bungalow: Detached,82,65,54,11,17,3,14
S01012327,Whole house or bungalow: Semi-detached,143,91,47,44,52,44,8
S01012327,Whole house or bungalow: Terraced (including end-terrace),104,54,22,32,50,41,9
S01012327,Flat maisonette or apartment or mobile/temporary accommodation,37,5,4,1,32,25,7
S01012328,All households,293,194,135,59,99,72,27
S01012328,Whole house or bungalow: Total,283,193,135,58,90,63,27
S01012328,Whole house or bungalow: Detached,73,62,44,18,11,5,6
S01012328,Whole house or bungalow: Semi-detached,132,73,53,20,59,49,10
S01012328,Whole house or bungalow: Terraced (including end-terrace),78,58,38,20,20,9,11
S01012328,Flat maisonette or apartment or mobile/temporary accommodation,10,1,0,1,9,9,0
S01012329,All households,381,175,114,61,206,27,179
S01012329,Whole house or bungalow: Total,366,172,113,59,194,21,173
S01012329,Whole house or bungalow: Detached,172,100,67,33,72,0,72
S01012329,Whole house or bungalow: Semi-detached,105,34,20,14,71,16,55
S01012329,Whole house or bungalow: Terraced (including end-terrace),89,38,26,12,51,5,46
S01012329,Flat maisonette or apartment or mobile/temporary accommodation,15,3,1,2,12,6,6
S01012330,All households,280,204,127,77,76,41,35
S01012330,Whole house or bungalow: Total,247,199,123,76,48,14,34
S01012330,Whole house or bungalow: Detached,112,103,74,29,9,1,8
S01012330,Whole house or bungalow: Semi-detached,93,66,34,32,27,7,20
S01012330,Whole house or bungalow: Terraced (including end-terrace),42,30,15,15,12,6,6
S01012330,Flat maisonette or apartment or mobile/temporary accommodation,33,5,4,1,28,27,1
S01012331,All households,265,218,80,138,47,20,27
S01012331,Whole house or bungalow: Total,253,218,80,138,35,10,25
S01012331,Whole house or bungalow: Detached,166,155,67,88,11,0,11
S01012331,Whole house or bungalow: Semi-detached,73,56,10,46,17,4,13
S01012331,Whole house or bungalow: Terraced (including end-terrace),14,7,3,4,7,6,1
S01012331,Flat maisonette or apartment or mobile/temporary accommodation,12,0,0,0,12,10,2
S01012332,All households,435,243,158,85,192,20,172
S01012332,Whole house or bungalow: Total,424,242,158,84,182,15,167
S01012332,Whole house or bungalow: Detached,222,166,116,50,56,1,55
S01012332,Whole house or bungalow: Semi-detached,90,33,15,18,57,14,43
S01012332,Whole house or bungalow: Terraced (including end-terrace),112,43,27,16,69,0,69
S01012332,Flat maisonette or apartment or mobile/temporary accommodation,11,1,0,1,10,5,5
S01012333,All households,452,259,168,91,193,10,183
S01012333,Whole house or bungalow: Total,418,228,141,87,190,8,182
S01012333,Whole house or bungalow: Detached,220,166,120,46,54,0,54
S01012333,Whole house or bungalow: Semi-detached,93,30,13,17,63,6,57
S01012333,Whole house or bungalow: Terraced (including end-terrace),105,32,8,24,73,2,71
S01012333,Flat maisonette or apartment or mobile/temporary accommodation,34,31,27,4,3,2,1
S01012334,All households,365,226,133,93,139,111,28
S01012334,Whole house or bungalow: Total,264,212,125,87,52,33,19
S01012334,Whole house or bungalow: Detached,35,35,22,13,0,0,0
S01012334,Whole house or bungalow: Semi-detached,179,142,90,52,37,22,15
S01012334,Whole house or bungalow: Terraced (including end-terrace),50,35,13,22,15,11,4
S01012334,Flat maisonette or apartment or mobile/temporary accommodation,101,14,8,6,87,78,9
S01012335,All households,414,305,120,185,109,72,37
S01012335,Whole house or bungalow: Total,398,303,119,184,95,62,33
S01012335,Whole house or bungalow: Detached,46,39,25,14,7,3,4
S01012335,Whole house or bungalow: Semi-detached,214,167,58,109,47,26,21
S01012335,Whole house or bungalow: Terraced (including end-terrace),138,97,36,61,41,33,8
S01012335,Flat maisonette or apartment or mobile/temporary accommodation,16,2,1,1,14,10,4
S01012336,All households,275,191,103,88,84,61,23
S01012336,Whole house or bungalow: Total,268,189,102,87,79,56,23
S01012336,Whole house or bungalow: Detached,11,6,2,4,5,4,1
S01012336,Whole house or bungalow: Semi-detached,207,148,83,65,59,41,18
S01012336,Whole house or bungalow: Terraced (including end-terrace),50,35,17,18,15,11,4
S01012336,Flat maisonette or apartment or mobile/temporary accommodation,7,2,1,1,5,5,0
S01012337,All households,453,190,116,74,263,210,53
S01012337,Whole house or bungalow: Total,213,148,90,58,65,46,19
S01012337,Whole house or bungalow: Detached,18,11,8,3,7,1,6
S01012337,Whole house or bungalow: Semi-detached,125,89,58,31,36,27,9
S01012337,Whole house or bungalow: Terraced (including end-terrace),70,48,24,24,22,18,4
S01012337,Flat maisonette or apartment or mobile/temporary accommodation,240,42,26,16,198,164,34
S01012338,All households,384,211,132,79,173,82,91
S01012338,Whole house or bungalow: Total,187,144,93,51,43,7,36
S01012338,Whole house or bungalow: Detached,56,49,27,22,7,1,6
S01012338,Whole house or bungalow: Semi-detached,71,54,36,18,17,3,14
S01012338,Whole house or bungalow: Terraced (including end-terrace),60,41,30,11,19,3,16
S01012338,Flat maisonette or apartment or mobile/temporary accommodation,197,67,39,28,130,75,55
S01012339,All households,366,158,93,65,208,102,106
S01012339,Whole house or bungalow: Total,105,77,43,34,28,4,24
S01012339,Whole house or bungalow: Detached,31,24,16,8,7,0,7
S01012339,Whole house or bungalow: Semi-detached,37,25,12,13,12,4,8
S01012339,Whole house or bungalow: Terraced (including end-terrace),37,28,15,13,9,0,9
S01012339,Flat maisonette or apartment or mobile/temporary accommodation,261,81,50,31,180,98,82
S01012340,All households,477,291,181,110,186,156,30
S01012340,Whole house or bungalow: Total,377,251,150,101,126,103,23
S01012340,Whole house or bungalow: Detached,150,138,102,36,12,5,7
S01012340,Whole house or bungalow: Semi-detached,135,64,27,37,71,59,12
S01012340,Whole house or bungalow: Terraced (including end-terrace),92,49,21,28,43,39,4
S01012340,Flat maisonette or apartment or mobile/temporary accommodation,100,40,31,9,60,53,7
S01012341,All households,404,265,148,117,139,14,125
S01012341,Whole house or bungalow: Total,395,261,144,117,134,11,123
S01012341,Whole house or bungalow: Detached,277,208,125,83,69,0,69
S01012341,Whole house or bungalow: Semi-detached,82,41,16,25,41,5,36
S01012341,Whole house or bungalow: Terraced (including end-terrace),36,12,3,9,24,6,18
S01012341,Flat maisonette or apartment or mobile/temporary accommodation,9,4,4,0,5,3,2
S01012342,All households,403,233,135,98,170,55,115
S01012342,Whole house or bungalow: Total,395,231,134,97,164,50,114
S01012342,Whole house or bungalow: Detached,208,151,101,50,57,4,53
S01012342,Whole house or bungalow: Semi-detached,132,65,30,35,67,27,40
S01012342,Whole house or bungalow: Terraced (including end-terrace),55,15,3,12,40,19,21
S01012342,Flat maisonette or apartment or mobile/temporary accommodation,8,2,1,1,6,5,1
S01012343,All households,448,218,134,84,230,33,197
S01012343,Whole house or bungalow: Total,437,216,132,84,221,27,194
S01012343,Whole house or bungalow: Detached,220,150,109,41,70,0,70
S01012343,Whole house or bungalow: Semi-detached,115,46,18,28,69,15,54
S01012343,Whole house or bungalow: Terraced (including end-terrace),102,20,5,15,82,12,70
S01012343,Flat maisonette or apartment or mobile/temporary accommodation,11,2,2,0,9,6,3
S01012344,All households,296,155,71,84,141,113,28
S01012344,Whole house or bungalow: Total,206,119,59,60,87,64,23
S01012344,Whole house or bungalow: Detached,43,32,22,10,11,3,8
S01012344,Whole house or bungalow: Semi-detached,90,48,17,31,42,34,8
S01012344,Whole house or bungalow: Terraced (including end-terrace),73,39,20,19,34,27,7
S01012344,Flat maisonette or apartment or mobile/temporary accommodation,90,36,12,24,54,49,5
S01012345,All households,321,228,105,123,93,70,23
S01012345,Whole house or bungalow: Total,291,219,102,117,72,52,20
S01012345,Whole house or bungalow: Detached,59,55,32,23,4,0,4
S01012345,Whole house or bungalow: Semi-detached,175,132,57,75,43,33,10
S01012345,Whole house or bungalow: Terraced (including end-terrace),57,32,13,19,25,19,6
S01012345,Flat maisonette or apartment or mobile/temporary accommodation,30,9,3,6,21,18,3
S01012346,All households,361,179,110,69,182,14,168
S01012346,Whole house or bungalow: Total,342,173,107,66,169,10,159
S01012346,Whole house or bungalow: Detached,190,125,83,42,65,1,64
S01012346,Whole house or bungalow: Semi-detached,79,25,11,14,54,4,50
S01012346,Whole house or bungalow: Terraced (including end-terrace),73,23,13,10,50,5,45
S01012346,Flat maisonette or apartment or mobile/temporary accommodation,19,6,3,3,13,4,9
S01012347,All households,364,240,121,119,124,96,28
S01012347,Whole house or bungalow: Total,337,230,119,111,107,86,21
S01012347,Whole house or bungalow: Detached,101,87,47,40,14,1,13
S01012347,Whole house or bungalow: Semi-detached,148,92,45,47,56,50,6
S01012347,Whole house or bungalow: Terraced (including end-terrace),88,51,27,24,37,35,2
S01012347,Flat maisonette or apartment or mobile/temporary accommodation,27,10,2,8,17,10,7
S01012348,All households,325,239,126,113,86,49,37
S01012348,Whole house or bungalow: Total,281,225,124,101,56,30,26
S01012348,Whole house or bungalow: Detached,135,124,72,52,11,1,10
S01012348,Whole house or bungalow: Semi-detached,104,74,36,38,30,19,11
S01012348,Whole house or bungalow: Terraced (including end-terrace),42,27,16,11,15,10,5
S01012348,Flat maisonette or apartment or mobile/temporary accommodation,44,14,2,12,30,19,11
S01012349,All households,402,230,105,125,172,136,36
S01012349,Whole house or bungalow: Total,340,223,102,121,117,85,32
S01012349,Whole house or bungalow: Detached,17,12,7,5,5,4,1
S01012349,Whole house or bungalow: Semi-detached,199,127,65,62,72,50,22
S01012349,Whole house or bungalow: Terraced (including end-terrace),124,84,30,54,40,31,9
S01012349,Flat maisonette or apartment or mobile/temporary accommodation,62,7,3,4,55,51,4
S01012350,All households,337,212,126,86,125,101,24
S01012350,Whole house or bungalow: Total,243,199,118,81,44,25,19
S01012350,Whole house or bungalow: Detached,116,109,71,38,7,2,5
S01012350,Whole house or bungalow: Semi-detached,91,67,36,31,24,13,11
S01012350,Whole house or bungalow: Terraced (including end-terrace),36,23,11,12,13,10,3
S01012350,Flat maisonette or apartment or mobile/temporary accommodation,94,13,8,5,81,76,5
S01012351,All households,373,225,85,140,148,116,32
S01012351,Whole house or bungalow: Total,267,188,73,115,79,57,22
S01012351,Whole house or bungalow: Detached,21,16,5,11,5,3,2
S01012351,Whole house or bungalow: Semi-detached,113,74,27,47,39,31,8
S01012351,Whole house or bungalow: Terraced (including end-terrace),133,98,41,57,35,23,12
S01012351,Flat maisonette or apartment or mobile/temporary accommodation,106,37,12,25,69,59,10
S01012352,All households,350,223,107,116,127,74,53
S01012352,Whole house or bungalow: Total,184,156,70,86,28,7,21
S01012352,Whole house or bungalow: Detached,93,87,41,46,6,0,6
S01012352,Whole house or bungalow: Semi-detached,72,57,24,33,15,5,10
S01012352,Whole house or bungalow: Terraced (including end-terrace),19,12,5,7,7,2,5
S01012352,Flat maisonette or apartment or mobile/temporary accommodation,166,67,37,30,99,67,32
S01012353,All households,453,186,98,88,267,170,97
S01012353,Whole house or bungalow: Total,145,98,54,44,47,25,22
S01012353,Whole house or bungalow: Detached,47,42,31,11,5,1,4
S01012353,Whole house or bungalow: Semi-detached,27,14,4,10,13,9,4
S01012353,Whole house or bungalow: Terraced (including end-terrace),71,42,19,23,29,15,14
S01012353,Flat maisonette or apartment or mobile/temporary accommodation,308,88,44,44,220,145,75
S01012354,All households,385,253,175,78,132,70,62
S01012354,Whole house or bungalow: Total,345,237,166,71,108,53,55
S01012354,Whole house or bungalow: Detached,71,56,44,12,15,4,11
S01012354,Whole house or bungalow: Semi-detached,145,85,55,30,60,39,21
S01012354,Whole house or bungalow: Terraced (including end-terrace),129,96,67,29,33,10,23
S01012354,Flat maisonette or apartment or mobile/temporary accommodation,40,16,9,7,24,17,7
S01012355,All households,377,231,150,81,146,10,136
S01012355,Whole house or bungalow: Total,362,220,142,78,142,8,134
S01012355,Whole house or bungalow: Detached,296,194,126,68,102,4,98
S01012355,Whole house or bungalow: Semi-detached,59,22,13,9,37,3,34
S01012355,Whole house or bungalow: Terraced (including end-terrace),7,4,3,1,3,1,2
S01012355,Flat maisonette or apartment or mobile/temporary accommodation,15,11,8,3,4,2,2
S01012356,All households,320,246,146,100,74,51,23
S01012356,Whole house or bungalow: Total,289,230,140,90,59,39,20
S01012356,Whole house or bungalow: Detached,93,85,68,17,8,2,6
S01012356,Whole house or bungalow: Semi-detached,136,98,48,50,38,31,7
S01012356,Whole house or bungalow: Terraced (including end-terrace),60,47,24,23,13,6,7
S01012356,Flat maisonette or apartment or mobile/temporary accommodation,31,16,6,10,15,12,3
S01012357,All households,355,275,177,98,80,3,77
S01012357,Whole house or bungalow: Total,342,264,172,92,78,3,75
S01012357,Whole house or bungalow: Detached,261,211,140,71,50,1,49
S01012357,Whole house or bungalow: Semi-detached,67,45,26,19,22,1,21
S01012357,Whole house or bungalow: Terraced (including end-terrace),14,8,6,2,6,1,5
S01012357,Flat maisonette or apartment or mobile/temporary accommodation,13,11,5,6,2,0,2
S01012358,All households,343,246,170,76,97,22,75
S01012358,Whole house or bungalow: Total,319,235,162,73,84,13,71
S01012358,Whole house or bungalow: Detached,213,172,123,49,41,0,41
S01012358,Whole house or bungalow: Semi-detached,79,49,33,16,30,9,21
S01012358,Whole house or bungalow: Terraced (including end-terrace),27,14,6,8,13,4,9
S01012358,Flat maisonette or apartment or mobile/temporary accommodation,24,11,8,3,13,9,4
S01012359,All households,367,147,79,68,220,190,30
S01012359,Whole house or bungalow: Total,291,116,61,55,175,164,11
S01012359,Whole house or bungalow: Detached,11,6,2,4,5,3,2
S01012359,Whole house or bungalow: Semi-detached,193,73,36,37,120,115,5
S01012359,Whole house or bungalow: Terraced (including end-terrace),87,37,23,14,50,46,4
S01012359,Flat maisonette or apartment or mobile/temporary accommodation,76,31,18,13,45,26,19
S01012360,All households,324,111,53,58,213,180,33
S01012360,Whole house or bungalow: Total,239,77,36,41,162,152,10
S01012360,Whole house or bungalow: Detached,17,8,6,2,9,7,2
S01012360,Whole house or bungalow: Semi-detached,132,47,22,25,85,80,5
S01012360,Whole house or bungalow: Terraced (including end-terrace),90,22,8,14,68,65,3
S01012360,Flat maisonette or apartment or mobile/temporary accommodation,85,34,17,17,51,28,23
S01012361,All households,275,91,37,54,184,174,10
S01012361,Whole house or bungalow: Total,240,90,36,54,150,143,7
S01012361,Whole house or bungalow: Detached,17,6,3,3,11,10,1
S01012361,Whole house or bungalow: Semi-detached,172,64,26,38,108,103,5
S01012361,Whole house or bungalow: Terraced (including end-terrace),51,20,7,13,31,30,1
S01012361,Flat maisonette or apartment or mobile/temporary accommodation,35,1,1,0,34,31,3
S01012362,All households,306,58,25,33,248,233,15
S01012362,Whole house or bungalow: Total,288,57,25,32,231,217,14
S01012362,Whole house or bungalow: Detached,20,6,3,3,14,10,4
S01012362,Whole house or bungalow: Semi-detached,191,39,16,23,152,144,8
S01012362,Whole house or bungalow: Terraced (including end-terrace),77,12,6,6,65,63,2
S01012362,Flat maisonette or apartment or mobile/temporary accommodation,18,1,0,1,17,16,1
S01012363,All households,575,257,144,113,318,186,132
S01012363,Whole house or bungalow: Total,155,108,54,54,47,32,15
S01012363,Whole house or bungalow: Detached,20,16,8,8,4,1,3
S01012363,Whole house or bungalow: Semi-detached,42,21,5,16,21,17,4
S01012363,Whole house or bungalow: Terraced (including end-terrace),93,71,41,30,22,14,8
S01012363,Flat maisonette or apartment or mobile/temporary accommodation,420,149,90,59,271,154,117
S01012364,All households,375,223,124,99,152,47,105
S01012364,Whole house or bungalow: Total,100,87,48,39,13,5,8
S01012364,Whole house or bungalow: Detached,21,18,13,5,3,1,2
S01012364,Whole house or bungalow: Semi-detached,42,38,18,20,4,3,1
S01012364,Whole house or bungalow: Terraced (including end-terrace),37,31,17,14,6,1,5
S01012364,Flat maisonette or apartment or mobile/temporary accommodation,275,136,76,60,139,42,97
S01012365,All households,443,360,200,160,83,32,51
S01012365,Whole house or bungalow: Total,288,259,146,113,29,4,25
S01012365,Whole house or bungalow: Detached,51,46,30,16,5,0,5
S01012365,Whole house or bungalow: Semi-detached,108,101,60,41,7,2,5
S01012365,Whole house or bungalow: Terraced (including end-terrace),129,112,56,56,17,2,15
S01012365,Flat maisonette or apartment or mobile/temporary accommodation,155,101,54,47,54,28,26
S01012366,All households,513,328,187,141,185,49,136
S01012366,Whole house or bungalow: Total,142,117,73,44,25,2,23
S01012366,Whole house or bungalow: Detached,16,12,6,6,4,0,4
S01012366,Whole house or bungalow: Semi-detached,32,29,18,11,3,0,3
S01012366,Whole house or bungalow: Terraced (including end-terrace),94,76,49,27,18,2,16
S01012366,Flat maisonette or apartment or mobile/temporary accommodation,371,211,114,97,160,47,113
S01012367,All households,420,309,179,130,111,72,39
S01012367,Whole house or bungalow: Total,315,259,155,104,56,32,24
S01012367,Whole house or bungalow: Detached,125,109,68,41,16,2,14
S01012367,Whole house or bungalow: Semi-detached,118,99,56,43,19,16,3
S01012367,Whole house or bungalow: Terraced (including end-terrace),72,51,31,20,21,14,7
S01012367,Flat maisonette or apartment or mobile/temporary accommodation,105,50,24,26,55,40,15
S01012368,All households,261,221,138,83,40,33,7
S01012368,Whole house or bungalow: Total,213,199,127,72,14,10,4
S01012368,Whole house or bungalow: Detached,137,131,93,38,6,2,4
S01012368,Whole house or bungalow: Semi-detached,55,51,27,24,4,4,0
S01012368,Whole house or bungalow: Terraced (including end-terrace),21,17,7,10,4,4,0
S01012368,Flat maisonette or apartment or mobile/temporary accommodation,48,22,11,11,26,23,3
S01012369,All households,375,285,154,131,90,49,41
S01012369,Whole house or bungalow: Total,281,237,139,98,44,25,19
S01012369,Whole house or bungalow: Detached,110,104,68,36,6,0,6
S01012369,Whole house or bungalow: Semi-detached,96,79,40,39,17,8,9
S01012369,Whole house or bungalow: Terraced (including end-terrace),75,54,31,23,21,17,4
S01012369,Flat maisonette or apartment or mobile/temporary accommodation,94,48,15,33,46,24,22
S01012370,All households,516,255,126,129,261,215,46
S01012370,Whole house or bungalow: Total,149,123,50,73,26,12,14
S01012370,Whole house or bungalow: Detached,87,80,31,49,7,2,5
S01012370,Whole house or bungalow: Semi-detached,24,14,5,9,10,7,3
S01012370,Whole house or bungalow: Terraced (including end-terrace),38,29,14,15,9,3,6
S01012370,Flat maisonette or apartment or mobile/temporary accommodation,367,132,76,56,235,203,32
S01012371,All households,486,269,136,133,217,142,75
S01012371,Whole house or bungalow: Total,148,115,53,62,33,21,12
S01012371,Whole house or bungalow: Detached,24,18,6,12,6,2,4
S01012371,Whole house or bungalow: Semi-detached,31,20,9,11,11,9,2
S01012371,Whole house or bungalow: Terraced (including end-terrace),93,77,38,39,16,10,6
S01012371,Flat maisonette or apartment or mobile/temporary accommodation,338,154,83,71,184,121,63
S01012372,All households,450,213,117,96,237,161,76
S01012372,Whole house or bungalow: Total,81,61,42,19,20,10,10
S01012372,Whole house or bungalow: Detached,17,13,10,3,4,0,4
S01012372,Whole house or bungalow: Semi-detached,22,14,6,8,8,5,3
S01012372,Whole house or bungalow: Terraced (including end-terrace),42,34,26,8,8,5,3
S01012372,Flat maisonette or apartment or mobile/temporary accommodation,369,152,75,77,217,151,66
S01012373,All households,479,322,183,139,157,113,44
S01012373,Whole house or bungalow: Total,270,239,143,96,31,15,16
S01012373,Whole house or bungalow: Detached,105,100,73,27,5,1,4
S01012373,Whole house or bungalow: Semi-detached,90,79,38,41,11,7,4
S01012373,Whole house or bungalow: Terraced (including end-terrace),75,60,32,28,15,7,8
S01012373,Flat maisonette or apartment or mobile/temporary accommodation,209,83,40,43,126,98,28
S01012374,All households,402,286,128,158,116,100,16
S01012374,Whole house or bungalow: Total,254,206,88,118,48,41,7
S01012374,Whole house or bungalow: Detached,38,32,18,14,6,5,1
S01012374,Whole house or bungalow: Semi-detached,76,61,16,45,15,12,3
S01012374,Whole house or bungalow: Terraced (including end-terrace),140,113,54,59,27,24,3
S01012374,Flat maisonette or apartment or mobile/temporary accommodation,148,80,40,40,68,59,9
S01012375,All households,429,223,101,122,206,180,26
S01012375,Whole house or bungalow: Total,271,198,92,106,73,58,15
S01012375,Whole house or bungalow: Detached,30,26,5,21,4,1,3
S01012375,Whole house or bungalow: Semi-detached,111,75,34,41,36,30,6
S01012375,Whole house or bungalow: Terraced (including end-terrace),130,97,53,44,33,27,6
S01012375,Flat maisonette or apartment or mobile/temporary accommodation,158,25,9,16,133,122,11
S01012376,All households,407,301,176,125,106,18,88
S01012376,Whole house or bungalow: Total,391,291,171,120,100,15,85
S01012376,Whole house or bungalow: Detached,263,212,134,78,51,2,49
S01012376,Whole house or bungalow: Semi-detached,98,61,29,32,37,12,25
S01012376,Whole house or bungalow: Terraced (including end-terrace),30,18,8,10,12,1,11
S01012376,Flat maisonette or apartment or mobile/temporary accommodation,16,10,5,5,6,3,3
S01012377,All households,324,213,142,71,111,40,71
S01012377,Whole house or bungalow: Total,307,210,142,68,97,28,69
S01012377,Whole house or bungalow: Detached,194,162,111,51,32,0,32
S01012377,Whole house or bungalow: Semi-detached,69,34,22,12,35,14,21
S01012377,Whole house or bungalow: Terraced (including end-terrace),44,14,9,5,30,14,16
S01012377,Flat maisonette or apartment or mobile/temporary accommodation,17,3,0,3,14,12,2
S01012378,All households,250,132,86,46,118,15,103
S01012378,Whole house or bungalow: Total,227,130,85,45,97,5,92
S01012378,Whole house or bungalow: Detached,157,110,74,36,47,0,47
S01012378,Whole house or bungalow: Semi-detached,53,12,5,7,41,1,40
S01012378,Whole house or bungalow: Terraced (including end-terrace),17,8,6,2,9,4,5
S01012378,Flat maisonette or apartment or mobile/temporary accommodation,23,2,1,1,21,10,11
S01012379,All households,227,127,84,43,100,19,81
S01012379,Whole house or bungalow: Total,213,123,82,41,90,13,77
S01012379,Whole house or bungalow: Detached,150,94,66,28,56,1,55
S01012379,Whole house or bungalow: Semi-detached,48,20,13,7,28,11,17
S01012379,Whole house or bungalow: Terraced (including end-terrace),15,9,3,6,6,1,5
S01012379,Flat maisonette or apartment or mobile/temporary accommodation,14,4,2,2,10,6,4
S01012380,All households,423,247,119,128,176,151,25
S01012380,Whole house or bungalow: Total,264,180,89,91,84,67,17
S01012380,Whole house or bungalow: Detached,42,37,25,12,5,0,5
S01012380,Whole house or bungalow: Semi-detached,63,51,27,24,12,8,4
S01012380,Whole house or bungalow: Terraced (including end-terrace),159,92,37,55,67,59,8
S01012380,Flat maisonette or apartment or mobile/temporary accommodation,159,67,30,37,92,84,8
S01012381,All households,456,230,126,104,226,173,53
S01012381,Whole house or bungalow: Total,255,171,102,69,84,62,22
S01012381,Whole house or bungalow: Detached,54,45,27,18,9,5,4
S01012381,Whole house or bungalow: Semi-detached,76,47,25,22,29,19,10
S01012381,Whole house or bungalow: Terraced (including end-terrace),125,79,50,29,46,38,8
S01012381,Flat maisonette or apartment or mobile/temporary accommodation,201,59,24,35,142,111,31
S01012382,All households,437,359,210,149,78,54,24
S01012382,Whole house or bungalow: Total,378,340,201,139,38,21,17
S01012382,Whole house or bungalow: Detached,131,124,83,41,7,2,5
S01012382,Whole house or bungalow: Semi-detached,171,157,93,64,14,6,8
S01012382,Whole house or bungalow: Terraced (including end-terrace),76,59,25,34,17,13,4
S01012382,Flat maisonette or apartment or mobile/temporary accommodation,59,19,9,10,40,33,7
S01012383,All households,424,281,165,116,143,89,54
S01012383,Whole house or bungalow: Total,256,202,124,78,54,32,22
S01012383,Whole house or bungalow: Detached,80,75,55,20,5,2,3
S01012383,Whole house or bungalow: Semi-detached,113,82,45,37,31,21,10
S01012383,Whole house or bungalow: Terraced (including end-terrace),63,45,24,21,18,9,9
S01012383,Flat maisonette or apartment or mobile/temporary accommodation,168,79,41,38,89,57,32
S01012384,All households,267,171,87,84,96,48,48
S01012384,Whole house or bungalow: Total,170,129,72,57,41,28,13
S01012384,Whole house or bungalow: Detached,58,56,35,21,2,1,1
S01012384,Whole house or bungalow: Semi-detached,59,42,20,22,17,11,6
S01012384,Whole house or bungalow: Terraced (including end-terrace),53,31,17,14,22,16,6
S01012384,Flat maisonette or apartment or mobile/temporary accommodation,97,42,15,27,55,20,35
S01012385,All households,332,236,116,120,96,41,55
S01012385,Whole house or bungalow: Total,199,168,89,79,31,11,20
S01012385,Whole house or bungalow: Detached,100,93,51,42,7,0,7
S01012385,Whole house or bungalow: Semi-detached,59,51,25,26,8,0,8
S01012385,Whole house or bungalow: Terraced (including end-terrace),40,24,13,11,16,11,5
S01012385,Flat maisonette or apartment or mobile/temporary accommodation,133,68,27,41,65,30,35
S01012386,All households,440,156,79,77,284,248,36
S01012386,Whole house or bungalow: Total,352,142,73,69,210,185,25
S01012386,Whole house or bungalow: Detached,54,39,24,15,15,5,10
S01012386,Whole house or bungalow: Semi-detached,74,38,19,19,36,28,8
S01012386,Whole house or bungalow: Terraced (including end-terrace),224,65,30,35,159,152,7
S01012386,Flat maisonette or apartment or mobile/temporary accommodation,88,14,6,8,74,63,11
S01012387,All households,407,273,166,107,134,75,59
S01012387,Whole house or bungalow: Total,399,273,166,107,126,69,57
S01012387,Whole house or bungalow: Detached,332,244,150,94,88,37,51
S01012387,Whole house or bungalow: Semi-detached,61,28,16,12,33,28,5
S01012387,Whole house or bungalow: Terraced (including end-terrace),6,1,0,1,5,4,1
S01012387,Flat maisonette or apartment or mobile/temporary accommodation,8,0,0,0,8,6,2
S01012388,All households,306,273,156,117,33,13,20
S01012388,Whole house or bungalow: Total,303,271,155,116,32,12,20
S01012388,Whole house or bungalow: Detached,257,240,139,101,17,1,16
S01012388,Whole house or bungalow: Semi-detached,43,29,14,15,14,10,4
S01012388,Whole house or bungalow: Terraced (including end-terrace),3,2,2,0,1,1,0
S01012388,Flat maisonette or apartment or mobile/temporary accommodation,3,2,1,1,1,1,0
S01012389,All households,339,243,114,129,96,67,29
S01012389,Whole house or bungalow: Total,336,242,113,129,94,66,28
S01012389,Whole house or bungalow: Detached,253,221,108,113,32,10,22
S01012389,Whole house or bungalow: Semi-detached,73,19,4,15,54,48,6
S01012389,Whole house or bungalow: Terraced (including end-terrace),10,2,1,1,8,8,0
S01012389,Flat maisonette or apartment or mobile/temporary accommodation,3,1,1,0,2,1,1
S01012390,All households,307,232,135,97,75,48,27
S01012390,Whole house or bungalow: Total,302,232,135,97,70,44,26
S01012390,Whole house or bungalow: Detached,238,211,123,88,27,6,21
S01012390,Whole house or bungalow: Semi-detached,55,20,12,8,35,30,5
S01012390,Whole house or bungalow: Terraced (including end-terrace),9,1,0,1,8,8,0
S01012390,Flat maisonette or apartment or mobile/temporary accommodation,5,0,0,0,5,4,1
S01012391,All households,412,320,148,172,92,50,42
S01012391,Whole house or bungalow: Total,396,319,147,172,77,39,38
S01012391,Whole house or bungalow: Detached,309,278,133,145,31,1,30
S01012391,Whole house or bungalow: Semi-detached,78,36,12,24,42,35,7
S01012391,Whole house or bungalow: Terraced (including end-terrace),9,5,2,3,4,3,1
S01012391,Flat maisonette or apartment or mobile/temporary accommodation,16,1,1,0,15,11,4
S01012392,All households,327,185,97,88,142,127,15
S01012392,Whole house or bungalow: Total,264,185,97,88,79,67,12
S01012392,Whole house or bungalow: Detached,141,120,72,48,21,12,9
S01012392,Whole house or bungalow: Semi-detached,112,58,23,35,54,51,3
S01012392,Whole house or bungalow: Terraced (including end-terrace),11,7,2,5,4,4,0
S01012392,Flat maisonette or apartment or mobile/temporary accommodation,63,0,0,0,63,60,3
S01012393,All households,377,265,146,119,112,81,31
S01012393,Whole house or bungalow: Total,368,265,146,119,103,75,28
S01012393,Whole house or bungalow: Detached,155,143,93,50,12,2,10
S01012393,Whole house or bungalow: Semi-detached,192,106,46,60,86,69,17
S01012393,Whole house or bungalow: Terraced (including end-terrace),21,16,7,9,5,4,1
S01012393,Flat maisonette or apartment or mobile/temporary accommodation,9,0,0,0,9,6,3
S01012394,All households,276,109,53,56,167,155,12
S01012394,Whole house or bungalow: Total,266,107,52,55,159,151,8
S01012394,Whole house or bungalow: Detached,82,68,35,33,14,9,5
S01012394,Whole house or bungalow: Semi-detached,51,19,8,11,32,30,2
S01012394,Whole house or bungalow: Terraced (including end-terrace),133,20,9,11,113,112,1
S01012394,Flat maisonette or apartment or mobile/temporary accommodation,10,2,1,1,8,4,4
S01012395,All households,279,181,103,78,98,74,24
S01012395,Whole house or bungalow: Total,217,153,93,60,64,52,12
S01012395,Whole house or bungalow: Detached,75,70,53,17,5,1,4
S01012395,Whole house or bungalow: Semi-detached,107,58,27,31,49,43,6
S01012395,Whole house or bungalow: Terraced (including end-terrace),35,25,13,12,10,8,2
S01012395,Flat maisonette or apartment or mobile/temporary accommodation,62,28,10,18,34,22,12
S01012396,All households,312,181,107,74,131,73,58
S01012396,Whole house or bungalow: Total,227,152,93,59,75,49,26
S01012396,Whole house or bungalow: Detached,45,37,23,14,8,3,5
S01012396,Whole house or bungalow: Semi-detached,137,93,55,38,44,30,14
S01012396,Whole house or bungalow: Terraced (including end-terrace),45,22,15,7,23,16,7
S01012396,Flat maisonette or apartment or mobile/temporary accommodation,85,29,14,15,56,24,32
S01012397,All households,418,246,152,94,172,126,46
S01012397,Whole house or bungalow: Total,342,225,144,81,117,81,36
S01012397,Whole house or bungalow: Detached,185,148,107,41,37,5,32
S01012397,Whole house or bungalow: Semi-detached,97,51,23,28,46,44,2
S01012397,Whole house or bungalow: Terraced (including end-terrace),60,26,14,12,34,32,2
S01012397,Flat maisonette or apartment or mobile/temporary accommodation,76,21,8,13,55,45,10
S01012398,All households,432,213,109,104,219,125,94
S01012398,Whole house or bungalow: Total,235,152,83,69,83,39,44
S01012398,Whole house or bungalow: Detached,61,45,31,14,16,3,13
S01012398,Whole house or bungalow: Semi-detached,116,68,32,36,48,23,25
S01012398,Whole house or bungalow: Terraced (including end-terrace),58,39,20,19,19,13,6
S01012398,Flat maisonette or apartment or mobile/temporary accommodation,197,61,26,35,136,86,50
S01012399,All households,287,145,82,63,142,118,24
S01012399,Whole house or bungalow: Total,263,138,76,62,125,103,22
S01012399,Whole house or bungalow: Detached,21,14,9,5,7,6,1
S01012399,Whole house or bungalow: Semi-detached,130,65,37,28,65,54,11
S01012399,Whole house or bungalow: Terraced (including end-terrace),112,59,30,29,53,43,10
S01012399,Flat maisonette or apartment or mobile/temporary accommodation,24,7,6,1,17,15,2
S01012400,All households,274,117,61,56,157,105,52
S01012400,Whole house or bungalow: Total,170,89,45,44,81,55,26
S01012400,Whole house or bungalow: Detached,47,33,20,13,14,5,9
S01012400,Whole house or bungalow: Semi-detached,93,40,17,23,53,36,17
S01012400,Whole house or bungalow: Terraced (including end-terrace),30,16,8,8,14,14,0
S01012400,Flat maisonette or apartment or mobile/temporary accommodation,104,28,16,12,76,50,26
S01012401,All households,408,184,102,82,224,203,21
S01012401,Whole house or bungalow: Total,276,166,95,71,110,93,17
S01012401,Whole house or bungalow: Detached,63,46,28,18,17,12,5
S01012401,Whole house or bungalow: Semi-detached,196,115,64,51,81,71,10
S01012401,Whole house or bungalow: Terraced (including end-terrace),17,5,3,2,12,10,2
S01012401,Flat maisonette or apartment or mobile/temporary accommodation,132,18,7,11,114,110,4
S01012402,All households,184,153,77,76,31,10,21
S01012402,Whole house or bungalow: Total,183,153,77,76,30,9,21
S01012402,Whole house or bungalow: Detached,158,139,72,67,19,0,19
S01012402,Whole house or bungalow: Semi-detached,23,14,5,9,9,7,2
S01012402,Whole house or bungalow: Terraced (including end-terrace),2,0,0,0,2,2,0
S01012402,Flat maisonette or apartment or mobile/temporary accommodation,1,0,0,0,1,1,0
S01012403,All households,437,334,195,139,103,49,54
S01012403,Whole house or bungalow: Total,431,333,194,139,98,48,50
S01012403,Whole house or bungalow: Detached,319,273,164,109,46,5,41
S01012403,Whole house or bungalow: Semi-detached,105,57,30,27,48,40,8
S01012403,Whole house or bungalow: Terraced (including end-terrace),7,3,0,3,4,3,1
S01012403,Flat maisonette or apartment or mobile/temporary accommodation,6,1,1,0,5,1,4
S01012404,All households,448,258,146,112,190,124,66
S01012404,Whole house or bungalow: Total,373,249,144,105,124,87,37
S01012404,Whole house or bungalow: Detached,175,157,101,56,18,3,15
S01012404,Whole house or bungalow: Semi-detached,157,77,39,38,80,63,17
S01012404,Whole house or bungalow: Terraced (including end-terrace),41,15,4,11,26,21,5
S01012404,Flat maisonette or apartment or mobile/temporary accommodation,75,9,2,7,66,37,29
S01012405,All households,274,241,115,126,33,7,26
S01012405,Whole house or bungalow: Total,265,239,114,125,26,5,21
S01012405,Whole house or bungalow: Detached,242,225,108,117,17,0,17
S01012405,Whole house or bungalow: Semi-detached,23,14,6,8,9,5,4
S01012405,Whole house or bungalow: Terraced (including end-terrace),0,0,0,0,0,0,0
S01012405,Flat maisonette or apartment or mobile/temporary accommodation,9,2,1,1,7,2,5
S01012406,All households,260,201,113,88,59,36,23
S01012406,Whole house or bungalow: Total,258,200,113,87,58,35,23
S01012406,Whole house or bungalow: Detached,202,183,105,78,19,1,18
S01012406,Whole house or bungalow: Semi-detached,46,16,7,9,30,26,4
S01012406,Whole house or bungalow: Terraced (including end-terrace),10,1,1,0,9,8,1
S01012406,Flat maisonette or apartment or mobile/temporary accommodation,2,1,0,1,1,1,0
S01012407,All households,335,218,117,101,117,90,27
S01012407,Whole house or bungalow: Total,327,218,117,101,109,82,27
S01012407,Whole house or bungalow: Detached,211,178,99,79,33,9,24
S01012407,Whole house or bungalow: Semi-detached,105,37,16,21,68,65,3
S01012407,Whole house or bungalow: Terraced (including end-terrace),11,3,2,1,8,8,0
S01012407,Flat maisonette or apartment or mobile/temporary accommodation,8,0,0,0,8,8,0
S01012408,All households,250,194,117,77,56,16,40
S01012408,Whole house or bungalow: Total,248,194,117,77,54,14,40
S01012408,Whole house or bungalow: Detached,227,185,113,72,42,3,39
S01012408,Whole house or bungalow: Semi-detached,19,9,4,5,10,9,1
S01012408,Whole house or bungalow: Terraced (including end-terrace),2,0,0,0,2,2,0
S01012408,Flat maisonette or apartment or mobile/temporary accommodation,2,0,0,0,2,2,0
S01012409,All households,311,205,133,72,106,60,46
S01012409,Whole house or bungalow: Total,287,204,133,71,83,43,40
S01012409,Whole house or bungalow: Detached,235,194,127,67,41,9,32
S01012409,Whole house or bungalow: Semi-detached,48,9,6,3,39,32,7
S01012409,Whole house or bungalow: Terraced (including end-terrace),4,1,0,1,3,2,1
S01012409,Flat maisonette or apartment or mobile/temporary accommodation,24,1,0,1,23,17,6
S01012410,All households,420,268,141,127,152,108,44
S01012410,Whole house or bungalow: Total,415,268,141,127,147,105,42
S01012410,Whole house or bungalow: Detached,283,222,122,100,61,26,35
S01012410,Whole house or bungalow: Semi-detached,101,39,19,20,62,56,6
S01012410,Whole house or bungalow: Terraced (including end-terrace),31,7,0,7,24,23,1
S01012410,Flat maisonette or apartment or mobile/temporary accommodation,5,0,0,0,5,3,2
S01012411,All households,410,229,122,107,181,151,30
S01012411,Whole house or bungalow: Total,399,227,121,106,172,143,29
S01012411,Whole house or bungalow: Detached,230,178,101,77,52,26,26
S01012411,Whole house or bungalow: Semi-detached,120,41,19,22,79,77,2
S01012411,Whole house or bungalow: Terraced (including end-terrace),49,8,1,7,41,40,1
S01012411,Flat maisonette or apartment or mobile/temporary accommodation,11,2,1,1,9,8,1
S01012412,All households,281,177,123,54,104,68,36
S01012412,Whole house or bungalow: Total,272,174,120,54,98,62,36
S01012412,Whole house or bungalow: Detached,208,155,107,48,53,22,31
S01012412,Whole house or bungalow: Semi-detached,58,19,13,6,39,34,5
S01012412,Whole house or bungalow: Terraced (including end-terrace),6,0,0,0,6,6,0
S01012412,Flat maisonette or apartment or mobile/temporary accommodation,9,3,3,0,6,6,0
S01012413,All households,419,306,203,103,113,50,63
S01012413,Whole house or bungalow: Total,407,305,202,103,102,41,61
S01012413,Whole house or bungalow: Detached,325,266,174,92,59,3,56
S01012413,Whole house or bungalow: Semi-detached,74,37,26,11,37,33,4
S01012413,Whole house or bungalow: Terraced (including end-terrace),8,2,2,0,6,5,1
S01012413,Flat maisonette or apartment or mobile/temporary accommodation,12,1,1,0,11,9,2
S01012414,All households,341,218,154,64,123,89,34
S01012414,Whole house or bungalow: Total,336,215,152,63,121,87,34
S01012414,Whole house or bungalow: Detached,204,173,123,50,31,3,28
S01012414,Whole house or bungalow: Semi-detached,109,39,27,12,70,67,3
S01012414,Whole house or bungalow: Terraced (including end-terrace),23,3,2,1,20,17,3
S01012414,Flat maisonette or apartment or mobile/temporary accommodation,5,3,2,1,2,2,0
S01012415,All households,203,164,120,44,39,30,9
S01012415,Whole house or bungalow: Total,201,163,119,44,38,29,9
S01012415,Whole house or bungalow: Detached,139,129,95,34,10,7,3
S01012415,Whole house or bungalow: Semi-detached,56,33,23,10,23,17,6
S01012415,Whole house or bungalow: Terraced (including end-terrace),6,1,1,0,5,5,0
S01012415,Flat maisonette or apartment or mobile/temporary accommodation,2,1,1,0,1,1,0
S01012416,All households,216,173,120,53,43,28,15
S01012416,Whole house or bungalow: Total,212,172,119,53,40,27,13
S01012416,Whole house or bungalow: Detached,162,147,98,49,15,4,11
S01012416,Whole house or bungalow: Semi-detached,43,24,20,4,19,17,2
S01012416,Whole house or bungalow: Terraced (including end-terrace),7,1,1,0,6,6,0
S01012416,Flat maisonette or apartment or mobile/temporary accommodation,4,1,1,0,3,1,2
S01012417,All households,299,165,113,52,134,68,66
S01012417,Whole house or bungalow: Total,267,149,106,43,118,56,62
S01012417,Whole house or bungalow: Detached,120,78,62,16,42,3,39
S01012417,Whole house or bungalow: Semi-detached,67,31,18,13,36,25,11
S01012417,Whole house or bungalow: Terraced (including end-terrace),80,40,26,14,40,28,12
S01012417,Flat maisonette or apartment or mobile/temporary accommodation,32,16,7,9,16,12,4
S01012418,All households,343,232,163,69,111,39,72
S01012418,Whole house or bungalow: Total,336,230,162,68,106,35,71
S01012418,Whole house or bungalow: Detached,188,138,107,31,50,1,49
S01012418,Whole house or bungalow: Semi-detached,91,51,31,20,40,28,12
S01012418,Whole house or bungalow: Terraced (including end-terrace),57,41,24,17,16,6,10
S01012418,Flat maisonette or apartment or mobile/temporary accommodation,7,2,1,1,5,4,1
S01012419,All households,313,232,167,65,81,31,50
S01012419,Whole house or bungalow: Total,292,217,155,62,75,25,50
S01012419,Whole house or bungalow: Detached,187,146,112,34,41,1,40
S01012419,Whole house or bungalow: Semi-detached,77,54,32,22,23,15,8
S01012419,Whole house or bungalow: Terraced (including end-terrace),28,17,11,6,11,9,2
S01012419,Flat maisonette or apartment or mobile/temporary accommodation,21,15,12,3,6,6,0
S01012420,All households,362,195,107,88,167,117,50
S01012420,Whole house or bungalow: Total,321,183,101,82,138,92,46
S01012420,Whole house or bungalow: Detached,81,50,35,15,31,7,24
S01012420,Whole house or bungalow: Semi-detached,98,51,31,20,47,34,13
S01012420,Whole house or bungalow: Terraced (including end-terrace),142,82,35,47,60,51,9
S01012420,Flat maisonette or apartment or mobile/temporary accommodation,41,12,6,6,29,25,4
S01012421,All households,325,183,103,80,142,73,69
S01012421,Whole house or bungalow: Total,284,174,96,78,110,62,48
S01012421,Whole house or bungalow: Detached,119,85,53,32,34,6,28
S01012421,Whole house or bungalow: Semi-detached,102,56,32,24,46,32,14
S01012421,Whole house or bungalow: Terraced (including end-terrace),63,33,11,22,30,24,6
S01012421,Flat maisonette or apartment or mobile/temporary accommodation,41,9,7,2,32,11,21
S01012422,All households,402,256,160,96,146,46,100
S01012422,Whole house or bungalow: Total,376,245,154,91,131,41,90
S01012422,Whole house or bungalow: Detached,189,130,82,48,59,3,56
S01012422,Whole house or bungalow: Semi-detached,95,56,35,21,39,19,20
S01012422,Whole house or bungalow: Terraced (including end-terrace),92,59,37,22,33,19,14
S01012422,Flat maisonette or apartment or mobile/temporary accommodation,26,11,6,5,15,5,10
S01012423,All households,346,265,140,125,81,38,43
S01012423,Whole house or bungalow: Total,315,250,136,114,65,29,36
S01012423,Whole house or bungalow: Detached,140,115,69,46,25,3,22
S01012423,Whole house or bungalow: Semi-detached,82,57,27,30,25,14,11
S01012423,Whole house or bungalow: Terraced (including end-terrace),93,78,40,38,15,12,3
S01012423,Flat maisonette or apartment or mobile/temporary accommodation,31,15,4,11,16,9,7
S01012424,All households,414,260,117,143,154,130,24
S01012424,Whole house or bungalow: Total,364,257,116,141,107,85,22
S01012424,Whole house or bungalow: Detached,89,83,35,48,6,2,4
S01012424,Whole house or bungalow: Semi-detached,107,68,28,40,39,30,9
S01012424,Whole house or bungalow: Terraced (including end-terrace),168,106,53,53,62,53,9
S01012424,Flat maisonette or apartment or mobile/temporary accommodation,50,3,1,2,47,45,2
S01012425,All households,307,122,67,55,185,163,22
S01012425,Whole house or bungalow: Total,165,92,50,42,73,59,14
S01012425,Whole house or bungalow: Detached,12,5,1,4,7,2,5
S01012425,Whole house or bungalow: Semi-detached,48,26,17,9,22,21,1
S01012425,Whole house or bungalow: Terraced (including end-terrace),105,61,32,29,44,36,8
S01012425,Flat maisonette or apartment or mobile/temporary accommodation,142,30,17,13,112,104,8
S01012426,All households,237,102,50,52,135,118,17
S01012426,Whole house or bungalow: Total,166,99,50,49,67,53,14
S01012426,Whole house or bungalow: Detached,6,3,2,1,3,2,1
S01012426,Whole house or bungalow: Semi-detached,56,42,20,22,14,13,1
S01012426,Whole house or bungalow: Terraced (including end-terrace),104,54,28,26,50,38,12
S01012426,Flat maisonette or apartment or mobile/temporary accommodation,71,3,0,3,68,65,3
S01012427,All households,300,137,61,76,163,145,18
S01012427,Whole house or bungalow: Total,222,134,60,74,88,71,17
S01012427,Whole house or bungalow: Detached,12,7,2,5,5,4,1
S01012427,Whole house or bungalow: Semi-detached,22,17,8,9,5,3,2
S01012427,Whole house or bungalow: Terraced (including end-terrace),188,110,50,60,78,64,14
S01012427,Flat maisonette or apartment or mobile/temporary accommodation,78,3,1,2,75,74,1
S01012428,All households,286,206,115,91,80,58,22
S01012428,Whole house or bungalow: Total,280,203,114,89,77,57,20
S01012428,Whole house or bungalow: Detached,81,72,51,21,9,5,4
S01012428,Whole house or bungalow: Semi-detached,31,25,12,13,6,3,3
S01012428,Whole house or bungalow: Terraced (including end-terrace),168,106,51,55,62,49,13
S01012428,Flat maisonette or apartment or mobile/temporary accommodation,6,3,1,2,3,1,2
S01012429,All households,286,207,122,85,79,36,43
S01012429,Whole house or bungalow: Total,244,193,111,82,51,20,31
S01012429,Whole house or bungalow: Detached,39,31,22,9,8,4,4
S01012429,Whole house or bungalow: Semi-detached,89,70,40,30,19,8,11
S01012429,Whole house or bungalow: Terraced (including end-terrace),116,92,49,43,24,8,16
S01012429,Flat maisonette or apartment or mobile/temporary accommodation,42,14,11,3,28,16,12
S01012430,All households,277,219,122,97,58,14,44
S01012430,Whole house or bungalow: Total,219,182,103,79,37,10,27
S01012430,Whole house or bungalow: Detached,44,41,26,15,3,2,1
S01012430,Whole house or bungalow: Semi-detached,36,30,17,13,6,2,4
S01012430,Whole house or bungalow: Terraced (including end-terrace),139,111,60,51,28,6,22
S01012430,Flat maisonette or apartment or mobile/temporary accommodation,58,37,19,18,21,4,17
S01012431,All households,432,294,182,112,138,73,65
S01012431,Whole house or bungalow: Total,293,240,150,90,53,13,40
S01012431,Whole house or bungalow: Detached,40,31,22,9,9,1,8
S01012431,Whole house or bungalow: Semi-detached,81,69,49,20,12,5,7
S01012431,Whole house or bungalow: Terraced (including end-terrace),172,140,79,61,32,7,25
S01012431,Flat maisonette or apartment or mobile/temporary accommodation,139,54,32,22,85,60,25
S01012432,All households,352,235,142,93,117,103,14
S01012432,Whole house or bungalow: Total,258,206,131,75,52,45,7
S01012432,Whole house or bungalow: Detached,129,121,84,37,8,6,2
S01012432,Whole house or bungalow: Semi-detached,81,59,35,24,22,19,3
S01012432,Whole house or bungalow: Terraced (including end-terrace),48,26,12,14,22,20,2
S01012432,Flat maisonette or apartment or mobile/temporary accommodation,94,29,11,18,65,58,7
S01012433,All households,265,165,88,77,100,63,37
S01012433,Whole house or bungalow: Total,164,126,73,53,38,18,20
S01012433,Whole house or bungalow: Detached,16,13,9,4,3,0,3
S01012433,Whole house or bungalow: Semi-detached,26,21,11,10,5,4,1
S01012433,Whole house or bungalow: Terraced (including end-terrace),122,92,53,39,30,14,16
S01012433,Flat maisonette or apartment or mobile/temporary accommodation,101,39,15,24,62,45,17
S01012434,All households,334,179,78,101,155,100,55
S01012434,Whole house or bungalow: Total,127,88,33,55,39,27,12
S01012434,Whole house or bungalow: Detached,31,13,11,2,18,13,5
S01012434,Whole house or bungalow: Semi-detached,54,46,16,30,8,7,1
S01012434,Whole house or bungalow: Terraced (including end-terrace),42,29,6,23,13,7,6
S01012434,Flat maisonette or apartment or mobile/temporary accommodation,207,91,45,46,116,73,43
S01012435,All households,311,155,69,86,156,121,35
S01012435,Whole house or bungalow: Total,188,108,52,56,80,71,9
S01012435,Whole house or bungalow: Detached,15,13,7,6,2,2,0
S01012435,Whole house or bungalow: Semi-detached,36,21,9,12,15,11,4
S01012435,Whole house or bungalow: Terraced (including end-terrace),137,74,36,38,63,58,5
S01012435,Flat maisonette or apartment or mobile/temporary accommodation,123,47,17,30,76,50,26
S01012436,All households,345,167,89,78,178,132,46
S01012436,Whole house or bungalow: Total,245,151,84,67,94,69,25
S01012436,Whole house or bungalow: Detached,27,20,12,8,7,4,3
S01012436,Whole house or bungalow: Semi-detached,86,56,28,28,30,18,12
S01012436,Whole house or bungalow: Terraced (including end-terrace),132,75,44,31,57,47,10
S01012436,Flat maisonette or apartment or mobile/temporary accommodation,100,16,5,11,84,63,21
S01012437,All households,336,210,109,101,126,106,20
S01012437,Whole house or bungalow: Total,258,184,99,85,74,61,13
S01012437,Whole house or bungalow: Detached,38,34,23,11,4,1,3
S01012437,Whole house or bungalow: Semi-detached,149,102,56,46,47,41,6
S01012437,Whole house or bungalow: Terraced (including end-terrace),71,48,20,28,23,19,4
S01012437,Flat maisonette or apartment or mobile/temporary accommodation,78,26,10,16,52,45,7
S01012438,All households,260,177,65,112,83,68,15
S01012438,Whole house or bungalow: Total,252,170,63,107,82,67,15
S01012438,Whole house or bungalow: Detached,93,81,37,44,12,3,9
S01012438,Whole house or bungalow: Semi-detached,74,65,18,47,9,5,4
S01012438,Whole house or bungalow: Terraced (including end-terrace),85,24,8,16,61,59,2
S01012438,Flat maisonette or apartment or mobile/temporary accommodation,8,7,2,5,1,1,0
S01012439,All households,355,209,106,103,146,97,49
S01012439,Whole house or bungalow: Total,240,180,96,84,60,34,26
S01012439,Whole house or bungalow: Detached,85,76,48,28,9,4,5
S01012439,Whole house or bungalow: Semi-detached,82,54,30,24,28,14,14
S01012439,Whole house or bungalow: Terraced (including end-terrace),73,50,18,32,23,16,7
S01012439,Flat maisonette or apartment or mobile/temporary accommodation,115,29,10,19,86,63,23
S01012440,All households,221,196,98,98,25,10,15
S01012440,Whole house or bungalow: Total,199,188,95,93,11,2,9
S01012440,Whole house or bungalow: Detached,140,135,72,63,5,0,5
S01012440,Whole house or bungalow: Semi-detached,29,27,10,17,2,0,2
S01012440,Whole house or bungalow: Terraced (including end-terrace),30,26,13,13,4,2,2
S01012440,Flat maisonette or apartment or mobile/temporary accommodation,22,8,3,5,14,8,6
S01012441,All households,387,287,164,123,100,59,41
S01012441,Whole house or bungalow: Total,364,281,160,121,83,48,35
S01012441,Whole house or bungalow: Detached,182,158,93,65,24,3,21
S01012441,Whole house or bungalow: Semi-detached,99,71,36,35,28,20,8
S01012441,Whole house or bungalow: Terraced (including end-terrace),83,52,31,21,31,25,6
S01012441,Flat maisonette or apartment or mobile/temporary accommodation,23,6,4,2,17,11,6
S01012442,All households,423,311,141,170,112,52,60
S01012442,Whole house or bungalow: Total,397,298,134,164,99,40,59
S01012442,Whole house or bungalow: Detached,210,176,89,87,34,2,32
S01012442,Whole house or bungalow: Semi-detached,128,85,30,55,43,21,22
S01012442,Whole house or bungalow: Terraced (including end-terrace),59,37,15,22,22,17,5
S01012442,Flat maisonette or apartment or mobile/temporary accommodation,26,13,7,6,13,12,1
S01012443,All households,313,220,96,124,93,41,52
S01012443,Whole house or bungalow: Total,304,217,95,122,87,40,47
S01012443,Whole house or bungalow: Detached,153,117,58,59,36,3,33
S01012443,Whole house or bungalow: Semi-detached,98,58,24,34,40,27,13
S01012443,Whole house or bungalow: Terraced (including end-terrace),53,42,13,29,11,10,1
S01012443,Flat maisonette or apartment or mobile/temporary accommodation,9,3,1,2,6,1,5
S01012444,All households,292,246,148,98,46,22,24
S01012444,Whole house or bungalow: Total,275,240,145,95,35,18,17
S01012444,Whole house or bungalow: Detached,233,222,137,85,11,2,9
S01012444,Whole house or bungalow: Semi-detached,35,13,6,7,22,14,8
S01012444,Whole house or bungalow: Terraced (including end-terrace),7,5,2,3,2,2,0
S01012444,Flat maisonette or apartment or mobile/temporary accommodation,17,6,3,3,11,4,7
S01012445,All households,183,152,52,100,31,21,10
S01012445,Whole house or bungalow: Total,179,150,52,98,29,21,8
S01012445,Whole house or bungalow: Detached,152,139,51,88,13,5,8
S01012445,Whole house or bungalow: Semi-detached,19,6,0,6,13,13,0
S01012445,Whole house or bungalow: Terraced (including end-terrace),8,5,1,4,3,3,0
S01012445,Flat maisonette or apartment or mobile/temporary accommodation,4,2,0,2,2,0,2
S01012446,All households,252,150,65,85,102,75,27
S01012446,Whole house or bungalow: Total,170,110,53,57,60,44,16
S01012446,Whole house or bungalow: Detached,51,42,27,15,9,4,5
S01012446,Whole house or bungalow: Semi-detached,72,51,21,30,21,15,6
S01012446,Whole house or bungalow: Terraced (including end-terrace),47,17,5,12,30,25,5
S01012446,Flat maisonette or apartment or mobile/temporary accommodation,82,40,12,28,42,31,11
S01012447,All households,354,324,154,170,30,7,23
S01012447,Whole house or bungalow: Total,331,308,150,158,23,3,20
S01012447,Whole house or bungalow: Detached,224,209,111,98,15,1,14
S01012447,Whole house or bungalow: Semi-detached,94,88,34,54,6,1,5
S01012447,Whole house or bungalow: Terraced (including end-terrace),13,11,5,6,2,1,1
S01012447,Flat maisonette or apartment or mobile/temporary accommodation,23,16,4,12,7,4,3
S01012448,All households,361,296,115,181,65,40,25
S01012448,Whole house or bungalow: Total,345,286,112,174,59,39,20
S01012448,Whole house or bungalow: Detached,270,254,99,155,16,2,14
S01012448,Whole house or bungalow: Semi-detached,38,18,9,9,20,16,4
S01012448,Whole house or bungalow: Terraced (including end-terrace),37,14,4,10,23,21,2
S01012448,Flat maisonette or apartment or mobile/temporary accommodation,16,10,3,7,6,1,5
S01012449,All households,252,206,87,119,46,20,26
S01012449,Whole house or bungalow: Total,228,190,86,104,38,20,18
S01012449,Whole house or bungalow: Detached,51,47,24,23,4,1,3
S01012449,Whole house or bungalow: Semi-detached,93,74,29,45,19,8,11
S01012449,Whole house or bungalow: Terraced (including end-terrace),84,69,33,36,15,11,4
S01012449,Flat maisonette or apartment or mobile/temporary accommodation,24,16,1,15,8,0,8
S01012450,All households,322,276,151,125,46,12,34
S01012450,Whole house or bungalow: Total,303,264,143,121,39,8,31
S01012450,Whole house or bungalow: Detached,180,163,100,63,17,1,16
S01012450,Whole house or bungalow: Semi-detached,81,68,29,39,13,5,8
S01012450,Whole house or bungalow: Terraced (including end-terrace),42,33,14,19,9,2,7
S01012450,Flat maisonette or apartment or mobile/temporary accommodation,19,12,8,4,7,4,3
S01012451,All households,397,370,254,116,27,5,22
S01012451,Whole house or bungalow: Total,365,342,231,111,23,4,19
S01012451,Whole house or bungalow: Detached,342,322,221,101,20,3,17
S01012451,Whole house or bungalow: Semi-detached,13,11,6,5,2,1,1
S01012451,Whole house or bungalow: Terraced (including end-terrace),10,9,4,5,1,0,1
S01012451,Flat maisonette or apartment or mobile/temporary accommodation,32,28,23,5,4,1,3
S01012452,All households,301,276,145,131,25,6,19
S01012452,Whole house or bungalow: Total,297,274,144,130,23,4,19
S01012452,Whole house or bungalow: Detached,138,132,75,57,6,0,6
S01012452,Whole house or bungalow: Semi-detached,155,141,69,72,14,1,13
S01012452,Whole house or bungalow: Terraced (including end-terrace),4,1,0,1,3,3,0
S01012452,Flat maisonette or apartment or mobile/temporary accommodation,4,2,1,1,2,2,0
S01012453,All households,322,305,179,126,17,3,14
S01012453,Whole house or bungalow: Total,316,301,176,125,15,2,13
S01012453,Whole house or bungalow: Detached,290,279,161,118,11,0,11
S01012453,Whole house or bungalow: Semi-detached,23,20,13,7,3,1,2
S01012453,Whole house or bungalow: Terraced (including end-terrace),3,2,2,0,1,1,0
S01012453,Flat maisonette or apartment or mobile/temporary accommodation,6,4,3,1,2,1,1
S01012454,All households,301,290,189,101,11,3,8
S01012454,Whole house or bungalow: Total,300,289,189,100,11,3,8
S01012454,Whole house or bungalow: Detached,242,236,152,84,6,0,6
S01012454,Whole house or bungalow: Semi-detached,54,51,36,15,3,1,2
S01012454,Whole house or bungalow: Terraced (including end-terrace),4,2,1,1,2,2,0
S01012454,Flat maisonette or apartment or mobile/temporary accommodation,1,1,0,1,0,0,0
S01012455,All households,246,228,154,74,18,0,18
S01012455,Whole house or bungalow: Total,240,224,152,72,16,0,16
S01012455,Whole house or bungalow: Detached,221,208,143,65,13,0,13
S01012455,Whole house or bungalow: Semi-detached,7,6,4,2,1,0,1
S01012455,Whole house or bungalow: Terraced (including end-terrace),12,10,5,5,2,0,2
S01012455,Flat maisonette or apartment or mobile/temporary accommodation,6,4,2,2,2,0,2
S01012456,All households,300,277,183,94,23,4,19
S01012456,Whole house or bungalow: Total,295,275,182,93,20,2,18
S01012456,Whole house or bungalow: Detached,284,268,180,88,16,0,16
S01012456,Whole house or bungalow: Semi-detached,8,5,2,3,3,1,2
S01012456,Whole house or bungalow: Terraced (including end-terrace),3,2,0,2,1,1,0
S01012456,Flat maisonette or apartment or mobile/temporary accommodation,5,2,1,1,3,2,1
S01012457,All households,380,364,253,111,16,6,10
S01012457,Whole house or bungalow: Total,377,364,253,111,13,3,10
S01012457,Whole house or bungalow: Detached,362,354,248,106,8,1,7
S01012457,Whole house or bungalow: Semi-detached,13,9,5,4,4,1,3
S01012457,Whole house or bungalow: Terraced (including end-terrace),2,1,0,1,1,1,0
S01012457,Flat maisonette or apartment or mobile/temporary accommodation,3,0,0,0,3,3,0
S01012458,All households,330,300,189,111,30,7,23
S01012458,Whole house or bungalow: Total,316,295,185,110,21,7,14
S01012458,Whole house or bungalow: Detached,270,258,161,97,12,1,11
S01012458,Whole house or bungalow: Semi-detached,31,27,17,10,4,2,2
S01012458,Whole house or bungalow: Terraced (including end-terrace),15,10,7,3,5,4,1
S01012458,Flat maisonette or apartment or mobile/temporary accommodation,14,5,4,1,9,0,9
S01012459,All households,271,245,113,132,26,7,19
S01012459,Whole house or bungalow: Total,269,245,113,132,24,7,17
S01012459,Whole house or bungalow: Detached,171,164,81,83,7,0,7
S01012459,Whole house or bungalow: Semi-detached,73,62,26,36,11,3,8
S01012459,Whole house or bungalow: Terraced (including end-terrace),25,19,6,13,6,4,2
S01012459,Flat maisonette or apartment or mobile/temporary accommodation,2,0,0,0,2,0,2
S01012460,All households,242,228,149,79,14,2,12
S01012460,Whole house or bungalow: Total,240,227,148,79,13,2,11
S01012460,Whole house or bungalow: Detached,211,202,139,63,9,1,8
S01012460,Whole house or bungalow: Semi-detached,21,19,6,13,2,1,1
S01012460,Whole house or bungalow: Terraced (including end-terrace),8,6,3,3,2,0,2
S01012460,Flat maisonette or apartment or mobile/temporary accommodation,2,1,1,0,1,0,1
S01012461,All households,250,166,67,99,84,57,27
S01012461,Whole house or bungalow: Total,196,149,64,85,47,29,18
S01012461,Whole house or bungalow: Detached,44,41,13,28,3,0,3
S01012461,Whole house or bungalow: Semi-detached,34,26,12,14,8,3,5
S01012461,Whole house or bungalow: Terraced (including end-terrace),118,82,39,43,36,26,10
S01012461,Flat maisonette or apartment or mobile/temporary accommodation,54,17,3,14,37,28,9
S01012462,All households,386,216,89,127,170,113,57
S01012462,Whole house or bungalow: Total,298,192,83,109,106,62,44
S01012462,Whole house or bungalow: Detached,14,7,2,5,7,4,3
S01012462,Whole house or bungalow: Semi-detached,83,52,21,31,31,19,12
S01012462,Whole house or bungalow: Terraced (including end-terrace),201,133,60,73,68,39,29
S01012462,Flat maisonette or apartment or mobile/temporary accommodation,88,24,6,18,64,51,13
S01012463,All households,256,152,50,102,104,75,29
S01012463,Whole house or bungalow: Total,210,141,46,95,69,46,23
S01012463,Whole house or bungalow: Detached,20,18,11,7,2,1,1
S01012463,Whole house or bungalow: Semi-detached,37,18,6,12,19,12,7
S01012463,Whole house or bungalow: Terraced (including end-terrace),153,105,29,76,48,33,15
S01012463,Flat maisonette or apartment or mobile/temporary accommodation,46,11,4,7,35,29,6
S01012464,All households,255,141,28,113,114,98,16
S01012464,Whole house or bungalow: Total,214,129,26,103,85,71,14
S01012464,Whole house or bungalow: Detached,15,10,1,9,5,5,0
S01012464,Whole house or bungalow: Semi-detached,19,10,2,8,9,7,2
S01012464,Whole house or bungalow: Terraced (including end-terrace),180,109,23,86,71,59,12
S01012464,Flat maisonette or apartment or mobile/temporary accommodation,41,12,2,10,29,27,2
S01012465,All households,286,184,58,126,102,70,32
S01012465,Whole house or bungalow: Total,281,182,58,124,99,68,31
S01012465,Whole house or bungalow: Detached,18,9,5,4,9,7,2
S01012465,Whole house or bungalow: Semi-detached,30,17,6,11,13,9,4
S01012465,Whole house or bungalow: Terraced (including end-terrace),233,156,47,109,77,52,25
S01012465,Flat maisonette or apartment or mobile/temporary accommodation,5,2,0,2,3,2,1
S01012466,All households,349,256,146,110,93,41,52
S01012466,Whole house or bungalow: Total,276,231,130,101,45,29,16
S01012466,Whole house or bungalow: Detached,86,81,50,31,5,3,2
S01012466,Whole house or bungalow: Semi-detached,176,143,78,65,33,21,12
S01012466,Whole house or bungalow: Terraced (including end-terrace),14,7,2,5,7,5,2
S01012466,Flat maisonette or apartment or mobile/temporary accommodation,73,25,16,9,48,12,36
S01012467,All households,307,222,111,111,85,42,43
S01012467,Whole house or bungalow: Total,294,212,104,108,82,42,40
S01012467,Whole house or bungalow: Detached,44,40,23,17,4,0,4
S01012467,Whole house or bungalow: Semi-detached,117,75,30,45,42,21,21
S01012467,Whole house or bungalow: Terraced (including end-terrace),133,97,51,46,36,21,15
S01012467,Flat maisonette or apartment or mobile/temporary accommodation,13,10,7,3,3,0,3
S01012468,All households,316,256,120,136,60,37,23
S01012468,Whole house or bungalow: Total,307,250,118,132,57,36,21
S01012468,Whole house or bungalow: Detached,31,30,17,13,1,0,1
S01012468,Whole house or bungalow: Semi-detached,158,125,50,75,33,21,12
S01012468,Whole house or bungalow: Terraced (including end-terrace),118,95,51,44,23,15,8
S01012468,Flat maisonette or apartment or mobile/temporary accommodation,9,6,2,4,3,1,2
S01012469,All households,333,318,188,130,15,1,14
S01012469,Whole house or bungalow: Total,285,276,163,113,9,0,9
S01012469,Whole house or bungalow: Detached,113,109,69,40,4,0,4
S01012469,Whole house or bungalow: Semi-detached,155,150,81,69,5,0,5
S01012469,Whole house or bungalow: Terraced (including end-terrace),17,17,13,4,0,0,0
S01012469,Flat maisonette or apartment or mobile/temporary accommodation,48,42,25,17,6,1,5
S01012470,All households,492,331,182,149,161,103,58
S01012470,Whole house or bungalow: Total,363,285,157,128,78,43,35
S01012470,Whole house or bungalow: Detached,125,116,76,40,9,1,8
S01012470,Whole house or bungalow: Semi-detached,93,71,39,32,22,13,9
S01012470,Whole house or bungalow: Terraced (including end-terrace),145,98,42,56,47,29,18
S01012470,Flat maisonette or apartment or mobile/temporary accommodation,129,46,25,21,83,60,23
S01012471,All households,352,327,204,123,25,3,22
S01012471,Whole house or bungalow: Total,321,304,188,116,17,2,15
S01012471,Whole house or bungalow: Detached,258,251,161,90,7,0,7
S01012471,Whole house or bungalow: Semi-detached,48,42,22,20,6,1,5
S01012471,Whole house or bungalow: Terraced (including end-terrace),15,11,5,6,4,1,3
S01012471,Flat maisonette or apartment or mobile/temporary accommodation,31,23,16,7,8,1,7
S01012472,All households,317,299,193,106,18,4,14
S01012472,Whole house or bungalow: Total,315,298,192,106,17,3,14
S01012472,Whole house or bungalow: Detached,218,207,138,69,11,0,11
S01012472,Whole house or bungalow: Semi-detached,92,89,53,36,3,1,2
S01012472,Whole house or bungalow: Terraced (including end-terrace),5,2,1,1,3,2,1
S01012472,Flat maisonette or apartment or mobile/temporary accommodation,2,1,1,0,1,1,0
S01012473,All households,218,196,104,92,22,4,18
S01012473,Whole house or bungalow: Total,214,196,104,92,18,3,15
S01012473,Whole house or bungalow: Detached,178,166,94,72,12,0,12
S01012473,Whole house or bungalow: Semi-detached,29,26,10,16,3,1,2
S01012473,Whole house or bungalow: Terraced (including end-terrace),7,4,0,4,3,2,1
S01012473,Flat maisonette or apartment or mobile/temporary accommodation,4,0,0,0,4,1,3
S01012474,All households,371,237,132,105,134,105,29
S01012474,Whole house or bungalow: Total,269,221,127,94,48,31,17
S01012474,Whole house or bungalow: Detached,117,111,81,30,6,1,5
S01012474,Whole house or bungalow: Semi-detached,123,91,40,51,32,21,11
S01012474,Whole house or bungalow: Terraced (including end-terrace),29,19,6,13,10,9,1
S01012474,Flat maisonette or apartment or mobile/temporary accommodation,102,16,5,11,86,74,12
S01012475,All households,300,245,160,85,55,14,41
S01012475,Whole house or bungalow: Total,246,223,145,78,23,13,10
S01012475,Whole house or bungalow: Detached,182,176,123,53,6,0,6
S01012475,Whole house or bungalow: Semi-detached,34,28,13,15,6,5,1
S01012475,Whole house or bungalow: Terraced (including end-terrace),30,19,9,10,11,8,3
S01012475,Flat maisonette or apartment or mobile/temporary accommodation,54,22,15,7,32,1,31
S01012476,All households,422,302,145,157,120,72,48
S01012476,Whole house or bungalow: Total,413,298,143,155,115,70,45
S01012476,Whole house or bungalow: Detached,55,49,35,14,6,2,4
S01012476,Whole house or bungalow: Semi-detached,154,117,55,62,37,22,15
S01012476,Whole house or bungalow: Terraced (including end-terrace),204,132,53,79,72,46,26
S01012476,Flat maisonette or apartment or mobile/temporary accommodation,9,4,2,2,5,2,3
S01012477,All households,283,264,132,132,19,6,13
S01012477,Whole house or bungalow: Total,280,261,131,130,19,6,13
S01012477,Whole house or bungalow: Detached,104,103,65,38,1,0,1
S01012477,Whole house or bungalow: Semi-detached,170,154,64,90,16,4,12
S01012477,Whole house or bungalow: Terraced (including end-terrace),6,4,2,2,2,2,0
S01012477,Flat maisonette or apartment or mobile/temporary accommodation,3,3,1,2,0,0,0
S01012478,All households,368,266,117,149,102,63,39
S01012478,Whole house or bungalow: Total,362,263,115,148,99,61,38
S01012478,Whole house or bungalow: Detached,19,18,6,12,1,0,1
S01012478,Whole house or bungalow: Semi-detached,184,135,56,79,49,25,24
S01012478,Whole house or bungalow: Terraced (including end-terrace),159,110,53,57,49,36,13
S01012478,Flat maisonette or apartment or mobile/temporary accommodation,6,3,2,1,3,2,1
S01012479,All households,261,246,101,145,15,5,10
S01012479,Whole house or bungalow: Total,259,246,101,145,13,4,9
S01012479,Whole house or bungalow: Detached,115,111,38,73,4,0,4
S01012479,Whole house or bungalow: Semi-detached,135,129,62,67,6,1,5
S01012479,Whole house or bungalow: Terraced (including end-terrace),9,6,1,5,3,3,0
S01012479,Flat maisonette or apartment or mobile/temporary accommodation,2,0,0,0,2,1,1
S01012480,All households,339,130,50,80,209,81,128
S01012480,Whole house or bungalow: Total,25,15,7,8,10,7,3
S01012480,Whole house or bungalow: Detached,8,8,3,5,0,0,0
S01012480,Whole house or bungalow: Semi-detached,10,5,3,2,5,5,0
S01012480,Whole house or bungalow: Terraced (including end-terrace),7,2,1,1,5,2,3
S01012480,Flat maisonette or apartment or mobile/temporary accommodation,314,115,43,72,199,74,125
S01012481,All households,419,229,101,128,190,29,161
S01012481,Whole house or bungalow: Total,118,100,47,53,18,3,15
S01012481,Whole house or bungalow: Detached,24,20,9,11,4,0,4
S01012481,Whole house or bungalow: Semi-detached,35,31,15,16,4,0,4
S01012481,Whole house or bungalow: Terraced (including end-terrace),59,49,23,26,10,3,7
S01012481,Flat maisonette or apartment or mobile/temporary accommodation,301,129,54,75,172,26,146
S01012482,All households,439,341,231,110,98,8,90
S01012482,Whole house or bungalow: Total,130,114,63,51,16,2,14
S01012482,Whole house or bungalow: Detached,18,17,11,6,1,0,1
S01012482,Whole house or bungalow: Semi-detached,39,36,23,13,3,0,3
S01012482,Whole house or bungalow: Terraced (including end-terrace),73,61,29,32,12,2,10
S01012482,Flat maisonette or apartment or mobile/temporary accommodation,309,227,168,59,82,6,76
S01012483,All households,570,225,134,91,345,162,183
S01012483,Whole house or bungalow: Total,92,85,54,31,7,3,4
S01012483,Whole house or bungalow: Detached,27,25,23,2,2,0,2
S01012483,Whole house or bungalow: Semi-detached,57,53,27,26,4,2,2
S01012483,Whole house or bungalow: Terraced (including end-terrace),8,7,4,3,1,1,0
S01012483,Flat maisonette or apartment or mobile/temporary accommodation,478,140,80,60,338,159,179
S01012484,All households,366,283,141,142,83,32,51
S01012484,Whole house or bungalow: Total,196,179,82,97,17,4,13
S01012484,Whole house or bungalow: Detached,35,35,21,14,0,0,0
S01012484,Whole house or bungalow: Semi-detached,79,71,29,42,8,3,5
S01012484,Whole house or bungalow: Terraced (including end-terrace),82,73,32,41,9,1,8
S01012484,Flat maisonette or apartment or mobile/temporary accommodation,170,104,59,45,66,28,38
S01012485,All households,384,305,184,121,79,2,77
S01012485,Whole house or bungalow: Total,243,224,129,95,19,0,19
S01012485,Whole house or bungalow: Detached,100,92,57,35,8,0,8
S01012485,Whole house or bungalow: Semi-detached,112,103,58,45,9,0,9
S01012485,Whole house or bungalow: Terraced (including end-terrace),31,29,14,15,2,0,2
S01012485,Flat maisonette or apartment or mobile/temporary accommodation,141,81,55,26,60,2,58
S01012486,All households,268,246,172,74,22,2,20
S01012486,Whole house or bungalow: Total,172,161,109,52,11,1,10
S01012486,Whole house or bungalow: Detached,105,98,70,28,7,0,7
S01012486,Whole house or bungalow: Semi-detached,54,52,31,21,2,0,2
S01012486,Whole house or bungalow: Terraced (including end-terrace),13,11,8,3,2,1,1
S01012486,Flat maisonette or apartment or mobile/temporary accommodation,96,85,63,22,11,1,10
S01012487,All households,306,191,83,108,115,67,48
S01012487,Whole house or bungalow: Total,111,93,47,46,18,6,12
S01012487,Whole house or bungalow: Detached,6,5,2,3,1,0,1
S01012487,Whole house or bungalow: Semi-detached,50,41,18,23,9,2,7
S01012487,Whole house or bungalow: Terraced (including end-terrace),55,47,27,20,8,4,4
S01012487,Flat maisonette or apartment or mobile/temporary accommodation,195,98,36,62,97,61,36
S01012488,All households,483,305,149,156,178,105,73
S01012488,Whole house or bungalow: Total,312,243,130,113,69,40,29
S01012488,Whole house or bungalow: Detached,22,16,7,9,6,3,3
S01012488,Whole house or bungalow: Semi-detached,91,75,41,34,16,8,8
S01012488,Whole house or bungalow: Terraced (including end-terrace),199,152,82,70,47,29,18
S01012488,Flat maisonette or apartment or mobile/temporary accommodation,171,62,19,43,109,65,44
S01012489,All households,553,168,55,113,385,267,118
S01012489,Whole house or bungalow: Total,74,44,23,21,30,13,17
S01012489,Whole house or bungalow: Detached,13,9,5,4,4,1,3
S01012489,Whole house or bungalow: Semi-detached,23,13,5,8,10,4,6
S01012489,Whole house or bungalow: Terraced (including end-terrace),38,22,13,9,16,8,8
S01012489,Flat maisonette or apartment or mobile/temporary accommodation,479,124,32,92,355,254,101
S01012490,All households,606,166,63,103,440,245,195
S01012490,Whole house or bungalow: Total,56,32,8,24,24,14,10
S01012490,Whole house or bungalow: Detached,9,7,4,3,2,0,2
S01012490,Whole house or bungalow: Semi-detached,19,10,2,8,9,9,0
S01012490,Whole house or bungalow: Terraced (including end-terrace),28,15,2,13,13,5,8
S01012490,Flat maisonette or apartment or mobile/temporary accommodation,550,134,55,79,416,231,185
S01012491,All households,245,69,23,46,176,138,38
S01012491,Whole house or bungalow: Total,24,17,7,10,7,2,5
S01012491,Whole house or bungalow: Detached,6,4,3,1,2,0,2
S01012491,Whole house or bungalow: Semi-detached,13,11,3,8,2,0,2
S01012491,Whole house or bungalow: Terraced (including end-terrace),5,2,1,1,3,2,1
S01012491,Flat maisonette or apartment or mobile/temporary accommodation,221,52,16,36,169,136,33
S01012492,All households,490,137,61,76,353,248,105
S01012492,Whole house or bungalow: Total,51,26,7,19,25,16,9
S01012492,Whole house or bungalow: Detached,10,9,5,4,1,1,0
S01012492,Whole house or bungalow: Semi-detached,19,7,1,6,12,8,4
S01012492,Whole house or bungalow: Terraced (including end-terrace),22,10,1,9,12,7,5
S01012492,Flat maisonette or apartment or mobile/temporary accommodation,439,111,54,57,328,232,96
S01012493,All households,409,145,76,69,264,246,18
S01012493,Whole house or bungalow: Total,136,121,65,56,15,6,9
S01012493,Whole house or bungalow: Detached,27,26,17,9,1,0,1
S01012493,Whole house or bungalow: Semi-detached,80,69,35,34,11,3,8
S01012493,Whole house or bungalow: Terraced (including end-terrace),29,26,13,13,3,3,0
S01012493,Flat maisonette or apartment or mobile/temporary accommodation,273,24,11,13,249,240,9
S01012494,All households,383,270,104,166,113,73,40
S01012494,Whole house or bungalow: Total,370,265,101,164,105,66,39
S01012494,Whole house or bungalow: Detached,3,1,0,1,2,0,2
S01012494,Whole house or bungalow: Semi-detached,170,114,48,66,56,39,17
S01012494,Whole house or bungalow: Terraced (including end-terrace),197,150,53,97,47,27,20
S01012494,Flat maisonette or apartment or mobile/temporary accommodation,13,5,3,2,8,7,1
S01012495,All households,496,252,108,144,244,177,67
S01012495,Whole house or bungalow: Total,366,227,98,129,139,99,40
S01012495,Whole house or bungalow: Detached,9,4,2,2,5,1,4
S01012495,Whole house or bungalow: Semi-detached,204,132,63,69,72,52,20
S01012495,Whole house or bungalow: Terraced (including end-terrace),153,91,33,58,62,46,16
S01012495,Flat maisonette or apartment or mobile/temporary accommodation,130,25,10,15,105,78,27
S01012496,All households,314,182,88,94,132,115,17
S01012496,Whole house or bungalow: Total,305,178,86,92,127,113,14
S01012496,Whole house or bungalow: Detached,37,31,24,7,6,5,1
S01012496,Whole house or bungalow: Semi-detached,186,113,51,62,73,62,11
S01012496,Whole house or bungalow: Terraced (including end-terrace),82,34,11,23,48,46,2
S01012496,Flat maisonette or apartment or mobile/temporary accommodation,9,4,2,2,5,2,3
S01012497,All households,231,115,56,59,116,102,14
S01012497,Whole house or bungalow: Total,165,101,48,53,64,53,11
S01012497,Whole house or bungalow: Detached,6,3,1,2,3,2,1
S01012497,Whole house or bungalow: Semi-detached,98,61,32,29,37,32,5
S01012497,Whole house or bungalow: Terraced (including end-terrace),61,37,15,22,24,19,5
S01012497,Flat maisonette or apartment or mobile/temporary accommodation,66,14,8,6,52,49,3
S01012498,All households,343,105,39,66,238,227,11
S01012498,Whole house or bungalow: Total,247,102,38,64,145,137,8
S01012498,Whole house or bungalow: Detached,16,6,2,4,10,10,0
S01012498,Whole house or bungalow: Semi-detached,170,72,27,45,98,94,4
S01012498,Whole house or bungalow: Terraced (including end-terrace),61,24,9,15,37,33,4
S01012498,Flat maisonette or apartment or mobile/temporary accommodation,96,3,1,2,93,90,3
S01012499,All households,277,122,34,88,155,119,36
S01012499,Whole house or bungalow: Total,255,115,34,81,140,108,32
S01012499,Whole house or bungalow: Detached,14,11,2,9,3,3,0
S01012499,Whole house or bungalow: Semi-detached,167,83,27,56,84,62,22
S01012499,Whole house or bungalow: Terraced (including end-terrace),74,21,5,16,53,43,10
S01012499,Flat maisonette or apartment or mobile/temporary accommodation,22,7,0,7,15,11,4
S01012500,All households,217,91,40,51,126,99,27
S01012500,Whole house or bungalow: Total,120,79,37,42,41,23,18
S01012500,Whole house or bungalow: Detached,8,5,3,2,3,1,2
S01012500,Whole house or bungalow: Semi-detached,47,29,17,12,18,9,9
S01012500,Whole house or bungalow: Terraced (including end-terrace),65,45,17,28,20,13,7
S01012500,Flat maisonette or apartment or mobile/temporary accommodation,97,12,3,9,85,76,9
S01012501,All households,260,63,23,40,197,171,26
S01012501,Whole house or bungalow: Total,48,21,9,12,27,21,6
S01012501,Whole house or bungalow: Detached,4,0,0,0,4,3,1
S01012501,Whole house or bungalow: Semi-detached,27,11,3,8,16,13,3
S01012501,Whole house or bungalow: Terraced (including end-terrace),17,10,6,4,7,5,2
S01012501,Flat maisonette or apartment or mobile/temporary accommodation,212,42,14,28,170,150,20
S01012502,All households,360,103,42,61,257,238,19
S01012502,Whole house or bungalow: Total,112,59,26,33,53,47,6
S01012502,Whole house or bungalow: Detached,12,5,0,5,7,5,2
S01012502,Whole house or bungalow: Semi-detached,75,49,24,25,26,22,4
S01012502,Whole house or bungalow: Terraced (including end-terrace),25,5,2,3,20,20,0
S01012502,Flat maisonette or apartment or mobile/temporary accommodation,248,44,16,28,204,191,13
S01012503,All households,308,130,59,71,178,155,23
S01012503,Whole house or bungalow: Total,156,110,51,59,46,38,8
S01012503,Whole house or bungalow: Detached,6,4,3,1,2,2,0
S01012503,Whole house or bungalow: Semi-detached,78,55,26,29,23,21,2
S01012503,Whole house or bungalow: Terraced (including end-terrace),72,51,22,29,21,15,6
S01012503,Flat maisonette or apartment or mobile/temporary accommodation,152,20,8,12,132,117,15
S01012504,All households,282,138,63,75,144,121,23
S01012504,Whole house or bungalow: Total,179,98,51,47,81,77,4
S01012504,Whole house or bungalow: Detached,30,19,14,5,11,11,0
S01012504,Whole house or bungalow: Semi-detached,94,49,25,24,45,42,3
S01012504,Whole house or bungalow: Terraced (including end-terrace),55,30,12,18,25,24,1
S01012504,Flat maisonette or apartment or mobile/temporary accommodation,103,40,12,28,63,44,19
S01012505,All households,515,273,134,139,242,202,40
S01012505,Whole house or bungalow: Total,211,179,104,75,32,21,11
S01012505,Whole house or bungalow: Detached,20,18,11,7,2,1,1
S01012505,Whole house or bungalow: Semi-detached,144,123,72,51,21,15,6
S01012505,Whole house or bungalow: Terraced (including end-terrace),47,38,21,17,9,5,4
S01012505,Flat maisonette or apartment or mobile/temporary accommodation,304,94,30,64,210,181,29
S01012506,All households,241,170,92,78,71,44,27
S01012506,Whole house or bungalow: Total,168,141,84,57,27,13,14
S01012506,Whole house or bungalow: Detached,78,72,43,29,6,1,5
S01012506,Whole house or bungalow: Semi-detached,56,48,29,19,8,4,4
S01012506,Whole house or bungalow: Terraced (including end-terrace),34,21,12,9,13,8,5
S01012506,Flat maisonette or apartment or mobile/temporary accommodation,73,29,8,21,44,31,13
S01012507,All households,482,322,137,185,160,97,63
S01012507,Whole house or bungalow: Total,197,173,84,89,24,17,7
S01012507,Whole house or bungalow: Detached,21,18,16,2,3,3,0
S01012507,Whole house or bungalow: Semi-detached,116,98,45,53,18,12,6
S01012507,Whole house or bungalow: Terraced (including end-terrace),60,57,23,34,3,2,1
S01012507,Flat maisonette or apartment or mobile/temporary accommodation,285,149,53,96,136,80,56
S01012508,All households,399,272,111,161,127,81,46
S01012508,Whole house or bungalow: Total,233,195,80,115,38,25,13
S01012508,Whole house or bungalow: Detached,46,44,17,27,2,2,0
S01012508,Whole house or bungalow: Semi-detached,142,115,46,69,27,17,10
S01012508,Whole house or bungalow: Terraced (including end-terrace),45,36,17,19,9,6,3
S01012508,Flat maisonette or apartment or mobile/temporary accommodation,166,77,31,46,89,56,33
S01012509,All households,256,217,115,102,39,16,23
S01012509,Whole house or bungalow: Total,193,178,101,77,15,4,11
S01012509,Whole house or bungalow: Detached,24,22,16,6,2,1,1
S01012509,Whole house or bungalow: Semi-detached,107,98,54,44,9,3,6
S01012509,Whole house or bungalow: Terraced (including end-terrace),62,58,31,27,4,0,4
S01012509,Flat maisonette or apartment or mobile/temporary accommodation,63,39,14,25,24,12,12
S01012510,All households,381,322,135,187,59,34,25
S01012510,Whole house or bungalow: Total,303,282,119,163,21,4,17
S01012510,Whole house or bungalow: Detached,28,24,10,14,4,3,1
S01012510,Whole house or bungalow: Semi-detached,227,216,96,120,11,0,11
S01012510,Whole house or bungalow: Terraced (including end-terrace),48,42,13,29,6,1,5
S01012510,Flat maisonette or apartment or mobile/temporary accommodation,78,40,16,24,38,30,8
S01012511,All households,316,234,107,127,82,47,35
S01012511,Whole house or bungalow: Total,208,189,97,92,19,9,10
S01012511,Whole house or bungalow: Detached,12,11,9,2,1,0,1
S01012511,Whole house or bungalow: Semi-detached,106,99,53,46,7,4,3
S01012511,Whole house or bungalow: Terraced (including end-terrace),90,79,35,44,11,5,6
S01012511,Flat maisonette or apartment or mobile/temporary accommodation,108,45,10,35,63,38,25
S01012512,All households,286,175,84,91,111,94,17
S01012512,Whole house or bungalow: Total,171,162,79,83,9,2,7
S01012512,Whole house or bungalow: Detached,64,62,37,25,2,0,2
S01012512,Whole house or bungalow: Semi-detached,99,93,41,52,6,2,4
S01012512,Whole house or bungalow: Terraced (including end-terrace),8,7,1,6,1,0,1
S01012512,Flat maisonette or apartment or mobile/temporary accommodation,115,13,5,8,102,92,10
S01012513,All households,234,207,74,133,27,7,20
S01012513,Whole house or bungalow: Total,221,198,72,126,23,6,17
S01012513,Whole house or bungalow: Detached,105,101,41,60,4,0,4
S01012513,Whole house or bungalow: Semi-detached,67,60,20,40,7,1,6
S01012513,Whole house or bungalow: Terraced (including end-terrace),49,37,11,26,12,5,7
S01012513,Flat maisonette or apartment or mobile/temporary accommodation,13,9,2,7,4,1,3
S01012514,All households,392,331,57,274,61,16,45
S01012514,Whole house or bungalow: Total,363,318,55,263,45,15,30
S01012514,Whole house or bungalow: Detached,88,85,21,64,3,0,3
S01012514,Whole house or bungalow: Semi-detached,211,188,29,159,23,7,16
S01012514,Whole house or bungalow: Terraced (including end-terrace),64,45,5,40,19,8,11
S01012514,Flat maisonette or apartment or mobile/temporary accommodation,29,13,2,11,16,1,15
S01012515,All households,319,155,68,87,164,141,23
S01012515,Whole house or bungalow: Total,221,110,51,59,111,95,16
S01012515,Whole house or bungalow: Detached,25,18,9,9,7,5,2
S01012515,Whole house or bungalow: Semi-detached,77,48,20,28,29,22,7
S01012515,Whole house or bungalow: Terraced (including end-terrace),119,44,22,22,75,68,7
S01012515,Flat maisonette or apartment or mobile/temporary accommodation,98,45,17,28,53,46,7
S01012516,All households,301,202,90,112,99,76,23
S01012516,Whole house or bungalow: Total,273,198,88,110,75,58,17
S01012516,Whole house or bungalow: Detached,47,43,18,25,4,1,3
S01012516,Whole house or bungalow: Semi-detached,166,134,63,71,32,22,10
S01012516,Whole house or bungalow: Terraced (including end-terrace),60,21,7,14,39,35,4
S01012516,Flat maisonette or apartment or mobile/temporary accommodation,28,4,2,2,24,18,6
S01012517,All households,410,252,99,153,158,97,61
S01012517,Whole house or bungalow: Total,179,144,53,91,35,21,14
S01012517,Whole house or bungalow: Detached,67,64,20,44,3,1,2
S01012517,Whole house or bungalow: Semi-detached,94,77,33,44,17,6,11
S01012517,Whole house or bungalow: Terraced (including end-terrace),18,3,0,3,15,14,1
S01012517,Flat maisonette or apartment or mobile/temporary accommodation,231,108,46,62,123,76,47
S01012518,All households,277,214,110,104,63,24,39
S01012518,Whole house or bungalow: Total,209,183,93,90,26,10,16
S01012518,Whole house or bungalow: Detached,53,53,35,18,0,0,0
S01012518,Whole house or bungalow: Semi-detached,85,75,35,40,10,1,9
S01012518,Whole house or bungalow: Terraced (including end-terrace),71,55,23,32,16,9,7
S01012518,Flat maisonette or apartment or mobile/temporary accommodation,68,31,17,14,37,14,23
S01012519,All households,279,201,113,88,78,12,66
S01012519,Whole house or bungalow: Total,205,168,98,70,37,10,27
S01012519,Whole house or bungalow: Detached,51,47,29,18,4,1,3
S01012519,Whole house or bungalow: Semi-detached,66,52,34,18,14,3,11
S01012519,Whole house or bungalow: Terraced (including end-terrace),88,69,35,34,19,6,13
S01012519,Flat maisonette or apartment or mobile/temporary accommodation,74,33,15,18,41,2,39
S01012520,All households,345,314,198,116,31,8,23
S01012520,Whole house or bungalow: Total,236,226,130,96,10,3,7
S01012520,Whole house or bungalow: Detached,63,60,40,20,3,1,2
S01012520,Whole house or bungalow: Semi-detached,123,118,66,52,5,1,4
S01012520,Whole house or bungalow: Terraced (including end-terrace),50,48,24,24,2,1,1
S01012520,Flat maisonette or apartment or mobile/temporary accommodation,109,88,68,20,21,5,16
S01012521,All households,270,206,106,100,64,5,59
S01012521,Whole house or bungalow: Total,173,162,88,74,11,2,9
S01012521,Whole house or bungalow: Detached,38,32,23,9,6,0,6
S01012521,Whole house or bungalow: Semi-detached,93,89,46,43,4,2,2
S01012521,Whole house or bungalow: Terraced (including end-terrace),42,41,19,22,1,0,1
S01012521,Flat maisonette or apartment or mobile/temporary accommodation,97,44,18,26,53,3,50
S01012522,All households,360,325,193,132,35,4,31
S01012522,Whole house or bungalow: Total,319,298,174,124,21,3,18
S01012522,Whole house or bungalow: Detached,148,143,94,49,5,0,5
S01012522,Whole house or bungalow: Semi-detached,141,132,67,65,9,2,7
S01012522,Whole house or bungalow: Terraced (including end-terrace),30,23,13,10,7,1,6
S01012522,Flat maisonette or apartment or mobile/temporary accommodation,41,27,19,8,14,1,13
S01012523,All households,385,334,182,152,51,21,30
S01012523,Whole house or bungalow: Total,359,319,176,143,40,20,20
S01012523,Whole house or bungalow: Detached,105,100,60,40,5,1,4
S01012523,Whole house or bungalow: Semi-detached,166,151,89,62,15,5,10
S01012523,Whole house or bungalow: Terraced (including end-terrace),88,68,27,41,20,14,6
S01012523,Flat maisonette or apartment or mobile/temporary accommodation,26,15,6,9,11,1,10
S01012524,All households,467,397,246,151,70,21,49
S01012524,Whole house or bungalow: Total,356,324,204,120,32,8,24
S01012524,Whole house or bungalow: Detached,100,94,62,32,6,1,5
S01012524,Whole house or bungalow: Semi-detached,224,204,129,75,20,6,14
S01012524,Whole house or bungalow: Terraced (including end-terrace),32,26,13,13,6,1,5
S01012524,Flat maisonette or apartment or mobile/temporary accommodation,111,73,42,31,38,13,25
S01012525,All households,341,305,152,153,36,6,30
S01012525,Whole house or bungalow: Total,316,295,145,150,21,3,18
S01012525,Whole house or bungalow: Detached,82,76,43,33,6,0,6
S01012525,Whole house or bungalow: Semi-detached,159,156,76,80,3,0,3
S01012525,Whole house or bungalow: Terraced (including end-terrace),75,63,26,37,12,3,9
S01012525,Flat maisonette or apartment or mobile/temporary accommodation,25,10,7,3,15,3,12
S01012526,All households,334,313,179,134,21,3,18
S01012526,Whole house or bungalow: Total,309,292,162,130,17,1,16
S01012526,Whole house or bungalow: Detached,161,156,93,63,5,0,5
S01012526,Whole house or bungalow: Semi-detached,137,126,66,60,11,0,11
S01012526,Whole house or bungalow: Terraced (including end-terrace),11,10,3,7,1,1,0
S01012526,Flat maisonette or apartment or mobile/temporary accommodation,25,21,17,4,4,2,2
S01012527,All households,285,240,140,100,45,31,14
S01012527,Whole house or bungalow: Total,261,229,133,96,32,22,10
S01012527,Whole house or bungalow: Detached,103,100,69,31,3,0,3
S01012527,Whole house or bungalow: Semi-detached,144,119,63,56,25,19,6
S01012527,Whole house or bungalow: Terraced (including end-terrace),14,10,1,9,4,3,1
S01012527,Flat maisonette or apartment or mobile/temporary accommodation,24,11,7,4,13,9,4
S01012528,All households,337,226,77,149,111,82,29
S01012528,Whole house or bungalow: Total,290,204,69,135,86,62,24
S01012528,Whole house or bungalow: Detached,15,11,4,7,4,3,1
S01012528,Whole house or bungalow: Semi-detached,160,116,39,77,44,30,14
S01012528,Whole house or bungalow: Terraced (including end-terrace),115,77,26,51,38,29,9
S01012528,Flat maisonette or apartment or mobile/temporary accommodation,47,22,8,14,25,20,5
S01012529,All households,342,237,124,113,105,56,49
S01012529,Whole house or bungalow: Total,276,199,105,94,77,54,23
S01012529,Whole house or bungalow: Detached,75,68,37,31,7,4,3
S01012529,Whole house or bungalow: Semi-detached,94,74,34,40,20,9,11
S01012529,Whole house or bungalow: Terraced (including end-terrace),107,57,34,23,50,41,9
S01012529,Flat maisonette or apartment or mobile/temporary accommodation,66,38,19,19,28,2,26
S01012530,All households,400,372,228,144,28,8,20
S01012530,Whole house or bungalow: Total,381,356,219,137,25,8,17
S01012530,Whole house or bungalow: Detached,148,143,99,44,5,0,5
S01012530,Whole house or bungalow: Semi-detached,193,182,110,72,11,3,8
S01012530,Whole house or bungalow: Terraced (including end-terrace),40,31,10,21,9,5,4
S01012530,Flat maisonette or apartment or mobile/temporary accommodation,19,16,9,7,3,0,3
S01012531,All households,332,248,105,143,84,30,54
S01012531,Whole house or bungalow: Total,288,224,91,133,64,29,35
S01012531,Whole house or bungalow: Detached,139,121,50,71,18,1,17
S01012531,Whole house or bungalow: Semi-detached,94,66,30,36,28,15,13
S01012531,Whole house or bungalow: Terraced (including end-terrace),55,37,11,26,18,13,5
S01012531,Flat maisonette or apartment or mobile/temporary accommodation,44,24,14,10,20,1,19
S01012532,All households,348,251,114,137,97,43,54
S01012532,Whole house or bungalow: Total,319,241,109,132,78,32,46
S01012532,Whole house or bungalow: Detached,105,87,51,36,18,0,18
S01012532,Whole house or bungalow: Semi-detached,90,65,24,41,25,7,18
S01012532,Whole house or bungalow: Terraced (including end-terrace),124,89,34,55,35,25,10
S01012532,Flat maisonette or apartment or mobile/temporary accommodation,29,10,5,5,19,11,8
S01012533,All households,274,186,98,88,88,23,65
S01012533,Whole house or bungalow: Total,140,109,52,57,31,23,8
S01012533,Whole house or bungalow: Detached,29,25,10,15,4,3,1
S01012533,Whole house or bungalow: Semi-detached,15,12,6,6,3,2,1
S01012533,Whole house or bungalow: Terraced (including end-terrace),96,72,36,36,24,18,6
S01012533,Flat maisonette or apartment or mobile/temporary accommodation,134,77,46,31,57,0,57
S01012534,All households,288,190,83,107,98,68,30
S01012534,Whole house or bungalow: Total,158,113,52,61,45,32,13
S01012534,Whole house or bungalow: Detached,36,30,21,9,6,2,4
S01012534,Whole house or bungalow: Semi-detached,64,51,20,31,13,8,5
S01012534,Whole house or bungalow: Terraced (including end-terrace),58,32,11,21,26,22,4
S01012534,Flat maisonette or apartment or mobile/temporary accommodation,130,77,31,46,53,36,17
S01012535,All households,361,265,110,155,96,75,21
S01012535,Whole house or bungalow: Total,198,165,70,95,33,25,8
S01012535,Whole house or bungalow: Detached,40,34,18,16,6,2,4
S01012535,Whole house or bungalow: Semi-detached,119,104,39,65,15,14,1
S01012535,Whole house or bungalow: Terraced (including end-terrace),39,27,13,14,12,9,3
S01012535,Flat maisonette or apartment or mobile/temporary accommodation,163,100,40,60,63,50,13
S01012536,All households,312,210,95,115,102,78,24
S01012536,Whole house or bungalow: Total,278,197,89,108,81,61,20
S01012536,Whole house or bungalow: Detached,76,64,41,23,12,4,8
S01012536,Whole house or bungalow: Semi-detached,136,88,33,55,48,38,10
S01012536,Whole house or bungalow: Terraced (including end-terrace),66,45,15,30,21,19,2
S01012536,Flat maisonette or apartment or mobile/temporary accommodation,34,13,6,7,21,17,4
S01012537,All households,334,208,94,114,126,88,38
S01012537,Whole house or bungalow: Total,319,203,91,112,116,81,35
S01012537,Whole house or bungalow: Detached,32,17,5,12,15,3,12
S01012537,Whole house or bungalow: Semi-detached,121,74,46,28,47,33,14
S01012537,Whole house or bungalow: Terraced (including end-terrace),166,112,40,72,54,45,9
S01012537,Flat maisonette or apartment or mobile/temporary accommodation,15,5,3,2,10,7,3
S01012538,All households,476,321,147,174,155,120,35
S01012538,Whole house or bungalow: Total,335,253,110,143,82,62,20
S01012538,Whole house or bungalow: Detached,107,98,46,52,9,2,7
S01012538,Whole house or bungalow: Semi-detached,101,81,30,51,20,16,4
S01012538,Whole house or bungalow: Terraced (including end-terrace),127,74,34,40,53,44,9
S01012538,Flat maisonette or apartment or mobile/temporary accommodation,141,68,37,31,73,58,15
S01012539,All households,315,217,118,99,98,62,36
S01012539,Whole house or bungalow: Total,273,200,109,91,73,43,30
S01012539,Whole house or bungalow: Detached,80,59,41,18,21,4,17
S01012539,Whole house or bungalow: Semi-detached,91,69,33,36,22,15,7
S01012539,Whole house or bungalow: Terraced (including end-terrace),102,72,35,37,30,24,6
S01012539,Flat maisonette or apartment or mobile/temporary accommodation,42,17,9,8,25,19,6
S01012540,All households,299,160,66,94,139,125,14
S01012540,Whole house or bungalow: Total,250,145,61,84,105,94,11
S01012540,Whole house or bungalow: Detached,23,18,7,11,5,4,1
S01012540,Whole house or bungalow: Semi-detached,140,77,37,40,63,57,6
S01012540,Whole house or bungalow: Terraced (including end-terrace),87,50,17,33,37,33,4
S01012540,Flat maisonette or apartment or mobile/temporary accommodation,49,15,5,10,34,31,3
S01012541,All households,442,284,151,133,158,87,71
S01012541,Whole house or bungalow: Total,366,255,136,119,111,48,63
S01012541,Whole house or bungalow: Detached,175,141,82,59,34,1,33
S01012541,Whole house or bungalow: Semi-detached,101,58,27,31,43,21,22
S01012541,Whole house or bungalow: Terraced (including end-terrace),90,56,27,29,34,26,8
S01012541,Flat maisonette or apartment or mobile/temporary accommodation,76,29,15,14,47,39,8
S01012542,All households,380,302,156,146,78,48,30
S01012542,Whole house or bungalow: Total,362,296,152,144,66,39,27
S01012542,Whole house or bungalow: Detached,133,126,77,49,7,1,6
S01012542,Whole house or bungalow: Semi-detached,105,80,36,44,25,13,12
S01012542,Whole house or bungalow: Terraced (including end-terrace),124,90,39,51,34,25,9
S01012542,Flat maisonette or apartment or mobile/temporary accommodation,18,6,4,2,12,9,3
S01012543,All households,276,228,91,137,48,22,26
S01012543,Whole house or bungalow: Total,263,220,88,132,43,19,24
S01012543,Whole house or bungalow: Detached,129,117,56,61,12,1,11
S01012543,Whole house or bungalow: Semi-detached,42,32,10,22,10,6,4
S01012543,Whole house or bungalow: Terraced (including end-terrace),92,71,22,49,21,12,9
S01012543,Flat maisonette or apartment or mobile/temporary accommodation,13,8,3,5,5,3,2
S01012544,All households,341,245,106,139,96,70,26
S01012544,Whole house or bungalow: Total,319,231,103,128,88,70,18
S01012544,Whole house or bungalow: Detached,145,133,75,58,12,1,11
S01012544,Whole house or bungalow: Semi-detached,74,56,15,41,18,17,1
S01012544,Whole house or bungalow: Terraced (including end-terrace),100,42,13,29,58,52,6
S01012544,Flat maisonette or apartment or mobile/temporary accommodation,22,14,3,11,8,0,8
S01012545,All households,214,110,43,67,104,97,7
S01012545,Whole house or bungalow: Total,172,94,36,58,78,73,5
S01012545,Whole house or bungalow: Detached,28,25,14,11,3,3,0
S01012545,Whole house or bungalow: Semi-detached,50,30,10,20,20,18,2
S01012545,Whole house or bungalow: Terraced (including end-terrace),94,39,12,27,55,52,3
S01012545,Flat maisonette or apartment or mobile/temporary accommodation,42,16,7,9,26,24,2
S01012546,All households,322,234,97,137,88,54,34
S01012546,Whole house or bungalow: Total,308,231,95,136,77,47,30
S01012546,Whole house or bungalow: Detached,95,84,45,39,11,3,8
S01012546,Whole house or bungalow: Semi-detached,32,20,10,10,12,9,3
S01012546,Whole house or bungalow: Terraced (including end-terrace),181,127,40,87,54,35,19
S01012546,Flat maisonette or apartment or mobile/temporary accommodation,14,3,2,1,11,7,4
S01012547,All households,312,253,152,101,59,46,13
S01012547,Whole house or bungalow: Total,305,251,151,100,54,43,11
S01012547,Whole house or bungalow: Detached,186,179,113,66,7,4,3
S01012547,Whole house or bungalow: Semi-detached,66,43,20,23,23,20,3
S01012547,Whole house or bungalow: Terraced (including end-terrace),53,29,18,11,24,19,5
S01012547,Flat maisonette or apartment or mobile/temporary accommodation,7,2,1,1,5,3,2
S01012548,All households,394,335,183,152,59,25,34
S01012548,Whole house or bungalow: Total,369,319,179,140,50,17,33
S01012548,Whole house or bungalow: Detached,197,183,106,77,14,1,13
S01012548,Whole house or bungalow: Semi-detached,108,84,44,40,24,11,13
S01012548,Whole house or bungalow: Terraced (including end-terrace),64,52,29,23,12,5,7
S01012548,Flat maisonette or apartment or mobile/temporary accommodation,25,16,4,12,9,8,1
S01012549,All households,251,132,44,88,119,88,31
S01012549,Whole house or bungalow: Total,153,98,38,60,55,38,17
S01012549,Whole house or bungalow: Detached,11,5,2,3,6,2,4
S01012549,Whole house or bungalow: Semi-detached,77,51,20,31,26,17,9
S01012549,Whole house or bungalow: Terraced (including end-terrace),65,42,16,26,23,19,4
S01012549,Flat maisonette or apartment or mobile/temporary accommodation,98,34,6,28,64,50,14
S01012550,All households,345,244,108,136,101,70,31
S01012550,Whole house or bungalow: Total,253,201,89,112,52,38,14
S01012550,Whole house or bungalow: Detached,53,48,28,20,5,2,3
S01012550,Whole house or bungalow: Semi-detached,140,111,52,59,29,20,9
S01012550,Whole house or bungalow: Terraced (including end-terrace),60,42,9,33,18,16,2
S01012550,Flat maisonette or apartment or mobile/temporary accommodation,92,43,19,24,49,32,17
S01012551,All households,319,305,158,147,14,4,10
S01012551,Whole house or bungalow: Total,314,303,158,145,11,2,9
S01012551,Whole house or bungalow: Detached,109,108,57,51,1,0,1
S01012551,Whole house or bungalow: Semi-detached,202,193,99,94,9,1,8
S01012551,Whole house or bungalow: Terraced (including end-terrace),3,2,2,0,1,1,0
S01012551,Flat maisonette or apartment or mobile/temporary accommodation,5,2,0,2,3,2,1
S01012552,All households,352,326,152,174,26,6,20
S01012552,Whole house or bungalow: Total,341,321,150,171,20,4,16
S01012552,Whole house or bungalow: Detached,247,237,110,127,10,0,10
S01012552,Whole house or bungalow: Semi-detached,82,74,35,39,8,4,4
S01012552,Whole house or bungalow: Terraced (including end-terrace),12,10,5,5,2,0,2
S01012552,Flat maisonette or apartment or mobile/temporary accommodation,11,5,2,3,6,2,4
S01012553,All households,347,315,88,227,32,7,25
S01012553,Whole house or bungalow: Total,329,302,85,217,27,5,22
S01012553,Whole house or bungalow: Detached,128,125,36,89,3,0,3
S01012553,Whole house or bungalow: Semi-detached,164,151,38,113,13,2,11
S01012553,Whole house or bungalow: Terraced (including end-terrace),37,26,11,15,11,3,8
S01012553,Flat maisonette or apartment or mobile/temporary accommodation,18,13,3,10,5,2,3
S01012554,All households,190,173,87,86,17,1,16
S01012554,Whole house or bungalow: Total,187,173,87,86,14,0,14
S01012554,Whole house or bungalow: Detached,47,45,28,17,2,0,2
S01012554,Whole house or bungalow: Semi-detached,105,101,49,52,4,0,4
S01012554,Whole house or bungalow: Terraced (including end-terrace),35,27,10,17,8,0,8
S01012554,Flat maisonette or apartment or mobile/temporary accommodation,3,0,0,0,3,1,2
S01012555,All households,211,190,86,104,21,3,18
S01012555,Whole house or bungalow: Total,207,189,85,104,18,2,16
S01012555,Whole house or bungalow: Detached,63,60,30,30,3,0,3
S01012555,Whole house or bungalow: Semi-detached,142,128,55,73,14,1,13
S01012555,Whole house or bungalow: Terraced (including end-terrace),2,1,0,1,1,1,0
S01012555,Flat maisonette or apartment or mobile/temporary accommodation,4,1,1,0,3,1,2
S01012556,All households,221,207,108,99,14,6,8
S01012556,Whole house or bungalow: Total,212,205,107,98,7,2,5
S01012556,Whole house or bungalow: Detached,151,148,84,64,3,0,3
S01012556,Whole house or bungalow: Semi-detached,57,55,23,32,2,0,2
S01012556,Whole house or bungalow: Terraced (including end-terrace),4,2,0,2,2,2,0
S01012556,Flat maisonette or apartment or mobile/temporary accommodation,9,2,1,1,7,4,3
S01012557,All households,249,224,146,78,25,6,19
S01012557,Whole house or bungalow: Total,233,212,136,76,21,5,16
S01012557,Whole house or bungalow: Detached,153,149,99,50,4,0,4
S01012557,Whole house or bungalow: Semi-detached,61,48,28,20,13,3,10
S01012557,Whole house or bungalow: Terraced (including end-terrace),19,15,9,6,4,2,2
S01012557,Flat maisonette or apartment or mobile/temporary accommodation,16,12,10,2,4,1,3
S01012558,All households,279,164,66,98,115,80,35
S01012558,Whole house or bungalow: Total,208,143,55,88,65,45,20
S01012558,Whole house or bungalow: Detached,17,15,5,10,2,1,1
S01012558,Whole house or bungalow: Semi-detached,82,57,24,33,25,16,9
S01012558,Whole house or bungalow: Terraced (including end-terrace),109,71,26,45,38,28,10
S01012558,Flat maisonette or apartment or mobile/temporary accommodation,71,21,11,10,50,35,15
S01012559,All households,457,206,111,95,251,166,85
S01012559,Whole house or bungalow: Total,169,94,48,46,75,58,17
S01012559,Whole house or bungalow: Detached,10,5,3,2,5,4,1
S01012559,Whole house or bungalow: Semi-detached,54,33,16,17,21,18,3
S01012559,Whole house or bungalow: Terraced (including end-terrace),105,56,29,27,49,36,13
S01012559,Flat maisonette or apartment or mobile/temporary accommodation,288,112,63,49,176,108,68
S01012560,All households,264,171,89,82,93,70,23
S01012560,Whole house or bungalow: Total,219,170,89,81,49,30,19
S01012560,Whole house or bungalow: Detached,53,49,33,16,4,0,4
S01012560,Whole house or bungalow: Semi-detached,52,40,13,27,12,6,6
S01012560,Whole house or bungalow: Terraced (including end-terrace),114,81,43,38,33,24,9
S01012560,Flat maisonette or apartment or mobile/temporary accommodation,45,1,0,1,44,40,4
S01012561,All households,365,234,97,137,131,93,38
S01012561,Whole house or bungalow: Total,255,211,87,124,44,26,18
S01012561,Whole house or bungalow: Detached,72,66,37,29,6,0,6
S01012561,Whole house or bungalow: Semi-detached,88,75,20,55,13,7,6
S01012561,Whole house or bungalow: Terraced (including end-terrace),95,70,30,40,25,19,6
S01012561,Flat maisonette or apartment or mobile/temporary accommodation,110,23,10,13,87,67,20
S01012562,All households,434,238,94,144,196,93,103
S01012562,Whole house or bungalow: Total,146,97,45,52,49,42,7
S01012562,Whole house or bungalow: Detached,27,23,13,10,4,1,3
S01012562,Whole house or bungalow: Semi-detached,46,26,10,16,20,19,1
S01012562,Whole house or bungalow: Terraced (including end-terrace),73,48,22,26,25,22,3
S01012562,Flat maisonette or apartment or mobile/temporary accommodation,288,141,49,92,147,51,96
S01012563,All households,271,260,179,81,11,2,9
S01012563,Whole house or bungalow: Total,263,255,177,78,8,2,6
S01012563,Whole house or bungalow: Detached,204,202,142,60,2,1,1
S01012563,Whole house or bungalow: Semi-detached,54,49,33,16,5,0,5
S01012563,Whole house or bungalow: Terraced (including end-terrace),5,4,2,2,1,1,0
S01012563,Flat maisonette or apartment or mobile/temporary accommodation,8,5,2,3,3,0,3
S01012564,All households,373,342,205,137,31,11,20
S01012564,Whole house or bungalow: Total,329,312,185,127,17,8,9
S01012564,Whole house or bungalow: Detached,121,117,73,44,4,2,2
S01012564,Whole house or bungalow: Semi-detached,195,183,107,76,12,6,6
S01012564,Whole house or bungalow: Terraced (including end-terrace),13,12,5,7,1,0,1
S01012564,Flat maisonette or apartment or mobile/temporary accommodation,44,30,20,10,14,3,11
S01012565,All households,379,273,145,128,106,67,39
S01012565,Whole house or bungalow: Total,240,214,111,103,26,16,10
S01012565,Whole house or bungalow: Detached,53,50,29,21,3,0,3
S01012565,Whole house or bungalow: Semi-detached,146,134,66,68,12,7,5
S01012565,Whole house or bungalow: Terraced (including end-terrace),41,30,16,14,11,9,2
S01012565,Flat maisonette or apartment or mobile/temporary accommodation,139,59,34,25,80,51,29
S01012566,All households,445,253,125,128,192,57,135
S01012566,Whole house or bungalow: Total,101,83,43,40,18,2,16
S01012566,Whole house or bungalow: Detached,30,27,12,15,3,0,3
S01012566,Whole house or bungalow: Semi-detached,39,32,15,17,7,0,7
S01012566,Whole house or bungalow: Terraced (including end-terrace),32,24,16,8,8,2,6
S01012566,Flat maisonette or apartment or mobile/temporary accommodation,344,170,82,88,174,55,119
S01012567,All households,557,319,160,159,238,108,130
S01012567,Whole house or bungalow: Total,100,79,35,44,21,6,15
S01012567,Whole house or bungalow: Detached,32,29,12,17,3,0,3
S01012567,Whole house or bungalow: Semi-detached,45,40,18,22,5,1,4
S01012567,Whole house or bungalow: Terraced (including end-terrace),23,10,5,5,13,5,8
S01012567,Flat maisonette or apartment or mobile/temporary accommodation,457,240,125,115,217,102,115
S01012568,All households,281,237,133,104,44,15,29
S01012568,Whole house or bungalow: Total,203,188,98,90,15,6,9
S01012568,Whole house or bungalow: Detached,37,32,20,12,5,1,4
S01012568,Whole house or bungalow: Semi-detached,146,140,70,70,6,2,4
S01012568,Whole house or bungalow: Terraced (including end-terrace),20,16,8,8,4,3,1
S01012568,Flat maisonette or apartment or mobile/temporary accommodation,78,49,35,14,29,9,20
S01012569,All households,315,286,180,106,29,5,24
S01012569,Whole house or bungalow: Total,263,247,149,98,16,4,12
S01012569,Whole house or bungalow: Detached,171,163,102,61,8,0,8
S01012569,Whole house or bungalow: Semi-detached,85,80,46,34,5,2,3
S01012569,Whole house or bungalow: Terraced (including end-terrace),7,4,1,3,3,2,1
S01012569,Flat maisonette or apartment or mobile/temporary accommodation,52,39,31,8,13,1,12
S01012570,All households,197,134,66,68,63,32,31
S01012570,Whole house or bungalow: Total,181,132,65,67,49,20,29
S01012570,Whole house or bungalow: Detached,106,84,39,45,22,1,21
S01012570,Whole house or bungalow: Semi-detached,34,28,11,17,6,2,4
S01012570,Whole house or bungalow: Terraced (including end-terrace),41,20,15,5,21,17,4
S01012570,Flat maisonette or apartment or mobile/temporary accommodation,16,2,1,1,14,12,2
S01012571,All households,362,222,121,101,140,58,82
S01012571,Whole house or bungalow: Total,312,211,114,97,101,19,82
S01012571,Whole house or bungalow: Detached,142,95,48,47,47,2,45
S01012571,Whole house or bungalow: Semi-detached,82,55,28,27,27,8,19
S01012571,Whole house or bungalow: Terraced (including end-terrace),88,61,38,23,27,9,18
S01012571,Flat maisonette or apartment or mobile/temporary accommodation,50,11,7,4,39,39,0
S01012572,All households,224,150,76,74,74,38,36
S01012572,Whole house or bungalow: Total,208,144,72,72,64,29,35
S01012572,Whole house or bungalow: Detached,110,82,41,41,28,2,26
S01012572,Whole house or bungalow: Semi-detached,65,46,20,26,19,11,8
S01012572,Whole house or bungalow: Terraced (including end-terrace),33,16,11,5,17,16,1
S01012572,Flat maisonette or apartment or mobile/temporary accommodation,16,6,4,2,10,9,1
S01012573,All households,325,265,131,134,60,9,51
S01012573,Whole house or bungalow: Total,319,263,131,132,56,9,47
S01012573,Whole house or bungalow: Detached,244,206,110,96,38,0,38
S01012573,Whole house or bungalow: Semi-detached,68,50,20,30,18,9,9
S01012573,Whole house or bungalow: Terraced (including end-terrace),7,7,1,6,0,0,0
S01012573,Flat maisonette or apartment or mobile/temporary accommodation,6,2,0,2,4,0,4
S01012574,All households,359,297,148,149,62,34,28
S01012574,Whole house or bungalow: Total,326,282,145,137,44,25,19
S01012574,Whole house or bungalow: Detached,244,231,120,111,13,0,13
S01012574,Whole house or bungalow: Semi-detached,64,40,20,20,24,18,6
S01012574,Whole house or bungalow: Terraced (including end-terrace),18,11,5,6,7,7,0
S01012574,Flat maisonette or apartment or mobile/temporary accommodation,33,15,3,12,18,9,9
S01012575,All households,289,202,107,95,87,35,52
S01012575,Whole house or bungalow: Total,271,198,107,91,73,25,48
S01012575,Whole house or bungalow: Detached,191,164,95,69,27,2,25
S01012575,Whole house or bungalow: Semi-detached,37,26,9,17,11,6,5
S01012575,Whole house or bungalow: Terraced (including end-terrace),43,8,3,5,35,17,18
S01012575,Flat maisonette or apartment or mobile/temporary accommodation,18,4,0,4,14,10,4
S01012576,All households,370,285,162,123,85,23,62
S01012576,Whole house or bungalow: Total,268,228,138,90,40,13,27
S01012576,Whole house or bungalow: Detached,166,151,104,47,15,7,8
S01012576,Whole house or bungalow: Semi-detached,60,48,23,25,12,2,10
S01012576,Whole house or bungalow: Terraced (including end-terrace),42,29,11,18,13,4,9
S01012576,Flat maisonette or apartment or mobile/temporary accommodation,102,57,24,33,45,10,35
S01012577,All households,336,249,122,127,87,41,46
S01012577,Whole house or bungalow: Total,317,241,118,123,76,34,42
S01012577,Whole house or bungalow: Detached,141,117,68,49,24,7,17
S01012577,Whole house or bungalow: Semi-detached,68,48,16,32,20,8,12
S01012577,Whole house or bungalow: Terraced (including end-terrace),108,76,34,42,32,19,13
S01012577,Flat maisonette or apartment or mobile/temporary accommodation,19,8,4,4,11,7,4
S01012578,All households,463,297,163,134,166,120,46
S01012578,Whole house or bungalow: Total,372,276,157,119,96,63,33
S01012578,Whole house or bungalow: Detached,207,198,119,79,9,3,6
S01012578,Whole house or bungalow: Semi-detached,105,60,30,30,45,29,16
S01012578,Whole house or bungalow: Terraced (including end-terrace),60,18,8,10,42,31,11
S01012578,Flat maisonette or apartment or mobile/temporary accommodation,91,21,6,15,70,57,13
S01012579,All households,287,179,72,107,108,79,29
S01012579,Whole house or bungalow: Total,261,177,72,105,84,56,28
S01012579,Whole house or bungalow: Detached,152,134,64,70,18,1,17
S01012579,Whole house or bungalow: Semi-detached,62,32,6,26,30,21,9
S01012579,Whole house or bungalow: Terraced (including end-terrace),47,11,2,9,36,34,2
S01012579,Flat maisonette or apartment or mobile/temporary accommodation,26,2,0,2,24,23,1
S01012580,All households,325,251,127,124,74,26,48
S01012580,Whole house or bungalow: Total,318,249,126,123,69,23,46
S01012580,Whole house or bungalow: Detached,208,176,97,79,32,1,31
S01012580,Whole house or bungalow: Semi-detached,58,32,15,17,26,16,10
S01012580,Whole house or bungalow: Terraced (including end-terrace),52,41,14,27,11,6,5
S01012580,Flat maisonette or apartment or mobile/temporary accommodation,7,2,1,1,5,3,2
S01012581,All households,331,155,69,86,176,157,19
S01012581,Whole house or bungalow: Total,254,150,68,82,104,97,7
S01012581,Whole house or bungalow: Detached,59,54,20,34,5,3,2
S01012581,Whole house or bungalow: Semi-detached,142,70,35,35,72,70,2
S01012581,Whole house or bungalow: Terraced (including end-terrace),53,26,13,13,27,24,3
S01012581,Flat maisonette or apartment or mobile/temporary accommodation,77,5,1,4,72,60,12
S01012582,All households,365,282,121,161,83,46,37
S01012582,Whole house or bungalow: Total,352,280,121,159,72,38,34
S01012582,Whole house or bungalow: Detached,213,189,85,104,24,2,22
S01012582,Whole house or bungalow: Semi-detached,115,72,27,45,43,31,12
S01012582,Whole house or bungalow: Terraced (including end-terrace),24,19,9,10,5,5,0
S01012582,Flat maisonette or apartment or mobile/temporary accommodation,13,2,0,2,11,8,3
S01012583,All households,326,194,93,101,132,112,20
S01012583,Whole house or bungalow: Total,280,187,89,98,93,76,17
S01012583,Whole house or bungalow: Detached,67,61,31,30,6,2,4
S01012583,Whole house or bungalow: Semi-detached,89,53,23,30,36,29,7
S01012583,Whole house or bungalow: Terraced (including end-terrace),124,73,35,38,51,45,6
S01012583,Flat maisonette or apartment or mobile/temporary accommodation,46,7,4,3,39,36,3
S01012584,All households,331,254,122,132,77,60,17
S01012584,Whole house or bungalow: Total,305,240,112,128,65,51,14
S01012584,Whole house or bungalow: Detached,135,130,65,65,5,2,3
S01012584,Whole house or bungalow: Semi-detached,93,65,29,36,28,21,7
S01012584,Whole house or bungalow: Terraced (including end-terrace),77,45,18,27,32,28,4
S01012584,Flat maisonette or apartment or mobile/temporary accommodation,26,14,10,4,12,9,3
S01012585,All households,404,204,92,112,200,165,35
S01012585,Whole house or bungalow: Total,279,179,78,101,100,73,27
S01012585,Whole house or bungalow: Detached,34,28,17,11,6,2,4
S01012585,Whole house or bungalow: Semi-detached,103,63,26,37,40,29,11
S01012585,Whole house or bungalow: Terraced (including end-terrace),142,88,35,53,54,42,12
S01012585,Flat maisonette or apartment or mobile/temporary accommodation,125,25,14,11,100,92,8
S01012586,All households,313,270,93,177,43,10,33
S01012586,Whole house or bungalow: Total,298,265,89,176,33,7,26
S01012586,Whole house or bungalow: Detached,132,118,42,76,14,1,13
S01012586,Whole house or bungalow: Semi-detached,67,53,17,36,14,5,9
S01012586,Whole house or bungalow: Terraced (including end-terrace),99,94,30,64,5,1,4
S01012586,Flat maisonette or apartment or mobile/temporary accommodation,15,5,4,1,10,3,7
S01012587,All households,327,283,133,150,44,9,35
S01012587,Whole house or bungalow: Total,324,283,133,150,41,6,35
S01012587,Whole house or bungalow: Detached,234,207,105,102,27,0,27
S01012587,Whole house or bungalow: Semi-detached,67,59,23,36,8,3,5
S01012587,Whole house or bungalow: Terraced (including end-terrace),23,17,5,12,6,3,3
S01012587,Flat maisonette or apartment or mobile/temporary accommodation,3,0,0,0,3,3,0
S01012588,All households,256,219,99,120,37,16,21
S01012588,Whole house or bungalow: Total,253,219,99,120,34,13,21
S01012588,Whole house or bungalow: Detached,136,128,57,71,8,0,8
S01012588,Whole house or bungalow: Semi-detached,48,34,16,18,14,7,7
S01012588,Whole house or bungalow: Terraced (including end-terrace),69,57,26,31,12,6,6
S01012588,Flat maisonette or apartment or mobile/temporary accommodation,3,0,0,0,3,3,0
S01012589,All households,284,152,68,84,132,118,14
S01012589,Whole house or bungalow: Total,273,150,67,83,123,112,11
S01012589,Whole house or bungalow: Detached,43,40,17,23,3,1,2
S01012589,Whole house or bungalow: Semi-detached,30,18,10,8,12,10,2
S01012589,Whole house or bungalow: Terraced (including end-terrace),200,92,40,52,108,101,7
S01012589,Flat maisonette or apartment or mobile/temporary accommodation,11,2,1,1,9,6,3
S01012590,All households,371,191,66,125,180,158,22
S01012590,Whole house or bungalow: Total,284,179,65,114,105,88,17
S01012590,Whole house or bungalow: Detached,55,50,14,36,5,1,4
S01012590,Whole house or bungalow: Semi-detached,95,56,21,35,39,32,7
S01012590,Whole house or bungalow: Terraced (including end-terrace),134,73,30,43,61,55,6
S01012590,Flat maisonette or apartment or mobile/temporary accommodation,87,12,1,11,75,70,5
S01012591,All households,385,183,103,80,202,189,13
S01012591,Whole house or bungalow: Total,264,175,100,75,89,79,10
S01012591,Whole house or bungalow: Detached,18,16,7,9,2,1,1
S01012591,Whole house or bungalow: Semi-detached,134,88,46,42,46,42,4
S01012591,Whole house or bungalow: Terraced (including end-terrace),112,71,47,24,41,36,5
S01012591,Flat maisonette or apartment or mobile/temporary accommodation,121,8,3,5,113,110,3
S01012592,All households,215,201,77,124,14,4,10
S01012592,Whole house or bungalow: Total,208,196,76,120,12,3,9
S01012592,Whole house or bungalow: Detached,172,167,65,102,5,1,4
S01012592,Whole house or bungalow: Semi-detached,27,20,8,12,7,2,5
S01012592,Whole house or bungalow: Terraced (including end-terrace),9,9,3,6,0,0,0
S01012592,Flat maisonette or apartment or mobile/temporary accommodation,7,5,1,4,2,1,1
S01012593,All households,333,302,114,188,31,14,17
S01012593,Whole house or bungalow: Total,303,286,107,179,17,3,14
S01012593,Whole house or bungalow: Detached,197,192,78,114,5,0,5
S01012593,Whole house or bungalow: Semi-detached,87,75,28,47,12,3,9
S01012593,Whole house or bungalow: Terraced (including end-terrace),19,19,1,18,0,0,0
S01012593,Flat maisonette or apartment or mobile/temporary accommodation,30,16,7,9,14,11,3
S01012594,All households,212,174,80,94,38,31,7
S01012594,Whole house or bungalow: Total,172,154,72,82,18,14,4
S01012594,Whole house or bungalow: Detached,56,55,27,28,1,0,1
S01012594,Whole house or bungalow: Semi-detached,101,92,44,48,9,6,3
S01012594,Whole house or bungalow: Terraced (including end-terrace),15,7,1,6,8,8,0
S01012594,Flat maisonette or apartment or mobile/temporary accommodation,40,20,8,12,20,17,3
S01012595,All households,288,215,96,119,73,53,20
S01012595,Whole house or bungalow: Total,246,190,85,105,56,41,15
S01012595,Whole house or bungalow: Detached,62,59,36,23,3,0,3
S01012595,Whole house or bungalow: Semi-detached,75,65,31,34,10,6,4
S01012595,Whole house or bungalow: Terraced (including end-terrace),109,66,18,48,43,35,8
S01012595,Flat maisonette or apartment or mobile/temporary accommodation,42,25,11,14,17,12,5
S01012596,All households,347,192,59,133,155,133,22
S01012596,Whole house or bungalow: Total,245,163,49,114,82,71,11
S01012596,Whole house or bungalow: Detached,47,44,7,37,3,1,2
S01012596,Whole house or bungalow: Semi-detached,122,72,22,50,50,43,7
S01012596,Whole house or bungalow: Terraced (including end-terrace),76,47,20,27,29,27,2
S01012596,Flat maisonette or apartment or mobile/temporary accommodation,102,29,10,19,73,62,11
S01012597,All households,177,150,35,115,27,22,5
S01012597,Whole house or bungalow: Total,157,141,30,111,16,11,5
S01012597,Whole house or bungalow: Detached,81,74,15,59,7,2,5
S01012597,Whole house or bungalow: Semi-detached,48,46,10,36,2,2,0
S01012597,Whole house or bungalow: Terraced (including end-terrace),28,21,5,16,7,7,0
S01012597,Flat maisonette or apartment or mobile/temporary accommodation,20,9,5,4,11,11,0
S01012598,All households,302,251,119,132,51,20,31
S01012598,Whole house or bungalow: Total,238,206,102,104,32,18,14
S01012598,Whole house or bungalow: Detached,126,117,66,51,9,1,8
S01012598,Whole house or bungalow: Semi-detached,96,87,36,51,9,3,6
S01012598,Whole house or bungalow: Terraced (including end-terrace),16,2,0,2,14,14,0
S01012598,Flat maisonette or apartment or mobile/temporary accommodation,64,45,17,28,19,2,17
S01012599,All households,330,256,131,125,74,32,42
S01012599,Whole house or bungalow: Total,225,201,106,95,24,7,17
S01012599,Whole house or bungalow: Detached,139,134,74,60,5,0,5
S01012599,Whole house or bungalow: Semi-detached,61,51,20,31,10,4,6
S01012599,Whole house or bungalow: Terraced (including end-terrace),25,16,12,4,9,3,6
S01012599,Flat maisonette or apartment or mobile/temporary accommodation,105,55,25,30,50,25,25
S01012600,All households,308,278,128,150,30,2,28
S01012600,Whole house or bungalow: Total,278,259,120,139,19,1,18
S01012600,Whole house or bungalow: Detached,100,98,49,49,2,0,2
S01012600,Whole house or bungalow: Semi-detached,162,146,66,80,16,1,15
S01012600,Whole house or bungalow: Terraced (including end-terrace),16,15,5,10,1,0,1
S01012600,Flat maisonette or apartment or mobile/temporary accommodation,30,19,8,11,11,1,10
S01012601,All households,357,325,124,201,32,18,14
S01012601,Whole house or bungalow: Total,307,296,110,186,11,6,5
S01012601,Whole house or bungalow: Detached,172,168,52,116,4,1,3
S01012601,Whole house or bungalow: Semi-detached,129,124,57,67,5,3,2
S01012601,Whole house or bungalow: Terraced (including end-terrace),6,4,1,3,2,2,0
S01012601,Flat maisonette or apartment or mobile/temporary accommodation,50,29,14,15,21,12,9
S01012602,All households,329,139,55,84,190,152,38
S01012602,Whole house or bungalow: Total,134,83,34,49,51,45,6
S01012602,Whole house or bungalow: Detached,32,27,15,12,5,3,2
S01012602,Whole house or bungalow: Semi-detached,83,51,18,33,32,29,3
S01012602,Whole house or bungalow: Terraced (including end-terrace),19,5,1,4,14,13,1
S01012602,Flat maisonette or apartment or mobile/temporary accommodation,195,56,21,35,139,107,32
S01012603,All households,337,180,75,105,157,131,26
S01012603,Whole house or bungalow: Total,208,157,70,87,51,42,9
S01012603,Whole house or bungalow: Detached,45,43,26,17,2,1,1
S01012603,Whole house or bungalow: Semi-detached,119,86,35,51,33,28,5
S01012603,Whole house or bungalow: Terraced (including end-terrace),44,28,9,19,16,13,3
S01012603,Flat maisonette or apartment or mobile/temporary accommodation,129,23,5,18,106,89,17
S01012604,All households,275,191,89,102,84,72,12
S01012604,Whole house or bungalow: Total,272,190,88,102,82,70,12
S01012604,Whole house or bungalow: Detached,55,48,30,18,7,4,3
S01012604,Whole house or bungalow: Semi-detached,25,15,3,12,10,8,2
S01012604,Whole house or bungalow: Terraced (including end-terrace),192,127,55,72,65,58,7
S01012604,Flat maisonette or apartment or mobile/temporary accommodation,3,1,1,0,2,2,0
S01012605,All households,240,163,98,65,77,67,10
S01012605,Whole house or bungalow: Total,235,162,98,64,73,64,9
S01012605,Whole house or bungalow: Detached,75,63,45,18,12,10,2
S01012605,Whole house or bungalow: Semi-detached,61,53,35,18,8,6,2
S01012605,Whole house or bungalow: Terraced (including end-terrace),99,46,18,28,53,48,5
S01012605,Flat maisonette or apartment or mobile/temporary accommodation,5,1,0,1,4,3,1
S01012606,All households,249,243,29,214,6,3,3
S01012606,Whole house or bungalow: Total,246,242,29,213,4,1,3
S01012606,Whole house or bungalow: Detached,202,200,26,174,2,0,2
S01012606,Whole house or bungalow: Semi-detached,43,41,3,38,2,1,1
S01012606,Whole house or bungalow: Terraced (including end-terrace),1,1,0,1,0,0,0
S01012606,Flat maisonette or apartment or mobile/temporary accommodation,3,1,0,1,2,2,0
S01012607,All households,312,243,93,150,69,53,16
S01012607,Whole house or bungalow: Total,285,235,88,147,50,41,9
S01012607,Whole house or bungalow: Detached,114,111,46,65,3,2,1
S01012607,Whole house or bungalow: Semi-detached,88,67,24,43,21,16,5
S01012607,Whole house or bungalow: Terraced (including end-terrace),83,57,18,39,26,23,3
S01012607,Flat maisonette or apartment or mobile/temporary accommodation,27,8,5,3,19,12,7
S01012608,All households,358,220,84,136,138,124,14
S01012608,Whole house or bungalow: Total,352,218,83,135,134,120,14
S01012608,Whole house or bungalow: Detached,81,73,27,46,8,5,3
S01012608,Whole house or bungalow: Semi-detached,98,53,29,24,45,43,2
S01012608,Whole house or bungalow: Terraced (including end-terrace),173,92,27,65,81,72,9
S01012608,Flat maisonette or apartment or mobile/temporary accommodation,6,2,1,1,4,4,0
S01012609,All households,383,187,69,118,196,182,14
S01012609,Whole house or bungalow: Total,342,168,59,109,174,163,11
S01012609,Whole house or bungalow: Detached,27,16,9,7,11,9,2
S01012609,Whole house or bungalow: Semi-detached,49,28,8,20,21,21,0
S01012609,Whole house or bungalow: Terraced (including end-terrace),266,124,42,82,142,133,9
S01012609,Flat maisonette or apartment or mobile/temporary accommodation,41,19,10,9,22,19,3
S01012610,All households,425,175,55,120,250,225,25
S01012610,Whole house or bungalow: Total,214,132,45,87,82,73,9
S01012610,Whole house or bungalow: Detached,47,44,22,22,3,1,2
S01012610,Whole house or bungalow: Semi-detached,86,54,15,39,32,27,5
S01012610,Whole house or bungalow: Terraced (including end-terrace),81,34,8,26,47,45,2
S01012610,Flat maisonette or apartment or mobile/temporary accommodation,211,43,10,33,168,152,16
S01012611,All households,352,285,137,148,67,54,13
S01012611,Whole house or bungalow: Total,331,268,129,139,63,53,10
S01012611,Whole house or bungalow: Detached,169,162,94,68,7,4,3
S01012611,Whole house or bungalow: Semi-detached,71,57,24,33,14,14,0
S01012611,Whole house or bungalow: Terraced (including end-terrace),91,49,11,38,42,35,7
S01012611,Flat maisonette or apartment or mobile/temporary accommodation,21,17,8,9,4,1,3
S01012612,All households,294,199,82,117,95,76,19
S01012612,Whole house or bungalow: Total,277,190,80,110,87,73,14
S01012612,Whole house or bungalow: Detached,79,73,38,35,6,3,3
S01012612,Whole house or bungalow: Semi-detached,110,84,33,51,26,21,5
S01012612,Whole house or bungalow: Terraced (including end-terrace),88,33,9,24,55,49,6
S01012612,Flat maisonette or apartment or mobile/temporary accommodation,17,9,2,7,8,3,5
S01012613,All households,287,192,83,109,95,83,12
S01012613,Whole house or bungalow: Total,272,185,81,104,87,79,8
S01012613,Whole house or bungalow: Detached,93,87,46,41,6,3,3
S01012613,Whole house or bungalow: Semi-detached,47,38,12,26,9,7,2
S01012613,Whole house or bungalow: Terraced (including end-terrace),132,60,23,37,72,69,3
S01012613,Flat maisonette or apartment or mobile/temporary accommodation,15,7,2,5,8,4,4
S01012614,All households,455,333,147,186,122,92,30
S01012614,Whole house or bungalow: Total,339,281,137,144,58,46,12
S01012614,Whole house or bungalow: Detached,134,128,72,56,6,0,6
S01012614,Whole house or bungalow: Semi-detached,157,137,61,76,20,15,5
S01012614,Whole house or bungalow: Terraced (including end-terrace),48,16,4,12,32,31,1
S01012614,Flat maisonette or apartment or mobile/temporary accommodation,116,52,10,42,64,46,18
S01012615,All households,306,231,111,120,75,56,19
S01012615,Whole house or bungalow: Total,255,213,106,107,42,34,8
S01012615,Whole house or bungalow: Detached,168,163,77,86,5,2,3
S01012615,Whole house or bungalow: Semi-detached,39,29,18,11,10,9,1
S01012615,Whole house or bungalow: Terraced (including end-terrace),48,21,11,10,27,23,4
S01012615,Flat maisonette or apartment or mobile/temporary accommodation,51,18,5,13,33,22,11
S01012616,All households,384,290,145,145,94,74,20
S01012616,Whole house or bungalow: Total,351,279,140,139,72,55,17
S01012616,Whole house or bungalow: Detached,213,202,110,92,11,1,10
S01012616,Whole house or bungalow: Semi-detached,62,33,13,20,29,22,7
S01012616,Whole house or bungalow: Terraced (including end-terrace),76,44,17,27,32,32,0
S01012616,Flat maisonette or apartment or mobile/temporary accommodation,33,11,5,6,22,19,3
S01012617,All households,151,133,58,75,18,4,14
S01012617,Whole house or bungalow: Total,147,132,58,74,15,3,12
S01012617,Whole house or bungalow: Detached,104,98,50,48,6,0,6
S01012617,Whole house or bungalow: Semi-detached,39,32,8,24,7,2,5
S01012617,Whole house or bungalow: Terraced (including end-terrace),4,2,0,2,2,1,1
S01012617,Flat maisonette or apartment or mobile/temporary accommodation,4,1,0,1,3,1,2
S01012618,All households,209,150,62,88,59,40,19
S01012618,Whole house or bungalow: Total,191,145,58,87,46,31,15
S01012618,Whole house or bungalow: Detached,101,93,39,54,8,1,7
S01012618,Whole house or bungalow: Semi-detached,34,20,10,10,14,10,4
S01012618,Whole house or bungalow: Terraced (including end-terrace),56,32,9,23,24,20,4
S01012618,Flat maisonette or apartment or mobile/temporary accommodation,18,5,4,1,13,9,4
S01012619,All households,295,139,71,68,156,119,37
S01012619,Whole house or bungalow: Total,156,100,54,46,56,46,10
S01012619,Whole house or bungalow: Detached,44,34,25,9,10,9,1
S01012619,Whole house or bungalow: Semi-detached,81,43,18,25,38,30,8
S01012619,Whole house or bungalow: Terraced (including end-terrace),31,23,11,12,8,7,1
S01012619,Flat maisonette or apartment or mobile/temporary accommodation,139,39,17,22,100,73,27
S01012620,All households,325,295,160,135,30,12,18
S01012620,Whole house or bungalow: Total,277,264,144,120,13,6,7
S01012620,Whole house or bungalow: Detached,215,211,123,88,4,1,3
S01012620,Whole house or bungalow: Semi-detached,48,43,18,25,5,2,3
S01012620,Whole house or bungalow: Terraced (including end-terrace),14,10,3,7,4,3,1
S01012620,Flat maisonette or apartment or mobile/temporary accommodation,48,31,16,15,17,6,11
S01012621,All households,277,222,129,93,55,35,20
S01012621,Whole house or bungalow: Total,231,211,125,86,20,9,11
S01012621,Whole house or bungalow: Detached,132,126,90,36,6,0,6
S01012621,Whole house or bungalow: Semi-detached,59,52,18,34,7,5,2
S01012621,Whole house or bungalow: Terraced (including end-terrace),40,33,17,16,7,4,3
S01012621,Flat maisonette or apartment or mobile/temporary accommodation,46,11,4,7,35,26,9
S01012622,All households,341,239,115,124,102,81,21
S01012622,Whole house or bungalow: Total,304,231,112,119,73,60,13
S01012622,Whole house or bungalow: Detached,87,82,52,30,5,2,3
S01012622,Whole house or bungalow: Semi-detached,103,74,33,41,29,27,2
S01012622,Whole house or bungalow: Terraced (including end-terrace),114,75,27,48,39,31,8
S01012622,Flat maisonette or apartment or mobile/temporary accommodation,37,8,3,5,29,21,8
S01012623,All households,320,178,88,90,142,114,28
S01012623,Whole house or bungalow: Total,180,129,67,62,51,41,10
S01012623,Whole house or bungalow: Detached,20,17,11,6,3,2,1
S01012623,Whole house or bungalow: Semi-detached,96,72,36,36,24,18,6
S01012623,Whole house or bungalow: Terraced (including end-terrace),64,40,20,20,24,21,3
S01012623,Flat maisonette or apartment or mobile/temporary accommodation,140,49,21,28,91,73,18
S01012624,All households,334,205,86,119,129,81,48
S01012624,Whole house or bungalow: Total,243,169,70,99,74,56,18
S01012624,Whole house or bungalow: Detached,10,9,4,5,1,0,1
S01012624,Whole house or bungalow: Semi-detached,63,42,17,25,21,17,4
S01012624,Whole house or bungalow: Terraced (including end-terrace),170,118,49,69,52,39,13
S01012624,Flat maisonette or apartment or mobile/temporary accommodation,91,36,16,20,55,25,30
S01012625,All households,263,151,63,88,112,100,12
S01012625,Whole house or bungalow: Total,203,148,62,86,55,46,9
S01012625,Whole house or bungalow: Detached,10,9,5,4,1,1,0
S01012625,Whole house or bungalow: Semi-detached,61,48,23,25,13,11,2
S01012625,Whole house or bungalow: Terraced (including end-terrace),132,91,34,57,41,34,7
S01012625,Flat maisonette or apartment or mobile/temporary accommodation,60,3,1,2,57,54,3
S01012626,All households,216,189,100,89,27,12,15
S01012626,Whole house or bungalow: Total,202,182,97,85,20,12,8
S01012626,Whole house or bungalow: Detached,104,102,60,42,2,0,2
S01012626,Whole house or bungalow: Semi-detached,67,61,27,34,6,3,3
S01012626,Whole house or bungalow: Terraced (including end-terrace),31,19,10,9,12,9,3
S01012626,Flat maisonette or apartment or mobile/temporary accommodation,14,7,3,4,7,0,7
S01012627,All households,241,117,63,54,124,106,18
S01012627,Whole house or bungalow: Total,120,85,47,38,35,28,7
S01012627,Whole house or bungalow: Detached,43,40,21,19,3,0,3
S01012627,Whole house or bungalow: Semi-detached,52,37,23,14,15,13,2
S01012627,Whole house or bungalow: Terraced (including end-terrace),25,8,3,5,17,15,2
S01012627,Flat maisonette or apartment or mobile/temporary accommodation,121,32,16,16,89,78,11
S01012628,All households,334,299,108,191,35,7,28
S01012628,Whole house or bungalow: Total,303,280,94,186,23,5,18
S01012628,Whole house or bungalow: Detached,252,240,80,160,12,0,12
S01012628,Whole house or bungalow: Semi-detached,32,27,12,15,5,1,4
S01012628,Whole house or bungalow: Terraced (including end-terrace),19,13,2,11,6,4,2
S01012628,Flat maisonette or apartment or mobile/temporary accommodation,31,19,14,5,12,2,10
S01012629,All households,197,166,79,87,31,4,27
S01012629,Whole house or bungalow: Total,162,148,70,78,14,3,11
S01012629,Whole house or bungalow: Detached,108,101,46,55,7,0,7
S01012629,Whole house or bungalow: Semi-detached,43,41,20,21,2,0,2
S01012629,Whole house or bungalow: Terraced (including end-terrace),11,6,4,2,5,3,2
S01012629,Flat maisonette or apartment or mobile/temporary accommodation,35,18,9,9,17,1,16
S01012630,All households,508,273,155,118,235,136,99
S01012630,Whole house or bungalow: Total,197,147,86,61,50,28,22
S01012630,Whole house or bungalow: Detached,93,87,55,32,6,3,3
S01012630,Whole house or bungalow: Semi-detached,46,25,12,13,21,10,11
S01012630,Whole house or bungalow: Terraced (including end-terrace),58,35,19,16,23,15,8
S01012630,Flat maisonette or apartment or mobile/temporary accommodation,311,126,69,57,185,108,77
S01012631,All households,423,193,72,121,230,205,25
S01012631,Whole house or bungalow: Total,241,169,57,112,72,61,11
S01012631,Whole house or bungalow: Detached,86,80,21,59,6,2,4
S01012631,Whole house or bungalow: Semi-detached,89,50,18,32,39,35,4
S01012631,Whole house or bungalow: Terraced (including end-terrace),66,39,18,21,27,24,3
S01012631,Flat maisonette or apartment or mobile/temporary accommodation,182,24,15,9,158,144,14
S01012632,All households,304,252,130,122,52,9,43
S01012632,Whole house or bungalow: Total,294,251,129,122,43,5,38
S01012632,Whole house or bungalow: Detached,215,188,107,81,27,1,26
S01012632,Whole house or bungalow: Semi-detached,53,40,15,25,13,4,9
S01012632,Whole house or bungalow: Terraced (including end-terrace),26,23,7,16,3,0,3
S01012632,Flat maisonette or apartment or mobile/temporary accommodation,10,1,1,0,9,4,5
S01012633,All households,283,217,124,93,66,42,24
S01012633,Whole house or bungalow: Total,252,211,119,92,41,19,22
S01012633,Whole house or bungalow: Detached,177,161,93,68,16,0,16
S01012633,Whole house or bungalow: Semi-detached,27,13,5,8,14,10,4
S01012633,Whole house or bungalow: Terraced (including end-terrace),48,37,21,16,11,9,2
S01012633,Flat maisonette or apartment or mobile/temporary accommodation,31,6,5,1,25,23,2
S01012634,All households,339,216,116,100,123,100,23
S01012634,Whole house or bungalow: Total,204,143,69,74,61,51,10
S01012634,Whole house or bungalow: Detached,55,45,24,21,10,5,5
S01012634,Whole house or bungalow: Semi-detached,65,40,18,22,25,22,3
S01012634,Whole house or bungalow: Terraced (including end-terrace),84,58,27,31,26,24,2
S01012634,Flat maisonette or apartment or mobile/temporary accommodation,135,73,47,26,62,49,13
S01012635,All households,430,330,151,179,100,71,29
S01012635,Whole house or bungalow: Total,379,321,145,176,58,32,26
S01012635,Whole house or bungalow: Detached,228,211,104,107,17,1,16
S01012635,Whole house or bungalow: Semi-detached,66,50,17,33,16,8,8
S01012635,Whole house or bungalow: Terraced (including end-terrace),85,60,24,36,25,23,2
S01012635,Flat maisonette or apartment or mobile/temporary accommodation,51,9,6,3,42,39,3
S01012636,All households,250,199,80,119,51,27,24
S01012636,Whole house or bungalow: Total,244,198,79,119,46,25,21
S01012636,Whole house or bungalow: Detached,136,128,61,67,8,0,8
S01012636,Whole house or bungalow: Semi-detached,64,48,17,31,16,9,7
S01012636,Whole house or bungalow: Terraced (including end-terrace),44,22,1,21,22,16,6
S01012636,Flat maisonette or apartment or mobile/temporary accommodation,6,1,1,0,5,2,3
S01012637,All households,365,148,65,83,217,193,24
S01012637,Whole house or bungalow: Total,161,102,42,60,59,45,14
S01012637,Whole house or bungalow: Detached,27,20,6,14,7,3,4
S01012637,Whole house or bungalow: Semi-detached,124,78,36,42,46,38,8
S01012637,Whole house or bungalow: Terraced (including end-terrace),10,4,0,4,6,4,2
S01012637,Flat maisonette or apartment or mobile/temporary accommodation,204,46,23,23,158,148,10
S01012638,All households,406,231,112,119,175,118,57
S01012638,Whole house or bungalow: Total,317,217,106,111,100,57,43
S01012638,Whole house or bungalow: Detached,102,88,46,42,14,3,11
S01012638,Whole house or bungalow: Semi-detached,90,54,28,26,36,20,16
S01012638,Whole house or bungalow: Terraced (including end-terrace),125,75,32,43,50,34,16
S01012638,Flat maisonette or apartment or mobile/temporary accommodation,89,14,6,8,75,61,14
S01012639,All households,360,215,84,131,145,128,17
S01012639,Whole house or bungalow: Total,325,207,82,125,118,103,15
S01012639,Whole house or bungalow: Detached,61,54,23,31,7,3,4
S01012639,Whole house or bungalow: Semi-detached,166,96,41,55,70,69,1
S01012639,Whole house or bungalow: Terraced (including end-terrace),98,57,18,39,41,31,10
S01012639,Flat maisonette or apartment or mobile/temporary accommodation,35,8,2,6,27,25,2
S01012640,All households,439,162,79,83,277,252,25
S01012640,Whole house or bungalow: Total,365,157,79,78,208,185,23
S01012640,Whole house or bungalow: Detached,60,46,24,22,14,5,9
S01012640,Whole house or bungalow: Semi-detached,180,76,37,39,104,92,12
S01012640,Whole house or bungalow: Terraced (including end-terrace),125,35,18,17,90,88,2
S01012640,Flat maisonette or apartment or mobile/temporary accommodation,74,5,0,5,69,67,2
S01012641,All households,484,273,153,120,211,129,82
S01012641,Whole house or bungalow: Total,305,207,95,112,98,73,25
S01012641,Whole house or bungalow: Detached,126,117,60,57,9,2,7
S01012641,Whole house or bungalow: Semi-detached,94,36,13,23,58,45,13
S01012641,Whole house or bungalow: Terraced (including end-terrace),85,54,22,32,31,26,5
S01012641,Flat maisonette or apartment or mobile/temporary accommodation,179,66,58,8,113,56,57
S01012642,All households,380,142,66,76,238,216,22
S01012642,Whole house or bungalow: Total,239,120,55,65,119,109,10
S01012642,Whole house or bungalow: Detached,13,7,4,3,6,5,1
S01012642,Whole house or bungalow: Semi-detached,49,19,4,15,30,28,2
S01012642,Whole house or bungalow: Terraced (including end-terrace),177,94,47,47,83,76,7
S01012642,Flat maisonette or apartment or mobile/temporary accommodation,141,22,11,11,119,107,12
S01012643,All households,199,122,52,70,77,59,18
S01012643,Whole house or bungalow: Total,188,117,48,69,71,54,17
S01012643,Whole house or bungalow: Detached,13,10,3,7,3,0,3
S01012643,Whole house or bungalow: Semi-detached,52,33,14,19,19,17,2
S01012643,Whole house or bungalow: Terraced (including end-terrace),123,74,31,43,49,37,12
S01012643,Flat maisonette or apartment or mobile/temporary accommodation,11,5,4,1,6,5,1
S01012644,All households,301,174,75,99,127,105,22
S01012644,Whole house or bungalow: Total,203,151,64,87,52,45,7
S01012644,Whole house or bungalow: Detached,45,41,15,26,4,2,2
S01012644,Whole house or bungalow: Semi-detached,69,58,19,39,11,10,1
S01012644,Whole house or bungalow: Terraced (including end-terrace),89,52,30,22,37,33,4
S01012644,Flat maisonette or apartment or mobile/temporary accommodation,98,23,11,12,75,60,15
S01012645,All households,368,226,107,119,142,95,47
S01012645,Whole house or bungalow: Total,266,200,92,108,66,40,26
S01012645,Whole house or bungalow: Detached,126,114,55,59,12,3,9
S01012645,Whole house or bungalow: Semi-detached,93,62,22,40,31,21,10
S01012645,Whole house or bungalow: Terraced (including end-terrace),47,24,15,9,23,16,7
S01012645,Flat maisonette or apartment or mobile/temporary accommodation,102,26,15,11,76,55,21
S01012646,All households,405,324,120,204,81,45,36
S01012646,Whole house or bungalow: Total,349,300,110,190,49,23,26
S01012646,Whole house or bungalow: Detached,206,190,63,127,16,1,15
S01012646,Whole house or bungalow: Semi-detached,122,97,41,56,25,15,10
S01012646,Whole house or bungalow: Terraced (including end-terrace),21,13,6,7,8,7,1
S01012646,Flat maisonette or apartment or mobile/temporary accommodation,56,24,10,14,32,22,10
S01012647,All households,269,236,27,209,33,3,30
S01012647,Whole house or bungalow: Total,266,236,27,209,30,1,29
S01012647,Whole house or bungalow: Detached,118,114,11,103,4,0,4
S01012647,Whole house or bungalow: Semi-detached,121,101,13,88,20,0,20
S01012647,Whole house or bungalow: Terraced (including end-terrace),27,21,3,18,6,1,5
S01012647,Flat maisonette or apartment or mobile/temporary accommodation,3,0,0,0,3,2,1
S01012648,All households,229,120,47,73,109,94,15
S01012648,Whole house or bungalow: Total,225,120,47,73,105,91,14
S01012648,Whole house or bungalow: Detached,14,8,3,5,6,4,2
S01012648,Whole house or bungalow: Semi-detached,18,8,2,6,10,9,1
S01012648,Whole house or bungalow: Terraced (including end-terrace),193,104,42,62,89,78,11
S01012648,Flat maisonette or apartment or mobile/temporary accommodation,4,0,0,0,4,3,1
S01012649,All households,267,182,94,88,85,75,10
S01012649,Whole house or bungalow: Total,215,177,93,84,38,30,8
S01012649,Whole house or bungalow: Detached,95,89,51,38,6,3,3
S01012649,Whole house or bungalow: Semi-detached,81,65,35,30,16,12,4
S01012649,Whole house or bungalow: Terraced (including end-terrace),39,23,7,16,16,15,1
S01012649,Flat maisonette or apartment or mobile/temporary accommodation,52,5,1,4,47,45,2
S01012650,All households,266,208,87,121,58,32,26
S01012650,Whole house or bungalow: Total,238,198,84,114,40,26,14
S01012650,Whole house or bungalow: Detached,118,109,50,59,9,3,6
S01012650,Whole house or bungalow: Semi-detached,101,78,32,46,23,16,7
S01012650,Whole house or bungalow: Terraced (including end-terrace),19,11,2,9,8,7,1
S01012650,Flat maisonette or apartment or mobile/temporary accommodation,28,10,3,7,18,6,12
S01012651,All households,327,138,52,86,189,174,15
S01012651,Whole house or bungalow: Total,264,127,46,81,137,127,10
S01012651,Whole house or bungalow: Detached,21,12,5,7,9,7,2
S01012651,Whole house or bungalow: Semi-detached,75,36,10,26,39,35,4
S01012651,Whole house or bungalow: Terraced (including end-terrace),168,79,31,48,89,85,4
S01012651,Flat maisonette or apartment or mobile/temporary accommodation,63,11,6,5,52,47,5
S01012652,All households,431,394,174,220,37,14,23
S01012652,Whole house or bungalow: Total,377,359,159,200,18,3,15
S01012652,Whole house or bungalow: Detached,233,227,110,117,6,0,6
S01012652,Whole house or bungalow: Semi-detached,137,127,46,81,10,2,8
S01012652,Whole house or bungalow: Terraced (including end-terrace),7,5,3,2,2,1,1
S01012652,Flat maisonette or apartment or mobile/temporary accommodation,54,35,15,20,19,11,8
S01012653,All households,363,202,80,122,161,137,24
S01012653,Whole house or bungalow: Total,356,202,80,122,154,130,24
S01012653,Whole house or bungalow: Detached,117,94,41,53,23,10,13
S01012653,Whole house or bungalow: Semi-detached,49,28,12,16,21,15,6
S01012653,Whole house or bungalow: Terraced (including end-terrace),190,80,27,53,110,105,5
S01012653,Flat maisonette or apartment or mobile/temporary accommodation,7,0,0,0,7,7,0
S01012654,All households,326,256,99,157,70,16,54
S01012654,Whole house or bungalow: Total,297,244,98,146,53,13,40
S01012654,Whole house or bungalow: Detached,185,160,70,90,25,0,25
S01012654,Whole house or bungalow: Semi-detached,61,49,13,36,12,2,10
S01012654,Whole house or bungalow: Terraced (including end-terrace),51,35,15,20,16,11,5
S01012654,Flat maisonette or apartment or mobile/temporary accommodation,29,12,1,11,17,3,14
S01012655,All households,454,299,121,178,155,131,24
S01012655,Whole house or bungalow: Total,294,238,107,131,56,43,13
S01012655,Whole house or bungalow: Detached,140,133,56,77,7,2,5
S01012655,Whole house or bungalow: Semi-detached,108,81,39,42,27,23,4
S01012655,Whole house or bungalow: Terraced (including end-terrace),46,24,12,12,22,18,4
S01012655,Flat maisonette or apartment or mobile/temporary accommodation,160,61,14,47,99,88,11
S01012656,All households,405,240,89,151,165,141,24
S01012656,Whole house or bungalow: Total,354,227,86,141,127,108,19
S01012656,Whole house or bungalow: Detached,32,23,13,10,9,3,6
S01012656,Whole house or bungalow: Semi-detached,39,31,7,24,8,8,0
S01012656,Whole house or bungalow: Terraced (including end-terrace),283,173,66,107,110,97,13
S01012656,Flat maisonette or apartment or mobile/temporary accommodation,51,13,3,10,38,33,5
S01012657,All households,272,166,70,96,106,67,39
S01012657,Whole house or bungalow: Total,173,130,58,72,43,23,20
S01012657,Whole house or bungalow: Detached,18,13,7,6,5,1,4
S01012657,Whole house or bungalow: Semi-detached,115,89,41,48,26,17,9
S01012657,Whole house or bungalow: Terraced (including end-terrace),40,28,10,18,12,5,7
S01012657,Flat maisonette or apartment or mobile/temporary accommodation,99,36,12,24,63,44,19
S01012658,All households,424,383,205,178,41,16,25
S01012658,Whole house or bungalow: Total,406,376,198,178,30,11,19
S01012658,Whole house or bungalow: Detached,99,93,51,42,6,1,5
S01012658,Whole house or bungalow: Semi-detached,227,216,114,102,11,4,7
S01012658,Whole house or bungalow: Terraced (including end-terrace),80,67,33,34,13,6,7
S01012658,Flat maisonette or apartment or mobile/temporary accommodation,18,7,7,0,11,5,6
S01012659,All households,366,343,76,267,23,6,17
S01012659,Whole house or bungalow: Total,361,340,76,264,21,6,15
S01012659,Whole house or bungalow: Detached,214,210,45,165,4,0,4
S01012659,Whole house or bungalow: Semi-detached,89,85,18,67,4,1,3
S01012659,Whole house or bungalow: Terraced (including end-terrace),58,45,13,32,13,5,8
S01012659,Flat maisonette or apartment or mobile/temporary accommodation,5,3,0,3,2,0,2
S01012660,All households,326,186,66,120,140,128,12
S01012660,Whole house or bungalow: Total,272,171,62,109,101,89,12
S01012660,Whole house or bungalow: Detached,47,33,17,16,14,10,4
S01012660,Whole house or bungalow: Semi-detached,135,92,26,66,43,41,2
S01012660,Whole house or bungalow: Terraced (including end-terrace),90,46,19,27,44,38,6
S01012660,Flat maisonette or apartment or mobile/temporary accommodation,54,15,4,11,39,39,0
S01012661,All households,324,259,108,151,65,22,43
S01012661,Whole house or bungalow: Total,281,242,104,138,39,15,24
S01012661,Whole house or bungalow: Detached,114,106,45,61,8,0,8
S01012661,Whole house or bungalow: Semi-detached,40,31,9,22,9,6,3
S01012661,Whole house or bungalow: Terraced (including end-terrace),127,105,50,55,22,9,13
S01012661,Flat maisonette or apartment or mobile/temporary accommodation,43,17,4,13,26,7,19
S01012662,All households,370,217,107,110,153,118,35
S01012662,Whole house or bungalow: Total,184,146,67,79,38,21,17
S01012662,Whole house or bungalow: Detached,34,30,17,13,4,1,3
S01012662,Whole house or bungalow: Semi-detached,32,23,8,15,9,2,7
S01012662,Whole house or bungalow: Terraced (including end-terrace),118,93,42,51,25,18,7
S01012662,Flat maisonette or apartment or mobile/temporary accommodation,186,71,40,31,115,97,18
S01012663,All households,301,267,150,117,34,4,30
S01012663,Whole house or bungalow: Total,278,259,146,113,19,2,17
S01012663,Whole house or bungalow: Detached,80,77,49,28,3,0,3
S01012663,Whole house or bungalow: Semi-detached,88,84,49,35,4,0,4
S01012663,Whole house or bungalow: Terraced (including end-terrace),110,98,48,50,12,2,10
S01012663,Flat maisonette or apartment or mobile/temporary accommodation,23,8,4,4,15,2,13
S01012664,All households,462,322,142,180,140,61,79
S01012664,Whole house or bungalow: Total,312,264,120,144,48,20,28
S01012664,Whole house or bungalow: Detached,67,58,29,29,9,2,7
S01012664,Whole house or bungalow: Semi-detached,94,85,32,53,9,2,7
S01012664,Whole house or bungalow: Terraced (including end-terrace),151,121,59,62,30,16,14
S01012664,Flat maisonette or apartment or mobile/temporary accommodation,150,58,22,36,92,41,51
S01012665,All households,346,158,63,95,188,162,26
S01012665,Whole house or bungalow: Total,331,154,62,92,177,155,22
S01012665,Whole house or bungalow: Detached,32,22,12,10,10,8,2
S01012665,Whole house or bungalow: Semi-detached,91,34,13,21,57,53,4
S01012665,Whole house or bungalow: Terraced (including end-terrace),208,98,37,61,110,94,16
S01012665,Flat maisonette or apartment or mobile/temporary accommodation,15,4,1,3,11,7,4
S01012666,All households,337,172,73,99,165,138,27
S01012666,Whole house or bungalow: Total,328,169,73,96,159,135,24
S01012666,Whole house or bungalow: Detached,14,6,2,4,8,5,3
S01012666,Whole house or bungalow: Semi-detached,92,52,26,26,40,35,5
S01012666,Whole house or bungalow: Terraced (including end-terrace),222,111,45,66,111,95,16
S01012666,Flat maisonette or apartment or mobile/temporary accommodation,9,3,0,3,6,3,3
S01012667,All households,279,128,70,58,151,139,12
S01012667,Whole house or bungalow: Total,201,115,63,52,86,78,8
S01012667,Whole house or bungalow: Detached,50,44,32,12,6,3,3
S01012667,Whole house or bungalow: Semi-detached,129,56,25,31,73,69,4
S01012667,Whole house or bungalow: Terraced (including end-terrace),22,15,6,9,7,6,1
S01012667,Flat maisonette or apartment or mobile/temporary accommodation,78,13,7,6,65,61,4
S01012668,All households,347,212,93,119,135,96,39
S01012668,Whole house or bungalow: Total,244,184,79,105,60,33,27
S01012668,Whole house or bungalow: Detached,14,13,6,7,1,1,0
S01012668,Whole house or bungalow: Semi-detached,96,74,32,42,22,15,7
S01012668,Whole house or bungalow: Terraced (including end-terrace),134,97,41,56,37,17,20
S01012668,Flat maisonette or apartment or mobile/temporary accommodation,103,28,14,14,75,63,12
S01012669,All households,296,287,142,145,9,3,6
S01012669,Whole house or bungalow: Total,292,283,142,141,9,3,6
S01012669,Whole house or bungalow: Detached,49,46,20,26,3,0,3
S01012669,Whole house or bungalow: Semi-detached,171,166,102,64,5,3,2
S01012669,Whole house or bungalow: Terraced (including end-terrace),72,71,20,51,1,0,1
S01012669,Flat maisonette or apartment or mobile/temporary accommodation,4,4,0,4,0,0,0
S01012670,All households,295,280,155,125,15,4,11
S01012670,Whole house or bungalow: Total,290,277,154,123,13,3,10
S01012670,Whole house or bungalow: Detached,83,81,53,28,2,0,2
S01012670,Whole house or bungalow: Semi-detached,110,106,61,45,4,2,2
S01012670,Whole house or bungalow: Terraced (including end-terrace),97,90,40,50,7,1,6
S01012670,Flat maisonette or apartment or mobile/temporary accommodation,5,3,1,2,2,1,1
S01012671,All households,388,257,103,154,131,111,20
S01012671,Whole house or bungalow: Total,375,252,98,154,123,105,18
S01012671,Whole house or bungalow: Detached,46,39,13,26,7,3,4
S01012671,Whole house or bungalow: Semi-detached,47,34,11,23,13,11,2
S01012671,Whole house or bungalow: Terraced (including end-terrace),282,179,74,105,103,91,12
S01012671,Flat maisonette or apartment or mobile/temporary accommodation,13,5,5,0,8,6,2
S01012672,All households,361,123,42,81,238,224,14
S01012672,Whole house or bungalow: Total,275,122,42,80,153,140,13
S01012672,Whole house or bungalow: Detached,14,6,1,5,8,8,0
S01012672,Whole house or bungalow: Semi-detached,64,15,7,8,49,47,2
S01012672,Whole house or bungalow: Terraced (including end-terrace),197,101,34,67,96,85,11
S01012672,Flat maisonette or apartment or mobile/temporary accommodation,86,1,0,1,85,84,1
S01012673,All households,252,101,36,65,151,128,23
S01012673,Whole house or bungalow: Total,244,101,36,65,143,122,21
S01012673,Whole house or bungalow: Detached,12,5,3,2,7,7,0
S01012673,Whole house or bungalow: Semi-detached,50,23,9,14,27,22,5
S01012673,Whole house or bungalow: Terraced (including end-terrace),182,73,24,49,109,93,16
S01012673,Flat maisonette or apartment or mobile/temporary accommodation,8,0,0,0,8,6,2
S01012674,All households,240,101,29,72,139,124,15
S01012674,Whole house or bungalow: Total,197,93,27,66,104,92,12
S01012674,Whole house or bungalow: Detached,15,7,3,4,8,6,2
S01012674,Whole house or bungalow: Semi-detached,33,16,2,14,17,16,1
S01012674,Whole house or bungalow: Terraced (including end-terrace),149,70,22,48,79,70,9
S01012674,Flat maisonette or apartment or mobile/temporary accommodation,43,8,2,6,35,32,3
S01012675,All households,361,165,50,115,196,170,26
S01012675,Whole house or bungalow: Total,316,157,48,109,159,136,23
S01012675,Whole house or bungalow: Detached,34,25,8,17,9,7,2
S01012675,Whole house or bungalow: Semi-detached,66,42,20,22,24,20,4
S01012675,Whole house or bungalow: Terraced (including end-terrace),216,90,20,70,126,109,17
S01012675,Flat maisonette or apartment or mobile/temporary accommodation,45,8,2,6,37,34,3
S01012676,All households,307,216,78,138,91,57,34
S01012676,Whole house or bungalow: Total,304,216,78,138,88,55,33
S01012676,Whole house or bungalow: Detached,24,21,10,11,3,1,2
S01012676,Whole house or bungalow: Semi-detached,66,47,15,32,19,5,14
S01012676,Whole house or bungalow: Terraced (including end-terrace),214,148,53,95,66,49,17
S01012676,Flat maisonette or apartment or mobile/temporary accommodation,3,0,0,0,3,2,1
S01012677,All households,256,139,59,80,117,92,25
S01012677,Whole house or bungalow: Total,227,138,59,79,89,69,20
S01012677,Whole house or bungalow: Detached,23,19,10,9,4,4,0
S01012677,Whole house or bungalow: Semi-detached,39,22,8,14,17,14,3
S01012677,Whole house or bungalow: Terraced (including end-terrace),165,97,41,56,68,51,17
S01012677,Flat maisonette or apartment or mobile/temporary accommodation,29,1,0,1,28,23,5
S01012678,All households,268,250,88,162,18,3,15
S01012678,Whole house or bungalow: Total,266,248,87,161,18,3,15
S01012678,Whole house or bungalow: Detached,27,26,12,14,1,0,1
S01012678,Whole house or bungalow: Semi-detached,230,216,72,144,14,1,13
S01012678,Whole house or bungalow: Terraced (including end-terrace),9,6,3,3,3,2,1
S01012678,Flat maisonette or apartment or mobile/temporary accommodation,2,2,1,1,0,0,0
S01012679,All households,372,230,88,142,142,126,16
S01012679,Whole house or bungalow: Total,269,215,81,134,54,44,10
S01012679,Whole house or bungalow: Detached,136,125,53,72,11,6,5
S01012679,Whole house or bungalow: Semi-detached,88,66,21,45,22,19,3
S01012679,Whole house or bungalow: Terraced (including end-terrace),45,24,7,17,21,19,2
S01012679,Flat maisonette or apartment or mobile/temporary accommodation,103,15,7,8,88,82,6
S01012680,All households,210,191,63,128,19,5,14
S01012680,Whole house or bungalow: Total,203,186,59,127,17,4,13
S01012680,Whole house or bungalow: Detached,118,115,26,89,3,0,3
S01012680,Whole house or bungalow: Semi-detached,52,42,20,22,10,2,8
S01012680,Whole house or bungalow: Terraced (including end-terrace),33,29,13,16,4,2,2
S01012680,Flat maisonette or apartment or mobile/temporary accommodation,7,5,4,1,2,1,1
S01012681,All households,311,242,123,119,69,22,47
S01012681,Whole house or bungalow: Total,249,208,111,97,41,6,35
S01012681,Whole house or bungalow: Detached,98,85,51,34,13,0,13
S01012681,Whole house or bungalow: Semi-detached,49,35,12,23,14,2,12
S01012681,Whole house or bungalow: Terraced (including end-terrace),102,88,48,40,14,4,10
S01012681,Flat maisonette or apartment or mobile/temporary accommodation,62,34,12,22,28,16,12
S01012682,All households,315,249,125,124,66,39,27
S01012682,Whole house or bungalow: Total,286,234,121,113,52,37,15
S01012682,Whole house or bungalow: Detached,133,123,57,66,10,3,7
S01012682,Whole house or bungalow: Semi-detached,65,54,31,23,11,8,3
S01012682,Whole house or bungalow: Terraced (including end-terrace),88,57,33,24,31,26,5
S01012682,Flat maisonette or apartment or mobile/temporary accommodation,29,15,4,11,14,2,12
S01012683,All households,326,202,82,120,124,103,21
S01012683,Whole house or bungalow: Total,236,192,81,111,44,28,16
S01012683,Whole house or bungalow: Detached,41,36,15,21,5,3,2
S01012683,Whole house or bungalow: Semi-detached,33,21,9,12,12,7,5
S01012683,Whole house or bungalow: Terraced (including end-terrace),162,135,57,78,27,18,9
S01012683,Flat maisonette or apartment or mobile/temporary accommodation,90,10,1,9,80,75,5
S01012684,All households,219,183,60,123,36,9,27
S01012684,Whole house or bungalow: Total,183,163,56,107,20,3,17
S01012684,Whole house or bungalow: Detached,43,41,16,25,2,1,1
S01012684,Whole house or bungalow: Semi-detached,96,88,29,59,8,0,8
S01012684,Whole house or bungalow: Terraced (including end-terrace),44,34,11,23,10,2,8
S01012684,Flat maisonette or apartment or mobile/temporary accommodation,36,20,4,16,16,6,10
S01012685,All households,334,219,67,152,115,104,11
S01012685,Whole house or bungalow: Total,317,213,66,147,104,95,9
S01012685,Whole house or bungalow: Detached,33,28,12,16,5,5,0
S01012685,Whole house or bungalow: Semi-detached,79,61,14,47,18,13,5
S01012685,Whole house or bungalow: Terraced (including end-terrace),205,124,40,84,81,77,4
S01012685,Flat maisonette or apartment or mobile/temporary accommodation,17,6,1,5,11,9,2
S01012686,All households,434,347,162,185,87,13,74
S01012686,Whole house or bungalow: Total,305,270,131,139,35,7,28
S01012686,Whole house or bungalow: Detached,161,149,73,76,12,0,12
S01012686,Whole house or bungalow: Semi-detached,104,89,44,45,15,3,12
S01012686,Whole house or bungalow: Terraced (including end-terrace),40,32,14,18,8,4,4
S01012686,Flat maisonette or apartment or mobile/temporary accommodation,129,77,31,46,52,6,46
S01012687,All households,235,231,153,78,4,1,3
S01012687,Whole house or bungalow: Total,233,230,153,77,3,0,3
S01012687,Whole house or bungalow: Detached,179,176,124,52,3,0,3
S01012687,Whole house or bungalow: Semi-detached,50,50,28,22,0,0,0
S01012687,Whole house or bungalow: Terraced (including end-terrace),4,4,1,3,0,0,0
S01012687,Flat maisonette or apartment or mobile/temporary accommodation,2,1,0,1,1,1,0
S01012688,All households,449,291,155,136,158,41,117
S01012688,Whole house or bungalow: Total,159,140,69,71,19,5,14
S01012688,Whole house or bungalow: Detached,44,41,21,20,3,0,3
S01012688,Whole house or bungalow: Semi-detached,55,48,28,20,7,3,4
S01012688,Whole house or bungalow: Terraced (including end-terrace),60,51,20,31,9,2,7
S01012688,Flat maisonette or apartment or mobile/temporary accommodation,290,151,86,65,139,36,103
S01012689,All households,185,165,84,81,20,9,11
S01012689,Whole house or bungalow: Total,178,161,84,77,17,8,9
S01012689,Whole house or bungalow: Detached,111,105,61,44,6,1,5
S01012689,Whole house or bungalow: Semi-detached,60,52,21,31,8,5,3
S01012689,Whole house or bungalow: Terraced (including end-terrace),7,4,2,2,3,2,1
S01012689,Flat maisonette or apartment or mobile/temporary accommodation,7,4,0,4,3,1,2
S01012690,All households,202,178,74,104,24,14,10
S01012690,Whole house or bungalow: Total,197,175,72,103,22,13,9
S01012690,Whole house or bungalow: Detached,65,61,28,33,4,1,3
S01012690,Whole house or bungalow: Semi-detached,127,113,44,69,14,9,5
S01012690,Whole house or bungalow: Terraced (including end-terrace),5,1,0,1,4,3,1
S01012690,Flat maisonette or apartment or mobile/temporary accommodation,5,3,2,1,2,1,1
S01012691,All households,296,273,123,150,23,2,21
S01012691,Whole house or bungalow: Total,253,241,109,132,12,2,10
S01012691,Whole house or bungalow: Detached,211,205,95,110,6,0,6
S01012691,Whole house or bungalow: Semi-detached,24,21,9,12,3,1,2
S01012691,Whole house or bungalow: Terraced (including end-terrace),18,15,5,10,3,1,2
S01012691,Flat maisonette or apartment or mobile/temporary accommodation,43,32,14,18,11,0,11
S01012692,All households,334,232,104,128,102,82,20
S01012692,Whole house or bungalow: Total,229,188,82,106,41,31,10
S01012692,Whole house or bungalow: Detached,53,49,27,22,4,3,1
S01012692,Whole house or bungalow: Semi-detached,113,99,38,61,14,8,6
S01012692,Whole house or bungalow: Terraced (including end-terrace),63,40,17,23,23,20,3
S01012692,Flat maisonette or apartment or mobile/temporary accommodation,105,44,22,22,61,51,10
S01012693,All households,321,307,132,175,14,7,7
S01012693,Whole house or bungalow: Total,316,306,131,175,10,5,5
S01012693,Whole house or bungalow: Detached,269,267,122,145,2,0,2
S01012693,Whole house or bungalow: Semi-detached,35,32,6,26,3,1,2
S01012693,Whole house or bungalow: Terraced (including end-terrace),12,7,3,4,5,4,1
S01012693,Flat maisonette or apartment or mobile/temporary accommodation,5,1,1,0,4,2,2
S01012694,All households,200,147,49,98,53,38,15
S01012694,Whole house or bungalow: Total,196,145,49,96,51,37,14
S01012694,Whole house or bungalow: Detached,58,58,19,39,0,0,0
S01012694,Whole house or bungalow: Semi-detached,44,36,7,29,8,4,4
S01012694,Whole house or bungalow: Terraced (including end-terrace),94,51,23,28,43,33,10
S01012694,Flat maisonette or apartment or mobile/temporary accommodation,4,2,0,2,2,1,1
S01012695,All households,306,246,113,133,60,29,31
S01012695,Whole house or bungalow: Total,298,245,113,132,53,26,27
S01012695,Whole house or bungalow: Detached,176,159,93,66,17,0,17
S01012695,Whole house or bungalow: Semi-detached,93,60,17,43,33,24,9
S01012695,Whole house or bungalow: Terraced (including end-terrace),29,26,3,23,3,2,1
S01012695,Flat maisonette or apartment or mobile/temporary accommodation,8,1,0,1,7,3,4
S01012696,All households,272,242,130,112,30,4,26
S01012696,Whole house or bungalow: Total,257,233,122,111,24,2,22
S01012696,Whole house or bungalow: Detached,195,180,105,75,15,0,15
S01012696,Whole house or bungalow: Semi-detached,39,35,13,22,4,1,3
S01012696,Whole house or bungalow: Terraced (including end-terrace),23,18,4,14,5,1,4
S01012696,Flat maisonette or apartment or mobile/temporary accommodation,15,9,8,1,6,2,4
S01012697,All households,197,164,82,82,33,9,24
S01012697,Whole house or bungalow: Total,188,160,80,80,28,6,22
S01012697,Whole house or bungalow: Detached,95,84,49,35,11,0,11
S01012697,Whole house or bungalow: Semi-detached,50,35,18,17,15,5,10
S01012697,Whole house or bungalow: Terraced (including end-terrace),43,41,13,28,2,1,1
S01012697,Flat maisonette or apartment or mobile/temporary accommodation,9,4,2,2,5,3,2
S01012698,All households,339,288,134,154,51,28,23
S01012698,Whole house or bungalow: Total,315,276,132,144,39,19,20
S01012698,Whole house or bungalow: Detached,199,186,97,89,13,1,12
S01012698,Whole house or bungalow: Semi-detached,42,32,12,20,10,7,3
S01012698,Whole house or bungalow: Terraced (including end-terrace),74,58,23,35,16,11,5
S01012698,Flat maisonette or apartment or mobile/temporary accommodation,24,12,2,10,12,9,3
S01012699,All households,429,340,148,192,89,55,34
S01012699,Whole house or bungalow: Total,398,325,144,181,73,42,31
S01012699,Whole house or bungalow: Detached,219,203,95,108,16,0,16
S01012699,Whole house or bungalow: Semi-detached,77,52,21,31,25,19,6
S01012699,Whole house or bungalow: Terraced (including end-terrace),102,70,28,42,32,23,9
S01012699,Flat maisonette or apartment or mobile/temporary accommodation,31,15,4,11,16,13,3
S01012700,All households,320,261,134,127,59,33,26
S01012700,Whole house or bungalow: Total,297,259,133,126,38,19,19
S01012700,Whole house or bungalow: Detached,180,167,90,77,13,3,10
S01012700,Whole house or bungalow: Semi-detached,71,60,30,30,11,4,7
S01012700,Whole house or bungalow: Terraced (including end-terrace),46,32,13,19,14,12,2
S01012700,Flat maisonette or apartment or mobile/temporary accommodation,23,2,1,1,21,14,7
S01012701,All households,221,203,124,79,18,5,13
S01012701,Whole house or bungalow: Total,217,201,123,78,16,3,13
S01012701,Whole house or bungalow: Detached,64,58,40,18,6,1,5
S01012701,Whole house or bungalow: Semi-detached,147,138,82,56,9,1,8
S01012701,Whole house or bungalow: Terraced (including end-terrace),6,5,1,4,1,1,0
S01012701,Flat maisonette or apartment or mobile/temporary accommodation,4,2,1,1,2,2,0
S01012702,All households,254,188,68,120,66,23,43
S01012702,Whole house or bungalow: Total,198,171,64,107,27,16,11
S01012702,Whole house or bungalow: Detached,72,64,23,41,8,2,6
S01012702,Whole house or bungalow: Semi-detached,98,82,38,44,16,13,3
S01012702,Whole house or bungalow: Terraced (including end-terrace),28,25,3,22,3,1,2
S01012702,Flat maisonette or apartment or mobile/temporary accommodation,56,17,4,13,39,7,32
S01012703,All households,205,171,28,143,34,25,9
S01012703,Whole house or bungalow: Total,200,170,27,143,30,22,8
S01012703,Whole house or bungalow: Detached,145,139,19,120,6,1,5
S01012703,Whole house or bungalow: Semi-detached,13,10,3,7,3,3,0
S01012703,Whole house or bungalow: Terraced (including end-terrace),42,21,5,16,21,18,3
S01012703,Flat maisonette or apartment or mobile/temporary accommodation,5,1,1,0,4,3,1
S01012704,All households,329,192,53,139,137,121,16
S01012704,Whole house or bungalow: Total,279,181,47,134,98,83,15
S01012704,Whole house or bungalow: Detached,8,2,1,1,6,4,2
S01012704,Whole house or bungalow: Semi-detached,60,42,11,31,18,13,5
S01012704,Whole house or bungalow: Terraced (including end-terrace),211,137,35,102,74,66,8
S01012704,Flat maisonette or apartment or mobile/temporary accommodation,50,11,6,5,39,38,1
S01012705,All households,257,247,59,188,10,3,7
S01012705,Whole house or bungalow: Total,250,243,57,186,7,2,5
S01012705,Whole house or bungalow: Detached,116,112,27,85,4,0,4
S01012705,Whole house or bungalow: Semi-detached,127,126,29,97,1,0,1
S01012705,Whole house or bungalow: Terraced (including end-terrace),7,5,1,4,2,2,0
S01012705,Flat maisonette or apartment or mobile/temporary accommodation,7,4,2,2,3,1,2
S01012706,All households,297,185,51,134,112,96,16
S01012706,Whole house or bungalow: Total,265,177,47,130,88,76,12
S01012706,Whole house or bungalow: Detached,16,12,1,11,4,3,1
S01012706,Whole house or bungalow: Semi-detached,62,36,8,28,26,18,8
S01012706,Whole house or bungalow: Terraced (including end-terrace),187,129,38,91,58,55,3
S01012706,Flat maisonette or apartment or mobile/temporary accommodation,32,8,4,4,24,20,4
S01012707,All households,322,305,134,171,17,4,13
S01012707,Whole house or bungalow: Total,318,304,134,170,14,1,13
S01012707,Whole house or bungalow: Detached,148,143,72,71,5,0,5
S01012707,Whole house or bungalow: Semi-detached,167,160,62,98,7,0,7
S01012707,Whole house or bungalow: Terraced (including end-terrace),3,1,0,1,2,1,1
S01012707,Flat maisonette or apartment or mobile/temporary accommodation,4,1,0,1,3,3,0
S01012708,All households,332,199,67,132,133,111,22
S01012708,Whole house or bungalow: Total,123,93,29,64,30,18,12
S01012708,Whole house or bungalow: Detached,25,22,7,15,3,1,2
S01012708,Whole house or bungalow: Semi-detached,44,36,9,27,8,5,3
S01012708,Whole house or bungalow: Terraced (including end-terrace),54,35,13,22,19,12,7
S01012708,Flat maisonette or apartment or mobile/temporary accommodation,209,106,38,68,103,93,10
S01012709,All households,253,149,72,77,104,92,12
S01012709,Whole house or bungalow: Total,191,149,72,77,42,32,10
S01012709,Whole house or bungalow: Detached,31,26,17,9,5,4,1
S01012709,Whole house or bungalow: Semi-detached,90,79,36,43,11,4,7
S01012709,Whole house or bungalow: Terraced (including end-terrace),70,44,19,25,26,24,2
S01012709,Flat maisonette or apartment or mobile/temporary accommodation,62,0,0,0,62,60,2
S01012710,All households,356,186,69,117,170,137,33
S01012710,Whole house or bungalow: Total,154,115,48,67,39,35,4
S01012710,Whole house or bungalow: Detached,57,52,27,25,5,4,1
S01012710,Whole house or bungalow: Semi-detached,71,47,17,30,24,21,3
S01012710,Whole house or bungalow: Terraced (including end-terrace),26,16,4,12,10,10,0
S01012710,Flat maisonette or apartment or mobile/temporary accommodation,202,71,21,50,131,102,29
S01012711,All households,435,188,76,112,247,194,53
S01012711,Whole house or bungalow: Total,188,116,55,61,72,63,9
S01012711,Whole house or bungalow: Detached,17,16,6,10,1,0,1
S01012711,Whole house or bungalow: Semi-detached,80,56,28,28,24,17,7
S01012711,Whole house or bungalow: Terraced (including end-terrace),91,44,21,23,47,46,1
S01012711,Flat maisonette or apartment or mobile/temporary accommodation,247,72,21,51,175,131,44
S01012712,All households,335,316,179,137,19,6,13
S01012712,Whole house or bungalow: Total,331,316,179,137,15,3,12
S01012712,Whole house or bungalow: Detached,193,190,112,78,3,0,3
S01012712,Whole house or bungalow: Semi-detached,134,124,67,57,10,2,8
S01012712,Whole house or bungalow: Terraced (including end-terrace),4,2,0,2,2,1,1
S01012712,Flat maisonette or apartment or mobile/temporary accommodation,4,0,0,0,4,3,1
S01012713,All households,329,282,168,114,47,22,25
S01012713,Whole house or bungalow: Total,235,226,139,87,9,2,7
S01012713,Whole house or bungalow: Detached,42,41,30,11,1,0,1
S01012713,Whole house or bungalow: Semi-detached,177,171,100,71,6,1,5
S01012713,Whole house or bungalow: Terraced (including end-terrace),16,14,9,5,2,1,1
S01012713,Flat maisonette or apartment or mobile/temporary accommodation,94,56,29,27,38,20,18
S01012714,All households,264,249,155,94,15,3,12
S01012714,Whole house or bungalow: Total,224,223,140,83,1,1,0
S01012714,Whole house or bungalow: Detached,111,111,74,37,0,0,0
S01012714,Whole house or bungalow: Semi-detached,101,101,62,39,0,0,0
S01012714,Whole house or bungalow: Terraced (including end-terrace),12,11,4,7,1,1,0
S01012714,Flat maisonette or apartment or mobile/temporary accommodation,40,26,15,11,14,2,12
S01012715,All households,411,227,99,128,184,109,75
S01012715,Whole house or bungalow: Total,109,99,44,55,10,2,8
S01012715,Whole house or bungalow: Detached,19,18,12,6,1,0,1
S01012715,Whole house or bungalow: Semi-detached,68,64,23,41,4,1,3
S01012715,Whole house or bungalow: Terraced (including end-terrace),22,17,9,8,5,1,4
S01012715,Flat maisonette or apartment or mobile/temporary accommodation,302,128,55,73,174,107,67
S01012716,All households,369,303,187,116,66,27,39
S01012716,Whole house or bungalow: Total,281,247,156,91,34,24,10
S01012716,Whole house or bungalow: Detached,192,184,117,67,8,3,5
S01012716,Whole house or bungalow: Semi-detached,83,59,37,22,24,20,4
S01012716,Whole house or bungalow: Terraced (including end-terrace),6,4,2,2,2,1,1
S01012716,Flat maisonette or apartment or mobile/temporary accommodation,88,56,31,25,32,3,29
S01012717,All households,581,292,164,128,289,158,131
S01012717,Whole house or bungalow: Total,149,138,89,49,11,3,8
S01012717,Whole house or bungalow: Detached,48,44,33,11,4,1,3
S01012717,Whole house or bungalow: Semi-detached,79,76,49,27,3,0,3
S01012717,Whole house or bungalow: Terraced (including end-terrace),22,18,7,11,4,2,2
S01012717,Flat maisonette or apartment or mobile/temporary accommodation,432,154,75,79,278,155,123
S01012718,All households,489,350,170,180,139,36,103
S01012718,Whole house or bungalow: Total,135,115,57,58,20,11,9
S01012718,Whole house or bungalow: Detached,29,27,12,15,2,0,2
S01012718,Whole house or bungalow: Semi-detached,88,81,43,38,7,4,3
S01012718,Whole house or bungalow: Terraced (including end-terrace),18,7,2,5,11,7,4
S01012718,Flat maisonette or apartment or mobile/temporary accommodation,354,235,113,122,119,25,94
S01012719,All households,438,228,91,137,210,63,147
S01012719,Whole house or bungalow: Total,71,60,29,31,11,5,6
S01012719,Whole house or bungalow: Detached,39,35,18,17,4,0,4
S01012719,Whole house or bungalow: Semi-detached,12,8,3,5,4,3,1
S01012719,Whole house or bungalow: Terraced (including end-terrace),20,17,8,9,3,2,1
S01012719,Flat maisonette or apartment or mobile/temporary accommodation,367,168,62,106,199,58,141
S01012720,All households,318,163,49,114,155,22,133
S01012720,Whole house or bungalow: Total,44,40,15,25,4,1,3
S01012720,Whole house or bungalow: Detached,38,37,14,23,1,0,1
S01012720,Whole house or bungalow: Semi-detached,4,2,0,2,2,1,1
S01012720,Whole house or bungalow: Terraced (including end-terrace),2,1,1,0,1,0,1
S01012720,Flat maisonette or apartment or mobile/temporary accommodation,274,123,34,89,151,21,130
S01012721,All households,288,225,99,126,63,36,27
S01012721,Whole house or bungalow: Total,239,198,87,111,41,26,15
S01012721,Whole house or bungalow: Detached,7,5,3,2,2,1,1
S01012721,Whole house or bungalow: Semi-detached,187,153,71,82,34,24,10
S01012721,Whole house or bungalow: Terraced (including end-terrace),45,40,13,27,5,1,4
S01012721,Flat maisonette or apartment or mobile/temporary accommodation,49,27,12,15,22,10,12
S01012722,All households,413,200,73,127,213,170,43
S01012722,Whole house or bungalow: Total,114,85,27,58,29,24,5
S01012722,Whole house or bungalow: Detached,4,4,0,4,0,0,0
S01012722,Whole house or bungalow: Semi-detached,105,76,25,51,29,24,5
S01012722,Whole house or bungalow: Terraced (including end-terrace),5,5,2,3,0,0,0
S01012722,Flat maisonette or apartment or mobile/temporary accommodation,299,115,46,69,184,146,38
S01012723,All households,358,168,71,97,190,157,33
S01012723,Whole house or bungalow: Total,119,78,36,42,41,31,10
S01012723,Whole house or bungalow: Detached,6,4,1,3,2,1,1
S01012723,Whole house or bungalow: Semi-detached,106,72,35,37,34,26,8
S01012723,Whole house or bungalow: Terraced (including end-terrace),7,2,0,2,5,4,1
S01012723,Flat maisonette or apartment or mobile/temporary accommodation,239,90,35,55,149,126,23
S01012724,All households,412,268,126,142,144,74,70
S01012724,Whole house or bungalow: Total,158,131,67,64,27,13,14
S01012724,Whole house or bungalow: Detached,18,17,6,11,1,0,1
S01012724,Whole house or bungalow: Semi-detached,97,83,39,44,14,7,7
S01012724,Whole house or bungalow: Terraced (including end-terrace),43,31,22,9,12,6,6
S01012724,Flat maisonette or apartment or mobile/temporary accommodation,254,137,59,78,117,61,56
S01012725,All households,494,309,124,185,185,75,110
S01012725,Whole house or bungalow: Total,116,110,51,59,6,3,3
S01012725,Whole house or bungalow: Detached,65,64,27,37,1,0,1
S01012725,Whole house or bungalow: Semi-detached,35,32,15,17,3,1,2
S01012725,Whole house or bungalow: Terraced (including end-terrace),16,14,9,5,2,2,0
S01012725,Flat maisonette or apartment or mobile/temporary accommodation,378,199,73,126,179,72,107
S01012726,All households,283,211,100,111,72,55,17
S01012726,Whole house or bungalow: Total,213,170,78,92,43,34,9
S01012726,Whole house or bungalow: Detached,10,9,6,3,1,0,1
S01012726,Whole house or bungalow: Semi-detached,117,90,43,47,27,24,3
S01012726,Whole house or bungalow: Terraced (including end-terrace),86,71,29,42,15,10,5
S01012726,Flat maisonette or apartment or mobile/temporary accommodation,70,41,22,19,29,21,8
S01012727,All households,294,129,44,85,165,154,11
S01012727,Whole house or bungalow: Total,222,118,38,80,104,96,8
S01012727,Whole house or bungalow: Detached,17,9,3,6,8,6,2
S01012727,Whole house or bungalow: Semi-detached,107,50,17,33,57,55,2
S01012727,Whole house or bungalow: Terraced (including end-terrace),98,59,18,41,39,35,4
S01012727,Flat maisonette or apartment or mobile/temporary accommodation,72,11,6,5,61,58,3
S01012728,All households,339,91,28,63,248,225,23
S01012728,Whole house or bungalow: Total,150,59,12,47,91,76,15
S01012728,Whole house or bungalow: Detached,11,7,2,5,4,2,2
S01012728,Whole house or bungalow: Semi-detached,78,36,7,29,42,36,6
S01012728,Whole house or bungalow: Terraced (including end-terrace),61,16,3,13,45,38,7
S01012728,Flat maisonette or apartment or mobile/temporary accommodation,189,32,16,16,157,149,8
S01012729,All households,346,267,86,181,79,58,21
S01012729,Whole house or bungalow: Total,276,243,78,165,33,25,8
S01012729,Whole house or bungalow: Detached,55,52,15,37,3,2,1
S01012729,Whole house or bungalow: Semi-detached,168,152,44,108,16,10,6
S01012729,Whole house or bungalow: Terraced (including end-terrace),53,39,19,20,14,13,1
S01012729,Flat maisonette or apartment or mobile/temporary accommodation,70,24,8,16,46,33,13
S01012730,All households,266,150,44,106,116,103,13
S01012730,Whole house or bungalow: Total,186,121,38,83,65,57,8
S01012730,Whole house or bungalow: Detached,8,7,1,6,1,1,0
S01012730,Whole house or bungalow: Semi-detached,12,7,2,5,5,4,1
S01012730,Whole house or bungalow: Terraced (including end-terrace),166,107,35,72,59,52,7
S01012730,Flat maisonette or apartment or mobile/temporary accommodation,80,29,6,23,51,46,5
S01012731,All households,335,219,82,137,116,99,17
S01012731,Whole house or bungalow: Total,286,201,75,126,85,72,13
S01012731,Whole house or bungalow: Detached,10,9,3,6,1,1,0
S01012731,Whole house or bungalow: Semi-detached,145,102,37,65,43,37,6
S01012731,Whole house or bungalow: Terraced (including end-terrace),131,90,35,55,41,34,7
S01012731,Flat maisonette or apartment or mobile/temporary accommodation,49,18,7,11,31,27,4
S01012732,All households,292,200,67,133,92,71,21
S01012732,Whole house or bungalow: Total,277,196,67,129,81,61,20
S01012732,Whole house or bungalow: Detached,17,13,5,8,4,3,1
S01012732,Whole house or bungalow: Semi-detached,25,18,8,10,7,5,2
S01012732,Whole house or bungalow: Terraced (including end-terrace),235,165,54,111,70,53,17
S01012732,Flat maisonette or apartment or mobile/temporary accommodation,15,4,0,4,11,10,1
S01012733,All households,364,325,41,284,39,11,28
S01012733,Whole house or bungalow: Total,315,291,37,254,24,7,17
S01012733,Whole house or bungalow: Detached,281,263,29,234,18,1,17
S01012733,Whole house or bungalow: Semi-detached,21,18,7,11,3,3,0
S01012733,Whole house or bungalow: Terraced (including end-terrace),13,10,1,9,3,3,0
S01012733,Flat maisonette or apartment or mobile/temporary accommodation,49,34,4,30,15,4,11
S01012734,All households,198,188,20,168,10,4,6
S01012734,Whole house or bungalow: Total,195,186,20,166,9,3,6
S01012734,Whole house or bungalow: Detached,168,165,13,152,3,0,3
S01012734,Whole house or bungalow: Semi-detached,20,18,6,12,2,1,1
S01012734,Whole house or bungalow: Terraced (including end-terrace),7,3,1,2,4,2,2
S01012734,Flat maisonette or apartment or mobile/temporary accommodation,3,2,0,2,1,1,0
S01012735,All households,213,148,63,85,65,45,20
S01012735,Whole house or bungalow: Total,156,126,58,68,30,23,7
S01012735,Whole house or bungalow: Detached,7,6,1,5,1,0,1
S01012735,Whole house or bungalow: Semi-detached,18,13,7,6,5,4,1
S01012735,Whole house or bungalow: Terraced (including end-terrace),131,107,50,57,24,19,5
S01012735,Flat maisonette or apartment or mobile/temporary accommodation,57,22,5,17,35,22,13
S01012736,All households,376,280,80,200,96,71,25
S01012736,Whole house or bungalow: Total,329,261,69,192,68,48,20
S01012736,Whole house or bungalow: Detached,39,34,10,24,5,2,3
S01012736,Whole house or bungalow: Semi-detached,207,166,41,125,41,30,11
S01012736,Whole house or bungalow: Terraced (including end-terrace),83,61,18,43,22,16,6
S01012736,Flat maisonette or apartment or mobile/temporary accommodation,47,19,11,8,28,23,5
S01012737,All households,329,273,62,211,56,26,30
S01012737,Whole house or bungalow: Total,269,231,54,177,38,19,19
S01012737,Whole house or bungalow: Detached,59,54,9,45,5,3,2
S01012737,Whole house or bungalow: Semi-detached,69,57,20,37,12,8,4
S01012737,Whole house or bungalow: Terraced (including end-terrace),141,120,25,95,21,8,13
S01012737,Flat maisonette or apartment or mobile/temporary accommodation,60,42,8,34,18,7,11
S01012738,All households,255,172,66,106,83,71,12
S01012738,Whole house or bungalow: Total,208,147,57,90,61,53,8
S01012738,Whole house or bungalow: Detached,31,27,8,19,4,2,2
S01012738,Whole house or bungalow: Semi-detached,74,42,19,23,32,29,3
S01012738,Whole house or bungalow: Terraced (including end-terrace),103,78,30,48,25,22,3
S01012738,Flat maisonette or apartment or mobile/temporary accommodation,47,25,9,16,22,18,4
S01012739,All households,289,266,31,235,23,4,19
S01012739,Whole house or bungalow: Total,285,265,30,235,20,3,17
S01012739,Whole house or bungalow: Detached,208,199,27,172,9,0,9
S01012739,Whole house or bungalow: Semi-detached,59,54,3,51,5,1,4
S01012739,Whole house or bungalow: Terraced (including end-terrace),18,12,0,12,6,2,4
S01012739,Flat maisonette or apartment or mobile/temporary accommodation,4,1,1,0,3,1,2
S01012740,All households,308,247,36,211,61,52,9
S01012740,Whole house or bungalow: Total,290,245,35,210,45,37,8
S01012740,Whole house or bungalow: Detached,218,213,34,179,5,0,5
S01012740,Whole house or bungalow: Semi-detached,39,22,0,22,17,14,3
S01012740,Whole house or bungalow: Terraced (including end-terrace),33,10,1,9,23,23,0
S01012740,Flat maisonette or apartment or mobile/temporary accommodation,18,2,1,1,16,15,1
S01012741,All households,272,248,78,170,24,7,17
S01012741,Whole house or bungalow: Total,228,218,75,143,10,5,5
S01012741,Whole house or bungalow: Detached,64,63,30,33,1,1,0
S01012741,Whole house or bungalow: Semi-detached,124,118,37,81,6,4,2
S01012741,Whole house or bungalow: Terraced (including end-terrace),40,37,8,29,3,0,3
S01012741,Flat maisonette or apartment or mobile/temporary accommodation,44,30,3,27,14,2,12
S01012742,All households,276,256,124,132,20,10,10
S01012742,Whole house or bungalow: Total,272,255,123,132,17,7,10
S01012742,Whole house or bungalow: Detached,122,116,45,71,6,0,6
S01012742,Whole house or bungalow: Semi-detached,138,131,75,56,7,3,4
S01012742,Whole house or bungalow: Terraced (including end-terrace),12,8,3,5,4,4,0
S01012742,Flat maisonette or apartment or mobile/temporary accommodation,4,1,1,0,3,3,0
S01012743,All households,237,228,128,100,9,1,8
S01012743,Whole house or bungalow: Total,236,228,128,100,8,1,7
S01012743,Whole house or bungalow: Detached,97,95,51,44,2,0,2
S01012743,Whole house or bungalow: Semi-detached,134,130,76,54,4,0,4
S01012743,Whole house or bungalow: Terraced (including end-terrace),5,3,1,2,2,1,1
S01012743,Flat maisonette or apartment or mobile/temporary accommodation,1,0,0,0,1,0,1
S01012744,All households,277,258,74,184,19,3,16
S01012744,Whole house or bungalow: Total,266,252,74,178,14,2,12
S01012744,Whole house or bungalow: Detached,86,84,31,53,2,0,2
S01012744,Whole house or bungalow: Semi-detached,159,150,40,110,9,2,7
S01012744,Whole house or bungalow: Terraced (including end-terrace),21,18,3,15,3,0,3
S01012744,Flat maisonette or apartment or mobile/temporary accommodation,11,6,0,6,5,1,4
S01012745,All households,302,287,147,140,15,6,9
S01012745,Whole house or bungalow: Total,295,284,147,137,11,4,7
S01012745,Whole house or bungalow: Detached,127,124,65,59,3,1,2
S01012745,Whole house or bungalow: Semi-detached,151,147,78,69,4,0,4
S01012745,Whole house or bungalow: Terraced (including end-terrace),17,13,4,9,4,3,1
S01012745,Flat maisonette or apartment or mobile/temporary accommodation,7,3,0,3,4,2,2
S01012746,All households,311,259,74,185,52,26,26
S01012746,Whole house or bungalow: Total,295,254,71,183,41,17,24
S01012746,Whole house or bungalow: Detached,81,74,25,49,7,1,6
S01012746,Whole house or bungalow: Semi-detached,115,103,27,76,12,4,8
S01012746,Whole house or bungalow: Terraced (including end-terrace),99,77,19,58,22,12,10
S01012746,Flat maisonette or apartment or mobile/temporary accommodation,16,5,3,2,11,9,2
S01012747,All households,348,252,110,142,96,82,14
S01012747,Whole house or bungalow: Total,330,248,110,138,82,70,12
S01012747,Whole house or bungalow: Detached,85,79,40,39,6,3,3
S01012747,Whole house or bungalow: Semi-detached,131,110,49,61,21,17,4
S01012747,Whole house or bungalow: Terraced (including end-terrace),114,59,21,38,55,50,5
S01012747,Flat maisonette or apartment or mobile/temporary accommodation,18,4,0,4,14,12,2
S01012748,All households,369,123,45,78,246,228,18
S01012748,Whole house or bungalow: Total,245,96,39,57,149,138,11
S01012748,Whole house or bungalow: Detached,9,4,2,2,5,4,1
S01012748,Whole house or bungalow: Semi-detached,101,47,20,27,54,47,7
S01012748,Whole house or bungalow: Terraced (including end-terrace),135,45,17,28,90,87,3
S01012748,Flat maisonette or apartment or mobile/temporary accommodation,124,27,6,21,97,90,7
S01012749,All households,387,138,41,97,249,212,37
S01012749,Whole house or bungalow: Total,268,125,37,88,143,128,15
S01012749,Whole house or bungalow: Detached,18,12,6,6,6,4,2
S01012749,Whole house or bungalow: Semi-detached,111,59,18,41,52,47,5
S01012749,Whole house or bungalow: Terraced (including end-terrace),139,54,13,41,85,77,8
S01012749,Flat maisonette or apartment or mobile/temporary accommodation,119,13,4,9,106,84,22
S01012750,All households,336,151,46,105,185,140,45
S01012750,Whole house or bungalow: Total,211,124,35,89,87,73,14
S01012750,Whole house or bungalow: Detached,11,4,1,3,7,5,2
S01012750,Whole house or bungalow: Semi-detached,55,36,9,27,19,15,4
S01012750,Whole house or bungalow: Terraced (including end-terrace),145,84,25,59,61,53,8
S01012750,Flat maisonette or apartment or mobile/temporary accommodation,125,27,11,16,98,67,31
S01012751,All households,423,261,129,132,162,140,22
S01012751,Whole house or bungalow: Total,289,232,118,114,57,43,14
S01012751,Whole house or bungalow: Detached,8,6,4,2,2,0,2
S01012751,Whole house or bungalow: Semi-detached,169,134,63,71,35,28,7
S01012751,Whole house or bungalow: Terraced (including end-terrace),112,92,51,41,20,15,5
S01012751,Flat maisonette or apartment or mobile/temporary accommodation,134,29,11,18,105,97,8
S01012752,All households,375,216,66,150,159,135,24
S01012752,Whole house or bungalow: Total,320,192,61,131,128,115,13
S01012752,Whole house or bungalow: Detached,66,59,14,45,7,6,1
S01012752,Whole house or bungalow: Semi-detached,65,42,17,25,23,19,4
S01012752,Whole house or bungalow: Terraced (including end-terrace),189,91,30,61,98,90,8
S01012752,Flat maisonette or apartment or mobile/temporary accommodation,55,24,5,19,31,20,11
S01012753,All households,235,96,31,65,139,121,18
S01012753,Whole house or bungalow: Total,201,84,26,58,117,107,10
S01012753,Whole house or bungalow: Detached,15,9,2,7,6,6,0
S01012753,Whole house or bungalow: Semi-detached,29,6,2,4,23,23,0
S01012753,Whole house or bungalow: Terraced (including end-terrace),157,69,22,47,88,78,10
S01012753,Flat maisonette or apartment or mobile/temporary accommodation,34,12,5,7,22,14,8
S01012754,All households,255,149,65,84,106,95,11
S01012754,Whole house or bungalow: Total,234,145,64,81,89,81,8
S01012754,Whole house or bungalow: Detached,23,19,10,9,4,3,1
S01012754,Whole house or bungalow: Semi-detached,93,64,35,29,29,23,6
S01012754,Whole house or bungalow: Terraced (including end-terrace),118,62,19,43,56,55,1
S01012754,Flat maisonette or apartment or mobile/temporary accommodation,21,4,1,3,17,14,3
S01012755,All households,280,101,40,61,179,162,17
S01012755,Whole house or bungalow: Total,135,73,33,40,62,52,10
S01012755,Whole house or bungalow: Detached,14,11,6,5,3,3,0
S01012755,Whole house or bungalow: Semi-detached,68,37,18,19,31,26,5
S01012755,Whole house or bungalow: Terraced (including end-terrace),53,25,9,16,28,23,5
S01012755,Flat maisonette or apartment or mobile/temporary accommodation,145,28,7,21,117,110,7
S01012756,All households,271,159,85,74,112,96,16
S01012756,Whole house or bungalow: Total,182,139,77,62,43,39,4
S01012756,Whole house or bungalow: Detached,27,22,16,6,5,4,1
S01012756,Whole house or bungalow: Semi-detached,97,80,41,39,17,17,0
S01012756,Whole house or bungalow: Terraced (including end-terrace),58,37,20,17,21,18,3
S01012756,Flat maisonette or apartment or mobile/temporary accommodation,89,20,8,12,69,57,12
S01012757,All households,236,136,55,81,100,85,15
S01012757,Whole house or bungalow: Total,151,96,37,59,55,45,10
S01012757,Whole house or bungalow: Detached,7,6,2,4,1,0,1
S01012757,Whole house or bungalow: Semi-detached,65,47,25,22,18,17,1
S01012757,Whole house or bungalow: Terraced (including end-terrace),79,43,10,33,36,28,8
S01012757,Flat maisonette or apartment or mobile/temporary accommodation,85,40,18,22,45,40,5
S01012758,All households,274,175,64,111,99,79,20
S01012758,Whole house or bungalow: Total,237,165,61,104,72,59,13
S01012758,Whole house or bungalow: Detached,51,48,21,27,3,2,1
S01012758,Whole house or bungalow: Semi-detached,54,35,14,21,19,15,4
S01012758,Whole house or bungalow: Terraced (including end-terrace),132,82,26,56,50,42,8
S01012758,Flat maisonette or apartment or mobile/temporary accommodation,37,10,3,7,27,20,7
S01012759,All households,342,180,68,112,162,144,18
S01012759,Whole house or bungalow: Total,265,159,65,94,106,91,15
S01012759,Whole house or bungalow: Detached,19,12,5,7,7,5,2
S01012759,Whole house or bungalow: Semi-detached,81,46,19,27,35,25,10
S01012759,Whole house or bungalow: Terraced (including end-terrace),165,101,41,60,64,61,3
S01012759,Flat maisonette or apartment or mobile/temporary accommodation,77,21,3,18,56,53,3
S01012760,All households,424,203,67,136,221,170,51
S01012760,Whole house or bungalow: Total,220,149,51,98,71,59,12
S01012760,Whole house or bungalow: Detached,33,22,8,14,11,8,3
S01012760,Whole house or bungalow: Semi-detached,94,72,21,51,22,18,4
S01012760,Whole house or bungalow: Terraced (including end-terrace),93,55,22,33,38,33,5
S01012760,Flat maisonette or apartment or mobile/temporary accommodation,204,54,16,38,150,111,39
S01012761,All households,369,227,78,149,142,113,29
S01012761,Whole house or bungalow: Total,261,191,66,125,70,58,12
S01012761,Whole house or bungalow: Detached,48,45,13,32,3,1,2
S01012761,Whole house or bungalow: Semi-detached,42,25,10,15,17,16,1
S01012761,Whole house or bungalow: Terraced (including end-terrace),171,121,43,78,50,41,9
S01012761,Flat maisonette or apartment or mobile/temporary accommodation,108,36,12,24,72,55,17
S01012762,All households,315,251,120,131,64,40,24
S01012762,Whole house or bungalow: Total,286,238,115,123,48,29,19
S01012762,Whole house or bungalow: Detached,55,49,28,21,6,2,4
S01012762,Whole house or bungalow: Semi-detached,33,28,8,20,5,4,1
S01012762,Whole house or bungalow: Terraced (including end-terrace),198,161,79,82,37,23,14
S01012762,Flat maisonette or apartment or mobile/temporary accommodation,29,13,5,8,16,11,5
S01012763,All households,178,113,40,73,65,57,8
S01012763,Whole house or bungalow: Total,174,110,37,73,64,57,7
S01012763,Whole house or bungalow: Detached,12,8,5,3,4,3,1
S01012763,Whole house or bungalow: Semi-detached,20,10,5,5,10,8,2
S01012763,Whole house or bungalow: Terraced (including end-terrace),142,92,27,65,50,46,4
S01012763,Flat maisonette or apartment or mobile/temporary accommodation,4,3,3,0,1,0,1
S01012764,All households,348,193,78,115,155,126,29
S01012764,Whole house or bungalow: Total,308,188,76,112,120,98,22
S01012764,Whole house or bungalow: Detached,32,26,10,16,6,5,1
S01012764,Whole house or bungalow: Semi-detached,55,35,17,18,20,16,4
S01012764,Whole house or bungalow: Terraced (including end-terrace),221,127,49,78,94,77,17
S01012764,Flat maisonette or apartment or mobile/temporary accommodation,40,5,2,3,35,28,7
S01012765,All households,296,195,77,118,101,95,6
S01012765,Whole house or bungalow: Total,292,193,76,117,99,94,5
S01012765,Whole house or bungalow: Detached,66,61,28,33,5,3,2
S01012765,Whole house or bungalow: Semi-detached,105,80,33,47,25,22,3
S01012765,Whole house or bungalow: Terraced (including end-terrace),121,52,15,37,69,69,0
S01012765,Flat maisonette or apartment or mobile/temporary accommodation,4,2,1,1,2,1,1
S01012766,All households,358,200,42,158,158,133,25
S01012766,Whole house or bungalow: Total,349,197,40,157,152,128,24
S01012766,Whole house or bungalow: Detached,63,58,8,50,5,3,2
S01012766,Whole house or bungalow: Semi-detached,78,49,9,40,29,25,4
S01012766,Whole house or bungalow: Terraced (including end-terrace),208,90,23,67,118,100,18
S01012766,Flat maisonette or apartment or mobile/temporary accommodation,9,3,2,1,6,5,1
S01012767,All households,228,217,103,114,11,6,5
S01012767,Whole house or bungalow: Total,225,215,103,112,10,5,5
S01012767,Whole house or bungalow: Detached,53,51,26,25,2,0,2
S01012767,Whole house or bungalow: Semi-detached,163,160,77,83,3,1,2
S01012767,Whole house or bungalow: Terraced (including end-terrace),9,4,0,4,5,4,1
S01012767,Flat maisonette or apartment or mobile/temporary accommodation,3,2,0,2,1,1,0
S01012768,All households,291,279,133,146,12,5,7
S01012768,Whole house or bungalow: Total,286,277,133,144,9,3,6
S01012768,Whole house or bungalow: Detached,82,79,46,33,3,1,2
S01012768,Whole house or bungalow: Semi-detached,195,191,84,107,4,0,4
S01012768,Whole house or bungalow: Terraced (including end-terrace),9,7,3,4,2,2,0
S01012768,Flat maisonette or apartment or mobile/temporary accommodation,5,2,0,2,3,2,1
S01012769,All households,152,142,45,97,10,1,9
S01012769,Whole house or bungalow: Total,141,134,42,92,7,1,6
S01012769,Whole house or bungalow: Detached,91,89,19,70,2,0,2
S01012769,Whole house or bungalow: Semi-detached,46,42,22,20,4,0,4
S01012769,Whole house or bungalow: Terraced (including end-terrace),4,3,1,2,1,1,0
S01012769,Flat maisonette or apartment or mobile/temporary accommodation,11,8,3,5,3,0,3
S01012770,All households,408,265,93,172,143,90,53
S01012770,Whole house or bungalow: Total,291,211,75,136,80,67,13
S01012770,Whole house or bungalow: Detached,58,50,15,35,8,5,3
S01012770,Whole house or bungalow: Semi-detached,70,47,18,29,23,18,5
S01012770,Whole house or bungalow: Terraced (including end-terrace),163,114,42,72,49,44,5
S01012770,Flat maisonette or apartment or mobile/temporary accommodation,117,54,18,36,63,23,40
S01012771,All households,357,249,96,153,108,81,27
S01012771,Whole house or bungalow: Total,169,147,55,92,22,13,9
S01012771,Whole house or bungalow: Detached,35,32,11,21,3,0,3
S01012771,Whole house or bungalow: Semi-detached,90,80,36,44,10,6,4
S01012771,Whole house or bungalow: Terraced (including end-terrace),44,35,8,27,9,7,2
S01012771,Flat maisonette or apartment or mobile/temporary accommodation,188,102,41,61,86,68,18
S01012772,All households,285,158,54,104,127,114,13
S01012772,Whole house or bungalow: Total,280,157,54,103,123,110,13
S01012772,Whole house or bungalow: Detached,12,8,3,5,4,4,0
S01012772,Whole house or bungalow: Semi-detached,40,18,5,13,22,19,3
S01012772,Whole house or bungalow: Terraced (including end-terrace),228,131,46,85,97,87,10
S01012772,Flat maisonette or apartment or mobile/temporary accommodation,5,1,0,1,4,4,0
S01012773,All households,391,277,105,172,114,89,25
S01012773,Whole house or bungalow: Total,361,261,100,161,100,87,13
S01012773,Whole house or bungalow: Detached,52,44,26,18,8,8,0
S01012773,Whole house or bungalow: Semi-detached,153,118,48,70,35,30,5
S01012773,Whole house or bungalow: Terraced (including end-terrace),156,99,26,73,57,49,8
S01012773,Flat maisonette or apartment or mobile/temporary accommodation,30,16,5,11,14,2,12
S01012774,All households,408,251,88,163,157,117,40
S01012774,Whole house or bungalow: Total,218,190,64,126,28,17,11
S01012774,Whole house or bungalow: Detached,34,30,7,23,4,1,3
S01012774,Whole house or bungalow: Semi-detached,115,101,41,60,14,10,4
S01012774,Whole house or bungalow: Terraced (including end-terrace),69,59,16,43,10,6,4
S01012774,Flat maisonette or apartment or mobile/temporary accommodation,190,61,24,37,129,100,29
S01012775,All households,211,137,61,76,74,48,26
S01012775,Whole house or bungalow: Total,145,119,57,62,26,20,6
S01012775,Whole house or bungalow: Detached,12,12,6,6,0,0,0
S01012775,Whole house or bungalow: Semi-detached,119,95,43,52,24,18,6
S01012775,Whole house or bungalow: Terraced (including end-terrace),14,12,8,4,2,2,0
S01012775,Flat maisonette or apartment or mobile/temporary accommodation,66,18,4,14,48,28,20
S01012776,All households,359,211,62,149,148,124,24
S01012776,Whole house or bungalow: Total,249,175,52,123,74,59,15
S01012776,Whole house or bungalow: Detached,3,3,1,2,0,0,0
S01012776,Whole house or bungalow: Semi-detached,68,50,18,32,18,13,5
S01012776,Whole house or bungalow: Terraced (including end-terrace),178,122,33,89,56,46,10
S01012776,Flat maisonette or apartment or mobile/temporary accommodation,110,36,10,26,74,65,9
S01012777,All households,365,297,40,257,68,40,28
S01012777,Whole house or bungalow: Total,306,272,33,239,34,19,15
S01012777,Whole house or bungalow: Detached,78,76,9,67,2,2,0
S01012777,Whole house or bungalow: Semi-detached,136,122,14,108,14,8,6
S01012777,Whole house or bungalow: Terraced (including end-terrace),92,74,10,64,18,9,9
S01012777,Flat maisonette or apartment or mobile/temporary accommodation,59,25,7,18,34,21,13
S01012778,All households,295,153,22,131,142,128,14
S01012778,Whole house or bungalow: Total,220,138,20,118,82,73,9
S01012778,Whole house or bungalow: Detached,17,9,3,6,8,6,2
S01012778,Whole house or bungalow: Semi-detached,130,91,10,81,39,32,7
S01012778,Whole house or bungalow: Terraced (including end-terrace),73,38,7,31,35,35,0
S01012778,Flat maisonette or apartment or mobile/temporary accommodation,75,15,2,13,60,55,5
S01012779,All households,200,102,12,90,98,82,16
S01012779,Whole house or bungalow: Total,91,60,8,52,31,24,7
S01012779,Whole house or bungalow: Detached,9,5,2,3,4,3,1
S01012779,Whole house or bungalow: Semi-detached,37,21,3,18,16,11,5
S01012779,Whole house or bungalow: Terraced (including end-terrace),45,34,3,31,11,10,1
S01012779,Flat maisonette or apartment or mobile/temporary accommodation,109,42,4,38,67,58,9
S01012780,All households,346,136,43,93,210,184,26
S01012780,Whole house or bungalow: Total,123,72,32,40,51,43,8
S01012780,Whole house or bungalow: Detached,16,11,5,6,5,4,1
S01012780,Whole house or bungalow: Semi-detached,68,39,19,20,29,24,5
S01012780,Whole house or bungalow: Terraced (including end-terrace),39,22,8,14,17,15,2
S01012780,Flat maisonette or apartment or mobile/temporary accommodation,223,64,11,53,159,141,18
S01012781,All households,300,237,90,147,63,35,28
S01012781,Whole house or bungalow: Total,242,215,85,130,27,9,18
S01012781,Whole house or bungalow: Detached,78,74,41,33,4,0,4
S01012781,Whole house or bungalow: Semi-detached,100,92,39,53,8,4,4
S01012781,Whole house or bungalow: Terraced (including end-terrace),64,49,5,44,15,5,10
S01012781,Flat maisonette or apartment or mobile/temporary accommodation,58,22,5,17,36,26,10
S01012782,All households,313,133,63,70,180,150,30
S01012782,Whole house or bungalow: Total,94,53,24,29,41,36,5
S01012782,Whole house or bungalow: Detached,6,5,3,2,1,0,1
S01012782,Whole house or bungalow: Semi-detached,74,42,19,23,32,29,3
S01012782,Whole house or bungalow: Terraced (including end-terrace),14,6,2,4,8,7,1
S01012782,Flat maisonette or apartment or mobile/temporary accommodation,219,80,39,41,139,114,25
S01012783,All households,322,159,47,112,163,137,26
S01012783,Whole house or bungalow: Total,127,77,26,51,50,44,6
S01012783,Whole house or bungalow: Detached,5,3,2,1,2,1,1
S01012783,Whole house or bungalow: Semi-detached,106,68,23,45,38,34,4
S01012783,Whole house or bungalow: Terraced (including end-terrace),16,6,1,5,10,9,1
S01012783,Flat maisonette or apartment or mobile/temporary accommodation,195,82,21,61,113,93,20
S01012784,All households,391,197,69,128,194,163,31
S01012784,Whole house or bungalow: Total,170,125,33,92,45,31,14
S01012784,Whole house or bungalow: Detached,16,12,1,11,4,3,1
S01012784,Whole house or bungalow: Semi-detached,73,57,20,37,16,11,5
S01012784,Whole house or bungalow: Terraced (including end-terrace),81,56,12,44,25,17,8
S01012784,Flat maisonette or apartment or mobile/temporary accommodation,221,72,36,36,149,132,17
S01012785,All households,388,143,57,86,245,214,31
S01012785,Whole house or bungalow: Total,71,41,18,23,30,26,4
S01012785,Whole house or bungalow: Detached,4,3,2,1,1,0,1
S01012785,Whole house or bungalow: Semi-detached,47,29,13,16,18,18,0
S01012785,Whole house or bungalow: Terraced (including end-terrace),20,9,3,6,11,8,3
S01012785,Flat maisonette or apartment or mobile/temporary accommodation,317,102,39,63,215,188,27
S01012786,All households,423,109,31,78,314,239,75
S01012786,Whole house or bungalow: Total,31,17,6,11,14,11,3
S01012786,Whole house or bungalow: Detached,5,2,0,2,3,2,1
S01012786,Whole house or bungalow: Semi-detached,13,5,3,2,8,6,2
S01012786,Whole house or bungalow: Terraced (including end-terrace),13,10,3,7,3,3,0
S01012786,Flat maisonette or apartment or mobile/temporary accommodation,392,92,25,67,300,228,72
S01012787,All households,250,173,26,147,77,47,30
S01012787,Whole house or bungalow: Total,141,122,12,110,19,10,9
S01012787,Whole house or bungalow: Detached,45,44,5,39,1,1,0
S01012787,Whole house or bungalow: Semi-detached,52,44,3,41,8,5,3
S01012787,Whole house or bungalow: Terraced (including end-terrace),44,34,4,30,10,4,6
S01012787,Flat maisonette or apartment or mobile/temporary accommodation,109,51,14,37,58,37,21
S01012788,All households,259,132,35,97,127,111,16
S01012788,Whole house or bungalow: Total,230,117,31,86,113,103,10
S01012788,Whole house or bungalow: Detached,22,11,3,8,11,9,2
S01012788,Whole house or bungalow: Semi-detached,159,79,19,60,80,75,5
S01012788,Whole house or bungalow: Terraced (including end-terrace),49,27,9,18,22,19,3
S01012788,Flat maisonette or apartment or mobile/temporary accommodation,29,15,4,11,14,8,6
S01012789,All households,325,241,92,149,84,68,16
S01012789,Whole house or bungalow: Total,250,214,84,130,36,27,9
S01012789,Whole house or bungalow: Detached,62,58,21,37,4,3,1
S01012789,Whole house or bungalow: Semi-detached,95,88,32,56,7,3,4
S01012789,Whole house or bungalow: Terraced (including end-terrace),93,68,31,37,25,21,4
S01012789,Flat maisonette or apartment or mobile/temporary accommodation,75,27,8,19,48,41,7
S01012790,All households,289,195,44,151,94,40,54
S01012790,Whole house or bungalow: Total,149,140,35,105,9,2,7
S01012790,Whole house or bungalow: Detached,98,96,27,69,2,1,1
S01012790,Whole house or bungalow: Semi-detached,22,19,8,11,3,0,3
S01012790,Whole house or bungalow: Terraced (including end-terrace),29,25,0,25,4,1,3
S01012790,Flat maisonette or apartment or mobile/temporary accommodation,140,55,9,46,85,38,47
S01012791,All households,324,283,170,113,41,17,24
S01012791,Whole house or bungalow: Total,234,216,127,89,18,8,10
S01012791,Whole house or bungalow: Detached,93,87,58,29,6,0,6
S01012791,Whole house or bungalow: Semi-detached,133,125,67,58,8,4,4
S01012791,Whole house or bungalow: Terraced (including end-terrace),8,4,2,2,4,4,0
S01012791,Flat maisonette or apartment or mobile/temporary accommodation,90,67,43,24,23,9,14
S01012792,All households,496,306,118,188,190,116,74
S01012792,Whole house or bungalow: Total,231,167,64,103,64,45,19
S01012792,Whole house or bungalow: Detached,14,12,6,6,2,2,0
S01012792,Whole house or bungalow: Semi-detached,107,76,32,44,31,25,6
S01012792,Whole house or bungalow: Terraced (including end-terrace),110,79,26,53,31,18,13
S01012792,Flat maisonette or apartment or mobile/temporary accommodation,265,139,54,85,126,71,55
S01012793,All households,363,142,59,83,221,162,59
S01012793,Whole house or bungalow: Total,95,67,33,34,28,24,4
S01012793,Whole house or bungalow: Detached,12,8,5,3,4,2,2
S01012793,Whole house or bungalow: Semi-detached,55,42,17,25,13,11,2
S01012793,Whole house or bungalow: Terraced (including end-terrace),28,17,11,6,11,11,0
S01012793,Flat maisonette or apartment or mobile/temporary accommodation,268,75,26,49,193,138,55
S01012794,All households,378,234,105,129,144,30,114
S01012794,Whole house or bungalow: Total,45,34,15,19,11,10,1
S01012794,Whole house or bungalow: Detached,3,3,2,1,0,0,0
S01012794,Whole house or bungalow: Semi-detached,27,20,9,11,7,6,1
S01012794,Whole house or bungalow: Terraced (including end-terrace),15,11,4,7,4,4,0
S01012794,Flat maisonette or apartment or mobile/temporary accommodation,333,200,90,110,133,20,113
S01012795,All households,439,189,58,131,250,232,18
S01012795,Whole house or bungalow: Total,330,159,48,111,171,158,13
S01012795,Whole house or bungalow: Detached,22,11,2,9,11,7,4
S01012795,Whole house or bungalow: Semi-detached,171,93,28,65,78,73,5
S01012795,Whole house or bungalow: Terraced (including end-terrace),137,55,18,37,82,78,4
S01012795,Flat maisonette or apartment or mobile/temporary accommodation,109,30,10,20,79,74,5
S01012796,All households,347,206,42,164,141,109,32
S01012796,Whole house or bungalow: Total,262,186,35,151,76,56,20
S01012796,Whole house or bungalow: Detached,21,17,1,16,4,2,2
S01012796,Whole house or bungalow: Semi-detached,138,98,21,77,40,27,13
S01012796,Whole house or bungalow: Terraced (including end-terrace),103,71,13,58,32,27,5
S01012796,Flat maisonette or apartment or mobile/temporary accommodation,85,20,7,13,65,53,12
S01012797,All households,276,150,40,110,126,106,20
S01012797,Whole house or bungalow: Total,258,140,38,102,118,101,17
S01012797,Whole house or bungalow: Detached,17,4,1,3,13,8,5
S01012797,Whole house or bungalow: Semi-detached,118,69,16,53,49,41,8
S01012797,Whole house or bungalow: Terraced (including end-terrace),123,67,21,46,56,52,4
S01012797,Flat maisonette or apartment or mobile/temporary accommodation,18,10,2,8,8,5,3
S01012798,All households,329,277,138,139,52,24,28
S01012798,Whole house or bungalow: Total,207,188,90,98,19,10,9
S01012798,Whole house or bungalow: Detached,139,134,68,66,5,1,4
S01012798,Whole house or bungalow: Semi-detached,49,40,15,25,9,5,4
S01012798,Whole house or bungalow: Terraced (including end-terrace),19,14,7,7,5,4,1
S01012798,Flat maisonette or apartment or mobile/temporary accommodation,122,89,48,41,33,14,19
S01012799,All households,393,309,166,143,84,35,49
S01012799,Whole house or bungalow: Total,214,201,103,98,13,5,8
S01012799,Whole house or bungalow: Detached,158,152,74,78,6,1,5
S01012799,Whole house or bungalow: Semi-detached,42,41,23,18,1,0,1
S01012799,Whole house or bungalow: Terraced (including end-terrace),14,8,6,2,6,4,2
S01012799,Flat maisonette or apartment or mobile/temporary accommodation,179,108,63,45,71,30,41
S01012800,All households,398,340,154,186,58,6,52
S01012800,Whole house or bungalow: Total,239,227,105,122,12,5,7
S01012800,Whole house or bungalow: Detached,194,187,86,101,7,0,7
S01012800,Whole house or bungalow: Semi-detached,30,28,13,15,2,2,0
S01012800,Whole house or bungalow: Terraced (including end-terrace),15,12,6,6,3,3,0
S01012800,Flat maisonette or apartment or mobile/temporary accommodation,159,113,49,64,46,1,45
S01012801,All households,252,193,135,58,59,5,54
S01012801,Whole house or bungalow: Total,47,40,20,20,7,4,3
S01012801,Whole house or bungalow: Detached,26,24,11,13,2,0,2
S01012801,Whole house or bungalow: Semi-detached,13,11,5,6,2,2,0
S01012801,Whole house or bungalow: Terraced (including end-terrace),8,5,4,1,3,2,1
S01012801,Flat maisonette or apartment or mobile/temporary accommodation,205,153,115,38,52,1,51
S01012802,All households,207,191,95,96,16,3,13
S01012802,Whole house or bungalow: Total,201,188,93,95,13,3,10
S01012802,Whole house or bungalow: Detached,190,180,91,89,10,0,10
S01012802,Whole house or bungalow: Semi-detached,8,7,1,6,1,1,0
S01012802,Whole house or bungalow: Terraced (including end-terrace),3,1,1,0,2,2,0
S01012802,Flat maisonette or apartment or mobile/temporary accommodation,6,3,2,1,3,0,3
S01012803,All households,262,247,116,131,15,5,10
S01012803,Whole house or bungalow: Total,257,244,114,130,13,5,8
S01012803,Whole house or bungalow: Detached,143,136,72,64,7,0,7
S01012803,Whole house or bungalow: Semi-detached,88,85,35,50,3,2,1
S01012803,Whole house or bungalow: Terraced (including end-terrace),26,23,7,16,3,3,0
S01012803,Flat maisonette or apartment or mobile/temporary accommodation,5,3,2,1,2,0,2
S01012804,All households,351,191,71,120,160,126,34
S01012804,Whole house or bungalow: Total,343,187,69,118,156,124,32
S01012804,Whole house or bungalow: Detached,49,28,17,11,21,17,4
S01012804,Whole house or bungalow: Semi-detached,113,76,31,45,37,30,7
S01012804,Whole house or bungalow: Terraced (including end-terrace),181,83,21,62,98,77,21
S01012804,Flat maisonette or apartment or mobile/temporary accommodation,8,4,2,2,4,2,2
S01012805,All households,383,263,101,162,120,94,26
S01012805,Whole house or bungalow: Total,363,253,98,155,110,89,21
S01012805,Whole house or bungalow: Detached,16,15,8,7,1,1,0
S01012805,Whole house or bungalow: Semi-detached,127,92,44,48,35,23,12
S01012805,Whole house or bungalow: Terraced (including end-terrace),220,146,46,100,74,65,9
S01012805,Flat maisonette or apartment or mobile/temporary accommodation,20,10,3,7,10,5,5
S01012806,All households,299,213,73,140,86,67,19
S01012806,Whole house or bungalow: Total,282,204,69,135,78,64,14
S01012806,Whole house or bungalow: Detached,82,79,21,58,3,1,2
S01012806,Whole house or bungalow: Semi-detached,29,12,4,8,17,16,1
S01012806,Whole house or bungalow: Terraced (including end-terrace),171,113,44,69,58,47,11
S01012806,Flat maisonette or apartment or mobile/temporary accommodation,17,9,4,5,8,3,5
S01012807,All households,218,197,96,101,21,1,20
S01012807,Whole house or bungalow: Total,176,169,75,94,7,1,6
S01012807,Whole house or bungalow: Detached,168,162,73,89,6,0,6
S01012807,Whole house or bungalow: Semi-detached,5,4,0,4,1,1,0
S01012807,Whole house or bungalow: Terraced (including end-terrace),3,3,2,1,0,0,0
S01012807,Flat maisonette or apartment or mobile/temporary accommodation,42,28,21,7,14,0,14
S01012808,All households,475,362,170,192,113,56,57
S01012808,Whole house or bungalow: Total,321,288,126,162,33,20,13
S01012808,Whole house or bungalow: Detached,170,167,66,101,3,0,3
S01012808,Whole house or bungalow: Semi-detached,40,33,17,16,7,7,0
S01012808,Whole house or bungalow: Terraced (including end-terrace),111,88,43,45,23,13,10
S01012808,Flat maisonette or apartment or mobile/temporary accommodation,154,74,44,30,80,36,44
S01012809,All households,337,202,86,116,135,21,114
S01012809,Whole house or bungalow: Total,112,103,53,50,9,3,6
S01012809,Whole house or bungalow: Detached,70,69,35,34,1,1,0
S01012809,Whole house or bungalow: Semi-detached,30,25,18,7,5,2,3
S01012809,Whole house or bungalow: Terraced (including end-terrace),12,9,0,9,3,0,3
S01012809,Flat maisonette or apartment or mobile/temporary accommodation,225,99,33,66,126,18,108
S01012810,All households,481,187,79,108,294,251,43
S01012810,Whole house or bungalow: Total,139,85,32,53,54,47,7
S01012810,Whole house or bungalow: Detached,47,43,21,22,4,3,1
S01012810,Whole house or bungalow: Semi-detached,31,13,4,9,18,14,4
S01012810,Whole house or bungalow: Terraced (including end-terrace),61,29,7,22,32,30,2
S01012810,Flat maisonette or apartment or mobile/temporary accommodation,342,102,47,55,240,204,36
S01012811,All households,348,266,134,132,82,62,20
S01012811,Whole house or bungalow: Total,308,239,124,115,69,58,11
S01012811,Whole house or bungalow: Detached,51,48,28,20,3,1,2
S01012811,Whole house or bungalow: Semi-detached,40,31,18,13,9,8,1
S01012811,Whole house or bungalow: Terraced (including end-terrace),217,160,78,82,57,49,8
S01012811,Flat maisonette or apartment or mobile/temporary accommodation,40,27,10,17,13,4,9
S01012812,All households,285,228,76,152,57,34,23
S01012812,Whole house or bungalow: Total,220,193,64,129,27,14,13
S01012812,Whole house or bungalow: Detached,61,61,26,35,0,0,0
S01012812,Whole house or bungalow: Semi-detached,31,20,4,16,11,5,6
S01012812,Whole house or bungalow: Terraced (including end-terrace),128,112,34,78,16,9,7
S01012812,Flat maisonette or apartment or mobile/temporary accommodation,65,35,12,23,30,20,10
S01012813,All households,372,353,188,165,19,4,15
S01012813,Whole house or bungalow: Total,330,322,180,142,8,1,7
S01012813,Whole house or bungalow: Detached,202,202,118,84,0,0,0
S01012813,Whole house or bungalow: Semi-detached,82,77,46,31,5,1,4
S01012813,Whole house or bungalow: Terraced (including end-terrace),46,43,16,27,3,0,3
S01012813,Flat maisonette or apartment or mobile/temporary accommodation,42,31,8,23,11,3,8
S01012814,All households,333,305,65,240,28,6,22
S01012814,Whole house or bungalow: Total,318,299,64,235,19,1,18
S01012814,Whole house or bungalow: Detached,132,129,26,103,3,0,3
S01012814,Whole house or bungalow: Semi-detached,140,130,34,96,10,0,10
S01012814,Whole house or bungalow: Terraced (including end-terrace),46,40,4,36,6,1,5
S01012814,Flat maisonette or apartment or mobile/temporary accommodation,15,6,1,5,9,5,4
S01012815,All households,320,249,33,216,71,13,58
S01012815,Whole house or bungalow: Total,255,238,30,208,17,5,12
S01012815,Whole house or bungalow: Detached,198,190,25,165,8,0,8
S01012815,Whole house or bungalow: Semi-detached,49,43,3,40,6,4,2
S01012815,Whole house or bungalow: Terraced (including end-terrace),8,5,2,3,3,1,2
S01012815,Flat maisonette or apartment or mobile/temporary accommodation,65,11,3,8,54,8,46
S01012816,All households,229,179,30,149,50,13,37
S01012816,Whole house or bungalow: Total,189,162,27,135,27,9,18
S01012816,Whole house or bungalow: Detached,56,47,4,43,9,2,7
S01012816,Whole house or bungalow: Semi-detached,70,60,8,52,10,3,7
S01012816,Whole house or bungalow: Terraced (including end-terrace),63,55,15,40,8,4,4
S01012816,Flat maisonette or apartment or mobile/temporary accommodation,40,17,3,14,23,4,19
S01012817,All households,175,163,18,145,12,6,6
S01012817,Whole house or bungalow: Total,173,161,18,143,12,6,6
S01012817,Whole house or bungalow: Detached,150,142,15,127,8,5,3
S01012817,Whole house or bungalow: Semi-detached,21,17,2,15,4,1,3
S01012817,Whole house or bungalow: Terraced (including end-terrace),2,2,1,1,0,0,0
S01012817,Flat maisonette or apartment or mobile/temporary accommodation,2,2,0,2,0,0,0
S01012818,All households,271,247,57,190,24,8,16
S01012818,Whole house or bungalow: Total,260,243,57,186,17,6,11
S01012818,Whole house or bungalow: Detached,180,173,34,139,7,1,6
S01012818,Whole house or bungalow: Semi-detached,21,17,5,12,4,1,3
S01012818,Whole house or bungalow: Terraced (including end-terrace),59,53,18,35,6,4,2
S01012818,Flat maisonette or apartment or mobile/temporary accommodation,11,4,0,4,7,2,5
S01012819,All households,365,192,73,119,173,146,27
S01012819,Whole house or bungalow: Total,155,113,38,75,42,30,12
S01012819,Whole house or bungalow: Detached,16,13,4,9,3,2,1
S01012819,Whole house or bungalow: Semi-detached,19,6,4,2,13,8,5
S01012819,Whole house or bungalow: Terraced (including end-terrace),120,94,30,64,26,20,6
S01012819,Flat maisonette or apartment or mobile/temporary accommodation,210,79,35,44,131,116,15
S01012820,All households,370,324,58,266,46,26,20
S01012820,Whole house or bungalow: Total,352,315,56,259,37,18,19
S01012820,Whole house or bungalow: Detached,196,188,34,154,8,1,7
S01012820,Whole house or bungalow: Semi-detached,71,63,9,54,8,1,7
S01012820,Whole house or bungalow: Terraced (including end-terrace),85,64,13,51,21,16,5
S01012820,Flat maisonette or apartment or mobile/temporary accommodation,18,9,2,7,9,8,1
S01012821,All households,263,225,18,207,38,10,28
S01012821,Whole house or bungalow: Total,239,208,16,192,31,8,23
S01012821,Whole house or bungalow: Detached,172,153,15,138,19,5,14
S01012821,Whole house or bungalow: Semi-detached,53,44,1,43,9,1,8
S01012821,Whole house or bungalow: Terraced (including end-terrace),14,11,0,11,3,2,1
S01012821,Flat maisonette or apartment or mobile/temporary accommodation,24,17,2,15,7,2,5
S01012822,All households,256,79,28,51,177,133,44
S01012822,Whole house or bungalow: Total,36,21,10,11,15,8,7
S01012822,Whole house or bungalow: Detached,13,12,8,4,1,1,0
S01012822,Whole house or bungalow: Semi-detached,12,6,1,5,6,4,2
S01012822,Whole house or bungalow: Terraced (including end-terrace),11,3,1,2,8,3,5
S01012822,Flat maisonette or apartment or mobile/temporary accommodation,220,58,18,40,162,125,37
S01012823,All households,285,265,37,228,20,3,17
S01012823,Whole house or bungalow: Total,273,257,35,222,16,1,15
S01012823,Whole house or bungalow: Detached,96,93,14,79,3,0,3
S01012823,Whole house or bungalow: Semi-detached,149,137,13,124,12,1,11
S01012823,Whole house or bungalow: Terraced (including end-terrace),28,27,8,19,1,0,1
S01012823,Flat maisonette or apartment or mobile/temporary accommodation,12,8,2,6,4,2,2
S01012824,All households,273,220,50,170,53,34,19
S01012824,Whole house or bungalow: Total,217,185,48,137,32,20,12
S01012824,Whole house or bungalow: Detached,48,47,2,45,1,0,1
S01012824,Whole house or bungalow: Semi-detached,35,27,8,19,8,8,0
S01012824,Whole house or bungalow: Terraced (including end-terrace),134,111,38,73,23,12,11
S01012824,Flat maisonette or apartment or mobile/temporary accommodation,56,35,2,33,21,14,7
S01012825,All households,269,122,45,77,147,112,35
S01012825,Whole house or bungalow: Total,108,84,31,53,24,12,12
S01012825,Whole house or bungalow: Detached,35,31,19,12,4,3,1
S01012825,Whole house or bungalow: Semi-detached,48,39,11,28,9,4,5
S01012825,Whole house or bungalow: Terraced (including end-terrace),25,14,1,13,11,5,6
S01012825,Flat maisonette or apartment or mobile/temporary accommodation,161,38,14,24,123,100,23
S01012826,All households,231,55,6,49,176,163,13
S01012826,Whole house or bungalow: Total,174,50,3,47,124,121,3
S01012826,Whole house or bungalow: Detached,19,10,2,8,9,9,0
S01012826,Whole house or bungalow: Semi-detached,136,35,0,35,101,98,3
S01012826,Whole house or bungalow: Terraced (including end-terrace),19,5,1,4,14,14,0
S01012826,Flat maisonette or apartment or mobile/temporary accommodation,57,5,3,2,52,42,10
S01012827,All households,233,202,20,182,31,12,19
S01012827,Whole house or bungalow: Total,204,189,15,174,15,6,9
S01012827,Whole house or bungalow: Detached,132,125,12,113,7,1,6
S01012827,Whole house or bungalow: Semi-detached,68,61,3,58,7,4,3
S01012827,Whole house or bungalow: Terraced (including end-terrace),4,3,0,3,1,1,0
S01012827,Flat maisonette or apartment or mobile/temporary accommodation,29,13,5,8,16,6,10
S01012828,All households,254,228,38,190,26,2,24
S01012828,Whole house or bungalow: Total,207,200,31,169,7,1,6
S01012828,Whole house or bungalow: Detached,92,91,7,84,1,0,1
S01012828,Whole house or bungalow: Semi-detached,27,23,5,18,4,1,3
S01012828,Whole house or bungalow: Terraced (including end-terrace),88,86,19,67,2,0,2
S01012828,Flat maisonette or apartment or mobile/temporary accommodation,47,28,7,21,19,1,18
S01012829,All households,362,175,53,122,187,161,26
S01012829,Whole house or bungalow: Total,235,128,38,90,107,89,18
S01012829,Whole house or bungalow: Detached,21,15,4,11,6,5,1
S01012829,Whole house or bungalow: Semi-detached,117,59,20,39,58,52,6
S01012829,Whole house or bungalow: Terraced (including end-terrace),97,54,14,40,43,32,11
S01012829,Flat maisonette or apartment or mobile/temporary accommodation,127,47,15,32,80,72,8
S01012830,All households,313,188,70,118,125,105,20
S01012830,Whole house or bungalow: Total,183,132,49,83,51,46,5
S01012830,Whole house or bungalow: Detached,66,54,13,41,12,9,3
S01012830,Whole house or bungalow: Semi-detached,110,76,36,40,34,33,1
S01012830,Whole house or bungalow: Terraced (including end-terrace),7,2,0,2,5,4,1
S01012830,Flat maisonette or apartment or mobile/temporary accommodation,130,56,21,35,74,59,15
S01012831,All households,333,182,85,97,151,133,18
S01012831,Whole house or bungalow: Total,214,152,75,77,62,51,11
S01012831,Whole house or bungalow: Detached,16,12,9,3,4,2,2
S01012831,Whole house or bungalow: Semi-detached,180,131,62,69,49,40,9
S01012831,Whole house or bungalow: Terraced (including end-terrace),18,9,4,5,9,9,0
S01012831,Flat maisonette or apartment or mobile/temporary accommodation,119,30,10,20,89,82,7
S01012832,All households,215,138,47,91,77,68,9
S01012832,Whole house or bungalow: Total,204,132,47,85,72,63,9
S01012832,Whole house or bungalow: Detached,24,19,8,11,5,4,1
S01012832,Whole house or bungalow: Semi-detached,111,80,26,54,31,27,4
S01012832,Whole house or bungalow: Terraced (including end-terrace),69,33,13,20,36,32,4
S01012832,Flat maisonette or apartment or mobile/temporary accommodation,11,6,0,6,5,5,0
S01012833,All households,319,146,62,84,173,159,14
S01012833,Whole house or bungalow: Total,272,136,59,77,136,126,10
S01012833,Whole house or bungalow: Detached,13,6,5,1,7,4,3
S01012833,Whole house or bungalow: Semi-detached,128,53,18,35,75,74,1
S01012833,Whole house or bungalow: Terraced (including end-terrace),131,77,36,41,54,48,6
S01012833,Flat maisonette or apartment or mobile/temporary accommodation,47,10,3,7,37,33,4
S01012834,All households,289,175,74,101,114,97,17
S01012834,Whole house or bungalow: Total,162,123,56,67,39,35,4
S01012834,Whole house or bungalow: Detached,32,31,13,18,1,1,0
S01012834,Whole house or bungalow: Semi-detached,106,72,34,38,34,30,4
S01012834,Whole house or bungalow: Terraced (including end-terrace),24,20,9,11,4,4,0
S01012834,Flat maisonette or apartment or mobile/temporary accommodation,127,52,18,34,75,62,13
S01012835,All households,403,271,105,166,132,91,41
S01012835,Whole house or bungalow: Total,224,183,77,106,41,26,15
S01012835,Whole house or bungalow: Detached,28,24,14,10,4,3,1
S01012835,Whole house or bungalow: Semi-detached,140,114,51,63,26,19,7
S01012835,Whole house or bungalow: Terraced (including end-terrace),56,45,12,33,11,4,7
S01012835,Flat maisonette or apartment or mobile/temporary accommodation,179,88,28,60,91,65,26
S01012836,All households,220,203,26,177,17,10,7
S01012836,Whole house or bungalow: Total,214,200,25,175,14,9,5
S01012836,Whole house or bungalow: Detached,158,155,18,137,3,1,2
S01012836,Whole house or bungalow: Semi-detached,25,22,4,18,3,1,2
S01012836,Whole house or bungalow: Terraced (including end-terrace),31,23,3,20,8,7,1
S01012836,Flat maisonette or apartment or mobile/temporary accommodation,6,3,1,2,3,1,2
S01012837,All households,414,48,14,34,366,355,11
S01012837,Whole house or bungalow: Total,106,29,10,19,77,69,8
S01012837,Whole house or bungalow: Detached,7,2,0,2,5,4,1
S01012837,Whole house or bungalow: Semi-detached,40,12,3,9,28,25,3
S01012837,Whole house or bungalow: Terraced (including end-terrace),59,15,7,8,44,40,4
S01012837,Flat maisonette or apartment or mobile/temporary accommodation,308,19,4,15,289,286,3
S01012838,All households,528,42,9,33,486,466,20
S01012838,Whole house or bungalow: Total,85,23,8,15,62,59,3
S01012838,Whole house or bungalow: Detached,7,4,1,3,3,2,1
S01012838,Whole house or bungalow: Semi-detached,49,17,6,11,32,31,1
S01012838,Whole house or bungalow: Terraced (including end-terrace),29,2,1,1,27,26,1
S01012838,Flat maisonette or apartment or mobile/temporary accommodation,443,19,1,18,424,407,17
S01012839,All households,300,283,97,186,17,9,8
S01012839,Whole house or bungalow: Total,225,221,91,130,4,3,1
S01012839,Whole house or bungalow: Detached,43,43,21,22,0,0,0
S01012839,Whole house or bungalow: Semi-detached,132,130,57,73,2,1,1
S01012839,Whole house or bungalow: Terraced (including end-terrace),50,48,13,35,2,2,0
S01012839,Flat maisonette or apartment or mobile/temporary accommodation,75,62,6,56,13,6,7
S01012840,All households,285,251,51,200,34,10,24
S01012840,Whole house or bungalow: Total,234,226,47,179,8,3,5
S01012840,Whole house or bungalow: Detached,182,177,30,147,5,0,5
S01012840,Whole house or bungalow: Semi-detached,44,42,12,30,2,2,0
S01012840,Whole house or bungalow: Terraced (including end-terrace),8,7,5,2,1,1,0
S01012840,Flat maisonette or apartment or mobile/temporary accommodation,51,25,4,21,26,7,19
S01012841,All households,253,225,95,130,28,16,12
S01012841,Whole house or bungalow: Total,199,189,79,110,10,3,7
S01012841,Whole house or bungalow: Detached,49,46,21,25,3,2,1
S01012841,Whole house or bungalow: Semi-detached,130,125,50,75,5,0,5
S01012841,Whole house or bungalow: Terraced (including end-terrace),20,18,8,10,2,1,1
S01012841,Flat maisonette or apartment or mobile/temporary accommodation,54,36,16,20,18,13,5
S01012842,All households,198,180,66,114,18,7,11
S01012842,Whole house or bungalow: Total,169,158,62,96,11,3,8
S01012842,Whole house or bungalow: Detached,34,32,18,14,2,1,1
S01012842,Whole house or bungalow: Semi-detached,64,59,30,29,5,1,4
S01012842,Whole house or bungalow: Terraced (including end-terrace),71,67,14,53,4,1,3
S01012842,Flat maisonette or apartment or mobile/temporary accommodation,29,22,4,18,7,4,3
S01012843,All households,381,359,172,187,22,9,13
S01012843,Whole house or bungalow: Total,325,315,154,161,10,3,7
S01012843,Whole house or bungalow: Detached,94,92,46,46,2,0,2
S01012843,Whole house or bungalow: Semi-detached,222,216,107,109,6,1,5
S01012843,Whole house or bungalow: Terraced (including end-terrace),9,7,1,6,2,2,0
S01012843,Flat maisonette or apartment or mobile/temporary accommodation,56,44,18,26,12,6,6
S01012844,All households,249,235,104,131,14,7,7
S01012844,Whole house or bungalow: Total,218,211,95,116,7,3,4
S01012844,Whole house or bungalow: Detached,56,52,21,31,4,1,3
S01012844,Whole house or bungalow: Semi-detached,156,154,73,81,2,1,1
S01012844,Whole house or bungalow: Terraced (including end-terrace),6,5,1,4,1,1,0
S01012844,Flat maisonette or apartment or mobile/temporary accommodation,31,24,9,15,7,4,3
S01012845,All households,281,235,107,128,46,21,25
S01012845,Whole house or bungalow: Total,191,178,77,101,13,7,6
S01012845,Whole house or bungalow: Detached,58,55,21,34,3,1,2
S01012845,Whole house or bungalow: Semi-detached,97,90,40,50,7,3,4
S01012845,Whole house or bungalow: Terraced (including end-terrace),36,33,16,17,3,3,0
S01012845,Flat maisonette or apartment or mobile/temporary accommodation,90,57,30,27,33,14,19
S01012846,All households,543,218,99,119,325,243,82
S01012846,Whole house or bungalow: Total,94,87,38,49,7,4,3
S01012846,Whole house or bungalow: Detached,16,15,4,11,1,0,1
S01012846,Whole house or bungalow: Semi-detached,70,68,32,36,2,1,1
S01012846,Whole house or bungalow: Terraced (including end-terrace),8,4,2,2,4,3,1
S01012846,Flat maisonette or apartment or mobile/temporary accommodation,449,131,61,70,318,239,79
S01012847,All households,249,171,62,109,78,62,16
S01012847,Whole house or bungalow: Total,158,148,52,96,10,4,6
S01012847,Whole house or bungalow: Detached,42,40,16,24,2,1,1
S01012847,Whole house or bungalow: Semi-detached,107,102,32,70,5,0,5
S01012847,Whole house or bungalow: Terraced (including end-terrace),9,6,4,2,3,3,0
S01012847,Flat maisonette or apartment or mobile/temporary accommodation,91,23,10,13,68,58,10
S01012848,All households,283,238,81,157,45,14,31
S01012848,Whole house or bungalow: Total,233,203,58,145,30,10,20
S01012848,Whole house or bungalow: Detached,58,49,14,35,9,1,8
S01012848,Whole house or bungalow: Semi-detached,139,123,40,83,16,7,9
S01012848,Whole house or bungalow: Terraced (including end-terrace),36,31,4,27,5,2,3
S01012848,Flat maisonette or apartment or mobile/temporary accommodation,50,35,23,12,15,4,11
S01012849,All households,345,157,62,95,188,76,112
S01012849,Whole house or bungalow: Total,132,96,43,53,36,23,13
S01012849,Whole house or bungalow: Detached,25,21,4,17,4,3,1
S01012849,Whole house or bungalow: Semi-detached,61,43,21,22,18,11,7
S01012849,Whole house or bungalow: Terraced (including end-terrace),46,32,18,14,14,9,5
S01012849,Flat maisonette or apartment or mobile/temporary accommodation,213,61,19,42,152,53,99
S01012850,All households,339,240,103,137,99,90,9
S01012850,Whole house or bungalow: Total,227,171,76,95,56,53,3
S01012850,Whole house or bungalow: Detached,3,2,2,0,1,1,0
S01012850,Whole house or bungalow: Semi-detached,92,67,32,35,25,24,1
S01012850,Whole house or bungalow: Terraced (including end-terrace),132,102,42,60,30,28,2
S01012850,Flat maisonette or apartment or mobile/temporary accommodation,112,69,27,42,43,37,6
S01012851,All households,374,301,142,159,73,64,9
S01012851,Whole house or bungalow: Total,304,249,119,130,55,51,4
S01012851,Whole house or bungalow: Detached,55,51,26,25,4,4,0
S01012851,Whole house or bungalow: Semi-detached,124,108,56,52,16,14,2
S01012851,Whole house or bungalow: Terraced (including end-terrace),125,90,37,53,35,33,2
S01012851,Flat maisonette or apartment or mobile/temporary accommodation,70,52,23,29,18,13,5
S01012852,All households,298,276,153,123,22,7,15
S01012852,Whole house or bungalow: Total,221,206,120,86,15,5,10
S01012852,Whole house or bungalow: Detached,31,30,19,11,1,1,0
S01012852,Whole house or bungalow: Semi-detached,155,144,83,61,11,2,9
S01012852,Whole house or bungalow: Terraced (including end-terrace),35,32,18,14,3,2,1
S01012852,Flat maisonette or apartment or mobile/temporary accommodation,77,70,33,37,7,2,5
S01012853,All households,338,321,195,126,17,3,14
S01012853,Whole house or bungalow: Total,323,311,188,123,12,2,10
S01012853,Whole house or bungalow: Detached,16,16,12,4,0,0,0
S01012853,Whole house or bungalow: Semi-detached,278,269,162,107,9,0,9
S01012853,Whole house or bungalow: Terraced (including end-terrace),29,26,14,12,3,2,1
S01012853,Flat maisonette or apartment or mobile/temporary accommodation,15,10,7,3,5,1,4
S01012854,All households,374,341,123,218,33,2,31
S01012854,Whole house or bungalow: Total,121,112,47,65,9,2,7
S01012854,Whole house or bungalow: Detached,6,5,3,2,1,0,1
S01012854,Whole house or bungalow: Semi-detached,59,54,21,33,5,0,5
S01012854,Whole house or bungalow: Terraced (including end-terrace),56,53,23,30,3,2,1
S01012854,Flat maisonette or apartment or mobile/temporary accommodation,253,229,76,153,24,0,24
S01012855,All households,284,223,66,157,61,7,54
S01012855,Whole house or bungalow: Total,121,112,32,80,9,0,9
S01012855,Whole house or bungalow: Detached,8,6,2,4,2,0,2
S01012855,Whole house or bungalow: Semi-detached,76,72,21,51,4,0,4
S01012855,Whole house or bungalow: Terraced (including end-terrace),37,34,9,25,3,0,3
S01012855,Flat maisonette or apartment or mobile/temporary accommodation,163,111,34,77,52,7,45
S01012856,All households,414,230,96,134,184,124,60
S01012856,Whole house or bungalow: Total,92,67,26,41,25,23,2
S01012856,Whole house or bungalow: Detached,9,7,1,6,2,1,1
S01012856,Whole house or bungalow: Semi-detached,39,32,12,20,7,7,0
S01012856,Whole house or bungalow: Terraced (including end-terrace),44,28,13,15,16,15,1
S01012856,Flat maisonette or apartment or mobile/temporary accommodation,322,163,70,93,159,101,58
S01012857,All households,472,254,134,120,218,174,44
S01012857,Whole house or bungalow: Total,130,95,55,40,35,29,6
S01012857,Whole house or bungalow: Detached,6,4,3,1,2,1,1
S01012857,Whole house or bungalow: Semi-detached,87,66,34,32,21,17,4
S01012857,Whole house or bungalow: Terraced (including end-terrace),37,25,18,7,12,11,1
S01012857,Flat maisonette or apartment or mobile/temporary accommodation,342,159,79,80,183,145,38
S01012858,All households,422,177,44,133,245,201,44
S01012858,Whole house or bungalow: Total,77,57,20,37,20,13,7
S01012858,Whole house or bungalow: Detached,4,3,1,2,1,1,0
S01012858,Whole house or bungalow: Semi-detached,41,31,10,21,10,9,1
S01012858,Whole house or bungalow: Terraced (including end-terrace),32,23,9,14,9,3,6
S01012858,Flat maisonette or apartment or mobile/temporary accommodation,345,120,24,96,225,188,37
S01012859,All households,530,338,85,253,192,95,97
S01012859,Whole house or bungalow: Total,142,129,16,113,13,6,7
S01012859,Whole house or bungalow: Detached,19,18,2,16,1,0,1
S01012859,Whole house or bungalow: Semi-detached,63,59,5,54,4,1,3
S01012859,Whole house or bungalow: Terraced (including end-terrace),60,52,9,43,8,5,3
S01012859,Flat maisonette or apartment or mobile/temporary accommodation,388,209,69,140,179,89,90
S01012860,All households,382,320,165,155,62,20,42
S01012860,Whole house or bungalow: Total,191,177,64,113,14,10,4
S01012860,Whole house or bungalow: Detached,39,38,13,25,1,0,1
S01012860,Whole house or bungalow: Semi-detached,75,69,24,45,6,5,1
S01012860,Whole house or bungalow: Terraced (including end-terrace),77,70,27,43,7,5,2
S01012860,Flat maisonette or apartment or mobile/temporary accommodation,191,143,101,42,48,10,38
S01012861,All households,322,281,127,154,41,13,28
S01012861,Whole house or bungalow: Total,153,145,68,77,8,5,3
S01012861,Whole house or bungalow: Detached,25,24,10,14,1,0,1
S01012861,Whole house or bungalow: Semi-detached,53,52,25,27,1,1,0
S01012861,Whole house or bungalow: Terraced (including end-terrace),75,69,33,36,6,4,2
S01012861,Flat maisonette or apartment or mobile/temporary accommodation,169,136,59,77,33,8,25
S01012862,All households,369,134,45,89,235,187,48
S01012862,Whole house or bungalow: Total,27,20,6,14,7,5,2
S01012862,Whole house or bungalow: Detached,3,1,0,1,2,1,1
S01012862,Whole house or bungalow: Semi-detached,8,6,2,4,2,2,0
S01012862,Whole house or bungalow: Terraced (including end-terrace),16,13,4,9,3,2,1
S01012862,Flat maisonette or apartment or mobile/temporary accommodation,342,114,39,75,228,182,46
S01012863,All households,424,121,35,86,303,232,71
S01012863,Whole house or bungalow: Total,31,20,8,12,11,6,5
S01012863,Whole house or bungalow: Detached,4,4,2,2,0,0,0
S01012863,Whole house or bungalow: Semi-detached,9,7,1,6,2,1,1
S01012863,Whole house or bungalow: Terraced (including end-terrace),18,9,5,4,9,5,4
S01012863,Flat maisonette or apartment or mobile/temporary accommodation,393,101,27,74,292,226,66
S01012864,All households,469,173,54,119,296,222,74
S01012864,Whole house or bungalow: Total,20,10,2,8,10,10,0
S01012864,Whole house or bungalow: Detached,5,5,0,5,0,0,0
S01012864,Whole house or bungalow: Semi-detached,2,2,1,1,0,0,0
S01012864,Whole house or bungalow: Terraced (including end-terrace),13,3,1,2,10,10,0
S01012864,Flat maisonette or apartment or mobile/temporary accommodation,449,163,52,111,286,212,74
S01012865,All households,390,252,112,140,138,113,25
S01012865,Whole house or bungalow: Total,166,138,57,81,28,21,7
S01012865,Whole house or bungalow: Detached,8,8,5,3,0,0,0
S01012865,Whole house or bungalow: Semi-detached,84,68,28,40,16,11,5
S01012865,Whole house or bungalow: Terraced (including end-terrace),74,62,24,38,12,10,2
S01012865,Flat maisonette or apartment or mobile/temporary accommodation,224,114,55,59,110,92,18
S01012866,All households,374,259,77,182,115,81,34
S01012866,Whole house or bungalow: Total,146,117,41,76,29,21,8
S01012866,Whole house or bungalow: Detached,15,12,8,4,3,2,1
S01012866,Whole house or bungalow: Semi-detached,64,58,16,42,6,5,1
S01012866,Whole house or bungalow: Terraced (including end-terrace),67,47,17,30,20,14,6
S01012866,Flat maisonette or apartment or mobile/temporary accommodation,228,142,36,106,86,60,26
S01012867,All households,396,186,80,106,210,186,24
S01012867,Whole house or bungalow: Total,124,84,30,54,40,37,3
S01012867,Whole house or bungalow: Detached,1,0,0,0,1,1,0
S01012867,Whole house or bungalow: Semi-detached,59,37,8,29,22,20,2
S01012867,Whole house or bungalow: Terraced (including end-terrace),64,47,22,25,17,16,1
S01012867,Flat maisonette or apartment or mobile/temporary accommodation,272,102,50,52,170,149,21
S01012868,All households,321,174,77,97,147,96,51
S01012868,Whole house or bungalow: Total,32,21,8,13,11,10,1
S01012868,Whole house or bungalow: Detached,2,0,0,0,2,2,0
S01012868,Whole house or bungalow: Semi-detached,23,15,7,8,8,8,0
S01012868,Whole house or bungalow: Terraced (including end-terrace),7,6,1,5,1,0,1
S01012868,Flat maisonette or apartment or mobile/temporary accommodation,289,153,69,84,136,86,50
S01012869,All households,257,64,25,39,193,177,16
S01012869,Whole house or bungalow: Total,87,27,10,17,60,57,3
S01012869,Whole house or bungalow: Detached,5,3,1,2,2,2,0
S01012869,Whole house or bungalow: Semi-detached,46,16,5,11,30,27,3
S01012869,Whole house or bungalow: Terraced (including end-terrace),36,8,4,4,28,28,0
S01012869,Flat maisonette or apartment or mobile/temporary accommodation,170,37,15,22,133,120,13
S01012870,All households,450,353,162,191,97,74,23
S01012870,Whole house or bungalow: Total,355,314,146,168,41,27,14
S01012870,Whole house or bungalow: Detached,45,43,19,24,2,1,1
S01012870,Whole house or bungalow: Semi-detached,114,105,58,47,9,6,3
S01012870,Whole house or bungalow: Terraced (including end-terrace),196,166,69,97,30,20,10
S01012870,Flat maisonette or apartment or mobile/temporary accommodation,95,39,16,23,56,47,9
S01012871,All households,384,326,156,170,58,13,45
S01012871,Whole house or bungalow: Total,180,169,94,75,11,4,7
S01012871,Whole house or bungalow: Detached,12,12,8,4,0,0,0
S01012871,Whole house or bungalow: Semi-detached,162,155,85,70,7,2,5
S01012871,Whole house or bungalow: Terraced (including end-terrace),6,2,1,1,4,2,2
S01012871,Flat maisonette or apartment or mobile/temporary accommodation,204,157,62,95,47,9,38
S01012872,All households,318,242,91,151,76,7,69
S01012872,Whole house or bungalow: Total,36,25,7,18,11,2,9
S01012872,Whole house or bungalow: Detached,5,3,0,3,2,0,2
S01012872,Whole house or bungalow: Semi-detached,21,13,6,7,8,1,7
S01012872,Whole house or bungalow: Terraced (including end-terrace),10,9,1,8,1,1,0
S01012872,Flat maisonette or apartment or mobile/temporary accommodation,282,217,84,133,65,5,60
S01012873,All households,338,266,84,182,72,15,57
S01012873,Whole house or bungalow: Total,111,93,31,62,18,9,9
S01012873,Whole house or bungalow: Detached,11,11,3,8,0,0,0
S01012873,Whole house or bungalow: Semi-detached,77,64,23,41,13,6,7
S01012873,Whole house or bungalow: Terraced (including end-terrace),23,18,5,13,5,3,2
S01012873,Flat maisonette or apartment or mobile/temporary accommodation,227,173,53,120,54,6,48
S01012874,All households,383,206,81,125,177,146,31
S01012874,Whole house or bungalow: Total,191,156,65,91,35,31,4
S01012874,Whole house or bungalow: Detached,19,18,7,11,1,1,0
S01012874,Whole house or bungalow: Semi-detached,63,53,23,30,10,8,2
S01012874,Whole house or bungalow: Terraced (including end-terrace),109,85,35,50,24,22,2
S01012874,Flat maisonette or apartment or mobile/temporary accommodation,192,50,16,34,142,115,27
S01012875,All households,277,153,57,96,124,93,31
S01012875,Whole house or bungalow: Total,136,93,36,57,43,38,5
S01012875,Whole house or bungalow: Detached,6,4,3,1,2,2,0
S01012875,Whole house or bungalow: Semi-detached,37,28,8,20,9,9,0
S01012875,Whole house or bungalow: Terraced (including end-terrace),93,61,25,36,32,27,5
S01012875,Flat maisonette or apartment or mobile/temporary accommodation,141,60,21,39,81,55,26
S01012876,All households,371,213,76,137,158,141,17
S01012876,Whole house or bungalow: Total,214,149,55,94,65,63,2
S01012876,Whole house or bungalow: Detached,6,4,1,3,2,2,0
S01012876,Whole house or bungalow: Semi-detached,80,54,20,34,26,25,1
S01012876,Whole house or bungalow: Terraced (including end-terrace),128,91,34,57,37,36,1
S01012876,Flat maisonette or apartment or mobile/temporary accommodation,157,64,21,43,93,78,15
S01012877,All households,331,251,102,149,80,73,7
S01012877,Whole house or bungalow: Total,269,202,81,121,67,62,5
S01012877,Whole house or bungalow: Detached,6,6,4,2,0,0,0
S01012877,Whole house or bungalow: Semi-detached,98,75,34,41,23,22,1
S01012877,Whole house or bungalow: Terraced (including end-terrace),165,121,43,78,44,40,4
S01012877,Flat maisonette or apartment or mobile/temporary accommodation,62,49,21,28,13,11,2
S01012878,All households,373,338,136,202,35,8,27
S01012878,Whole house or bungalow: Total,303,287,125,162,16,3,13
S01012878,Whole house or bungalow: Detached,91,84,38,46,7,1,6
S01012878,Whole house or bungalow: Semi-detached,185,178,81,97,7,0,7
S01012878,Whole house or bungalow: Terraced (including end-terrace),27,25,6,19,2,2,0
S01012878,Flat maisonette or apartment or mobile/temporary accommodation,70,51,11,40,19,5,14
S01012879,All households,323,274,133,141,49,12,37
S01012879,Whole house or bungalow: Total,201,191,88,103,10,5,5
S01012879,Whole house or bungalow: Detached,12,11,4,7,1,0,1
S01012879,Whole house or bungalow: Semi-detached,134,131,66,65,3,1,2
S01012879,Whole house or bungalow: Terraced (including end-terrace),55,49,18,31,6,4,2
S01012879,Flat maisonette or apartment or mobile/temporary accommodation,122,83,45,38,39,7,32
S01012880,All households,374,349,184,165,25,9,16
S01012880,Whole house or bungalow: Total,295,282,145,137,13,7,6
S01012880,Whole house or bungalow: Detached,40,38,16,22,2,0,2
S01012880,Whole house or bungalow: Semi-detached,203,195,105,90,8,5,3
S01012880,Whole house or bungalow: Terraced (including end-terrace),52,49,24,25,3,2,1
S01012880,Flat maisonette or apartment or mobile/temporary accommodation,79,67,39,28,12,2,10
S01012881,All households,406,356,220,136,50,30,20
S01012881,Whole house or bungalow: Total,245,228,139,89,17,10,7
S01012881,Whole house or bungalow: Detached,59,58,34,24,1,0,1
S01012881,Whole house or bungalow: Semi-detached,127,121,80,41,6,2,4
S01012881,Whole house or bungalow: Terraced (including end-terrace),59,49,25,24,10,8,2
S01012881,Flat maisonette or apartment or mobile/temporary accommodation,161,128,81,47,33,20,13
S01012882,All households,287,137,68,69,150,133,17
S01012882,Whole house or bungalow: Total,107,87,49,38,20,19,1
S01012882,Whole house or bungalow: Detached,7,5,2,3,2,2,0
S01012882,Whole house or bungalow: Semi-detached,81,76,42,34,5,4,1
S01012882,Whole house or bungalow: Terraced (including end-terrace),19,6,5,1,13,13,0
S01012882,Flat maisonette or apartment or mobile/temporary accommodation,180,50,19,31,130,114,16
S01012883,All households,378,125,57,68,253,244,9
S01012883,Whole house or bungalow: Total,100,69,40,29,31,29,2
S01012883,Whole house or bungalow: Detached,15,14,8,6,1,0,1
S01012883,Whole house or bungalow: Semi-detached,51,37,23,14,14,14,0
S01012883,Whole house or bungalow: Terraced (including end-terrace),34,18,9,9,16,15,1
S01012883,Flat maisonette or apartment or mobile/temporary accommodation,278,56,17,39,222,215,7
S01012884,All households,285,113,43,70,172,153,19
S01012884,Whole house or bungalow: Total,90,78,29,49,12,10,2
S01012884,Whole house or bungalow: Detached,14,13,7,6,1,0,1
S01012884,Whole house or bungalow: Semi-detached,59,53,20,33,6,6,0
S01012884,Whole house or bungalow: Terraced (including end-terrace),17,12,2,10,5,4,1
S01012884,Flat maisonette or apartment or mobile/temporary accommodation,195,35,14,21,160,143,17
S01012885,All households,270,99,45,54,171,132,39
S01012885,Whole house or bungalow: Total,73,44,22,22,29,27,2
S01012885,Whole house or bungalow: Detached,3,2,1,1,1,1,0
S01012885,Whole house or bungalow: Semi-detached,6,3,1,2,3,2,1
S01012885,Whole house or bungalow: Terraced (including end-terrace),64,39,20,19,25,24,1
S01012885,Flat maisonette or apartment or mobile/temporary accommodation,197,55,23,32,142,105,37
S01012886,All households,315,279,121,158,36,14,22
S01012886,Whole house or bungalow: Total,272,249,115,134,23,9,14
S01012886,Whole house or bungalow: Detached,53,49,17,32,4,0,4
S01012886,Whole house or bungalow: Semi-detached,167,157,78,79,10,5,5
S01012886,Whole house or bungalow: Terraced (including end-terrace),52,43,20,23,9,4,5
S01012886,Flat maisonette or apartment or mobile/temporary accommodation,43,30,6,24,13,5,8
S01012887,All households,352,331,170,161,21,10,11
S01012887,Whole house or bungalow: Total,227,220,110,110,7,4,3
S01012887,Whole house or bungalow: Detached,92,91,56,35,1,0,1
S01012887,Whole house or bungalow: Semi-detached,82,81,42,39,1,0,1
S01012887,Whole house or bungalow: Terraced (including end-terrace),53,48,12,36,5,4,1
S01012887,Flat maisonette or apartment or mobile/temporary accommodation,125,111,60,51,14,6,8
S01012888,All households,333,302,163,139,31,19,12
S01012888,Whole house or bungalow: Total,289,267,142,125,22,15,7
S01012888,Whole house or bungalow: Detached,86,85,56,29,1,1,0
S01012888,Whole house or bungalow: Semi-detached,175,165,79,86,10,3,7
S01012888,Whole house or bungalow: Terraced (including end-terrace),28,17,7,10,11,11,0
S01012888,Flat maisonette or apartment or mobile/temporary accommodation,44,35,21,14,9,4,5
S01012889,All households,342,277,51,226,65,43,22
S01012889,Whole house or bungalow: Total,316,262,48,214,54,40,14
S01012889,Whole house or bungalow: Detached,185,178,29,149,7,1,6
S01012889,Whole house or bungalow: Semi-detached,47,39,6,33,8,7,1
S01012889,Whole house or bungalow: Terraced (including end-terrace),84,45,13,32,39,32,7
S01012889,Flat maisonette or apartment or mobile/temporary accommodation,26,15,3,12,11,3,8
S01012890,All households,300,144,42,102,156,139,17
S01012890,Whole house or bungalow: Total,217,119,35,84,98,89,9
S01012890,Whole house or bungalow: Detached,36,31,6,25,5,3,2
S01012890,Whole house or bungalow: Semi-detached,55,24,6,18,31,29,2
S01012890,Whole house or bungalow: Terraced (including end-terrace),126,64,23,41,62,57,5
S01012890,Flat maisonette or apartment or mobile/temporary accommodation,83,25,7,18,58,50,8
S01012891,All households,255,168,65,103,87,79,8
S01012891,Whole house or bungalow: Total,203,144,55,89,59,53,6
S01012891,Whole house or bungalow: Detached,21,21,14,7,0,0,0
S01012891,Whole house or bungalow: Semi-detached,51,30,14,16,21,19,2
S01012891,Whole house or bungalow: Terraced (including end-terrace),131,93,27,66,38,34,4
S01012891,Flat maisonette or apartment or mobile/temporary accommodation,52,24,10,14,28,26,2
S01012892,All households,566,267,117,150,299,269,30
S01012892,Whole house or bungalow: Total,322,206,91,115,116,105,11
S01012892,Whole house or bungalow: Detached,9,6,2,4,3,1,2
S01012892,Whole house or bungalow: Semi-detached,76,50,23,27,26,22,4
S01012892,Whole house or bungalow: Terraced (including end-terrace),237,150,66,84,87,82,5
S01012892,Flat maisonette or apartment or mobile/temporary accommodation,244,61,26,35,183,164,19
S01012893,All households,369,188,91,97,181,169,12
S01012893,Whole house or bungalow: Total,129,100,41,59,29,26,3
S01012893,Whole house or bungalow: Detached,5,3,3,0,2,1,1
S01012893,Whole house or bungalow: Semi-detached,32,26,6,20,6,5,1
S01012893,Whole house or bungalow: Terraced (including end-terrace),92,71,32,39,21,20,1
S01012893,Flat maisonette or apartment or mobile/temporary accommodation,240,88,50,38,152,143,9
S01012894,All households,311,210,50,160,101,85,16
S01012894,Whole house or bungalow: Total,265,195,46,149,70,63,7
S01012894,Whole house or bungalow: Detached,134,127,30,97,7,3,4
S01012894,Whole house or bungalow: Semi-detached,94,52,12,40,42,40,2
S01012894,Whole house or bungalow: Terraced (including end-terrace),37,16,4,12,21,20,1
S01012894,Flat maisonette or apartment or mobile/temporary accommodation,46,15,4,11,31,22,9
S01012895,All households,197,166,50,116,31,19,12
S01012895,Whole house or bungalow: Total,173,158,49,109,15,7,8
S01012895,Whole house or bungalow: Detached,109,103,41,62,6,1,5
S01012895,Whole house or bungalow: Semi-detached,49,44,8,36,5,3,2
S01012895,Whole house or bungalow: Terraced (including end-terrace),15,11,0,11,4,3,1
S01012895,Flat maisonette or apartment or mobile/temporary accommodation,24,8,1,7,16,12,4
S01012896,All households,482,194,95,99,288,272,16
S01012896,Whole house or bungalow: Total,132,114,52,62,18,14,4
S01012896,Whole house or bungalow: Detached,2,2,0,2,0,0,0
S01012896,Whole house or bungalow: Semi-detached,11,10,6,4,1,1,0
S01012896,Whole house or bungalow: Terraced (including end-terrace),119,102,46,56,17,13,4
S01012896,Flat maisonette or apartment or mobile/temporary accommodation,350,80,43,37,270,258,12
S01012897,All households,248,217,82,135,31,6,25
S01012897,Whole house or bungalow: Total,242,217,82,135,25,4,21
S01012897,Whole house or bungalow: Detached,71,62,34,28,9,0,9
S01012897,Whole house or bungalow: Semi-detached,139,128,41,87,11,2,9
S01012897,Whole house or bungalow: Terraced (including end-terrace),32,27,7,20,5,2,3
S01012897,Flat maisonette or apartment or mobile/temporary accommodation,6,0,0,0,6,2,4
S01012898,All households,177,161,18,143,16,4,12
S01012898,Whole house or bungalow: Total,175,160,18,142,15,4,11
S01012898,Whole house or bungalow: Detached,159,147,16,131,12,1,11
S01012898,Whole house or bungalow: Semi-detached,11,9,1,8,2,2,0
S01012898,Whole house or bungalow: Terraced (including end-terrace),5,4,1,3,1,1,0
S01012898,Flat maisonette or apartment or mobile/temporary accommodation,2,1,0,1,1,0,1
S01012899,All households,317,99,41,58,218,201,17
S01012899,Whole house or bungalow: Total,68,64,15,49,4,3,1
S01012899,Whole house or bungalow: Detached,2,2,1,1,0,0,0
S01012899,Whole house or bungalow: Semi-detached,2,2,0,2,0,0,0
S01012899,Whole house or bungalow: Terraced (including end-terrace),64,60,14,46,4,3,1
S01012899,Flat maisonette or apartment or mobile/temporary accommodation,249,35,26,9,214,198,16
S01012900,All households,226,181,89,92,45,10,35
S01012900,Whole house or bungalow: Total,204,169,84,85,35,8,27
S01012900,Whole house or bungalow: Detached,101,86,43,43,15,1,14
S01012900,Whole house or bungalow: Semi-detached,44,33,19,14,11,1,10
S01012900,Whole house or bungalow: Terraced (including end-terrace),59,50,22,28,9,6,3
S01012900,Flat maisonette or apartment or mobile/temporary accommodation,22,12,5,7,10,2,8
S01012901,All households,336,246,95,151,90,39,51
S01012901,Whole house or bungalow: Total,194,163,69,94,31,15,16
S01012901,Whole house or bungalow: Detached,3,2,0,2,1,0,1
S01012901,Whole house or bungalow: Semi-detached,8,5,2,3,3,1,2
S01012901,Whole house or bungalow: Terraced (including end-terrace),183,156,67,89,27,14,13
S01012901,Flat maisonette or apartment or mobile/temporary accommodation,142,83,26,57,59,24,35
S01012902,All households,359,250,91,159,109,69,40
S01012902,Whole house or bungalow: Total,214,193,78,115,21,12,9
S01012902,Whole house or bungalow: Detached,13,13,6,7,0,0,0
S01012902,Whole house or bungalow: Semi-detached,30,26,5,21,4,2,2
S01012902,Whole house or bungalow: Terraced (including end-terrace),171,154,67,87,17,10,7
S01012902,Flat maisonette or apartment or mobile/temporary accommodation,145,57,13,44,88,57,31
S01012903,All households,400,282,109,173,118,70,48
S01012903,Whole house or bungalow: Total,229,199,94,105,30,25,5
S01012903,Whole house or bungalow: Detached,3,3,0,3,0,0,0
S01012903,Whole house or bungalow: Semi-detached,9,7,1,6,2,2,0
S01012903,Whole house or bungalow: Terraced (including end-terrace),217,189,93,96,28,23,5
S01012903,Flat maisonette or apartment or mobile/temporary accommodation,171,83,15,68,88,45,43
S01012904,All households,371,252,92,160,119,70,49
S01012904,Whole house or bungalow: Total,206,168,69,99,38,25,13
S01012904,Whole house or bungalow: Detached,6,6,3,3,0,0,0
S01012904,Whole house or bungalow: Semi-detached,9,5,2,3,4,2,2
S01012904,Whole house or bungalow: Terraced (including end-terrace),191,157,64,93,34,23,11
S01012904,Flat maisonette or apartment or mobile/temporary accommodation,165,84,23,61,81,45,36
S01012905,All households,272,120,50,70,152,119,33
S01012905,Whole house or bungalow: Total,196,88,39,49,108,100,8
S01012905,Whole house or bungalow: Detached,5,2,1,1,3,2,1
S01012905,Whole house or bungalow: Semi-detached,32,7,3,4,25,25,0
S01012905,Whole house or bungalow: Terraced (including end-terrace),159,79,35,44,80,73,7
S01012905,Flat maisonette or apartment or mobile/temporary accommodation,76,32,11,21,44,19,25
S01012906,All households,482,347,107,240,135,73,62
S01012906,Whole house or bungalow: Total,262,228,73,155,34,15,19
S01012906,Whole house or bungalow: Detached,19,18,4,14,1,0,1
S01012906,Whole house or bungalow: Semi-detached,31,29,8,21,2,1,1
S01012906,Whole house or bungalow: Terraced (including end-terrace),212,181,61,120,31,14,17
S01012906,Flat maisonette or apartment or mobile/temporary accommodation,220,119,34,85,101,58,43
S01012907,All households,449,304,131,173,145,97,48
S01012907,Whole house or bungalow: Total,282,227,102,125,55,35,20
S01012907,Whole house or bungalow: Detached,5,2,0,2,3,2,1
S01012907,Whole house or bungalow: Semi-detached,52,39,14,25,13,10,3
S01012907,Whole house or bungalow: Terraced (including end-terrace),225,186,88,98,39,23,16
S01012907,Flat maisonette or apartment or mobile/temporary accommodation,167,77,29,48,90,62,28
S01012908,All households,355,241,109,132,114,83,31
S01012908,Whole house or bungalow: Total,203,168,77,91,35,24,11
S01012908,Whole house or bungalow: Detached,2,2,2,0,0,0,0
S01012908,Whole house or bungalow: Semi-detached,19,17,12,5,2,2,0
S01012908,Whole house or bungalow: Terraced (including end-terrace),182,149,63,86,33,22,11
S01012908,Flat maisonette or apartment or mobile/temporary accommodation,152,73,32,41,79,59,20
S01012909,All households,331,199,72,127,132,84,48
S01012909,Whole house or bungalow: Total,202,136,51,85,66,55,11
S01012909,Whole house or bungalow: Detached,6,4,2,2,2,2,0
S01012909,Whole house or bungalow: Semi-detached,39,29,14,15,10,9,1
S01012909,Whole house or bungalow: Terraced (including end-terrace),157,103,35,68,54,44,10
S01012909,Flat maisonette or apartment or mobile/temporary accommodation,129,63,21,42,66,29,37
S01012910,All households,485,209,95,114,276,245,31
S01012910,Whole house or bungalow: Total,183,153,64,89,30,17,13
S01012910,Whole house or bungalow: Detached,5,4,1,3,1,1,0
S01012910,Whole house or bungalow: Semi-detached,23,17,8,9,6,4,2
S01012910,Whole house or bungalow: Terraced (including end-terrace),155,132,55,77,23,12,11
S01012910,Flat maisonette or apartment or mobile/temporary accommodation,302,56,31,25,246,228,18
S01012911,All households,340,270,136,134,70,37,33
S01012911,Whole house or bungalow: Total,235,213,108,105,22,10,12
S01012911,Whole house or bungalow: Detached,22,21,12,9,1,0,1
S01012911,Whole house or bungalow: Semi-detached,73,66,32,34,7,3,4
S01012911,Whole house or bungalow: Terraced (including end-terrace),140,126,64,62,14,7,7
S01012911,Flat maisonette or apartment or mobile/temporary accommodation,105,57,28,29,48,27,21
S01012912,All households,339,229,120,109,110,77,33
S01012912,Whole house or bungalow: Total,198,166,92,74,32,29,3
S01012912,Whole house or bungalow: Detached,3,2,1,1,1,1,0
S01012912,Whole house or bungalow: Semi-detached,46,35,20,15,11,10,1
S01012912,Whole house or bungalow: Terraced (including end-terrace),149,129,71,58,20,18,2
S01012912,Flat maisonette or apartment or mobile/temporary accommodation,141,63,28,35,78,48,30
S01012913,All households,417,311,148,163,106,67,39
S01012913,Whole house or bungalow: Total,266,218,110,108,48,33,15
S01012913,Whole house or bungalow: Detached,8,7,3,4,1,0,1
S01012913,Whole house or bungalow: Semi-detached,71,61,34,27,10,10,0
S01012913,Whole house or bungalow: Terraced (including end-terrace),187,150,73,77,37,23,14
S01012913,Flat maisonette or apartment or mobile/temporary accommodation,151,93,38,55,58,34,24
S01012914,All households,410,263,97,166,147,68,79
S01012914,Whole house or bungalow: Total,226,172,73,99,54,30,24
S01012914,Whole house or bungalow: Detached,21,19,8,11,2,0,2
S01012914,Whole house or bungalow: Semi-detached,49,35,17,18,14,7,7
S01012914,Whole house or bungalow: Terraced (including end-terrace),156,118,48,70,38,23,15
S01012914,Flat maisonette or apartment or mobile/temporary accommodation,184,91,24,67,93,38,55
S01012915,All households,447,308,75,233,139,86,53
S01012915,Whole house or bungalow: Total,278,233,58,175,45,32,13
S01012915,Whole house or bungalow: Detached,110,103,17,86,7,3,4
S01012915,Whole house or bungalow: Semi-detached,109,86,26,60,23,16,7
S01012915,Whole house or bungalow: Terraced (including end-terrace),59,44,15,29,15,13,2
S01012915,Flat maisonette or apartment or mobile/temporary accommodation,169,75,17,58,94,54,40
S01012916,All households,331,224,109,115,107,76,31
S01012916,Whole house or bungalow: Total,190,149,79,70,41,38,3
S01012916,Whole house or bungalow: Detached,21,18,15,3,3,3,0
S01012916,Whole house or bungalow: Semi-detached,40,33,18,15,7,6,1
S01012916,Whole house or bungalow: Terraced (including end-terrace),129,98,46,52,31,29,2
S01012916,Flat maisonette or apartment or mobile/temporary accommodation,141,75,30,45,66,38,28
S01012917,All households,270,247,120,127,23,10,13
S01012917,Whole house or bungalow: Total,260,241,115,126,19,9,10
S01012917,Whole house or bungalow: Detached,38,38,15,23,0,0,0
S01012917,Whole house or bungalow: Semi-detached,38,38,20,18,0,0,0
S01012917,Whole house or bungalow: Terraced (including end-terrace),184,165,80,85,19,9,10
S01012917,Flat maisonette or apartment or mobile/temporary accommodation,10,6,5,1,4,1,3
S01012918,All households,255,170,79,91,85,35,50
S01012918,Whole house or bungalow: Total,111,97,52,45,14,13,1
S01012918,Whole house or bungalow: Detached,0,0,0,0,0,0,0
S01012918,Whole house or bungalow: Semi-detached,2,2,1,1,0,0,0
S01012918,Whole house or bungalow: Terraced (including end-terrace),109,95,51,44,14,13,1
S01012918,Flat maisonette or apartment or mobile/temporary accommodation,144,73,27,46,71,22,49
S01012919,All households,229,178,99,79,51,33,18
S01012919,Whole house or bungalow: Total,160,137,77,60,23,16,7
S01012919,Whole house or bungalow: Detached,4,4,2,2,0,0,0
S01012919,Whole house or bungalow: Semi-detached,5,2,2,0,3,1,2
S01012919,Whole house or bungalow: Terraced (including end-terrace),151,131,73,58,20,15,5
S01012919,Flat maisonette or apartment or mobile/temporary accommodation,69,41,22,19,28,17,11
S01012920,All households,258,248,141,107,10,2,8
S01012920,Whole house or bungalow: Total,185,179,102,77,6,0,6
S01012920,Whole house or bungalow: Detached,91,90,60,30,1,0,1
S01012920,Whole house or bungalow: Semi-detached,61,59,35,24,2,0,2
S01012920,Whole house or bungalow: Terraced (including end-terrace),33,30,7,23,3,0,3
S01012920,Flat maisonette or apartment or mobile/temporary accommodation,73,69,39,30,4,2,2
S01012921,All households,338,253,96,157,85,43,42
S01012921,Whole house or bungalow: Total,194,166,67,99,28,18,10
S01012921,Whole house or bungalow: Detached,4,3,0,3,1,1,0
S01012921,Whole house or bungalow: Semi-detached,14,14,3,11,0,0,0
S01012921,Whole house or bungalow: Terraced (including end-terrace),176,149,64,85,27,17,10
S01012921,Flat maisonette or apartment or mobile/temporary accommodation,144,87,29,58,57,25,32
S01012922,All households,437,328,107,221,109,60,49
S01012922,Whole house or bungalow: Total,307,253,86,167,54,40,14
S01012922,Whole house or bungalow: Detached,38,36,1,35,2,1,1
S01012922,Whole house or bungalow: Semi-detached,52,37,11,26,15,15,0
S01012922,Whole house or bungalow: Terraced (including end-terrace),217,180,74,106,37,24,13
S01012922,Flat maisonette or apartment or mobile/temporary accommodation,130,75,21,54,55,20,35
S01012923,All households,306,239,96,143,67,31,36
S01012923,Whole house or bungalow: Total,207,190,82,108,17,10,7
S01012923,Whole house or bungalow: Detached,6,4,0,4,2,0,2
S01012923,Whole house or bungalow: Semi-detached,7,6,1,5,1,1,0
S01012923,Whole house or bungalow: Terraced (including end-terrace),194,180,81,99,14,9,5
S01012923,Flat maisonette or apartment or mobile/temporary accommodation,99,49,14,35,50,21,29
S01012924,All households,243,169,55,114,74,31,43
S01012924,Whole house or bungalow: Total,143,124,52,72,19,10,9
S01012924,Whole house or bungalow: Detached,3,3,2,1,0,0,0
S01012924,Whole house or bungalow: Semi-detached,5,2,1,1,3,2,1
S01012924,Whole house or bungalow: Terraced (including end-terrace),135,119,49,70,16,8,8
S01012924,Flat maisonette or apartment or mobile/temporary accommodation,100,45,3,42,55,21,34
S01012925,All households,194,169,76,93,25,8,17
S01012925,Whole house or bungalow: Total,144,143,66,77,1,1,0
S01012925,Whole house or bungalow: Detached,50,50,26,24,0,0,0
S01012925,Whole house or bungalow: Semi-detached,63,63,30,33,0,0,0
S01012925,Whole house or bungalow: Terraced (including end-terrace),31,30,10,20,1,1,0
S01012925,Flat maisonette or apartment or mobile/temporary accommodation,50,26,10,16,24,7,17
S01012926,All households,333,247,113,134,86,37,49
S01012926,Whole house or bungalow: Total,184,167,80,87,17,12,5
S01012926,Whole house or bungalow: Detached,22,20,14,6,2,1,1
S01012926,Whole house or bungalow: Semi-detached,20,17,8,9,3,3,0
S01012926,Whole house or bungalow: Terraced (including end-terrace),142,130,58,72,12,8,4
S01012926,Flat maisonette or apartment or mobile/temporary accommodation,149,80,33,47,69,25,44
S01012927,All households,339,251,103,148,88,44,44
S01012927,Whole house or bungalow: Total,226,199,88,111,27,17,10
S01012927,Whole house or bungalow: Detached,5,5,3,2,0,0,0
S01012927,Whole house or bungalow: Semi-detached,8,7,4,3,1,1,0
S01012927,Whole house or bungalow: Terraced (including end-terrace),213,187,81,106,26,16,10
S01012927,Flat maisonette or apartment or mobile/temporary accommodation,113,52,15,37,61,27,34
S01012928,All households,353,301,143,158,52,22,30
S01012928,Whole house or bungalow: Total,235,220,88,132,15,5,10
S01012928,Whole house or bungalow: Detached,69,67,28,39,2,0,2
S01012928,Whole house or bungalow: Semi-detached,13,12,6,6,1,1,0
S01012928,Whole house or bungalow: Terraced (including end-terrace),153,141,54,87,12,4,8
S01012928,Flat maisonette or apartment or mobile/temporary accommodation,118,81,55,26,37,17,20
S01012929,All households,340,287,141,146,53,27,26
S01012929,Whole house or bungalow: Total,253,230,117,113,23,11,12
S01012929,Whole house or bungalow: Detached,29,26,17,9,3,1,2
S01012929,Whole house or bungalow: Semi-detached,24,19,14,5,5,3,2
S01012929,Whole house or bungalow: Terraced (including end-terrace),200,185,86,99,15,7,8
S01012929,Flat maisonette or apartment or mobile/temporary accommodation,87,57,24,33,30,16,14
S01012930,All households,512,282,146,136,230,125,105
S01012930,Whole house or bungalow: Total,151,89,42,47,62,54,8
S01012930,Whole house or bungalow: Detached,24,21,9,12,3,2,1
S01012930,Whole house or bungalow: Semi-detached,85,55,29,26,30,27,3
S01012930,Whole house or bungalow: Terraced (including end-terrace),42,13,4,9,29,25,4
S01012930,Flat maisonette or apartment or mobile/temporary accommodation,361,193,104,89,168,71,97
S01012931,All households,435,277,112,165,158,95,63
S01012931,Whole house or bungalow: Total,201,159,60,99,42,30,12
S01012931,Whole house or bungalow: Detached,28,24,7,17,4,2,2
S01012931,Whole house or bungalow: Semi-detached,79,60,23,37,19,14,5
S01012931,Whole house or bungalow: Terraced (including end-terrace),94,75,30,45,19,14,5
S01012931,Flat maisonette or apartment or mobile/temporary accommodation,234,118,52,66,116,65,51
S01012932,All households,211,174,78,96,37,24,13
S01012932,Whole house or bungalow: Total,171,150,65,85,21,17,4
S01012932,Whole house or bungalow: Detached,66,65,28,37,1,0,1
S01012932,Whole house or bungalow: Semi-detached,61,55,25,30,6,5,1
S01012932,Whole house or bungalow: Terraced (including end-terrace),44,30,12,18,14,12,2
S01012932,Flat maisonette or apartment or mobile/temporary accommodation,40,24,13,11,16,7,9
S01012933,All households,352,265,110,155,87,61,26
S01012933,Whole house or bungalow: Total,288,235,94,141,53,41,12
S01012933,Whole house or bungalow: Detached,34,30,13,17,4,0,4
S01012933,Whole house or bungalow: Semi-detached,163,135,55,80,28,24,4
S01012933,Whole house or bungalow: Terraced (including end-terrace),91,70,26,44,21,17,4
S01012933,Flat maisonette or apartment or mobile/temporary accommodation,64,30,16,14,34,20,14
S01012934,All households,360,235,110,125,125,75,50
S01012934,Whole house or bungalow: Total,184,154,67,87,30,22,8
S01012934,Whole house or bungalow: Detached,28,27,14,13,1,0,1
S01012934,Whole house or bungalow: Semi-detached,118,97,41,56,21,17,4
S01012934,Whole house or bungalow: Terraced (including end-terrace),38,30,12,18,8,5,3
S01012934,Flat maisonette or apartment or mobile/temporary accommodation,176,81,43,38,95,53,42
S01012935,All households,363,280,130,150,83,57,26
S01012935,Whole house or bungalow: Total,319,266,126,140,53,42,11
S01012935,Whole house or bungalow: Detached,16,15,4,11,1,1,0
S01012935,Whole house or bungalow: Semi-detached,118,100,52,48,18,11,7
S01012935,Whole house or bungalow: Terraced (including end-terrace),185,151,70,81,34,30,4
S01012935,Flat maisonette or apartment or mobile/temporary accommodation,44,14,4,10,30,15,15
S01012936,All households,351,240,98,142,111,66,45
S01012936,Whole house or bungalow: Total,139,107,44,63,32,23,9
S01012936,Whole house or bungalow: Detached,37,34,12,22,3,0,3
S01012936,Whole house or bungalow: Semi-detached,38,25,10,15,13,11,2
S01012936,Whole house or bungalow: Terraced (including end-terrace),64,48,22,26,16,12,4
S01012936,Flat maisonette or apartment or mobile/temporary accommodation,212,133,54,79,79,43,36
S01012937,All households,314,226,83,143,88,49,39
S01012937,Whole house or bungalow: Total,172,143,48,95,29,21,8
S01012937,Whole house or bungalow: Detached,43,42,7,35,1,1,0
S01012937,Whole house or bungalow: Semi-detached,24,20,6,14,4,4,0
S01012937,Whole house or bungalow: Terraced (including end-terrace),105,81,35,46,24,16,8
S01012937,Flat maisonette or apartment or mobile/temporary accommodation,142,83,35,48,59,28,31
S01012938,All households,307,254,121,133,53,40,13
S01012938,Whole house or bungalow: Total,259,223,101,122,36,30,6
S01012938,Whole house or bungalow: Detached,187,184,89,95,3,0,3
S01012938,Whole house or bungalow: Semi-detached,61,31,10,21,30,27,3
S01012938,Whole house or bungalow: Terraced (including end-terrace),11,8,2,6,3,3,0
S01012938,Flat maisonette or apartment or mobile/temporary accommodation,48,31,20,11,17,10,7
S01012939,All households,216,205,73,132,11,3,8
S01012939,Whole house or bungalow: Total,212,204,72,132,8,1,7
S01012939,Whole house or bungalow: Detached,164,160,70,90,4,0,4
S01012939,Whole house or bungalow: Semi-detached,44,43,2,41,1,0,1
S01012939,Whole house or bungalow: Terraced (including end-terrace),4,1,0,1,3,1,2
S01012939,Flat maisonette or apartment or mobile/temporary accommodation,4,1,1,0,3,2,1
S01012940,All households,268,252,87,165,16,2,14
S01012940,Whole house or bungalow: Total,219,212,72,140,7,1,6
S01012940,Whole house or bungalow: Detached,137,134,45,89,3,0,3
S01012940,Whole house or bungalow: Semi-detached,76,73,25,48,3,0,3
S01012940,Whole house or bungalow: Terraced (including end-terrace),6,5,2,3,1,1,0
S01012940,Flat maisonette or apartment or mobile/temporary accommodation,49,40,15,25,9,1,8
S01012941,All households,257,249,92,157,8,3,5
S01012941,Whole house or bungalow: Total,252,245,92,153,7,2,5
S01012941,Whole house or bungalow: Detached,229,224,87,137,5,0,5
S01012941,Whole house or bungalow: Semi-detached,20,18,5,13,2,2,0
S01012941,Whole house or bungalow: Terraced (including end-terrace),3,3,0,3,0,0,0
S01012941,Flat maisonette or apartment or mobile/temporary accommodation,5,4,0,4,1,1,0
S01012942,All households,364,204,67,137,160,111,49
S01012942,Whole house or bungalow: Total,222,152,53,99,70,57,13
S01012942,Whole house or bungalow: Detached,4,3,2,1,1,1,0
S01012942,Whole house or bungalow: Semi-detached,24,14,5,9,10,9,1
S01012942,Whole house or bungalow: Terraced (including end-terrace),194,135,46,89,59,47,12
S01012942,Flat maisonette or apartment or mobile/temporary accommodation,142,52,14,38,90,54,36
S01012943,All households,291,253,81,172,38,18,20
S01012943,Whole house or bungalow: Total,261,240,78,162,21,8,13
S01012943,Whole house or bungalow: Detached,95,89,35,54,6,1,5
S01012943,Whole house or bungalow: Semi-detached,84,78,19,59,6,2,4
S01012943,Whole house or bungalow: Terraced (including end-terrace),82,73,24,49,9,5,4
S01012943,Flat maisonette or apartment or mobile/temporary accommodation,30,13,3,10,17,10,7
S01012944,All households,207,198,73,125,9,1,8
S01012944,Whole house or bungalow: Total,204,197,73,124,7,1,6
S01012944,Whole house or bungalow: Detached,129,125,58,67,4,0,4
S01012944,Whole house or bungalow: Semi-detached,73,71,15,56,2,0,2
S01012944,Whole house or bungalow: Terraced (including end-terrace),2,1,0,1,1,1,0
S01012944,Flat maisonette or apartment or mobile/temporary accommodation,3,1,0,1,2,0,2
S01012945,All households,241,232,62,170,9,4,5
S01012945,Whole house or bungalow: Total,228,222,58,164,6,3,3
S01012945,Whole house or bungalow: Detached,193,191,52,139,2,1,1
S01012945,Whole house or bungalow: Semi-detached,30,29,6,23,1,0,1
S01012945,Whole house or bungalow: Terraced (including end-terrace),5,2,0,2,3,2,1
S01012945,Flat maisonette or apartment or mobile/temporary accommodation,13,10,4,6,3,1,2
S01012946,All households,338,282,88,194,56,3,53
S01012946,Whole house or bungalow: Total,260,252,76,176,8,2,6
S01012946,Whole house or bungalow: Detached,161,158,49,109,3,0,3
S01012946,Whole house or bungalow: Semi-detached,88,85,23,62,3,0,3
S01012946,Whole house or bungalow: Terraced (including end-terrace),11,9,4,5,2,2,0
S01012946,Flat maisonette or apartment or mobile/temporary accommodation,78,30,12,18,48,1,47
S01012947,All households,151,147,51,96,4,2,2
S01012947,Whole house or bungalow: Total,149,147,51,96,2,1,1
S01012947,Whole house or bungalow: Detached,142,141,50,91,1,0,1
S01012947,Whole house or bungalow: Semi-detached,4,4,1,3,0,0,0
S01012947,Whole house or bungalow: Terraced (including end-terrace),3,2,0,2,1,1,0
S01012947,Flat maisonette or apartment or mobile/temporary accommodation,2,0,0,0,2,1,1
S01012948,All households,249,240,94,146,9,6,3
S01012948,Whole house or bungalow: Total,246,239,93,146,7,4,3
S01012948,Whole house or bungalow: Detached,94,93,43,50,1,0,1
S01012948,Whole house or bungalow: Semi-detached,146,143,50,93,3,1,2
S01012948,Whole house or bungalow: Terraced (including end-terrace),6,3,0,3,3,3,0
S01012948,Flat maisonette or apartment or mobile/temporary accommodation,3,1,1,0,2,2,0
S01012949,All households,282,257,109,148,25,5,20
S01012949,Whole house or bungalow: Total,255,240,98,142,15,4,11
S01012949,Whole house or bungalow: Detached,122,120,48,72,2,0,2
S01012949,Whole house or bungalow: Semi-detached,78,74,33,41,4,1,3
S01012949,Whole house or bungalow: Terraced (including end-terrace),55,46,17,29,9,3,6
S01012949,Flat maisonette or apartment or mobile/temporary accommodation,27,17,11,6,10,1,9
S01012950,All households,273,255,55,200,18,4,14
S01012950,Whole house or bungalow: Total,262,249,52,197,13,2,11
S01012950,Whole house or bungalow: Detached,235,228,50,178,7,0,7
S01012950,Whole house or bungalow: Semi-detached,18,12,2,10,6,2,4
S01012950,Whole house or bungalow: Terraced (including end-terrace),9,9,0,9,0,0,0
S01012950,Flat maisonette or apartment or mobile/temporary accommodation,11,6,3,3,5,2,3
S01012951,All households,294,280,46,234,14,2,12
S01012951,Whole house or bungalow: Total,270,261,38,223,9,1,8
S01012951,Whole house or bungalow: Detached,239,232,31,201,7,0,7
S01012951,Whole house or bungalow: Semi-detached,19,18,2,16,1,0,1
S01012951,Whole house or bungalow: Terraced (including end-terrace),12,11,5,6,1,1,0
S01012951,Flat maisonette or apartment or mobile/temporary accommodation,24,19,8,11,5,1,4
S01012952,All households,247,234,135,99,13,4,9
S01012952,Whole house or bungalow: Total,188,183,96,87,5,1,4
S01012952,Whole house or bungalow: Detached,171,169,92,77,2,0,2
S01012952,Whole house or bungalow: Semi-detached,15,12,4,8,3,1,2
S01012952,Whole house or bungalow: Terraced (including end-terrace),2,2,0,2,0,0,0
S01012952,Flat maisonette or apartment or mobile/temporary accommodation,59,51,39,12,8,3,5
S01012953,All households,292,266,100,166,26,3,23
S01012953,Whole house or bungalow: Total,251,236,92,144,15,2,13
S01012953,Whole house or bungalow: Detached,72,70,34,36,2,0,2
S01012953,Whole house or bungalow: Semi-detached,134,128,42,86,6,1,5
S01012953,Whole house or bungalow: Terraced (including end-terrace),45,38,16,22,7,1,6
S01012953,Flat maisonette or apartment or mobile/temporary accommodation,41,30,8,22,11,1,10
S01012954,All households,173,162,52,110,11,2,9
S01012954,Whole house or bungalow: Total,165,155,51,104,10,2,8
S01012954,Whole house or bungalow: Detached,21,19,5,14,2,1,1
S01012954,Whole house or bungalow: Semi-detached,131,126,40,86,5,1,4
S01012954,Whole house or bungalow: Terraced (including end-terrace),13,10,6,4,3,0,3
S01012954,Flat maisonette or apartment or mobile/temporary accommodation,8,7,1,6,1,0,1
S01012955,All households,356,278,92,186,78,12,66
S01012955,Whole house or bungalow: Total,241,226,66,160,15,3,12
S01012955,Whole house or bungalow: Detached,160,154,29,125,6,0,6
S01012955,Whole house or bungalow: Semi-detached,59,54,34,20,5,1,4
S01012955,Whole house or bungalow: Terraced (including end-terrace),22,18,3,15,4,2,2
S01012955,Flat maisonette or apartment or mobile/temporary accommodation,115,52,26,26,63,9,54
S01012956,All households,458,303,133,170,155,115,40
S01012956,Whole house or bungalow: Total,293,255,121,134,38,22,16
S01012956,Whole house or bungalow: Detached,82,78,47,31,4,0,4
S01012956,Whole house or bungalow: Semi-detached,32,29,13,16,3,2,1
S01012956,Whole house or bungalow: Terraced (including end-terrace),179,148,61,87,31,20,11
S01012956,Flat maisonette or apartment or mobile/temporary accommodation,165,48,12,36,117,93,24
S01012957,All households,304,200,86,114,104,79,25
S01012957,Whole house or bungalow: Total,213,166,77,89,47,36,11
S01012957,Whole house or bungalow: Detached,19,17,12,5,2,2,0
S01012957,Whole house or bungalow: Semi-detached,49,43,21,22,6,2,4
S01012957,Whole house or bungalow: Terraced (including end-terrace),145,106,44,62,39,32,7
S01012957,Flat maisonette or apartment or mobile/temporary accommodation,91,34,9,25,57,43,14
S01012958,All households,206,161,44,117,45,31,14
S01012958,Whole house or bungalow: Total,200,158,44,114,42,30,12
S01012958,Whole house or bungalow: Detached,20,16,7,9,4,0,4
S01012958,Whole house or bungalow: Semi-detached,91,71,16,55,20,16,4
S01012958,Whole house or bungalow: Terraced (including end-terrace),89,71,21,50,18,14,4
S01012958,Flat maisonette or apartment or mobile/temporary accommodation,6,3,0,3,3,1,2
S01012959,All households,228,202,36,166,26,12,14
S01012959,Whole house or bungalow: Total,202,182,30,152,20,11,9
S01012959,Whole house or bungalow: Detached,60,60,9,51,0,0,0
S01012959,Whole house or bungalow: Semi-detached,82,72,11,61,10,7,3
S01012959,Whole house or bungalow: Terraced (including end-terrace),60,50,10,40,10,4,6
S01012959,Flat maisonette or apartment or mobile/temporary accommodation,26,20,6,14,6,1,5
S01012960,All households,229,161,51,110,68,66,2
S01012960,Whole house or bungalow: Total,222,158,50,108,64,63,1
S01012960,Whole house or bungalow: Detached,82,82,33,49,0,0,0
S01012960,Whole house or bungalow: Semi-detached,106,50,10,40,56,56,0
S01012960,Whole house or bungalow: Terraced (including end-terrace),34,26,7,19,8,7,1
S01012960,Flat maisonette or apartment or mobile/temporary accommodation,7,3,1,2,4,3,1
S01012961,All households,200,188,63,125,12,3,9
S01012961,Whole house or bungalow: Total,190,179,60,119,11,3,8
S01012961,Whole house or bungalow: Detached,74,73,29,44,1,1,0
S01012961,Whole house or bungalow: Semi-detached,89,83,22,61,6,1,5
S01012961,Whole house or bungalow: Terraced (including end-terrace),27,23,9,14,4,1,3
S01012961,Flat maisonette or apartment or mobile/temporary accommodation,10,9,3,6,1,0,1
S01012962,All households,236,223,97,126,13,2,11
S01012962,Whole house or bungalow: Total,218,210,87,123,8,2,6
S01012962,Whole house or bungalow: Detached,123,120,52,68,3,0,3
S01012962,Whole house or bungalow: Semi-detached,58,56,26,30,2,0,2
S01012962,Whole house or bungalow: Terraced (including end-terrace),37,34,9,25,3,2,1
S01012962,Flat maisonette or apartment or mobile/temporary accommodation,18,13,10,3,5,0,5
S01012963,All households,275,259,53,206,16,5,11
S01012963,Whole house or bungalow: Total,274,258,53,205,16,5,11
S01012963,Whole house or bungalow: Detached,240,230,49,181,10,3,7
S01012963,Whole house or bungalow: Semi-detached,22,18,2,16,4,0,4
S01012963,Whole house or bungalow: Terraced (including end-terrace),12,10,2,8,2,2,0
S01012963,Flat maisonette or apartment or mobile/temporary accommodation,1,1,0,1,0,0,0
S01012964,All households,200,186,24,162,14,1,13
S01012964,Whole house or bungalow: Total,197,184,24,160,13,1,12
S01012964,Whole house or bungalow: Detached,170,158,21,137,12,0,12
S01012964,Whole house or bungalow: Semi-detached,17,17,1,16,0,0,0
S01012964,Whole house or bungalow: Terraced (including end-terrace),10,9,2,7,1,1,0
S01012964,Flat maisonette or apartment or mobile/temporary accommodation,3,2,0,2,1,0,1
S01012965,All households,229,162,36,126,67,60,7
S01012965,Whole house or bungalow: Total,179,162,36,126,17,12,5
S01012965,Whole house or bungalow: Detached,111,101,22,79,10,7,3
S01012965,Whole house or bungalow: Semi-detached,59,58,13,45,1,0,1
S01012965,Whole house or bungalow: Terraced (including end-terrace),9,3,1,2,6,5,1
S01012965,Flat maisonette or apartment or mobile/temporary accommodation,50,0,0,0,50,48,2
S01012966,All households,262,215,52,163,47,31,16
S01012966,Whole house or bungalow: Total,244,206,50,156,38,27,11
S01012966,Whole house or bungalow: Detached,61,59,12,47,2,1,1
S01012966,Whole house or bungalow: Semi-detached,48,45,9,36,3,1,2
S01012966,Whole house or bungalow: Terraced (including end-terrace),135,102,29,73,33,25,8
S01012966,Flat maisonette or apartment or mobile/temporary accommodation,18,9,2,7,9,4,5
S01012967,All households,183,140,47,93,43,31,12
S01012967,Whole house or bungalow: Total,179,139,47,92,40,28,12
S01012967,Whole house or bungalow: Detached,10,8,3,5,2,1,1
S01012967,Whole house or bungalow: Semi-detached,17,10,3,7,7,6,1
S01012967,Whole house or bungalow: Terraced (including end-terrace),152,121,41,80,31,21,10
S01012967,Flat maisonette or apartment or mobile/temporary accommodation,4,1,0,1,3,3,0
S01012968,All households,271,177,54,123,94,52,42
S01012968,Whole house or bungalow: Total,199,155,53,102,44,29,15
S01012968,Whole house or bungalow: Detached,4,2,1,1,2,1,1
S01012968,Whole house or bungalow: Semi-detached,15,9,3,6,6,2,4
S01012968,Whole house or bungalow: Terraced (including end-terrace),180,144,49,95,36,26,10
S01012968,Flat maisonette or apartment or mobile/temporary accommodation,72,22,1,21,50,23,27
S01012969,All households,306,191,66,125,115,87,28
S01012969,Whole house or bungalow: Total,256,171,60,111,85,69,16
S01012969,Whole house or bungalow: Detached,13,8,3,5,5,5,0
S01012969,Whole house or bungalow: Semi-detached,41,23,6,17,18,16,2
S01012969,Whole house or bungalow: Terraced (including end-terrace),202,140,51,89,62,48,14
S01012969,Flat maisonette or apartment or mobile/temporary accommodation,50,20,6,14,30,18,12
S01012970,All households,236,158,47,111,78,70,8
S01012970,Whole house or bungalow: Total,228,157,46,111,71,65,6
S01012970,Whole house or bungalow: Detached,5,2,1,1,3,3,0
S01012970,Whole house or bungalow: Semi-detached,58,35,11,24,23,22,1
S01012970,Whole house or bungalow: Terraced (including end-terrace),165,120,34,86,45,40,5
S01012970,Flat maisonette or apartment or mobile/temporary accommodation,8,1,1,0,7,5,2
S01012971,All households,299,156,47,109,143,118,25
S01012971,Whole house or bungalow: Total,259,136,44,92,123,106,17
S01012971,Whole house or bungalow: Detached,15,9,1,8,6,5,1
S01012971,Whole house or bungalow: Semi-detached,58,12,4,8,46,43,3
S01012971,Whole house or bungalow: Terraced (including end-terrace),186,115,39,76,71,58,13
S01012971,Flat maisonette or apartment or mobile/temporary accommodation,40,20,3,17,20,12,8
S01012972,All households,329,181,46,135,148,121,27
S01012972,Whole house or bungalow: Total,265,154,43,111,111,90,21
S01012972,Whole house or bungalow: Detached,15,10,5,5,5,3,2
S01012972,Whole house or bungalow: Semi-detached,47,22,2,20,25,24,1
S01012972,Whole house or bungalow: Terraced (including end-terrace),203,122,36,86,81,63,18
S01012972,Flat maisonette or apartment or mobile/temporary accommodation,64,27,3,24,37,31,6
S01012973,All households,335,250,88,162,85,60,25
S01012973,Whole house or bungalow: Total,283,228,81,147,55,38,17
S01012973,Whole house or bungalow: Detached,22,17,1,16,5,1,4
S01012973,Whole house or bungalow: Semi-detached,9,3,0,3,6,3,3
S01012973,Whole house or bungalow: Terraced (including end-terrace),252,208,80,128,44,34,10
S01012973,Flat maisonette or apartment or mobile/temporary accommodation,52,22,7,15,30,22,8
S01012974,All households,446,291,112,179,155,120,35
S01012974,Whole house or bungalow: Total,294,228,87,141,66,57,9
S01012974,Whole house or bungalow: Detached,7,6,3,3,1,1,0
S01012974,Whole house or bungalow: Semi-detached,28,18,4,14,10,10,0
S01012974,Whole house or bungalow: Terraced (including end-terrace),259,204,80,124,55,46,9
S01012974,Flat maisonette or apartment or mobile/temporary accommodation,152,63,25,38,89,63,26
S01012975,All households,266,146,41,105,120,102,18
S01012975,Whole house or bungalow: Total,195,128,41,87,67,52,15
S01012975,Whole house or bungalow: Detached,11,8,1,7,3,3,0
S01012975,Whole house or bungalow: Semi-detached,13,8,2,6,5,5,0
S01012975,Whole house or bungalow: Terraced (including end-terrace),171,112,38,74,59,44,15
S01012975,Flat maisonette or apartment or mobile/temporary accommodation,71,18,0,18,53,50,3
S01012976,All households,229,148,55,93,81,57,24
S01012976,Whole house or bungalow: Total,178,124,55,69,54,45,9
S01012976,Whole house or bungalow: Detached,6,5,2,3,1,1,0
S01012976,Whole house or bungalow: Semi-detached,11,7,4,3,4,3,1
S01012976,Whole house or bungalow: Terraced (including end-terrace),161,112,49,63,49,41,8
S01012976,Flat maisonette or apartment or mobile/temporary accommodation,51,24,0,24,27,12,15
S01012977,All households,287,189,58,131,98,70,28
S01012977,Whole house or bungalow: Total,213,166,55,111,47,35,12
S01012977,Whole house or bungalow: Detached,3,3,1,2,0,0,0
S01012977,Whole house or bungalow: Semi-detached,16,10,3,7,6,3,3
S01012977,Whole house or bungalow: Terraced (including end-terrace),194,153,51,102,41,32,9
S01012977,Flat maisonette or apartment or mobile/temporary accommodation,74,23,3,20,51,35,16
S01012978,All households,334,206,58,148,128,108,20
S01012978,Whole house or bungalow: Total,262,183,58,125,79,64,15
S01012978,Whole house or bungalow: Detached,10,9,4,5,1,1,0
S01012978,Whole house or bungalow: Semi-detached,18,9,1,8,9,7,2
S01012978,Whole house or bungalow: Terraced (including end-terrace),234,165,53,112,69,56,13
S01012978,Flat maisonette or apartment or mobile/temporary accommodation,72,23,0,23,49,44,5
S01012979,All households,224,176,45,131,48,37,11
S01012979,Whole house or bungalow: Total,218,174,45,129,44,33,11
S01012979,Whole house or bungalow: Detached,48,42,4,38,6,2,4
S01012979,Whole house or bungalow: Semi-detached,11,6,1,5,5,5,0
S01012979,Whole house or bungalow: Terraced (including end-terrace),159,126,40,86,33,26,7
S01012979,Flat maisonette or apartment or mobile/temporary accommodation,6,2,0,2,4,4,0
S01012980,All households,311,201,57,144,110,75,35
S01012980,Whole house or bungalow: Total,137,106,41,65,31,24,7
S01012980,Whole house or bungalow: Detached,3,3,1,2,0,0,0
S01012980,Whole house or bungalow: Semi-detached,9,5,3,2,4,4,0
S01012980,Whole house or bungalow: Terraced (including end-terrace),125,98,37,61,27,20,7
S01012980,Flat maisonette or apartment or mobile/temporary accommodation,174,95,16,79,79,51,28
S01012981,All households,347,243,68,175,104,67,37
S01012981,Whole house or bungalow: Total,179,147,47,100,32,23,9
S01012981,Whole house or bungalow: Detached,13,10,2,8,3,1,2
S01012981,Whole house or bungalow: Semi-detached,32,24,3,21,8,6,2
S01012981,Whole house or bungalow: Terraced (including end-terrace),134,113,42,71,21,16,5
S01012981,Flat maisonette or apartment or mobile/temporary accommodation,168,96,21,75,72,44,28
S01012982,All households,383,271,92,179,112,60,52
S01012982,Whole house or bungalow: Total,207,165,65,100,42,33,9
S01012982,Whole house or bungalow: Detached,4,4,0,4,0,0,0
S01012982,Whole house or bungalow: Semi-detached,16,7,1,6,9,8,1
S01012982,Whole house or bungalow: Terraced (including end-terrace),187,154,64,90,33,25,8
S01012982,Flat maisonette or apartment or mobile/temporary accommodation,176,106,27,79,70,27,43
S01012983,All households,326,291,133,158,35,9,26
S01012983,Whole house or bungalow: Total,264,246,110,136,18,8,10
S01012983,Whole house or bungalow: Detached,55,53,16,37,2,0,2
S01012983,Whole house or bungalow: Semi-detached,25,23,9,14,2,2,0
S01012983,Whole house or bungalow: Terraced (including end-terrace),184,170,85,85,14,6,8
S01012983,Flat maisonette or apartment or mobile/temporary accommodation,62,45,23,22,17,1,16
S01012984,All households,279,225,78,147,54,34,20
S01012984,Whole house or bungalow: Total,192,172,68,104,20,14,6
S01012984,Whole house or bungalow: Detached,9,5,1,4,4,1,3
S01012984,Whole house or bungalow: Semi-detached,23,19,10,9,4,4,0
S01012984,Whole house or bungalow: Terraced (including end-terrace),160,148,57,91,12,9,3
S01012984,Flat maisonette or apartment or mobile/temporary accommodation,87,53,10,43,34,20,14
S01012985,All households,330,283,117,166,47,29,18
S01012985,Whole house or bungalow: Total,287,258,107,151,29,20,9
S01012985,Whole house or bungalow: Detached,10,9,0,9,1,0,1
S01012985,Whole house or bungalow: Semi-detached,12,12,3,9,0,0,0
S01012985,Whole house or bungalow: Terraced (including end-terrace),265,237,104,133,28,20,8
S01012985,Flat maisonette or apartment or mobile/temporary accommodation,43,25,10,15,18,9,9
S01012986,All households,394,253,95,158,141,93,48
S01012986,Whole house or bungalow: Total,183,150,56,94,33,26,7
S01012986,Whole house or bungalow: Detached,17,16,2,14,1,1,0
S01012986,Whole house or bungalow: Semi-detached,18,17,5,12,1,1,0
S01012986,Whole house or bungalow: Terraced (including end-terrace),148,117,49,68,31,24,7
S01012986,Flat maisonette or apartment or mobile/temporary accommodation,211,103,39,64,108,67,41
S01012987,All households,356,238,98,140,118,85,33
S01012987,Whole house or bungalow: Total,251,185,78,107,66,55,11
S01012987,Whole house or bungalow: Detached,9,8,2,6,1,0,1
S01012987,Whole house or bungalow: Semi-detached,78,59,17,42,19,14,5
S01012987,Whole house or bungalow: Terraced (including end-terrace),164,118,59,59,46,41,5
S01012987,Flat maisonette or apartment or mobile/temporary accommodation,105,53,20,33,52,30,22
S01012988,All households,463,315,155,160,148,95,53
S01012988,Whole house or bungalow: Total,239,201,92,109,38,28,10
S01012988,Whole house or bungalow: Detached,10,9,4,5,1,1,0
S01012988,Whole house or bungalow: Semi-detached,34,31,14,17,3,1,2
S01012988,Whole house or bungalow: Terraced (including end-terrace),195,161,74,87,34,26,8
S01012988,Flat maisonette or apartment or mobile/temporary accommodation,224,114,63,51,110,67,43
S01012989,All households,409,322,134,188,87,53,34
S01012989,Whole house or bungalow: Total,273,239,110,129,34,25,9
S01012989,Whole house or bungalow: Detached,12,12,6,6,0,0,0
S01012989,Whole house or bungalow: Semi-detached,39,37,13,24,2,1,1
S01012989,Whole house or bungalow: Terraced (including end-terrace),222,190,91,99,32,24,8
S01012989,Flat maisonette or apartment or mobile/temporary accommodation,136,83,24,59,53,28,25
S01012990,All households,303,175,73,102,128,101,27
S01012990,Whole house or bungalow: Total,187,142,62,80,45,32,13
S01012990,Whole house or bungalow: Detached,2,2,1,1,0,0,0
S01012990,Whole house or bungalow: Semi-detached,47,36,21,15,11,7,4
S01012990,Whole house or bungalow: Terraced (including end-terrace),138,104,40,64,34,25,9
S01012990,Flat maisonette or apartment or mobile/temporary accommodation,116,33,11,22,83,69,14
S01012991,All households,351,259,101,158,92,46,46
S01012991,Whole house or bungalow: Total,257,213,87,126,44,22,22
S01012991,Whole house or bungalow: Detached,8,4,0,4,4,0,4
S01012991,Whole house or bungalow: Semi-detached,52,42,16,26,10,4,6
S01012991,Whole house or bungalow: Terraced (including end-terrace),197,167,71,96,30,18,12
S01012991,Flat maisonette or apartment or mobile/temporary accommodation,94,46,14,32,48,24,24
S01012992,All households,380,268,108,160,112,69,43
S01012992,Whole house or bungalow: Total,243,198,91,107,45,38,7
S01012992,Whole house or bungalow: Detached,7,6,3,3,1,0,1
S01012992,Whole house or bungalow: Semi-detached,66,53,29,24,13,11,2
S01012992,Whole house or bungalow: Terraced (including end-terrace),170,139,59,80,31,27,4
S01012992,Flat maisonette or apartment or mobile/temporary accommodation,137,70,17,53,67,31,36
S01012993,All households,376,245,120,125,131,79,52
S01012993,Whole house or bungalow: Total,171,130,70,60,41,32,9
S01012993,Whole house or bungalow: Detached,5,4,1,3,1,1,0
S01012993,Whole house or bungalow: Semi-detached,39,31,15,16,8,5,3
S01012993,Whole house or bungalow: Terraced (including end-terrace),127,95,54,41,32,26,6
S01012993,Flat maisonette or apartment or mobile/temporary accommodation,205,115,50,65,90,47,43
S01012994,All households,502,266,129,137,236,158,78
S01012994,Whole house or bungalow: Total,141,112,52,60,29,23,6
S01012994,Whole house or bungalow: Detached,10,9,5,4,1,1,0
S01012994,Whole house or bungalow: Semi-detached,65,53,25,28,12,8,4
S01012994,Whole house or bungalow: Terraced (including end-terrace),66,50,22,28,16,14,2
S01012994,Flat maisonette or apartment or mobile/temporary accommodation,361,154,77,77,207,135,72
S01012995,All households,331,265,68,197,66,45,21
S01012995,Whole house or bungalow: Total,321,261,68,193,60,42,18
S01012995,Whole house or bungalow: Detached,41,40,12,28,1,0,1
S01012995,Whole house or bungalow: Semi-detached,123,109,29,80,14,4,10
S01012995,Whole house or bungalow: Terraced (including end-terrace),157,112,27,85,45,38,7
S01012995,Flat maisonette or apartment or mobile/temporary accommodation,10,4,0,4,6,3,3
S01012996,All households,246,173,44,129,73,56,17
S01012996,Whole house or bungalow: Total,202,152,39,113,50,44,6
S01012996,Whole house or bungalow: Detached,8,5,0,5,3,2,1
S01012996,Whole house or bungalow: Semi-detached,52,35,8,27,17,16,1
S01012996,Whole house or bungalow: Terraced (including end-terrace),142,112,31,81,30,26,4
S01012996,Flat maisonette or apartment or mobile/temporary accommodation,44,21,5,16,23,12,11
S01012997,All households,210,146,46,100,64,49,15
S01012997,Whole house or bungalow: Total,175,124,40,84,51,40,11
S01012997,Whole house or bungalow: Detached,8,3,1,2,5,3,2
S01012997,Whole house or bungalow: Semi-detached,20,12,2,10,8,7,1
S01012997,Whole house or bungalow: Terraced (including end-terrace),147,109,37,72,38,30,8
S01012997,Flat maisonette or apartment or mobile/temporary accommodation,35,22,6,16,13,9,4
S01012998,All households,414,307,83,224,107,58,49
S01012998,Whole house or bungalow: Total,316,252,71,181,64,38,26
S01012998,Whole house or bungalow: Detached,90,82,7,75,8,1,7
S01012998,Whole house or bungalow: Semi-detached,51,40,16,24,11,6,5
S01012998,Whole house or bungalow: Terraced (including end-terrace),175,130,48,82,45,31,14
S01012998,Flat maisonette or apartment or mobile/temporary accommodation,98,55,12,43,43,20,23
S01012999,All households,220,145,40,105,75,58,17
S01012999,Whole house or bungalow: Total,126,101,31,70,25,21,4
S01012999,Whole house or bungalow: Detached,8,6,1,5,2,2,0
S01012999,Whole house or bungalow: Semi-detached,15,12,1,11,3,2,1
S01012999,Whole house or bungalow: Terraced (including end-terrace),103,83,29,54,20,17,3
S01012999,Flat maisonette or apartment or mobile/temporary accommodation,94,44,9,35,50,37,13
S01013000,All households,322,217,86,131,105,70,35
S01013000,Whole house or bungalow: Total,209,171,74,97,38,25,13
S01013000,Whole house or bungalow: Detached,7,6,3,3,1,0,1
S01013000,Whole house or bungalow: Semi-detached,22,16,7,9,6,4,2
S01013000,Whole house or bungalow: Terraced (including end-terrace),180,149,64,85,31,21,10
S01013000,Flat maisonette or apartment or mobile/temporary accommodation,113,46,12,34,67,45,22
S01013001,All households,156,111,66,45,45,10,35
S01013001,Whole house or bungalow: Total,137,105,64,41,32,6,26
S01013001,Whole house or bungalow: Detached,98,79,49,30,19,0,19
S01013001,Whole house or bungalow: Semi-detached,26,16,9,7,10,5,5
S01013001,Whole house or bungalow: Terraced (including end-terrace),13,10,6,4,3,1,2
S01013001,Flat maisonette or apartment or mobile/temporary accommodation,19,6,2,4,13,4,9
S01013002,All households,205,149,82,67,56,14,42
S01013002,Whole house or bungalow: Total,180,140,77,63,40,13,27
S01013002,Whole house or bungalow: Detached,128,113,63,50,15,0,15
S01013002,Whole house or bungalow: Semi-detached,38,20,10,10,18,7,11
S01013002,Whole house or bungalow: Terraced (including end-terrace),14,7,4,3,7,6,1
S01013002,Flat maisonette or apartment or mobile/temporary accommodation,25,9,5,4,16,1,15
S01013003,All households,246,241,133,108,5,2,3
S01013003,Whole house or bungalow: Total,239,234,129,105,5,2,3
S01013003,Whole house or bungalow: Detached,231,228,128,100,3,0,3
S01013003,Whole house or bungalow: Semi-detached,6,5,1,4,1,1,0
S01013003,Whole house or bungalow: Terraced (including end-terrace),2,1,0,1,1,1,0
S01013003,Flat maisonette or apartment or mobile/temporary accommodation,7,7,4,3,0,0,0
S01013004,All households,264,228,112,116,36,21,15
S01013004,Whole house or bungalow: Total,253,226,112,114,27,18,9
S01013004,Whole house or bungalow: Detached,155,154,76,78,1,0,1
S01013004,Whole house or bungalow: Semi-detached,67,55,28,27,12,10,2
S01013004,Whole house or bungalow: Terraced (including end-terrace),31,17,8,9,14,8,6
S01013004,Flat maisonette or apartment or mobile/temporary accommodation,11,2,0,2,9,3,6
S01013005,All households,300,249,152,97,51,14,37
S01013005,Whole house or bungalow: Total,276,236,144,92,40,11,29
S01013005,Whole house or bungalow: Detached,214,195,128,67,19,1,18
S01013005,Whole house or bungalow: Semi-detached,49,30,11,19,19,9,10
S01013005,Whole house or bungalow: Terraced (including end-terrace),13,11,5,6,2,1,1
S01013005,Flat maisonette or apartment or mobile/temporary accommodation,24,13,8,5,11,3,8
S01013006,All households,240,185,103,82,55,10,45
S01013006,Whole house or bungalow: Total,218,174,96,78,44,10,34
S01013006,Whole house or bungalow: Detached,156,135,83,52,21,1,20
S01013006,Whole house or bungalow: Semi-detached,41,25,6,19,16,4,12
S01013006,Whole house or bungalow: Terraced (including end-terrace),21,14,7,7,7,5,2
S01013006,Flat maisonette or apartment or mobile/temporary accommodation,22,11,7,4,11,0,11
S01013007,All households,397,354,205,149,43,11,32
S01013007,Whole house or bungalow: Total,279,257,136,121,22,9,13
S01013007,Whole house or bungalow: Detached,169,163,99,64,6,0,6
S01013007,Whole house or bungalow: Semi-detached,84,70,26,44,14,9,5
S01013007,Whole house or bungalow: Terraced (including end-terrace),26,24,11,13,2,0,2
S01013007,Flat maisonette or apartment or mobile/temporary accommodation,118,97,69,28,21,2,19
S01013008,All households,330,248,132,116,82,48,34
S01013008,Whole house or bungalow: Total,280,227,121,106,53,36,17
S01013008,Whole house or bungalow: Detached,133,124,76,48,9,0,9
S01013008,Whole house or bungalow: Semi-detached,46,29,15,14,17,13,4
S01013008,Whole house or bungalow: Terraced (including end-terrace),101,74,30,44,27,23,4
S01013008,Flat maisonette or apartment or mobile/temporary accommodation,50,21,11,10,29,12,17
S01013009,All households,293,197,116,81,96,64,32
S01013009,Whole house or bungalow: Total,271,188,113,75,83,58,25
S01013009,Whole house or bungalow: Detached,120,109,82,27,11,1,10
S01013009,Whole house or bungalow: Semi-detached,103,56,24,32,47,39,8
S01013009,Whole house or bungalow: Terraced (including end-terrace),48,23,7,16,25,18,7
S01013009,Flat maisonette or apartment or mobile/temporary accommodation,22,9,3,6,13,6,7
S01013010,All households,246,207,123,84,39,4,35
S01013010,Whole house or bungalow: Total,231,197,117,80,34,4,30
S01013010,Whole house or bungalow: Detached,164,148,94,54,16,0,16
S01013010,Whole house or bungalow: Semi-detached,43,31,20,11,12,4,8
S01013010,Whole house or bungalow: Terraced (including end-terrace),24,18,3,15,6,0,6
S01013010,Flat maisonette or apartment or mobile/temporary accommodation,15,10,6,4,5,0,5
S01013011,All households,261,197,69,128,64,47,17
S01013011,Whole house or bungalow: Total,234,186,64,122,48,37,11
S01013011,Whole house or bungalow: Detached,140,134,51,83,6,0,6
S01013011,Whole house or bungalow: Semi-detached,53,33,9,24,20,17,3
S01013011,Whole house or bungalow: Terraced (including end-terrace),41,19,4,15,22,20,2
S01013011,Flat maisonette or apartment or mobile/temporary accommodation,27,11,5,6,16,10,6
S01013012,All households,292,181,86,95,111,70,41
S01013012,Whole house or bungalow: Total,186,131,63,68,55,31,24
S01013012,Whole house or bungalow: Detached,60,52,32,20,8,1,7
S01013012,Whole house or bungalow: Semi-detached,70,39,14,25,31,23,8
S01013012,Whole house or bungalow: Terraced (including end-terrace),56,40,17,23,16,7,9
S01013012,Flat maisonette or apartment or mobile/temporary accommodation,106,50,23,27,56,39,17
S01013013,All households,297,232,118,114,65,28,37
S01013013,Whole house or bungalow: Total,275,221,115,106,54,22,32
S01013013,Whole house or bungalow: Detached,164,150,81,69,14,0,14
S01013013,Whole house or bungalow: Semi-detached,90,67,34,33,23,10,13
S01013013,Whole house or bungalow: Terraced (including end-terrace),21,4,0,4,17,12,5
S01013013,Flat maisonette or apartment or mobile/temporary accommodation,22,11,3,8,11,6,5
S01013014,All households,336,223,132,91,113,59,54
S01013014,Whole house or bungalow: Total,284,207,124,83,77,37,40
S01013014,Whole house or bungalow: Detached,162,133,93,40,29,2,27
S01013014,Whole house or bungalow: Semi-detached,73,35,11,24,38,28,10
S01013014,Whole house or bungalow: Terraced (including end-terrace),49,39,20,19,10,7,3
S01013014,Flat maisonette or apartment or mobile/temporary accommodation,52,16,8,8,36,22,14
S01013015,All households,309,266,152,114,43,10,33
S01013015,Whole house or bungalow: Total,278,247,138,109,31,4,27
S01013015,Whole house or bungalow: Detached,203,183,120,63,20,0,20
S01013015,Whole house or bungalow: Semi-detached,66,56,16,40,10,4,6
S01013015,Whole house or bungalow: Terraced (including end-terrace),9,8,2,6,1,0,1
S01013015,Flat maisonette or apartment or mobile/temporary accommodation,31,19,14,5,12,6,6
S01013016,All households,244,190,115,75,54,11,43
S01013016,Whole house or bungalow: Total,231,182,113,69,49,9,40
S01013016,Whole house or bungalow: Detached,182,145,93,52,37,2,35
S01013016,Whole house or bungalow: Semi-detached,34,22,12,10,12,7,5
S01013016,Whole house or bungalow: Terraced (including end-terrace),15,15,8,7,0,0,0
S01013016,Flat maisonette or apartment or mobile/temporary accommodation,13,8,2,6,5,2,3
S01013017,All households,359,239,105,134,120,103,17
S01013017,Whole house or bungalow: Total,301,222,100,122,79,67,12
S01013017,Whole house or bungalow: Detached,139,129,62,67,10,5,5
S01013017,Whole house or bungalow: Semi-detached,118,61,28,33,57,51,6
S01013017,Whole house or bungalow: Terraced (including end-terrace),44,32,10,22,12,11,1
S01013017,Flat maisonette or apartment or mobile/temporary accommodation,58,17,5,12,41,36,5
S01013018,All households,387,312,146,166,75,46,29
S01013018,Whole house or bungalow: Total,368,303,141,162,65,38,27
S01013018,Whole house or bungalow: Detached,241,217,112,105,24,2,22
S01013018,Whole house or bungalow: Semi-detached,87,56,16,40,31,27,4
S01013018,Whole house or bungalow: Terraced (including end-terrace),40,30,13,17,10,9,1
S01013018,Flat maisonette or apartment or mobile/temporary accommodation,19,9,5,4,10,8,2
S01013019,All households,355,275,111,164,80,8,72
S01013019,Whole house or bungalow: Total,254,220,90,130,34,5,29
S01013019,Whole house or bungalow: Detached,179,159,72,87,20,2,18
S01013019,Whole house or bungalow: Semi-detached,27,23,12,11,4,2,2
S01013019,Whole house or bungalow: Terraced (including end-terrace),48,38,6,32,10,1,9
S01013019,Flat maisonette or apartment or mobile/temporary accommodation,101,55,21,34,46,3,43
S01013020,All households,226,134,61,73,92,68,24
S01013020,Whole house or bungalow: Total,188,125,58,67,63,46,17
S01013020,Whole house or bungalow: Detached,21,16,8,8,5,1,4
S01013020,Whole house or bungalow: Semi-detached,67,44,20,24,23,19,4
S01013020,Whole house or bungalow: Terraced (including end-terrace),100,65,30,35,35,26,9
S01013020,Flat maisonette or apartment or mobile/temporary accommodation,38,9,3,6,29,22,7
S01013021,All households,187,131,48,83,56,42,14
S01013021,Whole house or bungalow: Total,183,130,48,82,53,42,11
S01013021,Whole house or bungalow: Detached,9,9,4,5,0,0,0
S01013021,Whole house or bungalow: Semi-detached,86,66,27,39,20,18,2
S01013021,Whole house or bungalow: Terraced (including end-terrace),88,55,17,38,33,24,9
S01013021,Flat maisonette or apartment or mobile/temporary accommodation,4,1,0,1,3,0,3
S01013022,All households,186,97,33,64,89,72,17
S01013022,Whole house or bungalow: Total,115,70,27,43,45,34,11
S01013022,Whole house or bungalow: Detached,38,34,11,23,4,1,3
S01013022,Whole house or bungalow: Semi-detached,45,24,9,15,21,18,3
S01013022,Whole house or bungalow: Terraced (including end-terrace),32,12,7,5,20,15,5
S01013022,Flat maisonette or apartment or mobile/temporary accommodation,71,27,6,21,44,38,6
S01013023,All households,337,314,187,127,23,5,18
S01013023,Whole house or bungalow: Total,315,301,177,124,14,4,10
S01013023,Whole house or bungalow: Detached,258,252,152,100,6,0,6
S01013023,Whole house or bungalow: Semi-detached,53,45,24,21,8,4,4
S01013023,Whole house or bungalow: Terraced (including end-terrace),4,4,1,3,0,0,0
S01013023,Flat maisonette or apartment or mobile/temporary accommodation,22,13,10,3,9,1,8
S01013024,All households,227,194,107,87,33,8,25
S01013024,Whole house or bungalow: Total,197,178,96,82,19,5,14
S01013024,Whole house or bungalow: Detached,90,86,46,40,4,1,3
S01013024,Whole house or bungalow: Semi-detached,85,74,43,31,11,1,10
S01013024,Whole house or bungalow: Terraced (including end-terrace),22,18,7,11,4,3,1
S01013024,Flat maisonette or apartment or mobile/temporary accommodation,30,16,11,5,14,3,11
S01013025,All households,211,166,94,72,45,8,37
S01013025,Whole house or bungalow: Total,203,163,92,71,40,6,34
S01013025,Whole house or bungalow: Detached,144,120,73,47,24,1,23
S01013025,Whole house or bungalow: Semi-detached,44,30,18,12,14,3,11
S01013025,Whole house or bungalow: Terraced (including end-terrace),15,13,1,12,2,2,0
S01013025,Flat maisonette or apartment or mobile/temporary accommodation,8,3,2,1,5,2,3
S01013026,All households,410,272,74,198,138,116,22
S01013026,Whole house or bungalow: Total,320,254,70,184,66,53,13
S01013026,Whole house or bungalow: Detached,129,121,38,83,8,3,5
S01013026,Whole house or bungalow: Semi-detached,113,91,18,73,22,16,6
S01013026,Whole house or bungalow: Terraced (including end-terrace),78,42,14,28,36,34,2
S01013026,Flat maisonette or apartment or mobile/temporary accommodation,90,18,4,14,72,63,9
S01013027,All households,422,171,73,98,251,225,26
S01013027,Whole house or bungalow: Total,377,157,69,88,220,202,18
S01013027,Whole house or bungalow: Detached,26,13,4,9,13,10,3
S01013027,Whole house or bungalow: Semi-detached,193,91,47,44,102,94,8
S01013027,Whole house or bungalow: Terraced (including end-terrace),158,53,18,35,105,98,7
S01013027,Flat maisonette or apartment or mobile/temporary accommodation,45,14,4,10,31,23,8
S01013028,All households,191,137,58,79,54,30,24
S01013028,Whole house or bungalow: Total,183,135,57,78,48,28,20
S01013028,Whole house or bungalow: Detached,84,66,38,28,18,3,15
S01013028,Whole house or bungalow: Semi-detached,41,33,12,21,8,6,2
S01013028,Whole house or bungalow: Terraced (including end-terrace),58,36,7,29,22,19,3
S01013028,Flat maisonette or apartment or mobile/temporary accommodation,8,2,1,1,6,2,4
S01013029,All households,269,135,64,71,134,122,12
S01013029,Whole house or bungalow: Total,242,132,63,69,110,101,9
S01013029,Whole house or bungalow: Detached,18,14,4,10,4,2,2
S01013029,Whole house or bungalow: Semi-detached,63,37,21,16,26,24,2
S01013029,Whole house or bungalow: Terraced (including end-terrace),161,81,38,43,80,75,5
S01013029,Flat maisonette or apartment or mobile/temporary accommodation,27,3,1,2,24,21,3
S01013030,All households,225,109,50,59,116,104,12
S01013030,Whole house or bungalow: Total,219,106,49,57,113,103,10
S01013030,Whole house or bungalow: Detached,22,17,8,9,5,4,1
S01013030,Whole house or bungalow: Semi-detached,121,58,32,26,63,57,6
S01013030,Whole house or bungalow: Terraced (including end-terrace),76,31,9,22,45,42,3
S01013030,Flat maisonette or apartment or mobile/temporary accommodation,6,3,1,2,3,1,2
S01013031,All households,291,143,53,90,148,131,17
S01013031,Whole house or bungalow: Total,251,140,51,89,111,96,15
S01013031,Whole house or bungalow: Detached,15,9,4,5,6,4,2
S01013031,Whole house or bungalow: Semi-detached,86,51,22,29,35,31,4
S01013031,Whole house or bungalow: Terraced (including end-terrace),150,80,25,55,70,61,9
S01013031,Flat maisonette or apartment or mobile/temporary accommodation,40,3,2,1,37,35,2
S01013032,All households,309,244,34,210,65,38,27
S01013032,Whole house or bungalow: Total,286,232,33,199,54,30,24
S01013032,Whole house or bungalow: Detached,153,136,22,114,17,4,13
S01013032,Whole house or bungalow: Semi-detached,98,78,9,69,20,12,8
S01013032,Whole house or bungalow: Terraced (including end-terrace),35,18,2,16,17,14,3
S01013032,Flat maisonette or apartment or mobile/temporary accommodation,23,12,1,11,11,8,3
S01013033,All households,276,194,32,162,82,50,32
S01013033,Whole house or bungalow: Total,220,170,31,139,50,31,19
S01013033,Whole house or bungalow: Detached,47,41,10,31,6,2,4
S01013033,Whole house or bungalow: Semi-detached,150,118,19,99,32,19,13
S01013033,Whole house or bungalow: Terraced (including end-terrace),23,11,2,9,12,10,2
S01013033,Flat maisonette or apartment or mobile/temporary accommodation,56,24,1,23,32,19,13
S01013034,All households,296,184,74,110,112,99,13
S01013034,Whole house or bungalow: Total,282,177,71,106,105,96,9
S01013034,Whole house or bungalow: Detached,8,7,3,4,1,1,0
S01013034,Whole house or bungalow: Semi-detached,165,107,47,60,58,54,4
S01013034,Whole house or bungalow: Terraced (including end-terrace),109,63,21,42,46,41,5
S01013034,Flat maisonette or apartment or mobile/temporary accommodation,14,7,3,4,7,3,4
S01013035,All households,300,135,49,86,165,154,11
S01013035,Whole house or bungalow: Total,266,132,46,86,134,126,8
S01013035,Whole house or bungalow: Detached,13,4,1,3,9,8,1
S01013035,Whole house or bungalow: Semi-detached,80,44,19,25,36,35,1
S01013035,Whole house or bungalow: Terraced (including end-terrace),173,84,26,58,89,83,6
S01013035,Flat maisonette or apartment or mobile/temporary accommodation,34,3,3,0,31,28,3
S01013036,All households,280,126,42,84,154,146,8
S01013036,Whole house or bungalow: Total,270,123,42,81,147,139,8
S01013036,Whole house or bungalow: Detached,10,7,5,2,3,3,0
S01013036,Whole house or bungalow: Semi-detached,158,71,27,44,87,79,8
S01013036,Whole house or bungalow: Terraced (including end-terrace),102,45,10,35,57,57,0
S01013036,Flat maisonette or apartment or mobile/temporary accommodation,10,3,0,3,7,7,0
S01013037,All households,283,235,98,137,48,20,28
S01013037,Whole house or bungalow: Total,256,232,97,135,24,13,11
S01013037,Whole house or bungalow: Detached,120,115,55,60,5,1,4
S01013037,Whole house or bungalow: Semi-detached,107,100,35,65,7,2,5
S01013037,Whole house or bungalow: Terraced (including end-terrace),29,17,7,10,12,10,2
S01013037,Flat maisonette or apartment or mobile/temporary accommodation,27,3,1,2,24,7,17
S01013038,All households,434,250,112,138,184,138,46
S01013038,Whole house or bungalow: Total,270,188,91,97,82,60,22
S01013038,Whole house or bungalow: Detached,49,45,27,18,4,3,1
S01013038,Whole house or bungalow: Semi-detached,78,55,24,31,23,17,6
S01013038,Whole house or bungalow: Terraced (including end-terrace),143,88,40,48,55,40,15
S01013038,Flat maisonette or apartment or mobile/temporary accommodation,164,62,21,41,102,78,24
S01013039,All households,178,167,48,119,11,4,7
S01013039,Whole house or bungalow: Total,171,164,47,117,7,2,5
S01013039,Whole house or bungalow: Detached,161,156,42,114,5,0,5
S01013039,Whole house or bungalow: Semi-detached,6,5,3,2,1,1,0
S01013039,Whole house or bungalow: Terraced (including end-terrace),4,3,2,1,1,1,0
S01013039,Flat maisonette or apartment or mobile/temporary accommodation,7,3,1,2,4,2,2
S01013040,All households,324,202,102,100,122,82,40
S01013040,Whole house or bungalow: Total,193,155,82,73,38,25,13
S01013040,Whole house or bungalow: Detached,36,33,18,15,3,2,1
S01013040,Whole house or bungalow: Semi-detached,92,74,37,37,18,13,5
S01013040,Whole house or bungalow: Terraced (including end-terrace),65,48,27,21,17,10,7
S01013040,Flat maisonette or apartment or mobile/temporary accommodation,131,47,20,27,84,57,27
S01013041,All households,257,171,56,115,86,54,32
S01013041,Whole house or bungalow: Total,202,143,51,92,59,48,11
S01013041,Whole house or bungalow: Detached,45,40,18,22,5,2,3
S01013041,Whole house or bungalow: Semi-detached,57,42,16,26,15,12,3
S01013041,Whole house or bungalow: Terraced (including end-terrace),100,61,17,44,39,34,5
S01013041,Flat maisonette or apartment or mobile/temporary accommodation,55,28,5,23,27,6,21
S01013042,All households,318,220,59,161,98,70,28
S01013042,Whole house or bungalow: Total,289,214,56,158,75,53,22
S01013042,Whole house or bungalow: Detached,88,80,19,61,8,0,8
S01013042,Whole house or bungalow: Semi-detached,88,68,15,53,20,14,6
S01013042,Whole house or bungalow: Terraced (including end-terrace),113,66,22,44,47,39,8
S01013042,Flat maisonette or apartment or mobile/temporary accommodation,29,6,3,3,23,17,6
S01013043,All households,278,134,63,71,144,128,16
S01013043,Whole house or bungalow: Total,270,132,62,70,138,126,12
S01013043,Whole house or bungalow: Detached,12,8,4,4,4,3,1
S01013043,Whole house or bungalow: Semi-detached,105,51,24,27,54,47,7
S01013043,Whole house or bungalow: Terraced (including end-terrace),153,73,34,39,80,76,4
S01013043,Flat maisonette or apartment or mobile/temporary accommodation,8,2,1,1,6,2,4
S01013044,All households,323,184,75,109,139,113,26
S01013044,Whole house or bungalow: Total,316,183,75,108,133,108,25
S01013044,Whole house or bungalow: Detached,25,21,11,10,4,3,1
S01013044,Whole house or bungalow: Semi-detached,139,70,31,39,69,56,13
S01013044,Whole house or bungalow: Terraced (including end-terrace),152,92,33,59,60,49,11
S01013044,Flat maisonette or apartment or mobile/temporary accommodation,7,1,0,1,6,5,1
S01013045,All households,277,185,56,129,92,65,27
S01013045,Whole house or bungalow: Total,252,177,52,125,75,55,20
S01013045,Whole house or bungalow: Detached,87,81,14,67,6,1,5
S01013045,Whole house or bungalow: Semi-detached,89,57,24,33,32,25,7
S01013045,Whole house or bungalow: Terraced (including end-terrace),76,39,14,25,37,29,8
S01013045,Flat maisonette or apartment or mobile/temporary accommodation,25,8,4,4,17,10,7
S01013046,All households,214,120,45,75,94,78,16
S01013046,Whole house or bungalow: Total,200,117,44,73,83,71,12
S01013046,Whole house or bungalow: Detached,5,3,1,2,2,1,1
S01013046,Whole house or bungalow: Semi-detached,82,52,23,29,30,26,4
S01013046,Whole house or bungalow: Terraced (including end-terrace),113,62,20,42,51,44,7
S01013046,Flat maisonette or apartment or mobile/temporary accommodation,14,3,1,2,11,7,4
S01013047,All households,350,326,85,241,24,7,17
S01013047,Whole house or bungalow: Total,338,319,81,238,19,6,13
S01013047,Whole house or bungalow: Detached,126,123,35,88,3,1,2
S01013047,Whole house or bungalow: Semi-detached,168,161,40,121,7,1,6
S01013047,Whole house or bungalow: Terraced (including end-terrace),44,35,6,29,9,4,5
S01013047,Flat maisonette or apartment or mobile/temporary accommodation,12,7,4,3,5,1,4
S01013048,All households,401,302,98,204,99,5,94
S01013048,Whole house or bungalow: Total,264,228,90,138,36,3,33
S01013048,Whole house or bungalow: Detached,65,58,24,34,7,1,6
S01013048,Whole house or bungalow: Semi-detached,184,161,63,98,23,1,22
S01013048,Whole house or bungalow: Terraced (including end-terrace),15,9,3,6,6,1,5
S01013048,Flat maisonette or apartment or mobile/temporary accommodation,137,74,8,66,63,2,61
S01013049,All households,354,317,144,173,37,8,29
S01013049,Whole house or bungalow: Total,275,258,129,129,17,5,12
S01013049,Whole house or bungalow: Detached,129,125,70,55,4,0,4
S01013049,Whole house or bungalow: Semi-detached,123,114,51,63,9,3,6
S01013049,Whole house or bungalow: Terraced (including end-terrace),23,19,8,11,4,2,2
S01013049,Flat maisonette or apartment or mobile/temporary accommodation,79,59,15,44,20,3,17
S01013050,All households,351,197,90,107,154,120,34
S01013050,Whole house or bungalow: Total,231,162,80,82,69,55,14
S01013050,Whole house or bungalow: Detached,36,33,23,10,3,3,0
S01013050,Whole house or bungalow: Semi-detached,121,90,33,57,31,23,8
S01013050,Whole house or bungalow: Terraced (including end-terrace),74,39,24,15,35,29,6
S01013050,Flat maisonette or apartment or mobile/temporary accommodation,120,35,10,25,85,65,20
S01013051,All households,422,255,101,154,167,135,32
S01013051,Whole house or bungalow: Total,309,224,88,136,85,66,19
S01013051,Whole house or bungalow: Detached,34,32,14,18,2,2,0
S01013051,Whole house or bungalow: Semi-detached,117,84,37,47,33,25,8
S01013051,Whole house or bungalow: Terraced (including end-terrace),158,108,37,71,50,39,11
S01013051,Flat maisonette or apartment or mobile/temporary accommodation,113,31,13,18,82,69,13
S01013052,All households,391,244,119,125,147,113,34
S01013052,Whole house or bungalow: Total,291,208,97,111,83,62,21
S01013052,Whole house or bungalow: Detached,22,20,15,5,2,0,2
S01013052,Whole house or bungalow: Semi-detached,138,103,44,59,35,28,7
S01013052,Whole house or bungalow: Terraced (including end-terrace),131,85,38,47,46,34,12
S01013052,Flat maisonette or apartment or mobile/temporary accommodation,100,36,22,14,64,51,13
S01013053,All households,337,130,59,71,207,162,45
S01013053,Whole house or bungalow: Total,95,65,30,35,30,22,8
S01013053,Whole house or bungalow: Detached,12,12,6,6,0,0,0
S01013053,Whole house or bungalow: Semi-detached,49,35,14,21,14,10,4
S01013053,Whole house or bungalow: Terraced (including end-terrace),34,18,10,8,16,12,4
S01013053,Flat maisonette or apartment or mobile/temporary accommodation,242,65,29,36,177,140,37
S01013054,All households,305,230,107,123,75,54,21
S01013054,Whole house or bungalow: Total,269,220,105,115,49,31,18
S01013054,Whole house or bungalow: Detached,64,60,39,21,4,3,1
S01013054,Whole house or bungalow: Semi-detached,144,118,42,76,26,14,12
S01013054,Whole house or bungalow: Terraced (including end-terrace),61,42,24,18,19,14,5
S01013054,Flat maisonette or apartment or mobile/temporary accommodation,36,10,2,8,26,23,3
S01013055,All households,336,192,89,103,144,98,46
S01013055,Whole house or bungalow: Total,230,156,79,77,74,49,25
S01013055,Whole house or bungalow: Detached,34,27,14,13,7,4,3
S01013055,Whole house or bungalow: Semi-detached,111,72,33,39,39,29,10
S01013055,Whole house or bungalow: Terraced (including end-terrace),85,57,32,25,28,16,12
S01013055,Flat maisonette or apartment or mobile/temporary accommodation,106,36,10,26,70,49,21
S01013056,All households,431,251,113,138,180,150,30
S01013056,Whole house or bungalow: Total,347,232,106,126,115,96,19
S01013056,Whole house or bungalow: Detached,33,24,8,16,9,8,1
S01013056,Whole house or bungalow: Semi-detached,174,119,55,64,55,45,10
S01013056,Whole house or bungalow: Terraced (including end-terrace),140,89,43,46,51,43,8
S01013056,Flat maisonette or apartment or mobile/temporary accommodation,84,19,7,12,65,54,11
S01013057,All households,369,128,51,77,241,223,18
S01013057,Whole house or bungalow: Total,230,104,44,60,126,111,15
S01013057,Whole house or bungalow: Detached,24,12,6,6,12,12,0
S01013057,Whole house or bungalow: Semi-detached,86,38,15,23,48,42,6
S01013057,Whole house or bungalow: Terraced (including end-terrace),120,54,23,31,66,57,9
S01013057,Flat maisonette or apartment or mobile/temporary accommodation,139,24,7,17,115,112,3
S01013058,All households,213,174,32,142,39,22,17
S01013058,Whole house or bungalow: Total,197,173,32,141,24,10,14
S01013058,Whole house or bungalow: Detached,109,104,23,81,5,1,4
S01013058,Whole house or bungalow: Semi-detached,71,55,7,48,16,7,9
S01013058,Whole house or bungalow: Terraced (including end-terrace),17,14,2,12,3,2,1
S01013058,Flat maisonette or apartment or mobile/temporary accommodation,16,1,0,1,15,12,3
S01013059,All households,406,332,225,107,74,13,61
S01013059,Whole house or bungalow: Total,237,217,136,81,20,3,17
S01013059,Whole house or bungalow: Detached,127,123,79,44,4,0,4
S01013059,Whole house or bungalow: Semi-detached,91,82,51,31,9,1,8
S01013059,Whole house or bungalow: Terraced (including end-terrace),19,12,6,6,7,2,5
S01013059,Flat maisonette or apartment or mobile/temporary accommodation,169,115,89,26,54,10,44
S01013060,All households,227,189,100,89,38,8,30
S01013060,Whole house or bungalow: Total,145,134,85,49,11,3,8
S01013060,Whole house or bungalow: Detached,56,55,38,17,1,0,1
S01013060,Whole house or bungalow: Semi-detached,80,71,44,27,9,3,6
S01013060,Whole house or bungalow: Terraced (including end-terrace),9,8,3,5,1,0,1
S01013060,Flat maisonette or apartment or mobile/temporary accommodation,82,55,15,40,27,5,22
S01013061,All households,362,340,222,118,22,0,22
S01013061,Whole house or bungalow: Total,332,323,213,110,9,0,9
S01013061,Whole house or bungalow: Detached,203,198,127,71,5,0,5
S01013061,Whole house or bungalow: Semi-detached,129,125,86,39,4,0,4
S01013061,Whole house or bungalow: Terraced (including end-terrace),0,0,0,0,0,0,0
S01013061,Flat maisonette or apartment or mobile/temporary accommodation,30,17,9,8,13,0,13
S01013062,All households,403,323,211,112,80,3,77
S01013062,Whole house or bungalow: Total,176,149,85,64,27,2,25
S01013062,Whole house or bungalow: Detached,77,67,42,25,10,0,10
S01013062,Whole house or bungalow: Semi-detached,89,75,40,35,14,0,14
S01013062,Whole house or bungalow: Terraced (including end-terrace),10,7,3,4,3,2,1
S01013062,Flat maisonette or apartment or mobile/temporary accommodation,227,174,126,48,53,1,52
S01013063,All households,371,275,160,115,96,43,53
S01013063,Whole house or bungalow: Total,179,171,96,75,8,0,8
S01013063,Whole house or bungalow: Detached,50,49,30,19,1,0,1
S01013063,Whole house or bungalow: Semi-detached,115,109,58,51,6,0,6
S01013063,Whole house or bungalow: Terraced (including end-terrace),14,13,8,5,1,0,1
S01013063,Flat maisonette or apartment or mobile/temporary accommodation,192,104,64,40,88,43,45
S01013064,All households,386,247,112,135,139,109,30
S01013064,Whole house or bungalow: Total,351,242,112,130,109,83,26
S01013064,Whole house or bungalow: Detached,13,7,0,7,6,4,2
S01013064,Whole house or bungalow: Semi-detached,124,78,25,53,46,37,9
S01013064,Whole house or bungalow: Terraced (including end-terrace),214,157,87,70,57,42,15
S01013064,Flat maisonette or apartment or mobile/temporary accommodation,35,5,0,5,30,26,4
S01013065,All households,415,206,90,116,209,133,76
S01013065,Whole house or bungalow: Total,210,127,54,73,83,61,22
S01013065,Whole house or bungalow: Detached,11,8,2,6,3,1,2
S01013065,Whole house or bungalow: Semi-detached,96,50,21,29,46,31,15
S01013065,Whole house or bungalow: Terraced (including end-terrace),103,69,31,38,34,29,5
S01013065,Flat maisonette or apartment or mobile/temporary accommodation,205,79,36,43,126,72,54
S01013066,All households,347,195,74,121,152,92,60
S01013066,Whole house or bungalow: Total,216,167,61,106,49,19,30
S01013066,Whole house or bungalow: Detached,29,22,13,9,7,1,6
S01013066,Whole house or bungalow: Semi-detached,109,82,31,51,27,9,18
S01013066,Whole house or bungalow: Terraced (including end-terrace),78,63,17,46,15,9,6
S01013066,Flat maisonette or apartment or mobile/temporary accommodation,131,28,13,15,103,73,30
S01013067,All households,396,82,24,58,314,61,253
S01013067,Whole house or bungalow: Total,18,12,6,6,6,0,6
S01013067,Whole house or bungalow: Detached,2,2,0,2,0,0,0
S01013067,Whole house or bungalow: Semi-detached,7,5,3,2,2,0,2
S01013067,Whole house or bungalow: Terraced (including end-terrace),9,5,3,2,4,0,4
S01013067,Flat maisonette or apartment or mobile/temporary accommodation,378,70,18,52,308,61,247
S01013068,All households,406,83,36,47,323,188,135
S01013068,Whole house or bungalow: Total,47,25,12,13,22,14,8
S01013068,Whole house or bungalow: Detached,13,8,5,3,5,3,2
S01013068,Whole house or bungalow: Semi-detached,18,12,4,8,6,4,2
S01013068,Whole house or bungalow: Terraced (including end-terrace),16,5,3,2,11,7,4
S01013068,Flat maisonette or apartment or mobile/temporary accommodation,359,58,24,34,301,174,127
S01013069,All households,350,99,49,50,251,76,175
S01013069,Whole house or bungalow: Total,59,39,26,13,20,8,12
S01013069,Whole house or bungalow: Detached,11,11,6,5,0,0,0
S01013069,Whole house or bungalow: Semi-detached,20,9,7,2,11,6,5
S01013069,Whole house or bungalow: Terraced (including end-terrace),28,19,13,6,9,2,7
S01013069,Flat maisonette or apartment or mobile/temporary accommodation,291,60,23,37,231,68,163
S01013070,All households,301,69,23,46,232,107,125
S01013070,Whole house or bungalow: Total,61,35,16,19,26,19,7
S01013070,Whole house or bungalow: Detached,10,5,4,1,5,2,3
S01013070,Whole house or bungalow: Semi-detached,30,19,9,10,11,8,3
S01013070,Whole house or bungalow: Terraced (including end-terrace),21,11,3,8,10,9,1
S01013070,Flat maisonette or apartment or mobile/temporary accommodation,240,34,7,27,206,88,118
S01013071,All households,359,90,30,60,269,35,234
S01013071,Whole house or bungalow: Total,16,9,5,4,7,3,4
S01013071,Whole house or bungalow: Detached,3,3,2,1,0,0,0
S01013071,Whole house or bungalow: Semi-detached,7,3,2,1,4,2,2
S01013071,Whole house or bungalow: Terraced (including end-terrace),6,3,1,2,3,1,2
S01013071,Flat maisonette or apartment or mobile/temporary accommodation,343,81,25,56,262,32,230
S01013072,All households,227,50,25,25,177,172,5
S01013072,Whole house or bungalow: Total,144,36,20,16,108,106,2
S01013072,Whole house or bungalow: Detached,10,3,2,1,7,7,0
S01013072,Whole house or bungalow: Semi-detached,100,20,10,10,80,79,1
S01013072,Whole house or bungalow: Terraced (including end-terrace),34,13,8,5,21,20,1
S01013072,Flat maisonette or apartment or mobile/temporary accommodation,83,14,5,9,69,66,3
S01013073,All households,352,118,23,95,234,193,41
S01013073,Whole house or bungalow: Total,112,46,14,32,66,58,8
S01013073,Whole house or bungalow: Detached,26,16,10,6,10,7,3
S01013073,Whole house or bungalow: Semi-detached,58,24,3,21,34,30,4
S01013073,Whole house or bungalow: Terraced (including end-terrace),28,6,1,5,22,21,1
S01013073,Flat maisonette or apartment or mobile/temporary accommodation,240,72,9,63,168,135,33
S01013074,All households,302,64,35,29,238,219,19
S01013074,Whole house or bungalow: Total,77,31,21,10,46,43,3
S01013074,Whole house or bungalow: Detached,10,8,5,3,2,2,0
S01013074,Whole house or bungalow: Semi-detached,50,19,14,5,31,28,3
S01013074,Whole house or bungalow: Terraced (including end-terrace),17,4,2,2,13,13,0
S01013074,Flat maisonette or apartment or mobile/temporary accommodation,225,33,14,19,192,176,16
S01013075,All households,481,125,63,62,356,309,47
S01013075,Whole house or bungalow: Total,129,41,23,18,88,74,14
S01013075,Whole house or bungalow: Detached,15,4,1,3,11,10,1
S01013075,Whole house or bungalow: Semi-detached,68,25,12,13,43,33,10
S01013075,Whole house or bungalow: Terraced (including end-terrace),46,12,10,2,34,31,3
S01013075,Flat maisonette or apartment or mobile/temporary accommodation,352,84,40,44,268,235,33
S01013076,All households,172,112,38,74,60,17,43
S01013076,Whole house or bungalow: Total,126,97,33,64,29,8,21
S01013076,Whole house or bungalow: Detached,66,54,17,37,12,0,12
S01013076,Whole house or bungalow: Semi-detached,30,22,7,15,8,4,4
S01013076,Whole house or bungalow: Terraced (including end-terrace),30,21,9,12,9,4,5
S01013076,Flat maisonette or apartment or mobile/temporary accommodation,46,15,5,10,31,9,22
S01013077,All households,297,137,67,70,160,140,20
S01013077,Whole house or bungalow: Total,209,124,64,60,85,70,15
S01013077,Whole house or bungalow: Detached,12,8,6,2,4,3,1
S01013077,Whole house or bungalow: Semi-detached,68,39,23,16,29,23,6
S01013077,Whole house or bungalow: Terraced (including end-terrace),129,77,35,42,52,44,8
S01013077,Flat maisonette or apartment or mobile/temporary accommodation,88,13,3,10,75,70,5
S01013078,All households,252,67,26,41,185,173,12
S01013078,Whole house or bungalow: Total,143,60,26,34,83,74,9
S01013078,Whole house or bungalow: Detached,16,12,6,6,4,3,1
S01013078,Whole house or bungalow: Semi-detached,40,18,6,12,22,17,5
S01013078,Whole house or bungalow: Terraced (including end-terrace),87,30,14,16,57,54,3
S01013078,Flat maisonette or apartment or mobile/temporary accommodation,109,7,0,7,102,99,3
S01013079,All households,376,297,76,221,79,45,34
S01013079,Whole house or bungalow: Total,320,273,71,202,47,24,23
S01013079,Whole house or bungalow: Detached,240,222,50,172,18,1,17
S01013079,Whole house or bungalow: Semi-detached,47,34,11,23,13,8,5
S01013079,Whole house or bungalow: Terraced (including end-terrace),33,17,10,7,16,15,1
S01013079,Flat maisonette or apartment or mobile/temporary accommodation,56,24,5,19,32,21,11
S01013080,All households,374,230,112,118,144,64,80
S01013080,Whole house or bungalow: Total,270,206,98,108,64,32,32
S01013080,Whole house or bungalow: Detached,111,92,44,48,19,5,14
S01013080,Whole house or bungalow: Semi-detached,101,82,38,44,19,11,8
S01013080,Whole house or bungalow: Terraced (including end-terrace),58,32,16,16,26,16,10
S01013080,Flat maisonette or apartment or mobile/temporary accommodation,104,24,14,10,80,32,48
S01013081,All households,280,256,152,104,24,5,19
S01013081,Whole house or bungalow: Total,262,250,147,103,12,3,9
S01013081,Whole house or bungalow: Detached,144,141,82,59,3,1,2
S01013081,Whole house or bungalow: Semi-detached,111,104,64,40,7,1,6
S01013081,Whole house or bungalow: Terraced (including end-terrace),7,5,1,4,2,1,1
S01013081,Flat maisonette or apartment or mobile/temporary accommodation,18,6,5,1,12,2,10
S01013082,All households,395,363,208,155,32,5,27
S01013082,Whole house or bungalow: Total,387,361,207,154,26,2,24
S01013082,Whole house or bungalow: Detached,219,205,118,87,14,2,12
S01013082,Whole house or bungalow: Semi-detached,158,147,85,62,11,0,11
S01013082,Whole house or bungalow: Terraced (including end-terrace),10,9,4,5,1,0,1
S01013082,Flat maisonette or apartment or mobile/temporary accommodation,8,2,1,1,6,3,3
S01013083,All households,187,163,84,79,24,4,20
S01013083,Whole house or bungalow: Total,175,161,83,78,14,3,11
S01013083,Whole house or bungalow: Detached,103,101,59,42,2,0,2
S01013083,Whole house or bungalow: Semi-detached,62,50,22,28,12,3,9
S01013083,Whole house or bungalow: Terraced (including end-terrace),10,10,2,8,0,0,0
S01013083,Flat maisonette or apartment or mobile/temporary accommodation,12,2,1,1,10,1,9
S01013084,All households,307,289,172,117,18,2,16
S01013084,Whole house or bungalow: Total,302,287,170,117,15,2,13
S01013084,Whole house or bungalow: Detached,175,167,106,61,8,0,8
S01013084,Whole house or bungalow: Semi-detached,126,120,64,56,6,2,4
S01013084,Whole house or bungalow: Terraced (including end-terrace),1,0,0,0,1,0,1
S01013084,Flat maisonette or apartment or mobile/temporary accommodation,5,2,2,0,3,0,3
S01013085,All households,259,133,64,69,126,98,28
S01013085,Whole house or bungalow: Total,202,132,63,69,70,50,20
S01013085,Whole house or bungalow: Detached,12,9,4,5,3,2,1
S01013085,Whole house or bungalow: Semi-detached,113,83,39,44,30,19,11
S01013085,Whole house or bungalow: Terraced (including end-terrace),77,40,20,20,37,29,8
S01013085,Flat maisonette or apartment or mobile/temporary accommodation,57,1,1,0,56,48,8
S01013086,All households,448,253,154,99,195,42,153
S01013086,Whole house or bungalow: Total,156,122,74,48,34,4,30
S01013086,Whole house or bungalow: Detached,68,60,41,19,8,0,8
S01013086,Whole house or bungalow: Semi-detached,62,47,28,19,15,2,13
S01013086,Whole house or bungalow: Terraced (including end-terrace),26,15,5,10,11,2,9
S01013086,Flat maisonette or apartment or mobile/temporary accommodation,292,131,80,51,161,38,123
S01013087,All households,327,255,165,90,72,5,67
S01013087,Whole house or bungalow: Total,211,188,123,65,23,1,22
S01013087,Whole house or bungalow: Detached,143,136,92,44,7,0,7
S01013087,Whole house or bungalow: Semi-detached,57,44,26,18,13,1,12
S01013087,Whole house or bungalow: Terraced (including end-terrace),11,8,5,3,3,0,3
S01013087,Flat maisonette or apartment or mobile/temporary accommodation,116,67,42,25,49,4,45
S01013088,All households,388,342,212,130,46,7,39
S01013088,Whole house or bungalow: Total,324,298,181,117,26,4,22
S01013088,Whole house or bungalow: Detached,277,260,163,97,17,0,17
S01013088,Whole house or bungalow: Semi-detached,28,23,13,10,5,3,2
S01013088,Whole house or bungalow: Terraced (including end-terrace),19,15,5,10,4,1,3
S01013088,Flat maisonette or apartment or mobile/temporary accommodation,64,44,31,13,20,3,17
S01013089,All households,359,235,131,104,124,64,60
S01013089,Whole house or bungalow: Total,183,150,84,66,33,28,5
S01013089,Whole house or bungalow: Detached,47,45,31,14,2,2,0
S01013089,Whole house or bungalow: Semi-detached,94,76,43,33,18,15,3
S01013089,Whole house or bungalow: Terraced (including end-terrace),42,29,10,19,13,11,2
S01013089,Flat maisonette or apartment or mobile/temporary accommodation,176,85,47,38,91,36,55
S01013090,All households,349,185,91,94,164,27,137
S01013090,Whole house or bungalow: Total,125,96,50,46,29,9,20
S01013090,Whole house or bungalow: Detached,12,7,3,4,5,1,4
S01013090,Whole house or bungalow: Semi-detached,40,32,16,16,8,2,6
S01013090,Whole house or bungalow: Terraced (including end-terrace),73,57,31,26,16,6,10
S01013090,Flat maisonette or apartment or mobile/temporary accommodation,224,89,41,48,135,18,117
S01013091,All households,254,100,42,58,154,23,131
S01013091,Whole house or bungalow: Total,21,14,11,3,7,1,6
S01013091,Whole house or bungalow: Detached,1,0,0,0,1,0,1
S01013091,Whole house or bungalow: Semi-detached,7,3,2,1,4,1,3
S01013091,Whole house or bungalow: Terraced (including end-terrace),13,11,9,2,2,0,2
S01013091,Flat maisonette or apartment or mobile/temporary accommodation,233,86,31,55,147,22,125
S01013092,All households,440,241,109,132,199,77,122
S01013092,Whole house or bungalow: Total,197,137,63,74,60,48,12
S01013092,Whole house or bungalow: Detached,11,9,3,6,2,1,1
S01013092,Whole house or bungalow: Semi-detached,136,101,50,51,35,31,4
S01013092,Whole house or bungalow: Terraced (including end-terrace),50,27,10,17,23,16,7
S01013092,Flat maisonette or apartment or mobile/temporary accommodation,243,104,46,58,139,29,110
S01013093,All households,223,178,123,55,45,8,37
S01013093,Whole house or bungalow: Total,202,169,115,54,33,6,27
S01013093,Whole house or bungalow: Detached,132,116,91,25,16,3,13
S01013093,Whole house or bungalow: Semi-detached,32,25,11,14,7,1,6
S01013093,Whole house or bungalow: Terraced (including end-terrace),38,28,13,15,10,2,8
S01013093,Flat maisonette or apartment or mobile/temporary accommodation,21,9,8,1,12,2,10
S01013094,All households,230,225,126,99,5,0,5
S01013094,Whole house or bungalow: Total,230,225,126,99,5,0,5
S01013094,Whole house or bungalow: Detached,185,182,107,75,3,0,3
S01013094,Whole house or bungalow: Semi-detached,38,38,17,21,0,0,0
S01013094,Whole house or bungalow: Terraced (including end-terrace),7,5,2,3,2,0,2
S01013094,Flat maisonette or apartment or mobile/temporary accommodation,0,0,0,0,0,0,0
S01013095,All households,282,269,114,155,13,1,12
S01013095,Whole house or bungalow: Total,273,263,110,153,10,1,9
S01013095,Whole house or bungalow: Detached,257,251,103,148,6,0,6
S01013095,Whole house or bungalow: Semi-detached,11,9,6,3,2,1,1
S01013095,Whole house or bungalow: Terraced (including end-terrace),5,3,1,2,2,0,2
S01013095,Flat maisonette or apartment or mobile/temporary accommodation,9,6,4,2,3,0,3
S01013096,All households,213,120,43,77,93,44,49
S01013096,Whole house or bungalow: Total,181,115,42,73,66,38,28
S01013096,Whole house or bungalow: Detached,8,4,2,2,4,2,2
S01013096,Whole house or bungalow: Semi-detached,70,44,16,28,26,14,12
S01013096,Whole house or bungalow: Terraced (including end-terrace),103,67,24,43,36,22,14
S01013096,Flat maisonette or apartment or mobile/temporary accommodation,32,5,1,4,27,6,21
S01013097,All households,248,200,93,107,48,6,42
S01013097,Whole house or bungalow: Total,220,178,84,94,42,5,37
S01013097,Whole house or bungalow: Detached,123,104,57,47,19,0,19
S01013097,Whole house or bungalow: Semi-detached,59,41,13,28,18,4,14
S01013097,Whole house or bungalow: Terraced (including end-terrace),38,33,14,19,5,1,4
S01013097,Flat maisonette or apartment or mobile/temporary accommodation,28,22,9,13,6,1,5
S01013098,All households,189,183,43,140,6,1,5
S01013098,Whole house or bungalow: Total,186,180,40,140,6,1,5
S01013098,Whole house or bungalow: Detached,179,174,39,135,5,0,5
S01013098,Whole house or bungalow: Semi-detached,6,5,1,4,1,1,0
S01013098,Whole house or bungalow: Terraced (including end-terrace),1,1,0,1,0,0,0
S01013098,Flat maisonette or apartment or mobile/temporary accommodation,3,3,3,0,0,0,0
S01013099,All households,439,318,175,143,121,22,99
S01013099,Whole house or bungalow: Total,255,219,127,92,36,7,29
S01013099,Whole house or bungalow: Detached,104,99,59,40,5,0,5
S01013099,Whole house or bungalow: Semi-detached,77,62,36,26,15,5,10
S01013099,Whole house or bungalow: Terraced (including end-terrace),74,58,32,26,16,2,14
S01013099,Flat maisonette or apartment or mobile/temporary accommodation,184,99,48,51,85,15,70
S01013100,All households,265,247,168,79,18,1,17
S01013100,Whole house or bungalow: Total,223,213,146,67,10,1,9
S01013100,Whole house or bungalow: Detached,146,143,100,43,3,0,3
S01013100,Whole house or bungalow: Semi-detached,64,58,38,20,6,0,6
S01013100,Whole house or bungalow: Terraced (including end-terrace),13,12,8,4,1,1,0
S01013100,Flat maisonette or apartment or mobile/temporary accommodation,42,34,22,12,8,0,8
S01013101,All households,502,294,131,163,208,153,55
S01013101,Whole house or bungalow: Total,298,212,96,116,86,59,27
S01013101,Whole house or bungalow: Detached,47,45,26,19,2,0,2
S01013101,Whole house or bungalow: Semi-detached,100,70,32,38,30,20,10
S01013101,Whole house or bungalow: Terraced (including end-terrace),151,97,38,59,54,39,15
S01013101,Flat maisonette or apartment or mobile/temporary accommodation,204,82,35,47,122,94,28
S01013102,All households,291,257,159,98,34,13,21
S01013102,Whole house or bungalow: Total,203,193,119,74,10,3,7
S01013102,Whole house or bungalow: Detached,163,160,103,57,3,0,3
S01013102,Whole house or bungalow: Semi-detached,30,26,12,14,4,1,3
S01013102,Whole house or bungalow: Terraced (including end-terrace),10,7,4,3,3,2,1
S01013102,Flat maisonette or apartment or mobile/temporary accommodation,88,64,40,24,24,10,14
S01013103,All households,289,278,97,181,11,4,7
S01013103,Whole house or bungalow: Total,287,278,97,181,9,2,7
S01013103,Whole house or bungalow: Detached,248,242,86,156,6,0,6
S01013103,Whole house or bungalow: Semi-detached,32,30,9,21,2,2,0
S01013103,Whole house or bungalow: Terraced (including end-terrace),7,6,2,4,1,0,1
S01013103,Flat maisonette or apartment or mobile/temporary accommodation,2,0,0,0,2,2,0
S01013104,All households,404,377,202,175,27,8,19
S01013104,Whole house or bungalow: Total,384,363,198,165,21,4,17
S01013104,Whole house or bungalow: Detached,201,196,106,90,5,1,4
S01013104,Whole house or bungalow: Semi-detached,170,158,87,71,12,1,11
S01013104,Whole house or bungalow: Terraced (including end-terrace),13,9,5,4,4,2,2
S01013104,Flat maisonette or apartment or mobile/temporary accommodation,20,14,4,10,6,4,2
S01013105,All households,387,330,182,148,57,15,42
S01013105,Whole house or bungalow: Total,273,254,142,112,19,5,14
S01013105,Whole house or bungalow: Detached,185,178,102,76,7,0,7
S01013105,Whole house or bungalow: Semi-detached,82,70,36,34,12,5,7
S01013105,Whole house or bungalow: Terraced (including end-terrace),6,6,4,2,0,0,0
S01013105,Flat maisonette or apartment or mobile/temporary accommodation,114,76,40,36,38,10,28
S01013106,All households,350,254,116,138,96,43,53
S01013106,Whole house or bungalow: Total,231,188,89,99,43,20,23
S01013106,Whole house or bungalow: Detached,93,84,38,46,9,1,8
S01013106,Whole house or bungalow: Semi-detached,76,54,30,24,22,15,7
S01013106,Whole house or bungalow: Terraced (including end-terrace),62,50,21,29,12,4,8
S01013106,Flat maisonette or apartment or mobile/temporary accommodation,119,66,27,39,53,23,30
S01013107,All households,275,208,126,82,67,5,62
S01013107,Whole house or bungalow: Total,265,203,123,80,62,2,60
S01013107,Whole house or bungalow: Detached,233,185,116,69,48,0,48
S01013107,Whole house or bungalow: Semi-detached,28,16,7,9,12,0,12
S01013107,Whole house or bungalow: Terraced (including end-terrace),4,2,0,2,2,2,0
S01013107,Flat maisonette or apartment or mobile/temporary accommodation,10,5,3,2,5,3,2
S01013108,All households,255,163,96,67,92,71,21
S01013108,Whole house or bungalow: Total,196,143,90,53,53,34,19
S01013108,Whole house or bungalow: Detached,115,97,67,30,18,3,15
S01013108,Whole house or bungalow: Semi-detached,64,35,21,14,29,25,4
S01013108,Whole house or bungalow: Terraced (including end-terrace),17,11,2,9,6,6,0
S01013108,Flat maisonette or apartment or mobile/temporary accommodation,59,20,6,14,39,37,2
S01013109,All households,412,326,178,148,86,20,66
S01013109,Whole house or bungalow: Total,400,323,176,147,77,17,60
S01013109,Whole house or bungalow: Detached,220,191,116,75,29,1,28
S01013109,Whole house or bungalow: Semi-detached,128,83,35,48,45,15,30
S01013109,Whole house or bungalow: Terraced (including end-terrace),52,49,25,24,3,1,2
S01013109,Flat maisonette or apartment or mobile/temporary accommodation,12,3,2,1,9,3,6
S01013110,All households,245,171,100,71,74,26,48
S01013110,Whole house or bungalow: Total,233,166,98,68,67,21,46
S01013110,Whole house or bungalow: Detached,150,115,75,40,35,2,33
S01013110,Whole house or bungalow: Semi-detached,55,38,19,19,17,7,10
S01013110,Whole house or bungalow: Terraced (including end-terrace),28,13,4,9,15,12,3
S01013110,Flat maisonette or apartment or mobile/temporary accommodation,12,5,2,3,7,5,2
S01013111,All households,192,158,98,60,34,17,17
S01013111,Whole house or bungalow: Total,178,152,94,58,26,13,13
S01013111,Whole house or bungalow: Detached,96,89,60,29,7,0,7
S01013111,Whole house or bungalow: Semi-detached,55,39,24,15,16,13,3
S01013111,Whole house or bungalow: Terraced (including end-terrace),27,24,10,14,3,0,3
S01013111,Flat maisonette or apartment or mobile/temporary accommodation,14,6,4,2,8,4,4
S01013112,All households,265,179,69,110,86,58,28
S01013112,Whole house or bungalow: Total,198,161,63,98,37,22,15
S01013112,Whole house or bungalow: Detached,89,84,37,47,5,3,2
S01013112,Whole house or bungalow: Semi-detached,85,59,19,40,26,17,9
S01013112,Whole house or bungalow: Terraced (including end-terrace),24,18,7,11,6,2,4
S01013112,Flat maisonette or apartment or mobile/temporary accommodation,67,18,6,12,49,36,13
S01013113,All households,372,230,110,120,142,128,14
S01013113,Whole house or bungalow: Total,354,225,108,117,129,118,11
S01013113,Whole house or bungalow: Detached,82,76,44,32,6,5,1
S01013113,Whole house or bungalow: Semi-detached,170,81,39,42,89,82,7
S01013113,Whole house or bungalow: Terraced (including end-terrace),102,68,25,43,34,31,3
S01013113,Flat maisonette or apartment or mobile/temporary accommodation,18,5,2,3,13,10,3
S01013114,All households,337,213,134,79,124,46,78
S01013114,Whole house or bungalow: Total,294,202,125,77,92,27,65
S01013114,Whole house or bungalow: Detached,210,157,103,54,53,2,51
S01013114,Whole house or bungalow: Semi-detached,55,31,16,15,24,12,12
S01013114,Whole house or bungalow: Terraced (including end-terrace),29,14,6,8,15,13,2
S01013114,Flat maisonette or apartment or mobile/temporary accommodation,43,11,9,2,32,19,13
S01013115,All households,320,186,103,83,134,75,59
S01013115,Whole house or bungalow: Total,135,91,55,36,44,26,18
S01013115,Whole house or bungalow: Detached,50,42,30,12,8,3,5
S01013115,Whole house or bungalow: Semi-detached,56,32,18,14,24,13,11
S01013115,Whole house or bungalow: Terraced (including end-terrace),29,17,7,10,12,10,2
S01013115,Flat maisonette or apartment or mobile/temporary accommodation,185,95,48,47,90,49,41
S01013116,All households,331,311,200,111,20,4,16
S01013116,Whole house or bungalow: Total,282,271,178,93,11,3,8
S01013116,Whole house or bungalow: Detached,216,209,141,68,7,0,7
S01013116,Whole house or bungalow: Semi-detached,46,43,23,20,3,3,0
S01013116,Whole house or bungalow: Terraced (including end-terrace),20,19,14,5,1,0,1
S01013116,Flat maisonette or apartment or mobile/temporary accommodation,49,40,22,18,9,1,8
S01013117,All households,271,165,66,99,106,78,28
S01013117,Whole house or bungalow: Total,181,127,57,70,54,44,10
S01013117,Whole house or bungalow: Detached,49,45,25,20,4,1,3
S01013117,Whole house or bungalow: Semi-detached,94,54,24,30,40,35,5
S01013117,Whole house or bungalow: Terraced (including end-terrace),38,28,8,20,10,8,2
S01013117,Flat maisonette or apartment or mobile/temporary accommodation,90,38,9,29,52,34,18
S01013118,All households,195,156,85,71,39,15,24
S01013118,Whole house or bungalow: Total,186,152,84,68,34,15,19
S01013118,Whole house or bungalow: Detached,123,112,67,45,11,0,11
S01013118,Whole house or bungalow: Semi-detached,56,35,15,20,21,14,7
S01013118,Whole house or bungalow: Terraced (including end-terrace),7,5,2,3,2,1,1
S01013118,Flat maisonette or apartment or mobile/temporary accommodation,9,4,1,3,5,0,5
S01013119,All households,337,232,138,94,105,56,49
S01013119,Whole house or bungalow: Total,315,226,136,90,89,44,45
S01013119,Whole house or bungalow: Detached,207,172,113,59,35,1,34
S01013119,Whole house or bungalow: Semi-detached,74,39,19,20,35,24,11
S01013119,Whole house or bungalow: Terraced (including end-terrace),34,15,4,11,19,19,0
S01013119,Flat maisonette or apartment or mobile/temporary accommodation,22,6,2,4,16,12,4
S01013120,All households,440,248,159,89,192,96,96
S01013120,Whole house or bungalow: Total,368,235,150,85,133,60,73
S01013120,Whole house or bungalow: Detached,196,157,104,53,39,3,36
S01013120,Whole house or bungalow: Semi-detached,127,56,35,21,71,44,27
S01013120,Whole house or bungalow: Terraced (including end-terrace),45,22,11,11,23,13,10
S01013120,Flat maisonette or apartment or mobile/temporary accommodation,72,13,9,4,59,36,23
S01013121,All households,146,73,44,29,73,49,24
S01013121,Whole house or bungalow: Total,133,70,42,28,63,42,21
S01013121,Whole house or bungalow: Detached,69,48,35,13,21,2,19
S01013121,Whole house or bungalow: Semi-detached,39,10,3,7,29,28,1
S01013121,Whole house or bungalow: Terraced (including end-terrace),25,12,4,8,13,12,1
S01013121,Flat maisonette or apartment or mobile/temporary accommodation,13,3,2,1,10,7,3
S01013122,All households,333,74,22,52,259,239,20
S01013122,Whole house or bungalow: Total,44,28,2,26,16,10,6
S01013122,Whole house or bungalow: Detached,3,2,1,1,1,0,1
S01013122,Whole house or bungalow: Semi-detached,4,1,0,1,3,3,0
S01013122,Whole house or bungalow: Terraced (including end-terrace),37,25,1,24,12,7,5
S01013122,Flat maisonette or apartment or mobile/temporary accommodation,289,46,20,26,243,229,14
S01013123,All households,414,193,66,127,221,186,35
S01013123,Whole house or bungalow: Total,107,89,39,50,18,11,7
S01013123,Whole house or bungalow: Detached,8,5,0,5,3,1,2
S01013123,Whole house or bungalow: Semi-detached,10,6,5,1,4,3,1
S01013123,Whole house or bungalow: Terraced (including end-terrace),89,78,34,44,11,7,4
S01013123,Flat maisonette or apartment or mobile/temporary accommodation,307,104,27,77,203,175,28
S01013124,All households,334,213,69,144,121,108,13
S01013124,Whole house or bungalow: Total,143,106,34,72,37,32,5
S01013124,Whole house or bungalow: Detached,4,1,1,0,3,2,1
S01013124,Whole house or bungalow: Semi-detached,76,57,19,38,19,17,2
S01013124,Whole house or bungalow: Terraced (including end-terrace),63,48,14,34,15,13,2
S01013124,Flat maisonette or apartment or mobile/temporary accommodation,191,107,35,72,84,76,8
S01013125,All households,374,256,111,145,118,92,26
S01013125,Whole house or bungalow: Total,205,178,87,91,27,15,12
S01013125,Whole house or bungalow: Detached,9,7,3,4,2,0,2
S01013125,Whole house or bungalow: Semi-detached,82,74,39,35,8,3,5
S01013125,Whole house or bungalow: Terraced (including end-terrace),114,97,45,52,17,12,5
S01013125,Flat maisonette or apartment or mobile/temporary accommodation,169,78,24,54,91,77,14
S01013126,All households,342,100,33,67,242,233,9
S01013126,Whole house or bungalow: Total,135,60,19,41,75,74,1
S01013126,Whole house or bungalow: Detached,8,2,1,1,6,5,1
S01013126,Whole house or bungalow: Semi-detached,47,24,5,19,23,23,0
S01013126,Whole house or bungalow: Terraced (including end-terrace),80,34,13,21,46,46,0
S01013126,Flat maisonette or apartment or mobile/temporary accommodation,207,40,14,26,167,159,8
S01013127,All households,378,117,52,65,261,248,13
S01013127,Whole house or bungalow: Total,141,69,36,33,72,67,5
S01013127,Whole house or bungalow: Detached,3,1,1,0,2,2,0
S01013127,Whole house or bungalow: Semi-detached,36,12,6,6,24,23,1
S01013127,Whole house or bungalow: Terraced (including end-terrace),102,56,29,27,46,42,4
S01013127,Flat maisonette or apartment or mobile/temporary accommodation,237,48,16,32,189,181,8
S01013128,All households,455,163,30,133,292,205,87
S01013128,Whole house or bungalow: Total,51,24,12,12,27,22,5
S01013128,Whole house or bungalow: Detached,4,1,1,0,3,1,2
S01013128,Whole house or bungalow: Semi-detached,11,4,2,2,7,7,0
S01013128,Whole house or bungalow: Terraced (including end-terrace),36,19,9,10,17,14,3
S01013128,Flat maisonette or apartment or mobile/temporary accommodation,404,139,18,121,265,183,82
S01013129,All households,533,279,82,197,254,208,46
S01013129,Whole house or bungalow: Total,202,154,61,93,48,42,6
S01013129,Whole house or bungalow: Detached,7,6,2,4,1,1,0
S01013129,Whole house or bungalow: Semi-detached,34,21,9,12,13,10,3
S01013129,Whole house or bungalow: Terraced (including end-terrace),161,127,50,77,34,31,3
S01013129,Flat maisonette or apartment or mobile/temporary accommodation,331,125,21,104,206,166,40
S01013130,All households,340,107,19,88,233,199,34
S01013130,Whole house or bungalow: Total,57,28,5,23,29,26,3
S01013130,Whole house or bungalow: Detached,3,1,0,1,2,2,0
S01013130,Whole house or bungalow: Semi-detached,22,13,2,11,9,8,1
S01013130,Whole house or bungalow: Terraced (including end-terrace),32,14,3,11,18,16,2
S01013130,Flat maisonette or apartment or mobile/temporary accommodation,283,79,14,65,204,173,31
S01013131,All households,316,104,29,75,212,197,15
S01013131,Whole house or bungalow: Total,117,83,21,62,34,29,5
S01013131,Whole house or bungalow: Detached,2,1,1,0,1,1,0
S01013131,Whole house or bungalow: Semi-detached,88,66,15,51,22,17,5
S01013131,Whole house or bungalow: Terraced (including end-terrace),27,16,5,11,11,11,0
S01013131,Flat maisonette or apartment or mobile/temporary accommodation,199,21,8,13,178,168,10
S01013132,All households,318,63,13,50,255,238,17
S01013132,Whole house or bungalow: Total,64,22,5,17,42,39,3
S01013132,Whole house or bungalow: Detached,5,3,2,1,2,2,0
S01013132,Whole house or bungalow: Semi-detached,18,11,1,10,7,7,0
S01013132,Whole house or bungalow: Terraced (including end-terrace),41,8,2,6,33,30,3
S01013132,Flat maisonette or apartment or mobile/temporary accommodation,254,41,8,33,213,199,14
S01013133,All households,441,107,22,85,334,309,25
S01013133,Whole house or bungalow: Total,99,63,10,53,36,30,6
S01013133,Whole house or bungalow: Detached,5,4,3,1,1,1,0
S01013133,Whole house or bungalow: Semi-detached,31,22,3,19,9,8,1
S01013133,Whole house or bungalow: Terraced (including end-terrace),63,37,4,33,26,21,5
S01013133,Flat maisonette or apartment or mobile/temporary accommodation,342,44,12,32,298,279,19
S01013134,All households,376,237,112,125,139,116,23
S01013134,Whole house or bungalow: Total,218,178,87,91,40,31,9
S01013134,Whole house or bungalow: Detached,46,40,21,19,6,2,4
S01013134,Whole house or bungalow: Semi-detached,50,37,19,18,13,12,1
S01013134,Whole house or bungalow: Terraced (including end-terrace),122,101,47,54,21,17,4
S01013134,Flat maisonette or apartment or mobile/temporary accommodation,158,59,25,34,99,85,14
S01013135,All households,391,102,28,74,289,267,22
S01013135,Whole house or bungalow: Total,72,29,7,22,43,39,4
S01013135,Whole house or bungalow: Detached,5,3,0,3,2,2,0
S01013135,Whole house or bungalow: Semi-detached,46,20,6,14,26,25,1
S01013135,Whole house or bungalow: Terraced (including end-terrace),21,6,1,5,15,12,3
S01013135,Flat maisonette or apartment or mobile/temporary accommodation,319,73,21,52,246,228,18
S01013136,All households,395,258,128,130,137,124,13
S01013136,Whole house or bungalow: Total,146,105,46,59,41,35,6
S01013136,Whole house or bungalow: Detached,7,5,1,4,2,1,1
S01013136,Whole house or bungalow: Semi-detached,120,88,39,49,32,27,5
S01013136,Whole house or bungalow: Terraced (including end-terrace),19,12,6,6,7,7,0
S01013136,Flat maisonette or apartment or mobile/temporary accommodation,249,153,82,71,96,89,7
S01013137,All households,307,188,111,77,119,116,3
S01013137,Whole house or bungalow: Total,202,140,69,71,62,60,2
S01013137,Whole house or bungalow: Detached,4,4,0,4,0,0,0
S01013137,Whole house or bungalow: Semi-detached,172,124,61,63,48,46,2
S01013137,Whole house or bungalow: Terraced (including end-terrace),26,12,8,4,14,14,0
S01013137,Flat maisonette or apartment or mobile/temporary accommodation,105,48,42,6,57,56,1
S01013138,All households,342,91,27,64,251,231,20
S01013138,Whole house or bungalow: Total,59,28,10,18,31,29,2
S01013138,Whole house or bungalow: Detached,3,2,0,2,1,1,0
S01013138,Whole house or bungalow: Semi-detached,39,17,8,9,22,20,2
S01013138,Whole house or bungalow: Terraced (including end-terrace),17,9,2,7,8,8,0
S01013138,Flat maisonette or apartment or mobile/temporary accommodation,283,63,17,46,220,202,18
S01013139,All households,409,133,56,77,276,258,18
S01013139,Whole house or bungalow: Total,170,83,40,43,87,81,6
S01013139,Whole house or bungalow: Detached,17,12,5,7,5,5,0
S01013139,Whole house or bungalow: Semi-detached,75,36,19,17,39,37,2
S01013139,Whole house or bungalow: Terraced (including end-terrace),78,35,16,19,43,39,4
S01013139,Flat maisonette or apartment or mobile/temporary accommodation,239,50,16,34,189,177,12
S01013140,All households,366,154,72,82,212,195,17
S01013140,Whole house or bungalow: Total,174,102,45,57,72,60,12
S01013140,Whole house or bungalow: Detached,6,2,0,2,4,2,2
S01013140,Whole house or bungalow: Semi-detached,81,47,23,24,34,27,7
S01013140,Whole house or bungalow: Terraced (including end-terrace),87,53,22,31,34,31,3
S01013140,Flat maisonette or apartment or mobile/temporary accommodation,192,52,27,25,140,135,5
S01013141,All households,330,132,50,82,198,164,34
S01013141,Whole house or bungalow: Total,97,72,29,43,25,19,6
S01013141,Whole house or bungalow: Detached,4,3,1,2,1,1,0
S01013141,Whole house or bungalow: Semi-detached,34,24,10,14,10,6,4
S01013141,Whole house or bungalow: Terraced (including end-terrace),59,45,18,27,14,12,2
S01013141,Flat maisonette or apartment or mobile/temporary accommodation,233,60,21,39,173,145,28
S01013142,All households,517,51,17,34,466,457,9
S01013142,Whole house or bungalow: Total,68,24,9,15,44,42,2
S01013142,Whole house or bungalow: Detached,4,1,1,0,3,2,1
S01013142,Whole house or bungalow: Semi-detached,18,9,4,5,9,9,0
S01013142,Whole house or bungalow: Terraced (including end-terrace),46,14,4,10,32,31,1
S01013142,Flat maisonette or apartment or mobile/temporary accommodation,449,27,8,19,422,415,7
S01013143,All households,419,247,104,143,172,150,22
S01013143,Whole house or bungalow: Total,147,108,51,57,39,36,3
S01013143,Whole house or bungalow: Detached,7,4,1,3,3,3,0
S01013143,Whole house or bungalow: Semi-detached,59,43,24,19,16,14,2
S01013143,Whole house or bungalow: Terraced (including end-terrace),81,61,26,35,20,19,1
S01013143,Flat maisonette or apartment or mobile/temporary accommodation,272,139,53,86,133,114,19
S01013144,All households,427,266,126,140,161,139,22
S01013144,Whole house or bungalow: Total,154,116,60,56,38,33,5
S01013144,Whole house or bungalow: Detached,22,21,9,12,1,0,1
S01013144,Whole house or bungalow: Semi-detached,82,70,36,34,12,12,0
S01013144,Whole house or bungalow: Terraced (including end-terrace),50,25,15,10,25,21,4
S01013144,Flat maisonette or apartment or mobile/temporary accommodation,273,150,66,84,123,106,17
S01013145,All households,336,226,87,139,110,96,14
S01013145,Whole house or bungalow: Total,121,95,37,58,26,25,1
S01013145,Whole house or bungalow: Detached,7,7,3,4,0,0,0
S01013145,Whole house or bungalow: Semi-detached,104,81,34,47,23,22,1
S01013145,Whole house or bungalow: Terraced (including end-terrace),10,7,0,7,3,3,0
S01013145,Flat maisonette or apartment or mobile/temporary accommodation,215,131,50,81,84,71,13
S01013146,All households,197,131,48,83,66,61,5
S01013146,Whole house or bungalow: Total,61,44,16,28,17,15,2
S01013146,Whole house or bungalow: Detached,0,0,0,0,0,0,0
S01013146,Whole house or bungalow: Semi-detached,45,31,11,20,14,12,2
S01013146,Whole house or bungalow: Terraced (including end-terrace),16,13,5,8,3,3,0
S01013146,Flat maisonette or apartment or mobile/temporary accommodation,136,87,32,55,49,46,3
S01013147,All households,307,210,83,127,97,87,10
S01013147,Whole house or bungalow: Total,212,182,67,115,30,23,7
S01013147,Whole house or bungalow: Detached,58,55,17,38,3,0,3
S01013147,Whole house or bungalow: Semi-detached,76,66,23,43,10,9,1
S01013147,Whole house or bungalow: Terraced (including end-terrace),78,61,27,34,17,14,3
S01013147,Flat maisonette or apartment or mobile/temporary accommodation,95,28,16,12,67,64,3
S01013148,All households,381,277,124,153,104,67,37
S01013148,Whole house or bungalow: Total,140,122,73,49,18,11,7
S01013148,Whole house or bungalow: Detached,30,30,17,13,0,0,0
S01013148,Whole house or bungalow: Semi-detached,75,65,42,23,10,7,3
S01013148,Whole house or bungalow: Terraced (including end-terrace),35,27,14,13,8,4,4
S01013148,Flat maisonette or apartment or mobile/temporary accommodation,241,155,51,104,86,56,30
S01013149,All households,418,289,98,191,129,88,41
S01013149,Whole house or bungalow: Total,125,110,42,68,15,11,4
S01013149,Whole house or bungalow: Detached,8,6,4,2,2,2,0
S01013149,Whole house or bungalow: Semi-detached,54,46,22,24,8,4,4
S01013149,Whole house or bungalow: Terraced (including end-terrace),63,58,16,42,5,5,0
S01013149,Flat maisonette or apartment or mobile/temporary accommodation,293,179,56,123,114,77,37
S01013150,All households,403,274,146,128,129,103,26
S01013150,Whole house or bungalow: Total,258,209,124,85,49,36,13
S01013150,Whole house or bungalow: Detached,47,42,31,11,5,2,3
S01013150,Whole house or bungalow: Semi-detached,112,90,51,39,22,16,6
S01013150,Whole house or bungalow: Terraced (including end-terrace),99,77,42,35,22,18,4
S01013150,Flat maisonette or apartment or mobile/temporary accommodation,145,65,22,43,80,67,13
S01013151,All households,261,212,85,127,49,23,26
S01013151,Whole house or bungalow: Total,141,128,53,75,13,6,7
S01013151,Whole house or bungalow: Detached,66,63,24,39,3,0,3
S01013151,Whole house or bungalow: Semi-detached,47,38,23,15,9,5,4
S01013151,Whole house or bungalow: Terraced (including end-terrace),28,27,6,21,1,1,0
S01013151,Flat maisonette or apartment or mobile/temporary accommodation,120,84,32,52,36,17,19
S01013152,All households,386,265,94,171,121,101,20
S01013152,Whole house or bungalow: Total,266,205,80,125,61,45,16
S01013152,Whole house or bungalow: Detached,98,94,31,63,4,1,3
S01013152,Whole house or bungalow: Semi-detached,66,47,22,25,19,15,4
S01013152,Whole house or bungalow: Terraced (including end-terrace),102,64,27,37,38,29,9
S01013152,Flat maisonette or apartment or mobile/temporary accommodation,120,60,14,46,60,56,4
S01013153,All households,398,127,51,76,271,258,13
S01013153,Whole house or bungalow: Total,171,70,28,42,101,93,8
S01013153,Whole house or bungalow: Detached,5,2,0,2,3,2,1
S01013153,Whole house or bungalow: Semi-detached,67,35,14,21,32,29,3
S01013153,Whole house or bungalow: Terraced (including end-terrace),99,33,14,19,66,62,4
S01013153,Flat maisonette or apartment or mobile/temporary accommodation,227,57,23,34,170,165,5
S01013154,All households,452,204,92,112,248,225,23
S01013154,Whole house or bungalow: Total,179,113,56,57,66,62,4
S01013154,Whole house or bungalow: Detached,30,26,13,13,4,2,2
S01013154,Whole house or bungalow: Semi-detached,57,37,20,17,20,19,1
S01013154,Whole house or bungalow: Terraced (including end-terrace),92,50,23,27,42,41,1
S01013154,Flat maisonette or apartment or mobile/temporary accommodation,273,91,36,55,182,163,19
S01013155,All households,399,96,25,71,303,269,34
S01013155,Whole house or bungalow: Total,39,20,6,14,19,17,2
S01013155,Whole house or bungalow: Detached,6,5,1,4,1,0,1
S01013155,Whole house or bungalow: Semi-detached,14,10,2,8,4,4,0
S01013155,Whole house or bungalow: Terraced (including end-terrace),19,5,3,2,14,13,1
S01013155,Flat maisonette or apartment or mobile/temporary accommodation,360,76,19,57,284,252,32
S01013156,All households,354,81,25,56,273,267,6
S01013156,Whole house or bungalow: Total,117,37,12,25,80,79,1
S01013156,Whole house or bungalow: Detached,7,4,3,1,3,3,0
S01013156,Whole house or bungalow: Semi-detached,26,13,5,8,13,12,1
S01013156,Whole house or bungalow: Terraced (including end-terrace),84,20,4,16,64,64,0
S01013156,Flat maisonette or apartment or mobile/temporary accommodation,237,44,13,31,193,188,5
S01013157,All households,430,128,40,88,302,287,15
S01013157,Whole house or bungalow: Total,153,70,21,49,83,82,1
S01013157,Whole house or bungalow: Detached,8,6,1,5,2,2,0
S01013157,Whole house or bungalow: Semi-detached,49,14,5,9,35,35,0
S01013157,Whole house or bungalow: Terraced (including end-terrace),96,50,15,35,46,45,1
S01013157,Flat maisonette or apartment or mobile/temporary accommodation,277,58,19,39,219,205,14
S01013158,All households,205,182,87,95,23,8,15
S01013158,Whole house or bungalow: Total,196,180,87,93,16,3,13
S01013158,Whole house or bungalow: Detached,88,81,36,45,7,0,7
S01013158,Whole house or bungalow: Semi-detached,103,97,50,47,6,1,5
S01013158,Whole house or bungalow: Terraced (including end-terrace),5,2,1,1,3,2,1
S01013158,Flat maisonette or apartment or mobile/temporary accommodation,9,2,0,2,7,5,2
S01013159,All households,297,257,120,137,40,26,14
S01013159,Whole house or bungalow: Total,264,245,118,127,19,6,13
S01013159,Whole house or bungalow: Detached,66,65,34,31,1,0,1
S01013159,Whole house or bungalow: Semi-detached,127,118,69,49,9,2,7
S01013159,Whole house or bungalow: Terraced (including end-terrace),71,62,15,47,9,4,5
S01013159,Flat maisonette or apartment or mobile/temporary accommodation,33,12,2,10,21,20,1
S01013160,All households,264,252,106,146,12,2,10
S01013160,Whole house or bungalow: Total,258,248,106,142,10,0,10
S01013160,Whole house or bungalow: Detached,75,73,32,41,2,0,2
S01013160,Whole house or bungalow: Semi-detached,178,170,72,98,8,0,8
S01013160,Whole house or bungalow: Terraced (including end-terrace),5,5,2,3,0,0,0
S01013160,Flat maisonette or apartment or mobile/temporary accommodation,6,4,0,4,2,2,0
S01013161,All households,488,306,102,204,182,155,27
S01013161,Whole house or bungalow: Total,182,160,58,102,22,17,5
S01013161,Whole house or bungalow: Detached,21,21,10,11,0,0,0
S01013161,Whole house or bungalow: Semi-detached,62,57,20,37,5,4,1
S01013161,Whole house or bungalow: Terraced (including end-terrace),99,82,28,54,17,13,4
S01013161,Flat maisonette or apartment or mobile/temporary accommodation,306,146,44,102,160,138,22
S01013162,All households,426,227,118,109,199,169,30
S01013162,Whole house or bungalow: Total,153,114,63,51,39,29,10
S01013162,Whole house or bungalow: Detached,11,9,4,5,2,1,1
S01013162,Whole house or bungalow: Semi-detached,76,64,39,25,12,9,3
S01013162,Whole house or bungalow: Terraced (including end-terrace),66,41,20,21,25,19,6
S01013162,Flat maisonette or apartment or mobile/temporary accommodation,273,113,55,58,160,140,20
S01013163,All households,253,211,93,118,42,34,8
S01013163,Whole house or bungalow: Total,227,210,93,117,17,9,8
S01013163,Whole house or bungalow: Detached,62,60,30,30,2,0,2
S01013163,Whole house or bungalow: Semi-detached,126,120,58,62,6,2,4
S01013163,Whole house or bungalow: Terraced (including end-terrace),39,30,5,25,9,7,2
S01013163,Flat maisonette or apartment or mobile/temporary accommodation,26,1,0,1,25,25,0
S01013164,All households,485,265,109,156,220,198,22
S01013164,Whole house or bungalow: Total,254,216,92,124,38,28,10
S01013164,Whole house or bungalow: Detached,84,79,29,50,5,3,2
S01013164,Whole house or bungalow: Semi-detached,102,89,43,46,13,9,4
S01013164,Whole house or bungalow: Terraced (including end-terrace),68,48,20,28,20,16,4
S01013164,Flat maisonette or apartment or mobile/temporary accommodation,231,49,17,32,182,170,12
S01013165,All households,412,270,125,145,142,123,19
S01013165,Whole house or bungalow: Total,255,192,98,94,63,51,12
S01013165,Whole house or bungalow: Detached,36,31,16,15,5,3,2
S01013165,Whole house or bungalow: Semi-detached,131,111,59,52,20,14,6
S01013165,Whole house or bungalow: Terraced (including end-terrace),88,50,23,27,38,34,4
S01013165,Flat maisonette or apartment or mobile/temporary accommodation,157,78,27,51,79,72,7
S01013166,All households,387,50,16,34,337,317,20
S01013166,Whole house or bungalow: Total,28,10,2,8,18,17,1
S01013166,Whole house or bungalow: Detached,3,3,1,2,0,0,0
S01013166,Whole house or bungalow: Semi-detached,9,4,0,4,5,4,1
S01013166,Whole house or bungalow: Terraced (including end-terrace),16,3,1,2,13,13,0
S01013166,Flat maisonette or apartment or mobile/temporary accommodation,359,40,14,26,319,300,19
S01013167,All households,383,63,20,43,320,309,11
S01013167,Whole house or bungalow: Total,40,26,9,17,14,11,3
S01013167,Whole house or bungalow: Detached,3,3,1,2,0,0,0
S01013167,Whole house or bungalow: Semi-detached,18,9,3,6,9,6,3
S01013167,Whole house or bungalow: Terraced (including end-terrace),19,14,5,9,5,5,0
S01013167,Flat maisonette or apartment or mobile/temporary accommodation,343,37,11,26,306,298,8
S01013168,All households,408,203,72,131,205,180,25
S01013168,Whole house or bungalow: Total,269,160,60,100,109,95,14
S01013168,Whole house or bungalow: Detached,7,3,1,2,4,4,0
S01013168,Whole house or bungalow: Semi-detached,44,27,13,14,17,17,0
S01013168,Whole house or bungalow: Terraced (including end-terrace),218,130,46,84,88,74,14
S01013168,Flat maisonette or apartment or mobile/temporary accommodation,139,43,12,31,96,85,11
S01013169,All households,436,212,93,119,224,207,17
S01013169,Whole house or bungalow: Total,146,80,30,50,66,60,6
S01013169,Whole house or bungalow: Detached,5,3,0,3,2,2,0
S01013169,Whole house or bungalow: Semi-detached,83,45,18,27,38,38,0
S01013169,Whole house or bungalow: Terraced (including end-terrace),58,32,12,20,26,20,6
S01013169,Flat maisonette or apartment or mobile/temporary accommodation,290,132,63,69,158,147,11
S01013170,All households,265,104,26,78,161,145,16
S01013170,Whole house or bungalow: Total,128,69,21,48,59,56,3
S01013170,Whole house or bungalow: Detached,3,2,1,1,1,1,0
S01013170,Whole house or bungalow: Semi-detached,43,27,10,17,16,15,1
S01013170,Whole house or bungalow: Terraced (including end-terrace),82,40,10,30,42,40,2
S01013170,Flat maisonette or apartment or mobile/temporary accommodation,137,35,5,30,102,89,13
S01013171,All households,249,190,58,132,59,49,10
S01013171,Whole house or bungalow: Total,201,183,56,127,18,9,9
S01013171,Whole house or bungalow: Detached,84,83,27,56,1,0,1
S01013171,Whole house or bungalow: Semi-detached,81,73,19,54,8,4,4
S01013171,Whole house or bungalow: Terraced (including end-terrace),36,27,10,17,9,5,4
S01013171,Flat maisonette or apartment or mobile/temporary accommodation,48,7,2,5,41,40,1
S01013172,All households,319,197,70,127,122,105,17
S01013172,Whole house or bungalow: Total,218,156,51,105,62,54,8
S01013172,Whole house or bungalow: Detached,31,25,10,15,6,4,2
S01013172,Whole house or bungalow: Semi-detached,54,33,7,26,21,18,3
S01013172,Whole house or bungalow: Terraced (including end-terrace),133,98,34,64,35,32,3
S01013172,Flat maisonette or apartment or mobile/temporary accommodation,101,41,19,22,60,51,9
S01013173,All households,358,261,70,191,97,60,37
S01013173,Whole house or bungalow: Total,200,179,47,132,21,5,16
S01013173,Whole house or bungalow: Detached,53,52,12,40,1,1,0
S01013173,Whole house or bungalow: Semi-detached,90,78,17,61,12,2,10
S01013173,Whole house or bungalow: Terraced (including end-terrace),57,49,18,31,8,2,6
S01013173,Flat maisonette or apartment or mobile/temporary accommodation,158,82,23,59,76,55,21
S01013174,All households,284,266,68,198,18,11,7
S01013174,Whole house or bungalow: Total,272,258,66,192,14,7,7
S01013174,Whole house or bungalow: Detached,91,90,21,69,1,1,0
S01013174,Whole house or bungalow: Semi-detached,126,119,32,87,7,4,3
S01013174,Whole house or bungalow: Terraced (including end-terrace),55,49,13,36,6,2,4
S01013174,Flat maisonette or apartment or mobile/temporary accommodation,12,8,2,6,4,4,0
S01013175,All households,343,281,75,206,62,44,18
S01013175,Whole house or bungalow: Total,285,250,68,182,35,22,13
S01013175,Whole house or bungalow: Detached,87,84,22,62,3,0,3
S01013175,Whole house or bungalow: Semi-detached,112,108,21,87,4,2,2
S01013175,Whole house or bungalow: Terraced (including end-terrace),86,58,25,33,28,20,8
S01013175,Flat maisonette or apartment or mobile/temporary accommodation,58,31,7,24,27,22,5
S01013176,All households,411,287,104,183,124,81,43
S01013176,Whole house or bungalow: Total,131,121,50,71,10,6,4
S01013176,Whole house or bungalow: Detached,31,30,11,19,1,0,1
S01013176,Whole house or bungalow: Semi-detached,32,32,15,17,0,0,0
S01013176,Whole house or bungalow: Terraced (including end-terrace),68,59,24,35,9,6,3
S01013176,Flat maisonette or apartment or mobile/temporary accommodation,280,166,54,112,114,75,39
S01013177,All households,290,251,99,152,39,16,23
S01013177,Whole house or bungalow: Total,151,144,73,71,7,2,5
S01013177,Whole house or bungalow: Detached,16,15,8,7,1,0,1
S01013177,Whole house or bungalow: Semi-detached,97,94,49,45,3,1,2
S01013177,Whole house or bungalow: Terraced (including end-terrace),38,35,16,19,3,1,2
S01013177,Flat maisonette or apartment or mobile/temporary accommodation,139,107,26,81,32,14,18
S01013178,All households,346,252,106,146,94,49,45
S01013178,Whole house or bungalow: Total,96,80,41,39,16,14,2
S01013178,Whole house or bungalow: Detached,36,34,19,15,2,1,1
S01013178,Whole house or bungalow: Semi-detached,35,27,11,16,8,7,1
S01013178,Whole house or bungalow: Terraced (including end-terrace),25,19,11,8,6,6,0
S01013178,Flat maisonette or apartment or mobile/temporary accommodation,250,172,65,107,78,35,43
S01013179,All households,363,242,115,127,121,89,32
S01013179,Whole house or bungalow: Total,259,210,103,107,49,33,16
S01013179,Whole house or bungalow: Detached,99,93,49,44,6,0,6
S01013179,Whole house or bungalow: Semi-detached,97,70,40,30,27,20,7
S01013179,Whole house or bungalow: Terraced (including end-terrace),63,47,14,33,16,13,3
S01013179,Flat maisonette or apartment or mobile/temporary accommodation,104,32,12,20,72,56,16
S01013180,All households,170,151,44,107,19,2,17
S01013180,Whole house or bungalow: Total,158,147,43,104,11,1,10
S01013180,Whole house or bungalow: Detached,22,21,5,16,1,0,1
S01013180,Whole house or bungalow: Semi-detached,68,65,22,43,3,0,3
S01013180,Whole house or bungalow: Terraced (including end-terrace),68,61,16,45,7,1,6
S01013180,Flat maisonette or apartment or mobile/temporary accommodation,12,4,1,3,8,1,7
S01013181,All households,310,253,111,142,57,44,13
S01013181,Whole house or bungalow: Total,259,237,102,135,22,14,8
S01013181,Whole house or bungalow: Detached,11,11,4,7,0,0,0
S01013181,Whole house or bungalow: Semi-detached,76,68,25,43,8,6,2
S01013181,Whole house or bungalow: Terraced (including end-terrace),172,158,73,85,14,8,6
S01013181,Flat maisonette or apartment or mobile/temporary accommodation,51,16,9,7,35,30,5
S01013182,All households,372,224,104,120,148,118,30
S01013182,Whole house or bungalow: Total,149,107,47,60,42,31,11
S01013182,Whole house or bungalow: Detached,13,13,7,6,0,0,0
S01013182,Whole house or bungalow: Semi-detached,92,69,32,37,23,15,8
S01013182,Whole house or bungalow: Terraced (including end-terrace),44,25,8,17,19,16,3
S01013182,Flat maisonette or apartment or mobile/temporary accommodation,223,117,57,60,106,87,19
S01013183,All households,334,272,133,139,62,56,6
S01013183,Whole house or bungalow: Total,276,262,129,133,14,10,4
S01013183,Whole house or bungalow: Detached,114,113,60,53,1,0,1
S01013183,Whole house or bungalow: Semi-detached,130,121,63,58,9,7,2
S01013183,Whole house or bungalow: Terraced (including end-terrace),32,28,6,22,4,3,1
S01013183,Flat maisonette or apartment or mobile/temporary accommodation,58,10,4,6,48,46,2
S01013184,All households,279,77,25,52,202,181,21
S01013184,Whole house or bungalow: Total,76,35,13,22,41,38,3
S01013184,Whole house or bungalow: Detached,4,1,0,1,3,2,1
S01013184,Whole house or bungalow: Semi-detached,61,30,13,17,31,29,2
S01013184,Whole house or bungalow: Terraced (including end-terrace),11,4,0,4,7,7,0
S01013184,Flat maisonette or apartment or mobile/temporary accommodation,203,42,12,30,161,143,18
S01013185,All households,362,184,64,120,178,166,12
S01013185,Whole house or bungalow: Total,186,135,52,83,51,42,9
S01013185,Whole house or bungalow: Detached,10,6,2,4,4,2,2
S01013185,Whole house or bungalow: Semi-detached,137,103,37,66,34,29,5
S01013185,Whole house or bungalow: Terraced (including end-terrace),39,26,13,13,13,11,2
S01013185,Flat maisonette or apartment or mobile/temporary accommodation,176,49,12,37,127,124,3
S01013186,All households,292,122,41,81,170,159,11
S01013186,Whole house or bungalow: Total,137,101,38,63,36,34,2
S01013186,Whole house or bungalow: Detached,1,1,0,1,0,0,0
S01013186,Whole house or bungalow: Semi-detached,88,63,23,40,25,23,2
S01013186,Whole house or bungalow: Terraced (including end-terrace),48,37,15,22,11,11,0
S01013186,Flat maisonette or apartment or mobile/temporary accommodation,155,21,3,18,134,125,9
S01013187,All households,386,174,63,111,212,198,14
S01013187,Whole house or bungalow: Total,197,148,57,91,49,38,11
S01013187,Whole house or bungalow: Detached,34,32,15,17,2,1,1
S01013187,Whole house or bungalow: Semi-detached,68,48,17,31,20,18,2
S01013187,Whole house or bungalow: Terraced (including end-terrace),95,68,25,43,27,19,8
S01013187,Flat maisonette or apartment or mobile/temporary accommodation,189,26,6,20,163,160,3
S01013188,All households,348,269,106,163,79,61,18
S01013188,Whole house or bungalow: Total,267,235,92,143,32,24,8
S01013188,Whole house or bungalow: Detached,22,21,5,16,1,0,1
S01013188,Whole house or bungalow: Semi-detached,151,135,62,73,16,12,4
S01013188,Whole house or bungalow: Terraced (including end-terrace),94,79,25,54,15,12,3
S01013188,Flat maisonette or apartment or mobile/temporary accommodation,81,34,14,20,47,37,10
S01013189,All households,238,204,96,108,34,24,10
S01013189,Whole house or bungalow: Total,213,187,89,98,26,20,6
S01013189,Whole house or bungalow: Detached,31,30,10,20,1,0,1
S01013189,Whole house or bungalow: Semi-detached,122,106,53,53,16,12,4
S01013189,Whole house or bungalow: Terraced (including end-terrace),60,51,26,25,9,8,1
S01013189,Flat maisonette or apartment or mobile/temporary accommodation,25,17,7,10,8,4,4
S01013190,All households,367,211,64,147,156,135,21
S01013190,Whole house or bungalow: Total,146,122,36,86,24,24,0
S01013190,Whole house or bungalow: Detached,51,51,7,44,0,0,0
S01013190,Whole house or bungalow: Semi-detached,74,60,21,39,14,14,0
S01013190,Whole house or bungalow: Terraced (including end-terrace),21,11,8,3,10,10,0
S01013190,Flat maisonette or apartment or mobile/temporary accommodation,221,89,28,61,132,111,21
S01013191,All households,386,369,138,231,17,7,10
S01013191,Whole house or bungalow: Total,343,332,113,219,11,4,7
S01013191,Whole house or bungalow: Detached,107,105,25,80,2,1,1
S01013191,Whole house or bungalow: Semi-detached,143,139,54,85,4,2,2
S01013191,Whole house or bungalow: Terraced (including end-terrace),93,88,34,54,5,1,4
S01013191,Flat maisonette or apartment or mobile/temporary accommodation,43,37,25,12,6,3,3
S01013192,All households,417,318,146,172,99,58,41
S01013192,Whole house or bungalow: Total,183,168,85,83,15,9,6
S01013192,Whole house or bungalow: Detached,34,30,8,22,4,0,4
S01013192,Whole house or bungalow: Semi-detached,60,56,32,24,4,3,1
S01013192,Whole house or bungalow: Terraced (including end-terrace),89,82,45,37,7,6,1
S01013192,Flat maisonette or apartment or mobile/temporary accommodation,234,150,61,89,84,49,35
S01013193,All households,356,263,89,174,93,29,64
S01013193,Whole house or bungalow: Total,93,87,29,58,6,0,6
S01013193,Whole house or bungalow: Detached,21,21,5,16,0,0,0
S01013193,Whole house or bungalow: Semi-detached,47,44,15,29,3,0,3
S01013193,Whole house or bungalow: Terraced (including end-terrace),25,22,9,13,3,0,3
S01013193,Flat maisonette or apartment or mobile/temporary accommodation,263,176,60,116,87,29,58
S01013194,All households,319,206,64,142,113,26,87
S01013194,Whole house or bungalow: Total,70,67,32,35,3,1,2
S01013194,Whole house or bungalow: Detached,7,7,1,6,0,0,0
S01013194,Whole house or bungalow: Semi-detached,23,22,12,10,1,1,0
S01013194,Whole house or bungalow: Terraced (including end-terrace),40,38,19,19,2,0,2
S01013194,Flat maisonette or apartment or mobile/temporary accommodation,249,139,32,107,110,25,85
S01013195,All households,597,303,86,217,294,137,157
S01013195,Whole house or bungalow: Total,74,69,15,54,5,3,2
S01013195,Whole house or bungalow: Detached,40,39,8,31,1,0,1
S01013195,Whole house or bungalow: Semi-detached,25,23,6,17,2,1,1
S01013195,Whole house or bungalow: Terraced (including end-terrace),9,7,1,6,2,2,0
S01013195,Flat maisonette or apartment or mobile/temporary accommodation,523,234,71,163,289,134,155
S01013196,All households,371,274,90,184,97,17,80
S01013196,Whole house or bungalow: Total,60,55,21,34,5,2,3
S01013196,Whole house or bungalow: Detached,7,7,2,5,0,0,0
S01013196,Whole house or bungalow: Semi-detached,25,21,10,11,4,1,3
S01013196,Whole house or bungalow: Terraced (including end-terrace),28,27,9,18,1,1,0
S01013196,Flat maisonette or apartment or mobile/temporary accommodation,311,219,69,150,92,15,77
S01013197,All households,262,197,95,102,65,48,17
S01013197,Whole house or bungalow: Total,171,137,75,62,34,31,3
S01013197,Whole house or bungalow: Detached,55,52,30,22,3,0,3
S01013197,Whole house or bungalow: Semi-detached,61,57,27,30,4,4,0
S01013197,Whole house or bungalow: Terraced (including end-terrace),55,28,18,10,27,27,0
S01013197,Flat maisonette or apartment or mobile/temporary accommodation,91,60,20,40,31,17,14
S01013198,All households,379,210,97,113,169,132,37
S01013198,Whole house or bungalow: Total,187,126,70,56,61,51,10
S01013198,Whole house or bungalow: Detached,17,16,9,7,1,1,0
S01013198,Whole house or bungalow: Semi-detached,132,93,51,42,39,32,7
S01013198,Whole house or bungalow: Terraced (including end-terrace),38,17,10,7,21,18,3
S01013198,Flat maisonette or apartment or mobile/temporary accommodation,192,84,27,57,108,81,27
S01013199,All households,488,255,118,137,233,188,45
S01013199,Whole house or bungalow: Total,145,130,51,79,15,7,8
S01013199,Whole house or bungalow: Detached,70,63,29,34,7,1,6
S01013199,Whole house or bungalow: Semi-detached,30,28,9,19,2,2,0
S01013199,Whole house or bungalow: Terraced (including end-terrace),45,39,13,26,6,4,2
S01013199,Flat maisonette or apartment or mobile/temporary accommodation,343,125,67,58,218,181,37
S01013200,All households,313,168,82,86,145,127,18
S01013200,Whole house or bungalow: Total,152,119,59,60,33,28,5
S01013200,Whole house or bungalow: Detached,52,48,17,31,4,2,2
S01013200,Whole house or bungalow: Semi-detached,66,57,34,23,9,7,2
S01013200,Whole house or bungalow: Terraced (including end-terrace),34,14,8,6,20,19,1
S01013200,Flat maisonette or apartment or mobile/temporary accommodation,161,49,23,26,112,99,13
S01013201,All households,380,110,38,72,270,267,3
S01013201,Whole house or bungalow: Total,130,78,23,55,52,50,2
S01013201,Whole house or bungalow: Detached,11,11,6,5,0,0,0
S01013201,Whole house or bungalow: Semi-detached,60,34,10,24,26,25,1
S01013201,Whole house or bungalow: Terraced (including end-terrace),59,33,7,26,26,25,1
S01013201,Flat maisonette or apartment or mobile/temporary accommodation,250,32,15,17,218,217,1
S01013202,All households,235,103,50,53,132,121,11
S01013202,Whole house or bungalow: Total,127,92,44,48,35,30,5
S01013202,Whole house or bungalow: Detached,32,26,13,13,6,4,2
S01013202,Whole house or bungalow: Semi-detached,59,42,19,23,17,17,0
S01013202,Whole house or bungalow: Terraced (including end-terrace),36,24,12,12,12,9,3
S01013202,Flat maisonette or apartment or mobile/temporary accommodation,108,11,6,5,97,91,6
S01013203,All households,355,171,65,106,184,166,18
S01013203,Whole house or bungalow: Total,236,160,62,98,76,65,11
S01013203,Whole house or bungalow: Detached,19,15,10,5,4,1,3
S01013203,Whole house or bungalow: Semi-detached,46,37,9,28,9,9,0
S01013203,Whole house or bungalow: Terraced (including end-terrace),171,108,43,65,63,55,8
S01013203,Flat maisonette or apartment or mobile/temporary accommodation,119,11,3,8,108,101,7
S01013204,All households,332,264,68,196,68,41,27
S01013204,Whole house or bungalow: Total,288,237,61,176,51,30,21
S01013204,Whole house or bungalow: Detached,60,54,12,42,6,1,5
S01013204,Whole house or bungalow: Semi-detached,138,125,22,103,13,5,8
S01013204,Whole house or bungalow: Terraced (including end-terrace),90,58,27,31,32,24,8
S01013204,Flat maisonette or apartment or mobile/temporary accommodation,44,27,7,20,17,11,6
S01013205,All households,240,92,28,64,148,140,8
S01013205,Whole house or bungalow: Total,194,90,27,63,104,97,7
S01013205,Whole house or bungalow: Detached,4,1,0,1,3,3,0
S01013205,Whole house or bungalow: Semi-detached,101,48,15,33,53,50,3
S01013205,Whole house or bungalow: Terraced (including end-terrace),89,41,12,29,48,44,4
S01013205,Flat maisonette or apartment or mobile/temporary accommodation,46,2,1,1,44,43,1
S01013206,All households,298,144,55,89,154,134,20
S01013206,Whole house or bungalow: Total,224,129,47,82,95,86,9
S01013206,Whole house or bungalow: Detached,4,1,0,1,3,3,0
S01013206,Whole house or bungalow: Semi-detached,117,68,24,44,49,47,2
S01013206,Whole house or bungalow: Terraced (including end-terrace),103,60,23,37,43,36,7
S01013206,Flat maisonette or apartment or mobile/temporary accommodation,74,15,8,7,59,48,11
S01013207,All households,390,196,87,109,194,158,36
S01013207,Whole house or bungalow: Total,166,115,50,65,51,43,8
S01013207,Whole house or bungalow: Detached,51,46,21,25,5,2,3
S01013207,Whole house or bungalow: Semi-detached,62,36,14,22,26,24,2
S01013207,Whole house or bungalow: Terraced (including end-terrace),53,33,15,18,20,17,3
S01013207,Flat maisonette or apartment or mobile/temporary accommodation,224,81,37,44,143,115,28
S01013208,All households,436,161,52,109,275,241,34
S01013208,Whole house or bungalow: Total,245,123,37,86,122,109,13
S01013208,Whole house or bungalow: Detached,20,11,5,6,9,9,0
S01013208,Whole house or bungalow: Semi-detached,109,58,16,42,51,48,3
S01013208,Whole house or bungalow: Terraced (including end-terrace),116,54,16,38,62,52,10
S01013208,Flat maisonette or apartment or mobile/temporary accommodation,191,38,15,23,153,132,21
S01013209,All households,435,255,99,156,180,111,69
S01013209,Whole house or bungalow: Total,93,79,36,43,14,9,5
S01013209,Whole house or bungalow: Detached,18,16,7,9,2,2,0
S01013209,Whole house or bungalow: Semi-detached,49,45,23,22,4,2,2
S01013209,Whole house or bungalow: Terraced (including end-terrace),26,18,6,12,8,5,3
S01013209,Flat maisonette or apartment or mobile/temporary accommodation,342,176,63,113,166,102,64
S01013210,All households,253,227,113,114,26,7,19
S01013210,Whole house or bungalow: Total,165,156,85,71,9,3,6
S01013210,Whole house or bungalow: Detached,47,47,29,18,0,0,0
S01013210,Whole house or bungalow: Semi-detached,86,81,40,41,5,1,4
S01013210,Whole house or bungalow: Terraced (including end-terrace),32,28,16,12,4,2,2
S01013210,Flat maisonette or apartment or mobile/temporary accommodation,88,71,28,43,17,4,13
S01013211,All households,411,291,101,190,120,90,30
S01013211,Whole house or bungalow: Total,223,200,72,128,23,12,11
S01013211,Whole house or bungalow: Detached,53,50,19,31,3,0,3
S01013211,Whole house or bungalow: Semi-detached,92,89,33,56,3,0,3
S01013211,Whole house or bungalow: Terraced (including end-terrace),78,61,20,41,17,12,5
S01013211,Flat maisonette or apartment or mobile/temporary accommodation,188,91,29,62,97,78,19
S01013212,All households,192,180,43,137,12,4,8
S01013212,Whole house or bungalow: Total,188,177,43,134,11,3,8
S01013212,Whole house or bungalow: Detached,122,117,30,87,5,1,4
S01013212,Whole house or bungalow: Semi-detached,58,53,13,40,5,1,4
S01013212,Whole house or bungalow: Terraced (including end-terrace),8,7,0,7,1,1,0
S01013212,Flat maisonette or apartment or mobile/temporary accommodation,4,3,0,3,1,1,0
S01013213,All households,197,188,62,126,9,4,5
S01013213,Whole house or bungalow: Total,191,185,61,124,6,2,4
S01013213,Whole house or bungalow: Detached,100,98,33,65,2,0,2
S01013213,Whole house or bungalow: Semi-detached,54,53,16,37,1,1,0
S01013213,Whole house or bungalow: Terraced (including end-terrace),37,34,12,22,3,1,2
S01013213,Flat maisonette or apartment or mobile/temporary accommodation,6,3,1,2,3,2,1
S01013214,All households,159,153,31,122,6,2,4
S01013214,Whole house or bungalow: Total,156,152,31,121,4,0,4
S01013214,Whole house or bungalow: Detached,47,45,18,27,2,0,2
S01013214,Whole house or bungalow: Semi-detached,102,100,12,88,2,0,2
S01013214,Whole house or bungalow: Terraced (including end-terrace),7,7,1,6,0,0,0
S01013214,Flat maisonette or apartment or mobile/temporary accommodation,3,1,0,1,2,2,0
S01013215,All households,385,265,57,208,120,63,57
S01013215,Whole house or bungalow: Total,217,159,38,121,58,48,10
S01013215,Whole house or bungalow: Detached,25,22,5,17,3,2,1
S01013215,Whole house or bungalow: Semi-detached,123,105,30,75,18,12,6
S01013215,Whole house or bungalow: Terraced (including end-terrace),69,32,3,29,37,34,3
S01013215,Flat maisonette or apartment or mobile/temporary accommodation,168,106,19,87,62,15,47
S01013216,All households,237,120,29,91,117,99,18
S01013216,Whole house or bungalow: Total,201,104,25,79,97,82,15
S01013216,Whole house or bungalow: Detached,6,2,1,1,4,4,0
S01013216,Whole house or bungalow: Semi-detached,30,8,2,6,22,20,2
S01013216,Whole house or bungalow: Terraced (including end-terrace),165,94,22,72,71,58,13
S01013216,Flat maisonette or apartment or mobile/temporary accommodation,36,16,4,12,20,17,3
S01013217,All households,279,176,59,117,103,86,17
S01013217,Whole house or bungalow: Total,247,163,56,107,84,69,15
S01013217,Whole house or bungalow: Detached,11,6,3,3,5,4,1
S01013217,Whole house or bungalow: Semi-detached,48,32,5,27,16,11,5
S01013217,Whole house or bungalow: Terraced (including end-terrace),188,125,48,77,63,54,9
S01013217,Flat maisonette or apartment or mobile/temporary accommodation,32,13,3,10,19,17,2
S01013218,All households,251,94,20,74,157,133,24
S01013218,Whole house or bungalow: Total,234,90,19,71,144,122,22
S01013218,Whole house or bungalow: Detached,7,5,0,5,2,2,0
S01013218,Whole house or bungalow: Semi-detached,24,8,1,7,16,16,0
S01013218,Whole house or bungalow: Terraced (including end-terrace),203,77,18,59,126,104,22
S01013218,Flat maisonette or apartment or mobile/temporary accommodation,17,4,1,3,13,11,2
S01013219,All households,220,91,35,56,129,117,12
S01013219,Whole house or bungalow: Total,210,88,33,55,122,111,11
S01013219,Whole house or bungalow: Detached,2,0,0,0,2,2,0
S01013219,Whole house or bungalow: Semi-detached,15,5,1,4,10,10,0
S01013219,Whole house or bungalow: Terraced (including end-terrace),193,83,32,51,110,99,11
S01013219,Flat maisonette or apartment or mobile/temporary accommodation,10,3,2,1,7,6,1
S01013220,All households,313,153,66,87,160,141,19
S01013220,Whole house or bungalow: Total,191,131,51,80,60,47,13
S01013220,Whole house or bungalow: Detached,6,6,2,4,0,0,0
S01013220,Whole house or bungalow: Semi-detached,20,15,7,8,5,2,3
S01013220,Whole house or bungalow: Terraced (including end-terrace),165,110,42,68,55,45,10
S01013220,Flat maisonette or apartment or mobile/temporary accommodation,122,22,15,7,100,94,6
S01013221,All households,382,182,74,108,200,175,25
S01013221,Whole house or bungalow: Total,315,180,73,107,135,115,20
S01013221,Whole house or bungalow: Detached,27,25,17,8,2,0,2
S01013221,Whole house or bungalow: Semi-detached,81,28,8,20,53,50,3
S01013221,Whole house or bungalow: Terraced (including end-terrace),207,127,48,79,80,65,15
S01013221,Flat maisonette or apartment or mobile/temporary accommodation,67,2,1,1,65,60,5
S01013222,All households,316,92,28,64,224,205,19
S01013222,Whole house or bungalow: Total,168,58,17,41,110,108,2
S01013222,Whole house or bungalow: Detached,13,6,3,3,7,7,0
S01013222,Whole house or bungalow: Semi-detached,66,23,7,16,43,42,1
S01013222,Whole house or bungalow: Terraced (including end-terrace),89,29,7,22,60,59,1
S01013222,Flat maisonette or apartment or mobile/temporary accommodation,148,34,11,23,114,97,17
S01013223,All households,637,268,80,188,369,292,77
S01013223,Whole house or bungalow: Total,170,124,40,84,46,34,12
S01013223,Whole house or bungalow: Detached,40,37,11,26,3,2,1
S01013223,Whole house or bungalow: Semi-detached,65,46,9,37,19,14,5
S01013223,Whole house or bungalow: Terraced (including end-terrace),65,41,20,21,24,18,6
S01013223,Flat maisonette or apartment or mobile/temporary accommodation,467,144,40,104,323,258,65
S01013224,All households,370,227,74,153,143,128,15
S01013224,Whole house or bungalow: Total,204,138,41,97,66,58,8
S01013224,Whole house or bungalow: Detached,35,31,12,19,4,3,1
S01013224,Whole house or bungalow: Semi-detached,64,38,10,28,26,25,1
S01013224,Whole house or bungalow: Terraced (including end-terrace),105,69,19,50,36,30,6
S01013224,Flat maisonette or apartment or mobile/temporary accommodation,166,89,33,56,77,70,7
S01013225,All households,315,145,46,99,170,159,11
S01013225,Whole house or bungalow: Total,220,121,36,85,99,90,9
S01013225,Whole house or bungalow: Detached,52,49,9,40,3,1,2
S01013225,Whole house or bungalow: Semi-detached,113,48,16,32,65,62,3
S01013225,Whole house or bungalow: Terraced (including end-terrace),55,24,11,13,31,27,4
S01013225,Flat maisonette or apartment or mobile/temporary accommodation,95,24,10,14,71,69,2
S01013226,All households,207,165,47,118,42,25,17
S01013226,Whole house or bungalow: Total,145,124,34,90,21,17,4
S01013226,Whole house or bungalow: Detached,46,44,13,31,2,1,1
S01013226,Whole house or bungalow: Semi-detached,69,54,13,41,15,12,3
S01013226,Whole house or bungalow: Terraced (including end-terrace),30,26,8,18,4,4,0
S01013226,Flat maisonette or apartment or mobile/temporary accommodation,62,41,13,28,21,8,13
S01013227,All households,366,133,48,85,233,222,11
S01013227,Whole house or bungalow: Total,190,119,42,77,71,65,6
S01013227,Whole house or bungalow: Detached,29,26,9,17,3,2,1
S01013227,Whole house or bungalow: Semi-detached,88,56,18,38,32,30,2
S01013227,Whole house or bungalow: Terraced (including end-terrace),73,37,15,22,36,33,3
S01013227,Flat maisonette or apartment or mobile/temporary accommodation,176,14,6,8,162,157,5
S01013228,All households,416,229,73,156,187,83,104
S01013228,Whole house or bungalow: Total,67,47,20,27,20,8,12
S01013228,Whole house or bungalow: Detached,7,5,4,1,2,1,1
S01013228,Whole house or bungalow: Semi-detached,21,14,3,11,7,5,2
S01013228,Whole house or bungalow: Terraced (including end-terrace),39,28,13,15,11,2,9
S01013228,Flat maisonette or apartment or mobile/temporary accommodation,349,182,53,129,167,75,92
S01013229,All households,370,197,65,132,173,147,26
S01013229,Whole house or bungalow: Total,246,177,58,119,69,53,16
S01013229,Whole house or bungalow: Detached,7,3,1,2,4,3,1
S01013229,Whole house or bungalow: Semi-detached,65,47,13,34,18,17,1
S01013229,Whole house or bungalow: Terraced (including end-terrace),174,127,44,83,47,33,14
S01013229,Flat maisonette or apartment or mobile/temporary accommodation,124,20,7,13,104,94,10
S01013230,All households,327,198,86,112,129,102,27
S01013230,Whole house or bungalow: Total,245,172,73,99,73,58,15
S01013230,Whole house or bungalow: Detached,15,13,4,9,2,1,1
S01013230,Whole house or bungalow: Semi-detached,76,52,23,29,24,22,2
S01013230,Whole house or bungalow: Terraced (including end-terrace),154,107,46,61,47,35,12
S01013230,Flat maisonette or apartment or mobile/temporary accommodation,82,26,13,13,56,44,12
S01013231,All households,374,189,71,118,185,152,33
S01013231,Whole house or bungalow: Total,206,159,54,105,47,35,12
S01013231,Whole house or bungalow: Detached,7,6,1,5,1,1,0
S01013231,Whole house or bungalow: Semi-detached,78,62,16,46,16,11,5
S01013231,Whole house or bungalow: Terraced (including end-terrace),121,91,37,54,30,23,7
S01013231,Flat maisonette or apartment or mobile/temporary accommodation,168,30,17,13,138,117,21
S01013232,All households,331,192,96,96,139,109,30
S01013232,Whole house or bungalow: Total,190,134,70,64,56,46,10
S01013232,Whole house or bungalow: Detached,6,4,0,4,2,1,1
S01013232,Whole house or bungalow: Semi-detached,154,111,62,49,43,34,9
S01013232,Whole house or bungalow: Terraced (including end-terrace),30,19,8,11,11,11,0
S01013232,Flat maisonette or apartment or mobile/temporary accommodation,141,58,26,32,83,63,20
S01013233,All households,262,195,102,93,67,43,24
S01013233,Whole house or bungalow: Total,182,162,83,79,20,14,6
S01013233,Whole house or bungalow: Detached,13,13,9,4,0,0,0
S01013233,Whole house or bungalow: Semi-detached,116,102,52,50,14,9,5
S01013233,Whole house or bungalow: Terraced (including end-terrace),53,47,22,25,6,5,1
S01013233,Flat maisonette or apartment or mobile/temporary accommodation,80,33,19,14,47,29,18
S01013234,All households,137,125,41,84,12,7,5
S01013234,Whole house or bungalow: Total,131,123,40,83,8,5,3
S01013234,Whole house or bungalow: Detached,112,108,37,71,4,1,3
S01013234,Whole house or bungalow: Semi-detached,18,14,3,11,4,4,0
S01013234,Whole house or bungalow: Terraced (including end-terrace),1,1,0,1,0,0,0
S01013234,Flat maisonette or apartment or mobile/temporary accommodation,6,2,1,1,4,2,2
S01013235,All households,386,273,121,152,113,64,49
S01013235,Whole house or bungalow: Total,259,210,94,116,49,37,12
S01013235,Whole house or bungalow: Detached,40,36,18,18,4,1,3
S01013235,Whole house or bungalow: Semi-detached,52,45,24,21,7,4,3
S01013235,Whole house or bungalow: Terraced (including end-terrace),167,129,52,77,38,32,6
S01013235,Flat maisonette or apartment or mobile/temporary accommodation,127,63,27,36,64,27,37
S01013236,All households,381,325,189,136,56,44,12
S01013236,Whole house or bungalow: Total,301,288,172,116,13,8,5
S01013236,Whole house or bungalow: Detached,93,91,57,34,2,1,1
S01013236,Whole house or bungalow: Semi-detached,193,184,110,74,9,5,4
S01013236,Whole house or bungalow: Terraced (including end-terrace),15,13,5,8,2,2,0
S01013236,Flat maisonette or apartment or mobile/temporary accommodation,80,37,17,20,43,36,7
S01013237,All households,360,265,70,195,95,62,33
S01013237,Whole house or bungalow: Total,243,200,50,150,43,29,14
S01013237,Whole house or bungalow: Detached,71,67,19,48,4,1,3
S01013237,Whole house or bungalow: Semi-detached,72,65,12,53,7,5,2
S01013237,Whole house or bungalow: Terraced (including end-terrace),100,68,19,49,32,23,9
S01013237,Flat maisonette or apartment or mobile/temporary accommodation,117,65,20,45,52,33,19
S01013238,All households,389,130,54,76,259,239,20
S01013238,Whole house or bungalow: Total,263,112,46,66,151,137,14
S01013238,Whole house or bungalow: Detached,15,8,4,4,7,7,0
S01013238,Whole house or bungalow: Semi-detached,136,45,18,27,91,82,9
S01013238,Whole house or bungalow: Terraced (including end-terrace),112,59,24,35,53,48,5
S01013238,Flat maisonette or apartment or mobile/temporary accommodation,126,18,8,10,108,102,6
S01013239,All households,425,175,64,111,250,228,22
S01013239,Whole house or bungalow: Total,331,171,64,107,160,144,16
S01013239,Whole house or bungalow: Detached,15,12,3,9,3,2,1
S01013239,Whole house or bungalow: Semi-detached,213,111,40,71,102,94,8
S01013239,Whole house or bungalow: Terraced (including end-terrace),103,48,21,27,55,48,7
S01013239,Flat maisonette or apartment or mobile/temporary accommodation,94,4,0,4,90,84,6
S01013240,All households,256,75,30,45,181,169,12
S01013240,Whole house or bungalow: Total,157,70,29,41,87,77,10
S01013240,Whole house or bungalow: Detached,4,3,2,1,1,0,1
S01013240,Whole house or bungalow: Semi-detached,85,36,12,24,49,47,2
S01013240,Whole house or bungalow: Terraced (including end-terrace),68,31,15,16,37,30,7
S01013240,Flat maisonette or apartment or mobile/temporary accommodation,99,5,1,4,94,92,2
S01013241,All households,336,317,175,142,19,9,10
S01013241,Whole house or bungalow: Total,328,311,172,139,17,7,10
S01013241,Whole house or bungalow: Detached,96,90,63,27,6,2,4
S01013241,Whole house or bungalow: Semi-detached,199,190,92,98,9,4,5
S01013241,Whole house or bungalow: Terraced (including end-terrace),33,31,17,14,2,1,1
S01013241,Flat maisonette or apartment or mobile/temporary accommodation,8,6,3,3,2,2,0
S01013242,All households,229,188,104,84,41,18,23
S01013242,Whole house or bungalow: Total,209,176,97,79,33,11,22
S01013242,Whole house or bungalow: Detached,159,139,81,58,20,4,16
S01013242,Whole house or bungalow: Semi-detached,32,23,11,12,9,5,4
S01013242,Whole house or bungalow: Terraced (including end-terrace),18,14,5,9,4,2,2
S01013242,Flat maisonette or apartment or mobile/temporary accommodation,20,12,7,5,8,7,1
S01013243,All households,325,172,88,84,153,122,31
S01013243,Whole house or bungalow: Total,239,165,85,80,74,58,16
S01013243,Whole house or bungalow: Detached,64,52,28,24,12,4,8
S01013243,Whole house or bungalow: Semi-detached,47,29,13,16,18,17,1
S01013243,Whole house or bungalow: Terraced (including end-terrace),128,84,44,40,44,37,7
S01013243,Flat maisonette or apartment or mobile/temporary accommodation,86,7,3,4,79,64,15
S01013244,All households,351,163,64,99,188,155,33
S01013244,Whole house or bungalow: Total,272,158,63,95,114,93,21
S01013244,Whole house or bungalow: Detached,41,33,13,20,8,6,2
S01013244,Whole house or bungalow: Semi-detached,166,100,41,59,66,52,14
S01013244,Whole house or bungalow: Terraced (including end-terrace),65,25,9,16,40,35,5
S01013244,Flat maisonette or apartment or mobile/temporary accommodation,79,5,1,4,74,62,12
S01013245,All households,407,288,110,178,119,89,30
S01013245,Whole house or bungalow: Total,350,274,105,169,76,50,26
S01013245,Whole house or bungalow: Detached,155,136,52,84,19,9,10
S01013245,Whole house or bungalow: Semi-detached,76,52,22,30,24,14,10
S01013245,Whole house or bungalow: Terraced (including end-terrace),119,86,31,55,33,27,6
S01013245,Flat maisonette or apartment or mobile/temporary accommodation,57,14,5,9,43,39,4
S01013246,All households,184,127,31,96,57,43,14
S01013246,Whole house or bungalow: Total,174,125,31,94,49,39,10
S01013246,Whole house or bungalow: Detached,44,39,9,30,5,3,2
S01013246,Whole house or bungalow: Semi-detached,78,57,16,41,21,17,4
S01013246,Whole house or bungalow: Terraced (including end-terrace),52,29,6,23,23,19,4
S01013246,Flat maisonette or apartment or mobile/temporary accommodation,10,2,0,2,8,4,4
S01013247,All households,338,156,58,98,182,142,40
S01013247,Whole house or bungalow: Total,150,107,40,67,43,25,18
S01013247,Whole house or bungalow: Detached,30,29,14,15,1,0,1
S01013247,Whole house or bungalow: Semi-detached,74,52,19,33,22,7,15
S01013247,Whole house or bungalow: Terraced (including end-terrace),46,26,7,19,20,18,2
S01013247,Flat maisonette or apartment or mobile/temporary accommodation,188,49,18,31,139,117,22
S01013248,All households,300,117,51,66,183,151,32
S01013248,Whole house or bungalow: Total,190,103,45,58,87,61,26
S01013248,Whole house or bungalow: Detached,13,8,4,4,5,3,2
S01013248,Whole house or bungalow: Semi-detached,81,48,19,29,33,22,11
S01013248,Whole house or bungalow: Terraced (including end-terrace),96,47,22,25,49,36,13
S01013248,Flat maisonette or apartment or mobile/temporary accommodation,110,14,6,8,96,90,6
S01013249,All households,201,138,49,89,63,49,14
S01013249,Whole house or bungalow: Total,192,136,49,87,56,44,12
S01013249,Whole house or bungalow: Detached,43,37,11,26,6,4,2
S01013249,Whole house or bungalow: Semi-detached,76,57,14,43,19,15,4
S01013249,Whole house or bungalow: Terraced (including end-terrace),73,42,24,18,31,25,6
S01013249,Flat maisonette or apartment or mobile/temporary accommodation,9,2,0,2,7,5,2
S01013250,All households,339,221,95,126,118,77,41
S01013250,Whole house or bungalow: Total,289,211,91,120,78,43,35
S01013250,Whole house or bungalow: Detached,169,147,74,73,22,1,21
S01013250,Whole house or bungalow: Semi-detached,64,38,12,26,26,15,11
S01013250,Whole house or bungalow: Terraced (including end-terrace),56,26,5,21,30,27,3
S01013250,Flat maisonette or apartment or mobile/temporary accommodation,50,10,4,6,40,34,6
S01013251,All households,319,87,30,57,232,196,36
S01013251,Whole house or bungalow: Total,149,66,22,44,83,64,19
S01013251,Whole house or bungalow: Detached,30,21,3,18,9,0,9
S01013251,Whole house or bungalow: Semi-detached,41,12,4,8,29,25,4
S01013251,Whole house or bungalow: Terraced (including end-terrace),78,33,15,18,45,39,6
S01013251,Flat maisonette or apartment or mobile/temporary accommodation,170,21,8,13,149,132,17
S01013252,All households,288,159,57,102,129,110,19
S01013252,Whole house or bungalow: Total,224,150,54,96,74,59,15
S01013252,Whole house or bungalow: Detached,48,44,21,23,4,2,2
S01013252,Whole house or bungalow: Semi-detached,100,70,25,45,30,21,9
S01013252,Whole house or bungalow: Terraced (including end-terrace),76,36,8,28,40,36,4
S01013252,Flat maisonette or apartment or mobile/temporary accommodation,64,9,3,6,55,51,4
S01013253,All households,316,195,74,121,121,77,44
S01013253,Whole house or bungalow: Total,267,182,73,109,85,60,25
S01013253,Whole house or bungalow: Detached,60,55,19,36,5,2,3
S01013253,Whole house or bungalow: Semi-detached,106,76,36,40,30,18,12
S01013253,Whole house or bungalow: Terraced (including end-terrace),101,51,18,33,50,40,10
S01013253,Flat maisonette or apartment or mobile/temporary accommodation,49,13,1,12,36,17,19
S01013254,All households,297,110,32,78,187,171,16
S01013254,Whole house or bungalow: Total,190,100,28,72,90,82,8
S01013254,Whole house or bungalow: Detached,15,14,2,12,1,1,0
S01013254,Whole house or bungalow: Semi-detached,96,54,13,41,42,40,2
S01013254,Whole house or bungalow: Terraced (including end-terrace),79,32,13,19,47,41,6
S01013254,Flat maisonette or apartment or mobile/temporary accommodation,107,10,4,6,97,89,8
S01013255,All households,345,214,106,108,131,115,16
S01013255,Whole house or bungalow: Total,302,182,79,103,120,108,12
S01013255,Whole house or bungalow: Detached,93,88,37,51,5,1,4
S01013255,Whole house or bungalow: Semi-detached,140,61,29,32,79,75,4
S01013255,Whole house or bungalow: Terraced (including end-terrace),69,33,13,20,36,32,4
S01013255,Flat maisonette or apartment or mobile/temporary accommodation,43,32,27,5,11,7,4
S01013256,All households,322,189,60,129,133,75,58
S01013256,Whole house or bungalow: Total,181,155,45,110,26,11,15
S01013256,Whole house or bungalow: Detached,120,110,26,84,10,1,9
S01013256,Whole house or bungalow: Semi-detached,16,12,4,8,4,2,2
S01013256,Whole house or bungalow: Terraced (including end-terrace),45,33,15,18,12,8,4
S01013256,Flat maisonette or apartment or mobile/temporary accommodation,141,34,15,19,107,64,43
S01013257,All households,419,212,107,105,207,164,43
S01013257,Whole house or bungalow: Total,211,169,90,79,42,26,16
S01013257,Whole house or bungalow: Detached,71,66,46,20,5,0,5
S01013257,Whole house or bungalow: Semi-detached,44,31,13,18,13,8,5
S01013257,Whole house or bungalow: Terraced (including end-terrace),96,72,31,41,24,18,6
S01013257,Flat maisonette or apartment or mobile/temporary accommodation,208,43,17,26,165,138,27
S01013258,All households,312,255,118,137,57,32,25
S01013258,Whole house or bungalow: Total,286,243,114,129,43,25,18
S01013258,Whole house or bungalow: Detached,110,94,43,51,16,8,8
S01013258,Whole house or bungalow: Semi-detached,132,115,57,58,17,10,7
S01013258,Whole house or bungalow: Terraced (including end-terrace),44,34,14,20,10,7,3
S01013258,Flat maisonette or apartment or mobile/temporary accommodation,26,12,4,8,14,7,7
S01013259,All households,361,217,92,125,144,95,49
S01013259,Whole house or bungalow: Total,233,170,71,99,63,36,27
S01013259,Whole house or bungalow: Detached,37,33,16,17,4,2,2
S01013259,Whole house or bungalow: Semi-detached,51,37,14,23,14,7,7
S01013259,Whole house or bungalow: Terraced (including end-terrace),145,100,41,59,45,27,18
S01013259,Flat maisonette or apartment or mobile/temporary accommodation,128,47,21,26,81,59,22
S01013260,All households,382,167,57,110,215,182,33
S01013260,Whole house or bungalow: Total,271,152,50,102,119,93,26
S01013260,Whole house or bungalow: Detached,26,21,8,13,5,1,4
S01013260,Whole house or bungalow: Semi-detached,148,87,29,58,61,49,12
S01013260,Whole house or bungalow: Terraced (including end-terrace),97,44,13,31,53,43,10
S01013260,Flat maisonette or apartment or mobile/temporary accommodation,111,15,7,8,96,89,7
S01013261,All households,345,178,66,112,167,143,24
S01013261,Whole house or bungalow: Total,317,173,63,110,144,121,23
S01013261,Whole house or bungalow: Detached,18,9,5,4,9,7,2
S01013261,Whole house or bungalow: Semi-detached,84,47,20,27,37,31,6
S01013261,Whole house or bungalow: Terraced (including end-terrace),215,117,38,79,98,83,15
S01013261,Flat maisonette or apartment or mobile/temporary accommodation,28,5,3,2,23,22,1
S01013262,All households,276,165,79,86,111,91,20
S01013262,Whole house or bungalow: Total,259,163,78,85,96,79,17
S01013262,Whole house or bungalow: Detached,18,14,4,10,4,2,2
S01013262,Whole house or bungalow: Semi-detached,57,36,19,17,21,18,3
S01013262,Whole house or bungalow: Terraced (including end-terrace),184,113,55,58,71,59,12
S01013262,Flat maisonette or apartment or mobile/temporary accommodation,17,2,1,1,15,12,3
S01013263,All households,195,169,72,97,26,3,23
S01013263,Whole house or bungalow: Total,177,157,68,89,20,1,19
S01013263,Whole house or bungalow: Detached,135,128,51,77,7,0,7
S01013263,Whole house or bungalow: Semi-detached,26,17,12,5,9,0,9
S01013263,Whole house or bungalow: Terraced (including end-terrace),16,12,5,7,4,1,3
S01013263,Flat maisonette or apartment or mobile/temporary accommodation,18,12,4,8,6,2,4
S01013264,All households,163,155,34,121,8,0,8
S01013264,Whole house or bungalow: Total,163,155,34,121,8,0,8
S01013264,Whole house or bungalow: Detached,159,154,34,120,5,0,5
S01013264,Whole house or bungalow: Semi-detached,3,0,0,0,3,0,3
S01013264,Whole house or bungalow: Terraced (including end-terrace),1,1,0,1,0,0,0
S01013264,Flat maisonette or apartment or mobile/temporary accommodation,0,0,0,0,0,0,0
S01013265,All households,201,196,35,161,5,3,2
S01013265,Whole house or bungalow: Total,201,196,35,161,5,3,2
S01013265,Whole house or bungalow: Detached,195,191,34,157,4,2,2
S01013265,Whole house or bungalow: Semi-detached,5,4,0,4,1,1,0
S01013265,Whole house or bungalow: Terraced (including end-terrace),1,1,1,0,0,0,0
S01013265,Flat maisonette or apartment or mobile/temporary accommodation,0,0,0,0,0,0,0
S01013266,All households,189,175,40,135,14,1,13
S01013266,Whole house or bungalow: Total,187,174,40,134,13,0,13
S01013266,Whole house or bungalow: Detached,166,155,39,116,11,0,11
S01013266,Whole house or bungalow: Semi-detached,20,18,1,17,2,0,2
S01013266,Whole house or bungalow: Terraced (including end-terrace),1,1,0,1,0,0,0
S01013266,Flat maisonette or apartment or mobile/temporary accommodation,2,1,0,1,1,1,0
S01013267,All households,237,120,41,79,117,106,11
S01013267,Whole house or bungalow: Total,226,119,41,78,107,96,11
S01013267,Whole house or bungalow: Detached,12,7,2,5,5,4,1
S01013267,Whole house or bungalow: Semi-detached,121,95,38,57,26,21,5
S01013267,Whole house or bungalow: Terraced (including end-terrace),93,17,1,16,76,71,5
S01013267,Flat maisonette or apartment or mobile/temporary accommodation,11,1,0,1,10,10,0
S01013268,All households,328,253,71,182,75,52,23
S01013268,Whole house or bungalow: Total,321,252,71,181,69,47,22
S01013268,Whole house or bungalow: Detached,14,11,3,8,3,3,0
S01013268,Whole house or bungalow: Semi-detached,37,26,7,19,11,8,3
S01013268,Whole house or bungalow: Terraced (including end-terrace),270,215,61,154,55,36,19
S01013268,Flat maisonette or apartment or mobile/temporary accommodation,7,1,0,1,6,5,1
S01013269,All households,379,303,89,214,76,14,62
S01013269,Whole house or bungalow: Total,310,282,89,193,28,4,24
S01013269,Whole house or bungalow: Detached,188,174,59,115,14,1,13
S01013269,Whole house or bungalow: Semi-detached,98,91,23,68,7,1,6
S01013269,Whole house or bungalow: Terraced (including end-terrace),24,17,7,10,7,2,5
S01013269,Flat maisonette or apartment or mobile/temporary accommodation,69,21,0,21,48,10,38
S01013270,All households,285,274,62,212,11,2,9
S01013270,Whole house or bungalow: Total,285,274,62,212,11,2,9
S01013270,Whole house or bungalow: Detached,251,246,59,187,5,0,5
S01013270,Whole house or bungalow: Semi-detached,30,26,2,24,4,1,3
S01013270,Whole house or bungalow: Terraced (including end-terrace),4,2,1,1,2,1,1
S01013270,Flat maisonette or apartment or mobile/temporary accommodation,0,0,0,0,0,0,0
S01013271,All households,242,233,127,106,9,0,9
S01013271,Whole house or bungalow: Total,241,233,127,106,8,0,8
S01013271,Whole house or bungalow: Detached,235,227,126,101,8,0,8
S01013271,Whole house or bungalow: Semi-detached,5,5,1,4,0,0,0
S01013271,Whole house or bungalow: Terraced (including end-terrace),1,1,0,1,0,0,0
S01013271,Flat maisonette or apartment or mobile/temporary accommodation,1,0,0,0,1,0,1
S01013272,All households,253,236,63,173,17,5,12
S01013272,Whole house or bungalow: Total,249,235,63,172,14,3,11
S01013272,Whole house or bungalow: Detached,222,216,57,159,6,0,6
S01013272,Whole house or bungalow: Semi-detached,19,13,4,9,6,2,4
S01013272,Whole house or bungalow: Terraced (including end-terrace),8,6,2,4,2,1,1
S01013272,Flat maisonette or apartment or mobile/temporary accommodation,4,1,0,1,3,2,1
S01013273,All households,291,277,36,241,14,3,11
S01013273,Whole house or bungalow: Total,291,277,36,241,14,3,11
S01013273,Whole house or bungalow: Detached,244,236,31,205,8,1,7
S01013273,Whole house or bungalow: Semi-detached,43,38,4,34,5,1,4
S01013273,Whole house or bungalow: Terraced (including end-terrace),4,3,1,2,1,1,0
S01013273,Flat maisonette or apartment or mobile/temporary accommodation,0,0,0,0,0,0,0
S01013274,All households,348,302,110,192,46,2,44
S01013274,Whole house or bungalow: Total,323,292,107,185,31,0,31
S01013274,Whole house or bungalow: Detached,174,165,77,88,9,0,9
S01013274,Whole house or bungalow: Semi-detached,100,92,24,68,8,0,8
S01013274,Whole house or bungalow: Terraced (including end-terrace),49,35,6,29,14,0,14
S01013274,Flat maisonette or apartment or mobile/temporary accommodation,25,10,3,7,15,2,13
S01013275,All households,253,227,93,134,26,1,25
S01013275,Whole house or bungalow: Total,247,225,92,133,22,0,22
S01013275,Whole house or bungalow: Detached,137,130,59,71,7,0,7
S01013275,Whole house or bungalow: Semi-detached,34,29,8,21,5,0,5
S01013275,Whole house or bungalow: Terraced (including end-terrace),76,66,25,41,10,0,10
S01013275,Flat maisonette or apartment or mobile/temporary accommodation,6,2,1,1,4,1,3
S01013276,All households,233,205,59,146,28,4,24
S01013276,Whole house or bungalow: Total,222,199,57,142,23,4,19
S01013276,Whole house or bungalow: Detached,102,97,35,62,5,1,4
S01013276,Whole house or bungalow: Semi-detached,92,78,15,63,14,0,14
S01013276,Whole house or bungalow: Terraced (including end-terrace),28,24,7,17,4,3,1
S01013276,Flat maisonette or apartment or mobile/temporary accommodation,11,6,2,4,5,0,5
S01013277,All households,363,226,67,159,137,93,44
S01013277,Whole house or bungalow: Total,355,222,66,156,133,90,43
S01013277,Whole house or bungalow: Detached,18,13,2,11,5,2,3
S01013277,Whole house or bungalow: Semi-detached,56,33,10,23,23,17,6
S01013277,Whole house or bungalow: Terraced (including end-terrace),281,176,54,122,105,71,34
S01013277,Flat maisonette or apartment or mobile/temporary accommodation,8,4,1,3,4,3,1
S01013278,All households,322,157,49,108,165,127,38
S01013278,Whole house or bungalow: Total,295,155,48,107,140,105,35
S01013278,Whole house or bungalow: Detached,10,8,2,6,2,2,0
S01013278,Whole house or bungalow: Semi-detached,57,21,6,15,36,30,6
S01013278,Whole house or bungalow: Terraced (including end-terrace),228,126,40,86,102,73,29
S01013278,Flat maisonette or apartment or mobile/temporary accommodation,27,2,1,1,25,22,3
S01013279,All households,299,123,42,81,176,144,32
S01013279,Whole house or bungalow: Total,226,109,37,72,117,93,24
S01013279,Whole house or bungalow: Detached,12,8,1,7,4,4,0
S01013279,Whole house or bungalow: Semi-detached,43,24,10,14,19,17,2
S01013279,Whole house or bungalow: Terraced (including end-terrace),171,77,26,51,94,72,22
S01013279,Flat maisonette or apartment or mobile/temporary accommodation,73,14,5,9,59,51,8
S01013280,All households,227,179,62,117,48,23,25
S01013280,Whole house or bungalow: Total,223,177,62,115,46,21,25
S01013280,Whole house or bungalow: Detached,16,11,3,8,5,2,3
S01013280,Whole house or bungalow: Semi-detached,32,20,7,13,12,6,6
S01013280,Whole house or bungalow: Terraced (including end-terrace),175,146,52,94,29,13,16
S01013280,Flat maisonette or apartment or mobile/temporary accommodation,4,2,0,2,2,2,0
S01013281,All households,384,209,57,152,175,120,55
S01013281,Whole house or bungalow: Total,343,204,56,148,139,86,53
S01013281,Whole house or bungalow: Detached,13,7,1,6,6,3,3
S01013281,Whole house or bungalow: Semi-detached,40,19,8,11,21,7,14
S01013281,Whole house or bungalow: Terraced (including end-terrace),290,178,47,131,112,76,36
S01013281,Flat maisonette or apartment or mobile/temporary accommodation,41,5,1,4,36,34,2
S01013282,All households,346,133,28,105,213,169,44
S01013282,Whole house or bungalow: Total,265,120,25,95,145,111,34
S01013282,Whole house or bungalow: Detached,12,6,2,4,6,2,4
S01013282,Whole house or bungalow: Semi-detached,45,21,6,15,24,15,9
S01013282,Whole house or bungalow: Terraced (including end-terrace),208,93,17,76,115,94,21
S01013282,Flat maisonette or apartment or mobile/temporary accommodation,81,13,3,10,68,58,10
S01013283,All households,310,113,27,86,197,78,119
S01013283,Whole house or bungalow: Total,115,53,11,42,62,37,25
S01013283,Whole house or bungalow: Detached,14,9,2,7,5,3,2
S01013283,Whole house or bungalow: Semi-detached,19,10,3,7,9,7,2
S01013283,Whole house or bungalow: Terraced (including end-terrace),82,34,6,28,48,27,21
S01013283,Flat maisonette or apartment or mobile/temporary accommodation,195,60,16,44,135,41,94
S01013284,All households,301,251,67,184,50,7,43
S01013284,Whole house or bungalow: Total,247,221,63,158,26,3,23
S01013284,Whole house or bungalow: Detached,47,45,26,19,2,0,2
S01013284,Whole house or bungalow: Semi-detached,91,81,22,59,10,2,8
S01013284,Whole house or bungalow: Terraced (including end-terrace),109,95,15,80,14,1,13
S01013284,Flat maisonette or apartment or mobile/temporary accommodation,54,30,4,26,24,4,20
S01013285,All households,269,224,66,158,45,6,39
S01013285,Whole house or bungalow: Total,220,191,59,132,29,4,25
S01013285,Whole house or bungalow: Detached,38,34,12,22,4,2,2
S01013285,Whole house or bungalow: Semi-detached,138,127,41,86,11,2,9
S01013285,Whole house or bungalow: Terraced (including end-terrace),44,30,6,24,14,0,14
S01013285,Flat maisonette or apartment or mobile/temporary accommodation,49,33,7,26,16,2,14
S01013286,All households,284,251,83,168,33,7,26
S01013286,Whole house or bungalow: Total,274,246,82,164,28,5,23
S01013286,Whole house or bungalow: Detached,58,54,22,32,4,1,3
S01013286,Whole house or bungalow: Semi-detached,101,94,33,61,7,2,5
S01013286,Whole house or bungalow: Terraced (including end-terrace),115,98,27,71,17,2,15
S01013286,Flat maisonette or apartment or mobile/temporary accommodation,10,5,1,4,5,2,3
S01013287,All households,282,263,77,186,19,5,14
S01013287,Whole house or bungalow: Total,278,263,77,186,15,3,12
S01013287,Whole house or bungalow: Detached,194,188,60,128,6,1,5
S01013287,Whole house or bungalow: Semi-detached,65,60,16,44,5,1,4
S01013287,Whole house or bungalow: Terraced (including end-terrace),19,15,1,14,4,1,3
S01013287,Flat maisonette or apartment or mobile/temporary accommodation,4,0,0,0,4,2,2
S01013288,All households,315,215,100,115,100,66,34
S01013288,Whole house or bungalow: Total,224,175,85,90,49,34,15
S01013288,Whole house or bungalow: Detached,75,70,31,39,5,2,3
S01013288,Whole house or bungalow: Semi-detached,64,45,22,23,19,13,6
S01013288,Whole house or bungalow: Terraced (including end-terrace),85,60,32,28,25,19,6
S01013288,Flat maisonette or apartment or mobile/temporary accommodation,91,40,15,25,51,32,19
S01013289,All households,303,259,127,132,44,8,36
S01013289,Whole house or bungalow: Total,296,254,126,128,42,6,36
S01013289,Whole house or bungalow: Detached,230,195,102,93,35,2,33
S01013289,Whole house or bungalow: Semi-detached,58,54,22,32,4,2,2
S01013289,Whole house or bungalow: Terraced (including end-terrace),8,5,2,3,3,2,1
S01013289,Flat maisonette or apartment or mobile/temporary accommodation,7,5,1,4,2,2,0
S01013290,All households,361,273,76,197,88,47,41
S01013290,Whole house or bungalow: Total,324,259,74,185,65,34,31
S01013290,Whole house or bungalow: Detached,66,53,16,37,13,6,7
S01013290,Whole house or bungalow: Semi-detached,143,119,28,91,24,9,15
S01013290,Whole house or bungalow: Terraced (including end-terrace),115,87,30,57,28,19,9
S01013290,Flat maisonette or apartment or mobile/temporary accommodation,37,14,2,12,23,13,10
S01013291,All households,257,232,42,190,25,13,12
S01013291,Whole house or bungalow: Total,254,231,42,189,23,11,12
S01013291,Whole house or bungalow: Detached,31,30,6,24,1,1,0
S01013291,Whole house or bungalow: Semi-detached,64,53,13,40,11,9,2
S01013291,Whole house or bungalow: Terraced (including end-terrace),159,148,23,125,11,1,10
S01013291,Flat maisonette or apartment or mobile/temporary accommodation,3,1,0,1,2,2,0
S01013292,All households,284,252,102,150,32,9,23
S01013292,Whole house or bungalow: Total,262,241,99,142,21,5,16
S01013292,Whole house or bungalow: Detached,82,79,38,41,3,0,3
S01013292,Whole house or bungalow: Semi-detached,95,89,29,60,6,2,4
S01013292,Whole house or bungalow: Terraced (including end-terrace),85,73,32,41,12,3,9
S01013292,Flat maisonette or apartment or mobile/temporary accommodation,22,11,3,8,11,4,7
S01013293,All households,273,265,92,173,8,1,7
S01013293,Whole house or bungalow: Total,257,254,90,164,3,1,2
S01013293,Whole house or bungalow: Detached,134,134,55,79,0,0,0
S01013293,Whole house or bungalow: Semi-detached,113,111,34,77,2,1,1
S01013293,Whole house or bungalow: Terraced (including end-terrace),10,9,1,8,1,0,1
S01013293,Flat maisonette or apartment or mobile/temporary accommodation,16,11,2,9,5,0,5
S01013294,All households,306,243,78,165,63,42,21
S01013294,Whole house or bungalow: Total,256,221,68,153,35,27,8
S01013294,Whole house or bungalow: Detached,75,52,20,32,23,20,3
S01013294,Whole house or bungalow: Semi-detached,129,125,40,85,4,1,3
S01013294,Whole house or bungalow: Terraced (including end-terrace),52,44,8,36,8,6,2
S01013294,Flat maisonette or apartment or mobile/temporary accommodation,50,22,10,12,28,15,13
S01013295,All households,324,277,91,186,47,9,38
S01013295,Whole house or bungalow: Total,279,245,86,159,34,7,27
S01013295,Whole house or bungalow: Detached,50,47,22,25,3,0,3
S01013295,Whole house or bungalow: Semi-detached,130,122,46,76,8,0,8
S01013295,Whole house or bungalow: Terraced (including end-terrace),99,76,18,58,23,7,16
S01013295,Flat maisonette or apartment or mobile/temporary accommodation,45,32,5,27,13,2,11
S01013296,All households,310,167,77,90,143,128,15
S01013296,Whole house or bungalow: Total,276,152,68,84,124,113,11
S01013296,Whole house or bungalow: Detached,36,31,16,15,5,3,2
S01013296,Whole house or bungalow: Semi-detached,141,73,37,36,68,62,6
S01013296,Whole house or bungalow: Terraced (including end-terrace),99,48,15,33,51,48,3
S01013296,Flat maisonette or apartment or mobile/temporary accommodation,34,15,9,6,19,15,4
S01013297,All households,308,213,93,120,95,64,31
S01013297,Whole house or bungalow: Total,260,198,90,108,62,42,20
S01013297,Whole house or bungalow: Detached,19,18,10,8,1,0,1
S01013297,Whole house or bungalow: Semi-detached,54,38,20,18,16,11,5
S01013297,Whole house or bungalow: Terraced (including end-terrace),187,142,60,82,45,31,14
S01013297,Flat maisonette or apartment or mobile/temporary accommodation,48,15,3,12,33,22,11
S01013298,All households,310,203,96,107,107,49,58
S01013298,Whole house or bungalow: Total,278,183,91,92,95,47,48
S01013298,Whole house or bungalow: Detached,74,65,33,32,9,1,8
S01013298,Whole house or bungalow: Semi-detached,89,47,25,22,42,23,19
S01013298,Whole house or bungalow: Terraced (including end-terrace),115,71,33,38,44,23,21
S01013298,Flat maisonette or apartment or mobile/temporary accommodation,32,20,5,15,12,2,10
S01013299,All households,424,286,92,194,138,104,34
S01013299,Whole house or bungalow: Total,393,273,87,186,120,91,29
S01013299,Whole house or bungalow: Detached,94,86,21,65,8,0,8
S01013299,Whole house or bungalow: Semi-detached,125,86,23,63,39,30,9
S01013299,Whole house or bungalow: Terraced (including end-terrace),174,101,43,58,73,61,12
S01013299,Flat maisonette or apartment or mobile/temporary accommodation,31,13,5,8,18,13,5
S01013300,All households,264,157,71,86,107,76,31
S01013300,Whole house or bungalow: Total,240,150,68,82,90,68,22
S01013300,Whole house or bungalow: Detached,79,40,25,15,39,26,13
S01013300,Whole house or bungalow: Semi-detached,63,35,12,23,28,23,5
S01013300,Whole house or bungalow: Terraced (including end-terrace),98,75,31,44,23,19,4
S01013300,Flat maisonette or apartment or mobile/temporary accommodation,24,7,3,4,17,8,9
S01013301,All households,217,126,47,79,91,63,28
S01013301,Whole house or bungalow: Total,207,124,47,77,83,61,22
S01013301,Whole house or bungalow: Detached,19,17,11,6,2,2,0
S01013301,Whole house or bungalow: Semi-detached,95,57,18,39,38,28,10
S01013301,Whole house or bungalow: Terraced (including end-terrace),93,50,18,32,43,31,12
S01013301,Flat maisonette or apartment or mobile/temporary accommodation,10,2,0,2,8,2,6
S01013302,All households,270,218,96,122,52,26,26
S01013302,Whole house or bungalow: Total,256,215,96,119,41,23,18
S01013302,Whole house or bungalow: Detached,119,115,56,59,4,1,3
S01013302,Whole house or bungalow: Semi-detached,61,47,18,29,14,6,8
S01013302,Whole house or bungalow: Terraced (including end-terrace),76,53,22,31,23,16,7
S01013302,Flat maisonette or apartment or mobile/temporary accommodation,14,3,0,3,11,3,8
S01013303,All households,384,294,125,169,90,64,26
S01013303,Whole house or bungalow: Total,337,292,124,168,45,24,21
S01013303,Whole house or bungalow: Detached,86,77,37,40,9,1,8
S01013303,Whole house or bungalow: Semi-detached,85,77,26,51,8,7,1
S01013303,Whole house or bungalow: Terraced (including end-terrace),166,138,61,77,28,16,12
S01013303,Flat maisonette or apartment or mobile/temporary accommodation,47,2,1,1,45,40,5
S01013304,All households,422,167,50,117,255,207,48
S01013304,Whole house or bungalow: Total,290,145,49,96,145,118,27
S01013304,Whole house or bungalow: Detached,24,10,6,4,14,10,4
S01013304,Whole house or bungalow: Semi-detached,54,27,10,17,27,23,4
S01013304,Whole house or bungalow: Terraced (including end-terrace),212,108,33,75,104,85,19
S01013304,Flat maisonette or apartment or mobile/temporary accommodation,132,22,1,21,110,89,21
S01013305,All households,444,228,68,160,216,141,75
S01013305,Whole house or bungalow: Total,311,177,62,115,134,104,30
S01013305,Whole house or bungalow: Detached,45,33,11,22,12,10,2
S01013305,Whole house or bungalow: Semi-detached,25,14,4,10,11,8,3
S01013305,Whole house or bungalow: Terraced (including end-terrace),241,130,47,83,111,86,25
S01013305,Flat maisonette or apartment or mobile/temporary accommodation,133,51,6,45,82,37,45
S01013306,All households,501,86,23,63,415,366,49
S01013306,Whole house or bungalow: Total,192,57,16,41,135,120,15
S01013306,Whole house or bungalow: Detached,12,4,0,4,8,8,0
S01013306,Whole house or bungalow: Semi-detached,23,4,0,4,19,13,6
S01013306,Whole house or bungalow: Terraced (including end-terrace),157,49,16,33,108,99,9
S01013306,Flat maisonette or apartment or mobile/temporary accommodation,309,29,7,22,280,246,34
S01013307,All households,436,145,39,106,291,230,61
S01013307,Whole house or bungalow: Total,337,138,37,101,199,153,46
S01013307,Whole house or bungalow: Detached,22,10,4,6,12,9,3
S01013307,Whole house or bungalow: Semi-detached,81,40,7,33,41,25,16
S01013307,Whole house or bungalow: Terraced (including end-terrace),234,88,26,62,146,119,27
S01013307,Flat maisonette or apartment or mobile/temporary accommodation,99,7,2,5,92,77,15
S01013308,All households,374,86,32,54,288,264,24
S01013308,Whole house or bungalow: Total,275,74,30,44,201,181,20
S01013308,Whole house or bungalow: Detached,18,10,5,5,8,5,3
S01013308,Whole house or bungalow: Semi-detached,69,10,4,6,59,54,5
S01013308,Whole house or bungalow: Terraced (including end-terrace),188,54,21,33,134,122,12
S01013308,Flat maisonette or apartment or mobile/temporary accommodation,99,12,2,10,87,83,4
S01013309,All households,236,164,46,118,72,14,58
S01013309,Whole house or bungalow: Total,178,150,40,110,28,14,14
S01013309,Whole house or bungalow: Detached,106,103,26,77,3,0,3
S01013309,Whole house or bungalow: Semi-detached,26,15,5,10,11,6,5
S01013309,Whole house or bungalow: Terraced (including end-terrace),46,32,9,23,14,8,6
S01013309,Flat maisonette or apartment or mobile/temporary accommodation,58,14,6,8,44,0,44
S01013310,All households,241,156,48,108,85,62,23
S01013310,Whole house or bungalow: Total,238,155,48,107,83,62,21
S01013310,Whole house or bungalow: Detached,13,10,4,6,3,1,2
S01013310,Whole house or bungalow: Semi-detached,14,8,1,7,6,5,1
S01013310,Whole house or bungalow: Terraced (including end-terrace),211,137,43,94,74,56,18
S01013310,Flat maisonette or apartment or mobile/temporary accommodation,3,1,0,1,2,0,2
S01013311,All households,313,174,62,112,139,90,49
S01013311,Whole house or bungalow: Total,307,173,62,111,134,90,44
S01013311,Whole house or bungalow: Detached,10,8,2,6,2,0,2
S01013311,Whole house or bungalow: Semi-detached,50,24,6,18,26,14,12
S01013311,Whole house or bungalow: Terraced (including end-terrace),247,141,54,87,106,76,30
S01013311,Flat maisonette or apartment or mobile/temporary accommodation,6,1,0,1,5,0,5
S01013312,All households,486,256,87,169,230,177,53
S01013312,Whole house or bungalow: Total,312,185,74,111,127,103,24
S01013312,Whole house or bungalow: Detached,28,17,9,8,11,6,5
S01013312,Whole house or bungalow: Semi-detached,85,60,22,38,25,18,7
S01013312,Whole house or bungalow: Terraced (including end-terrace),199,108,43,65,91,79,12
S01013312,Flat maisonette or apartment or mobile/temporary accommodation,174,71,13,58,103,74,29
S01013313,All households,276,155,69,86,121,81,40
S01013313,Whole house or bungalow: Total,216,132,59,73,84,60,24
S01013313,Whole house or bungalow: Detached,8,6,2,4,2,2,0
S01013313,Whole house or bungalow: Semi-detached,27,14,4,10,13,9,4
S01013313,Whole house or bungalow: Terraced (including end-terrace),181,112,53,59,69,49,20
S01013313,Flat maisonette or apartment or mobile/temporary accommodation,60,23,10,13,37,21,16
S01013314,All households,304,158,75,83,146,112,34
S01013314,Whole house or bungalow: Total,259,144,68,76,115,95,20
S01013314,Whole house or bungalow: Detached,9,4,1,3,5,3,2
S01013314,Whole house or bungalow: Semi-detached,55,23,11,12,32,25,7
S01013314,Whole house or bungalow: Terraced (including end-terrace),195,117,56,61,78,67,11
S01013314,Flat maisonette or apartment or mobile/temporary accommodation,45,14,7,7,31,17,14
S01013315,All households,174,160,27,133,14,2,12
S01013315,Whole house or bungalow: Total,173,160,27,133,13,1,12
S01013315,Whole house or bungalow: Detached,157,147,23,124,10,0,10
S01013315,Whole house or bungalow: Semi-detached,11,9,2,7,2,1,1
S01013315,Whole house or bungalow: Terraced (including end-terrace),5,4,2,2,1,0,1
S01013315,Flat maisonette or apartment or mobile/temporary accommodation,1,0,0,0,1,1,0
S01013316,All households,273,222,118,104,51,36,15
S01013316,Whole house or bungalow: Total,265,220,118,102,45,32,13
S01013316,Whole house or bungalow: Detached,174,166,94,72,8,2,6
S01013316,Whole house or bungalow: Semi-detached,45,29,13,16,16,11,5
S01013316,Whole house or bungalow: Terraced (including end-terrace),46,25,11,14,21,19,2
S01013316,Flat maisonette or apartment or mobile/temporary accommodation,8,2,0,2,6,4,2
S01013317,All households,257,221,91,130,36,2,34
S01013317,Whole house or bungalow: Total,207,186,87,99,21,2,19
S01013317,Whole house or bungalow: Detached,165,150,71,79,15,0,15
S01013317,Whole house or bungalow: Semi-detached,35,30,15,15,5,2,3
S01013317,Whole house or bungalow: Terraced (including end-terrace),7,6,1,5,1,0,1
S01013317,Flat maisonette or apartment or mobile/temporary accommodation,50,35,4,31,15,0,15
S01013318,All households,245,209,51,158,36,6,30
S01013318,Whole house or bungalow: Total,220,199,49,150,21,2,19
S01013318,Whole house or bungalow: Detached,106,99,29,70,7,0,7
S01013318,Whole house or bungalow: Semi-detached,94,86,16,70,8,0,8
S01013318,Whole house or bungalow: Terraced (including end-terrace),20,14,4,10,6,2,4
S01013318,Flat maisonette or apartment or mobile/temporary accommodation,25,10,2,8,15,4,11
S01013319,All households,209,145,27,118,64,50,14
S01013319,Whole house or bungalow: Total,191,144,26,118,47,34,13
S01013319,Whole house or bungalow: Detached,119,114,17,97,5,2,3
S01013319,Whole house or bungalow: Semi-detached,39,15,5,10,24,19,5
S01013319,Whole house or bungalow: Terraced (including end-terrace),33,15,4,11,18,13,5
S01013319,Flat maisonette or apartment or mobile/temporary accommodation,18,1,1,0,17,16,1
S01013320,All households,357,287,43,244,70,16,54
S01013320,Whole house or bungalow: Total,323,278,42,236,45,7,38
S01013320,Whole house or bungalow: Detached,189,177,30,147,12,0,12
S01013320,Whole house or bungalow: Semi-detached,71,53,5,48,18,3,15
S01013320,Whole house or bungalow: Terraced (including end-terrace),63,48,7,41,15,4,11
S01013320,Flat maisonette or apartment or mobile/temporary accommodation,34,9,1,8,25,9,16
S01013321,All households,223,107,26,81,116,93,23
S01013321,Whole house or bungalow: Total,152,75,22,53,77,65,12
S01013321,Whole house or bungalow: Detached,9,7,2,5,2,1,1
S01013321,Whole house or bungalow: Semi-detached,45,19,5,14,26,22,4
S01013321,Whole house or bungalow: Terraced (including end-terrace),98,49,15,34,49,42,7
S01013321,Flat maisonette or apartment or mobile/temporary accommodation,71,32,4,28,39,28,11
S01013322,All households,267,180,46,134,87,65,22
S01013322,Whole house or bungalow: Total,255,175,45,130,80,62,18
S01013322,Whole house or bungalow: Detached,58,57,25,32,1,0,1
S01013322,Whole house or bungalow: Semi-detached,31,15,4,11,16,15,1
S01013322,Whole house or bungalow: Terraced (including end-terrace),166,103,16,87,63,47,16
S01013322,Flat maisonette or apartment or mobile/temporary accommodation,12,5,1,4,7,3,4
S01013323,All households,416,199,54,145,217,180,37
S01013323,Whole house or bungalow: Total,324,184,50,134,140,110,30
S01013323,Whole house or bungalow: Detached,12,7,2,5,5,3,2
S01013323,Whole house or bungalow: Semi-detached,57,21,3,18,36,30,6
S01013323,Whole house or bungalow: Terraced (including end-terrace),255,156,45,111,99,77,22
S01013323,Flat maisonette or apartment or mobile/temporary accommodation,92,15,4,11,77,70,7
S01013324,All households,275,104,30,74,171,154,17
S01013324,Whole house or bungalow: Total,222,104,30,74,118,102,16
S01013324,Whole house or bungalow: Detached,8,4,1,3,4,3,1
S01013324,Whole house or bungalow: Semi-detached,21,9,2,7,12,9,3
S01013324,Whole house or bungalow: Terraced (including end-terrace),193,91,27,64,102,90,12
S01013324,Flat maisonette or apartment or mobile/temporary accommodation,53,0,0,0,53,52,1
S01013325,All households,353,57,10,47,296,285,11
S01013325,Whole house or bungalow: Total,329,57,10,47,272,262,10
S01013325,Whole house or bungalow: Detached,59,45,6,39,14,9,5
S01013325,Whole house or bungalow: Semi-detached,68,1,1,0,67,65,2
S01013325,Whole house or bungalow: Terraced (including end-terrace),202,11,3,8,191,188,3
S01013325,Flat maisonette or apartment or mobile/temporary accommodation,24,0,0,0,24,23,1
S01013326,All households,218,98,26,72,120,92,28
S01013326,Whole house or bungalow: Total,181,95,25,70,86,62,24
S01013326,Whole house or bungalow: Detached,5,3,0,3,2,1,1
S01013326,Whole house or bungalow: Semi-detached,13,6,0,6,7,7,0
S01013326,Whole house or bungalow: Terraced (including end-terrace),163,86,25,61,77,54,23
S01013326,Flat maisonette or apartment or mobile/temporary accommodation,37,3,1,2,34,30,4
S01013327,All households,269,114,36,78,155,129,26
S01013327,Whole house or bungalow: Total,251,114,36,78,137,113,24
S01013327,Whole house or bungalow: Detached,13,6,2,4,7,6,1
S01013327,Whole house or bungalow: Semi-detached,30,16,3,13,14,13,1
S01013327,Whole house or bungalow: Terraced (including end-terrace),208,92,31,61,116,94,22
S01013327,Flat maisonette or apartment or mobile/temporary accommodation,18,0,0,0,18,16,2
S01013328,All households,236,95,24,71,141,113,28
S01013328,Whole house or bungalow: Total,226,94,24,70,132,105,27
S01013328,Whole house or bungalow: Detached,12,6,1,5,6,6,0
S01013328,Whole house or bungalow: Semi-detached,22,8,2,6,14,13,1
S01013328,Whole house or bungalow: Terraced (including end-terrace),192,80,21,59,112,86,26
S01013328,Flat maisonette or apartment or mobile/temporary accommodation,10,1,0,1,9,8,1
S01013329,All households,228,136,60,76,92,68,24
S01013329,Whole house or bungalow: Total,221,133,59,74,88,65,23
S01013329,Whole house or bungalow: Detached,14,8,4,4,6,6,0
S01013329,Whole house or bungalow: Semi-detached,20,10,4,6,10,6,4
S01013329,Whole house or bungalow: Terraced (including end-terrace),187,115,51,64,72,53,19
S01013329,Flat maisonette or apartment or mobile/temporary accommodation,7,3,1,2,4,3,1
S01013330,All households,430,288,56,232,142,30,112
S01013330,Whole house or bungalow: Total,235,217,40,177,18,10,8
S01013330,Whole house or bungalow: Detached,146,146,27,119,0,0,0
S01013330,Whole house or bungalow: Semi-detached,59,50,9,41,9,6,3
S01013330,Whole house or bungalow: Terraced (including end-terrace),30,21,4,17,9,4,5
S01013330,Flat maisonette or apartment or mobile/temporary accommodation,195,71,16,55,124,20,104
S01013331,All households,248,169,27,142,79,7,72
S01013331,Whole house or bungalow: Total,174,156,22,134,18,3,15
S01013331,Whole house or bungalow: Detached,69,64,9,55,5,0,5
S01013331,Whole house or bungalow: Semi-detached,69,60,6,54,9,2,7
S01013331,Whole house or bungalow: Terraced (including end-terrace),36,32,7,25,4,1,3
S01013331,Flat maisonette or apartment or mobile/temporary accommodation,74,13,5,8,61,4,57
S01013332,All households,285,174,59,115,111,77,34
S01013332,Whole house or bungalow: Total,280,171,58,113,109,77,32
S01013332,Whole house or bungalow: Detached,15,10,3,7,5,4,1
S01013332,Whole house or bungalow: Semi-detached,34,17,6,11,17,13,4
S01013332,Whole house or bungalow: Terraced (including end-terrace),231,144,49,95,87,60,27
S01013332,Flat maisonette or apartment or mobile/temporary accommodation,5,3,1,2,2,0,2
S01013333,All households,327,256,64,192,71,36,35
S01013333,Whole house or bungalow: Total,322,255,64,191,67,33,34
S01013333,Whole house or bungalow: Detached,68,63,14,49,5,1,4
S01013333,Whole house or bungalow: Semi-detached,148,118,25,93,30,8,22
S01013333,Whole house or bungalow: Terraced (including end-terrace),106,74,25,49,32,24,8
S01013333,Flat maisonette or apartment or mobile/temporary accommodation,5,1,0,1,4,3,1
S01013334,All households,294,155,38,117,139,110,29
S01013334,Whole house or bungalow: Total,242,137,37,100,105,82,23
S01013334,Whole house or bungalow: Detached,10,7,2,5,3,2,1
S01013334,Whole house or bungalow: Semi-detached,23,7,1,6,16,11,5
S01013334,Whole house or bungalow: Terraced (including end-terrace),209,123,34,89,86,69,17
S01013334,Flat maisonette or apartment or mobile/temporary accommodation,52,18,1,17,34,28,6
S01013335,All households,294,106,29,77,188,173,15
S01013335,Whole house or bungalow: Total,287,104,29,75,183,168,15
S01013335,Whole house or bungalow: Detached,18,12,3,9,6,5,1
S01013335,Whole house or bungalow: Semi-detached,55,24,9,15,31,27,4
S01013335,Whole house or bungalow: Terraced (including end-terrace),214,68,17,51,146,136,10
S01013335,Flat maisonette or apartment or mobile/temporary accommodation,7,2,0,2,5,5,0
S01013336,All households,339,105,34,71,234,196,38
S01013336,Whole house or bungalow: Total,303,103,33,70,200,169,31
S01013336,Whole house or bungalow: Detached,10,5,1,4,5,4,1
S01013336,Whole house or bungalow: Semi-detached,121,54,18,36,67,54,13
S01013336,Whole house or bungalow: Terraced (including end-terrace),172,44,14,30,128,111,17
S01013336,Flat maisonette or apartment or mobile/temporary accommodation,36,2,1,1,34,27,7
S01013337,All households,365,302,124,178,63,34,29
S01013337,Whole house or bungalow: Total,363,302,124,178,61,34,27
S01013337,Whole house or bungalow: Detached,112,106,55,51,6,1,5
S01013337,Whole house or bungalow: Semi-detached,53,43,19,24,10,6,4
S01013337,Whole house or bungalow: Terraced (including end-terrace),198,153,50,103,45,27,18
S01013337,Flat maisonette or apartment or mobile/temporary accommodation,2,0,0,0,2,0,2
S01013338,All households,165,146,19,127,19,0,19
S01013338,Whole house or bungalow: Total,163,146,19,127,17,0,17
S01013338,Whole house or bungalow: Detached,138,126,18,108,12,0,12
S01013338,Whole house or bungalow: Semi-detached,17,13,0,13,4,0,4
S01013338,Whole house or bungalow: Terraced (including end-terrace),8,7,1,6,1,0,1
S01013338,Flat maisonette or apartment or mobile/temporary accommodation,2,0,0,0,2,0,2
S01013339,All households,233,196,74,122,37,4,33
S01013339,Whole house or bungalow: Total,221,193,73,120,28,4,24
S01013339,Whole house or bungalow: Detached,102,98,53,45,4,0,4
S01013339,Whole house or bungalow: Semi-detached,77,67,14,53,10,2,8
S01013339,Whole house or bungalow: Terraced (including end-terrace),42,28,6,22,14,2,12
S01013339,Flat maisonette or apartment or mobile/temporary accommodation,12,3,1,2,9,0,9
S01013340,All households,335,310,130,180,25,4,21
S01013340,Whole house or bungalow: Total,330,309,130,179,21,3,18
S01013340,Whole house or bungalow: Detached,273,261,124,137,12,0,12
S01013340,Whole house or bungalow: Semi-detached,41,35,4,31,6,2,4
S01013340,Whole house or bungalow: Terraced (including end-terrace),16,13,2,11,3,1,2
S01013340,Flat maisonette or apartment or mobile/temporary accommodation,5,1,0,1,4,1,3
S01013341,All households,388,295,110,185,93,13,80
S01013341,Whole house or bungalow: Total,249,228,84,144,21,10,11
S01013341,Whole house or bungalow: Detached,220,212,79,133,8,0,8
S01013341,Whole house or bungalow: Semi-detached,12,7,2,5,5,4,1
S01013341,Whole house or bungalow: Terraced (including end-terrace),17,9,3,6,8,6,2
S01013341,Flat maisonette or apartment or mobile/temporary accommodation,139,67,26,41,72,3,69
S01013342,All households,286,133,39,94,153,125,28
S01013342,Whole house or bungalow: Total,215,122,36,86,93,77,16
S01013342,Whole house or bungalow: Detached,12,7,3,4,5,4,1
S01013342,Whole house or bungalow: Semi-detached,35,19,9,10,16,14,2
S01013342,Whole house or bungalow: Terraced (including end-terrace),168,96,24,72,72,59,13
S01013342,Flat maisonette or apartment or mobile/temporary accommodation,71,11,3,8,60,48,12
S01013343,All households,276,165,40,125,111,89,22
S01013343,Whole house or bungalow: Total,272,164,39,125,108,88,20
S01013343,Whole house or bungalow: Detached,3,3,2,1,0,0,0
S01013343,Whole house or bungalow: Semi-detached,49,31,6,25,18,15,3
S01013343,Whole house or bungalow: Terraced (including end-terrace),220,130,31,99,90,73,17
S01013343,Flat maisonette or apartment or mobile/temporary accommodation,4,1,1,0,3,1,2
S01013344,All households,356,128,52,76,228,203,25
S01013344,Whole house or bungalow: Total,285,123,50,73,162,143,19
S01013344,Whole house or bungalow: Detached,21,13,3,10,8,7,1
S01013344,Whole house or bungalow: Semi-detached,95,34,11,23,61,53,8
S01013344,Whole house or bungalow: Terraced (including end-terrace),169,76,36,40,93,83,10
S01013344,Flat maisonette or apartment or mobile/temporary accommodation,71,5,2,3,66,60,6
S01013345,All households,298,164,36,128,134,97,37
S01013345,Whole house or bungalow: Total,291,162,35,127,129,94,35
S01013345,Whole house or bungalow: Detached,7,6,1,5,1,0,1
S01013345,Whole house or bungalow: Semi-detached,43,24,7,17,19,13,6
S01013345,Whole house or bungalow: Terraced (including end-terrace),241,132,27,105,109,81,28
S01013345,Flat maisonette or apartment or mobile/temporary accommodation,7,2,1,1,5,3,2
S01013346,All households,282,225,42,183,57,28,29
S01013346,Whole house or bungalow: Total,262,221,42,179,41,17,24
S01013346,Whole house or bungalow: Detached,156,147,28,119,9,0,9
S01013346,Whole house or bungalow: Semi-detached,77,57,12,45,20,9,11
S01013346,Whole house or bungalow: Terraced (including end-terrace),29,17,2,15,12,8,4
S01013346,Flat maisonette or apartment or mobile/temporary accommodation,20,4,0,4,16,11,5
S01013347,All households,332,264,77,187,68,17,51
S01013347,Whole house or bungalow: Total,279,234,69,165,45,12,33
S01013347,Whole house or bungalow: Detached,92,90,21,69,2,0,2
S01013347,Whole house or bungalow: Semi-detached,168,136,43,93,32,4,28
S01013347,Whole house or bungalow: Terraced (including end-terrace),19,8,5,3,11,8,3
S01013347,Flat maisonette or apartment or mobile/temporary accommodation,53,30,8,22,23,5,18
S01013348,All households,169,150,33,117,19,3,16
S01013348,Whole house or bungalow: Total,169,150,33,117,19,3,16
S01013348,Whole house or bungalow: Detached,116,106,20,86,10,1,9
S01013348,Whole house or bungalow: Semi-detached,24,20,5,15,4,1,3
S01013348,Whole house or bungalow: Terraced (including end-terrace),29,24,8,16,5,1,4
S01013348,Flat maisonette or apartment or mobile/temporary accommodation,0,0,0,0,0,0,0
S01013349,All households,359,144,13,131,215,35,180
S01013349,Whole house or bungalow: Total,145,94,11,83,51,11,40
S01013349,Whole house or bungalow: Detached,62,53,7,46,9,1,8
S01013349,Whole house or bungalow: Semi-detached,23,12,1,11,11,5,6
S01013349,Whole house or bungalow: Terraced (including end-terrace),60,29,3,26,31,5,26
S01013349,Flat maisonette or apartment or mobile/temporary accommodation,214,50,2,48,164,24,140
S01013350,All households,285,124,31,93,161,122,39
S01013350,Whole house or bungalow: Total,209,117,29,88,92,68,24
S01013350,Whole house or bungalow: Detached,11,4,2,2,7,5,2
S01013350,Whole house or bungalow: Semi-detached,42,26,10,16,16,13,3
S01013350,Whole house or bungalow: Terraced (including end-terrace),156,87,17,70,69,50,19
S01013350,Flat maisonette or apartment or mobile/temporary accommodation,76,7,2,5,69,54,15
S01013351,All households,320,241,87,154,79,45,34
S01013351,Whole house or bungalow: Total,304,234,87,147,70,40,30
S01013351,Whole house or bungalow: Detached,14,11,6,5,3,3,0
S01013351,Whole house or bungalow: Semi-detached,25,15,2,13,10,6,4
S01013351,Whole house or bungalow: Terraced (including end-terrace),265,208,79,129,57,31,26
S01013351,Flat maisonette or apartment or mobile/temporary accommodation,16,7,0,7,9,5,4
S01013352,All households,355,249,77,172,106,66,40
S01013352,Whole house or bungalow: Total,347,245,76,169,102,63,39
S01013352,Whole house or bungalow: Detached,8,5,0,5,3,2,1
S01013352,Whole house or bungalow: Semi-detached,37,20,7,13,17,9,8
S01013352,Whole house or bungalow: Terraced (including end-terrace),302,220,69,151,82,52,30
S01013352,Flat maisonette or apartment or mobile/temporary accommodation,8,4,1,3,4,3,1
S01013353,All households,283,145,36,109,138,120,18
S01013353,Whole house or bungalow: Total,271,144,36,108,127,110,17
S01013353,Whole house or bungalow: Detached,12,4,0,4,8,7,1
S01013353,Whole house or bungalow: Semi-detached,38,19,2,17,19,17,2
S01013353,Whole house or bungalow: Terraced (including end-terrace),221,121,34,87,100,86,14
S01013353,Flat maisonette or apartment or mobile/temporary accommodation,12,1,0,1,11,10,1
S01013354,All households,318,238,88,150,80,53,27
S01013354,Whole house or bungalow: Total,297,228,84,144,69,42,27
S01013354,Whole house or bungalow: Detached,148,134,45,89,14,5,9
S01013354,Whole house or bungalow: Semi-detached,88,62,27,35,26,18,8
S01013354,Whole house or bungalow: Terraced (including end-terrace),61,32,12,20,29,19,10
S01013354,Flat maisonette or apartment or mobile/temporary accommodation,21,10,4,6,11,11,0
S01013355,All households,274,176,61,115,98,72,26
S01013355,Whole house or bungalow: Total,242,163,55,108,79,54,25
S01013355,Whole house or bungalow: Detached,63,60,13,47,3,2,1
S01013355,Whole house or bungalow: Semi-detached,60,39,12,27,21,14,7
S01013355,Whole house or bungalow: Terraced (including end-terrace),119,64,30,34,55,38,17
S01013355,Flat maisonette or apartment or mobile/temporary accommodation,32,13,6,7,19,18,1
S01013356,All households,323,134,41,93,189,165,24
S01013356,Whole house or bungalow: Total,264,132,41,91,132,120,12
S01013356,Whole house or bungalow: Detached,45,40,17,23,5,5,0
S01013356,Whole house or bungalow: Semi-detached,73,25,5,20,48,41,7
S01013356,Whole house or bungalow: Terraced (including end-terrace),146,67,19,48,79,74,5
S01013356,Flat maisonette or apartment or mobile/temporary accommodation,59,2,0,2,57,45,12
S01013357,All households,346,258,106,152,88,71,17
S01013357,Whole house or bungalow: Total,292,238,103,135,54,43,11
S01013357,Whole house or bungalow: Detached,214,203,99,104,11,4,7
S01013357,Whole house or bungalow: Semi-detached,52,16,2,14,36,34,2
S01013357,Whole house or bungalow: Terraced (including end-terrace),26,19,2,17,7,5,2
S01013357,Flat maisonette or apartment or mobile/temporary accommodation,54,20,3,17,34,28,6
S01013358,All households,382,227,84,143,155,121,34
S01013358,Whole house or bungalow: Total,279,205,78,127,74,56,18
S01013358,Whole house or bungalow: Detached,102,92,35,57,10,5,5
S01013358,Whole house or bungalow: Semi-detached,86,67,20,47,19,9,10
S01013358,Whole house or bungalow: Terraced (including end-terrace),91,46,23,23,45,42,3
S01013358,Flat maisonette or apartment or mobile/temporary accommodation,103,22,6,16,81,65,16
S01013359,All households,298,130,55,75,168,147,21
S01013359,Whole house or bungalow: Total,125,100,46,54,25,17,8
S01013359,Whole house or bungalow: Detached,40,39,19,20,1,0,1
S01013359,Whole house or bungalow: Semi-detached,60,45,20,25,15,9,6
S01013359,Whole house or bungalow: Terraced (including end-terrace),25,16,7,9,9,8,1
S01013359,Flat maisonette or apartment or mobile/temporary accommodation,173,30,9,21,143,130,13
S01013360,All households,299,163,66,97,136,113,23
S01013360,Whole house or bungalow: Total,257,151,64,87,106,90,16
S01013360,Whole house or bungalow: Detached,27,17,7,10,10,6,4
S01013360,Whole house or bungalow: Semi-detached,156,97,45,52,59,50,9
S01013360,Whole house or bungalow: Terraced (including end-terrace),74,37,12,25,37,34,3
S01013360,Flat maisonette or apartment or mobile/temporary accommodation,42,12,2,10,30,23,7
S01013361,All households,280,102,34,68,178,157,21
S01013361,Whole house or bungalow: Total,220,98,31,67,122,109,13
S01013361,Whole house or bungalow: Detached,10,9,5,4,1,1,0
S01013361,Whole house or bungalow: Semi-detached,54,28,6,22,26,22,4
S01013361,Whole house or bungalow: Terraced (including end-terrace),156,61,20,41,95,86,9
S01013361,Flat maisonette or apartment or mobile/temporary accommodation,60,4,3,1,56,48,8
S01013362,All households,220,133,65,68,87,71,16
S01013362,Whole house or bungalow: Total,177,126,61,65,51,37,14
S01013362,Whole house or bungalow: Detached,7,6,3,3,1,1,0
S01013362,Whole house or bungalow: Semi-detached,61,50,26,24,11,8,3
S01013362,Whole house or bungalow: Terraced (including end-terrace),109,70,32,38,39,28,11
S01013362,Flat maisonette or apartment or mobile/temporary accommodation,43,7,4,3,36,34,2
S01013363,All households,390,133,66,67,257,226,31
S01013363,Whole house or bungalow: Total,197,123,61,62,74,66,8
S01013363,Whole house or bungalow: Detached,11,8,3,5,3,3,0
S01013363,Whole house or bungalow: Semi-detached,72,45,23,22,27,21,6
S01013363,Whole house or bungalow: Terraced (including end-terrace),114,70,35,35,44,42,2
S01013363,Flat maisonette or apartment or mobile/temporary accommodation,193,10,5,5,183,160,23
S01013364,All households,366,253,83,170,113,98,15
S01013364,Whole house or bungalow: Total,351,247,81,166,104,91,13
S01013364,Whole house or bungalow: Detached,160,150,49,101,10,3,7
S01013364,Whole house or bungalow: Semi-detached,105,58,23,35,47,44,3
S01013364,Whole house or bungalow: Terraced (including end-terrace),86,39,9,30,47,44,3
S01013364,Flat maisonette or apartment or mobile/temporary accommodation,15,6,2,4,9,7,2
S01013365,All households,367,296,122,174,71,7,64
S01013365,Whole house or bungalow: Total,308,268,117,151,40,4,36
S01013365,Whole house or bungalow: Detached,165,158,70,88,7,0,7
S01013365,Whole house or bungalow: Semi-detached,126,100,42,58,26,1,25
S01013365,Whole house or bungalow: Terraced (including end-terrace),17,10,5,5,7,3,4
S01013365,Flat maisonette or apartment or mobile/temporary accommodation,59,28,5,23,31,3,28
S01013366,All households,348,278,77,201,70,54,16
S01013366,Whole house or bungalow: Total,337,276,75,201,61,47,14
S01013366,Whole house or bungalow: Detached,75,74,26,48,1,0,1
S01013366,Whole house or bungalow: Semi-detached,203,174,43,131,29,19,10
S01013366,Whole house or bungalow: Terraced (including end-terrace),59,28,6,22,31,28,3
S01013366,Flat maisonette or apartment or mobile/temporary accommodation,11,2,2,0,9,7,2
S01013367,All households,221,172,37,135,49,37,12
S01013367,Whole house or bungalow: Total,208,172,37,135,36,26,10
S01013367,Whole house or bungalow: Detached,114,107,23,84,7,1,6
S01013367,Whole house or bungalow: Semi-detached,59,47,8,39,12,9,3
S01013367,Whole house or bungalow: Terraced (including end-terrace),35,18,6,12,17,16,1
S01013367,Flat maisonette or apartment or mobile/temporary accommodation,13,0,0,0,13,11,2
S01013368,All households,284,217,84,133,67,45,22
S01013368,Whole house or bungalow: Total,256,204,81,123,52,35,17
S01013368,Whole house or bungalow: Detached,62,60,23,37,2,1,1
S01013368,Whole house or bungalow: Semi-detached,129,101,41,60,28,20,8
S01013368,Whole house or bungalow: Terraced (including end-terrace),65,43,17,26,22,14,8
S01013368,Flat maisonette or apartment or mobile/temporary accommodation,28,13,3,10,15,10,5
S01013369,All households,420,181,75,106,239,195,44
S01013369,Whole house or bungalow: Total,167,102,41,61,65,57,8
S01013369,Whole house or bungalow: Detached,8,6,3,3,2,2,0
S01013369,Whole house or bungalow: Semi-detached,134,87,35,52,47,40,7
S01013369,Whole house or bungalow: Terraced (including end-terrace),25,9,3,6,16,15,1
S01013369,Flat maisonette or apartment or mobile/temporary accommodation,253,79,34,45,174,138,36
S01013370,All households,298,114,49,65,184,175,9
S01013370,Whole house or bungalow: Total,175,103,47,56,72,67,5
S01013370,Whole house or bungalow: Detached,11,11,5,6,0,0,0
S01013370,Whole house or bungalow: Semi-detached,108,62,29,33,46,43,3
S01013370,Whole house or bungalow: Terraced (including end-terrace),56,30,13,17,26,24,2
S01013370,Flat maisonette or apartment or mobile/temporary accommodation,123,11,2,9,112,108,4
S01013371,All households,327,171,102,69,156,130,26
S01013371,Whole house or bungalow: Total,258,163,99,64,95,76,19
S01013371,Whole house or bungalow: Detached,39,34,27,7,5,4,1
S01013371,Whole house or bungalow: Semi-detached,182,110,60,50,72,56,16
S01013371,Whole house or bungalow: Terraced (including end-terrace),37,19,12,7,18,16,2
S01013371,Flat maisonette or apartment or mobile/temporary accommodation,69,8,3,5,61,54,7
S01013372,All households,489,147,60,87,342,317,25
S01013372,Whole house or bungalow: Total,309,130,51,79,179,160,19
S01013372,Whole house or bungalow: Detached,16,7,0,7,9,8,1
S01013372,Whole house or bungalow: Semi-detached,144,59,26,33,85,77,8
S01013372,Whole house or bungalow: Terraced (including end-terrace),149,64,25,39,85,75,10
S01013372,Flat maisonette or apartment or mobile/temporary accommodation,180,17,9,8,163,157,6
S01013373,All households,451,230,98,132,221,181,40
S01013373,Whole house or bungalow: Total,306,209,93,116,97,67,30
S01013373,Whole house or bungalow: Detached,33,30,7,23,3,1,2
S01013373,Whole house or bungalow: Semi-detached,129,81,39,42,48,35,13
S01013373,Whole house or bungalow: Terraced (including end-terrace),144,98,47,51,46,31,15
S01013373,Flat maisonette or apartment or mobile/temporary accommodation,145,21,5,16,124,114,10
S01013374,All households,453,140,67,73,313,240,73
S01013374,Whole house or bungalow: Total,124,58,21,37,66,44,22
S01013374,Whole house or bungalow: Detached,18,13,6,7,5,2,3
S01013374,Whole house or bungalow: Semi-detached,60,28,9,19,32,21,11
S01013374,Whole house or bungalow: Terraced (including end-terrace),46,17,6,11,29,21,8
S01013374,Flat maisonette or apartment or mobile/temporary accommodation,329,82,46,36,247,196,51
S01013375,All households,262,146,66,80,116,96,20
S01013375,Whole house or bungalow: Total,195,137,65,72,58,40,18
S01013375,Whole house or bungalow: Detached,13,11,9,2,2,1,1
S01013375,Whole house or bungalow: Semi-detached,143,106,48,58,37,26,11
S01013375,Whole house or bungalow: Terraced (including end-terrace),39,20,8,12,19,13,6
S01013375,Flat maisonette or apartment or mobile/temporary accommodation,67,9,1,8,58,56,2
S01013376,All households,272,146,62,84,126,85,41
S01013376,Whole house or bungalow: Total,206,126,53,73,80,60,20
S01013376,Whole house or bungalow: Detached,2,2,1,1,0,0,0
S01013376,Whole house or bungalow: Semi-detached,126,88,37,51,38,29,9
S01013376,Whole house or bungalow: Terraced (including end-terrace),78,36,15,21,42,31,11
S01013376,Flat maisonette or apartment or mobile/temporary accommodation,66,20,9,11,46,25,21
S01013377,All households,377,221,108,113,156,115,41
S01013377,Whole house or bungalow: Total,274,198,97,101,76,52,24
S01013377,Whole house or bungalow: Detached,33,28,15,13,5,4,1
S01013377,Whole house or bungalow: Semi-detached,143,100,46,54,43,29,14
S01013377,Whole house or bungalow: Terraced (including end-terrace),98,70,36,34,28,19,9
S01013377,Flat maisonette or apartment or mobile/temporary accommodation,103,23,11,12,80,63,17
S01013378,All households,426,237,97,140,189,163,26
S01013378,Whole house or bungalow: Total,262,216,91,125,46,33,13
S01013378,Whole house or bungalow: Detached,86,82,30,52,4,2,2
S01013378,Whole house or bungalow: Semi-detached,135,109,51,58,26,17,9
S01013378,Whole house or bungalow: Terraced (including end-terrace),41,25,10,15,16,14,2
S01013378,Flat maisonette or apartment or mobile/temporary accommodation,164,21,6,15,143,130,13
S01013379,All households,345,225,84,141,120,93,27
S01013379,Whole house or bungalow: Total,316,217,83,134,99,76,23
S01013379,Whole house or bungalow: Detached,73,69,35,34,4,2,2
S01013379,Whole house or bungalow: Semi-detached,48,35,12,23,13,10,3
S01013379,Whole house or bungalow: Terraced (including end-terrace),195,113,36,77,82,64,18
S01013379,Flat maisonette or apartment or mobile/temporary accommodation,29,8,1,7,21,17,4
S01013380,All households,36,27,20,7,9,3,6
S01013380,Whole house or bungalow: Total,35,27,20,7,8,2,6
S01013380,Whole house or bungalow: Detached,21,18,15,3,3,0,3
S01013380,Whole house or bungalow: Semi-detached,14,9,5,4,5,2,3
S01013380,Whole house or bungalow: Terraced (including end-terrace),0,0,0,0,0,0,0
S01013380,Flat maisonette or apartment or mobile/temporary accommodation,1,0,0,0,1,1,0
S01013381,All households,211,130,60,70,81,73,8
S01013381,Whole house or bungalow: Total,208,129,60,69,79,71,8
S01013381,Whole house or bungalow: Detached,18,13,5,8,5,4,1
S01013381,Whole house or bungalow: Semi-detached,66,41,19,22,25,22,3
S01013381,Whole house or bungalow: Terraced (including end-terrace),124,75,36,39,49,45,4
S01013381,Flat maisonette or apartment or mobile/temporary accommodation,3,1,0,1,2,2,0
S01013382,All households,225,174,51,123,51,39,12
S01013382,Whole house or bungalow: Total,220,172,51,121,48,36,12
S01013382,Whole house or bungalow: Detached,89,86,21,65,3,1,2
S01013382,Whole house or bungalow: Semi-detached,76,50,17,33,26,20,6
S01013382,Whole house or bungalow: Terraced (including end-terrace),55,36,13,23,19,15,4
S01013382,Flat maisonette or apartment or mobile/temporary accommodation,5,2,0,2,3,3,0
S01013383,All households,353,155,57,98,198,169,29
S01013383,Whole house or bungalow: Total,222,127,41,86,95,82,13
S01013383,Whole house or bungalow: Detached,24,11,4,7,13,8,5
S01013383,Whole house or bungalow: Semi-detached,97,66,24,42,31,29,2
S01013383,Whole house or bungalow: Terraced (including end-terrace),101,50,13,37,51,45,6
S01013383,Flat maisonette or apartment or mobile/temporary accommodation,131,28,16,12,103,87,16
S01013384,All households,337,180,67,113,157,123,34
S01013384,Whole house or bungalow: Total,251,167,61,106,84,64,20
S01013384,Whole house or bungalow: Detached,34,28,13,15,6,2,4
S01013384,Whole house or bungalow: Semi-detached,127,84,32,52,43,32,11
S01013384,Whole house or bungalow: Terraced (including end-terrace),90,55,16,39,35,30,5
S01013384,Flat maisonette or apartment or mobile/temporary accommodation,86,13,6,7,73,59,14
S01013385,All households,217,160,69,91,57,40,17
S01013385,Whole house or bungalow: Total,197,154,68,86,43,28,15
S01013385,Whole house or bungalow: Detached,60,56,36,20,4,1,3
S01013385,Whole house or bungalow: Semi-detached,73,61,23,38,12,6,6
S01013385,Whole house or bungalow: Terraced (including end-terrace),64,37,9,28,27,21,6
S01013385,Flat maisonette or apartment or mobile/temporary accommodation,20,6,1,5,14,12,2
S01013386,All households,335,291,118,173,44,36,8
S01013386,Whole house or bungalow: Total,314,289,118,171,25,18,7
S01013386,Whole house or bungalow: Detached,140,138,55,83,2,1,1
S01013386,Whole house or bungalow: Semi-detached,156,144,59,85,12,8,4
S01013386,Whole house or bungalow: Terraced (including end-terrace),18,7,4,3,11,9,2
S01013386,Flat maisonette or apartment or mobile/temporary accommodation,21,2,0,2,19,18,1
S01013387,All households,265,138,55,83,127,118,9
S01013387,Whole house or bungalow: Total,259,135,54,81,124,116,8
S01013387,Whole house or bungalow: Detached,12,8,2,6,4,4,0
S01013387,Whole house or bungalow: Semi-detached,158,78,33,45,80,76,4
S01013387,Whole house or bungalow: Terraced (including end-terrace),89,49,19,30,40,36,4
S01013387,Flat maisonette or apartment or mobile/temporary accommodation,6,3,1,2,3,2,1
S01013388,All households,382,224,101,123,158,116,42
S01013388,Whole house or bungalow: Total,306,200,96,104,106,84,22
S01013388,Whole house or bungalow: Detached,57,46,23,23,11,6,5
S01013388,Whole house or bungalow: Semi-detached,126,83,48,35,43,36,7
S01013388,Whole house or bungalow: Terraced (including end-terrace),123,71,25,46,52,42,10
S01013388,Flat maisonette or apartment or mobile/temporary accommodation,76,24,5,19,52,32,20
S01013389,All households,347,219,68,151,128,98,30
S01013389,Whole house or bungalow: Total,234,170,54,116,64,46,18
S01013389,Whole house or bungalow: Detached,14,10,2,8,4,3,1
S01013389,Whole house or bungalow: Semi-detached,12,6,2,4,6,6,0
S01013389,Whole house or bungalow: Terraced (including end-terrace),208,154,50,104,54,37,17
S01013389,Flat maisonette or apartment or mobile/temporary accommodation,113,49,14,35,64,52,12
S01013390,All households,210,137,48,89,73,60,13
S01013390,Whole house or bungalow: Total,173,120,43,77,53,46,7
S01013390,Whole house or bungalow: Detached,7,4,0,4,3,2,1
S01013390,Whole house or bungalow: Semi-detached,56,40,13,27,16,11,5
S01013390,Whole house or bungalow: Terraced (including end-terrace),110,76,30,46,34,33,1
S01013390,Flat maisonette or apartment or mobile/temporary accommodation,37,17,5,12,20,14,6
S01013391,All households,173,126,57,69,47,31,16
S01013391,Whole house or bungalow: Total,163,121,55,66,42,28,14
S01013391,Whole house or bungalow: Detached,40,36,18,18,4,2,2
S01013391,Whole house or bungalow: Semi-detached,62,37,20,17,25,16,9
S01013391,Whole house or bungalow: Terraced (including end-terrace),61,48,17,31,13,10,3
S01013391,Flat maisonette or apartment or mobile/temporary accommodation,10,5,2,3,5,3,2
S01013392,All households,270,240,31,209,30,3,27
S01013392,Whole house or bungalow: Total,263,239,30,209,24,1,23
S01013392,Whole house or bungalow: Detached,197,182,24,158,15,0,15
S01013392,Whole house or bungalow: Semi-detached,59,52,5,47,7,0,7
S01013392,Whole house or bungalow: Terraced (including end-terrace),7,5,1,4,2,1,1
S01013392,Flat maisonette or apartment or mobile/temporary accommodation,7,1,1,0,6,2,4
S01013393,All households,324,163,59,104,161,135,26
S01013393,Whole house or bungalow: Total,228,153,58,95,75,53,22
S01013393,Whole house or bungalow: Detached,54,49,18,31,5,2,3
S01013393,Whole house or bungalow: Semi-detached,133,87,34,53,46,31,15
S01013393,Whole house or bungalow: Terraced (including end-terrace),41,17,6,11,24,20,4
S01013393,Flat maisonette or apartment or mobile/temporary accommodation,96,10,1,9,86,82,4
S01013394,All households,288,140,52,88,148,127,21
S01013394,Whole house or bungalow: Total,173,122,44,78,51,37,14
S01013394,Whole house or bungalow: Detached,43,41,15,26,2,1,1
S01013394,Whole house or bungalow: Semi-detached,77,47,17,30,30,22,8
S01013394,Whole house or bungalow: Terraced (including end-terrace),53,34,12,22,19,14,5
S01013394,Flat maisonette or apartment or mobile/temporary accommodation,115,18,8,10,97,90,7
S01013395,All households,352,73,22,51,279,257,22
S01013395,Whole house or bungalow: Total,54,33,12,21,21,13,8
S01013395,Whole house or bungalow: Detached,11,10,4,6,1,0,1
S01013395,Whole house or bungalow: Semi-detached,17,10,1,9,7,4,3
S01013395,Whole house or bungalow: Terraced (including end-terrace),26,13,7,6,13,9,4
S01013395,Flat maisonette or apartment or mobile/temporary accommodation,298,40,10,30,258,244,14
S01013396,All households,255,224,8,216,31,5,26
S01013396,Whole house or bungalow: Total,244,217,8,209,27,4,23
S01013396,Whole house or bungalow: Detached,144,135,5,130,9,0,9
S01013396,Whole house or bungalow: Semi-detached,46,40,2,38,6,1,5
S01013396,Whole house or bungalow: Terraced (including end-terrace),54,42,1,41,12,3,9
S01013396,Flat maisonette or apartment or mobile/temporary accommodation,11,7,0,7,4,1,3
S01013397,All households,376,232,66,166,144,115,29
S01013397,Whole house or bungalow: Total,320,218,62,156,102,76,26
S01013397,Whole house or bungalow: Detached,50,46,10,36,4,1,3
S01013397,Whole house or bungalow: Semi-detached,154,104,33,71,50,37,13
S01013397,Whole house or bungalow: Terraced (including end-terrace),116,68,19,49,48,38,10
S01013397,Flat maisonette or apartment or mobile/temporary accommodation,56,14,4,10,42,39,3
S01013398,All households,183,170,29,141,13,8,5
S01013398,Whole house or bungalow: Total,182,170,29,141,12,8,4
S01013398,Whole house or bungalow: Detached,166,160,27,133,6,3,3
S01013398,Whole house or bungalow: Semi-detached,7,5,1,4,2,1,1
S01013398,Whole house or bungalow: Terraced (including end-terrace),9,5,1,4,4,4,0
S01013398,Flat maisonette or apartment or mobile/temporary accommodation,1,0,0,0,1,0,1
S01013399,All households,399,332,58,274,67,43,24
S01013399,Whole house or bungalow: Total,386,328,55,273,58,37,21
S01013399,Whole house or bungalow: Detached,202,191,14,177,11,2,9
S01013399,Whole house or bungalow: Semi-detached,107,87,22,65,20,12,8
S01013399,Whole house or bungalow: Terraced (including end-terrace),77,50,19,31,27,23,4
S01013399,Flat maisonette or apartment or mobile/temporary accommodation,13,4,3,1,9,6,3
S01013400,All households,314,171,58,113,143,88,55
S01013400,Whole house or bungalow: Total,182,120,47,73,62,46,16
S01013400,Whole house or bungalow: Detached,30,26,8,18,4,1,3
S01013400,Whole house or bungalow: Semi-detached,81,57,24,33,24,18,6
S01013400,Whole house or bungalow: Terraced (including end-terrace),71,37,15,22,34,27,7
S01013400,Flat maisonette or apartment or mobile/temporary accommodation,132,51,11,40,81,42,39
S01013401,All households,324,257,33,224,67,36,31
S01013401,Whole house or bungalow: Total,240,209,30,179,31,21,10
S01013401,Whole house or bungalow: Detached,159,153,21,132,6,2,4
S01013401,Whole house or bungalow: Semi-detached,29,23,6,17,6,4,2
S01013401,Whole house or bungalow: Terraced (including end-terrace),52,33,3,30,19,15,4
S01013401,Flat maisonette or apartment or mobile/temporary accommodation,84,48,3,45,36,15,21
S01013402,All households,429,343,23,320,86,5,81
S01013402,Whole house or bungalow: Total,274,250,13,237,24,2,22
S01013402,Whole house or bungalow: Detached,131,124,6,118,7,0,7
S01013402,Whole house or bungalow: Semi-detached,27,22,2,20,5,1,4
S01013402,Whole house or bungalow: Terraced (including end-terrace),116,104,5,99,12,1,11
S01013402,Flat maisonette or apartment or mobile/temporary accommodation,155,93,10,83,62,3,59
S01013403,All households,332,240,17,223,92,26,66
S01013403,Whole house or bungalow: Total,226,198,14,184,28,7,21
S01013403,Whole house or bungalow: Detached,117,110,10,100,7,0,7
S01013403,Whole house or bungalow: Semi-detached,23,19,1,18,4,2,2
S01013403,Whole house or bungalow: Terraced (including end-terrace),86,69,3,66,17,5,12
S01013403,Flat maisonette or apartment or mobile/temporary accommodation,106,42,3,39,64,19,45
S01013404,All households,211,135,14,121,76,35,41
S01013404,Whole house or bungalow: Total,181,123,13,110,58,33,25
S01013404,Whole house or bungalow: Detached,97,84,9,75,13,5,8
S01013404,Whole house or bungalow: Semi-detached,44,16,1,15,28,21,7
S01013404,Whole house or bungalow: Terraced (including end-terrace),40,23,3,20,17,7,10
S01013404,Flat maisonette or apartment or mobile/temporary accommodation,30,12,1,11,18,2,16
S01013405,All households,329,214,114,100,115,77,38
S01013405,Whole house or bungalow: Total,295,210,113,97,85,57,28
S01013405,Whole house or bungalow: Detached,70,66,39,27,4,1,3
S01013405,Whole house or bungalow: Semi-detached,136,99,59,40,37,26,11
S01013405,Whole house or bungalow: Terraced (including end-terrace),89,45,15,30,44,30,14
S01013405,Flat maisonette or apartment or mobile/temporary accommodation,34,4,1,3,30,20,10
S01013406,All households,270,120,42,78,150,124,26
S01013406,Whole house or bungalow: Total,240,116,41,75,124,103,21
S01013406,Whole house or bungalow: Detached,14,7,2,5,7,7,0
S01013406,Whole house or bungalow: Semi-detached,67,36,14,22,31,25,6
S01013406,Whole house or bungalow: Terraced (including end-terrace),159,73,25,48,86,71,15
S01013406,Flat maisonette or apartment or mobile/temporary accommodation,30,4,1,3,26,21,5
S01013407,All households,259,135,56,79,124,98,26
S01013407,Whole house or bungalow: Total,224,131,55,76,93,69,24
S01013407,Whole house or bungalow: Detached,8,5,1,4,3,1,2
S01013407,Whole house or bungalow: Semi-detached,54,24,7,17,30,24,6
S01013407,Whole house or bungalow: Terraced (including end-terrace),162,102,47,55,60,44,16
S01013407,Flat maisonette or apartment or mobile/temporary accommodation,35,4,1,3,31,29,2
S01013408,All households,302,119,40,79,183,151,32
S01013408,Whole house or bungalow: Total,221,110,37,73,111,82,29
S01013408,Whole house or bungalow: Detached,16,10,1,9,6,3,3
S01013408,Whole house or bungalow: Semi-detached,114,56,19,37,58,42,16
S01013408,Whole house or bungalow: Terraced (including end-terrace),91,44,17,27,47,37,10
S01013408,Flat maisonette or apartment or mobile/temporary accommodation,81,9,3,6,72,69,3
S01013409,All households,428,242,79,163,186,135,51
S01013409,Whole house or bungalow: Total,405,237,78,159,168,123,45
S01013409,Whole house or bungalow: Detached,128,113,33,80,15,8,7
S01013409,Whole house or bungalow: Semi-detached,124,54,19,35,70,51,19
S01013409,Whole house or bungalow: Terraced (including end-terrace),153,70,26,44,83,64,19
S01013409,Flat maisonette or apartment or mobile/temporary accommodation,23,5,1,4,18,12,6
S01013410,All households,290,56,16,40,234,217,17
S01013410,Whole house or bungalow: Total,151,35,14,21,116,108,8
S01013410,Whole house or bungalow: Detached,9,3,0,3,6,6,0
S01013410,Whole house or bungalow: Semi-detached,95,10,6,4,85,79,6
S01013410,Whole house or bungalow: Terraced (including end-terrace),47,22,8,14,25,23,2
S01013410,Flat maisonette or apartment or mobile/temporary accommodation,139,21,2,19,118,109,9
S01013411,All households,333,191,80,111,142,64,78
S01013411,Whole house or bungalow: Total,201,159,66,93,42,16,26
S01013411,Whole house or bungalow: Detached,104,100,45,55,4,0,4
S01013411,Whole house or bungalow: Semi-detached,48,31,14,17,17,7,10
S01013411,Whole house or bungalow: Terraced (including end-terrace),49,28,7,21,21,9,12
S01013411,Flat maisonette or apartment or mobile/temporary accommodation,132,32,14,18,100,48,52
S01013412,All households,364,209,71,138,155,115,40
S01013412,Whole house or bungalow: Total,198,161,53,108,37,27,10
S01013412,Whole house or bungalow: Detached,81,78,30,48,3,1,2
S01013412,Whole house or bungalow: Semi-detached,76,55,19,36,21,15,6
S01013412,Whole house or bungalow: Terraced (including end-terrace),41,28,4,24,13,11,2
S01013412,Flat maisonette or apartment or mobile/temporary accommodation,166,48,18,30,118,88,30
S01013413,All households,336,230,84,146,106,68,38
S01013413,Whole house or bungalow: Total,242,207,76,131,35,17,18
S01013413,Whole house or bungalow: Detached,121,117,44,73,4,0,4
S01013413,Whole house or bungalow: Semi-detached,97,72,25,47,25,15,10
S01013413,Whole house or bungalow: Terraced (including end-terrace),24,18,7,11,6,2,4
S01013413,Flat maisonette or apartment or mobile/temporary accommodation,94,23,8,15,71,51,20
S01013414,All households,484,199,85,114,285,138,147
S01013414,Whole house or bungalow: Total,140,95,45,50,45,26,19
S01013414,Whole house or bungalow: Detached,48,40,19,21,8,2,6
S01013414,Whole house or bungalow: Semi-detached,39,28,13,15,11,7,4
S01013414,Whole house or bungalow: Terraced (including end-terrace),53,27,13,14,26,17,9
S01013414,Flat maisonette or apartment or mobile/temporary accommodation,344,104,40,64,240,112,128
S01013415,All households,385,119,47,72,266,223,43
S01013415,Whole house or bungalow: Total,95,58,25,33,37,27,10
S01013415,Whole house or bungalow: Detached,19,15,7,8,4,1,3
S01013415,Whole house or bungalow: Semi-detached,33,21,12,9,12,10,2
S01013415,Whole house or bungalow: Terraced (including end-terrace),43,22,6,16,21,16,5
S01013415,Flat maisonette or apartment or mobile/temporary accommodation,290,61,22,39,229,196,33
S01013416,All households,276,128,41,87,148,124,24
S01013416,Whole house or bungalow: Total,175,102,38,64,73,61,12
S01013416,Whole house or bungalow: Detached,17,12,4,8,5,5,0
S01013416,Whole house or bungalow: Semi-detached,103,65,24,41,38,28,10
S01013416,Whole house or bungalow: Terraced (including end-terrace),55,25,10,15,30,28,2
S01013416,Flat maisonette or apartment or mobile/temporary accommodation,101,26,3,23,75,63,12
S01013417,All households,442,190,80,110,252,155,97
S01013417,Whole house or bungalow: Total,188,137,68,69,51,38,13
S01013417,Whole house or bungalow: Detached,40,35,17,18,5,2,3
S01013417,Whole house or bungalow: Semi-detached,67,49,29,20,18,13,5
S01013417,Whole house or bungalow: Terraced (including end-terrace),81,53,22,31,28,23,5
S01013417,Flat maisonette or apartment or mobile/temporary accommodation,254,53,12,41,201,117,84
S01013418,All households,256,147,56,91,109,80,29
S01013418,Whole house or bungalow: Total,218,126,40,86,92,77,15
S01013418,Whole house or bungalow: Detached,52,50,16,34,2,1,1
S01013418,Whole house or bungalow: Semi-detached,98,52,21,31,46,34,12
S01013418,Whole house or bungalow: Terraced (including end-terrace),68,24,3,21,44,42,2
S01013418,Flat maisonette or apartment or mobile/temporary accommodation,38,21,16,5,17,3,14
S01013419,All households,187,176,72,104,11,6,5
S01013419,Whole house or bungalow: Total,175,170,69,101,5,1,4
S01013419,Whole house or bungalow: Detached,71,70,39,31,1,0,1
S01013419,Whole house or bungalow: Semi-detached,82,79,24,55,3,1,2
S01013419,Whole house or bungalow: Terraced (including end-terrace),22,21,6,15,1,0,1
S01013419,Flat maisonette or apartment or mobile/temporary accommodation,12,6,3,3,6,5,1
S01013420,All households,265,184,47,137,81,49,32
S01013420,Whole house or bungalow: Total,215,155,39,116,60,32,28
S01013420,Whole house or bungalow: Detached,22,19,7,12,3,1,2
S01013420,Whole house or bungalow: Semi-detached,87,65,15,50,22,7,15
S01013420,Whole house or bungalow: Terraced (including end-terrace),106,71,17,54,35,24,11
S01013420,Flat maisonette or apartment or mobile/temporary accommodation,50,29,8,21,21,17,4
S01013421,All households,278,232,30,202,46,32,14
S01013421,Whole house or bungalow: Total,268,231,30,201,37,24,13
S01013421,Whole house or bungalow: Detached,177,168,21,147,9,2,7
S01013421,Whole house or bungalow: Semi-detached,64,48,6,42,16,12,4
S01013421,Whole house or bungalow: Terraced (including end-terrace),27,15,3,12,12,10,2
S01013421,Flat maisonette or apartment or mobile/temporary accommodation,10,1,0,1,9,8,1
S01013422,All households,303,182,74,108,121,101,20
S01013422,Whole house or bungalow: Total,298,182,74,108,116,96,20
S01013422,Whole house or bungalow: Detached,22,19,8,11,3,1,2
S01013422,Whole house or bungalow: Semi-detached,189,114,58,56,75,63,12
S01013422,Whole house or bungalow: Terraced (including end-terrace),87,49,8,41,38,32,6
S01013422,Flat maisonette or apartment or mobile/temporary accommodation,5,0,0,0,5,5,0
S01013423,All households,332,248,93,155,84,65,19
S01013423,Whole house or bungalow: Total,315,245,91,154,70,56,14
S01013423,Whole house or bungalow: Detached,101,94,32,62,7,3,4
S01013423,Whole house or bungalow: Semi-detached,156,114,48,66,42,34,8
S01013423,Whole house or bungalow: Terraced (including end-terrace),58,37,11,26,21,19,2
S01013423,Flat maisonette or apartment or mobile/temporary accommodation,17,3,2,1,14,9,5
S01013424,All households,188,159,56,103,29,13,16
S01013424,Whole house or bungalow: Total,178,154,55,99,24,12,12
S01013424,Whole house or bungalow: Detached,125,117,38,79,8,1,7
S01013424,Whole house or bungalow: Semi-detached,37,34,15,19,3,0,3
S01013424,Whole house or bungalow: Terraced (including end-terrace),16,3,2,1,13,11,2
S01013424,Flat maisonette or apartment or mobile/temporary accommodation,10,5,1,4,5,1,4
S01013425,All households,199,143,54,89,56,30,26
S01013425,Whole house or bungalow: Total,143,113,46,67,30,18,12
S01013425,Whole house or bungalow: Detached,59,53,28,25,6,3,3
S01013425,Whole house or bungalow: Semi-detached,54,42,15,27,12,6,6
S01013425,Whole house or bungalow: Terraced (including end-terrace),30,18,3,15,12,9,3
S01013425,Flat maisonette or apartment or mobile/temporary accommodation,56,30,8,22,26,12,14
S01013426,All households,368,196,84,112,172,134,38
S01013426,Whole house or bungalow: Total,334,188,84,104,146,116,30
S01013426,Whole house or bungalow: Detached,19,17,4,13,2,2,0
S01013426,Whole house or bungalow: Semi-detached,147,96,51,45,51,41,10
S01013426,Whole house or bungalow: Terraced (including end-terrace),168,75,29,46,93,73,20
S01013426,Flat maisonette or apartment or mobile/temporary accommodation,34,8,0,8,26,18,8
S01013427,All households,171,129,31,98,42,8,34
S01013427,Whole house or bungalow: Total,134,121,29,92,13,4,9
S01013427,Whole house or bungalow: Detached,108,101,23,78,7,0,7
S01013427,Whole house or bungalow: Semi-detached,19,15,4,11,4,4,0
S01013427,Whole house or bungalow: Terraced (including end-terrace),7,5,2,3,2,0,2
S01013427,Flat maisonette or apartment or mobile/temporary accommodation,37,8,2,6,29,4,25
S01013428,All households,379,170,58,112,209,171,38
S01013428,Whole house or bungalow: Total,290,166,56,110,124,101,23
S01013428,Whole house or bungalow: Detached,45,43,12,31,2,2,0
S01013428,Whole house or bungalow: Semi-detached,187,100,37,63,87,68,19
S01013428,Whole house or bungalow: Terraced (including end-terrace),58,23,7,16,35,31,4
S01013428,Flat maisonette or apartment or mobile/temporary accommodation,89,4,2,2,85,70,15
S01013429,All households,300,193,56,137,107,71,36
S01013429,Whole house or bungalow: Total,257,180,51,129,77,50,27
S01013429,Whole house or bungalow: Detached,72,63,16,47,9,3,6
S01013429,Whole house or bungalow: Semi-detached,102,66,18,48,36,25,11
S01013429,Whole house or bungalow: Terraced (including end-terrace),83,51,17,34,32,22,10
S01013429,Flat maisonette or apartment or mobile/temporary accommodation,43,13,5,8,30,21,9
S01013430,All households,277,216,69,147,61,43,18
S01013430,Whole house or bungalow: Total,267,212,69,143,55,38,17
S01013430,Whole house or bungalow: Detached,79,72,20,52,7,2,5
S01013430,Whole house or bungalow: Semi-detached,126,94,35,59,32,21,11
S01013430,Whole house or bungalow: Terraced (including end-terrace),62,46,14,32,16,15,1
S01013430,Flat maisonette or apartment or mobile/temporary accommodation,10,4,0,4,6,5,1
S01013431,All households,304,158,69,89,146,124,22
S01013431,Whole house or bungalow: Total,258,155,67,88,103,85,18
S01013431,Whole house or bungalow: Detached,81,72,32,40,9,1,8
S01013431,Whole house or bungalow: Semi-detached,79,41,17,24,38,33,5
S01013431,Whole house or bungalow: Terraced (including end-terrace),98,42,18,24,56,51,5
S01013431,Flat maisonette or apartment or mobile/temporary accommodation,46,3,2,1,43,39,4
S01013432,All households,293,191,77,114,102,77,25
S01013432,Whole house or bungalow: Total,274,182,73,109,92,70,22
S01013432,Whole house or bungalow: Detached,98,83,27,56,15,9,6
S01013432,Whole house or bungalow: Semi-detached,71,41,22,19,30,23,7
S01013432,Whole house or bungalow: Terraced (including end-terrace),105,58,24,34,47,38,9
S01013432,Flat maisonette or apartment or mobile/temporary accommodation,19,9,4,5,10,7,3
S01013433,All households,309,245,102,143,64,47,17
S01013433,Whole house or bungalow: Total,286,241,102,139,45,29,16
S01013433,Whole house or bungalow: Detached,144,137,61,76,7,1,6
S01013433,Whole house or bungalow: Semi-detached,52,37,18,19,15,12,3
S01013433,Whole house or bungalow: Terraced (including end-terrace),90,67,23,44,23,16,7
S01013433,Flat maisonette or apartment or mobile/temporary accommodation,23,4,0,4,19,18,1
S01013434,All households,207,171,76,95,36,12,24
S01013434,Whole house or bungalow: Total,193,164,73,91,29,7,22
S01013434,Whole house or bungalow: Detached,131,118,61,57,13,1,12
S01013434,Whole house or bungalow: Semi-detached,33,27,7,20,6,3,3
S01013434,Whole house or bungalow: Terraced (including end-terrace),29,19,5,14,10,3,7
S01013434,Flat maisonette or apartment or mobile/temporary accommodation,14,7,3,4,7,5,2
S01013435,All households,221,206,80,126,15,5,10
S01013435,Whole house or bungalow: Total,202,194,75,119,8,4,4
S01013435,Whole house or bungalow: Detached,166,163,63,100,3,0,3
S01013435,Whole house or bungalow: Semi-detached,34,30,12,18,4,3,1
S01013435,Whole house or bungalow: Terraced (including end-terrace),2,1,0,1,1,1,0
S01013435,Flat maisonette or apartment or mobile/temporary accommodation,19,12,5,7,7,1,6
S01013436,All households,339,215,77,138,124,109,15
S01013436,Whole house or bungalow: Total,326,211,76,135,115,102,13
S01013436,Whole house or bungalow: Detached,53,52,16,36,1,0,1
S01013436,Whole house or bungalow: Semi-detached,122,79,30,49,43,39,4
S01013436,Whole house or bungalow: Terraced (including end-terrace),151,80,30,50,71,63,8
S01013436,Flat maisonette or apartment or mobile/temporary accommodation,13,4,1,3,9,7,2
S01013437,All households,308,179,60,119,129,72,57
S01013437,Whole house or bungalow: Total,159,112,40,72,47,41,6
S01013437,Whole house or bungalow: Detached,51,38,16,22,13,9,4
S01013437,Whole house or bungalow: Semi-detached,26,19,5,14,7,7,0
S01013437,Whole house or bungalow: Terraced (including end-terrace),82,55,19,36,27,25,2
S01013437,Flat maisonette or apartment or mobile/temporary accommodation,149,67,20,47,82,31,51
S01013438,All households,285,141,59,82,144,76,68
S01013438,Whole house or bungalow: Total,139,82,38,44,57,26,31
S01013438,Whole house or bungalow: Detached,45,38,15,23,7,6,1
S01013438,Whole house or bungalow: Semi-detached,25,13,9,4,12,6,6
S01013438,Whole house or bungalow: Terraced (including end-terrace),69,31,14,17,38,14,24
S01013438,Flat maisonette or apartment or mobile/temporary accommodation,146,59,21,38,87,50,37
S01013439,All households,351,335,192,143,16,4,12
S01013439,Whole house or bungalow: Total,346,333,190,143,13,2,11
S01013439,Whole house or bungalow: Detached,223,217,133,84,6,0,6
S01013439,Whole house or bungalow: Semi-detached,99,94,48,46,5,1,4
S01013439,Whole house or bungalow: Terraced (including end-terrace),24,22,9,13,2,1,1
S01013439,Flat maisonette or apartment or mobile/temporary accommodation,5,2,2,0,3,2,1
S01013440,All households,378,361,198,163,17,10,7
S01013440,Whole house or bungalow: Total,375,360,197,163,15,9,6
S01013440,Whole house or bungalow: Detached,317,310,179,131,7,2,5
S01013440,Whole house or bungalow: Semi-detached,37,30,11,19,7,6,1
S01013440,Whole house or bungalow: Terraced (including end-terrace),21,20,7,13,1,1,0
S01013440,Flat maisonette or apartment or mobile/temporary accommodation,3,1,1,0,2,1,1
S01013441,All households,317,272,157,115,45,8,37
S01013441,Whole house or bungalow: Total,242,230,135,95,12,3,9
S01013441,Whole house or bungalow: Detached,135,132,82,50,3,1,2
S01013441,Whole house or bungalow: Semi-detached,78,74,41,33,4,1,3
S01013441,Whole house or bungalow: Terraced (including end-terrace),29,24,12,12,5,1,4
S01013441,Flat maisonette or apartment or mobile/temporary accommodation,75,42,22,20,33,5,28
S01013442,All households,328,265,105,160,63,26,37
S01013442,Whole house or bungalow: Total,208,184,80,104,24,13,11
S01013442,Whole house or bungalow: Detached,47,41,21,20,6,1,5
S01013442,Whole house or bungalow: Semi-detached,129,124,53,71,5,5,0
S01013442,Whole house or bungalow: Terraced (including end-terrace),32,19,6,13,13,7,6
S01013442,Flat maisonette or apartment or mobile/temporary accommodation,120,81,25,56,39,13,26
S01013443,All households,295,230,114,116,65,14,51
S01013443,Whole house or bungalow: Total,164,152,75,77,12,2,10
S01013443,Whole house or bungalow: Detached,67,61,31,30,6,2,4
S01013443,Whole house or bungalow: Semi-detached,67,62,35,27,5,0,5
S01013443,Whole house or bungalow: Terraced (including end-terrace),30,29,9,20,1,0,1
S01013443,Flat maisonette or apartment or mobile/temporary accommodation,131,78,39,39,53,12,41
S01013444,All households,520,251,107,144,269,156,113
S01013444,Whole house or bungalow: Total,98,78,33,45,20,6,14
S01013444,Whole house or bungalow: Detached,48,45,16,29,3,0,3
S01013444,Whole house or bungalow: Semi-detached,16,11,5,6,5,3,2
S01013444,Whole house or bungalow: Terraced (including end-terrace),34,22,12,10,12,3,9
S01013444,Flat maisonette or apartment or mobile/temporary accommodation,422,173,74,99,249,150,99
S01013445,All households,252,206,111,95,46,35,11
S01013445,Whole house or bungalow: Total,184,181,95,86,3,1,2
S01013445,Whole house or bungalow: Detached,125,124,67,57,1,0,1
S01013445,Whole house or bungalow: Semi-detached,57,55,28,27,2,1,1
S01013445,Whole house or bungalow: Terraced (including end-terrace),2,2,0,2,0,0,0
S01013445,Flat maisonette or apartment or mobile/temporary accommodation,68,25,16,9,43,34,9
S01013446,All households,309,223,106,117,86,56,30
S01013446,Whole house or bungalow: Total,274,213,102,111,61,34,27
S01013446,Whole house or bungalow: Detached,69,66,38,28,3,0,3
S01013446,Whole house or bungalow: Semi-detached,73,56,24,32,17,9,8
S01013446,Whole house or bungalow: Terraced (including end-terrace),132,91,40,51,41,25,16
S01013446,Flat maisonette or apartment or mobile/temporary accommodation,35,10,4,6,25,22,3
S01013447,All households,198,177,41,136,21,3,18
S01013447,Whole house or bungalow: Total,173,163,39,124,10,1,9
S01013447,Whole house or bungalow: Detached,143,138,35,103,5,0,5
S01013447,Whole house or bungalow: Semi-detached,24,21,4,17,3,1,2
S01013447,Whole house or bungalow: Terraced (including end-terrace),6,4,0,4,2,0,2
S01013447,Flat maisonette or apartment or mobile/temporary accommodation,25,14,2,12,11,2,9
S01013448,All households,390,337,219,118,53,13,40
S01013448,Whole house or bungalow: Total,246,233,136,97,13,3,10
S01013448,Whole house or bungalow: Detached,139,137,87,50,2,0,2
S01013448,Whole house or bungalow: Semi-detached,79,76,40,36,3,1,2
S01013448,Whole house or bungalow: Terraced (including end-terrace),28,20,9,11,8,2,6
S01013448,Flat maisonette or apartment or mobile/temporary accommodation,144,104,83,21,40,10,30
S01013449,All households,273,256,121,135,17,3,14
S01013449,Whole house or bungalow: Total,252,244,118,126,8,2,6
S01013449,Whole house or bungalow: Detached,82,82,50,32,0,0,0
S01013449,Whole house or bungalow: Semi-detached,157,150,61,89,7,2,5
S01013449,Whole house or bungalow: Terraced (including end-terrace),13,12,7,5,1,0,1
S01013449,Flat maisonette or apartment or mobile/temporary accommodation,21,12,3,9,9,1,8
S01013450,All households,249,214,70,144,35,1,34
S01013450,Whole house or bungalow: Total,229,205,69,136,24,0,24
S01013450,Whole house or bungalow: Detached,63,60,26,34,3,0,3
S01013450,Whole house or bungalow: Semi-detached,103,96,34,62,7,0,7
S01013450,Whole house or bungalow: Terraced (including end-terrace),63,49,9,40,14,0,14
S01013450,Flat maisonette or apartment or mobile/temporary accommodation,20,9,1,8,11,1,10
S01013451,All households,296,280,96,184,16,5,11
S01013451,Whole house or bungalow: Total,291,279,96,183,12,3,9
S01013451,Whole house or bungalow: Detached,162,161,58,103,1,0,1
S01013451,Whole house or bungalow: Semi-detached,111,102,35,67,9,2,7
S01013451,Whole house or bungalow: Terraced (including end-terrace),18,16,3,13,2,1,1
S01013451,Flat maisonette or apartment or mobile/temporary accommodation,5,1,0,1,4,2,2
S01013452,All households,300,259,116,143,41,6,35
S01013452,Whole house or bungalow: Total,273,244,110,134,29,4,25
S01013452,Whole house or bungalow: Detached,136,132,74,58,4,0,4
S01013452,Whole house or bungalow: Semi-detached,93,79,27,52,14,3,11
S01013452,Whole house or bungalow: Terraced (including end-terrace),44,33,9,24,11,1,10
S01013452,Flat maisonette or apartment or mobile/temporary accommodation,27,15,6,9,12,2,10
S01013453,All households,344,126,56,70,218,201,17
S01013453,Whole house or bungalow: Total,181,111,50,61,70,56,14
S01013453,Whole house or bungalow: Detached,23,19,12,7,4,3,1
S01013453,Whole house or bungalow: Semi-detached,93,60,28,32,33,23,10
S01013453,Whole house or bungalow: Terraced (including end-terrace),65,32,10,22,33,30,3
S01013453,Flat maisonette or apartment or mobile/temporary accommodation,163,15,6,9,148,145,3
S01013454,All households,317,254,99,155,63,30,33
S01013454,Whole house or bungalow: Total,266,221,92,129,45,21,24
S01013454,Whole house or bungalow: Detached,93,79,38,41,14,1,13
S01013454,Whole house or bungalow: Semi-detached,59,47,16,31,12,7,5
S01013454,Whole house or bungalow: Terraced (including end-terrace),114,95,38,57,19,13,6
S01013454,Flat maisonette or apartment or mobile/temporary accommodation,51,33,7,26,18,9,9
S01013455,All households,262,148,72,76,114,36,78
S01013455,Whole house or bungalow: Total,195,114,61,53,81,21,60
S01013455,Whole house or bungalow: Detached,80,49,33,16,31,0,31
S01013455,Whole house or bungalow: Semi-detached,67,37,18,19,30,14,16
S01013455,Whole house or bungalow: Terraced (including end-terrace),48,28,10,18,20,7,13
S01013455,Flat maisonette or apartment or mobile/temporary accommodation,67,34,11,23,33,15,18
S01013456,All households,372,212,72,140,160,127,33
S01013456,Whole house or bungalow: Total,299,179,64,115,120,90,30
S01013456,Whole house or bungalow: Detached,33,29,8,21,4,2,2
S01013456,Whole house or bungalow: Semi-detached,82,56,23,33,26,19,7
S01013456,Whole house or bungalow: Terraced (including end-terrace),184,94,33,61,90,69,21
S01013456,Flat maisonette or apartment or mobile/temporary accommodation,73,33,8,25,40,37,3
S01013457,All households,384,215,85,130,169,141,28
S01013457,Whole house or bungalow: Total,234,141,61,80,93,82,11
S01013457,Whole house or bungalow: Detached,11,9,5,4,2,2,0
S01013457,Whole house or bungalow: Semi-detached,103,47,21,26,56,51,5
S01013457,Whole house or bungalow: Terraced (including end-terrace),120,85,35,50,35,29,6
S01013457,Flat maisonette or apartment or mobile/temporary accommodation,150,74,24,50,76,59,17
S01013458,All households,333,242,97,145,91,61,30
S01013458,Whole house or bungalow: Total,211,180,76,104,31,15,16
S01013458,Whole house or bungalow: Detached,51,46,18,28,5,1,4
S01013458,Whole house or bungalow: Semi-detached,112,97,38,59,15,5,10
S01013458,Whole house or bungalow: Terraced (including end-terrace),48,37,20,17,11,9,2
S01013458,Flat maisonette or apartment or mobile/temporary accommodation,122,62,21,41,60,46,14
S01013459,All households,421,228,86,142,193,129,64
S01013459,Whole house or bungalow: Total,141,107,44,63,34,21,13
S01013459,Whole house or bungalow: Detached,33,31,17,14,2,2,0
S01013459,Whole house or bungalow: Semi-detached,46,34,13,21,12,6,6
S01013459,Whole house or bungalow: Terraced (including end-terrace),62,42,14,28,20,13,7
S01013459,Flat maisonette or apartment or mobile/temporary accommodation,280,121,42,79,159,108,51
S01013460,All households,346,215,88,127,131,113,18
S01013460,Whole house or bungalow: Total,280,192,76,116,88,73,15
S01013460,Whole house or bungalow: Detached,12,8,1,7,4,2,2
S01013460,Whole house or bungalow: Semi-detached,193,136,58,78,57,49,8
S01013460,Whole house or bungalow: Terraced (including end-terrace),75,48,17,31,27,22,5
S01013460,Flat maisonette or apartment or mobile/temporary accommodation,66,23,12,11,43,40,3
S01013461,All households,443,268,60,208,175,128,47
S01013461,Whole house or bungalow: Total,386,247,52,195,139,102,37
S01013461,Whole house or bungalow: Detached,104,93,12,81,11,4,7
S01013461,Whole house or bungalow: Semi-detached,103,50,14,36,53,35,18
S01013461,Whole house or bungalow: Terraced (including end-terrace),179,104,26,78,75,63,12
S01013461,Flat maisonette or apartment or mobile/temporary accommodation,57,21,8,13,36,26,10
S01013462,All households,354,278,57,221,76,39,37
S01013462,Whole house or bungalow: Total,308,258,54,204,50,22,28
S01013462,Whole house or bungalow: Detached,108,100,18,82,8,2,6
S01013462,Whole house or bungalow: Semi-detached,72,56,18,38,16,7,9
S01013462,Whole house or bungalow: Terraced (including end-terrace),128,102,18,84,26,13,13
S01013462,Flat maisonette or apartment or mobile/temporary accommodation,46,20,3,17,26,17,9
S01013463,All households,216,107,26,81,109,92,17
S01013463,Whole house or bungalow: Total,192,103,25,78,89,76,13
S01013463,Whole house or bungalow: Detached,20,17,3,14,3,1,2
S01013463,Whole house or bungalow: Semi-detached,95,48,9,39,47,44,3
S01013463,Whole house or bungalow: Terraced (including end-terrace),77,38,13,25,39,31,8
S01013463,Flat maisonette or apartment or mobile/temporary accommodation,24,4,1,3,20,16,4
S01013464,All households,323,265,147,118,58,28,30
S01013464,Whole house or bungalow: Total,295,246,142,104,49,25,24
S01013464,Whole house or bungalow: Detached,85,81,50,31,4,1,3
S01013464,Whole house or bungalow: Semi-detached,76,65,37,28,11,4,7
S01013464,Whole house or bungalow: Terraced (including end-terrace),134,100,55,45,34,20,14
S01013464,Flat maisonette or apartment or mobile/temporary accommodation,28,19,5,14,9,3,6
S01013465,All households,337,275,144,131,62,37,25
S01013465,Whole house or bungalow: Total,280,234,130,104,46,31,15
S01013465,Whole house or bungalow: Detached,57,54,28,26,3,1,2
S01013465,Whole house or bungalow: Semi-detached,118,103,52,51,15,10,5
S01013465,Whole house or bungalow: Terraced (including end-terrace),105,77,50,27,28,20,8
S01013465,Flat maisonette or apartment or mobile/temporary accommodation,57,41,14,27,16,6,10
S01013466,All households,116,88,54,34,28,9,19
S01013466,Whole house or bungalow: Total,109,87,53,34,22,3,19
S01013466,Whole house or bungalow: Detached,68,59,38,21,9,0,9
S01013466,Whole house or bungalow: Semi-detached,33,24,14,10,9,2,7
S01013466,Whole house or bungalow: Terraced (including end-terrace),8,4,1,3,4,1,3
S01013466,Flat maisonette or apartment or mobile/temporary accommodation,7,1,1,0,6,6,0
S01013467,All households,364,323,95,228,41,22,19
S01013467,Whole house or bungalow: Total,360,321,94,227,39,21,18
S01013467,Whole house or bungalow: Detached,198,192,40,152,6,1,5
S01013467,Whole house or bungalow: Semi-detached,108,90,37,53,18,9,9
S01013467,Whole house or bungalow: Terraced (including end-terrace),54,39,17,22,15,11,4
S01013467,Flat maisonette or apartment or mobile/temporary accommodation,4,2,1,1,2,1,1
S01013468,All households,312,161,68,93,151,109,42
S01013468,Whole house or bungalow: Total,132,95,46,49,37,19,18
S01013468,Whole house or bungalow: Detached,33,31,15,16,2,0,2
S01013468,Whole house or bungalow: Semi-detached,62,51,29,22,11,3,8
S01013468,Whole house or bungalow: Terraced (including end-terrace),37,13,2,11,24,16,8
S01013468,Flat maisonette or apartment or mobile/temporary accommodation,180,66,22,44,114,90,24
S01013469,All households,329,290,149,141,39,21,18
S01013469,Whole house or bungalow: Total,304,276,146,130,28,14,14
S01013469,Whole house or bungalow: Detached,70,66,39,27,4,0,4
S01013469,Whole house or bungalow: Semi-detached,105,100,57,43,5,2,3
S01013469,Whole house or bungalow: Terraced (including end-terrace),129,110,50,60,19,12,7
S01013469,Flat maisonette or apartment or mobile/temporary accommodation,25,14,3,11,11,7,4
S01013470,All households,321,145,59,86,176,137,39
S01013470,Whole house or bungalow: Total,141,96,40,56,45,32,13
S01013470,Whole house or bungalow: Detached,19,16,11,5,3,1,2
S01013470,Whole house or bungalow: Semi-detached,91,59,22,37,32,23,9
S01013470,Whole house or bungalow: Terraced (including end-terrace),31,21,7,14,10,8,2
S01013470,Flat maisonette or apartment or mobile/temporary accommodation,180,49,19,30,131,105,26
S01013471,All households,383,232,98,134,151,128,23
S01013471,Whole house or bungalow: Total,338,214,90,124,124,107,17
S01013471,Whole house or bungalow: Detached,40,31,20,11,9,3,6
S01013471,Whole house or bungalow: Semi-detached,71,43,14,29,28,26,2
S01013471,Whole house or bungalow: Terraced (including end-terrace),227,140,56,84,87,78,9
S01013471,Flat maisonette or apartment or mobile/temporary accommodation,45,18,8,10,27,21,6
S01013472,All households,208,186,31,155,22,7,15
S01013472,Whole house or bungalow: Total,199,184,31,153,15,2,13
S01013472,Whole house or bungalow: Detached,159,149,19,130,10,0,10
S01013472,Whole house or bungalow: Semi-detached,21,19,7,12,2,0,2
S01013472,Whole house or bungalow: Terraced (including end-terrace),19,16,5,11,3,2,1
S01013472,Flat maisonette or apartment or mobile/temporary accommodation,9,2,0,2,7,5,2
S01013473,All households,213,196,29,167,17,5,12
S01013473,Whole house or bungalow: Total,208,196,29,167,12,2,10
S01013473,Whole house or bungalow: Detached,169,161,22,139,8,1,7
S01013473,Whole house or bungalow: Semi-detached,7,7,1,6,0,0,0
S01013473,Whole house or bungalow: Terraced (including end-terrace),32,28,6,22,4,1,3
S01013473,Flat maisonette or apartment or mobile/temporary accommodation,5,0,0,0,5,3,2
S01013474,All households,238,201,40,161,37,10,27
S01013474,Whole house or bungalow: Total,216,194,40,154,22,2,20
S01013474,Whole house or bungalow: Detached,89,86,14,72,3,0,3
S01013474,Whole house or bungalow: Semi-detached,97,84,21,63,13,2,11
S01013474,Whole house or bungalow: Terraced (including end-terrace),30,24,5,19,6,0,6
S01013474,Flat maisonette or apartment or mobile/temporary accommodation,22,7,0,7,15,8,7
S01013475,All households,246,211,96,115,35,15,20
S01013475,Whole house or bungalow: Total,229,208,94,114,21,4,17
S01013475,Whole house or bungalow: Detached,77,73,41,32,4,0,4
S01013475,Whole house or bungalow: Semi-detached,117,108,48,60,9,0,9
S01013475,Whole house or bungalow: Terraced (including end-terrace),35,27,5,22,8,4,4
S01013475,Flat maisonette or apartment or mobile/temporary accommodation,17,3,2,1,14,11,3
S01013476,All households,271,197,101,96,74,52,22
S01013476,Whole house or bungalow: Total,200,181,94,87,19,7,12
S01013476,Whole house or bungalow: Detached,67,65,36,29,2,0,2
S01013476,Whole house or bungalow: Semi-detached,96,88,42,46,8,2,6
S01013476,Whole house or bungalow: Terraced (including end-terrace),37,28,16,12,9,5,4
S01013476,Flat maisonette or apartment or mobile/temporary accommodation,71,16,7,9,55,45,10
S01013477,All households,303,158,67,91,145,110,35
S01013477,Whole house or bungalow: Total,140,103,53,50,37,24,13
S01013477,Whole house or bungalow: Detached,23,23,12,11,0,0,0
S01013477,Whole house or bungalow: Semi-detached,44,30,15,15,14,8,6
S01013477,Whole house or bungalow: Terraced (including end-terrace),73,50,26,24,23,16,7
S01013477,Flat maisonette or apartment or mobile/temporary accommodation,163,55,14,41,108,86,22
S01013478,All households,358,215,48,167,143,88,55
S01013478,Whole house or bungalow: Total,235,172,41,131,63,32,31
S01013478,Whole house or bungalow: Detached,90,85,19,66,5,1,4
S01013478,Whole house or bungalow: Semi-detached,64,44,13,31,20,7,13
S01013478,Whole house or bungalow: Terraced (including end-terrace),81,43,9,34,38,24,14
S01013478,Flat maisonette or apartment or mobile/temporary accommodation,123,43,7,36,80,56,24
S01013479,All households,428,185,73,112,243,182,61
S01013479,Whole house or bungalow: Total,186,122,56,66,64,46,18
S01013479,Whole house or bungalow: Detached,56,45,22,23,11,6,5
S01013479,Whole house or bungalow: Semi-detached,49,30,13,17,19,13,6
S01013479,Whole house or bungalow: Terraced (including end-terrace),81,47,21,26,34,27,7
S01013479,Flat maisonette or apartment or mobile/temporary accommodation,242,63,17,46,179,136,43
S01013480,All households,302,200,112,88,102,76,26
S01013480,Whole house or bungalow: Total,285,195,109,86,90,66,24
S01013480,Whole house or bungalow: Detached,8,5,4,1,3,1,2
S01013480,Whole house or bungalow: Semi-detached,64,41,17,24,23,18,5
S01013480,Whole house or bungalow: Terraced (including end-terrace),213,149,88,61,64,47,17
S01013480,Flat maisonette or apartment or mobile/temporary accommodation,17,5,3,2,12,10,2
S01013481,All households,189,148,74,74,41,27,14
S01013481,Whole house or bungalow: Total,163,133,67,66,30,19,11
S01013481,Whole house or bungalow: Detached,75,68,39,29,7,1,6
S01013481,Whole house or bungalow: Semi-detached,36,32,11,21,4,4,0
S01013481,Whole house or bungalow: Terraced (including end-terrace),52,33,17,16,19,14,5
S01013481,Flat maisonette or apartment or mobile/temporary accommodation,26,15,7,8,11,8,3
