,,All household spaces,Occupied household spaces,Unoccupied household spaces: Total,Unoccupied household spaces: Second residence/holiday accommodation,Unoccupied household spaces: Vacant
S92000003,All household spaces,2473881,2372777,101104,36642,64462
S92000003,Whole house or bungalow: Total,1559788,1503449,56339,24674,31665
S92000003,Whole house or bungalow: Detached,546887,520088,26799,14954,11845
S92000003,Whole house or bungalow: Semi-detached,554307,541374,12933,3858,9075
S92000003,Whole house or bungalow: Terraced (including end-terrace),458594,441987,16607,5862,10745
S92000003,Flat maisonette or apartment or mobile/temporary accommodation,914093,869328,44765,11968,32797
S01006506,All household spaces,452,424,28,9,19
S01006506,Whole house or bungalow: Total,201,191,10,2,8
S01006506,Whole house or bungalow: Detached,105,100,5,1,4
S01006506,Whole house or bungalow: Semi-detached,63,58,5,1,4
S01006506,Whole house or bungalow: Terraced (including end-terrace),33,33,0,0,0
S01006506,Flat maisonette or apartment or mobile/temporary accommodation,251,233,18,7,11
S01006507,All household spaces,365,364,1,0,1
S01006507,Whole house or bungalow: Total,288,287,1,0,1
S01006507,Whole house or bungalow: Detached,90,90,0,0,0
S01006507,Whole house or bungalow: Semi-detached,59,59,0,0,0
S01006507,Whole house or bungalow: Terraced (including end-terrace),139,138,1,0,1
S01006507,Flat maisonette or apartment or mobile/temporary accommodation,77,77,0,0,0
S01006508,All household spaces,351,340,11,5,6
S01006508,Whole house or bungalow: Total,108,104,4,2,2
S01006508,Whole house or bungalow: Detached,44,44,0,0,0
S01006508,Whole house or bungalow: Semi-detached,24,22,2,1,1
S01006508,Whole house or bungalow: Terraced (including end-terrace),40,38,2,1,1
S01006508,Flat maisonette or apartment or mobile/temporary accommodation,243,236,7,3,4
S01006509,All household spaces,282,274,8,0,8
S01006509,Whole house or bungalow: Total,190,185,5,0,5
S01006509,Whole house or bungalow: Detached,32,32,0,0,0
S01006509,Whole house or bungalow: Semi-detached,77,77,0,0,0
S01006509,Whole house or bungalow: Terraced (including end-terrace),81,76,5,0,5
S01006509,Flat maisonette or apartment or mobile/temporary accommodation,92,89,3,0,3
S01006510,All household spaces,268,256,12,4,8
S01006510,Whole house or bungalow: Total,183,176,7,4,3
S01006510,Whole house or bungalow: Detached,37,36,1,1,0
S01006510,Whole house or bungalow: Semi-detached,108,103,5,3,2
S01006510,Whole house or bungalow: Terraced (including end-terrace),38,37,1,0,1
S01006510,Flat maisonette or apartment or mobile/temporary accommodation,85,80,5,0,5
S01006511,All household spaces,318,315,3,1,2
S01006511,Whole house or bungalow: Total,299,296,3,1,2
S01006511,Whole house or bungalow: Detached,90,89,1,0,1
S01006511,Whole house or bungalow: Semi-detached,189,187,2,1,1
S01006511,Whole house or bungalow: Terraced (including end-terrace),20,20,0,0,0
S01006511,Flat maisonette or apartment or mobile/temporary accommodation,19,19,0,0,0
S01006512,All household spaces,179,170,9,2,7
S01006512,Whole house or bungalow: Total,174,165,9,2,7
S01006512,Whole house or bungalow: Detached,125,118,7,1,6
S01006512,Whole house or bungalow: Semi-detached,34,32,2,1,1
S01006512,Whole house or bungalow: Terraced (including end-terrace),15,15,0,0,0
S01006512,Flat maisonette or apartment or mobile/temporary accommodation,5,5,0,0,0
S01006513,All household spaces,259,230,29,0,29
S01006513,Whole house or bungalow: Total,204,201,3,0,3
S01006513,Whole house or bungalow: Detached,43,41,2,0,2
S01006513,Whole house or bungalow: Semi-detached,146,145,1,0,1
S01006513,Whole house or bungalow: Terraced (including end-terrace),15,15,0,0,0
S01006513,Flat maisonette or apartment or mobile/temporary accommodation,55,29,26,0,26
S01006514,All household spaces,351,339,12,2,10
S01006514,Whole house or bungalow: Total,340,328,12,2,10
S01006514,Whole house or bungalow: Detached,252,243,9,2,7
S01006514,Whole house or bungalow: Semi-detached,82,80,2,0,2
S01006514,Whole house or bungalow: Terraced (including end-terrace),6,5,1,0,1
S01006514,Flat maisonette or apartment or mobile/temporary accommodation,11,11,0,0,0
S01006515,All household spaces,283,271,12,0,12
S01006515,Whole house or bungalow: Total,270,258,12,0,12
S01006515,Whole house or bungalow: Detached,191,184,7,0,7
S01006515,Whole house or bungalow: Semi-detached,72,67,5,0,5
S01006515,Whole house or bungalow: Terraced (including end-terrace),7,7,0,0,0
S01006515,Flat maisonette or apartment or mobile/temporary accommodation,13,13,0,0,0
S01006516,All household spaces,195,185,10,2,8
S01006516,Whole house or bungalow: Total,182,173,9,2,7
S01006516,Whole house or bungalow: Detached,122,114,8,2,6
S01006516,Whole house or bungalow: Semi-detached,50,49,1,0,1
S01006516,Whole house or bungalow: Terraced (including end-terrace),10,10,0,0,0
S01006516,Flat maisonette or apartment or mobile/temporary accommodation,13,12,1,0,1
S01006517,All household spaces,419,403,16,1,15
S01006517,Whole house or bungalow: Total,388,374,14,1,13
S01006517,Whole house or bungalow: Detached,279,269,10,1,9
S01006517,Whole house or bungalow: Semi-detached,68,67,1,0,1
S01006517,Whole house or bungalow: Terraced (including end-terrace),41,38,3,0,3
S01006517,Flat maisonette or apartment or mobile/temporary accommodation,31,29,2,0,2
S01006518,All household spaces,254,247,7,1,6
S01006518,Whole house or bungalow: Total,239,234,5,1,4
S01006518,Whole house or bungalow: Detached,209,205,4,0,4
S01006518,Whole house or bungalow: Semi-detached,26,26,0,0,0
S01006518,Whole house or bungalow: Terraced (including end-terrace),4,3,1,1,0
S01006518,Flat maisonette or apartment or mobile/temporary accommodation,15,13,2,0,2
S01006519,All household spaces,286,281,5,1,4
S01006519,Whole house or bungalow: Total,279,274,5,1,4
S01006519,Whole house or bungalow: Detached,254,250,4,1,3
S01006519,Whole house or bungalow: Semi-detached,18,18,0,0,0
S01006519,Whole house or bungalow: Terraced (including end-terrace),7,6,1,0,1
S01006519,Flat maisonette or apartment or mobile/temporary accommodation,7,7,0,0,0
S01006520,All household spaces,228,222,6,1,5
S01006520,Whole house or bungalow: Total,224,218,6,1,5
S01006520,Whole house or bungalow: Detached,215,209,6,1,5
S01006520,Whole house or bungalow: Semi-detached,6,6,0,0,0
S01006520,Whole house or bungalow: Terraced (including end-terrace),3,3,0,0,0
S01006520,Flat maisonette or apartment or mobile/temporary accommodation,4,4,0,0,0
S01006521,All household spaces,264,243,21,7,14
S01006521,Whole house or bungalow: Total,232,218,14,3,11
S01006521,Whole house or bungalow: Detached,145,139,6,0,6
S01006521,Whole house or bungalow: Semi-detached,42,40,2,0,2
S01006521,Whole house or bungalow: Terraced (including end-terrace),45,39,6,3,3
S01006521,Flat maisonette or apartment or mobile/temporary accommodation,32,25,7,4,3
S01006522,All household spaces,223,218,5,2,3
S01006522,Whole house or bungalow: Total,207,204,3,0,3
S01006522,Whole house or bungalow: Detached,95,93,2,0,2
S01006522,Whole house or bungalow: Semi-detached,110,109,1,0,1
S01006522,Whole house or bungalow: Terraced (including end-terrace),2,2,0,0,0
S01006522,Flat maisonette or apartment or mobile/temporary accommodation,16,14,2,2,0
S01006523,All household spaces,448,427,21,10,11
S01006523,Whole house or bungalow: Total,265,258,7,1,6
S01006523,Whole house or bungalow: Detached,95,93,2,0,2
S01006523,Whole house or bungalow: Semi-detached,142,137,5,1,4
S01006523,Whole house or bungalow: Terraced (including end-terrace),28,28,0,0,0
S01006523,Flat maisonette or apartment or mobile/temporary accommodation,183,169,14,9,5
S01006524,All household spaces,344,314,30,5,25
S01006524,Whole house or bungalow: Total,204,196,8,1,7
S01006524,Whole house or bungalow: Detached,133,126,7,1,6
S01006524,Whole house or bungalow: Semi-detached,58,58,0,0,0
S01006524,Whole house or bungalow: Terraced (including end-terrace),13,12,1,0,1
S01006524,Flat maisonette or apartment or mobile/temporary accommodation,140,118,22,4,18
S01006525,All household spaces,346,339,7,0,7
S01006525,Whole house or bungalow: Total,305,300,5,0,5
S01006525,Whole house or bungalow: Detached,191,189,2,0,2
S01006525,Whole house or bungalow: Semi-detached,49,48,1,0,1
S01006525,Whole house or bungalow: Terraced (including end-terrace),65,63,2,0,2
S01006525,Flat maisonette or apartment or mobile/temporary accommodation,41,39,2,0,2
S01006526,All household spaces,451,439,12,6,6
S01006526,Whole house or bungalow: Total,221,218,3,0,3
S01006526,Whole house or bungalow: Detached,10,10,0,0,0
S01006526,Whole house or bungalow: Semi-detached,76,74,2,0,2
S01006526,Whole house or bungalow: Terraced (including end-terrace),135,134,1,0,1
S01006526,Flat maisonette or apartment or mobile/temporary accommodation,230,221,9,6,3
S01006527,All household spaces,294,286,8,6,2
S01006527,Whole house or bungalow: Total,245,242,3,1,2
S01006527,Whole house or bungalow: Detached,12,12,0,0,0
S01006527,Whole house or bungalow: Semi-detached,142,139,3,1,2
S01006527,Whole house or bungalow: Terraced (including end-terrace),91,91,0,0,0
S01006527,Flat maisonette or apartment or mobile/temporary accommodation,49,44,5,5,0
S01006528,All household spaces,459,433,26,22,4
S01006528,Whole house or bungalow: Total,322,303,19,16,3
S01006528,Whole house or bungalow: Detached,10,9,1,0,1
S01006528,Whole house or bungalow: Semi-detached,146,139,7,7,0
S01006528,Whole house or bungalow: Terraced (including end-terrace),166,155,11,9,2
S01006528,Flat maisonette or apartment or mobile/temporary accommodation,137,130,7,6,1
S01006529,All household spaces,522,496,26,11,15
S01006529,Whole house or bungalow: Total,120,118,2,0,2
S01006529,Whole house or bungalow: Detached,7,7,0,0,0
S01006529,Whole house or bungalow: Semi-detached,83,81,2,0,2
S01006529,Whole house or bungalow: Terraced (including end-terrace),30,30,0,0,0
S01006529,Flat maisonette or apartment or mobile/temporary accommodation,402,378,24,11,13
S01006530,All household spaces,361,356,5,1,4
S01006530,Whole house or bungalow: Total,177,176,1,0,1
S01006530,Whole house or bungalow: Detached,4,4,0,0,0
S01006530,Whole house or bungalow: Semi-detached,111,110,1,0,1
S01006530,Whole house or bungalow: Terraced (including end-terrace),62,62,0,0,0
S01006530,Flat maisonette or apartment or mobile/temporary accommodation,184,180,4,1,3
S01006531,All household spaces,434,429,5,0,5
S01006531,Whole house or bungalow: Total,159,156,3,0,3
S01006531,Whole house or bungalow: Detached,8,8,0,0,0
S01006531,Whole house or bungalow: Semi-detached,62,62,0,0,0
S01006531,Whole house or bungalow: Terraced (including end-terrace),89,86,3,0,3
S01006531,Flat maisonette or apartment or mobile/temporary accommodation,275,273,2,0,2
S01006532,All household spaces,346,337,9,0,9
S01006532,Whole house or bungalow: Total,247,243,4,0,4
S01006532,Whole house or bungalow: Detached,45,43,2,0,2
S01006532,Whole house or bungalow: Semi-detached,158,156,2,0,2
S01006532,Whole house or bungalow: Terraced (including end-terrace),44,44,0,0,0
S01006532,Flat maisonette or apartment or mobile/temporary accommodation,99,94,5,0,5
S01006533,All household spaces,319,305,14,0,14
S01006533,Whole house or bungalow: Total,254,243,11,0,11
S01006533,Whole house or bungalow: Detached,57,54,3,0,3
S01006533,Whole house or bungalow: Semi-detached,101,97,4,0,4
S01006533,Whole house or bungalow: Terraced (including end-terrace),96,92,4,0,4
S01006533,Flat maisonette or apartment or mobile/temporary accommodation,65,62,3,0,3
S01006534,All household spaces,413,398,15,6,9
S01006534,Whole house or bungalow: Total,257,251,6,4,2
S01006534,Whole house or bungalow: Detached,52,51,1,0,1
S01006534,Whole house or bungalow: Semi-detached,112,110,2,2,0
S01006534,Whole house or bungalow: Terraced (including end-terrace),93,90,3,2,1
S01006534,Flat maisonette or apartment or mobile/temporary accommodation,156,147,9,2,7
S01006535,All household spaces,580,564,16,2,14
S01006535,Whole house or bungalow: Total,149,145,4,0,4
S01006535,Whole house or bungalow: Detached,20,20,0,0,0
S01006535,Whole house or bungalow: Semi-detached,68,67,1,0,1
S01006535,Whole house or bungalow: Terraced (including end-terrace),61,58,3,0,3
S01006535,Flat maisonette or apartment or mobile/temporary accommodation,431,419,12,2,10
S01006536,All household spaces,612,589,23,19,4
S01006536,Whole house or bungalow: Total,119,107,12,10,2
S01006536,Whole house or bungalow: Detached,7,7,0,0,0
S01006536,Whole house or bungalow: Semi-detached,41,38,3,3,0
S01006536,Whole house or bungalow: Terraced (including end-terrace),71,62,9,7,2
S01006536,Flat maisonette or apartment or mobile/temporary accommodation,493,482,11,9,2
S01006537,All household spaces,367,341,26,8,18
S01006537,Whole house or bungalow: Total,333,317,16,8,8
S01006537,Whole house or bungalow: Detached,67,66,1,0,1
S01006537,Whole house or bungalow: Semi-detached,231,216,15,8,7
S01006537,Whole house or bungalow: Terraced (including end-terrace),35,35,0,0,0
S01006537,Flat maisonette or apartment or mobile/temporary accommodation,34,24,10,0,10
S01006538,All household spaces,247,240,7,4,3
S01006538,Whole house or bungalow: Total,240,233,7,4,3
S01006538,Whole house or bungalow: Detached,65,64,1,0,1
S01006538,Whole house or bungalow: Semi-detached,149,144,5,4,1
S01006538,Whole house or bungalow: Terraced (including end-terrace),26,25,1,0,1
S01006538,Flat maisonette or apartment or mobile/temporary accommodation,7,7,0,0,0
S01006539,All household spaces,343,330,13,0,13
S01006539,Whole house or bungalow: Total,273,265,8,0,8
S01006539,Whole house or bungalow: Detached,22,21,1,0,1
S01006539,Whole house or bungalow: Semi-detached,211,205,6,0,6
S01006539,Whole house or bungalow: Terraced (including end-terrace),40,39,1,0,1
S01006539,Flat maisonette or apartment or mobile/temporary accommodation,70,65,5,0,5
S01006540,All household spaces,508,451,57,6,51
S01006540,Whole house or bungalow: Total,326,324,2,1,1
S01006540,Whole house or bungalow: Detached,34,34,0,0,0
S01006540,Whole house or bungalow: Semi-detached,272,270,2,1,1
S01006540,Whole house or bungalow: Terraced (including end-terrace),20,20,0,0,0
S01006540,Flat maisonette or apartment or mobile/temporary accommodation,182,127,55,5,50
S01006541,All household spaces,408,392,16,1,15
S01006541,Whole house or bungalow: Total,322,313,9,0,9
S01006541,Whole house or bungalow: Detached,36,35,1,0,1
S01006541,Whole house or bungalow: Semi-detached,247,240,7,0,7
S01006541,Whole house or bungalow: Terraced (including end-terrace),39,38,1,0,1
S01006541,Flat maisonette or apartment or mobile/temporary accommodation,86,79,7,1,6
S01006542,All household spaces,519,496,23,14,9
S01006542,Whole house or bungalow: Total,377,367,10,2,8
S01006542,Whole house or bungalow: Detached,109,104,5,1,4
S01006542,Whole house or bungalow: Semi-detached,262,258,4,0,4
S01006542,Whole house or bungalow: Terraced (including end-terrace),6,5,1,1,0
S01006542,Flat maisonette or apartment or mobile/temporary accommodation,142,129,13,12,1
S01006543,All household spaces,371,363,8,0,8
S01006543,Whole house or bungalow: Total,364,356,8,0,8
S01006543,Whole house or bungalow: Detached,12,12,0,0,0
S01006543,Whole house or bungalow: Semi-detached,341,333,8,0,8
S01006543,Whole house or bungalow: Terraced (including end-terrace),11,11,0,0,0
S01006543,Flat maisonette or apartment or mobile/temporary accommodation,7,7,0,0,0
S01006544,All household spaces,630,507,123,31,92
S01006544,Whole house or bungalow: Total,285,269,16,6,10
S01006544,Whole house or bungalow: Detached,116,112,4,0,4
S01006544,Whole house or bungalow: Semi-detached,105,102,3,0,3
S01006544,Whole house or bungalow: Terraced (including end-terrace),64,55,9,6,3
S01006544,Flat maisonette or apartment or mobile/temporary accommodation,345,238,107,25,82
S01006545,All household spaces,618,586,32,16,16
S01006545,Whole house or bungalow: Total,315,303,12,4,8
S01006545,Whole house or bungalow: Detached,78,75,3,0,3
S01006545,Whole house or bungalow: Semi-detached,172,164,8,4,4
S01006545,Whole house or bungalow: Terraced (including end-terrace),65,64,1,0,1
S01006545,Flat maisonette or apartment or mobile/temporary accommodation,303,283,20,12,8
S01006546,All household spaces,274,262,12,7,5
S01006546,Whole house or bungalow: Total,254,248,6,3,3
S01006546,Whole house or bungalow: Detached,58,57,1,1,0
S01006546,Whole house or bungalow: Semi-detached,193,188,5,2,3
S01006546,Whole house or bungalow: Terraced (including end-terrace),3,3,0,0,0
S01006546,Flat maisonette or apartment or mobile/temporary accommodation,20,14,6,4,2
S01006547,All household spaces,455,442,13,0,13
S01006547,Whole house or bungalow: Total,309,303,6,0,6
S01006547,Whole house or bungalow: Detached,166,163,3,0,3
S01006547,Whole house or bungalow: Semi-detached,40,40,0,0,0
S01006547,Whole house or bungalow: Terraced (including end-terrace),103,100,3,0,3
S01006547,Flat maisonette or apartment or mobile/temporary accommodation,146,139,7,0,7
S01006548,All household spaces,316,312,4,2,2
S01006548,Whole house or bungalow: Total,313,309,4,2,2
S01006548,Whole house or bungalow: Detached,25,24,1,1,0
S01006548,Whole house or bungalow: Semi-detached,286,283,3,1,2
S01006548,Whole house or bungalow: Terraced (including end-terrace),2,2,0,0,0
S01006548,Flat maisonette or apartment or mobile/temporary accommodation,3,3,0,0,0
S01006549,All household spaces,388,366,22,5,17
S01006549,Whole house or bungalow: Total,314,303,11,1,10
S01006549,Whole house or bungalow: Detached,169,163,6,0,6
S01006549,Whole house or bungalow: Semi-detached,134,131,3,1,2
S01006549,Whole house or bungalow: Terraced (including end-terrace),11,9,2,0,2
S01006549,Flat maisonette or apartment or mobile/temporary accommodation,74,63,11,4,7
S01006550,All household spaces,400,389,11,4,7
S01006550,Whole house or bungalow: Total,390,381,9,3,6
S01006550,Whole house or bungalow: Detached,148,145,3,0,3
S01006550,Whole house or bungalow: Semi-detached,232,227,5,2,3
S01006550,Whole house or bungalow: Terraced (including end-terrace),10,9,1,1,0
S01006550,Flat maisonette or apartment or mobile/temporary accommodation,10,8,2,1,1
S01006551,All household spaces,408,392,16,10,6
S01006551,Whole house or bungalow: Total,196,188,8,3,5
S01006551,Whole house or bungalow: Detached,42,42,0,0,0
S01006551,Whole house or bungalow: Semi-detached,40,39,1,0,1
S01006551,Whole house or bungalow: Terraced (including end-terrace),114,107,7,3,4
S01006551,Flat maisonette or apartment or mobile/temporary accommodation,212,204,8,7,1
S01006552,All household spaces,432,417,15,10,5
S01006552,Whole house or bungalow: Total,321,316,5,2,3
S01006552,Whole house or bungalow: Detached,89,87,2,0,2
S01006552,Whole house or bungalow: Semi-detached,147,147,0,0,0
S01006552,Whole house or bungalow: Terraced (including end-terrace),85,82,3,2,1
S01006552,Flat maisonette or apartment or mobile/temporary accommodation,111,101,10,8,2
S01006553,All household spaces,410,407,3,0,3
S01006553,Whole house or bungalow: Total,337,335,2,0,2
S01006553,Whole house or bungalow: Detached,164,163,1,0,1
S01006553,Whole house or bungalow: Semi-detached,82,82,0,0,0
S01006553,Whole house or bungalow: Terraced (including end-terrace),91,90,1,0,1
S01006553,Flat maisonette or apartment or mobile/temporary accommodation,73,72,1,0,1
S01006554,All household spaces,350,330,20,15,5
S01006554,Whole house or bungalow: Total,193,189,4,0,4
S01006554,Whole house or bungalow: Detached,64,64,0,0,0
S01006554,Whole house or bungalow: Semi-detached,81,79,2,0,2
S01006554,Whole house or bungalow: Terraced (including end-terrace),48,46,2,0,2
S01006554,Flat maisonette or apartment or mobile/temporary accommodation,157,141,16,15,1
S01006555,All household spaces,386,374,12,1,11
S01006555,Whole house or bungalow: Total,119,117,2,0,2
S01006555,Whole house or bungalow: Detached,13,12,1,0,1
S01006555,Whole house or bungalow: Semi-detached,57,56,1,0,1
S01006555,Whole house or bungalow: Terraced (including end-terrace),49,49,0,0,0
S01006555,Flat maisonette or apartment or mobile/temporary accommodation,267,257,10,1,9
S01006556,All household spaces,417,399,18,6,12
S01006556,Whole house or bungalow: Total,232,220,12,6,6
S01006556,Whole house or bungalow: Detached,9,9,0,0,0
S01006556,Whole house or bungalow: Semi-detached,75,71,4,3,1
S01006556,Whole house or bungalow: Terraced (including end-terrace),148,140,8,3,5
S01006556,Flat maisonette or apartment or mobile/temporary accommodation,185,179,6,0,6
S01006557,All household spaces,354,338,16,10,6
S01006557,Whole house or bungalow: Total,187,179,8,5,3
S01006557,Whole house or bungalow: Detached,14,14,0,0,0
S01006557,Whole house or bungalow: Semi-detached,46,45,1,0,1
S01006557,Whole house or bungalow: Terraced (including end-terrace),127,120,7,5,2
S01006557,Flat maisonette or apartment or mobile/temporary accommodation,167,159,8,5,3
S01006558,All household spaces,363,354,9,3,6
S01006558,Whole house or bungalow: Total,110,110,0,0,0
S01006558,Whole house or bungalow: Detached,4,4,0,0,0
S01006558,Whole house or bungalow: Semi-detached,18,18,0,0,0
S01006558,Whole house or bungalow: Terraced (including end-terrace),88,88,0,0,0
S01006558,Flat maisonette or apartment or mobile/temporary accommodation,253,244,9,3,6
S01006559,All household spaces,282,272,10,7,3
S01006559,Whole house or bungalow: Total,130,127,3,2,1
S01006559,Whole house or bungalow: Detached,13,13,0,0,0
S01006559,Whole house or bungalow: Semi-detached,62,61,1,0,1
S01006559,Whole house or bungalow: Terraced (including end-terrace),55,53,2,2,0
S01006559,Flat maisonette or apartment or mobile/temporary accommodation,152,145,7,5,2
S01006560,All household spaces,451,432,19,8,11
S01006560,Whole house or bungalow: Total,249,237,12,4,8
S01006560,Whole house or bungalow: Detached,50,47,3,0,3
S01006560,Whole house or bungalow: Semi-detached,112,108,4,1,3
S01006560,Whole house or bungalow: Terraced (including end-terrace),87,82,5,3,2
S01006560,Flat maisonette or apartment or mobile/temporary accommodation,202,195,7,4,3
S01006561,All household spaces,327,323,4,1,3
S01006561,Whole house or bungalow: Total,239,237,2,0,2
S01006561,Whole house or bungalow: Detached,38,38,0,0,0
S01006561,Whole house or bungalow: Semi-detached,122,121,1,0,1
S01006561,Whole house or bungalow: Terraced (including end-terrace),79,78,1,0,1
S01006561,Flat maisonette or apartment or mobile/temporary accommodation,88,86,2,1,1
S01006562,All household spaces,344,334,10,4,6
S01006562,Whole house or bungalow: Total,244,235,9,4,5
S01006562,Whole house or bungalow: Detached,78,77,1,0,1
S01006562,Whole house or bungalow: Semi-detached,101,98,3,0,3
S01006562,Whole house or bungalow: Terraced (including end-terrace),65,60,5,4,1
S01006562,Flat maisonette or apartment or mobile/temporary accommodation,100,99,1,0,1
S01006563,All household spaces,383,366,17,1,16
S01006563,Whole house or bungalow: Total,201,197,4,0,4
S01006563,Whole house or bungalow: Detached,26,25,1,0,1
S01006563,Whole house or bungalow: Semi-detached,99,99,0,0,0
S01006563,Whole house or bungalow: Terraced (including end-terrace),76,73,3,0,3
S01006563,Flat maisonette or apartment or mobile/temporary accommodation,182,169,13,1,12
S01006564,All household spaces,594,578,16,1,15
S01006564,Whole house or bungalow: Total,34,34,0,0,0
S01006564,Whole house or bungalow: Detached,10,10,0,0,0
S01006564,Whole house or bungalow: Semi-detached,7,7,0,0,0
S01006564,Whole house or bungalow: Terraced (including end-terrace),17,17,0,0,0
S01006564,Flat maisonette or apartment or mobile/temporary accommodation,560,544,16,1,15
S01006565,All household spaces,595,565,30,4,26
S01006565,Whole house or bungalow: Total,24,24,0,0,0
S01006565,Whole house or bungalow: Detached,1,1,0,0,0
S01006565,Whole house or bungalow: Semi-detached,5,5,0,0,0
S01006565,Whole house or bungalow: Terraced (including end-terrace),18,18,0,0,0
S01006565,Flat maisonette or apartment or mobile/temporary accommodation,571,541,30,4,26
S01006566,All household spaces,447,437,10,2,8
S01006566,Whole house or bungalow: Total,81,80,1,1,0
S01006566,Whole house or bungalow: Detached,8,7,1,1,0
S01006566,Whole house or bungalow: Semi-detached,28,28,0,0,0
S01006566,Whole house or bungalow: Terraced (including end-terrace),45,45,0,0,0
S01006566,Flat maisonette or apartment or mobile/temporary accommodation,366,357,9,1,8
S01006567,All household spaces,571,552,19,3,16
S01006567,Whole house or bungalow: Total,25,25,0,0,0
S01006567,Whole house or bungalow: Detached,6,6,0,0,0
S01006567,Whole house or bungalow: Semi-detached,13,13,0,0,0
S01006567,Whole house or bungalow: Terraced (including end-terrace),6,6,0,0,0
S01006567,Flat maisonette or apartment or mobile/temporary accommodation,546,527,19,3,16
S01006568,All household spaces,603,575,28,4,24
S01006568,Whole house or bungalow: Total,35,34,1,0,1
S01006568,Whole house or bungalow: Detached,5,5,0,0,0
S01006568,Whole house or bungalow: Semi-detached,21,20,1,0,1
S01006568,Whole house or bungalow: Terraced (including end-terrace),9,9,0,0,0
S01006568,Flat maisonette or apartment or mobile/temporary accommodation,568,541,27,4,23
S01006569,All household spaces,319,311,8,2,6
S01006569,Whole house or bungalow: Total,83,80,3,0,3
S01006569,Whole house or bungalow: Detached,3,3,0,0,0
S01006569,Whole house or bungalow: Semi-detached,23,21,2,0,2
S01006569,Whole house or bungalow: Terraced (including end-terrace),57,56,1,0,1
S01006569,Flat maisonette or apartment or mobile/temporary accommodation,236,231,5,2,3
S01006570,All household spaces,385,371,14,7,7
S01006570,Whole house or bungalow: Total,161,154,7,3,4
S01006570,Whole house or bungalow: Detached,29,27,2,1,1
S01006570,Whole house or bungalow: Semi-detached,98,95,3,2,1
S01006570,Whole house or bungalow: Terraced (including end-terrace),34,32,2,0,2
S01006570,Flat maisonette or apartment or mobile/temporary accommodation,224,217,7,4,3
S01006571,All household spaces,460,427,33,20,13
S01006571,Whole house or bungalow: Total,195,185,10,8,2
S01006571,Whole house or bungalow: Detached,13,12,1,0,1
S01006571,Whole house or bungalow: Semi-detached,34,31,3,3,0
S01006571,Whole house or bungalow: Terraced (including end-terrace),148,142,6,5,1
S01006571,Flat maisonette or apartment or mobile/temporary accommodation,265,242,23,12,11
S01006572,All household spaces,404,374,30,7,23
S01006572,Whole house or bungalow: Total,302,284,18,3,15
S01006572,Whole house or bungalow: Detached,221,212,9,0,9
S01006572,Whole house or bungalow: Semi-detached,67,58,9,3,6
S01006572,Whole house or bungalow: Terraced (including end-terrace),14,14,0,0,0
S01006572,Flat maisonette or apartment or mobile/temporary accommodation,102,90,12,4,8
S01006573,All household spaces,311,290,21,18,3
S01006573,Whole house or bungalow: Total,193,183,10,8,2
S01006573,Whole house or bungalow: Detached,19,17,2,2,0
S01006573,Whole house or bungalow: Semi-detached,104,102,2,1,1
S01006573,Whole house or bungalow: Terraced (including end-terrace),70,64,6,5,1
S01006573,Flat maisonette or apartment or mobile/temporary accommodation,118,107,11,10,1
S01006574,All household spaces,468,427,41,30,11
S01006574,Whole house or bungalow: Total,236,225,11,3,8
S01006574,Whole house or bungalow: Detached,77,72,5,0,5
S01006574,Whole house or bungalow: Semi-detached,88,85,3,2,1
S01006574,Whole house or bungalow: Terraced (including end-terrace),71,68,3,1,2
S01006574,Flat maisonette or apartment or mobile/temporary accommodation,232,202,30,27,3
S01006575,All household spaces,413,399,14,4,10
S01006575,Whole house or bungalow: Total,230,222,8,0,8
S01006575,Whole house or bungalow: Detached,30,30,0,0,0
S01006575,Whole house or bungalow: Semi-detached,126,119,7,0,7
S01006575,Whole house or bungalow: Terraced (including end-terrace),74,73,1,0,1
S01006575,Flat maisonette or apartment or mobile/temporary accommodation,183,177,6,4,2
S01006576,All household spaces,338,325,13,0,13
S01006576,Whole house or bungalow: Total,178,172,6,0,6
S01006576,Whole house or bungalow: Detached,18,17,1,0,1
S01006576,Whole house or bungalow: Semi-detached,125,120,5,0,5
S01006576,Whole house or bungalow: Terraced (including end-terrace),35,35,0,0,0
S01006576,Flat maisonette or apartment or mobile/temporary accommodation,160,153,7,0,7
S01006577,All household spaces,457,430,27,15,12
S01006577,Whole house or bungalow: Total,113,101,12,7,5
S01006577,Whole house or bungalow: Detached,10,10,0,0,0
S01006577,Whole house or bungalow: Semi-detached,40,40,0,0,0
S01006577,Whole house or bungalow: Terraced (including end-terrace),63,51,12,7,5
S01006577,Flat maisonette or apartment or mobile/temporary accommodation,344,329,15,8,7
S01006578,All household spaces,663,633,30,5,25
S01006578,Whole house or bungalow: Total,59,58,1,0,1
S01006578,Whole house or bungalow: Detached,4,4,0,0,0
S01006578,Whole house or bungalow: Semi-detached,12,12,0,0,0
S01006578,Whole house or bungalow: Terraced (including end-terrace),43,42,1,0,1
S01006578,Flat maisonette or apartment or mobile/temporary accommodation,604,575,29,5,24
S01006579,All household spaces,660,640,20,5,15
S01006579,Whole house or bungalow: Total,20,20,0,0,0
S01006579,Whole house or bungalow: Detached,3,3,0,0,0
S01006579,Whole house or bungalow: Semi-detached,10,10,0,0,0
S01006579,Whole house or bungalow: Terraced (including end-terrace),7,7,0,0,0
S01006579,Flat maisonette or apartment or mobile/temporary accommodation,640,620,20,5,15
S01006580,All household spaces,434,422,12,1,11
S01006580,Whole house or bungalow: Total,76,71,5,1,4
S01006580,Whole house or bungalow: Detached,9,9,0,0,0
S01006580,Whole house or bungalow: Semi-detached,12,12,0,0,0
S01006580,Whole house or bungalow: Terraced (including end-terrace),55,50,5,1,4
S01006580,Flat maisonette or apartment or mobile/temporary accommodation,358,351,7,0,7
S01006581,All household spaces,419,402,17,6,11
S01006581,Whole house or bungalow: Total,272,264,8,1,7
S01006581,Whole house or bungalow: Detached,70,67,3,0,3
S01006581,Whole house or bungalow: Semi-detached,138,135,3,1,2
S01006581,Whole house or bungalow: Terraced (including end-terrace),64,62,2,0,2
S01006581,Flat maisonette or apartment or mobile/temporary accommodation,147,138,9,5,4
S01006582,All household spaces,508,466,42,29,13
S01006582,Whole house or bungalow: Total,38,35,3,1,2
S01006582,Whole house or bungalow: Detached,2,2,0,0,0
S01006582,Whole house or bungalow: Semi-detached,11,9,2,1,1
S01006582,Whole house or bungalow: Terraced (including end-terrace),25,24,1,0,1
S01006582,Flat maisonette or apartment or mobile/temporary accommodation,470,431,39,28,11
S01006583,All household spaces,427,404,23,17,6
S01006583,Whole house or bungalow: Total,10,10,0,0,0
S01006583,Whole house or bungalow: Detached,1,1,0,0,0
S01006583,Whole house or bungalow: Semi-detached,4,4,0,0,0
S01006583,Whole house or bungalow: Terraced (including end-terrace),5,5,0,0,0
S01006583,Flat maisonette or apartment or mobile/temporary accommodation,417,394,23,17,6
S01006584,All household spaces,380,354,26,15,11
S01006584,Whole house or bungalow: Total,39,35,4,3,1
S01006584,Whole house or bungalow: Detached,4,3,1,0,1
S01006584,Whole house or bungalow: Semi-detached,12,11,1,1,0
S01006584,Whole house or bungalow: Terraced (including end-terrace),23,21,2,2,0
S01006584,Flat maisonette or apartment or mobile/temporary accommodation,341,319,22,12,10
S01006585,All household spaces,518,465,53,45,8
S01006585,Whole house or bungalow: Total,18,17,1,1,0
S01006585,Whole house or bungalow: Detached,1,1,0,0,0
S01006585,Whole house or bungalow: Semi-detached,7,7,0,0,0
S01006585,Whole house or bungalow: Terraced (including end-terrace),10,9,1,1,0
S01006585,Flat maisonette or apartment or mobile/temporary accommodation,500,448,52,44,8
S01006586,All household spaces,690,650,40,13,27
S01006586,Whole house or bungalow: Total,43,40,3,1,2
S01006586,Whole house or bungalow: Detached,10,10,0,0,0
S01006586,Whole house or bungalow: Semi-detached,9,9,0,0,0
S01006586,Whole house or bungalow: Terraced (including end-terrace),24,21,3,1,2
S01006586,Flat maisonette or apartment or mobile/temporary accommodation,647,610,37,12,25
S01006587,All household spaces,346,318,28,12,16
S01006587,Whole house or bungalow: Total,21,16,5,2,3
S01006587,Whole house or bungalow: Detached,3,1,2,2,0
S01006587,Whole house or bungalow: Semi-detached,8,8,0,0,0
S01006587,Whole house or bungalow: Terraced (including end-terrace),10,7,3,0,3
S01006587,Flat maisonette or apartment or mobile/temporary accommodation,325,302,23,10,13
S01006588,All household spaces,351,338,13,4,9
S01006588,Whole house or bungalow: Total,9,9,0,0,0
S01006588,Whole house or bungalow: Detached,3,3,0,0,0
S01006588,Whole house or bungalow: Semi-detached,5,5,0,0,0
S01006588,Whole house or bungalow: Terraced (including end-terrace),1,1,0,0,0
S01006588,Flat maisonette or apartment or mobile/temporary accommodation,342,329,13,4,9
S01006589,All household spaces,384,367,17,6,11
S01006589,Whole house or bungalow: Total,11,11,0,0,0
S01006589,Whole house or bungalow: Detached,1,1,0,0,0
S01006589,Whole house or bungalow: Semi-detached,5,5,0,0,0
S01006589,Whole house or bungalow: Terraced (including end-terrace),5,5,0,0,0
S01006589,Flat maisonette or apartment or mobile/temporary accommodation,373,356,17,6,11
S01006590,All household spaces,409,379,30,1,29
S01006590,Whole house or bungalow: Total,34,30,4,0,4
S01006590,Whole house or bungalow: Detached,8,8,0,0,0
S01006590,Whole house or bungalow: Semi-detached,11,10,1,0,1
S01006590,Whole house or bungalow: Terraced (including end-terrace),15,12,3,0,3
S01006590,Flat maisonette or apartment or mobile/temporary accommodation,375,349,26,1,25
S01006591,All household spaces,376,367,9,3,6
S01006591,Whole house or bungalow: Total,40,38,2,0,2
S01006591,Whole house or bungalow: Detached,2,2,0,0,0
S01006591,Whole house or bungalow: Semi-detached,10,10,0,0,0
S01006591,Whole house or bungalow: Terraced (including end-terrace),28,26,2,0,2
S01006591,Flat maisonette or apartment or mobile/temporary accommodation,336,329,7,3,4
S01006592,All household spaces,421,374,47,38,9
S01006592,Whole house or bungalow: Total,81,76,5,5,0
S01006592,Whole house or bungalow: Detached,11,11,0,0,0
S01006592,Whole house or bungalow: Semi-detached,38,34,4,4,0
S01006592,Whole house or bungalow: Terraced (including end-terrace),32,31,1,1,0
S01006592,Flat maisonette or apartment or mobile/temporary accommodation,340,298,42,33,9
S01006593,All household spaces,437,411,26,22,4
S01006593,Whole house or bungalow: Total,58,57,1,1,0
S01006593,Whole house or bungalow: Detached,7,6,1,1,0
S01006593,Whole house or bungalow: Semi-detached,8,8,0,0,0
S01006593,Whole house or bungalow: Terraced (including end-terrace),43,43,0,0,0
S01006593,Flat maisonette or apartment or mobile/temporary accommodation,379,354,25,21,4
S01006594,All household spaces,371,345,26,13,13
S01006594,Whole house or bungalow: Total,64,60,4,4,0
S01006594,Whole house or bungalow: Detached,6,6,0,0,0
S01006594,Whole house or bungalow: Semi-detached,44,41,3,3,0
S01006594,Whole house or bungalow: Terraced (including end-terrace),14,13,1,1,0
S01006594,Flat maisonette or apartment or mobile/temporary accommodation,307,285,22,9,13
S01006595,All household spaces,585,555,30,15,15
S01006595,Whole house or bungalow: Total,61,58,3,1,2
S01006595,Whole house or bungalow: Detached,7,7,0,0,0
S01006595,Whole house or bungalow: Semi-detached,19,17,2,1,1
S01006595,Whole house or bungalow: Terraced (including end-terrace),35,34,1,0,1
S01006595,Flat maisonette or apartment or mobile/temporary accommodation,524,497,27,14,13
S01006596,All household spaces,363,359,4,1,3
S01006596,Whole house or bungalow: Total,99,97,2,1,1
S01006596,Whole house or bungalow: Detached,12,12,0,0,0
S01006596,Whole house or bungalow: Semi-detached,33,32,1,1,0
S01006596,Whole house or bungalow: Terraced (including end-terrace),54,53,1,0,1
S01006596,Flat maisonette or apartment or mobile/temporary accommodation,264,262,2,0,2
S01006597,All household spaces,356,352,4,2,2
S01006597,Whole house or bungalow: Total,15,15,0,0,0
S01006597,Whole house or bungalow: Detached,2,2,0,0,0
S01006597,Whole house or bungalow: Semi-detached,6,6,0,0,0
S01006597,Whole house or bungalow: Terraced (including end-terrace),7,7,0,0,0
S01006597,Flat maisonette or apartment or mobile/temporary accommodation,341,337,4,2,2
S01006598,All household spaces,453,435,18,11,7
S01006598,Whole house or bungalow: Total,280,276,4,1,3
S01006598,Whole house or bungalow: Detached,40,39,1,1,0
S01006598,Whole house or bungalow: Semi-detached,165,162,3,0,3
S01006598,Whole house or bungalow: Terraced (including end-terrace),75,75,0,0,0
S01006598,Flat maisonette or apartment or mobile/temporary accommodation,173,159,14,10,4
S01006599,All household spaces,509,499,10,4,6
S01006599,Whole house or bungalow: Total,62,61,1,0,1
S01006599,Whole house or bungalow: Detached,14,13,1,0,1
S01006599,Whole house or bungalow: Semi-detached,29,29,0,0,0
S01006599,Whole house or bungalow: Terraced (including end-terrace),19,19,0,0,0
S01006599,Flat maisonette or apartment or mobile/temporary accommodation,447,438,9,4,5
S01006600,All household spaces,619,587,32,17,15
S01006600,Whole house or bungalow: Total,222,217,5,4,1
S01006600,Whole house or bungalow: Detached,17,17,0,0,0
S01006600,Whole house or bungalow: Semi-detached,108,107,1,1,0
S01006600,Whole house or bungalow: Terraced (including end-terrace),97,93,4,3,1
S01006600,Flat maisonette or apartment or mobile/temporary accommodation,397,370,27,13,14
S01006601,All household spaces,587,572,15,2,13
S01006601,Whole house or bungalow: Total,215,214,1,1,0
S01006601,Whole house or bungalow: Detached,6,6,0,0,0
S01006601,Whole house or bungalow: Semi-detached,147,146,1,1,0
S01006601,Whole house or bungalow: Terraced (including end-terrace),62,62,0,0,0
S01006601,Flat maisonette or apartment or mobile/temporary accommodation,372,358,14,1,13
S01006602,All household spaces,437,414,23,14,9
S01006602,Whole house or bungalow: Total,201,193,8,8,0
S01006602,Whole house or bungalow: Detached,59,59,0,0,0
S01006602,Whole house or bungalow: Semi-detached,73,67,6,6,0
S01006602,Whole house or bungalow: Terraced (including end-terrace),69,67,2,2,0
S01006602,Flat maisonette or apartment or mobile/temporary accommodation,236,221,15,6,9
S01006603,All household spaces,409,385,24,18,6
S01006603,Whole house or bungalow: Total,208,200,8,5,3
S01006603,Whole house or bungalow: Detached,15,15,0,0,0
S01006603,Whole house or bungalow: Semi-detached,57,57,0,0,0
S01006603,Whole house or bungalow: Terraced (including end-terrace),136,128,8,5,3
S01006603,Flat maisonette or apartment or mobile/temporary accommodation,201,185,16,13,3
S01006604,All household spaces,304,291,13,11,2
S01006604,Whole house or bungalow: Total,256,249,7,5,2
S01006604,Whole house or bungalow: Detached,3,3,0,0,0
S01006604,Whole house or bungalow: Semi-detached,67,67,0,0,0
S01006604,Whole house or bungalow: Terraced (including end-terrace),186,179,7,5,2
S01006604,Flat maisonette or apartment or mobile/temporary accommodation,48,42,6,6,0
S01006605,All household spaces,432,409,23,20,3
S01006605,Whole house or bungalow: Total,135,128,7,6,1
S01006605,Whole house or bungalow: Detached,14,14,0,0,0
S01006605,Whole house or bungalow: Semi-detached,55,51,4,3,1
S01006605,Whole house or bungalow: Terraced (including end-terrace),66,63,3,3,0
S01006605,Flat maisonette or apartment or mobile/temporary accommodation,297,281,16,14,2
S01006606,All household spaces,400,390,10,5,5
S01006606,Whole house or bungalow: Total,244,243,1,0,1
S01006606,Whole house or bungalow: Detached,39,39,0,0,0
S01006606,Whole house or bungalow: Semi-detached,194,193,1,0,1
S01006606,Whole house or bungalow: Terraced (including end-terrace),11,11,0,0,0
S01006606,Flat maisonette or apartment or mobile/temporary accommodation,156,147,9,5,4
S01006607,All household spaces,390,385,5,4,1
S01006607,Whole house or bungalow: Total,214,213,1,0,1
S01006607,Whole house or bungalow: Detached,7,7,0,0,0
S01006607,Whole house or bungalow: Semi-detached,84,83,1,0,1
S01006607,Whole house or bungalow: Terraced (including end-terrace),123,123,0,0,0
S01006607,Flat maisonette or apartment or mobile/temporary accommodation,176,172,4,4,0
S01006608,All household spaces,286,284,2,0,2
S01006608,Whole house or bungalow: Total,276,274,2,0,2
S01006608,Whole house or bungalow: Detached,190,188,2,0,2
S01006608,Whole house or bungalow: Semi-detached,80,80,0,0,0
S01006608,Whole house or bungalow: Terraced (including end-terrace),6,6,0,0,0
S01006608,Flat maisonette or apartment or mobile/temporary accommodation,10,10,0,0,0
S01006609,All household spaces,497,490,7,0,7
S01006609,Whole house or bungalow: Total,383,377,6,0,6
S01006609,Whole house or bungalow: Detached,14,14,0,0,0
S01006609,Whole house or bungalow: Semi-detached,112,112,0,0,0
S01006609,Whole house or bungalow: Terraced (including end-terrace),257,251,6,0,6
S01006609,Flat maisonette or apartment or mobile/temporary accommodation,114,113,1,0,1
S01006610,All household spaces,238,212,26,18,8
S01006610,Whole house or bungalow: Total,144,135,9,3,6
S01006610,Whole house or bungalow: Detached,3,3,0,0,0
S01006610,Whole house or bungalow: Semi-detached,38,38,0,0,0
S01006610,Whole house or bungalow: Terraced (including end-terrace),103,94,9,3,6
S01006610,Flat maisonette or apartment or mobile/temporary accommodation,94,77,17,15,2
S01006611,All household spaces,432,425,7,0,7
S01006611,Whole house or bungalow: Total,294,288,6,0,6
S01006611,Whole house or bungalow: Detached,8,8,0,0,0
S01006611,Whole house or bungalow: Semi-detached,98,98,0,0,0
S01006611,Whole house or bungalow: Terraced (including end-terrace),188,182,6,0,6
S01006611,Flat maisonette or apartment or mobile/temporary accommodation,138,137,1,0,1
S01006612,All household spaces,385,373,12,11,1
S01006612,Whole house or bungalow: Total,336,328,8,7,1
S01006612,Whole house or bungalow: Detached,87,87,0,0,0
S01006612,Whole house or bungalow: Semi-detached,71,71,0,0,0
S01006612,Whole house or bungalow: Terraced (including end-terrace),178,170,8,7,1
S01006612,Flat maisonette or apartment or mobile/temporary accommodation,49,45,4,4,0
S01006613,All household spaces,264,259,5,4,1
S01006613,Whole house or bungalow: Total,197,196,1,1,0
S01006613,Whole house or bungalow: Detached,128,127,1,1,0
S01006613,Whole house or bungalow: Semi-detached,62,62,0,0,0
S01006613,Whole house or bungalow: Terraced (including end-terrace),7,7,0,0,0
S01006613,Flat maisonette or apartment or mobile/temporary accommodation,67,63,4,3,1
S01006614,All household spaces,267,265,2,0,2
S01006614,Whole house or bungalow: Total,258,256,2,0,2
S01006614,Whole house or bungalow: Detached,66,66,0,0,0
S01006614,Whole house or bungalow: Semi-detached,135,133,2,0,2
S01006614,Whole house or bungalow: Terraced (including end-terrace),57,57,0,0,0
S01006614,Flat maisonette or apartment or mobile/temporary accommodation,9,9,0,0,0
S01006615,All household spaces,274,270,4,0,4
S01006615,Whole house or bungalow: Total,266,262,4,0,4
S01006615,Whole house or bungalow: Detached,195,191,4,0,4
S01006615,Whole house or bungalow: Semi-detached,57,57,0,0,0
S01006615,Whole house or bungalow: Terraced (including end-terrace),14,14,0,0,0
S01006615,Flat maisonette or apartment or mobile/temporary accommodation,8,8,0,0,0
S01006616,All household spaces,340,337,3,1,2
S01006616,Whole house or bungalow: Total,254,253,1,0,1
S01006616,Whole house or bungalow: Detached,80,80,0,0,0
S01006616,Whole house or bungalow: Semi-detached,130,130,0,0,0
S01006616,Whole house or bungalow: Terraced (including end-terrace),44,43,1,0,1
S01006616,Flat maisonette or apartment or mobile/temporary accommodation,86,84,2,1,1
S01006617,All household spaces,303,297,6,2,4
S01006617,Whole house or bungalow: Total,280,278,2,0,2
S01006617,Whole house or bungalow: Detached,114,112,2,0,2
S01006617,Whole house or bungalow: Semi-detached,78,78,0,0,0
S01006617,Whole house or bungalow: Terraced (including end-terrace),88,88,0,0,0
S01006617,Flat maisonette or apartment or mobile/temporary accommodation,23,19,4,2,2
S01006618,All household spaces,251,246,5,3,2
S01006618,Whole house or bungalow: Total,215,210,5,3,2
S01006618,Whole house or bungalow: Detached,79,77,2,0,2
S01006618,Whole house or bungalow: Semi-detached,122,119,3,3,0
S01006618,Whole house or bungalow: Terraced (including end-terrace),14,14,0,0,0
S01006618,Flat maisonette or apartment or mobile/temporary accommodation,36,36,0,0,0
S01006619,All household spaces,382,372,10,7,3
S01006619,Whole house or bungalow: Total,343,333,10,7,3
S01006619,Whole house or bungalow: Detached,75,75,0,0,0
S01006619,Whole house or bungalow: Semi-detached,72,71,1,0,1
S01006619,Whole house or bungalow: Terraced (including end-terrace),196,187,9,7,2
S01006619,Flat maisonette or apartment or mobile/temporary accommodation,39,39,0,0,0
S01006620,All household spaces,397,390,7,2,5
S01006620,Whole house or bungalow: Total,359,352,7,2,5
S01006620,Whole house or bungalow: Detached,37,36,1,0,1
S01006620,Whole house or bungalow: Semi-detached,127,127,0,0,0
S01006620,Whole house or bungalow: Terraced (including end-terrace),195,189,6,2,4
S01006620,Flat maisonette or apartment or mobile/temporary accommodation,38,38,0,0,0
S01006621,All household spaces,246,235,11,4,7
S01006621,Whole house or bungalow: Total,217,206,11,4,7
S01006621,Whole house or bungalow: Detached,9,9,0,0,0
S01006621,Whole house or bungalow: Semi-detached,57,57,0,0,0
S01006621,Whole house or bungalow: Terraced (including end-terrace),151,140,11,4,7
S01006621,Flat maisonette or apartment or mobile/temporary accommodation,29,29,0,0,0
S01006622,All household spaces,302,292,10,4,6
S01006622,Whole house or bungalow: Total,238,231,7,4,3
S01006622,Whole house or bungalow: Detached,31,30,1,1,0
S01006622,Whole house or bungalow: Semi-detached,113,112,1,1,0
S01006622,Whole house or bungalow: Terraced (including end-terrace),94,89,5,2,3
S01006622,Flat maisonette or apartment or mobile/temporary accommodation,64,61,3,0,3
S01006623,All household spaces,409,359,50,31,19
S01006623,Whole house or bungalow: Total,130,115,15,11,4
S01006623,Whole house or bungalow: Detached,31,27,4,0,4
S01006623,Whole house or bungalow: Semi-detached,77,69,8,8,0
S01006623,Whole house or bungalow: Terraced (including end-terrace),22,19,3,3,0
S01006623,Flat maisonette or apartment or mobile/temporary accommodation,279,244,35,20,15
S01006624,All household spaces,519,481,38,30,8
S01006624,Whole house or bungalow: Total,97,94,3,3,0
S01006624,Whole house or bungalow: Detached,6,6,0,0,0
S01006624,Whole house or bungalow: Semi-detached,57,55,2,2,0
S01006624,Whole house or bungalow: Terraced (including end-terrace),34,33,1,1,0
S01006624,Flat maisonette or apartment or mobile/temporary accommodation,422,387,35,27,8
S01006625,All household spaces,295,288,7,4,3
S01006625,Whole house or bungalow: Total,124,122,2,1,1
S01006625,Whole house or bungalow: Detached,4,4,0,0,0
S01006625,Whole house or bungalow: Semi-detached,91,90,1,0,1
S01006625,Whole house or bungalow: Terraced (including end-terrace),29,28,1,1,0
S01006625,Flat maisonette or apartment or mobile/temporary accommodation,171,166,5,3,2
S01006626,All household spaces,407,377,30,24,6
S01006626,Whole house or bungalow: Total,46,46,0,0,0
S01006626,Whole house or bungalow: Detached,5,5,0,0,0
S01006626,Whole house or bungalow: Semi-detached,38,38,0,0,0
S01006626,Whole house or bungalow: Terraced (including end-terrace),3,3,0,0,0
S01006626,Flat maisonette or apartment or mobile/temporary accommodation,361,331,30,24,6
S01006627,All household spaces,540,511,29,13,16
S01006627,Whole house or bungalow: Total,33,33,0,0,0
S01006627,Whole house or bungalow: Detached,8,8,0,0,0
S01006627,Whole house or bungalow: Semi-detached,14,14,0,0,0
S01006627,Whole house or bungalow: Terraced (including end-terrace),11,11,0,0,0
S01006627,Flat maisonette or apartment or mobile/temporary accommodation,507,478,29,13,16
S01006628,All household spaces,684,635,49,36,13
S01006628,Whole house or bungalow: Total,31,31,0,0,0
S01006628,Whole house or bungalow: Detached,3,3,0,0,0
S01006628,Whole house or bungalow: Semi-detached,6,6,0,0,0
S01006628,Whole house or bungalow: Terraced (including end-terrace),22,22,0,0,0
S01006628,Flat maisonette or apartment or mobile/temporary accommodation,653,604,49,36,13
S01006629,All household spaces,348,315,33,26,7
S01006629,Whole house or bungalow: Total,98,96,2,0,2
S01006629,Whole house or bungalow: Detached,11,11,0,0,0
S01006629,Whole house or bungalow: Semi-detached,67,65,2,0,2
S01006629,Whole house or bungalow: Terraced (including end-terrace),20,20,0,0,0
S01006629,Flat maisonette or apartment or mobile/temporary accommodation,250,219,31,26,5
S01006630,All household spaces,273,256,17,14,3
S01006630,Whole house or bungalow: Total,135,126,9,8,1
S01006630,Whole house or bungalow: Detached,4,4,0,0,0
S01006630,Whole house or bungalow: Semi-detached,81,72,9,8,1
S01006630,Whole house or bungalow: Terraced (including end-terrace),50,50,0,0,0
S01006630,Flat maisonette or apartment or mobile/temporary accommodation,138,130,8,6,2
S01006631,All household spaces,533,493,40,27,13
S01006631,Whole house or bungalow: Total,136,125,11,7,4
S01006631,Whole house or bungalow: Detached,19,19,0,0,0
S01006631,Whole house or bungalow: Semi-detached,52,49,3,2,1
S01006631,Whole house or bungalow: Terraced (including end-terrace),65,57,8,5,3
S01006631,Flat maisonette or apartment or mobile/temporary accommodation,397,368,29,20,9
S01006632,All household spaces,450,423,27,9,18
S01006632,Whole house or bungalow: Total,24,23,1,1,0
S01006632,Whole house or bungalow: Detached,4,3,1,1,0
S01006632,Whole house or bungalow: Semi-detached,11,11,0,0,0
S01006632,Whole house or bungalow: Terraced (including end-terrace),9,9,0,0,0
S01006632,Flat maisonette or apartment or mobile/temporary accommodation,426,400,26,8,18
S01006633,All household spaces,305,288,17,16,1
S01006633,Whole house or bungalow: Total,169,159,10,10,0
S01006633,Whole house or bungalow: Detached,12,12,0,0,0
S01006633,Whole house or bungalow: Semi-detached,62,60,2,2,0
S01006633,Whole house or bungalow: Terraced (including end-terrace),95,87,8,8,0
S01006633,Flat maisonette or apartment or mobile/temporary accommodation,136,129,7,6,1
S01006634,All household spaces,316,291,25,21,4
S01006634,Whole house or bungalow: Total,121,102,19,15,4
S01006634,Whole house or bungalow: Detached,9,9,0,0,0
S01006634,Whole house or bungalow: Semi-detached,36,34,2,0,2
S01006634,Whole house or bungalow: Terraced (including end-terrace),76,59,17,15,2
S01006634,Flat maisonette or apartment or mobile/temporary accommodation,195,189,6,6,0
S01006635,All household spaces,300,289,11,5,6
S01006635,Whole house or bungalow: Total,105,102,3,1,2
S01006635,Whole house or bungalow: Detached,4,4,0,0,0
S01006635,Whole house or bungalow: Semi-detached,40,38,2,0,2
S01006635,Whole house or bungalow: Terraced (including end-terrace),61,60,1,1,0
S01006635,Flat maisonette or apartment or mobile/temporary accommodation,195,187,8,4,4
S01006636,All household spaces,420,386,34,29,5
S01006636,Whole house or bungalow: Total,47,42,5,3,2
S01006636,Whole house or bungalow: Detached,1,1,0,0,0
S01006636,Whole house or bungalow: Semi-detached,19,19,0,0,0
S01006636,Whole house or bungalow: Terraced (including end-terrace),27,22,5,3,2
S01006636,Flat maisonette or apartment or mobile/temporary accommodation,373,344,29,26,3
S01006637,All household spaces,443,413,30,15,15
S01006637,Whole house or bungalow: Total,102,93,9,6,3
S01006637,Whole house or bungalow: Detached,14,14,0,0,0
S01006637,Whole house or bungalow: Semi-detached,8,7,1,1,0
S01006637,Whole house or bungalow: Terraced (including end-terrace),80,72,8,5,3
S01006637,Flat maisonette or apartment or mobile/temporary accommodation,341,320,21,9,12
S01006638,All household spaces,526,504,22,0,22
S01006638,Whole house or bungalow: Total,25,25,0,0,0
S01006638,Whole house or bungalow: Detached,1,1,0,0,0
S01006638,Whole house or bungalow: Semi-detached,13,13,0,0,0
S01006638,Whole house or bungalow: Terraced (including end-terrace),11,11,0,0,0
S01006638,Flat maisonette or apartment or mobile/temporary accommodation,501,479,22,0,22
S01006639,All household spaces,634,592,42,21,21
S01006639,Whole house or bungalow: Total,29,28,1,0,1
S01006639,Whole house or bungalow: Detached,5,5,0,0,0
S01006639,Whole house or bungalow: Semi-detached,10,10,0,0,0
S01006639,Whole house or bungalow: Terraced (including end-terrace),14,13,1,0,1
S01006639,Flat maisonette or apartment or mobile/temporary accommodation,605,564,41,21,20
S01006640,All household spaces,427,376,51,37,14
S01006640,Whole house or bungalow: Total,8,8,0,0,0
S01006640,Whole house or bungalow: Detached,2,2,0,0,0
S01006640,Whole house or bungalow: Semi-detached,3,3,0,0,0
S01006640,Whole house or bungalow: Terraced (including end-terrace),3,3,0,0,0
S01006640,Flat maisonette or apartment or mobile/temporary accommodation,419,368,51,37,14
S01006641,All household spaces,661,602,59,46,13
S01006641,Whole house or bungalow: Total,37,37,0,0,0
S01006641,Whole house or bungalow: Detached,7,7,0,0,0
S01006641,Whole house or bungalow: Semi-detached,3,3,0,0,0
S01006641,Whole house or bungalow: Terraced (including end-terrace),27,27,0,0,0
S01006641,Flat maisonette or apartment or mobile/temporary accommodation,624,565,59,46,13
S01006642,All household spaces,543,492,51,20,31
S01006642,Whole house or bungalow: Total,24,22,2,0,2
S01006642,Whole house or bungalow: Detached,9,9,0,0,0
S01006642,Whole house or bungalow: Semi-detached,10,8,2,0,2
S01006642,Whole house or bungalow: Terraced (including end-terrace),5,5,0,0,0
S01006642,Flat maisonette or apartment or mobile/temporary accommodation,519,470,49,20,29
S01006643,All household spaces,448,419,29,16,13
S01006643,Whole house or bungalow: Total,23,17,6,6,0
S01006643,Whole house or bungalow: Detached,5,5,0,0,0
S01006643,Whole house or bungalow: Semi-detached,2,2,0,0,0
S01006643,Whole house or bungalow: Terraced (including end-terrace),16,10,6,6,0
S01006643,Flat maisonette or apartment or mobile/temporary accommodation,425,402,23,10,13
S01006644,All household spaces,601,553,48,4,44
S01006644,Whole house or bungalow: Total,19,16,3,0,3
S01006644,Whole house or bungalow: Detached,3,3,0,0,0
S01006644,Whole house or bungalow: Semi-detached,8,8,0,0,0
S01006644,Whole house or bungalow: Terraced (including end-terrace),8,5,3,0,3
S01006644,Flat maisonette or apartment or mobile/temporary accommodation,582,537,45,4,41
S01006645,All household spaces,414,393,21,17,4
S01006645,Whole house or bungalow: Total,9,9,0,0,0
S01006645,Whole house or bungalow: Detached,3,3,0,0,0
S01006645,Whole house or bungalow: Semi-detached,1,1,0,0,0
S01006645,Whole house or bungalow: Terraced (including end-terrace),5,5,0,0,0
S01006645,Flat maisonette or apartment or mobile/temporary accommodation,405,384,21,17,4
S01006646,All household spaces,367,340,27,12,15
S01006646,Whole house or bungalow: Total,10,10,0,0,0
S01006646,Whole house or bungalow: Detached,3,3,0,0,0
S01006646,Whole house or bungalow: Semi-detached,1,1,0,0,0
S01006646,Whole house or bungalow: Terraced (including end-terrace),6,6,0,0,0
S01006646,Flat maisonette or apartment or mobile/temporary accommodation,357,330,27,12,15
S01006647,All household spaces,365,341,24,17,7
S01006647,Whole house or bungalow: Total,18,18,0,0,0
S01006647,Whole house or bungalow: Detached,2,2,0,0,0
S01006647,Whole house or bungalow: Semi-detached,5,5,0,0,0
S01006647,Whole house or bungalow: Terraced (including end-terrace),11,11,0,0,0
S01006647,Flat maisonette or apartment or mobile/temporary accommodation,347,323,24,17,7
S01006648,All household spaces,702,651,51,27,24
S01006648,Whole house or bungalow: Total,14,13,1,1,0
S01006648,Whole house or bungalow: Detached,3,3,0,0,0
S01006648,Whole house or bungalow: Semi-detached,7,7,0,0,0
S01006648,Whole house or bungalow: Terraced (including end-terrace),4,3,1,1,0
S01006648,Flat maisonette or apartment or mobile/temporary accommodation,688,638,50,26,24
S01006649,All household spaces,602,583,19,9,10
S01006649,Whole house or bungalow: Total,14,13,1,0,1
S01006649,Whole house or bungalow: Detached,3,3,0,0,0
S01006649,Whole house or bungalow: Semi-detached,3,3,0,0,0
S01006649,Whole house or bungalow: Terraced (including end-terrace),8,7,1,0,1
S01006649,Flat maisonette or apartment or mobile/temporary accommodation,588,570,18,9,9
S01006650,All household spaces,491,481,10,7,3
S01006650,Whole house or bungalow: Total,41,41,0,0,0
S01006650,Whole house or bungalow: Detached,4,4,0,0,0
S01006650,Whole house or bungalow: Semi-detached,22,22,0,0,0
S01006650,Whole house or bungalow: Terraced (including end-terrace),15,15,0,0,0
S01006650,Flat maisonette or apartment or mobile/temporary accommodation,450,440,10,7,3
S01006651,All household spaces,406,382,24,18,6
S01006651,Whole house or bungalow: Total,41,23,18,17,1
S01006651,Whole house or bungalow: Detached,8,8,0,0,0
S01006651,Whole house or bungalow: Semi-detached,8,8,0,0,0
S01006651,Whole house or bungalow: Terraced (including end-terrace),25,7,18,17,1
S01006651,Flat maisonette or apartment or mobile/temporary accommodation,365,359,6,1,5
S01006652,All household spaces,319,308,11,4,7
S01006652,Whole house or bungalow: Total,20,16,4,3,1
S01006652,Whole house or bungalow: Detached,5,5,0,0,0
S01006652,Whole house or bungalow: Semi-detached,7,7,0,0,0
S01006652,Whole house or bungalow: Terraced (including end-terrace),8,4,4,3,1
S01006652,Flat maisonette or apartment or mobile/temporary accommodation,299,292,7,1,6
S01006653,All household spaces,304,296,8,3,5
S01006653,Whole house or bungalow: Total,77,76,1,0,1
S01006653,Whole house or bungalow: Detached,10,10,0,0,0
S01006653,Whole house or bungalow: Semi-detached,52,51,1,0,1
S01006653,Whole house or bungalow: Terraced (including end-terrace),15,15,0,0,0
S01006653,Flat maisonette or apartment or mobile/temporary accommodation,227,220,7,3,4
S01006654,All household spaces,531,504,27,16,11
S01006654,Whole house or bungalow: Total,49,48,1,0,1
S01006654,Whole house or bungalow: Detached,7,7,0,0,0
S01006654,Whole house or bungalow: Semi-detached,15,15,0,0,0
S01006654,Whole house or bungalow: Terraced (including end-terrace),27,26,1,0,1
S01006654,Flat maisonette or apartment or mobile/temporary accommodation,482,456,26,16,10
S01006655,All household spaces,348,334,14,9,5
S01006655,Whole house or bungalow: Total,82,81,1,0,1
S01006655,Whole house or bungalow: Detached,1,1,0,0,0
S01006655,Whole house or bungalow: Semi-detached,18,18,0,0,0
S01006655,Whole house or bungalow: Terraced (including end-terrace),63,62,1,0,1
S01006655,Flat maisonette or apartment or mobile/temporary accommodation,266,253,13,9,4
S01006656,All household spaces,543,524,19,10,9
S01006656,Whole house or bungalow: Total,56,49,7,5,2
S01006656,Whole house or bungalow: Detached,12,12,0,0,0
S01006656,Whole house or bungalow: Semi-detached,23,20,3,1,2
S01006656,Whole house or bungalow: Terraced (including end-terrace),21,17,4,4,0
S01006656,Flat maisonette or apartment or mobile/temporary accommodation,487,475,12,5,7
S01006657,All household spaces,306,286,20,17,3
S01006657,Whole house or bungalow: Total,22,19,3,1,2
S01006657,Whole house or bungalow: Detached,3,3,0,0,0
S01006657,Whole house or bungalow: Semi-detached,6,6,0,0,0
S01006657,Whole house or bungalow: Terraced (including end-terrace),13,10,3,1,2
S01006657,Flat maisonette or apartment or mobile/temporary accommodation,284,267,17,16,1
S01006658,All household spaces,568,525,43,34,9
S01006658,Whole house or bungalow: Total,29,28,1,1,0
S01006658,Whole house or bungalow: Detached,5,5,0,0,0
S01006658,Whole house or bungalow: Semi-detached,12,11,1,1,0
S01006658,Whole house or bungalow: Terraced (including end-terrace),12,12,0,0,0
S01006658,Flat maisonette or apartment or mobile/temporary accommodation,539,497,42,33,9
S01006659,All household spaces,308,287,21,13,8
S01006659,Whole house or bungalow: Total,97,88,9,5,4
S01006659,Whole house or bungalow: Detached,11,11,0,0,0
S01006659,Whole house or bungalow: Semi-detached,60,54,6,5,1
S01006659,Whole house or bungalow: Terraced (including end-terrace),26,23,3,0,3
S01006659,Flat maisonette or apartment or mobile/temporary accommodation,211,199,12,8,4
S01006660,All household spaces,254,247,7,1,6
S01006660,Whole house or bungalow: Total,8,8,0,0,0
S01006660,Whole house or bungalow: Detached,4,4,0,0,0
S01006660,Whole house or bungalow: Semi-detached,3,3,0,0,0
S01006660,Whole house or bungalow: Terraced (including end-terrace),1,1,0,0,0
S01006660,Flat maisonette or apartment or mobile/temporary accommodation,246,239,7,1,6
S01006661,All household spaces,306,301,5,0,5
S01006661,Whole house or bungalow: Total,124,119,5,0,5
S01006661,Whole house or bungalow: Detached,8,7,1,0,1
S01006661,Whole house or bungalow: Semi-detached,59,57,2,0,2
S01006661,Whole house or bungalow: Terraced (including end-terrace),57,55,2,0,2
S01006661,Flat maisonette or apartment or mobile/temporary accommodation,182,182,0,0,0
S01006662,All household spaces,304,285,19,14,5
S01006662,Whole house or bungalow: Total,41,38,3,2,1
S01006662,Whole house or bungalow: Detached,2,2,0,0,0
S01006662,Whole house or bungalow: Semi-detached,11,11,0,0,0
S01006662,Whole house or bungalow: Terraced (including end-terrace),28,25,3,2,1
S01006662,Flat maisonette or apartment or mobile/temporary accommodation,263,247,16,12,4
S01006663,All household spaces,248,245,3,1,2
S01006663,Whole house or bungalow: Total,90,88,2,0,2
S01006663,Whole house or bungalow: Detached,11,11,0,0,0
S01006663,Whole house or bungalow: Semi-detached,15,15,0,0,0
S01006663,Whole house or bungalow: Terraced (including end-terrace),64,62,2,0,2
S01006663,Flat maisonette or apartment or mobile/temporary accommodation,158,157,1,1,0
S01006664,All household spaces,242,237,5,1,4
S01006664,Whole house or bungalow: Total,57,54,3,1,2
S01006664,Whole house or bungalow: Detached,13,13,0,0,0
S01006664,Whole house or bungalow: Semi-detached,29,27,2,1,1
S01006664,Whole house or bungalow: Terraced (including end-terrace),15,14,1,0,1
S01006664,Flat maisonette or apartment or mobile/temporary accommodation,185,183,2,0,2
S01006665,All household spaces,324,316,8,1,7
S01006665,Whole house or bungalow: Total,61,60,1,0,1
S01006665,Whole house or bungalow: Detached,8,8,0,0,0
S01006665,Whole house or bungalow: Semi-detached,35,35,0,0,0
S01006665,Whole house or bungalow: Terraced (including end-terrace),18,17,1,0,1
S01006665,Flat maisonette or apartment or mobile/temporary accommodation,263,256,7,1,6
S01006666,All household spaces,550,499,51,38,13
S01006666,Whole house or bungalow: Total,24,21,3,3,0
S01006666,Whole house or bungalow: Detached,5,5,0,0,0
S01006666,Whole house or bungalow: Semi-detached,9,9,0,0,0
S01006666,Whole house or bungalow: Terraced (including end-terrace),10,7,3,3,0
S01006666,Flat maisonette or apartment or mobile/temporary accommodation,526,478,48,35,13
S01006667,All household spaces,463,447,16,9,7
S01006667,Whole house or bungalow: Total,15,12,3,1,2
S01006667,Whole house or bungalow: Detached,4,3,1,0,1
S01006667,Whole house or bungalow: Semi-detached,9,8,1,1,0
S01006667,Whole house or bungalow: Terraced (including end-terrace),2,1,1,0,1
S01006667,Flat maisonette or apartment or mobile/temporary accommodation,448,435,13,8,5
S01006668,All household spaces,424,413,11,3,8
S01006668,Whole house or bungalow: Total,4,4,0,0,0
S01006668,Whole house or bungalow: Detached,0,0,0,0,0
S01006668,Whole house or bungalow: Semi-detached,1,1,0,0,0
S01006668,Whole house or bungalow: Terraced (including end-terrace),3,3,0,0,0
S01006668,Flat maisonette or apartment or mobile/temporary accommodation,420,409,11,3,8
S01006669,All household spaces,454,444,10,8,2
S01006669,Whole house or bungalow: Total,75,74,1,1,0
S01006669,Whole house or bungalow: Detached,20,20,0,0,0
S01006669,Whole house or bungalow: Semi-detached,25,25,0,0,0
S01006669,Whole house or bungalow: Terraced (including end-terrace),30,29,1,1,0
S01006669,Flat maisonette or apartment or mobile/temporary accommodation,379,370,9,7,2
S01006670,All household spaces,363,347,16,1,15
S01006670,Whole house or bungalow: Total,6,6,0,0,0
S01006670,Whole house or bungalow: Detached,0,0,0,0,0
S01006670,Whole house or bungalow: Semi-detached,4,4,0,0,0
S01006670,Whole house or bungalow: Terraced (including end-terrace),2,2,0,0,0
S01006670,Flat maisonette or apartment or mobile/temporary accommodation,357,341,16,1,15
S01006671,All household spaces,243,233,10,7,3
S01006671,Whole house or bungalow: Total,56,54,2,1,1
S01006671,Whole house or bungalow: Detached,21,21,0,0,0
S01006671,Whole house or bungalow: Semi-detached,13,13,0,0,0
S01006671,Whole house or bungalow: Terraced (including end-terrace),22,20,2,1,1
S01006671,Flat maisonette or apartment or mobile/temporary accommodation,187,179,8,6,2
S01006672,All household spaces,390,366,24,15,9
S01006672,Whole house or bungalow: Total,78,75,3,0,3
S01006672,Whole house or bungalow: Detached,19,18,1,0,1
S01006672,Whole house or bungalow: Semi-detached,29,28,1,0,1
S01006672,Whole house or bungalow: Terraced (including end-terrace),30,29,1,0,1
S01006672,Flat maisonette or apartment or mobile/temporary accommodation,312,291,21,15,6
S01006673,All household spaces,371,367,4,2,2
S01006673,Whole house or bungalow: Total,66,66,0,0,0
S01006673,Whole house or bungalow: Detached,28,28,0,0,0
S01006673,Whole house or bungalow: Semi-detached,19,19,0,0,0
S01006673,Whole house or bungalow: Terraced (including end-terrace),19,19,0,0,0
S01006673,Flat maisonette or apartment or mobile/temporary accommodation,305,301,4,2,2
S01006674,All household spaces,586,544,42,33,9
S01006674,Whole house or bungalow: Total,18,18,0,0,0
S01006674,Whole house or bungalow: Detached,8,8,0,0,0
S01006674,Whole house or bungalow: Semi-detached,5,5,0,0,0
S01006674,Whole house or bungalow: Terraced (including end-terrace),5,5,0,0,0
S01006674,Flat maisonette or apartment or mobile/temporary accommodation,568,526,42,33,9
S01006675,All household spaces,351,315,36,29,7
S01006675,Whole house or bungalow: Total,22,22,0,0,0
S01006675,Whole house or bungalow: Detached,1,1,0,0,0
S01006675,Whole house or bungalow: Semi-detached,8,8,0,0,0
S01006675,Whole house or bungalow: Terraced (including end-terrace),13,13,0,0,0
S01006675,Flat maisonette or apartment or mobile/temporary accommodation,329,293,36,29,7
S01006676,All household spaces,396,358,38,31,7
S01006676,Whole house or bungalow: Total,114,114,0,0,0
S01006676,Whole house or bungalow: Detached,5,5,0,0,0
S01006676,Whole house or bungalow: Semi-detached,52,52,0,0,0
S01006676,Whole house or bungalow: Terraced (including end-terrace),57,57,0,0,0
S01006676,Flat maisonette or apartment or mobile/temporary accommodation,282,244,38,31,7
S01006677,All household spaces,440,398,42,36,6
S01006677,Whole house or bungalow: Total,97,96,1,1,0
S01006677,Whole house or bungalow: Detached,3,3,0,0,0
S01006677,Whole house or bungalow: Semi-detached,25,25,0,0,0
S01006677,Whole house or bungalow: Terraced (including end-terrace),69,68,1,1,0
S01006677,Flat maisonette or apartment or mobile/temporary accommodation,343,302,41,35,6
S01006678,All household spaces,573,525,48,38,10
S01006678,Whole house or bungalow: Total,166,163,3,0,3
S01006678,Whole house or bungalow: Detached,15,15,0,0,0
S01006678,Whole house or bungalow: Semi-detached,59,58,1,0,1
S01006678,Whole house or bungalow: Terraced (including end-terrace),92,90,2,0,2
S01006678,Flat maisonette or apartment or mobile/temporary accommodation,407,362,45,38,7
S01006679,All household spaces,320,315,5,0,5
S01006679,Whole house or bungalow: Total,242,237,5,0,5
S01006679,Whole house or bungalow: Detached,31,30,1,0,1
S01006679,Whole house or bungalow: Semi-detached,135,131,4,0,4
S01006679,Whole house or bungalow: Terraced (including end-terrace),76,76,0,0,0
S01006679,Flat maisonette or apartment or mobile/temporary accommodation,78,78,0,0,0
S01006680,All household spaces,451,416,35,20,15
S01006680,Whole house or bungalow: Total,60,59,1,0,1
S01006680,Whole house or bungalow: Detached,9,9,0,0,0
S01006680,Whole house or bungalow: Semi-detached,12,12,0,0,0
S01006680,Whole house or bungalow: Terraced (including end-terrace),39,38,1,0,1
S01006680,Flat maisonette or apartment or mobile/temporary accommodation,391,357,34,20,14
S01006681,All household spaces,482,464,18,9,9
S01006681,Whole house or bungalow: Total,87,83,4,1,3
S01006681,Whole house or bungalow: Detached,8,8,0,0,0
S01006681,Whole house or bungalow: Semi-detached,35,33,2,0,2
S01006681,Whole house or bungalow: Terraced (including end-terrace),44,42,2,1,1
S01006681,Flat maisonette or apartment or mobile/temporary accommodation,395,381,14,8,6
S01006682,All household spaces,431,384,47,37,10
S01006682,Whole house or bungalow: Total,39,39,0,0,0
S01006682,Whole house or bungalow: Detached,9,9,0,0,0
S01006682,Whole house or bungalow: Semi-detached,16,16,0,0,0
S01006682,Whole house or bungalow: Terraced (including end-terrace),14,14,0,0,0
S01006682,Flat maisonette or apartment or mobile/temporary accommodation,392,345,47,37,10
S01006683,All household spaces,424,370,54,42,12
S01006683,Whole house or bungalow: Total,65,63,2,1,1
S01006683,Whole house or bungalow: Detached,2,2,0,0,0
S01006683,Whole house or bungalow: Semi-detached,55,53,2,1,1
S01006683,Whole house or bungalow: Terraced (including end-terrace),8,8,0,0,0
S01006683,Flat maisonette or apartment or mobile/temporary accommodation,359,307,52,41,11
S01006684,All household spaces,462,401,61,48,13
S01006684,Whole house or bungalow: Total,69,62,7,2,5
S01006684,Whole house or bungalow: Detached,17,17,0,0,0
S01006684,Whole house or bungalow: Semi-detached,31,26,5,1,4
S01006684,Whole house or bungalow: Terraced (including end-terrace),21,19,2,1,1
S01006684,Flat maisonette or apartment or mobile/temporary accommodation,393,339,54,46,8
S01006685,All household spaces,448,427,21,11,10
S01006685,Whole house or bungalow: Total,27,27,0,0,0
S01006685,Whole house or bungalow: Detached,6,6,0,0,0
S01006685,Whole house or bungalow: Semi-detached,14,14,0,0,0
S01006685,Whole house or bungalow: Terraced (including end-terrace),7,7,0,0,0
S01006685,Flat maisonette or apartment or mobile/temporary accommodation,421,400,21,11,10
S01006686,All household spaces,332,305,27,15,12
S01006686,Whole house or bungalow: Total,20,20,0,0,0
S01006686,Whole house or bungalow: Detached,4,4,0,0,0
S01006686,Whole house or bungalow: Semi-detached,5,5,0,0,0
S01006686,Whole house or bungalow: Terraced (including end-terrace),11,11,0,0,0
S01006686,Flat maisonette or apartment or mobile/temporary accommodation,312,285,27,15,12
S01006687,All household spaces,437,419,18,9,9
S01006687,Whole house or bungalow: Total,20,20,0,0,0
S01006687,Whole house or bungalow: Detached,3,3,0,0,0
S01006687,Whole house or bungalow: Semi-detached,12,12,0,0,0
S01006687,Whole house or bungalow: Terraced (including end-terrace),5,5,0,0,0
S01006687,Flat maisonette or apartment or mobile/temporary accommodation,417,399,18,9,9
S01006688,All household spaces,517,510,7,2,5
S01006688,Whole house or bungalow: Total,235,233,2,1,1
S01006688,Whole house or bungalow: Detached,20,20,0,0,0
S01006688,Whole house or bungalow: Semi-detached,158,156,2,1,1
S01006688,Whole house or bungalow: Terraced (including end-terrace),57,57,0,0,0
S01006688,Flat maisonette or apartment or mobile/temporary accommodation,282,277,5,1,4
S01006689,All household spaces,346,288,58,32,26
S01006689,Whole house or bungalow: Total,145,137,8,2,6
S01006689,Whole house or bungalow: Detached,35,33,2,1,1
S01006689,Whole house or bungalow: Semi-detached,48,46,2,1,1
S01006689,Whole house or bungalow: Terraced (including end-terrace),62,58,4,0,4
S01006689,Flat maisonette or apartment or mobile/temporary accommodation,201,151,50,30,20
S01006690,All household spaces,320,308,12,1,11
S01006690,Whole house or bungalow: Total,58,56,2,0,2
S01006690,Whole house or bungalow: Detached,3,3,0,0,0
S01006690,Whole house or bungalow: Semi-detached,23,22,1,0,1
S01006690,Whole house or bungalow: Terraced (including end-terrace),32,31,1,0,1
S01006690,Flat maisonette or apartment or mobile/temporary accommodation,262,252,10,1,9
S01006691,All household spaces,280,271,9,5,4
S01006691,Whole house or bungalow: Total,78,76,2,1,1
S01006691,Whole house or bungalow: Detached,27,27,0,0,0
S01006691,Whole house or bungalow: Semi-detached,40,39,1,0,1
S01006691,Whole house or bungalow: Terraced (including end-terrace),11,10,1,1,0
S01006691,Flat maisonette or apartment or mobile/temporary accommodation,202,195,7,4,3
S01006692,All household spaces,374,361,13,0,13
S01006692,Whole house or bungalow: Total,191,183,8,0,8
S01006692,Whole house or bungalow: Detached,17,16,1,0,1
S01006692,Whole house or bungalow: Semi-detached,116,112,4,0,4
S01006692,Whole house or bungalow: Terraced (including end-terrace),58,55,3,0,3
S01006692,Flat maisonette or apartment or mobile/temporary accommodation,183,178,5,0,5
S01006693,All household spaces,505,497,8,0,8
S01006693,Whole house or bungalow: Total,82,81,1,0,1
S01006693,Whole house or bungalow: Detached,30,30,0,0,0
S01006693,Whole house or bungalow: Semi-detached,31,31,0,0,0
S01006693,Whole house or bungalow: Terraced (including end-terrace),21,20,1,0,1
S01006693,Flat maisonette or apartment or mobile/temporary accommodation,423,416,7,0,7
S01006694,All household spaces,495,480,15,3,12
S01006694,Whole house or bungalow: Total,99,97,2,0,2
S01006694,Whole house or bungalow: Detached,1,1,0,0,0
S01006694,Whole house or bungalow: Semi-detached,16,16,0,0,0
S01006694,Whole house or bungalow: Terraced (including end-terrace),82,80,2,0,2
S01006694,Flat maisonette or apartment or mobile/temporary accommodation,396,383,13,3,10
S01006695,All household spaces,353,346,7,6,1
S01006695,Whole house or bungalow: Total,253,252,1,0,1
S01006695,Whole house or bungalow: Detached,6,6,0,0,0
S01006695,Whole house or bungalow: Semi-detached,85,85,0,0,0
S01006695,Whole house or bungalow: Terraced (including end-terrace),162,161,1,0,1
S01006695,Flat maisonette or apartment or mobile/temporary accommodation,100,94,6,6,0
S01006696,All household spaces,401,390,11,7,4
S01006696,Whole house or bungalow: Total,158,156,2,2,0
S01006696,Whole house or bungalow: Detached,2,2,0,0,0
S01006696,Whole house or bungalow: Semi-detached,25,24,1,1,0
S01006696,Whole house or bungalow: Terraced (including end-terrace),131,130,1,1,0
S01006696,Flat maisonette or apartment or mobile/temporary accommodation,243,234,9,5,4
S01006697,All household spaces,465,435,30,25,5
S01006697,Whole house or bungalow: Total,209,202,7,5,2
S01006697,Whole house or bungalow: Detached,27,27,0,0,0
S01006697,Whole house or bungalow: Semi-detached,70,68,2,2,0
S01006697,Whole house or bungalow: Terraced (including end-terrace),112,107,5,3,2
S01006697,Flat maisonette or apartment or mobile/temporary accommodation,256,233,23,20,3
S01006698,All household spaces,422,409,13,6,7
S01006698,Whole house or bungalow: Total,62,60,2,0,2
S01006698,Whole house or bungalow: Detached,2,2,0,0,0
S01006698,Whole house or bungalow: Semi-detached,13,11,2,0,2
S01006698,Whole house or bungalow: Terraced (including end-terrace),47,47,0,0,0
S01006698,Flat maisonette or apartment or mobile/temporary accommodation,360,349,11,6,5
S01006699,All household spaces,216,209,7,4,3
S01006699,Whole house or bungalow: Total,108,106,2,1,1
S01006699,Whole house or bungalow: Detached,6,6,0,0,0
S01006699,Whole house or bungalow: Semi-detached,76,75,1,1,0
S01006699,Whole house or bungalow: Terraced (including end-terrace),26,25,1,0,1
S01006699,Flat maisonette or apartment or mobile/temporary accommodation,108,103,5,3,2
S01006700,All household spaces,447,431,16,4,12
S01006700,Whole house or bungalow: Total,192,189,3,0,3
S01006700,Whole house or bungalow: Detached,59,59,0,0,0
S01006700,Whole house or bungalow: Semi-detached,57,55,2,0,2
S01006700,Whole house or bungalow: Terraced (including end-terrace),76,75,1,0,1
S01006700,Flat maisonette or apartment or mobile/temporary accommodation,255,242,13,4,9
S01006701,All household spaces,345,321,24,16,8
S01006701,Whole house or bungalow: Total,183,176,7,3,4
S01006701,Whole house or bungalow: Detached,3,3,0,0,0
S01006701,Whole house or bungalow: Semi-detached,48,48,0,0,0
S01006701,Whole house or bungalow: Terraced (including end-terrace),132,125,7,3,4
S01006701,Flat maisonette or apartment or mobile/temporary accommodation,162,145,17,13,4
S01006702,All household spaces,336,332,4,0,4
S01006702,Whole house or bungalow: Total,322,318,4,0,4
S01006702,Whole house or bungalow: Detached,5,5,0,0,0
S01006702,Whole house or bungalow: Semi-detached,100,99,1,0,1
S01006702,Whole house or bungalow: Terraced (including end-terrace),217,214,3,0,3
S01006702,Flat maisonette or apartment or mobile/temporary accommodation,14,14,0,0,0
S01006703,All household spaces,315,301,14,9,5
S01006703,Whole house or bungalow: Total,207,201,6,1,5
S01006703,Whole house or bungalow: Detached,9,9,0,0,0
S01006703,Whole house or bungalow: Semi-detached,64,63,1,1,0
S01006703,Whole house or bungalow: Terraced (including end-terrace),134,129,5,0,5
S01006703,Flat maisonette or apartment or mobile/temporary accommodation,108,100,8,8,0
S01006704,All household spaces,313,301,12,5,7
S01006704,Whole house or bungalow: Total,117,115,2,0,2
S01006704,Whole house or bungalow: Detached,4,4,0,0,0
S01006704,Whole house or bungalow: Semi-detached,24,24,0,0,0
S01006704,Whole house or bungalow: Terraced (including end-terrace),89,87,2,0,2
S01006704,Flat maisonette or apartment or mobile/temporary accommodation,196,186,10,5,5
S01006705,All household spaces,374,364,10,7,3
S01006705,Whole house or bungalow: Total,284,279,5,2,3
S01006705,Whole house or bungalow: Detached,5,5,0,0,0
S01006705,Whole house or bungalow: Semi-detached,56,56,0,0,0
S01006705,Whole house or bungalow: Terraced (including end-terrace),223,218,5,2,3
S01006705,Flat maisonette or apartment or mobile/temporary accommodation,90,85,5,5,0
S01006706,All household spaces,288,272,16,13,3
S01006706,Whole house or bungalow: Total,211,201,10,8,2
S01006706,Whole house or bungalow: Detached,8,8,0,0,0
S01006706,Whole house or bungalow: Semi-detached,62,61,1,0,1
S01006706,Whole house or bungalow: Terraced (including end-terrace),141,132,9,8,1
S01006706,Flat maisonette or apartment or mobile/temporary accommodation,77,71,6,5,1
S01006707,All household spaces,350,311,39,34,5
S01006707,Whole house or bungalow: Total,175,172,3,1,2
S01006707,Whole house or bungalow: Detached,9,9,0,0,0
S01006707,Whole house or bungalow: Semi-detached,35,35,0,0,0
S01006707,Whole house or bungalow: Terraced (including end-terrace),131,128,3,1,2
S01006707,Flat maisonette or apartment or mobile/temporary accommodation,175,139,36,33,3
S01006708,All household spaces,379,364,15,7,8
S01006708,Whole house or bungalow: Total,320,310,10,7,3
S01006708,Whole house or bungalow: Detached,9,9,0,0,0
S01006708,Whole house or bungalow: Semi-detached,98,97,1,1,0
S01006708,Whole house or bungalow: Terraced (including end-terrace),213,204,9,6,3
S01006708,Flat maisonette or apartment or mobile/temporary accommodation,59,54,5,0,5
S01006709,All household spaces,382,376,6,1,5
S01006709,Whole house or bungalow: Total,289,286,3,0,3
S01006709,Whole house or bungalow: Detached,11,11,0,0,0
S01006709,Whole house or bungalow: Semi-detached,114,114,0,0,0
S01006709,Whole house or bungalow: Terraced (including end-terrace),164,161,3,0,3
S01006709,Flat maisonette or apartment or mobile/temporary accommodation,93,90,3,1,2
S01006710,All household spaces,417,415,2,0,2
S01006710,Whole house or bungalow: Total,380,379,1,0,1
S01006710,Whole house or bungalow: Detached,6,6,0,0,0
S01006710,Whole house or bungalow: Semi-detached,121,121,0,0,0
S01006710,Whole house or bungalow: Terraced (including end-terrace),253,252,1,0,1
S01006710,Flat maisonette or apartment or mobile/temporary accommodation,37,36,1,0,1
S01006711,All household spaces,531,511,20,17,3
S01006711,Whole house or bungalow: Total,335,324,11,9,2
S01006711,Whole house or bungalow: Detached,6,6,0,0,0
S01006711,Whole house or bungalow: Semi-detached,84,84,0,0,0
S01006711,Whole house or bungalow: Terraced (including end-terrace),245,234,11,9,2
S01006711,Flat maisonette or apartment or mobile/temporary accommodation,196,187,9,8,1
S01006712,All household spaces,254,250,4,2,2
S01006712,Whole house or bungalow: Total,249,245,4,2,2
S01006712,Whole house or bungalow: Detached,11,11,0,0,0
S01006712,Whole house or bungalow: Semi-detached,65,63,2,0,2
S01006712,Whole house or bungalow: Terraced (including end-terrace),173,171,2,2,0
S01006712,Flat maisonette or apartment or mobile/temporary accommodation,5,5,0,0,0
S01006713,All household spaces,433,420,13,10,3
S01006713,Whole house or bungalow: Total,341,338,3,0,3
S01006713,Whole house or bungalow: Detached,6,5,1,0,1
S01006713,Whole house or bungalow: Semi-detached,88,88,0,0,0
S01006713,Whole house or bungalow: Terraced (including end-terrace),247,245,2,0,2
S01006713,Flat maisonette or apartment or mobile/temporary accommodation,92,82,10,10,0
S01006714,All household spaces,315,304,11,1,10
S01006714,Whole house or bungalow: Total,226,220,6,1,5
S01006714,Whole house or bungalow: Detached,6,6,0,0,0
S01006714,Whole house or bungalow: Semi-detached,112,112,0,0,0
S01006714,Whole house or bungalow: Terraced (including end-terrace),108,102,6,1,5
S01006714,Flat maisonette or apartment or mobile/temporary accommodation,89,84,5,0,5
S01006715,All household spaces,225,218,7,3,4
S01006715,Whole house or bungalow: Total,168,161,7,3,4
S01006715,Whole house or bungalow: Detached,10,10,0,0,0
S01006715,Whole house or bungalow: Semi-detached,70,68,2,0,2
S01006715,Whole house or bungalow: Terraced (including end-terrace),88,83,5,3,2
S01006715,Flat maisonette or apartment or mobile/temporary accommodation,57,57,0,0,0
S01006716,All household spaces,247,242,5,2,3
S01006716,Whole house or bungalow: Total,210,207,3,1,2
S01006716,Whole house or bungalow: Detached,10,9,1,0,1
S01006716,Whole house or bungalow: Semi-detached,115,114,1,0,1
S01006716,Whole house or bungalow: Terraced (including end-terrace),85,84,1,1,0
S01006716,Flat maisonette or apartment or mobile/temporary accommodation,37,35,2,1,1
S01006717,All household spaces,453,445,8,2,6
S01006717,Whole house or bungalow: Total,371,367,4,1,3
S01006717,Whole house or bungalow: Detached,10,10,0,0,0
S01006717,Whole house or bungalow: Semi-detached,86,85,1,1,0
S01006717,Whole house or bungalow: Terraced (including end-terrace),275,272,3,0,3
S01006717,Flat maisonette or apartment or mobile/temporary accommodation,82,78,4,1,3
S01006718,All household spaces,251,248,3,2,1
S01006718,Whole house or bungalow: Total,235,233,2,1,1
S01006718,Whole house or bungalow: Detached,8,8,0,0,0
S01006718,Whole house or bungalow: Semi-detached,189,187,2,1,1
S01006718,Whole house or bungalow: Terraced (including end-terrace),38,38,0,0,0
S01006718,Flat maisonette or apartment or mobile/temporary accommodation,16,15,1,1,0
S01006719,All household spaces,352,350,2,0,2
S01006719,Whole house or bungalow: Total,343,341,2,0,2
S01006719,Whole house or bungalow: Detached,8,8,0,0,0
S01006719,Whole house or bungalow: Semi-detached,142,142,0,0,0
S01006719,Whole house or bungalow: Terraced (including end-terrace),193,191,2,0,2
S01006719,Flat maisonette or apartment or mobile/temporary accommodation,9,9,0,0,0
S01006720,All household spaces,245,242,3,2,1
S01006720,Whole house or bungalow: Total,229,226,3,2,1
S01006720,Whole house or bungalow: Detached,3,3,0,0,0
S01006720,Whole house or bungalow: Semi-detached,61,61,0,0,0
S01006720,Whole house or bungalow: Terraced (including end-terrace),165,162,3,2,1
S01006720,Flat maisonette or apartment or mobile/temporary accommodation,16,16,0,0,0
S01006721,All household spaces,393,386,7,3,4
S01006721,Whole house or bungalow: Total,344,338,6,2,4
S01006721,Whole house or bungalow: Detached,5,5,0,0,0
S01006721,Whole house or bungalow: Semi-detached,139,135,4,2,2
S01006721,Whole house or bungalow: Terraced (including end-terrace),200,198,2,0,2
S01006721,Flat maisonette or apartment or mobile/temporary accommodation,49,48,1,1,0
S01006722,All household spaces,318,312,6,4,2
S01006722,Whole house or bungalow: Total,266,264,2,0,2
S01006722,Whole house or bungalow: Detached,11,11,0,0,0
S01006722,Whole house or bungalow: Semi-detached,67,67,0,0,0
S01006722,Whole house or bungalow: Terraced (including end-terrace),188,186,2,0,2
S01006722,Flat maisonette or apartment or mobile/temporary accommodation,52,48,4,4,0
S01006723,All household spaces,284,283,1,0,1
S01006723,Whole house or bungalow: Total,273,272,1,0,1
S01006723,Whole house or bungalow: Detached,8,8,0,0,0
S01006723,Whole house or bungalow: Semi-detached,106,105,1,0,1
S01006723,Whole house or bungalow: Terraced (including end-terrace),159,159,0,0,0
S01006723,Flat maisonette or apartment or mobile/temporary accommodation,11,11,0,0,0
S01006724,All household spaces,359,343,16,10,6
S01006724,Whole house or bungalow: Total,153,145,8,5,3
S01006724,Whole house or bungalow: Detached,4,4,0,0,0
S01006724,Whole house or bungalow: Semi-detached,70,70,0,0,0
S01006724,Whole house or bungalow: Terraced (including end-terrace),79,71,8,5,3
S01006724,Flat maisonette or apartment or mobile/temporary accommodation,206,198,8,5,3
S01006725,All household spaces,271,265,6,4,2
S01006725,Whole house or bungalow: Total,225,219,6,4,2
S01006725,Whole house or bungalow: Detached,9,9,0,0,0
S01006725,Whole house or bungalow: Semi-detached,88,88,0,0,0
S01006725,Whole house or bungalow: Terraced (including end-terrace),128,122,6,4,2
S01006725,Flat maisonette or apartment or mobile/temporary accommodation,46,46,0,0,0
S01006726,All household spaces,533,505,28,10,18
S01006726,Whole house or bungalow: Total,109,109,0,0,0
S01006726,Whole house or bungalow: Detached,17,17,0,0,0
S01006726,Whole house or bungalow: Semi-detached,66,66,0,0,0
S01006726,Whole house or bungalow: Terraced (including end-terrace),26,26,0,0,0
S01006726,Flat maisonette or apartment or mobile/temporary accommodation,424,396,28,10,18
S01006727,All household spaces,424,395,29,19,10
S01006727,Whole house or bungalow: Total,139,138,1,1,0
S01006727,Whole house or bungalow: Detached,10,10,0,0,0
S01006727,Whole house or bungalow: Semi-detached,73,73,0,0,0
S01006727,Whole house or bungalow: Terraced (including end-terrace),56,55,1,1,0
S01006727,Flat maisonette or apartment or mobile/temporary accommodation,285,257,28,18,10
S01006728,All household spaces,343,334,9,1,8
S01006728,Whole house or bungalow: Total,218,212,6,0,6
S01006728,Whole house or bungalow: Detached,2,2,0,0,0
S01006728,Whole house or bungalow: Semi-detached,88,87,1,0,1
S01006728,Whole house or bungalow: Terraced (including end-terrace),128,123,5,0,5
S01006728,Flat maisonette or apartment or mobile/temporary accommodation,125,122,3,1,2
S01006729,All household spaces,382,349,33,5,28
S01006729,Whole house or bungalow: Total,112,111,1,0,1
S01006729,Whole house or bungalow: Detached,7,7,0,0,0
S01006729,Whole house or bungalow: Semi-detached,89,88,1,0,1
S01006729,Whole house or bungalow: Terraced (including end-terrace),16,16,0,0,0
S01006729,Flat maisonette or apartment or mobile/temporary accommodation,270,238,32,5,27
S01006730,All household spaces,280,276,4,0,4
S01006730,Whole house or bungalow: Total,251,247,4,0,4
S01006730,Whole house or bungalow: Detached,7,7,0,0,0
S01006730,Whole house or bungalow: Semi-detached,43,43,0,0,0
S01006730,Whole house or bungalow: Terraced (including end-terrace),201,197,4,0,4
S01006730,Flat maisonette or apartment or mobile/temporary accommodation,29,29,0,0,0
S01006731,All household spaces,263,257,6,4,2
S01006731,Whole house or bungalow: Total,163,163,0,0,0
S01006731,Whole house or bungalow: Detached,2,2,0,0,0
S01006731,Whole house or bungalow: Semi-detached,28,28,0,0,0
S01006731,Whole house or bungalow: Terraced (including end-terrace),133,133,0,0,0
S01006731,Flat maisonette or apartment or mobile/temporary accommodation,100,94,6,4,2
S01006732,All household spaces,362,353,9,1,8
S01006732,Whole house or bungalow: Total,319,313,6,0,6
S01006732,Whole house or bungalow: Detached,248,244,4,0,4
S01006732,Whole house or bungalow: Semi-detached,61,59,2,0,2
S01006732,Whole house or bungalow: Terraced (including end-terrace),10,10,0,0,0
S01006732,Flat maisonette or apartment or mobile/temporary accommodation,43,40,3,1,2
S01006733,All household spaces,316,309,7,2,5
S01006733,Whole house or bungalow: Total,311,304,7,2,5
S01006733,Whole house or bungalow: Detached,239,233,6,1,5
S01006733,Whole house or bungalow: Semi-detached,67,66,1,1,0
S01006733,Whole house or bungalow: Terraced (including end-terrace),5,5,0,0,0
S01006733,Flat maisonette or apartment or mobile/temporary accommodation,5,5,0,0,0
S01006734,All household spaces,362,352,10,1,9
S01006734,Whole house or bungalow: Total,335,326,9,1,8
S01006734,Whole house or bungalow: Detached,191,187,4,0,4
S01006734,Whole house or bungalow: Semi-detached,137,133,4,1,3
S01006734,Whole house or bungalow: Terraced (including end-terrace),7,6,1,0,1
S01006734,Flat maisonette or apartment or mobile/temporary accommodation,27,26,1,0,1
S01006735,All household spaces,247,245,2,0,2
S01006735,Whole house or bungalow: Total,244,242,2,0,2
S01006735,Whole house or bungalow: Detached,187,187,0,0,0
S01006735,Whole house or bungalow: Semi-detached,32,32,0,0,0
S01006735,Whole house or bungalow: Terraced (including end-terrace),25,23,2,0,2
S01006735,Flat maisonette or apartment or mobile/temporary accommodation,3,3,0,0,0
S01006736,All household spaces,399,395,4,0,4
S01006736,Whole house or bungalow: Total,388,384,4,0,4
S01006736,Whole house or bungalow: Detached,201,199,2,0,2
S01006736,Whole house or bungalow: Semi-detached,173,171,2,0,2
S01006736,Whole house or bungalow: Terraced (including end-terrace),14,14,0,0,0
S01006736,Flat maisonette or apartment or mobile/temporary accommodation,11,11,0,0,0
S01006737,All household spaces,276,265,11,1,10
S01006737,Whole house or bungalow: Total,268,258,10,1,9
S01006737,Whole house or bungalow: Detached,165,159,6,0,6
S01006737,Whole house or bungalow: Semi-detached,85,81,4,1,3
S01006737,Whole house or bungalow: Terraced (including end-terrace),18,18,0,0,0
S01006737,Flat maisonette or apartment or mobile/temporary accommodation,8,7,1,0,1
S01006738,All household spaces,496,453,43,21,22
S01006738,Whole house or bungalow: Total,98,97,1,0,1
S01006738,Whole house or bungalow: Detached,48,48,0,0,0
S01006738,Whole house or bungalow: Semi-detached,31,30,1,0,1
S01006738,Whole house or bungalow: Terraced (including end-terrace),19,19,0,0,0
S01006738,Flat maisonette or apartment or mobile/temporary accommodation,398,356,42,21,21
S01006739,All household spaces,337,309,28,2,26
S01006739,Whole house or bungalow: Total,162,157,5,1,4
S01006739,Whole house or bungalow: Detached,26,24,2,0,2
S01006739,Whole house or bungalow: Semi-detached,51,48,3,1,2
S01006739,Whole house or bungalow: Terraced (including end-terrace),85,85,0,0,0
S01006739,Flat maisonette or apartment or mobile/temporary accommodation,175,152,23,1,22
S01006740,All household spaces,341,335,6,2,4
S01006740,Whole house or bungalow: Total,293,291,2,0,2
S01006740,Whole house or bungalow: Detached,9,9,0,0,0
S01006740,Whole house or bungalow: Semi-detached,136,135,1,0,1
S01006740,Whole house or bungalow: Terraced (including end-terrace),148,147,1,0,1
S01006740,Flat maisonette or apartment or mobile/temporary accommodation,48,44,4,2,2
S01006741,All household spaces,344,342,2,1,1
S01006741,Whole house or bungalow: Total,329,327,2,1,1
S01006741,Whole house or bungalow: Detached,8,8,0,0,0
S01006741,Whole house or bungalow: Semi-detached,64,64,0,0,0
S01006741,Whole house or bungalow: Terraced (including end-terrace),257,255,2,1,1
S01006741,Flat maisonette or apartment or mobile/temporary accommodation,15,15,0,0,0
S01006742,All household spaces,233,233,0,0,0
S01006742,Whole house or bungalow: Total,223,223,0,0,0
S01006742,Whole house or bungalow: Detached,4,4,0,0,0
S01006742,Whole house or bungalow: Semi-detached,27,27,0,0,0
S01006742,Whole house or bungalow: Terraced (including end-terrace),192,192,0,0,0
S01006742,Flat maisonette or apartment or mobile/temporary accommodation,10,10,0,0,0
S01006743,All household spaces,280,271,9,4,5
S01006743,Whole house or bungalow: Total,181,178,3,0,3
S01006743,Whole house or bungalow: Detached,31,29,2,0,2
S01006743,Whole house or bungalow: Semi-detached,116,115,1,0,1
S01006743,Whole house or bungalow: Terraced (including end-terrace),34,34,0,0,0
S01006743,Flat maisonette or apartment or mobile/temporary accommodation,99,93,6,4,2
S01006744,All household spaces,320,302,18,11,7
S01006744,Whole house or bungalow: Total,126,125,1,0,1
S01006744,Whole house or bungalow: Detached,22,22,0,0,0
S01006744,Whole house or bungalow: Semi-detached,51,50,1,0,1
S01006744,Whole house or bungalow: Terraced (including end-terrace),53,53,0,0,0
S01006744,Flat maisonette or apartment or mobile/temporary accommodation,194,177,17,11,6
S01006745,All household spaces,424,409,15,5,10
S01006745,Whole house or bungalow: Total,190,189,1,0,1
S01006745,Whole house or bungalow: Detached,30,30,0,0,0
S01006745,Whole house or bungalow: Semi-detached,62,62,0,0,0
S01006745,Whole house or bungalow: Terraced (including end-terrace),98,97,1,0,1
S01006745,Flat maisonette or apartment or mobile/temporary accommodation,234,220,14,5,9
S01006746,All household spaces,351,350,1,0,1
S01006746,Whole house or bungalow: Total,330,329,1,0,1
S01006746,Whole house or bungalow: Detached,8,8,0,0,0
S01006746,Whole house or bungalow: Semi-detached,224,224,0,0,0
S01006746,Whole house or bungalow: Terraced (including end-terrace),98,97,1,0,1
S01006746,Flat maisonette or apartment or mobile/temporary accommodation,21,21,0,0,0
S01006747,All household spaces,369,368,1,0,1
S01006747,Whole house or bungalow: Total,353,352,1,0,1
S01006747,Whole house or bungalow: Detached,14,14,0,0,0
S01006747,Whole house or bungalow: Semi-detached,287,286,1,0,1
S01006747,Whole house or bungalow: Terraced (including end-terrace),52,52,0,0,0
S01006747,Flat maisonette or apartment or mobile/temporary accommodation,16,16,0,0,0
S01006748,All household spaces,429,408,21,11,10
S01006748,Whole house or bungalow: Total,313,309,4,0,4
S01006748,Whole house or bungalow: Detached,153,152,1,0,1
S01006748,Whole house or bungalow: Semi-detached,90,89,1,0,1
S01006748,Whole house or bungalow: Terraced (including end-terrace),70,68,2,0,2
S01006748,Flat maisonette or apartment or mobile/temporary accommodation,116,99,17,11,6
S01006749,All household spaces,424,419,5,0,5
S01006749,Whole house or bungalow: Total,288,286,2,0,2
S01006749,Whole house or bungalow: Detached,43,43,0,0,0
S01006749,Whole house or bungalow: Semi-detached,109,108,1,0,1
S01006749,Whole house or bungalow: Terraced (including end-terrace),136,135,1,0,1
S01006749,Flat maisonette or apartment or mobile/temporary accommodation,136,133,3,0,3
S01006750,All household spaces,294,292,2,0,2
S01006750,Whole house or bungalow: Total,226,225,1,0,1
S01006750,Whole house or bungalow: Detached,19,19,0,0,0
S01006750,Whole house or bungalow: Semi-detached,129,128,1,0,1
S01006750,Whole house or bungalow: Terraced (including end-terrace),78,78,0,0,0
S01006750,Flat maisonette or apartment or mobile/temporary accommodation,68,67,1,0,1
S01006751,All household spaces,245,241,4,1,3
S01006751,Whole house or bungalow: Total,158,156,2,1,1
S01006751,Whole house or bungalow: Detached,26,26,0,0,0
S01006751,Whole house or bungalow: Semi-detached,90,89,1,1,0
S01006751,Whole house or bungalow: Terraced (including end-terrace),42,41,1,0,1
S01006751,Flat maisonette or apartment or mobile/temporary accommodation,87,85,2,0,2
S01006752,All household spaces,343,339,4,0,4
S01006752,Whole house or bungalow: Total,244,241,3,0,3
S01006752,Whole house or bungalow: Detached,10,10,0,0,0
S01006752,Whole house or bungalow: Semi-detached,147,146,1,0,1
S01006752,Whole house or bungalow: Terraced (including end-terrace),87,85,2,0,2
S01006752,Flat maisonette or apartment or mobile/temporary accommodation,99,98,1,0,1
S01006753,All household spaces,416,410,6,1,5
S01006753,Whole house or bungalow: Total,343,338,5,1,4
S01006753,Whole house or bungalow: Detached,122,120,2,0,2
S01006753,Whole house or bungalow: Semi-detached,169,166,3,1,2
S01006753,Whole house or bungalow: Terraced (including end-terrace),52,52,0,0,0
S01006753,Flat maisonette or apartment or mobile/temporary accommodation,73,72,1,0,1
S01006754,All household spaces,406,400,6,4,2
S01006754,Whole house or bungalow: Total,340,338,2,0,2
S01006754,Whole house or bungalow: Detached,122,122,0,0,0
S01006754,Whole house or bungalow: Semi-detached,187,186,1,0,1
S01006754,Whole house or bungalow: Terraced (including end-terrace),31,30,1,0,1
S01006754,Flat maisonette or apartment or mobile/temporary accommodation,66,62,4,4,0
S01006755,All household spaces,305,289,16,4,12
S01006755,Whole house or bungalow: Total,248,235,13,3,10
S01006755,Whole house or bungalow: Detached,131,120,11,3,8
S01006755,Whole house or bungalow: Semi-detached,110,108,2,0,2
S01006755,Whole house or bungalow: Terraced (including end-terrace),7,7,0,0,0
S01006755,Flat maisonette or apartment or mobile/temporary accommodation,57,54,3,1,2
S01006756,All household spaces,299,286,13,6,7
S01006756,Whole house or bungalow: Total,145,140,5,3,2
S01006756,Whole house or bungalow: Detached,80,79,1,0,1
S01006756,Whole house or bungalow: Semi-detached,18,18,0,0,0
S01006756,Whole house or bungalow: Terraced (including end-terrace),47,43,4,3,1
S01006756,Flat maisonette or apartment or mobile/temporary accommodation,154,146,8,3,5
S01006757,All household spaces,350,343,7,3,4
S01006757,Whole house or bungalow: Total,285,282,3,1,2
S01006757,Whole house or bungalow: Detached,76,73,3,1,2
S01006757,Whole house or bungalow: Semi-detached,179,179,0,0,0
S01006757,Whole house or bungalow: Terraced (including end-terrace),30,30,0,0,0
S01006757,Flat maisonette or apartment or mobile/temporary accommodation,65,61,4,2,2
S01006758,All household spaces,322,318,4,0,4
S01006758,Whole house or bungalow: Total,241,238,3,0,3
S01006758,Whole house or bungalow: Detached,105,104,1,0,1
S01006758,Whole house or bungalow: Semi-detached,132,130,2,0,2
S01006758,Whole house or bungalow: Terraced (including end-terrace),4,4,0,0,0
S01006758,Flat maisonette or apartment or mobile/temporary accommodation,81,80,1,0,1
S01006759,All household spaces,253,251,2,1,1
S01006759,Whole house or bungalow: Total,227,225,2,1,1
S01006759,Whole house or bungalow: Detached,114,114,0,0,0
S01006759,Whole house or bungalow: Semi-detached,106,104,2,1,1
S01006759,Whole house or bungalow: Terraced (including end-terrace),7,7,0,0,0
S01006759,Flat maisonette or apartment or mobile/temporary accommodation,26,26,0,0,0
S01006760,All household spaces,239,235,4,2,2
S01006760,Whole house or bungalow: Total,179,178,1,0,1
S01006760,Whole house or bungalow: Detached,25,25,0,0,0
S01006760,Whole house or bungalow: Semi-detached,68,68,0,0,0
S01006760,Whole house or bungalow: Terraced (including end-terrace),86,85,1,0,1
S01006760,Flat maisonette or apartment or mobile/temporary accommodation,60,57,3,2,1
S01006761,All household spaces,342,334,8,4,4
S01006761,Whole house or bungalow: Total,274,271,3,1,2
S01006761,Whole house or bungalow: Detached,99,97,2,0,2
S01006761,Whole house or bungalow: Semi-detached,145,145,0,0,0
S01006761,Whole house or bungalow: Terraced (including end-terrace),30,29,1,1,0
S01006761,Flat maisonette or apartment or mobile/temporary accommodation,68,63,5,3,2
S01006762,All household spaces,423,416,7,1,6
S01006762,Whole house or bungalow: Total,372,367,5,1,4
S01006762,Whole house or bungalow: Detached,117,114,3,1,2
S01006762,Whole house or bungalow: Semi-detached,195,193,2,0,2
S01006762,Whole house or bungalow: Terraced (including end-terrace),60,60,0,0,0
S01006762,Flat maisonette or apartment or mobile/temporary accommodation,51,49,2,0,2
S01006763,All household spaces,347,334,13,0,13
S01006763,Whole house or bungalow: Total,340,327,13,0,13
S01006763,Whole house or bungalow: Detached,54,54,0,0,0
S01006763,Whole house or bungalow: Semi-detached,167,158,9,0,9
S01006763,Whole house or bungalow: Terraced (including end-terrace),119,115,4,0,4
S01006763,Flat maisonette or apartment or mobile/temporary accommodation,7,7,0,0,0
S01006764,All household spaces,353,345,8,1,7
S01006764,Whole house or bungalow: Total,302,295,7,0,7
S01006764,Whole house or bungalow: Detached,36,36,0,0,0
S01006764,Whole house or bungalow: Semi-detached,179,175,4,0,4
S01006764,Whole house or bungalow: Terraced (including end-terrace),87,84,3,0,3
S01006764,Flat maisonette or apartment or mobile/temporary accommodation,51,50,1,1,0
S01006765,All household spaces,281,273,8,1,7
S01006765,Whole house or bungalow: Total,197,192,5,0,5
S01006765,Whole house or bungalow: Detached,40,39,1,0,1
S01006765,Whole house or bungalow: Semi-detached,120,117,3,0,3
S01006765,Whole house or bungalow: Terraced (including end-terrace),37,36,1,0,1
S01006765,Flat maisonette or apartment or mobile/temporary accommodation,84,81,3,1,2
S01006766,All household spaces,242,240,2,0,2
S01006766,Whole house or bungalow: Total,222,220,2,0,2
S01006766,Whole house or bungalow: Detached,144,143,1,0,1
S01006766,Whole house or bungalow: Semi-detached,55,54,1,0,1
S01006766,Whole house or bungalow: Terraced (including end-terrace),23,23,0,0,0
S01006766,Flat maisonette or apartment or mobile/temporary accommodation,20,20,0,0,0
S01006767,All household spaces,287,283,4,1,3
S01006767,Whole house or bungalow: Total,281,277,4,1,3
S01006767,Whole house or bungalow: Detached,83,82,1,0,1
S01006767,Whole house or bungalow: Semi-detached,89,88,1,0,1
S01006767,Whole house or bungalow: Terraced (including end-terrace),109,107,2,1,1
S01006767,Flat maisonette or apartment or mobile/temporary accommodation,6,6,0,0,0
S01006768,All household spaces,213,212,1,0,1
S01006768,Whole house or bungalow: Total,210,209,1,0,1
S01006768,Whole house or bungalow: Detached,190,189,1,0,1
S01006768,Whole house or bungalow: Semi-detached,19,19,0,0,0
S01006768,Whole house or bungalow: Terraced (including end-terrace),1,1,0,0,0
S01006768,Flat maisonette or apartment or mobile/temporary accommodation,3,3,0,0,0
S01006769,All household spaces,399,392,7,2,5
S01006769,Whole house or bungalow: Total,387,380,7,2,5
S01006769,Whole house or bungalow: Detached,82,82,0,0,0
S01006769,Whole house or bungalow: Semi-detached,167,164,3,1,2
S01006769,Whole house or bungalow: Terraced (including end-terrace),138,134,4,1,3
S01006769,Flat maisonette or apartment or mobile/temporary accommodation,12,12,0,0,0
S01006770,All household spaces,276,273,3,1,2
S01006770,Whole house or bungalow: Total,272,269,3,1,2
S01006770,Whole house or bungalow: Detached,62,62,0,0,0
S01006770,Whole house or bungalow: Semi-detached,200,197,3,1,2
S01006770,Whole house or bungalow: Terraced (including end-terrace),10,10,0,0,0
S01006770,Flat maisonette or apartment or mobile/temporary accommodation,4,4,0,0,0
S01006771,All household spaces,151,150,1,0,1
S01006771,Whole house or bungalow: Total,148,147,1,0,1
S01006771,Whole house or bungalow: Detached,81,80,1,0,1
S01006771,Whole house or bungalow: Semi-detached,64,64,0,0,0
S01006771,Whole house or bungalow: Terraced (including end-terrace),3,3,0,0,0
S01006771,Flat maisonette or apartment or mobile/temporary accommodation,3,3,0,0,0
S01006772,All household spaces,380,375,5,0,5
S01006772,Whole house or bungalow: Total,308,303,5,0,5
S01006772,Whole house or bungalow: Detached,64,64,0,0,0
S01006772,Whole house or bungalow: Semi-detached,238,233,5,0,5
S01006772,Whole house or bungalow: Terraced (including end-terrace),6,6,0,0,0
S01006772,Flat maisonette or apartment or mobile/temporary accommodation,72,72,0,0,0
S01006773,All household spaces,255,255,0,0,0
S01006773,Whole house or bungalow: Total,252,252,0,0,0
S01006773,Whole house or bungalow: Detached,78,78,0,0,0
S01006773,Whole house or bungalow: Semi-detached,171,171,0,0,0
S01006773,Whole house or bungalow: Terraced (including end-terrace),3,3,0,0,0
S01006773,Flat maisonette or apartment or mobile/temporary accommodation,3,3,0,0,0
S01006774,All household spaces,221,221,0,0,0
S01006774,Whole house or bungalow: Total,216,216,0,0,0
S01006774,Whole house or bungalow: Detached,100,100,0,0,0
S01006774,Whole house or bungalow: Semi-detached,114,114,0,0,0
S01006774,Whole house or bungalow: Terraced (including end-terrace),2,2,0,0,0
S01006774,Flat maisonette or apartment or mobile/temporary accommodation,5,5,0,0,0
S01006775,All household spaces,326,319,7,1,6
S01006775,Whole house or bungalow: Total,174,170,4,0,4
S01006775,Whole house or bungalow: Detached,21,21,0,0,0
S01006775,Whole house or bungalow: Semi-detached,79,76,3,0,3
S01006775,Whole house or bungalow: Terraced (including end-terrace),74,73,1,0,1
S01006775,Flat maisonette or apartment or mobile/temporary accommodation,152,149,3,1,2
S01006776,All household spaces,281,271,10,1,9
S01006776,Whole house or bungalow: Total,148,148,0,0,0
S01006776,Whole house or bungalow: Detached,4,4,0,0,0
S01006776,Whole house or bungalow: Semi-detached,102,102,0,0,0
S01006776,Whole house or bungalow: Terraced (including end-terrace),42,42,0,0,0
S01006776,Flat maisonette or apartment or mobile/temporary accommodation,133,123,10,1,9
S01006777,All household spaces,263,262,1,1,0
S01006777,Whole house or bungalow: Total,260,259,1,1,0
S01006777,Whole house or bungalow: Detached,80,80,0,0,0
S01006777,Whole house or bungalow: Semi-detached,173,172,1,1,0
S01006777,Whole house or bungalow: Terraced (including end-terrace),7,7,0,0,0
S01006777,Flat maisonette or apartment or mobile/temporary accommodation,3,3,0,0,0
S01006778,All household spaces,289,287,2,0,2
S01006778,Whole house or bungalow: Total,262,260,2,0,2
S01006778,Whole house or bungalow: Detached,41,41,0,0,0
S01006778,Whole house or bungalow: Semi-detached,174,172,2,0,2
S01006778,Whole house or bungalow: Terraced (including end-terrace),47,47,0,0,0
S01006778,Flat maisonette or apartment or mobile/temporary accommodation,27,27,0,0,0
S01006779,All household spaces,305,293,12,2,10
S01006779,Whole house or bungalow: Total,208,203,5,2,3
S01006779,Whole house or bungalow: Detached,10,10,0,0,0
S01006779,Whole house or bungalow: Semi-detached,81,79,2,0,2
S01006779,Whole house or bungalow: Terraced (including end-terrace),117,114,3,2,1
S01006779,Flat maisonette or apartment or mobile/temporary accommodation,97,90,7,0,7
S01006780,All household spaces,256,254,2,1,1
S01006780,Whole house or bungalow: Total,232,231,1,1,0
S01006780,Whole house or bungalow: Detached,35,34,1,1,0
S01006780,Whole house or bungalow: Semi-detached,98,98,0,0,0
S01006780,Whole house or bungalow: Terraced (including end-terrace),99,99,0,0,0
S01006780,Flat maisonette or apartment or mobile/temporary accommodation,24,23,1,0,1
S01006781,All household spaces,298,295,3,0,3
S01006781,Whole house or bungalow: Total,280,277,3,0,3
S01006781,Whole house or bungalow: Detached,25,25,0,0,0
S01006781,Whole house or bungalow: Semi-detached,211,209,2,0,2
S01006781,Whole house or bungalow: Terraced (including end-terrace),44,43,1,0,1
S01006781,Flat maisonette or apartment or mobile/temporary accommodation,18,18,0,0,0
S01006782,All household spaces,350,341,9,4,5
S01006782,Whole house or bungalow: Total,235,231,4,0,4
S01006782,Whole house or bungalow: Detached,117,113,4,0,4
S01006782,Whole house or bungalow: Semi-detached,83,83,0,0,0
S01006782,Whole house or bungalow: Terraced (including end-terrace),35,35,0,0,0
S01006782,Flat maisonette or apartment or mobile/temporary accommodation,115,110,5,4,1
S01006783,All household spaces,305,299,6,5,1
S01006783,Whole house or bungalow: Total,259,257,2,2,0
S01006783,Whole house or bungalow: Detached,18,17,1,1,0
S01006783,Whole house or bungalow: Semi-detached,200,200,0,0,0
S01006783,Whole house or bungalow: Terraced (including end-terrace),41,40,1,1,0
S01006783,Flat maisonette or apartment or mobile/temporary accommodation,46,42,4,3,1
S01006784,All household spaces,308,302,6,1,5
S01006784,Whole house or bungalow: Total,203,199,4,0,4
S01006784,Whole house or bungalow: Detached,40,40,0,0,0
S01006784,Whole house or bungalow: Semi-detached,143,139,4,0,4
S01006784,Whole house or bungalow: Terraced (including end-terrace),20,20,0,0,0
S01006784,Flat maisonette or apartment or mobile/temporary accommodation,105,103,2,1,1
S01006785,All household spaces,224,223,1,0,1
S01006785,Whole house or bungalow: Total,197,197,0,0,0
S01006785,Whole house or bungalow: Detached,102,102,0,0,0
S01006785,Whole house or bungalow: Semi-detached,86,86,0,0,0
S01006785,Whole house or bungalow: Terraced (including end-terrace),9,9,0,0,0
S01006785,Flat maisonette or apartment or mobile/temporary accommodation,27,26,1,0,1
S01006786,All household spaces,342,339,3,1,2
S01006786,Whole house or bungalow: Total,281,279,2,0,2
S01006786,Whole house or bungalow: Detached,121,121,0,0,0
S01006786,Whole house or bungalow: Semi-detached,142,140,2,0,2
S01006786,Whole house or bungalow: Terraced (including end-terrace),18,18,0,0,0
S01006786,Flat maisonette or apartment or mobile/temporary accommodation,61,60,1,1,0
S01006787,All household spaces,287,281,6,0,6
S01006787,Whole house or bungalow: Total,284,278,6,0,6
S01006787,Whole house or bungalow: Detached,84,82,2,0,2
S01006787,Whole house or bungalow: Semi-detached,118,116,2,0,2
S01006787,Whole house or bungalow: Terraced (including end-terrace),82,80,2,0,2
S01006787,Flat maisonette or apartment or mobile/temporary accommodation,3,3,0,0,0
S01006788,All household spaces,322,302,20,11,9
S01006788,Whole house or bungalow: Total,250,247,3,1,2
S01006788,Whole house or bungalow: Detached,97,94,3,1,2
S01006788,Whole house or bungalow: Semi-detached,118,118,0,0,0
S01006788,Whole house or bungalow: Terraced (including end-terrace),35,35,0,0,0
S01006788,Flat maisonette or apartment or mobile/temporary accommodation,72,55,17,10,7
S01006789,All household spaces,407,290,117,103,14
S01006789,Whole house or bungalow: Total,355,246,109,99,10
S01006789,Whole house or bungalow: Detached,207,144,63,57,6
S01006789,Whole house or bungalow: Semi-detached,109,78,31,27,4
S01006789,Whole house or bungalow: Terraced (including end-terrace),39,24,15,15,0
S01006789,Flat maisonette or apartment or mobile/temporary accommodation,52,44,8,4,4
S01006790,All household spaces,532,444,88,79,9
S01006790,Whole house or bungalow: Total,456,394,62,57,5
S01006790,Whole house or bungalow: Detached,206,167,39,37,2
S01006790,Whole house or bungalow: Semi-detached,167,163,4,1,3
S01006790,Whole house or bungalow: Terraced (including end-terrace),83,64,19,19,0
S01006790,Flat maisonette or apartment or mobile/temporary accommodation,76,50,26,22,4
S01006791,All household spaces,332,253,79,77,2
S01006791,Whole house or bungalow: Total,309,235,74,72,2
S01006791,Whole house or bungalow: Detached,266,199,67,65,2
S01006791,Whole house or bungalow: Semi-detached,37,30,7,7,0
S01006791,Whole house or bungalow: Terraced (including end-terrace),6,6,0,0,0
S01006791,Flat maisonette or apartment or mobile/temporary accommodation,23,18,5,5,0
S01006792,All household spaces,273,214,59,52,7
S01006792,Whole house or bungalow: Total,267,210,57,50,7
S01006792,Whole house or bungalow: Detached,213,166,47,41,6
S01006792,Whole house or bungalow: Semi-detached,47,40,7,6,1
S01006792,Whole house or bungalow: Terraced (including end-terrace),7,4,3,3,0
S01006792,Flat maisonette or apartment or mobile/temporary accommodation,6,4,2,2,0
S01006793,All household spaces,351,245,106,82,24
S01006793,Whole house or bungalow: Total,319,221,98,75,23
S01006793,Whole house or bungalow: Detached,214,123,91,69,22
S01006793,Whole house or bungalow: Semi-detached,93,87,6,5,1
S01006793,Whole house or bungalow: Terraced (including end-terrace),12,11,1,1,0
S01006793,Flat maisonette or apartment or mobile/temporary accommodation,32,24,8,7,1
S01006794,All household spaces,292,280,12,3,9
S01006794,Whole house or bungalow: Total,287,275,12,3,9
S01006794,Whole house or bungalow: Detached,123,116,7,3,4
S01006794,Whole house or bungalow: Semi-detached,123,120,3,0,3
S01006794,Whole house or bungalow: Terraced (including end-terrace),41,39,2,0,2
S01006794,Flat maisonette or apartment or mobile/temporary accommodation,5,5,0,0,0
S01006795,All household spaces,333,319,14,4,10
S01006795,Whole house or bungalow: Total,273,263,10,4,6
S01006795,Whole house or bungalow: Detached,212,204,8,3,5
S01006795,Whole house or bungalow: Semi-detached,51,49,2,1,1
S01006795,Whole house or bungalow: Terraced (including end-terrace),10,10,0,0,0
S01006795,Flat maisonette or apartment or mobile/temporary accommodation,60,56,4,0,4
S01006796,All household spaces,242,222,20,17,3
S01006796,Whole house or bungalow: Total,235,216,19,16,3
S01006796,Whole house or bungalow: Detached,173,160,13,10,3
S01006796,Whole house or bungalow: Semi-detached,53,49,4,4,0
S01006796,Whole house or bungalow: Terraced (including end-terrace),9,7,2,2,0
S01006796,Flat maisonette or apartment or mobile/temporary accommodation,7,6,1,1,0
S01006797,All household spaces,292,243,49,37,12
S01006797,Whole house or bungalow: Total,279,235,44,34,10
S01006797,Whole house or bungalow: Detached,228,187,41,33,8
S01006797,Whole house or bungalow: Semi-detached,40,37,3,1,2
S01006797,Whole house or bungalow: Terraced (including end-terrace),11,11,0,0,0
S01006797,Flat maisonette or apartment or mobile/temporary accommodation,13,8,5,3,2
S01006798,All household spaces,236,225,11,5,6
S01006798,Whole house or bungalow: Total,231,220,11,5,6
S01006798,Whole house or bungalow: Detached,207,198,9,5,4
S01006798,Whole house or bungalow: Semi-detached,18,16,2,0,2
S01006798,Whole house or bungalow: Terraced (including end-terrace),6,6,0,0,0
S01006798,Flat maisonette or apartment or mobile/temporary accommodation,5,5,0,0,0
S01006799,All household spaces,415,403,12,0,12
S01006799,Whole house or bungalow: Total,366,359,7,0,7
S01006799,Whole house or bungalow: Detached,138,134,4,0,4
S01006799,Whole house or bungalow: Semi-detached,204,201,3,0,3
S01006799,Whole house or bungalow: Terraced (including end-terrace),24,24,0,0,0
S01006799,Flat maisonette or apartment or mobile/temporary accommodation,49,44,5,0,5
S01006800,All household spaces,340,320,20,5,15
S01006800,Whole house or bungalow: Total,331,311,20,5,15
S01006800,Whole house or bungalow: Detached,278,258,20,5,15
S01006800,Whole house or bungalow: Semi-detached,46,46,0,0,0
S01006800,Whole house or bungalow: Terraced (including end-terrace),7,7,0,0,0
S01006800,Flat maisonette or apartment or mobile/temporary accommodation,9,9,0,0,0
S01006801,All household spaces,370,353,17,3,14
S01006801,Whole house or bungalow: Total,362,346,16,2,14
S01006801,Whole house or bungalow: Detached,292,279,13,2,11
S01006801,Whole house or bungalow: Semi-detached,62,60,2,0,2
S01006801,Whole house or bungalow: Terraced (including end-terrace),8,7,1,0,1
S01006801,Flat maisonette or apartment or mobile/temporary accommodation,8,7,1,1,0
S01006802,All household spaces,341,298,43,10,33
S01006802,Whole house or bungalow: Total,292,254,38,10,28
S01006802,Whole house or bungalow: Detached,175,153,22,7,15
S01006802,Whole house or bungalow: Semi-detached,88,79,9,3,6
S01006802,Whole house or bungalow: Terraced (including end-terrace),29,22,7,0,7
S01006802,Flat maisonette or apartment or mobile/temporary accommodation,49,44,5,0,5
S01006803,All household spaces,316,313,3,1,2
S01006803,Whole house or bungalow: Total,284,281,3,1,2
S01006803,Whole house or bungalow: Detached,63,63,0,0,0
S01006803,Whole house or bungalow: Semi-detached,169,168,1,0,1
S01006803,Whole house or bungalow: Terraced (including end-terrace),52,50,2,1,1
S01006803,Flat maisonette or apartment or mobile/temporary accommodation,32,32,0,0,0
S01006804,All household spaces,302,295,7,0,7
S01006804,Whole house or bungalow: Total,277,273,4,0,4
S01006804,Whole house or bungalow: Detached,169,167,2,0,2
S01006804,Whole house or bungalow: Semi-detached,71,71,0,0,0
S01006804,Whole house or bungalow: Terraced (including end-terrace),37,35,2,0,2
S01006804,Flat maisonette or apartment or mobile/temporary accommodation,25,22,3,0,3
S01006805,All household spaces,463,442,21,2,19
S01006805,Whole house or bungalow: Total,399,384,15,2,13
S01006805,Whole house or bungalow: Detached,220,213,7,1,6
S01006805,Whole house or bungalow: Semi-detached,94,91,3,0,3
S01006805,Whole house or bungalow: Terraced (including end-terrace),85,80,5,1,4
S01006805,Flat maisonette or apartment or mobile/temporary accommodation,64,58,6,0,6
S01006806,All household spaces,448,429,19,1,18
S01006806,Whole house or bungalow: Total,439,421,18,1,17
S01006806,Whole house or bungalow: Detached,278,269,9,1,8
S01006806,Whole house or bungalow: Semi-detached,110,104,6,0,6
S01006806,Whole house or bungalow: Terraced (including end-terrace),51,48,3,0,3
S01006806,Flat maisonette or apartment or mobile/temporary accommodation,9,8,1,0,1
S01006807,All household spaces,275,243,32,12,20
S01006807,Whole house or bungalow: Total,270,238,32,12,20
S01006807,Whole house or bungalow: Detached,112,98,14,6,8
S01006807,Whole house or bungalow: Semi-detached,80,69,11,3,8
S01006807,Whole house or bungalow: Terraced (including end-terrace),78,71,7,3,4
S01006807,Flat maisonette or apartment or mobile/temporary accommodation,5,5,0,0,0
S01006808,All household spaces,257,248,9,5,4
S01006808,Whole house or bungalow: Total,251,242,9,5,4
S01006808,Whole house or bungalow: Detached,200,192,8,5,3
S01006808,Whole house or bungalow: Semi-detached,43,42,1,0,1
S01006808,Whole house or bungalow: Terraced (including end-terrace),8,8,0,0,0
S01006808,Flat maisonette or apartment or mobile/temporary accommodation,6,6,0,0,0
S01006809,All household spaces,370,354,16,4,12
S01006809,Whole house or bungalow: Total,360,345,15,4,11
S01006809,Whole house or bungalow: Detached,143,137,6,1,5
S01006809,Whole house or bungalow: Semi-detached,153,146,7,1,6
S01006809,Whole house or bungalow: Terraced (including end-terrace),64,62,2,2,0
S01006809,Flat maisonette or apartment or mobile/temporary accommodation,10,9,1,0,1
S01006810,All household spaces,423,370,53,41,12
S01006810,Whole house or bungalow: Total,382,331,51,41,10
S01006810,Whole house or bungalow: Detached,188,167,21,18,3
S01006810,Whole house or bungalow: Semi-detached,121,108,13,10,3
S01006810,Whole house or bungalow: Terraced (including end-terrace),73,56,17,13,4
S01006810,Flat maisonette or apartment or mobile/temporary accommodation,41,39,2,0,2
S01006811,All household spaces,446,430,16,6,10
S01006811,Whole house or bungalow: Total,433,418,15,6,9
S01006811,Whole house or bungalow: Detached,251,242,9,4,5
S01006811,Whole house or bungalow: Semi-detached,113,112,1,0,1
S01006811,Whole house or bungalow: Terraced (including end-terrace),69,64,5,2,3
S01006811,Flat maisonette or apartment or mobile/temporary accommodation,13,12,1,0,1
S01006812,All household spaces,320,304,16,7,9
S01006812,Whole house or bungalow: Total,311,295,16,7,9
S01006812,Whole house or bungalow: Detached,164,155,9,3,6
S01006812,Whole house or bungalow: Semi-detached,124,119,5,3,2
S01006812,Whole house or bungalow: Terraced (including end-terrace),23,21,2,1,1
S01006812,Flat maisonette or apartment or mobile/temporary accommodation,9,9,0,0,0
S01006813,All household spaces,350,322,28,15,13
S01006813,Whole house or bungalow: Total,291,267,24,14,10
S01006813,Whole house or bungalow: Detached,86,80,6,3,3
S01006813,Whole house or bungalow: Semi-detached,140,137,3,1,2
S01006813,Whole house or bungalow: Terraced (including end-terrace),65,50,15,10,5
S01006813,Flat maisonette or apartment or mobile/temporary accommodation,59,55,4,1,3
S01006814,All household spaces,299,282,17,4,13
S01006814,Whole house or bungalow: Total,286,273,13,4,9
S01006814,Whole house or bungalow: Detached,241,229,12,4,8
S01006814,Whole house or bungalow: Semi-detached,43,42,1,0,1
S01006814,Whole house or bungalow: Terraced (including end-terrace),2,2,0,0,0
S01006814,Flat maisonette or apartment or mobile/temporary accommodation,13,9,4,0,4
S01006815,All household spaces,294,285,9,2,7
S01006815,Whole house or bungalow: Total,202,194,8,1,7
S01006815,Whole house or bungalow: Detached,51,48,3,0,3
S01006815,Whole house or bungalow: Semi-detached,80,76,4,1,3
S01006815,Whole house or bungalow: Terraced (including end-terrace),71,70,1,0,1
S01006815,Flat maisonette or apartment or mobile/temporary accommodation,92,91,1,1,0
S01006816,All household spaces,316,298,18,6,12
S01006816,Whole house or bungalow: Total,274,257,17,6,11
S01006816,Whole house or bungalow: Detached,151,146,5,1,4
S01006816,Whole house or bungalow: Semi-detached,54,50,4,1,3
S01006816,Whole house or bungalow: Terraced (including end-terrace),69,61,8,4,4
S01006816,Flat maisonette or apartment or mobile/temporary accommodation,42,41,1,0,1
S01006817,All household spaces,275,261,14,2,12
S01006817,Whole house or bungalow: Total,253,239,14,2,12
S01006817,Whole house or bungalow: Detached,132,125,7,0,7
S01006817,Whole house or bungalow: Semi-detached,89,84,5,1,4
S01006817,Whole house or bungalow: Terraced (including end-terrace),32,30,2,1,1
S01006817,Flat maisonette or apartment or mobile/temporary accommodation,22,22,0,0,0
S01006818,All household spaces,288,278,10,2,8
S01006818,Whole house or bungalow: Total,285,275,10,2,8
S01006818,Whole house or bungalow: Detached,201,194,7,2,5
S01006818,Whole house or bungalow: Semi-detached,77,74,3,0,3
S01006818,Whole house or bungalow: Terraced (including end-terrace),7,7,0,0,0
S01006818,Flat maisonette or apartment or mobile/temporary accommodation,3,3,0,0,0
S01006819,All household spaces,323,313,10,3,7
S01006819,Whole house or bungalow: Total,315,305,10,3,7
S01006819,Whole house or bungalow: Detached,197,190,7,2,5
S01006819,Whole house or bungalow: Semi-detached,78,77,1,0,1
S01006819,Whole house or bungalow: Terraced (including end-terrace),40,38,2,1,1
S01006819,Flat maisonette or apartment or mobile/temporary accommodation,8,8,0,0,0
S01006820,All household spaces,184,180,4,1,3
S01006820,Whole house or bungalow: Total,181,177,4,1,3
S01006820,Whole house or bungalow: Detached,73,72,1,0,1
S01006820,Whole house or bungalow: Semi-detached,63,62,1,0,1
S01006820,Whole house or bungalow: Terraced (including end-terrace),45,43,2,1,1
S01006820,Flat maisonette or apartment or mobile/temporary accommodation,3,3,0,0,0
S01006821,All household spaces,235,229,6,2,4
S01006821,Whole house or bungalow: Total,226,220,6,2,4
S01006821,Whole house or bungalow: Detached,197,192,5,2,3
S01006821,Whole house or bungalow: Semi-detached,27,26,1,0,1
S01006821,Whole house or bungalow: Terraced (including end-terrace),2,2,0,0,0
S01006821,Flat maisonette or apartment or mobile/temporary accommodation,9,9,0,0,0
S01006822,All household spaces,294,279,15,1,14
S01006822,Whole house or bungalow: Total,289,275,14,0,14
S01006822,Whole house or bungalow: Detached,240,228,12,0,12
S01006822,Whole house or bungalow: Semi-detached,44,42,2,0,2
S01006822,Whole house or bungalow: Terraced (including end-terrace),5,5,0,0,0
S01006822,Flat maisonette or apartment or mobile/temporary accommodation,5,4,1,1,0
S01006823,All household spaces,311,302,9,1,8
S01006823,Whole house or bungalow: Total,233,230,3,1,2
S01006823,Whole house or bungalow: Detached,159,157,2,1,1
S01006823,Whole house or bungalow: Semi-detached,30,29,1,0,1
S01006823,Whole house or bungalow: Terraced (including end-terrace),44,44,0,0,0
S01006823,Flat maisonette or apartment or mobile/temporary accommodation,78,72,6,0,6
S01006824,All household spaces,374,367,7,2,5
S01006824,Whole house or bungalow: Total,212,206,6,2,4
S01006824,Whole house or bungalow: Detached,14,14,0,0,0
S01006824,Whole house or bungalow: Semi-detached,69,67,2,0,2
S01006824,Whole house or bungalow: Terraced (including end-terrace),129,125,4,2,2
S01006824,Flat maisonette or apartment or mobile/temporary accommodation,162,161,1,0,1
S01006825,All household spaces,335,333,2,1,1
S01006825,Whole house or bungalow: Total,331,329,2,1,1
S01006825,Whole house or bungalow: Detached,55,54,1,1,0
S01006825,Whole house or bungalow: Semi-detached,163,163,0,0,0
S01006825,Whole house or bungalow: Terraced (including end-terrace),113,112,1,0,1
S01006825,Flat maisonette or apartment or mobile/temporary accommodation,4,4,0,0,0
S01006826,All household spaces,345,344,1,1,0
S01006826,Whole house or bungalow: Total,329,328,1,1,0
S01006826,Whole house or bungalow: Detached,188,188,0,0,0
S01006826,Whole house or bungalow: Semi-detached,69,69,0,0,0
S01006826,Whole house or bungalow: Terraced (including end-terrace),72,71,1,1,0
S01006826,Flat maisonette or apartment or mobile/temporary accommodation,16,16,0,0,0
S01006827,All household spaces,426,419,7,1,6
S01006827,Whole house or bungalow: Total,323,319,4,1,3
S01006827,Whole house or bungalow: Detached,57,55,2,0,2
S01006827,Whole house or bungalow: Semi-detached,138,137,1,1,0
S01006827,Whole house or bungalow: Terraced (including end-terrace),128,127,1,0,1
S01006827,Flat maisonette or apartment or mobile/temporary accommodation,103,100,3,0,3
S01006828,All household spaces,516,485,31,11,20
S01006828,Whole house or bungalow: Total,241,231,10,3,7
S01006828,Whole house or bungalow: Detached,48,48,0,0,0
S01006828,Whole house or bungalow: Semi-detached,103,98,5,1,4
S01006828,Whole house or bungalow: Terraced (including end-terrace),90,85,5,2,3
S01006828,Flat maisonette or apartment or mobile/temporary accommodation,275,254,21,8,13
S01006829,All household spaces,139,139,0,0,0
S01006829,Whole house or bungalow: Total,138,138,0,0,0
S01006829,Whole house or bungalow: Detached,106,106,0,0,0
S01006829,Whole house or bungalow: Semi-detached,29,29,0,0,0
S01006829,Whole house or bungalow: Terraced (including end-terrace),3,3,0,0,0
S01006829,Flat maisonette or apartment or mobile/temporary accommodation,1,1,0,0,0
S01006830,All household spaces,303,301,2,0,2
S01006830,Whole house or bungalow: Total,281,279,2,0,2
S01006830,Whole house or bungalow: Detached,89,88,1,0,1
S01006830,Whole house or bungalow: Semi-detached,155,154,1,0,1
S01006830,Whole house or bungalow: Terraced (including end-terrace),37,37,0,0,0
S01006830,Flat maisonette or apartment or mobile/temporary accommodation,22,22,0,0,0
S01006831,All household spaces,222,221,1,0,1
S01006831,Whole house or bungalow: Total,221,220,1,0,1
S01006831,Whole house or bungalow: Detached,93,93,0,0,0
S01006831,Whole house or bungalow: Semi-detached,90,89,1,0,1
S01006831,Whole house or bungalow: Terraced (including end-terrace),38,38,0,0,0
S01006831,Flat maisonette or apartment or mobile/temporary accommodation,1,1,0,0,0
S01006832,All household spaces,432,424,8,2,6
S01006832,Whole house or bungalow: Total,307,303,4,1,3
S01006832,Whole house or bungalow: Detached,149,147,2,0,2
S01006832,Whole house or bungalow: Semi-detached,118,118,0,0,0
S01006832,Whole house or bungalow: Terraced (including end-terrace),40,38,2,1,1
S01006832,Flat maisonette or apartment or mobile/temporary accommodation,125,121,4,1,3
S01006833,All household spaces,181,175,6,3,3
S01006833,Whole house or bungalow: Total,167,162,5,3,2
S01006833,Whole house or bungalow: Detached,96,95,1,0,1
S01006833,Whole house or bungalow: Semi-detached,50,49,1,1,0
S01006833,Whole house or bungalow: Terraced (including end-terrace),21,18,3,2,1
S01006833,Flat maisonette or apartment or mobile/temporary accommodation,14,13,1,0,1
S01006834,All household spaces,163,163,0,0,0
S01006834,Whole house or bungalow: Total,161,161,0,0,0
S01006834,Whole house or bungalow: Detached,121,121,0,0,0
S01006834,Whole house or bungalow: Semi-detached,30,30,0,0,0
S01006834,Whole house or bungalow: Terraced (including end-terrace),10,10,0,0,0
S01006834,Flat maisonette or apartment or mobile/temporary accommodation,2,2,0,0,0
S01006835,All household spaces,501,478,23,5,18
S01006835,Whole house or bungalow: Total,189,181,8,1,7
S01006835,Whole house or bungalow: Detached,33,31,2,0,2
S01006835,Whole house or bungalow: Semi-detached,53,53,0,0,0
S01006835,Whole house or bungalow: Terraced (including end-terrace),103,97,6,1,5
S01006835,Flat maisonette or apartment or mobile/temporary accommodation,312,297,15,4,11
S01006836,All household spaces,223,210,13,1,12
S01006836,Whole house or bungalow: Total,128,123,5,0,5
S01006836,Whole house or bungalow: Detached,109,104,5,0,5
S01006836,Whole house or bungalow: Semi-detached,17,17,0,0,0
S01006836,Whole house or bungalow: Terraced (including end-terrace),2,2,0,0,0
S01006836,Flat maisonette or apartment or mobile/temporary accommodation,95,87,8,1,7
S01006837,All household spaces,230,230,0,0,0
S01006837,Whole house or bungalow: Total,211,211,0,0,0
S01006837,Whole house or bungalow: Detached,93,93,0,0,0
S01006837,Whole house or bungalow: Semi-detached,97,97,0,0,0
S01006837,Whole house or bungalow: Terraced (including end-terrace),21,21,0,0,0
S01006837,Flat maisonette or apartment or mobile/temporary accommodation,19,19,0,0,0
S01006838,All household spaces,250,249,1,0,1
S01006838,Whole house or bungalow: Total,240,239,1,0,1
S01006838,Whole house or bungalow: Detached,119,118,1,0,1
S01006838,Whole house or bungalow: Semi-detached,115,115,0,0,0
S01006838,Whole house or bungalow: Terraced (including end-terrace),6,6,0,0,0
S01006838,Flat maisonette or apartment or mobile/temporary accommodation,10,10,0,0,0
S01006839,All household spaces,460,450,10,1,9
S01006839,Whole house or bungalow: Total,446,437,9,1,8
S01006839,Whole house or bungalow: Detached,77,75,2,0,2
S01006839,Whole house or bungalow: Semi-detached,230,227,3,1,2
S01006839,Whole house or bungalow: Terraced (including end-terrace),139,135,4,0,4
S01006839,Flat maisonette or apartment or mobile/temporary accommodation,14,13,1,0,1
S01006840,All household spaces,374,366,8,0,8
S01006840,Whole house or bungalow: Total,372,364,8,0,8
S01006840,Whole house or bungalow: Detached,305,297,8,0,8
S01006840,Whole house or bungalow: Semi-detached,63,63,0,0,0
S01006840,Whole house or bungalow: Terraced (including end-terrace),4,4,0,0,0
S01006840,Flat maisonette or apartment or mobile/temporary accommodation,2,2,0,0,0
S01006841,All household spaces,348,344,4,0,4
S01006841,Whole house or bungalow: Total,345,341,4,0,4
S01006841,Whole house or bungalow: Detached,190,188,2,0,2
S01006841,Whole house or bungalow: Semi-detached,131,129,2,0,2
S01006841,Whole house or bungalow: Terraced (including end-terrace),24,24,0,0,0
S01006841,Flat maisonette or apartment or mobile/temporary accommodation,3,3,0,0,0
S01006842,All household spaces,310,308,2,0,2
S01006842,Whole house or bungalow: Total,305,303,2,0,2
S01006842,Whole house or bungalow: Detached,105,105,0,0,0
S01006842,Whole house or bungalow: Semi-detached,183,181,2,0,2
S01006842,Whole house or bungalow: Terraced (including end-terrace),17,17,0,0,0
S01006842,Flat maisonette or apartment or mobile/temporary accommodation,5,5,0,0,0
S01006843,All household spaces,315,312,3,0,3
S01006843,Whole house or bungalow: Total,310,307,3,0,3
S01006843,Whole house or bungalow: Detached,143,143,0,0,0
S01006843,Whole house or bungalow: Semi-detached,154,151,3,0,3
S01006843,Whole house or bungalow: Terraced (including end-terrace),13,13,0,0,0
S01006843,Flat maisonette or apartment or mobile/temporary accommodation,5,5,0,0,0
S01006844,All household spaces,335,332,3,0,3
S01006844,Whole house or bungalow: Total,239,239,0,0,0
S01006844,Whole house or bungalow: Detached,81,81,0,0,0
S01006844,Whole house or bungalow: Semi-detached,150,150,0,0,0
S01006844,Whole house or bungalow: Terraced (including end-terrace),8,8,0,0,0
S01006844,Flat maisonette or apartment or mobile/temporary accommodation,96,93,3,0,3
S01006845,All household spaces,371,366,5,1,4
S01006845,Whole house or bungalow: Total,338,333,5,1,4
S01006845,Whole house or bungalow: Detached,163,161,2,0,2
S01006845,Whole house or bungalow: Semi-detached,149,147,2,1,1
S01006845,Whole house or bungalow: Terraced (including end-terrace),26,25,1,0,1
S01006845,Flat maisonette or apartment or mobile/temporary accommodation,33,33,0,0,0
S01006846,All household spaces,242,240,2,0,2
S01006846,Whole house or bungalow: Total,216,214,2,0,2
S01006846,Whole house or bungalow: Detached,32,31,1,0,1
S01006846,Whole house or bungalow: Semi-detached,147,147,0,0,0
S01006846,Whole house or bungalow: Terraced (including end-terrace),37,36,1,0,1
S01006846,Flat maisonette or apartment or mobile/temporary accommodation,26,26,0,0,0
S01006847,All household spaces,240,238,2,0,2
S01006847,Whole house or bungalow: Total,239,237,2,0,2
S01006847,Whole house or bungalow: Detached,110,109,1,0,1
S01006847,Whole house or bungalow: Semi-detached,124,123,1,0,1
S01006847,Whole house or bungalow: Terraced (including end-terrace),5,5,0,0,0
S01006847,Flat maisonette or apartment or mobile/temporary accommodation,1,1,0,0,0
S01006848,All household spaces,381,364,17,1,16
S01006848,Whole house or bungalow: Total,306,293,13,1,12
S01006848,Whole house or bungalow: Detached,233,222,11,0,11
S01006848,Whole house or bungalow: Semi-detached,53,52,1,0,1
S01006848,Whole house or bungalow: Terraced (including end-terrace),20,19,1,1,0
S01006848,Flat maisonette or apartment or mobile/temporary accommodation,75,71,4,0,4
S01006849,All household spaces,363,355,8,0,8
S01006849,Whole house or bungalow: Total,324,317,7,0,7
S01006849,Whole house or bungalow: Detached,198,192,6,0,6
S01006849,Whole house or bungalow: Semi-detached,108,107,1,0,1
S01006849,Whole house or bungalow: Terraced (including end-terrace),18,18,0,0,0
S01006849,Flat maisonette or apartment or mobile/temporary accommodation,39,38,1,0,1
S01006850,All household spaces,369,365,4,0,4
S01006850,Whole house or bungalow: Total,368,364,4,0,4
S01006850,Whole house or bungalow: Detached,29,29,0,0,0
S01006850,Whole house or bungalow: Semi-detached,128,128,0,0,0
S01006850,Whole house or bungalow: Terraced (including end-terrace),211,207,4,0,4
S01006850,Flat maisonette or apartment or mobile/temporary accommodation,1,1,0,0,0
S01006851,All household spaces,339,337,2,0,2
S01006851,Whole house or bungalow: Total,308,306,2,0,2
S01006851,Whole house or bungalow: Detached,65,65,0,0,0
S01006851,Whole house or bungalow: Semi-detached,134,132,2,0,2
S01006851,Whole house or bungalow: Terraced (including end-terrace),109,109,0,0,0
S01006851,Flat maisonette or apartment or mobile/temporary accommodation,31,31,0,0,0
S01006852,All household spaces,237,229,8,3,5
S01006852,Whole house or bungalow: Total,233,225,8,3,5
S01006852,Whole house or bungalow: Detached,144,136,8,3,5
S01006852,Whole house or bungalow: Semi-detached,81,81,0,0,0
S01006852,Whole house or bungalow: Terraced (including end-terrace),8,8,0,0,0
S01006852,Flat maisonette or apartment or mobile/temporary accommodation,4,4,0,0,0
S01006853,All household spaces,329,318,11,1,10
S01006853,Whole house or bungalow: Total,324,313,11,1,10
S01006853,Whole house or bungalow: Detached,270,260,10,1,9
S01006853,Whole house or bungalow: Semi-detached,47,47,0,0,0
S01006853,Whole house or bungalow: Terraced (including end-terrace),7,6,1,0,1
S01006853,Flat maisonette or apartment or mobile/temporary accommodation,5,5,0,0,0
S01006854,All household spaces,371,364,7,2,5
S01006854,Whole house or bungalow: Total,368,361,7,2,5
S01006854,Whole house or bungalow: Detached,204,202,2,1,1
S01006854,Whole house or bungalow: Semi-detached,139,134,5,1,4
S01006854,Whole house or bungalow: Terraced (including end-terrace),25,25,0,0,0
S01006854,Flat maisonette or apartment or mobile/temporary accommodation,3,3,0,0,0
S01006855,All household spaces,310,294,16,7,9
S01006855,Whole house or bungalow: Total,304,288,16,7,9
S01006855,Whole house or bungalow: Detached,243,231,12,4,8
S01006855,Whole house or bungalow: Semi-detached,42,41,1,1,0
S01006855,Whole house or bungalow: Terraced (including end-terrace),19,16,3,2,1
S01006855,Flat maisonette or apartment or mobile/temporary accommodation,6,6,0,0,0
S01006856,All household spaces,265,254,11,0,11
S01006856,Whole house or bungalow: Total,256,245,11,0,11
S01006856,Whole house or bungalow: Detached,188,182,6,0,6
S01006856,Whole house or bungalow: Semi-detached,56,52,4,0,4
S01006856,Whole house or bungalow: Terraced (including end-terrace),12,11,1,0,1
S01006856,Flat maisonette or apartment or mobile/temporary accommodation,9,9,0,0,0
S01006857,All household spaces,418,398,20,3,17
S01006857,Whole house or bungalow: Total,397,379,18,3,15
S01006857,Whole house or bungalow: Detached,286,273,13,3,10
S01006857,Whole house or bungalow: Semi-detached,97,92,5,0,5
S01006857,Whole house or bungalow: Terraced (including end-terrace),14,14,0,0,0
S01006857,Flat maisonette or apartment or mobile/temporary accommodation,21,19,2,0,2
S01006858,All household spaces,249,240,9,2,7
S01006858,Whole house or bungalow: Total,247,238,9,2,7
S01006858,Whole house or bungalow: Detached,209,200,9,2,7
S01006858,Whole house or bungalow: Semi-detached,25,25,0,0,0
S01006858,Whole house or bungalow: Terraced (including end-terrace),13,13,0,0,0
S01006858,Flat maisonette or apartment or mobile/temporary accommodation,2,2,0,0,0
S01006859,All household spaces,426,421,5,2,3
S01006859,Whole house or bungalow: Total,369,365,4,1,3
S01006859,Whole house or bungalow: Detached,325,322,3,0,3
S01006859,Whole house or bungalow: Semi-detached,42,41,1,1,0
S01006859,Whole house or bungalow: Terraced (including end-terrace),2,2,0,0,0
S01006859,Flat maisonette or apartment or mobile/temporary accommodation,57,56,1,1,0
S01006860,All household spaces,270,264,6,0,6
S01006860,Whole house or bungalow: Total,226,223,3,0,3
S01006860,Whole house or bungalow: Detached,43,42,1,0,1
S01006860,Whole house or bungalow: Semi-detached,54,54,0,0,0
S01006860,Whole house or bungalow: Terraced (including end-terrace),129,127,2,0,2
S01006860,Flat maisonette or apartment or mobile/temporary accommodation,44,41,3,0,3
S01006861,All household spaces,196,195,1,0,1
S01006861,Whole house or bungalow: Total,195,194,1,0,1
S01006861,Whole house or bungalow: Detached,152,151,1,0,1
S01006861,Whole house or bungalow: Semi-detached,42,42,0,0,0
S01006861,Whole house or bungalow: Terraced (including end-terrace),1,1,0,0,0
S01006861,Flat maisonette or apartment or mobile/temporary accommodation,1,1,0,0,0
S01006862,All household spaces,316,312,4,0,4
S01006862,Whole house or bungalow: Total,279,276,3,0,3
S01006862,Whole house or bungalow: Detached,110,109,1,0,1
S01006862,Whole house or bungalow: Semi-detached,133,132,1,0,1
S01006862,Whole house or bungalow: Terraced (including end-terrace),36,35,1,0,1
S01006862,Flat maisonette or apartment or mobile/temporary accommodation,37,36,1,0,1
S01006863,All household spaces,303,295,8,1,7
S01006863,Whole house or bungalow: Total,300,292,8,1,7
S01006863,Whole house or bungalow: Detached,119,117,2,0,2
S01006863,Whole house or bungalow: Semi-detached,80,76,4,0,4
S01006863,Whole house or bungalow: Terraced (including end-terrace),101,99,2,1,1
S01006863,Flat maisonette or apartment or mobile/temporary accommodation,3,3,0,0,0
S01006864,All household spaces,170,165,5,1,4
S01006864,Whole house or bungalow: Total,148,144,4,1,3
S01006864,Whole house or bungalow: Detached,66,62,4,1,3
S01006864,Whole house or bungalow: Semi-detached,67,67,0,0,0
S01006864,Whole house or bungalow: Terraced (including end-terrace),15,15,0,0,0
S01006864,Flat maisonette or apartment or mobile/temporary accommodation,22,21,1,0,1
S01006865,All household spaces,456,424,32,10,22
S01006865,Whole house or bungalow: Total,279,266,13,3,10
S01006865,Whole house or bungalow: Detached,192,184,8,2,6
S01006865,Whole house or bungalow: Semi-detached,73,69,4,1,3
S01006865,Whole house or bungalow: Terraced (including end-terrace),14,13,1,0,1
S01006865,Flat maisonette or apartment or mobile/temporary accommodation,177,158,19,7,12
S01006866,All household spaces,222,220,2,1,1
S01006866,Whole house or bungalow: Total,220,218,2,1,1
S01006866,Whole house or bungalow: Detached,180,179,1,0,1
S01006866,Whole house or bungalow: Semi-detached,34,33,1,1,0
S01006866,Whole house or bungalow: Terraced (including end-terrace),6,6,0,0,0
S01006866,Flat maisonette or apartment or mobile/temporary accommodation,2,2,0,0,0
S01006867,All household spaces,302,293,9,0,9
S01006867,Whole house or bungalow: Total,276,270,6,0,6
S01006867,Whole house or bungalow: Detached,211,205,6,0,6
S01006867,Whole house or bungalow: Semi-detached,56,56,0,0,0
S01006867,Whole house or bungalow: Terraced (including end-terrace),9,9,0,0,0
S01006867,Flat maisonette or apartment or mobile/temporary accommodation,26,23,3,0,3
S01006868,All household spaces,368,364,4,0,4
S01006868,Whole house or bungalow: Total,356,352,4,0,4
S01006868,Whole house or bungalow: Detached,127,124,3,0,3
S01006868,Whole house or bungalow: Semi-detached,161,161,0,0,0
S01006868,Whole house or bungalow: Terraced (including end-terrace),68,67,1,0,1
S01006868,Flat maisonette or apartment or mobile/temporary accommodation,12,12,0,0,0
S01006869,All household spaces,205,197,8,5,3
S01006869,Whole house or bungalow: Total,194,186,8,5,3
S01006869,Whole house or bungalow: Detached,137,131,6,3,3
S01006869,Whole house or bungalow: Semi-detached,40,40,0,0,0
S01006869,Whole house or bungalow: Terraced (including end-terrace),17,15,2,2,0
S01006869,Flat maisonette or apartment or mobile/temporary accommodation,11,11,0,0,0
S01006870,All household spaces,200,196,4,0,4
S01006870,Whole house or bungalow: Total,191,187,4,0,4
S01006870,Whole house or bungalow: Detached,121,117,4,0,4
S01006870,Whole house or bungalow: Semi-detached,61,61,0,0,0
S01006870,Whole house or bungalow: Terraced (including end-terrace),9,9,0,0,0
S01006870,Flat maisonette or apartment or mobile/temporary accommodation,9,9,0,0,0
S01006871,All household spaces,271,265,6,1,5
S01006871,Whole house or bungalow: Total,259,253,6,1,5
S01006871,Whole house or bungalow: Detached,177,172,5,1,4
S01006871,Whole house or bungalow: Semi-detached,72,71,1,0,1
S01006871,Whole house or bungalow: Terraced (including end-terrace),10,10,0,0,0
S01006871,Flat maisonette or apartment or mobile/temporary accommodation,12,12,0,0,0
S01006872,All household spaces,258,252,6,1,5
S01006872,Whole house or bungalow: Total,256,250,6,1,5
S01006872,Whole house or bungalow: Detached,226,221,5,1,4
S01006872,Whole house or bungalow: Semi-detached,29,28,1,0,1
S01006872,Whole house or bungalow: Terraced (including end-terrace),1,1,0,0,0
S01006872,Flat maisonette or apartment or mobile/temporary accommodation,2,2,0,0,0
S01006873,All household spaces,493,426,67,50,17
S01006873,Whole house or bungalow: Total,445,389,56,42,14
S01006873,Whole house or bungalow: Detached,311,293,18,9,9
S01006873,Whole house or bungalow: Semi-detached,93,59,34,32,2
S01006873,Whole house or bungalow: Terraced (including end-terrace),41,37,4,1,3
S01006873,Flat maisonette or apartment or mobile/temporary accommodation,48,37,11,8,3
S01006874,All household spaces,224,216,8,6,2
S01006874,Whole house or bungalow: Total,221,213,8,6,2
S01006874,Whole house or bungalow: Detached,199,192,7,6,1
S01006874,Whole house or bungalow: Semi-detached,20,19,1,0,1
S01006874,Whole house or bungalow: Terraced (including end-terrace),2,2,0,0,0
S01006874,Flat maisonette or apartment or mobile/temporary accommodation,3,3,0,0,0
S01006875,All household spaces,340,321,19,17,2
S01006875,Whole house or bungalow: Total,325,307,18,17,1
S01006875,Whole house or bungalow: Detached,152,137,15,15,0
S01006875,Whole house or bungalow: Semi-detached,149,147,2,2,0
S01006875,Whole house or bungalow: Terraced (including end-terrace),24,23,1,0,1
S01006875,Flat maisonette or apartment or mobile/temporary accommodation,15,14,1,0,1
S01006876,All household spaces,413,396,17,17,0
S01006876,Whole house or bungalow: Total,399,383,16,16,0
S01006876,Whole house or bungalow: Detached,281,267,14,14,0
S01006876,Whole house or bungalow: Semi-detached,90,90,0,0,0
S01006876,Whole house or bungalow: Terraced (including end-terrace),28,26,2,2,0
S01006876,Flat maisonette or apartment or mobile/temporary accommodation,14,13,1,1,0
S01006877,All household spaces,403,372,31,26,5
S01006877,Whole house or bungalow: Total,395,364,31,26,5
S01006877,Whole house or bungalow: Detached,358,328,30,25,5
S01006877,Whole house or bungalow: Semi-detached,35,34,1,1,0
S01006877,Whole house or bungalow: Terraced (including end-terrace),2,2,0,0,0
S01006877,Flat maisonette or apartment or mobile/temporary accommodation,8,8,0,0,0
S01006878,All household spaces,373,322,51,50,1
S01006878,Whole house or bungalow: Total,349,299,50,49,1
S01006878,Whole house or bungalow: Detached,253,207,46,45,1
S01006878,Whole house or bungalow: Semi-detached,63,63,0,0,0
S01006878,Whole house or bungalow: Terraced (including end-terrace),33,29,4,4,0
S01006878,Flat maisonette or apartment or mobile/temporary accommodation,24,23,1,1,0
S01006879,All household spaces,380,322,58,49,9
S01006879,Whole house or bungalow: Total,374,316,58,49,9
S01006879,Whole house or bungalow: Detached,322,269,53,45,8
S01006879,Whole house or bungalow: Semi-detached,51,46,5,4,1
S01006879,Whole house or bungalow: Terraced (including end-terrace),1,1,0,0,0
S01006879,Flat maisonette or apartment or mobile/temporary accommodation,6,6,0,0,0
S01006880,All household spaces,234,227,7,1,6
S01006880,Whole house or bungalow: Total,226,219,7,1,6
S01006880,Whole house or bungalow: Detached,197,191,6,0,6
S01006880,Whole house or bungalow: Semi-detached,27,27,0,0,0
S01006880,Whole house or bungalow: Terraced (including end-terrace),2,1,1,1,0
S01006880,Flat maisonette or apartment or mobile/temporary accommodation,8,8,0,0,0
S01006881,All household spaces,238,227,11,3,8
S01006881,Whole house or bungalow: Total,237,226,11,3,8
S01006881,Whole house or bungalow: Detached,203,193,10,3,7
S01006881,Whole house or bungalow: Semi-detached,32,31,1,0,1
S01006881,Whole house or bungalow: Terraced (including end-terrace),2,2,0,0,0
S01006881,Flat maisonette or apartment or mobile/temporary accommodation,1,1,0,0,0
S01006882,All household spaces,212,207,5,0,5
S01006882,Whole house or bungalow: Total,182,180,2,0,2
S01006882,Whole house or bungalow: Detached,47,47,0,0,0
S01006882,Whole house or bungalow: Semi-detached,133,131,2,0,2
S01006882,Whole house or bungalow: Terraced (including end-terrace),2,2,0,0,0
S01006882,Flat maisonette or apartment or mobile/temporary accommodation,30,27,3,0,3
S01006883,All household spaces,228,217,11,1,10
S01006883,Whole house or bungalow: Total,172,165,7,1,6
S01006883,Whole house or bungalow: Detached,119,115,4,0,4
S01006883,Whole house or bungalow: Semi-detached,37,35,2,1,1
S01006883,Whole house or bungalow: Terraced (including end-terrace),16,15,1,0,1
S01006883,Flat maisonette or apartment or mobile/temporary accommodation,56,52,4,0,4
S01006884,All household spaces,405,390,15,2,13
S01006884,Whole house or bungalow: Total,378,368,10,2,8
S01006884,Whole house or bungalow: Detached,233,225,8,2,6
S01006884,Whole house or bungalow: Semi-detached,120,118,2,0,2
S01006884,Whole house or bungalow: Terraced (including end-terrace),25,25,0,0,0
S01006884,Flat maisonette or apartment or mobile/temporary accommodation,27,22,5,0,5
S01006885,All household spaces,232,220,12,4,8
S01006885,Whole house or bungalow: Total,232,220,12,4,8
S01006885,Whole house or bungalow: Detached,190,180,10,4,6
S01006885,Whole house or bungalow: Semi-detached,36,35,1,0,1
S01006885,Whole house or bungalow: Terraced (including end-terrace),6,5,1,0,1
S01006885,Flat maisonette or apartment or mobile/temporary accommodation,0,0,0,0,0
S01006886,All household spaces,342,321,21,5,16
S01006886,Whole house or bungalow: Total,335,316,19,4,15
S01006886,Whole house or bungalow: Detached,239,223,16,4,12
S01006886,Whole house or bungalow: Semi-detached,54,52,2,0,2
S01006886,Whole house or bungalow: Terraced (including end-terrace),42,41,1,0,1
S01006886,Flat maisonette or apartment or mobile/temporary accommodation,7,5,2,1,1
S01006887,All household spaces,218,213,5,3,2
S01006887,Whole house or bungalow: Total,199,195,4,2,2
S01006887,Whole house or bungalow: Detached,165,161,4,2,2
S01006887,Whole house or bungalow: Semi-detached,29,29,0,0,0
S01006887,Whole house or bungalow: Terraced (including end-terrace),5,5,0,0,0
S01006887,Flat maisonette or apartment or mobile/temporary accommodation,19,18,1,1,0
S01006888,All household spaces,322,309,13,4,9
S01006888,Whole house or bungalow: Total,312,299,13,4,9
S01006888,Whole house or bungalow: Detached,235,228,7,4,3
S01006888,Whole house or bungalow: Semi-detached,65,60,5,0,5
S01006888,Whole house or bungalow: Terraced (including end-terrace),12,11,1,0,1
S01006888,Flat maisonette or apartment or mobile/temporary accommodation,10,10,0,0,0
S01006889,All household spaces,351,350,1,0,1
S01006889,Whole house or bungalow: Total,346,345,1,0,1
S01006889,Whole house or bungalow: Detached,70,70,0,0,0
S01006889,Whole house or bungalow: Semi-detached,150,149,1,0,1
S01006889,Whole house or bungalow: Terraced (including end-terrace),126,126,0,0,0
S01006889,Flat maisonette or apartment or mobile/temporary accommodation,5,5,0,0,0
S01006890,All household spaces,267,264,3,3,0
S01006890,Whole house or bungalow: Total,229,227,2,2,0
S01006890,Whole house or bungalow: Detached,151,150,1,1,0
S01006890,Whole house or bungalow: Semi-detached,62,62,0,0,0
S01006890,Whole house or bungalow: Terraced (including end-terrace),16,15,1,1,0
S01006890,Flat maisonette or apartment or mobile/temporary accommodation,38,37,1,1,0
S01006891,All household spaces,410,400,10,0,10
S01006891,Whole house or bungalow: Total,342,335,7,0,7
S01006891,Whole house or bungalow: Detached,167,164,3,0,3
S01006891,Whole house or bungalow: Semi-detached,103,101,2,0,2
S01006891,Whole house or bungalow: Terraced (including end-terrace),72,70,2,0,2
S01006891,Flat maisonette or apartment or mobile/temporary accommodation,68,65,3,0,3
S01006892,All household spaces,280,275,5,0,5
S01006892,Whole house or bungalow: Total,277,274,3,0,3
S01006892,Whole house or bungalow: Detached,43,42,1,0,1
S01006892,Whole house or bungalow: Semi-detached,188,187,1,0,1
S01006892,Whole house or bungalow: Terraced (including end-terrace),46,45,1,0,1
S01006892,Flat maisonette or apartment or mobile/temporary accommodation,3,1,2,0,2
S01006893,All household spaces,198,196,2,1,1
S01006893,Whole house or bungalow: Total,197,195,2,1,1
S01006893,Whole house or bungalow: Detached,65,64,1,1,0
S01006893,Whole house or bungalow: Semi-detached,60,60,0,0,0
S01006893,Whole house or bungalow: Terraced (including end-terrace),72,71,1,0,1
S01006893,Flat maisonette or apartment or mobile/temporary accommodation,1,1,0,0,0
S01006894,All household spaces,455,448,7,0,7
S01006894,Whole house or bungalow: Total,369,363,6,0,6
S01006894,Whole house or bungalow: Detached,112,109,3,0,3
S01006894,Whole house or bungalow: Semi-detached,248,245,3,0,3
S01006894,Whole house or bungalow: Terraced (including end-terrace),9,9,0,0,0
S01006894,Flat maisonette or apartment or mobile/temporary accommodation,86,85,1,0,1
S01006895,All household spaces,277,266,11,1,10
S01006895,Whole house or bungalow: Total,129,122,7,1,6
S01006895,Whole house or bungalow: Detached,9,8,1,1,0
S01006895,Whole house or bungalow: Semi-detached,73,67,6,0,6
S01006895,Whole house or bungalow: Terraced (including end-terrace),47,47,0,0,0
S01006895,Flat maisonette or apartment or mobile/temporary accommodation,148,144,4,0,4
S01006896,All household spaces,373,361,12,0,12
S01006896,Whole house or bungalow: Total,251,246,5,0,5
S01006896,Whole house or bungalow: Detached,88,87,1,0,1
S01006896,Whole house or bungalow: Semi-detached,131,127,4,0,4
S01006896,Whole house or bungalow: Terraced (including end-terrace),32,32,0,0,0
S01006896,Flat maisonette or apartment or mobile/temporary accommodation,122,115,7,0,7
S01006897,All household spaces,293,290,3,0,3
S01006897,Whole house or bungalow: Total,253,251,2,0,2
S01006897,Whole house or bungalow: Detached,79,79,0,0,0
S01006897,Whole house or bungalow: Semi-detached,103,102,1,0,1
S01006897,Whole house or bungalow: Terraced (including end-terrace),71,70,1,0,1
S01006897,Flat maisonette or apartment or mobile/temporary accommodation,40,39,1,0,1
S01006898,All household spaces,345,340,5,0,5
S01006898,Whole house or bungalow: Total,291,288,3,0,3
S01006898,Whole house or bungalow: Detached,94,93,1,0,1
S01006898,Whole house or bungalow: Semi-detached,182,180,2,0,2
S01006898,Whole house or bungalow: Terraced (including end-terrace),15,15,0,0,0
S01006898,Flat maisonette or apartment or mobile/temporary accommodation,54,52,2,0,2
S01006899,All household spaces,247,242,5,0,5
S01006899,Whole house or bungalow: Total,243,238,5,0,5
S01006899,Whole house or bungalow: Detached,116,113,3,0,3
S01006899,Whole house or bungalow: Semi-detached,126,124,2,0,2
S01006899,Whole house or bungalow: Terraced (including end-terrace),1,1,0,0,0
S01006899,Flat maisonette or apartment or mobile/temporary accommodation,4,4,0,0,0
S01006900,All household spaces,237,234,3,0,3
S01006900,Whole house or bungalow: Total,231,228,3,0,3
S01006900,Whole house or bungalow: Detached,113,112,1,0,1
S01006900,Whole house or bungalow: Semi-detached,97,96,1,0,1
S01006900,Whole house or bungalow: Terraced (including end-terrace),21,20,1,0,1
S01006900,Flat maisonette or apartment or mobile/temporary accommodation,6,6,0,0,0
S01006901,All household spaces,276,270,6,0,6
S01006901,Whole house or bungalow: Total,204,200,4,0,4
S01006901,Whole house or bungalow: Detached,26,24,2,0,2
S01006901,Whole house or bungalow: Semi-detached,138,136,2,0,2
S01006901,Whole house or bungalow: Terraced (including end-terrace),40,40,0,0,0
S01006901,Flat maisonette or apartment or mobile/temporary accommodation,72,70,2,0,2
S01006902,All household spaces,303,296,7,0,7
S01006902,Whole house or bungalow: Total,217,213,4,0,4
S01006902,Whole house or bungalow: Detached,76,76,0,0,0
S01006902,Whole house or bungalow: Semi-detached,134,130,4,0,4
S01006902,Whole house or bungalow: Terraced (including end-terrace),7,7,0,0,0
S01006902,Flat maisonette or apartment or mobile/temporary accommodation,86,83,3,0,3
S01006903,All household spaces,356,349,7,0,7
S01006903,Whole house or bungalow: Total,268,263,5,0,5
S01006903,Whole house or bungalow: Detached,58,56,2,0,2
S01006903,Whole house or bungalow: Semi-detached,135,132,3,0,3
S01006903,Whole house or bungalow: Terraced (including end-terrace),75,75,0,0,0
S01006903,Flat maisonette or apartment or mobile/temporary accommodation,88,86,2,0,2
S01006904,All household spaces,345,330,15,1,14
S01006904,Whole house or bungalow: Total,197,190,7,0,7
S01006904,Whole house or bungalow: Detached,83,80,3,0,3
S01006904,Whole house or bungalow: Semi-detached,48,46,2,0,2
S01006904,Whole house or bungalow: Terraced (including end-terrace),66,64,2,0,2
S01006904,Flat maisonette or apartment or mobile/temporary accommodation,148,140,8,1,7
S01006905,All household spaces,407,395,12,2,10
S01006905,Whole house or bungalow: Total,330,322,8,2,6
S01006905,Whole house or bungalow: Detached,140,137,3,0,3
S01006905,Whole house or bungalow: Semi-detached,162,158,4,1,3
S01006905,Whole house or bungalow: Terraced (including end-terrace),28,27,1,1,0
S01006905,Flat maisonette or apartment or mobile/temporary accommodation,77,73,4,0,4
S01006906,All household spaces,448,441,7,0,7
S01006906,Whole house or bungalow: Total,302,299,3,0,3
S01006906,Whole house or bungalow: Detached,23,22,1,0,1
S01006906,Whole house or bungalow: Semi-detached,121,121,0,0,0
S01006906,Whole house or bungalow: Terraced (including end-terrace),158,156,2,0,2
S01006906,Flat maisonette or apartment or mobile/temporary accommodation,146,142,4,0,4
S01006907,All household spaces,318,305,13,1,12
S01006907,Whole house or bungalow: Total,132,127,5,1,4
S01006907,Whole house or bungalow: Detached,85,81,4,0,4
S01006907,Whole house or bungalow: Semi-detached,29,29,0,0,0
S01006907,Whole house or bungalow: Terraced (including end-terrace),18,17,1,1,0
S01006907,Flat maisonette or apartment or mobile/temporary accommodation,186,178,8,0,8
S01006908,All household spaces,450,426,24,6,18
S01006908,Whole house or bungalow: Total,217,212,5,0,5
S01006908,Whole house or bungalow: Detached,67,66,1,0,1
S01006908,Whole house or bungalow: Semi-detached,75,71,4,0,4
S01006908,Whole house or bungalow: Terraced (including end-terrace),75,75,0,0,0
S01006908,Flat maisonette or apartment or mobile/temporary accommodation,233,214,19,6,13
S01006909,All household spaces,279,275,4,1,3
S01006909,Whole house or bungalow: Total,271,267,4,1,3
S01006909,Whole house or bungalow: Detached,240,237,3,0,3
S01006909,Whole house or bungalow: Semi-detached,26,25,1,1,0
S01006909,Whole house or bungalow: Terraced (including end-terrace),5,5,0,0,0
S01006909,Flat maisonette or apartment or mobile/temporary accommodation,8,8,0,0,0
S01006910,All household spaces,363,353,10,1,9
S01006910,Whole house or bungalow: Total,320,315,5,0,5
S01006910,Whole house or bungalow: Detached,269,264,5,0,5
S01006910,Whole house or bungalow: Semi-detached,33,33,0,0,0
S01006910,Whole house or bungalow: Terraced (including end-terrace),18,18,0,0,0
S01006910,Flat maisonette or apartment or mobile/temporary accommodation,43,38,5,1,4
S01006911,All household spaces,234,224,10,0,10
S01006911,Whole house or bungalow: Total,226,216,10,0,10
S01006911,Whole house or bungalow: Detached,186,176,10,0,10
S01006911,Whole house or bungalow: Semi-detached,25,25,0,0,0
S01006911,Whole house or bungalow: Terraced (including end-terrace),15,15,0,0,0
S01006911,Flat maisonette or apartment or mobile/temporary accommodation,8,8,0,0,0
S01006912,All household spaces,188,170,18,6,12
S01006912,Whole house or bungalow: Total,177,164,13,2,11
S01006912,Whole house or bungalow: Detached,140,131,9,2,7
S01006912,Whole house or bungalow: Semi-detached,30,26,4,0,4
S01006912,Whole house or bungalow: Terraced (including end-terrace),7,7,0,0,0
S01006912,Flat maisonette or apartment or mobile/temporary accommodation,11,6,5,4,1
S01006913,All household spaces,185,182,3,0,3
S01006913,Whole house or bungalow: Total,182,179,3,0,3
S01006913,Whole house or bungalow: Detached,158,156,2,0,2
S01006913,Whole house or bungalow: Semi-detached,24,23,1,0,1
S01006913,Whole house or bungalow: Terraced (including end-terrace),0,0,0,0,0
S01006913,Flat maisonette or apartment or mobile/temporary accommodation,3,3,0,0,0
S01006914,All household spaces,283,273,10,2,8
S01006914,Whole house or bungalow: Total,276,266,10,2,8
S01006914,Whole house or bungalow: Detached,207,201,6,1,5
S01006914,Whole house or bungalow: Semi-detached,52,49,3,1,2
S01006914,Whole house or bungalow: Terraced (including end-terrace),17,16,1,0,1
S01006914,Flat maisonette or apartment or mobile/temporary accommodation,7,7,0,0,0
S01006915,All household spaces,316,301,15,0,15
S01006915,Whole house or bungalow: Total,312,297,15,0,15
S01006915,Whole house or bungalow: Detached,238,226,12,0,12
S01006915,Whole house or bungalow: Semi-detached,67,66,1,0,1
S01006915,Whole house or bungalow: Terraced (including end-terrace),7,5,2,0,2
S01006915,Flat maisonette or apartment or mobile/temporary accommodation,4,4,0,0,0
S01006916,All household spaces,213,207,6,2,4
S01006916,Whole house or bungalow: Total,177,173,4,2,2
S01006916,Whole house or bungalow: Detached,106,103,3,2,1
S01006916,Whole house or bungalow: Semi-detached,67,66,1,0,1
S01006916,Whole house or bungalow: Terraced (including end-terrace),4,4,0,0,0
S01006916,Flat maisonette or apartment or mobile/temporary accommodation,36,34,2,0,2
S01006917,All household spaces,322,320,2,0,2
S01006917,Whole house or bungalow: Total,321,319,2,0,2
S01006917,Whole house or bungalow: Detached,277,275,2,0,2
S01006917,Whole house or bungalow: Semi-detached,41,41,0,0,0
S01006917,Whole house or bungalow: Terraced (including end-terrace),3,3,0,0,0
S01006917,Flat maisonette or apartment or mobile/temporary accommodation,1,1,0,0,0
S01006918,All household spaces,195,195,0,0,0
S01006918,Whole house or bungalow: Total,180,180,0,0,0
S01006918,Whole house or bungalow: Detached,109,109,0,0,0
S01006918,Whole house or bungalow: Semi-detached,59,59,0,0,0
S01006918,Whole house or bungalow: Terraced (including end-terrace),12,12,0,0,0
S01006918,Flat maisonette or apartment or mobile/temporary accommodation,15,15,0,0,0
S01006919,All household spaces,209,205,4,1,3
S01006919,Whole house or bungalow: Total,190,188,2,0,2
S01006919,Whole house or bungalow: Detached,95,94,1,0,1
S01006919,Whole house or bungalow: Semi-detached,55,54,1,0,1
S01006919,Whole house or bungalow: Terraced (including end-terrace),40,40,0,0,0
S01006919,Flat maisonette or apartment or mobile/temporary accommodation,19,17,2,1,1
S01006920,All household spaces,247,243,4,0,4
S01006920,Whole house or bungalow: Total,147,143,4,0,4
S01006920,Whole house or bungalow: Detached,82,80,2,0,2
S01006920,Whole house or bungalow: Semi-detached,50,49,1,0,1
S01006920,Whole house or bungalow: Terraced (including end-terrace),15,14,1,0,1
S01006920,Flat maisonette or apartment or mobile/temporary accommodation,100,100,0,0,0
S01006921,All household spaces,274,270,4,1,3
S01006921,Whole house or bungalow: Total,273,269,4,1,3
S01006921,Whole house or bungalow: Detached,216,212,4,1,3
S01006921,Whole house or bungalow: Semi-detached,53,53,0,0,0
S01006921,Whole house or bungalow: Terraced (including end-terrace),4,4,0,0,0
S01006921,Flat maisonette or apartment or mobile/temporary accommodation,1,1,0,0,0
S01006922,All household spaces,208,201,7,0,7
S01006922,Whole house or bungalow: Total,192,186,6,0,6
S01006922,Whole house or bungalow: Detached,156,150,6,0,6
S01006922,Whole house or bungalow: Semi-detached,28,28,0,0,0
S01006922,Whole house or bungalow: Terraced (including end-terrace),8,8,0,0,0
S01006922,Flat maisonette or apartment or mobile/temporary accommodation,16,15,1,0,1
S01006923,All household spaces,336,331,5,1,4
S01006923,Whole house or bungalow: Total,303,299,4,1,3
S01006923,Whole house or bungalow: Detached,208,204,4,1,3
S01006923,Whole house or bungalow: Semi-detached,57,57,0,0,0
S01006923,Whole house or bungalow: Terraced (including end-terrace),38,38,0,0,0
S01006923,Flat maisonette or apartment or mobile/temporary accommodation,33,32,1,0,1
S01006924,All household spaces,212,208,4,1,3
S01006924,Whole house or bungalow: Total,208,204,4,1,3
S01006924,Whole house or bungalow: Detached,171,167,4,1,3
S01006924,Whole house or bungalow: Semi-detached,30,30,0,0,0
S01006924,Whole house or bungalow: Terraced (including end-terrace),7,7,0,0,0
S01006924,Flat maisonette or apartment or mobile/temporary accommodation,4,4,0,0,0
S01006925,All household spaces,216,215,1,0,1
S01006925,Whole house or bungalow: Total,182,181,1,0,1
S01006925,Whole house or bungalow: Detached,108,107,1,0,1
S01006925,Whole house or bungalow: Semi-detached,72,72,0,0,0
S01006925,Whole house or bungalow: Terraced (including end-terrace),2,2,0,0,0
S01006925,Flat maisonette or apartment or mobile/temporary accommodation,34,34,0,0,0
S01006926,All household spaces,266,263,3,1,2
S01006926,Whole house or bungalow: Total,263,260,3,1,2
S01006926,Whole house or bungalow: Detached,194,191,3,1,2
S01006926,Whole house or bungalow: Semi-detached,66,66,0,0,0
S01006926,Whole house or bungalow: Terraced (including end-terrace),3,3,0,0,0
S01006926,Flat maisonette or apartment or mobile/temporary accommodation,3,3,0,0,0
S01006927,All household spaces,362,358,4,0,4
S01006927,Whole house or bungalow: Total,337,333,4,0,4
S01006927,Whole house or bungalow: Detached,277,274,3,0,3
S01006927,Whole house or bungalow: Semi-detached,57,56,1,0,1
S01006927,Whole house or bungalow: Terraced (including end-terrace),3,3,0,0,0
S01006927,Flat maisonette or apartment or mobile/temporary accommodation,25,25,0,0,0
S01006928,All household spaces,428,416,12,1,11
S01006928,Whole house or bungalow: Total,398,387,11,1,10
S01006928,Whole house or bungalow: Detached,219,212,7,1,6
S01006928,Whole house or bungalow: Semi-detached,127,125,2,0,2
S01006928,Whole house or bungalow: Terraced (including end-terrace),52,50,2,0,2
S01006928,Flat maisonette or apartment or mobile/temporary accommodation,30,29,1,0,1
S01006929,All household spaces,284,280,4,1,3
S01006929,Whole house or bungalow: Total,283,279,4,1,3
S01006929,Whole house or bungalow: Detached,269,265,4,1,3
S01006929,Whole house or bungalow: Semi-detached,12,12,0,0,0
S01006929,Whole house or bungalow: Terraced (including end-terrace),2,2,0,0,0
S01006929,Flat maisonette or apartment or mobile/temporary accommodation,1,1,0,0,0
S01006930,All household spaces,361,358,3,0,3
S01006930,Whole house or bungalow: Total,348,346,2,0,2
S01006930,Whole house or bungalow: Detached,266,265,1,0,1
S01006930,Whole house or bungalow: Semi-detached,79,78,1,0,1
S01006930,Whole house or bungalow: Terraced (including end-terrace),3,3,0,0,0
S01006930,Flat maisonette or apartment or mobile/temporary accommodation,13,12,1,0,1
S01006931,All household spaces,163,159,4,0,4
S01006931,Whole house or bungalow: Total,159,155,4,0,4
S01006931,Whole house or bungalow: Detached,120,116,4,0,4
S01006931,Whole house or bungalow: Semi-detached,22,22,0,0,0
S01006931,Whole house or bungalow: Terraced (including end-terrace),17,17,0,0,0
S01006931,Flat maisonette or apartment or mobile/temporary accommodation,4,4,0,0,0
S01006932,All household spaces,198,195,3,0,3
S01006932,Whole house or bungalow: Total,197,194,3,0,3
S01006932,Whole house or bungalow: Detached,139,136,3,0,3
S01006932,Whole house or bungalow: Semi-detached,55,55,0,0,0
S01006932,Whole house or bungalow: Terraced (including end-terrace),3,3,0,0,0
S01006932,Flat maisonette or apartment or mobile/temporary accommodation,1,1,0,0,0
S01006933,All household spaces,221,220,1,0,1
S01006933,Whole house or bungalow: Total,220,219,1,0,1
S01006933,Whole house or bungalow: Detached,69,69,0,0,0
S01006933,Whole house or bungalow: Semi-detached,151,150,1,0,1
S01006933,Whole house or bungalow: Terraced (including end-terrace),0,0,0,0,0
S01006933,Flat maisonette or apartment or mobile/temporary accommodation,1,1,0,0,0
S01006934,All household spaces,238,234,4,1,3
S01006934,Whole house or bungalow: Total,235,231,4,1,3
S01006934,Whole house or bungalow: Detached,130,126,4,1,3
S01006934,Whole house or bungalow: Semi-detached,62,62,0,0,0
S01006934,Whole house or bungalow: Terraced (including end-terrace),43,43,0,0,0
S01006934,Flat maisonette or apartment or mobile/temporary accommodation,3,3,0,0,0
S01006935,All household spaces,307,301,6,0,6
S01006935,Whole house or bungalow: Total,273,267,6,0,6
S01006935,Whole house or bungalow: Detached,92,90,2,0,2
S01006935,Whole house or bungalow: Semi-detached,168,164,4,0,4
S01006935,Whole house or bungalow: Terraced (including end-terrace),13,13,0,0,0
S01006935,Flat maisonette or apartment or mobile/temporary accommodation,34,34,0,0,0
S01006936,All household spaces,278,274,4,1,3
S01006936,Whole house or bungalow: Total,236,232,4,1,3
S01006936,Whole house or bungalow: Detached,26,25,1,1,0
S01006936,Whole house or bungalow: Semi-detached,181,179,2,0,2
S01006936,Whole house or bungalow: Terraced (including end-terrace),29,28,1,0,1
S01006936,Flat maisonette or apartment or mobile/temporary accommodation,42,42,0,0,0
S01006937,All household spaces,325,316,9,1,8
S01006937,Whole house or bungalow: Total,256,249,7,0,7
S01006937,Whole house or bungalow: Detached,121,119,2,0,2
S01006937,Whole house or bungalow: Semi-detached,74,72,2,0,2
S01006937,Whole house or bungalow: Terraced (including end-terrace),61,58,3,0,3
S01006937,Flat maisonette or apartment or mobile/temporary accommodation,69,67,2,1,1
S01006938,All household spaces,260,254,6,0,6
S01006938,Whole house or bungalow: Total,186,185,1,0,1
S01006938,Whole house or bungalow: Detached,39,39,0,0,0
S01006938,Whole house or bungalow: Semi-detached,123,123,0,0,0
S01006938,Whole house or bungalow: Terraced (including end-terrace),24,23,1,0,1
S01006938,Flat maisonette or apartment or mobile/temporary accommodation,74,69,5,0,5
S01006939,All household spaces,237,234,3,1,2
S01006939,Whole house or bungalow: Total,233,230,3,1,2
S01006939,Whole house or bungalow: Detached,131,128,3,1,2
S01006939,Whole house or bungalow: Semi-detached,99,99,0,0,0
S01006939,Whole house or bungalow: Terraced (including end-terrace),3,3,0,0,0
S01006939,Flat maisonette or apartment or mobile/temporary accommodation,4,4,0,0,0
S01006940,All household spaces,382,378,4,1,3
S01006940,Whole house or bungalow: Total,322,322,0,0,0
S01006940,Whole house or bungalow: Detached,210,210,0,0,0
S01006940,Whole house or bungalow: Semi-detached,86,86,0,0,0
S01006940,Whole house or bungalow: Terraced (including end-terrace),26,26,0,0,0
S01006940,Flat maisonette or apartment or mobile/temporary accommodation,60,56,4,1,3
S01006941,All household spaces,261,255,6,1,5
S01006941,Whole house or bungalow: Total,237,232,5,1,4
S01006941,Whole house or bungalow: Detached,62,60,2,1,1
S01006941,Whole house or bungalow: Semi-detached,72,71,1,0,1
S01006941,Whole house or bungalow: Terraced (including end-terrace),103,101,2,0,2
S01006941,Flat maisonette or apartment or mobile/temporary accommodation,24,23,1,0,1
S01006942,All household spaces,391,390,1,0,1
S01006942,Whole house or bungalow: Total,368,367,1,0,1
S01006942,Whole house or bungalow: Detached,186,186,0,0,0
S01006942,Whole house or bungalow: Semi-detached,167,166,1,0,1
S01006942,Whole house or bungalow: Terraced (including end-terrace),15,15,0,0,0
S01006942,Flat maisonette or apartment or mobile/temporary accommodation,23,23,0,0,0
S01006943,All household spaces,208,208,0,0,0
S01006943,Whole house or bungalow: Total,208,208,0,0,0
S01006943,Whole house or bungalow: Detached,193,193,0,0,0
S01006943,Whole house or bungalow: Semi-detached,14,14,0,0,0
S01006943,Whole house or bungalow: Terraced (including end-terrace),1,1,0,0,0
S01006943,Flat maisonette or apartment or mobile/temporary accommodation,0,0,0,0,0
S01006944,All household spaces,336,327,9,0,9
S01006944,Whole house or bungalow: Total,240,235,5,0,5
S01006944,Whole house or bungalow: Detached,175,171,4,0,4
S01006944,Whole house or bungalow: Semi-detached,62,61,1,0,1
S01006944,Whole house or bungalow: Terraced (including end-terrace),3,3,0,0,0
S01006944,Flat maisonette or apartment or mobile/temporary accommodation,96,92,4,0,4
S01006945,All household spaces,220,215,5,1,4
S01006945,Whole house or bungalow: Total,190,186,4,1,3
S01006945,Whole house or bungalow: Detached,119,116,3,0,3
S01006945,Whole house or bungalow: Semi-detached,65,65,0,0,0
S01006945,Whole house or bungalow: Terraced (including end-terrace),6,5,1,1,0
S01006945,Flat maisonette or apartment or mobile/temporary accommodation,30,29,1,0,1
S01006946,All household spaces,322,314,8,1,7
S01006946,Whole house or bungalow: Total,270,264,6,0,6
S01006946,Whole house or bungalow: Detached,168,164,4,0,4
S01006946,Whole house or bungalow: Semi-detached,88,87,1,0,1
S01006946,Whole house or bungalow: Terraced (including end-terrace),14,13,1,0,1
S01006946,Flat maisonette or apartment or mobile/temporary accommodation,52,50,2,1,1
S01006947,All household spaces,311,306,5,2,3
S01006947,Whole house or bungalow: Total,302,297,5,2,3
S01006947,Whole house or bungalow: Detached,163,160,3,2,1
S01006947,Whole house or bungalow: Semi-detached,134,132,2,0,2
S01006947,Whole house or bungalow: Terraced (including end-terrace),5,5,0,0,0
S01006947,Flat maisonette or apartment or mobile/temporary accommodation,9,9,0,0,0
S01006948,All household spaces,383,372,11,0,11
S01006948,Whole house or bungalow: Total,356,346,10,0,10
S01006948,Whole house or bungalow: Detached,193,185,8,0,8
S01006948,Whole house or bungalow: Semi-detached,124,123,1,0,1
S01006948,Whole house or bungalow: Terraced (including end-terrace),39,38,1,0,1
S01006948,Flat maisonette or apartment or mobile/temporary accommodation,27,26,1,0,1
S01006949,All household spaces,259,248,11,1,10
S01006949,Whole house or bungalow: Total,256,246,10,1,9
S01006949,Whole house or bungalow: Detached,207,197,10,1,9
S01006949,Whole house or bungalow: Semi-detached,38,38,0,0,0
S01006949,Whole house or bungalow: Terraced (including end-terrace),11,11,0,0,0
S01006949,Flat maisonette or apartment or mobile/temporary accommodation,3,2,1,0,1
S01006950,All household spaces,204,199,5,0,5
S01006950,Whole house or bungalow: Total,179,177,2,0,2
S01006950,Whole house or bungalow: Detached,101,99,2,0,2
S01006950,Whole house or bungalow: Semi-detached,76,76,0,0,0
S01006950,Whole house or bungalow: Terraced (including end-terrace),2,2,0,0,0
S01006950,Flat maisonette or apartment or mobile/temporary accommodation,25,22,3,0,3
S01006951,All household spaces,208,204,4,0,4
S01006951,Whole house or bungalow: Total,206,202,4,0,4
S01006951,Whole house or bungalow: Detached,65,65,0,0,0
S01006951,Whole house or bungalow: Semi-detached,138,134,4,0,4
S01006951,Whole house or bungalow: Terraced (including end-terrace),3,3,0,0,0
S01006951,Flat maisonette or apartment or mobile/temporary accommodation,2,2,0,0,0
S01006952,All household spaces,380,364,16,7,9
S01006952,Whole house or bungalow: Total,349,339,10,4,6
S01006952,Whole house or bungalow: Detached,308,302,6,1,5
S01006952,Whole house or bungalow: Semi-detached,35,31,4,3,1
S01006952,Whole house or bungalow: Terraced (including end-terrace),6,6,0,0,0
S01006952,Flat maisonette or apartment or mobile/temporary accommodation,31,25,6,3,3
S01006953,All household spaces,308,301,7,1,6
S01006953,Whole house or bungalow: Total,294,287,7,1,6
S01006953,Whole house or bungalow: Detached,244,238,6,0,6
S01006953,Whole house or bungalow: Semi-detached,19,18,1,1,0
S01006953,Whole house or bungalow: Terraced (including end-terrace),31,31,0,0,0
S01006953,Flat maisonette or apartment or mobile/temporary accommodation,14,14,0,0,0
S01006954,All household spaces,322,317,5,2,3
S01006954,Whole house or bungalow: Total,315,311,4,2,2
S01006954,Whole house or bungalow: Detached,166,164,2,1,1
S01006954,Whole house or bungalow: Semi-detached,138,136,2,1,1
S01006954,Whole house or bungalow: Terraced (including end-terrace),11,11,0,0,0
S01006954,Flat maisonette or apartment or mobile/temporary accommodation,7,6,1,0,1
S01006955,All household spaces,269,267,2,0,2
S01006955,Whole house or bungalow: Total,199,198,1,0,1
S01006955,Whole house or bungalow: Detached,18,18,0,0,0
S01006955,Whole house or bungalow: Semi-detached,138,137,1,0,1
S01006955,Whole house or bungalow: Terraced (including end-terrace),43,43,0,0,0
S01006955,Flat maisonette or apartment or mobile/temporary accommodation,70,69,1,0,1
S01006956,All household spaces,398,394,4,0,4
S01006956,Whole house or bungalow: Total,395,391,4,0,4
S01006956,Whole house or bungalow: Detached,199,197,2,0,2
S01006956,Whole house or bungalow: Semi-detached,150,149,1,0,1
S01006956,Whole house or bungalow: Terraced (including end-terrace),46,45,1,0,1
S01006956,Flat maisonette or apartment or mobile/temporary accommodation,3,3,0,0,0
S01006957,All household spaces,397,387,10,0,10
S01006957,Whole house or bungalow: Total,380,371,9,0,9
S01006957,Whole house or bungalow: Detached,293,285,8,0,8
S01006957,Whole house or bungalow: Semi-detached,71,70,1,0,1
S01006957,Whole house or bungalow: Terraced (including end-terrace),16,16,0,0,0
S01006957,Flat maisonette or apartment or mobile/temporary accommodation,17,16,1,0,1
S01006958,All household spaces,451,435,16,0,16
S01006958,Whole house or bungalow: Total,432,417,15,0,15
S01006958,Whole house or bungalow: Detached,281,273,8,0,8
S01006958,Whole house or bungalow: Semi-detached,144,138,6,0,6
S01006958,Whole house or bungalow: Terraced (including end-terrace),7,6,1,0,1
S01006958,Flat maisonette or apartment or mobile/temporary accommodation,19,18,1,0,1
S01006959,All household spaces,363,347,16,0,16
S01006959,Whole house or bungalow: Total,199,192,7,0,7
S01006959,Whole house or bungalow: Detached,66,63,3,0,3
S01006959,Whole house or bungalow: Semi-detached,114,111,3,0,3
S01006959,Whole house or bungalow: Terraced (including end-terrace),19,18,1,0,1
S01006959,Flat maisonette or apartment or mobile/temporary accommodation,164,155,9,0,9
S01006960,All household spaces,324,318,6,1,5
S01006960,Whole house or bungalow: Total,313,307,6,1,5
S01006960,Whole house or bungalow: Detached,270,265,5,1,4
S01006960,Whole house or bungalow: Semi-detached,37,37,0,0,0
S01006960,Whole house or bungalow: Terraced (including end-terrace),6,5,1,0,1
S01006960,Flat maisonette or apartment or mobile/temporary accommodation,11,11,0,0,0
S01006961,All household spaces,329,321,8,0,8
S01006961,Whole house or bungalow: Total,327,319,8,0,8
S01006961,Whole house or bungalow: Detached,276,270,6,0,6
S01006961,Whole house or bungalow: Semi-detached,38,37,1,0,1
S01006961,Whole house or bungalow: Terraced (including end-terrace),13,12,1,0,1
S01006961,Flat maisonette or apartment or mobile/temporary accommodation,2,2,0,0,0
S01006962,All household spaces,413,409,4,0,4
S01006962,Whole house or bungalow: Total,359,355,4,0,4
S01006962,Whole house or bungalow: Detached,102,102,0,0,0
S01006962,Whole house or bungalow: Semi-detached,254,250,4,0,4
S01006962,Whole house or bungalow: Terraced (including end-terrace),3,3,0,0,0
S01006962,Flat maisonette or apartment or mobile/temporary accommodation,54,54,0,0,0
S01006963,All household spaces,283,275,8,0,8
S01006963,Whole house or bungalow: Total,243,238,5,0,5
S01006963,Whole house or bungalow: Detached,146,142,4,0,4
S01006963,Whole house or bungalow: Semi-detached,91,90,1,0,1
S01006963,Whole house or bungalow: Terraced (including end-terrace),6,6,0,0,0
S01006963,Flat maisonette or apartment or mobile/temporary accommodation,40,37,3,0,3
S01006964,All household spaces,351,348,3,0,3
S01006964,Whole house or bungalow: Total,177,177,0,0,0
S01006964,Whole house or bungalow: Detached,76,76,0,0,0
S01006964,Whole house or bungalow: Semi-detached,78,78,0,0,0
S01006964,Whole house or bungalow: Terraced (including end-terrace),23,23,0,0,0
S01006964,Flat maisonette or apartment or mobile/temporary accommodation,174,171,3,0,3
S01006965,All household spaces,221,216,5,2,3
S01006965,Whole house or bungalow: Total,167,163,4,1,3
S01006965,Whole house or bungalow: Detached,100,98,2,0,2
S01006965,Whole house or bungalow: Semi-detached,59,57,2,1,1
S01006965,Whole house or bungalow: Terraced (including end-terrace),8,8,0,0,0
S01006965,Flat maisonette or apartment or mobile/temporary accommodation,54,53,1,1,0
S01006966,All household spaces,253,253,0,0,0
S01006966,Whole house or bungalow: Total,247,247,0,0,0
S01006966,Whole house or bungalow: Detached,25,25,0,0,0
S01006966,Whole house or bungalow: Semi-detached,170,170,0,0,0
S01006966,Whole house or bungalow: Terraced (including end-terrace),52,52,0,0,0
S01006966,Flat maisonette or apartment or mobile/temporary accommodation,6,6,0,0,0
S01006967,All household spaces,239,237,2,0,2
S01006967,Whole house or bungalow: Total,230,228,2,0,2
S01006967,Whole house or bungalow: Detached,59,59,0,0,0
S01006967,Whole house or bungalow: Semi-detached,169,167,2,0,2
S01006967,Whole house or bungalow: Terraced (including end-terrace),2,2,0,0,0
S01006967,Flat maisonette or apartment or mobile/temporary accommodation,9,9,0,0,0
S01006968,All household spaces,227,224,3,0,3
S01006968,Whole house or bungalow: Total,215,214,1,0,1
S01006968,Whole house or bungalow: Detached,33,33,0,0,0
S01006968,Whole house or bungalow: Semi-detached,175,174,1,0,1
S01006968,Whole house or bungalow: Terraced (including end-terrace),7,7,0,0,0
S01006968,Flat maisonette or apartment or mobile/temporary accommodation,12,10,2,0,2
S01006969,All household spaces,416,412,4,0,4
S01006969,Whole house or bungalow: Total,336,332,4,0,4
S01006969,Whole house or bungalow: Detached,60,60,0,0,0
S01006969,Whole house or bungalow: Semi-detached,267,264,3,0,3
S01006969,Whole house or bungalow: Terraced (including end-terrace),9,8,1,0,1
S01006969,Flat maisonette or apartment or mobile/temporary accommodation,80,80,0,0,0
S01006970,All household spaces,267,258,9,1,8
S01006970,Whole house or bungalow: Total,244,237,7,1,6
S01006970,Whole house or bungalow: Detached,222,216,6,1,5
S01006970,Whole house or bungalow: Semi-detached,21,20,1,0,1
S01006970,Whole house or bungalow: Terraced (including end-terrace),1,1,0,0,0
S01006970,Flat maisonette or apartment or mobile/temporary accommodation,23,21,2,0,2
S01006971,All household spaces,253,248,5,0,5
S01006971,Whole house or bungalow: Total,179,176,3,0,3
S01006971,Whole house or bungalow: Detached,47,45,2,0,2
S01006971,Whole house or bungalow: Semi-detached,99,98,1,0,1
S01006971,Whole house or bungalow: Terraced (including end-terrace),33,33,0,0,0
S01006971,Flat maisonette or apartment or mobile/temporary accommodation,74,72,2,0,2
S01006972,All household spaces,201,192,9,1,8
S01006972,Whole house or bungalow: Total,200,191,9,1,8
S01006972,Whole house or bungalow: Detached,145,139,6,1,5
S01006972,Whole house or bungalow: Semi-detached,42,40,2,0,2
S01006972,Whole house or bungalow: Terraced (including end-terrace),13,12,1,0,1
S01006972,Flat maisonette or apartment or mobile/temporary accommodation,1,1,0,0,0
S01006973,All household spaces,245,234,11,2,9
S01006973,Whole house or bungalow: Total,237,227,10,2,8
S01006973,Whole house or bungalow: Detached,143,139,4,1,3
S01006973,Whole house or bungalow: Semi-detached,79,74,5,1,4
S01006973,Whole house or bungalow: Terraced (including end-terrace),15,14,1,0,1
S01006973,Flat maisonette or apartment or mobile/temporary accommodation,8,7,1,0,1
S01006974,All household spaces,410,393,17,2,15
S01006974,Whole house or bungalow: Total,379,370,9,2,7
S01006974,Whole house or bungalow: Detached,253,249,4,1,3
S01006974,Whole house or bungalow: Semi-detached,83,82,1,0,1
S01006974,Whole house or bungalow: Terraced (including end-terrace),43,39,4,1,3
S01006974,Flat maisonette or apartment or mobile/temporary accommodation,31,23,8,0,8
S01006975,All household spaces,434,386,48,16,32
S01006975,Whole house or bungalow: Total,424,377,47,16,31
S01006975,Whole house or bungalow: Detached,337,298,39,13,26
S01006975,Whole house or bungalow: Semi-detached,58,52,6,1,5
S01006975,Whole house or bungalow: Terraced (including end-terrace),29,27,2,2,0
S01006975,Flat maisonette or apartment or mobile/temporary accommodation,10,9,1,0,1
S01006976,All household spaces,176,172,4,0,4
S01006976,Whole house or bungalow: Total,173,169,4,0,4
S01006976,Whole house or bungalow: Detached,139,138,1,0,1
S01006976,Whole house or bungalow: Semi-detached,29,26,3,0,3
S01006976,Whole house or bungalow: Terraced (including end-terrace),5,5,0,0,0
S01006976,Flat maisonette or apartment or mobile/temporary accommodation,3,3,0,0,0
S01006977,All household spaces,341,316,25,1,24
S01006977,Whole house or bungalow: Total,337,312,25,1,24
S01006977,Whole house or bungalow: Detached,258,239,19,1,18
S01006977,Whole house or bungalow: Semi-detached,67,62,5,0,5
S01006977,Whole house or bungalow: Terraced (including end-terrace),12,11,1,0,1
S01006977,Flat maisonette or apartment or mobile/temporary accommodation,4,4,0,0,0
S01006978,All household spaces,387,371,16,0,16
S01006978,Whole house or bungalow: Total,381,365,16,0,16
S01006978,Whole house or bungalow: Detached,269,264,5,0,5
S01006978,Whole house or bungalow: Semi-detached,88,81,7,0,7
S01006978,Whole house or bungalow: Terraced (including end-terrace),24,20,4,0,4
S01006978,Flat maisonette or apartment or mobile/temporary accommodation,6,6,0,0,0
S01006979,All household spaces,380,369,11,5,6
S01006979,Whole house or bungalow: Total,364,354,10,5,5
S01006979,Whole house or bungalow: Detached,178,172,6,3,3
S01006979,Whole house or bungalow: Semi-detached,120,119,1,0,1
S01006979,Whole house or bungalow: Terraced (including end-terrace),66,63,3,2,1
S01006979,Flat maisonette or apartment or mobile/temporary accommodation,16,15,1,0,1
S01006980,All household spaces,345,326,19,0,19
S01006980,Whole house or bungalow: Total,340,321,19,0,19
S01006980,Whole house or bungalow: Detached,262,247,15,0,15
S01006980,Whole house or bungalow: Semi-detached,77,73,4,0,4
S01006980,Whole house or bungalow: Terraced (including end-terrace),1,1,0,0,0
S01006980,Flat maisonette or apartment or mobile/temporary accommodation,5,5,0,0,0
S01006981,All household spaces,336,321,15,1,14
S01006981,Whole house or bungalow: Total,323,308,15,1,14
S01006981,Whole house or bungalow: Detached,189,181,8,0,8
S01006981,Whole house or bungalow: Semi-detached,80,75,5,1,4
S01006981,Whole house or bungalow: Terraced (including end-terrace),54,52,2,0,2
S01006981,Flat maisonette or apartment or mobile/temporary accommodation,13,13,0,0,0
S01006982,All household spaces,362,359,3,0,3
S01006982,Whole house or bungalow: Total,337,335,2,0,2
S01006982,Whole house or bungalow: Detached,161,159,2,0,2
S01006982,Whole house or bungalow: Semi-detached,150,150,0,0,0
S01006982,Whole house or bungalow: Terraced (including end-terrace),26,26,0,0,0
S01006982,Flat maisonette or apartment or mobile/temporary accommodation,25,24,1,0,1
S01006983,All household spaces,296,289,7,2,5
S01006983,Whole house or bungalow: Total,292,286,6,2,4
S01006983,Whole house or bungalow: Detached,148,143,5,2,3
S01006983,Whole house or bungalow: Semi-detached,141,140,1,0,1
S01006983,Whole house or bungalow: Terraced (including end-terrace),3,3,0,0,0
S01006983,Flat maisonette or apartment or mobile/temporary accommodation,4,3,1,0,1
S01006984,All household spaces,290,275,15,2,13
S01006984,Whole house or bungalow: Total,287,272,15,2,13
S01006984,Whole house or bungalow: Detached,194,182,12,1,11
S01006984,Whole house or bungalow: Semi-detached,74,73,1,0,1
S01006984,Whole house or bungalow: Terraced (including end-terrace),19,17,2,1,1
S01006984,Flat maisonette or apartment or mobile/temporary accommodation,3,3,0,0,0
S01006985,All household spaces,442,432,10,0,10
S01006985,Whole house or bungalow: Total,404,394,10,0,10
S01006985,Whole house or bungalow: Detached,188,184,4,0,4
S01006985,Whole house or bungalow: Semi-detached,179,174,5,0,5
S01006985,Whole house or bungalow: Terraced (including end-terrace),37,36,1,0,1
S01006985,Flat maisonette or apartment or mobile/temporary accommodation,38,38,0,0,0
S01006986,All household spaces,248,243,5,3,2
S01006986,Whole house or bungalow: Total,234,229,5,3,2
S01006986,Whole house or bungalow: Detached,164,160,4,2,2
S01006986,Whole house or bungalow: Semi-detached,57,56,1,1,0
S01006986,Whole house or bungalow: Terraced (including end-terrace),13,13,0,0,0
S01006986,Flat maisonette or apartment or mobile/temporary accommodation,14,14,0,0,0
S01006987,All household spaces,308,294,14,3,11
S01006987,Whole house or bungalow: Total,269,258,11,2,9
S01006987,Whole house or bungalow: Detached,155,147,8,1,7
S01006987,Whole house or bungalow: Semi-detached,83,81,2,0,2
S01006987,Whole house or bungalow: Terraced (including end-terrace),31,30,1,1,0
S01006987,Flat maisonette or apartment or mobile/temporary accommodation,39,36,3,1,2
S01006988,All household spaces,225,218,7,0,7
S01006988,Whole house or bungalow: Total,221,214,7,0,7
S01006988,Whole house or bungalow: Detached,148,144,4,0,4
S01006988,Whole house or bungalow: Semi-detached,67,65,2,0,2
S01006988,Whole house or bungalow: Terraced (including end-terrace),6,5,1,0,1
S01006988,Flat maisonette or apartment or mobile/temporary accommodation,4,4,0,0,0
S01006989,All household spaces,388,375,13,2,11
S01006989,Whole house or bungalow: Total,384,371,13,2,11
S01006989,Whole house or bungalow: Detached,293,281,12,2,10
S01006989,Whole house or bungalow: Semi-detached,74,73,1,0,1
S01006989,Whole house or bungalow: Terraced (including end-terrace),17,17,0,0,0
S01006989,Flat maisonette or apartment or mobile/temporary accommodation,4,4,0,0,0
S01006990,All household spaces,321,313,8,1,7
S01006990,Whole house or bungalow: Total,318,310,8,1,7
S01006990,Whole house or bungalow: Detached,273,267,6,1,5
S01006990,Whole house or bungalow: Semi-detached,39,37,2,0,2
S01006990,Whole house or bungalow: Terraced (including end-terrace),6,6,0,0,0
S01006990,Flat maisonette or apartment or mobile/temporary accommodation,3,3,0,0,0
S01006991,All household spaces,225,216,9,1,8
S01006991,Whole house or bungalow: Total,200,194,6,1,5
S01006991,Whole house or bungalow: Detached,82,80,2,0,2
S01006991,Whole house or bungalow: Semi-detached,67,64,3,0,3
S01006991,Whole house or bungalow: Terraced (including end-terrace),51,50,1,1,0
S01006991,Flat maisonette or apartment or mobile/temporary accommodation,25,22,3,0,3
S01006992,All household spaces,254,241,13,1,12
S01006992,Whole house or bungalow: Total,252,240,12,1,11
S01006992,Whole house or bungalow: Detached,206,197,9,1,8
S01006992,Whole house or bungalow: Semi-detached,44,41,3,0,3
S01006992,Whole house or bungalow: Terraced (including end-terrace),2,2,0,0,0
S01006992,Flat maisonette or apartment or mobile/temporary accommodation,2,1,1,0,1
S01006993,All household spaces,206,202,4,0,4
S01006993,Whole house or bungalow: Total,203,199,4,0,4
S01006993,Whole house or bungalow: Detached,186,182,4,0,4
S01006993,Whole house or bungalow: Semi-detached,15,15,0,0,0
S01006993,Whole house or bungalow: Terraced (including end-terrace),2,2,0,0,0
S01006993,Flat maisonette or apartment or mobile/temporary accommodation,3,3,0,0,0
S01006994,All household spaces,235,226,9,1,8
S01006994,Whole house or bungalow: Total,235,226,9,1,8
S01006994,Whole house or bungalow: Detached,210,202,8,1,7
S01006994,Whole house or bungalow: Semi-detached,22,21,1,0,1
S01006994,Whole house or bungalow: Terraced (including end-terrace),3,3,0,0,0
S01006994,Flat maisonette or apartment or mobile/temporary accommodation,0,0,0,0,0
S01006995,All household spaces,347,331,16,0,16
S01006995,Whole house or bungalow: Total,341,325,16,0,16
S01006995,Whole house or bungalow: Detached,263,250,13,0,13
S01006995,Whole house or bungalow: Semi-detached,55,52,3,0,3
S01006995,Whole house or bungalow: Terraced (including end-terrace),23,23,0,0,0
S01006995,Flat maisonette or apartment or mobile/temporary accommodation,6,6,0,0,0
S01006996,All household spaces,314,306,8,0,8
S01006996,Whole house or bungalow: Total,296,290,6,0,6
S01006996,Whole house or bungalow: Detached,157,155,2,0,2
S01006996,Whole house or bungalow: Semi-detached,120,116,4,0,4
S01006996,Whole house or bungalow: Terraced (including end-terrace),19,19,0,0,0
S01006996,Flat maisonette or apartment or mobile/temporary accommodation,18,16,2,0,2
S01006997,All household spaces,305,292,13,0,13
S01006997,Whole house or bungalow: Total,298,285,13,0,13
S01006997,Whole house or bungalow: Detached,247,235,12,0,12
S01006997,Whole house or bungalow: Semi-detached,39,38,1,0,1
S01006997,Whole house or bungalow: Terraced (including end-terrace),12,12,0,0,0
S01006997,Flat maisonette or apartment or mobile/temporary accommodation,7,7,0,0,0
S01006998,All household spaces,462,450,12,2,10
S01006998,Whole house or bungalow: Total,455,443,12,2,10
S01006998,Whole house or bungalow: Detached,347,338,9,2,7
S01006998,Whole house or bungalow: Semi-detached,67,65,2,0,2
S01006998,Whole house or bungalow: Terraced (including end-terrace),41,40,1,0,1
S01006998,Flat maisonette or apartment or mobile/temporary accommodation,7,7,0,0,0
S01006999,All household spaces,349,334,15,3,12
S01006999,Whole house or bungalow: Total,344,329,15,3,12
S01006999,Whole house or bungalow: Detached,271,263,8,2,6
S01006999,Whole house or bungalow: Semi-detached,68,61,7,1,6
S01006999,Whole house or bungalow: Terraced (including end-terrace),5,5,0,0,0
S01006999,Flat maisonette or apartment or mobile/temporary accommodation,5,5,0,0,0
S01007000,All household spaces,425,414,11,0,11
S01007000,Whole house or bungalow: Total,386,377,9,0,9
S01007000,Whole house or bungalow: Detached,224,219,5,0,5
S01007000,Whole house or bungalow: Semi-detached,135,132,3,0,3
S01007000,Whole house or bungalow: Terraced (including end-terrace),27,26,1,0,1
S01007000,Flat maisonette or apartment or mobile/temporary accommodation,39,37,2,0,2
S01007001,All household spaces,401,388,13,2,11
S01007001,Whole house or bungalow: Total,376,365,11,2,9
S01007001,Whole house or bungalow: Detached,221,213,8,2,6
S01007001,Whole house or bungalow: Semi-detached,98,97,1,0,1
S01007001,Whole house or bungalow: Terraced (including end-terrace),57,55,2,0,2
S01007001,Flat maisonette or apartment or mobile/temporary accommodation,25,23,2,0,2
S01007002,All household spaces,253,230,23,9,14
S01007002,Whole house or bungalow: Total,231,209,22,9,13
S01007002,Whole house or bungalow: Detached,168,151,17,5,12
S01007002,Whole house or bungalow: Semi-detached,53,48,5,4,1
S01007002,Whole house or bungalow: Terraced (including end-terrace),10,10,0,0,0
S01007002,Flat maisonette or apartment or mobile/temporary accommodation,22,21,1,0,1
S01007003,All household spaces,214,205,9,3,6
S01007003,Whole house or bungalow: Total,209,200,9,3,6
S01007003,Whole house or bungalow: Detached,169,161,8,3,5
S01007003,Whole house or bungalow: Semi-detached,35,34,1,0,1
S01007003,Whole house or bungalow: Terraced (including end-terrace),5,5,0,0,0
S01007003,Flat maisonette or apartment or mobile/temporary accommodation,5,5,0,0,0
S01007004,All household spaces,325,304,21,13,8
S01007004,Whole house or bungalow: Total,316,298,18,12,6
S01007004,Whole house or bungalow: Detached,252,236,16,12,4
S01007004,Whole house or bungalow: Semi-detached,54,52,2,0,2
S01007004,Whole house or bungalow: Terraced (including end-terrace),10,10,0,0,0
S01007004,Flat maisonette or apartment or mobile/temporary accommodation,9,6,3,1,2
S01007005,All household spaces,362,348,14,1,13
S01007005,Whole house or bungalow: Total,356,343,13,1,12
S01007005,Whole house or bungalow: Detached,302,291,11,1,10
S01007005,Whole house or bungalow: Semi-detached,44,42,2,0,2
S01007005,Whole house or bungalow: Terraced (including end-terrace),10,10,0,0,0
S01007005,Flat maisonette or apartment or mobile/temporary accommodation,6,5,1,0,1
S01007006,All household spaces,419,394,25,16,9
S01007006,Whole house or bungalow: Total,392,367,25,16,9
S01007006,Whole house or bungalow: Detached,240,217,23,16,7
S01007006,Whole house or bungalow: Semi-detached,104,102,2,0,2
S01007006,Whole house or bungalow: Terraced (including end-terrace),48,48,0,0,0
S01007006,Flat maisonette or apartment or mobile/temporary accommodation,27,27,0,0,0
S01007007,All household spaces,361,338,23,8,15
S01007007,Whole house or bungalow: Total,357,334,23,8,15
S01007007,Whole house or bungalow: Detached,264,246,18,6,12
S01007007,Whole house or bungalow: Semi-detached,78,75,3,0,3
S01007007,Whole house or bungalow: Terraced (including end-terrace),15,13,2,2,0
S01007007,Flat maisonette or apartment or mobile/temporary accommodation,4,4,0,0,0
S01007008,All household spaces,461,450,11,0,11
S01007008,Whole house or bungalow: Total,390,381,9,0,9
S01007008,Whole house or bungalow: Detached,105,103,2,0,2
S01007008,Whole house or bungalow: Semi-detached,198,193,5,0,5
S01007008,Whole house or bungalow: Terraced (including end-terrace),87,85,2,0,2
S01007008,Flat maisonette or apartment or mobile/temporary accommodation,71,69,2,0,2
S01007009,All household spaces,518,496,22,3,19
S01007009,Whole house or bungalow: Total,361,345,16,1,15
S01007009,Whole house or bungalow: Detached,163,156,7,1,6
S01007009,Whole house or bungalow: Semi-detached,134,130,4,0,4
S01007009,Whole house or bungalow: Terraced (including end-terrace),64,59,5,0,5
S01007009,Flat maisonette or apartment or mobile/temporary accommodation,157,151,6,2,4
S01007010,All household spaces,410,392,18,0,18
S01007010,Whole house or bungalow: Total,304,291,13,0,13
S01007010,Whole house or bungalow: Detached,182,176,6,0,6
S01007010,Whole house or bungalow: Semi-detached,73,67,6,0,6
S01007010,Whole house or bungalow: Terraced (including end-terrace),49,48,1,0,1
S01007010,Flat maisonette or apartment or mobile/temporary accommodation,106,101,5,0,5
S01007011,All household spaces,483,463,20,0,20
S01007011,Whole house or bungalow: Total,288,279,9,0,9
S01007011,Whole house or bungalow: Detached,61,61,0,0,0
S01007011,Whole house or bungalow: Semi-detached,124,117,7,0,7
S01007011,Whole house or bungalow: Terraced (including end-terrace),103,101,2,0,2
S01007011,Flat maisonette or apartment or mobile/temporary accommodation,195,184,11,0,11
S01007012,All household spaces,325,322,3,0,3
S01007012,Whole house or bungalow: Total,317,314,3,0,3
S01007012,Whole house or bungalow: Detached,14,14,0,0,0
S01007012,Whole house or bungalow: Semi-detached,115,114,1,0,1
S01007012,Whole house or bungalow: Terraced (including end-terrace),188,186,2,0,2
S01007012,Flat maisonette or apartment or mobile/temporary accommodation,8,8,0,0,0
S01007013,All household spaces,226,222,4,3,1
S01007013,Whole house or bungalow: Total,221,220,1,0,1
S01007013,Whole house or bungalow: Detached,185,185,0,0,0
S01007013,Whole house or bungalow: Semi-detached,31,30,1,0,1
S01007013,Whole house or bungalow: Terraced (including end-terrace),5,5,0,0,0
S01007013,Flat maisonette or apartment or mobile/temporary accommodation,5,2,3,3,0
S01007014,All household spaces,399,381,18,9,9
S01007014,Whole house or bungalow: Total,394,377,17,8,9
S01007014,Whole house or bungalow: Detached,291,277,14,7,7
S01007014,Whole house or bungalow: Semi-detached,98,95,3,1,2
S01007014,Whole house or bungalow: Terraced (including end-terrace),5,5,0,0,0
S01007014,Flat maisonette or apartment or mobile/temporary accommodation,5,4,1,1,0
S01007015,All household spaces,264,247,17,4,13
S01007015,Whole house or bungalow: Total,261,244,17,4,13
S01007015,Whole house or bungalow: Detached,210,197,13,3,10
S01007015,Whole house or bungalow: Semi-detached,45,43,2,1,1
S01007015,Whole house or bungalow: Terraced (including end-terrace),6,4,2,0,2
S01007015,Flat maisonette or apartment or mobile/temporary accommodation,3,3,0,0,0
S01007016,All household spaces,223,213,10,2,8
S01007016,Whole house or bungalow: Total,223,213,10,2,8
S01007016,Whole house or bungalow: Detached,193,185,8,2,6
S01007016,Whole house or bungalow: Semi-detached,26,24,2,0,2
S01007016,Whole house or bungalow: Terraced (including end-terrace),4,4,0,0,0
S01007016,Flat maisonette or apartment or mobile/temporary accommodation,0,0,0,0,0
S01007017,All household spaces,492,476,16,2,14
S01007017,Whole house or bungalow: Total,380,368,12,1,11
S01007017,Whole house or bungalow: Detached,50,50,0,0,0
S01007017,Whole house or bungalow: Semi-detached,174,165,9,1,8
S01007017,Whole house or bungalow: Terraced (including end-terrace),156,153,3,0,3
S01007017,Flat maisonette or apartment or mobile/temporary accommodation,112,108,4,1,3
S01007018,All household spaces,435,421,14,1,13
S01007018,Whole house or bungalow: Total,401,391,10,1,9
S01007018,Whole house or bungalow: Detached,224,216,8,1,7
S01007018,Whole house or bungalow: Semi-detached,118,116,2,0,2
S01007018,Whole house or bungalow: Terraced (including end-terrace),59,59,0,0,0
S01007018,Flat maisonette or apartment or mobile/temporary accommodation,34,30,4,0,4
S01007019,All household spaces,316,309,7,0,7
S01007019,Whole house or bungalow: Total,297,290,7,0,7
S01007019,Whole house or bungalow: Detached,110,109,1,0,1
S01007019,Whole house or bungalow: Semi-detached,81,79,2,0,2
S01007019,Whole house or bungalow: Terraced (including end-terrace),106,102,4,0,4
S01007019,Flat maisonette or apartment or mobile/temporary accommodation,19,19,0,0,0
S01007020,All household spaces,430,411,19,2,17
S01007020,Whole house or bungalow: Total,264,255,9,1,8
S01007020,Whole house or bungalow: Detached,125,120,5,1,4
S01007020,Whole house or bungalow: Semi-detached,75,74,1,0,1
S01007020,Whole house or bungalow: Terraced (including end-terrace),64,61,3,0,3
S01007020,Flat maisonette or apartment or mobile/temporary accommodation,166,156,10,1,9
S01007021,All household spaces,422,403,19,1,18
S01007021,Whole house or bungalow: Total,378,365,13,1,12
S01007021,Whole house or bungalow: Detached,97,96,1,0,1
S01007021,Whole house or bungalow: Semi-detached,214,203,11,1,10
S01007021,Whole house or bungalow: Terraced (including end-terrace),67,66,1,0,1
S01007021,Flat maisonette or apartment or mobile/temporary accommodation,44,38,6,0,6
S01007022,All household spaces,209,209,0,0,0
S01007022,Whole house or bungalow: Total,206,206,0,0,0
S01007022,Whole house or bungalow: Detached,101,101,0,0,0
S01007022,Whole house or bungalow: Semi-detached,96,96,0,0,0
S01007022,Whole house or bungalow: Terraced (including end-terrace),9,9,0,0,0
S01007022,Flat maisonette or apartment or mobile/temporary accommodation,3,3,0,0,0
S01007023,All household spaces,258,203,55,36,19
S01007023,Whole house or bungalow: Total,254,199,55,36,19
S01007023,Whole house or bungalow: Detached,141,104,37,26,11
S01007023,Whole house or bungalow: Semi-detached,92,80,12,4,8
S01007023,Whole house or bungalow: Terraced (including end-terrace),21,15,6,6,0
S01007023,Flat maisonette or apartment or mobile/temporary accommodation,4,4,0,0,0
S01007024,All household spaces,458,416,42,20,22
S01007024,Whole house or bungalow: Total,449,407,42,20,22
S01007024,Whole house or bungalow: Detached,331,298,33,16,17
S01007024,Whole house or bungalow: Semi-detached,97,90,7,4,3
S01007024,Whole house or bungalow: Terraced (including end-terrace),21,19,2,0,2
S01007024,Flat maisonette or apartment or mobile/temporary accommodation,9,9,0,0,0
S01007025,All household spaces,418,389,29,19,10
S01007025,Whole house or bungalow: Total,388,362,26,16,10
S01007025,Whole house or bungalow: Detached,82,76,6,4,2
S01007025,Whole house or bungalow: Semi-detached,274,255,19,11,8
S01007025,Whole house or bungalow: Terraced (including end-terrace),32,31,1,1,0
S01007025,Flat maisonette or apartment or mobile/temporary accommodation,30,27,3,3,0
S01007026,All household spaces,464,412,52,32,20
S01007026,Whole house or bungalow: Total,406,358,48,32,16
S01007026,Whole house or bungalow: Detached,259,228,31,19,12
S01007026,Whole house or bungalow: Semi-detached,118,105,13,11,2
S01007026,Whole house or bungalow: Terraced (including end-terrace),29,25,4,2,2
S01007026,Flat maisonette or apartment or mobile/temporary accommodation,58,54,4,0,4
S01007027,All household spaces,542,481,61,42,19
S01007027,Whole house or bungalow: Total,500,447,53,39,14
S01007027,Whole house or bungalow: Detached,248,216,32,23,9
S01007027,Whole house or bungalow: Semi-detached,186,176,10,8,2
S01007027,Whole house or bungalow: Terraced (including end-terrace),66,55,11,8,3
S01007027,Flat maisonette or apartment or mobile/temporary accommodation,42,34,8,3,5
S01007028,All household spaces,334,315,19,12,7
S01007028,Whole house or bungalow: Total,323,306,17,11,6
S01007028,Whole house or bungalow: Detached,233,219,14,10,4
S01007028,Whole house or bungalow: Semi-detached,82,80,2,0,2
S01007028,Whole house or bungalow: Terraced (including end-terrace),8,7,1,1,0
S01007028,Flat maisonette or apartment or mobile/temporary accommodation,11,9,2,1,1
S01007029,All household spaces,236,221,15,13,2
S01007029,Whole house or bungalow: Total,231,216,15,13,2
S01007029,Whole house or bungalow: Detached,216,201,15,13,2
S01007029,Whole house or bungalow: Semi-detached,14,14,0,0,0
S01007029,Whole house or bungalow: Terraced (including end-terrace),1,1,0,0,0
S01007029,Flat maisonette or apartment or mobile/temporary accommodation,5,5,0,0,0
S01007030,All household spaces,353,338,15,7,8
S01007030,Whole house or bungalow: Total,344,329,15,7,8
S01007030,Whole house or bungalow: Detached,158,149,9,5,4
S01007030,Whole house or bungalow: Semi-detached,80,76,4,1,3
S01007030,Whole house or bungalow: Terraced (including end-terrace),106,104,2,1,1
S01007030,Flat maisonette or apartment or mobile/temporary accommodation,9,9,0,0,0
S01007031,All household spaces,306,285,21,10,11
S01007031,Whole house or bungalow: Total,274,255,19,10,9
S01007031,Whole house or bungalow: Detached,157,144,13,9,4
S01007031,Whole house or bungalow: Semi-detached,81,78,3,0,3
S01007031,Whole house or bungalow: Terraced (including end-terrace),36,33,3,1,2
S01007031,Flat maisonette or apartment or mobile/temporary accommodation,32,30,2,0,2
S01007032,All household spaces,568,507,61,32,29
S01007032,Whole house or bungalow: Total,375,333,42,29,13
S01007032,Whole house or bungalow: Detached,86,83,3,2,1
S01007032,Whole house or bungalow: Semi-detached,171,147,24,17,7
S01007032,Whole house or bungalow: Terraced (including end-terrace),118,103,15,10,5
S01007032,Flat maisonette or apartment or mobile/temporary accommodation,193,174,19,3,16
S01007033,All household spaces,348,338,10,8,2
S01007033,Whole house or bungalow: Total,315,306,9,7,2
S01007033,Whole house or bungalow: Detached,72,68,4,3,1
S01007033,Whole house or bungalow: Semi-detached,122,121,1,1,0
S01007033,Whole house or bungalow: Terraced (including end-terrace),121,117,4,3,1
S01007033,Flat maisonette or apartment or mobile/temporary accommodation,33,32,1,1,0
S01007034,All household spaces,272,266,6,1,5
S01007034,Whole house or bungalow: Total,209,203,6,1,5
S01007034,Whole house or bungalow: Detached,76,75,1,1,0
S01007034,Whole house or bungalow: Semi-detached,83,82,1,0,1
S01007034,Whole house or bungalow: Terraced (including end-terrace),50,46,4,0,4
S01007034,Flat maisonette or apartment or mobile/temporary accommodation,63,63,0,0,0
S01007035,All household spaces,383,375,8,2,6
S01007035,Whole house or bungalow: Total,343,335,8,2,6
S01007035,Whole house or bungalow: Detached,36,35,1,0,1
S01007035,Whole house or bungalow: Semi-detached,211,207,4,1,3
S01007035,Whole house or bungalow: Terraced (including end-terrace),96,93,3,1,2
S01007035,Flat maisonette or apartment or mobile/temporary accommodation,40,40,0,0,0
S01007036,All household spaces,414,401,13,3,10
S01007036,Whole house or bungalow: Total,342,331,11,3,8
S01007036,Whole house or bungalow: Detached,210,203,7,1,6
S01007036,Whole house or bungalow: Semi-detached,72,69,3,1,2
S01007036,Whole house or bungalow: Terraced (including end-terrace),60,59,1,1,0
S01007036,Flat maisonette or apartment or mobile/temporary accommodation,72,70,2,0,2
S01007037,All household spaces,461,453,8,1,7
S01007037,Whole house or bungalow: Total,421,415,6,1,5
S01007037,Whole house or bungalow: Detached,100,96,4,1,3
S01007037,Whole house or bungalow: Semi-detached,194,194,0,0,0
S01007037,Whole house or bungalow: Terraced (including end-terrace),127,125,2,0,2
S01007037,Flat maisonette or apartment or mobile/temporary accommodation,40,38,2,0,2
S01007038,All household spaces,360,328,32,13,19
S01007038,Whole house or bungalow: Total,274,249,25,12,13
S01007038,Whole house or bungalow: Detached,96,93,3,1,2
S01007038,Whole house or bungalow: Semi-detached,110,103,7,3,4
S01007038,Whole house or bungalow: Terraced (including end-terrace),68,53,15,8,7
S01007038,Flat maisonette or apartment or mobile/temporary accommodation,86,79,7,1,6
S01007039,All household spaces,393,368,25,6,19
S01007039,Whole house or bungalow: Total,356,342,14,6,8
S01007039,Whole house or bungalow: Detached,128,122,6,0,6
S01007039,Whole house or bungalow: Semi-detached,142,136,6,4,2
S01007039,Whole house or bungalow: Terraced (including end-terrace),86,84,2,2,0
S01007039,Flat maisonette or apartment or mobile/temporary accommodation,37,26,11,0,11
S01007040,All household spaces,306,301,5,0,5
S01007040,Whole house or bungalow: Total,274,269,5,0,5
S01007040,Whole house or bungalow: Detached,83,82,1,0,1
S01007040,Whole house or bungalow: Semi-detached,121,118,3,0,3
S01007040,Whole house or bungalow: Terraced (including end-terrace),70,69,1,0,1
S01007040,Flat maisonette or apartment or mobile/temporary accommodation,32,32,0,0,0
S01007041,All household spaces,371,344,27,8,19
S01007041,Whole house or bungalow: Total,305,283,22,8,14
S01007041,Whole house or bungalow: Detached,120,116,4,2,2
S01007041,Whole house or bungalow: Semi-detached,103,99,4,0,4
S01007041,Whole house or bungalow: Terraced (including end-terrace),82,68,14,6,8
S01007041,Flat maisonette or apartment or mobile/temporary accommodation,66,61,5,0,5
S01007042,All household spaces,329,318,11,0,11
S01007042,Whole house or bungalow: Total,313,303,10,0,10
S01007042,Whole house or bungalow: Detached,177,173,4,0,4
S01007042,Whole house or bungalow: Semi-detached,105,99,6,0,6
S01007042,Whole house or bungalow: Terraced (including end-terrace),31,31,0,0,0
S01007042,Flat maisonette or apartment or mobile/temporary accommodation,16,15,1,0,1
S01007043,All household spaces,405,382,23,9,14
S01007043,Whole house or bungalow: Total,399,377,22,8,14
S01007043,Whole house or bungalow: Detached,327,308,19,7,12
S01007043,Whole house or bungalow: Semi-detached,63,60,3,1,2
S01007043,Whole house or bungalow: Terraced (including end-terrace),9,9,0,0,0
S01007043,Flat maisonette or apartment or mobile/temporary accommodation,6,5,1,1,0
S01007044,All household spaces,425,306,119,77,42
S01007044,Whole house or bungalow: Total,396,285,111,73,38
S01007044,Whole house or bungalow: Detached,144,119,25,11,14
S01007044,Whole house or bungalow: Semi-detached,139,106,33,24,9
S01007044,Whole house or bungalow: Terraced (including end-terrace),113,60,53,38,15
S01007044,Flat maisonette or apartment or mobile/temporary accommodation,29,21,8,4,4
S01007045,All household spaces,382,325,57,42,15
S01007045,Whole house or bungalow: Total,372,316,56,41,15
S01007045,Whole house or bungalow: Detached,343,291,52,39,13
S01007045,Whole house or bungalow: Semi-detached,26,23,3,1,2
S01007045,Whole house or bungalow: Terraced (including end-terrace),3,2,1,1,0
S01007045,Flat maisonette or apartment or mobile/temporary accommodation,10,9,1,1,0
S01007046,All household spaces,290,259,31,21,10
S01007046,Whole house or bungalow: Total,286,256,30,20,10
S01007046,Whole house or bungalow: Detached,163,148,15,10,5
S01007046,Whole house or bungalow: Semi-detached,108,95,13,9,4
S01007046,Whole house or bungalow: Terraced (including end-terrace),15,13,2,1,1
S01007046,Flat maisonette or apartment or mobile/temporary accommodation,4,3,1,1,0
S01007047,All household spaces,278,261,17,2,15
S01007047,Whole house or bungalow: Total,274,258,16,1,15
S01007047,Whole house or bungalow: Detached,222,206,16,1,15
S01007047,Whole house or bungalow: Semi-detached,45,45,0,0,0
S01007047,Whole house or bungalow: Terraced (including end-terrace),7,7,0,0,0
S01007047,Flat maisonette or apartment or mobile/temporary accommodation,4,3,1,1,0
S01007048,All household spaces,373,359,14,2,12
S01007048,Whole house or bungalow: Total,367,353,14,2,12
S01007048,Whole house or bungalow: Detached,296,285,11,2,9
S01007048,Whole house or bungalow: Semi-detached,54,51,3,0,3
S01007048,Whole house or bungalow: Terraced (including end-terrace),17,17,0,0,0
S01007048,Flat maisonette or apartment or mobile/temporary accommodation,6,6,0,0,0
S01007049,All household spaces,432,415,17,1,16
S01007049,Whole house or bungalow: Total,408,392,16,1,15
S01007049,Whole house or bungalow: Detached,98,97,1,1,0
S01007049,Whole house or bungalow: Semi-detached,219,210,9,0,9
S01007049,Whole house or bungalow: Terraced (including end-terrace),91,85,6,0,6
S01007049,Flat maisonette or apartment or mobile/temporary accommodation,24,23,1,0,1
S01007050,All household spaces,315,295,20,0,20
S01007050,Whole house or bungalow: Total,296,276,20,0,20
S01007050,Whole house or bungalow: Detached,139,131,8,0,8
S01007050,Whole house or bungalow: Semi-detached,113,105,8,0,8
S01007050,Whole house or bungalow: Terraced (including end-terrace),44,40,4,0,4
S01007050,Flat maisonette or apartment or mobile/temporary accommodation,19,19,0,0,0
S01007051,All household spaces,343,332,11,0,11
S01007051,Whole house or bungalow: Total,299,290,9,0,9
S01007051,Whole house or bungalow: Detached,125,122,3,0,3
S01007051,Whole house or bungalow: Semi-detached,136,130,6,0,6
S01007051,Whole house or bungalow: Terraced (including end-terrace),38,38,0,0,0
S01007051,Flat maisonette or apartment or mobile/temporary accommodation,44,42,2,0,2
S01007052,All household spaces,241,233,8,0,8
S01007052,Whole house or bungalow: Total,238,230,8,0,8
S01007052,Whole house or bungalow: Detached,147,145,2,0,2
S01007052,Whole house or bungalow: Semi-detached,69,65,4,0,4
S01007052,Whole house or bungalow: Terraced (including end-terrace),22,20,2,0,2
S01007052,Flat maisonette or apartment or mobile/temporary accommodation,3,3,0,0,0
S01007053,All household spaces,201,191,10,1,9
S01007053,Whole house or bungalow: Total,199,189,10,1,9
S01007053,Whole house or bungalow: Detached,183,173,10,1,9
S01007053,Whole house or bungalow: Semi-detached,14,14,0,0,0
S01007053,Whole house or bungalow: Terraced (including end-terrace),2,2,0,0,0
S01007053,Flat maisonette or apartment or mobile/temporary accommodation,2,2,0,0,0
S01007054,All household spaces,441,434,7,1,6
S01007054,Whole house or bungalow: Total,408,402,6,1,5
S01007054,Whole house or bungalow: Detached,105,104,1,0,1
S01007054,Whole house or bungalow: Semi-detached,190,185,5,1,4
S01007054,Whole house or bungalow: Terraced (including end-terrace),113,113,0,0,0
S01007054,Flat maisonette or apartment or mobile/temporary accommodation,33,32,1,0,1
S01007055,All household spaces,205,196,9,2,7
S01007055,Whole house or bungalow: Total,201,192,9,2,7
S01007055,Whole house or bungalow: Detached,177,171,6,2,4
S01007055,Whole house or bungalow: Semi-detached,22,19,3,0,3
S01007055,Whole house or bungalow: Terraced (including end-terrace),2,2,0,0,0
S01007055,Flat maisonette or apartment or mobile/temporary accommodation,4,4,0,0,0
S01007056,All household spaces,229,221,8,1,7
S01007056,Whole house or bungalow: Total,225,217,8,1,7
S01007056,Whole house or bungalow: Detached,198,190,8,1,7
S01007056,Whole house or bungalow: Semi-detached,24,24,0,0,0
S01007056,Whole house or bungalow: Terraced (including end-terrace),3,3,0,0,0
S01007056,Flat maisonette or apartment or mobile/temporary accommodation,4,4,0,0,0
S01007057,All household spaces,250,247,3,2,1
S01007057,Whole house or bungalow: Total,239,237,2,2,0
S01007057,Whole house or bungalow: Detached,140,140,0,0,0
S01007057,Whole house or bungalow: Semi-detached,89,87,2,2,0
S01007057,Whole house or bungalow: Terraced (including end-terrace),10,10,0,0,0
S01007057,Flat maisonette or apartment or mobile/temporary accommodation,11,10,1,0,1
S01007058,All household spaces,290,288,2,0,2
S01007058,Whole house or bungalow: Total,257,256,1,0,1
S01007058,Whole house or bungalow: Detached,90,90,0,0,0
S01007058,Whole house or bungalow: Semi-detached,125,124,1,0,1
S01007058,Whole house or bungalow: Terraced (including end-terrace),42,42,0,0,0
S01007058,Flat maisonette or apartment or mobile/temporary accommodation,33,32,1,0,1
S01007059,All household spaces,444,433,11,0,11
S01007059,Whole house or bungalow: Total,421,411,10,0,10
S01007059,Whole house or bungalow: Detached,182,176,6,0,6
S01007059,Whole house or bungalow: Semi-detached,219,217,2,0,2
S01007059,Whole house or bungalow: Terraced (including end-terrace),20,18,2,0,2
S01007059,Flat maisonette or apartment or mobile/temporary accommodation,23,22,1,0,1
S01007060,All household spaces,239,231,8,0,8
S01007060,Whole house or bungalow: Total,238,230,8,0,8
S01007060,Whole house or bungalow: Detached,31,31,0,0,0
S01007060,Whole house or bungalow: Semi-detached,184,182,2,0,2
S01007060,Whole house or bungalow: Terraced (including end-terrace),23,17,6,0,6
S01007060,Flat maisonette or apartment or mobile/temporary accommodation,1,1,0,0,0
S01007061,All household spaces,365,346,19,5,14
S01007061,Whole house or bungalow: Total,357,338,19,5,14
S01007061,Whole house or bungalow: Detached,314,299,15,4,11
S01007061,Whole house or bungalow: Semi-detached,39,35,4,1,3
S01007061,Whole house or bungalow: Terraced (including end-terrace),4,4,0,0,0
S01007061,Flat maisonette or apartment or mobile/temporary accommodation,8,8,0,0,0
S01007062,All household spaces,277,272,5,0,5
S01007062,Whole house or bungalow: Total,271,267,4,0,4
S01007062,Whole house or bungalow: Detached,231,227,4,0,4
S01007062,Whole house or bungalow: Semi-detached,39,39,0,0,0
S01007062,Whole house or bungalow: Terraced (including end-terrace),1,1,0,0,0
S01007062,Flat maisonette or apartment or mobile/temporary accommodation,6,5,1,0,1
S01007063,All household spaces,293,282,11,0,11
S01007063,Whole house or bungalow: Total,278,268,10,0,10
S01007063,Whole house or bungalow: Detached,121,118,3,0,3
S01007063,Whole house or bungalow: Semi-detached,117,110,7,0,7
S01007063,Whole house or bungalow: Terraced (including end-terrace),40,40,0,0,0
S01007063,Flat maisonette or apartment or mobile/temporary accommodation,15,14,1,0,1
S01007064,All household spaces,266,253,13,1,12
S01007064,Whole house or bungalow: Total,259,246,13,1,12
S01007064,Whole house or bungalow: Detached,181,173,8,1,7
S01007064,Whole house or bungalow: Semi-detached,58,55,3,0,3
S01007064,Whole house or bungalow: Terraced (including end-terrace),20,18,2,0,2
S01007064,Flat maisonette or apartment or mobile/temporary accommodation,7,7,0,0,0
S01007065,All household spaces,284,249,35,19,16
S01007065,Whole house or bungalow: Total,279,246,33,18,15
S01007065,Whole house or bungalow: Detached,156,139,17,10,7
S01007065,Whole house or bungalow: Semi-detached,67,64,3,2,1
S01007065,Whole house or bungalow: Terraced (including end-terrace),56,43,13,6,7
S01007065,Flat maisonette or apartment or mobile/temporary accommodation,5,3,2,1,1
S01007066,All household spaces,271,252,19,1,18
S01007066,Whole house or bungalow: Total,266,247,19,1,18
S01007066,Whole house or bungalow: Detached,214,199,15,1,14
S01007066,Whole house or bungalow: Semi-detached,46,42,4,0,4
S01007066,Whole house or bungalow: Terraced (including end-terrace),6,6,0,0,0
S01007066,Flat maisonette or apartment or mobile/temporary accommodation,5,5,0,0,0
S01007067,All household spaces,264,254,10,0,10
S01007067,Whole house or bungalow: Total,218,214,4,0,4
S01007067,Whole house or bungalow: Detached,75,74,1,0,1
S01007067,Whole house or bungalow: Semi-detached,132,129,3,0,3
S01007067,Whole house or bungalow: Terraced (including end-terrace),11,11,0,0,0
S01007067,Flat maisonette or apartment or mobile/temporary accommodation,46,40,6,0,6
S01007068,All household spaces,348,329,19,6,13
S01007068,Whole house or bungalow: Total,323,306,17,5,12
S01007068,Whole house or bungalow: Detached,141,133,8,3,5
S01007068,Whole house or bungalow: Semi-detached,104,97,7,1,6
S01007068,Whole house or bungalow: Terraced (including end-terrace),78,76,2,1,1
S01007068,Flat maisonette or apartment or mobile/temporary accommodation,25,23,2,1,1
S01007069,All household spaces,354,338,16,1,15
S01007069,Whole house or bungalow: Total,344,329,15,1,14
S01007069,Whole house or bungalow: Detached,115,110,5,1,4
S01007069,Whole house or bungalow: Semi-detached,122,121,1,0,1
S01007069,Whole house or bungalow: Terraced (including end-terrace),107,98,9,0,9
S01007069,Flat maisonette or apartment or mobile/temporary accommodation,10,9,1,0,1
S01007070,All household spaces,262,247,15,4,11
S01007070,Whole house or bungalow: Total,234,220,14,4,10
S01007070,Whole house or bungalow: Detached,59,57,2,0,2
S01007070,Whole house or bungalow: Semi-detached,110,108,2,0,2
S01007070,Whole house or bungalow: Terraced (including end-terrace),65,55,10,4,6
S01007070,Flat maisonette or apartment or mobile/temporary accommodation,28,27,1,0,1
S01007071,All household spaces,367,356,11,0,11
S01007071,Whole house or bungalow: Total,341,331,10,0,10
S01007071,Whole house or bungalow: Detached,141,134,7,0,7
S01007071,Whole house or bungalow: Semi-detached,169,167,2,0,2
S01007071,Whole house or bungalow: Terraced (including end-terrace),31,30,1,0,1
S01007071,Flat maisonette or apartment or mobile/temporary accommodation,26,25,1,0,1
S01007072,All household spaces,247,246,1,0,1
S01007072,Whole house or bungalow: Total,244,243,1,0,1
S01007072,Whole house or bungalow: Detached,84,83,1,0,1
S01007072,Whole house or bungalow: Semi-detached,108,108,0,0,0
S01007072,Whole house or bungalow: Terraced (including end-terrace),52,52,0,0,0
S01007072,Flat maisonette or apartment or mobile/temporary accommodation,3,3,0,0,0
S01007073,All household spaces,359,358,1,0,1
S01007073,Whole house or bungalow: Total,356,355,1,0,1
S01007073,Whole house or bungalow: Detached,124,124,0,0,0
S01007073,Whole house or bungalow: Semi-detached,156,155,1,0,1
S01007073,Whole house or bungalow: Terraced (including end-terrace),76,76,0,0,0
S01007073,Flat maisonette or apartment or mobile/temporary accommodation,3,3,0,0,0
S01007074,All household spaces,296,292,4,0,4
S01007074,Whole house or bungalow: Total,232,230,2,0,2
S01007074,Whole house or bungalow: Detached,16,16,0,0,0
S01007074,Whole house or bungalow: Semi-detached,66,66,0,0,0
S01007074,Whole house or bungalow: Terraced (including end-terrace),150,148,2,0,2
S01007074,Flat maisonette or apartment or mobile/temporary accommodation,64,62,2,0,2
S01007075,All household spaces,319,305,14,6,8
S01007075,Whole house or bungalow: Total,288,275,13,6,7
S01007075,Whole house or bungalow: Detached,14,13,1,0,1
S01007075,Whole house or bungalow: Semi-detached,79,77,2,0,2
S01007075,Whole house or bungalow: Terraced (including end-terrace),195,185,10,6,4
S01007075,Flat maisonette or apartment or mobile/temporary accommodation,31,30,1,0,1
S01007076,All household spaces,292,289,3,2,1
S01007076,Whole house or bungalow: Total,286,283,3,2,1
S01007076,Whole house or bungalow: Detached,26,26,0,0,0
S01007076,Whole house or bungalow: Semi-detached,67,67,0,0,0
S01007076,Whole house or bungalow: Terraced (including end-terrace),193,190,3,2,1
S01007076,Flat maisonette or apartment or mobile/temporary accommodation,6,6,0,0,0
S01007077,All household spaces,321,311,10,4,6
S01007077,Whole house or bungalow: Total,317,307,10,4,6
S01007077,Whole house or bungalow: Detached,45,45,0,0,0
S01007077,Whole house or bungalow: Semi-detached,171,166,5,0,5
S01007077,Whole house or bungalow: Terraced (including end-terrace),101,96,5,4,1
S01007077,Flat maisonette or apartment or mobile/temporary accommodation,4,4,0,0,0
S01007078,All household spaces,404,398,6,0,6
S01007078,Whole house or bungalow: Total,294,291,3,0,3
S01007078,Whole house or bungalow: Detached,80,79,1,0,1
S01007078,Whole house or bungalow: Semi-detached,125,125,0,0,0
S01007078,Whole house or bungalow: Terraced (including end-terrace),89,87,2,0,2
S01007078,Flat maisonette or apartment or mobile/temporary accommodation,110,107,3,0,3
S01007079,All household spaces,548,522,26,0,26
S01007079,Whole house or bungalow: Total,272,265,7,0,7
S01007079,Whole house or bungalow: Detached,97,93,4,0,4
S01007079,Whole house or bungalow: Semi-detached,135,132,3,0,3
S01007079,Whole house or bungalow: Terraced (including end-terrace),40,40,0,0,0
S01007079,Flat maisonette or apartment or mobile/temporary accommodation,276,257,19,0,19
S01007080,All household spaces,395,386,9,0,9
S01007080,Whole house or bungalow: Total,238,234,4,0,4
S01007080,Whole house or bungalow: Detached,48,46,2,0,2
S01007080,Whole house or bungalow: Semi-detached,166,164,2,0,2
S01007080,Whole house or bungalow: Terraced (including end-terrace),24,24,0,0,0
S01007080,Flat maisonette or apartment or mobile/temporary accommodation,157,152,5,0,5
S01007081,All household spaces,384,370,14,6,8
S01007081,Whole house or bungalow: Total,261,249,12,6,6
S01007081,Whole house or bungalow: Detached,33,32,1,0,1
S01007081,Whole house or bungalow: Semi-detached,132,130,2,0,2
S01007081,Whole house or bungalow: Terraced (including end-terrace),96,87,9,6,3
S01007081,Flat maisonette or apartment or mobile/temporary accommodation,123,121,2,0,2
S01007082,All household spaces,238,233,5,1,4
S01007082,Whole house or bungalow: Total,156,152,4,1,3
S01007082,Whole house or bungalow: Detached,40,38,2,0,2
S01007082,Whole house or bungalow: Semi-detached,88,88,0,0,0
S01007082,Whole house or bungalow: Terraced (including end-terrace),28,26,2,1,1
S01007082,Flat maisonette or apartment or mobile/temporary accommodation,82,81,1,0,1
S01007083,All household spaces,466,451,15,0,15
S01007083,Whole house or bungalow: Total,228,219,9,0,9
S01007083,Whole house or bungalow: Detached,33,31,2,0,2
S01007083,Whole house or bungalow: Semi-detached,104,99,5,0,5
S01007083,Whole house or bungalow: Terraced (including end-terrace),91,89,2,0,2
S01007083,Flat maisonette or apartment or mobile/temporary accommodation,238,232,6,0,6
S01007084,All household spaces,286,273,13,1,12
S01007084,Whole house or bungalow: Total,181,175,6,0,6
S01007084,Whole house or bungalow: Detached,56,55,1,0,1
S01007084,Whole house or bungalow: Semi-detached,106,101,5,0,5
S01007084,Whole house or bungalow: Terraced (including end-terrace),19,19,0,0,0
S01007084,Flat maisonette or apartment or mobile/temporary accommodation,105,98,7,1,6
S01007085,All household spaces,399,366,33,2,31
S01007085,Whole house or bungalow: Total,147,134,13,1,12
S01007085,Whole house or bungalow: Detached,34,31,3,0,3
S01007085,Whole house or bungalow: Semi-detached,74,65,9,0,9
S01007085,Whole house or bungalow: Terraced (including end-terrace),39,38,1,1,0
S01007085,Flat maisonette or apartment or mobile/temporary accommodation,252,232,20,1,19
S01007086,All household spaces,684,573,111,41,70
S01007086,Whole house or bungalow: Total,166,138,28,11,17
S01007086,Whole house or bungalow: Detached,24,24,0,0,0
S01007086,Whole house or bungalow: Semi-detached,55,50,5,1,4
S01007086,Whole house or bungalow: Terraced (including end-terrace),87,64,23,10,13
S01007086,Flat maisonette or apartment or mobile/temporary accommodation,518,435,83,30,53
S01007087,All household spaces,493,439,54,18,36
S01007087,Whole house or bungalow: Total,206,180,26,7,19
S01007087,Whole house or bungalow: Detached,44,40,4,1,3
S01007087,Whole house or bungalow: Semi-detached,87,83,4,0,4
S01007087,Whole house or bungalow: Terraced (including end-terrace),75,57,18,6,12
S01007087,Flat maisonette or apartment or mobile/temporary accommodation,287,259,28,11,17
S01007088,All household spaces,266,247,19,11,8
S01007088,Whole house or bungalow: Total,57,49,8,7,1
S01007088,Whole house or bungalow: Detached,6,6,0,0,0
S01007088,Whole house or bungalow: Semi-detached,34,33,1,1,0
S01007088,Whole house or bungalow: Terraced (including end-terrace),17,10,7,6,1
S01007088,Flat maisonette or apartment or mobile/temporary accommodation,209,198,11,4,7
S01007089,All household spaces,227,217,10,0,10
S01007089,Whole house or bungalow: Total,223,213,10,0,10
S01007089,Whole house or bungalow: Detached,146,140,6,0,6
S01007089,Whole house or bungalow: Semi-detached,73,69,4,0,4
S01007089,Whole house or bungalow: Terraced (including end-terrace),4,4,0,0,0
S01007089,Flat maisonette or apartment or mobile/temporary accommodation,4,4,0,0,0
S01007090,All household spaces,248,243,5,0,5
S01007090,Whole house or bungalow: Total,219,214,5,0,5
S01007090,Whole house or bungalow: Detached,43,42,1,0,1
S01007090,Whole house or bungalow: Semi-detached,141,140,1,0,1
S01007090,Whole house or bungalow: Terraced (including end-terrace),35,32,3,0,3
S01007090,Flat maisonette or apartment or mobile/temporary accommodation,29,29,0,0,0
S01007091,All household spaces,287,280,7,0,7
S01007091,Whole house or bungalow: Total,265,259,6,0,6
S01007091,Whole house or bungalow: Detached,71,67,4,0,4
S01007091,Whole house or bungalow: Semi-detached,185,183,2,0,2
S01007091,Whole house or bungalow: Terraced (including end-terrace),9,9,0,0,0
S01007091,Flat maisonette or apartment or mobile/temporary accommodation,22,21,1,0,1
S01007092,All household spaces,321,307,14,1,13
S01007092,Whole house or bungalow: Total,265,257,8,0,8
S01007092,Whole house or bungalow: Detached,26,26,0,0,0
S01007092,Whole house or bungalow: Semi-detached,140,135,5,0,5
S01007092,Whole house or bungalow: Terraced (including end-terrace),99,96,3,0,3
S01007092,Flat maisonette or apartment or mobile/temporary accommodation,56,50,6,1,5
S01007093,All household spaces,426,417,9,1,8
S01007093,Whole house or bungalow: Total,388,380,8,0,8
S01007093,Whole house or bungalow: Detached,174,171,3,0,3
S01007093,Whole house or bungalow: Semi-detached,192,187,5,0,5
S01007093,Whole house or bungalow: Terraced (including end-terrace),22,22,0,0,0
S01007093,Flat maisonette or apartment or mobile/temporary accommodation,38,37,1,1,0
S01007094,All household spaces,357,354,3,0,3
S01007094,Whole house or bungalow: Total,347,344,3,0,3
S01007094,Whole house or bungalow: Detached,153,151,2,0,2
S01007094,Whole house or bungalow: Semi-detached,169,168,1,0,1
S01007094,Whole house or bungalow: Terraced (including end-terrace),25,25,0,0,0
S01007094,Flat maisonette or apartment or mobile/temporary accommodation,10,10,0,0,0
S01007095,All household spaces,214,209,5,0,5
S01007095,Whole house or bungalow: Total,209,204,5,0,5
S01007095,Whole house or bungalow: Detached,182,178,4,0,4
S01007095,Whole house or bungalow: Semi-detached,21,21,0,0,0
S01007095,Whole house or bungalow: Terraced (including end-terrace),6,5,1,0,1
S01007095,Flat maisonette or apartment or mobile/temporary accommodation,5,5,0,0,0
S01007096,All household spaces,329,316,13,0,13
S01007096,Whole house or bungalow: Total,305,292,13,0,13
S01007096,Whole house or bungalow: Detached,232,224,8,0,8
S01007096,Whole house or bungalow: Semi-detached,59,55,4,0,4
S01007096,Whole house or bungalow: Terraced (including end-terrace),14,13,1,0,1
S01007096,Flat maisonette or apartment or mobile/temporary accommodation,24,24,0,0,0
S01007097,All household spaces,199,188,11,0,11
S01007097,Whole house or bungalow: Total,195,185,10,0,10
S01007097,Whole house or bungalow: Detached,161,152,9,0,9
S01007097,Whole house or bungalow: Semi-detached,30,29,1,0,1
S01007097,Whole house or bungalow: Terraced (including end-terrace),4,4,0,0,0
S01007097,Flat maisonette or apartment or mobile/temporary accommodation,4,3,1,0,1
S01007098,All household spaces,300,288,12,3,9
S01007098,Whole house or bungalow: Total,300,288,12,3,9
S01007098,Whole house or bungalow: Detached,248,236,12,3,9
S01007098,Whole house or bungalow: Semi-detached,45,45,0,0,0
S01007098,Whole house or bungalow: Terraced (including end-terrace),7,7,0,0,0
S01007098,Flat maisonette or apartment or mobile/temporary accommodation,0,0,0,0,0
S01007099,All household spaces,347,338,9,0,9
S01007099,Whole house or bungalow: Total,329,320,9,0,9
S01007099,Whole house or bungalow: Detached,231,226,5,0,5
S01007099,Whole house or bungalow: Semi-detached,69,67,2,0,2
S01007099,Whole house or bungalow: Terraced (including end-terrace),29,27,2,0,2
S01007099,Flat maisonette or apartment or mobile/temporary accommodation,18,18,0,0,0
S01007100,All household spaces,311,298,13,3,10
S01007100,Whole house or bungalow: Total,303,290,13,3,10
S01007100,Whole house or bungalow: Detached,197,188,9,1,8
S01007100,Whole house or bungalow: Semi-detached,74,70,4,2,2
S01007100,Whole house or bungalow: Terraced (including end-terrace),32,32,0,0,0
S01007100,Flat maisonette or apartment or mobile/temporary accommodation,8,8,0,0,0
S01007101,All household spaces,352,342,10,2,8
S01007101,Whole house or bungalow: Total,336,327,9,2,7
S01007101,Whole house or bungalow: Detached,88,86,2,0,2
S01007101,Whole house or bungalow: Semi-detached,161,155,6,2,4
S01007101,Whole house or bungalow: Terraced (including end-terrace),87,86,1,0,1
S01007101,Flat maisonette or apartment or mobile/temporary accommodation,16,15,1,0,1
S01007102,All household spaces,274,260,14,1,13
S01007102,Whole house or bungalow: Total,271,257,14,1,13
S01007102,Whole house or bungalow: Detached,240,227,13,1,12
S01007102,Whole house or bungalow: Semi-detached,31,30,1,0,1
S01007102,Whole house or bungalow: Terraced (including end-terrace),0,0,0,0,0
S01007102,Flat maisonette or apartment or mobile/temporary accommodation,3,3,0,0,0
S01007103,All household spaces,341,330,11,2,9
S01007103,Whole house or bungalow: Total,339,328,11,2,9
S01007103,Whole house or bungalow: Detached,212,201,11,2,9
S01007103,Whole house or bungalow: Semi-detached,80,80,0,0,0
S01007103,Whole house or bungalow: Terraced (including end-terrace),47,47,0,0,0
S01007103,Flat maisonette or apartment or mobile/temporary accommodation,2,2,0,0,0
S01007104,All household spaces,208,197,11,0,11
S01007104,Whole house or bungalow: Total,205,194,11,0,11
S01007104,Whole house or bungalow: Detached,169,160,9,0,9
S01007104,Whole house or bungalow: Semi-detached,30,28,2,0,2
S01007104,Whole house or bungalow: Terraced (including end-terrace),6,6,0,0,0
S01007104,Flat maisonette or apartment or mobile/temporary accommodation,3,3,0,0,0
S01007105,All household spaces,258,238,20,5,15
S01007105,Whole house or bungalow: Total,242,223,19,5,14
S01007105,Whole house or bungalow: Detached,179,162,17,5,12
S01007105,Whole house or bungalow: Semi-detached,43,42,1,0,1
S01007105,Whole house or bungalow: Terraced (including end-terrace),20,19,1,0,1
S01007105,Flat maisonette or apartment or mobile/temporary accommodation,16,15,1,0,1
S01007106,All household spaces,344,319,25,5,20
S01007106,Whole house or bungalow: Total,342,317,25,5,20
S01007106,Whole house or bungalow: Detached,184,172,12,3,9
S01007106,Whole house or bungalow: Semi-detached,106,93,13,2,11
S01007106,Whole house or bungalow: Terraced (including end-terrace),52,52,0,0,0
S01007106,Flat maisonette or apartment or mobile/temporary accommodation,2,2,0,0,0
S01007107,All household spaces,268,256,12,1,11
S01007107,Whole house or bungalow: Total,263,251,12,1,11
S01007107,Whole house or bungalow: Detached,233,221,12,1,11
S01007107,Whole house or bungalow: Semi-detached,28,28,0,0,0
S01007107,Whole house or bungalow: Terraced (including end-terrace),2,2,0,0,0
S01007107,Flat maisonette or apartment or mobile/temporary accommodation,5,5,0,0,0
S01007108,All household spaces,240,226,14,0,14
S01007108,Whole house or bungalow: Total,237,223,14,0,14
S01007108,Whole house or bungalow: Detached,208,196,12,0,12
S01007108,Whole house or bungalow: Semi-detached,21,20,1,0,1
S01007108,Whole house or bungalow: Terraced (including end-terrace),8,7,1,0,1
S01007108,Flat maisonette or apartment or mobile/temporary accommodation,3,3,0,0,0
S01007109,All household spaces,380,371,9,2,7
S01007109,Whole house or bungalow: Total,340,332,8,2,6
S01007109,Whole house or bungalow: Detached,76,74,2,1,1
S01007109,Whole house or bungalow: Semi-detached,203,201,2,0,2
S01007109,Whole house or bungalow: Terraced (including end-terrace),61,57,4,1,3
S01007109,Flat maisonette or apartment or mobile/temporary accommodation,40,39,1,0,1
S01007110,All household spaces,343,324,19,2,17
S01007110,Whole house or bungalow: Total,294,281,13,2,11
S01007110,Whole house or bungalow: Detached,114,112,2,0,2
S01007110,Whole house or bungalow: Semi-detached,109,104,5,1,4
S01007110,Whole house or bungalow: Terraced (including end-terrace),71,65,6,1,5
S01007110,Flat maisonette or apartment or mobile/temporary accommodation,49,43,6,0,6
S01007111,All household spaces,235,225,10,4,6
S01007111,Whole house or bungalow: Total,222,212,10,4,6
S01007111,Whole house or bungalow: Detached,74,71,3,2,1
S01007111,Whole house or bungalow: Semi-detached,109,105,4,1,3
S01007111,Whole house or bungalow: Terraced (including end-terrace),39,36,3,1,2
S01007111,Flat maisonette or apartment or mobile/temporary accommodation,13,13,0,0,0
S01007112,All household spaces,220,214,6,1,5
S01007112,Whole house or bungalow: Total,208,205,3,0,3
S01007112,Whole house or bungalow: Detached,166,164,2,0,2
S01007112,Whole house or bungalow: Semi-detached,32,31,1,0,1
S01007112,Whole house or bungalow: Terraced (including end-terrace),10,10,0,0,0
S01007112,Flat maisonette or apartment or mobile/temporary accommodation,12,9,3,1,2
S01007113,All household spaces,245,231,14,6,8
S01007113,Whole house or bungalow: Total,139,131,8,3,5
S01007113,Whole house or bungalow: Detached,44,43,1,1,0
S01007113,Whole house or bungalow: Semi-detached,65,63,2,0,2
S01007113,Whole house or bungalow: Terraced (including end-terrace),30,25,5,2,3
S01007113,Flat maisonette or apartment or mobile/temporary accommodation,106,100,6,3,3
S01007114,All household spaces,386,378,8,0,8
S01007114,Whole house or bungalow: Total,377,369,8,0,8
S01007114,Whole house or bungalow: Detached,97,93,4,0,4
S01007114,Whole house or bungalow: Semi-detached,137,135,2,0,2
S01007114,Whole house or bungalow: Terraced (including end-terrace),143,141,2,0,2
S01007114,Flat maisonette or apartment or mobile/temporary accommodation,9,9,0,0,0
S01007115,All household spaces,261,257,4,0,4
S01007115,Whole house or bungalow: Total,238,238,0,0,0
S01007115,Whole house or bungalow: Detached,145,145,0,0,0
S01007115,Whole house or bungalow: Semi-detached,87,87,0,0,0
S01007115,Whole house or bungalow: Terraced (including end-terrace),6,6,0,0,0
S01007115,Flat maisonette or apartment or mobile/temporary accommodation,23,19,4,0,4
S01007116,All household spaces,316,315,1,0,1
S01007116,Whole house or bungalow: Total,310,309,1,0,1
S01007116,Whole house or bungalow: Detached,254,253,1,0,1
S01007116,Whole house or bungalow: Semi-detached,50,50,0,0,0
S01007116,Whole house or bungalow: Terraced (including end-terrace),6,6,0,0,0
S01007116,Flat maisonette or apartment or mobile/temporary accommodation,6,6,0,0,0
S01007117,All household spaces,180,177,3,0,3
S01007117,Whole house or bungalow: Total,179,176,3,0,3
S01007117,Whole house or bungalow: Detached,157,154,3,0,3
S01007117,Whole house or bungalow: Semi-detached,16,16,0,0,0
S01007117,Whole house or bungalow: Terraced (including end-terrace),6,6,0,0,0
S01007117,Flat maisonette or apartment or mobile/temporary accommodation,1,1,0,0,0
S01007118,All household spaces,291,282,9,0,9
S01007118,Whole house or bungalow: Total,283,274,9,0,9
S01007118,Whole house or bungalow: Detached,18,18,0,0,0
S01007118,Whole house or bungalow: Semi-detached,71,71,0,0,0
S01007118,Whole house or bungalow: Terraced (including end-terrace),194,185,9,0,9
S01007118,Flat maisonette or apartment or mobile/temporary accommodation,8,8,0,0,0
S01007119,All household spaces,331,330,1,0,1
S01007119,Whole house or bungalow: Total,328,327,1,0,1
S01007119,Whole house or bungalow: Detached,23,23,0,0,0
S01007119,Whole house or bungalow: Semi-detached,153,153,0,0,0
S01007119,Whole house or bungalow: Terraced (including end-terrace),152,151,1,0,1
S01007119,Flat maisonette or apartment or mobile/temporary accommodation,3,3,0,0,0
S01007120,All household spaces,507,483,24,9,15
S01007120,Whole house or bungalow: Total,420,408,12,1,11
S01007120,Whole house or bungalow: Detached,72,72,0,0,0
S01007120,Whole house or bungalow: Semi-detached,143,139,4,0,4
S01007120,Whole house or bungalow: Terraced (including end-terrace),205,197,8,1,7
S01007120,Flat maisonette or apartment or mobile/temporary accommodation,87,75,12,8,4
S01007121,All household spaces,321,294,27,19,8
S01007121,Whole house or bungalow: Total,100,88,12,12,0
S01007121,Whole house or bungalow: Detached,7,7,0,0,0
S01007121,Whole house or bungalow: Semi-detached,36,36,0,0,0
S01007121,Whole house or bungalow: Terraced (including end-terrace),57,45,12,12,0
S01007121,Flat maisonette or apartment or mobile/temporary accommodation,221,206,15,7,8
S01007122,All household spaces,300,287,13,9,4
S01007122,Whole house or bungalow: Total,150,142,8,6,2
S01007122,Whole house or bungalow: Detached,56,55,1,0,1
S01007122,Whole house or bungalow: Semi-detached,72,71,1,0,1
S01007122,Whole house or bungalow: Terraced (including end-terrace),22,16,6,6,0
S01007122,Flat maisonette or apartment or mobile/temporary accommodation,150,145,5,3,2
S01007123,All household spaces,321,313,8,0,8
S01007123,Whole house or bungalow: Total,257,253,4,0,4
S01007123,Whole house or bungalow: Detached,22,22,0,0,0
S01007123,Whole house or bungalow: Semi-detached,135,133,2,0,2
S01007123,Whole house or bungalow: Terraced (including end-terrace),100,98,2,0,2
S01007123,Flat maisonette or apartment or mobile/temporary accommodation,64,60,4,0,4
S01007124,All household spaces,387,380,7,2,5
S01007124,Whole house or bungalow: Total,379,372,7,2,5
S01007124,Whole house or bungalow: Detached,42,41,1,1,0
S01007124,Whole house or bungalow: Semi-detached,218,214,4,1,3
S01007124,Whole house or bungalow: Terraced (including end-terrace),119,117,2,0,2
S01007124,Flat maisonette or apartment or mobile/temporary accommodation,8,8,0,0,0
S01007125,All household spaces,367,351,16,8,8
S01007125,Whole house or bungalow: Total,320,305,15,8,7
S01007125,Whole house or bungalow: Detached,58,58,0,0,0
S01007125,Whole house or bungalow: Semi-detached,190,186,4,0,4
S01007125,Whole house or bungalow: Terraced (including end-terrace),72,61,11,8,3
S01007125,Flat maisonette or apartment or mobile/temporary accommodation,47,46,1,0,1
S01007126,All household spaces,441,399,42,37,5
S01007126,Whole house or bungalow: Total,260,232,28,26,2
S01007126,Whole house or bungalow: Detached,23,23,0,0,0
S01007126,Whole house or bungalow: Semi-detached,91,91,0,0,0
S01007126,Whole house or bungalow: Terraced (including end-terrace),146,118,28,26,2
S01007126,Flat maisonette or apartment or mobile/temporary accommodation,181,167,14,11,3
S01007127,All household spaces,494,446,48,3,45
S01007127,Whole house or bungalow: Total,197,187,10,1,9
S01007127,Whole house or bungalow: Detached,32,31,1,0,1
S01007127,Whole house or bungalow: Semi-detached,46,45,1,0,1
S01007127,Whole house or bungalow: Terraced (including end-terrace),119,111,8,1,7
S01007127,Flat maisonette or apartment or mobile/temporary accommodation,297,259,38,2,36
S01007128,All household spaces,433,411,22,13,9
S01007128,Whole house or bungalow: Total,314,296,18,13,5
S01007128,Whole house or bungalow: Detached,27,27,0,0,0
S01007128,Whole house or bungalow: Semi-detached,130,129,1,0,1
S01007128,Whole house or bungalow: Terraced (including end-terrace),157,140,17,13,4
S01007128,Flat maisonette or apartment or mobile/temporary accommodation,119,115,4,0,4
S01007129,All household spaces,383,374,9,1,8
S01007129,Whole house or bungalow: Total,373,364,9,1,8
S01007129,Whole house or bungalow: Detached,260,254,6,1,5
S01007129,Whole house or bungalow: Semi-detached,69,69,0,0,0
S01007129,Whole house or bungalow: Terraced (including end-terrace),44,41,3,0,3
S01007129,Flat maisonette or apartment or mobile/temporary accommodation,10,10,0,0,0
S01007130,All household spaces,282,280,2,0,2
S01007130,Whole house or bungalow: Total,232,230,2,0,2
S01007130,Whole house or bungalow: Detached,95,95,0,0,0
S01007130,Whole house or bungalow: Semi-detached,77,76,1,0,1
S01007130,Whole house or bungalow: Terraced (including end-terrace),60,59,1,0,1
S01007130,Flat maisonette or apartment or mobile/temporary accommodation,50,50,0,0,0
S01007131,All household spaces,348,341,7,0,7
S01007131,Whole house or bungalow: Total,310,303,7,0,7
S01007131,Whole house or bungalow: Detached,184,178,6,0,6
S01007131,Whole house or bungalow: Semi-detached,110,109,1,0,1
S01007131,Whole house or bungalow: Terraced (including end-terrace),16,16,0,0,0
S01007131,Flat maisonette or apartment or mobile/temporary accommodation,38,38,0,0,0
S01007132,All household spaces,304,297,7,0,7
S01007132,Whole house or bungalow: Total,283,276,7,0,7
S01007132,Whole house or bungalow: Detached,142,140,2,0,2
S01007132,Whole house or bungalow: Semi-detached,120,115,5,0,5
S01007132,Whole house or bungalow: Terraced (including end-terrace),21,21,0,0,0
S01007132,Flat maisonette or apartment or mobile/temporary accommodation,21,21,0,0,0
S01007133,All household spaces,269,262,7,3,4
S01007133,Whole house or bungalow: Total,257,250,7,3,4
S01007133,Whole house or bungalow: Detached,158,155,3,1,2
S01007133,Whole house or bungalow: Semi-detached,69,67,2,2,0
S01007133,Whole house or bungalow: Terraced (including end-terrace),30,28,2,0,2
S01007133,Flat maisonette or apartment or mobile/temporary accommodation,12,12,0,0,0
S01007134,All household spaces,336,317,19,0,19
S01007134,Whole house or bungalow: Total,291,287,4,0,4
S01007134,Whole house or bungalow: Detached,194,192,2,0,2
S01007134,Whole house or bungalow: Semi-detached,90,88,2,0,2
S01007134,Whole house or bungalow: Terraced (including end-terrace),7,7,0,0,0
S01007134,Flat maisonette or apartment or mobile/temporary accommodation,45,30,15,0,15
S01007135,All household spaces,230,221,9,3,6
S01007135,Whole house or bungalow: Total,209,200,9,3,6
S01007135,Whole house or bungalow: Detached,169,161,8,3,5
S01007135,Whole house or bungalow: Semi-detached,32,31,1,0,1
S01007135,Whole house or bungalow: Terraced (including end-terrace),8,8,0,0,0
S01007135,Flat maisonette or apartment or mobile/temporary accommodation,21,21,0,0,0
S01007136,All household spaces,216,185,31,16,15
S01007136,Whole house or bungalow: Total,211,182,29,16,13
S01007136,Whole house or bungalow: Detached,192,168,24,15,9
S01007136,Whole house or bungalow: Semi-detached,17,13,4,0,4
S01007136,Whole house or bungalow: Terraced (including end-terrace),2,1,1,1,0
S01007136,Flat maisonette or apartment or mobile/temporary accommodation,5,3,2,0,2
S01007137,All household spaces,249,248,1,0,1
S01007137,Whole house or bungalow: Total,234,233,1,0,1
S01007137,Whole house or bungalow: Detached,214,213,1,0,1
S01007137,Whole house or bungalow: Semi-detached,6,6,0,0,0
S01007137,Whole house or bungalow: Terraced (including end-terrace),14,14,0,0,0
S01007137,Flat maisonette or apartment or mobile/temporary accommodation,15,15,0,0,0
S01007138,All household spaces,250,243,7,0,7
S01007138,Whole house or bungalow: Total,221,215,6,0,6
S01007138,Whole house or bungalow: Detached,144,142,2,0,2
S01007138,Whole house or bungalow: Semi-detached,52,49,3,0,3
S01007138,Whole house or bungalow: Terraced (including end-terrace),25,24,1,0,1
S01007138,Flat maisonette or apartment or mobile/temporary accommodation,29,28,1,0,1
S01007139,All household spaces,330,324,6,1,5
S01007139,Whole house or bungalow: Total,326,320,6,1,5
S01007139,Whole house or bungalow: Detached,186,182,4,1,3
S01007139,Whole house or bungalow: Semi-detached,88,87,1,0,1
S01007139,Whole house or bungalow: Terraced (including end-terrace),52,51,1,0,1
S01007139,Flat maisonette or apartment or mobile/temporary accommodation,4,4,0,0,0
S01007140,All household spaces,415,405,10,4,6
S01007140,Whole house or bungalow: Total,411,401,10,4,6
S01007140,Whole house or bungalow: Detached,282,278,4,1,3
S01007140,Whole house or bungalow: Semi-detached,107,101,6,3,3
S01007140,Whole house or bungalow: Terraced (including end-terrace),22,22,0,0,0
S01007140,Flat maisonette or apartment or mobile/temporary accommodation,4,4,0,0,0
S01007141,All household spaces,256,249,7,2,5
S01007141,Whole house or bungalow: Total,254,247,7,2,5
S01007141,Whole house or bungalow: Detached,159,155,4,1,3
S01007141,Whole house or bungalow: Semi-detached,83,81,2,0,2
S01007141,Whole house or bungalow: Terraced (including end-terrace),12,11,1,1,0
S01007141,Flat maisonette or apartment or mobile/temporary accommodation,2,2,0,0,0
S01007142,All household spaces,153,153,0,0,0
S01007142,Whole house or bungalow: Total,151,151,0,0,0
S01007142,Whole house or bungalow: Detached,143,143,0,0,0
S01007142,Whole house or bungalow: Semi-detached,6,6,0,0,0
S01007142,Whole house or bungalow: Terraced (including end-terrace),2,2,0,0,0
S01007142,Flat maisonette or apartment or mobile/temporary accommodation,2,2,0,0,0
S01007143,All household spaces,204,203,1,0,1
S01007143,Whole house or bungalow: Total,202,201,1,0,1
S01007143,Whole house or bungalow: Detached,160,159,1,0,1
S01007143,Whole house or bungalow: Semi-detached,39,39,0,0,0
S01007143,Whole house or bungalow: Terraced (including end-terrace),3,3,0,0,0
S01007143,Flat maisonette or apartment or mobile/temporary accommodation,2,2,0,0,0
S01007144,All household spaces,257,240,17,0,17
S01007144,Whole house or bungalow: Total,252,235,17,0,17
S01007144,Whole house or bungalow: Detached,152,140,12,0,12
S01007144,Whole house or bungalow: Semi-detached,79,75,4,0,4
S01007144,Whole house or bungalow: Terraced (including end-terrace),21,20,1,0,1
S01007144,Flat maisonette or apartment or mobile/temporary accommodation,5,5,0,0,0
S01007145,All household spaces,418,408,10,1,9
S01007145,Whole house or bungalow: Total,390,381,9,1,8
S01007145,Whole house or bungalow: Detached,187,185,2,1,1
S01007145,Whole house or bungalow: Semi-detached,132,127,5,0,5
S01007145,Whole house or bungalow: Terraced (including end-terrace),71,69,2,0,2
S01007145,Flat maisonette or apartment or mobile/temporary accommodation,28,27,1,0,1
S01007146,All household spaces,337,334,3,0,3
S01007146,Whole house or bungalow: Total,300,297,3,0,3
S01007146,Whole house or bungalow: Detached,74,72,2,0,2
S01007146,Whole house or bungalow: Semi-detached,178,177,1,0,1
S01007146,Whole house or bungalow: Terraced (including end-terrace),48,48,0,0,0
S01007146,Flat maisonette or apartment or mobile/temporary accommodation,37,37,0,0,0
S01007147,All household spaces,309,305,4,0,4
S01007147,Whole house or bungalow: Total,286,282,4,0,4
S01007147,Whole house or bungalow: Detached,205,203,2,0,2
S01007147,Whole house or bungalow: Semi-detached,48,47,1,0,1
S01007147,Whole house or bungalow: Terraced (including end-terrace),33,32,1,0,1
S01007147,Flat maisonette or apartment or mobile/temporary accommodation,23,23,0,0,0
S01007148,All household spaces,207,204,3,0,3
S01007148,Whole house or bungalow: Total,204,201,3,0,3
S01007148,Whole house or bungalow: Detached,137,135,2,0,2
S01007148,Whole house or bungalow: Semi-detached,45,45,0,0,0
S01007148,Whole house or bungalow: Terraced (including end-terrace),22,21,1,0,1
S01007148,Flat maisonette or apartment or mobile/temporary accommodation,3,3,0,0,0
S01007149,All household spaces,239,237,2,0,2
S01007149,Whole house or bungalow: Total,236,234,2,0,2
S01007149,Whole house or bungalow: Detached,149,147,2,0,2
S01007149,Whole house or bungalow: Semi-detached,85,85,0,0,0
S01007149,Whole house or bungalow: Terraced (including end-terrace),2,2,0,0,0
S01007149,Flat maisonette or apartment or mobile/temporary accommodation,3,3,0,0,0
S01007150,All household spaces,358,350,8,0,8
S01007150,Whole house or bungalow: Total,262,257,5,0,5
S01007150,Whole house or bungalow: Detached,145,141,4,0,4
S01007150,Whole house or bungalow: Semi-detached,110,109,1,0,1
S01007150,Whole house or bungalow: Terraced (including end-terrace),7,7,0,0,0
S01007150,Flat maisonette or apartment or mobile/temporary accommodation,96,93,3,0,3
S01007151,All household spaces,333,331,2,0,2
S01007151,Whole house or bungalow: Total,323,322,1,0,1
S01007151,Whole house or bungalow: Detached,231,230,1,0,1
S01007151,Whole house or bungalow: Semi-detached,84,84,0,0,0
S01007151,Whole house or bungalow: Terraced (including end-terrace),8,8,0,0,0
S01007151,Flat maisonette or apartment or mobile/temporary accommodation,10,9,1,0,1
S01007152,All household spaces,242,237,5,0,5
S01007152,Whole house or bungalow: Total,201,196,5,0,5
S01007152,Whole house or bungalow: Detached,94,91,3,0,3
S01007152,Whole house or bungalow: Semi-detached,90,88,2,0,2
S01007152,Whole house or bungalow: Terraced (including end-terrace),17,17,0,0,0
S01007152,Flat maisonette or apartment or mobile/temporary accommodation,41,41,0,0,0
S01007153,All household spaces,292,286,6,0,6
S01007153,Whole house or bungalow: Total,284,278,6,0,6
S01007153,Whole house or bungalow: Detached,87,86,1,0,1
S01007153,Whole house or bungalow: Semi-detached,91,91,0,0,0
S01007153,Whole house or bungalow: Terraced (including end-terrace),106,101,5,0,5
S01007153,Flat maisonette or apartment or mobile/temporary accommodation,8,8,0,0,0
S01007154,All household spaces,458,453,5,0,5
S01007154,Whole house or bungalow: Total,151,149,2,0,2
S01007154,Whole house or bungalow: Detached,57,57,0,0,0
S01007154,Whole house or bungalow: Semi-detached,81,80,1,0,1
S01007154,Whole house or bungalow: Terraced (including end-terrace),13,12,1,0,1
S01007154,Flat maisonette or apartment or mobile/temporary accommodation,307,304,3,0,3
S01007155,All household spaces,314,305,9,0,9
S01007155,Whole house or bungalow: Total,255,248,7,0,7
S01007155,Whole house or bungalow: Detached,50,49,1,0,1
S01007155,Whole house or bungalow: Semi-detached,154,148,6,0,6
S01007155,Whole house or bungalow: Terraced (including end-terrace),51,51,0,0,0
S01007155,Flat maisonette or apartment or mobile/temporary accommodation,59,57,2,0,2
S01007156,All household spaces,317,308,9,0,9
S01007156,Whole house or bungalow: Total,312,303,9,0,9
S01007156,Whole house or bungalow: Detached,141,137,4,0,4
S01007156,Whole house or bungalow: Semi-detached,80,78,2,0,2
S01007156,Whole house or bungalow: Terraced (including end-terrace),91,88,3,0,3
S01007156,Flat maisonette or apartment or mobile/temporary accommodation,5,5,0,0,0
S01007157,All household spaces,286,279,7,0,7
S01007157,Whole house or bungalow: Total,263,256,7,0,7
S01007157,Whole house or bungalow: Detached,26,25,1,0,1
S01007157,Whole house or bungalow: Semi-detached,113,110,3,0,3
S01007157,Whole house or bungalow: Terraced (including end-terrace),124,121,3,0,3
S01007157,Flat maisonette or apartment or mobile/temporary accommodation,23,23,0,0,0
S01007158,All household spaces,388,386,2,0,2
S01007158,Whole house or bungalow: Total,367,365,2,0,2
S01007158,Whole house or bungalow: Detached,141,140,1,0,1
S01007158,Whole house or bungalow: Semi-detached,151,150,1,0,1
S01007158,Whole house or bungalow: Terraced (including end-terrace),75,75,0,0,0
S01007158,Flat maisonette or apartment or mobile/temporary accommodation,21,21,0,0,0
S01007159,All household spaces,430,407,23,0,23
S01007159,Whole house or bungalow: Total,262,257,5,0,5
S01007159,Whole house or bungalow: Detached,30,30,0,0,0
S01007159,Whole house or bungalow: Semi-detached,148,147,1,0,1
S01007159,Whole house or bungalow: Terraced (including end-terrace),84,80,4,0,4
S01007159,Flat maisonette or apartment or mobile/temporary accommodation,168,150,18,0,18
S01007160,All household spaces,381,377,4,0,4
S01007160,Whole house or bungalow: Total,353,349,4,0,4
S01007160,Whole house or bungalow: Detached,56,56,0,0,0
S01007160,Whole house or bungalow: Semi-detached,164,164,0,0,0
S01007160,Whole house or bungalow: Terraced (including end-terrace),133,129,4,0,4
S01007160,Flat maisonette or apartment or mobile/temporary accommodation,28,28,0,0,0
S01007161,All household spaces,326,317,9,2,7
S01007161,Whole house or bungalow: Total,283,276,7,1,6
S01007161,Whole house or bungalow: Detached,70,68,2,1,1
S01007161,Whole house or bungalow: Semi-detached,113,111,2,0,2
S01007161,Whole house or bungalow: Terraced (including end-terrace),100,97,3,0,3
S01007161,Flat maisonette or apartment or mobile/temporary accommodation,43,41,2,1,1
S01007162,All household spaces,291,271,20,8,12
S01007162,Whole house or bungalow: Total,100,98,2,0,2
S01007162,Whole house or bungalow: Detached,22,22,0,0,0
S01007162,Whole house or bungalow: Semi-detached,48,47,1,0,1
S01007162,Whole house or bungalow: Terraced (including end-terrace),30,29,1,0,1
S01007162,Flat maisonette or apartment or mobile/temporary accommodation,191,173,18,8,10
S01007163,All household spaces,405,392,13,2,11
S01007163,Whole house or bungalow: Total,379,366,13,2,11
S01007163,Whole house or bungalow: Detached,102,100,2,0,2
S01007163,Whole house or bungalow: Semi-detached,219,208,11,2,9
S01007163,Whole house or bungalow: Terraced (including end-terrace),58,58,0,0,0
S01007163,Flat maisonette or apartment or mobile/temporary accommodation,26,26,0,0,0
S01007164,All household spaces,267,257,10,0,10
S01007164,Whole house or bungalow: Total,223,219,4,0,4
S01007164,Whole house or bungalow: Detached,79,78,1,0,1
S01007164,Whole house or bungalow: Semi-detached,86,84,2,0,2
S01007164,Whole house or bungalow: Terraced (including end-terrace),58,57,1,0,1
S01007164,Flat maisonette or apartment or mobile/temporary accommodation,44,38,6,0,6
S01007165,All household spaces,341,330,11,2,9
S01007165,Whole house or bungalow: Total,272,263,9,1,8
S01007165,Whole house or bungalow: Detached,118,115,3,0,3
S01007165,Whole house or bungalow: Semi-detached,113,111,2,1,1
S01007165,Whole house or bungalow: Terraced (including end-terrace),41,37,4,0,4
S01007165,Flat maisonette or apartment or mobile/temporary accommodation,69,67,2,1,1
S01007166,All household spaces,337,328,9,2,7
S01007166,Whole house or bungalow: Total,300,292,8,2,6
S01007166,Whole house or bungalow: Detached,81,79,2,0,2
S01007166,Whole house or bungalow: Semi-detached,161,156,5,2,3
S01007166,Whole house or bungalow: Terraced (including end-terrace),58,57,1,0,1
S01007166,Flat maisonette or apartment or mobile/temporary accommodation,37,36,1,0,1
S01007167,All household spaces,334,331,3,0,3
S01007167,Whole house or bungalow: Total,329,326,3,0,3
S01007167,Whole house or bungalow: Detached,203,201,2,0,2
S01007167,Whole house or bungalow: Semi-detached,114,114,0,0,0
S01007167,Whole house or bungalow: Terraced (including end-terrace),12,11,1,0,1
S01007167,Flat maisonette or apartment or mobile/temporary accommodation,5,5,0,0,0
S01007168,All household spaces,419,415,4,0,4
S01007168,Whole house or bungalow: Total,417,413,4,0,4
S01007168,Whole house or bungalow: Detached,230,226,4,0,4
S01007168,Whole house or bungalow: Semi-detached,183,183,0,0,0
S01007168,Whole house or bungalow: Terraced (including end-terrace),4,4,0,0,0
S01007168,Flat maisonette or apartment or mobile/temporary accommodation,2,2,0,0,0
S01007169,All household spaces,327,326,1,0,1
S01007169,Whole house or bungalow: Total,285,284,1,0,1
S01007169,Whole house or bungalow: Detached,185,184,1,0,1
S01007169,Whole house or bungalow: Semi-detached,85,85,0,0,0
S01007169,Whole house or bungalow: Terraced (including end-terrace),15,15,0,0,0
S01007169,Flat maisonette or apartment or mobile/temporary accommodation,42,42,0,0,0
S01007170,All household spaces,280,268,12,1,11
S01007170,Whole house or bungalow: Total,265,253,12,1,11
S01007170,Whole house or bungalow: Detached,200,194,6,1,5
S01007170,Whole house or bungalow: Semi-detached,62,57,5,0,5
S01007170,Whole house or bungalow: Terraced (including end-terrace),3,2,1,0,1
S01007170,Flat maisonette or apartment or mobile/temporary accommodation,15,15,0,0,0
S01007171,All household spaces,380,364,16,4,12
S01007171,Whole house or bungalow: Total,293,282,11,4,7
S01007171,Whole house or bungalow: Detached,207,201,6,2,4
S01007171,Whole house or bungalow: Semi-detached,72,67,5,2,3
S01007171,Whole house or bungalow: Terraced (including end-terrace),14,14,0,0,0
S01007171,Flat maisonette or apartment or mobile/temporary accommodation,87,82,5,0,5
S01007172,All household spaces,353,333,20,8,12
S01007172,Whole house or bungalow: Total,328,311,17,6,11
S01007172,Whole house or bungalow: Detached,258,246,12,4,8
S01007172,Whole house or bungalow: Semi-detached,45,41,4,1,3
S01007172,Whole house or bungalow: Terraced (including end-terrace),25,24,1,1,0
S01007172,Flat maisonette or apartment or mobile/temporary accommodation,25,22,3,2,1
S01007173,All household spaces,335,327,8,1,7
S01007173,Whole house or bungalow: Total,319,311,8,1,7
S01007173,Whole house or bungalow: Detached,174,169,5,1,4
S01007173,Whole house or bungalow: Semi-detached,89,87,2,0,2
S01007173,Whole house or bungalow: Terraced (including end-terrace),56,55,1,0,1
S01007173,Flat maisonette or apartment or mobile/temporary accommodation,16,16,0,0,0
S01007174,All household spaces,292,286,6,2,4
S01007174,Whole house or bungalow: Total,282,276,6,2,4
S01007174,Whole house or bungalow: Detached,136,133,3,2,1
S01007174,Whole house or bungalow: Semi-detached,69,66,3,0,3
S01007174,Whole house or bungalow: Terraced (including end-terrace),77,77,0,0,0
S01007174,Flat maisonette or apartment or mobile/temporary accommodation,10,10,0,0,0
S01007175,All household spaces,303,294,9,0,9
S01007175,Whole house or bungalow: Total,294,285,9,0,9
S01007175,Whole house or bungalow: Detached,68,63,5,0,5
S01007175,Whole house or bungalow: Semi-detached,175,171,4,0,4
S01007175,Whole house or bungalow: Terraced (including end-terrace),51,51,0,0,0
S01007175,Flat maisonette or apartment or mobile/temporary accommodation,9,9,0,0,0
S01007176,All household spaces,296,290,6,0,6
S01007176,Whole house or bungalow: Total,236,231,5,0,5
S01007176,Whole house or bungalow: Detached,63,62,1,0,1
S01007176,Whole house or bungalow: Semi-detached,116,112,4,0,4
S01007176,Whole house or bungalow: Terraced (including end-terrace),57,57,0,0,0
S01007176,Flat maisonette or apartment or mobile/temporary accommodation,60,59,1,0,1
S01007177,All household spaces,309,303,6,0,6
S01007177,Whole house or bungalow: Total,171,171,0,0,0
S01007177,Whole house or bungalow: Detached,18,18,0,0,0
S01007177,Whole house or bungalow: Semi-detached,35,35,0,0,0
S01007177,Whole house or bungalow: Terraced (including end-terrace),118,118,0,0,0
S01007177,Flat maisonette or apartment or mobile/temporary accommodation,138,132,6,0,6
S01007178,All household spaces,515,505,10,0,10
S01007178,Whole house or bungalow: Total,267,266,1,0,1
S01007178,Whole house or bungalow: Detached,34,34,0,0,0
S01007178,Whole house or bungalow: Semi-detached,64,63,1,0,1
S01007178,Whole house or bungalow: Terraced (including end-terrace),169,169,0,0,0
S01007178,Flat maisonette or apartment or mobile/temporary accommodation,248,239,9,0,9
S01007179,All household spaces,387,384,3,0,3
S01007179,Whole house or bungalow: Total,378,375,3,0,3
S01007179,Whole house or bungalow: Detached,256,254,2,0,2
S01007179,Whole house or bungalow: Semi-detached,116,115,1,0,1
S01007179,Whole house or bungalow: Terraced (including end-terrace),6,6,0,0,0
S01007179,Flat maisonette or apartment or mobile/temporary accommodation,9,9,0,0,0
S01007180,All household spaces,359,347,12,0,12
S01007180,Whole house or bungalow: Total,316,305,11,0,11
S01007180,Whole house or bungalow: Detached,230,222,8,0,8
S01007180,Whole house or bungalow: Semi-detached,78,75,3,0,3
S01007180,Whole house or bungalow: Terraced (including end-terrace),8,8,0,0,0
S01007180,Flat maisonette or apartment or mobile/temporary accommodation,43,42,1,0,1
S01007181,All household spaces,325,317,8,1,7
S01007181,Whole house or bungalow: Total,276,271,5,0,5
S01007181,Whole house or bungalow: Detached,134,133,1,0,1
S01007181,Whole house or bungalow: Semi-detached,94,92,2,0,2
S01007181,Whole house or bungalow: Terraced (including end-terrace),48,46,2,0,2
S01007181,Flat maisonette or apartment or mobile/temporary accommodation,49,46,3,1,2
S01007182,All household spaces,537,526,11,1,10
S01007182,Whole house or bungalow: Total,280,276,4,0,4
S01007182,Whole house or bungalow: Detached,84,83,1,0,1
S01007182,Whole house or bungalow: Semi-detached,123,121,2,0,2
S01007182,Whole house or bungalow: Terraced (including end-terrace),73,72,1,0,1
S01007182,Flat maisonette or apartment or mobile/temporary accommodation,257,250,7,1,6
S01007183,All household spaces,583,560,23,2,21
S01007183,Whole house or bungalow: Total,350,342,8,1,7
S01007183,Whole house or bungalow: Detached,68,67,1,1,0
S01007183,Whole house or bungalow: Semi-detached,85,82,3,0,3
S01007183,Whole house or bungalow: Terraced (including end-terrace),197,193,4,0,4
S01007183,Flat maisonette or apartment or mobile/temporary accommodation,233,218,15,1,14
S01007184,All household spaces,636,594,42,0,42
S01007184,Whole house or bungalow: Total,240,231,9,0,9
S01007184,Whole house or bungalow: Detached,40,40,0,0,0
S01007184,Whole house or bungalow: Semi-detached,52,51,1,0,1
S01007184,Whole house or bungalow: Terraced (including end-terrace),148,140,8,0,8
S01007184,Flat maisonette or apartment or mobile/temporary accommodation,396,363,33,0,33
S01007185,All household spaces,442,422,20,0,20
S01007185,Whole house or bungalow: Total,117,114,3,0,3
S01007185,Whole house or bungalow: Detached,22,22,0,0,0
S01007185,Whole house or bungalow: Semi-detached,28,27,1,0,1
S01007185,Whole house or bungalow: Terraced (including end-terrace),67,65,2,0,2
S01007185,Flat maisonette or apartment or mobile/temporary accommodation,325,308,17,0,17
S01007186,All household spaces,348,327,21,5,16
S01007186,Whole house or bungalow: Total,99,92,7,4,3
S01007186,Whole house or bungalow: Detached,8,8,0,0,0
S01007186,Whole house or bungalow: Semi-detached,30,29,1,0,1
S01007186,Whole house or bungalow: Terraced (including end-terrace),61,55,6,4,2
S01007186,Flat maisonette or apartment or mobile/temporary accommodation,249,235,14,1,13
S01007187,All household spaces,541,498,43,2,41
S01007187,Whole house or bungalow: Total,118,115,3,0,3
S01007187,Whole house or bungalow: Detached,19,19,0,0,0
S01007187,Whole house or bungalow: Semi-detached,36,36,0,0,0
S01007187,Whole house or bungalow: Terraced (including end-terrace),63,60,3,0,3
S01007187,Flat maisonette or apartment or mobile/temporary accommodation,423,383,40,2,38
S01007188,All household spaces,375,328,47,11,36
S01007188,Whole house or bungalow: Total,124,111,13,8,5
S01007188,Whole house or bungalow: Detached,9,8,1,0,1
S01007188,Whole house or bungalow: Semi-detached,17,16,1,0,1
S01007188,Whole house or bungalow: Terraced (including end-terrace),98,87,11,8,3
S01007188,Flat maisonette or apartment or mobile/temporary accommodation,251,217,34,3,31
S01007189,All household spaces,483,461,22,2,20
S01007189,Whole house or bungalow: Total,204,195,9,1,8
S01007189,Whole house or bungalow: Detached,57,53,4,0,4
S01007189,Whole house or bungalow: Semi-detached,67,66,1,0,1
S01007189,Whole house or bungalow: Terraced (including end-terrace),80,76,4,1,3
S01007189,Flat maisonette or apartment or mobile/temporary accommodation,279,266,13,1,12
S01007190,All household spaces,389,378,11,2,9
S01007190,Whole house or bungalow: Total,369,359,10,2,8
S01007190,Whole house or bungalow: Detached,110,106,4,1,3
S01007190,Whole house or bungalow: Semi-detached,204,200,4,0,4
S01007190,Whole house or bungalow: Terraced (including end-terrace),55,53,2,1,1
S01007190,Flat maisonette or apartment or mobile/temporary accommodation,20,19,1,0,1
S01007191,All household spaces,279,274,5,1,4
S01007191,Whole house or bungalow: Total,210,206,4,1,3
S01007191,Whole house or bungalow: Detached,19,19,0,0,0
S01007191,Whole house or bungalow: Semi-detached,76,76,0,0,0
S01007191,Whole house or bungalow: Terraced (including end-terrace),115,111,4,1,3
S01007191,Flat maisonette or apartment or mobile/temporary accommodation,69,68,1,0,1
S01007192,All household spaces,293,286,7,0,7
S01007192,Whole house or bungalow: Total,176,171,5,0,5
S01007192,Whole house or bungalow: Detached,27,27,0,0,0
S01007192,Whole house or bungalow: Semi-detached,56,55,1,0,1
S01007192,Whole house or bungalow: Terraced (including end-terrace),93,89,4,0,4
S01007192,Flat maisonette or apartment or mobile/temporary accommodation,117,115,2,0,2
S01007193,All household spaces,290,289,1,0,1
S01007193,Whole house or bungalow: Total,275,274,1,0,1
S01007193,Whole house or bungalow: Detached,9,9,0,0,0
S01007193,Whole house or bungalow: Semi-detached,109,108,1,0,1
S01007193,Whole house or bungalow: Terraced (including end-terrace),157,157,0,0,0
S01007193,Flat maisonette or apartment or mobile/temporary accommodation,15,15,0,0,0
S01007194,All household spaces,285,276,9,0,9
S01007194,Whole house or bungalow: Total,142,140,2,0,2
S01007194,Whole house or bungalow: Detached,5,5,0,0,0
S01007194,Whole house or bungalow: Semi-detached,70,70,0,0,0
S01007194,Whole house or bungalow: Terraced (including end-terrace),67,65,2,0,2
S01007194,Flat maisonette or apartment or mobile/temporary accommodation,143,136,7,0,7
S01007195,All household spaces,242,237,5,0,5
S01007195,Whole house or bungalow: Total,205,201,4,0,4
S01007195,Whole house or bungalow: Detached,29,28,1,0,1
S01007195,Whole house or bungalow: Semi-detached,97,96,1,0,1
S01007195,Whole house or bungalow: Terraced (including end-terrace),79,77,2,0,2
S01007195,Flat maisonette or apartment or mobile/temporary accommodation,37,36,1,0,1
S01007196,All household spaces,294,278,16,0,16
S01007196,Whole house or bungalow: Total,187,183,4,0,4
S01007196,Whole house or bungalow: Detached,20,20,0,0,0
S01007196,Whole house or bungalow: Semi-detached,97,97,0,0,0
S01007196,Whole house or bungalow: Terraced (including end-terrace),70,66,4,0,4
S01007196,Flat maisonette or apartment or mobile/temporary accommodation,107,95,12,0,12
S01007197,All household spaces,297,286,11,0,11
S01007197,Whole house or bungalow: Total,101,100,1,0,1
S01007197,Whole house or bungalow: Detached,16,15,1,0,1
S01007197,Whole house or bungalow: Semi-detached,66,66,0,0,0
S01007197,Whole house or bungalow: Terraced (including end-terrace),19,19,0,0,0
S01007197,Flat maisonette or apartment or mobile/temporary accommodation,196,186,10,0,10
S01007198,All household spaces,236,229,7,0,7
S01007198,Whole house or bungalow: Total,96,95,1,0,1
S01007198,Whole house or bungalow: Detached,17,17,0,0,0
S01007198,Whole house or bungalow: Semi-detached,65,64,1,0,1
S01007198,Whole house or bungalow: Terraced (including end-terrace),14,14,0,0,0
S01007198,Flat maisonette or apartment or mobile/temporary accommodation,140,134,6,0,6
S01007199,All household spaces,316,306,10,0,10
S01007199,Whole house or bungalow: Total,129,128,1,0,1
S01007199,Whole house or bungalow: Detached,19,18,1,0,1
S01007199,Whole house or bungalow: Semi-detached,46,46,0,0,0
S01007199,Whole house or bungalow: Terraced (including end-terrace),64,64,0,0,0
S01007199,Flat maisonette or apartment or mobile/temporary accommodation,187,178,9,0,9
S01007200,All household spaces,407,405,2,0,2
S01007200,Whole house or bungalow: Total,315,314,1,0,1
S01007200,Whole house or bungalow: Detached,15,15,0,0,0
S01007200,Whole house or bungalow: Semi-detached,41,41,0,0,0
S01007200,Whole house or bungalow: Terraced (including end-terrace),259,258,1,0,1
S01007200,Flat maisonette or apartment or mobile/temporary accommodation,92,91,1,0,1
S01007201,All household spaces,354,350,4,0,4
S01007201,Whole house or bungalow: Total,269,266,3,0,3
S01007201,Whole house or bungalow: Detached,63,62,1,0,1
S01007201,Whole house or bungalow: Semi-detached,125,123,2,0,2
S01007201,Whole house or bungalow: Terraced (including end-terrace),81,81,0,0,0
S01007201,Flat maisonette or apartment or mobile/temporary accommodation,85,84,1,0,1
S01007202,All household spaces,354,350,4,0,4
S01007202,Whole house or bungalow: Total,263,260,3,0,3
S01007202,Whole house or bungalow: Detached,41,40,1,0,1
S01007202,Whole house or bungalow: Semi-detached,52,52,0,0,0
S01007202,Whole house or bungalow: Terraced (including end-terrace),170,168,2,0,2
S01007202,Flat maisonette or apartment or mobile/temporary accommodation,91,90,1,0,1
S01007203,All household spaces,256,250,6,0,6
S01007203,Whole house or bungalow: Total,246,242,4,0,4
S01007203,Whole house or bungalow: Detached,17,16,1,0,1
S01007203,Whole house or bungalow: Semi-detached,78,77,1,0,1
S01007203,Whole house or bungalow: Terraced (including end-terrace),151,149,2,0,2
S01007203,Flat maisonette or apartment or mobile/temporary accommodation,10,8,2,0,2
S01007204,All household spaces,448,426,22,6,16
S01007204,Whole house or bungalow: Total,429,409,20,5,15
S01007204,Whole house or bungalow: Detached,207,198,9,3,6
S01007204,Whole house or bungalow: Semi-detached,120,116,4,1,3
S01007204,Whole house or bungalow: Terraced (including end-terrace),102,95,7,1,6
S01007204,Flat maisonette or apartment or mobile/temporary accommodation,19,17,2,1,1
S01007205,All household spaces,271,263,8,1,7
S01007205,Whole house or bungalow: Total,267,259,8,1,7
S01007205,Whole house or bungalow: Detached,182,176,6,1,5
S01007205,Whole house or bungalow: Semi-detached,63,63,0,0,0
S01007205,Whole house or bungalow: Terraced (including end-terrace),22,20,2,0,2
S01007205,Flat maisonette or apartment or mobile/temporary accommodation,4,4,0,0,0
S01007206,All household spaces,241,212,29,16,13
S01007206,Whole house or bungalow: Total,145,128,17,7,10
S01007206,Whole house or bungalow: Detached,26,23,3,0,3
S01007206,Whole house or bungalow: Semi-detached,45,43,2,1,1
S01007206,Whole house or bungalow: Terraced (including end-terrace),74,62,12,6,6
S01007206,Flat maisonette or apartment or mobile/temporary accommodation,96,84,12,9,3
S01007207,All household spaces,431,420,11,2,9
S01007207,Whole house or bungalow: Total,339,331,8,2,6
S01007207,Whole house or bungalow: Detached,86,84,2,0,2
S01007207,Whole house or bungalow: Semi-detached,190,188,2,1,1
S01007207,Whole house or bungalow: Terraced (including end-terrace),63,59,4,1,3
S01007207,Flat maisonette or apartment or mobile/temporary accommodation,92,89,3,0,3
S01007208,All household spaces,594,550,44,3,41
S01007208,Whole house or bungalow: Total,130,117,13,0,13
S01007208,Whole house or bungalow: Detached,23,23,0,0,0
S01007208,Whole house or bungalow: Semi-detached,36,36,0,0,0
S01007208,Whole house or bungalow: Terraced (including end-terrace),71,58,13,0,13
S01007208,Flat maisonette or apartment or mobile/temporary accommodation,464,433,31,3,28
S01007209,All household spaces,440,389,51,2,49
S01007209,Whole house or bungalow: Total,136,109,27,2,25
S01007209,Whole house or bungalow: Detached,19,19,0,0,0
S01007209,Whole house or bungalow: Semi-detached,43,34,9,0,9
S01007209,Whole house or bungalow: Terraced (including end-terrace),74,56,18,2,16
S01007209,Flat maisonette or apartment or mobile/temporary accommodation,304,280,24,0,24
S01007210,All household spaces,400,387,13,0,13
S01007210,Whole house or bungalow: Total,130,127,3,0,3
S01007210,Whole house or bungalow: Detached,24,24,0,0,0
S01007210,Whole house or bungalow: Semi-detached,35,35,0,0,0
S01007210,Whole house or bungalow: Terraced (including end-terrace),71,68,3,0,3
S01007210,Flat maisonette or apartment or mobile/temporary accommodation,270,260,10,0,10
S01007211,All household spaces,510,498,12,0,12
S01007211,Whole house or bungalow: Total,220,214,6,0,6
S01007211,Whole house or bungalow: Detached,27,26,1,0,1
S01007211,Whole house or bungalow: Semi-detached,61,61,0,0,0
S01007211,Whole house or bungalow: Terraced (including end-terrace),132,127,5,0,5
S01007211,Flat maisonette or apartment or mobile/temporary accommodation,290,284,6,0,6
S01007212,All household spaces,269,259,10,2,8
S01007212,Whole house or bungalow: Total,158,152,6,2,4
S01007212,Whole house or bungalow: Detached,58,54,4,1,3
S01007212,Whole house or bungalow: Semi-detached,45,45,0,0,0
S01007212,Whole house or bungalow: Terraced (including end-terrace),55,53,2,1,1
S01007212,Flat maisonette or apartment or mobile/temporary accommodation,111,107,4,0,4
S01007213,All household spaces,429,423,6,2,4
S01007213,Whole house or bungalow: Total,247,246,1,0,1
S01007213,Whole house or bungalow: Detached,72,72,0,0,0
S01007213,Whole house or bungalow: Semi-detached,106,105,1,0,1
S01007213,Whole house or bungalow: Terraced (including end-terrace),69,69,0,0,0
S01007213,Flat maisonette or apartment or mobile/temporary accommodation,182,177,5,2,3
S01007214,All household spaces,441,424,17,1,16
S01007214,Whole house or bungalow: Total,101,99,2,0,2
S01007214,Whole house or bungalow: Detached,17,16,1,0,1
S01007214,Whole house or bungalow: Semi-detached,34,33,1,0,1
S01007214,Whole house or bungalow: Terraced (including end-terrace),50,50,0,0,0
S01007214,Flat maisonette or apartment or mobile/temporary accommodation,340,325,15,1,14
S01007215,All household spaces,422,397,25,1,24
S01007215,Whole house or bungalow: Total,186,176,10,1,9
S01007215,Whole house or bungalow: Detached,62,61,1,0,1
S01007215,Whole house or bungalow: Semi-detached,58,54,4,0,4
S01007215,Whole house or bungalow: Terraced (including end-terrace),66,61,5,1,4
S01007215,Flat maisonette or apartment or mobile/temporary accommodation,236,221,15,0,15
S01007216,All household spaces,328,315,13,3,10
S01007216,Whole house or bungalow: Total,246,240,6,1,5
S01007216,Whole house or bungalow: Detached,134,130,4,0,4
S01007216,Whole house or bungalow: Semi-detached,78,77,1,1,0
S01007216,Whole house or bungalow: Terraced (including end-terrace),34,33,1,0,1
S01007216,Flat maisonette or apartment or mobile/temporary accommodation,82,75,7,2,5
S01007217,All household spaces,464,460,4,0,4
S01007217,Whole house or bungalow: Total,355,351,4,0,4
S01007217,Whole house or bungalow: Detached,38,38,0,0,0
S01007217,Whole house or bungalow: Semi-detached,89,88,1,0,1
S01007217,Whole house or bungalow: Terraced (including end-terrace),228,225,3,0,3
S01007217,Flat maisonette or apartment or mobile/temporary accommodation,109,109,0,0,0
S01007218,All household spaces,358,353,5,3,2
S01007218,Whole house or bungalow: Total,348,343,5,3,2
S01007218,Whole house or bungalow: Detached,231,228,3,2,1
S01007218,Whole house or bungalow: Semi-detached,40,40,0,0,0
S01007218,Whole house or bungalow: Terraced (including end-terrace),77,75,2,1,1
S01007218,Flat maisonette or apartment or mobile/temporary accommodation,10,10,0,0,0
S01007219,All household spaces,389,386,3,0,3
S01007219,Whole house or bungalow: Total,302,299,3,0,3
S01007219,Whole house or bungalow: Detached,60,58,2,0,2
S01007219,Whole house or bungalow: Semi-detached,33,33,0,0,0
S01007219,Whole house or bungalow: Terraced (including end-terrace),209,208,1,0,1
S01007219,Flat maisonette or apartment or mobile/temporary accommodation,87,87,0,0,0
S01007220,All household spaces,332,330,2,0,2
S01007220,Whole house or bungalow: Total,235,234,1,0,1
S01007220,Whole house or bungalow: Detached,16,16,0,0,0
S01007220,Whole house or bungalow: Semi-detached,53,53,0,0,0
S01007220,Whole house or bungalow: Terraced (including end-terrace),166,165,1,0,1
S01007220,Flat maisonette or apartment or mobile/temporary accommodation,97,96,1,0,1
S01007221,All household spaces,276,273,3,0,3
S01007221,Whole house or bungalow: Total,248,246,2,0,2
S01007221,Whole house or bungalow: Detached,168,166,2,0,2
S01007221,Whole house or bungalow: Semi-detached,65,65,0,0,0
S01007221,Whole house or bungalow: Terraced (including end-terrace),15,15,0,0,0
S01007221,Flat maisonette or apartment or mobile/temporary accommodation,28,27,1,0,1
S01007222,All household spaces,326,320,6,0,6
S01007222,Whole house or bungalow: Total,315,310,5,0,5
S01007222,Whole house or bungalow: Detached,116,114,2,0,2
S01007222,Whole house or bungalow: Semi-detached,110,108,2,0,2
S01007222,Whole house or bungalow: Terraced (including end-terrace),89,88,1,0,1
S01007222,Flat maisonette or apartment or mobile/temporary accommodation,11,10,1,0,1
S01007223,All household spaces,200,200,0,0,0
S01007223,Whole house or bungalow: Total,195,195,0,0,0
S01007223,Whole house or bungalow: Detached,162,162,0,0,0
S01007223,Whole house or bungalow: Semi-detached,26,26,0,0,0
S01007223,Whole house or bungalow: Terraced (including end-terrace),7,7,0,0,0
S01007223,Flat maisonette or apartment or mobile/temporary accommodation,5,5,0,0,0
S01007224,All household spaces,286,279,7,0,7
S01007224,Whole house or bungalow: Total,256,251,5,0,5
S01007224,Whole house or bungalow: Detached,113,110,3,0,3
S01007224,Whole house or bungalow: Semi-detached,71,70,1,0,1
S01007224,Whole house or bungalow: Terraced (including end-terrace),72,71,1,0,1
S01007224,Flat maisonette or apartment or mobile/temporary accommodation,30,28,2,0,2
S01007225,All household spaces,382,369,13,1,12
S01007225,Whole house or bungalow: Total,368,357,11,1,10
S01007225,Whole house or bungalow: Detached,218,212,6,1,5
S01007225,Whole house or bungalow: Semi-detached,87,86,1,0,1
S01007225,Whole house or bungalow: Terraced (including end-terrace),63,59,4,0,4
S01007225,Flat maisonette or apartment or mobile/temporary accommodation,14,12,2,0,2
S01007226,All household spaces,340,322,18,2,16
S01007226,Whole house or bungalow: Total,325,308,17,2,15
S01007226,Whole house or bungalow: Detached,236,222,14,2,12
S01007226,Whole house or bungalow: Semi-detached,62,59,3,0,3
S01007226,Whole house or bungalow: Terraced (including end-terrace),27,27,0,0,0
S01007226,Flat maisonette or apartment or mobile/temporary accommodation,15,14,1,0,1
S01007227,All household spaces,448,425,23,0,23
S01007227,Whole house or bungalow: Total,406,389,17,0,17
S01007227,Whole house or bungalow: Detached,139,137,2,0,2
S01007227,Whole house or bungalow: Semi-detached,156,150,6,0,6
S01007227,Whole house or bungalow: Terraced (including end-terrace),111,102,9,0,9
S01007227,Flat maisonette or apartment or mobile/temporary accommodation,42,36,6,0,6
S01007228,All household spaces,276,260,16,3,13
S01007228,Whole house or bungalow: Total,270,254,16,3,13
S01007228,Whole house or bungalow: Detached,182,170,12,2,10
S01007228,Whole house or bungalow: Semi-detached,80,76,4,1,3
S01007228,Whole house or bungalow: Terraced (including end-terrace),8,8,0,0,0
S01007228,Flat maisonette or apartment or mobile/temporary accommodation,6,6,0,0,0
S01007229,All household spaces,511,455,56,14,42
S01007229,Whole house or bungalow: Total,491,439,52,12,40
S01007229,Whole house or bungalow: Detached,350,314,36,8,28
S01007229,Whole house or bungalow: Semi-detached,116,104,12,4,8
S01007229,Whole house or bungalow: Terraced (including end-terrace),25,21,4,0,4
S01007229,Flat maisonette or apartment or mobile/temporary accommodation,20,16,4,2,2
S01007230,All household spaces,391,358,33,0,33
S01007230,Whole house or bungalow: Total,169,164,5,0,5
S01007230,Whole house or bungalow: Detached,22,21,1,0,1
S01007230,Whole house or bungalow: Semi-detached,93,92,1,0,1
S01007230,Whole house or bungalow: Terraced (including end-terrace),54,51,3,0,3
S01007230,Flat maisonette or apartment or mobile/temporary accommodation,222,194,28,0,28
S01007231,All household spaces,399,372,27,0,27
S01007231,Whole house or bungalow: Total,149,144,5,0,5
S01007231,Whole house or bungalow: Detached,14,14,0,0,0
S01007231,Whole house or bungalow: Semi-detached,70,68,2,0,2
S01007231,Whole house or bungalow: Terraced (including end-terrace),65,62,3,0,3
S01007231,Flat maisonette or apartment or mobile/temporary accommodation,250,228,22,0,22
S01007232,All household spaces,401,381,20,0,20
S01007232,Whole house or bungalow: Total,164,156,8,0,8
S01007232,Whole house or bungalow: Detached,30,28,2,0,2
S01007232,Whole house or bungalow: Semi-detached,54,54,0,0,0
S01007232,Whole house or bungalow: Terraced (including end-terrace),80,74,6,0,6
S01007232,Flat maisonette or apartment or mobile/temporary accommodation,237,225,12,0,12
S01007233,All household spaces,371,347,24,1,23
S01007233,Whole house or bungalow: Total,237,227,10,0,10
S01007233,Whole house or bungalow: Detached,79,75,4,0,4
S01007233,Whole house or bungalow: Semi-detached,60,60,0,0,0
S01007233,Whole house or bungalow: Terraced (including end-terrace),98,92,6,0,6
S01007233,Flat maisonette or apartment or mobile/temporary accommodation,134,120,14,1,13
S01007234,All household spaces,269,263,6,1,5
S01007234,Whole house or bungalow: Total,221,216,5,1,4
S01007234,Whole house or bungalow: Detached,38,36,2,1,1
S01007234,Whole house or bungalow: Semi-detached,142,139,3,0,3
S01007234,Whole house or bungalow: Terraced (including end-terrace),41,41,0,0,0
S01007234,Flat maisonette or apartment or mobile/temporary accommodation,48,47,1,0,1
S01007235,All household spaces,468,407,61,2,59
S01007235,Whole house or bungalow: Total,165,148,17,1,16
S01007235,Whole house or bungalow: Detached,58,55,3,1,2
S01007235,Whole house or bungalow: Semi-detached,44,43,1,0,1
S01007235,Whole house or bungalow: Terraced (including end-terrace),63,50,13,0,13
S01007235,Flat maisonette or apartment or mobile/temporary accommodation,303,259,44,1,43
S01007236,All household spaces,322,305,17,0,17
S01007236,Whole house or bungalow: Total,216,207,9,0,9
S01007236,Whole house or bungalow: Detached,42,40,2,0,2
S01007236,Whole house or bungalow: Semi-detached,105,101,4,0,4
S01007236,Whole house or bungalow: Terraced (including end-terrace),69,66,3,0,3
S01007236,Flat maisonette or apartment or mobile/temporary accommodation,106,98,8,0,8
S01007237,All household spaces,328,325,3,0,3
S01007237,Whole house or bungalow: Total,283,280,3,0,3
S01007237,Whole house or bungalow: Detached,121,119,2,0,2
S01007237,Whole house or bungalow: Semi-detached,154,153,1,0,1
S01007237,Whole house or bungalow: Terraced (including end-terrace),8,8,0,0,0
S01007237,Flat maisonette or apartment or mobile/temporary accommodation,45,45,0,0,0
S01007238,All household spaces,422,417,5,0,5
S01007238,Whole house or bungalow: Total,348,345,3,0,3
S01007238,Whole house or bungalow: Detached,89,88,1,0,1
S01007238,Whole house or bungalow: Semi-detached,108,107,1,0,1
S01007238,Whole house or bungalow: Terraced (including end-terrace),151,150,1,0,1
S01007238,Flat maisonette or apartment or mobile/temporary accommodation,74,72,2,0,2
S01007239,All household spaces,373,367,6,0,6
S01007239,Whole house or bungalow: Total,337,331,6,0,6
S01007239,Whole house or bungalow: Detached,252,246,6,0,6
S01007239,Whole house or bungalow: Semi-detached,69,69,0,0,0
S01007239,Whole house or bungalow: Terraced (including end-terrace),16,16,0,0,0
S01007239,Flat maisonette or apartment or mobile/temporary accommodation,36,36,0,0,0
S01007240,All household spaces,247,233,14,1,13
S01007240,Whole house or bungalow: Total,239,225,14,1,13
S01007240,Whole house or bungalow: Detached,176,167,9,1,8
S01007240,Whole house or bungalow: Semi-detached,54,49,5,0,5
S01007240,Whole house or bungalow: Terraced (including end-terrace),9,9,0,0,0
S01007240,Flat maisonette or apartment or mobile/temporary accommodation,8,8,0,0,0
S01007241,All household spaces,255,242,13,2,11
S01007241,Whole house or bungalow: Total,249,237,12,2,10
S01007241,Whole house or bungalow: Detached,192,180,12,2,10
S01007241,Whole house or bungalow: Semi-detached,42,42,0,0,0
S01007241,Whole house or bungalow: Terraced (including end-terrace),15,15,0,0,0
S01007241,Flat maisonette or apartment or mobile/temporary accommodation,6,5,1,0,1
S01007242,All household spaces,459,447,12,1,11
S01007242,Whole house or bungalow: Total,429,417,12,1,11
S01007242,Whole house or bungalow: Detached,268,261,7,1,6
S01007242,Whole house or bungalow: Semi-detached,94,92,2,0,2
S01007242,Whole house or bungalow: Terraced (including end-terrace),67,64,3,0,3
S01007242,Flat maisonette or apartment or mobile/temporary accommodation,30,30,0,0,0
S01007243,All household spaces,263,255,8,1,7
S01007243,Whole house or bungalow: Total,255,247,8,1,7
S01007243,Whole house or bungalow: Detached,176,171,5,1,4
S01007243,Whole house or bungalow: Semi-detached,60,59,1,0,1
S01007243,Whole house or bungalow: Terraced (including end-terrace),19,17,2,0,2
S01007243,Flat maisonette or apartment or mobile/temporary accommodation,8,8,0,0,0
S01007244,All household spaces,322,303,19,3,16
S01007244,Whole house or bungalow: Total,315,296,19,3,16
S01007244,Whole house or bungalow: Detached,241,224,17,3,14
S01007244,Whole house or bungalow: Semi-detached,50,49,1,0,1
S01007244,Whole house or bungalow: Terraced (including end-terrace),24,23,1,0,1
S01007244,Flat maisonette or apartment or mobile/temporary accommodation,7,7,0,0,0
S01007245,All household spaces,322,310,12,2,10
S01007245,Whole house or bungalow: Total,293,284,9,2,7
S01007245,Whole house or bungalow: Detached,164,157,7,2,5
S01007245,Whole house or bungalow: Semi-detached,75,74,1,0,1
S01007245,Whole house or bungalow: Terraced (including end-terrace),54,53,1,0,1
S01007245,Flat maisonette or apartment or mobile/temporary accommodation,29,26,3,0,3
S01007246,All household spaces,250,237,13,0,13
S01007246,Whole house or bungalow: Total,248,235,13,0,13
S01007246,Whole house or bungalow: Detached,125,117,8,0,8
S01007246,Whole house or bungalow: Semi-detached,77,72,5,0,5
S01007246,Whole house or bungalow: Terraced (including end-terrace),46,46,0,0,0
S01007246,Flat maisonette or apartment or mobile/temporary accommodation,2,2,0,0,0
S01007247,All household spaces,290,279,11,0,11
S01007247,Whole house or bungalow: Total,277,266,11,0,11
S01007247,Whole house or bungalow: Detached,122,116,6,0,6
S01007247,Whole house or bungalow: Semi-detached,99,96,3,0,3
S01007247,Whole house or bungalow: Terraced (including end-terrace),56,54,2,0,2
S01007247,Flat maisonette or apartment or mobile/temporary accommodation,13,13,0,0,0
S01007248,All household spaces,318,310,8,0,8
S01007248,Whole house or bungalow: Total,309,302,7,0,7
S01007248,Whole house or bungalow: Detached,237,233,4,0,4
S01007248,Whole house or bungalow: Semi-detached,61,59,2,0,2
S01007248,Whole house or bungalow: Terraced (including end-terrace),11,10,1,0,1
S01007248,Flat maisonette or apartment or mobile/temporary accommodation,9,8,1,0,1
S01007249,All household spaces,183,174,9,1,8
S01007249,Whole house or bungalow: Total,144,141,3,1,2
S01007249,Whole house or bungalow: Detached,88,85,3,1,2
S01007249,Whole house or bungalow: Semi-detached,37,37,0,0,0
S01007249,Whole house or bungalow: Terraced (including end-terrace),19,19,0,0,0
S01007249,Flat maisonette or apartment or mobile/temporary accommodation,39,33,6,0,6
S01007250,All household spaces,452,432,20,0,20
S01007250,Whole house or bungalow: Total,244,237,7,0,7
S01007250,Whole house or bungalow: Detached,70,68,2,0,2
S01007250,Whole house or bungalow: Semi-detached,96,96,0,0,0
S01007250,Whole house or bungalow: Terraced (including end-terrace),78,73,5,0,5
S01007250,Flat maisonette or apartment or mobile/temporary accommodation,208,195,13,0,13
S01007251,All household spaces,260,250,10,0,10
S01007251,Whole house or bungalow: Total,180,172,8,0,8
S01007251,Whole house or bungalow: Detached,49,48,1,0,1
S01007251,Whole house or bungalow: Semi-detached,72,69,3,0,3
S01007251,Whole house or bungalow: Terraced (including end-terrace),59,55,4,0,4
S01007251,Flat maisonette or apartment or mobile/temporary accommodation,80,78,2,0,2
S01007252,All household spaces,326,315,11,0,11
S01007252,Whole house or bungalow: Total,263,259,4,0,4
S01007252,Whole house or bungalow: Detached,82,79,3,0,3
S01007252,Whole house or bungalow: Semi-detached,128,127,1,0,1
S01007252,Whole house or bungalow: Terraced (including end-terrace),53,53,0,0,0
S01007252,Flat maisonette or apartment or mobile/temporary accommodation,63,56,7,0,7
S01007253,All household spaces,372,358,14,1,13
S01007253,Whole house or bungalow: Total,331,321,10,0,10
S01007253,Whole house or bungalow: Detached,181,176,5,0,5
S01007253,Whole house or bungalow: Semi-detached,111,106,5,0,5
S01007253,Whole house or bungalow: Terraced (including end-terrace),39,39,0,0,0
S01007253,Flat maisonette or apartment or mobile/temporary accommodation,41,37,4,1,3
S01007254,All household spaces,413,401,12,1,11
S01007254,Whole house or bungalow: Total,219,211,8,0,8
S01007254,Whole house or bungalow: Detached,45,43,2,0,2
S01007254,Whole house or bungalow: Semi-detached,106,101,5,0,5
S01007254,Whole house or bungalow: Terraced (including end-terrace),68,67,1,0,1
S01007254,Flat maisonette or apartment or mobile/temporary accommodation,194,190,4,1,3
S01007255,All household spaces,384,374,10,0,10
S01007255,Whole house or bungalow: Total,176,172,4,0,4
S01007255,Whole house or bungalow: Detached,24,24,0,0,0
S01007255,Whole house or bungalow: Semi-detached,43,43,0,0,0
S01007255,Whole house or bungalow: Terraced (including end-terrace),109,105,4,0,4
S01007255,Flat maisonette or apartment or mobile/temporary accommodation,208,202,6,0,6
S01007256,All household spaces,448,407,41,0,41
S01007256,Whole house or bungalow: Total,190,180,10,0,10
S01007256,Whole house or bungalow: Detached,36,35,1,0,1
S01007256,Whole house or bungalow: Semi-detached,69,67,2,0,2
S01007256,Whole house or bungalow: Terraced (including end-terrace),85,78,7,0,7
S01007256,Flat maisonette or apartment or mobile/temporary accommodation,258,227,31,0,31
S01007257,All household spaces,317,296,21,1,20
S01007257,Whole house or bungalow: Total,111,105,6,0,6
S01007257,Whole house or bungalow: Detached,28,27,1,0,1
S01007257,Whole house or bungalow: Semi-detached,39,39,0,0,0
S01007257,Whole house or bungalow: Terraced (including end-terrace),44,39,5,0,5
S01007257,Flat maisonette or apartment or mobile/temporary accommodation,206,191,15,1,14
S01007258,All household spaces,428,410,18,1,17
S01007258,Whole house or bungalow: Total,244,236,8,1,7
S01007258,Whole house or bungalow: Detached,106,101,5,1,4
S01007258,Whole house or bungalow: Semi-detached,71,70,1,0,1
S01007258,Whole house or bungalow: Terraced (including end-terrace),67,65,2,0,2
S01007258,Flat maisonette or apartment or mobile/temporary accommodation,184,174,10,0,10
S01007259,All household spaces,428,414,14,0,14
S01007259,Whole house or bungalow: Total,280,272,8,0,8
S01007259,Whole house or bungalow: Detached,39,38,1,0,1
S01007259,Whole house or bungalow: Semi-detached,100,99,1,0,1
S01007259,Whole house or bungalow: Terraced (including end-terrace),141,135,6,0,6
S01007259,Flat maisonette or apartment or mobile/temporary accommodation,148,142,6,0,6
S01007260,All household spaces,424,418,6,0,6
S01007260,Whole house or bungalow: Total,321,318,3,0,3
S01007260,Whole house or bungalow: Detached,18,18,0,0,0
S01007260,Whole house or bungalow: Semi-detached,96,96,0,0,0
S01007260,Whole house or bungalow: Terraced (including end-terrace),207,204,3,0,3
S01007260,Flat maisonette or apartment or mobile/temporary accommodation,103,100,3,0,3
S01007261,All household spaces,363,356,7,0,7
S01007261,Whole house or bungalow: Total,331,324,7,0,7
S01007261,Whole house or bungalow: Detached,183,179,4,0,4
S01007261,Whole house or bungalow: Semi-detached,99,96,3,0,3
S01007261,Whole house or bungalow: Terraced (including end-terrace),49,49,0,0,0
S01007261,Flat maisonette or apartment or mobile/temporary accommodation,32,32,0,0,0
S01007262,All household spaces,310,301,9,2,7
S01007262,Whole house or bungalow: Total,261,252,9,2,7
S01007262,Whole house or bungalow: Detached,10,10,0,0,0
S01007262,Whole house or bungalow: Semi-detached,123,119,4,0,4
S01007262,Whole house or bungalow: Terraced (including end-terrace),128,123,5,2,3
S01007262,Flat maisonette or apartment or mobile/temporary accommodation,49,49,0,0,0
S01007263,All household spaces,371,366,5,1,4
S01007263,Whole house or bungalow: Total,328,323,5,1,4
S01007263,Whole house or bungalow: Detached,52,51,1,1,0
S01007263,Whole house or bungalow: Semi-detached,106,106,0,0,0
S01007263,Whole house or bungalow: Terraced (including end-terrace),170,166,4,0,4
S01007263,Flat maisonette or apartment or mobile/temporary accommodation,43,43,0,0,0
S01007264,All household spaces,341,339,2,0,2
S01007264,Whole house or bungalow: Total,285,283,2,0,2
S01007264,Whole house or bungalow: Detached,79,79,0,0,0
S01007264,Whole house or bungalow: Semi-detached,114,114,0,0,0
S01007264,Whole house or bungalow: Terraced (including end-terrace),92,90,2,0,2
S01007264,Flat maisonette or apartment or mobile/temporary accommodation,56,56,0,0,0
S01007265,All household spaces,491,472,19,1,18
S01007265,Whole house or bungalow: Total,277,268,9,1,8
S01007265,Whole house or bungalow: Detached,64,61,3,0,3
S01007265,Whole house or bungalow: Semi-detached,82,77,5,1,4
S01007265,Whole house or bungalow: Terraced (including end-terrace),131,130,1,0,1
S01007265,Flat maisonette or apartment or mobile/temporary accommodation,214,204,10,0,10
S01007266,All household spaces,316,305,11,0,11
S01007266,Whole house or bungalow: Total,265,255,10,0,10
S01007266,Whole house or bungalow: Detached,85,83,2,0,2
S01007266,Whole house or bungalow: Semi-detached,85,82,3,0,3
S01007266,Whole house or bungalow: Terraced (including end-terrace),95,90,5,0,5
S01007266,Flat maisonette or apartment or mobile/temporary accommodation,51,50,1,0,1
S01007267,All household spaces,239,222,17,10,7
S01007267,Whole house or bungalow: Total,235,219,16,9,7
S01007267,Whole house or bungalow: Detached,175,168,7,5,2
S01007267,Whole house or bungalow: Semi-detached,46,40,6,2,4
S01007267,Whole house or bungalow: Terraced (including end-terrace),14,11,3,2,1
S01007267,Flat maisonette or apartment or mobile/temporary accommodation,4,3,1,1,0
S01007268,All household spaces,271,249,22,11,11
S01007268,Whole house or bungalow: Total,264,242,22,11,11
S01007268,Whole house or bungalow: Detached,190,173,17,8,9
S01007268,Whole house or bungalow: Semi-detached,57,55,2,0,2
S01007268,Whole house or bungalow: Terraced (including end-terrace),17,14,3,3,0
S01007268,Flat maisonette or apartment or mobile/temporary accommodation,7,7,0,0,0
S01007269,All household spaces,229,224,5,0,5
S01007269,Whole house or bungalow: Total,224,219,5,0,5
S01007269,Whole house or bungalow: Detached,146,144,2,0,2
S01007269,Whole house or bungalow: Semi-detached,63,62,1,0,1
S01007269,Whole house or bungalow: Terraced (including end-terrace),15,13,2,0,2
S01007269,Flat maisonette or apartment or mobile/temporary accommodation,5,5,0,0,0
S01007270,All household spaces,217,205,12,5,7
S01007270,Whole house or bungalow: Total,214,203,11,4,7
S01007270,Whole house or bungalow: Detached,132,123,9,3,6
S01007270,Whole house or bungalow: Semi-detached,62,60,2,1,1
S01007270,Whole house or bungalow: Terraced (including end-terrace),20,20,0,0,0
S01007270,Flat maisonette or apartment or mobile/temporary accommodation,3,2,1,1,0
S01007271,All household spaces,473,448,25,8,17
S01007271,Whole house or bungalow: Total,398,373,25,8,17
S01007271,Whole house or bungalow: Detached,125,122,3,1,2
S01007271,Whole house or bungalow: Semi-detached,132,127,5,1,4
S01007271,Whole house or bungalow: Terraced (including end-terrace),141,124,17,6,11
S01007271,Flat maisonette or apartment or mobile/temporary accommodation,75,75,0,0,0
S01007272,All household spaces,423,417,6,0,6
S01007272,Whole house or bungalow: Total,182,180,2,0,2
S01007272,Whole house or bungalow: Detached,21,21,0,0,0
S01007272,Whole house or bungalow: Semi-detached,87,85,2,0,2
S01007272,Whole house or bungalow: Terraced (including end-terrace),74,74,0,0,0
S01007272,Flat maisonette or apartment or mobile/temporary accommodation,241,237,4,0,4
S01007273,All household spaces,303,296,7,3,4
S01007273,Whole house or bungalow: Total,224,217,7,3,4
S01007273,Whole house or bungalow: Detached,94,92,2,2,0
S01007273,Whole house or bungalow: Semi-detached,104,102,2,1,1
S01007273,Whole house or bungalow: Terraced (including end-terrace),26,23,3,0,3
S01007273,Flat maisonette or apartment or mobile/temporary accommodation,79,79,0,0,0
S01007274,All household spaces,484,456,28,4,24
S01007274,Whole house or bungalow: Total,268,251,17,4,13
S01007274,Whole house or bungalow: Detached,77,74,3,0,3
S01007274,Whole house or bungalow: Semi-detached,82,79,3,1,2
S01007274,Whole house or bungalow: Terraced (including end-terrace),109,98,11,3,8
S01007274,Flat maisonette or apartment or mobile/temporary accommodation,216,205,11,0,11
S01007275,All household spaces,257,243,14,5,9
S01007275,Whole house or bungalow: Total,211,200,11,5,6
S01007275,Whole house or bungalow: Detached,102,98,4,1,3
S01007275,Whole house or bungalow: Semi-detached,57,56,1,0,1
S01007275,Whole house or bungalow: Terraced (including end-terrace),52,46,6,4,2
S01007275,Flat maisonette or apartment or mobile/temporary accommodation,46,43,3,0,3
S01007276,All household spaces,372,369,3,1,2
S01007276,Whole house or bungalow: Total,302,299,3,1,2
S01007276,Whole house or bungalow: Detached,158,156,2,1,1
S01007276,Whole house or bungalow: Semi-detached,74,74,0,0,0
S01007276,Whole house or bungalow: Terraced (including end-terrace),70,69,1,0,1
S01007276,Flat maisonette or apartment or mobile/temporary accommodation,70,70,0,0,0
S01007277,All household spaces,340,327,13,3,10
S01007277,Whole house or bungalow: Total,335,323,12,3,9
S01007277,Whole house or bungalow: Detached,228,222,6,0,6
S01007277,Whole house or bungalow: Semi-detached,96,91,5,2,3
S01007277,Whole house or bungalow: Terraced (including end-terrace),11,10,1,1,0
S01007277,Flat maisonette or apartment or mobile/temporary accommodation,5,4,1,0,1
S01007278,All household spaces,233,227,6,0,6
S01007278,Whole house or bungalow: Total,230,224,6,0,6
S01007278,Whole house or bungalow: Detached,175,169,6,0,6
S01007278,Whole house or bungalow: Semi-detached,53,53,0,0,0
S01007278,Whole house or bungalow: Terraced (including end-terrace),2,2,0,0,0
S01007278,Flat maisonette or apartment or mobile/temporary accommodation,3,3,0,0,0
S01007279,All household spaces,316,240,76,63,13
S01007279,Whole house or bungalow: Total,309,233,76,63,13
S01007279,Whole house or bungalow: Detached,286,211,75,62,13
S01007279,Whole house or bungalow: Semi-detached,21,20,1,1,0
S01007279,Whole house or bungalow: Terraced (including end-terrace),2,2,0,0,0
S01007279,Flat maisonette or apartment or mobile/temporary accommodation,7,7,0,0,0
S01007280,All household spaces,286,237,49,27,22
S01007280,Whole house or bungalow: Total,282,233,49,27,22
S01007280,Whole house or bungalow: Detached,214,171,43,24,19
S01007280,Whole house or bungalow: Semi-detached,61,55,6,3,3
S01007280,Whole house or bungalow: Terraced (including end-terrace),7,7,0,0,0
S01007280,Flat maisonette or apartment or mobile/temporary accommodation,4,4,0,0,0
S01007281,All household spaces,387,361,26,8,18
S01007281,Whole house or bungalow: Total,366,342,24,6,18
S01007281,Whole house or bungalow: Detached,234,219,15,4,11
S01007281,Whole house or bungalow: Semi-detached,117,110,7,2,5
S01007281,Whole house or bungalow: Terraced (including end-terrace),15,13,2,0,2
S01007281,Flat maisonette or apartment or mobile/temporary accommodation,21,19,2,2,0
S01007282,All household spaces,253,228,25,18,7
S01007282,Whole house or bungalow: Total,245,220,25,18,7
S01007282,Whole house or bungalow: Detached,197,175,22,17,5
S01007282,Whole house or bungalow: Semi-detached,40,37,3,1,2
S01007282,Whole house or bungalow: Terraced (including end-terrace),8,8,0,0,0
S01007282,Flat maisonette or apartment or mobile/temporary accommodation,8,8,0,0,0
S01007283,All household spaces,511,482,29,12,17
S01007283,Whole house or bungalow: Total,459,435,24,11,13
S01007283,Whole house or bungalow: Detached,243,223,20,11,9
S01007283,Whole house or bungalow: Semi-detached,123,120,3,0,3
S01007283,Whole house or bungalow: Terraced (including end-terrace),93,92,1,0,1
S01007283,Flat maisonette or apartment or mobile/temporary accommodation,52,47,5,1,4
S01007284,All household spaces,632,403,229,215,14
S01007284,Whole house or bungalow: Total,615,391,224,210,14
S01007284,Whole house or bungalow: Detached,470,292,178,167,11
S01007284,Whole house or bungalow: Semi-detached,121,87,34,31,3
S01007284,Whole house or bungalow: Terraced (including end-terrace),24,12,12,12,0
S01007284,Flat maisonette or apartment or mobile/temporary accommodation,17,12,5,5,0
S01007285,All household spaces,500,358,142,135,7
S01007285,Whole house or bungalow: Total,478,339,139,132,7
S01007285,Whole house or bungalow: Detached,346,234,112,105,7
S01007285,Whole house or bungalow: Semi-detached,111,86,25,25,0
S01007285,Whole house or bungalow: Terraced (including end-terrace),21,19,2,2,0
S01007285,Flat maisonette or apartment or mobile/temporary accommodation,22,19,3,3,0
S01007286,All household spaces,571,460,111,108,3
S01007286,Whole house or bungalow: Total,397,323,74,73,1
S01007286,Whole house or bungalow: Detached,198,171,27,27,0
S01007286,Whole house or bungalow: Semi-detached,120,100,20,20,0
S01007286,Whole house or bungalow: Terraced (including end-terrace),79,52,27,26,1
S01007286,Flat maisonette or apartment or mobile/temporary accommodation,174,137,37,35,2
S01007287,All household spaces,385,281,104,97,7
S01007287,Whole house or bungalow: Total,338,246,92,86,6
S01007287,Whole house or bungalow: Detached,252,172,80,77,3
S01007287,Whole house or bungalow: Semi-detached,76,67,9,7,2
S01007287,Whole house or bungalow: Terraced (including end-terrace),10,7,3,2,1
S01007287,Flat maisonette or apartment or mobile/temporary accommodation,47,35,12,11,1
S01007288,All household spaces,377,252,125,105,20
S01007288,Whole house or bungalow: Total,352,238,114,96,18
S01007288,Whole house or bungalow: Detached,292,194,98,85,13
S01007288,Whole house or bungalow: Semi-detached,36,24,12,8,4
S01007288,Whole house or bungalow: Terraced (including end-terrace),24,20,4,3,1
S01007288,Flat maisonette or apartment or mobile/temporary accommodation,25,14,11,9,2
S01007289,All household spaces,363,323,40,34,6
S01007289,Whole house or bungalow: Total,318,281,37,31,6
S01007289,Whole house or bungalow: Detached,216,185,31,27,4
S01007289,Whole house or bungalow: Semi-detached,80,74,6,4,2
S01007289,Whole house or bungalow: Terraced (including end-terrace),22,22,0,0,0
S01007289,Flat maisonette or apartment or mobile/temporary accommodation,45,42,3,3,0
S01007290,All household spaces,287,276,11,4,7
S01007290,Whole house or bungalow: Total,203,196,7,1,6
S01007290,Whole house or bungalow: Detached,56,54,2,0,2
S01007290,Whole house or bungalow: Semi-detached,140,135,5,1,4
S01007290,Whole house or bungalow: Terraced (including end-terrace),7,7,0,0,0
S01007290,Flat maisonette or apartment or mobile/temporary accommodation,84,80,4,3,1
S01007291,All household spaces,344,329,15,4,11
S01007291,Whole house or bungalow: Total,191,184,7,4,3
S01007291,Whole house or bungalow: Detached,62,58,4,1,3
S01007291,Whole house or bungalow: Semi-detached,96,93,3,3,0
S01007291,Whole house or bungalow: Terraced (including end-terrace),33,33,0,0,0
S01007291,Flat maisonette or apartment or mobile/temporary accommodation,153,145,8,0,8
S01007292,All household spaces,322,320,2,1,1
S01007292,Whole house or bungalow: Total,284,282,2,1,1
S01007292,Whole house or bungalow: Detached,98,98,0,0,0
S01007292,Whole house or bungalow: Semi-detached,177,175,2,1,1
S01007292,Whole house or bungalow: Terraced (including end-terrace),9,9,0,0,0
S01007292,Flat maisonette or apartment or mobile/temporary accommodation,38,38,0,0,0
S01007293,All household spaces,316,310,6,5,1
S01007293,Whole house or bungalow: Total,120,120,0,0,0
S01007293,Whole house or bungalow: Detached,12,12,0,0,0
S01007293,Whole house or bungalow: Semi-detached,28,28,0,0,0
S01007293,Whole house or bungalow: Terraced (including end-terrace),80,80,0,0,0
S01007293,Flat maisonette or apartment or mobile/temporary accommodation,196,190,6,5,1
S01007294,All household spaces,386,378,8,1,7
S01007294,Whole house or bungalow: Total,141,136,5,0,5
S01007294,Whole house or bungalow: Detached,84,79,5,0,5
S01007294,Whole house or bungalow: Semi-detached,48,48,0,0,0
S01007294,Whole house or bungalow: Terraced (including end-terrace),9,9,0,0,0
S01007294,Flat maisonette or apartment or mobile/temporary accommodation,245,242,3,1,2
S01007295,All household spaces,336,307,29,24,5
S01007295,Whole house or bungalow: Total,60,56,4,4,0
S01007295,Whole house or bungalow: Detached,20,18,2,2,0
S01007295,Whole house or bungalow: Semi-detached,31,31,0,0,0
S01007295,Whole house or bungalow: Terraced (including end-terrace),9,7,2,2,0
S01007295,Flat maisonette or apartment or mobile/temporary accommodation,276,251,25,20,5
S01007296,All household spaces,400,354,46,36,10
S01007296,Whole house or bungalow: Total,44,42,2,1,1
S01007296,Whole house or bungalow: Detached,26,25,1,1,0
S01007296,Whole house or bungalow: Semi-detached,11,11,0,0,0
S01007296,Whole house or bungalow: Terraced (including end-terrace),7,6,1,0,1
S01007296,Flat maisonette or apartment or mobile/temporary accommodation,356,312,44,35,9
S01007297,All household spaces,479,444,35,22,13
S01007297,Whole house or bungalow: Total,205,192,13,7,6
S01007297,Whole house or bungalow: Detached,117,110,7,4,3
S01007297,Whole house or bungalow: Semi-detached,66,62,4,1,3
S01007297,Whole house or bungalow: Terraced (including end-terrace),22,20,2,2,0
S01007297,Flat maisonette or apartment or mobile/temporary accommodation,274,252,22,15,7
S01007298,All household spaces,249,244,5,0,5
S01007298,Whole house or bungalow: Total,164,162,2,0,2
S01007298,Whole house or bungalow: Detached,62,62,0,0,0
S01007298,Whole house or bungalow: Semi-detached,48,46,2,0,2
S01007298,Whole house or bungalow: Terraced (including end-terrace),54,54,0,0,0
S01007298,Flat maisonette or apartment or mobile/temporary accommodation,85,82,3,0,3
S01007299,All household spaces,412,387,25,11,14
S01007299,Whole house or bungalow: Total,193,176,17,8,9
S01007299,Whole house or bungalow: Detached,63,60,3,1,2
S01007299,Whole house or bungalow: Semi-detached,79,74,5,1,4
S01007299,Whole house or bungalow: Terraced (including end-terrace),51,42,9,6,3
S01007299,Flat maisonette or apartment or mobile/temporary accommodation,219,211,8,3,5
S01007300,All household spaces,247,241,6,2,4
S01007300,Whole house or bungalow: Total,124,120,4,0,4
S01007300,Whole house or bungalow: Detached,15,14,1,0,1
S01007300,Whole house or bungalow: Semi-detached,43,42,1,0,1
S01007300,Whole house or bungalow: Terraced (including end-terrace),66,64,2,0,2
S01007300,Flat maisonette or apartment or mobile/temporary accommodation,123,121,2,2,0
S01007301,All household spaces,342,311,31,26,5
S01007301,Whole house or bungalow: Total,325,294,31,26,5
S01007301,Whole house or bungalow: Detached,263,234,29,26,3
S01007301,Whole house or bungalow: Semi-detached,50,48,2,0,2
S01007301,Whole house or bungalow: Terraced (including end-terrace),12,12,0,0,0
S01007301,Flat maisonette or apartment or mobile/temporary accommodation,17,17,0,0,0
S01007302,All household spaces,292,280,12,8,4
S01007302,Whole house or bungalow: Total,273,262,11,8,3
S01007302,Whole house or bungalow: Detached,18,16,2,1,1
S01007302,Whole house or bungalow: Semi-detached,164,159,5,3,2
S01007302,Whole house or bungalow: Terraced (including end-terrace),91,87,4,4,0
S01007302,Flat maisonette or apartment or mobile/temporary accommodation,19,18,1,0,1
S01007303,All household spaces,404,366,38,18,20
S01007303,Whole house or bungalow: Total,358,326,32,15,17
S01007303,Whole house or bungalow: Detached,279,254,25,9,16
S01007303,Whole house or bungalow: Semi-detached,68,61,7,6,1
S01007303,Whole house or bungalow: Terraced (including end-terrace),11,11,0,0,0
S01007303,Flat maisonette or apartment or mobile/temporary accommodation,46,40,6,3,3
S01007304,All household spaces,406,310,96,50,46
S01007304,Whole house or bungalow: Total,392,297,95,49,46
S01007304,Whole house or bungalow: Detached,277,200,77,38,39
S01007304,Whole house or bungalow: Semi-detached,82,70,12,8,4
S01007304,Whole house or bungalow: Terraced (including end-terrace),33,27,6,3,3
S01007304,Flat maisonette or apartment or mobile/temporary accommodation,14,13,1,1,0
S01007305,All household spaces,336,305,31,21,10
S01007305,Whole house or bungalow: Total,324,295,29,19,10
S01007305,Whole house or bungalow: Detached,222,199,23,16,7
S01007305,Whole house or bungalow: Semi-detached,67,63,4,2,2
S01007305,Whole house or bungalow: Terraced (including end-terrace),35,33,2,1,1
S01007305,Flat maisonette or apartment or mobile/temporary accommodation,12,10,2,2,0
S01007306,All household spaces,366,342,24,16,8
S01007306,Whole house or bungalow: Total,339,319,20,14,6
S01007306,Whole house or bungalow: Detached,172,156,16,12,4
S01007306,Whole house or bungalow: Semi-detached,140,137,3,2,1
S01007306,Whole house or bungalow: Terraced (including end-terrace),27,26,1,0,1
S01007306,Flat maisonette or apartment or mobile/temporary accommodation,27,23,4,2,2
S01007307,All household spaces,389,337,52,45,7
S01007307,Whole house or bungalow: Total,363,313,50,45,5
S01007307,Whole house or bungalow: Detached,312,265,47,42,5
S01007307,Whole house or bungalow: Semi-detached,43,42,1,1,0
S01007307,Whole house or bungalow: Terraced (including end-terrace),8,6,2,2,0
S01007307,Flat maisonette or apartment or mobile/temporary accommodation,26,24,2,0,2
S01007308,All household spaces,420,339,81,75,6
S01007308,Whole house or bungalow: Total,405,326,79,73,6
S01007308,Whole house or bungalow: Detached,243,187,56,51,5
S01007308,Whole house or bungalow: Semi-detached,137,115,22,21,1
S01007308,Whole house or bungalow: Terraced (including end-terrace),25,24,1,1,0
S01007308,Flat maisonette or apartment or mobile/temporary accommodation,15,13,2,2,0
S01007309,All household spaces,388,277,111,104,7
S01007309,Whole house or bungalow: Total,374,265,109,102,7
S01007309,Whole house or bungalow: Detached,275,184,91,86,5
S01007309,Whole house or bungalow: Semi-detached,79,61,18,16,2
S01007309,Whole house or bungalow: Terraced (including end-terrace),20,20,0,0,0
S01007309,Flat maisonette or apartment or mobile/temporary accommodation,14,12,2,2,0
S01007310,All household spaces,505,380,125,113,12
S01007310,Whole house or bungalow: Total,491,366,125,113,12
S01007310,Whole house or bungalow: Detached,264,189,75,68,7
S01007310,Whole house or bungalow: Semi-detached,98,89,9,8,1
S01007310,Whole house or bungalow: Terraced (including end-terrace),129,88,41,37,4
S01007310,Flat maisonette or apartment or mobile/temporary accommodation,14,14,0,0,0
S01007311,All household spaces,383,343,40,36,4
S01007311,Whole house or bungalow: Total,295,268,27,26,1
S01007311,Whole house or bungalow: Detached,121,100,21,20,1
S01007311,Whole house or bungalow: Semi-detached,112,112,0,0,0
S01007311,Whole house or bungalow: Terraced (including end-terrace),62,56,6,6,0
S01007311,Flat maisonette or apartment or mobile/temporary accommodation,88,75,13,10,3
S01007312,All household spaces,424,355,69,53,16
S01007312,Whole house or bungalow: Total,398,329,69,53,16
S01007312,Whole house or bungalow: Detached,225,189,36,29,7
S01007312,Whole house or bungalow: Semi-detached,111,95,16,12,4
S01007312,Whole house or bungalow: Terraced (including end-terrace),62,45,17,12,5
S01007312,Flat maisonette or apartment or mobile/temporary accommodation,26,26,0,0,0
S01007313,All household spaces,571,436,135,127,8
S01007313,Whole house or bungalow: Total,518,397,121,117,4
S01007313,Whole house or bungalow: Detached,366,281,85,81,4
S01007313,Whole house or bungalow: Semi-detached,82,76,6,6,0
S01007313,Whole house or bungalow: Terraced (including end-terrace),70,40,30,30,0
S01007313,Flat maisonette or apartment or mobile/temporary accommodation,53,39,14,10,4
S01007314,All household spaces,328,292,36,26,10
S01007314,Whole house or bungalow: Total,319,285,34,24,10
S01007314,Whole house or bungalow: Detached,132,112,20,16,4
S01007314,Whole house or bungalow: Semi-detached,128,125,3,2,1
S01007314,Whole house or bungalow: Terraced (including end-terrace),59,48,11,6,5
S01007314,Flat maisonette or apartment or mobile/temporary accommodation,9,7,2,2,0
S01007315,All household spaces,445,434,11,2,9
S01007315,Whole house or bungalow: Total,389,382,7,2,5
S01007315,Whole house or bungalow: Detached,147,144,3,1,2
S01007315,Whole house or bungalow: Semi-detached,160,158,2,1,1
S01007315,Whole house or bungalow: Terraced (including end-terrace),82,80,2,0,2
S01007315,Flat maisonette or apartment or mobile/temporary accommodation,56,52,4,0,4
S01007316,All household spaces,493,449,44,1,43
S01007316,Whole house or bungalow: Total,289,272,17,1,16
S01007316,Whole house or bungalow: Detached,93,91,2,0,2
S01007316,Whole house or bungalow: Semi-detached,99,93,6,1,5
S01007316,Whole house or bungalow: Terraced (including end-terrace),97,88,9,0,9
S01007316,Flat maisonette or apartment or mobile/temporary accommodation,204,177,27,0,27
S01007317,All household spaces,285,266,19,9,10
S01007317,Whole house or bungalow: Total,236,232,4,0,4
S01007317,Whole house or bungalow: Detached,75,74,1,0,1
S01007317,Whole house or bungalow: Semi-detached,74,73,1,0,1
S01007317,Whole house or bungalow: Terraced (including end-terrace),87,85,2,0,2
S01007317,Flat maisonette or apartment or mobile/temporary accommodation,49,34,15,9,6
S01007318,All household spaces,283,274,9,3,6
S01007318,Whole house or bungalow: Total,233,226,7,2,5
S01007318,Whole house or bungalow: Detached,48,47,1,0,1
S01007318,Whole house or bungalow: Semi-detached,131,127,4,0,4
S01007318,Whole house or bungalow: Terraced (including end-terrace),54,52,2,2,0
S01007318,Flat maisonette or apartment or mobile/temporary accommodation,50,48,2,1,1
S01007319,All household spaces,390,369,21,8,13
S01007319,Whole house or bungalow: Total,226,219,7,3,4
S01007319,Whole house or bungalow: Detached,109,107,2,1,1
S01007319,Whole house or bungalow: Semi-detached,65,63,2,2,0
S01007319,Whole house or bungalow: Terraced (including end-terrace),52,49,3,0,3
S01007319,Flat maisonette or apartment or mobile/temporary accommodation,164,150,14,5,9
S01007320,All household spaces,503,353,150,143,7
S01007320,Whole house or bungalow: Total,492,348,144,137,7
S01007320,Whole house or bungalow: Detached,384,259,125,118,7
S01007320,Whole house or bungalow: Semi-detached,93,77,16,16,0
S01007320,Whole house or bungalow: Terraced (including end-terrace),15,12,3,3,0
S01007320,Flat maisonette or apartment or mobile/temporary accommodation,11,5,6,6,0
S01007321,All household spaces,360,271,89,73,16
S01007321,Whole house or bungalow: Total,345,257,88,72,16
S01007321,Whole house or bungalow: Detached,254,185,69,55,14
S01007321,Whole house or bungalow: Semi-detached,70,58,12,10,2
S01007321,Whole house or bungalow: Terraced (including end-terrace),21,14,7,7,0
S01007321,Flat maisonette or apartment or mobile/temporary accommodation,15,14,1,1,0
S01007322,All household spaces,419,376,43,30,13
S01007322,Whole house or bungalow: Total,227,207,20,15,5
S01007322,Whole house or bungalow: Detached,111,93,18,14,4
S01007322,Whole house or bungalow: Semi-detached,86,84,2,1,1
S01007322,Whole house or bungalow: Terraced (including end-terrace),30,30,0,0,0
S01007322,Flat maisonette or apartment or mobile/temporary accommodation,192,169,23,15,8
S01007323,All household spaces,262,227,35,26,9
S01007323,Whole house or bungalow: Total,158,136,22,17,5
S01007323,Whole house or bungalow: Detached,67,54,13,12,1
S01007323,Whole house or bungalow: Semi-detached,48,43,5,4,1
S01007323,Whole house or bungalow: Terraced (including end-terrace),43,39,4,1,3
S01007323,Flat maisonette or apartment or mobile/temporary accommodation,104,91,13,9,4
S01007324,All household spaces,269,167,102,95,7
S01007324,Whole house or bungalow: Total,247,160,87,82,5
S01007324,Whole house or bungalow: Detached,162,101,61,58,3
S01007324,Whole house or bungalow: Semi-detached,78,56,22,20,2
S01007324,Whole house or bungalow: Terraced (including end-terrace),7,3,4,4,0
S01007324,Flat maisonette or apartment or mobile/temporary accommodation,22,7,15,13,2
S01007325,All household spaces,553,393,160,149,11
S01007325,Whole house or bungalow: Total,532,381,151,141,10
S01007325,Whole house or bungalow: Detached,239,171,68,61,7
S01007325,Whole house or bungalow: Semi-detached,153,121,32,30,2
S01007325,Whole house or bungalow: Terraced (including end-terrace),140,89,51,50,1
S01007325,Flat maisonette or apartment or mobile/temporary accommodation,21,12,9,8,1
S01007326,All household spaces,449,346,103,77,26
S01007326,Whole house or bungalow: Total,426,328,98,73,25
S01007326,Whole house or bungalow: Detached,259,184,75,64,11
S01007326,Whole house or bungalow: Semi-detached,127,108,19,9,10
S01007326,Whole house or bungalow: Terraced (including end-terrace),40,36,4,0,4
S01007326,Flat maisonette or apartment or mobile/temporary accommodation,23,18,5,4,1
S01007327,All household spaces,409,350,59,49,10
S01007327,Whole house or bungalow: Total,354,304,50,42,8
S01007327,Whole house or bungalow: Detached,79,68,11,8,3
S01007327,Whole house or bungalow: Semi-detached,156,138,18,17,1
S01007327,Whole house or bungalow: Terraced (including end-terrace),119,98,21,17,4
S01007327,Flat maisonette or apartment or mobile/temporary accommodation,55,46,9,7,2
S01007328,All household spaces,429,390,39,29,10
S01007328,Whole house or bungalow: Total,365,336,29,19,10
S01007328,Whole house or bungalow: Detached,60,54,6,1,5
S01007328,Whole house or bungalow: Semi-detached,124,111,13,10,3
S01007328,Whole house or bungalow: Terraced (including end-terrace),181,171,10,8,2
S01007328,Flat maisonette or apartment or mobile/temporary accommodation,64,54,10,10,0
S01007329,All household spaces,369,314,55,39,16
S01007329,Whole house or bungalow: Total,358,307,51,36,15
S01007329,Whole house or bungalow: Detached,210,185,25,19,6
S01007329,Whole house or bungalow: Semi-detached,116,98,18,10,8
S01007329,Whole house or bungalow: Terraced (including end-terrace),32,24,8,7,1
S01007329,Flat maisonette or apartment or mobile/temporary accommodation,11,7,4,3,1
S01007330,All household spaces,461,375,86,78,8
S01007330,Whole house or bungalow: Total,445,363,82,74,8
S01007330,Whole house or bungalow: Detached,289,233,56,52,4
S01007330,Whole house or bungalow: Semi-detached,104,90,14,13,1
S01007330,Whole house or bungalow: Terraced (including end-terrace),52,40,12,9,3
S01007330,Flat maisonette or apartment or mobile/temporary accommodation,16,12,4,4,0
S01007331,All household spaces,451,419,32,32,0
S01007331,Whole house or bungalow: Total,440,408,32,32,0
S01007331,Whole house or bungalow: Detached,169,154,15,15,0
S01007331,Whole house or bungalow: Semi-detached,149,141,8,8,0
S01007331,Whole house or bungalow: Terraced (including end-terrace),122,113,9,9,0
S01007331,Flat maisonette or apartment or mobile/temporary accommodation,11,11,0,0,0
S01007332,All household spaces,249,219,30,26,4
S01007332,Whole house or bungalow: Total,238,209,29,25,4
S01007332,Whole house or bungalow: Detached,174,149,25,22,3
S01007332,Whole house or bungalow: Semi-detached,53,49,4,3,1
S01007332,Whole house or bungalow: Terraced (including end-terrace),11,11,0,0,0
S01007332,Flat maisonette or apartment or mobile/temporary accommodation,11,10,1,1,0
S01007333,All household spaces,401,367,34,15,19
S01007333,Whole house or bungalow: Total,255,234,21,8,13
S01007333,Whole house or bungalow: Detached,170,161,9,4,5
S01007333,Whole house or bungalow: Semi-detached,34,30,4,4,0
S01007333,Whole house or bungalow: Terraced (including end-terrace),51,43,8,0,8
S01007333,Flat maisonette or apartment or mobile/temporary accommodation,146,133,13,7,6
S01007334,All household spaces,434,391,43,6,37
S01007334,Whole house or bungalow: Total,160,150,10,0,10
S01007334,Whole house or bungalow: Detached,18,18,0,0,0
S01007334,Whole house or bungalow: Semi-detached,54,53,1,0,1
S01007334,Whole house or bungalow: Terraced (including end-terrace),88,79,9,0,9
S01007334,Flat maisonette or apartment or mobile/temporary accommodation,274,241,33,6,27
S01007335,All household spaces,428,412,16,9,7
S01007335,Whole house or bungalow: Total,267,261,6,1,5
S01007335,Whole house or bungalow: Detached,16,16,0,0,0
S01007335,Whole house or bungalow: Semi-detached,151,146,5,1,4
S01007335,Whole house or bungalow: Terraced (including end-terrace),100,99,1,0,1
S01007335,Flat maisonette or apartment or mobile/temporary accommodation,161,151,10,8,2
S01007336,All household spaces,380,302,78,14,64
S01007336,Whole house or bungalow: Total,42,41,1,1,0
S01007336,Whole house or bungalow: Detached,16,16,0,0,0
S01007336,Whole house or bungalow: Semi-detached,10,9,1,1,0
S01007336,Whole house or bungalow: Terraced (including end-terrace),16,16,0,0,0
S01007336,Flat maisonette or apartment or mobile/temporary accommodation,338,261,77,13,64
S01007337,All household spaces,406,380,26,11,15
S01007337,Whole house or bungalow: Total,165,159,6,3,3
S01007337,Whole house or bungalow: Detached,35,33,2,2,0
S01007337,Whole house or bungalow: Semi-detached,49,48,1,0,1
S01007337,Whole house or bungalow: Terraced (including end-terrace),81,78,3,1,2
S01007337,Flat maisonette or apartment or mobile/temporary accommodation,241,221,20,8,12
S01007338,All household spaces,312,302,10,0,10
S01007338,Whole house or bungalow: Total,303,293,10,0,10
S01007338,Whole house or bungalow: Detached,29,29,0,0,0
S01007338,Whole house or bungalow: Semi-detached,191,184,7,0,7
S01007338,Whole house or bungalow: Terraced (including end-terrace),83,80,3,0,3
S01007338,Flat maisonette or apartment or mobile/temporary accommodation,9,9,0,0,0
S01007339,All household spaces,329,302,27,22,5
S01007339,Whole house or bungalow: Total,208,195,13,10,3
S01007339,Whole house or bungalow: Detached,136,125,11,8,3
S01007339,Whole house or bungalow: Semi-detached,57,56,1,1,0
S01007339,Whole house or bungalow: Terraced (including end-terrace),15,14,1,1,0
S01007339,Flat maisonette or apartment or mobile/temporary accommodation,121,107,14,12,2
S01007340,All household spaces,404,273,131,106,25
S01007340,Whole house or bungalow: Total,103,95,8,6,2
S01007340,Whole house or bungalow: Detached,35,30,5,5,0
S01007340,Whole house or bungalow: Semi-detached,29,28,1,1,0
S01007340,Whole house or bungalow: Terraced (including end-terrace),39,37,2,0,2
S01007340,Flat maisonette or apartment or mobile/temporary accommodation,301,178,123,100,23
S01007341,All household spaces,493,394,99,61,38
S01007341,Whole house or bungalow: Total,164,150,14,6,8
S01007341,Whole house or bungalow: Detached,87,81,6,3,3
S01007341,Whole house or bungalow: Semi-detached,62,54,8,3,5
S01007341,Whole house or bungalow: Terraced (including end-terrace),15,15,0,0,0
S01007341,Flat maisonette or apartment or mobile/temporary accommodation,329,244,85,55,30
S01007342,All household spaces,439,359,80,66,14
S01007342,Whole house or bungalow: Total,264,227,37,27,10
S01007342,Whole house or bungalow: Detached,149,125,24,16,8
S01007342,Whole house or bungalow: Semi-detached,99,86,13,11,2
S01007342,Whole house or bungalow: Terraced (including end-terrace),16,16,0,0,0
S01007342,Flat maisonette or apartment or mobile/temporary accommodation,175,132,43,39,4
S01007343,All household spaces,436,302,134,125,9
S01007343,Whole house or bungalow: Total,314,256,58,51,7
S01007343,Whole house or bungalow: Detached,226,177,49,43,6
S01007343,Whole house or bungalow: Semi-detached,75,69,6,5,1
S01007343,Whole house or bungalow: Terraced (including end-terrace),13,10,3,3,0
S01007343,Flat maisonette or apartment or mobile/temporary accommodation,122,46,76,74,2
S01007344,All household spaces,323,242,81,50,31
S01007344,Whole house or bungalow: Total,66,60,6,4,2
S01007344,Whole house or bungalow: Detached,20,20,0,0,0
S01007344,Whole house or bungalow: Semi-detached,24,20,4,2,2
S01007344,Whole house or bungalow: Terraced (including end-terrace),22,20,2,2,0
S01007344,Flat maisonette or apartment or mobile/temporary accommodation,257,182,75,46,29
S01007345,All household spaces,340,315,25,6,19
S01007345,Whole house or bungalow: Total,88,86,2,1,1
S01007345,Whole house or bungalow: Detached,12,12,0,0,0
S01007345,Whole house or bungalow: Semi-detached,53,52,1,0,1
S01007345,Whole house or bungalow: Terraced (including end-terrace),23,22,1,1,0
S01007345,Flat maisonette or apartment or mobile/temporary accommodation,252,229,23,5,18
S01007346,All household spaces,398,351,47,31,16
S01007346,Whole house or bungalow: Total,68,64,4,2,2
S01007346,Whole house or bungalow: Detached,10,10,0,0,0
S01007346,Whole house or bungalow: Semi-detached,23,22,1,0,1
S01007346,Whole house or bungalow: Terraced (including end-terrace),35,32,3,2,1
S01007346,Flat maisonette or apartment or mobile/temporary accommodation,330,287,43,29,14
S01007347,All household spaces,409,351,58,32,26
S01007347,Whole house or bungalow: Total,194,189,5,3,2
S01007347,Whole house or bungalow: Detached,14,14,0,0,0
S01007347,Whole house or bungalow: Semi-detached,74,74,0,0,0
S01007347,Whole house or bungalow: Terraced (including end-terrace),106,101,5,3,2
S01007347,Flat maisonette or apartment or mobile/temporary accommodation,215,162,53,29,24
S01007348,All household spaces,293,280,13,2,11
S01007348,Whole house or bungalow: Total,171,170,1,1,0
S01007348,Whole house or bungalow: Detached,20,20,0,0,0
S01007348,Whole house or bungalow: Semi-detached,101,100,1,1,0
S01007348,Whole house or bungalow: Terraced (including end-terrace),50,50,0,0,0
S01007348,Flat maisonette or apartment or mobile/temporary accommodation,122,110,12,1,11
S01007349,All household spaces,204,189,15,9,6
S01007349,Whole house or bungalow: Total,110,105,5,2,3
S01007349,Whole house or bungalow: Detached,30,29,1,0,1
S01007349,Whole house or bungalow: Semi-detached,53,52,1,0,1
S01007349,Whole house or bungalow: Terraced (including end-terrace),27,24,3,2,1
S01007349,Flat maisonette or apartment or mobile/temporary accommodation,94,84,10,7,3
S01007350,All household spaces,461,331,130,81,49
S01007350,Whole house or bungalow: Total,60,57,3,3,0
S01007350,Whole house or bungalow: Detached,18,18,0,0,0
S01007350,Whole house or bungalow: Semi-detached,23,23,0,0,0
S01007350,Whole house or bungalow: Terraced (including end-terrace),19,16,3,3,0
S01007350,Flat maisonette or apartment or mobile/temporary accommodation,401,274,127,78,49
S01007351,All household spaces,547,355,192,182,10
S01007351,Whole house or bungalow: Total,387,265,122,114,8
S01007351,Whole house or bungalow: Detached,264,166,98,92,6
S01007351,Whole house or bungalow: Semi-detached,86,74,12,11,1
S01007351,Whole house or bungalow: Terraced (including end-terrace),37,25,12,11,1
S01007351,Flat maisonette or apartment or mobile/temporary accommodation,160,90,70,68,2
S01007352,All household spaces,333,230,103,87,16
S01007352,Whole house or bungalow: Total,310,210,100,84,16
S01007352,Whole house or bungalow: Detached,245,164,81,70,11
S01007352,Whole house or bungalow: Semi-detached,55,41,14,10,4
S01007352,Whole house or bungalow: Terraced (including end-terrace),10,5,5,4,1
S01007352,Flat maisonette or apartment or mobile/temporary accommodation,23,20,3,3,0
S01007353,All household spaces,331,282,49,39,10
S01007353,Whole house or bungalow: Total,298,255,43,34,9
S01007353,Whole house or bungalow: Detached,197,165,32,26,6
S01007353,Whole house or bungalow: Semi-detached,69,59,10,8,2
S01007353,Whole house or bungalow: Terraced (including end-terrace),32,31,1,0,1
S01007353,Flat maisonette or apartment or mobile/temporary accommodation,33,27,6,5,1
S01007354,All household spaces,455,403,52,28,24
S01007354,Whole house or bungalow: Total,251,222,29,14,15
S01007354,Whole house or bungalow: Detached,162,144,18,7,11
S01007354,Whole house or bungalow: Semi-detached,69,62,7,6,1
S01007354,Whole house or bungalow: Terraced (including end-terrace),20,16,4,1,3
S01007354,Flat maisonette or apartment or mobile/temporary accommodation,204,181,23,14,9
S01007355,All household spaces,637,464,173,161,12
S01007355,Whole house or bungalow: Total,576,420,156,145,11
S01007355,Whole house or bungalow: Detached,413,298,115,107,8
S01007355,Whole house or bungalow: Semi-detached,116,88,28,26,2
S01007355,Whole house or bungalow: Terraced (including end-terrace),47,34,13,12,1
S01007355,Flat maisonette or apartment or mobile/temporary accommodation,61,44,17,16,1
S01007356,All household spaces,422,350,72,55,17
S01007356,Whole house or bungalow: Total,358,301,57,43,14
S01007356,Whole house or bungalow: Detached,228,181,47,37,10
S01007356,Whole house or bungalow: Semi-detached,91,86,5,1,4
S01007356,Whole house or bungalow: Terraced (including end-terrace),39,34,5,5,0
S01007356,Flat maisonette or apartment or mobile/temporary accommodation,64,49,15,12,3
S01007357,All household spaces,506,388,118,113,5
S01007357,Whole house or bungalow: Total,480,364,116,111,5
S01007357,Whole house or bungalow: Detached,299,211,88,85,3
S01007357,Whole house or bungalow: Semi-detached,147,123,24,22,2
S01007357,Whole house or bungalow: Terraced (including end-terrace),34,30,4,4,0
S01007357,Flat maisonette or apartment or mobile/temporary accommodation,26,24,2,2,0
S01007358,All household spaces,419,368,51,47,4
S01007358,Whole house or bungalow: Total,367,322,45,41,4
S01007358,Whole house or bungalow: Detached,177,141,36,33,3
S01007358,Whole house or bungalow: Semi-detached,112,107,5,5,0
S01007358,Whole house or bungalow: Terraced (including end-terrace),78,74,4,3,1
S01007358,Flat maisonette or apartment or mobile/temporary accommodation,52,46,6,6,0
S01007359,All household spaces,403,371,32,7,25
S01007359,Whole house or bungalow: Total,315,300,15,4,11
S01007359,Whole house or bungalow: Detached,92,83,9,1,8
S01007359,Whole house or bungalow: Semi-detached,132,129,3,1,2
S01007359,Whole house or bungalow: Terraced (including end-terrace),91,88,3,2,1
S01007359,Flat maisonette or apartment or mobile/temporary accommodation,88,71,17,3,14
S01007360,All household spaces,265,236,29,8,21
S01007360,Whole house or bungalow: Total,203,182,21,6,15
S01007360,Whole house or bungalow: Detached,158,138,20,6,14
S01007360,Whole house or bungalow: Semi-detached,40,39,1,0,1
S01007360,Whole house or bungalow: Terraced (including end-terrace),5,5,0,0,0
S01007360,Flat maisonette or apartment or mobile/temporary accommodation,62,54,8,2,6
S01007361,All household spaces,562,507,55,34,21
S01007361,Whole house or bungalow: Total,306,292,14,7,7
S01007361,Whole house or bungalow: Detached,194,182,12,7,5
S01007361,Whole house or bungalow: Semi-detached,88,86,2,0,2
S01007361,Whole house or bungalow: Terraced (including end-terrace),24,24,0,0,0
S01007361,Flat maisonette or apartment or mobile/temporary accommodation,256,215,41,27,14
S01007362,All household spaces,334,316,18,11,7
S01007362,Whole house or bungalow: Total,153,151,2,0,2
S01007362,Whole house or bungalow: Detached,98,97,1,0,1
S01007362,Whole house or bungalow: Semi-detached,43,42,1,0,1
S01007362,Whole house or bungalow: Terraced (including end-terrace),12,12,0,0,0
S01007362,Flat maisonette or apartment or mobile/temporary accommodation,181,165,16,11,5
S01007363,All household spaces,367,348,19,5,14
S01007363,Whole house or bungalow: Total,270,257,13,2,11
S01007363,Whole house or bungalow: Detached,155,150,5,0,5
S01007363,Whole house or bungalow: Semi-detached,75,74,1,0,1
S01007363,Whole house or bungalow: Terraced (including end-terrace),40,33,7,2,5
S01007363,Flat maisonette or apartment or mobile/temporary accommodation,97,91,6,3,3
S01007364,All household spaces,427,409,18,7,11
S01007364,Whole house or bungalow: Total,286,275,11,5,6
S01007364,Whole house or bungalow: Detached,27,26,1,0,1
S01007364,Whole house or bungalow: Semi-detached,145,145,0,0,0
S01007364,Whole house or bungalow: Terraced (including end-terrace),114,104,10,5,5
S01007364,Flat maisonette or apartment or mobile/temporary accommodation,141,134,7,2,5
S01007365,All household spaces,229,215,14,6,8
S01007365,Whole house or bungalow: Total,158,153,5,3,2
S01007365,Whole house or bungalow: Detached,87,85,2,1,1
S01007365,Whole house or bungalow: Semi-detached,48,47,1,0,1
S01007365,Whole house or bungalow: Terraced (including end-terrace),23,21,2,2,0
S01007365,Flat maisonette or apartment or mobile/temporary accommodation,71,62,9,3,6
S01007366,All household spaces,306,276,30,18,12
S01007366,Whole house or bungalow: Total,157,146,11,3,8
S01007366,Whole house or bungalow: Detached,53,52,1,0,1
S01007366,Whole house or bungalow: Semi-detached,50,48,2,0,2
S01007366,Whole house or bungalow: Terraced (including end-terrace),54,46,8,3,5
S01007366,Flat maisonette or apartment or mobile/temporary accommodation,149,130,19,15,4
S01007367,All household spaces,336,295,41,21,20
S01007367,Whole house or bungalow: Total,149,138,11,4,7
S01007367,Whole house or bungalow: Detached,71,67,4,3,1
S01007367,Whole house or bungalow: Semi-detached,48,41,7,1,6
S01007367,Whole house or bungalow: Terraced (including end-terrace),30,30,0,0,0
S01007367,Flat maisonette or apartment or mobile/temporary accommodation,187,157,30,17,13
S01007368,All household spaces,247,233,14,8,6
S01007368,Whole house or bungalow: Total,220,206,14,8,6
S01007368,Whole house or bungalow: Detached,48,47,1,0,1
S01007368,Whole house or bungalow: Semi-detached,61,58,3,0,3
S01007368,Whole house or bungalow: Terraced (including end-terrace),111,101,10,8,2
S01007368,Flat maisonette or apartment or mobile/temporary accommodation,27,27,0,0,0
S01007369,All household spaces,389,378,11,0,11
S01007369,Whole house or bungalow: Total,213,209,4,0,4
S01007369,Whole house or bungalow: Detached,104,100,4,0,4
S01007369,Whole house or bungalow: Semi-detached,78,78,0,0,0
S01007369,Whole house or bungalow: Terraced (including end-terrace),31,31,0,0,0
S01007369,Flat maisonette or apartment or mobile/temporary accommodation,176,169,7,0,7
S01007370,All household spaces,449,389,60,30,30
S01007370,Whole house or bungalow: Total,158,151,7,3,4
S01007370,Whole house or bungalow: Detached,79,76,3,0,3
S01007370,Whole house or bungalow: Semi-detached,59,56,3,2,1
S01007370,Whole house or bungalow: Terraced (including end-terrace),20,19,1,1,0
S01007370,Flat maisonette or apartment or mobile/temporary accommodation,291,238,53,27,26
S01007371,All household spaces,344,320,24,3,21
S01007371,Whole house or bungalow: Total,187,182,5,0,5
S01007371,Whole house or bungalow: Detached,129,127,2,0,2
S01007371,Whole house or bungalow: Semi-detached,40,38,2,0,2
S01007371,Whole house or bungalow: Terraced (including end-terrace),18,17,1,0,1
S01007371,Flat maisonette or apartment or mobile/temporary accommodation,157,138,19,3,16
S01007372,All household spaces,395,374,21,6,15
S01007372,Whole house or bungalow: Total,296,276,20,6,14
S01007372,Whole house or bungalow: Detached,175,164,11,2,9
S01007372,Whole house or bungalow: Semi-detached,99,92,7,4,3
S01007372,Whole house or bungalow: Terraced (including end-terrace),22,20,2,0,2
S01007372,Flat maisonette or apartment or mobile/temporary accommodation,99,98,1,0,1
S01007373,All household spaces,315,283,32,7,25
S01007373,Whole house or bungalow: Total,236,215,21,4,17
S01007373,Whole house or bungalow: Detached,208,189,19,4,15
S01007373,Whole house or bungalow: Semi-detached,16,15,1,0,1
S01007373,Whole house or bungalow: Terraced (including end-terrace),12,11,1,0,1
S01007373,Flat maisonette or apartment or mobile/temporary accommodation,79,68,11,3,8
S01007374,All household spaces,230,217,13,2,11
S01007374,Whole house or bungalow: Total,170,161,9,1,8
S01007374,Whole house or bungalow: Detached,84,79,5,1,4
S01007374,Whole house or bungalow: Semi-detached,52,50,2,0,2
S01007374,Whole house or bungalow: Terraced (including end-terrace),34,32,2,0,2
S01007374,Flat maisonette or apartment or mobile/temporary accommodation,60,56,4,1,3
S01007375,All household spaces,246,216,30,14,16
S01007375,Whole house or bungalow: Total,181,164,17,8,9
S01007375,Whole house or bungalow: Detached,127,123,4,1,3
S01007375,Whole house or bungalow: Semi-detached,37,32,5,1,4
S01007375,Whole house or bungalow: Terraced (including end-terrace),17,9,8,6,2
S01007375,Flat maisonette or apartment or mobile/temporary accommodation,65,52,13,6,7
S01007376,All household spaces,393,371,22,17,5
S01007376,Whole house or bungalow: Total,323,303,20,15,5
S01007376,Whole house or bungalow: Detached,38,38,0,0,0
S01007376,Whole house or bungalow: Semi-detached,48,48,0,0,0
S01007376,Whole house or bungalow: Terraced (including end-terrace),237,217,20,15,5
S01007376,Flat maisonette or apartment or mobile/temporary accommodation,70,68,2,2,0
S01007377,All household spaces,291,279,12,3,9
S01007377,Whole house or bungalow: Total,258,247,11,2,9
S01007377,Whole house or bungalow: Detached,198,193,5,1,4
S01007377,Whole house or bungalow: Semi-detached,29,27,2,0,2
S01007377,Whole house or bungalow: Terraced (including end-terrace),31,27,4,1,3
S01007377,Flat maisonette or apartment or mobile/temporary accommodation,33,32,1,1,0
S01007378,All household spaces,262,231,31,14,17
S01007378,Whole house or bungalow: Total,213,197,16,7,9
S01007378,Whole house or bungalow: Detached,171,158,13,6,7
S01007378,Whole house or bungalow: Semi-detached,23,21,2,0,2
S01007378,Whole house or bungalow: Terraced (including end-terrace),19,18,1,1,0
S01007378,Flat maisonette or apartment or mobile/temporary accommodation,49,34,15,7,8
S01007379,All household spaces,245,234,11,7,4
S01007379,Whole house or bungalow: Total,218,209,9,5,4
S01007379,Whole house or bungalow: Detached,13,13,0,0,0
S01007379,Whole house or bungalow: Semi-detached,80,78,2,0,2
S01007379,Whole house or bungalow: Terraced (including end-terrace),125,118,7,5,2
S01007379,Flat maisonette or apartment or mobile/temporary accommodation,27,25,2,2,0
S01007380,All household spaces,255,229,26,22,4
S01007380,Whole house or bungalow: Total,217,208,9,6,3
S01007380,Whole house or bungalow: Detached,51,49,2,1,1
S01007380,Whole house or bungalow: Semi-detached,44,44,0,0,0
S01007380,Whole house or bungalow: Terraced (including end-terrace),122,115,7,5,2
S01007380,Flat maisonette or apartment or mobile/temporary accommodation,38,21,17,16,1
S01007381,All household spaces,261,191,70,7,63
S01007381,Whole house or bungalow: Total,188,164,24,2,22
S01007381,Whole house or bungalow: Detached,170,154,16,2,14
S01007381,Whole house or bungalow: Semi-detached,16,8,8,0,8
S01007381,Whole house or bungalow: Terraced (including end-terrace),2,2,0,0,0
S01007381,Flat maisonette or apartment or mobile/temporary accommodation,73,27,46,5,41
S01007382,All household spaces,293,281,12,6,6
S01007382,Whole house or bungalow: Total,216,208,8,3,5
S01007382,Whole house or bungalow: Detached,133,130,3,0,3
S01007382,Whole house or bungalow: Semi-detached,64,62,2,0,2
S01007382,Whole house or bungalow: Terraced (including end-terrace),19,16,3,3,0
S01007382,Flat maisonette or apartment or mobile/temporary accommodation,77,73,4,3,1
S01007383,All household spaces,371,349,22,8,14
S01007383,Whole house or bungalow: Total,242,231,11,5,6
S01007383,Whole house or bungalow: Detached,129,121,8,5,3
S01007383,Whole house or bungalow: Semi-detached,51,49,2,0,2
S01007383,Whole house or bungalow: Terraced (including end-terrace),62,61,1,0,1
S01007383,Flat maisonette or apartment or mobile/temporary accommodation,129,118,11,3,8
S01007384,All household spaces,375,332,43,2,41
S01007384,Whole house or bungalow: Total,250,242,8,1,7
S01007384,Whole house or bungalow: Detached,105,100,5,1,4
S01007384,Whole house or bungalow: Semi-detached,84,82,2,0,2
S01007384,Whole house or bungalow: Terraced (including end-terrace),61,60,1,0,1
S01007384,Flat maisonette or apartment or mobile/temporary accommodation,125,90,35,1,34
S01007385,All household spaces,417,404,13,6,7
S01007385,Whole house or bungalow: Total,284,279,5,0,5
S01007385,Whole house or bungalow: Detached,154,152,2,0,2
S01007385,Whole house or bungalow: Semi-detached,51,49,2,0,2
S01007385,Whole house or bungalow: Terraced (including end-terrace),79,78,1,0,1
S01007385,Flat maisonette or apartment or mobile/temporary accommodation,133,125,8,6,2
S01007386,All household spaces,346,337,9,5,4
S01007386,Whole house or bungalow: Total,278,276,2,0,2
S01007386,Whole house or bungalow: Detached,245,243,2,0,2
S01007386,Whole house or bungalow: Semi-detached,22,22,0,0,0
S01007386,Whole house or bungalow: Terraced (including end-terrace),11,11,0,0,0
S01007386,Flat maisonette or apartment or mobile/temporary accommodation,68,61,7,5,2
S01007387,All household spaces,298,289,9,1,8
S01007387,Whole house or bungalow: Total,272,267,5,0,5
S01007387,Whole house or bungalow: Detached,246,241,5,0,5
S01007387,Whole house or bungalow: Semi-detached,16,16,0,0,0
S01007387,Whole house or bungalow: Terraced (including end-terrace),10,10,0,0,0
S01007387,Flat maisonette or apartment or mobile/temporary accommodation,26,22,4,1,3
S01007388,All household spaces,261,256,5,0,5
S01007388,Whole house or bungalow: Total,257,252,5,0,5
S01007388,Whole house or bungalow: Detached,211,206,5,0,5
S01007388,Whole house or bungalow: Semi-detached,39,39,0,0,0
S01007388,Whole house or bungalow: Terraced (including end-terrace),7,7,0,0,0
S01007388,Flat maisonette or apartment or mobile/temporary accommodation,4,4,0,0,0
S01007389,All household spaces,305,198,107,1,106
S01007389,Whole house or bungalow: Total,298,191,107,1,106
S01007389,Whole house or bungalow: Detached,20,20,0,0,0
S01007389,Whole house or bungalow: Semi-detached,14,14,0,0,0
S01007389,Whole house or bungalow: Terraced (including end-terrace),264,157,107,1,106
S01007389,Flat maisonette or apartment or mobile/temporary accommodation,7,7,0,0,0
S01007390,All household spaces,207,193,14,0,14
S01007390,Whole house or bungalow: Total,201,187,14,0,14
S01007390,Whole house or bungalow: Detached,20,20,0,0,0
S01007390,Whole house or bungalow: Semi-detached,26,26,0,0,0
S01007390,Whole house or bungalow: Terraced (including end-terrace),155,141,14,0,14
S01007390,Flat maisonette or apartment or mobile/temporary accommodation,6,6,0,0,0
S01007391,All household spaces,229,223,6,2,4
S01007391,Whole house or bungalow: Total,222,217,5,2,3
S01007391,Whole house or bungalow: Detached,183,178,5,2,3
S01007391,Whole house or bungalow: Semi-detached,33,33,0,0,0
S01007391,Whole house or bungalow: Terraced (including end-terrace),6,6,0,0,0
S01007391,Flat maisonette or apartment or mobile/temporary accommodation,7,6,1,0,1
S01007392,All household spaces,207,200,7,1,6
S01007392,Whole house or bungalow: Total,141,138,3,0,3
S01007392,Whole house or bungalow: Detached,99,97,2,0,2
S01007392,Whole house or bungalow: Semi-detached,40,39,1,0,1
S01007392,Whole house or bungalow: Terraced (including end-terrace),2,2,0,0,0
S01007392,Flat maisonette or apartment or mobile/temporary accommodation,66,62,4,1,3
S01007393,All household spaces,319,308,11,2,9
S01007393,Whole house or bungalow: Total,190,190,0,0,0
S01007393,Whole house or bungalow: Detached,106,106,0,0,0
S01007393,Whole house or bungalow: Semi-detached,33,33,0,0,0
S01007393,Whole house or bungalow: Terraced (including end-terrace),51,51,0,0,0
S01007393,Flat maisonette or apartment or mobile/temporary accommodation,129,118,11,2,9
S01007394,All household spaces,355,335,20,2,18
S01007394,Whole house or bungalow: Total,156,146,10,1,9
S01007394,Whole house or bungalow: Detached,87,82,5,0,5
S01007394,Whole house or bungalow: Semi-detached,46,44,2,1,1
S01007394,Whole house or bungalow: Terraced (including end-terrace),23,20,3,0,3
S01007394,Flat maisonette or apartment or mobile/temporary accommodation,199,189,10,1,9
S01007395,All household spaces,587,516,71,30,41
S01007395,Whole house or bungalow: Total,44,42,2,0,2
S01007395,Whole house or bungalow: Detached,21,20,1,0,1
S01007395,Whole house or bungalow: Semi-detached,11,10,1,0,1
S01007395,Whole house or bungalow: Terraced (including end-terrace),12,12,0,0,0
S01007395,Flat maisonette or apartment or mobile/temporary accommodation,543,474,69,30,39
S01007396,All household spaces,522,477,45,7,38
S01007396,Whole house or bungalow: Total,52,52,0,0,0
S01007396,Whole house or bungalow: Detached,22,22,0,0,0
S01007396,Whole house or bungalow: Semi-detached,19,19,0,0,0
S01007396,Whole house or bungalow: Terraced (including end-terrace),11,11,0,0,0
S01007396,Flat maisonette or apartment or mobile/temporary accommodation,470,425,45,7,38
S01007397,All household spaces,456,443,13,3,10
S01007397,Whole house or bungalow: Total,206,203,3,1,2
S01007397,Whole house or bungalow: Detached,152,150,2,1,1
S01007397,Whole house or bungalow: Semi-detached,35,35,0,0,0
S01007397,Whole house or bungalow: Terraced (including end-terrace),19,18,1,0,1
S01007397,Flat maisonette or apartment or mobile/temporary accommodation,250,240,10,2,8
S01007398,All household spaces,287,279,8,0,8
S01007398,Whole house or bungalow: Total,157,149,8,0,8
S01007398,Whole house or bungalow: Detached,9,9,0,0,0
S01007398,Whole house or bungalow: Semi-detached,81,81,0,0,0
S01007398,Whole house or bungalow: Terraced (including end-terrace),67,59,8,0,8
S01007398,Flat maisonette or apartment or mobile/temporary accommodation,130,130,0,0,0
S01007399,All household spaces,342,324,18,16,2
S01007399,Whole house or bungalow: Total,80,78,2,1,1
S01007399,Whole house or bungalow: Detached,20,20,0,0,0
S01007399,Whole house or bungalow: Semi-detached,22,20,2,1,1
S01007399,Whole house or bungalow: Terraced (including end-terrace),38,38,0,0,0
S01007399,Flat maisonette or apartment or mobile/temporary accommodation,262,246,16,15,1
S01007400,All household spaces,360,344,16,2,14
S01007400,Whole house or bungalow: Total,170,165,5,0,5
S01007400,Whole house or bungalow: Detached,68,65,3,0,3
S01007400,Whole house or bungalow: Semi-detached,82,80,2,0,2
S01007400,Whole house or bungalow: Terraced (including end-terrace),20,20,0,0,0
S01007400,Flat maisonette or apartment or mobile/temporary accommodation,190,179,11,2,9
S01007401,All household spaces,309,290,19,3,16
S01007401,Whole house or bungalow: Total,216,202,14,2,12
S01007401,Whole house or bungalow: Detached,50,43,7,1,6
S01007401,Whole house or bungalow: Semi-detached,129,125,4,0,4
S01007401,Whole house or bungalow: Terraced (including end-terrace),37,34,3,1,2
S01007401,Flat maisonette or apartment or mobile/temporary accommodation,93,88,5,1,4
S01007402,All household spaces,262,260,2,0,2
S01007402,Whole house or bungalow: Total,259,257,2,0,2
S01007402,Whole house or bungalow: Detached,63,63,0,0,0
S01007402,Whole house or bungalow: Semi-detached,153,151,2,0,2
S01007402,Whole house or bungalow: Terraced (including end-terrace),43,43,0,0,0
S01007402,Flat maisonette or apartment or mobile/temporary accommodation,3,3,0,0,0
S01007403,All household spaces,271,261,10,0,10
S01007403,Whole house or bungalow: Total,263,253,10,0,10
S01007403,Whole house or bungalow: Detached,86,86,0,0,0
S01007403,Whole house or bungalow: Semi-detached,160,151,9,0,9
S01007403,Whole house or bungalow: Terraced (including end-terrace),17,16,1,0,1
S01007403,Flat maisonette or apartment or mobile/temporary accommodation,8,8,0,0,0
S01007404,All household spaces,239,193,46,35,11
S01007404,Whole house or bungalow: Total,202,180,22,14,8
S01007404,Whole house or bungalow: Detached,129,114,15,8,7
S01007404,Whole house or bungalow: Semi-detached,49,44,5,4,1
S01007404,Whole house or bungalow: Terraced (including end-terrace),24,22,2,2,0
S01007404,Flat maisonette or apartment or mobile/temporary accommodation,37,13,24,21,3
S01007405,All household spaces,290,277,13,6,7
S01007405,Whole house or bungalow: Total,210,204,6,3,3
S01007405,Whole house or bungalow: Detached,154,150,4,2,2
S01007405,Whole house or bungalow: Semi-detached,32,32,0,0,0
S01007405,Whole house or bungalow: Terraced (including end-terrace),24,22,2,1,1
S01007405,Flat maisonette or apartment or mobile/temporary accommodation,80,73,7,3,4
S01007406,All household spaces,256,252,4,1,3
S01007406,Whole house or bungalow: Total,238,235,3,0,3
S01007406,Whole house or bungalow: Detached,165,162,3,0,3
S01007406,Whole house or bungalow: Semi-detached,65,65,0,0,0
S01007406,Whole house or bungalow: Terraced (including end-terrace),8,8,0,0,0
S01007406,Flat maisonette or apartment or mobile/temporary accommodation,18,17,1,1,0
S01007407,All household spaces,321,315,6,0,6
S01007407,Whole house or bungalow: Total,255,252,3,0,3
S01007407,Whole house or bungalow: Detached,171,169,2,0,2
S01007407,Whole house or bungalow: Semi-detached,53,53,0,0,0
S01007407,Whole house or bungalow: Terraced (including end-terrace),31,30,1,0,1
S01007407,Flat maisonette or apartment or mobile/temporary accommodation,66,63,3,0,3
S01007408,All household spaces,258,256,2,1,1
S01007408,Whole house or bungalow: Total,148,148,0,0,0
S01007408,Whole house or bungalow: Detached,33,33,0,0,0
S01007408,Whole house or bungalow: Semi-detached,71,71,0,0,0
S01007408,Whole house or bungalow: Terraced (including end-terrace),44,44,0,0,0
S01007408,Flat maisonette or apartment or mobile/temporary accommodation,110,108,2,1,1
S01007409,All household spaces,313,308,5,2,3
S01007409,Whole house or bungalow: Total,202,197,5,2,3
S01007409,Whole house or bungalow: Detached,52,52,0,0,0
S01007409,Whole house or bungalow: Semi-detached,140,137,3,1,2
S01007409,Whole house or bungalow: Terraced (including end-terrace),10,8,2,1,1
S01007409,Flat maisonette or apartment or mobile/temporary accommodation,111,111,0,0,0
S01007410,All household spaces,297,291,6,3,3
S01007410,Whole house or bungalow: Total,275,269,6,3,3
S01007410,Whole house or bungalow: Detached,19,19,0,0,0
S01007410,Whole house or bungalow: Semi-detached,98,97,1,0,1
S01007410,Whole house or bungalow: Terraced (including end-terrace),158,153,5,3,2
S01007410,Flat maisonette or apartment or mobile/temporary accommodation,22,22,0,0,0
S01007411,All household spaces,454,437,17,15,2
S01007411,Whole house or bungalow: Total,268,263,5,5,0
S01007411,Whole house or bungalow: Detached,37,37,0,0,0
S01007411,Whole house or bungalow: Semi-detached,111,111,0,0,0
S01007411,Whole house or bungalow: Terraced (including end-terrace),120,115,5,5,0
S01007411,Flat maisonette or apartment or mobile/temporary accommodation,186,174,12,10,2
S01007412,All household spaces,213,212,1,0,1
S01007412,Whole house or bungalow: Total,189,189,0,0,0
S01007412,Whole house or bungalow: Detached,28,28,0,0,0
S01007412,Whole house or bungalow: Semi-detached,90,90,0,0,0
S01007412,Whole house or bungalow: Terraced (including end-terrace),71,71,0,0,0
S01007412,Flat maisonette or apartment or mobile/temporary accommodation,24,23,1,0,1
S01007413,All household spaces,376,360,16,1,15
S01007413,Whole house or bungalow: Total,275,264,11,1,10
S01007413,Whole house or bungalow: Detached,126,123,3,0,3
S01007413,Whole house or bungalow: Semi-detached,135,131,4,0,4
S01007413,Whole house or bungalow: Terraced (including end-terrace),14,10,4,1,3
S01007413,Flat maisonette or apartment or mobile/temporary accommodation,101,96,5,0,5
S01007414,All household spaces,245,244,1,0,1
S01007414,Whole house or bungalow: Total,243,242,1,0,1
S01007414,Whole house or bungalow: Detached,202,201,1,0,1
S01007414,Whole house or bungalow: Semi-detached,34,34,0,0,0
S01007414,Whole house or bungalow: Terraced (including end-terrace),7,7,0,0,0
S01007414,Flat maisonette or apartment or mobile/temporary accommodation,2,2,0,0,0
S01007415,All household spaces,381,374,7,0,7
S01007415,Whole house or bungalow: Total,319,313,6,0,6
S01007415,Whole house or bungalow: Detached,8,8,0,0,0
S01007415,Whole house or bungalow: Semi-detached,163,158,5,0,5
S01007415,Whole house or bungalow: Terraced (including end-terrace),148,147,1,0,1
S01007415,Flat maisonette or apartment or mobile/temporary accommodation,62,61,1,0,1
S01007416,All household spaces,225,223,2,0,2
S01007416,Whole house or bungalow: Total,220,218,2,0,2
S01007416,Whole house or bungalow: Detached,18,18,0,0,0
S01007416,Whole house or bungalow: Semi-detached,75,75,0,0,0
S01007416,Whole house or bungalow: Terraced (including end-terrace),127,125,2,0,2
S01007416,Flat maisonette or apartment or mobile/temporary accommodation,5,5,0,0,0
S01007417,All household spaces,409,406,3,2,1
S01007417,Whole house or bungalow: Total,375,372,3,2,1
S01007417,Whole house or bungalow: Detached,304,301,3,2,1
S01007417,Whole house or bungalow: Semi-detached,43,43,0,0,0
S01007417,Whole house or bungalow: Terraced (including end-terrace),28,28,0,0,0
S01007417,Flat maisonette or apartment or mobile/temporary accommodation,34,34,0,0,0
S01007418,All household spaces,296,292,4,0,4
S01007418,Whole house or bungalow: Total,261,257,4,0,4
S01007418,Whole house or bungalow: Detached,16,16,0,0,0
S01007418,Whole house or bungalow: Semi-detached,135,132,3,0,3
S01007418,Whole house or bungalow: Terraced (including end-terrace),110,109,1,0,1
S01007418,Flat maisonette or apartment or mobile/temporary accommodation,35,35,0,0,0
S01007419,All household spaces,336,332,4,0,4
S01007419,Whole house or bungalow: Total,177,176,1,0,1
S01007419,Whole house or bungalow: Detached,18,18,0,0,0
S01007419,Whole house or bungalow: Semi-detached,80,79,1,0,1
S01007419,Whole house or bungalow: Terraced (including end-terrace),79,79,0,0,0
S01007419,Flat maisonette or apartment or mobile/temporary accommodation,159,156,3,0,3
S01007420,All household spaces,301,296,5,2,3
S01007420,Whole house or bungalow: Total,289,284,5,2,3
S01007420,Whole house or bungalow: Detached,172,170,2,1,1
S01007420,Whole house or bungalow: Semi-detached,78,77,1,0,1
S01007420,Whole house or bungalow: Terraced (including end-terrace),39,37,2,1,1
S01007420,Flat maisonette or apartment or mobile/temporary accommodation,12,12,0,0,0
S01007421,All household spaces,289,282,7,1,6
S01007421,Whole house or bungalow: Total,212,208,4,1,3
S01007421,Whole house or bungalow: Detached,133,133,0,0,0
S01007421,Whole house or bungalow: Semi-detached,43,41,2,1,1
S01007421,Whole house or bungalow: Terraced (including end-terrace),36,34,2,0,2
S01007421,Flat maisonette or apartment or mobile/temporary accommodation,77,74,3,0,3
S01007422,All household spaces,272,261,11,1,10
S01007422,Whole house or bungalow: Total,181,174,7,1,6
S01007422,Whole house or bungalow: Detached,84,83,1,0,1
S01007422,Whole house or bungalow: Semi-detached,48,45,3,1,2
S01007422,Whole house or bungalow: Terraced (including end-terrace),49,46,3,0,3
S01007422,Flat maisonette or apartment or mobile/temporary accommodation,91,87,4,0,4
S01007423,All household spaces,335,325,10,2,8
S01007423,Whole house or bungalow: Total,289,285,4,0,4
S01007423,Whole house or bungalow: Detached,111,108,3,0,3
S01007423,Whole house or bungalow: Semi-detached,68,67,1,0,1
S01007423,Whole house or bungalow: Terraced (including end-terrace),110,110,0,0,0
S01007423,Flat maisonette or apartment or mobile/temporary accommodation,46,40,6,2,4
S01007424,All household spaces,341,340,1,0,1
S01007424,Whole house or bungalow: Total,336,335,1,0,1
S01007424,Whole house or bungalow: Detached,128,128,0,0,0
S01007424,Whole house or bungalow: Semi-detached,121,121,0,0,0
S01007424,Whole house or bungalow: Terraced (including end-terrace),87,86,1,0,1
S01007424,Flat maisonette or apartment or mobile/temporary accommodation,5,5,0,0,0
S01007425,All household spaces,394,373,21,15,6
S01007425,Whole house or bungalow: Total,316,311,5,2,3
S01007425,Whole house or bungalow: Detached,112,110,2,1,1
S01007425,Whole house or bungalow: Semi-detached,153,150,3,1,2
S01007425,Whole house or bungalow: Terraced (including end-terrace),51,51,0,0,0
S01007425,Flat maisonette or apartment or mobile/temporary accommodation,78,62,16,13,3
S01007426,All household spaces,362,344,18,7,11
S01007426,Whole house or bungalow: Total,202,195,7,3,4
S01007426,Whole house or bungalow: Detached,47,46,1,1,0
S01007426,Whole house or bungalow: Semi-detached,73,72,1,0,1
S01007426,Whole house or bungalow: Terraced (including end-terrace),82,77,5,2,3
S01007426,Flat maisonette or apartment or mobile/temporary accommodation,160,149,11,4,7
S01007427,All household spaces,324,309,15,10,5
S01007427,Whole house or bungalow: Total,235,225,10,7,3
S01007427,Whole house or bungalow: Detached,16,15,1,1,0
S01007427,Whole house or bungalow: Semi-detached,89,87,2,0,2
S01007427,Whole house or bungalow: Terraced (including end-terrace),130,123,7,6,1
S01007427,Flat maisonette or apartment or mobile/temporary accommodation,89,84,5,3,2
S01007428,All household spaces,486,465,21,1,20
S01007428,Whole house or bungalow: Total,266,259,7,1,6
S01007428,Whole house or bungalow: Detached,61,61,0,0,0
S01007428,Whole house or bungalow: Semi-detached,100,100,0,0,0
S01007428,Whole house or bungalow: Terraced (including end-terrace),105,98,7,1,6
S01007428,Flat maisonette or apartment or mobile/temporary accommodation,220,206,14,0,14
S01007429,All household spaces,347,324,23,10,13
S01007429,Whole house or bungalow: Total,170,161,9,5,4
S01007429,Whole house or bungalow: Detached,52,50,2,0,2
S01007429,Whole house or bungalow: Semi-detached,82,75,7,5,2
S01007429,Whole house or bungalow: Terraced (including end-terrace),36,36,0,0,0
S01007429,Flat maisonette or apartment or mobile/temporary accommodation,177,163,14,5,9
S01007430,All household spaces,222,211,11,1,10
S01007430,Whole house or bungalow: Total,158,155,3,0,3
S01007430,Whole house or bungalow: Detached,57,56,1,0,1
S01007430,Whole house or bungalow: Semi-detached,56,55,1,0,1
S01007430,Whole house or bungalow: Terraced (including end-terrace),45,44,1,0,1
S01007430,Flat maisonette or apartment or mobile/temporary accommodation,64,56,8,1,7
S01007431,All household spaces,221,218,3,0,3
S01007431,Whole house or bungalow: Total,215,214,1,0,1
S01007431,Whole house or bungalow: Detached,134,133,1,0,1
S01007431,Whole house or bungalow: Semi-detached,72,72,0,0,0
S01007431,Whole house or bungalow: Terraced (including end-terrace),9,9,0,0,0
S01007431,Flat maisonette or apartment or mobile/temporary accommodation,6,4,2,0,2
S01007432,All household spaces,367,354,13,4,9
S01007432,Whole house or bungalow: Total,312,304,8,2,6
S01007432,Whole house or bungalow: Detached,94,90,4,0,4
S01007432,Whole house or bungalow: Semi-detached,60,60,0,0,0
S01007432,Whole house or bungalow: Terraced (including end-terrace),158,154,4,2,2
S01007432,Flat maisonette or apartment or mobile/temporary accommodation,55,50,5,2,3
S01007433,All household spaces,370,350,20,6,14
S01007433,Whole house or bungalow: Total,352,336,16,6,10
S01007433,Whole house or bungalow: Detached,148,144,4,3,1
S01007433,Whole house or bungalow: Semi-detached,126,119,7,0,7
S01007433,Whole house or bungalow: Terraced (including end-terrace),78,73,5,3,2
S01007433,Flat maisonette or apartment or mobile/temporary accommodation,18,14,4,0,4
S01007434,All household spaces,260,242,18,12,6
S01007434,Whole house or bungalow: Total,135,123,12,9,3
S01007434,Whole house or bungalow: Detached,15,15,0,0,0
S01007434,Whole house or bungalow: Semi-detached,60,59,1,0,1
S01007434,Whole house or bungalow: Terraced (including end-terrace),60,49,11,9,2
S01007434,Flat maisonette or apartment or mobile/temporary accommodation,125,119,6,3,3
S01007435,All household spaces,341,327,14,1,13
S01007435,Whole house or bungalow: Total,219,210,9,1,8
S01007435,Whole house or bungalow: Detached,70,70,0,0,0
S01007435,Whole house or bungalow: Semi-detached,92,88,4,0,4
S01007435,Whole house or bungalow: Terraced (including end-terrace),57,52,5,1,4
S01007435,Flat maisonette or apartment or mobile/temporary accommodation,122,117,5,0,5
S01007436,All household spaces,377,356,21,16,5
S01007436,Whole house or bungalow: Total,124,123,1,1,0
S01007436,Whole house or bungalow: Detached,30,30,0,0,0
S01007436,Whole house or bungalow: Semi-detached,32,32,0,0,0
S01007436,Whole house or bungalow: Terraced (including end-terrace),62,61,1,1,0
S01007436,Flat maisonette or apartment or mobile/temporary accommodation,253,233,20,15,5
S01007437,All household spaces,238,230,8,1,7
S01007437,Whole house or bungalow: Total,109,106,3,0,3
S01007437,Whole house or bungalow: Detached,36,34,2,0,2
S01007437,Whole house or bungalow: Semi-detached,35,34,1,0,1
S01007437,Whole house or bungalow: Terraced (including end-terrace),38,38,0,0,0
S01007437,Flat maisonette or apartment or mobile/temporary accommodation,129,124,5,1,4
S01007438,All household spaces,350,338,12,2,10
S01007438,Whole house or bungalow: Total,229,222,7,2,5
S01007438,Whole house or bungalow: Detached,26,25,1,0,1
S01007438,Whole house or bungalow: Semi-detached,90,86,4,2,2
S01007438,Whole house or bungalow: Terraced (including end-terrace),113,111,2,0,2
S01007438,Flat maisonette or apartment or mobile/temporary accommodation,121,116,5,0,5
S01007439,All household spaces,354,337,17,1,16
S01007439,Whole house or bungalow: Total,228,217,11,1,10
S01007439,Whole house or bungalow: Detached,59,58,1,0,1
S01007439,Whole house or bungalow: Semi-detached,98,90,8,1,7
S01007439,Whole house or bungalow: Terraced (including end-terrace),71,69,2,0,2
S01007439,Flat maisonette or apartment or mobile/temporary accommodation,126,120,6,0,6
S01007440,All household spaces,306,295,11,6,5
S01007440,Whole house or bungalow: Total,265,257,8,3,5
S01007440,Whole house or bungalow: Detached,40,39,1,0,1
S01007440,Whole house or bungalow: Semi-detached,83,83,0,0,0
S01007440,Whole house or bungalow: Terraced (including end-terrace),142,135,7,3,4
S01007440,Flat maisonette or apartment or mobile/temporary accommodation,41,38,3,3,0
S01007441,All household spaces,231,226,5,2,3
S01007441,Whole house or bungalow: Total,227,222,5,2,3
S01007441,Whole house or bungalow: Detached,136,132,4,2,2
S01007441,Whole house or bungalow: Semi-detached,72,72,0,0,0
S01007441,Whole house or bungalow: Terraced (including end-terrace),19,18,1,0,1
S01007441,Flat maisonette or apartment or mobile/temporary accommodation,4,4,0,0,0
S01007442,All household spaces,200,198,2,1,1
S01007442,Whole house or bungalow: Total,198,196,2,1,1
S01007442,Whole house or bungalow: Detached,155,153,2,1,1
S01007442,Whole house or bungalow: Semi-detached,40,40,0,0,0
S01007442,Whole house or bungalow: Terraced (including end-terrace),3,3,0,0,0
S01007442,Flat maisonette or apartment or mobile/temporary accommodation,2,2,0,0,0
S01007443,All household spaces,398,387,11,5,6
S01007443,Whole house or bungalow: Total,366,357,9,3,6
S01007443,Whole house or bungalow: Detached,186,181,5,1,4
S01007443,Whole house or bungalow: Semi-detached,151,148,3,2,1
S01007443,Whole house or bungalow: Terraced (including end-terrace),29,28,1,0,1
S01007443,Flat maisonette or apartment or mobile/temporary accommodation,32,30,2,2,0
S01007444,All household spaces,484,427,57,23,34
S01007444,Whole house or bungalow: Total,376,349,27,10,17
S01007444,Whole house or bungalow: Detached,169,159,10,2,8
S01007444,Whole house or bungalow: Semi-detached,142,131,11,5,6
S01007444,Whole house or bungalow: Terraced (including end-terrace),65,59,6,3,3
S01007444,Flat maisonette or apartment or mobile/temporary accommodation,108,78,30,13,17
S01007445,All household spaces,277,265,12,4,8
S01007445,Whole house or bungalow: Total,270,258,12,4,8
S01007445,Whole house or bungalow: Detached,189,182,7,1,6
S01007445,Whole house or bungalow: Semi-detached,75,70,5,3,2
S01007445,Whole house or bungalow: Terraced (including end-terrace),6,6,0,0,0
S01007445,Flat maisonette or apartment or mobile/temporary accommodation,7,7,0,0,0
S01007446,All household spaces,209,201,8,2,6
S01007446,Whole house or bungalow: Total,200,194,6,2,4
S01007446,Whole house or bungalow: Detached,154,149,5,2,3
S01007446,Whole house or bungalow: Semi-detached,24,24,0,0,0
S01007446,Whole house or bungalow: Terraced (including end-terrace),22,21,1,0,1
S01007446,Flat maisonette or apartment or mobile/temporary accommodation,9,7,2,0,2
S01007447,All household spaces,224,209,15,6,9
S01007447,Whole house or bungalow: Total,221,206,15,6,9
S01007447,Whole house or bungalow: Detached,159,152,7,4,3
S01007447,Whole house or bungalow: Semi-detached,53,47,6,2,4
S01007447,Whole house or bungalow: Terraced (including end-terrace),9,7,2,0,2
S01007447,Flat maisonette or apartment or mobile/temporary accommodation,3,3,0,0,0
S01007448,All household spaces,374,367,7,0,7
S01007448,Whole house or bungalow: Total,358,351,7,0,7
S01007448,Whole house or bungalow: Detached,205,200,5,0,5
S01007448,Whole house or bungalow: Semi-detached,120,118,2,0,2
S01007448,Whole house or bungalow: Terraced (including end-terrace),33,33,0,0,0
S01007448,Flat maisonette or apartment or mobile/temporary accommodation,16,16,0,0,0
S01007449,All household spaces,471,458,13,7,6
S01007449,Whole house or bungalow: Total,321,319,2,0,2
S01007449,Whole house or bungalow: Detached,105,105,0,0,0
S01007449,Whole house or bungalow: Semi-detached,119,117,2,0,2
S01007449,Whole house or bungalow: Terraced (including end-terrace),97,97,0,0,0
S01007449,Flat maisonette or apartment or mobile/temporary accommodation,150,139,11,7,4
S01007450,All household spaces,345,332,13,2,11
S01007450,Whole house or bungalow: Total,288,280,8,2,6
S01007450,Whole house or bungalow: Detached,38,37,1,1,0
S01007450,Whole house or bungalow: Semi-detached,140,139,1,0,1
S01007450,Whole house or bungalow: Terraced (including end-terrace),110,104,6,1,5
S01007450,Flat maisonette or apartment or mobile/temporary accommodation,57,52,5,0,5
S01007451,All household spaces,297,283,14,7,7
S01007451,Whole house or bungalow: Total,268,257,11,5,6
S01007451,Whole house or bungalow: Detached,53,51,2,0,2
S01007451,Whole house or bungalow: Semi-detached,61,61,0,0,0
S01007451,Whole house or bungalow: Terraced (including end-terrace),154,145,9,5,4
S01007451,Flat maisonette or apartment or mobile/temporary accommodation,29,26,3,2,1
S01007452,All household spaces,219,209,10,0,10
S01007452,Whole house or bungalow: Total,193,186,7,0,7
S01007452,Whole house or bungalow: Detached,55,54,1,0,1
S01007452,Whole house or bungalow: Semi-detached,97,92,5,0,5
S01007452,Whole house or bungalow: Terraced (including end-terrace),41,40,1,0,1
S01007452,Flat maisonette or apartment or mobile/temporary accommodation,26,23,3,0,3
S01007453,All household spaces,218,212,6,0,6
S01007453,Whole house or bungalow: Total,215,209,6,0,6
S01007453,Whole house or bungalow: Detached,178,172,6,0,6
S01007453,Whole house or bungalow: Semi-detached,21,21,0,0,0
S01007453,Whole house or bungalow: Terraced (including end-terrace),16,16,0,0,0
S01007453,Flat maisonette or apartment or mobile/temporary accommodation,3,3,0,0,0
S01007454,All household spaces,196,190,6,2,4
S01007454,Whole house or bungalow: Total,195,189,6,2,4
S01007454,Whole house or bungalow: Detached,29,28,1,0,1
S01007454,Whole house or bungalow: Semi-detached,120,119,1,0,1
S01007454,Whole house or bungalow: Terraced (including end-terrace),46,42,4,2,2
S01007454,Flat maisonette or apartment or mobile/temporary accommodation,1,1,0,0,0
S01007455,All household spaces,410,388,22,17,5
S01007455,Whole house or bungalow: Total,339,328,11,9,2
S01007455,Whole house or bungalow: Detached,41,40,1,0,1
S01007455,Whole house or bungalow: Semi-detached,141,140,1,0,1
S01007455,Whole house or bungalow: Terraced (including end-terrace),157,148,9,9,0
S01007455,Flat maisonette or apartment or mobile/temporary accommodation,71,60,11,8,3
S01007456,All household spaces,410,394,16,3,13
S01007456,Whole house or bungalow: Total,121,119,2,0,2
S01007456,Whole house or bungalow: Detached,7,7,0,0,0
S01007456,Whole house or bungalow: Semi-detached,42,41,1,0,1
S01007456,Whole house or bungalow: Terraced (including end-terrace),72,71,1,0,1
S01007456,Flat maisonette or apartment or mobile/temporary accommodation,289,275,14,3,11
S01007457,All household spaces,479,465,14,3,11
S01007457,Whole house or bungalow: Total,337,328,9,3,6
S01007457,Whole house or bungalow: Detached,118,118,0,0,0
S01007457,Whole house or bungalow: Semi-detached,143,139,4,0,4
S01007457,Whole house or bungalow: Terraced (including end-terrace),76,71,5,3,2
S01007457,Flat maisonette or apartment or mobile/temporary accommodation,142,137,5,0,5
S01007458,All household spaces,230,224,6,2,4
S01007458,Whole house or bungalow: Total,218,217,1,0,1
S01007458,Whole house or bungalow: Detached,65,64,1,0,1
S01007458,Whole house or bungalow: Semi-detached,144,144,0,0,0
S01007458,Whole house or bungalow: Terraced (including end-terrace),9,9,0,0,0
S01007458,Flat maisonette or apartment or mobile/temporary accommodation,12,7,5,2,3
S01007459,All household spaces,298,291,7,0,7
S01007459,Whole house or bungalow: Total,292,285,7,0,7
S01007459,Whole house or bungalow: Detached,102,101,1,0,1
S01007459,Whole house or bungalow: Semi-detached,96,95,1,0,1
S01007459,Whole house or bungalow: Terraced (including end-terrace),94,89,5,0,5
S01007459,Flat maisonette or apartment or mobile/temporary accommodation,6,6,0,0,0
S01007460,All household spaces,357,345,12,0,12
S01007460,Whole house or bungalow: Total,258,251,7,0,7
S01007460,Whole house or bungalow: Detached,50,47,3,0,3
S01007460,Whole house or bungalow: Semi-detached,120,116,4,0,4
S01007460,Whole house or bungalow: Terraced (including end-terrace),88,88,0,0,0
S01007460,Flat maisonette or apartment or mobile/temporary accommodation,99,94,5,0,5
S01007461,All household spaces,397,372,25,13,12
S01007461,Whole house or bungalow: Total,143,141,2,0,2
S01007461,Whole house or bungalow: Detached,15,15,0,0,0
S01007461,Whole house or bungalow: Semi-detached,40,39,1,0,1
S01007461,Whole house or bungalow: Terraced (including end-terrace),88,87,1,0,1
S01007461,Flat maisonette or apartment or mobile/temporary accommodation,254,231,23,13,10
S01007462,All household spaces,391,371,20,15,5
S01007462,Whole house or bungalow: Total,205,205,0,0,0
S01007462,Whole house or bungalow: Detached,31,31,0,0,0
S01007462,Whole house or bungalow: Semi-detached,105,105,0,0,0
S01007462,Whole house or bungalow: Terraced (including end-terrace),69,69,0,0,0
S01007462,Flat maisonette or apartment or mobile/temporary accommodation,186,166,20,15,5
S01007463,All household spaces,396,377,19,9,10
S01007463,Whole house or bungalow: Total,343,327,16,9,7
S01007463,Whole house or bungalow: Detached,53,52,1,0,1
S01007463,Whole house or bungalow: Semi-detached,157,153,4,0,4
S01007463,Whole house or bungalow: Terraced (including end-terrace),133,122,11,9,2
S01007463,Flat maisonette or apartment or mobile/temporary accommodation,53,50,3,0,3
S01007464,All household spaces,329,313,16,13,3
S01007464,Whole house or bungalow: Total,265,259,6,3,3
S01007464,Whole house or bungalow: Detached,18,18,0,0,0
S01007464,Whole house or bungalow: Semi-detached,50,49,1,0,1
S01007464,Whole house or bungalow: Terraced (including end-terrace),197,192,5,3,2
S01007464,Flat maisonette or apartment or mobile/temporary accommodation,64,54,10,10,0
S01007465,All household spaces,417,380,37,16,21
S01007465,Whole house or bungalow: Total,317,295,22,8,14
S01007465,Whole house or bungalow: Detached,41,41,0,0,0
S01007465,Whole house or bungalow: Semi-detached,95,93,2,0,2
S01007465,Whole house or bungalow: Terraced (including end-terrace),181,161,20,8,12
S01007465,Flat maisonette or apartment or mobile/temporary accommodation,100,85,15,8,7
S01007466,All household spaces,656,581,75,54,21
S01007466,Whole house or bungalow: Total,156,152,4,4,0
S01007466,Whole house or bungalow: Detached,22,22,0,0,0
S01007466,Whole house or bungalow: Semi-detached,33,33,0,0,0
S01007466,Whole house or bungalow: Terraced (including end-terrace),101,97,4,4,0
S01007466,Flat maisonette or apartment or mobile/temporary accommodation,500,429,71,50,21
S01007467,All household spaces,536,523,13,6,7
S01007467,Whole house or bungalow: Total,255,251,4,3,1
S01007467,Whole house or bungalow: Detached,52,52,0,0,0
S01007467,Whole house or bungalow: Semi-detached,125,124,1,1,0
S01007467,Whole house or bungalow: Terraced (including end-terrace),78,75,3,2,1
S01007467,Flat maisonette or apartment or mobile/temporary accommodation,281,272,9,3,6
S01007468,All household spaces,339,333,6,0,6
S01007468,Whole house or bungalow: Total,286,284,2,0,2
S01007468,Whole house or bungalow: Detached,104,103,1,0,1
S01007468,Whole house or bungalow: Semi-detached,157,156,1,0,1
S01007468,Whole house or bungalow: Terraced (including end-terrace),25,25,0,0,0
S01007468,Flat maisonette or apartment or mobile/temporary accommodation,53,49,4,0,4
S01007469,All household spaces,264,250,14,8,6
S01007469,Whole house or bungalow: Total,216,211,5,1,4
S01007469,Whole house or bungalow: Detached,13,13,0,0,0
S01007469,Whole house or bungalow: Semi-detached,39,36,3,0,3
S01007469,Whole house or bungalow: Terraced (including end-terrace),164,162,2,1,1
S01007469,Flat maisonette or apartment or mobile/temporary accommodation,48,39,9,7,2
S01007470,All household spaces,348,335,13,3,10
S01007470,Whole house or bungalow: Total,114,110,4,0,4
S01007470,Whole house or bungalow: Detached,26,24,2,0,2
S01007470,Whole house or bungalow: Semi-detached,66,64,2,0,2
S01007470,Whole house or bungalow: Terraced (including end-terrace),22,22,0,0,0
S01007470,Flat maisonette or apartment or mobile/temporary accommodation,234,225,9,3,6
S01007471,All household spaces,206,203,3,0,3
S01007471,Whole house or bungalow: Total,187,184,3,0,3
S01007471,Whole house or bungalow: Detached,44,43,1,0,1
S01007471,Whole house or bungalow: Semi-detached,85,85,0,0,0
S01007471,Whole house or bungalow: Terraced (including end-terrace),58,56,2,0,2
S01007471,Flat maisonette or apartment or mobile/temporary accommodation,19,19,0,0,0
S01007472,All household spaces,276,273,3,0,3
S01007472,Whole house or bungalow: Total,253,250,3,0,3
S01007472,Whole house or bungalow: Detached,16,16,0,0,0
S01007472,Whole house or bungalow: Semi-detached,98,98,0,0,0
S01007472,Whole house or bungalow: Terraced (including end-terrace),139,136,3,0,3
S01007472,Flat maisonette or apartment or mobile/temporary accommodation,23,23,0,0,0
S01007473,All household spaces,233,227,6,4,2
S01007473,Whole house or bungalow: Total,160,156,4,3,1
S01007473,Whole house or bungalow: Detached,23,23,0,0,0
S01007473,Whole house or bungalow: Semi-detached,31,30,1,0,1
S01007473,Whole house or bungalow: Terraced (including end-terrace),106,103,3,3,0
S01007473,Flat maisonette or apartment or mobile/temporary accommodation,73,71,2,1,1
S01007474,All household spaces,218,213,5,1,4
S01007474,Whole house or bungalow: Total,204,199,5,1,4
S01007474,Whole house or bungalow: Detached,119,116,3,0,3
S01007474,Whole house or bungalow: Semi-detached,61,60,1,0,1
S01007474,Whole house or bungalow: Terraced (including end-terrace),24,23,1,1,0
S01007474,Flat maisonette or apartment or mobile/temporary accommodation,14,14,0,0,0
S01007475,All household spaces,265,257,8,0,8
S01007475,Whole house or bungalow: Total,226,222,4,0,4
S01007475,Whole house or bungalow: Detached,103,103,0,0,0
S01007475,Whole house or bungalow: Semi-detached,91,87,4,0,4
S01007475,Whole house or bungalow: Terraced (including end-terrace),32,32,0,0,0
S01007475,Flat maisonette or apartment or mobile/temporary accommodation,39,35,4,0,4
S01007476,All household spaces,332,317,15,0,15
S01007476,Whole house or bungalow: Total,310,298,12,0,12
S01007476,Whole house or bungalow: Detached,107,103,4,0,4
S01007476,Whole house or bungalow: Semi-detached,130,126,4,0,4
S01007476,Whole house or bungalow: Terraced (including end-terrace),73,69,4,0,4
S01007476,Flat maisonette or apartment or mobile/temporary accommodation,22,19,3,0,3
S01007477,All household spaces,256,247,9,2,7
S01007477,Whole house or bungalow: Total,171,167,4,0,4
S01007477,Whole house or bungalow: Detached,64,61,3,0,3
S01007477,Whole house or bungalow: Semi-detached,91,90,1,0,1
S01007477,Whole house or bungalow: Terraced (including end-terrace),16,16,0,0,0
S01007477,Flat maisonette or apartment or mobile/temporary accommodation,85,80,5,2,3
S01007478,All household spaces,456,433,23,0,23
S01007478,Whole house or bungalow: Total,226,216,10,0,10
S01007478,Whole house or bungalow: Detached,70,68,2,0,2
S01007478,Whole house or bungalow: Semi-detached,90,87,3,0,3
S01007478,Whole house or bungalow: Terraced (including end-terrace),66,61,5,0,5
S01007478,Flat maisonette or apartment or mobile/temporary accommodation,230,217,13,0,13
S01007479,All household spaces,283,275,8,0,8
S01007479,Whole house or bungalow: Total,139,137,2,0,2
S01007479,Whole house or bungalow: Detached,55,53,2,0,2
S01007479,Whole house or bungalow: Semi-detached,72,72,0,0,0
S01007479,Whole house or bungalow: Terraced (including end-terrace),12,12,0,0,0
S01007479,Flat maisonette or apartment or mobile/temporary accommodation,144,138,6,0,6
S01007480,All household spaces,335,327,8,0,8
S01007480,Whole house or bungalow: Total,236,231,5,0,5
S01007480,Whole house or bungalow: Detached,104,102,2,0,2
S01007480,Whole house or bungalow: Semi-detached,82,81,1,0,1
S01007480,Whole house or bungalow: Terraced (including end-terrace),50,48,2,0,2
S01007480,Flat maisonette or apartment or mobile/temporary accommodation,99,96,3,0,3
S01007481,All household spaces,405,394,11,6,5
S01007481,Whole house or bungalow: Total,401,390,11,6,5
S01007481,Whole house or bungalow: Detached,337,326,11,6,5
S01007481,Whole house or bungalow: Semi-detached,56,56,0,0,0
S01007481,Whole house or bungalow: Terraced (including end-terrace),8,8,0,0,0
S01007481,Flat maisonette or apartment or mobile/temporary accommodation,4,4,0,0,0
S01007482,All household spaces,266,253,13,9,4
S01007482,Whole house or bungalow: Total,166,162,4,2,2
S01007482,Whole house or bungalow: Detached,95,91,4,2,2
S01007482,Whole house or bungalow: Semi-detached,38,38,0,0,0
S01007482,Whole house or bungalow: Terraced (including end-terrace),33,33,0,0,0
S01007482,Flat maisonette or apartment or mobile/temporary accommodation,100,91,9,7,2
S01007483,All household spaces,342,340,2,0,2
S01007483,Whole house or bungalow: Total,329,327,2,0,2
S01007483,Whole house or bungalow: Detached,46,46,0,0,0
S01007483,Whole house or bungalow: Semi-detached,210,208,2,0,2
S01007483,Whole house or bungalow: Terraced (including end-terrace),73,73,0,0,0
S01007483,Flat maisonette or apartment or mobile/temporary accommodation,13,13,0,0,0
S01007484,All household spaces,309,285,24,3,21
S01007484,Whole house or bungalow: Total,182,169,13,2,11
S01007484,Whole house or bungalow: Detached,66,65,1,1,0
S01007484,Whole house or bungalow: Semi-detached,48,47,1,0,1
S01007484,Whole house or bungalow: Terraced (including end-terrace),68,57,11,1,10
S01007484,Flat maisonette or apartment or mobile/temporary accommodation,127,116,11,1,10
S01007485,All household spaces,225,219,6,0,6
S01007485,Whole house or bungalow: Total,90,90,0,0,0
S01007485,Whole house or bungalow: Detached,16,16,0,0,0
S01007485,Whole house or bungalow: Semi-detached,43,43,0,0,0
S01007485,Whole house or bungalow: Terraced (including end-terrace),31,31,0,0,0
S01007485,Flat maisonette or apartment or mobile/temporary accommodation,135,129,6,0,6
S01007486,All household spaces,263,255,8,1,7
S01007486,Whole house or bungalow: Total,130,127,3,0,3
S01007486,Whole house or bungalow: Detached,17,17,0,0,0
S01007486,Whole house or bungalow: Semi-detached,61,60,1,0,1
S01007486,Whole house or bungalow: Terraced (including end-terrace),52,50,2,0,2
S01007486,Flat maisonette or apartment or mobile/temporary accommodation,133,128,5,1,4
S01007487,All household spaces,549,498,51,23,28
S01007487,Whole house or bungalow: Total,253,243,10,0,10
S01007487,Whole house or bungalow: Detached,24,24,0,0,0
S01007487,Whole house or bungalow: Semi-detached,57,55,2,0,2
S01007487,Whole house or bungalow: Terraced (including end-terrace),172,164,8,0,8
S01007487,Flat maisonette or apartment or mobile/temporary accommodation,296,255,41,23,18
S01007488,All household spaces,518,483,35,17,18
S01007488,Whole house or bungalow: Total,393,376,17,5,12
S01007488,Whole house or bungalow: Detached,44,42,2,1,1
S01007488,Whole house or bungalow: Semi-detached,107,102,5,1,4
S01007488,Whole house or bungalow: Terraced (including end-terrace),242,232,10,3,7
S01007488,Flat maisonette or apartment or mobile/temporary accommodation,125,107,18,12,6
S01007489,All household spaces,427,406,21,1,20
S01007489,Whole house or bungalow: Total,382,365,17,1,16
S01007489,Whole house or bungalow: Detached,134,125,9,1,8
S01007489,Whole house or bungalow: Semi-detached,96,95,1,0,1
S01007489,Whole house or bungalow: Terraced (including end-terrace),152,145,7,0,7
S01007489,Flat maisonette or apartment or mobile/temporary accommodation,45,41,4,0,4
S01007490,All household spaces,384,378,6,0,6
S01007490,Whole house or bungalow: Total,364,360,4,0,4
S01007490,Whole house or bungalow: Detached,33,33,0,0,0
S01007490,Whole house or bungalow: Semi-detached,167,164,3,0,3
S01007490,Whole house or bungalow: Terraced (including end-terrace),164,163,1,0,1
S01007490,Flat maisonette or apartment or mobile/temporary accommodation,20,18,2,0,2
S01007491,All household spaces,469,460,9,0,9
S01007491,Whole house or bungalow: Total,395,390,5,0,5
S01007491,Whole house or bungalow: Detached,105,102,3,0,3
S01007491,Whole house or bungalow: Semi-detached,185,183,2,0,2
S01007491,Whole house or bungalow: Terraced (including end-terrace),105,105,0,0,0
S01007491,Flat maisonette or apartment or mobile/temporary accommodation,74,70,4,0,4
S01007492,All household spaces,342,332,10,0,10
S01007492,Whole house or bungalow: Total,285,282,3,0,3
S01007492,Whole house or bungalow: Detached,82,81,1,0,1
S01007492,Whole house or bungalow: Semi-detached,163,162,1,0,1
S01007492,Whole house or bungalow: Terraced (including end-terrace),40,39,1,0,1
S01007492,Flat maisonette or apartment or mobile/temporary accommodation,57,50,7,0,7
S01007493,All household spaces,375,368,7,1,6
S01007493,Whole house or bungalow: Total,356,349,7,1,6
S01007493,Whole house or bungalow: Detached,97,93,4,1,3
S01007493,Whole house or bungalow: Semi-detached,228,227,1,0,1
S01007493,Whole house or bungalow: Terraced (including end-terrace),31,29,2,0,2
S01007493,Flat maisonette or apartment or mobile/temporary accommodation,19,19,0,0,0
S01007494,All household spaces,257,239,18,8,10
S01007494,Whole house or bungalow: Total,250,232,18,8,10
S01007494,Whole house or bungalow: Detached,137,127,10,4,6
S01007494,Whole house or bungalow: Semi-detached,64,60,4,1,3
S01007494,Whole house or bungalow: Terraced (including end-terrace),49,45,4,3,1
S01007494,Flat maisonette or apartment or mobile/temporary accommodation,7,7,0,0,0
S01007495,All household spaces,376,345,31,16,15
S01007495,Whole house or bungalow: Total,369,338,31,16,15
S01007495,Whole house or bungalow: Detached,262,236,26,14,12
S01007495,Whole house or bungalow: Semi-detached,95,90,5,2,3
S01007495,Whole house or bungalow: Terraced (including end-terrace),12,12,0,0,0
S01007495,Flat maisonette or apartment or mobile/temporary accommodation,7,7,0,0,0
S01007496,All household spaces,601,470,131,107,24
S01007496,Whole house or bungalow: Total,521,405,116,95,21
S01007496,Whole house or bungalow: Detached,299,247,52,38,14
S01007496,Whole house or bungalow: Semi-detached,123,100,23,19,4
S01007496,Whole house or bungalow: Terraced (including end-terrace),99,58,41,38,3
S01007496,Flat maisonette or apartment or mobile/temporary accommodation,80,65,15,12,3
S01007497,All household spaces,281,264,17,4,13
S01007497,Whole house or bungalow: Total,270,255,15,3,12
S01007497,Whole house or bungalow: Detached,137,126,11,1,10
S01007497,Whole house or bungalow: Semi-detached,87,83,4,2,2
S01007497,Whole house or bungalow: Terraced (including end-terrace),46,46,0,0,0
S01007497,Flat maisonette or apartment or mobile/temporary accommodation,11,9,2,1,1
S01007498,All household spaces,432,416,16,8,8
S01007498,Whole house or bungalow: Total,399,383,16,8,8
S01007498,Whole house or bungalow: Detached,106,101,5,3,2
S01007498,Whole house or bungalow: Semi-detached,235,230,5,2,3
S01007498,Whole house or bungalow: Terraced (including end-terrace),58,52,6,3,3
S01007498,Flat maisonette or apartment or mobile/temporary accommodation,33,33,0,0,0
S01007499,All household spaces,381,358,23,8,15
S01007499,Whole house or bungalow: Total,369,346,23,8,15
S01007499,Whole house or bungalow: Detached,163,147,16,8,8
S01007499,Whole house or bungalow: Semi-detached,150,145,5,0,5
S01007499,Whole house or bungalow: Terraced (including end-terrace),56,54,2,0,2
S01007499,Flat maisonette or apartment or mobile/temporary accommodation,12,12,0,0,0
S01007500,All household spaces,324,288,36,24,12
S01007500,Whole house or bungalow: Total,304,269,35,24,11
S01007500,Whole house or bungalow: Detached,153,133,20,13,7
S01007500,Whole house or bungalow: Semi-detached,110,102,8,7,1
S01007500,Whole house or bungalow: Terraced (including end-terrace),41,34,7,4,3
S01007500,Flat maisonette or apartment or mobile/temporary accommodation,20,19,1,0,1
S01007501,All household spaces,400,325,75,49,26
S01007501,Whole house or bungalow: Total,374,299,75,49,26
S01007501,Whole house or bungalow: Detached,203,169,34,21,13
S01007501,Whole house or bungalow: Semi-detached,103,87,16,9,7
S01007501,Whole house or bungalow: Terraced (including end-terrace),68,43,25,19,6
S01007501,Flat maisonette or apartment or mobile/temporary accommodation,26,26,0,0,0
S01007502,All household spaces,280,248,32,17,15
S01007502,Whole house or bungalow: Total,260,233,27,12,15
S01007502,Whole house or bungalow: Detached,140,124,16,8,8
S01007502,Whole house or bungalow: Semi-detached,70,67,3,2,1
S01007502,Whole house or bungalow: Terraced (including end-terrace),50,42,8,2,6
S01007502,Flat maisonette or apartment or mobile/temporary accommodation,20,15,5,5,0
S01007503,All household spaces,530,482,48,26,22
S01007503,Whole house or bungalow: Total,448,409,39,25,14
S01007503,Whole house or bungalow: Detached,250,221,29,19,10
S01007503,Whole house or bungalow: Semi-detached,144,138,6,4,2
S01007503,Whole house or bungalow: Terraced (including end-terrace),54,50,4,2,2
S01007503,Flat maisonette or apartment or mobile/temporary accommodation,82,73,9,1,8
S01007504,All household spaces,342,321,21,15,6
S01007504,Whole house or bungalow: Total,336,315,21,15,6
S01007504,Whole house or bungalow: Detached,183,169,14,10,4
S01007504,Whole house or bungalow: Semi-detached,92,86,6,5,1
S01007504,Whole house or bungalow: Terraced (including end-terrace),61,60,1,0,1
S01007504,Flat maisonette or apartment or mobile/temporary accommodation,6,6,0,0,0
S01007505,All household spaces,199,179,20,16,4
S01007505,Whole house or bungalow: Total,197,178,19,15,4
S01007505,Whole house or bungalow: Detached,125,108,17,13,4
S01007505,Whole house or bungalow: Semi-detached,61,59,2,2,0
S01007505,Whole house or bungalow: Terraced (including end-terrace),11,11,0,0,0
S01007505,Flat maisonette or apartment or mobile/temporary accommodation,2,1,1,1,0
S01007506,All household spaces,282,237,45,24,21
S01007506,Whole house or bungalow: Total,274,232,42,22,20
S01007506,Whole house or bungalow: Detached,196,170,26,17,9
S01007506,Whole house or bungalow: Semi-detached,53,48,5,2,3
S01007506,Whole house or bungalow: Terraced (including end-terrace),25,14,11,3,8
S01007506,Flat maisonette or apartment or mobile/temporary accommodation,8,5,3,2,1
S01007507,All household spaces,488,455,33,12,21
S01007507,Whole house or bungalow: Total,415,385,30,12,18
S01007507,Whole house or bungalow: Detached,107,101,6,4,2
S01007507,Whole house or bungalow: Semi-detached,162,159,3,0,3
S01007507,Whole house or bungalow: Terraced (including end-terrace),146,125,21,8,13
S01007507,Flat maisonette or apartment or mobile/temporary accommodation,73,70,3,0,3
S01007508,All household spaces,405,329,76,43,33
S01007508,Whole house or bungalow: Total,384,310,74,41,33
S01007508,Whole house or bungalow: Detached,167,144,23,9,14
S01007508,Whole house or bungalow: Semi-detached,112,98,14,6,8
S01007508,Whole house or bungalow: Terraced (including end-terrace),105,68,37,26,11
S01007508,Flat maisonette or apartment or mobile/temporary accommodation,21,19,2,2,0
S01007509,All household spaces,314,274,40,16,24
S01007509,Whole house or bungalow: Total,311,271,40,16,24
S01007509,Whole house or bungalow: Detached,204,178,26,10,16
S01007509,Whole house or bungalow: Semi-detached,69,61,8,4,4
S01007509,Whole house or bungalow: Terraced (including end-terrace),38,32,6,2,4
S01007509,Flat maisonette or apartment or mobile/temporary accommodation,3,3,0,0,0
S01007510,All household spaces,562,459,103,65,38
S01007510,Whole house or bungalow: Total,517,422,95,63,32
S01007510,Whole house or bungalow: Detached,289,225,64,45,19
S01007510,Whole house or bungalow: Semi-detached,133,122,11,6,5
S01007510,Whole house or bungalow: Terraced (including end-terrace),95,75,20,12,8
S01007510,Flat maisonette or apartment or mobile/temporary accommodation,45,37,8,2,6
S01007511,All household spaces,434,370,64,23,41
S01007511,Whole house or bungalow: Total,409,350,59,21,38
S01007511,Whole house or bungalow: Detached,111,96,15,6,9
S01007511,Whole house or bungalow: Semi-detached,139,130,9,1,8
S01007511,Whole house or bungalow: Terraced (including end-terrace),159,124,35,14,21
S01007511,Flat maisonette or apartment or mobile/temporary accommodation,25,20,5,2,3
S01007512,All household spaces,334,247,87,68,19
S01007512,Whole house or bungalow: Total,322,236,86,67,19
S01007512,Whole house or bungalow: Detached,190,150,40,33,7
S01007512,Whole house or bungalow: Semi-detached,64,53,11,6,5
S01007512,Whole house or bungalow: Terraced (including end-terrace),68,33,35,28,7
S01007512,Flat maisonette or apartment or mobile/temporary accommodation,12,11,1,1,0
S01007513,All household spaces,485,468,17,4,13
S01007513,Whole house or bungalow: Total,404,388,16,4,12
S01007513,Whole house or bungalow: Detached,105,98,7,3,4
S01007513,Whole house or bungalow: Semi-detached,212,211,1,0,1
S01007513,Whole house or bungalow: Terraced (including end-terrace),87,79,8,1,7
S01007513,Flat maisonette or apartment or mobile/temporary accommodation,81,80,1,0,1
S01007514,All household spaces,272,247,25,9,16
S01007514,Whole house or bungalow: Total,186,171,15,7,8
S01007514,Whole house or bungalow: Detached,40,35,5,4,1
S01007514,Whole house or bungalow: Semi-detached,76,73,3,1,2
S01007514,Whole house or bungalow: Terraced (including end-terrace),70,63,7,2,5
S01007514,Flat maisonette or apartment or mobile/temporary accommodation,86,76,10,2,8
S01007515,All household spaces,271,254,17,3,14
S01007515,Whole house or bungalow: Total,247,233,14,3,11
S01007515,Whole house or bungalow: Detached,200,188,12,2,10
S01007515,Whole house or bungalow: Semi-detached,33,33,0,0,0
S01007515,Whole house or bungalow: Terraced (including end-terrace),14,12,2,1,1
S01007515,Flat maisonette or apartment or mobile/temporary accommodation,24,21,3,0,3
S01007516,All household spaces,280,257,23,10,13
S01007516,Whole house or bungalow: Total,245,227,18,7,11
S01007516,Whole house or bungalow: Detached,32,29,3,0,3
S01007516,Whole house or bungalow: Semi-detached,141,135,6,2,4
S01007516,Whole house or bungalow: Terraced (including end-terrace),72,63,9,5,4
S01007516,Flat maisonette or apartment or mobile/temporary accommodation,35,30,5,3,2
S01007517,All household spaces,245,224,21,9,12
S01007517,Whole house or bungalow: Total,209,188,21,9,12
S01007517,Whole house or bungalow: Detached,113,109,4,3,1
S01007517,Whole house or bungalow: Semi-detached,50,47,3,1,2
S01007517,Whole house or bungalow: Terraced (including end-terrace),46,32,14,5,9
S01007517,Flat maisonette or apartment or mobile/temporary accommodation,36,36,0,0,0
S01007518,All household spaces,389,381,8,7,1
S01007518,Whole house or bungalow: Total,366,358,8,7,1
S01007518,Whole house or bungalow: Detached,101,97,4,4,0
S01007518,Whole house or bungalow: Semi-detached,181,181,0,0,0
S01007518,Whole house or bungalow: Terraced (including end-terrace),84,80,4,3,1
S01007518,Flat maisonette or apartment or mobile/temporary accommodation,23,23,0,0,0
S01007519,All household spaces,260,215,45,32,13
S01007519,Whole house or bungalow: Total,254,210,44,31,13
S01007519,Whole house or bungalow: Detached,172,140,32,25,7
S01007519,Whole house or bungalow: Semi-detached,75,64,11,5,6
S01007519,Whole house or bungalow: Terraced (including end-terrace),7,6,1,1,0
S01007519,Flat maisonette or apartment or mobile/temporary accommodation,6,5,1,1,0
S01007520,All household spaces,530,446,84,69,15
S01007520,Whole house or bungalow: Total,509,427,82,69,13
S01007520,Whole house or bungalow: Detached,198,153,45,38,7
S01007520,Whole house or bungalow: Semi-detached,155,138,17,13,4
S01007520,Whole house or bungalow: Terraced (including end-terrace),156,136,20,18,2
S01007520,Flat maisonette or apartment or mobile/temporary accommodation,21,19,2,0,2
S01007521,All household spaces,294,202,92,79,13
S01007521,Whole house or bungalow: Total,285,193,92,79,13
S01007521,Whole house or bungalow: Detached,238,155,83,70,13
S01007521,Whole house or bungalow: Semi-detached,41,34,7,7,0
S01007521,Whole house or bungalow: Terraced (including end-terrace),6,4,2,2,0
S01007521,Flat maisonette or apartment or mobile/temporary accommodation,9,9,0,0,0
S01007522,All household spaces,557,476,81,50,31
S01007522,Whole house or bungalow: Total,505,434,71,43,28
S01007522,Whole house or bungalow: Detached,157,142,15,9,6
S01007522,Whole house or bungalow: Semi-detached,131,124,7,5,2
S01007522,Whole house or bungalow: Terraced (including end-terrace),217,168,49,29,20
S01007522,Flat maisonette or apartment or mobile/temporary accommodation,52,42,10,7,3
S01007523,All household spaces,272,229,43,33,10
S01007523,Whole house or bungalow: Total,265,223,42,32,10
S01007523,Whole house or bungalow: Detached,182,145,37,28,9
S01007523,Whole house or bungalow: Semi-detached,49,47,2,1,1
S01007523,Whole house or bungalow: Terraced (including end-terrace),34,31,3,3,0
S01007523,Flat maisonette or apartment or mobile/temporary accommodation,7,6,1,1,0
S01007524,All household spaces,461,385,76,63,13
S01007524,Whole house or bungalow: Total,430,357,73,60,13
S01007524,Whole house or bungalow: Detached,271,217,54,46,8
S01007524,Whole house or bungalow: Semi-detached,114,107,7,3,4
S01007524,Whole house or bungalow: Terraced (including end-terrace),45,33,12,11,1
S01007524,Flat maisonette or apartment or mobile/temporary accommodation,31,28,3,3,0
S01007525,All household spaces,252,237,15,13,2
S01007525,Whole house or bungalow: Total,248,233,15,13,2
S01007525,Whole house or bungalow: Detached,73,60,13,12,1
S01007525,Whole house or bungalow: Semi-detached,125,124,1,0,1
S01007525,Whole house or bungalow: Terraced (including end-terrace),50,49,1,1,0
S01007525,Flat maisonette or apartment or mobile/temporary accommodation,4,4,0,0,0
S01007526,All household spaces,452,385,67,41,26
S01007526,Whole house or bungalow: Total,305,243,62,38,24
S01007526,Whole house or bungalow: Detached,39,32,7,3,4
S01007526,Whole house or bungalow: Semi-detached,84,76,8,1,7
S01007526,Whole house or bungalow: Terraced (including end-terrace),182,135,47,34,13
S01007526,Flat maisonette or apartment or mobile/temporary accommodation,147,142,5,3,2
S01007527,All household spaces,393,374,19,11,8
S01007527,Whole house or bungalow: Total,373,354,19,11,8
S01007527,Whole house or bungalow: Detached,177,164,13,11,2
S01007527,Whole house or bungalow: Semi-detached,99,99,0,0,0
S01007527,Whole house or bungalow: Terraced (including end-terrace),97,91,6,0,6
S01007527,Flat maisonette or apartment or mobile/temporary accommodation,20,20,0,0,0
S01007528,All household spaces,388,363,25,15,10
S01007528,Whole house or bungalow: Total,269,257,12,9,3
S01007528,Whole house or bungalow: Detached,46,40,6,5,1
S01007528,Whole house or bungalow: Semi-detached,129,126,3,2,1
S01007528,Whole house or bungalow: Terraced (including end-terrace),94,91,3,2,1
S01007528,Flat maisonette or apartment or mobile/temporary accommodation,119,106,13,6,7
S01007529,All household spaces,327,308,19,10,9
S01007529,Whole house or bungalow: Total,295,276,19,10,9
S01007529,Whole house or bungalow: Detached,240,224,16,7,9
S01007529,Whole house or bungalow: Semi-detached,38,38,0,0,0
S01007529,Whole house or bungalow: Terraced (including end-terrace),17,14,3,3,0
S01007529,Flat maisonette or apartment or mobile/temporary accommodation,32,32,0,0,0
S01007530,All household spaces,249,223,26,22,4
S01007530,Whole house or bungalow: Total,247,221,26,22,4
S01007530,Whole house or bungalow: Detached,168,150,18,15,3
S01007530,Whole house or bungalow: Semi-detached,70,66,4,3,1
S01007530,Whole house or bungalow: Terraced (including end-terrace),9,5,4,4,0
S01007530,Flat maisonette or apartment or mobile/temporary accommodation,2,2,0,0,0
S01007531,All household spaces,362,313,49,44,5
S01007531,Whole house or bungalow: Total,345,299,46,42,4
S01007531,Whole house or bungalow: Detached,201,168,33,31,2
S01007531,Whole house or bungalow: Semi-detached,96,94,2,1,1
S01007531,Whole house or bungalow: Terraced (including end-terrace),48,37,11,10,1
S01007531,Flat maisonette or apartment or mobile/temporary accommodation,17,14,3,2,1
S01007532,All household spaces,256,248,8,4,4
S01007532,Whole house or bungalow: Total,247,239,8,4,4
S01007532,Whole house or bungalow: Detached,107,103,4,4,0
S01007532,Whole house or bungalow: Semi-detached,90,87,3,0,3
S01007532,Whole house or bungalow: Terraced (including end-terrace),50,49,1,0,1
S01007532,Flat maisonette or apartment or mobile/temporary accommodation,9,9,0,0,0
S01007533,All household spaces,245,222,23,16,7
S01007533,Whole house or bungalow: Total,242,219,23,16,7
S01007533,Whole house or bungalow: Detached,159,138,21,16,5
S01007533,Whole house or bungalow: Semi-detached,56,54,2,0,2
S01007533,Whole house or bungalow: Terraced (including end-terrace),27,27,0,0,0
S01007533,Flat maisonette or apartment or mobile/temporary accommodation,3,3,0,0,0
S01007534,All household spaces,432,428,4,2,2
S01007534,Whole house or bungalow: Total,361,359,2,1,1
S01007534,Whole house or bungalow: Detached,87,86,1,1,0
S01007534,Whole house or bungalow: Semi-detached,165,165,0,0,0
S01007534,Whole house or bungalow: Terraced (including end-terrace),109,108,1,0,1
S01007534,Flat maisonette or apartment or mobile/temporary accommodation,71,69,2,1,1
S01007535,All household spaces,503,492,11,4,7
S01007535,Whole house or bungalow: Total,381,372,9,3,6
S01007535,Whole house or bungalow: Detached,185,182,3,0,3
S01007535,Whole house or bungalow: Semi-detached,140,136,4,3,1
S01007535,Whole house or bungalow: Terraced (including end-terrace),56,54,2,0,2
S01007535,Flat maisonette or apartment or mobile/temporary accommodation,122,120,2,1,1
S01007536,All household spaces,464,443,21,2,19
S01007536,Whole house or bungalow: Total,382,369,13,2,11
S01007536,Whole house or bungalow: Detached,67,66,1,1,0
S01007536,Whole house or bungalow: Semi-detached,170,165,5,1,4
S01007536,Whole house or bungalow: Terraced (including end-terrace),145,138,7,0,7
S01007536,Flat maisonette or apartment or mobile/temporary accommodation,82,74,8,0,8
S01007537,All household spaces,543,518,25,14,11
S01007537,Whole house or bungalow: Total,364,348,16,10,6
S01007537,Whole house or bungalow: Detached,174,166,8,5,3
S01007537,Whole house or bungalow: Semi-detached,101,99,2,2,0
S01007537,Whole house or bungalow: Terraced (including end-terrace),89,83,6,3,3
S01007537,Flat maisonette or apartment or mobile/temporary accommodation,179,170,9,4,5
S01007538,All household spaces,405,366,39,20,19
S01007538,Whole house or bungalow: Total,388,352,36,19,17
S01007538,Whole house or bungalow: Detached,273,247,26,11,15
S01007538,Whole house or bungalow: Semi-detached,93,89,4,3,1
S01007538,Whole house or bungalow: Terraced (including end-terrace),22,16,6,5,1
S01007538,Flat maisonette or apartment or mobile/temporary accommodation,17,14,3,1,2
S01007539,All household spaces,360,331,29,3,26
S01007539,Whole house or bungalow: Total,341,313,28,3,25
S01007539,Whole house or bungalow: Detached,224,205,19,1,18
S01007539,Whole house or bungalow: Semi-detached,45,45,0,0,0
S01007539,Whole house or bungalow: Terraced (including end-terrace),72,63,9,2,7
S01007539,Flat maisonette or apartment or mobile/temporary accommodation,19,18,1,0,1
S01007540,All household spaces,469,450,19,1,18
S01007540,Whole house or bungalow: Total,370,358,12,1,11
S01007540,Whole house or bungalow: Detached,98,92,6,0,6
S01007540,Whole house or bungalow: Semi-detached,111,110,1,0,1
S01007540,Whole house or bungalow: Terraced (including end-terrace),161,156,5,1,4
S01007540,Flat maisonette or apartment or mobile/temporary accommodation,99,92,7,0,7
S01007541,All household spaces,363,337,26,11,15
S01007541,Whole house or bungalow: Total,354,329,25,11,14
S01007541,Whole house or bungalow: Detached,132,127,5,1,4
S01007541,Whole house or bungalow: Semi-detached,156,145,11,4,7
S01007541,Whole house or bungalow: Terraced (including end-terrace),66,57,9,6,3
S01007541,Flat maisonette or apartment or mobile/temporary accommodation,9,8,1,0,1
S01007542,All household spaces,444,416,28,12,16
S01007542,Whole house or bungalow: Total,304,282,22,12,10
S01007542,Whole house or bungalow: Detached,59,56,3,2,1
S01007542,Whole house or bungalow: Semi-detached,124,120,4,1,3
S01007542,Whole house or bungalow: Terraced (including end-terrace),121,106,15,9,6
S01007542,Flat maisonette or apartment or mobile/temporary accommodation,140,134,6,0,6
S01007543,All household spaces,502,481,21,4,17
S01007543,Whole house or bungalow: Total,469,450,19,4,15
S01007543,Whole house or bungalow: Detached,82,79,3,0,3
S01007543,Whole house or bungalow: Semi-detached,170,167,3,1,2
S01007543,Whole house or bungalow: Terraced (including end-terrace),217,204,13,3,10
S01007543,Flat maisonette or apartment or mobile/temporary accommodation,33,31,2,0,2
S01007544,All household spaces,684,496,188,153,35
S01007544,Whole house or bungalow: Total,659,489,170,143,27
S01007544,Whole house or bungalow: Detached,575,417,158,134,24
S01007544,Whole house or bungalow: Semi-detached,60,53,7,5,2
S01007544,Whole house or bungalow: Terraced (including end-terrace),24,19,5,4,1
S01007544,Flat maisonette or apartment or mobile/temporary accommodation,25,7,18,10,8
S01007545,All household spaces,391,359,32,5,27
S01007545,Whole house or bungalow: Total,386,354,32,5,27
S01007545,Whole house or bungalow: Detached,256,236,20,4,16
S01007545,Whole house or bungalow: Semi-detached,102,96,6,0,6
S01007545,Whole house or bungalow: Terraced (including end-terrace),28,22,6,1,5
S01007545,Flat maisonette or apartment or mobile/temporary accommodation,5,5,0,0,0
S01007546,All household spaces,237,223,14,12,2
S01007546,Whole house or bungalow: Total,236,222,14,12,2
S01007546,Whole house or bungalow: Detached,167,161,6,5,1
S01007546,Whole house or bungalow: Semi-detached,57,53,4,3,1
S01007546,Whole house or bungalow: Terraced (including end-terrace),12,8,4,4,0
S01007546,Flat maisonette or apartment or mobile/temporary accommodation,1,1,0,0,0
S01007547,All household spaces,263,239,24,16,8
S01007547,Whole house or bungalow: Total,253,229,24,16,8
S01007547,Whole house or bungalow: Detached,157,141,16,10,6
S01007547,Whole house or bungalow: Semi-detached,67,61,6,5,1
S01007547,Whole house or bungalow: Terraced (including end-terrace),29,27,2,1,1
S01007547,Flat maisonette or apartment or mobile/temporary accommodation,10,10,0,0,0
S01007548,All household spaces,333,304,29,11,18
S01007548,Whole house or bungalow: Total,325,297,28,11,17
S01007548,Whole house or bungalow: Detached,125,114,11,5,6
S01007548,Whole house or bungalow: Semi-detached,134,129,5,0,5
S01007548,Whole house or bungalow: Terraced (including end-terrace),66,54,12,6,6
S01007548,Flat maisonette or apartment or mobile/temporary accommodation,8,7,1,0,1
S01007549,All household spaces,347,298,49,31,18
S01007549,Whole house or bungalow: Total,338,289,49,31,18
S01007549,Whole house or bungalow: Detached,170,145,25,17,8
S01007549,Whole house or bungalow: Semi-detached,121,109,12,3,9
S01007549,Whole house or bungalow: Terraced (including end-terrace),47,35,12,11,1
S01007549,Flat maisonette or apartment or mobile/temporary accommodation,9,9,0,0,0
S01007550,All household spaces,525,449,76,66,10
S01007550,Whole house or bungalow: Total,502,429,73,64,9
S01007550,Whole house or bungalow: Detached,218,181,37,32,5
S01007550,Whole house or bungalow: Semi-detached,152,145,7,6,1
S01007550,Whole house or bungalow: Terraced (including end-terrace),132,103,29,26,3
S01007550,Flat maisonette or apartment or mobile/temporary accommodation,23,20,3,2,1
S01007551,All household spaces,470,395,75,60,15
S01007551,Whole house or bungalow: Total,460,386,74,59,15
S01007551,Whole house or bungalow: Detached,333,277,56,45,11
S01007551,Whole house or bungalow: Semi-detached,90,86,4,1,3
S01007551,Whole house or bungalow: Terraced (including end-terrace),37,23,14,13,1
S01007551,Flat maisonette or apartment or mobile/temporary accommodation,10,9,1,1,0
S01007552,All household spaces,429,401,28,3,25
S01007552,Whole house or bungalow: Total,367,343,24,3,21
S01007552,Whole house or bungalow: Detached,71,64,7,1,6
S01007552,Whole house or bungalow: Semi-detached,121,118,3,1,2
S01007552,Whole house or bungalow: Terraced (including end-terrace),175,161,14,1,13
S01007552,Flat maisonette or apartment or mobile/temporary accommodation,62,58,4,0,4
S01007553,All household spaces,381,376,5,0,5
S01007553,Whole house or bungalow: Total,355,351,4,0,4
S01007553,Whole house or bungalow: Detached,40,40,0,0,0
S01007553,Whole house or bungalow: Semi-detached,179,178,1,0,1
S01007553,Whole house or bungalow: Terraced (including end-terrace),136,133,3,0,3
S01007553,Flat maisonette or apartment or mobile/temporary accommodation,26,25,1,0,1
S01007554,All household spaces,227,221,6,0,6
S01007554,Whole house or bungalow: Total,221,215,6,0,6
S01007554,Whole house or bungalow: Detached,16,16,0,0,0
S01007554,Whole house or bungalow: Semi-detached,164,162,2,0,2
S01007554,Whole house or bungalow: Terraced (including end-terrace),41,37,4,0,4
S01007554,Flat maisonette or apartment or mobile/temporary accommodation,6,6,0,0,0
S01007555,All household spaces,253,238,15,2,13
S01007555,Whole house or bungalow: Total,248,233,15,2,13
S01007555,Whole house or bungalow: Detached,110,104,6,2,4
S01007555,Whole house or bungalow: Semi-detached,103,99,4,0,4
S01007555,Whole house or bungalow: Terraced (including end-terrace),35,30,5,0,5
S01007555,Flat maisonette or apartment or mobile/temporary accommodation,5,5,0,0,0
S01007556,All household spaces,237,227,10,0,10
S01007556,Whole house or bungalow: Total,164,156,8,0,8
S01007556,Whole house or bungalow: Detached,29,28,1,0,1
S01007556,Whole house or bungalow: Semi-detached,59,56,3,0,3
S01007556,Whole house or bungalow: Terraced (including end-terrace),76,72,4,0,4
S01007556,Flat maisonette or apartment or mobile/temporary accommodation,73,71,2,0,2
S01007557,All household spaces,483,478,5,1,4
S01007557,Whole house or bungalow: Total,392,388,4,0,4
S01007557,Whole house or bungalow: Detached,26,25,1,0,1
S01007557,Whole house or bungalow: Semi-detached,256,253,3,0,3
S01007557,Whole house or bungalow: Terraced (including end-terrace),110,110,0,0,0
S01007557,Flat maisonette or apartment or mobile/temporary accommodation,91,90,1,1,0
S01007558,All household spaces,228,189,39,22,17
S01007558,Whole house or bungalow: Total,227,188,39,22,17
S01007558,Whole house or bungalow: Detached,112,101,11,4,7
S01007558,Whole house or bungalow: Semi-detached,55,44,11,7,4
S01007558,Whole house or bungalow: Terraced (including end-terrace),60,43,17,11,6
S01007558,Flat maisonette or apartment or mobile/temporary accommodation,1,1,0,0,0
S01007559,All household spaces,356,308,48,22,26
S01007559,Whole house or bungalow: Total,347,300,47,21,26
S01007559,Whole house or bungalow: Detached,208,179,29,13,16
S01007559,Whole house or bungalow: Semi-detached,91,83,8,1,7
S01007559,Whole house or bungalow: Terraced (including end-terrace),48,38,10,7,3
S01007559,Flat maisonette or apartment or mobile/temporary accommodation,9,8,1,1,0
S01007560,All household spaces,462,440,22,11,11
S01007560,Whole house or bungalow: Total,415,398,17,7,10
S01007560,Whole house or bungalow: Detached,121,118,3,1,2
S01007560,Whole house or bungalow: Semi-detached,145,144,1,1,0
S01007560,Whole house or bungalow: Terraced (including end-terrace),149,136,13,5,8
S01007560,Flat maisonette or apartment or mobile/temporary accommodation,47,42,5,4,1
S01007561,All household spaces,374,357,17,2,15
S01007561,Whole house or bungalow: Total,369,352,17,2,15
S01007561,Whole house or bungalow: Detached,78,75,3,0,3
S01007561,Whole house or bungalow: Semi-detached,167,163,4,1,3
S01007561,Whole house or bungalow: Terraced (including end-terrace),124,114,10,1,9
S01007561,Flat maisonette or apartment or mobile/temporary accommodation,5,5,0,0,0
S01007562,All household spaces,400,365,35,24,11
S01007562,Whole house or bungalow: Total,395,360,35,24,11
S01007562,Whole house or bungalow: Detached,201,170,31,20,11
S01007562,Whole house or bungalow: Semi-detached,135,135,0,0,0
S01007562,Whole house or bungalow: Terraced (including end-terrace),59,55,4,4,0
S01007562,Flat maisonette or apartment or mobile/temporary accommodation,5,5,0,0,0
S01007563,All household spaces,450,396,54,41,13
S01007563,Whole house or bungalow: Total,441,389,52,39,13
S01007563,Whole house or bungalow: Detached,219,190,29,23,6
S01007563,Whole house or bungalow: Semi-detached,140,130,10,8,2
S01007563,Whole house or bungalow: Terraced (including end-terrace),82,69,13,8,5
S01007563,Flat maisonette or apartment or mobile/temporary accommodation,9,7,2,2,0
S01007564,All household spaces,345,323,22,6,16
S01007564,Whole house or bungalow: Total,335,313,22,6,16
S01007564,Whole house or bungalow: Detached,228,218,10,3,7
S01007564,Whole house or bungalow: Semi-detached,80,75,5,2,3
S01007564,Whole house or bungalow: Terraced (including end-terrace),27,20,7,1,6
S01007564,Flat maisonette or apartment or mobile/temporary accommodation,10,10,0,0,0
S01007565,All household spaces,421,396,25,7,18
S01007565,Whole house or bungalow: Total,407,387,20,5,15
S01007565,Whole house or bungalow: Detached,204,194,10,3,7
S01007565,Whole house or bungalow: Semi-detached,132,127,5,1,4
S01007565,Whole house or bungalow: Terraced (including end-terrace),71,66,5,1,4
S01007565,Flat maisonette or apartment or mobile/temporary accommodation,14,9,5,2,3
S01007566,All household spaces,289,275,14,4,10
S01007566,Whole house or bungalow: Total,281,268,13,3,10
S01007566,Whole house or bungalow: Detached,146,139,7,0,7
S01007566,Whole house or bungalow: Semi-detached,113,108,5,2,3
S01007566,Whole house or bungalow: Terraced (including end-terrace),22,21,1,1,0
S01007566,Flat maisonette or apartment or mobile/temporary accommodation,8,7,1,1,0
S01007567,All household spaces,246,233,13,8,5
S01007567,Whole house or bungalow: Total,243,231,12,7,5
S01007567,Whole house or bungalow: Detached,186,177,9,6,3
S01007567,Whole house or bungalow: Semi-detached,52,50,2,1,1
S01007567,Whole house or bungalow: Terraced (including end-terrace),5,4,1,0,1
S01007567,Flat maisonette or apartment or mobile/temporary accommodation,3,2,1,1,0
S01007568,All household spaces,314,295,19,5,14
S01007568,Whole house or bungalow: Total,304,286,18,5,13
S01007568,Whole house or bungalow: Detached,189,177,12,3,9
S01007568,Whole house or bungalow: Semi-detached,73,68,5,2,3
S01007568,Whole house or bungalow: Terraced (including end-terrace),42,41,1,0,1
S01007568,Flat maisonette or apartment or mobile/temporary accommodation,10,9,1,0,1
S01007569,All household spaces,365,342,23,8,15
S01007569,Whole house or bungalow: Total,325,305,20,8,12
S01007569,Whole house or bungalow: Detached,196,185,11,5,6
S01007569,Whole house or bungalow: Semi-detached,88,82,6,3,3
S01007569,Whole house or bungalow: Terraced (including end-terrace),41,38,3,0,3
S01007569,Flat maisonette or apartment or mobile/temporary accommodation,40,37,3,0,3
S01007570,All household spaces,306,295,11,1,10
S01007570,Whole house or bungalow: Total,300,290,10,1,9
S01007570,Whole house or bungalow: Detached,187,181,6,0,6
S01007570,Whole house or bungalow: Semi-detached,96,93,3,0,3
S01007570,Whole house or bungalow: Terraced (including end-terrace),17,16,1,1,0
S01007570,Flat maisonette or apartment or mobile/temporary accommodation,6,5,1,0,1
S01007571,All household spaces,256,240,16,4,12
S01007571,Whole house or bungalow: Total,245,229,16,4,12
S01007571,Whole house or bungalow: Detached,188,175,13,4,9
S01007571,Whole house or bungalow: Semi-detached,47,45,2,0,2
S01007571,Whole house or bungalow: Terraced (including end-terrace),10,9,1,0,1
S01007571,Flat maisonette or apartment or mobile/temporary accommodation,11,11,0,0,0
S01007572,All household spaces,382,370,12,0,12
S01007572,Whole house or bungalow: Total,323,316,7,0,7
S01007572,Whole house or bungalow: Detached,205,203,2,0,2
S01007572,Whole house or bungalow: Semi-detached,87,84,3,0,3
S01007572,Whole house or bungalow: Terraced (including end-terrace),31,29,2,0,2
S01007572,Flat maisonette or apartment or mobile/temporary accommodation,59,54,5,0,5
S01007573,All household spaces,336,329,7,0,7
S01007573,Whole house or bungalow: Total,329,322,7,0,7
S01007573,Whole house or bungalow: Detached,223,218,5,0,5
S01007573,Whole house or bungalow: Semi-detached,99,97,2,0,2
S01007573,Whole house or bungalow: Terraced (including end-terrace),7,7,0,0,0
S01007573,Flat maisonette or apartment or mobile/temporary accommodation,7,7,0,0,0
S01007574,All household spaces,443,438,5,0,5
S01007574,Whole house or bungalow: Total,435,431,4,0,4
S01007574,Whole house or bungalow: Detached,33,33,0,0,0
S01007574,Whole house or bungalow: Semi-detached,103,102,1,0,1
S01007574,Whole house or bungalow: Terraced (including end-terrace),299,296,3,0,3
S01007574,Flat maisonette or apartment or mobile/temporary accommodation,8,7,1,0,1
S01007575,All household spaces,469,452,17,0,17
S01007575,Whole house or bungalow: Total,337,331,6,0,6
S01007575,Whole house or bungalow: Detached,29,29,0,0,0
S01007575,Whole house or bungalow: Semi-detached,76,75,1,0,1
S01007575,Whole house or bungalow: Terraced (including end-terrace),232,227,5,0,5
S01007575,Flat maisonette or apartment or mobile/temporary accommodation,132,121,11,0,11
S01007576,All household spaces,362,344,18,0,18
S01007576,Whole house or bungalow: Total,179,176,3,0,3
S01007576,Whole house or bungalow: Detached,17,17,0,0,0
S01007576,Whole house or bungalow: Semi-detached,76,75,1,0,1
S01007576,Whole house or bungalow: Terraced (including end-terrace),86,84,2,0,2
S01007576,Flat maisonette or apartment or mobile/temporary accommodation,183,168,15,0,15
S01007577,All household spaces,309,296,13,0,13
S01007577,Whole house or bungalow: Total,172,168,4,0,4
S01007577,Whole house or bungalow: Detached,8,8,0,0,0
S01007577,Whole house or bungalow: Semi-detached,85,85,0,0,0
S01007577,Whole house or bungalow: Terraced (including end-terrace),79,75,4,0,4
S01007577,Flat maisonette or apartment or mobile/temporary accommodation,137,128,9,0,9
S01007578,All household spaces,346,332,14,0,14
S01007578,Whole house or bungalow: Total,206,201,5,0,5
S01007578,Whole house or bungalow: Detached,8,8,0,0,0
S01007578,Whole house or bungalow: Semi-detached,73,73,0,0,0
S01007578,Whole house or bungalow: Terraced (including end-terrace),125,120,5,0,5
S01007578,Flat maisonette or apartment or mobile/temporary accommodation,140,131,9,0,9
S01007579,All household spaces,307,298,9,0,9
S01007579,Whole house or bungalow: Total,202,199,3,0,3
S01007579,Whole house or bungalow: Detached,19,19,0,0,0
S01007579,Whole house or bungalow: Semi-detached,73,72,1,0,1
S01007579,Whole house or bungalow: Terraced (including end-terrace),110,108,2,0,2
S01007579,Flat maisonette or apartment or mobile/temporary accommodation,105,99,6,0,6
S01007580,All household spaces,300,293,7,0,7
S01007580,Whole house or bungalow: Total,197,193,4,0,4
S01007580,Whole house or bungalow: Detached,18,18,0,0,0
S01007580,Whole house or bungalow: Semi-detached,91,89,2,0,2
S01007580,Whole house or bungalow: Terraced (including end-terrace),88,86,2,0,2
S01007580,Flat maisonette or apartment or mobile/temporary accommodation,103,100,3,0,3
S01007581,All household spaces,203,198,5,0,5
S01007581,Whole house or bungalow: Total,128,127,1,0,1
S01007581,Whole house or bungalow: Detached,11,11,0,0,0
S01007581,Whole house or bungalow: Semi-detached,56,56,0,0,0
S01007581,Whole house or bungalow: Terraced (including end-terrace),61,60,1,0,1
S01007581,Flat maisonette or apartment or mobile/temporary accommodation,75,71,4,0,4
S01007582,All household spaces,290,285,5,0,5
S01007582,Whole house or bungalow: Total,208,205,3,0,3
S01007582,Whole house or bungalow: Detached,11,11,0,0,0
S01007582,Whole house or bungalow: Semi-detached,74,74,0,0,0
S01007582,Whole house or bungalow: Terraced (including end-terrace),123,120,3,0,3
S01007582,Flat maisonette or apartment or mobile/temporary accommodation,82,80,2,0,2
S01007583,All household spaces,529,519,10,3,7
S01007583,Whole house or bungalow: Total,119,119,0,0,0
S01007583,Whole house or bungalow: Detached,23,23,0,0,0
S01007583,Whole house or bungalow: Semi-detached,48,48,0,0,0
S01007583,Whole house or bungalow: Terraced (including end-terrace),48,48,0,0,0
S01007583,Flat maisonette or apartment or mobile/temporary accommodation,410,400,10,3,7
S01007584,All household spaces,282,279,3,0,3
S01007584,Whole house or bungalow: Total,186,184,2,0,2
S01007584,Whole house or bungalow: Detached,18,18,0,0,0
S01007584,Whole house or bungalow: Semi-detached,83,83,0,0,0
S01007584,Whole house or bungalow: Terraced (including end-terrace),85,83,2,0,2
S01007584,Flat maisonette or apartment or mobile/temporary accommodation,96,95,1,0,1
S01007585,All household spaces,450,438,12,0,12
S01007585,Whole house or bungalow: Total,437,425,12,0,12
S01007585,Whole house or bungalow: Detached,198,189,9,0,9
S01007585,Whole house or bungalow: Semi-detached,204,201,3,0,3
S01007585,Whole house or bungalow: Terraced (including end-terrace),35,35,0,0,0
S01007585,Flat maisonette or apartment or mobile/temporary accommodation,13,13,0,0,0
S01007586,All household spaces,387,377,10,0,10
S01007586,Whole house or bungalow: Total,306,298,8,0,8
S01007586,Whole house or bungalow: Detached,32,31,1,0,1
S01007586,Whole house or bungalow: Semi-detached,140,134,6,0,6
S01007586,Whole house or bungalow: Terraced (including end-terrace),134,133,1,0,1
S01007586,Flat maisonette or apartment or mobile/temporary accommodation,81,79,2,0,2
S01007587,All household spaces,323,306,17,0,17
S01007587,Whole house or bungalow: Total,243,234,9,0,9
S01007587,Whole house or bungalow: Detached,78,77,1,0,1
S01007587,Whole house or bungalow: Semi-detached,91,88,3,0,3
S01007587,Whole house or bungalow: Terraced (including end-terrace),74,69,5,0,5
S01007587,Flat maisonette or apartment or mobile/temporary accommodation,80,72,8,0,8
S01007588,All household spaces,366,360,6,0,6
S01007588,Whole house or bungalow: Total,343,337,6,0,6
S01007588,Whole house or bungalow: Detached,143,141,2,0,2
S01007588,Whole house or bungalow: Semi-detached,144,142,2,0,2
S01007588,Whole house or bungalow: Terraced (including end-terrace),56,54,2,0,2
S01007588,Flat maisonette or apartment or mobile/temporary accommodation,23,23,0,0,0
S01007589,All household spaces,425,408,17,0,17
S01007589,Whole house or bungalow: Total,211,206,5,0,5
S01007589,Whole house or bungalow: Detached,84,84,0,0,0
S01007589,Whole house or bungalow: Semi-detached,73,71,2,0,2
S01007589,Whole house or bungalow: Terraced (including end-terrace),54,51,3,0,3
S01007589,Flat maisonette or apartment or mobile/temporary accommodation,214,202,12,0,12
S01007590,All household spaces,300,289,11,0,11
S01007590,Whole house or bungalow: Total,286,276,10,0,10
S01007590,Whole house or bungalow: Detached,92,89,3,0,3
S01007590,Whole house or bungalow: Semi-detached,171,165,6,0,6
S01007590,Whole house or bungalow: Terraced (including end-terrace),23,22,1,0,1
S01007590,Flat maisonette or apartment or mobile/temporary accommodation,14,13,1,0,1
S01007591,All household spaces,279,272,7,0,7
S01007591,Whole house or bungalow: Total,185,180,5,0,5
S01007591,Whole house or bungalow: Detached,64,64,0,0,0
S01007591,Whole house or bungalow: Semi-detached,78,73,5,0,5
S01007591,Whole house or bungalow: Terraced (including end-terrace),43,43,0,0,0
S01007591,Flat maisonette or apartment or mobile/temporary accommodation,94,92,2,0,2
S01007592,All household spaces,368,353,15,1,14
S01007592,Whole house or bungalow: Total,154,152,2,0,2
S01007592,Whole house or bungalow: Detached,20,20,0,0,0
S01007592,Whole house or bungalow: Semi-detached,96,95,1,0,1
S01007592,Whole house or bungalow: Terraced (including end-terrace),38,37,1,0,1
S01007592,Flat maisonette or apartment or mobile/temporary accommodation,214,201,13,1,12
S01007593,All household spaces,464,453,11,1,10
S01007593,Whole house or bungalow: Total,414,404,10,1,9
S01007593,Whole house or bungalow: Detached,203,196,7,1,6
S01007593,Whole house or bungalow: Semi-detached,136,134,2,0,2
S01007593,Whole house or bungalow: Terraced (including end-terrace),75,74,1,0,1
S01007593,Flat maisonette or apartment or mobile/temporary accommodation,50,49,1,0,1
S01007594,All household spaces,348,334,14,2,12
S01007594,Whole house or bungalow: Total,347,334,13,1,12
S01007594,Whole house or bungalow: Detached,153,144,9,1,8
S01007594,Whole house or bungalow: Semi-detached,147,145,2,0,2
S01007594,Whole house or bungalow: Terraced (including end-terrace),47,45,2,0,2
S01007594,Flat maisonette or apartment or mobile/temporary accommodation,1,0,1,1,0
S01007595,All household spaces,476,443,33,13,20
S01007595,Whole house or bungalow: Total,463,431,32,12,20
S01007595,Whole house or bungalow: Detached,256,229,27,12,15
S01007595,Whole house or bungalow: Semi-detached,145,144,1,0,1
S01007595,Whole house or bungalow: Terraced (including end-terrace),62,58,4,0,4
S01007595,Flat maisonette or apartment or mobile/temporary accommodation,13,12,1,1,0
S01007596,All household spaces,336,275,61,54,7
S01007596,Whole house or bungalow: Total,306,247,59,52,7
S01007596,Whole house or bungalow: Detached,217,174,43,37,6
S01007596,Whole house or bungalow: Semi-detached,54,47,7,6,1
S01007596,Whole house or bungalow: Terraced (including end-terrace),35,26,9,9,0
S01007596,Flat maisonette or apartment or mobile/temporary accommodation,30,28,2,2,0
S01007597,All household spaces,281,254,27,14,13
S01007597,Whole house or bungalow: Total,279,252,27,14,13
S01007597,Whole house or bungalow: Detached,194,180,14,3,11
S01007597,Whole house or bungalow: Semi-detached,68,61,7,5,2
S01007597,Whole house or bungalow: Terraced (including end-terrace),17,11,6,6,0
S01007597,Flat maisonette or apartment or mobile/temporary accommodation,2,2,0,0,0
S01007598,All household spaces,287,266,21,10,11
S01007598,Whole house or bungalow: Total,272,253,19,10,9
S01007598,Whole house or bungalow: Detached,170,159,11,7,4
S01007598,Whole house or bungalow: Semi-detached,57,54,3,1,2
S01007598,Whole house or bungalow: Terraced (including end-terrace),45,40,5,2,3
S01007598,Flat maisonette or apartment or mobile/temporary accommodation,15,13,2,0,2
S01007599,All household spaces,372,361,11,0,11
S01007599,Whole house or bungalow: Total,357,346,11,0,11
S01007599,Whole house or bungalow: Detached,84,80,4,0,4
S01007599,Whole house or bungalow: Semi-detached,140,139,1,0,1
S01007599,Whole house or bungalow: Terraced (including end-terrace),133,127,6,0,6
S01007599,Flat maisonette or apartment or mobile/temporary accommodation,15,15,0,0,0
S01007600,All household spaces,538,510,28,1,27
S01007600,Whole house or bungalow: Total,336,317,19,1,18
S01007600,Whole house or bungalow: Detached,185,181,4,0,4
S01007600,Whole house or bungalow: Semi-detached,109,107,2,1,1
S01007600,Whole house or bungalow: Terraced (including end-terrace),42,29,13,0,13
S01007600,Flat maisonette or apartment or mobile/temporary accommodation,202,193,9,0,9
S01007601,All household spaces,301,300,1,0,1
S01007601,Whole house or bungalow: Total,254,253,1,0,1
S01007601,Whole house or bungalow: Detached,62,62,0,0,0
S01007601,Whole house or bungalow: Semi-detached,94,93,1,0,1
S01007601,Whole house or bungalow: Terraced (including end-terrace),98,98,0,0,0
S01007601,Flat maisonette or apartment or mobile/temporary accommodation,47,47,0,0,0
S01007602,All household spaces,273,269,4,0,4
S01007602,Whole house or bungalow: Total,259,255,4,0,4
S01007602,Whole house or bungalow: Detached,111,110,1,0,1
S01007602,Whole house or bungalow: Semi-detached,129,127,2,0,2
S01007602,Whole house or bungalow: Terraced (including end-terrace),19,18,1,0,1
S01007602,Flat maisonette or apartment or mobile/temporary accommodation,14,14,0,0,0
S01007603,All household spaces,316,309,7,0,7
S01007603,Whole house or bungalow: Total,309,303,6,0,6
S01007603,Whole house or bungalow: Detached,209,206,3,0,3
S01007603,Whole house or bungalow: Semi-detached,79,77,2,0,2
S01007603,Whole house or bungalow: Terraced (including end-terrace),21,20,1,0,1
S01007603,Flat maisonette or apartment or mobile/temporary accommodation,7,6,1,0,1
S01007604,All household spaces,391,389,2,0,2
S01007604,Whole house or bungalow: Total,387,385,2,0,2
S01007604,Whole house or bungalow: Detached,274,272,2,0,2
S01007604,Whole house or bungalow: Semi-detached,107,107,0,0,0
S01007604,Whole house or bungalow: Terraced (including end-terrace),6,6,0,0,0
S01007604,Flat maisonette or apartment or mobile/temporary accommodation,4,4,0,0,0
S01007605,All household spaces,366,364,2,0,2
S01007605,Whole house or bungalow: Total,363,361,2,0,2
S01007605,Whole house or bungalow: Detached,186,184,2,0,2
S01007605,Whole house or bungalow: Semi-detached,166,166,0,0,0
S01007605,Whole house or bungalow: Terraced (including end-terrace),11,11,0,0,0
S01007605,Flat maisonette or apartment or mobile/temporary accommodation,3,3,0,0,0
S01007606,All household spaces,324,314,10,0,10
S01007606,Whole house or bungalow: Total,257,250,7,0,7
S01007606,Whole house or bungalow: Detached,82,80,2,0,2
S01007606,Whole house or bungalow: Semi-detached,169,164,5,0,5
S01007606,Whole house or bungalow: Terraced (including end-terrace),6,6,0,0,0
S01007606,Flat maisonette or apartment or mobile/temporary accommodation,67,64,3,0,3
S01007607,All household spaces,300,294,6,1,5
S01007607,Whole house or bungalow: Total,297,291,6,1,5
S01007607,Whole house or bungalow: Detached,104,101,3,1,2
S01007607,Whole house or bungalow: Semi-detached,182,180,2,0,2
S01007607,Whole house or bungalow: Terraced (including end-terrace),11,10,1,0,1
S01007607,Flat maisonette or apartment or mobile/temporary accommodation,3,3,0,0,0
S01007608,All household spaces,321,308,13,0,13
S01007608,Whole house or bungalow: Total,310,297,13,0,13
S01007608,Whole house or bungalow: Detached,109,106,3,0,3
S01007608,Whole house or bungalow: Semi-detached,193,186,7,0,7
S01007608,Whole house or bungalow: Terraced (including end-terrace),8,5,3,0,3
S01007608,Flat maisonette or apartment or mobile/temporary accommodation,11,11,0,0,0
S01007609,All household spaces,465,447,18,0,18
S01007609,Whole house or bungalow: Total,203,201,2,0,2
S01007609,Whole house or bungalow: Detached,36,36,0,0,0
S01007609,Whole house or bungalow: Semi-detached,89,89,0,0,0
S01007609,Whole house or bungalow: Terraced (including end-terrace),78,76,2,0,2
S01007609,Flat maisonette or apartment or mobile/temporary accommodation,262,246,16,0,16
S01007610,All household spaces,265,255,10,1,9
S01007610,Whole house or bungalow: Total,105,99,6,1,5
S01007610,Whole house or bungalow: Detached,23,21,2,0,2
S01007610,Whole house or bungalow: Semi-detached,58,57,1,0,1
S01007610,Whole house or bungalow: Terraced (including end-terrace),24,21,3,1,2
S01007610,Flat maisonette or apartment or mobile/temporary accommodation,160,156,4,0,4
S01007611,All household spaces,582,538,44,1,43
S01007611,Whole house or bungalow: Total,156,149,7,1,6
S01007611,Whole house or bungalow: Detached,19,16,3,1,2
S01007611,Whole house or bungalow: Semi-detached,63,61,2,0,2
S01007611,Whole house or bungalow: Terraced (including end-terrace),74,72,2,0,2
S01007611,Flat maisonette or apartment or mobile/temporary accommodation,426,389,37,0,37
S01007612,All household spaces,672,609,63,0,63
S01007612,Whole house or bungalow: Total,147,136,11,0,11
S01007612,Whole house or bungalow: Detached,23,22,1,0,1
S01007612,Whole house or bungalow: Semi-detached,35,35,0,0,0
S01007612,Whole house or bungalow: Terraced (including end-terrace),89,79,10,0,10
S01007612,Flat maisonette or apartment or mobile/temporary accommodation,525,473,52,0,52
S01007613,All household spaces,332,324,8,1,7
S01007613,Whole house or bungalow: Total,260,256,4,1,3
S01007613,Whole house or bungalow: Detached,99,98,1,1,0
S01007613,Whole house or bungalow: Semi-detached,81,80,1,0,1
S01007613,Whole house or bungalow: Terraced (including end-terrace),80,78,2,0,2
S01007613,Flat maisonette or apartment or mobile/temporary accommodation,72,68,4,0,4
S01007614,All household spaces,369,358,11,0,11
S01007614,Whole house or bungalow: Total,359,348,11,0,11
S01007614,Whole house or bungalow: Detached,209,201,8,0,8
S01007614,Whole house or bungalow: Semi-detached,109,107,2,0,2
S01007614,Whole house or bungalow: Terraced (including end-terrace),41,40,1,0,1
S01007614,Flat maisonette or apartment or mobile/temporary accommodation,10,10,0,0,0
S01007615,All household spaces,542,515,27,1,26
S01007615,Whole house or bungalow: Total,354,343,11,1,10
S01007615,Whole house or bungalow: Detached,103,102,1,0,1
S01007615,Whole house or bungalow: Semi-detached,187,183,4,1,3
S01007615,Whole house or bungalow: Terraced (including end-terrace),64,58,6,0,6
S01007615,Flat maisonette or apartment or mobile/temporary accommodation,188,172,16,0,16
S01007616,All household spaces,422,387,35,1,34
S01007616,Whole house or bungalow: Total,144,121,23,0,23
S01007616,Whole house or bungalow: Detached,25,25,0,0,0
S01007616,Whole house or bungalow: Semi-detached,68,65,3,0,3
S01007616,Whole house or bungalow: Terraced (including end-terrace),51,31,20,0,20
S01007616,Flat maisonette or apartment or mobile/temporary accommodation,278,266,12,1,11
S01007617,All household spaces,238,234,4,0,4
S01007617,Whole house or bungalow: Total,215,211,4,0,4
S01007617,Whole house or bungalow: Detached,37,36,1,0,1
S01007617,Whole house or bungalow: Semi-detached,50,48,2,0,2
S01007617,Whole house or bungalow: Terraced (including end-terrace),128,127,1,0,1
S01007617,Flat maisonette or apartment or mobile/temporary accommodation,23,23,0,0,0
S01007618,All household spaces,301,294,7,0,7
S01007618,Whole house or bungalow: Total,272,266,6,0,6
S01007618,Whole house or bungalow: Detached,21,20,1,0,1
S01007618,Whole house or bungalow: Semi-detached,82,79,3,0,3
S01007618,Whole house or bungalow: Terraced (including end-terrace),169,167,2,0,2
S01007618,Flat maisonette or apartment or mobile/temporary accommodation,29,28,1,0,1
S01007619,All household spaces,286,280,6,0,6
S01007619,Whole house or bungalow: Total,277,271,6,0,6
S01007619,Whole house or bungalow: Detached,26,26,0,0,0
S01007619,Whole house or bungalow: Semi-detached,72,70,2,0,2
S01007619,Whole house or bungalow: Terraced (including end-terrace),179,175,4,0,4
S01007619,Flat maisonette or apartment or mobile/temporary accommodation,9,9,0,0,0
S01007620,All household spaces,277,271,6,0,6
S01007620,Whole house or bungalow: Total,257,251,6,0,6
S01007620,Whole house or bungalow: Detached,69,67,2,0,2
S01007620,Whole house or bungalow: Semi-detached,180,176,4,0,4
S01007620,Whole house or bungalow: Terraced (including end-terrace),8,8,0,0,0
S01007620,Flat maisonette or apartment or mobile/temporary accommodation,20,20,0,0,0
S01007621,All household spaces,295,291,4,1,3
S01007621,Whole house or bungalow: Total,294,290,4,1,3
S01007621,Whole house or bungalow: Detached,39,39,0,0,0
S01007621,Whole house or bungalow: Semi-detached,197,194,3,0,3
S01007621,Whole house or bungalow: Terraced (including end-terrace),58,57,1,1,0
S01007621,Flat maisonette or apartment or mobile/temporary accommodation,1,1,0,0,0
S01007622,All household spaces,261,256,5,0,5
S01007622,Whole house or bungalow: Total,256,251,5,0,5
S01007622,Whole house or bungalow: Detached,63,60,3,0,3
S01007622,Whole house or bungalow: Semi-detached,126,124,2,0,2
S01007622,Whole house or bungalow: Terraced (including end-terrace),67,67,0,0,0
S01007622,Flat maisonette or apartment or mobile/temporary accommodation,5,5,0,0,0
S01007623,All household spaces,256,250,6,0,6
S01007623,Whole house or bungalow: Total,253,247,6,0,6
S01007623,Whole house or bungalow: Detached,158,154,4,0,4
S01007623,Whole house or bungalow: Semi-detached,53,52,1,0,1
S01007623,Whole house or bungalow: Terraced (including end-terrace),42,41,1,0,1
S01007623,Flat maisonette or apartment or mobile/temporary accommodation,3,3,0,0,0
S01007624,All household spaces,270,268,2,0,2
S01007624,Whole house or bungalow: Total,267,265,2,0,2
S01007624,Whole house or bungalow: Detached,80,79,1,0,1
S01007624,Whole house or bungalow: Semi-detached,111,111,0,0,0
S01007624,Whole house or bungalow: Terraced (including end-terrace),76,75,1,0,1
S01007624,Flat maisonette or apartment or mobile/temporary accommodation,3,3,0,0,0
S01007625,All household spaces,227,224,3,0,3
S01007625,Whole house or bungalow: Total,224,221,3,0,3
S01007625,Whole house or bungalow: Detached,122,120,2,0,2
S01007625,Whole house or bungalow: Semi-detached,99,98,1,0,1
S01007625,Whole house or bungalow: Terraced (including end-terrace),3,3,0,0,0
S01007625,Flat maisonette or apartment or mobile/temporary accommodation,3,3,0,0,0
S01007626,All household spaces,274,269,5,0,5
S01007626,Whole house or bungalow: Total,268,263,5,0,5
S01007626,Whole house or bungalow: Detached,103,102,1,0,1
S01007626,Whole house or bungalow: Semi-detached,159,155,4,0,4
S01007626,Whole house or bungalow: Terraced (including end-terrace),6,6,0,0,0
S01007626,Flat maisonette or apartment or mobile/temporary accommodation,6,6,0,0,0
S01007627,All household spaces,259,251,8,1,7
S01007627,Whole house or bungalow: Total,183,180,3,0,3
S01007627,Whole house or bungalow: Detached,134,131,3,0,3
S01007627,Whole house or bungalow: Semi-detached,29,29,0,0,0
S01007627,Whole house or bungalow: Terraced (including end-terrace),20,20,0,0,0
S01007627,Flat maisonette or apartment or mobile/temporary accommodation,76,71,5,1,4
S01007628,All household spaces,333,314,19,0,19
S01007628,Whole house or bungalow: Total,311,298,13,0,13
S01007628,Whole house or bungalow: Detached,186,177,9,0,9
S01007628,Whole house or bungalow: Semi-detached,104,102,2,0,2
S01007628,Whole house or bungalow: Terraced (including end-terrace),21,19,2,0,2
S01007628,Flat maisonette or apartment or mobile/temporary accommodation,22,16,6,0,6
S01007629,All household spaces,308,286,22,2,20
S01007629,Whole house or bungalow: Total,288,279,9,2,7
S01007629,Whole house or bungalow: Detached,158,152,6,2,4
S01007629,Whole house or bungalow: Semi-detached,119,117,2,0,2
S01007629,Whole house or bungalow: Terraced (including end-terrace),11,10,1,0,1
S01007629,Flat maisonette or apartment or mobile/temporary accommodation,20,7,13,0,13
S01007630,All household spaces,360,338,22,5,17
S01007630,Whole house or bungalow: Total,343,329,14,5,9
S01007630,Whole house or bungalow: Detached,240,231,9,4,5
S01007630,Whole house or bungalow: Semi-detached,95,90,5,1,4
S01007630,Whole house or bungalow: Terraced (including end-terrace),8,8,0,0,0
S01007630,Flat maisonette or apartment or mobile/temporary accommodation,17,9,8,0,8
S01007631,All household spaces,283,269,14,7,7
S01007631,Whole house or bungalow: Total,274,260,14,7,7
S01007631,Whole house or bungalow: Detached,223,209,14,7,7
S01007631,Whole house or bungalow: Semi-detached,40,40,0,0,0
S01007631,Whole house or bungalow: Terraced (including end-terrace),11,11,0,0,0
S01007631,Flat maisonette or apartment or mobile/temporary accommodation,9,9,0,0,0
S01007632,All household spaces,462,437,25,3,22
S01007632,Whole house or bungalow: Total,426,405,21,3,18
S01007632,Whole house or bungalow: Detached,146,140,6,2,4
S01007632,Whole house or bungalow: Semi-detached,108,105,3,0,3
S01007632,Whole house or bungalow: Terraced (including end-terrace),172,160,12,1,11
S01007632,Flat maisonette or apartment or mobile/temporary accommodation,36,32,4,0,4
S01007633,All household spaces,454,441,13,0,13
S01007633,Whole house or bungalow: Total,414,402,12,0,12
S01007633,Whole house or bungalow: Detached,147,145,2,0,2
S01007633,Whole house or bungalow: Semi-detached,100,95,5,0,5
S01007633,Whole house or bungalow: Terraced (including end-terrace),167,162,5,0,5
S01007633,Flat maisonette or apartment or mobile/temporary accommodation,40,39,1,0,1
S01007634,All household spaces,263,241,22,12,10
S01007634,Whole house or bungalow: Total,248,234,14,4,10
S01007634,Whole house or bungalow: Detached,158,149,9,2,7
S01007634,Whole house or bungalow: Semi-detached,64,61,3,0,3
S01007634,Whole house or bungalow: Terraced (including end-terrace),26,24,2,2,0
S01007634,Flat maisonette or apartment or mobile/temporary accommodation,15,7,8,8,0
S01007635,All household spaces,332,321,11,1,10
S01007635,Whole house or bungalow: Total,328,318,10,1,9
S01007635,Whole house or bungalow: Detached,251,244,7,1,6
S01007635,Whole house or bungalow: Semi-detached,58,55,3,0,3
S01007635,Whole house or bungalow: Terraced (including end-terrace),19,19,0,0,0
S01007635,Flat maisonette or apartment or mobile/temporary accommodation,4,3,1,0,1
S01007636,All household spaces,442,416,26,1,25
S01007636,Whole house or bungalow: Total,355,333,22,1,21
S01007636,Whole house or bungalow: Detached,115,109,6,1,5
S01007636,Whole house or bungalow: Semi-detached,142,129,13,0,13
S01007636,Whole house or bungalow: Terraced (including end-terrace),98,95,3,0,3
S01007636,Flat maisonette or apartment or mobile/temporary accommodation,87,83,4,0,4
S01007637,All household spaces,426,403,23,1,22
S01007637,Whole house or bungalow: Total,338,321,17,1,16
S01007637,Whole house or bungalow: Detached,46,44,2,1,1
S01007637,Whole house or bungalow: Semi-detached,85,80,5,0,5
S01007637,Whole house or bungalow: Terraced (including end-terrace),207,197,10,0,10
S01007637,Flat maisonette or apartment or mobile/temporary accommodation,88,82,6,0,6
S01007638,All household spaces,391,373,18,0,18
S01007638,Whole house or bungalow: Total,253,236,17,0,17
S01007638,Whole house or bungalow: Detached,63,61,2,0,2
S01007638,Whole house or bungalow: Semi-detached,64,62,2,0,2
S01007638,Whole house or bungalow: Terraced (including end-terrace),126,113,13,0,13
S01007638,Flat maisonette or apartment or mobile/temporary accommodation,138,137,1,0,1
S01007639,All household spaces,457,451,6,0,6
S01007639,Whole house or bungalow: Total,430,425,5,0,5
S01007639,Whole house or bungalow: Detached,140,137,3,0,3
S01007639,Whole house or bungalow: Semi-detached,66,65,1,0,1
S01007639,Whole house or bungalow: Terraced (including end-terrace),224,223,1,0,1
S01007639,Flat maisonette or apartment or mobile/temporary accommodation,27,26,1,0,1
S01007640,All household spaces,315,303,12,4,8
S01007640,Whole house or bungalow: Total,311,299,12,4,8
S01007640,Whole house or bungalow: Detached,205,196,9,3,6
S01007640,Whole house or bungalow: Semi-detached,93,90,3,1,2
S01007640,Whole house or bungalow: Terraced (including end-terrace),13,13,0,0,0
S01007640,Flat maisonette or apartment or mobile/temporary accommodation,4,4,0,0,0
S01007641,All household spaces,402,369,33,15,18
S01007641,Whole house or bungalow: Total,390,359,31,14,17
S01007641,Whole house or bungalow: Detached,174,154,20,8,12
S01007641,Whole house or bungalow: Semi-detached,144,138,6,4,2
S01007641,Whole house or bungalow: Terraced (including end-terrace),72,67,5,2,3
S01007641,Flat maisonette or apartment or mobile/temporary accommodation,12,10,2,1,1
S01007642,All household spaces,475,415,60,18,42
S01007642,Whole house or bungalow: Total,358,313,45,17,28
S01007642,Whole house or bungalow: Detached,157,146,11,7,4
S01007642,Whole house or bungalow: Semi-detached,89,82,7,2,5
S01007642,Whole house or bungalow: Terraced (including end-terrace),112,85,27,8,19
S01007642,Flat maisonette or apartment or mobile/temporary accommodation,117,102,15,1,14
S01007643,All household spaces,442,424,18,9,9
S01007643,Whole house or bungalow: Total,367,353,14,8,6
S01007643,Whole house or bungalow: Detached,126,122,4,4,0
S01007643,Whole house or bungalow: Semi-detached,130,124,6,3,3
S01007643,Whole house or bungalow: Terraced (including end-terrace),111,107,4,1,3
S01007643,Flat maisonette or apartment or mobile/temporary accommodation,75,71,4,1,3
S01007644,All household spaces,401,384,17,11,6
S01007644,Whole house or bungalow: Total,355,342,13,7,6
S01007644,Whole house or bungalow: Detached,168,161,7,3,4
S01007644,Whole house or bungalow: Semi-detached,112,109,3,2,1
S01007644,Whole house or bungalow: Terraced (including end-terrace),75,72,3,2,1
S01007644,Flat maisonette or apartment or mobile/temporary accommodation,46,42,4,4,0
S01007645,All household spaces,244,219,25,9,16
S01007645,Whole house or bungalow: Total,241,216,25,9,16
S01007645,Whole house or bungalow: Detached,193,172,21,9,12
S01007645,Whole house or bungalow: Semi-detached,40,36,4,0,4
S01007645,Whole house or bungalow: Terraced (including end-terrace),8,8,0,0,0
S01007645,Flat maisonette or apartment or mobile/temporary accommodation,3,3,0,0,0
S01007646,All household spaces,321,260,61,28,33
S01007646,Whole house or bungalow: Total,300,239,61,28,33
S01007646,Whole house or bungalow: Detached,208,157,51,26,25
S01007646,Whole house or bungalow: Semi-detached,73,63,10,2,8
S01007646,Whole house or bungalow: Terraced (including end-terrace),19,19,0,0,0
S01007646,Flat maisonette or apartment or mobile/temporary accommodation,21,21,0,0,0
S01007647,All household spaces,379,361,18,3,15
S01007647,Whole house or bungalow: Total,245,233,12,1,11
S01007647,Whole house or bungalow: Detached,88,86,2,1,1
S01007647,Whole house or bungalow: Semi-detached,63,61,2,0,2
S01007647,Whole house or bungalow: Terraced (including end-terrace),94,86,8,0,8
S01007647,Flat maisonette or apartment or mobile/temporary accommodation,134,128,6,2,4
S01007648,All household spaces,468,446,22,2,20
S01007648,Whole house or bungalow: Total,345,335,10,1,9
S01007648,Whole house or bungalow: Detached,60,60,0,0,0
S01007648,Whole house or bungalow: Semi-detached,58,58,0,0,0
S01007648,Whole house or bungalow: Terraced (including end-terrace),227,217,10,1,9
S01007648,Flat maisonette or apartment or mobile/temporary accommodation,123,111,12,1,11
S01007649,All household spaces,352,339,13,3,10
S01007649,Whole house or bungalow: Total,324,311,13,3,10
S01007649,Whole house or bungalow: Detached,71,68,3,1,2
S01007649,Whole house or bungalow: Semi-detached,86,85,1,0,1
S01007649,Whole house or bungalow: Terraced (including end-terrace),167,158,9,2,7
S01007649,Flat maisonette or apartment or mobile/temporary accommodation,28,28,0,0,0
S01007650,All household spaces,447,420,27,9,18
S01007650,Whole house or bungalow: Total,441,415,26,9,17
S01007650,Whole house or bungalow: Detached,235,222,13,6,7
S01007650,Whole house or bungalow: Semi-detached,92,89,3,0,3
S01007650,Whole house or bungalow: Terraced (including end-terrace),114,104,10,3,7
S01007650,Flat maisonette or apartment or mobile/temporary accommodation,6,5,1,0,1
S01007651,All household spaces,247,227,20,5,15
S01007651,Whole house or bungalow: Total,246,226,20,5,15
S01007651,Whole house or bungalow: Detached,168,155,13,5,8
S01007651,Whole house or bungalow: Semi-detached,62,57,5,0,5
S01007651,Whole house or bungalow: Terraced (including end-terrace),16,14,2,0,2
S01007651,Flat maisonette or apartment or mobile/temporary accommodation,1,1,0,0,0
S01007652,All household spaces,272,257,15,3,12
S01007652,Whole house or bungalow: Total,231,221,10,0,10
S01007652,Whole house or bungalow: Detached,129,123,6,0,6
S01007652,Whole house or bungalow: Semi-detached,68,66,2,0,2
S01007652,Whole house or bungalow: Terraced (including end-terrace),34,32,2,0,2
S01007652,Flat maisonette or apartment or mobile/temporary accommodation,41,36,5,3,2
S01007653,All household spaces,391,378,13,3,10
S01007653,Whole house or bungalow: Total,380,367,13,3,10
S01007653,Whole house or bungalow: Detached,214,206,8,2,6
S01007653,Whole house or bungalow: Semi-detached,120,117,3,0,3
S01007653,Whole house or bungalow: Terraced (including end-terrace),46,44,2,1,1
S01007653,Flat maisonette or apartment or mobile/temporary accommodation,11,11,0,0,0
S01007654,All household spaces,505,465,40,3,37
S01007654,Whole house or bungalow: Total,456,419,37,3,34
S01007654,Whole house or bungalow: Detached,163,153,10,2,8
S01007654,Whole house or bungalow: Semi-detached,143,125,18,1,17
S01007654,Whole house or bungalow: Terraced (including end-terrace),150,141,9,0,9
S01007654,Flat maisonette or apartment or mobile/temporary accommodation,49,46,3,0,3
S01007655,All household spaces,361,341,20,1,19
S01007655,Whole house or bungalow: Total,357,337,20,1,19
S01007655,Whole house or bungalow: Detached,278,264,14,1,13
S01007655,Whole house or bungalow: Semi-detached,65,61,4,0,4
S01007655,Whole house or bungalow: Terraced (including end-terrace),14,12,2,0,2
S01007655,Flat maisonette or apartment or mobile/temporary accommodation,4,4,0,0,0
S01007656,All household spaces,375,358,17,4,13
S01007656,Whole house or bungalow: Total,366,349,17,4,13
S01007656,Whole house or bungalow: Detached,263,249,14,3,11
S01007656,Whole house or bungalow: Semi-detached,82,79,3,1,2
S01007656,Whole house or bungalow: Terraced (including end-terrace),21,21,0,0,0
S01007656,Flat maisonette or apartment or mobile/temporary accommodation,9,9,0,0,0
S01007657,All household spaces,204,176,28,13,15
S01007657,Whole house or bungalow: Total,199,173,26,13,13
S01007657,Whole house or bungalow: Detached,126,107,19,9,10
S01007657,Whole house or bungalow: Semi-detached,58,52,6,4,2
S01007657,Whole house or bungalow: Terraced (including end-terrace),15,14,1,0,1
S01007657,Flat maisonette or apartment or mobile/temporary accommodation,5,3,2,0,2
S01007658,All household spaces,254,231,23,12,11
S01007658,Whole house or bungalow: Total,251,228,23,12,11
S01007658,Whole house or bungalow: Detached,122,116,6,1,5
S01007658,Whole house or bungalow: Semi-detached,67,65,2,1,1
S01007658,Whole house or bungalow: Terraced (including end-terrace),62,47,15,10,5
S01007658,Flat maisonette or apartment or mobile/temporary accommodation,3,3,0,0,0
S01007659,All household spaces,378,366,12,4,8
S01007659,Whole house or bungalow: Total,368,356,12,4,8
S01007659,Whole house or bungalow: Detached,179,175,4,3,1
S01007659,Whole house or bungalow: Semi-detached,96,95,1,0,1
S01007659,Whole house or bungalow: Terraced (including end-terrace),93,86,7,1,6
S01007659,Flat maisonette or apartment or mobile/temporary accommodation,10,10,0,0,0
S01007660,All household spaces,409,400,9,1,8
S01007660,Whole house or bungalow: Total,335,327,8,1,7
S01007660,Whole house or bungalow: Detached,21,21,0,0,0
S01007660,Whole house or bungalow: Semi-detached,109,107,2,1,1
S01007660,Whole house or bungalow: Terraced (including end-terrace),205,199,6,0,6
S01007660,Flat maisonette or apartment or mobile/temporary accommodation,74,73,1,0,1
S01007661,All household spaces,343,327,16,0,16
S01007661,Whole house or bungalow: Total,223,217,6,0,6
S01007661,Whole house or bungalow: Detached,49,48,1,0,1
S01007661,Whole house or bungalow: Semi-detached,92,88,4,0,4
S01007661,Whole house or bungalow: Terraced (including end-terrace),82,81,1,0,1
S01007661,Flat maisonette or apartment or mobile/temporary accommodation,120,110,10,0,10
S01007662,All household spaces,510,493,17,1,16
S01007662,Whole house or bungalow: Total,380,367,13,1,12
S01007662,Whole house or bungalow: Detached,61,60,1,0,1
S01007662,Whole house or bungalow: Semi-detached,129,123,6,0,6
S01007662,Whole house or bungalow: Terraced (including end-terrace),190,184,6,1,5
S01007662,Flat maisonette or apartment or mobile/temporary accommodation,130,126,4,0,4
S01007663,All household spaces,397,387,10,0,10
S01007663,Whole house or bungalow: Total,383,373,10,0,10
S01007663,Whole house or bungalow: Detached,97,95,2,0,2
S01007663,Whole house or bungalow: Semi-detached,129,123,6,0,6
S01007663,Whole house or bungalow: Terraced (including end-terrace),157,155,2,0,2
S01007663,Flat maisonette or apartment or mobile/temporary accommodation,14,14,0,0,0
S01007664,All household spaces,294,283,11,1,10
S01007664,Whole house or bungalow: Total,230,223,7,1,6
S01007664,Whole house or bungalow: Detached,26,26,0,0,0
S01007664,Whole house or bungalow: Semi-detached,105,101,4,0,4
S01007664,Whole house or bungalow: Terraced (including end-terrace),99,96,3,1,2
S01007664,Flat maisonette or apartment or mobile/temporary accommodation,64,60,4,0,4
S01007665,All household spaces,285,275,10,1,9
S01007665,Whole house or bungalow: Total,279,269,10,1,9
S01007665,Whole house or bungalow: Detached,45,45,0,0,0
S01007665,Whole house or bungalow: Semi-detached,83,80,3,0,3
S01007665,Whole house or bungalow: Terraced (including end-terrace),151,144,7,1,6
S01007665,Flat maisonette or apartment or mobile/temporary accommodation,6,6,0,0,0
S01007666,All household spaces,201,198,3,0,3
S01007666,Whole house or bungalow: Total,199,196,3,0,3
S01007666,Whole house or bungalow: Detached,153,150,3,0,3
S01007666,Whole house or bungalow: Semi-detached,34,34,0,0,0
S01007666,Whole house or bungalow: Terraced (including end-terrace),12,12,0,0,0
S01007666,Flat maisonette or apartment or mobile/temporary accommodation,2,2,0,0,0
S01007667,All household spaces,287,283,4,1,3
S01007667,Whole house or bungalow: Total,282,278,4,1,3
S01007667,Whole house or bungalow: Detached,149,147,2,0,2
S01007667,Whole house or bungalow: Semi-detached,113,112,1,1,0
S01007667,Whole house or bungalow: Terraced (including end-terrace),20,19,1,0,1
S01007667,Flat maisonette or apartment or mobile/temporary accommodation,5,5,0,0,0
S01007668,All household spaces,472,468,4,0,4
S01007668,Whole house or bungalow: Total,437,433,4,0,4
S01007668,Whole house or bungalow: Detached,16,16,0,0,0
S01007668,Whole house or bungalow: Semi-detached,197,196,1,0,1
S01007668,Whole house or bungalow: Terraced (including end-terrace),224,221,3,0,3
S01007668,Flat maisonette or apartment or mobile/temporary accommodation,35,35,0,0,0
S01007669,All household spaces,272,268,4,0,4
S01007669,Whole house or bungalow: Total,205,201,4,0,4
S01007669,Whole house or bungalow: Detached,23,23,0,0,0
S01007669,Whole house or bungalow: Semi-detached,71,70,1,0,1
S01007669,Whole house or bungalow: Terraced (including end-terrace),111,108,3,0,3
S01007669,Flat maisonette or apartment or mobile/temporary accommodation,67,67,0,0,0
S01007670,All household spaces,304,299,5,0,5
S01007670,Whole house or bungalow: Total,267,263,4,0,4
S01007670,Whole house or bungalow: Detached,39,39,0,0,0
S01007670,Whole house or bungalow: Semi-detached,122,120,2,0,2
S01007670,Whole house or bungalow: Terraced (including end-terrace),106,104,2,0,2
S01007670,Flat maisonette or apartment or mobile/temporary accommodation,37,36,1,0,1
S01007671,All household spaces,310,289,21,4,17
S01007671,Whole house or bungalow: Total,306,285,21,4,17
S01007671,Whole house or bungalow: Detached,219,200,19,4,15
S01007671,Whole house or bungalow: Semi-detached,59,58,1,0,1
S01007671,Whole house or bungalow: Terraced (including end-terrace),28,27,1,0,1
S01007671,Flat maisonette or apartment or mobile/temporary accommodation,4,4,0,0,0
S01007672,All household spaces,401,389,12,1,11
S01007672,Whole house or bungalow: Total,396,384,12,1,11
S01007672,Whole house or bungalow: Detached,288,281,7,1,6
S01007672,Whole house or bungalow: Semi-detached,61,59,2,0,2
S01007672,Whole house or bungalow: Terraced (including end-terrace),47,44,3,0,3
S01007672,Flat maisonette or apartment or mobile/temporary accommodation,5,5,0,0,0
S01007673,All household spaces,315,304,11,2,9
S01007673,Whole house or bungalow: Total,294,285,9,2,7
S01007673,Whole house or bungalow: Detached,58,57,1,0,1
S01007673,Whole house or bungalow: Semi-detached,106,103,3,1,2
S01007673,Whole house or bungalow: Terraced (including end-terrace),130,125,5,1,4
S01007673,Flat maisonette or apartment or mobile/temporary accommodation,21,19,2,0,2
S01007674,All household spaces,381,376,5,0,5
S01007674,Whole house or bungalow: Total,362,357,5,0,5
S01007674,Whole house or bungalow: Detached,44,44,0,0,0
S01007674,Whole house or bungalow: Semi-detached,118,117,1,0,1
S01007674,Whole house or bungalow: Terraced (including end-terrace),200,196,4,0,4
S01007674,Flat maisonette or apartment or mobile/temporary accommodation,19,19,0,0,0
S01007675,All household spaces,261,251,10,5,5
S01007675,Whole house or bungalow: Total,259,249,10,5,5
S01007675,Whole house or bungalow: Detached,146,141,5,3,2
S01007675,Whole house or bungalow: Semi-detached,79,77,2,0,2
S01007675,Whole house or bungalow: Terraced (including end-terrace),34,31,3,2,1
S01007675,Flat maisonette or apartment or mobile/temporary accommodation,2,2,0,0,0
S01007676,All household spaces,291,279,12,2,10
S01007676,Whole house or bungalow: Total,289,277,12,2,10
S01007676,Whole house or bungalow: Detached,207,199,8,1,7
S01007676,Whole house or bungalow: Semi-detached,67,64,3,0,3
S01007676,Whole house or bungalow: Terraced (including end-terrace),15,14,1,1,0
S01007676,Flat maisonette or apartment or mobile/temporary accommodation,2,2,0,0,0
S01007677,All household spaces,205,201,4,1,3
S01007677,Whole house or bungalow: Total,194,190,4,1,3
S01007677,Whole house or bungalow: Detached,102,100,2,1,1
S01007677,Whole house or bungalow: Semi-detached,37,37,0,0,0
S01007677,Whole house or bungalow: Terraced (including end-terrace),55,53,2,0,2
S01007677,Flat maisonette or apartment or mobile/temporary accommodation,11,11,0,0,0
S01007678,All household spaces,385,368,17,1,16
S01007678,Whole house or bungalow: Total,348,335,13,1,12
S01007678,Whole house or bungalow: Detached,53,51,2,0,2
S01007678,Whole house or bungalow: Semi-detached,116,113,3,0,3
S01007678,Whole house or bungalow: Terraced (including end-terrace),179,171,8,1,7
S01007678,Flat maisonette or apartment or mobile/temporary accommodation,37,33,4,0,4
S01007679,All household spaces,394,381,13,0,13
S01007679,Whole house or bungalow: Total,328,315,13,0,13
S01007679,Whole house or bungalow: Detached,134,129,5,0,5
S01007679,Whole house or bungalow: Semi-detached,87,83,4,0,4
S01007679,Whole house or bungalow: Terraced (including end-terrace),107,103,4,0,4
S01007679,Flat maisonette or apartment or mobile/temporary accommodation,66,66,0,0,0
S01007680,All household spaces,397,386,11,0,11
S01007680,Whole house or bungalow: Total,393,382,11,0,11
S01007680,Whole house or bungalow: Detached,105,101,4,0,4
S01007680,Whole house or bungalow: Semi-detached,269,263,6,0,6
S01007680,Whole house or bungalow: Terraced (including end-terrace),19,18,1,0,1
S01007680,Flat maisonette or apartment or mobile/temporary accommodation,4,4,0,0,0
S01007681,All household spaces,195,192,3,0,3
S01007681,Whole house or bungalow: Total,190,187,3,0,3
S01007681,Whole house or bungalow: Detached,36,34,2,0,2
S01007681,Whole house or bungalow: Semi-detached,52,52,0,0,0
S01007681,Whole house or bungalow: Terraced (including end-terrace),102,101,1,0,1
S01007681,Flat maisonette or apartment or mobile/temporary accommodation,5,5,0,0,0
S01007682,All household spaces,421,403,18,3,15
S01007682,Whole house or bungalow: Total,297,287,10,2,8
S01007682,Whole house or bungalow: Detached,163,156,7,2,5
S01007682,Whole house or bungalow: Semi-detached,119,117,2,0,2
S01007682,Whole house or bungalow: Terraced (including end-terrace),15,14,1,0,1
S01007682,Flat maisonette or apartment or mobile/temporary accommodation,124,116,8,1,7
S01007683,All household spaces,319,301,18,3,15
S01007683,Whole house or bungalow: Total,214,207,7,0,7
S01007683,Whole house or bungalow: Detached,110,108,2,0,2
S01007683,Whole house or bungalow: Semi-detached,88,87,1,0,1
S01007683,Whole house or bungalow: Terraced (including end-terrace),16,12,4,0,4
S01007683,Flat maisonette or apartment or mobile/temporary accommodation,105,94,11,3,8
S01007684,All household spaces,337,332,5,0,5
S01007684,Whole house or bungalow: Total,311,308,3,0,3
S01007684,Whole house or bungalow: Detached,192,190,2,0,2
S01007684,Whole house or bungalow: Semi-detached,110,109,1,0,1
S01007684,Whole house or bungalow: Terraced (including end-terrace),9,9,0,0,0
S01007684,Flat maisonette or apartment or mobile/temporary accommodation,26,24,2,0,2
S01007685,All household spaces,273,273,0,0,0
S01007685,Whole house or bungalow: Total,204,204,0,0,0
S01007685,Whole house or bungalow: Detached,91,91,0,0,0
S01007685,Whole house or bungalow: Semi-detached,70,70,0,0,0
S01007685,Whole house or bungalow: Terraced (including end-terrace),43,43,0,0,0
S01007685,Flat maisonette or apartment or mobile/temporary accommodation,69,69,0,0,0
S01007686,All household spaces,326,320,6,0,6
S01007686,Whole house or bungalow: Total,218,215,3,0,3
S01007686,Whole house or bungalow: Detached,100,99,1,0,1
S01007686,Whole house or bungalow: Semi-detached,97,95,2,0,2
S01007686,Whole house or bungalow: Terraced (including end-terrace),21,21,0,0,0
S01007686,Flat maisonette or apartment or mobile/temporary accommodation,108,105,3,0,3
S01007687,All household spaces,414,399,15,4,11
S01007687,Whole house or bungalow: Total,151,147,4,1,3
S01007687,Whole house or bungalow: Detached,49,49,0,0,0
S01007687,Whole house or bungalow: Semi-detached,49,49,0,0,0
S01007687,Whole house or bungalow: Terraced (including end-terrace),53,49,4,1,3
S01007687,Flat maisonette or apartment or mobile/temporary accommodation,263,252,11,3,8
S01007688,All household spaces,564,545,19,1,18
S01007688,Whole house or bungalow: Total,103,102,1,0,1
S01007688,Whole house or bungalow: Detached,26,26,0,0,0
S01007688,Whole house or bungalow: Semi-detached,39,39,0,0,0
S01007688,Whole house or bungalow: Terraced (including end-terrace),38,37,1,0,1
S01007688,Flat maisonette or apartment or mobile/temporary accommodation,461,443,18,1,17
S01007689,All household spaces,298,288,10,1,9
S01007689,Whole house or bungalow: Total,45,43,2,0,2
S01007689,Whole house or bungalow: Detached,14,13,1,0,1
S01007689,Whole house or bungalow: Semi-detached,13,12,1,0,1
S01007689,Whole house or bungalow: Terraced (including end-terrace),18,18,0,0,0
S01007689,Flat maisonette or apartment or mobile/temporary accommodation,253,245,8,1,7
S01007690,All household spaces,402,393,9,1,8
S01007690,Whole house or bungalow: Total,98,96,2,0,2
S01007690,Whole house or bungalow: Detached,24,24,0,0,0
S01007690,Whole house or bungalow: Semi-detached,24,23,1,0,1
S01007690,Whole house or bungalow: Terraced (including end-terrace),50,49,1,0,1
S01007690,Flat maisonette or apartment or mobile/temporary accommodation,304,297,7,1,6
S01007691,All household spaces,532,515,17,1,16
S01007691,Whole house or bungalow: Total,44,38,6,1,5
S01007691,Whole house or bungalow: Detached,5,5,0,0,0
S01007691,Whole house or bungalow: Semi-detached,10,7,3,1,2
S01007691,Whole house or bungalow: Terraced (including end-terrace),29,26,3,0,3
S01007691,Flat maisonette or apartment or mobile/temporary accommodation,488,477,11,0,11
S01007692,All household spaces,448,434,14,1,13
S01007692,Whole house or bungalow: Total,70,70,0,0,0
S01007692,Whole house or bungalow: Detached,18,18,0,0,0
S01007692,Whole house or bungalow: Semi-detached,31,31,0,0,0
S01007692,Whole house or bungalow: Terraced (including end-terrace),21,21,0,0,0
S01007692,Flat maisonette or apartment or mobile/temporary accommodation,378,364,14,1,13
S01007693,All household spaces,360,347,13,2,11
S01007693,Whole house or bungalow: Total,19,19,0,0,0
S01007693,Whole house or bungalow: Detached,2,2,0,0,0
S01007693,Whole house or bungalow: Semi-detached,12,12,0,0,0
S01007693,Whole house or bungalow: Terraced (including end-terrace),5,5,0,0,0
S01007693,Flat maisonette or apartment or mobile/temporary accommodation,341,328,13,2,11
S01007694,All household spaces,536,523,13,0,13
S01007694,Whole house or bungalow: Total,114,111,3,0,3
S01007694,Whole house or bungalow: Detached,19,18,1,0,1
S01007694,Whole house or bungalow: Semi-detached,48,48,0,0,0
S01007694,Whole house or bungalow: Terraced (including end-terrace),47,45,2,0,2
S01007694,Flat maisonette or apartment or mobile/temporary accommodation,422,412,10,0,10
S01007695,All household spaces,632,614,18,1,17
S01007695,Whole house or bungalow: Total,50,48,2,0,2
S01007695,Whole house or bungalow: Detached,23,22,1,0,1
S01007695,Whole house or bungalow: Semi-detached,18,17,1,0,1
S01007695,Whole house or bungalow: Terraced (including end-terrace),9,9,0,0,0
S01007695,Flat maisonette or apartment or mobile/temporary accommodation,582,566,16,1,15
S01007696,All household spaces,443,437,6,1,5
S01007696,Whole house or bungalow: Total,55,55,0,0,0
S01007696,Whole house or bungalow: Detached,2,2,0,0,0
S01007696,Whole house or bungalow: Semi-detached,27,27,0,0,0
S01007696,Whole house or bungalow: Terraced (including end-terrace),26,26,0,0,0
S01007696,Flat maisonette or apartment or mobile/temporary accommodation,388,382,6,1,5
S01007697,All household spaces,642,608,34,1,33
S01007697,Whole house or bungalow: Total,64,61,3,0,3
S01007697,Whole house or bungalow: Detached,11,11,0,0,0
S01007697,Whole house or bungalow: Semi-detached,30,30,0,0,0
S01007697,Whole house or bungalow: Terraced (including end-terrace),23,20,3,0,3
S01007697,Flat maisonette or apartment or mobile/temporary accommodation,578,547,31,1,30
S01007698,All household spaces,611,589,22,3,19
S01007698,Whole house or bungalow: Total,92,90,2,0,2
S01007698,Whole house or bungalow: Detached,11,11,0,0,0
S01007698,Whole house or bungalow: Semi-detached,36,36,0,0,0
S01007698,Whole house or bungalow: Terraced (including end-terrace),45,43,2,0,2
S01007698,Flat maisonette or apartment or mobile/temporary accommodation,519,499,20,3,17
S01007699,All household spaces,466,454,12,1,11
S01007699,Whole house or bungalow: Total,73,72,1,0,1
S01007699,Whole house or bungalow: Detached,4,4,0,0,0
S01007699,Whole house or bungalow: Semi-detached,42,42,0,0,0
S01007699,Whole house or bungalow: Terraced (including end-terrace),27,26,1,0,1
S01007699,Flat maisonette or apartment or mobile/temporary accommodation,393,382,11,1,10
S01007700,All household spaces,461,450,11,1,10
S01007700,Whole house or bungalow: Total,258,250,8,0,8
S01007700,Whole house or bungalow: Detached,97,96,1,0,1
S01007700,Whole house or bungalow: Semi-detached,136,129,7,0,7
S01007700,Whole house or bungalow: Terraced (including end-terrace),25,25,0,0,0
S01007700,Flat maisonette or apartment or mobile/temporary accommodation,203,200,3,1,2
S01007701,All household spaces,323,318,5,0,5
S01007701,Whole house or bungalow: Total,14,14,0,0,0
S01007701,Whole house or bungalow: Detached,1,1,0,0,0
S01007701,Whole house or bungalow: Semi-detached,3,3,0,0,0
S01007701,Whole house or bungalow: Terraced (including end-terrace),10,10,0,0,0
S01007701,Flat maisonette or apartment or mobile/temporary accommodation,309,304,5,0,5
S01007702,All household spaces,268,266,2,1,1
S01007702,Whole house or bungalow: Total,56,56,0,0,0
S01007702,Whole house or bungalow: Detached,6,6,0,0,0
S01007702,Whole house or bungalow: Semi-detached,47,47,0,0,0
S01007702,Whole house or bungalow: Terraced (including end-terrace),3,3,0,0,0
S01007702,Flat maisonette or apartment or mobile/temporary accommodation,212,210,2,1,1
S01007703,All household spaces,407,398,9,0,9
S01007703,Whole house or bungalow: Total,120,113,7,0,7
S01007703,Whole house or bungalow: Detached,19,19,0,0,0
S01007703,Whole house or bungalow: Semi-detached,73,66,7,0,7
S01007703,Whole house or bungalow: Terraced (including end-terrace),28,28,0,0,0
S01007703,Flat maisonette or apartment or mobile/temporary accommodation,287,285,2,0,2
S01007704,All household spaces,534,517,17,3,14
S01007704,Whole house or bungalow: Total,21,21,0,0,0
S01007704,Whole house or bungalow: Detached,7,7,0,0,0
S01007704,Whole house or bungalow: Semi-detached,11,11,0,0,0
S01007704,Whole house or bungalow: Terraced (including end-terrace),3,3,0,0,0
S01007704,Flat maisonette or apartment or mobile/temporary accommodation,513,496,17,3,14
S01007705,All household spaces,265,262,3,0,3
S01007705,Whole house or bungalow: Total,7,7,0,0,0
S01007705,Whole house or bungalow: Detached,3,3,0,0,0
S01007705,Whole house or bungalow: Semi-detached,1,1,0,0,0
S01007705,Whole house or bungalow: Terraced (including end-terrace),3,3,0,0,0
S01007705,Flat maisonette or apartment or mobile/temporary accommodation,258,255,3,0,3
S01007706,All household spaces,382,370,12,2,10
S01007706,Whole house or bungalow: Total,6,5,1,1,0
S01007706,Whole house or bungalow: Detached,0,0,0,0,0
S01007706,Whole house or bungalow: Semi-detached,1,1,0,0,0
S01007706,Whole house or bungalow: Terraced (including end-terrace),5,4,1,1,0
S01007706,Flat maisonette or apartment or mobile/temporary accommodation,376,365,11,1,10
S01007707,All household spaces,511,465,46,6,40
S01007707,Whole house or bungalow: Total,86,74,12,1,11
S01007707,Whole house or bungalow: Detached,4,4,0,0,0
S01007707,Whole house or bungalow: Semi-detached,16,16,0,0,0
S01007707,Whole house or bungalow: Terraced (including end-terrace),66,54,12,1,11
S01007707,Flat maisonette or apartment or mobile/temporary accommodation,425,391,34,5,29
S01007708,All household spaces,361,357,4,0,4
S01007708,Whole house or bungalow: Total,66,66,0,0,0
S01007708,Whole house or bungalow: Detached,4,4,0,0,0
S01007708,Whole house or bungalow: Semi-detached,12,12,0,0,0
S01007708,Whole house or bungalow: Terraced (including end-terrace),50,50,0,0,0
S01007708,Flat maisonette or apartment or mobile/temporary accommodation,295,291,4,0,4
S01007709,All household spaces,310,309,1,0,1
S01007709,Whole house or bungalow: Total,64,64,0,0,0
S01007709,Whole house or bungalow: Detached,4,4,0,0,0
S01007709,Whole house or bungalow: Semi-detached,20,20,0,0,0
S01007709,Whole house or bungalow: Terraced (including end-terrace),40,40,0,0,0
S01007709,Flat maisonette or apartment or mobile/temporary accommodation,246,245,1,0,1
S01007710,All household spaces,462,450,12,0,12
S01007710,Whole house or bungalow: Total,7,7,0,0,0
S01007710,Whole house or bungalow: Detached,1,1,0,0,0
S01007710,Whole house or bungalow: Semi-detached,5,5,0,0,0
S01007710,Whole house or bungalow: Terraced (including end-terrace),1,1,0,0,0
S01007710,Flat maisonette or apartment or mobile/temporary accommodation,455,443,12,0,12
S01007711,All household spaces,506,493,13,5,8
S01007711,Whole house or bungalow: Total,82,82,0,0,0
S01007711,Whole house or bungalow: Detached,2,2,0,0,0
S01007711,Whole house or bungalow: Semi-detached,33,33,0,0,0
S01007711,Whole house or bungalow: Terraced (including end-terrace),47,47,0,0,0
S01007711,Flat maisonette or apartment or mobile/temporary accommodation,424,411,13,5,8
S01007712,All household spaces,370,360,10,0,10
S01007712,Whole house or bungalow: Total,44,44,0,0,0
S01007712,Whole house or bungalow: Detached,12,12,0,0,0
S01007712,Whole house or bungalow: Semi-detached,16,16,0,0,0
S01007712,Whole house or bungalow: Terraced (including end-terrace),16,16,0,0,0
S01007712,Flat maisonette or apartment or mobile/temporary accommodation,326,316,10,0,10
S01007713,All household spaces,236,229,7,1,6
S01007713,Whole house or bungalow: Total,65,64,1,0,1
S01007713,Whole house or bungalow: Detached,9,9,0,0,0
S01007713,Whole house or bungalow: Semi-detached,24,23,1,0,1
S01007713,Whole house or bungalow: Terraced (including end-terrace),32,32,0,0,0
S01007713,Flat maisonette or apartment or mobile/temporary accommodation,171,165,6,1,5
S01007714,All household spaces,323,321,2,1,1
S01007714,Whole house or bungalow: Total,126,126,0,0,0
S01007714,Whole house or bungalow: Detached,6,6,0,0,0
S01007714,Whole house or bungalow: Semi-detached,51,51,0,0,0
S01007714,Whole house or bungalow: Terraced (including end-terrace),69,69,0,0,0
S01007714,Flat maisonette or apartment or mobile/temporary accommodation,197,195,2,1,1
S01007715,All household spaces,277,267,10,8,2
S01007715,Whole house or bungalow: Total,77,75,2,2,0
S01007715,Whole house or bungalow: Detached,9,9,0,0,0
S01007715,Whole house or bungalow: Semi-detached,37,37,0,0,0
S01007715,Whole house or bungalow: Terraced (including end-terrace),31,29,2,2,0
S01007715,Flat maisonette or apartment or mobile/temporary accommodation,200,192,8,6,2
S01007716,All household spaces,633,598,35,0,35
S01007716,Whole house or bungalow: Total,90,89,1,0,1
S01007716,Whole house or bungalow: Detached,8,8,0,0,0
S01007716,Whole house or bungalow: Semi-detached,31,31,0,0,0
S01007716,Whole house or bungalow: Terraced (including end-terrace),51,50,1,0,1
S01007716,Flat maisonette or apartment or mobile/temporary accommodation,543,509,34,0,34
S01007717,All household spaces,594,567,27,2,25
S01007717,Whole house or bungalow: Total,94,94,0,0,0
S01007717,Whole house or bungalow: Detached,15,15,0,0,0
S01007717,Whole house or bungalow: Semi-detached,49,49,0,0,0
S01007717,Whole house or bungalow: Terraced (including end-terrace),30,30,0,0,0
S01007717,Flat maisonette or apartment or mobile/temporary accommodation,500,473,27,2,25
S01007718,All household spaces,479,467,12,0,12
S01007718,Whole house or bungalow: Total,23,22,1,0,1
S01007718,Whole house or bungalow: Detached,6,5,1,0,1
S01007718,Whole house or bungalow: Semi-detached,8,8,0,0,0
S01007718,Whole house or bungalow: Terraced (including end-terrace),9,9,0,0,0
S01007718,Flat maisonette or apartment or mobile/temporary accommodation,456,445,11,0,11
S01007719,All household spaces,666,651,15,1,14
S01007719,Whole house or bungalow: Total,29,29,0,0,0
S01007719,Whole house or bungalow: Detached,5,5,0,0,0
S01007719,Whole house or bungalow: Semi-detached,7,7,0,0,0
S01007719,Whole house or bungalow: Terraced (including end-terrace),17,17,0,0,0
S01007719,Flat maisonette or apartment or mobile/temporary accommodation,637,622,15,1,14
S01007720,All household spaces,412,404,8,2,6
S01007720,Whole house or bungalow: Total,87,84,3,2,1
S01007720,Whole house or bungalow: Detached,21,19,2,2,0
S01007720,Whole house or bungalow: Semi-detached,19,18,1,0,1
S01007720,Whole house or bungalow: Terraced (including end-terrace),47,47,0,0,0
S01007720,Flat maisonette or apartment or mobile/temporary accommodation,325,320,5,0,5
S01007721,All household spaces,458,435,23,17,6
S01007721,Whole house or bungalow: Total,84,83,1,1,0
S01007721,Whole house or bungalow: Detached,10,10,0,0,0
S01007721,Whole house or bungalow: Semi-detached,46,46,0,0,0
S01007721,Whole house or bungalow: Terraced (including end-terrace),28,27,1,1,0
S01007721,Flat maisonette or apartment or mobile/temporary accommodation,374,352,22,16,6
S01007722,All household spaces,579,548,31,16,15
S01007722,Whole house or bungalow: Total,48,46,2,2,0
S01007722,Whole house or bungalow: Detached,11,11,0,0,0
S01007722,Whole house or bungalow: Semi-detached,19,19,0,0,0
S01007722,Whole house or bungalow: Terraced (including end-terrace),18,16,2,2,0
S01007722,Flat maisonette or apartment or mobile/temporary accommodation,531,502,29,14,15
S01007723,All household spaces,634,604,30,21,9
S01007723,Whole house or bungalow: Total,27,27,0,0,0
S01007723,Whole house or bungalow: Detached,6,6,0,0,0
S01007723,Whole house or bungalow: Semi-detached,3,3,0,0,0
S01007723,Whole house or bungalow: Terraced (including end-terrace),18,18,0,0,0
S01007723,Flat maisonette or apartment or mobile/temporary accommodation,607,577,30,21,9
S01007724,All household spaces,420,358,62,45,17
S01007724,Whole house or bungalow: Total,39,35,4,2,2
S01007724,Whole house or bungalow: Detached,1,1,0,0,0
S01007724,Whole house or bungalow: Semi-detached,25,23,2,0,2
S01007724,Whole house or bungalow: Terraced (including end-terrace),13,11,2,2,0
S01007724,Flat maisonette or apartment or mobile/temporary accommodation,381,323,58,43,15
S01007725,All household spaces,522,498,24,2,22
S01007725,Whole house or bungalow: Total,15,15,0,0,0
S01007725,Whole house or bungalow: Detached,3,3,0,0,0
S01007725,Whole house or bungalow: Semi-detached,6,6,0,0,0
S01007725,Whole house or bungalow: Terraced (including end-terrace),6,6,0,0,0
S01007725,Flat maisonette or apartment or mobile/temporary accommodation,507,483,24,2,22
S01007726,All household spaces,497,453,44,26,18
S01007726,Whole house or bungalow: Total,82,82,0,0,0
S01007726,Whole house or bungalow: Detached,4,4,0,0,0
S01007726,Whole house or bungalow: Semi-detached,34,34,0,0,0
S01007726,Whole house or bungalow: Terraced (including end-terrace),44,44,0,0,0
S01007726,Flat maisonette or apartment or mobile/temporary accommodation,415,371,44,26,18
S01007727,All household spaces,608,591,17,1,16
S01007727,Whole house or bungalow: Total,99,97,2,0,2
S01007727,Whole house or bungalow: Detached,10,10,0,0,0
S01007727,Whole house or bungalow: Semi-detached,38,36,2,0,2
S01007727,Whole house or bungalow: Terraced (including end-terrace),51,51,0,0,0
S01007727,Flat maisonette or apartment or mobile/temporary accommodation,509,494,15,1,14
S01007728,All household spaces,474,414,60,38,22
S01007728,Whole house or bungalow: Total,19,18,1,1,0
S01007728,Whole house or bungalow: Detached,4,4,0,0,0
S01007728,Whole house or bungalow: Semi-detached,8,8,0,0,0
S01007728,Whole house or bungalow: Terraced (including end-terrace),7,6,1,1,0
S01007728,Flat maisonette or apartment or mobile/temporary accommodation,455,396,59,37,22
S01007729,All household spaces,497,439,58,31,27
S01007729,Whole house or bungalow: Total,31,31,0,0,0
S01007729,Whole house or bungalow: Detached,1,1,0,0,0
S01007729,Whole house or bungalow: Semi-detached,16,16,0,0,0
S01007729,Whole house or bungalow: Terraced (including end-terrace),14,14,0,0,0
S01007729,Flat maisonette or apartment or mobile/temporary accommodation,466,408,58,31,27
S01007730,All household spaces,490,464,26,16,10
S01007730,Whole house or bungalow: Total,14,14,0,0,0
S01007730,Whole house or bungalow: Detached,2,2,0,0,0
S01007730,Whole house or bungalow: Semi-detached,4,4,0,0,0
S01007730,Whole house or bungalow: Terraced (including end-terrace),8,8,0,0,0
S01007730,Flat maisonette or apartment or mobile/temporary accommodation,476,450,26,16,10
S01007731,All household spaces,419,396,23,13,10
S01007731,Whole house or bungalow: Total,53,53,0,0,0
S01007731,Whole house or bungalow: Detached,3,3,0,0,0
S01007731,Whole house or bungalow: Semi-detached,23,23,0,0,0
S01007731,Whole house or bungalow: Terraced (including end-terrace),27,27,0,0,0
S01007731,Flat maisonette or apartment or mobile/temporary accommodation,366,343,23,13,10
S01007732,All household spaces,386,374,12,4,8
S01007732,Whole house or bungalow: Total,53,53,0,0,0
S01007732,Whole house or bungalow: Detached,5,5,0,0,0
S01007732,Whole house or bungalow: Semi-detached,13,13,0,0,0
S01007732,Whole house or bungalow: Terraced (including end-terrace),35,35,0,0,0
S01007732,Flat maisonette or apartment or mobile/temporary accommodation,333,321,12,4,8
S01007733,All household spaces,345,338,7,4,3
S01007733,Whole house or bungalow: Total,238,235,3,1,2
S01007733,Whole house or bungalow: Detached,47,46,1,0,1
S01007733,Whole house or bungalow: Semi-detached,116,114,2,1,1
S01007733,Whole house or bungalow: Terraced (including end-terrace),75,75,0,0,0
S01007733,Flat maisonette or apartment or mobile/temporary accommodation,107,103,4,3,1
S01007734,All household spaces,389,384,5,0,5
S01007734,Whole house or bungalow: Total,300,297,3,0,3
S01007734,Whole house or bungalow: Detached,129,127,2,0,2
S01007734,Whole house or bungalow: Semi-detached,153,152,1,0,1
S01007734,Whole house or bungalow: Terraced (including end-terrace),18,18,0,0,0
S01007734,Flat maisonette or apartment or mobile/temporary accommodation,89,87,2,0,2
S01007735,All household spaces,363,359,4,0,4
S01007735,Whole house or bungalow: Total,312,308,4,0,4
S01007735,Whole house or bungalow: Detached,109,109,0,0,0
S01007735,Whole house or bungalow: Semi-detached,190,187,3,0,3
S01007735,Whole house or bungalow: Terraced (including end-terrace),13,12,1,0,1
S01007735,Flat maisonette or apartment or mobile/temporary accommodation,51,51,0,0,0
S01007736,All household spaces,318,309,9,5,4
S01007736,Whole house or bungalow: Total,172,165,7,5,2
S01007736,Whole house or bungalow: Detached,53,51,2,1,1
S01007736,Whole house or bungalow: Semi-detached,98,97,1,0,1
S01007736,Whole house or bungalow: Terraced (including end-terrace),21,17,4,4,0
S01007736,Flat maisonette or apartment or mobile/temporary accommodation,146,144,2,0,2
S01007737,All household spaces,575,554,21,1,20
S01007737,Whole house or bungalow: Total,179,166,13,0,13
S01007737,Whole house or bungalow: Detached,60,60,0,0,0
S01007737,Whole house or bungalow: Semi-detached,48,42,6,0,6
S01007737,Whole house or bungalow: Terraced (including end-terrace),71,64,7,0,7
S01007737,Flat maisonette or apartment or mobile/temporary accommodation,396,388,8,1,7
S01007738,All household spaces,368,358,10,1,9
S01007738,Whole house or bungalow: Total,273,266,7,0,7
S01007738,Whole house or bungalow: Detached,48,45,3,0,3
S01007738,Whole house or bungalow: Semi-detached,180,176,4,0,4
S01007738,Whole house or bungalow: Terraced (including end-terrace),45,45,0,0,0
S01007738,Flat maisonette or apartment or mobile/temporary accommodation,95,92,3,1,2
S01007739,All household spaces,350,347,3,1,2
S01007739,Whole house or bungalow: Total,149,147,2,1,1
S01007739,Whole house or bungalow: Detached,40,40,0,0,0
S01007739,Whole house or bungalow: Semi-detached,51,49,2,1,1
S01007739,Whole house or bungalow: Terraced (including end-terrace),58,58,0,0,0
S01007739,Flat maisonette or apartment or mobile/temporary accommodation,201,200,1,0,1
S01007740,All household spaces,270,265,5,0,5
S01007740,Whole house or bungalow: Total,157,155,2,0,2
S01007740,Whole house or bungalow: Detached,51,51,0,0,0
S01007740,Whole house or bungalow: Semi-detached,63,62,1,0,1
S01007740,Whole house or bungalow: Terraced (including end-terrace),43,42,1,0,1
S01007740,Flat maisonette or apartment or mobile/temporary accommodation,113,110,3,0,3
S01007741,All household spaces,447,435,12,1,11
S01007741,Whole house or bungalow: Total,213,208,5,1,4
S01007741,Whole house or bungalow: Detached,44,43,1,0,1
S01007741,Whole house or bungalow: Semi-detached,62,62,0,0,0
S01007741,Whole house or bungalow: Terraced (including end-terrace),107,103,4,1,3
S01007741,Flat maisonette or apartment or mobile/temporary accommodation,234,227,7,0,7
S01007742,All household spaces,333,328,5,0,5
S01007742,Whole house or bungalow: Total,151,148,3,0,3
S01007742,Whole house or bungalow: Detached,35,34,1,0,1
S01007742,Whole house or bungalow: Semi-detached,96,94,2,0,2
S01007742,Whole house or bungalow: Terraced (including end-terrace),20,20,0,0,0
S01007742,Flat maisonette or apartment or mobile/temporary accommodation,182,180,2,0,2
S01007743,All household spaces,469,457,12,0,12
S01007743,Whole house or bungalow: Total,194,191,3,0,3
S01007743,Whole house or bungalow: Detached,20,20,0,0,0
S01007743,Whole house or bungalow: Semi-detached,91,91,0,0,0
S01007743,Whole house or bungalow: Terraced (including end-terrace),83,80,3,0,3
S01007743,Flat maisonette or apartment or mobile/temporary accommodation,275,266,9,0,9
S01007744,All household spaces,417,403,14,11,3
S01007744,Whole house or bungalow: Total,169,166,3,3,0
S01007744,Whole house or bungalow: Detached,3,3,0,0,0
S01007744,Whole house or bungalow: Semi-detached,100,100,0,0,0
S01007744,Whole house or bungalow: Terraced (including end-terrace),66,63,3,3,0
S01007744,Flat maisonette or apartment or mobile/temporary accommodation,248,237,11,8,3
S01007745,All household spaces,388,378,10,5,5
S01007745,Whole house or bungalow: Total,139,132,7,5,2
S01007745,Whole house or bungalow: Detached,7,7,0,0,0
S01007745,Whole house or bungalow: Semi-detached,80,79,1,1,0
S01007745,Whole house or bungalow: Terraced (including end-terrace),52,46,6,4,2
S01007745,Flat maisonette or apartment or mobile/temporary accommodation,249,246,3,0,3
S01007746,All household spaces,419,409,10,10,0
S01007746,Whole house or bungalow: Total,262,256,6,6,0
S01007746,Whole house or bungalow: Detached,8,8,0,0,0
S01007746,Whole house or bungalow: Semi-detached,148,148,0,0,0
S01007746,Whole house or bungalow: Terraced (including end-terrace),106,100,6,6,0
S01007746,Flat maisonette or apartment or mobile/temporary accommodation,157,153,4,4,0
S01007747,All household spaces,250,242,8,2,6
S01007747,Whole house or bungalow: Total,179,174,5,2,3
S01007747,Whole house or bungalow: Detached,3,3,0,0,0
S01007747,Whole house or bungalow: Semi-detached,97,96,1,0,1
S01007747,Whole house or bungalow: Terraced (including end-terrace),79,75,4,2,2
S01007747,Flat maisonette or apartment or mobile/temporary accommodation,71,68,3,0,3
S01007748,All household spaces,395,369,26,16,10
S01007748,Whole house or bungalow: Total,133,128,5,2,3
S01007748,Whole house or bungalow: Detached,3,2,1,0,1
S01007748,Whole house or bungalow: Semi-detached,81,80,1,0,1
S01007748,Whole house or bungalow: Terraced (including end-terrace),49,46,3,2,1
S01007748,Flat maisonette or apartment or mobile/temporary accommodation,262,241,21,14,7
S01007749,All household spaces,287,281,6,1,5
S01007749,Whole house or bungalow: Total,280,274,6,1,5
S01007749,Whole house or bungalow: Detached,89,84,5,1,4
S01007749,Whole house or bungalow: Semi-detached,186,185,1,0,1
S01007749,Whole house or bungalow: Terraced (including end-terrace),5,5,0,0,0
S01007749,Flat maisonette or apartment or mobile/temporary accommodation,7,7,0,0,0
S01007750,All household spaces,372,358,14,0,14
S01007750,Whole house or bungalow: Total,330,318,12,0,12
S01007750,Whole house or bungalow: Detached,189,182,7,0,7
S01007750,Whole house or bungalow: Semi-detached,131,129,2,0,2
S01007750,Whole house or bungalow: Terraced (including end-terrace),10,7,3,0,3
S01007750,Flat maisonette or apartment or mobile/temporary accommodation,42,40,2,0,2
S01007751,All household spaces,347,337,10,0,10
S01007751,Whole house or bungalow: Total,249,246,3,0,3
S01007751,Whole house or bungalow: Detached,174,171,3,0,3
S01007751,Whole house or bungalow: Semi-detached,69,69,0,0,0
S01007751,Whole house or bungalow: Terraced (including end-terrace),6,6,0,0,0
S01007751,Flat maisonette or apartment or mobile/temporary accommodation,98,91,7,0,7
S01007752,All household spaces,364,356,8,0,8
S01007752,Whole house or bungalow: Total,185,182,3,0,3
S01007752,Whole house or bungalow: Detached,90,88,2,0,2
S01007752,Whole house or bungalow: Semi-detached,84,83,1,0,1
S01007752,Whole house or bungalow: Terraced (including end-terrace),11,11,0,0,0
S01007752,Flat maisonette or apartment or mobile/temporary accommodation,179,174,5,0,5
S01007753,All household spaces,246,241,5,0,5
S01007753,Whole house or bungalow: Total,167,166,1,0,1
S01007753,Whole house or bungalow: Detached,3,3,0,0,0
S01007753,Whole house or bungalow: Semi-detached,74,74,0,0,0
S01007753,Whole house or bungalow: Terraced (including end-terrace),90,89,1,0,1
S01007753,Flat maisonette or apartment or mobile/temporary accommodation,79,75,4,0,4
S01007754,All household spaces,423,414,9,1,8
S01007754,Whole house or bungalow: Total,334,329,5,1,4
S01007754,Whole house or bungalow: Detached,13,13,0,0,0
S01007754,Whole house or bungalow: Semi-detached,181,181,0,0,0
S01007754,Whole house or bungalow: Terraced (including end-terrace),140,135,5,1,4
S01007754,Flat maisonette or apartment or mobile/temporary accommodation,89,85,4,0,4
S01007755,All household spaces,428,417,11,0,11
S01007755,Whole house or bungalow: Total,283,280,3,0,3
S01007755,Whole house or bungalow: Detached,12,12,0,0,0
S01007755,Whole house or bungalow: Semi-detached,133,133,0,0,0
S01007755,Whole house or bungalow: Terraced (including end-terrace),138,135,3,0,3
S01007755,Flat maisonette or apartment or mobile/temporary accommodation,145,137,8,0,8
S01007756,All household spaces,301,298,3,0,3
S01007756,Whole house or bungalow: Total,236,233,3,0,3
S01007756,Whole house or bungalow: Detached,5,5,0,0,0
S01007756,Whole house or bungalow: Semi-detached,100,99,1,0,1
S01007756,Whole house or bungalow: Terraced (including end-terrace),131,129,2,0,2
S01007756,Flat maisonette or apartment or mobile/temporary accommodation,65,65,0,0,0
S01007757,All household spaces,375,371,4,0,4
S01007757,Whole house or bungalow: Total,368,364,4,0,4
S01007757,Whole house or bungalow: Detached,157,154,3,0,3
S01007757,Whole house or bungalow: Semi-detached,207,206,1,0,1
S01007757,Whole house or bungalow: Terraced (including end-terrace),4,4,0,0,0
S01007757,Flat maisonette or apartment or mobile/temporary accommodation,7,7,0,0,0
S01007758,All household spaces,486,468,18,4,14
S01007758,Whole house or bungalow: Total,289,279,10,2,8
S01007758,Whole house or bungalow: Detached,157,149,8,2,6
S01007758,Whole house or bungalow: Semi-detached,84,83,1,0,1
S01007758,Whole house or bungalow: Terraced (including end-terrace),48,47,1,0,1
S01007758,Flat maisonette or apartment or mobile/temporary accommodation,197,189,8,2,6
S01007759,All household spaces,643,618,25,6,19
S01007759,Whole house or bungalow: Total,137,130,7,4,3
S01007759,Whole house or bungalow: Detached,44,41,3,1,2
S01007759,Whole house or bungalow: Semi-detached,51,48,3,2,1
S01007759,Whole house or bungalow: Terraced (including end-terrace),42,41,1,1,0
S01007759,Flat maisonette or apartment or mobile/temporary accommodation,506,488,18,2,16
S01007760,All household spaces,272,262,10,1,9
S01007760,Whole house or bungalow: Total,202,195,7,1,6
S01007760,Whole house or bungalow: Detached,107,105,2,0,2
S01007760,Whole house or bungalow: Semi-detached,79,75,4,1,3
S01007760,Whole house or bungalow: Terraced (including end-terrace),16,15,1,0,1
S01007760,Flat maisonette or apartment or mobile/temporary accommodation,70,67,3,0,3
S01007761,All household spaces,394,383,11,6,5
S01007761,Whole house or bungalow: Total,263,253,10,6,4
S01007761,Whole house or bungalow: Detached,95,87,8,6,2
S01007761,Whole house or bungalow: Semi-detached,117,115,2,0,2
S01007761,Whole house or bungalow: Terraced (including end-terrace),51,51,0,0,0
S01007761,Flat maisonette or apartment or mobile/temporary accommodation,131,130,1,0,1
S01007762,All household spaces,498,474,24,6,18
S01007762,Whole house or bungalow: Total,120,118,2,1,1
S01007762,Whole house or bungalow: Detached,43,43,0,0,0
S01007762,Whole house or bungalow: Semi-detached,39,37,2,1,1
S01007762,Whole house or bungalow: Terraced (including end-terrace),38,38,0,0,0
S01007762,Flat maisonette or apartment or mobile/temporary accommodation,378,356,22,5,17
S01007763,All household spaces,338,329,9,0,9
S01007763,Whole house or bungalow: Total,91,90,1,0,1
S01007763,Whole house or bungalow: Detached,16,16,0,0,0
S01007763,Whole house or bungalow: Semi-detached,37,36,1,0,1
S01007763,Whole house or bungalow: Terraced (including end-terrace),38,38,0,0,0
S01007763,Flat maisonette or apartment or mobile/temporary accommodation,247,239,8,0,8
S01007764,All household spaces,311,310,1,0,1
S01007764,Whole house or bungalow: Total,291,290,1,0,1
S01007764,Whole house or bungalow: Detached,106,105,1,0,1
S01007764,Whole house or bungalow: Semi-detached,178,178,0,0,0
S01007764,Whole house or bungalow: Terraced (including end-terrace),7,7,0,0,0
S01007764,Flat maisonette or apartment or mobile/temporary accommodation,20,20,0,0,0
S01007765,All household spaces,309,308,1,0,1
S01007765,Whole house or bungalow: Total,289,288,1,0,1
S01007765,Whole house or bungalow: Detached,123,122,1,0,1
S01007765,Whole house or bungalow: Semi-detached,157,157,0,0,0
S01007765,Whole house or bungalow: Terraced (including end-terrace),9,9,0,0,0
S01007765,Flat maisonette or apartment or mobile/temporary accommodation,20,20,0,0,0
S01007766,All household spaces,384,382,2,0,2
S01007766,Whole house or bungalow: Total,378,376,2,0,2
S01007766,Whole house or bungalow: Detached,139,139,0,0,0
S01007766,Whole house or bungalow: Semi-detached,231,229,2,0,2
S01007766,Whole house or bungalow: Terraced (including end-terrace),8,8,0,0,0
S01007766,Flat maisonette or apartment or mobile/temporary accommodation,6,6,0,0,0
S01007767,All household spaces,405,398,7,1,6
S01007767,Whole house or bungalow: Total,371,365,6,0,6
S01007767,Whole house or bungalow: Detached,154,149,5,0,5
S01007767,Whole house or bungalow: Semi-detached,199,198,1,0,1
S01007767,Whole house or bungalow: Terraced (including end-terrace),18,18,0,0,0
S01007767,Flat maisonette or apartment or mobile/temporary accommodation,34,33,1,1,0
S01007768,All household spaces,369,356,13,1,12
S01007768,Whole house or bungalow: Total,143,136,7,0,7
S01007768,Whole house or bungalow: Detached,47,46,1,0,1
S01007768,Whole house or bungalow: Semi-detached,44,42,2,0,2
S01007768,Whole house or bungalow: Terraced (including end-terrace),52,48,4,0,4
S01007768,Flat maisonette or apartment or mobile/temporary accommodation,226,220,6,1,5
S01007769,All household spaces,328,325,3,0,3
S01007769,Whole house or bungalow: Total,263,261,2,0,2
S01007769,Whole house or bungalow: Detached,149,148,1,0,1
S01007769,Whole house or bungalow: Semi-detached,98,97,1,0,1
S01007769,Whole house or bungalow: Terraced (including end-terrace),16,16,0,0,0
S01007769,Flat maisonette or apartment or mobile/temporary accommodation,65,64,1,0,1
S01007770,All household spaces,324,318,6,1,5
S01007770,Whole house or bungalow: Total,275,269,6,1,5
S01007770,Whole house or bungalow: Detached,173,169,4,0,4
S01007770,Whole house or bungalow: Semi-detached,85,84,1,1,0
S01007770,Whole house or bungalow: Terraced (including end-terrace),17,16,1,0,1
S01007770,Flat maisonette or apartment or mobile/temporary accommodation,49,49,0,0,0
S01007771,All household spaces,239,235,4,0,4
S01007771,Whole house or bungalow: Total,227,223,4,0,4
S01007771,Whole house or bungalow: Detached,127,124,3,0,3
S01007771,Whole house or bungalow: Semi-detached,94,93,1,0,1
S01007771,Whole house or bungalow: Terraced (including end-terrace),6,6,0,0,0
S01007771,Flat maisonette or apartment or mobile/temporary accommodation,12,12,0,0,0
S01007772,All household spaces,561,546,15,0,15
S01007772,Whole house or bungalow: Total,304,293,11,0,11
S01007772,Whole house or bungalow: Detached,30,29,1,0,1
S01007772,Whole house or bungalow: Semi-detached,95,90,5,0,5
S01007772,Whole house or bungalow: Terraced (including end-terrace),179,174,5,0,5
S01007772,Flat maisonette or apartment or mobile/temporary accommodation,257,253,4,0,4
S01007773,All household spaces,315,314,1,0,1
S01007773,Whole house or bungalow: Total,310,309,1,0,1
S01007773,Whole house or bungalow: Detached,144,144,0,0,0
S01007773,Whole house or bungalow: Semi-detached,160,159,1,0,1
S01007773,Whole house or bungalow: Terraced (including end-terrace),6,6,0,0,0
S01007773,Flat maisonette or apartment or mobile/temporary accommodation,5,5,0,0,0
S01007774,All household spaces,325,323,2,0,2
S01007774,Whole house or bungalow: Total,319,317,2,0,2
S01007774,Whole house or bungalow: Detached,261,259,2,0,2
S01007774,Whole house or bungalow: Semi-detached,49,49,0,0,0
S01007774,Whole house or bungalow: Terraced (including end-terrace),9,9,0,0,0
S01007774,Flat maisonette or apartment or mobile/temporary accommodation,6,6,0,0,0
S01007775,All household spaces,349,346,3,0,3
S01007775,Whole house or bungalow: Total,322,320,2,0,2
S01007775,Whole house or bungalow: Detached,171,170,1,0,1
S01007775,Whole house or bungalow: Semi-detached,122,122,0,0,0
S01007775,Whole house or bungalow: Terraced (including end-terrace),29,28,1,0,1
S01007775,Flat maisonette or apartment or mobile/temporary accommodation,27,26,1,0,1
S01007776,All household spaces,288,282,6,1,5
S01007776,Whole house or bungalow: Total,215,212,3,1,2
S01007776,Whole house or bungalow: Detached,176,174,2,0,2
S01007776,Whole house or bungalow: Semi-detached,38,37,1,1,0
S01007776,Whole house or bungalow: Terraced (including end-terrace),1,1,0,0,0
S01007776,Flat maisonette or apartment or mobile/temporary accommodation,73,70,3,0,3
S01007777,All household spaces,316,314,2,0,2
S01007777,Whole house or bungalow: Total,304,303,1,0,1
S01007777,Whole house or bungalow: Detached,234,233,1,0,1
S01007777,Whole house or bungalow: Semi-detached,42,42,0,0,0
S01007777,Whole house or bungalow: Terraced (including end-terrace),28,28,0,0,0
S01007777,Flat maisonette or apartment or mobile/temporary accommodation,12,11,1,0,1
S01007778,All household spaces,157,155,2,0,2
S01007778,Whole house or bungalow: Total,149,147,2,0,2
S01007778,Whole house or bungalow: Detached,136,134,2,0,2
S01007778,Whole house or bungalow: Semi-detached,9,9,0,0,0
S01007778,Whole house or bungalow: Terraced (including end-terrace),4,4,0,0,0
S01007778,Flat maisonette or apartment or mobile/temporary accommodation,8,8,0,0,0
S01007779,All household spaces,316,311,5,1,4
S01007779,Whole house or bungalow: Total,278,273,5,1,4
S01007779,Whole house or bungalow: Detached,73,69,4,1,3
S01007779,Whole house or bungalow: Semi-detached,169,169,0,0,0
S01007779,Whole house or bungalow: Terraced (including end-terrace),36,35,1,0,1
S01007779,Flat maisonette or apartment or mobile/temporary accommodation,38,38,0,0,0
S01007780,All household spaces,338,331,7,3,4
S01007780,Whole house or bungalow: Total,310,304,6,3,3
S01007780,Whole house or bungalow: Detached,63,60,3,3,0
S01007780,Whole house or bungalow: Semi-detached,227,224,3,0,3
S01007780,Whole house or bungalow: Terraced (including end-terrace),20,20,0,0,0
S01007780,Flat maisonette or apartment or mobile/temporary accommodation,28,27,1,0,1
S01007781,All household spaces,387,381,6,0,6
S01007781,Whole house or bungalow: Total,346,342,4,0,4
S01007781,Whole house or bungalow: Detached,41,40,1,0,1
S01007781,Whole house or bungalow: Semi-detached,263,260,3,0,3
S01007781,Whole house or bungalow: Terraced (including end-terrace),42,42,0,0,0
S01007781,Flat maisonette or apartment or mobile/temporary accommodation,41,39,2,0,2
S01007782,All household spaces,262,239,23,16,7
S01007782,Whole house or bungalow: Total,81,77,4,3,1
S01007782,Whole house or bungalow: Detached,5,5,0,0,0
S01007782,Whole house or bungalow: Semi-detached,44,44,0,0,0
S01007782,Whole house or bungalow: Terraced (including end-terrace),32,28,4,3,1
S01007782,Flat maisonette or apartment or mobile/temporary accommodation,181,162,19,13,6
S01007783,All household spaces,521,405,116,5,111
S01007783,Whole house or bungalow: Total,295,288,7,1,6
S01007783,Whole house or bungalow: Detached,14,14,0,0,0
S01007783,Whole house or bungalow: Semi-detached,146,146,0,0,0
S01007783,Whole house or bungalow: Terraced (including end-terrace),135,128,7,1,6
S01007783,Flat maisonette or apartment or mobile/temporary accommodation,226,117,109,4,105
S01007784,All household spaces,290,276,14,11,3
S01007784,Whole house or bungalow: Total,218,213,5,4,1
S01007784,Whole house or bungalow: Detached,23,23,0,0,0
S01007784,Whole house or bungalow: Semi-detached,138,134,4,4,0
S01007784,Whole house or bungalow: Terraced (including end-terrace),57,56,1,0,1
S01007784,Flat maisonette or apartment or mobile/temporary accommodation,72,63,9,7,2
S01007785,All household spaces,281,276,5,0,5
S01007785,Whole house or bungalow: Total,124,123,1,0,1
S01007785,Whole house or bungalow: Detached,11,11,0,0,0
S01007785,Whole house or bungalow: Semi-detached,78,78,0,0,0
S01007785,Whole house or bungalow: Terraced (including end-terrace),35,34,1,0,1
S01007785,Flat maisonette or apartment or mobile/temporary accommodation,157,153,4,0,4
S01007786,All household spaces,336,333,3,0,3
S01007786,Whole house or bungalow: Total,327,324,3,0,3
S01007786,Whole house or bungalow: Detached,7,7,0,0,0
S01007786,Whole house or bungalow: Semi-detached,202,201,1,0,1
S01007786,Whole house or bungalow: Terraced (including end-terrace),118,116,2,0,2
S01007786,Flat maisonette or apartment or mobile/temporary accommodation,9,9,0,0,0
S01007787,All household spaces,278,277,1,0,1
S01007787,Whole house or bungalow: Total,235,234,1,0,1
S01007787,Whole house or bungalow: Detached,2,2,0,0,0
S01007787,Whole house or bungalow: Semi-detached,147,147,0,0,0
S01007787,Whole house or bungalow: Terraced (including end-terrace),86,85,1,0,1
S01007787,Flat maisonette or apartment or mobile/temporary accommodation,43,43,0,0,0
S01007788,All household spaces,271,268,3,0,3
S01007788,Whole house or bungalow: Total,135,132,3,0,3
S01007788,Whole house or bungalow: Detached,8,8,0,0,0
S01007788,Whole house or bungalow: Semi-detached,90,87,3,0,3
S01007788,Whole house or bungalow: Terraced (including end-terrace),37,37,0,0,0
S01007788,Flat maisonette or apartment or mobile/temporary accommodation,136,136,0,0,0
S01007789,All household spaces,239,231,8,7,1
S01007789,Whole house or bungalow: Total,210,202,8,7,1
S01007789,Whole house or bungalow: Detached,16,16,0,0,0
S01007789,Whole house or bungalow: Semi-detached,129,121,8,7,1
S01007789,Whole house or bungalow: Terraced (including end-terrace),65,65,0,0,0
S01007789,Flat maisonette or apartment or mobile/temporary accommodation,29,29,0,0,0
S01007790,All household spaces,338,330,8,6,2
S01007790,Whole house or bungalow: Total,119,117,2,0,2
S01007790,Whole house or bungalow: Detached,6,6,0,0,0
S01007790,Whole house or bungalow: Semi-detached,89,87,2,0,2
S01007790,Whole house or bungalow: Terraced (including end-terrace),24,24,0,0,0
S01007790,Flat maisonette or apartment or mobile/temporary accommodation,219,213,6,6,0
S01007791,All household spaces,177,174,3,0,3
S01007791,Whole house or bungalow: Total,171,168,3,0,3
S01007791,Whole house or bungalow: Detached,48,47,1,0,1
S01007791,Whole house or bungalow: Semi-detached,115,114,1,0,1
S01007791,Whole house or bungalow: Terraced (including end-terrace),8,7,1,0,1
S01007791,Flat maisonette or apartment or mobile/temporary accommodation,6,6,0,0,0
S01007792,All household spaces,389,384,5,0,5
S01007792,Whole house or bungalow: Total,378,373,5,0,5
S01007792,Whole house or bungalow: Detached,9,9,0,0,0
S01007792,Whole house or bungalow: Semi-detached,212,211,1,0,1
S01007792,Whole house or bungalow: Terraced (including end-terrace),157,153,4,0,4
S01007792,Flat maisonette or apartment or mobile/temporary accommodation,11,11,0,0,0
S01007793,All household spaces,472,457,15,8,7
S01007793,Whole house or bungalow: Total,166,163,3,1,2
S01007793,Whole house or bungalow: Detached,8,8,0,0,0
S01007793,Whole house or bungalow: Semi-detached,105,104,1,0,1
S01007793,Whole house or bungalow: Terraced (including end-terrace),53,51,2,1,1
S01007793,Flat maisonette or apartment or mobile/temporary accommodation,306,294,12,7,5
S01007794,All household spaces,240,234,6,4,2
S01007794,Whole house or bungalow: Total,168,166,2,0,2
S01007794,Whole house or bungalow: Detached,5,5,0,0,0
S01007794,Whole house or bungalow: Semi-detached,93,92,1,0,1
S01007794,Whole house or bungalow: Terraced (including end-terrace),70,69,1,0,1
S01007794,Flat maisonette or apartment or mobile/temporary accommodation,72,68,4,4,0
S01007795,All household spaces,262,243,19,16,3
S01007795,Whole house or bungalow: Total,114,104,10,8,2
S01007795,Whole house or bungalow: Detached,9,9,0,0,0
S01007795,Whole house or bungalow: Semi-detached,65,64,1,0,1
S01007795,Whole house or bungalow: Terraced (including end-terrace),40,31,9,8,1
S01007795,Flat maisonette or apartment or mobile/temporary accommodation,148,139,9,8,1
S01007796,All household spaces,320,311,9,0,9
S01007796,Whole house or bungalow: Total,187,184,3,0,3
S01007796,Whole house or bungalow: Detached,30,30,0,0,0
S01007796,Whole house or bungalow: Semi-detached,80,80,0,0,0
S01007796,Whole house or bungalow: Terraced (including end-terrace),77,74,3,0,3
S01007796,Flat maisonette or apartment or mobile/temporary accommodation,133,127,6,0,6
S01007797,All household spaces,287,258,29,18,11
S01007797,Whole house or bungalow: Total,138,131,7,4,3
S01007797,Whole house or bungalow: Detached,8,8,0,0,0
S01007797,Whole house or bungalow: Semi-detached,51,51,0,0,0
S01007797,Whole house or bungalow: Terraced (including end-terrace),79,72,7,4,3
S01007797,Flat maisonette or apartment or mobile/temporary accommodation,149,127,22,14,8
S01007798,All household spaces,229,226,3,3,0
S01007798,Whole house or bungalow: Total,216,213,3,3,0
S01007798,Whole house or bungalow: Detached,86,86,0,0,0
S01007798,Whole house or bungalow: Semi-detached,60,59,1,1,0
S01007798,Whole house or bungalow: Terraced (including end-terrace),70,68,2,2,0
S01007798,Flat maisonette or apartment or mobile/temporary accommodation,13,13,0,0,0
S01007799,All household spaces,195,193,2,0,2
S01007799,Whole house or bungalow: Total,168,167,1,0,1
S01007799,Whole house or bungalow: Detached,123,123,0,0,0
S01007799,Whole house or bungalow: Semi-detached,40,39,1,0,1
S01007799,Whole house or bungalow: Terraced (including end-terrace),5,5,0,0,0
S01007799,Flat maisonette or apartment or mobile/temporary accommodation,27,26,1,0,1
S01007800,All household spaces,386,365,21,18,3
S01007800,Whole house or bungalow: Total,324,310,14,14,0
S01007800,Whole house or bungalow: Detached,10,10,0,0,0
S01007800,Whole house or bungalow: Semi-detached,284,270,14,14,0
S01007800,Whole house or bungalow: Terraced (including end-terrace),30,30,0,0,0
S01007800,Flat maisonette or apartment or mobile/temporary accommodation,62,55,7,4,3
S01007801,All household spaces,401,388,13,0,13
S01007801,Whole house or bungalow: Total,223,219,4,0,4
S01007801,Whole house or bungalow: Detached,10,10,0,0,0
S01007801,Whole house or bungalow: Semi-detached,194,190,4,0,4
S01007801,Whole house or bungalow: Terraced (including end-terrace),19,19,0,0,0
S01007801,Flat maisonette or apartment or mobile/temporary accommodation,178,169,9,0,9
S01007802,All household spaces,205,199,6,0,6
S01007802,Whole house or bungalow: Total,196,193,3,0,3
S01007802,Whole house or bungalow: Detached,4,4,0,0,0
S01007802,Whole house or bungalow: Semi-detached,160,157,3,0,3
S01007802,Whole house or bungalow: Terraced (including end-terrace),32,32,0,0,0
S01007802,Flat maisonette or apartment or mobile/temporary accommodation,9,6,3,0,3
S01007803,All household spaces,530,524,6,0,6
S01007803,Whole house or bungalow: Total,319,314,5,0,5
S01007803,Whole house or bungalow: Detached,22,21,1,0,1
S01007803,Whole house or bungalow: Semi-detached,173,173,0,0,0
S01007803,Whole house or bungalow: Terraced (including end-terrace),124,120,4,0,4
S01007803,Flat maisonette or apartment or mobile/temporary accommodation,211,210,1,0,1
S01007804,All household spaces,265,259,6,0,6
S01007804,Whole house or bungalow: Total,195,193,2,0,2
S01007804,Whole house or bungalow: Detached,11,11,0,0,0
S01007804,Whole house or bungalow: Semi-detached,145,143,2,0,2
S01007804,Whole house or bungalow: Terraced (including end-terrace),39,39,0,0,0
S01007804,Flat maisonette or apartment or mobile/temporary accommodation,70,66,4,0,4
S01007805,All household spaces,207,207,0,0,0
S01007805,Whole house or bungalow: Total,197,197,0,0,0
S01007805,Whole house or bungalow: Detached,11,11,0,0,0
S01007805,Whole house or bungalow: Semi-detached,141,141,0,0,0
S01007805,Whole house or bungalow: Terraced (including end-terrace),45,45,0,0,0
S01007805,Flat maisonette or apartment or mobile/temporary accommodation,10,10,0,0,0
S01007806,All household spaces,312,296,16,14,2
S01007806,Whole house or bungalow: Total,237,222,15,14,1
S01007806,Whole house or bungalow: Detached,2,2,0,0,0
S01007806,Whole house or bungalow: Semi-detached,149,135,14,14,0
S01007806,Whole house or bungalow: Terraced (including end-terrace),86,85,1,0,1
S01007806,Flat maisonette or apartment or mobile/temporary accommodation,75,74,1,0,1
S01007807,All household spaces,262,258,4,4,0
S01007807,Whole house or bungalow: Total,240,236,4,4,0
S01007807,Whole house or bungalow: Detached,70,66,4,4,0
S01007807,Whole house or bungalow: Semi-detached,117,117,0,0,0
S01007807,Whole house or bungalow: Terraced (including end-terrace),53,53,0,0,0
S01007807,Flat maisonette or apartment or mobile/temporary accommodation,22,22,0,0,0
S01007808,All household spaces,325,304,21,16,5
S01007808,Whole house or bungalow: Total,308,287,21,16,5
S01007808,Whole house or bungalow: Detached,30,30,0,0,0
S01007808,Whole house or bungalow: Semi-detached,199,178,21,16,5
S01007808,Whole house or bungalow: Terraced (including end-terrace),79,79,0,0,0
S01007808,Flat maisonette or apartment or mobile/temporary accommodation,17,17,0,0,0
S01007809,All household spaces,406,398,8,6,2
S01007809,Whole house or bungalow: Total,394,386,8,6,2
S01007809,Whole house or bungalow: Detached,46,43,3,3,0
S01007809,Whole house or bungalow: Semi-detached,296,292,4,2,2
S01007809,Whole house or bungalow: Terraced (including end-terrace),52,51,1,1,0
S01007809,Flat maisonette or apartment or mobile/temporary accommodation,12,12,0,0,0
S01007810,All household spaces,390,369,21,19,2
S01007810,Whole house or bungalow: Total,323,302,21,19,2
S01007810,Whole house or bungalow: Detached,14,14,0,0,0
S01007810,Whole house or bungalow: Semi-detached,199,183,16,14,2
S01007810,Whole house or bungalow: Terraced (including end-terrace),110,105,5,5,0
S01007810,Flat maisonette or apartment or mobile/temporary accommodation,67,67,0,0,0
S01007811,All household spaces,353,325,28,21,7
S01007811,Whole house or bungalow: Total,347,319,28,21,7
S01007811,Whole house or bungalow: Detached,15,15,0,0,0
S01007811,Whole house or bungalow: Semi-detached,199,187,12,8,4
S01007811,Whole house or bungalow: Terraced (including end-terrace),133,117,16,13,3
S01007811,Flat maisonette or apartment or mobile/temporary accommodation,6,6,0,0,0
S01007812,All household spaces,355,328,27,19,8
S01007812,Whole house or bungalow: Total,350,323,27,19,8
S01007812,Whole house or bungalow: Detached,9,9,0,0,0
S01007812,Whole house or bungalow: Semi-detached,241,241,0,0,0
S01007812,Whole house or bungalow: Terraced (including end-terrace),100,73,27,19,8
S01007812,Flat maisonette or apartment or mobile/temporary accommodation,5,5,0,0,0
S01007813,All household spaces,317,306,11,7,4
S01007813,Whole house or bungalow: Total,265,256,9,6,3
S01007813,Whole house or bungalow: Detached,20,18,2,2,0
S01007813,Whole house or bungalow: Semi-detached,172,171,1,0,1
S01007813,Whole house or bungalow: Terraced (including end-terrace),73,67,6,4,2
S01007813,Flat maisonette or apartment or mobile/temporary accommodation,52,50,2,1,1
S01007814,All household spaces,239,229,10,7,3
S01007814,Whole house or bungalow: Total,201,191,10,7,3
S01007814,Whole house or bungalow: Detached,12,12,0,0,0
S01007814,Whole house or bungalow: Semi-detached,124,120,4,1,3
S01007814,Whole house or bungalow: Terraced (including end-terrace),65,59,6,6,0
S01007814,Flat maisonette or apartment or mobile/temporary accommodation,38,38,0,0,0
S01007815,All household spaces,356,343,13,11,2
S01007815,Whole house or bungalow: Total,354,341,13,11,2
S01007815,Whole house or bungalow: Detached,129,121,8,8,0
S01007815,Whole house or bungalow: Semi-detached,198,194,4,2,2
S01007815,Whole house or bungalow: Terraced (including end-terrace),27,26,1,1,0
S01007815,Flat maisonette or apartment or mobile/temporary accommodation,2,2,0,0,0
S01007816,All household spaces,274,273,1,0,1
S01007816,Whole house or bungalow: Total,268,267,1,0,1
S01007816,Whole house or bungalow: Detached,48,48,0,0,0
S01007816,Whole house or bungalow: Semi-detached,139,138,1,0,1
S01007816,Whole house or bungalow: Terraced (including end-terrace),81,81,0,0,0
S01007816,Flat maisonette or apartment or mobile/temporary accommodation,6,6,0,0,0
S01007817,All household spaces,210,207,3,0,3
S01007817,Whole house or bungalow: Total,208,205,3,0,3
S01007817,Whole house or bungalow: Detached,7,7,0,0,0
S01007817,Whole house or bungalow: Semi-detached,123,122,1,0,1
S01007817,Whole house or bungalow: Terraced (including end-terrace),78,76,2,0,2
S01007817,Flat maisonette or apartment or mobile/temporary accommodation,2,2,0,0,0
S01007818,All household spaces,319,314,5,3,2
S01007818,Whole house or bungalow: Total,278,273,5,3,2
S01007818,Whole house or bungalow: Detached,63,60,3,3,0
S01007818,Whole house or bungalow: Semi-detached,120,120,0,0,0
S01007818,Whole house or bungalow: Terraced (including end-terrace),95,93,2,0,2
S01007818,Flat maisonette or apartment or mobile/temporary accommodation,41,41,0,0,0
S01007819,All household spaces,358,353,5,1,4
S01007819,Whole house or bungalow: Total,333,329,4,1,3
S01007819,Whole house or bungalow: Detached,41,40,1,0,1
S01007819,Whole house or bungalow: Semi-detached,205,202,3,1,2
S01007819,Whole house or bungalow: Terraced (including end-terrace),87,87,0,0,0
S01007819,Flat maisonette or apartment or mobile/temporary accommodation,25,24,1,0,1
S01007820,All household spaces,414,408,6,2,4
S01007820,Whole house or bungalow: Total,337,333,4,2,2
S01007820,Whole house or bungalow: Detached,37,37,0,0,0
S01007820,Whole house or bungalow: Semi-detached,256,252,4,2,2
S01007820,Whole house or bungalow: Terraced (including end-terrace),44,44,0,0,0
S01007820,Flat maisonette or apartment or mobile/temporary accommodation,77,75,2,0,2
S01007821,All household spaces,246,244,2,2,0
S01007821,Whole house or bungalow: Total,159,157,2,2,0
S01007821,Whole house or bungalow: Detached,35,33,2,2,0
S01007821,Whole house or bungalow: Semi-detached,94,94,0,0,0
S01007821,Whole house or bungalow: Terraced (including end-terrace),30,30,0,0,0
S01007821,Flat maisonette or apartment or mobile/temporary accommodation,87,87,0,0,0
S01007822,All household spaces,353,349,4,0,4
S01007822,Whole house or bungalow: Total,313,311,2,0,2
S01007822,Whole house or bungalow: Detached,52,52,0,0,0
S01007822,Whole house or bungalow: Semi-detached,211,210,1,0,1
S01007822,Whole house or bungalow: Terraced (including end-terrace),50,49,1,0,1
S01007822,Flat maisonette or apartment or mobile/temporary accommodation,40,38,2,0,2
S01007823,All household spaces,319,306,13,4,9
S01007823,Whole house or bungalow: Total,235,229,6,3,3
S01007823,Whole house or bungalow: Detached,36,33,3,1,2
S01007823,Whole house or bungalow: Semi-detached,155,153,2,1,1
S01007823,Whole house or bungalow: Terraced (including end-terrace),44,43,1,1,0
S01007823,Flat maisonette or apartment or mobile/temporary accommodation,84,77,7,1,6
S01007824,All household spaces,358,342,16,11,5
S01007824,Whole house or bungalow: Total,282,269,13,8,5
S01007824,Whole house or bungalow: Detached,103,94,9,8,1
S01007824,Whole house or bungalow: Semi-detached,85,82,3,0,3
S01007824,Whole house or bungalow: Terraced (including end-terrace),94,93,1,0,1
S01007824,Flat maisonette or apartment or mobile/temporary accommodation,76,73,3,3,0
S01007825,All household spaces,485,482,3,0,3
S01007825,Whole house or bungalow: Total,260,260,0,0,0
S01007825,Whole house or bungalow: Detached,69,69,0,0,0
S01007825,Whole house or bungalow: Semi-detached,161,161,0,0,0
S01007825,Whole house or bungalow: Terraced (including end-terrace),30,30,0,0,0
S01007825,Flat maisonette or apartment or mobile/temporary accommodation,225,222,3,0,3
S01007826,All household spaces,267,260,7,0,7
S01007826,Whole house or bungalow: Total,151,149,2,0,2
S01007826,Whole house or bungalow: Detached,13,13,0,0,0
S01007826,Whole house or bungalow: Semi-detached,108,106,2,0,2
S01007826,Whole house or bungalow: Terraced (including end-terrace),30,30,0,0,0
S01007826,Flat maisonette or apartment or mobile/temporary accommodation,116,111,5,0,5
S01007827,All household spaces,299,291,8,0,8
S01007827,Whole house or bungalow: Total,125,125,0,0,0
S01007827,Whole house or bungalow: Detached,16,16,0,0,0
S01007827,Whole house or bungalow: Semi-detached,76,76,0,0,0
S01007827,Whole house or bungalow: Terraced (including end-terrace),33,33,0,0,0
S01007827,Flat maisonette or apartment or mobile/temporary accommodation,174,166,8,0,8
S01007828,All household spaces,609,592,17,2,15
S01007828,Whole house or bungalow: Total,83,83,0,0,0
S01007828,Whole house or bungalow: Detached,6,6,0,0,0
S01007828,Whole house or bungalow: Semi-detached,24,24,0,0,0
S01007828,Whole house or bungalow: Terraced (including end-terrace),53,53,0,0,0
S01007828,Flat maisonette or apartment or mobile/temporary accommodation,526,509,17,2,15
S01007829,All household spaces,353,348,5,0,5
S01007829,Whole house or bungalow: Total,71,69,2,0,2
S01007829,Whole house or bungalow: Detached,33,32,1,0,1
S01007829,Whole house or bungalow: Semi-detached,24,23,1,0,1
S01007829,Whole house or bungalow: Terraced (including end-terrace),14,14,0,0,0
S01007829,Flat maisonette or apartment or mobile/temporary accommodation,282,279,3,0,3
S01007830,All household spaces,559,545,14,1,13
S01007830,Whole house or bungalow: Total,111,108,3,0,3
S01007830,Whole house or bungalow: Detached,12,12,0,0,0
S01007830,Whole house or bungalow: Semi-detached,36,34,2,0,2
S01007830,Whole house or bungalow: Terraced (including end-terrace),63,62,1,0,1
S01007830,Flat maisonette or apartment or mobile/temporary accommodation,448,437,11,1,10
S01007831,All household spaces,516,501,15,0,15
S01007831,Whole house or bungalow: Total,113,104,9,0,9
S01007831,Whole house or bungalow: Detached,16,16,0,0,0
S01007831,Whole house or bungalow: Semi-detached,57,57,0,0,0
S01007831,Whole house or bungalow: Terraced (including end-terrace),40,31,9,0,9
S01007831,Flat maisonette or apartment or mobile/temporary accommodation,403,397,6,0,6
S01007832,All household spaces,364,362,2,0,2
S01007832,Whole house or bungalow: Total,73,72,1,0,1
S01007832,Whole house or bungalow: Detached,14,14,0,0,0
S01007832,Whole house or bungalow: Semi-detached,39,39,0,0,0
S01007832,Whole house or bungalow: Terraced (including end-terrace),20,19,1,0,1
S01007832,Flat maisonette or apartment or mobile/temporary accommodation,291,290,1,0,1
S01007833,All household spaces,485,479,6,0,6
S01007833,Whole house or bungalow: Total,146,145,1,0,1
S01007833,Whole house or bungalow: Detached,49,49,0,0,0
S01007833,Whole house or bungalow: Semi-detached,65,64,1,0,1
S01007833,Whole house or bungalow: Terraced (including end-terrace),32,32,0,0,0
S01007833,Flat maisonette or apartment or mobile/temporary accommodation,339,334,5,0,5
S01007834,All household spaces,432,416,16,1,15
S01007834,Whole house or bungalow: Total,50,45,5,1,4
S01007834,Whole house or bungalow: Detached,2,1,1,1,0
S01007834,Whole house or bungalow: Semi-detached,38,34,4,0,4
S01007834,Whole house or bungalow: Terraced (including end-terrace),10,10,0,0,0
S01007834,Flat maisonette or apartment or mobile/temporary accommodation,382,371,11,0,11
S01007835,All household spaces,329,325,4,0,4
S01007835,Whole house or bungalow: Total,152,150,2,0,2
S01007835,Whole house or bungalow: Detached,32,32,0,0,0
S01007835,Whole house or bungalow: Semi-detached,84,84,0,0,0
S01007835,Whole house or bungalow: Terraced (including end-terrace),36,34,2,0,2
S01007835,Flat maisonette or apartment or mobile/temporary accommodation,177,175,2,0,2
S01007836,All household spaces,299,285,14,2,12
S01007836,Whole house or bungalow: Total,169,164,5,0,5
S01007836,Whole house or bungalow: Detached,49,45,4,0,4
S01007836,Whole house or bungalow: Semi-detached,88,87,1,0,1
S01007836,Whole house or bungalow: Terraced (including end-terrace),32,32,0,0,0
S01007836,Flat maisonette or apartment or mobile/temporary accommodation,130,121,9,2,7
S01007837,All household spaces,362,357,5,0,5
S01007837,Whole house or bungalow: Total,350,345,5,0,5
S01007837,Whole house or bungalow: Detached,80,78,2,0,2
S01007837,Whole house or bungalow: Semi-detached,264,261,3,0,3
S01007837,Whole house or bungalow: Terraced (including end-terrace),6,6,0,0,0
S01007837,Flat maisonette or apartment or mobile/temporary accommodation,12,12,0,0,0
S01007838,All household spaces,402,392,10,0,10
S01007838,Whole house or bungalow: Total,339,331,8,0,8
S01007838,Whole house or bungalow: Detached,71,68,3,0,3
S01007838,Whole house or bungalow: Semi-detached,250,245,5,0,5
S01007838,Whole house or bungalow: Terraced (including end-terrace),18,18,0,0,0
S01007838,Flat maisonette or apartment or mobile/temporary accommodation,63,61,2,0,2
S01007839,All household spaces,284,281,3,0,3
S01007839,Whole house or bungalow: Total,179,178,1,0,1
S01007839,Whole house or bungalow: Detached,39,39,0,0,0
S01007839,Whole house or bungalow: Semi-detached,64,64,0,0,0
S01007839,Whole house or bungalow: Terraced (including end-terrace),76,75,1,0,1
S01007839,Flat maisonette or apartment or mobile/temporary accommodation,105,103,2,0,2
S01007840,All household spaces,433,425,8,0,8
S01007840,Whole house or bungalow: Total,119,119,0,0,0
S01007840,Whole house or bungalow: Detached,3,3,0,0,0
S01007840,Whole house or bungalow: Semi-detached,43,43,0,0,0
S01007840,Whole house or bungalow: Terraced (including end-terrace),73,73,0,0,0
S01007840,Flat maisonette or apartment or mobile/temporary accommodation,314,306,8,0,8
S01007841,All household spaces,344,341,3,0,3
S01007841,Whole house or bungalow: Total,148,148,0,0,0
S01007841,Whole house or bungalow: Detached,2,2,0,0,0
S01007841,Whole house or bungalow: Semi-detached,70,70,0,0,0
S01007841,Whole house or bungalow: Terraced (including end-terrace),76,76,0,0,0
S01007841,Flat maisonette or apartment or mobile/temporary accommodation,196,193,3,0,3
S01007842,All household spaces,400,391,9,0,9
S01007842,Whole house or bungalow: Total,102,101,1,0,1
S01007842,Whole house or bungalow: Detached,4,4,0,0,0
S01007842,Whole house or bungalow: Semi-detached,50,50,0,0,0
S01007842,Whole house or bungalow: Terraced (including end-terrace),48,47,1,0,1
S01007842,Flat maisonette or apartment or mobile/temporary accommodation,298,290,8,0,8
S01007843,All household spaces,363,354,9,0,9
S01007843,Whole house or bungalow: Total,99,97,2,0,2
S01007843,Whole house or bungalow: Detached,7,7,0,0,0
S01007843,Whole house or bungalow: Semi-detached,41,41,0,0,0
S01007843,Whole house or bungalow: Terraced (including end-terrace),51,49,2,0,2
S01007843,Flat maisonette or apartment or mobile/temporary accommodation,264,257,7,0,7
S01007844,All household spaces,534,520,14,0,14
S01007844,Whole house or bungalow: Total,149,145,4,0,4
S01007844,Whole house or bungalow: Detached,10,10,0,0,0
S01007844,Whole house or bungalow: Semi-detached,59,59,0,0,0
S01007844,Whole house or bungalow: Terraced (including end-terrace),80,76,4,0,4
S01007844,Flat maisonette or apartment or mobile/temporary accommodation,385,375,10,0,10
S01007845,All household spaces,450,427,23,0,23
S01007845,Whole house or bungalow: Total,228,222,6,0,6
S01007845,Whole house or bungalow: Detached,9,9,0,0,0
S01007845,Whole house or bungalow: Semi-detached,155,151,4,0,4
S01007845,Whole house or bungalow: Terraced (including end-terrace),64,62,2,0,2
S01007845,Flat maisonette or apartment or mobile/temporary accommodation,222,205,17,0,17
S01007846,All household spaces,351,337,14,4,10
S01007846,Whole house or bungalow: Total,288,276,12,4,8
S01007846,Whole house or bungalow: Detached,8,8,0,0,0
S01007846,Whole house or bungalow: Semi-detached,190,185,5,0,5
S01007846,Whole house or bungalow: Terraced (including end-terrace),90,83,7,4,3
S01007846,Flat maisonette or apartment or mobile/temporary accommodation,63,61,2,0,2
S01007847,All household spaces,461,437,24,8,16
S01007847,Whole house or bungalow: Total,255,247,8,2,6
S01007847,Whole house or bungalow: Detached,6,5,1,0,1
S01007847,Whole house or bungalow: Semi-detached,140,140,0,0,0
S01007847,Whole house or bungalow: Terraced (including end-terrace),109,102,7,2,5
S01007847,Flat maisonette or apartment or mobile/temporary accommodation,206,190,16,6,10
S01007848,All household spaces,475,447,28,10,18
S01007848,Whole house or bungalow: Total,136,129,7,0,7
S01007848,Whole house or bungalow: Detached,5,5,0,0,0
S01007848,Whole house or bungalow: Semi-detached,63,63,0,0,0
S01007848,Whole house or bungalow: Terraced (including end-terrace),68,61,7,0,7
S01007848,Flat maisonette or apartment or mobile/temporary accommodation,339,318,21,10,11
S01007849,All household spaces,434,413,21,2,19
S01007849,Whole house or bungalow: Total,196,190,6,0,6
S01007849,Whole house or bungalow: Detached,16,15,1,0,1
S01007849,Whole house or bungalow: Semi-detached,104,104,0,0,0
S01007849,Whole house or bungalow: Terraced (including end-terrace),76,71,5,0,5
S01007849,Flat maisonette or apartment or mobile/temporary accommodation,238,223,15,2,13
S01007850,All household spaces,299,293,6,5,1
S01007850,Whole house or bungalow: Total,289,283,6,5,1
S01007850,Whole house or bungalow: Detached,9,9,0,0,0
S01007850,Whole house or bungalow: Semi-detached,202,202,0,0,0
S01007850,Whole house or bungalow: Terraced (including end-terrace),78,72,6,5,1
S01007850,Flat maisonette or apartment or mobile/temporary accommodation,10,10,0,0,0
S01007851,All household spaces,490,479,11,4,7
S01007851,Whole house or bungalow: Total,325,317,8,2,6
S01007851,Whole house or bungalow: Detached,57,56,1,0,1
S01007851,Whole house or bungalow: Semi-detached,208,205,3,0,3
S01007851,Whole house or bungalow: Terraced (including end-terrace),60,56,4,2,2
S01007851,Flat maisonette or apartment or mobile/temporary accommodation,165,162,3,2,1
S01007852,All household spaces,377,356,21,0,21
S01007852,Whole house or bungalow: Total,104,104,0,0,0
S01007852,Whole house or bungalow: Detached,2,2,0,0,0
S01007852,Whole house or bungalow: Semi-detached,53,53,0,0,0
S01007852,Whole house or bungalow: Terraced (including end-terrace),49,49,0,0,0
S01007852,Flat maisonette or apartment or mobile/temporary accommodation,273,252,21,0,21
S01007853,All household spaces,486,413,73,0,73
S01007853,Whole house or bungalow: Total,62,59,3,0,3
S01007853,Whole house or bungalow: Detached,20,20,0,0,0
S01007853,Whole house or bungalow: Semi-detached,28,27,1,0,1
S01007853,Whole house or bungalow: Terraced (including end-terrace),14,12,2,0,2
S01007853,Flat maisonette or apartment or mobile/temporary accommodation,424,354,70,0,70
S01007854,All household spaces,578,548,30,0,30
S01007854,Whole house or bungalow: Total,162,159,3,0,3
S01007854,Whole house or bungalow: Detached,25,25,0,0,0
S01007854,Whole house or bungalow: Semi-detached,106,104,2,0,2
S01007854,Whole house or bungalow: Terraced (including end-terrace),31,30,1,0,1
S01007854,Flat maisonette or apartment or mobile/temporary accommodation,416,389,27,0,27
S01007855,All household spaces,337,310,27,8,19
S01007855,Whole house or bungalow: Total,56,52,4,0,4
S01007855,Whole house or bungalow: Detached,20,18,2,0,2
S01007855,Whole house or bungalow: Semi-detached,28,27,1,0,1
S01007855,Whole house or bungalow: Terraced (including end-terrace),8,7,1,0,1
S01007855,Flat maisonette or apartment or mobile/temporary accommodation,281,258,23,8,15
S01007856,All household spaces,374,348,26,1,25
S01007856,Whole house or bungalow: Total,319,293,26,1,25
S01007856,Whole house or bungalow: Detached,34,32,2,0,2
S01007856,Whole house or bungalow: Semi-detached,104,101,3,0,3
S01007856,Whole house or bungalow: Terraced (including end-terrace),181,160,21,1,20
S01007856,Flat maisonette or apartment or mobile/temporary accommodation,55,55,0,0,0
S01007857,All household spaces,245,233,12,10,2
S01007857,Whole house or bungalow: Total,187,178,9,9,0
S01007857,Whole house or bungalow: Detached,7,7,0,0,0
S01007857,Whole house or bungalow: Semi-detached,111,111,0,0,0
S01007857,Whole house or bungalow: Terraced (including end-terrace),69,60,9,9,0
S01007857,Flat maisonette or apartment or mobile/temporary accommodation,58,55,3,1,2
S01007858,All household spaces,537,533,4,0,4
S01007858,Whole house or bungalow: Total,417,413,4,0,4
S01007858,Whole house or bungalow: Detached,55,54,1,0,1
S01007858,Whole house or bungalow: Semi-detached,261,260,1,0,1
S01007858,Whole house or bungalow: Terraced (including end-terrace),101,99,2,0,2
S01007858,Flat maisonette or apartment or mobile/temporary accommodation,120,120,0,0,0
S01007859,All household spaces,249,246,3,0,3
S01007859,Whole house or bungalow: Total,185,183,2,0,2
S01007859,Whole house or bungalow: Detached,20,20,0,0,0
S01007859,Whole house or bungalow: Semi-detached,143,142,1,0,1
S01007859,Whole house or bungalow: Terraced (including end-terrace),22,21,1,0,1
S01007859,Flat maisonette or apartment or mobile/temporary accommodation,64,63,1,0,1
S01007860,All household spaces,240,237,3,0,3
S01007860,Whole house or bungalow: Total,215,212,3,0,3
S01007860,Whole house or bungalow: Detached,97,94,3,0,3
S01007860,Whole house or bungalow: Semi-detached,111,111,0,0,0
S01007860,Whole house or bungalow: Terraced (including end-terrace),7,7,0,0,0
S01007860,Flat maisonette or apartment or mobile/temporary accommodation,25,25,0,0,0
S01007861,All household spaces,263,254,9,6,3
S01007861,Whole house or bungalow: Total,259,250,9,6,3
S01007861,Whole house or bungalow: Detached,7,7,0,0,0
S01007861,Whole house or bungalow: Semi-detached,164,163,1,0,1
S01007861,Whole house or bungalow: Terraced (including end-terrace),88,80,8,6,2
S01007861,Flat maisonette or apartment or mobile/temporary accommodation,4,4,0,0,0
S01007862,All household spaces,312,308,4,0,4
S01007862,Whole house or bungalow: Total,284,281,3,0,3
S01007862,Whole house or bungalow: Detached,6,6,0,0,0
S01007862,Whole house or bungalow: Semi-detached,241,239,2,0,2
S01007862,Whole house or bungalow: Terraced (including end-terrace),37,36,1,0,1
S01007862,Flat maisonette or apartment or mobile/temporary accommodation,28,27,1,0,1
S01007863,All household spaces,458,441,17,0,17
S01007863,Whole house or bungalow: Total,181,180,1,0,1
S01007863,Whole house or bungalow: Detached,4,4,0,0,0
S01007863,Whole house or bungalow: Semi-detached,123,123,0,0,0
S01007863,Whole house or bungalow: Terraced (including end-terrace),54,53,1,0,1
S01007863,Flat maisonette or apartment or mobile/temporary accommodation,277,261,16,0,16
S01007864,All household spaces,496,486,10,0,10
S01007864,Whole house or bungalow: Total,343,342,1,0,1
S01007864,Whole house or bungalow: Detached,19,19,0,0,0
S01007864,Whole house or bungalow: Semi-detached,126,126,0,0,0
S01007864,Whole house or bungalow: Terraced (including end-terrace),198,197,1,0,1
S01007864,Flat maisonette or apartment or mobile/temporary accommodation,153,144,9,0,9
S01007865,All household spaces,230,229,1,0,1
S01007865,Whole house or bungalow: Total,223,222,1,0,1
S01007865,Whole house or bungalow: Detached,181,180,1,0,1
S01007865,Whole house or bungalow: Semi-detached,36,36,0,0,0
S01007865,Whole house or bungalow: Terraced (including end-terrace),6,6,0,0,0
S01007865,Flat maisonette or apartment or mobile/temporary accommodation,7,7,0,0,0
S01007866,All household spaces,210,209,1,0,1
S01007866,Whole house or bungalow: Total,209,208,1,0,1
S01007866,Whole house or bungalow: Detached,107,106,1,0,1
S01007866,Whole house or bungalow: Semi-detached,98,98,0,0,0
S01007866,Whole house or bungalow: Terraced (including end-terrace),4,4,0,0,0
S01007866,Flat maisonette or apartment or mobile/temporary accommodation,1,1,0,0,0
S01007867,All household spaces,207,195,12,1,11
S01007867,Whole house or bungalow: Total,148,142,6,0,6
S01007867,Whole house or bungalow: Detached,57,56,1,0,1
S01007867,Whole house or bungalow: Semi-detached,37,33,4,0,4
S01007867,Whole house or bungalow: Terraced (including end-terrace),54,53,1,0,1
S01007867,Flat maisonette or apartment or mobile/temporary accommodation,59,53,6,1,5
S01007868,All household spaces,354,351,3,0,3
S01007868,Whole house or bungalow: Total,339,336,3,0,3
S01007868,Whole house or bungalow: Detached,131,129,2,0,2
S01007868,Whole house or bungalow: Semi-detached,204,203,1,0,1
S01007868,Whole house or bungalow: Terraced (including end-terrace),4,4,0,0,0
S01007868,Flat maisonette or apartment or mobile/temporary accommodation,15,15,0,0,0
S01007869,All household spaces,367,362,5,0,5
S01007869,Whole house or bungalow: Total,319,315,4,0,4
S01007869,Whole house or bungalow: Detached,213,209,4,0,4
S01007869,Whole house or bungalow: Semi-detached,102,102,0,0,0
S01007869,Whole house or bungalow: Terraced (including end-terrace),4,4,0,0,0
S01007869,Flat maisonette or apartment or mobile/temporary accommodation,48,47,1,0,1
S01007870,All household spaces,209,199,10,2,8
S01007870,Whole house or bungalow: Total,202,192,10,2,8
S01007870,Whole house or bungalow: Detached,98,91,7,1,6
S01007870,Whole house or bungalow: Semi-detached,58,57,1,0,1
S01007870,Whole house or bungalow: Terraced (including end-terrace),46,44,2,1,1
S01007870,Flat maisonette or apartment or mobile/temporary accommodation,7,7,0,0,0
S01007871,All household spaces,293,285,8,0,8
S01007871,Whole house or bungalow: Total,264,256,8,0,8
S01007871,Whole house or bungalow: Detached,13,13,0,0,0
S01007871,Whole house or bungalow: Semi-detached,119,119,0,0,0
S01007871,Whole house or bungalow: Terraced (including end-terrace),132,124,8,0,8
S01007871,Flat maisonette or apartment or mobile/temporary accommodation,29,29,0,0,0
S01007872,All household spaces,337,322,15,7,8
S01007872,Whole house or bungalow: Total,220,211,9,1,8
S01007872,Whole house or bungalow: Detached,12,12,0,0,0
S01007872,Whole house or bungalow: Semi-detached,83,82,1,0,1
S01007872,Whole house or bungalow: Terraced (including end-terrace),125,117,8,1,7
S01007872,Flat maisonette or apartment or mobile/temporary accommodation,117,111,6,6,0
S01007873,All household spaces,309,295,14,1,13
S01007873,Whole house or bungalow: Total,195,188,7,1,6
S01007873,Whole house or bungalow: Detached,54,53,1,0,1
S01007873,Whole house or bungalow: Semi-detached,97,94,3,1,2
S01007873,Whole house or bungalow: Terraced (including end-terrace),44,41,3,0,3
S01007873,Flat maisonette or apartment or mobile/temporary accommodation,114,107,7,0,7
S01007874,All household spaces,379,367,12,1,11
S01007874,Whole house or bungalow: Total,169,165,4,1,3
S01007874,Whole house or bungalow: Detached,41,40,1,0,1
S01007874,Whole house or bungalow: Semi-detached,62,61,1,0,1
S01007874,Whole house or bungalow: Terraced (including end-terrace),66,64,2,1,1
S01007874,Flat maisonette or apartment or mobile/temporary accommodation,210,202,8,0,8
S01007875,All household spaces,253,242,11,9,2
S01007875,Whole house or bungalow: Total,247,236,11,9,2
S01007875,Whole house or bungalow: Detached,33,30,3,2,1
S01007875,Whole house or bungalow: Semi-detached,74,73,1,0,1
S01007875,Whole house or bungalow: Terraced (including end-terrace),140,133,7,7,0
S01007875,Flat maisonette or apartment or mobile/temporary accommodation,6,6,0,0,0
S01007876,All household spaces,429,420,9,5,4
S01007876,Whole house or bungalow: Total,397,389,8,4,4
S01007876,Whole house or bungalow: Detached,116,111,5,4,1
S01007876,Whole house or bungalow: Semi-detached,163,162,1,0,1
S01007876,Whole house or bungalow: Terraced (including end-terrace),118,116,2,0,2
S01007876,Flat maisonette or apartment or mobile/temporary accommodation,32,31,1,1,0
S01007877,All household spaces,344,336,8,0,8
S01007877,Whole house or bungalow: Total,294,291,3,0,3
S01007877,Whole house or bungalow: Detached,57,57,0,0,0
S01007877,Whole house or bungalow: Semi-detached,170,169,1,0,1
S01007877,Whole house or bungalow: Terraced (including end-terrace),67,65,2,0,2
S01007877,Flat maisonette or apartment or mobile/temporary accommodation,50,45,5,0,5
S01007878,All household spaces,304,281,23,8,15
S01007878,Whole house or bungalow: Total,198,194,4,0,4
S01007878,Whole house or bungalow: Detached,23,23,0,0,0
S01007878,Whole house or bungalow: Semi-detached,83,81,2,0,2
S01007878,Whole house or bungalow: Terraced (including end-terrace),92,90,2,0,2
S01007878,Flat maisonette or apartment or mobile/temporary accommodation,106,87,19,8,11
S01007879,All household spaces,325,320,5,0,5
S01007879,Whole house or bungalow: Total,314,309,5,0,5
S01007879,Whole house or bungalow: Detached,24,22,2,0,2
S01007879,Whole house or bungalow: Semi-detached,168,167,1,0,1
S01007879,Whole house or bungalow: Terraced (including end-terrace),122,120,2,0,2
S01007879,Flat maisonette or apartment or mobile/temporary accommodation,11,11,0,0,0
S01007880,All household spaces,191,178,13,5,8
S01007880,Whole house or bungalow: Total,156,144,12,5,7
S01007880,Whole house or bungalow: Detached,106,99,7,3,4
S01007880,Whole house or bungalow: Semi-detached,33,33,0,0,0
S01007880,Whole house or bungalow: Terraced (including end-terrace),17,12,5,2,3
S01007880,Flat maisonette or apartment or mobile/temporary accommodation,35,34,1,0,1
S01007881,All household spaces,267,244,23,3,20
S01007881,Whole house or bungalow: Total,174,166,8,2,6
S01007881,Whole house or bungalow: Detached,63,59,4,2,2
S01007881,Whole house or bungalow: Semi-detached,65,65,0,0,0
S01007881,Whole house or bungalow: Terraced (including end-terrace),46,42,4,0,4
S01007881,Flat maisonette or apartment or mobile/temporary accommodation,93,78,15,1,14
S01007882,All household spaces,279,268,11,1,10
S01007882,Whole house or bungalow: Total,270,260,10,1,9
S01007882,Whole house or bungalow: Detached,203,199,4,0,4
S01007882,Whole house or bungalow: Semi-detached,44,43,1,0,1
S01007882,Whole house or bungalow: Terraced (including end-terrace),23,18,5,1,4
S01007882,Flat maisonette or apartment or mobile/temporary accommodation,9,8,1,0,1
S01007883,All household spaces,477,468,9,0,9
S01007883,Whole house or bungalow: Total,371,365,6,0,6
S01007883,Whole house or bungalow: Detached,130,128,2,0,2
S01007883,Whole house or bungalow: Semi-detached,130,130,0,0,0
S01007883,Whole house or bungalow: Terraced (including end-terrace),111,107,4,0,4
S01007883,Flat maisonette or apartment or mobile/temporary accommodation,106,103,3,0,3
S01007884,All household spaces,275,269,6,0,6
S01007884,Whole house or bungalow: Total,259,253,6,0,6
S01007884,Whole house or bungalow: Detached,25,23,2,0,2
S01007884,Whole house or bungalow: Semi-detached,80,78,2,0,2
S01007884,Whole house or bungalow: Terraced (including end-terrace),154,152,2,0,2
S01007884,Flat maisonette or apartment or mobile/temporary accommodation,16,16,0,0,0
S01007885,All household spaces,364,345,19,2,17
S01007885,Whole house or bungalow: Total,186,184,2,0,2
S01007885,Whole house or bungalow: Detached,23,22,1,0,1
S01007885,Whole house or bungalow: Semi-detached,86,86,0,0,0
S01007885,Whole house or bungalow: Terraced (including end-terrace),77,76,1,0,1
S01007885,Flat maisonette or apartment or mobile/temporary accommodation,178,161,17,2,15
S01007886,All household spaces,452,433,19,0,19
S01007886,Whole house or bungalow: Total,282,274,8,0,8
S01007886,Whole house or bungalow: Detached,98,94,4,0,4
S01007886,Whole house or bungalow: Semi-detached,65,61,4,0,4
S01007886,Whole house or bungalow: Terraced (including end-terrace),119,119,0,0,0
S01007886,Flat maisonette or apartment or mobile/temporary accommodation,170,159,11,0,11
S01007887,All household spaces,242,230,12,0,12
S01007887,Whole house or bungalow: Total,229,218,11,0,11
S01007887,Whole house or bungalow: Detached,161,155,6,0,6
S01007887,Whole house or bungalow: Semi-detached,37,33,4,0,4
S01007887,Whole house or bungalow: Terraced (including end-terrace),31,30,1,0,1
S01007887,Flat maisonette or apartment or mobile/temporary accommodation,13,12,1,0,1
S01007888,All household spaces,459,451,8,7,1
S01007888,Whole house or bungalow: Total,446,438,8,7,1
S01007888,Whole house or bungalow: Detached,29,29,0,0,0
S01007888,Whole house or bungalow: Semi-detached,165,164,1,0,1
S01007888,Whole house or bungalow: Terraced (including end-terrace),252,245,7,7,0
S01007888,Flat maisonette or apartment or mobile/temporary accommodation,13,13,0,0,0
S01007889,All household spaces,250,242,8,1,7
S01007889,Whole house or bungalow: Total,238,230,8,1,7
S01007889,Whole house or bungalow: Detached,11,11,0,0,0
S01007889,Whole house or bungalow: Semi-detached,80,78,2,0,2
S01007889,Whole house or bungalow: Terraced (including end-terrace),147,141,6,1,5
S01007889,Flat maisonette or apartment or mobile/temporary accommodation,12,12,0,0,0
S01007890,All household spaces,305,300,5,1,4
S01007890,Whole house or bungalow: Total,294,289,5,1,4
S01007890,Whole house or bungalow: Detached,90,88,2,1,1
S01007890,Whole house or bungalow: Semi-detached,139,138,1,0,1
S01007890,Whole house or bungalow: Terraced (including end-terrace),65,63,2,0,2
S01007890,Flat maisonette or apartment or mobile/temporary accommodation,11,11,0,0,0
S01007891,All household spaces,388,370,18,3,15
S01007891,Whole house or bungalow: Total,309,293,16,3,13
S01007891,Whole house or bungalow: Detached,124,122,2,2,0
S01007891,Whole house or bungalow: Semi-detached,110,110,0,0,0
S01007891,Whole house or bungalow: Terraced (including end-terrace),75,61,14,1,13
S01007891,Flat maisonette or apartment or mobile/temporary accommodation,79,77,2,0,2
S01007892,All household spaces,348,341,7,2,5
S01007892,Whole house or bungalow: Total,265,260,5,0,5
S01007892,Whole house or bungalow: Detached,181,176,5,0,5
S01007892,Whole house or bungalow: Semi-detached,38,38,0,0,0
S01007892,Whole house or bungalow: Terraced (including end-terrace),46,46,0,0,0
S01007892,Flat maisonette or apartment or mobile/temporary accommodation,83,81,2,2,0
S01007893,All household spaces,431,423,8,2,6
S01007893,Whole house or bungalow: Total,406,401,5,0,5
S01007893,Whole house or bungalow: Detached,249,246,3,0,3
S01007893,Whole house or bungalow: Semi-detached,109,108,1,0,1
S01007893,Whole house or bungalow: Terraced (including end-terrace),48,47,1,0,1
S01007893,Flat maisonette or apartment or mobile/temporary accommodation,25,22,3,2,1
S01007894,All household spaces,393,386,7,0,7
S01007894,Whole house or bungalow: Total,358,352,6,0,6
S01007894,Whole house or bungalow: Detached,28,28,0,0,0
S01007894,Whole house or bungalow: Semi-detached,150,148,2,0,2
S01007894,Whole house or bungalow: Terraced (including end-terrace),180,176,4,0,4
S01007894,Flat maisonette or apartment or mobile/temporary accommodation,35,34,1,0,1
S01007895,All household spaces,261,249,12,1,11
S01007895,Whole house or bungalow: Total,195,190,5,1,4
S01007895,Whole house or bungalow: Detached,91,90,1,0,1
S01007895,Whole house or bungalow: Semi-detached,49,48,1,1,0
S01007895,Whole house or bungalow: Terraced (including end-terrace),55,52,3,0,3
S01007895,Flat maisonette or apartment or mobile/temporary accommodation,66,59,7,0,7
S01007896,All household spaces,407,387,20,1,19
S01007896,Whole house or bungalow: Total,215,204,11,1,10
S01007896,Whole house or bungalow: Detached,17,17,0,0,0
S01007896,Whole house or bungalow: Semi-detached,111,106,5,1,4
S01007896,Whole house or bungalow: Terraced (including end-terrace),87,81,6,0,6
S01007896,Flat maisonette or apartment or mobile/temporary accommodation,192,183,9,0,9
S01007897,All household spaces,174,165,9,0,9
S01007897,Whole house or bungalow: Total,169,160,9,0,9
S01007897,Whole house or bungalow: Detached,129,122,7,0,7
S01007897,Whole house or bungalow: Semi-detached,30,29,1,0,1
S01007897,Whole house or bungalow: Terraced (including end-terrace),10,9,1,0,1
S01007897,Flat maisonette or apartment or mobile/temporary accommodation,5,5,0,0,0
S01007898,All household spaces,181,166,15,2,13
S01007898,Whole house or bungalow: Total,177,163,14,1,13
S01007898,Whole house or bungalow: Detached,137,125,12,0,12
S01007898,Whole house or bungalow: Semi-detached,37,35,2,1,1
S01007898,Whole house or bungalow: Terraced (including end-terrace),3,3,0,0,0
S01007898,Flat maisonette or apartment or mobile/temporary accommodation,4,3,1,1,0
S01007899,All household spaces,157,145,12,3,9
S01007899,Whole house or bungalow: Total,126,119,7,1,6
S01007899,Whole house or bungalow: Detached,102,96,6,0,6
S01007899,Whole house or bungalow: Semi-detached,15,15,0,0,0
S01007899,Whole house or bungalow: Terraced (including end-terrace),9,8,1,1,0
S01007899,Flat maisonette or apartment or mobile/temporary accommodation,31,26,5,2,3
S01007900,All household spaces,246,232,14,8,6
S01007900,Whole house or bungalow: Total,242,231,11,8,3
S01007900,Whole house or bungalow: Detached,16,15,1,0,1
S01007900,Whole house or bungalow: Semi-detached,166,165,1,0,1
S01007900,Whole house or bungalow: Terraced (including end-terrace),60,51,9,8,1
S01007900,Flat maisonette or apartment or mobile/temporary accommodation,4,1,3,0,3
S01007901,All household spaces,329,317,12,0,12
S01007901,Whole house or bungalow: Total,310,302,8,0,8
S01007901,Whole house or bungalow: Detached,34,34,0,0,0
S01007901,Whole house or bungalow: Semi-detached,111,108,3,0,3
S01007901,Whole house or bungalow: Terraced (including end-terrace),165,160,5,0,5
S01007901,Flat maisonette or apartment or mobile/temporary accommodation,19,15,4,0,4
S01007902,All household spaces,408,394,14,0,14
S01007902,Whole house or bungalow: Total,393,379,14,0,14
S01007902,Whole house or bungalow: Detached,31,31,0,0,0
S01007902,Whole house or bungalow: Semi-detached,228,217,11,0,11
S01007902,Whole house or bungalow: Terraced (including end-terrace),134,131,3,0,3
S01007902,Flat maisonette or apartment or mobile/temporary accommodation,15,15,0,0,0
S01007903,All household spaces,359,322,37,14,23
S01007903,Whole house or bungalow: Total,251,229,22,10,12
S01007903,Whole house or bungalow: Detached,83,75,8,4,4
S01007903,Whole house or bungalow: Semi-detached,90,87,3,1,2
S01007903,Whole house or bungalow: Terraced (including end-terrace),78,67,11,5,6
S01007903,Flat maisonette or apartment or mobile/temporary accommodation,108,93,15,4,11
S01007904,All household spaces,368,312,56,7,49
S01007904,Whole house or bungalow: Total,327,290,37,5,32
S01007904,Whole house or bungalow: Detached,220,190,30,4,26
S01007904,Whole house or bungalow: Semi-detached,64,62,2,0,2
S01007904,Whole house or bungalow: Terraced (including end-terrace),43,38,5,1,4
S01007904,Flat maisonette or apartment or mobile/temporary accommodation,41,22,19,2,17
S01007905,All household spaces,315,292,23,0,23
S01007905,Whole house or bungalow: Total,309,286,23,0,23
S01007905,Whole house or bungalow: Detached,25,25,0,0,0
S01007905,Whole house or bungalow: Semi-detached,151,141,10,0,10
S01007905,Whole house or bungalow: Terraced (including end-terrace),133,120,13,0,13
S01007905,Flat maisonette or apartment or mobile/temporary accommodation,6,6,0,0,0
S01007906,All household spaces,399,382,17,3,14
S01007906,Whole house or bungalow: Total,215,206,9,2,7
S01007906,Whole house or bungalow: Detached,28,27,1,0,1
S01007906,Whole house or bungalow: Semi-detached,135,129,6,2,4
S01007906,Whole house or bungalow: Terraced (including end-terrace),52,50,2,0,2
S01007906,Flat maisonette or apartment or mobile/temporary accommodation,184,176,8,1,7
S01007907,All household spaces,283,254,29,8,21
S01007907,Whole house or bungalow: Total,240,227,13,6,7
S01007907,Whole house or bungalow: Detached,19,18,1,1,0
S01007907,Whole house or bungalow: Semi-detached,171,165,6,2,4
S01007907,Whole house or bungalow: Terraced (including end-terrace),50,44,6,3,3
S01007907,Flat maisonette or apartment or mobile/temporary accommodation,43,27,16,2,14
S01007908,All household spaces,438,419,19,9,10
S01007908,Whole house or bungalow: Total,318,305,13,7,6
S01007908,Whole house or bungalow: Detached,153,149,4,2,2
S01007908,Whole house or bungalow: Semi-detached,122,118,4,2,2
S01007908,Whole house or bungalow: Terraced (including end-terrace),43,38,5,3,2
S01007908,Flat maisonette or apartment or mobile/temporary accommodation,120,114,6,2,4
S01007909,All household spaces,227,226,1,0,1
S01007909,Whole house or bungalow: Total,220,219,1,0,1
S01007909,Whole house or bungalow: Detached,6,6,0,0,0
S01007909,Whole house or bungalow: Semi-detached,77,77,0,0,0
S01007909,Whole house or bungalow: Terraced (including end-terrace),137,136,1,0,1
S01007909,Flat maisonette or apartment or mobile/temporary accommodation,7,7,0,0,0
S01007910,All household spaces,375,369,6,2,4
S01007910,Whole house or bungalow: Total,230,226,4,2,2
S01007910,Whole house or bungalow: Detached,29,29,0,0,0
S01007910,Whole house or bungalow: Semi-detached,112,112,0,0,0
S01007910,Whole house or bungalow: Terraced (including end-terrace),89,85,4,2,2
S01007910,Flat maisonette or apartment or mobile/temporary accommodation,145,143,2,0,2
S01007911,All household spaces,362,348,14,1,13
S01007911,Whole house or bungalow: Total,254,250,4,0,4
S01007911,Whole house or bungalow: Detached,104,102,2,0,2
S01007911,Whole house or bungalow: Semi-detached,91,90,1,0,1
S01007911,Whole house or bungalow: Terraced (including end-terrace),59,58,1,0,1
S01007911,Flat maisonette or apartment or mobile/temporary accommodation,108,98,10,1,9
S01007912,All household spaces,355,346,9,3,6
S01007912,Whole house or bungalow: Total,251,251,0,0,0
S01007912,Whole house or bungalow: Detached,48,48,0,0,0
S01007912,Whole house or bungalow: Semi-detached,149,149,0,0,0
S01007912,Whole house or bungalow: Terraced (including end-terrace),54,54,0,0,0
S01007912,Flat maisonette or apartment or mobile/temporary accommodation,104,95,9,3,6
S01007913,All household spaces,318,304,14,2,12
S01007913,Whole house or bungalow: Total,124,118,6,2,4
S01007913,Whole house or bungalow: Detached,15,15,0,0,0
S01007913,Whole house or bungalow: Semi-detached,81,79,2,0,2
S01007913,Whole house or bungalow: Terraced (including end-terrace),28,24,4,2,2
S01007913,Flat maisonette or apartment or mobile/temporary accommodation,194,186,8,0,8
S01007914,All household spaces,296,279,17,3,14
S01007914,Whole house or bungalow: Total,253,240,13,1,12
S01007914,Whole house or bungalow: Detached,23,23,0,0,0
S01007914,Whole house or bungalow: Semi-detached,69,69,0,0,0
S01007914,Whole house or bungalow: Terraced (including end-terrace),161,148,13,1,12
S01007914,Flat maisonette or apartment or mobile/temporary accommodation,43,39,4,2,2
S01007915,All household spaces,376,361,15,4,11
S01007915,Whole house or bungalow: Total,327,322,5,2,3
S01007915,Whole house or bungalow: Detached,22,22,0,0,0
S01007915,Whole house or bungalow: Semi-detached,92,92,0,0,0
S01007915,Whole house or bungalow: Terraced (including end-terrace),213,208,5,2,3
S01007915,Flat maisonette or apartment or mobile/temporary accommodation,49,39,10,2,8
S01007916,All household spaces,408,399,9,0,9
S01007916,Whole house or bungalow: Total,289,283,6,0,6
S01007916,Whole house or bungalow: Detached,58,58,0,0,0
S01007916,Whole house or bungalow: Semi-detached,171,166,5,0,5
S01007916,Whole house or bungalow: Terraced (including end-terrace),60,59,1,0,1
S01007916,Flat maisonette or apartment or mobile/temporary accommodation,119,116,3,0,3
S01007917,All household spaces,379,369,10,1,9
S01007917,Whole house or bungalow: Total,310,306,4,1,3
S01007917,Whole house or bungalow: Detached,24,24,0,0,0
S01007917,Whole house or bungalow: Semi-detached,86,86,0,0,0
S01007917,Whole house or bungalow: Terraced (including end-terrace),200,196,4,1,3
S01007917,Flat maisonette or apartment or mobile/temporary accommodation,69,63,6,0,6
S01007918,All household spaces,477,446,31,12,19
S01007918,Whole house or bungalow: Total,260,254,6,1,5
S01007918,Whole house or bungalow: Detached,63,63,0,0,0
S01007918,Whole house or bungalow: Semi-detached,144,142,2,0,2
S01007918,Whole house or bungalow: Terraced (including end-terrace),53,49,4,1,3
S01007918,Flat maisonette or apartment or mobile/temporary accommodation,217,192,25,11,14
S01007919,All household spaces,314,303,11,0,11
S01007919,Whole house or bungalow: Total,305,294,11,0,11
S01007919,Whole house or bungalow: Detached,268,259,9,0,9
S01007919,Whole house or bungalow: Semi-detached,32,30,2,0,2
S01007919,Whole house or bungalow: Terraced (including end-terrace),5,5,0,0,0
S01007919,Flat maisonette or apartment or mobile/temporary accommodation,9,9,0,0,0
S01007920,All household spaces,254,245,9,1,8
S01007920,Whole house or bungalow: Total,245,236,9,1,8
S01007920,Whole house or bungalow: Detached,148,146,2,1,1
S01007920,Whole house or bungalow: Semi-detached,92,85,7,0,7
S01007920,Whole house or bungalow: Terraced (including end-terrace),5,5,0,0,0
S01007920,Flat maisonette or apartment or mobile/temporary accommodation,9,9,0,0,0
S01007921,All household spaces,434,422,12,0,12
S01007921,Whole house or bungalow: Total,410,398,12,0,12
S01007921,Whole house or bungalow: Detached,18,18,0,0,0
S01007921,Whole house or bungalow: Semi-detached,146,143,3,0,3
S01007921,Whole house or bungalow: Terraced (including end-terrace),246,237,9,0,9
S01007921,Flat maisonette or apartment or mobile/temporary accommodation,24,24,0,0,0
S01007922,All household spaces,402,386,16,2,14
S01007922,Whole house or bungalow: Total,271,261,10,1,9
S01007922,Whole house or bungalow: Detached,14,14,0,0,0
S01007922,Whole house or bungalow: Semi-detached,161,158,3,1,2
S01007922,Whole house or bungalow: Terraced (including end-terrace),96,89,7,0,7
S01007922,Flat maisonette or apartment or mobile/temporary accommodation,131,125,6,1,5
S01007923,All household spaces,433,412,21,5,16
S01007923,Whole house or bungalow: Total,379,363,16,5,11
S01007923,Whole house or bungalow: Detached,122,120,2,0,2
S01007923,Whole house or bungalow: Semi-detached,139,136,3,0,3
S01007923,Whole house or bungalow: Terraced (including end-terrace),118,107,11,5,6
S01007923,Flat maisonette or apartment or mobile/temporary accommodation,54,49,5,0,5
S01007924,All household spaces,453,430,23,1,22
S01007924,Whole house or bungalow: Total,316,308,8,1,7
S01007924,Whole house or bungalow: Detached,102,100,2,1,1
S01007924,Whole house or bungalow: Semi-detached,113,109,4,0,4
S01007924,Whole house or bungalow: Terraced (including end-terrace),101,99,2,0,2
S01007924,Flat maisonette or apartment or mobile/temporary accommodation,137,122,15,0,15
S01007925,All household spaces,184,176,8,2,6
S01007925,Whole house or bungalow: Total,177,169,8,2,6
S01007925,Whole house or bungalow: Detached,139,133,6,1,5
S01007925,Whole house or bungalow: Semi-detached,28,27,1,0,1
S01007925,Whole house or bungalow: Terraced (including end-terrace),10,9,1,1,0
S01007925,Flat maisonette or apartment or mobile/temporary accommodation,7,7,0,0,0
S01007926,All household spaces,186,175,11,2,9
S01007926,Whole house or bungalow: Total,182,171,11,2,9
S01007926,Whole house or bungalow: Detached,121,117,4,0,4
S01007926,Whole house or bungalow: Semi-detached,37,36,1,1,0
S01007926,Whole house or bungalow: Terraced (including end-terrace),24,18,6,1,5
S01007926,Flat maisonette or apartment or mobile/temporary accommodation,4,4,0,0,0
S01007927,All household spaces,246,237,9,0,9
S01007927,Whole house or bungalow: Total,238,229,9,0,9
S01007927,Whole house or bungalow: Detached,173,165,8,0,8
S01007927,Whole house or bungalow: Semi-detached,43,43,0,0,0
S01007927,Whole house or bungalow: Terraced (including end-terrace),22,21,1,0,1
S01007927,Flat maisonette or apartment or mobile/temporary accommodation,8,8,0,0,0
S01007928,All household spaces,429,418,11,1,10
S01007928,Whole house or bungalow: Total,398,388,10,1,9
S01007928,Whole house or bungalow: Detached,214,209,5,1,4
S01007928,Whole house or bungalow: Semi-detached,94,91,3,0,3
S01007928,Whole house or bungalow: Terraced (including end-terrace),90,88,2,0,2
S01007928,Flat maisonette or apartment or mobile/temporary accommodation,31,30,1,0,1
S01007929,All household spaces,278,268,10,3,7
S01007929,Whole house or bungalow: Total,261,251,10,3,7
S01007929,Whole house or bungalow: Detached,188,181,7,2,5
S01007929,Whole house or bungalow: Semi-detached,50,49,1,0,1
S01007929,Whole house or bungalow: Terraced (including end-terrace),23,21,2,1,1
S01007929,Flat maisonette or apartment or mobile/temporary accommodation,17,17,0,0,0
S01007930,All household spaces,222,216,6,3,3
S01007930,Whole house or bungalow: Total,213,208,5,2,3
S01007930,Whole house or bungalow: Detached,149,146,3,1,2
S01007930,Whole house or bungalow: Semi-detached,35,33,2,1,1
S01007930,Whole house or bungalow: Terraced (including end-terrace),29,29,0,0,0
S01007930,Flat maisonette or apartment or mobile/temporary accommodation,9,8,1,1,0
S01007931,All household spaces,488,481,7,2,5
S01007931,Whole house or bungalow: Total,415,410,5,1,4
S01007931,Whole house or bungalow: Detached,176,175,1,0,1
S01007931,Whole house or bungalow: Semi-detached,106,102,4,1,3
S01007931,Whole house or bungalow: Terraced (including end-terrace),133,133,0,0,0
S01007931,Flat maisonette or apartment or mobile/temporary accommodation,73,71,2,1,1
S01007932,All household spaces,377,364,13,6,7
S01007932,Whole house or bungalow: Total,314,306,8,2,6
S01007932,Whole house or bungalow: Detached,187,183,4,2,2
S01007932,Whole house or bungalow: Semi-detached,114,110,4,0,4
S01007932,Whole house or bungalow: Terraced (including end-terrace),13,13,0,0,0
S01007932,Flat maisonette or apartment or mobile/temporary accommodation,63,58,5,4,1
S01007933,All household spaces,318,316,2,0,2
S01007933,Whole house or bungalow: Total,305,303,2,0,2
S01007933,Whole house or bungalow: Detached,87,87,0,0,0
S01007933,Whole house or bungalow: Semi-detached,58,58,0,0,0
S01007933,Whole house or bungalow: Terraced (including end-terrace),160,158,2,0,2
S01007933,Flat maisonette or apartment or mobile/temporary accommodation,13,13,0,0,0
S01007934,All household spaces,312,300,12,3,9
S01007934,Whole house or bungalow: Total,275,265,10,2,8
S01007934,Whole house or bungalow: Detached,100,100,0,0,0
S01007934,Whole house or bungalow: Semi-detached,72,72,0,0,0
S01007934,Whole house or bungalow: Terraced (including end-terrace),103,93,10,2,8
S01007934,Flat maisonette or apartment or mobile/temporary accommodation,37,35,2,1,1
S01007935,All household spaces,481,444,37,17,20
S01007935,Whole house or bungalow: Total,141,136,5,1,4
S01007935,Whole house or bungalow: Detached,41,41,0,0,0
S01007935,Whole house or bungalow: Semi-detached,30,30,0,0,0
S01007935,Whole house or bungalow: Terraced (including end-terrace),70,65,5,1,4
S01007935,Flat maisonette or apartment or mobile/temporary accommodation,340,308,32,16,16
S01007936,All household spaces,398,389,9,2,7
S01007936,Whole house or bungalow: Total,351,343,8,2,6
S01007936,Whole house or bungalow: Detached,217,212,5,0,5
S01007936,Whole house or bungalow: Semi-detached,76,75,1,1,0
S01007936,Whole house or bungalow: Terraced (including end-terrace),58,56,2,1,1
S01007936,Flat maisonette or apartment or mobile/temporary accommodation,47,46,1,0,1
S01007937,All household spaces,442,435,7,0,7
S01007937,Whole house or bungalow: Total,403,398,5,0,5
S01007937,Whole house or bungalow: Detached,226,224,2,0,2
S01007937,Whole house or bungalow: Semi-detached,133,132,1,0,1
S01007937,Whole house or bungalow: Terraced (including end-terrace),44,42,2,0,2
S01007937,Flat maisonette or apartment or mobile/temporary accommodation,39,37,2,0,2
S01007938,All household spaces,376,372,4,1,3
S01007938,Whole house or bungalow: Total,199,198,1,0,1
S01007938,Whole house or bungalow: Detached,35,35,0,0,0
S01007938,Whole house or bungalow: Semi-detached,48,47,1,0,1
S01007938,Whole house or bungalow: Terraced (including end-terrace),116,116,0,0,0
S01007938,Flat maisonette or apartment or mobile/temporary accommodation,177,174,3,1,2
S01007939,All household spaces,426,412,14,6,8
S01007939,Whole house or bungalow: Total,324,316,8,5,3
S01007939,Whole house or bungalow: Detached,17,17,0,0,0
S01007939,Whole house or bungalow: Semi-detached,146,144,2,0,2
S01007939,Whole house or bungalow: Terraced (including end-terrace),161,155,6,5,1
S01007939,Flat maisonette or apartment or mobile/temporary accommodation,102,96,6,1,5
S01007940,All household spaces,538,497,41,19,22
S01007940,Whole house or bungalow: Total,376,362,14,1,13
S01007940,Whole house or bungalow: Detached,100,98,2,1,1
S01007940,Whole house or bungalow: Semi-detached,176,175,1,0,1
S01007940,Whole house or bungalow: Terraced (including end-terrace),100,89,11,0,11
S01007940,Flat maisonette or apartment or mobile/temporary accommodation,162,135,27,18,9
S01007941,All household spaces,264,257,7,1,6
S01007941,Whole house or bungalow: Total,260,253,7,1,6
S01007941,Whole house or bungalow: Detached,114,110,4,1,3
S01007941,Whole house or bungalow: Semi-detached,115,113,2,0,2
S01007941,Whole house or bungalow: Terraced (including end-terrace),31,30,1,0,1
S01007941,Flat maisonette or apartment or mobile/temporary accommodation,4,4,0,0,0
S01007942,All household spaces,218,207,11,0,11
S01007942,Whole house or bungalow: Total,142,138,4,0,4
S01007942,Whole house or bungalow: Detached,30,29,1,0,1
S01007942,Whole house or bungalow: Semi-detached,74,73,1,0,1
S01007942,Whole house or bungalow: Terraced (including end-terrace),38,36,2,0,2
S01007942,Flat maisonette or apartment or mobile/temporary accommodation,76,69,7,0,7
S01007943,All household spaces,358,319,39,16,23
S01007943,Whole house or bungalow: Total,250,243,7,0,7
S01007943,Whole house or bungalow: Detached,83,83,0,0,0
S01007943,Whole house or bungalow: Semi-detached,54,52,2,0,2
S01007943,Whole house or bungalow: Terraced (including end-terrace),113,108,5,0,5
S01007943,Flat maisonette or apartment or mobile/temporary accommodation,108,76,32,16,16
S01007944,All household spaces,476,442,34,4,30
S01007944,Whole house or bungalow: Total,326,320,6,0,6
S01007944,Whole house or bungalow: Detached,91,88,3,0,3
S01007944,Whole house or bungalow: Semi-detached,142,141,1,0,1
S01007944,Whole house or bungalow: Terraced (including end-terrace),93,91,2,0,2
S01007944,Flat maisonette or apartment or mobile/temporary accommodation,150,122,28,4,24
S01007945,All household spaces,484,443,41,0,41
S01007945,Whole house or bungalow: Total,257,245,12,0,12
S01007945,Whole house or bungalow: Detached,71,69,2,0,2
S01007945,Whole house or bungalow: Semi-detached,80,73,7,0,7
S01007945,Whole house or bungalow: Terraced (including end-terrace),106,103,3,0,3
S01007945,Flat maisonette or apartment or mobile/temporary accommodation,227,198,29,0,29
S01007946,All household spaces,425,396,29,1,28
S01007946,Whole house or bungalow: Total,234,228,6,1,5
S01007946,Whole house or bungalow: Detached,60,56,4,1,3
S01007946,Whole house or bungalow: Semi-detached,53,51,2,0,2
S01007946,Whole house or bungalow: Terraced (including end-terrace),121,121,0,0,0
S01007946,Flat maisonette or apartment or mobile/temporary accommodation,191,168,23,0,23
S01007947,All household spaces,328,327,1,0,1
S01007947,Whole house or bungalow: Total,256,255,1,0,1
S01007947,Whole house or bungalow: Detached,91,90,1,0,1
S01007947,Whole house or bungalow: Semi-detached,118,118,0,0,0
S01007947,Whole house or bungalow: Terraced (including end-terrace),47,47,0,0,0
S01007947,Flat maisonette or apartment or mobile/temporary accommodation,72,72,0,0,0
S01007948,All household spaces,325,304,21,0,21
S01007948,Whole house or bungalow: Total,186,183,3,0,3
S01007948,Whole house or bungalow: Detached,29,28,1,0,1
S01007948,Whole house or bungalow: Semi-detached,106,106,0,0,0
S01007948,Whole house or bungalow: Terraced (including end-terrace),51,49,2,0,2
S01007948,Flat maisonette or apartment or mobile/temporary accommodation,139,121,18,0,18
S01007949,All household spaces,354,347,7,0,7
S01007949,Whole house or bungalow: Total,258,253,5,0,5
S01007949,Whole house or bungalow: Detached,51,49,2,0,2
S01007949,Whole house or bungalow: Semi-detached,165,163,2,0,2
S01007949,Whole house or bungalow: Terraced (including end-terrace),42,41,1,0,1
S01007949,Flat maisonette or apartment or mobile/temporary accommodation,96,94,2,0,2
S01007950,All household spaces,388,376,12,1,11
S01007950,Whole house or bungalow: Total,327,320,7,1,6
S01007950,Whole house or bungalow: Detached,166,164,2,0,2
S01007950,Whole house or bungalow: Semi-detached,102,98,4,1,3
S01007950,Whole house or bungalow: Terraced (including end-terrace),59,58,1,0,1
S01007950,Flat maisonette or apartment or mobile/temporary accommodation,61,56,5,0,5
S01007951,All household spaces,340,321,19,0,19
S01007951,Whole house or bungalow: Total,261,252,9,0,9
S01007951,Whole house or bungalow: Detached,83,81,2,0,2
S01007951,Whole house or bungalow: Semi-detached,116,111,5,0,5
S01007951,Whole house or bungalow: Terraced (including end-terrace),62,60,2,0,2
S01007951,Flat maisonette or apartment or mobile/temporary accommodation,79,69,10,0,10
S01007952,All household spaces,383,357,26,1,25
S01007952,Whole house or bungalow: Total,155,143,12,1,11
S01007952,Whole house or bungalow: Detached,18,18,0,0,0
S01007952,Whole house or bungalow: Semi-detached,59,59,0,0,0
S01007952,Whole house or bungalow: Terraced (including end-terrace),78,66,12,1,11
S01007952,Flat maisonette or apartment or mobile/temporary accommodation,228,214,14,0,14
S01007953,All household spaces,420,414,6,0,6
S01007953,Whole house or bungalow: Total,277,276,1,0,1
S01007953,Whole house or bungalow: Detached,23,23,0,0,0
S01007953,Whole house or bungalow: Semi-detached,132,132,0,0,0
S01007953,Whole house or bungalow: Terraced (including end-terrace),122,121,1,0,1
S01007953,Flat maisonette or apartment or mobile/temporary accommodation,143,138,5,0,5
S01007954,All household spaces,333,324,9,0,9
S01007954,Whole house or bungalow: Total,204,199,5,0,5
S01007954,Whole house or bungalow: Detached,14,14,0,0,0
S01007954,Whole house or bungalow: Semi-detached,96,95,1,0,1
S01007954,Whole house or bungalow: Terraced (including end-terrace),94,90,4,0,4
S01007954,Flat maisonette or apartment or mobile/temporary accommodation,129,125,4,0,4
S01007955,All household spaces,334,322,12,1,11
S01007955,Whole house or bungalow: Total,322,310,12,1,11
S01007955,Whole house or bungalow: Detached,16,15,1,1,0
S01007955,Whole house or bungalow: Semi-detached,105,100,5,0,5
S01007955,Whole house or bungalow: Terraced (including end-terrace),201,195,6,0,6
S01007955,Flat maisonette or apartment or mobile/temporary accommodation,12,12,0,0,0
S01007956,All household spaces,305,297,8,0,8
S01007956,Whole house or bungalow: Total,300,292,8,0,8
S01007956,Whole house or bungalow: Detached,8,8,0,0,0
S01007956,Whole house or bungalow: Semi-detached,104,102,2,0,2
S01007956,Whole house or bungalow: Terraced (including end-terrace),188,182,6,0,6
S01007956,Flat maisonette or apartment or mobile/temporary accommodation,5,5,0,0,0
S01007957,All household spaces,482,455,27,0,27
S01007957,Whole house or bungalow: Total,346,333,13,0,13
S01007957,Whole house or bungalow: Detached,53,52,1,0,1
S01007957,Whole house or bungalow: Semi-detached,129,120,9,0,9
S01007957,Whole house or bungalow: Terraced (including end-terrace),164,161,3,0,3
S01007957,Flat maisonette or apartment or mobile/temporary accommodation,136,122,14,0,14
S01007958,All household spaces,404,388,16,0,16
S01007958,Whole house or bungalow: Total,137,136,1,0,1
S01007958,Whole house or bungalow: Detached,58,58,0,0,0
S01007958,Whole house or bungalow: Semi-detached,46,45,1,0,1
S01007958,Whole house or bungalow: Terraced (including end-terrace),33,33,0,0,0
S01007958,Flat maisonette or apartment or mobile/temporary accommodation,267,252,15,0,15
S01007959,All household spaces,396,380,16,1,15
S01007959,Whole house or bungalow: Total,349,336,13,0,13
S01007959,Whole house or bungalow: Detached,75,71,4,0,4
S01007959,Whole house or bungalow: Semi-detached,184,177,7,0,7
S01007959,Whole house or bungalow: Terraced (including end-terrace),90,88,2,0,2
S01007959,Flat maisonette or apartment or mobile/temporary accommodation,47,44,3,1,2
S01007960,All household spaces,300,291,9,0,9
S01007960,Whole house or bungalow: Total,259,251,8,0,8
S01007960,Whole house or bungalow: Detached,38,38,0,0,0
S01007960,Whole house or bungalow: Semi-detached,110,107,3,0,3
S01007960,Whole house or bungalow: Terraced (including end-terrace),111,106,5,0,5
S01007960,Flat maisonette or apartment or mobile/temporary accommodation,41,40,1,0,1
S01007961,All household spaces,293,278,15,2,13
S01007961,Whole house or bungalow: Total,282,268,14,2,12
S01007961,Whole house or bungalow: Detached,196,185,11,2,9
S01007961,Whole house or bungalow: Semi-detached,45,43,2,0,2
S01007961,Whole house or bungalow: Terraced (including end-terrace),41,40,1,0,1
S01007961,Flat maisonette or apartment or mobile/temporary accommodation,11,10,1,0,1
S01007962,All household spaces,264,246,18,4,14
S01007962,Whole house or bungalow: Total,215,203,12,0,12
S01007962,Whole house or bungalow: Detached,10,10,0,0,0
S01007962,Whole house or bungalow: Semi-detached,163,154,9,0,9
S01007962,Whole house or bungalow: Terraced (including end-terrace),42,39,3,0,3
S01007962,Flat maisonette or apartment or mobile/temporary accommodation,49,43,6,4,2
S01007963,All household spaces,424,408,16,0,16
S01007963,Whole house or bungalow: Total,225,219,6,0,6
S01007963,Whole house or bungalow: Detached,20,20,0,0,0
S01007963,Whole house or bungalow: Semi-detached,176,171,5,0,5
S01007963,Whole house or bungalow: Terraced (including end-terrace),29,28,1,0,1
S01007963,Flat maisonette or apartment or mobile/temporary accommodation,199,189,10,0,10
S01007964,All household spaces,365,353,12,1,11
S01007964,Whole house or bungalow: Total,273,263,10,1,9
S01007964,Whole house or bungalow: Detached,19,18,1,0,1
S01007964,Whole house or bungalow: Semi-detached,198,192,6,1,5
S01007964,Whole house or bungalow: Terraced (including end-terrace),56,53,3,0,3
S01007964,Flat maisonette or apartment or mobile/temporary accommodation,92,90,2,0,2
S01007965,All household spaces,261,256,5,0,5
S01007965,Whole house or bungalow: Total,150,149,1,0,1
S01007965,Whole house or bungalow: Detached,9,9,0,0,0
S01007965,Whole house or bungalow: Semi-detached,117,116,1,0,1
S01007965,Whole house or bungalow: Terraced (including end-terrace),24,24,0,0,0
S01007965,Flat maisonette or apartment or mobile/temporary accommodation,111,107,4,0,4
S01007966,All household spaces,424,418,6,0,6
S01007966,Whole house or bungalow: Total,350,348,2,0,2
S01007966,Whole house or bungalow: Detached,46,46,0,0,0
S01007966,Whole house or bungalow: Semi-detached,228,226,2,0,2
S01007966,Whole house or bungalow: Terraced (including end-terrace),76,76,0,0,0
S01007966,Flat maisonette or apartment or mobile/temporary accommodation,74,70,4,0,4
S01007967,All household spaces,250,245,5,2,3
S01007967,Whole house or bungalow: Total,211,209,2,0,2
S01007967,Whole house or bungalow: Detached,9,9,0,0,0
S01007967,Whole house or bungalow: Semi-detached,175,173,2,0,2
S01007967,Whole house or bungalow: Terraced (including end-terrace),27,27,0,0,0
S01007967,Flat maisonette or apartment or mobile/temporary accommodation,39,36,3,2,1
S01007968,All household spaces,413,397,16,3,13
S01007968,Whole house or bungalow: Total,348,337,11,0,11
S01007968,Whole house or bungalow: Detached,11,11,0,0,0
S01007968,Whole house or bungalow: Semi-detached,158,154,4,0,4
S01007968,Whole house or bungalow: Terraced (including end-terrace),179,172,7,0,7
S01007968,Flat maisonette or apartment or mobile/temporary accommodation,65,60,5,3,2
S01007969,All household spaces,397,390,7,0,7
S01007969,Whole house or bungalow: Total,280,276,4,0,4
S01007969,Whole house or bungalow: Detached,13,13,0,0,0
S01007969,Whole house or bungalow: Semi-detached,163,161,2,0,2
S01007969,Whole house or bungalow: Terraced (including end-terrace),104,102,2,0,2
S01007969,Flat maisonette or apartment or mobile/temporary accommodation,117,114,3,0,3
S01007970,All household spaces,416,408,8,0,8
S01007970,Whole house or bungalow: Total,315,309,6,0,6
S01007970,Whole house or bungalow: Detached,8,8,0,0,0
S01007970,Whole house or bungalow: Semi-detached,161,157,4,0,4
S01007970,Whole house or bungalow: Terraced (including end-terrace),146,144,2,0,2
S01007970,Flat maisonette or apartment or mobile/temporary accommodation,101,99,2,0,2
S01007971,All household spaces,492,469,23,14,9
S01007971,Whole house or bungalow: Total,312,305,7,0,7
S01007971,Whole house or bungalow: Detached,12,12,0,0,0
S01007971,Whole house or bungalow: Semi-detached,182,178,4,0,4
S01007971,Whole house or bungalow: Terraced (including end-terrace),118,115,3,0,3
S01007971,Flat maisonette or apartment or mobile/temporary accommodation,180,164,16,14,2
S01007972,All household spaces,382,377,5,0,5
S01007972,Whole house or bungalow: Total,343,340,3,0,3
S01007972,Whole house or bungalow: Detached,3,3,0,0,0
S01007972,Whole house or bungalow: Semi-detached,179,177,2,0,2
S01007972,Whole house or bungalow: Terraced (including end-terrace),161,160,1,0,1
S01007972,Flat maisonette or apartment or mobile/temporary accommodation,39,37,2,0,2
S01007973,All household spaces,357,355,2,0,2
S01007973,Whole house or bungalow: Total,351,349,2,0,2
S01007973,Whole house or bungalow: Detached,72,72,0,0,0
S01007973,Whole house or bungalow: Semi-detached,261,259,2,0,2
S01007973,Whole house or bungalow: Terraced (including end-terrace),18,18,0,0,0
S01007973,Flat maisonette or apartment or mobile/temporary accommodation,6,6,0,0,0
S01007974,All household spaces,438,426,12,0,12
S01007974,Whole house or bungalow: Total,134,130,4,0,4
S01007974,Whole house or bungalow: Detached,11,10,1,0,1
S01007974,Whole house or bungalow: Semi-detached,110,107,3,0,3
S01007974,Whole house or bungalow: Terraced (including end-terrace),13,13,0,0,0
S01007974,Flat maisonette or apartment or mobile/temporary accommodation,304,296,8,0,8
S01007975,All household spaces,345,324,21,4,17
S01007975,Whole house or bungalow: Total,254,242,12,1,11
S01007975,Whole house or bungalow: Detached,9,9,0,0,0
S01007975,Whole house or bungalow: Semi-detached,121,120,1,0,1
S01007975,Whole house or bungalow: Terraced (including end-terrace),124,113,11,1,10
S01007975,Flat maisonette or apartment or mobile/temporary accommodation,91,82,9,3,6
S01007976,All household spaces,487,456,31,14,17
S01007976,Whole house or bungalow: Total,129,127,2,2,0
S01007976,Whole house or bungalow: Detached,9,7,2,2,0
S01007976,Whole house or bungalow: Semi-detached,66,66,0,0,0
S01007976,Whole house or bungalow: Terraced (including end-terrace),54,54,0,0,0
S01007976,Flat maisonette or apartment or mobile/temporary accommodation,358,329,29,12,17
S01007977,All household spaces,304,304,0,0,0
S01007977,Whole house or bungalow: Total,190,190,0,0,0
S01007977,Whole house or bungalow: Detached,16,16,0,0,0
S01007977,Whole house or bungalow: Semi-detached,96,96,0,0,0
S01007977,Whole house or bungalow: Terraced (including end-terrace),78,78,0,0,0
S01007977,Flat maisonette or apartment or mobile/temporary accommodation,114,114,0,0,0
S01007978,All household spaces,386,353,33,5,28
S01007978,Whole house or bungalow: Total,44,40,4,0,4
S01007978,Whole house or bungalow: Detached,7,7,0,0,0
S01007978,Whole house or bungalow: Semi-detached,12,10,2,0,2
S01007978,Whole house or bungalow: Terraced (including end-terrace),25,23,2,0,2
S01007978,Flat maisonette or apartment or mobile/temporary accommodation,342,313,29,5,24
S01007979,All household spaces,383,363,20,2,18
S01007979,Whole house or bungalow: Total,240,231,9,0,9
S01007979,Whole house or bungalow: Detached,61,59,2,0,2
S01007979,Whole house or bungalow: Semi-detached,125,118,7,0,7
S01007979,Whole house or bungalow: Terraced (including end-terrace),54,54,0,0,0
S01007979,Flat maisonette or apartment or mobile/temporary accommodation,143,132,11,2,9
S01007980,All household spaces,345,340,5,0,5
S01007980,Whole house or bungalow: Total,214,210,4,0,4
S01007980,Whole house or bungalow: Detached,42,41,1,0,1
S01007980,Whole house or bungalow: Semi-detached,156,154,2,0,2
S01007980,Whole house or bungalow: Terraced (including end-terrace),16,15,1,0,1
S01007980,Flat maisonette or apartment or mobile/temporary accommodation,131,130,1,0,1
S01007981,All household spaces,254,252,2,1,1
S01007981,Whole house or bungalow: Total,250,248,2,1,1
S01007981,Whole house or bungalow: Detached,43,43,0,0,0
S01007981,Whole house or bungalow: Semi-detached,198,196,2,1,1
S01007981,Whole house or bungalow: Terraced (including end-terrace),9,9,0,0,0
S01007981,Flat maisonette or apartment or mobile/temporary accommodation,4,4,0,0,0
S01007982,All household spaces,216,210,6,0,6
S01007982,Whole house or bungalow: Total,212,206,6,0,6
S01007982,Whole house or bungalow: Detached,87,83,4,0,4
S01007982,Whole house or bungalow: Semi-detached,57,57,0,0,0
S01007982,Whole house or bungalow: Terraced (including end-terrace),68,66,2,0,2
S01007982,Flat maisonette or apartment or mobile/temporary accommodation,4,4,0,0,0
S01007983,All household spaces,399,387,12,0,12
S01007983,Whole house or bungalow: Total,248,242,6,0,6
S01007983,Whole house or bungalow: Detached,13,13,0,0,0
S01007983,Whole house or bungalow: Semi-detached,39,39,0,0,0
S01007983,Whole house or bungalow: Terraced (including end-terrace),196,190,6,0,6
S01007983,Flat maisonette or apartment or mobile/temporary accommodation,151,145,6,0,6
S01007984,All household spaces,378,374,4,0,4
S01007984,Whole house or bungalow: Total,314,311,3,0,3
S01007984,Whole house or bungalow: Detached,24,23,1,0,1
S01007984,Whole house or bungalow: Semi-detached,94,94,0,0,0
S01007984,Whole house or bungalow: Terraced (including end-terrace),196,194,2,0,2
S01007984,Flat maisonette or apartment or mobile/temporary accommodation,64,63,1,0,1
S01007985,All household spaces,420,412,8,0,8
S01007985,Whole house or bungalow: Total,287,285,2,0,2
S01007985,Whole house or bungalow: Detached,8,8,0,0,0
S01007985,Whole house or bungalow: Semi-detached,47,47,0,0,0
S01007985,Whole house or bungalow: Terraced (including end-terrace),232,230,2,0,2
S01007985,Flat maisonette or apartment or mobile/temporary accommodation,133,127,6,0,6
S01007986,All household spaces,239,238,1,0,1
S01007986,Whole house or bungalow: Total,231,230,1,0,1
S01007986,Whole house or bungalow: Detached,41,41,0,0,0
S01007986,Whole house or bungalow: Semi-detached,44,44,0,0,0
S01007986,Whole house or bungalow: Terraced (including end-terrace),146,145,1,0,1
S01007986,Flat maisonette or apartment or mobile/temporary accommodation,8,8,0,0,0
S01007987,All household spaces,320,313,7,2,5
S01007987,Whole house or bungalow: Total,299,294,5,1,4
S01007987,Whole house or bungalow: Detached,97,95,2,1,1
S01007987,Whole house or bungalow: Semi-detached,70,68,2,0,2
S01007987,Whole house or bungalow: Terraced (including end-terrace),132,131,1,0,1
S01007987,Flat maisonette or apartment or mobile/temporary accommodation,21,19,2,1,1
S01007988,All household spaces,341,336,5,1,4
S01007988,Whole house or bungalow: Total,336,331,5,1,4
S01007988,Whole house or bungalow: Detached,12,12,0,0,0
S01007988,Whole house or bungalow: Semi-detached,57,57,0,0,0
S01007988,Whole house or bungalow: Terraced (including end-terrace),267,262,5,1,4
S01007988,Flat maisonette or apartment or mobile/temporary accommodation,5,5,0,0,0
S01007989,All household spaces,304,290,14,7,7
S01007989,Whole house or bungalow: Total,296,282,14,7,7
S01007989,Whole house or bungalow: Detached,9,9,0,0,0
S01007989,Whole house or bungalow: Semi-detached,92,91,1,0,1
S01007989,Whole house or bungalow: Terraced (including end-terrace),195,182,13,7,6
S01007989,Flat maisonette or apartment or mobile/temporary accommodation,8,8,0,0,0
S01007990,All household spaces,351,339,12,0,12
S01007990,Whole house or bungalow: Total,331,319,12,0,12
S01007990,Whole house or bungalow: Detached,42,41,1,0,1
S01007990,Whole house or bungalow: Semi-detached,92,91,1,0,1
S01007990,Whole house or bungalow: Terraced (including end-terrace),197,187,10,0,10
S01007990,Flat maisonette or apartment or mobile/temporary accommodation,20,20,0,0,0
S01007991,All household spaces,342,334,8,0,8
S01007991,Whole house or bungalow: Total,337,329,8,0,8
S01007991,Whole house or bungalow: Detached,286,280,6,0,6
S01007991,Whole house or bungalow: Semi-detached,43,41,2,0,2
S01007991,Whole house or bungalow: Terraced (including end-terrace),8,8,0,0,0
S01007991,Flat maisonette or apartment or mobile/temporary accommodation,5,5,0,0,0
S01007992,All household spaces,224,224,0,0,0
S01007992,Whole house or bungalow: Total,220,220,0,0,0
S01007992,Whole house or bungalow: Detached,150,150,0,0,0
S01007992,Whole house or bungalow: Semi-detached,63,63,0,0,0
S01007992,Whole house or bungalow: Terraced (including end-terrace),7,7,0,0,0
S01007992,Flat maisonette or apartment or mobile/temporary accommodation,4,4,0,0,0
S01007993,All household spaces,330,329,1,0,1
S01007993,Whole house or bungalow: Total,325,324,1,0,1
S01007993,Whole house or bungalow: Detached,109,109,0,0,0
S01007993,Whole house or bungalow: Semi-detached,213,212,1,0,1
S01007993,Whole house or bungalow: Terraced (including end-terrace),3,3,0,0,0
S01007993,Flat maisonette or apartment or mobile/temporary accommodation,5,5,0,0,0
S01007994,All household spaces,298,293,5,0,5
S01007994,Whole house or bungalow: Total,297,292,5,0,5
S01007994,Whole house or bungalow: Detached,234,230,4,0,4
S01007994,Whole house or bungalow: Semi-detached,56,55,1,0,1
S01007994,Whole house or bungalow: Terraced (including end-terrace),7,7,0,0,0
S01007994,Flat maisonette or apartment or mobile/temporary accommodation,1,1,0,0,0
S01007995,All household spaces,315,309,6,0,6
S01007995,Whole house or bungalow: Total,315,309,6,0,6
S01007995,Whole house or bungalow: Detached,201,196,5,0,5
S01007995,Whole house or bungalow: Semi-detached,104,103,1,0,1
S01007995,Whole house or bungalow: Terraced (including end-terrace),10,10,0,0,0
S01007995,Flat maisonette or apartment or mobile/temporary accommodation,0,0,0,0,0
S01007996,All household spaces,190,187,3,0,3
S01007996,Whole house or bungalow: Total,181,178,3,0,3
S01007996,Whole house or bungalow: Detached,112,112,0,0,0
S01007996,Whole house or bungalow: Semi-detached,54,53,1,0,1
S01007996,Whole house or bungalow: Terraced (including end-terrace),15,13,2,0,2
S01007996,Flat maisonette or apartment or mobile/temporary accommodation,9,9,0,0,0
S01007997,All household spaces,305,296,9,5,4
S01007997,Whole house or bungalow: Total,289,283,6,2,4
S01007997,Whole house or bungalow: Detached,185,180,5,2,3
S01007997,Whole house or bungalow: Semi-detached,81,80,1,0,1
S01007997,Whole house or bungalow: Terraced (including end-terrace),23,23,0,0,0
S01007997,Flat maisonette or apartment or mobile/temporary accommodation,16,13,3,3,0
S01007998,All household spaces,230,225,5,3,2
S01007998,Whole house or bungalow: Total,164,163,1,0,1
S01007998,Whole house or bungalow: Detached,95,95,0,0,0
S01007998,Whole house or bungalow: Semi-detached,60,59,1,0,1
S01007998,Whole house or bungalow: Terraced (including end-terrace),9,9,0,0,0
S01007998,Flat maisonette or apartment or mobile/temporary accommodation,66,62,4,3,1
S01007999,All household spaces,303,301,2,0,2
S01007999,Whole house or bungalow: Total,269,267,2,0,2
S01007999,Whole house or bungalow: Detached,7,7,0,0,0
S01007999,Whole house or bungalow: Semi-detached,112,111,1,0,1
S01007999,Whole house or bungalow: Terraced (including end-terrace),150,149,1,0,1
S01007999,Flat maisonette or apartment or mobile/temporary accommodation,34,34,0,0,0
S01008000,All household spaces,405,390,15,1,14
S01008000,Whole house or bungalow: Total,366,353,13,1,12
S01008000,Whole house or bungalow: Detached,24,24,0,0,0
S01008000,Whole house or bungalow: Semi-detached,137,133,4,0,4
S01008000,Whole house or bungalow: Terraced (including end-terrace),205,196,9,1,8
S01008000,Flat maisonette or apartment or mobile/temporary accommodation,39,37,2,0,2
S01008001,All household spaces,421,372,49,21,28
S01008001,Whole house or bungalow: Total,306,290,16,3,13
S01008001,Whole house or bungalow: Detached,15,15,0,0,0
S01008001,Whole house or bungalow: Semi-detached,117,112,5,0,5
S01008001,Whole house or bungalow: Terraced (including end-terrace),174,163,11,3,8
S01008001,Flat maisonette or apartment or mobile/temporary accommodation,115,82,33,18,15
S01008002,All household spaces,363,330,33,14,19
S01008002,Whole house or bungalow: Total,281,269,12,2,10
S01008002,Whole house or bungalow: Detached,20,20,0,0,0
S01008002,Whole house or bungalow: Semi-detached,189,183,6,0,6
S01008002,Whole house or bungalow: Terraced (including end-terrace),72,66,6,2,4
S01008002,Flat maisonette or apartment or mobile/temporary accommodation,82,61,21,12,9
S01008003,All household spaces,247,241,6,4,2
S01008003,Whole house or bungalow: Total,201,200,1,0,1
S01008003,Whole house or bungalow: Detached,45,45,0,0,0
S01008003,Whole house or bungalow: Semi-detached,82,81,1,0,1
S01008003,Whole house or bungalow: Terraced (including end-terrace),74,74,0,0,0
S01008003,Flat maisonette or apartment or mobile/temporary accommodation,46,41,5,4,1
S01008004,All household spaces,239,230,9,3,6
S01008004,Whole house or bungalow: Total,224,216,8,2,6
S01008004,Whole house or bungalow: Detached,82,81,1,0,1
S01008004,Whole house or bungalow: Semi-detached,98,95,3,0,3
S01008004,Whole house or bungalow: Terraced (including end-terrace),44,40,4,2,2
S01008004,Flat maisonette or apartment or mobile/temporary accommodation,15,14,1,1,0
S01008005,All household spaces,234,220,14,0,14
S01008005,Whole house or bungalow: Total,229,215,14,0,14
S01008005,Whole house or bungalow: Detached,46,43,3,0,3
S01008005,Whole house or bungalow: Semi-detached,133,132,1,0,1
S01008005,Whole house or bungalow: Terraced (including end-terrace),50,40,10,0,10
S01008005,Flat maisonette or apartment or mobile/temporary accommodation,5,5,0,0,0
S01008006,All household spaces,249,248,1,0,1
S01008006,Whole house or bungalow: Total,185,185,0,0,0
S01008006,Whole house or bungalow: Detached,18,18,0,0,0
S01008006,Whole house or bungalow: Semi-detached,100,100,0,0,0
S01008006,Whole house or bungalow: Terraced (including end-terrace),67,67,0,0,0
S01008006,Flat maisonette or apartment or mobile/temporary accommodation,64,63,1,0,1
S01008007,All household spaces,249,208,41,16,25
S01008007,Whole house or bungalow: Total,100,91,9,0,9
S01008007,Whole house or bungalow: Detached,8,8,0,0,0
S01008007,Whole house or bungalow: Semi-detached,44,41,3,0,3
S01008007,Whole house or bungalow: Terraced (including end-terrace),48,42,6,0,6
S01008007,Flat maisonette or apartment or mobile/temporary accommodation,149,117,32,16,16
S01008008,All household spaces,273,267,6,0,6
S01008008,Whole house or bungalow: Total,212,210,2,0,2
S01008008,Whole house or bungalow: Detached,15,15,0,0,0
S01008008,Whole house or bungalow: Semi-detached,163,161,2,0,2
S01008008,Whole house or bungalow: Terraced (including end-terrace),34,34,0,0,0
S01008008,Flat maisonette or apartment or mobile/temporary accommodation,61,57,4,0,4
S01008009,All household spaces,387,373,14,1,13
S01008009,Whole house or bungalow: Total,206,202,4,1,3
S01008009,Whole house or bungalow: Detached,34,34,0,0,0
S01008009,Whole house or bungalow: Semi-detached,140,138,2,0,2
S01008009,Whole house or bungalow: Terraced (including end-terrace),32,30,2,1,1
S01008009,Flat maisonette or apartment or mobile/temporary accommodation,181,171,10,0,10
S01008010,All household spaces,498,476,22,2,20
S01008010,Whole house or bungalow: Total,259,255,4,0,4
S01008010,Whole house or bungalow: Detached,71,69,2,0,2
S01008010,Whole house or bungalow: Semi-detached,129,127,2,0,2
S01008010,Whole house or bungalow: Terraced (including end-terrace),59,59,0,0,0
S01008010,Flat maisonette or apartment or mobile/temporary accommodation,239,221,18,2,16
S01008011,All household spaces,517,455,62,13,49
S01008011,Whole house or bungalow: Total,101,99,2,0,2
S01008011,Whole house or bungalow: Detached,20,20,0,0,0
S01008011,Whole house or bungalow: Semi-detached,24,24,0,0,0
S01008011,Whole house or bungalow: Terraced (including end-terrace),57,55,2,0,2
S01008011,Flat maisonette or apartment or mobile/temporary accommodation,416,356,60,13,47
S01008012,All household spaces,530,471,59,26,33
S01008012,Whole house or bungalow: Total,96,92,4,1,3
S01008012,Whole house or bungalow: Detached,21,21,0,0,0
S01008012,Whole house or bungalow: Semi-detached,45,44,1,0,1
S01008012,Whole house or bungalow: Terraced (including end-terrace),30,27,3,1,2
S01008012,Flat maisonette or apartment or mobile/temporary accommodation,434,379,55,25,30
S01008013,All household spaces,383,363,20,2,18
S01008013,Whole house or bungalow: Total,129,124,5,0,5
S01008013,Whole house or bungalow: Detached,20,19,1,0,1
S01008013,Whole house or bungalow: Semi-detached,66,65,1,0,1
S01008013,Whole house or bungalow: Terraced (including end-terrace),43,40,3,0,3
S01008013,Flat maisonette or apartment or mobile/temporary accommodation,254,239,15,2,13
S01008014,All household spaces,322,312,10,0,10
S01008014,Whole house or bungalow: Total,177,174,3,0,3
S01008014,Whole house or bungalow: Detached,44,44,0,0,0
S01008014,Whole house or bungalow: Semi-detached,127,124,3,0,3
S01008014,Whole house or bungalow: Terraced (including end-terrace),6,6,0,0,0
S01008014,Flat maisonette or apartment or mobile/temporary accommodation,145,138,7,0,7
S01008015,All household spaces,453,437,16,0,16
S01008015,Whole house or bungalow: Total,124,118,6,0,6
S01008015,Whole house or bungalow: Detached,9,9,0,0,0
S01008015,Whole house or bungalow: Semi-detached,71,65,6,0,6
S01008015,Whole house or bungalow: Terraced (including end-terrace),44,44,0,0,0
S01008015,Flat maisonette or apartment or mobile/temporary accommodation,329,319,10,0,10
S01008016,All household spaces,457,433,24,0,24
S01008016,Whole house or bungalow: Total,116,113,3,0,3
S01008016,Whole house or bungalow: Detached,12,12,0,0,0
S01008016,Whole house or bungalow: Semi-detached,85,83,2,0,2
S01008016,Whole house or bungalow: Terraced (including end-terrace),19,18,1,0,1
S01008016,Flat maisonette or apartment or mobile/temporary accommodation,341,320,21,0,21
S01008017,All household spaces,385,375,10,0,10
S01008017,Whole house or bungalow: Total,363,354,9,0,9
S01008017,Whole house or bungalow: Detached,136,132,4,0,4
S01008017,Whole house or bungalow: Semi-detached,197,192,5,0,5
S01008017,Whole house or bungalow: Terraced (including end-terrace),30,30,0,0,0
S01008017,Flat maisonette or apartment or mobile/temporary accommodation,22,21,1,0,1
S01008018,All household spaces,315,308,7,3,4
S01008018,Whole house or bungalow: Total,203,199,4,1,3
S01008018,Whole house or bungalow: Detached,117,115,2,0,2
S01008018,Whole house or bungalow: Semi-detached,79,78,1,0,1
S01008018,Whole house or bungalow: Terraced (including end-terrace),7,6,1,1,0
S01008018,Flat maisonette or apartment or mobile/temporary accommodation,112,109,3,2,1
S01008019,All household spaces,282,271,11,3,8
S01008019,Whole house or bungalow: Total,200,197,3,0,3
S01008019,Whole house or bungalow: Detached,53,52,1,0,1
S01008019,Whole house or bungalow: Semi-detached,116,114,2,0,2
S01008019,Whole house or bungalow: Terraced (including end-terrace),31,31,0,0,0
S01008019,Flat maisonette or apartment or mobile/temporary accommodation,82,74,8,3,5
S01008020,All household spaces,339,313,26,1,25
S01008020,Whole house or bungalow: Total,128,121,7,1,6
S01008020,Whole house or bungalow: Detached,37,36,1,0,1
S01008020,Whole house or bungalow: Semi-detached,82,80,2,0,2
S01008020,Whole house or bungalow: Terraced (including end-terrace),9,5,4,1,3
S01008020,Flat maisonette or apartment or mobile/temporary accommodation,211,192,19,0,19
S01008021,All household spaces,250,244,6,1,5
S01008021,Whole house or bungalow: Total,218,214,4,1,3
S01008021,Whole house or bungalow: Detached,77,76,1,1,0
S01008021,Whole house or bungalow: Semi-detached,137,134,3,0,3
S01008021,Whole house or bungalow: Terraced (including end-terrace),4,4,0,0,0
S01008021,Flat maisonette or apartment or mobile/temporary accommodation,32,30,2,0,2
S01008022,All household spaces,288,286,2,0,2
S01008022,Whole house or bungalow: Total,275,274,1,0,1
S01008022,Whole house or bungalow: Detached,144,144,0,0,0
S01008022,Whole house or bungalow: Semi-detached,129,128,1,0,1
S01008022,Whole house or bungalow: Terraced (including end-terrace),2,2,0,0,0
S01008022,Flat maisonette or apartment or mobile/temporary accommodation,13,12,1,0,1
S01008023,All household spaces,247,246,1,0,1
S01008023,Whole house or bungalow: Total,244,243,1,0,1
S01008023,Whole house or bungalow: Detached,213,212,1,0,1
S01008023,Whole house or bungalow: Semi-detached,28,28,0,0,0
S01008023,Whole house or bungalow: Terraced (including end-terrace),3,3,0,0,0
S01008023,Flat maisonette or apartment or mobile/temporary accommodation,3,3,0,0,0
S01008024,All household spaces,227,224,3,0,3
S01008024,Whole house or bungalow: Total,215,212,3,0,3
S01008024,Whole house or bungalow: Detached,159,156,3,0,3
S01008024,Whole house or bungalow: Semi-detached,48,48,0,0,0
S01008024,Whole house or bungalow: Terraced (including end-terrace),8,8,0,0,0
S01008024,Flat maisonette or apartment or mobile/temporary accommodation,12,12,0,0,0
S01008025,All household spaces,285,283,2,0,2
S01008025,Whole house or bungalow: Total,274,272,2,0,2
S01008025,Whole house or bungalow: Detached,75,75,0,0,0
S01008025,Whole house or bungalow: Semi-detached,191,189,2,0,2
S01008025,Whole house or bungalow: Terraced (including end-terrace),8,8,0,0,0
S01008025,Flat maisonette or apartment or mobile/temporary accommodation,11,11,0,0,0
S01008026,All household spaces,483,466,17,3,14
S01008026,Whole house or bungalow: Total,325,319,6,1,5
S01008026,Whole house or bungalow: Detached,63,62,1,0,1
S01008026,Whole house or bungalow: Semi-detached,142,140,2,0,2
S01008026,Whole house or bungalow: Terraced (including end-terrace),120,117,3,1,2
S01008026,Flat maisonette or apartment or mobile/temporary accommodation,158,147,11,2,9
S01008027,All household spaces,274,259,15,3,12
S01008027,Whole house or bungalow: Total,169,162,7,1,6
S01008027,Whole house or bungalow: Detached,26,25,1,0,1
S01008027,Whole house or bungalow: Semi-detached,57,56,1,0,1
S01008027,Whole house or bungalow: Terraced (including end-terrace),86,81,5,1,4
S01008027,Flat maisonette or apartment or mobile/temporary accommodation,105,97,8,2,6
S01008028,All household spaces,243,239,4,0,4
S01008028,Whole house or bungalow: Total,207,203,4,0,4
S01008028,Whole house or bungalow: Detached,53,51,2,0,2
S01008028,Whole house or bungalow: Semi-detached,97,95,2,0,2
S01008028,Whole house or bungalow: Terraced (including end-terrace),57,57,0,0,0
S01008028,Flat maisonette or apartment or mobile/temporary accommodation,36,36,0,0,0
S01008029,All household spaces,364,345,19,3,16
S01008029,Whole house or bungalow: Total,289,277,12,0,12
S01008029,Whole house or bungalow: Detached,152,149,3,0,3
S01008029,Whole house or bungalow: Semi-detached,109,104,5,0,5
S01008029,Whole house or bungalow: Terraced (including end-terrace),28,24,4,0,4
S01008029,Flat maisonette or apartment or mobile/temporary accommodation,75,68,7,3,4
S01008030,All household spaces,483,476,7,0,7
S01008030,Whole house or bungalow: Total,419,412,7,0,7
S01008030,Whole house or bungalow: Detached,187,182,5,0,5
S01008030,Whole house or bungalow: Semi-detached,157,156,1,0,1
S01008030,Whole house or bungalow: Terraced (including end-terrace),75,74,1,0,1
S01008030,Flat maisonette or apartment or mobile/temporary accommodation,64,64,0,0,0
S01008031,All household spaces,424,403,21,12,9
S01008031,Whole house or bungalow: Total,305,297,8,5,3
S01008031,Whole house or bungalow: Detached,59,59,0,0,0
S01008031,Whole house or bungalow: Semi-detached,109,109,0,0,0
S01008031,Whole house or bungalow: Terraced (including end-terrace),137,129,8,5,3
S01008031,Flat maisonette or apartment or mobile/temporary accommodation,119,106,13,7,6
S01008032,All household spaces,385,377,8,0,8
S01008032,Whole house or bungalow: Total,378,370,8,0,8
S01008032,Whole house or bungalow: Detached,62,62,0,0,0
S01008032,Whole house or bungalow: Semi-detached,185,181,4,0,4
S01008032,Whole house or bungalow: Terraced (including end-terrace),131,127,4,0,4
S01008032,Flat maisonette or apartment or mobile/temporary accommodation,7,7,0,0,0
S01008033,All household spaces,274,269,5,0,5
S01008033,Whole house or bungalow: Total,270,266,4,0,4
S01008033,Whole house or bungalow: Detached,206,202,4,0,4
S01008033,Whole house or bungalow: Semi-detached,41,41,0,0,0
S01008033,Whole house or bungalow: Terraced (including end-terrace),23,23,0,0,0
S01008033,Flat maisonette or apartment or mobile/temporary accommodation,4,3,1,0,1
S01008034,All household spaces,276,271,5,0,5
S01008034,Whole house or bungalow: Total,240,236,4,0,4
S01008034,Whole house or bungalow: Detached,166,163,3,0,3
S01008034,Whole house or bungalow: Semi-detached,39,39,0,0,0
S01008034,Whole house or bungalow: Terraced (including end-terrace),35,34,1,0,1
S01008034,Flat maisonette or apartment or mobile/temporary accommodation,36,35,1,0,1
S01008035,All household spaces,285,281,4,0,4
S01008035,Whole house or bungalow: Total,253,249,4,0,4
S01008035,Whole house or bungalow: Detached,100,100,0,0,0
S01008035,Whole house or bungalow: Semi-detached,66,63,3,0,3
S01008035,Whole house or bungalow: Terraced (including end-terrace),87,86,1,0,1
S01008035,Flat maisonette or apartment or mobile/temporary accommodation,32,32,0,0,0
S01008036,All household spaces,248,246,2,0,2
S01008036,Whole house or bungalow: Total,246,244,2,0,2
S01008036,Whole house or bungalow: Detached,91,91,0,0,0
S01008036,Whole house or bungalow: Semi-detached,133,131,2,0,2
S01008036,Whole house or bungalow: Terraced (including end-terrace),22,22,0,0,0
S01008036,Flat maisonette or apartment or mobile/temporary accommodation,2,2,0,0,0
S01008037,All household spaces,424,421,3,0,3
S01008037,Whole house or bungalow: Total,319,316,3,0,3
S01008037,Whole house or bungalow: Detached,12,12,0,0,0
S01008037,Whole house or bungalow: Semi-detached,170,169,1,0,1
S01008037,Whole house or bungalow: Terraced (including end-terrace),137,135,2,0,2
S01008037,Flat maisonette or apartment or mobile/temporary accommodation,105,105,0,0,0
S01008038,All household spaces,312,303,9,0,9
S01008038,Whole house or bungalow: Total,267,262,5,0,5
S01008038,Whole house or bungalow: Detached,8,8,0,0,0
S01008038,Whole house or bungalow: Semi-detached,93,93,0,0,0
S01008038,Whole house or bungalow: Terraced (including end-terrace),166,161,5,0,5
S01008038,Flat maisonette or apartment or mobile/temporary accommodation,45,41,4,0,4
S01008039,All household spaces,364,363,1,1,0
S01008039,Whole house or bungalow: Total,269,269,0,0,0
S01008039,Whole house or bungalow: Detached,21,21,0,0,0
S01008039,Whole house or bungalow: Semi-detached,174,174,0,0,0
S01008039,Whole house or bungalow: Terraced (including end-terrace),74,74,0,0,0
S01008039,Flat maisonette or apartment or mobile/temporary accommodation,95,94,1,1,0
S01008040,All household spaces,336,332,4,0,4
S01008040,Whole house or bungalow: Total,332,329,3,0,3
S01008040,Whole house or bungalow: Detached,108,106,2,0,2
S01008040,Whole house or bungalow: Semi-detached,127,127,0,0,0
S01008040,Whole house or bungalow: Terraced (including end-terrace),97,96,1,0,1
S01008040,Flat maisonette or apartment or mobile/temporary accommodation,4,3,1,0,1
S01008041,All household spaces,359,354,5,0,5
S01008041,Whole house or bungalow: Total,176,173,3,0,3
S01008041,Whole house or bungalow: Detached,25,24,1,0,1
S01008041,Whole house or bungalow: Semi-detached,90,88,2,0,2
S01008041,Whole house or bungalow: Terraced (including end-terrace),61,61,0,0,0
S01008041,Flat maisonette or apartment or mobile/temporary accommodation,183,181,2,0,2
S01008042,All household spaces,286,280,6,1,5
S01008042,Whole house or bungalow: Total,173,171,2,0,2
S01008042,Whole house or bungalow: Detached,117,116,1,0,1
S01008042,Whole house or bungalow: Semi-detached,47,46,1,0,1
S01008042,Whole house or bungalow: Terraced (including end-terrace),9,9,0,0,0
S01008042,Flat maisonette or apartment or mobile/temporary accommodation,113,109,4,1,3
S01008043,All household spaces,423,398,25,0,25
S01008043,Whole house or bungalow: Total,397,372,25,0,25
S01008043,Whole house or bungalow: Detached,179,161,18,0,18
S01008043,Whole house or bungalow: Semi-detached,209,202,7,0,7
S01008043,Whole house or bungalow: Terraced (including end-terrace),9,9,0,0,0
S01008043,Flat maisonette or apartment or mobile/temporary accommodation,26,26,0,0,0
S01008044,All household spaces,438,431,7,0,7
S01008044,Whole house or bungalow: Total,309,306,3,0,3
S01008044,Whole house or bungalow: Detached,120,118,2,0,2
S01008044,Whole house or bungalow: Semi-detached,147,146,1,0,1
S01008044,Whole house or bungalow: Terraced (including end-terrace),42,42,0,0,0
S01008044,Flat maisonette or apartment or mobile/temporary accommodation,129,125,4,0,4
S01008045,All household spaces,454,449,5,0,5
S01008045,Whole house or bungalow: Total,288,284,4,0,4
S01008045,Whole house or bungalow: Detached,196,193,3,0,3
S01008045,Whole house or bungalow: Semi-detached,48,48,0,0,0
S01008045,Whole house or bungalow: Terraced (including end-terrace),44,43,1,0,1
S01008045,Flat maisonette or apartment or mobile/temporary accommodation,166,165,1,0,1
S01008046,All household spaces,552,527,25,0,25
S01008046,Whole house or bungalow: Total,177,175,2,0,2
S01008046,Whole house or bungalow: Detached,25,25,0,0,0
S01008046,Whole house or bungalow: Semi-detached,108,106,2,0,2
S01008046,Whole house or bungalow: Terraced (including end-terrace),44,44,0,0,0
S01008046,Flat maisonette or apartment or mobile/temporary accommodation,375,352,23,0,23
S01008047,All household spaces,295,292,3,1,2
S01008047,Whole house or bungalow: Total,286,283,3,1,2
S01008047,Whole house or bungalow: Detached,152,150,2,0,2
S01008047,Whole house or bungalow: Semi-detached,104,103,1,1,0
S01008047,Whole house or bungalow: Terraced (including end-terrace),30,30,0,0,0
S01008047,Flat maisonette or apartment or mobile/temporary accommodation,9,9,0,0,0
S01008048,All household spaces,242,238,4,0,4
S01008048,Whole house or bungalow: Total,239,235,4,0,4
S01008048,Whole house or bungalow: Detached,167,164,3,0,3
S01008048,Whole house or bungalow: Semi-detached,64,63,1,0,1
S01008048,Whole house or bungalow: Terraced (including end-terrace),8,8,0,0,0
S01008048,Flat maisonette or apartment or mobile/temporary accommodation,3,3,0,0,0
S01008049,All household spaces,366,357,9,1,8
S01008049,Whole house or bungalow: Total,350,342,8,1,7
S01008049,Whole house or bungalow: Detached,159,156,3,1,2
S01008049,Whole house or bungalow: Semi-detached,181,176,5,0,5
S01008049,Whole house or bungalow: Terraced (including end-terrace),10,10,0,0,0
S01008049,Flat maisonette or apartment or mobile/temporary accommodation,16,15,1,0,1
S01008050,All household spaces,246,245,1,0,1
S01008050,Whole house or bungalow: Total,206,205,1,0,1
S01008050,Whole house or bungalow: Detached,171,170,1,0,1
S01008050,Whole house or bungalow: Semi-detached,28,28,0,0,0
S01008050,Whole house or bungalow: Terraced (including end-terrace),7,7,0,0,0
S01008050,Flat maisonette or apartment or mobile/temporary accommodation,40,40,0,0,0
S01008051,All household spaces,331,328,3,0,3
S01008051,Whole house or bungalow: Total,327,324,3,0,3
S01008051,Whole house or bungalow: Detached,52,51,1,0,1
S01008051,Whole house or bungalow: Semi-detached,274,272,2,0,2
S01008051,Whole house or bungalow: Terraced (including end-terrace),1,1,0,0,0
S01008051,Flat maisonette or apartment or mobile/temporary accommodation,4,4,0,0,0
S01008052,All household spaces,343,337,6,3,3
S01008052,Whole house or bungalow: Total,337,331,6,3,3
S01008052,Whole house or bungalow: Detached,185,180,5,2,3
S01008052,Whole house or bungalow: Semi-detached,150,149,1,1,0
S01008052,Whole house or bungalow: Terraced (including end-terrace),2,2,0,0,0
S01008052,Flat maisonette or apartment or mobile/temporary accommodation,6,6,0,0,0
S01008053,All household spaces,264,263,1,0,1
S01008053,Whole house or bungalow: Total,209,208,1,0,1
S01008053,Whole house or bungalow: Detached,100,99,1,0,1
S01008053,Whole house or bungalow: Semi-detached,105,105,0,0,0
S01008053,Whole house or bungalow: Terraced (including end-terrace),4,4,0,0,0
S01008053,Flat maisonette or apartment or mobile/temporary accommodation,55,55,0,0,0
S01008054,All household spaces,372,361,11,0,11
S01008054,Whole house or bungalow: Total,199,196,3,0,3
S01008054,Whole house or bungalow: Detached,126,123,3,0,3
S01008054,Whole house or bungalow: Semi-detached,42,42,0,0,0
S01008054,Whole house or bungalow: Terraced (including end-terrace),31,31,0,0,0
S01008054,Flat maisonette or apartment or mobile/temporary accommodation,173,165,8,0,8
S01008055,All household spaces,389,384,5,1,4
S01008055,Whole house or bungalow: Total,386,381,5,1,4
S01008055,Whole house or bungalow: Detached,310,305,5,1,4
S01008055,Whole house or bungalow: Semi-detached,74,74,0,0,0
S01008055,Whole house or bungalow: Terraced (including end-terrace),2,2,0,0,0
S01008055,Flat maisonette or apartment or mobile/temporary accommodation,3,3,0,0,0
S01008056,All household spaces,343,332,11,3,8
S01008056,Whole house or bungalow: Total,240,239,1,0,1
S01008056,Whole house or bungalow: Detached,151,150,1,0,1
S01008056,Whole house or bungalow: Semi-detached,85,85,0,0,0
S01008056,Whole house or bungalow: Terraced (including end-terrace),4,4,0,0,0
S01008056,Flat maisonette or apartment or mobile/temporary accommodation,103,93,10,3,7
S01008057,All household spaces,404,400,4,0,4
S01008057,Whole house or bungalow: Total,306,304,2,0,2
S01008057,Whole house or bungalow: Detached,208,206,2,0,2
S01008057,Whole house or bungalow: Semi-detached,56,56,0,0,0
S01008057,Whole house or bungalow: Terraced (including end-terrace),42,42,0,0,0
S01008057,Flat maisonette or apartment or mobile/temporary accommodation,98,96,2,0,2
S01008058,All household spaces,309,304,5,2,3
S01008058,Whole house or bungalow: Total,260,258,2,1,1
S01008058,Whole house or bungalow: Detached,241,239,2,1,1
S01008058,Whole house or bungalow: Semi-detached,16,16,0,0,0
S01008058,Whole house or bungalow: Terraced (including end-terrace),3,3,0,0,0
S01008058,Flat maisonette or apartment or mobile/temporary accommodation,49,46,3,1,2
S01008059,All household spaces,262,260,2,0,2
S01008059,Whole house or bungalow: Total,258,256,2,0,2
S01008059,Whole house or bungalow: Detached,114,114,0,0,0
S01008059,Whole house or bungalow: Semi-detached,126,124,2,0,2
S01008059,Whole house or bungalow: Terraced (including end-terrace),18,18,0,0,0
S01008059,Flat maisonette or apartment or mobile/temporary accommodation,4,4,0,0,0
S01008060,All household spaces,326,326,0,0,0
S01008060,Whole house or bungalow: Total,321,321,0,0,0
S01008060,Whole house or bungalow: Detached,176,176,0,0,0
S01008060,Whole house or bungalow: Semi-detached,106,106,0,0,0
S01008060,Whole house or bungalow: Terraced (including end-terrace),39,39,0,0,0
S01008060,Flat maisonette or apartment or mobile/temporary accommodation,5,5,0,0,0
S01008061,All household spaces,285,283,2,1,1
S01008061,Whole house or bungalow: Total,225,225,0,0,0
S01008061,Whole house or bungalow: Detached,94,94,0,0,0
S01008061,Whole house or bungalow: Semi-detached,84,84,0,0,0
S01008061,Whole house or bungalow: Terraced (including end-terrace),47,47,0,0,0
S01008061,Flat maisonette or apartment or mobile/temporary accommodation,60,58,2,1,1
S01008062,All household spaces,373,371,2,0,2
S01008062,Whole house or bungalow: Total,369,367,2,0,2
S01008062,Whole house or bungalow: Detached,22,22,0,0,0
S01008062,Whole house or bungalow: Semi-detached,197,196,1,0,1
S01008062,Whole house or bungalow: Terraced (including end-terrace),150,149,1,0,1
S01008062,Flat maisonette or apartment or mobile/temporary accommodation,4,4,0,0,0
S01008063,All household spaces,383,381,2,0,2
S01008063,Whole house or bungalow: Total,339,337,2,0,2
S01008063,Whole house or bungalow: Detached,160,160,0,0,0
S01008063,Whole house or bungalow: Semi-detached,155,154,1,0,1
S01008063,Whole house or bungalow: Terraced (including end-terrace),24,23,1,0,1
S01008063,Flat maisonette or apartment or mobile/temporary accommodation,44,44,0,0,0
S01008064,All household spaces,300,296,4,0,4
S01008064,Whole house or bungalow: Total,162,162,0,0,0
S01008064,Whole house or bungalow: Detached,30,30,0,0,0
S01008064,Whole house or bungalow: Semi-detached,80,80,0,0,0
S01008064,Whole house or bungalow: Terraced (including end-terrace),52,52,0,0,0
S01008064,Flat maisonette or apartment or mobile/temporary accommodation,138,134,4,0,4
S01008065,All household spaces,353,348,5,1,4
S01008065,Whole house or bungalow: Total,348,343,5,1,4
S01008065,Whole house or bungalow: Detached,204,200,4,1,3
S01008065,Whole house or bungalow: Semi-detached,127,126,1,0,1
S01008065,Whole house or bungalow: Terraced (including end-terrace),17,17,0,0,0
S01008065,Flat maisonette or apartment or mobile/temporary accommodation,5,5,0,0,0
S01008066,All household spaces,335,326,9,1,8
S01008066,Whole house or bungalow: Total,326,319,7,0,7
S01008066,Whole house or bungalow: Detached,180,173,7,0,7
S01008066,Whole house or bungalow: Semi-detached,142,142,0,0,0
S01008066,Whole house or bungalow: Terraced (including end-terrace),4,4,0,0,0
S01008066,Flat maisonette or apartment or mobile/temporary accommodation,9,7,2,1,1
S01008067,All household spaces,268,257,11,0,11
S01008067,Whole house or bungalow: Total,215,208,7,0,7
S01008067,Whole house or bungalow: Detached,109,105,4,0,4
S01008067,Whole house or bungalow: Semi-detached,62,60,2,0,2
S01008067,Whole house or bungalow: Terraced (including end-terrace),44,43,1,0,1
S01008067,Flat maisonette or apartment or mobile/temporary accommodation,53,49,4,0,4
S01008068,All household spaces,390,384,6,0,6
S01008068,Whole house or bungalow: Total,380,374,6,0,6
S01008068,Whole house or bungalow: Detached,164,163,1,0,1
S01008068,Whole house or bungalow: Semi-detached,162,158,4,0,4
S01008068,Whole house or bungalow: Terraced (including end-terrace),54,53,1,0,1
S01008068,Flat maisonette or apartment or mobile/temporary accommodation,10,10,0,0,0
S01008069,All household spaces,385,385,0,0,0
S01008069,Whole house or bungalow: Total,373,373,0,0,0
S01008069,Whole house or bungalow: Detached,16,16,0,0,0
S01008069,Whole house or bungalow: Semi-detached,211,211,0,0,0
S01008069,Whole house or bungalow: Terraced (including end-terrace),146,146,0,0,0
S01008069,Flat maisonette or apartment or mobile/temporary accommodation,12,12,0,0,0
S01008070,All household spaces,357,356,1,0,1
S01008070,Whole house or bungalow: Total,355,354,1,0,1
S01008070,Whole house or bungalow: Detached,20,20,0,0,0
S01008070,Whole house or bungalow: Semi-detached,169,168,1,0,1
S01008070,Whole house or bungalow: Terraced (including end-terrace),166,166,0,0,0
S01008070,Flat maisonette or apartment or mobile/temporary accommodation,2,2,0,0,0
S01008071,All household spaces,289,287,2,0,2
S01008071,Whole house or bungalow: Total,275,274,1,0,1
S01008071,Whole house or bungalow: Detached,13,13,0,0,0
S01008071,Whole house or bungalow: Semi-detached,181,180,1,0,1
S01008071,Whole house or bungalow: Terraced (including end-terrace),81,81,0,0,0
S01008071,Flat maisonette or apartment or mobile/temporary accommodation,14,13,1,0,1
S01008072,All household spaces,351,350,1,1,0
S01008072,Whole house or bungalow: Total,113,113,0,0,0
S01008072,Whole house or bungalow: Detached,67,67,0,0,0
S01008072,Whole house or bungalow: Semi-detached,16,16,0,0,0
S01008072,Whole house or bungalow: Terraced (including end-terrace),30,30,0,0,0
S01008072,Flat maisonette or apartment or mobile/temporary accommodation,238,237,1,1,0
S01008073,All household spaces,179,178,1,0,1
S01008073,Whole house or bungalow: Total,149,149,0,0,0
S01008073,Whole house or bungalow: Detached,143,143,0,0,0
S01008073,Whole house or bungalow: Semi-detached,4,4,0,0,0
S01008073,Whole house or bungalow: Terraced (including end-terrace),2,2,0,0,0
S01008073,Flat maisonette or apartment or mobile/temporary accommodation,30,29,1,0,1
S01008074,All household spaces,379,378,1,0,1
S01008074,Whole house or bungalow: Total,375,374,1,0,1
S01008074,Whole house or bungalow: Detached,233,232,1,0,1
S01008074,Whole house or bungalow: Semi-detached,114,114,0,0,0
S01008074,Whole house or bungalow: Terraced (including end-terrace),28,28,0,0,0
S01008074,Flat maisonette or apartment or mobile/temporary accommodation,4,4,0,0,0
S01008075,All household spaces,252,246,6,1,5
S01008075,Whole house or bungalow: Total,250,244,6,1,5
S01008075,Whole house or bungalow: Detached,217,213,4,1,3
S01008075,Whole house or bungalow: Semi-detached,22,21,1,0,1
S01008075,Whole house or bungalow: Terraced (including end-terrace),11,10,1,0,1
S01008075,Flat maisonette or apartment or mobile/temporary accommodation,2,2,0,0,0
S01008076,All household spaces,317,301,16,2,14
S01008076,Whole house or bungalow: Total,166,161,5,1,4
S01008076,Whole house or bungalow: Detached,134,129,5,1,4
S01008076,Whole house or bungalow: Semi-detached,10,10,0,0,0
S01008076,Whole house or bungalow: Terraced (including end-terrace),22,22,0,0,0
S01008076,Flat maisonette or apartment or mobile/temporary accommodation,151,140,11,1,10
S01008077,All household spaces,358,349,9,1,8
S01008077,Whole house or bungalow: Total,258,255,3,0,3
S01008077,Whole house or bungalow: Detached,161,159,2,0,2
S01008077,Whole house or bungalow: Semi-detached,75,74,1,0,1
S01008077,Whole house or bungalow: Terraced (including end-terrace),22,22,0,0,0
S01008077,Flat maisonette or apartment or mobile/temporary accommodation,100,94,6,1,5
S01008078,All household spaces,355,350,5,0,5
S01008078,Whole house or bungalow: Total,274,269,5,0,5
S01008078,Whole house or bungalow: Detached,161,157,4,0,4
S01008078,Whole house or bungalow: Semi-detached,109,108,1,0,1
S01008078,Whole house or bungalow: Terraced (including end-terrace),4,4,0,0,0
S01008078,Flat maisonette or apartment or mobile/temporary accommodation,81,81,0,0,0
S01008079,All household spaces,345,341,4,0,4
S01008079,Whole house or bungalow: Total,341,337,4,0,4
S01008079,Whole house or bungalow: Detached,255,252,3,0,3
S01008079,Whole house or bungalow: Semi-detached,84,83,1,0,1
S01008079,Whole house or bungalow: Terraced (including end-terrace),2,2,0,0,0
S01008079,Flat maisonette or apartment or mobile/temporary accommodation,4,4,0,0,0
S01008080,All household spaces,285,279,6,0,6
S01008080,Whole house or bungalow: Total,262,257,5,0,5
S01008080,Whole house or bungalow: Detached,161,157,4,0,4
S01008080,Whole house or bungalow: Semi-detached,83,83,0,0,0
S01008080,Whole house or bungalow: Terraced (including end-terrace),18,17,1,0,1
S01008080,Flat maisonette or apartment or mobile/temporary accommodation,23,22,1,0,1
S01008081,All household spaces,241,235,6,0,6
S01008081,Whole house or bungalow: Total,210,206,4,0,4
S01008081,Whole house or bungalow: Detached,192,188,4,0,4
S01008081,Whole house or bungalow: Semi-detached,16,16,0,0,0
S01008081,Whole house or bungalow: Terraced (including end-terrace),2,2,0,0,0
S01008081,Flat maisonette or apartment or mobile/temporary accommodation,31,29,2,0,2
S01008082,All household spaces,336,328,8,0,8
S01008082,Whole house or bungalow: Total,320,313,7,0,7
S01008082,Whole house or bungalow: Detached,151,150,1,0,1
S01008082,Whole house or bungalow: Semi-detached,155,149,6,0,6
S01008082,Whole house or bungalow: Terraced (including end-terrace),14,14,0,0,0
S01008082,Flat maisonette or apartment or mobile/temporary accommodation,16,15,1,0,1
S01008083,All household spaces,272,270,2,0,2
S01008083,Whole house or bungalow: Total,269,267,2,0,2
S01008083,Whole house or bungalow: Detached,139,138,1,0,1
S01008083,Whole house or bungalow: Semi-detached,128,127,1,0,1
S01008083,Whole house or bungalow: Terraced (including end-terrace),2,2,0,0,0
S01008083,Flat maisonette or apartment or mobile/temporary accommodation,3,3,0,0,0
S01008084,All household spaces,359,353,6,0,6
S01008084,Whole house or bungalow: Total,317,312,5,0,5
S01008084,Whole house or bungalow: Detached,182,182,0,0,0
S01008084,Whole house or bungalow: Semi-detached,65,63,2,0,2
S01008084,Whole house or bungalow: Terraced (including end-terrace),70,67,3,0,3
S01008084,Flat maisonette or apartment or mobile/temporary accommodation,42,41,1,0,1
S01008085,All household spaces,343,339,4,0,4
S01008085,Whole house or bungalow: Total,327,323,4,0,4
S01008085,Whole house or bungalow: Detached,260,257,3,0,3
S01008085,Whole house or bungalow: Semi-detached,58,58,0,0,0
S01008085,Whole house or bungalow: Terraced (including end-terrace),9,8,1,0,1
S01008085,Flat maisonette or apartment or mobile/temporary accommodation,16,16,0,0,0
S01008086,All household spaces,431,418,13,0,13
S01008086,Whole house or bungalow: Total,376,365,11,0,11
S01008086,Whole house or bungalow: Detached,195,187,8,0,8
S01008086,Whole house or bungalow: Semi-detached,147,146,1,0,1
S01008086,Whole house or bungalow: Terraced (including end-terrace),34,32,2,0,2
S01008086,Flat maisonette or apartment or mobile/temporary accommodation,55,53,2,0,2
S01008087,All household spaces,333,330,3,0,3
S01008087,Whole house or bungalow: Total,332,329,3,0,3
S01008087,Whole house or bungalow: Detached,61,60,1,0,1
S01008087,Whole house or bungalow: Semi-detached,269,267,2,0,2
S01008087,Whole house or bungalow: Terraced (including end-terrace),2,2,0,0,0
S01008087,Flat maisonette or apartment or mobile/temporary accommodation,1,1,0,0,0
S01008088,All household spaces,402,398,4,0,4
S01008088,Whole house or bungalow: Total,339,335,4,0,4
S01008088,Whole house or bungalow: Detached,135,134,1,0,1
S01008088,Whole house or bungalow: Semi-detached,160,158,2,0,2
S01008088,Whole house or bungalow: Terraced (including end-terrace),44,43,1,0,1
S01008088,Flat maisonette or apartment or mobile/temporary accommodation,63,63,0,0,0
S01008089,All household spaces,244,243,1,0,1
S01008089,Whole house or bungalow: Total,242,241,1,0,1
S01008089,Whole house or bungalow: Detached,59,58,1,0,1
S01008089,Whole house or bungalow: Semi-detached,182,182,0,0,0
S01008089,Whole house or bungalow: Terraced (including end-terrace),1,1,0,0,0
S01008089,Flat maisonette or apartment or mobile/temporary accommodation,2,2,0,0,0
S01008090,All household spaces,307,305,2,0,2
S01008090,Whole house or bungalow: Total,251,250,1,0,1
S01008090,Whole house or bungalow: Detached,40,39,1,0,1
S01008090,Whole house or bungalow: Semi-detached,207,207,0,0,0
S01008090,Whole house or bungalow: Terraced (including end-terrace),4,4,0,0,0
S01008090,Flat maisonette or apartment or mobile/temporary accommodation,56,55,1,0,1
S01008091,All household spaces,146,146,0,0,0
S01008091,Whole house or bungalow: Total,144,144,0,0,0
S01008091,Whole house or bungalow: Detached,57,57,0,0,0
S01008091,Whole house or bungalow: Semi-detached,72,72,0,0,0
S01008091,Whole house or bungalow: Terraced (including end-terrace),15,15,0,0,0
S01008091,Flat maisonette or apartment or mobile/temporary accommodation,2,2,0,0,0
S01008092,All household spaces,370,368,2,0,2
S01008092,Whole house or bungalow: Total,367,365,2,0,2
S01008092,Whole house or bungalow: Detached,153,153,0,0,0
S01008092,Whole house or bungalow: Semi-detached,213,211,2,0,2
S01008092,Whole house or bungalow: Terraced (including end-terrace),1,1,0,0,0
S01008092,Flat maisonette or apartment or mobile/temporary accommodation,3,3,0,0,0
S01008093,All household spaces,332,331,1,0,1
S01008093,Whole house or bungalow: Total,311,310,1,0,1
S01008093,Whole house or bungalow: Detached,65,65,0,0,0
S01008093,Whole house or bungalow: Semi-detached,244,243,1,0,1
S01008093,Whole house or bungalow: Terraced (including end-terrace),2,2,0,0,0
S01008093,Flat maisonette or apartment or mobile/temporary accommodation,21,21,0,0,0
S01008094,All household spaces,258,257,1,0,1
S01008094,Whole house or bungalow: Total,256,255,1,0,1
S01008094,Whole house or bungalow: Detached,137,137,0,0,0
S01008094,Whole house or bungalow: Semi-detached,104,104,0,0,0
S01008094,Whole house or bungalow: Terraced (including end-terrace),15,14,1,0,1
S01008094,Flat maisonette or apartment or mobile/temporary accommodation,2,2,0,0,0
S01008095,All household spaces,346,345,1,0,1
S01008095,Whole house or bungalow: Total,273,272,1,0,1
S01008095,Whole house or bungalow: Detached,19,19,0,0,0
S01008095,Whole house or bungalow: Semi-detached,198,197,1,0,1
S01008095,Whole house or bungalow: Terraced (including end-terrace),56,56,0,0,0
S01008095,Flat maisonette or apartment or mobile/temporary accommodation,73,73,0,0,0
S01008096,All household spaces,337,334,3,0,3
S01008096,Whole house or bungalow: Total,301,298,3,0,3
S01008096,Whole house or bungalow: Detached,108,107,1,0,1
S01008096,Whole house or bungalow: Semi-detached,165,163,2,0,2
S01008096,Whole house or bungalow: Terraced (including end-terrace),28,28,0,0,0
S01008096,Flat maisonette or apartment or mobile/temporary accommodation,36,36,0,0,0
S01008097,All household spaces,290,281,9,0,9
S01008097,Whole house or bungalow: Total,218,212,6,0,6
S01008097,Whole house or bungalow: Detached,81,79,2,0,2
S01008097,Whole house or bungalow: Semi-detached,99,97,2,0,2
S01008097,Whole house or bungalow: Terraced (including end-terrace),38,36,2,0,2
S01008097,Flat maisonette or apartment or mobile/temporary accommodation,72,69,3,0,3
S01008098,All household spaces,298,293,5,0,5
S01008098,Whole house or bungalow: Total,296,291,5,0,5
S01008098,Whole house or bungalow: Detached,28,28,0,0,0
S01008098,Whole house or bungalow: Semi-detached,266,261,5,0,5
S01008098,Whole house or bungalow: Terraced (including end-terrace),2,2,0,0,0
S01008098,Flat maisonette or apartment or mobile/temporary accommodation,2,2,0,0,0
S01008099,All household spaces,213,209,4,0,4
S01008099,Whole house or bungalow: Total,210,206,4,0,4
S01008099,Whole house or bungalow: Detached,18,17,1,0,1
S01008099,Whole house or bungalow: Semi-detached,100,99,1,0,1
S01008099,Whole house or bungalow: Terraced (including end-terrace),92,90,2,0,2
S01008099,Flat maisonette or apartment or mobile/temporary accommodation,3,3,0,0,0
S01008100,All household spaces,407,401,6,0,6
S01008100,Whole house or bungalow: Total,288,285,3,0,3
S01008100,Whole house or bungalow: Detached,194,192,2,0,2
S01008100,Whole house or bungalow: Semi-detached,90,89,1,0,1
S01008100,Whole house or bungalow: Terraced (including end-terrace),4,4,0,0,0
S01008100,Flat maisonette or apartment or mobile/temporary accommodation,119,116,3,0,3
S01008101,All household spaces,351,351,0,0,0
S01008101,Whole house or bungalow: Total,222,222,0,0,0
S01008101,Whole house or bungalow: Detached,83,83,0,0,0
S01008101,Whole house or bungalow: Semi-detached,70,70,0,0,0
S01008101,Whole house or bungalow: Terraced (including end-terrace),69,69,0,0,0
S01008101,Flat maisonette or apartment or mobile/temporary accommodation,129,129,0,0,0
S01008102,All household spaces,313,310,3,1,2
S01008102,Whole house or bungalow: Total,271,270,1,0,1
S01008102,Whole house or bungalow: Detached,30,30,0,0,0
S01008102,Whole house or bungalow: Semi-detached,161,160,1,0,1
S01008102,Whole house or bungalow: Terraced (including end-terrace),80,80,0,0,0
S01008102,Flat maisonette or apartment or mobile/temporary accommodation,42,40,2,1,1
S01008103,All household spaces,351,338,13,0,13
S01008103,Whole house or bungalow: Total,93,90,3,0,3
S01008103,Whole house or bungalow: Detached,19,17,2,0,2
S01008103,Whole house or bungalow: Semi-detached,24,24,0,0,0
S01008103,Whole house or bungalow: Terraced (including end-terrace),50,49,1,0,1
S01008103,Flat maisonette or apartment or mobile/temporary accommodation,258,248,10,0,10
S01008104,All household spaces,396,390,6,0,6
S01008104,Whole house or bungalow: Total,251,249,2,0,2
S01008104,Whole house or bungalow: Detached,24,24,0,0,0
S01008104,Whole house or bungalow: Semi-detached,71,71,0,0,0
S01008104,Whole house or bungalow: Terraced (including end-terrace),156,154,2,0,2
S01008104,Flat maisonette or apartment or mobile/temporary accommodation,145,141,4,0,4
S01008105,All household spaces,526,518,8,0,8
S01008105,Whole house or bungalow: Total,336,335,1,0,1
S01008105,Whole house or bungalow: Detached,26,25,1,0,1
S01008105,Whole house or bungalow: Semi-detached,116,116,0,0,0
S01008105,Whole house or bungalow: Terraced (including end-terrace),194,194,0,0,0
S01008105,Flat maisonette or apartment or mobile/temporary accommodation,190,183,7,0,7
S01008106,All household spaces,377,371,6,0,6
S01008106,Whole house or bungalow: Total,249,246,3,0,3
S01008106,Whole house or bungalow: Detached,22,22,0,0,0
S01008106,Whole house or bungalow: Semi-detached,187,184,3,0,3
S01008106,Whole house or bungalow: Terraced (including end-terrace),40,40,0,0,0
S01008106,Flat maisonette or apartment or mobile/temporary accommodation,128,125,3,0,3
S01008107,All household spaces,285,281,4,0,4
S01008107,Whole house or bungalow: Total,244,243,1,0,1
S01008107,Whole house or bungalow: Detached,191,191,0,0,0
S01008107,Whole house or bungalow: Semi-detached,40,39,1,0,1
S01008107,Whole house or bungalow: Terraced (including end-terrace),13,13,0,0,0
S01008107,Flat maisonette or apartment or mobile/temporary accommodation,41,38,3,0,3
S01008108,All household spaces,248,244,4,0,4
S01008108,Whole house or bungalow: Total,231,227,4,0,4
S01008108,Whole house or bungalow: Detached,76,76,0,0,0
S01008108,Whole house or bungalow: Semi-detached,137,135,2,0,2
S01008108,Whole house or bungalow: Terraced (including end-terrace),18,16,2,0,2
S01008108,Flat maisonette or apartment or mobile/temporary accommodation,17,17,0,0,0
S01008109,All household spaces,332,332,0,0,0
S01008109,Whole house or bungalow: Total,329,329,0,0,0
S01008109,Whole house or bungalow: Detached,81,81,0,0,0
S01008109,Whole house or bungalow: Semi-detached,222,222,0,0,0
S01008109,Whole house or bungalow: Terraced (including end-terrace),26,26,0,0,0
S01008109,Flat maisonette or apartment or mobile/temporary accommodation,3,3,0,0,0
S01008110,All household spaces,319,316,3,0,3
S01008110,Whole house or bungalow: Total,313,310,3,0,3
S01008110,Whole house or bungalow: Detached,41,41,0,0,0
S01008110,Whole house or bungalow: Semi-detached,247,244,3,0,3
S01008110,Whole house or bungalow: Terraced (including end-terrace),25,25,0,0,0
S01008110,Flat maisonette or apartment or mobile/temporary accommodation,6,6,0,0,0
S01008111,All household spaces,358,349,9,0,9
S01008111,Whole house or bungalow: Total,301,300,1,0,1
S01008111,Whole house or bungalow: Detached,133,132,1,0,1
S01008111,Whole house or bungalow: Semi-detached,163,163,0,0,0
S01008111,Whole house or bungalow: Terraced (including end-terrace),5,5,0,0,0
S01008111,Flat maisonette or apartment or mobile/temporary accommodation,57,49,8,0,8
S01008112,All household spaces,324,322,2,1,1
S01008112,Whole house or bungalow: Total,322,320,2,1,1
S01008112,Whole house or bungalow: Detached,84,84,0,0,0
S01008112,Whole house or bungalow: Semi-detached,234,232,2,1,1
S01008112,Whole house or bungalow: Terraced (including end-terrace),4,4,0,0,0
S01008112,Flat maisonette or apartment or mobile/temporary accommodation,2,2,0,0,0
S01008113,All household spaces,361,359,2,0,2
S01008113,Whole house or bungalow: Total,303,301,2,0,2
S01008113,Whole house or bungalow: Detached,179,177,2,0,2
S01008113,Whole house or bungalow: Semi-detached,117,117,0,0,0
S01008113,Whole house or bungalow: Terraced (including end-terrace),7,7,0,0,0
S01008113,Flat maisonette or apartment or mobile/temporary accommodation,58,58,0,0,0
S01008114,All household spaces,263,262,1,1,0
S01008114,Whole house or bungalow: Total,260,259,1,1,0
S01008114,Whole house or bungalow: Detached,87,87,0,0,0
S01008114,Whole house or bungalow: Semi-detached,171,170,1,1,0
S01008114,Whole house or bungalow: Terraced (including end-terrace),2,2,0,0,0
S01008114,Flat maisonette or apartment or mobile/temporary accommodation,3,3,0,0,0
S01008115,All household spaces,372,368,4,0,4
S01008115,Whole house or bungalow: Total,324,322,2,0,2
S01008115,Whole house or bungalow: Detached,85,85,0,0,0
S01008115,Whole house or bungalow: Semi-detached,178,177,1,0,1
S01008115,Whole house or bungalow: Terraced (including end-terrace),61,60,1,0,1
S01008115,Flat maisonette or apartment or mobile/temporary accommodation,48,46,2,0,2
S01008116,All household spaces,354,350,4,0,4
S01008116,Whole house or bungalow: Total,346,342,4,0,4
S01008116,Whole house or bungalow: Detached,138,136,2,0,2
S01008116,Whole house or bungalow: Semi-detached,193,192,1,0,1
S01008116,Whole house or bungalow: Terraced (including end-terrace),15,14,1,0,1
S01008116,Flat maisonette or apartment or mobile/temporary accommodation,8,8,0,0,0
S01008117,All household spaces,332,329,3,0,3
S01008117,Whole house or bungalow: Total,320,317,3,0,3
S01008117,Whole house or bungalow: Detached,173,171,2,0,2
S01008117,Whole house or bungalow: Semi-detached,100,99,1,0,1
S01008117,Whole house or bungalow: Terraced (including end-terrace),47,47,0,0,0
S01008117,Flat maisonette or apartment or mobile/temporary accommodation,12,12,0,0,0
S01008118,All household spaces,369,361,8,0,8
S01008118,Whole house or bungalow: Total,352,345,7,0,7
S01008118,Whole house or bungalow: Detached,84,84,0,0,0
S01008118,Whole house or bungalow: Semi-detached,142,139,3,0,3
S01008118,Whole house or bungalow: Terraced (including end-terrace),126,122,4,0,4
S01008118,Flat maisonette or apartment or mobile/temporary accommodation,17,16,1,0,1
S01008119,All household spaces,261,260,1,0,1
S01008119,Whole house or bungalow: Total,216,215,1,0,1
S01008119,Whole house or bungalow: Detached,14,13,1,0,1
S01008119,Whole house or bungalow: Semi-detached,141,141,0,0,0
S01008119,Whole house or bungalow: Terraced (including end-terrace),61,61,0,0,0
S01008119,Flat maisonette or apartment or mobile/temporary accommodation,45,45,0,0,0
S01008120,All household spaces,297,288,9,1,8
S01008120,Whole house or bungalow: Total,183,180,3,1,2
S01008120,Whole house or bungalow: Detached,80,80,0,0,0
S01008120,Whole house or bungalow: Semi-detached,79,77,2,0,2
S01008120,Whole house or bungalow: Terraced (including end-terrace),24,23,1,1,0
S01008120,Flat maisonette or apartment or mobile/temporary accommodation,114,108,6,0,6
S01008121,All household spaces,271,269,2,0,2
S01008121,Whole house or bungalow: Total,264,262,2,0,2
S01008121,Whole house or bungalow: Detached,160,159,1,0,1
S01008121,Whole house or bungalow: Semi-detached,100,99,1,0,1
S01008121,Whole house or bungalow: Terraced (including end-terrace),4,4,0,0,0
S01008121,Flat maisonette or apartment or mobile/temporary accommodation,7,7,0,0,0
S01008122,All household spaces,266,266,0,0,0
S01008122,Whole house or bungalow: Total,206,206,0,0,0
S01008122,Whole house or bungalow: Detached,147,147,0,0,0
S01008122,Whole house or bungalow: Semi-detached,58,58,0,0,0
S01008122,Whole house or bungalow: Terraced (including end-terrace),1,1,0,0,0
S01008122,Flat maisonette or apartment or mobile/temporary accommodation,60,60,0,0,0
S01008123,All household spaces,367,366,1,0,1
S01008123,Whole house or bungalow: Total,319,319,0,0,0
S01008123,Whole house or bungalow: Detached,198,198,0,0,0
S01008123,Whole house or bungalow: Semi-detached,92,92,0,0,0
S01008123,Whole house or bungalow: Terraced (including end-terrace),29,29,0,0,0
S01008123,Flat maisonette or apartment or mobile/temporary accommodation,48,47,1,0,1
S01008124,All household spaces,308,306,2,0,2
S01008124,Whole house or bungalow: Total,298,296,2,0,2
S01008124,Whole house or bungalow: Detached,125,125,0,0,0
S01008124,Whole house or bungalow: Semi-detached,171,169,2,0,2
S01008124,Whole house or bungalow: Terraced (including end-terrace),2,2,0,0,0
S01008124,Flat maisonette or apartment or mobile/temporary accommodation,10,10,0,0,0
S01008125,All household spaces,387,378,9,0,9
S01008125,Whole house or bungalow: Total,303,298,5,0,5
S01008125,Whole house or bungalow: Detached,110,108,2,0,2
S01008125,Whole house or bungalow: Semi-detached,158,156,2,0,2
S01008125,Whole house or bungalow: Terraced (including end-terrace),35,34,1,0,1
S01008125,Flat maisonette or apartment or mobile/temporary accommodation,84,80,4,0,4
S01008126,All household spaces,310,308,2,0,2
S01008126,Whole house or bungalow: Total,309,307,2,0,2
S01008126,Whole house or bungalow: Detached,133,133,0,0,0
S01008126,Whole house or bungalow: Semi-detached,172,170,2,0,2
S01008126,Whole house or bungalow: Terraced (including end-terrace),4,4,0,0,0
S01008126,Flat maisonette or apartment or mobile/temporary accommodation,1,1,0,0,0
S01008127,All household spaces,194,194,0,0,0
S01008127,Whole house or bungalow: Total,191,191,0,0,0
S01008127,Whole house or bungalow: Detached,63,63,0,0,0
S01008127,Whole house or bungalow: Semi-detached,118,118,0,0,0
S01008127,Whole house or bungalow: Terraced (including end-terrace),10,10,0,0,0
S01008127,Flat maisonette or apartment or mobile/temporary accommodation,3,3,0,0,0
S01008128,All household spaces,355,350,5,0,5
S01008128,Whole house or bungalow: Total,327,324,3,0,3
S01008128,Whole house or bungalow: Detached,143,142,1,0,1
S01008128,Whole house or bungalow: Semi-detached,172,170,2,0,2
S01008128,Whole house or bungalow: Terraced (including end-terrace),12,12,0,0,0
S01008128,Flat maisonette or apartment or mobile/temporary accommodation,28,26,2,0,2
S01008129,All household spaces,434,426,8,0,8
S01008129,Whole house or bungalow: Total,248,246,2,0,2
S01008129,Whole house or bungalow: Detached,14,14,0,0,0
S01008129,Whole house or bungalow: Semi-detached,192,190,2,0,2
S01008129,Whole house or bungalow: Terraced (including end-terrace),42,42,0,0,0
S01008129,Flat maisonette or apartment or mobile/temporary accommodation,186,180,6,0,6
S01008130,All household spaces,472,462,10,1,9
S01008130,Whole house or bungalow: Total,192,188,4,0,4
S01008130,Whole house or bungalow: Detached,27,25,2,0,2
S01008130,Whole house or bungalow: Semi-detached,108,106,2,0,2
S01008130,Whole house or bungalow: Terraced (including end-terrace),57,57,0,0,0
S01008130,Flat maisonette or apartment or mobile/temporary accommodation,280,274,6,1,5
S01008131,All household spaces,406,398,8,0,8
S01008131,Whole house or bungalow: Total,138,137,1,0,1
S01008131,Whole house or bungalow: Detached,15,15,0,0,0
S01008131,Whole house or bungalow: Semi-detached,80,79,1,0,1
S01008131,Whole house or bungalow: Terraced (including end-terrace),43,43,0,0,0
S01008131,Flat maisonette or apartment or mobile/temporary accommodation,268,261,7,0,7
S01008132,All household spaces,428,423,5,0,5
S01008132,Whole house or bungalow: Total,398,393,5,0,5
S01008132,Whole house or bungalow: Detached,176,172,4,0,4
S01008132,Whole house or bungalow: Semi-detached,211,211,0,0,0
S01008132,Whole house or bungalow: Terraced (including end-terrace),11,10,1,0,1
S01008132,Flat maisonette or apartment or mobile/temporary accommodation,30,30,0,0,0
S01008133,All household spaces,347,338,9,0,9
S01008133,Whole house or bungalow: Total,139,138,1,0,1
S01008133,Whole house or bungalow: Detached,71,70,1,0,1
S01008133,Whole house or bungalow: Semi-detached,39,39,0,0,0
S01008133,Whole house or bungalow: Terraced (including end-terrace),29,29,0,0,0
S01008133,Flat maisonette or apartment or mobile/temporary accommodation,208,200,8,0,8
S01008134,All household spaces,330,325,5,0,5
S01008134,Whole house or bungalow: Total,96,94,2,0,2
S01008134,Whole house or bungalow: Detached,43,43,0,0,0
S01008134,Whole house or bungalow: Semi-detached,35,34,1,0,1
S01008134,Whole house or bungalow: Terraced (including end-terrace),18,17,1,0,1
S01008134,Flat maisonette or apartment or mobile/temporary accommodation,234,231,3,0,3
S01008135,All household spaces,483,478,5,0,5
S01008135,Whole house or bungalow: Total,263,261,2,0,2
S01008135,Whole house or bungalow: Detached,118,117,1,0,1
S01008135,Whole house or bungalow: Semi-detached,54,54,0,0,0
S01008135,Whole house or bungalow: Terraced (including end-terrace),91,90,1,0,1
S01008135,Flat maisonette or apartment or mobile/temporary accommodation,220,217,3,0,3
S01008136,All household spaces,454,448,6,0,6
S01008136,Whole house or bungalow: Total,255,251,4,0,4
S01008136,Whole house or bungalow: Detached,14,14,0,0,0
S01008136,Whole house or bungalow: Semi-detached,156,153,3,0,3
S01008136,Whole house or bungalow: Terraced (including end-terrace),85,84,1,0,1
S01008136,Flat maisonette or apartment or mobile/temporary accommodation,199,197,2,0,2
S01008137,All household spaces,426,414,12,0,12
S01008137,Whole house or bungalow: Total,137,134,3,0,3
S01008137,Whole house or bungalow: Detached,16,15,1,0,1
S01008137,Whole house or bungalow: Semi-detached,47,47,0,0,0
S01008137,Whole house or bungalow: Terraced (including end-terrace),74,72,2,0,2
S01008137,Flat maisonette or apartment or mobile/temporary accommodation,289,280,9,0,9
S01008138,All household spaces,383,374,9,0,9
S01008138,Whole house or bungalow: Total,264,262,2,0,2
S01008138,Whole house or bungalow: Detached,22,22,0,0,0
S01008138,Whole house or bungalow: Semi-detached,148,146,2,0,2
S01008138,Whole house or bungalow: Terraced (including end-terrace),94,94,0,0,0
S01008138,Flat maisonette or apartment or mobile/temporary accommodation,119,112,7,0,7
S01008139,All household spaces,399,393,6,0,6
S01008139,Whole house or bungalow: Total,328,322,6,0,6
S01008139,Whole house or bungalow: Detached,13,13,0,0,0
S01008139,Whole house or bungalow: Semi-detached,165,162,3,0,3
S01008139,Whole house or bungalow: Terraced (including end-terrace),150,147,3,0,3
S01008139,Flat maisonette or apartment or mobile/temporary accommodation,71,71,0,0,0
S01008140,All household spaces,243,239,4,0,4
S01008140,Whole house or bungalow: Total,116,113,3,0,3
S01008140,Whole house or bungalow: Detached,31,31,0,0,0
S01008140,Whole house or bungalow: Semi-detached,32,31,1,0,1
S01008140,Whole house or bungalow: Terraced (including end-terrace),53,51,2,0,2
S01008140,Flat maisonette or apartment or mobile/temporary accommodation,127,126,1,0,1
S01008141,All household spaces,323,318,5,0,5
S01008141,Whole house or bungalow: Total,318,313,5,0,5
S01008141,Whole house or bungalow: Detached,67,67,0,0,0
S01008141,Whole house or bungalow: Semi-detached,241,236,5,0,5
S01008141,Whole house or bungalow: Terraced (including end-terrace),10,10,0,0,0
S01008141,Flat maisonette or apartment or mobile/temporary accommodation,5,5,0,0,0
S01008142,All household spaces,296,293,3,0,3
S01008142,Whole house or bungalow: Total,292,289,3,0,3
S01008142,Whole house or bungalow: Detached,61,61,0,0,0
S01008142,Whole house or bungalow: Semi-detached,211,208,3,0,3
S01008142,Whole house or bungalow: Terraced (including end-terrace),20,20,0,0,0
S01008142,Flat maisonette or apartment or mobile/temporary accommodation,4,4,0,0,0
S01008143,All household spaces,442,428,14,1,13
S01008143,Whole house or bungalow: Total,309,303,6,1,5
S01008143,Whole house or bungalow: Detached,60,59,1,0,1
S01008143,Whole house or bungalow: Semi-detached,105,104,1,0,1
S01008143,Whole house or bungalow: Terraced (including end-terrace),144,140,4,1,3
S01008143,Flat maisonette or apartment or mobile/temporary accommodation,133,125,8,0,8
S01008144,All household spaces,230,229,1,0,1
S01008144,Whole house or bungalow: Total,216,215,1,0,1
S01008144,Whole house or bungalow: Detached,98,98,0,0,0
S01008144,Whole house or bungalow: Semi-detached,115,114,1,0,1
S01008144,Whole house or bungalow: Terraced (including end-terrace),3,3,0,0,0
S01008144,Flat maisonette or apartment or mobile/temporary accommodation,14,14,0,0,0
S01008145,All household spaces,341,328,13,0,13
S01008145,Whole house or bungalow: Total,243,233,10,0,10
S01008145,Whole house or bungalow: Detached,31,30,1,0,1
S01008145,Whole house or bungalow: Semi-detached,117,115,2,0,2
S01008145,Whole house or bungalow: Terraced (including end-terrace),95,88,7,0,7
S01008145,Flat maisonette or apartment or mobile/temporary accommodation,98,95,3,0,3
S01008146,All household spaces,219,218,1,0,1
S01008146,Whole house or bungalow: Total,137,136,1,0,1
S01008146,Whole house or bungalow: Detached,41,40,1,0,1
S01008146,Whole house or bungalow: Semi-detached,58,58,0,0,0
S01008146,Whole house or bungalow: Terraced (including end-terrace),38,38,0,0,0
S01008146,Flat maisonette or apartment or mobile/temporary accommodation,82,82,0,0,0
S01008147,All household spaces,342,339,3,0,3
S01008147,Whole house or bungalow: Total,333,330,3,0,3
S01008147,Whole house or bungalow: Detached,19,19,0,0,0
S01008147,Whole house or bungalow: Semi-detached,85,84,1,0,1
S01008147,Whole house or bungalow: Terraced (including end-terrace),229,227,2,0,2
S01008147,Flat maisonette or apartment or mobile/temporary accommodation,9,9,0,0,0
S01008148,All household spaces,329,328,1,0,1
S01008148,Whole house or bungalow: Total,254,254,0,0,0
S01008148,Whole house or bungalow: Detached,64,64,0,0,0
S01008148,Whole house or bungalow: Semi-detached,140,140,0,0,0
S01008148,Whole house or bungalow: Terraced (including end-terrace),50,50,0,0,0
S01008148,Flat maisonette or apartment or mobile/temporary accommodation,75,74,1,0,1
S01008149,All household spaces,316,313,3,0,3
S01008149,Whole house or bungalow: Total,232,232,0,0,0
S01008149,Whole house or bungalow: Detached,16,16,0,0,0
S01008149,Whole house or bungalow: Semi-detached,51,51,0,0,0
S01008149,Whole house or bungalow: Terraced (including end-terrace),165,165,0,0,0
S01008149,Flat maisonette or apartment or mobile/temporary accommodation,84,81,3,0,3
S01008150,All household spaces,437,428,9,0,9
S01008150,Whole house or bungalow: Total,299,293,6,0,6
S01008150,Whole house or bungalow: Detached,7,7,0,0,0
S01008150,Whole house or bungalow: Semi-detached,22,22,0,0,0
S01008150,Whole house or bungalow: Terraced (including end-terrace),270,264,6,0,6
S01008150,Flat maisonette or apartment or mobile/temporary accommodation,138,135,3,0,3
S01008151,All household spaces,324,321,3,0,3
S01008151,Whole house or bungalow: Total,242,240,2,0,2
S01008151,Whole house or bungalow: Detached,20,19,1,0,1
S01008151,Whole house or bungalow: Semi-detached,21,21,0,0,0
S01008151,Whole house or bungalow: Terraced (including end-terrace),201,200,1,0,1
S01008151,Flat maisonette or apartment or mobile/temporary accommodation,82,81,1,0,1
S01008152,All household spaces,524,511,13,0,13
S01008152,Whole house or bungalow: Total,397,395,2,0,2
S01008152,Whole house or bungalow: Detached,56,55,1,0,1
S01008152,Whole house or bungalow: Semi-detached,96,96,0,0,0
S01008152,Whole house or bungalow: Terraced (including end-terrace),245,244,1,0,1
S01008152,Flat maisonette or apartment or mobile/temporary accommodation,127,116,11,0,11
S01008153,All household spaces,295,295,0,0,0
S01008153,Whole house or bungalow: Total,250,250,0,0,0
S01008153,Whole house or bungalow: Detached,172,172,0,0,0
S01008153,Whole house or bungalow: Semi-detached,73,73,0,0,0
S01008153,Whole house or bungalow: Terraced (including end-terrace),5,5,0,0,0
S01008153,Flat maisonette or apartment or mobile/temporary accommodation,45,45,0,0,0
S01008154,All household spaces,359,355,4,0,4
S01008154,Whole house or bungalow: Total,312,309,3,0,3
S01008154,Whole house or bungalow: Detached,142,141,1,0,1
S01008154,Whole house or bungalow: Semi-detached,153,151,2,0,2
S01008154,Whole house or bungalow: Terraced (including end-terrace),17,17,0,0,0
S01008154,Flat maisonette or apartment or mobile/temporary accommodation,47,46,1,0,1
S01008155,All household spaces,280,275,5,0,5
S01008155,Whole house or bungalow: Total,256,251,5,0,5
S01008155,Whole house or bungalow: Detached,117,116,1,0,1
S01008155,Whole house or bungalow: Semi-detached,111,108,3,0,3
S01008155,Whole house or bungalow: Terraced (including end-terrace),28,27,1,0,1
S01008155,Flat maisonette or apartment or mobile/temporary accommodation,24,24,0,0,0
S01008156,All household spaces,404,391,13,3,10
S01008156,Whole house or bungalow: Total,327,315,12,3,9
S01008156,Whole house or bungalow: Detached,156,150,6,3,3
S01008156,Whole house or bungalow: Semi-detached,79,79,0,0,0
S01008156,Whole house or bungalow: Terraced (including end-terrace),92,86,6,0,6
S01008156,Flat maisonette or apartment or mobile/temporary accommodation,77,76,1,0,1
S01008157,All household spaces,297,293,4,1,3
S01008157,Whole house or bungalow: Total,252,249,3,0,3
S01008157,Whole house or bungalow: Detached,110,109,1,0,1
S01008157,Whole house or bungalow: Semi-detached,93,92,1,0,1
S01008157,Whole house or bungalow: Terraced (including end-terrace),49,48,1,0,1
S01008157,Flat maisonette or apartment or mobile/temporary accommodation,45,44,1,1,0
S01008158,All household spaces,293,287,6,0,6
S01008158,Whole house or bungalow: Total,271,265,6,0,6
S01008158,Whole house or bungalow: Detached,137,135,2,0,2
S01008158,Whole house or bungalow: Semi-detached,83,80,3,0,3
S01008158,Whole house or bungalow: Terraced (including end-terrace),51,50,1,0,1
S01008158,Flat maisonette or apartment or mobile/temporary accommodation,22,22,0,0,0
S01008159,All household spaces,477,461,16,1,15
S01008159,Whole house or bungalow: Total,251,249,2,0,2
S01008159,Whole house or bungalow: Detached,51,50,1,0,1
S01008159,Whole house or bungalow: Semi-detached,99,99,0,0,0
S01008159,Whole house or bungalow: Terraced (including end-terrace),101,100,1,0,1
S01008159,Flat maisonette or apartment or mobile/temporary accommodation,226,212,14,1,13
S01008160,All household spaces,403,397,6,0,6
S01008160,Whole house or bungalow: Total,303,298,5,0,5
S01008160,Whole house or bungalow: Detached,35,34,1,0,1
S01008160,Whole house or bungalow: Semi-detached,131,128,3,0,3
S01008160,Whole house or bungalow: Terraced (including end-terrace),137,136,1,0,1
S01008160,Flat maisonette or apartment or mobile/temporary accommodation,100,99,1,0,1
S01008161,All household spaces,403,399,4,0,4
S01008161,Whole house or bungalow: Total,378,374,4,0,4
S01008161,Whole house or bungalow: Detached,185,184,1,0,1
S01008161,Whole house or bungalow: Semi-detached,116,116,0,0,0
S01008161,Whole house or bungalow: Terraced (including end-terrace),77,74,3,0,3
S01008161,Flat maisonette or apartment or mobile/temporary accommodation,25,25,0,0,0
S01008162,All household spaces,456,430,26,0,26
S01008162,Whole house or bungalow: Total,367,341,26,0,26
S01008162,Whole house or bungalow: Detached,104,83,21,0,21
S01008162,Whole house or bungalow: Semi-detached,116,114,2,0,2
S01008162,Whole house or bungalow: Terraced (including end-terrace),147,144,3,0,3
S01008162,Flat maisonette or apartment or mobile/temporary accommodation,89,89,0,0,0
S01008163,All household spaces,332,327,5,1,4
S01008163,Whole house or bungalow: Total,242,238,4,1,3
S01008163,Whole house or bungalow: Detached,30,28,2,1,1
S01008163,Whole house or bungalow: Semi-detached,95,95,0,0,0
S01008163,Whole house or bungalow: Terraced (including end-terrace),117,115,2,0,2
S01008163,Flat maisonette or apartment or mobile/temporary accommodation,90,89,1,0,1
S01008164,All household spaces,297,289,8,2,6
S01008164,Whole house or bungalow: Total,136,132,4,2,2
S01008164,Whole house or bungalow: Detached,31,29,2,0,2
S01008164,Whole house or bungalow: Semi-detached,58,58,0,0,0
S01008164,Whole house or bungalow: Terraced (including end-terrace),47,45,2,2,0
S01008164,Flat maisonette or apartment or mobile/temporary accommodation,161,157,4,0,4
S01008165,All household spaces,281,266,15,7,8
S01008165,Whole house or bungalow: Total,263,250,13,7,6
S01008165,Whole house or bungalow: Detached,154,146,8,3,5
S01008165,Whole house or bungalow: Semi-detached,48,44,4,4,0
S01008165,Whole house or bungalow: Terraced (including end-terrace),61,60,1,0,1
S01008165,Flat maisonette or apartment or mobile/temporary accommodation,18,16,2,0,2
S01008166,All household spaces,230,226,4,1,3
S01008166,Whole house or bungalow: Total,211,208,3,0,3
S01008166,Whole house or bungalow: Detached,5,5,0,0,0
S01008166,Whole house or bungalow: Semi-detached,134,132,2,0,2
S01008166,Whole house or bungalow: Terraced (including end-terrace),72,71,1,0,1
S01008166,Flat maisonette or apartment or mobile/temporary accommodation,19,18,1,1,0
S01008167,All household spaces,304,294,10,0,10
S01008167,Whole house or bungalow: Total,196,187,9,0,9
S01008167,Whole house or bungalow: Detached,8,8,0,0,0
S01008167,Whole house or bungalow: Semi-detached,58,55,3,0,3
S01008167,Whole house or bungalow: Terraced (including end-terrace),130,124,6,0,6
S01008167,Flat maisonette or apartment or mobile/temporary accommodation,108,107,1,0,1
S01008168,All household spaces,354,349,5,1,4
S01008168,Whole house or bungalow: Total,250,247,3,1,2
S01008168,Whole house or bungalow: Detached,26,26,0,0,0
S01008168,Whole house or bungalow: Semi-detached,122,122,0,0,0
S01008168,Whole house or bungalow: Terraced (including end-terrace),102,99,3,1,2
S01008168,Flat maisonette or apartment or mobile/temporary accommodation,104,102,2,0,2
S01008169,All household spaces,329,320,9,0,9
S01008169,Whole house or bungalow: Total,288,279,9,0,9
S01008169,Whole house or bungalow: Detached,17,17,0,0,0
S01008169,Whole house or bungalow: Semi-detached,125,122,3,0,3
S01008169,Whole house or bungalow: Terraced (including end-terrace),146,140,6,0,6
S01008169,Flat maisonette or apartment or mobile/temporary accommodation,41,41,0,0,0
S01008170,All household spaces,235,231,4,0,4
S01008170,Whole house or bungalow: Total,209,207,2,0,2
S01008170,Whole house or bungalow: Detached,62,62,0,0,0
S01008170,Whole house or bungalow: Semi-detached,102,100,2,0,2
S01008170,Whole house or bungalow: Terraced (including end-terrace),45,45,0,0,0
S01008170,Flat maisonette or apartment or mobile/temporary accommodation,26,24,2,0,2
S01008171,All household spaces,393,373,20,11,9
S01008171,Whole house or bungalow: Total,174,158,16,10,6
S01008171,Whole house or bungalow: Detached,2,2,0,0,0
S01008171,Whole house or bungalow: Semi-detached,85,79,6,2,4
S01008171,Whole house or bungalow: Terraced (including end-terrace),87,77,10,8,2
S01008171,Flat maisonette or apartment or mobile/temporary accommodation,219,215,4,1,3
S01008172,All household spaces,257,250,7,6,1
S01008172,Whole house or bungalow: Total,250,243,7,6,1
S01008172,Whole house or bungalow: Detached,6,6,0,0,0
S01008172,Whole house or bungalow: Semi-detached,170,163,7,6,1
S01008172,Whole house or bungalow: Terraced (including end-terrace),74,74,0,0,0
S01008172,Flat maisonette or apartment or mobile/temporary accommodation,7,7,0,0,0
S01008173,All household spaces,267,260,7,6,1
S01008173,Whole house or bungalow: Total,263,256,7,6,1
S01008173,Whole house or bungalow: Detached,32,32,0,0,0
S01008173,Whole house or bungalow: Semi-detached,119,118,1,1,0
S01008173,Whole house or bungalow: Terraced (including end-terrace),112,106,6,5,1
S01008173,Flat maisonette or apartment or mobile/temporary accommodation,4,4,0,0,0
S01008174,All household spaces,234,226,8,6,2
S01008174,Whole house or bungalow: Total,197,190,7,6,1
S01008174,Whole house or bungalow: Detached,17,16,1,1,0
S01008174,Whole house or bungalow: Semi-detached,89,87,2,1,1
S01008174,Whole house or bungalow: Terraced (including end-terrace),91,87,4,4,0
S01008174,Flat maisonette or apartment or mobile/temporary accommodation,37,36,1,0,1
S01008175,All household spaces,383,378,5,0,5
S01008175,Whole house or bungalow: Total,161,160,1,0,1
S01008175,Whole house or bungalow: Detached,12,12,0,0,0
S01008175,Whole house or bungalow: Semi-detached,57,57,0,0,0
S01008175,Whole house or bungalow: Terraced (including end-terrace),92,91,1,0,1
S01008175,Flat maisonette or apartment or mobile/temporary accommodation,222,218,4,0,4
S01008176,All household spaces,334,327,7,2,5
S01008176,Whole house or bungalow: Total,191,185,6,1,5
S01008176,Whole house or bungalow: Detached,91,89,2,0,2
S01008176,Whole house or bungalow: Semi-detached,37,33,4,1,3
S01008176,Whole house or bungalow: Terraced (including end-terrace),63,63,0,0,0
S01008176,Flat maisonette or apartment or mobile/temporary accommodation,143,142,1,1,0
S01008177,All household spaces,379,371,8,2,6
S01008177,Whole house or bungalow: Total,125,122,3,2,1
S01008177,Whole house or bungalow: Detached,24,24,0,0,0
S01008177,Whole house or bungalow: Semi-detached,49,49,0,0,0
S01008177,Whole house or bungalow: Terraced (including end-terrace),52,49,3,2,1
S01008177,Flat maisonette or apartment or mobile/temporary accommodation,254,249,5,0,5
S01008178,All household spaces,283,278,5,2,3
S01008178,Whole house or bungalow: Total,247,245,2,0,2
S01008178,Whole house or bungalow: Detached,49,49,0,0,0
S01008178,Whole house or bungalow: Semi-detached,124,123,1,0,1
S01008178,Whole house or bungalow: Terraced (including end-terrace),74,73,1,0,1
S01008178,Flat maisonette or apartment or mobile/temporary accommodation,36,33,3,2,1
S01008179,All household spaces,175,170,5,3,2
S01008179,Whole house or bungalow: Total,170,165,5,3,2
S01008179,Whole house or bungalow: Detached,67,66,1,0,1
S01008179,Whole house or bungalow: Semi-detached,69,66,3,3,0
S01008179,Whole house or bungalow: Terraced (including end-terrace),34,33,1,0,1
S01008179,Flat maisonette or apartment or mobile/temporary accommodation,5,5,0,0,0
S01008180,All household spaces,169,167,2,1,1
S01008180,Whole house or bungalow: Total,161,159,2,1,1
S01008180,Whole house or bungalow: Detached,97,95,2,1,1
S01008180,Whole house or bungalow: Semi-detached,58,58,0,0,0
S01008180,Whole house or bungalow: Terraced (including end-terrace),6,6,0,0,0
S01008180,Flat maisonette or apartment or mobile/temporary accommodation,8,8,0,0,0
S01008181,All household spaces,292,284,8,2,6
S01008181,Whole house or bungalow: Total,247,241,6,0,6
S01008181,Whole house or bungalow: Detached,68,65,3,0,3
S01008181,Whole house or bungalow: Semi-detached,89,87,2,0,2
S01008181,Whole house or bungalow: Terraced (including end-terrace),90,89,1,0,1
S01008181,Flat maisonette or apartment or mobile/temporary accommodation,45,43,2,2,0
S01008182,All household spaces,580,563,17,1,16
S01008182,Whole house or bungalow: Total,95,90,5,0,5
S01008182,Whole house or bungalow: Detached,11,9,2,0,2
S01008182,Whole house or bungalow: Semi-detached,24,23,1,0,1
S01008182,Whole house or bungalow: Terraced (including end-terrace),60,58,2,0,2
S01008182,Flat maisonette or apartment or mobile/temporary accommodation,485,473,12,1,11
S01008183,All household spaces,291,282,9,6,3
S01008183,Whole house or bungalow: Total,136,127,9,6,3
S01008183,Whole house or bungalow: Detached,8,8,0,0,0
S01008183,Whole house or bungalow: Semi-detached,20,20,0,0,0
S01008183,Whole house or bungalow: Terraced (including end-terrace),108,99,9,6,3
S01008183,Flat maisonette or apartment or mobile/temporary accommodation,155,155,0,0,0
S01008184,All household spaces,500,481,19,3,16
S01008184,Whole house or bungalow: Total,87,81,6,2,4
S01008184,Whole house or bungalow: Detached,16,15,1,0,1
S01008184,Whole house or bungalow: Semi-detached,34,32,2,0,2
S01008184,Whole house or bungalow: Terraced (including end-terrace),37,34,3,2,1
S01008184,Flat maisonette or apartment or mobile/temporary accommodation,413,400,13,1,12
S01008185,All household spaces,595,573,22,4,18
S01008185,Whole house or bungalow: Total,77,68,9,0,9
S01008185,Whole house or bungalow: Detached,8,8,0,0,0
S01008185,Whole house or bungalow: Semi-detached,35,33,2,0,2
S01008185,Whole house or bungalow: Terraced (including end-terrace),34,27,7,0,7
S01008185,Flat maisonette or apartment or mobile/temporary accommodation,518,505,13,4,9
S01008186,All household spaces,376,366,10,4,6
S01008186,Whole house or bungalow: Total,79,75,4,3,1
S01008186,Whole house or bungalow: Detached,12,12,0,0,0
S01008186,Whole house or bungalow: Semi-detached,17,17,0,0,0
S01008186,Whole house or bungalow: Terraced (including end-terrace),50,46,4,3,1
S01008186,Flat maisonette or apartment or mobile/temporary accommodation,297,291,6,1,5
S01008187,All household spaces,294,284,10,0,10
S01008187,Whole house or bungalow: Total,113,112,1,0,1
S01008187,Whole house or bungalow: Detached,17,17,0,0,0
S01008187,Whole house or bungalow: Semi-detached,49,49,0,0,0
S01008187,Whole house or bungalow: Terraced (including end-terrace),47,46,1,0,1
S01008187,Flat maisonette or apartment or mobile/temporary accommodation,181,172,9,0,9
S01008188,All household spaces,497,485,12,6,6
S01008188,Whole house or bungalow: Total,90,84,6,5,1
S01008188,Whole house or bungalow: Detached,18,18,0,0,0
S01008188,Whole house or bungalow: Semi-detached,17,17,0,0,0
S01008188,Whole house or bungalow: Terraced (including end-terrace),55,49,6,5,1
S01008188,Flat maisonette or apartment or mobile/temporary accommodation,407,401,6,1,5
S01008189,All household spaces,278,271,7,0,7
S01008189,Whole house or bungalow: Total,159,157,2,0,2
S01008189,Whole house or bungalow: Detached,33,33,0,0,0
S01008189,Whole house or bungalow: Semi-detached,60,60,0,0,0
S01008189,Whole house or bungalow: Terraced (including end-terrace),66,64,2,0,2
S01008189,Flat maisonette or apartment or mobile/temporary accommodation,119,114,5,0,5
S01008190,All household spaces,374,365,9,5,4
S01008190,Whole house or bungalow: Total,310,302,8,5,3
S01008190,Whole house or bungalow: Detached,12,11,1,1,0
S01008190,Whole house or bungalow: Semi-detached,143,140,3,2,1
S01008190,Whole house or bungalow: Terraced (including end-terrace),155,151,4,2,2
S01008190,Flat maisonette or apartment or mobile/temporary accommodation,64,63,1,0,1
S01008191,All household spaces,191,187,4,2,2
S01008191,Whole house or bungalow: Total,170,167,3,2,1
S01008191,Whole house or bungalow: Detached,36,36,0,0,0
S01008191,Whole house or bungalow: Semi-detached,62,61,1,1,0
S01008191,Whole house or bungalow: Terraced (including end-terrace),72,70,2,1,1
S01008191,Flat maisonette or apartment or mobile/temporary accommodation,21,20,1,0,1
S01008192,All household spaces,363,360,3,0,3
S01008192,Whole house or bungalow: Total,175,173,2,0,2
S01008192,Whole house or bungalow: Detached,20,20,0,0,0
S01008192,Whole house or bungalow: Semi-detached,64,64,0,0,0
S01008192,Whole house or bungalow: Terraced (including end-terrace),91,89,2,0,2
S01008192,Flat maisonette or apartment or mobile/temporary accommodation,188,187,1,0,1
S01008193,All household spaces,342,327,15,9,6
S01008193,Whole house or bungalow: Total,230,218,12,9,3
S01008193,Whole house or bungalow: Detached,41,40,1,0,1
S01008193,Whole house or bungalow: Semi-detached,55,53,2,2,0
S01008193,Whole house or bungalow: Terraced (including end-terrace),134,125,9,7,2
S01008193,Flat maisonette or apartment or mobile/temporary accommodation,112,109,3,0,3
S01008194,All household spaces,261,244,17,0,17
S01008194,Whole house or bungalow: Total,149,141,8,0,8
S01008194,Whole house or bungalow: Detached,19,19,0,0,0
S01008194,Whole house or bungalow: Semi-detached,70,69,1,0,1
S01008194,Whole house or bungalow: Terraced (including end-terrace),60,53,7,0,7
S01008194,Flat maisonette or apartment or mobile/temporary accommodation,112,103,9,0,9
S01008195,All household spaces,337,331,6,0,6
S01008195,Whole house or bungalow: Total,151,149,2,0,2
S01008195,Whole house or bungalow: Detached,6,6,0,0,0
S01008195,Whole house or bungalow: Semi-detached,67,66,1,0,1
S01008195,Whole house or bungalow: Terraced (including end-terrace),78,77,1,0,1
S01008195,Flat maisonette or apartment or mobile/temporary accommodation,186,182,4,0,4
S01008196,All household spaces,339,333,6,0,6
S01008196,Whole house or bungalow: Total,214,212,2,0,2
S01008196,Whole house or bungalow: Detached,8,8,0,0,0
S01008196,Whole house or bungalow: Semi-detached,102,100,2,0,2
S01008196,Whole house or bungalow: Terraced (including end-terrace),104,104,0,0,0
S01008196,Flat maisonette or apartment or mobile/temporary accommodation,125,121,4,0,4
S01008197,All household spaces,398,390,8,1,7
S01008197,Whole house or bungalow: Total,277,273,4,1,3
S01008197,Whole house or bungalow: Detached,103,101,2,0,2
S01008197,Whole house or bungalow: Semi-detached,44,44,0,0,0
S01008197,Whole house or bungalow: Terraced (including end-terrace),130,128,2,1,1
S01008197,Flat maisonette or apartment or mobile/temporary accommodation,121,117,4,0,4
S01008198,All household spaces,303,300,3,1,2
S01008198,Whole house or bungalow: Total,271,268,3,1,2
S01008198,Whole house or bungalow: Detached,20,20,0,0,0
S01008198,Whole house or bungalow: Semi-detached,103,103,0,0,0
S01008198,Whole house or bungalow: Terraced (including end-terrace),148,145,3,1,2
S01008198,Flat maisonette or apartment or mobile/temporary accommodation,32,32,0,0,0
S01008199,All household spaces,311,298,13,9,4
S01008199,Whole house or bungalow: Total,300,287,13,9,4
S01008199,Whole house or bungalow: Detached,13,13,0,0,0
S01008199,Whole house or bungalow: Semi-detached,121,120,1,0,1
S01008199,Whole house or bungalow: Terraced (including end-terrace),166,154,12,9,3
S01008199,Flat maisonette or apartment or mobile/temporary accommodation,11,11,0,0,0
S01008200,All household spaces,318,300,18,9,9
S01008200,Whole house or bungalow: Total,260,243,17,9,8
S01008200,Whole house or bungalow: Detached,12,11,1,0,1
S01008200,Whole house or bungalow: Semi-detached,96,96,0,0,0
S01008200,Whole house or bungalow: Terraced (including end-terrace),152,136,16,9,7
S01008200,Flat maisonette or apartment or mobile/temporary accommodation,58,57,1,0,1
S01008201,All household spaces,364,354,10,1,9
S01008201,Whole house or bungalow: Total,231,224,7,1,6
S01008201,Whole house or bungalow: Detached,16,16,0,0,0
S01008201,Whole house or bungalow: Semi-detached,92,91,1,1,0
S01008201,Whole house or bungalow: Terraced (including end-terrace),123,117,6,0,6
S01008201,Flat maisonette or apartment or mobile/temporary accommodation,133,130,3,0,3
S01008202,All household spaces,265,261,4,2,2
S01008202,Whole house or bungalow: Total,200,198,2,2,0
S01008202,Whole house or bungalow: Detached,34,34,0,0,0
S01008202,Whole house or bungalow: Semi-detached,111,109,2,2,0
S01008202,Whole house or bungalow: Terraced (including end-terrace),55,55,0,0,0
S01008202,Flat maisonette or apartment or mobile/temporary accommodation,65,63,2,0,2
S01008203,All household spaces,294,283,11,1,10
S01008203,Whole house or bungalow: Total,83,80,3,1,2
S01008203,Whole house or bungalow: Detached,14,12,2,1,1
S01008203,Whole house or bungalow: Semi-detached,41,40,1,0,1
S01008203,Whole house or bungalow: Terraced (including end-terrace),28,28,0,0,0
S01008203,Flat maisonette or apartment or mobile/temporary accommodation,211,203,8,0,8
S01008204,All household spaces,497,480,17,2,15
S01008204,Whole house or bungalow: Total,409,395,14,1,13
S01008204,Whole house or bungalow: Detached,31,30,1,0,1
S01008204,Whole house or bungalow: Semi-detached,244,237,7,1,6
S01008204,Whole house or bungalow: Terraced (including end-terrace),134,128,6,0,6
S01008204,Flat maisonette or apartment or mobile/temporary accommodation,88,85,3,1,2
S01008205,All household spaces,279,276,3,0,3
S01008205,Whole house or bungalow: Total,274,271,3,0,3
S01008205,Whole house or bungalow: Detached,15,15,0,0,0
S01008205,Whole house or bungalow: Semi-detached,166,164,2,0,2
S01008205,Whole house or bungalow: Terraced (including end-terrace),93,92,1,0,1
S01008205,Flat maisonette or apartment or mobile/temporary accommodation,5,5,0,0,0
S01008206,All household spaces,300,295,5,0,5
S01008206,Whole house or bungalow: Total,237,233,4,0,4
S01008206,Whole house or bungalow: Detached,10,10,0,0,0
S01008206,Whole house or bungalow: Semi-detached,163,160,3,0,3
S01008206,Whole house or bungalow: Terraced (including end-terrace),64,63,1,0,1
S01008206,Flat maisonette or apartment or mobile/temporary accommodation,63,62,1,0,1
S01008207,All household spaces,249,246,3,1,2
S01008207,Whole house or bungalow: Total,233,230,3,1,2
S01008207,Whole house or bungalow: Detached,8,8,0,0,0
S01008207,Whole house or bungalow: Semi-detached,79,78,1,0,1
S01008207,Whole house or bungalow: Terraced (including end-terrace),146,144,2,1,1
S01008207,Flat maisonette or apartment or mobile/temporary accommodation,16,16,0,0,0
S01008208,All household spaces,352,344,8,1,7
S01008208,Whole house or bungalow: Total,221,219,2,0,2
S01008208,Whole house or bungalow: Detached,94,94,0,0,0
S01008208,Whole house or bungalow: Semi-detached,94,92,2,0,2
S01008208,Whole house or bungalow: Terraced (including end-terrace),33,33,0,0,0
S01008208,Flat maisonette or apartment or mobile/temporary accommodation,131,125,6,1,5
S01008209,All household spaces,207,200,7,3,4
S01008209,Whole house or bungalow: Total,182,176,6,3,3
S01008209,Whole house or bungalow: Detached,86,83,3,1,2
S01008209,Whole house or bungalow: Semi-detached,49,49,0,0,0
S01008209,Whole house or bungalow: Terraced (including end-terrace),47,44,3,2,1
S01008209,Flat maisonette or apartment or mobile/temporary accommodation,25,24,1,0,1
S01008210,All household spaces,423,417,6,6,0
S01008210,Whole house or bungalow: Total,254,248,6,6,0
S01008210,Whole house or bungalow: Detached,44,43,1,1,0
S01008210,Whole house or bungalow: Semi-detached,44,44,0,0,0
S01008210,Whole house or bungalow: Terraced (including end-terrace),166,161,5,5,0
S01008210,Flat maisonette or apartment or mobile/temporary accommodation,169,169,0,0,0
S01008211,All household spaces,440,420,20,5,15
S01008211,Whole house or bungalow: Total,262,248,14,4,10
S01008211,Whole house or bungalow: Detached,41,37,4,0,4
S01008211,Whole house or bungalow: Semi-detached,77,77,0,0,0
S01008211,Whole house or bungalow: Terraced (including end-terrace),144,134,10,4,6
S01008211,Flat maisonette or apartment or mobile/temporary accommodation,178,172,6,1,5
S01008212,All household spaces,212,212,0,0,0
S01008212,Whole house or bungalow: Total,210,210,0,0,0
S01008212,Whole house or bungalow: Detached,92,92,0,0,0
S01008212,Whole house or bungalow: Semi-detached,61,61,0,0,0
S01008212,Whole house or bungalow: Terraced (including end-terrace),57,57,0,0,0
S01008212,Flat maisonette or apartment or mobile/temporary accommodation,2,2,0,0,0
S01008213,All household spaces,374,370,4,0,4
S01008213,Whole house or bungalow: Total,366,362,4,0,4
S01008213,Whole house or bungalow: Detached,164,162,2,0,2
S01008213,Whole house or bungalow: Semi-detached,91,91,0,0,0
S01008213,Whole house or bungalow: Terraced (including end-terrace),111,109,2,0,2
S01008213,Flat maisonette or apartment or mobile/temporary accommodation,8,8,0,0,0
S01008214,All household spaces,364,354,10,3,7
S01008214,Whole house or bungalow: Total,271,263,8,2,6
S01008214,Whole house or bungalow: Detached,79,79,0,0,0
S01008214,Whole house or bungalow: Semi-detached,57,53,4,0,4
S01008214,Whole house or bungalow: Terraced (including end-terrace),135,131,4,2,2
S01008214,Flat maisonette or apartment or mobile/temporary accommodation,93,91,2,1,1
S01008215,All household spaces,330,324,6,0,6
S01008215,Whole house or bungalow: Total,279,274,5,0,5
S01008215,Whole house or bungalow: Detached,42,42,0,0,0
S01008215,Whole house or bungalow: Semi-detached,77,77,0,0,0
S01008215,Whole house or bungalow: Terraced (including end-terrace),160,155,5,0,5
S01008215,Flat maisonette or apartment or mobile/temporary accommodation,51,50,1,0,1
S01008216,All household spaces,207,205,2,0,2
S01008216,Whole house or bungalow: Total,205,203,2,0,2
S01008216,Whole house or bungalow: Detached,42,42,0,0,0
S01008216,Whole house or bungalow: Semi-detached,123,121,2,0,2
S01008216,Whole house or bungalow: Terraced (including end-terrace),40,40,0,0,0
S01008216,Flat maisonette or apartment or mobile/temporary accommodation,2,2,0,0,0
S01008217,All household spaces,235,226,9,5,4
S01008217,Whole house or bungalow: Total,230,222,8,5,3
S01008217,Whole house or bungalow: Detached,118,113,5,3,2
S01008217,Whole house or bungalow: Semi-detached,76,75,1,1,0
S01008217,Whole house or bungalow: Terraced (including end-terrace),36,34,2,1,1
S01008217,Flat maisonette or apartment or mobile/temporary accommodation,5,4,1,0,1
S01008218,All household spaces,384,376,8,1,7
S01008218,Whole house or bungalow: Total,371,363,8,1,7
S01008218,Whole house or bungalow: Detached,208,204,4,1,3
S01008218,Whole house or bungalow: Semi-detached,97,96,1,0,1
S01008218,Whole house or bungalow: Terraced (including end-terrace),66,63,3,0,3
S01008218,Flat maisonette or apartment or mobile/temporary accommodation,13,13,0,0,0
S01008219,All household spaces,432,424,8,1,7
S01008219,Whole house or bungalow: Total,262,258,4,1,3
S01008219,Whole house or bungalow: Detached,125,125,0,0,0
S01008219,Whole house or bungalow: Semi-detached,64,63,1,0,1
S01008219,Whole house or bungalow: Terraced (including end-terrace),73,70,3,1,2
S01008219,Flat maisonette or apartment or mobile/temporary accommodation,170,166,4,0,4
S01008220,All household spaces,234,223,11,6,5
S01008220,Whole house or bungalow: Total,205,198,7,5,2
S01008220,Whole house or bungalow: Detached,25,25,0,0,0
S01008220,Whole house or bungalow: Semi-detached,88,86,2,0,2
S01008220,Whole house or bungalow: Terraced (including end-terrace),92,87,5,5,0
S01008220,Flat maisonette or apartment or mobile/temporary accommodation,29,25,4,1,3
S01008221,All household spaces,319,309,10,0,10
S01008221,Whole house or bungalow: Total,78,78,0,0,0
S01008221,Whole house or bungalow: Detached,16,16,0,0,0
S01008221,Whole house or bungalow: Semi-detached,51,51,0,0,0
S01008221,Whole house or bungalow: Terraced (including end-terrace),11,11,0,0,0
S01008221,Flat maisonette or apartment or mobile/temporary accommodation,241,231,10,0,10
S01008222,All household spaces,292,287,5,0,5
S01008222,Whole house or bungalow: Total,196,193,3,0,3
S01008222,Whole house or bungalow: Detached,21,21,0,0,0
S01008222,Whole house or bungalow: Semi-detached,150,148,2,0,2
S01008222,Whole house or bungalow: Terraced (including end-terrace),25,24,1,0,1
S01008222,Flat maisonette or apartment or mobile/temporary accommodation,96,94,2,0,2
S01008223,All household spaces,284,280,4,1,3
S01008223,Whole house or bungalow: Total,221,217,4,1,3
S01008223,Whole house or bungalow: Detached,16,15,1,1,0
S01008223,Whole house or bungalow: Semi-detached,107,105,2,0,2
S01008223,Whole house or bungalow: Terraced (including end-terrace),98,97,1,0,1
S01008223,Flat maisonette or apartment or mobile/temporary accommodation,63,63,0,0,0
S01008224,All household spaces,411,406,5,0,5
S01008224,Whole house or bungalow: Total,396,391,5,0,5
S01008224,Whole house or bungalow: Detached,103,101,2,0,2
S01008224,Whole house or bungalow: Semi-detached,112,112,0,0,0
S01008224,Whole house or bungalow: Terraced (including end-terrace),181,178,3,0,3
S01008224,Flat maisonette or apartment or mobile/temporary accommodation,15,15,0,0,0
S01008225,All household spaces,297,290,7,4,3
S01008225,Whole house or bungalow: Total,270,263,7,4,3
S01008225,Whole house or bungalow: Detached,21,21,0,0,0
S01008225,Whole house or bungalow: Semi-detached,79,76,3,1,2
S01008225,Whole house or bungalow: Terraced (including end-terrace),170,166,4,3,1
S01008225,Flat maisonette or apartment or mobile/temporary accommodation,27,27,0,0,0
S01008226,All household spaces,396,379,17,11,6
S01008226,Whole house or bungalow: Total,281,265,16,11,5
S01008226,Whole house or bungalow: Detached,23,23,0,0,0
S01008226,Whole house or bungalow: Semi-detached,105,103,2,1,1
S01008226,Whole house or bungalow: Terraced (including end-terrace),153,139,14,10,4
S01008226,Flat maisonette or apartment or mobile/temporary accommodation,115,114,1,0,1
S01008227,All household spaces,397,389,8,2,6
S01008227,Whole house or bungalow: Total,294,288,6,2,4
S01008227,Whole house or bungalow: Detached,24,24,0,0,0
S01008227,Whole house or bungalow: Semi-detached,75,74,1,0,1
S01008227,Whole house or bungalow: Terraced (including end-terrace),195,190,5,2,3
S01008227,Flat maisonette or apartment or mobile/temporary accommodation,103,101,2,0,2
S01008228,All household spaces,301,279,22,4,18
S01008228,Whole house or bungalow: Total,219,201,18,4,14
S01008228,Whole house or bungalow: Detached,165,149,16,3,13
S01008228,Whole house or bungalow: Semi-detached,31,31,0,0,0
S01008228,Whole house or bungalow: Terraced (including end-terrace),23,21,2,1,1
S01008228,Flat maisonette or apartment or mobile/temporary accommodation,82,78,4,0,4
S01008229,All household spaces,304,300,4,1,3
S01008229,Whole house or bungalow: Total,273,269,4,1,3
S01008229,Whole house or bungalow: Detached,16,16,0,0,0
S01008229,Whole house or bungalow: Semi-detached,71,70,1,0,1
S01008229,Whole house or bungalow: Terraced (including end-terrace),186,183,3,1,2
S01008229,Flat maisonette or apartment or mobile/temporary accommodation,31,31,0,0,0
S01008230,All household spaces,308,305,3,1,2
S01008230,Whole house or bungalow: Total,287,284,3,1,2
S01008230,Whole house or bungalow: Detached,85,84,1,0,1
S01008230,Whole house or bungalow: Semi-detached,101,100,1,0,1
S01008230,Whole house or bungalow: Terraced (including end-terrace),101,100,1,1,0
S01008230,Flat maisonette or apartment or mobile/temporary accommodation,21,21,0,0,0
S01008231,All household spaces,247,243,4,0,4
S01008231,Whole house or bungalow: Total,230,227,3,0,3
S01008231,Whole house or bungalow: Detached,181,179,2,0,2
S01008231,Whole house or bungalow: Semi-detached,29,28,1,0,1
S01008231,Whole house or bungalow: Terraced (including end-terrace),20,20,0,0,0
S01008231,Flat maisonette or apartment or mobile/temporary accommodation,17,16,1,0,1
S01008232,All household spaces,265,259,6,0,6
S01008232,Whole house or bungalow: Total,176,174,2,0,2
S01008232,Whole house or bungalow: Detached,116,114,2,0,2
S01008232,Whole house or bungalow: Semi-detached,40,40,0,0,0
S01008232,Whole house or bungalow: Terraced (including end-terrace),20,20,0,0,0
S01008232,Flat maisonette or apartment or mobile/temporary accommodation,89,85,4,0,4
S01008233,All household spaces,180,178,2,0,2
S01008233,Whole house or bungalow: Total,164,162,2,0,2
S01008233,Whole house or bungalow: Detached,91,89,2,0,2
S01008233,Whole house or bungalow: Semi-detached,49,49,0,0,0
S01008233,Whole house or bungalow: Terraced (including end-terrace),24,24,0,0,0
S01008233,Flat maisonette or apartment or mobile/temporary accommodation,16,16,0,0,0
S01008234,All household spaces,205,187,18,3,15
S01008234,Whole house or bungalow: Total,198,181,17,3,14
S01008234,Whole house or bungalow: Detached,25,25,0,0,0
S01008234,Whole house or bungalow: Semi-detached,132,129,3,0,3
S01008234,Whole house or bungalow: Terraced (including end-terrace),41,27,14,3,11
S01008234,Flat maisonette or apartment or mobile/temporary accommodation,7,6,1,0,1
S01008235,All household spaces,375,368,7,2,5
S01008235,Whole house or bungalow: Total,363,356,7,2,5
S01008235,Whole house or bungalow: Detached,33,32,1,1,0
S01008235,Whole house or bungalow: Semi-detached,249,244,5,1,4
S01008235,Whole house or bungalow: Terraced (including end-terrace),81,80,1,0,1
S01008235,Flat maisonette or apartment or mobile/temporary accommodation,12,12,0,0,0
S01008236,All household spaces,391,386,5,0,5
S01008236,Whole house or bungalow: Total,316,314,2,0,2
S01008236,Whole house or bungalow: Detached,79,79,0,0,0
S01008236,Whole house or bungalow: Semi-detached,164,162,2,0,2
S01008236,Whole house or bungalow: Terraced (including end-terrace),73,73,0,0,0
S01008236,Flat maisonette or apartment or mobile/temporary accommodation,75,72,3,0,3
S01008237,All household spaces,389,376,13,3,10
S01008237,Whole house or bungalow: Total,342,329,13,3,10
S01008237,Whole house or bungalow: Detached,75,72,3,2,1
S01008237,Whole house or bungalow: Semi-detached,131,126,5,1,4
S01008237,Whole house or bungalow: Terraced (including end-terrace),136,131,5,0,5
S01008237,Flat maisonette or apartment or mobile/temporary accommodation,47,47,0,0,0
S01008238,All household spaces,345,341,4,0,4
S01008238,Whole house or bungalow: Total,308,304,4,0,4
S01008238,Whole house or bungalow: Detached,28,27,1,0,1
S01008238,Whole house or bungalow: Semi-detached,154,153,1,0,1
S01008238,Whole house or bungalow: Terraced (including end-terrace),126,124,2,0,2
S01008238,Flat maisonette or apartment or mobile/temporary accommodation,37,37,0,0,0
S01008239,All household spaces,336,331,5,0,5
S01008239,Whole house or bungalow: Total,331,326,5,0,5
S01008239,Whole house or bungalow: Detached,78,75,3,0,3
S01008239,Whole house or bungalow: Semi-detached,121,119,2,0,2
S01008239,Whole house or bungalow: Terraced (including end-terrace),132,132,0,0,0
S01008239,Flat maisonette or apartment or mobile/temporary accommodation,5,5,0,0,0
S01008240,All household spaces,362,358,4,2,2
S01008240,Whole house or bungalow: Total,352,349,3,1,2
S01008240,Whole house or bungalow: Detached,226,223,3,1,2
S01008240,Whole house or bungalow: Semi-detached,109,109,0,0,0
S01008240,Whole house or bungalow: Terraced (including end-terrace),17,17,0,0,0
S01008240,Flat maisonette or apartment or mobile/temporary accommodation,10,9,1,1,0
S01008241,All household spaces,274,271,3,2,1
S01008241,Whole house or bungalow: Total,269,266,3,2,1
S01008241,Whole house or bungalow: Detached,198,195,3,2,1
S01008241,Whole house or bungalow: Semi-detached,39,39,0,0,0
S01008241,Whole house or bungalow: Terraced (including end-terrace),32,32,0,0,0
S01008241,Flat maisonette or apartment or mobile/temporary accommodation,5,5,0,0,0
S01008242,All household spaces,440,430,10,3,7
S01008242,Whole house or bungalow: Total,431,421,10,3,7
S01008242,Whole house or bungalow: Detached,123,120,3,1,2
S01008242,Whole house or bungalow: Semi-detached,228,223,5,2,3
S01008242,Whole house or bungalow: Terraced (including end-terrace),80,78,2,0,2
S01008242,Flat maisonette or apartment or mobile/temporary accommodation,9,9,0,0,0
S01008243,All household spaces,372,361,11,2,9
S01008243,Whole house or bungalow: Total,364,354,10,2,8
S01008243,Whole house or bungalow: Detached,155,148,7,2,5
S01008243,Whole house or bungalow: Semi-detached,114,112,2,0,2
S01008243,Whole house or bungalow: Terraced (including end-terrace),95,94,1,0,1
S01008243,Flat maisonette or apartment or mobile/temporary accommodation,8,7,1,0,1
S01008244,All household spaces,277,255,22,7,15
S01008244,Whole house or bungalow: Total,245,227,18,6,12
S01008244,Whole house or bungalow: Detached,88,80,8,4,4
S01008244,Whole house or bungalow: Semi-detached,84,81,3,1,2
S01008244,Whole house or bungalow: Terraced (including end-terrace),73,66,7,1,6
S01008244,Flat maisonette or apartment or mobile/temporary accommodation,32,28,4,1,3
S01008245,All household spaces,415,410,5,1,4
S01008245,Whole house or bungalow: Total,398,393,5,1,4
S01008245,Whole house or bungalow: Detached,156,155,1,0,1
S01008245,Whole house or bungalow: Semi-detached,168,165,3,1,2
S01008245,Whole house or bungalow: Terraced (including end-terrace),74,73,1,0,1
S01008245,Flat maisonette or apartment or mobile/temporary accommodation,17,17,0,0,0
S01008246,All household spaces,366,353,13,7,6
S01008246,Whole house or bungalow: Total,354,342,12,7,5
S01008246,Whole house or bungalow: Detached,250,239,11,7,4
S01008246,Whole house or bungalow: Semi-detached,87,86,1,0,1
S01008246,Whole house or bungalow: Terraced (including end-terrace),17,17,0,0,0
S01008246,Flat maisonette or apartment or mobile/temporary accommodation,12,11,1,0,1
S01008247,All household spaces,333,319,14,7,7
S01008247,Whole house or bungalow: Total,332,318,14,7,7
S01008247,Whole house or bungalow: Detached,161,153,8,5,3
S01008247,Whole house or bungalow: Semi-detached,120,119,1,0,1
S01008247,Whole house or bungalow: Terraced (including end-terrace),51,46,5,2,3
S01008247,Flat maisonette or apartment or mobile/temporary accommodation,1,1,0,0,0
S01008248,All household spaces,411,397,14,3,11
S01008248,Whole house or bungalow: Total,386,372,14,3,11
S01008248,Whole house or bungalow: Detached,156,149,7,3,4
S01008248,Whole house or bungalow: Semi-detached,158,156,2,0,2
S01008248,Whole house or bungalow: Terraced (including end-terrace),72,67,5,0,5
S01008248,Flat maisonette or apartment or mobile/temporary accommodation,25,25,0,0,0
S01008249,All household spaces,433,401,32,4,28
S01008249,Whole house or bungalow: Total,410,380,30,4,26
S01008249,Whole house or bungalow: Detached,178,171,7,3,4
S01008249,Whole house or bungalow: Semi-detached,142,134,8,0,8
S01008249,Whole house or bungalow: Terraced (including end-terrace),90,75,15,1,14
S01008249,Flat maisonette or apartment or mobile/temporary accommodation,23,21,2,0,2
S01008250,All household spaces,472,447,25,6,19
S01008250,Whole house or bungalow: Total,403,381,22,3,19
S01008250,Whole house or bungalow: Detached,261,245,16,1,15
S01008250,Whole house or bungalow: Semi-detached,84,81,3,0,3
S01008250,Whole house or bungalow: Terraced (including end-terrace),58,55,3,2,1
S01008250,Flat maisonette or apartment or mobile/temporary accommodation,69,66,3,3,0
S01008251,All household spaces,258,255,3,1,2
S01008251,Whole house or bungalow: Total,254,251,3,1,2
S01008251,Whole house or bungalow: Detached,158,155,3,1,2
S01008251,Whole house or bungalow: Semi-detached,89,89,0,0,0
S01008251,Whole house or bungalow: Terraced (including end-terrace),7,7,0,0,0
S01008251,Flat maisonette or apartment or mobile/temporary accommodation,4,4,0,0,0
S01008252,All household spaces,347,338,9,1,8
S01008252,Whole house or bungalow: Total,298,292,6,1,5
S01008252,Whole house or bungalow: Detached,183,180,3,0,3
S01008252,Whole house or bungalow: Semi-detached,106,103,3,1,2
S01008252,Whole house or bungalow: Terraced (including end-terrace),9,9,0,0,0
S01008252,Flat maisonette or apartment or mobile/temporary accommodation,49,46,3,0,3
S01008253,All household spaces,381,370,11,0,11
S01008253,Whole house or bungalow: Total,321,312,9,0,9
S01008253,Whole house or bungalow: Detached,18,17,1,0,1
S01008253,Whole house or bungalow: Semi-detached,205,199,6,0,6
S01008253,Whole house or bungalow: Terraced (including end-terrace),98,96,2,0,2
S01008253,Flat maisonette or apartment or mobile/temporary accommodation,60,58,2,0,2
S01008254,All household spaces,433,428,5,1,4
S01008254,Whole house or bungalow: Total,352,350,2,0,2
S01008254,Whole house or bungalow: Detached,40,40,0,0,0
S01008254,Whole house or bungalow: Semi-detached,198,197,1,0,1
S01008254,Whole house or bungalow: Terraced (including end-terrace),114,113,1,0,1
S01008254,Flat maisonette or apartment or mobile/temporary accommodation,81,78,3,1,2
S01008255,All household spaces,300,292,8,4,4
S01008255,Whole house or bungalow: Total,278,272,6,2,4
S01008255,Whole house or bungalow: Detached,52,52,0,0,0
S01008255,Whole house or bungalow: Semi-detached,122,121,1,0,1
S01008255,Whole house or bungalow: Terraced (including end-terrace),104,99,5,2,3
S01008255,Flat maisonette or apartment or mobile/temporary accommodation,22,20,2,2,0
S01008256,All household spaces,390,361,29,9,20
S01008256,Whole house or bungalow: Total,214,205,9,8,1
S01008256,Whole house or bungalow: Detached,24,24,0,0,0
S01008256,Whole house or bungalow: Semi-detached,90,90,0,0,0
S01008256,Whole house or bungalow: Terraced (including end-terrace),100,91,9,8,1
S01008256,Flat maisonette or apartment or mobile/temporary accommodation,176,156,20,1,19
S01008257,All household spaces,384,357,27,1,26
S01008257,Whole house or bungalow: Total,169,159,10,1,9
S01008257,Whole house or bungalow: Detached,30,27,3,1,2
S01008257,Whole house or bungalow: Semi-detached,50,49,1,0,1
S01008257,Whole house or bungalow: Terraced (including end-terrace),89,83,6,0,6
S01008257,Flat maisonette or apartment or mobile/temporary accommodation,215,198,17,0,17
S01008258,All household spaces,405,401,4,0,4
S01008258,Whole house or bungalow: Total,320,317,3,0,3
S01008258,Whole house or bungalow: Detached,81,81,0,0,0
S01008258,Whole house or bungalow: Semi-detached,165,163,2,0,2
S01008258,Whole house or bungalow: Terraced (including end-terrace),74,73,1,0,1
S01008258,Flat maisonette or apartment or mobile/temporary accommodation,85,84,1,0,1
S01008259,All household spaces,402,376,26,6,20
S01008259,Whole house or bungalow: Total,265,259,6,0,6
S01008259,Whole house or bungalow: Detached,70,68,2,0,2
S01008259,Whole house or bungalow: Semi-detached,104,102,2,0,2
S01008259,Whole house or bungalow: Terraced (including end-terrace),91,89,2,0,2
S01008259,Flat maisonette or apartment or mobile/temporary accommodation,137,117,20,6,14
S01008260,All household spaces,364,355,9,2,7
S01008260,Whole house or bungalow: Total,254,249,5,1,4
S01008260,Whole house or bungalow: Detached,35,35,0,0,0
S01008260,Whole house or bungalow: Semi-detached,92,90,2,0,2
S01008260,Whole house or bungalow: Terraced (including end-terrace),127,124,3,1,2
S01008260,Flat maisonette or apartment or mobile/temporary accommodation,110,106,4,1,3
S01008261,All household spaces,371,368,3,0,3
S01008261,Whole house or bungalow: Total,365,362,3,0,3
S01008261,Whole house or bungalow: Detached,18,18,0,0,0
S01008261,Whole house or bungalow: Semi-detached,106,106,0,0,0
S01008261,Whole house or bungalow: Terraced (including end-terrace),241,238,3,0,3
S01008261,Flat maisonette or apartment or mobile/temporary accommodation,6,6,0,0,0
S01008262,All household spaces,262,252,10,2,8
S01008262,Whole house or bungalow: Total,256,246,10,2,8
S01008262,Whole house or bungalow: Detached,110,104,6,2,4
S01008262,Whole house or bungalow: Semi-detached,105,102,3,0,3
S01008262,Whole house or bungalow: Terraced (including end-terrace),41,40,1,0,1
S01008262,Flat maisonette or apartment or mobile/temporary accommodation,6,6,0,0,0
S01008263,All household spaces,311,284,27,13,14
S01008263,Whole house or bungalow: Total,199,183,16,8,8
S01008263,Whole house or bungalow: Detached,75,68,7,3,4
S01008263,Whole house or bungalow: Semi-detached,81,76,5,3,2
S01008263,Whole house or bungalow: Terraced (including end-terrace),43,39,4,2,2
S01008263,Flat maisonette or apartment or mobile/temporary accommodation,112,101,11,5,6
S01008264,All household spaces,336,330,6,4,2
S01008264,Whole house or bungalow: Total,285,279,6,4,2
S01008264,Whole house or bungalow: Detached,47,47,0,0,0
S01008264,Whole house or bungalow: Semi-detached,145,143,2,1,1
S01008264,Whole house or bungalow: Terraced (including end-terrace),93,89,4,3,1
S01008264,Flat maisonette or apartment or mobile/temporary accommodation,51,51,0,0,0
S01008265,All household spaces,351,332,19,11,8
S01008265,Whole house or bungalow: Total,297,283,14,11,3
S01008265,Whole house or bungalow: Detached,165,155,10,7,3
S01008265,Whole house or bungalow: Semi-detached,75,74,1,1,0
S01008265,Whole house or bungalow: Terraced (including end-terrace),57,54,3,3,0
S01008265,Flat maisonette or apartment or mobile/temporary accommodation,54,49,5,0,5
S01008266,All household spaces,379,319,60,50,10
S01008266,Whole house or bungalow: Total,338,291,47,37,10
S01008266,Whole house or bungalow: Detached,191,171,20,16,4
S01008266,Whole house or bungalow: Semi-detached,105,88,17,13,4
S01008266,Whole house or bungalow: Terraced (including end-terrace),42,32,10,8,2
S01008266,Flat maisonette or apartment or mobile/temporary accommodation,41,28,13,13,0
S01008267,All household spaces,395,350,45,19,26
S01008267,Whole house or bungalow: Total,375,332,43,19,24
S01008267,Whole house or bungalow: Detached,166,140,26,9,17
S01008267,Whole house or bungalow: Semi-detached,149,144,5,1,4
S01008267,Whole house or bungalow: Terraced (including end-terrace),60,48,12,9,3
S01008267,Flat maisonette or apartment or mobile/temporary accommodation,20,18,2,0,2
S01008268,All household spaces,433,355,78,76,2
S01008268,Whole house or bungalow: Total,210,191,19,19,0
S01008268,Whole house or bungalow: Detached,136,129,7,7,0
S01008268,Whole house or bungalow: Semi-detached,51,45,6,6,0
S01008268,Whole house or bungalow: Terraced (including end-terrace),23,17,6,6,0
S01008268,Flat maisonette or apartment or mobile/temporary accommodation,223,164,59,57,2
S01008269,All household spaces,423,400,23,21,2
S01008269,Whole house or bungalow: Total,288,273,15,13,2
S01008269,Whole house or bungalow: Detached,215,207,8,8,0
S01008269,Whole house or bungalow: Semi-detached,36,34,2,1,1
S01008269,Whole house or bungalow: Terraced (including end-terrace),37,32,5,4,1
S01008269,Flat maisonette or apartment or mobile/temporary accommodation,135,127,8,8,0
S01008270,All household spaces,447,394,53,47,6
S01008270,Whole house or bungalow: Total,228,211,17,14,3
S01008270,Whole house or bungalow: Detached,131,122,9,8,1
S01008270,Whole house or bungalow: Semi-detached,56,51,5,3,2
S01008270,Whole house or bungalow: Terraced (including end-terrace),41,38,3,3,0
S01008270,Flat maisonette or apartment or mobile/temporary accommodation,219,183,36,33,3
S01008271,All household spaces,492,386,106,96,10
S01008271,Whole house or bungalow: Total,141,102,39,37,2
S01008271,Whole house or bungalow: Detached,31,31,0,0,0
S01008271,Whole house or bungalow: Semi-detached,33,22,11,10,1
S01008271,Whole house or bungalow: Terraced (including end-terrace),77,49,28,27,1
S01008271,Flat maisonette or apartment or mobile/temporary accommodation,351,284,67,59,8
S01008272,All household spaces,425,414,11,6,5
S01008272,Whole house or bungalow: Total,357,348,9,5,4
S01008272,Whole house or bungalow: Detached,207,200,7,5,2
S01008272,Whole house or bungalow: Semi-detached,81,80,1,0,1
S01008272,Whole house or bungalow: Terraced (including end-terrace),69,68,1,0,1
S01008272,Flat maisonette or apartment or mobile/temporary accommodation,68,66,2,1,1
S01008273,All household spaces,360,346,14,8,6
S01008273,Whole house or bungalow: Total,298,287,11,6,5
S01008273,Whole house or bungalow: Detached,175,168,7,5,2
S01008273,Whole house or bungalow: Semi-detached,64,61,3,1,2
S01008273,Whole house or bungalow: Terraced (including end-terrace),59,58,1,0,1
S01008273,Flat maisonette or apartment or mobile/temporary accommodation,62,59,3,2,1
S01008274,All household spaces,326,322,4,2,2
S01008274,Whole house or bungalow: Total,251,249,2,2,0
S01008274,Whole house or bungalow: Detached,24,24,0,0,0
S01008274,Whole house or bungalow: Semi-detached,107,107,0,0,0
S01008274,Whole house or bungalow: Terraced (including end-terrace),120,118,2,2,0
S01008274,Flat maisonette or apartment or mobile/temporary accommodation,75,73,2,0,2
S01008275,All household spaces,319,258,61,50,11
S01008275,Whole house or bungalow: Total,154,137,17,13,4
S01008275,Whole house or bungalow: Detached,58,56,2,2,0
S01008275,Whole house or bungalow: Semi-detached,54,49,5,2,3
S01008275,Whole house or bungalow: Terraced (including end-terrace),42,32,10,9,1
S01008275,Flat maisonette or apartment or mobile/temporary accommodation,165,121,44,37,7
S01008276,All household spaces,201,199,2,2,0
S01008276,Whole house or bungalow: Total,176,174,2,2,0
S01008276,Whole house or bungalow: Detached,132,131,1,1,0
S01008276,Whole house or bungalow: Semi-detached,22,21,1,1,0
S01008276,Whole house or bungalow: Terraced (including end-terrace),22,22,0,0,0
S01008276,Flat maisonette or apartment or mobile/temporary accommodation,25,25,0,0,0
S01008277,All household spaces,244,213,31,30,1
S01008277,Whole house or bungalow: Total,234,208,26,25,1
S01008277,Whole house or bungalow: Detached,111,97,14,14,0
S01008277,Whole house or bungalow: Semi-detached,53,52,1,1,0
S01008277,Whole house or bungalow: Terraced (including end-terrace),70,59,11,10,1
S01008277,Flat maisonette or apartment or mobile/temporary accommodation,10,5,5,5,0
S01008278,All household spaces,347,334,13,9,4
S01008278,Whole house or bungalow: Total,328,315,13,9,4
S01008278,Whole house or bungalow: Detached,201,192,9,6,3
S01008278,Whole house or bungalow: Semi-detached,64,60,4,3,1
S01008278,Whole house or bungalow: Terraced (including end-terrace),63,63,0,0,0
S01008278,Flat maisonette or apartment or mobile/temporary accommodation,19,19,0,0,0
S01008279,All household spaces,336,331,5,2,3
S01008279,Whole house or bungalow: Total,269,268,1,1,0
S01008279,Whole house or bungalow: Detached,75,75,0,0,0
S01008279,Whole house or bungalow: Semi-detached,120,120,0,0,0
S01008279,Whole house or bungalow: Terraced (including end-terrace),74,73,1,1,0
S01008279,Flat maisonette or apartment or mobile/temporary accommodation,67,63,4,1,3
S01008280,All household spaces,458,425,33,15,18
S01008280,Whole house or bungalow: Total,369,343,26,13,13
S01008280,Whole house or bungalow: Detached,164,148,16,11,5
S01008280,Whole house or bungalow: Semi-detached,104,101,3,1,2
S01008280,Whole house or bungalow: Terraced (including end-terrace),101,94,7,1,6
S01008280,Flat maisonette or apartment or mobile/temporary accommodation,89,82,7,2,5
S01008281,All household spaces,341,316,25,19,6
S01008281,Whole house or bungalow: Total,323,299,24,18,6
S01008281,Whole house or bungalow: Detached,137,132,5,4,1
S01008281,Whole house or bungalow: Semi-detached,101,98,3,3,0
S01008281,Whole house or bungalow: Terraced (including end-terrace),85,69,16,11,5
S01008281,Flat maisonette or apartment or mobile/temporary accommodation,18,17,1,1,0
S01008282,All household spaces,322,299,23,19,4
S01008282,Whole house or bungalow: Total,304,282,22,18,4
S01008282,Whole house or bungalow: Detached,140,128,12,10,2
S01008282,Whole house or bungalow: Semi-detached,102,96,6,4,2
S01008282,Whole house or bungalow: Terraced (including end-terrace),62,58,4,4,0
S01008282,Flat maisonette or apartment or mobile/temporary accommodation,18,17,1,1,0
S01008283,All household spaces,193,184,9,6,3
S01008283,Whole house or bungalow: Total,185,176,9,6,3
S01008283,Whole house or bungalow: Detached,116,109,7,5,2
S01008283,Whole house or bungalow: Semi-detached,37,36,1,0,1
S01008283,Whole house or bungalow: Terraced (including end-terrace),32,31,1,1,0
S01008283,Flat maisonette or apartment or mobile/temporary accommodation,8,8,0,0,0
S01008284,All household spaces,359,348,11,5,6
S01008284,Whole house or bungalow: Total,351,340,11,5,6
S01008284,Whole house or bungalow: Detached,142,135,7,5,2
S01008284,Whole house or bungalow: Semi-detached,175,171,4,0,4
S01008284,Whole house or bungalow: Terraced (including end-terrace),34,34,0,0,0
S01008284,Flat maisonette or apartment or mobile/temporary accommodation,8,8,0,0,0
S01008285,All household spaces,362,355,7,2,5
S01008285,Whole house or bungalow: Total,195,190,5,2,3
S01008285,Whole house or bungalow: Detached,41,38,3,2,1
S01008285,Whole house or bungalow: Semi-detached,134,133,1,0,1
S01008285,Whole house or bungalow: Terraced (including end-terrace),20,19,1,0,1
S01008285,Flat maisonette or apartment or mobile/temporary accommodation,167,165,2,0,2
S01008286,All household spaces,311,303,8,2,6
S01008286,Whole house or bungalow: Total,259,253,6,1,5
S01008286,Whole house or bungalow: Detached,50,50,0,0,0
S01008286,Whole house or bungalow: Semi-detached,121,117,4,1,3
S01008286,Whole house or bungalow: Terraced (including end-terrace),88,86,2,0,2
S01008286,Flat maisonette or apartment or mobile/temporary accommodation,52,50,2,1,1
S01008287,All household spaces,358,311,47,38,9
S01008287,Whole house or bungalow: Total,272,237,35,30,5
S01008287,Whole house or bungalow: Detached,112,88,24,21,3
S01008287,Whole house or bungalow: Semi-detached,67,67,0,0,0
S01008287,Whole house or bungalow: Terraced (including end-terrace),93,82,11,9,2
S01008287,Flat maisonette or apartment or mobile/temporary accommodation,86,74,12,8,4
S01008288,All household spaces,439,413,26,14,12
S01008288,Whole house or bungalow: Total,233,222,11,6,5
S01008288,Whole house or bungalow: Detached,71,64,7,3,4
S01008288,Whole house or bungalow: Semi-detached,124,124,0,0,0
S01008288,Whole house or bungalow: Terraced (including end-terrace),38,34,4,3,1
S01008288,Flat maisonette or apartment or mobile/temporary accommodation,206,191,15,8,7
S01008289,All household spaces,353,319,34,15,19
S01008289,Whole house or bungalow: Total,143,133,10,4,6
S01008289,Whole house or bungalow: Detached,9,9,0,0,0
S01008289,Whole house or bungalow: Semi-detached,43,43,0,0,0
S01008289,Whole house or bungalow: Terraced (including end-terrace),91,81,10,4,6
S01008289,Flat maisonette or apartment or mobile/temporary accommodation,210,186,24,11,13
S01008290,All household spaces,429,397,32,19,13
S01008290,Whole house or bungalow: Total,196,192,4,4,0
S01008290,Whole house or bungalow: Detached,53,51,2,2,0
S01008290,Whole house or bungalow: Semi-detached,53,53,0,0,0
S01008290,Whole house or bungalow: Terraced (including end-terrace),90,88,2,2,0
S01008290,Flat maisonette or apartment or mobile/temporary accommodation,233,205,28,15,13
S01008291,All household spaces,389,369,20,14,6
S01008291,Whole house or bungalow: Total,275,261,14,12,2
S01008291,Whole house or bungalow: Detached,183,178,5,3,2
S01008291,Whole house or bungalow: Semi-detached,84,76,8,8,0
S01008291,Whole house or bungalow: Terraced (including end-terrace),8,7,1,1,0
S01008291,Flat maisonette or apartment or mobile/temporary accommodation,114,108,6,2,4
S01008292,All household spaces,310,310,0,0,0
S01008292,Whole house or bungalow: Total,249,249,0,0,0
S01008292,Whole house or bungalow: Detached,63,63,0,0,0
S01008292,Whole house or bungalow: Semi-detached,169,169,0,0,0
S01008292,Whole house or bungalow: Terraced (including end-terrace),17,17,0,0,0
S01008292,Flat maisonette or apartment or mobile/temporary accommodation,61,61,0,0,0
S01008293,All household spaces,203,199,4,2,2
S01008293,Whole house or bungalow: Total,201,197,4,2,2
S01008293,Whole house or bungalow: Detached,179,175,4,2,2
S01008293,Whole house or bungalow: Semi-detached,21,21,0,0,0
S01008293,Whole house or bungalow: Terraced (including end-terrace),1,1,0,0,0
S01008293,Flat maisonette or apartment or mobile/temporary accommodation,2,2,0,0,0
S01008294,All household spaces,327,326,1,0,1
S01008294,Whole house or bungalow: Total,319,318,1,0,1
S01008294,Whole house or bungalow: Detached,194,193,1,0,1
S01008294,Whole house or bungalow: Semi-detached,113,113,0,0,0
S01008294,Whole house or bungalow: Terraced (including end-terrace),12,12,0,0,0
S01008294,Flat maisonette or apartment or mobile/temporary accommodation,8,8,0,0,0
S01008295,All household spaces,388,380,8,0,8
S01008295,Whole house or bungalow: Total,352,347,5,0,5
S01008295,Whole house or bungalow: Detached,70,70,0,0,0
S01008295,Whole house or bungalow: Semi-detached,176,174,2,0,2
S01008295,Whole house or bungalow: Terraced (including end-terrace),106,103,3,0,3
S01008295,Flat maisonette or apartment or mobile/temporary accommodation,36,33,3,0,3
S01008296,All household spaces,323,320,3,0,3
S01008296,Whole house or bungalow: Total,253,251,2,0,2
S01008296,Whole house or bungalow: Detached,46,44,2,0,2
S01008296,Whole house or bungalow: Semi-detached,102,102,0,0,0
S01008296,Whole house or bungalow: Terraced (including end-terrace),105,105,0,0,0
S01008296,Flat maisonette or apartment or mobile/temporary accommodation,70,69,1,0,1
S01008297,All household spaces,299,295,4,0,4
S01008297,Whole house or bungalow: Total,260,258,2,0,2
S01008297,Whole house or bungalow: Detached,153,151,2,0,2
S01008297,Whole house or bungalow: Semi-detached,63,63,0,0,0
S01008297,Whole house or bungalow: Terraced (including end-terrace),44,44,0,0,0
S01008297,Flat maisonette or apartment or mobile/temporary accommodation,39,37,2,0,2
S01008298,All household spaces,312,303,9,0,9
S01008298,Whole house or bungalow: Total,255,251,4,0,4
S01008298,Whole house or bungalow: Detached,63,63,0,0,0
S01008298,Whole house or bungalow: Semi-detached,64,63,1,0,1
S01008298,Whole house or bungalow: Terraced (including end-terrace),128,125,3,0,3
S01008298,Flat maisonette or apartment or mobile/temporary accommodation,57,52,5,0,5
S01008299,All household spaces,377,370,7,0,7
S01008299,Whole house or bungalow: Total,168,164,4,0,4
S01008299,Whole house or bungalow: Detached,39,39,0,0,0
S01008299,Whole house or bungalow: Semi-detached,88,87,1,0,1
S01008299,Whole house or bungalow: Terraced (including end-terrace),41,38,3,0,3
S01008299,Flat maisonette or apartment or mobile/temporary accommodation,209,206,3,0,3
S01008300,All household spaces,380,377,3,0,3
S01008300,Whole house or bungalow: Total,225,224,1,0,1
S01008300,Whole house or bungalow: Detached,55,55,0,0,0
S01008300,Whole house or bungalow: Semi-detached,133,132,1,0,1
S01008300,Whole house or bungalow: Terraced (including end-terrace),37,37,0,0,0
S01008300,Flat maisonette or apartment or mobile/temporary accommodation,155,153,2,0,2
S01008301,All household spaces,320,316,4,0,4
S01008301,Whole house or bungalow: Total,298,294,4,0,4
S01008301,Whole house or bungalow: Detached,94,91,3,0,3
S01008301,Whole house or bungalow: Semi-detached,144,144,0,0,0
S01008301,Whole house or bungalow: Terraced (including end-terrace),60,59,1,0,1
S01008301,Flat maisonette or apartment or mobile/temporary accommodation,22,22,0,0,0
S01008302,All household spaces,302,300,2,0,2
S01008302,Whole house or bungalow: Total,298,296,2,0,2
S01008302,Whole house or bungalow: Detached,174,172,2,0,2
S01008302,Whole house or bungalow: Semi-detached,90,90,0,0,0
S01008302,Whole house or bungalow: Terraced (including end-terrace),34,34,0,0,0
S01008302,Flat maisonette or apartment or mobile/temporary accommodation,4,4,0,0,0
S01008303,All household spaces,279,272,7,0,7
S01008303,Whole house or bungalow: Total,121,119,2,0,2
S01008303,Whole house or bungalow: Detached,63,62,1,0,1
S01008303,Whole house or bungalow: Semi-detached,30,29,1,0,1
S01008303,Whole house or bungalow: Terraced (including end-terrace),28,28,0,0,0
S01008303,Flat maisonette or apartment or mobile/temporary accommodation,158,153,5,0,5
S01008304,All household spaces,218,212,6,1,5
S01008304,Whole house or bungalow: Total,126,124,2,0,2
S01008304,Whole house or bungalow: Detached,75,74,1,0,1
S01008304,Whole house or bungalow: Semi-detached,47,46,1,0,1
S01008304,Whole house or bungalow: Terraced (including end-terrace),4,4,0,0,0
S01008304,Flat maisonette or apartment or mobile/temporary accommodation,92,88,4,1,3
S01008305,All household spaces,319,315,4,1,3
S01008305,Whole house or bungalow: Total,302,298,4,1,3
S01008305,Whole house or bungalow: Detached,70,70,0,0,0
S01008305,Whole house or bungalow: Semi-detached,196,193,3,1,2
S01008305,Whole house or bungalow: Terraced (including end-terrace),36,35,1,0,1
S01008305,Flat maisonette or apartment or mobile/temporary accommodation,17,17,0,0,0
S01008306,All household spaces,240,239,1,0,1
S01008306,Whole house or bungalow: Total,223,223,0,0,0
S01008306,Whole house or bungalow: Detached,17,17,0,0,0
S01008306,Whole house or bungalow: Semi-detached,191,191,0,0,0
S01008306,Whole house or bungalow: Terraced (including end-terrace),15,15,0,0,0
S01008306,Flat maisonette or apartment or mobile/temporary accommodation,17,16,1,0,1
S01008307,All household spaces,217,216,1,0,1
S01008307,Whole house or bungalow: Total,188,187,1,0,1
S01008307,Whole house or bungalow: Detached,73,73,0,0,0
S01008307,Whole house or bungalow: Semi-detached,72,71,1,0,1
S01008307,Whole house or bungalow: Terraced (including end-terrace),43,43,0,0,0
S01008307,Flat maisonette or apartment or mobile/temporary accommodation,29,29,0,0,0
S01008308,All household spaces,245,238,7,0,7
S01008308,Whole house or bungalow: Total,240,233,7,0,7
S01008308,Whole house or bungalow: Detached,147,142,5,0,5
S01008308,Whole house or bungalow: Semi-detached,90,88,2,0,2
S01008308,Whole house or bungalow: Terraced (including end-terrace),3,3,0,0,0
S01008308,Flat maisonette or apartment or mobile/temporary accommodation,5,5,0,0,0
S01008309,All household spaces,384,372,12,0,12
S01008309,Whole house or bungalow: Total,121,119,2,0,2
S01008309,Whole house or bungalow: Detached,37,37,0,0,0
S01008309,Whole house or bungalow: Semi-detached,48,46,2,0,2
S01008309,Whole house or bungalow: Terraced (including end-terrace),36,36,0,0,0
S01008309,Flat maisonette or apartment or mobile/temporary accommodation,263,253,10,0,10
S01008310,All household spaces,472,467,5,0,5
S01008310,Whole house or bungalow: Total,263,262,1,0,1
S01008310,Whole house or bungalow: Detached,55,54,1,0,1
S01008310,Whole house or bungalow: Semi-detached,157,157,0,0,0
S01008310,Whole house or bungalow: Terraced (including end-terrace),51,51,0,0,0
S01008310,Flat maisonette or apartment or mobile/temporary accommodation,209,205,4,0,4
S01008311,All household spaces,176,172,4,0,4
S01008311,Whole house or bungalow: Total,113,111,2,0,2
S01008311,Whole house or bungalow: Detached,16,16,0,0,0
S01008311,Whole house or bungalow: Semi-detached,58,57,1,0,1
S01008311,Whole house or bungalow: Terraced (including end-terrace),39,38,1,0,1
S01008311,Flat maisonette or apartment or mobile/temporary accommodation,63,61,2,0,2
S01008312,All household spaces,175,171,4,0,4
S01008312,Whole house or bungalow: Total,99,98,1,0,1
S01008312,Whole house or bungalow: Detached,37,36,1,0,1
S01008312,Whole house or bungalow: Semi-detached,51,51,0,0,0
S01008312,Whole house or bungalow: Terraced (including end-terrace),11,11,0,0,0
S01008312,Flat maisonette or apartment or mobile/temporary accommodation,76,73,3,0,3
S01008313,All household spaces,415,403,12,0,12
S01008313,Whole house or bungalow: Total,197,191,6,0,6
S01008313,Whole house or bungalow: Detached,37,37,0,0,0
S01008313,Whole house or bungalow: Semi-detached,62,62,0,0,0
S01008313,Whole house or bungalow: Terraced (including end-terrace),98,92,6,0,6
S01008313,Flat maisonette or apartment or mobile/temporary accommodation,218,212,6,0,6
S01008314,All household spaces,321,311,10,0,10
S01008314,Whole house or bungalow: Total,68,68,0,0,0
S01008314,Whole house or bungalow: Detached,9,9,0,0,0
S01008314,Whole house or bungalow: Semi-detached,19,19,0,0,0
S01008314,Whole house or bungalow: Terraced (including end-terrace),40,40,0,0,0
S01008314,Flat maisonette or apartment or mobile/temporary accommodation,253,243,10,0,10
S01008315,All household spaces,462,450,12,1,11
S01008315,Whole house or bungalow: Total,69,67,2,0,2
S01008315,Whole house or bungalow: Detached,16,16,0,0,0
S01008315,Whole house or bungalow: Semi-detached,19,18,1,0,1
S01008315,Whole house or bungalow: Terraced (including end-terrace),34,33,1,0,1
S01008315,Flat maisonette or apartment or mobile/temporary accommodation,393,383,10,1,9
S01008316,All household spaces,273,265,8,0,8
S01008316,Whole house or bungalow: Total,171,166,5,0,5
S01008316,Whole house or bungalow: Detached,16,16,0,0,0
S01008316,Whole house or bungalow: Semi-detached,106,105,1,0,1
S01008316,Whole house or bungalow: Terraced (including end-terrace),49,45,4,0,4
S01008316,Flat maisonette or apartment or mobile/temporary accommodation,102,99,3,0,3
S01008317,All household spaces,320,316,4,0,4
S01008317,Whole house or bungalow: Total,184,182,2,0,2
S01008317,Whole house or bungalow: Detached,35,34,1,0,1
S01008317,Whole house or bungalow: Semi-detached,132,131,1,0,1
S01008317,Whole house or bungalow: Terraced (including end-terrace),17,17,0,0,0
S01008317,Flat maisonette or apartment or mobile/temporary accommodation,136,134,2,0,2
S01008318,All household spaces,381,368,13,1,12
S01008318,Whole house or bungalow: Total,347,335,12,1,11
S01008318,Whole house or bungalow: Detached,152,149,3,1,2
S01008318,Whole house or bungalow: Semi-detached,141,132,9,0,9
S01008318,Whole house or bungalow: Terraced (including end-terrace),54,54,0,0,0
S01008318,Flat maisonette or apartment or mobile/temporary accommodation,34,33,1,0,1
S01008319,All household spaces,383,373,10,1,9
S01008319,Whole house or bungalow: Total,160,159,1,1,0
S01008319,Whole house or bungalow: Detached,43,42,1,1,0
S01008319,Whole house or bungalow: Semi-detached,94,94,0,0,0
S01008319,Whole house or bungalow: Terraced (including end-terrace),23,23,0,0,0
S01008319,Flat maisonette or apartment or mobile/temporary accommodation,223,214,9,0,9
S01008320,All household spaces,315,308,7,1,6
S01008320,Whole house or bungalow: Total,248,243,5,1,4
S01008320,Whole house or bungalow: Detached,90,87,3,0,3
S01008320,Whole house or bungalow: Semi-detached,139,138,1,0,1
S01008320,Whole house or bungalow: Terraced (including end-terrace),19,18,1,1,0
S01008320,Flat maisonette or apartment or mobile/temporary accommodation,67,65,2,0,2
S01008321,All household spaces,197,195,2,0,2
S01008321,Whole house or bungalow: Total,195,193,2,0,2
S01008321,Whole house or bungalow: Detached,88,87,1,0,1
S01008321,Whole house or bungalow: Semi-detached,98,97,1,0,1
S01008321,Whole house or bungalow: Terraced (including end-terrace),9,9,0,0,0
S01008321,Flat maisonette or apartment or mobile/temporary accommodation,2,2,0,0,0
S01008322,All household spaces,502,501,1,0,1
S01008322,Whole house or bungalow: Total,268,267,1,0,1
S01008322,Whole house or bungalow: Detached,51,51,0,0,0
S01008322,Whole house or bungalow: Semi-detached,131,131,0,0,0
S01008322,Whole house or bungalow: Terraced (including end-terrace),86,85,1,0,1
S01008322,Flat maisonette or apartment or mobile/temporary accommodation,234,234,0,0,0
S01008323,All household spaces,327,324,3,0,3
S01008323,Whole house or bungalow: Total,201,198,3,0,3
S01008323,Whole house or bungalow: Detached,13,13,0,0,0
S01008323,Whole house or bungalow: Semi-detached,94,92,2,0,2
S01008323,Whole house or bungalow: Terraced (including end-terrace),94,93,1,0,1
S01008323,Flat maisonette or apartment or mobile/temporary accommodation,126,126,0,0,0
S01008324,All household spaces,259,254,5,0,5
S01008324,Whole house or bungalow: Total,210,207,3,0,3
S01008324,Whole house or bungalow: Detached,18,18,0,0,0
S01008324,Whole house or bungalow: Semi-detached,147,144,3,0,3
S01008324,Whole house or bungalow: Terraced (including end-terrace),45,45,0,0,0
S01008324,Flat maisonette or apartment or mobile/temporary accommodation,49,47,2,0,2
S01008325,All household spaces,302,291,11,0,11
S01008325,Whole house or bungalow: Total,252,242,10,0,10
S01008325,Whole house or bungalow: Detached,19,14,5,0,5
S01008325,Whole house or bungalow: Semi-detached,147,143,4,0,4
S01008325,Whole house or bungalow: Terraced (including end-terrace),86,85,1,0,1
S01008325,Flat maisonette or apartment or mobile/temporary accommodation,50,49,1,0,1
S01008326,All household spaces,463,455,8,0,8
S01008326,Whole house or bungalow: Total,284,281,3,0,3
S01008326,Whole house or bungalow: Detached,16,16,0,0,0
S01008326,Whole house or bungalow: Semi-detached,139,136,3,0,3
S01008326,Whole house or bungalow: Terraced (including end-terrace),129,129,0,0,0
S01008326,Flat maisonette or apartment or mobile/temporary accommodation,179,174,5,0,5
S01008327,All household spaces,397,386,11,0,11
S01008327,Whole house or bungalow: Total,351,342,9,0,9
S01008327,Whole house or bungalow: Detached,23,23,0,0,0
S01008327,Whole house or bungalow: Semi-detached,205,201,4,0,4
S01008327,Whole house or bungalow: Terraced (including end-terrace),123,118,5,0,5
S01008327,Flat maisonette or apartment or mobile/temporary accommodation,46,44,2,0,2
S01008328,All household spaces,246,242,4,0,4
S01008328,Whole house or bungalow: Total,234,230,4,0,4
S01008328,Whole house or bungalow: Detached,97,93,4,0,4
S01008328,Whole house or bungalow: Semi-detached,119,119,0,0,0
S01008328,Whole house or bungalow: Terraced (including end-terrace),18,18,0,0,0
S01008328,Flat maisonette or apartment or mobile/temporary accommodation,12,12,0,0,0
S01008329,All household spaces,295,291,4,0,4
S01008329,Whole house or bungalow: Total,288,284,4,0,4
S01008329,Whole house or bungalow: Detached,182,178,4,0,4
S01008329,Whole house or bungalow: Semi-detached,102,102,0,0,0
S01008329,Whole house or bungalow: Terraced (including end-terrace),4,4,0,0,0
S01008329,Flat maisonette or apartment or mobile/temporary accommodation,7,7,0,0,0
S01008330,All household spaces,295,290,5,0,5
S01008330,Whole house or bungalow: Total,290,285,5,0,5
S01008330,Whole house or bungalow: Detached,135,132,3,0,3
S01008330,Whole house or bungalow: Semi-detached,149,147,2,0,2
S01008330,Whole house or bungalow: Terraced (including end-terrace),6,6,0,0,0
S01008330,Flat maisonette or apartment or mobile/temporary accommodation,5,5,0,0,0
S01008331,All household spaces,247,246,1,0,1
S01008331,Whole house or bungalow: Total,200,199,1,0,1
S01008331,Whole house or bungalow: Detached,69,69,0,0,0
S01008331,Whole house or bungalow: Semi-detached,52,52,0,0,0
S01008331,Whole house or bungalow: Terraced (including end-terrace),79,78,1,0,1
S01008331,Flat maisonette or apartment or mobile/temporary accommodation,47,47,0,0,0
S01008332,All household spaces,386,378,8,1,7
S01008332,Whole house or bungalow: Total,277,275,2,0,2
S01008332,Whole house or bungalow: Detached,212,211,1,0,1
S01008332,Whole house or bungalow: Semi-detached,25,25,0,0,0
S01008332,Whole house or bungalow: Terraced (including end-terrace),40,39,1,0,1
S01008332,Flat maisonette or apartment or mobile/temporary accommodation,109,103,6,1,5
S01008333,All household spaces,474,454,20,0,20
S01008333,Whole house or bungalow: Total,317,313,4,0,4
S01008333,Whole house or bungalow: Detached,190,187,3,0,3
S01008333,Whole house or bungalow: Semi-detached,95,95,0,0,0
S01008333,Whole house or bungalow: Terraced (including end-terrace),32,31,1,0,1
S01008333,Flat maisonette or apartment or mobile/temporary accommodation,157,141,16,0,16
S01008334,All household spaces,332,321,11,2,9
S01008334,Whole house or bungalow: Total,191,186,5,0,5
S01008334,Whole house or bungalow: Detached,82,78,4,0,4
S01008334,Whole house or bungalow: Semi-detached,96,95,1,0,1
S01008334,Whole house or bungalow: Terraced (including end-terrace),13,13,0,0,0
S01008334,Flat maisonette or apartment or mobile/temporary accommodation,141,135,6,2,4
S01008335,All household spaces,336,330,6,0,6
S01008335,Whole house or bungalow: Total,220,215,5,0,5
S01008335,Whole house or bungalow: Detached,95,95,0,0,0
S01008335,Whole house or bungalow: Semi-detached,88,84,4,0,4
S01008335,Whole house or bungalow: Terraced (including end-terrace),37,36,1,0,1
S01008335,Flat maisonette or apartment or mobile/temporary accommodation,116,115,1,0,1
S01008336,All household spaces,277,268,9,0,9
S01008336,Whole house or bungalow: Total,185,183,2,0,2
S01008336,Whole house or bungalow: Detached,69,68,1,0,1
S01008336,Whole house or bungalow: Semi-detached,43,43,0,0,0
S01008336,Whole house or bungalow: Terraced (including end-terrace),73,72,1,0,1
S01008336,Flat maisonette or apartment or mobile/temporary accommodation,92,85,7,0,7
S01008337,All household spaces,373,365,8,2,6
S01008337,Whole house or bungalow: Total,303,297,6,1,5
S01008337,Whole house or bungalow: Detached,132,132,0,0,0
S01008337,Whole house or bungalow: Semi-detached,45,44,1,1,0
S01008337,Whole house or bungalow: Terraced (including end-terrace),126,121,5,0,5
S01008337,Flat maisonette or apartment or mobile/temporary accommodation,70,68,2,1,1
S01008338,All household spaces,263,262,1,0,1
S01008338,Whole house or bungalow: Total,255,254,1,0,1
S01008338,Whole house or bungalow: Detached,173,173,0,0,0
S01008338,Whole house or bungalow: Semi-detached,78,77,1,0,1
S01008338,Whole house or bungalow: Terraced (including end-terrace),4,4,0,0,0
S01008338,Flat maisonette or apartment or mobile/temporary accommodation,8,8,0,0,0
S01008339,All household spaces,227,227,0,0,0
S01008339,Whole house or bungalow: Total,221,221,0,0,0
S01008339,Whole house or bungalow: Detached,98,98,0,0,0
S01008339,Whole house or bungalow: Semi-detached,91,91,0,0,0
S01008339,Whole house or bungalow: Terraced (including end-terrace),32,32,0,0,0
S01008339,Flat maisonette or apartment or mobile/temporary accommodation,6,6,0,0,0
S01008340,All household spaces,317,313,4,1,3
S01008340,Whole house or bungalow: Total,286,283,3,1,2
S01008340,Whole house or bungalow: Detached,143,143,0,0,0
S01008340,Whole house or bungalow: Semi-detached,86,85,1,0,1
S01008340,Whole house or bungalow: Terraced (including end-terrace),57,55,2,1,1
S01008340,Flat maisonette or apartment or mobile/temporary accommodation,31,30,1,0,1
S01008341,All household spaces,204,204,0,0,0
S01008341,Whole house or bungalow: Total,203,203,0,0,0
S01008341,Whole house or bungalow: Detached,193,193,0,0,0
S01008341,Whole house or bungalow: Semi-detached,6,6,0,0,0
S01008341,Whole house or bungalow: Terraced (including end-terrace),4,4,0,0,0
S01008341,Flat maisonette or apartment or mobile/temporary accommodation,1,1,0,0,0
S01008342,All household spaces,332,327,5,1,4
S01008342,Whole house or bungalow: Total,265,263,2,1,1
S01008342,Whole house or bungalow: Detached,80,79,1,0,1
S01008342,Whole house or bungalow: Semi-detached,141,140,1,1,0
S01008342,Whole house or bungalow: Terraced (including end-terrace),44,44,0,0,0
S01008342,Flat maisonette or apartment or mobile/temporary accommodation,67,64,3,0,3
S01008343,All household spaces,333,328,5,1,4
S01008343,Whole house or bungalow: Total,313,310,3,0,3
S01008343,Whole house or bungalow: Detached,240,238,2,0,2
S01008343,Whole house or bungalow: Semi-detached,71,70,1,0,1
S01008343,Whole house or bungalow: Terraced (including end-terrace),2,2,0,0,0
S01008343,Flat maisonette or apartment or mobile/temporary accommodation,20,18,2,1,1
S01008344,All household spaces,360,355,5,1,4
S01008344,Whole house or bungalow: Total,240,239,1,0,1
S01008344,Whole house or bungalow: Detached,196,195,1,0,1
S01008344,Whole house or bungalow: Semi-detached,38,38,0,0,0
S01008344,Whole house or bungalow: Terraced (including end-terrace),6,6,0,0,0
S01008344,Flat maisonette or apartment or mobile/temporary accommodation,120,116,4,1,3
S01008345,All household spaces,357,350,7,1,6
S01008345,Whole house or bungalow: Total,320,315,5,1,4
S01008345,Whole house or bungalow: Detached,282,277,5,1,4
S01008345,Whole house or bungalow: Semi-detached,27,27,0,0,0
S01008345,Whole house or bungalow: Terraced (including end-terrace),11,11,0,0,0
S01008345,Flat maisonette or apartment or mobile/temporary accommodation,37,35,2,0,2
S01008346,All household spaces,362,359,3,0,3
S01008346,Whole house or bungalow: Total,352,349,3,0,3
S01008346,Whole house or bungalow: Detached,280,278,2,0,2
S01008346,Whole house or bungalow: Semi-detached,70,69,1,0,1
S01008346,Whole house or bungalow: Terraced (including end-terrace),2,2,0,0,0
S01008346,Flat maisonette or apartment or mobile/temporary accommodation,10,10,0,0,0
S01008347,All household spaces,509,489,20,1,19
S01008347,Whole house or bungalow: Total,250,246,4,0,4
S01008347,Whole house or bungalow: Detached,176,173,3,0,3
S01008347,Whole house or bungalow: Semi-detached,62,61,1,0,1
S01008347,Whole house or bungalow: Terraced (including end-terrace),12,12,0,0,0
S01008347,Flat maisonette or apartment or mobile/temporary accommodation,259,243,16,1,15
S01008348,All household spaces,328,326,2,0,2
S01008348,Whole house or bungalow: Total,205,204,1,0,1
S01008348,Whole house or bungalow: Detached,149,149,0,0,0
S01008348,Whole house or bungalow: Semi-detached,52,51,1,0,1
S01008348,Whole house or bungalow: Terraced (including end-terrace),4,4,0,0,0
S01008348,Flat maisonette or apartment or mobile/temporary accommodation,123,122,1,0,1
S01008349,All household spaces,319,313,6,0,6
S01008349,Whole house or bungalow: Total,226,220,6,0,6
S01008349,Whole house or bungalow: Detached,205,199,6,0,6
S01008349,Whole house or bungalow: Semi-detached,13,13,0,0,0
S01008349,Whole house or bungalow: Terraced (including end-terrace),8,8,0,0,0
S01008349,Flat maisonette or apartment or mobile/temporary accommodation,93,93,0,0,0
S01008350,All household spaces,258,257,1,0,1
S01008350,Whole house or bungalow: Total,220,219,1,0,1
S01008350,Whole house or bungalow: Detached,202,201,1,0,1
S01008350,Whole house or bungalow: Semi-detached,16,16,0,0,0
S01008350,Whole house or bungalow: Terraced (including end-terrace),2,2,0,0,0
S01008350,Flat maisonette or apartment or mobile/temporary accommodation,38,38,0,0,0
S01008351,All household spaces,354,347,7,1,6
S01008351,Whole house or bungalow: Total,302,298,4,0,4
S01008351,Whole house or bungalow: Detached,214,211,3,0,3
S01008351,Whole house or bungalow: Semi-detached,46,45,1,0,1
S01008351,Whole house or bungalow: Terraced (including end-terrace),42,42,0,0,0
S01008351,Flat maisonette or apartment or mobile/temporary accommodation,52,49,3,1,2
S01008352,All household spaces,252,248,4,1,3
S01008352,Whole house or bungalow: Total,248,244,4,1,3
S01008352,Whole house or bungalow: Detached,224,220,4,1,3
S01008352,Whole house or bungalow: Semi-detached,23,23,0,0,0
S01008352,Whole house or bungalow: Terraced (including end-terrace),1,1,0,0,0
S01008352,Flat maisonette or apartment or mobile/temporary accommodation,4,4,0,0,0
S01008353,All household spaces,200,198,2,1,1
S01008353,Whole house or bungalow: Total,142,141,1,0,1
S01008353,Whole house or bungalow: Detached,117,116,1,0,1
S01008353,Whole house or bungalow: Semi-detached,24,24,0,0,0
S01008353,Whole house or bungalow: Terraced (including end-terrace),1,1,0,0,0
S01008353,Flat maisonette or apartment or mobile/temporary accommodation,58,57,1,1,0
S01008354,All household spaces,297,286,11,0,11
S01008354,Whole house or bungalow: Total,275,264,11,0,11
S01008354,Whole house or bungalow: Detached,182,174,8,0,8
S01008354,Whole house or bungalow: Semi-detached,53,52,1,0,1
S01008354,Whole house or bungalow: Terraced (including end-terrace),40,38,2,0,2
S01008354,Flat maisonette or apartment or mobile/temporary accommodation,22,22,0,0,0
S01008355,All household spaces,308,299,9,1,8
S01008355,Whole house or bungalow: Total,238,232,6,1,5
S01008355,Whole house or bungalow: Detached,32,32,0,0,0
S01008355,Whole house or bungalow: Semi-detached,117,113,4,1,3
S01008355,Whole house or bungalow: Terraced (including end-terrace),89,87,2,0,2
S01008355,Flat maisonette or apartment or mobile/temporary accommodation,70,67,3,0,3
S01008356,All household spaces,262,259,3,0,3
S01008356,Whole house or bungalow: Total,234,233,1,0,1
S01008356,Whole house or bungalow: Detached,23,23,0,0,0
S01008356,Whole house or bungalow: Semi-detached,49,49,0,0,0
S01008356,Whole house or bungalow: Terraced (including end-terrace),162,161,1,0,1
S01008356,Flat maisonette or apartment or mobile/temporary accommodation,28,26,2,0,2
S01008357,All household spaces,298,296,2,0,2
S01008357,Whole house or bungalow: Total,223,223,0,0,0
S01008357,Whole house or bungalow: Detached,101,101,0,0,0
S01008357,Whole house or bungalow: Semi-detached,51,51,0,0,0
S01008357,Whole house or bungalow: Terraced (including end-terrace),71,71,0,0,0
S01008357,Flat maisonette or apartment or mobile/temporary accommodation,75,73,2,0,2
S01008358,All household spaces,360,346,14,0,14
S01008358,Whole house or bungalow: Total,286,276,10,0,10
S01008358,Whole house or bungalow: Detached,52,51,1,0,1
S01008358,Whole house or bungalow: Semi-detached,110,107,3,0,3
S01008358,Whole house or bungalow: Terraced (including end-terrace),124,118,6,0,6
S01008358,Flat maisonette or apartment or mobile/temporary accommodation,74,70,4,0,4
S01008359,All household spaces,271,250,21,0,21
S01008359,Whole house or bungalow: Total,225,209,16,0,16
S01008359,Whole house or bungalow: Detached,77,72,5,0,5
S01008359,Whole house or bungalow: Semi-detached,135,124,11,0,11
S01008359,Whole house or bungalow: Terraced (including end-terrace),13,13,0,0,0
S01008359,Flat maisonette or apartment or mobile/temporary accommodation,46,41,5,0,5
S01008360,All household spaces,325,319,6,0,6
S01008360,Whole house or bungalow: Total,293,289,4,0,4
S01008360,Whole house or bungalow: Detached,172,168,4,0,4
S01008360,Whole house or bungalow: Semi-detached,59,59,0,0,0
S01008360,Whole house or bungalow: Terraced (including end-terrace),62,62,0,0,0
S01008360,Flat maisonette or apartment or mobile/temporary accommodation,32,30,2,0,2
S01008361,All household spaces,204,201,3,0,3
S01008361,Whole house or bungalow: Total,198,195,3,0,3
S01008361,Whole house or bungalow: Detached,51,50,1,0,1
S01008361,Whole house or bungalow: Semi-detached,119,117,2,0,2
S01008361,Whole house or bungalow: Terraced (including end-terrace),28,28,0,0,0
S01008361,Flat maisonette or apartment or mobile/temporary accommodation,6,6,0,0,0
S01008362,All household spaces,417,409,8,0,8
S01008362,Whole house or bungalow: Total,355,347,8,0,8
S01008362,Whole house or bungalow: Detached,89,88,1,0,1
S01008362,Whole house or bungalow: Semi-detached,223,217,6,0,6
S01008362,Whole house or bungalow: Terraced (including end-terrace),43,42,1,0,1
S01008362,Flat maisonette or apartment or mobile/temporary accommodation,62,62,0,0,0
S01008363,All household spaces,322,320,2,0,2
S01008363,Whole house or bungalow: Total,304,302,2,0,2
S01008363,Whole house or bungalow: Detached,149,149,0,0,0
S01008363,Whole house or bungalow: Semi-detached,54,53,1,0,1
S01008363,Whole house or bungalow: Terraced (including end-terrace),101,100,1,0,1
S01008363,Flat maisonette or apartment or mobile/temporary accommodation,18,18,0,0,0
S01008364,All household spaces,329,322,7,0,7
S01008364,Whole house or bungalow: Total,240,237,3,0,3
S01008364,Whole house or bungalow: Detached,130,130,0,0,0
S01008364,Whole house or bungalow: Semi-detached,67,67,0,0,0
S01008364,Whole house or bungalow: Terraced (including end-terrace),43,40,3,0,3
S01008364,Flat maisonette or apartment or mobile/temporary accommodation,89,85,4,0,4
S01008365,All household spaces,290,288,2,0,2
S01008365,Whole house or bungalow: Total,260,258,2,0,2
S01008365,Whole house or bungalow: Detached,214,212,2,0,2
S01008365,Whole house or bungalow: Semi-detached,43,43,0,0,0
S01008365,Whole house or bungalow: Terraced (including end-terrace),3,3,0,0,0
S01008365,Flat maisonette or apartment or mobile/temporary accommodation,30,30,0,0,0
S01008366,All household spaces,434,424,10,0,10
S01008366,Whole house or bungalow: Total,302,296,6,0,6
S01008366,Whole house or bungalow: Detached,41,40,1,0,1
S01008366,Whole house or bungalow: Semi-detached,137,136,1,0,1
S01008366,Whole house or bungalow: Terraced (including end-terrace),124,120,4,0,4
S01008366,Flat maisonette or apartment or mobile/temporary accommodation,132,128,4,0,4
S01008367,All household spaces,378,368,10,0,10
S01008367,Whole house or bungalow: Total,202,198,4,0,4
S01008367,Whole house or bungalow: Detached,30,29,1,0,1
S01008367,Whole house or bungalow: Semi-detached,80,80,0,0,0
S01008367,Whole house or bungalow: Terraced (including end-terrace),92,89,3,0,3
S01008367,Flat maisonette or apartment or mobile/temporary accommodation,176,170,6,0,6
S01008368,All household spaces,315,311,4,0,4
S01008368,Whole house or bungalow: Total,191,190,1,0,1
S01008368,Whole house or bungalow: Detached,41,41,0,0,0
S01008368,Whole house or bungalow: Semi-detached,88,88,0,0,0
S01008368,Whole house or bungalow: Terraced (including end-terrace),62,61,1,0,1
S01008368,Flat maisonette or apartment or mobile/temporary accommodation,124,121,3,0,3
S01008369,All household spaces,237,235,2,0,2
S01008369,Whole house or bungalow: Total,207,205,2,0,2
S01008369,Whole house or bungalow: Detached,41,41,0,0,0
S01008369,Whole house or bungalow: Semi-detached,70,69,1,0,1
S01008369,Whole house or bungalow: Terraced (including end-terrace),96,95,1,0,1
S01008369,Flat maisonette or apartment or mobile/temporary accommodation,30,30,0,0,0
S01008370,All household spaces,310,300,10,1,9
S01008370,Whole house or bungalow: Total,177,174,3,1,2
S01008370,Whole house or bungalow: Detached,70,70,0,0,0
S01008370,Whole house or bungalow: Semi-detached,45,43,2,1,1
S01008370,Whole house or bungalow: Terraced (including end-terrace),62,61,1,0,1
S01008370,Flat maisonette or apartment or mobile/temporary accommodation,133,126,7,0,7
S01008371,All household spaces,302,302,0,0,0
S01008371,Whole house or bungalow: Total,301,301,0,0,0
S01008371,Whole house or bungalow: Detached,150,150,0,0,0
S01008371,Whole house or bungalow: Semi-detached,55,55,0,0,0
S01008371,Whole house or bungalow: Terraced (including end-terrace),96,96,0,0,0
S01008371,Flat maisonette or apartment or mobile/temporary accommodation,1,1,0,0,0
S01008372,All household spaces,289,288,1,0,1
S01008372,Whole house or bungalow: Total,286,285,1,0,1
S01008372,Whole house or bungalow: Detached,60,60,0,0,0
S01008372,Whole house or bungalow: Semi-detached,121,120,1,0,1
S01008372,Whole house or bungalow: Terraced (including end-terrace),105,105,0,0,0
S01008372,Flat maisonette or apartment or mobile/temporary accommodation,3,3,0,0,0
S01008373,All household spaces,269,269,0,0,0
S01008373,Whole house or bungalow: Total,267,267,0,0,0
S01008373,Whole house or bungalow: Detached,81,81,0,0,0
S01008373,Whole house or bungalow: Semi-detached,178,178,0,0,0
S01008373,Whole house or bungalow: Terraced (including end-terrace),8,8,0,0,0
S01008373,Flat maisonette or apartment or mobile/temporary accommodation,2,2,0,0,0
S01008374,All household spaces,268,264,4,0,4
S01008374,Whole house or bungalow: Total,227,223,4,0,4
S01008374,Whole house or bungalow: Detached,75,72,3,0,3
S01008374,Whole house or bungalow: Semi-detached,139,138,1,0,1
S01008374,Whole house or bungalow: Terraced (including end-terrace),13,13,0,0,0
S01008374,Flat maisonette or apartment or mobile/temporary accommodation,41,41,0,0,0
S01008375,All household spaces,286,285,1,0,1
S01008375,Whole house or bungalow: Total,284,283,1,0,1
S01008375,Whole house or bungalow: Detached,152,151,1,0,1
S01008375,Whole house or bungalow: Semi-detached,116,116,0,0,0
S01008375,Whole house or bungalow: Terraced (including end-terrace),16,16,0,0,0
S01008375,Flat maisonette or apartment or mobile/temporary accommodation,2,2,0,0,0
S01008376,All household spaces,214,212,2,0,2
S01008376,Whole house or bungalow: Total,143,143,0,0,0
S01008376,Whole house or bungalow: Detached,46,46,0,0,0
S01008376,Whole house or bungalow: Semi-detached,67,67,0,0,0
S01008376,Whole house or bungalow: Terraced (including end-terrace),30,30,0,0,0
S01008376,Flat maisonette or apartment or mobile/temporary accommodation,71,69,2,0,2
S01008377,All household spaces,293,291,2,0,2
S01008377,Whole house or bungalow: Total,228,228,0,0,0
S01008377,Whole house or bungalow: Detached,22,22,0,0,0
S01008377,Whole house or bungalow: Semi-detached,116,116,0,0,0
S01008377,Whole house or bungalow: Terraced (including end-terrace),90,90,0,0,0
S01008377,Flat maisonette or apartment or mobile/temporary accommodation,65,63,2,0,2
S01008378,All household spaces,427,421,6,0,6
S01008378,Whole house or bungalow: Total,307,306,1,0,1
S01008378,Whole house or bungalow: Detached,84,84,0,0,0
S01008378,Whole house or bungalow: Semi-detached,177,176,1,0,1
S01008378,Whole house or bungalow: Terraced (including end-terrace),46,46,0,0,0
S01008378,Flat maisonette or apartment or mobile/temporary accommodation,120,115,5,0,5
S01008379,All household spaces,208,206,2,0,2
S01008379,Whole house or bungalow: Total,205,203,2,0,2
S01008379,Whole house or bungalow: Detached,158,156,2,0,2
S01008379,Whole house or bungalow: Semi-detached,40,40,0,0,0
S01008379,Whole house or bungalow: Terraced (including end-terrace),7,7,0,0,0
S01008379,Flat maisonette or apartment or mobile/temporary accommodation,3,3,0,0,0
S01008380,All household spaces,240,238,2,0,2
S01008380,Whole house or bungalow: Total,238,236,2,0,2
S01008380,Whole house or bungalow: Detached,65,64,1,0,1
S01008380,Whole house or bungalow: Semi-detached,170,169,1,0,1
S01008380,Whole house or bungalow: Terraced (including end-terrace),3,3,0,0,0
S01008380,Flat maisonette or apartment or mobile/temporary accommodation,2,2,0,0,0
S01008381,All household spaces,230,229,1,0,1
S01008381,Whole house or bungalow: Total,230,229,1,0,1
S01008381,Whole house or bungalow: Detached,16,16,0,0,0
S01008381,Whole house or bungalow: Semi-detached,206,206,0,0,0
S01008381,Whole house or bungalow: Terraced (including end-terrace),8,7,1,0,1
S01008381,Flat maisonette or apartment or mobile/temporary accommodation,0,0,0,0,0
S01008382,All household spaces,260,248,12,0,12
S01008382,Whole house or bungalow: Total,254,243,11,0,11
S01008382,Whole house or bungalow: Detached,20,20,0,0,0
S01008382,Whole house or bungalow: Semi-detached,189,184,5,0,5
S01008382,Whole house or bungalow: Terraced (including end-terrace),45,39,6,0,6
S01008382,Flat maisonette or apartment or mobile/temporary accommodation,6,5,1,0,1
S01008383,All household spaces,182,181,1,1,0
S01008383,Whole house or bungalow: Total,167,166,1,1,0
S01008383,Whole house or bungalow: Detached,39,39,0,0,0
S01008383,Whole house or bungalow: Semi-detached,92,91,1,1,0
S01008383,Whole house or bungalow: Terraced (including end-terrace),36,36,0,0,0
S01008383,Flat maisonette or apartment or mobile/temporary accommodation,15,15,0,0,0
S01008384,All household spaces,390,387,3,0,3
S01008384,Whole house or bungalow: Total,386,383,3,0,3
S01008384,Whole house or bungalow: Detached,105,103,2,0,2
S01008384,Whole house or bungalow: Semi-detached,85,84,1,0,1
S01008384,Whole house or bungalow: Terraced (including end-terrace),196,196,0,0,0
S01008384,Flat maisonette or apartment or mobile/temporary accommodation,4,4,0,0,0
S01008385,All household spaces,254,252,2,0,2
S01008385,Whole house or bungalow: Total,245,243,2,0,2
S01008385,Whole house or bungalow: Detached,168,166,2,0,2
S01008385,Whole house or bungalow: Semi-detached,62,62,0,0,0
S01008385,Whole house or bungalow: Terraced (including end-terrace),15,15,0,0,0
S01008385,Flat maisonette or apartment or mobile/temporary accommodation,9,9,0,0,0
S01008386,All household spaces,342,337,5,0,5
S01008386,Whole house or bungalow: Total,338,333,5,0,5
S01008386,Whole house or bungalow: Detached,8,8,0,0,0
S01008386,Whole house or bungalow: Semi-detached,113,110,3,0,3
S01008386,Whole house or bungalow: Terraced (including end-terrace),217,215,2,0,2
S01008386,Flat maisonette or apartment or mobile/temporary accommodation,4,4,0,0,0
S01008387,All household spaces,244,241,3,0,3
S01008387,Whole house or bungalow: Total,237,234,3,0,3
S01008387,Whole house or bungalow: Detached,3,3,0,0,0
S01008387,Whole house or bungalow: Semi-detached,70,70,0,0,0
S01008387,Whole house or bungalow: Terraced (including end-terrace),164,161,3,0,3
S01008387,Flat maisonette or apartment or mobile/temporary accommodation,7,7,0,0,0
S01008388,All household spaces,243,243,0,0,0
S01008388,Whole house or bungalow: Total,239,239,0,0,0
S01008388,Whole house or bungalow: Detached,7,7,0,0,0
S01008388,Whole house or bungalow: Semi-detached,39,39,0,0,0
S01008388,Whole house or bungalow: Terraced (including end-terrace),193,193,0,0,0
S01008388,Flat maisonette or apartment or mobile/temporary accommodation,4,4,0,0,0
S01008389,All household spaces,322,312,10,1,9
S01008389,Whole house or bungalow: Total,192,188,4,0,4
S01008389,Whole house or bungalow: Detached,63,62,1,0,1
S01008389,Whole house or bungalow: Semi-detached,46,45,1,0,1
S01008389,Whole house or bungalow: Terraced (including end-terrace),83,81,2,0,2
S01008389,Flat maisonette or apartment or mobile/temporary accommodation,130,124,6,1,5
S01008390,All household spaces,257,255,2,0,2
S01008390,Whole house or bungalow: Total,253,252,1,0,1
S01008390,Whole house or bungalow: Detached,129,129,0,0,0
S01008390,Whole house or bungalow: Semi-detached,118,117,1,0,1
S01008390,Whole house or bungalow: Terraced (including end-terrace),6,6,0,0,0
S01008390,Flat maisonette or apartment or mobile/temporary accommodation,4,3,1,0,1
S01008391,All household spaces,360,349,11,1,10
S01008391,Whole house or bungalow: Total,192,191,1,0,1
S01008391,Whole house or bungalow: Detached,66,66,0,0,0
S01008391,Whole house or bungalow: Semi-detached,38,38,0,0,0
S01008391,Whole house or bungalow: Terraced (including end-terrace),88,87,1,0,1
S01008391,Flat maisonette or apartment or mobile/temporary accommodation,168,158,10,1,9
S01008392,All household spaces,331,330,1,0,1
S01008392,Whole house or bungalow: Total,274,273,1,0,1
S01008392,Whole house or bungalow: Detached,21,21,0,0,0
S01008392,Whole house or bungalow: Semi-detached,79,79,0,0,0
S01008392,Whole house or bungalow: Terraced (including end-terrace),174,173,1,0,1
S01008392,Flat maisonette or apartment or mobile/temporary accommodation,57,57,0,0,0
S01008393,All household spaces,374,369,5,1,4
S01008393,Whole house or bungalow: Total,219,217,2,1,1
S01008393,Whole house or bungalow: Detached,16,15,1,0,1
S01008393,Whole house or bungalow: Semi-detached,32,31,1,1,0
S01008393,Whole house or bungalow: Terraced (including end-terrace),171,171,0,0,0
S01008393,Flat maisonette or apartment or mobile/temporary accommodation,155,152,3,0,3
S01008394,All household spaces,278,276,2,0,2
S01008394,Whole house or bungalow: Total,275,273,2,0,2
S01008394,Whole house or bungalow: Detached,69,67,2,0,2
S01008394,Whole house or bungalow: Semi-detached,32,32,0,0,0
S01008394,Whole house or bungalow: Terraced (including end-terrace),174,174,0,0,0
S01008394,Flat maisonette or apartment or mobile/temporary accommodation,3,3,0,0,0
S01008395,All household spaces,192,189,3,0,3
S01008395,Whole house or bungalow: Total,179,177,2,0,2
S01008395,Whole house or bungalow: Detached,25,25,0,0,0
S01008395,Whole house or bungalow: Semi-detached,93,92,1,0,1
S01008395,Whole house or bungalow: Terraced (including end-terrace),61,60,1,0,1
S01008395,Flat maisonette or apartment or mobile/temporary accommodation,13,12,1,0,1
S01008396,All household spaces,314,303,11,0,11
S01008396,Whole house or bungalow: Total,160,157,3,0,3
S01008396,Whole house or bungalow: Detached,32,30,2,0,2
S01008396,Whole house or bungalow: Semi-detached,124,123,1,0,1
S01008396,Whole house or bungalow: Terraced (including end-terrace),4,4,0,0,0
S01008396,Flat maisonette or apartment or mobile/temporary accommodation,154,146,8,0,8
S01008397,All household spaces,347,346,1,0,1
S01008397,Whole house or bungalow: Total,341,340,1,0,1
S01008397,Whole house or bungalow: Detached,142,141,1,0,1
S01008397,Whole house or bungalow: Semi-detached,151,151,0,0,0
S01008397,Whole house or bungalow: Terraced (including end-terrace),48,48,0,0,0
S01008397,Flat maisonette or apartment or mobile/temporary accommodation,6,6,0,0,0
S01008398,All household spaces,242,238,4,0,4
S01008398,Whole house or bungalow: Total,200,199,1,0,1
S01008398,Whole house or bungalow: Detached,53,53,0,0,0
S01008398,Whole house or bungalow: Semi-detached,101,101,0,0,0
S01008398,Whole house or bungalow: Terraced (including end-terrace),46,45,1,0,1
S01008398,Flat maisonette or apartment or mobile/temporary accommodation,42,39,3,0,3
S01008399,All household spaces,264,257,7,2,5
S01008399,Whole house or bungalow: Total,158,155,3,1,2
S01008399,Whole house or bungalow: Detached,52,51,1,1,0
S01008399,Whole house or bungalow: Semi-detached,58,56,2,0,2
S01008399,Whole house or bungalow: Terraced (including end-terrace),48,48,0,0,0
S01008399,Flat maisonette or apartment or mobile/temporary accommodation,106,102,4,1,3
S01008400,All household spaces,264,261,3,0,3
S01008400,Whole house or bungalow: Total,240,238,2,0,2
S01008400,Whole house or bungalow: Detached,35,35,0,0,0
S01008400,Whole house or bungalow: Semi-detached,201,199,2,0,2
S01008400,Whole house or bungalow: Terraced (including end-terrace),4,4,0,0,0
S01008400,Flat maisonette or apartment or mobile/temporary accommodation,24,23,1,0,1
S01008401,All household spaces,409,404,5,0,5
S01008401,Whole house or bungalow: Total,318,317,1,0,1
S01008401,Whole house or bungalow: Detached,45,45,0,0,0
S01008401,Whole house or bungalow: Semi-detached,241,240,1,0,1
S01008401,Whole house or bungalow: Terraced (including end-terrace),32,32,0,0,0
S01008401,Flat maisonette or apartment or mobile/temporary accommodation,91,87,4,0,4
S01008402,All household spaces,419,415,4,1,3
S01008402,Whole house or bungalow: Total,302,301,1,1,0
S01008402,Whole house or bungalow: Detached,193,192,1,1,0
S01008402,Whole house or bungalow: Semi-detached,107,107,0,0,0
S01008402,Whole house or bungalow: Terraced (including end-terrace),2,2,0,0,0
S01008402,Flat maisonette or apartment or mobile/temporary accommodation,117,114,3,0,3
S01008403,All household spaces,218,218,0,0,0
S01008403,Whole house or bungalow: Total,215,215,0,0,0
S01008403,Whole house or bungalow: Detached,146,146,0,0,0
S01008403,Whole house or bungalow: Semi-detached,67,67,0,0,0
S01008403,Whole house or bungalow: Terraced (including end-terrace),2,2,0,0,0
S01008403,Flat maisonette or apartment or mobile/temporary accommodation,3,3,0,0,0
S01008404,All household spaces,354,349,5,1,4
S01008404,Whole house or bungalow: Total,299,297,2,0,2
S01008404,Whole house or bungalow: Detached,134,133,1,0,1
S01008404,Whole house or bungalow: Semi-detached,95,95,0,0,0
S01008404,Whole house or bungalow: Terraced (including end-terrace),70,69,1,0,1
S01008404,Flat maisonette or apartment or mobile/temporary accommodation,55,52,3,1,2
S01008405,All household spaces,271,266,5,2,3
S01008405,Whole house or bungalow: Total,238,235,3,0,3
S01008405,Whole house or bungalow: Detached,87,86,1,0,1
S01008405,Whole house or bungalow: Semi-detached,120,118,2,0,2
S01008405,Whole house or bungalow: Terraced (including end-terrace),31,31,0,0,0
S01008405,Flat maisonette or apartment or mobile/temporary accommodation,33,31,2,2,0
S01008406,All household spaces,474,451,23,2,21
S01008406,Whole house or bungalow: Total,228,226,2,0,2
S01008406,Whole house or bungalow: Detached,52,52,0,0,0
S01008406,Whole house or bungalow: Semi-detached,132,131,1,0,1
S01008406,Whole house or bungalow: Terraced (including end-terrace),44,43,1,0,1
S01008406,Flat maisonette or apartment or mobile/temporary accommodation,246,225,21,2,19
S01008407,All household spaces,303,284,19,1,18
S01008407,Whole house or bungalow: Total,151,150,1,0,1
S01008407,Whole house or bungalow: Detached,54,53,1,0,1
S01008407,Whole house or bungalow: Semi-detached,84,84,0,0,0
S01008407,Whole house or bungalow: Terraced (including end-terrace),13,13,0,0,0
S01008407,Flat maisonette or apartment or mobile/temporary accommodation,152,134,18,1,17
S01008408,All household spaces,266,265,1,0,1
S01008408,Whole house or bungalow: Total,243,242,1,0,1
S01008408,Whole house or bungalow: Detached,10,10,0,0,0
S01008408,Whole house or bungalow: Semi-detached,194,193,1,0,1
S01008408,Whole house or bungalow: Terraced (including end-terrace),39,39,0,0,0
S01008408,Flat maisonette or apartment or mobile/temporary accommodation,23,23,0,0,0
S01008409,All household spaces,406,390,16,0,16
S01008409,Whole house or bungalow: Total,259,254,5,0,5
S01008409,Whole house or bungalow: Detached,16,16,0,0,0
S01008409,Whole house or bungalow: Semi-detached,177,172,5,0,5
S01008409,Whole house or bungalow: Terraced (including end-terrace),66,66,0,0,0
S01008409,Flat maisonette or apartment or mobile/temporary accommodation,147,136,11,0,11
S01008410,All household spaces,280,269,11,1,10
S01008410,Whole house or bungalow: Total,213,208,5,1,4
S01008410,Whole house or bungalow: Detached,45,44,1,0,1
S01008410,Whole house or bungalow: Semi-detached,99,97,2,1,1
S01008410,Whole house or bungalow: Terraced (including end-terrace),69,67,2,0,2
S01008410,Flat maisonette or apartment or mobile/temporary accommodation,67,61,6,0,6
S01008411,All household spaces,251,247,4,0,4
S01008411,Whole house or bungalow: Total,182,180,2,0,2
S01008411,Whole house or bungalow: Detached,13,13,0,0,0
S01008411,Whole house or bungalow: Semi-detached,138,136,2,0,2
S01008411,Whole house or bungalow: Terraced (including end-terrace),31,31,0,0,0
S01008411,Flat maisonette or apartment or mobile/temporary accommodation,69,67,2,0,2
S01008412,All household spaces,275,274,1,0,1
S01008412,Whole house or bungalow: Total,224,223,1,0,1
S01008412,Whole house or bungalow: Detached,78,77,1,0,1
S01008412,Whole house or bungalow: Semi-detached,83,83,0,0,0
S01008412,Whole house or bungalow: Terraced (including end-terrace),63,63,0,0,0
S01008412,Flat maisonette or apartment or mobile/temporary accommodation,51,51,0,0,0
S01008413,All household spaces,225,222,3,0,3
S01008413,Whole house or bungalow: Total,160,157,3,0,3
S01008413,Whole house or bungalow: Detached,43,43,0,0,0
S01008413,Whole house or bungalow: Semi-detached,58,58,0,0,0
S01008413,Whole house or bungalow: Terraced (including end-terrace),59,56,3,0,3
S01008413,Flat maisonette or apartment or mobile/temporary accommodation,65,65,0,0,0
S01008414,All household spaces,154,152,2,0,2
S01008414,Whole house or bungalow: Total,151,149,2,0,2
S01008414,Whole house or bungalow: Detached,41,41,0,0,0
S01008414,Whole house or bungalow: Semi-detached,106,104,2,0,2
S01008414,Whole house or bungalow: Terraced (including end-terrace),4,4,0,0,0
S01008414,Flat maisonette or apartment or mobile/temporary accommodation,3,3,0,0,0
S01008415,All household spaces,353,347,6,0,6
S01008415,Whole house or bungalow: Total,231,228,3,0,3
S01008415,Whole house or bungalow: Detached,14,14,0,0,0
S01008415,Whole house or bungalow: Semi-detached,195,192,3,0,3
S01008415,Whole house or bungalow: Terraced (including end-terrace),22,22,0,0,0
S01008415,Flat maisonette or apartment or mobile/temporary accommodation,122,119,3,0,3
S01008416,All household spaces,445,437,8,0,8
S01008416,Whole house or bungalow: Total,219,217,2,0,2
S01008416,Whole house or bungalow: Detached,11,11,0,0,0
S01008416,Whole house or bungalow: Semi-detached,146,146,0,0,0
S01008416,Whole house or bungalow: Terraced (including end-terrace),62,60,2,0,2
S01008416,Flat maisonette or apartment or mobile/temporary accommodation,226,220,6,0,6
S01008417,All household spaces,302,299,3,0,3
S01008417,Whole house or bungalow: Total,243,241,2,0,2
S01008417,Whole house or bungalow: Detached,155,154,1,0,1
S01008417,Whole house or bungalow: Semi-detached,81,80,1,0,1
S01008417,Whole house or bungalow: Terraced (including end-terrace),7,7,0,0,0
S01008417,Flat maisonette or apartment or mobile/temporary accommodation,59,58,1,0,1
S01008418,All household spaces,317,312,5,1,4
S01008418,Whole house or bungalow: Total,194,191,3,1,2
S01008418,Whole house or bungalow: Detached,96,93,3,1,2
S01008418,Whole house or bungalow: Semi-detached,88,88,0,0,0
S01008418,Whole house or bungalow: Terraced (including end-terrace),10,10,0,0,0
S01008418,Flat maisonette or apartment or mobile/temporary accommodation,123,121,2,0,2
S01008419,All household spaces,193,193,0,0,0
S01008419,Whole house or bungalow: Total,131,131,0,0,0
S01008419,Whole house or bungalow: Detached,94,94,0,0,0
S01008419,Whole house or bungalow: Semi-detached,30,30,0,0,0
S01008419,Whole house or bungalow: Terraced (including end-terrace),7,7,0,0,0
S01008419,Flat maisonette or apartment or mobile/temporary accommodation,62,62,0,0,0
S01008420,All household spaces,192,190,2,1,1
S01008420,Whole house or bungalow: Total,161,159,2,1,1
S01008420,Whole house or bungalow: Detached,73,73,0,0,0
S01008420,Whole house or bungalow: Semi-detached,73,72,1,0,1
S01008420,Whole house or bungalow: Terraced (including end-terrace),15,14,1,1,0
S01008420,Flat maisonette or apartment or mobile/temporary accommodation,31,31,0,0,0
S01008421,All household spaces,404,394,10,4,6
S01008421,Whole house or bungalow: Total,295,288,7,3,4
S01008421,Whole house or bungalow: Detached,23,23,0,0,0
S01008421,Whole house or bungalow: Semi-detached,74,74,0,0,0
S01008421,Whole house or bungalow: Terraced (including end-terrace),198,191,7,3,4
S01008421,Flat maisonette or apartment or mobile/temporary accommodation,109,106,3,1,2
S01008422,All household spaces,243,241,2,0,2
S01008422,Whole house or bungalow: Total,217,217,0,0,0
S01008422,Whole house or bungalow: Detached,165,165,0,0,0
S01008422,Whole house or bungalow: Semi-detached,33,33,0,0,0
S01008422,Whole house or bungalow: Terraced (including end-terrace),19,19,0,0,0
S01008422,Flat maisonette or apartment or mobile/temporary accommodation,26,24,2,0,2
S01008423,All household spaces,415,398,17,2,15
S01008423,Whole house or bungalow: Total,375,360,15,2,13
S01008423,Whole house or bungalow: Detached,298,288,10,2,8
S01008423,Whole house or bungalow: Semi-detached,44,43,1,0,1
S01008423,Whole house or bungalow: Terraced (including end-terrace),33,29,4,0,4
S01008423,Flat maisonette or apartment or mobile/temporary accommodation,40,38,2,0,2
S01008424,All household spaces,339,338,1,0,1
S01008424,Whole house or bungalow: Total,333,332,1,0,1
S01008424,Whole house or bungalow: Detached,306,305,1,0,1
S01008424,Whole house or bungalow: Semi-detached,19,19,0,0,0
S01008424,Whole house or bungalow: Terraced (including end-terrace),8,8,0,0,0
S01008424,Flat maisonette or apartment or mobile/temporary accommodation,6,6,0,0,0
S01008425,All household spaces,416,409,7,1,6
S01008425,Whole house or bungalow: Total,408,401,7,1,6
S01008425,Whole house or bungalow: Detached,84,82,2,1,1
S01008425,Whole house or bungalow: Semi-detached,248,246,2,0,2
S01008425,Whole house or bungalow: Terraced (including end-terrace),76,73,3,0,3
S01008425,Flat maisonette or apartment or mobile/temporary accommodation,8,8,0,0,0
S01008426,All household spaces,266,264,2,0,2
S01008426,Whole house or bungalow: Total,259,257,2,0,2
S01008426,Whole house or bungalow: Detached,8,8,0,0,0
S01008426,Whole house or bungalow: Semi-detached,114,113,1,0,1
S01008426,Whole house or bungalow: Terraced (including end-terrace),137,136,1,0,1
S01008426,Flat maisonette or apartment or mobile/temporary accommodation,7,7,0,0,0
S01008427,All household spaces,399,397,2,0,2
S01008427,Whole house or bungalow: Total,392,390,2,0,2
S01008427,Whole house or bungalow: Detached,99,99,0,0,0
S01008427,Whole house or bungalow: Semi-detached,233,232,1,0,1
S01008427,Whole house or bungalow: Terraced (including end-terrace),60,59,1,0,1
S01008427,Flat maisonette or apartment or mobile/temporary accommodation,7,7,0,0,0
S01008428,All household spaces,318,316,2,0,2
S01008428,Whole house or bungalow: Total,239,238,1,0,1
S01008428,Whole house or bungalow: Detached,52,52,0,0,0
S01008428,Whole house or bungalow: Semi-detached,116,115,1,0,1
S01008428,Whole house or bungalow: Terraced (including end-terrace),71,71,0,0,0
S01008428,Flat maisonette or apartment or mobile/temporary accommodation,79,78,1,0,1
S01008429,All household spaces,355,352,3,0,3
S01008429,Whole house or bungalow: Total,344,342,2,0,2
S01008429,Whole house or bungalow: Detached,133,132,1,0,1
S01008429,Whole house or bungalow: Semi-detached,176,175,1,0,1
S01008429,Whole house or bungalow: Terraced (including end-terrace),35,35,0,0,0
S01008429,Flat maisonette or apartment or mobile/temporary accommodation,11,10,1,0,1
S01008430,All household spaces,282,276,6,0,6
S01008430,Whole house or bungalow: Total,243,239,4,0,4
S01008430,Whole house or bungalow: Detached,104,104,0,0,0
S01008430,Whole house or bungalow: Semi-detached,89,89,0,0,0
S01008430,Whole house or bungalow: Terraced (including end-terrace),50,46,4,0,4
S01008430,Flat maisonette or apartment or mobile/temporary accommodation,39,37,2,0,2
S01008431,All household spaces,356,352,4,0,4
S01008431,Whole house or bungalow: Total,310,306,4,0,4
S01008431,Whole house or bungalow: Detached,121,119,2,0,2
S01008431,Whole house or bungalow: Semi-detached,186,184,2,0,2
S01008431,Whole house or bungalow: Terraced (including end-terrace),3,3,0,0,0
S01008431,Flat maisonette or apartment or mobile/temporary accommodation,46,46,0,0,0
S01008432,All household spaces,299,293,6,0,6
S01008432,Whole house or bungalow: Total,272,267,5,0,5
S01008432,Whole house or bungalow: Detached,135,134,1,0,1
S01008432,Whole house or bungalow: Semi-detached,124,122,2,0,2
S01008432,Whole house or bungalow: Terraced (including end-terrace),13,11,2,0,2
S01008432,Flat maisonette or apartment or mobile/temporary accommodation,27,26,1,0,1
S01008433,All household spaces,349,348,1,0,1
S01008433,Whole house or bungalow: Total,325,324,1,0,1
S01008433,Whole house or bungalow: Detached,51,51,0,0,0
S01008433,Whole house or bungalow: Semi-detached,212,211,1,0,1
S01008433,Whole house or bungalow: Terraced (including end-terrace),62,62,0,0,0
S01008433,Flat maisonette or apartment or mobile/temporary accommodation,24,24,0,0,0
S01008434,All household spaces,326,322,4,0,4
S01008434,Whole house or bungalow: Total,311,307,4,0,4
S01008434,Whole house or bungalow: Detached,73,72,1,0,1
S01008434,Whole house or bungalow: Semi-detached,210,208,2,0,2
S01008434,Whole house or bungalow: Terraced (including end-terrace),28,27,1,0,1
S01008434,Flat maisonette or apartment or mobile/temporary accommodation,15,15,0,0,0
S01008435,All household spaces,302,301,1,0,1
S01008435,Whole house or bungalow: Total,298,297,1,0,1
S01008435,Whole house or bungalow: Detached,105,104,1,0,1
S01008435,Whole house or bungalow: Semi-detached,175,175,0,0,0
S01008435,Whole house or bungalow: Terraced (including end-terrace),18,18,0,0,0
S01008435,Flat maisonette or apartment or mobile/temporary accommodation,4,4,0,0,0
S01008436,All household spaces,360,356,4,1,3
S01008436,Whole house or bungalow: Total,255,252,3,0,3
S01008436,Whole house or bungalow: Detached,109,107,2,0,2
S01008436,Whole house or bungalow: Semi-detached,114,114,0,0,0
S01008436,Whole house or bungalow: Terraced (including end-terrace),32,31,1,0,1
S01008436,Flat maisonette or apartment or mobile/temporary accommodation,105,104,1,1,0
S01008437,All household spaces,383,367,16,2,14
S01008437,Whole house or bungalow: Total,193,189,4,1,3
S01008437,Whole house or bungalow: Detached,76,76,0,0,0
S01008437,Whole house or bungalow: Semi-detached,52,50,2,0,2
S01008437,Whole house or bungalow: Terraced (including end-terrace),65,63,2,1,1
S01008437,Flat maisonette or apartment or mobile/temporary accommodation,190,178,12,1,11
S01008438,All household spaces,200,189,11,5,6
S01008438,Whole house or bungalow: Total,154,146,8,5,3
S01008438,Whole house or bungalow: Detached,73,71,2,1,1
S01008438,Whole house or bungalow: Semi-detached,41,40,1,0,1
S01008438,Whole house or bungalow: Terraced (including end-terrace),40,35,5,4,1
S01008438,Flat maisonette or apartment or mobile/temporary accommodation,46,43,3,0,3
S01008439,All household spaces,440,434,6,5,1
S01008439,Whole house or bungalow: Total,392,386,6,5,1
S01008439,Whole house or bungalow: Detached,247,245,2,1,1
S01008439,Whole house or bungalow: Semi-detached,81,80,1,1,0
S01008439,Whole house or bungalow: Terraced (including end-terrace),64,61,3,3,0
S01008439,Flat maisonette or apartment or mobile/temporary accommodation,48,48,0,0,0
S01008440,All household spaces,415,403,12,3,9
S01008440,Whole house or bungalow: Total,364,352,12,3,9
S01008440,Whole house or bungalow: Detached,260,249,11,3,8
S01008440,Whole house or bungalow: Semi-detached,69,68,1,0,1
S01008440,Whole house or bungalow: Terraced (including end-terrace),35,35,0,0,0
S01008440,Flat maisonette or apartment or mobile/temporary accommodation,51,51,0,0,0
S01008441,All household spaces,188,186,2,0,2
S01008441,Whole house or bungalow: Total,184,182,2,0,2
S01008441,Whole house or bungalow: Detached,90,90,0,0,0
S01008441,Whole house or bungalow: Semi-detached,64,62,2,0,2
S01008441,Whole house or bungalow: Terraced (including end-terrace),30,30,0,0,0
S01008441,Flat maisonette or apartment or mobile/temporary accommodation,4,4,0,0,0
S01008442,All household spaces,314,303,11,2,9
S01008442,Whole house or bungalow: Total,181,176,5,0,5
S01008442,Whole house or bungalow: Detached,77,75,2,0,2
S01008442,Whole house or bungalow: Semi-detached,63,61,2,0,2
S01008442,Whole house or bungalow: Terraced (including end-terrace),41,40,1,0,1
S01008442,Flat maisonette or apartment or mobile/temporary accommodation,133,127,6,2,4
S01008443,All household spaces,254,252,2,1,1
S01008443,Whole house or bungalow: Total,216,215,1,1,0
S01008443,Whole house or bungalow: Detached,170,169,1,1,0
S01008443,Whole house or bungalow: Semi-detached,34,34,0,0,0
S01008443,Whole house or bungalow: Terraced (including end-terrace),12,12,0,0,0
S01008443,Flat maisonette or apartment or mobile/temporary accommodation,38,37,1,0,1
S01008444,All household spaces,269,260,9,0,9
S01008444,Whole house or bungalow: Total,204,195,9,0,9
S01008444,Whole house or bungalow: Detached,80,74,6,0,6
S01008444,Whole house or bungalow: Semi-detached,77,74,3,0,3
S01008444,Whole house or bungalow: Terraced (including end-terrace),47,47,0,0,0
S01008444,Flat maisonette or apartment or mobile/temporary accommodation,65,65,0,0,0
S01008445,All household spaces,422,403,19,0,19
S01008445,Whole house or bungalow: Total,226,209,17,0,17
S01008445,Whole house or bungalow: Detached,56,54,2,0,2
S01008445,Whole house or bungalow: Semi-detached,146,137,9,0,9
S01008445,Whole house or bungalow: Terraced (including end-terrace),24,18,6,0,6
S01008445,Flat maisonette or apartment or mobile/temporary accommodation,196,194,2,0,2
S01008446,All household spaces,334,323,11,1,10
S01008446,Whole house or bungalow: Total,308,305,3,0,3
S01008446,Whole house or bungalow: Detached,149,147,2,0,2
S01008446,Whole house or bungalow: Semi-detached,151,150,1,0,1
S01008446,Whole house or bungalow: Terraced (including end-terrace),8,8,0,0,0
S01008446,Flat maisonette or apartment or mobile/temporary accommodation,26,18,8,1,7
S01008447,All household spaces,291,286,5,1,4
S01008447,Whole house or bungalow: Total,238,235,3,0,3
S01008447,Whole house or bungalow: Detached,128,126,2,0,2
S01008447,Whole house or bungalow: Semi-detached,95,94,1,0,1
S01008447,Whole house or bungalow: Terraced (including end-terrace),15,15,0,0,0
S01008447,Flat maisonette or apartment or mobile/temporary accommodation,53,51,2,1,1
S01008448,All household spaces,319,315,4,4,0
S01008448,Whole house or bungalow: Total,266,262,4,4,0
S01008448,Whole house or bungalow: Detached,202,198,4,4,0
S01008448,Whole house or bungalow: Semi-detached,57,57,0,0,0
S01008448,Whole house or bungalow: Terraced (including end-terrace),7,7,0,0,0
S01008448,Flat maisonette or apartment or mobile/temporary accommodation,53,53,0,0,0
S01008449,All household spaces,357,351,6,2,4
S01008449,Whole house or bungalow: Total,118,116,2,2,0
S01008449,Whole house or bungalow: Detached,11,11,0,0,0
S01008449,Whole house or bungalow: Semi-detached,56,56,0,0,0
S01008449,Whole house or bungalow: Terraced (including end-terrace),51,49,2,2,0
S01008449,Flat maisonette or apartment or mobile/temporary accommodation,239,235,4,0,4
S01008450,All household spaces,257,256,1,0,1
S01008450,Whole house or bungalow: Total,30,30,0,0,0
S01008450,Whole house or bungalow: Detached,5,5,0,0,0
S01008450,Whole house or bungalow: Semi-detached,22,22,0,0,0
S01008450,Whole house or bungalow: Terraced (including end-terrace),3,3,0,0,0
S01008450,Flat maisonette or apartment or mobile/temporary accommodation,227,226,1,0,1
S01008451,All household spaces,335,325,10,0,10
S01008451,Whole house or bungalow: Total,47,47,0,0,0
S01008451,Whole house or bungalow: Detached,6,6,0,0,0
S01008451,Whole house or bungalow: Semi-detached,21,21,0,0,0
S01008451,Whole house or bungalow: Terraced (including end-terrace),20,20,0,0,0
S01008451,Flat maisonette or apartment or mobile/temporary accommodation,288,278,10,0,10
S01008452,All household spaces,272,271,1,0,1
S01008452,Whole house or bungalow: Total,19,19,0,0,0
S01008452,Whole house or bungalow: Detached,2,2,0,0,0
S01008452,Whole house or bungalow: Semi-detached,10,10,0,0,0
S01008452,Whole house or bungalow: Terraced (including end-terrace),7,7,0,0,0
S01008452,Flat maisonette or apartment or mobile/temporary accommodation,253,252,1,0,1
S01008453,All household spaces,217,215,2,0,2
S01008453,Whole house or bungalow: Total,22,22,0,0,0
S01008453,Whole house or bungalow: Detached,3,3,0,0,0
S01008453,Whole house or bungalow: Semi-detached,6,6,0,0,0
S01008453,Whole house or bungalow: Terraced (including end-terrace),13,13,0,0,0
S01008453,Flat maisonette or apartment or mobile/temporary accommodation,195,193,2,0,2
S01008454,All household spaces,400,393,7,0,7
S01008454,Whole house or bungalow: Total,199,198,1,0,1
S01008454,Whole house or bungalow: Detached,14,14,0,0,0
S01008454,Whole house or bungalow: Semi-detached,82,82,0,0,0
S01008454,Whole house or bungalow: Terraced (including end-terrace),103,102,1,0,1
S01008454,Flat maisonette or apartment or mobile/temporary accommodation,201,195,6,0,6
S01008455,All household spaces,503,501,2,0,2
S01008455,Whole house or bungalow: Total,12,12,0,0,0
S01008455,Whole house or bungalow: Detached,2,2,0,0,0
S01008455,Whole house or bungalow: Semi-detached,4,4,0,0,0
S01008455,Whole house or bungalow: Terraced (including end-terrace),6,6,0,0,0
S01008455,Flat maisonette or apartment or mobile/temporary accommodation,491,489,2,0,2
S01008456,All household spaces,533,528,5,0,5
S01008456,Whole house or bungalow: Total,19,19,0,0,0
S01008456,Whole house or bungalow: Detached,5,5,0,0,0
S01008456,Whole house or bungalow: Semi-detached,8,8,0,0,0
S01008456,Whole house or bungalow: Terraced (including end-terrace),6,6,0,0,0
S01008456,Flat maisonette or apartment or mobile/temporary accommodation,514,509,5,0,5
S01008457,All household spaces,393,353,40,1,39
S01008457,Whole house or bungalow: Total,19,18,1,1,0
S01008457,Whole house or bungalow: Detached,3,3,0,0,0
S01008457,Whole house or bungalow: Semi-detached,11,11,0,0,0
S01008457,Whole house or bungalow: Terraced (including end-terrace),5,4,1,1,0
S01008457,Flat maisonette or apartment or mobile/temporary accommodation,374,335,39,0,39
S01008458,All household spaces,442,428,14,2,12
S01008458,Whole house or bungalow: Total,205,192,13,2,11
S01008458,Whole house or bungalow: Detached,13,13,0,0,0
S01008458,Whole house or bungalow: Semi-detached,91,86,5,0,5
S01008458,Whole house or bungalow: Terraced (including end-terrace),101,93,8,2,6
S01008458,Flat maisonette or apartment or mobile/temporary accommodation,237,236,1,0,1
S01008459,All household spaces,398,393,5,0,5
S01008459,Whole house or bungalow: Total,30,29,1,0,1
S01008459,Whole house or bungalow: Detached,3,3,0,0,0
S01008459,Whole house or bungalow: Semi-detached,17,17,0,0,0
S01008459,Whole house or bungalow: Terraced (including end-terrace),10,9,1,0,1
S01008459,Flat maisonette or apartment or mobile/temporary accommodation,368,364,4,0,4
S01008460,All household spaces,378,368,10,1,9
S01008460,Whole house or bungalow: Total,56,54,2,0,2
S01008460,Whole house or bungalow: Detached,6,5,1,0,1
S01008460,Whole house or bungalow: Semi-detached,20,19,1,0,1
S01008460,Whole house or bungalow: Terraced (including end-terrace),30,30,0,0,0
S01008460,Flat maisonette or apartment or mobile/temporary accommodation,322,314,8,1,7
S01008461,All household spaces,455,450,5,1,4
S01008461,Whole house or bungalow: Total,56,56,0,0,0
S01008461,Whole house or bungalow: Detached,10,10,0,0,0
S01008461,Whole house or bungalow: Semi-detached,18,18,0,0,0
S01008461,Whole house or bungalow: Terraced (including end-terrace),28,28,0,0,0
S01008461,Flat maisonette or apartment or mobile/temporary accommodation,399,394,5,1,4
S01008462,All household spaces,357,349,8,0,8
S01008462,Whole house or bungalow: Total,58,58,0,0,0
S01008462,Whole house or bungalow: Detached,5,5,0,0,0
S01008462,Whole house or bungalow: Semi-detached,19,19,0,0,0
S01008462,Whole house or bungalow: Terraced (including end-terrace),34,34,0,0,0
S01008462,Flat maisonette or apartment or mobile/temporary accommodation,299,291,8,0,8
S01008463,All household spaces,362,355,7,1,6
S01008463,Whole house or bungalow: Total,36,36,0,0,0
S01008463,Whole house or bungalow: Detached,7,7,0,0,0
S01008463,Whole house or bungalow: Semi-detached,20,20,0,0,0
S01008463,Whole house or bungalow: Terraced (including end-terrace),9,9,0,0,0
S01008463,Flat maisonette or apartment or mobile/temporary accommodation,326,319,7,1,6
S01008464,All household spaces,416,413,3,0,3
S01008464,Whole house or bungalow: Total,62,62,0,0,0
S01008464,Whole house or bungalow: Detached,3,3,0,0,0
S01008464,Whole house or bungalow: Semi-detached,27,27,0,0,0
S01008464,Whole house or bungalow: Terraced (including end-terrace),32,32,0,0,0
S01008464,Flat maisonette or apartment or mobile/temporary accommodation,354,351,3,0,3
S01008465,All household spaces,358,346,12,0,12
S01008465,Whole house or bungalow: Total,82,71,11,0,11
S01008465,Whole house or bungalow: Detached,2,2,0,0,0
S01008465,Whole house or bungalow: Semi-detached,48,40,8,0,8
S01008465,Whole house or bungalow: Terraced (including end-terrace),32,29,3,0,3
S01008465,Flat maisonette or apartment or mobile/temporary accommodation,276,275,1,0,1
S01008466,All household spaces,321,318,3,0,3
S01008466,Whole house or bungalow: Total,63,63,0,0,0
S01008466,Whole house or bungalow: Detached,3,3,0,0,0
S01008466,Whole house or bungalow: Semi-detached,31,31,0,0,0
S01008466,Whole house or bungalow: Terraced (including end-terrace),29,29,0,0,0
S01008466,Flat maisonette or apartment or mobile/temporary accommodation,258,255,3,0,3
S01008467,All household spaces,332,330,2,0,2
S01008467,Whole house or bungalow: Total,69,68,1,0,1
S01008467,Whole house or bungalow: Detached,3,3,0,0,0
S01008467,Whole house or bungalow: Semi-detached,35,34,1,0,1
S01008467,Whole house or bungalow: Terraced (including end-terrace),31,31,0,0,0
S01008467,Flat maisonette or apartment or mobile/temporary accommodation,263,262,1,0,1
S01008468,All household spaces,239,232,7,6,1
S01008468,Whole house or bungalow: Total,85,79,6,5,1
S01008468,Whole house or bungalow: Detached,2,1,1,0,1
S01008468,Whole house or bungalow: Semi-detached,27,27,0,0,0
S01008468,Whole house or bungalow: Terraced (including end-terrace),56,51,5,5,0
S01008468,Flat maisonette or apartment or mobile/temporary accommodation,154,153,1,1,0
S01008469,All household spaces,231,229,2,1,1
S01008469,Whole house or bungalow: Total,174,172,2,1,1
S01008469,Whole house or bungalow: Detached,27,27,0,0,0
S01008469,Whole house or bungalow: Semi-detached,68,68,0,0,0
S01008469,Whole house or bungalow: Terraced (including end-terrace),79,77,2,1,1
S01008469,Flat maisonette or apartment or mobile/temporary accommodation,57,57,0,0,0
S01008470,All household spaces,311,298,13,12,1
S01008470,Whole house or bungalow: Total,157,144,13,12,1
S01008470,Whole house or bungalow: Detached,13,13,0,0,0
S01008470,Whole house or bungalow: Semi-detached,52,51,1,1,0
S01008470,Whole house or bungalow: Terraced (including end-terrace),92,80,12,11,1
S01008470,Flat maisonette or apartment or mobile/temporary accommodation,154,154,0,0,0
S01008471,All household spaces,350,347,3,2,1
S01008471,Whole house or bungalow: Total,62,60,2,2,0
S01008471,Whole house or bungalow: Detached,7,7,0,0,0
S01008471,Whole house or bungalow: Semi-detached,28,28,0,0,0
S01008471,Whole house or bungalow: Terraced (including end-terrace),27,25,2,2,0
S01008471,Flat maisonette or apartment or mobile/temporary accommodation,288,287,1,0,1
S01008472,All household spaces,279,277,2,0,2
S01008472,Whole house or bungalow: Total,148,147,1,0,1
S01008472,Whole house or bungalow: Detached,16,16,0,0,0
S01008472,Whole house or bungalow: Semi-detached,67,66,1,0,1
S01008472,Whole house or bungalow: Terraced (including end-terrace),65,65,0,0,0
S01008472,Flat maisonette or apartment or mobile/temporary accommodation,131,130,1,0,1
S01008473,All household spaces,307,307,0,0,0
S01008473,Whole house or bungalow: Total,125,125,0,0,0
S01008473,Whole house or bungalow: Detached,7,7,0,0,0
S01008473,Whole house or bungalow: Semi-detached,66,66,0,0,0
S01008473,Whole house or bungalow: Terraced (including end-terrace),52,52,0,0,0
S01008473,Flat maisonette or apartment or mobile/temporary accommodation,182,182,0,0,0
S01008474,All household spaces,447,440,7,0,7
S01008474,Whole house or bungalow: Total,86,82,4,0,4
S01008474,Whole house or bungalow: Detached,7,7,0,0,0
S01008474,Whole house or bungalow: Semi-detached,39,38,1,0,1
S01008474,Whole house or bungalow: Terraced (including end-terrace),40,37,3,0,3
S01008474,Flat maisonette or apartment or mobile/temporary accommodation,361,358,3,0,3
S01008475,All household spaces,334,327,7,0,7
S01008475,Whole house or bungalow: Total,42,42,0,0,0
S01008475,Whole house or bungalow: Detached,1,1,0,0,0
S01008475,Whole house or bungalow: Semi-detached,10,10,0,0,0
S01008475,Whole house or bungalow: Terraced (including end-terrace),31,31,0,0,0
S01008475,Flat maisonette or apartment or mobile/temporary accommodation,292,285,7,0,7
S01008476,All household spaces,417,406,11,1,10
S01008476,Whole house or bungalow: Total,25,25,0,0,0
S01008476,Whole house or bungalow: Detached,1,1,0,0,0
S01008476,Whole house or bungalow: Semi-detached,8,8,0,0,0
S01008476,Whole house or bungalow: Terraced (including end-terrace),16,16,0,0,0
S01008476,Flat maisonette or apartment or mobile/temporary accommodation,392,381,11,1,10
S01008477,All household spaces,480,465,15,0,15
S01008477,Whole house or bungalow: Total,28,28,0,0,0
S01008477,Whole house or bungalow: Detached,1,1,0,0,0
S01008477,Whole house or bungalow: Semi-detached,9,9,0,0,0
S01008477,Whole house or bungalow: Terraced (including end-terrace),18,18,0,0,0
S01008477,Flat maisonette or apartment or mobile/temporary accommodation,452,437,15,0,15
S01008478,All household spaces,453,439,14,1,13
S01008478,Whole house or bungalow: Total,30,30,0,0,0
S01008478,Whole house or bungalow: Detached,5,5,0,0,0
S01008478,Whole house or bungalow: Semi-detached,11,11,0,0,0
S01008478,Whole house or bungalow: Terraced (including end-terrace),14,14,0,0,0
S01008478,Flat maisonette or apartment or mobile/temporary accommodation,423,409,14,1,13
S01008479,All household spaces,424,407,17,0,17
S01008479,Whole house or bungalow: Total,43,43,0,0,0
S01008479,Whole house or bungalow: Detached,6,6,0,0,0
S01008479,Whole house or bungalow: Semi-detached,12,12,0,0,0
S01008479,Whole house or bungalow: Terraced (including end-terrace),25,25,0,0,0
S01008479,Flat maisonette or apartment or mobile/temporary accommodation,381,364,17,0,17
S01008480,All household spaces,280,279,1,1,0
S01008480,Whole house or bungalow: Total,82,82,0,0,0
S01008480,Whole house or bungalow: Detached,5,5,0,0,0
S01008480,Whole house or bungalow: Semi-detached,48,48,0,0,0
S01008480,Whole house or bungalow: Terraced (including end-terrace),29,29,0,0,0
S01008480,Flat maisonette or apartment or mobile/temporary accommodation,198,197,1,1,0
S01008481,All household spaces,374,373,1,0,1
S01008481,Whole house or bungalow: Total,289,289,0,0,0
S01008481,Whole house or bungalow: Detached,22,22,0,0,0
S01008481,Whole house or bungalow: Semi-detached,120,120,0,0,0
S01008481,Whole house or bungalow: Terraced (including end-terrace),147,147,0,0,0
S01008481,Flat maisonette or apartment or mobile/temporary accommodation,85,84,1,0,1
S01008482,All household spaces,322,316,6,0,6
S01008482,Whole house or bungalow: Total,182,179,3,0,3
S01008482,Whole house or bungalow: Detached,12,12,0,0,0
S01008482,Whole house or bungalow: Semi-detached,55,55,0,0,0
S01008482,Whole house or bungalow: Terraced (including end-terrace),115,112,3,0,3
S01008482,Flat maisonette or apartment or mobile/temporary accommodation,140,137,3,0,3
S01008483,All household spaces,337,327,10,3,7
S01008483,Whole house or bungalow: Total,85,80,5,3,2
S01008483,Whole house or bungalow: Detached,10,9,1,0,1
S01008483,Whole house or bungalow: Semi-detached,13,13,0,0,0
S01008483,Whole house or bungalow: Terraced (including end-terrace),62,58,4,3,1
S01008483,Flat maisonette or apartment or mobile/temporary accommodation,252,247,5,0,5
S01008484,All household spaces,351,342,9,0,9
S01008484,Whole house or bungalow: Total,189,184,5,0,5
S01008484,Whole house or bungalow: Detached,43,42,1,0,1
S01008484,Whole house or bungalow: Semi-detached,112,112,0,0,0
S01008484,Whole house or bungalow: Terraced (including end-terrace),34,30,4,0,4
S01008484,Flat maisonette or apartment or mobile/temporary accommodation,162,158,4,0,4
S01008485,All household spaces,425,408,17,1,16
S01008485,Whole house or bungalow: Total,265,253,12,0,12
S01008485,Whole house or bungalow: Detached,6,5,1,0,1
S01008485,Whole house or bungalow: Semi-detached,155,148,7,0,7
S01008485,Whole house or bungalow: Terraced (including end-terrace),104,100,4,0,4
S01008485,Flat maisonette or apartment or mobile/temporary accommodation,160,155,5,1,4
S01008486,All household spaces,464,459,5,0,5
S01008486,Whole house or bungalow: Total,207,205,2,0,2
S01008486,Whole house or bungalow: Detached,22,20,2,0,2
S01008486,Whole house or bungalow: Semi-detached,83,83,0,0,0
S01008486,Whole house or bungalow: Terraced (including end-terrace),102,102,0,0,0
S01008486,Flat maisonette or apartment or mobile/temporary accommodation,257,254,3,0,3
S01008487,All household spaces,423,417,6,1,5
S01008487,Whole house or bungalow: Total,73,73,0,0,0
S01008487,Whole house or bungalow: Detached,18,18,0,0,0
S01008487,Whole house or bungalow: Semi-detached,15,15,0,0,0
S01008487,Whole house or bungalow: Terraced (including end-terrace),40,40,0,0,0
S01008487,Flat maisonette or apartment or mobile/temporary accommodation,350,344,6,1,5
S01008488,All household spaces,428,416,12,0,12
S01008488,Whole house or bungalow: Total,25,25,0,0,0
S01008488,Whole house or bungalow: Detached,3,3,0,0,0
S01008488,Whole house or bungalow: Semi-detached,11,11,0,0,0
S01008488,Whole house or bungalow: Terraced (including end-terrace),11,11,0,0,0
S01008488,Flat maisonette or apartment or mobile/temporary accommodation,403,391,12,0,12
S01008489,All household spaces,309,305,4,1,3
S01008489,Whole house or bungalow: Total,88,88,0,0,0
S01008489,Whole house or bungalow: Detached,22,22,0,0,0
S01008489,Whole house or bungalow: Semi-detached,18,18,0,0,0
S01008489,Whole house or bungalow: Terraced (including end-terrace),48,48,0,0,0
S01008489,Flat maisonette or apartment or mobile/temporary accommodation,221,217,4,1,3
S01008490,All household spaces,547,528,19,1,18
S01008490,Whole house or bungalow: Total,48,45,3,0,3
S01008490,Whole house or bungalow: Detached,9,9,0,0,0
S01008490,Whole house or bungalow: Semi-detached,9,9,0,0,0
S01008490,Whole house or bungalow: Terraced (including end-terrace),30,27,3,0,3
S01008490,Flat maisonette or apartment or mobile/temporary accommodation,499,483,16,1,15
S01008491,All household spaces,507,487,20,1,19
S01008491,Whole house or bungalow: Total,18,18,0,0,0
S01008491,Whole house or bungalow: Detached,5,5,0,0,0
S01008491,Whole house or bungalow: Semi-detached,3,3,0,0,0
S01008491,Whole house or bungalow: Terraced (including end-terrace),10,10,0,0,0
S01008491,Flat maisonette or apartment or mobile/temporary accommodation,489,469,20,1,19
S01008492,All household spaces,527,515,12,4,8
S01008492,Whole house or bungalow: Total,15,15,0,0,0
S01008492,Whole house or bungalow: Detached,2,2,0,0,0
S01008492,Whole house or bungalow: Semi-detached,7,7,0,0,0
S01008492,Whole house or bungalow: Terraced (including end-terrace),6,6,0,0,0
S01008492,Flat maisonette or apartment or mobile/temporary accommodation,512,500,12,4,8
S01008493,All household spaces,430,420,10,1,9
S01008493,Whole house or bungalow: Total,63,61,2,0,2
S01008493,Whole house or bungalow: Detached,5,4,1,0,1
S01008493,Whole house or bungalow: Semi-detached,40,39,1,0,1
S01008493,Whole house or bungalow: Terraced (including end-terrace),18,18,0,0,0
S01008493,Flat maisonette or apartment or mobile/temporary accommodation,367,359,8,1,7
S01008494,All household spaces,420,409,11,0,11
S01008494,Whole house or bungalow: Total,21,20,1,0,1
S01008494,Whole house or bungalow: Detached,2,2,0,0,0
S01008494,Whole house or bungalow: Semi-detached,9,9,0,0,0
S01008494,Whole house or bungalow: Terraced (including end-terrace),10,9,1,0,1
S01008494,Flat maisonette or apartment or mobile/temporary accommodation,399,389,10,0,10
S01008495,All household spaces,611,589,22,1,21
S01008495,Whole house or bungalow: Total,9,9,0,0,0
S01008495,Whole house or bungalow: Detached,1,1,0,0,0
S01008495,Whole house or bungalow: Semi-detached,2,2,0,0,0
S01008495,Whole house or bungalow: Terraced (including end-terrace),6,6,0,0,0
S01008495,Flat maisonette or apartment or mobile/temporary accommodation,602,580,22,1,21
S01008496,All household spaces,686,676,10,2,8
S01008496,Whole house or bungalow: Total,9,9,0,0,0
S01008496,Whole house or bungalow: Detached,0,0,0,0,0
S01008496,Whole house or bungalow: Semi-detached,0,0,0,0,0
S01008496,Whole house or bungalow: Terraced (including end-terrace),9,9,0,0,0
S01008496,Flat maisonette or apartment or mobile/temporary accommodation,677,667,10,2,8
S01008497,All household spaces,582,572,10,0,10
S01008497,Whole house or bungalow: Total,24,24,0,0,0
S01008497,Whole house or bungalow: Detached,0,0,0,0,0
S01008497,Whole house or bungalow: Semi-detached,2,2,0,0,0
S01008497,Whole house or bungalow: Terraced (including end-terrace),22,22,0,0,0
S01008497,Flat maisonette or apartment or mobile/temporary accommodation,558,548,10,0,10
S01008498,All household spaces,533,525,8,0,8
S01008498,Whole house or bungalow: Total,23,23,0,0,0
S01008498,Whole house or bungalow: Detached,4,4,0,0,0
S01008498,Whole house or bungalow: Semi-detached,7,7,0,0,0
S01008498,Whole house or bungalow: Terraced (including end-terrace),12,12,0,0,0
S01008498,Flat maisonette or apartment or mobile/temporary accommodation,510,502,8,0,8
S01008499,All household spaces,603,591,12,2,10
S01008499,Whole house or bungalow: Total,9,9,0,0,0
S01008499,Whole house or bungalow: Detached,2,2,0,0,0
S01008499,Whole house or bungalow: Semi-detached,3,3,0,0,0
S01008499,Whole house or bungalow: Terraced (including end-terrace),4,4,0,0,0
S01008499,Flat maisonette or apartment or mobile/temporary accommodation,594,582,12,2,10
S01008500,All household spaces,209,209,0,0,0
S01008500,Whole house or bungalow: Total,5,5,0,0,0
S01008500,Whole house or bungalow: Detached,0,0,0,0,0
S01008500,Whole house or bungalow: Semi-detached,1,1,0,0,0
S01008500,Whole house or bungalow: Terraced (including end-terrace),4,4,0,0,0
S01008500,Flat maisonette or apartment or mobile/temporary accommodation,204,204,0,0,0
S01008501,All household spaces,321,316,5,0,5
S01008501,Whole house or bungalow: Total,10,10,0,0,0
S01008501,Whole house or bungalow: Detached,3,3,0,0,0
S01008501,Whole house or bungalow: Semi-detached,3,3,0,0,0
S01008501,Whole house or bungalow: Terraced (including end-terrace),4,4,0,0,0
S01008501,Flat maisonette or apartment or mobile/temporary accommodation,311,306,5,0,5
S01008502,All household spaces,384,373,11,1,10
S01008502,Whole house or bungalow: Total,8,8,0,0,0
S01008502,Whole house or bungalow: Detached,0,0,0,0,0
S01008502,Whole house or bungalow: Semi-detached,1,1,0,0,0
S01008502,Whole house or bungalow: Terraced (including end-terrace),7,7,0,0,0
S01008502,Flat maisonette or apartment or mobile/temporary accommodation,376,365,11,1,10
S01008503,All household spaces,447,443,4,0,4
S01008503,Whole house or bungalow: Total,50,49,1,0,1
S01008503,Whole house or bungalow: Detached,2,2,0,0,0
S01008503,Whole house or bungalow: Semi-detached,2,2,0,0,0
S01008503,Whole house or bungalow: Terraced (including end-terrace),46,45,1,0,1
S01008503,Flat maisonette or apartment or mobile/temporary accommodation,397,394,3,0,3
S01008504,All household spaces,553,543,10,4,6
S01008504,Whole house or bungalow: Total,135,132,3,1,2
S01008504,Whole house or bungalow: Detached,12,12,0,0,0
S01008504,Whole house or bungalow: Semi-detached,14,14,0,0,0
S01008504,Whole house or bungalow: Terraced (including end-terrace),109,106,3,1,2
S01008504,Flat maisonette or apartment or mobile/temporary accommodation,418,411,7,3,4
S01008505,All household spaces,336,330,6,0,6
S01008505,Whole house or bungalow: Total,120,117,3,0,3
S01008505,Whole house or bungalow: Detached,3,3,0,0,0
S01008505,Whole house or bungalow: Semi-detached,2,1,1,0,1
S01008505,Whole house or bungalow: Terraced (including end-terrace),115,113,2,0,2
S01008505,Flat maisonette or apartment or mobile/temporary accommodation,216,213,3,0,3
S01008506,All household spaces,454,442,12,1,11
S01008506,Whole house or bungalow: Total,66,66,0,0,0
S01008506,Whole house or bungalow: Detached,16,16,0,0,0
S01008506,Whole house or bungalow: Semi-detached,23,23,0,0,0
S01008506,Whole house or bungalow: Terraced (including end-terrace),27,27,0,0,0
S01008506,Flat maisonette or apartment or mobile/temporary accommodation,388,376,12,1,11
S01008507,All household spaces,393,386,7,0,7
S01008507,Whole house or bungalow: Total,75,73,2,0,2
S01008507,Whole house or bungalow: Detached,5,5,0,0,0
S01008507,Whole house or bungalow: Semi-detached,11,11,0,0,0
S01008507,Whole house or bungalow: Terraced (including end-terrace),59,57,2,0,2
S01008507,Flat maisonette or apartment or mobile/temporary accommodation,318,313,5,0,5
S01008508,All household spaces,362,358,4,3,1
S01008508,Whole house or bungalow: Total,230,228,2,1,1
S01008508,Whole house or bungalow: Detached,49,49,0,0,0
S01008508,Whole house or bungalow: Semi-detached,57,57,0,0,0
S01008508,Whole house or bungalow: Terraced (including end-terrace),124,122,2,1,1
S01008508,Flat maisonette or apartment or mobile/temporary accommodation,132,130,2,2,0
S01008509,All household spaces,529,509,20,10,10
S01008509,Whole house or bungalow: Total,173,170,3,0,3
S01008509,Whole house or bungalow: Detached,18,18,0,0,0
S01008509,Whole house or bungalow: Semi-detached,57,56,1,0,1
S01008509,Whole house or bungalow: Terraced (including end-terrace),98,96,2,0,2
S01008509,Flat maisonette or apartment or mobile/temporary accommodation,356,339,17,10,7
S01008510,All household spaces,395,390,5,0,5
S01008510,Whole house or bungalow: Total,307,305,2,0,2
S01008510,Whole house or bungalow: Detached,156,156,0,0,0
S01008510,Whole house or bungalow: Semi-detached,80,79,1,0,1
S01008510,Whole house or bungalow: Terraced (including end-terrace),71,70,1,0,1
S01008510,Flat maisonette or apartment or mobile/temporary accommodation,88,85,3,0,3
S01008511,All household spaces,366,358,8,0,8
S01008511,Whole house or bungalow: Total,305,301,4,0,4
S01008511,Whole house or bungalow: Detached,234,232,2,0,2
S01008511,Whole house or bungalow: Semi-detached,62,60,2,0,2
S01008511,Whole house or bungalow: Terraced (including end-terrace),9,9,0,0,0
S01008511,Flat maisonette or apartment or mobile/temporary accommodation,61,57,4,0,4
S01008512,All household spaces,210,201,9,2,7
S01008512,Whole house or bungalow: Total,188,181,7,2,5
S01008512,Whole house or bungalow: Detached,124,119,5,2,3
S01008512,Whole house or bungalow: Semi-detached,62,60,2,0,2
S01008512,Whole house or bungalow: Terraced (including end-terrace),2,2,0,0,0
S01008512,Flat maisonette or apartment or mobile/temporary accommodation,22,20,2,0,2
S01008513,All household spaces,264,258,6,2,4
S01008513,Whole house or bungalow: Total,246,240,6,2,4
S01008513,Whole house or bungalow: Detached,188,183,5,2,3
S01008513,Whole house or bungalow: Semi-detached,50,49,1,0,1
S01008513,Whole house or bungalow: Terraced (including end-terrace),8,8,0,0,0
S01008513,Flat maisonette or apartment or mobile/temporary accommodation,18,18,0,0,0
S01008514,All household spaces,421,397,24,3,21
S01008514,Whole house or bungalow: Total,216,210,6,1,5
S01008514,Whole house or bungalow: Detached,72,70,2,1,1
S01008514,Whole house or bungalow: Semi-detached,27,27,0,0,0
S01008514,Whole house or bungalow: Terraced (including end-terrace),117,113,4,0,4
S01008514,Flat maisonette or apartment or mobile/temporary accommodation,205,187,18,2,16
S01008515,All household spaces,306,297,9,1,8
S01008515,Whole house or bungalow: Total,177,173,4,0,4
S01008515,Whole house or bungalow: Detached,5,5,0,0,0
S01008515,Whole house or bungalow: Semi-detached,58,58,0,0,0
S01008515,Whole house or bungalow: Terraced (including end-terrace),114,110,4,0,4
S01008515,Flat maisonette or apartment or mobile/temporary accommodation,129,124,5,1,4
S01008516,All household spaces,620,592,28,12,16
S01008516,Whole house or bungalow: Total,19,17,2,0,2
S01008516,Whole house or bungalow: Detached,4,4,0,0,0
S01008516,Whole house or bungalow: Semi-detached,9,8,1,0,1
S01008516,Whole house or bungalow: Terraced (including end-terrace),6,5,1,0,1
S01008516,Flat maisonette or apartment or mobile/temporary accommodation,601,575,26,12,14
S01008517,All household spaces,479,463,16,3,13
S01008517,Whole house or bungalow: Total,39,38,1,0,1
S01008517,Whole house or bungalow: Detached,7,7,0,0,0
S01008517,Whole house or bungalow: Semi-detached,17,17,0,0,0
S01008517,Whole house or bungalow: Terraced (including end-terrace),15,14,1,0,1
S01008517,Flat maisonette or apartment or mobile/temporary accommodation,440,425,15,3,12
S01008518,All household spaces,387,378,9,2,7
S01008518,Whole house or bungalow: Total,176,175,1,0,1
S01008518,Whole house or bungalow: Detached,15,15,0,0,0
S01008518,Whole house or bungalow: Semi-detached,18,18,0,0,0
S01008518,Whole house or bungalow: Terraced (including end-terrace),143,142,1,0,1
S01008518,Flat maisonette or apartment or mobile/temporary accommodation,211,203,8,2,6
S01008519,All household spaces,336,324,12,0,12
S01008519,Whole house or bungalow: Total,200,199,1,0,1
S01008519,Whole house or bungalow: Detached,31,31,0,0,0
S01008519,Whole house or bungalow: Semi-detached,15,14,1,0,1
S01008519,Whole house or bungalow: Terraced (including end-terrace),154,154,0,0,0
S01008519,Flat maisonette or apartment or mobile/temporary accommodation,136,125,11,0,11
S01008520,All household spaces,434,433,1,1,0
S01008520,Whole house or bungalow: Total,362,361,1,1,0
S01008520,Whole house or bungalow: Detached,215,214,1,1,0
S01008520,Whole house or bungalow: Semi-detached,64,64,0,0,0
S01008520,Whole house or bungalow: Terraced (including end-terrace),83,83,0,0,0
S01008520,Flat maisonette or apartment or mobile/temporary accommodation,72,72,0,0,0
S01008521,All household spaces,347,338,9,0,9
S01008521,Whole house or bungalow: Total,331,322,9,0,9
S01008521,Whole house or bungalow: Detached,250,243,7,0,7
S01008521,Whole house or bungalow: Semi-detached,73,71,2,0,2
S01008521,Whole house or bungalow: Terraced (including end-terrace),8,8,0,0,0
S01008521,Flat maisonette or apartment or mobile/temporary accommodation,16,16,0,0,0
S01008522,All household spaces,234,228,6,1,5
S01008522,Whole house or bungalow: Total,130,130,0,0,0
S01008522,Whole house or bungalow: Detached,66,66,0,0,0
S01008522,Whole house or bungalow: Semi-detached,12,12,0,0,0
S01008522,Whole house or bungalow: Terraced (including end-terrace),52,52,0,0,0
S01008522,Flat maisonette or apartment or mobile/temporary accommodation,104,98,6,1,5
S01008523,All household spaces,446,434,12,6,6
S01008523,Whole house or bungalow: Total,149,146,3,1,2
S01008523,Whole house or bungalow: Detached,45,43,2,0,2
S01008523,Whole house or bungalow: Semi-detached,14,14,0,0,0
S01008523,Whole house or bungalow: Terraced (including end-terrace),90,89,1,1,0
S01008523,Flat maisonette or apartment or mobile/temporary accommodation,297,288,9,5,4
S01008524,All household spaces,457,442,15,0,15
S01008524,Whole house or bungalow: Total,92,90,2,0,2
S01008524,Whole house or bungalow: Detached,3,3,0,0,0
S01008524,Whole house or bungalow: Semi-detached,47,46,1,0,1
S01008524,Whole house or bungalow: Terraced (including end-terrace),42,41,1,0,1
S01008524,Flat maisonette or apartment or mobile/temporary accommodation,365,352,13,0,13
S01008525,All household spaces,386,380,6,0,6
S01008525,Whole house or bungalow: Total,161,157,4,0,4
S01008525,Whole house or bungalow: Detached,13,13,0,0,0
S01008525,Whole house or bungalow: Semi-detached,51,51,0,0,0
S01008525,Whole house or bungalow: Terraced (including end-terrace),97,93,4,0,4
S01008525,Flat maisonette or apartment or mobile/temporary accommodation,225,223,2,0,2
S01008526,All household spaces,458,448,10,2,8
S01008526,Whole house or bungalow: Total,117,111,6,1,5
S01008526,Whole house or bungalow: Detached,7,7,0,0,0
S01008526,Whole house or bungalow: Semi-detached,36,35,1,0,1
S01008526,Whole house or bungalow: Terraced (including end-terrace),74,69,5,1,4
S01008526,Flat maisonette or apartment or mobile/temporary accommodation,341,337,4,1,3
S01008527,All household spaces,340,333,7,1,6
S01008527,Whole house or bungalow: Total,44,43,1,0,1
S01008527,Whole house or bungalow: Detached,3,3,0,0,0
S01008527,Whole house or bungalow: Semi-detached,20,19,1,0,1
S01008527,Whole house or bungalow: Terraced (including end-terrace),21,21,0,0,0
S01008527,Flat maisonette or apartment or mobile/temporary accommodation,296,290,6,1,5
S01008528,All household spaces,305,304,1,0,1
S01008528,Whole house or bungalow: Total,42,42,0,0,0
S01008528,Whole house or bungalow: Detached,6,6,0,0,0
S01008528,Whole house or bungalow: Semi-detached,25,25,0,0,0
S01008528,Whole house or bungalow: Terraced (including end-terrace),11,11,0,0,0
S01008528,Flat maisonette or apartment or mobile/temporary accommodation,263,262,1,0,1
S01008529,All household spaces,353,349,4,0,4
S01008529,Whole house or bungalow: Total,207,204,3,0,3
S01008529,Whole house or bungalow: Detached,16,16,0,0,0
S01008529,Whole house or bungalow: Semi-detached,80,78,2,0,2
S01008529,Whole house or bungalow: Terraced (including end-terrace),111,110,1,0,1
S01008529,Flat maisonette or apartment or mobile/temporary accommodation,146,145,1,0,1
S01008530,All household spaces,376,369,7,2,5
S01008530,Whole house or bungalow: Total,31,29,2,1,1
S01008530,Whole house or bungalow: Detached,2,1,1,1,0
S01008530,Whole house or bungalow: Semi-detached,9,9,0,0,0
S01008530,Whole house or bungalow: Terraced (including end-terrace),20,19,1,0,1
S01008530,Flat maisonette or apartment or mobile/temporary accommodation,345,340,5,1,4
S01008531,All household spaces,404,394,10,1,9
S01008531,Whole house or bungalow: Total,92,91,1,0,1
S01008531,Whole house or bungalow: Detached,10,10,0,0,0
S01008531,Whole house or bungalow: Semi-detached,55,54,1,0,1
S01008531,Whole house or bungalow: Terraced (including end-terrace),27,27,0,0,0
S01008531,Flat maisonette or apartment or mobile/temporary accommodation,312,303,9,1,8
S01008532,All household spaces,217,213,4,0,4
S01008532,Whole house or bungalow: Total,149,147,2,0,2
S01008532,Whole house or bungalow: Detached,6,6,0,0,0
S01008532,Whole house or bungalow: Semi-detached,35,35,0,0,0
S01008532,Whole house or bungalow: Terraced (including end-terrace),108,106,2,0,2
S01008532,Flat maisonette or apartment or mobile/temporary accommodation,68,66,2,0,2
S01008533,All household spaces,203,179,24,0,24
S01008533,Whole house or bungalow: Total,184,161,23,0,23
S01008533,Whole house or bungalow: Detached,17,16,1,0,1
S01008533,Whole house or bungalow: Semi-detached,104,95,9,0,9
S01008533,Whole house or bungalow: Terraced (including end-terrace),63,50,13,0,13
S01008533,Flat maisonette or apartment or mobile/temporary accommodation,19,18,1,0,1
S01008534,All household spaces,291,274,17,1,16
S01008534,Whole house or bungalow: Total,257,250,7,1,6
S01008534,Whole house or bungalow: Detached,102,98,4,1,3
S01008534,Whole house or bungalow: Semi-detached,97,96,1,0,1
S01008534,Whole house or bungalow: Terraced (including end-terrace),58,56,2,0,2
S01008534,Flat maisonette or apartment or mobile/temporary accommodation,34,24,10,0,10
S01008535,All household spaces,286,284,2,0,2
S01008535,Whole house or bungalow: Total,277,275,2,0,2
S01008535,Whole house or bungalow: Detached,203,202,1,0,1
S01008535,Whole house or bungalow: Semi-detached,73,72,1,0,1
S01008535,Whole house or bungalow: Terraced (including end-terrace),1,1,0,0,0
S01008535,Flat maisonette or apartment or mobile/temporary accommodation,9,9,0,0,0
S01008536,All household spaces,271,263,8,0,8
S01008536,Whole house or bungalow: Total,218,216,2,0,2
S01008536,Whole house or bungalow: Detached,123,121,2,0,2
S01008536,Whole house or bungalow: Semi-detached,78,78,0,0,0
S01008536,Whole house or bungalow: Terraced (including end-terrace),17,17,0,0,0
S01008536,Flat maisonette or apartment or mobile/temporary accommodation,53,47,6,0,6
S01008537,All household spaces,282,280,2,0,2
S01008537,Whole house or bungalow: Total,276,274,2,0,2
S01008537,Whole house or bungalow: Detached,197,195,2,0,2
S01008537,Whole house or bungalow: Semi-detached,78,78,0,0,0
S01008537,Whole house or bungalow: Terraced (including end-terrace),1,1,0,0,0
S01008537,Flat maisonette or apartment or mobile/temporary accommodation,6,6,0,0,0
S01008538,All household spaces,245,242,3,0,3
S01008538,Whole house or bungalow: Total,241,238,3,0,3
S01008538,Whole house or bungalow: Detached,218,216,2,0,2
S01008538,Whole house or bungalow: Semi-detached,21,20,1,0,1
S01008538,Whole house or bungalow: Terraced (including end-terrace),2,2,0,0,0
S01008538,Flat maisonette or apartment or mobile/temporary accommodation,4,4,0,0,0
S01008539,All household spaces,349,346,3,0,3
S01008539,Whole house or bungalow: Total,260,260,0,0,0
S01008539,Whole house or bungalow: Detached,172,172,0,0,0
S01008539,Whole house or bungalow: Semi-detached,63,63,0,0,0
S01008539,Whole house or bungalow: Terraced (including end-terrace),25,25,0,0,0
S01008539,Flat maisonette or apartment or mobile/temporary accommodation,89,86,3,0,3
S01008540,All household spaces,381,373,8,0,8
S01008540,Whole house or bungalow: Total,365,357,8,0,8
S01008540,Whole house or bungalow: Detached,197,193,4,0,4
S01008540,Whole house or bungalow: Semi-detached,139,137,2,0,2
S01008540,Whole house or bungalow: Terraced (including end-terrace),29,27,2,0,2
S01008540,Flat maisonette or apartment or mobile/temporary accommodation,16,16,0,0,0
S01008541,All household spaces,323,323,0,0,0
S01008541,Whole house or bungalow: Total,310,310,0,0,0
S01008541,Whole house or bungalow: Detached,108,108,0,0,0
S01008541,Whole house or bungalow: Semi-detached,140,140,0,0,0
S01008541,Whole house or bungalow: Terraced (including end-terrace),62,62,0,0,0
S01008541,Flat maisonette or apartment or mobile/temporary accommodation,13,13,0,0,0
S01008542,All household spaces,337,337,0,0,0
S01008542,Whole house or bungalow: Total,327,327,0,0,0
S01008542,Whole house or bungalow: Detached,179,179,0,0,0
S01008542,Whole house or bungalow: Semi-detached,100,100,0,0,0
S01008542,Whole house or bungalow: Terraced (including end-terrace),48,48,0,0,0
S01008542,Flat maisonette or apartment or mobile/temporary accommodation,10,10,0,0,0
S01008543,All household spaces,259,259,0,0,0
S01008543,Whole house or bungalow: Total,252,252,0,0,0
S01008543,Whole house or bungalow: Detached,84,84,0,0,0
S01008543,Whole house or bungalow: Semi-detached,124,124,0,0,0
S01008543,Whole house or bungalow: Terraced (including end-terrace),44,44,0,0,0
S01008543,Flat maisonette or apartment or mobile/temporary accommodation,7,7,0,0,0
S01008544,All household spaces,217,216,1,0,1
S01008544,Whole house or bungalow: Total,198,198,0,0,0
S01008544,Whole house or bungalow: Detached,123,123,0,0,0
S01008544,Whole house or bungalow: Semi-detached,42,42,0,0,0
S01008544,Whole house or bungalow: Terraced (including end-terrace),33,33,0,0,0
S01008544,Flat maisonette or apartment or mobile/temporary accommodation,19,18,1,0,1
S01008545,All household spaces,339,334,5,2,3
S01008545,Whole house or bungalow: Total,296,291,5,2,3
S01008545,Whole house or bungalow: Detached,249,244,5,2,3
S01008545,Whole house or bungalow: Semi-detached,23,23,0,0,0
S01008545,Whole house or bungalow: Terraced (including end-terrace),24,24,0,0,0
S01008545,Flat maisonette or apartment or mobile/temporary accommodation,43,43,0,0,0
S01008546,All household spaces,343,337,6,2,4
S01008546,Whole house or bungalow: Total,338,332,6,2,4
S01008546,Whole house or bungalow: Detached,254,251,3,1,2
S01008546,Whole house or bungalow: Semi-detached,79,76,3,1,2
S01008546,Whole house or bungalow: Terraced (including end-terrace),5,5,0,0,0
S01008546,Flat maisonette or apartment or mobile/temporary accommodation,5,5,0,0,0
S01008547,All household spaces,430,424,6,2,4
S01008547,Whole house or bungalow: Total,410,405,5,1,4
S01008547,Whole house or bungalow: Detached,142,141,1,1,0
S01008547,Whole house or bungalow: Semi-detached,177,176,1,0,1
S01008547,Whole house or bungalow: Terraced (including end-terrace),91,88,3,0,3
S01008547,Flat maisonette or apartment or mobile/temporary accommodation,20,19,1,1,0
S01008548,All household spaces,356,347,9,0,9
S01008548,Whole house or bungalow: Total,287,280,7,0,7
S01008548,Whole house or bungalow: Detached,81,78,3,0,3
S01008548,Whole house or bungalow: Semi-detached,137,133,4,0,4
S01008548,Whole house or bungalow: Terraced (including end-terrace),69,69,0,0,0
S01008548,Flat maisonette or apartment or mobile/temporary accommodation,69,67,2,0,2
S01008549,All household spaces,450,439,11,0,11
S01008549,Whole house or bungalow: Total,352,346,6,0,6
S01008549,Whole house or bungalow: Detached,126,126,0,0,0
S01008549,Whole house or bungalow: Semi-detached,142,141,1,0,1
S01008549,Whole house or bungalow: Terraced (including end-terrace),84,79,5,0,5
S01008549,Flat maisonette or apartment or mobile/temporary accommodation,98,93,5,0,5
S01008550,All household spaces,348,346,2,1,1
S01008550,Whole house or bungalow: Total,286,284,2,1,1
S01008550,Whole house or bungalow: Detached,103,103,0,0,0
S01008550,Whole house or bungalow: Semi-detached,111,109,2,1,1
S01008550,Whole house or bungalow: Terraced (including end-terrace),72,72,0,0,0
S01008550,Flat maisonette or apartment or mobile/temporary accommodation,62,62,0,0,0
S01008551,All household spaces,502,496,6,1,5
S01008551,Whole house or bungalow: Total,336,330,6,1,5
S01008551,Whole house or bungalow: Detached,66,63,3,0,3
S01008551,Whole house or bungalow: Semi-detached,114,112,2,1,1
S01008551,Whole house or bungalow: Terraced (including end-terrace),156,155,1,0,1
S01008551,Flat maisonette or apartment or mobile/temporary accommodation,166,166,0,0,0
S01008552,All household spaces,385,383,2,1,1
S01008552,Whole house or bungalow: Total,329,327,2,1,1
S01008552,Whole house or bungalow: Detached,169,168,1,1,0
S01008552,Whole house or bungalow: Semi-detached,78,77,1,0,1
S01008552,Whole house or bungalow: Terraced (including end-terrace),82,82,0,0,0
S01008552,Flat maisonette or apartment or mobile/temporary accommodation,56,56,0,0,0
S01008553,All household spaces,250,244,6,0,6
S01008553,Whole house or bungalow: Total,240,234,6,0,6
S01008553,Whole house or bungalow: Detached,78,74,4,0,4
S01008553,Whole house or bungalow: Semi-detached,123,122,1,0,1
S01008553,Whole house or bungalow: Terraced (including end-terrace),39,38,1,0,1
S01008553,Flat maisonette or apartment or mobile/temporary accommodation,10,10,0,0,0
S01008554,All household spaces,369,368,1,0,1
S01008554,Whole house or bungalow: Total,282,282,0,0,0
S01008554,Whole house or bungalow: Detached,27,27,0,0,0
S01008554,Whole house or bungalow: Semi-detached,208,208,0,0,0
S01008554,Whole house or bungalow: Terraced (including end-terrace),47,47,0,0,0
S01008554,Flat maisonette or apartment or mobile/temporary accommodation,87,86,1,0,1
S01008555,All household spaces,535,528,7,0,7
S01008555,Whole house or bungalow: Total,154,151,3,0,3
S01008555,Whole house or bungalow: Detached,14,14,0,0,0
S01008555,Whole house or bungalow: Semi-detached,57,56,1,0,1
S01008555,Whole house or bungalow: Terraced (including end-terrace),83,81,2,0,2
S01008555,Flat maisonette or apartment or mobile/temporary accommodation,381,377,4,0,4
S01008556,All household spaces,356,346,10,0,10
S01008556,Whole house or bungalow: Total,190,184,6,0,6
S01008556,Whole house or bungalow: Detached,7,7,0,0,0
S01008556,Whole house or bungalow: Semi-detached,68,67,1,0,1
S01008556,Whole house or bungalow: Terraced (including end-terrace),115,110,5,0,5
S01008556,Flat maisonette or apartment or mobile/temporary accommodation,166,162,4,0,4
S01008557,All household spaces,434,429,5,0,5
S01008557,Whole house or bungalow: Total,276,274,2,0,2
S01008557,Whole house or bungalow: Detached,35,35,0,0,0
S01008557,Whole house or bungalow: Semi-detached,126,124,2,0,2
S01008557,Whole house or bungalow: Terraced (including end-terrace),115,115,0,0,0
S01008557,Flat maisonette or apartment or mobile/temporary accommodation,158,155,3,0,3
S01008558,All household spaces,439,433,6,1,5
S01008558,Whole house or bungalow: Total,221,219,2,0,2
S01008558,Whole house or bungalow: Detached,14,14,0,0,0
S01008558,Whole house or bungalow: Semi-detached,63,62,1,0,1
S01008558,Whole house or bungalow: Terraced (including end-terrace),144,143,1,0,1
S01008558,Flat maisonette or apartment or mobile/temporary accommodation,218,214,4,1,3
S01008559,All household spaces,301,295,6,0,6
S01008559,Whole house or bungalow: Total,248,242,6,0,6
S01008559,Whole house or bungalow: Detached,6,6,0,0,0
S01008559,Whole house or bungalow: Semi-detached,125,125,0,0,0
S01008559,Whole house or bungalow: Terraced (including end-terrace),117,111,6,0,6
S01008559,Flat maisonette or apartment or mobile/temporary accommodation,53,53,0,0,0
S01008560,All household spaces,300,295,5,0,5
S01008560,Whole house or bungalow: Total,241,236,5,0,5
S01008560,Whole house or bungalow: Detached,18,17,1,0,1
S01008560,Whole house or bungalow: Semi-detached,145,142,3,0,3
S01008560,Whole house or bungalow: Terraced (including end-terrace),78,77,1,0,1
S01008560,Flat maisonette or apartment or mobile/temporary accommodation,59,59,0,0,0
S01008561,All household spaces,281,277,4,1,3
S01008561,Whole house or bungalow: Total,248,244,4,1,3
S01008561,Whole house or bungalow: Detached,11,11,0,0,0
S01008561,Whole house or bungalow: Semi-detached,77,76,1,1,0
S01008561,Whole house or bungalow: Terraced (including end-terrace),160,157,3,0,3
S01008561,Flat maisonette or apartment or mobile/temporary accommodation,33,33,0,0,0
S01008562,All household spaces,349,344,5,0,5
S01008562,Whole house or bungalow: Total,172,170,2,0,2
S01008562,Whole house or bungalow: Detached,11,11,0,0,0
S01008562,Whole house or bungalow: Semi-detached,89,88,1,0,1
S01008562,Whole house or bungalow: Terraced (including end-terrace),72,71,1,0,1
S01008562,Flat maisonette or apartment or mobile/temporary accommodation,177,174,3,0,3
S01008563,All household spaces,377,369,8,0,8
S01008563,Whole house or bungalow: Total,141,139,2,0,2
S01008563,Whole house or bungalow: Detached,35,35,0,0,0
S01008563,Whole house or bungalow: Semi-detached,45,45,0,0,0
S01008563,Whole house or bungalow: Terraced (including end-terrace),61,59,2,0,2
S01008563,Flat maisonette or apartment or mobile/temporary accommodation,236,230,6,0,6
S01008564,All household spaces,323,315,8,1,7
S01008564,Whole house or bungalow: Total,246,243,3,0,3
S01008564,Whole house or bungalow: Detached,14,14,0,0,0
S01008564,Whole house or bungalow: Semi-detached,53,53,0,0,0
S01008564,Whole house or bungalow: Terraced (including end-terrace),179,176,3,0,3
S01008564,Flat maisonette or apartment or mobile/temporary accommodation,77,72,5,1,4
S01008565,All household spaces,419,414,5,0,5
S01008565,Whole house or bungalow: Total,292,288,4,0,4
S01008565,Whole house or bungalow: Detached,42,41,1,0,1
S01008565,Whole house or bungalow: Semi-detached,83,83,0,0,0
S01008565,Whole house or bungalow: Terraced (including end-terrace),167,164,3,0,3
S01008565,Flat maisonette or apartment or mobile/temporary accommodation,127,126,1,0,1
S01008566,All household spaces,436,433,3,0,3
S01008566,Whole house or bungalow: Total,368,365,3,0,3
S01008566,Whole house or bungalow: Detached,21,21,0,0,0
S01008566,Whole house or bungalow: Semi-detached,191,191,0,0,0
S01008566,Whole house or bungalow: Terraced (including end-terrace),156,153,3,0,3
S01008566,Flat maisonette or apartment or mobile/temporary accommodation,68,68,0,0,0
S01008567,All household spaces,295,289,6,0,6
S01008567,Whole house or bungalow: Total,257,251,6,0,6
S01008567,Whole house or bungalow: Detached,22,22,0,0,0
S01008567,Whole house or bungalow: Semi-detached,177,173,4,0,4
S01008567,Whole house or bungalow: Terraced (including end-terrace),58,56,2,0,2
S01008567,Flat maisonette or apartment or mobile/temporary accommodation,38,38,0,0,0
S01008568,All household spaces,359,350,9,2,7
S01008568,Whole house or bungalow: Total,330,322,8,1,7
S01008568,Whole house or bungalow: Detached,39,39,0,0,0
S01008568,Whole house or bungalow: Semi-detached,157,152,5,0,5
S01008568,Whole house or bungalow: Terraced (including end-terrace),134,131,3,1,2
S01008568,Flat maisonette or apartment or mobile/temporary accommodation,29,28,1,1,0
S01008569,All household spaces,415,400,15,1,14
S01008569,Whole house or bungalow: Total,23,23,0,0,0
S01008569,Whole house or bungalow: Detached,8,8,0,0,0
S01008569,Whole house or bungalow: Semi-detached,11,11,0,0,0
S01008569,Whole house or bungalow: Terraced (including end-terrace),4,4,0,0,0
S01008569,Flat maisonette or apartment or mobile/temporary accommodation,392,377,15,1,14
S01008570,All household spaces,426,426,0,0,0
S01008570,Whole house or bungalow: Total,235,235,0,0,0
S01008570,Whole house or bungalow: Detached,45,45,0,0,0
S01008570,Whole house or bungalow: Semi-detached,131,131,0,0,0
S01008570,Whole house or bungalow: Terraced (including end-terrace),59,59,0,0,0
S01008570,Flat maisonette or apartment or mobile/temporary accommodation,191,191,0,0,0
S01008571,All household spaces,327,323,4,0,4
S01008571,Whole house or bungalow: Total,253,250,3,0,3
S01008571,Whole house or bungalow: Detached,46,45,1,0,1
S01008571,Whole house or bungalow: Semi-detached,120,118,2,0,2
S01008571,Whole house or bungalow: Terraced (including end-terrace),87,87,0,0,0
S01008571,Flat maisonette or apartment or mobile/temporary accommodation,74,73,1,0,1
S01008572,All household spaces,352,346,6,1,5
S01008572,Whole house or bungalow: Total,267,266,1,0,1
S01008572,Whole house or bungalow: Detached,41,40,1,0,1
S01008572,Whole house or bungalow: Semi-detached,85,85,0,0,0
S01008572,Whole house or bungalow: Terraced (including end-terrace),141,141,0,0,0
S01008572,Flat maisonette or apartment or mobile/temporary accommodation,85,80,5,1,4
S01008573,All household spaces,323,321,2,0,2
S01008573,Whole house or bungalow: Total,271,270,1,0,1
S01008573,Whole house or bungalow: Detached,144,143,1,0,1
S01008573,Whole house or bungalow: Semi-detached,117,117,0,0,0
S01008573,Whole house or bungalow: Terraced (including end-terrace),10,10,0,0,0
S01008573,Flat maisonette or apartment or mobile/temporary accommodation,52,51,1,0,1
S01008574,All household spaces,295,293,2,2,0
S01008574,Whole house or bungalow: Total,245,243,2,2,0
S01008574,Whole house or bungalow: Detached,103,103,0,0,0
S01008574,Whole house or bungalow: Semi-detached,74,73,1,1,0
S01008574,Whole house or bungalow: Terraced (including end-terrace),68,67,1,1,0
S01008574,Flat maisonette or apartment or mobile/temporary accommodation,50,50,0,0,0
S01008575,All household spaces,336,335,1,0,1
S01008575,Whole house or bungalow: Total,249,248,1,0,1
S01008575,Whole house or bungalow: Detached,163,163,0,0,0
S01008575,Whole house or bungalow: Semi-detached,54,54,0,0,0
S01008575,Whole house or bungalow: Terraced (including end-terrace),32,31,1,0,1
S01008575,Flat maisonette or apartment or mobile/temporary accommodation,87,87,0,0,0
S01008576,All household spaces,388,386,2,0,2
S01008576,Whole house or bungalow: Total,250,249,1,0,1
S01008576,Whole house or bungalow: Detached,77,77,0,0,0
S01008576,Whole house or bungalow: Semi-detached,77,77,0,0,0
S01008576,Whole house or bungalow: Terraced (including end-terrace),96,95,1,0,1
S01008576,Flat maisonette or apartment or mobile/temporary accommodation,138,137,1,0,1
S01008577,All household spaces,373,363,10,2,8
S01008577,Whole house or bungalow: Total,275,271,4,1,3
S01008577,Whole house or bungalow: Detached,102,100,2,0,2
S01008577,Whole house or bungalow: Semi-detached,164,162,2,1,1
S01008577,Whole house or bungalow: Terraced (including end-terrace),9,9,0,0,0
S01008577,Flat maisonette or apartment or mobile/temporary accommodation,98,92,6,1,5
S01008578,All household spaces,294,291,3,0,3
S01008578,Whole house or bungalow: Total,257,255,2,0,2
S01008578,Whole house or bungalow: Detached,72,72,0,0,0
S01008578,Whole house or bungalow: Semi-detached,166,165,1,0,1
S01008578,Whole house or bungalow: Terraced (including end-terrace),19,18,1,0,1
S01008578,Flat maisonette or apartment or mobile/temporary accommodation,37,36,1,0,1
S01008579,All household spaces,309,301,8,1,7
S01008579,Whole house or bungalow: Total,269,262,7,1,6
S01008579,Whole house or bungalow: Detached,134,132,2,0,2
S01008579,Whole house or bungalow: Semi-detached,118,113,5,1,4
S01008579,Whole house or bungalow: Terraced (including end-terrace),17,17,0,0,0
S01008579,Flat maisonette or apartment or mobile/temporary accommodation,40,39,1,0,1
S01008580,All household spaces,263,261,2,0,2
S01008580,Whole house or bungalow: Total,209,208,1,0,1
S01008580,Whole house or bungalow: Detached,50,50,0,0,0
S01008580,Whole house or bungalow: Semi-detached,43,43,0,0,0
S01008580,Whole house or bungalow: Terraced (including end-terrace),116,115,1,0,1
S01008580,Flat maisonette or apartment or mobile/temporary accommodation,54,53,1,0,1
S01008581,All household spaces,473,464,9,1,8
S01008581,Whole house or bungalow: Total,248,243,5,1,4
S01008581,Whole house or bungalow: Detached,8,8,0,0,0
S01008581,Whole house or bungalow: Semi-detached,61,61,0,0,0
S01008581,Whole house or bungalow: Terraced (including end-terrace),179,174,5,1,4
S01008581,Flat maisonette or apartment or mobile/temporary accommodation,225,221,4,0,4
S01008582,All household spaces,494,486,8,0,8
S01008582,Whole house or bungalow: Total,278,275,3,0,3
S01008582,Whole house or bungalow: Detached,24,24,0,0,0
S01008582,Whole house or bungalow: Semi-detached,73,71,2,0,2
S01008582,Whole house or bungalow: Terraced (including end-terrace),181,180,1,0,1
S01008582,Flat maisonette or apartment or mobile/temporary accommodation,216,211,5,0,5
S01008583,All household spaces,355,352,3,0,3
S01008583,Whole house or bungalow: Total,176,174,2,0,2
S01008583,Whole house or bungalow: Detached,7,7,0,0,0
S01008583,Whole house or bungalow: Semi-detached,60,59,1,0,1
S01008583,Whole house or bungalow: Terraced (including end-terrace),109,108,1,0,1
S01008583,Flat maisonette or apartment or mobile/temporary accommodation,179,178,1,0,1
S01008584,All household spaces,400,394,6,2,4
S01008584,Whole house or bungalow: Total,178,175,3,2,1
S01008584,Whole house or bungalow: Detached,12,12,0,0,0
S01008584,Whole house or bungalow: Semi-detached,44,44,0,0,0
S01008584,Whole house or bungalow: Terraced (including end-terrace),122,119,3,2,1
S01008584,Flat maisonette or apartment or mobile/temporary accommodation,222,219,3,0,3
S01008585,All household spaces,250,249,1,1,0
S01008585,Whole house or bungalow: Total,135,135,0,0,0
S01008585,Whole house or bungalow: Detached,4,4,0,0,0
S01008585,Whole house or bungalow: Semi-detached,54,54,0,0,0
S01008585,Whole house or bungalow: Terraced (including end-terrace),77,77,0,0,0
S01008585,Flat maisonette or apartment or mobile/temporary accommodation,115,114,1,1,0
S01008586,All household spaces,367,360,7,0,7
S01008586,Whole house or bungalow: Total,270,265,5,0,5
S01008586,Whole house or bungalow: Detached,17,17,0,0,0
S01008586,Whole house or bungalow: Semi-detached,99,97,2,0,2
S01008586,Whole house or bungalow: Terraced (including end-terrace),154,151,3,0,3
S01008586,Flat maisonette or apartment or mobile/temporary accommodation,97,95,2,0,2
S01008587,All household spaces,321,316,5,2,3
S01008587,Whole house or bungalow: Total,220,215,5,2,3
S01008587,Whole house or bungalow: Detached,154,150,4,1,3
S01008587,Whole house or bungalow: Semi-detached,41,41,0,0,0
S01008587,Whole house or bungalow: Terraced (including end-terrace),25,24,1,1,0
S01008587,Flat maisonette or apartment or mobile/temporary accommodation,101,101,0,0,0
S01008588,All household spaces,351,344,7,0,7
S01008588,Whole house or bungalow: Total,139,135,4,0,4
S01008588,Whole house or bungalow: Detached,23,23,0,0,0
S01008588,Whole house or bungalow: Semi-detached,39,38,1,0,1
S01008588,Whole house or bungalow: Terraced (including end-terrace),77,74,3,0,3
S01008588,Flat maisonette or apartment or mobile/temporary accommodation,212,209,3,0,3
S01008589,All household spaces,180,172,8,7,1
S01008589,Whole house or bungalow: Total,96,92,4,4,0
S01008589,Whole house or bungalow: Detached,11,10,1,1,0
S01008589,Whole house or bungalow: Semi-detached,29,29,0,0,0
S01008589,Whole house or bungalow: Terraced (including end-terrace),56,53,3,3,0
S01008589,Flat maisonette or apartment or mobile/temporary accommodation,84,80,4,3,1
S01008590,All household spaces,441,413,28,7,21
S01008590,Whole house or bungalow: Total,88,88,0,0,0
S01008590,Whole house or bungalow: Detached,6,6,0,0,0
S01008590,Whole house or bungalow: Semi-detached,28,28,0,0,0
S01008590,Whole house or bungalow: Terraced (including end-terrace),54,54,0,0,0
S01008590,Flat maisonette or apartment or mobile/temporary accommodation,353,325,28,7,21
S01008591,All household spaces,335,327,8,1,7
S01008591,Whole house or bungalow: Total,142,138,4,0,4
S01008591,Whole house or bungalow: Detached,7,7,0,0,0
S01008591,Whole house or bungalow: Semi-detached,63,60,3,0,3
S01008591,Whole house or bungalow: Terraced (including end-terrace),72,71,1,0,1
S01008591,Flat maisonette or apartment or mobile/temporary accommodation,193,189,4,1,3
S01008592,All household spaces,374,356,18,0,18
S01008592,Whole house or bungalow: Total,193,190,3,0,3
S01008592,Whole house or bungalow: Detached,18,18,0,0,0
S01008592,Whole house or bungalow: Semi-detached,67,66,1,0,1
S01008592,Whole house or bungalow: Terraced (including end-terrace),108,106,2,0,2
S01008592,Flat maisonette or apartment or mobile/temporary accommodation,181,166,15,0,15
S01008593,All household spaces,313,309,4,2,2
S01008593,Whole house or bungalow: Total,194,193,1,0,1
S01008593,Whole house or bungalow: Detached,24,24,0,0,0
S01008593,Whole house or bungalow: Semi-detached,95,94,1,0,1
S01008593,Whole house or bungalow: Terraced (including end-terrace),75,75,0,0,0
S01008593,Flat maisonette or apartment or mobile/temporary accommodation,119,116,3,2,1
S01008594,All household spaces,437,428,9,4,5
S01008594,Whole house or bungalow: Total,165,160,5,3,2
S01008594,Whole house or bungalow: Detached,36,36,0,0,0
S01008594,Whole house or bungalow: Semi-detached,89,84,5,3,2
S01008594,Whole house or bungalow: Terraced (including end-terrace),40,40,0,0,0
S01008594,Flat maisonette or apartment or mobile/temporary accommodation,272,268,4,1,3
S01008595,All household spaces,516,508,8,2,6
S01008595,Whole house or bungalow: Total,144,142,2,0,2
S01008595,Whole house or bungalow: Detached,13,13,0,0,0
S01008595,Whole house or bungalow: Semi-detached,96,96,0,0,0
S01008595,Whole house or bungalow: Terraced (including end-terrace),35,33,2,0,2
S01008595,Flat maisonette or apartment or mobile/temporary accommodation,372,366,6,2,4
S01008596,All household spaces,463,455,8,0,8
S01008596,Whole house or bungalow: Total,65,63,2,0,2
S01008596,Whole house or bungalow: Detached,9,8,1,0,1
S01008596,Whole house or bungalow: Semi-detached,19,19,0,0,0
S01008596,Whole house or bungalow: Terraced (including end-terrace),37,36,1,0,1
S01008596,Flat maisonette or apartment or mobile/temporary accommodation,398,392,6,0,6
S01008597,All household spaces,391,388,3,2,1
S01008597,Whole house or bungalow: Total,331,330,1,0,1
S01008597,Whole house or bungalow: Detached,155,155,0,0,0
S01008597,Whole house or bungalow: Semi-detached,97,97,0,0,0
S01008597,Whole house or bungalow: Terraced (including end-terrace),79,78,1,0,1
S01008597,Flat maisonette or apartment or mobile/temporary accommodation,60,58,2,2,0
S01008598,All household spaces,331,329,2,0,2
S01008598,Whole house or bungalow: Total,55,55,0,0,0
S01008598,Whole house or bungalow: Detached,11,11,0,0,0
S01008598,Whole house or bungalow: Semi-detached,20,20,0,0,0
S01008598,Whole house or bungalow: Terraced (including end-terrace),24,24,0,0,0
S01008598,Flat maisonette or apartment or mobile/temporary accommodation,276,274,2,0,2
S01008599,All household spaces,371,366,5,0,5
S01008599,Whole house or bungalow: Total,141,139,2,0,2
S01008599,Whole house or bungalow: Detached,27,26,1,0,1
S01008599,Whole house or bungalow: Semi-detached,79,78,1,0,1
S01008599,Whole house or bungalow: Terraced (including end-terrace),35,35,0,0,0
S01008599,Flat maisonette or apartment or mobile/temporary accommodation,230,227,3,0,3
S01008600,All household spaces,313,306,7,2,5
S01008600,Whole house or bungalow: Total,114,111,3,0,3
S01008600,Whole house or bungalow: Detached,25,24,1,0,1
S01008600,Whole house or bungalow: Semi-detached,64,62,2,0,2
S01008600,Whole house or bungalow: Terraced (including end-terrace),25,25,0,0,0
S01008600,Flat maisonette or apartment or mobile/temporary accommodation,199,195,4,2,2
S01008601,All household spaces,329,314,15,1,14
S01008601,Whole house or bungalow: Total,55,55,0,0,0
S01008601,Whole house or bungalow: Detached,7,7,0,0,0
S01008601,Whole house or bungalow: Semi-detached,26,26,0,0,0
S01008601,Whole house or bungalow: Terraced (including end-terrace),22,22,0,0,0
S01008601,Flat maisonette or apartment or mobile/temporary accommodation,274,259,15,1,14
S01008602,All household spaces,331,323,8,5,3
S01008602,Whole house or bungalow: Total,21,21,0,0,0
S01008602,Whole house or bungalow: Detached,2,2,0,0,0
S01008602,Whole house or bungalow: Semi-detached,8,8,0,0,0
S01008602,Whole house or bungalow: Terraced (including end-terrace),11,11,0,0,0
S01008602,Flat maisonette or apartment or mobile/temporary accommodation,310,302,8,5,3
S01008603,All household spaces,558,544,14,4,10
S01008603,Whole house or bungalow: Total,11,10,1,0,1
S01008603,Whole house or bungalow: Detached,1,1,0,0,0
S01008603,Whole house or bungalow: Semi-detached,3,3,0,0,0
S01008603,Whole house or bungalow: Terraced (including end-terrace),7,6,1,0,1
S01008603,Flat maisonette or apartment or mobile/temporary accommodation,547,534,13,4,9
S01008604,All household spaces,430,418,12,8,4
S01008604,Whole house or bungalow: Total,93,88,5,3,2
S01008604,Whole house or bungalow: Detached,23,23,0,0,0
S01008604,Whole house or bungalow: Semi-detached,27,24,3,1,2
S01008604,Whole house or bungalow: Terraced (including end-terrace),43,41,2,2,0
S01008604,Flat maisonette or apartment or mobile/temporary accommodation,337,330,7,5,2
S01008605,All household spaces,339,337,2,0,2
S01008605,Whole house or bungalow: Total,51,51,0,0,0
S01008605,Whole house or bungalow: Detached,16,16,0,0,0
S01008605,Whole house or bungalow: Semi-detached,23,23,0,0,0
S01008605,Whole house or bungalow: Terraced (including end-terrace),12,12,0,0,0
S01008605,Flat maisonette or apartment or mobile/temporary accommodation,288,286,2,0,2
S01008606,All household spaces,295,287,8,5,3
S01008606,Whole house or bungalow: Total,124,122,2,2,0
S01008606,Whole house or bungalow: Detached,10,10,0,0,0
S01008606,Whole house or bungalow: Semi-detached,45,43,2,2,0
S01008606,Whole house or bungalow: Terraced (including end-terrace),69,69,0,0,0
S01008606,Flat maisonette or apartment or mobile/temporary accommodation,171,165,6,3,3
S01008607,All household spaces,291,283,8,1,7
S01008607,Whole house or bungalow: Total,151,147,4,1,3
S01008607,Whole house or bungalow: Detached,58,54,4,1,3
S01008607,Whole house or bungalow: Semi-detached,67,67,0,0,0
S01008607,Whole house or bungalow: Terraced (including end-terrace),26,26,0,0,0
S01008607,Flat maisonette or apartment or mobile/temporary accommodation,140,136,4,0,4
S01008608,All household spaces,332,326,6,3,3
S01008608,Whole house or bungalow: Total,82,79,3,2,1
S01008608,Whole house or bungalow: Detached,21,20,1,1,0
S01008608,Whole house or bungalow: Semi-detached,28,27,1,1,0
S01008608,Whole house or bungalow: Terraced (including end-terrace),33,32,1,0,1
S01008608,Flat maisonette or apartment or mobile/temporary accommodation,250,247,3,1,2
S01008609,All household spaces,421,410,11,2,9
S01008609,Whole house or bungalow: Total,162,160,2,0,2
S01008609,Whole house or bungalow: Detached,69,69,0,0,0
S01008609,Whole house or bungalow: Semi-detached,52,50,2,0,2
S01008609,Whole house or bungalow: Terraced (including end-terrace),41,41,0,0,0
S01008609,Flat maisonette or apartment or mobile/temporary accommodation,259,250,9,2,7
S01008610,All household spaces,433,416,17,7,10
S01008610,Whole house or bungalow: Total,97,95,2,1,1
S01008610,Whole house or bungalow: Detached,58,57,1,0,1
S01008610,Whole house or bungalow: Semi-detached,30,30,0,0,0
S01008610,Whole house or bungalow: Terraced (including end-terrace),9,8,1,1,0
S01008610,Flat maisonette or apartment or mobile/temporary accommodation,336,321,15,6,9
S01008611,All household spaces,602,592,10,2,8
S01008611,Whole house or bungalow: Total,71,71,0,0,0
S01008611,Whole house or bungalow: Detached,12,12,0,0,0
S01008611,Whole house or bungalow: Semi-detached,46,46,0,0,0
S01008611,Whole house or bungalow: Terraced (including end-terrace),13,13,0,0,0
S01008611,Flat maisonette or apartment or mobile/temporary accommodation,531,521,10,2,8
S01008612,All household spaces,387,376,11,1,10
S01008612,Whole house or bungalow: Total,10,10,0,0,0
S01008612,Whole house or bungalow: Detached,4,4,0,0,0
S01008612,Whole house or bungalow: Semi-detached,4,4,0,0,0
S01008612,Whole house or bungalow: Terraced (including end-terrace),2,2,0,0,0
S01008612,Flat maisonette or apartment or mobile/temporary accommodation,377,366,11,1,10
S01008613,All household spaces,375,371,4,3,1
S01008613,Whole house or bungalow: Total,83,82,1,1,0
S01008613,Whole house or bungalow: Detached,19,19,0,0,0
S01008613,Whole house or bungalow: Semi-detached,46,45,1,1,0
S01008613,Whole house or bungalow: Terraced (including end-terrace),18,18,0,0,0
S01008613,Flat maisonette or apartment or mobile/temporary accommodation,292,289,3,2,1
S01008614,All household spaces,317,307,10,1,9
S01008614,Whole house or bungalow: Total,27,24,3,0,3
S01008614,Whole house or bungalow: Detached,2,2,0,0,0
S01008614,Whole house or bungalow: Semi-detached,10,10,0,0,0
S01008614,Whole house or bungalow: Terraced (including end-terrace),15,12,3,0,3
S01008614,Flat maisonette or apartment or mobile/temporary accommodation,290,283,7,1,6
S01008615,All household spaces,335,331,4,2,2
S01008615,Whole house or bungalow: Total,35,33,2,1,1
S01008615,Whole house or bungalow: Detached,4,4,0,0,0
S01008615,Whole house or bungalow: Semi-detached,14,14,0,0,0
S01008615,Whole house or bungalow: Terraced (including end-terrace),17,15,2,1,1
S01008615,Flat maisonette or apartment or mobile/temporary accommodation,300,298,2,1,1
S01008616,All household spaces,260,259,1,1,0
S01008616,Whole house or bungalow: Total,6,6,0,0,0
S01008616,Whole house or bungalow: Detached,0,0,0,0,0
S01008616,Whole house or bungalow: Semi-detached,4,4,0,0,0
S01008616,Whole house or bungalow: Terraced (including end-terrace),2,2,0,0,0
S01008616,Flat maisonette or apartment or mobile/temporary accommodation,254,253,1,1,0
S01008617,All household spaces,288,281,7,4,3
S01008617,Whole house or bungalow: Total,23,23,0,0,0
S01008617,Whole house or bungalow: Detached,3,3,0,0,0
S01008617,Whole house or bungalow: Semi-detached,2,2,0,0,0
S01008617,Whole house or bungalow: Terraced (including end-terrace),18,18,0,0,0
S01008617,Flat maisonette or apartment or mobile/temporary accommodation,265,258,7,4,3
S01008618,All household spaces,273,267,6,0,6
S01008618,Whole house or bungalow: Total,7,7,0,0,0
S01008618,Whole house or bungalow: Detached,2,2,0,0,0
S01008618,Whole house or bungalow: Semi-detached,2,2,0,0,0
S01008618,Whole house or bungalow: Terraced (including end-terrace),3,3,0,0,0
S01008618,Flat maisonette or apartment or mobile/temporary accommodation,266,260,6,0,6
S01008619,All household spaces,209,203,6,0,6
S01008619,Whole house or bungalow: Total,2,2,0,0,0
S01008619,Whole house or bungalow: Detached,1,1,0,0,0
S01008619,Whole house or bungalow: Semi-detached,0,0,0,0,0
S01008619,Whole house or bungalow: Terraced (including end-terrace),1,1,0,0,0
S01008619,Flat maisonette or apartment or mobile/temporary accommodation,207,201,6,0,6
S01008620,All household spaces,296,290,6,2,4
S01008620,Whole house or bungalow: Total,5,5,0,0,0
S01008620,Whole house or bungalow: Detached,2,2,0,0,0
S01008620,Whole house or bungalow: Semi-detached,1,1,0,0,0
S01008620,Whole house or bungalow: Terraced (including end-terrace),2,2,0,0,0
S01008620,Flat maisonette or apartment or mobile/temporary accommodation,291,285,6,2,4
S01008621,All household spaces,281,272,9,5,4
S01008621,Whole house or bungalow: Total,11,7,4,3,1
S01008621,Whole house or bungalow: Detached,1,1,0,0,0
S01008621,Whole house or bungalow: Semi-detached,4,4,0,0,0
S01008621,Whole house or bungalow: Terraced (including end-terrace),6,2,4,3,1
S01008621,Flat maisonette or apartment or mobile/temporary accommodation,270,265,5,2,3
S01008622,All household spaces,208,200,8,5,3
S01008622,Whole house or bungalow: Total,6,3,3,2,1
S01008622,Whole house or bungalow: Detached,0,0,0,0,0
S01008622,Whole house or bungalow: Semi-detached,1,1,0,0,0
S01008622,Whole house or bungalow: Terraced (including end-terrace),5,2,3,2,1
S01008622,Flat maisonette or apartment or mobile/temporary accommodation,202,197,5,3,2
S01008623,All household spaces,361,343,18,10,8
S01008623,Whole house or bungalow: Total,43,37,6,2,4
S01008623,Whole house or bungalow: Detached,14,12,2,1,1
S01008623,Whole house or bungalow: Semi-detached,15,11,4,1,3
S01008623,Whole house or bungalow: Terraced (including end-terrace),14,14,0,0,0
S01008623,Flat maisonette or apartment or mobile/temporary accommodation,318,306,12,8,4
S01008624,All household spaces,353,346,7,2,5
S01008624,Whole house or bungalow: Total,120,118,2,0,2
S01008624,Whole house or bungalow: Detached,49,47,2,0,2
S01008624,Whole house or bungalow: Semi-detached,38,38,0,0,0
S01008624,Whole house or bungalow: Terraced (including end-terrace),33,33,0,0,0
S01008624,Flat maisonette or apartment or mobile/temporary accommodation,233,228,5,2,3
S01008625,All household spaces,244,239,5,1,4
S01008625,Whole house or bungalow: Total,186,183,3,1,2
S01008625,Whole house or bungalow: Detached,39,38,1,0,1
S01008625,Whole house or bungalow: Semi-detached,103,102,1,0,1
S01008625,Whole house or bungalow: Terraced (including end-terrace),44,43,1,1,0
S01008625,Flat maisonette or apartment or mobile/temporary accommodation,58,56,2,0,2
S01008626,All household spaces,399,388,11,4,7
S01008626,Whole house or bungalow: Total,164,161,3,0,3
S01008626,Whole house or bungalow: Detached,41,41,0,0,0
S01008626,Whole house or bungalow: Semi-detached,40,40,0,0,0
S01008626,Whole house or bungalow: Terraced (including end-terrace),83,80,3,0,3
S01008626,Flat maisonette or apartment or mobile/temporary accommodation,235,227,8,4,4
S01008627,All household spaces,258,256,2,1,1
S01008627,Whole house or bungalow: Total,139,138,1,0,1
S01008627,Whole house or bungalow: Detached,16,15,1,0,1
S01008627,Whole house or bungalow: Semi-detached,73,73,0,0,0
S01008627,Whole house or bungalow: Terraced (including end-terrace),50,50,0,0,0
S01008627,Flat maisonette or apartment or mobile/temporary accommodation,119,118,1,1,0
S01008628,All household spaces,276,262,14,4,10
S01008628,Whole house or bungalow: Total,39,38,1,0,1
S01008628,Whole house or bungalow: Detached,19,18,1,0,1
S01008628,Whole house or bungalow: Semi-detached,12,12,0,0,0
S01008628,Whole house or bungalow: Terraced (including end-terrace),8,8,0,0,0
S01008628,Flat maisonette or apartment or mobile/temporary accommodation,237,224,13,4,9
S01008629,All household spaces,311,301,10,5,5
S01008629,Whole house or bungalow: Total,20,20,0,0,0
S01008629,Whole house or bungalow: Detached,5,5,0,0,0
S01008629,Whole house or bungalow: Semi-detached,3,3,0,0,0
S01008629,Whole house or bungalow: Terraced (including end-terrace),12,12,0,0,0
S01008629,Flat maisonette or apartment or mobile/temporary accommodation,291,281,10,5,5
S01008630,All household spaces,288,277,11,4,7
S01008630,Whole house or bungalow: Total,16,16,0,0,0
S01008630,Whole house or bungalow: Detached,6,6,0,0,0
S01008630,Whole house or bungalow: Semi-detached,5,5,0,0,0
S01008630,Whole house or bungalow: Terraced (including end-terrace),5,5,0,0,0
S01008630,Flat maisonette or apartment or mobile/temporary accommodation,272,261,11,4,7
S01008631,All household spaces,475,453,22,3,19
S01008631,Whole house or bungalow: Total,45,45,0,0,0
S01008631,Whole house or bungalow: Detached,7,7,0,0,0
S01008631,Whole house or bungalow: Semi-detached,9,9,0,0,0
S01008631,Whole house or bungalow: Terraced (including end-terrace),29,29,0,0,0
S01008631,Flat maisonette or apartment or mobile/temporary accommodation,430,408,22,3,19
S01008632,All household spaces,430,420,10,5,5
S01008632,Whole house or bungalow: Total,29,29,0,0,0
S01008632,Whole house or bungalow: Detached,6,6,0,0,0
S01008632,Whole house or bungalow: Semi-detached,3,3,0,0,0
S01008632,Whole house or bungalow: Terraced (including end-terrace),20,20,0,0,0
S01008632,Flat maisonette or apartment or mobile/temporary accommodation,401,391,10,5,5
S01008633,All household spaces,467,452,15,4,11
S01008633,Whole house or bungalow: Total,125,124,1,0,1
S01008633,Whole house or bungalow: Detached,54,54,0,0,0
S01008633,Whole house or bungalow: Semi-detached,26,25,1,0,1
S01008633,Whole house or bungalow: Terraced (including end-terrace),45,45,0,0,0
S01008633,Flat maisonette or apartment or mobile/temporary accommodation,342,328,14,4,10
S01008634,All household spaces,285,276,9,3,6
S01008634,Whole house or bungalow: Total,61,59,2,0,2
S01008634,Whole house or bungalow: Detached,36,35,1,0,1
S01008634,Whole house or bungalow: Semi-detached,23,22,1,0,1
S01008634,Whole house or bungalow: Terraced (including end-terrace),2,2,0,0,0
S01008634,Flat maisonette or apartment or mobile/temporary accommodation,224,217,7,3,4
S01008635,All household spaces,371,362,9,4,5
S01008635,Whole house or bungalow: Total,64,59,5,3,2
S01008635,Whole house or bungalow: Detached,22,19,3,2,1
S01008635,Whole house or bungalow: Semi-detached,18,18,0,0,0
S01008635,Whole house or bungalow: Terraced (including end-terrace),24,22,2,1,1
S01008635,Flat maisonette or apartment or mobile/temporary accommodation,307,303,4,1,3
S01008636,All household spaces,375,367,8,3,5
S01008636,Whole house or bungalow: Total,73,72,1,1,0
S01008636,Whole house or bungalow: Detached,28,27,1,1,0
S01008636,Whole house or bungalow: Semi-detached,24,24,0,0,0
S01008636,Whole house or bungalow: Terraced (including end-terrace),21,21,0,0,0
S01008636,Flat maisonette or apartment or mobile/temporary accommodation,302,295,7,2,5
S01008637,All household spaces,317,309,8,2,6
S01008637,Whole house or bungalow: Total,59,54,5,1,4
S01008637,Whole house or bungalow: Detached,28,25,3,0,3
S01008637,Whole house or bungalow: Semi-detached,17,16,1,1,0
S01008637,Whole house or bungalow: Terraced (including end-terrace),14,13,1,0,1
S01008637,Flat maisonette or apartment or mobile/temporary accommodation,258,255,3,1,2
S01008638,All household spaces,352,344,8,0,8
S01008638,Whole house or bungalow: Total,41,41,0,0,0
S01008638,Whole house or bungalow: Detached,3,3,0,0,0
S01008638,Whole house or bungalow: Semi-detached,4,4,0,0,0
S01008638,Whole house or bungalow: Terraced (including end-terrace),34,34,0,0,0
S01008638,Flat maisonette or apartment or mobile/temporary accommodation,311,303,8,0,8
S01008639,All household spaces,444,430,14,1,13
S01008639,Whole house or bungalow: Total,55,49,6,0,6
S01008639,Whole house or bungalow: Detached,7,7,0,0,0
S01008639,Whole house or bungalow: Semi-detached,14,14,0,0,0
S01008639,Whole house or bungalow: Terraced (including end-terrace),34,28,6,0,6
S01008639,Flat maisonette or apartment or mobile/temporary accommodation,389,381,8,1,7
S01008640,All household spaces,357,351,6,1,5
S01008640,Whole house or bungalow: Total,24,24,0,0,0
S01008640,Whole house or bungalow: Detached,3,3,0,0,0
S01008640,Whole house or bungalow: Semi-detached,5,5,0,0,0
S01008640,Whole house or bungalow: Terraced (including end-terrace),16,16,0,0,0
S01008640,Flat maisonette or apartment or mobile/temporary accommodation,333,327,6,1,5
S01008641,All household spaces,372,351,21,4,17
S01008641,Whole house or bungalow: Total,4,4,0,0,0
S01008641,Whole house or bungalow: Detached,1,1,0,0,0
S01008641,Whole house or bungalow: Semi-detached,1,1,0,0,0
S01008641,Whole house or bungalow: Terraced (including end-terrace),2,2,0,0,0
S01008641,Flat maisonette or apartment or mobile/temporary accommodation,368,347,21,4,17
S01008642,All household spaces,437,433,4,1,3
S01008642,Whole house or bungalow: Total,68,68,0,0,0
S01008642,Whole house or bungalow: Detached,21,21,0,0,0
S01008642,Whole house or bungalow: Semi-detached,20,20,0,0,0
S01008642,Whole house or bungalow: Terraced (including end-terrace),27,27,0,0,0
S01008642,Flat maisonette or apartment or mobile/temporary accommodation,369,365,4,1,3
S01008643,All household spaces,330,323,7,1,6
S01008643,Whole house or bungalow: Total,56,52,4,1,3
S01008643,Whole house or bungalow: Detached,3,2,1,0,1
S01008643,Whole house or bungalow: Semi-detached,10,10,0,0,0
S01008643,Whole house or bungalow: Terraced (including end-terrace),43,40,3,1,2
S01008643,Flat maisonette or apartment or mobile/temporary accommodation,274,271,3,0,3
S01008644,All household spaces,392,386,6,2,4
S01008644,Whole house or bungalow: Total,27,25,2,0,2
S01008644,Whole house or bungalow: Detached,2,2,0,0,0
S01008644,Whole house or bungalow: Semi-detached,8,8,0,0,0
S01008644,Whole house or bungalow: Terraced (including end-terrace),17,15,2,0,2
S01008644,Flat maisonette or apartment or mobile/temporary accommodation,365,361,4,2,2
S01008645,All household spaces,365,360,5,2,3
S01008645,Whole house or bungalow: Total,26,24,2,2,0
S01008645,Whole house or bungalow: Detached,6,6,0,0,0
S01008645,Whole house or bungalow: Semi-detached,4,4,0,0,0
S01008645,Whole house or bungalow: Terraced (including end-terrace),16,14,2,2,0
S01008645,Flat maisonette or apartment or mobile/temporary accommodation,339,336,3,0,3
S01008646,All household spaces,461,453,8,1,7
S01008646,Whole house or bungalow: Total,56,55,1,0,1
S01008646,Whole house or bungalow: Detached,3,3,0,0,0
S01008646,Whole house or bungalow: Semi-detached,12,12,0,0,0
S01008646,Whole house or bungalow: Terraced (including end-terrace),41,40,1,0,1
S01008646,Flat maisonette or apartment or mobile/temporary accommodation,405,398,7,1,6
S01008647,All household spaces,338,330,8,1,7
S01008647,Whole house or bungalow: Total,24,23,1,0,1
S01008647,Whole house or bungalow: Detached,1,1,0,0,0
S01008647,Whole house or bungalow: Semi-detached,5,5,0,0,0
S01008647,Whole house or bungalow: Terraced (including end-terrace),18,17,1,0,1
S01008647,Flat maisonette or apartment or mobile/temporary accommodation,314,307,7,1,6
S01008648,All household spaces,356,339,17,0,17
S01008648,Whole house or bungalow: Total,8,8,0,0,0
S01008648,Whole house or bungalow: Detached,2,2,0,0,0
S01008648,Whole house or bungalow: Semi-detached,1,1,0,0,0
S01008648,Whole house or bungalow: Terraced (including end-terrace),5,5,0,0,0
S01008648,Flat maisonette or apartment or mobile/temporary accommodation,348,331,17,0,17
S01008649,All household spaces,581,560,21,0,21
S01008649,Whole house or bungalow: Total,5,4,1,0,1
S01008649,Whole house or bungalow: Detached,2,1,1,0,1
S01008649,Whole house or bungalow: Semi-detached,0,0,0,0,0
S01008649,Whole house or bungalow: Terraced (including end-terrace),3,3,0,0,0
S01008649,Flat maisonette or apartment or mobile/temporary accommodation,576,556,20,0,20
S01008650,All household spaces,493,470,23,2,21
S01008650,Whole house or bungalow: Total,8,5,3,0,3
S01008650,Whole house or bungalow: Detached,2,0,2,0,2
S01008650,Whole house or bungalow: Semi-detached,3,3,0,0,0
S01008650,Whole house or bungalow: Terraced (including end-terrace),3,2,1,0,1
S01008650,Flat maisonette or apartment or mobile/temporary accommodation,485,465,20,2,18
S01008651,All household spaces,505,497,8,2,6
S01008651,Whole house or bungalow: Total,8,8,0,0,0
S01008651,Whole house or bungalow: Detached,0,0,0,0,0
S01008651,Whole house or bungalow: Semi-detached,3,3,0,0,0
S01008651,Whole house or bungalow: Terraced (including end-terrace),5,5,0,0,0
S01008651,Flat maisonette or apartment or mobile/temporary accommodation,497,489,8,2,6
S01008652,All household spaces,407,387,20,8,12
S01008652,Whole house or bungalow: Total,9,7,2,2,0
S01008652,Whole house or bungalow: Detached,0,0,0,0,0
S01008652,Whole house or bungalow: Semi-detached,0,0,0,0,0
S01008652,Whole house or bungalow: Terraced (including end-terrace),9,7,2,2,0
S01008652,Flat maisonette or apartment or mobile/temporary accommodation,398,380,18,6,12
S01008653,All household spaces,411,402,9,0,9
S01008653,Whole house or bungalow: Total,16,16,0,0,0
S01008653,Whole house or bungalow: Detached,2,2,0,0,0
S01008653,Whole house or bungalow: Semi-detached,5,5,0,0,0
S01008653,Whole house or bungalow: Terraced (including end-terrace),9,9,0,0,0
S01008653,Flat maisonette or apartment or mobile/temporary accommodation,395,386,9,0,9
S01008654,All household spaces,597,585,12,3,9
S01008654,Whole house or bungalow: Total,6,6,0,0,0
S01008654,Whole house or bungalow: Detached,2,2,0,0,0
S01008654,Whole house or bungalow: Semi-detached,2,2,0,0,0
S01008654,Whole house or bungalow: Terraced (including end-terrace),2,2,0,0,0
S01008654,Flat maisonette or apartment or mobile/temporary accommodation,591,579,12,3,9
S01008655,All household spaces,465,442,23,4,19
S01008655,Whole house or bungalow: Total,15,14,1,0,1
S01008655,Whole house or bungalow: Detached,8,8,0,0,0
S01008655,Whole house or bungalow: Semi-detached,0,0,0,0,0
S01008655,Whole house or bungalow: Terraced (including end-terrace),7,6,1,0,1
S01008655,Flat maisonette or apartment or mobile/temporary accommodation,450,428,22,4,18
S01008656,All household spaces,433,426,7,3,4
S01008656,Whole house or bungalow: Total,4,4,0,0,0
S01008656,Whole house or bungalow: Detached,1,1,0,0,0
S01008656,Whole house or bungalow: Semi-detached,1,1,0,0,0
S01008656,Whole house or bungalow: Terraced (including end-terrace),2,2,0,0,0
S01008656,Flat maisonette or apartment or mobile/temporary accommodation,429,422,7,3,4
S01008657,All household spaces,368,361,7,0,7
S01008657,Whole house or bungalow: Total,76,76,0,0,0
S01008657,Whole house or bungalow: Detached,2,2,0,0,0
S01008657,Whole house or bungalow: Semi-detached,4,4,0,0,0
S01008657,Whole house or bungalow: Terraced (including end-terrace),70,70,0,0,0
S01008657,Flat maisonette or apartment or mobile/temporary accommodation,292,285,7,0,7
S01008658,All household spaces,619,555,64,2,62
S01008658,Whole house or bungalow: Total,27,25,2,1,1
S01008658,Whole house or bungalow: Detached,2,2,0,0,0
S01008658,Whole house or bungalow: Semi-detached,3,3,0,0,0
S01008658,Whole house or bungalow: Terraced (including end-terrace),22,20,2,1,1
S01008658,Flat maisonette or apartment or mobile/temporary accommodation,592,530,62,1,61
S01008659,All household spaces,488,446,42,25,17
S01008659,Whole house or bungalow: Total,14,12,2,1,1
S01008659,Whole house or bungalow: Detached,0,0,0,0,0
S01008659,Whole house or bungalow: Semi-detached,3,3,0,0,0
S01008659,Whole house or bungalow: Terraced (including end-terrace),11,9,2,1,1
S01008659,Flat maisonette or apartment or mobile/temporary accommodation,474,434,40,24,16
S01008660,All household spaces,484,444,40,16,24
S01008660,Whole house or bungalow: Total,41,29,12,0,12
S01008660,Whole house or bungalow: Detached,2,2,0,0,0
S01008660,Whole house or bungalow: Semi-detached,6,5,1,0,1
S01008660,Whole house or bungalow: Terraced (including end-terrace),33,22,11,0,11
S01008660,Flat maisonette or apartment or mobile/temporary accommodation,443,415,28,16,12
S01008661,All household spaces,457,437,20,3,17
S01008661,Whole house or bungalow: Total,10,10,0,0,0
S01008661,Whole house or bungalow: Detached,2,2,0,0,0
S01008661,Whole house or bungalow: Semi-detached,5,5,0,0,0
S01008661,Whole house or bungalow: Terraced (including end-terrace),3,3,0,0,0
S01008661,Flat maisonette or apartment or mobile/temporary accommodation,447,427,20,3,17
S01008662,All household spaces,295,276,19,12,7
S01008662,Whole house or bungalow: Total,2,2,0,0,0
S01008662,Whole house or bungalow: Detached,1,1,0,0,0
S01008662,Whole house or bungalow: Semi-detached,0,0,0,0,0
S01008662,Whole house or bungalow: Terraced (including end-terrace),1,1,0,0,0
S01008662,Flat maisonette or apartment or mobile/temporary accommodation,293,274,19,12,7
S01008663,All household spaces,453,434,19,2,17
S01008663,Whole house or bungalow: Total,9,9,0,0,0
S01008663,Whole house or bungalow: Detached,3,3,0,0,0
S01008663,Whole house or bungalow: Semi-detached,3,3,0,0,0
S01008663,Whole house or bungalow: Terraced (including end-terrace),3,3,0,0,0
S01008663,Flat maisonette or apartment or mobile/temporary accommodation,444,425,19,2,17
S01008664,All household spaces,403,396,7,2,5
S01008664,Whole house or bungalow: Total,11,11,0,0,0
S01008664,Whole house or bungalow: Detached,2,2,0,0,0
S01008664,Whole house or bungalow: Semi-detached,0,0,0,0,0
S01008664,Whole house or bungalow: Terraced (including end-terrace),9,9,0,0,0
S01008664,Flat maisonette or apartment or mobile/temporary accommodation,392,385,7,2,5
S01008665,All household spaces,538,524,14,6,8
S01008665,Whole house or bungalow: Total,26,25,1,0,1
S01008665,Whole house or bungalow: Detached,3,3,0,0,0
S01008665,Whole house or bungalow: Semi-detached,4,4,0,0,0
S01008665,Whole house or bungalow: Terraced (including end-terrace),19,18,1,0,1
S01008665,Flat maisonette or apartment or mobile/temporary accommodation,512,499,13,6,7
S01008666,All household spaces,327,311,16,5,11
S01008666,Whole house or bungalow: Total,5,5,0,0,0
S01008666,Whole house or bungalow: Detached,1,1,0,0,0
S01008666,Whole house or bungalow: Semi-detached,2,2,0,0,0
S01008666,Whole house or bungalow: Terraced (including end-terrace),2,2,0,0,0
S01008666,Flat maisonette or apartment or mobile/temporary accommodation,322,306,16,5,11
S01008667,All household spaces,313,308,5,2,3
S01008667,Whole house or bungalow: Total,8,8,0,0,0
S01008667,Whole house or bungalow: Detached,1,1,0,0,0
S01008667,Whole house or bungalow: Semi-detached,0,0,0,0,0
S01008667,Whole house or bungalow: Terraced (including end-terrace),7,7,0,0,0
S01008667,Flat maisonette or apartment or mobile/temporary accommodation,305,300,5,2,3
S01008668,All household spaces,288,280,8,1,7
S01008668,Whole house or bungalow: Total,4,4,0,0,0
S01008668,Whole house or bungalow: Detached,1,1,0,0,0
S01008668,Whole house or bungalow: Semi-detached,1,1,0,0,0
S01008668,Whole house or bungalow: Terraced (including end-terrace),2,2,0,0,0
S01008668,Flat maisonette or apartment or mobile/temporary accommodation,284,276,8,1,7
S01008669,All household spaces,173,173,0,0,0
S01008669,Whole house or bungalow: Total,1,1,0,0,0
S01008669,Whole house or bungalow: Detached,0,0,0,0,0
S01008669,Whole house or bungalow: Semi-detached,0,0,0,0,0
S01008669,Whole house or bungalow: Terraced (including end-terrace),1,1,0,0,0
S01008669,Flat maisonette or apartment or mobile/temporary accommodation,172,172,0,0,0
S01008670,All household spaces,268,260,8,1,7
S01008670,Whole house or bungalow: Total,9,8,1,0,1
S01008670,Whole house or bungalow: Detached,2,2,0,0,0
S01008670,Whole house or bungalow: Semi-detached,3,3,0,0,0
S01008670,Whole house or bungalow: Terraced (including end-terrace),4,3,1,0,1
S01008670,Flat maisonette or apartment or mobile/temporary accommodation,259,252,7,1,6
S01008671,All household spaces,340,331,9,2,7
S01008671,Whole house or bungalow: Total,4,4,0,0,0
S01008671,Whole house or bungalow: Detached,0,0,0,0,0
S01008671,Whole house or bungalow: Semi-detached,1,1,0,0,0
S01008671,Whole house or bungalow: Terraced (including end-terrace),3,3,0,0,0
S01008671,Flat maisonette or apartment or mobile/temporary accommodation,336,327,9,2,7
S01008672,All household spaces,344,341,3,0,3
S01008672,Whole house or bungalow: Total,17,17,0,0,0
S01008672,Whole house or bungalow: Detached,1,1,0,0,0
S01008672,Whole house or bungalow: Semi-detached,5,5,0,0,0
S01008672,Whole house or bungalow: Terraced (including end-terrace),11,11,0,0,0
S01008672,Flat maisonette or apartment or mobile/temporary accommodation,327,324,3,0,3
S01008673,All household spaces,703,649,54,20,34
S01008673,Whole house or bungalow: Total,9,8,1,1,0
S01008673,Whole house or bungalow: Detached,3,3,0,0,0
S01008673,Whole house or bungalow: Semi-detached,3,2,1,1,0
S01008673,Whole house or bungalow: Terraced (including end-terrace),3,3,0,0,0
S01008673,Flat maisonette or apartment or mobile/temporary accommodation,694,641,53,19,34
S01008674,All household spaces,431,413,18,9,9
S01008674,Whole house or bungalow: Total,7,6,1,1,0
S01008674,Whole house or bungalow: Detached,3,3,0,0,0
S01008674,Whole house or bungalow: Semi-detached,0,0,0,0,0
S01008674,Whole house or bungalow: Terraced (including end-terrace),4,3,1,1,0
S01008674,Flat maisonette or apartment or mobile/temporary accommodation,424,407,17,8,9
S01008675,All household spaces,548,476,72,64,8
S01008675,Whole house or bungalow: Total,21,18,3,1,2
S01008675,Whole house or bungalow: Detached,2,2,0,0,0
S01008675,Whole house or bungalow: Semi-detached,6,6,0,0,0
S01008675,Whole house or bungalow: Terraced (including end-terrace),13,10,3,1,2
S01008675,Flat maisonette or apartment or mobile/temporary accommodation,527,458,69,63,6
S01008676,All household spaces,416,338,78,64,14
S01008676,Whole house or bungalow: Total,39,35,4,1,3
S01008676,Whole house or bungalow: Detached,8,7,1,0,1
S01008676,Whole house or bungalow: Semi-detached,7,7,0,0,0
S01008676,Whole house or bungalow: Terraced (including end-terrace),24,21,3,1,2
S01008676,Flat maisonette or apartment or mobile/temporary accommodation,377,303,74,63,11
S01008677,All household spaces,508,420,88,48,40
S01008677,Whole house or bungalow: Total,13,10,3,3,0
S01008677,Whole house or bungalow: Detached,2,1,1,1,0
S01008677,Whole house or bungalow: Semi-detached,1,1,0,0,0
S01008677,Whole house or bungalow: Terraced (including end-terrace),10,8,2,2,0
S01008677,Flat maisonette or apartment or mobile/temporary accommodation,495,410,85,45,40
S01008678,All household spaces,416,393,23,17,6
S01008678,Whole house or bungalow: Total,10,9,1,0,1
S01008678,Whole house or bungalow: Detached,4,3,1,0,1
S01008678,Whole house or bungalow: Semi-detached,1,1,0,0,0
S01008678,Whole house or bungalow: Terraced (including end-terrace),5,5,0,0,0
S01008678,Flat maisonette or apartment or mobile/temporary accommodation,406,384,22,17,5
S01008679,All household spaces,571,546,25,15,10
S01008679,Whole house or bungalow: Total,12,12,0,0,0
S01008679,Whole house or bungalow: Detached,3,3,0,0,0
S01008679,Whole house or bungalow: Semi-detached,3,3,0,0,0
S01008679,Whole house or bungalow: Terraced (including end-terrace),6,6,0,0,0
S01008679,Flat maisonette or apartment or mobile/temporary accommodation,559,534,25,15,10
S01008680,All household spaces,345,326,19,10,9
S01008680,Whole house or bungalow: Total,8,6,2,1,1
S01008680,Whole house or bungalow: Detached,1,1,0,0,0
S01008680,Whole house or bungalow: Semi-detached,1,1,0,0,0
S01008680,Whole house or bungalow: Terraced (including end-terrace),6,4,2,1,1
S01008680,Flat maisonette or apartment or mobile/temporary accommodation,337,320,17,9,8
S01008681,All household spaces,547,540,7,4,3
S01008681,Whole house or bungalow: Total,12,10,2,1,1
S01008681,Whole house or bungalow: Detached,1,1,0,0,0
S01008681,Whole house or bungalow: Semi-detached,2,2,0,0,0
S01008681,Whole house or bungalow: Terraced (including end-terrace),9,7,2,1,1
S01008681,Flat maisonette or apartment or mobile/temporary accommodation,535,530,5,3,2
S01008682,All household spaces,438,431,7,2,5
S01008682,Whole house or bungalow: Total,27,27,0,0,0
S01008682,Whole house or bungalow: Detached,3,3,0,0,0
S01008682,Whole house or bungalow: Semi-detached,4,4,0,0,0
S01008682,Whole house or bungalow: Terraced (including end-terrace),20,20,0,0,0
S01008682,Flat maisonette or apartment or mobile/temporary accommodation,411,404,7,2,5
S01008683,All household spaces,596,576,20,1,19
S01008683,Whole house or bungalow: Total,43,43,0,0,0
S01008683,Whole house or bungalow: Detached,7,7,0,0,0
S01008683,Whole house or bungalow: Semi-detached,5,5,0,0,0
S01008683,Whole house or bungalow: Terraced (including end-terrace),31,31,0,0,0
S01008683,Flat maisonette or apartment or mobile/temporary accommodation,553,533,20,1,19
S01008684,All household spaces,578,532,46,32,14
S01008684,Whole house or bungalow: Total,21,19,2,0,2
S01008684,Whole house or bungalow: Detached,4,3,1,0,1
S01008684,Whole house or bungalow: Semi-detached,4,3,1,0,1
S01008684,Whole house or bungalow: Terraced (including end-terrace),13,13,0,0,0
S01008684,Flat maisonette or apartment or mobile/temporary accommodation,557,513,44,32,12
S01008685,All household spaces,537,489,48,32,16
S01008685,Whole house or bungalow: Total,52,44,8,7,1
S01008685,Whole house or bungalow: Detached,7,7,0,0,0
S01008685,Whole house or bungalow: Semi-detached,7,6,1,1,0
S01008685,Whole house or bungalow: Terraced (including end-terrace),38,31,7,6,1
S01008685,Flat maisonette or apartment or mobile/temporary accommodation,485,445,40,25,15
S01008686,All household spaces,596,585,11,4,7
S01008686,Whole house or bungalow: Total,9,8,1,1,0
S01008686,Whole house or bungalow: Detached,1,0,1,1,0
S01008686,Whole house or bungalow: Semi-detached,5,5,0,0,0
S01008686,Whole house or bungalow: Terraced (including end-terrace),3,3,0,0,0
S01008686,Flat maisonette or apartment or mobile/temporary accommodation,587,577,10,3,7
S01008687,All household spaces,427,419,8,2,6
S01008687,Whole house or bungalow: Total,16,15,1,0,1
S01008687,Whole house or bungalow: Detached,4,4,0,0,0
S01008687,Whole house or bungalow: Semi-detached,5,5,0,0,0
S01008687,Whole house or bungalow: Terraced (including end-terrace),7,6,1,0,1
S01008687,Flat maisonette or apartment or mobile/temporary accommodation,411,404,7,2,5
S01008688,All household spaces,475,457,18,5,13
S01008688,Whole house or bungalow: Total,43,42,1,0,1
S01008688,Whole house or bungalow: Detached,4,3,1,0,1
S01008688,Whole house or bungalow: Semi-detached,13,13,0,0,0
S01008688,Whole house or bungalow: Terraced (including end-terrace),26,26,0,0,0
S01008688,Flat maisonette or apartment or mobile/temporary accommodation,432,415,17,5,12
S01008689,All household spaces,556,548,8,0,8
S01008689,Whole house or bungalow: Total,52,51,1,0,1
S01008689,Whole house or bungalow: Detached,2,2,0,0,0
S01008689,Whole house or bungalow: Semi-detached,3,3,0,0,0
S01008689,Whole house or bungalow: Terraced (including end-terrace),47,46,1,0,1
S01008689,Flat maisonette or apartment or mobile/temporary accommodation,504,497,7,0,7
S01008690,All household spaces,605,598,7,3,4
S01008690,Whole house or bungalow: Total,99,99,0,0,0
S01008690,Whole house or bungalow: Detached,1,1,0,0,0
S01008690,Whole house or bungalow: Semi-detached,4,4,0,0,0
S01008690,Whole house or bungalow: Terraced (including end-terrace),94,94,0,0,0
S01008690,Flat maisonette or apartment or mobile/temporary accommodation,506,499,7,3,4
S01008691,All household spaces,699,678,21,6,15
S01008691,Whole house or bungalow: Total,13,12,1,0,1
S01008691,Whole house or bungalow: Detached,2,2,0,0,0
S01008691,Whole house or bungalow: Semi-detached,6,5,1,0,1
S01008691,Whole house or bungalow: Terraced (including end-terrace),5,5,0,0,0
S01008691,Flat maisonette or apartment or mobile/temporary accommodation,686,666,20,6,14
S01008692,All household spaces,409,391,18,1,17
S01008692,Whole house or bungalow: Total,31,31,0,0,0
S01008692,Whole house or bungalow: Detached,0,0,0,0,0
S01008692,Whole house or bungalow: Semi-detached,22,22,0,0,0
S01008692,Whole house or bungalow: Terraced (including end-terrace),9,9,0,0,0
S01008692,Flat maisonette or apartment or mobile/temporary accommodation,378,360,18,1,17
S01008693,All household spaces,228,224,4,0,4
S01008693,Whole house or bungalow: Total,187,184,3,0,3
S01008693,Whole house or bungalow: Detached,9,8,1,0,1
S01008693,Whole house or bungalow: Semi-detached,167,167,0,0,0
S01008693,Whole house or bungalow: Terraced (including end-terrace),11,9,2,0,2
S01008693,Flat maisonette or apartment or mobile/temporary accommodation,41,40,1,0,1
S01008694,All household spaces,544,537,7,2,5
S01008694,Whole house or bungalow: Total,79,78,1,0,1
S01008694,Whole house or bungalow: Detached,1,1,0,0,0
S01008694,Whole house or bungalow: Semi-detached,16,16,0,0,0
S01008694,Whole house or bungalow: Terraced (including end-terrace),62,61,1,0,1
S01008694,Flat maisonette or apartment or mobile/temporary accommodation,465,459,6,2,4
S01008695,All household spaces,345,338,7,1,6
S01008695,Whole house or bungalow: Total,116,113,3,0,3
S01008695,Whole house or bungalow: Detached,8,8,0,0,0
S01008695,Whole house or bungalow: Semi-detached,33,33,0,0,0
S01008695,Whole house or bungalow: Terraced (including end-terrace),75,72,3,0,3
S01008695,Flat maisonette or apartment or mobile/temporary accommodation,229,225,4,1,3
S01008696,All household spaces,287,285,2,0,2
S01008696,Whole house or bungalow: Total,204,203,1,0,1
S01008696,Whole house or bungalow: Detached,3,3,0,0,0
S01008696,Whole house or bungalow: Semi-detached,24,23,1,0,1
S01008696,Whole house or bungalow: Terraced (including end-terrace),177,177,0,0,0
S01008696,Flat maisonette or apartment or mobile/temporary accommodation,83,82,1,0,1
S01008697,All household spaces,458,453,5,0,5
S01008697,Whole house or bungalow: Total,312,308,4,0,4
S01008697,Whole house or bungalow: Detached,113,110,3,0,3
S01008697,Whole house or bungalow: Semi-detached,128,128,0,0,0
S01008697,Whole house or bungalow: Terraced (including end-terrace),71,70,1,0,1
S01008697,Flat maisonette or apartment or mobile/temporary accommodation,146,145,1,0,1
S01008698,All household spaces,215,209,6,1,5
S01008698,Whole house or bungalow: Total,183,177,6,1,5
S01008698,Whole house or bungalow: Detached,64,62,2,0,2
S01008698,Whole house or bungalow: Semi-detached,95,92,3,1,2
S01008698,Whole house or bungalow: Terraced (including end-terrace),24,23,1,0,1
S01008698,Flat maisonette or apartment or mobile/temporary accommodation,32,32,0,0,0
S01008699,All household spaces,481,470,11,0,11
S01008699,Whole house or bungalow: Total,116,114,2,0,2
S01008699,Whole house or bungalow: Detached,30,28,2,0,2
S01008699,Whole house or bungalow: Semi-detached,31,31,0,0,0
S01008699,Whole house or bungalow: Terraced (including end-terrace),55,55,0,0,0
S01008699,Flat maisonette or apartment or mobile/temporary accommodation,365,356,9,0,9
S01008700,All household spaces,252,248,4,2,2
S01008700,Whole house or bungalow: Total,181,180,1,1,0
S01008700,Whole house or bungalow: Detached,110,109,1,1,0
S01008700,Whole house or bungalow: Semi-detached,33,33,0,0,0
S01008700,Whole house or bungalow: Terraced (including end-terrace),38,38,0,0,0
S01008700,Flat maisonette or apartment or mobile/temporary accommodation,71,68,3,1,2
S01008701,All household spaces,215,200,15,0,15
S01008701,Whole house or bungalow: Total,75,73,2,0,2
S01008701,Whole house or bungalow: Detached,10,10,0,0,0
S01008701,Whole house or bungalow: Semi-detached,22,22,0,0,0
S01008701,Whole house or bungalow: Terraced (including end-terrace),43,41,2,0,2
S01008701,Flat maisonette or apartment or mobile/temporary accommodation,140,127,13,0,13
S01008702,All household spaces,338,312,26,1,25
S01008702,Whole house or bungalow: Total,24,23,1,0,1
S01008702,Whole house or bungalow: Detached,10,9,1,0,1
S01008702,Whole house or bungalow: Semi-detached,5,5,0,0,0
S01008702,Whole house or bungalow: Terraced (including end-terrace),9,9,0,0,0
S01008702,Flat maisonette or apartment or mobile/temporary accommodation,314,289,25,1,24
S01008703,All household spaces,461,456,5,0,5
S01008703,Whole house or bungalow: Total,126,124,2,0,2
S01008703,Whole house or bungalow: Detached,15,15,0,0,0
S01008703,Whole house or bungalow: Semi-detached,44,42,2,0,2
S01008703,Whole house or bungalow: Terraced (including end-terrace),67,67,0,0,0
S01008703,Flat maisonette or apartment or mobile/temporary accommodation,335,332,3,0,3
S01008704,All household spaces,329,307,22,0,22
S01008704,Whole house or bungalow: Total,201,192,9,0,9
S01008704,Whole house or bungalow: Detached,25,25,0,0,0
S01008704,Whole house or bungalow: Semi-detached,48,47,1,0,1
S01008704,Whole house or bungalow: Terraced (including end-terrace),128,120,8,0,8
S01008704,Flat maisonette or apartment or mobile/temporary accommodation,128,115,13,0,13
S01008705,All household spaces,239,236,3,0,3
S01008705,Whole house or bungalow: Total,82,81,1,0,1
S01008705,Whole house or bungalow: Detached,11,11,0,0,0
S01008705,Whole house or bungalow: Semi-detached,23,23,0,0,0
S01008705,Whole house or bungalow: Terraced (including end-terrace),48,47,1,0,1
S01008705,Flat maisonette or apartment or mobile/temporary accommodation,157,155,2,0,2
S01008706,All household spaces,252,243,9,0,9
S01008706,Whole house or bungalow: Total,130,125,5,0,5
S01008706,Whole house or bungalow: Detached,15,15,0,0,0
S01008706,Whole house or bungalow: Semi-detached,54,54,0,0,0
S01008706,Whole house or bungalow: Terraced (including end-terrace),61,56,5,0,5
S01008706,Flat maisonette or apartment or mobile/temporary accommodation,122,118,4,0,4
S01008707,All household spaces,403,387,16,2,14
S01008707,Whole house or bungalow: Total,164,159,5,1,4
S01008707,Whole house or bungalow: Detached,13,13,0,0,0
S01008707,Whole house or bungalow: Semi-detached,88,86,2,1,1
S01008707,Whole house or bungalow: Terraced (including end-terrace),63,60,3,0,3
S01008707,Flat maisonette or apartment or mobile/temporary accommodation,239,228,11,1,10
S01008708,All household spaces,455,452,3,0,3
S01008708,Whole house or bungalow: Total,126,125,1,0,1
S01008708,Whole house or bungalow: Detached,11,11,0,0,0
S01008708,Whole house or bungalow: Semi-detached,73,73,0,0,0
S01008708,Whole house or bungalow: Terraced (including end-terrace),42,41,1,0,1
S01008708,Flat maisonette or apartment or mobile/temporary accommodation,329,327,2,0,2
S01008709,All household spaces,300,299,1,0,1
S01008709,Whole house or bungalow: Total,241,240,1,0,1
S01008709,Whole house or bungalow: Detached,17,17,0,0,0
S01008709,Whole house or bungalow: Semi-detached,139,139,0,0,0
S01008709,Whole house or bungalow: Terraced (including end-terrace),85,84,1,0,1
S01008709,Flat maisonette or apartment or mobile/temporary accommodation,59,59,0,0,0
S01008710,All household spaces,210,208,2,0,2
S01008710,Whole house or bungalow: Total,154,153,1,0,1
S01008710,Whole house or bungalow: Detached,19,19,0,0,0
S01008710,Whole house or bungalow: Semi-detached,99,99,0,0,0
S01008710,Whole house or bungalow: Terraced (including end-terrace),36,35,1,0,1
S01008710,Flat maisonette or apartment or mobile/temporary accommodation,56,55,1,0,1
S01008711,All household spaces,354,353,1,0,1
S01008711,Whole house or bungalow: Total,110,109,1,0,1
S01008711,Whole house or bungalow: Detached,9,9,0,0,0
S01008711,Whole house or bungalow: Semi-detached,32,32,0,0,0
S01008711,Whole house or bungalow: Terraced (including end-terrace),69,68,1,0,1
S01008711,Flat maisonette or apartment or mobile/temporary accommodation,244,244,0,0,0
S01008712,All household spaces,508,499,9,0,9
S01008712,Whole house or bungalow: Total,297,292,5,0,5
S01008712,Whole house or bungalow: Detached,20,20,0,0,0
S01008712,Whole house or bungalow: Semi-detached,88,88,0,0,0
S01008712,Whole house or bungalow: Terraced (including end-terrace),189,184,5,0,5
S01008712,Flat maisonette or apartment or mobile/temporary accommodation,211,207,4,0,4
S01008713,All household spaces,298,292,6,0,6
S01008713,Whole house or bungalow: Total,51,50,1,0,1
S01008713,Whole house or bungalow: Detached,6,6,0,0,0
S01008713,Whole house or bungalow: Semi-detached,14,14,0,0,0
S01008713,Whole house or bungalow: Terraced (including end-terrace),31,30,1,0,1
S01008713,Flat maisonette or apartment or mobile/temporary accommodation,247,242,5,0,5
S01008714,All household spaces,298,297,1,0,1
S01008714,Whole house or bungalow: Total,101,100,1,0,1
S01008714,Whole house or bungalow: Detached,33,32,1,0,1
S01008714,Whole house or bungalow: Semi-detached,53,53,0,0,0
S01008714,Whole house or bungalow: Terraced (including end-terrace),15,15,0,0,0
S01008714,Flat maisonette or apartment or mobile/temporary accommodation,197,197,0,0,0
S01008715,All household spaces,369,367,2,1,1
S01008715,Whole house or bungalow: Total,232,230,2,1,1
S01008715,Whole house or bungalow: Detached,13,13,0,0,0
S01008715,Whole house or bungalow: Semi-detached,55,54,1,1,0
S01008715,Whole house or bungalow: Terraced (including end-terrace),164,163,1,0,1
S01008715,Flat maisonette or apartment or mobile/temporary accommodation,137,137,0,0,0
S01008716,All household spaces,297,295,2,0,2
S01008716,Whole house or bungalow: Total,129,128,1,0,1
S01008716,Whole house or bungalow: Detached,4,4,0,0,0
S01008716,Whole house or bungalow: Semi-detached,42,41,1,0,1
S01008716,Whole house or bungalow: Terraced (including end-terrace),83,83,0,0,0
S01008716,Flat maisonette or apartment or mobile/temporary accommodation,168,167,1,0,1
S01008717,All household spaces,181,181,0,0,0
S01008717,Whole house or bungalow: Total,162,162,0,0,0
S01008717,Whole house or bungalow: Detached,23,23,0,0,0
S01008717,Whole house or bungalow: Semi-detached,65,65,0,0,0
S01008717,Whole house or bungalow: Terraced (including end-terrace),74,74,0,0,0
S01008717,Flat maisonette or apartment or mobile/temporary accommodation,19,19,0,0,0
S01008718,All household spaces,223,222,1,0,1
S01008718,Whole house or bungalow: Total,189,188,1,0,1
S01008718,Whole house or bungalow: Detached,22,22,0,0,0
S01008718,Whole house or bungalow: Semi-detached,107,106,1,0,1
S01008718,Whole house or bungalow: Terraced (including end-terrace),60,60,0,0,0
S01008718,Flat maisonette or apartment or mobile/temporary accommodation,34,34,0,0,0
S01008719,All household spaces,426,420,6,0,6
S01008719,Whole house or bungalow: Total,307,302,5,0,5
S01008719,Whole house or bungalow: Detached,58,58,0,0,0
S01008719,Whole house or bungalow: Semi-detached,142,140,2,0,2
S01008719,Whole house or bungalow: Terraced (including end-terrace),107,104,3,0,3
S01008719,Flat maisonette or apartment or mobile/temporary accommodation,119,118,1,0,1
S01008720,All household spaces,252,243,9,0,9
S01008720,Whole house or bungalow: Total,165,161,4,0,4
S01008720,Whole house or bungalow: Detached,23,22,1,0,1
S01008720,Whole house or bungalow: Semi-detached,66,65,1,0,1
S01008720,Whole house or bungalow: Terraced (including end-terrace),76,74,2,0,2
S01008720,Flat maisonette or apartment or mobile/temporary accommodation,87,82,5,0,5
S01008721,All household spaces,317,310,7,0,7
S01008721,Whole house or bungalow: Total,302,295,7,0,7
S01008721,Whole house or bungalow: Detached,100,100,0,0,0
S01008721,Whole house or bungalow: Semi-detached,116,114,2,0,2
S01008721,Whole house or bungalow: Terraced (including end-terrace),86,81,5,0,5
S01008721,Flat maisonette or apartment or mobile/temporary accommodation,15,15,0,0,0
S01008722,All household spaces,494,480,14,0,14
S01008722,Whole house or bungalow: Total,389,381,8,0,8
S01008722,Whole house or bungalow: Detached,193,189,4,0,4
S01008722,Whole house or bungalow: Semi-detached,52,52,0,0,0
S01008722,Whole house or bungalow: Terraced (including end-terrace),144,140,4,0,4
S01008722,Flat maisonette or apartment or mobile/temporary accommodation,105,99,6,0,6
S01008723,All household spaces,277,257,20,2,18
S01008723,Whole house or bungalow: Total,208,205,3,0,3
S01008723,Whole house or bungalow: Detached,77,75,2,0,2
S01008723,Whole house or bungalow: Semi-detached,65,64,1,0,1
S01008723,Whole house or bungalow: Terraced (including end-terrace),66,66,0,0,0
S01008723,Flat maisonette or apartment or mobile/temporary accommodation,69,52,17,2,15
S01008724,All household spaces,412,400,12,1,11
S01008724,Whole house or bungalow: Total,262,258,4,0,4
S01008724,Whole house or bungalow: Detached,124,122,2,0,2
S01008724,Whole house or bungalow: Semi-detached,46,45,1,0,1
S01008724,Whole house or bungalow: Terraced (including end-terrace),92,91,1,0,1
S01008724,Flat maisonette or apartment or mobile/temporary accommodation,150,142,8,1,7
S01008725,All household spaces,352,343,9,1,8
S01008725,Whole house or bungalow: Total,186,182,4,1,3
S01008725,Whole house or bungalow: Detached,35,35,0,0,0
S01008725,Whole house or bungalow: Semi-detached,33,33,0,0,0
S01008725,Whole house or bungalow: Terraced (including end-terrace),118,114,4,1,3
S01008725,Flat maisonette or apartment or mobile/temporary accommodation,166,161,5,0,5
S01008726,All household spaces,246,241,5,2,3
S01008726,Whole house or bungalow: Total,111,108,3,1,2
S01008726,Whole house or bungalow: Detached,13,12,1,1,0
S01008726,Whole house or bungalow: Semi-detached,59,57,2,0,2
S01008726,Whole house or bungalow: Terraced (including end-terrace),39,39,0,0,0
S01008726,Flat maisonette or apartment or mobile/temporary accommodation,135,133,2,1,1
S01008727,All household spaces,470,454,16,0,16
S01008727,Whole house or bungalow: Total,179,174,5,0,5
S01008727,Whole house or bungalow: Detached,34,33,1,0,1
S01008727,Whole house or bungalow: Semi-detached,43,43,0,0,0
S01008727,Whole house or bungalow: Terraced (including end-terrace),102,98,4,0,4
S01008727,Flat maisonette or apartment or mobile/temporary accommodation,291,280,11,0,11
S01008728,All household spaces,238,229,9,1,8
S01008728,Whole house or bungalow: Total,35,32,3,0,3
S01008728,Whole house or bungalow: Detached,7,7,0,0,0
S01008728,Whole house or bungalow: Semi-detached,7,7,0,0,0
S01008728,Whole house or bungalow: Terraced (including end-terrace),21,18,3,0,3
S01008728,Flat maisonette or apartment or mobile/temporary accommodation,203,197,6,1,5
S01008729,All household spaces,281,277,4,1,3
S01008729,Whole house or bungalow: Total,143,140,3,1,2
S01008729,Whole house or bungalow: Detached,36,36,0,0,0
S01008729,Whole house or bungalow: Semi-detached,53,52,1,1,0
S01008729,Whole house or bungalow: Terraced (including end-terrace),54,52,2,0,2
S01008729,Flat maisonette or apartment or mobile/temporary accommodation,138,137,1,0,1
S01008730,All household spaces,420,411,9,3,6
S01008730,Whole house or bungalow: Total,74,74,0,0,0
S01008730,Whole house or bungalow: Detached,10,10,0,0,0
S01008730,Whole house or bungalow: Semi-detached,27,27,0,0,0
S01008730,Whole house or bungalow: Terraced (including end-terrace),37,37,0,0,0
S01008730,Flat maisonette or apartment or mobile/temporary accommodation,346,337,9,3,6
S01008731,All household spaces,228,226,2,0,2
S01008731,Whole house or bungalow: Total,157,156,1,0,1
S01008731,Whole house or bungalow: Detached,13,13,0,0,0
S01008731,Whole house or bungalow: Semi-detached,50,49,1,0,1
S01008731,Whole house or bungalow: Terraced (including end-terrace),94,94,0,0,0
S01008731,Flat maisonette or apartment or mobile/temporary accommodation,71,70,1,0,1
S01008732,All household spaces,350,340,10,0,10
S01008732,Whole house or bungalow: Total,80,78,2,0,2
S01008732,Whole house or bungalow: Detached,2,2,0,0,0
S01008732,Whole house or bungalow: Semi-detached,16,16,0,0,0
S01008732,Whole house or bungalow: Terraced (including end-terrace),62,60,2,0,2
S01008732,Flat maisonette or apartment or mobile/temporary accommodation,270,262,8,0,8
S01008733,All household spaces,483,473,10,0,10
S01008733,Whole house or bungalow: Total,89,88,1,0,1
S01008733,Whole house or bungalow: Detached,8,8,0,0,0
S01008733,Whole house or bungalow: Semi-detached,29,29,0,0,0
S01008733,Whole house or bungalow: Terraced (including end-terrace),52,51,1,0,1
S01008733,Flat maisonette or apartment or mobile/temporary accommodation,394,385,9,0,9
S01008734,All household spaces,274,266,8,0,8
S01008734,Whole house or bungalow: Total,131,127,4,0,4
S01008734,Whole house or bungalow: Detached,52,51,1,0,1
S01008734,Whole house or bungalow: Semi-detached,44,43,1,0,1
S01008734,Whole house or bungalow: Terraced (including end-terrace),35,33,2,0,2
S01008734,Flat maisonette or apartment or mobile/temporary accommodation,143,139,4,0,4
S01008735,All household spaces,393,385,8,1,7
S01008735,Whole house or bungalow: Total,344,338,6,0,6
S01008735,Whole house or bungalow: Detached,202,200,2,0,2
S01008735,Whole house or bungalow: Semi-detached,100,97,3,0,3
S01008735,Whole house or bungalow: Terraced (including end-terrace),42,41,1,0,1
S01008735,Flat maisonette or apartment or mobile/temporary accommodation,49,47,2,1,1
S01008736,All household spaces,293,290,3,0,3
S01008736,Whole house or bungalow: Total,259,256,3,0,3
S01008736,Whole house or bungalow: Detached,188,187,1,0,1
S01008736,Whole house or bungalow: Semi-detached,66,64,2,0,2
S01008736,Whole house or bungalow: Terraced (including end-terrace),5,5,0,0,0
S01008736,Flat maisonette or apartment or mobile/temporary accommodation,34,34,0,0,0
S01008737,All household spaces,342,339,3,1,2
S01008737,Whole house or bungalow: Total,318,315,3,1,2
S01008737,Whole house or bungalow: Detached,196,194,2,0,2
S01008737,Whole house or bungalow: Semi-detached,74,73,1,1,0
S01008737,Whole house or bungalow: Terraced (including end-terrace),48,48,0,0,0
S01008737,Flat maisonette or apartment or mobile/temporary accommodation,24,24,0,0,0
S01008738,All household spaces,309,299,10,3,7
S01008738,Whole house or bungalow: Total,299,289,10,3,7
S01008738,Whole house or bungalow: Detached,244,234,10,3,7
S01008738,Whole house or bungalow: Semi-detached,55,55,0,0,0
S01008738,Whole house or bungalow: Terraced (including end-terrace),0,0,0,0,0
S01008738,Flat maisonette or apartment or mobile/temporary accommodation,10,10,0,0,0
S01008739,All household spaces,241,240,1,1,0
S01008739,Whole house or bungalow: Total,162,161,1,1,0
S01008739,Whole house or bungalow: Detached,3,3,0,0,0
S01008739,Whole house or bungalow: Semi-detached,30,30,0,0,0
S01008739,Whole house or bungalow: Terraced (including end-terrace),129,128,1,1,0
S01008739,Flat maisonette or apartment or mobile/temporary accommodation,79,79,0,0,0
S01008740,All household spaces,227,227,0,0,0
S01008740,Whole house or bungalow: Total,216,216,0,0,0
S01008740,Whole house or bungalow: Detached,9,9,0,0,0
S01008740,Whole house or bungalow: Semi-detached,134,134,0,0,0
S01008740,Whole house or bungalow: Terraced (including end-terrace),73,73,0,0,0
S01008740,Flat maisonette or apartment or mobile/temporary accommodation,11,11,0,0,0
S01008741,All household spaces,396,395,1,0,1
S01008741,Whole house or bungalow: Total,351,350,1,0,1
S01008741,Whole house or bungalow: Detached,49,49,0,0,0
S01008741,Whole house or bungalow: Semi-detached,122,122,0,0,0
S01008741,Whole house or bungalow: Terraced (including end-terrace),180,179,1,0,1
S01008741,Flat maisonette or apartment or mobile/temporary accommodation,45,45,0,0,0
S01008742,All household spaces,284,280,4,2,2
S01008742,Whole house or bungalow: Total,101,100,1,0,1
S01008742,Whole house or bungalow: Detached,14,14,0,0,0
S01008742,Whole house or bungalow: Semi-detached,39,38,1,0,1
S01008742,Whole house or bungalow: Terraced (including end-terrace),48,48,0,0,0
S01008742,Flat maisonette or apartment or mobile/temporary accommodation,183,180,3,2,1
S01008743,All household spaces,494,485,9,4,5
S01008743,Whole house or bungalow: Total,66,66,0,0,0
S01008743,Whole house or bungalow: Detached,6,6,0,0,0
S01008743,Whole house or bungalow: Semi-detached,19,19,0,0,0
S01008743,Whole house or bungalow: Terraced (including end-terrace),41,41,0,0,0
S01008743,Flat maisonette or apartment or mobile/temporary accommodation,428,419,9,4,5
S01008744,All household spaces,532,519,13,0,13
S01008744,Whole house or bungalow: Total,155,153,2,0,2
S01008744,Whole house or bungalow: Detached,7,7,0,0,0
S01008744,Whole house or bungalow: Semi-detached,81,80,1,0,1
S01008744,Whole house or bungalow: Terraced (including end-terrace),67,66,1,0,1
S01008744,Flat maisonette or apartment or mobile/temporary accommodation,377,366,11,0,11
S01008745,All household spaces,242,241,1,0,1
S01008745,Whole house or bungalow: Total,91,91,0,0,0
S01008745,Whole house or bungalow: Detached,21,21,0,0,0
S01008745,Whole house or bungalow: Semi-detached,12,12,0,0,0
S01008745,Whole house or bungalow: Terraced (including end-terrace),58,58,0,0,0
S01008745,Flat maisonette or apartment or mobile/temporary accommodation,151,150,1,0,1
S01008746,All household spaces,582,572,10,1,9
S01008746,Whole house or bungalow: Total,45,44,1,0,1
S01008746,Whole house or bungalow: Detached,9,9,0,0,0
S01008746,Whole house or bungalow: Semi-detached,24,24,0,0,0
S01008746,Whole house or bungalow: Terraced (including end-terrace),12,11,1,0,1
S01008746,Flat maisonette or apartment or mobile/temporary accommodation,537,528,9,1,8
S01008747,All household spaces,237,234,3,0,3
S01008747,Whole house or bungalow: Total,156,155,1,0,1
S01008747,Whole house or bungalow: Detached,35,34,1,0,1
S01008747,Whole house or bungalow: Semi-detached,54,54,0,0,0
S01008747,Whole house or bungalow: Terraced (including end-terrace),67,67,0,0,0
S01008747,Flat maisonette or apartment or mobile/temporary accommodation,81,79,2,0,2
S01008748,All household spaces,287,283,4,0,4
S01008748,Whole house or bungalow: Total,261,257,4,0,4
S01008748,Whole house or bungalow: Detached,131,129,2,0,2
S01008748,Whole house or bungalow: Semi-detached,92,90,2,0,2
S01008748,Whole house or bungalow: Terraced (including end-terrace),38,38,0,0,0
S01008748,Flat maisonette or apartment or mobile/temporary accommodation,26,26,0,0,0
S01008749,All household spaces,412,402,10,0,10
S01008749,Whole house or bungalow: Total,372,362,10,0,10
S01008749,Whole house or bungalow: Detached,232,225,7,0,7
S01008749,Whole house or bungalow: Semi-detached,99,97,2,0,2
S01008749,Whole house or bungalow: Terraced (including end-terrace),41,40,1,0,1
S01008749,Flat maisonette or apartment or mobile/temporary accommodation,40,40,0,0,0
S01008750,All household spaces,315,313,2,0,2
S01008750,Whole house or bungalow: Total,283,281,2,0,2
S01008750,Whole house or bungalow: Detached,96,95,1,0,1
S01008750,Whole house or bungalow: Semi-detached,130,130,0,0,0
S01008750,Whole house or bungalow: Terraced (including end-terrace),57,56,1,0,1
S01008750,Flat maisonette or apartment or mobile/temporary accommodation,32,32,0,0,0
S01008751,All household spaces,307,304,3,0,3
S01008751,Whole house or bungalow: Total,137,137,0,0,0
S01008751,Whole house or bungalow: Detached,16,16,0,0,0
S01008751,Whole house or bungalow: Semi-detached,78,78,0,0,0
S01008751,Whole house or bungalow: Terraced (including end-terrace),43,43,0,0,0
S01008751,Flat maisonette or apartment or mobile/temporary accommodation,170,167,3,0,3
S01008752,All household spaces,475,459,16,1,15
S01008752,Whole house or bungalow: Total,20,20,0,0,0
S01008752,Whole house or bungalow: Detached,3,3,0,0,0
S01008752,Whole house or bungalow: Semi-detached,10,10,0,0,0
S01008752,Whole house or bungalow: Terraced (including end-terrace),7,7,0,0,0
S01008752,Flat maisonette or apartment or mobile/temporary accommodation,455,439,16,1,15
S01008753,All household spaces,327,314,13,1,12
S01008753,Whole house or bungalow: Total,14,14,0,0,0
S01008753,Whole house or bungalow: Detached,1,1,0,0,0
S01008753,Whole house or bungalow: Semi-detached,3,3,0,0,0
S01008753,Whole house or bungalow: Terraced (including end-terrace),10,10,0,0,0
S01008753,Flat maisonette or apartment or mobile/temporary accommodation,313,300,13,1,12
S01008754,All household spaces,368,362,6,1,5
S01008754,Whole house or bungalow: Total,17,17,0,0,0
S01008754,Whole house or bungalow: Detached,2,2,0,0,0
S01008754,Whole house or bungalow: Semi-detached,7,7,0,0,0
S01008754,Whole house or bungalow: Terraced (including end-terrace),8,8,0,0,0
S01008754,Flat maisonette or apartment or mobile/temporary accommodation,351,345,6,1,5
S01008755,All household spaces,556,541,15,1,14
S01008755,Whole house or bungalow: Total,67,66,1,1,0
S01008755,Whole house or bungalow: Detached,13,12,1,1,0
S01008755,Whole house or bungalow: Semi-detached,20,20,0,0,0
S01008755,Whole house or bungalow: Terraced (including end-terrace),34,34,0,0,0
S01008755,Flat maisonette or apartment or mobile/temporary accommodation,489,475,14,0,14
S01008756,All household spaces,424,418,6,1,5
S01008756,Whole house or bungalow: Total,27,27,0,0,0
S01008756,Whole house or bungalow: Detached,3,3,0,0,0
S01008756,Whole house or bungalow: Semi-detached,2,2,0,0,0
S01008756,Whole house or bungalow: Terraced (including end-terrace),22,22,0,0,0
S01008756,Flat maisonette or apartment or mobile/temporary accommodation,397,391,6,1,5
S01008757,All household spaces,413,397,16,1,15
S01008757,Whole house or bungalow: Total,34,27,7,1,6
S01008757,Whole house or bungalow: Detached,1,1,0,0,0
S01008757,Whole house or bungalow: Semi-detached,11,11,0,0,0
S01008757,Whole house or bungalow: Terraced (including end-terrace),22,15,7,1,6
S01008757,Flat maisonette or apartment or mobile/temporary accommodation,379,370,9,0,9
S01008758,All household spaces,462,444,18,1,17
S01008758,Whole house or bungalow: Total,97,86,11,0,11
S01008758,Whole house or bungalow: Detached,14,10,4,0,4
S01008758,Whole house or bungalow: Semi-detached,45,42,3,0,3
S01008758,Whole house or bungalow: Terraced (including end-terrace),38,34,4,0,4
S01008758,Flat maisonette or apartment or mobile/temporary accommodation,365,358,7,1,6
S01008759,All household spaces,330,322,8,0,8
S01008759,Whole house or bungalow: Total,52,52,0,0,0
S01008759,Whole house or bungalow: Detached,10,10,0,0,0
S01008759,Whole house or bungalow: Semi-detached,27,27,0,0,0
S01008759,Whole house or bungalow: Terraced (including end-terrace),15,15,0,0,0
S01008759,Flat maisonette or apartment or mobile/temporary accommodation,278,270,8,0,8
S01008760,All household spaces,512,500,12,0,12
S01008760,Whole house or bungalow: Total,84,82,2,0,2
S01008760,Whole house or bungalow: Detached,12,12,0,0,0
S01008760,Whole house or bungalow: Semi-detached,35,35,0,0,0
S01008760,Whole house or bungalow: Terraced (including end-terrace),37,35,2,0,2
S01008760,Flat maisonette or apartment or mobile/temporary accommodation,428,418,10,0,10
S01008761,All household spaces,337,295,42,41,1
S01008761,Whole house or bungalow: Total,82,82,0,0,0
S01008761,Whole house or bungalow: Detached,19,19,0,0,0
S01008761,Whole house or bungalow: Semi-detached,44,44,0,0,0
S01008761,Whole house or bungalow: Terraced (including end-terrace),19,19,0,0,0
S01008761,Flat maisonette or apartment or mobile/temporary accommodation,255,213,42,41,1
S01008762,All household spaces,305,301,4,0,4
S01008762,Whole house or bungalow: Total,189,186,3,0,3
S01008762,Whole house or bungalow: Detached,3,3,0,0,0
S01008762,Whole house or bungalow: Semi-detached,70,69,1,0,1
S01008762,Whole house or bungalow: Terraced (including end-terrace),116,114,2,0,2
S01008762,Flat maisonette or apartment or mobile/temporary accommodation,116,115,1,0,1
S01008763,All household spaces,444,433,11,2,9
S01008763,Whole house or bungalow: Total,240,233,7,1,6
S01008763,Whole house or bungalow: Detached,2,2,0,0,0
S01008763,Whole house or bungalow: Semi-detached,29,29,0,0,0
S01008763,Whole house or bungalow: Terraced (including end-terrace),209,202,7,1,6
S01008763,Flat maisonette or apartment or mobile/temporary accommodation,204,200,4,1,3
S01008764,All household spaces,312,306,6,3,3
S01008764,Whole house or bungalow: Total,151,147,4,3,1
S01008764,Whole house or bungalow: Detached,11,11,0,0,0
S01008764,Whole house or bungalow: Semi-detached,52,51,1,0,1
S01008764,Whole house or bungalow: Terraced (including end-terrace),88,85,3,3,0
S01008764,Flat maisonette or apartment or mobile/temporary accommodation,161,159,2,0,2
S01008765,All household spaces,402,393,9,4,5
S01008765,Whole house or bungalow: Total,138,131,7,4,3
S01008765,Whole house or bungalow: Detached,6,6,0,0,0
S01008765,Whole house or bungalow: Semi-detached,12,12,0,0,0
S01008765,Whole house or bungalow: Terraced (including end-terrace),120,113,7,4,3
S01008765,Flat maisonette or apartment or mobile/temporary accommodation,264,262,2,0,2
S01008766,All household spaces,419,413,6,1,5
S01008766,Whole house or bungalow: Total,240,239,1,0,1
S01008766,Whole house or bungalow: Detached,18,18,0,0,0
S01008766,Whole house or bungalow: Semi-detached,89,89,0,0,0
S01008766,Whole house or bungalow: Terraced (including end-terrace),133,132,1,0,1
S01008766,Flat maisonette or apartment or mobile/temporary accommodation,179,174,5,1,4
S01008767,All household spaces,268,266,2,0,2
S01008767,Whole house or bungalow: Total,129,129,0,0,0
S01008767,Whole house or bungalow: Detached,4,4,0,0,0
S01008767,Whole house or bungalow: Semi-detached,38,38,0,0,0
S01008767,Whole house or bungalow: Terraced (including end-terrace),87,87,0,0,0
S01008767,Flat maisonette or apartment or mobile/temporary accommodation,139,137,2,0,2
S01008768,All household spaces,267,256,11,1,10
S01008768,Whole house or bungalow: Total,55,53,2,0,2
S01008768,Whole house or bungalow: Detached,19,19,0,0,0
S01008768,Whole house or bungalow: Semi-detached,24,23,1,0,1
S01008768,Whole house or bungalow: Terraced (including end-terrace),12,11,1,0,1
S01008768,Flat maisonette or apartment or mobile/temporary accommodation,212,203,9,1,8
S01008769,All household spaces,478,380,98,93,5
S01008769,Whole house or bungalow: Total,3,3,0,0,0
S01008769,Whole house or bungalow: Detached,2,2,0,0,0
S01008769,Whole house or bungalow: Semi-detached,1,1,0,0,0
S01008769,Whole house or bungalow: Terraced (including end-terrace),0,0,0,0,0
S01008769,Flat maisonette or apartment or mobile/temporary accommodation,475,377,98,93,5
S01008770,All household spaces,448,431,17,15,2
S01008770,Whole house or bungalow: Total,5,5,0,0,0
S01008770,Whole house or bungalow: Detached,2,2,0,0,0
S01008770,Whole house or bungalow: Semi-detached,2,2,0,0,0
S01008770,Whole house or bungalow: Terraced (including end-terrace),1,1,0,0,0
S01008770,Flat maisonette or apartment or mobile/temporary accommodation,443,426,17,15,2
S01008771,All household spaces,423,411,12,9,3
S01008771,Whole house or bungalow: Total,18,18,0,0,0
S01008771,Whole house or bungalow: Detached,0,0,0,0,0
S01008771,Whole house or bungalow: Semi-detached,1,1,0,0,0
S01008771,Whole house or bungalow: Terraced (including end-terrace),17,17,0,0,0
S01008771,Flat maisonette or apartment or mobile/temporary accommodation,405,393,12,9,3
S01008772,All household spaces,411,395,16,12,4
S01008772,Whole house or bungalow: Total,109,105,4,4,0
S01008772,Whole house or bungalow: Detached,7,7,0,0,0
S01008772,Whole house or bungalow: Semi-detached,23,23,0,0,0
S01008772,Whole house or bungalow: Terraced (including end-terrace),79,75,4,4,0
S01008772,Flat maisonette or apartment or mobile/temporary accommodation,302,290,12,8,4
S01008773,All household spaces,615,596,19,7,12
S01008773,Whole house or bungalow: Total,83,80,3,2,1
S01008773,Whole house or bungalow: Detached,6,6,0,0,0
S01008773,Whole house or bungalow: Semi-detached,26,26,0,0,0
S01008773,Whole house or bungalow: Terraced (including end-terrace),51,48,3,2,1
S01008773,Flat maisonette or apartment or mobile/temporary accommodation,532,516,16,5,11
S01008774,All household spaces,627,495,132,19,113
S01008774,Whole house or bungalow: Total,91,82,9,7,2
S01008774,Whole house or bungalow: Detached,4,4,0,0,0
S01008774,Whole house or bungalow: Semi-detached,32,32,0,0,0
S01008774,Whole house or bungalow: Terraced (including end-terrace),55,46,9,7,2
S01008774,Flat maisonette or apartment or mobile/temporary accommodation,536,413,123,12,111
S01008775,All household spaces,234,218,16,5,11
S01008775,Whole house or bungalow: Total,61,56,5,1,4
S01008775,Whole house or bungalow: Detached,3,3,0,0,0
S01008775,Whole house or bungalow: Semi-detached,4,3,1,0,1
S01008775,Whole house or bungalow: Terraced (including end-terrace),54,50,4,1,3
S01008775,Flat maisonette or apartment or mobile/temporary accommodation,173,162,11,4,7
S01008776,All household spaces,474,467,7,0,7
S01008776,Whole house or bungalow: Total,28,28,0,0,0
S01008776,Whole house or bungalow: Detached,4,4,0,0,0
S01008776,Whole house or bungalow: Semi-detached,10,10,0,0,0
S01008776,Whole house or bungalow: Terraced (including end-terrace),14,14,0,0,0
S01008776,Flat maisonette or apartment or mobile/temporary accommodation,446,439,7,0,7
S01008777,All household spaces,662,637,25,2,23
S01008777,Whole house or bungalow: Total,35,35,0,0,0
S01008777,Whole house or bungalow: Detached,5,5,0,0,0
S01008777,Whole house or bungalow: Semi-detached,9,9,0,0,0
S01008777,Whole house or bungalow: Terraced (including end-terrace),21,21,0,0,0
S01008777,Flat maisonette or apartment or mobile/temporary accommodation,627,602,25,2,23
S01008778,All household spaces,725,664,61,57,4
S01008778,Whole house or bungalow: Total,49,8,41,41,0
S01008778,Whole house or bungalow: Detached,0,0,0,0,0
S01008778,Whole house or bungalow: Semi-detached,4,4,0,0,0
S01008778,Whole house or bungalow: Terraced (including end-terrace),45,4,41,41,0
S01008778,Flat maisonette or apartment or mobile/temporary accommodation,676,656,20,16,4
S01008779,All household spaces,444,402,42,25,17
S01008779,Whole house or bungalow: Total,10,10,0,0,0
S01008779,Whole house or bungalow: Detached,1,1,0,0,0
S01008779,Whole house or bungalow: Semi-detached,2,2,0,0,0
S01008779,Whole house or bungalow: Terraced (including end-terrace),7,7,0,0,0
S01008779,Flat maisonette or apartment or mobile/temporary accommodation,434,392,42,25,17
S01008780,All household spaces,336,329,7,1,6
S01008780,Whole house or bungalow: Total,6,6,0,0,0
S01008780,Whole house or bungalow: Detached,0,0,0,0,0
S01008780,Whole house or bungalow: Semi-detached,1,1,0,0,0
S01008780,Whole house or bungalow: Terraced (including end-terrace),5,5,0,0,0
S01008780,Flat maisonette or apartment or mobile/temporary accommodation,330,323,7,1,6
S01008781,All household spaces,538,530,8,1,7
S01008781,Whole house or bungalow: Total,7,7,0,0,0
S01008781,Whole house or bungalow: Detached,0,0,0,0,0
S01008781,Whole house or bungalow: Semi-detached,1,1,0,0,0
S01008781,Whole house or bungalow: Terraced (including end-terrace),6,6,0,0,0
S01008781,Flat maisonette or apartment or mobile/temporary accommodation,531,523,8,1,7
S01008782,All household spaces,416,400,16,2,14
S01008782,Whole house or bungalow: Total,21,18,3,0,3
S01008782,Whole house or bungalow: Detached,4,4,0,0,0
S01008782,Whole house or bungalow: Semi-detached,6,5,1,0,1
S01008782,Whole house or bungalow: Terraced (including end-terrace),11,9,2,0,2
S01008782,Flat maisonette or apartment or mobile/temporary accommodation,395,382,13,2,11
S01008783,All household spaces,251,236,15,2,13
S01008783,Whole house or bungalow: Total,1,1,0,0,0
S01008783,Whole house or bungalow: Detached,0,0,0,0,0
S01008783,Whole house or bungalow: Semi-detached,0,0,0,0,0
S01008783,Whole house or bungalow: Terraced (including end-terrace),1,1,0,0,0
S01008783,Flat maisonette or apartment or mobile/temporary accommodation,250,235,15,2,13
S01008784,All household spaces,270,268,2,1,1
S01008784,Whole house or bungalow: Total,3,3,0,0,0
S01008784,Whole house or bungalow: Detached,1,1,0,0,0
S01008784,Whole house or bungalow: Semi-detached,0,0,0,0,0
S01008784,Whole house or bungalow: Terraced (including end-terrace),2,2,0,0,0
S01008784,Flat maisonette or apartment or mobile/temporary accommodation,267,265,2,1,1
S01008785,All household spaces,490,485,5,1,4
S01008785,Whole house or bungalow: Total,8,8,0,0,0
S01008785,Whole house or bungalow: Detached,1,1,0,0,0
S01008785,Whole house or bungalow: Semi-detached,5,5,0,0,0
S01008785,Whole house or bungalow: Terraced (including end-terrace),2,2,0,0,0
S01008785,Flat maisonette or apartment or mobile/temporary accommodation,482,477,5,1,4
S01008786,All household spaces,556,540,16,2,14
S01008786,Whole house or bungalow: Total,8,8,0,0,0
S01008786,Whole house or bungalow: Detached,5,5,0,0,0
S01008786,Whole house or bungalow: Semi-detached,0,0,0,0,0
S01008786,Whole house or bungalow: Terraced (including end-terrace),3,3,0,0,0
S01008786,Flat maisonette or apartment or mobile/temporary accommodation,548,532,16,2,14
S01008787,All household spaces,211,200,11,1,10
S01008787,Whole house or bungalow: Total,3,3,0,0,0
S01008787,Whole house or bungalow: Detached,1,1,0,0,0
S01008787,Whole house or bungalow: Semi-detached,1,1,0,0,0
S01008787,Whole house or bungalow: Terraced (including end-terrace),1,1,0,0,0
S01008787,Flat maisonette or apartment or mobile/temporary accommodation,208,197,11,1,10
S01008788,All household spaces,384,376,8,6,2
S01008788,Whole house or bungalow: Total,15,15,0,0,0
S01008788,Whole house or bungalow: Detached,3,3,0,0,0
S01008788,Whole house or bungalow: Semi-detached,12,12,0,0,0
S01008788,Whole house or bungalow: Terraced (including end-terrace),0,0,0,0,0
S01008788,Flat maisonette or apartment or mobile/temporary accommodation,369,361,8,6,2
S01008789,All household spaces,384,375,9,2,7
S01008789,Whole house or bungalow: Total,98,97,1,0,1
S01008789,Whole house or bungalow: Detached,8,8,0,0,0
S01008789,Whole house or bungalow: Semi-detached,13,13,0,0,0
S01008789,Whole house or bungalow: Terraced (including end-terrace),77,76,1,0,1
S01008789,Flat maisonette or apartment or mobile/temporary accommodation,286,278,8,2,6
S01008790,All household spaces,361,353,8,0,8
S01008790,Whole house or bungalow: Total,12,11,1,0,1
S01008790,Whole house or bungalow: Detached,1,1,0,0,0
S01008790,Whole house or bungalow: Semi-detached,3,3,0,0,0
S01008790,Whole house or bungalow: Terraced (including end-terrace),8,7,1,0,1
S01008790,Flat maisonette or apartment or mobile/temporary accommodation,349,342,7,0,7
S01008791,All household spaces,432,421,11,4,7
S01008791,Whole house or bungalow: Total,82,82,0,0,0
S01008791,Whole house or bungalow: Detached,2,2,0,0,0
S01008791,Whole house or bungalow: Semi-detached,13,13,0,0,0
S01008791,Whole house or bungalow: Terraced (including end-terrace),67,67,0,0,0
S01008791,Flat maisonette or apartment or mobile/temporary accommodation,350,339,11,4,7
S01008792,All household spaces,426,415,11,3,8
S01008792,Whole house or bungalow: Total,60,57,3,1,2
S01008792,Whole house or bungalow: Detached,2,2,0,0,0
S01008792,Whole house or bungalow: Semi-detached,7,6,1,0,1
S01008792,Whole house or bungalow: Terraced (including end-terrace),51,49,2,1,1
S01008792,Flat maisonette or apartment or mobile/temporary accommodation,366,358,8,2,6
S01008793,All household spaces,279,266,13,0,13
S01008793,Whole house or bungalow: Total,13,13,0,0,0
S01008793,Whole house or bungalow: Detached,2,2,0,0,0
S01008793,Whole house or bungalow: Semi-detached,4,4,0,0,0
S01008793,Whole house or bungalow: Terraced (including end-terrace),7,7,0,0,0
S01008793,Flat maisonette or apartment or mobile/temporary accommodation,266,253,13,0,13
S01008794,All household spaces,498,492,6,2,4
S01008794,Whole house or bungalow: Total,27,26,1,0,1
S01008794,Whole house or bungalow: Detached,5,5,0,0,0
S01008794,Whole house or bungalow: Semi-detached,5,5,0,0,0
S01008794,Whole house or bungalow: Terraced (including end-terrace),17,16,1,0,1
S01008794,Flat maisonette or apartment or mobile/temporary accommodation,471,466,5,2,3
S01008795,All household spaces,626,618,8,0,8
S01008795,Whole house or bungalow: Total,12,11,1,0,1
S01008795,Whole house or bungalow: Detached,2,2,0,0,0
S01008795,Whole house or bungalow: Semi-detached,0,0,0,0,0
S01008795,Whole house or bungalow: Terraced (including end-terrace),10,9,1,0,1
S01008795,Flat maisonette or apartment or mobile/temporary accommodation,614,607,7,0,7
S01008796,All household spaces,634,622,12,2,10
S01008796,Whole house or bungalow: Total,21,21,0,0,0
S01008796,Whole house or bungalow: Detached,1,1,0,0,0
S01008796,Whole house or bungalow: Semi-detached,4,4,0,0,0
S01008796,Whole house or bungalow: Terraced (including end-terrace),16,16,0,0,0
S01008796,Flat maisonette or apartment or mobile/temporary accommodation,613,601,12,2,10
S01008797,All household spaces,595,579,16,0,16
S01008797,Whole house or bungalow: Total,15,14,1,0,1
S01008797,Whole house or bungalow: Detached,1,1,0,0,0
S01008797,Whole house or bungalow: Semi-detached,3,2,1,0,1
S01008797,Whole house or bungalow: Terraced (including end-terrace),11,11,0,0,0
S01008797,Flat maisonette or apartment or mobile/temporary accommodation,580,565,15,0,15
S01008798,All household spaces,508,502,6,0,6
S01008798,Whole house or bungalow: Total,8,8,0,0,0
S01008798,Whole house or bungalow: Detached,1,1,0,0,0
S01008798,Whole house or bungalow: Semi-detached,1,1,0,0,0
S01008798,Whole house or bungalow: Terraced (including end-terrace),6,6,0,0,0
S01008798,Flat maisonette or apartment or mobile/temporary accommodation,500,494,6,0,6
S01008799,All household spaces,327,322,5,1,4
S01008799,Whole house or bungalow: Total,8,8,0,0,0
S01008799,Whole house or bungalow: Detached,2,2,0,0,0
S01008799,Whole house or bungalow: Semi-detached,4,4,0,0,0
S01008799,Whole house or bungalow: Terraced (including end-terrace),2,2,0,0,0
S01008799,Flat maisonette or apartment or mobile/temporary accommodation,319,314,5,1,4
S01008800,All household spaces,662,651,11,6,5
S01008800,Whole house or bungalow: Total,7,7,0,0,0
S01008800,Whole house or bungalow: Detached,1,1,0,0,0
S01008800,Whole house or bungalow: Semi-detached,0,0,0,0,0
S01008800,Whole house or bungalow: Terraced (including end-terrace),6,6,0,0,0
S01008800,Flat maisonette or apartment or mobile/temporary accommodation,655,644,11,6,5
S01008801,All household spaces,595,582,13,1,12
S01008801,Whole house or bungalow: Total,9,9,0,0,0
S01008801,Whole house or bungalow: Detached,2,2,0,0,0
S01008801,Whole house or bungalow: Semi-detached,1,1,0,0,0
S01008801,Whole house or bungalow: Terraced (including end-terrace),6,6,0,0,0
S01008801,Flat maisonette or apartment or mobile/temporary accommodation,586,573,13,1,12
S01008802,All household spaces,635,614,21,3,18
S01008802,Whole house or bungalow: Total,9,8,1,0,1
S01008802,Whole house or bungalow: Detached,2,2,0,0,0
S01008802,Whole house or bungalow: Semi-detached,2,1,1,0,1
S01008802,Whole house or bungalow: Terraced (including end-terrace),5,5,0,0,0
S01008802,Flat maisonette or apartment or mobile/temporary accommodation,626,606,20,3,17
S01008803,All household spaces,590,575,15,4,11
S01008803,Whole house or bungalow: Total,36,36,0,0,0
S01008803,Whole house or bungalow: Detached,4,4,0,0,0
S01008803,Whole house or bungalow: Semi-detached,9,9,0,0,0
S01008803,Whole house or bungalow: Terraced (including end-terrace),23,23,0,0,0
S01008803,Flat maisonette or apartment or mobile/temporary accommodation,554,539,15,4,11
S01008804,All household spaces,347,332,15,0,15
S01008804,Whole house or bungalow: Total,5,5,0,0,0
S01008804,Whole house or bungalow: Detached,1,1,0,0,0
S01008804,Whole house or bungalow: Semi-detached,3,3,0,0,0
S01008804,Whole house or bungalow: Terraced (including end-terrace),1,1,0,0,0
S01008804,Flat maisonette or apartment or mobile/temporary accommodation,342,327,15,0,15
S01008805,All household spaces,352,334,18,6,12
S01008805,Whole house or bungalow: Total,3,3,0,0,0
S01008805,Whole house or bungalow: Detached,1,1,0,0,0
S01008805,Whole house or bungalow: Semi-detached,0,0,0,0,0
S01008805,Whole house or bungalow: Terraced (including end-terrace),2,2,0,0,0
S01008805,Flat maisonette or apartment or mobile/temporary accommodation,349,331,18,6,12
S01008806,All household spaces,583,558,25,10,15
S01008806,Whole house or bungalow: Total,15,15,0,0,0
S01008806,Whole house or bungalow: Detached,2,2,0,0,0
S01008806,Whole house or bungalow: Semi-detached,2,2,0,0,0
S01008806,Whole house or bungalow: Terraced (including end-terrace),11,11,0,0,0
S01008806,Flat maisonette or apartment or mobile/temporary accommodation,568,543,25,10,15
S01008807,All household spaces,499,490,9,1,8
S01008807,Whole house or bungalow: Total,29,29,0,0,0
S01008807,Whole house or bungalow: Detached,1,1,0,0,0
S01008807,Whole house or bungalow: Semi-detached,5,5,0,0,0
S01008807,Whole house or bungalow: Terraced (including end-terrace),23,23,0,0,0
S01008807,Flat maisonette or apartment or mobile/temporary accommodation,470,461,9,1,8
S01008808,All household spaces,405,391,14,1,13
S01008808,Whole house or bungalow: Total,13,13,0,0,0
S01008808,Whole house or bungalow: Detached,0,0,0,0,0
S01008808,Whole house or bungalow: Semi-detached,2,2,0,0,0
S01008808,Whole house or bungalow: Terraced (including end-terrace),11,11,0,0,0
S01008808,Flat maisonette or apartment or mobile/temporary accommodation,392,378,14,1,13
S01008809,All household spaces,355,324,31,16,15
S01008809,Whole house or bungalow: Total,82,70,12,3,9
S01008809,Whole house or bungalow: Detached,4,3,1,0,1
S01008809,Whole house or bungalow: Semi-detached,5,5,0,0,0
S01008809,Whole house or bungalow: Terraced (including end-terrace),73,62,11,3,8
S01008809,Flat maisonette or apartment or mobile/temporary accommodation,273,254,19,13,6
S01008810,All household spaces,393,383,10,3,7
S01008810,Whole house or bungalow: Total,8,8,0,0,0
S01008810,Whole house or bungalow: Detached,2,2,0,0,0
S01008810,Whole house or bungalow: Semi-detached,1,1,0,0,0
S01008810,Whole house or bungalow: Terraced (including end-terrace),5,5,0,0,0
S01008810,Flat maisonette or apartment or mobile/temporary accommodation,385,375,10,3,7
S01008811,All household spaces,400,389,11,5,6
S01008811,Whole house or bungalow: Total,25,24,1,1,0
S01008811,Whole house or bungalow: Detached,2,2,0,0,0
S01008811,Whole house or bungalow: Semi-detached,4,4,0,0,0
S01008811,Whole house or bungalow: Terraced (including end-terrace),19,18,1,1,0
S01008811,Flat maisonette or apartment or mobile/temporary accommodation,375,365,10,4,6
S01008812,All household spaces,271,260,11,2,9
S01008812,Whole house or bungalow: Total,2,2,0,0,0
S01008812,Whole house or bungalow: Detached,1,1,0,0,0
S01008812,Whole house or bungalow: Semi-detached,0,0,0,0,0
S01008812,Whole house or bungalow: Terraced (including end-terrace),1,1,0,0,0
S01008812,Flat maisonette or apartment or mobile/temporary accommodation,269,258,11,2,9
S01008813,All household spaces,522,508,14,6,8
S01008813,Whole house or bungalow: Total,115,115,0,0,0
S01008813,Whole house or bungalow: Detached,4,4,0,0,0
S01008813,Whole house or bungalow: Semi-detached,27,27,0,0,0
S01008813,Whole house or bungalow: Terraced (including end-terrace),84,84,0,0,0
S01008813,Flat maisonette or apartment or mobile/temporary accommodation,407,393,14,6,8
S01008814,All household spaces,421,403,18,1,17
S01008814,Whole house or bungalow: Total,121,114,7,0,7
S01008814,Whole house or bungalow: Detached,5,5,0,0,0
S01008814,Whole house or bungalow: Semi-detached,18,15,3,0,3
S01008814,Whole house or bungalow: Terraced (including end-terrace),98,94,4,0,4
S01008814,Flat maisonette or apartment or mobile/temporary accommodation,300,289,11,1,10
S01008815,All household spaces,568,557,11,2,9
S01008815,Whole house or bungalow: Total,18,17,1,1,0
S01008815,Whole house or bungalow: Detached,1,1,0,0,0
S01008815,Whole house or bungalow: Semi-detached,5,5,0,0,0
S01008815,Whole house or bungalow: Terraced (including end-terrace),12,11,1,1,0
S01008815,Flat maisonette or apartment or mobile/temporary accommodation,550,540,10,1,9
S01008816,All household spaces,335,321,14,5,9
S01008816,Whole house or bungalow: Total,51,51,0,0,0
S01008816,Whole house or bungalow: Detached,2,2,0,0,0
S01008816,Whole house or bungalow: Semi-detached,15,15,0,0,0
S01008816,Whole house or bungalow: Terraced (including end-terrace),34,34,0,0,0
S01008816,Flat maisonette or apartment or mobile/temporary accommodation,284,270,14,5,9
S01008817,All household spaces,455,425,30,2,28
S01008817,Whole house or bungalow: Total,32,31,1,1,0
S01008817,Whole house or bungalow: Detached,3,2,1,1,0
S01008817,Whole house or bungalow: Semi-detached,5,5,0,0,0
S01008817,Whole house or bungalow: Terraced (including end-terrace),24,24,0,0,0
S01008817,Flat maisonette or apartment or mobile/temporary accommodation,423,394,29,1,28
S01008818,All household spaces,381,371,10,4,6
S01008818,Whole house or bungalow: Total,110,110,0,0,0
S01008818,Whole house or bungalow: Detached,13,13,0,0,0
S01008818,Whole house or bungalow: Semi-detached,24,24,0,0,0
S01008818,Whole house or bungalow: Terraced (including end-terrace),73,73,0,0,0
S01008818,Flat maisonette or apartment or mobile/temporary accommodation,271,261,10,4,6
S01008819,All household spaces,385,368,17,4,13
S01008819,Whole house or bungalow: Total,40,40,0,0,0
S01008819,Whole house or bungalow: Detached,7,7,0,0,0
S01008819,Whole house or bungalow: Semi-detached,12,12,0,0,0
S01008819,Whole house or bungalow: Terraced (including end-terrace),21,21,0,0,0
S01008819,Flat maisonette or apartment or mobile/temporary accommodation,345,328,17,4,13
S01008820,All household spaces,640,616,24,3,21
S01008820,Whole house or bungalow: Total,52,50,2,0,2
S01008820,Whole house or bungalow: Detached,8,8,0,0,0
S01008820,Whole house or bungalow: Semi-detached,8,8,0,0,0
S01008820,Whole house or bungalow: Terraced (including end-terrace),36,34,2,0,2
S01008820,Flat maisonette or apartment or mobile/temporary accommodation,588,566,22,3,19
S01008821,All household spaces,278,271,7,1,6
S01008821,Whole house or bungalow: Total,149,146,3,0,3
S01008821,Whole house or bungalow: Detached,7,7,0,0,0
S01008821,Whole house or bungalow: Semi-detached,25,25,0,0,0
S01008821,Whole house or bungalow: Terraced (including end-terrace),117,114,3,0,3
S01008821,Flat maisonette or apartment or mobile/temporary accommodation,129,125,4,1,3
S01008822,All household spaces,292,286,6,3,3
S01008822,Whole house or bungalow: Total,175,172,3,2,1
S01008822,Whole house or bungalow: Detached,13,13,0,0,0
S01008822,Whole house or bungalow: Semi-detached,33,33,0,0,0
S01008822,Whole house or bungalow: Terraced (including end-terrace),129,126,3,2,1
S01008822,Flat maisonette or apartment or mobile/temporary accommodation,117,114,3,1,2
S01008823,All household spaces,282,269,13,9,4
S01008823,Whole house or bungalow: Total,136,135,1,0,1
S01008823,Whole house or bungalow: Detached,13,13,0,0,0
S01008823,Whole house or bungalow: Semi-detached,36,36,0,0,0
S01008823,Whole house or bungalow: Terraced (including end-terrace),87,86,1,0,1
S01008823,Flat maisonette or apartment or mobile/temporary accommodation,146,134,12,9,3
S01008824,All household spaces,520,510,10,7,3
S01008824,Whole house or bungalow: Total,120,118,2,0,2
S01008824,Whole house or bungalow: Detached,10,10,0,0,0
S01008824,Whole house or bungalow: Semi-detached,49,48,1,0,1
S01008824,Whole house or bungalow: Terraced (including end-terrace),61,60,1,0,1
S01008824,Flat maisonette or apartment or mobile/temporary accommodation,400,392,8,7,1
S01008825,All household spaces,305,296,9,4,5
S01008825,Whole house or bungalow: Total,91,86,5,2,3
S01008825,Whole house or bungalow: Detached,10,9,1,0,1
S01008825,Whole house or bungalow: Semi-detached,48,47,1,0,1
S01008825,Whole house or bungalow: Terraced (including end-terrace),33,30,3,2,1
S01008825,Flat maisonette or apartment or mobile/temporary accommodation,214,210,4,2,2
S01008826,All household spaces,395,378,17,9,8
S01008826,Whole house or bungalow: Total,48,46,2,1,1
S01008826,Whole house or bungalow: Detached,16,16,0,0,0
S01008826,Whole house or bungalow: Semi-detached,17,15,2,1,1
S01008826,Whole house or bungalow: Terraced (including end-terrace),15,15,0,0,0
S01008826,Flat maisonette or apartment or mobile/temporary accommodation,347,332,15,8,7
S01008827,All household spaces,281,273,8,2,6
S01008827,Whole house or bungalow: Total,187,184,3,1,2
S01008827,Whole house or bungalow: Detached,22,22,0,0,0
S01008827,Whole house or bungalow: Semi-detached,68,67,1,0,1
S01008827,Whole house or bungalow: Terraced (including end-terrace),97,95,2,1,1
S01008827,Flat maisonette or apartment or mobile/temporary accommodation,94,89,5,1,4
S01008828,All household spaces,458,439,19,6,13
S01008828,Whole house or bungalow: Total,220,214,6,3,3
S01008828,Whole house or bungalow: Detached,52,51,1,0,1
S01008828,Whole house or bungalow: Semi-detached,83,82,1,0,1
S01008828,Whole house or bungalow: Terraced (including end-terrace),85,81,4,3,1
S01008828,Flat maisonette or apartment or mobile/temporary accommodation,238,225,13,3,10
S01008829,All household spaces,304,297,7,0,7
S01008829,Whole house or bungalow: Total,154,152,2,0,2
S01008829,Whole house or bungalow: Detached,37,37,0,0,0
S01008829,Whole house or bungalow: Semi-detached,105,104,1,0,1
S01008829,Whole house or bungalow: Terraced (including end-terrace),12,11,1,0,1
S01008829,Flat maisonette or apartment or mobile/temporary accommodation,150,145,5,0,5
S01008830,All household spaces,343,334,9,3,6
S01008830,Whole house or bungalow: Total,102,102,0,0,0
S01008830,Whole house or bungalow: Detached,6,6,0,0,0
S01008830,Whole house or bungalow: Semi-detached,7,7,0,0,0
S01008830,Whole house or bungalow: Terraced (including end-terrace),89,89,0,0,0
S01008830,Flat maisonette or apartment or mobile/temporary accommodation,241,232,9,3,6
S01008831,All household spaces,365,359,6,3,3
S01008831,Whole house or bungalow: Total,216,212,4,2,2
S01008831,Whole house or bungalow: Detached,46,44,2,1,1
S01008831,Whole house or bungalow: Semi-detached,38,38,0,0,0
S01008831,Whole house or bungalow: Terraced (including end-terrace),132,130,2,1,1
S01008831,Flat maisonette or apartment or mobile/temporary accommodation,149,147,2,1,1
S01008832,All household spaces,363,350,13,9,4
S01008832,Whole house or bungalow: Total,89,86,3,3,0
S01008832,Whole house or bungalow: Detached,41,41,0,0,0
S01008832,Whole house or bungalow: Semi-detached,17,17,0,0,0
S01008832,Whole house or bungalow: Terraced (including end-terrace),31,28,3,3,0
S01008832,Flat maisonette or apartment or mobile/temporary accommodation,274,264,10,6,4
S01008833,All household spaces,546,526,20,1,19
S01008833,Whole house or bungalow: Total,87,84,3,0,3
S01008833,Whole house or bungalow: Detached,15,13,2,0,2
S01008833,Whole house or bungalow: Semi-detached,30,29,1,0,1
S01008833,Whole house or bungalow: Terraced (including end-terrace),42,42,0,0,0
S01008833,Flat maisonette or apartment or mobile/temporary accommodation,459,442,17,1,16
S01008834,All household spaces,529,519,10,3,7
S01008834,Whole house or bungalow: Total,199,195,4,1,3
S01008834,Whole house or bungalow: Detached,11,11,0,0,0
S01008834,Whole house or bungalow: Semi-detached,66,66,0,0,0
S01008834,Whole house or bungalow: Terraced (including end-terrace),122,118,4,1,3
S01008834,Flat maisonette or apartment or mobile/temporary accommodation,330,324,6,2,4
S01008835,All household spaces,415,407,8,2,6
S01008835,Whole house or bungalow: Total,135,133,2,0,2
S01008835,Whole house or bungalow: Detached,34,33,1,0,1
S01008835,Whole house or bungalow: Semi-detached,48,47,1,0,1
S01008835,Whole house or bungalow: Terraced (including end-terrace),53,53,0,0,0
S01008835,Flat maisonette or apartment or mobile/temporary accommodation,280,274,6,2,4
S01008836,All household spaces,421,413,8,2,6
S01008836,Whole house or bungalow: Total,23,23,0,0,0
S01008836,Whole house or bungalow: Detached,3,3,0,0,0
S01008836,Whole house or bungalow: Semi-detached,8,8,0,0,0
S01008836,Whole house or bungalow: Terraced (including end-terrace),12,12,0,0,0
S01008836,Flat maisonette or apartment or mobile/temporary accommodation,398,390,8,2,6
S01008837,All household spaces,645,630,15,6,9
S01008837,Whole house or bungalow: Total,24,24,0,0,0
S01008837,Whole house or bungalow: Detached,0,0,0,0,0
S01008837,Whole house or bungalow: Semi-detached,4,4,0,0,0
S01008837,Whole house or bungalow: Terraced (including end-terrace),20,20,0,0,0
S01008837,Flat maisonette or apartment or mobile/temporary accommodation,621,606,15,6,9
S01008838,All household spaces,644,606,38,6,32
S01008838,Whole house or bungalow: Total,105,101,4,0,4
S01008838,Whole house or bungalow: Detached,4,4,0,0,0
S01008838,Whole house or bungalow: Semi-detached,13,13,0,0,0
S01008838,Whole house or bungalow: Terraced (including end-terrace),88,84,4,0,4
S01008838,Flat maisonette or apartment or mobile/temporary accommodation,539,505,34,6,28
S01008839,All household spaces,573,549,24,6,18
S01008839,Whole house or bungalow: Total,123,119,4,2,2
S01008839,Whole house or bungalow: Detached,4,4,0,0,0
S01008839,Whole house or bungalow: Semi-detached,16,16,0,0,0
S01008839,Whole house or bungalow: Terraced (including end-terrace),103,99,4,2,2
S01008839,Flat maisonette or apartment or mobile/temporary accommodation,450,430,20,4,16
S01008840,All household spaces,528,510,18,5,13
S01008840,Whole house or bungalow: Total,167,162,5,1,4
S01008840,Whole house or bungalow: Detached,4,4,0,0,0
S01008840,Whole house or bungalow: Semi-detached,30,30,0,0,0
S01008840,Whole house or bungalow: Terraced (including end-terrace),133,128,5,1,4
S01008840,Flat maisonette or apartment or mobile/temporary accommodation,361,348,13,4,9
S01008841,All household spaces,316,291,25,1,24
S01008841,Whole house or bungalow: Total,53,52,1,0,1
S01008841,Whole house or bungalow: Detached,3,3,0,0,0
S01008841,Whole house or bungalow: Semi-detached,14,13,1,0,1
S01008841,Whole house or bungalow: Terraced (including end-terrace),36,36,0,0,0
S01008841,Flat maisonette or apartment or mobile/temporary accommodation,263,239,24,1,23
S01008842,All household spaces,443,433,10,0,10
S01008842,Whole house or bungalow: Total,65,64,1,0,1
S01008842,Whole house or bungalow: Detached,15,15,0,0,0
S01008842,Whole house or bungalow: Semi-detached,14,14,0,0,0
S01008842,Whole house or bungalow: Terraced (including end-terrace),36,35,1,0,1
S01008842,Flat maisonette or apartment or mobile/temporary accommodation,378,369,9,0,9
S01008843,All household spaces,491,464,27,4,23
S01008843,Whole house or bungalow: Total,26,24,2,0,2
S01008843,Whole house or bungalow: Detached,0,0,0,0,0
S01008843,Whole house or bungalow: Semi-detached,4,4,0,0,0
S01008843,Whole house or bungalow: Terraced (including end-terrace),22,20,2,0,2
S01008843,Flat maisonette or apartment or mobile/temporary accommodation,465,440,25,4,21
S01008844,All household spaces,380,355,25,8,17
S01008844,Whole house or bungalow: Total,17,16,1,0,1
S01008844,Whole house or bungalow: Detached,2,2,0,0,0
S01008844,Whole house or bungalow: Semi-detached,0,0,0,0,0
S01008844,Whole house or bungalow: Terraced (including end-terrace),15,14,1,0,1
S01008844,Flat maisonette or apartment or mobile/temporary accommodation,363,339,24,8,16
S01008845,All household spaces,498,420,78,54,24
S01008845,Whole house or bungalow: Total,27,25,2,1,1
S01008845,Whole house or bungalow: Detached,6,5,1,1,0
S01008845,Whole house or bungalow: Semi-detached,5,5,0,0,0
S01008845,Whole house or bungalow: Terraced (including end-terrace),16,15,1,0,1
S01008845,Flat maisonette or apartment or mobile/temporary accommodation,471,395,76,53,23
S01008846,All household spaces,406,386,20,17,3
S01008846,Whole house or bungalow: Total,49,46,3,2,1
S01008846,Whole house or bungalow: Detached,4,4,0,0,0
S01008846,Whole house or bungalow: Semi-detached,4,4,0,0,0
S01008846,Whole house or bungalow: Terraced (including end-terrace),41,38,3,2,1
S01008846,Flat maisonette or apartment or mobile/temporary accommodation,357,340,17,15,2
S01008847,All household spaces,295,263,32,15,17
S01008847,Whole house or bungalow: Total,53,25,28,13,15
S01008847,Whole house or bungalow: Detached,2,2,0,0,0
S01008847,Whole house or bungalow: Semi-detached,8,8,0,0,0
S01008847,Whole house or bungalow: Terraced (including end-terrace),43,15,28,13,15
S01008847,Flat maisonette or apartment or mobile/temporary accommodation,242,238,4,2,2
S01008848,All household spaces,395,384,11,6,5
S01008848,Whole house or bungalow: Total,46,42,4,1,3
S01008848,Whole house or bungalow: Detached,4,4,0,0,0
S01008848,Whole house or bungalow: Semi-detached,8,8,0,0,0
S01008848,Whole house or bungalow: Terraced (including end-terrace),34,30,4,1,3
S01008848,Flat maisonette or apartment or mobile/temporary accommodation,349,342,7,5,2
S01008849,All household spaces,471,396,75,47,28
S01008849,Whole house or bungalow: Total,34,17,17,12,5
S01008849,Whole house or bungalow: Detached,1,0,1,1,0
S01008849,Whole house or bungalow: Semi-detached,3,2,1,1,0
S01008849,Whole house or bungalow: Terraced (including end-terrace),30,15,15,10,5
S01008849,Flat maisonette or apartment or mobile/temporary accommodation,437,379,58,35,23
S01008850,All household spaces,441,401,40,21,19
S01008850,Whole house or bungalow: Total,55,47,8,7,1
S01008850,Whole house or bungalow: Detached,5,4,1,1,0
S01008850,Whole house or bungalow: Semi-detached,6,4,2,2,0
S01008850,Whole house or bungalow: Terraced (including end-terrace),44,39,5,4,1
S01008850,Flat maisonette or apartment or mobile/temporary accommodation,386,354,32,14,18
S01008851,All household spaces,693,634,59,38,21
S01008851,Whole house or bungalow: Total,48,39,9,6,3
S01008851,Whole house or bungalow: Detached,3,3,0,0,0
S01008851,Whole house or bungalow: Semi-detached,9,8,1,1,0
S01008851,Whole house or bungalow: Terraced (including end-terrace),36,28,8,5,3
S01008851,Flat maisonette or apartment or mobile/temporary accommodation,645,595,50,32,18
S01008852,All household spaces,567,503,64,43,21
S01008852,Whole house or bungalow: Total,81,70,11,6,5
S01008852,Whole house or bungalow: Detached,6,5,1,1,0
S01008852,Whole house or bungalow: Semi-detached,11,10,1,1,0
S01008852,Whole house or bungalow: Terraced (including end-terrace),64,55,9,4,5
S01008852,Flat maisonette or apartment or mobile/temporary accommodation,486,433,53,37,16
S01008853,All household spaces,371,352,19,11,8
S01008853,Whole house or bungalow: Total,20,16,4,4,0
S01008853,Whole house or bungalow: Detached,3,2,1,1,0
S01008853,Whole house or bungalow: Semi-detached,3,3,0,0,0
S01008853,Whole house or bungalow: Terraced (including end-terrace),14,11,3,3,0
S01008853,Flat maisonette or apartment or mobile/temporary accommodation,351,336,15,7,8
S01008854,All household spaces,515,483,32,8,24
S01008854,Whole house or bungalow: Total,32,26,6,2,4
S01008854,Whole house or bungalow: Detached,6,6,0,0,0
S01008854,Whole house or bungalow: Semi-detached,4,4,0,0,0
S01008854,Whole house or bungalow: Terraced (including end-terrace),22,16,6,2,4
S01008854,Flat maisonette or apartment or mobile/temporary accommodation,483,457,26,6,20
S01008855,All household spaces,675,620,55,13,42
S01008855,Whole house or bungalow: Total,38,38,0,0,0
S01008855,Whole house or bungalow: Detached,5,5,0,0,0
S01008855,Whole house or bungalow: Semi-detached,7,7,0,0,0
S01008855,Whole house or bungalow: Terraced (including end-terrace),26,26,0,0,0
S01008855,Flat maisonette or apartment or mobile/temporary accommodation,637,582,55,13,42
S01008856,All household spaces,311,296,15,9,6
S01008856,Whole house or bungalow: Total,12,10,2,2,0
S01008856,Whole house or bungalow: Detached,3,3,0,0,0
S01008856,Whole house or bungalow: Semi-detached,0,0,0,0,0
S01008856,Whole house or bungalow: Terraced (including end-terrace),9,7,2,2,0
S01008856,Flat maisonette or apartment or mobile/temporary accommodation,299,286,13,7,6
S01008857,All household spaces,463,434,29,7,22
S01008857,Whole house or bungalow: Total,102,90,12,4,8
S01008857,Whole house or bungalow: Detached,2,2,0,0,0
S01008857,Whole house or bungalow: Semi-detached,5,5,0,0,0
S01008857,Whole house or bungalow: Terraced (including end-terrace),95,83,12,4,8
S01008857,Flat maisonette or apartment or mobile/temporary accommodation,361,344,17,3,14
S01008858,All household spaces,361,328,33,15,18
S01008858,Whole house or bungalow: Total,118,96,22,8,14
S01008858,Whole house or bungalow: Detached,4,4,0,0,0
S01008858,Whole house or bungalow: Semi-detached,6,6,0,0,0
S01008858,Whole house or bungalow: Terraced (including end-terrace),108,86,22,8,14
S01008858,Flat maisonette or apartment or mobile/temporary accommodation,243,232,11,7,4
S01008859,All household spaces,760,712,48,17,31
S01008859,Whole house or bungalow: Total,26,24,2,0,2
S01008859,Whole house or bungalow: Detached,3,3,0,0,0
S01008859,Whole house or bungalow: Semi-detached,8,8,0,0,0
S01008859,Whole house or bungalow: Terraced (including end-terrace),15,13,2,0,2
S01008859,Flat maisonette or apartment or mobile/temporary accommodation,734,688,46,17,29
S01008860,All household spaces,540,500,40,16,24
S01008860,Whole house or bungalow: Total,37,33,4,0,4
S01008860,Whole house or bungalow: Detached,2,2,0,0,0
S01008860,Whole house or bungalow: Semi-detached,9,9,0,0,0
S01008860,Whole house or bungalow: Terraced (including end-terrace),26,22,4,0,4
S01008860,Flat maisonette or apartment or mobile/temporary accommodation,503,467,36,16,20
S01008861,All household spaces,395,349,46,17,29
S01008861,Whole house or bungalow: Total,98,94,4,2,2
S01008861,Whole house or bungalow: Detached,4,4,0,0,0
S01008861,Whole house or bungalow: Semi-detached,4,4,0,0,0
S01008861,Whole house or bungalow: Terraced (including end-terrace),90,86,4,2,2
S01008861,Flat maisonette or apartment or mobile/temporary accommodation,297,255,42,15,27
S01008862,All household spaces,585,561,24,7,17
S01008862,Whole house or bungalow: Total,86,82,4,0,4
S01008862,Whole house or bungalow: Detached,2,2,0,0,0
S01008862,Whole house or bungalow: Semi-detached,7,7,0,0,0
S01008862,Whole house or bungalow: Terraced (including end-terrace),77,73,4,0,4
S01008862,Flat maisonette or apartment or mobile/temporary accommodation,499,479,20,7,13
S01008863,All household spaces,412,392,20,9,11
S01008863,Whole house or bungalow: Total,76,70,6,5,1
S01008863,Whole house or bungalow: Detached,2,2,0,0,0
S01008863,Whole house or bungalow: Semi-detached,8,8,0,0,0
S01008863,Whole house or bungalow: Terraced (including end-terrace),66,60,6,5,1
S01008863,Flat maisonette or apartment or mobile/temporary accommodation,336,322,14,4,10
S01008864,All household spaces,443,410,33,9,24
S01008864,Whole house or bungalow: Total,47,44,3,1,2
S01008864,Whole house or bungalow: Detached,11,11,0,0,0
S01008864,Whole house or bungalow: Semi-detached,6,6,0,0,0
S01008864,Whole house or bungalow: Terraced (including end-terrace),30,27,3,1,2
S01008864,Flat maisonette or apartment or mobile/temporary accommodation,396,366,30,8,22
S01008865,All household spaces,470,455,15,6,9
S01008865,Whole house or bungalow: Total,13,13,0,0,0
S01008865,Whole house or bungalow: Detached,0,0,0,0,0
S01008865,Whole house or bungalow: Semi-detached,4,4,0,0,0
S01008865,Whole house or bungalow: Terraced (including end-terrace),9,9,0,0,0
S01008865,Flat maisonette or apartment or mobile/temporary accommodation,457,442,15,6,9
S01008866,All household spaces,481,467,14,3,11
S01008866,Whole house or bungalow: Total,25,25,0,0,0
S01008866,Whole house or bungalow: Detached,2,2,0,0,0
S01008866,Whole house or bungalow: Semi-detached,1,1,0,0,0
S01008866,Whole house or bungalow: Terraced (including end-terrace),22,22,0,0,0
S01008866,Flat maisonette or apartment or mobile/temporary accommodation,456,442,14,3,11
S01008867,All household spaces,461,421,40,18,22
S01008867,Whole house or bungalow: Total,38,36,2,1,1
S01008867,Whole house or bungalow: Detached,3,3,0,0,0
S01008867,Whole house or bungalow: Semi-detached,7,7,0,0,0
S01008867,Whole house or bungalow: Terraced (including end-terrace),28,26,2,1,1
S01008867,Flat maisonette or apartment or mobile/temporary accommodation,423,385,38,17,21
S01008868,All household spaces,478,391,87,45,42
S01008868,Whole house or bungalow: Total,38,28,10,1,9
S01008868,Whole house or bungalow: Detached,6,5,1,1,0
S01008868,Whole house or bungalow: Semi-detached,3,3,0,0,0
S01008868,Whole house or bungalow: Terraced (including end-terrace),29,20,9,0,9
S01008868,Flat maisonette or apartment or mobile/temporary accommodation,440,363,77,44,33
S01008869,All household spaces,660,615,45,28,17
S01008869,Whole house or bungalow: Total,57,47,10,9,1
S01008869,Whole house or bungalow: Detached,8,8,0,0,0
S01008869,Whole house or bungalow: Semi-detached,9,8,1,1,0
S01008869,Whole house or bungalow: Terraced (including end-terrace),40,31,9,8,1
S01008869,Flat maisonette or apartment or mobile/temporary accommodation,603,568,35,19,16
S01008870,All household spaces,465,426,39,23,16
S01008870,Whole house or bungalow: Total,121,109,12,5,7
S01008870,Whole house or bungalow: Detached,21,21,0,0,0
S01008870,Whole house or bungalow: Semi-detached,12,10,2,1,1
S01008870,Whole house or bungalow: Terraced (including end-terrace),88,78,10,4,6
S01008870,Flat maisonette or apartment or mobile/temporary accommodation,344,317,27,18,9
S01008871,All household spaces,554,503,51,11,40
S01008871,Whole house or bungalow: Total,37,33,4,3,1
S01008871,Whole house or bungalow: Detached,3,3,0,0,0
S01008871,Whole house or bungalow: Semi-detached,6,6,0,0,0
S01008871,Whole house or bungalow: Terraced (including end-terrace),28,24,4,3,1
S01008871,Flat maisonette or apartment or mobile/temporary accommodation,517,470,47,8,39
S01008872,All household spaces,434,401,33,4,29
S01008872,Whole house or bungalow: Total,49,46,3,2,1
S01008872,Whole house or bungalow: Detached,6,5,1,1,0
S01008872,Whole house or bungalow: Semi-detached,7,7,0,0,0
S01008872,Whole house or bungalow: Terraced (including end-terrace),36,34,2,1,1
S01008872,Flat maisonette or apartment or mobile/temporary accommodation,385,355,30,2,28
S01008873,All household spaces,363,334,29,2,27
S01008873,Whole house or bungalow: Total,154,145,9,0,9
S01008873,Whole house or bungalow: Detached,44,43,1,0,1
S01008873,Whole house or bungalow: Semi-detached,52,49,3,0,3
S01008873,Whole house or bungalow: Terraced (including end-terrace),58,53,5,0,5
S01008873,Flat maisonette or apartment or mobile/temporary accommodation,209,189,20,2,18
S01008874,All household spaces,550,514,36,11,25
S01008874,Whole house or bungalow: Total,164,149,15,3,12
S01008874,Whole house or bungalow: Detached,7,7,0,0,0
S01008874,Whole house or bungalow: Semi-detached,26,25,1,1,0
S01008874,Whole house or bungalow: Terraced (including end-terrace),131,117,14,2,12
S01008874,Flat maisonette or apartment or mobile/temporary accommodation,386,365,21,8,13
S01008875,All household spaces,522,502,20,2,18
S01008875,Whole house or bungalow: Total,37,34,3,0,3
S01008875,Whole house or bungalow: Detached,6,6,0,0,0
S01008875,Whole house or bungalow: Semi-detached,6,6,0,0,0
S01008875,Whole house or bungalow: Terraced (including end-terrace),25,22,3,0,3
S01008875,Flat maisonette or apartment or mobile/temporary accommodation,485,468,17,2,15
S01008876,All household spaces,305,291,14,0,14
S01008876,Whole house or bungalow: Total,181,173,8,0,8
S01008876,Whole house or bungalow: Detached,36,35,1,0,1
S01008876,Whole house or bungalow: Semi-detached,49,44,5,0,5
S01008876,Whole house or bungalow: Terraced (including end-terrace),96,94,2,0,2
S01008876,Flat maisonette or apartment or mobile/temporary accommodation,124,118,6,0,6
S01008877,All household spaces,246,243,3,0,3
S01008877,Whole house or bungalow: Total,117,117,0,0,0
S01008877,Whole house or bungalow: Detached,21,21,0,0,0
S01008877,Whole house or bungalow: Semi-detached,30,30,0,0,0
S01008877,Whole house or bungalow: Terraced (including end-terrace),66,66,0,0,0
S01008877,Flat maisonette or apartment or mobile/temporary accommodation,129,126,3,0,3
S01008878,All household spaces,470,459,11,0,11
S01008878,Whole house or bungalow: Total,177,173,4,0,4
S01008878,Whole house or bungalow: Detached,69,67,2,0,2
S01008878,Whole house or bungalow: Semi-detached,48,47,1,0,1
S01008878,Whole house or bungalow: Terraced (including end-terrace),60,59,1,0,1
S01008878,Flat maisonette or apartment or mobile/temporary accommodation,293,286,7,0,7
S01008879,All household spaces,416,411,5,0,5
S01008879,Whole house or bungalow: Total,155,154,1,0,1
S01008879,Whole house or bungalow: Detached,8,8,0,0,0
S01008879,Whole house or bungalow: Semi-detached,63,63,0,0,0
S01008879,Whole house or bungalow: Terraced (including end-terrace),84,83,1,0,1
S01008879,Flat maisonette or apartment or mobile/temporary accommodation,261,257,4,0,4
S01008880,All household spaces,294,291,3,1,2
S01008880,Whole house or bungalow: Total,170,169,1,0,1
S01008880,Whole house or bungalow: Detached,18,18,0,0,0
S01008880,Whole house or bungalow: Semi-detached,20,19,1,0,1
S01008880,Whole house or bungalow: Terraced (including end-terrace),132,132,0,0,0
S01008880,Flat maisonette or apartment or mobile/temporary accommodation,124,122,2,1,1
S01008881,All household spaces,285,264,21,4,17
S01008881,Whole house or bungalow: Total,155,144,11,1,10
S01008881,Whole house or bungalow: Detached,79,74,5,1,4
S01008881,Whole house or bungalow: Semi-detached,63,61,2,0,2
S01008881,Whole house or bungalow: Terraced (including end-terrace),13,9,4,0,4
S01008881,Flat maisonette or apartment or mobile/temporary accommodation,130,120,10,3,7
S01008882,All household spaces,416,401,15,3,12
S01008882,Whole house or bungalow: Total,267,263,4,0,4
S01008882,Whole house or bungalow: Detached,23,23,0,0,0
S01008882,Whole house or bungalow: Semi-detached,43,42,1,0,1
S01008882,Whole house or bungalow: Terraced (including end-terrace),201,198,3,0,3
S01008882,Flat maisonette or apartment or mobile/temporary accommodation,149,138,11,3,8
S01008883,All household spaces,388,362,26,10,16
S01008883,Whole house or bungalow: Total,223,210,13,6,7
S01008883,Whole house or bungalow: Detached,111,103,8,3,5
S01008883,Whole house or bungalow: Semi-detached,76,75,1,0,1
S01008883,Whole house or bungalow: Terraced (including end-terrace),36,32,4,3,1
S01008883,Flat maisonette or apartment or mobile/temporary accommodation,165,152,13,4,9
S01008884,All household spaces,325,316,9,6,3
S01008884,Whole house or bungalow: Total,239,234,5,3,2
S01008884,Whole house or bungalow: Detached,180,175,5,3,2
S01008884,Whole house or bungalow: Semi-detached,25,25,0,0,0
S01008884,Whole house or bungalow: Terraced (including end-terrace),34,34,0,0,0
S01008884,Flat maisonette or apartment or mobile/temporary accommodation,86,82,4,3,1
S01008885,All household spaces,348,345,3,1,2
S01008885,Whole house or bungalow: Total,328,325,3,1,2
S01008885,Whole house or bungalow: Detached,231,229,2,1,1
S01008885,Whole house or bungalow: Semi-detached,95,94,1,0,1
S01008885,Whole house or bungalow: Terraced (including end-terrace),2,2,0,0,0
S01008885,Flat maisonette or apartment or mobile/temporary accommodation,20,20,0,0,0
S01008886,All household spaces,464,425,39,7,32
S01008886,Whole house or bungalow: Total,131,131,0,0,0
S01008886,Whole house or bungalow: Detached,30,30,0,0,0
S01008886,Whole house or bungalow: Semi-detached,37,37,0,0,0
S01008886,Whole house or bungalow: Terraced (including end-terrace),64,64,0,0,0
S01008886,Flat maisonette or apartment or mobile/temporary accommodation,333,294,39,7,32
S01008887,All household spaces,366,358,8,1,7
S01008887,Whole house or bungalow: Total,219,219,0,0,0
S01008887,Whole house or bungalow: Detached,45,45,0,0,0
S01008887,Whole house or bungalow: Semi-detached,145,145,0,0,0
S01008887,Whole house or bungalow: Terraced (including end-terrace),29,29,0,0,0
S01008887,Flat maisonette or apartment or mobile/temporary accommodation,147,139,8,1,7
S01008888,All household spaces,386,373,13,8,5
S01008888,Whole house or bungalow: Total,47,41,6,3,3
S01008888,Whole house or bungalow: Detached,7,7,0,0,0
S01008888,Whole house or bungalow: Semi-detached,9,9,0,0,0
S01008888,Whole house or bungalow: Terraced (including end-terrace),31,25,6,3,3
S01008888,Flat maisonette or apartment or mobile/temporary accommodation,339,332,7,5,2
S01008889,All household spaces,270,267,3,1,2
S01008889,Whole house or bungalow: Total,132,131,1,0,1
S01008889,Whole house or bungalow: Detached,47,47,0,0,0
S01008889,Whole house or bungalow: Semi-detached,44,43,1,0,1
S01008889,Whole house or bungalow: Terraced (including end-terrace),41,41,0,0,0
S01008889,Flat maisonette or apartment or mobile/temporary accommodation,138,136,2,1,1
S01008890,All household spaces,312,308,4,0,4
S01008890,Whole house or bungalow: Total,285,281,4,0,4
S01008890,Whole house or bungalow: Detached,104,101,3,0,3
S01008890,Whole house or bungalow: Semi-detached,147,146,1,0,1
S01008890,Whole house or bungalow: Terraced (including end-terrace),34,34,0,0,0
S01008890,Flat maisonette or apartment or mobile/temporary accommodation,27,27,0,0,0
S01008891,All household spaces,339,329,10,2,8
S01008891,Whole house or bungalow: Total,313,303,10,2,8
S01008891,Whole house or bungalow: Detached,67,63,4,0,4
S01008891,Whole house or bungalow: Semi-detached,148,145,3,1,2
S01008891,Whole house or bungalow: Terraced (including end-terrace),98,95,3,1,2
S01008891,Flat maisonette or apartment or mobile/temporary accommodation,26,26,0,0,0
S01008892,All household spaces,561,533,28,6,22
S01008892,Whole house or bungalow: Total,159,156,3,0,3
S01008892,Whole house or bungalow: Detached,49,48,1,0,1
S01008892,Whole house or bungalow: Semi-detached,76,74,2,0,2
S01008892,Whole house or bungalow: Terraced (including end-terrace),34,34,0,0,0
S01008892,Flat maisonette or apartment or mobile/temporary accommodation,402,377,25,6,19
S01008893,All household spaces,357,353,4,0,4
S01008893,Whole house or bungalow: Total,304,302,2,0,2
S01008893,Whole house or bungalow: Detached,64,63,1,0,1
S01008893,Whole house or bungalow: Semi-detached,159,159,0,0,0
S01008893,Whole house or bungalow: Terraced (including end-terrace),81,80,1,0,1
S01008893,Flat maisonette or apartment or mobile/temporary accommodation,53,51,2,0,2
S01008894,All household spaces,341,337,4,0,4
S01008894,Whole house or bungalow: Total,314,310,4,0,4
S01008894,Whole house or bungalow: Detached,176,173,3,0,3
S01008894,Whole house or bungalow: Semi-detached,113,112,1,0,1
S01008894,Whole house or bungalow: Terraced (including end-terrace),25,25,0,0,0
S01008894,Flat maisonette or apartment or mobile/temporary accommodation,27,27,0,0,0
S01008895,All household spaces,311,301,10,2,8
S01008895,Whole house or bungalow: Total,286,277,9,2,7
S01008895,Whole house or bungalow: Detached,231,223,8,2,6
S01008895,Whole house or bungalow: Semi-detached,51,51,0,0,0
S01008895,Whole house or bungalow: Terraced (including end-terrace),4,3,1,0,1
S01008895,Flat maisonette or apartment or mobile/temporary accommodation,25,24,1,0,1
S01008896,All household spaces,213,208,5,2,3
S01008896,Whole house or bungalow: Total,156,154,2,0,2
S01008896,Whole house or bungalow: Detached,110,110,0,0,0
S01008896,Whole house or bungalow: Semi-detached,13,13,0,0,0
S01008896,Whole house or bungalow: Terraced (including end-terrace),33,31,2,0,2
S01008896,Flat maisonette or apartment or mobile/temporary accommodation,57,54,3,2,1
S01008897,All household spaces,309,304,5,2,3
S01008897,Whole house or bungalow: Total,211,210,1,1,0
S01008897,Whole house or bungalow: Detached,131,131,0,0,0
S01008897,Whole house or bungalow: Semi-detached,39,38,1,1,0
S01008897,Whole house or bungalow: Terraced (including end-terrace),41,41,0,0,0
S01008897,Flat maisonette or apartment or mobile/temporary accommodation,98,94,4,1,3
S01008898,All household spaces,335,331,4,1,3
S01008898,Whole house or bungalow: Total,321,319,2,0,2
S01008898,Whole house or bungalow: Detached,226,224,2,0,2
S01008898,Whole house or bungalow: Semi-detached,79,79,0,0,0
S01008898,Whole house or bungalow: Terraced (including end-terrace),16,16,0,0,0
S01008898,Flat maisonette or apartment or mobile/temporary accommodation,14,12,2,1,1
S01008899,All household spaces,393,389,4,0,4
S01008899,Whole house or bungalow: Total,126,124,2,0,2
S01008899,Whole house or bungalow: Detached,5,5,0,0,0
S01008899,Whole house or bungalow: Semi-detached,62,61,1,0,1
S01008899,Whole house or bungalow: Terraced (including end-terrace),59,58,1,0,1
S01008899,Flat maisonette or apartment or mobile/temporary accommodation,267,265,2,0,2
S01008900,All household spaces,419,415,4,0,4
S01008900,Whole house or bungalow: Total,214,212,2,0,2
S01008900,Whole house or bungalow: Detached,12,11,1,0,1
S01008900,Whole house or bungalow: Semi-detached,109,109,0,0,0
S01008900,Whole house or bungalow: Terraced (including end-terrace),93,92,1,0,1
S01008900,Flat maisonette or apartment or mobile/temporary accommodation,205,203,2,0,2
S01008901,All household spaces,378,374,4,1,3
S01008901,Whole house or bungalow: Total,174,171,3,1,2
S01008901,Whole house or bungalow: Detached,43,43,0,0,0
S01008901,Whole house or bungalow: Semi-detached,65,62,3,1,2
S01008901,Whole house or bungalow: Terraced (including end-terrace),66,66,0,0,0
S01008901,Flat maisonette or apartment or mobile/temporary accommodation,204,203,1,0,1
S01008902,All household spaces,514,485,29,2,27
S01008902,Whole house or bungalow: Total,140,128,12,2,10
S01008902,Whole house or bungalow: Detached,18,18,0,0,0
S01008902,Whole house or bungalow: Semi-detached,30,28,2,0,2
S01008902,Whole house or bungalow: Terraced (including end-terrace),92,82,10,2,8
S01008902,Flat maisonette or apartment or mobile/temporary accommodation,374,357,17,0,17
S01008903,All household spaces,475,463,12,0,12
S01008903,Whole house or bungalow: Total,226,223,3,0,3
S01008903,Whole house or bungalow: Detached,12,12,0,0,0
S01008903,Whole house or bungalow: Semi-detached,129,126,3,0,3
S01008903,Whole house or bungalow: Terraced (including end-terrace),85,85,0,0,0
S01008903,Flat maisonette or apartment or mobile/temporary accommodation,249,240,9,0,9
S01008904,All household spaces,441,431,10,0,10
S01008904,Whole house or bungalow: Total,46,44,2,0,2
S01008904,Whole house or bungalow: Detached,6,6,0,0,0
S01008904,Whole house or bungalow: Semi-detached,15,15,0,0,0
S01008904,Whole house or bungalow: Terraced (including end-terrace),25,23,2,0,2
S01008904,Flat maisonette or apartment or mobile/temporary accommodation,395,387,8,0,8
S01008905,All household spaces,515,510,5,0,5
S01008905,Whole house or bungalow: Total,44,44,0,0,0
S01008905,Whole house or bungalow: Detached,7,7,0,0,0
S01008905,Whole house or bungalow: Semi-detached,7,7,0,0,0
S01008905,Whole house or bungalow: Terraced (including end-terrace),30,30,0,0,0
S01008905,Flat maisonette or apartment or mobile/temporary accommodation,471,466,5,0,5
S01008906,All household spaces,392,386,6,0,6
S01008906,Whole house or bungalow: Total,60,59,1,0,1
S01008906,Whole house or bungalow: Detached,7,7,0,0,0
S01008906,Whole house or bungalow: Semi-detached,23,22,1,0,1
S01008906,Whole house or bungalow: Terraced (including end-terrace),30,30,0,0,0
S01008906,Flat maisonette or apartment or mobile/temporary accommodation,332,327,5,0,5
S01008907,All household spaces,254,249,5,1,4
S01008907,Whole house or bungalow: Total,92,91,1,0,1
S01008907,Whole house or bungalow: Detached,9,9,0,0,0
S01008907,Whole house or bungalow: Semi-detached,42,41,1,0,1
S01008907,Whole house or bungalow: Terraced (including end-terrace),41,41,0,0,0
S01008907,Flat maisonette or apartment or mobile/temporary accommodation,162,158,4,1,3
S01008908,All household spaces,437,421,16,1,15
S01008908,Whole house or bungalow: Total,63,63,0,0,0
S01008908,Whole house or bungalow: Detached,6,6,0,0,0
S01008908,Whole house or bungalow: Semi-detached,27,27,0,0,0
S01008908,Whole house or bungalow: Terraced (including end-terrace),30,30,0,0,0
S01008908,Flat maisonette or apartment or mobile/temporary accommodation,374,358,16,1,15
S01008909,All household spaces,358,347,11,9,2
S01008909,Whole house or bungalow: Total,86,76,10,9,1
S01008909,Whole house or bungalow: Detached,3,3,0,0,0
S01008909,Whole house or bungalow: Semi-detached,34,34,0,0,0
S01008909,Whole house or bungalow: Terraced (including end-terrace),49,39,10,9,1
S01008909,Flat maisonette or apartment or mobile/temporary accommodation,272,271,1,0,1
S01008910,All household spaces,212,211,1,0,1
S01008910,Whole house or bungalow: Total,47,46,1,0,1
S01008910,Whole house or bungalow: Detached,1,1,0,0,0
S01008910,Whole house or bungalow: Semi-detached,27,27,0,0,0
S01008910,Whole house or bungalow: Terraced (including end-terrace),19,18,1,0,1
S01008910,Flat maisonette or apartment or mobile/temporary accommodation,165,165,0,0,0
S01008911,All household spaces,449,432,17,3,14
S01008911,Whole house or bungalow: Total,21,20,1,0,1
S01008911,Whole house or bungalow: Detached,2,2,0,0,0
S01008911,Whole house or bungalow: Semi-detached,3,3,0,0,0
S01008911,Whole house or bungalow: Terraced (including end-terrace),16,15,1,0,1
S01008911,Flat maisonette or apartment or mobile/temporary accommodation,428,412,16,3,13
S01008912,All household spaces,341,333,8,1,7
S01008912,Whole house or bungalow: Total,187,182,5,0,5
S01008912,Whole house or bungalow: Detached,16,16,0,0,0
S01008912,Whole house or bungalow: Semi-detached,79,77,2,0,2
S01008912,Whole house or bungalow: Terraced (including end-terrace),92,89,3,0,3
S01008912,Flat maisonette or apartment or mobile/temporary accommodation,154,151,3,1,2
S01008913,All household spaces,273,272,1,0,1
S01008913,Whole house or bungalow: Total,118,118,0,0,0
S01008913,Whole house or bungalow: Detached,3,3,0,0,0
S01008913,Whole house or bungalow: Semi-detached,31,31,0,0,0
S01008913,Whole house or bungalow: Terraced (including end-terrace),84,84,0,0,0
S01008913,Flat maisonette or apartment or mobile/temporary accommodation,155,154,1,0,1
S01008914,All household spaces,409,398,11,5,6
S01008914,Whole house or bungalow: Total,207,200,7,5,2
S01008914,Whole house or bungalow: Detached,20,20,0,0,0
S01008914,Whole house or bungalow: Semi-detached,146,144,2,0,2
S01008914,Whole house or bungalow: Terraced (including end-terrace),41,36,5,5,0
S01008914,Flat maisonette or apartment or mobile/temporary accommodation,202,198,4,0,4
S01008915,All household spaces,238,236,2,2,0
S01008915,Whole house or bungalow: Total,136,136,0,0,0
S01008915,Whole house or bungalow: Detached,12,12,0,0,0
S01008915,Whole house or bungalow: Semi-detached,70,70,0,0,0
S01008915,Whole house or bungalow: Terraced (including end-terrace),54,54,0,0,0
S01008915,Flat maisonette or apartment or mobile/temporary accommodation,102,100,2,2,0
S01008916,All household spaces,600,593,7,0,7
S01008916,Whole house or bungalow: Total,66,66,0,0,0
S01008916,Whole house or bungalow: Detached,15,15,0,0,0
S01008916,Whole house or bungalow: Semi-detached,32,32,0,0,0
S01008916,Whole house or bungalow: Terraced (including end-terrace),19,19,0,0,0
S01008916,Flat maisonette or apartment or mobile/temporary accommodation,534,527,7,0,7
S01008917,All household spaces,386,379,7,0,7
S01008917,Whole house or bungalow: Total,27,27,0,0,0
S01008917,Whole house or bungalow: Detached,3,3,0,0,0
S01008917,Whole house or bungalow: Semi-detached,12,12,0,0,0
S01008917,Whole house or bungalow: Terraced (including end-terrace),12,12,0,0,0
S01008917,Flat maisonette or apartment or mobile/temporary accommodation,359,352,7,0,7
S01008918,All household spaces,297,293,4,0,4
S01008918,Whole house or bungalow: Total,11,11,0,0,0
S01008918,Whole house or bungalow: Detached,2,2,0,0,0
S01008918,Whole house or bungalow: Semi-detached,4,4,0,0,0
S01008918,Whole house or bungalow: Terraced (including end-terrace),5,5,0,0,0
S01008918,Flat maisonette or apartment or mobile/temporary accommodation,286,282,4,0,4
S01008919,All household spaces,268,264,4,0,4
S01008919,Whole house or bungalow: Total,8,8,0,0,0
S01008919,Whole house or bungalow: Detached,2,2,0,0,0
S01008919,Whole house or bungalow: Semi-detached,2,2,0,0,0
S01008919,Whole house or bungalow: Terraced (including end-terrace),4,4,0,0,0
S01008919,Flat maisonette or apartment or mobile/temporary accommodation,260,256,4,0,4
S01008920,All household spaces,603,586,17,11,6
S01008920,Whole house or bungalow: Total,69,69,0,0,0
S01008920,Whole house or bungalow: Detached,6,6,0,0,0
S01008920,Whole house or bungalow: Semi-detached,8,8,0,0,0
S01008920,Whole house or bungalow: Terraced (including end-terrace),55,55,0,0,0
S01008920,Flat maisonette or apartment or mobile/temporary accommodation,534,517,17,11,6
S01008921,All household spaces,384,375,9,0,9
S01008921,Whole house or bungalow: Total,29,28,1,0,1
S01008921,Whole house or bungalow: Detached,4,4,0,0,0
S01008921,Whole house or bungalow: Semi-detached,8,7,1,0,1
S01008921,Whole house or bungalow: Terraced (including end-terrace),17,17,0,0,0
S01008921,Flat maisonette or apartment or mobile/temporary accommodation,355,347,8,0,8
S01008922,All household spaces,414,400,14,6,8
S01008922,Whole house or bungalow: Total,84,75,9,6,3
S01008922,Whole house or bungalow: Detached,12,12,0,0,0
S01008922,Whole house or bungalow: Semi-detached,41,40,1,0,1
S01008922,Whole house or bungalow: Terraced (including end-terrace),31,23,8,6,2
S01008922,Flat maisonette or apartment or mobile/temporary accommodation,330,325,5,0,5
S01008923,All household spaces,403,394,9,0,9
S01008923,Whole house or bungalow: Total,39,39,0,0,0
S01008923,Whole house or bungalow: Detached,1,1,0,0,0
S01008923,Whole house or bungalow: Semi-detached,24,24,0,0,0
S01008923,Whole house or bungalow: Terraced (including end-terrace),14,14,0,0,0
S01008923,Flat maisonette or apartment or mobile/temporary accommodation,364,355,9,0,9
S01008924,All household spaces,372,372,0,0,0
S01008924,Whole house or bungalow: Total,270,270,0,0,0
S01008924,Whole house or bungalow: Detached,11,11,0,0,0
S01008924,Whole house or bungalow: Semi-detached,160,160,0,0,0
S01008924,Whole house or bungalow: Terraced (including end-terrace),99,99,0,0,0
S01008924,Flat maisonette or apartment or mobile/temporary accommodation,102,102,0,0,0
S01008925,All household spaces,271,266,5,1,4
S01008925,Whole house or bungalow: Total,132,131,1,0,1
S01008925,Whole house or bungalow: Detached,3,3,0,0,0
S01008925,Whole house or bungalow: Semi-detached,98,97,1,0,1
S01008925,Whole house or bungalow: Terraced (including end-terrace),31,31,0,0,0
S01008925,Flat maisonette or apartment or mobile/temporary accommodation,139,135,4,1,3
S01008926,All household spaces,245,242,3,1,2
S01008926,Whole house or bungalow: Total,177,176,1,0,1
S01008926,Whole house or bungalow: Detached,11,11,0,0,0
S01008926,Whole house or bungalow: Semi-detached,149,148,1,0,1
S01008926,Whole house or bungalow: Terraced (including end-terrace),17,17,0,0,0
S01008926,Flat maisonette or apartment or mobile/temporary accommodation,68,66,2,1,1
S01008927,All household spaces,475,416,59,0,59
S01008927,Whole house or bungalow: Total,10,10,0,0,0
S01008927,Whole house or bungalow: Detached,0,0,0,0,0
S01008927,Whole house or bungalow: Semi-detached,4,4,0,0,0
S01008927,Whole house or bungalow: Terraced (including end-terrace),6,6,0,0,0
S01008927,Flat maisonette or apartment or mobile/temporary accommodation,465,406,59,0,59
S01008928,All household spaces,301,298,3,0,3
S01008928,Whole house or bungalow: Total,127,126,1,0,1
S01008928,Whole house or bungalow: Detached,9,9,0,0,0
S01008928,Whole house or bungalow: Semi-detached,68,67,1,0,1
S01008928,Whole house or bungalow: Terraced (including end-terrace),50,50,0,0,0
S01008928,Flat maisonette or apartment or mobile/temporary accommodation,174,172,2,0,2
S01008929,All household spaces,480,475,5,3,2
S01008929,Whole house or bungalow: Total,20,20,0,0,0
S01008929,Whole house or bungalow: Detached,5,5,0,0,0
S01008929,Whole house or bungalow: Semi-detached,5,5,0,0,0
S01008929,Whole house or bungalow: Terraced (including end-terrace),10,10,0,0,0
S01008929,Flat maisonette or apartment or mobile/temporary accommodation,460,455,5,3,2
S01008930,All household spaces,439,427,12,1,11
S01008930,Whole house or bungalow: Total,101,98,3,0,3
S01008930,Whole house or bungalow: Detached,5,5,0,0,0
S01008930,Whole house or bungalow: Semi-detached,48,48,0,0,0
S01008930,Whole house or bungalow: Terraced (including end-terrace),48,45,3,0,3
S01008930,Flat maisonette or apartment or mobile/temporary accommodation,338,329,9,1,8
S01008931,All household spaces,343,339,4,0,4
S01008931,Whole house or bungalow: Total,137,136,1,0,1
S01008931,Whole house or bungalow: Detached,12,12,0,0,0
S01008931,Whole house or bungalow: Semi-detached,53,53,0,0,0
S01008931,Whole house or bungalow: Terraced (including end-terrace),72,71,1,0,1
S01008931,Flat maisonette or apartment or mobile/temporary accommodation,206,203,3,0,3
S01008932,All household spaces,413,404,9,1,8
S01008932,Whole house or bungalow: Total,88,88,0,0,0
S01008932,Whole house or bungalow: Detached,4,4,0,0,0
S01008932,Whole house or bungalow: Semi-detached,28,28,0,0,0
S01008932,Whole house or bungalow: Terraced (including end-terrace),56,56,0,0,0
S01008932,Flat maisonette or apartment or mobile/temporary accommodation,325,316,9,1,8
S01008933,All household spaces,291,289,2,0,2
S01008933,Whole house or bungalow: Total,120,120,0,0,0
S01008933,Whole house or bungalow: Detached,4,4,0,0,0
S01008933,Whole house or bungalow: Semi-detached,54,54,0,0,0
S01008933,Whole house or bungalow: Terraced (including end-terrace),62,62,0,0,0
S01008933,Flat maisonette or apartment or mobile/temporary accommodation,171,169,2,0,2
S01008934,All household spaces,364,354,10,1,9
S01008934,Whole house or bungalow: Total,171,167,4,0,4
S01008934,Whole house or bungalow: Detached,49,48,1,0,1
S01008934,Whole house or bungalow: Semi-detached,77,75,2,0,2
S01008934,Whole house or bungalow: Terraced (including end-terrace),45,44,1,0,1
S01008934,Flat maisonette or apartment or mobile/temporary accommodation,193,187,6,1,5
S01008935,All household spaces,383,377,6,1,5
S01008935,Whole house or bungalow: Total,286,282,4,1,3
S01008935,Whole house or bungalow: Detached,45,43,2,1,1
S01008935,Whole house or bungalow: Semi-detached,225,223,2,0,2
S01008935,Whole house or bungalow: Terraced (including end-terrace),16,16,0,0,0
S01008935,Flat maisonette or apartment or mobile/temporary accommodation,97,95,2,0,2
S01008936,All household spaces,160,157,3,0,3
S01008936,Whole house or bungalow: Total,136,133,3,0,3
S01008936,Whole house or bungalow: Detached,88,86,2,0,2
S01008936,Whole house or bungalow: Semi-detached,43,42,1,0,1
S01008936,Whole house or bungalow: Terraced (including end-terrace),5,5,0,0,0
S01008936,Flat maisonette or apartment or mobile/temporary accommodation,24,24,0,0,0
S01008937,All household spaces,428,424,4,1,3
S01008937,Whole house or bungalow: Total,154,152,2,0,2
S01008937,Whole house or bungalow: Detached,56,56,0,0,0
S01008937,Whole house or bungalow: Semi-detached,51,49,2,0,2
S01008937,Whole house or bungalow: Terraced (including end-terrace),47,47,0,0,0
S01008937,Flat maisonette or apartment or mobile/temporary accommodation,274,272,2,1,1
S01008938,All household spaces,290,285,5,0,5
S01008938,Whole house or bungalow: Total,250,245,5,0,5
S01008938,Whole house or bungalow: Detached,85,82,3,0,3
S01008938,Whole house or bungalow: Semi-detached,157,155,2,0,2
S01008938,Whole house or bungalow: Terraced (including end-terrace),8,8,0,0,0
S01008938,Flat maisonette or apartment or mobile/temporary accommodation,40,40,0,0,0
S01008939,All household spaces,323,323,0,0,0
S01008939,Whole house or bungalow: Total,264,264,0,0,0
S01008939,Whole house or bungalow: Detached,35,35,0,0,0
S01008939,Whole house or bungalow: Semi-detached,186,186,0,0,0
S01008939,Whole house or bungalow: Terraced (including end-terrace),43,43,0,0,0
S01008939,Flat maisonette or apartment or mobile/temporary accommodation,59,59,0,0,0
S01008940,All household spaces,261,255,6,3,3
S01008940,Whole house or bungalow: Total,210,206,4,1,3
S01008940,Whole house or bungalow: Detached,104,102,2,1,1
S01008940,Whole house or bungalow: Semi-detached,74,72,2,0,2
S01008940,Whole house or bungalow: Terraced (including end-terrace),32,32,0,0,0
S01008940,Flat maisonette or apartment or mobile/temporary accommodation,51,49,2,2,0
S01008941,All household spaces,406,350,56,7,49
S01008941,Whole house or bungalow: Total,268,248,20,2,18
S01008941,Whole house or bungalow: Detached,167,157,10,0,10
S01008941,Whole house or bungalow: Semi-detached,35,32,3,0,3
S01008941,Whole house or bungalow: Terraced (including end-terrace),66,59,7,2,5
S01008941,Flat maisonette or apartment or mobile/temporary accommodation,138,102,36,5,31
S01008942,All household spaces,349,333,16,7,9
S01008942,Whole house or bungalow: Total,214,205,9,6,3
S01008942,Whole house or bungalow: Detached,100,98,2,0,2
S01008942,Whole house or bungalow: Semi-detached,27,26,1,0,1
S01008942,Whole house or bungalow: Terraced (including end-terrace),87,81,6,6,0
S01008942,Flat maisonette or apartment or mobile/temporary accommodation,135,128,7,1,6
S01008943,All household spaces,355,340,15,10,5
S01008943,Whole house or bungalow: Total,291,288,3,0,3
S01008943,Whole house or bungalow: Detached,206,203,3,0,3
S01008943,Whole house or bungalow: Semi-detached,28,28,0,0,0
S01008943,Whole house or bungalow: Terraced (including end-terrace),57,57,0,0,0
S01008943,Flat maisonette or apartment or mobile/temporary accommodation,64,52,12,10,2
S01008944,All household spaces,444,429,15,5,10
S01008944,Whole house or bungalow: Total,295,292,3,2,1
S01008944,Whole house or bungalow: Detached,209,208,1,1,0
S01008944,Whole house or bungalow: Semi-detached,23,23,0,0,0
S01008944,Whole house or bungalow: Terraced (including end-terrace),63,61,2,1,1
S01008944,Flat maisonette or apartment or mobile/temporary accommodation,149,137,12,3,9
S01008945,All household spaces,301,299,2,1,1
S01008945,Whole house or bungalow: Total,293,291,2,1,1
S01008945,Whole house or bungalow: Detached,185,183,2,1,1
S01008945,Whole house or bungalow: Semi-detached,41,41,0,0,0
S01008945,Whole house or bungalow: Terraced (including end-terrace),67,67,0,0,0
S01008945,Flat maisonette or apartment or mobile/temporary accommodation,8,8,0,0,0
S01008946,All household spaces,409,397,12,1,11
S01008946,Whole house or bungalow: Total,263,258,5,1,4
S01008946,Whole house or bungalow: Detached,220,215,5,1,4
S01008946,Whole house or bungalow: Semi-detached,24,24,0,0,0
S01008946,Whole house or bungalow: Terraced (including end-terrace),19,19,0,0,0
S01008946,Flat maisonette or apartment or mobile/temporary accommodation,146,139,7,0,7
S01008947,All household spaces,463,449,14,1,13
S01008947,Whole house or bungalow: Total,348,345,3,1,2
S01008947,Whole house or bungalow: Detached,239,238,1,0,1
S01008947,Whole house or bungalow: Semi-detached,98,96,2,1,1
S01008947,Whole house or bungalow: Terraced (including end-terrace),11,11,0,0,0
S01008947,Flat maisonette or apartment or mobile/temporary accommodation,115,104,11,0,11
S01008948,All household spaces,293,285,8,0,8
S01008948,Whole house or bungalow: Total,210,206,4,0,4
S01008948,Whole house or bungalow: Detached,99,98,1,0,1
S01008948,Whole house or bungalow: Semi-detached,78,76,2,0,2
S01008948,Whole house or bungalow: Terraced (including end-terrace),33,32,1,0,1
S01008948,Flat maisonette or apartment or mobile/temporary accommodation,83,79,4,0,4
S01008949,All household spaces,399,393,6,0,6
S01008949,Whole house or bungalow: Total,360,355,5,0,5
S01008949,Whole house or bungalow: Detached,6,6,0,0,0
S01008949,Whole house or bungalow: Semi-detached,181,181,0,0,0
S01008949,Whole house or bungalow: Terraced (including end-terrace),173,168,5,0,5
S01008949,Flat maisonette or apartment or mobile/temporary accommodation,39,38,1,0,1
S01008950,All household spaces,423,420,3,0,3
S01008950,Whole house or bungalow: Total,376,373,3,0,3
S01008950,Whole house or bungalow: Detached,18,18,0,0,0
S01008950,Whole house or bungalow: Semi-detached,207,204,3,0,3
S01008950,Whole house or bungalow: Terraced (including end-terrace),151,151,0,0,0
S01008950,Flat maisonette or apartment or mobile/temporary accommodation,47,47,0,0,0
S01008951,All household spaces,446,435,11,3,8
S01008951,Whole house or bungalow: Total,127,127,0,0,0
S01008951,Whole house or bungalow: Detached,12,12,0,0,0
S01008951,Whole house or bungalow: Semi-detached,49,49,0,0,0
S01008951,Whole house or bungalow: Terraced (including end-terrace),66,66,0,0,0
S01008951,Flat maisonette or apartment or mobile/temporary accommodation,319,308,11,3,8
S01008952,All household spaces,433,421,12,0,12
S01008952,Whole house or bungalow: Total,40,38,2,0,2
S01008952,Whole house or bungalow: Detached,9,9,0,0,0
S01008952,Whole house or bungalow: Semi-detached,17,15,2,0,2
S01008952,Whole house or bungalow: Terraced (including end-terrace),14,14,0,0,0
S01008952,Flat maisonette or apartment or mobile/temporary accommodation,393,383,10,0,10
S01008953,All household spaces,434,424,10,0,10
S01008953,Whole house or bungalow: Total,264,258,6,0,6
S01008953,Whole house or bungalow: Detached,21,20,1,0,1
S01008953,Whole house or bungalow: Semi-detached,112,107,5,0,5
S01008953,Whole house or bungalow: Terraced (including end-terrace),131,131,0,0,0
S01008953,Flat maisonette or apartment or mobile/temporary accommodation,170,166,4,0,4
S01008954,All household spaces,444,434,10,0,10
S01008954,Whole house or bungalow: Total,249,245,4,0,4
S01008954,Whole house or bungalow: Detached,8,8,0,0,0
S01008954,Whole house or bungalow: Semi-detached,108,106,2,0,2
S01008954,Whole house or bungalow: Terraced (including end-terrace),133,131,2,0,2
S01008954,Flat maisonette or apartment or mobile/temporary accommodation,195,189,6,0,6
S01008955,All household spaces,293,282,11,2,9
S01008955,Whole house or bungalow: Total,223,220,3,0,3
S01008955,Whole house or bungalow: Detached,49,49,0,0,0
S01008955,Whole house or bungalow: Semi-detached,92,91,1,0,1
S01008955,Whole house or bungalow: Terraced (including end-terrace),82,80,2,0,2
S01008955,Flat maisonette or apartment or mobile/temporary accommodation,70,62,8,2,6
S01008956,All household spaces,410,406,4,0,4
S01008956,Whole house or bungalow: Total,342,339,3,0,3
S01008956,Whole house or bungalow: Detached,61,61,0,0,0
S01008956,Whole house or bungalow: Semi-detached,74,73,1,0,1
S01008956,Whole house or bungalow: Terraced (including end-terrace),207,205,2,0,2
S01008956,Flat maisonette or apartment or mobile/temporary accommodation,68,67,1,0,1
S01008957,All household spaces,436,429,7,1,6
S01008957,Whole house or bungalow: Total,297,293,4,1,3
S01008957,Whole house or bungalow: Detached,65,65,0,0,0
S01008957,Whole house or bungalow: Semi-detached,65,65,0,0,0
S01008957,Whole house or bungalow: Terraced (including end-terrace),167,163,4,1,3
S01008957,Flat maisonette or apartment or mobile/temporary accommodation,139,136,3,0,3
S01008958,All household spaces,414,404,10,1,9
S01008958,Whole house or bungalow: Total,168,165,3,0,3
S01008958,Whole house or bungalow: Detached,23,23,0,0,0
S01008958,Whole house or bungalow: Semi-detached,32,31,1,0,1
S01008958,Whole house or bungalow: Terraced (including end-terrace),113,111,2,0,2
S01008958,Flat maisonette or apartment or mobile/temporary accommodation,246,239,7,1,6
S01008959,All household spaces,383,380,3,0,3
S01008959,Whole house or bungalow: Total,273,273,0,0,0
S01008959,Whole house or bungalow: Detached,16,16,0,0,0
S01008959,Whole house or bungalow: Semi-detached,72,72,0,0,0
S01008959,Whole house or bungalow: Terraced (including end-terrace),185,185,0,0,0
S01008959,Flat maisonette or apartment or mobile/temporary accommodation,110,107,3,0,3
S01008960,All household spaces,332,328,4,0,4
S01008960,Whole house or bungalow: Total,229,227,2,0,2
S01008960,Whole house or bungalow: Detached,159,157,2,0,2
S01008960,Whole house or bungalow: Semi-detached,23,23,0,0,0
S01008960,Whole house or bungalow: Terraced (including end-terrace),47,47,0,0,0
S01008960,Flat maisonette or apartment or mobile/temporary accommodation,103,101,2,0,2
S01008961,All household spaces,321,319,2,1,1
S01008961,Whole house or bungalow: Total,249,247,2,1,1
S01008961,Whole house or bungalow: Detached,70,69,1,1,0
S01008961,Whole house or bungalow: Semi-detached,76,75,1,0,1
S01008961,Whole house or bungalow: Terraced (including end-terrace),103,103,0,0,0
S01008961,Flat maisonette or apartment or mobile/temporary accommodation,72,72,0,0,0
S01008962,All household spaces,280,275,5,1,4
S01008962,Whole house or bungalow: Total,237,234,3,1,2
S01008962,Whole house or bungalow: Detached,73,72,1,1,0
S01008962,Whole house or bungalow: Semi-detached,158,156,2,0,2
S01008962,Whole house or bungalow: Terraced (including end-terrace),6,6,0,0,0
S01008962,Flat maisonette or apartment or mobile/temporary accommodation,43,41,2,0,2
S01008963,All household spaces,356,349,7,2,5
S01008963,Whole house or bungalow: Total,305,300,5,2,3
S01008963,Whole house or bungalow: Detached,160,156,4,1,3
S01008963,Whole house or bungalow: Semi-detached,132,132,0,0,0
S01008963,Whole house or bungalow: Terraced (including end-terrace),13,12,1,1,0
S01008963,Flat maisonette or apartment or mobile/temporary accommodation,51,49,2,0,2
S01008964,All household spaces,215,211,4,0,4
S01008964,Whole house or bungalow: Total,203,200,3,0,3
S01008964,Whole house or bungalow: Detached,143,140,3,0,3
S01008964,Whole house or bungalow: Semi-detached,55,55,0,0,0
S01008964,Whole house or bungalow: Terraced (including end-terrace),5,5,0,0,0
S01008964,Flat maisonette or apartment or mobile/temporary accommodation,12,11,1,0,1
S01008965,All household spaces,329,321,8,2,6
S01008965,Whole house or bungalow: Total,316,308,8,2,6
S01008965,Whole house or bungalow: Detached,255,249,6,1,5
S01008965,Whole house or bungalow: Semi-detached,43,43,0,0,0
S01008965,Whole house or bungalow: Terraced (including end-terrace),18,16,2,1,1
S01008965,Flat maisonette or apartment or mobile/temporary accommodation,13,13,0,0,0
S01008966,All household spaces,257,252,5,1,4
S01008966,Whole house or bungalow: Total,249,244,5,1,4
S01008966,Whole house or bungalow: Detached,115,112,3,1,2
S01008966,Whole house or bungalow: Semi-detached,128,126,2,0,2
S01008966,Whole house or bungalow: Terraced (including end-terrace),6,6,0,0,0
S01008966,Flat maisonette or apartment or mobile/temporary accommodation,8,8,0,0,0
S01008967,All household spaces,440,430,10,1,9
S01008967,Whole house or bungalow: Total,421,412,9,0,9
S01008967,Whole house or bungalow: Detached,232,227,5,0,5
S01008967,Whole house or bungalow: Semi-detached,146,145,1,0,1
S01008967,Whole house or bungalow: Terraced (including end-terrace),43,40,3,0,3
S01008967,Flat maisonette or apartment or mobile/temporary accommodation,19,18,1,1,0
S01008968,All household spaces,402,398,4,1,3
S01008968,Whole house or bungalow: Total,380,376,4,1,3
S01008968,Whole house or bungalow: Detached,141,140,1,0,1
S01008968,Whole house or bungalow: Semi-detached,194,193,1,1,0
S01008968,Whole house or bungalow: Terraced (including end-terrace),45,43,2,0,2
S01008968,Flat maisonette or apartment or mobile/temporary accommodation,22,22,0,0,0
S01008969,All household spaces,466,460,6,0,6
S01008969,Whole house or bungalow: Total,342,339,3,0,3
S01008969,Whole house or bungalow: Detached,104,104,0,0,0
S01008969,Whole house or bungalow: Semi-detached,172,169,3,0,3
S01008969,Whole house or bungalow: Terraced (including end-terrace),66,66,0,0,0
S01008969,Flat maisonette or apartment or mobile/temporary accommodation,124,121,3,0,3
S01008970,All household spaces,443,438,5,1,4
S01008970,Whole house or bungalow: Total,308,305,3,1,2
S01008970,Whole house or bungalow: Detached,150,149,1,1,0
S01008970,Whole house or bungalow: Semi-detached,129,127,2,0,2
S01008970,Whole house or bungalow: Terraced (including end-terrace),29,29,0,0,0
S01008970,Flat maisonette or apartment or mobile/temporary accommodation,135,133,2,0,2
S01008971,All household spaces,274,273,1,0,1
S01008971,Whole house or bungalow: Total,233,232,1,0,1
S01008971,Whole house or bungalow: Detached,109,108,1,0,1
S01008971,Whole house or bungalow: Semi-detached,100,100,0,0,0
S01008971,Whole house or bungalow: Terraced (including end-terrace),24,24,0,0,0
S01008971,Flat maisonette or apartment or mobile/temporary accommodation,41,41,0,0,0
S01008972,All household spaces,309,304,5,3,2
S01008972,Whole house or bungalow: Total,230,228,2,1,1
S01008972,Whole house or bungalow: Detached,68,68,0,0,0
S01008972,Whole house or bungalow: Semi-detached,126,124,2,1,1
S01008972,Whole house or bungalow: Terraced (including end-terrace),36,36,0,0,0
S01008972,Flat maisonette or apartment or mobile/temporary accommodation,79,76,3,2,1
S01008973,All household spaces,371,361,10,6,4
S01008973,Whole house or bungalow: Total,191,190,1,1,0
S01008973,Whole house or bungalow: Detached,20,20,0,0,0
S01008973,Whole house or bungalow: Semi-detached,72,72,0,0,0
S01008973,Whole house or bungalow: Terraced (including end-terrace),99,98,1,1,0
S01008973,Flat maisonette or apartment or mobile/temporary accommodation,180,171,9,5,4
S01008974,All household spaces,393,374,19,5,14
S01008974,Whole house or bungalow: Total,175,174,1,0,1
S01008974,Whole house or bungalow: Detached,79,79,0,0,0
S01008974,Whole house or bungalow: Semi-detached,70,70,0,0,0
S01008974,Whole house or bungalow: Terraced (including end-terrace),26,25,1,0,1
S01008974,Flat maisonette or apartment or mobile/temporary accommodation,218,200,18,5,13
S01008975,All household spaces,458,449,9,4,5
S01008975,Whole house or bungalow: Total,134,130,4,0,4
S01008975,Whole house or bungalow: Detached,18,18,0,0,0
S01008975,Whole house or bungalow: Semi-detached,46,46,0,0,0
S01008975,Whole house or bungalow: Terraced (including end-terrace),70,66,4,0,4
S01008975,Flat maisonette or apartment or mobile/temporary accommodation,324,319,5,4,1
S01008976,All household spaces,218,212,6,2,4
S01008976,Whole house or bungalow: Total,168,166,2,0,2
S01008976,Whole house or bungalow: Detached,60,58,2,0,2
S01008976,Whole house or bungalow: Semi-detached,60,60,0,0,0
S01008976,Whole house or bungalow: Terraced (including end-terrace),48,48,0,0,0
S01008976,Flat maisonette or apartment or mobile/temporary accommodation,50,46,4,2,2
S01008977,All household spaces,260,256,4,1,3
S01008977,Whole house or bungalow: Total,221,219,2,0,2
S01008977,Whole house or bungalow: Detached,101,100,1,0,1
S01008977,Whole house or bungalow: Semi-detached,63,63,0,0,0
S01008977,Whole house or bungalow: Terraced (including end-terrace),57,56,1,0,1
S01008977,Flat maisonette or apartment or mobile/temporary accommodation,39,37,2,1,1
S01008978,All household spaces,255,252,3,0,3
S01008978,Whole house or bungalow: Total,97,97,0,0,0
S01008978,Whole house or bungalow: Detached,2,2,0,0,0
S01008978,Whole house or bungalow: Semi-detached,27,27,0,0,0
S01008978,Whole house or bungalow: Terraced (including end-terrace),68,68,0,0,0
S01008978,Flat maisonette or apartment or mobile/temporary accommodation,158,155,3,0,3
S01008979,All household spaces,313,308,5,0,5
S01008979,Whole house or bungalow: Total,40,40,0,0,0
S01008979,Whole house or bungalow: Detached,2,2,0,0,0
S01008979,Whole house or bungalow: Semi-detached,24,24,0,0,0
S01008979,Whole house or bungalow: Terraced (including end-terrace),14,14,0,0,0
S01008979,Flat maisonette or apartment or mobile/temporary accommodation,273,268,5,0,5
S01008980,All household spaces,338,334,4,0,4
S01008980,Whole house or bungalow: Total,63,63,0,0,0
S01008980,Whole house or bungalow: Detached,6,6,0,0,0
S01008980,Whole house or bungalow: Semi-detached,34,34,0,0,0
S01008980,Whole house or bungalow: Terraced (including end-terrace),23,23,0,0,0
S01008980,Flat maisonette or apartment or mobile/temporary accommodation,275,271,4,0,4
S01008981,All household spaces,322,316,6,1,5
S01008981,Whole house or bungalow: Total,281,276,5,1,4
S01008981,Whole house or bungalow: Detached,48,46,2,1,1
S01008981,Whole house or bungalow: Semi-detached,111,110,1,0,1
S01008981,Whole house or bungalow: Terraced (including end-terrace),122,120,2,0,2
S01008981,Flat maisonette or apartment or mobile/temporary accommodation,41,40,1,0,1
S01008982,All household spaces,357,352,5,0,5
S01008982,Whole house or bungalow: Total,45,44,1,0,1
S01008982,Whole house or bungalow: Detached,1,1,0,0,0
S01008982,Whole house or bungalow: Semi-detached,25,24,1,0,1
S01008982,Whole house or bungalow: Terraced (including end-terrace),19,19,0,0,0
S01008982,Flat maisonette or apartment or mobile/temporary accommodation,312,308,4,0,4
S01008983,All household spaces,328,314,14,0,14
S01008983,Whole house or bungalow: Total,20,20,0,0,0
S01008983,Whole house or bungalow: Detached,1,1,0,0,0
S01008983,Whole house or bungalow: Semi-detached,2,2,0,0,0
S01008983,Whole house or bungalow: Terraced (including end-terrace),17,17,0,0,0
S01008983,Flat maisonette or apartment or mobile/temporary accommodation,308,294,14,0,14
S01008984,All household spaces,229,227,2,0,2
S01008984,Whole house or bungalow: Total,34,34,0,0,0
S01008984,Whole house or bungalow: Detached,4,4,0,0,0
S01008984,Whole house or bungalow: Semi-detached,15,15,0,0,0
S01008984,Whole house or bungalow: Terraced (including end-terrace),15,15,0,0,0
S01008984,Flat maisonette or apartment or mobile/temporary accommodation,195,193,2,0,2
S01008985,All household spaces,332,326,6,0,6
S01008985,Whole house or bungalow: Total,166,164,2,0,2
S01008985,Whole house or bungalow: Detached,4,4,0,0,0
S01008985,Whole house or bungalow: Semi-detached,51,51,0,0,0
S01008985,Whole house or bungalow: Terraced (including end-terrace),111,109,2,0,2
S01008985,Flat maisonette or apartment or mobile/temporary accommodation,166,162,4,0,4
S01008986,All household spaces,344,343,1,1,0
S01008986,Whole house or bungalow: Total,332,331,1,1,0
S01008986,Whole house or bungalow: Detached,1,1,0,0,0
S01008986,Whole house or bungalow: Semi-detached,310,310,0,0,0
S01008986,Whole house or bungalow: Terraced (including end-terrace),21,20,1,1,0
S01008986,Flat maisonette or apartment or mobile/temporary accommodation,12,12,0,0,0
S01008987,All household spaces,331,330,1,0,1
S01008987,Whole house or bungalow: Total,318,317,1,0,1
S01008987,Whole house or bungalow: Detached,2,2,0,0,0
S01008987,Whole house or bungalow: Semi-detached,311,310,1,0,1
S01008987,Whole house or bungalow: Terraced (including end-terrace),5,5,0,0,0
S01008987,Flat maisonette or apartment or mobile/temporary accommodation,13,13,0,0,0
S01008988,All household spaces,494,481,13,6,7
S01008988,Whole house or bungalow: Total,237,234,3,1,2
S01008988,Whole house or bungalow: Detached,49,48,1,1,0
S01008988,Whole house or bungalow: Semi-detached,52,51,1,0,1
S01008988,Whole house or bungalow: Terraced (including end-terrace),136,135,1,0,1
S01008988,Flat maisonette or apartment or mobile/temporary accommodation,257,247,10,5,5
S01008989,All household spaces,327,323,4,1,3
S01008989,Whole house or bungalow: Total,193,192,1,0,1
S01008989,Whole house or bungalow: Detached,5,5,0,0,0
S01008989,Whole house or bungalow: Semi-detached,33,33,0,0,0
S01008989,Whole house or bungalow: Terraced (including end-terrace),155,154,1,0,1
S01008989,Flat maisonette or apartment or mobile/temporary accommodation,134,131,3,1,2
S01008990,All household spaces,391,383,8,1,7
S01008990,Whole house or bungalow: Total,220,217,3,0,3
S01008990,Whole house or bungalow: Detached,9,9,0,0,0
S01008990,Whole house or bungalow: Semi-detached,37,37,0,0,0
S01008990,Whole house or bungalow: Terraced (including end-terrace),174,171,3,0,3
S01008990,Flat maisonette or apartment or mobile/temporary accommodation,171,166,5,1,4
S01008991,All household spaces,390,381,9,3,6
S01008991,Whole house or bungalow: Total,321,317,4,0,4
S01008991,Whole house or bungalow: Detached,80,79,1,0,1
S01008991,Whole house or bungalow: Semi-detached,147,145,2,0,2
S01008991,Whole house or bungalow: Terraced (including end-terrace),94,93,1,0,1
S01008991,Flat maisonette or apartment or mobile/temporary accommodation,69,64,5,3,2
S01008992,All household spaces,275,270,5,2,3
S01008992,Whole house or bungalow: Total,120,118,2,0,2
S01008992,Whole house or bungalow: Detached,28,28,0,0,0
S01008992,Whole house or bungalow: Semi-detached,70,70,0,0,0
S01008992,Whole house or bungalow: Terraced (including end-terrace),22,20,2,0,2
S01008992,Flat maisonette or apartment or mobile/temporary accommodation,155,152,3,2,1
S01008993,All household spaces,508,476,32,5,27
S01008993,Whole house or bungalow: Total,343,322,21,0,21
S01008993,Whole house or bungalow: Detached,149,135,14,0,14
S01008993,Whole house or bungalow: Semi-detached,124,119,5,0,5
S01008993,Whole house or bungalow: Terraced (including end-terrace),70,68,2,0,2
S01008993,Flat maisonette or apartment or mobile/temporary accommodation,165,154,11,5,6
S01008994,All household spaces,342,337,5,1,4
S01008994,Whole house or bungalow: Total,289,284,5,1,4
S01008994,Whole house or bungalow: Detached,41,40,1,0,1
S01008994,Whole house or bungalow: Semi-detached,124,123,1,1,0
S01008994,Whole house or bungalow: Terraced (including end-terrace),124,121,3,0,3
S01008994,Flat maisonette or apartment or mobile/temporary accommodation,53,53,0,0,0
S01008995,All household spaces,356,352,4,1,3
S01008995,Whole house or bungalow: Total,297,293,4,1,3
S01008995,Whole house or bungalow: Detached,140,138,2,1,1
S01008995,Whole house or bungalow: Semi-detached,142,140,2,0,2
S01008995,Whole house or bungalow: Terraced (including end-terrace),15,15,0,0,0
S01008995,Flat maisonette or apartment or mobile/temporary accommodation,59,59,0,0,0
S01008996,All household spaces,258,251,7,0,7
S01008996,Whole house or bungalow: Total,243,236,7,0,7
S01008996,Whole house or bungalow: Detached,42,40,2,0,2
S01008996,Whole house or bungalow: Semi-detached,61,61,0,0,0
S01008996,Whole house or bungalow: Terraced (including end-terrace),140,135,5,0,5
S01008996,Flat maisonette or apartment or mobile/temporary accommodation,15,15,0,0,0
S01008997,All household spaces,417,411,6,0,6
S01008997,Whole house or bungalow: Total,383,378,5,0,5
S01008997,Whole house or bungalow: Detached,127,127,0,0,0
S01008997,Whole house or bungalow: Semi-detached,107,105,2,0,2
S01008997,Whole house or bungalow: Terraced (including end-terrace),149,146,3,0,3
S01008997,Flat maisonette or apartment or mobile/temporary accommodation,34,33,1,0,1
S01008998,All household spaces,244,236,8,0,8
S01008998,Whole house or bungalow: Total,203,202,1,0,1
S01008998,Whole house or bungalow: Detached,22,21,1,0,1
S01008998,Whole house or bungalow: Semi-detached,109,109,0,0,0
S01008998,Whole house or bungalow: Terraced (including end-terrace),72,72,0,0,0
S01008998,Flat maisonette or apartment or mobile/temporary accommodation,41,34,7,0,7
S01008999,All household spaces,424,411,13,0,13
S01008999,Whole house or bungalow: Total,307,301,6,0,6
S01008999,Whole house or bungalow: Detached,92,92,0,0,0
S01008999,Whole house or bungalow: Semi-detached,107,105,2,0,2
S01008999,Whole house or bungalow: Terraced (including end-terrace),108,104,4,0,4
S01008999,Flat maisonette or apartment or mobile/temporary accommodation,117,110,7,0,7
S01009000,All household spaces,400,393,7,1,6
S01009000,Whole house or bungalow: Total,367,361,6,1,5
S01009000,Whole house or bungalow: Detached,69,67,2,0,2
S01009000,Whole house or bungalow: Semi-detached,263,260,3,0,3
S01009000,Whole house or bungalow: Terraced (including end-terrace),35,34,1,1,0
S01009000,Flat maisonette or apartment or mobile/temporary accommodation,33,32,1,0,1
S01009001,All household spaces,326,323,3,0,3
S01009001,Whole house or bungalow: Total,297,296,1,0,1
S01009001,Whole house or bungalow: Detached,176,176,0,0,0
S01009001,Whole house or bungalow: Semi-detached,112,111,1,0,1
S01009001,Whole house or bungalow: Terraced (including end-terrace),9,9,0,0,0
S01009001,Flat maisonette or apartment or mobile/temporary accommodation,29,27,2,0,2
S01009002,All household spaces,379,348,31,6,25
S01009002,Whole house or bungalow: Total,330,300,30,6,24
S01009002,Whole house or bungalow: Detached,134,126,8,1,7
S01009002,Whole house or bungalow: Semi-detached,115,98,17,0,17
S01009002,Whole house or bungalow: Terraced (including end-terrace),81,76,5,5,0
S01009002,Flat maisonette or apartment or mobile/temporary accommodation,49,48,1,0,1
S01009003,All household spaces,406,394,12,6,6
S01009003,Whole house or bungalow: Total,318,308,10,5,5
S01009003,Whole house or bungalow: Detached,174,171,3,2,1
S01009003,Whole house or bungalow: Semi-detached,64,63,1,0,1
S01009003,Whole house or bungalow: Terraced (including end-terrace),80,74,6,3,3
S01009003,Flat maisonette or apartment or mobile/temporary accommodation,88,86,2,1,1
S01009004,All household spaces,276,270,6,0,6
S01009004,Whole house or bungalow: Total,250,245,5,0,5
S01009004,Whole house or bungalow: Detached,23,23,0,0,0
S01009004,Whole house or bungalow: Semi-detached,30,30,0,0,0
S01009004,Whole house or bungalow: Terraced (including end-terrace),197,192,5,0,5
S01009004,Flat maisonette or apartment or mobile/temporary accommodation,26,25,1,0,1
S01009005,All household spaces,331,327,4,1,3
S01009005,Whole house or bungalow: Total,269,267,2,1,1
S01009005,Whole house or bungalow: Detached,17,17,0,0,0
S01009005,Whole house or bungalow: Semi-detached,40,40,0,0,0
S01009005,Whole house or bungalow: Terraced (including end-terrace),212,210,2,1,1
S01009005,Flat maisonette or apartment or mobile/temporary accommodation,62,60,2,0,2
S01009006,All household spaces,322,318,4,0,4
S01009006,Whole house or bungalow: Total,240,237,3,0,3
S01009006,Whole house or bungalow: Detached,31,30,1,0,1
S01009006,Whole house or bungalow: Semi-detached,68,68,0,0,0
S01009006,Whole house or bungalow: Terraced (including end-terrace),141,139,2,0,2
S01009006,Flat maisonette or apartment or mobile/temporary accommodation,82,81,1,0,1
S01009007,All household spaces,298,290,8,0,8
S01009007,Whole house or bungalow: Total,256,249,7,0,7
S01009007,Whole house or bungalow: Detached,4,4,0,0,0
S01009007,Whole house or bungalow: Semi-detached,55,54,1,0,1
S01009007,Whole house or bungalow: Terraced (including end-terrace),197,191,6,0,6
S01009007,Flat maisonette or apartment or mobile/temporary accommodation,42,41,1,0,1
S01009008,All household spaces,463,445,18,8,10
S01009008,Whole house or bungalow: Total,252,245,7,3,4
S01009008,Whole house or bungalow: Detached,153,150,3,0,3
S01009008,Whole house or bungalow: Semi-detached,68,68,0,0,0
S01009008,Whole house or bungalow: Terraced (including end-terrace),31,27,4,3,1
S01009008,Flat maisonette or apartment or mobile/temporary accommodation,211,200,11,5,6
S01009009,All household spaces,265,252,13,2,11
S01009009,Whole house or bungalow: Total,44,39,5,2,3
S01009009,Whole house or bungalow: Detached,7,6,1,1,0
S01009009,Whole house or bungalow: Semi-detached,12,9,3,1,2
S01009009,Whole house or bungalow: Terraced (including end-terrace),25,24,1,0,1
S01009009,Flat maisonette or apartment or mobile/temporary accommodation,221,213,8,0,8
S01009010,All household spaces,418,404,14,0,14
S01009010,Whole house or bungalow: Total,330,321,9,0,9
S01009010,Whole house or bungalow: Detached,65,65,0,0,0
S01009010,Whole house or bungalow: Semi-detached,145,145,0,0,0
S01009010,Whole house or bungalow: Terraced (including end-terrace),120,111,9,0,9
S01009010,Flat maisonette or apartment or mobile/temporary accommodation,88,83,5,0,5
S01009011,All household spaces,320,319,1,1,0
S01009011,Whole house or bungalow: Total,313,312,1,1,0
S01009011,Whole house or bungalow: Detached,136,135,1,1,0
S01009011,Whole house or bungalow: Semi-detached,125,125,0,0,0
S01009011,Whole house or bungalow: Terraced (including end-terrace),52,52,0,0,0
S01009011,Flat maisonette or apartment or mobile/temporary accommodation,7,7,0,0,0
S01009012,All household spaces,301,296,5,0,5
S01009012,Whole house or bungalow: Total,282,278,4,0,4
S01009012,Whole house or bungalow: Detached,81,79,2,0,2
S01009012,Whole house or bungalow: Semi-detached,135,135,0,0,0
S01009012,Whole house or bungalow: Terraced (including end-terrace),66,64,2,0,2
S01009012,Flat maisonette or apartment or mobile/temporary accommodation,19,18,1,0,1
S01009013,All household spaces,368,363,5,1,4
S01009013,Whole house or bungalow: Total,337,333,4,0,4
S01009013,Whole house or bungalow: Detached,100,100,0,0,0
S01009013,Whole house or bungalow: Semi-detached,87,85,2,0,2
S01009013,Whole house or bungalow: Terraced (including end-terrace),150,148,2,0,2
S01009013,Flat maisonette or apartment or mobile/temporary accommodation,31,30,1,1,0
S01009014,All household spaces,354,284,70,63,7
S01009014,Whole house or bungalow: Total,341,274,67,61,6
S01009014,Whole house or bungalow: Detached,222,162,60,58,2
S01009014,Whole house or bungalow: Semi-detached,98,92,6,3,3
S01009014,Whole house or bungalow: Terraced (including end-terrace),21,20,1,0,1
S01009014,Flat maisonette or apartment or mobile/temporary accommodation,13,10,3,2,1
S01009015,All household spaces,379,303,76,62,14
S01009015,Whole house or bungalow: Total,376,300,76,62,14
S01009015,Whole house or bungalow: Detached,317,243,74,61,13
S01009015,Whole house or bungalow: Semi-detached,55,53,2,1,1
S01009015,Whole house or bungalow: Terraced (including end-terrace),4,4,0,0,0
S01009015,Flat maisonette or apartment or mobile/temporary accommodation,3,3,0,0,0
S01009016,All household spaces,286,250,36,29,7
S01009016,Whole house or bungalow: Total,284,248,36,29,7
S01009016,Whole house or bungalow: Detached,237,201,36,29,7
S01009016,Whole house or bungalow: Semi-detached,39,39,0,0,0
S01009016,Whole house or bungalow: Terraced (including end-terrace),8,8,0,0,0
S01009016,Flat maisonette or apartment or mobile/temporary accommodation,2,2,0,0,0
S01009017,All household spaces,315,278,37,17,20
S01009017,Whole house or bungalow: Total,285,249,36,17,19
S01009017,Whole house or bungalow: Detached,193,167,26,15,11
S01009017,Whole house or bungalow: Semi-detached,74,66,8,2,6
S01009017,Whole house or bungalow: Terraced (including end-terrace),18,16,2,0,2
S01009017,Flat maisonette or apartment or mobile/temporary accommodation,30,29,1,0,1
S01009018,All household spaces,369,326,43,36,7
S01009018,Whole house or bungalow: Total,360,320,40,33,7
S01009018,Whole house or bungalow: Detached,293,254,39,32,7
S01009018,Whole house or bungalow: Semi-detached,61,60,1,1,0
S01009018,Whole house or bungalow: Terraced (including end-terrace),6,6,0,0,0
S01009018,Flat maisonette or apartment or mobile/temporary accommodation,9,6,3,3,0
S01009019,All household spaces,227,221,6,4,2
S01009019,Whole house or bungalow: Total,218,213,5,3,2
S01009019,Whole house or bungalow: Detached,152,148,4,3,1
S01009019,Whole house or bungalow: Semi-detached,43,42,1,0,1
S01009019,Whole house or bungalow: Terraced (including end-terrace),23,23,0,0,0
S01009019,Flat maisonette or apartment or mobile/temporary accommodation,9,8,1,1,0
S01009020,All household spaces,395,366,29,10,19
S01009020,Whole house or bungalow: Total,391,364,27,8,19
S01009020,Whole house or bungalow: Detached,183,169,14,8,6
S01009020,Whole house or bungalow: Semi-detached,78,71,7,0,7
S01009020,Whole house or bungalow: Terraced (including end-terrace),130,124,6,0,6
S01009020,Flat maisonette or apartment or mobile/temporary accommodation,4,2,2,2,0
S01009021,All household spaces,419,344,75,69,6
S01009021,Whole house or bungalow: Total,407,335,72,67,5
S01009021,Whole house or bungalow: Detached,357,286,71,67,4
S01009021,Whole house or bungalow: Semi-detached,49,48,1,0,1
S01009021,Whole house or bungalow: Terraced (including end-terrace),1,1,0,0,0
S01009021,Flat maisonette or apartment or mobile/temporary accommodation,12,9,3,2,1
S01009022,All household spaces,513,447,66,53,13
S01009022,Whole house or bungalow: Total,501,438,63,50,13
S01009022,Whole house or bungalow: Detached,388,334,54,47,7
S01009022,Whole house or bungalow: Semi-detached,91,83,8,3,5
S01009022,Whole house or bungalow: Terraced (including end-terrace),22,21,1,0,1
S01009022,Flat maisonette or apartment or mobile/temporary accommodation,12,9,3,3,0
S01009023,All household spaces,525,435,90,81,9
S01009023,Whole house or bungalow: Total,522,433,89,80,9
S01009023,Whole house or bungalow: Detached,442,356,86,78,8
S01009023,Whole house or bungalow: Semi-detached,67,65,2,2,0
S01009023,Whole house or bungalow: Terraced (including end-terrace),13,12,1,0,1
S01009023,Flat maisonette or apartment or mobile/temporary accommodation,3,2,1,1,0
S01009024,All household spaces,538,476,62,41,21
S01009024,Whole house or bungalow: Total,506,447,59,39,20
S01009024,Whole house or bungalow: Detached,350,296,54,37,17
S01009024,Whole house or bungalow: Semi-detached,92,89,3,1,2
S01009024,Whole house or bungalow: Terraced (including end-terrace),64,62,2,1,1
S01009024,Flat maisonette or apartment or mobile/temporary accommodation,32,29,3,2,1
S01009025,All household spaces,511,433,78,43,35
S01009025,Whole house or bungalow: Total,506,429,77,43,34
S01009025,Whole house or bungalow: Detached,438,367,71,41,30
S01009025,Whole house or bungalow: Semi-detached,65,59,6,2,4
S01009025,Whole house or bungalow: Terraced (including end-terrace),3,3,0,0,0
S01009025,Flat maisonette or apartment or mobile/temporary accommodation,5,4,1,0,1
S01009026,All household spaces,424,411,13,3,10
S01009026,Whole house or bungalow: Total,419,406,13,3,10
S01009026,Whole house or bungalow: Detached,352,341,11,3,8
S01009026,Whole house or bungalow: Semi-detached,60,58,2,0,2
S01009026,Whole house or bungalow: Terraced (including end-terrace),7,7,0,0,0
S01009026,Flat maisonette or apartment or mobile/temporary accommodation,5,5,0,0,0
S01009027,All household spaces,465,373,92,83,9
S01009027,Whole house or bungalow: Total,460,370,90,81,9
S01009027,Whole house or bungalow: Detached,410,320,90,81,9
S01009027,Whole house or bungalow: Semi-detached,47,47,0,0,0
S01009027,Whole house or bungalow: Terraced (including end-terrace),3,3,0,0,0
S01009027,Flat maisonette or apartment or mobile/temporary accommodation,5,3,2,2,0
S01009028,All household spaces,258,232,26,20,6
S01009028,Whole house or bungalow: Total,250,224,26,20,6
S01009028,Whole house or bungalow: Detached,217,191,26,20,6
S01009028,Whole house or bungalow: Semi-detached,29,29,0,0,0
S01009028,Whole house or bungalow: Terraced (including end-terrace),4,4,0,0,0
S01009028,Flat maisonette or apartment or mobile/temporary accommodation,8,8,0,0,0
S01009029,All household spaces,313,286,27,19,8
S01009029,Whole house or bungalow: Total,304,280,24,16,8
S01009029,Whole house or bungalow: Detached,253,231,22,15,7
S01009029,Whole house or bungalow: Semi-detached,42,40,2,1,1
S01009029,Whole house or bungalow: Terraced (including end-terrace),9,9,0,0,0
S01009029,Flat maisonette or apartment or mobile/temporary accommodation,9,6,3,3,0
S01009030,All household spaces,349,321,28,16,12
S01009030,Whole house or bungalow: Total,346,319,27,15,12
S01009030,Whole house or bungalow: Detached,275,250,25,15,10
S01009030,Whole house or bungalow: Semi-detached,63,61,2,0,2
S01009030,Whole house or bungalow: Terraced (including end-terrace),8,8,0,0,0
S01009030,Flat maisonette or apartment or mobile/temporary accommodation,3,2,1,1,0
S01009031,All household spaces,373,356,17,9,8
S01009031,Whole house or bungalow: Total,362,345,17,9,8
S01009031,Whole house or bungalow: Detached,282,267,15,9,6
S01009031,Whole house or bungalow: Semi-detached,70,70,0,0,0
S01009031,Whole house or bungalow: Terraced (including end-terrace),10,8,2,0,2
S01009031,Flat maisonette or apartment or mobile/temporary accommodation,11,11,0,0,0
S01009032,All household spaces,334,299,35,31,4
S01009032,Whole house or bungalow: Total,332,298,34,30,4
S01009032,Whole house or bungalow: Detached,308,274,34,30,4
S01009032,Whole house or bungalow: Semi-detached,24,24,0,0,0
S01009032,Whole house or bungalow: Terraced (including end-terrace),0,0,0,0,0
S01009032,Flat maisonette or apartment or mobile/temporary accommodation,2,1,1,1,0
S01009033,All household spaces,397,359,38,35,3
S01009033,Whole house or bungalow: Total,396,358,38,35,3
S01009033,Whole house or bungalow: Detached,365,327,38,35,3
S01009033,Whole house or bungalow: Semi-detached,26,26,0,0,0
S01009033,Whole house or bungalow: Terraced (including end-terrace),5,5,0,0,0
S01009033,Flat maisonette or apartment or mobile/temporary accommodation,1,1,0,0,0
S01009034,All household spaces,311,283,28,20,8
S01009034,Whole house or bungalow: Total,310,282,28,20,8
S01009034,Whole house or bungalow: Detached,281,253,28,20,8
S01009034,Whole house or bungalow: Semi-detached,22,22,0,0,0
S01009034,Whole house or bungalow: Terraced (including end-terrace),7,7,0,0,0
S01009034,Flat maisonette or apartment or mobile/temporary accommodation,1,1,0,0,0
S01009035,All household spaces,392,381,11,5,6
S01009035,Whole house or bungalow: Total,390,380,10,4,6
S01009035,Whole house or bungalow: Detached,325,316,9,4,5
S01009035,Whole house or bungalow: Semi-detached,62,61,1,0,1
S01009035,Whole house or bungalow: Terraced (including end-terrace),3,3,0,0,0
S01009035,Flat maisonette or apartment or mobile/temporary accommodation,2,1,1,1,0
S01009036,All household spaces,450,437,13,5,8
S01009036,Whole house or bungalow: Total,445,432,13,5,8
S01009036,Whole house or bungalow: Detached,303,293,10,3,7
S01009036,Whole house or bungalow: Semi-detached,113,111,2,1,1
S01009036,Whole house or bungalow: Terraced (including end-terrace),29,28,1,1,0
S01009036,Flat maisonette or apartment or mobile/temporary accommodation,5,5,0,0,0
S01009037,All household spaces,417,367,50,5,45
S01009037,Whole house or bungalow: Total,411,364,47,5,42
S01009037,Whole house or bungalow: Detached,305,278,27,4,23
S01009037,Whole house or bungalow: Semi-detached,103,83,20,1,19
S01009037,Whole house or bungalow: Terraced (including end-terrace),3,3,0,0,0
S01009037,Flat maisonette or apartment or mobile/temporary accommodation,6,3,3,0,3
S01009038,All household spaces,477,440,37,9,28
S01009038,Whole house or bungalow: Total,466,433,33,9,24
S01009038,Whole house or bungalow: Detached,308,283,25,8,17
S01009038,Whole house or bungalow: Semi-detached,140,132,8,1,7
S01009038,Whole house or bungalow: Terraced (including end-terrace),18,18,0,0,0
S01009038,Flat maisonette or apartment or mobile/temporary accommodation,11,7,4,0,4
S01009039,All household spaces,325,313,12,1,11
S01009039,Whole house or bungalow: Total,277,268,9,1,8
S01009039,Whole house or bungalow: Detached,70,67,3,1,2
S01009039,Whole house or bungalow: Semi-detached,81,79,2,0,2
S01009039,Whole house or bungalow: Terraced (including end-terrace),126,122,4,0,4
S01009039,Flat maisonette or apartment or mobile/temporary accommodation,48,45,3,0,3
S01009040,All household spaces,351,338,13,3,10
S01009040,Whole house or bungalow: Total,238,234,4,1,3
S01009040,Whole house or bungalow: Detached,26,25,1,1,0
S01009040,Whole house or bungalow: Semi-detached,80,78,2,0,2
S01009040,Whole house or bungalow: Terraced (including end-terrace),132,131,1,0,1
S01009040,Flat maisonette or apartment or mobile/temporary accommodation,113,104,9,2,7
S01009041,All household spaces,534,503,31,8,23
S01009041,Whole house or bungalow: Total,269,254,15,6,9
S01009041,Whole house or bungalow: Detached,103,96,7,4,3
S01009041,Whole house or bungalow: Semi-detached,120,113,7,1,6
S01009041,Whole house or bungalow: Terraced (including end-terrace),46,45,1,1,0
S01009041,Flat maisonette or apartment or mobile/temporary accommodation,265,249,16,2,14
S01009042,All household spaces,407,401,6,2,4
S01009042,Whole house or bungalow: Total,295,291,4,2,2
S01009042,Whole house or bungalow: Detached,113,112,1,1,0
S01009042,Whole house or bungalow: Semi-detached,161,158,3,1,2
S01009042,Whole house or bungalow: Terraced (including end-terrace),21,21,0,0,0
S01009042,Flat maisonette or apartment or mobile/temporary accommodation,112,110,2,0,2
S01009043,All household spaces,303,293,10,3,7
S01009043,Whole house or bungalow: Total,251,241,10,3,7
S01009043,Whole house or bungalow: Detached,90,86,4,1,3
S01009043,Whole house or bungalow: Semi-detached,66,63,3,2,1
S01009043,Whole house or bungalow: Terraced (including end-terrace),95,92,3,0,3
S01009043,Flat maisonette or apartment or mobile/temporary accommodation,52,52,0,0,0
S01009044,All household spaces,430,412,18,2,16
S01009044,Whole house or bungalow: Total,348,339,9,2,7
S01009044,Whole house or bungalow: Detached,70,68,2,0,2
S01009044,Whole house or bungalow: Semi-detached,141,136,5,1,4
S01009044,Whole house or bungalow: Terraced (including end-terrace),137,135,2,1,1
S01009044,Flat maisonette or apartment or mobile/temporary accommodation,82,73,9,0,9
S01009045,All household spaces,303,287,16,8,8
S01009045,Whole house or bungalow: Total,284,269,15,7,8
S01009045,Whole house or bungalow: Detached,127,120,7,3,4
S01009045,Whole house or bungalow: Semi-detached,72,68,4,4,0
S01009045,Whole house or bungalow: Terraced (including end-terrace),85,81,4,0,4
S01009045,Flat maisonette or apartment or mobile/temporary accommodation,19,18,1,1,0
S01009046,All household spaces,382,363,19,5,14
S01009046,Whole house or bungalow: Total,380,361,19,5,14
S01009046,Whole house or bungalow: Detached,290,273,17,4,13
S01009046,Whole house or bungalow: Semi-detached,60,59,1,0,1
S01009046,Whole house or bungalow: Terraced (including end-terrace),30,29,1,1,0
S01009046,Flat maisonette or apartment or mobile/temporary accommodation,2,2,0,0,0
S01009047,All household spaces,353,336,17,7,10
S01009047,Whole house or bungalow: Total,352,335,17,7,10
S01009047,Whole house or bungalow: Detached,275,262,13,5,8
S01009047,Whole house or bungalow: Semi-detached,74,70,4,2,2
S01009047,Whole house or bungalow: Terraced (including end-terrace),3,3,0,0,0
S01009047,Flat maisonette or apartment or mobile/temporary accommodation,1,1,0,0,0
S01009048,All household spaces,376,348,28,15,13
S01009048,Whole house or bungalow: Total,376,348,28,15,13
S01009048,Whole house or bungalow: Detached,345,320,25,13,12
S01009048,Whole house or bungalow: Semi-detached,30,27,3,2,1
S01009048,Whole house or bungalow: Terraced (including end-terrace),1,1,0,0,0
S01009048,Flat maisonette or apartment or mobile/temporary accommodation,0,0,0,0,0
S01009049,All household spaces,302,274,28,16,12
S01009049,Whole house or bungalow: Total,300,272,28,16,12
S01009049,Whole house or bungalow: Detached,255,230,25,16,9
S01009049,Whole house or bungalow: Semi-detached,22,22,0,0,0
S01009049,Whole house or bungalow: Terraced (including end-terrace),23,20,3,0,3
S01009049,Flat maisonette or apartment or mobile/temporary accommodation,2,2,0,0,0
S01009050,All household spaces,381,370,11,4,7
S01009050,Whole house or bungalow: Total,271,264,7,4,3
S01009050,Whole house or bungalow: Detached,104,103,1,0,1
S01009050,Whole house or bungalow: Semi-detached,97,96,1,0,1
S01009050,Whole house or bungalow: Terraced (including end-terrace),70,65,5,4,1
S01009050,Flat maisonette or apartment or mobile/temporary accommodation,110,106,4,0,4
S01009051,All household spaces,299,292,7,4,3
S01009051,Whole house or bungalow: Total,272,270,2,0,2
S01009051,Whole house or bungalow: Detached,69,69,0,0,0
S01009051,Whole house or bungalow: Semi-detached,86,86,0,0,0
S01009051,Whole house or bungalow: Terraced (including end-terrace),117,115,2,0,2
S01009051,Flat maisonette or apartment or mobile/temporary accommodation,27,22,5,4,1
S01009052,All household spaces,308,305,3,0,3
S01009052,Whole house or bungalow: Total,239,237,2,0,2
S01009052,Whole house or bungalow: Detached,97,95,2,0,2
S01009052,Whole house or bungalow: Semi-detached,68,68,0,0,0
S01009052,Whole house or bungalow: Terraced (including end-terrace),74,74,0,0,0
S01009052,Flat maisonette or apartment or mobile/temporary accommodation,69,68,1,0,1
S01009053,All household spaces,298,259,39,20,19
S01009053,Whole house or bungalow: Total,81,79,2,0,2
S01009053,Whole house or bungalow: Detached,9,9,0,0,0
S01009053,Whole house or bungalow: Semi-detached,38,37,1,0,1
S01009053,Whole house or bungalow: Terraced (including end-terrace),34,33,1,0,1
S01009053,Flat maisonette or apartment or mobile/temporary accommodation,217,180,37,20,17
S01009054,All household spaces,252,249,3,0,3
S01009054,Whole house or bungalow: Total,247,244,3,0,3
S01009054,Whole house or bungalow: Detached,8,8,0,0,0
S01009054,Whole house or bungalow: Semi-detached,104,101,3,0,3
S01009054,Whole house or bungalow: Terraced (including end-terrace),135,135,0,0,0
S01009054,Flat maisonette or apartment or mobile/temporary accommodation,5,5,0,0,0
S01009055,All household spaces,374,361,13,2,11
S01009055,Whole house or bungalow: Total,322,314,8,0,8
S01009055,Whole house or bungalow: Detached,172,168,4,0,4
S01009055,Whole house or bungalow: Semi-detached,73,71,2,0,2
S01009055,Whole house or bungalow: Terraced (including end-terrace),77,75,2,0,2
S01009055,Flat maisonette or apartment or mobile/temporary accommodation,52,47,5,2,3
S01009056,All household spaces,221,217,4,0,4
S01009056,Whole house or bungalow: Total,176,174,2,0,2
S01009056,Whole house or bungalow: Detached,17,17,0,0,0
S01009056,Whole house or bungalow: Semi-detached,90,90,0,0,0
S01009056,Whole house or bungalow: Terraced (including end-terrace),69,67,2,0,2
S01009056,Flat maisonette or apartment or mobile/temporary accommodation,45,43,2,0,2
S01009057,All household spaces,288,282,6,1,5
S01009057,Whole house or bungalow: Total,72,68,4,0,4
S01009057,Whole house or bungalow: Detached,18,17,1,0,1
S01009057,Whole house or bungalow: Semi-detached,19,18,1,0,1
S01009057,Whole house or bungalow: Terraced (including end-terrace),35,33,2,0,2
S01009057,Flat maisonette or apartment or mobile/temporary accommodation,216,214,2,1,1
S01009058,All household spaces,389,385,4,0,4
S01009058,Whole house or bungalow: Total,247,245,2,0,2
S01009058,Whole house or bungalow: Detached,29,29,0,0,0
S01009058,Whole house or bungalow: Semi-detached,69,69,0,0,0
S01009058,Whole house or bungalow: Terraced (including end-terrace),149,147,2,0,2
S01009058,Flat maisonette or apartment or mobile/temporary accommodation,142,140,2,0,2
S01009059,All household spaces,367,347,20,0,20
S01009059,Whole house or bungalow: Total,283,276,7,0,7
S01009059,Whole house or bungalow: Detached,138,137,1,0,1
S01009059,Whole house or bungalow: Semi-detached,66,65,1,0,1
S01009059,Whole house or bungalow: Terraced (including end-terrace),79,74,5,0,5
S01009059,Flat maisonette or apartment or mobile/temporary accommodation,84,71,13,0,13
S01009060,All household spaces,195,188,7,2,5
S01009060,Whole house or bungalow: Total,178,176,2,1,1
S01009060,Whole house or bungalow: Detached,165,163,2,1,1
S01009060,Whole house or bungalow: Semi-detached,7,7,0,0,0
S01009060,Whole house or bungalow: Terraced (including end-terrace),6,6,0,0,0
S01009060,Flat maisonette or apartment or mobile/temporary accommodation,17,12,5,1,4
S01009061,All household spaces,335,326,9,0,9
S01009061,Whole house or bungalow: Total,316,308,8,0,8
S01009061,Whole house or bungalow: Detached,5,5,0,0,0
S01009061,Whole house or bungalow: Semi-detached,49,49,0,0,0
S01009061,Whole house or bungalow: Terraced (including end-terrace),262,254,8,0,8
S01009061,Flat maisonette or apartment or mobile/temporary accommodation,19,18,1,0,1
S01009062,All household spaces,303,298,5,0,5
S01009062,Whole house or bungalow: Total,243,238,5,0,5
S01009062,Whole house or bungalow: Detached,11,11,0,0,0
S01009062,Whole house or bungalow: Semi-detached,91,91,0,0,0
S01009062,Whole house or bungalow: Terraced (including end-terrace),141,136,5,0,5
S01009062,Flat maisonette or apartment or mobile/temporary accommodation,60,60,0,0,0
S01009063,All household spaces,307,291,16,0,16
S01009063,Whole house or bungalow: Total,301,285,16,0,16
S01009063,Whole house or bungalow: Detached,109,100,9,0,9
S01009063,Whole house or bungalow: Semi-detached,64,61,3,0,3
S01009063,Whole house or bungalow: Terraced (including end-terrace),128,124,4,0,4
S01009063,Flat maisonette or apartment or mobile/temporary accommodation,6,6,0,0,0
S01009064,All household spaces,269,264,5,0,5
S01009064,Whole house or bungalow: Total,217,213,4,0,4
S01009064,Whole house or bungalow: Detached,9,9,0,0,0
S01009064,Whole house or bungalow: Semi-detached,40,39,1,0,1
S01009064,Whole house or bungalow: Terraced (including end-terrace),168,165,3,0,3
S01009064,Flat maisonette or apartment or mobile/temporary accommodation,52,51,1,0,1
S01009065,All household spaces,353,328,25,13,12
S01009065,Whole house or bungalow: Total,136,132,4,0,4
S01009065,Whole house or bungalow: Detached,12,12,0,0,0
S01009065,Whole house or bungalow: Semi-detached,81,78,3,0,3
S01009065,Whole house or bungalow: Terraced (including end-terrace),43,42,1,0,1
S01009065,Flat maisonette or apartment or mobile/temporary accommodation,217,196,21,13,8
S01009066,All household spaces,330,319,11,0,11
S01009066,Whole house or bungalow: Total,283,272,11,0,11
S01009066,Whole house or bungalow: Detached,22,20,2,0,2
S01009066,Whole house or bungalow: Semi-detached,83,83,0,0,0
S01009066,Whole house or bungalow: Terraced (including end-terrace),178,169,9,0,9
S01009066,Flat maisonette or apartment or mobile/temporary accommodation,47,47,0,0,0
S01009067,All household spaces,306,302,4,0,4
S01009067,Whole house or bungalow: Total,299,295,4,0,4
S01009067,Whole house or bungalow: Detached,196,192,4,0,4
S01009067,Whole house or bungalow: Semi-detached,91,91,0,0,0
S01009067,Whole house or bungalow: Terraced (including end-terrace),12,12,0,0,0
S01009067,Flat maisonette or apartment or mobile/temporary accommodation,7,7,0,0,0
S01009068,All household spaces,398,386,12,0,12
S01009068,Whole house or bungalow: Total,354,344,10,0,10
S01009068,Whole house or bungalow: Detached,38,38,0,0,0
S01009068,Whole house or bungalow: Semi-detached,174,170,4,0,4
S01009068,Whole house or bungalow: Terraced (including end-terrace),142,136,6,0,6
S01009068,Flat maisonette or apartment or mobile/temporary accommodation,44,42,2,0,2
S01009069,All household spaces,253,249,4,0,4
S01009069,Whole house or bungalow: Total,246,242,4,0,4
S01009069,Whole house or bungalow: Detached,128,125,3,0,3
S01009069,Whole house or bungalow: Semi-detached,102,101,1,0,1
S01009069,Whole house or bungalow: Terraced (including end-terrace),16,16,0,0,0
S01009069,Flat maisonette or apartment or mobile/temporary accommodation,7,7,0,0,0
S01009070,All household spaces,271,269,2,0,2
S01009070,Whole house or bungalow: Total,211,210,1,0,1
S01009070,Whole house or bungalow: Detached,79,79,0,0,0
S01009070,Whole house or bungalow: Semi-detached,83,83,0,0,0
S01009070,Whole house or bungalow: Terraced (including end-terrace),49,48,1,0,1
S01009070,Flat maisonette or apartment or mobile/temporary accommodation,60,59,1,0,1
S01009071,All household spaces,235,228,7,3,4
S01009071,Whole house or bungalow: Total,206,201,5,3,2
S01009071,Whole house or bungalow: Detached,62,62,0,0,0
S01009071,Whole house or bungalow: Semi-detached,55,55,0,0,0
S01009071,Whole house or bungalow: Terraced (including end-terrace),89,84,5,3,2
S01009071,Flat maisonette or apartment or mobile/temporary accommodation,29,27,2,0,2
S01009072,All household spaces,209,199,10,0,10
S01009072,Whole house or bungalow: Total,191,182,9,0,9
S01009072,Whole house or bungalow: Detached,109,102,7,0,7
S01009072,Whole house or bungalow: Semi-detached,34,32,2,0,2
S01009072,Whole house or bungalow: Terraced (including end-terrace),48,48,0,0,0
S01009072,Flat maisonette or apartment or mobile/temporary accommodation,18,17,1,0,1
S01009073,All household spaces,258,251,7,2,5
S01009073,Whole house or bungalow: Total,230,224,6,2,4
S01009073,Whole house or bungalow: Detached,25,24,1,0,1
S01009073,Whole house or bungalow: Semi-detached,91,90,1,0,1
S01009073,Whole house or bungalow: Terraced (including end-terrace),114,110,4,2,2
S01009073,Flat maisonette or apartment or mobile/temporary accommodation,28,27,1,0,1
S01009074,All household spaces,294,290,4,0,4
S01009074,Whole house or bungalow: Total,279,275,4,0,4
S01009074,Whole house or bungalow: Detached,15,15,0,0,0
S01009074,Whole house or bungalow: Semi-detached,99,98,1,0,1
S01009074,Whole house or bungalow: Terraced (including end-terrace),165,162,3,0,3
S01009074,Flat maisonette or apartment or mobile/temporary accommodation,15,15,0,0,0
S01009075,All household spaces,238,233,5,1,4
S01009075,Whole house or bungalow: Total,219,215,4,1,3
S01009075,Whole house or bungalow: Detached,76,74,2,1,1
S01009075,Whole house or bungalow: Semi-detached,40,39,1,0,1
S01009075,Whole house or bungalow: Terraced (including end-terrace),103,102,1,0,1
S01009075,Flat maisonette or apartment or mobile/temporary accommodation,19,18,1,0,1
S01009076,All household spaces,385,381,4,0,4
S01009076,Whole house or bungalow: Total,253,251,2,0,2
S01009076,Whole house or bungalow: Detached,42,42,0,0,0
S01009076,Whole house or bungalow: Semi-detached,162,160,2,0,2
S01009076,Whole house or bungalow: Terraced (including end-terrace),49,49,0,0,0
S01009076,Flat maisonette or apartment or mobile/temporary accommodation,132,130,2,0,2
S01009077,All household spaces,270,259,11,0,11
S01009077,Whole house or bungalow: Total,214,213,1,0,1
S01009077,Whole house or bungalow: Detached,68,68,0,0,0
S01009077,Whole house or bungalow: Semi-detached,123,122,1,0,1
S01009077,Whole house or bungalow: Terraced (including end-terrace),23,23,0,0,0
S01009077,Flat maisonette or apartment or mobile/temporary accommodation,56,46,10,0,10
S01009078,All household spaces,273,271,2,0,2
S01009078,Whole house or bungalow: Total,268,266,2,0,2
S01009078,Whole house or bungalow: Detached,178,177,1,0,1
S01009078,Whole house or bungalow: Semi-detached,79,78,1,0,1
S01009078,Whole house or bungalow: Terraced (including end-terrace),11,11,0,0,0
S01009078,Flat maisonette or apartment or mobile/temporary accommodation,5,5,0,0,0
S01009079,All household spaces,401,388,13,0,13
S01009079,Whole house or bungalow: Total,297,290,7,0,7
S01009079,Whole house or bungalow: Detached,36,36,0,0,0
S01009079,Whole house or bungalow: Semi-detached,79,77,2,0,2
S01009079,Whole house or bungalow: Terraced (including end-terrace),182,177,5,0,5
S01009079,Flat maisonette or apartment or mobile/temporary accommodation,104,98,6,0,6
S01009080,All household spaces,438,430,8,1,7
S01009080,Whole house or bungalow: Total,401,393,8,1,7
S01009080,Whole house or bungalow: Detached,40,39,1,1,0
S01009080,Whole house or bungalow: Semi-detached,153,153,0,0,0
S01009080,Whole house or bungalow: Terraced (including end-terrace),208,201,7,0,7
S01009080,Flat maisonette or apartment or mobile/temporary accommodation,37,37,0,0,0
S01009081,All household spaces,320,311,9,0,9
S01009081,Whole house or bungalow: Total,303,296,7,0,7
S01009081,Whole house or bungalow: Detached,65,65,0,0,0
S01009081,Whole house or bungalow: Semi-detached,117,112,5,0,5
S01009081,Whole house or bungalow: Terraced (including end-terrace),121,119,2,0,2
S01009081,Flat maisonette or apartment or mobile/temporary accommodation,17,15,2,0,2
S01009082,All household spaces,435,426,9,0,9
S01009082,Whole house or bungalow: Total,361,353,8,0,8
S01009082,Whole house or bungalow: Detached,49,49,0,0,0
S01009082,Whole house or bungalow: Semi-detached,151,148,3,0,3
S01009082,Whole house or bungalow: Terraced (including end-terrace),161,156,5,0,5
S01009082,Flat maisonette or apartment or mobile/temporary accommodation,74,73,1,0,1
S01009083,All household spaces,353,349,4,0,4
S01009083,Whole house or bungalow: Total,251,247,4,0,4
S01009083,Whole house or bungalow: Detached,87,86,1,0,1
S01009083,Whole house or bungalow: Semi-detached,104,101,3,0,3
S01009083,Whole house or bungalow: Terraced (including end-terrace),60,60,0,0,0
S01009083,Flat maisonette or apartment or mobile/temporary accommodation,102,102,0,0,0
S01009084,All household spaces,184,177,7,2,5
S01009084,Whole house or bungalow: Total,145,140,5,0,5
S01009084,Whole house or bungalow: Detached,114,111,3,0,3
S01009084,Whole house or bungalow: Semi-detached,28,26,2,0,2
S01009084,Whole house or bungalow: Terraced (including end-terrace),3,3,0,0,0
S01009084,Flat maisonette or apartment or mobile/temporary accommodation,39,37,2,2,0
S01009085,All household spaces,285,280,5,0,5
S01009085,Whole house or bungalow: Total,278,273,5,0,5
S01009085,Whole house or bungalow: Detached,151,149,2,0,2
S01009085,Whole house or bungalow: Semi-detached,123,120,3,0,3
S01009085,Whole house or bungalow: Terraced (including end-terrace),4,4,0,0,0
S01009085,Flat maisonette or apartment or mobile/temporary accommodation,7,7,0,0,0
S01009086,All household spaces,308,305,3,0,3
S01009086,Whole house or bungalow: Total,209,207,2,0,2
S01009086,Whole house or bungalow: Detached,75,75,0,0,0
S01009086,Whole house or bungalow: Semi-detached,119,117,2,0,2
S01009086,Whole house or bungalow: Terraced (including end-terrace),15,15,0,0,0
S01009086,Flat maisonette or apartment or mobile/temporary accommodation,99,98,1,0,1
S01009087,All household spaces,252,247,5,0,5
S01009087,Whole house or bungalow: Total,202,199,3,0,3
S01009087,Whole house or bungalow: Detached,62,62,0,0,0
S01009087,Whole house or bungalow: Semi-detached,71,68,3,0,3
S01009087,Whole house or bungalow: Terraced (including end-terrace),69,69,0,0,0
S01009087,Flat maisonette or apartment or mobile/temporary accommodation,50,48,2,0,2
S01009088,All household spaces,395,385,10,2,8
S01009088,Whole house or bungalow: Total,369,360,9,2,7
S01009088,Whole house or bungalow: Detached,196,192,4,1,3
S01009088,Whole house or bungalow: Semi-detached,136,133,3,1,2
S01009088,Whole house or bungalow: Terraced (including end-terrace),37,35,2,0,2
S01009088,Flat maisonette or apartment or mobile/temporary accommodation,26,25,1,0,1
S01009089,All household spaces,332,325,7,0,7
S01009089,Whole house or bungalow: Total,324,318,6,0,6
S01009089,Whole house or bungalow: Detached,265,261,4,0,4
S01009089,Whole house or bungalow: Semi-detached,53,51,2,0,2
S01009089,Whole house or bungalow: Terraced (including end-terrace),6,6,0,0,0
S01009089,Flat maisonette or apartment or mobile/temporary accommodation,8,7,1,0,1
S01009090,All household spaces,346,333,13,3,10
S01009090,Whole house or bungalow: Total,217,207,10,1,9
S01009090,Whole house or bungalow: Detached,123,115,8,1,7
S01009090,Whole house or bungalow: Semi-detached,20,20,0,0,0
S01009090,Whole house or bungalow: Terraced (including end-terrace),74,72,2,0,2
S01009090,Flat maisonette or apartment or mobile/temporary accommodation,129,126,3,2,1
S01009091,All household spaces,225,223,2,0,2
S01009091,Whole house or bungalow: Total,207,206,1,0,1
S01009091,Whole house or bungalow: Detached,194,193,1,0,1
S01009091,Whole house or bungalow: Semi-detached,8,8,0,0,0
S01009091,Whole house or bungalow: Terraced (including end-terrace),5,5,0,0,0
S01009091,Flat maisonette or apartment or mobile/temporary accommodation,18,17,1,0,1
S01009092,All household spaces,488,482,6,0,6
S01009092,Whole house or bungalow: Total,376,371,5,0,5
S01009092,Whole house or bungalow: Detached,83,82,1,0,1
S01009092,Whole house or bungalow: Semi-detached,165,161,4,0,4
S01009092,Whole house or bungalow: Terraced (including end-terrace),128,128,0,0,0
S01009092,Flat maisonette or apartment or mobile/temporary accommodation,112,111,1,0,1
S01009093,All household spaces,350,343,7,0,7
S01009093,Whole house or bungalow: Total,248,246,2,0,2
S01009093,Whole house or bungalow: Detached,19,19,0,0,0
S01009093,Whole house or bungalow: Semi-detached,113,113,0,0,0
S01009093,Whole house or bungalow: Terraced (including end-terrace),116,114,2,0,2
S01009093,Flat maisonette or apartment or mobile/temporary accommodation,102,97,5,0,5
S01009094,All household spaces,294,290,4,0,4
S01009094,Whole house or bungalow: Total,291,287,4,0,4
S01009094,Whole house or bungalow: Detached,154,153,1,0,1
S01009094,Whole house or bungalow: Semi-detached,131,128,3,0,3
S01009094,Whole house or bungalow: Terraced (including end-terrace),6,6,0,0,0
S01009094,Flat maisonette or apartment or mobile/temporary accommodation,3,3,0,0,0
S01009095,All household spaces,369,360,9,1,8
S01009095,Whole house or bungalow: Total,220,216,4,0,4
S01009095,Whole house or bungalow: Detached,97,96,1,0,1
S01009095,Whole house or bungalow: Semi-detached,107,104,3,0,3
S01009095,Whole house or bungalow: Terraced (including end-terrace),16,16,0,0,0
S01009095,Flat maisonette or apartment or mobile/temporary accommodation,149,144,5,1,4
S01009096,All household spaces,393,384,9,0,9
S01009096,Whole house or bungalow: Total,279,277,2,0,2
S01009096,Whole house or bungalow: Detached,195,194,1,0,1
S01009096,Whole house or bungalow: Semi-detached,51,51,0,0,0
S01009096,Whole house or bungalow: Terraced (including end-terrace),33,32,1,0,1
S01009096,Flat maisonette or apartment or mobile/temporary accommodation,114,107,7,0,7
S01009097,All household spaces,347,347,0,0,0
S01009097,Whole house or bungalow: Total,318,318,0,0,0
S01009097,Whole house or bungalow: Detached,185,185,0,0,0
S01009097,Whole house or bungalow: Semi-detached,116,116,0,0,0
S01009097,Whole house or bungalow: Terraced (including end-terrace),17,17,0,0,0
S01009097,Flat maisonette or apartment or mobile/temporary accommodation,29,29,0,0,0
S01009098,All household spaces,191,190,1,0,1
S01009098,Whole house or bungalow: Total,185,184,1,0,1
S01009098,Whole house or bungalow: Detached,110,109,1,0,1
S01009098,Whole house or bungalow: Semi-detached,62,62,0,0,0
S01009098,Whole house or bungalow: Terraced (including end-terrace),13,13,0,0,0
S01009098,Flat maisonette or apartment or mobile/temporary accommodation,6,6,0,0,0
S01009099,All household spaces,394,384,10,0,10
S01009099,Whole house or bungalow: Total,242,238,4,0,4
S01009099,Whole house or bungalow: Detached,28,28,0,0,0
S01009099,Whole house or bungalow: Semi-detached,161,157,4,0,4
S01009099,Whole house or bungalow: Terraced (including end-terrace),53,53,0,0,0
S01009099,Flat maisonette or apartment or mobile/temporary accommodation,152,146,6,0,6
S01009100,All household spaces,408,397,11,0,11
S01009100,Whole house or bungalow: Total,225,223,2,0,2
S01009100,Whole house or bungalow: Detached,17,17,0,0,0
S01009100,Whole house or bungalow: Semi-detached,103,103,0,0,0
S01009100,Whole house or bungalow: Terraced (including end-terrace),105,103,2,0,2
S01009100,Flat maisonette or apartment or mobile/temporary accommodation,183,174,9,0,9
S01009101,All household spaces,382,369,13,0,13
S01009101,Whole house or bungalow: Total,346,337,9,0,9
S01009101,Whole house or bungalow: Detached,11,11,0,0,0
S01009101,Whole house or bungalow: Semi-detached,161,155,6,0,6
S01009101,Whole house or bungalow: Terraced (including end-terrace),174,171,3,0,3
S01009101,Flat maisonette or apartment or mobile/temporary accommodation,36,32,4,0,4
S01009102,All household spaces,328,317,11,0,11
S01009102,Whole house or bungalow: Total,283,274,9,0,9
S01009102,Whole house or bungalow: Detached,20,20,0,0,0
S01009102,Whole house or bungalow: Semi-detached,197,190,7,0,7
S01009102,Whole house or bungalow: Terraced (including end-terrace),66,64,2,0,2
S01009102,Flat maisonette or apartment or mobile/temporary accommodation,45,43,2,0,2
S01009103,All household spaces,249,246,3,0,3
S01009103,Whole house or bungalow: Total,229,226,3,0,3
S01009103,Whole house or bungalow: Detached,118,117,1,0,1
S01009103,Whole house or bungalow: Semi-detached,96,94,2,0,2
S01009103,Whole house or bungalow: Terraced (including end-terrace),15,15,0,0,0
S01009103,Flat maisonette or apartment or mobile/temporary accommodation,20,20,0,0,0
S01009104,All household spaces,360,352,8,1,7
S01009104,Whole house or bungalow: Total,248,242,6,1,5
S01009104,Whole house or bungalow: Detached,64,64,0,0,0
S01009104,Whole house or bungalow: Semi-detached,82,78,4,0,4
S01009104,Whole house or bungalow: Terraced (including end-terrace),102,100,2,1,1
S01009104,Flat maisonette or apartment or mobile/temporary accommodation,112,110,2,0,2
S01009105,All household spaces,346,337,9,0,9
S01009105,Whole house or bungalow: Total,278,274,4,0,4
S01009105,Whole house or bungalow: Detached,50,50,0,0,0
S01009105,Whole house or bungalow: Semi-detached,149,147,2,0,2
S01009105,Whole house or bungalow: Terraced (including end-terrace),79,77,2,0,2
S01009105,Flat maisonette or apartment or mobile/temporary accommodation,68,63,5,0,5
S01009106,All household spaces,267,264,3,0,3
S01009106,Whole house or bungalow: Total,225,223,2,0,2
S01009106,Whole house or bungalow: Detached,10,10,0,0,0
S01009106,Whole house or bungalow: Semi-detached,43,42,1,0,1
S01009106,Whole house or bungalow: Terraced (including end-terrace),172,171,1,0,1
S01009106,Flat maisonette or apartment or mobile/temporary accommodation,42,41,1,0,1
S01009107,All household spaces,336,333,3,1,2
S01009107,Whole house or bungalow: Total,316,313,3,1,2
S01009107,Whole house or bungalow: Detached,118,116,2,0,2
S01009107,Whole house or bungalow: Semi-detached,102,102,0,0,0
S01009107,Whole house or bungalow: Terraced (including end-terrace),96,95,1,1,0
S01009107,Flat maisonette or apartment or mobile/temporary accommodation,20,20,0,0,0
S01009108,All household spaces,318,313,5,0,5
S01009108,Whole house or bungalow: Total,248,243,5,0,5
S01009108,Whole house or bungalow: Detached,86,82,4,0,4
S01009108,Whole house or bungalow: Semi-detached,152,151,1,0,1
S01009108,Whole house or bungalow: Terraced (including end-terrace),10,10,0,0,0
S01009108,Flat maisonette or apartment or mobile/temporary accommodation,70,70,0,0,0
S01009109,All household spaces,266,263,3,0,3
S01009109,Whole house or bungalow: Total,264,261,3,0,3
S01009109,Whole house or bungalow: Detached,139,136,3,0,3
S01009109,Whole house or bungalow: Semi-detached,94,94,0,0,0
S01009109,Whole house or bungalow: Terraced (including end-terrace),31,31,0,0,0
S01009109,Flat maisonette or apartment or mobile/temporary accommodation,2,2,0,0,0
S01009110,All household spaces,275,263,12,0,12
S01009110,Whole house or bungalow: Total,257,245,12,0,12
S01009110,Whole house or bungalow: Detached,6,6,0,0,0
S01009110,Whole house or bungalow: Semi-detached,114,108,6,0,6
S01009110,Whole house or bungalow: Terraced (including end-terrace),137,131,6,0,6
S01009110,Flat maisonette or apartment or mobile/temporary accommodation,18,18,0,0,0
S01009111,All household spaces,381,372,9,1,8
S01009111,Whole house or bungalow: Total,336,328,8,1,7
S01009111,Whole house or bungalow: Detached,96,94,2,0,2
S01009111,Whole house or bungalow: Semi-detached,137,136,1,0,1
S01009111,Whole house or bungalow: Terraced (including end-terrace),103,98,5,1,4
S01009111,Flat maisonette or apartment or mobile/temporary accommodation,45,44,1,0,1
S01009112,All household spaces,241,238,3,0,3
S01009112,Whole house or bungalow: Total,240,237,3,0,3
S01009112,Whole house or bungalow: Detached,83,82,1,0,1
S01009112,Whole house or bungalow: Semi-detached,146,146,0,0,0
S01009112,Whole house or bungalow: Terraced (including end-terrace),11,9,2,0,2
S01009112,Flat maisonette or apartment or mobile/temporary accommodation,1,1,0,0,0
S01009113,All household spaces,385,381,4,1,3
S01009113,Whole house or bungalow: Total,335,332,3,0,3
S01009113,Whole house or bungalow: Detached,201,199,2,0,2
S01009113,Whole house or bungalow: Semi-detached,125,124,1,0,1
S01009113,Whole house or bungalow: Terraced (including end-terrace),9,9,0,0,0
S01009113,Flat maisonette or apartment or mobile/temporary accommodation,50,49,1,1,0
S01009114,All household spaces,304,303,1,0,1
S01009114,Whole house or bungalow: Total,263,262,1,0,1
S01009114,Whole house or bungalow: Detached,80,80,0,0,0
S01009114,Whole house or bungalow: Semi-detached,121,120,1,0,1
S01009114,Whole house or bungalow: Terraced (including end-terrace),62,62,0,0,0
S01009114,Flat maisonette or apartment or mobile/temporary accommodation,41,41,0,0,0
S01009115,All household spaces,268,259,9,0,9
S01009115,Whole house or bungalow: Total,155,151,4,0,4
S01009115,Whole house or bungalow: Detached,79,76,3,0,3
S01009115,Whole house or bungalow: Semi-detached,50,49,1,0,1
S01009115,Whole house or bungalow: Terraced (including end-terrace),26,26,0,0,0
S01009115,Flat maisonette or apartment or mobile/temporary accommodation,113,108,5,0,5
S01009116,All household spaces,192,191,1,0,1
S01009116,Whole house or bungalow: Total,166,165,1,0,1
S01009116,Whole house or bungalow: Detached,68,68,0,0,0
S01009116,Whole house or bungalow: Semi-detached,94,94,0,0,0
S01009116,Whole house or bungalow: Terraced (including end-terrace),4,3,1,0,1
S01009116,Flat maisonette or apartment or mobile/temporary accommodation,26,26,0,0,0
S01009117,All household spaces,402,391,11,0,11
S01009117,Whole house or bungalow: Total,265,262,3,0,3
S01009117,Whole house or bungalow: Detached,41,41,0,0,0
S01009117,Whole house or bungalow: Semi-detached,131,130,1,0,1
S01009117,Whole house or bungalow: Terraced (including end-terrace),93,91,2,0,2
S01009117,Flat maisonette or apartment or mobile/temporary accommodation,137,129,8,0,8
S01009118,All household spaces,219,215,4,0,4
S01009118,Whole house or bungalow: Total,218,214,4,0,4
S01009118,Whole house or bungalow: Detached,87,87,0,0,0
S01009118,Whole house or bungalow: Semi-detached,93,90,3,0,3
S01009118,Whole house or bungalow: Terraced (including end-terrace),38,37,1,0,1
S01009118,Flat maisonette or apartment or mobile/temporary accommodation,1,1,0,0,0
S01009119,All household spaces,300,297,3,0,3
S01009119,Whole house or bungalow: Total,275,273,2,0,2
S01009119,Whole house or bungalow: Detached,7,7,0,0,0
S01009119,Whole house or bungalow: Semi-detached,177,175,2,0,2
S01009119,Whole house or bungalow: Terraced (including end-terrace),91,91,0,0,0
S01009119,Flat maisonette or apartment or mobile/temporary accommodation,25,24,1,0,1
S01009120,All household spaces,235,233,2,0,2
S01009120,Whole house or bungalow: Total,180,178,2,0,2
S01009120,Whole house or bungalow: Detached,18,18,0,0,0
S01009120,Whole house or bungalow: Semi-detached,47,47,0,0,0
S01009120,Whole house or bungalow: Terraced (including end-terrace),115,113,2,0,2
S01009120,Flat maisonette or apartment or mobile/temporary accommodation,55,55,0,0,0
S01009121,All household spaces,387,380,7,0,7
S01009121,Whole house or bungalow: Total,161,161,0,0,0
S01009121,Whole house or bungalow: Detached,21,21,0,0,0
S01009121,Whole house or bungalow: Semi-detached,62,62,0,0,0
S01009121,Whole house or bungalow: Terraced (including end-terrace),78,78,0,0,0
S01009121,Flat maisonette or apartment or mobile/temporary accommodation,226,219,7,0,7
S01009122,All household spaces,432,417,15,9,6
S01009122,Whole house or bungalow: Total,339,328,11,5,6
S01009122,Whole house or bungalow: Detached,140,138,2,0,2
S01009122,Whole house or bungalow: Semi-detached,99,98,1,0,1
S01009122,Whole house or bungalow: Terraced (including end-terrace),100,92,8,5,3
S01009122,Flat maisonette or apartment or mobile/temporary accommodation,93,89,4,4,0
S01009123,All household spaces,218,215,3,1,2
S01009123,Whole house or bungalow: Total,206,203,3,1,2
S01009123,Whole house or bungalow: Detached,118,117,1,0,1
S01009123,Whole house or bungalow: Semi-detached,36,35,1,0,1
S01009123,Whole house or bungalow: Terraced (including end-terrace),52,51,1,1,0
S01009123,Flat maisonette or apartment or mobile/temporary accommodation,12,12,0,0,0
S01009124,All household spaces,220,217,3,0,3
S01009124,Whole house or bungalow: Total,212,209,3,0,3
S01009124,Whole house or bungalow: Detached,80,80,0,0,0
S01009124,Whole house or bungalow: Semi-detached,78,75,3,0,3
S01009124,Whole house or bungalow: Terraced (including end-terrace),54,54,0,0,0
S01009124,Flat maisonette or apartment or mobile/temporary accommodation,8,8,0,0,0
S01009125,All household spaces,303,301,2,0,2
S01009125,Whole house or bungalow: Total,245,243,2,0,2
S01009125,Whole house or bungalow: Detached,90,90,0,0,0
S01009125,Whole house or bungalow: Semi-detached,112,111,1,0,1
S01009125,Whole house or bungalow: Terraced (including end-terrace),43,42,1,0,1
S01009125,Flat maisonette or apartment or mobile/temporary accommodation,58,58,0,0,0
S01009126,All household spaces,324,281,43,36,7
S01009126,Whole house or bungalow: Total,130,117,13,12,1
S01009126,Whole house or bungalow: Detached,15,15,0,0,0
S01009126,Whole house or bungalow: Semi-detached,34,33,1,1,0
S01009126,Whole house or bungalow: Terraced (including end-terrace),81,69,12,11,1
S01009126,Flat maisonette or apartment or mobile/temporary accommodation,194,164,30,24,6
S01009127,All household spaces,297,269,28,21,7
S01009127,Whole house or bungalow: Total,193,177,16,11,5
S01009127,Whole house or bungalow: Detached,14,14,0,0,0
S01009127,Whole house or bungalow: Semi-detached,56,56,0,0,0
S01009127,Whole house or bungalow: Terraced (including end-terrace),123,107,16,11,5
S01009127,Flat maisonette or apartment or mobile/temporary accommodation,104,92,12,10,2
S01009128,All household spaces,488,467,21,1,20
S01009128,Whole house or bungalow: Total,84,82,2,0,2
S01009128,Whole house or bungalow: Detached,15,15,0,0,0
S01009128,Whole house or bungalow: Semi-detached,51,50,1,0,1
S01009128,Whole house or bungalow: Terraced (including end-terrace),18,17,1,0,1
S01009128,Flat maisonette or apartment or mobile/temporary accommodation,404,385,19,1,18
S01009129,All household spaces,215,205,10,1,9
S01009129,Whole house or bungalow: Total,79,78,1,0,1
S01009129,Whole house or bungalow: Detached,4,4,0,0,0
S01009129,Whole house or bungalow: Semi-detached,65,64,1,0,1
S01009129,Whole house or bungalow: Terraced (including end-terrace),10,10,0,0,0
S01009129,Flat maisonette or apartment or mobile/temporary accommodation,136,127,9,1,8
S01009130,All household spaces,279,271,8,3,5
S01009130,Whole house or bungalow: Total,169,166,3,3,0
S01009130,Whole house or bungalow: Detached,68,68,0,0,0
S01009130,Whole house or bungalow: Semi-detached,53,53,0,0,0
S01009130,Whole house or bungalow: Terraced (including end-terrace),48,45,3,3,0
S01009130,Flat maisonette or apartment or mobile/temporary accommodation,110,105,5,0,5
S01009131,All household spaces,270,260,10,4,6
S01009131,Whole house or bungalow: Total,70,68,2,0,2
S01009131,Whole house or bungalow: Detached,7,7,0,0,0
S01009131,Whole house or bungalow: Semi-detached,55,53,2,0,2
S01009131,Whole house or bungalow: Terraced (including end-terrace),8,8,0,0,0
S01009131,Flat maisonette or apartment or mobile/temporary accommodation,200,192,8,4,4
S01009132,All household spaces,335,329,6,0,6
S01009132,Whole house or bungalow: Total,248,244,4,0,4
S01009132,Whole house or bungalow: Detached,128,128,0,0,0
S01009132,Whole house or bungalow: Semi-detached,74,74,0,0,0
S01009132,Whole house or bungalow: Terraced (including end-terrace),46,42,4,0,4
S01009132,Flat maisonette or apartment or mobile/temporary accommodation,87,85,2,0,2
S01009133,All household spaces,315,301,14,11,3
S01009133,Whole house or bungalow: Total,57,57,0,0,0
S01009133,Whole house or bungalow: Detached,6,6,0,0,0
S01009133,Whole house or bungalow: Semi-detached,44,44,0,0,0
S01009133,Whole house or bungalow: Terraced (including end-terrace),7,7,0,0,0
S01009133,Flat maisonette or apartment or mobile/temporary accommodation,258,244,14,11,3
S01009134,All household spaces,419,409,10,6,4
S01009134,Whole house or bungalow: Total,269,263,6,3,3
S01009134,Whole house or bungalow: Detached,21,21,0,0,0
S01009134,Whole house or bungalow: Semi-detached,239,236,3,1,2
S01009134,Whole house or bungalow: Terraced (including end-terrace),9,6,3,2,1
S01009134,Flat maisonette or apartment or mobile/temporary accommodation,150,146,4,3,1
S01009135,All household spaces,267,264,3,2,1
S01009135,Whole house or bungalow: Total,145,144,1,0,1
S01009135,Whole house or bungalow: Detached,49,49,0,0,0
S01009135,Whole house or bungalow: Semi-detached,70,69,1,0,1
S01009135,Whole house or bungalow: Terraced (including end-terrace),26,26,0,0,0
S01009135,Flat maisonette or apartment or mobile/temporary accommodation,122,120,2,2,0
S01009136,All household spaces,289,275,14,0,14
S01009136,Whole house or bungalow: Total,179,177,2,0,2
S01009136,Whole house or bungalow: Detached,153,152,1,0,1
S01009136,Whole house or bungalow: Semi-detached,15,14,1,0,1
S01009136,Whole house or bungalow: Terraced (including end-terrace),11,11,0,0,0
S01009136,Flat maisonette or apartment or mobile/temporary accommodation,110,98,12,0,12
S01009137,All household spaces,205,203,2,0,2
S01009137,Whole house or bungalow: Total,198,196,2,0,2
S01009137,Whole house or bungalow: Detached,188,186,2,0,2
S01009137,Whole house or bungalow: Semi-detached,8,8,0,0,0
S01009137,Whole house or bungalow: Terraced (including end-terrace),2,2,0,0,0
S01009137,Flat maisonette or apartment or mobile/temporary accommodation,7,7,0,0,0
S01009138,All household spaces,405,395,10,0,10
S01009138,Whole house or bungalow: Total,301,294,7,0,7
S01009138,Whole house or bungalow: Detached,36,36,0,0,0
S01009138,Whole house or bungalow: Semi-detached,164,160,4,0,4
S01009138,Whole house or bungalow: Terraced (including end-terrace),101,98,3,0,3
S01009138,Flat maisonette or apartment or mobile/temporary accommodation,104,101,3,0,3
S01009139,All household spaces,281,239,42,27,15
S01009139,Whole house or bungalow: Total,51,49,2,0,2
S01009139,Whole house or bungalow: Detached,15,13,2,0,2
S01009139,Whole house or bungalow: Semi-detached,19,19,0,0,0
S01009139,Whole house or bungalow: Terraced (including end-terrace),17,17,0,0,0
S01009139,Flat maisonette or apartment or mobile/temporary accommodation,230,190,40,27,13
S01009140,All household spaces,395,381,14,0,14
S01009140,Whole house or bungalow: Total,137,135,2,0,2
S01009140,Whole house or bungalow: Detached,10,9,1,0,1
S01009140,Whole house or bungalow: Semi-detached,65,64,1,0,1
S01009140,Whole house or bungalow: Terraced (including end-terrace),62,62,0,0,0
S01009140,Flat maisonette or apartment or mobile/temporary accommodation,258,246,12,0,12
S01009141,All household spaces,508,473,35,5,30
S01009141,Whole house or bungalow: Total,146,142,4,0,4
S01009141,Whole house or bungalow: Detached,8,8,0,0,0
S01009141,Whole house or bungalow: Semi-detached,92,89,3,0,3
S01009141,Whole house or bungalow: Terraced (including end-terrace),46,45,1,0,1
S01009141,Flat maisonette or apartment or mobile/temporary accommodation,362,331,31,5,26
S01009142,All household spaces,493,393,100,40,60
S01009142,Whole house or bungalow: Total,99,99,0,0,0
S01009142,Whole house or bungalow: Detached,15,15,0,0,0
S01009142,Whole house or bungalow: Semi-detached,33,33,0,0,0
S01009142,Whole house or bungalow: Terraced (including end-terrace),51,51,0,0,0
S01009142,Flat maisonette or apartment or mobile/temporary accommodation,394,294,100,40,60
S01009143,All household spaces,331,312,19,1,18
S01009143,Whole house or bungalow: Total,62,62,0,0,0
S01009143,Whole house or bungalow: Detached,6,6,0,0,0
S01009143,Whole house or bungalow: Semi-detached,39,39,0,0,0
S01009143,Whole house or bungalow: Terraced (including end-terrace),17,17,0,0,0
S01009143,Flat maisonette or apartment or mobile/temporary accommodation,269,250,19,1,18
S01009144,All household spaces,324,306,18,0,18
S01009144,Whole house or bungalow: Total,201,186,15,0,15
S01009144,Whole house or bungalow: Detached,84,80,4,0,4
S01009144,Whole house or bungalow: Semi-detached,53,48,5,0,5
S01009144,Whole house or bungalow: Terraced (including end-terrace),64,58,6,0,6
S01009144,Flat maisonette or apartment or mobile/temporary accommodation,123,120,3,0,3
S01009145,All household spaces,500,497,3,1,2
S01009145,Whole house or bungalow: Total,289,287,2,1,1
S01009145,Whole house or bungalow: Detached,34,34,0,0,0
S01009145,Whole house or bungalow: Semi-detached,97,96,1,1,0
S01009145,Whole house or bungalow: Terraced (including end-terrace),158,157,1,0,1
S01009145,Flat maisonette or apartment or mobile/temporary accommodation,211,210,1,0,1
S01009146,All household spaces,427,417,10,1,9
S01009146,Whole house or bungalow: Total,160,159,1,0,1
S01009146,Whole house or bungalow: Detached,9,9,0,0,0
S01009146,Whole house or bungalow: Semi-detached,127,126,1,0,1
S01009146,Whole house or bungalow: Terraced (including end-terrace),24,24,0,0,0
S01009146,Flat maisonette or apartment or mobile/temporary accommodation,267,258,9,1,8
S01009147,All household spaces,362,353,9,0,9
S01009147,Whole house or bungalow: Total,186,180,6,0,6
S01009147,Whole house or bungalow: Detached,5,4,1,0,1
S01009147,Whole house or bungalow: Semi-detached,106,104,2,0,2
S01009147,Whole house or bungalow: Terraced (including end-terrace),75,72,3,0,3
S01009147,Flat maisonette or apartment or mobile/temporary accommodation,176,173,3,0,3
S01009148,All household spaces,263,260,3,0,3
S01009148,Whole house or bungalow: Total,221,218,3,0,3
S01009148,Whole house or bungalow: Detached,9,9,0,0,0
S01009148,Whole house or bungalow: Semi-detached,113,112,1,0,1
S01009148,Whole house or bungalow: Terraced (including end-terrace),99,97,2,0,2
S01009148,Flat maisonette or apartment or mobile/temporary accommodation,42,42,0,0,0
S01009149,All household spaces,401,384,17,2,15
S01009149,Whole house or bungalow: Total,192,188,4,0,4
S01009149,Whole house or bungalow: Detached,99,98,1,0,1
S01009149,Whole house or bungalow: Semi-detached,89,86,3,0,3
S01009149,Whole house or bungalow: Terraced (including end-terrace),4,4,0,0,0
S01009149,Flat maisonette or apartment or mobile/temporary accommodation,209,196,13,2,11
S01009150,All household spaces,590,574,16,0,16
S01009150,Whole house or bungalow: Total,20,20,0,0,0
S01009150,Whole house or bungalow: Detached,7,7,0,0,0
S01009150,Whole house or bungalow: Semi-detached,9,9,0,0,0
S01009150,Whole house or bungalow: Terraced (including end-terrace),4,4,0,0,0
S01009150,Flat maisonette or apartment or mobile/temporary accommodation,570,554,16,0,16
S01009151,All household spaces,489,474,15,2,13
S01009151,Whole house or bungalow: Total,176,174,2,0,2
S01009151,Whole house or bungalow: Detached,24,24,0,0,0
S01009151,Whole house or bungalow: Semi-detached,122,121,1,0,1
S01009151,Whole house or bungalow: Terraced (including end-terrace),30,29,1,0,1
S01009151,Flat maisonette or apartment or mobile/temporary accommodation,313,300,13,2,11
S01009152,All household spaces,482,462,20,1,19
S01009152,Whole house or bungalow: Total,51,48,3,1,2
S01009152,Whole house or bungalow: Detached,18,18,0,0,0
S01009152,Whole house or bungalow: Semi-detached,11,11,0,0,0
S01009152,Whole house or bungalow: Terraced (including end-terrace),22,19,3,1,2
S01009152,Flat maisonette or apartment or mobile/temporary accommodation,431,414,17,0,17
S01009153,All household spaces,288,266,22,2,20
S01009153,Whole house or bungalow: Total,65,60,5,0,5
S01009153,Whole house or bungalow: Detached,11,11,0,0,0
S01009153,Whole house or bungalow: Semi-detached,45,41,4,0,4
S01009153,Whole house or bungalow: Terraced (including end-terrace),9,8,1,0,1
S01009153,Flat maisonette or apartment or mobile/temporary accommodation,223,206,17,2,15
S01009154,All household spaces,461,438,23,1,22
S01009154,Whole house or bungalow: Total,249,239,10,0,10
S01009154,Whole house or bungalow: Detached,131,124,7,0,7
S01009154,Whole house or bungalow: Semi-detached,114,111,3,0,3
S01009154,Whole house or bungalow: Terraced (including end-terrace),4,4,0,0,0
S01009154,Flat maisonette or apartment or mobile/temporary accommodation,212,199,13,1,12
S01009155,All household spaces,244,234,10,0,10
S01009155,Whole house or bungalow: Total,148,147,1,0,1
S01009155,Whole house or bungalow: Detached,49,48,1,0,1
S01009155,Whole house or bungalow: Semi-detached,92,92,0,0,0
S01009155,Whole house or bungalow: Terraced (including end-terrace),7,7,0,0,0
S01009155,Flat maisonette or apartment or mobile/temporary accommodation,96,87,9,0,9
S01009156,All household spaces,266,247,19,3,16
S01009156,Whole house or bungalow: Total,223,209,14,3,11
S01009156,Whole house or bungalow: Detached,147,142,5,0,5
S01009156,Whole house or bungalow: Semi-detached,54,52,2,0,2
S01009156,Whole house or bungalow: Terraced (including end-terrace),22,15,7,3,4
S01009156,Flat maisonette or apartment or mobile/temporary accommodation,43,38,5,0,5
S01009157,All household spaces,374,366,8,1,7
S01009157,Whole house or bungalow: Total,347,339,8,1,7
S01009157,Whole house or bungalow: Detached,28,28,0,0,0
S01009157,Whole house or bungalow: Semi-detached,137,131,6,0,6
S01009157,Whole house or bungalow: Terraced (including end-terrace),182,180,2,1,1
S01009157,Flat maisonette or apartment or mobile/temporary accommodation,27,27,0,0,0
S01009158,All household spaces,287,277,10,0,10
S01009158,Whole house or bungalow: Total,184,180,4,0,4
S01009158,Whole house or bungalow: Detached,10,10,0,0,0
S01009158,Whole house or bungalow: Semi-detached,54,52,2,0,2
S01009158,Whole house or bungalow: Terraced (including end-terrace),120,118,2,0,2
S01009158,Flat maisonette or apartment or mobile/temporary accommodation,103,97,6,0,6
S01009159,All household spaces,261,250,11,0,11
S01009159,Whole house or bungalow: Total,95,94,1,0,1
S01009159,Whole house or bungalow: Detached,7,7,0,0,0
S01009159,Whole house or bungalow: Semi-detached,40,40,0,0,0
S01009159,Whole house or bungalow: Terraced (including end-terrace),48,47,1,0,1
S01009159,Flat maisonette or apartment or mobile/temporary accommodation,166,156,10,0,10
S01009160,All household spaces,347,327,20,1,19
S01009160,Whole house or bungalow: Total,126,124,2,0,2
S01009160,Whole house or bungalow: Detached,21,20,1,0,1
S01009160,Whole house or bungalow: Semi-detached,82,82,0,0,0
S01009160,Whole house or bungalow: Terraced (including end-terrace),23,22,1,0,1
S01009160,Flat maisonette or apartment or mobile/temporary accommodation,221,203,18,1,17
S01009161,All household spaces,370,349,21,11,10
S01009161,Whole house or bungalow: Total,87,86,1,0,1
S01009161,Whole house or bungalow: Detached,8,8,0,0,0
S01009161,Whole house or bungalow: Semi-detached,25,25,0,0,0
S01009161,Whole house or bungalow: Terraced (including end-terrace),54,53,1,0,1
S01009161,Flat maisonette or apartment or mobile/temporary accommodation,283,263,20,11,9
S01009162,All household spaces,463,436,27,22,5
S01009162,Whole house or bungalow: Total,97,95,2,1,1
S01009162,Whole house or bungalow: Detached,14,14,0,0,0
S01009162,Whole house or bungalow: Semi-detached,61,60,1,0,1
S01009162,Whole house or bungalow: Terraced (including end-terrace),22,21,1,1,0
S01009162,Flat maisonette or apartment or mobile/temporary accommodation,366,341,25,21,4
S01009163,All household spaces,250,233,17,10,7
S01009163,Whole house or bungalow: Total,113,111,2,0,2
S01009163,Whole house or bungalow: Detached,24,22,2,0,2
S01009163,Whole house or bungalow: Semi-detached,72,72,0,0,0
S01009163,Whole house or bungalow: Terraced (including end-terrace),17,17,0,0,0
S01009163,Flat maisonette or apartment or mobile/temporary accommodation,137,122,15,10,5
S01009164,All household spaces,318,307,11,0,11
S01009164,Whole house or bungalow: Total,313,302,11,0,11
S01009164,Whole house or bungalow: Detached,8,8,0,0,0
S01009164,Whole house or bungalow: Semi-detached,94,92,2,0,2
S01009164,Whole house or bungalow: Terraced (including end-terrace),211,202,9,0,9
S01009164,Flat maisonette or apartment or mobile/temporary accommodation,5,5,0,0,0
S01009165,All household spaces,332,324,8,1,7
S01009165,Whole house or bungalow: Total,198,195,3,0,3
S01009165,Whole house or bungalow: Detached,4,4,0,0,0
S01009165,Whole house or bungalow: Semi-detached,77,77,0,0,0
S01009165,Whole house or bungalow: Terraced (including end-terrace),117,114,3,0,3
S01009165,Flat maisonette or apartment or mobile/temporary accommodation,134,129,5,1,4
S01009166,All household spaces,407,399,8,0,8
S01009166,Whole house or bungalow: Total,210,207,3,0,3
S01009166,Whole house or bungalow: Detached,10,10,0,0,0
S01009166,Whole house or bungalow: Semi-detached,116,114,2,0,2
S01009166,Whole house or bungalow: Terraced (including end-terrace),84,83,1,0,1
S01009166,Flat maisonette or apartment or mobile/temporary accommodation,197,192,5,0,5
S01009167,All household spaces,204,198,6,1,5
S01009167,Whole house or bungalow: Total,179,174,5,0,5
S01009167,Whole house or bungalow: Detached,5,5,0,0,0
S01009167,Whole house or bungalow: Semi-detached,78,78,0,0,0
S01009167,Whole house or bungalow: Terraced (including end-terrace),96,91,5,0,5
S01009167,Flat maisonette or apartment or mobile/temporary accommodation,25,24,1,1,0
S01009168,All household spaces,306,297,9,0,9
S01009168,Whole house or bungalow: Total,264,258,6,0,6
S01009168,Whole house or bungalow: Detached,122,121,1,0,1
S01009168,Whole house or bungalow: Semi-detached,99,96,3,0,3
S01009168,Whole house or bungalow: Terraced (including end-terrace),43,41,2,0,2
S01009168,Flat maisonette or apartment or mobile/temporary accommodation,42,39,3,0,3
S01009169,All household spaces,427,420,7,1,6
S01009169,Whole house or bungalow: Total,168,167,1,1,0
S01009169,Whole house or bungalow: Detached,31,31,0,0,0
S01009169,Whole house or bungalow: Semi-detached,53,53,0,0,0
S01009169,Whole house or bungalow: Terraced (including end-terrace),84,83,1,1,0
S01009169,Flat maisonette or apartment or mobile/temporary accommodation,259,253,6,0,6
S01009170,All household spaces,309,282,27,11,16
S01009170,Whole house or bungalow: Total,265,253,12,0,12
S01009170,Whole house or bungalow: Detached,10,10,0,0,0
S01009170,Whole house or bungalow: Semi-detached,44,43,1,0,1
S01009170,Whole house or bungalow: Terraced (including end-terrace),211,200,11,0,11
S01009170,Flat maisonette or apartment or mobile/temporary accommodation,44,29,15,11,4
S01009171,All household spaces,328,297,31,20,11
S01009171,Whole house or bungalow: Total,210,192,18,7,11
S01009171,Whole house or bungalow: Detached,26,25,1,0,1
S01009171,Whole house or bungalow: Semi-detached,31,31,0,0,0
S01009171,Whole house or bungalow: Terraced (including end-terrace),153,136,17,7,10
S01009171,Flat maisonette or apartment or mobile/temporary accommodation,118,105,13,13,0
S01009172,All household spaces,296,288,8,0,8
S01009172,Whole house or bungalow: Total,230,223,7,0,7
S01009172,Whole house or bungalow: Detached,113,111,2,0,2
S01009172,Whole house or bungalow: Semi-detached,115,110,5,0,5
S01009172,Whole house or bungalow: Terraced (including end-terrace),2,2,0,0,0
S01009172,Flat maisonette or apartment or mobile/temporary accommodation,66,65,1,0,1
S01009173,All household spaces,315,309,6,0,6
S01009173,Whole house or bungalow: Total,298,292,6,0,6
S01009173,Whole house or bungalow: Detached,145,142,3,0,3
S01009173,Whole house or bungalow: Semi-detached,103,101,2,0,2
S01009173,Whole house or bungalow: Terraced (including end-terrace),50,49,1,0,1
S01009173,Flat maisonette or apartment or mobile/temporary accommodation,17,17,0,0,0
S01009174,All household spaces,162,162,0,0,0
S01009174,Whole house or bungalow: Total,154,154,0,0,0
S01009174,Whole house or bungalow: Detached,133,133,0,0,0
S01009174,Whole house or bungalow: Semi-detached,20,20,0,0,0
S01009174,Whole house or bungalow: Terraced (including end-terrace),1,1,0,0,0
S01009174,Flat maisonette or apartment or mobile/temporary accommodation,8,8,0,0,0
S01009175,All household spaces,306,300,6,1,5
S01009175,Whole house or bungalow: Total,302,296,6,1,5
S01009175,Whole house or bungalow: Detached,224,219,5,1,4
S01009175,Whole house or bungalow: Semi-detached,69,68,1,0,1
S01009175,Whole house or bungalow: Terraced (including end-terrace),9,9,0,0,0
S01009175,Flat maisonette or apartment or mobile/temporary accommodation,4,4,0,0,0
S01009176,All household spaces,403,400,3,2,1
S01009176,Whole house or bungalow: Total,397,394,3,2,1
S01009176,Whole house or bungalow: Detached,279,277,2,1,1
S01009176,Whole house or bungalow: Semi-detached,107,106,1,1,0
S01009176,Whole house or bungalow: Terraced (including end-terrace),11,11,0,0,0
S01009176,Flat maisonette or apartment or mobile/temporary accommodation,6,6,0,0,0
S01009177,All household spaces,371,367,4,0,4
S01009177,Whole house or bungalow: Total,282,280,2,0,2
S01009177,Whole house or bungalow: Detached,24,24,0,0,0
S01009177,Whole house or bungalow: Semi-detached,72,72,0,0,0
S01009177,Whole house or bungalow: Terraced (including end-terrace),186,184,2,0,2
S01009177,Flat maisonette or apartment or mobile/temporary accommodation,89,87,2,0,2
S01009178,All household spaces,326,320,6,0,6
S01009178,Whole house or bungalow: Total,236,233,3,0,3
S01009178,Whole house or bungalow: Detached,17,17,0,0,0
S01009178,Whole house or bungalow: Semi-detached,53,53,0,0,0
S01009178,Whole house or bungalow: Terraced (including end-terrace),166,163,3,0,3
S01009178,Flat maisonette or apartment or mobile/temporary accommodation,90,87,3,0,3
S01009179,All household spaces,285,273,12,9,3
S01009179,Whole house or bungalow: Total,264,252,12,9,3
S01009179,Whole house or bungalow: Detached,10,10,0,0,0
S01009179,Whole house or bungalow: Semi-detached,34,34,0,0,0
S01009179,Whole house or bungalow: Terraced (including end-terrace),220,208,12,9,3
S01009179,Flat maisonette or apartment or mobile/temporary accommodation,21,21,0,0,0
S01009180,All household spaces,447,437,10,0,10
S01009180,Whole house or bungalow: Total,303,298,5,0,5
S01009180,Whole house or bungalow: Detached,7,7,0,0,0
S01009180,Whole house or bungalow: Semi-detached,96,95,1,0,1
S01009180,Whole house or bungalow: Terraced (including end-terrace),200,196,4,0,4
S01009180,Flat maisonette or apartment or mobile/temporary accommodation,144,139,5,0,5
S01009181,All household spaces,362,361,1,1,0
S01009181,Whole house or bungalow: Total,313,312,1,1,0
S01009181,Whole house or bungalow: Detached,60,60,0,0,0
S01009181,Whole house or bungalow: Semi-detached,167,167,0,0,0
S01009181,Whole house or bungalow: Terraced (including end-terrace),86,85,1,1,0
S01009181,Flat maisonette or apartment or mobile/temporary accommodation,49,49,0,0,0
S01009182,All household spaces,422,419,3,1,2
S01009182,Whole house or bungalow: Total,393,390,3,1,2
S01009182,Whole house or bungalow: Detached,159,159,0,0,0
S01009182,Whole house or bungalow: Semi-detached,147,146,1,0,1
S01009182,Whole house or bungalow: Terraced (including end-terrace),87,85,2,1,1
S01009182,Flat maisonette or apartment or mobile/temporary accommodation,29,29,0,0,0
S01009183,All household spaces,267,267,0,0,0
S01009183,Whole house or bungalow: Total,258,258,0,0,0
S01009183,Whole house or bungalow: Detached,192,192,0,0,0
S01009183,Whole house or bungalow: Semi-detached,47,47,0,0,0
S01009183,Whole house or bungalow: Terraced (including end-terrace),19,19,0,0,0
S01009183,Flat maisonette or apartment or mobile/temporary accommodation,9,9,0,0,0
S01009184,All household spaces,399,376,23,0,23
S01009184,Whole house or bungalow: Total,307,293,14,0,14
S01009184,Whole house or bungalow: Detached,104,100,4,0,4
S01009184,Whole house or bungalow: Semi-detached,90,88,2,0,2
S01009184,Whole house or bungalow: Terraced (including end-terrace),113,105,8,0,8
S01009184,Flat maisonette or apartment or mobile/temporary accommodation,92,83,9,0,9
S01009185,All household spaces,372,354,18,0,18
S01009185,Whole house or bungalow: Total,341,327,14,0,14
S01009185,Whole house or bungalow: Detached,89,83,6,0,6
S01009185,Whole house or bungalow: Semi-detached,150,143,7,0,7
S01009185,Whole house or bungalow: Terraced (including end-terrace),102,101,1,0,1
S01009185,Flat maisonette or apartment or mobile/temporary accommodation,31,27,4,0,4
S01009186,All household spaces,319,312,7,0,7
S01009186,Whole house or bungalow: Total,268,263,5,0,5
S01009186,Whole house or bungalow: Detached,103,102,1,0,1
S01009186,Whole house or bungalow: Semi-detached,91,89,2,0,2
S01009186,Whole house or bungalow: Terraced (including end-terrace),74,72,2,0,2
S01009186,Flat maisonette or apartment or mobile/temporary accommodation,51,49,2,0,2
S01009187,All household spaces,220,215,5,1,4
S01009187,Whole house or bungalow: Total,205,201,4,1,3
S01009187,Whole house or bungalow: Detached,129,127,2,0,2
S01009187,Whole house or bungalow: Semi-detached,45,43,2,1,1
S01009187,Whole house or bungalow: Terraced (including end-terrace),31,31,0,0,0
S01009187,Flat maisonette or apartment or mobile/temporary accommodation,15,14,1,0,1
S01009188,All household spaces,403,383,20,1,19
S01009188,Whole house or bungalow: Total,342,326,16,1,15
S01009188,Whole house or bungalow: Detached,131,124,7,1,6
S01009188,Whole house or bungalow: Semi-detached,124,119,5,0,5
S01009188,Whole house or bungalow: Terraced (including end-terrace),87,83,4,0,4
S01009188,Flat maisonette or apartment or mobile/temporary accommodation,61,57,4,0,4
S01009189,All household spaces,342,336,6,0,6
S01009189,Whole house or bungalow: Total,236,233,3,0,3
S01009189,Whole house or bungalow: Detached,27,27,0,0,0
S01009189,Whole house or bungalow: Semi-detached,153,150,3,0,3
S01009189,Whole house or bungalow: Terraced (including end-terrace),56,56,0,0,0
S01009189,Flat maisonette or apartment or mobile/temporary accommodation,106,103,3,0,3
S01009190,All household spaces,320,309,11,0,11
S01009190,Whole house or bungalow: Total,304,295,9,0,9
S01009190,Whole house or bungalow: Detached,173,165,8,0,8
S01009190,Whole house or bungalow: Semi-detached,76,76,0,0,0
S01009190,Whole house or bungalow: Terraced (including end-terrace),55,54,1,0,1
S01009190,Flat maisonette or apartment or mobile/temporary accommodation,16,14,2,0,2
S01009191,All household spaces,232,229,3,2,1
S01009191,Whole house or bungalow: Total,230,227,3,2,1
S01009191,Whole house or bungalow: Detached,192,189,3,2,1
S01009191,Whole house or bungalow: Semi-detached,23,23,0,0,0
S01009191,Whole house or bungalow: Terraced (including end-terrace),15,15,0,0,0
S01009191,Flat maisonette or apartment or mobile/temporary accommodation,2,2,0,0,0
S01009192,All household spaces,262,258,4,0,4
S01009192,Whole house or bungalow: Total,240,236,4,0,4
S01009192,Whole house or bungalow: Detached,56,56,0,0,0
S01009192,Whole house or bungalow: Semi-detached,106,105,1,0,1
S01009192,Whole house or bungalow: Terraced (including end-terrace),78,75,3,0,3
S01009192,Flat maisonette or apartment or mobile/temporary accommodation,22,22,0,0,0
S01009193,All household spaces,130,127,3,0,3
S01009193,Whole house or bungalow: Total,126,123,3,0,3
S01009193,Whole house or bungalow: Detached,63,60,3,0,3
S01009193,Whole house or bungalow: Semi-detached,33,33,0,0,0
S01009193,Whole house or bungalow: Terraced (including end-terrace),30,30,0,0,0
S01009193,Flat maisonette or apartment or mobile/temporary accommodation,4,4,0,0,0
S01009194,All household spaces,328,323,5,0,5
S01009194,Whole house or bungalow: Total,321,316,5,0,5
S01009194,Whole house or bungalow: Detached,234,231,3,0,3
S01009194,Whole house or bungalow: Semi-detached,81,79,2,0,2
S01009194,Whole house or bungalow: Terraced (including end-terrace),6,6,0,0,0
S01009194,Flat maisonette or apartment or mobile/temporary accommodation,7,7,0,0,0
S01009195,All household spaces,359,353,6,0,6
S01009195,Whole house or bungalow: Total,310,305,5,0,5
S01009195,Whole house or bungalow: Detached,101,100,1,0,1
S01009195,Whole house or bungalow: Semi-detached,129,127,2,0,2
S01009195,Whole house or bungalow: Terraced (including end-terrace),80,78,2,0,2
S01009195,Flat maisonette or apartment or mobile/temporary accommodation,49,48,1,0,1
S01009196,All household spaces,300,298,2,0,2
S01009196,Whole house or bungalow: Total,246,245,1,0,1
S01009196,Whole house or bungalow: Detached,40,40,0,0,0
S01009196,Whole house or bungalow: Semi-detached,161,161,0,0,0
S01009196,Whole house or bungalow: Terraced (including end-terrace),45,44,1,0,1
S01009196,Flat maisonette or apartment or mobile/temporary accommodation,54,53,1,0,1
S01009197,All household spaces,413,401,12,0,12
S01009197,Whole house or bungalow: Total,389,379,10,0,10
S01009197,Whole house or bungalow: Detached,230,224,6,0,6
S01009197,Whole house or bungalow: Semi-detached,91,90,1,0,1
S01009197,Whole house or bungalow: Terraced (including end-terrace),68,65,3,0,3
S01009197,Flat maisonette or apartment or mobile/temporary accommodation,24,22,2,0,2
S01009198,All household spaces,311,306,5,0,5
S01009198,Whole house or bungalow: Total,248,245,3,0,3
S01009198,Whole house or bungalow: Detached,133,131,2,0,2
S01009198,Whole house or bungalow: Semi-detached,98,98,0,0,0
S01009198,Whole house or bungalow: Terraced (including end-terrace),17,16,1,0,1
S01009198,Flat maisonette or apartment or mobile/temporary accommodation,63,61,2,0,2
S01009199,All household spaces,250,248,2,0,2
S01009199,Whole house or bungalow: Total,238,236,2,0,2
S01009199,Whole house or bungalow: Detached,116,115,1,0,1
S01009199,Whole house or bungalow: Semi-detached,89,88,1,0,1
S01009199,Whole house or bungalow: Terraced (including end-terrace),33,33,0,0,0
S01009199,Flat maisonette or apartment or mobile/temporary accommodation,12,12,0,0,0
S01009200,All household spaces,458,439,19,0,19
S01009200,Whole house or bungalow: Total,408,391,17,0,17
S01009200,Whole house or bungalow: Detached,325,314,11,0,11
S01009200,Whole house or bungalow: Semi-detached,69,65,4,0,4
S01009200,Whole house or bungalow: Terraced (including end-terrace),14,12,2,0,2
S01009200,Flat maisonette or apartment or mobile/temporary accommodation,50,48,2,0,2
S01009201,All household spaces,275,268,7,0,7
S01009201,Whole house or bungalow: Total,218,214,4,0,4
S01009201,Whole house or bungalow: Detached,31,30,1,0,1
S01009201,Whole house or bungalow: Semi-detached,70,70,0,0,0
S01009201,Whole house or bungalow: Terraced (including end-terrace),117,114,3,0,3
S01009201,Flat maisonette or apartment or mobile/temporary accommodation,57,54,3,0,3
S01009202,All household spaces,192,190,2,0,2
S01009202,Whole house or bungalow: Total,187,185,2,0,2
S01009202,Whole house or bungalow: Detached,140,139,1,0,1
S01009202,Whole house or bungalow: Semi-detached,34,34,0,0,0
S01009202,Whole house or bungalow: Terraced (including end-terrace),13,12,1,0,1
S01009202,Flat maisonette or apartment or mobile/temporary accommodation,5,5,0,0,0
S01009203,All household spaces,275,269,6,0,6
S01009203,Whole house or bungalow: Total,214,210,4,0,4
S01009203,Whole house or bungalow: Detached,19,19,0,0,0
S01009203,Whole house or bungalow: Semi-detached,106,102,4,0,4
S01009203,Whole house or bungalow: Terraced (including end-terrace),89,89,0,0,0
S01009203,Flat maisonette or apartment or mobile/temporary accommodation,61,59,2,0,2
S01009204,All household spaces,347,343,4,0,4
S01009204,Whole house or bungalow: Total,324,321,3,0,3
S01009204,Whole house or bungalow: Detached,82,81,1,0,1
S01009204,Whole house or bungalow: Semi-detached,157,155,2,0,2
S01009204,Whole house or bungalow: Terraced (including end-terrace),85,85,0,0,0
S01009204,Flat maisonette or apartment or mobile/temporary accommodation,23,22,1,0,1
S01009205,All household spaces,315,307,8,0,8
S01009205,Whole house or bungalow: Total,215,212,3,0,3
S01009205,Whole house or bungalow: Detached,39,37,2,0,2
S01009205,Whole house or bungalow: Semi-detached,149,148,1,0,1
S01009205,Whole house or bungalow: Terraced (including end-terrace),27,27,0,0,0
S01009205,Flat maisonette or apartment or mobile/temporary accommodation,100,95,5,0,5
S01009206,All household spaces,367,362,5,0,5
S01009206,Whole house or bungalow: Total,274,269,5,0,5
S01009206,Whole house or bungalow: Detached,122,120,2,0,2
S01009206,Whole house or bungalow: Semi-detached,122,122,0,0,0
S01009206,Whole house or bungalow: Terraced (including end-terrace),30,27,3,0,3
S01009206,Flat maisonette or apartment or mobile/temporary accommodation,93,93,0,0,0
S01009207,All household spaces,380,375,5,0,5
S01009207,Whole house or bungalow: Total,320,317,3,0,3
S01009207,Whole house or bungalow: Detached,169,168,1,0,1
S01009207,Whole house or bungalow: Semi-detached,125,123,2,0,2
S01009207,Whole house or bungalow: Terraced (including end-terrace),26,26,0,0,0
S01009207,Flat maisonette or apartment or mobile/temporary accommodation,60,58,2,0,2
S01009208,All household spaces,302,294,8,0,8
S01009208,Whole house or bungalow: Total,237,230,7,0,7
S01009208,Whole house or bungalow: Detached,112,110,2,0,2
S01009208,Whole house or bungalow: Semi-detached,91,89,2,0,2
S01009208,Whole house or bungalow: Terraced (including end-terrace),34,31,3,0,3
S01009208,Flat maisonette or apartment or mobile/temporary accommodation,65,64,1,0,1
S01009209,All household spaces,314,304,10,0,10
S01009209,Whole house or bungalow: Total,237,230,7,0,7
S01009209,Whole house or bungalow: Detached,105,103,2,0,2
S01009209,Whole house or bungalow: Semi-detached,84,79,5,0,5
S01009209,Whole house or bungalow: Terraced (including end-terrace),48,48,0,0,0
S01009209,Flat maisonette or apartment or mobile/temporary accommodation,77,74,3,0,3
S01009210,All household spaces,238,234,4,0,4
S01009210,Whole house or bungalow: Total,204,201,3,0,3
S01009210,Whole house or bungalow: Detached,154,151,3,0,3
S01009210,Whole house or bungalow: Semi-detached,44,44,0,0,0
S01009210,Whole house or bungalow: Terraced (including end-terrace),6,6,0,0,0
S01009210,Flat maisonette or apartment or mobile/temporary accommodation,34,33,1,0,1
S01009211,All household spaces,266,259,7,0,7
S01009211,Whole house or bungalow: Total,193,188,5,0,5
S01009211,Whole house or bungalow: Detached,38,38,0,0,0
S01009211,Whole house or bungalow: Semi-detached,118,115,3,0,3
S01009211,Whole house or bungalow: Terraced (including end-terrace),37,35,2,0,2
S01009211,Flat maisonette or apartment or mobile/temporary accommodation,73,71,2,0,2
S01009212,All household spaces,371,363,8,0,8
S01009212,Whole house or bungalow: Total,300,298,2,0,2
S01009212,Whole house or bungalow: Detached,27,26,1,0,1
S01009212,Whole house or bungalow: Semi-detached,107,107,0,0,0
S01009212,Whole house or bungalow: Terraced (including end-terrace),166,165,1,0,1
S01009212,Flat maisonette or apartment or mobile/temporary accommodation,71,65,6,0,6
S01009213,All household spaces,362,355,7,1,6
S01009213,Whole house or bungalow: Total,263,257,6,1,5
S01009213,Whole house or bungalow: Detached,33,32,1,0,1
S01009213,Whole house or bungalow: Semi-detached,149,146,3,0,3
S01009213,Whole house or bungalow: Terraced (including end-terrace),81,79,2,1,1
S01009213,Flat maisonette or apartment or mobile/temporary accommodation,99,98,1,0,1
S01009214,All household spaces,400,397,3,0,3
S01009214,Whole house or bungalow: Total,393,390,3,0,3
S01009214,Whole house or bungalow: Detached,136,135,1,0,1
S01009214,Whole house or bungalow: Semi-detached,172,170,2,0,2
S01009214,Whole house or bungalow: Terraced (including end-terrace),85,85,0,0,0
S01009214,Flat maisonette or apartment or mobile/temporary accommodation,7,7,0,0,0
S01009215,All household spaces,448,439,9,0,9
S01009215,Whole house or bungalow: Total,238,232,6,0,6
S01009215,Whole house or bungalow: Detached,58,58,0,0,0
S01009215,Whole house or bungalow: Semi-detached,102,99,3,0,3
S01009215,Whole house or bungalow: Terraced (including end-terrace),78,75,3,0,3
S01009215,Flat maisonette or apartment or mobile/temporary accommodation,210,207,3,0,3
S01009216,All household spaces,404,397,7,0,7
S01009216,Whole house or bungalow: Total,329,325,4,0,4
S01009216,Whole house or bungalow: Detached,27,26,1,0,1
S01009216,Whole house or bungalow: Semi-detached,166,166,0,0,0
S01009216,Whole house or bungalow: Terraced (including end-terrace),136,133,3,0,3
S01009216,Flat maisonette or apartment or mobile/temporary accommodation,75,72,3,0,3
S01009217,All household spaces,283,279,4,0,4
S01009217,Whole house or bungalow: Total,165,162,3,0,3
S01009217,Whole house or bungalow: Detached,7,7,0,0,0
S01009217,Whole house or bungalow: Semi-detached,98,95,3,0,3
S01009217,Whole house or bungalow: Terraced (including end-terrace),60,60,0,0,0
S01009217,Flat maisonette or apartment or mobile/temporary accommodation,118,117,1,0,1
S01009218,All household spaces,402,395,7,1,6
S01009218,Whole house or bungalow: Total,298,294,4,1,3
S01009218,Whole house or bungalow: Detached,57,57,0,0,0
S01009218,Whole house or bungalow: Semi-detached,176,173,3,1,2
S01009218,Whole house or bungalow: Terraced (including end-terrace),65,64,1,0,1
S01009218,Flat maisonette or apartment or mobile/temporary accommodation,104,101,3,0,3
S01009219,All household spaces,319,313,6,0,6
S01009219,Whole house or bungalow: Total,245,241,4,0,4
S01009219,Whole house or bungalow: Detached,3,3,0,0,0
S01009219,Whole house or bungalow: Semi-detached,52,51,1,0,1
S01009219,Whole house or bungalow: Terraced (including end-terrace),190,187,3,0,3
S01009219,Flat maisonette or apartment or mobile/temporary accommodation,74,72,2,0,2
S01009220,All household spaces,267,264,3,0,3
S01009220,Whole house or bungalow: Total,105,105,0,0,0
S01009220,Whole house or bungalow: Detached,50,50,0,0,0
S01009220,Whole house or bungalow: Semi-detached,48,48,0,0,0
S01009220,Whole house or bungalow: Terraced (including end-terrace),7,7,0,0,0
S01009220,Flat maisonette or apartment or mobile/temporary accommodation,162,159,3,0,3
S01009221,All household spaces,247,239,8,0,8
S01009221,Whole house or bungalow: Total,173,171,2,0,2
S01009221,Whole house or bungalow: Detached,3,3,0,0,0
S01009221,Whole house or bungalow: Semi-detached,60,60,0,0,0
S01009221,Whole house or bungalow: Terraced (including end-terrace),110,108,2,0,2
S01009221,Flat maisonette or apartment or mobile/temporary accommodation,74,68,6,0,6
S01009222,All household spaces,243,238,5,0,5
S01009222,Whole house or bungalow: Total,145,143,2,0,2
S01009222,Whole house or bungalow: Detached,7,7,0,0,0
S01009222,Whole house or bungalow: Semi-detached,34,33,1,0,1
S01009222,Whole house or bungalow: Terraced (including end-terrace),104,103,1,0,1
S01009222,Flat maisonette or apartment or mobile/temporary accommodation,98,95,3,0,3
S01009223,All household spaces,247,244,3,0,3
S01009223,Whole house or bungalow: Total,204,201,3,0,3
S01009223,Whole house or bungalow: Detached,11,11,0,0,0
S01009223,Whole house or bungalow: Semi-detached,44,44,0,0,0
S01009223,Whole house or bungalow: Terraced (including end-terrace),149,146,3,0,3
S01009223,Flat maisonette or apartment or mobile/temporary accommodation,43,43,0,0,0
S01009224,All household spaces,289,277,12,0,12
S01009224,Whole house or bungalow: Total,105,101,4,0,4
S01009224,Whole house or bungalow: Detached,4,4,0,0,0
S01009224,Whole house or bungalow: Semi-detached,16,16,0,0,0
S01009224,Whole house or bungalow: Terraced (including end-terrace),85,81,4,0,4
S01009224,Flat maisonette or apartment or mobile/temporary accommodation,184,176,8,0,8
S01009225,All household spaces,276,268,8,1,7
S01009225,Whole house or bungalow: Total,187,183,4,0,4
S01009225,Whole house or bungalow: Detached,5,5,0,0,0
S01009225,Whole house or bungalow: Semi-detached,61,59,2,0,2
S01009225,Whole house or bungalow: Terraced (including end-terrace),121,119,2,0,2
S01009225,Flat maisonette or apartment or mobile/temporary accommodation,89,85,4,1,3
S01009226,All household spaces,531,507,24,0,24
S01009226,Whole house or bungalow: Total,74,73,1,0,1
S01009226,Whole house or bungalow: Detached,6,5,1,0,1
S01009226,Whole house or bungalow: Semi-detached,46,46,0,0,0
S01009226,Whole house or bungalow: Terraced (including end-terrace),22,22,0,0,0
S01009226,Flat maisonette or apartment or mobile/temporary accommodation,457,434,23,0,23
S01009227,All household spaces,362,355,7,0,7
S01009227,Whole house or bungalow: Total,92,90,2,0,2
S01009227,Whole house or bungalow: Detached,4,4,0,0,0
S01009227,Whole house or bungalow: Semi-detached,51,51,0,0,0
S01009227,Whole house or bungalow: Terraced (including end-terrace),37,35,2,0,2
S01009227,Flat maisonette or apartment or mobile/temporary accommodation,270,265,5,0,5
S01009228,All household spaces,326,313,13,1,12
S01009228,Whole house or bungalow: Total,114,111,3,1,2
S01009228,Whole house or bungalow: Detached,9,8,1,1,0
S01009228,Whole house or bungalow: Semi-detached,14,13,1,0,1
S01009228,Whole house or bungalow: Terraced (including end-terrace),91,90,1,0,1
S01009228,Flat maisonette or apartment or mobile/temporary accommodation,212,202,10,0,10
S01009229,All household spaces,299,293,6,0,6
S01009229,Whole house or bungalow: Total,124,120,4,0,4
S01009229,Whole house or bungalow: Detached,34,31,3,0,3
S01009229,Whole house or bungalow: Semi-detached,59,58,1,0,1
S01009229,Whole house or bungalow: Terraced (including end-terrace),31,31,0,0,0
S01009229,Flat maisonette or apartment or mobile/temporary accommodation,175,173,2,0,2
S01009230,All household spaces,336,319,17,5,12
S01009230,Whole house or bungalow: Total,83,83,0,0,0
S01009230,Whole house or bungalow: Detached,21,21,0,0,0
S01009230,Whole house or bungalow: Semi-detached,15,15,0,0,0
S01009230,Whole house or bungalow: Terraced (including end-terrace),47,47,0,0,0
S01009230,Flat maisonette or apartment or mobile/temporary accommodation,253,236,17,5,12
S01009231,All household spaces,450,437,13,0,13
S01009231,Whole house or bungalow: Total,190,184,6,0,6
S01009231,Whole house or bungalow: Detached,21,20,1,0,1
S01009231,Whole house or bungalow: Semi-detached,120,116,4,0,4
S01009231,Whole house or bungalow: Terraced (including end-terrace),49,48,1,0,1
S01009231,Flat maisonette or apartment or mobile/temporary accommodation,260,253,7,0,7
S01009232,All household spaces,333,309,24,2,22
S01009232,Whole house or bungalow: Total,93,93,0,0,0
S01009232,Whole house or bungalow: Detached,1,1,0,0,0
S01009232,Whole house or bungalow: Semi-detached,26,26,0,0,0
S01009232,Whole house or bungalow: Terraced (including end-terrace),66,66,0,0,0
S01009232,Flat maisonette or apartment or mobile/temporary accommodation,240,216,24,2,22
S01009233,All household spaces,274,267,7,0,7
S01009233,Whole house or bungalow: Total,254,247,7,0,7
S01009233,Whole house or bungalow: Detached,22,20,2,0,2
S01009233,Whole house or bungalow: Semi-detached,47,45,2,0,2
S01009233,Whole house or bungalow: Terraced (including end-terrace),185,182,3,0,3
S01009233,Flat maisonette or apartment or mobile/temporary accommodation,20,20,0,0,0
S01009234,All household spaces,495,476,19,7,12
S01009234,Whole house or bungalow: Total,198,193,5,0,5
S01009234,Whole house or bungalow: Detached,15,15,0,0,0
S01009234,Whole house or bungalow: Semi-detached,37,36,1,0,1
S01009234,Whole house or bungalow: Terraced (including end-terrace),146,142,4,0,4
S01009234,Flat maisonette or apartment or mobile/temporary accommodation,297,283,14,7,7
S01009235,All household spaces,478,457,21,4,17
S01009235,Whole house or bungalow: Total,224,218,6,0,6
S01009235,Whole house or bungalow: Detached,13,13,0,0,0
S01009235,Whole house or bungalow: Semi-detached,116,111,5,0,5
S01009235,Whole house or bungalow: Terraced (including end-terrace),95,94,1,0,1
S01009235,Flat maisonette or apartment or mobile/temporary accommodation,254,239,15,4,11
S01009236,All household spaces,227,224,3,0,3
S01009236,Whole house or bungalow: Total,108,106,2,0,2
S01009236,Whole house or bungalow: Detached,37,36,1,0,1
S01009236,Whole house or bungalow: Semi-detached,59,58,1,0,1
S01009236,Whole house or bungalow: Terraced (including end-terrace),12,12,0,0,0
S01009236,Flat maisonette or apartment or mobile/temporary accommodation,119,118,1,0,1
S01009237,All household spaces,386,378,8,0,8
S01009237,Whole house or bungalow: Total,243,239,4,0,4
S01009237,Whole house or bungalow: Detached,74,72,2,0,2
S01009237,Whole house or bungalow: Semi-detached,148,146,2,0,2
S01009237,Whole house or bungalow: Terraced (including end-terrace),21,21,0,0,0
S01009237,Flat maisonette or apartment or mobile/temporary accommodation,143,139,4,0,4
S01009238,All household spaces,343,335,8,1,7
S01009238,Whole house or bungalow: Total,270,264,6,0,6
S01009238,Whole house or bungalow: Detached,18,18,0,0,0
S01009238,Whole house or bungalow: Semi-detached,19,19,0,0,0
S01009238,Whole house or bungalow: Terraced (including end-terrace),233,227,6,0,6
S01009238,Flat maisonette or apartment or mobile/temporary accommodation,73,71,2,1,1
S01009239,All household spaces,424,420,4,0,4
S01009239,Whole house or bungalow: Total,163,162,1,0,1
S01009239,Whole house or bungalow: Detached,3,3,0,0,0
S01009239,Whole house or bungalow: Semi-detached,40,40,0,0,0
S01009239,Whole house or bungalow: Terraced (including end-terrace),120,119,1,0,1
S01009239,Flat maisonette or apartment or mobile/temporary accommodation,261,258,3,0,3
S01009240,All household spaces,419,387,32,0,32
S01009240,Whole house or bungalow: Total,115,112,3,0,3
S01009240,Whole house or bungalow: Detached,7,7,0,0,0
S01009240,Whole house or bungalow: Semi-detached,37,34,3,0,3
S01009240,Whole house or bungalow: Terraced (including end-terrace),71,71,0,0,0
S01009240,Flat maisonette or apartment or mobile/temporary accommodation,304,275,29,0,29
S01009241,All household spaces,465,453,12,0,12
S01009241,Whole house or bungalow: Total,261,257,4,0,4
S01009241,Whole house or bungalow: Detached,11,11,0,0,0
S01009241,Whole house or bungalow: Semi-detached,41,41,0,0,0
S01009241,Whole house or bungalow: Terraced (including end-terrace),209,205,4,0,4
S01009241,Flat maisonette or apartment or mobile/temporary accommodation,204,196,8,0,8
S01009242,All household spaces,326,321,5,0,5
S01009242,Whole house or bungalow: Total,253,249,4,0,4
S01009242,Whole house or bungalow: Detached,106,104,2,0,2
S01009242,Whole house or bungalow: Semi-detached,136,134,2,0,2
S01009242,Whole house or bungalow: Terraced (including end-terrace),11,11,0,0,0
S01009242,Flat maisonette or apartment or mobile/temporary accommodation,73,72,1,0,1
S01009243,All household spaces,402,398,4,1,3
S01009243,Whole house or bungalow: Total,377,373,4,1,3
S01009243,Whole house or bungalow: Detached,16,15,1,1,0
S01009243,Whole house or bungalow: Semi-detached,109,109,0,0,0
S01009243,Whole house or bungalow: Terraced (including end-terrace),252,249,3,0,3
S01009243,Flat maisonette or apartment or mobile/temporary accommodation,25,25,0,0,0
S01009244,All household spaces,350,337,13,6,7
S01009244,Whole house or bungalow: Total,332,321,11,6,5
S01009244,Whole house or bungalow: Detached,186,178,8,5,3
S01009244,Whole house or bungalow: Semi-detached,134,131,3,1,2
S01009244,Whole house or bungalow: Terraced (including end-terrace),12,12,0,0,0
S01009244,Flat maisonette or apartment or mobile/temporary accommodation,18,16,2,0,2
S01009245,All household spaces,366,361,5,0,5
S01009245,Whole house or bungalow: Total,323,318,5,0,5
S01009245,Whole house or bungalow: Detached,158,156,2,0,2
S01009245,Whole house or bungalow: Semi-detached,79,78,1,0,1
S01009245,Whole house or bungalow: Terraced (including end-terrace),86,84,2,0,2
S01009245,Flat maisonette or apartment or mobile/temporary accommodation,43,43,0,0,0
S01009246,All household spaces,398,383,15,0,15
S01009246,Whole house or bungalow: Total,329,322,7,0,7
S01009246,Whole house or bungalow: Detached,18,17,1,0,1
S01009246,Whole house or bungalow: Semi-detached,284,280,4,0,4
S01009246,Whole house or bungalow: Terraced (including end-terrace),27,25,2,0,2
S01009246,Flat maisonette or apartment or mobile/temporary accommodation,69,61,8,0,8
S01009247,All household spaces,437,429,8,1,7
S01009247,Whole house or bungalow: Total,417,409,8,1,7
S01009247,Whole house or bungalow: Detached,15,15,0,0,0
S01009247,Whole house or bungalow: Semi-detached,179,177,2,0,2
S01009247,Whole house or bungalow: Terraced (including end-terrace),223,217,6,1,5
S01009247,Flat maisonette or apartment or mobile/temporary accommodation,20,20,0,0,0
S01009248,All household spaces,307,300,7,2,5
S01009248,Whole house or bungalow: Total,281,275,6,1,5
S01009248,Whole house or bungalow: Detached,109,107,2,0,2
S01009248,Whole house or bungalow: Semi-detached,82,81,1,1,0
S01009248,Whole house or bungalow: Terraced (including end-terrace),90,87,3,0,3
S01009248,Flat maisonette or apartment or mobile/temporary accommodation,26,25,1,1,0
S01009249,All household spaces,381,375,6,2,4
S01009249,Whole house or bungalow: Total,178,176,2,1,1
S01009249,Whole house or bungalow: Detached,15,14,1,1,0
S01009249,Whole house or bungalow: Semi-detached,89,89,0,0,0
S01009249,Whole house or bungalow: Terraced (including end-terrace),74,73,1,0,1
S01009249,Flat maisonette or apartment or mobile/temporary accommodation,203,199,4,1,3
S01009250,All household spaces,282,278,4,0,4
S01009250,Whole house or bungalow: Total,272,268,4,0,4
S01009250,Whole house or bungalow: Detached,12,12,0,0,0
S01009250,Whole house or bungalow: Semi-detached,115,114,1,0,1
S01009250,Whole house or bungalow: Terraced (including end-terrace),145,142,3,0,3
S01009250,Flat maisonette or apartment or mobile/temporary accommodation,10,10,0,0,0
S01009251,All household spaces,227,221,6,0,6
S01009251,Whole house or bungalow: Total,224,218,6,0,6
S01009251,Whole house or bungalow: Detached,86,85,1,0,1
S01009251,Whole house or bungalow: Semi-detached,57,55,2,0,2
S01009251,Whole house or bungalow: Terraced (including end-terrace),81,78,3,0,3
S01009251,Flat maisonette or apartment or mobile/temporary accommodation,3,3,0,0,0
S01009252,All household spaces,163,163,0,0,0
S01009252,Whole house or bungalow: Total,162,162,0,0,0
S01009252,Whole house or bungalow: Detached,107,107,0,0,0
S01009252,Whole house or bungalow: Semi-detached,31,31,0,0,0
S01009252,Whole house or bungalow: Terraced (including end-terrace),24,24,0,0,0
S01009252,Flat maisonette or apartment or mobile/temporary accommodation,1,1,0,0,0
S01009253,All household spaces,239,239,0,0,0
S01009253,Whole house or bungalow: Total,213,213,0,0,0
S01009253,Whole house or bungalow: Detached,16,16,0,0,0
S01009253,Whole house or bungalow: Semi-detached,68,68,0,0,0
S01009253,Whole house or bungalow: Terraced (including end-terrace),129,129,0,0,0
S01009253,Flat maisonette or apartment or mobile/temporary accommodation,26,26,0,0,0
S01009254,All household spaces,374,371,3,0,3
S01009254,Whole house or bungalow: Total,191,189,2,0,2
S01009254,Whole house or bungalow: Detached,30,30,0,0,0
S01009254,Whole house or bungalow: Semi-detached,90,90,0,0,0
S01009254,Whole house or bungalow: Terraced (including end-terrace),71,69,2,0,2
S01009254,Flat maisonette or apartment or mobile/temporary accommodation,183,182,1,0,1
S01009255,All household spaces,380,376,4,2,2
S01009255,Whole house or bungalow: Total,89,88,1,0,1
S01009255,Whole house or bungalow: Detached,15,15,0,0,0
S01009255,Whole house or bungalow: Semi-detached,32,32,0,0,0
S01009255,Whole house or bungalow: Terraced (including end-terrace),42,41,1,0,1
S01009255,Flat maisonette or apartment or mobile/temporary accommodation,291,288,3,2,1
S01009256,All household spaces,228,222,6,0,6
S01009256,Whole house or bungalow: Total,160,156,4,0,4
S01009256,Whole house or bungalow: Detached,40,40,0,0,0
S01009256,Whole house or bungalow: Semi-detached,83,82,1,0,1
S01009256,Whole house or bungalow: Terraced (including end-terrace),37,34,3,0,3
S01009256,Flat maisonette or apartment or mobile/temporary accommodation,68,66,2,0,2
S01009257,All household spaces,336,330,6,0,6
S01009257,Whole house or bungalow: Total,148,145,3,0,3
S01009257,Whole house or bungalow: Detached,76,74,2,0,2
S01009257,Whole house or bungalow: Semi-detached,42,41,1,0,1
S01009257,Whole house or bungalow: Terraced (including end-terrace),30,30,0,0,0
S01009257,Flat maisonette or apartment or mobile/temporary accommodation,188,185,3,0,3
S01009258,All household spaces,291,282,9,2,7
S01009258,Whole house or bungalow: Total,257,250,7,1,6
S01009258,Whole house or bungalow: Detached,125,123,2,0,2
S01009258,Whole house or bungalow: Semi-detached,102,98,4,1,3
S01009258,Whole house or bungalow: Terraced (including end-terrace),30,29,1,0,1
S01009258,Flat maisonette or apartment or mobile/temporary accommodation,34,32,2,1,1
S01009259,All household spaces,381,380,1,0,1
S01009259,Whole house or bungalow: Total,360,359,1,0,1
S01009259,Whole house or bungalow: Detached,153,152,1,0,1
S01009259,Whole house or bungalow: Semi-detached,150,150,0,0,0
S01009259,Whole house or bungalow: Terraced (including end-terrace),57,57,0,0,0
S01009259,Flat maisonette or apartment or mobile/temporary accommodation,21,21,0,0,0
S01009260,All household spaces,542,526,16,0,16
S01009260,Whole house or bungalow: Total,354,342,12,0,12
S01009260,Whole house or bungalow: Detached,99,96,3,0,3
S01009260,Whole house or bungalow: Semi-detached,155,151,4,0,4
S01009260,Whole house or bungalow: Terraced (including end-terrace),100,95,5,0,5
S01009260,Flat maisonette or apartment or mobile/temporary accommodation,188,184,4,0,4
S01009261,All household spaces,399,386,13,1,12
S01009261,Whole house or bungalow: Total,212,204,8,1,7
S01009261,Whole house or bungalow: Detached,47,47,0,0,0
S01009261,Whole house or bungalow: Semi-detached,70,67,3,0,3
S01009261,Whole house or bungalow: Terraced (including end-terrace),95,90,5,1,4
S01009261,Flat maisonette or apartment or mobile/temporary accommodation,187,182,5,0,5
S01009262,All household spaces,296,293,3,0,3
S01009262,Whole house or bungalow: Total,181,178,3,0,3
S01009262,Whole house or bungalow: Detached,10,10,0,0,0
S01009262,Whole house or bungalow: Semi-detached,24,24,0,0,0
S01009262,Whole house or bungalow: Terraced (including end-terrace),147,144,3,0,3
S01009262,Flat maisonette or apartment or mobile/temporary accommodation,115,115,0,0,0
S01009263,All household spaces,370,365,5,0,5
S01009263,Whole house or bungalow: Total,329,326,3,0,3
S01009263,Whole house or bungalow: Detached,116,116,0,0,0
S01009263,Whole house or bungalow: Semi-detached,85,84,1,0,1
S01009263,Whole house or bungalow: Terraced (including end-terrace),128,126,2,0,2
S01009263,Flat maisonette or apartment or mobile/temporary accommodation,41,39,2,0,2
S01009264,All household spaces,237,231,6,1,5
S01009264,Whole house or bungalow: Total,231,226,5,0,5
S01009264,Whole house or bungalow: Detached,79,78,1,0,1
S01009264,Whole house or bungalow: Semi-detached,117,113,4,0,4
S01009264,Whole house or bungalow: Terraced (including end-terrace),35,35,0,0,0
S01009264,Flat maisonette or apartment or mobile/temporary accommodation,6,5,1,1,0
S01009265,All household spaces,406,376,30,12,18
S01009265,Whole house or bungalow: Total,265,249,16,9,7
S01009265,Whole house or bungalow: Detached,64,63,1,1,0
S01009265,Whole house or bungalow: Semi-detached,100,96,4,3,1
S01009265,Whole house or bungalow: Terraced (including end-terrace),101,90,11,5,6
S01009265,Flat maisonette or apartment or mobile/temporary accommodation,141,127,14,3,11
S01009266,All household spaces,380,374,6,6,0
S01009266,Whole house or bungalow: Total,339,338,1,1,0
S01009266,Whole house or bungalow: Detached,91,91,0,0,0
S01009266,Whole house or bungalow: Semi-detached,99,99,0,0,0
S01009266,Whole house or bungalow: Terraced (including end-terrace),149,148,1,1,0
S01009266,Flat maisonette or apartment or mobile/temporary accommodation,41,36,5,5,0
S01009267,All household spaces,400,377,23,14,9
S01009267,Whole house or bungalow: Total,279,265,14,6,8
S01009267,Whole house or bungalow: Detached,63,61,2,2,0
S01009267,Whole house or bungalow: Semi-detached,89,88,1,0,1
S01009267,Whole house or bungalow: Terraced (including end-terrace),127,116,11,4,7
S01009267,Flat maisonette or apartment or mobile/temporary accommodation,121,112,9,8,1
S01009268,All household spaces,455,431,24,3,21
S01009268,Whole house or bungalow: Total,311,298,13,2,11
S01009268,Whole house or bungalow: Detached,109,104,5,1,4
S01009268,Whole house or bungalow: Semi-detached,109,104,5,1,4
S01009268,Whole house or bungalow: Terraced (including end-terrace),93,90,3,0,3
S01009268,Flat maisonette or apartment or mobile/temporary accommodation,144,133,11,1,10
S01009269,All household spaces,377,351,26,10,16
S01009269,Whole house or bungalow: Total,294,274,20,9,11
S01009269,Whole house or bungalow: Detached,22,22,0,0,0
S01009269,Whole house or bungalow: Semi-detached,104,100,4,1,3
S01009269,Whole house or bungalow: Terraced (including end-terrace),168,152,16,8,8
S01009269,Flat maisonette or apartment or mobile/temporary accommodation,83,77,6,1,5
S01009270,All household spaces,324,306,18,6,12
S01009270,Whole house or bungalow: Total,176,166,10,6,4
S01009270,Whole house or bungalow: Detached,10,9,1,1,0
S01009270,Whole house or bungalow: Semi-detached,75,74,1,1,0
S01009270,Whole house or bungalow: Terraced (including end-terrace),91,83,8,4,4
S01009270,Flat maisonette or apartment or mobile/temporary accommodation,148,140,8,0,8
S01009271,All household spaces,357,349,8,5,3
S01009271,Whole house or bungalow: Total,351,343,8,5,3
S01009271,Whole house or bungalow: Detached,192,186,6,4,2
S01009271,Whole house or bungalow: Semi-detached,150,148,2,1,1
S01009271,Whole house or bungalow: Terraced (including end-terrace),9,9,0,0,0
S01009271,Flat maisonette or apartment or mobile/temporary accommodation,6,6,0,0,0
S01009272,All household spaces,285,264,21,13,8
S01009272,Whole house or bungalow: Total,280,259,21,13,8
S01009272,Whole house or bungalow: Detached,22,22,0,0,0
S01009272,Whole house or bungalow: Semi-detached,160,150,10,6,4
S01009272,Whole house or bungalow: Terraced (including end-terrace),98,87,11,7,4
S01009272,Flat maisonette or apartment or mobile/temporary accommodation,5,5,0,0,0
S01009273,All household spaces,213,211,2,0,2
S01009273,Whole house or bungalow: Total,211,209,2,0,2
S01009273,Whole house or bungalow: Detached,130,130,0,0,0
S01009273,Whole house or bungalow: Semi-detached,64,63,1,0,1
S01009273,Whole house or bungalow: Terraced (including end-terrace),17,16,1,0,1
S01009273,Flat maisonette or apartment or mobile/temporary accommodation,2,2,0,0,0
S01009274,All household spaces,264,255,9,3,6
S01009274,Whole house or bungalow: Total,256,247,9,3,6
S01009274,Whole house or bungalow: Detached,130,127,3,1,2
S01009274,Whole house or bungalow: Semi-detached,54,50,4,2,2
S01009274,Whole house or bungalow: Terraced (including end-terrace),72,70,2,0,2
S01009274,Flat maisonette or apartment or mobile/temporary accommodation,8,8,0,0,0
S01009275,All household spaces,257,244,13,7,6
S01009275,Whole house or bungalow: Total,173,163,10,7,3
S01009275,Whole house or bungalow: Detached,112,104,8,6,2
S01009275,Whole house or bungalow: Semi-detached,55,53,2,1,1
S01009275,Whole house or bungalow: Terraced (including end-terrace),6,6,0,0,0
S01009275,Flat maisonette or apartment or mobile/temporary accommodation,84,81,3,0,3
S01009276,All household spaces,384,373,11,0,11
S01009276,Whole house or bungalow: Total,368,359,9,0,9
S01009276,Whole house or bungalow: Detached,253,247,6,0,6
S01009276,Whole house or bungalow: Semi-detached,58,56,2,0,2
S01009276,Whole house or bungalow: Terraced (including end-terrace),57,56,1,0,1
S01009276,Flat maisonette or apartment or mobile/temporary accommodation,16,14,2,0,2
S01009277,All household spaces,225,218,7,2,5
S01009277,Whole house or bungalow: Total,221,214,7,2,5
S01009277,Whole house or bungalow: Detached,178,174,4,0,4
S01009277,Whole house or bungalow: Semi-detached,29,29,0,0,0
S01009277,Whole house or bungalow: Terraced (including end-terrace),14,11,3,2,1
S01009277,Flat maisonette or apartment or mobile/temporary accommodation,4,4,0,0,0
S01009278,All household spaces,245,235,10,4,6
S01009278,Whole house or bungalow: Total,222,216,6,3,3
S01009278,Whole house or bungalow: Detached,85,83,2,1,1
S01009278,Whole house or bungalow: Semi-detached,42,41,1,1,0
S01009278,Whole house or bungalow: Terraced (including end-terrace),95,92,3,1,2
S01009278,Flat maisonette or apartment or mobile/temporary accommodation,23,19,4,1,3
S01009279,All household spaces,294,283,11,4,7
S01009279,Whole house or bungalow: Total,199,194,5,2,3
S01009279,Whole house or bungalow: Detached,83,79,4,2,2
S01009279,Whole house or bungalow: Semi-detached,75,74,1,0,1
S01009279,Whole house or bungalow: Terraced (including end-terrace),41,41,0,0,0
S01009279,Flat maisonette or apartment or mobile/temporary accommodation,95,89,6,2,4
S01009280,All household spaces,416,406,10,1,9
S01009280,Whole house or bungalow: Total,363,355,8,1,7
S01009280,Whole house or bungalow: Detached,30,30,0,0,0
S01009280,Whole house or bungalow: Semi-detached,158,155,3,0,3
S01009280,Whole house or bungalow: Terraced (including end-terrace),175,170,5,1,4
S01009280,Flat maisonette or apartment or mobile/temporary accommodation,53,51,2,0,2
S01009281,All household spaces,395,375,20,7,13
S01009281,Whole house or bungalow: Total,295,279,16,5,11
S01009281,Whole house or bungalow: Detached,47,43,4,0,4
S01009281,Whole house or bungalow: Semi-detached,192,186,6,3,3
S01009281,Whole house or bungalow: Terraced (including end-terrace),56,50,6,2,4
S01009281,Flat maisonette or apartment or mobile/temporary accommodation,100,96,4,2,2
S01009282,All household spaces,376,346,30,23,7
S01009282,Whole house or bungalow: Total,263,245,18,14,4
S01009282,Whole house or bungalow: Detached,131,121,10,8,2
S01009282,Whole house or bungalow: Semi-detached,75,73,2,1,1
S01009282,Whole house or bungalow: Terraced (including end-terrace),57,51,6,5,1
S01009282,Flat maisonette or apartment or mobile/temporary accommodation,113,101,12,9,3
S01009283,All household spaces,200,180,20,6,14
S01009283,Whole house or bungalow: Total,192,172,20,6,14
S01009283,Whole house or bungalow: Detached,50,48,2,1,1
S01009283,Whole house or bungalow: Semi-detached,46,39,7,3,4
S01009283,Whole house or bungalow: Terraced (including end-terrace),96,85,11,2,9
S01009283,Flat maisonette or apartment or mobile/temporary accommodation,8,8,0,0,0
S01009284,All household spaces,318,311,7,2,5
S01009284,Whole house or bungalow: Total,307,300,7,2,5
S01009284,Whole house or bungalow: Detached,171,168,3,2,1
S01009284,Whole house or bungalow: Semi-detached,102,99,3,0,3
S01009284,Whole house or bungalow: Terraced (including end-terrace),34,33,1,0,1
S01009284,Flat maisonette or apartment or mobile/temporary accommodation,11,11,0,0,0
S01009285,All household spaces,358,350,8,5,3
S01009285,Whole house or bungalow: Total,286,281,5,4,1
S01009285,Whole house or bungalow: Detached,103,101,2,2,0
S01009285,Whole house or bungalow: Semi-detached,153,152,1,0,1
S01009285,Whole house or bungalow: Terraced (including end-terrace),30,28,2,2,0
S01009285,Flat maisonette or apartment or mobile/temporary accommodation,72,69,3,1,2
S01009286,All household spaces,364,351,13,6,7
S01009286,Whole house or bungalow: Total,309,297,12,5,7
S01009286,Whole house or bungalow: Detached,192,187,5,1,4
S01009286,Whole house or bungalow: Semi-detached,73,67,6,4,2
S01009286,Whole house or bungalow: Terraced (including end-terrace),44,43,1,0,1
S01009286,Flat maisonette or apartment or mobile/temporary accommodation,55,54,1,1,0
S01009287,All household spaces,349,339,10,5,5
S01009287,Whole house or bungalow: Total,296,287,9,5,4
S01009287,Whole house or bungalow: Detached,204,202,2,2,0
S01009287,Whole house or bungalow: Semi-detached,45,44,1,1,0
S01009287,Whole house or bungalow: Terraced (including end-terrace),47,41,6,2,4
S01009287,Flat maisonette or apartment or mobile/temporary accommodation,53,52,1,0,1
S01009288,All household spaces,412,392,20,11,9
S01009288,Whole house or bungalow: Total,374,356,18,11,7
S01009288,Whole house or bungalow: Detached,175,166,9,4,5
S01009288,Whole house or bungalow: Semi-detached,73,68,5,3,2
S01009288,Whole house or bungalow: Terraced (including end-terrace),126,122,4,4,0
S01009288,Flat maisonette or apartment or mobile/temporary accommodation,38,36,2,0,2
S01009289,All household spaces,421,409,12,3,9
S01009289,Whole house or bungalow: Total,388,378,10,2,8
S01009289,Whole house or bungalow: Detached,250,245,5,0,5
S01009289,Whole house or bungalow: Semi-detached,63,61,2,1,1
S01009289,Whole house or bungalow: Terraced (including end-terrace),75,72,3,1,2
S01009289,Flat maisonette or apartment or mobile/temporary accommodation,33,31,2,1,1
S01009290,All household spaces,292,288,4,3,1
S01009290,Whole house or bungalow: Total,289,285,4,3,1
S01009290,Whole house or bungalow: Detached,189,185,4,3,1
S01009290,Whole house or bungalow: Semi-detached,94,94,0,0,0
S01009290,Whole house or bungalow: Terraced (including end-terrace),6,6,0,0,0
S01009290,Flat maisonette or apartment or mobile/temporary accommodation,3,3,0,0,0
S01009291,All household spaces,396,394,2,0,2
S01009291,Whole house or bungalow: Total,388,386,2,0,2
S01009291,Whole house or bungalow: Detached,154,154,0,0,0
S01009291,Whole house or bungalow: Semi-detached,212,210,2,0,2
S01009291,Whole house or bungalow: Terraced (including end-terrace),22,22,0,0,0
S01009291,Flat maisonette or apartment or mobile/temporary accommodation,8,8,0,0,0
S01009292,All household spaces,237,228,9,6,3
S01009292,Whole house or bungalow: Total,181,174,7,4,3
S01009292,Whole house or bungalow: Detached,14,14,0,0,0
S01009292,Whole house or bungalow: Semi-detached,57,52,5,4,1
S01009292,Whole house or bungalow: Terraced (including end-terrace),110,108,2,0,2
S01009292,Flat maisonette or apartment or mobile/temporary accommodation,56,54,2,2,0
S01009293,All household spaces,312,297,15,7,8
S01009293,Whole house or bungalow: Total,193,191,2,1,1
S01009293,Whole house or bungalow: Detached,113,113,0,0,0
S01009293,Whole house or bungalow: Semi-detached,46,45,1,0,1
S01009293,Whole house or bungalow: Terraced (including end-terrace),34,33,1,1,0
S01009293,Flat maisonette or apartment or mobile/temporary accommodation,119,106,13,6,7
S01009294,All household spaces,195,192,3,0,3
S01009294,Whole house or bungalow: Total,166,163,3,0,3
S01009294,Whole house or bungalow: Detached,138,135,3,0,3
S01009294,Whole house or bungalow: Semi-detached,17,17,0,0,0
S01009294,Whole house or bungalow: Terraced (including end-terrace),11,11,0,0,0
S01009294,Flat maisonette or apartment or mobile/temporary accommodation,29,29,0,0,0
S01009295,All household spaces,267,264,3,1,2
S01009295,Whole house or bungalow: Total,257,254,3,1,2
S01009295,Whole house or bungalow: Detached,91,91,0,0,0
S01009295,Whole house or bungalow: Semi-detached,106,103,3,1,2
S01009295,Whole house or bungalow: Terraced (including end-terrace),60,60,0,0,0
S01009295,Flat maisonette or apartment or mobile/temporary accommodation,10,10,0,0,0
S01009296,All household spaces,192,187,5,0,5
S01009296,Whole house or bungalow: Total,173,172,1,0,1
S01009296,Whole house or bungalow: Detached,104,104,0,0,0
S01009296,Whole house or bungalow: Semi-detached,36,35,1,0,1
S01009296,Whole house or bungalow: Terraced (including end-terrace),33,33,0,0,0
S01009296,Flat maisonette or apartment or mobile/temporary accommodation,19,15,4,0,4
S01009297,All household spaces,341,328,13,4,9
S01009297,Whole house or bungalow: Total,284,274,10,4,6
S01009297,Whole house or bungalow: Detached,203,198,5,0,5
S01009297,Whole house or bungalow: Semi-detached,58,53,5,4,1
S01009297,Whole house or bungalow: Terraced (including end-terrace),23,23,0,0,0
S01009297,Flat maisonette or apartment or mobile/temporary accommodation,57,54,3,0,3
S01009298,All household spaces,580,553,27,5,22
S01009298,Whole house or bungalow: Total,247,237,10,4,6
S01009298,Whole house or bungalow: Detached,33,32,1,0,1
S01009298,Whole house or bungalow: Semi-detached,87,86,1,0,1
S01009298,Whole house or bungalow: Terraced (including end-terrace),127,119,8,4,4
S01009298,Flat maisonette or apartment or mobile/temporary accommodation,333,316,17,1,16
S01009299,All household spaces,503,484,19,2,17
S01009299,Whole house or bungalow: Total,184,184,0,0,0
S01009299,Whole house or bungalow: Detached,48,48,0,0,0
S01009299,Whole house or bungalow: Semi-detached,62,62,0,0,0
S01009299,Whole house or bungalow: Terraced (including end-terrace),74,74,0,0,0
S01009299,Flat maisonette or apartment or mobile/temporary accommodation,319,300,19,2,17
S01009300,All household spaces,296,287,9,3,6
S01009300,Whole house or bungalow: Total,95,91,4,0,4
S01009300,Whole house or bungalow: Detached,17,17,0,0,0
S01009300,Whole house or bungalow: Semi-detached,21,21,0,0,0
S01009300,Whole house or bungalow: Terraced (including end-terrace),57,53,4,0,4
S01009300,Flat maisonette or apartment or mobile/temporary accommodation,201,196,5,3,2
S01009301,All household spaces,604,551,53,34,19
S01009301,Whole house or bungalow: Total,127,124,3,2,1
S01009301,Whole house or bungalow: Detached,42,40,2,1,1
S01009301,Whole house or bungalow: Semi-detached,43,42,1,1,0
S01009301,Whole house or bungalow: Terraced (including end-terrace),42,42,0,0,0
S01009301,Flat maisonette or apartment or mobile/temporary accommodation,477,427,50,32,18
S01009302,All household spaces,485,450,35,21,14
S01009302,Whole house or bungalow: Total,79,64,15,15,0
S01009302,Whole house or bungalow: Detached,14,14,0,0,0
S01009302,Whole house or bungalow: Semi-detached,43,42,1,1,0
S01009302,Whole house or bungalow: Terraced (including end-terrace),22,8,14,14,0
S01009302,Flat maisonette or apartment or mobile/temporary accommodation,406,386,20,6,14
S01009303,All household spaces,344,322,22,12,10
S01009303,Whole house or bungalow: Total,247,238,9,6,3
S01009303,Whole house or bungalow: Detached,112,110,2,0,2
S01009303,Whole house or bungalow: Semi-detached,100,97,3,3,0
S01009303,Whole house or bungalow: Terraced (including end-terrace),35,31,4,3,1
S01009303,Flat maisonette or apartment or mobile/temporary accommodation,97,84,13,6,7
S01009304,All household spaces,409,395,14,4,10
S01009304,Whole house or bungalow: Total,323,314,9,4,5
S01009304,Whole house or bungalow: Detached,106,105,1,0,1
S01009304,Whole house or bungalow: Semi-detached,129,127,2,1,1
S01009304,Whole house or bungalow: Terraced (including end-terrace),88,82,6,3,3
S01009304,Flat maisonette or apartment or mobile/temporary accommodation,86,81,5,0,5
S01009305,All household spaces,441,412,29,9,20
S01009305,Whole house or bungalow: Total,188,182,6,0,6
S01009305,Whole house or bungalow: Detached,52,50,2,0,2
S01009305,Whole house or bungalow: Semi-detached,107,107,0,0,0
S01009305,Whole house or bungalow: Terraced (including end-terrace),29,25,4,0,4
S01009305,Flat maisonette or apartment or mobile/temporary accommodation,253,230,23,9,14
S01009306,All household spaces,590,565,25,4,21
S01009306,Whole house or bungalow: Total,166,163,3,3,0
S01009306,Whole house or bungalow: Detached,21,21,0,0,0
S01009306,Whole house or bungalow: Semi-detached,116,113,3,3,0
S01009306,Whole house or bungalow: Terraced (including end-terrace),29,29,0,0,0
S01009306,Flat maisonette or apartment or mobile/temporary accommodation,424,402,22,1,21
S01009307,All household spaces,604,544,60,8,52
S01009307,Whole house or bungalow: Total,163,158,5,0,5
S01009307,Whole house or bungalow: Detached,71,70,1,0,1
S01009307,Whole house or bungalow: Semi-detached,43,42,1,0,1
S01009307,Whole house or bungalow: Terraced (including end-terrace),49,46,3,0,3
S01009307,Flat maisonette or apartment or mobile/temporary accommodation,441,386,55,8,47
S01009308,All household spaces,324,304,20,7,13
S01009308,Whole house or bungalow: Total,52,49,3,1,2
S01009308,Whole house or bungalow: Detached,21,20,1,0,1
S01009308,Whole house or bungalow: Semi-detached,11,11,0,0,0
S01009308,Whole house or bungalow: Terraced (including end-terrace),20,18,2,1,1
S01009308,Flat maisonette or apartment or mobile/temporary accommodation,272,255,17,6,11
S01009309,All household spaces,423,400,23,4,19
S01009309,Whole house or bungalow: Total,144,139,5,1,4
S01009309,Whole house or bungalow: Detached,24,24,0,0,0
S01009309,Whole house or bungalow: Semi-detached,35,35,0,0,0
S01009309,Whole house or bungalow: Terraced (including end-terrace),85,80,5,1,4
S01009309,Flat maisonette or apartment or mobile/temporary accommodation,279,261,18,3,15
S01009310,All household spaces,409,399,10,0,10
S01009310,Whole house or bungalow: Total,307,303,4,0,4
S01009310,Whole house or bungalow: Detached,224,223,1,0,1
S01009310,Whole house or bungalow: Semi-detached,65,65,0,0,0
S01009310,Whole house or bungalow: Terraced (including end-terrace),18,15,3,0,3
S01009310,Flat maisonette or apartment or mobile/temporary accommodation,102,96,6,0,6
S01009311,All household spaces,280,274,6,4,2
S01009311,Whole house or bungalow: Total,265,259,6,4,2
S01009311,Whole house or bungalow: Detached,8,8,0,0,0
S01009311,Whole house or bungalow: Semi-detached,55,51,4,4,0
S01009311,Whole house or bungalow: Terraced (including end-terrace),202,200,2,0,2
S01009311,Flat maisonette or apartment or mobile/temporary accommodation,15,15,0,0,0
S01009312,All household spaces,384,366,18,4,14
S01009312,Whole house or bungalow: Total,113,110,3,3,0
S01009312,Whole house or bungalow: Detached,14,14,0,0,0
S01009312,Whole house or bungalow: Semi-detached,37,34,3,3,0
S01009312,Whole house or bungalow: Terraced (including end-terrace),62,62,0,0,0
S01009312,Flat maisonette or apartment or mobile/temporary accommodation,271,256,15,1,14
S01009313,All household spaces,291,285,6,1,5
S01009313,Whole house or bungalow: Total,141,138,3,1,2
S01009313,Whole house or bungalow: Detached,13,12,1,0,1
S01009313,Whole house or bungalow: Semi-detached,91,89,2,1,1
S01009313,Whole house or bungalow: Terraced (including end-terrace),37,37,0,0,0
S01009313,Flat maisonette or apartment or mobile/temporary accommodation,150,147,3,0,3
S01009314,All household spaces,263,258,5,1,4
S01009314,Whole house or bungalow: Total,194,192,2,0,2
S01009314,Whole house or bungalow: Detached,126,125,1,0,1
S01009314,Whole house or bungalow: Semi-detached,50,49,1,0,1
S01009314,Whole house or bungalow: Terraced (including end-terrace),18,18,0,0,0
S01009314,Flat maisonette or apartment or mobile/temporary accommodation,69,66,3,1,2
S01009315,All household spaces,278,270,8,1,7
S01009315,Whole house or bungalow: Total,209,203,6,1,5
S01009315,Whole house or bungalow: Detached,8,7,1,0,1
S01009315,Whole house or bungalow: Semi-detached,176,171,5,1,4
S01009315,Whole house or bungalow: Terraced (including end-terrace),25,25,0,0,0
S01009315,Flat maisonette or apartment or mobile/temporary accommodation,69,67,2,0,2
S01009316,All household spaces,330,326,4,0,4
S01009316,Whole house or bungalow: Total,231,229,2,0,2
S01009316,Whole house or bungalow: Detached,112,111,1,0,1
S01009316,Whole house or bungalow: Semi-detached,85,85,0,0,0
S01009316,Whole house or bungalow: Terraced (including end-terrace),34,33,1,0,1
S01009316,Flat maisonette or apartment or mobile/temporary accommodation,99,97,2,0,2
S01009317,All household spaces,365,358,7,0,7
S01009317,Whole house or bungalow: Total,353,346,7,0,7
S01009317,Whole house or bungalow: Detached,203,200,3,0,3
S01009317,Whole house or bungalow: Semi-detached,132,129,3,0,3
S01009317,Whole house or bungalow: Terraced (including end-terrace),18,17,1,0,1
S01009317,Flat maisonette or apartment or mobile/temporary accommodation,12,12,0,0,0
S01009318,All household spaces,239,236,3,0,3
S01009318,Whole house or bungalow: Total,235,232,3,0,3
S01009318,Whole house or bungalow: Detached,123,120,3,0,3
S01009318,Whole house or bungalow: Semi-detached,107,107,0,0,0
S01009318,Whole house or bungalow: Terraced (including end-terrace),5,5,0,0,0
S01009318,Flat maisonette or apartment or mobile/temporary accommodation,4,4,0,0,0
S01009319,All household spaces,424,416,8,1,7
S01009319,Whole house or bungalow: Total,391,384,7,1,6
S01009319,Whole house or bungalow: Detached,231,228,3,1,2
S01009319,Whole house or bungalow: Semi-detached,156,152,4,0,4
S01009319,Whole house or bungalow: Terraced (including end-terrace),4,4,0,0,0
S01009319,Flat maisonette or apartment or mobile/temporary accommodation,33,32,1,0,1
S01009320,All household spaces,357,352,5,1,4
S01009320,Whole house or bungalow: Total,312,309,3,0,3
S01009320,Whole house or bungalow: Detached,61,59,2,0,2
S01009320,Whole house or bungalow: Semi-detached,136,136,0,0,0
S01009320,Whole house or bungalow: Terraced (including end-terrace),115,114,1,0,1
S01009320,Flat maisonette or apartment or mobile/temporary accommodation,45,43,2,1,1
S01009321,All household spaces,295,295,0,0,0
S01009321,Whole house or bungalow: Total,288,288,0,0,0
S01009321,Whole house or bungalow: Detached,255,255,0,0,0
S01009321,Whole house or bungalow: Semi-detached,25,25,0,0,0
S01009321,Whole house or bungalow: Terraced (including end-terrace),8,8,0,0,0
S01009321,Flat maisonette or apartment or mobile/temporary accommodation,7,7,0,0,0
S01009322,All household spaces,358,355,3,1,2
S01009322,Whole house or bungalow: Total,304,301,3,1,2
S01009322,Whole house or bungalow: Detached,166,165,1,0,1
S01009322,Whole house or bungalow: Semi-detached,76,75,1,1,0
S01009322,Whole house or bungalow: Terraced (including end-terrace),62,61,1,0,1
S01009322,Flat maisonette or apartment or mobile/temporary accommodation,54,54,0,0,0
S01009323,All household spaces,335,327,8,1,7
S01009323,Whole house or bungalow: Total,227,220,7,1,6
S01009323,Whole house or bungalow: Detached,94,92,2,1,1
S01009323,Whole house or bungalow: Semi-detached,74,72,2,0,2
S01009323,Whole house or bungalow: Terraced (including end-terrace),59,56,3,0,3
S01009323,Flat maisonette or apartment or mobile/temporary accommodation,108,107,1,0,1
S01009324,All household spaces,268,256,12,6,6
S01009324,Whole house or bungalow: Total,154,143,11,5,6
S01009324,Whole house or bungalow: Detached,29,29,0,0,0
S01009324,Whole house or bungalow: Semi-detached,43,39,4,4,0
S01009324,Whole house or bungalow: Terraced (including end-terrace),82,75,7,1,6
S01009324,Flat maisonette or apartment or mobile/temporary accommodation,114,113,1,1,0
S01009325,All household spaces,308,308,0,0,0
S01009325,Whole house or bungalow: Total,302,302,0,0,0
S01009325,Whole house or bungalow: Detached,84,84,0,0,0
S01009325,Whole house or bungalow: Semi-detached,154,154,0,0,0
S01009325,Whole house or bungalow: Terraced (including end-terrace),64,64,0,0,0
S01009325,Flat maisonette or apartment or mobile/temporary accommodation,6,6,0,0,0
S01009326,All household spaces,213,210,3,0,3
S01009326,Whole house or bungalow: Total,182,179,3,0,3
S01009326,Whole house or bungalow: Detached,94,91,3,0,3
S01009326,Whole house or bungalow: Semi-detached,57,57,0,0,0
S01009326,Whole house or bungalow: Terraced (including end-terrace),31,31,0,0,0
S01009326,Flat maisonette or apartment or mobile/temporary accommodation,31,31,0,0,0
S01009327,All household spaces,262,258,4,2,2
S01009327,Whole house or bungalow: Total,236,233,3,2,1
S01009327,Whole house or bungalow: Detached,145,145,0,0,0
S01009327,Whole house or bungalow: Semi-detached,86,83,3,2,1
S01009327,Whole house or bungalow: Terraced (including end-terrace),5,5,0,0,0
S01009327,Flat maisonette or apartment or mobile/temporary accommodation,26,25,1,0,1
S01009328,All household spaces,251,237,14,0,14
S01009328,Whole house or bungalow: Total,192,184,8,0,8
S01009328,Whole house or bungalow: Detached,184,176,8,0,8
S01009328,Whole house or bungalow: Semi-detached,7,7,0,0,0
S01009328,Whole house or bungalow: Terraced (including end-terrace),1,1,0,0,0
S01009328,Flat maisonette or apartment or mobile/temporary accommodation,59,53,6,0,6
S01009329,All household spaces,210,203,7,1,6
S01009329,Whole house or bungalow: Total,97,94,3,0,3
S01009329,Whole house or bungalow: Detached,35,35,0,0,0
S01009329,Whole house or bungalow: Semi-detached,10,10,0,0,0
S01009329,Whole house or bungalow: Terraced (including end-terrace),52,49,3,0,3
S01009329,Flat maisonette or apartment or mobile/temporary accommodation,113,109,4,1,3
S01009330,All household spaces,189,183,6,1,5
S01009330,Whole house or bungalow: Total,137,133,4,1,3
S01009330,Whole house or bungalow: Detached,60,57,3,1,2
S01009330,Whole house or bungalow: Semi-detached,23,23,0,0,0
S01009330,Whole house or bungalow: Terraced (including end-terrace),54,53,1,0,1
S01009330,Flat maisonette or apartment or mobile/temporary accommodation,52,50,2,0,2
S01009331,All household spaces,183,180,3,0,3
S01009331,Whole house or bungalow: Total,182,179,3,0,3
S01009331,Whole house or bungalow: Detached,168,165,3,0,3
S01009331,Whole house or bungalow: Semi-detached,13,13,0,0,0
S01009331,Whole house or bungalow: Terraced (including end-terrace),1,1,0,0,0
S01009331,Flat maisonette or apartment or mobile/temporary accommodation,1,1,0,0,0
S01009332,All household spaces,340,333,7,1,6
S01009332,Whole house or bungalow: Total,334,327,7,1,6
S01009332,Whole house or bungalow: Detached,245,239,6,0,6
S01009332,Whole house or bungalow: Semi-detached,77,77,0,0,0
S01009332,Whole house or bungalow: Terraced (including end-terrace),12,11,1,1,0
S01009332,Flat maisonette or apartment or mobile/temporary accommodation,6,6,0,0,0
S01009333,All household spaces,377,355,22,6,16
S01009333,Whole house or bungalow: Total,184,176,8,1,7
S01009333,Whole house or bungalow: Detached,14,14,0,0,0
S01009333,Whole house or bungalow: Semi-detached,91,85,6,1,5
S01009333,Whole house or bungalow: Terraced (including end-terrace),79,77,2,0,2
S01009333,Flat maisonette or apartment or mobile/temporary accommodation,193,179,14,5,9
S01009334,All household spaces,327,310,17,10,7
S01009334,Whole house or bungalow: Total,207,203,4,0,4
S01009334,Whole house or bungalow: Detached,9,9,0,0,0
S01009334,Whole house or bungalow: Semi-detached,40,39,1,0,1
S01009334,Whole house or bungalow: Terraced (including end-terrace),158,155,3,0,3
S01009334,Flat maisonette or apartment or mobile/temporary accommodation,120,107,13,10,3
S01009335,All household spaces,349,337,12,5,7
S01009335,Whole house or bungalow: Total,299,292,7,3,4
S01009335,Whole house or bungalow: Detached,22,22,0,0,0
S01009335,Whole house or bungalow: Semi-detached,151,150,1,0,1
S01009335,Whole house or bungalow: Terraced (including end-terrace),126,120,6,3,3
S01009335,Flat maisonette or apartment or mobile/temporary accommodation,50,45,5,2,3
S01009336,All household spaces,340,318,22,15,7
S01009336,Whole house or bungalow: Total,122,122,0,0,0
S01009336,Whole house or bungalow: Detached,16,16,0,0,0
S01009336,Whole house or bungalow: Semi-detached,24,24,0,0,0
S01009336,Whole house or bungalow: Terraced (including end-terrace),82,82,0,0,0
S01009336,Flat maisonette or apartment or mobile/temporary accommodation,218,196,22,15,7
S01009337,All household spaces,321,318,3,0,3
S01009337,Whole house or bungalow: Total,184,183,1,0,1
S01009337,Whole house or bungalow: Detached,7,7,0,0,0
S01009337,Whole house or bungalow: Semi-detached,103,102,1,0,1
S01009337,Whole house or bungalow: Terraced (including end-terrace),74,74,0,0,0
S01009337,Flat maisonette or apartment or mobile/temporary accommodation,137,135,2,0,2
S01009338,All household spaces,417,401,16,3,13
S01009338,Whole house or bungalow: Total,253,246,7,2,5
S01009338,Whole house or bungalow: Detached,9,9,0,0,0
S01009338,Whole house or bungalow: Semi-detached,86,85,1,0,1
S01009338,Whole house or bungalow: Terraced (including end-terrace),158,152,6,2,4
S01009338,Flat maisonette or apartment or mobile/temporary accommodation,164,155,9,1,8
S01009339,All household spaces,415,391,24,2,22
S01009339,Whole house or bungalow: Total,303,293,10,0,10
S01009339,Whole house or bungalow: Detached,12,12,0,0,0
S01009339,Whole house or bungalow: Semi-detached,125,117,8,0,8
S01009339,Whole house or bungalow: Terraced (including end-terrace),166,164,2,0,2
S01009339,Flat maisonette or apartment or mobile/temporary accommodation,112,98,14,2,12
S01009340,All household spaces,292,283,9,0,9
S01009340,Whole house or bungalow: Total,246,239,7,0,7
S01009340,Whole house or bungalow: Detached,3,3,0,0,0
S01009340,Whole house or bungalow: Semi-detached,109,108,1,0,1
S01009340,Whole house or bungalow: Terraced (including end-terrace),134,128,6,0,6
S01009340,Flat maisonette or apartment or mobile/temporary accommodation,46,44,2,0,2
S01009341,All household spaces,279,270,9,0,9
S01009341,Whole house or bungalow: Total,274,265,9,0,9
S01009341,Whole house or bungalow: Detached,4,4,0,0,0
S01009341,Whole house or bungalow: Semi-detached,128,123,5,0,5
S01009341,Whole house or bungalow: Terraced (including end-terrace),142,138,4,0,4
S01009341,Flat maisonette or apartment or mobile/temporary accommodation,5,5,0,0,0
S01009342,All household spaces,334,333,1,0,1
S01009342,Whole house or bungalow: Total,295,294,1,0,1
S01009342,Whole house or bungalow: Detached,17,17,0,0,0
S01009342,Whole house or bungalow: Semi-detached,130,129,1,0,1
S01009342,Whole house or bungalow: Terraced (including end-terrace),148,148,0,0,0
S01009342,Flat maisonette or apartment or mobile/temporary accommodation,39,39,0,0,0
S01009343,All household spaces,244,242,2,0,2
S01009343,Whole house or bungalow: Total,235,233,2,0,2
S01009343,Whole house or bungalow: Detached,8,8,0,0,0
S01009343,Whole house or bungalow: Semi-detached,22,22,0,0,0
S01009343,Whole house or bungalow: Terraced (including end-terrace),205,203,2,0,2
S01009343,Flat maisonette or apartment or mobile/temporary accommodation,9,9,0,0,0
S01009344,All household spaces,297,288,9,2,7
S01009344,Whole house or bungalow: Total,270,264,6,2,4
S01009344,Whole house or bungalow: Detached,9,9,0,0,0
S01009344,Whole house or bungalow: Semi-detached,88,86,2,0,2
S01009344,Whole house or bungalow: Terraced (including end-terrace),173,169,4,2,2
S01009344,Flat maisonette or apartment or mobile/temporary accommodation,27,24,3,0,3
S01009345,All household spaces,385,379,6,0,6
S01009345,Whole house or bungalow: Total,374,368,6,0,6
S01009345,Whole house or bungalow: Detached,4,4,0,0,0
S01009345,Whole house or bungalow: Semi-detached,62,62,0,0,0
S01009345,Whole house or bungalow: Terraced (including end-terrace),308,302,6,0,6
S01009345,Flat maisonette or apartment or mobile/temporary accommodation,11,11,0,0,0
S01009346,All household spaces,231,228,3,1,2
S01009346,Whole house or bungalow: Total,229,226,3,1,2
S01009346,Whole house or bungalow: Detached,205,202,3,1,2
S01009346,Whole house or bungalow: Semi-detached,21,21,0,0,0
S01009346,Whole house or bungalow: Terraced (including end-terrace),3,3,0,0,0
S01009346,Flat maisonette or apartment or mobile/temporary accommodation,2,2,0,0,0
S01009347,All household spaces,221,216,5,1,4
S01009347,Whole house or bungalow: Total,219,214,5,1,4
S01009347,Whole house or bungalow: Detached,207,202,5,1,4
S01009347,Whole house or bungalow: Semi-detached,10,10,0,0,0
S01009347,Whole house or bungalow: Terraced (including end-terrace),2,2,0,0,0
S01009347,Flat maisonette or apartment or mobile/temporary accommodation,2,2,0,0,0
S01009348,All household spaces,161,161,0,0,0
S01009348,Whole house or bungalow: Total,159,159,0,0,0
S01009348,Whole house or bungalow: Detached,132,132,0,0,0
S01009348,Whole house or bungalow: Semi-detached,27,27,0,0,0
S01009348,Whole house or bungalow: Terraced (including end-terrace),0,0,0,0,0
S01009348,Flat maisonette or apartment or mobile/temporary accommodation,2,2,0,0,0
S01009349,All household spaces,289,288,1,0,1
S01009349,Whole house or bungalow: Total,233,233,0,0,0
S01009349,Whole house or bungalow: Detached,224,224,0,0,0
S01009349,Whole house or bungalow: Semi-detached,7,7,0,0,0
S01009349,Whole house or bungalow: Terraced (including end-terrace),2,2,0,0,0
S01009349,Flat maisonette or apartment or mobile/temporary accommodation,56,55,1,0,1
S01009350,All household spaces,241,240,1,0,1
S01009350,Whole house or bungalow: Total,176,176,0,0,0
S01009350,Whole house or bungalow: Detached,85,85,0,0,0
S01009350,Whole house or bungalow: Semi-detached,41,41,0,0,0
S01009350,Whole house or bungalow: Terraced (including end-terrace),50,50,0,0,0
S01009350,Flat maisonette or apartment or mobile/temporary accommodation,65,64,1,0,1
S01009351,All household spaces,215,213,2,1,1
S01009351,Whole house or bungalow: Total,136,136,0,0,0
S01009351,Whole house or bungalow: Detached,101,101,0,0,0
S01009351,Whole house or bungalow: Semi-detached,14,14,0,0,0
S01009351,Whole house or bungalow: Terraced (including end-terrace),21,21,0,0,0
S01009351,Flat maisonette or apartment or mobile/temporary accommodation,79,77,2,1,1
S01009352,All household spaces,295,290,5,0,5
S01009352,Whole house or bungalow: Total,271,267,4,0,4
S01009352,Whole house or bungalow: Detached,194,192,2,0,2
S01009352,Whole house or bungalow: Semi-detached,24,24,0,0,0
S01009352,Whole house or bungalow: Terraced (including end-terrace),53,51,2,0,2
S01009352,Flat maisonette or apartment or mobile/temporary accommodation,24,23,1,0,1
S01009353,All household spaces,157,147,10,1,9
S01009353,Whole house or bungalow: Total,144,134,10,1,9
S01009353,Whole house or bungalow: Detached,105,101,4,1,3
S01009353,Whole house or bungalow: Semi-detached,14,10,4,0,4
S01009353,Whole house or bungalow: Terraced (including end-terrace),25,23,2,0,2
S01009353,Flat maisonette or apartment or mobile/temporary accommodation,13,13,0,0,0
S01009354,All household spaces,312,297,15,0,15
S01009354,Whole house or bungalow: Total,301,291,10,0,10
S01009354,Whole house or bungalow: Detached,258,256,2,0,2
S01009354,Whole house or bungalow: Semi-detached,13,13,0,0,0
S01009354,Whole house or bungalow: Terraced (including end-terrace),30,22,8,0,8
S01009354,Flat maisonette or apartment or mobile/temporary accommodation,11,6,5,0,5
S01009355,All household spaces,371,367,4,0,4
S01009355,Whole house or bungalow: Total,348,346,2,0,2
S01009355,Whole house or bungalow: Detached,175,174,1,0,1
S01009355,Whole house or bungalow: Semi-detached,158,158,0,0,0
S01009355,Whole house or bungalow: Terraced (including end-terrace),15,14,1,0,1
S01009355,Flat maisonette or apartment or mobile/temporary accommodation,23,21,2,0,2
S01009356,All household spaces,413,411,2,0,2
S01009356,Whole house or bungalow: Total,397,395,2,0,2
S01009356,Whole house or bungalow: Detached,165,165,0,0,0
S01009356,Whole house or bungalow: Semi-detached,228,226,2,0,2
S01009356,Whole house or bungalow: Terraced (including end-terrace),4,4,0,0,0
S01009356,Flat maisonette or apartment or mobile/temporary accommodation,16,16,0,0,0
S01009357,All household spaces,182,179,3,0,3
S01009357,Whole house or bungalow: Total,158,155,3,0,3
S01009357,Whole house or bungalow: Detached,119,118,1,0,1
S01009357,Whole house or bungalow: Semi-detached,23,23,0,0,0
S01009357,Whole house or bungalow: Terraced (including end-terrace),16,14,2,0,2
S01009357,Flat maisonette or apartment or mobile/temporary accommodation,24,24,0,0,0
S01009358,All household spaces,257,256,1,0,1
S01009358,Whole house or bungalow: Total,254,253,1,0,1
S01009358,Whole house or bungalow: Detached,249,248,1,0,1
S01009358,Whole house or bungalow: Semi-detached,5,5,0,0,0
S01009358,Whole house or bungalow: Terraced (including end-terrace),0,0,0,0,0
S01009358,Flat maisonette or apartment or mobile/temporary accommodation,3,3,0,0,0
S01009359,All household spaces,280,277,3,0,3
S01009359,Whole house or bungalow: Total,249,247,2,0,2
S01009359,Whole house or bungalow: Detached,196,194,2,0,2
S01009359,Whole house or bungalow: Semi-detached,29,29,0,0,0
S01009359,Whole house or bungalow: Terraced (including end-terrace),24,24,0,0,0
S01009359,Flat maisonette or apartment or mobile/temporary accommodation,31,30,1,0,1
S01009360,All household spaces,382,376,6,1,5
S01009360,Whole house or bungalow: Total,310,305,5,0,5
S01009360,Whole house or bungalow: Detached,138,135,3,0,3
S01009360,Whole house or bungalow: Semi-detached,95,93,2,0,2
S01009360,Whole house or bungalow: Terraced (including end-terrace),77,77,0,0,0
S01009360,Flat maisonette or apartment or mobile/temporary accommodation,72,71,1,1,0
S01009361,All household spaces,347,342,5,0,5
S01009361,Whole house or bungalow: Total,319,315,4,0,4
S01009361,Whole house or bungalow: Detached,113,113,0,0,0
S01009361,Whole house or bungalow: Semi-detached,150,148,2,0,2
S01009361,Whole house or bungalow: Terraced (including end-terrace),56,54,2,0,2
S01009361,Flat maisonette or apartment or mobile/temporary accommodation,28,27,1,0,1
S01009362,All household spaces,421,417,4,0,4
S01009362,Whole house or bungalow: Total,413,409,4,0,4
S01009362,Whole house or bungalow: Detached,151,149,2,0,2
S01009362,Whole house or bungalow: Semi-detached,232,230,2,0,2
S01009362,Whole house or bungalow: Terraced (including end-terrace),30,30,0,0,0
S01009362,Flat maisonette or apartment or mobile/temporary accommodation,8,8,0,0,0
S01009363,All household spaces,380,373,7,1,6
S01009363,Whole house or bungalow: Total,286,281,5,1,4
S01009363,Whole house or bungalow: Detached,31,30,1,0,1
S01009363,Whole house or bungalow: Semi-detached,55,55,0,0,0
S01009363,Whole house or bungalow: Terraced (including end-terrace),200,196,4,1,3
S01009363,Flat maisonette or apartment or mobile/temporary accommodation,94,92,2,0,2
S01009364,All household spaces,331,325,6,0,6
S01009364,Whole house or bungalow: Total,303,298,5,0,5
S01009364,Whole house or bungalow: Detached,45,43,2,0,2
S01009364,Whole house or bungalow: Semi-detached,34,34,0,0,0
S01009364,Whole house or bungalow: Terraced (including end-terrace),224,221,3,0,3
S01009364,Flat maisonette or apartment or mobile/temporary accommodation,28,27,1,0,1
S01009365,All household spaces,280,277,3,0,3
S01009365,Whole house or bungalow: Total,162,160,2,0,2
S01009365,Whole house or bungalow: Detached,5,5,0,0,0
S01009365,Whole house or bungalow: Semi-detached,23,23,0,0,0
S01009365,Whole house or bungalow: Terraced (including end-terrace),134,132,2,0,2
S01009365,Flat maisonette or apartment or mobile/temporary accommodation,118,117,1,0,1
S01009366,All household spaces,361,351,10,0,10
S01009366,Whole house or bungalow: Total,276,268,8,0,8
S01009366,Whole house or bungalow: Detached,7,7,0,0,0
S01009366,Whole house or bungalow: Semi-detached,122,119,3,0,3
S01009366,Whole house or bungalow: Terraced (including end-terrace),147,142,5,0,5
S01009366,Flat maisonette or apartment or mobile/temporary accommodation,85,83,2,0,2
S01009367,All household spaces,311,296,15,8,7
S01009367,Whole house or bungalow: Total,257,246,11,8,3
S01009367,Whole house or bungalow: Detached,4,4,0,0,0
S01009367,Whole house or bungalow: Semi-detached,44,44,0,0,0
S01009367,Whole house or bungalow: Terraced (including end-terrace),209,198,11,8,3
S01009367,Flat maisonette or apartment or mobile/temporary accommodation,54,50,4,0,4
S01009368,All household spaces,214,211,3,0,3
S01009368,Whole house or bungalow: Total,210,207,3,0,3
S01009368,Whole house or bungalow: Detached,21,21,0,0,0
S01009368,Whole house or bungalow: Semi-detached,121,120,1,0,1
S01009368,Whole house or bungalow: Terraced (including end-terrace),68,66,2,0,2
S01009368,Flat maisonette or apartment or mobile/temporary accommodation,4,4,0,0,0
S01009369,All household spaces,263,255,8,5,3
S01009369,Whole house or bungalow: Total,245,238,7,5,2
S01009369,Whole house or bungalow: Detached,5,5,0,0,0
S01009369,Whole house or bungalow: Semi-detached,81,81,0,0,0
S01009369,Whole house or bungalow: Terraced (including end-terrace),159,152,7,5,2
S01009369,Flat maisonette or apartment or mobile/temporary accommodation,18,17,1,0,1
S01009370,All household spaces,387,381,6,1,5
S01009370,Whole house or bungalow: Total,279,277,2,1,1
S01009370,Whole house or bungalow: Detached,82,82,0,0,0
S01009370,Whole house or bungalow: Semi-detached,97,97,0,0,0
S01009370,Whole house or bungalow: Terraced (including end-terrace),100,98,2,1,1
S01009370,Flat maisonette or apartment or mobile/temporary accommodation,108,104,4,0,4
S01009371,All household spaces,245,242,3,0,3
S01009371,Whole house or bungalow: Total,239,236,3,0,3
S01009371,Whole house or bungalow: Detached,7,7,0,0,0
S01009371,Whole house or bungalow: Semi-detached,34,34,0,0,0
S01009371,Whole house or bungalow: Terraced (including end-terrace),198,195,3,0,3
S01009371,Flat maisonette or apartment or mobile/temporary accommodation,6,6,0,0,0
S01009372,All household spaces,223,219,4,0,4
S01009372,Whole house or bungalow: Total,219,215,4,0,4
S01009372,Whole house or bungalow: Detached,10,10,0,0,0
S01009372,Whole house or bungalow: Semi-detached,49,48,1,0,1
S01009372,Whole house or bungalow: Terraced (including end-terrace),160,157,3,0,3
S01009372,Flat maisonette or apartment or mobile/temporary accommodation,4,4,0,0,0
S01009373,All household spaces,416,398,18,1,17
S01009373,Whole house or bungalow: Total,263,252,11,1,10
S01009373,Whole house or bungalow: Detached,14,13,1,1,0
S01009373,Whole house or bungalow: Semi-detached,44,44,0,0,0
S01009373,Whole house or bungalow: Terraced (including end-terrace),205,195,10,0,10
S01009373,Flat maisonette or apartment or mobile/temporary accommodation,153,146,7,0,7
S01009374,All household spaces,443,432,11,0,11
S01009374,Whole house or bungalow: Total,333,324,9,0,9
S01009374,Whole house or bungalow: Detached,65,64,1,0,1
S01009374,Whole house or bungalow: Semi-detached,93,91,2,0,2
S01009374,Whole house or bungalow: Terraced (including end-terrace),175,169,6,0,6
S01009374,Flat maisonette or apartment or mobile/temporary accommodation,110,108,2,0,2
S01009375,All household spaces,346,337,9,4,5
S01009375,Whole house or bungalow: Total,303,294,9,4,5
S01009375,Whole house or bungalow: Detached,10,10,0,0,0
S01009375,Whole house or bungalow: Semi-detached,35,35,0,0,0
S01009375,Whole house or bungalow: Terraced (including end-terrace),258,249,9,4,5
S01009375,Flat maisonette or apartment or mobile/temporary accommodation,43,43,0,0,0
S01009376,All household spaces,273,271,2,0,2
S01009376,Whole house or bungalow: Total,201,199,2,0,2
S01009376,Whole house or bungalow: Detached,8,8,0,0,0
S01009376,Whole house or bungalow: Semi-detached,23,23,0,0,0
S01009376,Whole house or bungalow: Terraced (including end-terrace),170,168,2,0,2
S01009376,Flat maisonette or apartment or mobile/temporary accommodation,72,72,0,0,0
S01009377,All household spaces,422,373,49,11,38
S01009377,Whole house or bungalow: Total,291,279,12,0,12
S01009377,Whole house or bungalow: Detached,17,17,0,0,0
S01009377,Whole house or bungalow: Semi-detached,75,69,6,0,6
S01009377,Whole house or bungalow: Terraced (including end-terrace),199,193,6,0,6
S01009377,Flat maisonette or apartment or mobile/temporary accommodation,131,94,37,11,26
S01009378,All household spaces,394,388,6,0,6
S01009378,Whole house or bungalow: Total,320,317,3,0,3
S01009378,Whole house or bungalow: Detached,100,97,3,0,3
S01009378,Whole house or bungalow: Semi-detached,48,48,0,0,0
S01009378,Whole house or bungalow: Terraced (including end-terrace),172,172,0,0,0
S01009378,Flat maisonette or apartment or mobile/temporary accommodation,74,71,3,0,3
S01009379,All household spaces,341,337,4,2,2
S01009379,Whole house or bungalow: Total,299,297,2,0,2
S01009379,Whole house or bungalow: Detached,182,181,1,0,1
S01009379,Whole house or bungalow: Semi-detached,49,48,1,0,1
S01009379,Whole house or bungalow: Terraced (including end-terrace),68,68,0,0,0
S01009379,Flat maisonette or apartment or mobile/temporary accommodation,42,40,2,2,0
S01009380,All household spaces,211,200,11,1,10
S01009380,Whole house or bungalow: Total,164,155,9,1,8
S01009380,Whole house or bungalow: Detached,25,23,2,0,2
S01009380,Whole house or bungalow: Semi-detached,100,95,5,0,5
S01009380,Whole house or bungalow: Terraced (including end-terrace),39,37,2,1,1
S01009380,Flat maisonette or apartment or mobile/temporary accommodation,47,45,2,0,2
S01009381,All household spaces,288,284,4,1,3
S01009381,Whole house or bungalow: Total,228,225,3,1,2
S01009381,Whole house or bungalow: Detached,61,61,0,0,0
S01009381,Whole house or bungalow: Semi-detached,81,80,1,0,1
S01009381,Whole house or bungalow: Terraced (including end-terrace),86,84,2,1,1
S01009381,Flat maisonette or apartment or mobile/temporary accommodation,60,59,1,0,1
S01009382,All household spaces,388,377,11,3,8
S01009382,Whole house or bungalow: Total,306,298,8,3,5
S01009382,Whole house or bungalow: Detached,43,42,1,0,1
S01009382,Whole house or bungalow: Semi-detached,72,70,2,1,1
S01009382,Whole house or bungalow: Terraced (including end-terrace),191,186,5,2,3
S01009382,Flat maisonette or apartment or mobile/temporary accommodation,82,79,3,0,3
S01009383,All household spaces,452,439,13,1,12
S01009383,Whole house or bungalow: Total,226,222,4,0,4
S01009383,Whole house or bungalow: Detached,27,26,1,0,1
S01009383,Whole house or bungalow: Semi-detached,29,29,0,0,0
S01009383,Whole house or bungalow: Terraced (including end-terrace),170,167,3,0,3
S01009383,Flat maisonette or apartment or mobile/temporary accommodation,226,217,9,1,8
S01009384,All household spaces,267,248,19,6,13
S01009384,Whole house or bungalow: Total,227,214,13,4,9
S01009384,Whole house or bungalow: Detached,167,161,6,1,5
S01009384,Whole house or bungalow: Semi-detached,36,34,2,0,2
S01009384,Whole house or bungalow: Terraced (including end-terrace),24,19,5,3,2
S01009384,Flat maisonette or apartment or mobile/temporary accommodation,40,34,6,2,4
S01009385,All household spaces,225,220,5,2,3
S01009385,Whole house or bungalow: Total,159,154,5,2,3
S01009385,Whole house or bungalow: Detached,62,58,4,2,2
S01009385,Whole house or bungalow: Semi-detached,53,53,0,0,0
S01009385,Whole house or bungalow: Terraced (including end-terrace),44,43,1,0,1
S01009385,Flat maisonette or apartment or mobile/temporary accommodation,66,66,0,0,0
S01009386,All household spaces,285,279,6,2,4
S01009386,Whole house or bungalow: Total,259,253,6,2,4
S01009386,Whole house or bungalow: Detached,14,11,3,2,1
S01009386,Whole house or bungalow: Semi-detached,43,43,0,0,0
S01009386,Whole house or bungalow: Terraced (including end-terrace),202,199,3,0,3
S01009386,Flat maisonette or apartment or mobile/temporary accommodation,26,26,0,0,0
S01009387,All household spaces,261,260,1,1,0
S01009387,Whole house or bungalow: Total,229,228,1,1,0
S01009387,Whole house or bungalow: Detached,13,12,1,1,0
S01009387,Whole house or bungalow: Semi-detached,39,39,0,0,0
S01009387,Whole house or bungalow: Terraced (including end-terrace),177,177,0,0,0
S01009387,Flat maisonette or apartment or mobile/temporary accommodation,32,32,0,0,0
S01009388,All household spaces,467,423,44,22,22
S01009388,Whole house or bungalow: Total,89,89,0,0,0
S01009388,Whole house or bungalow: Detached,17,17,0,0,0
S01009388,Whole house or bungalow: Semi-detached,44,44,0,0,0
S01009388,Whole house or bungalow: Terraced (including end-terrace),28,28,0,0,0
S01009388,Flat maisonette or apartment or mobile/temporary accommodation,378,334,44,22,22
S01009389,All household spaces,476,460,16,2,14
S01009389,Whole house or bungalow: Total,259,252,7,0,7
S01009389,Whole house or bungalow: Detached,88,86,2,0,2
S01009389,Whole house or bungalow: Semi-detached,138,137,1,0,1
S01009389,Whole house or bungalow: Terraced (including end-terrace),33,29,4,0,4
S01009389,Flat maisonette or apartment or mobile/temporary accommodation,217,208,9,2,7
S01009390,All household spaces,279,270,9,3,6
S01009390,Whole house or bungalow: Total,238,232,6,1,5
S01009390,Whole house or bungalow: Detached,225,219,6,1,5
S01009390,Whole house or bungalow: Semi-detached,8,8,0,0,0
S01009390,Whole house or bungalow: Terraced (including end-terrace),5,5,0,0,0
S01009390,Flat maisonette or apartment or mobile/temporary accommodation,41,38,3,2,1
S01009391,All household spaces,261,259,2,0,2
S01009391,Whole house or bungalow: Total,261,259,2,0,2
S01009391,Whole house or bungalow: Detached,126,125,1,0,1
S01009391,Whole house or bungalow: Semi-detached,129,128,1,0,1
S01009391,Whole house or bungalow: Terraced (including end-terrace),6,6,0,0,0
S01009391,Flat maisonette or apartment or mobile/temporary accommodation,0,0,0,0,0
S01009392,All household spaces,193,193,0,0,0
S01009392,Whole house or bungalow: Total,190,190,0,0,0
S01009392,Whole house or bungalow: Detached,125,125,0,0,0
S01009392,Whole house or bungalow: Semi-detached,50,50,0,0,0
S01009392,Whole house or bungalow: Terraced (including end-terrace),15,15,0,0,0
S01009392,Flat maisonette or apartment or mobile/temporary accommodation,3,3,0,0,0
S01009393,All household spaces,271,265,6,0,6
S01009393,Whole house or bungalow: Total,270,264,6,0,6
S01009393,Whole house or bungalow: Detached,164,159,5,0,5
S01009393,Whole house or bungalow: Semi-detached,87,86,1,0,1
S01009393,Whole house or bungalow: Terraced (including end-terrace),19,19,0,0,0
S01009393,Flat maisonette or apartment or mobile/temporary accommodation,1,1,0,0,0
S01009394,All household spaces,480,451,29,19,10
S01009394,Whole house or bungalow: Total,243,239,4,1,3
S01009394,Whole house or bungalow: Detached,136,136,0,0,0
S01009394,Whole house or bungalow: Semi-detached,39,39,0,0,0
S01009394,Whole house or bungalow: Terraced (including end-terrace),68,64,4,1,3
S01009394,Flat maisonette or apartment or mobile/temporary accommodation,237,212,25,18,7
S01009395,All household spaces,307,305,2,0,2
S01009395,Whole house or bungalow: Total,303,301,2,0,2
S01009395,Whole house or bungalow: Detached,244,244,0,0,0
S01009395,Whole house or bungalow: Semi-detached,32,32,0,0,0
S01009395,Whole house or bungalow: Terraced (including end-terrace),27,25,2,0,2
S01009395,Flat maisonette or apartment or mobile/temporary accommodation,4,4,0,0,0
S01009396,All household spaces,303,301,2,2,0
S01009396,Whole house or bungalow: Total,279,279,0,0,0
S01009396,Whole house or bungalow: Detached,227,227,0,0,0
S01009396,Whole house or bungalow: Semi-detached,18,18,0,0,0
S01009396,Whole house or bungalow: Terraced (including end-terrace),34,34,0,0,0
S01009396,Flat maisonette or apartment or mobile/temporary accommodation,24,22,2,2,0
S01009397,All household spaces,341,330,11,3,8
S01009397,Whole house or bungalow: Total,281,273,8,2,6
S01009397,Whole house or bungalow: Detached,172,167,5,1,4
S01009397,Whole house or bungalow: Semi-detached,99,96,3,1,2
S01009397,Whole house or bungalow: Terraced (including end-terrace),10,10,0,0,0
S01009397,Flat maisonette or apartment or mobile/temporary accommodation,60,57,3,1,2
S01009398,All household spaces,310,308,2,0,2
S01009398,Whole house or bungalow: Total,289,287,2,0,2
S01009398,Whole house or bungalow: Detached,68,68,0,0,0
S01009398,Whole house or bungalow: Semi-detached,179,178,1,0,1
S01009398,Whole house or bungalow: Terraced (including end-terrace),42,41,1,0,1
S01009398,Flat maisonette or apartment or mobile/temporary accommodation,21,21,0,0,0
S01009399,All household spaces,312,311,1,0,1
S01009399,Whole house or bungalow: Total,304,303,1,0,1
S01009399,Whole house or bungalow: Detached,147,147,0,0,0
S01009399,Whole house or bungalow: Semi-detached,131,130,1,0,1
S01009399,Whole house or bungalow: Terraced (including end-terrace),26,26,0,0,0
S01009399,Flat maisonette or apartment or mobile/temporary accommodation,8,8,0,0,0
S01009400,All household spaces,225,221,4,0,4
S01009400,Whole house or bungalow: Total,222,218,4,0,4
S01009400,Whole house or bungalow: Detached,18,18,0,0,0
S01009400,Whole house or bungalow: Semi-detached,57,57,0,0,0
S01009400,Whole house or bungalow: Terraced (including end-terrace),147,143,4,0,4
S01009400,Flat maisonette or apartment or mobile/temporary accommodation,3,3,0,0,0
S01009401,All household spaces,287,284,3,1,2
S01009401,Whole house or bungalow: Total,284,281,3,1,2
S01009401,Whole house or bungalow: Detached,182,181,1,1,0
S01009401,Whole house or bungalow: Semi-detached,63,62,1,0,1
S01009401,Whole house or bungalow: Terraced (including end-terrace),39,38,1,0,1
S01009401,Flat maisonette or apartment or mobile/temporary accommodation,3,3,0,0,0
S01009402,All household spaces,400,397,3,0,3
S01009402,Whole house or bungalow: Total,393,390,3,0,3
S01009402,Whole house or bungalow: Detached,241,238,3,0,3
S01009402,Whole house or bungalow: Semi-detached,119,119,0,0,0
S01009402,Whole house or bungalow: Terraced (including end-terrace),33,33,0,0,0
S01009402,Flat maisonette or apartment or mobile/temporary accommodation,7,7,0,0,0
S01009403,All household spaces,208,206,2,0,2
S01009403,Whole house or bungalow: Total,206,204,2,0,2
S01009403,Whole house or bungalow: Detached,65,65,0,0,0
S01009403,Whole house or bungalow: Semi-detached,94,93,1,0,1
S01009403,Whole house or bungalow: Terraced (including end-terrace),47,46,1,0,1
S01009403,Flat maisonette or apartment or mobile/temporary accommodation,2,2,0,0,0
S01009404,All household spaces,248,232,16,10,6
S01009404,Whole house or bungalow: Total,114,103,11,8,3
S01009404,Whole house or bungalow: Detached,36,36,0,0,0
S01009404,Whole house or bungalow: Semi-detached,54,51,3,0,3
S01009404,Whole house or bungalow: Terraced (including end-terrace),24,16,8,8,0
S01009404,Flat maisonette or apartment or mobile/temporary accommodation,134,129,5,2,3
S01009405,All household spaces,164,157,7,2,5
S01009405,Whole house or bungalow: Total,115,110,5,1,4
S01009405,Whole house or bungalow: Detached,75,72,3,0,3
S01009405,Whole house or bungalow: Semi-detached,30,29,1,1,0
S01009405,Whole house or bungalow: Terraced (including end-terrace),10,9,1,0,1
S01009405,Flat maisonette or apartment or mobile/temporary accommodation,49,47,2,1,1
S01009406,All household spaces,436,429,7,6,1
S01009406,Whole house or bungalow: Total,304,303,1,0,1
S01009406,Whole house or bungalow: Detached,76,76,0,0,0
S01009406,Whole house or bungalow: Semi-detached,152,152,0,0,0
S01009406,Whole house or bungalow: Terraced (including end-terrace),76,75,1,0,1
S01009406,Flat maisonette or apartment or mobile/temporary accommodation,132,126,6,6,0
S01009407,All household spaces,230,227,3,0,3
S01009407,Whole house or bungalow: Total,190,187,3,0,3
S01009407,Whole house or bungalow: Detached,83,83,0,0,0
S01009407,Whole house or bungalow: Semi-detached,63,60,3,0,3
S01009407,Whole house or bungalow: Terraced (including end-terrace),44,44,0,0,0
S01009407,Flat maisonette or apartment or mobile/temporary accommodation,40,40,0,0,0
S01009408,All household spaces,316,307,9,2,7
S01009408,Whole house or bungalow: Total,265,258,7,0,7
S01009408,Whole house or bungalow: Detached,161,154,7,0,7
S01009408,Whole house or bungalow: Semi-detached,82,82,0,0,0
S01009408,Whole house or bungalow: Terraced (including end-terrace),22,22,0,0,0
S01009408,Flat maisonette or apartment or mobile/temporary accommodation,51,49,2,2,0
S01009409,All household spaces,314,308,6,3,3
S01009409,Whole house or bungalow: Total,262,258,4,1,3
S01009409,Whole house or bungalow: Detached,25,25,0,0,0
S01009409,Whole house or bungalow: Semi-detached,81,80,1,1,0
S01009409,Whole house or bungalow: Terraced (including end-terrace),156,153,3,0,3
S01009409,Flat maisonette or apartment or mobile/temporary accommodation,52,50,2,2,0
S01009410,All household spaces,370,351,19,0,19
S01009410,Whole house or bungalow: Total,296,282,14,0,14
S01009410,Whole house or bungalow: Detached,31,30,1,0,1
S01009410,Whole house or bungalow: Semi-detached,132,125,7,0,7
S01009410,Whole house or bungalow: Terraced (including end-terrace),133,127,6,0,6
S01009410,Flat maisonette or apartment or mobile/temporary accommodation,74,69,5,0,5
S01009411,All household spaces,369,364,5,0,5
S01009411,Whole house or bungalow: Total,335,331,4,0,4
S01009411,Whole house or bungalow: Detached,19,19,0,0,0
S01009411,Whole house or bungalow: Semi-detached,236,233,3,0,3
S01009411,Whole house or bungalow: Terraced (including end-terrace),80,79,1,0,1
S01009411,Flat maisonette or apartment or mobile/temporary accommodation,34,33,1,0,1
S01009412,All household spaces,413,407,6,3,3
S01009412,Whole house or bungalow: Total,299,296,3,0,3
S01009412,Whole house or bungalow: Detached,12,12,0,0,0
S01009412,Whole house or bungalow: Semi-detached,190,189,1,0,1
S01009412,Whole house or bungalow: Terraced (including end-terrace),97,95,2,0,2
S01009412,Flat maisonette or apartment or mobile/temporary accommodation,114,111,3,3,0
S01009413,All household spaces,466,456,10,4,6
S01009413,Whole house or bungalow: Total,398,391,7,3,4
S01009413,Whole house or bungalow: Detached,43,43,0,0,0
S01009413,Whole house or bungalow: Semi-detached,243,238,5,3,2
S01009413,Whole house or bungalow: Terraced (including end-terrace),112,110,2,0,2
S01009413,Flat maisonette or apartment or mobile/temporary accommodation,68,65,3,1,2
S01009414,All household spaces,296,292,4,0,4
S01009414,Whole house or bungalow: Total,290,286,4,0,4
S01009414,Whole house or bungalow: Detached,52,50,2,0,2
S01009414,Whole house or bungalow: Semi-detached,98,98,0,0,0
S01009414,Whole house or bungalow: Terraced (including end-terrace),140,138,2,0,2
S01009414,Flat maisonette or apartment or mobile/temporary accommodation,6,6,0,0,0
S01009415,All household spaces,403,386,17,5,12
S01009415,Whole house or bungalow: Total,223,214,9,3,6
S01009415,Whole house or bungalow: Detached,62,59,3,0,3
S01009415,Whole house or bungalow: Semi-detached,92,91,1,0,1
S01009415,Whole house or bungalow: Terraced (including end-terrace),69,64,5,3,2
S01009415,Flat maisonette or apartment or mobile/temporary accommodation,180,172,8,2,6
S01009416,All household spaces,204,201,3,2,1
S01009416,Whole house or bungalow: Total,203,200,3,2,1
S01009416,Whole house or bungalow: Detached,95,94,1,0,1
S01009416,Whole house or bungalow: Semi-detached,78,77,1,1,0
S01009416,Whole house or bungalow: Terraced (including end-terrace),30,29,1,1,0
S01009416,Flat maisonette or apartment or mobile/temporary accommodation,1,1,0,0,0
S01009417,All household spaces,133,114,19,2,17
S01009417,Whole house or bungalow: Total,126,107,19,2,17
S01009417,Whole house or bungalow: Detached,90,73,17,0,17
S01009417,Whole house or bungalow: Semi-detached,27,27,0,0,0
S01009417,Whole house or bungalow: Terraced (including end-terrace),9,7,2,2,0
S01009417,Flat maisonette or apartment or mobile/temporary accommodation,7,7,0,0,0
S01009418,All household spaces,531,517,14,1,13
S01009418,Whole house or bungalow: Total,344,340,4,0,4
S01009418,Whole house or bungalow: Detached,61,59,2,0,2
S01009418,Whole house or bungalow: Semi-detached,146,146,0,0,0
S01009418,Whole house or bungalow: Terraced (including end-terrace),137,135,2,0,2
S01009418,Flat maisonette or apartment or mobile/temporary accommodation,187,177,10,1,9
S01009419,All household spaces,261,245,16,11,5
S01009419,Whole house or bungalow: Total,221,212,9,5,4
S01009419,Whole house or bungalow: Detached,19,19,0,0,0
S01009419,Whole house or bungalow: Semi-detached,85,83,2,1,1
S01009419,Whole house or bungalow: Terraced (including end-terrace),117,110,7,4,3
S01009419,Flat maisonette or apartment or mobile/temporary accommodation,40,33,7,6,1
S01009420,All household spaces,269,253,16,15,1
S01009420,Whole house or bungalow: Total,178,173,5,4,1
S01009420,Whole house or bungalow: Detached,5,5,0,0,0
S01009420,Whole house or bungalow: Semi-detached,58,58,0,0,0
S01009420,Whole house or bungalow: Terraced (including end-terrace),115,110,5,4,1
S01009420,Flat maisonette or apartment or mobile/temporary accommodation,91,80,11,11,0
S01009421,All household spaces,316,295,21,17,4
S01009421,Whole house or bungalow: Total,157,149,8,6,2
S01009421,Whole house or bungalow: Detached,46,44,2,2,0
S01009421,Whole house or bungalow: Semi-detached,65,63,2,1,1
S01009421,Whole house or bungalow: Terraced (including end-terrace),46,42,4,3,1
S01009421,Flat maisonette or apartment or mobile/temporary accommodation,159,146,13,11,2
S01009422,All household spaces,388,369,19,8,11
S01009422,Whole house or bungalow: Total,308,291,17,8,9
S01009422,Whole house or bungalow: Detached,62,56,6,3,3
S01009422,Whole house or bungalow: Semi-detached,85,82,3,0,3
S01009422,Whole house or bungalow: Terraced (including end-terrace),161,153,8,5,3
S01009422,Flat maisonette or apartment or mobile/temporary accommodation,80,78,2,0,2
S01009423,All household spaces,343,336,7,0,7
S01009423,Whole house or bungalow: Total,336,329,7,0,7
S01009423,Whole house or bungalow: Detached,207,203,4,0,4
S01009423,Whole house or bungalow: Semi-detached,77,74,3,0,3
S01009423,Whole house or bungalow: Terraced (including end-terrace),52,52,0,0,0
S01009423,Flat maisonette or apartment or mobile/temporary accommodation,7,7,0,0,0
S01009424,All household spaces,257,250,7,1,6
S01009424,Whole house or bungalow: Total,197,193,4,1,3
S01009424,Whole house or bungalow: Detached,135,131,4,1,3
S01009424,Whole house or bungalow: Semi-detached,50,50,0,0,0
S01009424,Whole house or bungalow: Terraced (including end-terrace),12,12,0,0,0
S01009424,Flat maisonette or apartment or mobile/temporary accommodation,60,57,3,0,3
S01009425,All household spaces,398,372,26,7,19
S01009425,Whole house or bungalow: Total,250,240,10,0,10
S01009425,Whole house or bungalow: Detached,128,125,3,0,3
S01009425,Whole house or bungalow: Semi-detached,73,68,5,0,5
S01009425,Whole house or bungalow: Terraced (including end-terrace),49,47,2,0,2
S01009425,Flat maisonette or apartment or mobile/temporary accommodation,148,132,16,7,9
S01009426,All household spaces,448,415,33,25,8
S01009426,Whole house or bungalow: Total,165,157,8,4,4
S01009426,Whole house or bungalow: Detached,40,40,0,0,0
S01009426,Whole house or bungalow: Semi-detached,57,56,1,0,1
S01009426,Whole house or bungalow: Terraced (including end-terrace),68,61,7,4,3
S01009426,Flat maisonette or apartment or mobile/temporary accommodation,283,258,25,21,4
S01009427,All household spaces,350,326,24,17,7
S01009427,Whole house or bungalow: Total,134,123,11,7,4
S01009427,Whole house or bungalow: Detached,47,45,2,0,2
S01009427,Whole house or bungalow: Semi-detached,45,45,0,0,0
S01009427,Whole house or bungalow: Terraced (including end-terrace),42,33,9,7,2
S01009427,Flat maisonette or apartment or mobile/temporary accommodation,216,203,13,10,3
S01009428,All household spaces,245,235,10,6,4
S01009428,Whole house or bungalow: Total,237,227,10,6,4
S01009428,Whole house or bungalow: Detached,17,16,1,1,0
S01009428,Whole house or bungalow: Semi-detached,144,144,0,0,0
S01009428,Whole house or bungalow: Terraced (including end-terrace),76,67,9,5,4
S01009428,Flat maisonette or apartment or mobile/temporary accommodation,8,8,0,0,0
S01009429,All household spaces,365,341,24,5,19
S01009429,Whole house or bungalow: Total,268,262,6,3,3
S01009429,Whole house or bungalow: Detached,19,19,0,0,0
S01009429,Whole house or bungalow: Semi-detached,144,143,1,0,1
S01009429,Whole house or bungalow: Terraced (including end-terrace),105,100,5,3,2
S01009429,Flat maisonette or apartment or mobile/temporary accommodation,97,79,18,2,16
S01009430,All household spaces,358,338,20,4,16
S01009430,Whole house or bungalow: Total,289,283,6,0,6
S01009430,Whole house or bungalow: Detached,56,55,1,0,1
S01009430,Whole house or bungalow: Semi-detached,152,151,1,0,1
S01009430,Whole house or bungalow: Terraced (including end-terrace),81,77,4,0,4
S01009430,Flat maisonette or apartment or mobile/temporary accommodation,69,55,14,4,10
S01009431,All household spaces,358,330,28,15,13
S01009431,Whole house or bungalow: Total,247,235,12,6,6
S01009431,Whole house or bungalow: Detached,64,61,3,0,3
S01009431,Whole house or bungalow: Semi-detached,143,137,6,4,2
S01009431,Whole house or bungalow: Terraced (including end-terrace),40,37,3,2,1
S01009431,Flat maisonette or apartment or mobile/temporary accommodation,111,95,16,9,7
S01009432,All household spaces,335,321,14,4,10
S01009432,Whole house or bungalow: Total,300,290,10,4,6
S01009432,Whole house or bungalow: Detached,27,26,1,0,1
S01009432,Whole house or bungalow: Semi-detached,118,115,3,0,3
S01009432,Whole house or bungalow: Terraced (including end-terrace),155,149,6,4,2
S01009432,Flat maisonette or apartment or mobile/temporary accommodation,35,31,4,0,4
S01009433,All household spaces,346,330,16,12,4
S01009433,Whole house or bungalow: Total,327,311,16,12,4
S01009433,Whole house or bungalow: Detached,29,29,0,0,0
S01009433,Whole house or bungalow: Semi-detached,93,92,1,1,0
S01009433,Whole house or bungalow: Terraced (including end-terrace),205,190,15,11,4
S01009433,Flat maisonette or apartment or mobile/temporary accommodation,19,19,0,0,0
S01009434,All household spaces,252,248,4,0,4
S01009434,Whole house or bungalow: Total,231,228,3,0,3
S01009434,Whole house or bungalow: Detached,16,16,0,0,0
S01009434,Whole house or bungalow: Semi-detached,68,67,1,0,1
S01009434,Whole house or bungalow: Terraced (including end-terrace),147,145,2,0,2
S01009434,Flat maisonette or apartment or mobile/temporary accommodation,21,20,1,0,1
S01009435,All household spaces,365,347,18,14,4
S01009435,Whole house or bungalow: Total,334,320,14,10,4
S01009435,Whole house or bungalow: Detached,31,30,1,1,0
S01009435,Whole house or bungalow: Semi-detached,91,91,0,0,0
S01009435,Whole house or bungalow: Terraced (including end-terrace),212,199,13,9,4
S01009435,Flat maisonette or apartment or mobile/temporary accommodation,31,27,4,4,0
S01009436,All household spaces,310,298,12,5,7
S01009436,Whole house or bungalow: Total,176,172,4,0,4
S01009436,Whole house or bungalow: Detached,40,38,2,0,2
S01009436,Whole house or bungalow: Semi-detached,108,106,2,0,2
S01009436,Whole house or bungalow: Terraced (including end-terrace),28,28,0,0,0
S01009436,Flat maisonette or apartment or mobile/temporary accommodation,134,126,8,5,3
S01009437,All household spaces,332,318,14,0,14
S01009437,Whole house or bungalow: Total,233,233,0,0,0
S01009437,Whole house or bungalow: Detached,44,44,0,0,0
S01009437,Whole house or bungalow: Semi-detached,78,78,0,0,0
S01009437,Whole house or bungalow: Terraced (including end-terrace),111,111,0,0,0
S01009437,Flat maisonette or apartment or mobile/temporary accommodation,99,85,14,0,14
S01009438,All household spaces,428,410,18,8,10
S01009438,Whole house or bungalow: Total,319,307,12,7,5
S01009438,Whole house or bungalow: Detached,63,62,1,0,1
S01009438,Whole house or bungalow: Semi-detached,133,129,4,0,4
S01009438,Whole house or bungalow: Terraced (including end-terrace),123,116,7,7,0
S01009438,Flat maisonette or apartment or mobile/temporary accommodation,109,103,6,1,5
S01009439,All household spaces,389,386,3,2,1
S01009439,Whole house or bungalow: Total,361,359,2,1,1
S01009439,Whole house or bungalow: Detached,21,21,0,0,0
S01009439,Whole house or bungalow: Semi-detached,143,142,1,0,1
S01009439,Whole house or bungalow: Terraced (including end-terrace),197,196,1,1,0
S01009439,Flat maisonette or apartment or mobile/temporary accommodation,28,27,1,1,0
S01009440,All household spaces,341,328,13,0,13
S01009440,Whole house or bungalow: Total,271,266,5,0,5
S01009440,Whole house or bungalow: Detached,26,26,0,0,0
S01009440,Whole house or bungalow: Semi-detached,109,106,3,0,3
S01009440,Whole house or bungalow: Terraced (including end-terrace),136,134,2,0,2
S01009440,Flat maisonette or apartment or mobile/temporary accommodation,70,62,8,0,8
S01009441,All household spaces,381,370,11,5,6
S01009441,Whole house or bungalow: Total,318,310,8,4,4
S01009441,Whole house or bungalow: Detached,18,18,0,0,0
S01009441,Whole house or bungalow: Semi-detached,144,144,0,0,0
S01009441,Whole house or bungalow: Terraced (including end-terrace),156,148,8,4,4
S01009441,Flat maisonette or apartment or mobile/temporary accommodation,63,60,3,1,2
S01009442,All household spaces,227,216,11,1,10
S01009442,Whole house or bungalow: Total,218,208,10,1,9
S01009442,Whole house or bungalow: Detached,139,133,6,0,6
S01009442,Whole house or bungalow: Semi-detached,67,64,3,1,2
S01009442,Whole house or bungalow: Terraced (including end-terrace),12,11,1,0,1
S01009442,Flat maisonette or apartment or mobile/temporary accommodation,9,8,1,0,1
S01009443,All household spaces,304,288,16,7,9
S01009443,Whole house or bungalow: Total,241,233,8,1,7
S01009443,Whole house or bungalow: Detached,110,107,3,0,3
S01009443,Whole house or bungalow: Semi-detached,106,103,3,0,3
S01009443,Whole house or bungalow: Terraced (including end-terrace),25,23,2,1,1
S01009443,Flat maisonette or apartment or mobile/temporary accommodation,63,55,8,6,2
S01009444,All household spaces,312,305,7,5,2
S01009444,Whole house or bungalow: Total,299,292,7,5,2
S01009444,Whole house or bungalow: Detached,177,175,2,1,1
S01009444,Whole house or bungalow: Semi-detached,91,86,5,4,1
S01009444,Whole house or bungalow: Terraced (including end-terrace),31,31,0,0,0
S01009444,Flat maisonette or apartment or mobile/temporary accommodation,13,13,0,0,0
S01009445,All household spaces,335,320,15,12,3
S01009445,Whole house or bungalow: Total,311,300,11,10,1
S01009445,Whole house or bungalow: Detached,21,17,4,4,0
S01009445,Whole house or bungalow: Semi-detached,231,229,2,2,0
S01009445,Whole house or bungalow: Terraced (including end-terrace),59,54,5,4,1
S01009445,Flat maisonette or apartment or mobile/temporary accommodation,24,20,4,2,2
S01009446,All household spaces,508,471,37,10,27
S01009446,Whole house or bungalow: Total,212,206,6,1,5
S01009446,Whole house or bungalow: Detached,30,30,0,0,0
S01009446,Whole house or bungalow: Semi-detached,99,96,3,0,3
S01009446,Whole house or bungalow: Terraced (including end-terrace),83,80,3,1,2
S01009446,Flat maisonette or apartment or mobile/temporary accommodation,296,265,31,9,22
S01009447,All household spaces,255,238,17,11,6
S01009447,Whole house or bungalow: Total,170,162,8,5,3
S01009447,Whole house or bungalow: Detached,26,26,0,0,0
S01009447,Whole house or bungalow: Semi-detached,89,84,5,2,3
S01009447,Whole house or bungalow: Terraced (including end-terrace),55,52,3,3,0
S01009447,Flat maisonette or apartment or mobile/temporary accommodation,85,76,9,6,3
S01009448,All household spaces,348,343,5,0,5
S01009448,Whole house or bungalow: Total,292,287,5,0,5
S01009448,Whole house or bungalow: Detached,103,99,4,0,4
S01009448,Whole house or bungalow: Semi-detached,148,147,1,0,1
S01009448,Whole house or bungalow: Terraced (including end-terrace),41,41,0,0,0
S01009448,Flat maisonette or apartment or mobile/temporary accommodation,56,56,0,0,0
S01009449,All household spaces,255,231,24,8,16
S01009449,Whole house or bungalow: Total,206,199,7,2,5
S01009449,Whole house or bungalow: Detached,14,14,0,0,0
S01009449,Whole house or bungalow: Semi-detached,124,121,3,0,3
S01009449,Whole house or bungalow: Terraced (including end-terrace),68,64,4,2,2
S01009449,Flat maisonette or apartment or mobile/temporary accommodation,49,32,17,6,11
S01009450,All household spaces,321,307,14,5,9
S01009450,Whole house or bungalow: Total,174,169,5,0,5
S01009450,Whole house or bungalow: Detached,8,8,0,0,0
S01009450,Whole house or bungalow: Semi-detached,104,100,4,0,4
S01009450,Whole house or bungalow: Terraced (including end-terrace),62,61,1,0,1
S01009450,Flat maisonette or apartment or mobile/temporary accommodation,147,138,9,5,4
S01009451,All household spaces,440,427,13,3,10
S01009451,Whole house or bungalow: Total,224,218,6,0,6
S01009451,Whole house or bungalow: Detached,27,27,0,0,0
S01009451,Whole house or bungalow: Semi-detached,179,173,6,0,6
S01009451,Whole house or bungalow: Terraced (including end-terrace),18,18,0,0,0
S01009451,Flat maisonette or apartment or mobile/temporary accommodation,216,209,7,3,4
S01009452,All household spaces,277,269,8,3,5
S01009452,Whole house or bungalow: Total,159,156,3,0,3
S01009452,Whole house or bungalow: Detached,18,18,0,0,0
S01009452,Whole house or bungalow: Semi-detached,64,62,2,0,2
S01009452,Whole house or bungalow: Terraced (including end-terrace),77,76,1,0,1
S01009452,Flat maisonette or apartment or mobile/temporary accommodation,118,113,5,3,2
S01009453,All household spaces,506,493,13,5,8
S01009453,Whole house or bungalow: Total,309,300,9,5,4
S01009453,Whole house or bungalow: Detached,66,66,0,0,0
S01009453,Whole house or bungalow: Semi-detached,179,170,9,5,4
S01009453,Whole house or bungalow: Terraced (including end-terrace),64,64,0,0,0
S01009453,Flat maisonette or apartment or mobile/temporary accommodation,197,193,4,0,4
S01009454,All household spaces,413,397,16,8,8
S01009454,Whole house or bungalow: Total,290,281,9,6,3
S01009454,Whole house or bungalow: Detached,110,107,3,2,1
S01009454,Whole house or bungalow: Semi-detached,102,100,2,2,0
S01009454,Whole house or bungalow: Terraced (including end-terrace),78,74,4,2,2
S01009454,Flat maisonette or apartment or mobile/temporary accommodation,123,116,7,2,5
S01009455,All household spaces,401,386,15,9,6
S01009455,Whole house or bungalow: Total,315,304,11,5,6
S01009455,Whole house or bungalow: Detached,214,207,7,3,4
S01009455,Whole house or bungalow: Semi-detached,59,57,2,2,0
S01009455,Whole house or bungalow: Terraced (including end-terrace),42,40,2,0,2
S01009455,Flat maisonette or apartment or mobile/temporary accommodation,86,82,4,4,0
S01009456,All household spaces,379,358,21,12,9
S01009456,Whole house or bungalow: Total,260,250,10,4,6
S01009456,Whole house or bungalow: Detached,58,57,1,0,1
S01009456,Whole house or bungalow: Semi-detached,73,72,1,0,1
S01009456,Whole house or bungalow: Terraced (including end-terrace),129,121,8,4,4
S01009456,Flat maisonette or apartment or mobile/temporary accommodation,119,108,11,8,3
S01009457,All household spaces,269,254,15,6,9
S01009457,Whole house or bungalow: Total,249,234,15,6,9
S01009457,Whole house or bungalow: Detached,160,152,8,5,3
S01009457,Whole house or bungalow: Semi-detached,64,60,4,1,3
S01009457,Whole house or bungalow: Terraced (including end-terrace),25,22,3,0,3
S01009457,Flat maisonette or apartment or mobile/temporary accommodation,20,20,0,0,0
S01009458,All household spaces,359,332,27,13,14
S01009458,Whole house or bungalow: Total,171,164,7,3,4
S01009458,Whole house or bungalow: Detached,48,48,0,0,0
S01009458,Whole house or bungalow: Semi-detached,93,88,5,1,4
S01009458,Whole house or bungalow: Terraced (including end-terrace),30,28,2,2,0
S01009458,Flat maisonette or apartment or mobile/temporary accommodation,188,168,20,10,10
S01009459,All household spaces,511,457,54,27,27
S01009459,Whole house or bungalow: Total,195,192,3,0,3
S01009459,Whole house or bungalow: Detached,65,65,0,0,0
S01009459,Whole house or bungalow: Semi-detached,80,77,3,0,3
S01009459,Whole house or bungalow: Terraced (including end-terrace),50,50,0,0,0
S01009459,Flat maisonette or apartment or mobile/temporary accommodation,316,265,51,27,24
S01009460,All household spaces,431,399,32,19,13
S01009460,Whole house or bungalow: Total,87,86,1,0,1
S01009460,Whole house or bungalow: Detached,8,8,0,0,0
S01009460,Whole house or bungalow: Semi-detached,32,32,0,0,0
S01009460,Whole house or bungalow: Terraced (including end-terrace),47,46,1,0,1
S01009460,Flat maisonette or apartment or mobile/temporary accommodation,344,313,31,19,12
S01009461,All household spaces,209,201,8,0,8
S01009461,Whole house or bungalow: Total,204,196,8,0,8
S01009461,Whole house or bungalow: Detached,189,181,8,0,8
S01009461,Whole house or bungalow: Semi-detached,12,12,0,0,0
S01009461,Whole house or bungalow: Terraced (including end-terrace),3,3,0,0,0
S01009461,Flat maisonette or apartment or mobile/temporary accommodation,5,5,0,0,0
S01009462,All household spaces,300,292,8,3,5
S01009462,Whole house or bungalow: Total,257,251,6,2,4
S01009462,Whole house or bungalow: Detached,44,43,1,1,0
S01009462,Whole house or bungalow: Semi-detached,118,113,5,1,4
S01009462,Whole house or bungalow: Terraced (including end-terrace),95,95,0,0,0
S01009462,Flat maisonette or apartment or mobile/temporary accommodation,43,41,2,1,1
S01009463,All household spaces,328,306,22,11,11
S01009463,Whole house or bungalow: Total,255,248,7,1,6
S01009463,Whole house or bungalow: Detached,69,67,2,0,2
S01009463,Whole house or bungalow: Semi-detached,106,103,3,1,2
S01009463,Whole house or bungalow: Terraced (including end-terrace),80,78,2,0,2
S01009463,Flat maisonette or apartment or mobile/temporary accommodation,73,58,15,10,5
S01009464,All household spaces,392,378,14,4,10
S01009464,Whole house or bungalow: Total,273,272,1,0,1
S01009464,Whole house or bungalow: Detached,98,98,0,0,0
S01009464,Whole house or bungalow: Semi-detached,115,114,1,0,1
S01009464,Whole house or bungalow: Terraced (including end-terrace),60,60,0,0,0
S01009464,Flat maisonette or apartment or mobile/temporary accommodation,119,106,13,4,9
S01009465,All household spaces,274,269,5,3,2
S01009465,Whole house or bungalow: Total,207,206,1,0,1
S01009465,Whole house or bungalow: Detached,24,24,0,0,0
S01009465,Whole house or bungalow: Semi-detached,68,68,0,0,0
S01009465,Whole house or bungalow: Terraced (including end-terrace),115,114,1,0,1
S01009465,Flat maisonette or apartment or mobile/temporary accommodation,67,63,4,3,1
S01009466,All household spaces,263,256,7,1,6
S01009466,Whole house or bungalow: Total,195,193,2,1,1
S01009466,Whole house or bungalow: Detached,81,81,0,0,0
S01009466,Whole house or bungalow: Semi-detached,87,85,2,1,1
S01009466,Whole house or bungalow: Terraced (including end-terrace),27,27,0,0,0
S01009466,Flat maisonette or apartment or mobile/temporary accommodation,68,63,5,0,5
S01009467,All household spaces,358,330,28,5,23
S01009467,Whole house or bungalow: Total,283,270,13,1,12
S01009467,Whole house or bungalow: Detached,129,123,6,1,5
S01009467,Whole house or bungalow: Semi-detached,113,110,3,0,3
S01009467,Whole house or bungalow: Terraced (including end-terrace),41,37,4,0,4
S01009467,Flat maisonette or apartment or mobile/temporary accommodation,75,60,15,4,11
S01009468,All household spaces,405,385,20,2,18
S01009468,Whole house or bungalow: Total,125,125,0,0,0
S01009468,Whole house or bungalow: Detached,32,32,0,0,0
S01009468,Whole house or bungalow: Semi-detached,72,72,0,0,0
S01009468,Whole house or bungalow: Terraced (including end-terrace),21,21,0,0,0
S01009468,Flat maisonette or apartment or mobile/temporary accommodation,280,260,20,2,18
S01009469,All household spaces,426,393,33,16,17
S01009469,Whole house or bungalow: Total,282,270,12,8,4
S01009469,Whole house or bungalow: Detached,127,124,3,1,2
S01009469,Whole house or bungalow: Semi-detached,74,72,2,2,0
S01009469,Whole house or bungalow: Terraced (including end-terrace),81,74,7,5,2
S01009469,Flat maisonette or apartment or mobile/temporary accommodation,144,123,21,8,13
S01009470,All household spaces,239,232,7,2,5
S01009470,Whole house or bungalow: Total,161,158,3,1,2
S01009470,Whole house or bungalow: Detached,90,88,2,1,1
S01009470,Whole house or bungalow: Semi-detached,56,56,0,0,0
S01009470,Whole house or bungalow: Terraced (including end-terrace),15,14,1,0,1
S01009470,Flat maisonette or apartment or mobile/temporary accommodation,78,74,4,1,3
S01009471,All household spaces,442,414,28,13,15
S01009471,Whole house or bungalow: Total,46,46,0,0,0
S01009471,Whole house or bungalow: Detached,5,5,0,0,0
S01009471,Whole house or bungalow: Semi-detached,25,25,0,0,0
S01009471,Whole house or bungalow: Terraced (including end-terrace),16,16,0,0,0
S01009471,Flat maisonette or apartment or mobile/temporary accommodation,396,368,28,13,15
S01009472,All household spaces,464,435,29,7,22
S01009472,Whole house or bungalow: Total,177,171,6,1,5
S01009472,Whole house or bungalow: Detached,37,37,0,0,0
S01009472,Whole house or bungalow: Semi-detached,97,93,4,1,3
S01009472,Whole house or bungalow: Terraced (including end-terrace),43,41,2,0,2
S01009472,Flat maisonette or apartment or mobile/temporary accommodation,287,264,23,6,17
S01009473,All household spaces,497,464,33,11,22
S01009473,Whole house or bungalow: Total,116,102,14,10,4
S01009473,Whole house or bungalow: Detached,16,15,1,0,1
S01009473,Whole house or bungalow: Semi-detached,60,58,2,0,2
S01009473,Whole house or bungalow: Terraced (including end-terrace),40,29,11,10,1
S01009473,Flat maisonette or apartment or mobile/temporary accommodation,381,362,19,1,18
S01009474,All household spaces,432,403,29,20,9
S01009474,Whole house or bungalow: Total,192,189,3,2,1
S01009474,Whole house or bungalow: Detached,100,99,1,0,1
S01009474,Whole house or bungalow: Semi-detached,59,59,0,0,0
S01009474,Whole house or bungalow: Terraced (including end-terrace),33,31,2,2,0
S01009474,Flat maisonette or apartment or mobile/temporary accommodation,240,214,26,18,8
S01009475,All household spaces,225,222,3,2,1
S01009475,Whole house or bungalow: Total,191,188,3,2,1
S01009475,Whole house or bungalow: Detached,177,174,3,2,1
S01009475,Whole house or bungalow: Semi-detached,11,11,0,0,0
S01009475,Whole house or bungalow: Terraced (including end-terrace),3,3,0,0,0
S01009475,Flat maisonette or apartment or mobile/temporary accommodation,34,34,0,0,0
S01009476,All household spaces,182,169,13,7,6
S01009476,Whole house or bungalow: Total,158,149,9,6,3
S01009476,Whole house or bungalow: Detached,126,119,7,5,2
S01009476,Whole house or bungalow: Semi-detached,17,16,1,1,0
S01009476,Whole house or bungalow: Terraced (including end-terrace),15,14,1,0,1
S01009476,Flat maisonette or apartment or mobile/temporary accommodation,24,20,4,1,3
S01009477,All household spaces,373,358,15,5,10
S01009477,Whole house or bungalow: Total,141,134,7,4,3
S01009477,Whole house or bungalow: Detached,33,33,0,0,0
S01009477,Whole house or bungalow: Semi-detached,59,57,2,0,2
S01009477,Whole house or bungalow: Terraced (including end-terrace),49,44,5,4,1
S01009477,Flat maisonette or apartment or mobile/temporary accommodation,232,224,8,1,7
S01009478,All household spaces,504,480,24,11,13
S01009478,Whole house or bungalow: Total,130,128,2,0,2
S01009478,Whole house or bungalow: Detached,30,28,2,0,2
S01009478,Whole house or bungalow: Semi-detached,26,26,0,0,0
S01009478,Whole house or bungalow: Terraced (including end-terrace),74,74,0,0,0
S01009478,Flat maisonette or apartment or mobile/temporary accommodation,374,352,22,11,11
S01009479,All household spaces,441,420,21,18,3
S01009479,Whole house or bungalow: Total,128,123,5,5,0
S01009479,Whole house or bungalow: Detached,23,23,0,0,0
S01009479,Whole house or bungalow: Semi-detached,60,60,0,0,0
S01009479,Whole house or bungalow: Terraced (including end-terrace),45,40,5,5,0
S01009479,Flat maisonette or apartment or mobile/temporary accommodation,313,297,16,13,3
S01009480,All household spaces,439,420,19,2,17
S01009480,Whole house or bungalow: Total,212,204,8,1,7
S01009480,Whole house or bungalow: Detached,43,41,2,0,2
S01009480,Whole house or bungalow: Semi-detached,111,111,0,0,0
S01009480,Whole house or bungalow: Terraced (including end-terrace),58,52,6,1,5
S01009480,Flat maisonette or apartment or mobile/temporary accommodation,227,216,11,1,10
S01009481,All household spaces,507,489,18,5,13
S01009481,Whole house or bungalow: Total,187,186,1,0,1
S01009481,Whole house or bungalow: Detached,27,27,0,0,0
S01009481,Whole house or bungalow: Semi-detached,102,101,1,0,1
S01009481,Whole house or bungalow: Terraced (including end-terrace),58,58,0,0,0
S01009481,Flat maisonette or apartment or mobile/temporary accommodation,320,303,17,5,12
S01009482,All household spaces,346,332,14,1,13
S01009482,Whole house or bungalow: Total,87,84,3,1,2
S01009482,Whole house or bungalow: Detached,22,21,1,0,1
S01009482,Whole house or bungalow: Semi-detached,37,36,1,1,0
S01009482,Whole house or bungalow: Terraced (including end-terrace),28,27,1,0,1
S01009482,Flat maisonette or apartment or mobile/temporary accommodation,259,248,11,0,11
S01009483,All household spaces,420,403,17,0,17
S01009483,Whole house or bungalow: Total,118,117,1,0,1
S01009483,Whole house or bungalow: Detached,13,13,0,0,0
S01009483,Whole house or bungalow: Semi-detached,78,77,1,0,1
S01009483,Whole house or bungalow: Terraced (including end-terrace),27,27,0,0,0
S01009483,Flat maisonette or apartment or mobile/temporary accommodation,302,286,16,0,16
S01009484,All household spaces,446,427,19,0,19
S01009484,Whole house or bungalow: Total,137,133,4,0,4
S01009484,Whole house or bungalow: Detached,49,46,3,0,3
S01009484,Whole house or bungalow: Semi-detached,69,68,1,0,1
S01009484,Whole house or bungalow: Terraced (including end-terrace),19,19,0,0,0
S01009484,Flat maisonette or apartment or mobile/temporary accommodation,309,294,15,0,15
S01009485,All household spaces,369,362,7,0,7
S01009485,Whole house or bungalow: Total,213,208,5,0,5
S01009485,Whole house or bungalow: Detached,70,70,0,0,0
S01009485,Whole house or bungalow: Semi-detached,110,107,3,0,3
S01009485,Whole house or bungalow: Terraced (including end-terrace),33,31,2,0,2
S01009485,Flat maisonette or apartment or mobile/temporary accommodation,156,154,2,0,2
S01009486,All household spaces,321,313,8,0,8
S01009486,Whole house or bungalow: Total,200,196,4,0,4
S01009486,Whole house or bungalow: Detached,121,120,1,0,1
S01009486,Whole house or bungalow: Semi-detached,70,67,3,0,3
S01009486,Whole house or bungalow: Terraced (including end-terrace),9,9,0,0,0
S01009486,Flat maisonette or apartment or mobile/temporary accommodation,121,117,4,0,4
S01009487,All household spaces,401,385,16,12,4
S01009487,Whole house or bungalow: Total,223,218,5,5,0
S01009487,Whole house or bungalow: Detached,22,22,0,0,0
S01009487,Whole house or bungalow: Semi-detached,116,116,0,0,0
S01009487,Whole house or bungalow: Terraced (including end-terrace),85,80,5,5,0
S01009487,Flat maisonette or apartment or mobile/temporary accommodation,178,167,11,7,4
S01009488,All household spaces,277,267,10,1,9
S01009488,Whole house or bungalow: Total,271,261,10,1,9
S01009488,Whole house or bungalow: Detached,52,51,1,0,1
S01009488,Whole house or bungalow: Semi-detached,144,139,5,1,4
S01009488,Whole house or bungalow: Terraced (including end-terrace),75,71,4,0,4
S01009488,Flat maisonette or apartment or mobile/temporary accommodation,6,6,0,0,0
S01009489,All household spaces,405,389,16,6,10
S01009489,Whole house or bungalow: Total,222,214,8,0,8
S01009489,Whole house or bungalow: Detached,52,51,1,0,1
S01009489,Whole house or bungalow: Semi-detached,88,88,0,0,0
S01009489,Whole house or bungalow: Terraced (including end-terrace),82,75,7,0,7
S01009489,Flat maisonette or apartment or mobile/temporary accommodation,183,175,8,6,2
S01009490,All household spaces,404,394,10,2,8
S01009490,Whole house or bungalow: Total,143,141,2,0,2
S01009490,Whole house or bungalow: Detached,22,22,0,0,0
S01009490,Whole house or bungalow: Semi-detached,65,64,1,0,1
S01009490,Whole house or bungalow: Terraced (including end-terrace),56,55,1,0,1
S01009490,Flat maisonette or apartment or mobile/temporary accommodation,261,253,8,2,6
S01009491,All household spaces,347,332,15,2,13
S01009491,Whole house or bungalow: Total,291,286,5,1,4
S01009491,Whole house or bungalow: Detached,22,21,1,0,1
S01009491,Whole house or bungalow: Semi-detached,189,188,1,0,1
S01009491,Whole house or bungalow: Terraced (including end-terrace),80,77,3,1,2
S01009491,Flat maisonette or apartment or mobile/temporary accommodation,56,46,10,1,9
S01009492,All household spaces,311,310,1,0,1
S01009492,Whole house or bungalow: Total,290,289,1,0,1
S01009492,Whole house or bungalow: Detached,11,11,0,0,0
S01009492,Whole house or bungalow: Semi-detached,157,157,0,0,0
S01009492,Whole house or bungalow: Terraced (including end-terrace),122,121,1,0,1
S01009492,Flat maisonette or apartment or mobile/temporary accommodation,21,21,0,0,0
S01009493,All household spaces,376,366,10,1,9
S01009493,Whole house or bungalow: Total,359,349,10,1,9
S01009493,Whole house or bungalow: Detached,314,304,10,1,9
S01009493,Whole house or bungalow: Semi-detached,37,37,0,0,0
S01009493,Whole house or bungalow: Terraced (including end-terrace),8,8,0,0,0
S01009493,Flat maisonette or apartment or mobile/temporary accommodation,17,17,0,0,0
S01009494,All household spaces,397,387,10,2,8
S01009494,Whole house or bungalow: Total,349,342,7,2,5
S01009494,Whole house or bungalow: Detached,188,184,4,2,2
S01009494,Whole house or bungalow: Semi-detached,154,152,2,0,2
S01009494,Whole house or bungalow: Terraced (including end-terrace),7,6,1,0,1
S01009494,Flat maisonette or apartment or mobile/temporary accommodation,48,45,3,0,3
S01009495,All household spaces,380,375,5,1,4
S01009495,Whole house or bungalow: Total,346,343,3,1,2
S01009495,Whole house or bungalow: Detached,174,174,0,0,0
S01009495,Whole house or bungalow: Semi-detached,132,129,3,1,2
S01009495,Whole house or bungalow: Terraced (including end-terrace),40,40,0,0,0
S01009495,Flat maisonette or apartment or mobile/temporary accommodation,34,32,2,0,2
S01009496,All household spaces,377,371,6,2,4
S01009496,Whole house or bungalow: Total,319,315,4,2,2
S01009496,Whole house or bungalow: Detached,7,7,0,0,0
S01009496,Whole house or bungalow: Semi-detached,43,43,0,0,0
S01009496,Whole house or bungalow: Terraced (including end-terrace),269,265,4,2,2
S01009496,Flat maisonette or apartment or mobile/temporary accommodation,58,56,2,0,2
S01009497,All household spaces,435,426,9,4,5
S01009497,Whole house or bungalow: Total,390,382,8,4,4
S01009497,Whole house or bungalow: Detached,42,42,0,0,0
S01009497,Whole house or bungalow: Semi-detached,113,111,2,0,2
S01009497,Whole house or bungalow: Terraced (including end-terrace),235,229,6,4,2
S01009497,Flat maisonette or apartment or mobile/temporary accommodation,45,44,1,0,1
S01009498,All household spaces,280,276,4,0,4
S01009498,Whole house or bungalow: Total,277,273,4,0,4
S01009498,Whole house or bungalow: Detached,177,174,3,0,3
S01009498,Whole house or bungalow: Semi-detached,91,90,1,0,1
S01009498,Whole house or bungalow: Terraced (including end-terrace),9,9,0,0,0
S01009498,Flat maisonette or apartment or mobile/temporary accommodation,3,3,0,0,0
S01009499,All household spaces,361,357,4,2,2
S01009499,Whole house or bungalow: Total,306,304,2,2,0
S01009499,Whole house or bungalow: Detached,84,84,0,0,0
S01009499,Whole house or bungalow: Semi-detached,149,149,0,0,0
S01009499,Whole house or bungalow: Terraced (including end-terrace),73,71,2,2,0
S01009499,Flat maisonette or apartment or mobile/temporary accommodation,55,53,2,0,2
S01009500,All household spaces,394,382,12,3,9
S01009500,Whole house or bungalow: Total,279,271,8,3,5
S01009500,Whole house or bungalow: Detached,11,11,0,0,0
S01009500,Whole house or bungalow: Semi-detached,106,106,0,0,0
S01009500,Whole house or bungalow: Terraced (including end-terrace),162,154,8,3,5
S01009500,Flat maisonette or apartment or mobile/temporary accommodation,115,111,4,0,4
S01009501,All household spaces,332,315,17,12,5
S01009501,Whole house or bungalow: Total,276,261,15,11,4
S01009501,Whole house or bungalow: Detached,23,22,1,0,1
S01009501,Whole house or bungalow: Semi-detached,87,85,2,1,1
S01009501,Whole house or bungalow: Terraced (including end-terrace),166,154,12,10,2
S01009501,Flat maisonette or apartment or mobile/temporary accommodation,56,54,2,1,1
S01009502,All household spaces,386,374,12,7,5
S01009502,Whole house or bungalow: Total,321,312,9,4,5
S01009502,Whole house or bungalow: Detached,17,17,0,0,0
S01009502,Whole house or bungalow: Semi-detached,62,61,1,0,1
S01009502,Whole house or bungalow: Terraced (including end-terrace),242,234,8,4,4
S01009502,Flat maisonette or apartment or mobile/temporary accommodation,65,62,3,3,0
S01009503,All household spaces,347,338,9,0,9
S01009503,Whole house or bungalow: Total,330,322,8,0,8
S01009503,Whole house or bungalow: Detached,18,18,0,0,0
S01009503,Whole house or bungalow: Semi-detached,42,42,0,0,0
S01009503,Whole house or bungalow: Terraced (including end-terrace),270,262,8,0,8
S01009503,Flat maisonette or apartment or mobile/temporary accommodation,17,16,1,0,1
S01009504,All household spaces,323,314,9,1,8
S01009504,Whole house or bungalow: Total,201,196,5,1,4
S01009504,Whole house or bungalow: Detached,16,16,0,0,0
S01009504,Whole house or bungalow: Semi-detached,79,78,1,0,1
S01009504,Whole house or bungalow: Terraced (including end-terrace),106,102,4,1,3
S01009504,Flat maisonette or apartment or mobile/temporary accommodation,122,118,4,0,4
S01009505,All household spaces,371,355,16,8,8
S01009505,Whole house or bungalow: Total,192,192,0,0,0
S01009505,Whole house or bungalow: Detached,15,15,0,0,0
S01009505,Whole house or bungalow: Semi-detached,71,71,0,0,0
S01009505,Whole house or bungalow: Terraced (including end-terrace),106,106,0,0,0
S01009505,Flat maisonette or apartment or mobile/temporary accommodation,179,163,16,8,8
S01009506,All household spaces,360,348,12,1,11
S01009506,Whole house or bungalow: Total,224,220,4,1,3
S01009506,Whole house or bungalow: Detached,16,16,0,0,0
S01009506,Whole house or bungalow: Semi-detached,77,76,1,0,1
S01009506,Whole house or bungalow: Terraced (including end-terrace),131,128,3,1,2
S01009506,Flat maisonette or apartment or mobile/temporary accommodation,136,128,8,0,8
S01009507,All household spaces,349,346,3,0,3
S01009507,Whole house or bungalow: Total,315,312,3,0,3
S01009507,Whole house or bungalow: Detached,95,95,0,0,0
S01009507,Whole house or bungalow: Semi-detached,109,109,0,0,0
S01009507,Whole house or bungalow: Terraced (including end-terrace),111,108,3,0,3
S01009507,Flat maisonette or apartment or mobile/temporary accommodation,34,34,0,0,0
S01009508,All household spaces,408,397,11,0,11
S01009508,Whole house or bungalow: Total,271,266,5,0,5
S01009508,Whole house or bungalow: Detached,21,21,0,0,0
S01009508,Whole house or bungalow: Semi-detached,93,93,0,0,0
S01009508,Whole house or bungalow: Terraced (including end-terrace),157,152,5,0,5
S01009508,Flat maisonette or apartment or mobile/temporary accommodation,137,131,6,0,6
S01009509,All household spaces,437,421,16,2,14
S01009509,Whole house or bungalow: Total,288,282,6,2,4
S01009509,Whole house or bungalow: Detached,13,12,1,1,0
S01009509,Whole house or bungalow: Semi-detached,120,120,0,0,0
S01009509,Whole house or bungalow: Terraced (including end-terrace),155,150,5,1,4
S01009509,Flat maisonette or apartment or mobile/temporary accommodation,149,139,10,0,10
S01009510,All household spaces,305,301,4,1,3
S01009510,Whole house or bungalow: Total,303,299,4,1,3
S01009510,Whole house or bungalow: Detached,134,131,3,1,2
S01009510,Whole house or bungalow: Semi-detached,159,158,1,0,1
S01009510,Whole house or bungalow: Terraced (including end-terrace),10,10,0,0,0
S01009510,Flat maisonette or apartment or mobile/temporary accommodation,2,2,0,0,0
S01009511,All household spaces,260,257,3,0,3
S01009511,Whole house or bungalow: Total,260,257,3,0,3
S01009511,Whole house or bungalow: Detached,159,158,1,0,1
S01009511,Whole house or bungalow: Semi-detached,93,91,2,0,2
S01009511,Whole house or bungalow: Terraced (including end-terrace),8,8,0,0,0
S01009511,Flat maisonette or apartment or mobile/temporary accommodation,0,0,0,0,0
S01009512,All household spaces,316,313,3,0,3
S01009512,Whole house or bungalow: Total,312,309,3,0,3
S01009512,Whole house or bungalow: Detached,104,102,2,0,2
S01009512,Whole house or bungalow: Semi-detached,185,184,1,0,1
S01009512,Whole house or bungalow: Terraced (including end-terrace),23,23,0,0,0
S01009512,Flat maisonette or apartment or mobile/temporary accommodation,4,4,0,0,0
S01009513,All household spaces,247,245,2,0,2
S01009513,Whole house or bungalow: Total,245,243,2,0,2
S01009513,Whole house or bungalow: Detached,100,99,1,0,1
S01009513,Whole house or bungalow: Semi-detached,136,135,1,0,1
S01009513,Whole house or bungalow: Terraced (including end-terrace),9,9,0,0,0
S01009513,Flat maisonette or apartment or mobile/temporary accommodation,2,2,0,0,0
S01009514,All household spaces,284,282,2,0,2
S01009514,Whole house or bungalow: Total,281,279,2,0,2
S01009514,Whole house or bungalow: Detached,87,86,1,0,1
S01009514,Whole house or bungalow: Semi-detached,175,174,1,0,1
S01009514,Whole house or bungalow: Terraced (including end-terrace),19,19,0,0,0
S01009514,Flat maisonette or apartment or mobile/temporary accommodation,3,3,0,0,0
S01009515,All household spaces,368,362,6,0,6
S01009515,Whole house or bungalow: Total,307,305,2,0,2
S01009515,Whole house or bungalow: Detached,11,11,0,0,0
S01009515,Whole house or bungalow: Semi-detached,50,50,0,0,0
S01009515,Whole house or bungalow: Terraced (including end-terrace),246,244,2,0,2
S01009515,Flat maisonette or apartment or mobile/temporary accommodation,61,57,4,0,4
S01009516,All household spaces,405,399,6,4,2
S01009516,Whole house or bungalow: Total,398,392,6,4,2
S01009516,Whole house or bungalow: Detached,46,46,0,0,0
S01009516,Whole house or bungalow: Semi-detached,66,66,0,0,0
S01009516,Whole house or bungalow: Terraced (including end-terrace),286,280,6,4,2
S01009516,Flat maisonette or apartment or mobile/temporary accommodation,7,7,0,0,0
S01009517,All household spaces,348,347,1,0,1
S01009517,Whole house or bungalow: Total,302,301,1,0,1
S01009517,Whole house or bungalow: Detached,224,223,1,0,1
S01009517,Whole house or bungalow: Semi-detached,44,44,0,0,0
S01009517,Whole house or bungalow: Terraced (including end-terrace),34,34,0,0,0
S01009517,Flat maisonette or apartment or mobile/temporary accommodation,46,46,0,0,0
S01009518,All household spaces,321,319,2,2,0
S01009518,Whole house or bungalow: Total,293,291,2,2,0
S01009518,Whole house or bungalow: Detached,225,223,2,2,0
S01009518,Whole house or bungalow: Semi-detached,28,28,0,0,0
S01009518,Whole house or bungalow: Terraced (including end-terrace),40,40,0,0,0
S01009518,Flat maisonette or apartment or mobile/temporary accommodation,28,28,0,0,0
S01009519,All household spaces,199,195,4,0,4
S01009519,Whole house or bungalow: Total,170,168,2,0,2
S01009519,Whole house or bungalow: Detached,74,72,2,0,2
S01009519,Whole house or bungalow: Semi-detached,67,67,0,0,0
S01009519,Whole house or bungalow: Terraced (including end-terrace),29,29,0,0,0
S01009519,Flat maisonette or apartment or mobile/temporary accommodation,29,27,2,0,2
S01009520,All household spaces,336,328,8,2,6
S01009520,Whole house or bungalow: Total,283,279,4,2,2
S01009520,Whole house or bungalow: Detached,92,91,1,0,1
S01009520,Whole house or bungalow: Semi-detached,57,56,1,0,1
S01009520,Whole house or bungalow: Terraced (including end-terrace),134,132,2,2,0
S01009520,Flat maisonette or apartment or mobile/temporary accommodation,53,49,4,0,4
S01009521,All household spaces,379,363,16,2,14
S01009521,Whole house or bungalow: Total,271,257,14,2,12
S01009521,Whole house or bungalow: Detached,51,51,0,0,0
S01009521,Whole house or bungalow: Semi-detached,156,151,5,0,5
S01009521,Whole house or bungalow: Terraced (including end-terrace),64,55,9,2,7
S01009521,Flat maisonette or apartment or mobile/temporary accommodation,108,106,2,0,2
S01009522,All household spaces,382,376,6,1,5
S01009522,Whole house or bungalow: Total,309,306,3,0,3
S01009522,Whole house or bungalow: Detached,62,61,1,0,1
S01009522,Whole house or bungalow: Semi-detached,163,163,0,0,0
S01009522,Whole house or bungalow: Terraced (including end-terrace),84,82,2,0,2
S01009522,Flat maisonette or apartment or mobile/temporary accommodation,73,70,3,1,2
S01009523,All household spaces,279,263,16,8,8
S01009523,Whole house or bungalow: Total,110,105,5,0,5
S01009523,Whole house or bungalow: Detached,9,9,0,0,0
S01009523,Whole house or bungalow: Semi-detached,66,65,1,0,1
S01009523,Whole house or bungalow: Terraced (including end-terrace),35,31,4,0,4
S01009523,Flat maisonette or apartment or mobile/temporary accommodation,169,158,11,8,3
S01009524,All household spaces,367,341,26,11,15
S01009524,Whole house or bungalow: Total,128,127,1,0,1
S01009524,Whole house or bungalow: Detached,15,14,1,0,1
S01009524,Whole house or bungalow: Semi-detached,67,67,0,0,0
S01009524,Whole house or bungalow: Terraced (including end-terrace),46,46,0,0,0
S01009524,Flat maisonette or apartment or mobile/temporary accommodation,239,214,25,11,14
S01009525,All household spaces,276,254,22,12,10
S01009525,Whole house or bungalow: Total,87,85,2,0,2
S01009525,Whole house or bungalow: Detached,11,11,0,0,0
S01009525,Whole house or bungalow: Semi-detached,62,60,2,0,2
S01009525,Whole house or bungalow: Terraced (including end-terrace),14,14,0,0,0
S01009525,Flat maisonette or apartment or mobile/temporary accommodation,189,169,20,12,8
S01009526,All household spaces,382,365,17,2,15
S01009526,Whole house or bungalow: Total,65,64,1,0,1
S01009526,Whole house or bungalow: Detached,36,36,0,0,0
S01009526,Whole house or bungalow: Semi-detached,11,11,0,0,0
S01009526,Whole house or bungalow: Terraced (including end-terrace),18,17,1,0,1
S01009526,Flat maisonette or apartment or mobile/temporary accommodation,317,301,16,2,14
S01009527,All household spaces,426,384,42,30,12
S01009527,Whole house or bungalow: Total,74,72,2,2,0
S01009527,Whole house or bungalow: Detached,8,8,0,0,0
S01009527,Whole house or bungalow: Semi-detached,20,20,0,0,0
S01009527,Whole house or bungalow: Terraced (including end-terrace),46,44,2,2,0
S01009527,Flat maisonette or apartment or mobile/temporary accommodation,352,312,40,28,12
S01009528,All household spaces,362,355,7,3,4
S01009528,Whole house or bungalow: Total,43,43,0,0,0
S01009528,Whole house or bungalow: Detached,8,8,0,0,0
S01009528,Whole house or bungalow: Semi-detached,16,16,0,0,0
S01009528,Whole house or bungalow: Terraced (including end-terrace),19,19,0,0,0
S01009528,Flat maisonette or apartment or mobile/temporary accommodation,319,312,7,3,4
S01009529,All household spaces,262,247,15,10,5
S01009529,Whole house or bungalow: Total,195,185,10,6,4
S01009529,Whole house or bungalow: Detached,37,33,4,4,0
S01009529,Whole house or bungalow: Semi-detached,103,101,2,0,2
S01009529,Whole house or bungalow: Terraced (including end-terrace),55,51,4,2,2
S01009529,Flat maisonette or apartment or mobile/temporary accommodation,67,62,5,4,1
S01009530,All household spaces,264,255,9,2,7
S01009530,Whole house or bungalow: Total,251,243,8,1,7
S01009530,Whole house or bungalow: Detached,83,80,3,1,2
S01009530,Whole house or bungalow: Semi-detached,158,153,5,0,5
S01009530,Whole house or bungalow: Terraced (including end-terrace),10,10,0,0,0
S01009530,Flat maisonette or apartment or mobile/temporary accommodation,13,12,1,1,0
S01009531,All household spaces,477,432,45,28,17
S01009531,Whole house or bungalow: Total,221,211,10,4,6
S01009531,Whole house or bungalow: Detached,15,14,1,0,1
S01009531,Whole house or bungalow: Semi-detached,68,67,1,0,1
S01009531,Whole house or bungalow: Terraced (including end-terrace),138,130,8,4,4
S01009531,Flat maisonette or apartment or mobile/temporary accommodation,256,221,35,24,11
S01009532,All household spaces,452,437,15,3,12
S01009532,Whole house or bungalow: Total,278,273,5,1,4
S01009532,Whole house or bungalow: Detached,14,14,0,0,0
S01009532,Whole house or bungalow: Semi-detached,58,58,0,0,0
S01009532,Whole house or bungalow: Terraced (including end-terrace),206,201,5,1,4
S01009532,Flat maisonette or apartment or mobile/temporary accommodation,174,164,10,2,8
S01009533,All household spaces,460,440,20,2,18
S01009533,Whole house or bungalow: Total,111,109,2,0,2
S01009533,Whole house or bungalow: Detached,10,10,0,0,0
S01009533,Whole house or bungalow: Semi-detached,64,64,0,0,0
S01009533,Whole house or bungalow: Terraced (including end-terrace),37,35,2,0,2
S01009533,Flat maisonette or apartment or mobile/temporary accommodation,349,331,18,2,16
S01009534,All household spaces,455,427,28,10,18
S01009534,Whole house or bungalow: Total,127,118,9,5,4
S01009534,Whole house or bungalow: Detached,10,10,0,0,0
S01009534,Whole house or bungalow: Semi-detached,55,54,1,0,1
S01009534,Whole house or bungalow: Terraced (including end-terrace),62,54,8,5,3
S01009534,Flat maisonette or apartment or mobile/temporary accommodation,328,309,19,5,14
S01009535,All household spaces,320,297,23,10,13
S01009535,Whole house or bungalow: Total,52,50,2,0,2
S01009535,Whole house or bungalow: Detached,7,7,0,0,0
S01009535,Whole house or bungalow: Semi-detached,22,22,0,0,0
S01009535,Whole house or bungalow: Terraced (including end-terrace),23,21,2,0,2
S01009535,Flat maisonette or apartment or mobile/temporary accommodation,268,247,21,10,11
S01009536,All household spaces,235,228,7,0,7
S01009536,Whole house or bungalow: Total,87,85,2,0,2
S01009536,Whole house or bungalow: Detached,36,35,1,0,1
S01009536,Whole house or bungalow: Semi-detached,42,41,1,0,1
S01009536,Whole house or bungalow: Terraced (including end-terrace),9,9,0,0,0
S01009536,Flat maisonette or apartment or mobile/temporary accommodation,148,143,5,0,5
S01009537,All household spaces,299,280,19,7,12
S01009537,Whole house or bungalow: Total,111,105,6,5,1
S01009537,Whole house or bungalow: Detached,47,46,1,1,0
S01009537,Whole house or bungalow: Semi-detached,28,28,0,0,0
S01009537,Whole house or bungalow: Terraced (including end-terrace),36,31,5,4,1
S01009537,Flat maisonette or apartment or mobile/temporary accommodation,188,175,13,2,11
S01009538,All household spaces,433,401,32,15,17
S01009538,Whole house or bungalow: Total,129,116,13,7,6
S01009538,Whole house or bungalow: Detached,31,26,5,0,5
S01009538,Whole house or bungalow: Semi-detached,49,49,0,0,0
S01009538,Whole house or bungalow: Terraced (including end-terrace),49,41,8,7,1
S01009538,Flat maisonette or apartment or mobile/temporary accommodation,304,285,19,8,11
S01009539,All household spaces,402,389,13,5,8
S01009539,Whole house or bungalow: Total,355,346,9,2,7
S01009539,Whole house or bungalow: Detached,32,32,0,0,0
S01009539,Whole house or bungalow: Semi-detached,150,148,2,0,2
S01009539,Whole house or bungalow: Terraced (including end-terrace),173,166,7,2,5
S01009539,Flat maisonette or apartment or mobile/temporary accommodation,47,43,4,3,1
S01009540,All household spaces,507,459,48,40,8
S01009540,Whole house or bungalow: Total,126,124,2,0,2
S01009540,Whole house or bungalow: Detached,26,25,1,0,1
S01009540,Whole house or bungalow: Semi-detached,48,47,1,0,1
S01009540,Whole house or bungalow: Terraced (including end-terrace),52,52,0,0,0
S01009540,Flat maisonette or apartment or mobile/temporary accommodation,381,335,46,40,6
S01009541,All household spaces,342,321,21,4,17
S01009541,Whole house or bungalow: Total,284,270,14,0,14
S01009541,Whole house or bungalow: Detached,81,71,10,0,10
S01009541,Whole house or bungalow: Semi-detached,125,122,3,0,3
S01009541,Whole house or bungalow: Terraced (including end-terrace),78,77,1,0,1
S01009541,Flat maisonette or apartment or mobile/temporary accommodation,58,51,7,4,3
S01009542,All household spaces,403,380,23,9,14
S01009542,Whole house or bungalow: Total,144,139,5,2,3
S01009542,Whole house or bungalow: Detached,11,11,0,0,0
S01009542,Whole house or bungalow: Semi-detached,68,67,1,0,1
S01009542,Whole house or bungalow: Terraced (including end-terrace),65,61,4,2,2
S01009542,Flat maisonette or apartment or mobile/temporary accommodation,259,241,18,7,11
S01009543,All household spaces,295,279,16,1,15
S01009543,Whole house or bungalow: Total,230,217,13,1,12
S01009543,Whole house or bungalow: Detached,57,53,4,0,4
S01009543,Whole house or bungalow: Semi-detached,97,96,1,0,1
S01009543,Whole house or bungalow: Terraced (including end-terrace),76,68,8,1,7
S01009543,Flat maisonette or apartment or mobile/temporary accommodation,65,62,3,0,3
S01009544,All household spaces,454,432,22,9,13
S01009544,Whole house or bungalow: Total,372,357,15,7,8
S01009544,Whole house or bungalow: Detached,64,64,0,0,0
S01009544,Whole house or bungalow: Semi-detached,76,74,2,0,2
S01009544,Whole house or bungalow: Terraced (including end-terrace),232,219,13,7,6
S01009544,Flat maisonette or apartment or mobile/temporary accommodation,82,75,7,2,5
S01009545,All household spaces,354,344,10,0,10
S01009545,Whole house or bungalow: Total,294,289,5,0,5
S01009545,Whole house or bungalow: Detached,85,82,3,0,3
S01009545,Whole house or bungalow: Semi-detached,123,122,1,0,1
S01009545,Whole house or bungalow: Terraced (including end-terrace),86,85,1,0,1
S01009545,Flat maisonette or apartment or mobile/temporary accommodation,60,55,5,0,5
S01009546,All household spaces,431,414,17,12,5
S01009546,Whole house or bungalow: Total,326,318,8,4,4
S01009546,Whole house or bungalow: Detached,86,85,1,0,1
S01009546,Whole house or bungalow: Semi-detached,163,160,3,0,3
S01009546,Whole house or bungalow: Terraced (including end-terrace),77,73,4,4,0
S01009546,Flat maisonette or apartment or mobile/temporary accommodation,105,96,9,8,1
S01009547,All household spaces,356,337,19,6,13
S01009547,Whole house or bungalow: Total,202,194,8,0,8
S01009547,Whole house or bungalow: Detached,72,68,4,0,4
S01009547,Whole house or bungalow: Semi-detached,99,96,3,0,3
S01009547,Whole house or bungalow: Terraced (including end-terrace),31,30,1,0,1
S01009547,Flat maisonette or apartment or mobile/temporary accommodation,154,143,11,6,5
S01009548,All household spaces,328,317,11,0,11
S01009548,Whole house or bungalow: Total,243,236,7,0,7
S01009548,Whole house or bungalow: Detached,43,41,2,0,2
S01009548,Whole house or bungalow: Semi-detached,109,106,3,0,3
S01009548,Whole house or bungalow: Terraced (including end-terrace),91,89,2,0,2
S01009548,Flat maisonette or apartment or mobile/temporary accommodation,85,81,4,0,4
S01009549,All household spaces,360,348,12,1,11
S01009549,Whole house or bungalow: Total,261,251,10,1,9
S01009549,Whole house or bungalow: Detached,69,66,3,1,2
S01009549,Whole house or bungalow: Semi-detached,69,69,0,0,0
S01009549,Whole house or bungalow: Terraced (including end-terrace),123,116,7,0,7
S01009549,Flat maisonette or apartment or mobile/temporary accommodation,99,97,2,0,2
S01009550,All household spaces,215,208,7,7,0
S01009550,Whole house or bungalow: Total,211,204,7,7,0
S01009550,Whole house or bungalow: Detached,56,56,0,0,0
S01009550,Whole house or bungalow: Semi-detached,58,58,0,0,0
S01009550,Whole house or bungalow: Terraced (including end-terrace),97,90,7,7,0
S01009550,Flat maisonette or apartment or mobile/temporary accommodation,4,4,0,0,0
S01009551,All household spaces,230,229,1,1,0
S01009551,Whole house or bungalow: Total,227,226,1,1,0
S01009551,Whole house or bungalow: Detached,20,20,0,0,0
S01009551,Whole house or bungalow: Semi-detached,18,18,0,0,0
S01009551,Whole house or bungalow: Terraced (including end-terrace),189,188,1,1,0
S01009551,Flat maisonette or apartment or mobile/temporary accommodation,3,3,0,0,0
S01009552,All household spaces,406,398,8,0,8
S01009552,Whole house or bungalow: Total,377,369,8,0,8
S01009552,Whole house or bungalow: Detached,153,149,4,0,4
S01009552,Whole house or bungalow: Semi-detached,131,128,3,0,3
S01009552,Whole house or bungalow: Terraced (including end-terrace),93,92,1,0,1
S01009552,Flat maisonette or apartment or mobile/temporary accommodation,29,29,0,0,0
S01009553,All household spaces,437,421,16,0,16
S01009553,Whole house or bungalow: Total,220,217,3,0,3
S01009553,Whole house or bungalow: Detached,21,21,0,0,0
S01009553,Whole house or bungalow: Semi-detached,141,140,1,0,1
S01009553,Whole house or bungalow: Terraced (including end-terrace),58,56,2,0,2
S01009553,Flat maisonette or apartment or mobile/temporary accommodation,217,204,13,0,13
S01009554,All household spaces,315,311,4,0,4
S01009554,Whole house or bungalow: Total,196,195,1,0,1
S01009554,Whole house or bungalow: Detached,75,75,0,0,0
S01009554,Whole house or bungalow: Semi-detached,68,67,1,0,1
S01009554,Whole house or bungalow: Terraced (including end-terrace),53,53,0,0,0
S01009554,Flat maisonette or apartment or mobile/temporary accommodation,119,116,3,0,3
S01009555,All household spaces,383,364,19,0,19
S01009555,Whole house or bungalow: Total,255,240,15,0,15
S01009555,Whole house or bungalow: Detached,83,82,1,0,1
S01009555,Whole house or bungalow: Semi-detached,89,80,9,0,9
S01009555,Whole house or bungalow: Terraced (including end-terrace),83,78,5,0,5
S01009555,Flat maisonette or apartment or mobile/temporary accommodation,128,124,4,0,4
S01009556,All household spaces,382,338,44,30,14
S01009556,Whole house or bungalow: Total,298,264,34,30,4
S01009556,Whole house or bungalow: Detached,11,11,0,0,0
S01009556,Whole house or bungalow: Semi-detached,24,24,0,0,0
S01009556,Whole house or bungalow: Terraced (including end-terrace),263,229,34,30,4
S01009556,Flat maisonette or apartment or mobile/temporary accommodation,84,74,10,0,10
S01009557,All household spaces,311,300,11,0,11
S01009557,Whole house or bungalow: Total,295,284,11,0,11
S01009557,Whole house or bungalow: Detached,17,17,0,0,0
S01009557,Whole house or bungalow: Semi-detached,53,53,0,0,0
S01009557,Whole house or bungalow: Terraced (including end-terrace),225,214,11,0,11
S01009557,Flat maisonette or apartment or mobile/temporary accommodation,16,16,0,0,0
S01009558,All household spaces,305,291,14,3,11
S01009558,Whole house or bungalow: Total,287,276,11,0,11
S01009558,Whole house or bungalow: Detached,15,15,0,0,0
S01009558,Whole house or bungalow: Semi-detached,40,39,1,0,1
S01009558,Whole house or bungalow: Terraced (including end-terrace),232,222,10,0,10
S01009558,Flat maisonette or apartment or mobile/temporary accommodation,18,15,3,3,0
S01009559,All household spaces,390,374,16,2,14
S01009559,Whole house or bungalow: Total,337,325,12,1,11
S01009559,Whole house or bungalow: Detached,14,14,0,0,0
S01009559,Whole house or bungalow: Semi-detached,54,54,0,0,0
S01009559,Whole house or bungalow: Terraced (including end-terrace),269,257,12,1,11
S01009559,Flat maisonette or apartment or mobile/temporary accommodation,53,49,4,1,3
S01009560,All household spaces,380,351,29,9,20
S01009560,Whole house or bungalow: Total,277,268,9,4,5
S01009560,Whole house or bungalow: Detached,10,10,0,0,0
S01009560,Whole house or bungalow: Semi-detached,55,54,1,0,1
S01009560,Whole house or bungalow: Terraced (including end-terrace),212,204,8,4,4
S01009560,Flat maisonette or apartment or mobile/temporary accommodation,103,83,20,5,15
S01009561,All household spaces,265,258,7,0,7
S01009561,Whole house or bungalow: Total,226,220,6,0,6
S01009561,Whole house or bungalow: Detached,9,9,0,0,0
S01009561,Whole house or bungalow: Semi-detached,46,46,0,0,0
S01009561,Whole house or bungalow: Terraced (including end-terrace),171,165,6,0,6
S01009561,Flat maisonette or apartment or mobile/temporary accommodation,39,38,1,0,1
S01009562,All household spaces,324,316,8,0,8
S01009562,Whole house or bungalow: Total,321,313,8,0,8
S01009562,Whole house or bungalow: Detached,9,9,0,0,0
S01009562,Whole house or bungalow: Semi-detached,61,61,0,0,0
S01009562,Whole house or bungalow: Terraced (including end-terrace),251,243,8,0,8
S01009562,Flat maisonette or apartment or mobile/temporary accommodation,3,3,0,0,0
S01009563,All household spaces,389,373,16,2,14
S01009563,Whole house or bungalow: Total,305,297,8,1,7
S01009563,Whole house or bungalow: Detached,2,2,0,0,0
S01009563,Whole house or bungalow: Semi-detached,47,47,0,0,0
S01009563,Whole house or bungalow: Terraced (including end-terrace),256,248,8,1,7
S01009563,Flat maisonette or apartment or mobile/temporary accommodation,84,76,8,1,7
S01009564,All household spaces,324,315,9,0,9
S01009564,Whole house or bungalow: Total,283,277,6,0,6
S01009564,Whole house or bungalow: Detached,25,25,0,0,0
S01009564,Whole house or bungalow: Semi-detached,140,139,1,0,1
S01009564,Whole house or bungalow: Terraced (including end-terrace),118,113,5,0,5
S01009564,Flat maisonette or apartment or mobile/temporary accommodation,41,38,3,0,3
S01009565,All household spaces,257,246,11,0,11
S01009565,Whole house or bungalow: Total,229,222,7,0,7
S01009565,Whole house or bungalow: Detached,8,8,0,0,0
S01009565,Whole house or bungalow: Semi-detached,21,21,0,0,0
S01009565,Whole house or bungalow: Terraced (including end-terrace),200,193,7,0,7
S01009565,Flat maisonette or apartment or mobile/temporary accommodation,28,24,4,0,4
S01009566,All household spaces,435,431,4,0,4
S01009566,Whole house or bungalow: Total,420,417,3,0,3
S01009566,Whole house or bungalow: Detached,67,67,0,0,0
S01009566,Whole house or bungalow: Semi-detached,27,27,0,0,0
S01009566,Whole house or bungalow: Terraced (including end-terrace),326,323,3,0,3
S01009566,Flat maisonette or apartment or mobile/temporary accommodation,15,14,1,0,1
S01009567,All household spaces,427,414,13,6,7
S01009567,Whole house or bungalow: Total,385,380,5,1,4
S01009567,Whole house or bungalow: Detached,36,36,0,0,0
S01009567,Whole house or bungalow: Semi-detached,62,61,1,0,1
S01009567,Whole house or bungalow: Terraced (including end-terrace),287,283,4,1,3
S01009567,Flat maisonette or apartment or mobile/temporary accommodation,42,34,8,5,3
S01009568,All household spaces,342,333,9,0,9
S01009568,Whole house or bungalow: Total,341,332,9,0,9
S01009568,Whole house or bungalow: Detached,12,12,0,0,0
S01009568,Whole house or bungalow: Semi-detached,32,32,0,0,0
S01009568,Whole house or bungalow: Terraced (including end-terrace),297,288,9,0,9
S01009568,Flat maisonette or apartment or mobile/temporary accommodation,1,1,0,0,0
S01009569,All household spaces,370,363,7,0,7
S01009569,Whole house or bungalow: Total,362,355,7,0,7
S01009569,Whole house or bungalow: Detached,13,13,0,0,0
S01009569,Whole house or bungalow: Semi-detached,48,48,0,0,0
S01009569,Whole house or bungalow: Terraced (including end-terrace),301,294,7,0,7
S01009569,Flat maisonette or apartment or mobile/temporary accommodation,8,8,0,0,0
S01009570,All household spaces,244,240,4,0,4
S01009570,Whole house or bungalow: Total,232,228,4,0,4
S01009570,Whole house or bungalow: Detached,8,8,0,0,0
S01009570,Whole house or bungalow: Semi-detached,39,39,0,0,0
S01009570,Whole house or bungalow: Terraced (including end-terrace),185,181,4,0,4
S01009570,Flat maisonette or apartment or mobile/temporary accommodation,12,12,0,0,0
S01009571,All household spaces,303,297,6,0,6
S01009571,Whole house or bungalow: Total,180,177,3,0,3
S01009571,Whole house or bungalow: Detached,12,12,0,0,0
S01009571,Whole house or bungalow: Semi-detached,48,48,0,0,0
S01009571,Whole house or bungalow: Terraced (including end-terrace),120,117,3,0,3
S01009571,Flat maisonette or apartment or mobile/temporary accommodation,123,120,3,0,3
S01009572,All household spaces,508,499,9,0,9
S01009572,Whole house or bungalow: Total,333,328,5,0,5
S01009572,Whole house or bungalow: Detached,21,21,0,0,0
S01009572,Whole house or bungalow: Semi-detached,100,100,0,0,0
S01009572,Whole house or bungalow: Terraced (including end-terrace),212,207,5,0,5
S01009572,Flat maisonette or apartment or mobile/temporary accommodation,175,171,4,0,4
S01009573,All household spaces,341,329,12,1,11
S01009573,Whole house or bungalow: Total,262,255,7,0,7
S01009573,Whole house or bungalow: Detached,13,13,0,0,0
S01009573,Whole house or bungalow: Semi-detached,98,98,0,0,0
S01009573,Whole house or bungalow: Terraced (including end-terrace),151,144,7,0,7
S01009573,Flat maisonette or apartment or mobile/temporary accommodation,79,74,5,1,4
S01009574,All household spaces,449,447,2,0,2
S01009574,Whole house or bungalow: Total,358,356,2,0,2
S01009574,Whole house or bungalow: Detached,11,11,0,0,0
S01009574,Whole house or bungalow: Semi-detached,95,94,1,0,1
S01009574,Whole house or bungalow: Terraced (including end-terrace),252,251,1,0,1
S01009574,Flat maisonette or apartment or mobile/temporary accommodation,91,91,0,0,0
S01009575,All household spaces,233,232,1,1,0
S01009575,Whole house or bungalow: Total,230,229,1,1,0
S01009575,Whole house or bungalow: Detached,9,9,0,0,0
S01009575,Whole house or bungalow: Semi-detached,41,41,0,0,0
S01009575,Whole house or bungalow: Terraced (including end-terrace),180,179,1,1,0
S01009575,Flat maisonette or apartment or mobile/temporary accommodation,3,3,0,0,0
S01009576,All household spaces,223,223,0,0,0
S01009576,Whole house or bungalow: Total,198,198,0,0,0
S01009576,Whole house or bungalow: Detached,177,177,0,0,0
S01009576,Whole house or bungalow: Semi-detached,11,11,0,0,0
S01009576,Whole house or bungalow: Terraced (including end-terrace),10,10,0,0,0
S01009576,Flat maisonette or apartment or mobile/temporary accommodation,25,25,0,0,0
S01009577,All household spaces,254,253,1,1,0
S01009577,Whole house or bungalow: Total,253,252,1,1,0
S01009577,Whole house or bungalow: Detached,185,184,1,1,0
S01009577,Whole house or bungalow: Semi-detached,57,57,0,0,0
S01009577,Whole house or bungalow: Terraced (including end-terrace),11,11,0,0,0
S01009577,Flat maisonette or apartment or mobile/temporary accommodation,1,1,0,0,0
S01009578,All household spaces,316,312,4,0,4
S01009578,Whole house or bungalow: Total,299,297,2,0,2
S01009578,Whole house or bungalow: Detached,32,32,0,0,0
S01009578,Whole house or bungalow: Semi-detached,53,53,0,0,0
S01009578,Whole house or bungalow: Terraced (including end-terrace),214,212,2,0,2
S01009578,Flat maisonette or apartment or mobile/temporary accommodation,17,15,2,0,2
S01009579,All household spaces,450,443,7,0,7
S01009579,Whole house or bungalow: Total,328,325,3,0,3
S01009579,Whole house or bungalow: Detached,198,195,3,0,3
S01009579,Whole house or bungalow: Semi-detached,103,103,0,0,0
S01009579,Whole house or bungalow: Terraced (including end-terrace),27,27,0,0,0
S01009579,Flat maisonette or apartment or mobile/temporary accommodation,122,118,4,0,4
S01009580,All household spaces,359,355,4,0,4
S01009580,Whole house or bungalow: Total,312,309,3,0,3
S01009580,Whole house or bungalow: Detached,130,128,2,0,2
S01009580,Whole house or bungalow: Semi-detached,130,129,1,0,1
S01009580,Whole house or bungalow: Terraced (including end-terrace),52,52,0,0,0
S01009580,Flat maisonette or apartment or mobile/temporary accommodation,47,46,1,0,1
S01009581,All household spaces,258,258,0,0,0
S01009581,Whole house or bungalow: Total,239,239,0,0,0
S01009581,Whole house or bungalow: Detached,35,35,0,0,0
S01009581,Whole house or bungalow: Semi-detached,24,24,0,0,0
S01009581,Whole house or bungalow: Terraced (including end-terrace),180,180,0,0,0
S01009581,Flat maisonette or apartment or mobile/temporary accommodation,19,19,0,0,0
S01009582,All household spaces,242,240,2,0,2
S01009582,Whole house or bungalow: Total,241,239,2,0,2
S01009582,Whole house or bungalow: Detached,8,8,0,0,0
S01009582,Whole house or bungalow: Semi-detached,29,29,0,0,0
S01009582,Whole house or bungalow: Terraced (including end-terrace),204,202,2,0,2
S01009582,Flat maisonette or apartment or mobile/temporary accommodation,1,1,0,0,0
S01009583,All household spaces,353,336,17,15,2
S01009583,Whole house or bungalow: Total,327,310,17,15,2
S01009583,Whole house or bungalow: Detached,11,11,0,0,0
S01009583,Whole house or bungalow: Semi-detached,20,20,0,0,0
S01009583,Whole house or bungalow: Terraced (including end-terrace),296,279,17,15,2
S01009583,Flat maisonette or apartment or mobile/temporary accommodation,26,26,0,0,0
S01009584,All household spaces,222,219,3,1,2
S01009584,Whole house or bungalow: Total,207,207,0,0,0
S01009584,Whole house or bungalow: Detached,127,127,0,0,0
S01009584,Whole house or bungalow: Semi-detached,37,37,0,0,0
S01009584,Whole house or bungalow: Terraced (including end-terrace),43,43,0,0,0
S01009584,Flat maisonette or apartment or mobile/temporary accommodation,15,12,3,1,2
S01009585,All household spaces,420,408,12,11,1
S01009585,Whole house or bungalow: Total,415,403,12,11,1
S01009585,Whole house or bungalow: Detached,24,24,0,0,0
S01009585,Whole house or bungalow: Semi-detached,33,33,0,0,0
S01009585,Whole house or bungalow: Terraced (including end-terrace),358,346,12,11,1
S01009585,Flat maisonette or apartment or mobile/temporary accommodation,5,5,0,0,0
S01009586,All household spaces,315,313,2,0,2
S01009586,Whole house or bungalow: Total,286,284,2,0,2
S01009586,Whole house or bungalow: Detached,86,85,1,0,1
S01009586,Whole house or bungalow: Semi-detached,30,30,0,0,0
S01009586,Whole house or bungalow: Terraced (including end-terrace),170,169,1,0,1
S01009586,Flat maisonette or apartment or mobile/temporary accommodation,29,29,0,0,0
S01009587,All household spaces,378,370,8,0,8
S01009587,Whole house or bungalow: Total,287,283,4,0,4
S01009587,Whole house or bungalow: Detached,13,13,0,0,0
S01009587,Whole house or bungalow: Semi-detached,113,112,1,0,1
S01009587,Whole house or bungalow: Terraced (including end-terrace),161,158,3,0,3
S01009587,Flat maisonette or apartment or mobile/temporary accommodation,91,87,4,0,4
S01009588,All household spaces,448,436,12,0,12
S01009588,Whole house or bungalow: Total,400,390,10,0,10
S01009588,Whole house or bungalow: Detached,11,11,0,0,0
S01009588,Whole house or bungalow: Semi-detached,102,97,5,0,5
S01009588,Whole house or bungalow: Terraced (including end-terrace),287,282,5,0,5
S01009588,Flat maisonette or apartment or mobile/temporary accommodation,48,46,2,0,2
S01009589,All household spaces,361,356,5,0,5
S01009589,Whole house or bungalow: Total,348,343,5,0,5
S01009589,Whole house or bungalow: Detached,11,11,0,0,0
S01009589,Whole house or bungalow: Semi-detached,105,104,1,0,1
S01009589,Whole house or bungalow: Terraced (including end-terrace),232,228,4,0,4
S01009589,Flat maisonette or apartment or mobile/temporary accommodation,13,13,0,0,0
S01009590,All household spaces,267,267,0,0,0
S01009590,Whole house or bungalow: Total,265,265,0,0,0
S01009590,Whole house or bungalow: Detached,175,175,0,0,0
S01009590,Whole house or bungalow: Semi-detached,70,70,0,0,0
S01009590,Whole house or bungalow: Terraced (including end-terrace),20,20,0,0,0
S01009590,Flat maisonette or apartment or mobile/temporary accommodation,2,2,0,0,0
S01009591,All household spaces,308,307,1,0,1
S01009591,Whole house or bungalow: Total,259,258,1,0,1
S01009591,Whole house or bungalow: Detached,137,137,0,0,0
S01009591,Whole house or bungalow: Semi-detached,117,116,1,0,1
S01009591,Whole house or bungalow: Terraced (including end-terrace),5,5,0,0,0
S01009591,Flat maisonette or apartment or mobile/temporary accommodation,49,49,0,0,0
S01009592,All household spaces,246,246,0,0,0
S01009592,Whole house or bungalow: Total,244,244,0,0,0
S01009592,Whole house or bungalow: Detached,199,199,0,0,0
S01009592,Whole house or bungalow: Semi-detached,35,35,0,0,0
S01009592,Whole house or bungalow: Terraced (including end-terrace),10,10,0,0,0
S01009592,Flat maisonette or apartment or mobile/temporary accommodation,2,2,0,0,0
S01009593,All household spaces,223,223,0,0,0
S01009593,Whole house or bungalow: Total,218,218,0,0,0
S01009593,Whole house or bungalow: Detached,200,200,0,0,0
S01009593,Whole house or bungalow: Semi-detached,16,16,0,0,0
S01009593,Whole house or bungalow: Terraced (including end-terrace),2,2,0,0,0
S01009593,Flat maisonette or apartment or mobile/temporary accommodation,5,5,0,0,0
S01009594,All household spaces,265,263,2,0,2
S01009594,Whole house or bungalow: Total,256,254,2,0,2
S01009594,Whole house or bungalow: Detached,160,159,1,0,1
S01009594,Whole house or bungalow: Semi-detached,93,92,1,0,1
S01009594,Whole house or bungalow: Terraced (including end-terrace),3,3,0,0,0
S01009594,Flat maisonette or apartment or mobile/temporary accommodation,9,9,0,0,0
S01009595,All household spaces,175,174,1,0,1
S01009595,Whole house or bungalow: Total,169,168,1,0,1
S01009595,Whole house or bungalow: Detached,152,151,1,0,1
S01009595,Whole house or bungalow: Semi-detached,12,12,0,0,0
S01009595,Whole house or bungalow: Terraced (including end-terrace),5,5,0,0,0
S01009595,Flat maisonette or apartment or mobile/temporary accommodation,6,6,0,0,0
S01009596,All household spaces,360,355,5,1,4
S01009596,Whole house or bungalow: Total,337,332,5,1,4
S01009596,Whole house or bungalow: Detached,13,13,0,0,0
S01009596,Whole house or bungalow: Semi-detached,85,84,1,0,1
S01009596,Whole house or bungalow: Terraced (including end-terrace),239,235,4,1,3
S01009596,Flat maisonette or apartment or mobile/temporary accommodation,23,23,0,0,0
S01009597,All household spaces,367,361,6,0,6
S01009597,Whole house or bungalow: Total,350,344,6,0,6
S01009597,Whole house or bungalow: Detached,14,14,0,0,0
S01009597,Whole house or bungalow: Semi-detached,56,56,0,0,0
S01009597,Whole house or bungalow: Terraced (including end-terrace),280,274,6,0,6
S01009597,Flat maisonette or apartment or mobile/temporary accommodation,17,17,0,0,0
S01009598,All household spaces,308,303,5,0,5
S01009598,Whole house or bungalow: Total,237,234,3,0,3
S01009598,Whole house or bungalow: Detached,25,25,0,0,0
S01009598,Whole house or bungalow: Semi-detached,93,91,2,0,2
S01009598,Whole house or bungalow: Terraced (including end-terrace),119,118,1,0,1
S01009598,Flat maisonette or apartment or mobile/temporary accommodation,71,69,2,0,2
S01009599,All household spaces,418,403,15,0,15
S01009599,Whole house or bungalow: Total,387,374,13,0,13
S01009599,Whole house or bungalow: Detached,27,27,0,0,0
S01009599,Whole house or bungalow: Semi-detached,49,49,0,0,0
S01009599,Whole house or bungalow: Terraced (including end-terrace),311,298,13,0,13
S01009599,Flat maisonette or apartment or mobile/temporary accommodation,31,29,2,0,2
S01009600,All household spaces,337,330,7,0,7
S01009600,Whole house or bungalow: Total,236,230,6,0,6
S01009600,Whole house or bungalow: Detached,15,15,0,0,0
S01009600,Whole house or bungalow: Semi-detached,47,47,0,0,0
S01009600,Whole house or bungalow: Terraced (including end-terrace),174,168,6,0,6
S01009600,Flat maisonette or apartment or mobile/temporary accommodation,101,100,1,0,1
S01009601,All household spaces,309,296,13,8,5
S01009601,Whole house or bungalow: Total,259,246,13,8,5
S01009601,Whole house or bungalow: Detached,12,12,0,0,0
S01009601,Whole house or bungalow: Semi-detached,60,59,1,0,1
S01009601,Whole house or bungalow: Terraced (including end-terrace),187,175,12,8,4
S01009601,Flat maisonette or apartment or mobile/temporary accommodation,50,50,0,0,0
S01009602,All household spaces,292,291,1,0,1
S01009602,Whole house or bungalow: Total,288,287,1,0,1
S01009602,Whole house or bungalow: Detached,177,176,1,0,1
S01009602,Whole house or bungalow: Semi-detached,99,99,0,0,0
S01009602,Whole house or bungalow: Terraced (including end-terrace),12,12,0,0,0
S01009602,Flat maisonette or apartment or mobile/temporary accommodation,4,4,0,0,0
S01009603,All household spaces,235,234,1,0,1
S01009603,Whole house or bungalow: Total,216,215,1,0,1
S01009603,Whole house or bungalow: Detached,174,173,1,0,1
S01009603,Whole house or bungalow: Semi-detached,17,17,0,0,0
S01009603,Whole house or bungalow: Terraced (including end-terrace),25,25,0,0,0
S01009603,Flat maisonette or apartment or mobile/temporary accommodation,19,19,0,0,0
S01009604,All household spaces,383,377,6,1,5
S01009604,Whole house or bungalow: Total,369,363,6,1,5
S01009604,Whole house or bungalow: Detached,86,86,0,0,0
S01009604,Whole house or bungalow: Semi-detached,121,121,0,0,0
S01009604,Whole house or bungalow: Terraced (including end-terrace),162,156,6,1,5
S01009604,Flat maisonette or apartment or mobile/temporary accommodation,14,14,0,0,0
S01009605,All household spaces,357,348,9,0,9
S01009605,Whole house or bungalow: Total,294,288,6,0,6
S01009605,Whole house or bungalow: Detached,77,75,2,0,2
S01009605,Whole house or bungalow: Semi-detached,100,100,0,0,0
S01009605,Whole house or bungalow: Terraced (including end-terrace),117,113,4,0,4
S01009605,Flat maisonette or apartment or mobile/temporary accommodation,63,60,3,0,3
S01009606,All household spaces,223,218,5,1,4
S01009606,Whole house or bungalow: Total,213,208,5,1,4
S01009606,Whole house or bungalow: Detached,169,165,4,1,3
S01009606,Whole house or bungalow: Semi-detached,11,11,0,0,0
S01009606,Whole house or bungalow: Terraced (including end-terrace),33,32,1,0,1
S01009606,Flat maisonette or apartment or mobile/temporary accommodation,10,10,0,0,0
S01009607,All household spaces,214,208,6,0,6
S01009607,Whole house or bungalow: Total,204,199,5,0,5
S01009607,Whole house or bungalow: Detached,136,134,2,0,2
S01009607,Whole house or bungalow: Semi-detached,54,51,3,0,3
S01009607,Whole house or bungalow: Terraced (including end-terrace),14,14,0,0,0
S01009607,Flat maisonette or apartment or mobile/temporary accommodation,10,9,1,0,1
S01009608,All household spaces,294,287,7,1,6
S01009608,Whole house or bungalow: Total,155,152,3,1,2
S01009608,Whole house or bungalow: Detached,32,32,0,0,0
S01009608,Whole house or bungalow: Semi-detached,79,79,0,0,0
S01009608,Whole house or bungalow: Terraced (including end-terrace),44,41,3,1,2
S01009608,Flat maisonette or apartment or mobile/temporary accommodation,139,135,4,0,4
S01009609,All household spaces,379,358,21,3,18
S01009609,Whole house or bungalow: Total,289,275,14,3,11
S01009609,Whole house or bungalow: Detached,121,118,3,1,2
S01009609,Whole house or bungalow: Semi-detached,102,97,5,0,5
S01009609,Whole house or bungalow: Terraced (including end-terrace),66,60,6,2,4
S01009609,Flat maisonette or apartment or mobile/temporary accommodation,90,83,7,0,7
S01009610,All household spaces,511,500,11,1,10
S01009610,Whole house or bungalow: Total,329,322,7,1,6
S01009610,Whole house or bungalow: Detached,128,125,3,0,3
S01009610,Whole house or bungalow: Semi-detached,117,117,0,0,0
S01009610,Whole house or bungalow: Terraced (including end-terrace),84,80,4,1,3
S01009610,Flat maisonette or apartment or mobile/temporary accommodation,182,178,4,0,4
S01009611,All household spaces,230,218,12,0,12
S01009611,Whole house or bungalow: Total,227,215,12,0,12
S01009611,Whole house or bungalow: Detached,163,151,12,0,12
S01009611,Whole house or bungalow: Semi-detached,49,49,0,0,0
S01009611,Whole house or bungalow: Terraced (including end-terrace),15,15,0,0,0
S01009611,Flat maisonette or apartment or mobile/temporary accommodation,3,3,0,0,0
S01009612,All household spaces,280,272,8,0,8
S01009612,Whole house or bungalow: Total,207,202,5,0,5
S01009612,Whole house or bungalow: Detached,46,45,1,0,1
S01009612,Whole house or bungalow: Semi-detached,69,67,2,0,2
S01009612,Whole house or bungalow: Terraced (including end-terrace),92,90,2,0,2
S01009612,Flat maisonette or apartment or mobile/temporary accommodation,73,70,3,0,3
S01009613,All household spaces,183,181,2,0,2
S01009613,Whole house or bungalow: Total,172,170,2,0,2
S01009613,Whole house or bungalow: Detached,97,96,1,0,1
S01009613,Whole house or bungalow: Semi-detached,41,41,0,0,0
S01009613,Whole house or bungalow: Terraced (including end-terrace),34,33,1,0,1
S01009613,Flat maisonette or apartment or mobile/temporary accommodation,11,11,0,0,0
S01009614,All household spaces,228,223,5,0,5
S01009614,Whole house or bungalow: Total,199,194,5,0,5
S01009614,Whole house or bungalow: Detached,113,110,3,0,3
S01009614,Whole house or bungalow: Semi-detached,43,43,0,0,0
S01009614,Whole house or bungalow: Terraced (including end-terrace),43,41,2,0,2
S01009614,Flat maisonette or apartment or mobile/temporary accommodation,29,29,0,0,0
S01009615,All household spaces,178,174,4,0,4
S01009615,Whole house or bungalow: Total,153,150,3,0,3
S01009615,Whole house or bungalow: Detached,82,81,1,0,1
S01009615,Whole house or bungalow: Semi-detached,43,43,0,0,0
S01009615,Whole house or bungalow: Terraced (including end-terrace),28,26,2,0,2
S01009615,Flat maisonette or apartment or mobile/temporary accommodation,25,24,1,0,1
S01009616,All household spaces,334,324,10,0,10
S01009616,Whole house or bungalow: Total,233,228,5,0,5
S01009616,Whole house or bungalow: Detached,97,94,3,0,3
S01009616,Whole house or bungalow: Semi-detached,105,105,0,0,0
S01009616,Whole house or bungalow: Terraced (including end-terrace),31,29,2,0,2
S01009616,Flat maisonette or apartment or mobile/temporary accommodation,101,96,5,0,5
S01009617,All household spaces,314,297,17,3,14
S01009617,Whole house or bungalow: Total,265,254,11,3,8
S01009617,Whole house or bungalow: Detached,173,167,6,0,6
S01009617,Whole house or bungalow: Semi-detached,67,65,2,0,2
S01009617,Whole house or bungalow: Terraced (including end-terrace),25,22,3,3,0
S01009617,Flat maisonette or apartment or mobile/temporary accommodation,49,43,6,0,6
S01009618,All household spaces,377,333,44,40,4
S01009618,Whole house or bungalow: Total,232,194,38,35,3
S01009618,Whole house or bungalow: Detached,34,34,0,0,0
S01009618,Whole house or bungalow: Semi-detached,94,86,8,7,1
S01009618,Whole house or bungalow: Terraced (including end-terrace),104,74,30,28,2
S01009618,Flat maisonette or apartment or mobile/temporary accommodation,145,139,6,5,1
S01009619,All household spaces,309,302,7,2,5
S01009619,Whole house or bungalow: Total,179,175,4,1,3
S01009619,Whole house or bungalow: Detached,19,18,1,0,1
S01009619,Whole house or bungalow: Semi-detached,99,97,2,0,2
S01009619,Whole house or bungalow: Terraced (including end-terrace),61,60,1,1,0
S01009619,Flat maisonette or apartment or mobile/temporary accommodation,130,127,3,1,2
S01009620,All household spaces,423,391,32,32,0
S01009620,Whole house or bungalow: Total,204,196,8,8,0
S01009620,Whole house or bungalow: Detached,15,15,0,0,0
S01009620,Whole house or bungalow: Semi-detached,166,159,7,7,0
S01009620,Whole house or bungalow: Terraced (including end-terrace),23,22,1,1,0
S01009620,Flat maisonette or apartment or mobile/temporary accommodation,219,195,24,24,0
S01009621,All household spaces,452,394,58,34,24
S01009621,Whole house or bungalow: Total,269,247,22,17,5
S01009621,Whole house or bungalow: Detached,41,39,2,1,1
S01009621,Whole house or bungalow: Semi-detached,139,136,3,3,0
S01009621,Whole house or bungalow: Terraced (including end-terrace),89,72,17,13,4
S01009621,Flat maisonette or apartment or mobile/temporary accommodation,183,147,36,17,19
S01009622,All household spaces,463,394,69,61,8
S01009622,Whole house or bungalow: Total,117,111,6,5,1
S01009622,Whole house or bungalow: Detached,20,19,1,1,0
S01009622,Whole house or bungalow: Semi-detached,55,55,0,0,0
S01009622,Whole house or bungalow: Terraced (including end-terrace),42,37,5,4,1
S01009622,Flat maisonette or apartment or mobile/temporary accommodation,346,283,63,56,7
S01009623,All household spaces,255,243,12,8,4
S01009623,Whole house or bungalow: Total,154,147,7,5,2
S01009623,Whole house or bungalow: Detached,13,12,1,0,1
S01009623,Whole house or bungalow: Semi-detached,80,80,0,0,0
S01009623,Whole house or bungalow: Terraced (including end-terrace),61,55,6,5,1
S01009623,Flat maisonette or apartment or mobile/temporary accommodation,101,96,5,3,2
S01009624,All household spaces,428,408,20,12,8
S01009624,Whole house or bungalow: Total,383,364,19,12,7
S01009624,Whole house or bungalow: Detached,23,22,1,1,0
S01009624,Whole house or bungalow: Semi-detached,137,137,0,0,0
S01009624,Whole house or bungalow: Terraced (including end-terrace),223,205,18,11,7
S01009624,Flat maisonette or apartment or mobile/temporary accommodation,45,44,1,0,1
S01009625,All household spaces,392,378,14,9,5
S01009625,Whole house or bungalow: Total,375,361,14,9,5
S01009625,Whole house or bungalow: Detached,10,10,0,0,0
S01009625,Whole house or bungalow: Semi-detached,159,156,3,0,3
S01009625,Whole house or bungalow: Terraced (including end-terrace),206,195,11,9,2
S01009625,Flat maisonette or apartment or mobile/temporary accommodation,17,17,0,0,0
S01009626,All household spaces,244,231,13,7,6
S01009626,Whole house or bungalow: Total,199,189,10,7,3
S01009626,Whole house or bungalow: Detached,10,10,0,0,0
S01009626,Whole house or bungalow: Semi-detached,154,147,7,4,3
S01009626,Whole house or bungalow: Terraced (including end-terrace),35,32,3,3,0
S01009626,Flat maisonette or apartment or mobile/temporary accommodation,45,42,3,0,3
S01009627,All household spaces,353,342,11,7,4
S01009627,Whole house or bungalow: Total,264,255,9,7,2
S01009627,Whole house or bungalow: Detached,13,13,0,0,0
S01009627,Whole house or bungalow: Semi-detached,181,177,4,2,2
S01009627,Whole house or bungalow: Terraced (including end-terrace),70,65,5,5,0
S01009627,Flat maisonette or apartment or mobile/temporary accommodation,89,87,2,0,2
S01009628,All household spaces,276,265,11,11,0
S01009628,Whole house or bungalow: Total,256,245,11,11,0
S01009628,Whole house or bungalow: Detached,77,74,3,3,0
S01009628,Whole house or bungalow: Semi-detached,88,87,1,1,0
S01009628,Whole house or bungalow: Terraced (including end-terrace),91,84,7,7,0
S01009628,Flat maisonette or apartment or mobile/temporary accommodation,20,20,0,0,0
S01009629,All household spaces,447,435,12,2,10
S01009629,Whole house or bungalow: Total,365,358,7,2,5
S01009629,Whole house or bungalow: Detached,22,22,0,0,0
S01009629,Whole house or bungalow: Semi-detached,203,202,1,0,1
S01009629,Whole house or bungalow: Terraced (including end-terrace),140,134,6,2,4
S01009629,Flat maisonette or apartment or mobile/temporary accommodation,82,77,5,0,5
S01009630,All household spaces,350,343,7,0,7
S01009630,Whole house or bungalow: Total,273,270,3,0,3
S01009630,Whole house or bungalow: Detached,10,10,0,0,0
S01009630,Whole house or bungalow: Semi-detached,155,153,2,0,2
S01009630,Whole house or bungalow: Terraced (including end-terrace),108,107,1,0,1
S01009630,Flat maisonette or apartment or mobile/temporary accommodation,77,73,4,0,4
S01009631,All household spaces,429,406,23,8,15
S01009631,Whole house or bungalow: Total,154,147,7,3,4
S01009631,Whole house or bungalow: Detached,16,14,2,1,1
S01009631,Whole house or bungalow: Semi-detached,39,38,1,1,0
S01009631,Whole house or bungalow: Terraced (including end-terrace),99,95,4,1,3
S01009631,Flat maisonette or apartment or mobile/temporary accommodation,275,259,16,5,11
S01009632,All household spaces,340,306,34,6,28
S01009632,Whole house or bungalow: Total,81,77,4,0,4
S01009632,Whole house or bungalow: Detached,22,22,0,0,0
S01009632,Whole house or bungalow: Semi-detached,50,46,4,0,4
S01009632,Whole house or bungalow: Terraced (including end-terrace),9,9,0,0,0
S01009632,Flat maisonette or apartment or mobile/temporary accommodation,259,229,30,6,24
S01009633,All household spaces,331,297,34,17,17
S01009633,Whole house or bungalow: Total,74,73,1,1,0
S01009633,Whole house or bungalow: Detached,18,17,1,1,0
S01009633,Whole house or bungalow: Semi-detached,40,40,0,0,0
S01009633,Whole house or bungalow: Terraced (including end-terrace),16,16,0,0,0
S01009633,Flat maisonette or apartment or mobile/temporary accommodation,257,224,33,16,17
S01009634,All household spaces,267,253,14,9,5
S01009634,Whole house or bungalow: Total,177,171,6,4,2
S01009634,Whole house or bungalow: Detached,10,10,0,0,0
S01009634,Whole house or bungalow: Semi-detached,80,77,3,1,2
S01009634,Whole house or bungalow: Terraced (including end-terrace),87,84,3,3,0
S01009634,Flat maisonette or apartment or mobile/temporary accommodation,90,82,8,5,3
S01009635,All household spaces,441,414,27,3,24
S01009635,Whole house or bungalow: Total,300,290,10,3,7
S01009635,Whole house or bungalow: Detached,16,15,1,0,1
S01009635,Whole house or bungalow: Semi-detached,92,85,7,3,4
S01009635,Whole house or bungalow: Terraced (including end-terrace),192,190,2,0,2
S01009635,Flat maisonette or apartment or mobile/temporary accommodation,141,124,17,0,17
S01009636,All household spaces,574,521,53,0,53
S01009636,Whole house or bungalow: Total,105,103,2,0,2
S01009636,Whole house or bungalow: Detached,19,19,0,0,0
S01009636,Whole house or bungalow: Semi-detached,46,46,0,0,0
S01009636,Whole house or bungalow: Terraced (including end-terrace),40,38,2,0,2
S01009636,Flat maisonette or apartment or mobile/temporary accommodation,469,418,51,0,51
S01009637,All household spaces,362,340,22,5,17
S01009637,Whole house or bungalow: Total,187,179,8,2,6
S01009637,Whole house or bungalow: Detached,23,22,1,1,0
S01009637,Whole house or bungalow: Semi-detached,117,113,4,1,3
S01009637,Whole house or bungalow: Terraced (including end-terrace),47,44,3,0,3
S01009637,Flat maisonette or apartment or mobile/temporary accommodation,175,161,14,3,11
S01009638,All household spaces,301,292,9,0,9
S01009638,Whole house or bungalow: Total,143,135,8,0,8
S01009638,Whole house or bungalow: Detached,30,30,0,0,0
S01009638,Whole house or bungalow: Semi-detached,93,89,4,0,4
S01009638,Whole house or bungalow: Terraced (including end-terrace),20,16,4,0,4
S01009638,Flat maisonette or apartment or mobile/temporary accommodation,158,157,1,0,1
S01009639,All household spaces,351,325,26,17,9
S01009639,Whole house or bungalow: Total,273,257,16,10,6
S01009639,Whole house or bungalow: Detached,96,90,6,4,2
S01009639,Whole house or bungalow: Semi-detached,156,146,10,6,4
S01009639,Whole house or bungalow: Terraced (including end-terrace),21,21,0,0,0
S01009639,Flat maisonette or apartment or mobile/temporary accommodation,78,68,10,7,3
S01009640,All household spaces,388,363,25,12,13
S01009640,Whole house or bungalow: Total,118,115,3,1,2
S01009640,Whole house or bungalow: Detached,8,7,1,1,0
S01009640,Whole house or bungalow: Semi-detached,103,101,2,0,2
S01009640,Whole house or bungalow: Terraced (including end-terrace),7,7,0,0,0
S01009640,Flat maisonette or apartment or mobile/temporary accommodation,270,248,22,11,11
S01009641,All household spaces,524,479,45,20,25
S01009641,Whole house or bungalow: Total,213,202,11,5,6
S01009641,Whole house or bungalow: Detached,32,32,0,0,0
S01009641,Whole house or bungalow: Semi-detached,97,90,7,5,2
S01009641,Whole house or bungalow: Terraced (including end-terrace),84,80,4,0,4
S01009641,Flat maisonette or apartment or mobile/temporary accommodation,311,277,34,15,19
S01009642,All household spaces,531,482,49,30,19
S01009642,Whole house or bungalow: Total,197,181,16,9,7
S01009642,Whole house or bungalow: Detached,47,44,3,2,1
S01009642,Whole house or bungalow: Semi-detached,80,77,3,2,1
S01009642,Whole house or bungalow: Terraced (including end-terrace),70,60,10,5,5
S01009642,Flat maisonette or apartment or mobile/temporary accommodation,334,301,33,21,12
S01009643,All household spaces,228,218,10,0,10
S01009643,Whole house or bungalow: Total,195,189,6,0,6
S01009643,Whole house or bungalow: Detached,113,109,4,0,4
S01009643,Whole house or bungalow: Semi-detached,73,71,2,0,2
S01009643,Whole house or bungalow: Terraced (including end-terrace),9,9,0,0,0
S01009643,Flat maisonette or apartment or mobile/temporary accommodation,33,29,4,0,4
S01009644,All household spaces,353,339,14,2,12
S01009644,Whole house or bungalow: Total,317,303,14,2,12
S01009644,Whole house or bungalow: Detached,84,82,2,1,1
S01009644,Whole house or bungalow: Semi-detached,88,82,6,1,5
S01009644,Whole house or bungalow: Terraced (including end-terrace),145,139,6,0,6
S01009644,Flat maisonette or apartment or mobile/temporary accommodation,36,36,0,0,0
S01009645,All household spaces,311,301,10,4,6
S01009645,Whole house or bungalow: Total,191,188,3,1,2
S01009645,Whole house or bungalow: Detached,23,23,0,0,0
S01009645,Whole house or bungalow: Semi-detached,119,117,2,1,1
S01009645,Whole house or bungalow: Terraced (including end-terrace),49,48,1,0,1
S01009645,Flat maisonette or apartment or mobile/temporary accommodation,120,113,7,3,4
S01009646,All household spaces,254,244,10,5,5
S01009646,Whole house or bungalow: Total,209,203,6,2,4
S01009646,Whole house or bungalow: Detached,13,12,1,1,0
S01009646,Whole house or bungalow: Semi-detached,122,120,2,0,2
S01009646,Whole house or bungalow: Terraced (including end-terrace),74,71,3,1,2
S01009646,Flat maisonette or apartment or mobile/temporary accommodation,45,41,4,3,1
S01009647,All household spaces,340,318,22,8,14
S01009647,Whole house or bungalow: Total,108,107,1,0,1
S01009647,Whole house or bungalow: Detached,27,27,0,0,0
S01009647,Whole house or bungalow: Semi-detached,62,61,1,0,1
S01009647,Whole house or bungalow: Terraced (including end-terrace),19,19,0,0,0
S01009647,Flat maisonette or apartment or mobile/temporary accommodation,232,211,21,8,13
S01009648,All household spaces,401,394,7,5,2
S01009648,Whole house or bungalow: Total,352,349,3,2,1
S01009648,Whole house or bungalow: Detached,20,20,0,0,0
S01009648,Whole house or bungalow: Semi-detached,210,208,2,1,1
S01009648,Whole house or bungalow: Terraced (including end-terrace),122,121,1,1,0
S01009648,Flat maisonette or apartment or mobile/temporary accommodation,49,45,4,3,1
S01009649,All household spaces,462,451,11,9,2
S01009649,Whole house or bungalow: Total,339,328,11,9,2
S01009649,Whole house or bungalow: Detached,133,131,2,1,1
S01009649,Whole house or bungalow: Semi-detached,126,125,1,0,1
S01009649,Whole house or bungalow: Terraced (including end-terrace),80,72,8,8,0
S01009649,Flat maisonette or apartment or mobile/temporary accommodation,123,123,0,0,0
S01009650,All household spaces,351,343,8,0,8
S01009650,Whole house or bungalow: Total,336,330,6,0,6
S01009650,Whole house or bungalow: Detached,215,211,4,0,4
S01009650,Whole house or bungalow: Semi-detached,113,111,2,0,2
S01009650,Whole house or bungalow: Terraced (including end-terrace),8,8,0,0,0
S01009650,Flat maisonette or apartment or mobile/temporary accommodation,15,13,2,0,2
S01009651,All household spaces,457,427,30,18,12
S01009651,Whole house or bungalow: Total,409,388,21,14,7
S01009651,Whole house or bungalow: Detached,215,206,9,4,5
S01009651,Whole house or bungalow: Semi-detached,124,118,6,5,1
S01009651,Whole house or bungalow: Terraced (including end-terrace),70,64,6,5,1
S01009651,Flat maisonette or apartment or mobile/temporary accommodation,48,39,9,4,5
S01009652,All household spaces,501,399,102,79,23
S01009652,Whole house or bungalow: Total,369,303,66,48,18
S01009652,Whole house or bungalow: Detached,136,113,23,17,6
S01009652,Whole house or bungalow: Semi-detached,138,124,14,10,4
S01009652,Whole house or bungalow: Terraced (including end-terrace),95,66,29,21,8
S01009652,Flat maisonette or apartment or mobile/temporary accommodation,132,96,36,31,5
S01009653,All household spaces,243,229,14,9,5
S01009653,Whole house or bungalow: Total,226,214,12,8,4
S01009653,Whole house or bungalow: Detached,153,147,6,5,1
S01009653,Whole house or bungalow: Semi-detached,64,58,6,3,3
S01009653,Whole house or bungalow: Terraced (including end-terrace),9,9,0,0,0
S01009653,Flat maisonette or apartment or mobile/temporary accommodation,17,15,2,1,1
S01009654,All household spaces,363,274,89,81,8
S01009654,Whole house or bungalow: Total,260,209,51,44,7
S01009654,Whole house or bungalow: Detached,81,66,15,11,4
S01009654,Whole house or bungalow: Semi-detached,96,85,11,10,1
S01009654,Whole house or bungalow: Terraced (including end-terrace),83,58,25,23,2
S01009654,Flat maisonette or apartment or mobile/temporary accommodation,103,65,38,37,1
S01009655,All household spaces,356,351,5,3,2
S01009655,Whole house or bungalow: Total,352,347,5,3,2
S01009655,Whole house or bungalow: Detached,11,11,0,0,0
S01009655,Whole house or bungalow: Semi-detached,245,242,3,1,2
S01009655,Whole house or bungalow: Terraced (including end-terrace),96,94,2,2,0
S01009655,Flat maisonette or apartment or mobile/temporary accommodation,4,4,0,0,0
S01009656,All household spaces,406,387,19,7,12
S01009656,Whole house or bungalow: Total,268,265,3,0,3
S01009656,Whole house or bungalow: Detached,27,27,0,0,0
S01009656,Whole house or bungalow: Semi-detached,194,192,2,0,2
S01009656,Whole house or bungalow: Terraced (including end-terrace),47,46,1,0,1
S01009656,Flat maisonette or apartment or mobile/temporary accommodation,138,122,16,7,9
S01009657,All household spaces,341,332,9,2,7
S01009657,Whole house or bungalow: Total,274,267,7,2,5
S01009657,Whole house or bungalow: Detached,107,102,5,2,3
S01009657,Whole house or bungalow: Semi-detached,139,137,2,0,2
S01009657,Whole house or bungalow: Terraced (including end-terrace),28,28,0,0,0
S01009657,Flat maisonette or apartment or mobile/temporary accommodation,67,65,2,0,2
S01009658,All household spaces,297,286,11,3,8
S01009658,Whole house or bungalow: Total,283,272,11,3,8
S01009658,Whole house or bungalow: Detached,29,29,0,0,0
S01009658,Whole house or bungalow: Semi-detached,75,72,3,0,3
S01009658,Whole house or bungalow: Terraced (including end-terrace),179,171,8,3,5
S01009658,Flat maisonette or apartment or mobile/temporary accommodation,14,14,0,0,0
S01009659,All household spaces,248,230,18,8,10
S01009659,Whole house or bungalow: Total,172,166,6,1,5
S01009659,Whole house or bungalow: Detached,58,56,2,1,1
S01009659,Whole house or bungalow: Semi-detached,67,66,1,0,1
S01009659,Whole house or bungalow: Terraced (including end-terrace),47,44,3,0,3
S01009659,Flat maisonette or apartment or mobile/temporary accommodation,76,64,12,7,5
S01009660,All household spaces,445,430,15,0,15
S01009660,Whole house or bungalow: Total,434,419,15,0,15
S01009660,Whole house or bungalow: Detached,163,153,10,0,10
S01009660,Whole house or bungalow: Semi-detached,106,106,0,0,0
S01009660,Whole house or bungalow: Terraced (including end-terrace),165,160,5,0,5
S01009660,Flat maisonette or apartment or mobile/temporary accommodation,11,11,0,0,0
S01009661,All household spaces,350,331,19,4,15
S01009661,Whole house or bungalow: Total,334,317,17,3,14
S01009661,Whole house or bungalow: Detached,239,227,12,2,10
S01009661,Whole house or bungalow: Semi-detached,68,66,2,0,2
S01009661,Whole house or bungalow: Terraced (including end-terrace),27,24,3,1,2
S01009661,Flat maisonette or apartment or mobile/temporary accommodation,16,14,2,1,1
S01009662,All household spaces,300,292,8,2,6
S01009662,Whole house or bungalow: Total,279,271,8,2,6
S01009662,Whole house or bungalow: Detached,119,114,5,2,3
S01009662,Whole house or bungalow: Semi-detached,111,109,2,0,2
S01009662,Whole house or bungalow: Terraced (including end-terrace),49,48,1,0,1
S01009662,Flat maisonette or apartment or mobile/temporary accommodation,21,21,0,0,0
S01009663,All household spaces,297,281,16,0,16
S01009663,Whole house or bungalow: Total,265,250,15,0,15
S01009663,Whole house or bungalow: Detached,128,120,8,0,8
S01009663,Whole house or bungalow: Semi-detached,82,79,3,0,3
S01009663,Whole house or bungalow: Terraced (including end-terrace),55,51,4,0,4
S01009663,Flat maisonette or apartment or mobile/temporary accommodation,32,31,1,0,1
S01009664,All household spaces,404,377,27,6,21
S01009664,Whole house or bungalow: Total,352,333,19,3,16
S01009664,Whole house or bungalow: Detached,133,122,11,2,9
S01009664,Whole house or bungalow: Semi-detached,108,107,1,0,1
S01009664,Whole house or bungalow: Terraced (including end-terrace),111,104,7,1,6
S01009664,Flat maisonette or apartment or mobile/temporary accommodation,52,44,8,3,5
S01009665,All household spaces,297,293,4,0,4
S01009665,Whole house or bungalow: Total,232,228,4,0,4
S01009665,Whole house or bungalow: Detached,83,81,2,0,2
S01009665,Whole house or bungalow: Semi-detached,98,98,0,0,0
S01009665,Whole house or bungalow: Terraced (including end-terrace),51,49,2,0,2
S01009665,Flat maisonette or apartment or mobile/temporary accommodation,65,65,0,0,0
S01009666,All household spaces,352,342,10,2,8
S01009666,Whole house or bungalow: Total,240,237,3,1,2
S01009666,Whole house or bungalow: Detached,111,108,3,1,2
S01009666,Whole house or bungalow: Semi-detached,84,84,0,0,0
S01009666,Whole house or bungalow: Terraced (including end-terrace),45,45,0,0,0
S01009666,Flat maisonette or apartment or mobile/temporary accommodation,112,105,7,1,6
S01009667,All household spaces,235,223,12,6,6
S01009667,Whole house or bungalow: Total,223,213,10,6,4
S01009667,Whole house or bungalow: Detached,141,133,8,4,4
S01009667,Whole house or bungalow: Semi-detached,62,61,1,1,0
S01009667,Whole house or bungalow: Terraced (including end-terrace),20,19,1,1,0
S01009667,Flat maisonette or apartment or mobile/temporary accommodation,12,10,2,0,2
S01009668,All household spaces,258,243,15,3,12
S01009668,Whole house or bungalow: Total,197,184,13,3,10
S01009668,Whole house or bungalow: Detached,92,88,4,2,2
S01009668,Whole house or bungalow: Semi-detached,50,48,2,0,2
S01009668,Whole house or bungalow: Terraced (including end-terrace),55,48,7,1,6
S01009668,Flat maisonette or apartment or mobile/temporary accommodation,61,59,2,0,2
S01009669,All household spaces,248,240,8,3,5
S01009669,Whole house or bungalow: Total,243,235,8,3,5
S01009669,Whole house or bungalow: Detached,93,88,5,2,3
S01009669,Whole house or bungalow: Semi-detached,89,89,0,0,0
S01009669,Whole house or bungalow: Terraced (including end-terrace),61,58,3,1,2
S01009669,Flat maisonette or apartment or mobile/temporary accommodation,5,5,0,0,0
S01009670,All household spaces,358,340,18,4,14
S01009670,Whole house or bungalow: Total,306,289,17,4,13
S01009670,Whole house or bungalow: Detached,137,132,5,2,3
S01009670,Whole house or bungalow: Semi-detached,104,99,5,1,4
S01009670,Whole house or bungalow: Terraced (including end-terrace),65,58,7,1,6
S01009670,Flat maisonette or apartment or mobile/temporary accommodation,52,51,1,0,1
S01009671,All household spaces,289,262,27,9,18
S01009671,Whole house or bungalow: Total,265,240,25,8,17
S01009671,Whole house or bungalow: Detached,117,102,15,5,10
S01009671,Whole house or bungalow: Semi-detached,87,84,3,0,3
S01009671,Whole house or bungalow: Terraced (including end-terrace),61,54,7,3,4
S01009671,Flat maisonette or apartment or mobile/temporary accommodation,24,22,2,1,1
S01009672,All household spaces,362,355,7,3,4
S01009672,Whole house or bungalow: Total,329,322,7,3,4
S01009672,Whole house or bungalow: Detached,80,79,1,0,1
S01009672,Whole house or bungalow: Semi-detached,124,120,4,1,3
S01009672,Whole house or bungalow: Terraced (including end-terrace),125,123,2,2,0
S01009672,Flat maisonette or apartment or mobile/temporary accommodation,33,33,0,0,0
S01009673,All household spaces,369,351,18,5,13
S01009673,Whole house or bungalow: Total,274,263,11,3,8
S01009673,Whole house or bungalow: Detached,111,107,4,0,4
S01009673,Whole house or bungalow: Semi-detached,85,83,2,0,2
S01009673,Whole house or bungalow: Terraced (including end-terrace),78,73,5,3,2
S01009673,Flat maisonette or apartment or mobile/temporary accommodation,95,88,7,2,5
S01009674,All household spaces,412,392,20,6,14
S01009674,Whole house or bungalow: Total,374,354,20,6,14
S01009674,Whole house or bungalow: Detached,193,184,9,2,7
S01009674,Whole house or bungalow: Semi-detached,113,105,8,4,4
S01009674,Whole house or bungalow: Terraced (including end-terrace),68,65,3,0,3
S01009674,Flat maisonette or apartment or mobile/temporary accommodation,38,38,0,0,0
S01009675,All household spaces,399,379,20,2,18
S01009675,Whole house or bungalow: Total,367,351,16,2,14
S01009675,Whole house or bungalow: Detached,159,150,9,0,9
S01009675,Whole house or bungalow: Semi-detached,153,151,2,2,0
S01009675,Whole house or bungalow: Terraced (including end-terrace),55,50,5,0,5
S01009675,Flat maisonette or apartment or mobile/temporary accommodation,32,28,4,0,4
S01009676,All household spaces,382,356,26,4,22
S01009676,Whole house or bungalow: Total,324,301,23,4,19
S01009676,Whole house or bungalow: Detached,125,119,6,1,5
S01009676,Whole house or bungalow: Semi-detached,140,129,11,2,9
S01009676,Whole house or bungalow: Terraced (including end-terrace),59,53,6,1,5
S01009676,Flat maisonette or apartment or mobile/temporary accommodation,58,55,3,0,3
S01009677,All household spaces,285,268,17,6,11
S01009677,Whole house or bungalow: Total,275,258,17,6,11
S01009677,Whole house or bungalow: Detached,164,152,12,5,7
S01009677,Whole house or bungalow: Semi-detached,71,67,4,1,3
S01009677,Whole house or bungalow: Terraced (including end-terrace),40,39,1,0,1
S01009677,Flat maisonette or apartment or mobile/temporary accommodation,10,10,0,0,0
S01009678,All household spaces,282,273,9,6,3
S01009678,Whole house or bungalow: Total,244,236,8,6,2
S01009678,Whole house or bungalow: Detached,57,56,1,0,1
S01009678,Whole house or bungalow: Semi-detached,100,99,1,0,1
S01009678,Whole house or bungalow: Terraced (including end-terrace),87,81,6,6,0
S01009678,Flat maisonette or apartment or mobile/temporary accommodation,38,37,1,0,1
S01009679,All household spaces,479,434,45,21,24
S01009679,Whole house or bungalow: Total,290,254,36,19,17
S01009679,Whole house or bungalow: Detached,105,100,5,5,0
S01009679,Whole house or bungalow: Semi-detached,89,86,3,2,1
S01009679,Whole house or bungalow: Terraced (including end-terrace),96,68,28,12,16
S01009679,Flat maisonette or apartment or mobile/temporary accommodation,189,180,9,2,7
S01009680,All household spaces,369,356,13,4,9
S01009680,Whole house or bungalow: Total,280,269,11,3,8
S01009680,Whole house or bungalow: Detached,91,88,3,1,2
S01009680,Whole house or bungalow: Semi-detached,76,73,3,1,2
S01009680,Whole house or bungalow: Terraced (including end-terrace),113,108,5,1,4
S01009680,Flat maisonette or apartment or mobile/temporary accommodation,89,87,2,1,1
S01009681,All household spaces,249,245,4,1,3
S01009681,Whole house or bungalow: Total,234,231,3,0,3
S01009681,Whole house or bungalow: Detached,75,73,2,0,2
S01009681,Whole house or bungalow: Semi-detached,82,82,0,0,0
S01009681,Whole house or bungalow: Terraced (including end-terrace),77,76,1,0,1
S01009681,Flat maisonette or apartment or mobile/temporary accommodation,15,14,1,1,0
S01009682,All household spaces,278,278,0,0,0
S01009682,Whole house or bungalow: Total,231,231,0,0,0
S01009682,Whole house or bungalow: Detached,129,129,0,0,0
S01009682,Whole house or bungalow: Semi-detached,85,85,0,0,0
S01009682,Whole house or bungalow: Terraced (including end-terrace),17,17,0,0,0
S01009682,Flat maisonette or apartment or mobile/temporary accommodation,47,47,0,0,0
S01009683,All household spaces,369,364,5,0,5
S01009683,Whole house or bungalow: Total,290,289,1,0,1
S01009683,Whole house or bungalow: Detached,136,135,1,0,1
S01009683,Whole house or bungalow: Semi-detached,108,108,0,0,0
S01009683,Whole house or bungalow: Terraced (including end-terrace),46,46,0,0,0
S01009683,Flat maisonette or apartment or mobile/temporary accommodation,79,75,4,0,4
S01009684,All household spaces,418,395,23,6,17
S01009684,Whole house or bungalow: Total,383,371,12,0,12
S01009684,Whole house or bungalow: Detached,252,245,7,0,7
S01009684,Whole house or bungalow: Semi-detached,78,78,0,0,0
S01009684,Whole house or bungalow: Terraced (including end-terrace),53,48,5,0,5
S01009684,Flat maisonette or apartment or mobile/temporary accommodation,35,24,11,6,5
S01009685,All household spaces,273,264,9,0,9
S01009685,Whole house or bungalow: Total,260,251,9,0,9
S01009685,Whole house or bungalow: Detached,73,71,2,0,2
S01009685,Whole house or bungalow: Semi-detached,117,114,3,0,3
S01009685,Whole house or bungalow: Terraced (including end-terrace),70,66,4,0,4
S01009685,Flat maisonette or apartment or mobile/temporary accommodation,13,13,0,0,0
S01009686,All household spaces,565,544,21,2,19
S01009686,Whole house or bungalow: Total,331,322,9,1,8
S01009686,Whole house or bungalow: Detached,97,96,1,0,1
S01009686,Whole house or bungalow: Semi-detached,96,93,3,0,3
S01009686,Whole house or bungalow: Terraced (including end-terrace),138,133,5,1,4
S01009686,Flat maisonette or apartment or mobile/temporary accommodation,234,222,12,1,11
S01009687,All household spaces,304,299,5,0,5
S01009687,Whole house or bungalow: Total,287,282,5,0,5
S01009687,Whole house or bungalow: Detached,80,78,2,0,2
S01009687,Whole house or bungalow: Semi-detached,172,169,3,0,3
S01009687,Whole house or bungalow: Terraced (including end-terrace),35,35,0,0,0
S01009687,Flat maisonette or apartment or mobile/temporary accommodation,17,17,0,0,0
S01009688,All household spaces,463,456,7,0,7
S01009688,Whole house or bungalow: Total,170,168,2,0,2
S01009688,Whole house or bungalow: Detached,18,18,0,0,0
S01009688,Whole house or bungalow: Semi-detached,89,89,0,0,0
S01009688,Whole house or bungalow: Terraced (including end-terrace),63,61,2,0,2
S01009688,Flat maisonette or apartment or mobile/temporary accommodation,293,288,5,0,5
S01009689,All household spaces,356,333,23,3,20
S01009689,Whole house or bungalow: Total,153,148,5,0,5
S01009689,Whole house or bungalow: Detached,41,38,3,0,3
S01009689,Whole house or bungalow: Semi-detached,51,51,0,0,0
S01009689,Whole house or bungalow: Terraced (including end-terrace),61,59,2,0,2
S01009689,Flat maisonette or apartment or mobile/temporary accommodation,203,185,18,3,15
S01009690,All household spaces,361,347,14,1,13
S01009690,Whole house or bungalow: Total,265,256,9,1,8
S01009690,Whole house or bungalow: Detached,42,42,0,0,0
S01009690,Whole house or bungalow: Semi-detached,94,93,1,0,1
S01009690,Whole house or bungalow: Terraced (including end-terrace),129,121,8,1,7
S01009690,Flat maisonette or apartment or mobile/temporary accommodation,96,91,5,0,5
S01009691,All household spaces,275,260,15,2,13
S01009691,Whole house or bungalow: Total,202,198,4,0,4
S01009691,Whole house or bungalow: Detached,112,110,2,0,2
S01009691,Whole house or bungalow: Semi-detached,56,56,0,0,0
S01009691,Whole house or bungalow: Terraced (including end-terrace),34,32,2,0,2
S01009691,Flat maisonette or apartment or mobile/temporary accommodation,73,62,11,2,9
S01009692,All household spaces,499,484,15,3,12
S01009692,Whole house or bungalow: Total,463,450,13,2,11
S01009692,Whole house or bungalow: Detached,227,220,7,2,5
S01009692,Whole house or bungalow: Semi-detached,216,210,6,0,6
S01009692,Whole house or bungalow: Terraced (including end-terrace),20,20,0,0,0
S01009692,Flat maisonette or apartment or mobile/temporary accommodation,36,34,2,1,1
S01009693,All household spaces,260,252,8,0,8
S01009693,Whole house or bungalow: Total,257,249,8,0,8
S01009693,Whole house or bungalow: Detached,132,128,4,0,4
S01009693,Whole house or bungalow: Semi-detached,120,116,4,0,4
S01009693,Whole house or bungalow: Terraced (including end-terrace),5,5,0,0,0
S01009693,Flat maisonette or apartment or mobile/temporary accommodation,3,3,0,0,0
S01009694,All household spaces,461,453,8,0,8
S01009694,Whole house or bungalow: Total,435,428,7,0,7
S01009694,Whole house or bungalow: Detached,287,281,6,0,6
S01009694,Whole house or bungalow: Semi-detached,133,132,1,0,1
S01009694,Whole house or bungalow: Terraced (including end-terrace),15,15,0,0,0
S01009694,Flat maisonette or apartment or mobile/temporary accommodation,26,25,1,0,1
S01009695,All household spaces,298,278,20,9,11
S01009695,Whole house or bungalow: Total,277,257,20,9,11
S01009695,Whole house or bungalow: Detached,166,153,13,8,5
S01009695,Whole house or bungalow: Semi-detached,62,59,3,1,2
S01009695,Whole house or bungalow: Terraced (including end-terrace),49,45,4,0,4
S01009695,Flat maisonette or apartment or mobile/temporary accommodation,21,21,0,0,0
S01009696,All household spaces,459,443,16,7,9
S01009696,Whole house or bungalow: Total,444,429,15,7,8
S01009696,Whole house or bungalow: Detached,215,209,6,1,5
S01009696,Whole house or bungalow: Semi-detached,141,135,6,4,2
S01009696,Whole house or bungalow: Terraced (including end-terrace),88,85,3,2,1
S01009696,Flat maisonette or apartment or mobile/temporary accommodation,15,14,1,0,1
S01009697,All household spaces,334,314,20,9,11
S01009697,Whole house or bungalow: Total,327,309,18,8,10
S01009697,Whole house or bungalow: Detached,157,147,10,4,6
S01009697,Whole house or bungalow: Semi-detached,87,85,2,1,1
S01009697,Whole house or bungalow: Terraced (including end-terrace),83,77,6,3,3
S01009697,Flat maisonette or apartment or mobile/temporary accommodation,7,5,2,1,1
S01009698,All household spaces,258,232,26,16,10
S01009698,Whole house or bungalow: Total,251,225,26,16,10
S01009698,Whole house or bungalow: Detached,157,146,11,7,4
S01009698,Whole house or bungalow: Semi-detached,65,56,9,7,2
S01009698,Whole house or bungalow: Terraced (including end-terrace),29,23,6,2,4
S01009698,Flat maisonette or apartment or mobile/temporary accommodation,7,7,0,0,0
S01009699,All household spaces,383,236,147,136,11
S01009699,Whole house or bungalow: Total,322,213,109,101,8
S01009699,Whole house or bungalow: Detached,101,71,30,26,4
S01009699,Whole house or bungalow: Semi-detached,152,104,48,48,0
S01009699,Whole house or bungalow: Terraced (including end-terrace),69,38,31,27,4
S01009699,Flat maisonette or apartment or mobile/temporary accommodation,61,23,38,35,3
S01009700,All household spaces,332,297,35,18,17
S01009700,Whole house or bungalow: Total,291,258,33,17,16
S01009700,Whole house or bungalow: Detached,104,91,13,7,6
S01009700,Whole house or bungalow: Semi-detached,101,89,12,5,7
S01009700,Whole house or bungalow: Terraced (including end-terrace),86,78,8,5,3
S01009700,Flat maisonette or apartment or mobile/temporary accommodation,41,39,2,1,1
S01009701,All household spaces,591,229,362,357,5
S01009701,Whole house or bungalow: Total,458,175,283,280,3
S01009701,Whole house or bungalow: Detached,130,54,76,75,1
S01009701,Whole house or bungalow: Semi-detached,112,67,45,43,2
S01009701,Whole house or bungalow: Terraced (including end-terrace),216,54,162,162,0
S01009701,Flat maisonette or apartment or mobile/temporary accommodation,133,54,79,77,2
S01009702,All household spaces,283,265,18,9,9
S01009702,Whole house or bungalow: Total,275,257,18,9,9
S01009702,Whole house or bungalow: Detached,165,158,7,6,1
S01009702,Whole house or bungalow: Semi-detached,81,73,8,2,6
S01009702,Whole house or bungalow: Terraced (including end-terrace),29,26,3,1,2
S01009702,Flat maisonette or apartment or mobile/temporary accommodation,8,8,0,0,0
S01009703,All household spaces,348,285,63,57,6
S01009703,Whole house or bungalow: Total,264,224,40,38,2
S01009703,Whole house or bungalow: Detached,61,53,8,7,1
S01009703,Whole house or bungalow: Semi-detached,131,114,17,16,1
S01009703,Whole house or bungalow: Terraced (including end-terrace),72,57,15,15,0
S01009703,Flat maisonette or apartment or mobile/temporary accommodation,84,61,23,19,4
S01009704,All household spaces,533,440,93,81,12
S01009704,Whole house or bungalow: Total,446,377,69,62,7
S01009704,Whole house or bungalow: Detached,154,133,21,20,1
S01009704,Whole house or bungalow: Semi-detached,146,133,13,11,2
S01009704,Whole house or bungalow: Terraced (including end-terrace),146,111,35,31,4
S01009704,Flat maisonette or apartment or mobile/temporary accommodation,87,63,24,19,5
S01009705,All household spaces,449,363,86,70,16
S01009705,Whole house or bungalow: Total,315,255,60,52,8
S01009705,Whole house or bungalow: Detached,41,32,9,8,1
S01009705,Whole house or bungalow: Semi-detached,122,108,14,7,7
S01009705,Whole house or bungalow: Terraced (including end-terrace),152,115,37,37,0
S01009705,Flat maisonette or apartment or mobile/temporary accommodation,134,108,26,18,8
S01009706,All household spaces,357,295,62,52,10
S01009706,Whole house or bungalow: Total,265,226,39,35,4
S01009706,Whole house or bungalow: Detached,65,62,3,3,0
S01009706,Whole house or bungalow: Semi-detached,98,82,16,13,3
S01009706,Whole house or bungalow: Terraced (including end-terrace),102,82,20,19,1
S01009706,Flat maisonette or apartment or mobile/temporary accommodation,92,69,23,17,6
S01009707,All household spaces,289,218,71,60,11
S01009707,Whole house or bungalow: Total,236,169,67,58,9
S01009707,Whole house or bungalow: Detached,34,30,4,3,1
S01009707,Whole house or bungalow: Semi-detached,45,34,11,9,2
S01009707,Whole house or bungalow: Terraced (including end-terrace),157,105,52,46,6
S01009707,Flat maisonette or apartment or mobile/temporary accommodation,53,49,4,2,2
S01009708,All household spaces,321,258,63,60,3
S01009708,Whole house or bungalow: Total,276,220,56,53,3
S01009708,Whole house or bungalow: Detached,72,64,8,8,0
S01009708,Whole house or bungalow: Semi-detached,120,108,12,11,1
S01009708,Whole house or bungalow: Terraced (including end-terrace),84,48,36,34,2
S01009708,Flat maisonette or apartment or mobile/temporary accommodation,45,38,7,7,0
S01009709,All household spaces,456,394,62,46,16
S01009709,Whole house or bungalow: Total,364,318,46,35,11
S01009709,Whole house or bungalow: Detached,83,73,10,8,2
S01009709,Whole house or bungalow: Semi-detached,157,147,10,7,3
S01009709,Whole house or bungalow: Terraced (including end-terrace),124,98,26,20,6
S01009709,Flat maisonette or apartment or mobile/temporary accommodation,92,76,16,11,5
S01009710,All household spaces,268,246,22,16,6
S01009710,Whole house or bungalow: Total,209,194,15,11,4
S01009710,Whole house or bungalow: Detached,95,92,3,3,0
S01009710,Whole house or bungalow: Semi-detached,68,67,1,0,1
S01009710,Whole house or bungalow: Terraced (including end-terrace),46,35,11,8,3
S01009710,Flat maisonette or apartment or mobile/temporary accommodation,59,52,7,5,2
S01009711,All household spaces,391,341,50,28,22
S01009711,Whole house or bungalow: Total,209,192,17,10,7
S01009711,Whole house or bungalow: Detached,49,43,6,4,2
S01009711,Whole house or bungalow: Semi-detached,102,95,7,4,3
S01009711,Whole house or bungalow: Terraced (including end-terrace),58,54,4,2,2
S01009711,Flat maisonette or apartment or mobile/temporary accommodation,182,149,33,18,15
S01009712,All household spaces,310,277,33,28,5
S01009712,Whole house or bungalow: Total,287,254,33,28,5
S01009712,Whole house or bungalow: Detached,111,102,9,7,2
S01009712,Whole house or bungalow: Semi-detached,96,88,8,8,0
S01009712,Whole house or bungalow: Terraced (including end-terrace),80,64,16,13,3
S01009712,Flat maisonette or apartment or mobile/temporary accommodation,23,23,0,0,0
S01009713,All household spaces,579,444,135,120,15
S01009713,Whole house or bungalow: Total,460,349,111,99,12
S01009713,Whole house or bungalow: Detached,162,137,25,24,1
S01009713,Whole house or bungalow: Semi-detached,131,113,18,15,3
S01009713,Whole house or bungalow: Terraced (including end-terrace),167,99,68,60,8
S01009713,Flat maisonette or apartment or mobile/temporary accommodation,119,95,24,21,3
S01009714,All household spaces,583,453,130,120,10
S01009714,Whole house or bungalow: Total,475,363,112,103,9
S01009714,Whole house or bungalow: Detached,195,165,30,28,2
S01009714,Whole house or bungalow: Semi-detached,136,111,25,20,5
S01009714,Whole house or bungalow: Terraced (including end-terrace),144,87,57,55,2
S01009714,Flat maisonette or apartment or mobile/temporary accommodation,108,90,18,17,1
S01009715,All household spaces,403,334,69,63,6
S01009715,Whole house or bungalow: Total,379,312,67,61,6
S01009715,Whole house or bungalow: Detached,148,133,15,11,4
S01009715,Whole house or bungalow: Semi-detached,120,98,22,20,2
S01009715,Whole house or bungalow: Terraced (including end-terrace),111,81,30,30,0
S01009715,Flat maisonette or apartment or mobile/temporary accommodation,24,22,2,2,0
S01009716,All household spaces,346,329,17,10,7
S01009716,Whole house or bungalow: Total,336,319,17,10,7
S01009716,Whole house or bungalow: Detached,165,153,12,10,2
S01009716,Whole house or bungalow: Semi-detached,138,133,5,0,5
S01009716,Whole house or bungalow: Terraced (including end-terrace),33,33,0,0,0
S01009716,Flat maisonette or apartment or mobile/temporary accommodation,10,10,0,0,0
S01009717,All household spaces,331,327,4,3,1
S01009717,Whole house or bungalow: Total,166,164,2,2,0
S01009717,Whole house or bungalow: Detached,27,27,0,0,0
S01009717,Whole house or bungalow: Semi-detached,97,96,1,1,0
S01009717,Whole house or bungalow: Terraced (including end-terrace),42,41,1,1,0
S01009717,Flat maisonette or apartment or mobile/temporary accommodation,165,163,2,1,1
S01009718,All household spaces,337,327,10,2,8
S01009718,Whole house or bungalow: Total,233,227,6,1,5
S01009718,Whole house or bungalow: Detached,11,11,0,0,0
S01009718,Whole house or bungalow: Semi-detached,113,112,1,0,1
S01009718,Whole house or bungalow: Terraced (including end-terrace),109,104,5,1,4
S01009718,Flat maisonette or apartment or mobile/temporary accommodation,104,100,4,1,3
S01009719,All household spaces,348,342,6,0,6
S01009719,Whole house or bungalow: Total,304,301,3,0,3
S01009719,Whole house or bungalow: Detached,18,18,0,0,0
S01009719,Whole house or bungalow: Semi-detached,118,118,0,0,0
S01009719,Whole house or bungalow: Terraced (including end-terrace),168,165,3,0,3
S01009719,Flat maisonette or apartment or mobile/temporary accommodation,44,41,3,0,3
S01009720,All household spaces,388,379,9,2,7
S01009720,Whole house or bungalow: Total,357,348,9,2,7
S01009720,Whole house or bungalow: Detached,22,21,1,0,1
S01009720,Whole house or bungalow: Semi-detached,131,129,2,1,1
S01009720,Whole house or bungalow: Terraced (including end-terrace),204,198,6,1,5
S01009720,Flat maisonette or apartment or mobile/temporary accommodation,31,31,0,0,0
S01009721,All household spaces,236,221,15,11,4
S01009721,Whole house or bungalow: Total,48,45,3,1,2
S01009721,Whole house or bungalow: Detached,9,8,1,1,0
S01009721,Whole house or bungalow: Semi-detached,15,15,0,0,0
S01009721,Whole house or bungalow: Terraced (including end-terrace),24,22,2,0,2
S01009721,Flat maisonette or apartment or mobile/temporary accommodation,188,176,12,10,2
S01009722,All household spaces,442,387,55,52,3
S01009722,Whole house or bungalow: Total,166,146,20,18,2
S01009722,Whole house or bungalow: Detached,31,30,1,1,0
S01009722,Whole house or bungalow: Semi-detached,37,36,1,1,0
S01009722,Whole house or bungalow: Terraced (including end-terrace),98,80,18,16,2
S01009722,Flat maisonette or apartment or mobile/temporary accommodation,276,241,35,34,1
S01009723,All household spaces,336,302,34,24,10
S01009723,Whole house or bungalow: Total,110,97,13,10,3
S01009723,Whole house or bungalow: Detached,16,13,3,2,1
S01009723,Whole house or bungalow: Semi-detached,31,28,3,3,0
S01009723,Whole house or bungalow: Terraced (including end-terrace),63,56,7,5,2
S01009723,Flat maisonette or apartment or mobile/temporary accommodation,226,205,21,14,7
S01009724,All household spaces,502,495,7,4,3
S01009724,Whole house or bungalow: Total,120,120,0,0,0
S01009724,Whole house or bungalow: Detached,21,21,0,0,0
S01009724,Whole house or bungalow: Semi-detached,80,80,0,0,0
S01009724,Whole house or bungalow: Terraced (including end-terrace),19,19,0,0,0
S01009724,Flat maisonette or apartment or mobile/temporary accommodation,382,375,7,4,3
S01009725,All household spaces,268,251,17,13,4
S01009725,Whole house or bungalow: Total,164,149,15,12,3
S01009725,Whole house or bungalow: Detached,44,43,1,1,0
S01009725,Whole house or bungalow: Semi-detached,74,74,0,0,0
S01009725,Whole house or bungalow: Terraced (including end-terrace),46,32,14,11,3
S01009725,Flat maisonette or apartment or mobile/temporary accommodation,104,102,2,1,1
S01009726,All household spaces,248,209,39,28,11
S01009726,Whole house or bungalow: Total,86,73,13,9,4
S01009726,Whole house or bungalow: Detached,13,12,1,0,1
S01009726,Whole house or bungalow: Semi-detached,29,27,2,2,0
S01009726,Whole house or bungalow: Terraced (including end-terrace),44,34,10,7,3
S01009726,Flat maisonette or apartment or mobile/temporary accommodation,162,136,26,19,7
S01009727,All household spaces,350,331,19,7,12
S01009727,Whole house or bungalow: Total,310,292,18,7,11
S01009727,Whole house or bungalow: Detached,149,140,9,1,8
S01009727,Whole house or bungalow: Semi-detached,78,77,1,0,1
S01009727,Whole house or bungalow: Terraced (including end-terrace),83,75,8,6,2
S01009727,Flat maisonette or apartment or mobile/temporary accommodation,40,39,1,0,1
S01009728,All household spaces,344,333,11,2,9
S01009728,Whole house or bungalow: Total,335,324,11,2,9
S01009728,Whole house or bungalow: Detached,202,197,5,2,3
S01009728,Whole house or bungalow: Semi-detached,127,121,6,0,6
S01009728,Whole house or bungalow: Terraced (including end-terrace),6,6,0,0,0
S01009728,Flat maisonette or apartment or mobile/temporary accommodation,9,9,0,0,0
S01009729,All household spaces,295,282,13,5,8
S01009729,Whole house or bungalow: Total,289,276,13,5,8
S01009729,Whole house or bungalow: Detached,203,194,9,4,5
S01009729,Whole house or bungalow: Semi-detached,71,67,4,1,3
S01009729,Whole house or bungalow: Terraced (including end-terrace),15,15,0,0,0
S01009729,Flat maisonette or apartment or mobile/temporary accommodation,6,6,0,0,0
S01009730,All household spaces,248,241,7,3,4
S01009730,Whole house or bungalow: Total,174,168,6,2,4
S01009730,Whole house or bungalow: Detached,44,42,2,1,1
S01009730,Whole house or bungalow: Semi-detached,116,114,2,0,2
S01009730,Whole house or bungalow: Terraced (including end-terrace),14,12,2,1,1
S01009730,Flat maisonette or apartment or mobile/temporary accommodation,74,73,1,1,0
S01009731,All household spaces,278,274,4,3,1
S01009731,Whole house or bungalow: Total,273,269,4,3,1
S01009731,Whole house or bungalow: Detached,197,197,0,0,0
S01009731,Whole house or bungalow: Semi-detached,65,62,3,3,0
S01009731,Whole house or bungalow: Terraced (including end-terrace),11,10,1,0,1
S01009731,Flat maisonette or apartment or mobile/temporary accommodation,5,5,0,0,0
S01009732,All household spaces,359,344,15,11,4
S01009732,Whole house or bungalow: Total,213,203,10,6,4
S01009732,Whole house or bungalow: Detached,66,64,2,0,2
S01009732,Whole house or bungalow: Semi-detached,107,102,5,4,1
S01009732,Whole house or bungalow: Terraced (including end-terrace),40,37,3,2,1
S01009732,Flat maisonette or apartment or mobile/temporary accommodation,146,141,5,5,0
S01009733,All household spaces,247,227,20,15,5
S01009733,Whole house or bungalow: Total,176,161,15,12,3
S01009733,Whole house or bungalow: Detached,86,81,5,4,1
S01009733,Whole house or bungalow: Semi-detached,45,44,1,0,1
S01009733,Whole house or bungalow: Terraced (including end-terrace),45,36,9,8,1
S01009733,Flat maisonette or apartment or mobile/temporary accommodation,71,66,5,3,2
S01009734,All household spaces,409,385,24,14,10
S01009734,Whole house or bungalow: Total,390,366,24,14,10
S01009734,Whole house or bungalow: Detached,224,212,12,8,4
S01009734,Whole house or bungalow: Semi-detached,117,110,7,4,3
S01009734,Whole house or bungalow: Terraced (including end-terrace),49,44,5,2,3
S01009734,Flat maisonette or apartment or mobile/temporary accommodation,19,19,0,0,0
S01009735,All household spaces,358,327,31,15,16
S01009735,Whole house or bungalow: Total,327,302,25,10,15
S01009735,Whole house or bungalow: Detached,243,226,17,7,10
S01009735,Whole house or bungalow: Semi-detached,75,67,8,3,5
S01009735,Whole house or bungalow: Terraced (including end-terrace),9,9,0,0,0
S01009735,Flat maisonette or apartment or mobile/temporary accommodation,31,25,6,5,1
S01009736,All household spaces,388,332,56,39,17
S01009736,Whole house or bungalow: Total,120,98,22,13,9
S01009736,Whole house or bungalow: Detached,40,34,6,2,4
S01009736,Whole house or bungalow: Semi-detached,33,31,2,2,0
S01009736,Whole house or bungalow: Terraced (including end-terrace),47,33,14,9,5
S01009736,Flat maisonette or apartment or mobile/temporary accommodation,268,234,34,26,8
S01009737,All household spaces,336,323,13,6,7
S01009737,Whole house or bungalow: Total,309,297,12,6,6
S01009737,Whole house or bungalow: Detached,31,30,1,0,1
S01009737,Whole house or bungalow: Semi-detached,165,154,11,6,5
S01009737,Whole house or bungalow: Terraced (including end-terrace),113,113,0,0,0
S01009737,Flat maisonette or apartment or mobile/temporary accommodation,27,26,1,0,1
S01009738,All household spaces,236,214,22,12,10
S01009738,Whole house or bungalow: Total,118,100,18,12,6
S01009738,Whole house or bungalow: Detached,32,30,2,0,2
S01009738,Whole house or bungalow: Semi-detached,52,52,0,0,0
S01009738,Whole house or bungalow: Terraced (including end-terrace),34,18,16,12,4
S01009738,Flat maisonette or apartment or mobile/temporary accommodation,118,114,4,0,4
S01009739,All household spaces,395,275,120,7,113
S01009739,Whole house or bungalow: Total,389,271,118,5,113
S01009739,Whole house or bungalow: Detached,83,78,5,1,4
S01009739,Whole house or bungalow: Semi-detached,164,150,14,2,12
S01009739,Whole house or bungalow: Terraced (including end-terrace),142,43,99,2,97
S01009739,Flat maisonette or apartment or mobile/temporary accommodation,6,4,2,2,0
S01009740,All household spaces,259,243,16,7,9
S01009740,Whole house or bungalow: Total,214,199,15,6,9
S01009740,Whole house or bungalow: Detached,26,23,3,1,2
S01009740,Whole house or bungalow: Semi-detached,102,94,8,4,4
S01009740,Whole house or bungalow: Terraced (including end-terrace),86,82,4,1,3
S01009740,Flat maisonette or apartment or mobile/temporary accommodation,45,44,1,1,0
S01009741,All household spaces,177,164,13,2,11
S01009741,Whole house or bungalow: Total,169,156,13,2,11
S01009741,Whole house or bungalow: Detached,35,33,2,0,2
S01009741,Whole house or bungalow: Semi-detached,125,115,10,2,8
S01009741,Whole house or bungalow: Terraced (including end-terrace),9,8,1,0,1
S01009741,Flat maisonette or apartment or mobile/temporary accommodation,8,8,0,0,0
S01009742,All household spaces,221,206,15,10,5
S01009742,Whole house or bungalow: Total,213,199,14,10,4
S01009742,Whole house or bungalow: Detached,159,150,9,7,2
S01009742,Whole house or bungalow: Semi-detached,38,35,3,3,0
S01009742,Whole house or bungalow: Terraced (including end-terrace),16,14,2,0,2
S01009742,Flat maisonette or apartment or mobile/temporary accommodation,8,7,1,0,1
S01009743,All household spaces,440,425,15,7,8
S01009743,Whole house or bungalow: Total,417,402,15,7,8
S01009743,Whole house or bungalow: Detached,264,254,10,3,7
S01009743,Whole house or bungalow: Semi-detached,99,97,2,2,0
S01009743,Whole house or bungalow: Terraced (including end-terrace),54,51,3,2,1
S01009743,Flat maisonette or apartment or mobile/temporary accommodation,23,23,0,0,0
S01009744,All household spaces,329,306,23,7,16
S01009744,Whole house or bungalow: Total,315,297,18,7,11
S01009744,Whole house or bungalow: Detached,208,196,12,5,7
S01009744,Whole house or bungalow: Semi-detached,80,78,2,1,1
S01009744,Whole house or bungalow: Terraced (including end-terrace),27,23,4,1,3
S01009744,Flat maisonette or apartment or mobile/temporary accommodation,14,9,5,0,5
S01009745,All household spaces,463,455,8,3,5
S01009745,Whole house or bungalow: Total,458,450,8,3,5
S01009745,Whole house or bungalow: Detached,270,266,4,1,3
S01009745,Whole house or bungalow: Semi-detached,139,138,1,0,1
S01009745,Whole house or bungalow: Terraced (including end-terrace),49,46,3,2,1
S01009745,Flat maisonette or apartment or mobile/temporary accommodation,5,5,0,0,0
S01009746,All household spaces,259,237,22,15,7
S01009746,Whole house or bungalow: Total,248,231,17,11,6
S01009746,Whole house or bungalow: Detached,141,133,8,4,4
S01009746,Whole house or bungalow: Semi-detached,70,66,4,4,0
S01009746,Whole house or bungalow: Terraced (including end-terrace),37,32,5,3,2
S01009746,Flat maisonette or apartment or mobile/temporary accommodation,11,6,5,4,1
S01009747,All household spaces,374,344,30,16,14
S01009747,Whole house or bungalow: Total,187,173,14,7,7
S01009747,Whole house or bungalow: Detached,76,71,5,1,4
S01009747,Whole house or bungalow: Semi-detached,64,63,1,1,0
S01009747,Whole house or bungalow: Terraced (including end-terrace),47,39,8,5,3
S01009747,Flat maisonette or apartment or mobile/temporary accommodation,187,171,16,9,7
S01009748,All household spaces,307,299,8,2,6
S01009748,Whole house or bungalow: Total,277,272,5,0,5
S01009748,Whole house or bungalow: Detached,115,112,3,0,3
S01009748,Whole house or bungalow: Semi-detached,81,80,1,0,1
S01009748,Whole house or bungalow: Terraced (including end-terrace),81,80,1,0,1
S01009748,Flat maisonette or apartment or mobile/temporary accommodation,30,27,3,2,1
S01009749,All household spaces,442,425,17,6,11
S01009749,Whole house or bungalow: Total,359,344,15,6,9
S01009749,Whole house or bungalow: Detached,130,124,6,2,4
S01009749,Whole house or bungalow: Semi-detached,153,146,7,3,4
S01009749,Whole house or bungalow: Terraced (including end-terrace),76,74,2,1,1
S01009749,Flat maisonette or apartment or mobile/temporary accommodation,83,81,2,0,2
S01009750,All household spaces,326,311,15,8,7
S01009750,Whole house or bungalow: Total,214,201,13,8,5
S01009750,Whole house or bungalow: Detached,51,49,2,1,1
S01009750,Whole house or bungalow: Semi-detached,135,126,9,7,2
S01009750,Whole house or bungalow: Terraced (including end-terrace),28,26,2,0,2
S01009750,Flat maisonette or apartment or mobile/temporary accommodation,112,110,2,0,2
S01009751,All household spaces,368,355,13,0,13
S01009751,Whole house or bungalow: Total,195,191,4,0,4
S01009751,Whole house or bungalow: Detached,44,42,2,0,2
S01009751,Whole house or bungalow: Semi-detached,105,104,1,0,1
S01009751,Whole house or bungalow: Terraced (including end-terrace),46,45,1,0,1
S01009751,Flat maisonette or apartment or mobile/temporary accommodation,173,164,9,0,9
S01009752,All household spaces,267,260,7,2,5
S01009752,Whole house or bungalow: Total,196,194,2,1,1
S01009752,Whole house or bungalow: Detached,112,111,1,1,0
S01009752,Whole house or bungalow: Semi-detached,58,57,1,0,1
S01009752,Whole house or bungalow: Terraced (including end-terrace),26,26,0,0,0
S01009752,Flat maisonette or apartment or mobile/temporary accommodation,71,66,5,1,4
S01009753,All household spaces,351,333,18,1,17
S01009753,Whole house or bungalow: Total,153,150,3,1,2
S01009753,Whole house or bungalow: Detached,53,51,2,0,2
S01009753,Whole house or bungalow: Semi-detached,48,47,1,1,0
S01009753,Whole house or bungalow: Terraced (including end-terrace),52,52,0,0,0
S01009753,Flat maisonette or apartment or mobile/temporary accommodation,198,183,15,0,15
S01009754,All household spaces,399,383,16,4,12
S01009754,Whole house or bungalow: Total,238,227,11,4,7
S01009754,Whole house or bungalow: Detached,86,82,4,0,4
S01009754,Whole house or bungalow: Semi-detached,123,117,6,4,2
S01009754,Whole house or bungalow: Terraced (including end-terrace),29,28,1,0,1
S01009754,Flat maisonette or apartment or mobile/temporary accommodation,161,156,5,0,5
S01009755,All household spaces,293,281,12,7,5
S01009755,Whole house or bungalow: Total,202,193,9,7,2
S01009755,Whole house or bungalow: Detached,69,69,0,0,0
S01009755,Whole house or bungalow: Semi-detached,85,76,9,7,2
S01009755,Whole house or bungalow: Terraced (including end-terrace),48,48,0,0,0
S01009755,Flat maisonette or apartment or mobile/temporary accommodation,91,88,3,0,3
S01009756,All household spaces,322,320,2,1,1
S01009756,Whole house or bungalow: Total,287,285,2,1,1
S01009756,Whole house or bungalow: Detached,113,112,1,0,1
S01009756,Whole house or bungalow: Semi-detached,109,108,1,1,0
S01009756,Whole house or bungalow: Terraced (including end-terrace),65,65,0,0,0
S01009756,Flat maisonette or apartment or mobile/temporary accommodation,35,35,0,0,0
S01009757,All household spaces,277,271,6,4,2
S01009757,Whole house or bungalow: Total,253,247,6,4,2
S01009757,Whole house or bungalow: Detached,91,89,2,1,1
S01009757,Whole house or bungalow: Semi-detached,137,133,4,3,1
S01009757,Whole house or bungalow: Terraced (including end-terrace),25,25,0,0,0
S01009757,Flat maisonette or apartment or mobile/temporary accommodation,24,24,0,0,0
S01009758,All household spaces,243,242,1,0,1
S01009758,Whole house or bungalow: Total,151,150,1,0,1
S01009758,Whole house or bungalow: Detached,46,45,1,0,1
S01009758,Whole house or bungalow: Semi-detached,90,90,0,0,0
S01009758,Whole house or bungalow: Terraced (including end-terrace),15,15,0,0,0
S01009758,Flat maisonette or apartment or mobile/temporary accommodation,92,92,0,0,0
S01009759,All household spaces,433,417,16,0,16
S01009759,Whole house or bungalow: Total,15,15,0,0,0
S01009759,Whole house or bungalow: Detached,5,5,0,0,0
S01009759,Whole house or bungalow: Semi-detached,5,5,0,0,0
S01009759,Whole house or bungalow: Terraced (including end-terrace),5,5,0,0,0
S01009759,Flat maisonette or apartment or mobile/temporary accommodation,418,402,16,0,16
S01009760,All household spaces,411,407,4,0,4
S01009760,Whole house or bungalow: Total,75,74,1,0,1
S01009760,Whole house or bungalow: Detached,3,3,0,0,0
S01009760,Whole house or bungalow: Semi-detached,52,51,1,0,1
S01009760,Whole house or bungalow: Terraced (including end-terrace),20,20,0,0,0
S01009760,Flat maisonette or apartment or mobile/temporary accommodation,336,333,3,0,3
S01009761,All household spaces,378,377,1,0,1
S01009761,Whole house or bungalow: Total,282,281,1,0,1
S01009761,Whole house or bungalow: Detached,42,41,1,0,1
S01009761,Whole house or bungalow: Semi-detached,155,155,0,0,0
S01009761,Whole house or bungalow: Terraced (including end-terrace),85,85,0,0,0
S01009761,Flat maisonette or apartment or mobile/temporary accommodation,96,96,0,0,0
S01009762,All household spaces,416,416,0,0,0
S01009762,Whole house or bungalow: Total,40,40,0,0,0
S01009762,Whole house or bungalow: Detached,7,7,0,0,0
S01009762,Whole house or bungalow: Semi-detached,18,18,0,0,0
S01009762,Whole house or bungalow: Terraced (including end-terrace),15,15,0,0,0
S01009762,Flat maisonette or apartment or mobile/temporary accommodation,376,376,0,0,0
S01009763,All household spaces,268,264,4,1,3
S01009763,Whole house or bungalow: Total,227,223,4,1,3
S01009763,Whole house or bungalow: Detached,170,166,4,1,3
S01009763,Whole house or bungalow: Semi-detached,52,52,0,0,0
S01009763,Whole house or bungalow: Terraced (including end-terrace),5,5,0,0,0
S01009763,Flat maisonette or apartment or mobile/temporary accommodation,41,41,0,0,0
S01009764,All household spaces,291,291,0,0,0
S01009764,Whole house or bungalow: Total,161,161,0,0,0
S01009764,Whole house or bungalow: Detached,12,12,0,0,0
S01009764,Whole house or bungalow: Semi-detached,120,120,0,0,0
S01009764,Whole house or bungalow: Terraced (including end-terrace),29,29,0,0,0
S01009764,Flat maisonette or apartment or mobile/temporary accommodation,130,130,0,0,0
S01009765,All household spaces,392,382,10,10,0
S01009765,Whole house or bungalow: Total,292,282,10,10,0
S01009765,Whole house or bungalow: Detached,21,21,0,0,0
S01009765,Whole house or bungalow: Semi-detached,226,216,10,10,0
S01009765,Whole house or bungalow: Terraced (including end-terrace),45,45,0,0,0
S01009765,Flat maisonette or apartment or mobile/temporary accommodation,100,100,0,0,0
S01009766,All household spaces,233,231,2,2,0
S01009766,Whole house or bungalow: Total,207,205,2,2,0
S01009766,Whole house or bungalow: Detached,17,17,0,0,0
S01009766,Whole house or bungalow: Semi-detached,125,123,2,2,0
S01009766,Whole house or bungalow: Terraced (including end-terrace),65,65,0,0,0
S01009766,Flat maisonette or apartment or mobile/temporary accommodation,26,26,0,0,0
S01009767,All household spaces,227,227,0,0,0
S01009767,Whole house or bungalow: Total,179,179,0,0,0
S01009767,Whole house or bungalow: Detached,12,12,0,0,0
S01009767,Whole house or bungalow: Semi-detached,96,96,0,0,0
S01009767,Whole house or bungalow: Terraced (including end-terrace),71,71,0,0,0
S01009767,Flat maisonette or apartment or mobile/temporary accommodation,48,48,0,0,0
S01009768,All household spaces,285,279,6,0,6
S01009768,Whole house or bungalow: Total,90,88,2,0,2
S01009768,Whole house or bungalow: Detached,33,32,1,0,1
S01009768,Whole house or bungalow: Semi-detached,46,45,1,0,1
S01009768,Whole house or bungalow: Terraced (including end-terrace),11,11,0,0,0
S01009768,Flat maisonette or apartment or mobile/temporary accommodation,195,191,4,0,4
S01009769,All household spaces,253,249,4,0,4
S01009769,Whole house or bungalow: Total,170,166,4,0,4
S01009769,Whole house or bungalow: Detached,50,50,0,0,0
S01009769,Whole house or bungalow: Semi-detached,96,92,4,0,4
S01009769,Whole house or bungalow: Terraced (including end-terrace),24,24,0,0,0
S01009769,Flat maisonette or apartment or mobile/temporary accommodation,83,83,0,0,0
S01009770,All household spaces,258,257,1,0,1
S01009770,Whole house or bungalow: Total,251,250,1,0,1
S01009770,Whole house or bungalow: Detached,80,79,1,0,1
S01009770,Whole house or bungalow: Semi-detached,119,119,0,0,0
S01009770,Whole house or bungalow: Terraced (including end-terrace),52,52,0,0,0
S01009770,Flat maisonette or apartment or mobile/temporary accommodation,7,7,0,0,0
S01009771,All household spaces,301,294,7,5,2
S01009771,Whole house or bungalow: Total,290,283,7,5,2
S01009771,Whole house or bungalow: Detached,129,128,1,0,1
S01009771,Whole house or bungalow: Semi-detached,130,124,6,5,1
S01009771,Whole house or bungalow: Terraced (including end-terrace),31,31,0,0,0
S01009771,Flat maisonette or apartment or mobile/temporary accommodation,11,11,0,0,0
S01009772,All household spaces,273,271,2,2,0
S01009772,Whole house or bungalow: Total,213,211,2,2,0
S01009772,Whole house or bungalow: Detached,39,39,0,0,0
S01009772,Whole house or bungalow: Semi-detached,131,130,1,1,0
S01009772,Whole house or bungalow: Terraced (including end-terrace),43,42,1,1,0
S01009772,Flat maisonette or apartment or mobile/temporary accommodation,60,60,0,0,0
S01009773,All household spaces,181,179,2,0,2
S01009773,Whole house or bungalow: Total,158,156,2,0,2
S01009773,Whole house or bungalow: Detached,144,142,2,0,2
S01009773,Whole house or bungalow: Semi-detached,8,8,0,0,0
S01009773,Whole house or bungalow: Terraced (including end-terrace),6,6,0,0,0
S01009773,Flat maisonette or apartment or mobile/temporary accommodation,23,23,0,0,0
S01009774,All household spaces,155,151,4,1,3
S01009774,Whole house or bungalow: Total,148,144,4,1,3
S01009774,Whole house or bungalow: Detached,139,135,4,1,3
S01009774,Whole house or bungalow: Semi-detached,6,6,0,0,0
S01009774,Whole house or bungalow: Terraced (including end-terrace),3,3,0,0,0
S01009774,Flat maisonette or apartment or mobile/temporary accommodation,7,7,0,0,0
S01009775,All household spaces,359,359,0,0,0
S01009775,Whole house or bungalow: Total,118,118,0,0,0
S01009775,Whole house or bungalow: Detached,5,5,0,0,0
S01009775,Whole house or bungalow: Semi-detached,33,33,0,0,0
S01009775,Whole house or bungalow: Terraced (including end-terrace),80,80,0,0,0
S01009775,Flat maisonette or apartment or mobile/temporary accommodation,241,241,0,0,0
S01009776,All household spaces,307,307,0,0,0
S01009776,Whole house or bungalow: Total,124,124,0,0,0
S01009776,Whole house or bungalow: Detached,11,11,0,0,0
S01009776,Whole house or bungalow: Semi-detached,79,79,0,0,0
S01009776,Whole house or bungalow: Terraced (including end-terrace),34,34,0,0,0
S01009776,Flat maisonette or apartment or mobile/temporary accommodation,183,183,0,0,0
S01009777,All household spaces,279,266,13,0,13
S01009777,Whole house or bungalow: Total,67,67,0,0,0
S01009777,Whole house or bungalow: Detached,2,2,0,0,0
S01009777,Whole house or bungalow: Semi-detached,31,31,0,0,0
S01009777,Whole house or bungalow: Terraced (including end-terrace),34,34,0,0,0
S01009777,Flat maisonette or apartment or mobile/temporary accommodation,212,199,13,0,13
S01009778,All household spaces,417,415,2,0,2
S01009778,Whole house or bungalow: Total,288,288,0,0,0
S01009778,Whole house or bungalow: Detached,11,11,0,0,0
S01009778,Whole house or bungalow: Semi-detached,62,62,0,0,0
S01009778,Whole house or bungalow: Terraced (including end-terrace),215,215,0,0,0
S01009778,Flat maisonette or apartment or mobile/temporary accommodation,129,127,2,0,2
S01009779,All household spaces,298,290,8,1,7
S01009779,Whole house or bungalow: Total,86,82,4,1,3
S01009779,Whole house or bungalow: Detached,4,4,0,0,0
S01009779,Whole house or bungalow: Semi-detached,53,49,4,1,3
S01009779,Whole house or bungalow: Terraced (including end-terrace),29,29,0,0,0
S01009779,Flat maisonette or apartment or mobile/temporary accommodation,212,208,4,0,4
S01009780,All household spaces,220,219,1,0,1
S01009780,Whole house or bungalow: Total,182,181,1,0,1
S01009780,Whole house or bungalow: Detached,16,16,0,0,0
S01009780,Whole house or bungalow: Semi-detached,155,154,1,0,1
S01009780,Whole house or bungalow: Terraced (including end-terrace),11,11,0,0,0
S01009780,Flat maisonette or apartment or mobile/temporary accommodation,38,38,0,0,0
S01009781,All household spaces,225,224,1,0,1
S01009781,Whole house or bungalow: Total,113,113,0,0,0
S01009781,Whole house or bungalow: Detached,6,6,0,0,0
S01009781,Whole house or bungalow: Semi-detached,82,82,0,0,0
S01009781,Whole house or bungalow: Terraced (including end-terrace),25,25,0,0,0
S01009781,Flat maisonette or apartment or mobile/temporary accommodation,112,111,1,0,1
S01009782,All household spaces,202,200,2,0,2
S01009782,Whole house or bungalow: Total,168,166,2,0,2
S01009782,Whole house or bungalow: Detached,5,5,0,0,0
S01009782,Whole house or bungalow: Semi-detached,152,152,0,0,0
S01009782,Whole house or bungalow: Terraced (including end-terrace),11,9,2,0,2
S01009782,Flat maisonette or apartment or mobile/temporary accommodation,34,34,0,0,0
S01009783,All household spaces,317,310,7,4,3
S01009783,Whole house or bungalow: Total,257,250,7,4,3
S01009783,Whole house or bungalow: Detached,15,15,0,0,0
S01009783,Whole house or bungalow: Semi-detached,161,154,7,4,3
S01009783,Whole house or bungalow: Terraced (including end-terrace),81,81,0,0,0
S01009783,Flat maisonette or apartment or mobile/temporary accommodation,60,60,0,0,0
S01009784,All household spaces,313,309,4,3,1
S01009784,Whole house or bungalow: Total,205,201,4,3,1
S01009784,Whole house or bungalow: Detached,11,10,1,0,1
S01009784,Whole house or bungalow: Semi-detached,116,113,3,3,0
S01009784,Whole house or bungalow: Terraced (including end-terrace),78,78,0,0,0
S01009784,Flat maisonette or apartment or mobile/temporary accommodation,108,108,0,0,0
S01009785,All household spaces,341,339,2,1,1
S01009785,Whole house or bungalow: Total,213,211,2,1,1
S01009785,Whole house or bungalow: Detached,4,4,0,0,0
S01009785,Whole house or bungalow: Semi-detached,150,148,2,1,1
S01009785,Whole house or bungalow: Terraced (including end-terrace),59,59,0,0,0
S01009785,Flat maisonette or apartment or mobile/temporary accommodation,128,128,0,0,0
S01009786,All household spaces,432,425,7,0,7
S01009786,Whole house or bungalow: Total,111,109,2,0,2
S01009786,Whole house or bungalow: Detached,4,4,0,0,0
S01009786,Whole house or bungalow: Semi-detached,33,33,0,0,0
S01009786,Whole house or bungalow: Terraced (including end-terrace),74,72,2,0,2
S01009786,Flat maisonette or apartment or mobile/temporary accommodation,321,316,5,0,5
S01009787,All household spaces,370,366,4,0,4
S01009787,Whole house or bungalow: Total,112,112,0,0,0
S01009787,Whole house or bungalow: Detached,16,16,0,0,0
S01009787,Whole house or bungalow: Semi-detached,61,61,0,0,0
S01009787,Whole house or bungalow: Terraced (including end-terrace),35,35,0,0,0
S01009787,Flat maisonette or apartment or mobile/temporary accommodation,258,254,4,0,4
S01009788,All household spaces,410,404,6,0,6
S01009788,Whole house or bungalow: Total,196,192,4,0,4
S01009788,Whole house or bungalow: Detached,7,7,0,0,0
S01009788,Whole house or bungalow: Semi-detached,107,104,3,0,3
S01009788,Whole house or bungalow: Terraced (including end-terrace),82,81,1,0,1
S01009788,Flat maisonette or apartment or mobile/temporary accommodation,214,212,2,0,2
S01009789,All household spaces,402,399,3,1,2
S01009789,Whole house or bungalow: Total,206,203,3,1,2
S01009789,Whole house or bungalow: Detached,2,2,0,0,0
S01009789,Whole house or bungalow: Semi-detached,84,84,0,0,0
S01009789,Whole house or bungalow: Terraced (including end-terrace),120,117,3,1,2
S01009789,Flat maisonette or apartment or mobile/temporary accommodation,196,196,0,0,0
S01009790,All household spaces,260,259,1,0,1
S01009790,Whole house or bungalow: Total,162,162,0,0,0
S01009790,Whole house or bungalow: Detached,4,4,0,0,0
S01009790,Whole house or bungalow: Semi-detached,51,51,0,0,0
S01009790,Whole house or bungalow: Terraced (including end-terrace),107,107,0,0,0
S01009790,Flat maisonette or apartment or mobile/temporary accommodation,98,97,1,0,1
S01009791,All household spaces,281,281,0,0,0
S01009791,Whole house or bungalow: Total,135,135,0,0,0
S01009791,Whole house or bungalow: Detached,1,1,0,0,0
S01009791,Whole house or bungalow: Semi-detached,20,20,0,0,0
S01009791,Whole house or bungalow: Terraced (including end-terrace),114,114,0,0,0
S01009791,Flat maisonette or apartment or mobile/temporary accommodation,146,146,0,0,0
S01009792,All household spaces,331,323,8,0,8
S01009792,Whole house or bungalow: Total,282,275,7,0,7
S01009792,Whole house or bungalow: Detached,173,173,0,0,0
S01009792,Whole house or bungalow: Semi-detached,68,67,1,0,1
S01009792,Whole house or bungalow: Terraced (including end-terrace),41,35,6,0,6
S01009792,Flat maisonette or apartment or mobile/temporary accommodation,49,48,1,0,1
S01009793,All household spaces,420,416,4,0,4
S01009793,Whole house or bungalow: Total,289,285,4,0,4
S01009793,Whole house or bungalow: Detached,77,76,1,0,1
S01009793,Whole house or bungalow: Semi-detached,195,194,1,0,1
S01009793,Whole house or bungalow: Terraced (including end-terrace),17,15,2,0,2
S01009793,Flat maisonette or apartment or mobile/temporary accommodation,131,131,0,0,0
S01009794,All household spaces,207,199,8,8,0
S01009794,Whole house or bungalow: Total,200,192,8,8,0
S01009794,Whole house or bungalow: Detached,27,27,0,0,0
S01009794,Whole house or bungalow: Semi-detached,168,161,7,7,0
S01009794,Whole house or bungalow: Terraced (including end-terrace),5,4,1,1,0
S01009794,Flat maisonette or apartment or mobile/temporary accommodation,7,7,0,0,0
S01009795,All household spaces,292,287,5,3,2
S01009795,Whole house or bungalow: Total,282,277,5,3,2
S01009795,Whole house or bungalow: Detached,185,184,1,0,1
S01009795,Whole house or bungalow: Semi-detached,79,75,4,3,1
S01009795,Whole house or bungalow: Terraced (including end-terrace),18,18,0,0,0
S01009795,Flat maisonette or apartment or mobile/temporary accommodation,10,10,0,0,0
S01009796,All household spaces,314,310,4,0,4
S01009796,Whole house or bungalow: Total,289,286,3,0,3
S01009796,Whole house or bungalow: Detached,114,112,2,0,2
S01009796,Whole house or bungalow: Semi-detached,108,107,1,0,1
S01009796,Whole house or bungalow: Terraced (including end-terrace),67,67,0,0,0
S01009796,Flat maisonette or apartment or mobile/temporary accommodation,25,24,1,0,1
S01009797,All household spaces,307,306,1,0,1
S01009797,Whole house or bungalow: Total,263,262,1,0,1
S01009797,Whole house or bungalow: Detached,144,143,1,0,1
S01009797,Whole house or bungalow: Semi-detached,90,90,0,0,0
S01009797,Whole house or bungalow: Terraced (including end-terrace),29,29,0,0,0
S01009797,Flat maisonette or apartment or mobile/temporary accommodation,44,44,0,0,0
S01009798,All household spaces,257,255,2,1,1
S01009798,Whole house or bungalow: Total,251,249,2,1,1
S01009798,Whole house or bungalow: Detached,101,101,0,0,0
S01009798,Whole house or bungalow: Semi-detached,121,119,2,1,1
S01009798,Whole house or bungalow: Terraced (including end-terrace),29,29,0,0,0
S01009798,Flat maisonette or apartment or mobile/temporary accommodation,6,6,0,0,0
S01009799,All household spaces,366,363,3,0,3
S01009799,Whole house or bungalow: Total,170,169,1,0,1
S01009799,Whole house or bungalow: Detached,6,6,0,0,0
S01009799,Whole house or bungalow: Semi-detached,102,101,1,0,1
S01009799,Whole house or bungalow: Terraced (including end-terrace),62,62,0,0,0
S01009799,Flat maisonette or apartment or mobile/temporary accommodation,196,194,2,0,2
S01009800,All household spaces,428,424,4,0,4
S01009800,Whole house or bungalow: Total,249,248,1,0,1
S01009800,Whole house or bungalow: Detached,5,5,0,0,0
S01009800,Whole house or bungalow: Semi-detached,97,96,1,0,1
S01009800,Whole house or bungalow: Terraced (including end-terrace),147,147,0,0,0
S01009800,Flat maisonette or apartment or mobile/temporary accommodation,179,176,3,0,3
S01009801,All household spaces,348,344,4,0,4
S01009801,Whole house or bungalow: Total,227,225,2,0,2
S01009801,Whole house or bungalow: Detached,6,6,0,0,0
S01009801,Whole house or bungalow: Semi-detached,88,87,1,0,1
S01009801,Whole house or bungalow: Terraced (including end-terrace),133,132,1,0,1
S01009801,Flat maisonette or apartment or mobile/temporary accommodation,121,119,2,0,2
S01009802,All household spaces,435,431,4,0,4
S01009802,Whole house or bungalow: Total,205,203,2,0,2
S01009802,Whole house or bungalow: Detached,0,0,0,0,0
S01009802,Whole house or bungalow: Semi-detached,109,109,0,0,0
S01009802,Whole house or bungalow: Terraced (including end-terrace),96,94,2,0,2
S01009802,Flat maisonette or apartment or mobile/temporary accommodation,230,228,2,0,2
S01009803,All household spaces,378,371,7,0,7
S01009803,Whole house or bungalow: Total,138,135,3,0,3
S01009803,Whole house or bungalow: Detached,4,4,0,0,0
S01009803,Whole house or bungalow: Semi-detached,102,101,1,0,1
S01009803,Whole house or bungalow: Terraced (including end-terrace),32,30,2,0,2
S01009803,Flat maisonette or apartment or mobile/temporary accommodation,240,236,4,0,4
S01009804,All household spaces,209,208,1,0,1
S01009804,Whole house or bungalow: Total,59,59,0,0,0
S01009804,Whole house or bungalow: Detached,4,4,0,0,0
S01009804,Whole house or bungalow: Semi-detached,12,12,0,0,0
S01009804,Whole house or bungalow: Terraced (including end-terrace),43,43,0,0,0
S01009804,Flat maisonette or apartment or mobile/temporary accommodation,150,149,1,0,1
S01009805,All household spaces,375,374,1,0,1
S01009805,Whole house or bungalow: Total,263,262,1,0,1
S01009805,Whole house or bungalow: Detached,19,19,0,0,0
S01009805,Whole house or bungalow: Semi-detached,150,149,1,0,1
S01009805,Whole house or bungalow: Terraced (including end-terrace),94,94,0,0,0
S01009805,Flat maisonette or apartment or mobile/temporary accommodation,112,112,0,0,0
S01009806,All household spaces,455,446,9,0,9
S01009806,Whole house or bungalow: Total,55,52,3,0,3
S01009806,Whole house or bungalow: Detached,12,11,1,0,1
S01009806,Whole house or bungalow: Semi-detached,26,25,1,0,1
S01009806,Whole house or bungalow: Terraced (including end-terrace),17,16,1,0,1
S01009806,Flat maisonette or apartment or mobile/temporary accommodation,400,394,6,0,6
S01009807,All household spaces,486,461,25,0,25
S01009807,Whole house or bungalow: Total,23,23,0,0,0
S01009807,Whole house or bungalow: Detached,2,2,0,0,0
S01009807,Whole house or bungalow: Semi-detached,12,12,0,0,0
S01009807,Whole house or bungalow: Terraced (including end-terrace),9,9,0,0,0
S01009807,Flat maisonette or apartment or mobile/temporary accommodation,463,438,25,0,25
S01009808,All household spaces,492,428,64,0,64
S01009808,Whole house or bungalow: Total,20,20,0,0,0
S01009808,Whole house or bungalow: Detached,3,3,0,0,0
S01009808,Whole house or bungalow: Semi-detached,13,13,0,0,0
S01009808,Whole house or bungalow: Terraced (including end-terrace),4,4,0,0,0
S01009808,Flat maisonette or apartment or mobile/temporary accommodation,472,408,64,0,64
S01009809,All household spaces,339,338,1,0,1
S01009809,Whole house or bungalow: Total,24,24,0,0,0
S01009809,Whole house or bungalow: Detached,5,5,0,0,0
S01009809,Whole house or bungalow: Semi-detached,7,7,0,0,0
S01009809,Whole house or bungalow: Terraced (including end-terrace),12,12,0,0,0
S01009809,Flat maisonette or apartment or mobile/temporary accommodation,315,314,1,0,1
S01009810,All household spaces,459,453,6,0,6
S01009810,Whole house or bungalow: Total,110,109,1,0,1
S01009810,Whole house or bungalow: Detached,4,4,0,0,0
S01009810,Whole house or bungalow: Semi-detached,41,40,1,0,1
S01009810,Whole house or bungalow: Terraced (including end-terrace),65,65,0,0,0
S01009810,Flat maisonette or apartment or mobile/temporary accommodation,349,344,5,0,5
S01009811,All household spaces,526,520,6,0,6
S01009811,Whole house or bungalow: Total,186,182,4,0,4
S01009811,Whole house or bungalow: Detached,3,3,0,0,0
S01009811,Whole house or bungalow: Semi-detached,85,84,1,0,1
S01009811,Whole house or bungalow: Terraced (including end-terrace),98,95,3,0,3
S01009811,Flat maisonette or apartment or mobile/temporary accommodation,340,338,2,0,2
S01009812,All household spaces,379,376,3,0,3
S01009812,Whole house or bungalow: Total,108,108,0,0,0
S01009812,Whole house or bungalow: Detached,1,1,0,0,0
S01009812,Whole house or bungalow: Semi-detached,54,54,0,0,0
S01009812,Whole house or bungalow: Terraced (including end-terrace),53,53,0,0,0
S01009812,Flat maisonette or apartment or mobile/temporary accommodation,271,268,3,0,3
S01009813,All household spaces,378,335,43,0,43
S01009813,Whole house or bungalow: Total,9,9,0,0,0
S01009813,Whole house or bungalow: Detached,2,2,0,0,0
S01009813,Whole house or bungalow: Semi-detached,4,4,0,0,0
S01009813,Whole house or bungalow: Terraced (including end-terrace),3,3,0,0,0
S01009813,Flat maisonette or apartment or mobile/temporary accommodation,369,326,43,0,43
S01009814,All household spaces,364,362,2,0,2
S01009814,Whole house or bungalow: Total,185,184,1,0,1
S01009814,Whole house or bungalow: Detached,49,48,1,0,1
S01009814,Whole house or bungalow: Semi-detached,52,52,0,0,0
S01009814,Whole house or bungalow: Terraced (including end-terrace),84,84,0,0,0
S01009814,Flat maisonette or apartment or mobile/temporary accommodation,179,178,1,0,1
S01009815,All household spaces,349,346,3,0,3
S01009815,Whole house or bungalow: Total,30,28,2,0,2
S01009815,Whole house or bungalow: Detached,1,1,0,0,0
S01009815,Whole house or bungalow: Semi-detached,18,17,1,0,1
S01009815,Whole house or bungalow: Terraced (including end-terrace),11,10,1,0,1
S01009815,Flat maisonette or apartment or mobile/temporary accommodation,319,318,1,0,1
S01009816,All household spaces,329,326,3,0,3
S01009816,Whole house or bungalow: Total,93,91,2,0,2
S01009816,Whole house or bungalow: Detached,7,7,0,0,0
S01009816,Whole house or bungalow: Semi-detached,25,23,2,0,2
S01009816,Whole house or bungalow: Terraced (including end-terrace),61,61,0,0,0
S01009816,Flat maisonette or apartment or mobile/temporary accommodation,236,235,1,0,1
S01009817,All household spaces,348,343,5,1,4
S01009817,Whole house or bungalow: Total,202,199,3,1,2
S01009817,Whole house or bungalow: Detached,4,4,0,0,0
S01009817,Whole house or bungalow: Semi-detached,135,133,2,0,2
S01009817,Whole house or bungalow: Terraced (including end-terrace),63,62,1,1,0
S01009817,Flat maisonette or apartment or mobile/temporary accommodation,146,144,2,0,2
S01009818,All household spaces,428,421,7,3,4
S01009818,Whole house or bungalow: Total,372,367,5,3,2
S01009818,Whole house or bungalow: Detached,44,43,1,0,1
S01009818,Whole house or bungalow: Semi-detached,257,254,3,3,0
S01009818,Whole house or bungalow: Terraced (including end-terrace),71,70,1,0,1
S01009818,Flat maisonette or apartment or mobile/temporary accommodation,56,54,2,0,2
S01009819,All household spaces,307,306,1,0,1
S01009819,Whole house or bungalow: Total,138,138,0,0,0
S01009819,Whole house or bungalow: Detached,14,14,0,0,0
S01009819,Whole house or bungalow: Semi-detached,29,29,0,0,0
S01009819,Whole house or bungalow: Terraced (including end-terrace),95,95,0,0,0
S01009819,Flat maisonette or apartment or mobile/temporary accommodation,169,168,1,0,1
S01009820,All household spaces,451,445,6,0,6
S01009820,Whole house or bungalow: Total,200,197,3,0,3
S01009820,Whole house or bungalow: Detached,15,15,0,0,0
S01009820,Whole house or bungalow: Semi-detached,77,77,0,0,0
S01009820,Whole house or bungalow: Terraced (including end-terrace),108,105,3,0,3
S01009820,Flat maisonette or apartment or mobile/temporary accommodation,251,248,3,0,3
S01009821,All household spaces,260,255,5,0,5
S01009821,Whole house or bungalow: Total,138,134,4,0,4
S01009821,Whole house or bungalow: Detached,28,26,2,0,2
S01009821,Whole house or bungalow: Semi-detached,82,80,2,0,2
S01009821,Whole house or bungalow: Terraced (including end-terrace),28,28,0,0,0
S01009821,Flat maisonette or apartment or mobile/temporary accommodation,122,121,1,0,1
S01009822,All household spaces,197,191,6,3,3
S01009822,Whole house or bungalow: Total,172,166,6,3,3
S01009822,Whole house or bungalow: Detached,32,32,0,0,0
S01009822,Whole house or bungalow: Semi-detached,36,33,3,3,0
S01009822,Whole house or bungalow: Terraced (including end-terrace),104,101,3,0,3
S01009822,Flat maisonette or apartment or mobile/temporary accommodation,25,25,0,0,0
S01009823,All household spaces,314,306,8,1,7
S01009823,Whole house or bungalow: Total,149,145,4,0,4
S01009823,Whole house or bungalow: Detached,2,2,0,0,0
S01009823,Whole house or bungalow: Semi-detached,24,23,1,0,1
S01009823,Whole house or bungalow: Terraced (including end-terrace),123,120,3,0,3
S01009823,Flat maisonette or apartment or mobile/temporary accommodation,165,161,4,1,3
S01009824,All household spaces,370,365,5,0,5
S01009824,Whole house or bungalow: Total,214,209,5,0,5
S01009824,Whole house or bungalow: Detached,44,44,0,0,0
S01009824,Whole house or bungalow: Semi-detached,45,44,1,0,1
S01009824,Whole house or bungalow: Terraced (including end-terrace),125,121,4,0,4
S01009824,Flat maisonette or apartment or mobile/temporary accommodation,156,156,0,0,0
S01009825,All household spaces,456,449,7,1,6
S01009825,Whole house or bungalow: Total,231,229,2,1,1
S01009825,Whole house or bungalow: Detached,8,8,0,0,0
S01009825,Whole house or bungalow: Semi-detached,53,52,1,1,0
S01009825,Whole house or bungalow: Terraced (including end-terrace),170,169,1,0,1
S01009825,Flat maisonette or apartment or mobile/temporary accommodation,225,220,5,0,5
S01009826,All household spaces,235,228,7,0,7
S01009826,Whole house or bungalow: Total,89,87,2,0,2
S01009826,Whole house or bungalow: Detached,6,6,0,0,0
S01009826,Whole house or bungalow: Semi-detached,13,13,0,0,0
S01009826,Whole house or bungalow: Terraced (including end-terrace),70,68,2,0,2
S01009826,Flat maisonette or apartment or mobile/temporary accommodation,146,141,5,0,5
S01009827,All household spaces,370,367,3,0,3
S01009827,Whole house or bungalow: Total,203,200,3,0,3
S01009827,Whole house or bungalow: Detached,4,4,0,0,0
S01009827,Whole house or bungalow: Semi-detached,23,21,2,0,2
S01009827,Whole house or bungalow: Terraced (including end-terrace),176,175,1,0,1
S01009827,Flat maisonette or apartment or mobile/temporary accommodation,167,167,0,0,0
S01009828,All household spaces,397,394,3,0,3
S01009828,Whole house or bungalow: Total,71,71,0,0,0
S01009828,Whole house or bungalow: Detached,4,4,0,0,0
S01009828,Whole house or bungalow: Semi-detached,18,18,0,0,0
S01009828,Whole house or bungalow: Terraced (including end-terrace),49,49,0,0,0
S01009828,Flat maisonette or apartment or mobile/temporary accommodation,326,323,3,0,3
S01009829,All household spaces,526,512,14,0,14
S01009829,Whole house or bungalow: Total,35,35,0,0,0
S01009829,Whole house or bungalow: Detached,5,5,0,0,0
S01009829,Whole house or bungalow: Semi-detached,15,15,0,0,0
S01009829,Whole house or bungalow: Terraced (including end-terrace),15,15,0,0,0
S01009829,Flat maisonette or apartment or mobile/temporary accommodation,491,477,14,0,14
S01009830,All household spaces,337,329,8,0,8
S01009830,Whole house or bungalow: Total,78,77,1,0,1
S01009830,Whole house or bungalow: Detached,5,5,0,0,0
S01009830,Whole house or bungalow: Semi-detached,30,30,0,0,0
S01009830,Whole house or bungalow: Terraced (including end-terrace),43,42,1,0,1
S01009830,Flat maisonette or apartment or mobile/temporary accommodation,259,252,7,0,7
S01009831,All household spaces,316,313,3,0,3
S01009831,Whole house or bungalow: Total,22,22,0,0,0
S01009831,Whole house or bungalow: Detached,3,3,0,0,0
S01009831,Whole house or bungalow: Semi-detached,10,10,0,0,0
S01009831,Whole house or bungalow: Terraced (including end-terrace),9,9,0,0,0
S01009831,Flat maisonette or apartment or mobile/temporary accommodation,294,291,3,0,3
S01009832,All household spaces,488,474,14,0,14
S01009832,Whole house or bungalow: Total,100,99,1,0,1
S01009832,Whole house or bungalow: Detached,11,11,0,0,0
S01009832,Whole house or bungalow: Semi-detached,73,72,1,0,1
S01009832,Whole house or bungalow: Terraced (including end-terrace),16,16,0,0,0
S01009832,Flat maisonette or apartment or mobile/temporary accommodation,388,375,13,0,13
S01009833,All household spaces,241,238,3,0,3
S01009833,Whole house or bungalow: Total,117,116,1,0,1
S01009833,Whole house or bungalow: Detached,0,0,0,0,0
S01009833,Whole house or bungalow: Semi-detached,71,70,1,0,1
S01009833,Whole house or bungalow: Terraced (including end-terrace),46,46,0,0,0
S01009833,Flat maisonette or apartment or mobile/temporary accommodation,124,122,2,0,2
S01009834,All household spaces,379,372,7,0,7
S01009834,Whole house or bungalow: Total,175,172,3,0,3
S01009834,Whole house or bungalow: Detached,4,4,0,0,0
S01009834,Whole house or bungalow: Semi-detached,123,120,3,0,3
S01009834,Whole house or bungalow: Terraced (including end-terrace),48,48,0,0,0
S01009834,Flat maisonette or apartment or mobile/temporary accommodation,204,200,4,0,4
S01009835,All household spaces,264,258,6,0,6
S01009835,Whole house or bungalow: Total,62,60,2,0,2
S01009835,Whole house or bungalow: Detached,2,1,1,0,1
S01009835,Whole house or bungalow: Semi-detached,26,26,0,0,0
S01009835,Whole house or bungalow: Terraced (including end-terrace),34,33,1,0,1
S01009835,Flat maisonette or apartment or mobile/temporary accommodation,202,198,4,0,4
S01009836,All household spaces,418,414,4,1,3
S01009836,Whole house or bungalow: Total,283,279,4,1,3
S01009836,Whole house or bungalow: Detached,37,36,1,1,0
S01009836,Whole house or bungalow: Semi-detached,99,98,1,0,1
S01009836,Whole house or bungalow: Terraced (including end-terrace),147,145,2,0,2
S01009836,Flat maisonette or apartment or mobile/temporary accommodation,135,135,0,0,0
S01009837,All household spaces,374,368,6,0,6
S01009837,Whole house or bungalow: Total,145,141,4,0,4
S01009837,Whole house or bungalow: Detached,5,5,0,0,0
S01009837,Whole house or bungalow: Semi-detached,44,44,0,0,0
S01009837,Whole house or bungalow: Terraced (including end-terrace),96,92,4,0,4
S01009837,Flat maisonette or apartment or mobile/temporary accommodation,229,227,2,0,2
S01009838,All household spaces,435,433,2,0,2
S01009838,Whole house or bungalow: Total,77,77,0,0,0
S01009838,Whole house or bungalow: Detached,2,2,0,0,0
S01009838,Whole house or bungalow: Semi-detached,25,25,0,0,0
S01009838,Whole house or bungalow: Terraced (including end-terrace),50,50,0,0,0
S01009838,Flat maisonette or apartment or mobile/temporary accommodation,358,356,2,0,2
S01009839,All household spaces,624,615,9,0,9
S01009839,Whole house or bungalow: Total,20,20,0,0,0
S01009839,Whole house or bungalow: Detached,2,2,0,0,0
S01009839,Whole house or bungalow: Semi-detached,8,8,0,0,0
S01009839,Whole house or bungalow: Terraced (including end-terrace),10,10,0,0,0
S01009839,Flat maisonette or apartment or mobile/temporary accommodation,604,595,9,0,9
S01009840,All household spaces,477,475,2,0,2
S01009840,Whole house or bungalow: Total,200,200,0,0,0
S01009840,Whole house or bungalow: Detached,10,10,0,0,0
S01009840,Whole house or bungalow: Semi-detached,82,82,0,0,0
S01009840,Whole house or bungalow: Terraced (including end-terrace),108,108,0,0,0
S01009840,Flat maisonette or apartment or mobile/temporary accommodation,277,275,2,0,2
S01009841,All household spaces,464,461,3,0,3
S01009841,Whole house or bungalow: Total,19,19,0,0,0
S01009841,Whole house or bungalow: Detached,3,3,0,0,0
S01009841,Whole house or bungalow: Semi-detached,5,5,0,0,0
S01009841,Whole house or bungalow: Terraced (including end-terrace),11,11,0,0,0
S01009841,Flat maisonette or apartment or mobile/temporary accommodation,445,442,3,0,3
S01009842,All household spaces,365,332,33,0,33
S01009842,Whole house or bungalow: Total,103,84,19,0,19
S01009842,Whole house or bungalow: Detached,5,5,0,0,0
S01009842,Whole house or bungalow: Semi-detached,22,21,1,0,1
S01009842,Whole house or bungalow: Terraced (including end-terrace),76,58,18,0,18
S01009842,Flat maisonette or apartment or mobile/temporary accommodation,262,248,14,0,14
S01009843,All household spaces,315,310,5,1,4
S01009843,Whole house or bungalow: Total,127,126,1,1,0
S01009843,Whole house or bungalow: Detached,6,6,0,0,0
S01009843,Whole house or bungalow: Semi-detached,30,29,1,1,0
S01009843,Whole house or bungalow: Terraced (including end-terrace),91,91,0,0,0
S01009843,Flat maisonette or apartment or mobile/temporary accommodation,188,184,4,0,4
S01009844,All household spaces,391,361,30,0,30
S01009844,Whole house or bungalow: Total,13,12,1,0,1
S01009844,Whole house or bungalow: Detached,5,5,0,0,0
S01009844,Whole house or bungalow: Semi-detached,0,0,0,0,0
S01009844,Whole house or bungalow: Terraced (including end-terrace),8,7,1,0,1
S01009844,Flat maisonette or apartment or mobile/temporary accommodation,378,349,29,0,29
S01009845,All household spaces,446,440,6,0,6
S01009845,Whole house or bungalow: Total,12,12,0,0,0
S01009845,Whole house or bungalow: Detached,1,1,0,0,0
S01009845,Whole house or bungalow: Semi-detached,5,5,0,0,0
S01009845,Whole house or bungalow: Terraced (including end-terrace),6,6,0,0,0
S01009845,Flat maisonette or apartment or mobile/temporary accommodation,434,428,6,0,6
S01009846,All household spaces,463,461,2,0,2
S01009846,Whole house or bungalow: Total,208,207,1,0,1
S01009846,Whole house or bungalow: Detached,21,21,0,0,0
S01009846,Whole house or bungalow: Semi-detached,86,85,1,0,1
S01009846,Whole house or bungalow: Terraced (including end-terrace),101,101,0,0,0
S01009846,Flat maisonette or apartment or mobile/temporary accommodation,255,254,1,0,1
S01009847,All household spaces,326,322,4,0,4
S01009847,Whole house or bungalow: Total,21,21,0,0,0
S01009847,Whole house or bungalow: Detached,1,1,0,0,0
S01009847,Whole house or bungalow: Semi-detached,7,7,0,0,0
S01009847,Whole house or bungalow: Terraced (including end-terrace),13,13,0,0,0
S01009847,Flat maisonette or apartment or mobile/temporary accommodation,305,301,4,0,4
S01009848,All household spaces,387,383,4,0,4
S01009848,Whole house or bungalow: Total,225,221,4,0,4
S01009848,Whole house or bungalow: Detached,4,4,0,0,0
S01009848,Whole house or bungalow: Semi-detached,109,109,0,0,0
S01009848,Whole house or bungalow: Terraced (including end-terrace),112,108,4,0,4
S01009848,Flat maisonette or apartment or mobile/temporary accommodation,162,162,0,0,0
S01009849,All household spaces,452,445,7,0,7
S01009849,Whole house or bungalow: Total,26,25,1,0,1
S01009849,Whole house or bungalow: Detached,1,1,0,0,0
S01009849,Whole house or bungalow: Semi-detached,10,10,0,0,0
S01009849,Whole house or bungalow: Terraced (including end-terrace),15,14,1,0,1
S01009849,Flat maisonette or apartment or mobile/temporary accommodation,426,420,6,0,6
S01009850,All household spaces,495,472,23,0,23
S01009850,Whole house or bungalow: Total,96,93,3,0,3
S01009850,Whole house or bungalow: Detached,6,5,1,0,1
S01009850,Whole house or bungalow: Semi-detached,73,71,2,0,2
S01009850,Whole house or bungalow: Terraced (including end-terrace),17,17,0,0,0
S01009850,Flat maisonette or apartment or mobile/temporary accommodation,399,379,20,0,20
S01009851,All household spaces,516,470,46,0,46
S01009851,Whole house or bungalow: Total,127,115,12,0,12
S01009851,Whole house or bungalow: Detached,3,3,0,0,0
S01009851,Whole house or bungalow: Semi-detached,77,73,4,0,4
S01009851,Whole house or bungalow: Terraced (including end-terrace),47,39,8,0,8
S01009851,Flat maisonette or apartment or mobile/temporary accommodation,389,355,34,0,34
S01009852,All household spaces,260,257,3,0,3
S01009852,Whole house or bungalow: Total,193,190,3,0,3
S01009852,Whole house or bungalow: Detached,6,5,1,0,1
S01009852,Whole house or bungalow: Semi-detached,150,148,2,0,2
S01009852,Whole house or bungalow: Terraced (including end-terrace),37,37,0,0,0
S01009852,Flat maisonette or apartment or mobile/temporary accommodation,67,67,0,0,0
S01009853,All household spaces,415,413,2,1,1
S01009853,Whole house or bungalow: Total,171,171,0,0,0
S01009853,Whole house or bungalow: Detached,7,7,0,0,0
S01009853,Whole house or bungalow: Semi-detached,118,118,0,0,0
S01009853,Whole house or bungalow: Terraced (including end-terrace),46,46,0,0,0
S01009853,Flat maisonette or apartment or mobile/temporary accommodation,244,242,2,1,1
S01009854,All household spaces,401,398,3,0,3
S01009854,Whole house or bungalow: Total,260,258,2,0,2
S01009854,Whole house or bungalow: Detached,34,34,0,0,0
S01009854,Whole house or bungalow: Semi-detached,106,106,0,0,0
S01009854,Whole house or bungalow: Terraced (including end-terrace),120,118,2,0,2
S01009854,Flat maisonette or apartment or mobile/temporary accommodation,141,140,1,0,1
S01009855,All household spaces,257,250,7,0,7
S01009855,Whole house or bungalow: Total,195,189,6,0,6
S01009855,Whole house or bungalow: Detached,2,2,0,0,0
S01009855,Whole house or bungalow: Semi-detached,141,137,4,0,4
S01009855,Whole house or bungalow: Terraced (including end-terrace),52,50,2,0,2
S01009855,Flat maisonette or apartment or mobile/temporary accommodation,62,61,1,0,1
S01009856,All household spaces,311,308,3,0,3
S01009856,Whole house or bungalow: Total,109,106,3,0,3
S01009856,Whole house or bungalow: Detached,3,3,0,0,0
S01009856,Whole house or bungalow: Semi-detached,49,46,3,0,3
S01009856,Whole house or bungalow: Terraced (including end-terrace),57,57,0,0,0
S01009856,Flat maisonette or apartment or mobile/temporary accommodation,202,202,0,0,0
S01009857,All household spaces,379,374,5,1,4
S01009857,Whole house or bungalow: Total,284,280,4,0,4
S01009857,Whole house or bungalow: Detached,4,4,0,0,0
S01009857,Whole house or bungalow: Semi-detached,239,235,4,0,4
S01009857,Whole house or bungalow: Terraced (including end-terrace),41,41,0,0,0
S01009857,Flat maisonette or apartment or mobile/temporary accommodation,95,94,1,1,0
S01009858,All household spaces,345,337,8,0,8
S01009858,Whole house or bungalow: Total,206,203,3,0,3
S01009858,Whole house or bungalow: Detached,5,5,0,0,0
S01009858,Whole house or bungalow: Semi-detached,135,132,3,0,3
S01009858,Whole house or bungalow: Terraced (including end-terrace),66,66,0,0,0
S01009858,Flat maisonette or apartment or mobile/temporary accommodation,139,134,5,0,5
S01009859,All household spaces,603,580,23,1,22
S01009859,Whole house or bungalow: Total,103,96,7,1,6
S01009859,Whole house or bungalow: Detached,4,4,0,0,0
S01009859,Whole house or bungalow: Semi-detached,22,21,1,1,0
S01009859,Whole house or bungalow: Terraced (including end-terrace),77,71,6,0,6
S01009859,Flat maisonette or apartment or mobile/temporary accommodation,500,484,16,0,16
S01009860,All household spaces,516,503,13,1,12
S01009860,Whole house or bungalow: Total,66,64,2,0,2
S01009860,Whole house or bungalow: Detached,4,4,0,0,0
S01009860,Whole house or bungalow: Semi-detached,15,14,1,0,1
S01009860,Whole house or bungalow: Terraced (including end-terrace),47,46,1,0,1
S01009860,Flat maisonette or apartment or mobile/temporary accommodation,450,439,11,1,10
S01009861,All household spaces,611,524,87,0,87
S01009861,Whole house or bungalow: Total,60,59,1,0,1
S01009861,Whole house or bungalow: Detached,7,7,0,0,0
S01009861,Whole house or bungalow: Semi-detached,14,14,0,0,0
S01009861,Whole house or bungalow: Terraced (including end-terrace),39,38,1,0,1
S01009861,Flat maisonette or apartment or mobile/temporary accommodation,551,465,86,0,86
S01009862,All household spaces,621,607,14,1,13
S01009862,Whole house or bungalow: Total,26,23,3,0,3
S01009862,Whole house or bungalow: Detached,2,2,0,0,0
S01009862,Whole house or bungalow: Semi-detached,2,2,0,0,0
S01009862,Whole house or bungalow: Terraced (including end-terrace),22,19,3,0,3
S01009862,Flat maisonette or apartment or mobile/temporary accommodation,595,584,11,1,10
S01009863,All household spaces,504,461,43,0,43
S01009863,Whole house or bungalow: Total,18,15,3,0,3
S01009863,Whole house or bungalow: Detached,2,2,0,0,0
S01009863,Whole house or bungalow: Semi-detached,3,3,0,0,0
S01009863,Whole house or bungalow: Terraced (including end-terrace),13,10,3,0,3
S01009863,Flat maisonette or apartment or mobile/temporary accommodation,486,446,40,0,40
S01009864,All household spaces,337,317,20,0,20
S01009864,Whole house or bungalow: Total,33,33,0,0,0
S01009864,Whole house or bungalow: Detached,4,4,0,0,0
S01009864,Whole house or bungalow: Semi-detached,10,10,0,0,0
S01009864,Whole house or bungalow: Terraced (including end-terrace),19,19,0,0,0
S01009864,Flat maisonette or apartment or mobile/temporary accommodation,304,284,20,0,20
S01009865,All household spaces,261,245,16,0,16
S01009865,Whole house or bungalow: Total,28,25,3,0,3
S01009865,Whole house or bungalow: Detached,0,0,0,0,0
S01009865,Whole house or bungalow: Semi-detached,2,2,0,0,0
S01009865,Whole house or bungalow: Terraced (including end-terrace),26,23,3,0,3
S01009865,Flat maisonette or apartment or mobile/temporary accommodation,233,220,13,0,13
S01009866,All household spaces,468,455,13,1,12
S01009866,Whole house or bungalow: Total,162,159,3,0,3
S01009866,Whole house or bungalow: Detached,5,5,0,0,0
S01009866,Whole house or bungalow: Semi-detached,52,52,0,0,0
S01009866,Whole house or bungalow: Terraced (including end-terrace),105,102,3,0,3
S01009866,Flat maisonette or apartment or mobile/temporary accommodation,306,296,10,1,9
S01009867,All household spaces,620,595,25,2,23
S01009867,Whole house or bungalow: Total,90,86,4,0,4
S01009867,Whole house or bungalow: Detached,4,4,0,0,0
S01009867,Whole house or bungalow: Semi-detached,37,34,3,0,3
S01009867,Whole house or bungalow: Terraced (including end-terrace),49,48,1,0,1
S01009867,Flat maisonette or apartment or mobile/temporary accommodation,530,509,21,2,19
S01009868,All household spaces,319,308,11,0,11
S01009868,Whole house or bungalow: Total,35,35,0,0,0
S01009868,Whole house or bungalow: Detached,1,1,0,0,0
S01009868,Whole house or bungalow: Semi-detached,7,7,0,0,0
S01009868,Whole house or bungalow: Terraced (including end-terrace),27,27,0,0,0
S01009868,Flat maisonette or apartment or mobile/temporary accommodation,284,273,11,0,11
S01009869,All household spaces,282,269,13,1,12
S01009869,Whole house or bungalow: Total,4,4,0,0,0
S01009869,Whole house or bungalow: Detached,2,2,0,0,0
S01009869,Whole house or bungalow: Semi-detached,1,1,0,0,0
S01009869,Whole house or bungalow: Terraced (including end-terrace),1,1,0,0,0
S01009869,Flat maisonette or apartment or mobile/temporary accommodation,278,265,13,1,12
S01009870,All household spaces,281,274,7,0,7
S01009870,Whole house or bungalow: Total,6,6,0,0,0
S01009870,Whole house or bungalow: Detached,1,1,0,0,0
S01009870,Whole house or bungalow: Semi-detached,0,0,0,0,0
S01009870,Whole house or bungalow: Terraced (including end-terrace),5,5,0,0,0
S01009870,Flat maisonette or apartment or mobile/temporary accommodation,275,268,7,0,7
S01009871,All household spaces,607,587,20,0,20
S01009871,Whole house or bungalow: Total,100,98,2,0,2
S01009871,Whole house or bungalow: Detached,29,28,1,0,1
S01009871,Whole house or bungalow: Semi-detached,14,13,1,0,1
S01009871,Whole house or bungalow: Terraced (including end-terrace),57,57,0,0,0
S01009871,Flat maisonette or apartment or mobile/temporary accommodation,507,489,18,0,18
S01009872,All household spaces,396,365,31,0,31
S01009872,Whole house or bungalow: Total,9,9,0,0,0
S01009872,Whole house or bungalow: Detached,5,5,0,0,0
S01009872,Whole house or bungalow: Semi-detached,2,2,0,0,0
S01009872,Whole house or bungalow: Terraced (including end-terrace),2,2,0,0,0
S01009872,Flat maisonette or apartment or mobile/temporary accommodation,387,356,31,0,31
S01009873,All household spaces,458,445,13,2,11
S01009873,Whole house or bungalow: Total,139,134,5,1,4
S01009873,Whole house or bungalow: Detached,67,64,3,1,2
S01009873,Whole house or bungalow: Semi-detached,55,53,2,0,2
S01009873,Whole house or bungalow: Terraced (including end-terrace),17,17,0,0,0
S01009873,Flat maisonette or apartment or mobile/temporary accommodation,319,311,8,1,7
S01009874,All household spaces,517,497,20,0,20
S01009874,Whole house or bungalow: Total,219,211,8,0,8
S01009874,Whole house or bungalow: Detached,77,73,4,0,4
S01009874,Whole house or bungalow: Semi-detached,107,103,4,0,4
S01009874,Whole house or bungalow: Terraced (including end-terrace),35,35,0,0,0
S01009874,Flat maisonette or apartment or mobile/temporary accommodation,298,286,12,0,12
S01009875,All household spaces,311,307,4,0,4
S01009875,Whole house or bungalow: Total,18,18,0,0,0
S01009875,Whole house or bungalow: Detached,10,10,0,0,0
S01009875,Whole house or bungalow: Semi-detached,3,3,0,0,0
S01009875,Whole house or bungalow: Terraced (including end-terrace),5,5,0,0,0
S01009875,Flat maisonette or apartment or mobile/temporary accommodation,293,289,4,0,4
S01009876,All household spaces,325,322,3,0,3
S01009876,Whole house or bungalow: Total,8,8,0,0,0
S01009876,Whole house or bungalow: Detached,4,4,0,0,0
S01009876,Whole house or bungalow: Semi-detached,2,2,0,0,0
S01009876,Whole house or bungalow: Terraced (including end-terrace),2,2,0,0,0
S01009876,Flat maisonette or apartment or mobile/temporary accommodation,317,314,3,0,3
S01009877,All household spaces,378,360,18,2,16
S01009877,Whole house or bungalow: Total,111,104,7,0,7
S01009877,Whole house or bungalow: Detached,48,42,6,0,6
S01009877,Whole house or bungalow: Semi-detached,50,49,1,0,1
S01009877,Whole house or bungalow: Terraced (including end-terrace),13,13,0,0,0
S01009877,Flat maisonette or apartment or mobile/temporary accommodation,267,256,11,2,9
S01009878,All household spaces,256,252,4,0,4
S01009878,Whole house or bungalow: Total,9,9,0,0,0
S01009878,Whole house or bungalow: Detached,1,1,0,0,0
S01009878,Whole house or bungalow: Semi-detached,2,2,0,0,0
S01009878,Whole house or bungalow: Terraced (including end-terrace),6,6,0,0,0
S01009878,Flat maisonette or apartment or mobile/temporary accommodation,247,243,4,0,4
S01009879,All household spaces,341,332,9,1,8
S01009879,Whole house or bungalow: Total,150,144,6,0,6
S01009879,Whole house or bungalow: Detached,81,76,5,0,5
S01009879,Whole house or bungalow: Semi-detached,61,60,1,0,1
S01009879,Whole house or bungalow: Terraced (including end-terrace),8,8,0,0,0
S01009879,Flat maisonette or apartment or mobile/temporary accommodation,191,188,3,1,2
S01009880,All household spaces,266,258,8,0,8
S01009880,Whole house or bungalow: Total,150,146,4,0,4
S01009880,Whole house or bungalow: Detached,41,40,1,0,1
S01009880,Whole house or bungalow: Semi-detached,106,103,3,0,3
S01009880,Whole house or bungalow: Terraced (including end-terrace),3,3,0,0,0
S01009880,Flat maisonette or apartment or mobile/temporary accommodation,116,112,4,0,4
S01009881,All household spaces,191,179,12,0,12
S01009881,Whole house or bungalow: Total,6,6,0,0,0
S01009881,Whole house or bungalow: Detached,1,1,0,0,0
S01009881,Whole house or bungalow: Semi-detached,3,3,0,0,0
S01009881,Whole house or bungalow: Terraced (including end-terrace),2,2,0,0,0
S01009881,Flat maisonette or apartment or mobile/temporary accommodation,185,173,12,0,12
S01009882,All household spaces,623,613,10,0,10
S01009882,Whole house or bungalow: Total,13,12,1,0,1
S01009882,Whole house or bungalow: Detached,3,3,0,0,0
S01009882,Whole house or bungalow: Semi-detached,5,4,1,0,1
S01009882,Whole house or bungalow: Terraced (including end-terrace),5,5,0,0,0
S01009882,Flat maisonette or apartment or mobile/temporary accommodation,610,601,9,0,9
S01009883,All household spaces,296,280,16,2,14
S01009883,Whole house or bungalow: Total,18,18,0,0,0
S01009883,Whole house or bungalow: Detached,2,2,0,0,0
S01009883,Whole house or bungalow: Semi-detached,6,6,0,0,0
S01009883,Whole house or bungalow: Terraced (including end-terrace),10,10,0,0,0
S01009883,Flat maisonette or apartment or mobile/temporary accommodation,278,262,16,2,14
S01009884,All household spaces,325,316,9,0,9
S01009884,Whole house or bungalow: Total,10,10,0,0,0
S01009884,Whole house or bungalow: Detached,1,1,0,0,0
S01009884,Whole house or bungalow: Semi-detached,4,4,0,0,0
S01009884,Whole house or bungalow: Terraced (including end-terrace),5,5,0,0,0
S01009884,Flat maisonette or apartment or mobile/temporary accommodation,315,306,9,0,9
S01009885,All household spaces,258,251,7,0,7
S01009885,Whole house or bungalow: Total,12,12,0,0,0
S01009885,Whole house or bungalow: Detached,2,2,0,0,0
S01009885,Whole house or bungalow: Semi-detached,7,7,0,0,0
S01009885,Whole house or bungalow: Terraced (including end-terrace),3,3,0,0,0
S01009885,Flat maisonette or apartment or mobile/temporary accommodation,246,239,7,0,7
S01009886,All household spaces,289,277,12,1,11
S01009886,Whole house or bungalow: Total,20,20,0,0,0
S01009886,Whole house or bungalow: Detached,5,5,0,0,0
S01009886,Whole house or bungalow: Semi-detached,3,3,0,0,0
S01009886,Whole house or bungalow: Terraced (including end-terrace),12,12,0,0,0
S01009886,Flat maisonette or apartment or mobile/temporary accommodation,269,257,12,1,11
S01009887,All household spaces,504,490,14,1,13
S01009887,Whole house or bungalow: Total,11,11,0,0,0
S01009887,Whole house or bungalow: Detached,1,1,0,0,0
S01009887,Whole house or bungalow: Semi-detached,8,8,0,0,0
S01009887,Whole house or bungalow: Terraced (including end-terrace),2,2,0,0,0
S01009887,Flat maisonette or apartment or mobile/temporary accommodation,493,479,14,1,13
S01009888,All household spaces,301,280,21,0,21
S01009888,Whole house or bungalow: Total,9,9,0,0,0
S01009888,Whole house or bungalow: Detached,2,2,0,0,0
S01009888,Whole house or bungalow: Semi-detached,5,5,0,0,0
S01009888,Whole house or bungalow: Terraced (including end-terrace),2,2,0,0,0
S01009888,Flat maisonette or apartment or mobile/temporary accommodation,292,271,21,0,21
S01009889,All household spaces,381,370,11,0,11
S01009889,Whole house or bungalow: Total,16,16,0,0,0
S01009889,Whole house or bungalow: Detached,2,2,0,0,0
S01009889,Whole house or bungalow: Semi-detached,8,8,0,0,0
S01009889,Whole house or bungalow: Terraced (including end-terrace),6,6,0,0,0
S01009889,Flat maisonette or apartment or mobile/temporary accommodation,365,354,11,0,11
S01009890,All household spaces,283,278,5,1,4
S01009890,Whole house or bungalow: Total,6,6,0,0,0
S01009890,Whole house or bungalow: Detached,0,0,0,0,0
S01009890,Whole house or bungalow: Semi-detached,3,3,0,0,0
S01009890,Whole house or bungalow: Terraced (including end-terrace),3,3,0,0,0
S01009890,Flat maisonette or apartment or mobile/temporary accommodation,277,272,5,1,4
S01009891,All household spaces,441,430,11,0,11
S01009891,Whole house or bungalow: Total,6,5,1,0,1
S01009891,Whole house or bungalow: Detached,1,0,1,0,1
S01009891,Whole house or bungalow: Semi-detached,2,2,0,0,0
S01009891,Whole house or bungalow: Terraced (including end-terrace),3,3,0,0,0
S01009891,Flat maisonette or apartment or mobile/temporary accommodation,435,425,10,0,10
S01009892,All household spaces,487,468,19,1,18
S01009892,Whole house or bungalow: Total,9,8,1,0,1
S01009892,Whole house or bungalow: Detached,2,1,1,0,1
S01009892,Whole house or bungalow: Semi-detached,2,2,0,0,0
S01009892,Whole house or bungalow: Terraced (including end-terrace),5,5,0,0,0
S01009892,Flat maisonette or apartment or mobile/temporary accommodation,478,460,18,1,17
S01009893,All household spaces,452,420,32,0,32
S01009893,Whole house or bungalow: Total,14,13,1,0,1
S01009893,Whole house or bungalow: Detached,4,3,1,0,1
S01009893,Whole house or bungalow: Semi-detached,4,4,0,0,0
S01009893,Whole house or bungalow: Terraced (including end-terrace),6,6,0,0,0
S01009893,Flat maisonette or apartment or mobile/temporary accommodation,438,407,31,0,31
S01009894,All household spaces,477,476,1,0,1
S01009894,Whole house or bungalow: Total,8,8,0,0,0
S01009894,Whole house or bungalow: Detached,1,1,0,0,0
S01009894,Whole house or bungalow: Semi-detached,4,4,0,0,0
S01009894,Whole house or bungalow: Terraced (including end-terrace),3,3,0,0,0
S01009894,Flat maisonette or apartment or mobile/temporary accommodation,469,468,1,0,1
S01009895,All household spaces,417,408,9,0,9
S01009895,Whole house or bungalow: Total,77,76,1,0,1
S01009895,Whole house or bungalow: Detached,3,3,0,0,0
S01009895,Whole house or bungalow: Semi-detached,11,11,0,0,0
S01009895,Whole house or bungalow: Terraced (including end-terrace),63,62,1,0,1
S01009895,Flat maisonette or apartment or mobile/temporary accommodation,340,332,8,0,8
S01009896,All household spaces,475,470,5,0,5
S01009896,Whole house or bungalow: Total,101,100,1,0,1
S01009896,Whole house or bungalow: Detached,5,5,0,0,0
S01009896,Whole house or bungalow: Semi-detached,22,22,0,0,0
S01009896,Whole house or bungalow: Terraced (including end-terrace),74,73,1,0,1
S01009896,Flat maisonette or apartment or mobile/temporary accommodation,374,370,4,0,4
S01009897,All household spaces,515,497,18,2,16
S01009897,Whole house or bungalow: Total,115,114,1,0,1
S01009897,Whole house or bungalow: Detached,4,4,0,0,0
S01009897,Whole house or bungalow: Semi-detached,75,75,0,0,0
S01009897,Whole house or bungalow: Terraced (including end-terrace),36,35,1,0,1
S01009897,Flat maisonette or apartment or mobile/temporary accommodation,400,383,17,2,15
S01009898,All household spaces,262,259,3,1,2
S01009898,Whole house or bungalow: Total,20,18,2,0,2
S01009898,Whole house or bungalow: Detached,2,2,0,0,0
S01009898,Whole house or bungalow: Semi-detached,11,9,2,0,2
S01009898,Whole house or bungalow: Terraced (including end-terrace),7,7,0,0,0
S01009898,Flat maisonette or apartment or mobile/temporary accommodation,242,241,1,1,0
S01009899,All household spaces,484,464,20,0,20
S01009899,Whole house or bungalow: Total,10,10,0,0,0
S01009899,Whole house or bungalow: Detached,1,1,0,0,0
S01009899,Whole house or bungalow: Semi-detached,2,2,0,0,0
S01009899,Whole house or bungalow: Terraced (including end-terrace),7,7,0,0,0
S01009899,Flat maisonette or apartment or mobile/temporary accommodation,474,454,20,0,20
S01009900,All household spaces,507,499,8,1,7
S01009900,Whole house or bungalow: Total,6,6,0,0,0
S01009900,Whole house or bungalow: Detached,1,1,0,0,0
S01009900,Whole house or bungalow: Semi-detached,1,1,0,0,0
S01009900,Whole house or bungalow: Terraced (including end-terrace),4,4,0,0,0
S01009900,Flat maisonette or apartment or mobile/temporary accommodation,501,493,8,1,7
S01009901,All household spaces,467,456,11,0,11
S01009901,Whole house or bungalow: Total,35,33,2,0,2
S01009901,Whole house or bungalow: Detached,1,0,1,0,1
S01009901,Whole house or bungalow: Semi-detached,2,2,0,0,0
S01009901,Whole house or bungalow: Terraced (including end-terrace),32,31,1,0,1
S01009901,Flat maisonette or apartment or mobile/temporary accommodation,432,423,9,0,9
S01009902,All household spaces,502,495,7,0,7
S01009902,Whole house or bungalow: Total,86,85,1,0,1
S01009902,Whole house or bungalow: Detached,13,12,1,0,1
S01009902,Whole house or bungalow: Semi-detached,24,24,0,0,0
S01009902,Whole house or bungalow: Terraced (including end-terrace),49,49,0,0,0
S01009902,Flat maisonette or apartment or mobile/temporary accommodation,416,410,6,0,6
S01009903,All household spaces,276,272,4,0,4
S01009903,Whole house or bungalow: Total,63,62,1,0,1
S01009903,Whole house or bungalow: Detached,18,18,0,0,0
S01009903,Whole house or bungalow: Semi-detached,26,26,0,0,0
S01009903,Whole house or bungalow: Terraced (including end-terrace),19,18,1,0,1
S01009903,Flat maisonette or apartment or mobile/temporary accommodation,213,210,3,0,3
S01009904,All household spaces,470,456,14,0,14
S01009904,Whole house or bungalow: Total,50,50,0,0,0
S01009904,Whole house or bungalow: Detached,2,2,0,0,0
S01009904,Whole house or bungalow: Semi-detached,13,13,0,0,0
S01009904,Whole house or bungalow: Terraced (including end-terrace),35,35,0,0,0
S01009904,Flat maisonette or apartment or mobile/temporary accommodation,420,406,14,0,14
S01009905,All household spaces,437,372,65,0,65
S01009905,Whole house or bungalow: Total,6,6,0,0,0
S01009905,Whole house or bungalow: Detached,0,0,0,0,0
S01009905,Whole house or bungalow: Semi-detached,4,4,0,0,0
S01009905,Whole house or bungalow: Terraced (including end-terrace),2,2,0,0,0
S01009905,Flat maisonette or apartment or mobile/temporary accommodation,431,366,65,0,65
S01009906,All household spaces,337,331,6,0,6
S01009906,Whole house or bungalow: Total,8,8,0,0,0
S01009906,Whole house or bungalow: Detached,2,2,0,0,0
S01009906,Whole house or bungalow: Semi-detached,3,3,0,0,0
S01009906,Whole house or bungalow: Terraced (including end-terrace),3,3,0,0,0
S01009906,Flat maisonette or apartment or mobile/temporary accommodation,329,323,6,0,6
S01009907,All household spaces,613,592,21,1,20
S01009907,Whole house or bungalow: Total,5,5,0,0,0
S01009907,Whole house or bungalow: Detached,1,1,0,0,0
S01009907,Whole house or bungalow: Semi-detached,0,0,0,0,0
S01009907,Whole house or bungalow: Terraced (including end-terrace),4,4,0,0,0
S01009907,Flat maisonette or apartment or mobile/temporary accommodation,608,587,21,1,20
S01009908,All household spaces,508,492,16,2,14
S01009908,Whole house or bungalow: Total,75,75,0,0,0
S01009908,Whole house or bungalow: Detached,1,1,0,0,0
S01009908,Whole house or bungalow: Semi-detached,2,2,0,0,0
S01009908,Whole house or bungalow: Terraced (including end-terrace),72,72,0,0,0
S01009908,Flat maisonette or apartment or mobile/temporary accommodation,433,417,16,2,14
S01009909,All household spaces,492,471,21,2,19
S01009909,Whole house or bungalow: Total,7,7,0,0,0
S01009909,Whole house or bungalow: Detached,4,4,0,0,0
S01009909,Whole house or bungalow: Semi-detached,3,3,0,0,0
S01009909,Whole house or bungalow: Terraced (including end-terrace),0,0,0,0,0
S01009909,Flat maisonette or apartment or mobile/temporary accommodation,485,464,21,2,19
S01009910,All household spaces,283,278,5,0,5
S01009910,Whole house or bungalow: Total,3,3,0,0,0
S01009910,Whole house or bungalow: Detached,1,1,0,0,0
S01009910,Whole house or bungalow: Semi-detached,1,1,0,0,0
S01009910,Whole house or bungalow: Terraced (including end-terrace),1,1,0,0,0
S01009910,Flat maisonette or apartment or mobile/temporary accommodation,280,275,5,0,5
S01009911,All household spaces,419,415,4,0,4
S01009911,Whole house or bungalow: Total,196,195,1,0,1
S01009911,Whole house or bungalow: Detached,3,3,0,0,0
S01009911,Whole house or bungalow: Semi-detached,13,13,0,0,0
S01009911,Whole house or bungalow: Terraced (including end-terrace),180,179,1,0,1
S01009911,Flat maisonette or apartment or mobile/temporary accommodation,223,220,3,0,3
S01009912,All household spaces,372,365,7,1,6
S01009912,Whole house or bungalow: Total,78,76,2,0,2
S01009912,Whole house or bungalow: Detached,36,36,0,0,0
S01009912,Whole house or bungalow: Semi-detached,38,36,2,0,2
S01009912,Whole house or bungalow: Terraced (including end-terrace),4,4,0,0,0
S01009912,Flat maisonette or apartment or mobile/temporary accommodation,294,289,5,1,4
S01009913,All household spaces,263,232,31,0,31
S01009913,Whole house or bungalow: Total,156,151,5,0,5
S01009913,Whole house or bungalow: Detached,119,116,3,0,3
S01009913,Whole house or bungalow: Semi-detached,35,33,2,0,2
S01009913,Whole house or bungalow: Terraced (including end-terrace),2,2,0,0,0
S01009913,Flat maisonette or apartment or mobile/temporary accommodation,107,81,26,0,26
S01009914,All household spaces,420,408,12,5,7
S01009914,Whole house or bungalow: Total,215,210,5,1,4
S01009914,Whole house or bungalow: Detached,99,95,4,1,3
S01009914,Whole house or bungalow: Semi-detached,72,71,1,0,1
S01009914,Whole house or bungalow: Terraced (including end-terrace),44,44,0,0,0
S01009914,Flat maisonette or apartment or mobile/temporary accommodation,205,198,7,4,3
S01009915,All household spaces,410,402,8,1,7
S01009915,Whole house or bungalow: Total,50,50,0,0,0
S01009915,Whole house or bungalow: Detached,28,28,0,0,0
S01009915,Whole house or bungalow: Semi-detached,16,16,0,0,0
S01009915,Whole house or bungalow: Terraced (including end-terrace),6,6,0,0,0
S01009915,Flat maisonette or apartment or mobile/temporary accommodation,360,352,8,1,7
S01009916,All household spaces,321,315,6,0,6
S01009916,Whole house or bungalow: Total,278,273,5,0,5
S01009916,Whole house or bungalow: Detached,178,174,4,0,4
S01009916,Whole house or bungalow: Semi-detached,48,47,1,0,1
S01009916,Whole house or bungalow: Terraced (including end-terrace),52,52,0,0,0
S01009916,Flat maisonette or apartment or mobile/temporary accommodation,43,42,1,0,1
S01009917,All household spaces,337,331,6,0,6
S01009917,Whole house or bungalow: Total,131,129,2,0,2
S01009917,Whole house or bungalow: Detached,4,4,0,0,0
S01009917,Whole house or bungalow: Semi-detached,35,35,0,0,0
S01009917,Whole house or bungalow: Terraced (including end-terrace),92,90,2,0,2
S01009917,Flat maisonette or apartment or mobile/temporary accommodation,206,202,4,0,4
S01009918,All household spaces,281,277,4,0,4
S01009918,Whole house or bungalow: Total,221,218,3,0,3
S01009918,Whole house or bungalow: Detached,9,9,0,0,0
S01009918,Whole house or bungalow: Semi-detached,110,107,3,0,3
S01009918,Whole house or bungalow: Terraced (including end-terrace),102,102,0,0,0
S01009918,Flat maisonette or apartment or mobile/temporary accommodation,60,59,1,0,1
S01009919,All household spaces,605,587,18,0,18
S01009919,Whole house or bungalow: Total,11,11,0,0,0
S01009919,Whole house or bungalow: Detached,2,2,0,0,0
S01009919,Whole house or bungalow: Semi-detached,5,5,0,0,0
S01009919,Whole house or bungalow: Terraced (including end-terrace),4,4,0,0,0
S01009919,Flat maisonette or apartment or mobile/temporary accommodation,594,576,18,0,18
S01009920,All household spaces,543,519,24,0,24
S01009920,Whole house or bungalow: Total,9,9,0,0,0
S01009920,Whole house or bungalow: Detached,3,3,0,0,0
S01009920,Whole house or bungalow: Semi-detached,4,4,0,0,0
S01009920,Whole house or bungalow: Terraced (including end-terrace),2,2,0,0,0
S01009920,Flat maisonette or apartment or mobile/temporary accommodation,534,510,24,0,24
S01009921,All household spaces,409,398,11,0,11
S01009921,Whole house or bungalow: Total,6,6,0,0,0
S01009921,Whole house or bungalow: Detached,2,2,0,0,0
S01009921,Whole house or bungalow: Semi-detached,1,1,0,0,0
S01009921,Whole house or bungalow: Terraced (including end-terrace),3,3,0,0,0
S01009921,Flat maisonette or apartment or mobile/temporary accommodation,403,392,11,0,11
S01009922,All household spaces,628,619,9,0,9
S01009922,Whole house or bungalow: Total,31,31,0,0,0
S01009922,Whole house or bungalow: Detached,2,2,0,0,0
S01009922,Whole house or bungalow: Semi-detached,10,10,0,0,0
S01009922,Whole house or bungalow: Terraced (including end-terrace),19,19,0,0,0
S01009922,Flat maisonette or apartment or mobile/temporary accommodation,597,588,9,0,9
S01009923,All household spaces,594,566,28,0,28
S01009923,Whole house or bungalow: Total,26,24,2,0,2
S01009923,Whole house or bungalow: Detached,2,2,0,0,0
S01009923,Whole house or bungalow: Semi-detached,0,0,0,0,0
S01009923,Whole house or bungalow: Terraced (including end-terrace),24,22,2,0,2
S01009923,Flat maisonette or apartment or mobile/temporary accommodation,568,542,26,0,26
S01009924,All household spaces,593,581,12,1,11
S01009924,Whole house or bungalow: Total,22,22,0,0,0
S01009924,Whole house or bungalow: Detached,3,3,0,0,0
S01009924,Whole house or bungalow: Semi-detached,4,4,0,0,0
S01009924,Whole house or bungalow: Terraced (including end-terrace),15,15,0,0,0
S01009924,Flat maisonette or apartment or mobile/temporary accommodation,571,559,12,1,11
S01009925,All household spaces,432,408,24,1,23
S01009925,Whole house or bungalow: Total,6,6,0,0,0
S01009925,Whole house or bungalow: Detached,2,2,0,0,0
S01009925,Whole house or bungalow: Semi-detached,1,1,0,0,0
S01009925,Whole house or bungalow: Terraced (including end-terrace),3,3,0,0,0
S01009925,Flat maisonette or apartment or mobile/temporary accommodation,426,402,24,1,23
S01009926,All household spaces,385,375,10,0,10
S01009926,Whole house or bungalow: Total,12,12,0,0,0
S01009926,Whole house or bungalow: Detached,1,1,0,0,0
S01009926,Whole house or bungalow: Semi-detached,2,2,0,0,0
S01009926,Whole house or bungalow: Terraced (including end-terrace),9,9,0,0,0
S01009926,Flat maisonette or apartment or mobile/temporary accommodation,373,363,10,0,10
S01009927,All household spaces,289,278,11,0,11
S01009927,Whole house or bungalow: Total,75,74,1,0,1
S01009927,Whole house or bungalow: Detached,2,2,0,0,0
S01009927,Whole house or bungalow: Semi-detached,13,12,1,0,1
S01009927,Whole house or bungalow: Terraced (including end-terrace),60,60,0,0,0
S01009927,Flat maisonette or apartment or mobile/temporary accommodation,214,204,10,0,10
S01009928,All household spaces,434,429,5,1,4
S01009928,Whole house or bungalow: Total,53,52,1,1,0
S01009928,Whole house or bungalow: Detached,2,2,0,0,0
S01009928,Whole house or bungalow: Semi-detached,12,12,0,0,0
S01009928,Whole house or bungalow: Terraced (including end-terrace),39,38,1,1,0
S01009928,Flat maisonette or apartment or mobile/temporary accommodation,381,377,4,0,4
S01009929,All household spaces,243,234,9,1,8
S01009929,Whole house or bungalow: Total,61,61,0,0,0
S01009929,Whole house or bungalow: Detached,8,8,0,0,0
S01009929,Whole house or bungalow: Semi-detached,16,16,0,0,0
S01009929,Whole house or bungalow: Terraced (including end-terrace),37,37,0,0,0
S01009929,Flat maisonette or apartment or mobile/temporary accommodation,182,173,9,1,8
S01009930,All household spaces,474,460,14,1,13
S01009930,Whole house or bungalow: Total,16,16,0,0,0
S01009930,Whole house or bungalow: Detached,10,10,0,0,0
S01009930,Whole house or bungalow: Semi-detached,1,1,0,0,0
S01009930,Whole house or bungalow: Terraced (including end-terrace),5,5,0,0,0
S01009930,Flat maisonette or apartment or mobile/temporary accommodation,458,444,14,1,13
S01009931,All household spaces,471,463,8,2,6
S01009931,Whole house or bungalow: Total,32,32,0,0,0
S01009931,Whole house or bungalow: Detached,1,1,0,0,0
S01009931,Whole house or bungalow: Semi-detached,4,4,0,0,0
S01009931,Whole house or bungalow: Terraced (including end-terrace),27,27,0,0,0
S01009931,Flat maisonette or apartment or mobile/temporary accommodation,439,431,8,2,6
S01009932,All household spaces,388,374,14,0,14
S01009932,Whole house or bungalow: Total,19,19,0,0,0
S01009932,Whole house or bungalow: Detached,2,2,0,0,0
S01009932,Whole house or bungalow: Semi-detached,0,0,0,0,0
S01009932,Whole house or bungalow: Terraced (including end-terrace),17,17,0,0,0
S01009932,Flat maisonette or apartment or mobile/temporary accommodation,369,355,14,0,14
S01009933,All household spaces,549,534,15,0,15
S01009933,Whole house or bungalow: Total,10,7,3,0,3
S01009933,Whole house or bungalow: Detached,1,1,0,0,0
S01009933,Whole house or bungalow: Semi-detached,2,2,0,0,0
S01009933,Whole house or bungalow: Terraced (including end-terrace),7,4,3,0,3
S01009933,Flat maisonette or apartment or mobile/temporary accommodation,539,527,12,0,12
S01009934,All household spaces,447,436,11,0,11
S01009934,Whole house or bungalow: Total,163,162,1,0,1
S01009934,Whole house or bungalow: Detached,3,3,0,0,0
S01009934,Whole house or bungalow: Semi-detached,19,18,1,0,1
S01009934,Whole house or bungalow: Terraced (including end-terrace),141,141,0,0,0
S01009934,Flat maisonette or apartment or mobile/temporary accommodation,284,274,10,0,10
S01009935,All household spaces,402,386,16,1,15
S01009935,Whole house or bungalow: Total,12,12,0,0,0
S01009935,Whole house or bungalow: Detached,3,3,0,0,0
S01009935,Whole house or bungalow: Semi-detached,6,6,0,0,0
S01009935,Whole house or bungalow: Terraced (including end-terrace),3,3,0,0,0
S01009935,Flat maisonette or apartment or mobile/temporary accommodation,390,374,16,1,15
S01009936,All household spaces,407,397,10,0,10
S01009936,Whole house or bungalow: Total,37,36,1,0,1
S01009936,Whole house or bungalow: Detached,10,10,0,0,0
S01009936,Whole house or bungalow: Semi-detached,11,11,0,0,0
S01009936,Whole house or bungalow: Terraced (including end-terrace),16,15,1,0,1
S01009936,Flat maisonette or apartment or mobile/temporary accommodation,370,361,9,0,9
S01009937,All household spaces,406,266,140,1,139
S01009937,Whole house or bungalow: Total,24,23,1,0,1
S01009937,Whole house or bungalow: Detached,14,13,1,0,1
S01009937,Whole house or bungalow: Semi-detached,4,4,0,0,0
S01009937,Whole house or bungalow: Terraced (including end-terrace),6,6,0,0,0
S01009937,Flat maisonette or apartment or mobile/temporary accommodation,382,243,139,1,138
S01009938,All household spaces,595,570,25,3,22
S01009938,Whole house or bungalow: Total,35,33,2,0,2
S01009938,Whole house or bungalow: Detached,5,5,0,0,0
S01009938,Whole house or bungalow: Semi-detached,10,10,0,0,0
S01009938,Whole house or bungalow: Terraced (including end-terrace),20,18,2,0,2
S01009938,Flat maisonette or apartment or mobile/temporary accommodation,560,537,23,3,20
S01009939,All household spaces,548,521,27,0,27
S01009939,Whole house or bungalow: Total,18,18,0,0,0
S01009939,Whole house or bungalow: Detached,3,3,0,0,0
S01009939,Whole house or bungalow: Semi-detached,7,7,0,0,0
S01009939,Whole house or bungalow: Terraced (including end-terrace),8,8,0,0,0
S01009939,Flat maisonette or apartment or mobile/temporary accommodation,530,503,27,0,27
S01009940,All household spaces,444,438,6,0,6
S01009940,Whole house or bungalow: Total,35,35,0,0,0
S01009940,Whole house or bungalow: Detached,6,6,0,0,0
S01009940,Whole house or bungalow: Semi-detached,21,21,0,0,0
S01009940,Whole house or bungalow: Terraced (including end-terrace),8,8,0,0,0
S01009940,Flat maisonette or apartment or mobile/temporary accommodation,409,403,6,0,6
S01009941,All household spaces,329,320,9,3,6
S01009941,Whole house or bungalow: Total,308,299,9,3,6
S01009941,Whole house or bungalow: Detached,106,106,0,0,0
S01009941,Whole house or bungalow: Semi-detached,123,122,1,0,1
S01009941,Whole house or bungalow: Terraced (including end-terrace),79,71,8,3,5
S01009941,Flat maisonette or apartment or mobile/temporary accommodation,21,21,0,0,0
S01009942,All household spaces,508,486,22,0,22
S01009942,Whole house or bungalow: Total,62,59,3,0,3
S01009942,Whole house or bungalow: Detached,3,3,0,0,0
S01009942,Whole house or bungalow: Semi-detached,19,19,0,0,0
S01009942,Whole house or bungalow: Terraced (including end-terrace),40,37,3,0,3
S01009942,Flat maisonette or apartment or mobile/temporary accommodation,446,427,19,0,19
S01009943,All household spaces,433,424,9,0,9
S01009943,Whole house or bungalow: Total,27,27,0,0,0
S01009943,Whole house or bungalow: Detached,5,5,0,0,0
S01009943,Whole house or bungalow: Semi-detached,11,11,0,0,0
S01009943,Whole house or bungalow: Terraced (including end-terrace),11,11,0,0,0
S01009943,Flat maisonette or apartment or mobile/temporary accommodation,406,397,9,0,9
S01009944,All household spaces,346,344,2,1,1
S01009944,Whole house or bungalow: Total,100,100,0,0,0
S01009944,Whole house or bungalow: Detached,13,13,0,0,0
S01009944,Whole house or bungalow: Semi-detached,36,36,0,0,0
S01009944,Whole house or bungalow: Terraced (including end-terrace),51,51,0,0,0
S01009944,Flat maisonette or apartment or mobile/temporary accommodation,246,244,2,1,1
S01009945,All household spaces,503,500,3,0,3
S01009945,Whole house or bungalow: Total,42,42,0,0,0
S01009945,Whole house or bungalow: Detached,3,3,0,0,0
S01009945,Whole house or bungalow: Semi-detached,13,13,0,0,0
S01009945,Whole house or bungalow: Terraced (including end-terrace),26,26,0,0,0
S01009945,Flat maisonette or apartment or mobile/temporary accommodation,461,458,3,0,3
S01009946,All household spaces,354,348,6,0,6
S01009946,Whole house or bungalow: Total,164,161,3,0,3
S01009946,Whole house or bungalow: Detached,10,10,0,0,0
S01009946,Whole house or bungalow: Semi-detached,51,51,0,0,0
S01009946,Whole house or bungalow: Terraced (including end-terrace),103,100,3,0,3
S01009946,Flat maisonette or apartment or mobile/temporary accommodation,190,187,3,0,3
S01009947,All household spaces,267,266,1,0,1
S01009947,Whole house or bungalow: Total,122,122,0,0,0
S01009947,Whole house or bungalow: Detached,11,11,0,0,0
S01009947,Whole house or bungalow: Semi-detached,59,59,0,0,0
S01009947,Whole house or bungalow: Terraced (including end-terrace),52,52,0,0,0
S01009947,Flat maisonette or apartment or mobile/temporary accommodation,145,144,1,0,1
S01009948,All household spaces,441,431,10,1,9
S01009948,Whole house or bungalow: Total,96,94,2,0,2
S01009948,Whole house or bungalow: Detached,4,4,0,0,0
S01009948,Whole house or bungalow: Semi-detached,10,10,0,0,0
S01009948,Whole house or bungalow: Terraced (including end-terrace),82,80,2,0,2
S01009948,Flat maisonette or apartment or mobile/temporary accommodation,345,337,8,1,7
S01009949,All household spaces,378,368,10,0,10
S01009949,Whole house or bungalow: Total,85,84,1,0,1
S01009949,Whole house or bungalow: Detached,0,0,0,0,0
S01009949,Whole house or bungalow: Semi-detached,22,22,0,0,0
S01009949,Whole house or bungalow: Terraced (including end-terrace),63,62,1,0,1
S01009949,Flat maisonette or apartment or mobile/temporary accommodation,293,284,9,0,9
S01009950,All household spaces,260,256,4,0,4
S01009950,Whole house or bungalow: Total,236,233,3,0,3
S01009950,Whole house or bungalow: Detached,85,84,1,0,1
S01009950,Whole house or bungalow: Semi-detached,113,111,2,0,2
S01009950,Whole house or bungalow: Terraced (including end-terrace),38,38,0,0,0
S01009950,Flat maisonette or apartment or mobile/temporary accommodation,24,23,1,0,1
S01009951,All household spaces,261,259,2,0,2
S01009951,Whole house or bungalow: Total,232,230,2,0,2
S01009951,Whole house or bungalow: Detached,28,28,0,0,0
S01009951,Whole house or bungalow: Semi-detached,175,174,1,0,1
S01009951,Whole house or bungalow: Terraced (including end-terrace),29,28,1,0,1
S01009951,Flat maisonette or apartment or mobile/temporary accommodation,29,29,0,0,0
S01009952,All household spaces,326,311,15,1,14
S01009952,Whole house or bungalow: Total,200,197,3,0,3
S01009952,Whole house or bungalow: Detached,7,6,1,0,1
S01009952,Whole house or bungalow: Semi-detached,19,19,0,0,0
S01009952,Whole house or bungalow: Terraced (including end-terrace),174,172,2,0,2
S01009952,Flat maisonette or apartment or mobile/temporary accommodation,126,114,12,1,11
S01009953,All household spaces,360,358,2,0,2
S01009953,Whole house or bungalow: Total,276,274,2,0,2
S01009953,Whole house or bungalow: Detached,23,23,0,0,0
S01009953,Whole house or bungalow: Semi-detached,46,46,0,0,0
S01009953,Whole house or bungalow: Terraced (including end-terrace),207,205,2,0,2
S01009953,Flat maisonette or apartment or mobile/temporary accommodation,84,84,0,0,0
S01009954,All household spaces,219,214,5,0,5
S01009954,Whole house or bungalow: Total,162,157,5,0,5
S01009954,Whole house or bungalow: Detached,87,84,3,0,3
S01009954,Whole house or bungalow: Semi-detached,52,50,2,0,2
S01009954,Whole house or bungalow: Terraced (including end-terrace),23,23,0,0,0
S01009954,Flat maisonette or apartment or mobile/temporary accommodation,57,57,0,0,0
S01009955,All household spaces,458,447,11,1,10
S01009955,Whole house or bungalow: Total,213,209,4,0,4
S01009955,Whole house or bungalow: Detached,22,21,1,0,1
S01009955,Whole house or bungalow: Semi-detached,94,93,1,0,1
S01009955,Whole house or bungalow: Terraced (including end-terrace),97,95,2,0,2
S01009955,Flat maisonette or apartment or mobile/temporary accommodation,245,238,7,1,6
S01009956,All household spaces,339,324,15,2,13
S01009956,Whole house or bungalow: Total,62,60,2,1,1
S01009956,Whole house or bungalow: Detached,16,16,0,0,0
S01009956,Whole house or bungalow: Semi-detached,28,27,1,1,0
S01009956,Whole house or bungalow: Terraced (including end-terrace),18,17,1,0,1
S01009956,Flat maisonette or apartment or mobile/temporary accommodation,277,264,13,1,12
S01009957,All household spaces,300,294,6,0,6
S01009957,Whole house or bungalow: Total,222,221,1,0,1
S01009957,Whole house or bungalow: Detached,33,33,0,0,0
S01009957,Whole house or bungalow: Semi-detached,152,151,1,0,1
S01009957,Whole house or bungalow: Terraced (including end-terrace),37,37,0,0,0
S01009957,Flat maisonette or apartment or mobile/temporary accommodation,78,73,5,0,5
S01009958,All household spaces,376,371,5,0,5
S01009958,Whole house or bungalow: Total,288,283,5,0,5
S01009958,Whole house or bungalow: Detached,8,8,0,0,0
S01009958,Whole house or bungalow: Semi-detached,37,37,0,0,0
S01009958,Whole house or bungalow: Terraced (including end-terrace),243,238,5,0,5
S01009958,Flat maisonette or apartment or mobile/temporary accommodation,88,88,0,0,0
S01009959,All household spaces,296,288,8,1,7
S01009959,Whole house or bungalow: Total,183,182,1,0,1
S01009959,Whole house or bungalow: Detached,54,53,1,0,1
S01009959,Whole house or bungalow: Semi-detached,82,82,0,0,0
S01009959,Whole house or bungalow: Terraced (including end-terrace),47,47,0,0,0
S01009959,Flat maisonette or apartment or mobile/temporary accommodation,113,106,7,1,6
S01009960,All household spaces,419,395,24,3,21
S01009960,Whole house or bungalow: Total,241,234,7,1,6
S01009960,Whole house or bungalow: Detached,55,52,3,1,2
S01009960,Whole house or bungalow: Semi-detached,48,47,1,0,1
S01009960,Whole house or bungalow: Terraced (including end-terrace),138,135,3,0,3
S01009960,Flat maisonette or apartment or mobile/temporary accommodation,178,161,17,2,15
S01009961,All household spaces,302,293,9,0,9
S01009961,Whole house or bungalow: Total,199,196,3,0,3
S01009961,Whole house or bungalow: Detached,12,12,0,0,0
S01009961,Whole house or bungalow: Semi-detached,76,75,1,0,1
S01009961,Whole house or bungalow: Terraced (including end-terrace),111,109,2,0,2
S01009961,Flat maisonette or apartment or mobile/temporary accommodation,103,97,6,0,6
S01009962,All household spaces,617,599,18,0,18
S01009962,Whole house or bungalow: Total,131,125,6,0,6
S01009962,Whole house or bungalow: Detached,4,4,0,0,0
S01009962,Whole house or bungalow: Semi-detached,51,48,3,0,3
S01009962,Whole house or bungalow: Terraced (including end-terrace),76,73,3,0,3
S01009962,Flat maisonette or apartment or mobile/temporary accommodation,486,474,12,0,12
S01009963,All household spaces,301,301,0,0,0
S01009963,Whole house or bungalow: Total,257,257,0,0,0
S01009963,Whole house or bungalow: Detached,8,8,0,0,0
S01009963,Whole house or bungalow: Semi-detached,247,247,0,0,0
S01009963,Whole house or bungalow: Terraced (including end-terrace),2,2,0,0,0
S01009963,Flat maisonette or apartment or mobile/temporary accommodation,44,44,0,0,0
S01009964,All household spaces,360,344,16,0,16
S01009964,Whole house or bungalow: Total,226,220,6,0,6
S01009964,Whole house or bungalow: Detached,13,13,0,0,0
S01009964,Whole house or bungalow: Semi-detached,95,94,1,0,1
S01009964,Whole house or bungalow: Terraced (including end-terrace),118,113,5,0,5
S01009964,Flat maisonette or apartment or mobile/temporary accommodation,134,124,10,0,10
S01009965,All household spaces,301,298,3,0,3
S01009965,Whole house or bungalow: Total,259,257,2,0,2
S01009965,Whole house or bungalow: Detached,27,27,0,0,0
S01009965,Whole house or bungalow: Semi-detached,222,221,1,0,1
S01009965,Whole house or bungalow: Terraced (including end-terrace),10,9,1,0,1
S01009965,Flat maisonette or apartment or mobile/temporary accommodation,42,41,1,0,1
S01009966,All household spaces,295,292,3,0,3
S01009966,Whole house or bungalow: Total,280,277,3,0,3
S01009966,Whole house or bungalow: Detached,8,8,0,0,0
S01009966,Whole house or bungalow: Semi-detached,232,229,3,0,3
S01009966,Whole house or bungalow: Terraced (including end-terrace),40,40,0,0,0
S01009966,Flat maisonette or apartment or mobile/temporary accommodation,15,15,0,0,0
S01009967,All household spaces,391,383,8,0,8
S01009967,Whole house or bungalow: Total,194,191,3,0,3
S01009967,Whole house or bungalow: Detached,23,21,2,0,2
S01009967,Whole house or bungalow: Semi-detached,92,92,0,0,0
S01009967,Whole house or bungalow: Terraced (including end-terrace),79,78,1,0,1
S01009967,Flat maisonette or apartment or mobile/temporary accommodation,197,192,5,0,5
S01009968,All household spaces,235,232,3,0,3
S01009968,Whole house or bungalow: Total,212,210,2,0,2
S01009968,Whole house or bungalow: Detached,2,2,0,0,0
S01009968,Whole house or bungalow: Semi-detached,138,137,1,0,1
S01009968,Whole house or bungalow: Terraced (including end-terrace),72,71,1,0,1
S01009968,Flat maisonette or apartment or mobile/temporary accommodation,23,22,1,0,1
S01009969,All household spaces,369,364,5,0,5
S01009969,Whole house or bungalow: Total,317,312,5,0,5
S01009969,Whole house or bungalow: Detached,195,193,2,0,2
S01009969,Whole house or bungalow: Semi-detached,46,46,0,0,0
S01009969,Whole house or bungalow: Terraced (including end-terrace),76,73,3,0,3
S01009969,Flat maisonette or apartment or mobile/temporary accommodation,52,52,0,0,0
S01009970,All household spaces,478,476,2,0,2
S01009970,Whole house or bungalow: Total,30,30,0,0,0
S01009970,Whole house or bungalow: Detached,1,1,0,0,0
S01009970,Whole house or bungalow: Semi-detached,11,11,0,0,0
S01009970,Whole house or bungalow: Terraced (including end-terrace),18,18,0,0,0
S01009970,Flat maisonette or apartment or mobile/temporary accommodation,448,446,2,0,2
S01009971,All household spaces,488,488,0,0,0
S01009971,Whole house or bungalow: Total,229,229,0,0,0
S01009971,Whole house or bungalow: Detached,53,53,0,0,0
S01009971,Whole house or bungalow: Semi-detached,97,97,0,0,0
S01009971,Whole house or bungalow: Terraced (including end-terrace),79,79,0,0,0
S01009971,Flat maisonette or apartment or mobile/temporary accommodation,259,259,0,0,0
S01009972,All household spaces,373,364,9,0,9
S01009972,Whole house or bungalow: Total,191,187,4,0,4
S01009972,Whole house or bungalow: Detached,95,92,3,0,3
S01009972,Whole house or bungalow: Semi-detached,54,54,0,0,0
S01009972,Whole house or bungalow: Terraced (including end-terrace),42,41,1,0,1
S01009972,Flat maisonette or apartment or mobile/temporary accommodation,182,177,5,0,5
S01009973,All household spaces,287,283,4,2,2
S01009973,Whole house or bungalow: Total,238,234,4,2,2
S01009973,Whole house or bungalow: Detached,30,29,1,1,0
S01009973,Whole house or bungalow: Semi-detached,83,81,2,1,1
S01009973,Whole house or bungalow: Terraced (including end-terrace),125,124,1,0,1
S01009973,Flat maisonette or apartment or mobile/temporary accommodation,49,49,0,0,0
S01009974,All household spaces,294,294,0,0,0
S01009974,Whole house or bungalow: Total,48,48,0,0,0
S01009974,Whole house or bungalow: Detached,3,3,0,0,0
S01009974,Whole house or bungalow: Semi-detached,14,14,0,0,0
S01009974,Whole house or bungalow: Terraced (including end-terrace),31,31,0,0,0
S01009974,Flat maisonette or apartment or mobile/temporary accommodation,246,246,0,0,0
S01009975,All household spaces,405,398,7,0,7
S01009975,Whole house or bungalow: Total,131,130,1,0,1
S01009975,Whole house or bungalow: Detached,6,6,0,0,0
S01009975,Whole house or bungalow: Semi-detached,40,40,0,0,0
S01009975,Whole house or bungalow: Terraced (including end-terrace),85,84,1,0,1
S01009975,Flat maisonette or apartment or mobile/temporary accommodation,274,268,6,0,6
S01009976,All household spaces,258,255,3,0,3
S01009976,Whole house or bungalow: Total,24,24,0,0,0
S01009976,Whole house or bungalow: Detached,1,1,0,0,0
S01009976,Whole house or bungalow: Semi-detached,3,3,0,0,0
S01009976,Whole house or bungalow: Terraced (including end-terrace),20,20,0,0,0
S01009976,Flat maisonette or apartment or mobile/temporary accommodation,234,231,3,0,3
S01009977,All household spaces,559,555,4,0,4
S01009977,Whole house or bungalow: Total,87,86,1,0,1
S01009977,Whole house or bungalow: Detached,6,6,0,0,0
S01009977,Whole house or bungalow: Semi-detached,36,36,0,0,0
S01009977,Whole house or bungalow: Terraced (including end-terrace),45,44,1,0,1
S01009977,Flat maisonette or apartment or mobile/temporary accommodation,472,469,3,0,3
S01009978,All household spaces,450,444,6,1,5
S01009978,Whole house or bungalow: Total,214,210,4,0,4
S01009978,Whole house or bungalow: Detached,10,10,0,0,0
S01009978,Whole house or bungalow: Semi-detached,91,88,3,0,3
S01009978,Whole house or bungalow: Terraced (including end-terrace),113,112,1,0,1
S01009978,Flat maisonette or apartment or mobile/temporary accommodation,236,234,2,1,1
S01009979,All household spaces,258,258,0,0,0
S01009979,Whole house or bungalow: Total,68,68,0,0,0
S01009979,Whole house or bungalow: Detached,4,4,0,0,0
S01009979,Whole house or bungalow: Semi-detached,14,14,0,0,0
S01009979,Whole house or bungalow: Terraced (including end-terrace),50,50,0,0,0
S01009979,Flat maisonette or apartment or mobile/temporary accommodation,190,190,0,0,0
S01009980,All household spaces,252,250,2,0,2
S01009980,Whole house or bungalow: Total,105,105,0,0,0
S01009980,Whole house or bungalow: Detached,5,5,0,0,0
S01009980,Whole house or bungalow: Semi-detached,37,37,0,0,0
S01009980,Whole house or bungalow: Terraced (including end-terrace),63,63,0,0,0
S01009980,Flat maisonette or apartment or mobile/temporary accommodation,147,145,2,0,2
S01009981,All household spaces,305,303,2,0,2
S01009981,Whole house or bungalow: Total,126,126,0,0,0
S01009981,Whole house or bungalow: Detached,7,7,0,0,0
S01009981,Whole house or bungalow: Semi-detached,33,33,0,0,0
S01009981,Whole house or bungalow: Terraced (including end-terrace),86,86,0,0,0
S01009981,Flat maisonette or apartment or mobile/temporary accommodation,179,177,2,0,2
S01009982,All household spaces,431,428,3,0,3
S01009982,Whole house or bungalow: Total,210,208,2,0,2
S01009982,Whole house or bungalow: Detached,65,64,1,0,1
S01009982,Whole house or bungalow: Semi-detached,85,85,0,0,0
S01009982,Whole house or bungalow: Terraced (including end-terrace),60,59,1,0,1
S01009982,Flat maisonette or apartment or mobile/temporary accommodation,221,220,1,0,1
S01009983,All household spaces,290,289,1,1,0
S01009983,Whole house or bungalow: Total,48,47,1,1,0
S01009983,Whole house or bungalow: Detached,6,5,1,1,0
S01009983,Whole house or bungalow: Semi-detached,14,14,0,0,0
S01009983,Whole house or bungalow: Terraced (including end-terrace),28,28,0,0,0
S01009983,Flat maisonette or apartment or mobile/temporary accommodation,242,242,0,0,0
S01009984,All household spaces,351,350,1,0,1
S01009984,Whole house or bungalow: Total,170,170,0,0,0
S01009984,Whole house or bungalow: Detached,8,8,0,0,0
S01009984,Whole house or bungalow: Semi-detached,66,66,0,0,0
S01009984,Whole house or bungalow: Terraced (including end-terrace),96,96,0,0,0
S01009984,Flat maisonette or apartment or mobile/temporary accommodation,181,180,1,0,1
S01009985,All household spaces,278,270,8,0,8
S01009985,Whole house or bungalow: Total,73,72,1,0,1
S01009985,Whole house or bungalow: Detached,4,4,0,0,0
S01009985,Whole house or bungalow: Semi-detached,22,22,0,0,0
S01009985,Whole house or bungalow: Terraced (including end-terrace),47,46,1,0,1
S01009985,Flat maisonette or apartment or mobile/temporary accommodation,205,198,7,0,7
S01009986,All household spaces,285,280,5,0,5
S01009986,Whole house or bungalow: Total,46,44,2,0,2
S01009986,Whole house or bungalow: Detached,6,6,0,0,0
S01009986,Whole house or bungalow: Semi-detached,16,16,0,0,0
S01009986,Whole house or bungalow: Terraced (including end-terrace),24,22,2,0,2
S01009986,Flat maisonette or apartment or mobile/temporary accommodation,239,236,3,0,3
S01009987,All household spaces,475,472,3,0,3
S01009987,Whole house or bungalow: Total,118,117,1,0,1
S01009987,Whole house or bungalow: Detached,1,1,0,0,0
S01009987,Whole house or bungalow: Semi-detached,50,49,1,0,1
S01009987,Whole house or bungalow: Terraced (including end-terrace),67,67,0,0,0
S01009987,Flat maisonette or apartment or mobile/temporary accommodation,357,355,2,0,2
S01009988,All household spaces,271,270,1,0,1
S01009988,Whole house or bungalow: Total,32,32,0,0,0
S01009988,Whole house or bungalow: Detached,1,1,0,0,0
S01009988,Whole house or bungalow: Semi-detached,14,14,0,0,0
S01009988,Whole house or bungalow: Terraced (including end-terrace),17,17,0,0,0
S01009988,Flat maisonette or apartment or mobile/temporary accommodation,239,238,1,0,1
S01009989,All household spaces,357,354,3,0,3
S01009989,Whole house or bungalow: Total,81,80,1,0,1
S01009989,Whole house or bungalow: Detached,3,3,0,0,0
S01009989,Whole house or bungalow: Semi-detached,43,42,1,0,1
S01009989,Whole house or bungalow: Terraced (including end-terrace),35,35,0,0,0
S01009989,Flat maisonette or apartment or mobile/temporary accommodation,276,274,2,0,2
S01009990,All household spaces,309,302,7,0,7
S01009990,Whole house or bungalow: Total,14,13,1,0,1
S01009990,Whole house or bungalow: Detached,3,3,0,0,0
S01009990,Whole house or bungalow: Semi-detached,6,6,0,0,0
S01009990,Whole house or bungalow: Terraced (including end-terrace),5,4,1,0,1
S01009990,Flat maisonette or apartment or mobile/temporary accommodation,295,289,6,0,6
S01009991,All household spaces,334,333,1,0,1
S01009991,Whole house or bungalow: Total,21,21,0,0,0
S01009991,Whole house or bungalow: Detached,3,3,0,0,0
S01009991,Whole house or bungalow: Semi-detached,14,14,0,0,0
S01009991,Whole house or bungalow: Terraced (including end-terrace),4,4,0,0,0
S01009991,Flat maisonette or apartment or mobile/temporary accommodation,313,312,1,0,1
S01009992,All household spaces,336,330,6,0,6
S01009992,Whole house or bungalow: Total,117,115,2,0,2
S01009992,Whole house or bungalow: Detached,3,3,0,0,0
S01009992,Whole house or bungalow: Semi-detached,27,27,0,0,0
S01009992,Whole house or bungalow: Terraced (including end-terrace),87,85,2,0,2
S01009992,Flat maisonette or apartment or mobile/temporary accommodation,219,215,4,0,4
S01009993,All household spaces,351,349,2,0,2
S01009993,Whole house or bungalow: Total,29,29,0,0,0
S01009993,Whole house or bungalow: Detached,13,13,0,0,0
S01009993,Whole house or bungalow: Semi-detached,13,13,0,0,0
S01009993,Whole house or bungalow: Terraced (including end-terrace),3,3,0,0,0
S01009993,Flat maisonette or apartment or mobile/temporary accommodation,322,320,2,0,2
S01009994,All household spaces,308,302,6,0,6
S01009994,Whole house or bungalow: Total,19,19,0,0,0
S01009994,Whole house or bungalow: Detached,2,2,0,0,0
S01009994,Whole house or bungalow: Semi-detached,10,10,0,0,0
S01009994,Whole house or bungalow: Terraced (including end-terrace),7,7,0,0,0
S01009994,Flat maisonette or apartment or mobile/temporary accommodation,289,283,6,0,6
S01009995,All household spaces,281,269,12,0,12
S01009995,Whole house or bungalow: Total,13,13,0,0,0
S01009995,Whole house or bungalow: Detached,4,4,0,0,0
S01009995,Whole house or bungalow: Semi-detached,7,7,0,0,0
S01009995,Whole house or bungalow: Terraced (including end-terrace),2,2,0,0,0
S01009995,Flat maisonette or apartment or mobile/temporary accommodation,268,256,12,0,12
S01009996,All household spaces,313,310,3,0,3
S01009996,Whole house or bungalow: Total,20,18,2,0,2
S01009996,Whole house or bungalow: Detached,1,1,0,0,0
S01009996,Whole house or bungalow: Semi-detached,18,16,2,0,2
S01009996,Whole house or bungalow: Terraced (including end-terrace),1,1,0,0,0
S01009996,Flat maisonette or apartment or mobile/temporary accommodation,293,292,1,0,1
S01009997,All household spaces,257,251,6,0,6
S01009997,Whole house or bungalow: Total,13,12,1,0,1
S01009997,Whole house or bungalow: Detached,2,2,0,0,0
S01009997,Whole house or bungalow: Semi-detached,7,6,1,0,1
S01009997,Whole house or bungalow: Terraced (including end-terrace),4,4,0,0,0
S01009997,Flat maisonette or apartment or mobile/temporary accommodation,244,239,5,0,5
S01009998,All household spaces,250,246,4,0,4
S01009998,Whole house or bungalow: Total,207,205,2,0,2
S01009998,Whole house or bungalow: Detached,155,154,1,0,1
S01009998,Whole house or bungalow: Semi-detached,45,44,1,0,1
S01009998,Whole house or bungalow: Terraced (including end-terrace),7,7,0,0,0
S01009998,Flat maisonette or apartment or mobile/temporary accommodation,43,41,2,0,2
S01009999,All household spaces,286,285,1,0,1
S01009999,Whole house or bungalow: Total,181,181,0,0,0
S01009999,Whole house or bungalow: Detached,3,3,0,0,0
S01009999,Whole house or bungalow: Semi-detached,132,132,0,0,0
S01009999,Whole house or bungalow: Terraced (including end-terrace),46,46,0,0,0
S01009999,Flat maisonette or apartment or mobile/temporary accommodation,105,104,1,0,1
S01010000,All household spaces,278,269,9,0,9
S01010000,Whole house or bungalow: Total,20,20,0,0,0
S01010000,Whole house or bungalow: Detached,3,3,0,0,0
S01010000,Whole house or bungalow: Semi-detached,11,11,0,0,0
S01010000,Whole house or bungalow: Terraced (including end-terrace),6,6,0,0,0
S01010000,Flat maisonette or apartment or mobile/temporary accommodation,258,249,9,0,9
S01010001,All household spaces,339,332,7,0,7
S01010001,Whole house or bungalow: Total,84,84,0,0,0
S01010001,Whole house or bungalow: Detached,4,4,0,0,0
S01010001,Whole house or bungalow: Semi-detached,47,47,0,0,0
S01010001,Whole house or bungalow: Terraced (including end-terrace),33,33,0,0,0
S01010001,Flat maisonette or apartment or mobile/temporary accommodation,255,248,7,0,7
S01010002,All household spaces,341,336,5,0,5
S01010002,Whole house or bungalow: Total,42,41,1,0,1
S01010002,Whole house or bungalow: Detached,3,3,0,0,0
S01010002,Whole house or bungalow: Semi-detached,23,22,1,0,1
S01010002,Whole house or bungalow: Terraced (including end-terrace),16,16,0,0,0
S01010002,Flat maisonette or apartment or mobile/temporary accommodation,299,295,4,0,4
S01010003,All household spaces,280,279,1,0,1
S01010003,Whole house or bungalow: Total,167,166,1,0,1
S01010003,Whole house or bungalow: Detached,5,5,0,0,0
S01010003,Whole house or bungalow: Semi-detached,101,100,1,0,1
S01010003,Whole house or bungalow: Terraced (including end-terrace),61,61,0,0,0
S01010003,Flat maisonette or apartment or mobile/temporary accommodation,113,113,0,0,0
S01010004,All household spaces,275,273,2,0,2
S01010004,Whole house or bungalow: Total,253,251,2,0,2
S01010004,Whole house or bungalow: Detached,4,4,0,0,0
S01010004,Whole house or bungalow: Semi-detached,94,94,0,0,0
S01010004,Whole house or bungalow: Terraced (including end-terrace),155,153,2,0,2
S01010004,Flat maisonette or apartment or mobile/temporary accommodation,22,22,0,0,0
S01010005,All household spaces,506,488,18,1,17
S01010005,Whole house or bungalow: Total,8,8,0,0,0
S01010005,Whole house or bungalow: Detached,0,0,0,0,0
S01010005,Whole house or bungalow: Semi-detached,3,3,0,0,0
S01010005,Whole house or bungalow: Terraced (including end-terrace),5,5,0,0,0
S01010005,Flat maisonette or apartment or mobile/temporary accommodation,498,480,18,1,17
S01010006,All household spaces,594,586,8,1,7
S01010006,Whole house or bungalow: Total,11,11,0,0,0
S01010006,Whole house or bungalow: Detached,2,2,0,0,0
S01010006,Whole house or bungalow: Semi-detached,3,3,0,0,0
S01010006,Whole house or bungalow: Terraced (including end-terrace),6,6,0,0,0
S01010006,Flat maisonette or apartment or mobile/temporary accommodation,583,575,8,1,7
S01010007,All household spaces,439,429,10,4,6
S01010007,Whole house or bungalow: Total,221,219,2,1,1
S01010007,Whole house or bungalow: Detached,6,6,0,0,0
S01010007,Whole house or bungalow: Semi-detached,57,56,1,0,1
S01010007,Whole house or bungalow: Terraced (including end-terrace),158,157,1,1,0
S01010007,Flat maisonette or apartment or mobile/temporary accommodation,218,210,8,3,5
S01010008,All household spaces,419,410,9,1,8
S01010008,Whole house or bungalow: Total,5,5,0,0,0
S01010008,Whole house or bungalow: Detached,1,1,0,0,0
S01010008,Whole house or bungalow: Semi-detached,3,3,0,0,0
S01010008,Whole house or bungalow: Terraced (including end-terrace),1,1,0,0,0
S01010008,Flat maisonette or apartment or mobile/temporary accommodation,414,405,9,1,8
S01010009,All household spaces,445,416,29,1,28
S01010009,Whole house or bungalow: Total,11,5,6,0,6
S01010009,Whole house or bungalow: Detached,1,1,0,0,0
S01010009,Whole house or bungalow: Semi-detached,2,2,0,0,0
S01010009,Whole house or bungalow: Terraced (including end-terrace),8,2,6,0,6
S01010009,Flat maisonette or apartment or mobile/temporary accommodation,434,411,23,1,22
S01010010,All household spaces,458,451,7,0,7
S01010010,Whole house or bungalow: Total,282,279,3,0,3
S01010010,Whole house or bungalow: Detached,33,32,1,0,1
S01010010,Whole house or bungalow: Semi-detached,122,121,1,0,1
S01010010,Whole house or bungalow: Terraced (including end-terrace),127,126,1,0,1
S01010010,Flat maisonette or apartment or mobile/temporary accommodation,176,172,4,0,4
S01010011,All household spaces,554,544,10,1,9
S01010011,Whole house or bungalow: Total,6,6,0,0,0
S01010011,Whole house or bungalow: Detached,1,1,0,0,0
S01010011,Whole house or bungalow: Semi-detached,2,2,0,0,0
S01010011,Whole house or bungalow: Terraced (including end-terrace),3,3,0,0,0
S01010011,Flat maisonette or apartment or mobile/temporary accommodation,548,538,10,1,9
S01010012,All household spaces,350,348,2,0,2
S01010012,Whole house or bungalow: Total,188,187,1,0,1
S01010012,Whole house or bungalow: Detached,3,3,0,0,0
S01010012,Whole house or bungalow: Semi-detached,45,45,0,0,0
S01010012,Whole house or bungalow: Terraced (including end-terrace),140,139,1,0,1
S01010012,Flat maisonette or apartment or mobile/temporary accommodation,162,161,1,0,1
S01010013,All household spaces,474,457,17,1,16
S01010013,Whole house or bungalow: Total,91,87,4,0,4
S01010013,Whole house or bungalow: Detached,2,2,0,0,0
S01010013,Whole house or bungalow: Semi-detached,57,54,3,0,3
S01010013,Whole house or bungalow: Terraced (including end-terrace),32,31,1,0,1
S01010013,Flat maisonette or apartment or mobile/temporary accommodation,383,370,13,1,12
S01010014,All household spaces,537,523,14,2,12
S01010014,Whole house or bungalow: Total,57,55,2,0,2
S01010014,Whole house or bungalow: Detached,5,5,0,0,0
S01010014,Whole house or bungalow: Semi-detached,8,7,1,0,1
S01010014,Whole house or bungalow: Terraced (including end-terrace),44,43,1,0,1
S01010014,Flat maisonette or apartment or mobile/temporary accommodation,480,468,12,2,10
S01010015,All household spaces,405,392,13,1,12
S01010015,Whole house or bungalow: Total,35,34,1,0,1
S01010015,Whole house or bungalow: Detached,2,2,0,0,0
S01010015,Whole house or bungalow: Semi-detached,2,2,0,0,0
S01010015,Whole house or bungalow: Terraced (including end-terrace),31,30,1,0,1
S01010015,Flat maisonette or apartment or mobile/temporary accommodation,370,358,12,1,11
S01010016,All household spaces,331,325,6,0,6
S01010016,Whole house or bungalow: Total,171,168,3,0,3
S01010016,Whole house or bungalow: Detached,5,5,0,0,0
S01010016,Whole house or bungalow: Semi-detached,74,71,3,0,3
S01010016,Whole house or bungalow: Terraced (including end-terrace),92,92,0,0,0
S01010016,Flat maisonette or apartment or mobile/temporary accommodation,160,157,3,0,3
S01010017,All household spaces,344,339,5,0,5
S01010017,Whole house or bungalow: Total,23,23,0,0,0
S01010017,Whole house or bungalow: Detached,2,2,0,0,0
S01010017,Whole house or bungalow: Semi-detached,1,1,0,0,0
S01010017,Whole house or bungalow: Terraced (including end-terrace),20,20,0,0,0
S01010017,Flat maisonette or apartment or mobile/temporary accommodation,321,316,5,0,5
S01010018,All household spaces,533,525,8,0,8
S01010018,Whole house or bungalow: Total,82,82,0,0,0
S01010018,Whole house or bungalow: Detached,4,4,0,0,0
S01010018,Whole house or bungalow: Semi-detached,40,40,0,0,0
S01010018,Whole house or bungalow: Terraced (including end-terrace),38,38,0,0,0
S01010018,Flat maisonette or apartment or mobile/temporary accommodation,451,443,8,0,8
S01010019,All household spaces,450,409,41,0,41
S01010019,Whole house or bungalow: Total,6,6,0,0,0
S01010019,Whole house or bungalow: Detached,0,0,0,0,0
S01010019,Whole house or bungalow: Semi-detached,1,1,0,0,0
S01010019,Whole house or bungalow: Terraced (including end-terrace),5,5,0,0,0
S01010019,Flat maisonette or apartment or mobile/temporary accommodation,444,403,41,0,41
S01010020,All household spaces,352,346,6,1,5
S01010020,Whole house or bungalow: Total,125,125,0,0,0
S01010020,Whole house or bungalow: Detached,6,6,0,0,0
S01010020,Whole house or bungalow: Semi-detached,38,38,0,0,0
S01010020,Whole house or bungalow: Terraced (including end-terrace),81,81,0,0,0
S01010020,Flat maisonette or apartment or mobile/temporary accommodation,227,221,6,1,5
S01010021,All household spaces,537,400,137,0,137
S01010021,Whole house or bungalow: Total,68,67,1,0,1
S01010021,Whole house or bungalow: Detached,3,3,0,0,0
S01010021,Whole house or bungalow: Semi-detached,8,8,0,0,0
S01010021,Whole house or bungalow: Terraced (including end-terrace),57,56,1,0,1
S01010021,Flat maisonette or apartment or mobile/temporary accommodation,469,333,136,0,136
S01010022,All household spaces,473,468,5,1,4
S01010022,Whole house or bungalow: Total,90,90,0,0,0
S01010022,Whole house or bungalow: Detached,7,7,0,0,0
S01010022,Whole house or bungalow: Semi-detached,7,7,0,0,0
S01010022,Whole house or bungalow: Terraced (including end-terrace),76,76,0,0,0
S01010022,Flat maisonette or apartment or mobile/temporary accommodation,383,378,5,1,4
S01010023,All household spaces,392,387,5,0,5
S01010023,Whole house or bungalow: Total,8,8,0,0,0
S01010023,Whole house or bungalow: Detached,0,0,0,0,0
S01010023,Whole house or bungalow: Semi-detached,2,2,0,0,0
S01010023,Whole house or bungalow: Terraced (including end-terrace),6,6,0,0,0
S01010023,Flat maisonette or apartment or mobile/temporary accommodation,384,379,5,0,5
S01010024,All household spaces,419,402,17,2,15
S01010024,Whole house or bungalow: Total,35,34,1,1,0
S01010024,Whole house or bungalow: Detached,5,5,0,0,0
S01010024,Whole house or bungalow: Semi-detached,3,3,0,0,0
S01010024,Whole house or bungalow: Terraced (including end-terrace),27,26,1,1,0
S01010024,Flat maisonette or apartment or mobile/temporary accommodation,384,368,16,1,15
S01010025,All household spaces,316,316,0,0,0
S01010025,Whole house or bungalow: Total,23,23,0,0,0
S01010025,Whole house or bungalow: Detached,4,4,0,0,0
S01010025,Whole house or bungalow: Semi-detached,8,8,0,0,0
S01010025,Whole house or bungalow: Terraced (including end-terrace),11,11,0,0,0
S01010025,Flat maisonette or apartment or mobile/temporary accommodation,293,293,0,0,0
S01010026,All household spaces,498,492,6,0,6
S01010026,Whole house or bungalow: Total,31,31,0,0,0
S01010026,Whole house or bungalow: Detached,2,2,0,0,0
S01010026,Whole house or bungalow: Semi-detached,2,2,0,0,0
S01010026,Whole house or bungalow: Terraced (including end-terrace),27,27,0,0,0
S01010026,Flat maisonette or apartment or mobile/temporary accommodation,467,461,6,0,6
S01010027,All household spaces,487,483,4,3,1
S01010027,Whole house or bungalow: Total,46,46,0,0,0
S01010027,Whole house or bungalow: Detached,2,2,0,0,0
S01010027,Whole house or bungalow: Semi-detached,4,4,0,0,0
S01010027,Whole house or bungalow: Terraced (including end-terrace),40,40,0,0,0
S01010027,Flat maisonette or apartment or mobile/temporary accommodation,441,437,4,3,1
S01010028,All household spaces,389,381,8,1,7
S01010028,Whole house or bungalow: Total,13,13,0,0,0
S01010028,Whole house or bungalow: Detached,3,3,0,0,0
S01010028,Whole house or bungalow: Semi-detached,2,2,0,0,0
S01010028,Whole house or bungalow: Terraced (including end-terrace),8,8,0,0,0
S01010028,Flat maisonette or apartment or mobile/temporary accommodation,376,368,8,1,7
S01010029,All household spaces,410,398,12,0,12
S01010029,Whole house or bungalow: Total,10,10,0,0,0
S01010029,Whole house or bungalow: Detached,0,0,0,0,0
S01010029,Whole house or bungalow: Semi-detached,1,1,0,0,0
S01010029,Whole house or bungalow: Terraced (including end-terrace),9,9,0,0,0
S01010029,Flat maisonette or apartment or mobile/temporary accommodation,400,388,12,0,12
S01010030,All household spaces,433,429,4,1,3
S01010030,Whole house or bungalow: Total,48,48,0,0,0
S01010030,Whole house or bungalow: Detached,1,1,0,0,0
S01010030,Whole house or bungalow: Semi-detached,4,4,0,0,0
S01010030,Whole house or bungalow: Terraced (including end-terrace),43,43,0,0,0
S01010030,Flat maisonette or apartment or mobile/temporary accommodation,385,381,4,1,3
S01010031,All household spaces,432,423,9,1,8
S01010031,Whole house or bungalow: Total,14,13,1,0,1
S01010031,Whole house or bungalow: Detached,1,1,0,0,0
S01010031,Whole house or bungalow: Semi-detached,9,8,1,0,1
S01010031,Whole house or bungalow: Terraced (including end-terrace),4,4,0,0,0
S01010031,Flat maisonette or apartment or mobile/temporary accommodation,418,410,8,1,7
S01010032,All household spaces,330,298,32,1,31
S01010032,Whole house or bungalow: Total,3,3,0,0,0
S01010032,Whole house or bungalow: Detached,2,2,0,0,0
S01010032,Whole house or bungalow: Semi-detached,1,1,0,0,0
S01010032,Whole house or bungalow: Terraced (including end-terrace),0,0,0,0,0
S01010032,Flat maisonette or apartment or mobile/temporary accommodation,327,295,32,1,31
S01010033,All household spaces,591,503,88,0,88
S01010033,Whole house or bungalow: Total,11,11,0,0,0
S01010033,Whole house or bungalow: Detached,2,2,0,0,0
S01010033,Whole house or bungalow: Semi-detached,2,2,0,0,0
S01010033,Whole house or bungalow: Terraced (including end-terrace),7,7,0,0,0
S01010033,Flat maisonette or apartment or mobile/temporary accommodation,580,492,88,0,88
S01010034,All household spaces,505,498,7,0,7
S01010034,Whole house or bungalow: Total,42,42,0,0,0
S01010034,Whole house or bungalow: Detached,2,2,0,0,0
S01010034,Whole house or bungalow: Semi-detached,8,8,0,0,0
S01010034,Whole house or bungalow: Terraced (including end-terrace),32,32,0,0,0
S01010034,Flat maisonette or apartment or mobile/temporary accommodation,463,456,7,0,7
S01010035,All household spaces,402,401,1,1,0
S01010035,Whole house or bungalow: Total,11,11,0,0,0
S01010035,Whole house or bungalow: Detached,4,4,0,0,0
S01010035,Whole house or bungalow: Semi-detached,1,1,0,0,0
S01010035,Whole house or bungalow: Terraced (including end-terrace),6,6,0,0,0
S01010035,Flat maisonette or apartment or mobile/temporary accommodation,391,390,1,1,0
S01010036,All household spaces,436,423,13,1,12
S01010036,Whole house or bungalow: Total,5,5,0,0,0
S01010036,Whole house or bungalow: Detached,0,0,0,0,0
S01010036,Whole house or bungalow: Semi-detached,2,2,0,0,0
S01010036,Whole house or bungalow: Terraced (including end-terrace),3,3,0,0,0
S01010036,Flat maisonette or apartment or mobile/temporary accommodation,431,418,13,1,12
S01010037,All household spaces,386,376,10,1,9
S01010037,Whole house or bungalow: Total,134,132,2,0,2
S01010037,Whole house or bungalow: Detached,6,6,0,0,0
S01010037,Whole house or bungalow: Semi-detached,18,18,0,0,0
S01010037,Whole house or bungalow: Terraced (including end-terrace),110,108,2,0,2
S01010037,Flat maisonette or apartment or mobile/temporary accommodation,252,244,8,1,7
S01010038,All household spaces,576,568,8,1,7
S01010038,Whole house or bungalow: Total,126,125,1,0,1
S01010038,Whole house or bungalow: Detached,8,8,0,0,0
S01010038,Whole house or bungalow: Semi-detached,25,25,0,0,0
S01010038,Whole house or bungalow: Terraced (including end-terrace),93,92,1,0,1
S01010038,Flat maisonette or apartment or mobile/temporary accommodation,450,443,7,1,6
S01010039,All household spaces,619,593,26,3,23
S01010039,Whole house or bungalow: Total,3,3,0,0,0
S01010039,Whole house or bungalow: Detached,0,0,0,0,0
S01010039,Whole house or bungalow: Semi-detached,0,0,0,0,0
S01010039,Whole house or bungalow: Terraced (including end-terrace),3,3,0,0,0
S01010039,Flat maisonette or apartment or mobile/temporary accommodation,616,590,26,3,23
S01010040,All household spaces,434,415,19,3,16
S01010040,Whole house or bungalow: Total,59,56,3,0,3
S01010040,Whole house or bungalow: Detached,4,4,0,0,0
S01010040,Whole house or bungalow: Semi-detached,9,9,0,0,0
S01010040,Whole house or bungalow: Terraced (including end-terrace),46,43,3,0,3
S01010040,Flat maisonette or apartment or mobile/temporary accommodation,375,359,16,3,13
S01010041,All household spaces,477,451,26,3,23
S01010041,Whole house or bungalow: Total,20,20,0,0,0
S01010041,Whole house or bungalow: Detached,1,1,0,0,0
S01010041,Whole house or bungalow: Semi-detached,3,3,0,0,0
S01010041,Whole house or bungalow: Terraced (including end-terrace),16,16,0,0,0
S01010041,Flat maisonette or apartment or mobile/temporary accommodation,457,431,26,3,23
S01010042,All household spaces,636,621,15,1,14
S01010042,Whole house or bungalow: Total,47,47,0,0,0
S01010042,Whole house or bungalow: Detached,3,3,0,0,0
S01010042,Whole house or bungalow: Semi-detached,8,8,0,0,0
S01010042,Whole house or bungalow: Terraced (including end-terrace),36,36,0,0,0
S01010042,Flat maisonette or apartment or mobile/temporary accommodation,589,574,15,1,14
S01010043,All household spaces,464,451,13,1,12
S01010043,Whole house or bungalow: Total,31,31,0,0,0
S01010043,Whole house or bungalow: Detached,0,0,0,0,0
S01010043,Whole house or bungalow: Semi-detached,4,4,0,0,0
S01010043,Whole house or bungalow: Terraced (including end-terrace),27,27,0,0,0
S01010043,Flat maisonette or apartment or mobile/temporary accommodation,433,420,13,1,12
S01010044,All household spaces,663,649,14,0,14
S01010044,Whole house or bungalow: Total,143,141,2,0,2
S01010044,Whole house or bungalow: Detached,6,6,0,0,0
S01010044,Whole house or bungalow: Semi-detached,22,22,0,0,0
S01010044,Whole house or bungalow: Terraced (including end-terrace),115,113,2,0,2
S01010044,Flat maisonette or apartment or mobile/temporary accommodation,520,508,12,0,12
S01010045,All household spaces,266,258,8,0,8
S01010045,Whole house or bungalow: Total,45,45,0,0,0
S01010045,Whole house or bungalow: Detached,1,1,0,0,0
S01010045,Whole house or bungalow: Semi-detached,11,11,0,0,0
S01010045,Whole house or bungalow: Terraced (including end-terrace),33,33,0,0,0
S01010045,Flat maisonette or apartment or mobile/temporary accommodation,221,213,8,0,8
S01010046,All household spaces,433,431,2,0,2
S01010046,Whole house or bungalow: Total,93,93,0,0,0
S01010046,Whole house or bungalow: Detached,4,4,0,0,0
S01010046,Whole house or bungalow: Semi-detached,18,18,0,0,0
S01010046,Whole house or bungalow: Terraced (including end-terrace),71,71,0,0,0
S01010046,Flat maisonette or apartment or mobile/temporary accommodation,340,338,2,0,2
S01010047,All household spaces,479,471,8,0,8
S01010047,Whole house or bungalow: Total,59,59,0,0,0
S01010047,Whole house or bungalow: Detached,2,2,0,0,0
S01010047,Whole house or bungalow: Semi-detached,7,7,0,0,0
S01010047,Whole house or bungalow: Terraced (including end-terrace),50,50,0,0,0
S01010047,Flat maisonette or apartment or mobile/temporary accommodation,420,412,8,0,8
S01010048,All household spaces,557,551,6,0,6
S01010048,Whole house or bungalow: Total,135,134,1,0,1
S01010048,Whole house or bungalow: Detached,11,11,0,0,0
S01010048,Whole house or bungalow: Semi-detached,41,41,0,0,0
S01010048,Whole house or bungalow: Terraced (including end-terrace),83,82,1,0,1
S01010048,Flat maisonette or apartment or mobile/temporary accommodation,422,417,5,0,5
S01010049,All household spaces,398,395,3,0,3
S01010049,Whole house or bungalow: Total,42,42,0,0,0
S01010049,Whole house or bungalow: Detached,5,5,0,0,0
S01010049,Whole house or bungalow: Semi-detached,12,12,0,0,0
S01010049,Whole house or bungalow: Terraced (including end-terrace),25,25,0,0,0
S01010049,Flat maisonette or apartment or mobile/temporary accommodation,356,353,3,0,3
S01010050,All household spaces,547,540,7,1,6
S01010050,Whole house or bungalow: Total,58,58,0,0,0
S01010050,Whole house or bungalow: Detached,4,4,0,0,0
S01010050,Whole house or bungalow: Semi-detached,28,28,0,0,0
S01010050,Whole house or bungalow: Terraced (including end-terrace),26,26,0,0,0
S01010050,Flat maisonette or apartment or mobile/temporary accommodation,489,482,7,1,6
S01010051,All household spaces,445,431,14,0,14
S01010051,Whole house or bungalow: Total,50,50,0,0,0
S01010051,Whole house or bungalow: Detached,6,6,0,0,0
S01010051,Whole house or bungalow: Semi-detached,8,8,0,0,0
S01010051,Whole house or bungalow: Terraced (including end-terrace),36,36,0,0,0
S01010051,Flat maisonette or apartment or mobile/temporary accommodation,395,381,14,0,14
S01010052,All household spaces,394,372,22,0,22
S01010052,Whole house or bungalow: Total,45,38,7,0,7
S01010052,Whole house or bungalow: Detached,3,3,0,0,0
S01010052,Whole house or bungalow: Semi-detached,8,6,2,0,2
S01010052,Whole house or bungalow: Terraced (including end-terrace),34,29,5,0,5
S01010052,Flat maisonette or apartment or mobile/temporary accommodation,349,334,15,0,15
S01010053,All household spaces,392,384,8,0,8
S01010053,Whole house or bungalow: Total,114,114,0,0,0
S01010053,Whole house or bungalow: Detached,3,3,0,0,0
S01010053,Whole house or bungalow: Semi-detached,17,17,0,0,0
S01010053,Whole house or bungalow: Terraced (including end-terrace),94,94,0,0,0
S01010053,Flat maisonette or apartment or mobile/temporary accommodation,278,270,8,0,8
S01010054,All household spaces,249,248,1,0,1
S01010054,Whole house or bungalow: Total,183,182,1,0,1
S01010054,Whole house or bungalow: Detached,10,10,0,0,0
S01010054,Whole house or bungalow: Semi-detached,69,69,0,0,0
S01010054,Whole house or bungalow: Terraced (including end-terrace),104,103,1,0,1
S01010054,Flat maisonette or apartment or mobile/temporary accommodation,66,66,0,0,0
S01010055,All household spaces,461,457,4,0,4
S01010055,Whole house or bungalow: Total,137,135,2,0,2
S01010055,Whole house or bungalow: Detached,12,12,0,0,0
S01010055,Whole house or bungalow: Semi-detached,25,25,0,0,0
S01010055,Whole house or bungalow: Terraced (including end-terrace),100,98,2,0,2
S01010055,Flat maisonette or apartment or mobile/temporary accommodation,324,322,2,0,2
S01010056,All household spaces,215,214,1,0,1
S01010056,Whole house or bungalow: Total,56,56,0,0,0
S01010056,Whole house or bungalow: Detached,5,5,0,0,0
S01010056,Whole house or bungalow: Semi-detached,29,29,0,0,0
S01010056,Whole house or bungalow: Terraced (including end-terrace),22,22,0,0,0
S01010056,Flat maisonette or apartment or mobile/temporary accommodation,159,158,1,0,1
S01010057,All household spaces,223,216,7,0,7
S01010057,Whole house or bungalow: Total,18,18,0,0,0
S01010057,Whole house or bungalow: Detached,4,4,0,0,0
S01010057,Whole house or bungalow: Semi-detached,12,12,0,0,0
S01010057,Whole house or bungalow: Terraced (including end-terrace),2,2,0,0,0
S01010057,Flat maisonette or apartment or mobile/temporary accommodation,205,198,7,0,7
S01010058,All household spaces,364,355,9,0,9
S01010058,Whole house or bungalow: Total,193,188,5,0,5
S01010058,Whole house or bungalow: Detached,11,11,0,0,0
S01010058,Whole house or bungalow: Semi-detached,70,68,2,0,2
S01010058,Whole house or bungalow: Terraced (including end-terrace),112,109,3,0,3
S01010058,Flat maisonette or apartment or mobile/temporary accommodation,171,167,4,0,4
S01010059,All household spaces,382,371,11,0,11
S01010059,Whole house or bungalow: Total,40,39,1,0,1
S01010059,Whole house or bungalow: Detached,16,15,1,0,1
S01010059,Whole house or bungalow: Semi-detached,18,18,0,0,0
S01010059,Whole house or bungalow: Terraced (including end-terrace),6,6,0,0,0
S01010059,Flat maisonette or apartment or mobile/temporary accommodation,342,332,10,0,10
S01010060,All household spaces,502,493,9,1,8
S01010060,Whole house or bungalow: Total,97,95,2,0,2
S01010060,Whole house or bungalow: Detached,11,11,0,0,0
S01010060,Whole house or bungalow: Semi-detached,43,42,1,0,1
S01010060,Whole house or bungalow: Terraced (including end-terrace),43,42,1,0,1
S01010060,Flat maisonette or apartment or mobile/temporary accommodation,405,398,7,1,6
S01010061,All household spaces,253,253,0,0,0
S01010061,Whole house or bungalow: Total,103,103,0,0,0
S01010061,Whole house or bungalow: Detached,1,1,0,0,0
S01010061,Whole house or bungalow: Semi-detached,72,72,0,0,0
S01010061,Whole house or bungalow: Terraced (including end-terrace),30,30,0,0,0
S01010061,Flat maisonette or apartment or mobile/temporary accommodation,150,150,0,0,0
S01010062,All household spaces,352,344,8,0,8
S01010062,Whole house or bungalow: Total,98,98,0,0,0
S01010062,Whole house or bungalow: Detached,6,6,0,0,0
S01010062,Whole house or bungalow: Semi-detached,74,74,0,0,0
S01010062,Whole house or bungalow: Terraced (including end-terrace),18,18,0,0,0
S01010062,Flat maisonette or apartment or mobile/temporary accommodation,254,246,8,0,8
S01010063,All household spaces,579,546,33,0,33
S01010063,Whole house or bungalow: Total,26,26,0,0,0
S01010063,Whole house or bungalow: Detached,4,4,0,0,0
S01010063,Whole house or bungalow: Semi-detached,11,11,0,0,0
S01010063,Whole house or bungalow: Terraced (including end-terrace),11,11,0,0,0
S01010063,Flat maisonette or apartment or mobile/temporary accommodation,553,520,33,0,33
S01010064,All household spaces,268,264,4,1,3
S01010064,Whole house or bungalow: Total,86,86,0,0,0
S01010064,Whole house or bungalow: Detached,4,4,0,0,0
S01010064,Whole house or bungalow: Semi-detached,34,34,0,0,0
S01010064,Whole house or bungalow: Terraced (including end-terrace),48,48,0,0,0
S01010064,Flat maisonette or apartment or mobile/temporary accommodation,182,178,4,1,3
S01010065,All household spaces,418,413,5,0,5
S01010065,Whole house or bungalow: Total,119,117,2,0,2
S01010065,Whole house or bungalow: Detached,5,5,0,0,0
S01010065,Whole house or bungalow: Semi-detached,67,66,1,0,1
S01010065,Whole house or bungalow: Terraced (including end-terrace),47,46,1,0,1
S01010065,Flat maisonette or apartment or mobile/temporary accommodation,299,296,3,0,3
S01010066,All household spaces,350,342,8,0,8
S01010066,Whole house or bungalow: Total,166,160,6,0,6
S01010066,Whole house or bungalow: Detached,6,5,1,0,1
S01010066,Whole house or bungalow: Semi-detached,79,75,4,0,4
S01010066,Whole house or bungalow: Terraced (including end-terrace),81,80,1,0,1
S01010066,Flat maisonette or apartment or mobile/temporary accommodation,184,182,2,0,2
S01010067,All household spaces,301,297,4,0,4
S01010067,Whole house or bungalow: Total,35,35,0,0,0
S01010067,Whole house or bungalow: Detached,4,4,0,0,0
S01010067,Whole house or bungalow: Semi-detached,14,14,0,0,0
S01010067,Whole house or bungalow: Terraced (including end-terrace),17,17,0,0,0
S01010067,Flat maisonette or apartment or mobile/temporary accommodation,266,262,4,0,4
S01010068,All household spaces,381,338,43,0,43
S01010068,Whole house or bungalow: Total,124,115,9,0,9
S01010068,Whole house or bungalow: Detached,9,9,0,0,0
S01010068,Whole house or bungalow: Semi-detached,20,20,0,0,0
S01010068,Whole house or bungalow: Terraced (including end-terrace),95,86,9,0,9
S01010068,Flat maisonette or apartment or mobile/temporary accommodation,257,223,34,0,34
S01010069,All household spaces,353,340,13,0,13
S01010069,Whole house or bungalow: Total,265,262,3,0,3
S01010069,Whole house or bungalow: Detached,38,37,1,0,1
S01010069,Whole house or bungalow: Semi-detached,168,166,2,0,2
S01010069,Whole house or bungalow: Terraced (including end-terrace),59,59,0,0,0
S01010069,Flat maisonette or apartment or mobile/temporary accommodation,88,78,10,0,10
S01010070,All household spaces,239,238,1,0,1
S01010070,Whole house or bungalow: Total,229,228,1,0,1
S01010070,Whole house or bungalow: Detached,63,62,1,0,1
S01010070,Whole house or bungalow: Semi-detached,162,162,0,0,0
S01010070,Whole house or bungalow: Terraced (including end-terrace),4,4,0,0,0
S01010070,Flat maisonette or apartment or mobile/temporary accommodation,10,10,0,0,0
S01010071,All household spaces,372,367,5,0,5
S01010071,Whole house or bungalow: Total,238,236,2,0,2
S01010071,Whole house or bungalow: Detached,18,18,0,0,0
S01010071,Whole house or bungalow: Semi-detached,171,170,1,0,1
S01010071,Whole house or bungalow: Terraced (including end-terrace),49,48,1,0,1
S01010071,Flat maisonette or apartment or mobile/temporary accommodation,134,131,3,0,3
S01010072,All household spaces,383,370,13,0,13
S01010072,Whole house or bungalow: Total,201,194,7,0,7
S01010072,Whole house or bungalow: Detached,10,10,0,0,0
S01010072,Whole house or bungalow: Semi-detached,157,153,4,0,4
S01010072,Whole house or bungalow: Terraced (including end-terrace),34,31,3,0,3
S01010072,Flat maisonette or apartment or mobile/temporary accommodation,182,176,6,0,6
S01010073,All household spaces,355,349,6,1,5
S01010073,Whole house or bungalow: Total,254,249,5,1,4
S01010073,Whole house or bungalow: Detached,2,2,0,0,0
S01010073,Whole house or bungalow: Semi-detached,244,239,5,1,4
S01010073,Whole house or bungalow: Terraced (including end-terrace),8,8,0,0,0
S01010073,Flat maisonette or apartment or mobile/temporary accommodation,101,100,1,0,1
S01010074,All household spaces,311,306,5,0,5
S01010074,Whole house or bungalow: Total,267,263,4,0,4
S01010074,Whole house or bungalow: Detached,48,48,0,0,0
S01010074,Whole house or bungalow: Semi-detached,134,132,2,0,2
S01010074,Whole house or bungalow: Terraced (including end-terrace),85,83,2,0,2
S01010074,Flat maisonette or apartment or mobile/temporary accommodation,44,43,1,0,1
S01010075,All household spaces,307,303,4,0,4
S01010075,Whole house or bungalow: Total,296,292,4,0,4
S01010075,Whole house or bungalow: Detached,4,4,0,0,0
S01010075,Whole house or bungalow: Semi-detached,57,56,1,0,1
S01010075,Whole house or bungalow: Terraced (including end-terrace),235,232,3,0,3
S01010075,Flat maisonette or apartment or mobile/temporary accommodation,11,11,0,0,0
S01010076,All household spaces,280,276,4,0,4
S01010076,Whole house or bungalow: Total,263,259,4,0,4
S01010076,Whole house or bungalow: Detached,2,2,0,0,0
S01010076,Whole house or bungalow: Semi-detached,63,61,2,0,2
S01010076,Whole house or bungalow: Terraced (including end-terrace),198,196,2,0,2
S01010076,Flat maisonette or apartment or mobile/temporary accommodation,17,17,0,0,0
S01010077,All household spaces,303,302,1,0,1
S01010077,Whole house or bungalow: Total,144,143,1,0,1
S01010077,Whole house or bungalow: Detached,10,10,0,0,0
S01010077,Whole house or bungalow: Semi-detached,55,54,1,0,1
S01010077,Whole house or bungalow: Terraced (including end-terrace),79,79,0,0,0
S01010077,Flat maisonette or apartment or mobile/temporary accommodation,159,159,0,0,0
S01010078,All household spaces,231,229,2,0,2
S01010078,Whole house or bungalow: Total,220,218,2,0,2
S01010078,Whole house or bungalow: Detached,99,97,2,0,2
S01010078,Whole house or bungalow: Semi-detached,78,78,0,0,0
S01010078,Whole house or bungalow: Terraced (including end-terrace),43,43,0,0,0
S01010078,Flat maisonette or apartment or mobile/temporary accommodation,11,11,0,0,0
S01010079,All household spaces,356,349,7,0,7
S01010079,Whole house or bungalow: Total,307,300,7,0,7
S01010079,Whole house or bungalow: Detached,196,192,4,0,4
S01010079,Whole house or bungalow: Semi-detached,86,83,3,0,3
S01010079,Whole house or bungalow: Terraced (including end-terrace),25,25,0,0,0
S01010079,Flat maisonette or apartment or mobile/temporary accommodation,49,49,0,0,0
S01010080,All household spaces,295,284,11,0,11
S01010080,Whole house or bungalow: Total,279,269,10,0,10
S01010080,Whole house or bungalow: Detached,57,52,5,0,5
S01010080,Whole house or bungalow: Semi-detached,202,197,5,0,5
S01010080,Whole house or bungalow: Terraced (including end-terrace),20,20,0,0,0
S01010080,Flat maisonette or apartment or mobile/temporary accommodation,16,15,1,0,1
S01010081,All household spaces,302,300,2,0,2
S01010081,Whole house or bungalow: Total,267,265,2,0,2
S01010081,Whole house or bungalow: Detached,103,102,1,0,1
S01010081,Whole house or bungalow: Semi-detached,132,131,1,0,1
S01010081,Whole house or bungalow: Terraced (including end-terrace),32,32,0,0,0
S01010081,Flat maisonette or apartment or mobile/temporary accommodation,35,35,0,0,0
S01010082,All household spaces,416,407,9,0,9
S01010082,Whole house or bungalow: Total,206,203,3,0,3
S01010082,Whole house or bungalow: Detached,88,87,1,0,1
S01010082,Whole house or bungalow: Semi-detached,106,104,2,0,2
S01010082,Whole house or bungalow: Terraced (including end-terrace),12,12,0,0,0
S01010082,Flat maisonette or apartment or mobile/temporary accommodation,210,204,6,0,6
S01010083,All household spaces,349,348,1,0,1
S01010083,Whole house or bungalow: Total,273,272,1,0,1
S01010083,Whole house or bungalow: Detached,5,5,0,0,0
S01010083,Whole house or bungalow: Semi-detached,53,53,0,0,0
S01010083,Whole house or bungalow: Terraced (including end-terrace),215,214,1,0,1
S01010083,Flat maisonette or apartment or mobile/temporary accommodation,76,76,0,0,0
S01010084,All household spaces,443,442,1,0,1
S01010084,Whole house or bungalow: Total,321,320,1,0,1
S01010084,Whole house or bungalow: Detached,5,5,0,0,0
S01010084,Whole house or bungalow: Semi-detached,72,71,1,0,1
S01010084,Whole house or bungalow: Terraced (including end-terrace),244,244,0,0,0
S01010084,Flat maisonette or apartment or mobile/temporary accommodation,122,122,0,0,0
S01010085,All household spaces,314,311,3,0,3
S01010085,Whole house or bungalow: Total,303,300,3,0,3
S01010085,Whole house or bungalow: Detached,25,24,1,0,1
S01010085,Whole house or bungalow: Semi-detached,220,219,1,0,1
S01010085,Whole house or bungalow: Terraced (including end-terrace),58,57,1,0,1
S01010085,Flat maisonette or apartment or mobile/temporary accommodation,11,11,0,0,0
S01010086,All household spaces,415,414,1,0,1
S01010086,Whole house or bungalow: Total,311,311,0,0,0
S01010086,Whole house or bungalow: Detached,8,8,0,0,0
S01010086,Whole house or bungalow: Semi-detached,75,75,0,0,0
S01010086,Whole house or bungalow: Terraced (including end-terrace),228,228,0,0,0
S01010086,Flat maisonette or apartment or mobile/temporary accommodation,104,103,1,0,1
S01010087,All household spaces,252,247,5,0,5
S01010087,Whole house or bungalow: Total,250,245,5,0,5
S01010087,Whole house or bungalow: Detached,20,20,0,0,0
S01010087,Whole house or bungalow: Semi-detached,224,219,5,0,5
S01010087,Whole house or bungalow: Terraced (including end-terrace),6,6,0,0,0
S01010087,Flat maisonette or apartment or mobile/temporary accommodation,2,2,0,0,0
S01010088,All household spaces,298,295,3,0,3
S01010088,Whole house or bungalow: Total,242,241,1,0,1
S01010088,Whole house or bungalow: Detached,213,212,1,0,1
S01010088,Whole house or bungalow: Semi-detached,24,24,0,0,0
S01010088,Whole house or bungalow: Terraced (including end-terrace),5,5,0,0,0
S01010088,Flat maisonette or apartment or mobile/temporary accommodation,56,54,2,0,2
S01010089,All household spaces,371,365,6,0,6
S01010089,Whole house or bungalow: Total,120,119,1,0,1
S01010089,Whole house or bungalow: Detached,28,28,0,0,0
S01010089,Whole house or bungalow: Semi-detached,66,66,0,0,0
S01010089,Whole house or bungalow: Terraced (including end-terrace),26,25,1,0,1
S01010089,Flat maisonette or apartment or mobile/temporary accommodation,251,246,5,0,5
S01010090,All household spaces,440,435,5,0,5
S01010090,Whole house or bungalow: Total,310,307,3,0,3
S01010090,Whole house or bungalow: Detached,133,133,0,0,0
S01010090,Whole house or bungalow: Semi-detached,123,122,1,0,1
S01010090,Whole house or bungalow: Terraced (including end-terrace),54,52,2,0,2
S01010090,Flat maisonette or apartment or mobile/temporary accommodation,130,128,2,0,2
S01010091,All household spaces,369,343,26,0,26
S01010091,Whole house or bungalow: Total,239,214,25,0,25
S01010091,Whole house or bungalow: Detached,135,111,24,0,24
S01010091,Whole house or bungalow: Semi-detached,77,76,1,0,1
S01010091,Whole house or bungalow: Terraced (including end-terrace),27,27,0,0,0
S01010091,Flat maisonette or apartment or mobile/temporary accommodation,130,129,1,0,1
S01010092,All household spaces,448,446,2,0,2
S01010092,Whole house or bungalow: Total,223,222,1,0,1
S01010092,Whole house or bungalow: Detached,13,13,0,0,0
S01010092,Whole house or bungalow: Semi-detached,67,67,0,0,0
S01010092,Whole house or bungalow: Terraced (including end-terrace),143,142,1,0,1
S01010092,Flat maisonette or apartment or mobile/temporary accommodation,225,224,1,0,1
S01010093,All household spaces,394,386,8,0,8
S01010093,Whole house or bungalow: Total,192,187,5,0,5
S01010093,Whole house or bungalow: Detached,8,8,0,0,0
S01010093,Whole house or bungalow: Semi-detached,116,111,5,0,5
S01010093,Whole house or bungalow: Terraced (including end-terrace),68,68,0,0,0
S01010093,Flat maisonette or apartment or mobile/temporary accommodation,202,199,3,0,3
S01010094,All household spaces,292,291,1,0,1
S01010094,Whole house or bungalow: Total,274,273,1,0,1
S01010094,Whole house or bungalow: Detached,25,25,0,0,0
S01010094,Whole house or bungalow: Semi-detached,173,172,1,0,1
S01010094,Whole house or bungalow: Terraced (including end-terrace),76,76,0,0,0
S01010094,Flat maisonette or apartment or mobile/temporary accommodation,18,18,0,0,0
S01010095,All household spaces,284,279,5,1,4
S01010095,Whole house or bungalow: Total,278,273,5,1,4
S01010095,Whole house or bungalow: Detached,21,21,0,0,0
S01010095,Whole house or bungalow: Semi-detached,187,184,3,1,2
S01010095,Whole house or bungalow: Terraced (including end-terrace),70,68,2,0,2
S01010095,Flat maisonette or apartment or mobile/temporary accommodation,6,6,0,0,0
S01010096,All household spaces,296,292,4,0,4
S01010096,Whole house or bungalow: Total,267,264,3,0,3
S01010096,Whole house or bungalow: Detached,53,53,0,0,0
S01010096,Whole house or bungalow: Semi-detached,89,88,1,0,1
S01010096,Whole house or bungalow: Terraced (including end-terrace),125,123,2,0,2
S01010096,Flat maisonette or apartment or mobile/temporary accommodation,29,28,1,0,1
S01010097,All household spaces,293,286,7,0,7
S01010097,Whole house or bungalow: Total,268,261,7,0,7
S01010097,Whole house or bungalow: Detached,24,24,0,0,0
S01010097,Whole house or bungalow: Semi-detached,226,220,6,0,6
S01010097,Whole house or bungalow: Terraced (including end-terrace),18,17,1,0,1
S01010097,Flat maisonette or apartment or mobile/temporary accommodation,25,25,0,0,0
S01010098,All household spaces,279,277,2,1,1
S01010098,Whole house or bungalow: Total,274,272,2,1,1
S01010098,Whole house or bungalow: Detached,9,9,0,0,0
S01010098,Whole house or bungalow: Semi-detached,226,225,1,0,1
S01010098,Whole house or bungalow: Terraced (including end-terrace),39,38,1,1,0
S01010098,Flat maisonette or apartment or mobile/temporary accommodation,5,5,0,0,0
S01010099,All household spaces,290,285,5,0,5
S01010099,Whole house or bungalow: Total,284,279,5,0,5
S01010099,Whole house or bungalow: Detached,39,39,0,0,0
S01010099,Whole house or bungalow: Semi-detached,228,223,5,0,5
S01010099,Whole house or bungalow: Terraced (including end-terrace),17,17,0,0,0
S01010099,Flat maisonette or apartment or mobile/temporary accommodation,6,6,0,0,0
S01010100,All household spaces,388,382,6,0,6
S01010100,Whole house or bungalow: Total,360,354,6,0,6
S01010100,Whole house or bungalow: Detached,127,127,0,0,0
S01010100,Whole house or bungalow: Semi-detached,224,218,6,0,6
S01010100,Whole house or bungalow: Terraced (including end-terrace),9,9,0,0,0
S01010100,Flat maisonette or apartment or mobile/temporary accommodation,28,28,0,0,0
S01010101,All household spaces,304,299,5,1,4
S01010101,Whole house or bungalow: Total,283,278,5,1,4
S01010101,Whole house or bungalow: Detached,105,104,1,0,1
S01010101,Whole house or bungalow: Semi-detached,142,138,4,1,3
S01010101,Whole house or bungalow: Terraced (including end-terrace),36,36,0,0,0
S01010101,Flat maisonette or apartment or mobile/temporary accommodation,21,21,0,0,0
S01010102,All household spaces,327,324,3,1,2
S01010102,Whole house or bungalow: Total,310,307,3,1,2
S01010102,Whole house or bungalow: Detached,109,108,1,0,1
S01010102,Whole house or bungalow: Semi-detached,138,136,2,1,1
S01010102,Whole house or bungalow: Terraced (including end-terrace),63,63,0,0,0
S01010102,Flat maisonette or apartment or mobile/temporary accommodation,17,17,0,0,0
S01010103,All household spaces,364,355,9,3,6
S01010103,Whole house or bungalow: Total,344,336,8,3,5
S01010103,Whole house or bungalow: Detached,84,83,1,0,1
S01010103,Whole house or bungalow: Semi-detached,200,194,6,3,3
S01010103,Whole house or bungalow: Terraced (including end-terrace),60,59,1,0,1
S01010103,Flat maisonette or apartment or mobile/temporary accommodation,20,19,1,0,1
S01010104,All household spaces,273,267,6,0,6
S01010104,Whole house or bungalow: Total,247,241,6,0,6
S01010104,Whole house or bungalow: Detached,64,63,1,0,1
S01010104,Whole house or bungalow: Semi-detached,115,110,5,0,5
S01010104,Whole house or bungalow: Terraced (including end-terrace),68,68,0,0,0
S01010104,Flat maisonette or apartment or mobile/temporary accommodation,26,26,0,0,0
S01010105,All household spaces,172,165,7,0,7
S01010105,Whole house or bungalow: Total,78,76,2,0,2
S01010105,Whole house or bungalow: Detached,5,5,0,0,0
S01010105,Whole house or bungalow: Semi-detached,52,50,2,0,2
S01010105,Whole house or bungalow: Terraced (including end-terrace),21,21,0,0,0
S01010105,Flat maisonette or apartment or mobile/temporary accommodation,94,89,5,0,5
S01010106,All household spaces,225,219,6,0,6
S01010106,Whole house or bungalow: Total,108,105,3,0,3
S01010106,Whole house or bungalow: Detached,2,2,0,0,0
S01010106,Whole house or bungalow: Semi-detached,71,70,1,0,1
S01010106,Whole house or bungalow: Terraced (including end-terrace),35,33,2,0,2
S01010106,Flat maisonette or apartment or mobile/temporary accommodation,117,114,3,0,3
S01010107,All household spaces,413,404,9,0,9
S01010107,Whole house or bungalow: Total,68,66,2,0,2
S01010107,Whole house or bungalow: Detached,6,6,0,0,0
S01010107,Whole house or bungalow: Semi-detached,25,25,0,0,0
S01010107,Whole house or bungalow: Terraced (including end-terrace),37,35,2,0,2
S01010107,Flat maisonette or apartment or mobile/temporary accommodation,345,338,7,0,7
S01010108,All household spaces,380,374,6,1,5
S01010108,Whole house or bungalow: Total,250,246,4,1,3
S01010108,Whole house or bungalow: Detached,2,2,0,0,0
S01010108,Whole house or bungalow: Semi-detached,58,54,4,1,3
S01010108,Whole house or bungalow: Terraced (including end-terrace),190,190,0,0,0
S01010108,Flat maisonette or apartment or mobile/temporary accommodation,130,128,2,0,2
S01010109,All household spaces,355,326,29,2,27
S01010109,Whole house or bungalow: Total,107,87,20,2,18
S01010109,Whole house or bungalow: Detached,60,44,16,2,14
S01010109,Whole house or bungalow: Semi-detached,32,32,0,0,0
S01010109,Whole house or bungalow: Terraced (including end-terrace),15,11,4,0,4
S01010109,Flat maisonette or apartment or mobile/temporary accommodation,248,239,9,0,9
S01010110,All household spaces,438,431,7,1,6
S01010110,Whole house or bungalow: Total,129,129,0,0,0
S01010110,Whole house or bungalow: Detached,8,8,0,0,0
S01010110,Whole house or bungalow: Semi-detached,96,96,0,0,0
S01010110,Whole house or bungalow: Terraced (including end-terrace),25,25,0,0,0
S01010110,Flat maisonette or apartment or mobile/temporary accommodation,309,302,7,1,6
S01010111,All household spaces,452,446,6,0,6
S01010111,Whole house or bungalow: Total,174,174,0,0,0
S01010111,Whole house or bungalow: Detached,12,12,0,0,0
S01010111,Whole house or bungalow: Semi-detached,99,99,0,0,0
S01010111,Whole house or bungalow: Terraced (including end-terrace),63,63,0,0,0
S01010111,Flat maisonette or apartment or mobile/temporary accommodation,278,272,6,0,6
S01010112,All household spaces,421,419,2,0,2
S01010112,Whole house or bungalow: Total,209,208,1,0,1
S01010112,Whole house or bungalow: Detached,13,13,0,0,0
S01010112,Whole house or bungalow: Semi-detached,145,144,1,0,1
S01010112,Whole house or bungalow: Terraced (including end-terrace),51,51,0,0,0
S01010112,Flat maisonette or apartment or mobile/temporary accommodation,212,211,1,0,1
S01010113,All household spaces,254,244,10,0,10
S01010113,Whole house or bungalow: Total,27,25,2,0,2
S01010113,Whole house or bungalow: Detached,1,1,0,0,0
S01010113,Whole house or bungalow: Semi-detached,10,10,0,0,0
S01010113,Whole house or bungalow: Terraced (including end-terrace),16,14,2,0,2
S01010113,Flat maisonette or apartment or mobile/temporary accommodation,227,219,8,0,8
S01010114,All household spaces,370,366,4,0,4
S01010114,Whole house or bungalow: Total,80,80,0,0,0
S01010114,Whole house or bungalow: Detached,6,6,0,0,0
S01010114,Whole house or bungalow: Semi-detached,42,42,0,0,0
S01010114,Whole house or bungalow: Terraced (including end-terrace),32,32,0,0,0
S01010114,Flat maisonette or apartment or mobile/temporary accommodation,290,286,4,0,4
S01010115,All household spaces,241,230,11,11,0
S01010115,Whole house or bungalow: Total,212,201,11,11,0
S01010115,Whole house or bungalow: Detached,6,6,0,0,0
S01010115,Whole house or bungalow: Semi-detached,145,134,11,11,0
S01010115,Whole house or bungalow: Terraced (including end-terrace),61,61,0,0,0
S01010115,Flat maisonette or apartment or mobile/temporary accommodation,29,29,0,0,0
S01010116,All household spaces,399,397,2,0,2
S01010116,Whole house or bungalow: Total,295,294,1,0,1
S01010116,Whole house or bungalow: Detached,51,50,1,0,1
S01010116,Whole house or bungalow: Semi-detached,151,151,0,0,0
S01010116,Whole house or bungalow: Terraced (including end-terrace),93,93,0,0,0
S01010116,Flat maisonette or apartment or mobile/temporary accommodation,104,103,1,0,1
S01010117,All household spaces,272,261,11,1,10
S01010117,Whole house or bungalow: Total,192,181,11,1,10
S01010117,Whole house or bungalow: Detached,101,96,5,0,5
S01010117,Whole house or bungalow: Semi-detached,50,48,2,0,2
S01010117,Whole house or bungalow: Terraced (including end-terrace),41,37,4,1,3
S01010117,Flat maisonette or apartment or mobile/temporary accommodation,80,80,0,0,0
S01010118,All household spaces,286,277,9,0,9
S01010118,Whole house or bungalow: Total,113,110,3,0,3
S01010118,Whole house or bungalow: Detached,14,14,0,0,0
S01010118,Whole house or bungalow: Semi-detached,46,46,0,0,0
S01010118,Whole house or bungalow: Terraced (including end-terrace),53,50,3,0,3
S01010118,Flat maisonette or apartment or mobile/temporary accommodation,173,167,6,0,6
S01010119,All household spaces,212,209,3,0,3
S01010119,Whole house or bungalow: Total,152,149,3,0,3
S01010119,Whole house or bungalow: Detached,11,11,0,0,0
S01010119,Whole house or bungalow: Semi-detached,85,85,0,0,0
S01010119,Whole house or bungalow: Terraced (including end-terrace),56,53,3,0,3
S01010119,Flat maisonette or apartment or mobile/temporary accommodation,60,60,0,0,0
S01010120,All household spaces,446,444,2,1,1
S01010120,Whole house or bungalow: Total,189,189,0,0,0
S01010120,Whole house or bungalow: Detached,14,14,0,0,0
S01010120,Whole house or bungalow: Semi-detached,97,97,0,0,0
S01010120,Whole house or bungalow: Terraced (including end-terrace),78,78,0,0,0
S01010120,Flat maisonette or apartment or mobile/temporary accommodation,257,255,2,1,1
S01010121,All household spaces,322,321,1,0,1
S01010121,Whole house or bungalow: Total,92,92,0,0,0
S01010121,Whole house or bungalow: Detached,2,2,0,0,0
S01010121,Whole house or bungalow: Semi-detached,43,43,0,0,0
S01010121,Whole house or bungalow: Terraced (including end-terrace),47,47,0,0,0
S01010121,Flat maisonette or apartment or mobile/temporary accommodation,230,229,1,0,1
S01010122,All household spaces,199,198,1,0,1
S01010122,Whole house or bungalow: Total,95,95,0,0,0
S01010122,Whole house or bungalow: Detached,7,7,0,0,0
S01010122,Whole house or bungalow: Semi-detached,66,66,0,0,0
S01010122,Whole house or bungalow: Terraced (including end-terrace),22,22,0,0,0
S01010122,Flat maisonette or apartment or mobile/temporary accommodation,104,103,1,0,1
S01010123,All household spaces,299,299,0,0,0
S01010123,Whole house or bungalow: Total,84,84,0,0,0
S01010123,Whole house or bungalow: Detached,4,4,0,0,0
S01010123,Whole house or bungalow: Semi-detached,50,50,0,0,0
S01010123,Whole house or bungalow: Terraced (including end-terrace),30,30,0,0,0
S01010123,Flat maisonette or apartment or mobile/temporary accommodation,215,215,0,0,0
S01010124,All household spaces,295,293,2,0,2
S01010124,Whole house or bungalow: Total,11,11,0,0,0
S01010124,Whole house or bungalow: Detached,1,1,0,0,0
S01010124,Whole house or bungalow: Semi-detached,2,2,0,0,0
S01010124,Whole house or bungalow: Terraced (including end-terrace),8,8,0,0,0
S01010124,Flat maisonette or apartment or mobile/temporary accommodation,284,282,2,0,2
S01010125,All household spaces,249,242,7,0,7
S01010125,Whole house or bungalow: Total,80,80,0,0,0
S01010125,Whole house or bungalow: Detached,7,7,0,0,0
S01010125,Whole house or bungalow: Semi-detached,46,46,0,0,0
S01010125,Whole house or bungalow: Terraced (including end-terrace),27,27,0,0,0
S01010125,Flat maisonette or apartment or mobile/temporary accommodation,169,162,7,0,7
S01010126,All household spaces,314,312,2,0,2
S01010126,Whole house or bungalow: Total,248,246,2,0,2
S01010126,Whole house or bungalow: Detached,38,37,1,0,1
S01010126,Whole house or bungalow: Semi-detached,77,76,1,0,1
S01010126,Whole house or bungalow: Terraced (including end-terrace),133,133,0,0,0
S01010126,Flat maisonette or apartment or mobile/temporary accommodation,66,66,0,0,0
S01010127,All household spaces,296,296,0,0,0
S01010127,Whole house or bungalow: Total,218,218,0,0,0
S01010127,Whole house or bungalow: Detached,5,5,0,0,0
S01010127,Whole house or bungalow: Semi-detached,80,80,0,0,0
S01010127,Whole house or bungalow: Terraced (including end-terrace),133,133,0,0,0
S01010127,Flat maisonette or apartment or mobile/temporary accommodation,78,78,0,0,0
S01010128,All household spaces,216,214,2,0,2
S01010128,Whole house or bungalow: Total,18,18,0,0,0
S01010128,Whole house or bungalow: Detached,0,0,0,0,0
S01010128,Whole house or bungalow: Semi-detached,3,3,0,0,0
S01010128,Whole house or bungalow: Terraced (including end-terrace),15,15,0,0,0
S01010128,Flat maisonette or apartment or mobile/temporary accommodation,198,196,2,0,2
S01010129,All household spaces,357,350,7,0,7
S01010129,Whole house or bungalow: Total,40,40,0,0,0
S01010129,Whole house or bungalow: Detached,1,1,0,0,0
S01010129,Whole house or bungalow: Semi-detached,23,23,0,0,0
S01010129,Whole house or bungalow: Terraced (including end-terrace),16,16,0,0,0
S01010129,Flat maisonette or apartment or mobile/temporary accommodation,317,310,7,0,7
S01010130,All household spaces,207,206,1,0,1
S01010130,Whole house or bungalow: Total,48,48,0,0,0
S01010130,Whole house or bungalow: Detached,2,2,0,0,0
S01010130,Whole house or bungalow: Semi-detached,13,13,0,0,0
S01010130,Whole house or bungalow: Terraced (including end-terrace),33,33,0,0,0
S01010130,Flat maisonette or apartment or mobile/temporary accommodation,159,158,1,0,1
S01010131,All household spaces,385,376,9,0,9
S01010131,Whole house or bungalow: Total,334,327,7,0,7
S01010131,Whole house or bungalow: Detached,127,122,5,0,5
S01010131,Whole house or bungalow: Semi-detached,187,185,2,0,2
S01010131,Whole house or bungalow: Terraced (including end-terrace),20,20,0,0,0
S01010131,Flat maisonette or apartment or mobile/temporary accommodation,51,49,2,0,2
S01010132,All household spaces,500,497,3,0,3
S01010132,Whole house or bungalow: Total,171,171,0,0,0
S01010132,Whole house or bungalow: Detached,8,8,0,0,0
S01010132,Whole house or bungalow: Semi-detached,49,49,0,0,0
S01010132,Whole house or bungalow: Terraced (including end-terrace),114,114,0,0,0
S01010132,Flat maisonette or apartment or mobile/temporary accommodation,329,326,3,0,3
S01010133,All household spaces,388,380,8,0,8
S01010133,Whole house or bungalow: Total,175,172,3,0,3
S01010133,Whole house or bungalow: Detached,3,3,0,0,0
S01010133,Whole house or bungalow: Semi-detached,37,37,0,0,0
S01010133,Whole house or bungalow: Terraced (including end-terrace),135,132,3,0,3
S01010133,Flat maisonette or apartment or mobile/temporary accommodation,213,208,5,0,5
S01010134,All household spaces,559,551,8,0,8
S01010134,Whole house or bungalow: Total,172,170,2,0,2
S01010134,Whole house or bungalow: Detached,14,14,0,0,0
S01010134,Whole house or bungalow: Semi-detached,61,61,0,0,0
S01010134,Whole house or bungalow: Terraced (including end-terrace),97,95,2,0,2
S01010134,Flat maisonette or apartment or mobile/temporary accommodation,387,381,6,0,6
S01010135,All household spaces,367,365,2,0,2
S01010135,Whole house or bungalow: Total,214,213,1,0,1
S01010135,Whole house or bungalow: Detached,7,6,1,0,1
S01010135,Whole house or bungalow: Semi-detached,119,119,0,0,0
S01010135,Whole house or bungalow: Terraced (including end-terrace),88,88,0,0,0
S01010135,Flat maisonette or apartment or mobile/temporary accommodation,153,152,1,0,1
S01010136,All household spaces,380,367,13,0,13
S01010136,Whole house or bungalow: Total,271,265,6,0,6
S01010136,Whole house or bungalow: Detached,20,18,2,0,2
S01010136,Whole house or bungalow: Semi-detached,99,99,0,0,0
S01010136,Whole house or bungalow: Terraced (including end-terrace),152,148,4,0,4
S01010136,Flat maisonette or apartment or mobile/temporary accommodation,109,102,7,0,7
S01010137,All household spaces,598,583,15,0,15
S01010137,Whole house or bungalow: Total,39,39,0,0,0
S01010137,Whole house or bungalow: Detached,6,6,0,0,0
S01010137,Whole house or bungalow: Semi-detached,15,15,0,0,0
S01010137,Whole house or bungalow: Terraced (including end-terrace),18,18,0,0,0
S01010137,Flat maisonette or apartment or mobile/temporary accommodation,559,544,15,0,15
S01010138,All household spaces,668,660,8,1,7
S01010138,Whole house or bungalow: Total,108,107,1,0,1
S01010138,Whole house or bungalow: Detached,9,9,0,0,0
S01010138,Whole house or bungalow: Semi-detached,56,56,0,0,0
S01010138,Whole house or bungalow: Terraced (including end-terrace),43,42,1,0,1
S01010138,Flat maisonette or apartment or mobile/temporary accommodation,560,553,7,1,6
S01010139,All household spaces,560,552,8,0,8
S01010139,Whole house or bungalow: Total,114,112,2,0,2
S01010139,Whole house or bungalow: Detached,9,9,0,0,0
S01010139,Whole house or bungalow: Semi-detached,80,78,2,0,2
S01010139,Whole house or bungalow: Terraced (including end-terrace),25,25,0,0,0
S01010139,Flat maisonette or apartment or mobile/temporary accommodation,446,440,6,0,6
S01010140,All household spaces,421,384,37,1,36
S01010140,Whole house or bungalow: Total,124,123,1,0,1
S01010140,Whole house or bungalow: Detached,10,10,0,0,0
S01010140,Whole house or bungalow: Semi-detached,77,76,1,0,1
S01010140,Whole house or bungalow: Terraced (including end-terrace),37,37,0,0,0
S01010140,Flat maisonette or apartment or mobile/temporary accommodation,297,261,36,1,35
S01010141,All household spaces,455,447,8,0,8
S01010141,Whole house or bungalow: Total,26,25,1,0,1
S01010141,Whole house or bungalow: Detached,2,2,0,0,0
S01010141,Whole house or bungalow: Semi-detached,7,6,1,0,1
S01010141,Whole house or bungalow: Terraced (including end-terrace),17,17,0,0,0
S01010141,Flat maisonette or apartment or mobile/temporary accommodation,429,422,7,0,7
S01010142,All household spaces,288,288,0,0,0
S01010142,Whole house or bungalow: Total,81,81,0,0,0
S01010142,Whole house or bungalow: Detached,4,4,0,0,0
S01010142,Whole house or bungalow: Semi-detached,53,53,0,0,0
S01010142,Whole house or bungalow: Terraced (including end-terrace),24,24,0,0,0
S01010142,Flat maisonette or apartment or mobile/temporary accommodation,207,207,0,0,0
S01010143,All household spaces,397,391,6,0,6
S01010143,Whole house or bungalow: Total,204,199,5,0,5
S01010143,Whole house or bungalow: Detached,1,1,0,0,0
S01010143,Whole house or bungalow: Semi-detached,64,59,5,0,5
S01010143,Whole house or bungalow: Terraced (including end-terrace),139,139,0,0,0
S01010143,Flat maisonette or apartment or mobile/temporary accommodation,193,192,1,0,1
S01010144,All household spaces,406,372,34,1,33
S01010144,Whole house or bungalow: Total,55,53,2,0,2
S01010144,Whole house or bungalow: Detached,11,11,0,0,0
S01010144,Whole house or bungalow: Semi-detached,33,31,2,0,2
S01010144,Whole house or bungalow: Terraced (including end-terrace),11,11,0,0,0
S01010144,Flat maisonette or apartment or mobile/temporary accommodation,351,319,32,1,31
S01010145,All household spaces,409,397,12,0,12
S01010145,Whole house or bungalow: Total,135,130,5,0,5
S01010145,Whole house or bungalow: Detached,23,23,0,0,0
S01010145,Whole house or bungalow: Semi-detached,57,55,2,0,2
S01010145,Whole house or bungalow: Terraced (including end-terrace),55,52,3,0,3
S01010145,Flat maisonette or apartment or mobile/temporary accommodation,274,267,7,0,7
S01010146,All household spaces,415,406,9,0,9
S01010146,Whole house or bungalow: Total,80,78,2,0,2
S01010146,Whole house or bungalow: Detached,5,5,0,0,0
S01010146,Whole house or bungalow: Semi-detached,43,42,1,0,1
S01010146,Whole house or bungalow: Terraced (including end-terrace),32,31,1,0,1
S01010146,Flat maisonette or apartment or mobile/temporary accommodation,335,328,7,0,7
S01010147,All household spaces,501,494,7,0,7
S01010147,Whole house or bungalow: Total,32,32,0,0,0
S01010147,Whole house or bungalow: Detached,8,8,0,0,0
S01010147,Whole house or bungalow: Semi-detached,6,6,0,0,0
S01010147,Whole house or bungalow: Terraced (including end-terrace),18,18,0,0,0
S01010147,Flat maisonette or apartment or mobile/temporary accommodation,469,462,7,0,7
S01010148,All household spaces,357,356,1,0,1
S01010148,Whole house or bungalow: Total,41,41,0,0,0
S01010148,Whole house or bungalow: Detached,10,10,0,0,0
S01010148,Whole house or bungalow: Semi-detached,17,17,0,0,0
S01010148,Whole house or bungalow: Terraced (including end-terrace),14,14,0,0,0
S01010148,Flat maisonette or apartment or mobile/temporary accommodation,316,315,1,0,1
S01010149,All household spaces,247,231,16,1,15
S01010149,Whole house or bungalow: Total,144,135,9,0,9
S01010149,Whole house or bungalow: Detached,25,25,0,0,0
S01010149,Whole house or bungalow: Semi-detached,50,41,9,0,9
S01010149,Whole house or bungalow: Terraced (including end-terrace),69,69,0,0,0
S01010149,Flat maisonette or apartment or mobile/temporary accommodation,103,96,7,1,6
S01010150,All household spaces,349,325,24,0,24
S01010150,Whole house or bungalow: Total,82,74,8,0,8
S01010150,Whole house or bungalow: Detached,1,1,0,0,0
S01010150,Whole house or bungalow: Semi-detached,64,58,6,0,6
S01010150,Whole house or bungalow: Terraced (including end-terrace),17,15,2,0,2
S01010150,Flat maisonette or apartment or mobile/temporary accommodation,267,251,16,0,16
S01010151,All household spaces,380,329,51,0,51
S01010151,Whole house or bungalow: Total,96,85,11,0,11
S01010151,Whole house or bungalow: Detached,3,3,0,0,0
S01010151,Whole house or bungalow: Semi-detached,83,72,11,0,11
S01010151,Whole house or bungalow: Terraced (including end-terrace),10,10,0,0,0
S01010151,Flat maisonette or apartment or mobile/temporary accommodation,284,244,40,0,40
S01010152,All household spaces,432,425,7,0,7
S01010152,Whole house or bungalow: Total,124,122,2,0,2
S01010152,Whole house or bungalow: Detached,2,2,0,0,0
S01010152,Whole house or bungalow: Semi-detached,110,109,1,0,1
S01010152,Whole house or bungalow: Terraced (including end-terrace),12,11,1,0,1
S01010152,Flat maisonette or apartment or mobile/temporary accommodation,308,303,5,0,5
S01010153,All household spaces,515,491,24,0,24
S01010153,Whole house or bungalow: Total,133,126,7,0,7
S01010153,Whole house or bungalow: Detached,8,8,0,0,0
S01010153,Whole house or bungalow: Semi-detached,116,110,6,0,6
S01010153,Whole house or bungalow: Terraced (including end-terrace),9,8,1,0,1
S01010153,Flat maisonette or apartment or mobile/temporary accommodation,382,365,17,0,17
S01010154,All household spaces,485,432,53,1,52
S01010154,Whole house or bungalow: Total,158,147,11,0,11
S01010154,Whole house or bungalow: Detached,3,3,0,0,0
S01010154,Whole house or bungalow: Semi-detached,115,106,9,0,9
S01010154,Whole house or bungalow: Terraced (including end-terrace),40,38,2,0,2
S01010154,Flat maisonette or apartment or mobile/temporary accommodation,327,285,42,1,41
S01010155,All household spaces,378,362,16,0,16
S01010155,Whole house or bungalow: Total,169,159,10,0,10
S01010155,Whole house or bungalow: Detached,3,3,0,0,0
S01010155,Whole house or bungalow: Semi-detached,149,141,8,0,8
S01010155,Whole house or bungalow: Terraced (including end-terrace),17,15,2,0,2
S01010155,Flat maisonette or apartment or mobile/temporary accommodation,209,203,6,0,6
S01010156,All household spaces,288,281,7,0,7
S01010156,Whole house or bungalow: Total,91,91,0,0,0
S01010156,Whole house or bungalow: Detached,5,5,0,0,0
S01010156,Whole house or bungalow: Semi-detached,71,71,0,0,0
S01010156,Whole house or bungalow: Terraced (including end-terrace),15,15,0,0,0
S01010156,Flat maisonette or apartment or mobile/temporary accommodation,197,190,7,0,7
S01010157,All household spaces,267,267,0,0,0
S01010157,Whole house or bungalow: Total,176,176,0,0,0
S01010157,Whole house or bungalow: Detached,10,10,0,0,0
S01010157,Whole house or bungalow: Semi-detached,82,82,0,0,0
S01010157,Whole house or bungalow: Terraced (including end-terrace),84,84,0,0,0
S01010157,Flat maisonette or apartment or mobile/temporary accommodation,91,91,0,0,0
S01010158,All household spaces,468,461,7,0,7
S01010158,Whole house or bungalow: Total,168,167,1,0,1
S01010158,Whole house or bungalow: Detached,6,6,0,0,0
S01010158,Whole house or bungalow: Semi-detached,102,101,1,0,1
S01010158,Whole house or bungalow: Terraced (including end-terrace),60,60,0,0,0
S01010158,Flat maisonette or apartment or mobile/temporary accommodation,300,294,6,0,6
S01010159,All household spaces,358,353,5,0,5
S01010159,Whole house or bungalow: Total,243,241,2,0,2
S01010159,Whole house or bungalow: Detached,9,9,0,0,0
S01010159,Whole house or bungalow: Semi-detached,213,211,2,0,2
S01010159,Whole house or bungalow: Terraced (including end-terrace),21,21,0,0,0
S01010159,Flat maisonette or apartment or mobile/temporary accommodation,115,112,3,0,3
S01010160,All household spaces,334,308,26,0,26
S01010160,Whole house or bungalow: Total,14,14,0,0,0
S01010160,Whole house or bungalow: Detached,3,3,0,0,0
S01010160,Whole house or bungalow: Semi-detached,9,9,0,0,0
S01010160,Whole house or bungalow: Terraced (including end-terrace),2,2,0,0,0
S01010160,Flat maisonette or apartment or mobile/temporary accommodation,320,294,26,0,26
S01010161,All household spaces,263,259,4,0,4
S01010161,Whole house or bungalow: Total,154,151,3,0,3
S01010161,Whole house or bungalow: Detached,10,10,0,0,0
S01010161,Whole house or bungalow: Semi-detached,114,112,2,0,2
S01010161,Whole house or bungalow: Terraced (including end-terrace),30,29,1,0,1
S01010161,Flat maisonette or apartment or mobile/temporary accommodation,109,108,1,0,1
S01010162,All household spaces,368,360,8,0,8
S01010162,Whole house or bungalow: Total,12,12,0,0,0
S01010162,Whole house or bungalow: Detached,1,1,0,0,0
S01010162,Whole house or bungalow: Semi-detached,3,3,0,0,0
S01010162,Whole house or bungalow: Terraced (including end-terrace),8,8,0,0,0
S01010162,Flat maisonette or apartment or mobile/temporary accommodation,356,348,8,0,8
S01010163,All household spaces,241,239,2,1,1
S01010163,Whole house or bungalow: Total,120,119,1,0,1
S01010163,Whole house or bungalow: Detached,2,2,0,0,0
S01010163,Whole house or bungalow: Semi-detached,109,108,1,0,1
S01010163,Whole house or bungalow: Terraced (including end-terrace),9,9,0,0,0
S01010163,Flat maisonette or apartment or mobile/temporary accommodation,121,120,1,1,0
S01010164,All household spaces,286,282,4,0,4
S01010164,Whole house or bungalow: Total,217,214,3,0,3
S01010164,Whole house or bungalow: Detached,7,6,1,0,1
S01010164,Whole house or bungalow: Semi-detached,202,200,2,0,2
S01010164,Whole house or bungalow: Terraced (including end-terrace),8,8,0,0,0
S01010164,Flat maisonette or apartment or mobile/temporary accommodation,69,68,1,0,1
S01010165,All household spaces,277,275,2,0,2
S01010165,Whole house or bungalow: Total,52,52,0,0,0
S01010165,Whole house or bungalow: Detached,2,2,0,0,0
S01010165,Whole house or bungalow: Semi-detached,42,42,0,0,0
S01010165,Whole house or bungalow: Terraced (including end-terrace),8,8,0,0,0
S01010165,Flat maisonette or apartment or mobile/temporary accommodation,225,223,2,0,2
S01010166,All household spaces,353,347,6,0,6
S01010166,Whole house or bungalow: Total,279,276,3,0,3
S01010166,Whole house or bungalow: Detached,10,10,0,0,0
S01010166,Whole house or bungalow: Semi-detached,23,23,0,0,0
S01010166,Whole house or bungalow: Terraced (including end-terrace),246,243,3,0,3
S01010166,Flat maisonette or apartment or mobile/temporary accommodation,74,71,3,0,3
S01010167,All household spaces,479,472,7,0,7
S01010167,Whole house or bungalow: Total,234,230,4,0,4
S01010167,Whole house or bungalow: Detached,5,5,0,0,0
S01010167,Whole house or bungalow: Semi-detached,12,12,0,0,0
S01010167,Whole house or bungalow: Terraced (including end-terrace),217,213,4,0,4
S01010167,Flat maisonette or apartment or mobile/temporary accommodation,245,242,3,0,3
S01010168,All household spaces,237,236,1,0,1
S01010168,Whole house or bungalow: Total,98,98,0,0,0
S01010168,Whole house or bungalow: Detached,15,15,0,0,0
S01010168,Whole house or bungalow: Semi-detached,56,56,0,0,0
S01010168,Whole house or bungalow: Terraced (including end-terrace),27,27,0,0,0
S01010168,Flat maisonette or apartment or mobile/temporary accommodation,139,138,1,0,1
S01010169,All household spaces,371,367,4,0,4
S01010169,Whole house or bungalow: Total,128,127,1,0,1
S01010169,Whole house or bungalow: Detached,2,2,0,0,0
S01010169,Whole house or bungalow: Semi-detached,53,52,1,0,1
S01010169,Whole house or bungalow: Terraced (including end-terrace),73,73,0,0,0
S01010169,Flat maisonette or apartment or mobile/temporary accommodation,243,240,3,0,3
S01010170,All household spaces,273,271,2,0,2
S01010170,Whole house or bungalow: Total,142,140,2,0,2
S01010170,Whole house or bungalow: Detached,3,3,0,0,0
S01010170,Whole house or bungalow: Semi-detached,20,20,0,0,0
S01010170,Whole house or bungalow: Terraced (including end-terrace),119,117,2,0,2
S01010170,Flat maisonette or apartment or mobile/temporary accommodation,131,131,0,0,0
S01010171,All household spaces,490,489,1,0,1
S01010171,Whole house or bungalow: Total,172,172,0,0,0
S01010171,Whole house or bungalow: Detached,13,13,0,0,0
S01010171,Whole house or bungalow: Semi-detached,57,57,0,0,0
S01010171,Whole house or bungalow: Terraced (including end-terrace),102,102,0,0,0
S01010171,Flat maisonette or apartment or mobile/temporary accommodation,318,317,1,0,1
S01010172,All household spaces,490,481,9,1,8
S01010172,Whole house or bungalow: Total,20,20,0,0,0
S01010172,Whole house or bungalow: Detached,3,3,0,0,0
S01010172,Whole house or bungalow: Semi-detached,8,8,0,0,0
S01010172,Whole house or bungalow: Terraced (including end-terrace),9,9,0,0,0
S01010172,Flat maisonette or apartment or mobile/temporary accommodation,470,461,9,1,8
S01010173,All household spaces,333,331,2,0,2
S01010173,Whole house or bungalow: Total,297,296,1,0,1
S01010173,Whole house or bungalow: Detached,0,0,0,0,0
S01010173,Whole house or bungalow: Semi-detached,244,243,1,0,1
S01010173,Whole house or bungalow: Terraced (including end-terrace),53,53,0,0,0
S01010173,Flat maisonette or apartment or mobile/temporary accommodation,36,35,1,0,1
S01010174,All household spaces,255,250,5,0,5
S01010174,Whole house or bungalow: Total,166,165,1,0,1
S01010174,Whole house or bungalow: Detached,17,17,0,0,0
S01010174,Whole house or bungalow: Semi-detached,104,104,0,0,0
S01010174,Whole house or bungalow: Terraced (including end-terrace),45,44,1,0,1
S01010174,Flat maisonette or apartment or mobile/temporary accommodation,89,85,4,0,4
S01010175,All household spaces,221,216,5,0,5
S01010175,Whole house or bungalow: Total,73,71,2,0,2
S01010175,Whole house or bungalow: Detached,5,4,1,0,1
S01010175,Whole house or bungalow: Semi-detached,61,60,1,0,1
S01010175,Whole house or bungalow: Terraced (including end-terrace),7,7,0,0,0
S01010175,Flat maisonette or apartment or mobile/temporary accommodation,148,145,3,0,3
S01010176,All household spaces,374,369,5,0,5
S01010176,Whole house or bungalow: Total,140,138,2,0,2
S01010176,Whole house or bungalow: Detached,5,4,1,0,1
S01010176,Whole house or bungalow: Semi-detached,104,104,0,0,0
S01010176,Whole house or bungalow: Terraced (including end-terrace),31,30,1,0,1
S01010176,Flat maisonette or apartment or mobile/temporary accommodation,234,231,3,0,3
S01010177,All household spaces,316,315,1,0,1
S01010177,Whole house or bungalow: Total,117,116,1,0,1
S01010177,Whole house or bungalow: Detached,8,8,0,0,0
S01010177,Whole house or bungalow: Semi-detached,48,48,0,0,0
S01010177,Whole house or bungalow: Terraced (including end-terrace),61,60,1,0,1
S01010177,Flat maisonette or apartment or mobile/temporary accommodation,199,199,0,0,0
S01010178,All household spaces,400,391,9,0,9
S01010178,Whole house or bungalow: Total,225,221,4,0,4
S01010178,Whole house or bungalow: Detached,20,20,0,0,0
S01010178,Whole house or bungalow: Semi-detached,72,72,0,0,0
S01010178,Whole house or bungalow: Terraced (including end-terrace),133,129,4,0,4
S01010178,Flat maisonette or apartment or mobile/temporary accommodation,175,170,5,0,5
S01010179,All household spaces,393,387,6,0,6
S01010179,Whole house or bungalow: Total,144,143,1,0,1
S01010179,Whole house or bungalow: Detached,20,20,0,0,0
S01010179,Whole house or bungalow: Semi-detached,82,82,0,0,0
S01010179,Whole house or bungalow: Terraced (including end-terrace),42,41,1,0,1
S01010179,Flat maisonette or apartment or mobile/temporary accommodation,249,244,5,0,5
S01010180,All household spaces,239,215,24,0,24
S01010180,Whole house or bungalow: Total,182,160,22,0,22
S01010180,Whole house or bungalow: Detached,34,27,7,0,7
S01010180,Whole house or bungalow: Semi-detached,137,122,15,0,15
S01010180,Whole house or bungalow: Terraced (including end-terrace),11,11,0,0,0
S01010180,Flat maisonette or apartment or mobile/temporary accommodation,57,55,2,0,2
S01010181,All household spaces,276,272,4,0,4
S01010181,Whole house or bungalow: Total,128,127,1,0,1
S01010181,Whole house or bungalow: Detached,8,8,0,0,0
S01010181,Whole house or bungalow: Semi-detached,76,76,0,0,0
S01010181,Whole house or bungalow: Terraced (including end-terrace),44,43,1,0,1
S01010181,Flat maisonette or apartment or mobile/temporary accommodation,148,145,3,0,3
S01010182,All household spaces,314,307,7,0,7
S01010182,Whole house or bungalow: Total,211,207,4,0,4
S01010182,Whole house or bungalow: Detached,57,57,0,0,0
S01010182,Whole house or bungalow: Semi-detached,121,118,3,0,3
S01010182,Whole house or bungalow: Terraced (including end-terrace),33,32,1,0,1
S01010182,Flat maisonette or apartment or mobile/temporary accommodation,103,100,3,0,3
S01010183,All household spaces,234,232,2,0,2
S01010183,Whole house or bungalow: Total,97,96,1,0,1
S01010183,Whole house or bungalow: Detached,4,4,0,0,0
S01010183,Whole house or bungalow: Semi-detached,86,85,1,0,1
S01010183,Whole house or bungalow: Terraced (including end-terrace),7,7,0,0,0
S01010183,Flat maisonette or apartment or mobile/temporary accommodation,137,136,1,0,1
S01010184,All household spaces,287,286,1,0,1
S01010184,Whole house or bungalow: Total,146,145,1,0,1
S01010184,Whole house or bungalow: Detached,12,12,0,0,0
S01010184,Whole house or bungalow: Semi-detached,110,109,1,0,1
S01010184,Whole house or bungalow: Terraced (including end-terrace),24,24,0,0,0
S01010184,Flat maisonette or apartment or mobile/temporary accommodation,141,141,0,0,0
S01010185,All household spaces,284,282,2,0,2
S01010185,Whole house or bungalow: Total,57,57,0,0,0
S01010185,Whole house or bungalow: Detached,2,2,0,0,0
S01010185,Whole house or bungalow: Semi-detached,21,21,0,0,0
S01010185,Whole house or bungalow: Terraced (including end-terrace),34,34,0,0,0
S01010185,Flat maisonette or apartment or mobile/temporary accommodation,227,225,2,0,2
S01010186,All household spaces,251,246,5,3,2
S01010186,Whole house or bungalow: Total,242,237,5,3,2
S01010186,Whole house or bungalow: Detached,90,89,1,0,1
S01010186,Whole house or bungalow: Semi-detached,118,114,4,3,1
S01010186,Whole house or bungalow: Terraced (including end-terrace),34,34,0,0,0
S01010186,Flat maisonette or apartment or mobile/temporary accommodation,9,9,0,0,0
S01010187,All household spaces,296,294,2,0,2
S01010187,Whole house or bungalow: Total,196,196,0,0,0
S01010187,Whole house or bungalow: Detached,33,33,0,0,0
S01010187,Whole house or bungalow: Semi-detached,146,146,0,0,0
S01010187,Whole house or bungalow: Terraced (including end-terrace),17,17,0,0,0
S01010187,Flat maisonette or apartment or mobile/temporary accommodation,100,98,2,0,2
S01010188,All household spaces,311,304,7,5,2
S01010188,Whole house or bungalow: Total,259,252,7,5,2
S01010188,Whole house or bungalow: Detached,92,91,1,0,1
S01010188,Whole house or bungalow: Semi-detached,127,123,4,4,0
S01010188,Whole house or bungalow: Terraced (including end-terrace),40,38,2,1,1
S01010188,Flat maisonette or apartment or mobile/temporary accommodation,52,52,0,0,0
S01010189,All household spaces,337,336,1,0,1
S01010189,Whole house or bungalow: Total,325,324,1,0,1
S01010189,Whole house or bungalow: Detached,174,173,1,0,1
S01010189,Whole house or bungalow: Semi-detached,146,146,0,0,0
S01010189,Whole house or bungalow: Terraced (including end-terrace),5,5,0,0,0
S01010189,Flat maisonette or apartment or mobile/temporary accommodation,12,12,0,0,0
S01010190,All household spaces,257,253,4,0,4
S01010190,Whole house or bungalow: Total,241,237,4,0,4
S01010190,Whole house or bungalow: Detached,193,189,4,0,4
S01010190,Whole house or bungalow: Semi-detached,45,45,0,0,0
S01010190,Whole house or bungalow: Terraced (including end-terrace),3,3,0,0,0
S01010190,Flat maisonette or apartment or mobile/temporary accommodation,16,16,0,0,0
S01010191,All household spaces,268,266,2,0,2
S01010191,Whole house or bungalow: Total,260,258,2,0,2
S01010191,Whole house or bungalow: Detached,115,114,1,0,1
S01010191,Whole house or bungalow: Semi-detached,141,140,1,0,1
S01010191,Whole house or bungalow: Terraced (including end-terrace),4,4,0,0,0
S01010191,Flat maisonette or apartment or mobile/temporary accommodation,8,8,0,0,0
S01010192,All household spaces,300,294,6,0,6
S01010192,Whole house or bungalow: Total,287,281,6,0,6
S01010192,Whole house or bungalow: Detached,156,152,4,0,4
S01010192,Whole house or bungalow: Semi-detached,91,89,2,0,2
S01010192,Whole house or bungalow: Terraced (including end-terrace),40,40,0,0,0
S01010192,Flat maisonette or apartment or mobile/temporary accommodation,13,13,0,0,0
S01010193,All household spaces,332,329,3,2,1
S01010193,Whole house or bungalow: Total,282,279,3,2,1
S01010193,Whole house or bungalow: Detached,77,77,0,0,0
S01010193,Whole house or bungalow: Semi-detached,152,149,3,2,1
S01010193,Whole house or bungalow: Terraced (including end-terrace),53,53,0,0,0
S01010193,Flat maisonette or apartment or mobile/temporary accommodation,50,50,0,0,0
S01010194,All household spaces,276,268,8,0,8
S01010194,Whole house or bungalow: Total,231,225,6,0,6
S01010194,Whole house or bungalow: Detached,5,5,0,0,0
S01010194,Whole house or bungalow: Semi-detached,96,92,4,0,4
S01010194,Whole house or bungalow: Terraced (including end-terrace),130,128,2,0,2
S01010194,Flat maisonette or apartment or mobile/temporary accommodation,45,43,2,0,2
S01010195,All household spaces,214,212,2,0,2
S01010195,Whole house or bungalow: Total,165,163,2,0,2
S01010195,Whole house or bungalow: Detached,15,15,0,0,0
S01010195,Whole house or bungalow: Semi-detached,71,70,1,0,1
S01010195,Whole house or bungalow: Terraced (including end-terrace),79,78,1,0,1
S01010195,Flat maisonette or apartment or mobile/temporary accommodation,49,49,0,0,0
S01010196,All household spaces,275,274,1,0,1
S01010196,Whole house or bungalow: Total,130,130,0,0,0
S01010196,Whole house or bungalow: Detached,5,5,0,0,0
S01010196,Whole house or bungalow: Semi-detached,63,63,0,0,0
S01010196,Whole house or bungalow: Terraced (including end-terrace),62,62,0,0,0
S01010196,Flat maisonette or apartment or mobile/temporary accommodation,145,144,1,0,1
S01010197,All household spaces,266,260,6,0,6
S01010197,Whole house or bungalow: Total,56,56,0,0,0
S01010197,Whole house or bungalow: Detached,4,4,0,0,0
S01010197,Whole house or bungalow: Semi-detached,28,28,0,0,0
S01010197,Whole house or bungalow: Terraced (including end-terrace),24,24,0,0,0
S01010197,Flat maisonette or apartment or mobile/temporary accommodation,210,204,6,0,6
S01010198,All household spaces,397,394,3,0,3
S01010198,Whole house or bungalow: Total,105,103,2,0,2
S01010198,Whole house or bungalow: Detached,7,7,0,0,0
S01010198,Whole house or bungalow: Semi-detached,45,45,0,0,0
S01010198,Whole house or bungalow: Terraced (including end-terrace),53,51,2,0,2
S01010198,Flat maisonette or apartment or mobile/temporary accommodation,292,291,1,0,1
S01010199,All household spaces,233,232,1,0,1
S01010199,Whole house or bungalow: Total,190,190,0,0,0
S01010199,Whole house or bungalow: Detached,10,10,0,0,0
S01010199,Whole house or bungalow: Semi-detached,93,93,0,0,0
S01010199,Whole house or bungalow: Terraced (including end-terrace),87,87,0,0,0
S01010199,Flat maisonette or apartment or mobile/temporary accommodation,43,42,1,0,1
S01010200,All household spaces,307,305,2,0,2
S01010200,Whole house or bungalow: Total,220,219,1,0,1
S01010200,Whole house or bungalow: Detached,6,6,0,0,0
S01010200,Whole house or bungalow: Semi-detached,120,120,0,0,0
S01010200,Whole house or bungalow: Terraced (including end-terrace),94,93,1,0,1
S01010200,Flat maisonette or apartment or mobile/temporary accommodation,87,86,1,0,1
S01010201,All household spaces,254,253,1,0,1
S01010201,Whole house or bungalow: Total,209,208,1,0,1
S01010201,Whole house or bungalow: Detached,19,19,0,0,0
S01010201,Whole house or bungalow: Semi-detached,159,158,1,0,1
S01010201,Whole house or bungalow: Terraced (including end-terrace),31,31,0,0,0
S01010201,Flat maisonette or apartment or mobile/temporary accommodation,45,45,0,0,0
S01010202,All household spaces,441,365,76,0,76
S01010202,Whole house or bungalow: Total,43,43,0,0,0
S01010202,Whole house or bungalow: Detached,4,4,0,0,0
S01010202,Whole house or bungalow: Semi-detached,8,8,0,0,0
S01010202,Whole house or bungalow: Terraced (including end-terrace),31,31,0,0,0
S01010202,Flat maisonette or apartment or mobile/temporary accommodation,398,322,76,0,76
S01010203,All household spaces,263,260,3,0,3
S01010203,Whole house or bungalow: Total,225,222,3,0,3
S01010203,Whole house or bungalow: Detached,20,20,0,0,0
S01010203,Whole house or bungalow: Semi-detached,159,157,2,0,2
S01010203,Whole house or bungalow: Terraced (including end-terrace),46,45,1,0,1
S01010203,Flat maisonette or apartment or mobile/temporary accommodation,38,38,0,0,0
S01010204,All household spaces,387,381,6,0,6
S01010204,Whole house or bungalow: Total,44,44,0,0,0
S01010204,Whole house or bungalow: Detached,3,3,0,0,0
S01010204,Whole house or bungalow: Semi-detached,24,24,0,0,0
S01010204,Whole house or bungalow: Terraced (including end-terrace),17,17,0,0,0
S01010204,Flat maisonette or apartment or mobile/temporary accommodation,343,337,6,0,6
S01010205,All household spaces,360,355,5,0,5
S01010205,Whole house or bungalow: Total,92,91,1,0,1
S01010205,Whole house or bungalow: Detached,2,2,0,0,0
S01010205,Whole house or bungalow: Semi-detached,25,25,0,0,0
S01010205,Whole house or bungalow: Terraced (including end-terrace),65,64,1,0,1
S01010205,Flat maisonette or apartment or mobile/temporary accommodation,268,264,4,0,4
S01010206,All household spaces,324,255,69,0,69
S01010206,Whole house or bungalow: Total,13,13,0,0,0
S01010206,Whole house or bungalow: Detached,4,4,0,0,0
S01010206,Whole house or bungalow: Semi-detached,6,6,0,0,0
S01010206,Whole house or bungalow: Terraced (including end-terrace),3,3,0,0,0
S01010206,Flat maisonette or apartment or mobile/temporary accommodation,311,242,69,0,69
S01010207,All household spaces,358,285,73,0,73
S01010207,Whole house or bungalow: Total,30,30,0,0,0
S01010207,Whole house or bungalow: Detached,4,4,0,0,0
S01010207,Whole house or bungalow: Semi-detached,15,15,0,0,0
S01010207,Whole house or bungalow: Terraced (including end-terrace),11,11,0,0,0
S01010207,Flat maisonette or apartment or mobile/temporary accommodation,328,255,73,0,73
S01010208,All household spaces,577,565,12,1,11
S01010208,Whole house or bungalow: Total,29,29,0,0,0
S01010208,Whole house or bungalow: Detached,2,2,0,0,0
S01010208,Whole house or bungalow: Semi-detached,4,4,0,0,0
S01010208,Whole house or bungalow: Terraced (including end-terrace),23,23,0,0,0
S01010208,Flat maisonette or apartment or mobile/temporary accommodation,548,536,12,1,11
S01010209,All household spaces,475,468,7,0,7
S01010209,Whole house or bungalow: Total,138,134,4,0,4
S01010209,Whole house or bungalow: Detached,4,4,0,0,0
S01010209,Whole house or bungalow: Semi-detached,48,48,0,0,0
S01010209,Whole house or bungalow: Terraced (including end-terrace),86,82,4,0,4
S01010209,Flat maisonette or apartment or mobile/temporary accommodation,337,334,3,0,3
S01010210,All household spaces,425,416,9,1,8
S01010210,Whole house or bungalow: Total,192,190,2,0,2
S01010210,Whole house or bungalow: Detached,3,3,0,0,0
S01010210,Whole house or bungalow: Semi-detached,83,83,0,0,0
S01010210,Whole house or bungalow: Terraced (including end-terrace),106,104,2,0,2
S01010210,Flat maisonette or apartment or mobile/temporary accommodation,233,226,7,1,6
S01010211,All household spaces,454,452,2,0,2
S01010211,Whole house or bungalow: Total,43,43,0,0,0
S01010211,Whole house or bungalow: Detached,4,4,0,0,0
S01010211,Whole house or bungalow: Semi-detached,26,26,0,0,0
S01010211,Whole house or bungalow: Terraced (including end-terrace),13,13,0,0,0
S01010211,Flat maisonette or apartment or mobile/temporary accommodation,411,409,2,0,2
S01010212,All household spaces,572,559,13,0,13
S01010212,Whole house or bungalow: Total,71,70,1,0,1
S01010212,Whole house or bungalow: Detached,3,3,0,0,0
S01010212,Whole house or bungalow: Semi-detached,19,19,0,0,0
S01010212,Whole house or bungalow: Terraced (including end-terrace),49,48,1,0,1
S01010212,Flat maisonette or apartment or mobile/temporary accommodation,501,489,12,0,12
S01010213,All household spaces,478,476,2,0,2
S01010213,Whole house or bungalow: Total,72,72,0,0,0
S01010213,Whole house or bungalow: Detached,4,4,0,0,0
S01010213,Whole house or bungalow: Semi-detached,50,50,0,0,0
S01010213,Whole house or bungalow: Terraced (including end-terrace),18,18,0,0,0
S01010213,Flat maisonette or apartment or mobile/temporary accommodation,406,404,2,0,2
S01010214,All household spaces,400,396,4,0,4
S01010214,Whole house or bungalow: Total,370,366,4,0,4
S01010214,Whole house or bungalow: Detached,56,55,1,0,1
S01010214,Whole house or bungalow: Semi-detached,218,215,3,0,3
S01010214,Whole house or bungalow: Terraced (including end-terrace),96,96,0,0,0
S01010214,Flat maisonette or apartment or mobile/temporary accommodation,30,30,0,0,0
S01010215,All household spaces,502,492,10,1,9
S01010215,Whole house or bungalow: Total,69,69,0,0,0
S01010215,Whole house or bungalow: Detached,12,12,0,0,0
S01010215,Whole house or bungalow: Semi-detached,25,25,0,0,0
S01010215,Whole house or bungalow: Terraced (including end-terrace),32,32,0,0,0
S01010215,Flat maisonette or apartment or mobile/temporary accommodation,433,423,10,1,9
S01010216,All household spaces,367,361,6,1,5
S01010216,Whole house or bungalow: Total,39,39,0,0,0
S01010216,Whole house or bungalow: Detached,7,7,0,0,0
S01010216,Whole house or bungalow: Semi-detached,13,13,0,0,0
S01010216,Whole house or bungalow: Terraced (including end-terrace),19,19,0,0,0
S01010216,Flat maisonette or apartment or mobile/temporary accommodation,328,322,6,1,5
S01010217,All household spaces,411,406,5,0,5
S01010217,Whole house or bungalow: Total,50,50,0,0,0
S01010217,Whole house or bungalow: Detached,5,5,0,0,0
S01010217,Whole house or bungalow: Semi-detached,5,5,0,0,0
S01010217,Whole house or bungalow: Terraced (including end-terrace),40,40,0,0,0
S01010217,Flat maisonette or apartment or mobile/temporary accommodation,361,356,5,0,5
S01010218,All household spaces,609,587,22,0,22
S01010218,Whole house or bungalow: Total,31,31,0,0,0
S01010218,Whole house or bungalow: Detached,5,5,0,0,0
S01010218,Whole house or bungalow: Semi-detached,13,13,0,0,0
S01010218,Whole house or bungalow: Terraced (including end-terrace),13,13,0,0,0
S01010218,Flat maisonette or apartment or mobile/temporary accommodation,578,556,22,0,22
S01010219,All household spaces,274,274,0,0,0
S01010219,Whole house or bungalow: Total,11,11,0,0,0
S01010219,Whole house or bungalow: Detached,3,3,0,0,0
S01010219,Whole house or bungalow: Semi-detached,2,2,0,0,0
S01010219,Whole house or bungalow: Terraced (including end-terrace),6,6,0,0,0
S01010219,Flat maisonette or apartment or mobile/temporary accommodation,263,263,0,0,0
S01010220,All household spaces,281,279,2,2,0
S01010220,Whole house or bungalow: Total,2,2,0,0,0
S01010220,Whole house or bungalow: Detached,0,0,0,0,0
S01010220,Whole house or bungalow: Semi-detached,0,0,0,0,0
S01010220,Whole house or bungalow: Terraced (including end-terrace),2,2,0,0,0
S01010220,Flat maisonette or apartment or mobile/temporary accommodation,279,277,2,2,0
S01010221,All household spaces,260,260,0,0,0
S01010221,Whole house or bungalow: Total,69,69,0,0,0
S01010221,Whole house or bungalow: Detached,8,8,0,0,0
S01010221,Whole house or bungalow: Semi-detached,30,30,0,0,0
S01010221,Whole house or bungalow: Terraced (including end-terrace),31,31,0,0,0
S01010221,Flat maisonette or apartment or mobile/temporary accommodation,191,191,0,0,0
S01010222,All household spaces,285,285,0,0,0
S01010222,Whole house or bungalow: Total,14,14,0,0,0
S01010222,Whole house or bungalow: Detached,0,0,0,0,0
S01010222,Whole house or bungalow: Semi-detached,1,1,0,0,0
S01010222,Whole house or bungalow: Terraced (including end-terrace),13,13,0,0,0
S01010222,Flat maisonette or apartment or mobile/temporary accommodation,271,271,0,0,0
S01010223,All household spaces,347,337,10,0,10
S01010223,Whole house or bungalow: Total,58,57,1,0,1
S01010223,Whole house or bungalow: Detached,0,0,0,0,0
S01010223,Whole house or bungalow: Semi-detached,22,22,0,0,0
S01010223,Whole house or bungalow: Terraced (including end-terrace),36,35,1,0,1
S01010223,Flat maisonette or apartment or mobile/temporary accommodation,289,280,9,0,9
S01010224,All household spaces,470,469,1,0,1
S01010224,Whole house or bungalow: Total,143,143,0,0,0
S01010224,Whole house or bungalow: Detached,10,10,0,0,0
S01010224,Whole house or bungalow: Semi-detached,75,75,0,0,0
S01010224,Whole house or bungalow: Terraced (including end-terrace),58,58,0,0,0
S01010224,Flat maisonette or apartment or mobile/temporary accommodation,327,326,1,0,1
S01010225,All household spaces,435,431,4,1,3
S01010225,Whole house or bungalow: Total,53,53,0,0,0
S01010225,Whole house or bungalow: Detached,3,3,0,0,0
S01010225,Whole house or bungalow: Semi-detached,9,9,0,0,0
S01010225,Whole house or bungalow: Terraced (including end-terrace),41,41,0,0,0
S01010225,Flat maisonette or apartment or mobile/temporary accommodation,382,378,4,1,3
S01010226,All household spaces,460,394,66,0,66
S01010226,Whole house or bungalow: Total,8,8,0,0,0
S01010226,Whole house or bungalow: Detached,2,2,0,0,0
S01010226,Whole house or bungalow: Semi-detached,3,3,0,0,0
S01010226,Whole house or bungalow: Terraced (including end-terrace),3,3,0,0,0
S01010226,Flat maisonette or apartment or mobile/temporary accommodation,452,386,66,0,66
S01010227,All household spaces,354,294,60,0,60
S01010227,Whole house or bungalow: Total,10,10,0,0,0
S01010227,Whole house or bungalow: Detached,3,3,0,0,0
S01010227,Whole house or bungalow: Semi-detached,6,6,0,0,0
S01010227,Whole house or bungalow: Terraced (including end-terrace),1,1,0,0,0
S01010227,Flat maisonette or apartment or mobile/temporary accommodation,344,284,60,0,60
S01010228,All household spaces,390,384,6,0,6
S01010228,Whole house or bungalow: Total,23,23,0,0,0
S01010228,Whole house or bungalow: Detached,2,2,0,0,0
S01010228,Whole house or bungalow: Semi-detached,13,13,0,0,0
S01010228,Whole house or bungalow: Terraced (including end-terrace),8,8,0,0,0
S01010228,Flat maisonette or apartment or mobile/temporary accommodation,367,361,6,0,6
S01010229,All household spaces,510,508,2,1,1
S01010229,Whole house or bungalow: Total,132,131,1,0,1
S01010229,Whole house or bungalow: Detached,10,10,0,0,0
S01010229,Whole house or bungalow: Semi-detached,94,94,0,0,0
S01010229,Whole house or bungalow: Terraced (including end-terrace),28,27,1,0,1
S01010229,Flat maisonette or apartment or mobile/temporary accommodation,378,377,1,1,0
S01010230,All household spaces,580,577,3,0,3
S01010230,Whole house or bungalow: Total,15,15,0,0,0
S01010230,Whole house or bungalow: Detached,2,2,0,0,0
S01010230,Whole house or bungalow: Semi-detached,4,4,0,0,0
S01010230,Whole house or bungalow: Terraced (including end-terrace),9,9,0,0,0
S01010230,Flat maisonette or apartment or mobile/temporary accommodation,565,562,3,0,3
S01010231,All household spaces,515,514,1,0,1
S01010231,Whole house or bungalow: Total,80,80,0,0,0
S01010231,Whole house or bungalow: Detached,14,14,0,0,0
S01010231,Whole house or bungalow: Semi-detached,33,33,0,0,0
S01010231,Whole house or bungalow: Terraced (including end-terrace),33,33,0,0,0
S01010231,Flat maisonette or apartment or mobile/temporary accommodation,435,434,1,0,1
S01010232,All household spaces,493,485,8,1,7
S01010232,Whole house or bungalow: Total,123,123,0,0,0
S01010232,Whole house or bungalow: Detached,2,2,0,0,0
S01010232,Whole house or bungalow: Semi-detached,89,89,0,0,0
S01010232,Whole house or bungalow: Terraced (including end-terrace),32,32,0,0,0
S01010232,Flat maisonette or apartment or mobile/temporary accommodation,370,362,8,1,7
S01010233,All household spaces,564,476,88,0,88
S01010233,Whole house or bungalow: Total,48,47,1,0,1
S01010233,Whole house or bungalow: Detached,3,3,0,0,0
S01010233,Whole house or bungalow: Semi-detached,29,29,0,0,0
S01010233,Whole house or bungalow: Terraced (including end-terrace),16,15,1,0,1
S01010233,Flat maisonette or apartment or mobile/temporary accommodation,516,429,87,0,87
S01010234,All household spaces,568,562,6,0,6
S01010234,Whole house or bungalow: Total,7,7,0,0,0
S01010234,Whole house or bungalow: Detached,2,2,0,0,0
S01010234,Whole house or bungalow: Semi-detached,1,1,0,0,0
S01010234,Whole house or bungalow: Terraced (including end-terrace),4,4,0,0,0
S01010234,Flat maisonette or apartment or mobile/temporary accommodation,561,555,6,0,6
S01010235,All household spaces,455,446,9,2,7
S01010235,Whole house or bungalow: Total,3,3,0,0,0
S01010235,Whole house or bungalow: Detached,0,0,0,0,0
S01010235,Whole house or bungalow: Semi-detached,2,2,0,0,0
S01010235,Whole house or bungalow: Terraced (including end-terrace),1,1,0,0,0
S01010235,Flat maisonette or apartment or mobile/temporary accommodation,452,443,9,2,7
S01010236,All household spaces,391,378,13,3,10
S01010236,Whole house or bungalow: Total,50,45,5,2,3
S01010236,Whole house or bungalow: Detached,4,4,0,0,0
S01010236,Whole house or bungalow: Semi-detached,9,8,1,1,0
S01010236,Whole house or bungalow: Terraced (including end-terrace),37,33,4,1,3
S01010236,Flat maisonette or apartment or mobile/temporary accommodation,341,333,8,1,7
S01010237,All household spaces,361,353,8,0,8
S01010237,Whole house or bungalow: Total,5,5,0,0,0
S01010237,Whole house or bungalow: Detached,1,1,0,0,0
S01010237,Whole house or bungalow: Semi-detached,1,1,0,0,0
S01010237,Whole house or bungalow: Terraced (including end-terrace),3,3,0,0,0
S01010237,Flat maisonette or apartment or mobile/temporary accommodation,356,348,8,0,8
S01010238,All household spaces,469,455,14,0,14
S01010238,Whole house or bungalow: Total,9,9,0,0,0
S01010238,Whole house or bungalow: Detached,2,2,0,0,0
S01010238,Whole house or bungalow: Semi-detached,2,2,0,0,0
S01010238,Whole house or bungalow: Terraced (including end-terrace),5,5,0,0,0
S01010238,Flat maisonette or apartment or mobile/temporary accommodation,460,446,14,0,14
S01010239,All household spaces,429,424,5,0,5
S01010239,Whole house or bungalow: Total,18,18,0,0,0
S01010239,Whole house or bungalow: Detached,4,4,0,0,0
S01010239,Whole house or bungalow: Semi-detached,6,6,0,0,0
S01010239,Whole house or bungalow: Terraced (including end-terrace),8,8,0,0,0
S01010239,Flat maisonette or apartment or mobile/temporary accommodation,411,406,5,0,5
S01010240,All household spaces,404,398,6,0,6
S01010240,Whole house or bungalow: Total,3,3,0,0,0
S01010240,Whole house or bungalow: Detached,0,0,0,0,0
S01010240,Whole house or bungalow: Semi-detached,1,1,0,0,0
S01010240,Whole house or bungalow: Terraced (including end-terrace),2,2,0,0,0
S01010240,Flat maisonette or apartment or mobile/temporary accommodation,401,395,6,0,6
S01010241,All household spaces,644,623,21,1,20
S01010241,Whole house or bungalow: Total,24,24,0,0,0
S01010241,Whole house or bungalow: Detached,2,2,0,0,0
S01010241,Whole house or bungalow: Semi-detached,2,2,0,0,0
S01010241,Whole house or bungalow: Terraced (including end-terrace),20,20,0,0,0
S01010241,Flat maisonette or apartment or mobile/temporary accommodation,620,599,21,1,20
S01010242,All household spaces,481,455,26,2,24
S01010242,Whole house or bungalow: Total,37,34,3,0,3
S01010242,Whole house or bungalow: Detached,2,2,0,0,0
S01010242,Whole house or bungalow: Semi-detached,18,16,2,0,2
S01010242,Whole house or bungalow: Terraced (including end-terrace),17,16,1,0,1
S01010242,Flat maisonette or apartment or mobile/temporary accommodation,444,421,23,2,21
S01010243,All household spaces,618,610,8,0,8
S01010243,Whole house or bungalow: Total,10,10,0,0,0
S01010243,Whole house or bungalow: Detached,0,0,0,0,0
S01010243,Whole house or bungalow: Semi-detached,2,2,0,0,0
S01010243,Whole house or bungalow: Terraced (including end-terrace),8,8,0,0,0
S01010243,Flat maisonette or apartment or mobile/temporary accommodation,608,600,8,0,8
S01010244,All household spaces,525,440,85,0,85
S01010244,Whole house or bungalow: Total,4,4,0,0,0
S01010244,Whole house or bungalow: Detached,0,0,0,0,0
S01010244,Whole house or bungalow: Semi-detached,1,1,0,0,0
S01010244,Whole house or bungalow: Terraced (including end-terrace),3,3,0,0,0
S01010244,Flat maisonette or apartment or mobile/temporary accommodation,521,436,85,0,85
S01010245,All household spaces,516,509,7,0,7
S01010245,Whole house or bungalow: Total,130,130,0,0,0
S01010245,Whole house or bungalow: Detached,17,17,0,0,0
S01010245,Whole house or bungalow: Semi-detached,39,39,0,0,0
S01010245,Whole house or bungalow: Terraced (including end-terrace),74,74,0,0,0
S01010245,Flat maisonette or apartment or mobile/temporary accommodation,386,379,7,0,7
S01010246,All household spaces,444,433,11,0,11
S01010246,Whole house or bungalow: Total,60,60,0,0,0
S01010246,Whole house or bungalow: Detached,2,2,0,0,0
S01010246,Whole house or bungalow: Semi-detached,46,46,0,0,0
S01010246,Whole house or bungalow: Terraced (including end-terrace),12,12,0,0,0
S01010246,Flat maisonette or apartment or mobile/temporary accommodation,384,373,11,0,11
S01010247,All household spaces,365,356,9,0,9
S01010247,Whole house or bungalow: Total,281,276,5,0,5
S01010247,Whole house or bungalow: Detached,3,3,0,0,0
S01010247,Whole house or bungalow: Semi-detached,146,143,3,0,3
S01010247,Whole house or bungalow: Terraced (including end-terrace),132,130,2,0,2
S01010247,Flat maisonette or apartment or mobile/temporary accommodation,84,80,4,0,4
S01010248,All household spaces,468,456,12,1,11
S01010248,Whole house or bungalow: Total,5,5,0,0,0
S01010248,Whole house or bungalow: Detached,2,2,0,0,0
S01010248,Whole house or bungalow: Semi-detached,2,2,0,0,0
S01010248,Whole house or bungalow: Terraced (including end-terrace),1,1,0,0,0
S01010248,Flat maisonette or apartment or mobile/temporary accommodation,463,451,12,1,11
S01010249,All household spaces,420,403,17,0,17
S01010249,Whole house or bungalow: Total,6,6,0,0,0
S01010249,Whole house or bungalow: Detached,0,0,0,0,0
S01010249,Whole house or bungalow: Semi-detached,0,0,0,0,0
S01010249,Whole house or bungalow: Terraced (including end-terrace),6,6,0,0,0
S01010249,Flat maisonette or apartment or mobile/temporary accommodation,414,397,17,0,17
S01010250,All household spaces,398,390,8,1,7
S01010250,Whole house or bungalow: Total,7,7,0,0,0
S01010250,Whole house or bungalow: Detached,0,0,0,0,0
S01010250,Whole house or bungalow: Semi-detached,2,2,0,0,0
S01010250,Whole house or bungalow: Terraced (including end-terrace),5,5,0,0,0
S01010250,Flat maisonette or apartment or mobile/temporary accommodation,391,383,8,1,7
S01010251,All household spaces,322,317,5,0,5
S01010251,Whole house or bungalow: Total,20,18,2,0,2
S01010251,Whole house or bungalow: Detached,1,1,0,0,0
S01010251,Whole house or bungalow: Semi-detached,5,4,1,0,1
S01010251,Whole house or bungalow: Terraced (including end-terrace),14,13,1,0,1
S01010251,Flat maisonette or apartment or mobile/temporary accommodation,302,299,3,0,3
S01010252,All household spaces,314,297,17,0,17
S01010252,Whole house or bungalow: Total,37,35,2,0,2
S01010252,Whole house or bungalow: Detached,3,3,0,0,0
S01010252,Whole house or bungalow: Semi-detached,5,5,0,0,0
S01010252,Whole house or bungalow: Terraced (including end-terrace),29,27,2,0,2
S01010252,Flat maisonette or apartment or mobile/temporary accommodation,277,262,15,0,15
S01010253,All household spaces,373,364,9,0,9
S01010253,Whole house or bungalow: Total,5,5,0,0,0
S01010253,Whole house or bungalow: Detached,1,1,0,0,0
S01010253,Whole house or bungalow: Semi-detached,1,1,0,0,0
S01010253,Whole house or bungalow: Terraced (including end-terrace),3,3,0,0,0
S01010253,Flat maisonette or apartment or mobile/temporary accommodation,368,359,9,0,9
S01010254,All household spaces,583,581,2,0,2
S01010254,Whole house or bungalow: Total,40,40,0,0,0
S01010254,Whole house or bungalow: Detached,1,1,0,0,0
S01010254,Whole house or bungalow: Semi-detached,6,6,0,0,0
S01010254,Whole house or bungalow: Terraced (including end-terrace),33,33,0,0,0
S01010254,Flat maisonette or apartment or mobile/temporary accommodation,543,541,2,0,2
S01010255,All household spaces,468,353,115,0,115
S01010255,Whole house or bungalow: Total,13,13,0,0,0
S01010255,Whole house or bungalow: Detached,2,2,0,0,0
S01010255,Whole house or bungalow: Semi-detached,7,7,0,0,0
S01010255,Whole house or bungalow: Terraced (including end-terrace),4,4,0,0,0
S01010255,Flat maisonette or apartment or mobile/temporary accommodation,455,340,115,0,115
S01010256,All household spaces,521,516,5,0,5
S01010256,Whole house or bungalow: Total,6,6,0,0,0
S01010256,Whole house or bungalow: Detached,0,0,0,0,0
S01010256,Whole house or bungalow: Semi-detached,1,1,0,0,0
S01010256,Whole house or bungalow: Terraced (including end-terrace),5,5,0,0,0
S01010256,Flat maisonette or apartment or mobile/temporary accommodation,515,510,5,0,5
S01010257,All household spaces,503,497,6,4,2
S01010257,Whole house or bungalow: Total,5,5,0,0,0
S01010257,Whole house or bungalow: Detached,0,0,0,0,0
S01010257,Whole house or bungalow: Semi-detached,1,1,0,0,0
S01010257,Whole house or bungalow: Terraced (including end-terrace),4,4,0,0,0
S01010257,Flat maisonette or apartment or mobile/temporary accommodation,498,492,6,4,2
S01010258,All household spaces,442,424,18,7,11
S01010258,Whole house or bungalow: Total,18,18,0,0,0
S01010258,Whole house or bungalow: Detached,2,2,0,0,0
S01010258,Whole house or bungalow: Semi-detached,2,2,0,0,0
S01010258,Whole house or bungalow: Terraced (including end-terrace),14,14,0,0,0
S01010258,Flat maisonette or apartment or mobile/temporary accommodation,424,406,18,7,11
S01010259,All household spaces,469,468,1,0,1
S01010259,Whole house or bungalow: Total,10,10,0,0,0
S01010259,Whole house or bungalow: Detached,1,1,0,0,0
S01010259,Whole house or bungalow: Semi-detached,4,4,0,0,0
S01010259,Whole house or bungalow: Terraced (including end-terrace),5,5,0,0,0
S01010259,Flat maisonette or apartment or mobile/temporary accommodation,459,458,1,0,1
S01010260,All household spaces,699,685,14,2,12
S01010260,Whole house or bungalow: Total,7,7,0,0,0
S01010260,Whole house or bungalow: Detached,1,1,0,0,0
S01010260,Whole house or bungalow: Semi-detached,3,3,0,0,0
S01010260,Whole house or bungalow: Terraced (including end-terrace),3,3,0,0,0
S01010260,Flat maisonette or apartment or mobile/temporary accommodation,692,678,14,2,12
S01010261,All household spaces,538,526,12,1,11
S01010261,Whole house or bungalow: Total,4,4,0,0,0
S01010261,Whole house or bungalow: Detached,2,2,0,0,0
S01010261,Whole house or bungalow: Semi-detached,0,0,0,0,0
S01010261,Whole house or bungalow: Terraced (including end-terrace),2,2,0,0,0
S01010261,Flat maisonette or apartment or mobile/temporary accommodation,534,522,12,1,11
S01010262,All household spaces,537,535,2,0,2
S01010262,Whole house or bungalow: Total,11,11,0,0,0
S01010262,Whole house or bungalow: Detached,1,1,0,0,0
S01010262,Whole house or bungalow: Semi-detached,4,4,0,0,0
S01010262,Whole house or bungalow: Terraced (including end-terrace),6,6,0,0,0
S01010262,Flat maisonette or apartment or mobile/temporary accommodation,526,524,2,0,2
S01010263,All household spaces,436,422,14,4,10
S01010263,Whole house or bungalow: Total,4,4,0,0,0
S01010263,Whole house or bungalow: Detached,0,0,0,0,0
S01010263,Whole house or bungalow: Semi-detached,1,1,0,0,0
S01010263,Whole house or bungalow: Terraced (including end-terrace),3,3,0,0,0
S01010263,Flat maisonette or apartment or mobile/temporary accommodation,432,418,14,4,10
S01010264,All household spaces,574,557,17,2,15
S01010264,Whole house or bungalow: Total,20,19,1,0,1
S01010264,Whole house or bungalow: Detached,2,2,0,0,0
S01010264,Whole house or bungalow: Semi-detached,2,2,0,0,0
S01010264,Whole house or bungalow: Terraced (including end-terrace),16,15,1,0,1
S01010264,Flat maisonette or apartment or mobile/temporary accommodation,554,538,16,2,14
S01010265,All household spaces,614,573,41,20,21
S01010265,Whole house or bungalow: Total,3,3,0,0,0
S01010265,Whole house or bungalow: Detached,1,1,0,0,0
S01010265,Whole house or bungalow: Semi-detached,1,1,0,0,0
S01010265,Whole house or bungalow: Terraced (including end-terrace),1,1,0,0,0
S01010265,Flat maisonette or apartment or mobile/temporary accommodation,611,570,41,20,21
S01010266,All household spaces,256,237,19,2,17
S01010266,Whole house or bungalow: Total,5,5,0,0,0
S01010266,Whole house or bungalow: Detached,0,0,0,0,0
S01010266,Whole house or bungalow: Semi-detached,4,4,0,0,0
S01010266,Whole house or bungalow: Terraced (including end-terrace),1,1,0,0,0
S01010266,Flat maisonette or apartment or mobile/temporary accommodation,251,232,19,2,17
S01010267,All household spaces,331,318,13,2,11
S01010267,Whole house or bungalow: Total,8,8,0,0,0
S01010267,Whole house or bungalow: Detached,2,2,0,0,0
S01010267,Whole house or bungalow: Semi-detached,4,4,0,0,0
S01010267,Whole house or bungalow: Terraced (including end-terrace),2,2,0,0,0
S01010267,Flat maisonette or apartment or mobile/temporary accommodation,323,310,13,2,11
S01010268,All household spaces,429,417,12,0,12
S01010268,Whole house or bungalow: Total,13,12,1,0,1
S01010268,Whole house or bungalow: Detached,4,4,0,0,0
S01010268,Whole house or bungalow: Semi-detached,4,4,0,0,0
S01010268,Whole house or bungalow: Terraced (including end-terrace),5,4,1,0,1
S01010268,Flat maisonette or apartment or mobile/temporary accommodation,416,405,11,0,11
S01010269,All household spaces,331,320,11,1,10
S01010269,Whole house or bungalow: Total,4,4,0,0,0
S01010269,Whole house or bungalow: Detached,1,1,0,0,0
S01010269,Whole house or bungalow: Semi-detached,2,2,0,0,0
S01010269,Whole house or bungalow: Terraced (including end-terrace),1,1,0,0,0
S01010269,Flat maisonette or apartment or mobile/temporary accommodation,327,316,11,1,10
S01010270,All household spaces,824,817,7,2,5
S01010270,Whole house or bungalow: Total,11,11,0,0,0
S01010270,Whole house or bungalow: Detached,0,0,0,0,0
S01010270,Whole house or bungalow: Semi-detached,1,1,0,0,0
S01010270,Whole house or bungalow: Terraced (including end-terrace),10,10,0,0,0
S01010270,Flat maisonette or apartment or mobile/temporary accommodation,813,806,7,2,5
S01010271,All household spaces,353,327,26,18,8
S01010271,Whole house or bungalow: Total,13,11,2,1,1
S01010271,Whole house or bungalow: Detached,0,0,0,0,0
S01010271,Whole house or bungalow: Semi-detached,6,5,1,0,1
S01010271,Whole house or bungalow: Terraced (including end-terrace),7,6,1,1,0
S01010271,Flat maisonette or apartment or mobile/temporary accommodation,340,316,24,17,7
S01010272,All household spaces,905,703,202,5,197
S01010272,Whole house or bungalow: Total,17,17,0,0,0
S01010272,Whole house or bungalow: Detached,8,8,0,0,0
S01010272,Whole house or bungalow: Semi-detached,6,6,0,0,0
S01010272,Whole house or bungalow: Terraced (including end-terrace),3,3,0,0,0
S01010272,Flat maisonette or apartment or mobile/temporary accommodation,888,686,202,5,197
S01010273,All household spaces,415,409,6,6,0
S01010273,Whole house or bungalow: Total,5,5,0,0,0
S01010273,Whole house or bungalow: Detached,0,0,0,0,0
S01010273,Whole house or bungalow: Semi-detached,2,2,0,0,0
S01010273,Whole house or bungalow: Terraced (including end-terrace),3,3,0,0,0
S01010273,Flat maisonette or apartment or mobile/temporary accommodation,410,404,6,6,0
S01010274,All household spaces,373,342,31,18,13
S01010274,Whole house or bungalow: Total,12,12,0,0,0
S01010274,Whole house or bungalow: Detached,3,3,0,0,0
S01010274,Whole house or bungalow: Semi-detached,4,4,0,0,0
S01010274,Whole house or bungalow: Terraced (including end-terrace),5,5,0,0,0
S01010274,Flat maisonette or apartment or mobile/temporary accommodation,361,330,31,18,13
S01010275,All household spaces,407,357,50,9,41
S01010275,Whole house or bungalow: Total,7,7,0,0,0
S01010275,Whole house or bungalow: Detached,2,2,0,0,0
S01010275,Whole house or bungalow: Semi-detached,2,2,0,0,0
S01010275,Whole house or bungalow: Terraced (including end-terrace),3,3,0,0,0
S01010275,Flat maisonette or apartment or mobile/temporary accommodation,400,350,50,9,41
S01010276,All household spaces,643,625,18,9,9
S01010276,Whole house or bungalow: Total,2,2,0,0,0
S01010276,Whole house or bungalow: Detached,1,1,0,0,0
S01010276,Whole house or bungalow: Semi-detached,1,1,0,0,0
S01010276,Whole house or bungalow: Terraced (including end-terrace),0,0,0,0,0
S01010276,Flat maisonette or apartment or mobile/temporary accommodation,641,623,18,9,9
S01010277,All household spaces,399,305,94,0,94
S01010277,Whole house or bungalow: Total,8,8,0,0,0
S01010277,Whole house or bungalow: Detached,0,0,0,0,0
S01010277,Whole house or bungalow: Semi-detached,2,2,0,0,0
S01010277,Whole house or bungalow: Terraced (including end-terrace),6,6,0,0,0
S01010277,Flat maisonette or apartment or mobile/temporary accommodation,391,297,94,0,94
S01010278,All household spaces,372,330,42,0,42
S01010278,Whole house or bungalow: Total,14,14,0,0,0
S01010278,Whole house or bungalow: Detached,1,1,0,0,0
S01010278,Whole house or bungalow: Semi-detached,1,1,0,0,0
S01010278,Whole house or bungalow: Terraced (including end-terrace),12,12,0,0,0
S01010278,Flat maisonette or apartment or mobile/temporary accommodation,358,316,42,0,42
S01010279,All household spaces,324,312,12,1,11
S01010279,Whole house or bungalow: Total,8,8,0,0,0
S01010279,Whole house or bungalow: Detached,1,1,0,0,0
S01010279,Whole house or bungalow: Semi-detached,2,2,0,0,0
S01010279,Whole house or bungalow: Terraced (including end-terrace),5,5,0,0,0
S01010279,Flat maisonette or apartment or mobile/temporary accommodation,316,304,12,1,11
S01010280,All household spaces,441,426,15,0,15
S01010280,Whole house or bungalow: Total,9,7,2,0,2
S01010280,Whole house or bungalow: Detached,5,4,1,0,1
S01010280,Whole house or bungalow: Semi-detached,1,1,0,0,0
S01010280,Whole house or bungalow: Terraced (including end-terrace),3,2,1,0,1
S01010280,Flat maisonette or apartment or mobile/temporary accommodation,432,419,13,0,13
S01010281,All household spaces,491,466,25,4,21
S01010281,Whole house or bungalow: Total,4,4,0,0,0
S01010281,Whole house or bungalow: Detached,0,0,0,0,0
S01010281,Whole house or bungalow: Semi-detached,0,0,0,0,0
S01010281,Whole house or bungalow: Terraced (including end-terrace),4,4,0,0,0
S01010281,Flat maisonette or apartment or mobile/temporary accommodation,487,462,25,4,21
S01010282,All household spaces,652,645,7,2,5
S01010282,Whole house or bungalow: Total,7,7,0,0,0
S01010282,Whole house or bungalow: Detached,1,1,0,0,0
S01010282,Whole house or bungalow: Semi-detached,2,2,0,0,0
S01010282,Whole house or bungalow: Terraced (including end-terrace),4,4,0,0,0
S01010282,Flat maisonette or apartment or mobile/temporary accommodation,645,638,7,2,5
S01010283,All household spaces,317,296,21,2,19
S01010283,Whole house or bungalow: Total,6,6,0,0,0
S01010283,Whole house or bungalow: Detached,2,2,0,0,0
S01010283,Whole house or bungalow: Semi-detached,0,0,0,0,0
S01010283,Whole house or bungalow: Terraced (including end-terrace),4,4,0,0,0
S01010283,Flat maisonette or apartment or mobile/temporary accommodation,311,290,21,2,19
S01010284,All household spaces,649,638,11,5,6
S01010284,Whole house or bungalow: Total,10,9,1,1,0
S01010284,Whole house or bungalow: Detached,1,1,0,0,0
S01010284,Whole house or bungalow: Semi-detached,2,2,0,0,0
S01010284,Whole house or bungalow: Terraced (including end-terrace),7,6,1,1,0
S01010284,Flat maisonette or apartment or mobile/temporary accommodation,639,629,10,4,6
S01010285,All household spaces,423,420,3,1,2
S01010285,Whole house or bungalow: Total,12,12,0,0,0
S01010285,Whole house or bungalow: Detached,0,0,0,0,0
S01010285,Whole house or bungalow: Semi-detached,2,2,0,0,0
S01010285,Whole house or bungalow: Terraced (including end-terrace),10,10,0,0,0
S01010285,Flat maisonette or apartment or mobile/temporary accommodation,411,408,3,1,2
S01010286,All household spaces,371,365,6,3,3
S01010286,Whole house or bungalow: Total,7,7,0,0,0
S01010286,Whole house or bungalow: Detached,0,0,0,0,0
S01010286,Whole house or bungalow: Semi-detached,2,2,0,0,0
S01010286,Whole house or bungalow: Terraced (including end-terrace),5,5,0,0,0
S01010286,Flat maisonette or apartment or mobile/temporary accommodation,364,358,6,3,3
S01010287,All household spaces,400,387,13,0,13
S01010287,Whole house or bungalow: Total,11,9,2,0,2
S01010287,Whole house or bungalow: Detached,1,1,0,0,0
S01010287,Whole house or bungalow: Semi-detached,2,2,0,0,0
S01010287,Whole house or bungalow: Terraced (including end-terrace),8,6,2,0,2
S01010287,Flat maisonette or apartment or mobile/temporary accommodation,389,378,11,0,11
S01010288,All household spaces,356,349,7,3,4
S01010288,Whole house or bungalow: Total,21,20,1,0,1
S01010288,Whole house or bungalow: Detached,4,4,0,0,0
S01010288,Whole house or bungalow: Semi-detached,1,1,0,0,0
S01010288,Whole house or bungalow: Terraced (including end-terrace),16,15,1,0,1
S01010288,Flat maisonette or apartment or mobile/temporary accommodation,335,329,6,3,3
S01010289,All household spaces,418,380,38,5,33
S01010289,Whole house or bungalow: Total,48,45,3,0,3
S01010289,Whole house or bungalow: Detached,8,7,1,0,1
S01010289,Whole house or bungalow: Semi-detached,6,6,0,0,0
S01010289,Whole house or bungalow: Terraced (including end-terrace),34,32,2,0,2
S01010289,Flat maisonette or apartment or mobile/temporary accommodation,370,335,35,5,30
S01010290,All household spaces,301,278,23,11,12
S01010290,Whole house or bungalow: Total,6,6,0,0,0
S01010290,Whole house or bungalow: Detached,1,1,0,0,0
S01010290,Whole house or bungalow: Semi-detached,3,3,0,0,0
S01010290,Whole house or bungalow: Terraced (including end-terrace),2,2,0,0,0
S01010290,Flat maisonette or apartment or mobile/temporary accommodation,295,272,23,11,12
S01010291,All household spaces,493,481,12,0,12
S01010291,Whole house or bungalow: Total,17,17,0,0,0
S01010291,Whole house or bungalow: Detached,4,4,0,0,0
S01010291,Whole house or bungalow: Semi-detached,3,3,0,0,0
S01010291,Whole house or bungalow: Terraced (including end-terrace),10,10,0,0,0
S01010291,Flat maisonette or apartment or mobile/temporary accommodation,476,464,12,0,12
S01010292,All household spaces,418,409,9,0,9
S01010292,Whole house or bungalow: Total,6,6,0,0,0
S01010292,Whole house or bungalow: Detached,2,2,0,0,0
S01010292,Whole house or bungalow: Semi-detached,3,3,0,0,0
S01010292,Whole house or bungalow: Terraced (including end-terrace),1,1,0,0,0
S01010292,Flat maisonette or apartment or mobile/temporary accommodation,412,403,9,0,9
S01010293,All household spaces,383,373,10,1,9
S01010293,Whole house or bungalow: Total,8,8,0,0,0
S01010293,Whole house or bungalow: Detached,1,1,0,0,0
S01010293,Whole house or bungalow: Semi-detached,2,2,0,0,0
S01010293,Whole house or bungalow: Terraced (including end-terrace),5,5,0,0,0
S01010293,Flat maisonette or apartment or mobile/temporary accommodation,375,365,10,1,9
S01010294,All household spaces,281,275,6,0,6
S01010294,Whole house or bungalow: Total,6,6,0,0,0
S01010294,Whole house or bungalow: Detached,4,4,0,0,0
S01010294,Whole house or bungalow: Semi-detached,0,0,0,0,0
S01010294,Whole house or bungalow: Terraced (including end-terrace),2,2,0,0,0
S01010294,Flat maisonette or apartment or mobile/temporary accommodation,275,269,6,0,6
S01010295,All household spaces,439,427,12,1,11
S01010295,Whole house or bungalow: Total,13,13,0,0,0
S01010295,Whole house or bungalow: Detached,4,4,0,0,0
S01010295,Whole house or bungalow: Semi-detached,5,5,0,0,0
S01010295,Whole house or bungalow: Terraced (including end-terrace),4,4,0,0,0
S01010295,Flat maisonette or apartment or mobile/temporary accommodation,426,414,12,1,11
S01010296,All household spaces,301,291,10,1,9
S01010296,Whole house or bungalow: Total,9,9,0,0,0
S01010296,Whole house or bungalow: Detached,0,0,0,0,0
S01010296,Whole house or bungalow: Semi-detached,4,4,0,0,0
S01010296,Whole house or bungalow: Terraced (including end-terrace),5,5,0,0,0
S01010296,Flat maisonette or apartment or mobile/temporary accommodation,292,282,10,1,9
S01010297,All household spaces,685,676,9,2,7
S01010297,Whole house or bungalow: Total,43,43,0,0,0
S01010297,Whole house or bungalow: Detached,7,7,0,0,0
S01010297,Whole house or bungalow: Semi-detached,13,13,0,0,0
S01010297,Whole house or bungalow: Terraced (including end-terrace),23,23,0,0,0
S01010297,Flat maisonette or apartment or mobile/temporary accommodation,642,633,9,2,7
S01010298,All household spaces,516,515,1,0,1
S01010298,Whole house or bungalow: Total,25,25,0,0,0
S01010298,Whole house or bungalow: Detached,2,2,0,0,0
S01010298,Whole house or bungalow: Semi-detached,3,3,0,0,0
S01010298,Whole house or bungalow: Terraced (including end-terrace),20,20,0,0,0
S01010298,Flat maisonette or apartment or mobile/temporary accommodation,491,490,1,0,1
S01010299,All household spaces,297,292,5,1,4
S01010299,Whole house or bungalow: Total,18,18,0,0,0
S01010299,Whole house or bungalow: Detached,1,1,0,0,0
S01010299,Whole house or bungalow: Semi-detached,4,4,0,0,0
S01010299,Whole house or bungalow: Terraced (including end-terrace),13,13,0,0,0
S01010299,Flat maisonette or apartment or mobile/temporary accommodation,279,274,5,1,4
S01010300,All household spaces,484,478,6,0,6
S01010300,Whole house or bungalow: Total,21,21,0,0,0
S01010300,Whole house or bungalow: Detached,3,3,0,0,0
S01010300,Whole house or bungalow: Semi-detached,7,7,0,0,0
S01010300,Whole house or bungalow: Terraced (including end-terrace),11,11,0,0,0
S01010300,Flat maisonette or apartment or mobile/temporary accommodation,463,457,6,0,6
S01010301,All household spaces,287,283,4,0,4
S01010301,Whole house or bungalow: Total,2,2,0,0,0
S01010301,Whole house or bungalow: Detached,0,0,0,0,0
S01010301,Whole house or bungalow: Semi-detached,1,1,0,0,0
S01010301,Whole house or bungalow: Terraced (including end-terrace),1,1,0,0,0
S01010301,Flat maisonette or apartment or mobile/temporary accommodation,285,281,4,0,4
S01010302,All household spaces,392,388,4,1,3
S01010302,Whole house or bungalow: Total,13,13,0,0,0
S01010302,Whole house or bungalow: Detached,3,3,0,0,0
S01010302,Whole house or bungalow: Semi-detached,5,5,0,0,0
S01010302,Whole house or bungalow: Terraced (including end-terrace),5,5,0,0,0
S01010302,Flat maisonette or apartment or mobile/temporary accommodation,379,375,4,1,3
S01010303,All household spaces,251,250,1,0,1
S01010303,Whole house or bungalow: Total,8,8,0,0,0
S01010303,Whole house or bungalow: Detached,3,3,0,0,0
S01010303,Whole house or bungalow: Semi-detached,5,5,0,0,0
S01010303,Whole house or bungalow: Terraced (including end-terrace),0,0,0,0,0
S01010303,Flat maisonette or apartment or mobile/temporary accommodation,243,242,1,0,1
S01010304,All household spaces,336,332,4,0,4
S01010304,Whole house or bungalow: Total,24,23,1,0,1
S01010304,Whole house or bungalow: Detached,3,3,0,0,0
S01010304,Whole house or bungalow: Semi-detached,5,4,1,0,1
S01010304,Whole house or bungalow: Terraced (including end-terrace),16,16,0,0,0
S01010304,Flat maisonette or apartment or mobile/temporary accommodation,312,309,3,0,3
S01010305,All household spaces,490,478,12,0,12
S01010305,Whole house or bungalow: Total,75,73,2,0,2
S01010305,Whole house or bungalow: Detached,6,6,0,0,0
S01010305,Whole house or bungalow: Semi-detached,8,8,0,0,0
S01010305,Whole house or bungalow: Terraced (including end-terrace),61,59,2,0,2
S01010305,Flat maisonette or apartment or mobile/temporary accommodation,415,405,10,0,10
S01010306,All household spaces,455,449,6,1,5
S01010306,Whole house or bungalow: Total,36,36,0,0,0
S01010306,Whole house or bungalow: Detached,1,1,0,0,0
S01010306,Whole house or bungalow: Semi-detached,0,0,0,0,0
S01010306,Whole house or bungalow: Terraced (including end-terrace),35,35,0,0,0
S01010306,Flat maisonette or apartment or mobile/temporary accommodation,419,413,6,1,5
S01010307,All household spaces,451,428,23,3,20
S01010307,Whole house or bungalow: Total,14,14,0,0,0
S01010307,Whole house or bungalow: Detached,0,0,0,0,0
S01010307,Whole house or bungalow: Semi-detached,0,0,0,0,0
S01010307,Whole house or bungalow: Terraced (including end-terrace),14,14,0,0,0
S01010307,Flat maisonette or apartment or mobile/temporary accommodation,437,414,23,3,20
S01010308,All household spaces,489,480,9,2,7
S01010308,Whole house or bungalow: Total,31,31,0,0,0
S01010308,Whole house or bungalow: Detached,1,1,0,0,0
S01010308,Whole house or bungalow: Semi-detached,1,1,0,0,0
S01010308,Whole house or bungalow: Terraced (including end-terrace),29,29,0,0,0
S01010308,Flat maisonette or apartment or mobile/temporary accommodation,458,449,9,2,7
S01010309,All household spaces,270,264,6,1,5
S01010309,Whole house or bungalow: Total,22,20,2,1,1
S01010309,Whole house or bungalow: Detached,1,1,0,0,0
S01010309,Whole house or bungalow: Semi-detached,14,14,0,0,0
S01010309,Whole house or bungalow: Terraced (including end-terrace),7,5,2,1,1
S01010309,Flat maisonette or apartment or mobile/temporary accommodation,248,244,4,0,4
S01010310,All household spaces,383,381,2,0,2
S01010310,Whole house or bungalow: Total,77,77,0,0,0
S01010310,Whole house or bungalow: Detached,4,4,0,0,0
S01010310,Whole house or bungalow: Semi-detached,38,38,0,0,0
S01010310,Whole house or bungalow: Terraced (including end-terrace),35,35,0,0,0
S01010310,Flat maisonette or apartment or mobile/temporary accommodation,306,304,2,0,2
S01010311,All household spaces,356,351,5,0,5
S01010311,Whole house or bungalow: Total,73,73,0,0,0
S01010311,Whole house or bungalow: Detached,6,6,0,0,0
S01010311,Whole house or bungalow: Semi-detached,38,38,0,0,0
S01010311,Whole house or bungalow: Terraced (including end-terrace),29,29,0,0,0
S01010311,Flat maisonette or apartment or mobile/temporary accommodation,283,278,5,0,5
S01010312,All household spaces,428,425,3,1,2
S01010312,Whole house or bungalow: Total,170,169,1,0,1
S01010312,Whole house or bungalow: Detached,11,11,0,0,0
S01010312,Whole house or bungalow: Semi-detached,100,99,1,0,1
S01010312,Whole house or bungalow: Terraced (including end-terrace),59,59,0,0,0
S01010312,Flat maisonette or apartment or mobile/temporary accommodation,258,256,2,1,1
S01010313,All household spaces,359,356,3,0,3
S01010313,Whole house or bungalow: Total,15,15,0,0,0
S01010313,Whole house or bungalow: Detached,1,1,0,0,0
S01010313,Whole house or bungalow: Semi-detached,5,5,0,0,0
S01010313,Whole house or bungalow: Terraced (including end-terrace),9,9,0,0,0
S01010313,Flat maisonette or apartment or mobile/temporary accommodation,344,341,3,0,3
S01010314,All household spaces,561,550,11,1,10
S01010314,Whole house or bungalow: Total,86,86,0,0,0
S01010314,Whole house or bungalow: Detached,6,6,0,0,0
S01010314,Whole house or bungalow: Semi-detached,16,16,0,0,0
S01010314,Whole house or bungalow: Terraced (including end-terrace),64,64,0,0,0
S01010314,Flat maisonette or apartment or mobile/temporary accommodation,475,464,11,1,10
S01010315,All household spaces,409,409,0,0,0
S01010315,Whole house or bungalow: Total,144,144,0,0,0
S01010315,Whole house or bungalow: Detached,9,9,0,0,0
S01010315,Whole house or bungalow: Semi-detached,110,110,0,0,0
S01010315,Whole house or bungalow: Terraced (including end-terrace),25,25,0,0,0
S01010315,Flat maisonette or apartment or mobile/temporary accommodation,265,265,0,0,0
S01010316,All household spaces,304,304,0,0,0
S01010316,Whole house or bungalow: Total,22,22,0,0,0
S01010316,Whole house or bungalow: Detached,6,6,0,0,0
S01010316,Whole house or bungalow: Semi-detached,8,8,0,0,0
S01010316,Whole house or bungalow: Terraced (including end-terrace),8,8,0,0,0
S01010316,Flat maisonette or apartment or mobile/temporary accommodation,282,282,0,0,0
S01010317,All household spaces,407,394,13,0,13
S01010317,Whole house or bungalow: Total,27,26,1,0,1
S01010317,Whole house or bungalow: Detached,1,1,0,0,0
S01010317,Whole house or bungalow: Semi-detached,2,2,0,0,0
S01010317,Whole house or bungalow: Terraced (including end-terrace),24,23,1,0,1
S01010317,Flat maisonette or apartment or mobile/temporary accommodation,380,368,12,0,12
S01010318,All household spaces,308,304,4,1,3
S01010318,Whole house or bungalow: Total,8,8,0,0,0
S01010318,Whole house or bungalow: Detached,1,1,0,0,0
S01010318,Whole house or bungalow: Semi-detached,4,4,0,0,0
S01010318,Whole house or bungalow: Terraced (including end-terrace),3,3,0,0,0
S01010318,Flat maisonette or apartment or mobile/temporary accommodation,300,296,4,1,3
S01010319,All household spaces,409,407,2,0,2
S01010319,Whole house or bungalow: Total,69,68,1,0,1
S01010319,Whole house or bungalow: Detached,6,6,0,0,0
S01010319,Whole house or bungalow: Semi-detached,17,17,0,0,0
S01010319,Whole house or bungalow: Terraced (including end-terrace),46,45,1,0,1
S01010319,Flat maisonette or apartment or mobile/temporary accommodation,340,339,1,0,1
S01010320,All household spaces,453,437,16,1,15
S01010320,Whole house or bungalow: Total,7,7,0,0,0
S01010320,Whole house or bungalow: Detached,1,1,0,0,0
S01010320,Whole house or bungalow: Semi-detached,2,2,0,0,0
S01010320,Whole house or bungalow: Terraced (including end-terrace),4,4,0,0,0
S01010320,Flat maisonette or apartment or mobile/temporary accommodation,446,430,16,1,15
S01010321,All household spaces,447,432,15,2,13
S01010321,Whole house or bungalow: Total,7,7,0,0,0
S01010321,Whole house or bungalow: Detached,1,1,0,0,0
S01010321,Whole house or bungalow: Semi-detached,4,4,0,0,0
S01010321,Whole house or bungalow: Terraced (including end-terrace),2,2,0,0,0
S01010321,Flat maisonette or apartment or mobile/temporary accommodation,440,425,15,2,13
S01010322,All household spaces,566,549,17,3,14
S01010322,Whole house or bungalow: Total,30,28,2,0,2
S01010322,Whole house or bungalow: Detached,6,6,0,0,0
S01010322,Whole house or bungalow: Semi-detached,11,11,0,0,0
S01010322,Whole house or bungalow: Terraced (including end-terrace),13,11,2,0,2
S01010322,Flat maisonette or apartment or mobile/temporary accommodation,536,521,15,3,12
S01010323,All household spaces,377,377,0,0,0
S01010323,Whole house or bungalow: Total,57,57,0,0,0
S01010323,Whole house or bungalow: Detached,9,9,0,0,0
S01010323,Whole house or bungalow: Semi-detached,30,30,0,0,0
S01010323,Whole house or bungalow: Terraced (including end-terrace),18,18,0,0,0
S01010323,Flat maisonette or apartment or mobile/temporary accommodation,320,320,0,0,0
S01010324,All household spaces,410,403,7,0,7
S01010324,Whole house or bungalow: Total,171,171,0,0,0
S01010324,Whole house or bungalow: Detached,6,6,0,0,0
S01010324,Whole house or bungalow: Semi-detached,110,110,0,0,0
S01010324,Whole house or bungalow: Terraced (including end-terrace),55,55,0,0,0
S01010324,Flat maisonette or apartment or mobile/temporary accommodation,239,232,7,0,7
S01010325,All household spaces,502,501,1,0,1
S01010325,Whole house or bungalow: Total,126,126,0,0,0
S01010325,Whole house or bungalow: Detached,3,3,0,0,0
S01010325,Whole house or bungalow: Semi-detached,107,107,0,0,0
S01010325,Whole house or bungalow: Terraced (including end-terrace),16,16,0,0,0
S01010325,Flat maisonette or apartment or mobile/temporary accommodation,376,375,1,0,1
S01010326,All household spaces,497,494,3,0,3
S01010326,Whole house or bungalow: Total,159,158,1,0,1
S01010326,Whole house or bungalow: Detached,18,18,0,0,0
S01010326,Whole house or bungalow: Semi-detached,79,78,1,0,1
S01010326,Whole house or bungalow: Terraced (including end-terrace),62,62,0,0,0
S01010326,Flat maisonette or apartment or mobile/temporary accommodation,338,336,2,0,2
S01010327,All household spaces,368,362,6,0,6
S01010327,Whole house or bungalow: Total,264,260,4,0,4
S01010327,Whole house or bungalow: Detached,21,21,0,0,0
S01010327,Whole house or bungalow: Semi-detached,153,150,3,0,3
S01010327,Whole house or bungalow: Terraced (including end-terrace),90,89,1,0,1
S01010327,Flat maisonette or apartment or mobile/temporary accommodation,104,102,2,0,2
S01010328,All household spaces,451,445,6,0,6
S01010328,Whole house or bungalow: Total,215,214,1,0,1
S01010328,Whole house or bungalow: Detached,44,43,1,0,1
S01010328,Whole house or bungalow: Semi-detached,103,103,0,0,0
S01010328,Whole house or bungalow: Terraced (including end-terrace),68,68,0,0,0
S01010328,Flat maisonette or apartment or mobile/temporary accommodation,236,231,5,0,5
S01010329,All household spaces,294,290,4,0,4
S01010329,Whole house or bungalow: Total,66,62,4,0,4
S01010329,Whole house or bungalow: Detached,8,8,0,0,0
S01010329,Whole house or bungalow: Semi-detached,49,46,3,0,3
S01010329,Whole house or bungalow: Terraced (including end-terrace),9,8,1,0,1
S01010329,Flat maisonette or apartment or mobile/temporary accommodation,228,228,0,0,0
S01010330,All household spaces,306,299,7,0,7
S01010330,Whole house or bungalow: Total,166,163,3,0,3
S01010330,Whole house or bungalow: Detached,9,9,0,0,0
S01010330,Whole house or bungalow: Semi-detached,58,58,0,0,0
S01010330,Whole house or bungalow: Terraced (including end-terrace),99,96,3,0,3
S01010330,Flat maisonette or apartment or mobile/temporary accommodation,140,136,4,0,4
S01010331,All household spaces,522,520,2,0,2
S01010331,Whole house or bungalow: Total,77,77,0,0,0
S01010331,Whole house or bungalow: Detached,3,3,0,0,0
S01010331,Whole house or bungalow: Semi-detached,41,41,0,0,0
S01010331,Whole house or bungalow: Terraced (including end-terrace),33,33,0,0,0
S01010331,Flat maisonette or apartment or mobile/temporary accommodation,445,443,2,0,2
S01010332,All household spaces,280,279,1,0,1
S01010332,Whole house or bungalow: Total,204,203,1,0,1
S01010332,Whole house or bungalow: Detached,7,7,0,0,0
S01010332,Whole house or bungalow: Semi-detached,74,74,0,0,0
S01010332,Whole house or bungalow: Terraced (including end-terrace),123,122,1,0,1
S01010332,Flat maisonette or apartment or mobile/temporary accommodation,76,76,0,0,0
S01010333,All household spaces,495,487,8,0,8
S01010333,Whole house or bungalow: Total,112,111,1,0,1
S01010333,Whole house or bungalow: Detached,8,8,0,0,0
S01010333,Whole house or bungalow: Semi-detached,56,56,0,0,0
S01010333,Whole house or bungalow: Terraced (including end-terrace),48,47,1,0,1
S01010333,Flat maisonette or apartment or mobile/temporary accommodation,383,376,7,0,7
S01010334,All household spaces,440,433,7,0,7
S01010334,Whole house or bungalow: Total,369,364,5,0,5
S01010334,Whole house or bungalow: Detached,5,5,0,0,0
S01010334,Whole house or bungalow: Semi-detached,166,165,1,0,1
S01010334,Whole house or bungalow: Terraced (including end-terrace),198,194,4,0,4
S01010334,Flat maisonette or apartment or mobile/temporary accommodation,71,69,2,0,2
S01010335,All household spaces,351,345,6,0,6
S01010335,Whole house or bungalow: Total,210,209,1,0,1
S01010335,Whole house or bungalow: Detached,8,8,0,0,0
S01010335,Whole house or bungalow: Semi-detached,70,70,0,0,0
S01010335,Whole house or bungalow: Terraced (including end-terrace),132,131,1,0,1
S01010335,Flat maisonette or apartment or mobile/temporary accommodation,141,136,5,0,5
S01010336,All household spaces,400,379,21,0,21
S01010336,Whole house or bungalow: Total,61,59,2,0,2
S01010336,Whole house or bungalow: Detached,2,2,0,0,0
S01010336,Whole house or bungalow: Semi-detached,16,15,1,0,1
S01010336,Whole house or bungalow: Terraced (including end-terrace),43,42,1,0,1
S01010336,Flat maisonette or apartment or mobile/temporary accommodation,339,320,19,0,19
S01010337,All household spaces,285,278,7,0,7
S01010337,Whole house or bungalow: Total,268,261,7,0,7
S01010337,Whole house or bungalow: Detached,8,8,0,0,0
S01010337,Whole house or bungalow: Semi-detached,88,85,3,0,3
S01010337,Whole house or bungalow: Terraced (including end-terrace),172,168,4,0,4
S01010337,Flat maisonette or apartment or mobile/temporary accommodation,17,17,0,0,0
S01010338,All household spaces,370,356,14,1,13
S01010338,Whole house or bungalow: Total,163,160,3,0,3
S01010338,Whole house or bungalow: Detached,4,4,0,0,0
S01010338,Whole house or bungalow: Semi-detached,40,40,0,0,0
S01010338,Whole house or bungalow: Terraced (including end-terrace),119,116,3,0,3
S01010338,Flat maisonette or apartment or mobile/temporary accommodation,207,196,11,1,10
S01010339,All household spaces,291,284,7,1,6
S01010339,Whole house or bungalow: Total,165,163,2,1,1
S01010339,Whole house or bungalow: Detached,1,1,0,0,0
S01010339,Whole house or bungalow: Semi-detached,85,84,1,1,0
S01010339,Whole house or bungalow: Terraced (including end-terrace),79,78,1,0,1
S01010339,Flat maisonette or apartment or mobile/temporary accommodation,126,121,5,0,5
S01010340,All household spaces,361,349,12,0,12
S01010340,Whole house or bungalow: Total,122,120,2,0,2
S01010340,Whole house or bungalow: Detached,4,3,1,0,1
S01010340,Whole house or bungalow: Semi-detached,58,57,1,0,1
S01010340,Whole house or bungalow: Terraced (including end-terrace),60,60,0,0,0
S01010340,Flat maisonette or apartment or mobile/temporary accommodation,239,229,10,0,10
S01010341,All household spaces,254,253,1,0,1
S01010341,Whole house or bungalow: Total,154,153,1,0,1
S01010341,Whole house or bungalow: Detached,10,10,0,0,0
S01010341,Whole house or bungalow: Semi-detached,62,62,0,0,0
S01010341,Whole house or bungalow: Terraced (including end-terrace),82,81,1,0,1
S01010341,Flat maisonette or apartment or mobile/temporary accommodation,100,100,0,0,0
S01010342,All household spaces,303,302,1,0,1
S01010342,Whole house or bungalow: Total,163,162,1,0,1
S01010342,Whole house or bungalow: Detached,22,22,0,0,0
S01010342,Whole house or bungalow: Semi-detached,126,125,1,0,1
S01010342,Whole house or bungalow: Terraced (including end-terrace),15,15,0,0,0
S01010342,Flat maisonette or apartment or mobile/temporary accommodation,140,140,0,0,0
S01010343,All household spaces,373,365,8,0,8
S01010343,Whole house or bungalow: Total,302,298,4,0,4
S01010343,Whole house or bungalow: Detached,42,41,1,0,1
S01010343,Whole house or bungalow: Semi-detached,204,201,3,0,3
S01010343,Whole house or bungalow: Terraced (including end-terrace),56,56,0,0,0
S01010343,Flat maisonette or apartment or mobile/temporary accommodation,71,67,4,0,4
S01010344,All household spaces,431,419,12,0,12
S01010344,Whole house or bungalow: Total,114,110,4,0,4
S01010344,Whole house or bungalow: Detached,2,2,0,0,0
S01010344,Whole house or bungalow: Semi-detached,65,62,3,0,3
S01010344,Whole house or bungalow: Terraced (including end-terrace),47,46,1,0,1
S01010344,Flat maisonette or apartment or mobile/temporary accommodation,317,309,8,0,8
S01010345,All household spaces,167,160,7,0,7
S01010345,Whole house or bungalow: Total,158,151,7,0,7
S01010345,Whole house or bungalow: Detached,136,131,5,0,5
S01010345,Whole house or bungalow: Semi-detached,16,14,2,0,2
S01010345,Whole house or bungalow: Terraced (including end-terrace),6,6,0,0,0
S01010345,Flat maisonette or apartment or mobile/temporary accommodation,9,9,0,0,0
S01010346,All household spaces,420,410,10,1,9
S01010346,Whole house or bungalow: Total,249,244,5,1,4
S01010346,Whole house or bungalow: Detached,61,61,0,0,0
S01010346,Whole house or bungalow: Semi-detached,112,109,3,0,3
S01010346,Whole house or bungalow: Terraced (including end-terrace),76,74,2,1,1
S01010346,Flat maisonette or apartment or mobile/temporary accommodation,171,166,5,0,5
S01010347,All household spaces,481,466,15,1,14
S01010347,Whole house or bungalow: Total,40,38,2,0,2
S01010347,Whole house or bungalow: Detached,3,2,1,0,1
S01010347,Whole house or bungalow: Semi-detached,9,9,0,0,0
S01010347,Whole house or bungalow: Terraced (including end-terrace),28,27,1,0,1
S01010347,Flat maisonette or apartment or mobile/temporary accommodation,441,428,13,1,12
S01010348,All household spaces,489,483,6,0,6
S01010348,Whole house or bungalow: Total,62,62,0,0,0
S01010348,Whole house or bungalow: Detached,21,21,0,0,0
S01010348,Whole house or bungalow: Semi-detached,17,17,0,0,0
S01010348,Whole house or bungalow: Terraced (including end-terrace),24,24,0,0,0
S01010348,Flat maisonette or apartment or mobile/temporary accommodation,427,421,6,0,6
S01010349,All household spaces,449,443,6,0,6
S01010349,Whole house or bungalow: Total,116,115,1,0,1
S01010349,Whole house or bungalow: Detached,13,13,0,0,0
S01010349,Whole house or bungalow: Semi-detached,26,26,0,0,0
S01010349,Whole house or bungalow: Terraced (including end-terrace),77,76,1,0,1
S01010349,Flat maisonette or apartment or mobile/temporary accommodation,333,328,5,0,5
S01010350,All household spaces,484,475,9,0,9
S01010350,Whole house or bungalow: Total,87,86,1,0,1
S01010350,Whole house or bungalow: Detached,6,6,0,0,0
S01010350,Whole house or bungalow: Semi-detached,23,23,0,0,0
S01010350,Whole house or bungalow: Terraced (including end-terrace),58,57,1,0,1
S01010350,Flat maisonette or apartment or mobile/temporary accommodation,397,389,8,0,8
S01010351,All household spaces,414,398,16,0,16
S01010351,Whole house or bungalow: Total,144,138,6,0,6
S01010351,Whole house or bungalow: Detached,10,9,1,0,1
S01010351,Whole house or bungalow: Semi-detached,73,71,2,0,2
S01010351,Whole house or bungalow: Terraced (including end-terrace),61,58,3,0,3
S01010351,Flat maisonette or apartment or mobile/temporary accommodation,270,260,10,0,10
S01010352,All household spaces,289,276,13,0,13
S01010352,Whole house or bungalow: Total,35,33,2,0,2
S01010352,Whole house or bungalow: Detached,4,2,2,0,2
S01010352,Whole house or bungalow: Semi-detached,12,12,0,0,0
S01010352,Whole house or bungalow: Terraced (including end-terrace),19,19,0,0,0
S01010352,Flat maisonette or apartment or mobile/temporary accommodation,254,243,11,0,11
S01010353,All household spaces,594,562,32,0,32
S01010353,Whole house or bungalow: Total,33,33,0,0,0
S01010353,Whole house or bungalow: Detached,1,1,0,0,0
S01010353,Whole house or bungalow: Semi-detached,13,13,0,0,0
S01010353,Whole house or bungalow: Terraced (including end-terrace),19,19,0,0,0
S01010353,Flat maisonette or apartment or mobile/temporary accommodation,561,529,32,0,32
S01010354,All household spaces,378,375,3,0,3
S01010354,Whole house or bungalow: Total,117,117,0,0,0
S01010354,Whole house or bungalow: Detached,0,0,0,0,0
S01010354,Whole house or bungalow: Semi-detached,52,52,0,0,0
S01010354,Whole house or bungalow: Terraced (including end-terrace),65,65,0,0,0
S01010354,Flat maisonette or apartment or mobile/temporary accommodation,261,258,3,0,3
S01010355,All household spaces,410,402,8,0,8
S01010355,Whole house or bungalow: Total,77,75,2,0,2
S01010355,Whole house or bungalow: Detached,6,5,1,0,1
S01010355,Whole house or bungalow: Semi-detached,25,25,0,0,0
S01010355,Whole house or bungalow: Terraced (including end-terrace),46,45,1,0,1
S01010355,Flat maisonette or apartment or mobile/temporary accommodation,333,327,6,0,6
S01010356,All household spaces,312,308,4,0,4
S01010356,Whole house or bungalow: Total,130,129,1,0,1
S01010356,Whole house or bungalow: Detached,8,7,1,0,1
S01010356,Whole house or bungalow: Semi-detached,71,71,0,0,0
S01010356,Whole house or bungalow: Terraced (including end-terrace),51,51,0,0,0
S01010356,Flat maisonette or apartment or mobile/temporary accommodation,182,179,3,0,3
S01010357,All household spaces,350,340,10,0,10
S01010357,Whole house or bungalow: Total,66,64,2,0,2
S01010357,Whole house or bungalow: Detached,2,1,1,0,1
S01010357,Whole house or bungalow: Semi-detached,16,15,1,0,1
S01010357,Whole house or bungalow: Terraced (including end-terrace),48,48,0,0,0
S01010357,Flat maisonette or apartment or mobile/temporary accommodation,284,276,8,0,8
S01010358,All household spaces,538,507,31,0,31
S01010358,Whole house or bungalow: Total,21,21,0,0,0
S01010358,Whole house or bungalow: Detached,1,1,0,0,0
S01010358,Whole house or bungalow: Semi-detached,1,1,0,0,0
S01010358,Whole house or bungalow: Terraced (including end-terrace),19,19,0,0,0
S01010358,Flat maisonette or apartment or mobile/temporary accommodation,517,486,31,0,31
S01010359,All household spaces,464,456,8,0,8
S01010359,Whole house or bungalow: Total,8,8,0,0,0
S01010359,Whole house or bungalow: Detached,1,1,0,0,0
S01010359,Whole house or bungalow: Semi-detached,1,1,0,0,0
S01010359,Whole house or bungalow: Terraced (including end-terrace),6,6,0,0,0
S01010359,Flat maisonette or apartment or mobile/temporary accommodation,456,448,8,0,8
S01010360,All household spaces,286,285,1,0,1
S01010360,Whole house or bungalow: Total,50,50,0,0,0
S01010360,Whole house or bungalow: Detached,3,3,0,0,0
S01010360,Whole house or bungalow: Semi-detached,11,11,0,0,0
S01010360,Whole house or bungalow: Terraced (including end-terrace),36,36,0,0,0
S01010360,Flat maisonette or apartment or mobile/temporary accommodation,236,235,1,0,1
S01010361,All household spaces,418,402,16,0,16
S01010361,Whole house or bungalow: Total,7,7,0,0,0
S01010361,Whole house or bungalow: Detached,3,3,0,0,0
S01010361,Whole house or bungalow: Semi-detached,2,2,0,0,0
S01010361,Whole house or bungalow: Terraced (including end-terrace),2,2,0,0,0
S01010361,Flat maisonette or apartment or mobile/temporary accommodation,411,395,16,0,16
S01010362,All household spaces,642,611,31,0,31
S01010362,Whole house or bungalow: Total,25,24,1,0,1
S01010362,Whole house or bungalow: Detached,2,2,0,0,0
S01010362,Whole house or bungalow: Semi-detached,12,11,1,0,1
S01010362,Whole house or bungalow: Terraced (including end-terrace),11,11,0,0,0
S01010362,Flat maisonette or apartment or mobile/temporary accommodation,617,587,30,0,30
S01010363,All household spaces,406,394,12,1,11
S01010363,Whole house or bungalow: Total,94,93,1,0,1
S01010363,Whole house or bungalow: Detached,6,6,0,0,0
S01010363,Whole house or bungalow: Semi-detached,63,62,1,0,1
S01010363,Whole house or bungalow: Terraced (including end-terrace),25,25,0,0,0
S01010363,Flat maisonette or apartment or mobile/temporary accommodation,312,301,11,1,10
S01010364,All household spaces,342,337,5,0,5
S01010364,Whole house or bungalow: Total,324,319,5,0,5
S01010364,Whole house or bungalow: Detached,6,6,0,0,0
S01010364,Whole house or bungalow: Semi-detached,170,167,3,0,3
S01010364,Whole house or bungalow: Terraced (including end-terrace),148,146,2,0,2
S01010364,Flat maisonette or apartment or mobile/temporary accommodation,18,18,0,0,0
S01010365,All household spaces,462,449,13,3,10
S01010365,Whole house or bungalow: Total,179,178,1,0,1
S01010365,Whole house or bungalow: Detached,24,23,1,0,1
S01010365,Whole house or bungalow: Semi-detached,117,117,0,0,0
S01010365,Whole house or bungalow: Terraced (including end-terrace),38,38,0,0,0
S01010365,Flat maisonette or apartment or mobile/temporary accommodation,283,271,12,3,9
S01010366,All household spaces,512,502,10,2,8
S01010366,Whole house or bungalow: Total,213,210,3,0,3
S01010366,Whole house or bungalow: Detached,9,9,0,0,0
S01010366,Whole house or bungalow: Semi-detached,200,197,3,0,3
S01010366,Whole house or bungalow: Terraced (including end-terrace),4,4,0,0,0
S01010366,Flat maisonette or apartment or mobile/temporary accommodation,299,292,7,2,5
S01010367,All household spaces,530,507,23,4,19
S01010367,Whole house or bungalow: Total,157,157,0,0,0
S01010367,Whole house or bungalow: Detached,20,20,0,0,0
S01010367,Whole house or bungalow: Semi-detached,107,107,0,0,0
S01010367,Whole house or bungalow: Terraced (including end-terrace),30,30,0,0,0
S01010367,Flat maisonette or apartment or mobile/temporary accommodation,373,350,23,4,19
S01010368,All household spaces,371,355,16,6,10
S01010368,Whole house or bungalow: Total,98,95,3,1,2
S01010368,Whole house or bungalow: Detached,7,6,1,1,0
S01010368,Whole house or bungalow: Semi-detached,36,36,0,0,0
S01010368,Whole house or bungalow: Terraced (including end-terrace),55,53,2,0,2
S01010368,Flat maisonette or apartment or mobile/temporary accommodation,273,260,13,5,8
S01010369,All household spaces,454,433,21,0,21
S01010369,Whole house or bungalow: Total,37,36,1,0,1
S01010369,Whole house or bungalow: Detached,7,7,0,0,0
S01010369,Whole house or bungalow: Semi-detached,22,21,1,0,1
S01010369,Whole house or bungalow: Terraced (including end-terrace),8,8,0,0,0
S01010369,Flat maisonette or apartment or mobile/temporary accommodation,417,397,20,0,20
S01010370,All household spaces,344,335,9,3,6
S01010370,Whole house or bungalow: Total,41,41,0,0,0
S01010370,Whole house or bungalow: Detached,7,7,0,0,0
S01010370,Whole house or bungalow: Semi-detached,9,9,0,0,0
S01010370,Whole house or bungalow: Terraced (including end-terrace),25,25,0,0,0
S01010370,Flat maisonette or apartment or mobile/temporary accommodation,303,294,9,3,6
S01010371,All household spaces,477,461,16,2,14
S01010371,Whole house or bungalow: Total,63,59,4,0,4
S01010371,Whole house or bungalow: Detached,5,4,1,0,1
S01010371,Whole house or bungalow: Semi-detached,9,9,0,0,0
S01010371,Whole house or bungalow: Terraced (including end-terrace),49,46,3,0,3
S01010371,Flat maisonette or apartment or mobile/temporary accommodation,414,402,12,2,10
S01010372,All household spaces,232,226,6,0,6
S01010372,Whole house or bungalow: Total,11,10,1,0,1
S01010372,Whole house or bungalow: Detached,1,1,0,0,0
S01010372,Whole house or bungalow: Semi-detached,5,5,0,0,0
S01010372,Whole house or bungalow: Terraced (including end-terrace),5,4,1,0,1
S01010372,Flat maisonette or apartment or mobile/temporary accommodation,221,216,5,0,5
S01010373,All household spaces,428,408,20,1,19
S01010373,Whole house or bungalow: Total,9,9,0,0,0
S01010373,Whole house or bungalow: Detached,5,5,0,0,0
S01010373,Whole house or bungalow: Semi-detached,2,2,0,0,0
S01010373,Whole house or bungalow: Terraced (including end-terrace),2,2,0,0,0
S01010373,Flat maisonette or apartment or mobile/temporary accommodation,419,399,20,1,19
S01010374,All household spaces,481,469,12,3,9
S01010374,Whole house or bungalow: Total,43,43,0,0,0
S01010374,Whole house or bungalow: Detached,2,2,0,0,0
S01010374,Whole house or bungalow: Semi-detached,4,4,0,0,0
S01010374,Whole house or bungalow: Terraced (including end-terrace),37,37,0,0,0
S01010374,Flat maisonette or apartment or mobile/temporary accommodation,438,426,12,3,9
S01010375,All household spaces,226,219,7,2,5
S01010375,Whole house or bungalow: Total,8,7,1,0,1
S01010375,Whole house or bungalow: Detached,1,1,0,0,0
S01010375,Whole house or bungalow: Semi-detached,3,2,1,0,1
S01010375,Whole house or bungalow: Terraced (including end-terrace),4,4,0,0,0
S01010375,Flat maisonette or apartment or mobile/temporary accommodation,218,212,6,2,4
S01010376,All household spaces,384,367,17,1,16
S01010376,Whole house or bungalow: Total,17,17,0,0,0
S01010376,Whole house or bungalow: Detached,3,3,0,0,0
S01010376,Whole house or bungalow: Semi-detached,3,3,0,0,0
S01010376,Whole house or bungalow: Terraced (including end-terrace),11,11,0,0,0
S01010376,Flat maisonette or apartment or mobile/temporary accommodation,367,350,17,1,16
S01010377,All household spaces,384,375,9,2,7
S01010377,Whole house or bungalow: Total,15,15,0,0,0
S01010377,Whole house or bungalow: Detached,3,3,0,0,0
S01010377,Whole house or bungalow: Semi-detached,2,2,0,0,0
S01010377,Whole house or bungalow: Terraced (including end-terrace),10,10,0,0,0
S01010377,Flat maisonette or apartment or mobile/temporary accommodation,369,360,9,2,7
S01010378,All household spaces,286,272,14,0,14
S01010378,Whole house or bungalow: Total,10,10,0,0,0
S01010378,Whole house or bungalow: Detached,3,3,0,0,0
S01010378,Whole house or bungalow: Semi-detached,0,0,0,0,0
S01010378,Whole house or bungalow: Terraced (including end-terrace),7,7,0,0,0
S01010378,Flat maisonette or apartment or mobile/temporary accommodation,276,262,14,0,14
S01010379,All household spaces,462,446,16,0,16
S01010379,Whole house or bungalow: Total,22,20,2,0,2
S01010379,Whole house or bungalow: Detached,1,0,1,0,1
S01010379,Whole house or bungalow: Semi-detached,3,3,0,0,0
S01010379,Whole house or bungalow: Terraced (including end-terrace),18,17,1,0,1
S01010379,Flat maisonette or apartment or mobile/temporary accommodation,440,426,14,0,14
S01010380,All household spaces,530,521,9,0,9
S01010380,Whole house or bungalow: Total,12,12,0,0,0
S01010380,Whole house or bungalow: Detached,1,1,0,0,0
S01010380,Whole house or bungalow: Semi-detached,5,5,0,0,0
S01010380,Whole house or bungalow: Terraced (including end-terrace),6,6,0,0,0
S01010380,Flat maisonette or apartment or mobile/temporary accommodation,518,509,9,0,9
S01010381,All household spaces,379,372,7,2,5
S01010381,Whole house or bungalow: Total,3,2,1,0,1
S01010381,Whole house or bungalow: Detached,2,2,0,0,0
S01010381,Whole house or bungalow: Semi-detached,0,0,0,0,0
S01010381,Whole house or bungalow: Terraced (including end-terrace),1,0,1,0,1
S01010381,Flat maisonette or apartment or mobile/temporary accommodation,376,370,6,2,4
S01010382,All household spaces,492,483,9,2,7
S01010382,Whole house or bungalow: Total,3,3,0,0,0
S01010382,Whole house or bungalow: Detached,1,1,0,0,0
S01010382,Whole house or bungalow: Semi-detached,1,1,0,0,0
S01010382,Whole house or bungalow: Terraced (including end-terrace),1,1,0,0,0
S01010382,Flat maisonette or apartment or mobile/temporary accommodation,489,480,9,2,7
S01010383,All household spaces,402,393,9,2,7
S01010383,Whole house or bungalow: Total,5,5,0,0,0
S01010383,Whole house or bungalow: Detached,4,4,0,0,0
S01010383,Whole house or bungalow: Semi-detached,1,1,0,0,0
S01010383,Whole house or bungalow: Terraced (including end-terrace),0,0,0,0,0
S01010383,Flat maisonette or apartment or mobile/temporary accommodation,397,388,9,2,7
S01010384,All household spaces,466,454,12,1,11
S01010384,Whole house or bungalow: Total,9,9,0,0,0
S01010384,Whole house or bungalow: Detached,0,0,0,0,0
S01010384,Whole house or bungalow: Semi-detached,5,5,0,0,0
S01010384,Whole house or bungalow: Terraced (including end-terrace),4,4,0,0,0
S01010384,Flat maisonette or apartment or mobile/temporary accommodation,457,445,12,1,11
S01010385,All household spaces,511,498,13,3,10
S01010385,Whole house or bungalow: Total,7,5,2,1,1
S01010385,Whole house or bungalow: Detached,1,1,0,0,0
S01010385,Whole house or bungalow: Semi-detached,1,1,0,0,0
S01010385,Whole house or bungalow: Terraced (including end-terrace),5,3,2,1,1
S01010385,Flat maisonette or apartment or mobile/temporary accommodation,504,493,11,2,9
S01010386,All household spaces,538,528,10,0,10
S01010386,Whole house or bungalow: Total,41,40,1,0,1
S01010386,Whole house or bungalow: Detached,0,0,0,0,0
S01010386,Whole house or bungalow: Semi-detached,5,5,0,0,0
S01010386,Whole house or bungalow: Terraced (including end-terrace),36,35,1,0,1
S01010386,Flat maisonette or apartment or mobile/temporary accommodation,497,488,9,0,9
S01010387,All household spaces,591,587,4,1,3
S01010387,Whole house or bungalow: Total,33,33,0,0,0
S01010387,Whole house or bungalow: Detached,1,1,0,0,0
S01010387,Whole house or bungalow: Semi-detached,5,5,0,0,0
S01010387,Whole house or bungalow: Terraced (including end-terrace),27,27,0,0,0
S01010387,Flat maisonette or apartment or mobile/temporary accommodation,558,554,4,1,3
S01010388,All household spaces,609,584,25,4,21
S01010388,Whole house or bungalow: Total,65,65,0,0,0
S01010388,Whole house or bungalow: Detached,5,5,0,0,0
S01010388,Whole house or bungalow: Semi-detached,7,7,0,0,0
S01010388,Whole house or bungalow: Terraced (including end-terrace),53,53,0,0,0
S01010388,Flat maisonette or apartment or mobile/temporary accommodation,544,519,25,4,21
S01010389,All household spaces,755,668,87,18,69
S01010389,Whole house or bungalow: Total,8,8,0,0,0
S01010389,Whole house or bungalow: Detached,0,0,0,0,0
S01010389,Whole house or bungalow: Semi-detached,0,0,0,0,0
S01010389,Whole house or bungalow: Terraced (including end-terrace),8,8,0,0,0
S01010389,Flat maisonette or apartment or mobile/temporary accommodation,747,660,87,18,69
S01010390,All household spaces,733,716,17,1,16
S01010390,Whole house or bungalow: Total,15,14,1,1,0
S01010390,Whole house or bungalow: Detached,0,0,0,0,0
S01010390,Whole house or bungalow: Semi-detached,10,10,0,0,0
S01010390,Whole house or bungalow: Terraced (including end-terrace),5,4,1,1,0
S01010390,Flat maisonette or apartment or mobile/temporary accommodation,718,702,16,0,16
S01010391,All household spaces,566,541,25,2,23
S01010391,Whole house or bungalow: Total,12,12,0,0,0
S01010391,Whole house or bungalow: Detached,0,0,0,0,0
S01010391,Whole house or bungalow: Semi-detached,1,1,0,0,0
S01010391,Whole house or bungalow: Terraced (including end-terrace),11,11,0,0,0
S01010391,Flat maisonette or apartment or mobile/temporary accommodation,554,529,25,2,23
S01010392,All household spaces,447,416,31,11,20
S01010392,Whole house or bungalow: Total,7,7,0,0,0
S01010392,Whole house or bungalow: Detached,1,1,0,0,0
S01010392,Whole house or bungalow: Semi-detached,3,3,0,0,0
S01010392,Whole house or bungalow: Terraced (including end-terrace),3,3,0,0,0
S01010392,Flat maisonette or apartment or mobile/temporary accommodation,440,409,31,11,20
S01010393,All household spaces,654,634,20,1,19
S01010393,Whole house or bungalow: Total,82,81,1,0,1
S01010393,Whole house or bungalow: Detached,8,8,0,0,0
S01010393,Whole house or bungalow: Semi-detached,15,15,0,0,0
S01010393,Whole house or bungalow: Terraced (including end-terrace),59,58,1,0,1
S01010393,Flat maisonette or apartment or mobile/temporary accommodation,572,553,19,1,18
S01010394,All household spaces,525,516,9,0,9
S01010394,Whole house or bungalow: Total,17,17,0,0,0
S01010394,Whole house or bungalow: Detached,0,0,0,0,0
S01010394,Whole house or bungalow: Semi-detached,5,5,0,0,0
S01010394,Whole house or bungalow: Terraced (including end-terrace),12,12,0,0,0
S01010394,Flat maisonette or apartment or mobile/temporary accommodation,508,499,9,0,9
S01010395,All household spaces,651,637,14,1,13
S01010395,Whole house or bungalow: Total,6,6,0,0,0
S01010395,Whole house or bungalow: Detached,2,2,0,0,0
S01010395,Whole house or bungalow: Semi-detached,1,1,0,0,0
S01010395,Whole house or bungalow: Terraced (including end-terrace),3,3,0,0,0
S01010395,Flat maisonette or apartment or mobile/temporary accommodation,645,631,14,1,13
S01010396,All household spaces,597,585,12,2,10
S01010396,Whole house or bungalow: Total,6,6,0,0,0
S01010396,Whole house or bungalow: Detached,3,3,0,0,0
S01010396,Whole house or bungalow: Semi-detached,2,2,0,0,0
S01010396,Whole house or bungalow: Terraced (including end-terrace),1,1,0,0,0
S01010396,Flat maisonette or apartment or mobile/temporary accommodation,591,579,12,2,10
S01010397,All household spaces,298,294,4,2,2
S01010397,Whole house or bungalow: Total,3,3,0,0,0
S01010397,Whole house or bungalow: Detached,0,0,0,0,0
S01010397,Whole house or bungalow: Semi-detached,0,0,0,0,0
S01010397,Whole house or bungalow: Terraced (including end-terrace),3,3,0,0,0
S01010397,Flat maisonette or apartment or mobile/temporary accommodation,295,291,4,2,2
S01010398,All household spaces,604,583,21,3,18
S01010398,Whole house or bungalow: Total,81,80,1,1,0
S01010398,Whole house or bungalow: Detached,1,1,0,0,0
S01010398,Whole house or bungalow: Semi-detached,9,9,0,0,0
S01010398,Whole house or bungalow: Terraced (including end-terrace),71,70,1,1,0
S01010398,Flat maisonette or apartment or mobile/temporary accommodation,523,503,20,2,18
S01010399,All household spaces,634,615,19,6,13
S01010399,Whole house or bungalow: Total,37,37,0,0,0
S01010399,Whole house or bungalow: Detached,1,1,0,0,0
S01010399,Whole house or bungalow: Semi-detached,7,7,0,0,0
S01010399,Whole house or bungalow: Terraced (including end-terrace),29,29,0,0,0
S01010399,Flat maisonette or apartment or mobile/temporary accommodation,597,578,19,6,13
S01010400,All household spaces,550,530,20,1,19
S01010400,Whole house or bungalow: Total,84,81,3,0,3
S01010400,Whole house or bungalow: Detached,25,25,0,0,0
S01010400,Whole house or bungalow: Semi-detached,26,26,0,0,0
S01010400,Whole house or bungalow: Terraced (including end-terrace),33,30,3,0,3
S01010400,Flat maisonette or apartment or mobile/temporary accommodation,466,449,17,1,16
S01010401,All household spaces,419,400,19,6,13
S01010401,Whole house or bungalow: Total,18,18,0,0,0
S01010401,Whole house or bungalow: Detached,2,2,0,0,0
S01010401,Whole house or bungalow: Semi-detached,3,3,0,0,0
S01010401,Whole house or bungalow: Terraced (including end-terrace),13,13,0,0,0
S01010401,Flat maisonette or apartment or mobile/temporary accommodation,401,382,19,6,13
S01010402,All household spaces,529,513,16,1,15
S01010402,Whole house or bungalow: Total,32,32,0,0,0
S01010402,Whole house or bungalow: Detached,5,5,0,0,0
S01010402,Whole house or bungalow: Semi-detached,3,3,0,0,0
S01010402,Whole house or bungalow: Terraced (including end-terrace),24,24,0,0,0
S01010402,Flat maisonette or apartment or mobile/temporary accommodation,497,481,16,1,15
S01010403,All household spaces,522,509,13,1,12
S01010403,Whole house or bungalow: Total,24,23,1,0,1
S01010403,Whole house or bungalow: Detached,3,3,0,0,0
S01010403,Whole house or bungalow: Semi-detached,2,2,0,0,0
S01010403,Whole house or bungalow: Terraced (including end-terrace),19,18,1,0,1
S01010403,Flat maisonette or apartment or mobile/temporary accommodation,498,486,12,1,11
S01010404,All household spaces,417,406,11,4,7
S01010404,Whole house or bungalow: Total,51,50,1,0,1
S01010404,Whole house or bungalow: Detached,8,7,1,0,1
S01010404,Whole house or bungalow: Semi-detached,15,15,0,0,0
S01010404,Whole house or bungalow: Terraced (including end-terrace),28,28,0,0,0
S01010404,Flat maisonette or apartment or mobile/temporary accommodation,366,356,10,4,6
S01010405,All household spaces,416,408,8,2,6
S01010405,Whole house or bungalow: Total,52,51,1,0,1
S01010405,Whole house or bungalow: Detached,8,8,0,0,0
S01010405,Whole house or bungalow: Semi-detached,5,5,0,0,0
S01010405,Whole house or bungalow: Terraced (including end-terrace),39,38,1,0,1
S01010405,Flat maisonette or apartment or mobile/temporary accommodation,364,357,7,2,5
S01010406,All household spaces,447,435,12,2,10
S01010406,Whole house or bungalow: Total,26,25,1,0,1
S01010406,Whole house or bungalow: Detached,3,3,0,0,0
S01010406,Whole house or bungalow: Semi-detached,2,2,0,0,0
S01010406,Whole house or bungalow: Terraced (including end-terrace),21,20,1,0,1
S01010406,Flat maisonette or apartment or mobile/temporary accommodation,421,410,11,2,9
S01010407,All household spaces,430,418,12,5,7
S01010407,Whole house or bungalow: Total,8,8,0,0,0
S01010407,Whole house or bungalow: Detached,1,1,0,0,0
S01010407,Whole house or bungalow: Semi-detached,2,2,0,0,0
S01010407,Whole house or bungalow: Terraced (including end-terrace),5,5,0,0,0
S01010407,Flat maisonette or apartment or mobile/temporary accommodation,422,410,12,5,7
S01010408,All household spaces,282,272,10,1,9
S01010408,Whole house or bungalow: Total,88,84,4,0,4
S01010408,Whole house or bungalow: Detached,9,9,0,0,0
S01010408,Whole house or bungalow: Semi-detached,33,31,2,0,2
S01010408,Whole house or bungalow: Terraced (including end-terrace),46,44,2,0,2
S01010408,Flat maisonette or apartment or mobile/temporary accommodation,194,188,6,1,5
S01010409,All household spaces,249,245,4,0,4
S01010409,Whole house or bungalow: Total,234,230,4,0,4
S01010409,Whole house or bungalow: Detached,69,69,0,0,0
S01010409,Whole house or bungalow: Semi-detached,107,104,3,0,3
S01010409,Whole house or bungalow: Terraced (including end-terrace),58,57,1,0,1
S01010409,Flat maisonette or apartment or mobile/temporary accommodation,15,15,0,0,0
S01010410,All household spaces,255,248,7,0,7
S01010410,Whole house or bungalow: Total,151,147,4,0,4
S01010410,Whole house or bungalow: Detached,20,17,3,0,3
S01010410,Whole house or bungalow: Semi-detached,98,97,1,0,1
S01010410,Whole house or bungalow: Terraced (including end-terrace),33,33,0,0,0
S01010410,Flat maisonette or apartment or mobile/temporary accommodation,104,101,3,0,3
S01010411,All household spaces,371,365,6,0,6
S01010411,Whole house or bungalow: Total,327,322,5,0,5
S01010411,Whole house or bungalow: Detached,10,9,1,0,1
S01010411,Whole house or bungalow: Semi-detached,77,76,1,0,1
S01010411,Whole house or bungalow: Terraced (including end-terrace),240,237,3,0,3
S01010411,Flat maisonette or apartment or mobile/temporary accommodation,44,43,1,0,1
S01010412,All household spaces,434,424,10,4,6
S01010412,Whole house or bungalow: Total,84,82,2,0,2
S01010412,Whole house or bungalow: Detached,20,19,1,0,1
S01010412,Whole house or bungalow: Semi-detached,34,34,0,0,0
S01010412,Whole house or bungalow: Terraced (including end-terrace),30,29,1,0,1
S01010412,Flat maisonette or apartment or mobile/temporary accommodation,350,342,8,4,4
S01010413,All household spaces,354,340,14,6,8
S01010413,Whole house or bungalow: Total,141,138,3,1,2
S01010413,Whole house or bungalow: Detached,36,36,0,0,0
S01010413,Whole house or bungalow: Semi-detached,98,96,2,0,2
S01010413,Whole house or bungalow: Terraced (including end-terrace),7,6,1,1,0
S01010413,Flat maisonette or apartment or mobile/temporary accommodation,213,202,11,5,6
S01010414,All household spaces,503,497,6,1,5
S01010414,Whole house or bungalow: Total,246,243,3,0,3
S01010414,Whole house or bungalow: Detached,9,9,0,0,0
S01010414,Whole house or bungalow: Semi-detached,45,44,1,0,1
S01010414,Whole house or bungalow: Terraced (including end-terrace),192,190,2,0,2
S01010414,Flat maisonette or apartment or mobile/temporary accommodation,257,254,3,1,2
S01010415,All household spaces,568,555,13,0,13
S01010415,Whole house or bungalow: Total,41,37,4,0,4
S01010415,Whole house or bungalow: Detached,2,2,0,0,0
S01010415,Whole house or bungalow: Semi-detached,12,12,0,0,0
S01010415,Whole house or bungalow: Terraced (including end-terrace),27,23,4,0,4
S01010415,Flat maisonette or apartment or mobile/temporary accommodation,527,518,9,0,9
S01010416,All household spaces,331,322,9,2,7
S01010416,Whole house or bungalow: Total,149,143,6,0,6
S01010416,Whole house or bungalow: Detached,7,5,2,0,2
S01010416,Whole house or bungalow: Semi-detached,51,51,0,0,0
S01010416,Whole house or bungalow: Terraced (including end-terrace),91,87,4,0,4
S01010416,Flat maisonette or apartment or mobile/temporary accommodation,182,179,3,2,1
S01010417,All household spaces,293,286,7,3,4
S01010417,Whole house or bungalow: Total,113,109,4,2,2
S01010417,Whole house or bungalow: Detached,5,5,0,0,0
S01010417,Whole house or bungalow: Semi-detached,17,17,0,0,0
S01010417,Whole house or bungalow: Terraced (including end-terrace),91,87,4,2,2
S01010417,Flat maisonette or apartment or mobile/temporary accommodation,180,177,3,1,2
S01010418,All household spaces,571,561,10,2,8
S01010418,Whole house or bungalow: Total,76,76,0,0,0
S01010418,Whole house or bungalow: Detached,5,5,0,0,0
S01010418,Whole house or bungalow: Semi-detached,18,18,0,0,0
S01010418,Whole house or bungalow: Terraced (including end-terrace),53,53,0,0,0
S01010418,Flat maisonette or apartment or mobile/temporary accommodation,495,485,10,2,8
S01010419,All household spaces,524,500,24,3,21
S01010419,Whole house or bungalow: Total,177,173,4,0,4
S01010419,Whole house or bungalow: Detached,3,3,0,0,0
S01010419,Whole house or bungalow: Semi-detached,30,30,0,0,0
S01010419,Whole house or bungalow: Terraced (including end-terrace),144,140,4,0,4
S01010419,Flat maisonette or apartment or mobile/temporary accommodation,347,327,20,3,17
S01010420,All household spaces,312,290,22,0,22
S01010420,Whole house or bungalow: Total,210,203,7,0,7
S01010420,Whole house or bungalow: Detached,9,8,1,0,1
S01010420,Whole house or bungalow: Semi-detached,51,51,0,0,0
S01010420,Whole house or bungalow: Terraced (including end-terrace),150,144,6,0,6
S01010420,Flat maisonette or apartment or mobile/temporary accommodation,102,87,15,0,15
S01010421,All household spaces,354,346,8,1,7
S01010421,Whole house or bungalow: Total,226,224,2,1,1
S01010421,Whole house or bungalow: Detached,8,8,0,0,0
S01010421,Whole house or bungalow: Semi-detached,112,110,2,1,1
S01010421,Whole house or bungalow: Terraced (including end-terrace),106,106,0,0,0
S01010421,Flat maisonette or apartment or mobile/temporary accommodation,128,122,6,0,6
S01010422,All household spaces,489,483,6,0,6
S01010422,Whole house or bungalow: Total,312,309,3,0,3
S01010422,Whole house or bungalow: Detached,4,4,0,0,0
S01010422,Whole house or bungalow: Semi-detached,23,23,0,0,0
S01010422,Whole house or bungalow: Terraced (including end-terrace),285,282,3,0,3
S01010422,Flat maisonette or apartment or mobile/temporary accommodation,177,174,3,0,3
S01010423,All household spaces,509,490,19,0,19
S01010423,Whole house or bungalow: Total,27,27,0,0,0
S01010423,Whole house or bungalow: Detached,1,1,0,0,0
S01010423,Whole house or bungalow: Semi-detached,4,4,0,0,0
S01010423,Whole house or bungalow: Terraced (including end-terrace),22,22,0,0,0
S01010423,Flat maisonette or apartment or mobile/temporary accommodation,482,463,19,0,19
S01010424,All household spaces,480,471,9,1,8
S01010424,Whole house or bungalow: Total,79,77,2,0,2
S01010424,Whole house or bungalow: Detached,4,4,0,0,0
S01010424,Whole house or bungalow: Semi-detached,10,10,0,0,0
S01010424,Whole house or bungalow: Terraced (including end-terrace),65,63,2,0,2
S01010424,Flat maisonette or apartment or mobile/temporary accommodation,401,394,7,1,6
S01010425,All household spaces,629,621,8,0,8
S01010425,Whole house or bungalow: Total,32,32,0,0,0
S01010425,Whole house or bungalow: Detached,8,8,0,0,0
S01010425,Whole house or bungalow: Semi-detached,4,4,0,0,0
S01010425,Whole house or bungalow: Terraced (including end-terrace),20,20,0,0,0
S01010425,Flat maisonette or apartment or mobile/temporary accommodation,597,589,8,0,8
S01010426,All household spaces,415,406,9,0,9
S01010426,Whole house or bungalow: Total,101,99,2,0,2
S01010426,Whole house or bungalow: Detached,2,2,0,0,0
S01010426,Whole house or bungalow: Semi-detached,9,9,0,0,0
S01010426,Whole house or bungalow: Terraced (including end-terrace),90,88,2,0,2
S01010426,Flat maisonette or apartment or mobile/temporary accommodation,314,307,7,0,7
S01010427,All household spaces,511,499,12,0,12
S01010427,Whole house or bungalow: Total,160,159,1,0,1
S01010427,Whole house or bungalow: Detached,0,0,0,0,0
S01010427,Whole house or bungalow: Semi-detached,34,34,0,0,0
S01010427,Whole house or bungalow: Terraced (including end-terrace),126,125,1,0,1
S01010427,Flat maisonette or apartment or mobile/temporary accommodation,351,340,11,0,11
S01010428,All household spaces,328,319,9,1,8
S01010428,Whole house or bungalow: Total,165,162,3,0,3
S01010428,Whole house or bungalow: Detached,36,36,0,0,0
S01010428,Whole house or bungalow: Semi-detached,7,7,0,0,0
S01010428,Whole house or bungalow: Terraced (including end-terrace),122,119,3,0,3
S01010428,Flat maisonette or apartment or mobile/temporary accommodation,163,157,6,1,5
S01010429,All household spaces,395,388,7,2,5
S01010429,Whole house or bungalow: Total,291,288,3,0,3
S01010429,Whole house or bungalow: Detached,2,2,0,0,0
S01010429,Whole house or bungalow: Semi-detached,16,15,1,0,1
S01010429,Whole house or bungalow: Terraced (including end-terrace),273,271,2,0,2
S01010429,Flat maisonette or apartment or mobile/temporary accommodation,104,100,4,2,2
S01010430,All household spaces,459,451,8,1,7
S01010430,Whole house or bungalow: Total,9,9,0,0,0
S01010430,Whole house or bungalow: Detached,0,0,0,0,0
S01010430,Whole house or bungalow: Semi-detached,2,2,0,0,0
S01010430,Whole house or bungalow: Terraced (including end-terrace),7,7,0,0,0
S01010430,Flat maisonette or apartment or mobile/temporary accommodation,450,442,8,1,7
S01010431,All household spaces,261,258,3,1,2
S01010431,Whole house or bungalow: Total,218,215,3,1,2
S01010431,Whole house or bungalow: Detached,2,2,0,0,0
S01010431,Whole house or bungalow: Semi-detached,28,28,0,0,0
S01010431,Whole house or bungalow: Terraced (including end-terrace),188,185,3,1,2
S01010431,Flat maisonette or apartment or mobile/temporary accommodation,43,43,0,0,0
S01010432,All household spaces,474,464,10,0,10
S01010432,Whole house or bungalow: Total,31,30,1,0,1
S01010432,Whole house or bungalow: Detached,1,1,0,0,0
S01010432,Whole house or bungalow: Semi-detached,4,4,0,0,0
S01010432,Whole house or bungalow: Terraced (including end-terrace),26,25,1,0,1
S01010432,Flat maisonette or apartment or mobile/temporary accommodation,443,434,9,0,9
S01010433,All household spaces,363,338,25,0,25
S01010433,Whole house or bungalow: Total,10,10,0,0,0
S01010433,Whole house or bungalow: Detached,1,1,0,0,0
S01010433,Whole house or bungalow: Semi-detached,4,4,0,0,0
S01010433,Whole house or bungalow: Terraced (including end-terrace),5,5,0,0,0
S01010433,Flat maisonette or apartment or mobile/temporary accommodation,353,328,25,0,25
S01010434,All household spaces,341,331,10,1,9
S01010434,Whole house or bungalow: Total,7,7,0,0,0
S01010434,Whole house or bungalow: Detached,0,0,0,0,0
S01010434,Whole house or bungalow: Semi-detached,0,0,0,0,0
S01010434,Whole house or bungalow: Terraced (including end-terrace),7,7,0,0,0
S01010434,Flat maisonette or apartment or mobile/temporary accommodation,334,324,10,1,9
S01010435,All household spaces,296,291,5,1,4
S01010435,Whole house or bungalow: Total,152,150,2,0,2
S01010435,Whole house or bungalow: Detached,8,8,0,0,0
S01010435,Whole house or bungalow: Semi-detached,90,88,2,0,2
S01010435,Whole house or bungalow: Terraced (including end-terrace),54,54,0,0,0
S01010435,Flat maisonette or apartment or mobile/temporary accommodation,144,141,3,1,2
S01010436,All household spaces,443,433,10,0,10
S01010436,Whole house or bungalow: Total,48,48,0,0,0
S01010436,Whole house or bungalow: Detached,2,2,0,0,0
S01010436,Whole house or bungalow: Semi-detached,10,10,0,0,0
S01010436,Whole house or bungalow: Terraced (including end-terrace),36,36,0,0,0
S01010436,Flat maisonette or apartment or mobile/temporary accommodation,395,385,10,0,10
S01010437,All household spaces,277,269,8,0,8
S01010437,Whole house or bungalow: Total,87,85,2,0,2
S01010437,Whole house or bungalow: Detached,3,3,0,0,0
S01010437,Whole house or bungalow: Semi-detached,53,52,1,0,1
S01010437,Whole house or bungalow: Terraced (including end-terrace),31,30,1,0,1
S01010437,Flat maisonette or apartment or mobile/temporary accommodation,190,184,6,0,6
S01010438,All household spaces,373,370,3,0,3
S01010438,Whole house or bungalow: Total,149,146,3,0,3
S01010438,Whole house or bungalow: Detached,2,2,0,0,0
S01010438,Whole house or bungalow: Semi-detached,60,57,3,0,3
S01010438,Whole house or bungalow: Terraced (including end-terrace),87,87,0,0,0
S01010438,Flat maisonette or apartment or mobile/temporary accommodation,224,224,0,0,0
S01010439,All household spaces,517,512,5,0,5
S01010439,Whole house or bungalow: Total,35,35,0,0,0
S01010439,Whole house or bungalow: Detached,4,4,0,0,0
S01010439,Whole house or bungalow: Semi-detached,5,5,0,0,0
S01010439,Whole house or bungalow: Terraced (including end-terrace),26,26,0,0,0
S01010439,Flat maisonette or apartment or mobile/temporary accommodation,482,477,5,0,5
S01010440,All household spaces,332,322,10,0,10
S01010440,Whole house or bungalow: Total,116,110,6,0,6
S01010440,Whole house or bungalow: Detached,2,2,0,0,0
S01010440,Whole house or bungalow: Semi-detached,58,57,1,0,1
S01010440,Whole house or bungalow: Terraced (including end-terrace),56,51,5,0,5
S01010440,Flat maisonette or apartment or mobile/temporary accommodation,216,212,4,0,4
S01010441,All household spaces,508,488,20,2,18
S01010441,Whole house or bungalow: Total,61,56,5,0,5
S01010441,Whole house or bungalow: Detached,3,3,0,0,0
S01010441,Whole house or bungalow: Semi-detached,6,6,0,0,0
S01010441,Whole house or bungalow: Terraced (including end-terrace),52,47,5,0,5
S01010441,Flat maisonette or apartment or mobile/temporary accommodation,447,432,15,2,13
S01010442,All household spaces,407,383,24,0,24
S01010442,Whole house or bungalow: Total,27,27,0,0,0
S01010442,Whole house or bungalow: Detached,1,1,0,0,0
S01010442,Whole house or bungalow: Semi-detached,11,11,0,0,0
S01010442,Whole house or bungalow: Terraced (including end-terrace),15,15,0,0,0
S01010442,Flat maisonette or apartment or mobile/temporary accommodation,380,356,24,0,24
S01010443,All household spaces,233,228,5,0,5
S01010443,Whole house or bungalow: Total,223,218,5,0,5
S01010443,Whole house or bungalow: Detached,3,3,0,0,0
S01010443,Whole house or bungalow: Semi-detached,26,25,1,0,1
S01010443,Whole house or bungalow: Terraced (including end-terrace),194,190,4,0,4
S01010443,Flat maisonette or apartment or mobile/temporary accommodation,10,10,0,0,0
S01010444,All household spaces,294,289,5,1,4
S01010444,Whole house or bungalow: Total,262,257,5,1,4
S01010444,Whole house or bungalow: Detached,1,1,0,0,0
S01010444,Whole house or bungalow: Semi-detached,54,54,0,0,0
S01010444,Whole house or bungalow: Terraced (including end-terrace),207,202,5,1,4
S01010444,Flat maisonette or apartment or mobile/temporary accommodation,32,32,0,0,0
S01010445,All household spaces,309,307,2,0,2
S01010445,Whole house or bungalow: Total,185,185,0,0,0
S01010445,Whole house or bungalow: Detached,14,14,0,0,0
S01010445,Whole house or bungalow: Semi-detached,42,42,0,0,0
S01010445,Whole house or bungalow: Terraced (including end-terrace),129,129,0,0,0
S01010445,Flat maisonette or apartment or mobile/temporary accommodation,124,122,2,0,2
S01010446,All household spaces,333,329,4,0,4
S01010446,Whole house or bungalow: Total,313,309,4,0,4
S01010446,Whole house or bungalow: Detached,36,36,0,0,0
S01010446,Whole house or bungalow: Semi-detached,89,86,3,0,3
S01010446,Whole house or bungalow: Terraced (including end-terrace),188,187,1,0,1
S01010446,Flat maisonette or apartment or mobile/temporary accommodation,20,20,0,0,0
S01010447,All household spaces,525,521,4,0,4
S01010447,Whole house or bungalow: Total,193,191,2,0,2
S01010447,Whole house or bungalow: Detached,20,20,0,0,0
S01010447,Whole house or bungalow: Semi-detached,125,123,2,0,2
S01010447,Whole house or bungalow: Terraced (including end-terrace),48,48,0,0,0
S01010447,Flat maisonette or apartment or mobile/temporary accommodation,332,330,2,0,2
S01010448,All household spaces,363,360,3,1,2
S01010448,Whole house or bungalow: Total,203,201,2,0,2
S01010448,Whole house or bungalow: Detached,39,39,0,0,0
S01010448,Whole house or bungalow: Semi-detached,91,91,0,0,0
S01010448,Whole house or bungalow: Terraced (including end-terrace),73,71,2,0,2
S01010448,Flat maisonette or apartment or mobile/temporary accommodation,160,159,1,1,0
S01010449,All household spaces,374,370,4,0,4
S01010449,Whole house or bungalow: Total,59,59,0,0,0
S01010449,Whole house or bungalow: Detached,4,4,0,0,0
S01010449,Whole house or bungalow: Semi-detached,37,37,0,0,0
S01010449,Whole house or bungalow: Terraced (including end-terrace),18,18,0,0,0
S01010449,Flat maisonette or apartment or mobile/temporary accommodation,315,311,4,0,4
S01010450,All household spaces,416,407,9,0,9
S01010450,Whole house or bungalow: Total,147,143,4,0,4
S01010450,Whole house or bungalow: Detached,4,4,0,0,0
S01010450,Whole house or bungalow: Semi-detached,93,90,3,0,3
S01010450,Whole house or bungalow: Terraced (including end-terrace),50,49,1,0,1
S01010450,Flat maisonette or apartment or mobile/temporary accommodation,269,264,5,0,5
S01010451,All household spaces,446,438,8,0,8
S01010451,Whole house or bungalow: Total,146,143,3,0,3
S01010451,Whole house or bungalow: Detached,4,4,0,0,0
S01010451,Whole house or bungalow: Semi-detached,62,61,1,0,1
S01010451,Whole house or bungalow: Terraced (including end-terrace),80,78,2,0,2
S01010451,Flat maisonette or apartment or mobile/temporary accommodation,300,295,5,0,5
S01010452,All household spaces,417,408,9,0,9
S01010452,Whole house or bungalow: Total,157,155,2,0,2
S01010452,Whole house or bungalow: Detached,2,2,0,0,0
S01010452,Whole house or bungalow: Semi-detached,123,122,1,0,1
S01010452,Whole house or bungalow: Terraced (including end-terrace),32,31,1,0,1
S01010452,Flat maisonette or apartment or mobile/temporary accommodation,260,253,7,0,7
S01010453,All household spaces,373,372,1,0,1
S01010453,Whole house or bungalow: Total,68,67,1,0,1
S01010453,Whole house or bungalow: Detached,4,4,0,0,0
S01010453,Whole house or bungalow: Semi-detached,38,38,0,0,0
S01010453,Whole house or bungalow: Terraced (including end-terrace),26,25,1,0,1
S01010453,Flat maisonette or apartment or mobile/temporary accommodation,305,305,0,0,0
S01010454,All household spaces,392,383,9,0,9
S01010454,Whole house or bungalow: Total,171,168,3,0,3
S01010454,Whole house or bungalow: Detached,4,4,0,0,0
S01010454,Whole house or bungalow: Semi-detached,94,91,3,0,3
S01010454,Whole house or bungalow: Terraced (including end-terrace),73,73,0,0,0
S01010454,Flat maisonette or apartment or mobile/temporary accommodation,221,215,6,0,6
S01010455,All household spaces,613,604,9,0,9
S01010455,Whole house or bungalow: Total,51,49,2,0,2
S01010455,Whole house or bungalow: Detached,1,1,0,0,0
S01010455,Whole house or bungalow: Semi-detached,9,9,0,0,0
S01010455,Whole house or bungalow: Terraced (including end-terrace),41,39,2,0,2
S01010455,Flat maisonette or apartment or mobile/temporary accommodation,562,555,7,0,7
S01010456,All household spaces,321,313,8,0,8
S01010456,Whole house or bungalow: Total,121,118,3,0,3
S01010456,Whole house or bungalow: Detached,2,2,0,0,0
S01010456,Whole house or bungalow: Semi-detached,96,93,3,0,3
S01010456,Whole house or bungalow: Terraced (including end-terrace),23,23,0,0,0
S01010456,Flat maisonette or apartment or mobile/temporary accommodation,200,195,5,0,5
S01010457,All household spaces,343,340,3,0,3
S01010457,Whole house or bungalow: Total,131,129,2,0,2
S01010457,Whole house or bungalow: Detached,4,4,0,0,0
S01010457,Whole house or bungalow: Semi-detached,75,74,1,0,1
S01010457,Whole house or bungalow: Terraced (including end-terrace),52,51,1,0,1
S01010457,Flat maisonette or apartment or mobile/temporary accommodation,212,211,1,0,1
S01010458,All household spaces,414,411,3,0,3
S01010458,Whole house or bungalow: Total,119,117,2,0,2
S01010458,Whole house or bungalow: Detached,3,3,0,0,0
S01010458,Whole house or bungalow: Semi-detached,103,101,2,0,2
S01010458,Whole house or bungalow: Terraced (including end-terrace),13,13,0,0,0
S01010458,Flat maisonette or apartment or mobile/temporary accommodation,295,294,1,0,1
S01010459,All household spaces,259,258,1,0,1
S01010459,Whole house or bungalow: Total,128,127,1,0,1
S01010459,Whole house or bungalow: Detached,0,0,0,0,0
S01010459,Whole house or bungalow: Semi-detached,56,55,1,0,1
S01010459,Whole house or bungalow: Terraced (including end-terrace),72,72,0,0,0
S01010459,Flat maisonette or apartment or mobile/temporary accommodation,131,131,0,0,0
S01010460,All household spaces,348,346,2,1,1
S01010460,Whole house or bungalow: Total,121,121,0,0,0
S01010460,Whole house or bungalow: Detached,88,88,0,0,0
S01010460,Whole house or bungalow: Semi-detached,28,28,0,0,0
S01010460,Whole house or bungalow: Terraced (including end-terrace),5,5,0,0,0
S01010460,Flat maisonette or apartment or mobile/temporary accommodation,227,225,2,1,1
S01010461,All household spaces,389,386,3,0,3
S01010461,Whole house or bungalow: Total,137,136,1,0,1
S01010461,Whole house or bungalow: Detached,4,4,0,0,0
S01010461,Whole house or bungalow: Semi-detached,104,103,1,0,1
S01010461,Whole house or bungalow: Terraced (including end-terrace),29,29,0,0,0
S01010461,Flat maisonette or apartment or mobile/temporary accommodation,252,250,2,0,2
S01010462,All household spaces,461,437,24,0,24
S01010462,Whole house or bungalow: Total,14,14,0,0,0
S01010462,Whole house or bungalow: Detached,2,2,0,0,0
S01010462,Whole house or bungalow: Semi-detached,9,9,0,0,0
S01010462,Whole house or bungalow: Terraced (including end-terrace),3,3,0,0,0
S01010462,Flat maisonette or apartment or mobile/temporary accommodation,447,423,24,0,24
S01010463,All household spaces,381,376,5,1,4
S01010463,Whole house or bungalow: Total,241,238,3,1,2
S01010463,Whole house or bungalow: Detached,3,3,0,0,0
S01010463,Whole house or bungalow: Semi-detached,194,191,3,1,2
S01010463,Whole house or bungalow: Terraced (including end-terrace),44,44,0,0,0
S01010463,Flat maisonette or apartment or mobile/temporary accommodation,140,138,2,0,2
S01010464,All household spaces,249,248,1,0,1
S01010464,Whole house or bungalow: Total,124,124,0,0,0
S01010464,Whole house or bungalow: Detached,2,2,0,0,0
S01010464,Whole house or bungalow: Semi-detached,80,80,0,0,0
S01010464,Whole house or bungalow: Terraced (including end-terrace),42,42,0,0,0
S01010464,Flat maisonette or apartment or mobile/temporary accommodation,125,124,1,0,1
S01010465,All household spaces,460,451,9,0,9
S01010465,Whole house or bungalow: Total,311,306,5,0,5
S01010465,Whole house or bungalow: Detached,33,33,0,0,0
S01010465,Whole house or bungalow: Semi-detached,90,87,3,0,3
S01010465,Whole house or bungalow: Terraced (including end-terrace),188,186,2,0,2
S01010465,Flat maisonette or apartment or mobile/temporary accommodation,149,145,4,0,4
S01010466,All household spaces,472,458,14,1,13
S01010466,Whole house or bungalow: Total,217,210,7,0,7
S01010466,Whole house or bungalow: Detached,13,12,1,0,1
S01010466,Whole house or bungalow: Semi-detached,67,64,3,0,3
S01010466,Whole house or bungalow: Terraced (including end-terrace),137,134,3,0,3
S01010466,Flat maisonette or apartment or mobile/temporary accommodation,255,248,7,1,6
S01010467,All household spaces,492,476,16,2,14
S01010467,Whole house or bungalow: Total,75,72,3,1,2
S01010467,Whole house or bungalow: Detached,19,18,1,1,0
S01010467,Whole house or bungalow: Semi-detached,45,43,2,0,2
S01010467,Whole house or bungalow: Terraced (including end-terrace),11,11,0,0,0
S01010467,Flat maisonette or apartment or mobile/temporary accommodation,417,404,13,1,12
S01010468,All household spaces,424,417,7,4,3
S01010468,Whole house or bungalow: Total,131,130,1,1,0
S01010468,Whole house or bungalow: Detached,115,114,1,1,0
S01010468,Whole house or bungalow: Semi-detached,14,14,0,0,0
S01010468,Whole house or bungalow: Terraced (including end-terrace),2,2,0,0,0
S01010468,Flat maisonette or apartment or mobile/temporary accommodation,293,287,6,3,3
S01010469,All household spaces,415,405,10,0,10
S01010469,Whole house or bungalow: Total,17,16,1,0,1
S01010469,Whole house or bungalow: Detached,1,1,0,0,0
S01010469,Whole house or bungalow: Semi-detached,4,4,0,0,0
S01010469,Whole house or bungalow: Terraced (including end-terrace),12,11,1,0,1
S01010469,Flat maisonette or apartment or mobile/temporary accommodation,398,389,9,0,9
S01010470,All household spaces,372,364,8,1,7
S01010470,Whole house or bungalow: Total,209,204,5,0,5
S01010470,Whole house or bungalow: Detached,4,2,2,0,2
S01010470,Whole house or bungalow: Semi-detached,137,134,3,0,3
S01010470,Whole house or bungalow: Terraced (including end-terrace),68,68,0,0,0
S01010470,Flat maisonette or apartment or mobile/temporary accommodation,163,160,3,1,2
S01010471,All household spaces,321,316,5,1,4
S01010471,Whole house or bungalow: Total,137,134,3,0,3
S01010471,Whole house or bungalow: Detached,4,4,0,0,0
S01010471,Whole house or bungalow: Semi-detached,94,91,3,0,3
S01010471,Whole house or bungalow: Terraced (including end-terrace),39,39,0,0,0
S01010471,Flat maisonette or apartment or mobile/temporary accommodation,184,182,2,1,1
S01010472,All household spaces,301,290,11,0,11
S01010472,Whole house or bungalow: Total,76,66,10,0,10
S01010472,Whole house or bungalow: Detached,2,2,0,0,0
S01010472,Whole house or bungalow: Semi-detached,5,5,0,0,0
S01010472,Whole house or bungalow: Terraced (including end-terrace),69,59,10,0,10
S01010472,Flat maisonette or apartment or mobile/temporary accommodation,225,224,1,0,1
S01010473,All household spaces,440,435,5,0,5
S01010473,Whole house or bungalow: Total,127,127,0,0,0
S01010473,Whole house or bungalow: Detached,6,6,0,0,0
S01010473,Whole house or bungalow: Semi-detached,20,20,0,0,0
S01010473,Whole house or bungalow: Terraced (including end-terrace),101,101,0,0,0
S01010473,Flat maisonette or apartment or mobile/temporary accommodation,313,308,5,0,5
S01010474,All household spaces,440,431,9,0,9
S01010474,Whole house or bungalow: Total,17,17,0,0,0
S01010474,Whole house or bungalow: Detached,3,3,0,0,0
S01010474,Whole house or bungalow: Semi-detached,8,8,0,0,0
S01010474,Whole house or bungalow: Terraced (including end-terrace),6,6,0,0,0
S01010474,Flat maisonette or apartment or mobile/temporary accommodation,423,414,9,0,9
S01010475,All household spaces,391,384,7,2,5
S01010475,Whole house or bungalow: Total,82,75,7,2,5
S01010475,Whole house or bungalow: Detached,0,0,0,0,0
S01010475,Whole house or bungalow: Semi-detached,25,25,0,0,0
S01010475,Whole house or bungalow: Terraced (including end-terrace),57,50,7,2,5
S01010475,Flat maisonette or apartment or mobile/temporary accommodation,309,309,0,0,0
S01010476,All household spaces,538,523,15,1,14
S01010476,Whole house or bungalow: Total,144,137,7,0,7
S01010476,Whole house or bungalow: Detached,3,3,0,0,0
S01010476,Whole house or bungalow: Semi-detached,26,24,2,0,2
S01010476,Whole house or bungalow: Terraced (including end-terrace),115,110,5,0,5
S01010476,Flat maisonette or apartment or mobile/temporary accommodation,394,386,8,1,7
S01010477,All household spaces,358,354,4,0,4
S01010477,Whole house or bungalow: Total,152,150,2,0,2
S01010477,Whole house or bungalow: Detached,2,2,0,0,0
S01010477,Whole house or bungalow: Semi-detached,96,96,0,0,0
S01010477,Whole house or bungalow: Terraced (including end-terrace),54,52,2,0,2
S01010477,Flat maisonette or apartment or mobile/temporary accommodation,206,204,2,0,2
S01010478,All household spaces,646,628,18,1,17
S01010478,Whole house or bungalow: Total,132,129,3,0,3
S01010478,Whole house or bungalow: Detached,1,1,0,0,0
S01010478,Whole house or bungalow: Semi-detached,101,99,2,0,2
S01010478,Whole house or bungalow: Terraced (including end-terrace),30,29,1,0,1
S01010478,Flat maisonette or apartment or mobile/temporary accommodation,514,499,15,1,14
S01010479,All household spaces,533,512,21,0,21
S01010479,Whole house or bungalow: Total,130,126,4,0,4
S01010479,Whole house or bungalow: Detached,3,3,0,0,0
S01010479,Whole house or bungalow: Semi-detached,90,88,2,0,2
S01010479,Whole house or bungalow: Terraced (including end-terrace),37,35,2,0,2
S01010479,Flat maisonette or apartment or mobile/temporary accommodation,403,386,17,0,17
S01010480,All household spaces,289,285,4,0,4
S01010480,Whole house or bungalow: Total,185,181,4,0,4
S01010480,Whole house or bungalow: Detached,1,1,0,0,0
S01010480,Whole house or bungalow: Semi-detached,124,122,2,0,2
S01010480,Whole house or bungalow: Terraced (including end-terrace),60,58,2,0,2
S01010480,Flat maisonette or apartment or mobile/temporary accommodation,104,104,0,0,0
S01010481,All household spaces,274,267,7,0,7
S01010481,Whole house or bungalow: Total,46,46,0,0,0
S01010481,Whole house or bungalow: Detached,3,3,0,0,0
S01010481,Whole house or bungalow: Semi-detached,25,25,0,0,0
S01010481,Whole house or bungalow: Terraced (including end-terrace),18,18,0,0,0
S01010481,Flat maisonette or apartment or mobile/temporary accommodation,228,221,7,0,7
S01010482,All household spaces,357,354,3,0,3
S01010482,Whole house or bungalow: Total,269,267,2,0,2
S01010482,Whole house or bungalow: Detached,1,1,0,0,0
S01010482,Whole house or bungalow: Semi-detached,162,160,2,0,2
S01010482,Whole house or bungalow: Terraced (including end-terrace),106,106,0,0,0
S01010482,Flat maisonette or apartment or mobile/temporary accommodation,88,87,1,0,1
S01010483,All household spaces,547,526,21,1,20
S01010483,Whole house or bungalow: Total,248,240,8,1,7
S01010483,Whole house or bungalow: Detached,1,1,0,0,0
S01010483,Whole house or bungalow: Semi-detached,117,112,5,1,4
S01010483,Whole house or bungalow: Terraced (including end-terrace),130,127,3,0,3
S01010483,Flat maisonette or apartment or mobile/temporary accommodation,299,286,13,0,13
S01010484,All household spaces,249,246,3,0,3
S01010484,Whole house or bungalow: Total,143,142,1,0,1
S01010484,Whole house or bungalow: Detached,3,3,0,0,0
S01010484,Whole house or bungalow: Semi-detached,86,86,0,0,0
S01010484,Whole house or bungalow: Terraced (including end-terrace),54,53,1,0,1
S01010484,Flat maisonette or apartment or mobile/temporary accommodation,106,104,2,0,2
S01010485,All household spaces,405,396,9,1,8
S01010485,Whole house or bungalow: Total,355,347,8,1,7
S01010485,Whole house or bungalow: Detached,63,60,3,0,3
S01010485,Whole house or bungalow: Semi-detached,88,87,1,0,1
S01010485,Whole house or bungalow: Terraced (including end-terrace),204,200,4,1,3
S01010485,Flat maisonette or apartment or mobile/temporary accommodation,50,49,1,0,1
S01010486,All household spaces,372,371,1,0,1
S01010486,Whole house or bungalow: Total,349,348,1,0,1
S01010486,Whole house or bungalow: Detached,102,101,1,0,1
S01010486,Whole house or bungalow: Semi-detached,201,201,0,0,0
S01010486,Whole house or bungalow: Terraced (including end-terrace),46,46,0,0,0
S01010486,Flat maisonette or apartment or mobile/temporary accommodation,23,23,0,0,0
S01010487,All household spaces,435,432,3,0,3
S01010487,Whole house or bungalow: Total,415,412,3,0,3
S01010487,Whole house or bungalow: Detached,3,3,0,0,0
S01010487,Whole house or bungalow: Semi-detached,66,66,0,0,0
S01010487,Whole house or bungalow: Terraced (including end-terrace),346,343,3,0,3
S01010487,Flat maisonette or apartment or mobile/temporary accommodation,20,20,0,0,0
S01010488,All household spaces,348,338,10,0,10
S01010488,Whole house or bungalow: Total,36,36,0,0,0
S01010488,Whole house or bungalow: Detached,7,7,0,0,0
S01010488,Whole house or bungalow: Semi-detached,19,19,0,0,0
S01010488,Whole house or bungalow: Terraced (including end-terrace),10,10,0,0,0
S01010488,Flat maisonette or apartment or mobile/temporary accommodation,312,302,10,0,10
S01010489,All household spaces,455,450,5,1,4
S01010489,Whole house or bungalow: Total,95,93,2,1,1
S01010489,Whole house or bungalow: Detached,15,15,0,0,0
S01010489,Whole house or bungalow: Semi-detached,29,28,1,0,1
S01010489,Whole house or bungalow: Terraced (including end-terrace),51,50,1,1,0
S01010489,Flat maisonette or apartment or mobile/temporary accommodation,360,357,3,0,3
S01010490,All household spaces,312,308,4,0,4
S01010490,Whole house or bungalow: Total,55,55,0,0,0
S01010490,Whole house or bungalow: Detached,1,1,0,0,0
S01010490,Whole house or bungalow: Semi-detached,14,14,0,0,0
S01010490,Whole house or bungalow: Terraced (including end-terrace),40,40,0,0,0
S01010490,Flat maisonette or apartment or mobile/temporary accommodation,257,253,4,0,4
S01010491,All household spaces,427,417,10,0,10
S01010491,Whole house or bungalow: Total,68,67,1,0,1
S01010491,Whole house or bungalow: Detached,7,7,0,0,0
S01010491,Whole house or bungalow: Semi-detached,41,40,1,0,1
S01010491,Whole house or bungalow: Terraced (including end-terrace),20,20,0,0,0
S01010491,Flat maisonette or apartment or mobile/temporary accommodation,359,350,9,0,9
S01010492,All household spaces,257,255,2,0,2
S01010492,Whole house or bungalow: Total,146,146,0,0,0
S01010492,Whole house or bungalow: Detached,14,14,0,0,0
S01010492,Whole house or bungalow: Semi-detached,74,74,0,0,0
S01010492,Whole house or bungalow: Terraced (including end-terrace),58,58,0,0,0
S01010492,Flat maisonette or apartment or mobile/temporary accommodation,111,109,2,0,2
S01010493,All household spaces,313,308,5,0,5
S01010493,Whole house or bungalow: Total,95,95,0,0,0
S01010493,Whole house or bungalow: Detached,8,8,0,0,0
S01010493,Whole house or bungalow: Semi-detached,30,30,0,0,0
S01010493,Whole house or bungalow: Terraced (including end-terrace),57,57,0,0,0
S01010493,Flat maisonette or apartment or mobile/temporary accommodation,218,213,5,0,5
S01010494,All household spaces,255,252,3,0,3
S01010494,Whole house or bungalow: Total,116,116,0,0,0
S01010494,Whole house or bungalow: Detached,2,2,0,0,0
S01010494,Whole house or bungalow: Semi-detached,105,105,0,0,0
S01010494,Whole house or bungalow: Terraced (including end-terrace),9,9,0,0,0
S01010494,Flat maisonette or apartment or mobile/temporary accommodation,139,136,3,0,3
S01010495,All household spaces,427,418,9,0,9
S01010495,Whole house or bungalow: Total,138,135,3,0,3
S01010495,Whole house or bungalow: Detached,5,5,0,0,0
S01010495,Whole house or bungalow: Semi-detached,48,47,1,0,1
S01010495,Whole house or bungalow: Terraced (including end-terrace),85,83,2,0,2
S01010495,Flat maisonette or apartment or mobile/temporary accommodation,289,283,6,0,6
S01010496,All household spaces,393,388,5,0,5
S01010496,Whole house or bungalow: Total,119,119,0,0,0
S01010496,Whole house or bungalow: Detached,9,9,0,0,0
S01010496,Whole house or bungalow: Semi-detached,62,62,0,0,0
S01010496,Whole house or bungalow: Terraced (including end-terrace),48,48,0,0,0
S01010496,Flat maisonette or apartment or mobile/temporary accommodation,274,269,5,0,5
S01010497,All household spaces,298,285,13,5,8
S01010497,Whole house or bungalow: Total,205,194,11,5,6
S01010497,Whole house or bungalow: Detached,14,14,0,0,0
S01010497,Whole house or bungalow: Semi-detached,124,115,9,5,4
S01010497,Whole house or bungalow: Terraced (including end-terrace),67,65,2,0,2
S01010497,Flat maisonette or apartment or mobile/temporary accommodation,93,91,2,0,2
S01010498,All household spaces,361,357,4,0,4
S01010498,Whole house or bungalow: Total,157,156,1,0,1
S01010498,Whole house or bungalow: Detached,8,8,0,0,0
S01010498,Whole house or bungalow: Semi-detached,98,97,1,0,1
S01010498,Whole house or bungalow: Terraced (including end-terrace),51,51,0,0,0
S01010498,Flat maisonette or apartment or mobile/temporary accommodation,204,201,3,0,3
S01010499,All household spaces,462,451,11,0,11
S01010499,Whole house or bungalow: Total,84,81,3,0,3
S01010499,Whole house or bungalow: Detached,5,5,0,0,0
S01010499,Whole house or bungalow: Semi-detached,47,45,2,0,2
S01010499,Whole house or bungalow: Terraced (including end-terrace),32,31,1,0,1
S01010499,Flat maisonette or apartment or mobile/temporary accommodation,378,370,8,0,8
S01010500,All household spaces,402,398,4,0,4
S01010500,Whole house or bungalow: Total,217,214,3,0,3
S01010500,Whole house or bungalow: Detached,60,60,0,0,0
S01010500,Whole house or bungalow: Semi-detached,85,84,1,0,1
S01010500,Whole house or bungalow: Terraced (including end-terrace),72,70,2,0,2
S01010500,Flat maisonette or apartment or mobile/temporary accommodation,185,184,1,0,1
S01010501,All household spaces,437,430,7,0,7
S01010501,Whole house or bungalow: Total,204,199,5,0,5
S01010501,Whole house or bungalow: Detached,18,18,0,0,0
S01010501,Whole house or bungalow: Semi-detached,94,94,0,0,0
S01010501,Whole house or bungalow: Terraced (including end-terrace),92,87,5,0,5
S01010501,Flat maisonette or apartment or mobile/temporary accommodation,233,231,2,0,2
S01010502,All household spaces,331,331,0,0,0
S01010502,Whole house or bungalow: Total,221,221,0,0,0
S01010502,Whole house or bungalow: Detached,14,14,0,0,0
S01010502,Whole house or bungalow: Semi-detached,152,152,0,0,0
S01010502,Whole house or bungalow: Terraced (including end-terrace),55,55,0,0,0
S01010502,Flat maisonette or apartment or mobile/temporary accommodation,110,110,0,0,0
S01010503,All household spaces,323,321,2,0,2
S01010503,Whole house or bungalow: Total,25,25,0,0,0
S01010503,Whole house or bungalow: Detached,2,2,0,0,0
S01010503,Whole house or bungalow: Semi-detached,8,8,0,0,0
S01010503,Whole house or bungalow: Terraced (including end-terrace),15,15,0,0,0
S01010503,Flat maisonette or apartment or mobile/temporary accommodation,298,296,2,0,2
S01010504,All household spaces,399,247,152,136,16
S01010504,Whole house or bungalow: Total,382,236,146,131,15
S01010504,Whole house or bungalow: Detached,337,200,137,123,14
S01010504,Whole house or bungalow: Semi-detached,40,32,8,7,1
S01010504,Whole house or bungalow: Terraced (including end-terrace),5,4,1,1,0
S01010504,Flat maisonette or apartment or mobile/temporary accommodation,17,11,6,5,1
S01010505,All household spaces,323,244,79,74,5
S01010505,Whole house or bungalow: Total,311,236,75,70,5
S01010505,Whole house or bungalow: Detached,253,185,68,63,5
S01010505,Whole house or bungalow: Semi-detached,50,45,5,5,0
S01010505,Whole house or bungalow: Terraced (including end-terrace),8,6,2,2,0
S01010505,Flat maisonette or apartment or mobile/temporary accommodation,12,8,4,4,0
S01010506,All household spaces,483,380,103,88,15
S01010506,Whole house or bungalow: Total,461,363,98,83,15
S01010506,Whole house or bungalow: Detached,293,223,70,61,9
S01010506,Whole house or bungalow: Semi-detached,135,116,19,16,3
S01010506,Whole house or bungalow: Terraced (including end-terrace),33,24,9,6,3
S01010506,Flat maisonette or apartment or mobile/temporary accommodation,22,17,5,5,0
S01010507,All household spaces,362,345,17,10,7
S01010507,Whole house or bungalow: Total,293,279,14,8,6
S01010507,Whole house or bungalow: Detached,81,73,8,7,1
S01010507,Whole house or bungalow: Semi-detached,133,129,4,1,3
S01010507,Whole house or bungalow: Terraced (including end-terrace),79,77,2,0,2
S01010507,Flat maisonette or apartment or mobile/temporary accommodation,69,66,3,2,1
S01010508,All household spaces,608,449,159,126,33
S01010508,Whole house or bungalow: Total,579,424,155,124,31
S01010508,Whole house or bungalow: Detached,380,247,133,112,21
S01010508,Whole house or bungalow: Semi-detached,170,154,16,9,7
S01010508,Whole house or bungalow: Terraced (including end-terrace),29,23,6,3,3
S01010508,Flat maisonette or apartment or mobile/temporary accommodation,29,25,4,2,2
S01010509,All household spaces,482,393,89,73,16
S01010509,Whole house or bungalow: Total,461,378,83,68,15
S01010509,Whole house or bungalow: Detached,319,258,61,52,9
S01010509,Whole house or bungalow: Semi-detached,105,93,12,10,2
S01010509,Whole house or bungalow: Terraced (including end-terrace),37,27,10,6,4
S01010509,Flat maisonette or apartment or mobile/temporary accommodation,21,15,6,5,1
S01010510,All household spaces,368,340,28,19,9
S01010510,Whole house or bungalow: Total,339,319,20,17,3
S01010510,Whole house or bungalow: Detached,161,149,12,12,0
S01010510,Whole house or bungalow: Semi-detached,112,110,2,1,1
S01010510,Whole house or bungalow: Terraced (including end-terrace),66,60,6,4,2
S01010510,Flat maisonette or apartment or mobile/temporary accommodation,29,21,8,2,6
S01010511,All household spaces,371,369,2,1,1
S01010511,Whole house or bungalow: Total,349,347,2,1,1
S01010511,Whole house or bungalow: Detached,23,23,0,0,0
S01010511,Whole house or bungalow: Semi-detached,106,106,0,0,0
S01010511,Whole house or bungalow: Terraced (including end-terrace),220,218,2,1,1
S01010511,Flat maisonette or apartment or mobile/temporary accommodation,22,22,0,0,0
S01010512,All household spaces,291,281,10,6,4
S01010512,Whole house or bungalow: Total,262,254,8,4,4
S01010512,Whole house or bungalow: Detached,50,49,1,0,1
S01010512,Whole house or bungalow: Semi-detached,107,105,2,2,0
S01010512,Whole house or bungalow: Terraced (including end-terrace),105,100,5,2,3
S01010512,Flat maisonette or apartment or mobile/temporary accommodation,29,27,2,2,0
S01010513,All household spaces,314,300,14,5,9
S01010513,Whole house or bungalow: Total,297,286,11,3,8
S01010513,Whole house or bungalow: Detached,177,173,4,2,2
S01010513,Whole house or bungalow: Semi-detached,109,103,6,1,5
S01010513,Whole house or bungalow: Terraced (including end-terrace),11,10,1,0,1
S01010513,Flat maisonette or apartment or mobile/temporary accommodation,17,14,3,2,1
S01010514,All household spaces,290,287,3,1,2
S01010514,Whole house or bungalow: Total,281,278,3,1,2
S01010514,Whole house or bungalow: Detached,15,15,0,0,0
S01010514,Whole house or bungalow: Semi-detached,97,96,1,1,0
S01010514,Whole house or bungalow: Terraced (including end-terrace),169,167,2,0,2
S01010514,Flat maisonette or apartment or mobile/temporary accommodation,9,9,0,0,0
S01010515,All household spaces,354,350,4,2,2
S01010515,Whole house or bungalow: Total,346,344,2,0,2
S01010515,Whole house or bungalow: Detached,25,25,0,0,0
S01010515,Whole house or bungalow: Semi-detached,79,79,0,0,0
S01010515,Whole house or bungalow: Terraced (including end-terrace),242,240,2,0,2
S01010515,Flat maisonette or apartment or mobile/temporary accommodation,8,6,2,2,0
S01010516,All household spaces,302,270,32,29,3
S01010516,Whole house or bungalow: Total,202,186,16,14,2
S01010516,Whole house or bungalow: Detached,122,107,15,14,1
S01010516,Whole house or bungalow: Semi-detached,54,53,1,0,1
S01010516,Whole house or bungalow: Terraced (including end-terrace),26,26,0,0,0
S01010516,Flat maisonette or apartment or mobile/temporary accommodation,100,84,16,15,1
S01010517,All household spaces,378,362,16,12,4
S01010517,Whole house or bungalow: Total,213,200,13,11,2
S01010517,Whole house or bungalow: Detached,114,109,5,3,2
S01010517,Whole house or bungalow: Semi-detached,68,62,6,6,0
S01010517,Whole house or bungalow: Terraced (including end-terrace),31,29,2,2,0
S01010517,Flat maisonette or apartment or mobile/temporary accommodation,165,162,3,1,2
S01010518,All household spaces,304,293,11,10,1
S01010518,Whole house or bungalow: Total,122,121,1,1,0
S01010518,Whole house or bungalow: Detached,70,70,0,0,0
S01010518,Whole house or bungalow: Semi-detached,49,48,1,1,0
S01010518,Whole house or bungalow: Terraced (including end-terrace),3,3,0,0,0
S01010518,Flat maisonette or apartment or mobile/temporary accommodation,182,172,10,9,1
S01010519,All household spaces,286,282,4,3,1
S01010519,Whole house or bungalow: Total,273,269,4,3,1
S01010519,Whole house or bungalow: Detached,74,73,1,0,1
S01010519,Whole house or bungalow: Semi-detached,64,64,0,0,0
S01010519,Whole house or bungalow: Terraced (including end-terrace),135,132,3,3,0
S01010519,Flat maisonette or apartment or mobile/temporary accommodation,13,13,0,0,0
S01010520,All household spaces,416,410,6,3,3
S01010520,Whole house or bungalow: Total,361,357,4,3,1
S01010520,Whole house or bungalow: Detached,37,37,0,0,0
S01010520,Whole house or bungalow: Semi-detached,155,154,1,0,1
S01010520,Whole house or bungalow: Terraced (including end-terrace),169,166,3,3,0
S01010520,Flat maisonette or apartment or mobile/temporary accommodation,55,53,2,0,2
S01010521,All household spaces,379,339,40,34,6
S01010521,Whole house or bungalow: Total,246,226,20,16,4
S01010521,Whole house or bungalow: Detached,68,65,3,3,0
S01010521,Whole house or bungalow: Semi-detached,99,91,8,6,2
S01010521,Whole house or bungalow: Terraced (including end-terrace),79,70,9,7,2
S01010521,Flat maisonette or apartment or mobile/temporary accommodation,133,113,20,18,2
S01010522,All household spaces,325,283,42,39,3
S01010522,Whole house or bungalow: Total,133,121,12,10,2
S01010522,Whole house or bungalow: Detached,35,32,3,3,0
S01010522,Whole house or bungalow: Semi-detached,62,54,8,6,2
S01010522,Whole house or bungalow: Terraced (including end-terrace),36,35,1,1,0
S01010522,Flat maisonette or apartment or mobile/temporary accommodation,192,162,30,29,1
S01010523,All household spaces,277,258,19,17,2
S01010523,Whole house or bungalow: Total,215,206,9,7,2
S01010523,Whole house or bungalow: Detached,21,20,1,1,0
S01010523,Whole house or bungalow: Semi-detached,85,80,5,4,1
S01010523,Whole house or bungalow: Terraced (including end-terrace),109,106,3,2,1
S01010523,Flat maisonette or apartment or mobile/temporary accommodation,62,52,10,10,0
S01010524,All household spaces,269,234,35,32,3
S01010524,Whole house or bungalow: Total,252,219,33,30,3
S01010524,Whole house or bungalow: Detached,198,168,30,28,2
S01010524,Whole house or bungalow: Semi-detached,34,32,2,1,1
S01010524,Whole house or bungalow: Terraced (including end-terrace),20,19,1,1,0
S01010524,Flat maisonette or apartment or mobile/temporary accommodation,17,15,2,2,0
S01010525,All household spaces,351,259,92,86,6
S01010525,Whole house or bungalow: Total,343,255,88,82,6
S01010525,Whole house or bungalow: Detached,266,200,66,61,5
S01010525,Whole house or bungalow: Semi-detached,59,48,11,10,1
S01010525,Whole house or bungalow: Terraced (including end-terrace),18,7,11,11,0
S01010525,Flat maisonette or apartment or mobile/temporary accommodation,8,4,4,4,0
S01010526,All household spaces,409,364,45,40,5
S01010526,Whole house or bungalow: Total,361,320,41,36,5
S01010526,Whole house or bungalow: Detached,116,97,19,18,1
S01010526,Whole house or bungalow: Semi-detached,141,131,10,7,3
S01010526,Whole house or bungalow: Terraced (including end-terrace),104,92,12,11,1
S01010526,Flat maisonette or apartment or mobile/temporary accommodation,48,44,4,4,0
S01010527,All household spaces,484,455,29,17,12
S01010527,Whole house or bungalow: Total,368,350,18,11,7
S01010527,Whole house or bungalow: Detached,51,49,2,2,0
S01010527,Whole house or bungalow: Semi-detached,209,200,9,6,3
S01010527,Whole house or bungalow: Terraced (including end-terrace),108,101,7,3,4
S01010527,Flat maisonette or apartment or mobile/temporary accommodation,116,105,11,6,5
S01010528,All household spaces,321,265,56,55,1
S01010528,Whole house or bungalow: Total,296,246,50,49,1
S01010528,Whole house or bungalow: Detached,211,171,40,39,1
S01010528,Whole house or bungalow: Semi-detached,51,42,9,9,0
S01010528,Whole house or bungalow: Terraced (including end-terrace),34,33,1,1,0
S01010528,Flat maisonette or apartment or mobile/temporary accommodation,25,19,6,6,0
S01010529,All household spaces,296,283,13,8,5
S01010529,Whole house or bungalow: Total,293,280,13,8,5
S01010529,Whole house or bungalow: Detached,186,176,10,6,4
S01010529,Whole house or bungalow: Semi-detached,94,92,2,1,1
S01010529,Whole house or bungalow: Terraced (including end-terrace),13,12,1,1,0
S01010529,Flat maisonette or apartment or mobile/temporary accommodation,3,3,0,0,0
S01010530,All household spaces,372,278,94,84,10
S01010530,Whole house or bungalow: Total,363,270,93,83,10
S01010530,Whole house or bungalow: Detached,263,186,77,68,9
S01010530,Whole house or bungalow: Semi-detached,80,65,15,14,1
S01010530,Whole house or bungalow: Terraced (including end-terrace),20,19,1,1,0
S01010530,Flat maisonette or apartment or mobile/temporary accommodation,9,8,1,1,0
S01010531,All household spaces,585,496,89,88,1
S01010531,Whole house or bungalow: Total,530,448,82,81,1
S01010531,Whole house or bungalow: Detached,326,261,65,65,0
S01010531,Whole house or bungalow: Semi-detached,124,118,6,5,1
S01010531,Whole house or bungalow: Terraced (including end-terrace),80,69,11,11,0
S01010531,Flat maisonette or apartment or mobile/temporary accommodation,55,48,7,7,0
S01010532,All household spaces,332,245,87,82,5
S01010532,Whole house or bungalow: Total,324,239,85,80,5
S01010532,Whole house or bungalow: Detached,253,183,70,66,4
S01010532,Whole house or bungalow: Semi-detached,53,43,10,9,1
S01010532,Whole house or bungalow: Terraced (including end-terrace),18,13,5,5,0
S01010532,Flat maisonette or apartment or mobile/temporary accommodation,8,6,2,2,0
S01010533,All household spaces,314,272,42,22,20
S01010533,Whole house or bungalow: Total,227,199,28,17,11
S01010533,Whole house or bungalow: Detached,140,125,15,8,7
S01010533,Whole house or bungalow: Semi-detached,51,45,6,2,4
S01010533,Whole house or bungalow: Terraced (including end-terrace),36,29,7,7,0
S01010533,Flat maisonette or apartment or mobile/temporary accommodation,87,73,14,5,9
S01010534,All household spaces,398,374,24,18,6
S01010534,Whole house or bungalow: Total,348,329,19,14,5
S01010534,Whole house or bungalow: Detached,156,146,10,8,2
S01010534,Whole house or bungalow: Semi-detached,135,131,4,2,2
S01010534,Whole house or bungalow: Terraced (including end-terrace),57,52,5,4,1
S01010534,Flat maisonette or apartment or mobile/temporary accommodation,50,45,5,4,1
S01010535,All household spaces,411,305,106,102,4
S01010535,Whole house or bungalow: Total,393,289,104,101,3
S01010535,Whole house or bungalow: Detached,319,223,96,93,3
S01010535,Whole house or bungalow: Semi-detached,62,55,7,7,0
S01010535,Whole house or bungalow: Terraced (including end-terrace),12,11,1,1,0
S01010535,Flat maisonette or apartment or mobile/temporary accommodation,18,16,2,1,1
S01010536,All household spaces,419,397,22,15,7
S01010536,Whole house or bungalow: Total,351,333,18,11,7
S01010536,Whole house or bungalow: Detached,48,44,4,3,1
S01010536,Whole house or bungalow: Semi-detached,132,130,2,1,1
S01010536,Whole house or bungalow: Terraced (including end-terrace),171,159,12,7,5
S01010536,Flat maisonette or apartment or mobile/temporary accommodation,68,64,4,4,0
S01010537,All household spaces,360,330,30,24,6
S01010537,Whole house or bungalow: Total,270,250,20,16,4
S01010537,Whole house or bungalow: Detached,101,86,15,14,1
S01010537,Whole house or bungalow: Semi-detached,96,94,2,1,1
S01010537,Whole house or bungalow: Terraced (including end-terrace),73,70,3,1,2
S01010537,Flat maisonette or apartment or mobile/temporary accommodation,90,80,10,8,2
S01010538,All household spaces,418,337,81,73,8
S01010538,Whole house or bungalow: Total,319,245,74,68,6
S01010538,Whole house or bungalow: Detached,166,112,54,52,2
S01010538,Whole house or bungalow: Semi-detached,125,110,15,14,1
S01010538,Whole house or bungalow: Terraced (including end-terrace),28,23,5,2,3
S01010538,Flat maisonette or apartment or mobile/temporary accommodation,99,92,7,5,2
S01010539,All household spaces,693,496,197,171,26
S01010539,Whole house or bungalow: Total,625,434,191,168,23
S01010539,Whole house or bungalow: Detached,321,177,144,129,15
S01010539,Whole house or bungalow: Semi-detached,275,232,43,35,8
S01010539,Whole house or bungalow: Terraced (including end-terrace),29,25,4,4,0
S01010539,Flat maisonette or apartment or mobile/temporary accommodation,68,62,6,3,3
S01010540,All household spaces,407,298,109,102,7
S01010540,Whole house or bungalow: Total,389,281,108,101,7
S01010540,Whole house or bungalow: Detached,274,175,99,95,4
S01010540,Whole house or bungalow: Semi-detached,86,81,5,3,2
S01010540,Whole house or bungalow: Terraced (including end-terrace),29,25,4,3,1
S01010540,Flat maisonette or apartment or mobile/temporary accommodation,18,17,1,1,0
S01010541,All household spaces,401,362,39,37,2
S01010541,Whole house or bungalow: Total,384,346,38,36,2
S01010541,Whole house or bungalow: Detached,268,231,37,35,2
S01010541,Whole house or bungalow: Semi-detached,72,72,0,0,0
S01010541,Whole house or bungalow: Terraced (including end-terrace),44,43,1,1,0
S01010541,Flat maisonette or apartment or mobile/temporary accommodation,17,16,1,1,0
S01010542,All household spaces,543,388,155,150,5
S01010542,Whole house or bungalow: Total,535,380,155,150,5
S01010542,Whole house or bungalow: Detached,380,236,144,140,4
S01010542,Whole house or bungalow: Semi-detached,121,112,9,8,1
S01010542,Whole house or bungalow: Terraced (including end-terrace),34,32,2,2,0
S01010542,Flat maisonette or apartment or mobile/temporary accommodation,8,8,0,0,0
S01010543,All household spaces,308,255,53,50,3
S01010543,Whole house or bungalow: Total,302,249,53,50,3
S01010543,Whole house or bungalow: Detached,245,195,50,47,3
S01010543,Whole house or bungalow: Semi-detached,48,46,2,2,0
S01010543,Whole house or bungalow: Terraced (including end-terrace),9,8,1,1,0
S01010543,Flat maisonette or apartment or mobile/temporary accommodation,6,6,0,0,0
S01010544,All household spaces,384,370,14,11,3
S01010544,Whole house or bungalow: Total,381,367,14,11,3
S01010544,Whole house or bungalow: Detached,147,138,9,9,0
S01010544,Whole house or bungalow: Semi-detached,160,160,0,0,0
S01010544,Whole house or bungalow: Terraced (including end-terrace),74,69,5,2,3
S01010544,Flat maisonette or apartment or mobile/temporary accommodation,3,3,0,0,0
S01010545,All household spaces,374,344,30,14,16
S01010545,Whole house or bungalow: Total,287,271,16,6,10
S01010545,Whole house or bungalow: Detached,141,132,9,2,7
S01010545,Whole house or bungalow: Semi-detached,79,73,6,4,2
S01010545,Whole house or bungalow: Terraced (including end-terrace),67,66,1,0,1
S01010545,Flat maisonette or apartment or mobile/temporary accommodation,87,73,14,8,6
S01010546,All household spaces,414,369,45,27,18
S01010546,Whole house or bungalow: Total,290,255,35,18,17
S01010546,Whole house or bungalow: Detached,173,157,16,8,8
S01010546,Whole house or bungalow: Semi-detached,64,56,8,4,4
S01010546,Whole house or bungalow: Terraced (including end-terrace),53,42,11,6,5
S01010546,Flat maisonette or apartment or mobile/temporary accommodation,124,114,10,9,1
S01010547,All household spaces,382,313,69,67,2
S01010547,Whole house or bungalow: Total,371,305,66,64,2
S01010547,Whole house or bungalow: Detached,277,226,51,50,1
S01010547,Whole house or bungalow: Semi-detached,83,73,10,10,0
S01010547,Whole house or bungalow: Terraced (including end-terrace),11,6,5,4,1
S01010547,Flat maisonette or apartment or mobile/temporary accommodation,11,8,3,3,0
S01010548,All household spaces,308,299,9,4,5
S01010548,Whole house or bungalow: Total,270,267,3,0,3
S01010548,Whole house or bungalow: Detached,221,218,3,0,3
S01010548,Whole house or bungalow: Semi-detached,43,43,0,0,0
S01010548,Whole house or bungalow: Terraced (including end-terrace),6,6,0,0,0
S01010548,Flat maisonette or apartment or mobile/temporary accommodation,38,32,6,4,2
S01010549,All household spaces,379,366,13,8,5
S01010549,Whole house or bungalow: Total,357,347,10,6,4
S01010549,Whole house or bungalow: Detached,243,235,8,6,2
S01010549,Whole house or bungalow: Semi-detached,104,102,2,0,2
S01010549,Whole house or bungalow: Terraced (including end-terrace),10,10,0,0,0
S01010549,Flat maisonette or apartment or mobile/temporary accommodation,22,19,3,2,1
S01010550,All household spaces,240,236,4,0,4
S01010550,Whole house or bungalow: Total,226,222,4,0,4
S01010550,Whole house or bungalow: Detached,81,80,1,0,1
S01010550,Whole house or bungalow: Semi-detached,106,105,1,0,1
S01010550,Whole house or bungalow: Terraced (including end-terrace),39,37,2,0,2
S01010550,Flat maisonette or apartment or mobile/temporary accommodation,14,14,0,0,0
S01010551,All household spaces,278,267,11,3,8
S01010551,Whole house or bungalow: Total,273,264,9,1,8
S01010551,Whole house or bungalow: Detached,201,194,7,1,6
S01010551,Whole house or bungalow: Semi-detached,67,65,2,0,2
S01010551,Whole house or bungalow: Terraced (including end-terrace),5,5,0,0,0
S01010551,Flat maisonette or apartment or mobile/temporary accommodation,5,3,2,2,0
S01010552,All household spaces,350,334,16,8,8
S01010552,Whole house or bungalow: Total,337,325,12,6,6
S01010552,Whole house or bungalow: Detached,246,235,11,6,5
S01010552,Whole house or bungalow: Semi-detached,88,87,1,0,1
S01010552,Whole house or bungalow: Terraced (including end-terrace),3,3,0,0,0
S01010552,Flat maisonette or apartment or mobile/temporary accommodation,13,9,4,2,2
S01010553,All household spaces,269,261,8,8,0
S01010553,Whole house or bungalow: Total,267,259,8,8,0
S01010553,Whole house or bungalow: Detached,216,210,6,6,0
S01010553,Whole house or bungalow: Semi-detached,43,42,1,1,0
S01010553,Whole house or bungalow: Terraced (including end-terrace),8,7,1,1,0
S01010553,Flat maisonette or apartment or mobile/temporary accommodation,2,2,0,0,0
S01010554,All household spaces,418,396,22,12,10
S01010554,Whole house or bungalow: Total,320,303,17,10,7
S01010554,Whole house or bungalow: Detached,104,98,6,4,2
S01010554,Whole house or bungalow: Semi-detached,122,114,8,3,5
S01010554,Whole house or bungalow: Terraced (including end-terrace),94,91,3,3,0
S01010554,Flat maisonette or apartment or mobile/temporary accommodation,98,93,5,2,3
S01010555,All household spaces,496,450,46,3,43
S01010555,Whole house or bungalow: Total,296,282,14,3,11
S01010555,Whole house or bungalow: Detached,114,111,3,1,2
S01010555,Whole house or bungalow: Semi-detached,98,93,5,0,5
S01010555,Whole house or bungalow: Terraced (including end-terrace),84,78,6,2,4
S01010555,Flat maisonette or apartment or mobile/temporary accommodation,200,168,32,0,32
S01010556,All household spaces,414,410,4,1,3
S01010556,Whole house or bungalow: Total,335,332,3,1,2
S01010556,Whole house or bungalow: Detached,62,62,0,0,0
S01010556,Whole house or bungalow: Semi-detached,138,135,3,1,2
S01010556,Whole house or bungalow: Terraced (including end-terrace),135,135,0,0,0
S01010556,Flat maisonette or apartment or mobile/temporary accommodation,79,78,1,0,1
S01010557,All household spaces,286,278,8,0,8
S01010557,Whole house or bungalow: Total,278,270,8,0,8
S01010557,Whole house or bungalow: Detached,114,113,1,0,1
S01010557,Whole house or bungalow: Semi-detached,93,90,3,0,3
S01010557,Whole house or bungalow: Terraced (including end-terrace),71,67,4,0,4
S01010557,Flat maisonette or apartment or mobile/temporary accommodation,8,8,0,0,0
S01010558,All household spaces,404,385,19,0,19
S01010558,Whole house or bungalow: Total,312,303,9,0,9
S01010558,Whole house or bungalow: Detached,156,154,2,0,2
S01010558,Whole house or bungalow: Semi-detached,117,113,4,0,4
S01010558,Whole house or bungalow: Terraced (including end-terrace),39,36,3,0,3
S01010558,Flat maisonette or apartment or mobile/temporary accommodation,92,82,10,0,10
S01010559,All household spaces,379,351,28,18,10
S01010559,Whole house or bungalow: Total,290,279,11,4,7
S01010559,Whole house or bungalow: Detached,169,163,6,2,4
S01010559,Whole house or bungalow: Semi-detached,89,85,4,2,2
S01010559,Whole house or bungalow: Terraced (including end-terrace),32,31,1,0,1
S01010559,Flat maisonette or apartment or mobile/temporary accommodation,89,72,17,14,3
S01010560,All household spaces,295,291,4,2,2
S01010560,Whole house or bungalow: Total,268,265,3,2,1
S01010560,Whole house or bungalow: Detached,159,157,2,1,1
S01010560,Whole house or bungalow: Semi-detached,95,94,1,1,0
S01010560,Whole house or bungalow: Terraced (including end-terrace),14,14,0,0,0
S01010560,Flat maisonette or apartment or mobile/temporary accommodation,27,26,1,0,1
S01010561,All household spaces,307,301,6,2,4
S01010561,Whole house or bungalow: Total,282,276,6,2,4
S01010561,Whole house or bungalow: Detached,220,216,4,1,3
S01010561,Whole house or bungalow: Semi-detached,52,50,2,1,1
S01010561,Whole house or bungalow: Terraced (including end-terrace),10,10,0,0,0
S01010561,Flat maisonette or apartment or mobile/temporary accommodation,25,25,0,0,0
S01010562,All household spaces,319,314,5,0,5
S01010562,Whole house or bungalow: Total,311,306,5,0,5
S01010562,Whole house or bungalow: Detached,142,138,4,0,4
S01010562,Whole house or bungalow: Semi-detached,169,168,1,0,1
S01010562,Whole house or bungalow: Terraced (including end-terrace),0,0,0,0,0
S01010562,Flat maisonette or apartment or mobile/temporary accommodation,8,8,0,0,0
S01010563,All household spaces,215,211,4,1,3
S01010563,Whole house or bungalow: Total,209,205,4,1,3
S01010563,Whole house or bungalow: Detached,28,28,0,0,0
S01010563,Whole house or bungalow: Semi-detached,122,118,4,1,3
S01010563,Whole house or bungalow: Terraced (including end-terrace),59,59,0,0,0
S01010563,Flat maisonette or apartment or mobile/temporary accommodation,6,6,0,0,0
S01010564,All household spaces,271,269,2,0,2
S01010564,Whole house or bungalow: Total,205,204,1,0,1
S01010564,Whole house or bungalow: Detached,32,31,1,0,1
S01010564,Whole house or bungalow: Semi-detached,152,152,0,0,0
S01010564,Whole house or bungalow: Terraced (including end-terrace),21,21,0,0,0
S01010564,Flat maisonette or apartment or mobile/temporary accommodation,66,65,1,0,1
S01010565,All household spaces,285,276,9,0,9
S01010565,Whole house or bungalow: Total,276,267,9,0,9
S01010565,Whole house or bungalow: Detached,94,89,5,0,5
S01010565,Whole house or bungalow: Semi-detached,153,149,4,0,4
S01010565,Whole house or bungalow: Terraced (including end-terrace),29,29,0,0,0
S01010565,Flat maisonette or apartment or mobile/temporary accommodation,9,9,0,0,0
S01010566,All household spaces,494,453,41,29,12
S01010566,Whole house or bungalow: Total,485,445,40,28,12
S01010566,Whole house or bungalow: Detached,378,344,34,25,9
S01010566,Whole house or bungalow: Semi-detached,87,84,3,1,2
S01010566,Whole house or bungalow: Terraced (including end-terrace),20,17,3,2,1
S01010566,Flat maisonette or apartment or mobile/temporary accommodation,9,8,1,1,0
S01010567,All household spaces,400,379,21,3,18
S01010567,Whole house or bungalow: Total,386,368,18,1,17
S01010567,Whole house or bungalow: Detached,332,320,12,1,11
S01010567,Whole house or bungalow: Semi-detached,46,40,6,0,6
S01010567,Whole house or bungalow: Terraced (including end-terrace),8,8,0,0,0
S01010567,Flat maisonette or apartment or mobile/temporary accommodation,14,11,3,2,1
S01010568,All household spaces,404,391,13,4,9
S01010568,Whole house or bungalow: Total,400,387,13,4,9
S01010568,Whole house or bungalow: Detached,240,230,10,3,7
S01010568,Whole house or bungalow: Semi-detached,102,100,2,1,1
S01010568,Whole house or bungalow: Terraced (including end-terrace),58,57,1,0,1
S01010568,Flat maisonette or apartment or mobile/temporary accommodation,4,4,0,0,0
S01010569,All household spaces,318,295,23,9,14
S01010569,Whole house or bungalow: Total,300,277,23,9,14
S01010569,Whole house or bungalow: Detached,244,229,15,5,10
S01010569,Whole house or bungalow: Semi-detached,41,39,2,0,2
S01010569,Whole house or bungalow: Terraced (including end-terrace),15,9,6,4,2
S01010569,Flat maisonette or apartment or mobile/temporary accommodation,18,18,0,0,0
S01010570,All household spaces,480,467,13,7,6
S01010570,Whole house or bungalow: Total,455,443,12,6,6
S01010570,Whole house or bungalow: Detached,141,136,5,1,4
S01010570,Whole house or bungalow: Semi-detached,130,130,0,0,0
S01010570,Whole house or bungalow: Terraced (including end-terrace),184,177,7,5,2
S01010570,Flat maisonette or apartment or mobile/temporary accommodation,25,24,1,1,0
S01010571,All household spaces,401,398,3,1,2
S01010571,Whole house or bungalow: Total,266,264,2,0,2
S01010571,Whole house or bungalow: Detached,55,55,0,0,0
S01010571,Whole house or bungalow: Semi-detached,188,186,2,0,2
S01010571,Whole house or bungalow: Terraced (including end-terrace),23,23,0,0,0
S01010571,Flat maisonette or apartment or mobile/temporary accommodation,135,134,1,1,0
S01010572,All household spaces,337,336,1,0,1
S01010572,Whole house or bungalow: Total,252,251,1,0,1
S01010572,Whole house or bungalow: Detached,14,14,0,0,0
S01010572,Whole house or bungalow: Semi-detached,84,84,0,0,0
S01010572,Whole house or bungalow: Terraced (including end-terrace),154,153,1,0,1
S01010572,Flat maisonette or apartment or mobile/temporary accommodation,85,85,0,0,0
S01010573,All household spaces,224,222,2,0,2
S01010573,Whole house or bungalow: Total,210,208,2,0,2
S01010573,Whole house or bungalow: Detached,10,10,0,0,0
S01010573,Whole house or bungalow: Semi-detached,32,32,0,0,0
S01010573,Whole house or bungalow: Terraced (including end-terrace),168,166,2,0,2
S01010573,Flat maisonette or apartment or mobile/temporary accommodation,14,14,0,0,0
S01010574,All household spaces,237,236,1,1,0
S01010574,Whole house or bungalow: Total,234,233,1,1,0
S01010574,Whole house or bungalow: Detached,201,200,1,1,0
S01010574,Whole house or bungalow: Semi-detached,30,30,0,0,0
S01010574,Whole house or bungalow: Terraced (including end-terrace),3,3,0,0,0
S01010574,Flat maisonette or apartment or mobile/temporary accommodation,3,3,0,0,0
S01010575,All household spaces,289,284,5,2,3
S01010575,Whole house or bungalow: Total,286,281,5,2,3
S01010575,Whole house or bungalow: Detached,237,233,4,2,2
S01010575,Whole house or bungalow: Semi-detached,38,37,1,0,1
S01010575,Whole house or bungalow: Terraced (including end-terrace),11,11,0,0,0
S01010575,Flat maisonette or apartment or mobile/temporary accommodation,3,3,0,0,0
S01010576,All household spaces,329,326,3,0,3
S01010576,Whole house or bungalow: Total,328,325,3,0,3
S01010576,Whole house or bungalow: Detached,269,266,3,0,3
S01010576,Whole house or bungalow: Semi-detached,50,50,0,0,0
S01010576,Whole house or bungalow: Terraced (including end-terrace),9,9,0,0,0
S01010576,Flat maisonette or apartment or mobile/temporary accommodation,1,1,0,0,0
S01010577,All household spaces,360,354,6,0,6
S01010577,Whole house or bungalow: Total,336,330,6,0,6
S01010577,Whole house or bungalow: Detached,26,26,0,0,0
S01010577,Whole house or bungalow: Semi-detached,109,108,1,0,1
S01010577,Whole house or bungalow: Terraced (including end-terrace),201,196,5,0,5
S01010577,Flat maisonette or apartment or mobile/temporary accommodation,24,24,0,0,0
S01010578,All household spaces,204,203,1,0,1
S01010578,Whole house or bungalow: Total,201,200,1,0,1
S01010578,Whole house or bungalow: Detached,30,30,0,0,0
S01010578,Whole house or bungalow: Semi-detached,161,160,1,0,1
S01010578,Whole house or bungalow: Terraced (including end-terrace),10,10,0,0,0
S01010578,Flat maisonette or apartment or mobile/temporary accommodation,3,3,0,0,0
S01010579,All household spaces,332,325,7,1,6
S01010579,Whole house or bungalow: Total,324,317,7,1,6
S01010579,Whole house or bungalow: Detached,158,156,2,1,1
S01010579,Whole house or bungalow: Semi-detached,154,149,5,0,5
S01010579,Whole house or bungalow: Terraced (including end-terrace),12,12,0,0,0
S01010579,Flat maisonette or apartment or mobile/temporary accommodation,8,8,0,0,0
S01010580,All household spaces,328,305,23,6,17
S01010580,Whole house or bungalow: Total,133,129,4,3,1
S01010580,Whole house or bungalow: Detached,46,45,1,1,0
S01010580,Whole house or bungalow: Semi-detached,49,48,1,0,1
S01010580,Whole house or bungalow: Terraced (including end-terrace),38,36,2,2,0
S01010580,Flat maisonette or apartment or mobile/temporary accommodation,195,176,19,3,16
S01010581,All household spaces,253,243,10,0,10
S01010581,Whole house or bungalow: Total,175,171,4,0,4
S01010581,Whole house or bungalow: Detached,64,62,2,0,2
S01010581,Whole house or bungalow: Semi-detached,56,55,1,0,1
S01010581,Whole house or bungalow: Terraced (including end-terrace),55,54,1,0,1
S01010581,Flat maisonette or apartment or mobile/temporary accommodation,78,72,6,0,6
S01010582,All household spaces,191,185,6,2,4
S01010582,Whole house or bungalow: Total,162,156,6,2,4
S01010582,Whole house or bungalow: Detached,110,108,2,1,1
S01010582,Whole house or bungalow: Semi-detached,37,35,2,0,2
S01010582,Whole house or bungalow: Terraced (including end-terrace),15,13,2,1,1
S01010582,Flat maisonette or apartment or mobile/temporary accommodation,29,29,0,0,0
S01010583,All household spaces,449,440,9,1,8
S01010583,Whole house or bungalow: Total,383,375,8,1,7
S01010583,Whole house or bungalow: Detached,217,211,6,1,5
S01010583,Whole house or bungalow: Semi-detached,161,159,2,0,2
S01010583,Whole house or bungalow: Terraced (including end-terrace),5,5,0,0,0
S01010583,Flat maisonette or apartment or mobile/temporary accommodation,66,65,1,0,1
S01010584,All household spaces,316,312,4,1,3
S01010584,Whole house or bungalow: Total,284,281,3,1,2
S01010584,Whole house or bungalow: Detached,186,185,1,1,0
S01010584,Whole house or bungalow: Semi-detached,70,68,2,0,2
S01010584,Whole house or bungalow: Terraced (including end-terrace),28,28,0,0,0
S01010584,Flat maisonette or apartment or mobile/temporary accommodation,32,31,1,0,1
S01010585,All household spaces,308,304,4,0,4
S01010585,Whole house or bungalow: Total,266,262,4,0,4
S01010585,Whole house or bungalow: Detached,183,180,3,0,3
S01010585,Whole house or bungalow: Semi-detached,64,63,1,0,1
S01010585,Whole house or bungalow: Terraced (including end-terrace),19,19,0,0,0
S01010585,Flat maisonette or apartment or mobile/temporary accommodation,42,42,0,0,0
S01010586,All household spaces,311,305,6,3,3
S01010586,Whole house or bungalow: Total,302,296,6,3,3
S01010586,Whole house or bungalow: Detached,259,255,4,1,3
S01010586,Whole house or bungalow: Semi-detached,41,39,2,2,0
S01010586,Whole house or bungalow: Terraced (including end-terrace),2,2,0,0,0
S01010586,Flat maisonette or apartment or mobile/temporary accommodation,9,9,0,0,0
S01010587,All household spaces,299,293,6,1,5
S01010587,Whole house or bungalow: Total,270,266,4,1,3
S01010587,Whole house or bungalow: Detached,181,179,2,1,1
S01010587,Whole house or bungalow: Semi-detached,85,83,2,0,2
S01010587,Whole house or bungalow: Terraced (including end-terrace),4,4,0,0,0
S01010587,Flat maisonette or apartment or mobile/temporary accommodation,29,27,2,0,2
S01010588,All household spaces,275,268,7,1,6
S01010588,Whole house or bungalow: Total,239,232,7,1,6
S01010588,Whole house or bungalow: Detached,129,126,3,1,2
S01010588,Whole house or bungalow: Semi-detached,101,99,2,0,2
S01010588,Whole house or bungalow: Terraced (including end-terrace),9,7,2,0,2
S01010588,Flat maisonette or apartment or mobile/temporary accommodation,36,36,0,0,0
S01010589,All household spaces,302,299,3,2,1
S01010589,Whole house or bungalow: Total,205,204,1,0,1
S01010589,Whole house or bungalow: Detached,32,32,0,0,0
S01010589,Whole house or bungalow: Semi-detached,77,77,0,0,0
S01010589,Whole house or bungalow: Terraced (including end-terrace),96,95,1,0,1
S01010589,Flat maisonette or apartment or mobile/temporary accommodation,97,95,2,2,0
S01010590,All household spaces,297,293,4,1,3
S01010590,Whole house or bungalow: Total,292,288,4,1,3
S01010590,Whole house or bungalow: Detached,284,280,4,1,3
S01010590,Whole house or bungalow: Semi-detached,7,7,0,0,0
S01010590,Whole house or bungalow: Terraced (including end-terrace),1,1,0,0,0
S01010590,Flat maisonette or apartment or mobile/temporary accommodation,5,5,0,0,0
S01010591,All household spaces,312,303,9,2,7
S01010591,Whole house or bungalow: Total,230,223,7,1,6
S01010591,Whole house or bungalow: Detached,97,93,4,1,3
S01010591,Whole house or bungalow: Semi-detached,104,104,0,0,0
S01010591,Whole house or bungalow: Terraced (including end-terrace),29,26,3,0,3
S01010591,Flat maisonette or apartment or mobile/temporary accommodation,82,80,2,1,1
S01010592,All household spaces,284,273,11,1,10
S01010592,Whole house or bungalow: Total,147,146,1,0,1
S01010592,Whole house or bungalow: Detached,50,50,0,0,0
S01010592,Whole house or bungalow: Semi-detached,92,91,1,0,1
S01010592,Whole house or bungalow: Terraced (including end-terrace),5,5,0,0,0
S01010592,Flat maisonette or apartment or mobile/temporary accommodation,137,127,10,1,9
S01010593,All household spaces,266,259,7,0,7
S01010593,Whole house or bungalow: Total,258,253,5,0,5
S01010593,Whole house or bungalow: Detached,190,186,4,0,4
S01010593,Whole house or bungalow: Semi-detached,65,65,0,0,0
S01010593,Whole house or bungalow: Terraced (including end-terrace),3,2,1,0,1
S01010593,Flat maisonette or apartment or mobile/temporary accommodation,8,6,2,0,2
S01010594,All household spaces,289,281,8,1,7
S01010594,Whole house or bungalow: Total,200,194,6,0,6
S01010594,Whole house or bungalow: Detached,81,80,1,0,1
S01010594,Whole house or bungalow: Semi-detached,72,70,2,0,2
S01010594,Whole house or bungalow: Terraced (including end-terrace),47,44,3,0,3
S01010594,Flat maisonette or apartment or mobile/temporary accommodation,89,87,2,1,1
S01010595,All household spaces,317,310,7,4,3
S01010595,Whole house or bungalow: Total,256,251,5,3,2
S01010595,Whole house or bungalow: Detached,114,110,4,2,2
S01010595,Whole house or bungalow: Semi-detached,130,129,1,1,0
S01010595,Whole house or bungalow: Terraced (including end-terrace),12,12,0,0,0
S01010595,Flat maisonette or apartment or mobile/temporary accommodation,61,59,2,1,1
S01010596,All household spaces,324,310,14,8,6
S01010596,Whole house or bungalow: Total,303,290,13,7,6
S01010596,Whole house or bungalow: Detached,219,209,10,5,5
S01010596,Whole house or bungalow: Semi-detached,78,75,3,2,1
S01010596,Whole house or bungalow: Terraced (including end-terrace),6,6,0,0,0
S01010596,Flat maisonette or apartment or mobile/temporary accommodation,21,20,1,1,0
S01010597,All household spaces,304,274,30,1,29
S01010597,Whole house or bungalow: Total,239,219,20,0,20
S01010597,Whole house or bungalow: Detached,115,106,9,0,9
S01010597,Whole house or bungalow: Semi-detached,106,103,3,0,3
S01010597,Whole house or bungalow: Terraced (including end-terrace),18,10,8,0,8
S01010597,Flat maisonette or apartment or mobile/temporary accommodation,65,55,10,1,9
S01010598,All household spaces,415,404,11,4,7
S01010598,Whole house or bungalow: Total,305,300,5,2,3
S01010598,Whole house or bungalow: Detached,162,161,1,0,1
S01010598,Whole house or bungalow: Semi-detached,136,132,4,2,2
S01010598,Whole house or bungalow: Terraced (including end-terrace),7,7,0,0,0
S01010598,Flat maisonette or apartment or mobile/temporary accommodation,110,104,6,2,4
S01010599,All household spaces,253,248,5,4,1
S01010599,Whole house or bungalow: Total,207,203,4,3,1
S01010599,Whole house or bungalow: Detached,133,129,4,3,1
S01010599,Whole house or bungalow: Semi-detached,66,66,0,0,0
S01010599,Whole house or bungalow: Terraced (including end-terrace),8,8,0,0,0
S01010599,Flat maisonette or apartment or mobile/temporary accommodation,46,45,1,1,0
S01010600,All household spaces,451,427,24,2,22
S01010600,Whole house or bungalow: Total,354,336,18,1,17
S01010600,Whole house or bungalow: Detached,216,211,5,1,4
S01010600,Whole house or bungalow: Semi-detached,70,68,2,0,2
S01010600,Whole house or bungalow: Terraced (including end-terrace),68,57,11,0,11
S01010600,Flat maisonette or apartment or mobile/temporary accommodation,97,91,6,1,5
S01010601,All household spaces,307,302,5,1,4
S01010601,Whole house or bungalow: Total,276,273,3,0,3
S01010601,Whole house or bungalow: Detached,129,126,3,0,3
S01010601,Whole house or bungalow: Semi-detached,143,143,0,0,0
S01010601,Whole house or bungalow: Terraced (including end-terrace),4,4,0,0,0
S01010601,Flat maisonette or apartment or mobile/temporary accommodation,31,29,2,1,1
S01010602,All household spaces,265,260,5,1,4
S01010602,Whole house or bungalow: Total,209,206,3,1,2
S01010602,Whole house or bungalow: Detached,53,53,0,0,0
S01010602,Whole house or bungalow: Semi-detached,148,145,3,1,2
S01010602,Whole house or bungalow: Terraced (including end-terrace),8,8,0,0,0
S01010602,Flat maisonette or apartment or mobile/temporary accommodation,56,54,2,0,2
S01010603,All household spaces,376,369,7,0,7
S01010603,Whole house or bungalow: Total,318,314,4,0,4
S01010603,Whole house or bungalow: Detached,189,188,1,0,1
S01010603,Whole house or bungalow: Semi-detached,123,120,3,0,3
S01010603,Whole house or bungalow: Terraced (including end-terrace),6,6,0,0,0
S01010603,Flat maisonette or apartment or mobile/temporary accommodation,58,55,3,0,3
S01010604,All household spaces,194,193,1,0,1
S01010604,Whole house or bungalow: Total,186,185,1,0,1
S01010604,Whole house or bungalow: Detached,101,101,0,0,0
S01010604,Whole house or bungalow: Semi-detached,80,80,0,0,0
S01010604,Whole house or bungalow: Terraced (including end-terrace),5,4,1,0,1
S01010604,Flat maisonette or apartment or mobile/temporary accommodation,8,8,0,0,0
S01010605,All household spaces,394,387,7,1,6
S01010605,Whole house or bungalow: Total,382,375,7,1,6
S01010605,Whole house or bungalow: Detached,259,256,3,0,3
S01010605,Whole house or bungalow: Semi-detached,113,109,4,1,3
S01010605,Whole house or bungalow: Terraced (including end-terrace),10,10,0,0,0
S01010605,Flat maisonette or apartment or mobile/temporary accommodation,12,12,0,0,0
S01010606,All household spaces,372,371,1,0,1
S01010606,Whole house or bungalow: Total,324,324,0,0,0
S01010606,Whole house or bungalow: Detached,37,37,0,0,0
S01010606,Whole house or bungalow: Semi-detached,136,136,0,0,0
S01010606,Whole house or bungalow: Terraced (including end-terrace),151,151,0,0,0
S01010606,Flat maisonette or apartment or mobile/temporary accommodation,48,47,1,0,1
S01010607,All household spaces,353,346,7,3,4
S01010607,Whole house or bungalow: Total,323,316,7,3,4
S01010607,Whole house or bungalow: Detached,174,169,5,2,3
S01010607,Whole house or bungalow: Semi-detached,139,137,2,1,1
S01010607,Whole house or bungalow: Terraced (including end-terrace),10,10,0,0,0
S01010607,Flat maisonette or apartment or mobile/temporary accommodation,30,30,0,0,0
S01010608,All household spaces,321,306,15,0,15
S01010608,Whole house or bungalow: Total,151,146,5,0,5
S01010608,Whole house or bungalow: Detached,25,24,1,0,1
S01010608,Whole house or bungalow: Semi-detached,41,40,1,0,1
S01010608,Whole house or bungalow: Terraced (including end-terrace),85,82,3,0,3
S01010608,Flat maisonette or apartment or mobile/temporary accommodation,170,160,10,0,10
S01010609,All household spaces,253,242,11,0,11
S01010609,Whole house or bungalow: Total,204,197,7,0,7
S01010609,Whole house or bungalow: Detached,8,7,1,0,1
S01010609,Whole house or bungalow: Semi-detached,37,36,1,0,1
S01010609,Whole house or bungalow: Terraced (including end-terrace),159,154,5,0,5
S01010609,Flat maisonette or apartment or mobile/temporary accommodation,49,45,4,0,4
S01010610,All household spaces,326,318,8,4,4
S01010610,Whole house or bungalow: Total,236,233,3,1,2
S01010610,Whole house or bungalow: Detached,154,152,2,1,1
S01010610,Whole house or bungalow: Semi-detached,66,65,1,0,1
S01010610,Whole house or bungalow: Terraced (including end-terrace),16,16,0,0,0
S01010610,Flat maisonette or apartment or mobile/temporary accommodation,90,85,5,3,2
S01010611,All household spaces,504,496,8,0,8
S01010611,Whole house or bungalow: Total,367,363,4,0,4
S01010611,Whole house or bungalow: Detached,20,20,0,0,0
S01010611,Whole house or bungalow: Semi-detached,45,44,1,0,1
S01010611,Whole house or bungalow: Terraced (including end-terrace),302,299,3,0,3
S01010611,Flat maisonette or apartment or mobile/temporary accommodation,137,133,4,0,4
S01010612,All household spaces,318,316,2,0,2
S01010612,Whole house or bungalow: Total,313,311,2,0,2
S01010612,Whole house or bungalow: Detached,34,34,0,0,0
S01010612,Whole house or bungalow: Semi-detached,54,54,0,0,0
S01010612,Whole house or bungalow: Terraced (including end-terrace),225,223,2,0,2
S01010612,Flat maisonette or apartment or mobile/temporary accommodation,5,5,0,0,0
S01010613,All household spaces,349,341,8,1,7
S01010613,Whole house or bungalow: Total,295,289,6,0,6
S01010613,Whole house or bungalow: Detached,83,83,0,0,0
S01010613,Whole house or bungalow: Semi-detached,124,120,4,0,4
S01010613,Whole house or bungalow: Terraced (including end-terrace),88,86,2,0,2
S01010613,Flat maisonette or apartment or mobile/temporary accommodation,54,52,2,1,1
S01010614,All household spaces,265,264,1,0,1
S01010614,Whole house or bungalow: Total,239,238,1,0,1
S01010614,Whole house or bungalow: Detached,16,16,0,0,0
S01010614,Whole house or bungalow: Semi-detached,58,58,0,0,0
S01010614,Whole house or bungalow: Terraced (including end-terrace),165,164,1,0,1
S01010614,Flat maisonette or apartment or mobile/temporary accommodation,26,26,0,0,0
S01010615,All household spaces,393,383,10,0,10
S01010615,Whole house or bungalow: Total,260,254,6,0,6
S01010615,Whole house or bungalow: Detached,86,86,0,0,0
S01010615,Whole house or bungalow: Semi-detached,143,137,6,0,6
S01010615,Whole house or bungalow: Terraced (including end-terrace),31,31,0,0,0
S01010615,Flat maisonette or apartment or mobile/temporary accommodation,133,129,4,0,4
S01010616,All household spaces,370,359,11,2,9
S01010616,Whole house or bungalow: Total,358,347,11,2,9
S01010616,Whole house or bungalow: Detached,122,121,1,0,1
S01010616,Whole house or bungalow: Semi-detached,223,214,9,1,8
S01010616,Whole house or bungalow: Terraced (including end-terrace),13,12,1,1,0
S01010616,Flat maisonette or apartment or mobile/temporary accommodation,12,12,0,0,0
S01010617,All household spaces,362,360,2,1,1
S01010617,Whole house or bungalow: Total,360,358,2,1,1
S01010617,Whole house or bungalow: Detached,111,111,0,0,0
S01010617,Whole house or bungalow: Semi-detached,238,236,2,1,1
S01010617,Whole house or bungalow: Terraced (including end-terrace),11,11,0,0,0
S01010617,Flat maisonette or apartment or mobile/temporary accommodation,2,2,0,0,0
S01010618,All household spaces,311,307,4,0,4
S01010618,Whole house or bungalow: Total,308,304,4,0,4
S01010618,Whole house or bungalow: Detached,67,66,1,0,1
S01010618,Whole house or bungalow: Semi-detached,230,228,2,0,2
S01010618,Whole house or bungalow: Terraced (including end-terrace),11,10,1,0,1
S01010618,Flat maisonette or apartment or mobile/temporary accommodation,3,3,0,0,0
S01010619,All household spaces,341,318,23,3,20
S01010619,Whole house or bungalow: Total,82,78,4,0,4
S01010619,Whole house or bungalow: Detached,15,14,1,0,1
S01010619,Whole house or bungalow: Semi-detached,45,43,2,0,2
S01010619,Whole house or bungalow: Terraced (including end-terrace),22,21,1,0,1
S01010619,Flat maisonette or apartment or mobile/temporary accommodation,259,240,19,3,16
S01010620,All household spaces,433,369,64,44,20
S01010620,Whole house or bungalow: Total,59,53,6,4,2
S01010620,Whole house or bungalow: Detached,9,9,0,0,0
S01010620,Whole house or bungalow: Semi-detached,21,20,1,1,0
S01010620,Whole house or bungalow: Terraced (including end-terrace),29,24,5,3,2
S01010620,Flat maisonette or apartment or mobile/temporary accommodation,374,316,58,40,18
S01010621,All household spaces,440,432,8,4,4
S01010621,Whole house or bungalow: Total,248,244,4,2,2
S01010621,Whole house or bungalow: Detached,113,110,3,1,2
S01010621,Whole house or bungalow: Semi-detached,82,82,0,0,0
S01010621,Whole house or bungalow: Terraced (including end-terrace),53,52,1,1,0
S01010621,Flat maisonette or apartment or mobile/temporary accommodation,192,188,4,2,2
S01010622,All household spaces,341,333,8,1,7
S01010622,Whole house or bungalow: Total,183,177,6,0,6
S01010622,Whole house or bungalow: Detached,12,12,0,0,0
S01010622,Whole house or bungalow: Semi-detached,67,66,1,0,1
S01010622,Whole house or bungalow: Terraced (including end-terrace),104,99,5,0,5
S01010622,Flat maisonette or apartment or mobile/temporary accommodation,158,156,2,1,1
S01010623,All household spaces,309,278,31,0,31
S01010623,Whole house or bungalow: Total,296,265,31,0,31
S01010623,Whole house or bungalow: Detached,46,43,3,0,3
S01010623,Whole house or bungalow: Semi-detached,93,86,7,0,7
S01010623,Whole house or bungalow: Terraced (including end-terrace),157,136,21,0,21
S01010623,Flat maisonette or apartment or mobile/temporary accommodation,13,13,0,0,0
S01010624,All household spaces,254,244,10,1,9
S01010624,Whole house or bungalow: Total,225,215,10,1,9
S01010624,Whole house or bungalow: Detached,21,21,0,0,0
S01010624,Whole house or bungalow: Semi-detached,65,65,0,0,0
S01010624,Whole house or bungalow: Terraced (including end-terrace),139,129,10,1,9
S01010624,Flat maisonette or apartment or mobile/temporary accommodation,29,29,0,0,0
S01010625,All household spaces,342,333,9,1,8
S01010625,Whole house or bungalow: Total,309,305,4,1,3
S01010625,Whole house or bungalow: Detached,229,227,2,0,2
S01010625,Whole house or bungalow: Semi-detached,68,67,1,1,0
S01010625,Whole house or bungalow: Terraced (including end-terrace),12,11,1,0,1
S01010625,Flat maisonette or apartment or mobile/temporary accommodation,33,28,5,0,5
S01010626,All household spaces,379,368,11,5,6
S01010626,Whole house or bungalow: Total,330,322,8,4,4
S01010626,Whole house or bungalow: Detached,192,189,3,1,2
S01010626,Whole house or bungalow: Semi-detached,118,113,5,3,2
S01010626,Whole house or bungalow: Terraced (including end-terrace),20,20,0,0,0
S01010626,Flat maisonette or apartment or mobile/temporary accommodation,49,46,3,1,2
S01010627,All household spaces,426,401,25,6,19
S01010627,Whole house or bungalow: Total,247,235,12,2,10
S01010627,Whole house or bungalow: Detached,73,70,3,0,3
S01010627,Whole house or bungalow: Semi-detached,106,103,3,1,2
S01010627,Whole house or bungalow: Terraced (including end-terrace),68,62,6,1,5
S01010627,Flat maisonette or apartment or mobile/temporary accommodation,179,166,13,4,9
S01010628,All household spaces,494,472,22,2,20
S01010628,Whole house or bungalow: Total,305,292,13,2,11
S01010628,Whole house or bungalow: Detached,71,71,0,0,0
S01010628,Whole house or bungalow: Semi-detached,127,119,8,1,7
S01010628,Whole house or bungalow: Terraced (including end-terrace),107,102,5,1,4
S01010628,Flat maisonette or apartment or mobile/temporary accommodation,189,180,9,0,9
S01010629,All household spaces,466,445,21,8,13
S01010629,Whole house or bungalow: Total,273,264,9,3,6
S01010629,Whole house or bungalow: Detached,94,92,2,1,1
S01010629,Whole house or bungalow: Semi-detached,138,133,5,2,3
S01010629,Whole house or bungalow: Terraced (including end-terrace),41,39,2,0,2
S01010629,Flat maisonette or apartment or mobile/temporary accommodation,193,181,12,5,7
S01010630,All household spaces,261,252,9,9,0
S01010630,Whole house or bungalow: Total,126,126,0,0,0
S01010630,Whole house or bungalow: Detached,63,63,0,0,0
S01010630,Whole house or bungalow: Semi-detached,52,52,0,0,0
S01010630,Whole house or bungalow: Terraced (including end-terrace),11,11,0,0,0
S01010630,Flat maisonette or apartment or mobile/temporary accommodation,135,126,9,9,0
S01010631,All household spaces,335,326,9,4,5
S01010631,Whole house or bungalow: Total,80,78,2,0,2
S01010631,Whole house or bungalow: Detached,35,33,2,0,2
S01010631,Whole house or bungalow: Semi-detached,26,26,0,0,0
S01010631,Whole house or bungalow: Terraced (including end-terrace),19,19,0,0,0
S01010631,Flat maisonette or apartment or mobile/temporary accommodation,255,248,7,4,3
S01010632,All household spaces,497,486,11,3,8
S01010632,Whole house or bungalow: Total,346,336,10,3,7
S01010632,Whole house or bungalow: Detached,64,61,3,0,3
S01010632,Whole house or bungalow: Semi-detached,238,235,3,0,3
S01010632,Whole house or bungalow: Terraced (including end-terrace),44,40,4,3,1
S01010632,Flat maisonette or apartment or mobile/temporary accommodation,151,150,1,0,1
S01010633,All household spaces,480,476,4,1,3
S01010633,Whole house or bungalow: Total,397,393,4,1,3
S01010633,Whole house or bungalow: Detached,17,17,0,0,0
S01010633,Whole house or bungalow: Semi-detached,152,151,1,1,0
S01010633,Whole house or bungalow: Terraced (including end-terrace),228,225,3,0,3
S01010633,Flat maisonette or apartment or mobile/temporary accommodation,83,83,0,0,0
S01010634,All household spaces,266,264,2,0,2
S01010634,Whole house or bungalow: Total,254,252,2,0,2
S01010634,Whole house or bungalow: Detached,10,10,0,0,0
S01010634,Whole house or bungalow: Semi-detached,105,104,1,0,1
S01010634,Whole house or bungalow: Terraced (including end-terrace),139,138,1,0,1
S01010634,Flat maisonette or apartment or mobile/temporary accommodation,12,12,0,0,0
S01010635,All household spaces,361,351,10,1,9
S01010635,Whole house or bungalow: Total,289,279,10,1,9
S01010635,Whole house or bungalow: Detached,13,13,0,0,0
S01010635,Whole house or bungalow: Semi-detached,160,158,2,1,1
S01010635,Whole house or bungalow: Terraced (including end-terrace),116,108,8,0,8
S01010635,Flat maisonette or apartment or mobile/temporary accommodation,72,72,0,0,0
S01010636,All household spaces,390,386,4,0,4
S01010636,Whole house or bungalow: Total,302,299,3,0,3
S01010636,Whole house or bungalow: Detached,81,80,1,0,1
S01010636,Whole house or bungalow: Semi-detached,187,185,2,0,2
S01010636,Whole house or bungalow: Terraced (including end-terrace),34,34,0,0,0
S01010636,Flat maisonette or apartment or mobile/temporary accommodation,88,87,1,0,1
S01010637,All household spaces,378,352,26,16,10
S01010637,Whole house or bungalow: Total,122,109,13,10,3
S01010637,Whole house or bungalow: Detached,18,17,1,0,1
S01010637,Whole house or bungalow: Semi-detached,44,43,1,0,1
S01010637,Whole house or bungalow: Terraced (including end-terrace),60,49,11,10,1
S01010637,Flat maisonette or apartment or mobile/temporary accommodation,256,243,13,6,7
S01010638,All household spaces,433,417,16,1,15
S01010638,Whole house or bungalow: Total,298,290,8,0,8
S01010638,Whole house or bungalow: Detached,47,45,2,0,2
S01010638,Whole house or bungalow: Semi-detached,113,110,3,0,3
S01010638,Whole house or bungalow: Terraced (including end-terrace),138,135,3,0,3
S01010638,Flat maisonette or apartment or mobile/temporary accommodation,135,127,8,1,7
S01010639,All household spaces,573,555,18,7,11
S01010639,Whole house or bungalow: Total,273,266,7,3,4
S01010639,Whole house or bungalow: Detached,49,47,2,0,2
S01010639,Whole house or bungalow: Semi-detached,102,100,2,1,1
S01010639,Whole house or bungalow: Terraced (including end-terrace),122,119,3,2,1
S01010639,Flat maisonette or apartment or mobile/temporary accommodation,300,289,11,4,7
S01010640,All household spaces,440,411,29,15,14
S01010640,Whole house or bungalow: Total,184,174,10,6,4
S01010640,Whole house or bungalow: Detached,41,40,1,0,1
S01010640,Whole house or bungalow: Semi-detached,72,72,0,0,0
S01010640,Whole house or bungalow: Terraced (including end-terrace),71,62,9,6,3
S01010640,Flat maisonette or apartment or mobile/temporary accommodation,256,237,19,9,10
S01010641,All household spaces,561,531,30,22,8
S01010641,Whole house or bungalow: Total,182,170,12,8,4
S01010641,Whole house or bungalow: Detached,34,34,0,0,0
S01010641,Whole house or bungalow: Semi-detached,91,89,2,0,2
S01010641,Whole house or bungalow: Terraced (including end-terrace),57,47,10,8,2
S01010641,Flat maisonette or apartment or mobile/temporary accommodation,379,361,18,14,4
S01010642,All household spaces,474,451,23,1,22
S01010642,Whole house or bungalow: Total,269,264,5,0,5
S01010642,Whole house or bungalow: Detached,25,25,0,0,0
S01010642,Whole house or bungalow: Semi-detached,71,71,0,0,0
S01010642,Whole house or bungalow: Terraced (including end-terrace),173,168,5,0,5
S01010642,Flat maisonette or apartment or mobile/temporary accommodation,205,187,18,1,17
S01010643,All household spaces,301,287,14,11,3
S01010643,Whole house or bungalow: Total,208,198,10,7,3
S01010643,Whole house or bungalow: Detached,14,14,0,0,0
S01010643,Whole house or bungalow: Semi-detached,57,56,1,0,1
S01010643,Whole house or bungalow: Terraced (including end-terrace),137,128,9,7,2
S01010643,Flat maisonette or apartment or mobile/temporary accommodation,93,89,4,4,0
S01010644,All household spaces,374,346,28,16,12
S01010644,Whole house or bungalow: Total,150,138,12,8,4
S01010644,Whole house or bungalow: Detached,17,17,0,0,0
S01010644,Whole house or bungalow: Semi-detached,73,73,0,0,0
S01010644,Whole house or bungalow: Terraced (including end-terrace),60,48,12,8,4
S01010644,Flat maisonette or apartment or mobile/temporary accommodation,224,208,16,8,8
S01010645,All household spaces,291,278,13,0,13
S01010645,Whole house or bungalow: Total,193,189,4,0,4
S01010645,Whole house or bungalow: Detached,58,56,2,0,2
S01010645,Whole house or bungalow: Semi-detached,127,125,2,0,2
S01010645,Whole house or bungalow: Terraced (including end-terrace),8,8,0,0,0
S01010645,Flat maisonette or apartment or mobile/temporary accommodation,98,89,9,0,9
S01010646,All household spaces,294,287,7,1,6
S01010646,Whole house or bungalow: Total,267,261,6,1,5
S01010646,Whole house or bungalow: Detached,148,145,3,1,2
S01010646,Whole house or bungalow: Semi-detached,111,108,3,0,3
S01010646,Whole house or bungalow: Terraced (including end-terrace),8,8,0,0,0
S01010646,Flat maisonette or apartment or mobile/temporary accommodation,27,26,1,0,1
S01010647,All household spaces,308,306,2,0,2
S01010647,Whole house or bungalow: Total,252,251,1,0,1
S01010647,Whole house or bungalow: Detached,51,51,0,0,0
S01010647,Whole house or bungalow: Semi-detached,197,196,1,0,1
S01010647,Whole house or bungalow: Terraced (including end-terrace),4,4,0,0,0
S01010647,Flat maisonette or apartment or mobile/temporary accommodation,56,55,1,0,1
S01010648,All household spaces,312,306,6,1,5
S01010648,Whole house or bungalow: Total,220,216,4,0,4
S01010648,Whole house or bungalow: Detached,53,53,0,0,0
S01010648,Whole house or bungalow: Semi-detached,113,112,1,0,1
S01010648,Whole house or bungalow: Terraced (including end-terrace),54,51,3,0,3
S01010648,Flat maisonette or apartment or mobile/temporary accommodation,92,90,2,1,1
S01010649,All household spaces,305,280,25,2,23
S01010649,Whole house or bungalow: Total,203,192,11,0,11
S01010649,Whole house or bungalow: Detached,78,74,4,0,4
S01010649,Whole house or bungalow: Semi-detached,87,84,3,0,3
S01010649,Whole house or bungalow: Terraced (including end-terrace),38,34,4,0,4
S01010649,Flat maisonette or apartment or mobile/temporary accommodation,102,88,14,2,12
S01010650,All household spaces,205,196,9,1,8
S01010650,Whole house or bungalow: Total,155,149,6,1,5
S01010650,Whole house or bungalow: Detached,96,93,3,1,2
S01010650,Whole house or bungalow: Semi-detached,47,44,3,0,3
S01010650,Whole house or bungalow: Terraced (including end-terrace),12,12,0,0,0
S01010650,Flat maisonette or apartment or mobile/temporary accommodation,50,47,3,0,3
S01010651,All household spaces,296,295,1,0,1
S01010651,Whole house or bungalow: Total,264,263,1,0,1
S01010651,Whole house or bungalow: Detached,44,44,0,0,0
S01010651,Whole house or bungalow: Semi-detached,115,115,0,0,0
S01010651,Whole house or bungalow: Terraced (including end-terrace),105,104,1,0,1
S01010651,Flat maisonette or apartment or mobile/temporary accommodation,32,32,0,0,0
S01010652,All household spaces,315,309,6,1,5
S01010652,Whole house or bungalow: Total,269,266,3,1,2
S01010652,Whole house or bungalow: Detached,85,84,1,0,1
S01010652,Whole house or bungalow: Semi-detached,104,103,1,0,1
S01010652,Whole house or bungalow: Terraced (including end-terrace),80,79,1,1,0
S01010652,Flat maisonette or apartment or mobile/temporary accommodation,46,43,3,0,3
S01010653,All household spaces,308,300,8,0,8
S01010653,Whole house or bungalow: Total,248,245,3,0,3
S01010653,Whole house or bungalow: Detached,50,49,1,0,1
S01010653,Whole house or bungalow: Semi-detached,193,191,2,0,2
S01010653,Whole house or bungalow: Terraced (including end-terrace),5,5,0,0,0
S01010653,Flat maisonette or apartment or mobile/temporary accommodation,60,55,5,0,5
S01010654,All household spaces,355,348,7,0,7
S01010654,Whole house or bungalow: Total,314,307,7,0,7
S01010654,Whole house or bungalow: Detached,22,22,0,0,0
S01010654,Whole house or bungalow: Semi-detached,106,105,1,0,1
S01010654,Whole house or bungalow: Terraced (including end-terrace),186,180,6,0,6
S01010654,Flat maisonette or apartment or mobile/temporary accommodation,41,41,0,0,0
S01010655,All household spaces,434,380,54,43,11
S01010655,Whole house or bungalow: Total,422,369,53,42,11
S01010655,Whole house or bungalow: Detached,328,279,49,38,11
S01010655,Whole house or bungalow: Semi-detached,77,74,3,3,0
S01010655,Whole house or bungalow: Terraced (including end-terrace),17,16,1,1,0
S01010655,Flat maisonette or apartment or mobile/temporary accommodation,12,11,1,1,0
S01010656,All household spaces,185,182,3,1,2
S01010656,Whole house or bungalow: Total,185,182,3,1,2
S01010656,Whole house or bungalow: Detached,102,99,3,1,2
S01010656,Whole house or bungalow: Semi-detached,61,61,0,0,0
S01010656,Whole house or bungalow: Terraced (including end-terrace),22,22,0,0,0
S01010656,Flat maisonette or apartment or mobile/temporary accommodation,0,0,0,0,0
S01010657,All household spaces,266,248,18,8,10
S01010657,Whole house or bungalow: Total,262,244,18,8,10
S01010657,Whole house or bungalow: Detached,244,227,17,8,9
S01010657,Whole house or bungalow: Semi-detached,15,14,1,0,1
S01010657,Whole house or bungalow: Terraced (including end-terrace),3,3,0,0,0
S01010657,Flat maisonette or apartment or mobile/temporary accommodation,4,4,0,0,0
S01010658,All household spaces,317,296,21,2,19
S01010658,Whole house or bungalow: Total,257,242,15,2,13
S01010658,Whole house or bungalow: Detached,215,204,11,2,9
S01010658,Whole house or bungalow: Semi-detached,26,26,0,0,0
S01010658,Whole house or bungalow: Terraced (including end-terrace),16,12,4,0,4
S01010658,Flat maisonette or apartment or mobile/temporary accommodation,60,54,6,0,6
S01010659,All household spaces,305,276,29,15,14
S01010659,Whole house or bungalow: Total,292,264,28,14,14
S01010659,Whole house or bungalow: Detached,239,217,22,13,9
S01010659,Whole house or bungalow: Semi-detached,39,36,3,0,3
S01010659,Whole house or bungalow: Terraced (including end-terrace),14,11,3,1,2
S01010659,Flat maisonette or apartment or mobile/temporary accommodation,13,12,1,1,0
S01010660,All household spaces,299,285,14,1,13
S01010660,Whole house or bungalow: Total,268,258,10,1,9
S01010660,Whole house or bungalow: Detached,97,93,4,1,3
S01010660,Whole house or bungalow: Semi-detached,120,115,5,0,5
S01010660,Whole house or bungalow: Terraced (including end-terrace),51,50,1,0,1
S01010660,Flat maisonette or apartment or mobile/temporary accommodation,31,27,4,0,4
S01010661,All household spaces,339,307,32,6,26
S01010661,Whole house or bungalow: Total,260,240,20,2,18
S01010661,Whole house or bungalow: Detached,84,76,8,0,8
S01010661,Whole house or bungalow: Semi-detached,80,75,5,2,3
S01010661,Whole house or bungalow: Terraced (including end-terrace),96,89,7,0,7
S01010661,Flat maisonette or apartment or mobile/temporary accommodation,79,67,12,4,8
S01010662,All household spaces,316,310,6,1,5
S01010662,Whole house or bungalow: Total,306,300,6,1,5
S01010662,Whole house or bungalow: Detached,200,196,4,1,3
S01010662,Whole house or bungalow: Semi-detached,91,89,2,0,2
S01010662,Whole house or bungalow: Terraced (including end-terrace),15,15,0,0,0
S01010662,Flat maisonette or apartment or mobile/temporary accommodation,10,10,0,0,0
S01010663,All household spaces,398,381,17,6,11
S01010663,Whole house or bungalow: Total,376,361,15,6,9
S01010663,Whole house or bungalow: Detached,348,334,14,6,8
S01010663,Whole house or bungalow: Semi-detached,22,22,0,0,0
S01010663,Whole house or bungalow: Terraced (including end-terrace),6,5,1,0,1
S01010663,Flat maisonette or apartment or mobile/temporary accommodation,22,20,2,0,2
S01010664,All household spaces,350,337,13,11,2
S01010664,Whole house or bungalow: Total,343,330,13,11,2
S01010664,Whole house or bungalow: Detached,302,291,11,9,2
S01010664,Whole house or bungalow: Semi-detached,32,31,1,1,0
S01010664,Whole house or bungalow: Terraced (including end-terrace),9,8,1,1,0
S01010664,Flat maisonette or apartment or mobile/temporary accommodation,7,7,0,0,0
S01010665,All household spaces,498,430,68,53,15
S01010665,Whole house or bungalow: Total,455,393,62,47,15
S01010665,Whole house or bungalow: Detached,320,273,47,38,9
S01010665,Whole house or bungalow: Semi-detached,89,84,5,1,4
S01010665,Whole house or bungalow: Terraced (including end-terrace),46,36,10,8,2
S01010665,Flat maisonette or apartment or mobile/temporary accommodation,43,37,6,6,0
S01010666,All household spaces,451,416,35,11,24
S01010666,Whole house or bungalow: Total,429,398,31,10,21
S01010666,Whole house or bungalow: Detached,219,203,16,5,11
S01010666,Whole house or bungalow: Semi-detached,146,134,12,3,9
S01010666,Whole house or bungalow: Terraced (including end-terrace),64,61,3,2,1
S01010666,Flat maisonette or apartment or mobile/temporary accommodation,22,18,4,1,3
S01010667,All household spaces,306,288,18,6,12
S01010667,Whole house or bungalow: Total,294,277,17,5,12
S01010667,Whole house or bungalow: Detached,215,200,15,5,10
S01010667,Whole house or bungalow: Semi-detached,58,57,1,0,1
S01010667,Whole house or bungalow: Terraced (including end-terrace),21,20,1,0,1
S01010667,Flat maisonette or apartment or mobile/temporary accommodation,12,11,1,1,0
S01010668,All household spaces,678,503,175,151,24
S01010668,Whole house or bungalow: Total,588,462,126,104,22
S01010668,Whole house or bungalow: Detached,360,285,75,62,13
S01010668,Whole house or bungalow: Semi-detached,138,111,27,20,7
S01010668,Whole house or bungalow: Terraced (including end-terrace),90,66,24,22,2
S01010668,Flat maisonette or apartment or mobile/temporary accommodation,90,41,49,47,2
S01010669,All household spaces,391,266,125,118,7
S01010669,Whole house or bungalow: Total,381,262,119,114,5
S01010669,Whole house or bungalow: Detached,294,190,104,100,4
S01010669,Whole house or bungalow: Semi-detached,76,62,14,14,0
S01010669,Whole house or bungalow: Terraced (including end-terrace),11,10,1,0,1
S01010669,Flat maisonette or apartment or mobile/temporary accommodation,10,4,6,4,2
S01010670,All household spaces,399,296,103,96,7
S01010670,Whole house or bungalow: Total,366,270,96,90,6
S01010670,Whole house or bungalow: Detached,259,185,74,70,4
S01010670,Whole house or bungalow: Semi-detached,90,68,22,20,2
S01010670,Whole house or bungalow: Terraced (including end-terrace),17,17,0,0,0
S01010670,Flat maisonette or apartment or mobile/temporary accommodation,33,26,7,6,1
S01010671,All household spaces,416,329,87,79,8
S01010671,Whole house or bungalow: Total,390,311,79,72,7
S01010671,Whole house or bungalow: Detached,237,193,44,40,4
S01010671,Whole house or bungalow: Semi-detached,91,74,17,16,1
S01010671,Whole house or bungalow: Terraced (including end-terrace),62,44,18,16,2
S01010671,Flat maisonette or apartment or mobile/temporary accommodation,26,18,8,7,1
S01010672,All household spaces,356,321,35,31,4
S01010672,Whole house or bungalow: Total,295,271,24,21,3
S01010672,Whole house or bungalow: Detached,102,94,8,6,2
S01010672,Whole house or bungalow: Semi-detached,136,125,11,10,1
S01010672,Whole house or bungalow: Terraced (including end-terrace),57,52,5,5,0
S01010672,Flat maisonette or apartment or mobile/temporary accommodation,61,50,11,10,1
S01010673,All household spaces,482,419,63,53,10
S01010673,Whole house or bungalow: Total,416,358,58,48,10
S01010673,Whole house or bungalow: Detached,296,249,47,39,8
S01010673,Whole house or bungalow: Semi-detached,89,80,9,7,2
S01010673,Whole house or bungalow: Terraced (including end-terrace),31,29,2,2,0
S01010673,Flat maisonette or apartment or mobile/temporary accommodation,66,61,5,5,0
S01010674,All household spaces,507,419,88,79,9
S01010674,Whole house or bungalow: Total,474,395,79,70,9
S01010674,Whole house or bungalow: Detached,332,259,73,64,9
S01010674,Whole house or bungalow: Semi-detached,111,106,5,5,0
S01010674,Whole house or bungalow: Terraced (including end-terrace),31,30,1,1,0
S01010674,Flat maisonette or apartment or mobile/temporary accommodation,33,24,9,9,0
S01010675,All household spaces,364,273,91,79,12
S01010675,Whole house or bungalow: Total,354,265,89,77,12
S01010675,Whole house or bungalow: Detached,297,223,74,66,8
S01010675,Whole house or bungalow: Semi-detached,49,36,13,9,4
S01010675,Whole house or bungalow: Terraced (including end-terrace),8,6,2,2,0
S01010675,Flat maisonette or apartment or mobile/temporary accommodation,10,8,2,2,0
S01010676,All household spaces,521,392,129,128,1
S01010676,Whole house or bungalow: Total,508,379,129,128,1
S01010676,Whole house or bungalow: Detached,437,309,128,127,1
S01010676,Whole house or bungalow: Semi-detached,57,57,0,0,0
S01010676,Whole house or bungalow: Terraced (including end-terrace),14,13,1,1,0
S01010676,Flat maisonette or apartment or mobile/temporary accommodation,13,13,0,0,0
S01010677,All household spaces,322,224,98,97,1
S01010677,Whole house or bungalow: Total,312,219,93,92,1
S01010677,Whole house or bungalow: Detached,236,177,59,58,1
S01010677,Whole house or bungalow: Semi-detached,13,11,2,2,0
S01010677,Whole house or bungalow: Terraced (including end-terrace),63,31,32,32,0
S01010677,Flat maisonette or apartment or mobile/temporary accommodation,10,5,5,5,0
S01010678,All household spaces,351,273,78,69,9
S01010678,Whole house or bungalow: Total,342,265,77,68,9
S01010678,Whole house or bungalow: Detached,307,233,74,66,8
S01010678,Whole house or bungalow: Semi-detached,28,26,2,2,0
S01010678,Whole house or bungalow: Terraced (including end-terrace),7,6,1,0,1
S01010678,Flat maisonette or apartment or mobile/temporary accommodation,9,8,1,1,0
S01010679,All household spaces,333,282,51,43,8
S01010679,Whole house or bungalow: Total,255,218,37,30,7
S01010679,Whole house or bungalow: Detached,123,102,21,17,4
S01010679,Whole house or bungalow: Semi-detached,87,76,11,10,1
S01010679,Whole house or bungalow: Terraced (including end-terrace),45,40,5,3,2
S01010679,Flat maisonette or apartment or mobile/temporary accommodation,78,64,14,13,1
S01010680,All household spaces,343,315,28,12,16
S01010680,Whole house or bungalow: Total,326,300,26,12,14
S01010680,Whole house or bungalow: Detached,125,114,11,7,4
S01010680,Whole house or bungalow: Semi-detached,124,121,3,1,2
S01010680,Whole house or bungalow: Terraced (including end-terrace),77,65,12,4,8
S01010680,Flat maisonette or apartment or mobile/temporary accommodation,17,15,2,0,2
S01010681,All household spaces,482,461,21,13,8
S01010681,Whole house or bungalow: Total,389,378,11,5,6
S01010681,Whole house or bungalow: Detached,103,98,5,3,2
S01010681,Whole house or bungalow: Semi-detached,261,256,5,2,3
S01010681,Whole house or bungalow: Terraced (including end-terrace),25,24,1,0,1
S01010681,Flat maisonette or apartment or mobile/temporary accommodation,93,83,10,8,2
S01010682,All household spaces,474,398,76,75,1
S01010682,Whole house or bungalow: Total,457,385,72,71,1
S01010682,Whole house or bungalow: Detached,407,343,64,63,1
S01010682,Whole house or bungalow: Semi-detached,31,25,6,6,0
S01010682,Whole house or bungalow: Terraced (including end-terrace),19,17,2,2,0
S01010682,Flat maisonette or apartment or mobile/temporary accommodation,17,13,4,4,0
S01010683,All household spaces,495,423,72,65,7
S01010683,Whole house or bungalow: Total,481,409,72,65,7
S01010683,Whole house or bungalow: Detached,417,350,67,61,6
S01010683,Whole house or bungalow: Semi-detached,47,45,2,1,1
S01010683,Whole house or bungalow: Terraced (including end-terrace),17,14,3,3,0
S01010683,Flat maisonette or apartment or mobile/temporary accommodation,14,14,0,0,0
S01010684,All household spaces,449,361,88,76,12
S01010684,Whole house or bungalow: Total,436,352,84,73,11
S01010684,Whole house or bungalow: Detached,388,306,82,71,11
S01010684,Whole house or bungalow: Semi-detached,40,39,1,1,0
S01010684,Whole house or bungalow: Terraced (including end-terrace),8,7,1,1,0
S01010684,Flat maisonette or apartment or mobile/temporary accommodation,13,9,4,3,1
S01010685,All household spaces,418,294,124,111,13
S01010685,Whole house or bungalow: Total,402,284,118,107,11
S01010685,Whole house or bungalow: Detached,353,243,110,100,10
S01010685,Whole house or bungalow: Semi-detached,35,31,4,4,0
S01010685,Whole house or bungalow: Terraced (including end-terrace),14,10,4,3,1
S01010685,Flat maisonette or apartment or mobile/temporary accommodation,16,10,6,4,2
S01010686,All household spaces,422,309,113,97,16
S01010686,Whole house or bungalow: Total,395,285,110,95,15
S01010686,Whole house or bungalow: Detached,331,239,92,79,13
S01010686,Whole house or bungalow: Semi-detached,56,38,18,16,2
S01010686,Whole house or bungalow: Terraced (including end-terrace),8,8,0,0,0
S01010686,Flat maisonette or apartment or mobile/temporary accommodation,27,24,3,2,1
S01010687,All household spaces,466,379,87,72,15
S01010687,Whole house or bungalow: Total,443,365,78,64,14
S01010687,Whole house or bungalow: Detached,330,257,73,62,11
S01010687,Whole house or bungalow: Semi-detached,99,94,5,2,3
S01010687,Whole house or bungalow: Terraced (including end-terrace),14,14,0,0,0
S01010687,Flat maisonette or apartment or mobile/temporary accommodation,23,14,9,8,1
S01010688,All household spaces,489,335,154,147,7
S01010688,Whole house or bungalow: Total,476,323,153,146,7
S01010688,Whole house or bungalow: Detached,375,244,131,124,7
S01010688,Whole house or bungalow: Semi-detached,74,58,16,16,0
S01010688,Whole house or bungalow: Terraced (including end-terrace),27,21,6,6,0
S01010688,Flat maisonette or apartment or mobile/temporary accommodation,13,12,1,1,0
S01010689,All household spaces,480,378,102,93,9
S01010689,Whole house or bungalow: Total,463,362,101,92,9
S01010689,Whole house or bungalow: Detached,347,257,90,82,8
S01010689,Whole house or bungalow: Semi-detached,107,97,10,9,1
S01010689,Whole house or bungalow: Terraced (including end-terrace),9,8,1,1,0
S01010689,Flat maisonette or apartment or mobile/temporary accommodation,17,16,1,1,0
S01010690,All household spaces,361,330,31,24,7
S01010690,Whole house or bungalow: Total,323,295,28,22,6
S01010690,Whole house or bungalow: Detached,79,70,9,7,2
S01010690,Whole house or bungalow: Semi-detached,170,164,6,3,3
S01010690,Whole house or bungalow: Terraced (including end-terrace),74,61,13,12,1
S01010690,Flat maisonette or apartment or mobile/temporary accommodation,38,35,3,2,1
S01010691,All household spaces,447,325,122,105,17
S01010691,Whole house or bungalow: Total,428,314,114,98,16
S01010691,Whole house or bungalow: Detached,372,265,107,94,13
S01010691,Whole house or bungalow: Semi-detached,41,37,4,3,1
S01010691,Whole house or bungalow: Terraced (including end-terrace),15,12,3,1,2
S01010691,Flat maisonette or apartment or mobile/temporary accommodation,19,11,8,7,1
S01010692,All household spaces,325,307,18,9,9
S01010692,Whole house or bungalow: Total,253,242,11,8,3
S01010692,Whole house or bungalow: Detached,106,96,10,7,3
S01010692,Whole house or bungalow: Semi-detached,120,120,0,0,0
S01010692,Whole house or bungalow: Terraced (including end-terrace),27,26,1,1,0
S01010692,Flat maisonette or apartment or mobile/temporary accommodation,72,65,7,1,6
S01010693,All household spaces,314,216,98,93,5
S01010693,Whole house or bungalow: Total,302,209,93,88,5
S01010693,Whole house or bungalow: Detached,284,191,93,88,5
S01010693,Whole house or bungalow: Semi-detached,12,12,0,0,0
S01010693,Whole house or bungalow: Terraced (including end-terrace),6,6,0,0,0
S01010693,Flat maisonette or apartment or mobile/temporary accommodation,12,7,5,5,0
S01010694,All household spaces,335,270,65,53,12
S01010694,Whole house or bungalow: Total,321,259,62,50,12
S01010694,Whole house or bungalow: Detached,265,205,60,50,10
S01010694,Whole house or bungalow: Semi-detached,49,47,2,0,2
S01010694,Whole house or bungalow: Terraced (including end-terrace),7,7,0,0,0
S01010694,Flat maisonette or apartment or mobile/temporary accommodation,14,11,3,3,0
S01010695,All household spaces,325,304,21,7,14
S01010695,Whole house or bungalow: Total,318,297,21,7,14
S01010695,Whole house or bungalow: Detached,245,232,13,4,9
S01010695,Whole house or bungalow: Semi-detached,44,40,4,0,4
S01010695,Whole house or bungalow: Terraced (including end-terrace),29,25,4,3,1
S01010695,Flat maisonette or apartment or mobile/temporary accommodation,7,7,0,0,0
S01010696,All household spaces,423,402,21,11,10
S01010696,Whole house or bungalow: Total,375,361,14,7,7
S01010696,Whole house or bungalow: Detached,183,170,13,7,6
S01010696,Whole house or bungalow: Semi-detached,134,133,1,0,1
S01010696,Whole house or bungalow: Terraced (including end-terrace),58,58,0,0,0
S01010696,Flat maisonette or apartment or mobile/temporary accommodation,48,41,7,4,3
S01010697,All household spaces,492,458,34,22,12
S01010697,Whole house or bungalow: Total,484,454,30,19,11
S01010697,Whole house or bungalow: Detached,327,310,17,11,6
S01010697,Whole house or bungalow: Semi-detached,133,127,6,2,4
S01010697,Whole house or bungalow: Terraced (including end-terrace),24,17,7,6,1
S01010697,Flat maisonette or apartment or mobile/temporary accommodation,8,4,4,3,1
S01010698,All household spaces,397,338,59,43,16
S01010698,Whole house or bungalow: Total,384,326,58,42,16
S01010698,Whole house or bungalow: Detached,268,216,52,38,14
S01010698,Whole house or bungalow: Semi-detached,100,96,4,2,2
S01010698,Whole house or bungalow: Terraced (including end-terrace),16,14,2,2,0
S01010698,Flat maisonette or apartment or mobile/temporary accommodation,13,12,1,1,0
S01010699,All household spaces,270,250,20,13,7
S01010699,Whole house or bungalow: Total,265,247,18,11,7
S01010699,Whole house or bungalow: Detached,183,168,15,9,6
S01010699,Whole house or bungalow: Semi-detached,52,49,3,2,1
S01010699,Whole house or bungalow: Terraced (including end-terrace),30,30,0,0,0
S01010699,Flat maisonette or apartment or mobile/temporary accommodation,5,3,2,2,0
S01010700,All household spaces,268,258,10,1,9
S01010700,Whole house or bungalow: Total,264,254,10,1,9
S01010700,Whole house or bungalow: Detached,181,173,8,1,7
S01010700,Whole house or bungalow: Semi-detached,64,62,2,0,2
S01010700,Whole house or bungalow: Terraced (including end-terrace),19,19,0,0,0
S01010700,Flat maisonette or apartment or mobile/temporary accommodation,4,4,0,0,0
S01010701,All household spaces,451,432,19,4,15
S01010701,Whole house or bungalow: Total,416,399,17,4,13
S01010701,Whole house or bungalow: Detached,176,169,7,1,6
S01010701,Whole house or bungalow: Semi-detached,160,152,8,3,5
S01010701,Whole house or bungalow: Terraced (including end-terrace),80,78,2,0,2
S01010701,Flat maisonette or apartment or mobile/temporary accommodation,35,33,2,0,2
S01010702,All household spaces,446,417,29,23,6
S01010702,Whole house or bungalow: Total,434,409,25,19,6
S01010702,Whole house or bungalow: Detached,349,331,18,12,6
S01010702,Whole house or bungalow: Semi-detached,58,53,5,5,0
S01010702,Whole house or bungalow: Terraced (including end-terrace),27,25,2,2,0
S01010702,Flat maisonette or apartment or mobile/temporary accommodation,12,8,4,4,0
S01010703,All household spaces,350,341,9,2,7
S01010703,Whole house or bungalow: Total,345,337,8,1,7
S01010703,Whole house or bungalow: Detached,291,283,8,1,7
S01010703,Whole house or bungalow: Semi-detached,44,44,0,0,0
S01010703,Whole house or bungalow: Terraced (including end-terrace),10,10,0,0,0
S01010703,Flat maisonette or apartment or mobile/temporary accommodation,5,4,1,1,0
S01010704,All household spaces,309,300,9,1,8
S01010704,Whole house or bungalow: Total,300,292,8,1,7
S01010704,Whole house or bungalow: Detached,89,86,3,0,3
S01010704,Whole house or bungalow: Semi-detached,144,139,5,1,4
S01010704,Whole house or bungalow: Terraced (including end-terrace),67,67,0,0,0
S01010704,Flat maisonette or apartment or mobile/temporary accommodation,9,8,1,0,1
S01010705,All household spaces,483,463,20,0,20
S01010705,Whole house or bungalow: Total,418,400,18,0,18
S01010705,Whole house or bungalow: Detached,213,203,10,0,10
S01010705,Whole house or bungalow: Semi-detached,191,183,8,0,8
S01010705,Whole house or bungalow: Terraced (including end-terrace),14,14,0,0,0
S01010705,Flat maisonette or apartment or mobile/temporary accommodation,65,63,2,0,2
S01010706,All household spaces,308,293,15,3,12
S01010706,Whole house or bungalow: Total,276,264,12,3,9
S01010706,Whole house or bungalow: Detached,89,83,6,3,3
S01010706,Whole house or bungalow: Semi-detached,155,149,6,0,6
S01010706,Whole house or bungalow: Terraced (including end-terrace),32,32,0,0,0
S01010706,Flat maisonette or apartment or mobile/temporary accommodation,32,29,3,0,3
S01010707,All household spaces,278,265,13,6,7
S01010707,Whole house or bungalow: Total,270,259,11,4,7
S01010707,Whole house or bungalow: Detached,225,215,10,3,7
S01010707,Whole house or bungalow: Semi-detached,34,34,0,0,0
S01010707,Whole house or bungalow: Terraced (including end-terrace),11,10,1,1,0
S01010707,Flat maisonette or apartment or mobile/temporary accommodation,8,6,2,2,0
S01010708,All household spaces,259,252,7,0,7
S01010708,Whole house or bungalow: Total,253,246,7,0,7
S01010708,Whole house or bungalow: Detached,103,102,1,0,1
S01010708,Whole house or bungalow: Semi-detached,103,102,1,0,1
S01010708,Whole house or bungalow: Terraced (including end-terrace),47,42,5,0,5
S01010708,Flat maisonette or apartment or mobile/temporary accommodation,6,6,0,0,0
S01010709,All household spaces,305,299,6,0,6
S01010709,Whole house or bungalow: Total,301,295,6,0,6
S01010709,Whole house or bungalow: Detached,165,162,3,0,3
S01010709,Whole house or bungalow: Semi-detached,112,109,3,0,3
S01010709,Whole house or bungalow: Terraced (including end-terrace),24,24,0,0,0
S01010709,Flat maisonette or apartment or mobile/temporary accommodation,4,4,0,0,0
S01010710,All household spaces,321,316,5,0,5
S01010710,Whole house or bungalow: Total,307,302,5,0,5
S01010710,Whole house or bungalow: Detached,65,65,0,0,0
S01010710,Whole house or bungalow: Semi-detached,150,147,3,0,3
S01010710,Whole house or bungalow: Terraced (including end-terrace),92,90,2,0,2
S01010710,Flat maisonette or apartment or mobile/temporary accommodation,14,14,0,0,0
S01010711,All household spaces,334,319,15,2,13
S01010711,Whole house or bungalow: Total,324,309,15,2,13
S01010711,Whole house or bungalow: Detached,244,232,12,1,11
S01010711,Whole house or bungalow: Semi-detached,62,60,2,1,1
S01010711,Whole house or bungalow: Terraced (including end-terrace),18,17,1,0,1
S01010711,Flat maisonette or apartment or mobile/temporary accommodation,10,10,0,0,0
S01010712,All household spaces,275,269,6,0,6
S01010712,Whole house or bungalow: Total,254,248,6,0,6
S01010712,Whole house or bungalow: Detached,53,52,1,0,1
S01010712,Whole house or bungalow: Semi-detached,121,118,3,0,3
S01010712,Whole house or bungalow: Terraced (including end-terrace),80,78,2,0,2
S01010712,Flat maisonette or apartment or mobile/temporary accommodation,21,21,0,0,0
S01010713,All household spaces,330,322,8,0,8
S01010713,Whole house or bungalow: Total,323,315,8,0,8
S01010713,Whole house or bungalow: Detached,27,27,0,0,0
S01010713,Whole house or bungalow: Semi-detached,83,82,1,0,1
S01010713,Whole house or bungalow: Terraced (including end-terrace),213,206,7,0,7
S01010713,Flat maisonette or apartment or mobile/temporary accommodation,7,7,0,0,0
S01010714,All household spaces,393,380,13,0,13
S01010714,Whole house or bungalow: Total,218,209,9,0,9
S01010714,Whole house or bungalow: Detached,41,39,2,0,2
S01010714,Whole house or bungalow: Semi-detached,98,96,2,0,2
S01010714,Whole house or bungalow: Terraced (including end-terrace),79,74,5,0,5
S01010714,Flat maisonette or apartment or mobile/temporary accommodation,175,171,4,0,4
S01010715,All household spaces,350,340,10,1,9
S01010715,Whole house or bungalow: Total,329,319,10,1,9
S01010715,Whole house or bungalow: Detached,70,66,4,0,4
S01010715,Whole house or bungalow: Semi-detached,120,118,2,0,2
S01010715,Whole house or bungalow: Terraced (including end-terrace),139,135,4,1,3
S01010715,Flat maisonette or apartment or mobile/temporary accommodation,21,21,0,0,0
S01010716,All household spaces,467,444,23,1,22
S01010716,Whole house or bungalow: Total,220,213,7,1,6
S01010716,Whole house or bungalow: Detached,90,87,3,0,3
S01010716,Whole house or bungalow: Semi-detached,84,83,1,0,1
S01010716,Whole house or bungalow: Terraced (including end-terrace),46,43,3,1,2
S01010716,Flat maisonette or apartment or mobile/temporary accommodation,247,231,16,0,16
S01010717,All household spaces,285,272,13,1,12
S01010717,Whole house or bungalow: Total,278,266,12,0,12
S01010717,Whole house or bungalow: Detached,219,209,10,0,10
S01010717,Whole house or bungalow: Semi-detached,50,48,2,0,2
S01010717,Whole house or bungalow: Terraced (including end-terrace),9,9,0,0,0
S01010717,Flat maisonette or apartment or mobile/temporary accommodation,7,6,1,1,0
S01010718,All household spaces,404,393,11,1,10
S01010718,Whole house or bungalow: Total,331,323,8,1,7
S01010718,Whole house or bungalow: Detached,232,228,4,0,4
S01010718,Whole house or bungalow: Semi-detached,63,63,0,0,0
S01010718,Whole house or bungalow: Terraced (including end-terrace),36,32,4,1,3
S01010718,Flat maisonette or apartment or mobile/temporary accommodation,73,70,3,0,3
S01010719,All household spaces,301,282,19,13,6
S01010719,Whole house or bungalow: Total,282,266,16,10,6
S01010719,Whole house or bungalow: Detached,121,112,9,7,2
S01010719,Whole house or bungalow: Semi-detached,123,117,6,3,3
S01010719,Whole house or bungalow: Terraced (including end-terrace),38,37,1,0,1
S01010719,Flat maisonette or apartment or mobile/temporary accommodation,19,16,3,3,0
S01010720,All household spaces,349,336,13,6,7
S01010720,Whole house or bungalow: Total,335,322,13,6,7
S01010720,Whole house or bungalow: Detached,213,203,10,6,4
S01010720,Whole house or bungalow: Semi-detached,85,82,3,0,3
S01010720,Whole house or bungalow: Terraced (including end-terrace),37,37,0,0,0
S01010720,Flat maisonette or apartment or mobile/temporary accommodation,14,14,0,0,0
S01010721,All household spaces,314,296,18,9,9
S01010721,Whole house or bungalow: Total,295,279,16,8,8
S01010721,Whole house or bungalow: Detached,189,180,9,3,6
S01010721,Whole house or bungalow: Semi-detached,67,62,5,4,1
S01010721,Whole house or bungalow: Terraced (including end-terrace),39,37,2,1,1
S01010721,Flat maisonette or apartment or mobile/temporary accommodation,19,17,2,1,1
S01010722,All household spaces,418,394,24,9,15
S01010722,Whole house or bungalow: Total,398,379,19,8,11
S01010722,Whole house or bungalow: Detached,116,110,6,1,5
S01010722,Whole house or bungalow: Semi-detached,173,168,5,3,2
S01010722,Whole house or bungalow: Terraced (including end-terrace),109,101,8,4,4
S01010722,Flat maisonette or apartment or mobile/temporary accommodation,20,15,5,1,4
S01010723,All household spaces,345,329,16,10,6
S01010723,Whole house or bungalow: Total,329,315,14,9,5
S01010723,Whole house or bungalow: Detached,278,267,11,6,5
S01010723,Whole house or bungalow: Semi-detached,36,33,3,3,0
S01010723,Whole house or bungalow: Terraced (including end-terrace),15,15,0,0,0
S01010723,Flat maisonette or apartment or mobile/temporary accommodation,16,14,2,1,1
S01010724,All household spaces,364,354,10,4,6
S01010724,Whole house or bungalow: Total,349,339,10,4,6
S01010724,Whole house or bungalow: Detached,235,228,7,3,4
S01010724,Whole house or bungalow: Semi-detached,82,80,2,1,1
S01010724,Whole house or bungalow: Terraced (including end-terrace),32,31,1,0,1
S01010724,Flat maisonette or apartment or mobile/temporary accommodation,15,15,0,0,0
S01010725,All household spaces,304,287,17,6,11
S01010725,Whole house or bungalow: Total,297,280,17,6,11
S01010725,Whole house or bungalow: Detached,261,246,15,6,9
S01010725,Whole house or bungalow: Semi-detached,34,33,1,0,1
S01010725,Whole house or bungalow: Terraced (including end-terrace),2,1,1,0,1
S01010725,Flat maisonette or apartment or mobile/temporary accommodation,7,7,0,0,0
S01010726,All household spaces,432,415,17,5,12
S01010726,Whole house or bungalow: Total,414,398,16,4,12
S01010726,Whole house or bungalow: Detached,271,264,7,3,4
S01010726,Whole house or bungalow: Semi-detached,103,99,4,0,4
S01010726,Whole house or bungalow: Terraced (including end-terrace),40,35,5,1,4
S01010726,Flat maisonette or apartment or mobile/temporary accommodation,18,17,1,1,0
S01010727,All household spaces,245,243,2,2,0
S01010727,Whole house or bungalow: Total,241,240,1,1,0
S01010727,Whole house or bungalow: Detached,199,198,1,1,0
S01010727,Whole house or bungalow: Semi-detached,37,37,0,0,0
S01010727,Whole house or bungalow: Terraced (including end-terrace),5,5,0,0,0
S01010727,Flat maisonette or apartment or mobile/temporary accommodation,4,3,1,1,0
S01010728,All household spaces,213,204,9,3,6
S01010728,Whole house or bungalow: Total,210,201,9,3,6
S01010728,Whole house or bungalow: Detached,182,174,8,2,6
S01010728,Whole house or bungalow: Semi-detached,24,23,1,1,0
S01010728,Whole house or bungalow: Terraced (including end-terrace),4,4,0,0,0
S01010728,Flat maisonette or apartment or mobile/temporary accommodation,3,3,0,0,0
S01010729,All household spaces,280,269,11,4,7
S01010729,Whole house or bungalow: Total,278,268,10,3,7
S01010729,Whole house or bungalow: Detached,243,234,9,2,7
S01010729,Whole house or bungalow: Semi-detached,28,27,1,1,0
S01010729,Whole house or bungalow: Terraced (including end-terrace),7,7,0,0,0
S01010729,Flat maisonette or apartment or mobile/temporary accommodation,2,1,1,1,0
S01010730,All household spaces,364,343,21,10,11
S01010730,Whole house or bungalow: Total,361,340,21,10,11
S01010730,Whole house or bungalow: Detached,278,263,15,7,8
S01010730,Whole house or bungalow: Semi-detached,59,56,3,1,2
S01010730,Whole house or bungalow: Terraced (including end-terrace),24,21,3,2,1
S01010730,Flat maisonette or apartment or mobile/temporary accommodation,3,3,0,0,0
S01010731,All household spaces,458,399,59,23,36
S01010731,Whole house or bungalow: Total,421,368,53,19,34
S01010731,Whole house or bungalow: Detached,162,141,21,10,11
S01010731,Whole house or bungalow: Semi-detached,114,108,6,3,3
S01010731,Whole house or bungalow: Terraced (including end-terrace),145,119,26,6,20
S01010731,Flat maisonette or apartment or mobile/temporary accommodation,37,31,6,4,2
S01010732,All household spaces,342,334,8,5,3
S01010732,Whole house or bungalow: Total,335,327,8,5,3
S01010732,Whole house or bungalow: Detached,69,69,0,0,0
S01010732,Whole house or bungalow: Semi-detached,67,67,0,0,0
S01010732,Whole house or bungalow: Terraced (including end-terrace),199,191,8,5,3
S01010732,Flat maisonette or apartment or mobile/temporary accommodation,7,7,0,0,0
S01010733,All household spaces,256,246,10,1,9
S01010733,Whole house or bungalow: Total,248,238,10,1,9
S01010733,Whole house or bungalow: Detached,28,26,2,0,2
S01010733,Whole house or bungalow: Semi-detached,123,119,4,0,4
S01010733,Whole house or bungalow: Terraced (including end-terrace),97,93,4,1,3
S01010733,Flat maisonette or apartment or mobile/temporary accommodation,8,8,0,0,0
S01010734,All household spaces,368,362,6,0,6
S01010734,Whole house or bungalow: Total,340,334,6,0,6
S01010734,Whole house or bungalow: Detached,72,72,0,0,0
S01010734,Whole house or bungalow: Semi-detached,115,113,2,0,2
S01010734,Whole house or bungalow: Terraced (including end-terrace),153,149,4,0,4
S01010734,Flat maisonette or apartment or mobile/temporary accommodation,28,28,0,0,0
S01010735,All household spaces,252,244,8,0,8
S01010735,Whole house or bungalow: Total,233,225,8,0,8
S01010735,Whole house or bungalow: Detached,55,55,0,0,0
S01010735,Whole house or bungalow: Semi-detached,40,40,0,0,0
S01010735,Whole house or bungalow: Terraced (including end-terrace),138,130,8,0,8
S01010735,Flat maisonette or apartment or mobile/temporary accommodation,19,19,0,0,0
S01010736,All household spaces,219,218,1,0,1
S01010736,Whole house or bungalow: Total,218,217,1,0,1
S01010736,Whole house or bungalow: Detached,157,157,0,0,0
S01010736,Whole house or bungalow: Semi-detached,57,57,0,0,0
S01010736,Whole house or bungalow: Terraced (including end-terrace),4,3,1,0,1
S01010736,Flat maisonette or apartment or mobile/temporary accommodation,1,1,0,0,0
S01010737,All household spaces,499,487,12,1,11
S01010737,Whole house or bungalow: Total,461,452,9,0,9
S01010737,Whole house or bungalow: Detached,200,195,5,0,5
S01010737,Whole house or bungalow: Semi-detached,176,172,4,0,4
S01010737,Whole house or bungalow: Terraced (including end-terrace),85,85,0,0,0
S01010737,Flat maisonette or apartment or mobile/temporary accommodation,38,35,3,1,2
S01010738,All household spaces,242,235,7,1,6
S01010738,Whole house or bungalow: Total,238,231,7,1,6
S01010738,Whole house or bungalow: Detached,46,42,4,1,3
S01010738,Whole house or bungalow: Semi-detached,187,184,3,0,3
S01010738,Whole house or bungalow: Terraced (including end-terrace),5,5,0,0,0
S01010738,Flat maisonette or apartment or mobile/temporary accommodation,4,4,0,0,0
S01010739,All household spaces,400,388,12,4,8
S01010739,Whole house or bungalow: Total,354,344,10,4,6
S01010739,Whole house or bungalow: Detached,68,66,2,1,1
S01010739,Whole house or bungalow: Semi-detached,177,176,1,0,1
S01010739,Whole house or bungalow: Terraced (including end-terrace),109,102,7,3,4
S01010739,Flat maisonette or apartment or mobile/temporary accommodation,46,44,2,0,2
S01010740,All household spaces,267,260,7,2,5
S01010740,Whole house or bungalow: Total,201,197,4,0,4
S01010740,Whole house or bungalow: Detached,17,17,0,0,0
S01010740,Whole house or bungalow: Semi-detached,61,61,0,0,0
S01010740,Whole house or bungalow: Terraced (including end-terrace),123,119,4,0,4
S01010740,Flat maisonette or apartment or mobile/temporary accommodation,66,63,3,2,1
S01010741,All household spaces,258,249,9,5,4
S01010741,Whole house or bungalow: Total,245,237,8,5,3
S01010741,Whole house or bungalow: Detached,128,122,6,5,1
S01010741,Whole house or bungalow: Semi-detached,81,79,2,0,2
S01010741,Whole house or bungalow: Terraced (including end-terrace),36,36,0,0,0
S01010741,Flat maisonette or apartment or mobile/temporary accommodation,13,12,1,0,1
S01010742,All household spaces,317,308,9,1,8
S01010742,Whole house or bungalow: Total,263,255,8,1,7
S01010742,Whole house or bungalow: Detached,68,64,4,1,3
S01010742,Whole house or bungalow: Semi-detached,70,69,1,0,1
S01010742,Whole house or bungalow: Terraced (including end-terrace),125,122,3,0,3
S01010742,Flat maisonette or apartment or mobile/temporary accommodation,54,53,1,0,1
S01010743,All household spaces,276,273,3,0,3
S01010743,Whole house or bungalow: Total,263,260,3,0,3
S01010743,Whole house or bungalow: Detached,15,15,0,0,0
S01010743,Whole house or bungalow: Semi-detached,55,54,1,0,1
S01010743,Whole house or bungalow: Terraced (including end-terrace),193,191,2,0,2
S01010743,Flat maisonette or apartment or mobile/temporary accommodation,13,13,0,0,0
S01010744,All household spaces,473,459,14,2,12
S01010744,Whole house or bungalow: Total,457,446,11,0,11
S01010744,Whole house or bungalow: Detached,122,119,3,0,3
S01010744,Whole house or bungalow: Semi-detached,198,191,7,0,7
S01010744,Whole house or bungalow: Terraced (including end-terrace),137,136,1,0,1
S01010744,Flat maisonette or apartment or mobile/temporary accommodation,16,13,3,2,1
S01010745,All household spaces,357,327,30,8,22
S01010745,Whole house or bungalow: Total,257,244,13,1,12
S01010745,Whole house or bungalow: Detached,79,76,3,0,3
S01010745,Whole house or bungalow: Semi-detached,91,88,3,0,3
S01010745,Whole house or bungalow: Terraced (including end-terrace),87,80,7,1,6
S01010745,Flat maisonette or apartment or mobile/temporary accommodation,100,83,17,7,10
S01010746,All household spaces,468,441,27,8,19
S01010746,Whole house or bungalow: Total,450,425,25,8,17
S01010746,Whole house or bungalow: Detached,287,273,14,5,9
S01010746,Whole house or bungalow: Semi-detached,97,94,3,2,1
S01010746,Whole house or bungalow: Terraced (including end-terrace),66,58,8,1,7
S01010746,Flat maisonette or apartment or mobile/temporary accommodation,18,16,2,0,2
S01010747,All household spaces,385,357,28,25,3
S01010747,Whole house or bungalow: Total,373,345,28,25,3
S01010747,Whole house or bungalow: Detached,132,131,1,1,0
S01010747,Whole house or bungalow: Semi-detached,120,117,3,1,2
S01010747,Whole house or bungalow: Terraced (including end-terrace),121,97,24,23,1
S01010747,Flat maisonette or apartment or mobile/temporary accommodation,12,12,0,0,0
S01010748,All household spaces,322,280,42,36,6
S01010748,Whole house or bungalow: Total,306,270,36,30,6
S01010748,Whole house or bungalow: Detached,183,158,25,21,4
S01010748,Whole house or bungalow: Semi-detached,89,84,5,4,1
S01010748,Whole house or bungalow: Terraced (including end-terrace),34,28,6,5,1
S01010748,Flat maisonette or apartment or mobile/temporary accommodation,16,10,6,6,0
S01010749,All household spaces,269,261,8,5,3
S01010749,Whole house or bungalow: Total,265,257,8,5,3
S01010749,Whole house or bungalow: Detached,158,155,3,1,2
S01010749,Whole house or bungalow: Semi-detached,62,61,1,0,1
S01010749,Whole house or bungalow: Terraced (including end-terrace),45,41,4,4,0
S01010749,Flat maisonette or apartment or mobile/temporary accommodation,4,4,0,0,0
S01010750,All household spaces,320,287,33,12,21
S01010750,Whole house or bungalow: Total,318,285,33,12,21
S01010750,Whole house or bungalow: Detached,176,169,7,2,5
S01010750,Whole house or bungalow: Semi-detached,78,67,11,2,9
S01010750,Whole house or bungalow: Terraced (including end-terrace),64,49,15,8,7
S01010750,Flat maisonette or apartment or mobile/temporary accommodation,2,2,0,0,0
S01010751,All household spaces,376,333,43,24,19
S01010751,Whole house or bungalow: Total,367,325,42,23,19
S01010751,Whole house or bungalow: Detached,64,61,3,2,1
S01010751,Whole house or bungalow: Semi-detached,140,132,8,3,5
S01010751,Whole house or bungalow: Terraced (including end-terrace),163,132,31,18,13
S01010751,Flat maisonette or apartment or mobile/temporary accommodation,9,8,1,1,0
S01010752,All household spaces,352,332,20,5,15
S01010752,Whole house or bungalow: Total,304,291,13,4,9
S01010752,Whole house or bungalow: Detached,78,74,4,0,4
S01010752,Whole house or bungalow: Semi-detached,90,88,2,0,2
S01010752,Whole house or bungalow: Terraced (including end-terrace),136,129,7,4,3
S01010752,Flat maisonette or apartment or mobile/temporary accommodation,48,41,7,1,6
S01010753,All household spaces,456,434,22,5,17
S01010753,Whole house or bungalow: Total,368,360,8,3,5
S01010753,Whole house or bungalow: Detached,190,184,6,2,4
S01010753,Whole house or bungalow: Semi-detached,92,91,1,1,0
S01010753,Whole house or bungalow: Terraced (including end-terrace),86,85,1,0,1
S01010753,Flat maisonette or apartment or mobile/temporary accommodation,88,74,14,2,12
S01010754,All household spaces,373,357,16,0,16
S01010754,Whole house or bungalow: Total,286,275,11,0,11
S01010754,Whole house or bungalow: Detached,110,108,2,0,2
S01010754,Whole house or bungalow: Semi-detached,101,101,0,0,0
S01010754,Whole house or bungalow: Terraced (including end-terrace),75,66,9,0,9
S01010754,Flat maisonette or apartment or mobile/temporary accommodation,87,82,5,0,5
S01010755,All household spaces,305,298,7,0,7
S01010755,Whole house or bungalow: Total,276,271,5,0,5
S01010755,Whole house or bungalow: Detached,48,48,0,0,0
S01010755,Whole house or bungalow: Semi-detached,185,181,4,0,4
S01010755,Whole house or bungalow: Terraced (including end-terrace),43,42,1,0,1
S01010755,Flat maisonette or apartment or mobile/temporary accommodation,29,27,2,0,2
S01010756,All household spaces,303,286,17,1,16
S01010756,Whole house or bungalow: Total,285,271,14,1,13
S01010756,Whole house or bungalow: Detached,198,189,9,1,8
S01010756,Whole house or bungalow: Semi-detached,75,72,3,0,3
S01010756,Whole house or bungalow: Terraced (including end-terrace),12,10,2,0,2
S01010756,Flat maisonette or apartment or mobile/temporary accommodation,18,15,3,0,3
S01010757,All household spaces,459,365,94,82,12
S01010757,Whole house or bungalow: Total,444,352,92,80,12
S01010757,Whole house or bungalow: Detached,327,240,87,80,7
S01010757,Whole house or bungalow: Semi-detached,108,104,4,0,4
S01010757,Whole house or bungalow: Terraced (including end-terrace),9,8,1,0,1
S01010757,Flat maisonette or apartment or mobile/temporary accommodation,15,13,2,2,0
S01010758,All household spaces,362,305,57,29,28
S01010758,Whole house or bungalow: Total,355,299,56,29,27
S01010758,Whole house or bungalow: Detached,200,168,32,14,18
S01010758,Whole house or bungalow: Semi-detached,106,93,13,7,6
S01010758,Whole house or bungalow: Terraced (including end-terrace),49,38,11,8,3
S01010758,Flat maisonette or apartment or mobile/temporary accommodation,7,6,1,0,1
S01010759,All household spaces,313,279,34,19,15
S01010759,Whole house or bungalow: Total,262,237,25,16,9
S01010759,Whole house or bungalow: Detached,62,53,9,7,2
S01010759,Whole house or bungalow: Semi-detached,159,149,10,4,6
S01010759,Whole house or bungalow: Terraced (including end-terrace),41,35,6,5,1
S01010759,Flat maisonette or apartment or mobile/temporary accommodation,51,42,9,3,6
S01010760,All household spaces,371,306,65,36,29
S01010760,Whole house or bungalow: Total,338,285,53,29,24
S01010760,Whole house or bungalow: Detached,184,155,29,21,8
S01010760,Whole house or bungalow: Semi-detached,122,112,10,2,8
S01010760,Whole house or bungalow: Terraced (including end-terrace),32,18,14,6,8
S01010760,Flat maisonette or apartment or mobile/temporary accommodation,33,21,12,7,5
S01010761,All household spaces,253,222,31,15,16
S01010761,Whole house or bungalow: Total,247,216,31,15,16
S01010761,Whole house or bungalow: Detached,205,179,26,14,12
S01010761,Whole house or bungalow: Semi-detached,35,31,4,1,3
S01010761,Whole house or bungalow: Terraced (including end-terrace),7,6,1,0,1
S01010761,Flat maisonette or apartment or mobile/temporary accommodation,6,6,0,0,0
S01010762,All household spaces,273,263,10,7,3
S01010762,Whole house or bungalow: Total,270,261,9,6,3
S01010762,Whole house or bungalow: Detached,189,182,7,5,2
S01010762,Whole house or bungalow: Semi-detached,61,59,2,1,1
S01010762,Whole house or bungalow: Terraced (including end-terrace),20,20,0,0,0
S01010762,Flat maisonette or apartment or mobile/temporary accommodation,3,2,1,1,0
S01010763,All household spaces,346,316,30,15,15
S01010763,Whole house or bungalow: Total,336,308,28,14,14
S01010763,Whole house or bungalow: Detached,162,141,21,13,8
S01010763,Whole house or bungalow: Semi-detached,143,138,5,1,4
S01010763,Whole house or bungalow: Terraced (including end-terrace),31,29,2,0,2
S01010763,Flat maisonette or apartment or mobile/temporary accommodation,10,8,2,1,1
S01010764,All household spaces,366,289,77,60,17
S01010764,Whole house or bungalow: Total,360,283,77,60,17
S01010764,Whole house or bungalow: Detached,297,222,75,59,16
S01010764,Whole house or bungalow: Semi-detached,61,59,2,1,1
S01010764,Whole house or bungalow: Terraced (including end-terrace),2,2,0,0,0
S01010764,Flat maisonette or apartment or mobile/temporary accommodation,6,6,0,0,0
S01010765,All household spaces,532,471,61,37,24
S01010765,Whole house or bungalow: Total,507,456,51,29,22
S01010765,Whole house or bungalow: Detached,312,271,41,28,13
S01010765,Whole house or bungalow: Semi-detached,171,161,10,1,9
S01010765,Whole house or bungalow: Terraced (including end-terrace),24,24,0,0,0
S01010765,Flat maisonette or apartment or mobile/temporary accommodation,25,15,10,8,2
S01010766,All household spaces,405,359,46,21,25
S01010766,Whole house or bungalow: Total,385,343,42,20,22
S01010766,Whole house or bungalow: Detached,136,119,17,10,7
S01010766,Whole house or bungalow: Semi-detached,192,169,23,8,15
S01010766,Whole house or bungalow: Terraced (including end-terrace),57,55,2,2,0
S01010766,Flat maisonette or apartment or mobile/temporary accommodation,20,16,4,1,3
S01010767,All household spaces,404,347,57,39,18
S01010767,Whole house or bungalow: Total,378,325,53,38,15
S01010767,Whole house or bungalow: Detached,137,104,33,26,7
S01010767,Whole house or bungalow: Semi-detached,164,147,17,10,7
S01010767,Whole house or bungalow: Terraced (including end-terrace),77,74,3,2,1
S01010767,Flat maisonette or apartment or mobile/temporary accommodation,26,22,4,1,3
S01010768,All household spaces,299,284,15,10,5
S01010768,Whole house or bungalow: Total,293,278,15,10,5
S01010768,Whole house or bungalow: Detached,53,47,6,6,0
S01010768,Whole house or bungalow: Semi-detached,190,183,7,2,5
S01010768,Whole house or bungalow: Terraced (including end-terrace),50,48,2,2,0
S01010768,Flat maisonette or apartment or mobile/temporary accommodation,6,6,0,0,0
S01010769,All household spaces,250,217,33,29,4
S01010769,Whole house or bungalow: Total,248,215,33,29,4
S01010769,Whole house or bungalow: Detached,227,196,31,27,4
S01010769,Whole house or bungalow: Semi-detached,13,11,2,2,0
S01010769,Whole house or bungalow: Terraced (including end-terrace),8,8,0,0,0
S01010769,Flat maisonette or apartment or mobile/temporary accommodation,2,2,0,0,0
S01010770,All household spaces,410,385,25,10,15
S01010770,Whole house or bungalow: Total,387,366,21,7,14
S01010770,Whole house or bungalow: Detached,127,118,9,3,6
S01010770,Whole house or bungalow: Semi-detached,189,184,5,1,4
S01010770,Whole house or bungalow: Terraced (including end-terrace),71,64,7,3,4
S01010770,Flat maisonette or apartment or mobile/temporary accommodation,23,19,4,3,1
S01010771,All household spaces,530,445,85,72,13
S01010771,Whole house or bungalow: Total,504,424,80,68,12
S01010771,Whole house or bungalow: Detached,261,204,57,54,3
S01010771,Whole house or bungalow: Semi-detached,185,168,17,10,7
S01010771,Whole house or bungalow: Terraced (including end-terrace),58,52,6,4,2
S01010771,Flat maisonette or apartment or mobile/temporary accommodation,26,21,5,4,1
S01010772,All household spaces,441,376,65,49,16
S01010772,Whole house or bungalow: Total,437,372,65,49,16
S01010772,Whole house or bungalow: Detached,273,228,45,39,6
S01010772,Whole house or bungalow: Semi-detached,135,123,12,5,7
S01010772,Whole house or bungalow: Terraced (including end-terrace),29,21,8,5,3
S01010772,Flat maisonette or apartment or mobile/temporary accommodation,4,4,0,0,0
S01010773,All household spaces,362,336,26,19,7
S01010773,Whole house or bungalow: Total,349,324,25,18,7
S01010773,Whole house or bungalow: Detached,271,250,21,15,6
S01010773,Whole house or bungalow: Semi-detached,70,67,3,2,1
S01010773,Whole house or bungalow: Terraced (including end-terrace),8,7,1,1,0
S01010773,Flat maisonette or apartment or mobile/temporary accommodation,13,12,1,1,0
S01010774,All household spaces,356,325,31,19,12
S01010774,Whole house or bungalow: Total,345,314,31,19,12
S01010774,Whole house or bungalow: Detached,157,140,17,9,8
S01010774,Whole house or bungalow: Semi-detached,118,110,8,6,2
S01010774,Whole house or bungalow: Terraced (including end-terrace),70,64,6,4,2
S01010774,Flat maisonette or apartment or mobile/temporary accommodation,11,11,0,0,0
S01010775,All household spaces,278,266,12,4,8
S01010775,Whole house or bungalow: Total,269,257,12,4,8
S01010775,Whole house or bungalow: Detached,165,157,8,1,7
S01010775,Whole house or bungalow: Semi-detached,96,92,4,3,1
S01010775,Whole house or bungalow: Terraced (including end-terrace),8,8,0,0,0
S01010775,Flat maisonette or apartment or mobile/temporary accommodation,9,9,0,0,0
S01010776,All household spaces,283,266,17,2,15
S01010776,Whole house or bungalow: Total,243,228,15,2,13
S01010776,Whole house or bungalow: Detached,18,18,0,0,0
S01010776,Whole house or bungalow: Semi-detached,53,51,2,1,1
S01010776,Whole house or bungalow: Terraced (including end-terrace),172,159,13,1,12
S01010776,Flat maisonette or apartment or mobile/temporary accommodation,40,38,2,0,2
S01010777,All household spaces,316,270,46,4,42
S01010777,Whole house or bungalow: Total,192,183,9,2,7
S01010777,Whole house or bungalow: Detached,21,20,1,0,1
S01010777,Whole house or bungalow: Semi-detached,57,56,1,0,1
S01010777,Whole house or bungalow: Terraced (including end-terrace),114,107,7,2,5
S01010777,Flat maisonette or apartment or mobile/temporary accommodation,124,87,37,2,35
S01010778,All household spaces,260,239,21,12,9
S01010778,Whole house or bungalow: Total,185,172,13,5,8
S01010778,Whole house or bungalow: Detached,23,23,0,0,0
S01010778,Whole house or bungalow: Semi-detached,75,72,3,0,3
S01010778,Whole house or bungalow: Terraced (including end-terrace),87,77,10,5,5
S01010778,Flat maisonette or apartment or mobile/temporary accommodation,75,67,8,7,1
S01010779,All household spaces,378,355,23,2,21
S01010779,Whole house or bungalow: Total,224,214,10,1,9
S01010779,Whole house or bungalow: Detached,58,57,1,0,1
S01010779,Whole house or bungalow: Semi-detached,111,104,7,1,6
S01010779,Whole house or bungalow: Terraced (including end-terrace),55,53,2,0,2
S01010779,Flat maisonette or apartment or mobile/temporary accommodation,154,141,13,1,12
S01010780,All household spaces,278,261,17,0,17
S01010780,Whole house or bungalow: Total,241,231,10,0,10
S01010780,Whole house or bungalow: Detached,65,62,3,0,3
S01010780,Whole house or bungalow: Semi-detached,109,104,5,0,5
S01010780,Whole house or bungalow: Terraced (including end-terrace),67,65,2,0,2
S01010780,Flat maisonette or apartment or mobile/temporary accommodation,37,30,7,0,7
S01010781,All household spaces,402,350,52,3,49
S01010781,Whole house or bungalow: Total,343,298,45,2,43
S01010781,Whole house or bungalow: Detached,93,87,6,0,6
S01010781,Whole house or bungalow: Semi-detached,72,69,3,1,2
S01010781,Whole house or bungalow: Terraced (including end-terrace),178,142,36,1,35
S01010781,Flat maisonette or apartment or mobile/temporary accommodation,59,52,7,1,6
S01010782,All household spaces,334,293,41,16,25
S01010782,Whole house or bungalow: Total,234,215,19,6,13
S01010782,Whole house or bungalow: Detached,79,75,4,0,4
S01010782,Whole house or bungalow: Semi-detached,88,83,5,2,3
S01010782,Whole house or bungalow: Terraced (including end-terrace),67,57,10,4,6
S01010782,Flat maisonette or apartment or mobile/temporary accommodation,100,78,22,10,12
S01010783,All household spaces,280,275,5,0,5
S01010783,Whole house or bungalow: Total,192,189,3,0,3
S01010783,Whole house or bungalow: Detached,23,22,1,0,1
S01010783,Whole house or bungalow: Semi-detached,79,79,0,0,0
S01010783,Whole house or bungalow: Terraced (including end-terrace),90,88,2,0,2
S01010783,Flat maisonette or apartment or mobile/temporary accommodation,88,86,2,0,2
S01010784,All household spaces,359,345,14,12,2
S01010784,Whole house or bungalow: Total,354,340,14,12,2
S01010784,Whole house or bungalow: Detached,33,33,0,0,0
S01010784,Whole house or bungalow: Semi-detached,144,143,1,0,1
S01010784,Whole house or bungalow: Terraced (including end-terrace),177,164,13,12,1
S01010784,Flat maisonette or apartment or mobile/temporary accommodation,5,5,0,0,0
S01010785,All household spaces,310,301,9,2,7
S01010785,Whole house or bungalow: Total,272,263,9,2,7
S01010785,Whole house or bungalow: Detached,202,195,7,1,6
S01010785,Whole house or bungalow: Semi-detached,36,35,1,0,1
S01010785,Whole house or bungalow: Terraced (including end-terrace),34,33,1,1,0
S01010785,Flat maisonette or apartment or mobile/temporary accommodation,38,38,0,0,0
S01010786,All household spaces,268,255,13,1,12
S01010786,Whole house or bungalow: Total,265,252,13,1,12
S01010786,Whole house or bungalow: Detached,140,135,5,0,5
S01010786,Whole house or bungalow: Semi-detached,113,105,8,1,7
S01010786,Whole house or bungalow: Terraced (including end-terrace),12,12,0,0,0
S01010786,Flat maisonette or apartment or mobile/temporary accommodation,3,3,0,0,0
S01010787,All household spaces,399,384,15,9,6
S01010787,Whole house or bungalow: Total,388,373,15,9,6
S01010787,Whole house or bungalow: Detached,232,219,13,8,5
S01010787,Whole house or bungalow: Semi-detached,139,137,2,1,1
S01010787,Whole house or bungalow: Terraced (including end-terrace),17,17,0,0,0
S01010787,Flat maisonette or apartment or mobile/temporary accommodation,11,11,0,0,0
S01010788,All household spaces,287,274,13,10,3
S01010788,Whole house or bungalow: Total,272,260,12,9,3
S01010788,Whole house or bungalow: Detached,174,170,4,3,1
S01010788,Whole house or bungalow: Semi-detached,83,76,7,5,2
S01010788,Whole house or bungalow: Terraced (including end-terrace),15,14,1,1,0
S01010788,Flat maisonette or apartment or mobile/temporary accommodation,15,14,1,1,0
S01010789,All household spaces,312,292,20,13,7
S01010789,Whole house or bungalow: Total,303,283,20,13,7
S01010789,Whole house or bungalow: Detached,181,169,12,8,4
S01010789,Whole house or bungalow: Semi-detached,93,88,5,3,2
S01010789,Whole house or bungalow: Terraced (including end-terrace),29,26,3,2,1
S01010789,Flat maisonette or apartment or mobile/temporary accommodation,9,9,0,0,0
S01010790,All household spaces,327,282,45,43,2
S01010790,Whole house or bungalow: Total,317,274,43,41,2
S01010790,Whole house or bungalow: Detached,270,235,35,33,2
S01010790,Whole house or bungalow: Semi-detached,44,36,8,8,0
S01010790,Whole house or bungalow: Terraced (including end-terrace),3,3,0,0,0
S01010790,Flat maisonette or apartment or mobile/temporary accommodation,10,8,2,2,0
S01010791,All household spaces,424,369,55,34,21
S01010791,Whole house or bungalow: Total,418,364,54,33,21
S01010791,Whole house or bungalow: Detached,333,280,53,32,21
S01010791,Whole house or bungalow: Semi-detached,76,76,0,0,0
S01010791,Whole house or bungalow: Terraced (including end-terrace),9,8,1,1,0
S01010791,Flat maisonette or apartment or mobile/temporary accommodation,6,5,1,1,0
S01010792,All household spaces,301,287,14,10,4
S01010792,Whole house or bungalow: Total,295,281,14,10,4
S01010792,Whole house or bungalow: Detached,65,59,6,6,0
S01010792,Whole house or bungalow: Semi-detached,160,156,4,4,0
S01010792,Whole house or bungalow: Terraced (including end-terrace),70,66,4,0,4
S01010792,Flat maisonette or apartment or mobile/temporary accommodation,6,6,0,0,0
S01010793,All household spaces,293,275,18,8,10
S01010793,Whole house or bungalow: Total,290,274,16,7,9
S01010793,Whole house or bungalow: Detached,183,174,9,3,6
S01010793,Whole house or bungalow: Semi-detached,90,84,6,4,2
S01010793,Whole house or bungalow: Terraced (including end-terrace),17,16,1,0,1
S01010793,Flat maisonette or apartment or mobile/temporary accommodation,3,1,2,1,1
S01010794,All household spaces,237,234,3,0,3
S01010794,Whole house or bungalow: Total,219,217,2,0,2
S01010794,Whole house or bungalow: Detached,145,144,1,0,1
S01010794,Whole house or bungalow: Semi-detached,48,47,1,0,1
S01010794,Whole house or bungalow: Terraced (including end-terrace),26,26,0,0,0
S01010794,Flat maisonette or apartment or mobile/temporary accommodation,18,17,1,0,1
S01010795,All household spaces,483,445,38,21,17
S01010795,Whole house or bungalow: Total,464,432,32,17,15
S01010795,Whole house or bungalow: Detached,247,234,13,8,5
S01010795,Whole house or bungalow: Semi-detached,175,160,15,7,8
S01010795,Whole house or bungalow: Terraced (including end-terrace),42,38,4,2,2
S01010795,Flat maisonette or apartment or mobile/temporary accommodation,19,13,6,4,2
S01010796,All household spaces,377,341,36,22,14
S01010796,Whole house or bungalow: Total,371,336,35,21,14
S01010796,Whole house or bungalow: Detached,315,290,25,13,12
S01010796,Whole house or bungalow: Semi-detached,51,41,10,8,2
S01010796,Whole house or bungalow: Terraced (including end-terrace),5,5,0,0,0
S01010796,Flat maisonette or apartment or mobile/temporary accommodation,6,5,1,1,0
S01010797,All household spaces,342,329,13,5,8
S01010797,Whole house or bungalow: Total,339,326,13,5,8
S01010797,Whole house or bungalow: Detached,217,207,10,5,5
S01010797,Whole house or bungalow: Semi-detached,110,107,3,0,3
S01010797,Whole house or bungalow: Terraced (including end-terrace),12,12,0,0,0
S01010797,Flat maisonette or apartment or mobile/temporary accommodation,3,3,0,0,0
S01010798,All household spaces,328,293,35,18,17
S01010798,Whole house or bungalow: Total,324,289,35,18,17
S01010798,Whole house or bungalow: Detached,211,190,21,11,10
S01010798,Whole house or bungalow: Semi-detached,83,76,7,3,4
S01010798,Whole house or bungalow: Terraced (including end-terrace),30,23,7,4,3
S01010798,Flat maisonette or apartment or mobile/temporary accommodation,4,4,0,0,0
S01010799,All household spaces,550,530,20,5,15
S01010799,Whole house or bungalow: Total,367,358,9,1,8
S01010799,Whole house or bungalow: Detached,48,48,0,0,0
S01010799,Whole house or bungalow: Semi-detached,135,135,0,0,0
S01010799,Whole house or bungalow: Terraced (including end-terrace),184,175,9,1,8
S01010799,Flat maisonette or apartment or mobile/temporary accommodation,183,172,11,4,7
S01010800,All household spaces,360,360,0,0,0
S01010800,Whole house or bungalow: Total,324,324,0,0,0
S01010800,Whole house or bungalow: Detached,15,15,0,0,0
S01010800,Whole house or bungalow: Semi-detached,170,170,0,0,0
S01010800,Whole house or bungalow: Terraced (including end-terrace),139,139,0,0,0
S01010800,Flat maisonette or apartment or mobile/temporary accommodation,36,36,0,0,0
S01010801,All household spaces,365,354,11,1,10
S01010801,Whole house or bungalow: Total,355,345,10,1,9
S01010801,Whole house or bungalow: Detached,21,21,0,0,0
S01010801,Whole house or bungalow: Semi-detached,126,124,2,0,2
S01010801,Whole house or bungalow: Terraced (including end-terrace),208,200,8,1,7
S01010801,Flat maisonette or apartment or mobile/temporary accommodation,10,9,1,0,1
S01010802,All household spaces,269,263,6,2,4
S01010802,Whole house or bungalow: Total,213,207,6,2,4
S01010802,Whole house or bungalow: Detached,30,29,1,1,0
S01010802,Whole house or bungalow: Semi-detached,130,128,2,1,1
S01010802,Whole house or bungalow: Terraced (including end-terrace),53,50,3,0,3
S01010802,Flat maisonette or apartment or mobile/temporary accommodation,56,56,0,0,0
S01010803,All household spaces,285,280,5,1,4
S01010803,Whole house or bungalow: Total,212,210,2,1,1
S01010803,Whole house or bungalow: Detached,31,31,0,0,0
S01010803,Whole house or bungalow: Semi-detached,138,136,2,1,1
S01010803,Whole house or bungalow: Terraced (including end-terrace),43,43,0,0,0
S01010803,Flat maisonette or apartment or mobile/temporary accommodation,73,70,3,0,3
S01010804,All household spaces,288,283,5,0,5
S01010804,Whole house or bungalow: Total,253,249,4,0,4
S01010804,Whole house or bungalow: Detached,85,84,1,0,1
S01010804,Whole house or bungalow: Semi-detached,118,118,0,0,0
S01010804,Whole house or bungalow: Terraced (including end-terrace),50,47,3,0,3
S01010804,Flat maisonette or apartment or mobile/temporary accommodation,35,34,1,0,1
S01010805,All household spaces,394,377,17,2,15
S01010805,Whole house or bungalow: Total,340,330,10,2,8
S01010805,Whole house or bungalow: Detached,108,105,3,0,3
S01010805,Whole house or bungalow: Semi-detached,153,148,5,1,4
S01010805,Whole house or bungalow: Terraced (including end-terrace),79,77,2,1,1
S01010805,Flat maisonette or apartment or mobile/temporary accommodation,54,47,7,0,7
S01010806,All household spaces,473,458,15,0,15
S01010806,Whole house or bungalow: Total,430,417,13,0,13
S01010806,Whole house or bungalow: Detached,93,91,2,0,2
S01010806,Whole house or bungalow: Semi-detached,164,162,2,0,2
S01010806,Whole house or bungalow: Terraced (including end-terrace),173,164,9,0,9
S01010806,Flat maisonette or apartment or mobile/temporary accommodation,43,41,2,0,2
S01010807,All household spaces,246,244,2,0,2
S01010807,Whole house or bungalow: Total,220,218,2,0,2
S01010807,Whole house or bungalow: Detached,15,15,0,0,0
S01010807,Whole house or bungalow: Semi-detached,182,180,2,0,2
S01010807,Whole house or bungalow: Terraced (including end-terrace),23,23,0,0,0
S01010807,Flat maisonette or apartment or mobile/temporary accommodation,26,26,0,0,0
S01010808,All household spaces,231,230,1,0,1
S01010808,Whole house or bungalow: Total,210,209,1,0,1
S01010808,Whole house or bungalow: Detached,13,13,0,0,0
S01010808,Whole house or bungalow: Semi-detached,153,153,0,0,0
S01010808,Whole house or bungalow: Terraced (including end-terrace),44,43,1,0,1
S01010808,Flat maisonette or apartment or mobile/temporary accommodation,21,21,0,0,0
S01010809,All household spaces,332,328,4,4,0
S01010809,Whole house or bungalow: Total,325,321,4,4,0
S01010809,Whole house or bungalow: Detached,168,165,3,3,0
S01010809,Whole house or bungalow: Semi-detached,141,140,1,1,0
S01010809,Whole house or bungalow: Terraced (including end-terrace),16,16,0,0,0
S01010809,Flat maisonette or apartment or mobile/temporary accommodation,7,7,0,0,0
S01010810,All household spaces,294,249,45,31,14
S01010810,Whole house or bungalow: Total,290,245,45,31,14
S01010810,Whole house or bungalow: Detached,211,179,32,23,9
S01010810,Whole house or bungalow: Semi-detached,55,44,11,6,5
S01010810,Whole house or bungalow: Terraced (including end-terrace),24,22,2,2,0
S01010810,Flat maisonette or apartment or mobile/temporary accommodation,4,4,0,0,0
S01010811,All household spaces,536,414,122,83,39
S01010811,Whole house or bungalow: Total,529,409,120,82,38
S01010811,Whole house or bungalow: Detached,407,300,107,74,33
S01010811,Whole house or bungalow: Semi-detached,93,80,13,8,5
S01010811,Whole house or bungalow: Terraced (including end-terrace),29,29,0,0,0
S01010811,Flat maisonette or apartment or mobile/temporary accommodation,7,5,2,1,1
S01010812,All household spaces,327,238,89,75,14
S01010812,Whole house or bungalow: Total,318,233,85,72,13
S01010812,Whole house or bungalow: Detached,246,169,77,64,13
S01010812,Whole house or bungalow: Semi-detached,59,53,6,6,0
S01010812,Whole house or bungalow: Terraced (including end-terrace),13,11,2,2,0
S01010812,Flat maisonette or apartment or mobile/temporary accommodation,9,5,4,3,1
S01010813,All household spaces,298,249,49,34,15
S01010813,Whole house or bungalow: Total,252,208,44,32,12
S01010813,Whole house or bungalow: Detached,122,88,34,30,4
S01010813,Whole house or bungalow: Semi-detached,107,97,10,2,8
S01010813,Whole house or bungalow: Terraced (including end-terrace),23,23,0,0,0
S01010813,Flat maisonette or apartment or mobile/temporary accommodation,46,41,5,2,3
S01010814,All household spaces,469,307,162,156,6
S01010814,Whole house or bungalow: Total,443,297,146,141,5
S01010814,Whole house or bungalow: Detached,366,232,134,130,4
S01010814,Whole house or bungalow: Semi-detached,71,60,11,10,1
S01010814,Whole house or bungalow: Terraced (including end-terrace),6,5,1,1,0
S01010814,Flat maisonette or apartment or mobile/temporary accommodation,26,10,16,15,1
S01010815,All household spaces,292,208,84,77,7
S01010815,Whole house or bungalow: Total,288,207,81,74,7
S01010815,Whole house or bungalow: Detached,203,128,75,69,6
S01010815,Whole house or bungalow: Semi-detached,79,73,6,5,1
S01010815,Whole house or bungalow: Terraced (including end-terrace),6,6,0,0,0
S01010815,Flat maisonette or apartment or mobile/temporary accommodation,4,1,3,3,0
S01010816,All household spaces,315,293,22,1,21
S01010816,Whole house or bungalow: Total,146,143,3,0,3
S01010816,Whole house or bungalow: Detached,97,95,2,0,2
S01010816,Whole house or bungalow: Semi-detached,37,37,0,0,0
S01010816,Whole house or bungalow: Terraced (including end-terrace),12,11,1,0,1
S01010816,Flat maisonette or apartment or mobile/temporary accommodation,169,150,19,1,18
S01010817,All household spaces,392,376,16,0,16
S01010817,Whole house or bungalow: Total,319,305,14,0,14
S01010817,Whole house or bungalow: Detached,218,206,12,0,12
S01010817,Whole house or bungalow: Semi-detached,59,59,0,0,0
S01010817,Whole house or bungalow: Terraced (including end-terrace),42,40,2,0,2
S01010817,Flat maisonette or apartment or mobile/temporary accommodation,73,71,2,0,2
S01010818,All household spaces,530,507,23,6,17
S01010818,Whole house or bungalow: Total,302,297,5,0,5
S01010818,Whole house or bungalow: Detached,165,160,5,0,5
S01010818,Whole house or bungalow: Semi-detached,77,77,0,0,0
S01010818,Whole house or bungalow: Terraced (including end-terrace),60,60,0,0,0
S01010818,Flat maisonette or apartment or mobile/temporary accommodation,228,210,18,6,12
S01010819,All household spaces,385,374,11,1,10
S01010819,Whole house or bungalow: Total,299,291,8,1,7
S01010819,Whole house or bungalow: Detached,90,87,3,1,2
S01010819,Whole house or bungalow: Semi-detached,110,107,3,0,3
S01010819,Whole house or bungalow: Terraced (including end-terrace),99,97,2,0,2
S01010819,Flat maisonette or apartment or mobile/temporary accommodation,86,83,3,0,3
S01010820,All household spaces,228,217,11,1,10
S01010820,Whole house or bungalow: Total,205,194,11,1,10
S01010820,Whole house or bungalow: Detached,124,120,4,1,3
S01010820,Whole house or bungalow: Semi-detached,45,45,0,0,0
S01010820,Whole house or bungalow: Terraced (including end-terrace),36,29,7,0,7
S01010820,Flat maisonette or apartment or mobile/temporary accommodation,23,23,0,0,0
S01010821,All household spaces,254,245,9,0,9
S01010821,Whole house or bungalow: Total,234,225,9,0,9
S01010821,Whole house or bungalow: Detached,210,203,7,0,7
S01010821,Whole house or bungalow: Semi-detached,18,16,2,0,2
S01010821,Whole house or bungalow: Terraced (including end-terrace),6,6,0,0,0
S01010821,Flat maisonette or apartment or mobile/temporary accommodation,20,20,0,0,0
S01010822,All household spaces,297,280,17,5,12
S01010822,Whole house or bungalow: Total,202,193,9,2,7
S01010822,Whole house or bungalow: Detached,138,130,8,2,6
S01010822,Whole house or bungalow: Semi-detached,47,46,1,0,1
S01010822,Whole house or bungalow: Terraced (including end-terrace),17,17,0,0,0
S01010822,Flat maisonette or apartment or mobile/temporary accommodation,95,87,8,3,5
S01010823,All household spaces,147,147,0,0,0
S01010823,Whole house or bungalow: Total,135,135,0,0,0
S01010823,Whole house or bungalow: Detached,21,21,0,0,0
S01010823,Whole house or bungalow: Semi-detached,53,53,0,0,0
S01010823,Whole house or bungalow: Terraced (including end-terrace),61,61,0,0,0
S01010823,Flat maisonette or apartment or mobile/temporary accommodation,12,12,0,0,0
S01010824,All household spaces,250,250,0,0,0
S01010824,Whole house or bungalow: Total,242,242,0,0,0
S01010824,Whole house or bungalow: Detached,183,183,0,0,0
S01010824,Whole house or bungalow: Semi-detached,52,52,0,0,0
S01010824,Whole house or bungalow: Terraced (including end-terrace),7,7,0,0,0
S01010824,Flat maisonette or apartment or mobile/temporary accommodation,8,8,0,0,0
S01010825,All household spaces,147,125,22,0,22
S01010825,Whole house or bungalow: Total,133,111,22,0,22
S01010825,Whole house or bungalow: Detached,113,100,13,0,13
S01010825,Whole house or bungalow: Semi-detached,8,8,0,0,0
S01010825,Whole house or bungalow: Terraced (including end-terrace),12,3,9,0,9
S01010825,Flat maisonette or apartment or mobile/temporary accommodation,14,14,0,0,0
S01010826,All household spaces,327,315,12,3,9
S01010826,Whole house or bungalow: Total,216,212,4,1,3
S01010826,Whole house or bungalow: Detached,134,132,2,1,1
S01010826,Whole house or bungalow: Semi-detached,76,76,0,0,0
S01010826,Whole house or bungalow: Terraced (including end-terrace),6,4,2,0,2
S01010826,Flat maisonette or apartment or mobile/temporary accommodation,111,103,8,2,6
S01010827,All household spaces,222,221,1,0,1
S01010827,Whole house or bungalow: Total,204,203,1,0,1
S01010827,Whole house or bungalow: Detached,92,91,1,0,1
S01010827,Whole house or bungalow: Semi-detached,109,109,0,0,0
S01010827,Whole house or bungalow: Terraced (including end-terrace),3,3,0,0,0
S01010827,Flat maisonette or apartment or mobile/temporary accommodation,18,18,0,0,0
S01010828,All household spaces,446,441,5,2,3
S01010828,Whole house or bungalow: Total,398,397,1,0,1
S01010828,Whole house or bungalow: Detached,279,278,1,0,1
S01010828,Whole house or bungalow: Semi-detached,110,110,0,0,0
S01010828,Whole house or bungalow: Terraced (including end-terrace),9,9,0,0,0
S01010828,Flat maisonette or apartment or mobile/temporary accommodation,48,44,4,2,2
S01010829,All household spaces,510,464,46,7,39
S01010829,Whole house or bungalow: Total,251,238,13,1,12
S01010829,Whole house or bungalow: Detached,122,116,6,0,6
S01010829,Whole house or bungalow: Semi-detached,42,41,1,0,1
S01010829,Whole house or bungalow: Terraced (including end-terrace),87,81,6,1,5
S01010829,Flat maisonette or apartment or mobile/temporary accommodation,259,226,33,6,27
S01010830,All household spaces,233,231,2,1,1
S01010830,Whole house or bungalow: Total,208,207,1,1,0
S01010830,Whole house or bungalow: Detached,63,63,0,0,0
S01010830,Whole house or bungalow: Semi-detached,63,63,0,0,0
S01010830,Whole house or bungalow: Terraced (including end-terrace),82,81,1,1,0
S01010830,Flat maisonette or apartment or mobile/temporary accommodation,25,24,1,0,1
S01010831,All household spaces,197,197,0,0,0
S01010831,Whole house or bungalow: Total,193,193,0,0,0
S01010831,Whole house or bungalow: Detached,138,138,0,0,0
S01010831,Whole house or bungalow: Semi-detached,47,47,0,0,0
S01010831,Whole house or bungalow: Terraced (including end-terrace),8,8,0,0,0
S01010831,Flat maisonette or apartment or mobile/temporary accommodation,4,4,0,0,0
S01010832,All household spaces,287,284,3,0,3
S01010832,Whole house or bungalow: Total,274,271,3,0,3
S01010832,Whole house or bungalow: Detached,39,39,0,0,0
S01010832,Whole house or bungalow: Semi-detached,153,151,2,0,2
S01010832,Whole house or bungalow: Terraced (including end-terrace),82,81,1,0,1
S01010832,Flat maisonette or apartment or mobile/temporary accommodation,13,13,0,0,0
S01010833,All household spaces,356,348,8,1,7
S01010833,Whole house or bungalow: Total,289,285,4,1,3
S01010833,Whole house or bungalow: Detached,238,235,3,1,2
S01010833,Whole house or bungalow: Semi-detached,49,48,1,0,1
S01010833,Whole house or bungalow: Terraced (including end-terrace),2,2,0,0,0
S01010833,Flat maisonette or apartment or mobile/temporary accommodation,67,63,4,0,4
S01010834,All household spaces,433,422,11,3,8
S01010834,Whole house or bungalow: Total,258,255,3,0,3
S01010834,Whole house or bungalow: Detached,161,159,2,0,2
S01010834,Whole house or bungalow: Semi-detached,69,68,1,0,1
S01010834,Whole house or bungalow: Terraced (including end-terrace),28,28,0,0,0
S01010834,Flat maisonette or apartment or mobile/temporary accommodation,175,167,8,3,5
S01010835,All household spaces,278,270,8,0,8
S01010835,Whole house or bungalow: Total,257,249,8,0,8
S01010835,Whole house or bungalow: Detached,147,141,6,0,6
S01010835,Whole house or bungalow: Semi-detached,101,99,2,0,2
S01010835,Whole house or bungalow: Terraced (including end-terrace),9,9,0,0,0
S01010835,Flat maisonette or apartment or mobile/temporary accommodation,21,21,0,0,0
S01010836,All household spaces,399,384,15,2,13
S01010836,Whole house or bungalow: Total,146,146,0,0,0
S01010836,Whole house or bungalow: Detached,65,65,0,0,0
S01010836,Whole house or bungalow: Semi-detached,62,62,0,0,0
S01010836,Whole house or bungalow: Terraced (including end-terrace),19,19,0,0,0
S01010836,Flat maisonette or apartment or mobile/temporary accommodation,253,238,15,2,13
S01010837,All household spaces,295,289,6,0,6
S01010837,Whole house or bungalow: Total,203,198,5,0,5
S01010837,Whole house or bungalow: Detached,26,25,1,0,1
S01010837,Whole house or bungalow: Semi-detached,142,139,3,0,3
S01010837,Whole house or bungalow: Terraced (including end-terrace),35,34,1,0,1
S01010837,Flat maisonette or apartment or mobile/temporary accommodation,92,91,1,0,1
S01010838,All household spaces,336,330,6,0,6
S01010838,Whole house or bungalow: Total,208,206,2,0,2
S01010838,Whole house or bungalow: Detached,27,26,1,0,1
S01010838,Whole house or bungalow: Semi-detached,128,127,1,0,1
S01010838,Whole house or bungalow: Terraced (including end-terrace),53,53,0,0,0
S01010838,Flat maisonette or apartment or mobile/temporary accommodation,128,124,4,0,4
S01010839,All household spaces,344,339,5,1,4
S01010839,Whole house or bungalow: Total,211,209,2,0,2
S01010839,Whole house or bungalow: Detached,36,36,0,0,0
S01010839,Whole house or bungalow: Semi-detached,89,89,0,0,0
S01010839,Whole house or bungalow: Terraced (including end-terrace),86,84,2,0,2
S01010839,Flat maisonette or apartment or mobile/temporary accommodation,133,130,3,1,2
S01010840,All household spaces,320,300,20,1,19
S01010840,Whole house or bungalow: Total,30,30,0,0,0
S01010840,Whole house or bungalow: Detached,7,7,0,0,0
S01010840,Whole house or bungalow: Semi-detached,18,18,0,0,0
S01010840,Whole house or bungalow: Terraced (including end-terrace),5,5,0,0,0
S01010840,Flat maisonette or apartment or mobile/temporary accommodation,290,270,20,1,19
S01010841,All household spaces,408,390,18,0,18
S01010841,Whole house or bungalow: Total,70,70,0,0,0
S01010841,Whole house or bungalow: Detached,11,11,0,0,0
S01010841,Whole house or bungalow: Semi-detached,42,42,0,0,0
S01010841,Whole house or bungalow: Terraced (including end-terrace),17,17,0,0,0
S01010841,Flat maisonette or apartment or mobile/temporary accommodation,338,320,18,0,18
S01010842,All household spaces,643,613,30,0,30
S01010842,Whole house or bungalow: Total,72,71,1,0,1
S01010842,Whole house or bungalow: Detached,9,9,0,0,0
S01010842,Whole house or bungalow: Semi-detached,26,26,0,0,0
S01010842,Whole house or bungalow: Terraced (including end-terrace),37,36,1,0,1
S01010842,Flat maisonette or apartment or mobile/temporary accommodation,571,542,29,0,29
S01010843,All household spaces,426,407,19,0,19
S01010843,Whole house or bungalow: Total,29,29,0,0,0
S01010843,Whole house or bungalow: Detached,8,8,0,0,0
S01010843,Whole house or bungalow: Semi-detached,16,16,0,0,0
S01010843,Whole house or bungalow: Terraced (including end-terrace),5,5,0,0,0
S01010843,Flat maisonette or apartment or mobile/temporary accommodation,397,378,19,0,19
S01010844,All household spaces,292,289,3,0,3
S01010844,Whole house or bungalow: Total,232,229,3,0,3
S01010844,Whole house or bungalow: Detached,73,73,0,0,0
S01010844,Whole house or bungalow: Semi-detached,101,98,3,0,3
S01010844,Whole house or bungalow: Terraced (including end-terrace),58,58,0,0,0
S01010844,Flat maisonette or apartment or mobile/temporary accommodation,60,60,0,0,0
S01010845,All household spaces,265,259,6,0,6
S01010845,Whole house or bungalow: Total,201,195,6,0,6
S01010845,Whole house or bungalow: Detached,41,41,0,0,0
S01010845,Whole house or bungalow: Semi-detached,95,91,4,0,4
S01010845,Whole house or bungalow: Terraced (including end-terrace),65,63,2,0,2
S01010845,Flat maisonette or apartment or mobile/temporary accommodation,64,64,0,0,0
S01010846,All household spaces,305,296,9,0,9
S01010846,Whole house or bungalow: Total,86,83,3,0,3
S01010846,Whole house or bungalow: Detached,14,14,0,0,0
S01010846,Whole house or bungalow: Semi-detached,62,61,1,0,1
S01010846,Whole house or bungalow: Terraced (including end-terrace),10,8,2,0,2
S01010846,Flat maisonette or apartment or mobile/temporary accommodation,219,213,6,0,6
S01010847,All household spaces,260,259,1,0,1
S01010847,Whole house or bungalow: Total,229,228,1,0,1
S01010847,Whole house or bungalow: Detached,64,64,0,0,0
S01010847,Whole house or bungalow: Semi-detached,115,115,0,0,0
S01010847,Whole house or bungalow: Terraced (including end-terrace),50,49,1,0,1
S01010847,Flat maisonette or apartment or mobile/temporary accommodation,31,31,0,0,0
S01010848,All household spaces,315,260,55,0,55
S01010848,Whole house or bungalow: Total,145,144,1,0,1
S01010848,Whole house or bungalow: Detached,11,11,0,0,0
S01010848,Whole house or bungalow: Semi-detached,80,80,0,0,0
S01010848,Whole house or bungalow: Terraced (including end-terrace),54,53,1,0,1
S01010848,Flat maisonette or apartment or mobile/temporary accommodation,170,116,54,0,54
S01010849,All household spaces,377,364,13,0,13
S01010849,Whole house or bungalow: Total,296,292,4,0,4
S01010849,Whole house or bungalow: Detached,21,21,0,0,0
S01010849,Whole house or bungalow: Semi-detached,169,169,0,0,0
S01010849,Whole house or bungalow: Terraced (including end-terrace),106,102,4,0,4
S01010849,Flat maisonette or apartment or mobile/temporary accommodation,81,72,9,0,9
S01010850,All household spaces,391,373,18,0,18
S01010850,Whole house or bungalow: Total,285,285,0,0,0
S01010850,Whole house or bungalow: Detached,27,27,0,0,0
S01010850,Whole house or bungalow: Semi-detached,94,94,0,0,0
S01010850,Whole house or bungalow: Terraced (including end-terrace),164,164,0,0,0
S01010850,Flat maisonette or apartment or mobile/temporary accommodation,106,88,18,0,18
S01010851,All household spaces,358,347,11,0,11
S01010851,Whole house or bungalow: Total,306,302,4,0,4
S01010851,Whole house or bungalow: Detached,11,11,0,0,0
S01010851,Whole house or bungalow: Semi-detached,143,141,2,0,2
S01010851,Whole house or bungalow: Terraced (including end-terrace),152,150,2,0,2
S01010851,Flat maisonette or apartment or mobile/temporary accommodation,52,45,7,0,7
S01010852,All household spaces,308,306,2,0,2
S01010852,Whole house or bungalow: Total,286,284,2,0,2
S01010852,Whole house or bungalow: Detached,12,12,0,0,0
S01010852,Whole house or bungalow: Semi-detached,90,89,1,0,1
S01010852,Whole house or bungalow: Terraced (including end-terrace),184,183,1,0,1
S01010852,Flat maisonette or apartment or mobile/temporary accommodation,22,22,0,0,0
S01010853,All household spaces,364,358,6,0,6
S01010853,Whole house or bungalow: Total,345,339,6,0,6
S01010853,Whole house or bungalow: Detached,31,30,1,0,1
S01010853,Whole house or bungalow: Semi-detached,134,133,1,0,1
S01010853,Whole house or bungalow: Terraced (including end-terrace),180,176,4,0,4
S01010853,Flat maisonette or apartment or mobile/temporary accommodation,19,19,0,0,0
S01010854,All household spaces,387,384,3,0,3
S01010854,Whole house or bungalow: Total,333,330,3,0,3
S01010854,Whole house or bungalow: Detached,17,17,0,0,0
S01010854,Whole house or bungalow: Semi-detached,177,174,3,0,3
S01010854,Whole house or bungalow: Terraced (including end-terrace),139,139,0,0,0
S01010854,Flat maisonette or apartment or mobile/temporary accommodation,54,54,0,0,0
S01010855,All household spaces,226,223,3,0,3
S01010855,Whole house or bungalow: Total,207,205,2,0,2
S01010855,Whole house or bungalow: Detached,10,10,0,0,0
S01010855,Whole house or bungalow: Semi-detached,103,102,1,0,1
S01010855,Whole house or bungalow: Terraced (including end-terrace),94,93,1,0,1
S01010855,Flat maisonette or apartment or mobile/temporary accommodation,19,18,1,0,1
S01010856,All household spaces,483,455,28,0,28
S01010856,Whole house or bungalow: Total,325,314,11,0,11
S01010856,Whole house or bungalow: Detached,15,15,0,0,0
S01010856,Whole house or bungalow: Semi-detached,125,119,6,0,6
S01010856,Whole house or bungalow: Terraced (including end-terrace),185,180,5,0,5
S01010856,Flat maisonette or apartment or mobile/temporary accommodation,158,141,17,0,17
S01010857,All household spaces,328,324,4,0,4
S01010857,Whole house or bungalow: Total,240,239,1,0,1
S01010857,Whole house or bungalow: Detached,56,56,0,0,0
S01010857,Whole house or bungalow: Semi-detached,151,150,1,0,1
S01010857,Whole house or bungalow: Terraced (including end-terrace),33,33,0,0,0
S01010857,Flat maisonette or apartment or mobile/temporary accommodation,88,85,3,0,3
S01010858,All household spaces,337,330,7,0,7
S01010858,Whole house or bungalow: Total,226,223,3,0,3
S01010858,Whole house or bungalow: Detached,15,15,0,0,0
S01010858,Whole house or bungalow: Semi-detached,164,161,3,0,3
S01010858,Whole house or bungalow: Terraced (including end-terrace),47,47,0,0,0
S01010858,Flat maisonette or apartment or mobile/temporary accommodation,111,107,4,0,4
S01010859,All household spaces,332,304,28,0,28
S01010859,Whole house or bungalow: Total,220,220,0,0,0
S01010859,Whole house or bungalow: Detached,9,9,0,0,0
S01010859,Whole house or bungalow: Semi-detached,110,110,0,0,0
S01010859,Whole house or bungalow: Terraced (including end-terrace),101,101,0,0,0
S01010859,Flat maisonette or apartment or mobile/temporary accommodation,112,84,28,0,28
S01010860,All household spaces,280,279,1,0,1
S01010860,Whole house or bungalow: Total,210,209,1,0,1
S01010860,Whole house or bungalow: Detached,17,17,0,0,0
S01010860,Whole house or bungalow: Semi-detached,138,138,0,0,0
S01010860,Whole house or bungalow: Terraced (including end-terrace),55,54,1,0,1
S01010860,Flat maisonette or apartment or mobile/temporary accommodation,70,70,0,0,0
S01010861,All household spaces,342,332,10,0,10
S01010861,Whole house or bungalow: Total,74,68,6,0,6
S01010861,Whole house or bungalow: Detached,8,8,0,0,0
S01010861,Whole house or bungalow: Semi-detached,47,41,6,0,6
S01010861,Whole house or bungalow: Terraced (including end-terrace),19,19,0,0,0
S01010861,Flat maisonette or apartment or mobile/temporary accommodation,268,264,4,0,4
S01010862,All household spaces,267,266,1,0,1
S01010862,Whole house or bungalow: Total,163,163,0,0,0
S01010862,Whole house or bungalow: Detached,14,14,0,0,0
S01010862,Whole house or bungalow: Semi-detached,98,98,0,0,0
S01010862,Whole house or bungalow: Terraced (including end-terrace),51,51,0,0,0
S01010862,Flat maisonette or apartment or mobile/temporary accommodation,104,103,1,0,1
S01010863,All household spaces,330,317,13,1,12
S01010863,Whole house or bungalow: Total,252,241,11,0,11
S01010863,Whole house or bungalow: Detached,84,74,10,0,10
S01010863,Whole house or bungalow: Semi-detached,90,90,0,0,0
S01010863,Whole house or bungalow: Terraced (including end-terrace),78,77,1,0,1
S01010863,Flat maisonette or apartment or mobile/temporary accommodation,78,76,2,1,1
S01010864,All household spaces,260,250,10,1,9
S01010864,Whole house or bungalow: Total,168,166,2,0,2
S01010864,Whole house or bungalow: Detached,105,104,1,0,1
S01010864,Whole house or bungalow: Semi-detached,62,61,1,0,1
S01010864,Whole house or bungalow: Terraced (including end-terrace),1,1,0,0,0
S01010864,Flat maisonette or apartment or mobile/temporary accommodation,92,84,8,1,7
S01010865,All household spaces,364,345,19,2,17
S01010865,Whole house or bungalow: Total,171,166,5,0,5
S01010865,Whole house or bungalow: Detached,58,55,3,0,3
S01010865,Whole house or bungalow: Semi-detached,100,98,2,0,2
S01010865,Whole house or bungalow: Terraced (including end-terrace),13,13,0,0,0
S01010865,Flat maisonette or apartment or mobile/temporary accommodation,193,179,14,2,12
S01010866,All household spaces,319,312,7,0,7
S01010866,Whole house or bungalow: Total,204,199,5,0,5
S01010866,Whole house or bungalow: Detached,54,53,1,0,1
S01010866,Whole house or bungalow: Semi-detached,112,110,2,0,2
S01010866,Whole house or bungalow: Terraced (including end-terrace),38,36,2,0,2
S01010866,Flat maisonette or apartment or mobile/temporary accommodation,115,113,2,0,2
S01010867,All household spaces,292,285,7,0,7
S01010867,Whole house or bungalow: Total,127,125,2,0,2
S01010867,Whole house or bungalow: Detached,47,46,1,0,1
S01010867,Whole house or bungalow: Semi-detached,59,59,0,0,0
S01010867,Whole house or bungalow: Terraced (including end-terrace),21,20,1,0,1
S01010867,Flat maisonette or apartment or mobile/temporary accommodation,165,160,5,0,5
S01010868,All household spaces,315,306,9,1,8
S01010868,Whole house or bungalow: Total,108,108,0,0,0
S01010868,Whole house or bungalow: Detached,31,31,0,0,0
S01010868,Whole house or bungalow: Semi-detached,50,50,0,0,0
S01010868,Whole house or bungalow: Terraced (including end-terrace),27,27,0,0,0
S01010868,Flat maisonette or apartment or mobile/temporary accommodation,207,198,9,1,8
S01010869,All household spaces,296,290,6,0,6
S01010869,Whole house or bungalow: Total,196,190,6,0,6
S01010869,Whole house or bungalow: Detached,68,64,4,0,4
S01010869,Whole house or bungalow: Semi-detached,108,106,2,0,2
S01010869,Whole house or bungalow: Terraced (including end-terrace),20,20,0,0,0
S01010869,Flat maisonette or apartment or mobile/temporary accommodation,100,100,0,0,0
S01010870,All household spaces,415,407,8,0,8
S01010870,Whole house or bungalow: Total,49,48,1,0,1
S01010870,Whole house or bungalow: Detached,19,19,0,0,0
S01010870,Whole house or bungalow: Semi-detached,18,17,1,0,1
S01010870,Whole house or bungalow: Terraced (including end-terrace),12,12,0,0,0
S01010870,Flat maisonette or apartment or mobile/temporary accommodation,366,359,7,0,7
S01010871,All household spaces,429,408,21,1,20
S01010871,Whole house or bungalow: Total,55,53,2,0,2
S01010871,Whole house or bungalow: Detached,20,20,0,0,0
S01010871,Whole house or bungalow: Semi-detached,32,30,2,0,2
S01010871,Whole house or bungalow: Terraced (including end-terrace),3,3,0,0,0
S01010871,Flat maisonette or apartment or mobile/temporary accommodation,374,355,19,1,18
S01010872,All household spaces,418,403,15,0,15
S01010872,Whole house or bungalow: Total,21,21,0,0,0
S01010872,Whole house or bungalow: Detached,5,5,0,0,0
S01010872,Whole house or bungalow: Semi-detached,10,10,0,0,0
S01010872,Whole house or bungalow: Terraced (including end-terrace),6,6,0,0,0
S01010872,Flat maisonette or apartment or mobile/temporary accommodation,397,382,15,0,15
S01010873,All household spaces,425,400,25,1,24
S01010873,Whole house or bungalow: Total,10,10,0,0,0
S01010873,Whole house or bungalow: Detached,1,1,0,0,0
S01010873,Whole house or bungalow: Semi-detached,5,5,0,0,0
S01010873,Whole house or bungalow: Terraced (including end-terrace),4,4,0,0,0
S01010873,Flat maisonette or apartment or mobile/temporary accommodation,415,390,25,1,24
S01010874,All household spaces,321,307,14,0,14
S01010874,Whole house or bungalow: Total,71,69,2,0,2
S01010874,Whole house or bungalow: Detached,12,11,1,0,1
S01010874,Whole house or bungalow: Semi-detached,39,38,1,0,1
S01010874,Whole house or bungalow: Terraced (including end-terrace),20,20,0,0,0
S01010874,Flat maisonette or apartment or mobile/temporary accommodation,250,238,12,0,12
S01010875,All household spaces,267,257,10,0,10
S01010875,Whole house or bungalow: Total,31,31,0,0,0
S01010875,Whole house or bungalow: Detached,7,7,0,0,0
S01010875,Whole house or bungalow: Semi-detached,10,10,0,0,0
S01010875,Whole house or bungalow: Terraced (including end-terrace),14,14,0,0,0
S01010875,Flat maisonette or apartment or mobile/temporary accommodation,236,226,10,0,10
S01010876,All household spaces,416,393,23,2,21
S01010876,Whole house or bungalow: Total,21,21,0,0,0
S01010876,Whole house or bungalow: Detached,6,6,0,0,0
S01010876,Whole house or bungalow: Semi-detached,12,12,0,0,0
S01010876,Whole house or bungalow: Terraced (including end-terrace),3,3,0,0,0
S01010876,Flat maisonette or apartment or mobile/temporary accommodation,395,372,23,2,21
S01010877,All household spaces,472,467,5,1,4
S01010877,Whole house or bungalow: Total,118,117,1,1,0
S01010877,Whole house or bungalow: Detached,16,16,0,0,0
S01010877,Whole house or bungalow: Semi-detached,83,82,1,1,0
S01010877,Whole house or bungalow: Terraced (including end-terrace),19,19,0,0,0
S01010877,Flat maisonette or apartment or mobile/temporary accommodation,354,350,4,0,4
S01010878,All household spaces,530,512,18,0,18
S01010878,Whole house or bungalow: Total,206,194,12,0,12
S01010878,Whole house or bungalow: Detached,15,15,0,0,0
S01010878,Whole house or bungalow: Semi-detached,151,140,11,0,11
S01010878,Whole house or bungalow: Terraced (including end-terrace),40,39,1,0,1
S01010878,Flat maisonette or apartment or mobile/temporary accommodation,324,318,6,0,6
S01010879,All household spaces,396,387,9,1,8
S01010879,Whole house or bungalow: Total,242,234,8,0,8
S01010879,Whole house or bungalow: Detached,45,45,0,0,0
S01010879,Whole house or bungalow: Semi-detached,111,105,6,0,6
S01010879,Whole house or bungalow: Terraced (including end-terrace),86,84,2,0,2
S01010879,Flat maisonette or apartment or mobile/temporary accommodation,154,153,1,1,0
S01010880,All household spaces,270,268,2,0,2
S01010880,Whole house or bungalow: Total,149,148,1,0,1
S01010880,Whole house or bungalow: Detached,3,3,0,0,0
S01010880,Whole house or bungalow: Semi-detached,85,84,1,0,1
S01010880,Whole house or bungalow: Terraced (including end-terrace),61,61,0,0,0
S01010880,Flat maisonette or apartment or mobile/temporary accommodation,121,120,1,0,1
S01010881,All household spaces,288,285,3,0,3
S01010881,Whole house or bungalow: Total,160,160,0,0,0
S01010881,Whole house or bungalow: Detached,7,7,0,0,0
S01010881,Whole house or bungalow: Semi-detached,126,126,0,0,0
S01010881,Whole house or bungalow: Terraced (including end-terrace),27,27,0,0,0
S01010881,Flat maisonette or apartment or mobile/temporary accommodation,128,125,3,0,3
S01010882,All household spaces,212,203,9,0,9
S01010882,Whole house or bungalow: Total,164,164,0,0,0
S01010882,Whole house or bungalow: Detached,9,9,0,0,0
S01010882,Whole house or bungalow: Semi-detached,28,28,0,0,0
S01010882,Whole house or bungalow: Terraced (including end-terrace),127,127,0,0,0
S01010882,Flat maisonette or apartment or mobile/temporary accommodation,48,39,9,0,9
S01010883,All household spaces,346,336,10,0,10
S01010883,Whole house or bungalow: Total,171,171,0,0,0
S01010883,Whole house or bungalow: Detached,158,158,0,0,0
S01010883,Whole house or bungalow: Semi-detached,6,6,0,0,0
S01010883,Whole house or bungalow: Terraced (including end-terrace),7,7,0,0,0
S01010883,Flat maisonette or apartment or mobile/temporary accommodation,175,165,10,0,10
S01010884,All household spaces,462,408,54,1,53
S01010884,Whole house or bungalow: Total,80,80,0,0,0
S01010884,Whole house or bungalow: Detached,8,8,0,0,0
S01010884,Whole house or bungalow: Semi-detached,29,29,0,0,0
S01010884,Whole house or bungalow: Terraced (including end-terrace),43,43,0,0,0
S01010884,Flat maisonette or apartment or mobile/temporary accommodation,382,328,54,1,53
S01010885,All household spaces,574,541,33,1,32
S01010885,Whole house or bungalow: Total,24,24,0,0,0
S01010885,Whole house or bungalow: Detached,11,11,0,0,0
S01010885,Whole house or bungalow: Semi-detached,3,3,0,0,0
S01010885,Whole house or bungalow: Terraced (including end-terrace),10,10,0,0,0
S01010885,Flat maisonette or apartment or mobile/temporary accommodation,550,517,33,1,32
S01010886,All household spaces,329,250,79,0,79
S01010886,Whole house or bungalow: Total,9,9,0,0,0
S01010886,Whole house or bungalow: Detached,2,2,0,0,0
S01010886,Whole house or bungalow: Semi-detached,5,5,0,0,0
S01010886,Whole house or bungalow: Terraced (including end-terrace),2,2,0,0,0
S01010886,Flat maisonette or apartment or mobile/temporary accommodation,320,241,79,0,79
S01010887,All household spaces,476,458,18,0,18
S01010887,Whole house or bungalow: Total,69,66,3,0,3
S01010887,Whole house or bungalow: Detached,5,5,0,0,0
S01010887,Whole house or bungalow: Semi-detached,23,23,0,0,0
S01010887,Whole house or bungalow: Terraced (including end-terrace),41,38,3,0,3
S01010887,Flat maisonette or apartment or mobile/temporary accommodation,407,392,15,0,15
S01010888,All household spaces,458,437,21,0,21
S01010888,Whole house or bungalow: Total,78,76,2,0,2
S01010888,Whole house or bungalow: Detached,5,5,0,0,0
S01010888,Whole house or bungalow: Semi-detached,34,34,0,0,0
S01010888,Whole house or bungalow: Terraced (including end-terrace),39,37,2,0,2
S01010888,Flat maisonette or apartment or mobile/temporary accommodation,380,361,19,0,19
S01010889,All household spaces,355,344,11,0,11
S01010889,Whole house or bungalow: Total,8,8,0,0,0
S01010889,Whole house or bungalow: Detached,0,0,0,0,0
S01010889,Whole house or bungalow: Semi-detached,3,3,0,0,0
S01010889,Whole house or bungalow: Terraced (including end-terrace),5,5,0,0,0
S01010889,Flat maisonette or apartment or mobile/temporary accommodation,347,336,11,0,11
S01010890,All household spaces,544,507,37,0,37
S01010890,Whole house or bungalow: Total,6,6,0,0,0
S01010890,Whole house or bungalow: Detached,1,1,0,0,0
S01010890,Whole house or bungalow: Semi-detached,1,1,0,0,0
S01010890,Whole house or bungalow: Terraced (including end-terrace),4,4,0,0,0
S01010890,Flat maisonette or apartment or mobile/temporary accommodation,538,501,37,0,37
S01010891,All household spaces,303,280,23,0,23
S01010891,Whole house or bungalow: Total,9,9,0,0,0
S01010891,Whole house or bungalow: Detached,3,3,0,0,0
S01010891,Whole house or bungalow: Semi-detached,0,0,0,0,0
S01010891,Whole house or bungalow: Terraced (including end-terrace),6,6,0,0,0
S01010891,Flat maisonette or apartment or mobile/temporary accommodation,294,271,23,0,23
S01010892,All household spaces,558,531,27,1,26
S01010892,Whole house or bungalow: Total,26,26,0,0,0
S01010892,Whole house or bungalow: Detached,7,7,0,0,0
S01010892,Whole house or bungalow: Semi-detached,9,9,0,0,0
S01010892,Whole house or bungalow: Terraced (including end-terrace),10,10,0,0,0
S01010892,Flat maisonette or apartment or mobile/temporary accommodation,532,505,27,1,26
S01010893,All household spaces,337,327,10,1,9
S01010893,Whole house or bungalow: Total,30,30,0,0,0
S01010893,Whole house or bungalow: Detached,3,3,0,0,0
S01010893,Whole house or bungalow: Semi-detached,7,7,0,0,0
S01010893,Whole house or bungalow: Terraced (including end-terrace),20,20,0,0,0
S01010893,Flat maisonette or apartment or mobile/temporary accommodation,307,297,10,1,9
S01010894,All household spaces,349,312,37,9,28
S01010894,Whole house or bungalow: Total,46,36,10,0,10
S01010894,Whole house or bungalow: Detached,8,8,0,0,0
S01010894,Whole house or bungalow: Semi-detached,14,14,0,0,0
S01010894,Whole house or bungalow: Terraced (including end-terrace),24,14,10,0,10
S01010894,Flat maisonette or apartment or mobile/temporary accommodation,303,276,27,9,18
S01010895,All household spaces,286,256,30,0,30
S01010895,Whole house or bungalow: Total,49,44,5,0,5
S01010895,Whole house or bungalow: Detached,4,4,0,0,0
S01010895,Whole house or bungalow: Semi-detached,28,28,0,0,0
S01010895,Whole house or bungalow: Terraced (including end-terrace),17,12,5,0,5
S01010895,Flat maisonette or apartment or mobile/temporary accommodation,237,212,25,0,25
S01010896,All household spaces,376,339,37,3,34
S01010896,Whole house or bungalow: Total,121,117,4,0,4
S01010896,Whole house or bungalow: Detached,9,8,1,0,1
S01010896,Whole house or bungalow: Semi-detached,73,71,2,0,2
S01010896,Whole house or bungalow: Terraced (including end-terrace),39,38,1,0,1
S01010896,Flat maisonette or apartment or mobile/temporary accommodation,255,222,33,3,30
S01010897,All household spaces,391,380,11,0,11
S01010897,Whole house or bungalow: Total,269,264,5,0,5
S01010897,Whole house or bungalow: Detached,23,23,0,0,0
S01010897,Whole house or bungalow: Semi-detached,173,169,4,0,4
S01010897,Whole house or bungalow: Terraced (including end-terrace),73,72,1,0,1
S01010897,Flat maisonette or apartment or mobile/temporary accommodation,122,116,6,0,6
S01010898,All household spaces,255,253,2,0,2
S01010898,Whole house or bungalow: Total,199,198,1,0,1
S01010898,Whole house or bungalow: Detached,13,13,0,0,0
S01010898,Whole house or bungalow: Semi-detached,149,149,0,0,0
S01010898,Whole house or bungalow: Terraced (including end-terrace),37,36,1,0,1
S01010898,Flat maisonette or apartment or mobile/temporary accommodation,56,55,1,0,1
S01010899,All household spaces,222,221,1,0,1
S01010899,Whole house or bungalow: Total,204,203,1,0,1
S01010899,Whole house or bungalow: Detached,19,19,0,0,0
S01010899,Whole house or bungalow: Semi-detached,93,93,0,0,0
S01010899,Whole house or bungalow: Terraced (including end-terrace),92,91,1,0,1
S01010899,Flat maisonette or apartment or mobile/temporary accommodation,18,18,0,0,0
S01010900,All household spaces,307,298,9,0,9
S01010900,Whole house or bungalow: Total,115,114,1,0,1
S01010900,Whole house or bungalow: Detached,12,12,0,0,0
S01010900,Whole house or bungalow: Semi-detached,50,49,1,0,1
S01010900,Whole house or bungalow: Terraced (including end-terrace),53,53,0,0,0
S01010900,Flat maisonette or apartment or mobile/temporary accommodation,192,184,8,0,8
S01010901,All household spaces,225,205,20,0,20
S01010901,Whole house or bungalow: Total,147,144,3,0,3
S01010901,Whole house or bungalow: Detached,11,11,0,0,0
S01010901,Whole house or bungalow: Semi-detached,115,114,1,0,1
S01010901,Whole house or bungalow: Terraced (including end-terrace),21,19,2,0,2
S01010901,Flat maisonette or apartment or mobile/temporary accommodation,78,61,17,0,17
S01010902,All household spaces,459,453,6,0,6
S01010902,Whole house or bungalow: Total,388,383,5,0,5
S01010902,Whole house or bungalow: Detached,26,26,0,0,0
S01010902,Whole house or bungalow: Semi-detached,276,273,3,0,3
S01010902,Whole house or bungalow: Terraced (including end-terrace),86,84,2,0,2
S01010902,Flat maisonette or apartment or mobile/temporary accommodation,71,70,1,0,1
S01010903,All household spaces,471,427,44,0,44
S01010903,Whole house or bungalow: Total,169,166,3,0,3
S01010903,Whole house or bungalow: Detached,14,14,0,0,0
S01010903,Whole house or bungalow: Semi-detached,101,101,0,0,0
S01010903,Whole house or bungalow: Terraced (including end-terrace),54,51,3,0,3
S01010903,Flat maisonette or apartment or mobile/temporary accommodation,302,261,41,0,41
S01010904,All household spaces,280,271,9,0,9
S01010904,Whole house or bungalow: Total,112,112,0,0,0
S01010904,Whole house or bungalow: Detached,5,5,0,0,0
S01010904,Whole house or bungalow: Semi-detached,57,57,0,0,0
S01010904,Whole house or bungalow: Terraced (including end-terrace),50,50,0,0,0
S01010904,Flat maisonette or apartment or mobile/temporary accommodation,168,159,9,0,9
S01010905,All household spaces,293,290,3,0,3
S01010905,Whole house or bungalow: Total,143,143,0,0,0
S01010905,Whole house or bungalow: Detached,32,32,0,0,0
S01010905,Whole house or bungalow: Semi-detached,54,54,0,0,0
S01010905,Whole house or bungalow: Terraced (including end-terrace),57,57,0,0,0
S01010905,Flat maisonette or apartment or mobile/temporary accommodation,150,147,3,0,3
S01010906,All household spaces,391,383,8,0,8
S01010906,Whole house or bungalow: Total,289,286,3,0,3
S01010906,Whole house or bungalow: Detached,23,23,0,0,0
S01010906,Whole house or bungalow: Semi-detached,177,175,2,0,2
S01010906,Whole house or bungalow: Terraced (including end-terrace),89,88,1,0,1
S01010906,Flat maisonette or apartment or mobile/temporary accommodation,102,97,5,0,5
S01010907,All household spaces,202,199,3,0,3
S01010907,Whole house or bungalow: Total,189,186,3,0,3
S01010907,Whole house or bungalow: Detached,43,43,0,0,0
S01010907,Whole house or bungalow: Semi-detached,45,45,0,0,0
S01010907,Whole house or bungalow: Terraced (including end-terrace),101,98,3,0,3
S01010907,Flat maisonette or apartment or mobile/temporary accommodation,13,13,0,0,0
S01010908,All household spaces,288,274,14,0,14
S01010908,Whole house or bungalow: Total,98,96,2,0,2
S01010908,Whole house or bungalow: Detached,12,12,0,0,0
S01010908,Whole house or bungalow: Semi-detached,64,62,2,0,2
S01010908,Whole house or bungalow: Terraced (including end-terrace),22,22,0,0,0
S01010908,Flat maisonette or apartment or mobile/temporary accommodation,190,178,12,0,12
S01010909,All household spaces,293,284,9,0,9
S01010909,Whole house or bungalow: Total,141,140,1,0,1
S01010909,Whole house or bungalow: Detached,33,32,1,0,1
S01010909,Whole house or bungalow: Semi-detached,68,68,0,0,0
S01010909,Whole house or bungalow: Terraced (including end-terrace),40,40,0,0,0
S01010909,Flat maisonette or apartment or mobile/temporary accommodation,152,144,8,0,8
S01010910,All household spaces,290,273,17,0,17
S01010910,Whole house or bungalow: Total,12,12,0,0,0
S01010910,Whole house or bungalow: Detached,3,3,0,0,0
S01010910,Whole house or bungalow: Semi-detached,3,3,0,0,0
S01010910,Whole house or bungalow: Terraced (including end-terrace),6,6,0,0,0
S01010910,Flat maisonette or apartment or mobile/temporary accommodation,278,261,17,0,17
S01010911,All household spaces,375,360,15,1,14
S01010911,Whole house or bungalow: Total,15,15,0,0,0
S01010911,Whole house or bungalow: Detached,0,0,0,0,0
S01010911,Whole house or bungalow: Semi-detached,3,3,0,0,0
S01010911,Whole house or bungalow: Terraced (including end-terrace),12,12,0,0,0
S01010911,Flat maisonette or apartment or mobile/temporary accommodation,360,345,15,1,14
S01010912,All household spaces,497,392,105,0,105
S01010912,Whole house or bungalow: Total,94,94,0,0,0
S01010912,Whole house or bungalow: Detached,9,9,0,0,0
S01010912,Whole house or bungalow: Semi-detached,37,37,0,0,0
S01010912,Whole house or bungalow: Terraced (including end-terrace),48,48,0,0,0
S01010912,Flat maisonette or apartment or mobile/temporary accommodation,403,298,105,0,105
S01010913,All household spaces,303,293,10,0,10
S01010913,Whole house or bungalow: Total,168,164,4,0,4
S01010913,Whole house or bungalow: Detached,42,42,0,0,0
S01010913,Whole house or bungalow: Semi-detached,54,52,2,0,2
S01010913,Whole house or bungalow: Terraced (including end-terrace),72,70,2,0,2
S01010913,Flat maisonette or apartment or mobile/temporary accommodation,135,129,6,0,6
S01010914,All household spaces,259,255,4,0,4
S01010914,Whole house or bungalow: Total,234,231,3,0,3
S01010914,Whole house or bungalow: Detached,11,11,0,0,0
S01010914,Whole house or bungalow: Semi-detached,37,34,3,0,3
S01010914,Whole house or bungalow: Terraced (including end-terrace),186,186,0,0,0
S01010914,Flat maisonette or apartment or mobile/temporary accommodation,25,24,1,0,1
S01010915,All household spaces,271,271,0,0,0
S01010915,Whole house or bungalow: Total,255,255,0,0,0
S01010915,Whole house or bungalow: Detached,10,10,0,0,0
S01010915,Whole house or bungalow: Semi-detached,49,49,0,0,0
S01010915,Whole house or bungalow: Terraced (including end-terrace),196,196,0,0,0
S01010915,Flat maisonette or apartment or mobile/temporary accommodation,16,16,0,0,0
S01010916,All household spaces,464,333,131,1,130
S01010916,Whole house or bungalow: Total,92,92,0,0,0
S01010916,Whole house or bungalow: Detached,4,4,0,0,0
S01010916,Whole house or bungalow: Semi-detached,28,28,0,0,0
S01010916,Whole house or bungalow: Terraced (including end-terrace),60,60,0,0,0
S01010916,Flat maisonette or apartment or mobile/temporary accommodation,372,241,131,1,130
S01010917,All household spaces,399,369,30,0,30
S01010917,Whole house or bungalow: Total,160,159,1,0,1
S01010917,Whole house or bungalow: Detached,18,18,0,0,0
S01010917,Whole house or bungalow: Semi-detached,57,57,0,0,0
S01010917,Whole house or bungalow: Terraced (including end-terrace),85,84,1,0,1
S01010917,Flat maisonette or apartment or mobile/temporary accommodation,239,210,29,0,29
S01010918,All household spaces,340,334,6,0,6
S01010918,Whole house or bungalow: Total,214,210,4,0,4
S01010918,Whole house or bungalow: Detached,17,16,1,0,1
S01010918,Whole house or bungalow: Semi-detached,92,90,2,0,2
S01010918,Whole house or bungalow: Terraced (including end-terrace),105,104,1,0,1
S01010918,Flat maisonette or apartment or mobile/temporary accommodation,126,124,2,0,2
S01010919,All household spaces,336,335,1,0,1
S01010919,Whole house or bungalow: Total,207,207,0,0,0
S01010919,Whole house or bungalow: Detached,8,8,0,0,0
S01010919,Whole house or bungalow: Semi-detached,80,80,0,0,0
S01010919,Whole house or bungalow: Terraced (including end-terrace),119,119,0,0,0
S01010919,Flat maisonette or apartment or mobile/temporary accommodation,129,128,1,0,1
S01010920,All household spaces,296,254,42,2,40
S01010920,Whole house or bungalow: Total,117,76,41,2,39
S01010920,Whole house or bungalow: Detached,22,22,0,0,0
S01010920,Whole house or bungalow: Semi-detached,22,22,0,0,0
S01010920,Whole house or bungalow: Terraced (including end-terrace),73,32,41,2,39
S01010920,Flat maisonette or apartment or mobile/temporary accommodation,179,178,1,0,1
S01010921,All household spaces,260,257,3,0,3
S01010921,Whole house or bungalow: Total,229,226,3,0,3
S01010921,Whole house or bungalow: Detached,7,7,0,0,0
S01010921,Whole house or bungalow: Semi-detached,125,125,0,0,0
S01010921,Whole house or bungalow: Terraced (including end-terrace),97,94,3,0,3
S01010921,Flat maisonette or apartment or mobile/temporary accommodation,31,31,0,0,0
S01010922,All household spaces,346,346,0,0,0
S01010922,Whole house or bungalow: Total,263,263,0,0,0
S01010922,Whole house or bungalow: Detached,12,12,0,0,0
S01010922,Whole house or bungalow: Semi-detached,140,140,0,0,0
S01010922,Whole house or bungalow: Terraced (including end-terrace),111,111,0,0,0
S01010922,Flat maisonette or apartment or mobile/temporary accommodation,83,83,0,0,0
S01010923,All household spaces,398,398,0,0,0
S01010923,Whole house or bungalow: Total,269,269,0,0,0
S01010923,Whole house or bungalow: Detached,11,11,0,0,0
S01010923,Whole house or bungalow: Semi-detached,64,64,0,0,0
S01010923,Whole house or bungalow: Terraced (including end-terrace),194,194,0,0,0
S01010923,Flat maisonette or apartment or mobile/temporary accommodation,129,129,0,0,0
S01010924,All household spaces,260,260,0,0,0
S01010924,Whole house or bungalow: Total,211,211,0,0,0
S01010924,Whole house or bungalow: Detached,11,11,0,0,0
S01010924,Whole house or bungalow: Semi-detached,38,38,0,0,0
S01010924,Whole house or bungalow: Terraced (including end-terrace),162,162,0,0,0
S01010924,Flat maisonette or apartment or mobile/temporary accommodation,49,49,0,0,0
S01010925,All household spaces,398,386,12,0,12
S01010925,Whole house or bungalow: Total,235,231,4,0,4
S01010925,Whole house or bungalow: Detached,4,4,0,0,0
S01010925,Whole house or bungalow: Semi-detached,61,61,0,0,0
S01010925,Whole house or bungalow: Terraced (including end-terrace),170,166,4,0,4
S01010925,Flat maisonette or apartment or mobile/temporary accommodation,163,155,8,0,8
S01010926,All household spaces,354,352,2,0,2
S01010926,Whole house or bungalow: Total,258,257,1,0,1
S01010926,Whole house or bungalow: Detached,8,8,0,0,0
S01010926,Whole house or bungalow: Semi-detached,87,87,0,0,0
S01010926,Whole house or bungalow: Terraced (including end-terrace),163,162,1,0,1
S01010926,Flat maisonette or apartment or mobile/temporary accommodation,96,95,1,0,1
S01010927,All household spaces,251,251,0,0,0
S01010927,Whole house or bungalow: Total,208,208,0,0,0
S01010927,Whole house or bungalow: Detached,4,4,0,0,0
S01010927,Whole house or bungalow: Semi-detached,147,147,0,0,0
S01010927,Whole house or bungalow: Terraced (including end-terrace),57,57,0,0,0
S01010927,Flat maisonette or apartment or mobile/temporary accommodation,43,43,0,0,0
S01010928,All household spaces,314,311,3,0,3
S01010928,Whole house or bungalow: Total,263,260,3,0,3
S01010928,Whole house or bungalow: Detached,14,14,0,0,0
S01010928,Whole house or bungalow: Semi-detached,118,118,0,0,0
S01010928,Whole house or bungalow: Terraced (including end-terrace),131,128,3,0,3
S01010928,Flat maisonette or apartment or mobile/temporary accommodation,51,51,0,0,0
S01010929,All household spaces,271,271,0,0,0
S01010929,Whole house or bungalow: Total,233,233,0,0,0
S01010929,Whole house or bungalow: Detached,7,7,0,0,0
S01010929,Whole house or bungalow: Semi-detached,111,111,0,0,0
S01010929,Whole house or bungalow: Terraced (including end-terrace),115,115,0,0,0
S01010929,Flat maisonette or apartment or mobile/temporary accommodation,38,38,0,0,0
S01010930,All household spaces,371,357,14,5,9
S01010930,Whole house or bungalow: Total,330,317,13,5,8
S01010930,Whole house or bungalow: Detached,201,192,9,4,5
S01010930,Whole house or bungalow: Semi-detached,77,74,3,0,3
S01010930,Whole house or bungalow: Terraced (including end-terrace),52,51,1,1,0
S01010930,Flat maisonette or apartment or mobile/temporary accommodation,41,40,1,0,1
S01010931,All household spaces,222,203,19,7,12
S01010931,Whole house or bungalow: Total,216,197,19,7,12
S01010931,Whole house or bungalow: Detached,93,81,12,4,8
S01010931,Whole house or bungalow: Semi-detached,83,79,4,1,3
S01010931,Whole house or bungalow: Terraced (including end-terrace),40,37,3,2,1
S01010931,Flat maisonette or apartment or mobile/temporary accommodation,6,6,0,0,0
S01010932,All household spaces,287,277,10,2,8
S01010932,Whole house or bungalow: Total,261,251,10,2,8
S01010932,Whole house or bungalow: Detached,35,34,1,0,1
S01010932,Whole house or bungalow: Semi-detached,53,53,0,0,0
S01010932,Whole house or bungalow: Terraced (including end-terrace),173,164,9,2,7
S01010932,Flat maisonette or apartment or mobile/temporary accommodation,26,26,0,0,0
S01010933,All household spaces,287,276,11,10,1
S01010933,Whole house or bungalow: Total,276,266,10,9,1
S01010933,Whole house or bungalow: Detached,172,169,3,3,0
S01010933,Whole house or bungalow: Semi-detached,75,72,3,2,1
S01010933,Whole house or bungalow: Terraced (including end-terrace),29,25,4,4,0
S01010933,Flat maisonette or apartment or mobile/temporary accommodation,11,10,1,1,0
S01010934,All household spaces,431,424,7,1,6
S01010934,Whole house or bungalow: Total,307,305,2,1,1
S01010934,Whole house or bungalow: Detached,172,171,1,1,0
S01010934,Whole house or bungalow: Semi-detached,73,72,1,0,1
S01010934,Whole house or bungalow: Terraced (including end-terrace),62,62,0,0,0
S01010934,Flat maisonette or apartment or mobile/temporary accommodation,124,119,5,0,5
S01010935,All household spaces,328,323,5,0,5
S01010935,Whole house or bungalow: Total,229,226,3,0,3
S01010935,Whole house or bungalow: Detached,128,125,3,0,3
S01010935,Whole house or bungalow: Semi-detached,81,81,0,0,0
S01010935,Whole house or bungalow: Terraced (including end-terrace),20,20,0,0,0
S01010935,Flat maisonette or apartment or mobile/temporary accommodation,99,97,2,0,2
S01010936,All household spaces,419,404,15,2,13
S01010936,Whole house or bungalow: Total,127,125,2,1,1
S01010936,Whole house or bungalow: Detached,51,50,1,0,1
S01010936,Whole house or bungalow: Semi-detached,52,52,0,0,0
S01010936,Whole house or bungalow: Terraced (including end-terrace),24,23,1,1,0
S01010936,Flat maisonette or apartment or mobile/temporary accommodation,292,279,13,1,12
S01010937,All household spaces,326,323,3,0,3
S01010937,Whole house or bungalow: Total,306,303,3,0,3
S01010937,Whole house or bungalow: Detached,49,49,0,0,0
S01010937,Whole house or bungalow: Semi-detached,177,175,2,0,2
S01010937,Whole house or bungalow: Terraced (including end-terrace),80,79,1,0,1
S01010937,Flat maisonette or apartment or mobile/temporary accommodation,20,20,0,0,0
S01010938,All household spaces,377,369,8,5,3
S01010938,Whole house or bungalow: Total,269,262,7,5,2
S01010938,Whole house or bungalow: Detached,10,10,0,0,0
S01010938,Whole house or bungalow: Semi-detached,59,59,0,0,0
S01010938,Whole house or bungalow: Terraced (including end-terrace),200,193,7,5,2
S01010938,Flat maisonette or apartment or mobile/temporary accommodation,108,107,1,0,1
S01010939,All household spaces,205,199,6,1,5
S01010939,Whole house or bungalow: Total,159,153,6,1,5
S01010939,Whole house or bungalow: Detached,37,33,4,1,3
S01010939,Whole house or bungalow: Semi-detached,88,86,2,0,2
S01010939,Whole house or bungalow: Terraced (including end-terrace),34,34,0,0,0
S01010939,Flat maisonette or apartment or mobile/temporary accommodation,46,46,0,0,0
S01010940,All household spaces,271,268,3,0,3
S01010940,Whole house or bungalow: Total,270,267,3,0,3
S01010940,Whole house or bungalow: Detached,95,95,0,0,0
S01010940,Whole house or bungalow: Semi-detached,171,168,3,0,3
S01010940,Whole house or bungalow: Terraced (including end-terrace),4,4,0,0,0
S01010940,Flat maisonette or apartment or mobile/temporary accommodation,1,1,0,0,0
S01010941,All household spaces,326,323,3,0,3
S01010941,Whole house or bungalow: Total,324,321,3,0,3
S01010941,Whole house or bungalow: Detached,79,79,0,0,0
S01010941,Whole house or bungalow: Semi-detached,189,186,3,0,3
S01010941,Whole house or bungalow: Terraced (including end-terrace),56,56,0,0,0
S01010941,Flat maisonette or apartment or mobile/temporary accommodation,2,2,0,0,0
S01010942,All household spaces,270,268,2,0,2
S01010942,Whole house or bungalow: Total,265,263,2,0,2
S01010942,Whole house or bungalow: Detached,97,97,0,0,0
S01010942,Whole house or bungalow: Semi-detached,166,164,2,0,2
S01010942,Whole house or bungalow: Terraced (including end-terrace),2,2,0,0,0
S01010942,Flat maisonette or apartment or mobile/temporary accommodation,5,5,0,0,0
S01010943,All household spaces,246,244,2,0,2
S01010943,Whole house or bungalow: Total,192,191,1,0,1
S01010943,Whole house or bungalow: Detached,7,7,0,0,0
S01010943,Whole house or bungalow: Semi-detached,60,60,0,0,0
S01010943,Whole house or bungalow: Terraced (including end-terrace),125,124,1,0,1
S01010943,Flat maisonette or apartment or mobile/temporary accommodation,54,53,1,0,1
S01010944,All household spaces,300,295,5,2,3
S01010944,Whole house or bungalow: Total,156,154,2,0,2
S01010944,Whole house or bungalow: Detached,11,11,0,0,0
S01010944,Whole house or bungalow: Semi-detached,21,21,0,0,0
S01010944,Whole house or bungalow: Terraced (including end-terrace),124,122,2,0,2
S01010944,Flat maisonette or apartment or mobile/temporary accommodation,144,141,3,2,1
S01010945,All household spaces,228,222,6,3,3
S01010945,Whole house or bungalow: Total,210,204,6,3,3
S01010945,Whole house or bungalow: Detached,12,12,0,0,0
S01010945,Whole house or bungalow: Semi-detached,24,23,1,0,1
S01010945,Whole house or bungalow: Terraced (including end-terrace),174,169,5,3,2
S01010945,Flat maisonette or apartment or mobile/temporary accommodation,18,18,0,0,0
S01010946,All household spaces,353,344,9,3,6
S01010946,Whole house or bungalow: Total,339,331,8,3,5
S01010946,Whole house or bungalow: Detached,9,9,0,0,0
S01010946,Whole house or bungalow: Semi-detached,197,194,3,0,3
S01010946,Whole house or bungalow: Terraced (including end-terrace),133,128,5,3,2
S01010946,Flat maisonette or apartment or mobile/temporary accommodation,14,13,1,0,1
S01010947,All household spaces,246,242,4,0,4
S01010947,Whole house or bungalow: Total,231,227,4,0,4
S01010947,Whole house or bungalow: Detached,25,25,0,0,0
S01010947,Whole house or bungalow: Semi-detached,30,29,1,0,1
S01010947,Whole house or bungalow: Terraced (including end-terrace),176,173,3,0,3
S01010947,Flat maisonette or apartment or mobile/temporary accommodation,15,15,0,0,0
S01010948,All household spaces,290,288,2,0,2
S01010948,Whole house or bungalow: Total,264,262,2,0,2
S01010948,Whole house or bungalow: Detached,5,5,0,0,0
S01010948,Whole house or bungalow: Semi-detached,25,25,0,0,0
S01010948,Whole house or bungalow: Terraced (including end-terrace),234,232,2,0,2
S01010948,Flat maisonette or apartment or mobile/temporary accommodation,26,26,0,0,0
S01010949,All household spaces,344,344,0,0,0
S01010949,Whole house or bungalow: Total,341,341,0,0,0
S01010949,Whole house or bungalow: Detached,114,114,0,0,0
S01010949,Whole house or bungalow: Semi-detached,216,216,0,0,0
S01010949,Whole house or bungalow: Terraced (including end-terrace),11,11,0,0,0
S01010949,Flat maisonette or apartment or mobile/temporary accommodation,3,3,0,0,0
S01010950,All household spaces,384,380,4,3,1
S01010950,Whole house or bungalow: Total,327,324,3,2,1
S01010950,Whole house or bungalow: Detached,61,61,0,0,0
S01010950,Whole house or bungalow: Semi-detached,170,170,0,0,0
S01010950,Whole house or bungalow: Terraced (including end-terrace),96,93,3,2,1
S01010950,Flat maisonette or apartment or mobile/temporary accommodation,57,56,1,1,0
S01010951,All household spaces,259,258,1,0,1
S01010951,Whole house or bungalow: Total,254,253,1,0,1
S01010951,Whole house or bungalow: Detached,4,4,0,0,0
S01010951,Whole house or bungalow: Semi-detached,69,68,1,0,1
S01010951,Whole house or bungalow: Terraced (including end-terrace),181,181,0,0,0
S01010951,Flat maisonette or apartment or mobile/temporary accommodation,5,5,0,0,0
S01010952,All household spaces,204,199,5,3,2
S01010952,Whole house or bungalow: Total,195,191,4,3,1
S01010952,Whole house or bungalow: Detached,39,39,0,0,0
S01010952,Whole house or bungalow: Semi-detached,72,72,0,0,0
S01010952,Whole house or bungalow: Terraced (including end-terrace),84,80,4,3,1
S01010952,Flat maisonette or apartment or mobile/temporary accommodation,9,8,1,0,1
S01010953,All household spaces,229,225,4,1,3
S01010953,Whole house or bungalow: Total,194,190,4,1,3
S01010953,Whole house or bungalow: Detached,33,33,0,0,0
S01010953,Whole house or bungalow: Semi-detached,97,94,3,1,2
S01010953,Whole house or bungalow: Terraced (including end-terrace),64,63,1,0,1
S01010953,Flat maisonette or apartment or mobile/temporary accommodation,35,35,0,0,0
S01010954,All household spaces,210,206,4,1,3
S01010954,Whole house or bungalow: Total,200,198,2,1,1
S01010954,Whole house or bungalow: Detached,27,27,0,0,0
S01010954,Whole house or bungalow: Semi-detached,126,126,0,0,0
S01010954,Whole house or bungalow: Terraced (including end-terrace),47,45,2,1,1
S01010954,Flat maisonette or apartment or mobile/temporary accommodation,10,8,2,0,2
S01010955,All household spaces,375,345,30,0,30
S01010955,Whole house or bungalow: Total,350,320,30,0,30
S01010955,Whole house or bungalow: Detached,135,133,2,0,2
S01010955,Whole house or bungalow: Semi-detached,159,137,22,0,22
S01010955,Whole house or bungalow: Terraced (including end-terrace),56,50,6,0,6
S01010955,Flat maisonette or apartment or mobile/temporary accommodation,25,25,0,0,0
S01010956,All household spaces,324,304,20,10,10
S01010956,Whole house or bungalow: Total,253,236,17,9,8
S01010956,Whole house or bungalow: Detached,141,134,7,3,4
S01010956,Whole house or bungalow: Semi-detached,82,77,5,3,2
S01010956,Whole house or bungalow: Terraced (including end-terrace),30,25,5,3,2
S01010956,Flat maisonette or apartment or mobile/temporary accommodation,71,68,3,1,2
S01010957,All household spaces,235,231,4,4,0
S01010957,Whole house or bungalow: Total,232,228,4,4,0
S01010957,Whole house or bungalow: Detached,74,74,0,0,0
S01010957,Whole house or bungalow: Semi-detached,135,131,4,4,0
S01010957,Whole house or bungalow: Terraced (including end-terrace),23,23,0,0,0
S01010957,Flat maisonette or apartment or mobile/temporary accommodation,3,3,0,0,0
S01010958,All household spaces,231,224,7,4,3
S01010958,Whole house or bungalow: Total,206,202,4,2,2
S01010958,Whole house or bungalow: Detached,76,75,1,0,1
S01010958,Whole house or bungalow: Semi-detached,84,83,1,0,1
S01010958,Whole house or bungalow: Terraced (including end-terrace),46,44,2,2,0
S01010958,Flat maisonette or apartment or mobile/temporary accommodation,25,22,3,2,1
S01010959,All household spaces,320,290,30,21,9
S01010959,Whole house or bungalow: Total,153,130,23,16,7
S01010959,Whole house or bungalow: Detached,42,39,3,0,3
S01010959,Whole house or bungalow: Semi-detached,54,54,0,0,0
S01010959,Whole house or bungalow: Terraced (including end-terrace),57,37,20,16,4
S01010959,Flat maisonette or apartment or mobile/temporary accommodation,167,160,7,5,2
S01010960,All household spaces,462,441,21,6,15
S01010960,Whole house or bungalow: Total,367,349,18,6,12
S01010960,Whole house or bungalow: Detached,100,92,8,1,7
S01010960,Whole house or bungalow: Semi-detached,156,154,2,0,2
S01010960,Whole house or bungalow: Terraced (including end-terrace),111,103,8,5,3
S01010960,Flat maisonette or apartment or mobile/temporary accommodation,95,92,3,0,3
S01010961,All household spaces,247,246,1,0,1
S01010961,Whole house or bungalow: Total,230,230,0,0,0
S01010961,Whole house or bungalow: Detached,24,24,0,0,0
S01010961,Whole house or bungalow: Semi-detached,94,94,0,0,0
S01010961,Whole house or bungalow: Terraced (including end-terrace),112,112,0,0,0
S01010961,Flat maisonette or apartment or mobile/temporary accommodation,17,16,1,0,1
S01010962,All household spaces,352,314,38,26,12
S01010962,Whole house or bungalow: Total,64,59,5,3,2
S01010962,Whole house or bungalow: Detached,34,31,3,2,1
S01010962,Whole house or bungalow: Semi-detached,26,25,1,1,0
S01010962,Whole house or bungalow: Terraced (including end-terrace),4,3,1,0,1
S01010962,Flat maisonette or apartment or mobile/temporary accommodation,288,255,33,23,10
S01010963,All household spaces,403,395,8,5,3
S01010963,Whole house or bungalow: Total,307,301,6,4,2
S01010963,Whole house or bungalow: Detached,111,108,3,2,1
S01010963,Whole house or bungalow: Semi-detached,86,86,0,0,0
S01010963,Whole house or bungalow: Terraced (including end-terrace),110,107,3,2,1
S01010963,Flat maisonette or apartment or mobile/temporary accommodation,96,94,2,1,1
S01010964,All household spaces,224,216,8,5,3
S01010964,Whole house or bungalow: Total,218,210,8,5,3
S01010964,Whole house or bungalow: Detached,20,20,0,0,0
S01010964,Whole house or bungalow: Semi-detached,152,147,5,3,2
S01010964,Whole house or bungalow: Terraced (including end-terrace),46,43,3,2,1
S01010964,Flat maisonette or apartment or mobile/temporary accommodation,6,6,0,0,0
S01010965,All household spaces,235,230,5,2,3
S01010965,Whole house or bungalow: Total,63,61,2,2,0
S01010965,Whole house or bungalow: Detached,13,13,0,0,0
S01010965,Whole house or bungalow: Semi-detached,29,29,0,0,0
S01010965,Whole house or bungalow: Terraced (including end-terrace),21,19,2,2,0
S01010965,Flat maisonette or apartment or mobile/temporary accommodation,172,169,3,0,3
S01010966,All household spaces,315,309,6,2,4
S01010966,Whole house or bungalow: Total,161,159,2,1,1
S01010966,Whole house or bungalow: Detached,8,8,0,0,0
S01010966,Whole house or bungalow: Semi-detached,111,111,0,0,0
S01010966,Whole house or bungalow: Terraced (including end-terrace),42,40,2,1,1
S01010966,Flat maisonette or apartment or mobile/temporary accommodation,154,150,4,1,3
S01010967,All household spaces,322,309,13,7,6
S01010967,Whole house or bungalow: Total,168,164,4,1,3
S01010967,Whole house or bungalow: Detached,7,7,0,0,0
S01010967,Whole house or bungalow: Semi-detached,81,79,2,1,1
S01010967,Whole house or bungalow: Terraced (including end-terrace),80,78,2,0,2
S01010967,Flat maisonette or apartment or mobile/temporary accommodation,154,145,9,6,3
S01010968,All household spaces,332,316,16,8,8
S01010968,Whole house or bungalow: Total,259,245,14,7,7
S01010968,Whole house or bungalow: Detached,40,37,3,1,2
S01010968,Whole house or bungalow: Semi-detached,153,149,4,3,1
S01010968,Whole house or bungalow: Terraced (including end-terrace),66,59,7,3,4
S01010968,Flat maisonette or apartment or mobile/temporary accommodation,73,71,2,1,1
S01010969,All household spaces,281,264,17,5,12
S01010969,Whole house or bungalow: Total,215,208,7,1,6
S01010969,Whole house or bungalow: Detached,66,61,5,1,4
S01010969,Whole house or bungalow: Semi-detached,121,121,0,0,0
S01010969,Whole house or bungalow: Terraced (including end-terrace),28,26,2,0,2
S01010969,Flat maisonette or apartment or mobile/temporary accommodation,66,56,10,4,6
S01010970,All household spaces,447,428,19,5,14
S01010970,Whole house or bungalow: Total,322,309,13,1,12
S01010970,Whole house or bungalow: Detached,86,83,3,0,3
S01010970,Whole house or bungalow: Semi-detached,98,97,1,0,1
S01010970,Whole house or bungalow: Terraced (including end-terrace),138,129,9,1,8
S01010970,Flat maisonette or apartment or mobile/temporary accommodation,125,119,6,4,2
S01010971,All household spaces,404,401,3,0,3
S01010971,Whole house or bungalow: Total,378,375,3,0,3
S01010971,Whole house or bungalow: Detached,113,111,2,0,2
S01010971,Whole house or bungalow: Semi-detached,173,172,1,0,1
S01010971,Whole house or bungalow: Terraced (including end-terrace),92,92,0,0,0
S01010971,Flat maisonette or apartment or mobile/temporary accommodation,26,26,0,0,0
S01010972,All household spaces,338,333,5,0,5
S01010972,Whole house or bungalow: Total,282,277,5,0,5
S01010972,Whole house or bungalow: Detached,9,9,0,0,0
S01010972,Whole house or bungalow: Semi-detached,71,71,0,0,0
S01010972,Whole house or bungalow: Terraced (including end-terrace),202,197,5,0,5
S01010972,Flat maisonette or apartment or mobile/temporary accommodation,56,56,0,0,0
S01010973,All household spaces,209,205,4,0,4
S01010973,Whole house or bungalow: Total,207,203,4,0,4
S01010973,Whole house or bungalow: Detached,2,2,0,0,0
S01010973,Whole house or bungalow: Semi-detached,36,36,0,0,0
S01010973,Whole house or bungalow: Terraced (including end-terrace),169,165,4,0,4
S01010973,Flat maisonette or apartment or mobile/temporary accommodation,2,2,0,0,0
S01010974,All household spaces,305,298,7,0,7
S01010974,Whole house or bungalow: Total,293,286,7,0,7
S01010974,Whole house or bungalow: Detached,6,6,0,0,0
S01010974,Whole house or bungalow: Semi-detached,99,98,1,0,1
S01010974,Whole house or bungalow: Terraced (including end-terrace),188,182,6,0,6
S01010974,Flat maisonette or apartment or mobile/temporary accommodation,12,12,0,0,0
S01010975,All household spaces,198,195,3,0,3
S01010975,Whole house or bungalow: Total,149,148,1,0,1
S01010975,Whole house or bungalow: Detached,6,6,0,0,0
S01010975,Whole house or bungalow: Semi-detached,54,53,1,0,1
S01010975,Whole house or bungalow: Terraced (including end-terrace),89,89,0,0,0
S01010975,Flat maisonette or apartment or mobile/temporary accommodation,49,47,2,0,2
S01010976,All household spaces,215,211,4,0,4
S01010976,Whole house or bungalow: Total,204,200,4,0,4
S01010976,Whole house or bungalow: Detached,12,12,0,0,0
S01010976,Whole house or bungalow: Semi-detached,141,137,4,0,4
S01010976,Whole house or bungalow: Terraced (including end-terrace),51,51,0,0,0
S01010976,Flat maisonette or apartment or mobile/temporary accommodation,11,11,0,0,0
S01010977,All household spaces,314,312,2,0,2
S01010977,Whole house or bungalow: Total,283,281,2,0,2
S01010977,Whole house or bungalow: Detached,62,62,0,0,0
S01010977,Whole house or bungalow: Semi-detached,88,88,0,0,0
S01010977,Whole house or bungalow: Terraced (including end-terrace),133,131,2,0,2
S01010977,Flat maisonette or apartment or mobile/temporary accommodation,31,31,0,0,0
S01010978,All household spaces,363,354,9,0,9
S01010978,Whole house or bungalow: Total,204,199,5,0,5
S01010978,Whole house or bungalow: Detached,26,25,1,0,1
S01010978,Whole house or bungalow: Semi-detached,77,76,1,0,1
S01010978,Whole house or bungalow: Terraced (including end-terrace),101,98,3,0,3
S01010978,Flat maisonette or apartment or mobile/temporary accommodation,159,155,4,0,4
S01010979,All household spaces,330,324,6,0,6
S01010979,Whole house or bungalow: Total,263,259,4,0,4
S01010979,Whole house or bungalow: Detached,8,8,0,0,0
S01010979,Whole house or bungalow: Semi-detached,113,110,3,0,3
S01010979,Whole house or bungalow: Terraced (including end-terrace),142,141,1,0,1
S01010979,Flat maisonette or apartment or mobile/temporary accommodation,67,65,2,0,2
S01010980,All household spaces,356,348,8,1,7
S01010980,Whole house or bungalow: Total,261,255,6,0,6
S01010980,Whole house or bungalow: Detached,30,30,0,0,0
S01010980,Whole house or bungalow: Semi-detached,110,108,2,0,2
S01010980,Whole house or bungalow: Terraced (including end-terrace),121,117,4,0,4
S01010980,Flat maisonette or apartment or mobile/temporary accommodation,95,93,2,1,1
S01010981,All household spaces,339,330,9,0,9
S01010981,Whole house or bungalow: Total,193,188,5,0,5
S01010981,Whole house or bungalow: Detached,36,33,3,0,3
S01010981,Whole house or bungalow: Semi-detached,114,114,0,0,0
S01010981,Whole house or bungalow: Terraced (including end-terrace),43,41,2,0,2
S01010981,Flat maisonette or apartment or mobile/temporary accommodation,146,142,4,0,4
S01010982,All household spaces,474,447,27,8,19
S01010982,Whole house or bungalow: Total,368,352,16,3,13
S01010982,Whole house or bungalow: Detached,248,236,12,3,9
S01010982,Whole house or bungalow: Semi-detached,79,78,1,0,1
S01010982,Whole house or bungalow: Terraced (including end-terrace),41,38,3,0,3
S01010982,Flat maisonette or apartment or mobile/temporary accommodation,106,95,11,5,6
S01010983,All household spaces,392,388,4,0,4
S01010983,Whole house or bungalow: Total,278,274,4,0,4
S01010983,Whole house or bungalow: Detached,46,46,0,0,0
S01010983,Whole house or bungalow: Semi-detached,180,176,4,0,4
S01010983,Whole house or bungalow: Terraced (including end-terrace),52,52,0,0,0
S01010983,Flat maisonette or apartment or mobile/temporary accommodation,114,114,0,0,0
S01010984,All household spaces,308,300,8,2,6
S01010984,Whole house or bungalow: Total,273,265,8,2,6
S01010984,Whole house or bungalow: Detached,152,148,4,2,2
S01010984,Whole house or bungalow: Semi-detached,101,97,4,0,4
S01010984,Whole house or bungalow: Terraced (including end-terrace),20,20,0,0,0
S01010984,Flat maisonette or apartment or mobile/temporary accommodation,35,35,0,0,0
S01010985,All household spaces,246,244,2,0,2
S01010985,Whole house or bungalow: Total,147,146,1,0,1
S01010985,Whole house or bungalow: Detached,10,10,0,0,0
S01010985,Whole house or bungalow: Semi-detached,110,109,1,0,1
S01010985,Whole house or bungalow: Terraced (including end-terrace),27,27,0,0,0
S01010985,Flat maisonette or apartment or mobile/temporary accommodation,99,98,1,0,1
S01010986,All household spaces,182,179,3,0,3
S01010986,Whole house or bungalow: Total,179,176,3,0,3
S01010986,Whole house or bungalow: Detached,88,87,1,0,1
S01010986,Whole house or bungalow: Semi-detached,18,18,0,0,0
S01010986,Whole house or bungalow: Terraced (including end-terrace),73,71,2,0,2
S01010986,Flat maisonette or apartment or mobile/temporary accommodation,3,3,0,0,0
S01010987,All household spaces,221,219,2,0,2
S01010987,Whole house or bungalow: Total,217,215,2,0,2
S01010987,Whole house or bungalow: Detached,193,191,2,0,2
S01010987,Whole house or bungalow: Semi-detached,8,8,0,0,0
S01010987,Whole house or bungalow: Terraced (including end-terrace),16,16,0,0,0
S01010987,Flat maisonette or apartment or mobile/temporary accommodation,4,4,0,0,0
S01010988,All household spaces,205,205,0,0,0
S01010988,Whole house or bungalow: Total,203,203,0,0,0
S01010988,Whole house or bungalow: Detached,135,135,0,0,0
S01010988,Whole house or bungalow: Semi-detached,45,45,0,0,0
S01010988,Whole house or bungalow: Terraced (including end-terrace),23,23,0,0,0
S01010988,Flat maisonette or apartment or mobile/temporary accommodation,2,2,0,0,0
S01010989,All household spaces,365,357,8,2,6
S01010989,Whole house or bungalow: Total,272,267,5,2,3
S01010989,Whole house or bungalow: Detached,93,91,2,2,0
S01010989,Whole house or bungalow: Semi-detached,37,37,0,0,0
S01010989,Whole house or bungalow: Terraced (including end-terrace),142,139,3,0,3
S01010989,Flat maisonette or apartment or mobile/temporary accommodation,93,90,3,0,3
S01010990,All household spaces,325,319,6,5,1
S01010990,Whole house or bungalow: Total,305,299,6,5,1
S01010990,Whole house or bungalow: Detached,12,12,0,0,0
S01010990,Whole house or bungalow: Semi-detached,78,78,0,0,0
S01010990,Whole house or bungalow: Terraced (including end-terrace),215,209,6,5,1
S01010990,Flat maisonette or apartment or mobile/temporary accommodation,20,20,0,0,0
S01010991,All household spaces,199,198,1,0,1
S01010991,Whole house or bungalow: Total,191,190,1,0,1
S01010991,Whole house or bungalow: Detached,41,41,0,0,0
S01010991,Whole house or bungalow: Semi-detached,89,89,0,0,0
S01010991,Whole house or bungalow: Terraced (including end-terrace),61,60,1,0,1
S01010991,Flat maisonette or apartment or mobile/temporary accommodation,8,8,0,0,0
S01010992,All household spaces,188,184,4,4,0
S01010992,Whole house or bungalow: Total,181,177,4,4,0
S01010992,Whole house or bungalow: Detached,155,151,4,4,0
S01010992,Whole house or bungalow: Semi-detached,10,10,0,0,0
S01010992,Whole house or bungalow: Terraced (including end-terrace),16,16,0,0,0
S01010992,Flat maisonette or apartment or mobile/temporary accommodation,7,7,0,0,0
S01010993,All household spaces,255,252,3,0,3
S01010993,Whole house or bungalow: Total,238,235,3,0,3
S01010993,Whole house or bungalow: Detached,140,138,2,0,2
S01010993,Whole house or bungalow: Semi-detached,89,88,1,0,1
S01010993,Whole house or bungalow: Terraced (including end-terrace),9,9,0,0,0
S01010993,Flat maisonette or apartment or mobile/temporary accommodation,17,17,0,0,0
S01010994,All household spaces,396,390,6,1,5
S01010994,Whole house or bungalow: Total,331,325,6,1,5
S01010994,Whole house or bungalow: Detached,170,168,2,1,1
S01010994,Whole house or bungalow: Semi-detached,114,112,2,0,2
S01010994,Whole house or bungalow: Terraced (including end-terrace),47,45,2,0,2
S01010994,Flat maisonette or apartment or mobile/temporary accommodation,65,65,0,0,0
S01010995,All household spaces,292,290,2,0,2
S01010995,Whole house or bungalow: Total,288,286,2,0,2
S01010995,Whole house or bungalow: Detached,77,77,0,0,0
S01010995,Whole house or bungalow: Semi-detached,168,167,1,0,1
S01010995,Whole house or bungalow: Terraced (including end-terrace),43,42,1,0,1
S01010995,Flat maisonette or apartment or mobile/temporary accommodation,4,4,0,0,0
S01010996,All household spaces,239,235,4,0,4
S01010996,Whole house or bungalow: Total,188,184,4,0,4
S01010996,Whole house or bungalow: Detached,81,80,1,0,1
S01010996,Whole house or bungalow: Semi-detached,76,75,1,0,1
S01010996,Whole house or bungalow: Terraced (including end-terrace),31,29,2,0,2
S01010996,Flat maisonette or apartment or mobile/temporary accommodation,51,51,0,0,0
S01010997,All household spaces,295,290,5,0,5
S01010997,Whole house or bungalow: Total,282,277,5,0,5
S01010997,Whole house or bungalow: Detached,190,187,3,0,3
S01010997,Whole house or bungalow: Semi-detached,90,88,2,0,2
S01010997,Whole house or bungalow: Terraced (including end-terrace),2,2,0,0,0
S01010997,Flat maisonette or apartment or mobile/temporary accommodation,13,13,0,0,0
S01010998,All household spaces,227,216,11,4,7
S01010998,Whole house or bungalow: Total,195,187,8,3,5
S01010998,Whole house or bungalow: Detached,120,113,7,3,4
S01010998,Whole house or bungalow: Semi-detached,59,58,1,0,1
S01010998,Whole house or bungalow: Terraced (including end-terrace),16,16,0,0,0
S01010998,Flat maisonette or apartment or mobile/temporary accommodation,32,29,3,1,2
S01010999,All household spaces,421,412,9,3,6
S01010999,Whole house or bungalow: Total,262,255,7,2,5
S01010999,Whole house or bungalow: Detached,157,155,2,1,1
S01010999,Whole house or bungalow: Semi-detached,38,38,0,0,0
S01010999,Whole house or bungalow: Terraced (including end-terrace),67,62,5,1,4
S01010999,Flat maisonette or apartment or mobile/temporary accommodation,159,157,2,1,1
S01011000,All household spaces,372,345,27,18,9
S01011000,Whole house or bungalow: Total,255,232,23,15,8
S01011000,Whole house or bungalow: Detached,129,116,13,7,6
S01011000,Whole house or bungalow: Semi-detached,66,61,5,4,1
S01011000,Whole house or bungalow: Terraced (including end-terrace),60,55,5,4,1
S01011000,Flat maisonette or apartment or mobile/temporary accommodation,117,113,4,3,1
S01011001,All household spaces,277,273,4,2,2
S01011001,Whole house or bungalow: Total,251,247,4,2,2
S01011001,Whole house or bungalow: Detached,9,9,0,0,0
S01011001,Whole house or bungalow: Semi-detached,61,59,2,1,1
S01011001,Whole house or bungalow: Terraced (including end-terrace),181,179,2,1,1
S01011001,Flat maisonette or apartment or mobile/temporary accommodation,26,26,0,0,0
S01011002,All household spaces,318,314,4,0,4
S01011002,Whole house or bungalow: Total,238,236,2,0,2
S01011002,Whole house or bungalow: Detached,10,10,0,0,0
S01011002,Whole house or bungalow: Semi-detached,122,122,0,0,0
S01011002,Whole house or bungalow: Terraced (including end-terrace),106,104,2,0,2
S01011002,Flat maisonette or apartment or mobile/temporary accommodation,80,78,2,0,2
S01011003,All household spaces,291,280,11,7,4
S01011003,Whole house or bungalow: Total,208,202,6,2,4
S01011003,Whole house or bungalow: Detached,6,6,0,0,0
S01011003,Whole house or bungalow: Semi-detached,84,82,2,0,2
S01011003,Whole house or bungalow: Terraced (including end-terrace),118,114,4,2,2
S01011003,Flat maisonette or apartment or mobile/temporary accommodation,83,78,5,5,0
S01011004,All household spaces,258,249,9,6,3
S01011004,Whole house or bungalow: Total,253,244,9,6,3
S01011004,Whole house or bungalow: Detached,88,86,2,2,0
S01011004,Whole house or bungalow: Semi-detached,66,63,3,2,1
S01011004,Whole house or bungalow: Terraced (including end-terrace),99,95,4,2,2
S01011004,Flat maisonette or apartment or mobile/temporary accommodation,5,5,0,0,0
S01011005,All household spaces,349,337,12,1,11
S01011005,Whole house or bungalow: Total,131,128,3,0,3
S01011005,Whole house or bungalow: Detached,12,12,0,0,0
S01011005,Whole house or bungalow: Semi-detached,47,45,2,0,2
S01011005,Whole house or bungalow: Terraced (including end-terrace),72,71,1,0,1
S01011005,Flat maisonette or apartment or mobile/temporary accommodation,218,209,9,1,8
S01011006,All household spaces,451,422,29,10,19
S01011006,Whole house or bungalow: Total,331,325,6,1,5
S01011006,Whole house or bungalow: Detached,75,73,2,1,1
S01011006,Whole house or bungalow: Semi-detached,114,112,2,0,2
S01011006,Whole house or bungalow: Terraced (including end-terrace),142,140,2,0,2
S01011006,Flat maisonette or apartment or mobile/temporary accommodation,120,97,23,9,14
S01011007,All household spaces,284,280,4,0,4
S01011007,Whole house or bungalow: Total,279,275,4,0,4
S01011007,Whole house or bungalow: Detached,7,7,0,0,0
S01011007,Whole house or bungalow: Semi-detached,104,103,1,0,1
S01011007,Whole house or bungalow: Terraced (including end-terrace),168,165,3,0,3
S01011007,Flat maisonette or apartment or mobile/temporary accommodation,5,5,0,0,0
S01011008,All household spaces,347,332,15,8,7
S01011008,Whole house or bungalow: Total,259,247,12,8,4
S01011008,Whole house or bungalow: Detached,8,8,0,0,0
S01011008,Whole house or bungalow: Semi-detached,96,96,0,0,0
S01011008,Whole house or bungalow: Terraced (including end-terrace),155,143,12,8,4
S01011008,Flat maisonette or apartment or mobile/temporary accommodation,88,85,3,0,3
S01011009,All household spaces,227,222,5,2,3
S01011009,Whole house or bungalow: Total,186,182,4,2,2
S01011009,Whole house or bungalow: Detached,11,11,0,0,0
S01011009,Whole house or bungalow: Semi-detached,49,48,1,0,1
S01011009,Whole house or bungalow: Terraced (including end-terrace),126,123,3,2,1
S01011009,Flat maisonette or apartment or mobile/temporary accommodation,41,40,1,0,1
S01011010,All household spaces,361,335,26,5,21
S01011010,Whole house or bungalow: Total,57,55,2,1,1
S01011010,Whole house or bungalow: Detached,10,8,2,1,1
S01011010,Whole house or bungalow: Semi-detached,21,21,0,0,0
S01011010,Whole house or bungalow: Terraced (including end-terrace),26,26,0,0,0
S01011010,Flat maisonette or apartment or mobile/temporary accommodation,304,280,24,4,20
S01011011,All household spaces,451,435,16,3,13
S01011011,Whole house or bungalow: Total,81,78,3,0,3
S01011011,Whole house or bungalow: Detached,12,12,0,0,0
S01011011,Whole house or bungalow: Semi-detached,51,49,2,0,2
S01011011,Whole house or bungalow: Terraced (including end-terrace),18,17,1,0,1
S01011011,Flat maisonette or apartment or mobile/temporary accommodation,370,357,13,3,10
S01011012,All household spaces,321,313,8,5,3
S01011012,Whole house or bungalow: Total,83,83,0,0,0
S01011012,Whole house or bungalow: Detached,8,8,0,0,0
S01011012,Whole house or bungalow: Semi-detached,21,21,0,0,0
S01011012,Whole house or bungalow: Terraced (including end-terrace),54,54,0,0,0
S01011012,Flat maisonette or apartment or mobile/temporary accommodation,238,230,8,5,3
S01011013,All household spaces,382,375,7,0,7
S01011013,Whole house or bungalow: Total,361,354,7,0,7
S01011013,Whole house or bungalow: Detached,18,18,0,0,0
S01011013,Whole house or bungalow: Semi-detached,103,103,0,0,0
S01011013,Whole house or bungalow: Terraced (including end-terrace),240,233,7,0,7
S01011013,Flat maisonette or apartment or mobile/temporary accommodation,21,21,0,0,0
S01011014,All household spaces,369,364,5,2,3
S01011014,Whole house or bungalow: Total,258,254,4,2,2
S01011014,Whole house or bungalow: Detached,49,49,0,0,0
S01011014,Whole house or bungalow: Semi-detached,99,98,1,1,0
S01011014,Whole house or bungalow: Terraced (including end-terrace),110,107,3,1,2
S01011014,Flat maisonette or apartment or mobile/temporary accommodation,111,110,1,0,1
S01011015,All household spaces,208,200,8,0,8
S01011015,Whole house or bungalow: Total,161,155,6,0,6
S01011015,Whole house or bungalow: Detached,22,22,0,0,0
S01011015,Whole house or bungalow: Semi-detached,49,49,0,0,0
S01011015,Whole house or bungalow: Terraced (including end-terrace),90,84,6,0,6
S01011015,Flat maisonette or apartment or mobile/temporary accommodation,47,45,2,0,2
S01011016,All household spaces,326,311,15,5,10
S01011016,Whole house or bungalow: Total,267,252,15,5,10
S01011016,Whole house or bungalow: Detached,163,156,7,3,4
S01011016,Whole house or bungalow: Semi-detached,50,44,6,2,4
S01011016,Whole house or bungalow: Terraced (including end-terrace),54,52,2,0,2
S01011016,Flat maisonette or apartment or mobile/temporary accommodation,59,59,0,0,0
S01011017,All household spaces,360,352,8,3,5
S01011017,Whole house or bungalow: Total,347,340,7,2,5
S01011017,Whole house or bungalow: Detached,203,199,4,1,3
S01011017,Whole house or bungalow: Semi-detached,98,96,2,1,1
S01011017,Whole house or bungalow: Terraced (including end-terrace),46,45,1,0,1
S01011017,Flat maisonette or apartment or mobile/temporary accommodation,13,12,1,1,0
S01011018,All household spaces,376,366,10,10,0
S01011018,Whole house or bungalow: Total,334,325,9,9,0
S01011018,Whole house or bungalow: Detached,48,46,2,2,0
S01011018,Whole house or bungalow: Semi-detached,155,151,4,4,0
S01011018,Whole house or bungalow: Terraced (including end-terrace),131,128,3,3,0
S01011018,Flat maisonette or apartment or mobile/temporary accommodation,42,41,1,1,0
S01011019,All household spaces,435,408,27,10,17
S01011019,Whole house or bungalow: Total,389,363,26,10,16
S01011019,Whole house or bungalow: Detached,205,187,18,5,13
S01011019,Whole house or bungalow: Semi-detached,101,95,6,4,2
S01011019,Whole house or bungalow: Terraced (including end-terrace),83,81,2,1,1
S01011019,Flat maisonette or apartment or mobile/temporary accommodation,46,45,1,0,1
S01011020,All household spaces,205,202,3,0,3
S01011020,Whole house or bungalow: Total,192,190,2,0,2
S01011020,Whole house or bungalow: Detached,92,91,1,0,1
S01011020,Whole house or bungalow: Semi-detached,73,72,1,0,1
S01011020,Whole house or bungalow: Terraced (including end-terrace),27,27,0,0,0
S01011020,Flat maisonette or apartment or mobile/temporary accommodation,13,12,1,0,1
S01011021,All household spaces,361,351,10,5,5
S01011021,Whole house or bungalow: Total,351,341,10,5,5
S01011021,Whole house or bungalow: Detached,49,47,2,2,0
S01011021,Whole house or bungalow: Semi-detached,212,210,2,0,2
S01011021,Whole house or bungalow: Terraced (including end-terrace),90,84,6,3,3
S01011021,Flat maisonette or apartment or mobile/temporary accommodation,10,10,0,0,0
S01011022,All household spaces,245,233,12,5,7
S01011022,Whole house or bungalow: Total,209,198,11,5,6
S01011022,Whole house or bungalow: Detached,7,7,0,0,0
S01011022,Whole house or bungalow: Semi-detached,58,58,0,0,0
S01011022,Whole house or bungalow: Terraced (including end-terrace),144,133,11,5,6
S01011022,Flat maisonette or apartment or mobile/temporary accommodation,36,35,1,0,1
S01011023,All household spaces,366,350,16,12,4
S01011023,Whole house or bungalow: Total,289,281,8,6,2
S01011023,Whole house or bungalow: Detached,59,59,0,0,0
S01011023,Whole house or bungalow: Semi-detached,151,149,2,0,2
S01011023,Whole house or bungalow: Terraced (including end-terrace),79,73,6,6,0
S01011023,Flat maisonette or apartment or mobile/temporary accommodation,77,69,8,6,2
S01011024,All household spaces,306,302,4,2,2
S01011024,Whole house or bungalow: Total,250,246,4,2,2
S01011024,Whole house or bungalow: Detached,11,11,0,0,0
S01011024,Whole house or bungalow: Semi-detached,91,91,0,0,0
S01011024,Whole house or bungalow: Terraced (including end-terrace),148,144,4,2,2
S01011024,Flat maisonette or apartment or mobile/temporary accommodation,56,56,0,0,0
S01011025,All household spaces,293,276,17,15,2
S01011025,Whole house or bungalow: Total,274,258,16,14,2
S01011025,Whole house or bungalow: Detached,11,11,0,0,0
S01011025,Whole house or bungalow: Semi-detached,40,40,0,0,0
S01011025,Whole house or bungalow: Terraced (including end-terrace),223,207,16,14,2
S01011025,Flat maisonette or apartment or mobile/temporary accommodation,19,18,1,1,0
S01011026,All household spaces,245,235,10,5,5
S01011026,Whole house or bungalow: Total,242,232,10,5,5
S01011026,Whole house or bungalow: Detached,5,5,0,0,0
S01011026,Whole house or bungalow: Semi-detached,44,43,1,0,1
S01011026,Whole house or bungalow: Terraced (including end-terrace),193,184,9,5,4
S01011026,Flat maisonette or apartment or mobile/temporary accommodation,3,3,0,0,0
S01011027,All household spaces,430,418,12,0,12
S01011027,Whole house or bungalow: Total,264,253,11,0,11
S01011027,Whole house or bungalow: Detached,12,12,0,0,0
S01011027,Whole house or bungalow: Semi-detached,81,78,3,0,3
S01011027,Whole house or bungalow: Terraced (including end-terrace),171,163,8,0,8
S01011027,Flat maisonette or apartment or mobile/temporary accommodation,166,165,1,0,1
S01011028,All household spaces,445,425,20,14,6
S01011028,Whole house or bungalow: Total,336,320,16,10,6
S01011028,Whole house or bungalow: Detached,17,17,0,0,0
S01011028,Whole house or bungalow: Semi-detached,104,103,1,0,1
S01011028,Whole house or bungalow: Terraced (including end-terrace),215,200,15,10,5
S01011028,Flat maisonette or apartment or mobile/temporary accommodation,109,105,4,4,0
S01011029,All household spaces,280,264,16,8,8
S01011029,Whole house or bungalow: Total,206,196,10,7,3
S01011029,Whole house or bungalow: Detached,5,5,0,0,0
S01011029,Whole house or bungalow: Semi-detached,32,31,1,1,0
S01011029,Whole house or bungalow: Terraced (including end-terrace),169,160,9,6,3
S01011029,Flat maisonette or apartment or mobile/temporary accommodation,74,68,6,1,5
S01011030,All household spaces,378,369,9,5,4
S01011030,Whole house or bungalow: Total,323,319,4,1,3
S01011030,Whole house or bungalow: Detached,66,66,0,0,0
S01011030,Whole house or bungalow: Semi-detached,115,112,3,1,2
S01011030,Whole house or bungalow: Terraced (including end-terrace),142,141,1,0,1
S01011030,Flat maisonette or apartment or mobile/temporary accommodation,55,50,5,4,1
S01011031,All household spaces,327,320,7,3,4
S01011031,Whole house or bungalow: Total,221,214,7,3,4
S01011031,Whole house or bungalow: Detached,64,63,1,0,1
S01011031,Whole house or bungalow: Semi-detached,67,61,6,3,3
S01011031,Whole house or bungalow: Terraced (including end-terrace),90,90,0,0,0
S01011031,Flat maisonette or apartment or mobile/temporary accommodation,106,106,0,0,0
S01011032,All household spaces,363,353,10,7,3
S01011032,Whole house or bungalow: Total,142,133,9,7,2
S01011032,Whole house or bungalow: Detached,14,14,0,0,0
S01011032,Whole house or bungalow: Semi-detached,85,78,7,5,2
S01011032,Whole house or bungalow: Terraced (including end-terrace),43,41,2,2,0
S01011032,Flat maisonette or apartment or mobile/temporary accommodation,221,220,1,0,1
S01011033,All household spaces,280,275,5,0,5
S01011033,Whole house or bungalow: Total,276,271,5,0,5
S01011033,Whole house or bungalow: Detached,7,7,0,0,0
S01011033,Whole house or bungalow: Semi-detached,163,159,4,0,4
S01011033,Whole house or bungalow: Terraced (including end-terrace),106,105,1,0,1
S01011033,Flat maisonette or apartment or mobile/temporary accommodation,4,4,0,0,0
S01011034,All household spaces,332,331,1,0,1
S01011034,Whole house or bungalow: Total,286,285,1,0,1
S01011034,Whole house or bungalow: Detached,14,13,1,0,1
S01011034,Whole house or bungalow: Semi-detached,82,82,0,0,0
S01011034,Whole house or bungalow: Terraced (including end-terrace),190,190,0,0,0
S01011034,Flat maisonette or apartment or mobile/temporary accommodation,46,46,0,0,0
S01011035,All household spaces,256,252,4,4,0
S01011035,Whole house or bungalow: Total,253,249,4,4,0
S01011035,Whole house or bungalow: Detached,18,18,0,0,0
S01011035,Whole house or bungalow: Semi-detached,56,55,1,1,0
S01011035,Whole house or bungalow: Terraced (including end-terrace),179,176,3,3,0
S01011035,Flat maisonette or apartment or mobile/temporary accommodation,3,3,0,0,0
S01011036,All household spaces,292,285,7,2,5
S01011036,Whole house or bungalow: Total,225,220,5,1,4
S01011036,Whole house or bungalow: Detached,115,113,2,0,2
S01011036,Whole house or bungalow: Semi-detached,46,46,0,0,0
S01011036,Whole house or bungalow: Terraced (including end-terrace),64,61,3,1,2
S01011036,Flat maisonette or apartment or mobile/temporary accommodation,67,65,2,1,1
S01011037,All household spaces,442,409,33,17,16
S01011037,Whole house or bungalow: Total,207,194,13,7,6
S01011037,Whole house or bungalow: Detached,33,30,3,1,2
S01011037,Whole house or bungalow: Semi-detached,74,70,4,3,1
S01011037,Whole house or bungalow: Terraced (including end-terrace),100,94,6,3,3
S01011037,Flat maisonette or apartment or mobile/temporary accommodation,235,215,20,10,10
S01011038,All household spaces,341,337,4,0,4
S01011038,Whole house or bungalow: Total,224,222,2,0,2
S01011038,Whole house or bungalow: Detached,20,20,0,0,0
S01011038,Whole house or bungalow: Semi-detached,138,138,0,0,0
S01011038,Whole house or bungalow: Terraced (including end-terrace),66,64,2,0,2
S01011038,Flat maisonette or apartment or mobile/temporary accommodation,117,115,2,0,2
S01011039,All household spaces,402,392,10,1,9
S01011039,Whole house or bungalow: Total,242,236,6,1,5
S01011039,Whole house or bungalow: Detached,51,49,2,0,2
S01011039,Whole house or bungalow: Semi-detached,123,122,1,0,1
S01011039,Whole house or bungalow: Terraced (including end-terrace),68,65,3,1,2
S01011039,Flat maisonette or apartment or mobile/temporary accommodation,160,156,4,0,4
S01011040,All household spaces,294,285,9,3,6
S01011040,Whole house or bungalow: Total,215,209,6,2,4
S01011040,Whole house or bungalow: Detached,11,11,0,0,0
S01011040,Whole house or bungalow: Semi-detached,145,142,3,1,2
S01011040,Whole house or bungalow: Terraced (including end-terrace),59,56,3,1,2
S01011040,Flat maisonette or apartment or mobile/temporary accommodation,79,76,3,1,2
S01011041,All household spaces,305,292,13,8,5
S01011041,Whole house or bungalow: Total,222,214,8,4,4
S01011041,Whole house or bungalow: Detached,25,25,0,0,0
S01011041,Whole house or bungalow: Semi-detached,126,124,2,0,2
S01011041,Whole house or bungalow: Terraced (including end-terrace),71,65,6,4,2
S01011041,Flat maisonette or apartment or mobile/temporary accommodation,83,78,5,4,1
S01011042,All household spaces,352,333,19,14,5
S01011042,Whole house or bungalow: Total,283,269,14,10,4
S01011042,Whole house or bungalow: Detached,133,132,1,1,0
S01011042,Whole house or bungalow: Semi-detached,89,82,7,6,1
S01011042,Whole house or bungalow: Terraced (including end-terrace),61,55,6,3,3
S01011042,Flat maisonette or apartment or mobile/temporary accommodation,69,64,5,4,1
S01011043,All household spaces,325,310,15,7,8
S01011043,Whole house or bungalow: Total,262,255,7,0,7
S01011043,Whole house or bungalow: Detached,37,37,0,0,0
S01011043,Whole house or bungalow: Semi-detached,152,148,4,0,4
S01011043,Whole house or bungalow: Terraced (including end-terrace),73,70,3,0,3
S01011043,Flat maisonette or apartment or mobile/temporary accommodation,63,55,8,7,1
S01011044,All household spaces,326,307,19,12,7
S01011044,Whole house or bungalow: Total,126,111,15,12,3
S01011044,Whole house or bungalow: Detached,55,55,0,0,0
S01011044,Whole house or bungalow: Semi-detached,39,26,13,12,1
S01011044,Whole house or bungalow: Terraced (including end-terrace),32,30,2,0,2
S01011044,Flat maisonette or apartment or mobile/temporary accommodation,200,196,4,0,4
S01011045,All household spaces,413,369,44,29,15
S01011045,Whole house or bungalow: Total,392,349,43,29,14
S01011045,Whole house or bungalow: Detached,249,218,31,21,10
S01011045,Whole house or bungalow: Semi-detached,90,83,7,5,2
S01011045,Whole house or bungalow: Terraced (including end-terrace),53,48,5,3,2
S01011045,Flat maisonette or apartment or mobile/temporary accommodation,21,20,1,0,1
S01011046,All household spaces,405,362,43,27,16
S01011046,Whole house or bungalow: Total,393,353,40,24,16
S01011046,Whole house or bungalow: Detached,302,266,36,22,14
S01011046,Whole house or bungalow: Semi-detached,81,77,4,2,2
S01011046,Whole house or bungalow: Terraced (including end-terrace),10,10,0,0,0
S01011046,Flat maisonette or apartment or mobile/temporary accommodation,12,9,3,3,0
S01011047,All household spaces,428,396,32,17,15
S01011047,Whole house or bungalow: Total,423,392,31,16,15
S01011047,Whole house or bungalow: Detached,270,249,21,13,8
S01011047,Whole house or bungalow: Semi-detached,116,109,7,3,4
S01011047,Whole house or bungalow: Terraced (including end-terrace),37,34,3,0,3
S01011047,Flat maisonette or apartment or mobile/temporary accommodation,5,4,1,1,0
S01011048,All household spaces,466,440,26,6,20
S01011048,Whole house or bungalow: Total,404,381,23,5,18
S01011048,Whole house or bungalow: Detached,129,124,5,2,3
S01011048,Whole house or bungalow: Semi-detached,158,151,7,2,5
S01011048,Whole house or bungalow: Terraced (including end-terrace),117,106,11,1,10
S01011048,Flat maisonette or apartment or mobile/temporary accommodation,62,59,3,1,2
S01011049,All household spaces,329,322,7,0,7
S01011049,Whole house or bungalow: Total,292,286,6,0,6
S01011049,Whole house or bungalow: Detached,76,74,2,0,2
S01011049,Whole house or bungalow: Semi-detached,154,151,3,0,3
S01011049,Whole house or bungalow: Terraced (including end-terrace),62,61,1,0,1
S01011049,Flat maisonette or apartment or mobile/temporary accommodation,37,36,1,0,1
S01011050,All household spaces,347,323,24,10,14
S01011050,Whole house or bungalow: Total,343,321,22,10,12
S01011050,Whole house or bungalow: Detached,216,201,15,7,8
S01011050,Whole house or bungalow: Semi-detached,83,81,2,0,2
S01011050,Whole house or bungalow: Terraced (including end-terrace),44,39,5,3,2
S01011050,Flat maisonette or apartment or mobile/temporary accommodation,4,2,2,0,2
S01011051,All household spaces,481,428,53,24,29
S01011051,Whole house or bungalow: Total,464,411,53,24,29
S01011051,Whole house or bungalow: Detached,258,211,47,22,25
S01011051,Whole house or bungalow: Semi-detached,126,120,6,2,4
S01011051,Whole house or bungalow: Terraced (including end-terrace),80,80,0,0,0
S01011051,Flat maisonette or apartment or mobile/temporary accommodation,17,17,0,0,0
S01011052,All household spaces,394,366,28,16,12
S01011052,Whole house or bungalow: Total,343,320,23,14,9
S01011052,Whole house or bungalow: Detached,144,133,11,7,4
S01011052,Whole house or bungalow: Semi-detached,147,142,5,2,3
S01011052,Whole house or bungalow: Terraced (including end-terrace),52,45,7,5,2
S01011052,Flat maisonette or apartment or mobile/temporary accommodation,51,46,5,2,3
S01011053,All household spaces,303,295,8,1,7
S01011053,Whole house or bungalow: Total,275,268,7,1,6
S01011053,Whole house or bungalow: Detached,53,50,3,1,2
S01011053,Whole house or bungalow: Semi-detached,107,106,1,0,1
S01011053,Whole house or bungalow: Terraced (including end-terrace),115,112,3,0,3
S01011053,Flat maisonette or apartment or mobile/temporary accommodation,28,27,1,0,1
S01011054,All household spaces,265,244,21,9,12
S01011054,Whole house or bungalow: Total,255,234,21,9,12
S01011054,Whole house or bungalow: Detached,116,103,13,7,6
S01011054,Whole house or bungalow: Semi-detached,106,102,4,1,3
S01011054,Whole house or bungalow: Terraced (including end-terrace),33,29,4,1,3
S01011054,Flat maisonette or apartment or mobile/temporary accommodation,10,10,0,0,0
S01011055,All household spaces,244,228,16,3,13
S01011055,Whole house or bungalow: Total,243,227,16,3,13
S01011055,Whole house or bungalow: Detached,169,160,9,2,7
S01011055,Whole house or bungalow: Semi-detached,57,51,6,0,6
S01011055,Whole house or bungalow: Terraced (including end-terrace),17,16,1,1,0
S01011055,Flat maisonette or apartment or mobile/temporary accommodation,1,1,0,0,0
S01011056,All household spaces,286,271,15,8,7
S01011056,Whole house or bungalow: Total,275,262,13,8,5
S01011056,Whole house or bungalow: Detached,226,216,10,6,4
S01011056,Whole house or bungalow: Semi-detached,43,41,2,2,0
S01011056,Whole house or bungalow: Terraced (including end-terrace),6,5,1,0,1
S01011056,Flat maisonette or apartment or mobile/temporary accommodation,11,9,2,0,2
S01011057,All household spaces,251,238,13,0,13
S01011057,Whole house or bungalow: Total,249,236,13,0,13
S01011057,Whole house or bungalow: Detached,114,108,6,0,6
S01011057,Whole house or bungalow: Semi-detached,106,99,7,0,7
S01011057,Whole house or bungalow: Terraced (including end-terrace),29,29,0,0,0
S01011057,Flat maisonette or apartment or mobile/temporary accommodation,2,2,0,0,0
S01011058,All household spaces,267,251,16,3,13
S01011058,Whole house or bungalow: Total,263,248,15,3,12
S01011058,Whole house or bungalow: Detached,231,218,13,3,10
S01011058,Whole house or bungalow: Semi-detached,23,23,0,0,0
S01011058,Whole house or bungalow: Terraced (including end-terrace),9,7,2,0,2
S01011058,Flat maisonette or apartment or mobile/temporary accommodation,4,3,1,0,1
S01011059,All household spaces,274,248,26,3,23
S01011059,Whole house or bungalow: Total,271,245,26,3,23
S01011059,Whole house or bungalow: Detached,220,197,23,3,20
S01011059,Whole house or bungalow: Semi-detached,46,43,3,0,3
S01011059,Whole house or bungalow: Terraced (including end-terrace),5,5,0,0,0
S01011059,Flat maisonette or apartment or mobile/temporary accommodation,3,3,0,0,0
S01011060,All household spaces,432,402,30,2,28
S01011060,Whole house or bungalow: Total,361,343,18,1,17
S01011060,Whole house or bungalow: Detached,170,163,7,1,6
S01011060,Whole house or bungalow: Semi-detached,119,113,6,0,6
S01011060,Whole house or bungalow: Terraced (including end-terrace),72,67,5,0,5
S01011060,Flat maisonette or apartment or mobile/temporary accommodation,71,59,12,1,11
S01011061,All household spaces,417,404,13,0,13
S01011061,Whole house or bungalow: Total,379,370,9,0,9
S01011061,Whole house or bungalow: Detached,85,81,4,0,4
S01011061,Whole house or bungalow: Semi-detached,128,128,0,0,0
S01011061,Whole house or bungalow: Terraced (including end-terrace),166,161,5,0,5
S01011061,Flat maisonette or apartment or mobile/temporary accommodation,38,34,4,0,4
S01011062,All household spaces,440,423,17,0,17
S01011062,Whole house or bungalow: Total,357,346,11,0,11
S01011062,Whole house or bungalow: Detached,144,138,6,0,6
S01011062,Whole house or bungalow: Semi-detached,126,125,1,0,1
S01011062,Whole house or bungalow: Terraced (including end-terrace),87,83,4,0,4
S01011062,Flat maisonette or apartment or mobile/temporary accommodation,83,77,6,0,6
S01011063,All household spaces,478,472,6,1,5
S01011063,Whole house or bungalow: Total,466,460,6,1,5
S01011063,Whole house or bungalow: Detached,108,105,3,1,2
S01011063,Whole house or bungalow: Semi-detached,198,197,1,0,1
S01011063,Whole house or bungalow: Terraced (including end-terrace),160,158,2,0,2
S01011063,Flat maisonette or apartment or mobile/temporary accommodation,12,12,0,0,0
S01011064,All household spaces,496,480,16,1,15
S01011064,Whole house or bungalow: Total,454,443,11,1,10
S01011064,Whole house or bungalow: Detached,135,133,2,1,1
S01011064,Whole house or bungalow: Semi-detached,194,188,6,0,6
S01011064,Whole house or bungalow: Terraced (including end-terrace),125,122,3,0,3
S01011064,Flat maisonette or apartment or mobile/temporary accommodation,42,37,5,0,5
S01011065,All household spaces,307,289,18,6,12
S01011065,Whole house or bungalow: Total,285,269,16,5,11
S01011065,Whole house or bungalow: Detached,170,161,9,3,6
S01011065,Whole house or bungalow: Semi-detached,82,78,4,0,4
S01011065,Whole house or bungalow: Terraced (including end-terrace),33,30,3,2,1
S01011065,Flat maisonette or apartment or mobile/temporary accommodation,22,20,2,1,1
S01011066,All household spaces,247,231,16,4,12
S01011066,Whole house or bungalow: Total,233,219,14,4,10
S01011066,Whole house or bungalow: Detached,118,116,2,2,0
S01011066,Whole house or bungalow: Semi-detached,80,76,4,0,4
S01011066,Whole house or bungalow: Terraced (including end-terrace),35,27,8,2,6
S01011066,Flat maisonette or apartment or mobile/temporary accommodation,14,12,2,0,2
S01011067,All household spaces,357,284,73,47,26
S01011067,Whole house or bungalow: Total,337,269,68,47,21
S01011067,Whole house or bungalow: Detached,119,89,30,25,5
S01011067,Whole house or bungalow: Semi-detached,166,146,20,10,10
S01011067,Whole house or bungalow: Terraced (including end-terrace),52,34,18,12,6
S01011067,Flat maisonette or apartment or mobile/temporary accommodation,20,15,5,0,5
S01011068,All household spaces,252,238,14,5,9
S01011068,Whole house or bungalow: Total,247,233,14,5,9
S01011068,Whole house or bungalow: Detached,94,87,7,2,5
S01011068,Whole house or bungalow: Semi-detached,130,127,3,2,1
S01011068,Whole house or bungalow: Terraced (including end-terrace),23,19,4,1,3
S01011068,Flat maisonette or apartment or mobile/temporary accommodation,5,5,0,0,0
S01011069,All household spaces,258,251,7,4,3
S01011069,Whole house or bungalow: Total,239,232,7,4,3
S01011069,Whole house or bungalow: Detached,95,92,3,1,2
S01011069,Whole house or bungalow: Semi-detached,110,107,3,2,1
S01011069,Whole house or bungalow: Terraced (including end-terrace),34,33,1,1,0
S01011069,Flat maisonette or apartment or mobile/temporary accommodation,19,19,0,0,0
S01011070,All household spaces,283,274,9,5,4
S01011070,Whole house or bungalow: Total,274,265,9,5,4
S01011070,Whole house or bungalow: Detached,95,93,2,2,0
S01011070,Whole house or bungalow: Semi-detached,146,140,6,3,3
S01011070,Whole house or bungalow: Terraced (including end-terrace),33,32,1,0,1
S01011070,Flat maisonette or apartment or mobile/temporary accommodation,9,9,0,0,0
S01011071,All household spaces,378,357,21,6,15
S01011071,Whole house or bungalow: Total,373,352,21,6,15
S01011071,Whole house or bungalow: Detached,266,252,14,4,10
S01011071,Whole house or bungalow: Semi-detached,88,82,6,1,5
S01011071,Whole house or bungalow: Terraced (including end-terrace),19,18,1,1,0
S01011071,Flat maisonette or apartment or mobile/temporary accommodation,5,5,0,0,0
S01011072,All household spaces,429,407,22,5,17
S01011072,Whole house or bungalow: Total,415,393,22,5,17
S01011072,Whole house or bungalow: Detached,289,271,18,4,14
S01011072,Whole house or bungalow: Semi-detached,104,100,4,1,3
S01011072,Whole house or bungalow: Terraced (including end-terrace),22,22,0,0,0
S01011072,Flat maisonette or apartment or mobile/temporary accommodation,14,14,0,0,0
S01011073,All household spaces,320,286,34,13,21
S01011073,Whole house or bungalow: Total,299,268,31,13,18
S01011073,Whole house or bungalow: Detached,148,138,10,4,6
S01011073,Whole house or bungalow: Semi-detached,125,111,14,5,9
S01011073,Whole house or bungalow: Terraced (including end-terrace),26,19,7,4,3
S01011073,Flat maisonette or apartment or mobile/temporary accommodation,21,18,3,0,3
S01011074,All household spaces,298,280,18,3,15
S01011074,Whole house or bungalow: Total,278,261,17,3,14
S01011074,Whole house or bungalow: Detached,71,65,6,1,5
S01011074,Whole house or bungalow: Semi-detached,141,133,8,1,7
S01011074,Whole house or bungalow: Terraced (including end-terrace),66,63,3,1,2
S01011074,Flat maisonette or apartment or mobile/temporary accommodation,20,19,1,0,1
S01011075,All household spaces,327,322,5,1,4
S01011075,Whole house or bungalow: Total,293,288,5,1,4
S01011075,Whole house or bungalow: Detached,14,14,0,0,0
S01011075,Whole house or bungalow: Semi-detached,149,146,3,1,2
S01011075,Whole house or bungalow: Terraced (including end-terrace),130,128,2,0,2
S01011075,Flat maisonette or apartment or mobile/temporary accommodation,34,34,0,0,0
S01011076,All household spaces,358,348,10,1,9
S01011076,Whole house or bungalow: Total,257,250,7,1,6
S01011076,Whole house or bungalow: Detached,59,58,1,0,1
S01011076,Whole house or bungalow: Semi-detached,150,146,4,0,4
S01011076,Whole house or bungalow: Terraced (including end-terrace),48,46,2,1,1
S01011076,Flat maisonette or apartment or mobile/temporary accommodation,101,98,3,0,3
S01011077,All household spaces,339,337,2,1,1
S01011077,Whole house or bungalow: Total,328,326,2,1,1
S01011077,Whole house or bungalow: Detached,48,47,1,1,0
S01011077,Whole house or bungalow: Semi-detached,84,84,0,0,0
S01011077,Whole house or bungalow: Terraced (including end-terrace),196,195,1,0,1
S01011077,Flat maisonette or apartment or mobile/temporary accommodation,11,11,0,0,0
S01011078,All household spaces,476,466,10,2,8
S01011078,Whole house or bungalow: Total,405,397,8,2,6
S01011078,Whole house or bungalow: Detached,297,290,7,2,5
S01011078,Whole house or bungalow: Semi-detached,88,87,1,0,1
S01011078,Whole house or bungalow: Terraced (including end-terrace),20,20,0,0,0
S01011078,Flat maisonette or apartment or mobile/temporary accommodation,71,69,2,0,2
S01011079,All household spaces,517,488,29,11,18
S01011079,Whole house or bungalow: Total,404,381,23,10,13
S01011079,Whole house or bungalow: Detached,171,162,9,5,4
S01011079,Whole house or bungalow: Semi-detached,170,162,8,4,4
S01011079,Whole house or bungalow: Terraced (including end-terrace),63,57,6,1,5
S01011079,Flat maisonette or apartment or mobile/temporary accommodation,113,107,6,1,5
S01011080,All household spaces,493,461,32,10,22
S01011080,Whole house or bungalow: Total,423,394,29,10,19
S01011080,Whole house or bungalow: Detached,126,119,7,1,6
S01011080,Whole house or bungalow: Semi-detached,245,230,15,5,10
S01011080,Whole house or bungalow: Terraced (including end-terrace),52,45,7,4,3
S01011080,Flat maisonette or apartment or mobile/temporary accommodation,70,67,3,0,3
S01011081,All household spaces,359,352,7,0,7
S01011081,Whole house or bungalow: Total,330,323,7,0,7
S01011081,Whole house or bungalow: Detached,53,53,0,0,0
S01011081,Whole house or bungalow: Semi-detached,151,144,7,0,7
S01011081,Whole house or bungalow: Terraced (including end-terrace),126,126,0,0,0
S01011081,Flat maisonette or apartment or mobile/temporary accommodation,29,29,0,0,0
S01011082,All household spaces,270,269,1,0,1
S01011082,Whole house or bungalow: Total,241,240,1,0,1
S01011082,Whole house or bungalow: Detached,20,20,0,0,0
S01011082,Whole house or bungalow: Semi-detached,159,158,1,0,1
S01011082,Whole house or bungalow: Terraced (including end-terrace),62,62,0,0,0
S01011082,Flat maisonette or apartment or mobile/temporary accommodation,29,29,0,0,0
S01011083,All household spaces,367,347,20,5,15
S01011083,Whole house or bungalow: Total,358,338,20,5,15
S01011083,Whole house or bungalow: Detached,84,83,1,0,1
S01011083,Whole house or bungalow: Semi-detached,198,186,12,3,9
S01011083,Whole house or bungalow: Terraced (including end-terrace),76,69,7,2,5
S01011083,Flat maisonette or apartment or mobile/temporary accommodation,9,9,0,0,0
S01011084,All household spaces,346,330,16,4,12
S01011084,Whole house or bungalow: Total,341,325,16,4,12
S01011084,Whole house or bungalow: Detached,252,239,13,4,9
S01011084,Whole house or bungalow: Semi-detached,66,65,1,0,1
S01011084,Whole house or bungalow: Terraced (including end-terrace),23,21,2,0,2
S01011084,Flat maisonette or apartment or mobile/temporary accommodation,5,5,0,0,0
S01011085,All household spaces,399,383,16,7,9
S01011085,Whole house or bungalow: Total,397,381,16,7,9
S01011085,Whole house or bungalow: Detached,259,250,9,4,5
S01011085,Whole house or bungalow: Semi-detached,121,114,7,3,4
S01011085,Whole house or bungalow: Terraced (including end-terrace),17,17,0,0,0
S01011085,Flat maisonette or apartment or mobile/temporary accommodation,2,2,0,0,0
S01011086,All household spaces,285,273,12,1,11
S01011086,Whole house or bungalow: Total,285,273,12,1,11
S01011086,Whole house or bungalow: Detached,210,202,8,1,7
S01011086,Whole house or bungalow: Semi-detached,58,54,4,0,4
S01011086,Whole house or bungalow: Terraced (including end-terrace),17,17,0,0,0
S01011086,Flat maisonette or apartment or mobile/temporary accommodation,0,0,0,0,0
S01011087,All household spaces,267,262,5,0,5
S01011087,Whole house or bungalow: Total,246,241,5,0,5
S01011087,Whole house or bungalow: Detached,47,46,1,0,1
S01011087,Whole house or bungalow: Semi-detached,116,115,1,0,1
S01011087,Whole house or bungalow: Terraced (including end-terrace),83,80,3,0,3
S01011087,Flat maisonette or apartment or mobile/temporary accommodation,21,21,0,0,0
S01011088,All household spaces,475,453,22,2,20
S01011088,Whole house or bungalow: Total,420,401,19,1,18
S01011088,Whole house or bungalow: Detached,221,214,7,0,7
S01011088,Whole house or bungalow: Semi-detached,132,126,6,1,5
S01011088,Whole house or bungalow: Terraced (including end-terrace),67,61,6,0,6
S01011088,Flat maisonette or apartment or mobile/temporary accommodation,55,52,3,1,2
S01011089,All household spaces,320,310,10,1,9
S01011089,Whole house or bungalow: Total,305,295,10,1,9
S01011089,Whole house or bungalow: Detached,87,84,3,1,2
S01011089,Whole house or bungalow: Semi-detached,111,110,1,0,1
S01011089,Whole house or bungalow: Terraced (including end-terrace),107,101,6,0,6
S01011089,Flat maisonette or apartment or mobile/temporary accommodation,15,15,0,0,0
S01011090,All household spaces,334,304,30,9,21
S01011090,Whole house or bungalow: Total,330,300,30,9,21
S01011090,Whole house or bungalow: Detached,275,249,26,8,18
S01011090,Whole house or bungalow: Semi-detached,46,43,3,1,2
S01011090,Whole house or bungalow: Terraced (including end-terrace),9,8,1,0,1
S01011090,Flat maisonette or apartment or mobile/temporary accommodation,4,4,0,0,0
S01011091,All household spaces,279,260,19,12,7
S01011091,Whole house or bungalow: Total,276,258,18,12,6
S01011091,Whole house or bungalow: Detached,225,208,17,12,5
S01011091,Whole house or bungalow: Semi-detached,47,46,1,0,1
S01011091,Whole house or bungalow: Terraced (including end-terrace),4,4,0,0,0
S01011091,Flat maisonette or apartment or mobile/temporary accommodation,3,2,1,0,1
S01011092,All household spaces,186,181,5,0,5
S01011092,Whole house or bungalow: Total,148,144,4,0,4
S01011092,Whole house or bungalow: Detached,42,39,3,0,3
S01011092,Whole house or bungalow: Semi-detached,97,97,0,0,0
S01011092,Whole house or bungalow: Terraced (including end-terrace),9,8,1,0,1
S01011092,Flat maisonette or apartment or mobile/temporary accommodation,38,37,1,0,1
S01011093,All household spaces,248,239,9,4,5
S01011093,Whole house or bungalow: Total,239,230,9,4,5
S01011093,Whole house or bungalow: Detached,177,169,8,4,4
S01011093,Whole house or bungalow: Semi-detached,49,48,1,0,1
S01011093,Whole house or bungalow: Terraced (including end-terrace),13,13,0,0,0
S01011093,Flat maisonette or apartment or mobile/temporary accommodation,9,9,0,0,0
S01011094,All household spaces,216,196,20,3,17
S01011094,Whole house or bungalow: Total,214,194,20,3,17
S01011094,Whole house or bungalow: Detached,171,157,14,2,12
S01011094,Whole house or bungalow: Semi-detached,36,32,4,1,3
S01011094,Whole house or bungalow: Terraced (including end-terrace),7,5,2,0,2
S01011094,Flat maisonette or apartment or mobile/temporary accommodation,2,2,0,0,0
S01011095,All household spaces,328,318,10,1,9
S01011095,Whole house or bungalow: Total,326,316,10,1,9
S01011095,Whole house or bungalow: Detached,252,243,9,0,9
S01011095,Whole house or bungalow: Semi-detached,63,63,0,0,0
S01011095,Whole house or bungalow: Terraced (including end-terrace),11,10,1,1,0
S01011095,Flat maisonette or apartment or mobile/temporary accommodation,2,2,0,0,0
S01011096,All household spaces,235,223,12,3,9
S01011096,Whole house or bungalow: Total,210,201,9,2,7
S01011096,Whole house or bungalow: Detached,129,125,4,2,2
S01011096,Whole house or bungalow: Semi-detached,66,63,3,0,3
S01011096,Whole house or bungalow: Terraced (including end-terrace),15,13,2,0,2
S01011096,Flat maisonette or apartment or mobile/temporary accommodation,25,22,3,1,2
S01011097,All household spaces,301,284,17,5,12
S01011097,Whole house or bungalow: Total,294,277,17,5,12
S01011097,Whole house or bungalow: Detached,214,201,13,3,10
S01011097,Whole house or bungalow: Semi-detached,65,62,3,2,1
S01011097,Whole house or bungalow: Terraced (including end-terrace),15,14,1,0,1
S01011097,Flat maisonette or apartment or mobile/temporary accommodation,7,7,0,0,0
S01011098,All household spaces,357,346,11,0,11
S01011098,Whole house or bungalow: Total,300,294,6,0,6
S01011098,Whole house or bungalow: Detached,128,127,1,0,1
S01011098,Whole house or bungalow: Semi-detached,139,136,3,0,3
S01011098,Whole house or bungalow: Terraced (including end-terrace),33,31,2,0,2
S01011098,Flat maisonette or apartment or mobile/temporary accommodation,57,52,5,0,5
S01011099,All household spaces,368,358,10,0,10
S01011099,Whole house or bungalow: Total,276,270,6,0,6
S01011099,Whole house or bungalow: Detached,61,60,1,0,1
S01011099,Whole house or bungalow: Semi-detached,57,57,0,0,0
S01011099,Whole house or bungalow: Terraced (including end-terrace),158,153,5,0,5
S01011099,Flat maisonette or apartment or mobile/temporary accommodation,92,88,4,0,4
S01011100,All household spaces,213,210,3,0,3
S01011100,Whole house or bungalow: Total,205,202,3,0,3
S01011100,Whole house or bungalow: Detached,68,67,1,0,1
S01011100,Whole house or bungalow: Semi-detached,99,98,1,0,1
S01011100,Whole house or bungalow: Terraced (including end-terrace),38,37,1,0,1
S01011100,Flat maisonette or apartment or mobile/temporary accommodation,8,8,0,0,0
S01011101,All household spaces,252,247,5,0,5
S01011101,Whole house or bungalow: Total,221,216,5,0,5
S01011101,Whole house or bungalow: Detached,13,13,0,0,0
S01011101,Whole house or bungalow: Semi-detached,58,57,1,0,1
S01011101,Whole house or bungalow: Terraced (including end-terrace),150,146,4,0,4
S01011101,Flat maisonette or apartment or mobile/temporary accommodation,31,31,0,0,0
S01011102,All household spaces,353,330,23,0,23
S01011102,Whole house or bungalow: Total,116,110,6,0,6
S01011102,Whole house or bungalow: Detached,15,15,0,0,0
S01011102,Whole house or bungalow: Semi-detached,32,32,0,0,0
S01011102,Whole house or bungalow: Terraced (including end-terrace),69,63,6,0,6
S01011102,Flat maisonette or apartment or mobile/temporary accommodation,237,220,17,0,17
S01011103,All household spaces,339,312,27,4,23
S01011103,Whole house or bungalow: Total,119,114,5,1,4
S01011103,Whole house or bungalow: Detached,22,22,0,0,0
S01011103,Whole house or bungalow: Semi-detached,39,38,1,1,0
S01011103,Whole house or bungalow: Terraced (including end-terrace),58,54,4,0,4
S01011103,Flat maisonette or apartment or mobile/temporary accommodation,220,198,22,3,19
S01011104,All household spaces,305,294,11,2,9
S01011104,Whole house or bungalow: Total,195,191,4,0,4
S01011104,Whole house or bungalow: Detached,74,71,3,0,3
S01011104,Whole house or bungalow: Semi-detached,72,71,1,0,1
S01011104,Whole house or bungalow: Terraced (including end-terrace),49,49,0,0,0
S01011104,Flat maisonette or apartment or mobile/temporary accommodation,110,103,7,2,5
S01011105,All household spaces,431,405,26,1,25
S01011105,Whole house or bungalow: Total,261,243,18,0,18
S01011105,Whole house or bungalow: Detached,51,43,8,0,8
S01011105,Whole house or bungalow: Semi-detached,87,86,1,0,1
S01011105,Whole house or bungalow: Terraced (including end-terrace),123,114,9,0,9
S01011105,Flat maisonette or apartment or mobile/temporary accommodation,170,162,8,1,7
S01011106,All household spaces,373,352,21,0,21
S01011106,Whole house or bungalow: Total,301,288,13,0,13
S01011106,Whole house or bungalow: Detached,34,33,1,0,1
S01011106,Whole house or bungalow: Semi-detached,132,123,9,0,9
S01011106,Whole house or bungalow: Terraced (including end-terrace),135,132,3,0,3
S01011106,Flat maisonette or apartment or mobile/temporary accommodation,72,64,8,0,8
S01011107,All household spaces,332,324,8,0,8
S01011107,Whole house or bungalow: Total,260,254,6,0,6
S01011107,Whole house or bungalow: Detached,79,76,3,0,3
S01011107,Whole house or bungalow: Semi-detached,156,155,1,0,1
S01011107,Whole house or bungalow: Terraced (including end-terrace),25,23,2,0,2
S01011107,Flat maisonette or apartment or mobile/temporary accommodation,72,70,2,0,2
S01011108,All household spaces,221,216,5,0,5
S01011108,Whole house or bungalow: Total,208,203,5,0,5
S01011108,Whole house or bungalow: Detached,30,29,1,0,1
S01011108,Whole house or bungalow: Semi-detached,129,128,1,0,1
S01011108,Whole house or bungalow: Terraced (including end-terrace),49,46,3,0,3
S01011108,Flat maisonette or apartment or mobile/temporary accommodation,13,13,0,0,0
S01011109,All household spaces,404,389,15,1,14
S01011109,Whole house or bungalow: Total,313,305,8,1,7
S01011109,Whole house or bungalow: Detached,78,76,2,0,2
S01011109,Whole house or bungalow: Semi-detached,209,203,6,1,5
S01011109,Whole house or bungalow: Terraced (including end-terrace),26,26,0,0,0
S01011109,Flat maisonette or apartment or mobile/temporary accommodation,91,84,7,0,7
S01011110,All household spaces,322,314,8,0,8
S01011110,Whole house or bungalow: Total,233,230,3,0,3
S01011110,Whole house or bungalow: Detached,21,21,0,0,0
S01011110,Whole house or bungalow: Semi-detached,116,114,2,0,2
S01011110,Whole house or bungalow: Terraced (including end-terrace),96,95,1,0,1
S01011110,Flat maisonette or apartment or mobile/temporary accommodation,89,84,5,0,5
S01011111,All household spaces,415,407,8,0,8
S01011111,Whole house or bungalow: Total,247,243,4,0,4
S01011111,Whole house or bungalow: Detached,33,33,0,0,0
S01011111,Whole house or bungalow: Semi-detached,126,124,2,0,2
S01011111,Whole house or bungalow: Terraced (including end-terrace),88,86,2,0,2
S01011111,Flat maisonette or apartment or mobile/temporary accommodation,168,164,4,0,4
S01011112,All household spaces,340,328,12,2,10
S01011112,Whole house or bungalow: Total,291,281,10,1,9
S01011112,Whole house or bungalow: Detached,176,168,8,1,7
S01011112,Whole house or bungalow: Semi-detached,105,103,2,0,2
S01011112,Whole house or bungalow: Terraced (including end-terrace),10,10,0,0,0
S01011112,Flat maisonette or apartment or mobile/temporary accommodation,49,47,2,1,1
S01011113,All household spaces,456,446,10,1,9
S01011113,Whole house or bungalow: Total,436,428,8,1,7
S01011113,Whole house or bungalow: Detached,104,104,0,0,0
S01011113,Whole house or bungalow: Semi-detached,231,226,5,1,4
S01011113,Whole house or bungalow: Terraced (including end-terrace),101,98,3,0,3
S01011113,Flat maisonette or apartment or mobile/temporary accommodation,20,18,2,0,2
S01011114,All household spaces,301,296,5,1,4
S01011114,Whole house or bungalow: Total,299,294,5,1,4
S01011114,Whole house or bungalow: Detached,126,125,1,1,0
S01011114,Whole house or bungalow: Semi-detached,151,148,3,0,3
S01011114,Whole house or bungalow: Terraced (including end-terrace),22,21,1,0,1
S01011114,Flat maisonette or apartment or mobile/temporary accommodation,2,2,0,0,0
S01011115,All household spaces,416,411,5,0,5
S01011115,Whole house or bungalow: Total,325,320,5,0,5
S01011115,Whole house or bungalow: Detached,15,15,0,0,0
S01011115,Whole house or bungalow: Semi-detached,163,162,1,0,1
S01011115,Whole house or bungalow: Terraced (including end-terrace),147,143,4,0,4
S01011115,Flat maisonette or apartment or mobile/temporary accommodation,91,91,0,0,0
S01011116,All household spaces,272,269,3,0,3
S01011116,Whole house or bungalow: Total,257,254,3,0,3
S01011116,Whole house or bungalow: Detached,47,47,0,0,0
S01011116,Whole house or bungalow: Semi-detached,110,108,2,0,2
S01011116,Whole house or bungalow: Terraced (including end-terrace),100,99,1,0,1
S01011116,Flat maisonette or apartment or mobile/temporary accommodation,15,15,0,0,0
S01011117,All household spaces,400,359,41,4,37
S01011117,Whole house or bungalow: Total,248,230,18,2,16
S01011117,Whole house or bungalow: Detached,120,113,7,1,6
S01011117,Whole house or bungalow: Semi-detached,86,82,4,0,4
S01011117,Whole house or bungalow: Terraced (including end-terrace),42,35,7,1,6
S01011117,Flat maisonette or apartment or mobile/temporary accommodation,152,129,23,2,21
S01011118,All household spaces,415,399,16,1,15
S01011118,Whole house or bungalow: Total,313,305,8,1,7
S01011118,Whole house or bungalow: Detached,152,147,5,1,4
S01011118,Whole house or bungalow: Semi-detached,136,133,3,0,3
S01011118,Whole house or bungalow: Terraced (including end-terrace),25,25,0,0,0
S01011118,Flat maisonette or apartment or mobile/temporary accommodation,102,94,8,0,8
S01011119,All household spaces,443,422,21,1,20
S01011119,Whole house or bungalow: Total,395,375,20,1,19
S01011119,Whole house or bungalow: Detached,250,238,12,1,11
S01011119,Whole house or bungalow: Semi-detached,92,87,5,0,5
S01011119,Whole house or bungalow: Terraced (including end-terrace),53,50,3,0,3
S01011119,Flat maisonette or apartment or mobile/temporary accommodation,48,47,1,0,1
S01011120,All household spaces,300,293,7,0,7
S01011120,Whole house or bungalow: Total,297,290,7,0,7
S01011120,Whole house or bungalow: Detached,276,269,7,0,7
S01011120,Whole house or bungalow: Semi-detached,17,17,0,0,0
S01011120,Whole house or bungalow: Terraced (including end-terrace),4,4,0,0,0
S01011120,Flat maisonette or apartment or mobile/temporary accommodation,3,3,0,0,0
S01011121,All household spaces,338,313,25,0,25
S01011121,Whole house or bungalow: Total,105,105,0,0,0
S01011121,Whole house or bungalow: Detached,15,15,0,0,0
S01011121,Whole house or bungalow: Semi-detached,48,48,0,0,0
S01011121,Whole house or bungalow: Terraced (including end-terrace),42,42,0,0,0
S01011121,Flat maisonette or apartment or mobile/temporary accommodation,233,208,25,0,25
S01011122,All household spaces,315,302,13,0,13
S01011122,Whole house or bungalow: Total,238,229,9,0,9
S01011122,Whole house or bungalow: Detached,66,66,0,0,0
S01011122,Whole house or bungalow: Semi-detached,72,69,3,0,3
S01011122,Whole house or bungalow: Terraced (including end-terrace),100,94,6,0,6
S01011122,Flat maisonette or apartment or mobile/temporary accommodation,77,73,4,0,4
S01011123,All household spaces,502,490,12,0,12
S01011123,Whole house or bungalow: Total,468,457,11,0,11
S01011123,Whole house or bungalow: Detached,50,48,2,0,2
S01011123,Whole house or bungalow: Semi-detached,170,166,4,0,4
S01011123,Whole house or bungalow: Terraced (including end-terrace),248,243,5,0,5
S01011123,Flat maisonette or apartment or mobile/temporary accommodation,34,33,1,0,1
S01011124,All household spaces,283,277,6,0,6
S01011124,Whole house or bungalow: Total,272,266,6,0,6
S01011124,Whole house or bungalow: Detached,77,77,0,0,0
S01011124,Whole house or bungalow: Semi-detached,87,86,1,0,1
S01011124,Whole house or bungalow: Terraced (including end-terrace),108,103,5,0,5
S01011124,Flat maisonette or apartment or mobile/temporary accommodation,11,11,0,0,0
S01011125,All household spaces,224,220,4,0,4
S01011125,Whole house or bungalow: Total,155,154,1,0,1
S01011125,Whole house or bungalow: Detached,21,21,0,0,0
S01011125,Whole house or bungalow: Semi-detached,106,105,1,0,1
S01011125,Whole house or bungalow: Terraced (including end-terrace),28,28,0,0,0
S01011125,Flat maisonette or apartment or mobile/temporary accommodation,69,66,3,0,3
S01011126,All household spaces,202,184,18,0,18
S01011126,Whole house or bungalow: Total,168,151,17,0,17
S01011126,Whole house or bungalow: Detached,38,37,1,0,1
S01011126,Whole house or bungalow: Semi-detached,89,75,14,0,14
S01011126,Whole house or bungalow: Terraced (including end-terrace),41,39,2,0,2
S01011126,Flat maisonette or apartment or mobile/temporary accommodation,34,33,1,0,1
S01011127,All household spaces,165,153,12,1,11
S01011127,Whole house or bungalow: Total,160,148,12,1,11
S01011127,Whole house or bungalow: Detached,18,18,0,0,0
S01011127,Whole house or bungalow: Semi-detached,126,114,12,1,11
S01011127,Whole house or bungalow: Terraced (including end-terrace),16,16,0,0,0
S01011127,Flat maisonette or apartment or mobile/temporary accommodation,5,5,0,0,0
S01011128,All household spaces,357,341,16,0,16
S01011128,Whole house or bungalow: Total,271,263,8,0,8
S01011128,Whole house or bungalow: Detached,57,56,1,0,1
S01011128,Whole house or bungalow: Semi-detached,107,101,6,0,6
S01011128,Whole house or bungalow: Terraced (including end-terrace),107,106,1,0,1
S01011128,Flat maisonette or apartment or mobile/temporary accommodation,86,78,8,0,8
S01011129,All household spaces,363,356,7,1,6
S01011129,Whole house or bungalow: Total,345,338,7,1,6
S01011129,Whole house or bungalow: Detached,279,276,3,1,2
S01011129,Whole house or bungalow: Semi-detached,54,51,3,0,3
S01011129,Whole house or bungalow: Terraced (including end-terrace),12,11,1,0,1
S01011129,Flat maisonette or apartment or mobile/temporary accommodation,18,18,0,0,0
S01011130,All household spaces,304,296,8,1,7
S01011130,Whole house or bungalow: Total,201,197,4,1,3
S01011130,Whole house or bungalow: Detached,35,34,1,1,0
S01011130,Whole house or bungalow: Semi-detached,83,80,3,0,3
S01011130,Whole house or bungalow: Terraced (including end-terrace),83,83,0,0,0
S01011130,Flat maisonette or apartment or mobile/temporary accommodation,103,99,4,0,4
S01011131,All household spaces,338,318,20,6,14
S01011131,Whole house or bungalow: Total,237,227,10,3,7
S01011131,Whole house or bungalow: Detached,52,51,1,1,0
S01011131,Whole house or bungalow: Semi-detached,104,101,3,0,3
S01011131,Whole house or bungalow: Terraced (including end-terrace),81,75,6,2,4
S01011131,Flat maisonette or apartment or mobile/temporary accommodation,101,91,10,3,7
S01011132,All household spaces,395,374,21,9,12
S01011132,Whole house or bungalow: Total,337,329,8,4,4
S01011132,Whole house or bungalow: Detached,159,156,3,1,2
S01011132,Whole house or bungalow: Semi-detached,129,125,4,2,2
S01011132,Whole house or bungalow: Terraced (including end-terrace),49,48,1,1,0
S01011132,Flat maisonette or apartment or mobile/temporary accommodation,58,45,13,5,8
S01011133,All household spaces,193,190,3,1,2
S01011133,Whole house or bungalow: Total,181,179,2,1,1
S01011133,Whole house or bungalow: Detached,45,45,0,0,0
S01011133,Whole house or bungalow: Semi-detached,86,85,1,1,0
S01011133,Whole house or bungalow: Terraced (including end-terrace),50,49,1,0,1
S01011133,Flat maisonette or apartment or mobile/temporary accommodation,12,11,1,0,1
S01011134,All household spaces,431,401,30,9,21
S01011134,Whole house or bungalow: Total,300,283,17,3,14
S01011134,Whole house or bungalow: Detached,93,92,1,1,0
S01011134,Whole house or bungalow: Semi-detached,111,103,8,1,7
S01011134,Whole house or bungalow: Terraced (including end-terrace),96,88,8,1,7
S01011134,Flat maisonette or apartment or mobile/temporary accommodation,131,118,13,6,7
S01011135,All household spaces,344,337,7,1,6
S01011135,Whole house or bungalow: Total,309,303,6,1,5
S01011135,Whole house or bungalow: Detached,63,63,0,0,0
S01011135,Whole house or bungalow: Semi-detached,117,115,2,0,2
S01011135,Whole house or bungalow: Terraced (including end-terrace),129,125,4,1,3
S01011135,Flat maisonette or apartment or mobile/temporary accommodation,35,34,1,0,1
S01011136,All household spaces,296,284,12,8,4
S01011136,Whole house or bungalow: Total,233,224,9,6,3
S01011136,Whole house or bungalow: Detached,110,108,2,1,1
S01011136,Whole house or bungalow: Semi-detached,48,45,3,2,1
S01011136,Whole house or bungalow: Terraced (including end-terrace),75,71,4,3,1
S01011136,Flat maisonette or apartment or mobile/temporary accommodation,63,60,3,2,1
S01011137,All household spaces,196,186,10,2,8
S01011137,Whole house or bungalow: Total,175,167,8,0,8
S01011137,Whole house or bungalow: Detached,50,47,3,0,3
S01011137,Whole house or bungalow: Semi-detached,71,67,4,0,4
S01011137,Whole house or bungalow: Terraced (including end-terrace),54,53,1,0,1
S01011137,Flat maisonette or apartment or mobile/temporary accommodation,21,19,2,2,0
S01011138,All household spaces,262,254,8,0,8
S01011138,Whole house or bungalow: Total,228,221,7,0,7
S01011138,Whole house or bungalow: Detached,20,20,0,0,0
S01011138,Whole house or bungalow: Semi-detached,106,103,3,0,3
S01011138,Whole house or bungalow: Terraced (including end-terrace),102,98,4,0,4
S01011138,Flat maisonette or apartment or mobile/temporary accommodation,34,33,1,0,1
S01011139,All household spaces,298,281,17,0,17
S01011139,Whole house or bungalow: Total,269,253,16,0,16
S01011139,Whole house or bungalow: Detached,47,43,4,0,4
S01011139,Whole house or bungalow: Semi-detached,198,187,11,0,11
S01011139,Whole house or bungalow: Terraced (including end-terrace),24,23,1,0,1
S01011139,Flat maisonette or apartment or mobile/temporary accommodation,29,28,1,0,1
S01011140,All household spaces,238,232,6,0,6
S01011140,Whole house or bungalow: Total,206,201,5,0,5
S01011140,Whole house or bungalow: Detached,31,30,1,0,1
S01011140,Whole house or bungalow: Semi-detached,72,70,2,0,2
S01011140,Whole house or bungalow: Terraced (including end-terrace),103,101,2,0,2
S01011140,Flat maisonette or apartment or mobile/temporary accommodation,32,31,1,0,1
S01011141,All household spaces,234,230,4,0,4
S01011141,Whole house or bungalow: Total,230,226,4,0,4
S01011141,Whole house or bungalow: Detached,27,27,0,0,0
S01011141,Whole house or bungalow: Semi-detached,75,75,0,0,0
S01011141,Whole house or bungalow: Terraced (including end-terrace),128,124,4,0,4
S01011141,Flat maisonette or apartment or mobile/temporary accommodation,4,4,0,0,0
S01011142,All household spaces,349,334,15,4,11
S01011142,Whole house or bungalow: Total,323,312,11,2,9
S01011142,Whole house or bungalow: Detached,231,225,6,2,4
S01011142,Whole house or bungalow: Semi-detached,76,72,4,0,4
S01011142,Whole house or bungalow: Terraced (including end-terrace),16,15,1,0,1
S01011142,Flat maisonette or apartment or mobile/temporary accommodation,26,22,4,2,2
S01011143,All household spaces,408,398,10,5,5
S01011143,Whole house or bungalow: Total,389,379,10,5,5
S01011143,Whole house or bungalow: Detached,266,260,6,3,3
S01011143,Whole house or bungalow: Semi-detached,82,79,3,2,1
S01011143,Whole house or bungalow: Terraced (including end-terrace),41,40,1,0,1
S01011143,Flat maisonette or apartment or mobile/temporary accommodation,19,19,0,0,0
S01011144,All household spaces,317,303,14,4,10
S01011144,Whole house or bungalow: Total,309,295,14,4,10
S01011144,Whole house or bungalow: Detached,134,129,5,2,3
S01011144,Whole house or bungalow: Semi-detached,115,110,5,2,3
S01011144,Whole house or bungalow: Terraced (including end-terrace),60,56,4,0,4
S01011144,Flat maisonette or apartment or mobile/temporary accommodation,8,8,0,0,0
S01011145,All household spaces,278,267,11,3,8
S01011145,Whole house or bungalow: Total,269,258,11,3,8
S01011145,Whole house or bungalow: Detached,209,199,10,3,7
S01011145,Whole house or bungalow: Semi-detached,50,49,1,0,1
S01011145,Whole house or bungalow: Terraced (including end-terrace),10,10,0,0,0
S01011145,Flat maisonette or apartment or mobile/temporary accommodation,9,9,0,0,0
S01011146,All household spaces,317,306,11,2,9
S01011146,Whole house or bungalow: Total,306,295,11,2,9
S01011146,Whole house or bungalow: Detached,156,150,6,1,5
S01011146,Whole house or bungalow: Semi-detached,99,94,5,1,4
S01011146,Whole house or bungalow: Terraced (including end-terrace),51,51,0,0,0
S01011146,Flat maisonette or apartment or mobile/temporary accommodation,11,11,0,0,0
S01011147,All household spaces,480,450,30,5,25
S01011147,Whole house or bungalow: Total,433,410,23,5,18
S01011147,Whole house or bungalow: Detached,152,147,5,0,5
S01011147,Whole house or bungalow: Semi-detached,176,159,17,4,13
S01011147,Whole house or bungalow: Terraced (including end-terrace),105,104,1,1,0
S01011147,Flat maisonette or apartment or mobile/temporary accommodation,47,40,7,0,7
S01011148,All household spaces,356,329,27,3,24
S01011148,Whole house or bungalow: Total,350,323,27,3,24
S01011148,Whole house or bungalow: Detached,200,186,14,3,11
S01011148,Whole house or bungalow: Semi-detached,135,123,12,0,12
S01011148,Whole house or bungalow: Terraced (including end-terrace),15,14,1,0,1
S01011148,Flat maisonette or apartment or mobile/temporary accommodation,6,6,0,0,0
S01011149,All household spaces,289,265,24,4,20
S01011149,Whole house or bungalow: Total,255,233,22,3,19
S01011149,Whole house or bungalow: Detached,125,119,6,2,4
S01011149,Whole house or bungalow: Semi-detached,105,90,15,0,15
S01011149,Whole house or bungalow: Terraced (including end-terrace),25,24,1,1,0
S01011149,Flat maisonette or apartment or mobile/temporary accommodation,34,32,2,1,1
S01011150,All household spaces,280,175,105,0,105
S01011150,Whole house or bungalow: Total,278,173,105,0,105
S01011150,Whole house or bungalow: Detached,24,16,8,0,8
S01011150,Whole house or bungalow: Semi-detached,111,81,30,0,30
S01011150,Whole house or bungalow: Terraced (including end-terrace),143,76,67,0,67
S01011150,Flat maisonette or apartment or mobile/temporary accommodation,2,2,0,0,0
S01011151,All household spaces,240,218,22,2,20
S01011151,Whole house or bungalow: Total,203,185,18,1,17
S01011151,Whole house or bungalow: Detached,58,56,2,0,2
S01011151,Whole house or bungalow: Semi-detached,122,106,16,1,15
S01011151,Whole house or bungalow: Terraced (including end-terrace),23,23,0,0,0
S01011151,Flat maisonette or apartment or mobile/temporary accommodation,37,33,4,1,3
S01011152,All household spaces,394,341,53,36,17
S01011152,Whole house or bungalow: Total,358,310,48,33,15
S01011152,Whole house or bungalow: Detached,232,195,37,25,12
S01011152,Whole house or bungalow: Semi-detached,93,87,6,4,2
S01011152,Whole house or bungalow: Terraced (including end-terrace),33,28,5,4,1
S01011152,Flat maisonette or apartment or mobile/temporary accommodation,36,31,5,3,2
S01011153,All household spaces,499,455,44,5,39
S01011153,Whole house or bungalow: Total,277,261,16,4,12
S01011153,Whole house or bungalow: Detached,145,138,7,4,3
S01011153,Whole house or bungalow: Semi-detached,71,70,1,0,1
S01011153,Whole house or bungalow: Terraced (including end-terrace),61,53,8,0,8
S01011153,Flat maisonette or apartment or mobile/temporary accommodation,222,194,28,1,27
S01011154,All household spaces,378,348,30,2,28
S01011154,Whole house or bungalow: Total,161,157,4,0,4
S01011154,Whole house or bungalow: Detached,63,62,1,0,1
S01011154,Whole house or bungalow: Semi-detached,46,45,1,0,1
S01011154,Whole house or bungalow: Terraced (including end-terrace),52,50,2,0,2
S01011154,Flat maisonette or apartment or mobile/temporary accommodation,217,191,26,2,24
S01011155,All household spaces,368,348,20,2,18
S01011155,Whole house or bungalow: Total,199,185,14,2,12
S01011155,Whole house or bungalow: Detached,81,77,4,1,3
S01011155,Whole house or bungalow: Semi-detached,50,48,2,0,2
S01011155,Whole house or bungalow: Terraced (including end-terrace),68,60,8,1,7
S01011155,Flat maisonette or apartment or mobile/temporary accommodation,169,163,6,0,6
S01011156,All household spaces,256,249,7,0,7
S01011156,Whole house or bungalow: Total,253,246,7,0,7
S01011156,Whole house or bungalow: Detached,130,127,3,0,3
S01011156,Whole house or bungalow: Semi-detached,117,113,4,0,4
S01011156,Whole house or bungalow: Terraced (including end-terrace),6,6,0,0,0
S01011156,Flat maisonette or apartment or mobile/temporary accommodation,3,3,0,0,0
S01011157,All household spaces,293,284,9,0,9
S01011157,Whole house or bungalow: Total,288,279,9,0,9
S01011157,Whole house or bungalow: Detached,163,161,2,0,2
S01011157,Whole house or bungalow: Semi-detached,121,114,7,0,7
S01011157,Whole house or bungalow: Terraced (including end-terrace),4,4,0,0,0
S01011157,Flat maisonette or apartment or mobile/temporary accommodation,5,5,0,0,0
S01011158,All household spaces,242,233,9,0,9
S01011158,Whole house or bungalow: Total,228,222,6,0,6
S01011158,Whole house or bungalow: Detached,191,185,6,0,6
S01011158,Whole house or bungalow: Semi-detached,28,28,0,0,0
S01011158,Whole house or bungalow: Terraced (including end-terrace),9,9,0,0,0
S01011158,Flat maisonette or apartment or mobile/temporary accommodation,14,11,3,0,3
S01011159,All household spaces,306,300,6,0,6
S01011159,Whole house or bungalow: Total,283,277,6,0,6
S01011159,Whole house or bungalow: Detached,51,49,2,0,2
S01011159,Whole house or bungalow: Semi-detached,102,102,0,0,0
S01011159,Whole house or bungalow: Terraced (including end-terrace),130,126,4,0,4
S01011159,Flat maisonette or apartment or mobile/temporary accommodation,23,23,0,0,0
S01011160,All household spaces,401,393,8,0,8
S01011160,Whole house or bungalow: Total,339,335,4,0,4
S01011160,Whole house or bungalow: Detached,120,119,1,0,1
S01011160,Whole house or bungalow: Semi-detached,102,101,1,0,1
S01011160,Whole house or bungalow: Terraced (including end-terrace),117,115,2,0,2
S01011160,Flat maisonette or apartment or mobile/temporary accommodation,62,58,4,0,4
S01011161,All household spaces,273,269,4,1,3
S01011161,Whole house or bungalow: Total,250,246,4,1,3
S01011161,Whole house or bungalow: Detached,31,31,0,0,0
S01011161,Whole house or bungalow: Semi-detached,42,41,1,0,1
S01011161,Whole house or bungalow: Terraced (including end-terrace),177,174,3,1,2
S01011161,Flat maisonette or apartment or mobile/temporary accommodation,23,23,0,0,0
S01011162,All household spaces,194,187,7,1,6
S01011162,Whole house or bungalow: Total,192,185,7,1,6
S01011162,Whole house or bungalow: Detached,57,54,3,0,3
S01011162,Whole house or bungalow: Semi-detached,38,37,1,0,1
S01011162,Whole house or bungalow: Terraced (including end-terrace),97,94,3,1,2
S01011162,Flat maisonette or apartment or mobile/temporary accommodation,2,2,0,0,0
S01011163,All household spaces,362,352,10,0,10
S01011163,Whole house or bungalow: Total,355,345,10,0,10
S01011163,Whole house or bungalow: Detached,19,18,1,0,1
S01011163,Whole house or bungalow: Semi-detached,168,167,1,0,1
S01011163,Whole house or bungalow: Terraced (including end-terrace),168,160,8,0,8
S01011163,Flat maisonette or apartment or mobile/temporary accommodation,7,7,0,0,0
S01011164,All household spaces,306,282,24,0,24
S01011164,Whole house or bungalow: Total,275,251,24,0,24
S01011164,Whole house or bungalow: Detached,129,123,6,0,6
S01011164,Whole house or bungalow: Semi-detached,118,100,18,0,18
S01011164,Whole house or bungalow: Terraced (including end-terrace),28,28,0,0,0
S01011164,Flat maisonette or apartment or mobile/temporary accommodation,31,31,0,0,0
S01011165,All household spaces,369,356,13,2,11
S01011165,Whole house or bungalow: Total,279,272,7,2,5
S01011165,Whole house or bungalow: Detached,21,21,0,0,0
S01011165,Whole house or bungalow: Semi-detached,99,95,4,2,2
S01011165,Whole house or bungalow: Terraced (including end-terrace),159,156,3,0,3
S01011165,Flat maisonette or apartment or mobile/temporary accommodation,90,84,6,0,6
S01011166,All household spaces,232,229,3,0,3
S01011166,Whole house or bungalow: Total,230,227,3,0,3
S01011166,Whole house or bungalow: Detached,162,159,3,0,3
S01011166,Whole house or bungalow: Semi-detached,41,41,0,0,0
S01011166,Whole house or bungalow: Terraced (including end-terrace),27,27,0,0,0
S01011166,Flat maisonette or apartment or mobile/temporary accommodation,2,2,0,0,0
S01011167,All household spaces,300,279,21,3,18
S01011167,Whole house or bungalow: Total,293,273,20,3,17
S01011167,Whole house or bungalow: Detached,235,219,16,3,13
S01011167,Whole house or bungalow: Semi-detached,52,50,2,0,2
S01011167,Whole house or bungalow: Terraced (including end-terrace),6,4,2,0,2
S01011167,Flat maisonette or apartment or mobile/temporary accommodation,7,6,1,0,1
S01011168,All household spaces,400,355,45,12,33
S01011168,Whole house or bungalow: Total,393,349,44,12,32
S01011168,Whole house or bungalow: Detached,303,265,38,11,27
S01011168,Whole house or bungalow: Semi-detached,74,68,6,1,5
S01011168,Whole house or bungalow: Terraced (including end-terrace),16,16,0,0,0
S01011168,Flat maisonette or apartment or mobile/temporary accommodation,7,6,1,0,1
S01011169,All household spaces,362,346,16,8,8
S01011169,Whole house or bungalow: Total,312,298,14,7,7
S01011169,Whole house or bungalow: Detached,133,127,6,3,3
S01011169,Whole house or bungalow: Semi-detached,155,148,7,4,3
S01011169,Whole house or bungalow: Terraced (including end-terrace),24,23,1,0,1
S01011169,Flat maisonette or apartment or mobile/temporary accommodation,50,48,2,1,1
S01011170,All household spaces,425,400,25,7,18
S01011170,Whole house or bungalow: Total,395,373,22,6,16
S01011170,Whole house or bungalow: Detached,281,267,14,3,11
S01011170,Whole house or bungalow: Semi-detached,99,91,8,3,5
S01011170,Whole house or bungalow: Terraced (including end-terrace),15,15,0,0,0
S01011170,Flat maisonette or apartment or mobile/temporary accommodation,30,27,3,1,2
S01011171,All household spaces,616,409,207,204,3
S01011171,Whole house or bungalow: Total,598,395,203,200,3
S01011171,Whole house or bungalow: Detached,424,268,156,153,3
S01011171,Whole house or bungalow: Semi-detached,135,102,33,33,0
S01011171,Whole house or bungalow: Terraced (including end-terrace),39,25,14,14,0
S01011171,Flat maisonette or apartment or mobile/temporary accommodation,18,14,4,4,0
S01011172,All household spaces,438,339,99,87,12
S01011172,Whole house or bungalow: Total,422,324,98,86,12
S01011172,Whole house or bungalow: Detached,282,201,81,72,9
S01011172,Whole house or bungalow: Semi-detached,107,94,13,11,2
S01011172,Whole house or bungalow: Terraced (including end-terrace),33,29,4,3,1
S01011172,Flat maisonette or apartment or mobile/temporary accommodation,16,15,1,1,0
S01011173,All household spaces,315,224,91,83,8
S01011173,Whole house or bungalow: Total,299,213,86,78,8
S01011173,Whole house or bungalow: Detached,208,147,61,54,7
S01011173,Whole house or bungalow: Semi-detached,75,54,21,20,1
S01011173,Whole house or bungalow: Terraced (including end-terrace),16,12,4,4,0
S01011173,Flat maisonette or apartment or mobile/temporary accommodation,16,11,5,5,0
S01011174,All household spaces,306,219,87,84,3
S01011174,Whole house or bungalow: Total,290,211,79,77,2
S01011174,Whole house or bungalow: Detached,209,150,59,57,2
S01011174,Whole house or bungalow: Semi-detached,53,45,8,8,0
S01011174,Whole house or bungalow: Terraced (including end-terrace),28,16,12,12,0
S01011174,Flat maisonette or apartment or mobile/temporary accommodation,16,8,8,7,1
S01011175,All household spaces,294,259,35,29,6
S01011175,Whole house or bungalow: Total,269,236,33,27,6
S01011175,Whole house or bungalow: Detached,124,101,23,19,4
S01011175,Whole house or bungalow: Semi-detached,78,74,4,2,2
S01011175,Whole house or bungalow: Terraced (including end-terrace),67,61,6,6,0
S01011175,Flat maisonette or apartment or mobile/temporary accommodation,25,23,2,2,0
S01011176,All household spaces,421,274,147,136,11
S01011176,Whole house or bungalow: Total,396,255,141,130,11
S01011176,Whole house or bungalow: Detached,286,180,106,96,10
S01011176,Whole house or bungalow: Semi-detached,70,50,20,20,0
S01011176,Whole house or bungalow: Terraced (including end-terrace),40,25,15,14,1
S01011176,Flat maisonette or apartment or mobile/temporary accommodation,25,19,6,6,0
S01011177,All household spaces,534,402,132,112,20
S01011177,Whole house or bungalow: Total,490,370,120,103,17
S01011177,Whole house or bungalow: Detached,265,187,78,69,9
S01011177,Whole house or bungalow: Semi-detached,157,131,26,23,3
S01011177,Whole house or bungalow: Terraced (including end-terrace),68,52,16,11,5
S01011177,Flat maisonette or apartment or mobile/temporary accommodation,44,32,12,9,3
S01011178,All household spaces,221,206,15,4,11
S01011178,Whole house or bungalow: Total,201,186,15,4,11
S01011178,Whole house or bungalow: Detached,63,59,4,0,4
S01011178,Whole house or bungalow: Semi-detached,80,74,6,3,3
S01011178,Whole house or bungalow: Terraced (including end-terrace),58,53,5,1,4
S01011178,Flat maisonette or apartment or mobile/temporary accommodation,20,20,0,0,0
S01011179,All household spaces,281,272,9,0,9
S01011179,Whole house or bungalow: Total,225,221,4,0,4
S01011179,Whole house or bungalow: Detached,29,29,0,0,0
S01011179,Whole house or bungalow: Semi-detached,71,70,1,0,1
S01011179,Whole house or bungalow: Terraced (including end-terrace),125,122,3,0,3
S01011179,Flat maisonette or apartment or mobile/temporary accommodation,56,51,5,0,5
S01011180,All household spaces,303,301,2,0,2
S01011180,Whole house or bungalow: Total,240,239,1,0,1
S01011180,Whole house or bungalow: Detached,38,38,0,0,0
S01011180,Whole house or bungalow: Semi-detached,102,101,1,0,1
S01011180,Whole house or bungalow: Terraced (including end-terrace),100,100,0,0,0
S01011180,Flat maisonette or apartment or mobile/temporary accommodation,63,62,1,0,1
S01011181,All household spaces,202,198,4,0,4
S01011181,Whole house or bungalow: Total,166,162,4,0,4
S01011181,Whole house or bungalow: Detached,109,108,1,0,1
S01011181,Whole house or bungalow: Semi-detached,31,29,2,0,2
S01011181,Whole house or bungalow: Terraced (including end-terrace),26,25,1,0,1
S01011181,Flat maisonette or apartment or mobile/temporary accommodation,36,36,0,0,0
S01011182,All household spaces,173,166,7,1,6
S01011182,Whole house or bungalow: Total,167,161,6,1,5
S01011182,Whole house or bungalow: Detached,136,131,5,1,4
S01011182,Whole house or bungalow: Semi-detached,28,27,1,0,1
S01011182,Whole house or bungalow: Terraced (including end-terrace),3,3,0,0,0
S01011182,Flat maisonette or apartment or mobile/temporary accommodation,6,5,1,0,1
S01011183,All household spaces,231,226,5,0,5
S01011183,Whole house or bungalow: Total,166,163,3,0,3
S01011183,Whole house or bungalow: Detached,131,130,1,0,1
S01011183,Whole house or bungalow: Semi-detached,11,11,0,0,0
S01011183,Whole house or bungalow: Terraced (including end-terrace),24,22,2,0,2
S01011183,Flat maisonette or apartment or mobile/temporary accommodation,65,63,2,0,2
S01011184,All household spaces,308,307,1,0,1
S01011184,Whole house or bungalow: Total,304,303,1,0,1
S01011184,Whole house or bungalow: Detached,210,210,0,0,0
S01011184,Whole house or bungalow: Semi-detached,82,81,1,0,1
S01011184,Whole house or bungalow: Terraced (including end-terrace),12,12,0,0,0
S01011184,Flat maisonette or apartment or mobile/temporary accommodation,4,4,0,0,0
S01011185,All household spaces,300,296,4,0,4
S01011185,Whole house or bungalow: Total,277,273,4,0,4
S01011185,Whole house or bungalow: Detached,63,61,2,0,2
S01011185,Whole house or bungalow: Semi-detached,189,188,1,0,1
S01011185,Whole house or bungalow: Terraced (including end-terrace),25,24,1,0,1
S01011185,Flat maisonette or apartment or mobile/temporary accommodation,23,23,0,0,0
S01011186,All household spaces,462,456,6,0,6
S01011186,Whole house or bungalow: Total,263,258,5,0,5
S01011186,Whole house or bungalow: Detached,51,48,3,0,3
S01011186,Whole house or bungalow: Semi-detached,126,125,1,0,1
S01011186,Whole house or bungalow: Terraced (including end-terrace),86,85,1,0,1
S01011186,Flat maisonette or apartment or mobile/temporary accommodation,199,198,1,0,1
S01011187,All household spaces,290,287,3,0,3
S01011187,Whole house or bungalow: Total,270,268,2,0,2
S01011187,Whole house or bungalow: Detached,91,91,0,0,0
S01011187,Whole house or bungalow: Semi-detached,161,160,1,0,1
S01011187,Whole house or bungalow: Terraced (including end-terrace),18,17,1,0,1
S01011187,Flat maisonette or apartment or mobile/temporary accommodation,20,19,1,0,1
S01011188,All household spaces,444,442,2,0,2
S01011188,Whole house or bungalow: Total,393,391,2,0,2
S01011188,Whole house or bungalow: Detached,22,22,0,0,0
S01011188,Whole house or bungalow: Semi-detached,38,38,0,0,0
S01011188,Whole house or bungalow: Terraced (including end-terrace),333,331,2,0,2
S01011188,Flat maisonette or apartment or mobile/temporary accommodation,51,51,0,0,0
S01011189,All household spaces,356,356,0,0,0
S01011189,Whole house or bungalow: Total,261,261,0,0,0
S01011189,Whole house or bungalow: Detached,87,87,0,0,0
S01011189,Whole house or bungalow: Semi-detached,44,44,0,0,0
S01011189,Whole house or bungalow: Terraced (including end-terrace),130,130,0,0,0
S01011189,Flat maisonette or apartment or mobile/temporary accommodation,95,95,0,0,0
S01011190,All household spaces,289,288,1,0,1
S01011190,Whole house or bungalow: Total,231,230,1,0,1
S01011190,Whole house or bungalow: Detached,26,25,1,0,1
S01011190,Whole house or bungalow: Semi-detached,117,117,0,0,0
S01011190,Whole house or bungalow: Terraced (including end-terrace),88,88,0,0,0
S01011190,Flat maisonette or apartment or mobile/temporary accommodation,58,58,0,0,0
S01011191,All household spaces,243,241,2,1,1
S01011191,Whole house or bungalow: Total,236,234,2,1,1
S01011191,Whole house or bungalow: Detached,10,10,0,0,0
S01011191,Whole house or bungalow: Semi-detached,82,80,2,1,1
S01011191,Whole house or bungalow: Terraced (including end-terrace),144,144,0,0,0
S01011191,Flat maisonette or apartment or mobile/temporary accommodation,7,7,0,0,0
S01011192,All household spaces,296,290,6,0,6
S01011192,Whole house or bungalow: Total,291,285,6,0,6
S01011192,Whole house or bungalow: Detached,9,9,0,0,0
S01011192,Whole house or bungalow: Semi-detached,28,28,0,0,0
S01011192,Whole house or bungalow: Terraced (including end-terrace),254,248,6,0,6
S01011192,Flat maisonette or apartment or mobile/temporary accommodation,5,5,0,0,0
S01011193,All household spaces,295,286,9,5,4
S01011193,Whole house or bungalow: Total,246,237,9,5,4
S01011193,Whole house or bungalow: Detached,6,6,0,0,0
S01011193,Whole house or bungalow: Semi-detached,19,19,0,0,0
S01011193,Whole house or bungalow: Terraced (including end-terrace),221,212,9,5,4
S01011193,Flat maisonette or apartment or mobile/temporary accommodation,49,49,0,0,0
S01011194,All household spaces,306,302,4,2,2
S01011194,Whole house or bungalow: Total,282,278,4,2,2
S01011194,Whole house or bungalow: Detached,6,6,0,0,0
S01011194,Whole house or bungalow: Semi-detached,44,44,0,0,0
S01011194,Whole house or bungalow: Terraced (including end-terrace),232,228,4,2,2
S01011194,Flat maisonette or apartment or mobile/temporary accommodation,24,24,0,0,0
S01011195,All household spaces,323,318,5,1,4
S01011195,Whole house or bungalow: Total,321,316,5,1,4
S01011195,Whole house or bungalow: Detached,10,10,0,0,0
S01011195,Whole house or bungalow: Semi-detached,48,48,0,0,0
S01011195,Whole house or bungalow: Terraced (including end-terrace),263,258,5,1,4
S01011195,Flat maisonette or apartment or mobile/temporary accommodation,2,2,0,0,0
S01011196,All household spaces,414,409,5,0,5
S01011196,Whole house or bungalow: Total,369,365,4,0,4
S01011196,Whole house or bungalow: Detached,16,16,0,0,0
S01011196,Whole house or bungalow: Semi-detached,63,61,2,0,2
S01011196,Whole house or bungalow: Terraced (including end-terrace),290,288,2,0,2
S01011196,Flat maisonette or apartment or mobile/temporary accommodation,45,44,1,0,1
S01011197,All household spaces,358,348,10,0,10
S01011197,Whole house or bungalow: Total,353,343,10,0,10
S01011197,Whole house or bungalow: Detached,10,10,0,0,0
S01011197,Whole house or bungalow: Semi-detached,39,39,0,0,0
S01011197,Whole house or bungalow: Terraced (including end-terrace),304,294,10,0,10
S01011197,Flat maisonette or apartment or mobile/temporary accommodation,5,5,0,0,0
S01011198,All household spaces,243,241,2,0,2
S01011198,Whole house or bungalow: Total,242,240,2,0,2
S01011198,Whole house or bungalow: Detached,8,8,0,0,0
S01011198,Whole house or bungalow: Semi-detached,25,25,0,0,0
S01011198,Whole house or bungalow: Terraced (including end-terrace),209,207,2,0,2
S01011198,Flat maisonette or apartment or mobile/temporary accommodation,1,1,0,0,0
S01011199,All household spaces,346,342,4,0,4
S01011199,Whole house or bungalow: Total,334,330,4,0,4
S01011199,Whole house or bungalow: Detached,28,27,1,0,1
S01011199,Whole house or bungalow: Semi-detached,64,63,1,0,1
S01011199,Whole house or bungalow: Terraced (including end-terrace),242,240,2,0,2
S01011199,Flat maisonette or apartment or mobile/temporary accommodation,12,12,0,0,0
S01011200,All household spaces,366,356,10,5,5
S01011200,Whole house or bungalow: Total,307,297,10,5,5
S01011200,Whole house or bungalow: Detached,40,40,0,0,0
S01011200,Whole house or bungalow: Semi-detached,135,133,2,0,2
S01011200,Whole house or bungalow: Terraced (including end-terrace),132,124,8,5,3
S01011200,Flat maisonette or apartment or mobile/temporary accommodation,59,59,0,0,0
S01011201,All household spaces,269,267,2,1,1
S01011201,Whole house or bungalow: Total,267,265,2,1,1
S01011201,Whole house or bungalow: Detached,35,35,0,0,0
S01011201,Whole house or bungalow: Semi-detached,110,110,0,0,0
S01011201,Whole house or bungalow: Terraced (including end-terrace),122,120,2,1,1
S01011201,Flat maisonette or apartment or mobile/temporary accommodation,2,2,0,0,0
S01011202,All household spaces,398,390,8,3,5
S01011202,Whole house or bungalow: Total,281,276,5,3,2
S01011202,Whole house or bungalow: Detached,18,18,0,0,0
S01011202,Whole house or bungalow: Semi-detached,107,107,0,0,0
S01011202,Whole house or bungalow: Terraced (including end-terrace),156,151,5,3,2
S01011202,Flat maisonette or apartment or mobile/temporary accommodation,117,114,3,0,3
S01011203,All household spaces,366,364,2,2,0
S01011203,Whole house or bungalow: Total,346,344,2,2,0
S01011203,Whole house or bungalow: Detached,35,35,0,0,0
S01011203,Whole house or bungalow: Semi-detached,79,79,0,0,0
S01011203,Whole house or bungalow: Terraced (including end-terrace),232,230,2,2,0
S01011203,Flat maisonette or apartment or mobile/temporary accommodation,20,20,0,0,0
S01011204,All household spaces,239,235,4,1,3
S01011204,Whole house or bungalow: Total,232,228,4,1,3
S01011204,Whole house or bungalow: Detached,129,127,2,0,2
S01011204,Whole house or bungalow: Semi-detached,45,44,1,0,1
S01011204,Whole house or bungalow: Terraced (including end-terrace),58,57,1,1,0
S01011204,Flat maisonette or apartment or mobile/temporary accommodation,7,7,0,0,0
S01011205,All household spaces,238,237,1,1,0
S01011205,Whole house or bungalow: Total,233,232,1,1,0
S01011205,Whole house or bungalow: Detached,166,166,0,0,0
S01011205,Whole house or bungalow: Semi-detached,52,52,0,0,0
S01011205,Whole house or bungalow: Terraced (including end-terrace),15,14,1,1,0
S01011205,Flat maisonette or apartment or mobile/temporary accommodation,5,5,0,0,0
S01011206,All household spaces,266,264,2,0,2
S01011206,Whole house or bungalow: Total,261,259,2,0,2
S01011206,Whole house or bungalow: Detached,114,114,0,0,0
S01011206,Whole house or bungalow: Semi-detached,99,97,2,0,2
S01011206,Whole house or bungalow: Terraced (including end-terrace),48,48,0,0,0
S01011206,Flat maisonette or apartment or mobile/temporary accommodation,5,5,0,0,0
S01011207,All household spaces,326,326,0,0,0
S01011207,Whole house or bungalow: Total,298,298,0,0,0
S01011207,Whole house or bungalow: Detached,114,114,0,0,0
S01011207,Whole house or bungalow: Semi-detached,33,33,0,0,0
S01011207,Whole house or bungalow: Terraced (including end-terrace),151,151,0,0,0
S01011207,Flat maisonette or apartment or mobile/temporary accommodation,28,28,0,0,0
S01011208,All household spaces,347,345,2,0,2
S01011208,Whole house or bungalow: Total,332,330,2,0,2
S01011208,Whole house or bungalow: Detached,161,159,2,0,2
S01011208,Whole house or bungalow: Semi-detached,100,100,0,0,0
S01011208,Whole house or bungalow: Terraced (including end-terrace),71,71,0,0,0
S01011208,Flat maisonette or apartment or mobile/temporary accommodation,15,15,0,0,0
S01011209,All household spaces,286,283,3,0,3
S01011209,Whole house or bungalow: Total,281,278,3,0,3
S01011209,Whole house or bungalow: Detached,20,20,0,0,0
S01011209,Whole house or bungalow: Semi-detached,99,98,1,0,1
S01011209,Whole house or bungalow: Terraced (including end-terrace),162,160,2,0,2
S01011209,Flat maisonette or apartment or mobile/temporary accommodation,5,5,0,0,0
S01011210,All household spaces,275,272,3,0,3
S01011210,Whole house or bungalow: Total,274,271,3,0,3
S01011210,Whole house or bungalow: Detached,186,184,2,0,2
S01011210,Whole house or bungalow: Semi-detached,29,29,0,0,0
S01011210,Whole house or bungalow: Terraced (including end-terrace),59,58,1,0,1
S01011210,Flat maisonette or apartment or mobile/temporary accommodation,1,1,0,0,0
S01011211,All household spaces,254,252,2,0,2
S01011211,Whole house or bungalow: Total,248,246,2,0,2
S01011211,Whole house or bungalow: Detached,172,171,1,0,1
S01011211,Whole house or bungalow: Semi-detached,26,25,1,0,1
S01011211,Whole house or bungalow: Terraced (including end-terrace),50,50,0,0,0
S01011211,Flat maisonette or apartment or mobile/temporary accommodation,6,6,0,0,0
S01011212,All household spaces,214,213,1,0,1
S01011212,Whole house or bungalow: Total,210,209,1,0,1
S01011212,Whole house or bungalow: Detached,1,1,0,0,0
S01011212,Whole house or bungalow: Semi-detached,13,13,0,0,0
S01011212,Whole house or bungalow: Terraced (including end-terrace),196,195,1,0,1
S01011212,Flat maisonette or apartment or mobile/temporary accommodation,4,4,0,0,0
S01011213,All household spaces,440,421,19,1,18
S01011213,Whole house or bungalow: Total,376,366,10,1,9
S01011213,Whole house or bungalow: Detached,53,52,1,1,0
S01011213,Whole house or bungalow: Semi-detached,19,19,0,0,0
S01011213,Whole house or bungalow: Terraced (including end-terrace),304,295,9,0,9
S01011213,Flat maisonette or apartment or mobile/temporary accommodation,64,55,9,0,9
S01011214,All household spaces,359,349,10,7,3
S01011214,Whole house or bungalow: Total,294,285,9,7,2
S01011214,Whole house or bungalow: Detached,8,8,0,0,0
S01011214,Whole house or bungalow: Semi-detached,44,44,0,0,0
S01011214,Whole house or bungalow: Terraced (including end-terrace),242,233,9,7,2
S01011214,Flat maisonette or apartment or mobile/temporary accommodation,65,64,1,0,1
S01011215,All household spaces,265,260,5,0,5
S01011215,Whole house or bungalow: Total,176,173,3,0,3
S01011215,Whole house or bungalow: Detached,7,7,0,0,0
S01011215,Whole house or bungalow: Semi-detached,30,29,1,0,1
S01011215,Whole house or bungalow: Terraced (including end-terrace),139,137,2,0,2
S01011215,Flat maisonette or apartment or mobile/temporary accommodation,89,87,2,0,2
S01011216,All household spaces,260,240,20,0,20
S01011216,Whole house or bungalow: Total,120,116,4,0,4
S01011216,Whole house or bungalow: Detached,4,4,0,0,0
S01011216,Whole house or bungalow: Semi-detached,8,8,0,0,0
S01011216,Whole house or bungalow: Terraced (including end-terrace),108,104,4,0,4
S01011216,Flat maisonette or apartment or mobile/temporary accommodation,140,124,16,0,16
S01011217,All household spaces,402,380,22,0,22
S01011217,Whole house or bungalow: Total,269,261,8,0,8
S01011217,Whole house or bungalow: Detached,7,7,0,0,0
S01011217,Whole house or bungalow: Semi-detached,55,54,1,0,1
S01011217,Whole house or bungalow: Terraced (including end-terrace),207,200,7,0,7
S01011217,Flat maisonette or apartment or mobile/temporary accommodation,133,119,14,0,14
S01011218,All household spaces,304,282,22,1,21
S01011218,Whole house or bungalow: Total,257,246,11,1,10
S01011218,Whole house or bungalow: Detached,11,11,0,0,0
S01011218,Whole house or bungalow: Semi-detached,61,60,1,0,1
S01011218,Whole house or bungalow: Terraced (including end-terrace),185,175,10,1,9
S01011218,Flat maisonette or apartment or mobile/temporary accommodation,47,36,11,0,11
S01011219,All household spaces,358,352,6,0,6
S01011219,Whole house or bungalow: Total,305,300,5,0,5
S01011219,Whole house or bungalow: Detached,15,15,0,0,0
S01011219,Whole house or bungalow: Semi-detached,67,67,0,0,0
S01011219,Whole house or bungalow: Terraced (including end-terrace),223,218,5,0,5
S01011219,Flat maisonette or apartment or mobile/temporary accommodation,53,52,1,0,1
S01011220,All household spaces,440,425,15,0,15
S01011220,Whole house or bungalow: Total,291,282,9,0,9
S01011220,Whole house or bungalow: Detached,6,6,0,0,0
S01011220,Whole house or bungalow: Semi-detached,54,53,1,0,1
S01011220,Whole house or bungalow: Terraced (including end-terrace),231,223,8,0,8
S01011220,Flat maisonette or apartment or mobile/temporary accommodation,149,143,6,0,6
S01011221,All household spaces,459,449,10,0,10
S01011221,Whole house or bungalow: Total,328,320,8,0,8
S01011221,Whole house or bungalow: Detached,6,5,1,0,1
S01011221,Whole house or bungalow: Semi-detached,99,96,3,0,3
S01011221,Whole house or bungalow: Terraced (including end-terrace),223,219,4,0,4
S01011221,Flat maisonette or apartment or mobile/temporary accommodation,131,129,2,0,2
S01011222,All household spaces,314,312,2,0,2
S01011222,Whole house or bungalow: Total,274,273,1,0,1
S01011222,Whole house or bungalow: Detached,6,6,0,0,0
S01011222,Whole house or bungalow: Semi-detached,123,123,0,0,0
S01011222,Whole house or bungalow: Terraced (including end-terrace),145,144,1,0,1
S01011222,Flat maisonette or apartment or mobile/temporary accommodation,40,39,1,0,1
S01011223,All household spaces,366,361,5,0,5
S01011223,Whole house or bungalow: Total,347,342,5,0,5
S01011223,Whole house or bungalow: Detached,10,10,0,0,0
S01011223,Whole house or bungalow: Semi-detached,149,149,0,0,0
S01011223,Whole house or bungalow: Terraced (including end-terrace),188,183,5,0,5
S01011223,Flat maisonette or apartment or mobile/temporary accommodation,19,19,0,0,0
S01011224,All household spaces,355,350,5,0,5
S01011224,Whole house or bungalow: Total,160,155,5,0,5
S01011224,Whole house or bungalow: Detached,38,38,0,0,0
S01011224,Whole house or bungalow: Semi-detached,32,28,4,0,4
S01011224,Whole house or bungalow: Terraced (including end-terrace),90,89,1,0,1
S01011224,Flat maisonette or apartment or mobile/temporary accommodation,195,195,0,0,0
S01011225,All household spaces,336,327,9,1,8
S01011225,Whole house or bungalow: Total,255,248,7,1,6
S01011225,Whole house or bungalow: Detached,24,24,0,0,0
S01011225,Whole house or bungalow: Semi-detached,84,79,5,1,4
S01011225,Whole house or bungalow: Terraced (including end-terrace),147,145,2,0,2
S01011225,Flat maisonette or apartment or mobile/temporary accommodation,81,79,2,0,2
S01011226,All household spaces,465,455,10,0,10
S01011226,Whole house or bungalow: Total,376,371,5,0,5
S01011226,Whole house or bungalow: Detached,133,133,0,0,0
S01011226,Whole house or bungalow: Semi-detached,150,147,3,0,3
S01011226,Whole house or bungalow: Terraced (including end-terrace),93,91,2,0,2
S01011226,Flat maisonette or apartment or mobile/temporary accommodation,89,84,5,0,5
S01011227,All household spaces,424,397,27,0,27
S01011227,Whole house or bungalow: Total,130,123,7,0,7
S01011227,Whole house or bungalow: Detached,40,39,1,0,1
S01011227,Whole house or bungalow: Semi-detached,32,30,2,0,2
S01011227,Whole house or bungalow: Terraced (including end-terrace),58,54,4,0,4
S01011227,Flat maisonette or apartment or mobile/temporary accommodation,294,274,20,0,20
S01011228,All household spaces,479,450,29,1,28
S01011228,Whole house or bungalow: Total,241,222,19,0,19
S01011228,Whole house or bungalow: Detached,34,31,3,0,3
S01011228,Whole house or bungalow: Semi-detached,105,105,0,0,0
S01011228,Whole house or bungalow: Terraced (including end-terrace),102,86,16,0,16
S01011228,Flat maisonette or apartment or mobile/temporary accommodation,238,228,10,1,9
S01011229,All household spaces,294,286,8,1,7
S01011229,Whole house or bungalow: Total,89,87,2,0,2
S01011229,Whole house or bungalow: Detached,28,28,0,0,0
S01011229,Whole house or bungalow: Semi-detached,17,16,1,0,1
S01011229,Whole house or bungalow: Terraced (including end-terrace),44,43,1,0,1
S01011229,Flat maisonette or apartment or mobile/temporary accommodation,205,199,6,1,5
S01011230,All household spaces,502,500,2,0,2
S01011230,Whole house or bungalow: Total,97,97,0,0,0
S01011230,Whole house or bungalow: Detached,7,7,0,0,0
S01011230,Whole house or bungalow: Semi-detached,22,22,0,0,0
S01011230,Whole house or bungalow: Terraced (including end-terrace),68,68,0,0,0
S01011230,Flat maisonette or apartment or mobile/temporary accommodation,405,403,2,0,2
S01011231,All household spaces,301,298,3,1,2
S01011231,Whole house or bungalow: Total,202,200,2,1,1
S01011231,Whole house or bungalow: Detached,11,11,0,0,0
S01011231,Whole house or bungalow: Semi-detached,89,87,2,1,1
S01011231,Whole house or bungalow: Terraced (including end-terrace),102,102,0,0,0
S01011231,Flat maisonette or apartment or mobile/temporary accommodation,99,98,1,0,1
S01011232,All household spaces,526,513,13,5,8
S01011232,Whole house or bungalow: Total,180,179,1,0,1
S01011232,Whole house or bungalow: Detached,13,13,0,0,0
S01011232,Whole house or bungalow: Semi-detached,49,48,1,0,1
S01011232,Whole house or bungalow: Terraced (including end-terrace),118,118,0,0,0
S01011232,Flat maisonette or apartment or mobile/temporary accommodation,346,334,12,5,7
S01011233,All household spaces,169,158,11,5,6
S01011233,Whole house or bungalow: Total,122,117,5,0,5
S01011233,Whole house or bungalow: Detached,33,33,0,0,0
S01011233,Whole house or bungalow: Semi-detached,54,52,2,0,2
S01011233,Whole house or bungalow: Terraced (including end-terrace),35,32,3,0,3
S01011233,Flat maisonette or apartment or mobile/temporary accommodation,47,41,6,5,1
S01011234,All household spaces,468,456,12,5,7
S01011234,Whole house or bungalow: Total,402,394,8,2,6
S01011234,Whole house or bungalow: Detached,35,35,0,0,0
S01011234,Whole house or bungalow: Semi-detached,216,211,5,0,5
S01011234,Whole house or bungalow: Terraced (including end-terrace),151,148,3,2,1
S01011234,Flat maisonette or apartment or mobile/temporary accommodation,66,62,4,3,1
S01011235,All household spaces,201,195,6,1,5
S01011235,Whole house or bungalow: Total,119,116,3,1,2
S01011235,Whole house or bungalow: Detached,13,12,1,1,0
S01011235,Whole house or bungalow: Semi-detached,40,40,0,0,0
S01011235,Whole house or bungalow: Terraced (including end-terrace),66,64,2,0,2
S01011235,Flat maisonette or apartment or mobile/temporary accommodation,82,79,3,0,3
S01011236,All household spaces,294,284,10,1,9
S01011236,Whole house or bungalow: Total,179,175,4,1,3
S01011236,Whole house or bungalow: Detached,11,11,0,0,0
S01011236,Whole house or bungalow: Semi-detached,73,72,1,0,1
S01011236,Whole house or bungalow: Terraced (including end-terrace),95,92,3,1,2
S01011236,Flat maisonette or apartment or mobile/temporary accommodation,115,109,6,0,6
S01011237,All household spaces,338,331,7,0,7
S01011237,Whole house or bungalow: Total,251,247,4,0,4
S01011237,Whole house or bungalow: Detached,10,10,0,0,0
S01011237,Whole house or bungalow: Semi-detached,139,136,3,0,3
S01011237,Whole house or bungalow: Terraced (including end-terrace),102,101,1,0,1
S01011237,Flat maisonette or apartment or mobile/temporary accommodation,87,84,3,0,3
S01011238,All household spaces,344,334,10,0,10
S01011238,Whole house or bungalow: Total,103,102,1,0,1
S01011238,Whole house or bungalow: Detached,7,7,0,0,0
S01011238,Whole house or bungalow: Semi-detached,58,58,0,0,0
S01011238,Whole house or bungalow: Terraced (including end-terrace),38,37,1,0,1
S01011238,Flat maisonette or apartment or mobile/temporary accommodation,241,232,9,0,9
S01011239,All household spaces,445,427,18,0,18
S01011239,Whole house or bungalow: Total,101,101,0,0,0
S01011239,Whole house or bungalow: Detached,19,19,0,0,0
S01011239,Whole house or bungalow: Semi-detached,34,34,0,0,0
S01011239,Whole house or bungalow: Terraced (including end-terrace),48,48,0,0,0
S01011239,Flat maisonette or apartment or mobile/temporary accommodation,344,326,18,0,18
S01011240,All household spaces,523,481,42,0,42
S01011240,Whole house or bungalow: Total,82,65,17,0,17
S01011240,Whole house or bungalow: Detached,8,8,0,0,0
S01011240,Whole house or bungalow: Semi-detached,14,14,0,0,0
S01011240,Whole house or bungalow: Terraced (including end-terrace),60,43,17,0,17
S01011240,Flat maisonette or apartment or mobile/temporary accommodation,441,416,25,0,25
S01011241,All household spaces,591,540,51,4,47
S01011241,Whole house or bungalow: Total,178,165,13,2,11
S01011241,Whole house or bungalow: Detached,40,32,8,1,7
S01011241,Whole house or bungalow: Semi-detached,76,76,0,0,0
S01011241,Whole house or bungalow: Terraced (including end-terrace),62,57,5,1,4
S01011241,Flat maisonette or apartment or mobile/temporary accommodation,413,375,38,2,36
S01011242,All household spaces,400,383,17,0,17
S01011242,Whole house or bungalow: Total,162,159,3,0,3
S01011242,Whole house or bungalow: Detached,69,68,1,0,1
S01011242,Whole house or bungalow: Semi-detached,82,81,1,0,1
S01011242,Whole house or bungalow: Terraced (including end-terrace),11,10,1,0,1
S01011242,Flat maisonette or apartment or mobile/temporary accommodation,238,224,14,0,14
S01011243,All household spaces,564,545,19,4,15
S01011243,Whole house or bungalow: Total,75,74,1,0,1
S01011243,Whole house or bungalow: Detached,6,6,0,0,0
S01011243,Whole house or bungalow: Semi-detached,15,14,1,0,1
S01011243,Whole house or bungalow: Terraced (including end-terrace),54,54,0,0,0
S01011243,Flat maisonette or apartment or mobile/temporary accommodation,489,471,18,4,14
S01011244,All household spaces,452,409,43,25,18
S01011244,Whole house or bungalow: Total,66,65,1,0,1
S01011244,Whole house or bungalow: Detached,13,12,1,0,1
S01011244,Whole house or bungalow: Semi-detached,36,36,0,0,0
S01011244,Whole house or bungalow: Terraced (including end-terrace),17,17,0,0,0
S01011244,Flat maisonette or apartment or mobile/temporary accommodation,386,344,42,25,17
S01011245,All household spaces,452,446,6,2,4
S01011245,Whole house or bungalow: Total,263,257,6,2,4
S01011245,Whole house or bungalow: Detached,31,31,0,0,0
S01011245,Whole house or bungalow: Semi-detached,125,121,4,0,4
S01011245,Whole house or bungalow: Terraced (including end-terrace),107,105,2,2,0
S01011245,Flat maisonette or apartment or mobile/temporary accommodation,189,189,0,0,0
S01011246,All household spaces,468,439,29,21,8
S01011246,Whole house or bungalow: Total,227,222,5,0,5
S01011246,Whole house or bungalow: Detached,73,72,1,0,1
S01011246,Whole house or bungalow: Semi-detached,103,101,2,0,2
S01011246,Whole house or bungalow: Terraced (including end-terrace),51,49,2,0,2
S01011246,Flat maisonette or apartment or mobile/temporary accommodation,241,217,24,21,3
S01011247,All household spaces,368,357,11,0,11
S01011247,Whole house or bungalow: Total,315,306,9,0,9
S01011247,Whole house or bungalow: Detached,186,182,4,0,4
S01011247,Whole house or bungalow: Semi-detached,92,88,4,0,4
S01011247,Whole house or bungalow: Terraced (including end-terrace),37,36,1,0,1
S01011247,Flat maisonette or apartment or mobile/temporary accommodation,53,51,2,0,2
S01011248,All household spaces,325,317,8,0,8
S01011248,Whole house or bungalow: Total,302,294,8,0,8
S01011248,Whole house or bungalow: Detached,81,79,2,0,2
S01011248,Whole house or bungalow: Semi-detached,148,142,6,0,6
S01011248,Whole house or bungalow: Terraced (including end-terrace),73,73,0,0,0
S01011248,Flat maisonette or apartment or mobile/temporary accommodation,23,23,0,0,0
S01011249,All household spaces,310,308,2,0,2
S01011249,Whole house or bungalow: Total,295,293,2,0,2
S01011249,Whole house or bungalow: Detached,155,154,1,0,1
S01011249,Whole house or bungalow: Semi-detached,117,116,1,0,1
S01011249,Whole house or bungalow: Terraced (including end-terrace),23,23,0,0,0
S01011249,Flat maisonette or apartment or mobile/temporary accommodation,15,15,0,0,0
S01011250,All household spaces,462,446,16,15,1
S01011250,Whole house or bungalow: Total,398,386,12,11,1
S01011250,Whole house or bungalow: Detached,16,16,0,0,0
S01011250,Whole house or bungalow: Semi-detached,157,157,0,0,0
S01011250,Whole house or bungalow: Terraced (including end-terrace),225,213,12,11,1
S01011250,Flat maisonette or apartment or mobile/temporary accommodation,64,60,4,4,0
S01011251,All household spaces,393,385,8,1,7
S01011251,Whole house or bungalow: Total,382,374,8,1,7
S01011251,Whole house or bungalow: Detached,16,16,0,0,0
S01011251,Whole house or bungalow: Semi-detached,216,211,5,0,5
S01011251,Whole house or bungalow: Terraced (including end-terrace),150,147,3,1,2
S01011251,Flat maisonette or apartment or mobile/temporary accommodation,11,11,0,0,0
S01011252,All household spaces,354,344,10,9,1
S01011252,Whole house or bungalow: Total,332,322,10,9,1
S01011252,Whole house or bungalow: Detached,24,24,0,0,0
S01011252,Whole house or bungalow: Semi-detached,116,116,0,0,0
S01011252,Whole house or bungalow: Terraced (including end-terrace),192,182,10,9,1
S01011252,Flat maisonette or apartment or mobile/temporary accommodation,22,22,0,0,0
S01011253,All household spaces,394,391,3,1,2
S01011253,Whole house or bungalow: Total,289,287,2,1,1
S01011253,Whole house or bungalow: Detached,16,16,0,0,0
S01011253,Whole house or bungalow: Semi-detached,78,77,1,0,1
S01011253,Whole house or bungalow: Terraced (including end-terrace),195,194,1,1,0
S01011253,Flat maisonette or apartment or mobile/temporary accommodation,105,104,1,0,1
S01011254,All household spaces,360,359,1,1,0
S01011254,Whole house or bungalow: Total,356,355,1,1,0
S01011254,Whole house or bungalow: Detached,141,140,1,1,0
S01011254,Whole house or bungalow: Semi-detached,209,209,0,0,0
S01011254,Whole house or bungalow: Terraced (including end-terrace),6,6,0,0,0
S01011254,Flat maisonette or apartment or mobile/temporary accommodation,4,4,0,0,0
S01011255,All household spaces,271,267,4,0,4
S01011255,Whole house or bungalow: Total,267,263,4,0,4
S01011255,Whole house or bungalow: Detached,225,224,1,0,1
S01011255,Whole house or bungalow: Semi-detached,32,31,1,0,1
S01011255,Whole house or bungalow: Terraced (including end-terrace),10,8,2,0,2
S01011255,Flat maisonette or apartment or mobile/temporary accommodation,4,4,0,0,0
S01011256,All household spaces,171,169,2,0,2
S01011256,Whole house or bungalow: Total,168,166,2,0,2
S01011256,Whole house or bungalow: Detached,77,75,2,0,2
S01011256,Whole house or bungalow: Semi-detached,79,79,0,0,0
S01011256,Whole house or bungalow: Terraced (including end-terrace),12,12,0,0,0
S01011256,Flat maisonette or apartment or mobile/temporary accommodation,3,3,0,0,0
S01011257,All household spaces,193,188,5,0,5
S01011257,Whole house or bungalow: Total,191,186,5,0,5
S01011257,Whole house or bungalow: Detached,129,124,5,0,5
S01011257,Whole house or bungalow: Semi-detached,55,55,0,0,0
S01011257,Whole house or bungalow: Terraced (including end-terrace),7,7,0,0,0
S01011257,Flat maisonette or apartment or mobile/temporary accommodation,2,2,0,0,0
S01011258,All household spaces,231,229,2,1,1
S01011258,Whole house or bungalow: Total,199,197,2,1,1
S01011258,Whole house or bungalow: Detached,48,48,0,0,0
S01011258,Whole house or bungalow: Semi-detached,110,109,1,1,0
S01011258,Whole house or bungalow: Terraced (including end-terrace),41,40,1,0,1
S01011258,Flat maisonette or apartment or mobile/temporary accommodation,32,32,0,0,0
S01011259,All household spaces,394,383,11,0,11
S01011259,Whole house or bungalow: Total,171,165,6,0,6
S01011259,Whole house or bungalow: Detached,25,25,0,0,0
S01011259,Whole house or bungalow: Semi-detached,93,91,2,0,2
S01011259,Whole house or bungalow: Terraced (including end-terrace),53,49,4,0,4
S01011259,Flat maisonette or apartment or mobile/temporary accommodation,223,218,5,0,5
S01011260,All household spaces,351,336,15,1,14
S01011260,Whole house or bungalow: Total,236,226,10,1,9
S01011260,Whole house or bungalow: Detached,147,143,4,0,4
S01011260,Whole house or bungalow: Semi-detached,58,55,3,0,3
S01011260,Whole house or bungalow: Terraced (including end-terrace),31,28,3,1,2
S01011260,Flat maisonette or apartment or mobile/temporary accommodation,115,110,5,0,5
S01011261,All household spaces,319,310,9,0,9
S01011261,Whole house or bungalow: Total,239,232,7,0,7
S01011261,Whole house or bungalow: Detached,19,19,0,0,0
S01011261,Whole house or bungalow: Semi-detached,125,122,3,0,3
S01011261,Whole house or bungalow: Terraced (including end-terrace),95,91,4,0,4
S01011261,Flat maisonette or apartment or mobile/temporary accommodation,80,78,2,0,2
S01011262,All household spaces,231,223,8,0,8
S01011262,Whole house or bungalow: Total,219,211,8,0,8
S01011262,Whole house or bungalow: Detached,21,21,0,0,0
S01011262,Whole house or bungalow: Semi-detached,137,132,5,0,5
S01011262,Whole house or bungalow: Terraced (including end-terrace),61,58,3,0,3
S01011262,Flat maisonette or apartment or mobile/temporary accommodation,12,12,0,0,0
S01011263,All household spaces,444,431,13,1,12
S01011263,Whole house or bungalow: Total,415,402,13,1,12
S01011263,Whole house or bungalow: Detached,93,86,7,0,7
S01011263,Whole house or bungalow: Semi-detached,145,142,3,0,3
S01011263,Whole house or bungalow: Terraced (including end-terrace),177,174,3,1,2
S01011263,Flat maisonette or apartment or mobile/temporary accommodation,29,29,0,0,0
S01011264,All household spaces,266,259,7,0,7
S01011264,Whole house or bungalow: Total,260,253,7,0,7
S01011264,Whole house or bungalow: Detached,13,13,0,0,0
S01011264,Whole house or bungalow: Semi-detached,142,139,3,0,3
S01011264,Whole house or bungalow: Terraced (including end-terrace),105,101,4,0,4
S01011264,Flat maisonette or apartment or mobile/temporary accommodation,6,6,0,0,0
S01011265,All household spaces,477,468,9,3,6
S01011265,Whole house or bungalow: Total,429,420,9,3,6
S01011265,Whole house or bungalow: Detached,12,12,0,0,0
S01011265,Whole house or bungalow: Semi-detached,147,145,2,0,2
S01011265,Whole house or bungalow: Terraced (including end-terrace),270,263,7,3,4
S01011265,Flat maisonette or apartment or mobile/temporary accommodation,48,48,0,0,0
S01011266,All household spaces,392,383,9,0,9
S01011266,Whole house or bungalow: Total,377,368,9,0,9
S01011266,Whole house or bungalow: Detached,21,21,0,0,0
S01011266,Whole house or bungalow: Semi-detached,237,230,7,0,7
S01011266,Whole house or bungalow: Terraced (including end-terrace),119,117,2,0,2
S01011266,Flat maisonette or apartment or mobile/temporary accommodation,15,15,0,0,0
S01011267,All household spaces,272,266,6,0,6
S01011267,Whole house or bungalow: Total,169,168,1,0,1
S01011267,Whole house or bungalow: Detached,83,82,1,0,1
S01011267,Whole house or bungalow: Semi-detached,64,64,0,0,0
S01011267,Whole house or bungalow: Terraced (including end-terrace),22,22,0,0,0
S01011267,Flat maisonette or apartment or mobile/temporary accommodation,103,98,5,0,5
S01011268,All household spaces,191,186,5,0,5
S01011268,Whole house or bungalow: Total,132,128,4,0,4
S01011268,Whole house or bungalow: Detached,58,55,3,0,3
S01011268,Whole house or bungalow: Semi-detached,46,45,1,0,1
S01011268,Whole house or bungalow: Terraced (including end-terrace),28,28,0,0,0
S01011268,Flat maisonette or apartment or mobile/temporary accommodation,59,58,1,0,1
S01011269,All household spaces,286,279,7,1,6
S01011269,Whole house or bungalow: Total,142,138,4,1,3
S01011269,Whole house or bungalow: Detached,53,51,2,0,2
S01011269,Whole house or bungalow: Semi-detached,53,52,1,0,1
S01011269,Whole house or bungalow: Terraced (including end-terrace),36,35,1,1,0
S01011269,Flat maisonette or apartment or mobile/temporary accommodation,144,141,3,0,3
S01011270,All household spaces,352,349,3,0,3
S01011270,Whole house or bungalow: Total,247,246,1,0,1
S01011270,Whole house or bungalow: Detached,20,20,0,0,0
S01011270,Whole house or bungalow: Semi-detached,50,49,1,0,1
S01011270,Whole house or bungalow: Terraced (including end-terrace),177,177,0,0,0
S01011270,Flat maisonette or apartment or mobile/temporary accommodation,105,103,2,0,2
S01011271,All household spaces,359,357,2,0,2
S01011271,Whole house or bungalow: Total,325,325,0,0,0
S01011271,Whole house or bungalow: Detached,28,28,0,0,0
S01011271,Whole house or bungalow: Semi-detached,109,109,0,0,0
S01011271,Whole house or bungalow: Terraced (including end-terrace),188,188,0,0,0
S01011271,Flat maisonette or apartment or mobile/temporary accommodation,34,32,2,0,2
S01011272,All household spaces,399,380,19,1,18
S01011272,Whole house or bungalow: Total,180,172,8,0,8
S01011272,Whole house or bungalow: Detached,28,27,1,0,1
S01011272,Whole house or bungalow: Semi-detached,81,79,2,0,2
S01011272,Whole house or bungalow: Terraced (including end-terrace),71,66,5,0,5
S01011272,Flat maisonette or apartment or mobile/temporary accommodation,219,208,11,1,10
S01011273,All household spaces,351,339,12,0,12
S01011273,Whole house or bungalow: Total,307,296,11,0,11
S01011273,Whole house or bungalow: Detached,12,12,0,0,0
S01011273,Whole house or bungalow: Semi-detached,62,62,0,0,0
S01011273,Whole house or bungalow: Terraced (including end-terrace),233,222,11,0,11
S01011273,Flat maisonette or apartment or mobile/temporary accommodation,44,43,1,0,1
S01011274,All household spaces,405,395,10,0,10
S01011274,Whole house or bungalow: Total,269,261,8,0,8
S01011274,Whole house or bungalow: Detached,24,24,0,0,0
S01011274,Whole house or bungalow: Semi-detached,100,99,1,0,1
S01011274,Whole house or bungalow: Terraced (including end-terrace),145,138,7,0,7
S01011274,Flat maisonette or apartment or mobile/temporary accommodation,136,134,2,0,2
S01011275,All household spaces,279,277,2,0,2
S01011275,Whole house or bungalow: Total,261,259,2,0,2
S01011275,Whole house or bungalow: Detached,7,7,0,0,0
S01011275,Whole house or bungalow: Semi-detached,151,150,1,0,1
S01011275,Whole house or bungalow: Terraced (including end-terrace),103,102,1,0,1
S01011275,Flat maisonette or apartment or mobile/temporary accommodation,18,18,0,0,0
S01011276,All household spaces,417,405,12,5,7
S01011276,Whole house or bungalow: Total,388,379,9,5,4
S01011276,Whole house or bungalow: Detached,78,76,2,0,2
S01011276,Whole house or bungalow: Semi-detached,133,132,1,0,1
S01011276,Whole house or bungalow: Terraced (including end-terrace),177,171,6,5,1
S01011276,Flat maisonette or apartment or mobile/temporary accommodation,29,26,3,0,3
S01011277,All household spaces,288,284,4,0,4
S01011277,Whole house or bungalow: Total,231,228,3,0,3
S01011277,Whole house or bungalow: Detached,58,58,0,0,0
S01011277,Whole house or bungalow: Semi-detached,151,148,3,0,3
S01011277,Whole house or bungalow: Terraced (including end-terrace),22,22,0,0,0
S01011277,Flat maisonette or apartment or mobile/temporary accommodation,57,56,1,0,1
S01011278,All household spaces,232,230,2,0,2
S01011278,Whole house or bungalow: Total,212,210,2,0,2
S01011278,Whole house or bungalow: Detached,28,28,0,0,0
S01011278,Whole house or bungalow: Semi-detached,163,161,2,0,2
S01011278,Whole house or bungalow: Terraced (including end-terrace),21,21,0,0,0
S01011278,Flat maisonette or apartment or mobile/temporary accommodation,20,20,0,0,0
S01011279,All household spaces,304,302,2,0,2
S01011279,Whole house or bungalow: Total,228,226,2,0,2
S01011279,Whole house or bungalow: Detached,48,48,0,0,0
S01011279,Whole house or bungalow: Semi-detached,129,128,1,0,1
S01011279,Whole house or bungalow: Terraced (including end-terrace),51,50,1,0,1
S01011279,Flat maisonette or apartment or mobile/temporary accommodation,76,76,0,0,0
S01011280,All household spaces,232,231,1,0,1
S01011280,Whole house or bungalow: Total,228,227,1,0,1
S01011280,Whole house or bungalow: Detached,171,170,1,0,1
S01011280,Whole house or bungalow: Semi-detached,22,22,0,0,0
S01011280,Whole house or bungalow: Terraced (including end-terrace),35,35,0,0,0
S01011280,Flat maisonette or apartment or mobile/temporary accommodation,4,4,0,0,0
S01011281,All household spaces,244,238,6,0,6
S01011281,Whole house or bungalow: Total,223,218,5,0,5
S01011281,Whole house or bungalow: Detached,147,144,3,0,3
S01011281,Whole house or bungalow: Semi-detached,47,46,1,0,1
S01011281,Whole house or bungalow: Terraced (including end-terrace),29,28,1,0,1
S01011281,Flat maisonette or apartment or mobile/temporary accommodation,21,20,1,0,1
S01011282,All household spaces,350,341,9,0,9
S01011282,Whole house or bungalow: Total,343,334,9,0,9
S01011282,Whole house or bungalow: Detached,167,161,6,0,6
S01011282,Whole house or bungalow: Semi-detached,85,82,3,0,3
S01011282,Whole house or bungalow: Terraced (including end-terrace),91,91,0,0,0
S01011282,Flat maisonette or apartment or mobile/temporary accommodation,7,7,0,0,0
S01011283,All household spaces,262,251,11,0,11
S01011283,Whole house or bungalow: Total,255,244,11,0,11
S01011283,Whole house or bungalow: Detached,194,186,8,0,8
S01011283,Whole house or bungalow: Semi-detached,37,34,3,0,3
S01011283,Whole house or bungalow: Terraced (including end-terrace),24,24,0,0,0
S01011283,Flat maisonette or apartment or mobile/temporary accommodation,7,7,0,0,0
S01011284,All household spaces,193,192,1,0,1
S01011284,Whole house or bungalow: Total,188,187,1,0,1
S01011284,Whole house or bungalow: Detached,170,169,1,0,1
S01011284,Whole house or bungalow: Semi-detached,10,10,0,0,0
S01011284,Whole house or bungalow: Terraced (including end-terrace),8,8,0,0,0
S01011284,Flat maisonette or apartment or mobile/temporary accommodation,5,5,0,0,0
S01011285,All household spaces,307,297,10,0,10
S01011285,Whole house or bungalow: Total,298,288,10,0,10
S01011285,Whole house or bungalow: Detached,10,10,0,0,0
S01011285,Whole house or bungalow: Semi-detached,69,67,2,0,2
S01011285,Whole house or bungalow: Terraced (including end-terrace),219,211,8,0,8
S01011285,Flat maisonette or apartment or mobile/temporary accommodation,9,9,0,0,0
S01011286,All household spaces,306,298,8,0,8
S01011286,Whole house or bungalow: Total,274,270,4,0,4
S01011286,Whole house or bungalow: Detached,18,18,0,0,0
S01011286,Whole house or bungalow: Semi-detached,66,66,0,0,0
S01011286,Whole house or bungalow: Terraced (including end-terrace),190,186,4,0,4
S01011286,Flat maisonette or apartment or mobile/temporary accommodation,32,28,4,0,4
S01011287,All household spaces,346,337,9,2,7
S01011287,Whole house or bungalow: Total,271,266,5,1,4
S01011287,Whole house or bungalow: Detached,19,19,0,0,0
S01011287,Whole house or bungalow: Semi-detached,58,57,1,0,1
S01011287,Whole house or bungalow: Terraced (including end-terrace),194,190,4,1,3
S01011287,Flat maisonette or apartment or mobile/temporary accommodation,75,71,4,1,3
S01011288,All household spaces,330,318,12,3,9
S01011288,Whole house or bungalow: Total,320,308,12,3,9
S01011288,Whole house or bungalow: Detached,12,12,0,0,0
S01011288,Whole house or bungalow: Semi-detached,38,38,0,0,0
S01011288,Whole house or bungalow: Terraced (including end-terrace),270,258,12,3,9
S01011288,Flat maisonette or apartment or mobile/temporary accommodation,10,10,0,0,0
S01011289,All household spaces,435,431,4,0,4
S01011289,Whole house or bungalow: Total,403,399,4,0,4
S01011289,Whole house or bungalow: Detached,19,18,1,0,1
S01011289,Whole house or bungalow: Semi-detached,191,190,1,0,1
S01011289,Whole house or bungalow: Terraced (including end-terrace),193,191,2,0,2
S01011289,Flat maisonette or apartment or mobile/temporary accommodation,32,32,0,0,0
S01011290,All household spaces,506,503,3,0,3
S01011290,Whole house or bungalow: Total,345,342,3,0,3
S01011290,Whole house or bungalow: Detached,71,70,1,0,1
S01011290,Whole house or bungalow: Semi-detached,154,154,0,0,0
S01011290,Whole house or bungalow: Terraced (including end-terrace),120,118,2,0,2
S01011290,Flat maisonette or apartment or mobile/temporary accommodation,161,161,0,0,0
S01011291,All household spaces,411,407,4,0,4
S01011291,Whole house or bungalow: Total,203,200,3,0,3
S01011291,Whole house or bungalow: Detached,36,35,1,0,1
S01011291,Whole house or bungalow: Semi-detached,97,96,1,0,1
S01011291,Whole house or bungalow: Terraced (including end-terrace),70,69,1,0,1
S01011291,Flat maisonette or apartment or mobile/temporary accommodation,208,207,1,0,1
S01011292,All household spaces,338,332,6,0,6
S01011292,Whole house or bungalow: Total,189,186,3,0,3
S01011292,Whole house or bungalow: Detached,10,10,0,0,0
S01011292,Whole house or bungalow: Semi-detached,73,72,1,0,1
S01011292,Whole house or bungalow: Terraced (including end-terrace),106,104,2,0,2
S01011292,Flat maisonette or apartment or mobile/temporary accommodation,149,146,3,0,3
S01011293,All household spaces,343,341,2,0,2
S01011293,Whole house or bungalow: Total,268,266,2,0,2
S01011293,Whole house or bungalow: Detached,19,19,0,0,0
S01011293,Whole house or bungalow: Semi-detached,104,103,1,0,1
S01011293,Whole house or bungalow: Terraced (including end-terrace),145,144,1,0,1
S01011293,Flat maisonette or apartment or mobile/temporary accommodation,75,75,0,0,0
S01011294,All household spaces,507,487,20,0,20
S01011294,Whole house or bungalow: Total,247,242,5,0,5
S01011294,Whole house or bungalow: Detached,30,30,0,0,0
S01011294,Whole house or bungalow: Semi-detached,104,101,3,0,3
S01011294,Whole house or bungalow: Terraced (including end-terrace),113,111,2,0,2
S01011294,Flat maisonette or apartment or mobile/temporary accommodation,260,245,15,0,15
S01011295,All household spaces,463,448,15,1,14
S01011295,Whole house or bungalow: Total,310,305,5,0,5
S01011295,Whole house or bungalow: Detached,223,218,5,0,5
S01011295,Whole house or bungalow: Semi-detached,65,65,0,0,0
S01011295,Whole house or bungalow: Terraced (including end-terrace),22,22,0,0,0
S01011295,Flat maisonette or apartment or mobile/temporary accommodation,153,143,10,1,9
S01011296,All household spaces,282,280,2,0,2
S01011296,Whole house or bungalow: Total,221,219,2,0,2
S01011296,Whole house or bungalow: Detached,59,58,1,0,1
S01011296,Whole house or bungalow: Semi-detached,123,122,1,0,1
S01011296,Whole house or bungalow: Terraced (including end-terrace),39,39,0,0,0
S01011296,Flat maisonette or apartment or mobile/temporary accommodation,61,61,0,0,0
S01011297,All household spaces,315,311,4,0,4
S01011297,Whole house or bungalow: Total,246,242,4,0,4
S01011297,Whole house or bungalow: Detached,19,19,0,0,0
S01011297,Whole house or bungalow: Semi-detached,161,157,4,0,4
S01011297,Whole house or bungalow: Terraced (including end-terrace),66,66,0,0,0
S01011297,Flat maisonette or apartment or mobile/temporary accommodation,69,69,0,0,0
S01011298,All household spaces,235,230,5,0,5
S01011298,Whole house or bungalow: Total,208,203,5,0,5
S01011298,Whole house or bungalow: Detached,11,11,0,0,0
S01011298,Whole house or bungalow: Semi-detached,147,142,5,0,5
S01011298,Whole house or bungalow: Terraced (including end-terrace),50,50,0,0,0
S01011298,Flat maisonette or apartment or mobile/temporary accommodation,27,27,0,0,0
S01011299,All household spaces,206,197,9,3,6
S01011299,Whole house or bungalow: Total,193,184,9,3,6
S01011299,Whole house or bungalow: Detached,145,140,5,1,4
S01011299,Whole house or bungalow: Semi-detached,36,32,4,2,2
S01011299,Whole house or bungalow: Terraced (including end-terrace),12,12,0,0,0
S01011299,Flat maisonette or apartment or mobile/temporary accommodation,13,13,0,0,0
S01011300,All household spaces,432,423,9,0,9
S01011300,Whole house or bungalow: Total,401,396,5,0,5
S01011300,Whole house or bungalow: Detached,20,20,0,0,0
S01011300,Whole house or bungalow: Semi-detached,162,160,2,0,2
S01011300,Whole house or bungalow: Terraced (including end-terrace),219,216,3,0,3
S01011300,Flat maisonette or apartment or mobile/temporary accommodation,31,27,4,0,4
S01011301,All household spaces,321,309,12,3,9
S01011301,Whole house or bungalow: Total,263,258,5,1,4
S01011301,Whole house or bungalow: Detached,155,154,1,0,1
S01011301,Whole house or bungalow: Semi-detached,88,88,0,0,0
S01011301,Whole house or bungalow: Terraced (including end-terrace),20,16,4,1,3
S01011301,Flat maisonette or apartment or mobile/temporary accommodation,58,51,7,2,5
S01011302,All household spaces,535,522,13,1,12
S01011302,Whole house or bungalow: Total,175,169,6,0,6
S01011302,Whole house or bungalow: Detached,29,29,0,0,0
S01011302,Whole house or bungalow: Semi-detached,60,60,0,0,0
S01011302,Whole house or bungalow: Terraced (including end-terrace),86,80,6,0,6
S01011302,Flat maisonette or apartment or mobile/temporary accommodation,360,353,7,1,6
S01011303,All household spaces,433,427,6,1,5
S01011303,Whole house or bungalow: Total,332,328,4,1,3
S01011303,Whole house or bungalow: Detached,171,171,0,0,0
S01011303,Whole house or bungalow: Semi-detached,114,111,3,0,3
S01011303,Whole house or bungalow: Terraced (including end-terrace),47,46,1,1,0
S01011303,Flat maisonette or apartment or mobile/temporary accommodation,101,99,2,0,2
S01011304,All household spaces,288,282,6,0,6
S01011304,Whole house or bungalow: Total,274,269,5,0,5
S01011304,Whole house or bungalow: Detached,35,34,1,0,1
S01011304,Whole house or bungalow: Semi-detached,125,123,2,0,2
S01011304,Whole house or bungalow: Terraced (including end-terrace),114,112,2,0,2
S01011304,Flat maisonette or apartment or mobile/temporary accommodation,14,13,1,0,1
S01011305,All household spaces,352,342,10,2,8
S01011305,Whole house or bungalow: Total,331,321,10,2,8
S01011305,Whole house or bungalow: Detached,97,97,0,0,0
S01011305,Whole house or bungalow: Semi-detached,60,59,1,0,1
S01011305,Whole house or bungalow: Terraced (including end-terrace),174,165,9,2,7
S01011305,Flat maisonette or apartment or mobile/temporary accommodation,21,21,0,0,0
S01011306,All household spaces,288,282,6,0,6
S01011306,Whole house or bungalow: Total,280,274,6,0,6
S01011306,Whole house or bungalow: Detached,39,39,0,0,0
S01011306,Whole house or bungalow: Semi-detached,131,129,2,0,2
S01011306,Whole house or bungalow: Terraced (including end-terrace),110,106,4,0,4
S01011306,Flat maisonette or apartment or mobile/temporary accommodation,8,8,0,0,0
S01011307,All household spaces,200,188,12,0,12
S01011307,Whole house or bungalow: Total,181,173,8,0,8
S01011307,Whole house or bungalow: Detached,113,107,6,0,6
S01011307,Whole house or bungalow: Semi-detached,48,46,2,0,2
S01011307,Whole house or bungalow: Terraced (including end-terrace),20,20,0,0,0
S01011307,Flat maisonette or apartment or mobile/temporary accommodation,19,15,4,0,4
S01011308,All household spaces,198,186,12,7,5
S01011308,Whole house or bungalow: Total,173,161,12,7,5
S01011308,Whole house or bungalow: Detached,112,103,9,6,3
S01011308,Whole house or bungalow: Semi-detached,44,44,0,0,0
S01011308,Whole house or bungalow: Terraced (including end-terrace),17,14,3,1,2
S01011308,Flat maisonette or apartment or mobile/temporary accommodation,25,25,0,0,0
S01011309,All household spaces,355,333,22,12,10
S01011309,Whole house or bungalow: Total,275,265,10,5,5
S01011309,Whole house or bungalow: Detached,201,196,5,3,2
S01011309,Whole house or bungalow: Semi-detached,57,54,3,0,3
S01011309,Whole house or bungalow: Terraced (including end-terrace),17,15,2,2,0
S01011309,Flat maisonette or apartment or mobile/temporary accommodation,80,68,12,7,5
S01011310,All household spaces,376,341,35,22,13
S01011310,Whole house or bungalow: Total,265,256,9,5,4
S01011310,Whole house or bungalow: Detached,66,64,2,1,1
S01011310,Whole house or bungalow: Semi-detached,110,108,2,1,1
S01011310,Whole house or bungalow: Terraced (including end-terrace),89,84,5,3,2
S01011310,Flat maisonette or apartment or mobile/temporary accommodation,111,85,26,17,9
S01011311,All household spaces,317,305,12,3,9
S01011311,Whole house or bungalow: Total,287,279,8,1,7
S01011311,Whole house or bungalow: Detached,203,195,8,1,7
S01011311,Whole house or bungalow: Semi-detached,78,78,0,0,0
S01011311,Whole house or bungalow: Terraced (including end-terrace),6,6,0,0,0
S01011311,Flat maisonette or apartment or mobile/temporary accommodation,30,26,4,2,2
S01011312,All household spaces,517,493,24,18,6
S01011312,Whole house or bungalow: Total,396,382,14,12,2
S01011312,Whole house or bungalow: Detached,262,254,8,7,1
S01011312,Whole house or bungalow: Semi-detached,112,109,3,2,1
S01011312,Whole house or bungalow: Terraced (including end-terrace),22,19,3,3,0
S01011312,Flat maisonette or apartment or mobile/temporary accommodation,121,111,10,6,4
S01011313,All household spaces,400,368,32,15,17
S01011313,Whole house or bungalow: Total,191,184,7,5,2
S01011313,Whole house or bungalow: Detached,54,53,1,1,0
S01011313,Whole house or bungalow: Semi-detached,115,113,2,0,2
S01011313,Whole house or bungalow: Terraced (including end-terrace),22,18,4,4,0
S01011313,Flat maisonette or apartment or mobile/temporary accommodation,209,184,25,10,15
S01011314,All household spaces,496,487,9,7,2
S01011314,Whole house or bungalow: Total,369,364,5,4,1
S01011314,Whole house or bungalow: Detached,217,213,4,4,0
S01011314,Whole house or bungalow: Semi-detached,118,117,1,0,1
S01011314,Whole house or bungalow: Terraced (including end-terrace),34,34,0,0,0
S01011314,Flat maisonette or apartment or mobile/temporary accommodation,127,123,4,3,1
S01011315,All household spaces,174,168,6,2,4
S01011315,Whole house or bungalow: Total,123,117,6,2,4
S01011315,Whole house or bungalow: Detached,23,22,1,0,1
S01011315,Whole house or bungalow: Semi-detached,78,73,5,2,3
S01011315,Whole house or bungalow: Terraced (including end-terrace),22,22,0,0,0
S01011315,Flat maisonette or apartment or mobile/temporary accommodation,51,51,0,0,0
S01011316,All household spaces,322,311,11,4,7
S01011316,Whole house or bungalow: Total,297,289,8,4,4
S01011316,Whole house or bungalow: Detached,56,53,3,1,2
S01011316,Whole house or bungalow: Semi-detached,83,81,2,0,2
S01011316,Whole house or bungalow: Terraced (including end-terrace),158,155,3,3,0
S01011316,Flat maisonette or apartment or mobile/temporary accommodation,25,22,3,0,3
S01011317,All household spaces,432,392,40,30,10
S01011317,Whole house or bungalow: Total,251,237,14,7,7
S01011317,Whole house or bungalow: Detached,99,90,9,5,4
S01011317,Whole house or bungalow: Semi-detached,76,75,1,0,1
S01011317,Whole house or bungalow: Terraced (including end-terrace),76,72,4,2,2
S01011317,Flat maisonette or apartment or mobile/temporary accommodation,181,155,26,23,3
S01011318,All household spaces,593,520,73,54,19
S01011318,Whole house or bungalow: Total,176,172,4,2,2
S01011318,Whole house or bungalow: Detached,62,61,1,1,0
S01011318,Whole house or bungalow: Semi-detached,38,36,2,1,1
S01011318,Whole house or bungalow: Terraced (including end-terrace),76,75,1,0,1
S01011318,Flat maisonette or apartment or mobile/temporary accommodation,417,348,69,52,17
S01011319,All household spaces,430,398,32,13,19
S01011319,Whole house or bungalow: Total,293,279,14,6,8
S01011319,Whole house or bungalow: Detached,203,191,12,6,6
S01011319,Whole house or bungalow: Semi-detached,77,75,2,0,2
S01011319,Whole house or bungalow: Terraced (including end-terrace),13,13,0,0,0
S01011319,Flat maisonette or apartment or mobile/temporary accommodation,137,119,18,7,11
S01011320,All household spaces,322,303,19,3,16
S01011320,Whole house or bungalow: Total,123,122,1,0,1
S01011320,Whole house or bungalow: Detached,24,24,0,0,0
S01011320,Whole house or bungalow: Semi-detached,33,32,1,0,1
S01011320,Whole house or bungalow: Terraced (including end-terrace),66,66,0,0,0
S01011320,Flat maisonette or apartment or mobile/temporary accommodation,199,181,18,3,15
S01011321,All household spaces,270,252,18,0,18
S01011321,Whole house or bungalow: Total,240,229,11,0,11
S01011321,Whole house or bungalow: Detached,18,18,0,0,0
S01011321,Whole house or bungalow: Semi-detached,52,51,1,0,1
S01011321,Whole house or bungalow: Terraced (including end-terrace),170,160,10,0,10
S01011321,Flat maisonette or apartment or mobile/temporary accommodation,30,23,7,0,7
S01011322,All household spaces,262,251,11,1,10
S01011322,Whole house or bungalow: Total,199,191,8,1,7
S01011322,Whole house or bungalow: Detached,105,101,4,1,3
S01011322,Whole house or bungalow: Semi-detached,40,38,2,0,2
S01011322,Whole house or bungalow: Terraced (including end-terrace),54,52,2,0,2
S01011322,Flat maisonette or apartment or mobile/temporary accommodation,63,60,3,0,3
S01011323,All household spaces,380,374,6,3,3
S01011323,Whole house or bungalow: Total,241,240,1,1,0
S01011323,Whole house or bungalow: Detached,28,28,0,0,0
S01011323,Whole house or bungalow: Semi-detached,60,59,1,1,0
S01011323,Whole house or bungalow: Terraced (including end-terrace),153,153,0,0,0
S01011323,Flat maisonette or apartment or mobile/temporary accommodation,139,134,5,2,3
S01011324,All household spaces,224,202,22,8,14
S01011324,Whole house or bungalow: Total,111,106,5,2,3
S01011324,Whole house or bungalow: Detached,47,44,3,2,1
S01011324,Whole house or bungalow: Semi-detached,39,39,0,0,0
S01011324,Whole house or bungalow: Terraced (including end-terrace),25,23,2,0,2
S01011324,Flat maisonette or apartment or mobile/temporary accommodation,113,96,17,6,11
S01011325,All household spaces,578,472,106,65,41
S01011325,Whole house or bungalow: Total,59,58,1,1,0
S01011325,Whole house or bungalow: Detached,13,13,0,0,0
S01011325,Whole house or bungalow: Semi-detached,22,22,0,0,0
S01011325,Whole house or bungalow: Terraced (including end-terrace),24,23,1,1,0
S01011325,Flat maisonette or apartment or mobile/temporary accommodation,519,414,105,64,41
S01011326,All household spaces,668,521,147,74,73
S01011326,Whole house or bungalow: Total,60,57,3,2,1
S01011326,Whole house or bungalow: Detached,21,21,0,0,0
S01011326,Whole house or bungalow: Semi-detached,16,16,0,0,0
S01011326,Whole house or bungalow: Terraced (including end-terrace),23,20,3,2,1
S01011326,Flat maisonette or apartment or mobile/temporary accommodation,608,464,144,72,72
S01011327,All household spaces,825,400,425,390,35
S01011327,Whole house or bungalow: Total,134,112,22,19,3
S01011327,Whole house or bungalow: Detached,72,56,16,13,3
S01011327,Whole house or bungalow: Semi-detached,38,35,3,3,0
S01011327,Whole house or bungalow: Terraced (including end-terrace),24,21,3,3,0
S01011327,Flat maisonette or apartment or mobile/temporary accommodation,691,288,403,371,32
S01011328,All household spaces,506,355,151,146,5
S01011328,Whole house or bungalow: Total,268,226,42,40,2
S01011328,Whole house or bungalow: Detached,91,62,29,27,2
S01011328,Whole house or bungalow: Semi-detached,130,126,4,4,0
S01011328,Whole house or bungalow: Terraced (including end-terrace),47,38,9,9,0
S01011328,Flat maisonette or apartment or mobile/temporary accommodation,238,129,109,106,3
S01011329,All household spaces,535,484,51,28,23
S01011329,Whole house or bungalow: Total,227,220,7,3,4
S01011329,Whole house or bungalow: Detached,99,96,3,2,1
S01011329,Whole house or bungalow: Semi-detached,96,94,2,1,1
S01011329,Whole house or bungalow: Terraced (including end-terrace),32,30,2,0,2
S01011329,Flat maisonette or apartment or mobile/temporary accommodation,308,264,44,25,19
S01011330,All household spaces,332,324,8,1,7
S01011330,Whole house or bungalow: Total,307,301,6,0,6
S01011330,Whole house or bungalow: Detached,204,201,3,0,3
S01011330,Whole house or bungalow: Semi-detached,36,35,1,0,1
S01011330,Whole house or bungalow: Terraced (including end-terrace),67,65,2,0,2
S01011330,Flat maisonette or apartment or mobile/temporary accommodation,25,23,2,1,1
S01011331,All household spaces,356,336,20,7,13
S01011331,Whole house or bungalow: Total,348,328,20,7,13
S01011331,Whole house or bungalow: Detached,241,223,18,7,11
S01011331,Whole house or bungalow: Semi-detached,99,97,2,0,2
S01011331,Whole house or bungalow: Terraced (including end-terrace),8,8,0,0,0
S01011331,Flat maisonette or apartment or mobile/temporary accommodation,8,8,0,0,0
S01011332,All household spaces,392,385,7,1,6
S01011332,Whole house or bungalow: Total,329,324,5,0,5
S01011332,Whole house or bungalow: Detached,183,180,3,0,3
S01011332,Whole house or bungalow: Semi-detached,112,110,2,0,2
S01011332,Whole house or bungalow: Terraced (including end-terrace),34,34,0,0,0
S01011332,Flat maisonette or apartment or mobile/temporary accommodation,63,61,2,1,1
S01011333,All household spaces,458,386,72,46,26
S01011333,Whole house or bungalow: Total,193,182,11,7,4
S01011333,Whole house or bungalow: Detached,168,158,10,7,3
S01011333,Whole house or bungalow: Semi-detached,16,15,1,0,1
S01011333,Whole house or bungalow: Terraced (including end-terrace),9,9,0,0,0
S01011333,Flat maisonette or apartment or mobile/temporary accommodation,265,204,61,39,22
S01011334,All household spaces,323,297,26,11,15
S01011334,Whole house or bungalow: Total,267,244,23,11,12
S01011334,Whole house or bungalow: Detached,201,182,19,8,11
S01011334,Whole house or bungalow: Semi-detached,47,46,1,1,0
S01011334,Whole house or bungalow: Terraced (including end-terrace),19,16,3,2,1
S01011334,Flat maisonette or apartment or mobile/temporary accommodation,56,53,3,0,3
S01011335,All household spaces,507,438,69,45,24
S01011335,Whole house or bungalow: Total,248,237,11,6,5
S01011335,Whole house or bungalow: Detached,215,205,10,6,4
S01011335,Whole house or bungalow: Semi-detached,24,23,1,0,1
S01011335,Whole house or bungalow: Terraced (including end-terrace),9,9,0,0,0
S01011335,Flat maisonette or apartment or mobile/temporary accommodation,259,201,58,39,19
S01011336,All household spaces,277,266,11,1,10
S01011336,Whole house or bungalow: Total,201,195,6,0,6
S01011336,Whole house or bungalow: Detached,41,40,1,0,1
S01011336,Whole house or bungalow: Semi-detached,83,79,4,0,4
S01011336,Whole house or bungalow: Terraced (including end-terrace),77,76,1,0,1
S01011336,Flat maisonette or apartment or mobile/temporary accommodation,76,71,5,1,4
S01011337,All household spaces,319,287,32,25,7
S01011337,Whole house or bungalow: Total,228,214,14,7,7
S01011337,Whole house or bungalow: Detached,188,176,12,6,6
S01011337,Whole house or bungalow: Semi-detached,30,29,1,1,0
S01011337,Whole house or bungalow: Terraced (including end-terrace),10,9,1,0,1
S01011337,Flat maisonette or apartment or mobile/temporary accommodation,91,73,18,18,0
S01011338,All household spaces,275,270,5,0,5
S01011338,Whole house or bungalow: Total,260,256,4,0,4
S01011338,Whole house or bungalow: Detached,45,43,2,0,2
S01011338,Whole house or bungalow: Semi-detached,110,109,1,0,1
S01011338,Whole house or bungalow: Terraced (including end-terrace),105,104,1,0,1
S01011338,Flat maisonette or apartment or mobile/temporary accommodation,15,14,1,0,1
S01011339,All household spaces,222,219,3,0,3
S01011339,Whole house or bungalow: Total,216,215,1,0,1
S01011339,Whole house or bungalow: Detached,40,40,0,0,0
S01011339,Whole house or bungalow: Semi-detached,115,115,0,0,0
S01011339,Whole house or bungalow: Terraced (including end-terrace),61,60,1,0,1
S01011339,Flat maisonette or apartment or mobile/temporary accommodation,6,4,2,0,2
S01011340,All household spaces,295,290,5,0,5
S01011340,Whole house or bungalow: Total,282,277,5,0,5
S01011340,Whole house or bungalow: Detached,16,16,0,0,0
S01011340,Whole house or bungalow: Semi-detached,161,161,0,0,0
S01011340,Whole house or bungalow: Terraced (including end-terrace),105,100,5,0,5
S01011340,Flat maisonette or apartment or mobile/temporary accommodation,13,13,0,0,0
S01011341,All household spaces,362,346,16,0,16
S01011341,Whole house or bungalow: Total,220,214,6,0,6
S01011341,Whole house or bungalow: Detached,79,79,0,0,0
S01011341,Whole house or bungalow: Semi-detached,94,90,4,0,4
S01011341,Whole house or bungalow: Terraced (including end-terrace),47,45,2,0,2
S01011341,Flat maisonette or apartment or mobile/temporary accommodation,142,132,10,0,10
S01011342,All household spaces,345,325,20,2,18
S01011342,Whole house or bungalow: Total,212,200,12,2,10
S01011342,Whole house or bungalow: Detached,99,89,10,2,8
S01011342,Whole house or bungalow: Semi-detached,69,67,2,0,2
S01011342,Whole house or bungalow: Terraced (including end-terrace),44,44,0,0,0
S01011342,Flat maisonette or apartment or mobile/temporary accommodation,133,125,8,0,8
S01011343,All household spaces,458,434,24,1,23
S01011343,Whole house or bungalow: Total,253,245,8,0,8
S01011343,Whole house or bungalow: Detached,28,27,1,0,1
S01011343,Whole house or bungalow: Semi-detached,97,94,3,0,3
S01011343,Whole house or bungalow: Terraced (including end-terrace),128,124,4,0,4
S01011343,Flat maisonette or apartment or mobile/temporary accommodation,205,189,16,1,15
S01011344,All household spaces,407,401,6,0,6
S01011344,Whole house or bungalow: Total,376,373,3,0,3
S01011344,Whole house or bungalow: Detached,15,15,0,0,0
S01011344,Whole house or bungalow: Semi-detached,109,108,1,0,1
S01011344,Whole house or bungalow: Terraced (including end-terrace),252,250,2,0,2
S01011344,Flat maisonette or apartment or mobile/temporary accommodation,31,28,3,0,3
S01011345,All household spaces,360,357,3,1,2
S01011345,Whole house or bungalow: Total,339,336,3,1,2
S01011345,Whole house or bungalow: Detached,9,9,0,0,0
S01011345,Whole house or bungalow: Semi-detached,108,107,1,1,0
S01011345,Whole house or bungalow: Terraced (including end-terrace),222,220,2,0,2
S01011345,Flat maisonette or apartment or mobile/temporary accommodation,21,21,0,0,0
S01011346,All household spaces,327,325,2,0,2
S01011346,Whole house or bungalow: Total,287,285,2,0,2
S01011346,Whole house or bungalow: Detached,8,8,0,0,0
S01011346,Whole house or bungalow: Semi-detached,64,63,1,0,1
S01011346,Whole house or bungalow: Terraced (including end-terrace),215,214,1,0,1
S01011346,Flat maisonette or apartment or mobile/temporary accommodation,40,40,0,0,0
S01011347,All household spaces,568,547,21,1,20
S01011347,Whole house or bungalow: Total,241,236,5,1,4
S01011347,Whole house or bungalow: Detached,49,46,3,1,2
S01011347,Whole house or bungalow: Semi-detached,105,104,1,0,1
S01011347,Whole house or bungalow: Terraced (including end-terrace),87,86,1,0,1
S01011347,Flat maisonette or apartment or mobile/temporary accommodation,327,311,16,0,16
S01011348,All household spaces,432,424,8,1,7
S01011348,Whole house or bungalow: Total,404,397,7,0,7
S01011348,Whole house or bungalow: Detached,41,40,1,0,1
S01011348,Whole house or bungalow: Semi-detached,169,165,4,0,4
S01011348,Whole house or bungalow: Terraced (including end-terrace),194,192,2,0,2
S01011348,Flat maisonette or apartment or mobile/temporary accommodation,28,27,1,1,0
S01011349,All household spaces,371,367,4,2,2
S01011349,Whole house or bungalow: Total,329,327,2,1,1
S01011349,Whole house or bungalow: Detached,146,145,1,1,0
S01011349,Whole house or bungalow: Semi-detached,128,127,1,0,1
S01011349,Whole house or bungalow: Terraced (including end-terrace),55,55,0,0,0
S01011349,Flat maisonette or apartment or mobile/temporary accommodation,42,40,2,1,1
S01011350,All household spaces,285,275,10,0,10
S01011350,Whole house or bungalow: Total,267,259,8,0,8
S01011350,Whole house or bungalow: Detached,155,148,7,0,7
S01011350,Whole house or bungalow: Semi-detached,79,78,1,0,1
S01011350,Whole house or bungalow: Terraced (including end-terrace),33,33,0,0,0
S01011350,Flat maisonette or apartment or mobile/temporary accommodation,18,16,2,0,2
S01011351,All household spaces,365,353,12,5,7
S01011351,Whole house or bungalow: Total,221,219,2,0,2
S01011351,Whole house or bungalow: Detached,11,11,0,0,0
S01011351,Whole house or bungalow: Semi-detached,94,92,2,0,2
S01011351,Whole house or bungalow: Terraced (including end-terrace),116,116,0,0,0
S01011351,Flat maisonette or apartment or mobile/temporary accommodation,144,134,10,5,5
S01011352,All household spaces,349,328,21,2,19
S01011352,Whole house or bungalow: Total,185,183,2,1,1
S01011352,Whole house or bungalow: Detached,26,26,0,0,0
S01011352,Whole house or bungalow: Semi-detached,53,52,1,0,1
S01011352,Whole house or bungalow: Terraced (including end-terrace),106,105,1,1,0
S01011352,Flat maisonette or apartment or mobile/temporary accommodation,164,145,19,1,18
S01011353,All household spaces,279,274,5,1,4
S01011353,Whole house or bungalow: Total,243,238,5,1,4
S01011353,Whole house or bungalow: Detached,28,27,1,1,0
S01011353,Whole house or bungalow: Semi-detached,123,120,3,0,3
S01011353,Whole house or bungalow: Terraced (including end-terrace),92,91,1,0,1
S01011353,Flat maisonette or apartment or mobile/temporary accommodation,36,36,0,0,0
S01011354,All household spaces,319,313,6,1,5
S01011354,Whole house or bungalow: Total,313,307,6,1,5
S01011354,Whole house or bungalow: Detached,172,167,5,1,4
S01011354,Whole house or bungalow: Semi-detached,63,63,0,0,0
S01011354,Whole house or bungalow: Terraced (including end-terrace),78,77,1,0,1
S01011354,Flat maisonette or apartment or mobile/temporary accommodation,6,6,0,0,0
S01011355,All household spaces,444,433,11,0,11
S01011355,Whole house or bungalow: Total,358,351,7,0,7
S01011355,Whole house or bungalow: Detached,100,99,1,0,1
S01011355,Whole house or bungalow: Semi-detached,98,96,2,0,2
S01011355,Whole house or bungalow: Terraced (including end-terrace),160,156,4,0,4
S01011355,Flat maisonette or apartment or mobile/temporary accommodation,86,82,4,0,4
S01011356,All household spaces,414,392,22,15,7
S01011356,Whole house or bungalow: Total,359,349,10,5,5
S01011356,Whole house or bungalow: Detached,227,220,7,5,2
S01011356,Whole house or bungalow: Semi-detached,77,75,2,0,2
S01011356,Whole house or bungalow: Terraced (including end-terrace),55,54,1,0,1
S01011356,Flat maisonette or apartment or mobile/temporary accommodation,55,43,12,10,2
S01011357,All household spaces,360,354,6,0,6
S01011357,Whole house or bungalow: Total,286,282,4,0,4
S01011357,Whole house or bungalow: Detached,117,116,1,0,1
S01011357,Whole house or bungalow: Semi-detached,85,82,3,0,3
S01011357,Whole house or bungalow: Terraced (including end-terrace),84,84,0,0,0
S01011357,Flat maisonette or apartment or mobile/temporary accommodation,74,72,2,0,2
S01011358,All household spaces,186,186,0,0,0
S01011358,Whole house or bungalow: Total,184,184,0,0,0
S01011358,Whole house or bungalow: Detached,61,61,0,0,0
S01011358,Whole house or bungalow: Semi-detached,114,114,0,0,0
S01011358,Whole house or bungalow: Terraced (including end-terrace),9,9,0,0,0
S01011358,Flat maisonette or apartment or mobile/temporary accommodation,2,2,0,0,0
S01011359,All household spaces,376,368,8,0,8
S01011359,Whole house or bungalow: Total,196,191,5,0,5
S01011359,Whole house or bungalow: Detached,29,28,1,0,1
S01011359,Whole house or bungalow: Semi-detached,126,123,3,0,3
S01011359,Whole house or bungalow: Terraced (including end-terrace),41,40,1,0,1
S01011359,Flat maisonette or apartment or mobile/temporary accommodation,180,177,3,0,3
S01011360,All household spaces,364,354,10,0,10
S01011360,Whole house or bungalow: Total,144,144,0,0,0
S01011360,Whole house or bungalow: Detached,10,10,0,0,0
S01011360,Whole house or bungalow: Semi-detached,56,56,0,0,0
S01011360,Whole house or bungalow: Terraced (including end-terrace),78,78,0,0,0
S01011360,Flat maisonette or apartment or mobile/temporary accommodation,220,210,10,0,10
S01011361,All household spaces,382,343,39,0,39
S01011361,Whole house or bungalow: Total,16,16,0,0,0
S01011361,Whole house or bungalow: Detached,5,5,0,0,0
S01011361,Whole house or bungalow: Semi-detached,3,3,0,0,0
S01011361,Whole house or bungalow: Terraced (including end-terrace),8,8,0,0,0
S01011361,Flat maisonette or apartment or mobile/temporary accommodation,366,327,39,0,39
S01011362,All household spaces,202,199,3,0,3
S01011362,Whole house or bungalow: Total,196,193,3,0,3
S01011362,Whole house or bungalow: Detached,108,106,2,0,2
S01011362,Whole house or bungalow: Semi-detached,80,79,1,0,1
S01011362,Whole house or bungalow: Terraced (including end-terrace),8,8,0,0,0
S01011362,Flat maisonette or apartment or mobile/temporary accommodation,6,6,0,0,0
S01011363,All household spaces,435,429,6,1,5
S01011363,Whole house or bungalow: Total,256,253,3,0,3
S01011363,Whole house or bungalow: Detached,65,64,1,0,1
S01011363,Whole house or bungalow: Semi-detached,115,113,2,0,2
S01011363,Whole house or bungalow: Terraced (including end-terrace),76,76,0,0,0
S01011363,Flat maisonette or apartment or mobile/temporary accommodation,179,176,3,1,2
S01011364,All household spaces,275,272,3,1,2
S01011364,Whole house or bungalow: Total,256,254,2,1,1
S01011364,Whole house or bungalow: Detached,32,32,0,0,0
S01011364,Whole house or bungalow: Semi-detached,70,70,0,0,0
S01011364,Whole house or bungalow: Terraced (including end-terrace),154,152,2,1,1
S01011364,Flat maisonette or apartment or mobile/temporary accommodation,19,18,1,0,1
S01011365,All household spaces,208,207,1,0,1
S01011365,Whole house or bungalow: Total,191,190,1,0,1
S01011365,Whole house or bungalow: Detached,106,106,0,0,0
S01011365,Whole house or bungalow: Semi-detached,57,57,0,0,0
S01011365,Whole house or bungalow: Terraced (including end-terrace),28,27,1,0,1
S01011365,Flat maisonette or apartment or mobile/temporary accommodation,17,17,0,0,0
S01011366,All household spaces,241,238,3,0,3
S01011366,Whole house or bungalow: Total,145,143,2,0,2
S01011366,Whole house or bungalow: Detached,3,3,0,0,0
S01011366,Whole house or bungalow: Semi-detached,29,29,0,0,0
S01011366,Whole house or bungalow: Terraced (including end-terrace),113,111,2,0,2
S01011366,Flat maisonette or apartment or mobile/temporary accommodation,96,95,1,0,1
S01011367,All household spaces,406,400,6,0,6
S01011367,Whole house or bungalow: Total,326,323,3,0,3
S01011367,Whole house or bungalow: Detached,33,33,0,0,0
S01011367,Whole house or bungalow: Semi-detached,63,63,0,0,0
S01011367,Whole house or bungalow: Terraced (including end-terrace),230,227,3,0,3
S01011367,Flat maisonette or apartment or mobile/temporary accommodation,80,77,3,0,3
S01011368,All household spaces,295,291,4,0,4
S01011368,Whole house or bungalow: Total,238,236,2,0,2
S01011368,Whole house or bungalow: Detached,212,210,2,0,2
S01011368,Whole house or bungalow: Semi-detached,19,19,0,0,0
S01011368,Whole house or bungalow: Terraced (including end-terrace),7,7,0,0,0
S01011368,Flat maisonette or apartment or mobile/temporary accommodation,57,55,2,0,2
S01011369,All household spaces,396,380,16,0,16
S01011369,Whole house or bungalow: Total,271,265,6,0,6
S01011369,Whole house or bungalow: Detached,14,13,1,0,1
S01011369,Whole house or bungalow: Semi-detached,114,110,4,0,4
S01011369,Whole house or bungalow: Terraced (including end-terrace),143,142,1,0,1
S01011369,Flat maisonette or apartment or mobile/temporary accommodation,125,115,10,0,10
S01011370,All household spaces,310,307,3,0,3
S01011370,Whole house or bungalow: Total,261,258,3,0,3
S01011370,Whole house or bungalow: Detached,113,112,1,0,1
S01011370,Whole house or bungalow: Semi-detached,19,19,0,0,0
S01011370,Whole house or bungalow: Terraced (including end-terrace),129,127,2,0,2
S01011370,Flat maisonette or apartment or mobile/temporary accommodation,49,49,0,0,0
S01011371,All household spaces,514,503,11,0,11
S01011371,Whole house or bungalow: Total,186,184,2,0,2
S01011371,Whole house or bungalow: Detached,10,10,0,0,0
S01011371,Whole house or bungalow: Semi-detached,83,82,1,0,1
S01011371,Whole house or bungalow: Terraced (including end-terrace),93,92,1,0,1
S01011371,Flat maisonette or apartment or mobile/temporary accommodation,328,319,9,0,9
S01011372,All household spaces,432,411,21,0,21
S01011372,Whole house or bungalow: Total,67,67,0,0,0
S01011372,Whole house or bungalow: Detached,5,5,0,0,0
S01011372,Whole house or bungalow: Semi-detached,7,7,0,0,0
S01011372,Whole house or bungalow: Terraced (including end-terrace),55,55,0,0,0
S01011372,Flat maisonette or apartment or mobile/temporary accommodation,365,344,21,0,21
S01011373,All household spaces,355,350,5,0,5
S01011373,Whole house or bungalow: Total,62,61,1,0,1
S01011373,Whole house or bungalow: Detached,8,8,0,0,0
S01011373,Whole house or bungalow: Semi-detached,23,23,0,0,0
S01011373,Whole house or bungalow: Terraced (including end-terrace),31,30,1,0,1
S01011373,Flat maisonette or apartment or mobile/temporary accommodation,293,289,4,0,4
S01011374,All household spaces,277,276,1,0,1
S01011374,Whole house or bungalow: Total,223,222,1,0,1
S01011374,Whole house or bungalow: Detached,29,29,0,0,0
S01011374,Whole house or bungalow: Semi-detached,116,116,0,0,0
S01011374,Whole house or bungalow: Terraced (including end-terrace),78,77,1,0,1
S01011374,Flat maisonette or apartment or mobile/temporary accommodation,54,54,0,0,0
S01011375,All household spaces,296,295,1,0,1
S01011375,Whole house or bungalow: Total,113,113,0,0,0
S01011375,Whole house or bungalow: Detached,45,45,0,0,0
S01011375,Whole house or bungalow: Semi-detached,48,48,0,0,0
S01011375,Whole house or bungalow: Terraced (including end-terrace),20,20,0,0,0
S01011375,Flat maisonette or apartment or mobile/temporary accommodation,183,182,1,0,1
S01011376,All household spaces,328,326,2,0,2
S01011376,Whole house or bungalow: Total,12,12,0,0,0
S01011376,Whole house or bungalow: Detached,5,5,0,0,0
S01011376,Whole house or bungalow: Semi-detached,2,2,0,0,0
S01011376,Whole house or bungalow: Terraced (including end-terrace),5,5,0,0,0
S01011376,Flat maisonette or apartment or mobile/temporary accommodation,316,314,2,0,2
S01011377,All household spaces,268,262,6,0,6
S01011377,Whole house or bungalow: Total,205,200,5,0,5
S01011377,Whole house or bungalow: Detached,64,61,3,0,3
S01011377,Whole house or bungalow: Semi-detached,110,108,2,0,2
S01011377,Whole house or bungalow: Terraced (including end-terrace),31,31,0,0,0
S01011377,Flat maisonette or apartment or mobile/temporary accommodation,63,62,1,0,1
S01011378,All household spaces,368,362,6,0,6
S01011378,Whole house or bungalow: Total,277,271,6,0,6
S01011378,Whole house or bungalow: Detached,41,41,0,0,0
S01011378,Whole house or bungalow: Semi-detached,160,159,1,0,1
S01011378,Whole house or bungalow: Terraced (including end-terrace),76,71,5,0,5
S01011378,Flat maisonette or apartment or mobile/temporary accommodation,91,91,0,0,0
S01011379,All household spaces,347,342,5,1,4
S01011379,Whole house or bungalow: Total,307,303,4,1,3
S01011379,Whole house or bungalow: Detached,211,208,3,1,2
S01011379,Whole house or bungalow: Semi-detached,69,68,1,0,1
S01011379,Whole house or bungalow: Terraced (including end-terrace),27,27,0,0,0
S01011379,Flat maisonette or apartment or mobile/temporary accommodation,40,39,1,0,1
S01011380,All household spaces,362,357,5,1,4
S01011380,Whole house or bungalow: Total,147,145,2,0,2
S01011380,Whole house or bungalow: Detached,15,15,0,0,0
S01011380,Whole house or bungalow: Semi-detached,52,51,1,0,1
S01011380,Whole house or bungalow: Terraced (including end-terrace),80,79,1,0,1
S01011380,Flat maisonette or apartment or mobile/temporary accommodation,215,212,3,1,2
S01011381,All household spaces,314,302,12,1,11
S01011381,Whole house or bungalow: Total,159,153,6,1,5
S01011381,Whole house or bungalow: Detached,89,85,4,1,3
S01011381,Whole house or bungalow: Semi-detached,42,41,1,0,1
S01011381,Whole house or bungalow: Terraced (including end-terrace),28,27,1,0,1
S01011381,Flat maisonette or apartment or mobile/temporary accommodation,155,149,6,0,6
S01011382,All household spaces,290,286,4,0,4
S01011382,Whole house or bungalow: Total,96,93,3,0,3
S01011382,Whole house or bungalow: Detached,30,30,0,0,0
S01011382,Whole house or bungalow: Semi-detached,18,18,0,0,0
S01011382,Whole house or bungalow: Terraced (including end-terrace),48,45,3,0,3
S01011382,Flat maisonette or apartment or mobile/temporary accommodation,194,193,1,0,1
S01011383,All household spaces,400,394,6,0,6
S01011383,Whole house or bungalow: Total,165,165,0,0,0
S01011383,Whole house or bungalow: Detached,10,10,0,0,0
S01011383,Whole house or bungalow: Semi-detached,73,73,0,0,0
S01011383,Whole house or bungalow: Terraced (including end-terrace),82,82,0,0,0
S01011383,Flat maisonette or apartment or mobile/temporary accommodation,235,229,6,0,6
S01011384,All household spaces,340,328,12,0,12
S01011384,Whole house or bungalow: Total,185,180,5,0,5
S01011384,Whole house or bungalow: Detached,13,13,0,0,0
S01011384,Whole house or bungalow: Semi-detached,71,68,3,0,3
S01011384,Whole house or bungalow: Terraced (including end-terrace),101,99,2,0,2
S01011384,Flat maisonette or apartment or mobile/temporary accommodation,155,148,7,0,7
S01011385,All household spaces,463,441,22,0,22
S01011385,Whole house or bungalow: Total,167,161,6,0,6
S01011385,Whole house or bungalow: Detached,9,9,0,0,0
S01011385,Whole house or bungalow: Semi-detached,123,117,6,0,6
S01011385,Whole house or bungalow: Terraced (including end-terrace),35,35,0,0,0
S01011385,Flat maisonette or apartment or mobile/temporary accommodation,296,280,16,0,16
S01011386,All household spaces,213,208,5,1,4
S01011386,Whole house or bungalow: Total,169,166,3,0,3
S01011386,Whole house or bungalow: Detached,7,7,0,0,0
S01011386,Whole house or bungalow: Semi-detached,71,68,3,0,3
S01011386,Whole house or bungalow: Terraced (including end-terrace),91,91,0,0,0
S01011386,Flat maisonette or apartment or mobile/temporary accommodation,44,42,2,1,1
S01011387,All household spaces,401,366,35,0,35
S01011387,Whole house or bungalow: Total,216,213,3,0,3
S01011387,Whole house or bungalow: Detached,30,29,1,0,1
S01011387,Whole house or bungalow: Semi-detached,73,72,1,0,1
S01011387,Whole house or bungalow: Terraced (including end-terrace),113,112,1,0,1
S01011387,Flat maisonette or apartment or mobile/temporary accommodation,185,153,32,0,32
S01011388,All household spaces,445,435,10,1,9
S01011388,Whole house or bungalow: Total,328,324,4,1,3
S01011388,Whole house or bungalow: Detached,92,90,2,0,2
S01011388,Whole house or bungalow: Semi-detached,154,152,2,1,1
S01011388,Whole house or bungalow: Terraced (including end-terrace),82,82,0,0,0
S01011388,Flat maisonette or apartment or mobile/temporary accommodation,117,111,6,0,6
S01011389,All household spaces,437,415,22,0,22
S01011389,Whole house or bungalow: Total,159,152,7,0,7
S01011389,Whole house or bungalow: Detached,33,31,2,0,2
S01011389,Whole house or bungalow: Semi-detached,37,35,2,0,2
S01011389,Whole house or bungalow: Terraced (including end-terrace),89,86,3,0,3
S01011389,Flat maisonette or apartment or mobile/temporary accommodation,278,263,15,0,15
S01011390,All household spaces,344,342,2,0,2
S01011390,Whole house or bungalow: Total,288,288,0,0,0
S01011390,Whole house or bungalow: Detached,20,20,0,0,0
S01011390,Whole house or bungalow: Semi-detached,142,142,0,0,0
S01011390,Whole house or bungalow: Terraced (including end-terrace),126,126,0,0,0
S01011390,Flat maisonette or apartment or mobile/temporary accommodation,56,54,2,0,2
S01011391,All household spaces,257,254,3,0,3
S01011391,Whole house or bungalow: Total,245,243,2,0,2
S01011391,Whole house or bungalow: Detached,3,3,0,0,0
S01011391,Whole house or bungalow: Semi-detached,78,76,2,0,2
S01011391,Whole house or bungalow: Terraced (including end-terrace),164,164,0,0,0
S01011391,Flat maisonette or apartment or mobile/temporary accommodation,12,11,1,0,1
S01011392,All household spaces,291,287,4,0,4
S01011392,Whole house or bungalow: Total,218,216,2,0,2
S01011392,Whole house or bungalow: Detached,6,6,0,0,0
S01011392,Whole house or bungalow: Semi-detached,49,49,0,0,0
S01011392,Whole house or bungalow: Terraced (including end-terrace),163,161,2,0,2
S01011392,Flat maisonette or apartment or mobile/temporary accommodation,73,71,2,0,2
S01011393,All household spaces,381,374,7,0,7
S01011393,Whole house or bungalow: Total,270,268,2,0,2
S01011393,Whole house or bungalow: Detached,60,60,0,0,0
S01011393,Whole house or bungalow: Semi-detached,116,115,1,0,1
S01011393,Whole house or bungalow: Terraced (including end-terrace),94,93,1,0,1
S01011393,Flat maisonette or apartment or mobile/temporary accommodation,111,106,5,0,5
S01011394,All household spaces,218,212,6,0,6
S01011394,Whole house or bungalow: Total,180,175,5,0,5
S01011394,Whole house or bungalow: Detached,151,146,5,0,5
S01011394,Whole house or bungalow: Semi-detached,10,10,0,0,0
S01011394,Whole house or bungalow: Terraced (including end-terrace),19,19,0,0,0
S01011394,Flat maisonette or apartment or mobile/temporary accommodation,38,37,1,0,1
S01011395,All household spaces,423,409,14,0,14
S01011395,Whole house or bungalow: Total,165,162,3,0,3
S01011395,Whole house or bungalow: Detached,28,26,2,0,2
S01011395,Whole house or bungalow: Semi-detached,54,53,1,0,1
S01011395,Whole house or bungalow: Terraced (including end-terrace),83,83,0,0,0
S01011395,Flat maisonette or apartment or mobile/temporary accommodation,258,247,11,0,11
S01011396,All household spaces,420,402,18,0,18
S01011396,Whole house or bungalow: Total,206,200,6,0,6
S01011396,Whole house or bungalow: Detached,44,43,1,0,1
S01011396,Whole house or bungalow: Semi-detached,81,78,3,0,3
S01011396,Whole house or bungalow: Terraced (including end-terrace),81,79,2,0,2
S01011396,Flat maisonette or apartment or mobile/temporary accommodation,214,202,12,0,12
S01011397,All household spaces,368,364,4,0,4
S01011397,Whole house or bungalow: Total,190,188,2,0,2
S01011397,Whole house or bungalow: Detached,24,24,0,0,0
S01011397,Whole house or bungalow: Semi-detached,91,89,2,0,2
S01011397,Whole house or bungalow: Terraced (including end-terrace),75,75,0,0,0
S01011397,Flat maisonette or apartment or mobile/temporary accommodation,178,176,2,0,2
S01011398,All household spaces,324,322,2,0,2
S01011398,Whole house or bungalow: Total,224,223,1,0,1
S01011398,Whole house or bungalow: Detached,22,21,1,0,1
S01011398,Whole house or bungalow: Semi-detached,101,101,0,0,0
S01011398,Whole house or bungalow: Terraced (including end-terrace),101,101,0,0,0
S01011398,Flat maisonette or apartment or mobile/temporary accommodation,100,99,1,0,1
S01011399,All household spaces,244,240,4,0,4
S01011399,Whole house or bungalow: Total,123,122,1,0,1
S01011399,Whole house or bungalow: Detached,5,5,0,0,0
S01011399,Whole house or bungalow: Semi-detached,12,12,0,0,0
S01011399,Whole house or bungalow: Terraced (including end-terrace),106,105,1,0,1
S01011399,Flat maisonette or apartment or mobile/temporary accommodation,121,118,3,0,3
S01011400,All household spaces,372,357,15,0,15
S01011400,Whole house or bungalow: Total,154,151,3,0,3
S01011400,Whole house or bungalow: Detached,64,63,1,0,1
S01011400,Whole house or bungalow: Semi-detached,44,42,2,0,2
S01011400,Whole house or bungalow: Terraced (including end-terrace),46,46,0,0,0
S01011400,Flat maisonette or apartment or mobile/temporary accommodation,218,206,12,0,12
S01011401,All household spaces,291,287,4,1,3
S01011401,Whole house or bungalow: Total,219,217,2,0,2
S01011401,Whole house or bungalow: Detached,30,28,2,0,2
S01011401,Whole house or bungalow: Semi-detached,132,132,0,0,0
S01011401,Whole house or bungalow: Terraced (including end-terrace),57,57,0,0,0
S01011401,Flat maisonette or apartment or mobile/temporary accommodation,72,70,2,1,1
S01011402,All household spaces,511,492,19,0,19
S01011402,Whole house or bungalow: Total,286,278,8,0,8
S01011402,Whole house or bungalow: Detached,52,50,2,0,2
S01011402,Whole house or bungalow: Semi-detached,198,193,5,0,5
S01011402,Whole house or bungalow: Terraced (including end-terrace),36,35,1,0,1
S01011402,Flat maisonette or apartment or mobile/temporary accommodation,225,214,11,0,11
S01011403,All household spaces,214,208,6,1,5
S01011403,Whole house or bungalow: Total,164,159,5,1,4
S01011403,Whole house or bungalow: Detached,88,86,2,1,1
S01011403,Whole house or bungalow: Semi-detached,27,27,0,0,0
S01011403,Whole house or bungalow: Terraced (including end-terrace),49,46,3,0,3
S01011403,Flat maisonette or apartment or mobile/temporary accommodation,50,49,1,0,1
S01011404,All household spaces,505,468,37,0,37
S01011404,Whole house or bungalow: Total,255,230,25,0,25
S01011404,Whole house or bungalow: Detached,45,45,0,0,0
S01011404,Whole house or bungalow: Semi-detached,78,76,2,0,2
S01011404,Whole house or bungalow: Terraced (including end-terrace),132,109,23,0,23
S01011404,Flat maisonette or apartment or mobile/temporary accommodation,250,238,12,0,12
S01011405,All household spaces,310,298,12,0,12
S01011405,Whole house or bungalow: Total,206,202,4,0,4
S01011405,Whole house or bungalow: Detached,99,97,2,0,2
S01011405,Whole house or bungalow: Semi-detached,91,89,2,0,2
S01011405,Whole house or bungalow: Terraced (including end-terrace),16,16,0,0,0
S01011405,Flat maisonette or apartment or mobile/temporary accommodation,104,96,8,0,8
S01011406,All household spaces,293,287,6,0,6
S01011406,Whole house or bungalow: Total,277,273,4,0,4
S01011406,Whole house or bungalow: Detached,33,33,0,0,0
S01011406,Whole house or bungalow: Semi-detached,96,94,2,0,2
S01011406,Whole house or bungalow: Terraced (including end-terrace),148,146,2,0,2
S01011406,Flat maisonette or apartment or mobile/temporary accommodation,16,14,2,0,2
S01011407,All household spaces,519,506,13,0,13
S01011407,Whole house or bungalow: Total,466,456,10,0,10
S01011407,Whole house or bungalow: Detached,50,48,2,0,2
S01011407,Whole house or bungalow: Semi-detached,171,167,4,0,4
S01011407,Whole house or bungalow: Terraced (including end-terrace),245,241,4,0,4
S01011407,Flat maisonette or apartment or mobile/temporary accommodation,53,50,3,0,3
S01011408,All household spaces,378,369,9,1,8
S01011408,Whole house or bungalow: Total,348,340,8,1,7
S01011408,Whole house or bungalow: Detached,13,13,0,0,0
S01011408,Whole house or bungalow: Semi-detached,110,105,5,1,4
S01011408,Whole house or bungalow: Terraced (including end-terrace),225,222,3,0,3
S01011408,Flat maisonette or apartment or mobile/temporary accommodation,30,29,1,0,1
S01011409,All household spaces,372,362,10,0,10
S01011409,Whole house or bungalow: Total,266,263,3,0,3
S01011409,Whole house or bungalow: Detached,15,15,0,0,0
S01011409,Whole house or bungalow: Semi-detached,113,111,2,0,2
S01011409,Whole house or bungalow: Terraced (including end-terrace),138,137,1,0,1
S01011409,Flat maisonette or apartment or mobile/temporary accommodation,106,99,7,0,7
S01011410,All household spaces,319,316,3,0,3
S01011410,Whole house or bungalow: Total,271,268,3,0,3
S01011410,Whole house or bungalow: Detached,25,25,0,0,0
S01011410,Whole house or bungalow: Semi-detached,116,115,1,0,1
S01011410,Whole house or bungalow: Terraced (including end-terrace),130,128,2,0,2
S01011410,Flat maisonette or apartment or mobile/temporary accommodation,48,48,0,0,0
S01011411,All household spaces,291,285,6,0,6
S01011411,Whole house or bungalow: Total,276,270,6,0,6
S01011411,Whole house or bungalow: Detached,15,15,0,0,0
S01011411,Whole house or bungalow: Semi-detached,82,81,1,0,1
S01011411,Whole house or bungalow: Terraced (including end-terrace),179,174,5,0,5
S01011411,Flat maisonette or apartment or mobile/temporary accommodation,15,15,0,0,0
S01011412,All household spaces,363,357,6,0,6
S01011412,Whole house or bungalow: Total,356,350,6,0,6
S01011412,Whole house or bungalow: Detached,180,176,4,0,4
S01011412,Whole house or bungalow: Semi-detached,160,158,2,0,2
S01011412,Whole house or bungalow: Terraced (including end-terrace),16,16,0,0,0
S01011412,Flat maisonette or apartment or mobile/temporary accommodation,7,7,0,0,0
S01011413,All household spaces,226,218,8,0,8
S01011413,Whole house or bungalow: Total,212,204,8,0,8
S01011413,Whole house or bungalow: Detached,49,49,0,0,0
S01011413,Whole house or bungalow: Semi-detached,116,110,6,0,6
S01011413,Whole house or bungalow: Terraced (including end-terrace),47,45,2,0,2
S01011413,Flat maisonette or apartment or mobile/temporary accommodation,14,14,0,0,0
S01011414,All household spaces,384,377,7,0,7
S01011414,Whole house or bungalow: Total,325,319,6,0,6
S01011414,Whole house or bungalow: Detached,35,34,1,0,1
S01011414,Whole house or bungalow: Semi-detached,178,177,1,0,1
S01011414,Whole house or bungalow: Terraced (including end-terrace),112,108,4,0,4
S01011414,Flat maisonette or apartment or mobile/temporary accommodation,59,58,1,0,1
S01011415,All household spaces,417,408,9,0,9
S01011415,Whole house or bungalow: Total,303,297,6,0,6
S01011415,Whole house or bungalow: Detached,60,58,2,0,2
S01011415,Whole house or bungalow: Semi-detached,162,158,4,0,4
S01011415,Whole house or bungalow: Terraced (including end-terrace),81,81,0,0,0
S01011415,Flat maisonette or apartment or mobile/temporary accommodation,114,111,3,0,3
S01011416,All household spaces,242,240,2,0,2
S01011416,Whole house or bungalow: Total,236,234,2,0,2
S01011416,Whole house or bungalow: Detached,75,75,0,0,0
S01011416,Whole house or bungalow: Semi-detached,135,133,2,0,2
S01011416,Whole house or bungalow: Terraced (including end-terrace),26,26,0,0,0
S01011416,Flat maisonette or apartment or mobile/temporary accommodation,6,6,0,0,0
S01011417,All household spaces,388,374,14,1,13
S01011417,Whole house or bungalow: Total,302,292,10,0,10
S01011417,Whole house or bungalow: Detached,41,41,0,0,0
S01011417,Whole house or bungalow: Semi-detached,145,139,6,0,6
S01011417,Whole house or bungalow: Terraced (including end-terrace),116,112,4,0,4
S01011417,Flat maisonette or apartment or mobile/temporary accommodation,86,82,4,1,3
S01011418,All household spaces,273,264,9,0,9
S01011418,Whole house or bungalow: Total,138,135,3,0,3
S01011418,Whole house or bungalow: Detached,5,5,0,0,0
S01011418,Whole house or bungalow: Semi-detached,13,13,0,0,0
S01011418,Whole house or bungalow: Terraced (including end-terrace),120,117,3,0,3
S01011418,Flat maisonette or apartment or mobile/temporary accommodation,135,129,6,0,6
S01011419,All household spaces,259,253,6,0,6
S01011419,Whole house or bungalow: Total,221,217,4,0,4
S01011419,Whole house or bungalow: Detached,25,25,0,0,0
S01011419,Whole house or bungalow: Semi-detached,45,45,0,0,0
S01011419,Whole house or bungalow: Terraced (including end-terrace),151,147,4,0,4
S01011419,Flat maisonette or apartment or mobile/temporary accommodation,38,36,2,0,2
S01011420,All household spaces,282,250,32,0,32
S01011420,Whole house or bungalow: Total,154,153,1,0,1
S01011420,Whole house or bungalow: Detached,12,12,0,0,0
S01011420,Whole house or bungalow: Semi-detached,26,26,0,0,0
S01011420,Whole house or bungalow: Terraced (including end-terrace),116,115,1,0,1
S01011420,Flat maisonette or apartment or mobile/temporary accommodation,128,97,31,0,31
S01011421,All household spaces,250,233,17,0,17
S01011421,Whole house or bungalow: Total,229,214,15,0,15
S01011421,Whole house or bungalow: Detached,81,80,1,0,1
S01011421,Whole house or bungalow: Semi-detached,91,85,6,0,6
S01011421,Whole house or bungalow: Terraced (including end-terrace),57,49,8,0,8
S01011421,Flat maisonette or apartment or mobile/temporary accommodation,21,19,2,0,2
S01011422,All household spaces,266,264,2,0,2
S01011422,Whole house or bungalow: Total,212,211,1,0,1
S01011422,Whole house or bungalow: Detached,35,34,1,0,1
S01011422,Whole house or bungalow: Semi-detached,164,164,0,0,0
S01011422,Whole house or bungalow: Terraced (including end-terrace),13,13,0,0,0
S01011422,Flat maisonette or apartment or mobile/temporary accommodation,54,53,1,0,1
S01011423,All household spaces,222,221,1,0,1
S01011423,Whole house or bungalow: Total,84,83,1,0,1
S01011423,Whole house or bungalow: Detached,37,37,0,0,0
S01011423,Whole house or bungalow: Semi-detached,22,22,0,0,0
S01011423,Whole house or bungalow: Terraced (including end-terrace),25,24,1,0,1
S01011423,Flat maisonette or apartment or mobile/temporary accommodation,138,138,0,0,0
S01011424,All household spaces,239,237,2,0,2
S01011424,Whole house or bungalow: Total,177,176,1,0,1
S01011424,Whole house or bungalow: Detached,24,23,1,0,1
S01011424,Whole house or bungalow: Semi-detached,45,45,0,0,0
S01011424,Whole house or bungalow: Terraced (including end-terrace),108,108,0,0,0
S01011424,Flat maisonette or apartment or mobile/temporary accommodation,62,61,1,0,1
S01011425,All household spaces,350,348,2,0,2
S01011425,Whole house or bungalow: Total,275,273,2,0,2
S01011425,Whole house or bungalow: Detached,98,97,1,0,1
S01011425,Whole house or bungalow: Semi-detached,134,134,0,0,0
S01011425,Whole house or bungalow: Terraced (including end-terrace),43,42,1,0,1
S01011425,Flat maisonette or apartment or mobile/temporary accommodation,75,75,0,0,0
S01011426,All household spaces,372,356,16,0,16
S01011426,Whole house or bungalow: Total,344,329,15,0,15
S01011426,Whole house or bungalow: Detached,268,254,14,0,14
S01011426,Whole house or bungalow: Semi-detached,59,58,1,0,1
S01011426,Whole house or bungalow: Terraced (including end-terrace),17,17,0,0,0
S01011426,Flat maisonette or apartment or mobile/temporary accommodation,28,27,1,0,1
S01011427,All household spaces,315,303,12,0,12
S01011427,Whole house or bungalow: Total,165,160,5,0,5
S01011427,Whole house or bungalow: Detached,70,66,4,0,4
S01011427,Whole house or bungalow: Semi-detached,38,37,1,0,1
S01011427,Whole house or bungalow: Terraced (including end-terrace),57,57,0,0,0
S01011427,Flat maisonette or apartment or mobile/temporary accommodation,150,143,7,0,7
S01011428,All household spaces,249,243,6,0,6
S01011428,Whole house or bungalow: Total,157,155,2,0,2
S01011428,Whole house or bungalow: Detached,33,33,0,0,0
S01011428,Whole house or bungalow: Semi-detached,72,71,1,0,1
S01011428,Whole house or bungalow: Terraced (including end-terrace),52,51,1,0,1
S01011428,Flat maisonette or apartment or mobile/temporary accommodation,92,88,4,0,4
S01011429,All household spaces,247,240,7,0,7
S01011429,Whole house or bungalow: Total,243,236,7,0,7
S01011429,Whole house or bungalow: Detached,113,109,4,0,4
S01011429,Whole house or bungalow: Semi-detached,72,71,1,0,1
S01011429,Whole house or bungalow: Terraced (including end-terrace),58,56,2,0,2
S01011429,Flat maisonette or apartment or mobile/temporary accommodation,4,4,0,0,0
S01011430,All household spaces,385,368,17,0,17
S01011430,Whole house or bungalow: Total,301,288,13,0,13
S01011430,Whole house or bungalow: Detached,115,111,4,0,4
S01011430,Whole house or bungalow: Semi-detached,121,115,6,0,6
S01011430,Whole house or bungalow: Terraced (including end-terrace),65,62,3,0,3
S01011430,Flat maisonette or apartment or mobile/temporary accommodation,84,80,4,0,4
S01011431,All household spaces,528,506,22,1,21
S01011431,Whole house or bungalow: Total,324,317,7,1,6
S01011431,Whole house or bungalow: Detached,44,43,1,0,1
S01011431,Whole house or bungalow: Semi-detached,214,212,2,1,1
S01011431,Whole house or bungalow: Terraced (including end-terrace),66,62,4,0,4
S01011431,Flat maisonette or apartment or mobile/temporary accommodation,204,189,15,0,15
S01011432,All household spaces,475,467,8,0,8
S01011432,Whole house or bungalow: Total,397,390,7,0,7
S01011432,Whole house or bungalow: Detached,27,27,0,0,0
S01011432,Whole house or bungalow: Semi-detached,61,60,1,0,1
S01011432,Whole house or bungalow: Terraced (including end-terrace),309,303,6,0,6
S01011432,Flat maisonette or apartment or mobile/temporary accommodation,78,77,1,0,1
S01011433,All household spaces,377,369,8,0,8
S01011433,Whole house or bungalow: Total,350,342,8,0,8
S01011433,Whole house or bungalow: Detached,12,12,0,0,0
S01011433,Whole house or bungalow: Semi-detached,71,71,0,0,0
S01011433,Whole house or bungalow: Terraced (including end-terrace),267,259,8,0,8
S01011433,Flat maisonette or apartment or mobile/temporary accommodation,27,27,0,0,0
S01011434,All household spaces,256,250,6,0,6
S01011434,Whole house or bungalow: Total,202,199,3,0,3
S01011434,Whole house or bungalow: Detached,49,49,0,0,0
S01011434,Whole house or bungalow: Semi-detached,77,77,0,0,0
S01011434,Whole house or bungalow: Terraced (including end-terrace),76,73,3,0,3
S01011434,Flat maisonette or apartment or mobile/temporary accommodation,54,51,3,0,3
S01011435,All household spaces,387,374,13,0,13
S01011435,Whole house or bungalow: Total,308,300,8,0,8
S01011435,Whole house or bungalow: Detached,174,172,2,0,2
S01011435,Whole house or bungalow: Semi-detached,107,102,5,0,5
S01011435,Whole house or bungalow: Terraced (including end-terrace),27,26,1,0,1
S01011435,Flat maisonette or apartment or mobile/temporary accommodation,79,74,5,0,5
S01011436,All household spaces,377,370,7,0,7
S01011436,Whole house or bungalow: Total,254,249,5,0,5
S01011436,Whole house or bungalow: Detached,32,31,1,0,1
S01011436,Whole house or bungalow: Semi-detached,78,78,0,0,0
S01011436,Whole house or bungalow: Terraced (including end-terrace),144,140,4,0,4
S01011436,Flat maisonette or apartment or mobile/temporary accommodation,123,121,2,0,2
S01011437,All household spaces,364,354,10,0,10
S01011437,Whole house or bungalow: Total,245,241,4,0,4
S01011437,Whole house or bungalow: Detached,23,23,0,0,0
S01011437,Whole house or bungalow: Semi-detached,59,56,3,0,3
S01011437,Whole house or bungalow: Terraced (including end-terrace),163,162,1,0,1
S01011437,Flat maisonette or apartment or mobile/temporary accommodation,119,113,6,0,6
S01011438,All household spaces,246,241,5,0,5
S01011438,Whole house or bungalow: Total,117,115,2,0,2
S01011438,Whole house or bungalow: Detached,5,5,0,0,0
S01011438,Whole house or bungalow: Semi-detached,42,41,1,0,1
S01011438,Whole house or bungalow: Terraced (including end-terrace),70,69,1,0,1
S01011438,Flat maisonette or apartment or mobile/temporary accommodation,129,126,3,0,3
S01011439,All household spaces,413,396,17,0,17
S01011439,Whole house or bungalow: Total,407,390,17,0,17
S01011439,Whole house or bungalow: Detached,46,46,0,0,0
S01011439,Whole house or bungalow: Semi-detached,190,181,9,0,9
S01011439,Whole house or bungalow: Terraced (including end-terrace),171,163,8,0,8
S01011439,Flat maisonette or apartment or mobile/temporary accommodation,6,6,0,0,0
S01011440,All household spaces,282,276,6,0,6
S01011440,Whole house or bungalow: Total,227,222,5,0,5
S01011440,Whole house or bungalow: Detached,13,13,0,0,0
S01011440,Whole house or bungalow: Semi-detached,119,117,2,0,2
S01011440,Whole house or bungalow: Terraced (including end-terrace),95,92,3,0,3
S01011440,Flat maisonette or apartment or mobile/temporary accommodation,55,54,1,0,1
S01011441,All household spaces,352,343,9,1,8
S01011441,Whole house or bungalow: Total,215,209,6,1,5
S01011441,Whole house or bungalow: Detached,37,36,1,0,1
S01011441,Whole house or bungalow: Semi-detached,125,121,4,1,3
S01011441,Whole house or bungalow: Terraced (including end-terrace),53,52,1,0,1
S01011441,Flat maisonette or apartment or mobile/temporary accommodation,137,134,3,0,3
S01011442,All household spaces,350,327,23,0,23
S01011442,Whole house or bungalow: Total,247,241,6,0,6
S01011442,Whole house or bungalow: Detached,38,38,0,0,0
S01011442,Whole house or bungalow: Semi-detached,78,76,2,0,2
S01011442,Whole house or bungalow: Terraced (including end-terrace),131,127,4,0,4
S01011442,Flat maisonette or apartment or mobile/temporary accommodation,103,86,17,0,17
S01011443,All household spaces,297,288,9,0,9
S01011443,Whole house or bungalow: Total,242,235,7,0,7
S01011443,Whole house or bungalow: Detached,33,32,1,0,1
S01011443,Whole house or bungalow: Semi-detached,162,156,6,0,6
S01011443,Whole house or bungalow: Terraced (including end-terrace),47,47,0,0,0
S01011443,Flat maisonette or apartment or mobile/temporary accommodation,55,53,2,0,2
S01011444,All household spaces,335,334,1,0,1
S01011444,Whole house or bungalow: Total,145,144,1,0,1
S01011444,Whole house or bungalow: Detached,13,13,0,0,0
S01011444,Whole house or bungalow: Semi-detached,26,26,0,0,0
S01011444,Whole house or bungalow: Terraced (including end-terrace),106,105,1,0,1
S01011444,Flat maisonette or apartment or mobile/temporary accommodation,190,190,0,0,0
S01011445,All household spaces,268,251,17,0,17
S01011445,Whole house or bungalow: Total,149,140,9,0,9
S01011445,Whole house or bungalow: Detached,47,47,0,0,0
S01011445,Whole house or bungalow: Semi-detached,72,67,5,0,5
S01011445,Whole house or bungalow: Terraced (including end-terrace),30,26,4,0,4
S01011445,Flat maisonette or apartment or mobile/temporary accommodation,119,111,8,0,8
S01011446,All household spaces,240,231,9,0,9
S01011446,Whole house or bungalow: Total,158,150,8,0,8
S01011446,Whole house or bungalow: Detached,82,80,2,0,2
S01011446,Whole house or bungalow: Semi-detached,40,40,0,0,0
S01011446,Whole house or bungalow: Terraced (including end-terrace),36,30,6,0,6
S01011446,Flat maisonette or apartment or mobile/temporary accommodation,82,81,1,0,1
S01011447,All household spaces,375,369,6,0,6
S01011447,Whole house or bungalow: Total,358,352,6,0,6
S01011447,Whole house or bungalow: Detached,50,48,2,0,2
S01011447,Whole house or bungalow: Semi-detached,110,109,1,0,1
S01011447,Whole house or bungalow: Terraced (including end-terrace),198,195,3,0,3
S01011447,Flat maisonette or apartment or mobile/temporary accommodation,17,17,0,0,0
S01011448,All household spaces,386,377,9,0,9
S01011448,Whole house or bungalow: Total,323,318,5,0,5
S01011448,Whole house or bungalow: Detached,120,118,2,0,2
S01011448,Whole house or bungalow: Semi-detached,109,108,1,0,1
S01011448,Whole house or bungalow: Terraced (including end-terrace),94,92,2,0,2
S01011448,Flat maisonette or apartment or mobile/temporary accommodation,63,59,4,0,4
S01011449,All household spaces,284,276,8,0,8
S01011449,Whole house or bungalow: Total,154,148,6,0,6
S01011449,Whole house or bungalow: Detached,21,21,0,0,0
S01011449,Whole house or bungalow: Semi-detached,35,34,1,0,1
S01011449,Whole house or bungalow: Terraced (including end-terrace),98,93,5,0,5
S01011449,Flat maisonette or apartment or mobile/temporary accommodation,130,128,2,0,2
S01011450,All household spaces,247,239,8,0,8
S01011450,Whole house or bungalow: Total,217,209,8,0,8
S01011450,Whole house or bungalow: Detached,119,118,1,0,1
S01011450,Whole house or bungalow: Semi-detached,42,39,3,0,3
S01011450,Whole house or bungalow: Terraced (including end-terrace),56,52,4,0,4
S01011450,Flat maisonette or apartment or mobile/temporary accommodation,30,30,0,0,0
S01011451,All household spaces,220,212,8,2,6
S01011451,Whole house or bungalow: Total,212,206,6,0,6
S01011451,Whole house or bungalow: Detached,163,158,5,0,5
S01011451,Whole house or bungalow: Semi-detached,28,28,0,0,0
S01011451,Whole house or bungalow: Terraced (including end-terrace),21,20,1,0,1
S01011451,Flat maisonette or apartment or mobile/temporary accommodation,8,6,2,2,0
S01011452,All household spaces,427,412,15,0,15
S01011452,Whole house or bungalow: Total,310,297,13,0,13
S01011452,Whole house or bungalow: Detached,103,103,0,0,0
S01011452,Whole house or bungalow: Semi-detached,132,127,5,0,5
S01011452,Whole house or bungalow: Terraced (including end-terrace),75,67,8,0,8
S01011452,Flat maisonette or apartment or mobile/temporary accommodation,117,115,2,0,2
S01011453,All household spaces,312,301,11,1,10
S01011453,Whole house or bungalow: Total,207,203,4,1,3
S01011453,Whole house or bungalow: Detached,28,28,0,0,0
S01011453,Whole house or bungalow: Semi-detached,96,95,1,0,1
S01011453,Whole house or bungalow: Terraced (including end-terrace),83,80,3,1,2
S01011453,Flat maisonette or apartment or mobile/temporary accommodation,105,98,7,0,7
S01011454,All household spaces,363,351,12,0,12
S01011454,Whole house or bungalow: Total,314,305,9,0,9
S01011454,Whole house or bungalow: Detached,10,10,0,0,0
S01011454,Whole house or bungalow: Semi-detached,103,100,3,0,3
S01011454,Whole house or bungalow: Terraced (including end-terrace),201,195,6,0,6
S01011454,Flat maisonette or apartment or mobile/temporary accommodation,49,46,3,0,3
S01011455,All household spaces,337,329,8,0,8
S01011455,Whole house or bungalow: Total,240,234,6,0,6
S01011455,Whole house or bungalow: Detached,14,14,0,0,0
S01011455,Whole house or bungalow: Semi-detached,167,164,3,0,3
S01011455,Whole house or bungalow: Terraced (including end-terrace),59,56,3,0,3
S01011455,Flat maisonette or apartment or mobile/temporary accommodation,97,95,2,0,2
S01011456,All household spaces,364,356,8,0,8
S01011456,Whole house or bungalow: Total,353,345,8,0,8
S01011456,Whole house or bungalow: Detached,20,20,0,0,0
S01011456,Whole house or bungalow: Semi-detached,142,137,5,0,5
S01011456,Whole house or bungalow: Terraced (including end-terrace),191,188,3,0,3
S01011456,Flat maisonette or apartment or mobile/temporary accommodation,11,11,0,0,0
S01011457,All household spaces,389,382,7,0,7
S01011457,Whole house or bungalow: Total,364,357,7,0,7
S01011457,Whole house or bungalow: Detached,21,21,0,0,0
S01011457,Whole house or bungalow: Semi-detached,77,76,1,0,1
S01011457,Whole house or bungalow: Terraced (including end-terrace),266,260,6,0,6
S01011457,Flat maisonette or apartment or mobile/temporary accommodation,25,25,0,0,0
S01011458,All household spaces,375,374,1,0,1
S01011458,Whole house or bungalow: Total,355,354,1,0,1
S01011458,Whole house or bungalow: Detached,210,209,1,0,1
S01011458,Whole house or bungalow: Semi-detached,87,87,0,0,0
S01011458,Whole house or bungalow: Terraced (including end-terrace),58,58,0,0,0
S01011458,Flat maisonette or apartment or mobile/temporary accommodation,20,20,0,0,0
S01011459,All household spaces,438,420,18,0,18
S01011459,Whole house or bungalow: Total,309,298,11,0,11
S01011459,Whole house or bungalow: Detached,95,90,5,0,5
S01011459,Whole house or bungalow: Semi-detached,97,93,4,0,4
S01011459,Whole house or bungalow: Terraced (including end-terrace),117,115,2,0,2
S01011459,Flat maisonette or apartment or mobile/temporary accommodation,129,122,7,0,7
S01011460,All household spaces,298,292,6,0,6
S01011460,Whole house or bungalow: Total,242,238,4,0,4
S01011460,Whole house or bungalow: Detached,52,52,0,0,0
S01011460,Whole house or bungalow: Semi-detached,60,60,0,0,0
S01011460,Whole house or bungalow: Terraced (including end-terrace),130,126,4,0,4
S01011460,Flat maisonette or apartment or mobile/temporary accommodation,56,54,2,0,2
S01011461,All household spaces,348,332,16,0,16
S01011461,Whole house or bungalow: Total,219,212,7,0,7
S01011461,Whole house or bungalow: Detached,12,10,2,0,2
S01011461,Whole house or bungalow: Semi-detached,43,43,0,0,0
S01011461,Whole house or bungalow: Terraced (including end-terrace),164,159,5,0,5
S01011461,Flat maisonette or apartment or mobile/temporary accommodation,129,120,9,0,9
S01011462,All household spaces,414,404,10,1,9
S01011462,Whole house or bungalow: Total,316,311,5,0,5
S01011462,Whole house or bungalow: Detached,122,122,0,0,0
S01011462,Whole house or bungalow: Semi-detached,47,45,2,0,2
S01011462,Whole house or bungalow: Terraced (including end-terrace),147,144,3,0,3
S01011462,Flat maisonette or apartment or mobile/temporary accommodation,98,93,5,1,4
S01011463,All household spaces,325,307,18,0,18
S01011463,Whole house or bungalow: Total,243,236,7,0,7
S01011463,Whole house or bungalow: Detached,36,35,1,0,1
S01011463,Whole house or bungalow: Semi-detached,139,133,6,0,6
S01011463,Whole house or bungalow: Terraced (including end-terrace),68,68,0,0,0
S01011463,Flat maisonette or apartment or mobile/temporary accommodation,82,71,11,0,11
S01011464,All household spaces,232,223,9,0,9
S01011464,Whole house or bungalow: Total,135,135,0,0,0
S01011464,Whole house or bungalow: Detached,112,112,0,0,0
S01011464,Whole house or bungalow: Semi-detached,14,14,0,0,0
S01011464,Whole house or bungalow: Terraced (including end-terrace),9,9,0,0,0
S01011464,Flat maisonette or apartment or mobile/temporary accommodation,97,88,9,0,9
S01011465,All household spaces,227,223,4,0,4
S01011465,Whole house or bungalow: Total,104,103,1,0,1
S01011465,Whole house or bungalow: Detached,9,9,0,0,0
S01011465,Whole house or bungalow: Semi-detached,70,69,1,0,1
S01011465,Whole house or bungalow: Terraced (including end-terrace),25,25,0,0,0
S01011465,Flat maisonette or apartment or mobile/temporary accommodation,123,120,3,0,3
S01011466,All household spaces,340,316,24,0,24
S01011466,Whole house or bungalow: Total,118,114,4,0,4
S01011466,Whole house or bungalow: Detached,17,15,2,0,2
S01011466,Whole house or bungalow: Semi-detached,63,63,0,0,0
S01011466,Whole house or bungalow: Terraced (including end-terrace),38,36,2,0,2
S01011466,Flat maisonette or apartment or mobile/temporary accommodation,222,202,20,0,20
S01011467,All household spaces,239,231,8,0,8
S01011467,Whole house or bungalow: Total,172,170,2,0,2
S01011467,Whole house or bungalow: Detached,44,44,0,0,0
S01011467,Whole house or bungalow: Semi-detached,44,43,1,0,1
S01011467,Whole house or bungalow: Terraced (including end-terrace),84,83,1,0,1
S01011467,Flat maisonette or apartment or mobile/temporary accommodation,67,61,6,0,6
S01011468,All household spaces,315,310,5,0,5
S01011468,Whole house or bungalow: Total,273,270,3,0,3
S01011468,Whole house or bungalow: Detached,151,150,1,0,1
S01011468,Whole house or bungalow: Semi-detached,80,79,1,0,1
S01011468,Whole house or bungalow: Terraced (including end-terrace),42,41,1,0,1
S01011468,Flat maisonette or apartment or mobile/temporary accommodation,42,40,2,0,2
S01011469,All household spaces,328,318,10,0,10
S01011469,Whole house or bungalow: Total,243,236,7,0,7
S01011469,Whole house or bungalow: Detached,55,55,0,0,0
S01011469,Whole house or bungalow: Semi-detached,42,42,0,0,0
S01011469,Whole house or bungalow: Terraced (including end-terrace),146,139,7,0,7
S01011469,Flat maisonette or apartment or mobile/temporary accommodation,85,82,3,0,3
S01011470,All household spaces,515,491,24,0,24
S01011470,Whole house or bungalow: Total,330,328,2,0,2
S01011470,Whole house or bungalow: Detached,69,69,0,0,0
S01011470,Whole house or bungalow: Semi-detached,148,148,0,0,0
S01011470,Whole house or bungalow: Terraced (including end-terrace),113,111,2,0,2
S01011470,Flat maisonette or apartment or mobile/temporary accommodation,185,163,22,0,22
S01011471,All household spaces,476,455,21,0,21
S01011471,Whole house or bungalow: Total,249,241,8,0,8
S01011471,Whole house or bungalow: Detached,47,45,2,0,2
S01011471,Whole house or bungalow: Semi-detached,70,68,2,0,2
S01011471,Whole house or bungalow: Terraced (including end-terrace),132,128,4,0,4
S01011471,Flat maisonette or apartment or mobile/temporary accommodation,227,214,13,0,13
S01011472,All household spaces,562,535,27,1,26
S01011472,Whole house or bungalow: Total,173,170,3,1,2
S01011472,Whole house or bungalow: Detached,17,16,1,0,1
S01011472,Whole house or bungalow: Semi-detached,52,52,0,0,0
S01011472,Whole house or bungalow: Terraced (including end-terrace),104,102,2,1,1
S01011472,Flat maisonette or apartment or mobile/temporary accommodation,389,365,24,0,24
S01011473,All household spaces,441,431,10,0,10
S01011473,Whole house or bungalow: Total,81,79,2,0,2
S01011473,Whole house or bungalow: Detached,5,5,0,0,0
S01011473,Whole house or bungalow: Semi-detached,13,13,0,0,0
S01011473,Whole house or bungalow: Terraced (including end-terrace),63,61,2,0,2
S01011473,Flat maisonette or apartment or mobile/temporary accommodation,360,352,8,0,8
S01011474,All household spaces,503,481,22,0,22
S01011474,Whole house or bungalow: Total,55,54,1,0,1
S01011474,Whole house or bungalow: Detached,4,4,0,0,0
S01011474,Whole house or bungalow: Semi-detached,17,17,0,0,0
S01011474,Whole house or bungalow: Terraced (including end-terrace),34,33,1,0,1
S01011474,Flat maisonette or apartment or mobile/temporary accommodation,448,427,21,0,21
S01011475,All household spaces,409,391,18,0,18
S01011475,Whole house or bungalow: Total,40,40,0,0,0
S01011475,Whole house or bungalow: Detached,5,5,0,0,0
S01011475,Whole house or bungalow: Semi-detached,8,8,0,0,0
S01011475,Whole house or bungalow: Terraced (including end-terrace),27,27,0,0,0
S01011475,Flat maisonette or apartment or mobile/temporary accommodation,369,351,18,0,18
S01011476,All household spaces,199,198,1,0,1
S01011476,Whole house or bungalow: Total,193,192,1,0,1
S01011476,Whole house or bungalow: Detached,41,41,0,0,0
S01011476,Whole house or bungalow: Semi-detached,132,131,1,0,1
S01011476,Whole house or bungalow: Terraced (including end-terrace),20,20,0,0,0
S01011476,Flat maisonette or apartment or mobile/temporary accommodation,6,6,0,0,0
S01011477,All household spaces,335,335,0,0,0
S01011477,Whole house or bungalow: Total,327,327,0,0,0
S01011477,Whole house or bungalow: Detached,174,174,0,0,0
S01011477,Whole house or bungalow: Semi-detached,146,146,0,0,0
S01011477,Whole house or bungalow: Terraced (including end-terrace),7,7,0,0,0
S01011477,Flat maisonette or apartment or mobile/temporary accommodation,8,8,0,0,0
S01011478,All household spaces,458,442,16,1,15
S01011478,Whole house or bungalow: Total,317,310,7,1,6
S01011478,Whole house or bungalow: Detached,125,123,2,1,1
S01011478,Whole house or bungalow: Semi-detached,176,172,4,0,4
S01011478,Whole house or bungalow: Terraced (including end-terrace),16,15,1,0,1
S01011478,Flat maisonette or apartment or mobile/temporary accommodation,141,132,9,0,9
S01011479,All household spaces,396,380,16,0,16
S01011479,Whole house or bungalow: Total,214,212,2,0,2
S01011479,Whole house or bungalow: Detached,49,48,1,0,1
S01011479,Whole house or bungalow: Semi-detached,152,151,1,0,1
S01011479,Whole house or bungalow: Terraced (including end-terrace),13,13,0,0,0
S01011479,Flat maisonette or apartment or mobile/temporary accommodation,182,168,14,0,14
S01011480,All household spaces,473,467,6,0,6
S01011480,Whole house or bungalow: Total,279,277,2,0,2
S01011480,Whole house or bungalow: Detached,55,55,0,0,0
S01011480,Whole house or bungalow: Semi-detached,207,205,2,0,2
S01011480,Whole house or bungalow: Terraced (including end-terrace),17,17,0,0,0
S01011480,Flat maisonette or apartment or mobile/temporary accommodation,194,190,4,0,4
S01011481,All household spaces,346,336,10,0,10
S01011481,Whole house or bungalow: Total,253,246,7,0,7
S01011481,Whole house or bungalow: Detached,129,125,4,0,4
S01011481,Whole house or bungalow: Semi-detached,59,57,2,0,2
S01011481,Whole house or bungalow: Terraced (including end-terrace),65,64,1,0,1
S01011481,Flat maisonette or apartment or mobile/temporary accommodation,93,90,3,0,3
S01011482,All household spaces,437,424,13,0,13
S01011482,Whole house or bungalow: Total,233,227,6,0,6
S01011482,Whole house or bungalow: Detached,15,14,1,0,1
S01011482,Whole house or bungalow: Semi-detached,61,61,0,0,0
S01011482,Whole house or bungalow: Terraced (including end-terrace),157,152,5,0,5
S01011482,Flat maisonette or apartment or mobile/temporary accommodation,204,197,7,0,7
S01011483,All household spaces,221,221,0,0,0
S01011483,Whole house or bungalow: Total,195,195,0,0,0
S01011483,Whole house or bungalow: Detached,74,74,0,0,0
S01011483,Whole house or bungalow: Semi-detached,111,111,0,0,0
S01011483,Whole house or bungalow: Terraced (including end-terrace),10,10,0,0,0
S01011483,Flat maisonette or apartment or mobile/temporary accommodation,26,26,0,0,0
S01011484,All household spaces,387,381,6,0,6
S01011484,Whole house or bungalow: Total,225,223,2,0,2
S01011484,Whole house or bungalow: Detached,9,9,0,0,0
S01011484,Whole house or bungalow: Semi-detached,104,102,2,0,2
S01011484,Whole house or bungalow: Terraced (including end-terrace),112,112,0,0,0
S01011484,Flat maisonette or apartment or mobile/temporary accommodation,162,158,4,0,4
S01011485,All household spaces,378,371,7,0,7
S01011485,Whole house or bungalow: Total,351,344,7,0,7
S01011485,Whole house or bungalow: Detached,11,11,0,0,0
S01011485,Whole house or bungalow: Semi-detached,77,75,2,0,2
S01011485,Whole house or bungalow: Terraced (including end-terrace),263,258,5,0,5
S01011485,Flat maisonette or apartment or mobile/temporary accommodation,27,27,0,0,0
S01011486,All household spaces,238,235,3,0,3
S01011486,Whole house or bungalow: Total,176,175,1,0,1
S01011486,Whole house or bungalow: Detached,9,9,0,0,0
S01011486,Whole house or bungalow: Semi-detached,81,81,0,0,0
S01011486,Whole house or bungalow: Terraced (including end-terrace),86,85,1,0,1
S01011486,Flat maisonette or apartment or mobile/temporary accommodation,62,60,2,0,2
S01011487,All household spaces,434,429,5,0,5
S01011487,Whole house or bungalow: Total,354,349,5,0,5
S01011487,Whole house or bungalow: Detached,16,16,0,0,0
S01011487,Whole house or bungalow: Semi-detached,187,184,3,0,3
S01011487,Whole house or bungalow: Terraced (including end-terrace),151,149,2,0,2
S01011487,Flat maisonette or apartment or mobile/temporary accommodation,80,80,0,0,0
S01011488,All household spaces,294,284,10,0,10
S01011488,Whole house or bungalow: Total,209,204,5,0,5
S01011488,Whole house or bungalow: Detached,8,8,0,0,0
S01011488,Whole house or bungalow: Semi-detached,63,62,1,0,1
S01011488,Whole house or bungalow: Terraced (including end-terrace),138,134,4,0,4
S01011488,Flat maisonette or apartment or mobile/temporary accommodation,85,80,5,0,5
S01011489,All household spaces,266,260,6,0,6
S01011489,Whole house or bungalow: Total,235,230,5,0,5
S01011489,Whole house or bungalow: Detached,87,85,2,0,2
S01011489,Whole house or bungalow: Semi-detached,115,113,2,0,2
S01011489,Whole house or bungalow: Terraced (including end-terrace),33,32,1,0,1
S01011489,Flat maisonette or apartment or mobile/temporary accommodation,31,30,1,0,1
S01011490,All household spaces,487,473,14,0,14
S01011490,Whole house or bungalow: Total,240,234,6,0,6
S01011490,Whole house or bungalow: Detached,24,24,0,0,0
S01011490,Whole house or bungalow: Semi-detached,115,111,4,0,4
S01011490,Whole house or bungalow: Terraced (including end-terrace),101,99,2,0,2
S01011490,Flat maisonette or apartment or mobile/temporary accommodation,247,239,8,0,8
S01011491,All household spaces,273,262,11,0,11
S01011491,Whole house or bungalow: Total,100,97,3,0,3
S01011491,Whole house or bungalow: Detached,10,10,0,0,0
S01011491,Whole house or bungalow: Semi-detached,52,51,1,0,1
S01011491,Whole house or bungalow: Terraced (including end-terrace),38,36,2,0,2
S01011491,Flat maisonette or apartment or mobile/temporary accommodation,173,165,8,0,8
S01011492,All household spaces,429,395,34,0,34
S01011492,Whole house or bungalow: Total,81,81,0,0,0
S01011492,Whole house or bungalow: Detached,11,11,0,0,0
S01011492,Whole house or bungalow: Semi-detached,29,29,0,0,0
S01011492,Whole house or bungalow: Terraced (including end-terrace),41,41,0,0,0
S01011492,Flat maisonette or apartment or mobile/temporary accommodation,348,314,34,0,34
S01011493,All household spaces,173,170,3,0,3
S01011493,Whole house or bungalow: Total,172,169,3,0,3
S01011493,Whole house or bungalow: Detached,62,61,1,0,1
S01011493,Whole house or bungalow: Semi-detached,100,98,2,0,2
S01011493,Whole house or bungalow: Terraced (including end-terrace),10,10,0,0,0
S01011493,Flat maisonette or apartment or mobile/temporary accommodation,1,1,0,0,0
S01011494,All household spaces,336,332,4,0,4
S01011494,Whole house or bungalow: Total,200,197,3,0,3
S01011494,Whole house or bungalow: Detached,21,21,0,0,0
S01011494,Whole house or bungalow: Semi-detached,70,70,0,0,0
S01011494,Whole house or bungalow: Terraced (including end-terrace),109,106,3,0,3
S01011494,Flat maisonette or apartment or mobile/temporary accommodation,136,135,1,0,1
S01011495,All household spaces,375,369,6,0,6
S01011495,Whole house or bungalow: Total,238,234,4,0,4
S01011495,Whole house or bungalow: Detached,26,26,0,0,0
S01011495,Whole house or bungalow: Semi-detached,64,64,0,0,0
S01011495,Whole house or bungalow: Terraced (including end-terrace),148,144,4,0,4
S01011495,Flat maisonette or apartment or mobile/temporary accommodation,137,135,2,0,2
S01011496,All household spaces,310,308,2,0,2
S01011496,Whole house or bungalow: Total,119,119,0,0,0
S01011496,Whole house or bungalow: Detached,10,10,0,0,0
S01011496,Whole house or bungalow: Semi-detached,56,56,0,0,0
S01011496,Whole house or bungalow: Terraced (including end-terrace),53,53,0,0,0
S01011496,Flat maisonette or apartment or mobile/temporary accommodation,191,189,2,0,2
S01011497,All household spaces,263,256,7,0,7
S01011497,Whole house or bungalow: Total,188,186,2,0,2
S01011497,Whole house or bungalow: Detached,69,69,0,0,0
S01011497,Whole house or bungalow: Semi-detached,81,80,1,0,1
S01011497,Whole house or bungalow: Terraced (including end-terrace),38,37,1,0,1
S01011497,Flat maisonette or apartment or mobile/temporary accommodation,75,70,5,0,5
S01011498,All household spaces,230,230,0,0,0
S01011498,Whole house or bungalow: Total,218,218,0,0,0
S01011498,Whole house or bungalow: Detached,69,69,0,0,0
S01011498,Whole house or bungalow: Semi-detached,99,99,0,0,0
S01011498,Whole house or bungalow: Terraced (including end-terrace),50,50,0,0,0
S01011498,Flat maisonette or apartment or mobile/temporary accommodation,12,12,0,0,0
S01011499,All household spaces,383,370,13,0,13
S01011499,Whole house or bungalow: Total,252,248,4,0,4
S01011499,Whole house or bungalow: Detached,59,58,1,0,1
S01011499,Whole house or bungalow: Semi-detached,124,123,1,0,1
S01011499,Whole house or bungalow: Terraced (including end-terrace),69,67,2,0,2
S01011499,Flat maisonette or apartment or mobile/temporary accommodation,131,122,9,0,9
S01011500,All household spaces,224,219,5,0,5
S01011500,Whole house or bungalow: Total,178,177,1,0,1
S01011500,Whole house or bungalow: Detached,7,7,0,0,0
S01011500,Whole house or bungalow: Semi-detached,95,95,0,0,0
S01011500,Whole house or bungalow: Terraced (including end-terrace),76,75,1,0,1
S01011500,Flat maisonette or apartment or mobile/temporary accommodation,46,42,4,0,4
S01011501,All household spaces,341,325,16,0,16
S01011501,Whole house or bungalow: Total,160,155,5,0,5
S01011501,Whole house or bungalow: Detached,6,6,0,0,0
S01011501,Whole house or bungalow: Semi-detached,31,31,0,0,0
S01011501,Whole house or bungalow: Terraced (including end-terrace),123,118,5,0,5
S01011501,Flat maisonette or apartment or mobile/temporary accommodation,181,170,11,0,11
S01011502,All household spaces,308,305,3,0,3
S01011502,Whole house or bungalow: Total,300,297,3,0,3
S01011502,Whole house or bungalow: Detached,7,7,0,0,0
S01011502,Whole house or bungalow: Semi-detached,67,67,0,0,0
S01011502,Whole house or bungalow: Terraced (including end-terrace),226,223,3,0,3
S01011502,Flat maisonette or apartment or mobile/temporary accommodation,8,8,0,0,0
S01011503,All household spaces,254,253,1,0,1
S01011503,Whole house or bungalow: Total,221,220,1,0,1
S01011503,Whole house or bungalow: Detached,13,13,0,0,0
S01011503,Whole house or bungalow: Semi-detached,36,36,0,0,0
S01011503,Whole house or bungalow: Terraced (including end-terrace),172,171,1,0,1
S01011503,Flat maisonette or apartment or mobile/temporary accommodation,33,33,0,0,0
S01011504,All household spaces,241,237,4,0,4
S01011504,Whole house or bungalow: Total,184,181,3,0,3
S01011504,Whole house or bungalow: Detached,20,19,1,0,1
S01011504,Whole house or bungalow: Semi-detached,126,124,2,0,2
S01011504,Whole house or bungalow: Terraced (including end-terrace),38,38,0,0,0
S01011504,Flat maisonette or apartment or mobile/temporary accommodation,57,56,1,0,1
S01011505,All household spaces,327,322,5,0,5
S01011505,Whole house or bungalow: Total,70,70,0,0,0
S01011505,Whole house or bungalow: Detached,23,23,0,0,0
S01011505,Whole house or bungalow: Semi-detached,33,33,0,0,0
S01011505,Whole house or bungalow: Terraced (including end-terrace),14,14,0,0,0
S01011505,Flat maisonette or apartment or mobile/temporary accommodation,257,252,5,0,5
S01011506,All household spaces,241,237,4,0,4
S01011506,Whole house or bungalow: Total,203,201,2,0,2
S01011506,Whole house or bungalow: Detached,8,8,0,0,0
S01011506,Whole house or bungalow: Semi-detached,148,146,2,0,2
S01011506,Whole house or bungalow: Terraced (including end-terrace),47,47,0,0,0
S01011506,Flat maisonette or apartment or mobile/temporary accommodation,38,36,2,0,2
S01011507,All household spaces,296,293,3,1,2
S01011507,Whole house or bungalow: Total,255,252,3,1,2
S01011507,Whole house or bungalow: Detached,21,20,1,0,1
S01011507,Whole house or bungalow: Semi-detached,133,131,2,1,1
S01011507,Whole house or bungalow: Terraced (including end-terrace),101,101,0,0,0
S01011507,Flat maisonette or apartment or mobile/temporary accommodation,41,41,0,0,0
S01011508,All household spaces,485,468,17,0,17
S01011508,Whole house or bungalow: Total,250,247,3,0,3
S01011508,Whole house or bungalow: Detached,14,14,0,0,0
S01011508,Whole house or bungalow: Semi-detached,165,162,3,0,3
S01011508,Whole house or bungalow: Terraced (including end-terrace),71,71,0,0,0
S01011508,Flat maisonette or apartment or mobile/temporary accommodation,235,221,14,0,14
S01011509,All household spaces,248,247,1,0,1
S01011509,Whole house or bungalow: Total,220,220,0,0,0
S01011509,Whole house or bungalow: Detached,7,7,0,0,0
S01011509,Whole house or bungalow: Semi-detached,106,106,0,0,0
S01011509,Whole house or bungalow: Terraced (including end-terrace),107,107,0,0,0
S01011509,Flat maisonette or apartment or mobile/temporary accommodation,28,27,1,0,1
S01011510,All household spaces,440,435,5,0,5
S01011510,Whole house or bungalow: Total,299,297,2,0,2
S01011510,Whole house or bungalow: Detached,12,12,0,0,0
S01011510,Whole house or bungalow: Semi-detached,145,144,1,0,1
S01011510,Whole house or bungalow: Terraced (including end-terrace),142,141,1,0,1
S01011510,Flat maisonette or apartment or mobile/temporary accommodation,141,138,3,0,3
S01011511,All household spaces,267,255,12,0,12
S01011511,Whole house or bungalow: Total,126,124,2,0,2
S01011511,Whole house or bungalow: Detached,0,0,0,0,0
S01011511,Whole house or bungalow: Semi-detached,32,32,0,0,0
S01011511,Whole house or bungalow: Terraced (including end-terrace),94,92,2,0,2
S01011511,Flat maisonette or apartment or mobile/temporary accommodation,141,131,10,0,10
S01011512,All household spaces,501,482,19,0,19
S01011512,Whole house or bungalow: Total,238,234,4,0,4
S01011512,Whole house or bungalow: Detached,12,12,0,0,0
S01011512,Whole house or bungalow: Semi-detached,52,51,1,0,1
S01011512,Whole house or bungalow: Terraced (including end-terrace),174,171,3,0,3
S01011512,Flat maisonette or apartment or mobile/temporary accommodation,263,248,15,0,15
S01011513,All household spaces,376,358,18,0,18
S01011513,Whole house or bungalow: Total,153,149,4,0,4
S01011513,Whole house or bungalow: Detached,12,12,0,0,0
S01011513,Whole house or bungalow: Semi-detached,36,34,2,0,2
S01011513,Whole house or bungalow: Terraced (including end-terrace),105,103,2,0,2
S01011513,Flat maisonette or apartment or mobile/temporary accommodation,223,209,14,0,14
S01011514,All household spaces,344,337,7,0,7
S01011514,Whole house or bungalow: Total,300,295,5,0,5
S01011514,Whole house or bungalow: Detached,11,11,0,0,0
S01011514,Whole house or bungalow: Semi-detached,50,50,0,0,0
S01011514,Whole house or bungalow: Terraced (including end-terrace),239,234,5,0,5
S01011514,Flat maisonette or apartment or mobile/temporary accommodation,44,42,2,0,2
S01011515,All household spaces,290,280,10,0,10
S01011515,Whole house or bungalow: Total,180,177,3,0,3
S01011515,Whole house or bungalow: Detached,17,16,1,0,1
S01011515,Whole house or bungalow: Semi-detached,98,97,1,0,1
S01011515,Whole house or bungalow: Terraced (including end-terrace),65,64,1,0,1
S01011515,Flat maisonette or apartment or mobile/temporary accommodation,110,103,7,0,7
S01011516,All household spaces,369,358,11,1,10
S01011516,Whole house or bungalow: Total,319,315,4,0,4
S01011516,Whole house or bungalow: Detached,100,98,2,0,2
S01011516,Whole house or bungalow: Semi-detached,162,161,1,0,1
S01011516,Whole house or bungalow: Terraced (including end-terrace),57,56,1,0,1
S01011516,Flat maisonette or apartment or mobile/temporary accommodation,50,43,7,1,6
S01011517,All household spaces,226,225,1,0,1
S01011517,Whole house or bungalow: Total,221,220,1,0,1
S01011517,Whole house or bungalow: Detached,17,17,0,0,0
S01011517,Whole house or bungalow: Semi-detached,60,60,0,0,0
S01011517,Whole house or bungalow: Terraced (including end-terrace),144,143,1,0,1
S01011517,Flat maisonette or apartment or mobile/temporary accommodation,5,5,0,0,0
S01011518,All household spaces,307,302,5,0,5
S01011518,Whole house or bungalow: Total,234,232,2,0,2
S01011518,Whole house or bungalow: Detached,5,5,0,0,0
S01011518,Whole house or bungalow: Semi-detached,44,44,0,0,0
S01011518,Whole house or bungalow: Terraced (including end-terrace),185,183,2,0,2
S01011518,Flat maisonette or apartment or mobile/temporary accommodation,73,70,3,0,3
S01011519,All household spaces,315,310,5,0,5
S01011519,Whole house or bungalow: Total,307,302,5,0,5
S01011519,Whole house or bungalow: Detached,9,9,0,0,0
S01011519,Whole house or bungalow: Semi-detached,31,31,0,0,0
S01011519,Whole house or bungalow: Terraced (including end-terrace),267,262,5,0,5
S01011519,Flat maisonette or apartment or mobile/temporary accommodation,8,8,0,0,0
S01011520,All household spaces,280,273,7,0,7
S01011520,Whole house or bungalow: Total,201,198,3,0,3
S01011520,Whole house or bungalow: Detached,12,12,0,0,0
S01011520,Whole house or bungalow: Semi-detached,23,23,0,0,0
S01011520,Whole house or bungalow: Terraced (including end-terrace),166,163,3,0,3
S01011520,Flat maisonette or apartment or mobile/temporary accommodation,79,75,4,0,4
S01011521,All household spaces,467,441,26,0,26
S01011521,Whole house or bungalow: Total,169,164,5,0,5
S01011521,Whole house or bungalow: Detached,38,37,1,0,1
S01011521,Whole house or bungalow: Semi-detached,69,68,1,0,1
S01011521,Whole house or bungalow: Terraced (including end-terrace),62,59,3,0,3
S01011521,Flat maisonette or apartment or mobile/temporary accommodation,298,277,21,0,21
S01011522,All household spaces,470,463,7,0,7
S01011522,Whole house or bungalow: Total,100,100,0,0,0
S01011522,Whole house or bungalow: Detached,36,36,0,0,0
S01011522,Whole house or bungalow: Semi-detached,46,46,0,0,0
S01011522,Whole house or bungalow: Terraced (including end-terrace),18,18,0,0,0
S01011522,Flat maisonette or apartment or mobile/temporary accommodation,370,363,7,0,7
S01011523,All household spaces,376,340,36,0,36
S01011523,Whole house or bungalow: Total,231,230,1,0,1
S01011523,Whole house or bungalow: Detached,16,16,0,0,0
S01011523,Whole house or bungalow: Semi-detached,35,35,0,0,0
S01011523,Whole house or bungalow: Terraced (including end-terrace),180,179,1,0,1
S01011523,Flat maisonette or apartment or mobile/temporary accommodation,145,110,35,0,35
S01011524,All household spaces,400,396,4,0,4
S01011524,Whole house or bungalow: Total,291,291,0,0,0
S01011524,Whole house or bungalow: Detached,39,39,0,0,0
S01011524,Whole house or bungalow: Semi-detached,153,153,0,0,0
S01011524,Whole house or bungalow: Terraced (including end-terrace),99,99,0,0,0
S01011524,Flat maisonette or apartment or mobile/temporary accommodation,109,105,4,0,4
S01011525,All household spaces,349,348,1,0,1
S01011525,Whole house or bungalow: Total,311,311,0,0,0
S01011525,Whole house or bungalow: Detached,100,100,0,0,0
S01011525,Whole house or bungalow: Semi-detached,34,34,0,0,0
S01011525,Whole house or bungalow: Terraced (including end-terrace),177,177,0,0,0
S01011525,Flat maisonette or apartment or mobile/temporary accommodation,38,37,1,0,1
S01011526,All household spaces,425,422,3,0,3
S01011526,Whole house or bungalow: Total,352,351,1,0,1
S01011526,Whole house or bungalow: Detached,22,22,0,0,0
S01011526,Whole house or bungalow: Semi-detached,47,47,0,0,0
S01011526,Whole house or bungalow: Terraced (including end-terrace),283,282,1,0,1
S01011526,Flat maisonette or apartment or mobile/temporary accommodation,73,71,2,0,2
S01011527,All household spaces,293,290,3,0,3
S01011527,Whole house or bungalow: Total,270,267,3,0,3
S01011527,Whole house or bungalow: Detached,93,93,0,0,0
S01011527,Whole house or bungalow: Semi-detached,107,107,0,0,0
S01011527,Whole house or bungalow: Terraced (including end-terrace),70,67,3,0,3
S01011527,Flat maisonette or apartment or mobile/temporary accommodation,23,23,0,0,0
S01011528,All household spaces,516,495,21,0,21
S01011528,Whole house or bungalow: Total,278,268,10,0,10
S01011528,Whole house or bungalow: Detached,29,27,2,0,2
S01011528,Whole house or bungalow: Semi-detached,142,139,3,0,3
S01011528,Whole house or bungalow: Terraced (including end-terrace),107,102,5,0,5
S01011528,Flat maisonette or apartment or mobile/temporary accommodation,238,227,11,0,11
S01011529,All household spaces,303,291,12,0,12
S01011529,Whole house or bungalow: Total,94,88,6,0,6
S01011529,Whole house or bungalow: Detached,3,3,0,0,0
S01011529,Whole house or bungalow: Semi-detached,11,9,2,0,2
S01011529,Whole house or bungalow: Terraced (including end-terrace),80,76,4,0,4
S01011529,Flat maisonette or apartment or mobile/temporary accommodation,209,203,6,0,6
S01011530,All household spaces,473,468,5,0,5
S01011530,Whole house or bungalow: Total,267,264,3,0,3
S01011530,Whole house or bungalow: Detached,24,24,0,0,0
S01011530,Whole house or bungalow: Semi-detached,67,67,0,0,0
S01011530,Whole house or bungalow: Terraced (including end-terrace),176,173,3,0,3
S01011530,Flat maisonette or apartment or mobile/temporary accommodation,206,204,2,0,2
S01011531,All household spaces,483,473,10,0,10
S01011531,Whole house or bungalow: Total,382,374,8,0,8
S01011531,Whole house or bungalow: Detached,146,143,3,0,3
S01011531,Whole house or bungalow: Semi-detached,203,198,5,0,5
S01011531,Whole house or bungalow: Terraced (including end-terrace),33,33,0,0,0
S01011531,Flat maisonette or apartment or mobile/temporary accommodation,101,99,2,0,2
S01011532,All household spaces,238,237,1,0,1
S01011532,Whole house or bungalow: Total,210,209,1,0,1
S01011532,Whole house or bungalow: Detached,165,164,1,0,1
S01011532,Whole house or bungalow: Semi-detached,39,39,0,0,0
S01011532,Whole house or bungalow: Terraced (including end-terrace),6,6,0,0,0
S01011532,Flat maisonette or apartment or mobile/temporary accommodation,28,28,0,0,0
S01011533,All household spaces,323,315,8,0,8
S01011533,Whole house or bungalow: Total,91,91,0,0,0
S01011533,Whole house or bungalow: Detached,16,16,0,0,0
S01011533,Whole house or bungalow: Semi-detached,55,55,0,0,0
S01011533,Whole house or bungalow: Terraced (including end-terrace),20,20,0,0,0
S01011533,Flat maisonette or apartment or mobile/temporary accommodation,232,224,8,0,8
S01011534,All household spaces,344,341,3,0,3
S01011534,Whole house or bungalow: Total,275,273,2,0,2
S01011534,Whole house or bungalow: Detached,29,29,0,0,0
S01011534,Whole house or bungalow: Semi-detached,201,199,2,0,2
S01011534,Whole house or bungalow: Terraced (including end-terrace),45,45,0,0,0
S01011534,Flat maisonette or apartment or mobile/temporary accommodation,69,68,1,0,1
S01011535,All household spaces,473,467,6,0,6
S01011535,Whole house or bungalow: Total,246,244,2,0,2
S01011535,Whole house or bungalow: Detached,20,20,0,0,0
S01011535,Whole house or bungalow: Semi-detached,91,91,0,0,0
S01011535,Whole house or bungalow: Terraced (including end-terrace),135,133,2,0,2
S01011535,Flat maisonette or apartment or mobile/temporary accommodation,227,223,4,0,4
S01011536,All household spaces,269,269,0,0,0
S01011536,Whole house or bungalow: Total,228,228,0,0,0
S01011536,Whole house or bungalow: Detached,99,99,0,0,0
S01011536,Whole house or bungalow: Semi-detached,112,112,0,0,0
S01011536,Whole house or bungalow: Terraced (including end-terrace),17,17,0,0,0
S01011536,Flat maisonette or apartment or mobile/temporary accommodation,41,41,0,0,0
S01011537,All household spaces,253,252,1,0,1
S01011537,Whole house or bungalow: Total,193,192,1,0,1
S01011537,Whole house or bungalow: Detached,26,26,0,0,0
S01011537,Whole house or bungalow: Semi-detached,69,69,0,0,0
S01011537,Whole house or bungalow: Terraced (including end-terrace),98,97,1,0,1
S01011537,Flat maisonette or apartment or mobile/temporary accommodation,60,60,0,0,0
S01011538,All household spaces,262,259,3,0,3
S01011538,Whole house or bungalow: Total,255,252,3,0,3
S01011538,Whole house or bungalow: Detached,86,85,1,0,1
S01011538,Whole house or bungalow: Semi-detached,123,121,2,0,2
S01011538,Whole house or bungalow: Terraced (including end-terrace),46,46,0,0,0
S01011538,Flat maisonette or apartment or mobile/temporary accommodation,7,7,0,0,0
S01011539,All household spaces,315,312,3,0,3
S01011539,Whole house or bungalow: Total,195,193,2,0,2
S01011539,Whole house or bungalow: Detached,3,3,0,0,0
S01011539,Whole house or bungalow: Semi-detached,43,43,0,0,0
S01011539,Whole house or bungalow: Terraced (including end-terrace),149,147,2,0,2
S01011539,Flat maisonette or apartment or mobile/temporary accommodation,120,119,1,0,1
S01011540,All household spaces,435,431,4,0,4
S01011540,Whole house or bungalow: Total,389,385,4,0,4
S01011540,Whole house or bungalow: Detached,15,15,0,0,0
S01011540,Whole house or bungalow: Semi-detached,137,135,2,0,2
S01011540,Whole house or bungalow: Terraced (including end-terrace),237,235,2,0,2
S01011540,Flat maisonette or apartment or mobile/temporary accommodation,46,46,0,0,0
S01011541,All household spaces,383,382,1,0,1
S01011541,Whole house or bungalow: Total,372,371,1,0,1
S01011541,Whole house or bungalow: Detached,11,11,0,0,0
S01011541,Whole house or bungalow: Semi-detached,76,76,0,0,0
S01011541,Whole house or bungalow: Terraced (including end-terrace),285,284,1,0,1
S01011541,Flat maisonette or apartment or mobile/temporary accommodation,11,11,0,0,0
S01011542,All household spaces,381,374,7,1,6
S01011542,Whole house or bungalow: Total,373,366,7,1,6
S01011542,Whole house or bungalow: Detached,13,13,0,0,0
S01011542,Whole house or bungalow: Semi-detached,53,53,0,0,0
S01011542,Whole house or bungalow: Terraced (including end-terrace),307,300,7,1,6
S01011542,Flat maisonette or apartment or mobile/temporary accommodation,8,8,0,0,0
S01011543,All household spaces,326,325,1,0,1
S01011543,Whole house or bungalow: Total,317,316,1,0,1
S01011543,Whole house or bungalow: Detached,9,9,0,0,0
S01011543,Whole house or bungalow: Semi-detached,71,71,0,0,0
S01011543,Whole house or bungalow: Terraced (including end-terrace),237,236,1,0,1
S01011543,Flat maisonette or apartment or mobile/temporary accommodation,9,9,0,0,0
S01011544,All household spaces,296,295,1,1,0
S01011544,Whole house or bungalow: Total,285,284,1,1,0
S01011544,Whole house or bungalow: Detached,10,10,0,0,0
S01011544,Whole house or bungalow: Semi-detached,88,88,0,0,0
S01011544,Whole house or bungalow: Terraced (including end-terrace),187,186,1,1,0
S01011544,Flat maisonette or apartment or mobile/temporary accommodation,11,11,0,0,0
S01011545,All household spaces,255,252,3,0,3
S01011545,Whole house or bungalow: Total,244,241,3,0,3
S01011545,Whole house or bungalow: Detached,4,4,0,0,0
S01011545,Whole house or bungalow: Semi-detached,35,35,0,0,0
S01011545,Whole house or bungalow: Terraced (including end-terrace),205,202,3,0,3
S01011545,Flat maisonette or apartment or mobile/temporary accommodation,11,11,0,0,0
S01011546,All household spaces,238,236,2,0,2
S01011546,Whole house or bungalow: Total,231,229,2,0,2
S01011546,Whole house or bungalow: Detached,162,161,1,0,1
S01011546,Whole house or bungalow: Semi-detached,55,54,1,0,1
S01011546,Whole house or bungalow: Terraced (including end-terrace),14,14,0,0,0
S01011546,Flat maisonette or apartment or mobile/temporary accommodation,7,7,0,0,0
S01011547,All household spaces,218,216,2,0,2
S01011547,Whole house or bungalow: Total,215,213,2,0,2
S01011547,Whole house or bungalow: Detached,74,74,0,0,0
S01011547,Whole house or bungalow: Semi-detached,96,95,1,0,1
S01011547,Whole house or bungalow: Terraced (including end-terrace),45,44,1,0,1
S01011547,Flat maisonette or apartment or mobile/temporary accommodation,3,3,0,0,0
S01011548,All household spaces,332,331,1,0,1
S01011548,Whole house or bungalow: Total,290,289,1,0,1
S01011548,Whole house or bungalow: Detached,9,9,0,0,0
S01011548,Whole house or bungalow: Semi-detached,130,130,0,0,0
S01011548,Whole house or bungalow: Terraced (including end-terrace),151,150,1,0,1
S01011548,Flat maisonette or apartment or mobile/temporary accommodation,42,42,0,0,0
S01011549,All household spaces,319,318,1,0,1
S01011549,Whole house or bungalow: Total,313,312,1,0,1
S01011549,Whole house or bungalow: Detached,57,57,0,0,0
S01011549,Whole house or bungalow: Semi-detached,202,202,0,0,0
S01011549,Whole house or bungalow: Terraced (including end-terrace),54,53,1,0,1
S01011549,Flat maisonette or apartment or mobile/temporary accommodation,6,6,0,0,0
S01011550,All household spaces,277,277,0,0,0
S01011550,Whole house or bungalow: Total,265,265,0,0,0
S01011550,Whole house or bungalow: Detached,92,92,0,0,0
S01011550,Whole house or bungalow: Semi-detached,160,160,0,0,0
S01011550,Whole house or bungalow: Terraced (including end-terrace),13,13,0,0,0
S01011550,Flat maisonette or apartment or mobile/temporary accommodation,12,12,0,0,0
S01011551,All household spaces,244,227,17,0,17
S01011551,Whole house or bungalow: Total,207,203,4,0,4
S01011551,Whole house or bungalow: Detached,43,40,3,0,3
S01011551,Whole house or bungalow: Semi-detached,86,86,0,0,0
S01011551,Whole house or bungalow: Terraced (including end-terrace),78,77,1,0,1
S01011551,Flat maisonette or apartment or mobile/temporary accommodation,37,24,13,0,13
S01011552,All household spaces,271,269,2,0,2
S01011552,Whole house or bungalow: Total,265,263,2,0,2
S01011552,Whole house or bungalow: Detached,36,36,0,0,0
S01011552,Whole house or bungalow: Semi-detached,153,152,1,0,1
S01011552,Whole house or bungalow: Terraced (including end-terrace),76,75,1,0,1
S01011552,Flat maisonette or apartment or mobile/temporary accommodation,6,6,0,0,0
S01011553,All household spaces,272,267,5,0,5
S01011553,Whole house or bungalow: Total,255,250,5,0,5
S01011553,Whole house or bungalow: Detached,240,235,5,0,5
S01011553,Whole house or bungalow: Semi-detached,11,11,0,0,0
S01011553,Whole house or bungalow: Terraced (including end-terrace),4,4,0,0,0
S01011553,Flat maisonette or apartment or mobile/temporary accommodation,17,17,0,0,0
S01011554,All household spaces,372,372,0,0,0
S01011554,Whole house or bungalow: Total,299,299,0,0,0
S01011554,Whole house or bungalow: Detached,53,53,0,0,0
S01011554,Whole house or bungalow: Semi-detached,28,28,0,0,0
S01011554,Whole house or bungalow: Terraced (including end-terrace),218,218,0,0,0
S01011554,Flat maisonette or apartment or mobile/temporary accommodation,73,73,0,0,0
S01011555,All household spaces,238,236,2,0,2
S01011555,Whole house or bungalow: Total,34,34,0,0,0
S01011555,Whole house or bungalow: Detached,10,10,0,0,0
S01011555,Whole house or bungalow: Semi-detached,3,3,0,0,0
S01011555,Whole house or bungalow: Terraced (including end-terrace),21,21,0,0,0
S01011555,Flat maisonette or apartment or mobile/temporary accommodation,204,202,2,0,2
S01011556,All household spaces,253,251,2,0,2
S01011556,Whole house or bungalow: Total,36,36,0,0,0
S01011556,Whole house or bungalow: Detached,12,12,0,0,0
S01011556,Whole house or bungalow: Semi-detached,10,10,0,0,0
S01011556,Whole house or bungalow: Terraced (including end-terrace),14,14,0,0,0
S01011556,Flat maisonette or apartment or mobile/temporary accommodation,217,215,2,0,2
S01011557,All household spaces,303,303,0,0,0
S01011557,Whole house or bungalow: Total,293,293,0,0,0
S01011557,Whole house or bungalow: Detached,8,8,0,0,0
S01011557,Whole house or bungalow: Semi-detached,81,81,0,0,0
S01011557,Whole house or bungalow: Terraced (including end-terrace),204,204,0,0,0
S01011557,Flat maisonette or apartment or mobile/temporary accommodation,10,10,0,0,0
S01011558,All household spaces,246,242,4,0,4
S01011558,Whole house or bungalow: Total,195,194,1,0,1
S01011558,Whole house or bungalow: Detached,13,13,0,0,0
S01011558,Whole house or bungalow: Semi-detached,55,54,1,0,1
S01011558,Whole house or bungalow: Terraced (including end-terrace),127,127,0,0,0
S01011558,Flat maisonette or apartment or mobile/temporary accommodation,51,48,3,0,3
S01011559,All household spaces,247,246,1,0,1
S01011559,Whole house or bungalow: Total,163,162,1,0,1
S01011559,Whole house or bungalow: Detached,5,5,0,0,0
S01011559,Whole house or bungalow: Semi-detached,53,53,0,0,0
S01011559,Whole house or bungalow: Terraced (including end-terrace),105,104,1,0,1
S01011559,Flat maisonette or apartment or mobile/temporary accommodation,84,84,0,0,0
S01011560,All household spaces,321,318,3,0,3
S01011560,Whole house or bungalow: Total,239,237,2,0,2
S01011560,Whole house or bungalow: Detached,6,6,0,0,0
S01011560,Whole house or bungalow: Semi-detached,72,72,0,0,0
S01011560,Whole house or bungalow: Terraced (including end-terrace),161,159,2,0,2
S01011560,Flat maisonette or apartment or mobile/temporary accommodation,82,81,1,0,1
S01011561,All household spaces,302,302,0,0,0
S01011561,Whole house or bungalow: Total,231,231,0,0,0
S01011561,Whole house or bungalow: Detached,10,10,0,0,0
S01011561,Whole house or bungalow: Semi-detached,82,82,0,0,0
S01011561,Whole house or bungalow: Terraced (including end-terrace),139,139,0,0,0
S01011561,Flat maisonette or apartment or mobile/temporary accommodation,71,71,0,0,0
S01011562,All household spaces,274,270,4,0,4
S01011562,Whole house or bungalow: Total,222,220,2,0,2
S01011562,Whole house or bungalow: Detached,14,14,0,0,0
S01011562,Whole house or bungalow: Semi-detached,97,96,1,0,1
S01011562,Whole house or bungalow: Terraced (including end-terrace),111,110,1,0,1
S01011562,Flat maisonette or apartment or mobile/temporary accommodation,52,50,2,0,2
S01011563,All household spaces,292,287,5,0,5
S01011563,Whole house or bungalow: Total,219,215,4,0,4
S01011563,Whole house or bungalow: Detached,17,16,1,0,1
S01011563,Whole house or bungalow: Semi-detached,101,100,1,0,1
S01011563,Whole house or bungalow: Terraced (including end-terrace),101,99,2,0,2
S01011563,Flat maisonette or apartment or mobile/temporary accommodation,73,72,1,0,1
S01011564,All household spaces,416,410,6,0,6
S01011564,Whole house or bungalow: Total,387,381,6,0,6
S01011564,Whole house or bungalow: Detached,51,51,0,0,0
S01011564,Whole house or bungalow: Semi-detached,138,133,5,0,5
S01011564,Whole house or bungalow: Terraced (including end-terrace),198,197,1,0,1
S01011564,Flat maisonette or apartment or mobile/temporary accommodation,29,29,0,0,0
S01011565,All household spaces,368,365,3,0,3
S01011565,Whole house or bungalow: Total,344,341,3,0,3
S01011565,Whole house or bungalow: Detached,31,31,0,0,0
S01011565,Whole house or bungalow: Semi-detached,111,111,0,0,0
S01011565,Whole house or bungalow: Terraced (including end-terrace),202,199,3,0,3
S01011565,Flat maisonette or apartment or mobile/temporary accommodation,24,24,0,0,0
S01011566,All household spaces,382,374,8,0,8
S01011566,Whole house or bungalow: Total,214,211,3,0,3
S01011566,Whole house or bungalow: Detached,6,6,0,0,0
S01011566,Whole house or bungalow: Semi-detached,55,54,1,0,1
S01011566,Whole house or bungalow: Terraced (including end-terrace),153,151,2,0,2
S01011566,Flat maisonette or apartment or mobile/temporary accommodation,168,163,5,0,5
S01011567,All household spaces,457,454,3,0,3
S01011567,Whole house or bungalow: Total,393,390,3,0,3
S01011567,Whole house or bungalow: Detached,13,13,0,0,0
S01011567,Whole house or bungalow: Semi-detached,83,83,0,0,0
S01011567,Whole house or bungalow: Terraced (including end-terrace),297,294,3,0,3
S01011567,Flat maisonette or apartment or mobile/temporary accommodation,64,64,0,0,0
S01011568,All household spaces,322,320,2,0,2
S01011568,Whole house or bungalow: Total,310,308,2,0,2
S01011568,Whole house or bungalow: Detached,11,11,0,0,0
S01011568,Whole house or bungalow: Semi-detached,140,140,0,0,0
S01011568,Whole house or bungalow: Terraced (including end-terrace),159,157,2,0,2
S01011568,Flat maisonette or apartment or mobile/temporary accommodation,12,12,0,0,0
S01011569,All household spaces,420,414,6,0,6
S01011569,Whole house or bungalow: Total,262,261,1,0,1
S01011569,Whole house or bungalow: Detached,21,21,0,0,0
S01011569,Whole house or bungalow: Semi-detached,117,116,1,0,1
S01011569,Whole house or bungalow: Terraced (including end-terrace),124,124,0,0,0
S01011569,Flat maisonette or apartment or mobile/temporary accommodation,158,153,5,0,5
S01011570,All household spaces,338,329,9,1,8
S01011570,Whole house or bungalow: Total,61,61,0,0,0
S01011570,Whole house or bungalow: Detached,4,4,0,0,0
S01011570,Whole house or bungalow: Semi-detached,17,17,0,0,0
S01011570,Whole house or bungalow: Terraced (including end-terrace),40,40,0,0,0
S01011570,Flat maisonette or apartment or mobile/temporary accommodation,277,268,9,1,8
S01011571,All household spaces,403,389,14,1,13
S01011571,Whole house or bungalow: Total,28,28,0,0,0
S01011571,Whole house or bungalow: Detached,6,6,0,0,0
S01011571,Whole house or bungalow: Semi-detached,10,10,0,0,0
S01011571,Whole house or bungalow: Terraced (including end-terrace),12,12,0,0,0
S01011571,Flat maisonette or apartment or mobile/temporary accommodation,375,361,14,1,13
S01011572,All household spaces,299,294,5,0,5
S01011572,Whole house or bungalow: Total,77,75,2,0,2
S01011572,Whole house or bungalow: Detached,29,29,0,0,0
S01011572,Whole house or bungalow: Semi-detached,27,27,0,0,0
S01011572,Whole house or bungalow: Terraced (including end-terrace),21,19,2,0,2
S01011572,Flat maisonette or apartment or mobile/temporary accommodation,222,219,3,0,3
S01011573,All household spaces,483,474,9,0,9
S01011573,Whole house or bungalow: Total,260,256,4,0,4
S01011573,Whole house or bungalow: Detached,88,86,2,0,2
S01011573,Whole house or bungalow: Semi-detached,142,141,1,0,1
S01011573,Whole house or bungalow: Terraced (including end-terrace),30,29,1,0,1
S01011573,Flat maisonette or apartment or mobile/temporary accommodation,223,218,5,0,5
S01011574,All household spaces,296,296,0,0,0
S01011574,Whole house or bungalow: Total,281,281,0,0,0
S01011574,Whole house or bungalow: Detached,40,40,0,0,0
S01011574,Whole house or bungalow: Semi-detached,93,93,0,0,0
S01011574,Whole house or bungalow: Terraced (including end-terrace),148,148,0,0,0
S01011574,Flat maisonette or apartment or mobile/temporary accommodation,15,15,0,0,0
S01011575,All household spaces,233,229,4,0,4
S01011575,Whole house or bungalow: Total,200,197,3,0,3
S01011575,Whole house or bungalow: Detached,39,39,0,0,0
S01011575,Whole house or bungalow: Semi-detached,52,51,1,0,1
S01011575,Whole house or bungalow: Terraced (including end-terrace),109,107,2,0,2
S01011575,Flat maisonette or apartment or mobile/temporary accommodation,33,32,1,0,1
S01011576,All household spaces,378,374,4,0,4
S01011576,Whole house or bungalow: Total,121,119,2,0,2
S01011576,Whole house or bungalow: Detached,6,6,0,0,0
S01011576,Whole house or bungalow: Semi-detached,39,39,0,0,0
S01011576,Whole house or bungalow: Terraced (including end-terrace),76,74,2,0,2
S01011576,Flat maisonette or apartment or mobile/temporary accommodation,257,255,2,0,2
S01011577,All household spaces,335,328,7,0,7
S01011577,Whole house or bungalow: Total,144,141,3,0,3
S01011577,Whole house or bungalow: Detached,43,43,0,0,0
S01011577,Whole house or bungalow: Semi-detached,83,81,2,0,2
S01011577,Whole house or bungalow: Terraced (including end-terrace),18,17,1,0,1
S01011577,Flat maisonette or apartment or mobile/temporary accommodation,191,187,4,0,4
S01011578,All household spaces,360,355,5,0,5
S01011578,Whole house or bungalow: Total,121,119,2,0,2
S01011578,Whole house or bungalow: Detached,35,35,0,0,0
S01011578,Whole house or bungalow: Semi-detached,63,62,1,0,1
S01011578,Whole house or bungalow: Terraced (including end-terrace),23,22,1,0,1
S01011578,Flat maisonette or apartment or mobile/temporary accommodation,239,236,3,0,3
S01011579,All household spaces,419,413,6,0,6
S01011579,Whole house or bungalow: Total,386,380,6,0,6
S01011579,Whole house or bungalow: Detached,171,166,5,0,5
S01011579,Whole house or bungalow: Semi-detached,149,149,0,0,0
S01011579,Whole house or bungalow: Terraced (including end-terrace),66,65,1,0,1
S01011579,Flat maisonette or apartment or mobile/temporary accommodation,33,33,0,0,0
S01011580,All household spaces,340,311,29,0,29
S01011580,Whole house or bungalow: Total,134,120,14,0,14
S01011580,Whole house or bungalow: Detached,96,82,14,0,14
S01011580,Whole house or bungalow: Semi-detached,15,15,0,0,0
S01011580,Whole house or bungalow: Terraced (including end-terrace),23,23,0,0,0
S01011580,Flat maisonette or apartment or mobile/temporary accommodation,206,191,15,0,15
S01011581,All household spaces,486,463,23,0,23
S01011581,Whole house or bungalow: Total,80,79,1,0,1
S01011581,Whole house or bungalow: Detached,16,15,1,0,1
S01011581,Whole house or bungalow: Semi-detached,40,40,0,0,0
S01011581,Whole house or bungalow: Terraced (including end-terrace),24,24,0,0,0
S01011581,Flat maisonette or apartment or mobile/temporary accommodation,406,384,22,0,22
S01011582,All household spaces,484,477,7,0,7
S01011582,Whole house or bungalow: Total,285,279,6,0,6
S01011582,Whole house or bungalow: Detached,60,60,0,0,0
S01011582,Whole house or bungalow: Semi-detached,176,171,5,0,5
S01011582,Whole house or bungalow: Terraced (including end-terrace),49,48,1,0,1
S01011582,Flat maisonette or apartment or mobile/temporary accommodation,199,198,1,0,1
S01011583,All household spaces,346,332,14,0,14
S01011583,Whole house or bungalow: Total,106,105,1,0,1
S01011583,Whole house or bungalow: Detached,13,12,1,0,1
S01011583,Whole house or bungalow: Semi-detached,27,27,0,0,0
S01011583,Whole house or bungalow: Terraced (including end-terrace),66,66,0,0,0
S01011583,Flat maisonette or apartment or mobile/temporary accommodation,240,227,13,0,13
S01011584,All household spaces,327,325,2,0,2
S01011584,Whole house or bungalow: Total,172,170,2,0,2
S01011584,Whole house or bungalow: Detached,13,12,1,0,1
S01011584,Whole house or bungalow: Semi-detached,29,29,0,0,0
S01011584,Whole house or bungalow: Terraced (including end-terrace),130,129,1,0,1
S01011584,Flat maisonette or apartment or mobile/temporary accommodation,155,155,0,0,0
S01011585,All household spaces,342,336,6,1,5
S01011585,Whole house or bungalow: Total,113,112,1,0,1
S01011585,Whole house or bungalow: Detached,5,5,0,0,0
S01011585,Whole house or bungalow: Semi-detached,34,34,0,0,0
S01011585,Whole house or bungalow: Terraced (including end-terrace),74,73,1,0,1
S01011585,Flat maisonette or apartment or mobile/temporary accommodation,229,224,5,1,4
S01011586,All household spaces,241,239,2,0,2
S01011586,Whole house or bungalow: Total,78,77,1,0,1
S01011586,Whole house or bungalow: Detached,6,6,0,0,0
S01011586,Whole house or bungalow: Semi-detached,46,45,1,0,1
S01011586,Whole house or bungalow: Terraced (including end-terrace),26,26,0,0,0
S01011586,Flat maisonette or apartment or mobile/temporary accommodation,163,162,1,0,1
S01011587,All household spaces,239,236,3,0,3
S01011587,Whole house or bungalow: Total,88,87,1,0,1
S01011587,Whole house or bungalow: Detached,8,8,0,0,0
S01011587,Whole house or bungalow: Semi-detached,35,35,0,0,0
S01011587,Whole house or bungalow: Terraced (including end-terrace),45,44,1,0,1
S01011587,Flat maisonette or apartment or mobile/temporary accommodation,151,149,2,0,2
S01011588,All household spaces,305,302,3,0,3
S01011588,Whole house or bungalow: Total,245,242,3,0,3
S01011588,Whole house or bungalow: Detached,10,10,0,0,0
S01011588,Whole house or bungalow: Semi-detached,202,199,3,0,3
S01011588,Whole house or bungalow: Terraced (including end-terrace),33,33,0,0,0
S01011588,Flat maisonette or apartment or mobile/temporary accommodation,60,60,0,0,0
S01011589,All household spaces,351,347,4,0,4
S01011589,Whole house or bungalow: Total,303,300,3,0,3
S01011589,Whole house or bungalow: Detached,23,23,0,0,0
S01011589,Whole house or bungalow: Semi-detached,138,136,2,0,2
S01011589,Whole house or bungalow: Terraced (including end-terrace),142,141,1,0,1
S01011589,Flat maisonette or apartment or mobile/temporary accommodation,48,47,1,0,1
S01011590,All household spaces,289,287,2,0,2
S01011590,Whole house or bungalow: Total,252,250,2,0,2
S01011590,Whole house or bungalow: Detached,8,8,0,0,0
S01011590,Whole house or bungalow: Semi-detached,142,141,1,0,1
S01011590,Whole house or bungalow: Terraced (including end-terrace),102,101,1,0,1
S01011590,Flat maisonette or apartment or mobile/temporary accommodation,37,37,0,0,0
S01011591,All household spaces,269,268,1,0,1
S01011591,Whole house or bungalow: Total,176,175,1,0,1
S01011591,Whole house or bungalow: Detached,5,5,0,0,0
S01011591,Whole house or bungalow: Semi-detached,60,60,0,0,0
S01011591,Whole house or bungalow: Terraced (including end-terrace),111,110,1,0,1
S01011591,Flat maisonette or apartment or mobile/temporary accommodation,93,93,0,0,0
S01011592,All household spaces,356,353,3,0,3
S01011592,Whole house or bungalow: Total,31,31,0,0,0
S01011592,Whole house or bungalow: Detached,8,8,0,0,0
S01011592,Whole house or bungalow: Semi-detached,12,12,0,0,0
S01011592,Whole house or bungalow: Terraced (including end-terrace),11,11,0,0,0
S01011592,Flat maisonette or apartment or mobile/temporary accommodation,325,322,3,0,3
S01011593,All household spaces,325,325,0,0,0
S01011593,Whole house or bungalow: Total,142,142,0,0,0
S01011593,Whole house or bungalow: Detached,42,42,0,0,0
S01011593,Whole house or bungalow: Semi-detached,51,51,0,0,0
S01011593,Whole house or bungalow: Terraced (including end-terrace),49,49,0,0,0
S01011593,Flat maisonette or apartment or mobile/temporary accommodation,183,183,0,0,0
S01011594,All household spaces,225,221,4,1,3
S01011594,Whole house or bungalow: Total,66,65,1,0,1
S01011594,Whole house or bungalow: Detached,30,30,0,0,0
S01011594,Whole house or bungalow: Semi-detached,14,14,0,0,0
S01011594,Whole house or bungalow: Terraced (including end-terrace),22,21,1,0,1
S01011594,Flat maisonette or apartment or mobile/temporary accommodation,159,156,3,1,2
S01011595,All household spaces,312,301,11,0,11
S01011595,Whole house or bungalow: Total,112,112,0,0,0
S01011595,Whole house or bungalow: Detached,24,24,0,0,0
S01011595,Whole house or bungalow: Semi-detached,56,56,0,0,0
S01011595,Whole house or bungalow: Terraced (including end-terrace),32,32,0,0,0
S01011595,Flat maisonette or apartment or mobile/temporary accommodation,200,189,11,0,11
S01011596,All household spaces,494,489,5,0,5
S01011596,Whole house or bungalow: Total,165,165,0,0,0
S01011596,Whole house or bungalow: Detached,27,27,0,0,0
S01011596,Whole house or bungalow: Semi-detached,41,41,0,0,0
S01011596,Whole house or bungalow: Terraced (including end-terrace),97,97,0,0,0
S01011596,Flat maisonette or apartment or mobile/temporary accommodation,329,324,5,0,5
S01011597,All household spaces,272,268,4,0,4
S01011597,Whole house or bungalow: Total,134,132,2,0,2
S01011597,Whole house or bungalow: Detached,2,2,0,0,0
S01011597,Whole house or bungalow: Semi-detached,67,66,1,0,1
S01011597,Whole house or bungalow: Terraced (including end-terrace),65,64,1,0,1
S01011597,Flat maisonette or apartment or mobile/temporary accommodation,138,136,2,0,2
S01011598,All household spaces,565,544,21,0,21
S01011598,Whole house or bungalow: Total,21,21,0,0,0
S01011598,Whole house or bungalow: Detached,5,5,0,0,0
S01011598,Whole house or bungalow: Semi-detached,5,5,0,0,0
S01011598,Whole house or bungalow: Terraced (including end-terrace),11,11,0,0,0
S01011598,Flat maisonette or apartment or mobile/temporary accommodation,544,523,21,0,21
S01011599,All household spaces,366,362,4,0,4
S01011599,Whole house or bungalow: Total,102,102,0,0,0
S01011599,Whole house or bungalow: Detached,5,5,0,0,0
S01011599,Whole house or bungalow: Semi-detached,65,65,0,0,0
S01011599,Whole house or bungalow: Terraced (including end-terrace),32,32,0,0,0
S01011599,Flat maisonette or apartment or mobile/temporary accommodation,264,260,4,0,4
S01011600,All household spaces,403,392,11,0,11
S01011600,Whole house or bungalow: Total,112,112,0,0,0
S01011600,Whole house or bungalow: Detached,6,6,0,0,0
S01011600,Whole house or bungalow: Semi-detached,48,48,0,0,0
S01011600,Whole house or bungalow: Terraced (including end-terrace),58,58,0,0,0
S01011600,Flat maisonette or apartment or mobile/temporary accommodation,291,280,11,0,11
S01011601,All household spaces,316,316,0,0,0
S01011601,Whole house or bungalow: Total,298,298,0,0,0
S01011601,Whole house or bungalow: Detached,67,67,0,0,0
S01011601,Whole house or bungalow: Semi-detached,191,191,0,0,0
S01011601,Whole house or bungalow: Terraced (including end-terrace),40,40,0,0,0
S01011601,Flat maisonette or apartment or mobile/temporary accommodation,18,18,0,0,0
S01011602,All household spaces,275,266,9,0,9
S01011602,Whole house or bungalow: Total,169,164,5,0,5
S01011602,Whole house or bungalow: Detached,9,9,0,0,0
S01011602,Whole house or bungalow: Semi-detached,40,35,5,0,5
S01011602,Whole house or bungalow: Terraced (including end-terrace),120,120,0,0,0
S01011602,Flat maisonette or apartment or mobile/temporary accommodation,106,102,4,0,4
S01011603,All household spaces,453,443,10,0,10
S01011603,Whole house or bungalow: Total,141,139,2,0,2
S01011603,Whole house or bungalow: Detached,10,10,0,0,0
S01011603,Whole house or bungalow: Semi-detached,23,21,2,0,2
S01011603,Whole house or bungalow: Terraced (including end-terrace),108,108,0,0,0
S01011603,Flat maisonette or apartment or mobile/temporary accommodation,312,304,8,0,8
S01011604,All household spaces,306,293,13,0,13
S01011604,Whole house or bungalow: Total,202,198,4,0,4
S01011604,Whole house or bungalow: Detached,7,7,0,0,0
S01011604,Whole house or bungalow: Semi-detached,36,32,4,0,4
S01011604,Whole house or bungalow: Terraced (including end-terrace),159,159,0,0,0
S01011604,Flat maisonette or apartment or mobile/temporary accommodation,104,95,9,0,9
S01011605,All household spaces,381,376,5,0,5
S01011605,Whole house or bungalow: Total,333,328,5,0,5
S01011605,Whole house or bungalow: Detached,18,18,0,0,0
S01011605,Whole house or bungalow: Semi-detached,98,97,1,0,1
S01011605,Whole house or bungalow: Terraced (including end-terrace),217,213,4,0,4
S01011605,Flat maisonette or apartment or mobile/temporary accommodation,48,48,0,0,0
S01011606,All household spaces,347,342,5,0,5
S01011606,Whole house or bungalow: Total,332,327,5,0,5
S01011606,Whole house or bungalow: Detached,151,147,4,0,4
S01011606,Whole house or bungalow: Semi-detached,175,174,1,0,1
S01011606,Whole house or bungalow: Terraced (including end-terrace),6,6,0,0,0
S01011606,Flat maisonette or apartment or mobile/temporary accommodation,15,15,0,0,0
S01011607,All household spaces,236,231,5,0,5
S01011607,Whole house or bungalow: Total,188,186,2,0,2
S01011607,Whole house or bungalow: Detached,30,30,0,0,0
S01011607,Whole house or bungalow: Semi-detached,147,146,1,0,1
S01011607,Whole house or bungalow: Terraced (including end-terrace),11,10,1,0,1
S01011607,Flat maisonette or apartment or mobile/temporary accommodation,48,45,3,0,3
S01011608,All household spaces,365,360,5,0,5
S01011608,Whole house or bungalow: Total,306,301,5,0,5
S01011608,Whole house or bungalow: Detached,129,129,0,0,0
S01011608,Whole house or bungalow: Semi-detached,151,146,5,0,5
S01011608,Whole house or bungalow: Terraced (including end-terrace),26,26,0,0,0
S01011608,Flat maisonette or apartment or mobile/temporary accommodation,59,59,0,0,0
S01011609,All household spaces,479,479,0,0,0
S01011609,Whole house or bungalow: Total,124,124,0,0,0
S01011609,Whole house or bungalow: Detached,12,12,0,0,0
S01011609,Whole house or bungalow: Semi-detached,70,70,0,0,0
S01011609,Whole house or bungalow: Terraced (including end-terrace),42,42,0,0,0
S01011609,Flat maisonette or apartment or mobile/temporary accommodation,355,355,0,0,0
S01011610,All household spaces,379,362,17,0,17
S01011610,Whole house or bungalow: Total,247,235,12,0,12
S01011610,Whole house or bungalow: Detached,11,11,0,0,0
S01011610,Whole house or bungalow: Semi-detached,100,98,2,0,2
S01011610,Whole house or bungalow: Terraced (including end-terrace),136,126,10,0,10
S01011610,Flat maisonette or apartment or mobile/temporary accommodation,132,127,5,0,5
S01011611,All household spaces,264,258,6,0,6
S01011611,Whole house or bungalow: Total,236,230,6,0,6
S01011611,Whole house or bungalow: Detached,26,26,0,0,0
S01011611,Whole house or bungalow: Semi-detached,177,176,1,0,1
S01011611,Whole house or bungalow: Terraced (including end-terrace),33,28,5,0,5
S01011611,Flat maisonette or apartment or mobile/temporary accommodation,28,28,0,0,0
S01011612,All household spaces,212,211,1,0,1
S01011612,Whole house or bungalow: Total,210,209,1,0,1
S01011612,Whole house or bungalow: Detached,172,172,0,0,0
S01011612,Whole house or bungalow: Semi-detached,36,35,1,0,1
S01011612,Whole house or bungalow: Terraced (including end-terrace),2,2,0,0,0
S01011612,Flat maisonette or apartment or mobile/temporary accommodation,2,2,0,0,0
S01011613,All household spaces,378,374,4,0,4
S01011613,Whole house or bungalow: Total,357,355,2,0,2
S01011613,Whole house or bungalow: Detached,166,165,1,0,1
S01011613,Whole house or bungalow: Semi-detached,176,176,0,0,0
S01011613,Whole house or bungalow: Terraced (including end-terrace),15,14,1,0,1
S01011613,Flat maisonette or apartment or mobile/temporary accommodation,21,19,2,0,2
S01011614,All household spaces,186,183,3,0,3
S01011614,Whole house or bungalow: Total,160,158,2,0,2
S01011614,Whole house or bungalow: Detached,49,49,0,0,0
S01011614,Whole house or bungalow: Semi-detached,33,33,0,0,0
S01011614,Whole house or bungalow: Terraced (including end-terrace),78,76,2,0,2
S01011614,Flat maisonette or apartment or mobile/temporary accommodation,26,25,1,0,1
S01011615,All household spaces,308,296,12,0,12
S01011615,Whole house or bungalow: Total,135,133,2,0,2
S01011615,Whole house or bungalow: Detached,13,13,0,0,0
S01011615,Whole house or bungalow: Semi-detached,64,62,2,0,2
S01011615,Whole house or bungalow: Terraced (including end-terrace),58,58,0,0,0
S01011615,Flat maisonette or apartment or mobile/temporary accommodation,173,163,10,0,10
S01011616,All household spaces,218,211,7,0,7
S01011616,Whole house or bungalow: Total,132,128,4,0,4
S01011616,Whole house or bungalow: Detached,8,8,0,0,0
S01011616,Whole house or bungalow: Semi-detached,83,83,0,0,0
S01011616,Whole house or bungalow: Terraced (including end-terrace),41,37,4,0,4
S01011616,Flat maisonette or apartment or mobile/temporary accommodation,86,83,3,0,3
S01011617,All household spaces,391,388,3,0,3
S01011617,Whole house or bungalow: Total,337,335,2,0,2
S01011617,Whole house or bungalow: Detached,8,8,0,0,0
S01011617,Whole house or bungalow: Semi-detached,88,88,0,0,0
S01011617,Whole house or bungalow: Terraced (including end-terrace),241,239,2,0,2
S01011617,Flat maisonette or apartment or mobile/temporary accommodation,54,53,1,0,1
S01011618,All household spaces,278,277,1,0,1
S01011618,Whole house or bungalow: Total,205,204,1,0,1
S01011618,Whole house or bungalow: Detached,10,10,0,0,0
S01011618,Whole house or bungalow: Semi-detached,82,81,1,0,1
S01011618,Whole house or bungalow: Terraced (including end-terrace),113,113,0,0,0
S01011618,Flat maisonette or apartment or mobile/temporary accommodation,73,73,0,0,0
S01011619,All household spaces,413,406,7,0,7
S01011619,Whole house or bungalow: Total,371,365,6,0,6
S01011619,Whole house or bungalow: Detached,121,120,1,0,1
S01011619,Whole house or bungalow: Semi-detached,186,182,4,0,4
S01011619,Whole house or bungalow: Terraced (including end-terrace),64,63,1,0,1
S01011619,Flat maisonette or apartment or mobile/temporary accommodation,42,41,1,0,1
S01011620,All household spaces,402,394,8,0,8
S01011620,Whole house or bungalow: Total,400,392,8,0,8
S01011620,Whole house or bungalow: Detached,215,208,7,0,7
S01011620,Whole house or bungalow: Semi-detached,140,140,0,0,0
S01011620,Whole house or bungalow: Terraced (including end-terrace),45,44,1,0,1
S01011620,Flat maisonette or apartment or mobile/temporary accommodation,2,2,0,0,0
S01011621,All household spaces,296,286,10,0,10
S01011621,Whole house or bungalow: Total,248,240,8,0,8
S01011621,Whole house or bungalow: Detached,38,37,1,0,1
S01011621,Whole house or bungalow: Semi-detached,34,34,0,0,0
S01011621,Whole house or bungalow: Terraced (including end-terrace),176,169,7,0,7
S01011621,Flat maisonette or apartment or mobile/temporary accommodation,48,46,2,0,2
S01011622,All household spaces,234,230,4,0,4
S01011622,Whole house or bungalow: Total,228,224,4,0,4
S01011622,Whole house or bungalow: Detached,180,176,4,0,4
S01011622,Whole house or bungalow: Semi-detached,35,35,0,0,0
S01011622,Whole house or bungalow: Terraced (including end-terrace),13,13,0,0,0
S01011622,Flat maisonette or apartment or mobile/temporary accommodation,6,6,0,0,0
S01011623,All household spaces,320,314,6,0,6
S01011623,Whole house or bungalow: Total,197,194,3,0,3
S01011623,Whole house or bungalow: Detached,25,25,0,0,0
S01011623,Whole house or bungalow: Semi-detached,62,61,1,0,1
S01011623,Whole house or bungalow: Terraced (including end-terrace),110,108,2,0,2
S01011623,Flat maisonette or apartment or mobile/temporary accommodation,123,120,3,0,3
S01011624,All household spaces,303,294,9,0,9
S01011624,Whole house or bungalow: Total,209,204,5,0,5
S01011624,Whole house or bungalow: Detached,91,91,0,0,0
S01011624,Whole house or bungalow: Semi-detached,46,46,0,0,0
S01011624,Whole house or bungalow: Terraced (including end-terrace),72,67,5,0,5
S01011624,Flat maisonette or apartment or mobile/temporary accommodation,94,90,4,0,4
S01011625,All household spaces,243,240,3,0,3
S01011625,Whole house or bungalow: Total,206,203,3,0,3
S01011625,Whole house or bungalow: Detached,12,12,0,0,0
S01011625,Whole house or bungalow: Semi-detached,73,72,1,0,1
S01011625,Whole house or bungalow: Terraced (including end-terrace),121,119,2,0,2
S01011625,Flat maisonette or apartment or mobile/temporary accommodation,37,37,0,0,0
S01011626,All household spaces,293,289,4,0,4
S01011626,Whole house or bungalow: Total,247,245,2,0,2
S01011626,Whole house or bungalow: Detached,135,134,1,0,1
S01011626,Whole house or bungalow: Semi-detached,40,40,0,0,0
S01011626,Whole house or bungalow: Terraced (including end-terrace),72,71,1,0,1
S01011626,Flat maisonette or apartment or mobile/temporary accommodation,46,44,2,0,2
S01011627,All household spaces,263,260,3,0,3
S01011627,Whole house or bungalow: Total,228,225,3,0,3
S01011627,Whole house or bungalow: Detached,103,102,1,0,1
S01011627,Whole house or bungalow: Semi-detached,67,66,1,0,1
S01011627,Whole house or bungalow: Terraced (including end-terrace),58,57,1,0,1
S01011627,Flat maisonette or apartment or mobile/temporary accommodation,35,35,0,0,0
S01011628,All household spaces,416,410,6,0,6
S01011628,Whole house or bungalow: Total,402,396,6,0,6
S01011628,Whole house or bungalow: Detached,191,188,3,0,3
S01011628,Whole house or bungalow: Semi-detached,132,131,1,0,1
S01011628,Whole house or bungalow: Terraced (including end-terrace),79,77,2,0,2
S01011628,Flat maisonette or apartment or mobile/temporary accommodation,14,14,0,0,0
S01011629,All household spaces,244,240,4,0,4
S01011629,Whole house or bungalow: Total,241,237,4,0,4
S01011629,Whole house or bungalow: Detached,10,10,0,0,0
S01011629,Whole house or bungalow: Semi-detached,109,109,0,0,0
S01011629,Whole house or bungalow: Terraced (including end-terrace),122,118,4,0,4
S01011629,Flat maisonette or apartment or mobile/temporary accommodation,3,3,0,0,0
S01011630,All household spaces,260,255,5,0,5
S01011630,Whole house or bungalow: Total,256,251,5,0,5
S01011630,Whole house or bungalow: Detached,21,21,0,0,0
S01011630,Whole house or bungalow: Semi-detached,148,145,3,0,3
S01011630,Whole house or bungalow: Terraced (including end-terrace),87,85,2,0,2
S01011630,Flat maisonette or apartment or mobile/temporary accommodation,4,4,0,0,0
S01011631,All household spaces,253,245,8,0,8
S01011631,Whole house or bungalow: Total,241,233,8,0,8
S01011631,Whole house or bungalow: Detached,15,15,0,0,0
S01011631,Whole house or bungalow: Semi-detached,80,79,1,0,1
S01011631,Whole house or bungalow: Terraced (including end-terrace),146,139,7,0,7
S01011631,Flat maisonette or apartment or mobile/temporary accommodation,12,12,0,0,0
S01011632,All household spaces,323,315,8,0,8
S01011632,Whole house or bungalow: Total,306,299,7,0,7
S01011632,Whole house or bungalow: Detached,20,20,0,0,0
S01011632,Whole house or bungalow: Semi-detached,53,51,2,0,2
S01011632,Whole house or bungalow: Terraced (including end-terrace),233,228,5,0,5
S01011632,Flat maisonette or apartment or mobile/temporary accommodation,17,16,1,0,1
S01011633,All household spaces,332,321,11,0,11
S01011633,Whole house or bungalow: Total,213,210,3,0,3
S01011633,Whole house or bungalow: Detached,10,10,0,0,0
S01011633,Whole house or bungalow: Semi-detached,51,51,0,0,0
S01011633,Whole house or bungalow: Terraced (including end-terrace),152,149,3,0,3
S01011633,Flat maisonette or apartment or mobile/temporary accommodation,119,111,8,0,8
S01011634,All household spaces,251,235,16,1,15
S01011634,Whole house or bungalow: Total,195,192,3,0,3
S01011634,Whole house or bungalow: Detached,9,9,0,0,0
S01011634,Whole house or bungalow: Semi-detached,55,54,1,0,1
S01011634,Whole house or bungalow: Terraced (including end-terrace),131,129,2,0,2
S01011634,Flat maisonette or apartment or mobile/temporary accommodation,56,43,13,1,12
S01011635,All household spaces,284,274,10,0,10
S01011635,Whole house or bungalow: Total,222,219,3,0,3
S01011635,Whole house or bungalow: Detached,14,14,0,0,0
S01011635,Whole house or bungalow: Semi-detached,89,89,0,0,0
S01011635,Whole house or bungalow: Terraced (including end-terrace),119,116,3,0,3
S01011635,Flat maisonette or apartment or mobile/temporary accommodation,62,55,7,0,7
S01011636,All household spaces,291,283,8,0,8
S01011636,Whole house or bungalow: Total,96,96,0,0,0
S01011636,Whole house or bungalow: Detached,13,13,0,0,0
S01011636,Whole house or bungalow: Semi-detached,45,45,0,0,0
S01011636,Whole house or bungalow: Terraced (including end-terrace),38,38,0,0,0
S01011636,Flat maisonette or apartment or mobile/temporary accommodation,195,187,8,0,8
S01011637,All household spaces,308,299,9,0,9
S01011637,Whole house or bungalow: Total,97,95,2,0,2
S01011637,Whole house or bungalow: Detached,26,26,0,0,0
S01011637,Whole house or bungalow: Semi-detached,62,60,2,0,2
S01011637,Whole house or bungalow: Terraced (including end-terrace),9,9,0,0,0
S01011637,Flat maisonette or apartment or mobile/temporary accommodation,211,204,7,0,7
S01011638,All household spaces,270,260,10,1,9
S01011638,Whole house or bungalow: Total,96,94,2,0,2
S01011638,Whole house or bungalow: Detached,21,20,1,0,1
S01011638,Whole house or bungalow: Semi-detached,53,52,1,0,1
S01011638,Whole house or bungalow: Terraced (including end-terrace),22,22,0,0,0
S01011638,Flat maisonette or apartment or mobile/temporary accommodation,174,166,8,1,7
S01011639,All household spaces,252,250,2,0,2
S01011639,Whole house or bungalow: Total,48,47,1,0,1
S01011639,Whole house or bungalow: Detached,13,12,1,0,1
S01011639,Whole house or bungalow: Semi-detached,27,27,0,0,0
S01011639,Whole house or bungalow: Terraced (including end-terrace),8,8,0,0,0
S01011639,Flat maisonette or apartment or mobile/temporary accommodation,204,203,1,0,1
S01011640,All household spaces,264,259,5,0,5
S01011640,Whole house or bungalow: Total,155,155,0,0,0
S01011640,Whole house or bungalow: Detached,15,15,0,0,0
S01011640,Whole house or bungalow: Semi-detached,66,66,0,0,0
S01011640,Whole house or bungalow: Terraced (including end-terrace),74,74,0,0,0
S01011640,Flat maisonette or apartment or mobile/temporary accommodation,109,104,5,0,5
S01011641,All household spaces,197,195,2,0,2
S01011641,Whole house or bungalow: Total,194,192,2,0,2
S01011641,Whole house or bungalow: Detached,57,56,1,0,1
S01011641,Whole house or bungalow: Semi-detached,135,134,1,0,1
S01011641,Whole house or bungalow: Terraced (including end-terrace),2,2,0,0,0
S01011641,Flat maisonette or apartment or mobile/temporary accommodation,3,3,0,0,0
S01011642,All household spaces,361,352,9,0,9
S01011642,Whole house or bungalow: Total,248,240,8,0,8
S01011642,Whole house or bungalow: Detached,57,55,2,0,2
S01011642,Whole house or bungalow: Semi-detached,173,168,5,0,5
S01011642,Whole house or bungalow: Terraced (including end-terrace),18,17,1,0,1
S01011642,Flat maisonette or apartment or mobile/temporary accommodation,113,112,1,0,1
S01011643,All household spaces,245,238,7,0,7
S01011643,Whole house or bungalow: Total,145,141,4,0,4
S01011643,Whole house or bungalow: Detached,69,67,2,0,2
S01011643,Whole house or bungalow: Semi-detached,36,35,1,0,1
S01011643,Whole house or bungalow: Terraced (including end-terrace),40,39,1,0,1
S01011643,Flat maisonette or apartment or mobile/temporary accommodation,100,97,3,0,3
S01011644,All household spaces,345,339,6,0,6
S01011644,Whole house or bungalow: Total,252,249,3,0,3
S01011644,Whole house or bungalow: Detached,39,39,0,0,0
S01011644,Whole house or bungalow: Semi-detached,119,117,2,0,2
S01011644,Whole house or bungalow: Terraced (including end-terrace),94,93,1,0,1
S01011644,Flat maisonette or apartment or mobile/temporary accommodation,93,90,3,0,3
S01011645,All household spaces,261,257,4,0,4
S01011645,Whole house or bungalow: Total,169,165,4,0,4
S01011645,Whole house or bungalow: Detached,7,7,0,0,0
S01011645,Whole house or bungalow: Semi-detached,153,149,4,0,4
S01011645,Whole house or bungalow: Terraced (including end-terrace),9,9,0,0,0
S01011645,Flat maisonette or apartment or mobile/temporary accommodation,92,92,0,0,0
S01011646,All household spaces,262,262,0,0,0
S01011646,Whole house or bungalow: Total,255,255,0,0,0
S01011646,Whole house or bungalow: Detached,106,106,0,0,0
S01011646,Whole house or bungalow: Semi-detached,141,141,0,0,0
S01011646,Whole house or bungalow: Terraced (including end-terrace),8,8,0,0,0
S01011646,Flat maisonette or apartment or mobile/temporary accommodation,7,7,0,0,0
S01011647,All household spaces,331,330,1,0,1
S01011647,Whole house or bungalow: Total,305,304,1,0,1
S01011647,Whole house or bungalow: Detached,65,65,0,0,0
S01011647,Whole house or bungalow: Semi-detached,202,202,0,0,0
S01011647,Whole house or bungalow: Terraced (including end-terrace),38,37,1,0,1
S01011647,Flat maisonette or apartment or mobile/temporary accommodation,26,26,0,0,0
S01011648,All household spaces,290,276,14,1,13
S01011648,Whole house or bungalow: Total,170,168,2,0,2
S01011648,Whole house or bungalow: Detached,110,110,0,0,0
S01011648,Whole house or bungalow: Semi-detached,32,30,2,0,2
S01011648,Whole house or bungalow: Terraced (including end-terrace),28,28,0,0,0
S01011648,Flat maisonette or apartment or mobile/temporary accommodation,120,108,12,1,11
S01011649,All household spaces,251,243,8,1,7
S01011649,Whole house or bungalow: Total,108,107,1,1,0
S01011649,Whole house or bungalow: Detached,28,27,1,1,0
S01011649,Whole house or bungalow: Semi-detached,42,42,0,0,0
S01011649,Whole house or bungalow: Terraced (including end-terrace),38,38,0,0,0
S01011649,Flat maisonette or apartment or mobile/temporary accommodation,143,136,7,0,7
S01011650,All household spaces,308,308,0,0,0
S01011650,Whole house or bungalow: Total,239,239,0,0,0
S01011650,Whole house or bungalow: Detached,44,44,0,0,0
S01011650,Whole house or bungalow: Semi-detached,84,84,0,0,0
S01011650,Whole house or bungalow: Terraced (including end-terrace),111,111,0,0,0
S01011650,Flat maisonette or apartment or mobile/temporary accommodation,69,69,0,0,0
S01011651,All household spaces,450,446,4,1,3
S01011651,Whole house or bungalow: Total,189,186,3,0,3
S01011651,Whole house or bungalow: Detached,18,18,0,0,0
S01011651,Whole house or bungalow: Semi-detached,152,149,3,0,3
S01011651,Whole house or bungalow: Terraced (including end-terrace),19,19,0,0,0
S01011651,Flat maisonette or apartment or mobile/temporary accommodation,261,260,1,1,0
S01011652,All household spaces,317,311,6,1,5
S01011652,Whole house or bungalow: Total,273,267,6,1,5
S01011652,Whole house or bungalow: Detached,56,56,0,0,0
S01011652,Whole house or bungalow: Semi-detached,175,169,6,1,5
S01011652,Whole house or bungalow: Terraced (including end-terrace),42,42,0,0,0
S01011652,Flat maisonette or apartment or mobile/temporary accommodation,44,44,0,0,0
S01011653,All household spaces,344,340,4,0,4
S01011653,Whole house or bungalow: Total,227,225,2,0,2
S01011653,Whole house or bungalow: Detached,15,15,0,0,0
S01011653,Whole house or bungalow: Semi-detached,167,165,2,0,2
S01011653,Whole house or bungalow: Terraced (including end-terrace),45,45,0,0,0
S01011653,Flat maisonette or apartment or mobile/temporary accommodation,117,115,2,0,2
S01011654,All household spaces,540,521,19,0,19
S01011654,Whole house or bungalow: Total,174,170,4,0,4
S01011654,Whole house or bungalow: Detached,44,44,0,0,0
S01011654,Whole house or bungalow: Semi-detached,70,68,2,0,2
S01011654,Whole house or bungalow: Terraced (including end-terrace),60,58,2,0,2
S01011654,Flat maisonette or apartment or mobile/temporary accommodation,366,351,15,0,15
S01011655,All household spaces,484,471,13,0,13
S01011655,Whole house or bungalow: Total,109,106,3,0,3
S01011655,Whole house or bungalow: Detached,7,7,0,0,0
S01011655,Whole house or bungalow: Semi-detached,39,38,1,0,1
S01011655,Whole house or bungalow: Terraced (including end-terrace),63,61,2,0,2
S01011655,Flat maisonette or apartment or mobile/temporary accommodation,375,365,10,0,10
S01011656,All household spaces,288,287,1,0,1
S01011656,Whole house or bungalow: Total,88,88,0,0,0
S01011656,Whole house or bungalow: Detached,10,10,0,0,0
S01011656,Whole house or bungalow: Semi-detached,25,25,0,0,0
S01011656,Whole house or bungalow: Terraced (including end-terrace),53,53,0,0,0
S01011656,Flat maisonette or apartment or mobile/temporary accommodation,200,199,1,0,1
S01011657,All household spaces,284,281,3,0,3
S01011657,Whole house or bungalow: Total,55,55,0,0,0
S01011657,Whole house or bungalow: Detached,13,13,0,0,0
S01011657,Whole house or bungalow: Semi-detached,27,27,0,0,0
S01011657,Whole house or bungalow: Terraced (including end-terrace),15,15,0,0,0
S01011657,Flat maisonette or apartment or mobile/temporary accommodation,229,226,3,0,3
S01011658,All household spaces,310,304,6,0,6
S01011658,Whole house or bungalow: Total,263,257,6,0,6
S01011658,Whole house or bungalow: Detached,13,13,0,0,0
S01011658,Whole house or bungalow: Semi-detached,33,33,0,0,0
S01011658,Whole house or bungalow: Terraced (including end-terrace),217,211,6,0,6
S01011658,Flat maisonette or apartment or mobile/temporary accommodation,47,47,0,0,0
S01011659,All household spaces,356,353,3,0,3
S01011659,Whole house or bungalow: Total,231,229,2,0,2
S01011659,Whole house or bungalow: Detached,28,27,1,0,1
S01011659,Whole house or bungalow: Semi-detached,48,48,0,0,0
S01011659,Whole house or bungalow: Terraced (including end-terrace),155,154,1,0,1
S01011659,Flat maisonette or apartment or mobile/temporary accommodation,125,124,1,0,1
S01011660,All household spaces,380,379,1,0,1
S01011660,Whole house or bungalow: Total,333,332,1,0,1
S01011660,Whole house or bungalow: Detached,78,78,0,0,0
S01011660,Whole house or bungalow: Semi-detached,154,153,1,0,1
S01011660,Whole house or bungalow: Terraced (including end-terrace),101,101,0,0,0
S01011660,Flat maisonette or apartment or mobile/temporary accommodation,47,47,0,0,0
S01011661,All household spaces,259,246,13,0,13
S01011661,Whole house or bungalow: Total,179,177,2,0,2
S01011661,Whole house or bungalow: Detached,17,17,0,0,0
S01011661,Whole house or bungalow: Semi-detached,67,67,0,0,0
S01011661,Whole house or bungalow: Terraced (including end-terrace),95,93,2,0,2
S01011661,Flat maisonette or apartment or mobile/temporary accommodation,80,69,11,0,11
S01011662,All household spaces,240,237,3,0,3
S01011662,Whole house or bungalow: Total,234,231,3,0,3
S01011662,Whole house or bungalow: Detached,139,136,3,0,3
S01011662,Whole house or bungalow: Semi-detached,91,91,0,0,0
S01011662,Whole house or bungalow: Terraced (including end-terrace),4,4,0,0,0
S01011662,Flat maisonette or apartment or mobile/temporary accommodation,6,6,0,0,0
S01011663,All household spaces,461,428,33,0,33
S01011663,Whole house or bungalow: Total,280,274,6,0,6
S01011663,Whole house or bungalow: Detached,14,14,0,0,0
S01011663,Whole house or bungalow: Semi-detached,85,85,0,0,0
S01011663,Whole house or bungalow: Terraced (including end-terrace),181,175,6,0,6
S01011663,Flat maisonette or apartment or mobile/temporary accommodation,181,154,27,0,27
S01011664,All household spaces,413,408,5,0,5
S01011664,Whole house or bungalow: Total,368,363,5,0,5
S01011664,Whole house or bungalow: Detached,23,23,0,0,0
S01011664,Whole house or bungalow: Semi-detached,129,129,0,0,0
S01011664,Whole house or bungalow: Terraced (including end-terrace),216,211,5,0,5
S01011664,Flat maisonette or apartment or mobile/temporary accommodation,45,45,0,0,0
S01011665,All household spaces,441,428,13,0,13
S01011665,Whole house or bungalow: Total,104,101,3,0,3
S01011665,Whole house or bungalow: Detached,15,14,1,0,1
S01011665,Whole house or bungalow: Semi-detached,25,25,0,0,0
S01011665,Whole house or bungalow: Terraced (including end-terrace),64,62,2,0,2
S01011665,Flat maisonette or apartment or mobile/temporary accommodation,337,327,10,0,10
S01011666,All household spaces,472,454,18,0,18
S01011666,Whole house or bungalow: Total,118,115,3,0,3
S01011666,Whole house or bungalow: Detached,31,29,2,0,2
S01011666,Whole house or bungalow: Semi-detached,51,51,0,0,0
S01011666,Whole house or bungalow: Terraced (including end-terrace),36,35,1,0,1
S01011666,Flat maisonette or apartment or mobile/temporary accommodation,354,339,15,0,15
S01011667,All household spaces,408,375,33,0,33
S01011667,Whole house or bungalow: Total,153,149,4,0,4
S01011667,Whole house or bungalow: Detached,39,38,1,0,1
S01011667,Whole house or bungalow: Semi-detached,57,55,2,0,2
S01011667,Whole house or bungalow: Terraced (including end-terrace),57,56,1,0,1
S01011667,Flat maisonette or apartment or mobile/temporary accommodation,255,226,29,0,29
S01011668,All household spaces,439,429,10,0,10
S01011668,Whole house or bungalow: Total,75,74,1,0,1
S01011668,Whole house or bungalow: Detached,26,25,1,0,1
S01011668,Whole house or bungalow: Semi-detached,38,38,0,0,0
S01011668,Whole house or bungalow: Terraced (including end-terrace),11,11,0,0,0
S01011668,Flat maisonette or apartment or mobile/temporary accommodation,364,355,9,0,9
S01011669,All household spaces,310,299,11,1,10
S01011669,Whole house or bungalow: Total,151,144,7,1,6
S01011669,Whole house or bungalow: Detached,94,90,4,1,3
S01011669,Whole house or bungalow: Semi-detached,35,32,3,0,3
S01011669,Whole house or bungalow: Terraced (including end-terrace),22,22,0,0,0
S01011669,Flat maisonette or apartment or mobile/temporary accommodation,159,155,4,0,4
S01011670,All household spaces,240,234,6,0,6
S01011670,Whole house or bungalow: Total,60,56,4,0,4
S01011670,Whole house or bungalow: Detached,12,11,1,0,1
S01011670,Whole house or bungalow: Semi-detached,37,36,1,0,1
S01011670,Whole house or bungalow: Terraced (including end-terrace),11,9,2,0,2
S01011670,Flat maisonette or apartment or mobile/temporary accommodation,180,178,2,0,2
S01011671,All household spaces,323,316,7,1,6
S01011671,Whole house or bungalow: Total,215,212,3,1,2
S01011671,Whole house or bungalow: Detached,49,49,0,0,0
S01011671,Whole house or bungalow: Semi-detached,142,141,1,1,0
S01011671,Whole house or bungalow: Terraced (including end-terrace),24,22,2,0,2
S01011671,Flat maisonette or apartment or mobile/temporary accommodation,108,104,4,0,4
S01011672,All household spaces,281,275,6,0,6
S01011672,Whole house or bungalow: Total,175,172,3,0,3
S01011672,Whole house or bungalow: Detached,35,34,1,0,1
S01011672,Whole house or bungalow: Semi-detached,48,47,1,0,1
S01011672,Whole house or bungalow: Terraced (including end-terrace),92,91,1,0,1
S01011672,Flat maisonette or apartment or mobile/temporary accommodation,106,103,3,0,3
S01011673,All household spaces,285,275,10,0,10
S01011673,Whole house or bungalow: Total,116,114,2,0,2
S01011673,Whole house or bungalow: Detached,22,22,0,0,0
S01011673,Whole house or bungalow: Semi-detached,24,23,1,0,1
S01011673,Whole house or bungalow: Terraced (including end-terrace),70,69,1,0,1
S01011673,Flat maisonette or apartment or mobile/temporary accommodation,169,161,8,0,8
S01011674,All household spaces,442,434,8,0,8
S01011674,Whole house or bungalow: Total,339,332,7,0,7
S01011674,Whole house or bungalow: Detached,84,81,3,0,3
S01011674,Whole house or bungalow: Semi-detached,175,171,4,0,4
S01011674,Whole house or bungalow: Terraced (including end-terrace),80,80,0,0,0
S01011674,Flat maisonette or apartment or mobile/temporary accommodation,103,102,1,0,1
S01011675,All household spaces,401,387,14,0,14
S01011675,Whole house or bungalow: Total,327,316,11,0,11
S01011675,Whole house or bungalow: Detached,84,80,4,0,4
S01011675,Whole house or bungalow: Semi-detached,65,65,0,0,0
S01011675,Whole house or bungalow: Terraced (including end-terrace),178,171,7,0,7
S01011675,Flat maisonette or apartment or mobile/temporary accommodation,74,71,3,0,3
S01011676,All household spaces,320,311,9,0,9
S01011676,Whole house or bungalow: Total,272,267,5,0,5
S01011676,Whole house or bungalow: Detached,11,11,0,0,0
S01011676,Whole house or bungalow: Semi-detached,58,55,3,0,3
S01011676,Whole house or bungalow: Terraced (including end-terrace),203,201,2,0,2
S01011676,Flat maisonette or apartment or mobile/temporary accommodation,48,44,4,0,4
S01011677,All household spaces,289,258,31,0,31
S01011677,Whole house or bungalow: Total,210,193,17,0,17
S01011677,Whole house or bungalow: Detached,109,98,11,0,11
S01011677,Whole house or bungalow: Semi-detached,32,28,4,0,4
S01011677,Whole house or bungalow: Terraced (including end-terrace),69,67,2,0,2
S01011677,Flat maisonette or apartment or mobile/temporary accommodation,79,65,14,0,14
S01011678,All household spaces,235,222,13,0,13
S01011678,Whole house or bungalow: Total,65,63,2,0,2
S01011678,Whole house or bungalow: Detached,36,34,2,0,2
S01011678,Whole house or bungalow: Semi-detached,22,22,0,0,0
S01011678,Whole house or bungalow: Terraced (including end-terrace),7,7,0,0,0
S01011678,Flat maisonette or apartment or mobile/temporary accommodation,170,159,11,0,11
S01011679,All household spaces,215,204,11,0,11
S01011679,Whole house or bungalow: Total,203,193,10,0,10
S01011679,Whole house or bungalow: Detached,68,67,1,0,1
S01011679,Whole house or bungalow: Semi-detached,62,59,3,0,3
S01011679,Whole house or bungalow: Terraced (including end-terrace),73,67,6,0,6
S01011679,Flat maisonette or apartment or mobile/temporary accommodation,12,11,1,0,1
S01011680,All household spaces,462,454,8,0,8
S01011680,Whole house or bungalow: Total,368,361,7,0,7
S01011680,Whole house or bungalow: Detached,53,52,1,0,1
S01011680,Whole house or bungalow: Semi-detached,162,162,0,0,0
S01011680,Whole house or bungalow: Terraced (including end-terrace),153,147,6,0,6
S01011680,Flat maisonette or apartment or mobile/temporary accommodation,94,93,1,0,1
S01011681,All household spaces,350,345,5,0,5
S01011681,Whole house or bungalow: Total,337,332,5,0,5
S01011681,Whole house or bungalow: Detached,44,43,1,0,1
S01011681,Whole house or bungalow: Semi-detached,105,105,0,0,0
S01011681,Whole house or bungalow: Terraced (including end-terrace),188,184,4,0,4
S01011681,Flat maisonette or apartment or mobile/temporary accommodation,13,13,0,0,0
S01011682,All household spaces,190,182,8,0,8
S01011682,Whole house or bungalow: Total,172,164,8,0,8
S01011682,Whole house or bungalow: Detached,135,130,5,0,5
S01011682,Whole house or bungalow: Semi-detached,26,25,1,0,1
S01011682,Whole house or bungalow: Terraced (including end-terrace),11,9,2,0,2
S01011682,Flat maisonette or apartment or mobile/temporary accommodation,18,18,0,0,0
S01011683,All household spaces,327,306,21,0,21
S01011683,Whole house or bungalow: Total,202,192,10,0,10
S01011683,Whole house or bungalow: Detached,69,63,6,0,6
S01011683,Whole house or bungalow: Semi-detached,54,53,1,0,1
S01011683,Whole house or bungalow: Terraced (including end-terrace),79,76,3,0,3
S01011683,Flat maisonette or apartment or mobile/temporary accommodation,125,114,11,0,11
S01011684,All household spaces,238,234,4,0,4
S01011684,Whole house or bungalow: Total,177,175,2,0,2
S01011684,Whole house or bungalow: Detached,81,81,0,0,0
S01011684,Whole house or bungalow: Semi-detached,46,44,2,0,2
S01011684,Whole house or bungalow: Terraced (including end-terrace),50,50,0,0,0
S01011684,Flat maisonette or apartment or mobile/temporary accommodation,61,59,2,0,2
S01011685,All household spaces,280,279,1,0,1
S01011685,Whole house or bungalow: Total,269,268,1,0,1
S01011685,Whole house or bungalow: Detached,157,157,0,0,0
S01011685,Whole house or bungalow: Semi-detached,96,96,0,0,0
S01011685,Whole house or bungalow: Terraced (including end-terrace),16,15,1,0,1
S01011685,Flat maisonette or apartment or mobile/temporary accommodation,11,11,0,0,0
S01011686,All household spaces,348,344,4,0,4
S01011686,Whole house or bungalow: Total,281,279,2,0,2
S01011686,Whole house or bungalow: Detached,163,162,1,0,1
S01011686,Whole house or bungalow: Semi-detached,81,81,0,0,0
S01011686,Whole house or bungalow: Terraced (including end-terrace),37,36,1,0,1
S01011686,Flat maisonette or apartment or mobile/temporary accommodation,67,65,2,0,2
S01011687,All household spaces,387,386,1,0,1
S01011687,Whole house or bungalow: Total,332,331,1,0,1
S01011687,Whole house or bungalow: Detached,34,33,1,0,1
S01011687,Whole house or bungalow: Semi-detached,65,65,0,0,0
S01011687,Whole house or bungalow: Terraced (including end-terrace),233,233,0,0,0
S01011687,Flat maisonette or apartment or mobile/temporary accommodation,55,55,0,0,0
S01011688,All household spaces,311,307,4,1,3
S01011688,Whole house or bungalow: Total,222,219,3,1,2
S01011688,Whole house or bungalow: Detached,146,144,2,1,1
S01011688,Whole house or bungalow: Semi-detached,47,47,0,0,0
S01011688,Whole house or bungalow: Terraced (including end-terrace),29,28,1,0,1
S01011688,Flat maisonette or apartment or mobile/temporary accommodation,89,88,1,0,1
S01011689,All household spaces,251,248,3,0,3
S01011689,Whole house or bungalow: Total,247,244,3,0,3
S01011689,Whole house or bungalow: Detached,202,199,3,0,3
S01011689,Whole house or bungalow: Semi-detached,33,33,0,0,0
S01011689,Whole house or bungalow: Terraced (including end-terrace),12,12,0,0,0
S01011689,Flat maisonette or apartment or mobile/temporary accommodation,4,4,0,0,0
S01011690,All household spaces,398,396,2,1,1
S01011690,Whole house or bungalow: Total,282,280,2,1,1
S01011690,Whole house or bungalow: Detached,204,204,0,0,0
S01011690,Whole house or bungalow: Semi-detached,49,48,1,1,0
S01011690,Whole house or bungalow: Terraced (including end-terrace),29,28,1,0,1
S01011690,Flat maisonette or apartment or mobile/temporary accommodation,116,116,0,0,0
S01011691,All household spaces,229,224,5,0,5
S01011691,Whole house or bungalow: Total,219,214,5,0,5
S01011691,Whole house or bungalow: Detached,94,89,5,0,5
S01011691,Whole house or bungalow: Semi-detached,60,60,0,0,0
S01011691,Whole house or bungalow: Terraced (including end-terrace),65,65,0,0,0
S01011691,Flat maisonette or apartment or mobile/temporary accommodation,10,10,0,0,0
S01011692,All household spaces,457,455,2,1,1
S01011692,Whole house or bungalow: Total,322,322,0,0,0
S01011692,Whole house or bungalow: Detached,11,11,0,0,0
S01011692,Whole house or bungalow: Semi-detached,77,77,0,0,0
S01011692,Whole house or bungalow: Terraced (including end-terrace),234,234,0,0,0
S01011692,Flat maisonette or apartment or mobile/temporary accommodation,135,133,2,1,1
S01011693,All household spaces,373,367,6,0,6
S01011693,Whole house or bungalow: Total,243,240,3,0,3
S01011693,Whole house or bungalow: Detached,58,58,0,0,0
S01011693,Whole house or bungalow: Semi-detached,40,39,1,0,1
S01011693,Whole house or bungalow: Terraced (including end-terrace),145,143,2,0,2
S01011693,Flat maisonette or apartment or mobile/temporary accommodation,130,127,3,0,3
S01011694,All household spaces,202,200,2,0,2
S01011694,Whole house or bungalow: Total,168,166,2,0,2
S01011694,Whole house or bungalow: Detached,114,112,2,0,2
S01011694,Whole house or bungalow: Semi-detached,31,31,0,0,0
S01011694,Whole house or bungalow: Terraced (including end-terrace),23,23,0,0,0
S01011694,Flat maisonette or apartment or mobile/temporary accommodation,34,34,0,0,0
S01011695,All household spaces,334,333,1,0,1
S01011695,Whole house or bungalow: Total,326,325,1,0,1
S01011695,Whole house or bungalow: Detached,225,224,1,0,1
S01011695,Whole house or bungalow: Semi-detached,45,45,0,0,0
S01011695,Whole house or bungalow: Terraced (including end-terrace),56,56,0,0,0
S01011695,Flat maisonette or apartment or mobile/temporary accommodation,8,8,0,0,0
S01011696,All household spaces,353,351,2,0,2
S01011696,Whole house or bungalow: Total,346,344,2,0,2
S01011696,Whole house or bungalow: Detached,322,320,2,0,2
S01011696,Whole house or bungalow: Semi-detached,18,18,0,0,0
S01011696,Whole house or bungalow: Terraced (including end-terrace),6,6,0,0,0
S01011696,Flat maisonette or apartment or mobile/temporary accommodation,7,7,0,0,0
S01011697,All household spaces,402,398,4,0,4
S01011697,Whole house or bungalow: Total,306,302,4,0,4
S01011697,Whole house or bungalow: Detached,175,172,3,0,3
S01011697,Whole house or bungalow: Semi-detached,71,70,1,0,1
S01011697,Whole house or bungalow: Terraced (including end-terrace),60,60,0,0,0
S01011697,Flat maisonette or apartment or mobile/temporary accommodation,96,96,0,0,0
S01011698,All household spaces,273,271,2,0,2
S01011698,Whole house or bungalow: Total,171,170,1,0,1
S01011698,Whole house or bungalow: Detached,16,15,1,0,1
S01011698,Whole house or bungalow: Semi-detached,72,72,0,0,0
S01011698,Whole house or bungalow: Terraced (including end-terrace),83,83,0,0,0
S01011698,Flat maisonette or apartment or mobile/temporary accommodation,102,101,1,0,1
S01011699,All household spaces,396,387,9,0,9
S01011699,Whole house or bungalow: Total,289,287,2,0,2
S01011699,Whole house or bungalow: Detached,53,52,1,0,1
S01011699,Whole house or bungalow: Semi-detached,214,213,1,0,1
S01011699,Whole house or bungalow: Terraced (including end-terrace),22,22,0,0,0
S01011699,Flat maisonette or apartment or mobile/temporary accommodation,107,100,7,0,7
S01011700,All household spaces,364,354,10,0,10
S01011700,Whole house or bungalow: Total,254,248,6,0,6
S01011700,Whole house or bungalow: Detached,74,70,4,0,4
S01011700,Whole house or bungalow: Semi-detached,143,143,0,0,0
S01011700,Whole house or bungalow: Terraced (including end-terrace),37,35,2,0,2
S01011700,Flat maisonette or apartment or mobile/temporary accommodation,110,106,4,0,4
S01011701,All household spaces,446,444,2,0,2
S01011701,Whole house or bungalow: Total,306,305,1,0,1
S01011701,Whole house or bungalow: Detached,152,151,1,0,1
S01011701,Whole house or bungalow: Semi-detached,106,106,0,0,0
S01011701,Whole house or bungalow: Terraced (including end-terrace),48,48,0,0,0
S01011701,Flat maisonette or apartment or mobile/temporary accommodation,140,139,1,0,1
S01011702,All household spaces,337,335,2,1,1
S01011702,Whole house or bungalow: Total,302,300,2,1,1
S01011702,Whole house or bungalow: Detached,75,75,0,0,0
S01011702,Whole house or bungalow: Semi-detached,173,171,2,1,1
S01011702,Whole house or bungalow: Terraced (including end-terrace),54,54,0,0,0
S01011702,Flat maisonette or apartment or mobile/temporary accommodation,35,35,0,0,0
S01011703,All household spaces,262,255,7,0,7
S01011703,Whole house or bungalow: Total,217,212,5,0,5
S01011703,Whole house or bungalow: Detached,99,96,3,0,3
S01011703,Whole house or bungalow: Semi-detached,72,70,2,0,2
S01011703,Whole house or bungalow: Terraced (including end-terrace),46,46,0,0,0
S01011703,Flat maisonette or apartment or mobile/temporary accommodation,45,43,2,0,2
S01011704,All household spaces,275,274,1,0,1
S01011704,Whole house or bungalow: Total,213,212,1,0,1
S01011704,Whole house or bungalow: Detached,125,125,0,0,0
S01011704,Whole house or bungalow: Semi-detached,57,56,1,0,1
S01011704,Whole house or bungalow: Terraced (including end-terrace),31,31,0,0,0
S01011704,Flat maisonette or apartment or mobile/temporary accommodation,62,62,0,0,0
S01011705,All household spaces,320,318,2,0,2
S01011705,Whole house or bungalow: Total,125,124,1,0,1
S01011705,Whole house or bungalow: Detached,62,61,1,0,1
S01011705,Whole house or bungalow: Semi-detached,48,48,0,0,0
S01011705,Whole house or bungalow: Terraced (including end-terrace),15,15,0,0,0
S01011705,Flat maisonette or apartment or mobile/temporary accommodation,195,194,1,0,1
S01011706,All household spaces,459,450,9,3,6
S01011706,Whole house or bungalow: Total,311,307,4,1,3
S01011706,Whole house or bungalow: Detached,58,56,2,1,1
S01011706,Whole house or bungalow: Semi-detached,144,142,2,0,2
S01011706,Whole house or bungalow: Terraced (including end-terrace),109,109,0,0,0
S01011706,Flat maisonette or apartment or mobile/temporary accommodation,148,143,5,2,3
S01011707,All household spaces,284,283,1,0,1
S01011707,Whole house or bungalow: Total,277,276,1,0,1
S01011707,Whole house or bungalow: Detached,96,96,0,0,0
S01011707,Whole house or bungalow: Semi-detached,157,157,0,0,0
S01011707,Whole house or bungalow: Terraced (including end-terrace),24,23,1,0,1
S01011707,Flat maisonette or apartment or mobile/temporary accommodation,7,7,0,0,0
S01011708,All household spaces,452,448,4,1,3
S01011708,Whole house or bungalow: Total,256,254,2,1,1
S01011708,Whole house or bungalow: Detached,51,51,0,0,0
S01011708,Whole house or bungalow: Semi-detached,146,144,2,1,1
S01011708,Whole house or bungalow: Terraced (including end-terrace),59,59,0,0,0
S01011708,Flat maisonette or apartment or mobile/temporary accommodation,196,194,2,0,2
S01011709,All household spaces,372,370,2,0,2
S01011709,Whole house or bungalow: Total,337,335,2,0,2
S01011709,Whole house or bungalow: Detached,86,86,0,0,0
S01011709,Whole house or bungalow: Semi-detached,150,149,1,0,1
S01011709,Whole house or bungalow: Terraced (including end-terrace),101,100,1,0,1
S01011709,Flat maisonette or apartment or mobile/temporary accommodation,35,35,0,0,0
S01011710,All household spaces,261,257,4,0,4
S01011710,Whole house or bungalow: Total,179,177,2,0,2
S01011710,Whole house or bungalow: Detached,17,17,0,0,0
S01011710,Whole house or bungalow: Semi-detached,23,23,0,0,0
S01011710,Whole house or bungalow: Terraced (including end-terrace),139,137,2,0,2
S01011710,Flat maisonette or apartment or mobile/temporary accommodation,82,80,2,0,2
S01011711,All household spaces,327,321,6,0,6
S01011711,Whole house or bungalow: Total,221,216,5,0,5
S01011711,Whole house or bungalow: Detached,8,8,0,0,0
S01011711,Whole house or bungalow: Semi-detached,31,31,0,0,0
S01011711,Whole house or bungalow: Terraced (including end-terrace),182,177,5,0,5
S01011711,Flat maisonette or apartment or mobile/temporary accommodation,106,105,1,0,1
S01011712,All household spaces,296,294,2,0,2
S01011712,Whole house or bungalow: Total,160,159,1,0,1
S01011712,Whole house or bungalow: Detached,4,4,0,0,0
S01011712,Whole house or bungalow: Semi-detached,26,26,0,0,0
S01011712,Whole house or bungalow: Terraced (including end-terrace),130,129,1,0,1
S01011712,Flat maisonette or apartment or mobile/temporary accommodation,136,135,1,0,1
S01011713,All household spaces,398,389,9,0,9
S01011713,Whole house or bungalow: Total,366,358,8,0,8
S01011713,Whole house or bungalow: Detached,18,18,0,0,0
S01011713,Whole house or bungalow: Semi-detached,304,297,7,0,7
S01011713,Whole house or bungalow: Terraced (including end-terrace),44,43,1,0,1
S01011713,Flat maisonette or apartment or mobile/temporary accommodation,32,31,1,0,1
S01011714,All household spaces,197,194,3,0,3
S01011714,Whole house or bungalow: Total,194,191,3,0,3
S01011714,Whole house or bungalow: Detached,75,75,0,0,0
S01011714,Whole house or bungalow: Semi-detached,92,89,3,0,3
S01011714,Whole house or bungalow: Terraced (including end-terrace),27,27,0,0,0
S01011714,Flat maisonette or apartment or mobile/temporary accommodation,3,3,0,0,0
S01011715,All household spaces,300,297,3,0,3
S01011715,Whole house or bungalow: Total,158,156,2,0,2
S01011715,Whole house or bungalow: Detached,15,15,0,0,0
S01011715,Whole house or bungalow: Semi-detached,26,26,0,0,0
S01011715,Whole house or bungalow: Terraced (including end-terrace),117,115,2,0,2
S01011715,Flat maisonette or apartment or mobile/temporary accommodation,142,141,1,0,1
S01011716,All household spaces,352,351,1,0,1
S01011716,Whole house or bungalow: Total,334,333,1,0,1
S01011716,Whole house or bungalow: Detached,105,105,0,0,0
S01011716,Whole house or bungalow: Semi-detached,144,143,1,0,1
S01011716,Whole house or bungalow: Terraced (including end-terrace),85,85,0,0,0
S01011716,Flat maisonette or apartment or mobile/temporary accommodation,18,18,0,0,0
S01011717,All household spaces,294,294,0,0,0
S01011717,Whole house or bungalow: Total,292,292,0,0,0
S01011717,Whole house or bungalow: Detached,68,68,0,0,0
S01011717,Whole house or bungalow: Semi-detached,217,217,0,0,0
S01011717,Whole house or bungalow: Terraced (including end-terrace),7,7,0,0,0
S01011717,Flat maisonette or apartment or mobile/temporary accommodation,2,2,0,0,0
S01011718,All household spaces,294,289,5,0,5
S01011718,Whole house or bungalow: Total,262,259,3,0,3
S01011718,Whole house or bungalow: Detached,174,172,2,0,2
S01011718,Whole house or bungalow: Semi-detached,50,49,1,0,1
S01011718,Whole house or bungalow: Terraced (including end-terrace),38,38,0,0,0
S01011718,Flat maisonette or apartment or mobile/temporary accommodation,32,30,2,0,2
S01011719,All household spaces,227,224,3,0,3
S01011719,Whole house or bungalow: Total,208,206,2,0,2
S01011719,Whole house or bungalow: Detached,115,115,0,0,0
S01011719,Whole house or bungalow: Semi-detached,79,77,2,0,2
S01011719,Whole house or bungalow: Terraced (including end-terrace),14,14,0,0,0
S01011719,Flat maisonette or apartment or mobile/temporary accommodation,19,18,1,0,1
S01011720,All household spaces,215,213,2,0,2
S01011720,Whole house or bungalow: Total,182,181,1,0,1
S01011720,Whole house or bungalow: Detached,121,121,0,0,0
S01011720,Whole house or bungalow: Semi-detached,56,56,0,0,0
S01011720,Whole house or bungalow: Terraced (including end-terrace),5,4,1,0,1
S01011720,Flat maisonette or apartment or mobile/temporary accommodation,33,32,1,0,1
S01011721,All household spaces,313,305,8,0,8
S01011721,Whole house or bungalow: Total,311,303,8,0,8
S01011721,Whole house or bungalow: Detached,11,11,0,0,0
S01011721,Whole house or bungalow: Semi-detached,37,37,0,0,0
S01011721,Whole house or bungalow: Terraced (including end-terrace),263,255,8,0,8
S01011721,Flat maisonette or apartment or mobile/temporary accommodation,2,2,0,0,0
S01011722,All household spaces,320,317,3,0,3
S01011722,Whole house or bungalow: Total,299,297,2,0,2
S01011722,Whole house or bungalow: Detached,36,36,0,0,0
S01011722,Whole house or bungalow: Semi-detached,41,40,1,0,1
S01011722,Whole house or bungalow: Terraced (including end-terrace),222,221,1,0,1
S01011722,Flat maisonette or apartment or mobile/temporary accommodation,21,20,1,0,1
S01011723,All household spaces,401,397,4,0,4
S01011723,Whole house or bungalow: Total,395,391,4,0,4
S01011723,Whole house or bungalow: Detached,53,51,2,0,2
S01011723,Whole house or bungalow: Semi-detached,40,40,0,0,0
S01011723,Whole house or bungalow: Terraced (including end-terrace),302,300,2,0,2
S01011723,Flat maisonette or apartment or mobile/temporary accommodation,6,6,0,0,0
S01011724,All household spaces,264,261,3,0,3
S01011724,Whole house or bungalow: Total,256,253,3,0,3
S01011724,Whole house or bungalow: Detached,74,72,2,0,2
S01011724,Whole house or bungalow: Semi-detached,84,83,1,0,1
S01011724,Whole house or bungalow: Terraced (including end-terrace),98,98,0,0,0
S01011724,Flat maisonette or apartment or mobile/temporary accommodation,8,8,0,0,0
S01011725,All household spaces,221,219,2,0,2
S01011725,Whole house or bungalow: Total,218,216,2,0,2
S01011725,Whole house or bungalow: Detached,137,136,1,0,1
S01011725,Whole house or bungalow: Semi-detached,56,55,1,0,1
S01011725,Whole house or bungalow: Terraced (including end-terrace),25,25,0,0,0
S01011725,Flat maisonette or apartment or mobile/temporary accommodation,3,3,0,0,0
S01011726,All household spaces,209,208,1,0,1
S01011726,Whole house or bungalow: Total,206,205,1,0,1
S01011726,Whole house or bungalow: Detached,101,100,1,0,1
S01011726,Whole house or bungalow: Semi-detached,95,95,0,0,0
S01011726,Whole house or bungalow: Terraced (including end-terrace),10,10,0,0,0
S01011726,Flat maisonette or apartment or mobile/temporary accommodation,3,3,0,0,0
S01011727,All household spaces,268,261,7,1,6
S01011727,Whole house or bungalow: Total,223,217,6,1,5
S01011727,Whole house or bungalow: Detached,198,193,5,1,4
S01011727,Whole house or bungalow: Semi-detached,17,17,0,0,0
S01011727,Whole house or bungalow: Terraced (including end-terrace),8,7,1,0,1
S01011727,Flat maisonette or apartment or mobile/temporary accommodation,45,44,1,0,1
S01011728,All household spaces,394,393,1,0,1
S01011728,Whole house or bungalow: Total,320,319,1,0,1
S01011728,Whole house or bungalow: Detached,24,24,0,0,0
S01011728,Whole house or bungalow: Semi-detached,29,29,0,0,0
S01011728,Whole house or bungalow: Terraced (including end-terrace),267,266,1,0,1
S01011728,Flat maisonette or apartment or mobile/temporary accommodation,74,74,0,0,0
S01011729,All household spaces,305,302,3,0,3
S01011729,Whole house or bungalow: Total,190,187,3,0,3
S01011729,Whole house or bungalow: Detached,28,27,1,0,1
S01011729,Whole house or bungalow: Semi-detached,45,45,0,0,0
S01011729,Whole house or bungalow: Terraced (including end-terrace),117,115,2,0,2
S01011729,Flat maisonette or apartment or mobile/temporary accommodation,115,115,0,0,0
S01011730,All household spaces,437,431,6,0,6
S01011730,Whole house or bungalow: Total,325,321,4,0,4
S01011730,Whole house or bungalow: Detached,105,104,1,0,1
S01011730,Whole house or bungalow: Semi-detached,182,179,3,0,3
S01011730,Whole house or bungalow: Terraced (including end-terrace),38,38,0,0,0
S01011730,Flat maisonette or apartment or mobile/temporary accommodation,112,110,2,0,2
S01011731,All household spaces,354,352,2,0,2
S01011731,Whole house or bungalow: Total,345,343,2,0,2
S01011731,Whole house or bungalow: Detached,8,8,0,0,0
S01011731,Whole house or bungalow: Semi-detached,46,46,0,0,0
S01011731,Whole house or bungalow: Terraced (including end-terrace),291,289,2,0,2
S01011731,Flat maisonette or apartment or mobile/temporary accommodation,9,9,0,0,0
S01011732,All household spaces,299,299,0,0,0
S01011732,Whole house or bungalow: Total,293,293,0,0,0
S01011732,Whole house or bungalow: Detached,106,106,0,0,0
S01011732,Whole house or bungalow: Semi-detached,153,153,0,0,0
S01011732,Whole house or bungalow: Terraced (including end-terrace),34,34,0,0,0
S01011732,Flat maisonette or apartment or mobile/temporary accommodation,6,6,0,0,0
S01011733,All household spaces,357,352,5,0,5
S01011733,Whole house or bungalow: Total,306,301,5,0,5
S01011733,Whole house or bungalow: Detached,17,17,0,0,0
S01011733,Whole house or bungalow: Semi-detached,51,51,0,0,0
S01011733,Whole house or bungalow: Terraced (including end-terrace),238,233,5,0,5
S01011733,Flat maisonette or apartment or mobile/temporary accommodation,51,51,0,0,0
S01011734,All household spaces,336,335,1,0,1
S01011734,Whole house or bungalow: Total,273,273,0,0,0
S01011734,Whole house or bungalow: Detached,90,90,0,0,0
S01011734,Whole house or bungalow: Semi-detached,54,54,0,0,0
S01011734,Whole house or bungalow: Terraced (including end-terrace),129,129,0,0,0
S01011734,Flat maisonette or apartment or mobile/temporary accommodation,63,62,1,0,1
S01011735,All household spaces,288,288,0,0,0
S01011735,Whole house or bungalow: Total,275,275,0,0,0
S01011735,Whole house or bungalow: Detached,176,176,0,0,0
S01011735,Whole house or bungalow: Semi-detached,50,50,0,0,0
S01011735,Whole house or bungalow: Terraced (including end-terrace),49,49,0,0,0
S01011735,Flat maisonette or apartment or mobile/temporary accommodation,13,13,0,0,0
S01011736,All household spaces,322,317,5,0,5
S01011736,Whole house or bungalow: Total,212,210,2,0,2
S01011736,Whole house or bungalow: Detached,10,10,0,0,0
S01011736,Whole house or bungalow: Semi-detached,22,22,0,0,0
S01011736,Whole house or bungalow: Terraced (including end-terrace),180,178,2,0,2
S01011736,Flat maisonette or apartment or mobile/temporary accommodation,110,107,3,0,3
S01011737,All household spaces,298,294,4,0,4
S01011737,Whole house or bungalow: Total,172,170,2,0,2
S01011737,Whole house or bungalow: Detached,12,12,0,0,0
S01011737,Whole house or bungalow: Semi-detached,20,20,0,0,0
S01011737,Whole house or bungalow: Terraced (including end-terrace),140,138,2,0,2
S01011737,Flat maisonette or apartment or mobile/temporary accommodation,126,124,2,0,2
S01011738,All household spaces,480,466,14,0,14
S01011738,Whole house or bungalow: Total,208,206,2,0,2
S01011738,Whole house or bungalow: Detached,70,70,0,0,0
S01011738,Whole house or bungalow: Semi-detached,44,44,0,0,0
S01011738,Whole house or bungalow: Terraced (including end-terrace),94,92,2,0,2
S01011738,Flat maisonette or apartment or mobile/temporary accommodation,272,260,12,0,12
S01011739,All household spaces,228,226,2,0,2
S01011739,Whole house or bungalow: Total,213,211,2,0,2
S01011739,Whole house or bungalow: Detached,5,5,0,0,0
S01011739,Whole house or bungalow: Semi-detached,20,20,0,0,0
S01011739,Whole house or bungalow: Terraced (including end-terrace),188,186,2,0,2
S01011739,Flat maisonette or apartment or mobile/temporary accommodation,15,15,0,0,0
S01011740,All household spaces,365,356,9,0,9
S01011740,Whole house or bungalow: Total,253,248,5,0,5
S01011740,Whole house or bungalow: Detached,12,12,0,0,0
S01011740,Whole house or bungalow: Semi-detached,22,22,0,0,0
S01011740,Whole house or bungalow: Terraced (including end-terrace),219,214,5,0,5
S01011740,Flat maisonette or apartment or mobile/temporary accommodation,112,108,4,0,4
S01011741,All household spaces,300,296,4,0,4
S01011741,Whole house or bungalow: Total,207,205,2,0,2
S01011741,Whole house or bungalow: Detached,3,3,0,0,0
S01011741,Whole house or bungalow: Semi-detached,12,12,0,0,0
S01011741,Whole house or bungalow: Terraced (including end-terrace),192,190,2,0,2
S01011741,Flat maisonette or apartment or mobile/temporary accommodation,93,91,2,0,2
S01011742,All household spaces,338,333,5,0,5
S01011742,Whole house or bungalow: Total,266,262,4,0,4
S01011742,Whole house or bungalow: Detached,4,4,0,0,0
S01011742,Whole house or bungalow: Semi-detached,9,9,0,0,0
S01011742,Whole house or bungalow: Terraced (including end-terrace),253,249,4,0,4
S01011742,Flat maisonette or apartment or mobile/temporary accommodation,72,71,1,0,1
S01011743,All household spaces,384,379,5,1,4
S01011743,Whole house or bungalow: Total,272,268,4,1,3
S01011743,Whole house or bungalow: Detached,9,9,0,0,0
S01011743,Whole house or bungalow: Semi-detached,40,39,1,1,0
S01011743,Whole house or bungalow: Terraced (including end-terrace),223,220,3,0,3
S01011743,Flat maisonette or apartment or mobile/temporary accommodation,112,111,1,0,1
S01011744,All household spaces,483,462,21,0,21
S01011744,Whole house or bungalow: Total,262,258,4,0,4
S01011744,Whole house or bungalow: Detached,7,7,0,0,0
S01011744,Whole house or bungalow: Semi-detached,40,39,1,0,1
S01011744,Whole house or bungalow: Terraced (including end-terrace),215,212,3,0,3
S01011744,Flat maisonette or apartment or mobile/temporary accommodation,221,204,17,0,17
S01011745,All household spaces,409,398,11,0,11
S01011745,Whole house or bungalow: Total,327,318,9,0,9
S01011745,Whole house or bungalow: Detached,6,6,0,0,0
S01011745,Whole house or bungalow: Semi-detached,25,25,0,0,0
S01011745,Whole house or bungalow: Terraced (including end-terrace),296,287,9,0,9
S01011745,Flat maisonette or apartment or mobile/temporary accommodation,82,80,2,0,2
S01011746,All household spaces,217,215,2,0,2
S01011746,Whole house or bungalow: Total,203,202,1,0,1
S01011746,Whole house or bungalow: Detached,5,5,0,0,0
S01011746,Whole house or bungalow: Semi-detached,20,20,0,0,0
S01011746,Whole house or bungalow: Terraced (including end-terrace),178,177,1,0,1
S01011746,Flat maisonette or apartment or mobile/temporary accommodation,14,13,1,0,1
S01011747,All household spaces,417,413,4,0,4
S01011747,Whole house or bungalow: Total,313,309,4,0,4
S01011747,Whole house or bungalow: Detached,9,9,0,0,0
S01011747,Whole house or bungalow: Semi-detached,34,34,0,0,0
S01011747,Whole house or bungalow: Terraced (including end-terrace),270,266,4,0,4
S01011747,Flat maisonette or apartment or mobile/temporary accommodation,104,104,0,0,0
S01011748,All household spaces,382,375,7,0,7
S01011748,Whole house or bungalow: Total,259,259,0,0,0
S01011748,Whole house or bungalow: Detached,7,7,0,0,0
S01011748,Whole house or bungalow: Semi-detached,7,7,0,0,0
S01011748,Whole house or bungalow: Terraced (including end-terrace),245,245,0,0,0
S01011748,Flat maisonette or apartment or mobile/temporary accommodation,123,116,7,0,7
S01011749,All household spaces,386,370,16,0,16
S01011749,Whole house or bungalow: Total,139,138,1,0,1
S01011749,Whole house or bungalow: Detached,6,6,0,0,0
S01011749,Whole house or bungalow: Semi-detached,18,18,0,0,0
S01011749,Whole house or bungalow: Terraced (including end-terrace),115,114,1,0,1
S01011749,Flat maisonette or apartment or mobile/temporary accommodation,247,232,15,0,15
S01011750,All household spaces,406,398,8,0,8
S01011750,Whole house or bungalow: Total,309,303,6,0,6
S01011750,Whole house or bungalow: Detached,3,3,0,0,0
S01011750,Whole house or bungalow: Semi-detached,30,29,1,0,1
S01011750,Whole house or bungalow: Terraced (including end-terrace),276,271,5,0,5
S01011750,Flat maisonette or apartment or mobile/temporary accommodation,97,95,2,0,2
S01011751,All household spaces,570,532,38,0,38
S01011751,Whole house or bungalow: Total,62,59,3,0,3
S01011751,Whole house or bungalow: Detached,7,7,0,0,0
S01011751,Whole house or bungalow: Semi-detached,8,8,0,0,0
S01011751,Whole house or bungalow: Terraced (including end-terrace),47,44,3,0,3
S01011751,Flat maisonette or apartment or mobile/temporary accommodation,508,473,35,0,35
S01011752,All household spaces,477,460,17,0,17
S01011752,Whole house or bungalow: Total,310,303,7,0,7
S01011752,Whole house or bungalow: Detached,6,6,0,0,0
S01011752,Whole house or bungalow: Semi-detached,32,31,1,0,1
S01011752,Whole house or bungalow: Terraced (including end-terrace),272,266,6,0,6
S01011752,Flat maisonette or apartment or mobile/temporary accommodation,167,157,10,0,10
S01011753,All household spaces,369,366,3,0,3
S01011753,Whole house or bungalow: Total,231,230,1,0,1
S01011753,Whole house or bungalow: Detached,106,106,0,0,0
S01011753,Whole house or bungalow: Semi-detached,47,47,0,0,0
S01011753,Whole house or bungalow: Terraced (including end-terrace),78,77,1,0,1
S01011753,Flat maisonette or apartment or mobile/temporary accommodation,138,136,2,0,2
S01011754,All household spaces,342,339,3,0,3
S01011754,Whole house or bungalow: Total,317,314,3,0,3
S01011754,Whole house or bungalow: Detached,22,22,0,0,0
S01011754,Whole house or bungalow: Semi-detached,62,62,0,0,0
S01011754,Whole house or bungalow: Terraced (including end-terrace),233,230,3,0,3
S01011754,Flat maisonette or apartment or mobile/temporary accommodation,25,25,0,0,0
S01011755,All household spaces,473,456,17,0,17
S01011755,Whole house or bungalow: Total,228,223,5,0,5
S01011755,Whole house or bungalow: Detached,9,9,0,0,0
S01011755,Whole house or bungalow: Semi-detached,34,34,0,0,0
S01011755,Whole house or bungalow: Terraced (including end-terrace),185,180,5,0,5
S01011755,Flat maisonette or apartment or mobile/temporary accommodation,245,233,12,0,12
S01011756,All household spaces,437,430,7,0,7
S01011756,Whole house or bungalow: Total,252,251,1,0,1
S01011756,Whole house or bungalow: Detached,5,5,0,0,0
S01011756,Whole house or bungalow: Semi-detached,19,19,0,0,0
S01011756,Whole house or bungalow: Terraced (including end-terrace),228,227,1,0,1
S01011756,Flat maisonette or apartment or mobile/temporary accommodation,185,179,6,0,6
S01011757,All household spaces,329,327,2,0,2
S01011757,Whole house or bungalow: Total,218,216,2,0,2
S01011757,Whole house or bungalow: Detached,3,3,0,0,0
S01011757,Whole house or bungalow: Semi-detached,30,30,0,0,0
S01011757,Whole house or bungalow: Terraced (including end-terrace),185,183,2,0,2
S01011757,Flat maisonette or apartment or mobile/temporary accommodation,111,111,0,0,0
S01011758,All household spaces,255,252,3,0,3
S01011758,Whole house or bungalow: Total,232,230,2,0,2
S01011758,Whole house or bungalow: Detached,8,8,0,0,0
S01011758,Whole house or bungalow: Semi-detached,17,17,0,0,0
S01011758,Whole house or bungalow: Terraced (including end-terrace),207,205,2,0,2
S01011758,Flat maisonette or apartment or mobile/temporary accommodation,23,22,1,0,1
S01011759,All household spaces,343,340,3,0,3
S01011759,Whole house or bungalow: Total,339,336,3,0,3
S01011759,Whole house or bungalow: Detached,10,10,0,0,0
S01011759,Whole house or bungalow: Semi-detached,55,55,0,0,0
S01011759,Whole house or bungalow: Terraced (including end-terrace),274,271,3,0,3
S01011759,Flat maisonette or apartment or mobile/temporary accommodation,4,4,0,0,0
S01011760,All household spaces,417,411,6,0,6
S01011760,Whole house or bungalow: Total,231,231,0,0,0
S01011760,Whole house or bungalow: Detached,8,8,0,0,0
S01011760,Whole house or bungalow: Semi-detached,38,38,0,0,0
S01011760,Whole house or bungalow: Terraced (including end-terrace),185,185,0,0,0
S01011760,Flat maisonette or apartment or mobile/temporary accommodation,186,180,6,0,6
S01011761,All household spaces,276,272,4,0,4
S01011761,Whole house or bungalow: Total,261,257,4,0,4
S01011761,Whole house or bungalow: Detached,5,5,0,0,0
S01011761,Whole house or bungalow: Semi-detached,50,50,0,0,0
S01011761,Whole house or bungalow: Terraced (including end-terrace),206,202,4,0,4
S01011761,Flat maisonette or apartment or mobile/temporary accommodation,15,15,0,0,0
S01011762,All household spaces,326,322,4,0,4
S01011762,Whole house or bungalow: Total,128,128,0,0,0
S01011762,Whole house or bungalow: Detached,6,6,0,0,0
S01011762,Whole house or bungalow: Semi-detached,11,11,0,0,0
S01011762,Whole house or bungalow: Terraced (including end-terrace),111,111,0,0,0
S01011762,Flat maisonette or apartment or mobile/temporary accommodation,198,194,4,0,4
S01011763,All household spaces,351,350,1,0,1
S01011763,Whole house or bungalow: Total,311,310,1,0,1
S01011763,Whole house or bungalow: Detached,6,6,0,0,0
S01011763,Whole house or bungalow: Semi-detached,31,31,0,0,0
S01011763,Whole house or bungalow: Terraced (including end-terrace),274,273,1,0,1
S01011763,Flat maisonette or apartment or mobile/temporary accommodation,40,40,0,0,0
S01011764,All household spaces,136,136,0,0,0
S01011764,Whole house or bungalow: Total,134,134,0,0,0
S01011764,Whole house or bungalow: Detached,2,2,0,0,0
S01011764,Whole house or bungalow: Semi-detached,8,8,0,0,0
S01011764,Whole house or bungalow: Terraced (including end-terrace),124,124,0,0,0
S01011764,Flat maisonette or apartment or mobile/temporary accommodation,2,2,0,0,0
S01011765,All household spaces,385,380,5,0,5
S01011765,Whole house or bungalow: Total,364,360,4,0,4
S01011765,Whole house or bungalow: Detached,125,123,2,0,2
S01011765,Whole house or bungalow: Semi-detached,184,183,1,0,1
S01011765,Whole house or bungalow: Terraced (including end-terrace),55,54,1,0,1
S01011765,Flat maisonette or apartment or mobile/temporary accommodation,21,20,1,0,1
S01011766,All household spaces,213,209,4,0,4
S01011766,Whole house or bungalow: Total,196,194,2,0,2
S01011766,Whole house or bungalow: Detached,121,121,0,0,0
S01011766,Whole house or bungalow: Semi-detached,49,49,0,0,0
S01011766,Whole house or bungalow: Terraced (including end-terrace),26,24,2,0,2
S01011766,Flat maisonette or apartment or mobile/temporary accommodation,17,15,2,0,2
S01011767,All household spaces,459,443,16,1,15
S01011767,Whole house or bungalow: Total,260,253,7,0,7
S01011767,Whole house or bungalow: Detached,25,24,1,0,1
S01011767,Whole house or bungalow: Semi-detached,53,53,0,0,0
S01011767,Whole house or bungalow: Terraced (including end-terrace),182,176,6,0,6
S01011767,Flat maisonette or apartment or mobile/temporary accommodation,199,190,9,1,8
S01011768,All household spaces,343,342,1,0,1
S01011768,Whole house or bungalow: Total,113,112,1,0,1
S01011768,Whole house or bungalow: Detached,6,6,0,0,0
S01011768,Whole house or bungalow: Semi-detached,23,23,0,0,0
S01011768,Whole house or bungalow: Terraced (including end-terrace),84,83,1,0,1
S01011768,Flat maisonette or apartment or mobile/temporary accommodation,230,230,0,0,0
S01011769,All household spaces,324,321,3,0,3
S01011769,Whole house or bungalow: Total,196,196,0,0,0
S01011769,Whole house or bungalow: Detached,3,3,0,0,0
S01011769,Whole house or bungalow: Semi-detached,13,13,0,0,0
S01011769,Whole house or bungalow: Terraced (including end-terrace),180,180,0,0,0
S01011769,Flat maisonette or apartment or mobile/temporary accommodation,128,125,3,0,3
S01011770,All household spaces,418,409,9,0,9
S01011770,Whole house or bungalow: Total,282,276,6,0,6
S01011770,Whole house or bungalow: Detached,10,10,0,0,0
S01011770,Whole house or bungalow: Semi-detached,18,18,0,0,0
S01011770,Whole house or bungalow: Terraced (including end-terrace),254,248,6,0,6
S01011770,Flat maisonette or apartment or mobile/temporary accommodation,136,133,3,0,3
S01011771,All household spaces,238,238,0,0,0
S01011771,Whole house or bungalow: Total,230,230,0,0,0
S01011771,Whole house or bungalow: Detached,161,161,0,0,0
S01011771,Whole house or bungalow: Semi-detached,60,60,0,0,0
S01011771,Whole house or bungalow: Terraced (including end-terrace),9,9,0,0,0
S01011771,Flat maisonette or apartment or mobile/temporary accommodation,8,8,0,0,0
S01011772,All household spaces,391,390,1,0,1
S01011772,Whole house or bungalow: Total,383,382,1,0,1
S01011772,Whole house or bungalow: Detached,344,343,1,0,1
S01011772,Whole house or bungalow: Semi-detached,28,28,0,0,0
S01011772,Whole house or bungalow: Terraced (including end-terrace),11,11,0,0,0
S01011772,Flat maisonette or apartment or mobile/temporary accommodation,8,8,0,0,0
S01011773,All household spaces,201,200,1,0,1
S01011773,Whole house or bungalow: Total,198,197,1,0,1
S01011773,Whole house or bungalow: Detached,103,102,1,0,1
S01011773,Whole house or bungalow: Semi-detached,75,75,0,0,0
S01011773,Whole house or bungalow: Terraced (including end-terrace),20,20,0,0,0
S01011773,Flat maisonette or apartment or mobile/temporary accommodation,3,3,0,0,0
S01011774,All household spaces,361,354,7,0,7
S01011774,Whole house or bungalow: Total,273,271,2,0,2
S01011774,Whole house or bungalow: Detached,145,143,2,0,2
S01011774,Whole house or bungalow: Semi-detached,76,76,0,0,0
S01011774,Whole house or bungalow: Terraced (including end-terrace),52,52,0,0,0
S01011774,Flat maisonette or apartment or mobile/temporary accommodation,88,83,5,0,5
S01011775,All household spaces,229,228,1,0,1
S01011775,Whole house or bungalow: Total,228,227,1,0,1
S01011775,Whole house or bungalow: Detached,151,150,1,0,1
S01011775,Whole house or bungalow: Semi-detached,48,48,0,0,0
S01011775,Whole house or bungalow: Terraced (including end-terrace),29,29,0,0,0
S01011775,Flat maisonette or apartment or mobile/temporary accommodation,1,1,0,0,0
S01011776,All household spaces,322,319,3,0,3
S01011776,Whole house or bungalow: Total,318,315,3,0,3
S01011776,Whole house or bungalow: Detached,269,266,3,0,3
S01011776,Whole house or bungalow: Semi-detached,30,30,0,0,0
S01011776,Whole house or bungalow: Terraced (including end-terrace),19,19,0,0,0
S01011776,Flat maisonette or apartment or mobile/temporary accommodation,4,4,0,0,0
S01011777,All household spaces,265,264,1,0,1
S01011777,Whole house or bungalow: Total,216,216,0,0,0
S01011777,Whole house or bungalow: Detached,92,92,0,0,0
S01011777,Whole house or bungalow: Semi-detached,67,67,0,0,0
S01011777,Whole house or bungalow: Terraced (including end-terrace),57,57,0,0,0
S01011777,Flat maisonette or apartment or mobile/temporary accommodation,49,48,1,0,1
S01011778,All household spaces,268,261,7,2,5
S01011778,Whole house or bungalow: Total,198,194,4,2,2
S01011778,Whole house or bungalow: Detached,113,113,0,0,0
S01011778,Whole house or bungalow: Semi-detached,9,9,0,0,0
S01011778,Whole house or bungalow: Terraced (including end-terrace),76,72,4,2,2
S01011778,Flat maisonette or apartment or mobile/temporary accommodation,70,67,3,0,3
S01011779,All household spaces,327,324,3,0,3
S01011779,Whole house or bungalow: Total,294,292,2,0,2
S01011779,Whole house or bungalow: Detached,149,148,1,0,1
S01011779,Whole house or bungalow: Semi-detached,128,127,1,0,1
S01011779,Whole house or bungalow: Terraced (including end-terrace),17,17,0,0,0
S01011779,Flat maisonette or apartment or mobile/temporary accommodation,33,32,1,0,1
S01011780,All household spaces,316,315,1,0,1
S01011780,Whole house or bungalow: Total,311,310,1,0,1
S01011780,Whole house or bungalow: Detached,249,248,1,0,1
S01011780,Whole house or bungalow: Semi-detached,54,54,0,0,0
S01011780,Whole house or bungalow: Terraced (including end-terrace),8,8,0,0,0
S01011780,Flat maisonette or apartment or mobile/temporary accommodation,5,5,0,0,0
S01011781,All household spaces,215,214,1,0,1
S01011781,Whole house or bungalow: Total,213,212,1,0,1
S01011781,Whole house or bungalow: Detached,164,163,1,0,1
S01011781,Whole house or bungalow: Semi-detached,43,43,0,0,0
S01011781,Whole house or bungalow: Terraced (including end-terrace),6,6,0,0,0
S01011781,Flat maisonette or apartment or mobile/temporary accommodation,2,2,0,0,0
S01011782,All household spaces,271,271,0,0,0
S01011782,Whole house or bungalow: Total,258,258,0,0,0
S01011782,Whole house or bungalow: Detached,192,192,0,0,0
S01011782,Whole house or bungalow: Semi-detached,51,51,0,0,0
S01011782,Whole house or bungalow: Terraced (including end-terrace),15,15,0,0,0
S01011782,Flat maisonette or apartment or mobile/temporary accommodation,13,13,0,0,0
S01011783,All household spaces,213,213,0,0,0
S01011783,Whole house or bungalow: Total,204,204,0,0,0
S01011783,Whole house or bungalow: Detached,112,112,0,0,0
S01011783,Whole house or bungalow: Semi-detached,68,68,0,0,0
S01011783,Whole house or bungalow: Terraced (including end-terrace),24,24,0,0,0
S01011783,Flat maisonette or apartment or mobile/temporary accommodation,9,9,0,0,0
S01011784,All household spaces,355,349,6,0,6
S01011784,Whole house or bungalow: Total,322,317,5,0,5
S01011784,Whole house or bungalow: Detached,17,17,0,0,0
S01011784,Whole house or bungalow: Semi-detached,46,46,0,0,0
S01011784,Whole house or bungalow: Terraced (including end-terrace),259,254,5,0,5
S01011784,Flat maisonette or apartment or mobile/temporary accommodation,33,32,1,0,1
S01011785,All household spaces,389,389,0,0,0
S01011785,Whole house or bungalow: Total,383,383,0,0,0
S01011785,Whole house or bungalow: Detached,14,14,0,0,0
S01011785,Whole house or bungalow: Semi-detached,53,53,0,0,0
S01011785,Whole house or bungalow: Terraced (including end-terrace),316,316,0,0,0
S01011785,Flat maisonette or apartment or mobile/temporary accommodation,6,6,0,0,0
S01011786,All household spaces,125,124,1,0,1
S01011786,Whole house or bungalow: Total,124,123,1,0,1
S01011786,Whole house or bungalow: Detached,71,71,0,0,0
S01011786,Whole house or bungalow: Semi-detached,49,48,1,0,1
S01011786,Whole house or bungalow: Terraced (including end-terrace),4,4,0,0,0
S01011786,Flat maisonette or apartment or mobile/temporary accommodation,1,1,0,0,0
S01011787,All household spaces,494,483,11,0,11
S01011787,Whole house or bungalow: Total,256,252,4,0,4
S01011787,Whole house or bungalow: Detached,25,25,0,0,0
S01011787,Whole house or bungalow: Semi-detached,50,50,0,0,0
S01011787,Whole house or bungalow: Terraced (including end-terrace),181,177,4,0,4
S01011787,Flat maisonette or apartment or mobile/temporary accommodation,238,231,7,0,7
S01011788,All household spaces,227,225,2,0,2
S01011788,Whole house or bungalow: Total,225,223,2,0,2
S01011788,Whole house or bungalow: Detached,194,192,2,0,2
S01011788,Whole house or bungalow: Semi-detached,14,14,0,0,0
S01011788,Whole house or bungalow: Terraced (including end-terrace),17,17,0,0,0
S01011788,Flat maisonette or apartment or mobile/temporary accommodation,2,2,0,0,0
S01011789,All household spaces,290,284,6,0,6
S01011789,Whole house or bungalow: Total,263,258,5,0,5
S01011789,Whole house or bungalow: Detached,108,106,2,0,2
S01011789,Whole house or bungalow: Semi-detached,81,78,3,0,3
S01011789,Whole house or bungalow: Terraced (including end-terrace),74,74,0,0,0
S01011789,Flat maisonette or apartment or mobile/temporary accommodation,27,26,1,0,1
S01011790,All household spaces,406,404,2,0,2
S01011790,Whole house or bungalow: Total,204,202,2,0,2
S01011790,Whole house or bungalow: Detached,139,138,1,0,1
S01011790,Whole house or bungalow: Semi-detached,41,40,1,0,1
S01011790,Whole house or bungalow: Terraced (including end-terrace),24,24,0,0,0
S01011790,Flat maisonette or apartment or mobile/temporary accommodation,202,202,0,0,0
S01011791,All household spaces,351,347,4,1,3
S01011791,Whole house or bungalow: Total,133,129,4,1,3
S01011791,Whole house or bungalow: Detached,36,35,1,0,1
S01011791,Whole house or bungalow: Semi-detached,57,57,0,0,0
S01011791,Whole house or bungalow: Terraced (including end-terrace),40,37,3,1,2
S01011791,Flat maisonette or apartment or mobile/temporary accommodation,218,218,0,0,0
S01011792,All household spaces,542,515,27,2,25
S01011792,Whole house or bungalow: Total,201,196,5,0,5
S01011792,Whole house or bungalow: Detached,98,96,2,0,2
S01011792,Whole house or bungalow: Semi-detached,35,33,2,0,2
S01011792,Whole house or bungalow: Terraced (including end-terrace),68,67,1,0,1
S01011792,Flat maisonette or apartment or mobile/temporary accommodation,341,319,22,2,20
S01011793,All household spaces,337,327,10,1,9
S01011793,Whole house or bungalow: Total,177,172,5,0,5
S01011793,Whole house or bungalow: Detached,83,83,0,0,0
S01011793,Whole house or bungalow: Semi-detached,75,72,3,0,3
S01011793,Whole house or bungalow: Terraced (including end-terrace),19,17,2,0,2
S01011793,Flat maisonette or apartment or mobile/temporary accommodation,160,155,5,1,4
S01011794,All household spaces,417,414,3,0,3
S01011794,Whole house or bungalow: Total,229,227,2,0,2
S01011794,Whole house or bungalow: Detached,70,70,0,0,0
S01011794,Whole house or bungalow: Semi-detached,63,62,1,0,1
S01011794,Whole house or bungalow: Terraced (including end-terrace),96,95,1,0,1
S01011794,Flat maisonette or apartment or mobile/temporary accommodation,188,187,1,0,1
S01011795,All household spaces,318,317,1,0,1
S01011795,Whole house or bungalow: Total,92,92,0,0,0
S01011795,Whole house or bungalow: Detached,35,35,0,0,0
S01011795,Whole house or bungalow: Semi-detached,44,44,0,0,0
S01011795,Whole house or bungalow: Terraced (including end-terrace),13,13,0,0,0
S01011795,Flat maisonette or apartment or mobile/temporary accommodation,226,225,1,0,1
S01011796,All household spaces,366,354,12,0,12
S01011796,Whole house or bungalow: Total,74,71,3,0,3
S01011796,Whole house or bungalow: Detached,19,19,0,0,0
S01011796,Whole house or bungalow: Semi-detached,32,31,1,0,1
S01011796,Whole house or bungalow: Terraced (including end-terrace),23,21,2,0,2
S01011796,Flat maisonette or apartment or mobile/temporary accommodation,292,283,9,0,9
S01011797,All household spaces,388,385,3,0,3
S01011797,Whole house or bungalow: Total,359,358,1,0,1
S01011797,Whole house or bungalow: Detached,209,209,0,0,0
S01011797,Whole house or bungalow: Semi-detached,138,137,1,0,1
S01011797,Whole house or bungalow: Terraced (including end-terrace),12,12,0,0,0
S01011797,Flat maisonette or apartment or mobile/temporary accommodation,29,27,2,0,2
S01011798,All household spaces,248,242,6,0,6
S01011798,Whole house or bungalow: Total,65,65,0,0,0
S01011798,Whole house or bungalow: Detached,9,9,0,0,0
S01011798,Whole house or bungalow: Semi-detached,32,32,0,0,0
S01011798,Whole house or bungalow: Terraced (including end-terrace),24,24,0,0,0
S01011798,Flat maisonette or apartment or mobile/temporary accommodation,183,177,6,0,6
S01011799,All household spaces,363,357,6,0,6
S01011799,Whole house or bungalow: Total,314,308,6,0,6
S01011799,Whole house or bungalow: Detached,113,111,2,0,2
S01011799,Whole house or bungalow: Semi-detached,77,76,1,0,1
S01011799,Whole house or bungalow: Terraced (including end-terrace),124,121,3,0,3
S01011799,Flat maisonette or apartment or mobile/temporary accommodation,49,49,0,0,0
S01011800,All household spaces,221,219,2,0,2
S01011800,Whole house or bungalow: Total,203,201,2,0,2
S01011800,Whole house or bungalow: Detached,5,5,0,0,0
S01011800,Whole house or bungalow: Semi-detached,52,51,1,0,1
S01011800,Whole house or bungalow: Terraced (including end-terrace),146,145,1,0,1
S01011800,Flat maisonette or apartment or mobile/temporary accommodation,18,18,0,0,0
S01011801,All household spaces,263,253,10,0,10
S01011801,Whole house or bungalow: Total,154,152,2,0,2
S01011801,Whole house or bungalow: Detached,6,6,0,0,0
S01011801,Whole house or bungalow: Semi-detached,23,23,0,0,0
S01011801,Whole house or bungalow: Terraced (including end-terrace),125,123,2,0,2
S01011801,Flat maisonette or apartment or mobile/temporary accommodation,109,101,8,0,8
S01011802,All household spaces,366,361,5,0,5
S01011802,Whole house or bungalow: Total,225,223,2,0,2
S01011802,Whole house or bungalow: Detached,10,10,0,0,0
S01011802,Whole house or bungalow: Semi-detached,71,69,2,0,2
S01011802,Whole house or bungalow: Terraced (including end-terrace),144,144,0,0,0
S01011802,Flat maisonette or apartment or mobile/temporary accommodation,141,138,3,0,3
S01011803,All household spaces,240,236,4,2,2
S01011803,Whole house or bungalow: Total,223,219,4,2,2
S01011803,Whole house or bungalow: Detached,36,34,2,1,1
S01011803,Whole house or bungalow: Semi-detached,113,111,2,1,1
S01011803,Whole house or bungalow: Terraced (including end-terrace),74,74,0,0,0
S01011803,Flat maisonette or apartment or mobile/temporary accommodation,17,17,0,0,0
S01011804,All household spaces,410,379,31,13,18
S01011804,Whole house or bungalow: Total,354,332,22,11,11
S01011804,Whole house or bungalow: Detached,83,78,5,3,2
S01011804,Whole house or bungalow: Semi-detached,162,153,9,3,6
S01011804,Whole house or bungalow: Terraced (including end-terrace),109,101,8,5,3
S01011804,Flat maisonette or apartment or mobile/temporary accommodation,56,47,9,2,7
S01011805,All household spaces,318,279,39,17,22
S01011805,Whole house or bungalow: Total,256,230,26,10,16
S01011805,Whole house or bungalow: Detached,99,90,9,3,6
S01011805,Whole house or bungalow: Semi-detached,99,90,9,4,5
S01011805,Whole house or bungalow: Terraced (including end-terrace),58,50,8,3,5
S01011805,Flat maisonette or apartment or mobile/temporary accommodation,62,49,13,7,6
S01011806,All household spaces,385,362,23,13,10
S01011806,Whole house or bungalow: Total,368,345,23,13,10
S01011806,Whole house or bungalow: Detached,253,239,14,8,6
S01011806,Whole house or bungalow: Semi-detached,101,96,5,2,3
S01011806,Whole house or bungalow: Terraced (including end-terrace),14,10,4,3,1
S01011806,Flat maisonette or apartment or mobile/temporary accommodation,17,17,0,0,0
S01011807,All household spaces,475,444,31,19,12
S01011807,Whole house or bungalow: Total,467,436,31,19,12
S01011807,Whole house or bungalow: Detached,422,393,29,17,12
S01011807,Whole house or bungalow: Semi-detached,37,35,2,2,0
S01011807,Whole house or bungalow: Terraced (including end-terrace),8,8,0,0,0
S01011807,Flat maisonette or apartment or mobile/temporary accommodation,8,8,0,0,0
S01011808,All household spaces,301,287,14,2,12
S01011808,Whole house or bungalow: Total,294,280,14,2,12
S01011808,Whole house or bungalow: Detached,194,186,8,2,6
S01011808,Whole house or bungalow: Semi-detached,97,91,6,0,6
S01011808,Whole house or bungalow: Terraced (including end-terrace),3,3,0,0,0
S01011808,Flat maisonette or apartment or mobile/temporary accommodation,7,7,0,0,0
S01011809,All household spaces,319,302,17,5,12
S01011809,Whole house or bungalow: Total,316,299,17,5,12
S01011809,Whole house or bungalow: Detached,280,265,15,5,10
S01011809,Whole house or bungalow: Semi-detached,35,33,2,0,2
S01011809,Whole house or bungalow: Terraced (including end-terrace),1,1,0,0,0
S01011809,Flat maisonette or apartment or mobile/temporary accommodation,3,3,0,0,0
S01011810,All household spaces,436,413,23,6,17
S01011810,Whole house or bungalow: Total,432,409,23,6,17
S01011810,Whole house or bungalow: Detached,371,349,22,6,16
S01011810,Whole house or bungalow: Semi-detached,60,59,1,0,1
S01011810,Whole house or bungalow: Terraced (including end-terrace),1,1,0,0,0
S01011810,Flat maisonette or apartment or mobile/temporary accommodation,4,4,0,0,0
S01011811,All household spaces,470,436,34,15,19
S01011811,Whole house or bungalow: Total,459,428,31,13,18
S01011811,Whole house or bungalow: Detached,433,403,30,13,17
S01011811,Whole house or bungalow: Semi-detached,25,24,1,0,1
S01011811,Whole house or bungalow: Terraced (including end-terrace),1,1,0,0,0
S01011811,Flat maisonette or apartment or mobile/temporary accommodation,11,8,3,2,1
S01011812,All household spaces,298,275,23,10,13
S01011812,Whole house or bungalow: Total,293,271,22,10,12
S01011812,Whole house or bungalow: Detached,270,248,22,10,12
S01011812,Whole house or bungalow: Semi-detached,22,22,0,0,0
S01011812,Whole house or bungalow: Terraced (including end-terrace),1,1,0,0,0
S01011812,Flat maisonette or apartment or mobile/temporary accommodation,5,4,1,0,1
S01011813,All household spaces,317,306,11,3,8
S01011813,Whole house or bungalow: Total,311,300,11,3,8
S01011813,Whole house or bungalow: Detached,238,229,9,2,7
S01011813,Whole house or bungalow: Semi-detached,64,63,1,1,0
S01011813,Whole house or bungalow: Terraced (including end-terrace),9,8,1,0,1
S01011813,Flat maisonette or apartment or mobile/temporary accommodation,6,6,0,0,0
S01011814,All household spaces,313,297,16,5,11
S01011814,Whole house or bungalow: Total,310,294,16,5,11
S01011814,Whole house or bungalow: Detached,281,266,15,4,11
S01011814,Whole house or bungalow: Semi-detached,27,26,1,1,0
S01011814,Whole house or bungalow: Terraced (including end-terrace),2,2,0,0,0
S01011814,Flat maisonette or apartment or mobile/temporary accommodation,3,3,0,0,0
S01011815,All household spaces,326,313,13,2,11
S01011815,Whole house or bungalow: Total,319,306,13,2,11
S01011815,Whole house or bungalow: Detached,242,232,10,2,8
S01011815,Whole house or bungalow: Semi-detached,65,62,3,0,3
S01011815,Whole house or bungalow: Terraced (including end-terrace),12,12,0,0,0
S01011815,Flat maisonette or apartment or mobile/temporary accommodation,7,7,0,0,0
S01011816,All household spaces,267,257,10,6,4
S01011816,Whole house or bungalow: Total,258,250,8,5,3
S01011816,Whole house or bungalow: Detached,240,233,7,5,2
S01011816,Whole house or bungalow: Semi-detached,16,15,1,0,1
S01011816,Whole house or bungalow: Terraced (including end-terrace),2,2,0,0,0
S01011816,Flat maisonette or apartment or mobile/temporary accommodation,9,7,2,1,1
S01011817,All household spaces,302,294,8,2,6
S01011817,Whole house or bungalow: Total,292,284,8,2,6
S01011817,Whole house or bungalow: Detached,252,246,6,2,4
S01011817,Whole house or bungalow: Semi-detached,35,33,2,0,2
S01011817,Whole house or bungalow: Terraced (including end-terrace),5,5,0,0,0
S01011817,Flat maisonette or apartment or mobile/temporary accommodation,10,10,0,0,0
S01011818,All household spaces,495,486,9,1,8
S01011818,Whole house or bungalow: Total,481,473,8,1,7
S01011818,Whole house or bungalow: Detached,237,234,3,0,3
S01011818,Whole house or bungalow: Semi-detached,214,209,5,1,4
S01011818,Whole house or bungalow: Terraced (including end-terrace),30,30,0,0,0
S01011818,Flat maisonette or apartment or mobile/temporary accommodation,14,13,1,0,1
S01011819,All household spaces,448,438,10,0,10
S01011819,Whole house or bungalow: Total,414,405,9,0,9
S01011819,Whole house or bungalow: Detached,48,48,0,0,0
S01011819,Whole house or bungalow: Semi-detached,245,242,3,0,3
S01011819,Whole house or bungalow: Terraced (including end-terrace),121,115,6,0,6
S01011819,Flat maisonette or apartment or mobile/temporary accommodation,34,33,1,0,1
S01011820,All household spaces,344,319,25,3,22
S01011820,Whole house or bungalow: Total,313,301,12,3,9
S01011820,Whole house or bungalow: Detached,157,153,4,1,3
S01011820,Whole house or bungalow: Semi-detached,106,101,5,2,3
S01011820,Whole house or bungalow: Terraced (including end-terrace),50,47,3,0,3
S01011820,Flat maisonette or apartment or mobile/temporary accommodation,31,18,13,0,13
S01011821,All household spaces,232,223,9,2,7
S01011821,Whole house or bungalow: Total,143,137,6,1,5
S01011821,Whole house or bungalow: Detached,39,38,1,0,1
S01011821,Whole house or bungalow: Semi-detached,71,68,3,1,2
S01011821,Whole house or bungalow: Terraced (including end-terrace),33,31,2,0,2
S01011821,Flat maisonette or apartment or mobile/temporary accommodation,89,86,3,1,2
S01011822,All household spaces,452,410,42,9,33
S01011822,Whole house or bungalow: Total,245,231,14,2,12
S01011822,Whole house or bungalow: Detached,69,67,2,0,2
S01011822,Whole house or bungalow: Semi-detached,94,86,8,1,7
S01011822,Whole house or bungalow: Terraced (including end-terrace),82,78,4,1,3
S01011822,Flat maisonette or apartment or mobile/temporary accommodation,207,179,28,7,21
S01011823,All household spaces,293,290,3,0,3
S01011823,Whole house or bungalow: Total,286,283,3,0,3
S01011823,Whole house or bungalow: Detached,107,105,2,0,2
S01011823,Whole house or bungalow: Semi-detached,112,112,0,0,0
S01011823,Whole house or bungalow: Terraced (including end-terrace),67,66,1,0,1
S01011823,Flat maisonette or apartment or mobile/temporary accommodation,7,7,0,0,0
S01011824,All household spaces,320,316,4,0,4
S01011824,Whole house or bungalow: Total,313,309,4,0,4
S01011824,Whole house or bungalow: Detached,54,54,0,0,0
S01011824,Whole house or bungalow: Semi-detached,121,118,3,0,3
S01011824,Whole house or bungalow: Terraced (including end-terrace),138,137,1,0,1
S01011824,Flat maisonette or apartment or mobile/temporary accommodation,7,7,0,0,0
S01011825,All household spaces,279,275,4,0,4
S01011825,Whole house or bungalow: Total,233,231,2,0,2
S01011825,Whole house or bungalow: Detached,80,80,0,0,0
S01011825,Whole house or bungalow: Semi-detached,137,135,2,0,2
S01011825,Whole house or bungalow: Terraced (including end-terrace),16,16,0,0,0
S01011825,Flat maisonette or apartment or mobile/temporary accommodation,46,44,2,0,2
S01011826,All household spaces,334,320,14,4,10
S01011826,Whole house or bungalow: Total,265,256,9,4,5
S01011826,Whole house or bungalow: Detached,122,118,4,2,2
S01011826,Whole house or bungalow: Semi-detached,103,103,0,0,0
S01011826,Whole house or bungalow: Terraced (including end-terrace),40,35,5,2,3
S01011826,Flat maisonette or apartment or mobile/temporary accommodation,69,64,5,0,5
S01011827,All household spaces,326,289,37,15,22
S01011827,Whole house or bungalow: Total,316,280,36,15,21
S01011827,Whole house or bungalow: Detached,225,203,22,15,7
S01011827,Whole house or bungalow: Semi-detached,77,67,10,0,10
S01011827,Whole house or bungalow: Terraced (including end-terrace),14,10,4,0,4
S01011827,Flat maisonette or apartment or mobile/temporary accommodation,10,9,1,0,1
S01011828,All household spaces,445,411,34,14,20
S01011828,Whole house or bungalow: Total,427,395,32,13,19
S01011828,Whole house or bungalow: Detached,340,315,25,11,14
S01011828,Whole house or bungalow: Semi-detached,68,61,7,2,5
S01011828,Whole house or bungalow: Terraced (including end-terrace),19,19,0,0,0
S01011828,Flat maisonette or apartment or mobile/temporary accommodation,18,16,2,1,1
S01011829,All household spaces,197,195,2,1,1
S01011829,Whole house or bungalow: Total,193,191,2,1,1
S01011829,Whole house or bungalow: Detached,163,161,2,1,1
S01011829,Whole house or bungalow: Semi-detached,28,28,0,0,0
S01011829,Whole house or bungalow: Terraced (including end-terrace),2,2,0,0,0
S01011829,Flat maisonette or apartment or mobile/temporary accommodation,4,4,0,0,0
S01011830,All household spaces,311,279,32,9,23
S01011830,Whole house or bungalow: Total,303,277,26,8,18
S01011830,Whole house or bungalow: Detached,241,220,21,7,14
S01011830,Whole house or bungalow: Semi-detached,49,47,2,0,2
S01011830,Whole house or bungalow: Terraced (including end-terrace),13,10,3,1,2
S01011830,Flat maisonette or apartment or mobile/temporary accommodation,8,2,6,1,5
S01011831,All household spaces,485,425,60,35,25
S01011831,Whole house or bungalow: Total,476,416,60,35,25
S01011831,Whole house or bungalow: Detached,403,356,47,28,19
S01011831,Whole house or bungalow: Semi-detached,70,57,13,7,6
S01011831,Whole house or bungalow: Terraced (including end-terrace),3,3,0,0,0
S01011831,Flat maisonette or apartment or mobile/temporary accommodation,9,9,0,0,0
S01011832,All household spaces,459,405,54,29,25
S01011832,Whole house or bungalow: Total,434,385,49,25,24
S01011832,Whole house or bungalow: Detached,346,305,41,22,19
S01011832,Whole house or bungalow: Semi-detached,82,74,8,3,5
S01011832,Whole house or bungalow: Terraced (including end-terrace),6,6,0,0,0
S01011832,Flat maisonette or apartment or mobile/temporary accommodation,25,20,5,4,1
S01011833,All household spaces,374,360,14,3,11
S01011833,Whole house or bungalow: Total,365,351,14,3,11
S01011833,Whole house or bungalow: Detached,312,300,12,2,10
S01011833,Whole house or bungalow: Semi-detached,49,47,2,1,1
S01011833,Whole house or bungalow: Terraced (including end-terrace),4,4,0,0,0
S01011833,Flat maisonette or apartment or mobile/temporary accommodation,9,9,0,0,0
S01011834,All household spaces,186,180,6,2,4
S01011834,Whole house or bungalow: Total,179,173,6,2,4
S01011834,Whole house or bungalow: Detached,148,142,6,2,4
S01011834,Whole house or bungalow: Semi-detached,20,20,0,0,0
S01011834,Whole house or bungalow: Terraced (including end-terrace),11,11,0,0,0
S01011834,Flat maisonette or apartment or mobile/temporary accommodation,7,7,0,0,0
S01011835,All household spaces,292,278,14,3,11
S01011835,Whole house or bungalow: Total,281,268,13,2,11
S01011835,Whole house or bungalow: Detached,220,212,8,1,7
S01011835,Whole house or bungalow: Semi-detached,41,39,2,0,2
S01011835,Whole house or bungalow: Terraced (including end-terrace),20,17,3,1,2
S01011835,Flat maisonette or apartment or mobile/temporary accommodation,11,10,1,1,0
S01011836,All household spaces,347,332,15,6,9
S01011836,Whole house or bungalow: Total,332,318,14,6,8
S01011836,Whole house or bungalow: Detached,265,253,12,5,7
S01011836,Whole house or bungalow: Semi-detached,52,52,0,0,0
S01011836,Whole house or bungalow: Terraced (including end-terrace),15,13,2,1,1
S01011836,Flat maisonette or apartment or mobile/temporary accommodation,15,14,1,0,1
S01011837,All household spaces,268,255,13,0,13
S01011837,Whole house or bungalow: Total,252,242,10,0,10
S01011837,Whole house or bungalow: Detached,194,190,4,0,4
S01011837,Whole house or bungalow: Semi-detached,41,37,4,0,4
S01011837,Whole house or bungalow: Terraced (including end-terrace),17,15,2,0,2
S01011837,Flat maisonette or apartment or mobile/temporary accommodation,16,13,3,0,3
S01011838,All household spaces,328,327,1,0,1
S01011838,Whole house or bungalow: Total,307,306,1,0,1
S01011838,Whole house or bungalow: Detached,241,240,1,0,1
S01011838,Whole house or bungalow: Semi-detached,57,57,0,0,0
S01011838,Whole house or bungalow: Terraced (including end-terrace),9,9,0,0,0
S01011838,Flat maisonette or apartment or mobile/temporary accommodation,21,21,0,0,0
S01011839,All household spaces,456,444,12,2,10
S01011839,Whole house or bungalow: Total,435,426,9,1,8
S01011839,Whole house or bungalow: Detached,213,213,0,0,0
S01011839,Whole house or bungalow: Semi-detached,179,171,8,1,7
S01011839,Whole house or bungalow: Terraced (including end-terrace),43,42,1,0,1
S01011839,Flat maisonette or apartment or mobile/temporary accommodation,21,18,3,1,2
S01011840,All household spaces,420,406,14,0,14
S01011840,Whole house or bungalow: Total,409,395,14,0,14
S01011840,Whole house or bungalow: Detached,166,160,6,0,6
S01011840,Whole house or bungalow: Semi-detached,182,176,6,0,6
S01011840,Whole house or bungalow: Terraced (including end-terrace),61,59,2,0,2
S01011840,Flat maisonette or apartment or mobile/temporary accommodation,11,11,0,0,0
S01011841,All household spaces,430,415,15,0,15
S01011841,Whole house or bungalow: Total,321,313,8,0,8
S01011841,Whole house or bungalow: Detached,148,147,1,0,1
S01011841,Whole house or bungalow: Semi-detached,104,102,2,0,2
S01011841,Whole house or bungalow: Terraced (including end-terrace),69,64,5,0,5
S01011841,Flat maisonette or apartment or mobile/temporary accommodation,109,102,7,0,7
S01011842,All household spaces,480,462,18,0,18
S01011842,Whole house or bungalow: Total,376,366,10,0,10
S01011842,Whole house or bungalow: Detached,86,85,1,0,1
S01011842,Whole house or bungalow: Semi-detached,145,144,1,0,1
S01011842,Whole house or bungalow: Terraced (including end-terrace),145,137,8,0,8
S01011842,Flat maisonette or apartment or mobile/temporary accommodation,104,96,8,0,8
S01011843,All household spaces,444,415,29,13,16
S01011843,Whole house or bungalow: Total,411,390,21,8,13
S01011843,Whole house or bungalow: Detached,341,323,18,7,11
S01011843,Whole house or bungalow: Semi-detached,62,59,3,1,2
S01011843,Whole house or bungalow: Terraced (including end-terrace),8,8,0,0,0
S01011843,Flat maisonette or apartment or mobile/temporary accommodation,33,25,8,5,3
S01011844,All household spaces,301,295,6,1,5
S01011844,Whole house or bungalow: Total,274,269,5,1,4
S01011844,Whole house or bungalow: Detached,221,218,3,1,2
S01011844,Whole house or bungalow: Semi-detached,25,23,2,0,2
S01011844,Whole house or bungalow: Terraced (including end-terrace),28,28,0,0,0
S01011844,Flat maisonette or apartment or mobile/temporary accommodation,27,26,1,0,1
S01011845,All household spaces,397,382,15,1,14
S01011845,Whole house or bungalow: Total,355,342,13,1,12
S01011845,Whole house or bungalow: Detached,138,135,3,0,3
S01011845,Whole house or bungalow: Semi-detached,112,111,1,1,0
S01011845,Whole house or bungalow: Terraced (including end-terrace),105,96,9,0,9
S01011845,Flat maisonette or apartment or mobile/temporary accommodation,42,40,2,0,2
S01011846,All household spaces,398,385,13,5,8
S01011846,Whole house or bungalow: Total,344,332,12,5,7
S01011846,Whole house or bungalow: Detached,201,194,7,4,3
S01011846,Whole house or bungalow: Semi-detached,95,92,3,0,3
S01011846,Whole house or bungalow: Terraced (including end-terrace),48,46,2,1,1
S01011846,Flat maisonette or apartment or mobile/temporary accommodation,54,53,1,0,1
S01011847,All household spaces,189,178,11,3,8
S01011847,Whole house or bungalow: Total,186,175,11,3,8
S01011847,Whole house or bungalow: Detached,150,142,8,3,5
S01011847,Whole house or bungalow: Semi-detached,30,27,3,0,3
S01011847,Whole house or bungalow: Terraced (including end-terrace),6,6,0,0,0
S01011847,Flat maisonette or apartment or mobile/temporary accommodation,3,3,0,0,0
S01011848,All household spaces,327,305,22,4,18
S01011848,Whole house or bungalow: Total,299,280,19,2,17
S01011848,Whole house or bungalow: Detached,205,196,9,1,8
S01011848,Whole house or bungalow: Semi-detached,60,56,4,0,4
S01011848,Whole house or bungalow: Terraced (including end-terrace),34,28,6,1,5
S01011848,Flat maisonette or apartment or mobile/temporary accommodation,28,25,3,2,1
S01011849,All household spaces,369,352,17,8,9
S01011849,Whole house or bungalow: Total,313,299,14,7,7
S01011849,Whole house or bungalow: Detached,129,119,10,6,4
S01011849,Whole house or bungalow: Semi-detached,139,136,3,0,3
S01011849,Whole house or bungalow: Terraced (including end-terrace),45,44,1,1,0
S01011849,Flat maisonette or apartment or mobile/temporary accommodation,56,53,3,1,2
S01011850,All household spaces,447,314,133,110,23
S01011850,Whole house or bungalow: Total,314,250,64,44,20
S01011850,Whole house or bungalow: Detached,256,207,49,31,18
S01011850,Whole house or bungalow: Semi-detached,36,34,2,2,0
S01011850,Whole house or bungalow: Terraced (including end-terrace),22,9,13,11,2
S01011850,Flat maisonette or apartment or mobile/temporary accommodation,133,64,69,66,3
S01011851,All household spaces,379,368,11,8,3
S01011851,Whole house or bungalow: Total,342,331,11,8,3
S01011851,Whole house or bungalow: Detached,134,129,5,4,1
S01011851,Whole house or bungalow: Semi-detached,139,136,3,2,1
S01011851,Whole house or bungalow: Terraced (including end-terrace),69,66,3,2,1
S01011851,Flat maisonette or apartment or mobile/temporary accommodation,37,37,0,0,0
S01011852,All household spaces,489,460,29,3,26
S01011852,Whole house or bungalow: Total,344,328,16,2,14
S01011852,Whole house or bungalow: Detached,128,122,6,0,6
S01011852,Whole house or bungalow: Semi-detached,101,99,2,0,2
S01011852,Whole house or bungalow: Terraced (including end-terrace),115,107,8,2,6
S01011852,Flat maisonette or apartment or mobile/temporary accommodation,145,132,13,1,12
S01011853,All household spaces,317,304,13,3,10
S01011853,Whole house or bungalow: Total,223,210,13,3,10
S01011853,Whole house or bungalow: Detached,142,134,8,2,6
S01011853,Whole house or bungalow: Semi-detached,52,50,2,1,1
S01011853,Whole house or bungalow: Terraced (including end-terrace),29,26,3,0,3
S01011853,Flat maisonette or apartment or mobile/temporary accommodation,94,94,0,0,0
S01011854,All household spaces,372,356,16,2,14
S01011854,Whole house or bungalow: Total,318,306,12,2,10
S01011854,Whole house or bungalow: Detached,220,213,7,2,5
S01011854,Whole house or bungalow: Semi-detached,56,53,3,0,3
S01011854,Whole house or bungalow: Terraced (including end-terrace),42,40,2,0,2
S01011854,Flat maisonette or apartment or mobile/temporary accommodation,54,50,4,0,4
S01011855,All household spaces,380,364,16,4,12
S01011855,Whole house or bungalow: Total,339,325,14,4,10
S01011855,Whole house or bungalow: Detached,61,59,2,0,2
S01011855,Whole house or bungalow: Semi-detached,129,124,5,2,3
S01011855,Whole house or bungalow: Terraced (including end-terrace),149,142,7,2,5
S01011855,Flat maisonette or apartment or mobile/temporary accommodation,41,39,2,0,2
S01011856,All household spaces,326,309,17,10,7
S01011856,Whole house or bungalow: Total,323,306,17,10,7
S01011856,Whole house or bungalow: Detached,309,292,17,10,7
S01011856,Whole house or bungalow: Semi-detached,11,11,0,0,0
S01011856,Whole house or bungalow: Terraced (including end-terrace),3,3,0,0,0
S01011856,Flat maisonette or apartment or mobile/temporary accommodation,3,3,0,0,0
S01011857,All household spaces,321,301,20,12,8
S01011857,Whole house or bungalow: Total,312,292,20,12,8
S01011857,Whole house or bungalow: Detached,196,180,16,11,5
S01011857,Whole house or bungalow: Semi-detached,78,74,4,1,3
S01011857,Whole house or bungalow: Terraced (including end-terrace),38,38,0,0,0
S01011857,Flat maisonette or apartment or mobile/temporary accommodation,9,9,0,0,0
S01011858,All household spaces,447,403,44,32,12
S01011858,Whole house or bungalow: Total,435,391,44,32,12
S01011858,Whole house or bungalow: Detached,316,279,37,28,9
S01011858,Whole house or bungalow: Semi-detached,79,76,3,2,1
S01011858,Whole house or bungalow: Terraced (including end-terrace),40,36,4,2,2
S01011858,Flat maisonette or apartment or mobile/temporary accommodation,12,12,0,0,0
S01011859,All household spaces,467,446,21,14,7
S01011859,Whole house or bungalow: Total,429,409,20,13,7
S01011859,Whole house or bungalow: Detached,234,221,13,10,3
S01011859,Whole house or bungalow: Semi-detached,149,145,4,3,1
S01011859,Whole house or bungalow: Terraced (including end-terrace),46,43,3,0,3
S01011859,Flat maisonette or apartment or mobile/temporary accommodation,38,37,1,1,0
S01011860,All household spaces,241,206,35,31,4
S01011860,Whole house or bungalow: Total,234,199,35,31,4
S01011860,Whole house or bungalow: Detached,184,153,31,28,3
S01011860,Whole house or bungalow: Semi-detached,36,35,1,0,1
S01011860,Whole house or bungalow: Terraced (including end-terrace),14,11,3,3,0
S01011860,Flat maisonette or apartment or mobile/temporary accommodation,7,7,0,0,0
S01011861,All household spaces,431,343,88,83,5
S01011861,Whole house or bungalow: Total,369,283,86,81,5
S01011861,Whole house or bungalow: Detached,258,188,70,67,3
S01011861,Whole house or bungalow: Semi-detached,69,60,9,7,2
S01011861,Whole house or bungalow: Terraced (including end-terrace),42,35,7,7,0
S01011861,Flat maisonette or apartment or mobile/temporary accommodation,62,60,2,2,0
S01011862,All household spaces,444,425,19,12,7
S01011862,Whole house or bungalow: Total,348,333,15,10,5
S01011862,Whole house or bungalow: Detached,295,283,12,10,2
S01011862,Whole house or bungalow: Semi-detached,45,43,2,0,2
S01011862,Whole house or bungalow: Terraced (including end-terrace),8,7,1,0,1
S01011862,Flat maisonette or apartment or mobile/temporary accommodation,96,92,4,2,2
S01011863,All household spaces,355,328,27,8,19
S01011863,Whole house or bungalow: Total,217,207,10,4,6
S01011863,Whole house or bungalow: Detached,129,125,4,1,3
S01011863,Whole house or bungalow: Semi-detached,67,63,4,2,2
S01011863,Whole house or bungalow: Terraced (including end-terrace),21,19,2,1,1
S01011863,Flat maisonette or apartment or mobile/temporary accommodation,138,121,17,4,13
S01011864,All household spaces,330,315,15,6,9
S01011864,Whole house or bungalow: Total,296,282,14,5,9
S01011864,Whole house or bungalow: Detached,188,177,11,3,8
S01011864,Whole house or bungalow: Semi-detached,81,81,0,0,0
S01011864,Whole house or bungalow: Terraced (including end-terrace),27,24,3,2,1
S01011864,Flat maisonette or apartment or mobile/temporary accommodation,34,33,1,1,0
S01011865,All household spaces,299,291,8,2,6
S01011865,Whole house or bungalow: Total,228,221,7,2,5
S01011865,Whole house or bungalow: Detached,80,78,2,1,1
S01011865,Whole house or bungalow: Semi-detached,96,95,1,1,0
S01011865,Whole house or bungalow: Terraced (including end-terrace),52,48,4,0,4
S01011865,Flat maisonette or apartment or mobile/temporary accommodation,71,70,1,0,1
S01011866,All household spaces,345,341,4,0,4
S01011866,Whole house or bungalow: Total,304,300,4,0,4
S01011866,Whole house or bungalow: Detached,201,198,3,0,3
S01011866,Whole house or bungalow: Semi-detached,62,61,1,0,1
S01011866,Whole house or bungalow: Terraced (including end-terrace),41,41,0,0,0
S01011866,Flat maisonette or apartment or mobile/temporary accommodation,41,41,0,0,0
S01011867,All household spaces,451,444,7,1,6
S01011867,Whole house or bungalow: Total,302,297,5,1,4
S01011867,Whole house or bungalow: Detached,74,72,2,1,1
S01011867,Whole house or bungalow: Semi-detached,129,126,3,0,3
S01011867,Whole house or bungalow: Terraced (including end-terrace),99,99,0,0,0
S01011867,Flat maisonette or apartment or mobile/temporary accommodation,149,147,2,0,2
S01011868,All household spaces,448,416,32,3,29
S01011868,Whole house or bungalow: Total,231,223,8,2,6
S01011868,Whole house or bungalow: Detached,97,96,1,0,1
S01011868,Whole house or bungalow: Semi-detached,62,60,2,1,1
S01011868,Whole house or bungalow: Terraced (including end-terrace),72,67,5,1,4
S01011868,Flat maisonette or apartment or mobile/temporary accommodation,217,193,24,1,23
S01011869,All household spaces,443,409,34,6,28
S01011869,Whole house or bungalow: Total,173,160,13,4,9
S01011869,Whole house or bungalow: Detached,52,49,3,1,2
S01011869,Whole house or bungalow: Semi-detached,42,39,3,2,1
S01011869,Whole house or bungalow: Terraced (including end-terrace),79,72,7,1,6
S01011869,Flat maisonette or apartment or mobile/temporary accommodation,270,249,21,2,19
S01011870,All household spaces,334,315,19,3,16
S01011870,Whole house or bungalow: Total,208,195,13,3,10
S01011870,Whole house or bungalow: Detached,85,81,4,2,2
S01011870,Whole house or bungalow: Semi-detached,74,69,5,0,5
S01011870,Whole house or bungalow: Terraced (including end-terrace),49,45,4,1,3
S01011870,Flat maisonette or apartment or mobile/temporary accommodation,126,120,6,0,6
S01011871,All household spaces,473,438,35,8,27
S01011871,Whole house or bungalow: Total,449,415,34,8,26
S01011871,Whole house or bungalow: Detached,273,246,27,8,19
S01011871,Whole house or bungalow: Semi-detached,116,112,4,0,4
S01011871,Whole house or bungalow: Terraced (including end-terrace),60,57,3,0,3
S01011871,Flat maisonette or apartment or mobile/temporary accommodation,24,23,1,0,1
S01011872,All household spaces,401,365,36,12,24
S01011872,Whole house or bungalow: Total,386,351,35,11,24
S01011872,Whole house or bungalow: Detached,320,299,21,6,15
S01011872,Whole house or bungalow: Semi-detached,36,32,4,2,2
S01011872,Whole house or bungalow: Terraced (including end-terrace),30,20,10,3,7
S01011872,Flat maisonette or apartment or mobile/temporary accommodation,15,14,1,1,0
S01011873,All household spaces,351,339,12,2,10
S01011873,Whole house or bungalow: Total,308,297,11,2,9
S01011873,Whole house or bungalow: Detached,196,192,4,0,4
S01011873,Whole house or bungalow: Semi-detached,71,66,5,0,5
S01011873,Whole house or bungalow: Terraced (including end-terrace),41,39,2,2,0
S01011873,Flat maisonette or apartment or mobile/temporary accommodation,43,42,1,0,1
S01011874,All household spaces,289,285,4,1,3
S01011874,Whole house or bungalow: Total,263,259,4,1,3
S01011874,Whole house or bungalow: Detached,137,134,3,1,2
S01011874,Whole house or bungalow: Semi-detached,77,76,1,0,1
S01011874,Whole house or bungalow: Terraced (including end-terrace),49,49,0,0,0
S01011874,Flat maisonette or apartment or mobile/temporary accommodation,26,26,0,0,0
S01011875,All household spaces,324,322,2,0,2
S01011875,Whole house or bungalow: Total,283,281,2,0,2
S01011875,Whole house or bungalow: Detached,84,83,1,0,1
S01011875,Whole house or bungalow: Semi-detached,108,108,0,0,0
S01011875,Whole house or bungalow: Terraced (including end-terrace),91,90,1,0,1
S01011875,Flat maisonette or apartment or mobile/temporary accommodation,41,41,0,0,0
S01011876,All household spaces,410,398,12,2,10
S01011876,Whole house or bungalow: Total,387,375,12,2,10
S01011876,Whole house or bungalow: Detached,211,208,3,1,2
S01011876,Whole house or bungalow: Semi-detached,109,104,5,0,5
S01011876,Whole house or bungalow: Terraced (including end-terrace),67,63,4,1,3
S01011876,Flat maisonette or apartment or mobile/temporary accommodation,23,23,0,0,0
S01011877,All household spaces,266,262,4,1,3
S01011877,Whole house or bungalow: Total,225,221,4,1,3
S01011877,Whole house or bungalow: Detached,89,85,4,1,3
S01011877,Whole house or bungalow: Semi-detached,95,95,0,0,0
S01011877,Whole house or bungalow: Terraced (including end-terrace),41,41,0,0,0
S01011877,Flat maisonette or apartment or mobile/temporary accommodation,41,41,0,0,0
S01011878,All household spaces,399,379,20,1,19
S01011878,Whole house or bungalow: Total,375,356,19,1,18
S01011878,Whole house or bungalow: Detached,268,252,16,1,15
S01011878,Whole house or bungalow: Semi-detached,91,88,3,0,3
S01011878,Whole house or bungalow: Terraced (including end-terrace),16,16,0,0,0
S01011878,Flat maisonette or apartment or mobile/temporary accommodation,24,23,1,0,1
S01011879,All household spaces,219,218,1,0,1
S01011879,Whole house or bungalow: Total,206,205,1,0,1
S01011879,Whole house or bungalow: Detached,153,152,1,0,1
S01011879,Whole house or bungalow: Semi-detached,43,43,0,0,0
S01011879,Whole house or bungalow: Terraced (including end-terrace),10,10,0,0,0
S01011879,Flat maisonette or apartment or mobile/temporary accommodation,13,13,0,0,0
S01011880,All household spaces,260,241,19,10,9
S01011880,Whole house or bungalow: Total,254,235,19,10,9
S01011880,Whole house or bungalow: Detached,171,155,16,9,7
S01011880,Whole house or bungalow: Semi-detached,65,63,2,1,1
S01011880,Whole house or bungalow: Terraced (including end-terrace),18,17,1,0,1
S01011880,Flat maisonette or apartment or mobile/temporary accommodation,6,6,0,0,0
S01011881,All household spaces,408,371,37,18,19
S01011881,Whole house or bungalow: Total,269,249,20,13,7
S01011881,Whole house or bungalow: Detached,110,97,13,13,0
S01011881,Whole house or bungalow: Semi-detached,123,116,7,0,7
S01011881,Whole house or bungalow: Terraced (including end-terrace),36,36,0,0,0
S01011881,Flat maisonette or apartment or mobile/temporary accommodation,139,122,17,5,12
S01011882,All household spaces,462,450,12,0,12
S01011882,Whole house or bungalow: Total,389,378,11,0,11
S01011882,Whole house or bungalow: Detached,80,79,1,0,1
S01011882,Whole house or bungalow: Semi-detached,226,220,6,0,6
S01011882,Whole house or bungalow: Terraced (including end-terrace),83,79,4,0,4
S01011882,Flat maisonette or apartment or mobile/temporary accommodation,73,72,1,0,1
S01011883,All household spaces,485,439,46,6,40
S01011883,Whole house or bungalow: Total,456,412,44,5,39
S01011883,Whole house or bungalow: Detached,295,265,30,5,25
S01011883,Whole house or bungalow: Semi-detached,95,92,3,0,3
S01011883,Whole house or bungalow: Terraced (including end-terrace),66,55,11,0,11
S01011883,Flat maisonette or apartment or mobile/temporary accommodation,29,27,2,1,1
S01011884,All household spaces,177,169,8,2,6
S01011884,Whole house or bungalow: Total,174,166,8,2,6
S01011884,Whole house or bungalow: Detached,125,118,7,2,5
S01011884,Whole house or bungalow: Semi-detached,30,30,0,0,0
S01011884,Whole house or bungalow: Terraced (including end-terrace),19,18,1,0,1
S01011884,Flat maisonette or apartment or mobile/temporary accommodation,3,3,0,0,0
S01011885,All household spaces,281,270,11,2,9
S01011885,Whole house or bungalow: Total,264,255,9,1,8
S01011885,Whole house or bungalow: Detached,164,160,4,0,4
S01011885,Whole house or bungalow: Semi-detached,79,74,5,1,4
S01011885,Whole house or bungalow: Terraced (including end-terrace),21,21,0,0,0
S01011885,Flat maisonette or apartment or mobile/temporary accommodation,17,15,2,1,1
S01011886,All household spaces,381,368,13,0,13
S01011886,Whole house or bungalow: Total,355,343,12,0,12
S01011886,Whole house or bungalow: Detached,227,223,4,0,4
S01011886,Whole house or bungalow: Semi-detached,74,69,5,0,5
S01011886,Whole house or bungalow: Terraced (including end-terrace),54,51,3,0,3
S01011886,Flat maisonette or apartment or mobile/temporary accommodation,26,25,1,0,1
S01011887,All household spaces,233,230,3,1,2
S01011887,Whole house or bungalow: Total,204,202,2,1,1
S01011887,Whole house or bungalow: Detached,32,32,0,0,0
S01011887,Whole house or bungalow: Semi-detached,158,156,2,1,1
S01011887,Whole house or bungalow: Terraced (including end-terrace),14,14,0,0,0
S01011887,Flat maisonette or apartment or mobile/temporary accommodation,29,28,1,0,1
S01011888,All household spaces,374,369,5,0,5
S01011888,Whole house or bungalow: Total,266,264,2,0,2
S01011888,Whole house or bungalow: Detached,27,27,0,0,0
S01011888,Whole house or bungalow: Semi-detached,213,211,2,0,2
S01011888,Whole house or bungalow: Terraced (including end-terrace),26,26,0,0,0
S01011888,Flat maisonette or apartment or mobile/temporary accommodation,108,105,3,0,3
S01011889,All household spaces,436,430,6,0,6
S01011889,Whole house or bungalow: Total,260,257,3,0,3
S01011889,Whole house or bungalow: Detached,84,83,1,0,1
S01011889,Whole house or bungalow: Semi-detached,146,144,2,0,2
S01011889,Whole house or bungalow: Terraced (including end-terrace),30,30,0,0,0
S01011889,Flat maisonette or apartment or mobile/temporary accommodation,176,173,3,0,3
S01011890,All household spaces,304,300,4,0,4
S01011890,Whole house or bungalow: Total,227,225,2,0,2
S01011890,Whole house or bungalow: Detached,42,41,1,0,1
S01011890,Whole house or bungalow: Semi-detached,160,159,1,0,1
S01011890,Whole house or bungalow: Terraced (including end-terrace),25,25,0,0,0
S01011890,Flat maisonette or apartment or mobile/temporary accommodation,77,75,2,0,2
S01011891,All household spaces,389,378,11,4,7
S01011891,Whole house or bungalow: Total,121,118,3,0,3
S01011891,Whole house or bungalow: Detached,8,8,0,0,0
S01011891,Whole house or bungalow: Semi-detached,64,62,2,0,2
S01011891,Whole house or bungalow: Terraced (including end-terrace),49,48,1,0,1
S01011891,Flat maisonette or apartment or mobile/temporary accommodation,268,260,8,4,4
S01011892,All household spaces,523,503,20,2,18
S01011892,Whole house or bungalow: Total,183,177,6,0,6
S01011892,Whole house or bungalow: Detached,27,27,0,0,0
S01011892,Whole house or bungalow: Semi-detached,86,83,3,0,3
S01011892,Whole house or bungalow: Terraced (including end-terrace),70,67,3,0,3
S01011892,Flat maisonette or apartment or mobile/temporary accommodation,340,326,14,2,12
S01011893,All household spaces,515,500,15,1,14
S01011893,Whole house or bungalow: Total,185,177,8,0,8
S01011893,Whole house or bungalow: Detached,50,47,3,0,3
S01011893,Whole house or bungalow: Semi-detached,118,114,4,0,4
S01011893,Whole house or bungalow: Terraced (including end-terrace),17,16,1,0,1
S01011893,Flat maisonette or apartment or mobile/temporary accommodation,330,323,7,1,6
S01011894,All household spaces,299,291,8,0,8
S01011894,Whole house or bungalow: Total,190,185,5,0,5
S01011894,Whole house or bungalow: Detached,64,62,2,0,2
S01011894,Whole house or bungalow: Semi-detached,107,104,3,0,3
S01011894,Whole house or bungalow: Terraced (including end-terrace),19,19,0,0,0
S01011894,Flat maisonette or apartment or mobile/temporary accommodation,109,106,3,0,3
S01011895,All household spaces,312,305,7,3,4
S01011895,Whole house or bungalow: Total,233,229,4,2,2
S01011895,Whole house or bungalow: Detached,133,131,2,0,2
S01011895,Whole house or bungalow: Semi-detached,68,68,0,0,0
S01011895,Whole house or bungalow: Terraced (including end-terrace),32,30,2,2,0
S01011895,Flat maisonette or apartment or mobile/temporary accommodation,79,76,3,1,2
S01011896,All household spaces,433,421,12,0,12
S01011896,Whole house or bungalow: Total,270,266,4,0,4
S01011896,Whole house or bungalow: Detached,49,48,1,0,1
S01011896,Whole house or bungalow: Semi-detached,200,197,3,0,3
S01011896,Whole house or bungalow: Terraced (including end-terrace),21,21,0,0,0
S01011896,Flat maisonette or apartment or mobile/temporary accommodation,163,155,8,0,8
S01011897,All household spaces,448,436,12,0,12
S01011897,Whole house or bungalow: Total,365,354,11,0,11
S01011897,Whole house or bungalow: Detached,91,88,3,0,3
S01011897,Whole house or bungalow: Semi-detached,242,236,6,0,6
S01011897,Whole house or bungalow: Terraced (including end-terrace),32,30,2,0,2
S01011897,Flat maisonette or apartment or mobile/temporary accommodation,83,82,1,0,1
S01011898,All household spaces,251,246,5,2,3
S01011898,Whole house or bungalow: Total,221,218,3,1,2
S01011898,Whole house or bungalow: Detached,163,162,1,0,1
S01011898,Whole house or bungalow: Semi-detached,45,44,1,0,1
S01011898,Whole house or bungalow: Terraced (including end-terrace),13,12,1,1,0
S01011898,Flat maisonette or apartment or mobile/temporary accommodation,30,28,2,1,1
S01011899,All household spaces,355,352,3,0,3
S01011899,Whole house or bungalow: Total,343,340,3,0,3
S01011899,Whole house or bungalow: Detached,224,222,2,0,2
S01011899,Whole house or bungalow: Semi-detached,104,103,1,0,1
S01011899,Whole house or bungalow: Terraced (including end-terrace),15,15,0,0,0
S01011899,Flat maisonette or apartment or mobile/temporary accommodation,12,12,0,0,0
S01011900,All household spaces,302,293,9,0,9
S01011900,Whole house or bungalow: Total,297,288,9,0,9
S01011900,Whole house or bungalow: Detached,225,218,7,0,7
S01011900,Whole house or bungalow: Semi-detached,67,66,1,0,1
S01011900,Whole house or bungalow: Terraced (including end-terrace),5,4,1,0,1
S01011900,Flat maisonette or apartment or mobile/temporary accommodation,5,5,0,0,0
S01011901,All household spaces,410,397,13,4,9
S01011901,Whole house or bungalow: Total,288,280,8,1,7
S01011901,Whole house or bungalow: Detached,187,184,3,0,3
S01011901,Whole house or bungalow: Semi-detached,85,81,4,1,3
S01011901,Whole house or bungalow: Terraced (including end-terrace),16,15,1,0,1
S01011901,Flat maisonette or apartment or mobile/temporary accommodation,122,117,5,3,2
S01011902,All household spaces,472,465,7,0,7
S01011902,Whole house or bungalow: Total,460,454,6,0,6
S01011902,Whole house or bungalow: Detached,339,336,3,0,3
S01011902,Whole house or bungalow: Semi-detached,102,100,2,0,2
S01011902,Whole house or bungalow: Terraced (including end-terrace),19,18,1,0,1
S01011902,Flat maisonette or apartment or mobile/temporary accommodation,12,11,1,0,1
S01011903,All household spaces,360,352,8,0,8
S01011903,Whole house or bungalow: Total,346,339,7,0,7
S01011903,Whole house or bungalow: Detached,244,239,5,0,5
S01011903,Whole house or bungalow: Semi-detached,95,93,2,0,2
S01011903,Whole house or bungalow: Terraced (including end-terrace),7,7,0,0,0
S01011903,Flat maisonette or apartment or mobile/temporary accommodation,14,13,1,0,1
S01011904,All household spaces,329,324,5,2,3
S01011904,Whole house or bungalow: Total,308,303,5,2,3
S01011904,Whole house or bungalow: Detached,197,196,1,0,1
S01011904,Whole house or bungalow: Semi-detached,97,93,4,2,2
S01011904,Whole house or bungalow: Terraced (including end-terrace),14,14,0,0,0
S01011904,Flat maisonette or apartment or mobile/temporary accommodation,21,21,0,0,0
S01011905,All household spaces,284,280,4,0,4
S01011905,Whole house or bungalow: Total,271,268,3,0,3
S01011905,Whole house or bungalow: Detached,242,239,3,0,3
S01011905,Whole house or bungalow: Semi-detached,19,19,0,0,0
S01011905,Whole house or bungalow: Terraced (including end-terrace),10,10,0,0,0
S01011905,Flat maisonette or apartment or mobile/temporary accommodation,13,12,1,0,1
S01011906,All household spaces,201,201,0,0,0
S01011906,Whole house or bungalow: Total,189,189,0,0,0
S01011906,Whole house or bungalow: Detached,106,106,0,0,0
S01011906,Whole house or bungalow: Semi-detached,54,54,0,0,0
S01011906,Whole house or bungalow: Terraced (including end-terrace),29,29,0,0,0
S01011906,Flat maisonette or apartment or mobile/temporary accommodation,12,12,0,0,0
S01011907,All household spaces,344,338,6,0,6
S01011907,Whole house or bungalow: Total,318,312,6,0,6
S01011907,Whole house or bungalow: Detached,132,131,1,0,1
S01011907,Whole house or bungalow: Semi-detached,131,130,1,0,1
S01011907,Whole house or bungalow: Terraced (including end-terrace),55,51,4,0,4
S01011907,Flat maisonette or apartment or mobile/temporary accommodation,26,26,0,0,0
S01011908,All household spaces,150,147,3,0,3
S01011908,Whole house or bungalow: Total,137,134,3,0,3
S01011908,Whole house or bungalow: Detached,58,56,2,0,2
S01011908,Whole house or bungalow: Semi-detached,55,54,1,0,1
S01011908,Whole house or bungalow: Terraced (including end-terrace),24,24,0,0,0
S01011908,Flat maisonette or apartment or mobile/temporary accommodation,13,13,0,0,0
S01011909,All household spaces,416,404,12,2,10
S01011909,Whole house or bungalow: Total,362,350,12,2,10
S01011909,Whole house or bungalow: Detached,112,108,4,0,4
S01011909,Whole house or bungalow: Semi-detached,231,224,7,2,5
S01011909,Whole house or bungalow: Terraced (including end-terrace),19,18,1,0,1
S01011909,Flat maisonette or apartment or mobile/temporary accommodation,54,54,0,0,0
S01011910,All household spaces,467,464,3,0,3
S01011910,Whole house or bungalow: Total,132,131,1,0,1
S01011910,Whole house or bungalow: Detached,9,9,0,0,0
S01011910,Whole house or bungalow: Semi-detached,36,35,1,0,1
S01011910,Whole house or bungalow: Terraced (including end-terrace),87,87,0,0,0
S01011910,Flat maisonette or apartment or mobile/temporary accommodation,335,333,2,0,2
S01011911,All household spaces,286,285,1,0,1
S01011911,Whole house or bungalow: Total,256,255,1,0,1
S01011911,Whole house or bungalow: Detached,7,7,0,0,0
S01011911,Whole house or bungalow: Semi-detached,52,52,0,0,0
S01011911,Whole house or bungalow: Terraced (including end-terrace),197,196,1,0,1
S01011911,Flat maisonette or apartment or mobile/temporary accommodation,30,30,0,0,0
S01011912,All household spaces,336,327,9,1,8
S01011912,Whole house or bungalow: Total,194,192,2,0,2
S01011912,Whole house or bungalow: Detached,9,9,0,0,0
S01011912,Whole house or bungalow: Semi-detached,93,92,1,0,1
S01011912,Whole house or bungalow: Terraced (including end-terrace),92,91,1,0,1
S01011912,Flat maisonette or apartment or mobile/temporary accommodation,142,135,7,1,6
S01011913,All household spaces,382,365,17,0,17
S01011913,Whole house or bungalow: Total,133,130,3,0,3
S01011913,Whole house or bungalow: Detached,45,44,1,0,1
S01011913,Whole house or bungalow: Semi-detached,39,38,1,0,1
S01011913,Whole house or bungalow: Terraced (including end-terrace),49,48,1,0,1
S01011913,Flat maisonette or apartment or mobile/temporary accommodation,249,235,14,0,14
S01011914,All household spaces,369,360,9,0,9
S01011914,Whole house or bungalow: Total,69,69,0,0,0
S01011914,Whole house or bungalow: Detached,8,8,0,0,0
S01011914,Whole house or bungalow: Semi-detached,46,46,0,0,0
S01011914,Whole house or bungalow: Terraced (including end-terrace),15,15,0,0,0
S01011914,Flat maisonette or apartment or mobile/temporary accommodation,300,291,9,0,9
S01011915,All household spaces,343,337,6,0,6
S01011915,Whole house or bungalow: Total,247,244,3,0,3
S01011915,Whole house or bungalow: Detached,12,12,0,0,0
S01011915,Whole house or bungalow: Semi-detached,121,119,2,0,2
S01011915,Whole house or bungalow: Terraced (including end-terrace),114,113,1,0,1
S01011915,Flat maisonette or apartment or mobile/temporary accommodation,96,93,3,0,3
S01011916,All household spaces,238,232,6,0,6
S01011916,Whole house or bungalow: Total,169,166,3,0,3
S01011916,Whole house or bungalow: Detached,9,9,0,0,0
S01011916,Whole house or bungalow: Semi-detached,82,80,2,0,2
S01011916,Whole house or bungalow: Terraced (including end-terrace),78,77,1,0,1
S01011916,Flat maisonette or apartment or mobile/temporary accommodation,69,66,3,0,3
S01011917,All household spaces,234,232,2,0,2
S01011917,Whole house or bungalow: Total,133,131,2,0,2
S01011917,Whole house or bungalow: Detached,8,8,0,0,0
S01011917,Whole house or bungalow: Semi-detached,26,25,1,0,1
S01011917,Whole house or bungalow: Terraced (including end-terrace),99,98,1,0,1
S01011917,Flat maisonette or apartment or mobile/temporary accommodation,101,101,0,0,0
S01011918,All household spaces,374,368,6,1,5
S01011918,Whole house or bungalow: Total,83,83,0,0,0
S01011918,Whole house or bungalow: Detached,17,17,0,0,0
S01011918,Whole house or bungalow: Semi-detached,41,41,0,0,0
S01011918,Whole house or bungalow: Terraced (including end-terrace),25,25,0,0,0
S01011918,Flat maisonette or apartment or mobile/temporary accommodation,291,285,6,1,5
S01011919,All household spaces,402,390,12,1,11
S01011919,Whole house or bungalow: Total,170,165,5,0,5
S01011919,Whole house or bungalow: Detached,40,37,3,0,3
S01011919,Whole house or bungalow: Semi-detached,59,58,1,0,1
S01011919,Whole house or bungalow: Terraced (including end-terrace),71,70,1,0,1
S01011919,Flat maisonette or apartment or mobile/temporary accommodation,232,225,7,1,6
S01011920,All household spaces,294,291,3,0,3
S01011920,Whole house or bungalow: Total,201,200,1,0,1
S01011920,Whole house or bungalow: Detached,9,9,0,0,0
S01011920,Whole house or bungalow: Semi-detached,59,59,0,0,0
S01011920,Whole house or bungalow: Terraced (including end-terrace),133,132,1,0,1
S01011920,Flat maisonette or apartment or mobile/temporary accommodation,93,91,2,0,2
S01011921,All household spaces,292,285,7,0,7
S01011921,Whole house or bungalow: Total,148,147,1,0,1
S01011921,Whole house or bungalow: Detached,27,27,0,0,0
S01011921,Whole house or bungalow: Semi-detached,28,28,0,0,0
S01011921,Whole house or bungalow: Terraced (including end-terrace),93,92,1,0,1
S01011921,Flat maisonette or apartment or mobile/temporary accommodation,144,138,6,0,6
S01011922,All household spaces,361,356,5,0,5
S01011922,Whole house or bungalow: Total,203,200,3,0,3
S01011922,Whole house or bungalow: Detached,6,6,0,0,0
S01011922,Whole house or bungalow: Semi-detached,30,30,0,0,0
S01011922,Whole house or bungalow: Terraced (including end-terrace),167,164,3,0,3
S01011922,Flat maisonette or apartment or mobile/temporary accommodation,158,156,2,0,2
S01011923,All household spaces,387,383,4,0,4
S01011923,Whole house or bungalow: Total,207,204,3,0,3
S01011923,Whole house or bungalow: Detached,15,15,0,0,0
S01011923,Whole house or bungalow: Semi-detached,87,84,3,0,3
S01011923,Whole house or bungalow: Terraced (including end-terrace),105,105,0,0,0
S01011923,Flat maisonette or apartment or mobile/temporary accommodation,180,179,1,0,1
S01011924,All household spaces,208,206,2,0,2
S01011924,Whole house or bungalow: Total,125,124,1,0,1
S01011924,Whole house or bungalow: Detached,1,1,0,0,0
S01011924,Whole house or bungalow: Semi-detached,20,20,0,0,0
S01011924,Whole house or bungalow: Terraced (including end-terrace),104,103,1,0,1
S01011924,Flat maisonette or apartment or mobile/temporary accommodation,83,82,1,0,1
S01011925,All household spaces,270,264,6,0,6
S01011925,Whole house or bungalow: Total,221,216,5,0,5
S01011925,Whole house or bungalow: Detached,164,160,4,0,4
S01011925,Whole house or bungalow: Semi-detached,28,27,1,0,1
S01011925,Whole house or bungalow: Terraced (including end-terrace),29,29,0,0,0
S01011925,Flat maisonette or apartment or mobile/temporary accommodation,49,48,1,0,1
S01011926,All household spaces,301,298,3,1,2
S01011926,Whole house or bungalow: Total,209,207,2,0,2
S01011926,Whole house or bungalow: Detached,14,14,0,0,0
S01011926,Whole house or bungalow: Semi-detached,23,23,0,0,0
S01011926,Whole house or bungalow: Terraced (including end-terrace),172,170,2,0,2
S01011926,Flat maisonette or apartment or mobile/temporary accommodation,92,91,1,1,0
S01011927,All household spaces,287,285,2,0,2
S01011927,Whole house or bungalow: Total,210,208,2,0,2
S01011927,Whole house or bungalow: Detached,15,15,0,0,0
S01011927,Whole house or bungalow: Semi-detached,27,27,0,0,0
S01011927,Whole house or bungalow: Terraced (including end-terrace),168,166,2,0,2
S01011927,Flat maisonette or apartment or mobile/temporary accommodation,77,77,0,0,0
S01011928,All household spaces,350,338,12,3,9
S01011928,Whole house or bungalow: Total,271,264,7,1,6
S01011928,Whole house or bungalow: Detached,29,27,2,1,1
S01011928,Whole house or bungalow: Semi-detached,52,49,3,0,3
S01011928,Whole house or bungalow: Terraced (including end-terrace),190,188,2,0,2
S01011928,Flat maisonette or apartment or mobile/temporary accommodation,79,74,5,2,3
S01011929,All household spaces,324,319,5,0,5
S01011929,Whole house or bungalow: Total,251,248,3,0,3
S01011929,Whole house or bungalow: Detached,11,11,0,0,0
S01011929,Whole house or bungalow: Semi-detached,45,45,0,0,0
S01011929,Whole house or bungalow: Terraced (including end-terrace),195,192,3,0,3
S01011929,Flat maisonette or apartment or mobile/temporary accommodation,73,71,2,0,2
S01011930,All household spaces,296,294,2,0,2
S01011930,Whole house or bungalow: Total,210,209,1,0,1
S01011930,Whole house or bungalow: Detached,18,18,0,0,0
S01011930,Whole house or bungalow: Semi-detached,21,21,0,0,0
S01011930,Whole house or bungalow: Terraced (including end-terrace),171,170,1,0,1
S01011930,Flat maisonette or apartment or mobile/temporary accommodation,86,85,1,0,1
S01011931,All household spaces,251,250,1,0,1
S01011931,Whole house or bungalow: Total,170,169,1,0,1
S01011931,Whole house or bungalow: Detached,22,22,0,0,0
S01011931,Whole house or bungalow: Semi-detached,95,94,1,0,1
S01011931,Whole house or bungalow: Terraced (including end-terrace),53,53,0,0,0
S01011931,Flat maisonette or apartment or mobile/temporary accommodation,81,81,0,0,0
S01011932,All household spaces,300,300,0,0,0
S01011932,Whole house or bungalow: Total,84,84,0,0,0
S01011932,Whole house or bungalow: Detached,5,5,0,0,0
S01011932,Whole house or bungalow: Semi-detached,43,43,0,0,0
S01011932,Whole house or bungalow: Terraced (including end-terrace),36,36,0,0,0
S01011932,Flat maisonette or apartment or mobile/temporary accommodation,216,216,0,0,0
S01011933,All household spaces,349,344,5,0,5
S01011933,Whole house or bungalow: Total,90,90,0,0,0
S01011933,Whole house or bungalow: Detached,20,20,0,0,0
S01011933,Whole house or bungalow: Semi-detached,48,48,0,0,0
S01011933,Whole house or bungalow: Terraced (including end-terrace),22,22,0,0,0
S01011933,Flat maisonette or apartment or mobile/temporary accommodation,259,254,5,0,5
S01011934,All household spaces,531,520,11,4,7
S01011934,Whole house or bungalow: Total,189,186,3,0,3
S01011934,Whole house or bungalow: Detached,62,61,1,0,1
S01011934,Whole house or bungalow: Semi-detached,96,95,1,0,1
S01011934,Whole house or bungalow: Terraced (including end-terrace),31,30,1,0,1
S01011934,Flat maisonette or apartment or mobile/temporary accommodation,342,334,8,4,4
S01011935,All household spaces,484,459,25,0,25
S01011935,Whole house or bungalow: Total,56,55,1,0,1
S01011935,Whole house or bungalow: Detached,19,19,0,0,0
S01011935,Whole house or bungalow: Semi-detached,32,31,1,0,1
S01011935,Whole house or bungalow: Terraced (including end-terrace),5,5,0,0,0
S01011935,Flat maisonette or apartment or mobile/temporary accommodation,428,404,24,0,24
S01011936,All household spaces,413,380,33,4,29
S01011936,Whole house or bungalow: Total,102,94,8,1,7
S01011936,Whole house or bungalow: Detached,14,14,0,0,0
S01011936,Whole house or bungalow: Semi-detached,55,54,1,0,1
S01011936,Whole house or bungalow: Terraced (including end-terrace),33,26,7,1,6
S01011936,Flat maisonette or apartment or mobile/temporary accommodation,311,286,25,3,22
S01011937,All household spaces,428,408,20,2,18
S01011937,Whole house or bungalow: Total,16,16,0,0,0
S01011937,Whole house or bungalow: Detached,4,4,0,0,0
S01011937,Whole house or bungalow: Semi-detached,5,5,0,0,0
S01011937,Whole house or bungalow: Terraced (including end-terrace),7,7,0,0,0
S01011937,Flat maisonette or apartment or mobile/temporary accommodation,412,392,20,2,18
S01011938,All household spaces,411,400,11,3,8
S01011938,Whole house or bungalow: Total,108,104,4,1,3
S01011938,Whole house or bungalow: Detached,21,20,1,0,1
S01011938,Whole house or bungalow: Semi-detached,65,63,2,1,1
S01011938,Whole house or bungalow: Terraced (including end-terrace),22,21,1,0,1
S01011938,Flat maisonette or apartment or mobile/temporary accommodation,303,296,7,2,5
S01011939,All household spaces,467,446,21,2,19
S01011939,Whole house or bungalow: Total,49,47,2,1,1
S01011939,Whole house or bungalow: Detached,16,15,1,0,1
S01011939,Whole house or bungalow: Semi-detached,16,15,1,1,0
S01011939,Whole house or bungalow: Terraced (including end-terrace),17,17,0,0,0
S01011939,Flat maisonette or apartment or mobile/temporary accommodation,418,399,19,1,18
S01011940,All household spaces,299,266,33,1,32
S01011940,Whole house or bungalow: Total,17,17,0,0,0
S01011940,Whole house or bungalow: Detached,7,7,0,0,0
S01011940,Whole house or bungalow: Semi-detached,4,4,0,0,0
S01011940,Whole house or bungalow: Terraced (including end-terrace),6,6,0,0,0
S01011940,Flat maisonette or apartment or mobile/temporary accommodation,282,249,33,1,32
S01011941,All household spaces,476,441,35,12,23
S01011941,Whole house or bungalow: Total,7,6,1,0,1
S01011941,Whole house or bungalow: Detached,3,3,0,0,0
S01011941,Whole house or bungalow: Semi-detached,3,3,0,0,0
S01011941,Whole house or bungalow: Terraced (including end-terrace),1,0,1,0,1
S01011941,Flat maisonette or apartment or mobile/temporary accommodation,469,435,34,12,22
S01011942,All household spaces,610,573,37,3,34
S01011942,Whole house or bungalow: Total,22,22,0,0,0
S01011942,Whole house or bungalow: Detached,4,4,0,0,0
S01011942,Whole house or bungalow: Semi-detached,7,7,0,0,0
S01011942,Whole house or bungalow: Terraced (including end-terrace),11,11,0,0,0
S01011942,Flat maisonette or apartment or mobile/temporary accommodation,588,551,37,3,34
S01011943,All household spaces,771,715,56,1,55
S01011943,Whole house or bungalow: Total,31,30,1,0,1
S01011943,Whole house or bungalow: Detached,10,10,0,0,0
S01011943,Whole house or bungalow: Semi-detached,14,13,1,0,1
S01011943,Whole house or bungalow: Terraced (including end-terrace),7,7,0,0,0
S01011943,Flat maisonette or apartment or mobile/temporary accommodation,740,685,55,1,54
S01011944,All household spaces,202,188,14,8,6
S01011944,Whole house or bungalow: Total,165,156,9,7,2
S01011944,Whole house or bungalow: Detached,122,119,3,1,2
S01011944,Whole house or bungalow: Semi-detached,30,30,0,0,0
S01011944,Whole house or bungalow: Terraced (including end-terrace),13,7,6,6,0
S01011944,Flat maisonette or apartment or mobile/temporary accommodation,37,32,5,1,4
S01011945,All household spaces,319,313,6,2,4
S01011945,Whole house or bungalow: Total,308,302,6,2,4
S01011945,Whole house or bungalow: Detached,271,267,4,1,3
S01011945,Whole house or bungalow: Semi-detached,32,30,2,1,1
S01011945,Whole house or bungalow: Terraced (including end-terrace),5,5,0,0,0
S01011945,Flat maisonette or apartment or mobile/temporary accommodation,11,11,0,0,0
S01011946,All household spaces,387,377,10,2,8
S01011946,Whole house or bungalow: Total,237,233,4,1,3
S01011946,Whole house or bungalow: Detached,71,68,3,1,2
S01011946,Whole house or bungalow: Semi-detached,74,74,0,0,0
S01011946,Whole house or bungalow: Terraced (including end-terrace),92,91,1,0,1
S01011946,Flat maisonette or apartment or mobile/temporary accommodation,150,144,6,1,5
S01011947,All household spaces,222,214,8,0,8
S01011947,Whole house or bungalow: Total,217,209,8,0,8
S01011947,Whole house or bungalow: Detached,133,125,8,0,8
S01011947,Whole house or bungalow: Semi-detached,54,54,0,0,0
S01011947,Whole house or bungalow: Terraced (including end-terrace),30,30,0,0,0
S01011947,Flat maisonette or apartment or mobile/temporary accommodation,5,5,0,0,0
S01011948,All household spaces,550,527,23,5,18
S01011948,Whole house or bungalow: Total,305,295,10,3,7
S01011948,Whole house or bungalow: Detached,99,96,3,1,2
S01011948,Whole house or bungalow: Semi-detached,175,171,4,0,4
S01011948,Whole house or bungalow: Terraced (including end-terrace),31,28,3,2,1
S01011948,Flat maisonette or apartment or mobile/temporary accommodation,245,232,13,2,11
S01011949,All household spaces,401,392,9,3,6
S01011949,Whole house or bungalow: Total,395,386,9,3,6
S01011949,Whole house or bungalow: Detached,293,285,8,3,5
S01011949,Whole house or bungalow: Semi-detached,73,73,0,0,0
S01011949,Whole house or bungalow: Terraced (including end-terrace),29,28,1,0,1
S01011949,Flat maisonette or apartment or mobile/temporary accommodation,6,6,0,0,0
S01011950,All household spaces,354,348,6,0,6
S01011950,Whole house or bungalow: Total,340,335,5,0,5
S01011950,Whole house or bungalow: Detached,118,116,2,0,2
S01011950,Whole house or bungalow: Semi-detached,110,108,2,0,2
S01011950,Whole house or bungalow: Terraced (including end-terrace),112,111,1,0,1
S01011950,Flat maisonette or apartment or mobile/temporary accommodation,14,13,1,0,1
S01011951,All household spaces,314,306,8,3,5
S01011951,Whole house or bungalow: Total,226,222,4,2,2
S01011951,Whole house or bungalow: Detached,121,119,2,1,1
S01011951,Whole house or bungalow: Semi-detached,81,79,2,1,1
S01011951,Whole house or bungalow: Terraced (including end-terrace),24,24,0,0,0
S01011951,Flat maisonette or apartment or mobile/temporary accommodation,88,84,4,1,3
S01011952,All household spaces,203,200,3,0,3
S01011952,Whole house or bungalow: Total,200,197,3,0,3
S01011952,Whole house or bungalow: Detached,151,148,3,0,3
S01011952,Whole house or bungalow: Semi-detached,41,41,0,0,0
S01011952,Whole house or bungalow: Terraced (including end-terrace),8,8,0,0,0
S01011952,Flat maisonette or apartment or mobile/temporary accommodation,3,3,0,0,0
S01011953,All household spaces,335,325,10,2,8
S01011953,Whole house or bungalow: Total,289,282,7,1,6
S01011953,Whole house or bungalow: Detached,185,180,5,1,4
S01011953,Whole house or bungalow: Semi-detached,81,80,1,0,1
S01011953,Whole house or bungalow: Terraced (including end-terrace),23,22,1,0,1
S01011953,Flat maisonette or apartment or mobile/temporary accommodation,46,43,3,1,2
S01011954,All household spaces,231,230,1,1,0
S01011954,Whole house or bungalow: Total,194,193,1,1,0
S01011954,Whole house or bungalow: Detached,37,37,0,0,0
S01011954,Whole house or bungalow: Semi-detached,113,112,1,1,0
S01011954,Whole house or bungalow: Terraced (including end-terrace),44,44,0,0,0
S01011954,Flat maisonette or apartment or mobile/temporary accommodation,37,37,0,0,0
S01011955,All household spaces,482,467,15,1,14
S01011955,Whole house or bungalow: Total,351,346,5,0,5
S01011955,Whole house or bungalow: Detached,80,79,1,0,1
S01011955,Whole house or bungalow: Semi-detached,190,187,3,0,3
S01011955,Whole house or bungalow: Terraced (including end-terrace),81,80,1,0,1
S01011955,Flat maisonette or apartment or mobile/temporary accommodation,131,121,10,1,9
S01011956,All household spaces,405,392,13,4,9
S01011956,Whole house or bungalow: Total,382,375,7,1,6
S01011956,Whole house or bungalow: Detached,227,225,2,1,1
S01011956,Whole house or bungalow: Semi-detached,95,91,4,0,4
S01011956,Whole house or bungalow: Terraced (including end-terrace),60,59,1,0,1
S01011956,Flat maisonette or apartment or mobile/temporary accommodation,23,17,6,3,3
S01011957,All household spaces,346,325,21,7,14
S01011957,Whole house or bungalow: Total,303,284,19,6,13
S01011957,Whole house or bungalow: Detached,186,176,10,3,7
S01011957,Whole house or bungalow: Semi-detached,85,78,7,2,5
S01011957,Whole house or bungalow: Terraced (including end-terrace),32,30,2,1,1
S01011957,Flat maisonette or apartment or mobile/temporary accommodation,43,41,2,1,1
S01011958,All household spaces,506,481,25,7,18
S01011958,Whole house or bungalow: Total,478,454,24,7,17
S01011958,Whole house or bungalow: Detached,297,281,16,5,11
S01011958,Whole house or bungalow: Semi-detached,110,104,6,1,5
S01011958,Whole house or bungalow: Terraced (including end-terrace),71,69,2,1,1
S01011958,Flat maisonette or apartment or mobile/temporary accommodation,28,27,1,0,1
S01011959,All household spaces,392,365,27,3,24
S01011959,Whole house or bungalow: Total,380,353,27,3,24
S01011959,Whole house or bungalow: Detached,255,234,21,2,19
S01011959,Whole house or bungalow: Semi-detached,96,93,3,1,2
S01011959,Whole house or bungalow: Terraced (including end-terrace),29,26,3,0,3
S01011959,Flat maisonette or apartment or mobile/temporary accommodation,12,12,0,0,0
S01011960,All household spaces,346,325,21,4,17
S01011960,Whole house or bungalow: Total,299,280,19,4,15
S01011960,Whole house or bungalow: Detached,203,191,12,0,12
S01011960,Whole house or bungalow: Semi-detached,72,68,4,3,1
S01011960,Whole house or bungalow: Terraced (including end-terrace),24,21,3,1,2
S01011960,Flat maisonette or apartment or mobile/temporary accommodation,47,45,2,0,2
S01011961,All household spaces,321,311,10,0,10
S01011961,Whole house or bungalow: Total,294,284,10,0,10
S01011961,Whole house or bungalow: Detached,107,106,1,0,1
S01011961,Whole house or bungalow: Semi-detached,109,107,2,0,2
S01011961,Whole house or bungalow: Terraced (including end-terrace),78,71,7,0,7
S01011961,Flat maisonette or apartment or mobile/temporary accommodation,27,27,0,0,0
S01011962,All household spaces,275,264,11,1,10
S01011962,Whole house or bungalow: Total,268,257,11,1,10
S01011962,Whole house or bungalow: Detached,215,205,10,1,9
S01011962,Whole house or bungalow: Semi-detached,43,43,0,0,0
S01011962,Whole house or bungalow: Terraced (including end-terrace),10,9,1,0,1
S01011962,Flat maisonette or apartment or mobile/temporary accommodation,7,7,0,0,0
S01011963,All household spaces,233,231,2,0,2
S01011963,Whole house or bungalow: Total,203,201,2,0,2
S01011963,Whole house or bungalow: Detached,69,69,0,0,0
S01011963,Whole house or bungalow: Semi-detached,90,88,2,0,2
S01011963,Whole house or bungalow: Terraced (including end-terrace),44,44,0,0,0
S01011963,Flat maisonette or apartment or mobile/temporary accommodation,30,30,0,0,0
S01011964,All household spaces,462,453,9,0,9
S01011964,Whole house or bungalow: Total,363,358,5,0,5
S01011964,Whole house or bungalow: Detached,196,195,1,0,1
S01011964,Whole house or bungalow: Semi-detached,106,102,4,0,4
S01011964,Whole house or bungalow: Terraced (including end-terrace),61,61,0,0,0
S01011964,Flat maisonette or apartment or mobile/temporary accommodation,99,95,4,0,4
S01011965,All household spaces,390,381,9,1,8
S01011965,Whole house or bungalow: Total,332,326,6,1,5
S01011965,Whole house or bungalow: Detached,107,105,2,0,2
S01011965,Whole house or bungalow: Semi-detached,165,163,2,0,2
S01011965,Whole house or bungalow: Terraced (including end-terrace),60,58,2,1,1
S01011965,Flat maisonette or apartment or mobile/temporary accommodation,58,55,3,0,3
S01011966,All household spaces,363,351,12,0,12
S01011966,Whole house or bungalow: Total,350,338,12,0,12
S01011966,Whole house or bungalow: Detached,182,177,5,0,5
S01011966,Whole house or bungalow: Semi-detached,112,110,2,0,2
S01011966,Whole house or bungalow: Terraced (including end-terrace),56,51,5,0,5
S01011966,Flat maisonette or apartment or mobile/temporary accommodation,13,13,0,0,0
S01011967,All household spaces,445,420,25,9,16
S01011967,Whole house or bungalow: Total,419,394,25,9,16
S01011967,Whole house or bungalow: Detached,312,294,18,6,12
S01011967,Whole house or bungalow: Semi-detached,78,74,4,2,2
S01011967,Whole house or bungalow: Terraced (including end-terrace),29,26,3,1,2
S01011967,Flat maisonette or apartment or mobile/temporary accommodation,26,26,0,0,0
S01011968,All household spaces,486,478,8,2,6
S01011968,Whole house or bungalow: Total,235,234,1,0,1
S01011968,Whole house or bungalow: Detached,100,99,1,0,1
S01011968,Whole house or bungalow: Semi-detached,101,101,0,0,0
S01011968,Whole house or bungalow: Terraced (including end-terrace),34,34,0,0,0
S01011968,Flat maisonette or apartment or mobile/temporary accommodation,251,244,7,2,5
S01011969,All household spaces,498,480,18,1,17
S01011969,Whole house or bungalow: Total,404,391,13,1,12
S01011969,Whole house or bungalow: Detached,148,146,2,1,1
S01011969,Whole house or bungalow: Semi-detached,130,125,5,0,5
S01011969,Whole house or bungalow: Terraced (including end-terrace),126,120,6,0,6
S01011969,Flat maisonette or apartment or mobile/temporary accommodation,94,89,5,0,5
S01011970,All household spaces,449,432,17,1,16
S01011970,Whole house or bungalow: Total,215,210,5,1,4
S01011970,Whole house or bungalow: Detached,39,38,1,1,0
S01011970,Whole house or bungalow: Semi-detached,88,86,2,0,2
S01011970,Whole house or bungalow: Terraced (including end-terrace),88,86,2,0,2
S01011970,Flat maisonette or apartment or mobile/temporary accommodation,234,222,12,0,12
S01011971,All household spaces,251,243,8,3,5
S01011971,Whole house or bungalow: Total,243,235,8,3,5
S01011971,Whole house or bungalow: Detached,111,106,5,3,2
S01011971,Whole house or bungalow: Semi-detached,88,86,2,0,2
S01011971,Whole house or bungalow: Terraced (including end-terrace),44,43,1,0,1
S01011971,Flat maisonette or apartment or mobile/temporary accommodation,8,8,0,0,0
S01011972,All household spaces,550,512,38,6,32
S01011972,Whole house or bungalow: Total,538,502,36,6,30
S01011972,Whole house or bungalow: Detached,364,349,15,5,10
S01011972,Whole house or bungalow: Semi-detached,144,124,20,0,20
S01011972,Whole house or bungalow: Terraced (including end-terrace),30,29,1,1,0
S01011972,Flat maisonette or apartment or mobile/temporary accommodation,12,10,2,0,2
S01011973,All household spaces,283,272,11,5,6
S01011973,Whole house or bungalow: Total,266,257,9,5,4
S01011973,Whole house or bungalow: Detached,143,137,6,3,3
S01011973,Whole house or bungalow: Semi-detached,75,72,3,2,1
S01011973,Whole house or bungalow: Terraced (including end-terrace),48,48,0,0,0
S01011973,Flat maisonette or apartment or mobile/temporary accommodation,17,15,2,0,2
S01011974,All household spaces,350,320,30,8,22
S01011974,Whole house or bungalow: Total,328,305,23,3,20
S01011974,Whole house or bungalow: Detached,213,197,16,2,14
S01011974,Whole house or bungalow: Semi-detached,86,82,4,0,4
S01011974,Whole house or bungalow: Terraced (including end-terrace),29,26,3,1,2
S01011974,Flat maisonette or apartment or mobile/temporary accommodation,22,15,7,5,2
S01011975,All household spaces,207,199,8,3,5
S01011975,Whole house or bungalow: Total,197,189,8,3,5
S01011975,Whole house or bungalow: Detached,118,112,6,2,4
S01011975,Whole house or bungalow: Semi-detached,55,53,2,1,1
S01011975,Whole house or bungalow: Terraced (including end-terrace),24,24,0,0,0
S01011975,Flat maisonette or apartment or mobile/temporary accommodation,10,10,0,0,0
S01011976,All household spaces,367,353,14,2,12
S01011976,Whole house or bungalow: Total,277,266,11,2,9
S01011976,Whole house or bungalow: Detached,159,154,5,0,5
S01011976,Whole house or bungalow: Semi-detached,66,65,1,1,0
S01011976,Whole house or bungalow: Terraced (including end-terrace),52,47,5,1,4
S01011976,Flat maisonette or apartment or mobile/temporary accommodation,90,87,3,0,3
S01011977,All household spaces,530,508,22,14,8
S01011977,Whole house or bungalow: Total,456,436,20,14,6
S01011977,Whole house or bungalow: Detached,238,223,15,13,2
S01011977,Whole house or bungalow: Semi-detached,113,113,0,0,0
S01011977,Whole house or bungalow: Terraced (including end-terrace),105,100,5,1,4
S01011977,Flat maisonette or apartment or mobile/temporary accommodation,74,72,2,0,2
S01011978,All household spaces,367,351,16,1,15
S01011978,Whole house or bungalow: Total,255,241,14,1,13
S01011978,Whole house or bungalow: Detached,88,79,9,0,9
S01011978,Whole house or bungalow: Semi-detached,85,84,1,1,0
S01011978,Whole house or bungalow: Terraced (including end-terrace),82,78,4,0,4
S01011978,Flat maisonette or apartment or mobile/temporary accommodation,112,110,2,0,2
S01011979,All household spaces,424,397,27,17,10
S01011979,Whole house or bungalow: Total,408,381,27,17,10
S01011979,Whole house or bungalow: Detached,309,286,23,16,7
S01011979,Whole house or bungalow: Semi-detached,84,81,3,1,2
S01011979,Whole house or bungalow: Terraced (including end-terrace),15,14,1,0,1
S01011979,Flat maisonette or apartment or mobile/temporary accommodation,16,16,0,0,0
S01011980,All household spaces,209,182,27,23,4
S01011980,Whole house or bungalow: Total,201,175,26,22,4
S01011980,Whole house or bungalow: Detached,158,138,20,19,1
S01011980,Whole house or bungalow: Semi-detached,29,26,3,1,2
S01011980,Whole house or bungalow: Terraced (including end-terrace),14,11,3,2,1
S01011980,Flat maisonette or apartment or mobile/temporary accommodation,8,7,1,1,0
S01011981,All household spaces,553,396,157,145,12
S01011981,Whole house or bungalow: Total,529,373,156,144,12
S01011981,Whole house or bungalow: Detached,366,236,130,118,12
S01011981,Whole house or bungalow: Semi-detached,107,98,9,9,0
S01011981,Whole house or bungalow: Terraced (including end-terrace),56,39,17,17,0
S01011981,Flat maisonette or apartment or mobile/temporary accommodation,24,23,1,1,0
S01011982,All household spaces,482,414,68,57,11
S01011982,Whole house or bungalow: Total,451,386,65,55,10
S01011982,Whole house or bungalow: Detached,390,330,60,53,7
S01011982,Whole house or bungalow: Semi-detached,54,51,3,2,1
S01011982,Whole house or bungalow: Terraced (including end-terrace),7,5,2,0,2
S01011982,Flat maisonette or apartment or mobile/temporary accommodation,31,28,3,2,1
S01011983,All household spaces,429,351,78,74,4
S01011983,Whole house or bungalow: Total,415,338,77,73,4
S01011983,Whole house or bungalow: Detached,247,181,66,62,4
S01011983,Whole house or bungalow: Semi-detached,141,138,3,3,0
S01011983,Whole house or bungalow: Terraced (including end-terrace),27,19,8,8,0
S01011983,Flat maisonette or apartment or mobile/temporary accommodation,14,13,1,1,0
S01011984,All household spaces,325,315,10,2,8
S01011984,Whole house or bungalow: Total,195,194,1,1,0
S01011984,Whole house or bungalow: Detached,59,58,1,1,0
S01011984,Whole house or bungalow: Semi-detached,40,40,0,0,0
S01011984,Whole house or bungalow: Terraced (including end-terrace),96,96,0,0,0
S01011984,Flat maisonette or apartment or mobile/temporary accommodation,130,121,9,1,8
S01011985,All household spaces,319,293,26,7,19
S01011985,Whole house or bungalow: Total,235,227,8,4,4
S01011985,Whole house or bungalow: Detached,155,149,6,3,3
S01011985,Whole house or bungalow: Semi-detached,67,66,1,1,0
S01011985,Whole house or bungalow: Terraced (including end-terrace),13,12,1,0,1
S01011985,Flat maisonette or apartment or mobile/temporary accommodation,84,66,18,3,15
S01011986,All household spaces,321,320,1,0,1
S01011986,Whole house or bungalow: Total,163,163,0,0,0
S01011986,Whole house or bungalow: Detached,33,33,0,0,0
S01011986,Whole house or bungalow: Semi-detached,44,44,0,0,0
S01011986,Whole house or bungalow: Terraced (including end-terrace),86,86,0,0,0
S01011986,Flat maisonette or apartment or mobile/temporary accommodation,158,157,1,0,1
S01011987,All household spaces,419,403,16,7,9
S01011987,Whole house or bungalow: Total,377,365,12,5,7
S01011987,Whole house or bungalow: Detached,161,155,6,4,2
S01011987,Whole house or bungalow: Semi-detached,128,126,2,1,1
S01011987,Whole house or bungalow: Terraced (including end-terrace),88,84,4,0,4
S01011987,Flat maisonette or apartment or mobile/temporary accommodation,42,38,4,2,2
S01011988,All household spaces,313,297,16,3,13
S01011988,Whole house or bungalow: Total,303,291,12,2,10
S01011988,Whole house or bungalow: Detached,205,195,10,1,9
S01011988,Whole house or bungalow: Semi-detached,91,89,2,1,1
S01011988,Whole house or bungalow: Terraced (including end-terrace),7,7,0,0,0
S01011988,Flat maisonette or apartment or mobile/temporary accommodation,10,6,4,1,3
S01011989,All household spaces,387,379,8,0,8
S01011989,Whole house or bungalow: Total,367,359,8,0,8
S01011989,Whole house or bungalow: Detached,203,199,4,0,4
S01011989,Whole house or bungalow: Semi-detached,95,93,2,0,2
S01011989,Whole house or bungalow: Terraced (including end-terrace),69,67,2,0,2
S01011989,Flat maisonette or apartment or mobile/temporary accommodation,20,20,0,0,0
S01011990,All household spaces,373,364,9,1,8
S01011990,Whole house or bungalow: Total,331,324,7,1,6
S01011990,Whole house or bungalow: Detached,203,199,4,1,3
S01011990,Whole house or bungalow: Semi-detached,118,115,3,0,3
S01011990,Whole house or bungalow: Terraced (including end-terrace),10,10,0,0,0
S01011990,Flat maisonette or apartment or mobile/temporary accommodation,42,40,2,0,2
S01011991,All household spaces,305,298,7,0,7
S01011991,Whole house or bungalow: Total,290,283,7,0,7
S01011991,Whole house or bungalow: Detached,109,106,3,0,3
S01011991,Whole house or bungalow: Semi-detached,94,94,0,0,0
S01011991,Whole house or bungalow: Terraced (including end-terrace),87,83,4,0,4
S01011991,Flat maisonette or apartment or mobile/temporary accommodation,15,15,0,0,0
S01011992,All household spaces,506,472,34,21,13
S01011992,Whole house or bungalow: Total,367,354,13,7,6
S01011992,Whole house or bungalow: Detached,228,220,8,5,3
S01011992,Whole house or bungalow: Semi-detached,75,72,3,1,2
S01011992,Whole house or bungalow: Terraced (including end-terrace),64,62,2,1,1
S01011992,Flat maisonette or apartment or mobile/temporary accommodation,139,118,21,14,7
S01011993,All household spaces,477,460,17,1,16
S01011993,Whole house or bungalow: Total,149,142,7,0,7
S01011993,Whole house or bungalow: Detached,54,50,4,0,4
S01011993,Whole house or bungalow: Semi-detached,57,55,2,0,2
S01011993,Whole house or bungalow: Terraced (including end-terrace),38,37,1,0,1
S01011993,Flat maisonette or apartment or mobile/temporary accommodation,328,318,10,1,9
S01011994,All household spaces,317,305,12,6,6
S01011994,Whole house or bungalow: Total,315,303,12,6,6
S01011994,Whole house or bungalow: Detached,292,280,12,6,6
S01011994,Whole house or bungalow: Semi-detached,19,19,0,0,0
S01011994,Whole house or bungalow: Terraced (including end-terrace),4,4,0,0,0
S01011994,Flat maisonette or apartment or mobile/temporary accommodation,2,2,0,0,0
S01011995,All household spaces,343,324,19,8,11
S01011995,Whole house or bungalow: Total,339,320,19,8,11
S01011995,Whole house or bungalow: Detached,269,257,12,5,7
S01011995,Whole house or bungalow: Semi-detached,53,49,4,1,3
S01011995,Whole house or bungalow: Terraced (including end-terrace),17,14,3,2,1
S01011995,Flat maisonette or apartment or mobile/temporary accommodation,4,4,0,0,0
S01011996,All household spaces,262,254,8,1,7
S01011996,Whole house or bungalow: Total,221,214,7,1,6
S01011996,Whole house or bungalow: Detached,89,87,2,1,1
S01011996,Whole house or bungalow: Semi-detached,76,74,2,0,2
S01011996,Whole house or bungalow: Terraced (including end-terrace),56,53,3,0,3
S01011996,Flat maisonette or apartment or mobile/temporary accommodation,41,40,1,0,1
S01011997,All household spaces,449,422,27,20,7
S01011997,Whole house or bungalow: Total,276,268,8,4,4
S01011997,Whole house or bungalow: Detached,109,103,6,3,3
S01011997,Whole house or bungalow: Semi-detached,75,73,2,1,1
S01011997,Whole house or bungalow: Terraced (including end-terrace),92,92,0,0,0
S01011997,Flat maisonette or apartment or mobile/temporary accommodation,173,154,19,16,3
S01011998,All household spaces,232,220,12,10,2
S01011998,Whole house or bungalow: Total,197,188,9,9,0
S01011998,Whole house or bungalow: Detached,164,155,9,9,0
S01011998,Whole house or bungalow: Semi-detached,29,29,0,0,0
S01011998,Whole house or bungalow: Terraced (including end-terrace),4,4,0,0,0
S01011998,Flat maisonette or apartment or mobile/temporary accommodation,35,32,3,1,2
S01011999,All household spaces,323,291,32,24,8
S01011999,Whole house or bungalow: Total,305,273,32,24,8
S01011999,Whole house or bungalow: Detached,171,147,24,21,3
S01011999,Whole house or bungalow: Semi-detached,81,76,5,2,3
S01011999,Whole house or bungalow: Terraced (including end-terrace),53,50,3,1,2
S01011999,Flat maisonette or apartment or mobile/temporary accommodation,18,18,0,0,0
S01012000,All household spaces,202,198,4,0,4
S01012000,Whole house or bungalow: Total,174,172,2,0,2
S01012000,Whole house or bungalow: Detached,100,99,1,0,1
S01012000,Whole house or bungalow: Semi-detached,62,62,0,0,0
S01012000,Whole house or bungalow: Terraced (including end-terrace),12,11,1,0,1
S01012000,Flat maisonette or apartment or mobile/temporary accommodation,28,26,2,0,2
S01012001,All household spaces,303,296,7,1,6
S01012001,Whole house or bungalow: Total,280,273,7,1,6
S01012001,Whole house or bungalow: Detached,55,52,3,1,2
S01012001,Whole house or bungalow: Semi-detached,123,119,4,0,4
S01012001,Whole house or bungalow: Terraced (including end-terrace),102,102,0,0,0
S01012001,Flat maisonette or apartment or mobile/temporary accommodation,23,23,0,0,0
S01012002,All household spaces,250,243,7,0,7
S01012002,Whole house or bungalow: Total,239,234,5,0,5
S01012002,Whole house or bungalow: Detached,108,106,2,0,2
S01012002,Whole house or bungalow: Semi-detached,86,84,2,0,2
S01012002,Whole house or bungalow: Terraced (including end-terrace),45,44,1,0,1
S01012002,Flat maisonette or apartment or mobile/temporary accommodation,11,9,2,0,2
S01012003,All household spaces,248,241,7,1,6
S01012003,Whole house or bungalow: Total,203,200,3,1,2
S01012003,Whole house or bungalow: Detached,86,85,1,1,0
S01012003,Whole house or bungalow: Semi-detached,60,60,0,0,0
S01012003,Whole house or bungalow: Terraced (including end-terrace),57,55,2,0,2
S01012003,Flat maisonette or apartment or mobile/temporary accommodation,45,41,4,0,4
S01012004,All household spaces,406,398,8,2,6
S01012004,Whole house or bungalow: Total,371,365,6,2,4
S01012004,Whole house or bungalow: Detached,192,189,3,2,1
S01012004,Whole house or bungalow: Semi-detached,114,112,2,0,2
S01012004,Whole house or bungalow: Terraced (including end-terrace),65,64,1,0,1
S01012004,Flat maisonette or apartment or mobile/temporary accommodation,35,33,2,0,2
S01012005,All household spaces,337,334,3,1,2
S01012005,Whole house or bungalow: Total,310,307,3,1,2
S01012005,Whole house or bungalow: Detached,201,199,2,1,1
S01012005,Whole house or bungalow: Semi-detached,63,63,0,0,0
S01012005,Whole house or bungalow: Terraced (including end-terrace),46,45,1,0,1
S01012005,Flat maisonette or apartment or mobile/temporary accommodation,27,27,0,0,0
S01012006,All household spaces,320,280,40,15,25
S01012006,Whole house or bungalow: Total,301,261,40,15,25
S01012006,Whole house or bungalow: Detached,226,188,38,14,24
S01012006,Whole house or bungalow: Semi-detached,55,54,1,0,1
S01012006,Whole house or bungalow: Terraced (including end-terrace),20,19,1,1,0
S01012006,Flat maisonette or apartment or mobile/temporary accommodation,19,19,0,0,0
S01012007,All household spaces,417,374,43,26,17
S01012007,Whole house or bungalow: Total,318,292,26,17,9
S01012007,Whole house or bungalow: Detached,175,155,20,13,7
S01012007,Whole house or bungalow: Semi-detached,104,99,5,3,2
S01012007,Whole house or bungalow: Terraced (including end-terrace),39,38,1,1,0
S01012007,Flat maisonette or apartment or mobile/temporary accommodation,99,82,17,9,8
S01012008,All household spaces,469,421,48,27,21
S01012008,Whole house or bungalow: Total,349,310,39,26,13
S01012008,Whole house or bungalow: Detached,227,201,26,18,8
S01012008,Whole house or bungalow: Semi-detached,53,53,0,0,0
S01012008,Whole house or bungalow: Terraced (including end-terrace),69,56,13,8,5
S01012008,Flat maisonette or apartment or mobile/temporary accommodation,120,111,9,1,8
S01012009,All household spaces,347,300,47,34,13
S01012009,Whole house or bungalow: Total,325,281,44,31,13
S01012009,Whole house or bungalow: Detached,195,157,38,28,10
S01012009,Whole house or bungalow: Semi-detached,98,94,4,1,3
S01012009,Whole house or bungalow: Terraced (including end-terrace),32,30,2,2,0
S01012009,Flat maisonette or apartment or mobile/temporary accommodation,22,19,3,3,0
S01012010,All household spaces,586,524,62,48,14
S01012010,Whole house or bungalow: Total,467,422,45,34,11
S01012010,Whole house or bungalow: Detached,291,261,30,25,5
S01012010,Whole house or bungalow: Semi-detached,147,141,6,2,4
S01012010,Whole house or bungalow: Terraced (including end-terrace),29,20,9,7,2
S01012010,Flat maisonette or apartment or mobile/temporary accommodation,119,102,17,14,3
S01012011,All household spaces,578,537,41,32,9
S01012011,Whole house or bungalow: Total,379,351,28,23,5
S01012011,Whole house or bungalow: Detached,161,137,24,20,4
S01012011,Whole house or bungalow: Semi-detached,189,185,4,3,1
S01012011,Whole house or bungalow: Terraced (including end-terrace),29,29,0,0,0
S01012011,Flat maisonette or apartment or mobile/temporary accommodation,199,186,13,9,4
S01012012,All household spaces,356,320,36,27,9
S01012012,Whole house or bungalow: Total,301,268,33,26,7
S01012012,Whole house or bungalow: Detached,193,168,25,20,5
S01012012,Whole house or bungalow: Semi-detached,64,61,3,2,1
S01012012,Whole house or bungalow: Terraced (including end-terrace),44,39,5,4,1
S01012012,Flat maisonette or apartment or mobile/temporary accommodation,55,52,3,1,2
S01012013,All household spaces,447,357,90,78,12
S01012013,Whole house or bungalow: Total,416,327,89,77,12
S01012013,Whole house or bungalow: Detached,281,200,81,73,8
S01012013,Whole house or bungalow: Semi-detached,70,68,2,2,0
S01012013,Whole house or bungalow: Terraced (including end-terrace),65,59,6,2,4
S01012013,Flat maisonette or apartment or mobile/temporary accommodation,31,30,1,1,0
S01012014,All household spaces,461,402,59,35,24
S01012014,Whole house or bungalow: Total,282,245,37,26,11
S01012014,Whole house or bungalow: Detached,90,78,12,8,4
S01012014,Whole house or bungalow: Semi-detached,100,92,8,3,5
S01012014,Whole house or bungalow: Terraced (including end-terrace),92,75,17,15,2
S01012014,Flat maisonette or apartment or mobile/temporary accommodation,179,157,22,9,13
S01012015,All household spaces,460,420,40,23,17
S01012015,Whole house or bungalow: Total,388,353,35,21,14
S01012015,Whole house or bungalow: Detached,184,160,24,19,5
S01012015,Whole house or bungalow: Semi-detached,146,139,7,1,6
S01012015,Whole house or bungalow: Terraced (including end-terrace),58,54,4,1,3
S01012015,Flat maisonette or apartment or mobile/temporary accommodation,72,67,5,2,3
S01012016,All household spaces,479,360,119,112,7
S01012016,Whole house or bungalow: Total,470,352,118,111,7
S01012016,Whole house or bungalow: Detached,290,199,91,87,4
S01012016,Whole house or bungalow: Semi-detached,148,124,24,21,3
S01012016,Whole house or bungalow: Terraced (including end-terrace),32,29,3,3,0
S01012016,Flat maisonette or apartment or mobile/temporary accommodation,9,8,1,1,0
S01012017,All household spaces,407,221,186,182,4
S01012017,Whole house or bungalow: Total,400,216,184,180,4
S01012017,Whole house or bungalow: Detached,318,175,143,139,4
S01012017,Whole house or bungalow: Semi-detached,66,33,33,33,0
S01012017,Whole house or bungalow: Terraced (including end-terrace),16,8,8,8,0
S01012017,Flat maisonette or apartment or mobile/temporary accommodation,7,5,2,2,0
S01012018,All household spaces,526,374,152,138,14
S01012018,Whole house or bungalow: Total,508,356,152,138,14
S01012018,Whole house or bungalow: Detached,340,230,110,103,7
S01012018,Whole house or bungalow: Semi-detached,88,71,17,14,3
S01012018,Whole house or bungalow: Terraced (including end-terrace),80,55,25,21,4
S01012018,Flat maisonette or apartment or mobile/temporary accommodation,18,18,0,0,0
S01012019,All household spaces,386,371,15,0,15
S01012019,Whole house or bungalow: Total,227,225,2,0,2
S01012019,Whole house or bungalow: Detached,100,99,1,0,1
S01012019,Whole house or bungalow: Semi-detached,93,93,0,0,0
S01012019,Whole house or bungalow: Terraced (including end-terrace),34,33,1,0,1
S01012019,Flat maisonette or apartment or mobile/temporary accommodation,159,146,13,0,13
S01012020,All household spaces,367,361,6,0,6
S01012020,Whole house or bungalow: Total,210,206,4,0,4
S01012020,Whole house or bungalow: Detached,84,84,0,0,0
S01012020,Whole house or bungalow: Semi-detached,41,40,1,0,1
S01012020,Whole house or bungalow: Terraced (including end-terrace),85,82,3,0,3
S01012020,Flat maisonette or apartment or mobile/temporary accommodation,157,155,2,0,2
S01012021,All household spaces,225,225,0,0,0
S01012021,Whole house or bungalow: Total,197,197,0,0,0
S01012021,Whole house or bungalow: Detached,103,103,0,0,0
S01012021,Whole house or bungalow: Semi-detached,47,47,0,0,0
S01012021,Whole house or bungalow: Terraced (including end-terrace),47,47,0,0,0
S01012021,Flat maisonette or apartment or mobile/temporary accommodation,28,28,0,0,0
S01012022,All household spaces,293,289,4,0,4
S01012022,Whole house or bungalow: Total,199,197,2,0,2
S01012022,Whole house or bungalow: Detached,36,36,0,0,0
S01012022,Whole house or bungalow: Semi-detached,96,95,1,0,1
S01012022,Whole house or bungalow: Terraced (including end-terrace),67,66,1,0,1
S01012022,Flat maisonette or apartment or mobile/temporary accommodation,94,92,2,0,2
S01012023,All household spaces,237,228,9,2,7
S01012023,Whole house or bungalow: Total,211,202,9,2,7
S01012023,Whole house or bungalow: Detached,141,135,6,1,5
S01012023,Whole house or bungalow: Semi-detached,47,45,2,1,1
S01012023,Whole house or bungalow: Terraced (including end-terrace),23,22,1,0,1
S01012023,Flat maisonette or apartment or mobile/temporary accommodation,26,26,0,0,0
S01012024,All household spaces,366,363,3,0,3
S01012024,Whole house or bungalow: Total,324,321,3,0,3
S01012024,Whole house or bungalow: Detached,139,137,2,0,2
S01012024,Whole house or bungalow: Semi-detached,120,119,1,0,1
S01012024,Whole house or bungalow: Terraced (including end-terrace),65,65,0,0,0
S01012024,Flat maisonette or apartment or mobile/temporary accommodation,42,42,0,0,0
S01012025,All household spaces,294,288,6,0,6
S01012025,Whole house or bungalow: Total,238,235,3,0,3
S01012025,Whole house or bungalow: Detached,90,90,0,0,0
S01012025,Whole house or bungalow: Semi-detached,99,99,0,0,0
S01012025,Whole house or bungalow: Terraced (including end-terrace),49,46,3,0,3
S01012025,Flat maisonette or apartment or mobile/temporary accommodation,56,53,3,0,3
S01012026,All household spaces,212,211,1,0,1
S01012026,Whole house or bungalow: Total,178,177,1,0,1
S01012026,Whole house or bungalow: Detached,144,143,1,0,1
S01012026,Whole house or bungalow: Semi-detached,24,24,0,0,0
S01012026,Whole house or bungalow: Terraced (including end-terrace),10,10,0,0,0
S01012026,Flat maisonette or apartment or mobile/temporary accommodation,34,34,0,0,0
S01012027,All household spaces,321,311,10,0,10
S01012027,Whole house or bungalow: Total,303,293,10,0,10
S01012027,Whole house or bungalow: Detached,182,173,9,0,9
S01012027,Whole house or bungalow: Semi-detached,93,92,1,0,1
S01012027,Whole house or bungalow: Terraced (including end-terrace),28,28,0,0,0
S01012027,Flat maisonette or apartment or mobile/temporary accommodation,18,18,0,0,0
S01012028,All household spaces,380,375,5,1,4
S01012028,Whole house or bungalow: Total,334,329,5,1,4
S01012028,Whole house or bungalow: Detached,259,255,4,1,3
S01012028,Whole house or bungalow: Semi-detached,62,62,0,0,0
S01012028,Whole house or bungalow: Terraced (including end-terrace),13,12,1,0,1
S01012028,Flat maisonette or apartment or mobile/temporary accommodation,46,46,0,0,0
S01012029,All household spaces,451,418,33,1,32
S01012029,Whole house or bungalow: Total,318,292,26,1,25
S01012029,Whole house or bungalow: Detached,137,123,14,1,13
S01012029,Whole house or bungalow: Semi-detached,109,100,9,0,9
S01012029,Whole house or bungalow: Terraced (including end-terrace),72,69,3,0,3
S01012029,Flat maisonette or apartment or mobile/temporary accommodation,133,126,7,0,7
S01012030,All household spaces,271,249,22,0,22
S01012030,Whole house or bungalow: Total,209,198,11,0,11
S01012030,Whole house or bungalow: Detached,140,134,6,0,6
S01012030,Whole house or bungalow: Semi-detached,45,43,2,0,2
S01012030,Whole house or bungalow: Terraced (including end-terrace),24,21,3,0,3
S01012030,Flat maisonette or apartment or mobile/temporary accommodation,62,51,11,0,11
S01012031,All household spaces,241,231,10,0,10
S01012031,Whole house or bungalow: Total,234,224,10,0,10
S01012031,Whole house or bungalow: Detached,168,159,9,0,9
S01012031,Whole house or bungalow: Semi-detached,58,57,1,0,1
S01012031,Whole house or bungalow: Terraced (including end-terrace),8,8,0,0,0
S01012031,Flat maisonette or apartment or mobile/temporary accommodation,7,7,0,0,0
S01012032,All household spaces,148,142,6,2,4
S01012032,Whole house or bungalow: Total,140,135,5,2,3
S01012032,Whole house or bungalow: Detached,116,113,3,2,1
S01012032,Whole house or bungalow: Semi-detached,18,18,0,0,0
S01012032,Whole house or bungalow: Terraced (including end-terrace),6,4,2,0,2
S01012032,Flat maisonette or apartment or mobile/temporary accommodation,8,7,1,0,1
S01012033,All household spaces,377,373,4,0,4
S01012033,Whole house or bungalow: Total,290,287,3,0,3
S01012033,Whole house or bungalow: Detached,70,69,1,0,1
S01012033,Whole house or bungalow: Semi-detached,97,97,0,0,0
S01012033,Whole house or bungalow: Terraced (including end-terrace),123,121,2,0,2
S01012033,Flat maisonette or apartment or mobile/temporary accommodation,87,86,1,0,1
S01012034,All household spaces,390,386,4,0,4
S01012034,Whole house or bungalow: Total,209,208,1,0,1
S01012034,Whole house or bungalow: Detached,62,61,1,0,1
S01012034,Whole house or bungalow: Semi-detached,52,52,0,0,0
S01012034,Whole house or bungalow: Terraced (including end-terrace),95,95,0,0,0
S01012034,Flat maisonette or apartment or mobile/temporary accommodation,181,178,3,0,3
S01012035,All household spaces,441,431,10,0,10
S01012035,Whole house or bungalow: Total,252,247,5,0,5
S01012035,Whole house or bungalow: Detached,79,77,2,0,2
S01012035,Whole house or bungalow: Semi-detached,119,119,0,0,0
S01012035,Whole house or bungalow: Terraced (including end-terrace),54,51,3,0,3
S01012035,Flat maisonette or apartment or mobile/temporary accommodation,189,184,5,0,5
S01012036,All household spaces,394,385,9,0,9
S01012036,Whole house or bungalow: Total,302,298,4,0,4
S01012036,Whole house or bungalow: Detached,99,99,0,0,0
S01012036,Whole house or bungalow: Semi-detached,157,155,2,0,2
S01012036,Whole house or bungalow: Terraced (including end-terrace),46,44,2,0,2
S01012036,Flat maisonette or apartment or mobile/temporary accommodation,92,87,5,0,5
S01012037,All household spaces,466,438,28,0,28
S01012037,Whole house or bungalow: Total,293,276,17,0,17
S01012037,Whole house or bungalow: Detached,18,18,0,0,0
S01012037,Whole house or bungalow: Semi-detached,58,55,3,0,3
S01012037,Whole house or bungalow: Terraced (including end-terrace),217,203,14,0,14
S01012037,Flat maisonette or apartment or mobile/temporary accommodation,173,162,11,0,11
S01012038,All household spaces,376,366,10,0,10
S01012038,Whole house or bungalow: Total,70,68,2,0,2
S01012038,Whole house or bungalow: Detached,9,9,0,0,0
S01012038,Whole house or bungalow: Semi-detached,23,23,0,0,0
S01012038,Whole house or bungalow: Terraced (including end-terrace),38,36,2,0,2
S01012038,Flat maisonette or apartment or mobile/temporary accommodation,306,298,8,0,8
S01012039,All household spaces,421,413,8,0,8
S01012039,Whole house or bungalow: Total,395,388,7,0,7
S01012039,Whole house or bungalow: Detached,5,5,0,0,0
S01012039,Whole house or bungalow: Semi-detached,164,162,2,0,2
S01012039,Whole house or bungalow: Terraced (including end-terrace),226,221,5,0,5
S01012039,Flat maisonette or apartment or mobile/temporary accommodation,26,25,1,0,1
S01012040,All household spaces,257,255,2,0,2
S01012040,Whole house or bungalow: Total,209,209,0,0,0
S01012040,Whole house or bungalow: Detached,126,126,0,0,0
S01012040,Whole house or bungalow: Semi-detached,36,36,0,0,0
S01012040,Whole house or bungalow: Terraced (including end-terrace),47,47,0,0,0
S01012040,Flat maisonette or apartment or mobile/temporary accommodation,48,46,2,0,2
S01012041,All household spaces,389,382,7,0,7
S01012041,Whole house or bungalow: Total,285,283,2,0,2
S01012041,Whole house or bungalow: Detached,28,28,0,0,0
S01012041,Whole house or bungalow: Semi-detached,73,72,1,0,1
S01012041,Whole house or bungalow: Terraced (including end-terrace),184,183,1,0,1
S01012041,Flat maisonette or apartment or mobile/temporary accommodation,104,99,5,0,5
S01012042,All household spaces,420,408,12,0,12
S01012042,Whole house or bungalow: Total,375,366,9,0,9
S01012042,Whole house or bungalow: Detached,8,8,0,0,0
S01012042,Whole house or bungalow: Semi-detached,109,108,1,0,1
S01012042,Whole house or bungalow: Terraced (including end-terrace),258,250,8,0,8
S01012042,Flat maisonette or apartment or mobile/temporary accommodation,45,42,3,0,3
S01012043,All household spaces,385,380,5,0,5
S01012043,Whole house or bungalow: Total,169,165,4,0,4
S01012043,Whole house or bungalow: Detached,36,35,1,0,1
S01012043,Whole house or bungalow: Semi-detached,66,66,0,0,0
S01012043,Whole house or bungalow: Terraced (including end-terrace),67,64,3,0,3
S01012043,Flat maisonette or apartment or mobile/temporary accommodation,216,215,1,0,1
S01012044,All household spaces,482,474,8,0,8
S01012044,Whole house or bungalow: Total,199,197,2,0,2
S01012044,Whole house or bungalow: Detached,19,19,0,0,0
S01012044,Whole house or bungalow: Semi-detached,138,136,2,0,2
S01012044,Whole house or bungalow: Terraced (including end-terrace),42,42,0,0,0
S01012044,Flat maisonette or apartment or mobile/temporary accommodation,283,277,6,0,6
S01012045,All household spaces,621,583,38,0,38
S01012045,Whole house or bungalow: Total,130,126,4,0,4
S01012045,Whole house or bungalow: Detached,33,32,1,0,1
S01012045,Whole house or bungalow: Semi-detached,68,67,1,0,1
S01012045,Whole house or bungalow: Terraced (including end-terrace),29,27,2,0,2
S01012045,Flat maisonette or apartment or mobile/temporary accommodation,491,457,34,0,34
S01012046,All household spaces,392,376,16,2,14
S01012046,Whole house or bungalow: Total,94,90,4,1,3
S01012046,Whole house or bungalow: Detached,12,11,1,0,1
S01012046,Whole house or bungalow: Semi-detached,35,35,0,0,0
S01012046,Whole house or bungalow: Terraced (including end-terrace),47,44,3,1,2
S01012046,Flat maisonette or apartment or mobile/temporary accommodation,298,286,12,1,11
S01012047,All household spaces,559,548,11,0,11
S01012047,Whole house or bungalow: Total,110,109,1,0,1
S01012047,Whole house or bungalow: Detached,12,12,0,0,0
S01012047,Whole house or bungalow: Semi-detached,49,48,1,0,1
S01012047,Whole house or bungalow: Terraced (including end-terrace),49,49,0,0,0
S01012047,Flat maisonette or apartment or mobile/temporary accommodation,449,439,10,0,10
S01012048,All household spaces,428,402,26,0,26
S01012048,Whole house or bungalow: Total,123,121,2,0,2
S01012048,Whole house or bungalow: Detached,11,11,0,0,0
S01012048,Whole house or bungalow: Semi-detached,35,35,0,0,0
S01012048,Whole house or bungalow: Terraced (including end-terrace),77,75,2,0,2
S01012048,Flat maisonette or apartment or mobile/temporary accommodation,305,281,24,0,24
S01012049,All household spaces,355,347,8,0,8
S01012049,Whole house or bungalow: Total,193,192,1,0,1
S01012049,Whole house or bungalow: Detached,22,21,1,0,1
S01012049,Whole house or bungalow: Semi-detached,108,108,0,0,0
S01012049,Whole house or bungalow: Terraced (including end-terrace),63,63,0,0,0
S01012049,Flat maisonette or apartment or mobile/temporary accommodation,162,155,7,0,7
S01012050,All household spaces,426,423,3,0,3
S01012050,Whole house or bungalow: Total,330,328,2,0,2
S01012050,Whole house or bungalow: Detached,55,55,0,0,0
S01012050,Whole house or bungalow: Semi-detached,228,226,2,0,2
S01012050,Whole house or bungalow: Terraced (including end-terrace),47,47,0,0,0
S01012050,Flat maisonette or apartment or mobile/temporary accommodation,96,95,1,0,1
S01012051,All household spaces,263,255,8,0,8
S01012051,Whole house or bungalow: Total,109,108,1,0,1
S01012051,Whole house or bungalow: Detached,92,91,1,0,1
S01012051,Whole house or bungalow: Semi-detached,9,9,0,0,0
S01012051,Whole house or bungalow: Terraced (including end-terrace),8,8,0,0,0
S01012051,Flat maisonette or apartment or mobile/temporary accommodation,154,147,7,0,7
S01012052,All household spaces,471,469,2,0,2
S01012052,Whole house or bungalow: Total,255,255,0,0,0
S01012052,Whole house or bungalow: Detached,12,12,0,0,0
S01012052,Whole house or bungalow: Semi-detached,115,115,0,0,0
S01012052,Whole house or bungalow: Terraced (including end-terrace),128,128,0,0,0
S01012052,Flat maisonette or apartment or mobile/temporary accommodation,216,214,2,0,2
S01012053,All household spaces,473,461,12,0,12
S01012053,Whole house or bungalow: Total,275,273,2,0,2
S01012053,Whole house or bungalow: Detached,9,9,0,0,0
S01012053,Whole house or bungalow: Semi-detached,57,57,0,0,0
S01012053,Whole house or bungalow: Terraced (including end-terrace),209,207,2,0,2
S01012053,Flat maisonette or apartment or mobile/temporary accommodation,198,188,10,0,10
S01012054,All household spaces,475,443,32,1,31
S01012054,Whole house or bungalow: Total,159,153,6,0,6
S01012054,Whole house or bungalow: Detached,0,0,0,0,0
S01012054,Whole house or bungalow: Semi-detached,31,31,0,0,0
S01012054,Whole house or bungalow: Terraced (including end-terrace),128,122,6,0,6
S01012054,Flat maisonette or apartment or mobile/temporary accommodation,316,290,26,1,25
S01012055,All household spaces,467,463,4,0,4
S01012055,Whole house or bungalow: Total,334,332,2,0,2
S01012055,Whole house or bungalow: Detached,10,10,0,0,0
S01012055,Whole house or bungalow: Semi-detached,106,106,0,0,0
S01012055,Whole house or bungalow: Terraced (including end-terrace),218,216,2,0,2
S01012055,Flat maisonette or apartment or mobile/temporary accommodation,133,131,2,0,2
S01012056,All household spaces,358,354,4,0,4
S01012056,Whole house or bungalow: Total,295,294,1,0,1
S01012056,Whole house or bungalow: Detached,54,53,1,0,1
S01012056,Whole house or bungalow: Semi-detached,180,180,0,0,0
S01012056,Whole house or bungalow: Terraced (including end-terrace),61,61,0,0,0
S01012056,Flat maisonette or apartment or mobile/temporary accommodation,63,60,3,0,3
S01012057,All household spaces,323,316,7,0,7
S01012057,Whole house or bungalow: Total,298,291,7,0,7
S01012057,Whole house or bungalow: Detached,50,49,1,0,1
S01012057,Whole house or bungalow: Semi-detached,227,221,6,0,6
S01012057,Whole house or bungalow: Terraced (including end-terrace),21,21,0,0,0
S01012057,Flat maisonette or apartment or mobile/temporary accommodation,25,25,0,0,0
S01012058,All household spaces,333,328,5,0,5
S01012058,Whole house or bungalow: Total,283,278,5,0,5
S01012058,Whole house or bungalow: Detached,77,75,2,0,2
S01012058,Whole house or bungalow: Semi-detached,131,130,1,0,1
S01012058,Whole house or bungalow: Terraced (including end-terrace),75,73,2,0,2
S01012058,Flat maisonette or apartment or mobile/temporary accommodation,50,50,0,0,0
S01012059,All household spaces,418,412,6,0,6
S01012059,Whole house or bungalow: Total,304,303,1,0,1
S01012059,Whole house or bungalow: Detached,11,11,0,0,0
S01012059,Whole house or bungalow: Semi-detached,100,100,0,0,0
S01012059,Whole house or bungalow: Terraced (including end-terrace),193,192,1,0,1
S01012059,Flat maisonette or apartment or mobile/temporary accommodation,114,109,5,0,5
S01012060,All household spaces,417,408,9,0,9
S01012060,Whole house or bungalow: Total,243,237,6,0,6
S01012060,Whole house or bungalow: Detached,21,21,0,0,0
S01012060,Whole house or bungalow: Semi-detached,91,89,2,0,2
S01012060,Whole house or bungalow: Terraced (including end-terrace),131,127,4,0,4
S01012060,Flat maisonette or apartment or mobile/temporary accommodation,174,171,3,0,3
S01012061,All household spaces,444,440,4,0,4
S01012061,Whole house or bungalow: Total,290,289,1,0,1
S01012061,Whole house or bungalow: Detached,69,69,0,0,0
S01012061,Whole house or bungalow: Semi-detached,160,159,1,0,1
S01012061,Whole house or bungalow: Terraced (including end-terrace),61,61,0,0,0
S01012061,Flat maisonette or apartment or mobile/temporary accommodation,154,151,3,0,3
S01012062,All household spaces,339,335,4,0,4
S01012062,Whole house or bungalow: Total,283,281,2,0,2
S01012062,Whole house or bungalow: Detached,83,82,1,0,1
S01012062,Whole house or bungalow: Semi-detached,129,128,1,0,1
S01012062,Whole house or bungalow: Terraced (including end-terrace),71,71,0,0,0
S01012062,Flat maisonette or apartment or mobile/temporary accommodation,56,54,2,0,2
S01012063,All household spaces,237,235,2,0,2
S01012063,Whole house or bungalow: Total,193,191,2,0,2
S01012063,Whole house or bungalow: Detached,33,32,1,0,1
S01012063,Whole house or bungalow: Semi-detached,95,94,1,0,1
S01012063,Whole house or bungalow: Terraced (including end-terrace),65,65,0,0,0
S01012063,Flat maisonette or apartment or mobile/temporary accommodation,44,44,0,0,0
S01012064,All household spaces,286,276,10,0,10
S01012064,Whole house or bungalow: Total,220,213,7,0,7
S01012064,Whole house or bungalow: Detached,18,18,0,0,0
S01012064,Whole house or bungalow: Semi-detached,135,129,6,0,6
S01012064,Whole house or bungalow: Terraced (including end-terrace),67,66,1,0,1
S01012064,Flat maisonette or apartment or mobile/temporary accommodation,66,63,3,0,3
S01012065,All household spaces,271,261,10,0,10
S01012065,Whole house or bungalow: Total,184,178,6,0,6
S01012065,Whole house or bungalow: Detached,24,22,2,0,2
S01012065,Whole house or bungalow: Semi-detached,99,96,3,0,3
S01012065,Whole house or bungalow: Terraced (including end-terrace),61,60,1,0,1
S01012065,Flat maisonette or apartment or mobile/temporary accommodation,87,83,4,0,4
S01012066,All household spaces,415,382,33,0,33
S01012066,Whole house or bungalow: Total,247,243,4,0,4
S01012066,Whole house or bungalow: Detached,22,20,2,0,2
S01012066,Whole house or bungalow: Semi-detached,149,147,2,0,2
S01012066,Whole house or bungalow: Terraced (including end-terrace),76,76,0,0,0
S01012066,Flat maisonette or apartment or mobile/temporary accommodation,168,139,29,0,29
S01012067,All household spaces,254,250,4,0,4
S01012067,Whole house or bungalow: Total,194,192,2,0,2
S01012067,Whole house or bungalow: Detached,21,21,0,0,0
S01012067,Whole house or bungalow: Semi-detached,94,94,0,0,0
S01012067,Whole house or bungalow: Terraced (including end-terrace),79,77,2,0,2
S01012067,Flat maisonette or apartment or mobile/temporary accommodation,60,58,2,0,2
S01012068,All household spaces,281,268,13,0,13
S01012068,Whole house or bungalow: Total,136,135,1,0,1
S01012068,Whole house or bungalow: Detached,10,10,0,0,0
S01012068,Whole house or bungalow: Semi-detached,83,82,1,0,1
S01012068,Whole house or bungalow: Terraced (including end-terrace),43,43,0,0,0
S01012068,Flat maisonette or apartment or mobile/temporary accommodation,145,133,12,0,12
S01012069,All household spaces,319,292,27,0,27
S01012069,Whole house or bungalow: Total,68,68,0,0,0
S01012069,Whole house or bungalow: Detached,10,10,0,0,0
S01012069,Whole house or bungalow: Semi-detached,37,37,0,0,0
S01012069,Whole house or bungalow: Terraced (including end-terrace),21,21,0,0,0
S01012069,Flat maisonette or apartment or mobile/temporary accommodation,251,224,27,0,27
S01012070,All household spaces,486,449,37,1,36
S01012070,Whole house or bungalow: Total,16,16,0,0,0
S01012070,Whole house or bungalow: Detached,5,5,0,0,0
S01012070,Whole house or bungalow: Semi-detached,3,3,0,0,0
S01012070,Whole house or bungalow: Terraced (including end-terrace),8,8,0,0,0
S01012070,Flat maisonette or apartment or mobile/temporary accommodation,470,433,37,1,36
S01012071,All household spaces,774,692,82,0,82
S01012071,Whole house or bungalow: Total,28,27,1,0,1
S01012071,Whole house or bungalow: Detached,6,6,0,0,0
S01012071,Whole house or bungalow: Semi-detached,6,6,0,0,0
S01012071,Whole house or bungalow: Terraced (including end-terrace),16,15,1,0,1
S01012071,Flat maisonette or apartment or mobile/temporary accommodation,746,665,81,0,81
S01012072,All household spaces,754,722,32,2,30
S01012072,Whole house or bungalow: Total,52,48,4,1,3
S01012072,Whole house or bungalow: Detached,20,20,0,0,0
S01012072,Whole house or bungalow: Semi-detached,9,9,0,0,0
S01012072,Whole house or bungalow: Terraced (including end-terrace),23,19,4,1,3
S01012072,Flat maisonette or apartment or mobile/temporary accommodation,702,674,28,1,27
S01012073,All household spaces,320,320,0,0,0
S01012073,Whole house or bungalow: Total,154,154,0,0,0
S01012073,Whole house or bungalow: Detached,59,59,0,0,0
S01012073,Whole house or bungalow: Semi-detached,17,17,0,0,0
S01012073,Whole house or bungalow: Terraced (including end-terrace),78,78,0,0,0
S01012073,Flat maisonette or apartment or mobile/temporary accommodation,166,166,0,0,0
S01012074,All household spaces,346,343,3,1,2
S01012074,Whole house or bungalow: Total,169,168,1,0,1
S01012074,Whole house or bungalow: Detached,49,49,0,0,0
S01012074,Whole house or bungalow: Semi-detached,49,49,0,0,0
S01012074,Whole house or bungalow: Terraced (including end-terrace),71,70,1,0,1
S01012074,Flat maisonette or apartment or mobile/temporary accommodation,177,175,2,1,1
S01012075,All household spaces,269,269,0,0,0
S01012075,Whole house or bungalow: Total,251,251,0,0,0
S01012075,Whole house or bungalow: Detached,136,136,0,0,0
S01012075,Whole house or bungalow: Semi-detached,40,40,0,0,0
S01012075,Whole house or bungalow: Terraced (including end-terrace),75,75,0,0,0
S01012075,Flat maisonette or apartment or mobile/temporary accommodation,18,18,0,0,0
S01012076,All household spaces,391,382,9,0,9
S01012076,Whole house or bungalow: Total,182,181,1,0,1
S01012076,Whole house or bungalow: Detached,29,29,0,0,0
S01012076,Whole house or bungalow: Semi-detached,110,109,1,0,1
S01012076,Whole house or bungalow: Terraced (including end-terrace),43,43,0,0,0
S01012076,Flat maisonette or apartment or mobile/temporary accommodation,209,201,8,0,8
S01012077,All household spaces,379,363,16,0,16
S01012077,Whole house or bungalow: Total,106,103,3,0,3
S01012077,Whole house or bungalow: Detached,44,42,2,0,2
S01012077,Whole house or bungalow: Semi-detached,25,25,0,0,0
S01012077,Whole house or bungalow: Terraced (including end-terrace),37,36,1,0,1
S01012077,Flat maisonette or apartment or mobile/temporary accommodation,273,260,13,0,13
S01012078,All household spaces,379,367,12,0,12
S01012078,Whole house or bungalow: Total,260,258,2,0,2
S01012078,Whole house or bungalow: Detached,100,98,2,0,2
S01012078,Whole house or bungalow: Semi-detached,97,97,0,0,0
S01012078,Whole house or bungalow: Terraced (including end-terrace),63,63,0,0,0
S01012078,Flat maisonette or apartment or mobile/temporary accommodation,119,109,10,0,10
S01012079,All household spaces,460,448,12,0,12
S01012079,Whole house or bungalow: Total,272,267,5,0,5
S01012079,Whole house or bungalow: Detached,23,23,0,0,0
S01012079,Whole house or bungalow: Semi-detached,94,94,0,0,0
S01012079,Whole house or bungalow: Terraced (including end-terrace),155,150,5,0,5
S01012079,Flat maisonette or apartment or mobile/temporary accommodation,188,181,7,0,7
S01012080,All household spaces,361,352,9,0,9
S01012080,Whole house or bungalow: Total,178,176,2,0,2
S01012080,Whole house or bungalow: Detached,18,18,0,0,0
S01012080,Whole house or bungalow: Semi-detached,87,87,0,0,0
S01012080,Whole house or bungalow: Terraced (including end-terrace),73,71,2,0,2
S01012080,Flat maisonette or apartment or mobile/temporary accommodation,183,176,7,0,7
S01012081,All household spaces,405,387,18,0,18
S01012081,Whole house or bungalow: Total,194,187,7,0,7
S01012081,Whole house or bungalow: Detached,7,7,0,0,0
S01012081,Whole house or bungalow: Semi-detached,59,58,1,0,1
S01012081,Whole house or bungalow: Terraced (including end-terrace),128,122,6,0,6
S01012081,Flat maisonette or apartment or mobile/temporary accommodation,211,200,11,0,11
S01012082,All household spaces,327,323,4,0,4
S01012082,Whole house or bungalow: Total,215,213,2,0,2
S01012082,Whole house or bungalow: Detached,5,5,0,0,0
S01012082,Whole house or bungalow: Semi-detached,74,73,1,0,1
S01012082,Whole house or bungalow: Terraced (including end-terrace),136,135,1,0,1
S01012082,Flat maisonette or apartment or mobile/temporary accommodation,112,110,2,0,2
S01012083,All household spaces,396,383,13,0,13
S01012083,Whole house or bungalow: Total,204,201,3,0,3
S01012083,Whole house or bungalow: Detached,3,3,0,0,0
S01012083,Whole house or bungalow: Semi-detached,59,58,1,0,1
S01012083,Whole house or bungalow: Terraced (including end-terrace),142,140,2,0,2
S01012083,Flat maisonette or apartment or mobile/temporary accommodation,192,182,10,0,10
S01012084,All household spaces,240,238,2,0,2
S01012084,Whole house or bungalow: Total,230,228,2,0,2
S01012084,Whole house or bungalow: Detached,25,25,0,0,0
S01012084,Whole house or bungalow: Semi-detached,62,62,0,0,0
S01012084,Whole house or bungalow: Terraced (including end-terrace),143,141,2,0,2
S01012084,Flat maisonette or apartment or mobile/temporary accommodation,10,10,0,0,0
S01012085,All household spaces,301,301,0,0,0
S01012085,Whole house or bungalow: Total,256,256,0,0,0
S01012085,Whole house or bungalow: Detached,48,48,0,0,0
S01012085,Whole house or bungalow: Semi-detached,116,116,0,0,0
S01012085,Whole house or bungalow: Terraced (including end-terrace),92,92,0,0,0
S01012085,Flat maisonette or apartment or mobile/temporary accommodation,45,45,0,0,0
S01012086,All household spaces,464,448,16,1,15
S01012086,Whole house or bungalow: Total,301,292,9,0,9
S01012086,Whole house or bungalow: Detached,15,15,0,0,0
S01012086,Whole house or bungalow: Semi-detached,74,74,0,0,0
S01012086,Whole house or bungalow: Terraced (including end-terrace),212,203,9,0,9
S01012086,Flat maisonette or apartment or mobile/temporary accommodation,163,156,7,1,6
S01012087,All household spaces,373,364,9,0,9
S01012087,Whole house or bungalow: Total,309,303,6,0,6
S01012087,Whole house or bungalow: Detached,31,31,0,0,0
S01012087,Whole house or bungalow: Semi-detached,93,91,2,0,2
S01012087,Whole house or bungalow: Terraced (including end-terrace),185,181,4,0,4
S01012087,Flat maisonette or apartment or mobile/temporary accommodation,64,61,3,0,3
S01012088,All household spaces,288,286,2,0,2
S01012088,Whole house or bungalow: Total,209,207,2,0,2
S01012088,Whole house or bungalow: Detached,109,108,1,0,1
S01012088,Whole house or bungalow: Semi-detached,67,66,1,0,1
S01012088,Whole house or bungalow: Terraced (including end-terrace),33,33,0,0,0
S01012088,Flat maisonette or apartment or mobile/temporary accommodation,79,79,0,0,0
S01012089,All household spaces,365,357,8,0,8
S01012089,Whole house or bungalow: Total,278,274,4,0,4
S01012089,Whole house or bungalow: Detached,86,85,1,0,1
S01012089,Whole house or bungalow: Semi-detached,177,174,3,0,3
S01012089,Whole house or bungalow: Terraced (including end-terrace),15,15,0,0,0
S01012089,Flat maisonette or apartment or mobile/temporary accommodation,87,83,4,0,4
S01012090,All household spaces,357,356,1,0,1
S01012090,Whole house or bungalow: Total,349,348,1,0,1
S01012090,Whole house or bungalow: Detached,253,252,1,0,1
S01012090,Whole house or bungalow: Semi-detached,79,79,0,0,0
S01012090,Whole house or bungalow: Terraced (including end-terrace),17,17,0,0,0
S01012090,Flat maisonette or apartment or mobile/temporary accommodation,8,8,0,0,0
S01012091,All household spaces,247,244,3,0,3
S01012091,Whole house or bungalow: Total,228,225,3,0,3
S01012091,Whole house or bungalow: Detached,14,14,0,0,0
S01012091,Whole house or bungalow: Semi-detached,90,89,1,0,1
S01012091,Whole house or bungalow: Terraced (including end-terrace),124,122,2,0,2
S01012091,Flat maisonette or apartment or mobile/temporary accommodation,19,19,0,0,0
S01012092,All household spaces,217,214,3,0,3
S01012092,Whole house or bungalow: Total,178,176,2,0,2
S01012092,Whole house or bungalow: Detached,27,26,1,0,1
S01012092,Whole house or bungalow: Semi-detached,75,75,0,0,0
S01012092,Whole house or bungalow: Terraced (including end-terrace),76,75,1,0,1
S01012092,Flat maisonette or apartment or mobile/temporary accommodation,39,38,1,0,1
S01012093,All household spaces,302,295,7,0,7
S01012093,Whole house or bungalow: Total,142,140,2,0,2
S01012093,Whole house or bungalow: Detached,35,35,0,0,0
S01012093,Whole house or bungalow: Semi-detached,43,41,2,0,2
S01012093,Whole house or bungalow: Terraced (including end-terrace),64,64,0,0,0
S01012093,Flat maisonette or apartment or mobile/temporary accommodation,160,155,5,0,5
S01012094,All household spaces,326,317,9,0,9
S01012094,Whole house or bungalow: Total,292,286,6,0,6
S01012094,Whole house or bungalow: Detached,181,179,2,0,2
S01012094,Whole house or bungalow: Semi-detached,87,85,2,0,2
S01012094,Whole house or bungalow: Terraced (including end-terrace),24,22,2,0,2
S01012094,Flat maisonette or apartment or mobile/temporary accommodation,34,31,3,0,3
S01012095,All household spaces,412,410,2,0,2
S01012095,Whole house or bungalow: Total,281,281,0,0,0
S01012095,Whole house or bungalow: Detached,80,80,0,0,0
S01012095,Whole house or bungalow: Semi-detached,137,137,0,0,0
S01012095,Whole house or bungalow: Terraced (including end-terrace),64,64,0,0,0
S01012095,Flat maisonette or apartment or mobile/temporary accommodation,131,129,2,0,2
S01012096,All household spaces,396,388,8,0,8
S01012096,Whole house or bungalow: Total,309,302,7,0,7
S01012096,Whole house or bungalow: Detached,15,15,0,0,0
S01012096,Whole house or bungalow: Semi-detached,133,132,1,0,1
S01012096,Whole house or bungalow: Terraced (including end-terrace),161,155,6,0,6
S01012096,Flat maisonette or apartment or mobile/temporary accommodation,87,86,1,0,1
S01012097,All household spaces,288,279,9,0,9
S01012097,Whole house or bungalow: Total,249,242,7,0,7
S01012097,Whole house or bungalow: Detached,18,18,0,0,0
S01012097,Whole house or bungalow: Semi-detached,98,96,2,0,2
S01012097,Whole house or bungalow: Terraced (including end-terrace),133,128,5,0,5
S01012097,Flat maisonette or apartment or mobile/temporary accommodation,39,37,2,0,2
S01012098,All household spaces,279,277,2,1,1
S01012098,Whole house or bungalow: Total,201,201,0,0,0
S01012098,Whole house or bungalow: Detached,16,16,0,0,0
S01012098,Whole house or bungalow: Semi-detached,105,105,0,0,0
S01012098,Whole house or bungalow: Terraced (including end-terrace),80,80,0,0,0
S01012098,Flat maisonette or apartment or mobile/temporary accommodation,78,76,2,1,1
S01012099,All household spaces,352,348,4,1,3
S01012099,Whole house or bungalow: Total,203,203,0,0,0
S01012099,Whole house or bungalow: Detached,9,9,0,0,0
S01012099,Whole house or bungalow: Semi-detached,93,93,0,0,0
S01012099,Whole house or bungalow: Terraced (including end-terrace),101,101,0,0,0
S01012099,Flat maisonette or apartment or mobile/temporary accommodation,149,145,4,1,3
S01012100,All household spaces,505,493,12,0,12
S01012100,Whole house or bungalow: Total,364,358,6,0,6
S01012100,Whole house or bungalow: Detached,50,50,0,0,0
S01012100,Whole house or bungalow: Semi-detached,137,135,2,0,2
S01012100,Whole house or bungalow: Terraced (including end-terrace),177,173,4,0,4
S01012100,Flat maisonette or apartment or mobile/temporary accommodation,141,135,6,0,6
S01012101,All household spaces,311,311,0,0,0
S01012101,Whole house or bungalow: Total,255,255,0,0,0
S01012101,Whole house or bungalow: Detached,117,117,0,0,0
S01012101,Whole house or bungalow: Semi-detached,118,118,0,0,0
S01012101,Whole house or bungalow: Terraced (including end-terrace),20,20,0,0,0
S01012101,Flat maisonette or apartment or mobile/temporary accommodation,56,56,0,0,0
S01012102,All household spaces,333,319,14,0,14
S01012102,Whole house or bungalow: Total,126,126,0,0,0
S01012102,Whole house or bungalow: Detached,17,17,0,0,0
S01012102,Whole house or bungalow: Semi-detached,38,38,0,0,0
S01012102,Whole house or bungalow: Terraced (including end-terrace),71,71,0,0,0
S01012102,Flat maisonette or apartment or mobile/temporary accommodation,207,193,14,0,14
S01012103,All household spaces,435,425,10,0,10
S01012103,Whole house or bungalow: Total,309,302,7,0,7
S01012103,Whole house or bungalow: Detached,46,44,2,0,2
S01012103,Whole house or bungalow: Semi-detached,112,110,2,0,2
S01012103,Whole house or bungalow: Terraced (including end-terrace),151,148,3,0,3
S01012103,Flat maisonette or apartment or mobile/temporary accommodation,126,123,3,0,3
S01012104,All household spaces,362,345,17,0,17
S01012104,Whole house or bungalow: Total,321,305,16,0,16
S01012104,Whole house or bungalow: Detached,230,214,16,0,16
S01012104,Whole house or bungalow: Semi-detached,73,73,0,0,0
S01012104,Whole house or bungalow: Terraced (including end-terrace),18,18,0,0,0
S01012104,Flat maisonette or apartment or mobile/temporary accommodation,41,40,1,0,1
S01012105,All household spaces,499,492,7,0,7
S01012105,Whole house or bungalow: Total,245,244,1,0,1
S01012105,Whole house or bungalow: Detached,124,123,1,0,1
S01012105,Whole house or bungalow: Semi-detached,83,83,0,0,0
S01012105,Whole house or bungalow: Terraced (including end-terrace),38,38,0,0,0
S01012105,Flat maisonette or apartment or mobile/temporary accommodation,254,248,6,0,6
S01012106,All household spaces,504,497,7,1,6
S01012106,Whole house or bungalow: Total,211,210,1,0,1
S01012106,Whole house or bungalow: Detached,124,124,0,0,0
S01012106,Whole house or bungalow: Semi-detached,58,57,1,0,1
S01012106,Whole house or bungalow: Terraced (including end-terrace),29,29,0,0,0
S01012106,Flat maisonette or apartment or mobile/temporary accommodation,293,287,6,1,5
S01012107,All household spaces,287,279,8,2,6
S01012107,Whole house or bungalow: Total,154,152,2,0,2
S01012107,Whole house or bungalow: Detached,77,76,1,0,1
S01012107,Whole house or bungalow: Semi-detached,59,58,1,0,1
S01012107,Whole house or bungalow: Terraced (including end-terrace),18,18,0,0,0
S01012107,Flat maisonette or apartment or mobile/temporary accommodation,133,127,6,2,4
S01012108,All household spaces,646,632,14,0,14
S01012108,Whole house or bungalow: Total,46,42,4,0,4
S01012108,Whole house or bungalow: Detached,9,9,0,0,0
S01012108,Whole house or bungalow: Semi-detached,8,8,0,0,0
S01012108,Whole house or bungalow: Terraced (including end-terrace),29,25,4,0,4
S01012108,Flat maisonette or apartment or mobile/temporary accommodation,600,590,10,0,10
S01012109,All household spaces,592,560,32,0,32
S01012109,Whole house or bungalow: Total,85,83,2,0,2
S01012109,Whole house or bungalow: Detached,9,9,0,0,0
S01012109,Whole house or bungalow: Semi-detached,27,26,1,0,1
S01012109,Whole house or bungalow: Terraced (including end-terrace),49,48,1,0,1
S01012109,Flat maisonette or apartment or mobile/temporary accommodation,507,477,30,0,30
S01012110,All household spaces,479,458,21,0,21
S01012110,Whole house or bungalow: Total,53,53,0,0,0
S01012110,Whole house or bungalow: Detached,15,15,0,0,0
S01012110,Whole house or bungalow: Semi-detached,21,21,0,0,0
S01012110,Whole house or bungalow: Terraced (including end-terrace),17,17,0,0,0
S01012110,Flat maisonette or apartment or mobile/temporary accommodation,426,405,21,0,21
S01012111,All household spaces,335,309,26,0,26
S01012111,Whole house or bungalow: Total,87,86,1,0,1
S01012111,Whole house or bungalow: Detached,7,7,0,0,0
S01012111,Whole house or bungalow: Semi-detached,42,42,0,0,0
S01012111,Whole house or bungalow: Terraced (including end-terrace),38,37,1,0,1
S01012111,Flat maisonette or apartment or mobile/temporary accommodation,248,223,25,0,25
S01012112,All household spaces,432,423,9,0,9
S01012112,Whole house or bungalow: Total,147,144,3,0,3
S01012112,Whole house or bungalow: Detached,40,38,2,0,2
S01012112,Whole house or bungalow: Semi-detached,72,71,1,0,1
S01012112,Whole house or bungalow: Terraced (including end-terrace),35,35,0,0,0
S01012112,Flat maisonette or apartment or mobile/temporary accommodation,285,279,6,0,6
S01012113,All household spaces,526,511,15,0,15
S01012113,Whole house or bungalow: Total,280,275,5,0,5
S01012113,Whole house or bungalow: Detached,82,82,0,0,0
S01012113,Whole house or bungalow: Semi-detached,54,53,1,0,1
S01012113,Whole house or bungalow: Terraced (including end-terrace),144,140,4,0,4
S01012113,Flat maisonette or apartment or mobile/temporary accommodation,246,236,10,0,10
S01012114,All household spaces,371,357,14,1,13
S01012114,Whole house or bungalow: Total,230,224,6,0,6
S01012114,Whole house or bungalow: Detached,146,142,4,0,4
S01012114,Whole house or bungalow: Semi-detached,47,45,2,0,2
S01012114,Whole house or bungalow: Terraced (including end-terrace),37,37,0,0,0
S01012114,Flat maisonette or apartment or mobile/temporary accommodation,141,133,8,1,7
S01012115,All household spaces,261,257,4,0,4
S01012115,Whole house or bungalow: Total,190,186,4,0,4
S01012115,Whole house or bungalow: Detached,3,3,0,0,0
S01012115,Whole house or bungalow: Semi-detached,71,69,2,0,2
S01012115,Whole house or bungalow: Terraced (including end-terrace),116,114,2,0,2
S01012115,Flat maisonette or apartment or mobile/temporary accommodation,71,71,0,0,0
S01012116,All household spaces,289,283,6,0,6
S01012116,Whole house or bungalow: Total,228,223,5,0,5
S01012116,Whole house or bungalow: Detached,6,6,0,0,0
S01012116,Whole house or bungalow: Semi-detached,42,42,0,0,0
S01012116,Whole house or bungalow: Terraced (including end-terrace),180,175,5,0,5
S01012116,Flat maisonette or apartment or mobile/temporary accommodation,61,60,1,0,1
S01012117,All household spaces,298,289,9,3,6
S01012117,Whole house or bungalow: Total,261,256,5,0,5
S01012117,Whole house or bungalow: Detached,115,113,2,0,2
S01012117,Whole house or bungalow: Semi-detached,71,69,2,0,2
S01012117,Whole house or bungalow: Terraced (including end-terrace),75,74,1,0,1
S01012117,Flat maisonette or apartment or mobile/temporary accommodation,37,33,4,3,1
S01012118,All household spaces,227,226,1,0,1
S01012118,Whole house or bungalow: Total,220,219,1,0,1
S01012118,Whole house or bungalow: Detached,103,102,1,0,1
S01012118,Whole house or bungalow: Semi-detached,93,93,0,0,0
S01012118,Whole house or bungalow: Terraced (including end-terrace),24,24,0,0,0
S01012118,Flat maisonette or apartment or mobile/temporary accommodation,7,7,0,0,0
S01012119,All household spaces,353,349,4,1,3
S01012119,Whole house or bungalow: Total,339,335,4,1,3
S01012119,Whole house or bungalow: Detached,129,128,1,0,1
S01012119,Whole house or bungalow: Semi-detached,189,186,3,1,2
S01012119,Whole house or bungalow: Terraced (including end-terrace),21,21,0,0,0
S01012119,Flat maisonette or apartment or mobile/temporary accommodation,14,14,0,0,0
S01012120,All household spaces,261,256,5,1,4
S01012120,Whole house or bungalow: Total,174,171,3,1,2
S01012120,Whole house or bungalow: Detached,56,53,3,1,2
S01012120,Whole house or bungalow: Semi-detached,63,63,0,0,0
S01012120,Whole house or bungalow: Terraced (including end-terrace),55,55,0,0,0
S01012120,Flat maisonette or apartment or mobile/temporary accommodation,87,85,2,0,2
S01012121,All household spaces,409,404,5,0,5
S01012121,Whole house or bungalow: Total,316,313,3,0,3
S01012121,Whole house or bungalow: Detached,31,31,0,0,0
S01012121,Whole house or bungalow: Semi-detached,130,129,1,0,1
S01012121,Whole house or bungalow: Terraced (including end-terrace),155,153,2,0,2
S01012121,Flat maisonette or apartment or mobile/temporary accommodation,93,91,2,0,2
S01012122,All household spaces,321,318,3,0,3
S01012122,Whole house or bungalow: Total,269,267,2,0,2
S01012122,Whole house or bungalow: Detached,32,32,0,0,0
S01012122,Whole house or bungalow: Semi-detached,100,100,0,0,0
S01012122,Whole house or bungalow: Terraced (including end-terrace),137,135,2,0,2
S01012122,Flat maisonette or apartment or mobile/temporary accommodation,52,51,1,0,1
S01012123,All household spaces,220,212,8,0,8
S01012123,Whole house or bungalow: Total,109,107,2,0,2
S01012123,Whole house or bungalow: Detached,24,24,0,0,0
S01012123,Whole house or bungalow: Semi-detached,62,61,1,0,1
S01012123,Whole house or bungalow: Terraced (including end-terrace),23,22,1,0,1
S01012123,Flat maisonette or apartment or mobile/temporary accommodation,111,105,6,0,6
S01012124,All household spaces,263,262,1,1,0
S01012124,Whole house or bungalow: Total,152,152,0,0,0
S01012124,Whole house or bungalow: Detached,19,19,0,0,0
S01012124,Whole house or bungalow: Semi-detached,47,47,0,0,0
S01012124,Whole house or bungalow: Terraced (including end-terrace),86,86,0,0,0
S01012124,Flat maisonette or apartment or mobile/temporary accommodation,111,110,1,1,0
S01012125,All household spaces,524,504,20,0,20
S01012125,Whole house or bungalow: Total,75,72,3,0,3
S01012125,Whole house or bungalow: Detached,2,2,0,0,0
S01012125,Whole house or bungalow: Semi-detached,23,21,2,0,2
S01012125,Whole house or bungalow: Terraced (including end-terrace),50,49,1,0,1
S01012125,Flat maisonette or apartment or mobile/temporary accommodation,449,432,17,0,17
S01012126,All household spaces,403,389,14,1,13
S01012126,Whole house or bungalow: Total,120,117,3,0,3
S01012126,Whole house or bungalow: Detached,24,23,1,0,1
S01012126,Whole house or bungalow: Semi-detached,20,19,1,0,1
S01012126,Whole house or bungalow: Terraced (including end-terrace),76,75,1,0,1
S01012126,Flat maisonette or apartment or mobile/temporary accommodation,283,272,11,1,10
S01012127,All household spaces,576,552,24,0,24
S01012127,Whole house or bungalow: Total,27,27,0,0,0
S01012127,Whole house or bungalow: Detached,3,3,0,0,0
S01012127,Whole house or bungalow: Semi-detached,12,12,0,0,0
S01012127,Whole house or bungalow: Terraced (including end-terrace),12,12,0,0,0
S01012127,Flat maisonette or apartment or mobile/temporary accommodation,549,525,24,0,24
S01012128,All household spaces,341,278,63,1,62
S01012128,Whole house or bungalow: Total,62,62,0,0,0
S01012128,Whole house or bungalow: Detached,2,2,0,0,0
S01012128,Whole house or bungalow: Semi-detached,13,13,0,0,0
S01012128,Whole house or bungalow: Terraced (including end-terrace),47,47,0,0,0
S01012128,Flat maisonette or apartment or mobile/temporary accommodation,279,216,63,1,62
S01012129,All household spaces,467,440,27,0,27
S01012129,Whole house or bungalow: Total,51,51,0,0,0
S01012129,Whole house or bungalow: Detached,11,11,0,0,0
S01012129,Whole house or bungalow: Semi-detached,13,13,0,0,0
S01012129,Whole house or bungalow: Terraced (including end-terrace),27,27,0,0,0
S01012129,Flat maisonette or apartment or mobile/temporary accommodation,416,389,27,0,27
S01012130,All household spaces,710,687,23,0,23
S01012130,Whole house or bungalow: Total,137,134,3,0,3
S01012130,Whole house or bungalow: Detached,16,14,2,0,2
S01012130,Whole house or bungalow: Semi-detached,25,25,0,0,0
S01012130,Whole house or bungalow: Terraced (including end-terrace),96,95,1,0,1
S01012130,Flat maisonette or apartment or mobile/temporary accommodation,573,553,20,0,20
S01012131,All household spaces,662,610,52,1,51
S01012131,Whole house or bungalow: Total,31,31,0,0,0
S01012131,Whole house or bungalow: Detached,4,4,0,0,0
S01012131,Whole house or bungalow: Semi-detached,17,17,0,0,0
S01012131,Whole house or bungalow: Terraced (including end-terrace),10,10,0,0,0
S01012131,Flat maisonette or apartment or mobile/temporary accommodation,631,579,52,1,51
S01012132,All household spaces,450,426,24,2,22
S01012132,Whole house or bungalow: Total,20,19,1,1,0
S01012132,Whole house or bungalow: Detached,3,3,0,0,0
S01012132,Whole house or bungalow: Semi-detached,10,9,1,1,0
S01012132,Whole house or bungalow: Terraced (including end-terrace),7,7,0,0,0
S01012132,Flat maisonette or apartment or mobile/temporary accommodation,430,407,23,1,22
S01012133,All household spaces,447,421,26,2,24
S01012133,Whole house or bungalow: Total,95,91,4,0,4
S01012133,Whole house or bungalow: Detached,11,11,0,0,0
S01012133,Whole house or bungalow: Semi-detached,40,36,4,0,4
S01012133,Whole house or bungalow: Terraced (including end-terrace),44,44,0,0,0
S01012133,Flat maisonette or apartment or mobile/temporary accommodation,352,330,22,2,20
S01012134,All household spaces,626,606,20,1,19
S01012134,Whole house or bungalow: Total,118,116,2,1,1
S01012134,Whole house or bungalow: Detached,23,21,2,1,1
S01012134,Whole house or bungalow: Semi-detached,60,60,0,0,0
S01012134,Whole house or bungalow: Terraced (including end-terrace),35,35,0,0,0
S01012134,Flat maisonette or apartment or mobile/temporary accommodation,508,490,18,0,18
S01012135,All household spaces,589,570,19,0,19
S01012135,Whole house or bungalow: Total,12,12,0,0,0
S01012135,Whole house or bungalow: Detached,2,2,0,0,0
S01012135,Whole house or bungalow: Semi-detached,2,2,0,0,0
S01012135,Whole house or bungalow: Terraced (including end-terrace),8,8,0,0,0
S01012135,Flat maisonette or apartment or mobile/temporary accommodation,577,558,19,0,19
S01012136,All household spaces,552,516,36,0,36
S01012136,Whole house or bungalow: Total,11,11,0,0,0
S01012136,Whole house or bungalow: Detached,6,6,0,0,0
S01012136,Whole house or bungalow: Semi-detached,1,1,0,0,0
S01012136,Whole house or bungalow: Terraced (including end-terrace),4,4,0,0,0
S01012136,Flat maisonette or apartment or mobile/temporary accommodation,541,505,36,0,36
S01012137,All household spaces,492,463,29,0,29
S01012137,Whole house or bungalow: Total,20,20,0,0,0
S01012137,Whole house or bungalow: Detached,5,5,0,0,0
S01012137,Whole house or bungalow: Semi-detached,8,8,0,0,0
S01012137,Whole house or bungalow: Terraced (including end-terrace),7,7,0,0,0
S01012137,Flat maisonette or apartment or mobile/temporary accommodation,472,443,29,0,29
S01012138,All household spaces,476,460,16,0,16
S01012138,Whole house or bungalow: Total,181,177,4,0,4
S01012138,Whole house or bungalow: Detached,32,29,3,0,3
S01012138,Whole house or bungalow: Semi-detached,133,132,1,0,1
S01012138,Whole house or bungalow: Terraced (including end-terrace),16,16,0,0,0
S01012138,Flat maisonette or apartment or mobile/temporary accommodation,295,283,12,0,12
S01012139,All household spaces,466,462,4,0,4
S01012139,Whole house or bungalow: Total,261,259,2,0,2
S01012139,Whole house or bungalow: Detached,43,43,0,0,0
S01012139,Whole house or bungalow: Semi-detached,195,193,2,0,2
S01012139,Whole house or bungalow: Terraced (including end-terrace),23,23,0,0,0
S01012139,Flat maisonette or apartment or mobile/temporary accommodation,205,203,2,0,2
S01012140,All household spaces,209,205,4,0,4
S01012140,Whole house or bungalow: Total,197,194,3,0,3
S01012140,Whole house or bungalow: Detached,49,49,0,0,0
S01012140,Whole house or bungalow: Semi-detached,136,133,3,0,3
S01012140,Whole house or bungalow: Terraced (including end-terrace),12,12,0,0,0
S01012140,Flat maisonette or apartment or mobile/temporary accommodation,12,11,1,0,1
S01012141,All household spaces,415,412,3,0,3
S01012141,Whole house or bungalow: Total,378,375,3,0,3
S01012141,Whole house or bungalow: Detached,37,37,0,0,0
S01012141,Whole house or bungalow: Semi-detached,287,284,3,0,3
S01012141,Whole house or bungalow: Terraced (including end-terrace),54,54,0,0,0
S01012141,Flat maisonette or apartment or mobile/temporary accommodation,37,37,0,0,0
S01012142,All household spaces,397,395,2,0,2
S01012142,Whole house or bungalow: Total,387,385,2,0,2
S01012142,Whole house or bungalow: Detached,75,73,2,0,2
S01012142,Whole house or bungalow: Semi-detached,288,288,0,0,0
S01012142,Whole house or bungalow: Terraced (including end-terrace),24,24,0,0,0
S01012142,Flat maisonette or apartment or mobile/temporary accommodation,10,10,0,0,0
S01012143,All household spaces,384,376,8,0,8
S01012143,Whole house or bungalow: Total,364,357,7,0,7
S01012143,Whole house or bungalow: Detached,184,179,5,0,5
S01012143,Whole house or bungalow: Semi-detached,150,148,2,0,2
S01012143,Whole house or bungalow: Terraced (including end-terrace),30,30,0,0,0
S01012143,Flat maisonette or apartment or mobile/temporary accommodation,20,19,1,0,1
S01012144,All household spaces,460,449,11,1,10
S01012144,Whole house or bungalow: Total,397,387,10,1,9
S01012144,Whole house or bungalow: Detached,18,18,0,0,0
S01012144,Whole house or bungalow: Semi-detached,276,271,5,1,4
S01012144,Whole house or bungalow: Terraced (including end-terrace),103,98,5,0,5
S01012144,Flat maisonette or apartment or mobile/temporary accommodation,63,62,1,0,1
S01012145,All household spaces,403,399,4,0,4
S01012145,Whole house or bungalow: Total,372,368,4,0,4
S01012145,Whole house or bungalow: Detached,79,79,0,0,0
S01012145,Whole house or bungalow: Semi-detached,282,278,4,0,4
S01012145,Whole house or bungalow: Terraced (including end-terrace),11,11,0,0,0
S01012145,Flat maisonette or apartment or mobile/temporary accommodation,31,31,0,0,0
S01012146,All household spaces,588,572,16,1,15
S01012146,Whole house or bungalow: Total,77,77,0,0,0
S01012146,Whole house or bungalow: Detached,11,11,0,0,0
S01012146,Whole house or bungalow: Semi-detached,20,20,0,0,0
S01012146,Whole house or bungalow: Terraced (including end-terrace),46,46,0,0,0
S01012146,Flat maisonette or apartment or mobile/temporary accommodation,511,495,16,1,15
S01012147,All household spaces,415,407,8,0,8
S01012147,Whole house or bungalow: Total,57,57,0,0,0
S01012147,Whole house or bungalow: Detached,3,3,0,0,0
S01012147,Whole house or bungalow: Semi-detached,26,26,0,0,0
S01012147,Whole house or bungalow: Terraced (including end-terrace),28,28,0,0,0
S01012147,Flat maisonette or apartment or mobile/temporary accommodation,358,350,8,0,8
S01012148,All household spaces,383,364,19,0,19
S01012148,Whole house or bungalow: Total,39,31,8,0,8
S01012148,Whole house or bungalow: Detached,2,2,0,0,0
S01012148,Whole house or bungalow: Semi-detached,16,8,8,0,8
S01012148,Whole house or bungalow: Terraced (including end-terrace),21,21,0,0,0
S01012148,Flat maisonette or apartment or mobile/temporary accommodation,344,333,11,0,11
S01012149,All household spaces,348,335,13,0,13
S01012149,Whole house or bungalow: Total,164,159,5,0,5
S01012149,Whole house or bungalow: Detached,88,86,2,0,2
S01012149,Whole house or bungalow: Semi-detached,36,34,2,0,2
S01012149,Whole house or bungalow: Terraced (including end-terrace),40,39,1,0,1
S01012149,Flat maisonette or apartment or mobile/temporary accommodation,184,176,8,0,8
S01012150,All household spaces,365,359,6,0,6
S01012150,Whole house or bungalow: Total,239,236,3,0,3
S01012150,Whole house or bungalow: Detached,10,10,0,0,0
S01012150,Whole house or bungalow: Semi-detached,52,52,0,0,0
S01012150,Whole house or bungalow: Terraced (including end-terrace),177,174,3,0,3
S01012150,Flat maisonette or apartment or mobile/temporary accommodation,126,123,3,0,3
S01012151,All household spaces,413,397,16,0,16
S01012151,Whole house or bungalow: Total,222,216,6,0,6
S01012151,Whole house or bungalow: Detached,3,3,0,0,0
S01012151,Whole house or bungalow: Semi-detached,70,69,1,0,1
S01012151,Whole house or bungalow: Terraced (including end-terrace),149,144,5,0,5
S01012151,Flat maisonette or apartment or mobile/temporary accommodation,191,181,10,0,10
S01012152,All household spaces,371,362,9,0,9
S01012152,Whole house or bungalow: Total,76,74,2,0,2
S01012152,Whole house or bungalow: Detached,4,4,0,0,0
S01012152,Whole house or bungalow: Semi-detached,18,17,1,0,1
S01012152,Whole house or bungalow: Terraced (including end-terrace),54,53,1,0,1
S01012152,Flat maisonette or apartment or mobile/temporary accommodation,295,288,7,0,7
S01012153,All household spaces,341,329,12,0,12
S01012153,Whole house or bungalow: Total,33,33,0,0,0
S01012153,Whole house or bungalow: Detached,2,2,0,0,0
S01012153,Whole house or bungalow: Semi-detached,15,15,0,0,0
S01012153,Whole house or bungalow: Terraced (including end-terrace),16,16,0,0,0
S01012153,Flat maisonette or apartment or mobile/temporary accommodation,308,296,12,0,12
S01012154,All household spaces,534,513,21,0,21
S01012154,Whole house or bungalow: Total,32,31,1,0,1
S01012154,Whole house or bungalow: Detached,6,6,0,0,0
S01012154,Whole house or bungalow: Semi-detached,10,9,1,0,1
S01012154,Whole house or bungalow: Terraced (including end-terrace),16,16,0,0,0
S01012154,Flat maisonette or apartment or mobile/temporary accommodation,502,482,20,0,20
S01012155,All household spaces,369,357,12,1,11
S01012155,Whole house or bungalow: Total,34,34,0,0,0
S01012155,Whole house or bungalow: Detached,4,4,0,0,0
S01012155,Whole house or bungalow: Semi-detached,21,21,0,0,0
S01012155,Whole house or bungalow: Terraced (including end-terrace),9,9,0,0,0
S01012155,Flat maisonette or apartment or mobile/temporary accommodation,335,323,12,1,11
S01012156,All household spaces,385,372,13,0,13
S01012156,Whole house or bungalow: Total,102,98,4,0,4
S01012156,Whole house or bungalow: Detached,3,3,0,0,0
S01012156,Whole house or bungalow: Semi-detached,37,37,0,0,0
S01012156,Whole house or bungalow: Terraced (including end-terrace),62,58,4,0,4
S01012156,Flat maisonette or apartment or mobile/temporary accommodation,283,274,9,0,9
S01012157,All household spaces,496,487,9,0,9
S01012157,Whole house or bungalow: Total,298,296,2,0,2
S01012157,Whole house or bungalow: Detached,44,44,0,0,0
S01012157,Whole house or bungalow: Semi-detached,80,80,0,0,0
S01012157,Whole house or bungalow: Terraced (including end-terrace),174,172,2,0,2
S01012157,Flat maisonette or apartment or mobile/temporary accommodation,198,191,7,0,7
S01012158,All household spaces,495,487,8,0,8
S01012158,Whole house or bungalow: Total,289,286,3,0,3
S01012158,Whole house or bungalow: Detached,81,80,1,0,1
S01012158,Whole house or bungalow: Semi-detached,102,101,1,0,1
S01012158,Whole house or bungalow: Terraced (including end-terrace),106,105,1,0,1
S01012158,Flat maisonette or apartment or mobile/temporary accommodation,206,201,5,0,5
S01012159,All household spaces,233,229,4,0,4
S01012159,Whole house or bungalow: Total,223,219,4,0,4
S01012159,Whole house or bungalow: Detached,5,5,0,0,0
S01012159,Whole house or bungalow: Semi-detached,146,143,3,0,3
S01012159,Whole house or bungalow: Terraced (including end-terrace),72,71,1,0,1
S01012159,Flat maisonette or apartment or mobile/temporary accommodation,10,10,0,0,0
S01012160,All household spaces,297,293,4,0,4
S01012160,Whole house or bungalow: Total,285,281,4,0,4
S01012160,Whole house or bungalow: Detached,11,11,0,0,0
S01012160,Whole house or bungalow: Semi-detached,159,157,2,0,2
S01012160,Whole house or bungalow: Terraced (including end-terrace),115,113,2,0,2
S01012160,Flat maisonette or apartment or mobile/temporary accommodation,12,12,0,0,0
S01012161,All household spaces,214,208,6,1,5
S01012161,Whole house or bungalow: Total,30,30,0,0,0
S01012161,Whole house or bungalow: Detached,3,3,0,0,0
S01012161,Whole house or bungalow: Semi-detached,18,18,0,0,0
S01012161,Whole house or bungalow: Terraced (including end-terrace),9,9,0,0,0
S01012161,Flat maisonette or apartment or mobile/temporary accommodation,184,178,6,1,5
S01012162,All household spaces,394,386,8,0,8
S01012162,Whole house or bungalow: Total,153,150,3,0,3
S01012162,Whole house or bungalow: Detached,34,34,0,0,0
S01012162,Whole house or bungalow: Semi-detached,50,47,3,0,3
S01012162,Whole house or bungalow: Terraced (including end-terrace),69,69,0,0,0
S01012162,Flat maisonette or apartment or mobile/temporary accommodation,241,236,5,0,5
S01012163,All household spaces,408,384,24,1,23
S01012163,Whole house or bungalow: Total,153,146,7,0,7
S01012163,Whole house or bungalow: Detached,14,12,2,0,2
S01012163,Whole house or bungalow: Semi-detached,59,56,3,0,3
S01012163,Whole house or bungalow: Terraced (including end-terrace),80,78,2,0,2
S01012163,Flat maisonette or apartment or mobile/temporary accommodation,255,238,17,1,16
S01012164,All household spaces,420,413,7,2,5
S01012164,Whole house or bungalow: Total,366,361,5,1,4
S01012164,Whole house or bungalow: Detached,55,55,0,0,0
S01012164,Whole house or bungalow: Semi-detached,166,162,4,0,4
S01012164,Whole house or bungalow: Terraced (including end-terrace),145,144,1,1,0
S01012164,Flat maisonette or apartment or mobile/temporary accommodation,54,52,2,1,1
S01012165,All household spaces,470,452,18,1,17
S01012165,Whole house or bungalow: Total,152,150,2,1,1
S01012165,Whole house or bungalow: Detached,10,10,0,0,0
S01012165,Whole house or bungalow: Semi-detached,46,44,2,1,1
S01012165,Whole house or bungalow: Terraced (including end-terrace),96,96,0,0,0
S01012165,Flat maisonette or apartment or mobile/temporary accommodation,318,302,16,0,16
S01012166,All household spaces,295,292,3,0,3
S01012166,Whole house or bungalow: Total,100,100,0,0,0
S01012166,Whole house or bungalow: Detached,4,4,0,0,0
S01012166,Whole house or bungalow: Semi-detached,49,49,0,0,0
S01012166,Whole house or bungalow: Terraced (including end-terrace),47,47,0,0,0
S01012166,Flat maisonette or apartment or mobile/temporary accommodation,195,192,3,0,3
S01012167,All household spaces,429,425,4,0,4
S01012167,Whole house or bungalow: Total,194,192,2,0,2
S01012167,Whole house or bungalow: Detached,13,13,0,0,0
S01012167,Whole house or bungalow: Semi-detached,37,37,0,0,0
S01012167,Whole house or bungalow: Terraced (including end-terrace),144,142,2,0,2
S01012167,Flat maisonette or apartment or mobile/temporary accommodation,235,233,2,0,2
S01012168,All household spaces,389,379,10,0,10
S01012168,Whole house or bungalow: Total,323,316,7,0,7
S01012168,Whole house or bungalow: Detached,36,36,0,0,0
S01012168,Whole house or bungalow: Semi-detached,125,120,5,0,5
S01012168,Whole house or bungalow: Terraced (including end-terrace),162,160,2,0,2
S01012168,Flat maisonette or apartment or mobile/temporary accommodation,66,63,3,0,3
S01012169,All household spaces,447,429,18,0,18
S01012169,Whole house or bungalow: Total,215,208,7,0,7
S01012169,Whole house or bungalow: Detached,10,10,0,0,0
S01012169,Whole house or bungalow: Semi-detached,87,84,3,0,3
S01012169,Whole house or bungalow: Terraced (including end-terrace),118,114,4,0,4
S01012169,Flat maisonette or apartment or mobile/temporary accommodation,232,221,11,0,11
S01012170,All household spaces,556,543,13,0,13
S01012170,Whole house or bungalow: Total,159,156,3,0,3
S01012170,Whole house or bungalow: Detached,8,8,0,0,0
S01012170,Whole house or bungalow: Semi-detached,52,50,2,0,2
S01012170,Whole house or bungalow: Terraced (including end-terrace),99,98,1,0,1
S01012170,Flat maisonette or apartment or mobile/temporary accommodation,397,387,10,0,10
S01012171,All household spaces,476,470,6,0,6
S01012171,Whole house or bungalow: Total,260,256,4,0,4
S01012171,Whole house or bungalow: Detached,6,6,0,0,0
S01012171,Whole house or bungalow: Semi-detached,17,17,0,0,0
S01012171,Whole house or bungalow: Terraced (including end-terrace),237,233,4,0,4
S01012171,Flat maisonette or apartment or mobile/temporary accommodation,216,214,2,0,2
S01012172,All household spaces,365,360,5,0,5
S01012172,Whole house or bungalow: Total,175,173,2,0,2
S01012172,Whole house or bungalow: Detached,4,4,0,0,0
S01012172,Whole house or bungalow: Semi-detached,25,25,0,0,0
S01012172,Whole house or bungalow: Terraced (including end-terrace),146,144,2,0,2
S01012172,Flat maisonette or apartment or mobile/temporary accommodation,190,187,3,0,3
S01012173,All household spaces,292,289,3,0,3
S01012173,Whole house or bungalow: Total,282,279,3,0,3
S01012173,Whole house or bungalow: Detached,69,68,1,0,1
S01012173,Whole house or bungalow: Semi-detached,204,202,2,0,2
S01012173,Whole house or bungalow: Terraced (including end-terrace),9,9,0,0,0
S01012173,Flat maisonette or apartment or mobile/temporary accommodation,10,10,0,0,0
S01012174,All household spaces,303,301,2,0,2
S01012174,Whole house or bungalow: Total,282,280,2,0,2
S01012174,Whole house or bungalow: Detached,166,165,1,0,1
S01012174,Whole house or bungalow: Semi-detached,67,67,0,0,0
S01012174,Whole house or bungalow: Terraced (including end-terrace),49,48,1,0,1
S01012174,Flat maisonette or apartment or mobile/temporary accommodation,21,21,0,0,0
S01012175,All household spaces,390,385,5,2,3
S01012175,Whole house or bungalow: Total,278,274,4,1,3
S01012175,Whole house or bungalow: Detached,49,48,1,0,1
S01012175,Whole house or bungalow: Semi-detached,133,131,2,1,1
S01012175,Whole house or bungalow: Terraced (including end-terrace),96,95,1,0,1
S01012175,Flat maisonette or apartment or mobile/temporary accommodation,112,111,1,1,0
S01012176,All household spaces,370,367,3,0,3
S01012176,Whole house or bungalow: Total,264,262,2,0,2
S01012176,Whole house or bungalow: Detached,54,53,1,0,1
S01012176,Whole house or bungalow: Semi-detached,154,154,0,0,0
S01012176,Whole house or bungalow: Terraced (including end-terrace),56,55,1,0,1
S01012176,Flat maisonette or apartment or mobile/temporary accommodation,106,105,1,0,1
S01012177,All household spaces,242,242,0,0,0
S01012177,Whole house or bungalow: Total,209,209,0,0,0
S01012177,Whole house or bungalow: Detached,37,37,0,0,0
S01012177,Whole house or bungalow: Semi-detached,128,128,0,0,0
S01012177,Whole house or bungalow: Terraced (including end-terrace),44,44,0,0,0
S01012177,Flat maisonette or apartment or mobile/temporary accommodation,33,33,0,0,0
S01012178,All household spaces,215,212,3,0,3
S01012178,Whole house or bungalow: Total,210,207,3,0,3
S01012178,Whole house or bungalow: Detached,36,36,0,0,0
S01012178,Whole house or bungalow: Semi-detached,138,135,3,0,3
S01012178,Whole house or bungalow: Terraced (including end-terrace),36,36,0,0,0
S01012178,Flat maisonette or apartment or mobile/temporary accommodation,5,5,0,0,0
S01012179,All household spaces,306,301,5,0,5
S01012179,Whole house or bungalow: Total,141,140,1,0,1
S01012179,Whole house or bungalow: Detached,45,44,1,0,1
S01012179,Whole house or bungalow: Semi-detached,83,83,0,0,0
S01012179,Whole house or bungalow: Terraced (including end-terrace),13,13,0,0,0
S01012179,Flat maisonette or apartment or mobile/temporary accommodation,165,161,4,0,4
S01012180,All household spaces,274,273,1,0,1
S01012180,Whole house or bungalow: Total,156,156,0,0,0
S01012180,Whole house or bungalow: Detached,33,33,0,0,0
S01012180,Whole house or bungalow: Semi-detached,87,87,0,0,0
S01012180,Whole house or bungalow: Terraced (including end-terrace),36,36,0,0,0
S01012180,Flat maisonette or apartment or mobile/temporary accommodation,118,117,1,0,1
S01012181,All household spaces,389,384,5,0,5
S01012181,Whole house or bungalow: Total,150,149,1,0,1
S01012181,Whole house or bungalow: Detached,29,29,0,0,0
S01012181,Whole house or bungalow: Semi-detached,90,89,1,0,1
S01012181,Whole house or bungalow: Terraced (including end-terrace),31,31,0,0,0
S01012181,Flat maisonette or apartment or mobile/temporary accommodation,239,235,4,0,4
S01012182,All household spaces,495,431,64,5,59
S01012182,Whole house or bungalow: Total,272,248,24,2,22
S01012182,Whole house or bungalow: Detached,80,79,1,0,1
S01012182,Whole house or bungalow: Semi-detached,86,85,1,0,1
S01012182,Whole house or bungalow: Terraced (including end-terrace),106,84,22,2,20
S01012182,Flat maisonette or apartment or mobile/temporary accommodation,223,183,40,3,37
S01012183,All household spaces,486,408,78,1,77
S01012183,Whole house or bungalow: Total,56,56,0,0,0
S01012183,Whole house or bungalow: Detached,9,9,0,0,0
S01012183,Whole house or bungalow: Semi-detached,25,25,0,0,0
S01012183,Whole house or bungalow: Terraced (including end-terrace),22,22,0,0,0
S01012183,Flat maisonette or apartment or mobile/temporary accommodation,430,352,78,1,77
S01012184,All household spaces,295,280,15,1,14
S01012184,Whole house or bungalow: Total,36,35,1,0,1
S01012184,Whole house or bungalow: Detached,2,2,0,0,0
S01012184,Whole house or bungalow: Semi-detached,7,7,0,0,0
S01012184,Whole house or bungalow: Terraced (including end-terrace),27,26,1,0,1
S01012184,Flat maisonette or apartment or mobile/temporary accommodation,259,245,14,1,13
S01012185,All household spaces,518,506,12,0,12
S01012185,Whole house or bungalow: Total,30,29,1,0,1
S01012185,Whole house or bungalow: Detached,5,5,0,0,0
S01012185,Whole house or bungalow: Semi-detached,16,15,1,0,1
S01012185,Whole house or bungalow: Terraced (including end-terrace),9,9,0,0,0
S01012185,Flat maisonette or apartment or mobile/temporary accommodation,488,477,11,0,11
S01012186,All household spaces,351,344,7,0,7
S01012186,Whole house or bungalow: Total,197,192,5,0,5
S01012186,Whole house or bungalow: Detached,6,6,0,0,0
S01012186,Whole house or bungalow: Semi-detached,70,67,3,0,3
S01012186,Whole house or bungalow: Terraced (including end-terrace),121,119,2,0,2
S01012186,Flat maisonette or apartment or mobile/temporary accommodation,154,152,2,0,2
S01012187,All household spaces,389,382,7,0,7
S01012187,Whole house or bungalow: Total,103,103,0,0,0
S01012187,Whole house or bungalow: Detached,3,3,0,0,0
S01012187,Whole house or bungalow: Semi-detached,68,68,0,0,0
S01012187,Whole house or bungalow: Terraced (including end-terrace),32,32,0,0,0
S01012187,Flat maisonette or apartment or mobile/temporary accommodation,286,279,7,0,7
S01012188,All household spaces,253,252,1,0,1
S01012188,Whole house or bungalow: Total,203,203,0,0,0
S01012188,Whole house or bungalow: Detached,29,29,0,0,0
S01012188,Whole house or bungalow: Semi-detached,170,170,0,0,0
S01012188,Whole house or bungalow: Terraced (including end-terrace),4,4,0,0,0
S01012188,Flat maisonette or apartment or mobile/temporary accommodation,50,49,1,0,1
S01012189,All household spaces,246,245,1,0,1
S01012189,Whole house or bungalow: Total,195,194,1,0,1
S01012189,Whole house or bungalow: Detached,32,32,0,0,0
S01012189,Whole house or bungalow: Semi-detached,118,117,1,0,1
S01012189,Whole house or bungalow: Terraced (including end-terrace),45,45,0,0,0
S01012189,Flat maisonette or apartment or mobile/temporary accommodation,51,51,0,0,0
S01012190,All household spaces,210,210,0,0,0
S01012190,Whole house or bungalow: Total,207,207,0,0,0
S01012190,Whole house or bungalow: Detached,67,67,0,0,0
S01012190,Whole house or bungalow: Semi-detached,76,76,0,0,0
S01012190,Whole house or bungalow: Terraced (including end-terrace),64,64,0,0,0
S01012190,Flat maisonette or apartment or mobile/temporary accommodation,3,3,0,0,0
S01012191,All household spaces,326,322,4,1,3
S01012191,Whole house or bungalow: Total,298,294,4,1,3
S01012191,Whole house or bungalow: Detached,178,176,2,0,2
S01012191,Whole house or bungalow: Semi-detached,85,84,1,0,1
S01012191,Whole house or bungalow: Terraced (including end-terrace),35,34,1,1,0
S01012191,Flat maisonette or apartment or mobile/temporary accommodation,28,28,0,0,0
S01012192,All household spaces,187,187,0,0,0
S01012192,Whole house or bungalow: Total,183,183,0,0,0
S01012192,Whole house or bungalow: Detached,85,85,0,0,0
S01012192,Whole house or bungalow: Semi-detached,90,90,0,0,0
S01012192,Whole house or bungalow: Terraced (including end-terrace),8,8,0,0,0
S01012192,Flat maisonette or apartment or mobile/temporary accommodation,4,4,0,0,0
S01012193,All household spaces,176,175,1,0,1
S01012193,Whole house or bungalow: Total,173,172,1,0,1
S01012193,Whole house or bungalow: Detached,140,139,1,0,1
S01012193,Whole house or bungalow: Semi-detached,28,28,0,0,0
S01012193,Whole house or bungalow: Terraced (including end-terrace),5,5,0,0,0
S01012193,Flat maisonette or apartment or mobile/temporary accommodation,3,3,0,0,0
S01012194,All household spaces,180,179,1,0,1
S01012194,Whole house or bungalow: Total,177,176,1,0,1
S01012194,Whole house or bungalow: Detached,117,117,0,0,0
S01012194,Whole house or bungalow: Semi-detached,43,42,1,0,1
S01012194,Whole house or bungalow: Terraced (including end-terrace),17,17,0,0,0
S01012194,Flat maisonette or apartment or mobile/temporary accommodation,3,3,0,0,0
S01012195,All household spaces,430,423,7,1,6
S01012195,Whole house or bungalow: Total,421,415,6,0,6
S01012195,Whole house or bungalow: Detached,98,98,0,0,0
S01012195,Whole house or bungalow: Semi-detached,118,115,3,0,3
S01012195,Whole house or bungalow: Terraced (including end-terrace),205,202,3,0,3
S01012195,Flat maisonette or apartment or mobile/temporary accommodation,9,8,1,1,0
S01012196,All household spaces,213,211,2,0,2
S01012196,Whole house or bungalow: Total,174,174,0,0,0
S01012196,Whole house or bungalow: Detached,95,95,0,0,0
S01012196,Whole house or bungalow: Semi-detached,32,32,0,0,0
S01012196,Whole house or bungalow: Terraced (including end-terrace),47,47,0,0,0
S01012196,Flat maisonette or apartment or mobile/temporary accommodation,39,37,2,0,2
S01012197,All household spaces,316,311,5,0,5
S01012197,Whole house or bungalow: Total,277,273,4,0,4
S01012197,Whole house or bungalow: Detached,14,14,0,0,0
S01012197,Whole house or bungalow: Semi-detached,22,22,0,0,0
S01012197,Whole house or bungalow: Terraced (including end-terrace),241,237,4,0,4
S01012197,Flat maisonette or apartment or mobile/temporary accommodation,39,38,1,0,1
S01012198,All household spaces,408,403,5,0,5
S01012198,Whole house or bungalow: Total,295,293,2,0,2
S01012198,Whole house or bungalow: Detached,71,70,1,0,1
S01012198,Whole house or bungalow: Semi-detached,76,75,1,0,1
S01012198,Whole house or bungalow: Terraced (including end-terrace),148,148,0,0,0
S01012198,Flat maisonette or apartment or mobile/temporary accommodation,113,110,3,0,3
S01012199,All household spaces,310,309,1,0,1
S01012199,Whole house or bungalow: Total,294,293,1,0,1
S01012199,Whole house or bungalow: Detached,12,12,0,0,0
S01012199,Whole house or bungalow: Semi-detached,43,43,0,0,0
S01012199,Whole house or bungalow: Terraced (including end-terrace),239,238,1,0,1
S01012199,Flat maisonette or apartment or mobile/temporary accommodation,16,16,0,0,0
S01012200,All household spaces,282,278,4,1,3
S01012200,Whole house or bungalow: Total,269,265,4,1,3
S01012200,Whole house or bungalow: Detached,10,10,0,0,0
S01012200,Whole house or bungalow: Semi-detached,45,45,0,0,0
S01012200,Whole house or bungalow: Terraced (including end-terrace),214,210,4,1,3
S01012200,Flat maisonette or apartment or mobile/temporary accommodation,13,13,0,0,0
S01012201,All household spaces,320,318,2,0,2
S01012201,Whole house or bungalow: Total,288,286,2,0,2
S01012201,Whole house or bungalow: Detached,14,14,0,0,0
S01012201,Whole house or bungalow: Semi-detached,50,50,0,0,0
S01012201,Whole house or bungalow: Terraced (including end-terrace),224,222,2,0,2
S01012201,Flat maisonette or apartment or mobile/temporary accommodation,32,32,0,0,0
S01012202,All household spaces,240,239,1,0,1
S01012202,Whole house or bungalow: Total,227,226,1,0,1
S01012202,Whole house or bungalow: Detached,56,55,1,0,1
S01012202,Whole house or bungalow: Semi-detached,66,66,0,0,0
S01012202,Whole house or bungalow: Terraced (including end-terrace),105,105,0,0,0
S01012202,Flat maisonette or apartment or mobile/temporary accommodation,13,13,0,0,0
S01012203,All household spaces,318,316,2,0,2
S01012203,Whole house or bungalow: Total,312,310,2,0,2
S01012203,Whole house or bungalow: Detached,166,165,1,0,1
S01012203,Whole house or bungalow: Semi-detached,116,115,1,0,1
S01012203,Whole house or bungalow: Terraced (including end-terrace),30,30,0,0,0
S01012203,Flat maisonette or apartment or mobile/temporary accommodation,6,6,0,0,0
S01012204,All household spaces,271,270,1,0,1
S01012204,Whole house or bungalow: Total,267,266,1,0,1
S01012204,Whole house or bungalow: Detached,154,154,0,0,0
S01012204,Whole house or bungalow: Semi-detached,99,98,1,0,1
S01012204,Whole house or bungalow: Terraced (including end-terrace),14,14,0,0,0
S01012204,Flat maisonette or apartment or mobile/temporary accommodation,4,4,0,0,0
S01012205,All household spaces,278,273,5,0,5
S01012205,Whole house or bungalow: Total,250,245,5,0,5
S01012205,Whole house or bungalow: Detached,94,92,2,0,2
S01012205,Whole house or bungalow: Semi-detached,101,99,2,0,2
S01012205,Whole house or bungalow: Terraced (including end-terrace),55,54,1,0,1
S01012205,Flat maisonette or apartment or mobile/temporary accommodation,28,28,0,0,0
S01012206,All household spaces,320,317,3,0,3
S01012206,Whole house or bungalow: Total,297,294,3,0,3
S01012206,Whole house or bungalow: Detached,38,38,0,0,0
S01012206,Whole house or bungalow: Semi-detached,118,116,2,0,2
S01012206,Whole house or bungalow: Terraced (including end-terrace),141,140,1,0,1
S01012206,Flat maisonette or apartment or mobile/temporary accommodation,23,23,0,0,0
S01012207,All household spaces,407,401,6,0,6
S01012207,Whole house or bungalow: Total,375,370,5,0,5
S01012207,Whole house or bungalow: Detached,19,19,0,0,0
S01012207,Whole house or bungalow: Semi-detached,35,35,0,0,0
S01012207,Whole house or bungalow: Terraced (including end-terrace),321,316,5,0,5
S01012207,Flat maisonette or apartment or mobile/temporary accommodation,32,31,1,0,1
S01012208,All household spaces,464,457,7,0,7
S01012208,Whole house or bungalow: Total,366,362,4,0,4
S01012208,Whole house or bungalow: Detached,22,22,0,0,0
S01012208,Whole house or bungalow: Semi-detached,70,70,0,0,0
S01012208,Whole house or bungalow: Terraced (including end-terrace),274,270,4,0,4
S01012208,Flat maisonette or apartment or mobile/temporary accommodation,98,95,3,0,3
S01012209,All household spaces,323,318,5,0,5
S01012209,Whole house or bungalow: Total,237,232,5,0,5
S01012209,Whole house or bungalow: Detached,10,10,0,0,0
S01012209,Whole house or bungalow: Semi-detached,31,31,0,0,0
S01012209,Whole house or bungalow: Terraced (including end-terrace),196,191,5,0,5
S01012209,Flat maisonette or apartment or mobile/temporary accommodation,86,86,0,0,0
S01012210,All household spaces,401,385,16,0,16
S01012210,Whole house or bungalow: Total,265,257,8,0,8
S01012210,Whole house or bungalow: Detached,8,8,0,0,0
S01012210,Whole house or bungalow: Semi-detached,35,34,1,0,1
S01012210,Whole house or bungalow: Terraced (including end-terrace),222,215,7,0,7
S01012210,Flat maisonette or apartment or mobile/temporary accommodation,136,128,8,0,8
S01012211,All household spaces,415,408,7,0,7
S01012211,Whole house or bungalow: Total,308,305,3,0,3
S01012211,Whole house or bungalow: Detached,72,72,0,0,0
S01012211,Whole house or bungalow: Semi-detached,130,127,3,0,3
S01012211,Whole house or bungalow: Terraced (including end-terrace),106,106,0,0,0
S01012211,Flat maisonette or apartment or mobile/temporary accommodation,107,103,4,0,4
S01012212,All household spaces,308,304,4,0,4
S01012212,Whole house or bungalow: Total,298,294,4,0,4
S01012212,Whole house or bungalow: Detached,106,106,0,0,0
S01012212,Whole house or bungalow: Semi-detached,180,176,4,0,4
S01012212,Whole house or bungalow: Terraced (including end-terrace),12,12,0,0,0
S01012212,Flat maisonette or apartment or mobile/temporary accommodation,10,10,0,0,0
S01012213,All household spaces,340,336,4,0,4
S01012213,Whole house or bungalow: Total,334,330,4,0,4
S01012213,Whole house or bungalow: Detached,96,93,3,0,3
S01012213,Whole house or bungalow: Semi-detached,179,178,1,0,1
S01012213,Whole house or bungalow: Terraced (including end-terrace),59,59,0,0,0
S01012213,Flat maisonette or apartment or mobile/temporary accommodation,6,6,0,0,0
S01012214,All household spaces,287,282,5,0,5
S01012214,Whole house or bungalow: Total,281,276,5,0,5
S01012214,Whole house or bungalow: Detached,83,81,2,0,2
S01012214,Whole house or bungalow: Semi-detached,175,172,3,0,3
S01012214,Whole house or bungalow: Terraced (including end-terrace),23,23,0,0,0
S01012214,Flat maisonette or apartment or mobile/temporary accommodation,6,6,0,0,0
S01012215,All household spaces,333,329,4,1,3
S01012215,Whole house or bungalow: Total,322,318,4,1,3
S01012215,Whole house or bungalow: Detached,100,99,1,0,1
S01012215,Whole house or bungalow: Semi-detached,179,177,2,0,2
S01012215,Whole house or bungalow: Terraced (including end-terrace),43,42,1,1,0
S01012215,Flat maisonette or apartment or mobile/temporary accommodation,11,11,0,0,0
S01012216,All household spaces,286,282,4,0,4
S01012216,Whole house or bungalow: Total,259,256,3,0,3
S01012216,Whole house or bungalow: Detached,135,134,1,0,1
S01012216,Whole house or bungalow: Semi-detached,117,115,2,0,2
S01012216,Whole house or bungalow: Terraced (including end-terrace),7,7,0,0,0
S01012216,Flat maisonette or apartment or mobile/temporary accommodation,27,26,1,0,1
S01012217,All household spaces,272,267,5,0,5
S01012217,Whole house or bungalow: Total,86,86,0,0,0
S01012217,Whole house or bungalow: Detached,3,3,0,0,0
S01012217,Whole house or bungalow: Semi-detached,16,16,0,0,0
S01012217,Whole house or bungalow: Terraced (including end-terrace),67,67,0,0,0
S01012217,Flat maisonette or apartment or mobile/temporary accommodation,186,181,5,0,5
S01012218,All household spaces,237,228,9,0,9
S01012218,Whole house or bungalow: Total,84,83,1,0,1
S01012218,Whole house or bungalow: Detached,3,3,0,0,0
S01012218,Whole house or bungalow: Semi-detached,19,19,0,0,0
S01012218,Whole house or bungalow: Terraced (including end-terrace),62,61,1,0,1
S01012218,Flat maisonette or apartment or mobile/temporary accommodation,153,145,8,0,8
S01012219,All household spaces,421,415,6,0,6
S01012219,Whole house or bungalow: Total,286,284,2,0,2
S01012219,Whole house or bungalow: Detached,10,9,1,0,1
S01012219,Whole house or bungalow: Semi-detached,66,66,0,0,0
S01012219,Whole house or bungalow: Terraced (including end-terrace),210,209,1,0,1
S01012219,Flat maisonette or apartment or mobile/temporary accommodation,135,131,4,0,4
S01012220,All household spaces,367,367,0,0,0
S01012220,Whole house or bungalow: Total,90,90,0,0,0
S01012220,Whole house or bungalow: Detached,7,7,0,0,0
S01012220,Whole house or bungalow: Semi-detached,16,16,0,0,0
S01012220,Whole house or bungalow: Terraced (including end-terrace),67,67,0,0,0
S01012220,Flat maisonette or apartment or mobile/temporary accommodation,277,277,0,0,0
S01012221,All household spaces,344,332,12,1,11
S01012221,Whole house or bungalow: Total,163,159,4,0,4
S01012221,Whole house or bungalow: Detached,13,12,1,0,1
S01012221,Whole house or bungalow: Semi-detached,53,51,2,0,2
S01012221,Whole house or bungalow: Terraced (including end-terrace),97,96,1,0,1
S01012221,Flat maisonette or apartment or mobile/temporary accommodation,181,173,8,1,7
S01012222,All household spaces,409,402,7,0,7
S01012222,Whole house or bungalow: Total,252,249,3,0,3
S01012222,Whole house or bungalow: Detached,7,7,0,0,0
S01012222,Whole house or bungalow: Semi-detached,66,64,2,0,2
S01012222,Whole house or bungalow: Terraced (including end-terrace),179,178,1,0,1
S01012222,Flat maisonette or apartment or mobile/temporary accommodation,157,153,4,0,4
S01012223,All household spaces,365,360,5,0,5
S01012223,Whole house or bungalow: Total,256,252,4,0,4
S01012223,Whole house or bungalow: Detached,9,9,0,0,0
S01012223,Whole house or bungalow: Semi-detached,79,78,1,0,1
S01012223,Whole house or bungalow: Terraced (including end-terrace),168,165,3,0,3
S01012223,Flat maisonette or apartment or mobile/temporary accommodation,109,108,1,0,1
S01012224,All household spaces,340,333,7,0,7
S01012224,Whole house or bungalow: Total,223,220,3,0,3
S01012224,Whole house or bungalow: Detached,21,21,0,0,0
S01012224,Whole house or bungalow: Semi-detached,44,44,0,0,0
S01012224,Whole house or bungalow: Terraced (including end-terrace),158,155,3,0,3
S01012224,Flat maisonette or apartment or mobile/temporary accommodation,117,113,4,0,4
S01012225,All household spaces,472,459,13,0,13
S01012225,Whole house or bungalow: Total,278,268,10,0,10
S01012225,Whole house or bungalow: Detached,26,26,0,0,0
S01012225,Whole house or bungalow: Semi-detached,52,52,0,0,0
S01012225,Whole house or bungalow: Terraced (including end-terrace),200,190,10,0,10
S01012225,Flat maisonette or apartment or mobile/temporary accommodation,194,191,3,0,3
S01012226,All household spaces,291,287,4,1,3
S01012226,Whole house or bungalow: Total,241,240,1,0,1
S01012226,Whole house or bungalow: Detached,4,4,0,0,0
S01012226,Whole house or bungalow: Semi-detached,14,14,0,0,0
S01012226,Whole house or bungalow: Terraced (including end-terrace),223,222,1,0,1
S01012226,Flat maisonette or apartment or mobile/temporary accommodation,50,47,3,1,2
S01012227,All household spaces,264,260,4,0,4
S01012227,Whole house or bungalow: Total,220,218,2,0,2
S01012227,Whole house or bungalow: Detached,8,8,0,0,0
S01012227,Whole house or bungalow: Semi-detached,15,15,0,0,0
S01012227,Whole house or bungalow: Terraced (including end-terrace),197,195,2,0,2
S01012227,Flat maisonette or apartment or mobile/temporary accommodation,44,42,2,0,2
S01012228,All household spaces,253,252,1,0,1
S01012228,Whole house or bungalow: Total,238,237,1,0,1
S01012228,Whole house or bungalow: Detached,10,10,0,0,0
S01012228,Whole house or bungalow: Semi-detached,20,20,0,0,0
S01012228,Whole house or bungalow: Terraced (including end-terrace),208,207,1,0,1
S01012228,Flat maisonette or apartment or mobile/temporary accommodation,15,15,0,0,0
S01012229,All household spaces,329,323,6,0,6
S01012229,Whole house or bungalow: Total,299,294,5,0,5
S01012229,Whole house or bungalow: Detached,99,98,1,0,1
S01012229,Whole house or bungalow: Semi-detached,115,112,3,0,3
S01012229,Whole house or bungalow: Terraced (including end-terrace),85,84,1,0,1
S01012229,Flat maisonette or apartment or mobile/temporary accommodation,30,29,1,0,1
S01012230,All household spaces,395,392,3,0,3
S01012230,Whole house or bungalow: Total,371,368,3,0,3
S01012230,Whole house or bungalow: Detached,196,196,0,0,0
S01012230,Whole house or bungalow: Semi-detached,150,147,3,0,3
S01012230,Whole house or bungalow: Terraced (including end-terrace),25,25,0,0,0
S01012230,Flat maisonette or apartment or mobile/temporary accommodation,24,24,0,0,0
S01012231,All household spaces,290,289,1,0,1
S01012231,Whole house or bungalow: Total,286,285,1,0,1
S01012231,Whole house or bungalow: Detached,203,202,1,0,1
S01012231,Whole house or bungalow: Semi-detached,78,78,0,0,0
S01012231,Whole house or bungalow: Terraced (including end-terrace),5,5,0,0,0
S01012231,Flat maisonette or apartment or mobile/temporary accommodation,4,4,0,0,0
S01012232,All household spaces,320,318,2,0,2
S01012232,Whole house or bungalow: Total,314,312,2,0,2
S01012232,Whole house or bungalow: Detached,174,172,2,0,2
S01012232,Whole house or bungalow: Semi-detached,112,112,0,0,0
S01012232,Whole house or bungalow: Terraced (including end-terrace),28,28,0,0,0
S01012232,Flat maisonette or apartment or mobile/temporary accommodation,6,6,0,0,0
S01012233,All household spaces,341,341,0,0,0
S01012233,Whole house or bungalow: Total,326,326,0,0,0
S01012233,Whole house or bungalow: Detached,205,205,0,0,0
S01012233,Whole house or bungalow: Semi-detached,118,118,0,0,0
S01012233,Whole house or bungalow: Terraced (including end-terrace),3,3,0,0,0
S01012233,Flat maisonette or apartment or mobile/temporary accommodation,15,15,0,0,0
S01012234,All household spaces,395,393,2,0,2
S01012234,Whole house or bungalow: Total,329,328,1,0,1
S01012234,Whole house or bungalow: Detached,249,248,1,0,1
S01012234,Whole house or bungalow: Semi-detached,71,71,0,0,0
S01012234,Whole house or bungalow: Terraced (including end-terrace),9,9,0,0,0
S01012234,Flat maisonette or apartment or mobile/temporary accommodation,66,65,1,0,1
S01012235,All household spaces,195,192,3,0,3
S01012235,Whole house or bungalow: Total,188,185,3,0,3
S01012235,Whole house or bungalow: Detached,171,169,2,0,2
S01012235,Whole house or bungalow: Semi-detached,15,14,1,0,1
S01012235,Whole house or bungalow: Terraced (including end-terrace),2,2,0,0,0
S01012235,Flat maisonette or apartment or mobile/temporary accommodation,7,7,0,0,0
S01012236,All household spaces,287,278,9,1,8
S01012236,Whole house or bungalow: Total,233,226,7,1,6
S01012236,Whole house or bungalow: Detached,62,61,1,1,0
S01012236,Whole house or bungalow: Semi-detached,66,66,0,0,0
S01012236,Whole house or bungalow: Terraced (including end-terrace),105,99,6,0,6
S01012236,Flat maisonette or apartment or mobile/temporary accommodation,54,52,2,0,2
S01012237,All household spaces,323,319,4,0,4
S01012237,Whole house or bungalow: Total,279,275,4,0,4
S01012237,Whole house or bungalow: Detached,158,154,4,0,4
S01012237,Whole house or bungalow: Semi-detached,113,113,0,0,0
S01012237,Whole house or bungalow: Terraced (including end-terrace),8,8,0,0,0
S01012237,Flat maisonette or apartment or mobile/temporary accommodation,44,44,0,0,0
S01012238,All household spaces,321,309,12,1,11
S01012238,Whole house or bungalow: Total,163,162,1,0,1
S01012238,Whole house or bungalow: Detached,28,28,0,0,0
S01012238,Whole house or bungalow: Semi-detached,45,44,1,0,1
S01012238,Whole house or bungalow: Terraced (including end-terrace),90,90,0,0,0
S01012238,Flat maisonette or apartment or mobile/temporary accommodation,158,147,11,1,10
S01012239,All household spaces,284,274,10,0,10
S01012239,Whole house or bungalow: Total,98,96,2,0,2
S01012239,Whole house or bungalow: Detached,30,29,1,0,1
S01012239,Whole house or bungalow: Semi-detached,42,41,1,0,1
S01012239,Whole house or bungalow: Terraced (including end-terrace),26,26,0,0,0
S01012239,Flat maisonette or apartment or mobile/temporary accommodation,186,178,8,0,8
S01012240,All household spaces,399,391,8,0,8
S01012240,Whole house or bungalow: Total,245,240,5,0,5
S01012240,Whole house or bungalow: Detached,87,87,0,0,0
S01012240,Whole house or bungalow: Semi-detached,80,76,4,0,4
S01012240,Whole house or bungalow: Terraced (including end-terrace),78,77,1,0,1
S01012240,Flat maisonette or apartment or mobile/temporary accommodation,154,151,3,0,3
S01012241,All household spaces,235,232,3,0,3
S01012241,Whole house or bungalow: Total,181,178,3,0,3
S01012241,Whole house or bungalow: Detached,140,137,3,0,3
S01012241,Whole house or bungalow: Semi-detached,38,38,0,0,0
S01012241,Whole house or bungalow: Terraced (including end-terrace),3,3,0,0,0
S01012241,Flat maisonette or apartment or mobile/temporary accommodation,54,54,0,0,0
S01012242,All household spaces,312,307,5,2,3
S01012242,Whole house or bungalow: Total,292,287,5,2,3
S01012242,Whole house or bungalow: Detached,210,205,5,2,3
S01012242,Whole house or bungalow: Semi-detached,52,52,0,0,0
S01012242,Whole house or bungalow: Terraced (including end-terrace),30,30,0,0,0
S01012242,Flat maisonette or apartment or mobile/temporary accommodation,20,20,0,0,0
S01012243,All household spaces,245,244,1,0,1
S01012243,Whole house or bungalow: Total,236,235,1,0,1
S01012243,Whole house or bungalow: Detached,103,102,1,0,1
S01012243,Whole house or bungalow: Semi-detached,85,85,0,0,0
S01012243,Whole house or bungalow: Terraced (including end-terrace),48,48,0,0,0
S01012243,Flat maisonette or apartment or mobile/temporary accommodation,9,9,0,0,0
S01012244,All household spaces,370,347,23,10,13
S01012244,Whole house or bungalow: Total,356,337,19,8,11
S01012244,Whole house or bungalow: Detached,267,252,15,5,10
S01012244,Whole house or bungalow: Semi-detached,59,55,4,3,1
S01012244,Whole house or bungalow: Terraced (including end-terrace),30,30,0,0,0
S01012244,Flat maisonette or apartment or mobile/temporary accommodation,14,10,4,2,2
S01012245,All household spaces,347,335,12,1,11
S01012245,Whole house or bungalow: Total,271,266,5,1,4
S01012245,Whole house or bungalow: Detached,159,157,2,0,2
S01012245,Whole house or bungalow: Semi-detached,56,55,1,0,1
S01012245,Whole house or bungalow: Terraced (including end-terrace),56,54,2,1,1
S01012245,Flat maisonette or apartment or mobile/temporary accommodation,76,69,7,0,7
S01012246,All household spaces,310,301,9,6,3
S01012246,Whole house or bungalow: Total,297,288,9,6,3
S01012246,Whole house or bungalow: Detached,187,185,2,1,1
S01012246,Whole house or bungalow: Semi-detached,43,40,3,1,2
S01012246,Whole house or bungalow: Terraced (including end-terrace),67,63,4,4,0
S01012246,Flat maisonette or apartment or mobile/temporary accommodation,13,13,0,0,0
S01012247,All household spaces,325,303,22,11,11
S01012247,Whole house or bungalow: Total,304,282,22,11,11
S01012247,Whole house or bungalow: Detached,200,185,15,6,9
S01012247,Whole house or bungalow: Semi-detached,63,57,6,5,1
S01012247,Whole house or bungalow: Terraced (including end-terrace),41,40,1,0,1
S01012247,Flat maisonette or apartment or mobile/temporary accommodation,21,21,0,0,0
S01012248,All household spaces,358,332,26,17,9
S01012248,Whole house or bungalow: Total,338,312,26,17,9
S01012248,Whole house or bungalow: Detached,232,210,22,14,8
S01012248,Whole house or bungalow: Semi-detached,87,83,4,3,1
S01012248,Whole house or bungalow: Terraced (including end-terrace),19,19,0,0,0
S01012248,Flat maisonette or apartment or mobile/temporary accommodation,20,20,0,0,0
S01012249,All household spaces,420,365,55,52,3
S01012249,Whole house or bungalow: Total,403,348,55,52,3
S01012249,Whole house or bungalow: Detached,260,217,43,42,1
S01012249,Whole house or bungalow: Semi-detached,80,74,6,6,0
S01012249,Whole house or bungalow: Terraced (including end-terrace),63,57,6,4,2
S01012249,Flat maisonette or apartment or mobile/temporary accommodation,17,17,0,0,0
S01012250,All household spaces,339,301,38,28,10
S01012250,Whole house or bungalow: Total,328,290,38,28,10
S01012250,Whole house or bungalow: Detached,220,202,18,14,4
S01012250,Whole house or bungalow: Semi-detached,73,64,9,7,2
S01012250,Whole house or bungalow: Terraced (including end-terrace),35,24,11,7,4
S01012250,Flat maisonette or apartment or mobile/temporary accommodation,11,11,0,0,0
S01012251,All household spaces,485,457,28,10,18
S01012251,Whole house or bungalow: Total,234,224,10,5,5
S01012251,Whole house or bungalow: Detached,37,33,4,2,2
S01012251,Whole house or bungalow: Semi-detached,130,127,3,1,2
S01012251,Whole house or bungalow: Terraced (including end-terrace),67,64,3,2,1
S01012251,Flat maisonette or apartment or mobile/temporary accommodation,251,233,18,5,13
S01012252,All household spaces,344,333,11,0,11
S01012252,Whole house or bungalow: Total,163,160,3,0,3
S01012252,Whole house or bungalow: Detached,74,72,2,0,2
S01012252,Whole house or bungalow: Semi-detached,78,77,1,0,1
S01012252,Whole house or bungalow: Terraced (including end-terrace),11,11,0,0,0
S01012252,Flat maisonette or apartment or mobile/temporary accommodation,181,173,8,0,8
S01012253,All household spaces,558,508,50,10,40
S01012253,Whole house or bungalow: Total,232,222,10,3,7
S01012253,Whole house or bungalow: Detached,58,56,2,0,2
S01012253,Whole house or bungalow: Semi-detached,98,97,1,0,1
S01012253,Whole house or bungalow: Terraced (including end-terrace),76,69,7,3,4
S01012253,Flat maisonette or apartment or mobile/temporary accommodation,326,286,40,7,33
S01012254,All household spaces,423,399,24,9,15
S01012254,Whole house or bungalow: Total,225,211,14,5,9
S01012254,Whole house or bungalow: Detached,34,33,1,0,1
S01012254,Whole house or bungalow: Semi-detached,137,128,9,2,7
S01012254,Whole house or bungalow: Terraced (including end-terrace),54,50,4,3,1
S01012254,Flat maisonette or apartment or mobile/temporary accommodation,198,188,10,4,6
S01012255,All household spaces,527,475,52,23,29
S01012255,Whole house or bungalow: Total,224,207,17,10,7
S01012255,Whole house or bungalow: Detached,97,93,4,1,3
S01012255,Whole house or bungalow: Semi-detached,63,57,6,5,1
S01012255,Whole house or bungalow: Terraced (including end-terrace),64,57,7,4,3
S01012255,Flat maisonette or apartment or mobile/temporary accommodation,303,268,35,13,22
S01012256,All household spaces,335,327,8,1,7
S01012256,Whole house or bungalow: Total,331,323,8,1,7
S01012256,Whole house or bungalow: Detached,191,185,6,1,5
S01012256,Whole house or bungalow: Semi-detached,59,58,1,0,1
S01012256,Whole house or bungalow: Terraced (including end-terrace),81,80,1,0,1
S01012256,Flat maisonette or apartment or mobile/temporary accommodation,4,4,0,0,0
S01012257,All household spaces,420,412,8,4,4
S01012257,Whole house or bungalow: Total,348,343,5,2,3
S01012257,Whole house or bungalow: Detached,112,111,1,1,0
S01012257,Whole house or bungalow: Semi-detached,71,69,2,0,2
S01012257,Whole house or bungalow: Terraced (including end-terrace),165,163,2,1,1
S01012257,Flat maisonette or apartment or mobile/temporary accommodation,72,69,3,2,1
S01012258,All household spaces,304,297,7,5,2
S01012258,Whole house or bungalow: Total,286,282,4,2,2
S01012258,Whole house or bungalow: Detached,217,214,3,2,1
S01012258,Whole house or bungalow: Semi-detached,53,52,1,0,1
S01012258,Whole house or bungalow: Terraced (including end-terrace),16,16,0,0,0
S01012258,Flat maisonette or apartment or mobile/temporary accommodation,18,15,3,3,0
S01012259,All household spaces,293,277,16,14,2
S01012259,Whole house or bungalow: Total,256,241,15,13,2
S01012259,Whole house or bungalow: Detached,152,143,9,7,2
S01012259,Whole house or bungalow: Semi-detached,50,47,3,3,0
S01012259,Whole house or bungalow: Terraced (including end-terrace),54,51,3,3,0
S01012259,Flat maisonette or apartment or mobile/temporary accommodation,37,36,1,1,0
S01012260,All household spaces,380,368,12,4,8
S01012260,Whole house or bungalow: Total,351,343,8,3,5
S01012260,Whole house or bungalow: Detached,116,112,4,2,2
S01012260,Whole house or bungalow: Semi-detached,136,132,4,1,3
S01012260,Whole house or bungalow: Terraced (including end-terrace),99,99,0,0,0
S01012260,Flat maisonette or apartment or mobile/temporary accommodation,29,25,4,1,3
S01012261,All household spaces,331,322,9,5,4
S01012261,Whole house or bungalow: Total,309,302,7,4,3
S01012261,Whole house or bungalow: Detached,214,212,2,1,1
S01012261,Whole house or bungalow: Semi-detached,58,56,2,2,0
S01012261,Whole house or bungalow: Terraced (including end-terrace),37,34,3,1,2
S01012261,Flat maisonette or apartment or mobile/temporary accommodation,22,20,2,1,1
S01012262,All household spaces,388,343,45,27,18
S01012262,Whole house or bungalow: Total,364,324,40,24,16
S01012262,Whole house or bungalow: Detached,248,216,32,20,12
S01012262,Whole house or bungalow: Semi-detached,78,70,8,4,4
S01012262,Whole house or bungalow: Terraced (including end-terrace),38,38,0,0,0
S01012262,Flat maisonette or apartment or mobile/temporary accommodation,24,19,5,3,2
S01012263,All household spaces,384,366,18,5,13
S01012263,Whole house or bungalow: Total,176,168,8,3,5
S01012263,Whole house or bungalow: Detached,43,40,3,1,2
S01012263,Whole house or bungalow: Semi-detached,74,71,3,1,2
S01012263,Whole house or bungalow: Terraced (including end-terrace),59,57,2,1,1
S01012263,Flat maisonette or apartment or mobile/temporary accommodation,208,198,10,2,8
S01012264,All household spaces,233,222,11,6,5
S01012264,Whole house or bungalow: Total,132,130,2,2,0
S01012264,Whole house or bungalow: Detached,94,93,1,1,0
S01012264,Whole house or bungalow: Semi-detached,19,19,0,0,0
S01012264,Whole house or bungalow: Terraced (including end-terrace),19,18,1,1,0
S01012264,Flat maisonette or apartment or mobile/temporary accommodation,101,92,9,4,5
S01012265,All household spaces,355,340,15,1,14
S01012265,Whole house or bungalow: Total,260,250,10,1,9
S01012265,Whole house or bungalow: Detached,19,18,1,1,0
S01012265,Whole house or bungalow: Semi-detached,83,79,4,0,4
S01012265,Whole house or bungalow: Terraced (including end-terrace),158,153,5,0,5
S01012265,Flat maisonette or apartment or mobile/temporary accommodation,95,90,5,0,5
S01012266,All household spaces,564,536,28,14,14
S01012266,Whole house or bungalow: Total,328,316,12,5,7
S01012266,Whole house or bungalow: Detached,180,177,3,2,1
S01012266,Whole house or bungalow: Semi-detached,87,84,3,0,3
S01012266,Whole house or bungalow: Terraced (including end-terrace),61,55,6,3,3
S01012266,Flat maisonette or apartment or mobile/temporary accommodation,236,220,16,9,7
S01012267,All household spaces,339,318,21,9,12
S01012267,Whole house or bungalow: Total,226,214,12,4,8
S01012267,Whole house or bungalow: Detached,153,150,3,2,1
S01012267,Whole house or bungalow: Semi-detached,35,33,2,1,1
S01012267,Whole house or bungalow: Terraced (including end-terrace),38,31,7,1,6
S01012267,Flat maisonette or apartment or mobile/temporary accommodation,113,104,9,5,4
S01012268,All household spaces,290,265,25,8,17
S01012268,Whole house or bungalow: Total,281,260,21,8,13
S01012268,Whole house or bungalow: Detached,169,160,9,5,4
S01012268,Whole house or bungalow: Semi-detached,57,56,1,0,1
S01012268,Whole house or bungalow: Terraced (including end-terrace),55,44,11,3,8
S01012268,Flat maisonette or apartment or mobile/temporary accommodation,9,5,4,0,4
S01012269,All household spaces,472,461,11,2,9
S01012269,Whole house or bungalow: Total,372,365,7,2,5
S01012269,Whole house or bungalow: Detached,165,161,4,2,2
S01012269,Whole house or bungalow: Semi-detached,134,132,2,0,2
S01012269,Whole house or bungalow: Terraced (including end-terrace),73,72,1,0,1
S01012269,Flat maisonette or apartment or mobile/temporary accommodation,100,96,4,0,4
S01012270,All household spaces,364,348,16,1,15
S01012270,Whole house or bungalow: Total,300,287,13,1,12
S01012270,Whole house or bungalow: Detached,32,31,1,0,1
S01012270,Whole house or bungalow: Semi-detached,143,139,4,1,3
S01012270,Whole house or bungalow: Terraced (including end-terrace),125,117,8,0,8
S01012270,Flat maisonette or apartment or mobile/temporary accommodation,64,61,3,0,3
S01012271,All household spaces,471,421,50,23,27
S01012271,Whole house or bungalow: Total,452,409,43,21,22
S01012271,Whole house or bungalow: Detached,268,236,32,17,15
S01012271,Whole house or bungalow: Semi-detached,118,110,8,3,5
S01012271,Whole house or bungalow: Terraced (including end-terrace),66,63,3,1,2
S01012271,Flat maisonette or apartment or mobile/temporary accommodation,19,12,7,2,5
S01012272,All household spaces,322,305,17,7,10
S01012272,Whole house or bungalow: Total,261,245,16,6,10
S01012272,Whole house or bungalow: Detached,124,115,9,5,4
S01012272,Whole house or bungalow: Semi-detached,101,99,2,0,2
S01012272,Whole house or bungalow: Terraced (including end-terrace),36,31,5,1,4
S01012272,Flat maisonette or apartment or mobile/temporary accommodation,61,60,1,1,0
S01012273,All household spaces,314,297,17,8,9
S01012273,Whole house or bungalow: Total,305,288,17,8,9
S01012273,Whole house or bungalow: Detached,207,192,15,7,8
S01012273,Whole house or bungalow: Semi-detached,63,63,0,0,0
S01012273,Whole house or bungalow: Terraced (including end-terrace),35,33,2,1,1
S01012273,Flat maisonette or apartment or mobile/temporary accommodation,9,9,0,0,0
S01012274,All household spaces,460,432,28,1,27
S01012274,Whole house or bungalow: Total,281,267,14,1,13
S01012274,Whole house or bungalow: Detached,127,125,2,0,2
S01012274,Whole house or bungalow: Semi-detached,83,81,2,0,2
S01012274,Whole house or bungalow: Terraced (including end-terrace),71,61,10,1,9
S01012274,Flat maisonette or apartment or mobile/temporary accommodation,179,165,14,0,14
S01012275,All household spaces,492,450,42,1,41
S01012275,Whole house or bungalow: Total,109,99,10,0,10
S01012275,Whole house or bungalow: Detached,20,19,1,0,1
S01012275,Whole house or bungalow: Semi-detached,27,26,1,0,1
S01012275,Whole house or bungalow: Terraced (including end-terrace),62,54,8,0,8
S01012275,Flat maisonette or apartment or mobile/temporary accommodation,383,351,32,1,31
S01012276,All household spaces,501,463,38,0,38
S01012276,Whole house or bungalow: Total,278,264,14,0,14
S01012276,Whole house or bungalow: Detached,111,104,7,0,7
S01012276,Whole house or bungalow: Semi-detached,72,69,3,0,3
S01012276,Whole house or bungalow: Terraced (including end-terrace),95,91,4,0,4
S01012276,Flat maisonette or apartment or mobile/temporary accommodation,223,199,24,0,24
S01012277,All household spaces,516,482,34,1,33
S01012277,Whole house or bungalow: Total,270,260,10,1,9
S01012277,Whole house or bungalow: Detached,64,62,2,1,1
S01012277,Whole house or bungalow: Semi-detached,92,91,1,0,1
S01012277,Whole house or bungalow: Terraced (including end-terrace),114,107,7,0,7
S01012277,Flat maisonette or apartment or mobile/temporary accommodation,246,222,24,0,24
S01012278,All household spaces,413,401,12,1,11
S01012278,Whole house or bungalow: Total,106,106,0,0,0
S01012278,Whole house or bungalow: Detached,40,40,0,0,0
S01012278,Whole house or bungalow: Semi-detached,28,28,0,0,0
S01012278,Whole house or bungalow: Terraced (including end-terrace),38,38,0,0,0
S01012278,Flat maisonette or apartment or mobile/temporary accommodation,307,295,12,1,11
S01012279,All household spaces,429,407,22,0,22
S01012279,Whole house or bungalow: Total,147,142,5,0,5
S01012279,Whole house or bungalow: Detached,21,21,0,0,0
S01012279,Whole house or bungalow: Semi-detached,71,69,2,0,2
S01012279,Whole house or bungalow: Terraced (including end-terrace),55,52,3,0,3
S01012279,Flat maisonette or apartment or mobile/temporary accommodation,282,265,17,0,17
S01012280,All household spaces,425,409,16,0,16
S01012280,Whole house or bungalow: Total,277,268,9,0,9
S01012280,Whole house or bungalow: Detached,18,18,0,0,0
S01012280,Whole house or bungalow: Semi-detached,158,153,5,0,5
S01012280,Whole house or bungalow: Terraced (including end-terrace),101,97,4,0,4
S01012280,Flat maisonette or apartment or mobile/temporary accommodation,148,141,7,0,7
S01012281,All household spaces,391,371,20,1,19
S01012281,Whole house or bungalow: Total,164,157,7,0,7
S01012281,Whole house or bungalow: Detached,7,7,0,0,0
S01012281,Whole house or bungalow: Semi-detached,78,77,1,0,1
S01012281,Whole house or bungalow: Terraced (including end-terrace),79,73,6,0,6
S01012281,Flat maisonette or apartment or mobile/temporary accommodation,227,214,13,1,12
S01012282,All household spaces,481,466,15,2,13
S01012282,Whole house or bungalow: Total,313,300,13,2,11
S01012282,Whole house or bungalow: Detached,160,156,4,2,2
S01012282,Whole house or bungalow: Semi-detached,119,115,4,0,4
S01012282,Whole house or bungalow: Terraced (including end-terrace),34,29,5,0,5
S01012282,Flat maisonette or apartment or mobile/temporary accommodation,168,166,2,0,2
S01012283,All household spaces,374,369,5,0,5
S01012283,Whole house or bungalow: Total,255,251,4,0,4
S01012283,Whole house or bungalow: Detached,152,148,4,0,4
S01012283,Whole house or bungalow: Semi-detached,81,81,0,0,0
S01012283,Whole house or bungalow: Terraced (including end-terrace),22,22,0,0,0
S01012283,Flat maisonette or apartment or mobile/temporary accommodation,119,118,1,0,1
S01012284,All household spaces,449,436,13,1,12
S01012284,Whole house or bungalow: Total,118,115,3,0,3
S01012284,Whole house or bungalow: Detached,30,29,1,0,1
S01012284,Whole house or bungalow: Semi-detached,42,41,1,0,1
S01012284,Whole house or bungalow: Terraced (including end-terrace),46,45,1,0,1
S01012284,Flat maisonette or apartment or mobile/temporary accommodation,331,321,10,1,9
S01012285,All household spaces,284,266,18,1,17
S01012285,Whole house or bungalow: Total,207,202,5,1,4
S01012285,Whole house or bungalow: Detached,64,61,3,1,2
S01012285,Whole house or bungalow: Semi-detached,102,100,2,0,2
S01012285,Whole house or bungalow: Terraced (including end-terrace),41,41,0,0,0
S01012285,Flat maisonette or apartment or mobile/temporary accommodation,77,64,13,0,13
S01012286,All household spaces,506,493,13,0,13
S01012286,Whole house or bungalow: Total,354,347,7,0,7
S01012286,Whole house or bungalow: Detached,61,60,1,0,1
S01012286,Whole house or bungalow: Semi-detached,59,58,1,0,1
S01012286,Whole house or bungalow: Terraced (including end-terrace),234,229,5,0,5
S01012286,Flat maisonette or apartment or mobile/temporary accommodation,152,146,6,0,6
S01012287,All household spaces,505,479,26,0,26
S01012287,Whole house or bungalow: Total,186,178,8,0,8
S01012287,Whole house or bungalow: Detached,21,20,1,0,1
S01012287,Whole house or bungalow: Semi-detached,56,55,1,0,1
S01012287,Whole house or bungalow: Terraced (including end-terrace),109,103,6,0,6
S01012287,Flat maisonette or apartment or mobile/temporary accommodation,319,301,18,0,18
S01012288,All household spaces,383,377,6,0,6
S01012288,Whole house or bungalow: Total,184,184,0,0,0
S01012288,Whole house or bungalow: Detached,25,25,0,0,0
S01012288,Whole house or bungalow: Semi-detached,57,57,0,0,0
S01012288,Whole house or bungalow: Terraced (including end-terrace),102,102,0,0,0
S01012288,Flat maisonette or apartment or mobile/temporary accommodation,199,193,6,0,6
S01012289,All household spaces,432,411,21,11,10
S01012289,Whole house or bungalow: Total,397,378,19,10,9
S01012289,Whole house or bungalow: Detached,264,251,13,6,7
S01012289,Whole house or bungalow: Semi-detached,94,92,2,1,1
S01012289,Whole house or bungalow: Terraced (including end-terrace),39,35,4,3,1
S01012289,Flat maisonette or apartment or mobile/temporary accommodation,35,33,2,1,1
S01012290,All household spaces,323,292,31,10,21
S01012290,Whole house or bungalow: Total,227,209,18,9,9
S01012290,Whole house or bungalow: Detached,65,61,4,3,1
S01012290,Whole house or bungalow: Semi-detached,116,107,9,4,5
S01012290,Whole house or bungalow: Terraced (including end-terrace),46,41,5,2,3
S01012290,Flat maisonette or apartment or mobile/temporary accommodation,96,83,13,1,12
S01012291,All household spaces,444,421,23,9,14
S01012291,Whole house or bungalow: Total,287,273,14,3,11
S01012291,Whole house or bungalow: Detached,115,111,4,1,3
S01012291,Whole house or bungalow: Semi-detached,142,136,6,1,5
S01012291,Whole house or bungalow: Terraced (including end-terrace),30,26,4,1,3
S01012291,Flat maisonette or apartment or mobile/temporary accommodation,157,148,9,6,3
S01012292,All household spaces,385,341,44,20,24
S01012292,Whole house or bungalow: Total,273,247,26,9,17
S01012292,Whole house or bungalow: Detached,138,128,10,3,7
S01012292,Whole house or bungalow: Semi-detached,95,86,9,1,8
S01012292,Whole house or bungalow: Terraced (including end-terrace),40,33,7,5,2
S01012292,Flat maisonette or apartment or mobile/temporary accommodation,112,94,18,11,7
S01012293,All household spaces,219,212,7,0,7
S01012293,Whole house or bungalow: Total,184,177,7,0,7
S01012293,Whole house or bungalow: Detached,102,99,3,0,3
S01012293,Whole house or bungalow: Semi-detached,64,63,1,0,1
S01012293,Whole house or bungalow: Terraced (including end-terrace),18,15,3,0,3
S01012293,Flat maisonette or apartment or mobile/temporary accommodation,35,35,0,0,0
S01012294,All household spaces,379,371,8,0,8
S01012294,Whole house or bungalow: Total,330,322,8,0,8
S01012294,Whole house or bungalow: Detached,17,17,0,0,0
S01012294,Whole house or bungalow: Semi-detached,83,79,4,0,4
S01012294,Whole house or bungalow: Terraced (including end-terrace),230,226,4,0,4
S01012294,Flat maisonette or apartment or mobile/temporary accommodation,49,49,0,0,0
S01012295,All household spaces,285,280,5,1,4
S01012295,Whole house or bungalow: Total,228,224,4,1,3
S01012295,Whole house or bungalow: Detached,133,131,2,1,1
S01012295,Whole house or bungalow: Semi-detached,47,46,1,0,1
S01012295,Whole house or bungalow: Terraced (including end-terrace),48,47,1,0,1
S01012295,Flat maisonette or apartment or mobile/temporary accommodation,57,56,1,0,1
S01012296,All household spaces,345,330,15,2,13
S01012296,Whole house or bungalow: Total,331,316,15,2,13
S01012296,Whole house or bungalow: Detached,183,178,5,1,4
S01012296,Whole house or bungalow: Semi-detached,87,83,4,0,4
S01012296,Whole house or bungalow: Terraced (including end-terrace),61,55,6,1,5
S01012296,Flat maisonette or apartment or mobile/temporary accommodation,14,14,0,0,0
S01012297,All household spaces,280,253,27,12,15
S01012297,Whole house or bungalow: Total,275,248,27,12,15
S01012297,Whole house or bungalow: Detached,205,187,18,8,10
S01012297,Whole house or bungalow: Semi-detached,48,44,4,0,4
S01012297,Whole house or bungalow: Terraced (including end-terrace),22,17,5,4,1
S01012297,Flat maisonette or apartment or mobile/temporary accommodation,5,5,0,0,0
S01012298,All household spaces,398,374,24,2,22
S01012298,Whole house or bungalow: Total,358,338,20,2,18
S01012298,Whole house or bungalow: Detached,166,163,3,0,3
S01012298,Whole house or bungalow: Semi-detached,97,91,6,2,4
S01012298,Whole house or bungalow: Terraced (including end-terrace),95,84,11,0,11
S01012298,Flat maisonette or apartment or mobile/temporary accommodation,40,36,4,0,4
S01012299,All household spaces,289,257,32,27,5
S01012299,Whole house or bungalow: Total,278,247,31,26,5
S01012299,Whole house or bungalow: Detached,186,169,17,16,1
S01012299,Whole house or bungalow: Semi-detached,60,50,10,8,2
S01012299,Whole house or bungalow: Terraced (including end-terrace),32,28,4,2,2
S01012299,Flat maisonette or apartment or mobile/temporary accommodation,11,10,1,1,0
S01012300,All household spaces,311,294,17,8,9
S01012300,Whole house or bungalow: Total,267,253,14,7,7
S01012300,Whole house or bungalow: Detached,87,82,5,3,2
S01012300,Whole house or bungalow: Semi-detached,105,104,1,0,1
S01012300,Whole house or bungalow: Terraced (including end-terrace),75,67,8,4,4
S01012300,Flat maisonette or apartment or mobile/temporary accommodation,44,41,3,1,2
S01012301,All household spaces,467,407,60,40,20
S01012301,Whole house or bungalow: Total,459,399,60,40,20
S01012301,Whole house or bungalow: Detached,201,183,18,7,11
S01012301,Whole house or bungalow: Semi-detached,127,116,11,7,4
S01012301,Whole house or bungalow: Terraced (including end-terrace),131,100,31,26,5
S01012301,Flat maisonette or apartment or mobile/temporary accommodation,8,8,0,0,0
S01012302,All household spaces,308,240,68,55,13
S01012302,Whole house or bungalow: Total,291,223,68,55,13
S01012302,Whole house or bungalow: Detached,167,138,29,24,5
S01012302,Whole house or bungalow: Semi-detached,75,50,25,19,6
S01012302,Whole house or bungalow: Terraced (including end-terrace),49,35,14,12,2
S01012302,Flat maisonette or apartment or mobile/temporary accommodation,17,17,0,0,0
S01012303,All household spaces,418,378,40,30,10
S01012303,Whole house or bungalow: Total,411,372,39,30,9
S01012303,Whole house or bungalow: Detached,247,219,28,22,6
S01012303,Whole house or bungalow: Semi-detached,105,98,7,4,3
S01012303,Whole house or bungalow: Terraced (including end-terrace),59,55,4,4,0
S01012303,Flat maisonette or apartment or mobile/temporary accommodation,7,6,1,0,1
S01012304,All household spaces,448,424,24,15,9
S01012304,Whole house or bungalow: Total,431,407,24,15,9
S01012304,Whole house or bungalow: Detached,200,185,15,11,4
S01012304,Whole house or bungalow: Semi-detached,138,135,3,1,2
S01012304,Whole house or bungalow: Terraced (including end-terrace),93,87,6,3,3
S01012304,Flat maisonette or apartment or mobile/temporary accommodation,17,17,0,0,0
S01012305,All household spaces,339,333,6,1,5
S01012305,Whole house or bungalow: Total,263,260,3,1,2
S01012305,Whole house or bungalow: Detached,132,131,1,1,0
S01012305,Whole house or bungalow: Semi-detached,101,99,2,0,2
S01012305,Whole house or bungalow: Terraced (including end-terrace),30,30,0,0,0
S01012305,Flat maisonette or apartment or mobile/temporary accommodation,76,73,3,0,3
S01012306,All household spaces,318,308,10,0,10
S01012306,Whole house or bungalow: Total,180,177,3,0,3
S01012306,Whole house or bungalow: Detached,37,37,0,0,0
S01012306,Whole house or bungalow: Semi-detached,63,62,1,0,1
S01012306,Whole house or bungalow: Terraced (including end-terrace),80,78,2,0,2
S01012306,Flat maisonette or apartment or mobile/temporary accommodation,138,131,7,0,7
S01012307,All household spaces,333,323,10,2,8
S01012307,Whole house or bungalow: Total,216,209,7,2,5
S01012307,Whole house or bungalow: Detached,56,54,2,0,2
S01012307,Whole house or bungalow: Semi-detached,72,70,2,2,0
S01012307,Whole house or bungalow: Terraced (including end-terrace),88,85,3,0,3
S01012307,Flat maisonette or apartment or mobile/temporary accommodation,117,114,3,0,3
S01012308,All household spaces,343,334,9,0,9
S01012308,Whole house or bungalow: Total,336,327,9,0,9
S01012308,Whole house or bungalow: Detached,67,64,3,0,3
S01012308,Whole house or bungalow: Semi-detached,248,242,6,0,6
S01012308,Whole house or bungalow: Terraced (including end-terrace),21,21,0,0,0
S01012308,Flat maisonette or apartment or mobile/temporary accommodation,7,7,0,0,0
S01012309,All household spaces,263,245,18,2,16
S01012309,Whole house or bungalow: Total,242,226,16,1,15
S01012309,Whole house or bungalow: Detached,96,89,7,1,6
S01012309,Whole house or bungalow: Semi-detached,75,70,5,0,5
S01012309,Whole house or bungalow: Terraced (including end-terrace),71,67,4,0,4
S01012309,Flat maisonette or apartment or mobile/temporary accommodation,21,19,2,1,1
S01012310,All household spaces,560,427,133,110,23
S01012310,Whole house or bungalow: Total,524,396,128,105,23
S01012310,Whole house or bungalow: Detached,260,205,55,43,12
S01012310,Whole house or bungalow: Semi-detached,134,112,22,16,6
S01012310,Whole house or bungalow: Terraced (including end-terrace),130,79,51,46,5
S01012310,Flat maisonette or apartment or mobile/temporary accommodation,36,31,5,5,0
S01012311,All household spaces,297,263,34,29,5
S01012311,Whole house or bungalow: Total,281,248,33,28,5
S01012311,Whole house or bungalow: Detached,148,139,9,8,1
S01012311,Whole house or bungalow: Semi-detached,85,71,14,11,3
S01012311,Whole house or bungalow: Terraced (including end-terrace),48,38,10,9,1
S01012311,Flat maisonette or apartment or mobile/temporary accommodation,16,15,1,1,0
S01012312,All household spaces,505,439,66,50,16
S01012312,Whole house or bungalow: Total,470,406,64,49,15
S01012312,Whole house or bungalow: Detached,251,217,34,27,7
S01012312,Whole house or bungalow: Semi-detached,129,116,13,7,6
S01012312,Whole house or bungalow: Terraced (including end-terrace),90,73,17,15,2
S01012312,Flat maisonette or apartment or mobile/temporary accommodation,35,33,2,1,1
S01012313,All household spaces,393,345,48,39,9
S01012313,Whole house or bungalow: Total,365,318,47,39,8
S01012313,Whole house or bungalow: Detached,156,138,18,17,1
S01012313,Whole house or bungalow: Semi-detached,148,140,8,5,3
S01012313,Whole house or bungalow: Terraced (including end-terrace),61,40,21,17,4
S01012313,Flat maisonette or apartment or mobile/temporary accommodation,28,27,1,0,1
S01012314,All household spaces,387,365,22,15,7
S01012314,Whole house or bungalow: Total,376,354,22,15,7
S01012314,Whole house or bungalow: Detached,53,49,4,3,1
S01012314,Whole house or bungalow: Semi-detached,195,188,7,4,3
S01012314,Whole house or bungalow: Terraced (including end-terrace),128,117,11,8,3
S01012314,Flat maisonette or apartment or mobile/temporary accommodation,11,11,0,0,0
S01012315,All household spaces,443,400,43,29,14
S01012315,Whole house or bungalow: Total,239,213,26,19,7
S01012315,Whole house or bungalow: Detached,82,79,3,2,1
S01012315,Whole house or bungalow: Semi-detached,51,49,2,2,0
S01012315,Whole house or bungalow: Terraced (including end-terrace),106,85,21,15,6
S01012315,Flat maisonette or apartment or mobile/temporary accommodation,204,187,17,10,7
S01012316,All household spaces,317,315,2,0,2
S01012316,Whole house or bungalow: Total,193,192,1,0,1
S01012316,Whole house or bungalow: Detached,38,38,0,0,0
S01012316,Whole house or bungalow: Semi-detached,58,58,0,0,0
S01012316,Whole house or bungalow: Terraced (including end-terrace),97,96,1,0,1
S01012316,Flat maisonette or apartment or mobile/temporary accommodation,124,123,1,0,1
S01012317,All household spaces,228,209,19,9,10
S01012317,Whole house or bungalow: Total,195,180,15,9,6
S01012317,Whole house or bungalow: Detached,144,136,8,4,4
S01012317,Whole house or bungalow: Semi-detached,41,34,7,5,2
S01012317,Whole house or bungalow: Terraced (including end-terrace),10,10,0,0,0
S01012317,Flat maisonette or apartment or mobile/temporary accommodation,33,29,4,0,4
S01012318,All household spaces,336,329,7,5,2
S01012318,Whole house or bungalow: Total,328,321,7,5,2
S01012318,Whole house or bungalow: Detached,35,35,0,0,0
S01012318,Whole house or bungalow: Semi-detached,92,88,4,2,2
S01012318,Whole house or bungalow: Terraced (including end-terrace),201,198,3,3,0
S01012318,Flat maisonette or apartment or mobile/temporary accommodation,8,8,0,0,0
S01012319,All household spaces,367,343,24,16,8
S01012319,Whole house or bungalow: Total,353,330,23,16,7
S01012319,Whole house or bungalow: Detached,189,178,11,9,2
S01012319,Whole house or bungalow: Semi-detached,96,90,6,5,1
S01012319,Whole house or bungalow: Terraced (including end-terrace),68,62,6,2,4
S01012319,Flat maisonette or apartment or mobile/temporary accommodation,14,13,1,0,1
S01012320,All household spaces,282,276,6,3,3
S01012320,Whole house or bungalow: Total,254,248,6,3,3
S01012320,Whole house or bungalow: Detached,49,45,4,2,2
S01012320,Whole house or bungalow: Semi-detached,125,123,2,1,1
S01012320,Whole house or bungalow: Terraced (including end-terrace),80,80,0,0,0
S01012320,Flat maisonette or apartment or mobile/temporary accommodation,28,28,0,0,0
S01012321,All household spaces,352,339,13,3,10
S01012321,Whole house or bungalow: Total,299,288,11,3,8
S01012321,Whole house or bungalow: Detached,135,128,7,1,6
S01012321,Whole house or bungalow: Semi-detached,69,66,3,2,1
S01012321,Whole house or bungalow: Terraced (including end-terrace),95,94,1,0,1
S01012321,Flat maisonette or apartment or mobile/temporary accommodation,53,51,2,0,2
S01012322,All household spaces,517,453,64,37,27
S01012322,Whole house or bungalow: Total,501,438,63,37,26
S01012322,Whole house or bungalow: Detached,266,245,21,15,6
S01012322,Whole house or bungalow: Semi-detached,126,109,17,7,10
S01012322,Whole house or bungalow: Terraced (including end-terrace),109,84,25,15,10
S01012322,Flat maisonette or apartment or mobile/temporary accommodation,16,15,1,0,1
S01012323,All household spaces,457,403,54,33,21
S01012323,Whole house or bungalow: Total,430,378,52,32,20
S01012323,Whole house or bungalow: Detached,298,267,31,20,11
S01012323,Whole house or bungalow: Semi-detached,79,69,10,7,3
S01012323,Whole house or bungalow: Terraced (including end-terrace),53,42,11,5,6
S01012323,Flat maisonette or apartment or mobile/temporary accommodation,27,25,2,1,1
S01012324,All household spaces,423,365,58,26,32
S01012324,Whole house or bungalow: Total,415,357,58,26,32
S01012324,Whole house or bungalow: Detached,208,176,32,16,16
S01012324,Whole house or bungalow: Semi-detached,138,123,15,4,11
S01012324,Whole house or bungalow: Terraced (including end-terrace),69,58,11,6,5
S01012324,Flat maisonette or apartment or mobile/temporary accommodation,8,8,0,0,0
S01012325,All household spaces,311,301,10,6,4
S01012325,Whole house or bungalow: Total,280,270,10,6,4
S01012325,Whole house or bungalow: Detached,146,142,4,2,2
S01012325,Whole house or bungalow: Semi-detached,88,83,5,4,1
S01012325,Whole house or bungalow: Terraced (including end-terrace),46,45,1,0,1
S01012325,Flat maisonette or apartment or mobile/temporary accommodation,31,31,0,0,0
S01012326,All household spaces,331,310,21,1,20
S01012326,Whole house or bungalow: Total,163,154,9,1,8
S01012326,Whole house or bungalow: Detached,26,25,1,1,0
S01012326,Whole house or bungalow: Semi-detached,37,31,6,0,6
S01012326,Whole house or bungalow: Terraced (including end-terrace),100,98,2,0,2
S01012326,Flat maisonette or apartment or mobile/temporary accommodation,168,156,12,0,12
S01012327,All household spaces,389,366,23,8,15
S01012327,Whole house or bungalow: Total,350,329,21,7,14
S01012327,Whole house or bungalow: Detached,90,82,8,3,5
S01012327,Whole house or bungalow: Semi-detached,149,143,6,2,4
S01012327,Whole house or bungalow: Terraced (including end-terrace),111,104,7,2,5
S01012327,Flat maisonette or apartment or mobile/temporary accommodation,39,37,2,1,1
S01012328,All household spaces,336,293,43,21,22
S01012328,Whole house or bungalow: Total,321,283,38,18,20
S01012328,Whole house or bungalow: Detached,82,73,9,6,3
S01012328,Whole house or bungalow: Semi-detached,137,132,5,1,4
S01012328,Whole house or bungalow: Terraced (including end-terrace),102,78,24,11,13
S01012328,Flat maisonette or apartment or mobile/temporary accommodation,15,10,5,3,2
S01012329,All household spaces,457,381,76,56,20
S01012329,Whole house or bungalow: Total,440,366,74,54,20
S01012329,Whole house or bungalow: Detached,201,172,29,23,6
S01012329,Whole house or bungalow: Semi-detached,114,105,9,4,5
S01012329,Whole house or bungalow: Terraced (including end-terrace),125,89,36,27,9
S01012329,Flat maisonette or apartment or mobile/temporary accommodation,17,15,2,2,0
S01012330,All household spaces,299,280,19,2,17
S01012330,Whole house or bungalow: Total,252,247,5,2,3
S01012330,Whole house or bungalow: Detached,114,112,2,0,2
S01012330,Whole house or bungalow: Semi-detached,95,93,2,1,1
S01012330,Whole house or bungalow: Terraced (including end-terrace),43,42,1,1,0
S01012330,Flat maisonette or apartment or mobile/temporary accommodation,47,33,14,0,14
S01012331,All household spaces,278,265,13,1,12
S01012331,Whole house or bungalow: Total,262,253,9,1,8
S01012331,Whole house or bungalow: Detached,172,166,6,1,5
S01012331,Whole house or bungalow: Semi-detached,76,73,3,0,3
S01012331,Whole house or bungalow: Terraced (including end-terrace),14,14,0,0,0
S01012331,Flat maisonette or apartment or mobile/temporary accommodation,16,12,4,0,4
S01012332,All household spaces,485,435,50,32,18
S01012332,Whole house or bungalow: Total,473,424,49,31,18
S01012332,Whole house or bungalow: Detached,235,222,13,10,3
S01012332,Whole house or bungalow: Semi-detached,97,90,7,3,4
S01012332,Whole house or bungalow: Terraced (including end-terrace),141,112,29,18,11
S01012332,Flat maisonette or apartment or mobile/temporary accommodation,12,11,1,1,0
S01012333,All household spaces,499,452,47,30,17
S01012333,Whole house or bungalow: Total,465,418,47,30,17
S01012333,Whole house or bungalow: Detached,242,220,22,16,6
S01012333,Whole house or bungalow: Semi-detached,104,93,11,5,6
S01012333,Whole house or bungalow: Terraced (including end-terrace),119,105,14,9,5
S01012333,Flat maisonette or apartment or mobile/temporary accommodation,34,34,0,0,0
S01012334,All household spaces,370,365,5,0,5
S01012334,Whole house or bungalow: Total,268,264,4,0,4
S01012334,Whole house or bungalow: Detached,36,35,1,0,1
S01012334,Whole house or bungalow: Semi-detached,180,179,1,0,1
S01012334,Whole house or bungalow: Terraced (including end-terrace),52,50,2,0,2
S01012334,Flat maisonette or apartment or mobile/temporary accommodation,102,101,1,0,1
S01012335,All household spaces,417,414,3,1,2
S01012335,Whole house or bungalow: Total,401,398,3,1,2
S01012335,Whole house or bungalow: Detached,46,46,0,0,0
S01012335,Whole house or bungalow: Semi-detached,216,214,2,1,1
S01012335,Whole house or bungalow: Terraced (including end-terrace),139,138,1,0,1
S01012335,Flat maisonette or apartment or mobile/temporary accommodation,16,16,0,0,0
S01012336,All household spaces,278,275,3,0,3
S01012336,Whole house or bungalow: Total,271,268,3,0,3
S01012336,Whole house or bungalow: Detached,11,11,0,0,0
S01012336,Whole house or bungalow: Semi-detached,209,207,2,0,2
S01012336,Whole house or bungalow: Terraced (including end-terrace),51,50,1,0,1
S01012336,Flat maisonette or apartment or mobile/temporary accommodation,7,7,0,0,0
S01012337,All household spaces,466,453,13,0,13
S01012337,Whole house or bungalow: Total,217,213,4,0,4
S01012337,Whole house or bungalow: Detached,18,18,0,0,0
S01012337,Whole house or bungalow: Semi-detached,127,125,2,0,2
S01012337,Whole house or bungalow: Terraced (including end-terrace),72,70,2,0,2
S01012337,Flat maisonette or apartment or mobile/temporary accommodation,249,240,9,0,9
S01012338,All household spaces,421,384,37,5,32
S01012338,Whole house or bungalow: Total,203,187,16,3,13
S01012338,Whole house or bungalow: Detached,61,56,5,0,5
S01012338,Whole house or bungalow: Semi-detached,74,71,3,0,3
S01012338,Whole house or bungalow: Terraced (including end-terrace),68,60,8,3,5
S01012338,Flat maisonette or apartment or mobile/temporary accommodation,218,197,21,2,19
S01012339,All household spaces,425,366,59,13,46
S01012339,Whole house or bungalow: Total,120,105,15,3,12
S01012339,Whole house or bungalow: Detached,36,31,5,2,3
S01012339,Whole house or bungalow: Semi-detached,40,37,3,0,3
S01012339,Whole house or bungalow: Terraced (including end-terrace),44,37,7,1,6
S01012339,Flat maisonette or apartment or mobile/temporary accommodation,305,261,44,10,34
S01012340,All household spaces,488,477,11,0,11
S01012340,Whole house or bungalow: Total,377,377,0,0,0
S01012340,Whole house or bungalow: Detached,150,150,0,0,0
S01012340,Whole house or bungalow: Semi-detached,135,135,0,0,0
S01012340,Whole house or bungalow: Terraced (including end-terrace),92,92,0,0,0
S01012340,Flat maisonette or apartment or mobile/temporary accommodation,111,100,11,0,11
S01012341,All household spaces,475,404,71,40,31
S01012341,Whole house or bungalow: Total,462,395,67,37,30
S01012341,Whole house or bungalow: Detached,324,277,47,27,20
S01012341,Whole house or bungalow: Semi-detached,97,82,15,7,8
S01012341,Whole house or bungalow: Terraced (including end-terrace),41,36,5,3,2
S01012341,Flat maisonette or apartment or mobile/temporary accommodation,13,9,4,3,1
S01012342,All household spaces,456,403,53,23,30
S01012342,Whole house or bungalow: Total,447,395,52,23,29
S01012342,Whole house or bungalow: Detached,245,208,37,15,22
S01012342,Whole house or bungalow: Semi-detached,143,132,11,5,6
S01012342,Whole house or bungalow: Terraced (including end-terrace),59,55,4,3,1
S01012342,Flat maisonette or apartment or mobile/temporary accommodation,9,8,1,0,1
S01012343,All household spaces,487,448,39,25,14
S01012343,Whole house or bungalow: Total,475,437,38,24,14
S01012343,Whole house or bungalow: Detached,241,220,21,16,5
S01012343,Whole house or bungalow: Semi-detached,120,115,5,0,5
S01012343,Whole house or bungalow: Terraced (including end-terrace),114,102,12,8,4
S01012343,Flat maisonette or apartment or mobile/temporary accommodation,12,11,1,1,0
S01012344,All household spaces,306,296,10,2,8
S01012344,Whole house or bungalow: Total,212,206,6,1,5
S01012344,Whole house or bungalow: Detached,44,43,1,0,1
S01012344,Whole house or bungalow: Semi-detached,92,90,2,1,1
S01012344,Whole house or bungalow: Terraced (including end-terrace),76,73,3,0,3
S01012344,Flat maisonette or apartment or mobile/temporary accommodation,94,90,4,1,3
S01012345,All household spaces,329,321,8,2,6
S01012345,Whole house or bungalow: Total,297,291,6,2,4
S01012345,Whole house or bungalow: Detached,61,59,2,1,1
S01012345,Whole house or bungalow: Semi-detached,178,175,3,0,3
S01012345,Whole house or bungalow: Terraced (including end-terrace),58,57,1,1,0
S01012345,Flat maisonette or apartment or mobile/temporary accommodation,32,30,2,0,2
S01012346,All household spaces,394,361,33,23,10
S01012346,Whole house or bungalow: Total,374,342,32,22,10
S01012346,Whole house or bungalow: Detached,205,190,15,11,4
S01012346,Whole house or bungalow: Semi-detached,86,79,7,2,5
S01012346,Whole house or bungalow: Terraced (including end-terrace),83,73,10,9,1
S01012346,Flat maisonette or apartment or mobile/temporary accommodation,20,19,1,1,0
S01012347,All household spaces,377,364,13,1,12
S01012347,Whole house or bungalow: Total,348,337,11,1,10
S01012347,Whole house or bungalow: Detached,103,101,2,0,2
S01012347,Whole house or bungalow: Semi-detached,153,148,5,0,5
S01012347,Whole house or bungalow: Terraced (including end-terrace),92,88,4,1,3
S01012347,Flat maisonette or apartment or mobile/temporary accommodation,29,27,2,0,2
S01012348,All household spaces,335,325,10,0,10
S01012348,Whole house or bungalow: Total,291,281,10,0,10
S01012348,Whole house or bungalow: Detached,140,135,5,0,5
S01012348,Whole house or bungalow: Semi-detached,107,104,3,0,3
S01012348,Whole house or bungalow: Terraced (including end-terrace),44,42,2,0,2
S01012348,Flat maisonette or apartment or mobile/temporary accommodation,44,44,0,0,0
S01012349,All household spaces,411,402,9,0,9
S01012349,Whole house or bungalow: Total,346,340,6,0,6
S01012349,Whole house or bungalow: Detached,17,17,0,0,0
S01012349,Whole house or bungalow: Semi-detached,202,199,3,0,3
S01012349,Whole house or bungalow: Terraced (including end-terrace),127,124,3,0,3
S01012349,Flat maisonette or apartment or mobile/temporary accommodation,65,62,3,0,3
S01012350,All household spaces,343,337,6,1,5
S01012350,Whole house or bungalow: Total,247,243,4,1,3
S01012350,Whole house or bungalow: Detached,118,116,2,0,2
S01012350,Whole house or bungalow: Semi-detached,93,91,2,1,1
S01012350,Whole house or bungalow: Terraced (including end-terrace),36,36,0,0,0
S01012350,Flat maisonette or apartment or mobile/temporary accommodation,96,94,2,0,2
S01012351,All household spaces,385,373,12,3,9
S01012351,Whole house or bungalow: Total,273,267,6,3,3
S01012351,Whole house or bungalow: Detached,22,21,1,1,0
S01012351,Whole house or bungalow: Semi-detached,113,113,0,0,0
S01012351,Whole house or bungalow: Terraced (including end-terrace),138,133,5,2,3
S01012351,Flat maisonette or apartment or mobile/temporary accommodation,112,106,6,0,6
S01012352,All household spaces,367,350,17,4,13
S01012352,Whole house or bungalow: Total,189,184,5,2,3
S01012352,Whole house or bungalow: Detached,94,93,1,0,1
S01012352,Whole house or bungalow: Semi-detached,73,72,1,0,1
S01012352,Whole house or bungalow: Terraced (including end-terrace),22,19,3,2,1
S01012352,Flat maisonette or apartment or mobile/temporary accommodation,178,166,12,2,10
S01012353,All household spaces,494,453,41,12,29
S01012353,Whole house or bungalow: Total,161,145,16,10,6
S01012353,Whole house or bungalow: Detached,53,47,6,5,1
S01012353,Whole house or bungalow: Semi-detached,30,27,3,0,3
S01012353,Whole house or bungalow: Terraced (including end-terrace),78,71,7,5,2
S01012353,Flat maisonette or apartment or mobile/temporary accommodation,333,308,25,2,23
S01012354,All household spaces,439,385,54,29,25
S01012354,Whole house or bungalow: Total,397,345,52,29,23
S01012354,Whole house or bungalow: Detached,80,71,9,6,3
S01012354,Whole house or bungalow: Semi-detached,160,145,15,8,7
S01012354,Whole house or bungalow: Terraced (including end-terrace),157,129,28,15,13
S01012354,Flat maisonette or apartment or mobile/temporary accommodation,42,40,2,0,2
S01012355,All household spaces,483,377,106,63,43
S01012355,Whole house or bungalow: Total,467,362,105,62,43
S01012355,Whole house or bungalow: Detached,375,296,79,50,29
S01012355,Whole house or bungalow: Semi-detached,83,59,24,11,13
S01012355,Whole house or bungalow: Terraced (including end-terrace),9,7,2,1,1
S01012355,Flat maisonette or apartment or mobile/temporary accommodation,16,15,1,1,0
S01012356,All household spaces,334,320,14,8,6
S01012356,Whole house or bungalow: Total,303,289,14,8,6
S01012356,Whole house or bungalow: Detached,99,93,6,3,3
S01012356,Whole house or bungalow: Semi-detached,140,136,4,3,1
S01012356,Whole house or bungalow: Terraced (including end-terrace),64,60,4,2,2
S01012356,Flat maisonette or apartment or mobile/temporary accommodation,31,31,0,0,0
S01012357,All household spaces,387,355,32,20,12
S01012357,Whole house or bungalow: Total,374,342,32,20,12
S01012357,Whole house or bungalow: Detached,287,261,26,18,8
S01012357,Whole house or bungalow: Semi-detached,70,67,3,0,3
S01012357,Whole house or bungalow: Terraced (including end-terrace),17,14,3,2,1
S01012357,Flat maisonette or apartment or mobile/temporary accommodation,13,13,0,0,0
S01012358,All household spaces,401,343,58,39,19
S01012358,Whole house or bungalow: Total,372,319,53,35,18
S01012358,Whole house or bungalow: Detached,244,213,31,22,9
S01012358,Whole house or bungalow: Semi-detached,98,79,19,10,9
S01012358,Whole house or bungalow: Terraced (including end-terrace),30,27,3,3,0
S01012358,Flat maisonette or apartment or mobile/temporary accommodation,29,24,5,4,1
S01012359,All household spaces,374,367,7,0,7
S01012359,Whole house or bungalow: Total,294,291,3,0,3
S01012359,Whole house or bungalow: Detached,11,11,0,0,0
S01012359,Whole house or bungalow: Semi-detached,196,193,3,0,3
S01012359,Whole house or bungalow: Terraced (including end-terrace),87,87,0,0,0
S01012359,Flat maisonette or apartment or mobile/temporary accommodation,80,76,4,0,4
S01012360,All household spaces,335,324,11,0,11
S01012360,Whole house or bungalow: Total,245,239,6,0,6
S01012360,Whole house or bungalow: Detached,18,17,1,0,1
S01012360,Whole house or bungalow: Semi-detached,134,132,2,0,2
S01012360,Whole house or bungalow: Terraced (including end-terrace),93,90,3,0,3
S01012360,Flat maisonette or apartment or mobile/temporary accommodation,90,85,5,0,5
S01012361,All household spaces,281,275,6,0,6
S01012361,Whole house or bungalow: Total,244,240,4,0,4
S01012361,Whole house or bungalow: Detached,17,17,0,0,0
S01012361,Whole house or bungalow: Semi-detached,175,172,3,0,3
S01012361,Whole house or bungalow: Terraced (including end-terrace),52,51,1,0,1
S01012361,Flat maisonette or apartment or mobile/temporary accommodation,37,35,2,0,2
S01012362,All household spaces,315,306,9,0,9
S01012362,Whole house or bungalow: Total,297,288,9,0,9
S01012362,Whole house or bungalow: Detached,20,20,0,0,0
S01012362,Whole house or bungalow: Semi-detached,198,191,7,0,7
S01012362,Whole house or bungalow: Terraced (including end-terrace),79,77,2,0,2
S01012362,Flat maisonette or apartment or mobile/temporary accommodation,18,18,0,0,0
S01012363,All household spaces,629,575,54,12,42
S01012363,Whole house or bungalow: Total,165,155,10,6,4
S01012363,Whole house or bungalow: Detached,20,20,0,0,0
S01012363,Whole house or bungalow: Semi-detached,42,42,0,0,0
S01012363,Whole house or bungalow: Terraced (including end-terrace),103,93,10,6,4
S01012363,Flat maisonette or apartment or mobile/temporary accommodation,464,420,44,6,38
S01012364,All household spaces,427,375,52,7,45
S01012364,Whole house or bungalow: Total,102,100,2,0,2
S01012364,Whole house or bungalow: Detached,21,21,0,0,0
S01012364,Whole house or bungalow: Semi-detached,44,42,2,0,2
S01012364,Whole house or bungalow: Terraced (including end-terrace),37,37,0,0,0
S01012364,Flat maisonette or apartment or mobile/temporary accommodation,325,275,50,7,43
S01012365,All household spaces,457,443,14,7,7
S01012365,Whole house or bungalow: Total,300,288,12,7,5
S01012365,Whole house or bungalow: Detached,51,51,0,0,0
S01012365,Whole house or bungalow: Semi-detached,110,108,2,1,1
S01012365,Whole house or bungalow: Terraced (including end-terrace),139,129,10,6,4
S01012365,Flat maisonette or apartment or mobile/temporary accommodation,157,155,2,0,2
S01012366,All household spaces,566,513,53,4,49
S01012366,Whole house or bungalow: Total,147,142,5,3,2
S01012366,Whole house or bungalow: Detached,16,16,0,0,0
S01012366,Whole house or bungalow: Semi-detached,32,32,0,0,0
S01012366,Whole house or bungalow: Terraced (including end-terrace),99,94,5,3,2
S01012366,Flat maisonette or apartment or mobile/temporary accommodation,419,371,48,1,47
S01012367,All household spaces,422,420,2,0,2
S01012367,Whole house or bungalow: Total,316,315,1,0,1
S01012367,Whole house or bungalow: Detached,125,125,0,0,0
S01012367,Whole house or bungalow: Semi-detached,119,118,1,0,1
S01012367,Whole house or bungalow: Terraced (including end-terrace),72,72,0,0,0
S01012367,Flat maisonette or apartment or mobile/temporary accommodation,106,105,1,0,1
S01012368,All household spaces,268,261,7,2,5
S01012368,Whole house or bungalow: Total,219,213,6,2,4
S01012368,Whole house or bungalow: Detached,143,137,6,2,4
S01012368,Whole house or bungalow: Semi-detached,55,55,0,0,0
S01012368,Whole house or bungalow: Terraced (including end-terrace),21,21,0,0,0
S01012368,Flat maisonette or apartment or mobile/temporary accommodation,49,48,1,0,1
S01012369,All household spaces,382,375,7,0,7
S01012369,Whole house or bungalow: Total,283,281,2,0,2
S01012369,Whole house or bungalow: Detached,112,110,2,0,2
S01012369,Whole house or bungalow: Semi-detached,96,96,0,0,0
S01012369,Whole house or bungalow: Terraced (including end-terrace),75,75,0,0,0
S01012369,Flat maisonette or apartment or mobile/temporary accommodation,99,94,5,0,5
S01012370,All household spaces,531,516,15,1,14
S01012370,Whole house or bungalow: Total,151,149,2,1,1
S01012370,Whole house or bungalow: Detached,88,87,1,1,0
S01012370,Whole house or bungalow: Semi-detached,24,24,0,0,0
S01012370,Whole house or bungalow: Terraced (including end-terrace),39,38,1,0,1
S01012370,Flat maisonette or apartment or mobile/temporary accommodation,380,367,13,0,13
S01012371,All household spaces,532,486,46,4,42
S01012371,Whole house or bungalow: Total,158,148,10,3,7
S01012371,Whole house or bungalow: Detached,26,24,2,0,2
S01012371,Whole house or bungalow: Semi-detached,34,31,3,0,3
S01012371,Whole house or bungalow: Terraced (including end-terrace),98,93,5,3,2
S01012371,Flat maisonette or apartment or mobile/temporary accommodation,374,338,36,1,35
S01012372,All household spaces,466,450,16,1,15
S01012372,Whole house or bungalow: Total,87,81,6,1,5
S01012372,Whole house or bungalow: Detached,19,17,2,0,2
S01012372,Whole house or bungalow: Semi-detached,22,22,0,0,0
S01012372,Whole house or bungalow: Terraced (including end-terrace),46,42,4,1,3
S01012372,Flat maisonette or apartment or mobile/temporary accommodation,379,369,10,0,10
S01012373,All household spaces,496,479,17,4,13
S01012373,Whole house or bungalow: Total,279,270,9,4,5
S01012373,Whole house or bungalow: Detached,108,105,3,3,0
S01012373,Whole house or bungalow: Semi-detached,90,90,0,0,0
S01012373,Whole house or bungalow: Terraced (including end-terrace),81,75,6,1,5
S01012373,Flat maisonette or apartment or mobile/temporary accommodation,217,209,8,0,8
S01012374,All household spaces,414,402,12,1,11
S01012374,Whole house or bungalow: Total,260,254,6,1,5
S01012374,Whole house or bungalow: Detached,39,38,1,1,0
S01012374,Whole house or bungalow: Semi-detached,77,76,1,0,1
S01012374,Whole house or bungalow: Terraced (including end-terrace),144,140,4,0,4
S01012374,Flat maisonette or apartment or mobile/temporary accommodation,154,148,6,0,6
S01012375,All household spaces,444,429,15,1,14
S01012375,Whole house or bungalow: Total,278,271,7,1,6
S01012375,Whole house or bungalow: Detached,32,30,2,1,1
S01012375,Whole house or bungalow: Semi-detached,114,111,3,0,3
S01012375,Whole house or bungalow: Terraced (including end-terrace),132,130,2,0,2
S01012375,Flat maisonette or apartment or mobile/temporary accommodation,166,158,8,0,8
S01012376,All household spaces,439,407,32,22,10
S01012376,Whole house or bungalow: Total,421,391,30,21,9
S01012376,Whole house or bungalow: Detached,287,263,24,17,7
S01012376,Whole house or bungalow: Semi-detached,104,98,6,4,2
S01012376,Whole house or bungalow: Terraced (including end-terrace),30,30,0,0,0
S01012376,Flat maisonette or apartment or mobile/temporary accommodation,18,16,2,1,1
S01012377,All household spaces,365,324,41,16,25
S01012377,Whole house or bungalow: Total,345,307,38,16,22
S01012377,Whole house or bungalow: Detached,214,194,20,11,9
S01012377,Whole house or bungalow: Semi-detached,73,69,4,2,2
S01012377,Whole house or bungalow: Terraced (including end-terrace),58,44,14,3,11
S01012377,Flat maisonette or apartment or mobile/temporary accommodation,20,17,3,0,3
S01012378,All household spaces,291,250,41,31,10
S01012378,Whole house or bungalow: Total,265,227,38,31,7
S01012378,Whole house or bungalow: Detached,185,157,28,23,5
S01012378,Whole house or bungalow: Semi-detached,61,53,8,6,2
S01012378,Whole house or bungalow: Terraced (including end-terrace),19,17,2,2,0
S01012378,Flat maisonette or apartment or mobile/temporary accommodation,26,23,3,0,3
S01012379,All household spaces,251,227,24,18,6
S01012379,Whole house or bungalow: Total,236,213,23,17,6
S01012379,Whole house or bungalow: Detached,171,150,21,15,6
S01012379,Whole house or bungalow: Semi-detached,49,48,1,1,0
S01012379,Whole house or bungalow: Terraced (including end-terrace),16,15,1,1,0
S01012379,Flat maisonette or apartment or mobile/temporary accommodation,15,14,1,1,0
S01012380,All household spaces,427,423,4,2,2
S01012380,Whole house or bungalow: Total,266,264,2,1,1
S01012380,Whole house or bungalow: Detached,42,42,0,0,0
S01012380,Whole house or bungalow: Semi-detached,63,63,0,0,0
S01012380,Whole house or bungalow: Terraced (including end-terrace),161,159,2,1,1
S01012380,Flat maisonette or apartment or mobile/temporary accommodation,161,159,2,1,1
S01012381,All household spaces,475,456,19,0,19
S01012381,Whole house or bungalow: Total,260,255,5,0,5
S01012381,Whole house or bungalow: Detached,55,54,1,0,1
S01012381,Whole house or bungalow: Semi-detached,77,76,1,0,1
S01012381,Whole house or bungalow: Terraced (including end-terrace),128,125,3,0,3
S01012381,Flat maisonette or apartment or mobile/temporary accommodation,215,201,14,0,14
S01012382,All household spaces,448,437,11,3,8
S01012382,Whole house or bungalow: Total,386,378,8,1,7
S01012382,Whole house or bungalow: Detached,134,131,3,1,2
S01012382,Whole house or bungalow: Semi-detached,175,171,4,0,4
S01012382,Whole house or bungalow: Terraced (including end-terrace),77,76,1,0,1
S01012382,Flat maisonette or apartment or mobile/temporary accommodation,62,59,3,2,1
S01012383,All household spaces,437,424,13,3,10
S01012383,Whole house or bungalow: Total,268,256,12,3,9
S01012383,Whole house or bungalow: Detached,81,80,1,0,1
S01012383,Whole house or bungalow: Semi-detached,115,113,2,1,1
S01012383,Whole house or bungalow: Terraced (including end-terrace),72,63,9,2,7
S01012383,Flat maisonette or apartment or mobile/temporary accommodation,169,168,1,0,1
S01012384,All household spaces,282,267,15,2,13
S01012384,Whole house or bungalow: Total,174,170,4,1,3
S01012384,Whole house or bungalow: Detached,58,58,0,0,0
S01012384,Whole house or bungalow: Semi-detached,59,59,0,0,0
S01012384,Whole house or bungalow: Terraced (including end-terrace),57,53,4,1,3
S01012384,Flat maisonette or apartment or mobile/temporary accommodation,108,97,11,1,10
S01012385,All household spaces,352,332,20,2,18
S01012385,Whole house or bungalow: Total,205,199,6,0,6
S01012385,Whole house or bungalow: Detached,102,100,2,0,2
S01012385,Whole house or bungalow: Semi-detached,61,59,2,0,2
S01012385,Whole house or bungalow: Terraced (including end-terrace),42,40,2,0,2
S01012385,Flat maisonette or apartment or mobile/temporary accommodation,147,133,14,2,12
S01012386,All household spaces,464,440,24,1,23
S01012386,Whole house or bungalow: Total,369,352,17,1,16
S01012386,Whole house or bungalow: Detached,59,54,5,1,4
S01012386,Whole house or bungalow: Semi-detached,78,74,4,0,4
S01012386,Whole house or bungalow: Terraced (including end-terrace),232,224,8,0,8
S01012386,Flat maisonette or apartment or mobile/temporary accommodation,95,88,7,0,7
S01012387,All household spaces,447,407,40,15,25
S01012387,Whole house or bungalow: Total,439,399,40,15,25
S01012387,Whole house or bungalow: Detached,368,332,36,11,25
S01012387,Whole house or bungalow: Semi-detached,65,61,4,4,0
S01012387,Whole house or bungalow: Terraced (including end-terrace),6,6,0,0,0
S01012387,Flat maisonette or apartment or mobile/temporary accommodation,8,8,0,0,0
S01012388,All household spaces,335,306,29,8,21
S01012388,Whole house or bungalow: Total,332,303,29,8,21
S01012388,Whole house or bungalow: Detached,281,257,24,6,18
S01012388,Whole house or bungalow: Semi-detached,48,43,5,2,3
S01012388,Whole house or bungalow: Terraced (including end-terrace),3,3,0,0,0
S01012388,Flat maisonette or apartment or mobile/temporary accommodation,3,3,0,0,0
S01012389,All household spaces,352,339,13,4,9
S01012389,Whole house or bungalow: Total,349,336,13,4,9
S01012389,Whole house or bungalow: Detached,264,253,11,3,8
S01012389,Whole house or bungalow: Semi-detached,74,73,1,1,0
S01012389,Whole house or bungalow: Terraced (including end-terrace),11,10,1,0,1
S01012389,Flat maisonette or apartment or mobile/temporary accommodation,3,3,0,0,0
S01012390,All household spaces,322,307,15,6,9
S01012390,Whole house or bungalow: Total,317,302,15,6,9
S01012390,Whole house or bungalow: Detached,250,238,12,6,6
S01012390,Whole house or bungalow: Semi-detached,58,55,3,0,3
S01012390,Whole house or bungalow: Terraced (including end-terrace),9,9,0,0,0
S01012390,Flat maisonette or apartment or mobile/temporary accommodation,5,5,0,0,0
S01012391,All household spaces,414,412,2,2,0
S01012391,Whole house or bungalow: Total,398,396,2,2,0
S01012391,Whole house or bungalow: Detached,311,309,2,2,0
S01012391,Whole house or bungalow: Semi-detached,78,78,0,0,0
S01012391,Whole house or bungalow: Terraced (including end-terrace),9,9,0,0,0
S01012391,Flat maisonette or apartment or mobile/temporary accommodation,16,16,0,0,0
S01012392,All household spaces,333,327,6,3,3
S01012392,Whole house or bungalow: Total,267,264,3,1,2
S01012392,Whole house or bungalow: Detached,142,141,1,0,1
S01012392,Whole house or bungalow: Semi-detached,114,112,2,1,1
S01012392,Whole house or bungalow: Terraced (including end-terrace),11,11,0,0,0
S01012392,Flat maisonette or apartment or mobile/temporary accommodation,66,63,3,2,1
S01012393,All household spaces,383,377,6,2,4
S01012393,Whole house or bungalow: Total,374,368,6,2,4
S01012393,Whole house or bungalow: Detached,157,155,2,0,2
S01012393,Whole house or bungalow: Semi-detached,196,192,4,2,2
S01012393,Whole house or bungalow: Terraced (including end-terrace),21,21,0,0,0
S01012393,Flat maisonette or apartment or mobile/temporary accommodation,9,9,0,0,0
S01012394,All household spaces,283,276,7,5,2
S01012394,Whole house or bungalow: Total,273,266,7,5,2
S01012394,Whole house or bungalow: Detached,84,82,2,1,1
S01012394,Whole house or bungalow: Semi-detached,52,51,1,1,0
S01012394,Whole house or bungalow: Terraced (including end-terrace),137,133,4,3,1
S01012394,Flat maisonette or apartment or mobile/temporary accommodation,10,10,0,0,0
S01012395,All household spaces,290,279,11,0,11
S01012395,Whole house or bungalow: Total,223,217,6,0,6
S01012395,Whole house or bungalow: Detached,75,75,0,0,0
S01012395,Whole house or bungalow: Semi-detached,113,107,6,0,6
S01012395,Whole house or bungalow: Terraced (including end-terrace),35,35,0,0,0
S01012395,Flat maisonette or apartment or mobile/temporary accommodation,67,62,5,0,5
S01012396,All household spaces,338,312,26,8,18
S01012396,Whole house or bungalow: Total,245,227,18,4,14
S01012396,Whole house or bungalow: Detached,45,45,0,0,0
S01012396,Whole house or bungalow: Semi-detached,148,137,11,3,8
S01012396,Whole house or bungalow: Terraced (including end-terrace),52,45,7,1,6
S01012396,Flat maisonette or apartment or mobile/temporary accommodation,93,85,8,4,4
S01012397,All household spaces,438,418,20,8,12
S01012397,Whole house or bungalow: Total,357,342,15,6,9
S01012397,Whole house or bungalow: Detached,191,185,6,2,4
S01012397,Whole house or bungalow: Semi-detached,105,97,8,4,4
S01012397,Whole house or bungalow: Terraced (including end-terrace),61,60,1,0,1
S01012397,Flat maisonette or apartment or mobile/temporary accommodation,81,76,5,2,3
S01012398,All household spaces,461,432,29,8,21
S01012398,Whole house or bungalow: Total,250,235,15,4,11
S01012398,Whole house or bungalow: Detached,66,61,5,1,4
S01012398,Whole house or bungalow: Semi-detached,120,116,4,0,4
S01012398,Whole house or bungalow: Terraced (including end-terrace),64,58,6,3,3
S01012398,Flat maisonette or apartment or mobile/temporary accommodation,211,197,14,4,10
S01012399,All household spaces,304,287,17,3,14
S01012399,Whole house or bungalow: Total,278,263,15,3,12
S01012399,Whole house or bungalow: Detached,21,21,0,0,0
S01012399,Whole house or bungalow: Semi-detached,138,130,8,1,7
S01012399,Whole house or bungalow: Terraced (including end-terrace),119,112,7,2,5
S01012399,Flat maisonette or apartment or mobile/temporary accommodation,26,24,2,0,2
S01012400,All household spaces,296,274,22,2,20
S01012400,Whole house or bungalow: Total,180,170,10,0,10
S01012400,Whole house or bungalow: Detached,51,47,4,0,4
S01012400,Whole house or bungalow: Semi-detached,98,93,5,0,5
S01012400,Whole house or bungalow: Terraced (including end-terrace),31,30,1,0,1
S01012400,Flat maisonette or apartment or mobile/temporary accommodation,116,104,12,2,10
S01012401,All household spaces,424,408,16,10,6
S01012401,Whole house or bungalow: Total,290,276,14,8,6
S01012401,Whole house or bungalow: Detached,71,63,8,5,3
S01012401,Whole house or bungalow: Semi-detached,202,196,6,3,3
S01012401,Whole house or bungalow: Terraced (including end-terrace),17,17,0,0,0
S01012401,Flat maisonette or apartment or mobile/temporary accommodation,134,132,2,2,0
S01012402,All household spaces,191,184,7,0,7
S01012402,Whole house or bungalow: Total,190,183,7,0,7
S01012402,Whole house or bungalow: Detached,163,158,5,0,5
S01012402,Whole house or bungalow: Semi-detached,25,23,2,0,2
S01012402,Whole house or bungalow: Terraced (including end-terrace),2,2,0,0,0
S01012402,Flat maisonette or apartment or mobile/temporary accommodation,1,1,0,0,0
S01012403,All household spaces,453,437,16,7,9
S01012403,Whole house or bungalow: Total,446,431,15,6,9
S01012403,Whole house or bungalow: Detached,333,319,14,5,9
S01012403,Whole house or bungalow: Semi-detached,106,105,1,1,0
S01012403,Whole house or bungalow: Terraced (including end-terrace),7,7,0,0,0
S01012403,Flat maisonette or apartment or mobile/temporary accommodation,7,6,1,1,0
S01012404,All household spaces,470,448,22,13,9
S01012404,Whole house or bungalow: Total,395,373,22,13,9
S01012404,Whole house or bungalow: Detached,191,175,16,12,4
S01012404,Whole house or bungalow: Semi-detached,162,157,5,0,5
S01012404,Whole house or bungalow: Terraced (including end-terrace),42,41,1,1,0
S01012404,Flat maisonette or apartment or mobile/temporary accommodation,75,75,0,0,0
S01012405,All household spaces,291,274,17,1,16
S01012405,Whole house or bungalow: Total,278,265,13,1,12
S01012405,Whole house or bungalow: Detached,255,242,13,1,12
S01012405,Whole house or bungalow: Semi-detached,23,23,0,0,0
S01012405,Whole house or bungalow: Terraced (including end-terrace),0,0,0,0,0
S01012405,Flat maisonette or apartment or mobile/temporary accommodation,13,9,4,0,4
S01012406,All household spaces,270,260,10,1,9
S01012406,Whole house or bungalow: Total,268,258,10,1,9
S01012406,Whole house or bungalow: Detached,212,202,10,1,9
S01012406,Whole house or bungalow: Semi-detached,46,46,0,0,0
S01012406,Whole house or bungalow: Terraced (including end-terrace),10,10,0,0,0
S01012406,Flat maisonette or apartment or mobile/temporary accommodation,2,2,0,0,0
S01012407,All household spaces,351,335,16,9,7
S01012407,Whole house or bungalow: Total,340,327,13,9,4
S01012407,Whole house or bungalow: Detached,220,211,9,8,1
S01012407,Whole house or bungalow: Semi-detached,109,105,4,1,3
S01012407,Whole house or bungalow: Terraced (including end-terrace),11,11,0,0,0
S01012407,Flat maisonette or apartment or mobile/temporary accommodation,11,8,3,0,3
S01012408,All household spaces,266,250,16,11,5
S01012408,Whole house or bungalow: Total,263,248,15,11,4
S01012408,Whole house or bungalow: Detached,241,227,14,11,3
S01012408,Whole house or bungalow: Semi-detached,20,19,1,0,1
S01012408,Whole house or bungalow: Terraced (including end-terrace),2,2,0,0,0
S01012408,Flat maisonette or apartment or mobile/temporary accommodation,3,2,1,0,1
S01012409,All household spaces,325,311,14,4,10
S01012409,Whole house or bungalow: Total,301,287,14,4,10
S01012409,Whole house or bungalow: Detached,249,235,14,4,10
S01012409,Whole house or bungalow: Semi-detached,48,48,0,0,0
S01012409,Whole house or bungalow: Terraced (including end-terrace),4,4,0,0,0
S01012409,Flat maisonette or apartment or mobile/temporary accommodation,24,24,0,0,0
S01012410,All household spaces,456,420,36,18,18
S01012410,Whole house or bungalow: Total,451,415,36,18,18
S01012410,Whole house or bungalow: Detached,309,283,26,16,10
S01012410,Whole house or bungalow: Semi-detached,111,101,10,2,8
S01012410,Whole house or bungalow: Terraced (including end-terrace),31,31,0,0,0
S01012410,Flat maisonette or apartment or mobile/temporary accommodation,5,5,0,0,0
S01012411,All household spaces,440,410,30,16,14
S01012411,Whole house or bungalow: Total,428,399,29,15,14
S01012411,Whole house or bungalow: Detached,251,230,21,13,8
S01012411,Whole house or bungalow: Semi-detached,125,120,5,1,4
S01012411,Whole house or bungalow: Terraced (including end-terrace),52,49,3,1,2
S01012411,Flat maisonette or apartment or mobile/temporary accommodation,12,11,1,1,0
S01012412,All household spaces,328,281,47,13,34
S01012412,Whole house or bungalow: Total,318,272,46,13,33
S01012412,Whole house or bungalow: Detached,249,208,41,13,28
S01012412,Whole house or bungalow: Semi-detached,63,58,5,0,5
S01012412,Whole house or bungalow: Terraced (including end-terrace),6,6,0,0,0
S01012412,Flat maisonette or apartment or mobile/temporary accommodation,10,9,1,0,1
S01012413,All household spaces,473,419,54,44,10
S01012413,Whole house or bungalow: Total,459,407,52,43,9
S01012413,Whole house or bungalow: Detached,371,325,46,41,5
S01012413,Whole house or bungalow: Semi-detached,78,74,4,1,3
S01012413,Whole house or bungalow: Terraced (including end-terrace),10,8,2,1,1
S01012413,Flat maisonette or apartment or mobile/temporary accommodation,14,12,2,1,1
S01012414,All household spaces,428,341,87,50,37
S01012414,Whole house or bungalow: Total,423,336,87,50,37
S01012414,Whole house or bungalow: Detached,263,204,59,49,10
S01012414,Whole house or bungalow: Semi-detached,132,109,23,0,23
S01012414,Whole house or bungalow: Terraced (including end-terrace),28,23,5,1,4
S01012414,Flat maisonette or apartment or mobile/temporary accommodation,5,5,0,0,0
S01012415,All household spaces,222,203,19,10,9
S01012415,Whole house or bungalow: Total,220,201,19,10,9
S01012415,Whole house or bungalow: Detached,151,139,12,7,5
S01012415,Whole house or bungalow: Semi-detached,58,56,2,0,2
S01012415,Whole house or bungalow: Terraced (including end-terrace),11,6,5,3,2
S01012415,Flat maisonette or apartment or mobile/temporary accommodation,2,2,0,0,0
S01012416,All household spaces,242,216,26,17,9
S01012416,Whole house or bungalow: Total,238,212,26,17,9
S01012416,Whole house or bungalow: Detached,184,162,22,17,5
S01012416,Whole house or bungalow: Semi-detached,45,43,2,0,2
S01012416,Whole house or bungalow: Terraced (including end-terrace),9,7,2,0,2
S01012416,Flat maisonette or apartment or mobile/temporary accommodation,4,4,0,0,0
S01012417,All household spaces,335,299,36,24,12
S01012417,Whole house or bungalow: Total,302,267,35,23,12
S01012417,Whole house or bungalow: Detached,143,120,23,16,7
S01012417,Whole house or bungalow: Semi-detached,71,67,4,4,0
S01012417,Whole house or bungalow: Terraced (including end-terrace),88,80,8,3,5
S01012417,Flat maisonette or apartment or mobile/temporary accommodation,33,32,1,1,0
S01012418,All household spaces,442,343,99,80,19
S01012418,Whole house or bungalow: Total,434,336,98,79,19
S01012418,Whole house or bungalow: Detached,246,188,58,51,7
S01012418,Whole house or bungalow: Semi-detached,115,91,24,17,7
S01012418,Whole house or bungalow: Terraced (including end-terrace),73,57,16,11,5
S01012418,Flat maisonette or apartment or mobile/temporary accommodation,8,7,1,1,0
S01012419,All household spaces,376,313,63,52,11
S01012419,Whole house or bungalow: Total,344,292,52,41,11
S01012419,Whole house or bungalow: Detached,224,187,37,30,7
S01012419,Whole house or bungalow: Semi-detached,85,77,8,5,3
S01012419,Whole house or bungalow: Terraced (including end-terrace),35,28,7,6,1
S01012419,Flat maisonette or apartment or mobile/temporary accommodation,32,21,11,11,0
S01012420,All household spaces,379,362,17,14,3
S01012420,Whole house or bungalow: Total,334,321,13,10,3
S01012420,Whole house or bungalow: Detached,91,81,10,7,3
S01012420,Whole house or bungalow: Semi-detached,100,98,2,2,0
S01012420,Whole house or bungalow: Terraced (including end-terrace),143,142,1,1,0
S01012420,Flat maisonette or apartment or mobile/temporary accommodation,45,41,4,4,0
S01012421,All household spaces,398,325,73,63,10
S01012421,Whole house or bungalow: Total,314,284,30,24,6
S01012421,Whole house or bungalow: Detached,136,119,17,15,2
S01012421,Whole house or bungalow: Semi-detached,114,102,12,9,3
S01012421,Whole house or bungalow: Terraced (including end-terrace),64,63,1,0,1
S01012421,Flat maisonette or apartment or mobile/temporary accommodation,84,41,43,39,4
S01012422,All household spaces,457,402,55,48,7
S01012422,Whole house or bungalow: Total,419,376,43,37,6
S01012422,Whole house or bungalow: Detached,210,189,21,19,2
S01012422,Whole house or bungalow: Semi-detached,108,95,13,9,4
S01012422,Whole house or bungalow: Terraced (including end-terrace),101,92,9,9,0
S01012422,Flat maisonette or apartment or mobile/temporary accommodation,38,26,12,11,1
S01012423,All household spaces,372,346,26,11,15
S01012423,Whole house or bungalow: Total,341,315,26,11,15
S01012423,Whole house or bungalow: Detached,150,140,10,4,6
S01012423,Whole house or bungalow: Semi-detached,89,82,7,3,4
S01012423,Whole house or bungalow: Terraced (including end-terrace),102,93,9,4,5
S01012423,Flat maisonette or apartment or mobile/temporary accommodation,31,31,0,0,0
S01012424,All household spaces,432,414,18,1,17
S01012424,Whole house or bungalow: Total,376,364,12,1,11
S01012424,Whole house or bungalow: Detached,93,89,4,1,3
S01012424,Whole house or bungalow: Semi-detached,113,107,6,0,6
S01012424,Whole house or bungalow: Terraced (including end-terrace),170,168,2,0,2
S01012424,Flat maisonette or apartment or mobile/temporary accommodation,56,50,6,0,6
S01012425,All household spaces,315,307,8,1,7
S01012425,Whole house or bungalow: Total,170,165,5,1,4
S01012425,Whole house or bungalow: Detached,12,12,0,0,0
S01012425,Whole house or bungalow: Semi-detached,50,48,2,1,1
S01012425,Whole house or bungalow: Terraced (including end-terrace),108,105,3,0,3
S01012425,Flat maisonette or apartment or mobile/temporary accommodation,145,142,3,0,3
S01012426,All household spaces,250,237,13,2,11
S01012426,Whole house or bungalow: Total,171,166,5,2,3
S01012426,Whole house or bungalow: Detached,6,6,0,0,0
S01012426,Whole house or bungalow: Semi-detached,60,56,4,2,2
S01012426,Whole house or bungalow: Terraced (including end-terrace),105,104,1,0,1
S01012426,Flat maisonette or apartment or mobile/temporary accommodation,79,71,8,0,8
S01012427,All household spaces,307,300,7,5,2
S01012427,Whole house or bungalow: Total,224,222,2,0,2
S01012427,Whole house or bungalow: Detached,12,12,0,0,0
S01012427,Whole house or bungalow: Semi-detached,23,22,1,0,1
S01012427,Whole house or bungalow: Terraced (including end-terrace),189,188,1,0,1
S01012427,Flat maisonette or apartment or mobile/temporary accommodation,83,78,5,5,0
S01012428,All household spaces,299,286,13,5,8
S01012428,Whole house or bungalow: Total,293,280,13,5,8
S01012428,Whole house or bungalow: Detached,86,81,5,4,1
S01012428,Whole house or bungalow: Semi-detached,34,31,3,0,3
S01012428,Whole house or bungalow: Terraced (including end-terrace),173,168,5,1,4
S01012428,Flat maisonette or apartment or mobile/temporary accommodation,6,6,0,0,0
S01012429,All household spaces,334,286,48,35,13
S01012429,Whole house or bungalow: Total,280,244,36,24,12
S01012429,Whole house or bungalow: Detached,42,39,3,2,1
S01012429,Whole house or bungalow: Semi-detached,95,89,6,4,2
S01012429,Whole house or bungalow: Terraced (including end-terrace),143,116,27,18,9
S01012429,Flat maisonette or apartment or mobile/temporary accommodation,54,42,12,11,1
S01012430,All household spaces,323,277,46,34,12
S01012430,Whole house or bungalow: Total,247,219,28,17,11
S01012430,Whole house or bungalow: Detached,49,44,5,4,1
S01012430,Whole house or bungalow: Semi-detached,42,36,6,5,1
S01012430,Whole house or bungalow: Terraced (including end-terrace),156,139,17,8,9
S01012430,Flat maisonette or apartment or mobile/temporary accommodation,76,58,18,17,1
S01012431,All household spaces,493,432,61,32,29
S01012431,Whole house or bungalow: Total,331,293,38,22,16
S01012431,Whole house or bungalow: Detached,43,40,3,3,0
S01012431,Whole house or bungalow: Semi-detached,87,81,6,3,3
S01012431,Whole house or bungalow: Terraced (including end-terrace),201,172,29,16,13
S01012431,Flat maisonette or apartment or mobile/temporary accommodation,162,139,23,10,13
S01012432,All household spaces,373,352,21,14,7
S01012432,Whole house or bungalow: Total,276,258,18,12,6
S01012432,Whole house or bungalow: Detached,147,129,18,12,6
S01012432,Whole house or bungalow: Semi-detached,81,81,0,0,0
S01012432,Whole house or bungalow: Terraced (including end-terrace),48,48,0,0,0
S01012432,Flat maisonette or apartment or mobile/temporary accommodation,97,94,3,2,1
S01012433,All household spaces,295,265,30,13,17
S01012433,Whole house or bungalow: Total,182,164,18,7,11
S01012433,Whole house or bungalow: Detached,17,16,1,1,0
S01012433,Whole house or bungalow: Semi-detached,26,26,0,0,0
S01012433,Whole house or bungalow: Terraced (including end-terrace),139,122,17,6,11
S01012433,Flat maisonette or apartment or mobile/temporary accommodation,113,101,12,6,6
S01012434,All household spaces,344,334,10,4,6
S01012434,Whole house or bungalow: Total,132,127,5,3,2
S01012434,Whole house or bungalow: Detached,32,31,1,0,1
S01012434,Whole house or bungalow: Semi-detached,58,54,4,3,1
S01012434,Whole house or bungalow: Terraced (including end-terrace),42,42,0,0,0
S01012434,Flat maisonette or apartment or mobile/temporary accommodation,212,207,5,1,4
S01012435,All household spaces,328,311,17,6,11
S01012435,Whole house or bungalow: Total,190,188,2,0,2
S01012435,Whole house or bungalow: Detached,15,15,0,0,0
S01012435,Whole house or bungalow: Semi-detached,36,36,0,0,0
S01012435,Whole house or bungalow: Terraced (including end-terrace),139,137,2,0,2
S01012435,Flat maisonette or apartment or mobile/temporary accommodation,138,123,15,6,9
S01012436,All household spaces,365,345,20,6,14
S01012436,Whole house or bungalow: Total,261,245,16,6,10
S01012436,Whole house or bungalow: Detached,27,27,0,0,0
S01012436,Whole house or bungalow: Semi-detached,91,86,5,0,5
S01012436,Whole house or bungalow: Terraced (including end-terrace),143,132,11,6,5
S01012436,Flat maisonette or apartment or mobile/temporary accommodation,104,100,4,0,4
S01012437,All household spaces,344,336,8,1,7
S01012437,Whole house or bungalow: Total,266,258,8,1,7
S01012437,Whole house or bungalow: Detached,41,38,3,0,3
S01012437,Whole house or bungalow: Semi-detached,151,149,2,0,2
S01012437,Whole house or bungalow: Terraced (including end-terrace),74,71,3,1,2
S01012437,Flat maisonette or apartment or mobile/temporary accommodation,78,78,0,0,0
S01012438,All household spaces,266,260,6,0,6
S01012438,Whole house or bungalow: Total,258,252,6,0,6
S01012438,Whole house or bungalow: Detached,95,93,2,0,2
S01012438,Whole house or bungalow: Semi-detached,78,74,4,0,4
S01012438,Whole house or bungalow: Terraced (including end-terrace),85,85,0,0,0
S01012438,Flat maisonette or apartment or mobile/temporary accommodation,8,8,0,0,0
S01012439,All household spaces,372,355,17,2,15
S01012439,Whole house or bungalow: Total,245,240,5,0,5
S01012439,Whole house or bungalow: Detached,88,85,3,0,3
S01012439,Whole house or bungalow: Semi-detached,84,82,2,0,2
S01012439,Whole house or bungalow: Terraced (including end-terrace),73,73,0,0,0
S01012439,Flat maisonette or apartment or mobile/temporary accommodation,127,115,12,2,10
S01012440,All household spaces,228,221,7,0,7
S01012440,Whole house or bungalow: Total,205,199,6,0,6
S01012440,Whole house or bungalow: Detached,143,140,3,0,3
S01012440,Whole house or bungalow: Semi-detached,30,29,1,0,1
S01012440,Whole house or bungalow: Terraced (including end-terrace),32,30,2,0,2
S01012440,Flat maisonette or apartment or mobile/temporary accommodation,23,22,1,0,1
S01012441,All household spaces,415,387,28,22,6
S01012441,Whole house or bungalow: Total,392,364,28,22,6
S01012441,Whole house or bungalow: Detached,204,182,22,16,6
S01012441,Whole house or bungalow: Semi-detached,101,99,2,2,0
S01012441,Whole house or bungalow: Terraced (including end-terrace),87,83,4,4,0
S01012441,Flat maisonette or apartment or mobile/temporary accommodation,23,23,0,0,0
S01012442,All household spaces,443,423,20,12,8
S01012442,Whole house or bungalow: Total,415,397,18,11,7
S01012442,Whole house or bungalow: Detached,218,210,8,7,1
S01012442,Whole house or bungalow: Semi-detached,132,128,4,0,4
S01012442,Whole house or bungalow: Terraced (including end-terrace),65,59,6,4,2
S01012442,Flat maisonette or apartment or mobile/temporary accommodation,28,26,2,1,1
S01012443,All household spaces,338,313,25,8,17
S01012443,Whole house or bungalow: Total,327,304,23,7,16
S01012443,Whole house or bungalow: Detached,166,153,13,3,10
S01012443,Whole house or bungalow: Semi-detached,105,98,7,3,4
S01012443,Whole house or bungalow: Terraced (including end-terrace),56,53,3,1,2
S01012443,Flat maisonette or apartment or mobile/temporary accommodation,11,9,2,1,1
S01012444,All household spaces,305,292,13,3,10
S01012444,Whole house or bungalow: Total,288,275,13,3,10
S01012444,Whole house or bungalow: Detached,235,233,2,0,2
S01012444,Whole house or bungalow: Semi-detached,45,35,10,2,8
S01012444,Whole house or bungalow: Terraced (including end-terrace),8,7,1,1,0
S01012444,Flat maisonette or apartment or mobile/temporary accommodation,17,17,0,0,0
S01012445,All household spaces,186,183,3,1,2
S01012445,Whole house or bungalow: Total,182,179,3,1,2
S01012445,Whole house or bungalow: Detached,155,152,3,1,2
S01012445,Whole house or bungalow: Semi-detached,19,19,0,0,0
S01012445,Whole house or bungalow: Terraced (including end-terrace),8,8,0,0,0
S01012445,Flat maisonette or apartment or mobile/temporary accommodation,4,4,0,0,0
S01012446,All household spaces,262,252,10,0,10
S01012446,Whole house or bungalow: Total,178,170,8,0,8
S01012446,Whole house or bungalow: Detached,51,51,0,0,0
S01012446,Whole house or bungalow: Semi-detached,75,72,3,0,3
S01012446,Whole house or bungalow: Terraced (including end-terrace),52,47,5,0,5
S01012446,Flat maisonette or apartment or mobile/temporary accommodation,84,82,2,0,2
S01012447,All household spaces,364,354,10,1,9
S01012447,Whole house or bungalow: Total,341,331,10,1,9
S01012447,Whole house or bungalow: Detached,232,224,8,0,8
S01012447,Whole house or bungalow: Semi-detached,95,94,1,0,1
S01012447,Whole house or bungalow: Terraced (including end-terrace),14,13,1,1,0
S01012447,Flat maisonette or apartment or mobile/temporary accommodation,23,23,0,0,0
S01012448,All household spaces,370,361,9,3,6
S01012448,Whole house or bungalow: Total,353,345,8,3,5
S01012448,Whole house or bungalow: Detached,275,270,5,3,2
S01012448,Whole house or bungalow: Semi-detached,38,38,0,0,0
S01012448,Whole house or bungalow: Terraced (including end-terrace),40,37,3,0,3
S01012448,Flat maisonette or apartment or mobile/temporary accommodation,17,16,1,0,1
S01012449,All household spaces,258,252,6,0,6
S01012449,Whole house or bungalow: Total,233,228,5,0,5
S01012449,Whole house or bungalow: Detached,51,51,0,0,0
S01012449,Whole house or bungalow: Semi-detached,95,93,2,0,2
S01012449,Whole house or bungalow: Terraced (including end-terrace),87,84,3,0,3
S01012449,Flat maisonette or apartment or mobile/temporary accommodation,25,24,1,0,1
S01012450,All household spaces,351,322,29,6,23
S01012450,Whole house or bungalow: Total,330,303,27,4,23
S01012450,Whole house or bungalow: Detached,192,180,12,2,10
S01012450,Whole house or bungalow: Semi-detached,82,81,1,0,1
S01012450,Whole house or bungalow: Terraced (including end-terrace),56,42,14,2,12
S01012450,Flat maisonette or apartment or mobile/temporary accommodation,21,19,2,2,0
S01012451,All household spaces,425,397,28,12,16
S01012451,Whole house or bungalow: Total,384,365,19,11,8
S01012451,Whole house or bungalow: Detached,359,342,17,10,7
S01012451,Whole house or bungalow: Semi-detached,13,13,0,0,0
S01012451,Whole house or bungalow: Terraced (including end-terrace),12,10,2,1,1
S01012451,Flat maisonette or apartment or mobile/temporary accommodation,41,32,9,1,8
S01012452,All household spaces,305,301,4,3,1
S01012452,Whole house or bungalow: Total,301,297,4,3,1
S01012452,Whole house or bungalow: Detached,141,138,3,2,1
S01012452,Whole house or bungalow: Semi-detached,156,155,1,1,0
S01012452,Whole house or bungalow: Terraced (including end-terrace),4,4,0,0,0
S01012452,Flat maisonette or apartment or mobile/temporary accommodation,4,4,0,0,0
S01012453,All household spaces,333,322,11,5,6
S01012453,Whole house or bungalow: Total,327,316,11,5,6
S01012453,Whole house or bungalow: Detached,301,290,11,5,6
S01012453,Whole house or bungalow: Semi-detached,23,23,0,0,0
S01012453,Whole house or bungalow: Terraced (including end-terrace),3,3,0,0,0
S01012453,Flat maisonette or apartment or mobile/temporary accommodation,6,6,0,0,0
S01012454,All household spaces,306,301,5,0,5
S01012454,Whole house or bungalow: Total,305,300,5,0,5
S01012454,Whole house or bungalow: Detached,246,242,4,0,4
S01012454,Whole house or bungalow: Semi-detached,55,54,1,0,1
S01012454,Whole house or bungalow: Terraced (including end-terrace),4,4,0,0,0
S01012454,Flat maisonette or apartment or mobile/temporary accommodation,1,1,0,0,0
S01012455,All household spaces,262,246,16,10,6
S01012455,Whole house or bungalow: Total,256,240,16,10,6
S01012455,Whole house or bungalow: Detached,236,221,15,9,6
S01012455,Whole house or bungalow: Semi-detached,7,7,0,0,0
S01012455,Whole house or bungalow: Terraced (including end-terrace),13,12,1,1,0
S01012455,Flat maisonette or apartment or mobile/temporary accommodation,6,6,0,0,0
S01012456,All household spaces,308,300,8,0,8
S01012456,Whole house or bungalow: Total,303,295,8,0,8
S01012456,Whole house or bungalow: Detached,292,284,8,0,8
S01012456,Whole house or bungalow: Semi-detached,8,8,0,0,0
S01012456,Whole house or bungalow: Terraced (including end-terrace),3,3,0,0,0
S01012456,Flat maisonette or apartment or mobile/temporary accommodation,5,5,0,0,0
S01012457,All household spaces,391,380,11,8,3
S01012457,Whole house or bungalow: Total,387,377,10,8,2
S01012457,Whole house or bungalow: Detached,372,362,10,8,2
S01012457,Whole house or bungalow: Semi-detached,13,13,0,0,0
S01012457,Whole house or bungalow: Terraced (including end-terrace),2,2,0,0,0
S01012457,Flat maisonette or apartment or mobile/temporary accommodation,4,3,1,0,1
S01012458,All household spaces,342,330,12,4,8
S01012458,Whole house or bungalow: Total,325,316,9,1,8
S01012458,Whole house or bungalow: Detached,277,270,7,1,6
S01012458,Whole house or bungalow: Semi-detached,31,31,0,0,0
S01012458,Whole house or bungalow: Terraced (including end-terrace),17,15,2,0,2
S01012458,Flat maisonette or apartment or mobile/temporary accommodation,17,14,3,3,0
S01012459,All household spaces,283,271,12,1,11
S01012459,Whole house or bungalow: Total,281,269,12,1,11
S01012459,Whole house or bungalow: Detached,181,171,10,1,9
S01012459,Whole house or bungalow: Semi-detached,74,73,1,0,1
S01012459,Whole house or bungalow: Terraced (including end-terrace),26,25,1,0,1
S01012459,Flat maisonette or apartment or mobile/temporary accommodation,2,2,0,0,0
S01012460,All household spaces,247,242,5,0,5
S01012460,Whole house or bungalow: Total,245,240,5,0,5
S01012460,Whole house or bungalow: Detached,216,211,5,0,5
S01012460,Whole house or bungalow: Semi-detached,21,21,0,0,0
S01012460,Whole house or bungalow: Terraced (including end-terrace),8,8,0,0,0
S01012460,Flat maisonette or apartment or mobile/temporary accommodation,2,2,0,0,0
S01012461,All household spaces,257,250,7,3,4
S01012461,Whole house or bungalow: Total,200,196,4,2,2
S01012461,Whole house or bungalow: Detached,45,44,1,1,0
S01012461,Whole house or bungalow: Semi-detached,34,34,0,0,0
S01012461,Whole house or bungalow: Terraced (including end-terrace),121,118,3,1,2
S01012461,Flat maisonette or apartment or mobile/temporary accommodation,57,54,3,1,2
S01012462,All household spaces,393,386,7,1,6
S01012462,Whole house or bungalow: Total,303,298,5,0,5
S01012462,Whole house or bungalow: Detached,14,14,0,0,0
S01012462,Whole house or bungalow: Semi-detached,85,83,2,0,2
S01012462,Whole house or bungalow: Terraced (including end-terrace),204,201,3,0,3
S01012462,Flat maisonette or apartment or mobile/temporary accommodation,90,88,2,1,1
S01012463,All household spaces,273,256,17,6,11
S01012463,Whole house or bungalow: Total,219,210,9,3,6
S01012463,Whole house or bungalow: Detached,20,20,0,0,0
S01012463,Whole house or bungalow: Semi-detached,37,37,0,0,0
S01012463,Whole house or bungalow: Terraced (including end-terrace),162,153,9,3,6
S01012463,Flat maisonette or apartment or mobile/temporary accommodation,54,46,8,3,5
S01012464,All household spaces,258,255,3,2,1
S01012464,Whole house or bungalow: Total,215,214,1,0,1
S01012464,Whole house or bungalow: Detached,15,15,0,0,0
S01012464,Whole house or bungalow: Semi-detached,19,19,0,0,0
S01012464,Whole house or bungalow: Terraced (including end-terrace),181,180,1,0,1
S01012464,Flat maisonette or apartment or mobile/temporary accommodation,43,41,2,2,0
S01012465,All household spaces,288,286,2,0,2
S01012465,Whole house or bungalow: Total,283,281,2,0,2
S01012465,Whole house or bungalow: Detached,18,18,0,0,0
S01012465,Whole house or bungalow: Semi-detached,30,30,0,0,0
S01012465,Whole house or bungalow: Terraced (including end-terrace),235,233,2,0,2
S01012465,Flat maisonette or apartment or mobile/temporary accommodation,5,5,0,0,0
S01012466,All household spaces,354,349,5,2,3
S01012466,Whole house or bungalow: Total,278,276,2,0,2
S01012466,Whole house or bungalow: Detached,87,86,1,0,1
S01012466,Whole house or bungalow: Semi-detached,177,176,1,0,1
S01012466,Whole house or bungalow: Terraced (including end-terrace),14,14,0,0,0
S01012466,Flat maisonette or apartment or mobile/temporary accommodation,76,73,3,2,1
S01012467,All household spaces,310,307,3,0,3
S01012467,Whole house or bungalow: Total,297,294,3,0,3
S01012467,Whole house or bungalow: Detached,44,44,0,0,0
S01012467,Whole house or bungalow: Semi-detached,119,117,2,0,2
S01012467,Whole house or bungalow: Terraced (including end-terrace),134,133,1,0,1
S01012467,Flat maisonette or apartment or mobile/temporary accommodation,13,13,0,0,0
S01012468,All household spaces,322,316,6,1,5
S01012468,Whole house or bungalow: Total,313,307,6,1,5
S01012468,Whole house or bungalow: Detached,31,31,0,0,0
S01012468,Whole house or bungalow: Semi-detached,159,158,1,0,1
S01012468,Whole house or bungalow: Terraced (including end-terrace),123,118,5,1,4
S01012468,Flat maisonette or apartment or mobile/temporary accommodation,9,9,0,0,0
S01012469,All household spaces,344,333,11,5,6
S01012469,Whole house or bungalow: Total,291,285,6,2,4
S01012469,Whole house or bungalow: Detached,114,113,1,0,1
S01012469,Whole house or bungalow: Semi-detached,157,155,2,1,1
S01012469,Whole house or bungalow: Terraced (including end-terrace),20,17,3,1,2
S01012469,Flat maisonette or apartment or mobile/temporary accommodation,53,48,5,3,2
S01012470,All household spaces,508,492,16,3,13
S01012470,Whole house or bungalow: Total,369,363,6,0,6
S01012470,Whole house or bungalow: Detached,127,125,2,0,2
S01012470,Whole house or bungalow: Semi-detached,95,93,2,0,2
S01012470,Whole house or bungalow: Terraced (including end-terrace),147,145,2,0,2
S01012470,Flat maisonette or apartment or mobile/temporary accommodation,139,129,10,3,7
S01012471,All household spaces,358,352,6,0,6
S01012471,Whole house or bungalow: Total,325,321,4,0,4
S01012471,Whole house or bungalow: Detached,262,258,4,0,4
S01012471,Whole house or bungalow: Semi-detached,48,48,0,0,0
S01012471,Whole house or bungalow: Terraced (including end-terrace),15,15,0,0,0
S01012471,Flat maisonette or apartment or mobile/temporary accommodation,33,31,2,0,2
S01012472,All household spaces,324,317,7,1,6
S01012472,Whole house or bungalow: Total,322,315,7,1,6
S01012472,Whole house or bungalow: Detached,223,218,5,1,4
S01012472,Whole house or bungalow: Semi-detached,94,92,2,0,2
S01012472,Whole house or bungalow: Terraced (including end-terrace),5,5,0,0,0
S01012472,Flat maisonette or apartment or mobile/temporary accommodation,2,2,0,0,0
S01012473,All household spaces,221,218,3,0,3
S01012473,Whole house or bungalow: Total,217,214,3,0,3
S01012473,Whole house or bungalow: Detached,181,178,3,0,3
S01012473,Whole house or bungalow: Semi-detached,29,29,0,0,0
S01012473,Whole house or bungalow: Terraced (including end-terrace),7,7,0,0,0
S01012473,Flat maisonette or apartment or mobile/temporary accommodation,4,4,0,0,0
S01012474,All household spaces,374,371,3,0,3
S01012474,Whole house or bungalow: Total,271,269,2,0,2
S01012474,Whole house or bungalow: Detached,118,117,1,0,1
S01012474,Whole house or bungalow: Semi-detached,123,123,0,0,0
S01012474,Whole house or bungalow: Terraced (including end-terrace),30,29,1,0,1
S01012474,Flat maisonette or apartment or mobile/temporary accommodation,103,102,1,0,1
S01012475,All household spaces,312,300,12,9,3
S01012475,Whole house or bungalow: Total,248,246,2,0,2
S01012475,Whole house or bungalow: Detached,183,182,1,0,1
S01012475,Whole house or bungalow: Semi-detached,35,34,1,0,1
S01012475,Whole house or bungalow: Terraced (including end-terrace),30,30,0,0,0
S01012475,Flat maisonette or apartment or mobile/temporary accommodation,64,54,10,9,1
S01012476,All household spaces,428,422,6,2,4
S01012476,Whole house or bungalow: Total,419,413,6,2,4
S01012476,Whole house or bungalow: Detached,57,55,2,0,2
S01012476,Whole house or bungalow: Semi-detached,154,154,0,0,0
S01012476,Whole house or bungalow: Terraced (including end-terrace),208,204,4,2,2
S01012476,Flat maisonette or apartment or mobile/temporary accommodation,9,9,0,0,0
S01012477,All household spaces,285,283,2,0,2
S01012477,Whole house or bungalow: Total,282,280,2,0,2
S01012477,Whole house or bungalow: Detached,105,104,1,0,1
S01012477,Whole house or bungalow: Semi-detached,171,170,1,0,1
S01012477,Whole house or bungalow: Terraced (including end-terrace),6,6,0,0,0
S01012477,Flat maisonette or apartment or mobile/temporary accommodation,3,3,0,0,0
S01012478,All household spaces,377,368,9,0,9
S01012478,Whole house or bungalow: Total,370,362,8,0,8
S01012478,Whole house or bungalow: Detached,19,19,0,0,0
S01012478,Whole house or bungalow: Semi-detached,186,184,2,0,2
S01012478,Whole house or bungalow: Terraced (including end-terrace),165,159,6,0,6
S01012478,Flat maisonette or apartment or mobile/temporary accommodation,7,6,1,0,1
S01012479,All household spaces,264,261,3,0,3
S01012479,Whole house or bungalow: Total,262,259,3,0,3
S01012479,Whole house or bungalow: Detached,117,115,2,0,2
S01012479,Whole house or bungalow: Semi-detached,136,135,1,0,1
S01012479,Whole house or bungalow: Terraced (including end-terrace),9,9,0,0,0
S01012479,Flat maisonette or apartment or mobile/temporary accommodation,2,2,0,0,0
S01012480,All household spaces,386,339,47,34,13
S01012480,Whole house or bungalow: Total,28,25,3,2,1
S01012480,Whole house or bungalow: Detached,8,8,0,0,0
S01012480,Whole house or bungalow: Semi-detached,10,10,0,0,0
S01012480,Whole house or bungalow: Terraced (including end-terrace),10,7,3,2,1
S01012480,Flat maisonette or apartment or mobile/temporary accommodation,358,314,44,32,12
S01012481,All household spaces,511,419,92,76,16
S01012481,Whole house or bungalow: Total,125,118,7,4,3
S01012481,Whole house or bungalow: Detached,24,24,0,0,0
S01012481,Whole house or bungalow: Semi-detached,36,35,1,0,1
S01012481,Whole house or bungalow: Terraced (including end-terrace),65,59,6,4,2
S01012481,Flat maisonette or apartment or mobile/temporary accommodation,386,301,85,72,13
S01012482,All household spaces,499,439,60,42,18
S01012482,Whole house or bungalow: Total,134,130,4,2,2
S01012482,Whole house or bungalow: Detached,18,18,0,0,0
S01012482,Whole house or bungalow: Semi-detached,39,39,0,0,0
S01012482,Whole house or bungalow: Terraced (including end-terrace),77,73,4,2,2
S01012482,Flat maisonette or apartment or mobile/temporary accommodation,365,309,56,40,16
S01012483,All household spaces,615,570,45,6,39
S01012483,Whole house or bungalow: Total,96,92,4,3,1
S01012483,Whole house or bungalow: Detached,28,27,1,1,0
S01012483,Whole house or bungalow: Semi-detached,59,57,2,1,1
S01012483,Whole house or bungalow: Terraced (including end-terrace),9,8,1,1,0
S01012483,Flat maisonette or apartment or mobile/temporary accommodation,519,478,41,3,38
S01012484,All household spaces,379,366,13,7,6
S01012484,Whole house or bungalow: Total,198,196,2,0,2
S01012484,Whole house or bungalow: Detached,35,35,0,0,0
S01012484,Whole house or bungalow: Semi-detached,79,79,0,0,0
S01012484,Whole house or bungalow: Terraced (including end-terrace),84,82,2,0,2
S01012484,Flat maisonette or apartment or mobile/temporary accommodation,181,170,11,7,4
S01012485,All household spaces,401,384,17,10,7
S01012485,Whole house or bungalow: Total,249,243,6,3,3
S01012485,Whole house or bungalow: Detached,103,100,3,1,2
S01012485,Whole house or bungalow: Semi-detached,113,112,1,0,1
S01012485,Whole house or bungalow: Terraced (including end-terrace),33,31,2,2,0
S01012485,Flat maisonette or apartment or mobile/temporary accommodation,152,141,11,7,4
S01012486,All household spaces,280,268,12,6,6
S01012486,Whole house or bungalow: Total,174,172,2,0,2
S01012486,Whole house or bungalow: Detached,107,105,2,0,2
S01012486,Whole house or bungalow: Semi-detached,54,54,0,0,0
S01012486,Whole house or bungalow: Terraced (including end-terrace),13,13,0,0,0
S01012486,Flat maisonette or apartment or mobile/temporary accommodation,106,96,10,6,4
S01012487,All household spaces,318,306,12,2,10
S01012487,Whole house or bungalow: Total,117,111,6,0,6
S01012487,Whole house or bungalow: Detached,6,6,0,0,0
S01012487,Whole house or bungalow: Semi-detached,50,50,0,0,0
S01012487,Whole house or bungalow: Terraced (including end-terrace),61,55,6,0,6
S01012487,Flat maisonette or apartment or mobile/temporary accommodation,201,195,6,2,4
S01012488,All household spaces,496,483,13,5,8
S01012488,Whole house or bungalow: Total,318,312,6,0,6
S01012488,Whole house or bungalow: Detached,22,22,0,0,0
S01012488,Whole house or bungalow: Semi-detached,91,91,0,0,0
S01012488,Whole house or bungalow: Terraced (including end-terrace),205,199,6,0,6
S01012488,Flat maisonette or apartment or mobile/temporary accommodation,178,171,7,5,2
S01012489,All household spaces,623,553,70,33,37
S01012489,Whole house or bungalow: Total,75,74,1,0,1
S01012489,Whole house or bungalow: Detached,13,13,0,0,0
S01012489,Whole house or bungalow: Semi-detached,23,23,0,0,0
S01012489,Whole house or bungalow: Terraced (including end-terrace),39,38,1,0,1
S01012489,Flat maisonette or apartment or mobile/temporary accommodation,548,479,69,33,36
S01012490,All household spaces,652,606,46,16,30
S01012490,Whole house or bungalow: Total,61,56,5,4,1
S01012490,Whole house or bungalow: Detached,9,9,0,0,0
S01012490,Whole house or bungalow: Semi-detached,19,19,0,0,0
S01012490,Whole house or bungalow: Terraced (including end-terrace),33,28,5,4,1
S01012490,Flat maisonette or apartment or mobile/temporary accommodation,591,550,41,12,29
S01012491,All household spaces,286,245,41,8,33
S01012491,Whole house or bungalow: Total,24,24,0,0,0
S01012491,Whole house or bungalow: Detached,6,6,0,0,0
S01012491,Whole house or bungalow: Semi-detached,13,13,0,0,0
S01012491,Whole house or bungalow: Terraced (including end-terrace),5,5,0,0,0
S01012491,Flat maisonette or apartment or mobile/temporary accommodation,262,221,41,8,33
S01012492,All household spaces,524,490,34,12,22
S01012492,Whole house or bungalow: Total,53,51,2,0,2
S01012492,Whole house or bungalow: Detached,10,10,0,0,0
S01012492,Whole house or bungalow: Semi-detached,19,19,0,0,0
S01012492,Whole house or bungalow: Terraced (including end-terrace),24,22,2,0,2
S01012492,Flat maisonette or apartment or mobile/temporary accommodation,471,439,32,12,20
S01012493,All household spaces,414,409,5,0,5
S01012493,Whole house or bungalow: Total,138,136,2,0,2
S01012493,Whole house or bungalow: Detached,27,27,0,0,0
S01012493,Whole house or bungalow: Semi-detached,82,80,2,0,2
S01012493,Whole house or bungalow: Terraced (including end-terrace),29,29,0,0,0
S01012493,Flat maisonette or apartment or mobile/temporary accommodation,276,273,3,0,3
S01012494,All household spaces,389,383,6,0,6
S01012494,Whole house or bungalow: Total,376,370,6,0,6
S01012494,Whole house or bungalow: Detached,3,3,0,0,0
S01012494,Whole house or bungalow: Semi-detached,173,170,3,0,3
S01012494,Whole house or bungalow: Terraced (including end-terrace),200,197,3,0,3
S01012494,Flat maisonette or apartment or mobile/temporary accommodation,13,13,0,0,0
S01012495,All household spaces,512,496,16,7,9
S01012495,Whole house or bungalow: Total,376,366,10,5,5
S01012495,Whole house or bungalow: Detached,9,9,0,0,0
S01012495,Whole house or bungalow: Semi-detached,207,204,3,1,2
S01012495,Whole house or bungalow: Terraced (including end-terrace),160,153,7,4,3
S01012495,Flat maisonette or apartment or mobile/temporary accommodation,136,130,6,2,4
S01012496,All household spaces,323,314,9,0,9
S01012496,Whole house or bungalow: Total,314,305,9,0,9
S01012496,Whole house or bungalow: Detached,39,37,2,0,2
S01012496,Whole house or bungalow: Semi-detached,191,186,5,0,5
S01012496,Whole house or bungalow: Terraced (including end-terrace),84,82,2,0,2
S01012496,Flat maisonette or apartment or mobile/temporary accommodation,9,9,0,0,0
S01012497,All household spaces,241,231,10,6,4
S01012497,Whole house or bungalow: Total,167,165,2,0,2
S01012497,Whole house or bungalow: Detached,6,6,0,0,0
S01012497,Whole house or bungalow: Semi-detached,99,98,1,0,1
S01012497,Whole house or bungalow: Terraced (including end-terrace),62,61,1,0,1
S01012497,Flat maisonette or apartment or mobile/temporary accommodation,74,66,8,6,2
S01012498,All household spaces,366,343,23,4,19
S01012498,Whole house or bungalow: Total,257,247,10,3,7
S01012498,Whole house or bungalow: Detached,16,16,0,0,0
S01012498,Whole house or bungalow: Semi-detached,174,170,4,0,4
S01012498,Whole house or bungalow: Terraced (including end-terrace),67,61,6,3,3
S01012498,Flat maisonette or apartment or mobile/temporary accommodation,109,96,13,1,12
S01012499,All household spaces,285,277,8,3,5
S01012499,Whole house or bungalow: Total,263,255,8,3,5
S01012499,Whole house or bungalow: Detached,14,14,0,0,0
S01012499,Whole house or bungalow: Semi-detached,169,167,2,0,2
S01012499,Whole house or bungalow: Terraced (including end-terrace),80,74,6,3,3
S01012499,Flat maisonette or apartment or mobile/temporary accommodation,22,22,0,0,0
S01012500,All household spaces,232,217,15,8,7
S01012500,Whole house or bungalow: Total,121,120,1,1,0
S01012500,Whole house or bungalow: Detached,8,8,0,0,0
S01012500,Whole house or bungalow: Semi-detached,47,47,0,0,0
S01012500,Whole house or bungalow: Terraced (including end-terrace),66,65,1,1,0
S01012500,Flat maisonette or apartment or mobile/temporary accommodation,111,97,14,7,7
S01012501,All household spaces,278,260,18,15,3
S01012501,Whole house or bungalow: Total,48,48,0,0,0
S01012501,Whole house or bungalow: Detached,4,4,0,0,0
S01012501,Whole house or bungalow: Semi-detached,27,27,0,0,0
S01012501,Whole house or bungalow: Terraced (including end-terrace),17,17,0,0,0
S01012501,Flat maisonette or apartment or mobile/temporary accommodation,230,212,18,15,3
S01012502,All household spaces,380,360,20,13,7
S01012502,Whole house or bungalow: Total,113,112,1,0,1
S01012502,Whole house or bungalow: Detached,12,12,0,0,0
S01012502,Whole house or bungalow: Semi-detached,75,75,0,0,0
S01012502,Whole house or bungalow: Terraced (including end-terrace),26,25,1,0,1
S01012502,Flat maisonette or apartment or mobile/temporary accommodation,267,248,19,13,6
S01012503,All household spaces,333,308,25,17,8
S01012503,Whole house or bungalow: Total,157,156,1,0,1
S01012503,Whole house or bungalow: Detached,6,6,0,0,0
S01012503,Whole house or bungalow: Semi-detached,79,78,1,0,1
S01012503,Whole house or bungalow: Terraced (including end-terrace),72,72,0,0,0
S01012503,Flat maisonette or apartment or mobile/temporary accommodation,176,152,24,17,7
S01012504,All household spaces,304,282,22,15,7
S01012504,Whole house or bungalow: Total,181,179,2,0,2
S01012504,Whole house or bungalow: Detached,30,30,0,0,0
S01012504,Whole house or bungalow: Semi-detached,95,94,1,0,1
S01012504,Whole house or bungalow: Terraced (including end-terrace),56,55,1,0,1
S01012504,Flat maisonette or apartment or mobile/temporary accommodation,123,103,20,15,5
S01012505,All household spaces,525,515,10,1,9
S01012505,Whole house or bungalow: Total,213,211,2,0,2
S01012505,Whole house or bungalow: Detached,22,20,2,0,2
S01012505,Whole house or bungalow: Semi-detached,144,144,0,0,0
S01012505,Whole house or bungalow: Terraced (including end-terrace),47,47,0,0,0
S01012505,Flat maisonette or apartment or mobile/temporary accommodation,312,304,8,1,7
S01012506,All household spaces,249,241,8,0,8
S01012506,Whole house or bungalow: Total,172,168,4,0,4
S01012506,Whole house or bungalow: Detached,79,78,1,0,1
S01012506,Whole house or bungalow: Semi-detached,59,56,3,0,3
S01012506,Whole house or bungalow: Terraced (including end-terrace),34,34,0,0,0
S01012506,Flat maisonette or apartment or mobile/temporary accommodation,77,73,4,0,4
S01012507,All household spaces,493,482,11,1,10
S01012507,Whole house or bungalow: Total,204,197,7,1,6
S01012507,Whole house or bungalow: Detached,22,21,1,0,1
S01012507,Whole house or bungalow: Semi-detached,119,116,3,0,3
S01012507,Whole house or bungalow: Terraced (including end-terrace),63,60,3,1,2
S01012507,Flat maisonette or apartment or mobile/temporary accommodation,289,285,4,0,4
S01012508,All household spaces,407,399,8,0,8
S01012508,Whole house or bungalow: Total,234,233,1,0,1
S01012508,Whole house or bungalow: Detached,46,46,0,0,0
S01012508,Whole house or bungalow: Semi-detached,143,142,1,0,1
S01012508,Whole house or bungalow: Terraced (including end-terrace),45,45,0,0,0
S01012508,Flat maisonette or apartment or mobile/temporary accommodation,173,166,7,0,7
S01012509,All household spaces,264,256,8,0,8
S01012509,Whole house or bungalow: Total,200,193,7,0,7
S01012509,Whole house or bungalow: Detached,24,24,0,0,0
S01012509,Whole house or bungalow: Semi-detached,109,107,2,0,2
S01012509,Whole house or bungalow: Terraced (including end-terrace),67,62,5,0,5
S01012509,Flat maisonette or apartment or mobile/temporary accommodation,64,63,1,0,1
S01012510,All household spaces,385,381,4,0,4
S01012510,Whole house or bungalow: Total,307,303,4,0,4
S01012510,Whole house or bungalow: Detached,29,28,1,0,1
S01012510,Whole house or bungalow: Semi-detached,229,227,2,0,2
S01012510,Whole house or bungalow: Terraced (including end-terrace),49,48,1,0,1
S01012510,Flat maisonette or apartment or mobile/temporary accommodation,78,78,0,0,0
S01012511,All household spaces,322,316,6,0,6
S01012511,Whole house or bungalow: Total,210,208,2,0,2
S01012511,Whole house or bungalow: Detached,12,12,0,0,0
S01012511,Whole house or bungalow: Semi-detached,107,106,1,0,1
S01012511,Whole house or bungalow: Terraced (including end-terrace),91,90,1,0,1
S01012511,Flat maisonette or apartment or mobile/temporary accommodation,112,108,4,0,4
S01012512,All household spaces,293,286,7,0,7
S01012512,Whole house or bungalow: Total,174,171,3,0,3
S01012512,Whole house or bungalow: Detached,64,64,0,0,0
S01012512,Whole house or bungalow: Semi-detached,102,99,3,0,3
S01012512,Whole house or bungalow: Terraced (including end-terrace),8,8,0,0,0
S01012512,Flat maisonette or apartment or mobile/temporary accommodation,119,115,4,0,4
S01012513,All household spaces,237,234,3,0,3
S01012513,Whole house or bungalow: Total,222,221,1,0,1
S01012513,Whole house or bungalow: Detached,105,105,0,0,0
S01012513,Whole house or bungalow: Semi-detached,67,67,0,0,0
S01012513,Whole house or bungalow: Terraced (including end-terrace),50,49,1,0,1
S01012513,Flat maisonette or apartment or mobile/temporary accommodation,15,13,2,0,2
S01012514,All household spaces,393,392,1,0,1
S01012514,Whole house or bungalow: Total,363,363,0,0,0
S01012514,Whole house or bungalow: Detached,88,88,0,0,0
S01012514,Whole house or bungalow: Semi-detached,211,211,0,0,0
S01012514,Whole house or bungalow: Terraced (including end-terrace),64,64,0,0,0
S01012514,Flat maisonette or apartment or mobile/temporary accommodation,30,29,1,0,1
S01012515,All household spaces,329,319,10,1,9
S01012515,Whole house or bungalow: Total,229,221,8,1,7
S01012515,Whole house or bungalow: Detached,27,25,2,1,1
S01012515,Whole house or bungalow: Semi-detached,78,77,1,0,1
S01012515,Whole house or bungalow: Terraced (including end-terrace),124,119,5,0,5
S01012515,Flat maisonette or apartment or mobile/temporary accommodation,100,98,2,0,2
S01012516,All household spaces,304,301,3,0,3
S01012516,Whole house or bungalow: Total,276,273,3,0,3
S01012516,Whole house or bungalow: Detached,47,47,0,0,0
S01012516,Whole house or bungalow: Semi-detached,168,166,2,0,2
S01012516,Whole house or bungalow: Terraced (including end-terrace),61,60,1,0,1
S01012516,Flat maisonette or apartment or mobile/temporary accommodation,28,28,0,0,0
S01012517,All household spaces,421,410,11,0,11
S01012517,Whole house or bungalow: Total,179,179,0,0,0
S01012517,Whole house or bungalow: Detached,67,67,0,0,0
S01012517,Whole house or bungalow: Semi-detached,94,94,0,0,0
S01012517,Whole house or bungalow: Terraced (including end-terrace),18,18,0,0,0
S01012517,Flat maisonette or apartment or mobile/temporary accommodation,242,231,11,0,11
S01012518,All household spaces,286,277,9,3,6
S01012518,Whole house or bungalow: Total,211,209,2,0,2
S01012518,Whole house or bungalow: Detached,53,53,0,0,0
S01012518,Whole house or bungalow: Semi-detached,85,85,0,0,0
S01012518,Whole house or bungalow: Terraced (including end-terrace),73,71,2,0,2
S01012518,Flat maisonette or apartment or mobile/temporary accommodation,75,68,7,3,4
S01012519,All household spaces,292,279,13,0,13
S01012519,Whole house or bungalow: Total,213,205,8,0,8
S01012519,Whole house or bungalow: Detached,52,51,1,0,1
S01012519,Whole house or bungalow: Semi-detached,69,66,3,0,3
S01012519,Whole house or bungalow: Terraced (including end-terrace),92,88,4,0,4
S01012519,Flat maisonette or apartment or mobile/temporary accommodation,79,74,5,0,5
S01012520,All household spaces,361,345,16,13,3
S01012520,Whole house or bungalow: Total,237,236,1,1,0
S01012520,Whole house or bungalow: Detached,64,63,1,1,0
S01012520,Whole house or bungalow: Semi-detached,123,123,0,0,0
S01012520,Whole house or bungalow: Terraced (including end-terrace),50,50,0,0,0
S01012520,Flat maisonette or apartment or mobile/temporary accommodation,124,109,15,12,3
S01012521,All household spaces,280,270,10,3,7
S01012521,Whole house or bungalow: Total,179,173,6,2,4
S01012521,Whole house or bungalow: Detached,39,38,1,0,1
S01012521,Whole house or bungalow: Semi-detached,96,93,3,2,1
S01012521,Whole house or bungalow: Terraced (including end-terrace),44,42,2,0,2
S01012521,Flat maisonette or apartment or mobile/temporary accommodation,101,97,4,1,3
S01012522,All household spaces,370,360,10,6,4
S01012522,Whole house or bungalow: Total,324,319,5,2,3
S01012522,Whole house or bungalow: Detached,150,148,2,1,1
S01012522,Whole house or bungalow: Semi-detached,144,141,3,1,2
S01012522,Whole house or bungalow: Terraced (including end-terrace),30,30,0,0,0
S01012522,Flat maisonette or apartment or mobile/temporary accommodation,46,41,5,4,1
S01012523,All household spaces,390,385,5,1,4
S01012523,Whole house or bungalow: Total,364,359,5,1,4
S01012523,Whole house or bungalow: Detached,106,105,1,0,1
S01012523,Whole house or bungalow: Semi-detached,170,166,4,1,3
S01012523,Whole house or bungalow: Terraced (including end-terrace),88,88,0,0,0
S01012523,Flat maisonette or apartment or mobile/temporary accommodation,26,26,0,0,0
S01012524,All household spaces,479,467,12,2,10
S01012524,Whole house or bungalow: Total,364,356,8,1,7
S01012524,Whole house or bungalow: Detached,101,100,1,0,1
S01012524,Whole house or bungalow: Semi-detached,229,224,5,0,5
S01012524,Whole house or bungalow: Terraced (including end-terrace),34,32,2,1,1
S01012524,Flat maisonette or apartment or mobile/temporary accommodation,115,111,4,1,3
S01012525,All household spaces,347,341,6,0,6
S01012525,Whole house or bungalow: Total,321,316,5,0,5
S01012525,Whole house or bungalow: Detached,83,82,1,0,1
S01012525,Whole house or bungalow: Semi-detached,163,159,4,0,4
S01012525,Whole house or bungalow: Terraced (including end-terrace),75,75,0,0,0
S01012525,Flat maisonette or apartment or mobile/temporary accommodation,26,25,1,0,1
S01012526,All household spaces,344,334,10,1,9
S01012526,Whole house or bungalow: Total,317,309,8,1,7
S01012526,Whole house or bungalow: Detached,166,161,5,0,5
S01012526,Whole house or bungalow: Semi-detached,140,137,3,1,2
S01012526,Whole house or bungalow: Terraced (including end-terrace),11,11,0,0,0
S01012526,Flat maisonette or apartment or mobile/temporary accommodation,27,25,2,0,2
S01012527,All household spaces,291,285,6,0,6
S01012527,Whole house or bungalow: Total,267,261,6,0,6
S01012527,Whole house or bungalow: Detached,107,103,4,0,4
S01012527,Whole house or bungalow: Semi-detached,146,144,2,0,2
S01012527,Whole house or bungalow: Terraced (including end-terrace),14,14,0,0,0
S01012527,Flat maisonette or apartment or mobile/temporary accommodation,24,24,0,0,0
S01012528,All household spaces,342,337,5,0,5
S01012528,Whole house or bungalow: Total,295,290,5,0,5
S01012528,Whole house or bungalow: Detached,15,15,0,0,0
S01012528,Whole house or bungalow: Semi-detached,163,160,3,0,3
S01012528,Whole house or bungalow: Terraced (including end-terrace),117,115,2,0,2
S01012528,Flat maisonette or apartment or mobile/temporary accommodation,47,47,0,0,0
S01012529,All household spaces,349,342,7,0,7
S01012529,Whole house or bungalow: Total,279,276,3,0,3
S01012529,Whole house or bungalow: Detached,75,75,0,0,0
S01012529,Whole house or bungalow: Semi-detached,96,94,2,0,2
S01012529,Whole house or bungalow: Terraced (including end-terrace),108,107,1,0,1
S01012529,Flat maisonette or apartment or mobile/temporary accommodation,70,66,4,0,4
S01012530,All household spaces,407,400,7,0,7
S01012530,Whole house or bungalow: Total,387,381,6,0,6
S01012530,Whole house or bungalow: Detached,150,148,2,0,2
S01012530,Whole house or bungalow: Semi-detached,197,193,4,0,4
S01012530,Whole house or bungalow: Terraced (including end-terrace),40,40,0,0,0
S01012530,Flat maisonette or apartment or mobile/temporary accommodation,20,19,1,0,1
S01012531,All household spaces,344,332,12,2,10
S01012531,Whole house or bungalow: Total,298,288,10,1,9
S01012531,Whole house or bungalow: Detached,145,139,6,0,6
S01012531,Whole house or bungalow: Semi-detached,96,94,2,1,1
S01012531,Whole house or bungalow: Terraced (including end-terrace),57,55,2,0,2
S01012531,Flat maisonette or apartment or mobile/temporary accommodation,46,44,2,1,1
S01012532,All household spaces,360,348,12,1,11
S01012532,Whole house or bungalow: Total,330,319,11,1,10
S01012532,Whole house or bungalow: Detached,113,105,8,1,7
S01012532,Whole house or bungalow: Semi-detached,92,90,2,0,2
S01012532,Whole house or bungalow: Terraced (including end-terrace),125,124,1,0,1
S01012532,Flat maisonette or apartment or mobile/temporary accommodation,30,29,1,0,1
S01012533,All household spaces,279,274,5,3,2
S01012533,Whole house or bungalow: Total,141,140,1,0,1
S01012533,Whole house or bungalow: Detached,29,29,0,0,0
S01012533,Whole house or bungalow: Semi-detached,15,15,0,0,0
S01012533,Whole house or bungalow: Terraced (including end-terrace),97,96,1,0,1
S01012533,Flat maisonette or apartment or mobile/temporary accommodation,138,134,4,3,1
S01012534,All household spaces,301,288,13,1,12
S01012534,Whole house or bungalow: Total,167,158,9,0,9
S01012534,Whole house or bungalow: Detached,37,36,1,0,1
S01012534,Whole house or bungalow: Semi-detached,66,64,2,0,2
S01012534,Whole house or bungalow: Terraced (including end-terrace),64,58,6,0,6
S01012534,Flat maisonette or apartment or mobile/temporary accommodation,134,130,4,1,3
S01012535,All household spaces,367,361,6,0,6
S01012535,Whole house or bungalow: Total,200,198,2,0,2
S01012535,Whole house or bungalow: Detached,40,40,0,0,0
S01012535,Whole house or bungalow: Semi-detached,120,119,1,0,1
S01012535,Whole house or bungalow: Terraced (including end-terrace),40,39,1,0,1
S01012535,Flat maisonette or apartment or mobile/temporary accommodation,167,163,4,0,4
S01012536,All household spaces,320,312,8,1,7
S01012536,Whole house or bungalow: Total,281,278,3,1,2
S01012536,Whole house or bungalow: Detached,77,76,1,1,0
S01012536,Whole house or bungalow: Semi-detached,138,136,2,0,2
S01012536,Whole house or bungalow: Terraced (including end-terrace),66,66,0,0,0
S01012536,Flat maisonette or apartment or mobile/temporary accommodation,39,34,5,0,5
S01012537,All household spaces,336,334,2,0,2
S01012537,Whole house or bungalow: Total,321,319,2,0,2
S01012537,Whole house or bungalow: Detached,32,32,0,0,0
S01012537,Whole house or bungalow: Semi-detached,121,121,0,0,0
S01012537,Whole house or bungalow: Terraced (including end-terrace),168,166,2,0,2
S01012537,Flat maisonette or apartment or mobile/temporary accommodation,15,15,0,0,0
S01012538,All household spaces,492,476,16,1,15
S01012538,Whole house or bungalow: Total,341,335,6,0,6
S01012538,Whole house or bungalow: Detached,111,107,4,0,4
S01012538,Whole house or bungalow: Semi-detached,102,101,1,0,1
S01012538,Whole house or bungalow: Terraced (including end-terrace),128,127,1,0,1
S01012538,Flat maisonette or apartment or mobile/temporary accommodation,151,141,10,1,9
S01012539,All household spaces,326,315,11,1,10
S01012539,Whole house or bungalow: Total,282,273,9,1,8
S01012539,Whole house or bungalow: Detached,81,80,1,0,1
S01012539,Whole house or bungalow: Semi-detached,93,91,2,1,1
S01012539,Whole house or bungalow: Terraced (including end-terrace),108,102,6,0,6
S01012539,Flat maisonette or apartment or mobile/temporary accommodation,44,42,2,0,2
S01012540,All household spaces,313,299,14,1,13
S01012540,Whole house or bungalow: Total,257,250,7,1,6
S01012540,Whole house or bungalow: Detached,25,23,2,0,2
S01012540,Whole house or bungalow: Semi-detached,142,140,2,0,2
S01012540,Whole house or bungalow: Terraced (including end-terrace),90,87,3,1,2
S01012540,Flat maisonette or apartment or mobile/temporary accommodation,56,49,7,0,7
S01012541,All household spaces,465,442,23,1,22
S01012541,Whole house or bungalow: Total,379,366,13,0,13
S01012541,Whole house or bungalow: Detached,181,175,6,0,6
S01012541,Whole house or bungalow: Semi-detached,107,101,6,0,6
S01012541,Whole house or bungalow: Terraced (including end-terrace),91,90,1,0,1
S01012541,Flat maisonette or apartment or mobile/temporary accommodation,86,76,10,1,9
S01012542,All household spaces,387,380,7,1,6
S01012542,Whole house or bungalow: Total,369,362,7,1,6
S01012542,Whole house or bungalow: Detached,135,133,2,0,2
S01012542,Whole house or bungalow: Semi-detached,106,105,1,0,1
S01012542,Whole house or bungalow: Terraced (including end-terrace),128,124,4,1,3
S01012542,Flat maisonette or apartment or mobile/temporary accommodation,18,18,0,0,0
S01012543,All household spaces,295,276,19,2,17
S01012543,Whole house or bungalow: Total,280,263,17,2,15
S01012543,Whole house or bungalow: Detached,141,129,12,2,10
S01012543,Whole house or bungalow: Semi-detached,45,42,3,0,3
S01012543,Whole house or bungalow: Terraced (including end-terrace),94,92,2,0,2
S01012543,Flat maisonette or apartment or mobile/temporary accommodation,15,13,2,0,2
S01012544,All household spaces,349,341,8,0,8
S01012544,Whole house or bungalow: Total,325,319,6,0,6
S01012544,Whole house or bungalow: Detached,148,145,3,0,3
S01012544,Whole house or bungalow: Semi-detached,75,74,1,0,1
S01012544,Whole house or bungalow: Terraced (including end-terrace),102,100,2,0,2
S01012544,Flat maisonette or apartment or mobile/temporary accommodation,24,22,2,0,2
S01012545,All household spaces,216,214,2,0,2
S01012545,Whole house or bungalow: Total,174,172,2,0,2
S01012545,Whole house or bungalow: Detached,28,28,0,0,0
S01012545,Whole house or bungalow: Semi-detached,51,50,1,0,1
S01012545,Whole house or bungalow: Terraced (including end-terrace),95,94,1,0,1
S01012545,Flat maisonette or apartment or mobile/temporary accommodation,42,42,0,0,0
S01012546,All household spaces,336,322,14,4,10
S01012546,Whole house or bungalow: Total,321,308,13,4,9
S01012546,Whole house or bungalow: Detached,100,95,5,1,4
S01012546,Whole house or bungalow: Semi-detached,33,32,1,0,1
S01012546,Whole house or bungalow: Terraced (including end-terrace),188,181,7,3,4
S01012546,Flat maisonette or apartment or mobile/temporary accommodation,15,14,1,0,1
S01012547,All household spaces,318,312,6,0,6
S01012547,Whole house or bungalow: Total,311,305,6,0,6
S01012547,Whole house or bungalow: Detached,188,186,2,0,2
S01012547,Whole house or bungalow: Semi-detached,68,66,2,0,2
S01012547,Whole house or bungalow: Terraced (including end-terrace),55,53,2,0,2
S01012547,Flat maisonette or apartment or mobile/temporary accommodation,7,7,0,0,0
S01012548,All household spaces,405,394,11,3,8
S01012548,Whole house or bungalow: Total,378,369,9,2,7
S01012548,Whole house or bungalow: Detached,200,197,3,0,3
S01012548,Whole house or bungalow: Semi-detached,111,108,3,0,3
S01012548,Whole house or bungalow: Terraced (including end-terrace),67,64,3,2,1
S01012548,Flat maisonette or apartment or mobile/temporary accommodation,27,25,2,1,1
S01012549,All household spaces,255,251,4,0,4
S01012549,Whole house or bungalow: Total,154,153,1,0,1
S01012549,Whole house or bungalow: Detached,11,11,0,0,0
S01012549,Whole house or bungalow: Semi-detached,78,77,1,0,1
S01012549,Whole house or bungalow: Terraced (including end-terrace),65,65,0,0,0
S01012549,Flat maisonette or apartment or mobile/temporary accommodation,101,98,3,0,3
S01012550,All household spaces,350,345,5,0,5
S01012550,Whole house or bungalow: Total,258,253,5,0,5
S01012550,Whole house or bungalow: Detached,54,53,1,0,1
S01012550,Whole house or bungalow: Semi-detached,142,140,2,0,2
S01012550,Whole house or bungalow: Terraced (including end-terrace),62,60,2,0,2
S01012550,Flat maisonette or apartment or mobile/temporary accommodation,92,92,0,0,0
S01012551,All household spaces,322,319,3,1,2
S01012551,Whole house or bungalow: Total,317,314,3,1,2
S01012551,Whole house or bungalow: Detached,110,109,1,1,0
S01012551,Whole house or bungalow: Semi-detached,204,202,2,0,2
S01012551,Whole house or bungalow: Terraced (including end-terrace),3,3,0,0,0
S01012551,Flat maisonette or apartment or mobile/temporary accommodation,5,5,0,0,0
S01012552,All household spaces,358,352,6,0,6
S01012552,Whole house or bungalow: Total,347,341,6,0,6
S01012552,Whole house or bungalow: Detached,252,247,5,0,5
S01012552,Whole house or bungalow: Semi-detached,83,82,1,0,1
S01012552,Whole house or bungalow: Terraced (including end-terrace),12,12,0,0,0
S01012552,Flat maisonette or apartment or mobile/temporary accommodation,11,11,0,0,0
S01012553,All household spaces,354,347,7,1,6
S01012553,Whole house or bungalow: Total,336,329,7,1,6
S01012553,Whole house or bungalow: Detached,130,128,2,1,1
S01012553,Whole house or bungalow: Semi-detached,168,164,4,0,4
S01012553,Whole house or bungalow: Terraced (including end-terrace),38,37,1,0,1
S01012553,Flat maisonette or apartment or mobile/temporary accommodation,18,18,0,0,0
S01012554,All household spaces,194,190,4,1,3
S01012554,Whole house or bungalow: Total,191,187,4,1,3
S01012554,Whole house or bungalow: Detached,47,47,0,0,0
S01012554,Whole house or bungalow: Semi-detached,107,105,2,1,1
S01012554,Whole house or bungalow: Terraced (including end-terrace),37,35,2,0,2
S01012554,Flat maisonette or apartment or mobile/temporary accommodation,3,3,0,0,0
S01012555,All household spaces,212,211,1,0,1
S01012555,Whole house or bungalow: Total,208,207,1,0,1
S01012555,Whole house or bungalow: Detached,63,63,0,0,0
S01012555,Whole house or bungalow: Semi-detached,143,142,1,0,1
S01012555,Whole house or bungalow: Terraced (including end-terrace),2,2,0,0,0
S01012555,Flat maisonette or apartment or mobile/temporary accommodation,4,4,0,0,0
S01012556,All household spaces,223,221,2,1,1
S01012556,Whole house or bungalow: Total,214,212,2,1,1
S01012556,Whole house or bungalow: Detached,153,151,2,1,1
S01012556,Whole house or bungalow: Semi-detached,57,57,0,0,0
S01012556,Whole house or bungalow: Terraced (including end-terrace),4,4,0,0,0
S01012556,Flat maisonette or apartment or mobile/temporary accommodation,9,9,0,0,0
S01012557,All household spaces,259,249,10,2,8
S01012557,Whole house or bungalow: Total,242,233,9,1,8
S01012557,Whole house or bungalow: Detached,159,153,6,1,5
S01012557,Whole house or bungalow: Semi-detached,64,61,3,0,3
S01012557,Whole house or bungalow: Terraced (including end-terrace),19,19,0,0,0
S01012557,Flat maisonette or apartment or mobile/temporary accommodation,17,16,1,1,0
S01012558,All household spaces,285,279,6,2,4
S01012558,Whole house or bungalow: Total,211,208,3,1,2
S01012558,Whole house or bungalow: Detached,17,17,0,0,0
S01012558,Whole house or bungalow: Semi-detached,84,82,2,0,2
S01012558,Whole house or bungalow: Terraced (including end-terrace),110,109,1,1,0
S01012558,Flat maisonette or apartment or mobile/temporary accommodation,74,71,3,1,2
S01012559,All household spaces,493,457,36,3,33
S01012559,Whole house or bungalow: Total,175,169,6,1,5
S01012559,Whole house or bungalow: Detached,10,10,0,0,0
S01012559,Whole house or bungalow: Semi-detached,55,54,1,1,0
S01012559,Whole house or bungalow: Terraced (including end-terrace),110,105,5,0,5
S01012559,Flat maisonette or apartment or mobile/temporary accommodation,318,288,30,2,28
S01012560,All household spaces,272,264,8,0,8
S01012560,Whole house or bungalow: Total,226,219,7,0,7
S01012560,Whole house or bungalow: Detached,54,53,1,0,1
S01012560,Whole house or bungalow: Semi-detached,54,52,2,0,2
S01012560,Whole house or bungalow: Terraced (including end-terrace),118,114,4,0,4
S01012560,Flat maisonette or apartment or mobile/temporary accommodation,46,45,1,0,1
S01012561,All household spaces,376,365,11,2,9
S01012561,Whole house or bungalow: Total,260,255,5,2,3
S01012561,Whole house or bungalow: Detached,72,72,0,0,0
S01012561,Whole house or bungalow: Semi-detached,89,88,1,0,1
S01012561,Whole house or bungalow: Terraced (including end-terrace),99,95,4,2,2
S01012561,Flat maisonette or apartment or mobile/temporary accommodation,116,110,6,0,6
S01012562,All household spaces,458,434,24,4,20
S01012562,Whole house or bungalow: Total,150,146,4,2,2
S01012562,Whole house or bungalow: Detached,27,27,0,0,0
S01012562,Whole house or bungalow: Semi-detached,48,46,2,0,2
S01012562,Whole house or bungalow: Terraced (including end-terrace),75,73,2,2,0
S01012562,Flat maisonette or apartment or mobile/temporary accommodation,308,288,20,2,18
S01012563,All household spaces,281,271,10,2,8
S01012563,Whole house or bungalow: Total,270,263,7,1,6
S01012563,Whole house or bungalow: Detached,209,204,5,0,5
S01012563,Whole house or bungalow: Semi-detached,56,54,2,1,1
S01012563,Whole house or bungalow: Terraced (including end-terrace),5,5,0,0,0
S01012563,Flat maisonette or apartment or mobile/temporary accommodation,11,8,3,1,2
S01012564,All household spaces,380,373,7,0,7
S01012564,Whole house or bungalow: Total,334,329,5,0,5
S01012564,Whole house or bungalow: Detached,123,121,2,0,2
S01012564,Whole house or bungalow: Semi-detached,197,195,2,0,2
S01012564,Whole house or bungalow: Terraced (including end-terrace),14,13,1,0,1
S01012564,Flat maisonette or apartment or mobile/temporary accommodation,46,44,2,0,2
S01012565,All household spaces,400,379,21,4,17
S01012565,Whole house or bungalow: Total,247,240,7,1,6
S01012565,Whole house or bungalow: Detached,53,53,0,0,0
S01012565,Whole house or bungalow: Semi-detached,152,146,6,1,5
S01012565,Whole house or bungalow: Terraced (including end-terrace),42,41,1,0,1
S01012565,Flat maisonette or apartment or mobile/temporary accommodation,153,139,14,3,11
S01012566,All household spaces,483,445,38,13,25
S01012566,Whole house or bungalow: Total,105,101,4,3,1
S01012566,Whole house or bungalow: Detached,31,30,1,1,0
S01012566,Whole house or bungalow: Semi-detached,39,39,0,0,0
S01012566,Whole house or bungalow: Terraced (including end-terrace),35,32,3,2,1
S01012566,Flat maisonette or apartment or mobile/temporary accommodation,378,344,34,10,24
S01012567,All household spaces,625,557,68,30,38
S01012567,Whole house or bungalow: Total,105,100,5,3,2
S01012567,Whole house or bungalow: Detached,33,32,1,1,0
S01012567,Whole house or bungalow: Semi-detached,47,45,2,0,2
S01012567,Whole house or bungalow: Terraced (including end-terrace),25,23,2,2,0
S01012567,Flat maisonette or apartment or mobile/temporary accommodation,520,457,63,27,36
S01012568,All household spaces,291,281,10,1,9
S01012568,Whole house or bungalow: Total,206,203,3,0,3
S01012568,Whole house or bungalow: Detached,37,37,0,0,0
S01012568,Whole house or bungalow: Semi-detached,148,146,2,0,2
S01012568,Whole house or bungalow: Terraced (including end-terrace),21,20,1,0,1
S01012568,Flat maisonette or apartment or mobile/temporary accommodation,85,78,7,1,6
S01012569,All household spaces,328,315,13,10,3
S01012569,Whole house or bungalow: Total,268,263,5,3,2
S01012569,Whole house or bungalow: Detached,173,171,2,1,1
S01012569,Whole house or bungalow: Semi-detached,87,85,2,1,1
S01012569,Whole house or bungalow: Terraced (including end-terrace),8,7,1,1,0
S01012569,Flat maisonette or apartment or mobile/temporary accommodation,60,52,8,7,1
S01012570,All household spaces,221,197,24,14,10
S01012570,Whole house or bungalow: Total,203,181,22,13,9
S01012570,Whole house or bungalow: Detached,124,106,18,11,7
S01012570,Whole house or bungalow: Semi-detached,38,34,4,2,2
S01012570,Whole house or bungalow: Terraced (including end-terrace),41,41,0,0,0
S01012570,Flat maisonette or apartment or mobile/temporary accommodation,18,16,2,1,1
S01012571,All household spaces,423,362,61,40,21
S01012571,Whole house or bungalow: Total,369,312,57,40,17
S01012571,Whole house or bungalow: Detached,159,142,17,13,4
S01012571,Whole house or bungalow: Semi-detached,91,82,9,4,5
S01012571,Whole house or bungalow: Terraced (including end-terrace),119,88,31,23,8
S01012571,Flat maisonette or apartment or mobile/temporary accommodation,54,50,4,0,4
S01012572,All household spaces,241,224,17,4,13
S01012572,Whole house or bungalow: Total,224,208,16,4,12
S01012572,Whole house or bungalow: Detached,119,110,9,3,6
S01012572,Whole house or bungalow: Semi-detached,71,65,6,1,5
S01012572,Whole house or bungalow: Terraced (including end-terrace),34,33,1,0,1
S01012572,Flat maisonette or apartment or mobile/temporary accommodation,17,16,1,0,1
S01012573,All household spaces,358,325,33,6,27
S01012573,Whole house or bungalow: Total,351,319,32,6,26
S01012573,Whole house or bungalow: Detached,267,244,23,4,19
S01012573,Whole house or bungalow: Semi-detached,77,68,9,2,7
S01012573,Whole house or bungalow: Terraced (including end-terrace),7,7,0,0,0
S01012573,Flat maisonette or apartment or mobile/temporary accommodation,7,6,1,0,1
S01012574,All household spaces,377,359,18,0,18
S01012574,Whole house or bungalow: Total,344,326,18,0,18
S01012574,Whole house or bungalow: Detached,259,244,15,0,15
S01012574,Whole house or bungalow: Semi-detached,65,64,1,0,1
S01012574,Whole house or bungalow: Terraced (including end-terrace),20,18,2,0,2
S01012574,Flat maisonette or apartment or mobile/temporary accommodation,33,33,0,0,0
S01012575,All household spaces,304,289,15,5,10
S01012575,Whole house or bungalow: Total,285,271,14,4,10
S01012575,Whole house or bungalow: Detached,204,191,13,4,9
S01012575,Whole house or bungalow: Semi-detached,37,37,0,0,0
S01012575,Whole house or bungalow: Terraced (including end-terrace),44,43,1,0,1
S01012575,Flat maisonette or apartment or mobile/temporary accommodation,19,18,1,1,0
S01012576,All household spaces,393,370,23,2,21
S01012576,Whole house or bungalow: Total,287,268,19,1,18
S01012576,Whole house or bungalow: Detached,171,166,5,1,4
S01012576,Whole house or bungalow: Semi-detached,61,60,1,0,1
S01012576,Whole house or bungalow: Terraced (including end-terrace),55,42,13,0,13
S01012576,Flat maisonette or apartment or mobile/temporary accommodation,106,102,4,1,3
S01012577,All household spaces,343,336,7,1,6
S01012577,Whole house or bungalow: Total,324,317,7,1,6
S01012577,Whole house or bungalow: Detached,144,141,3,1,2
S01012577,Whole house or bungalow: Semi-detached,72,68,4,0,4
S01012577,Whole house or bungalow: Terraced (including end-terrace),108,108,0,0,0
S01012577,Flat maisonette or apartment or mobile/temporary accommodation,19,19,0,0,0
S01012578,All household spaces,474,463,11,1,10
S01012578,Whole house or bungalow: Total,377,372,5,1,4
S01012578,Whole house or bungalow: Detached,209,207,2,1,1
S01012578,Whole house or bungalow: Semi-detached,107,105,2,0,2
S01012578,Whole house or bungalow: Terraced (including end-terrace),61,60,1,0,1
S01012578,Flat maisonette or apartment or mobile/temporary accommodation,97,91,6,0,6
S01012579,All household spaces,313,287,26,3,23
S01012579,Whole house or bungalow: Total,287,261,26,3,23
S01012579,Whole house or bungalow: Detached,158,152,6,1,5
S01012579,Whole house or bungalow: Semi-detached,77,62,15,0,15
S01012579,Whole house or bungalow: Terraced (including end-terrace),52,47,5,2,3
S01012579,Flat maisonette or apartment or mobile/temporary accommodation,26,26,0,0,0
S01012580,All household spaces,343,325,18,5,13
S01012580,Whole house or bungalow: Total,336,318,18,5,13
S01012580,Whole house or bungalow: Detached,222,208,14,5,9
S01012580,Whole house or bungalow: Semi-detached,59,58,1,0,1
S01012580,Whole house or bungalow: Terraced (including end-terrace),55,52,3,0,3
S01012580,Flat maisonette or apartment or mobile/temporary accommodation,7,7,0,0,0
S01012581,All household spaces,350,331,19,0,19
S01012581,Whole house or bungalow: Total,261,254,7,0,7
S01012581,Whole house or bungalow: Detached,59,59,0,0,0
S01012581,Whole house or bungalow: Semi-detached,147,142,5,0,5
S01012581,Whole house or bungalow: Terraced (including end-terrace),55,53,2,0,2
S01012581,Flat maisonette or apartment or mobile/temporary accommodation,89,77,12,0,12
S01012582,All household spaces,384,365,19,1,18
S01012582,Whole house or bungalow: Total,369,352,17,1,16
S01012582,Whole house or bungalow: Detached,226,213,13,1,12
S01012582,Whole house or bungalow: Semi-detached,118,115,3,0,3
S01012582,Whole house or bungalow: Terraced (including end-terrace),25,24,1,0,1
S01012582,Flat maisonette or apartment or mobile/temporary accommodation,15,13,2,0,2
S01012583,All household spaces,348,326,22,1,21
S01012583,Whole house or bungalow: Total,292,280,12,1,11
S01012583,Whole house or bungalow: Detached,67,67,0,0,0
S01012583,Whole house or bungalow: Semi-detached,92,89,3,0,3
S01012583,Whole house or bungalow: Terraced (including end-terrace),133,124,9,1,8
S01012583,Flat maisonette or apartment or mobile/temporary accommodation,56,46,10,0,10
S01012584,All household spaces,333,331,2,0,2
S01012584,Whole house or bungalow: Total,307,305,2,0,2
S01012584,Whole house or bungalow: Detached,135,135,0,0,0
S01012584,Whole house or bungalow: Semi-detached,95,93,2,0,2
S01012584,Whole house or bungalow: Terraced (including end-terrace),77,77,0,0,0
S01012584,Flat maisonette or apartment or mobile/temporary accommodation,26,26,0,0,0
S01012585,All household spaces,414,404,10,0,10
S01012585,Whole house or bungalow: Total,283,279,4,0,4
S01012585,Whole house or bungalow: Detached,35,34,1,0,1
S01012585,Whole house or bungalow: Semi-detached,103,103,0,0,0
S01012585,Whole house or bungalow: Terraced (including end-terrace),145,142,3,0,3
S01012585,Flat maisonette or apartment or mobile/temporary accommodation,131,125,6,0,6
S01012586,All household spaces,328,313,15,1,14
S01012586,Whole house or bungalow: Total,303,298,5,0,5
S01012586,Whole house or bungalow: Detached,135,132,3,0,3
S01012586,Whole house or bungalow: Semi-detached,67,67,0,0,0
S01012586,Whole house or bungalow: Terraced (including end-terrace),101,99,2,0,2
S01012586,Flat maisonette or apartment or mobile/temporary accommodation,25,15,10,1,9
S01012587,All household spaces,337,327,10,3,7
S01012587,Whole house or bungalow: Total,334,324,10,3,7
S01012587,Whole house or bungalow: Detached,244,234,10,3,7
S01012587,Whole house or bungalow: Semi-detached,67,67,0,0,0
S01012587,Whole house or bungalow: Terraced (including end-terrace),23,23,0,0,0
S01012587,Flat maisonette or apartment or mobile/temporary accommodation,3,3,0,0,0
S01012588,All household spaces,265,256,9,2,7
S01012588,Whole house or bungalow: Total,262,253,9,2,7
S01012588,Whole house or bungalow: Detached,138,136,2,0,2
S01012588,Whole house or bungalow: Semi-detached,49,48,1,0,1
S01012588,Whole house or bungalow: Terraced (including end-terrace),75,69,6,2,4
S01012588,Flat maisonette or apartment or mobile/temporary accommodation,3,3,0,0,0
S01012589,All household spaces,290,284,6,0,6
S01012589,Whole house or bungalow: Total,279,273,6,0,6
S01012589,Whole house or bungalow: Detached,43,43,0,0,0
S01012589,Whole house or bungalow: Semi-detached,30,30,0,0,0
S01012589,Whole house or bungalow: Terraced (including end-terrace),206,200,6,0,6
S01012589,Flat maisonette or apartment or mobile/temporary accommodation,11,11,0,0,0
S01012590,All household spaces,388,371,17,0,17
S01012590,Whole house or bungalow: Total,292,284,8,0,8
S01012590,Whole house or bungalow: Detached,55,55,0,0,0
S01012590,Whole house or bungalow: Semi-detached,97,95,2,0,2
S01012590,Whole house or bungalow: Terraced (including end-terrace),140,134,6,0,6
S01012590,Flat maisonette or apartment or mobile/temporary accommodation,96,87,9,0,9
S01012591,All household spaces,403,385,18,0,18
S01012591,Whole house or bungalow: Total,268,264,4,0,4
S01012591,Whole house or bungalow: Detached,18,18,0,0,0
S01012591,Whole house or bungalow: Semi-detached,137,134,3,0,3
S01012591,Whole house or bungalow: Terraced (including end-terrace),113,112,1,0,1
S01012591,Flat maisonette or apartment or mobile/temporary accommodation,135,121,14,0,14
S01012592,All household spaces,218,215,3,0,3
S01012592,Whole house or bungalow: Total,210,208,2,0,2
S01012592,Whole house or bungalow: Detached,173,172,1,0,1
S01012592,Whole house or bungalow: Semi-detached,28,27,1,0,1
S01012592,Whole house or bungalow: Terraced (including end-terrace),9,9,0,0,0
S01012592,Flat maisonette or apartment or mobile/temporary accommodation,8,7,1,0,1
S01012593,All household spaces,335,333,2,0,2
S01012593,Whole house or bungalow: Total,305,303,2,0,2
S01012593,Whole house or bungalow: Detached,198,197,1,0,1
S01012593,Whole house or bungalow: Semi-detached,88,87,1,0,1
S01012593,Whole house or bungalow: Terraced (including end-terrace),19,19,0,0,0
S01012593,Flat maisonette or apartment or mobile/temporary accommodation,30,30,0,0,0
S01012594,All household spaces,214,212,2,0,2
S01012594,Whole house or bungalow: Total,173,172,1,0,1
S01012594,Whole house or bungalow: Detached,56,56,0,0,0
S01012594,Whole house or bungalow: Semi-detached,102,101,1,0,1
S01012594,Whole house or bungalow: Terraced (including end-terrace),15,15,0,0,0
S01012594,Flat maisonette or apartment or mobile/temporary accommodation,41,40,1,0,1
S01012595,All household spaces,309,288,21,0,21
S01012595,Whole house or bungalow: Total,259,246,13,0,13
S01012595,Whole house or bungalow: Detached,69,62,7,0,7
S01012595,Whole house or bungalow: Semi-detached,79,75,4,0,4
S01012595,Whole house or bungalow: Terraced (including end-terrace),111,109,2,0,2
S01012595,Flat maisonette or apartment or mobile/temporary accommodation,50,42,8,0,8
S01012596,All household spaces,352,347,5,0,5
S01012596,Whole house or bungalow: Total,249,245,4,0,4
S01012596,Whole house or bungalow: Detached,49,47,2,0,2
S01012596,Whole house or bungalow: Semi-detached,124,122,2,0,2
S01012596,Whole house or bungalow: Terraced (including end-terrace),76,76,0,0,0
S01012596,Flat maisonette or apartment or mobile/temporary accommodation,103,102,1,0,1
S01012597,All household spaces,179,177,2,0,2
S01012597,Whole house or bungalow: Total,159,157,2,0,2
S01012597,Whole house or bungalow: Detached,82,81,1,0,1
S01012597,Whole house or bungalow: Semi-detached,49,48,1,0,1
S01012597,Whole house or bungalow: Terraced (including end-terrace),28,28,0,0,0
S01012597,Flat maisonette or apartment or mobile/temporary accommodation,20,20,0,0,0
S01012598,All household spaces,306,302,4,0,4
S01012598,Whole house or bungalow: Total,241,238,3,0,3
S01012598,Whole house or bungalow: Detached,127,126,1,0,1
S01012598,Whole house or bungalow: Semi-detached,96,96,0,0,0
S01012598,Whole house or bungalow: Terraced (including end-terrace),18,16,2,0,2
S01012598,Flat maisonette or apartment or mobile/temporary accommodation,65,64,1,0,1
S01012599,All household spaces,349,330,19,0,19
S01012599,Whole house or bungalow: Total,232,225,7,0,7
S01012599,Whole house or bungalow: Detached,143,139,4,0,4
S01012599,Whole house or bungalow: Semi-detached,63,61,2,0,2
S01012599,Whole house or bungalow: Terraced (including end-terrace),26,25,1,0,1
S01012599,Flat maisonette or apartment or mobile/temporary accommodation,117,105,12,0,12
S01012600,All household spaces,316,308,8,0,8
S01012600,Whole house or bungalow: Total,283,278,5,0,5
S01012600,Whole house or bungalow: Detached,101,100,1,0,1
S01012600,Whole house or bungalow: Semi-detached,165,162,3,0,3
S01012600,Whole house or bungalow: Terraced (including end-terrace),17,16,1,0,1
S01012600,Flat maisonette or apartment or mobile/temporary accommodation,33,30,3,0,3
S01012601,All household spaces,360,357,3,0,3
S01012601,Whole house or bungalow: Total,307,307,0,0,0
S01012601,Whole house or bungalow: Detached,172,172,0,0,0
S01012601,Whole house or bungalow: Semi-detached,129,129,0,0,0
S01012601,Whole house or bungalow: Terraced (including end-terrace),6,6,0,0,0
S01012601,Flat maisonette or apartment or mobile/temporary accommodation,53,50,3,0,3
S01012602,All household spaces,339,329,10,1,9
S01012602,Whole house or bungalow: Total,137,134,3,0,3
S01012602,Whole house or bungalow: Detached,32,32,0,0,0
S01012602,Whole house or bungalow: Semi-detached,85,83,2,0,2
S01012602,Whole house or bungalow: Terraced (including end-terrace),20,19,1,0,1
S01012602,Flat maisonette or apartment or mobile/temporary accommodation,202,195,7,1,6
S01012603,All household spaces,346,337,9,0,9
S01012603,Whole house or bungalow: Total,213,208,5,0,5
S01012603,Whole house or bungalow: Detached,45,45,0,0,0
S01012603,Whole house or bungalow: Semi-detached,121,119,2,0,2
S01012603,Whole house or bungalow: Terraced (including end-terrace),47,44,3,0,3
S01012603,Flat maisonette or apartment or mobile/temporary accommodation,133,129,4,0,4
S01012604,All household spaces,277,275,2,0,2
S01012604,Whole house or bungalow: Total,274,272,2,0,2
S01012604,Whole house or bungalow: Detached,55,55,0,0,0
S01012604,Whole house or bungalow: Semi-detached,27,25,2,0,2
S01012604,Whole house or bungalow: Terraced (including end-terrace),192,192,0,0,0
S01012604,Flat maisonette or apartment or mobile/temporary accommodation,3,3,0,0,0
S01012605,All household spaces,249,240,9,0,9
S01012605,Whole house or bungalow: Total,244,235,9,0,9
S01012605,Whole house or bungalow: Detached,75,75,0,0,0
S01012605,Whole house or bungalow: Semi-detached,63,61,2,0,2
S01012605,Whole house or bungalow: Terraced (including end-terrace),106,99,7,0,7
S01012605,Flat maisonette or apartment or mobile/temporary accommodation,5,5,0,0,0
S01012606,All household spaces,252,249,3,0,3
S01012606,Whole house or bungalow: Total,249,246,3,0,3
S01012606,Whole house or bungalow: Detached,205,202,3,0,3
S01012606,Whole house or bungalow: Semi-detached,43,43,0,0,0
S01012606,Whole house or bungalow: Terraced (including end-terrace),1,1,0,0,0
S01012606,Flat maisonette or apartment or mobile/temporary accommodation,3,3,0,0,0
S01012607,All household spaces,319,312,7,0,7
S01012607,Whole house or bungalow: Total,289,285,4,0,4
S01012607,Whole house or bungalow: Detached,115,114,1,0,1
S01012607,Whole house or bungalow: Semi-detached,90,88,2,0,2
S01012607,Whole house or bungalow: Terraced (including end-terrace),84,83,1,0,1
S01012607,Flat maisonette or apartment or mobile/temporary accommodation,30,27,3,0,3
S01012608,All household spaces,366,358,8,1,7
S01012608,Whole house or bungalow: Total,359,352,7,0,7
S01012608,Whole house or bungalow: Detached,81,81,0,0,0
S01012608,Whole house or bungalow: Semi-detached,99,98,1,0,1
S01012608,Whole house or bungalow: Terraced (including end-terrace),179,173,6,0,6
S01012608,Flat maisonette or apartment or mobile/temporary accommodation,7,6,1,1,0
S01012609,All household spaces,392,383,9,0,9
S01012609,Whole house or bungalow: Total,349,342,7,0,7
S01012609,Whole house or bungalow: Detached,28,27,1,0,1
S01012609,Whole house or bungalow: Semi-detached,51,49,2,0,2
S01012609,Whole house or bungalow: Terraced (including end-terrace),270,266,4,0,4
S01012609,Flat maisonette or apartment or mobile/temporary accommodation,43,41,2,0,2
S01012610,All household spaces,431,425,6,1,5
S01012610,Whole house or bungalow: Total,218,214,4,1,3
S01012610,Whole house or bungalow: Detached,48,47,1,0,1
S01012610,Whole house or bungalow: Semi-detached,88,86,2,0,2
S01012610,Whole house or bungalow: Terraced (including end-terrace),82,81,1,1,0
S01012610,Flat maisonette or apartment or mobile/temporary accommodation,213,211,2,0,2
S01012611,All household spaces,358,352,6,0,6
S01012611,Whole house or bungalow: Total,336,331,5,0,5
S01012611,Whole house or bungalow: Detached,171,169,2,0,2
S01012611,Whole house or bungalow: Semi-detached,71,71,0,0,0
S01012611,Whole house or bungalow: Terraced (including end-terrace),94,91,3,0,3
S01012611,Flat maisonette or apartment or mobile/temporary accommodation,22,21,1,0,1
S01012612,All household spaces,302,294,8,0,8
S01012612,Whole house or bungalow: Total,285,277,8,0,8
S01012612,Whole house or bungalow: Detached,80,79,1,0,1
S01012612,Whole house or bungalow: Semi-detached,114,110,4,0,4
S01012612,Whole house or bungalow: Terraced (including end-terrace),91,88,3,0,3
S01012612,Flat maisonette or apartment or mobile/temporary accommodation,17,17,0,0,0
S01012613,All household spaces,289,287,2,0,2
S01012613,Whole house or bungalow: Total,274,272,2,0,2
S01012613,Whole house or bungalow: Detached,93,93,0,0,0
S01012613,Whole house or bungalow: Semi-detached,47,47,0,0,0
S01012613,Whole house or bungalow: Terraced (including end-terrace),134,132,2,0,2
S01012613,Flat maisonette or apartment or mobile/temporary accommodation,15,15,0,0,0
S01012614,All household spaces,470,455,15,0,15
S01012614,Whole house or bungalow: Total,343,339,4,0,4
S01012614,Whole house or bungalow: Detached,138,134,4,0,4
S01012614,Whole house or bungalow: Semi-detached,157,157,0,0,0
S01012614,Whole house or bungalow: Terraced (including end-terrace),48,48,0,0,0
S01012614,Flat maisonette or apartment or mobile/temporary accommodation,127,116,11,0,11
S01012615,All household spaces,319,306,13,1,12
S01012615,Whole house or bungalow: Total,265,255,10,1,9
S01012615,Whole house or bungalow: Detached,173,168,5,1,4
S01012615,Whole house or bungalow: Semi-detached,43,39,4,0,4
S01012615,Whole house or bungalow: Terraced (including end-terrace),49,48,1,0,1
S01012615,Flat maisonette or apartment or mobile/temporary accommodation,54,51,3,0,3
S01012616,All household spaces,397,384,13,0,13
S01012616,Whole house or bungalow: Total,363,351,12,0,12
S01012616,Whole house or bungalow: Detached,222,213,9,0,9
S01012616,Whole house or bungalow: Semi-detached,64,62,2,0,2
S01012616,Whole house or bungalow: Terraced (including end-terrace),77,76,1,0,1
S01012616,Flat maisonette or apartment or mobile/temporary accommodation,34,33,1,0,1
S01012617,All household spaces,155,151,4,0,4
S01012617,Whole house or bungalow: Total,151,147,4,0,4
S01012617,Whole house or bungalow: Detached,106,104,2,0,2
S01012617,Whole house or bungalow: Semi-detached,40,39,1,0,1
S01012617,Whole house or bungalow: Terraced (including end-terrace),5,4,1,0,1
S01012617,Flat maisonette or apartment or mobile/temporary accommodation,4,4,0,0,0
S01012618,All household spaces,213,209,4,0,4
S01012618,Whole house or bungalow: Total,195,191,4,0,4
S01012618,Whole house or bungalow: Detached,103,101,2,0,2
S01012618,Whole house or bungalow: Semi-detached,36,34,2,0,2
S01012618,Whole house or bungalow: Terraced (including end-terrace),56,56,0,0,0
S01012618,Flat maisonette or apartment or mobile/temporary accommodation,18,18,0,0,0
S01012619,All household spaces,311,295,16,0,16
S01012619,Whole house or bungalow: Total,162,156,6,0,6
S01012619,Whole house or bungalow: Detached,44,44,0,0,0
S01012619,Whole house or bungalow: Semi-detached,83,81,2,0,2
S01012619,Whole house or bungalow: Terraced (including end-terrace),35,31,4,0,4
S01012619,Flat maisonette or apartment or mobile/temporary accommodation,149,139,10,0,10
S01012620,All household spaces,334,325,9,1,8
S01012620,Whole house or bungalow: Total,281,277,4,0,4
S01012620,Whole house or bungalow: Detached,218,215,3,0,3
S01012620,Whole house or bungalow: Semi-detached,48,48,0,0,0
S01012620,Whole house or bungalow: Terraced (including end-terrace),15,14,1,0,1
S01012620,Flat maisonette or apartment or mobile/temporary accommodation,53,48,5,1,4
S01012621,All household spaces,290,277,13,0,13
S01012621,Whole house or bungalow: Total,240,231,9,0,9
S01012621,Whole house or bungalow: Detached,137,132,5,0,5
S01012621,Whole house or bungalow: Semi-detached,61,59,2,0,2
S01012621,Whole house or bungalow: Terraced (including end-terrace),42,40,2,0,2
S01012621,Flat maisonette or apartment or mobile/temporary accommodation,50,46,4,0,4
S01012622,All household spaces,348,341,7,0,7
S01012622,Whole house or bungalow: Total,310,304,6,0,6
S01012622,Whole house or bungalow: Detached,87,87,0,0,0
S01012622,Whole house or bungalow: Semi-detached,107,103,4,0,4
S01012622,Whole house or bungalow: Terraced (including end-terrace),116,114,2,0,2
S01012622,Flat maisonette or apartment or mobile/temporary accommodation,38,37,1,0,1
S01012623,All household spaces,324,320,4,0,4
S01012623,Whole house or bungalow: Total,182,180,2,0,2
S01012623,Whole house or bungalow: Detached,21,20,1,0,1
S01012623,Whole house or bungalow: Semi-detached,97,96,1,0,1
S01012623,Whole house or bungalow: Terraced (including end-terrace),64,64,0,0,0
S01012623,Flat maisonette or apartment or mobile/temporary accommodation,142,140,2,0,2
S01012624,All household spaces,349,334,15,0,15
S01012624,Whole house or bungalow: Total,247,243,4,0,4
S01012624,Whole house or bungalow: Detached,10,10,0,0,0
S01012624,Whole house or bungalow: Semi-detached,63,63,0,0,0
S01012624,Whole house or bungalow: Terraced (including end-terrace),174,170,4,0,4
S01012624,Flat maisonette or apartment or mobile/temporary accommodation,102,91,11,0,11
S01012625,All household spaces,276,263,13,0,13
S01012625,Whole house or bungalow: Total,214,203,11,0,11
S01012625,Whole house or bungalow: Detached,11,10,1,0,1
S01012625,Whole house or bungalow: Semi-detached,62,61,1,0,1
S01012625,Whole house or bungalow: Terraced (including end-terrace),141,132,9,0,9
S01012625,Flat maisonette or apartment or mobile/temporary accommodation,62,60,2,0,2
S01012626,All household spaces,223,216,7,0,7
S01012626,Whole house or bungalow: Total,207,202,5,0,5
S01012626,Whole house or bungalow: Detached,107,104,3,0,3
S01012626,Whole house or bungalow: Semi-detached,68,67,1,0,1
S01012626,Whole house or bungalow: Terraced (including end-terrace),32,31,1,0,1
S01012626,Flat maisonette or apartment or mobile/temporary accommodation,16,14,2,0,2
S01012627,All household spaces,251,241,10,3,7
S01012627,Whole house or bungalow: Total,126,120,6,3,3
S01012627,Whole house or bungalow: Detached,47,43,4,2,2
S01012627,Whole house or bungalow: Semi-detached,53,52,1,0,1
S01012627,Whole house or bungalow: Terraced (including end-terrace),26,25,1,1,0
S01012627,Flat maisonette or apartment or mobile/temporary accommodation,125,121,4,0,4
S01012628,All household spaces,345,334,11,1,10
S01012628,Whole house or bungalow: Total,310,303,7,1,6
S01012628,Whole house or bungalow: Detached,258,252,6,1,5
S01012628,Whole house or bungalow: Semi-detached,33,32,1,0,1
S01012628,Whole house or bungalow: Terraced (including end-terrace),19,19,0,0,0
S01012628,Flat maisonette or apartment or mobile/temporary accommodation,35,31,4,0,4
S01012629,All household spaces,205,197,8,0,8
S01012629,Whole house or bungalow: Total,167,162,5,0,5
S01012629,Whole house or bungalow: Detached,109,108,1,0,1
S01012629,Whole house or bungalow: Semi-detached,46,43,3,0,3
S01012629,Whole house or bungalow: Terraced (including end-terrace),12,11,1,0,1
S01012629,Flat maisonette or apartment or mobile/temporary accommodation,38,35,3,0,3
S01012630,All household spaces,537,508,29,0,29
S01012630,Whole house or bungalow: Total,204,197,7,0,7
S01012630,Whole house or bungalow: Detached,99,93,6,0,6
S01012630,Whole house or bungalow: Semi-detached,47,46,1,0,1
S01012630,Whole house or bungalow: Terraced (including end-terrace),58,58,0,0,0
S01012630,Flat maisonette or apartment or mobile/temporary accommodation,333,311,22,0,22
S01012631,All household spaces,440,423,17,0,17
S01012631,Whole house or bungalow: Total,243,241,2,0,2
S01012631,Whole house or bungalow: Detached,87,86,1,0,1
S01012631,Whole house or bungalow: Semi-detached,90,89,1,0,1
S01012631,Whole house or bungalow: Terraced (including end-terrace),66,66,0,0,0
S01012631,Flat maisonette or apartment or mobile/temporary accommodation,197,182,15,0,15
S01012632,All household spaces,313,304,9,0,9
S01012632,Whole house or bungalow: Total,302,294,8,0,8
S01012632,Whole house or bungalow: Detached,222,215,7,0,7
S01012632,Whole house or bungalow: Semi-detached,54,53,1,0,1
S01012632,Whole house or bungalow: Terraced (including end-terrace),26,26,0,0,0
S01012632,Flat maisonette or apartment or mobile/temporary accommodation,11,10,1,0,1
S01012633,All household spaces,300,283,17,0,17
S01012633,Whole house or bungalow: Total,266,252,14,0,14
S01012633,Whole house or bungalow: Detached,190,177,13,0,13
S01012633,Whole house or bungalow: Semi-detached,27,27,0,0,0
S01012633,Whole house or bungalow: Terraced (including end-terrace),49,48,1,0,1
S01012633,Flat maisonette or apartment or mobile/temporary accommodation,34,31,3,0,3
S01012634,All household spaces,354,339,15,2,13
S01012634,Whole house or bungalow: Total,213,204,9,1,8
S01012634,Whole house or bungalow: Detached,57,55,2,1,1
S01012634,Whole house or bungalow: Semi-detached,67,65,2,0,2
S01012634,Whole house or bungalow: Terraced (including end-terrace),89,84,5,0,5
S01012634,Flat maisonette or apartment or mobile/temporary accommodation,141,135,6,1,5
S01012635,All household spaces,444,430,14,2,12
S01012635,Whole house or bungalow: Total,390,379,11,2,9
S01012635,Whole house or bungalow: Detached,238,228,10,2,8
S01012635,Whole house or bungalow: Semi-detached,67,66,1,0,1
S01012635,Whole house or bungalow: Terraced (including end-terrace),85,85,0,0,0
S01012635,Flat maisonette or apartment or mobile/temporary accommodation,54,51,3,0,3
S01012636,All household spaces,253,250,3,0,3
S01012636,Whole house or bungalow: Total,247,244,3,0,3
S01012636,Whole house or bungalow: Detached,137,136,1,0,1
S01012636,Whole house or bungalow: Semi-detached,64,64,0,0,0
S01012636,Whole house or bungalow: Terraced (including end-terrace),46,44,2,0,2
S01012636,Flat maisonette or apartment or mobile/temporary accommodation,6,6,0,0,0
S01012637,All household spaces,384,365,19,0,19
S01012637,Whole house or bungalow: Total,168,161,7,0,7
S01012637,Whole house or bungalow: Detached,28,27,1,0,1
S01012637,Whole house or bungalow: Semi-detached,126,124,2,0,2
S01012637,Whole house or bungalow: Terraced (including end-terrace),14,10,4,0,4
S01012637,Flat maisonette or apartment or mobile/temporary accommodation,216,204,12,0,12
S01012638,All household spaces,430,406,24,1,23
S01012638,Whole house or bungalow: Total,334,317,17,0,17
S01012638,Whole house or bungalow: Detached,108,102,6,0,6
S01012638,Whole house or bungalow: Semi-detached,93,90,3,0,3
S01012638,Whole house or bungalow: Terraced (including end-terrace),133,125,8,0,8
S01012638,Flat maisonette or apartment or mobile/temporary accommodation,96,89,7,1,6
S01012639,All household spaces,378,360,18,0,18
S01012639,Whole house or bungalow: Total,342,325,17,0,17
S01012639,Whole house or bungalow: Detached,64,61,3,0,3
S01012639,Whole house or bungalow: Semi-detached,177,166,11,0,11
S01012639,Whole house or bungalow: Terraced (including end-terrace),101,98,3,0,3
S01012639,Flat maisonette or apartment or mobile/temporary accommodation,36,35,1,0,1
S01012640,All household spaces,479,439,40,0,40
S01012640,Whole house or bungalow: Total,390,365,25,0,25
S01012640,Whole house or bungalow: Detached,66,60,6,0,6
S01012640,Whole house or bungalow: Semi-detached,186,180,6,0,6
S01012640,Whole house or bungalow: Terraced (including end-terrace),138,125,13,0,13
S01012640,Flat maisonette or apartment or mobile/temporary accommodation,89,74,15,0,15
S01012641,All household spaces,543,484,59,6,53
S01012641,Whole house or bungalow: Total,325,305,20,0,20
S01012641,Whole house or bungalow: Detached,136,126,10,0,10
S01012641,Whole house or bungalow: Semi-detached,104,94,10,0,10
S01012641,Whole house or bungalow: Terraced (including end-terrace),85,85,0,0,0
S01012641,Flat maisonette or apartment or mobile/temporary accommodation,218,179,39,6,33
S01012642,All household spaces,391,380,11,0,11
S01012642,Whole house or bungalow: Total,243,239,4,0,4
S01012642,Whole house or bungalow: Detached,13,13,0,0,0
S01012642,Whole house or bungalow: Semi-detached,50,49,1,0,1
S01012642,Whole house or bungalow: Terraced (including end-terrace),180,177,3,0,3
S01012642,Flat maisonette or apartment or mobile/temporary accommodation,148,141,7,0,7
S01012643,All household spaces,200,199,1,0,1
S01012643,Whole house or bungalow: Total,188,188,0,0,0
S01012643,Whole house or bungalow: Detached,13,13,0,0,0
S01012643,Whole house or bungalow: Semi-detached,52,52,0,0,0
S01012643,Whole house or bungalow: Terraced (including end-terrace),123,123,0,0,0
S01012643,Flat maisonette or apartment or mobile/temporary accommodation,12,11,1,0,1
S01012644,All household spaces,312,301,11,1,10
S01012644,Whole house or bungalow: Total,204,203,1,0,1
S01012644,Whole house or bungalow: Detached,45,45,0,0,0
S01012644,Whole house or bungalow: Semi-detached,69,69,0,0,0
S01012644,Whole house or bungalow: Terraced (including end-terrace),90,89,1,0,1
S01012644,Flat maisonette or apartment or mobile/temporary accommodation,108,98,10,1,9
S01012645,All household spaces,383,368,15,0,15
S01012645,Whole house or bungalow: Total,278,266,12,0,12
S01012645,Whole house or bungalow: Detached,132,126,6,0,6
S01012645,Whole house or bungalow: Semi-detached,95,93,2,0,2
S01012645,Whole house or bungalow: Terraced (including end-terrace),51,47,4,0,4
S01012645,Flat maisonette or apartment or mobile/temporary accommodation,105,102,3,0,3
S01012646,All household spaces,422,405,17,0,17
S01012646,Whole house or bungalow: Total,360,349,11,0,11
S01012646,Whole house or bungalow: Detached,216,206,10,0,10
S01012646,Whole house or bungalow: Semi-detached,123,122,1,0,1
S01012646,Whole house or bungalow: Terraced (including end-terrace),21,21,0,0,0
S01012646,Flat maisonette or apartment or mobile/temporary accommodation,62,56,6,0,6
S01012647,All household spaces,276,269,7,0,7
S01012647,Whole house or bungalow: Total,273,266,7,0,7
S01012647,Whole house or bungalow: Detached,124,118,6,0,6
S01012647,Whole house or bungalow: Semi-detached,122,121,1,0,1
S01012647,Whole house or bungalow: Terraced (including end-terrace),27,27,0,0,0
S01012647,Flat maisonette or apartment or mobile/temporary accommodation,3,3,0,0,0
S01012648,All household spaces,234,229,5,0,5
S01012648,Whole house or bungalow: Total,230,225,5,0,5
S01012648,Whole house or bungalow: Detached,14,14,0,0,0
S01012648,Whole house or bungalow: Semi-detached,18,18,0,0,0
S01012648,Whole house or bungalow: Terraced (including end-terrace),198,193,5,0,5
S01012648,Flat maisonette or apartment or mobile/temporary accommodation,4,4,0,0,0
S01012649,All household spaces,273,267,6,0,6
S01012649,Whole house or bungalow: Total,220,215,5,0,5
S01012649,Whole house or bungalow: Detached,97,95,2,0,2
S01012649,Whole house or bungalow: Semi-detached,84,81,3,0,3
S01012649,Whole house or bungalow: Terraced (including end-terrace),39,39,0,0,0
S01012649,Flat maisonette or apartment or mobile/temporary accommodation,53,52,1,0,1
S01012650,All household spaces,284,266,18,0,18
S01012650,Whole house or bungalow: Total,252,238,14,0,14
S01012650,Whole house or bungalow: Detached,122,118,4,0,4
S01012650,Whole house or bungalow: Semi-detached,109,101,8,0,8
S01012650,Whole house or bungalow: Terraced (including end-terrace),21,19,2,0,2
S01012650,Flat maisonette or apartment or mobile/temporary accommodation,32,28,4,0,4
S01012651,All household spaces,342,327,15,1,14
S01012651,Whole house or bungalow: Total,274,264,10,1,9
S01012651,Whole house or bungalow: Detached,21,21,0,0,0
S01012651,Whole house or bungalow: Semi-detached,78,75,3,1,2
S01012651,Whole house or bungalow: Terraced (including end-terrace),175,168,7,0,7
S01012651,Flat maisonette or apartment or mobile/temporary accommodation,68,63,5,0,5
S01012652,All household spaces,434,431,3,1,2
S01012652,Whole house or bungalow: Total,380,377,3,1,2
S01012652,Whole house or bungalow: Detached,233,233,0,0,0
S01012652,Whole house or bungalow: Semi-detached,140,137,3,1,2
S01012652,Whole house or bungalow: Terraced (including end-terrace),7,7,0,0,0
S01012652,Flat maisonette or apartment or mobile/temporary accommodation,54,54,0,0,0
S01012653,All household spaces,383,363,20,0,20
S01012653,Whole house or bungalow: Total,376,356,20,0,20
S01012653,Whole house or bungalow: Detached,132,117,15,0,15
S01012653,Whole house or bungalow: Semi-detached,49,49,0,0,0
S01012653,Whole house or bungalow: Terraced (including end-terrace),195,190,5,0,5
S01012653,Flat maisonette or apartment or mobile/temporary accommodation,7,7,0,0,0
S01012654,All household spaces,335,326,9,0,9
S01012654,Whole house or bungalow: Total,303,297,6,0,6
S01012654,Whole house or bungalow: Detached,188,185,3,0,3
S01012654,Whole house or bungalow: Semi-detached,63,61,2,0,2
S01012654,Whole house or bungalow: Terraced (including end-terrace),52,51,1,0,1
S01012654,Flat maisonette or apartment or mobile/temporary accommodation,32,29,3,0,3
S01012655,All household spaces,470,454,16,1,15
S01012655,Whole house or bungalow: Total,303,294,9,0,9
S01012655,Whole house or bungalow: Detached,146,140,6,0,6
S01012655,Whole house or bungalow: Semi-detached,109,108,1,0,1
S01012655,Whole house or bungalow: Terraced (including end-terrace),48,46,2,0,2
S01012655,Flat maisonette or apartment or mobile/temporary accommodation,167,160,7,1,6
S01012656,All household spaces,408,405,3,1,2
S01012656,Whole house or bungalow: Total,357,354,3,1,2
S01012656,Whole house or bungalow: Detached,33,32,1,1,0
S01012656,Whole house or bungalow: Semi-detached,39,39,0,0,0
S01012656,Whole house or bungalow: Terraced (including end-terrace),285,283,2,0,2
S01012656,Flat maisonette or apartment or mobile/temporary accommodation,51,51,0,0,0
S01012657,All household spaces,277,272,5,0,5
S01012657,Whole house or bungalow: Total,173,173,0,0,0
S01012657,Whole house or bungalow: Detached,18,18,0,0,0
S01012657,Whole house or bungalow: Semi-detached,115,115,0,0,0
S01012657,Whole house or bungalow: Terraced (including end-terrace),40,40,0,0,0
S01012657,Flat maisonette or apartment or mobile/temporary accommodation,104,99,5,0,5
S01012658,All household spaces,437,424,13,0,13
S01012658,Whole house or bungalow: Total,416,406,10,0,10
S01012658,Whole house or bungalow: Detached,100,99,1,0,1
S01012658,Whole house or bungalow: Semi-detached,235,227,8,0,8
S01012658,Whole house or bungalow: Terraced (including end-terrace),81,80,1,0,1
S01012658,Flat maisonette or apartment or mobile/temporary accommodation,21,18,3,0,3
S01012659,All household spaces,371,366,5,0,5
S01012659,Whole house or bungalow: Total,366,361,5,0,5
S01012659,Whole house or bungalow: Detached,217,214,3,0,3
S01012659,Whole house or bungalow: Semi-detached,90,89,1,0,1
S01012659,Whole house or bungalow: Terraced (including end-terrace),59,58,1,0,1
S01012659,Flat maisonette or apartment or mobile/temporary accommodation,5,5,0,0,0
S01012660,All household spaces,336,326,10,0,10
S01012660,Whole house or bungalow: Total,281,272,9,0,9
S01012660,Whole house or bungalow: Detached,51,47,4,0,4
S01012660,Whole house or bungalow: Semi-detached,137,135,2,0,2
S01012660,Whole house or bungalow: Terraced (including end-terrace),93,90,3,0,3
S01012660,Flat maisonette or apartment or mobile/temporary accommodation,55,54,1,0,1
S01012661,All household spaces,334,324,10,0,10
S01012661,Whole house or bungalow: Total,288,281,7,0,7
S01012661,Whole house or bungalow: Detached,117,114,3,0,3
S01012661,Whole house or bungalow: Semi-detached,41,40,1,0,1
S01012661,Whole house or bungalow: Terraced (including end-terrace),130,127,3,0,3
S01012661,Flat maisonette or apartment or mobile/temporary accommodation,46,43,3,0,3
S01012662,All household spaces,389,370,19,0,19
S01012662,Whole house or bungalow: Total,195,184,11,0,11
S01012662,Whole house or bungalow: Detached,35,34,1,0,1
S01012662,Whole house or bungalow: Semi-detached,36,32,4,0,4
S01012662,Whole house or bungalow: Terraced (including end-terrace),124,118,6,0,6
S01012662,Flat maisonette or apartment or mobile/temporary accommodation,194,186,8,0,8
S01012663,All household spaces,312,301,11,0,11
S01012663,Whole house or bungalow: Total,286,278,8,0,8
S01012663,Whole house or bungalow: Detached,81,80,1,0,1
S01012663,Whole house or bungalow: Semi-detached,92,88,4,0,4
S01012663,Whole house or bungalow: Terraced (including end-terrace),113,110,3,0,3
S01012663,Flat maisonette or apartment or mobile/temporary accommodation,26,23,3,0,3
S01012664,All household spaces,478,462,16,0,16
S01012664,Whole house or bungalow: Total,322,312,10,0,10
S01012664,Whole house or bungalow: Detached,68,67,1,0,1
S01012664,Whole house or bungalow: Semi-detached,100,94,6,0,6
S01012664,Whole house or bungalow: Terraced (including end-terrace),154,151,3,0,3
S01012664,Flat maisonette or apartment or mobile/temporary accommodation,156,150,6,0,6
S01012665,All household spaces,363,346,17,0,17
S01012665,Whole house or bungalow: Total,347,331,16,0,16
S01012665,Whole house or bungalow: Detached,32,32,0,0,0
S01012665,Whole house or bungalow: Semi-detached,92,91,1,0,1
S01012665,Whole house or bungalow: Terraced (including end-terrace),223,208,15,0,15
S01012665,Flat maisonette or apartment or mobile/temporary accommodation,16,15,1,0,1
S01012666,All household spaces,347,337,10,0,10
S01012666,Whole house or bungalow: Total,338,328,10,0,10
S01012666,Whole house or bungalow: Detached,14,14,0,0,0
S01012666,Whole house or bungalow: Semi-detached,99,92,7,0,7
S01012666,Whole house or bungalow: Terraced (including end-terrace),225,222,3,0,3
S01012666,Flat maisonette or apartment or mobile/temporary accommodation,9,9,0,0,0
S01012667,All household spaces,283,279,4,0,4
S01012667,Whole house or bungalow: Total,201,201,0,0,0
S01012667,Whole house or bungalow: Detached,50,50,0,0,0
S01012667,Whole house or bungalow: Semi-detached,129,129,0,0,0
S01012667,Whole house or bungalow: Terraced (including end-terrace),22,22,0,0,0
S01012667,Flat maisonette or apartment or mobile/temporary accommodation,82,78,4,0,4
S01012668,All household spaces,358,347,11,0,11
S01012668,Whole house or bungalow: Total,251,244,7,0,7
S01012668,Whole house or bungalow: Detached,14,14,0,0,0
S01012668,Whole house or bungalow: Semi-detached,98,96,2,0,2
S01012668,Whole house or bungalow: Terraced (including end-terrace),139,134,5,0,5
S01012668,Flat maisonette or apartment or mobile/temporary accommodation,107,103,4,0,4
S01012669,All household spaces,297,296,1,0,1
S01012669,Whole house or bungalow: Total,293,292,1,0,1
S01012669,Whole house or bungalow: Detached,50,49,1,0,1
S01012669,Whole house or bungalow: Semi-detached,171,171,0,0,0
S01012669,Whole house or bungalow: Terraced (including end-terrace),72,72,0,0,0
S01012669,Flat maisonette or apartment or mobile/temporary accommodation,4,4,0,0,0
S01012670,All household spaces,303,295,8,0,8
S01012670,Whole house or bungalow: Total,297,290,7,0,7
S01012670,Whole house or bungalow: Detached,85,83,2,0,2
S01012670,Whole house or bungalow: Semi-detached,111,110,1,0,1
S01012670,Whole house or bungalow: Terraced (including end-terrace),101,97,4,0,4
S01012670,Flat maisonette or apartment or mobile/temporary accommodation,6,5,1,0,1
S01012671,All household spaces,400,388,12,0,12
S01012671,Whole house or bungalow: Total,386,375,11,0,11
S01012671,Whole house or bungalow: Detached,52,46,6,0,6
S01012671,Whole house or bungalow: Semi-detached,47,47,0,0,0
S01012671,Whole house or bungalow: Terraced (including end-terrace),287,282,5,0,5
S01012671,Flat maisonette or apartment or mobile/temporary accommodation,14,13,1,0,1
S01012672,All household spaces,365,361,4,0,4
S01012672,Whole house or bungalow: Total,278,275,3,0,3
S01012672,Whole house or bungalow: Detached,14,14,0,0,0
S01012672,Whole house or bungalow: Semi-detached,64,64,0,0,0
S01012672,Whole house or bungalow: Terraced (including end-terrace),200,197,3,0,3
S01012672,Flat maisonette or apartment or mobile/temporary accommodation,87,86,1,0,1
S01012673,All household spaces,258,252,6,0,6
S01012673,Whole house or bungalow: Total,250,244,6,0,6
S01012673,Whole house or bungalow: Detached,12,12,0,0,0
S01012673,Whole house or bungalow: Semi-detached,50,50,0,0,0
S01012673,Whole house or bungalow: Terraced (including end-terrace),188,182,6,0,6
S01012673,Flat maisonette or apartment or mobile/temporary accommodation,8,8,0,0,0
S01012674,All household spaces,251,240,11,0,11
S01012674,Whole house or bungalow: Total,202,197,5,0,5
S01012674,Whole house or bungalow: Detached,15,15,0,0,0
S01012674,Whole house or bungalow: Semi-detached,34,33,1,0,1
S01012674,Whole house or bungalow: Terraced (including end-terrace),153,149,4,0,4
S01012674,Flat maisonette or apartment or mobile/temporary accommodation,49,43,6,0,6
S01012675,All household spaces,380,361,19,0,19
S01012675,Whole house or bungalow: Total,328,316,12,0,12
S01012675,Whole house or bungalow: Detached,35,34,1,0,1
S01012675,Whole house or bungalow: Semi-detached,69,66,3,0,3
S01012675,Whole house or bungalow: Terraced (including end-terrace),224,216,8,0,8
S01012675,Flat maisonette or apartment or mobile/temporary accommodation,52,45,7,0,7
S01012676,All household spaces,313,307,6,0,6
S01012676,Whole house or bungalow: Total,310,304,6,0,6
S01012676,Whole house or bungalow: Detached,24,24,0,0,0
S01012676,Whole house or bungalow: Semi-detached,67,66,1,0,1
S01012676,Whole house or bungalow: Terraced (including end-terrace),219,214,5,0,5
S01012676,Flat maisonette or apartment or mobile/temporary accommodation,3,3,0,0,0
S01012677,All household spaces,267,256,11,0,11
S01012677,Whole house or bungalow: Total,233,227,6,0,6
S01012677,Whole house or bungalow: Detached,23,23,0,0,0
S01012677,Whole house or bungalow: Semi-detached,39,39,0,0,0
S01012677,Whole house or bungalow: Terraced (including end-terrace),171,165,6,0,6
S01012677,Flat maisonette or apartment or mobile/temporary accommodation,34,29,5,0,5
S01012678,All household spaces,272,268,4,0,4
S01012678,Whole house or bungalow: Total,270,266,4,0,4
S01012678,Whole house or bungalow: Detached,28,27,1,0,1
S01012678,Whole house or bungalow: Semi-detached,233,230,3,0,3
S01012678,Whole house or bungalow: Terraced (including end-terrace),9,9,0,0,0
S01012678,Flat maisonette or apartment or mobile/temporary accommodation,2,2,0,0,0
S01012679,All household spaces,393,372,21,0,21
S01012679,Whole house or bungalow: Total,280,269,11,0,11
S01012679,Whole house or bungalow: Detached,137,136,1,0,1
S01012679,Whole house or bungalow: Semi-detached,92,88,4,0,4
S01012679,Whole house or bungalow: Terraced (including end-terrace),51,45,6,0,6
S01012679,Flat maisonette or apartment or mobile/temporary accommodation,113,103,10,0,10
S01012680,All household spaces,215,210,5,0,5
S01012680,Whole house or bungalow: Total,208,203,5,0,5
S01012680,Whole house or bungalow: Detached,123,118,5,0,5
S01012680,Whole house or bungalow: Semi-detached,52,52,0,0,0
S01012680,Whole house or bungalow: Terraced (including end-terrace),33,33,0,0,0
S01012680,Flat maisonette or apartment or mobile/temporary accommodation,7,7,0,0,0
S01012681,All household spaces,337,311,26,0,26
S01012681,Whole house or bungalow: Total,267,249,18,0,18
S01012681,Whole house or bungalow: Detached,101,98,3,0,3
S01012681,Whole house or bungalow: Semi-detached,52,49,3,0,3
S01012681,Whole house or bungalow: Terraced (including end-terrace),114,102,12,0,12
S01012681,Flat maisonette or apartment or mobile/temporary accommodation,70,62,8,0,8
S01012682,All household spaces,332,315,17,0,17
S01012682,Whole house or bungalow: Total,297,286,11,0,11
S01012682,Whole house or bungalow: Detached,134,133,1,0,1
S01012682,Whole house or bungalow: Semi-detached,65,65,0,0,0
S01012682,Whole house or bungalow: Terraced (including end-terrace),98,88,10,0,10
S01012682,Flat maisonette or apartment or mobile/temporary accommodation,35,29,6,0,6
S01012683,All household spaces,342,326,16,0,16
S01012683,Whole house or bungalow: Total,247,236,11,0,11
S01012683,Whole house or bungalow: Detached,42,41,1,0,1
S01012683,Whole house or bungalow: Semi-detached,35,33,2,0,2
S01012683,Whole house or bungalow: Terraced (including end-terrace),170,162,8,0,8
S01012683,Flat maisonette or apartment or mobile/temporary accommodation,95,90,5,0,5
S01012684,All household spaces,228,219,9,1,8
S01012684,Whole house or bungalow: Total,190,183,7,0,7
S01012684,Whole house or bungalow: Detached,45,43,2,0,2
S01012684,Whole house or bungalow: Semi-detached,99,96,3,0,3
S01012684,Whole house or bungalow: Terraced (including end-terrace),46,44,2,0,2
S01012684,Flat maisonette or apartment or mobile/temporary accommodation,38,36,2,1,1
S01012685,All household spaces,336,334,2,0,2
S01012685,Whole house or bungalow: Total,319,317,2,0,2
S01012685,Whole house or bungalow: Detached,33,33,0,0,0
S01012685,Whole house or bungalow: Semi-detached,79,79,0,0,0
S01012685,Whole house or bungalow: Terraced (including end-terrace),207,205,2,0,2
S01012685,Flat maisonette or apartment or mobile/temporary accommodation,17,17,0,0,0
S01012686,All household spaces,446,434,12,1,11
S01012686,Whole house or bungalow: Total,310,305,5,0,5
S01012686,Whole house or bungalow: Detached,163,161,2,0,2
S01012686,Whole house or bungalow: Semi-detached,106,104,2,0,2
S01012686,Whole house or bungalow: Terraced (including end-terrace),41,40,1,0,1
S01012686,Flat maisonette or apartment or mobile/temporary accommodation,136,129,7,1,6
S01012687,All household spaces,236,235,1,1,0
S01012687,Whole house or bungalow: Total,234,233,1,1,0
S01012687,Whole house or bungalow: Detached,180,179,1,1,0
S01012687,Whole house or bungalow: Semi-detached,50,50,0,0,0
S01012687,Whole house or bungalow: Terraced (including end-terrace),4,4,0,0,0
S01012687,Flat maisonette or apartment or mobile/temporary accommodation,2,2,0,0,0
S01012688,All household spaces,500,449,51,2,49
S01012688,Whole house or bungalow: Total,164,159,5,0,5
S01012688,Whole house or bungalow: Detached,44,44,0,0,0
S01012688,Whole house or bungalow: Semi-detached,58,55,3,0,3
S01012688,Whole house or bungalow: Terraced (including end-terrace),62,60,2,0,2
S01012688,Flat maisonette or apartment or mobile/temporary accommodation,336,290,46,2,44
S01012689,All household spaces,185,185,0,0,0
S01012689,Whole house or bungalow: Total,178,178,0,0,0
S01012689,Whole house or bungalow: Detached,111,111,0,0,0
S01012689,Whole house or bungalow: Semi-detached,60,60,0,0,0
S01012689,Whole house or bungalow: Terraced (including end-terrace),7,7,0,0,0
S01012689,Flat maisonette or apartment or mobile/temporary accommodation,7,7,0,0,0
S01012690,All household spaces,202,202,0,0,0
S01012690,Whole house or bungalow: Total,197,197,0,0,0
S01012690,Whole house or bungalow: Detached,65,65,0,0,0
S01012690,Whole house or bungalow: Semi-detached,127,127,0,0,0
S01012690,Whole house or bungalow: Terraced (including end-terrace),5,5,0,0,0
S01012690,Flat maisonette or apartment or mobile/temporary accommodation,5,5,0,0,0
S01012691,All household spaces,301,296,5,0,5
S01012691,Whole house or bungalow: Total,257,253,4,0,4
S01012691,Whole house or bungalow: Detached,212,211,1,0,1
S01012691,Whole house or bungalow: Semi-detached,27,24,3,0,3
S01012691,Whole house or bungalow: Terraced (including end-terrace),18,18,0,0,0
S01012691,Flat maisonette or apartment or mobile/temporary accommodation,44,43,1,0,1
S01012692,All household spaces,340,334,6,0,6
S01012692,Whole house or bungalow: Total,232,229,3,0,3
S01012692,Whole house or bungalow: Detached,54,53,1,0,1
S01012692,Whole house or bungalow: Semi-detached,114,113,1,0,1
S01012692,Whole house or bungalow: Terraced (including end-terrace),64,63,1,0,1
S01012692,Flat maisonette or apartment or mobile/temporary accommodation,108,105,3,0,3
S01012693,All household spaces,327,321,6,1,5
S01012693,Whole house or bungalow: Total,322,316,6,1,5
S01012693,Whole house or bungalow: Detached,273,269,4,1,3
S01012693,Whole house or bungalow: Semi-detached,37,35,2,0,2
S01012693,Whole house or bungalow: Terraced (including end-terrace),12,12,0,0,0
S01012693,Flat maisonette or apartment or mobile/temporary accommodation,5,5,0,0,0
S01012694,All household spaces,201,200,1,0,1
S01012694,Whole house or bungalow: Total,197,196,1,0,1
S01012694,Whole house or bungalow: Detached,58,58,0,0,0
S01012694,Whole house or bungalow: Semi-detached,44,44,0,0,0
S01012694,Whole house or bungalow: Terraced (including end-terrace),95,94,1,0,1
S01012694,Flat maisonette or apartment or mobile/temporary accommodation,4,4,0,0,0
S01012695,All household spaces,314,306,8,1,7
S01012695,Whole house or bungalow: Total,306,298,8,1,7
S01012695,Whole house or bungalow: Detached,181,176,5,1,4
S01012695,Whole house or bungalow: Semi-detached,95,93,2,0,2
S01012695,Whole house or bungalow: Terraced (including end-terrace),30,29,1,0,1
S01012695,Flat maisonette or apartment or mobile/temporary accommodation,8,8,0,0,0
S01012696,All household spaces,283,272,11,2,9
S01012696,Whole house or bungalow: Total,268,257,11,2,9
S01012696,Whole house or bungalow: Detached,203,195,8,2,6
S01012696,Whole house or bungalow: Semi-detached,42,39,3,0,3
S01012696,Whole house or bungalow: Terraced (including end-terrace),23,23,0,0,0
S01012696,Flat maisonette or apartment or mobile/temporary accommodation,15,15,0,0,0
S01012697,All household spaces,203,197,6,0,6
S01012697,Whole house or bungalow: Total,194,188,6,0,6
S01012697,Whole house or bungalow: Detached,99,95,4,0,4
S01012697,Whole house or bungalow: Semi-detached,51,50,1,0,1
S01012697,Whole house or bungalow: Terraced (including end-terrace),44,43,1,0,1
S01012697,Flat maisonette or apartment or mobile/temporary accommodation,9,9,0,0,0
S01012698,All household spaces,345,339,6,0,6
S01012698,Whole house or bungalow: Total,321,315,6,0,6
S01012698,Whole house or bungalow: Detached,201,199,2,0,2
S01012698,Whole house or bungalow: Semi-detached,43,42,1,0,1
S01012698,Whole house or bungalow: Terraced (including end-terrace),77,74,3,0,3
S01012698,Flat maisonette or apartment or mobile/temporary accommodation,24,24,0,0,0
S01012699,All household spaces,447,429,18,2,16
S01012699,Whole house or bungalow: Total,414,398,16,1,15
S01012699,Whole house or bungalow: Detached,226,219,7,0,7
S01012699,Whole house or bungalow: Semi-detached,80,77,3,1,2
S01012699,Whole house or bungalow: Terraced (including end-terrace),108,102,6,0,6
S01012699,Flat maisonette or apartment or mobile/temporary accommodation,33,31,2,1,1
S01012700,All household spaces,328,320,8,0,8
S01012700,Whole house or bungalow: Total,304,297,7,0,7
S01012700,Whole house or bungalow: Detached,184,180,4,0,4
S01012700,Whole house or bungalow: Semi-detached,73,71,2,0,2
S01012700,Whole house or bungalow: Terraced (including end-terrace),47,46,1,0,1
S01012700,Flat maisonette or apartment or mobile/temporary accommodation,24,23,1,0,1
S01012701,All household spaces,226,221,5,1,4
S01012701,Whole house or bungalow: Total,222,217,5,1,4
S01012701,Whole house or bungalow: Detached,66,64,2,1,1
S01012701,Whole house or bungalow: Semi-detached,150,147,3,0,3
S01012701,Whole house or bungalow: Terraced (including end-terrace),6,6,0,0,0
S01012701,Flat maisonette or apartment or mobile/temporary accommodation,4,4,0,0,0
S01012702,All household spaces,270,254,16,0,16
S01012702,Whole house or bungalow: Total,213,198,15,0,15
S01012702,Whole house or bungalow: Detached,85,72,13,0,13
S01012702,Whole house or bungalow: Semi-detached,100,98,2,0,2
S01012702,Whole house or bungalow: Terraced (including end-terrace),28,28,0,0,0
S01012702,Flat maisonette or apartment or mobile/temporary accommodation,57,56,1,0,1
S01012703,All household spaces,206,205,1,0,1
S01012703,Whole house or bungalow: Total,201,200,1,0,1
S01012703,Whole house or bungalow: Detached,146,145,1,0,1
S01012703,Whole house or bungalow: Semi-detached,13,13,0,0,0
S01012703,Whole house or bungalow: Terraced (including end-terrace),42,42,0,0,0
S01012703,Flat maisonette or apartment or mobile/temporary accommodation,5,5,0,0,0
S01012704,All household spaces,333,329,4,0,4
S01012704,Whole house or bungalow: Total,282,279,3,0,3
S01012704,Whole house or bungalow: Detached,8,8,0,0,0
S01012704,Whole house or bungalow: Semi-detached,61,60,1,0,1
S01012704,Whole house or bungalow: Terraced (including end-terrace),213,211,2,0,2
S01012704,Flat maisonette or apartment or mobile/temporary accommodation,51,50,1,0,1
S01012705,All household spaces,258,257,1,0,1
S01012705,Whole house or bungalow: Total,251,250,1,0,1
S01012705,Whole house or bungalow: Detached,116,116,0,0,0
S01012705,Whole house or bungalow: Semi-detached,128,127,1,0,1
S01012705,Whole house or bungalow: Terraced (including end-terrace),7,7,0,0,0
S01012705,Flat maisonette or apartment or mobile/temporary accommodation,7,7,0,0,0
S01012706,All household spaces,301,297,4,0,4
S01012706,Whole house or bungalow: Total,268,265,3,0,3
S01012706,Whole house or bungalow: Detached,16,16,0,0,0
S01012706,Whole house or bungalow: Semi-detached,63,62,1,0,1
S01012706,Whole house or bungalow: Terraced (including end-terrace),189,187,2,0,2
S01012706,Flat maisonette or apartment or mobile/temporary accommodation,33,32,1,0,1
S01012707,All household spaces,324,322,2,0,2
S01012707,Whole house or bungalow: Total,320,318,2,0,2
S01012707,Whole house or bungalow: Detached,149,148,1,0,1
S01012707,Whole house or bungalow: Semi-detached,168,167,1,0,1
S01012707,Whole house or bungalow: Terraced (including end-terrace),3,3,0,0,0
S01012707,Flat maisonette or apartment or mobile/temporary accommodation,4,4,0,0,0
S01012708,All household spaces,335,332,3,0,3
S01012708,Whole house or bungalow: Total,125,123,2,0,2
S01012708,Whole house or bungalow: Detached,25,25,0,0,0
S01012708,Whole house or bungalow: Semi-detached,45,44,1,0,1
S01012708,Whole house or bungalow: Terraced (including end-terrace),55,54,1,0,1
S01012708,Flat maisonette or apartment or mobile/temporary accommodation,210,209,1,0,1
S01012709,All household spaces,265,253,12,0,12
S01012709,Whole house or bungalow: Total,198,191,7,0,7
S01012709,Whole house or bungalow: Detached,32,31,1,0,1
S01012709,Whole house or bungalow: Semi-detached,92,90,2,0,2
S01012709,Whole house or bungalow: Terraced (including end-terrace),74,70,4,0,4
S01012709,Flat maisonette or apartment or mobile/temporary accommodation,67,62,5,0,5
S01012710,All household spaces,364,356,8,0,8
S01012710,Whole house or bungalow: Total,154,154,0,0,0
S01012710,Whole house or bungalow: Detached,57,57,0,0,0
S01012710,Whole house or bungalow: Semi-detached,71,71,0,0,0
S01012710,Whole house or bungalow: Terraced (including end-terrace),26,26,0,0,0
S01012710,Flat maisonette or apartment or mobile/temporary accommodation,210,202,8,0,8
S01012711,All household spaces,443,435,8,0,8
S01012711,Whole house or bungalow: Total,188,188,0,0,0
S01012711,Whole house or bungalow: Detached,17,17,0,0,0
S01012711,Whole house or bungalow: Semi-detached,80,80,0,0,0
S01012711,Whole house or bungalow: Terraced (including end-terrace),91,91,0,0,0
S01012711,Flat maisonette or apartment or mobile/temporary accommodation,255,247,8,0,8
S01012712,All household spaces,337,335,2,0,2
S01012712,Whole house or bungalow: Total,333,331,2,0,2
S01012712,Whole house or bungalow: Detached,194,193,1,0,1
S01012712,Whole house or bungalow: Semi-detached,135,134,1,0,1
S01012712,Whole house or bungalow: Terraced (including end-terrace),4,4,0,0,0
S01012712,Flat maisonette or apartment or mobile/temporary accommodation,4,4,0,0,0
S01012713,All household spaces,337,329,8,0,8
S01012713,Whole house or bungalow: Total,241,235,6,0,6
S01012713,Whole house or bungalow: Detached,43,42,1,0,1
S01012713,Whole house or bungalow: Semi-detached,181,177,4,0,4
S01012713,Whole house or bungalow: Terraced (including end-terrace),17,16,1,0,1
S01012713,Flat maisonette or apartment or mobile/temporary accommodation,96,94,2,0,2
S01012714,All household spaces,265,264,1,0,1
S01012714,Whole house or bungalow: Total,225,224,1,0,1
S01012714,Whole house or bungalow: Detached,111,111,0,0,0
S01012714,Whole house or bungalow: Semi-detached,102,101,1,0,1
S01012714,Whole house or bungalow: Terraced (including end-terrace),12,12,0,0,0
S01012714,Flat maisonette or apartment or mobile/temporary accommodation,40,40,0,0,0
S01012715,All household spaces,426,411,15,0,15
S01012715,Whole house or bungalow: Total,111,109,2,0,2
S01012715,Whole house or bungalow: Detached,20,19,1,0,1
S01012715,Whole house or bungalow: Semi-detached,69,68,1,0,1
S01012715,Whole house or bungalow: Terraced (including end-terrace),22,22,0,0,0
S01012715,Flat maisonette or apartment or mobile/temporary accommodation,315,302,13,0,13
S01012716,All household spaces,382,369,13,2,11
S01012716,Whole house or bungalow: Total,285,281,4,0,4
S01012716,Whole house or bungalow: Detached,194,192,2,0,2
S01012716,Whole house or bungalow: Semi-detached,85,83,2,0,2
S01012716,Whole house or bungalow: Terraced (including end-terrace),6,6,0,0,0
S01012716,Flat maisonette or apartment or mobile/temporary accommodation,97,88,9,2,7
S01012717,All household spaces,612,581,31,0,31
S01012717,Whole house or bungalow: Total,155,149,6,0,6
S01012717,Whole house or bungalow: Detached,50,48,2,0,2
S01012717,Whole house or bungalow: Semi-detached,82,79,3,0,3
S01012717,Whole house or bungalow: Terraced (including end-terrace),23,22,1,0,1
S01012717,Flat maisonette or apartment or mobile/temporary accommodation,457,432,25,0,25
S01012718,All household spaces,511,489,22,6,16
S01012718,Whole house or bungalow: Total,138,135,3,2,1
S01012718,Whole house or bungalow: Detached,29,29,0,0,0
S01012718,Whole house or bungalow: Semi-detached,90,88,2,1,1
S01012718,Whole house or bungalow: Terraced (including end-terrace),19,18,1,1,0
S01012718,Flat maisonette or apartment or mobile/temporary accommodation,373,354,19,4,15
S01012719,All household spaces,457,438,19,1,18
S01012719,Whole house or bungalow: Total,72,71,1,0,1
S01012719,Whole house or bungalow: Detached,39,39,0,0,0
S01012719,Whole house or bungalow: Semi-detached,12,12,0,0,0
S01012719,Whole house or bungalow: Terraced (including end-terrace),21,20,1,0,1
S01012719,Flat maisonette or apartment or mobile/temporary accommodation,385,367,18,1,17
S01012720,All household spaces,335,318,17,1,16
S01012720,Whole house or bungalow: Total,44,44,0,0,0
S01012720,Whole house or bungalow: Detached,38,38,0,0,0
S01012720,Whole house or bungalow: Semi-detached,4,4,0,0,0
S01012720,Whole house or bungalow: Terraced (including end-terrace),2,2,0,0,0
S01012720,Flat maisonette or apartment or mobile/temporary accommodation,291,274,17,1,16
S01012721,All household spaces,292,288,4,0,4
S01012721,Whole house or bungalow: Total,241,239,2,0,2
S01012721,Whole house or bungalow: Detached,7,7,0,0,0
S01012721,Whole house or bungalow: Semi-detached,189,187,2,0,2
S01012721,Whole house or bungalow: Terraced (including end-terrace),45,45,0,0,0
S01012721,Flat maisonette or apartment or mobile/temporary accommodation,51,49,2,0,2
S01012722,All household spaces,426,413,13,0,13
S01012722,Whole house or bungalow: Total,116,114,2,0,2
S01012722,Whole house or bungalow: Detached,4,4,0,0,0
S01012722,Whole house or bungalow: Semi-detached,107,105,2,0,2
S01012722,Whole house or bungalow: Terraced (including end-terrace),5,5,0,0,0
S01012722,Flat maisonette or apartment or mobile/temporary accommodation,310,299,11,0,11
S01012723,All household spaces,364,358,6,0,6
S01012723,Whole house or bungalow: Total,121,119,2,0,2
S01012723,Whole house or bungalow: Detached,6,6,0,0,0
S01012723,Whole house or bungalow: Semi-detached,108,106,2,0,2
S01012723,Whole house or bungalow: Terraced (including end-terrace),7,7,0,0,0
S01012723,Flat maisonette or apartment or mobile/temporary accommodation,243,239,4,0,4
S01012724,All household spaces,426,412,14,1,13
S01012724,Whole house or bungalow: Total,160,158,2,0,2
S01012724,Whole house or bungalow: Detached,18,18,0,0,0
S01012724,Whole house or bungalow: Semi-detached,99,97,2,0,2
S01012724,Whole house or bungalow: Terraced (including end-terrace),43,43,0,0,0
S01012724,Flat maisonette or apartment or mobile/temporary accommodation,266,254,12,1,11
S01012725,All household spaces,521,494,27,0,27
S01012725,Whole house or bungalow: Total,120,116,4,0,4
S01012725,Whole house or bungalow: Detached,66,65,1,0,1
S01012725,Whole house or bungalow: Semi-detached,36,35,1,0,1
S01012725,Whole house or bungalow: Terraced (including end-terrace),18,16,2,0,2
S01012725,Flat maisonette or apartment or mobile/temporary accommodation,401,378,23,0,23
S01012726,All household spaces,287,283,4,0,4
S01012726,Whole house or bungalow: Total,216,213,3,0,3
S01012726,Whole house or bungalow: Detached,10,10,0,0,0
S01012726,Whole house or bungalow: Semi-detached,119,117,2,0,2
S01012726,Whole house or bungalow: Terraced (including end-terrace),87,86,1,0,1
S01012726,Flat maisonette or apartment or mobile/temporary accommodation,71,70,1,0,1
S01012727,All household spaces,299,294,5,0,5
S01012727,Whole house or bungalow: Total,225,222,3,0,3
S01012727,Whole house or bungalow: Detached,17,17,0,0,0
S01012727,Whole house or bungalow: Semi-detached,109,107,2,0,2
S01012727,Whole house or bungalow: Terraced (including end-terrace),99,98,1,0,1
S01012727,Flat maisonette or apartment or mobile/temporary accommodation,74,72,2,0,2
S01012728,All household spaces,343,339,4,0,4
S01012728,Whole house or bungalow: Total,151,150,1,0,1
S01012728,Whole house or bungalow: Detached,11,11,0,0,0
S01012728,Whole house or bungalow: Semi-detached,79,78,1,0,1
S01012728,Whole house or bungalow: Terraced (including end-terrace),61,61,0,0,0
S01012728,Flat maisonette or apartment or mobile/temporary accommodation,192,189,3,0,3
S01012729,All household spaces,354,346,8,0,8
S01012729,Whole house or bungalow: Total,278,276,2,0,2
S01012729,Whole house or bungalow: Detached,56,55,1,0,1
S01012729,Whole house or bungalow: Semi-detached,169,168,1,0,1
S01012729,Whole house or bungalow: Terraced (including end-terrace),53,53,0,0,0
S01012729,Flat maisonette or apartment or mobile/temporary accommodation,76,70,6,0,6
S01012730,All household spaces,270,266,4,0,4
S01012730,Whole house or bungalow: Total,187,186,1,0,1
S01012730,Whole house or bungalow: Detached,8,8,0,0,0
S01012730,Whole house or bungalow: Semi-detached,12,12,0,0,0
S01012730,Whole house or bungalow: Terraced (including end-terrace),167,166,1,0,1
S01012730,Flat maisonette or apartment or mobile/temporary accommodation,83,80,3,0,3
S01012731,All household spaces,341,335,6,0,6
S01012731,Whole house or bungalow: Total,288,286,2,0,2
S01012731,Whole house or bungalow: Detached,10,10,0,0,0
S01012731,Whole house or bungalow: Semi-detached,147,145,2,0,2
S01012731,Whole house or bungalow: Terraced (including end-terrace),131,131,0,0,0
S01012731,Flat maisonette or apartment or mobile/temporary accommodation,53,49,4,0,4
S01012732,All household spaces,292,292,0,0,0
S01012732,Whole house or bungalow: Total,277,277,0,0,0
S01012732,Whole house or bungalow: Detached,17,17,0,0,0
S01012732,Whole house or bungalow: Semi-detached,25,25,0,0,0
S01012732,Whole house or bungalow: Terraced (including end-terrace),235,235,0,0,0
S01012732,Flat maisonette or apartment or mobile/temporary accommodation,15,15,0,0,0
S01012733,All household spaces,365,364,1,0,1
S01012733,Whole house or bungalow: Total,316,315,1,0,1
S01012733,Whole house or bungalow: Detached,282,281,1,0,1
S01012733,Whole house or bungalow: Semi-detached,21,21,0,0,0
S01012733,Whole house or bungalow: Terraced (including end-terrace),13,13,0,0,0
S01012733,Flat maisonette or apartment or mobile/temporary accommodation,49,49,0,0,0
S01012734,All household spaces,199,198,1,0,1
S01012734,Whole house or bungalow: Total,196,195,1,0,1
S01012734,Whole house or bungalow: Detached,169,168,1,0,1
S01012734,Whole house or bungalow: Semi-detached,20,20,0,0,0
S01012734,Whole house or bungalow: Terraced (including end-terrace),7,7,0,0,0
S01012734,Flat maisonette or apartment or mobile/temporary accommodation,3,3,0,0,0
S01012735,All household spaces,214,213,1,0,1
S01012735,Whole house or bungalow: Total,157,156,1,0,1
S01012735,Whole house or bungalow: Detached,7,7,0,0,0
S01012735,Whole house or bungalow: Semi-detached,18,18,0,0,0
S01012735,Whole house or bungalow: Terraced (including end-terrace),132,131,1,0,1
S01012735,Flat maisonette or apartment or mobile/temporary accommodation,57,57,0,0,0
S01012736,All household spaces,379,376,3,0,3
S01012736,Whole house or bungalow: Total,331,329,2,0,2
S01012736,Whole house or bungalow: Detached,40,39,1,0,1
S01012736,Whole house or bungalow: Semi-detached,208,207,1,0,1
S01012736,Whole house or bungalow: Terraced (including end-terrace),83,83,0,0,0
S01012736,Flat maisonette or apartment or mobile/temporary accommodation,48,47,1,0,1
S01012737,All household spaces,331,329,2,0,2
S01012737,Whole house or bungalow: Total,271,269,2,0,2
S01012737,Whole house or bungalow: Detached,61,59,2,0,2
S01012737,Whole house or bungalow: Semi-detached,69,69,0,0,0
S01012737,Whole house or bungalow: Terraced (including end-terrace),141,141,0,0,0
S01012737,Flat maisonette or apartment or mobile/temporary accommodation,60,60,0,0,0
S01012738,All household spaces,258,255,3,0,3
S01012738,Whole house or bungalow: Total,211,208,3,0,3
S01012738,Whole house or bungalow: Detached,32,31,1,0,1
S01012738,Whole house or bungalow: Semi-detached,76,74,2,0,2
S01012738,Whole house or bungalow: Terraced (including end-terrace),103,103,0,0,0
S01012738,Flat maisonette or apartment or mobile/temporary accommodation,47,47,0,0,0
S01012739,All household spaces,290,289,1,0,1
S01012739,Whole house or bungalow: Total,286,285,1,0,1
S01012739,Whole house or bungalow: Detached,209,208,1,0,1
S01012739,Whole house or bungalow: Semi-detached,59,59,0,0,0
S01012739,Whole house or bungalow: Terraced (including end-terrace),18,18,0,0,0
S01012739,Flat maisonette or apartment or mobile/temporary accommodation,4,4,0,0,0
S01012740,All household spaces,310,308,2,0,2
S01012740,Whole house or bungalow: Total,292,290,2,0,2
S01012740,Whole house or bungalow: Detached,220,218,2,0,2
S01012740,Whole house or bungalow: Semi-detached,39,39,0,0,0
S01012740,Whole house or bungalow: Terraced (including end-terrace),33,33,0,0,0
S01012740,Flat maisonette or apartment or mobile/temporary accommodation,18,18,0,0,0
S01012741,All household spaces,275,272,3,0,3
S01012741,Whole house or bungalow: Total,230,228,2,0,2
S01012741,Whole house or bungalow: Detached,65,64,1,0,1
S01012741,Whole house or bungalow: Semi-detached,124,124,0,0,0
S01012741,Whole house or bungalow: Terraced (including end-terrace),41,40,1,0,1
S01012741,Flat maisonette or apartment or mobile/temporary accommodation,45,44,1,0,1
S01012742,All household spaces,277,276,1,0,1
S01012742,Whole house or bungalow: Total,273,272,1,0,1
S01012742,Whole house or bungalow: Detached,122,122,0,0,0
S01012742,Whole house or bungalow: Semi-detached,139,138,1,0,1
S01012742,Whole house or bungalow: Terraced (including end-terrace),12,12,0,0,0
S01012742,Flat maisonette or apartment or mobile/temporary accommodation,4,4,0,0,0
S01012743,All household spaces,237,237,0,0,0
S01012743,Whole house or bungalow: Total,236,236,0,0,0
S01012743,Whole house or bungalow: Detached,97,97,0,0,0
S01012743,Whole house or bungalow: Semi-detached,134,134,0,0,0
S01012743,Whole house or bungalow: Terraced (including end-terrace),5,5,0,0,0
S01012743,Flat maisonette or apartment or mobile/temporary accommodation,1,1,0,0,0
S01012744,All household spaces,281,277,4,2,2
S01012744,Whole house or bungalow: Total,270,266,4,2,2
S01012744,Whole house or bungalow: Detached,87,86,1,1,0
S01012744,Whole house or bungalow: Semi-detached,161,159,2,1,1
S01012744,Whole house or bungalow: Terraced (including end-terrace),22,21,1,0,1
S01012744,Flat maisonette or apartment or mobile/temporary accommodation,11,11,0,0,0
S01012745,All household spaces,307,302,5,0,5
S01012745,Whole house or bungalow: Total,299,295,4,0,4
S01012745,Whole house or bungalow: Detached,131,127,4,0,4
S01012745,Whole house or bungalow: Semi-detached,151,151,0,0,0
S01012745,Whole house or bungalow: Terraced (including end-terrace),17,17,0,0,0
S01012745,Flat maisonette or apartment or mobile/temporary accommodation,8,7,1,0,1
S01012746,All household spaces,314,311,3,0,3
S01012746,Whole house or bungalow: Total,298,295,3,0,3
S01012746,Whole house or bungalow: Detached,81,81,0,0,0
S01012746,Whole house or bungalow: Semi-detached,115,115,0,0,0
S01012746,Whole house or bungalow: Terraced (including end-terrace),102,99,3,0,3
S01012746,Flat maisonette or apartment or mobile/temporary accommodation,16,16,0,0,0
S01012747,All household spaces,359,348,11,0,11
S01012747,Whole house or bungalow: Total,341,330,11,0,11
S01012747,Whole house or bungalow: Detached,88,85,3,0,3
S01012747,Whole house or bungalow: Semi-detached,132,131,1,0,1
S01012747,Whole house or bungalow: Terraced (including end-terrace),121,114,7,0,7
S01012747,Flat maisonette or apartment or mobile/temporary accommodation,18,18,0,0,0
S01012748,All household spaces,377,369,8,0,8
S01012748,Whole house or bungalow: Total,249,245,4,0,4
S01012748,Whole house or bungalow: Detached,9,9,0,0,0
S01012748,Whole house or bungalow: Semi-detached,102,101,1,0,1
S01012748,Whole house or bungalow: Terraced (including end-terrace),138,135,3,0,3
S01012748,Flat maisonette or apartment or mobile/temporary accommodation,128,124,4,0,4
S01012749,All household spaces,408,387,21,0,21
S01012749,Whole house or bungalow: Total,277,268,9,0,9
S01012749,Whole house or bungalow: Detached,18,18,0,0,0
S01012749,Whole house or bungalow: Semi-detached,116,111,5,0,5
S01012749,Whole house or bungalow: Terraced (including end-terrace),143,139,4,0,4
S01012749,Flat maisonette or apartment or mobile/temporary accommodation,131,119,12,0,12
S01012750,All household spaces,357,336,21,0,21
S01012750,Whole house or bungalow: Total,221,211,10,0,10
S01012750,Whole house or bungalow: Detached,11,11,0,0,0
S01012750,Whole house or bungalow: Semi-detached,57,55,2,0,2
S01012750,Whole house or bungalow: Terraced (including end-terrace),153,145,8,0,8
S01012750,Flat maisonette or apartment or mobile/temporary accommodation,136,125,11,0,11
S01012751,All household spaces,434,423,11,0,11
S01012751,Whole house or bungalow: Total,294,289,5,0,5
S01012751,Whole house or bungalow: Detached,8,8,0,0,0
S01012751,Whole house or bungalow: Semi-detached,172,169,3,0,3
S01012751,Whole house or bungalow: Terraced (including end-terrace),114,112,2,0,2
S01012751,Flat maisonette or apartment or mobile/temporary accommodation,140,134,6,0,6
S01012752,All household spaces,387,375,12,1,11
S01012752,Whole house or bungalow: Total,328,320,8,0,8
S01012752,Whole house or bungalow: Detached,67,66,1,0,1
S01012752,Whole house or bungalow: Semi-detached,68,65,3,0,3
S01012752,Whole house or bungalow: Terraced (including end-terrace),193,189,4,0,4
S01012752,Flat maisonette or apartment or mobile/temporary accommodation,59,55,4,1,3
S01012753,All household spaces,240,235,5,0,5
S01012753,Whole house or bungalow: Total,206,201,5,0,5
S01012753,Whole house or bungalow: Detached,15,15,0,0,0
S01012753,Whole house or bungalow: Semi-detached,29,29,0,0,0
S01012753,Whole house or bungalow: Terraced (including end-terrace),162,157,5,0,5
S01012753,Flat maisonette or apartment or mobile/temporary accommodation,34,34,0,0,0
S01012754,All household spaces,261,255,6,0,6
S01012754,Whole house or bungalow: Total,239,234,5,0,5
S01012754,Whole house or bungalow: Detached,24,23,1,0,1
S01012754,Whole house or bungalow: Semi-detached,94,93,1,0,1
S01012754,Whole house or bungalow: Terraced (including end-terrace),121,118,3,0,3
S01012754,Flat maisonette or apartment or mobile/temporary accommodation,22,21,1,0,1
S01012755,All household spaces,294,280,14,1,13
S01012755,Whole house or bungalow: Total,148,135,13,0,13
S01012755,Whole house or bungalow: Detached,14,14,0,0,0
S01012755,Whole house or bungalow: Semi-detached,68,68,0,0,0
S01012755,Whole house or bungalow: Terraced (including end-terrace),66,53,13,0,13
S01012755,Flat maisonette or apartment or mobile/temporary accommodation,146,145,1,1,0
S01012756,All household spaces,276,271,5,0,5
S01012756,Whole house or bungalow: Total,185,182,3,0,3
S01012756,Whole house or bungalow: Detached,28,27,1,0,1
S01012756,Whole house or bungalow: Semi-detached,98,97,1,0,1
S01012756,Whole house or bungalow: Terraced (including end-terrace),59,58,1,0,1
S01012756,Flat maisonette or apartment or mobile/temporary accommodation,91,89,2,0,2
S01012757,All household spaces,242,236,6,0,6
S01012757,Whole house or bungalow: Total,154,151,3,0,3
S01012757,Whole house or bungalow: Detached,7,7,0,0,0
S01012757,Whole house or bungalow: Semi-detached,65,65,0,0,0
S01012757,Whole house or bungalow: Terraced (including end-terrace),82,79,3,0,3
S01012757,Flat maisonette or apartment or mobile/temporary accommodation,88,85,3,0,3
S01012758,All household spaces,274,274,0,0,0
S01012758,Whole house or bungalow: Total,237,237,0,0,0
S01012758,Whole house or bungalow: Detached,51,51,0,0,0
S01012758,Whole house or bungalow: Semi-detached,54,54,0,0,0
S01012758,Whole house or bungalow: Terraced (including end-terrace),132,132,0,0,0
S01012758,Flat maisonette or apartment or mobile/temporary accommodation,37,37,0,0,0
S01012759,All household spaces,355,342,13,0,13
S01012759,Whole house or bungalow: Total,271,265,6,0,6
S01012759,Whole house or bungalow: Detached,19,19,0,0,0
S01012759,Whole house or bungalow: Semi-detached,83,81,2,0,2
S01012759,Whole house or bungalow: Terraced (including end-terrace),169,165,4,0,4
S01012759,Flat maisonette or apartment or mobile/temporary accommodation,84,77,7,0,7
S01012760,All household spaces,436,424,12,0,12
S01012760,Whole house or bungalow: Total,221,220,1,0,1
S01012760,Whole house or bungalow: Detached,33,33,0,0,0
S01012760,Whole house or bungalow: Semi-detached,95,94,1,0,1
S01012760,Whole house or bungalow: Terraced (including end-terrace),93,93,0,0,0
S01012760,Flat maisonette or apartment or mobile/temporary accommodation,215,204,11,0,11
S01012761,All household spaces,386,369,17,1,16
S01012761,Whole house or bungalow: Total,264,261,3,1,2
S01012761,Whole house or bungalow: Detached,48,48,0,0,0
S01012761,Whole house or bungalow: Semi-detached,44,42,2,0,2
S01012761,Whole house or bungalow: Terraced (including end-terrace),172,171,1,1,0
S01012761,Flat maisonette or apartment or mobile/temporary accommodation,122,108,14,0,14
S01012762,All household spaces,317,315,2,0,2
S01012762,Whole house or bungalow: Total,288,286,2,0,2
S01012762,Whole house or bungalow: Detached,55,55,0,0,0
S01012762,Whole house or bungalow: Semi-detached,33,33,0,0,0
S01012762,Whole house or bungalow: Terraced (including end-terrace),200,198,2,0,2
S01012762,Flat maisonette or apartment or mobile/temporary accommodation,29,29,0,0,0
S01012763,All household spaces,178,178,0,0,0
S01012763,Whole house or bungalow: Total,174,174,0,0,0
S01012763,Whole house or bungalow: Detached,12,12,0,0,0
S01012763,Whole house or bungalow: Semi-detached,20,20,0,0,0
S01012763,Whole house or bungalow: Terraced (including end-terrace),142,142,0,0,0
S01012763,Flat maisonette or apartment or mobile/temporary accommodation,4,4,0,0,0
S01012764,All household spaces,354,348,6,1,5
S01012764,Whole house or bungalow: Total,314,308,6,1,5
S01012764,Whole house or bungalow: Detached,34,32,2,0,2
S01012764,Whole house or bungalow: Semi-detached,57,55,2,1,1
S01012764,Whole house or bungalow: Terraced (including end-terrace),223,221,2,0,2
S01012764,Flat maisonette or apartment or mobile/temporary accommodation,40,40,0,0,0
S01012765,All household spaces,299,296,3,0,3
S01012765,Whole house or bungalow: Total,295,292,3,0,3
S01012765,Whole house or bungalow: Detached,67,66,1,0,1
S01012765,Whole house or bungalow: Semi-detached,105,105,0,0,0
S01012765,Whole house or bungalow: Terraced (including end-terrace),123,121,2,0,2
S01012765,Flat maisonette or apartment or mobile/temporary accommodation,4,4,0,0,0
S01012766,All household spaces,360,358,2,0,2
S01012766,Whole house or bungalow: Total,351,349,2,0,2
S01012766,Whole house or bungalow: Detached,63,63,0,0,0
S01012766,Whole house or bungalow: Semi-detached,79,78,1,0,1
S01012766,Whole house or bungalow: Terraced (including end-terrace),209,208,1,0,1
S01012766,Flat maisonette or apartment or mobile/temporary accommodation,9,9,0,0,0
S01012767,All household spaces,230,228,2,0,2
S01012767,Whole house or bungalow: Total,227,225,2,0,2
S01012767,Whole house or bungalow: Detached,53,53,0,0,0
S01012767,Whole house or bungalow: Semi-detached,165,163,2,0,2
S01012767,Whole house or bungalow: Terraced (including end-terrace),9,9,0,0,0
S01012767,Flat maisonette or apartment or mobile/temporary accommodation,3,3,0,0,0
S01012768,All household spaces,295,291,4,0,4
S01012768,Whole house or bungalow: Total,290,286,4,0,4
S01012768,Whole house or bungalow: Detached,82,82,0,0,0
S01012768,Whole house or bungalow: Semi-detached,199,195,4,0,4
S01012768,Whole house or bungalow: Terraced (including end-terrace),9,9,0,0,0
S01012768,Flat maisonette or apartment or mobile/temporary accommodation,5,5,0,0,0
S01012769,All household spaces,153,152,1,0,1
S01012769,Whole house or bungalow: Total,142,141,1,0,1
S01012769,Whole house or bungalow: Detached,91,91,0,0,0
S01012769,Whole house or bungalow: Semi-detached,47,46,1,0,1
S01012769,Whole house or bungalow: Terraced (including end-terrace),4,4,0,0,0
S01012769,Flat maisonette or apartment or mobile/temporary accommodation,11,11,0,0,0
S01012770,All household spaces,422,408,14,1,13
S01012770,Whole house or bungalow: Total,300,291,9,1,8
S01012770,Whole house or bungalow: Detached,59,58,1,0,1
S01012770,Whole house or bungalow: Semi-detached,74,70,4,1,3
S01012770,Whole house or bungalow: Terraced (including end-terrace),167,163,4,0,4
S01012770,Flat maisonette or apartment or mobile/temporary accommodation,122,117,5,0,5
S01012771,All household spaces,365,357,8,0,8
S01012771,Whole house or bungalow: Total,173,169,4,0,4
S01012771,Whole house or bungalow: Detached,35,35,0,0,0
S01012771,Whole house or bungalow: Semi-detached,92,90,2,0,2
S01012771,Whole house or bungalow: Terraced (including end-terrace),46,44,2,0,2
S01012771,Flat maisonette or apartment or mobile/temporary accommodation,192,188,4,0,4
S01012772,All household spaces,290,285,5,0,5
S01012772,Whole house or bungalow: Total,285,280,5,0,5
S01012772,Whole house or bungalow: Detached,12,12,0,0,0
S01012772,Whole house or bungalow: Semi-detached,40,40,0,0,0
S01012772,Whole house or bungalow: Terraced (including end-terrace),233,228,5,0,5
S01012772,Flat maisonette or apartment or mobile/temporary accommodation,5,5,0,0,0
S01012773,All household spaces,406,391,15,0,15
S01012773,Whole house or bungalow: Total,366,361,5,0,5
S01012773,Whole house or bungalow: Detached,52,52,0,0,0
S01012773,Whole house or bungalow: Semi-detached,154,153,1,0,1
S01012773,Whole house or bungalow: Terraced (including end-terrace),160,156,4,0,4
S01012773,Flat maisonette or apartment or mobile/temporary accommodation,40,30,10,0,10
S01012774,All household spaces,421,408,13,0,13
S01012774,Whole house or bungalow: Total,221,218,3,0,3
S01012774,Whole house or bungalow: Detached,34,34,0,0,0
S01012774,Whole house or bungalow: Semi-detached,116,115,1,0,1
S01012774,Whole house or bungalow: Terraced (including end-terrace),71,69,2,0,2
S01012774,Flat maisonette or apartment or mobile/temporary accommodation,200,190,10,0,10
S01012775,All household spaces,222,211,11,0,11
S01012775,Whole house or bungalow: Total,150,145,5,0,5
S01012775,Whole house or bungalow: Detached,12,12,0,0,0
S01012775,Whole house or bungalow: Semi-detached,124,119,5,0,5
S01012775,Whole house or bungalow: Terraced (including end-terrace),14,14,0,0,0
S01012775,Flat maisonette or apartment or mobile/temporary accommodation,72,66,6,0,6
S01012776,All household spaces,369,359,10,0,10
S01012776,Whole house or bungalow: Total,253,249,4,0,4
S01012776,Whole house or bungalow: Detached,3,3,0,0,0
S01012776,Whole house or bungalow: Semi-detached,69,68,1,0,1
S01012776,Whole house or bungalow: Terraced (including end-terrace),181,178,3,0,3
S01012776,Flat maisonette or apartment or mobile/temporary accommodation,116,110,6,0,6
S01012777,All household spaces,382,365,17,2,15
S01012777,Whole house or bungalow: Total,312,306,6,2,4
S01012777,Whole house or bungalow: Detached,81,78,3,1,2
S01012777,Whole house or bungalow: Semi-detached,137,136,1,1,0
S01012777,Whole house or bungalow: Terraced (including end-terrace),94,92,2,0,2
S01012777,Flat maisonette or apartment or mobile/temporary accommodation,70,59,11,0,11
S01012778,All household spaces,312,295,17,0,17
S01012778,Whole house or bungalow: Total,225,220,5,0,5
S01012778,Whole house or bungalow: Detached,17,17,0,0,0
S01012778,Whole house or bungalow: Semi-detached,134,130,4,0,4
S01012778,Whole house or bungalow: Terraced (including end-terrace),74,73,1,0,1
S01012778,Flat maisonette or apartment or mobile/temporary accommodation,87,75,12,0,12
S01012779,All household spaces,211,200,11,0,11
S01012779,Whole house or bungalow: Total,93,91,2,0,2
S01012779,Whole house or bungalow: Detached,9,9,0,0,0
S01012779,Whole house or bungalow: Semi-detached,38,37,1,0,1
S01012779,Whole house or bungalow: Terraced (including end-terrace),46,45,1,0,1
S01012779,Flat maisonette or apartment or mobile/temporary accommodation,118,109,9,0,9
S01012780,All household spaces,360,346,14,0,14
S01012780,Whole house or bungalow: Total,126,123,3,0,3
S01012780,Whole house or bungalow: Detached,16,16,0,0,0
S01012780,Whole house or bungalow: Semi-detached,71,68,3,0,3
S01012780,Whole house or bungalow: Terraced (including end-terrace),39,39,0,0,0
S01012780,Flat maisonette or apartment or mobile/temporary accommodation,234,223,11,0,11
S01012781,All household spaces,303,300,3,0,3
S01012781,Whole house or bungalow: Total,242,242,0,0,0
S01012781,Whole house or bungalow: Detached,78,78,0,0,0
S01012781,Whole house or bungalow: Semi-detached,100,100,0,0,0
S01012781,Whole house or bungalow: Terraced (including end-terrace),64,64,0,0,0
S01012781,Flat maisonette or apartment or mobile/temporary accommodation,61,58,3,0,3
S01012782,All household spaces,319,313,6,0,6
S01012782,Whole house or bungalow: Total,98,94,4,0,4
S01012782,Whole house or bungalow: Detached,6,6,0,0,0
S01012782,Whole house or bungalow: Semi-detached,78,74,4,0,4
S01012782,Whole house or bungalow: Terraced (including end-terrace),14,14,0,0,0
S01012782,Flat maisonette or apartment or mobile/temporary accommodation,221,219,2,0,2
S01012783,All household spaces,331,322,9,0,9
S01012783,Whole house or bungalow: Total,130,127,3,0,3
S01012783,Whole house or bungalow: Detached,5,5,0,0,0
S01012783,Whole house or bungalow: Semi-detached,107,106,1,0,1
S01012783,Whole house or bungalow: Terraced (including end-terrace),18,16,2,0,2
S01012783,Flat maisonette or apartment or mobile/temporary accommodation,201,195,6,0,6
S01012784,All household spaces,400,391,9,0,9
S01012784,Whole house or bungalow: Total,173,170,3,0,3
S01012784,Whole house or bungalow: Detached,16,16,0,0,0
S01012784,Whole house or bungalow: Semi-detached,74,73,1,0,1
S01012784,Whole house or bungalow: Terraced (including end-terrace),83,81,2,0,2
S01012784,Flat maisonette or apartment or mobile/temporary accommodation,227,221,6,0,6
S01012785,All household spaces,403,388,15,1,14
S01012785,Whole house or bungalow: Total,72,71,1,0,1
S01012785,Whole house or bungalow: Detached,4,4,0,0,0
S01012785,Whole house or bungalow: Semi-detached,47,47,0,0,0
S01012785,Whole house or bungalow: Terraced (including end-terrace),21,20,1,0,1
S01012785,Flat maisonette or apartment or mobile/temporary accommodation,331,317,14,1,13
S01012786,All household spaces,440,423,17,1,16
S01012786,Whole house or bungalow: Total,31,31,0,0,0
S01012786,Whole house or bungalow: Detached,5,5,0,0,0
S01012786,Whole house or bungalow: Semi-detached,13,13,0,0,0
S01012786,Whole house or bungalow: Terraced (including end-terrace),13,13,0,0,0
S01012786,Flat maisonette or apartment or mobile/temporary accommodation,409,392,17,1,16
S01012787,All household spaces,256,250,6,0,6
S01012787,Whole house or bungalow: Total,143,141,2,0,2
S01012787,Whole house or bungalow: Detached,45,45,0,0,0
S01012787,Whole house or bungalow: Semi-detached,53,52,1,0,1
S01012787,Whole house or bungalow: Terraced (including end-terrace),45,44,1,0,1
S01012787,Flat maisonette or apartment or mobile/temporary accommodation,113,109,4,0,4
S01012788,All household spaces,263,259,4,0,4
S01012788,Whole house or bungalow: Total,233,230,3,0,3
S01012788,Whole house or bungalow: Detached,22,22,0,0,0
S01012788,Whole house or bungalow: Semi-detached,162,159,3,0,3
S01012788,Whole house or bungalow: Terraced (including end-terrace),49,49,0,0,0
S01012788,Flat maisonette or apartment or mobile/temporary accommodation,30,29,1,0,1
S01012789,All household spaces,329,325,4,0,4
S01012789,Whole house or bungalow: Total,253,250,3,0,3
S01012789,Whole house or bungalow: Detached,62,62,0,0,0
S01012789,Whole house or bungalow: Semi-detached,97,95,2,0,2
S01012789,Whole house or bungalow: Terraced (including end-terrace),94,93,1,0,1
S01012789,Flat maisonette or apartment or mobile/temporary accommodation,76,75,1,0,1
S01012790,All household spaces,298,289,9,1,8
S01012790,Whole house or bungalow: Total,152,149,3,0,3
S01012790,Whole house or bungalow: Detached,99,98,1,0,1
S01012790,Whole house or bungalow: Semi-detached,23,22,1,0,1
S01012790,Whole house or bungalow: Terraced (including end-terrace),30,29,1,0,1
S01012790,Flat maisonette or apartment or mobile/temporary accommodation,146,140,6,1,5
S01012791,All household spaces,332,324,8,1,7
S01012791,Whole house or bungalow: Total,237,234,3,1,2
S01012791,Whole house or bungalow: Detached,95,93,2,1,1
S01012791,Whole house or bungalow: Semi-detached,134,133,1,0,1
S01012791,Whole house or bungalow: Terraced (including end-terrace),8,8,0,0,0
S01012791,Flat maisonette or apartment or mobile/temporary accommodation,95,90,5,0,5
S01012792,All household spaces,510,496,14,1,13
S01012792,Whole house or bungalow: Total,236,231,5,1,4
S01012792,Whole house or bungalow: Detached,14,14,0,0,0
S01012792,Whole house or bungalow: Semi-detached,109,107,2,0,2
S01012792,Whole house or bungalow: Terraced (including end-terrace),113,110,3,1,2
S01012792,Flat maisonette or apartment or mobile/temporary accommodation,274,265,9,0,9
S01012793,All household spaces,377,363,14,0,14
S01012793,Whole house or bungalow: Total,99,95,4,0,4
S01012793,Whole house or bungalow: Detached,13,12,1,0,1
S01012793,Whole house or bungalow: Semi-detached,58,55,3,0,3
S01012793,Whole house or bungalow: Terraced (including end-terrace),28,28,0,0,0
S01012793,Flat maisonette or apartment or mobile/temporary accommodation,278,268,10,0,10
S01012794,All household spaces,419,378,41,2,39
S01012794,Whole house or bungalow: Total,46,45,1,1,0
S01012794,Whole house or bungalow: Detached,3,3,0,0,0
S01012794,Whole house or bungalow: Semi-detached,28,27,1,1,0
S01012794,Whole house or bungalow: Terraced (including end-terrace),15,15,0,0,0
S01012794,Flat maisonette or apartment or mobile/temporary accommodation,373,333,40,1,39
S01012795,All household spaces,442,439,3,0,3
S01012795,Whole house or bungalow: Total,333,330,3,0,3
S01012795,Whole house or bungalow: Detached,23,22,1,0,1
S01012795,Whole house or bungalow: Semi-detached,172,171,1,0,1
S01012795,Whole house or bungalow: Terraced (including end-terrace),138,137,1,0,1
S01012795,Flat maisonette or apartment or mobile/temporary accommodation,109,109,0,0,0
S01012796,All household spaces,353,347,6,0,6
S01012796,Whole house or bungalow: Total,267,262,5,0,5
S01012796,Whole house or bungalow: Detached,21,21,0,0,0
S01012796,Whole house or bungalow: Semi-detached,141,138,3,0,3
S01012796,Whole house or bungalow: Terraced (including end-terrace),105,103,2,0,2
S01012796,Flat maisonette or apartment or mobile/temporary accommodation,86,85,1,0,1
S01012797,All household spaces,280,276,4,1,3
S01012797,Whole house or bungalow: Total,262,258,4,1,3
S01012797,Whole house or bungalow: Detached,17,17,0,0,0
S01012797,Whole house or bungalow: Semi-detached,119,118,1,0,1
S01012797,Whole house or bungalow: Terraced (including end-terrace),126,123,3,1,2
S01012797,Flat maisonette or apartment or mobile/temporary accommodation,18,18,0,0,0
S01012798,All household spaces,347,329,18,0,18
S01012798,Whole house or bungalow: Total,208,207,1,0,1
S01012798,Whole house or bungalow: Detached,140,139,1,0,1
S01012798,Whole house or bungalow: Semi-detached,49,49,0,0,0
S01012798,Whole house or bungalow: Terraced (including end-terrace),19,19,0,0,0
S01012798,Flat maisonette or apartment or mobile/temporary accommodation,139,122,17,0,17
S01012799,All household spaces,411,393,18,2,16
S01012799,Whole house or bungalow: Total,221,214,7,0,7
S01012799,Whole house or bungalow: Detached,164,158,6,0,6
S01012799,Whole house or bungalow: Semi-detached,43,42,1,0,1
S01012799,Whole house or bungalow: Terraced (including end-terrace),14,14,0,0,0
S01012799,Flat maisonette or apartment or mobile/temporary accommodation,190,179,11,2,9
S01012800,All household spaces,421,398,23,7,16
S01012800,Whole house or bungalow: Total,249,239,10,0,10
S01012800,Whole house or bungalow: Detached,203,194,9,0,9
S01012800,Whole house or bungalow: Semi-detached,30,30,0,0,0
S01012800,Whole house or bungalow: Terraced (including end-terrace),16,15,1,0,1
S01012800,Flat maisonette or apartment or mobile/temporary accommodation,172,159,13,7,6
S01012801,All household spaces,261,252,9,0,9
S01012801,Whole house or bungalow: Total,48,47,1,0,1
S01012801,Whole house or bungalow: Detached,26,26,0,0,0
S01012801,Whole house or bungalow: Semi-detached,13,13,0,0,0
S01012801,Whole house or bungalow: Terraced (including end-terrace),9,8,1,0,1
S01012801,Flat maisonette or apartment or mobile/temporary accommodation,213,205,8,0,8
S01012802,All household spaces,207,207,0,0,0
S01012802,Whole house or bungalow: Total,201,201,0,0,0
S01012802,Whole house or bungalow: Detached,190,190,0,0,0
S01012802,Whole house or bungalow: Semi-detached,8,8,0,0,0
S01012802,Whole house or bungalow: Terraced (including end-terrace),3,3,0,0,0
S01012802,Flat maisonette or apartment or mobile/temporary accommodation,6,6,0,0,0
S01012803,All household spaces,264,262,2,0,2
S01012803,Whole house or bungalow: Total,259,257,2,0,2
S01012803,Whole house or bungalow: Detached,145,143,2,0,2
S01012803,Whole house or bungalow: Semi-detached,88,88,0,0,0
S01012803,Whole house or bungalow: Terraced (including end-terrace),26,26,0,0,0
S01012803,Flat maisonette or apartment or mobile/temporary accommodation,5,5,0,0,0
S01012804,All household spaces,360,351,9,1,8
S01012804,Whole house or bungalow: Total,352,343,9,1,8
S01012804,Whole house or bungalow: Detached,50,49,1,0,1
S01012804,Whole house or bungalow: Semi-detached,114,113,1,0,1
S01012804,Whole house or bungalow: Terraced (including end-terrace),188,181,7,1,6
S01012804,Flat maisonette or apartment or mobile/temporary accommodation,8,8,0,0,0
S01012805,All household spaces,389,383,6,1,5
S01012805,Whole house or bungalow: Total,369,363,6,1,5
S01012805,Whole house or bungalow: Detached,17,16,1,0,1
S01012805,Whole house or bungalow: Semi-detached,128,127,1,0,1
S01012805,Whole house or bungalow: Terraced (including end-terrace),224,220,4,1,3
S01012805,Flat maisonette or apartment or mobile/temporary accommodation,20,20,0,0,0
S01012806,All household spaces,306,299,7,0,7
S01012806,Whole house or bungalow: Total,289,282,7,0,7
S01012806,Whole house or bungalow: Detached,82,82,0,0,0
S01012806,Whole house or bungalow: Semi-detached,29,29,0,0,0
S01012806,Whole house or bungalow: Terraced (including end-terrace),178,171,7,0,7
S01012806,Flat maisonette or apartment or mobile/temporary accommodation,17,17,0,0,0
S01012807,All household spaces,222,218,4,0,4
S01012807,Whole house or bungalow: Total,180,176,4,0,4
S01012807,Whole house or bungalow: Detached,172,168,4,0,4
S01012807,Whole house or bungalow: Semi-detached,5,5,0,0,0
S01012807,Whole house or bungalow: Terraced (including end-terrace),3,3,0,0,0
S01012807,Flat maisonette or apartment or mobile/temporary accommodation,42,42,0,0,0
S01012808,All household spaces,503,475,28,0,28
S01012808,Whole house or bungalow: Total,326,321,5,0,5
S01012808,Whole house or bungalow: Detached,172,170,2,0,2
S01012808,Whole house or bungalow: Semi-detached,40,40,0,0,0
S01012808,Whole house or bungalow: Terraced (including end-terrace),114,111,3,0,3
S01012808,Flat maisonette or apartment or mobile/temporary accommodation,177,154,23,0,23
S01012809,All household spaces,352,337,15,0,15
S01012809,Whole house or bungalow: Total,116,112,4,0,4
S01012809,Whole house or bungalow: Detached,70,70,0,0,0
S01012809,Whole house or bungalow: Semi-detached,34,30,4,0,4
S01012809,Whole house or bungalow: Terraced (including end-terrace),12,12,0,0,0
S01012809,Flat maisonette or apartment or mobile/temporary accommodation,236,225,11,0,11
S01012810,All household spaces,496,481,15,1,14
S01012810,Whole house or bungalow: Total,141,139,2,0,2
S01012810,Whole house or bungalow: Detached,47,47,0,0,0
S01012810,Whole house or bungalow: Semi-detached,31,31,0,0,0
S01012810,Whole house or bungalow: Terraced (including end-terrace),63,61,2,0,2
S01012810,Flat maisonette or apartment or mobile/temporary accommodation,355,342,13,1,12
S01012811,All household spaces,357,348,9,1,8
S01012811,Whole house or bungalow: Total,314,308,6,0,6
S01012811,Whole house or bungalow: Detached,53,51,2,0,2
S01012811,Whole house or bungalow: Semi-detached,41,40,1,0,1
S01012811,Whole house or bungalow: Terraced (including end-terrace),220,217,3,0,3
S01012811,Flat maisonette or apartment or mobile/temporary accommodation,43,40,3,1,2
S01012812,All household spaces,285,285,0,0,0
S01012812,Whole house or bungalow: Total,220,220,0,0,0
S01012812,Whole house or bungalow: Detached,61,61,0,0,0
S01012812,Whole house or bungalow: Semi-detached,31,31,0,0,0
S01012812,Whole house or bungalow: Terraced (including end-terrace),128,128,0,0,0
S01012812,Flat maisonette or apartment or mobile/temporary accommodation,65,65,0,0,0
S01012813,All household spaces,376,372,4,0,4
S01012813,Whole house or bungalow: Total,333,330,3,0,3
S01012813,Whole house or bungalow: Detached,205,202,3,0,3
S01012813,Whole house or bungalow: Semi-detached,82,82,0,0,0
S01012813,Whole house or bungalow: Terraced (including end-terrace),46,46,0,0,0
S01012813,Flat maisonette or apartment or mobile/temporary accommodation,43,42,1,0,1
S01012814,All household spaces,340,333,7,5,2
S01012814,Whole house or bungalow: Total,325,318,7,5,2
S01012814,Whole house or bungalow: Detached,134,132,2,2,0
S01012814,Whole house or bungalow: Semi-detached,141,140,1,0,1
S01012814,Whole house or bungalow: Terraced (including end-terrace),50,46,4,3,1
S01012814,Flat maisonette or apartment or mobile/temporary accommodation,15,15,0,0,0
S01012815,All household spaces,337,320,17,14,3
S01012815,Whole house or bungalow: Total,272,255,17,14,3
S01012815,Whole house or bungalow: Detached,214,198,16,13,3
S01012815,Whole house or bungalow: Semi-detached,50,49,1,1,0
S01012815,Whole house or bungalow: Terraced (including end-terrace),8,8,0,0,0
S01012815,Flat maisonette or apartment or mobile/temporary accommodation,65,65,0,0,0
S01012816,All household spaces,232,229,3,0,3
S01012816,Whole house or bungalow: Total,191,189,2,0,2
S01012816,Whole house or bungalow: Detached,56,56,0,0,0
S01012816,Whole house or bungalow: Semi-detached,71,70,1,0,1
S01012816,Whole house or bungalow: Terraced (including end-terrace),64,63,1,0,1
S01012816,Flat maisonette or apartment or mobile/temporary accommodation,41,40,1,0,1
S01012817,All household spaces,175,175,0,0,0
S01012817,Whole house or bungalow: Total,173,173,0,0,0
S01012817,Whole house or bungalow: Detached,150,150,0,0,0
S01012817,Whole house or bungalow: Semi-detached,21,21,0,0,0
S01012817,Whole house or bungalow: Terraced (including end-terrace),2,2,0,0,0
S01012817,Flat maisonette or apartment or mobile/temporary accommodation,2,2,0,0,0
S01012818,All household spaces,274,271,3,1,2
S01012818,Whole house or bungalow: Total,263,260,3,1,2
S01012818,Whole house or bungalow: Detached,183,180,3,1,2
S01012818,Whole house or bungalow: Semi-detached,21,21,0,0,0
S01012818,Whole house or bungalow: Terraced (including end-terrace),59,59,0,0,0
S01012818,Flat maisonette or apartment or mobile/temporary accommodation,11,11,0,0,0
S01012819,All household spaces,370,365,5,0,5
S01012819,Whole house or bungalow: Total,157,155,2,0,2
S01012819,Whole house or bungalow: Detached,16,16,0,0,0
S01012819,Whole house or bungalow: Semi-detached,19,19,0,0,0
S01012819,Whole house or bungalow: Terraced (including end-terrace),122,120,2,0,2
S01012819,Flat maisonette or apartment or mobile/temporary accommodation,213,210,3,0,3
S01012820,All household spaces,443,370,73,1,72
S01012820,Whole house or bungalow: Total,425,352,73,1,72
S01012820,Whole house or bungalow: Detached,222,196,26,1,25
S01012820,Whole house or bungalow: Semi-detached,79,71,8,0,8
S01012820,Whole house or bungalow: Terraced (including end-terrace),124,85,39,0,39
S01012820,Flat maisonette or apartment or mobile/temporary accommodation,18,18,0,0,0
S01012821,All household spaces,268,263,5,1,4
S01012821,Whole house or bungalow: Total,243,239,4,0,4
S01012821,Whole house or bungalow: Detached,175,172,3,0,3
S01012821,Whole house or bungalow: Semi-detached,54,53,1,0,1
S01012821,Whole house or bungalow: Terraced (including end-terrace),14,14,0,0,0
S01012821,Flat maisonette or apartment or mobile/temporary accommodation,25,24,1,1,0
S01012822,All household spaces,260,256,4,0,4
S01012822,Whole house or bungalow: Total,36,36,0,0,0
S01012822,Whole house or bungalow: Detached,13,13,0,0,0
S01012822,Whole house or bungalow: Semi-detached,12,12,0,0,0
S01012822,Whole house or bungalow: Terraced (including end-terrace),11,11,0,0,0
S01012822,Flat maisonette or apartment or mobile/temporary accommodation,224,220,4,0,4
S01012823,All household spaces,286,285,1,0,1
S01012823,Whole house or bungalow: Total,274,273,1,0,1
S01012823,Whole house or bungalow: Detached,97,96,1,0,1
S01012823,Whole house or bungalow: Semi-detached,149,149,0,0,0
S01012823,Whole house or bungalow: Terraced (including end-terrace),28,28,0,0,0
S01012823,Flat maisonette or apartment or mobile/temporary accommodation,12,12,0,0,0
S01012824,All household spaces,278,273,5,0,5
S01012824,Whole house or bungalow: Total,221,217,4,0,4
S01012824,Whole house or bungalow: Detached,49,48,1,0,1
S01012824,Whole house or bungalow: Semi-detached,35,35,0,0,0
S01012824,Whole house or bungalow: Terraced (including end-terrace),137,134,3,0,3
S01012824,Flat maisonette or apartment or mobile/temporary accommodation,57,56,1,0,1
S01012825,All household spaces,272,269,3,1,2
S01012825,Whole house or bungalow: Total,109,108,1,1,0
S01012825,Whole house or bungalow: Detached,35,35,0,0,0
S01012825,Whole house or bungalow: Semi-detached,49,48,1,1,0
S01012825,Whole house or bungalow: Terraced (including end-terrace),25,25,0,0,0
S01012825,Flat maisonette or apartment or mobile/temporary accommodation,163,161,2,0,2
S01012826,All household spaces,231,231,0,0,0
S01012826,Whole house or bungalow: Total,174,174,0,0,0
S01012826,Whole house or bungalow: Detached,19,19,0,0,0
S01012826,Whole house or bungalow: Semi-detached,136,136,0,0,0
S01012826,Whole house or bungalow: Terraced (including end-terrace),19,19,0,0,0
S01012826,Flat maisonette or apartment or mobile/temporary accommodation,57,57,0,0,0
S01012827,All household spaces,234,233,1,0,1
S01012827,Whole house or bungalow: Total,205,204,1,0,1
S01012827,Whole house or bungalow: Detached,133,132,1,0,1
S01012827,Whole house or bungalow: Semi-detached,68,68,0,0,0
S01012827,Whole house or bungalow: Terraced (including end-terrace),4,4,0,0,0
S01012827,Flat maisonette or apartment or mobile/temporary accommodation,29,29,0,0,0
S01012828,All household spaces,264,254,10,0,10
S01012828,Whole house or bungalow: Total,217,207,10,0,10
S01012828,Whole house or bungalow: Detached,95,92,3,0,3
S01012828,Whole house or bungalow: Semi-detached,29,27,2,0,2
S01012828,Whole house or bungalow: Terraced (including end-terrace),93,88,5,0,5
S01012828,Flat maisonette or apartment or mobile/temporary accommodation,47,47,0,0,0
S01012829,All household spaces,367,362,5,0,5
S01012829,Whole house or bungalow: Total,237,235,2,0,2
S01012829,Whole house or bungalow: Detached,21,21,0,0,0
S01012829,Whole house or bungalow: Semi-detached,118,117,1,0,1
S01012829,Whole house or bungalow: Terraced (including end-terrace),98,97,1,0,1
S01012829,Flat maisonette or apartment or mobile/temporary accommodation,130,127,3,0,3
S01012830,All household spaces,322,313,9,0,9
S01012830,Whole house or bungalow: Total,185,183,2,0,2
S01012830,Whole house or bungalow: Detached,67,66,1,0,1
S01012830,Whole house or bungalow: Semi-detached,110,110,0,0,0
S01012830,Whole house or bungalow: Terraced (including end-terrace),8,7,1,0,1
S01012830,Flat maisonette or apartment or mobile/temporary accommodation,137,130,7,0,7
S01012831,All household spaces,336,333,3,0,3
S01012831,Whole house or bungalow: Total,217,214,3,0,3
S01012831,Whole house or bungalow: Detached,16,16,0,0,0
S01012831,Whole house or bungalow: Semi-detached,183,180,3,0,3
S01012831,Whole house or bungalow: Terraced (including end-terrace),18,18,0,0,0
S01012831,Flat maisonette or apartment or mobile/temporary accommodation,119,119,0,0,0
S01012832,All household spaces,219,215,4,3,1
S01012832,Whole house or bungalow: Total,208,204,4,3,1
S01012832,Whole house or bungalow: Detached,24,24,0,0,0
S01012832,Whole house or bungalow: Semi-detached,111,111,0,0,0
S01012832,Whole house or bungalow: Terraced (including end-terrace),73,69,4,3,1
S01012832,Flat maisonette or apartment or mobile/temporary accommodation,11,11,0,0,0
S01012833,All household spaces,327,319,8,7,1
S01012833,Whole house or bungalow: Total,279,272,7,7,0
S01012833,Whole house or bungalow: Detached,13,13,0,0,0
S01012833,Whole house or bungalow: Semi-detached,128,128,0,0,0
S01012833,Whole house or bungalow: Terraced (including end-terrace),138,131,7,7,0
S01012833,Flat maisonette or apartment or mobile/temporary accommodation,48,47,1,0,1
S01012834,All household spaces,297,289,8,0,8
S01012834,Whole house or bungalow: Total,164,162,2,0,2
S01012834,Whole house or bungalow: Detached,33,32,1,0,1
S01012834,Whole house or bungalow: Semi-detached,107,106,1,0,1
S01012834,Whole house or bungalow: Terraced (including end-terrace),24,24,0,0,0
S01012834,Flat maisonette or apartment or mobile/temporary accommodation,133,127,6,0,6
S01012835,All household spaces,426,403,23,1,22
S01012835,Whole house or bungalow: Total,229,224,5,1,4
S01012835,Whole house or bungalow: Detached,28,28,0,0,0
S01012835,Whole house or bungalow: Semi-detached,145,140,5,1,4
S01012835,Whole house or bungalow: Terraced (including end-terrace),56,56,0,0,0
S01012835,Flat maisonette or apartment or mobile/temporary accommodation,197,179,18,0,18
S01012836,All household spaces,221,220,1,0,1
S01012836,Whole house or bungalow: Total,215,214,1,0,1
S01012836,Whole house or bungalow: Detached,159,158,1,0,1
S01012836,Whole house or bungalow: Semi-detached,25,25,0,0,0
S01012836,Whole house or bungalow: Terraced (including end-terrace),31,31,0,0,0
S01012836,Flat maisonette or apartment or mobile/temporary accommodation,6,6,0,0,0
S01012837,All household spaces,424,414,10,0,10
S01012837,Whole house or bungalow: Total,106,106,0,0,0
S01012837,Whole house or bungalow: Detached,7,7,0,0,0
S01012837,Whole house or bungalow: Semi-detached,40,40,0,0,0
S01012837,Whole house or bungalow: Terraced (including end-terrace),59,59,0,0,0
S01012837,Flat maisonette or apartment or mobile/temporary accommodation,318,308,10,0,10
S01012838,All household spaces,531,528,3,0,3
S01012838,Whole house or bungalow: Total,85,85,0,0,0
S01012838,Whole house or bungalow: Detached,7,7,0,0,0
S01012838,Whole house or bungalow: Semi-detached,49,49,0,0,0
S01012838,Whole house or bungalow: Terraced (including end-terrace),29,29,0,0,0
S01012838,Flat maisonette or apartment or mobile/temporary accommodation,446,443,3,0,3
S01012839,All household spaces,301,300,1,0,1
S01012839,Whole house or bungalow: Total,226,225,1,0,1
S01012839,Whole house or bungalow: Detached,43,43,0,0,0
S01012839,Whole house or bungalow: Semi-detached,133,132,1,0,1
S01012839,Whole house or bungalow: Terraced (including end-terrace),50,50,0,0,0
S01012839,Flat maisonette or apartment or mobile/temporary accommodation,75,75,0,0,0
S01012840,All household spaces,286,285,1,0,1
S01012840,Whole house or bungalow: Total,235,234,1,0,1
S01012840,Whole house or bungalow: Detached,183,182,1,0,1
S01012840,Whole house or bungalow: Semi-detached,44,44,0,0,0
S01012840,Whole house or bungalow: Terraced (including end-terrace),8,8,0,0,0
S01012840,Flat maisonette or apartment or mobile/temporary accommodation,51,51,0,0,0
S01012841,All household spaces,255,253,2,0,2
S01012841,Whole house or bungalow: Total,201,199,2,0,2
S01012841,Whole house or bungalow: Detached,49,49,0,0,0
S01012841,Whole house or bungalow: Semi-detached,132,130,2,0,2
S01012841,Whole house or bungalow: Terraced (including end-terrace),20,20,0,0,0
S01012841,Flat maisonette or apartment or mobile/temporary accommodation,54,54,0,0,0
S01012842,All household spaces,203,198,5,4,1
S01012842,Whole house or bungalow: Total,174,169,5,4,1
S01012842,Whole house or bungalow: Detached,39,34,5,4,1
S01012842,Whole house or bungalow: Semi-detached,64,64,0,0,0
S01012842,Whole house or bungalow: Terraced (including end-terrace),71,71,0,0,0
S01012842,Flat maisonette or apartment or mobile/temporary accommodation,29,29,0,0,0
S01012843,All household spaces,382,381,1,0,1
S01012843,Whole house or bungalow: Total,326,325,1,0,1
S01012843,Whole house or bungalow: Detached,94,94,0,0,0
S01012843,Whole house or bungalow: Semi-detached,223,222,1,0,1
S01012843,Whole house or bungalow: Terraced (including end-terrace),9,9,0,0,0
S01012843,Flat maisonette or apartment or mobile/temporary accommodation,56,56,0,0,0
S01012844,All household spaces,256,249,7,0,7
S01012844,Whole house or bungalow: Total,222,218,4,0,4
S01012844,Whole house or bungalow: Detached,58,56,2,0,2
S01012844,Whole house or bungalow: Semi-detached,158,156,2,0,2
S01012844,Whole house or bungalow: Terraced (including end-terrace),6,6,0,0,0
S01012844,Flat maisonette or apartment or mobile/temporary accommodation,34,31,3,0,3
S01012845,All household spaces,282,281,1,0,1
S01012845,Whole house or bungalow: Total,192,191,1,0,1
S01012845,Whole house or bungalow: Detached,58,58,0,0,0
S01012845,Whole house or bungalow: Semi-detached,98,97,1,0,1
S01012845,Whole house or bungalow: Terraced (including end-terrace),36,36,0,0,0
S01012845,Flat maisonette or apartment or mobile/temporary accommodation,90,90,0,0,0
S01012846,All household spaces,571,543,28,2,26
S01012846,Whole house or bungalow: Total,94,94,0,0,0
S01012846,Whole house or bungalow: Detached,16,16,0,0,0
S01012846,Whole house or bungalow: Semi-detached,70,70,0,0,0
S01012846,Whole house or bungalow: Terraced (including end-terrace),8,8,0,0,0
S01012846,Flat maisonette or apartment or mobile/temporary accommodation,477,449,28,2,26
S01012847,All household spaces,255,249,6,1,5
S01012847,Whole house or bungalow: Total,162,158,4,1,3
S01012847,Whole house or bungalow: Detached,45,42,3,1,2
S01012847,Whole house or bungalow: Semi-detached,107,107,0,0,0
S01012847,Whole house or bungalow: Terraced (including end-terrace),10,9,1,0,1
S01012847,Flat maisonette or apartment or mobile/temporary accommodation,93,91,2,0,2
S01012848,All household spaces,284,283,1,0,1
S01012848,Whole house or bungalow: Total,234,233,1,0,1
S01012848,Whole house or bungalow: Detached,58,58,0,0,0
S01012848,Whole house or bungalow: Semi-detached,140,139,1,0,1
S01012848,Whole house or bungalow: Terraced (including end-terrace),36,36,0,0,0
S01012848,Flat maisonette or apartment or mobile/temporary accommodation,50,50,0,0,0
S01012849,All household spaces,350,345,5,0,5
S01012849,Whole house or bungalow: Total,134,132,2,0,2
S01012849,Whole house or bungalow: Detached,26,25,1,0,1
S01012849,Whole house or bungalow: Semi-detached,62,61,1,0,1
S01012849,Whole house or bungalow: Terraced (including end-terrace),46,46,0,0,0
S01012849,Flat maisonette or apartment or mobile/temporary accommodation,216,213,3,0,3
S01012850,All household spaces,344,339,5,0,5
S01012850,Whole house or bungalow: Total,232,227,5,0,5
S01012850,Whole house or bungalow: Detached,3,3,0,0,0
S01012850,Whole house or bungalow: Semi-detached,92,92,0,0,0
S01012850,Whole house or bungalow: Terraced (including end-terrace),137,132,5,0,5
S01012850,Flat maisonette or apartment or mobile/temporary accommodation,112,112,0,0,0
S01012851,All household spaces,386,374,12,7,5
S01012851,Whole house or bungalow: Total,316,304,12,7,5
S01012851,Whole house or bungalow: Detached,56,55,1,1,0
S01012851,Whole house or bungalow: Semi-detached,124,124,0,0,0
S01012851,Whole house or bungalow: Terraced (including end-terrace),136,125,11,6,5
S01012851,Flat maisonette or apartment or mobile/temporary accommodation,70,70,0,0,0
S01012852,All household spaces,302,298,4,1,3
S01012852,Whole house or bungalow: Total,223,221,2,0,2
S01012852,Whole house or bungalow: Detached,31,31,0,0,0
S01012852,Whole house or bungalow: Semi-detached,157,155,2,0,2
S01012852,Whole house or bungalow: Terraced (including end-terrace),35,35,0,0,0
S01012852,Flat maisonette or apartment or mobile/temporary accommodation,79,77,2,1,1
S01012853,All household spaces,341,338,3,2,1
S01012853,Whole house or bungalow: Total,326,323,3,2,1
S01012853,Whole house or bungalow: Detached,17,16,1,0,1
S01012853,Whole house or bungalow: Semi-detached,279,278,1,1,0
S01012853,Whole house or bungalow: Terraced (including end-terrace),30,29,1,1,0
S01012853,Flat maisonette or apartment or mobile/temporary accommodation,15,15,0,0,0
S01012854,All household spaces,376,374,2,0,2
S01012854,Whole house or bungalow: Total,122,121,1,0,1
S01012854,Whole house or bungalow: Detached,7,6,1,0,1
S01012854,Whole house or bungalow: Semi-detached,59,59,0,0,0
S01012854,Whole house or bungalow: Terraced (including end-terrace),56,56,0,0,0
S01012854,Flat maisonette or apartment or mobile/temporary accommodation,254,253,1,0,1
S01012855,All household spaces,287,284,3,0,3
S01012855,Whole house or bungalow: Total,121,121,0,0,0
S01012855,Whole house or bungalow: Detached,8,8,0,0,0
S01012855,Whole house or bungalow: Semi-detached,76,76,0,0,0
S01012855,Whole house or bungalow: Terraced (including end-terrace),37,37,0,0,0
S01012855,Flat maisonette or apartment or mobile/temporary accommodation,166,163,3,0,3
S01012856,All household spaces,437,414,23,0,23
S01012856,Whole house or bungalow: Total,96,92,4,0,4
S01012856,Whole house or bungalow: Detached,9,9,0,0,0
S01012856,Whole house or bungalow: Semi-detached,40,39,1,0,1
S01012856,Whole house or bungalow: Terraced (including end-terrace),47,44,3,0,3
S01012856,Flat maisonette or apartment or mobile/temporary accommodation,341,322,19,0,19
S01012857,All household spaces,482,472,10,0,10
S01012857,Whole house or bungalow: Total,135,130,5,0,5
S01012857,Whole house or bungalow: Detached,6,6,0,0,0
S01012857,Whole house or bungalow: Semi-detached,90,87,3,0,3
S01012857,Whole house or bungalow: Terraced (including end-terrace),39,37,2,0,2
S01012857,Flat maisonette or apartment or mobile/temporary accommodation,347,342,5,0,5
S01012858,All household spaces,427,422,5,0,5
S01012858,Whole house or bungalow: Total,77,77,0,0,0
S01012858,Whole house or bungalow: Detached,4,4,0,0,0
S01012858,Whole house or bungalow: Semi-detached,41,41,0,0,0
S01012858,Whole house or bungalow: Terraced (including end-terrace),32,32,0,0,0
S01012858,Flat maisonette or apartment or mobile/temporary accommodation,350,345,5,0,5
S01012859,All household spaces,551,530,21,0,21
S01012859,Whole house or bungalow: Total,145,142,3,0,3
S01012859,Whole house or bungalow: Detached,20,19,1,0,1
S01012859,Whole house or bungalow: Semi-detached,63,63,0,0,0
S01012859,Whole house or bungalow: Terraced (including end-terrace),62,60,2,0,2
S01012859,Flat maisonette or apartment or mobile/temporary accommodation,406,388,18,0,18
S01012860,All household spaces,390,382,8,1,7
S01012860,Whole house or bungalow: Total,196,191,5,1,4
S01012860,Whole house or bungalow: Detached,40,39,1,1,0
S01012860,Whole house or bungalow: Semi-detached,78,75,3,0,3
S01012860,Whole house or bungalow: Terraced (including end-terrace),78,77,1,0,1
S01012860,Flat maisonette or apartment or mobile/temporary accommodation,194,191,3,0,3
S01012861,All household spaces,329,322,7,0,7
S01012861,Whole house or bungalow: Total,159,153,6,0,6
S01012861,Whole house or bungalow: Detached,28,25,3,0,3
S01012861,Whole house or bungalow: Semi-detached,55,53,2,0,2
S01012861,Whole house or bungalow: Terraced (including end-terrace),76,75,1,0,1
S01012861,Flat maisonette or apartment or mobile/temporary accommodation,170,169,1,0,1
S01012862,All household spaces,389,369,20,0,20
S01012862,Whole house or bungalow: Total,28,27,1,0,1
S01012862,Whole house or bungalow: Detached,3,3,0,0,0
S01012862,Whole house or bungalow: Semi-detached,8,8,0,0,0
S01012862,Whole house or bungalow: Terraced (including end-terrace),17,16,1,0,1
S01012862,Flat maisonette or apartment or mobile/temporary accommodation,361,342,19,0,19
S01012863,All household spaces,475,424,51,0,51
S01012863,Whole house or bungalow: Total,31,31,0,0,0
S01012863,Whole house or bungalow: Detached,4,4,0,0,0
S01012863,Whole house or bungalow: Semi-detached,9,9,0,0,0
S01012863,Whole house or bungalow: Terraced (including end-terrace),18,18,0,0,0
S01012863,Flat maisonette or apartment or mobile/temporary accommodation,444,393,51,0,51
S01012864,All household spaces,479,469,10,0,10
S01012864,Whole house or bungalow: Total,20,20,0,0,0
S01012864,Whole house or bungalow: Detached,5,5,0,0,0
S01012864,Whole house or bungalow: Semi-detached,2,2,0,0,0
S01012864,Whole house or bungalow: Terraced (including end-terrace),13,13,0,0,0
S01012864,Flat maisonette or apartment or mobile/temporary accommodation,459,449,10,0,10
S01012865,All household spaces,399,390,9,0,9
S01012865,Whole house or bungalow: Total,166,166,0,0,0
S01012865,Whole house or bungalow: Detached,8,8,0,0,0
S01012865,Whole house or bungalow: Semi-detached,84,84,0,0,0
S01012865,Whole house or bungalow: Terraced (including end-terrace),74,74,0,0,0
S01012865,Flat maisonette or apartment or mobile/temporary accommodation,233,224,9,0,9
S01012866,All household spaces,378,374,4,0,4
S01012866,Whole house or bungalow: Total,149,146,3,0,3
S01012866,Whole house or bungalow: Detached,16,15,1,0,1
S01012866,Whole house or bungalow: Semi-detached,65,64,1,0,1
S01012866,Whole house or bungalow: Terraced (including end-terrace),68,67,1,0,1
S01012866,Flat maisonette or apartment or mobile/temporary accommodation,229,228,1,0,1
S01012867,All household spaces,400,396,4,1,3
S01012867,Whole house or bungalow: Total,126,124,2,0,2
S01012867,Whole house or bungalow: Detached,1,1,0,0,0
S01012867,Whole house or bungalow: Semi-detached,59,59,0,0,0
S01012867,Whole house or bungalow: Terraced (including end-terrace),66,64,2,0,2
S01012867,Flat maisonette or apartment or mobile/temporary accommodation,274,272,2,1,1
S01012868,All household spaces,337,321,16,0,16
S01012868,Whole house or bungalow: Total,33,32,1,0,1
S01012868,Whole house or bungalow: Detached,2,2,0,0,0
S01012868,Whole house or bungalow: Semi-detached,23,23,0,0,0
S01012868,Whole house or bungalow: Terraced (including end-terrace),8,7,1,0,1
S01012868,Flat maisonette or apartment or mobile/temporary accommodation,304,289,15,0,15
S01012869,All household spaces,263,257,6,0,6
S01012869,Whole house or bungalow: Total,92,87,5,0,5
S01012869,Whole house or bungalow: Detached,5,5,0,0,0
S01012869,Whole house or bungalow: Semi-detached,47,46,1,0,1
S01012869,Whole house or bungalow: Terraced (including end-terrace),40,36,4,0,4
S01012869,Flat maisonette or apartment or mobile/temporary accommodation,171,170,1,0,1
S01012870,All household spaces,454,450,4,0,4
S01012870,Whole house or bungalow: Total,358,355,3,0,3
S01012870,Whole house or bungalow: Detached,47,45,2,0,2
S01012870,Whole house or bungalow: Semi-detached,114,114,0,0,0
S01012870,Whole house or bungalow: Terraced (including end-terrace),197,196,1,0,1
S01012870,Flat maisonette or apartment or mobile/temporary accommodation,96,95,1,0,1
S01012871,All household spaces,390,384,6,0,6
S01012871,Whole house or bungalow: Total,180,180,0,0,0
S01012871,Whole house or bungalow: Detached,12,12,0,0,0
S01012871,Whole house or bungalow: Semi-detached,162,162,0,0,0
S01012871,Whole house or bungalow: Terraced (including end-terrace),6,6,0,0,0
S01012871,Flat maisonette or apartment or mobile/temporary accommodation,210,204,6,0,6
S01012872,All household spaces,328,318,10,0,10
S01012872,Whole house or bungalow: Total,36,36,0,0,0
S01012872,Whole house or bungalow: Detached,5,5,0,0,0
S01012872,Whole house or bungalow: Semi-detached,21,21,0,0,0
S01012872,Whole house or bungalow: Terraced (including end-terrace),10,10,0,0,0
S01012872,Flat maisonette or apartment or mobile/temporary accommodation,292,282,10,0,10
S01012873,All household spaces,339,338,1,0,1
S01012873,Whole house or bungalow: Total,112,111,1,0,1
S01012873,Whole house or bungalow: Detached,11,11,0,0,0
S01012873,Whole house or bungalow: Semi-detached,78,77,1,0,1
S01012873,Whole house or bungalow: Terraced (including end-terrace),23,23,0,0,0
S01012873,Flat maisonette or apartment or mobile/temporary accommodation,227,227,0,0,0
S01012874,All household spaces,385,383,2,0,2
S01012874,Whole house or bungalow: Total,191,191,0,0,0
S01012874,Whole house or bungalow: Detached,19,19,0,0,0
S01012874,Whole house or bungalow: Semi-detached,63,63,0,0,0
S01012874,Whole house or bungalow: Terraced (including end-terrace),109,109,0,0,0
S01012874,Flat maisonette or apartment or mobile/temporary accommodation,194,192,2,0,2
S01012875,All household spaces,291,277,14,0,14
S01012875,Whole house or bungalow: Total,138,136,2,0,2
S01012875,Whole house or bungalow: Detached,6,6,0,0,0
S01012875,Whole house or bungalow: Semi-detached,37,37,0,0,0
S01012875,Whole house or bungalow: Terraced (including end-terrace),95,93,2,0,2
S01012875,Flat maisonette or apartment or mobile/temporary accommodation,153,141,12,0,12
S01012876,All household spaces,381,371,10,0,10
S01012876,Whole house or bungalow: Total,215,214,1,0,1
S01012876,Whole house or bungalow: Detached,6,6,0,0,0
S01012876,Whole house or bungalow: Semi-detached,81,80,1,0,1
S01012876,Whole house or bungalow: Terraced (including end-terrace),128,128,0,0,0
S01012876,Flat maisonette or apartment or mobile/temporary accommodation,166,157,9,0,9
S01012877,All household spaces,334,331,3,0,3
S01012877,Whole house or bungalow: Total,271,269,2,0,2
S01012877,Whole house or bungalow: Detached,6,6,0,0,0
S01012877,Whole house or bungalow: Semi-detached,100,98,2,0,2
S01012877,Whole house or bungalow: Terraced (including end-terrace),165,165,0,0,0
S01012877,Flat maisonette or apartment or mobile/temporary accommodation,63,62,1,0,1
S01012878,All household spaces,379,373,6,0,6
S01012878,Whole house or bungalow: Total,306,303,3,0,3
S01012878,Whole house or bungalow: Detached,92,91,1,0,1
S01012878,Whole house or bungalow: Semi-detached,186,185,1,0,1
S01012878,Whole house or bungalow: Terraced (including end-terrace),28,27,1,0,1
S01012878,Flat maisonette or apartment or mobile/temporary accommodation,73,70,3,0,3
S01012879,All household spaces,327,323,4,1,3
S01012879,Whole house or bungalow: Total,203,201,2,0,2
S01012879,Whole house or bungalow: Detached,13,12,1,0,1
S01012879,Whole house or bungalow: Semi-detached,135,134,1,0,1
S01012879,Whole house or bungalow: Terraced (including end-terrace),55,55,0,0,0
S01012879,Flat maisonette or apartment or mobile/temporary accommodation,124,122,2,1,1
S01012880,All household spaces,381,374,7,0,7
S01012880,Whole house or bungalow: Total,296,295,1,0,1
S01012880,Whole house or bungalow: Detached,40,40,0,0,0
S01012880,Whole house or bungalow: Semi-detached,204,203,1,0,1
S01012880,Whole house or bungalow: Terraced (including end-terrace),52,52,0,0,0
S01012880,Flat maisonette or apartment or mobile/temporary accommodation,85,79,6,0,6
S01012881,All household spaces,413,406,7,2,5
S01012881,Whole house or bungalow: Total,249,245,4,1,3
S01012881,Whole house or bungalow: Detached,62,59,3,1,2
S01012881,Whole house or bungalow: Semi-detached,127,127,0,0,0
S01012881,Whole house or bungalow: Terraced (including end-terrace),60,59,1,0,1
S01012881,Flat maisonette or apartment or mobile/temporary accommodation,164,161,3,1,2
S01012882,All household spaces,290,287,3,0,3
S01012882,Whole house or bungalow: Total,107,107,0,0,0
S01012882,Whole house or bungalow: Detached,7,7,0,0,0
S01012882,Whole house or bungalow: Semi-detached,81,81,0,0,0
S01012882,Whole house or bungalow: Terraced (including end-terrace),19,19,0,0,0
S01012882,Flat maisonette or apartment or mobile/temporary accommodation,183,180,3,0,3
S01012883,All household spaces,382,378,4,0,4
S01012883,Whole house or bungalow: Total,102,100,2,0,2
S01012883,Whole house or bungalow: Detached,15,15,0,0,0
S01012883,Whole house or bungalow: Semi-detached,53,51,2,0,2
S01012883,Whole house or bungalow: Terraced (including end-terrace),34,34,0,0,0
S01012883,Flat maisonette or apartment or mobile/temporary accommodation,280,278,2,0,2
S01012884,All household spaces,292,285,7,0,7
S01012884,Whole house or bungalow: Total,91,90,1,0,1
S01012884,Whole house or bungalow: Detached,15,14,1,0,1
S01012884,Whole house or bungalow: Semi-detached,59,59,0,0,0
S01012884,Whole house or bungalow: Terraced (including end-terrace),17,17,0,0,0
S01012884,Flat maisonette or apartment or mobile/temporary accommodation,201,195,6,0,6
S01012885,All household spaces,270,270,0,0,0
S01012885,Whole house or bungalow: Total,73,73,0,0,0
S01012885,Whole house or bungalow: Detached,3,3,0,0,0
S01012885,Whole house or bungalow: Semi-detached,6,6,0,0,0
S01012885,Whole house or bungalow: Terraced (including end-terrace),64,64,0,0,0
S01012885,Flat maisonette or apartment or mobile/temporary accommodation,197,197,0,0,0
S01012886,All household spaces,318,315,3,1,2
S01012886,Whole house or bungalow: Total,275,272,3,1,2
S01012886,Whole house or bungalow: Detached,54,53,1,0,1
S01012886,Whole house or bungalow: Semi-detached,169,167,2,1,1
S01012886,Whole house or bungalow: Terraced (including end-terrace),52,52,0,0,0
S01012886,Flat maisonette or apartment or mobile/temporary accommodation,43,43,0,0,0
S01012887,All household spaces,360,352,8,1,7
S01012887,Whole house or bungalow: Total,232,227,5,1,4
S01012887,Whole house or bungalow: Detached,95,92,3,1,2
S01012887,Whole house or bungalow: Semi-detached,82,82,0,0,0
S01012887,Whole house or bungalow: Terraced (including end-terrace),55,53,2,0,2
S01012887,Flat maisonette or apartment or mobile/temporary accommodation,128,125,3,0,3
S01012888,All household spaces,335,333,2,0,2
S01012888,Whole house or bungalow: Total,291,289,2,0,2
S01012888,Whole house or bungalow: Detached,87,86,1,0,1
S01012888,Whole house or bungalow: Semi-detached,176,175,1,0,1
S01012888,Whole house or bungalow: Terraced (including end-terrace),28,28,0,0,0
S01012888,Flat maisonette or apartment or mobile/temporary accommodation,44,44,0,0,0
S01012889,All household spaces,354,342,12,0,12
S01012889,Whole house or bungalow: Total,326,316,10,0,10
S01012889,Whole house or bungalow: Detached,192,185,7,0,7
S01012889,Whole house or bungalow: Semi-detached,49,47,2,0,2
S01012889,Whole house or bungalow: Terraced (including end-terrace),85,84,1,0,1
S01012889,Flat maisonette or apartment or mobile/temporary accommodation,28,26,2,0,2
S01012890,All household spaces,315,300,15,1,14
S01012890,Whole house or bungalow: Total,220,217,3,0,3
S01012890,Whole house or bungalow: Detached,38,36,2,0,2
S01012890,Whole house or bungalow: Semi-detached,55,55,0,0,0
S01012890,Whole house or bungalow: Terraced (including end-terrace),127,126,1,0,1
S01012890,Flat maisonette or apartment or mobile/temporary accommodation,95,83,12,1,11
S01012891,All household spaces,261,255,6,0,6
S01012891,Whole house or bungalow: Total,209,203,6,0,6
S01012891,Whole house or bungalow: Detached,22,21,1,0,1
S01012891,Whole house or bungalow: Semi-detached,54,51,3,0,3
S01012891,Whole house or bungalow: Terraced (including end-terrace),133,131,2,0,2
S01012891,Flat maisonette or apartment or mobile/temporary accommodation,52,52,0,0,0
S01012892,All household spaces,574,566,8,3,5
S01012892,Whole house or bungalow: Total,327,322,5,3,2
S01012892,Whole house or bungalow: Detached,9,9,0,0,0
S01012892,Whole house or bungalow: Semi-detached,76,76,0,0,0
S01012892,Whole house or bungalow: Terraced (including end-terrace),242,237,5,3,2
S01012892,Flat maisonette or apartment or mobile/temporary accommodation,247,244,3,0,3
S01012893,All household spaces,375,369,6,0,6
S01012893,Whole house or bungalow: Total,132,129,3,0,3
S01012893,Whole house or bungalow: Detached,5,5,0,0,0
S01012893,Whole house or bungalow: Semi-detached,32,32,0,0,0
S01012893,Whole house or bungalow: Terraced (including end-terrace),95,92,3,0,3
S01012893,Flat maisonette or apartment or mobile/temporary accommodation,243,240,3,0,3
S01012894,All household spaces,316,311,5,0,5
S01012894,Whole house or bungalow: Total,268,265,3,0,3
S01012894,Whole house or bungalow: Detached,137,134,3,0,3
S01012894,Whole house or bungalow: Semi-detached,94,94,0,0,0
S01012894,Whole house or bungalow: Terraced (including end-terrace),37,37,0,0,0
S01012894,Flat maisonette or apartment or mobile/temporary accommodation,48,46,2,0,2
S01012895,All household spaces,199,197,2,0,2
S01012895,Whole house or bungalow: Total,175,173,2,0,2
S01012895,Whole house or bungalow: Detached,111,109,2,0,2
S01012895,Whole house or bungalow: Semi-detached,49,49,0,0,0
S01012895,Whole house or bungalow: Terraced (including end-terrace),15,15,0,0,0
S01012895,Flat maisonette or apartment or mobile/temporary accommodation,24,24,0,0,0
S01012896,All household spaces,490,482,8,2,6
S01012896,Whole house or bungalow: Total,132,132,0,0,0
S01012896,Whole house or bungalow: Detached,2,2,0,0,0
S01012896,Whole house or bungalow: Semi-detached,11,11,0,0,0
S01012896,Whole house or bungalow: Terraced (including end-terrace),119,119,0,0,0
S01012896,Flat maisonette or apartment or mobile/temporary accommodation,358,350,8,2,6
S01012897,All household spaces,251,248,3,0,3
S01012897,Whole house or bungalow: Total,245,242,3,0,3
S01012897,Whole house or bungalow: Detached,73,71,2,0,2
S01012897,Whole house or bungalow: Semi-detached,139,139,0,0,0
S01012897,Whole house or bungalow: Terraced (including end-terrace),33,32,1,0,1
S01012897,Flat maisonette or apartment or mobile/temporary accommodation,6,6,0,0,0
S01012898,All household spaces,179,177,2,0,2
S01012898,Whole house or bungalow: Total,177,175,2,0,2
S01012898,Whole house or bungalow: Detached,161,159,2,0,2
S01012898,Whole house or bungalow: Semi-detached,11,11,0,0,0
S01012898,Whole house or bungalow: Terraced (including end-terrace),5,5,0,0,0
S01012898,Flat maisonette or apartment or mobile/temporary accommodation,2,2,0,0,0
S01012899,All household spaces,319,317,2,0,2
S01012899,Whole house or bungalow: Total,68,68,0,0,0
S01012899,Whole house or bungalow: Detached,2,2,0,0,0
S01012899,Whole house or bungalow: Semi-detached,2,2,0,0,0
S01012899,Whole house or bungalow: Terraced (including end-terrace),64,64,0,0,0
S01012899,Flat maisonette or apartment or mobile/temporary accommodation,251,249,2,0,2
S01012900,All household spaces,236,226,10,0,10
S01012900,Whole house or bungalow: Total,206,204,2,0,2
S01012900,Whole house or bungalow: Detached,103,101,2,0,2
S01012900,Whole house or bungalow: Semi-detached,44,44,0,0,0
S01012900,Whole house or bungalow: Terraced (including end-terrace),59,59,0,0,0
S01012900,Flat maisonette or apartment or mobile/temporary accommodation,30,22,8,0,8
S01012901,All household spaces,347,336,11,1,10
S01012901,Whole house or bungalow: Total,198,194,4,0,4
S01012901,Whole house or bungalow: Detached,3,3,0,0,0
S01012901,Whole house or bungalow: Semi-detached,8,8,0,0,0
S01012901,Whole house or bungalow: Terraced (including end-terrace),187,183,4,0,4
S01012901,Flat maisonette or apartment or mobile/temporary accommodation,149,142,7,1,6
S01012902,All household spaces,362,359,3,0,3
S01012902,Whole house or bungalow: Total,215,214,1,0,1
S01012902,Whole house or bungalow: Detached,13,13,0,0,0
S01012902,Whole house or bungalow: Semi-detached,30,30,0,0,0
S01012902,Whole house or bungalow: Terraced (including end-terrace),172,171,1,0,1
S01012902,Flat maisonette or apartment or mobile/temporary accommodation,147,145,2,0,2
S01012903,All household spaces,410,400,10,0,10
S01012903,Whole house or bungalow: Total,232,229,3,0,3
S01012903,Whole house or bungalow: Detached,3,3,0,0,0
S01012903,Whole house or bungalow: Semi-detached,9,9,0,0,0
S01012903,Whole house or bungalow: Terraced (including end-terrace),220,217,3,0,3
S01012903,Flat maisonette or apartment or mobile/temporary accommodation,178,171,7,0,7
S01012904,All household spaces,384,371,13,0,13
S01012904,Whole house or bungalow: Total,209,206,3,0,3
S01012904,Whole house or bungalow: Detached,6,6,0,0,0
S01012904,Whole house or bungalow: Semi-detached,9,9,0,0,0
S01012904,Whole house or bungalow: Terraced (including end-terrace),194,191,3,0,3
S01012904,Flat maisonette or apartment or mobile/temporary accommodation,175,165,10,0,10
S01012905,All household spaces,277,272,5,0,5
S01012905,Whole house or bungalow: Total,197,196,1,0,1
S01012905,Whole house or bungalow: Detached,5,5,0,0,0
S01012905,Whole house or bungalow: Semi-detached,32,32,0,0,0
S01012905,Whole house or bungalow: Terraced (including end-terrace),160,159,1,0,1
S01012905,Flat maisonette or apartment or mobile/temporary accommodation,80,76,4,0,4
S01012906,All household spaces,489,482,7,0,7
S01012906,Whole house or bungalow: Total,263,262,1,0,1
S01012906,Whole house or bungalow: Detached,19,19,0,0,0
S01012906,Whole house or bungalow: Semi-detached,31,31,0,0,0
S01012906,Whole house or bungalow: Terraced (including end-terrace),213,212,1,0,1
S01012906,Flat maisonette or apartment or mobile/temporary accommodation,226,220,6,0,6
S01012907,All household spaces,464,449,15,0,15
S01012907,Whole house or bungalow: Total,289,282,7,0,7
S01012907,Whole house or bungalow: Detached,5,5,0,0,0
S01012907,Whole house or bungalow: Semi-detached,52,52,0,0,0
S01012907,Whole house or bungalow: Terraced (including end-terrace),232,225,7,0,7
S01012907,Flat maisonette or apartment or mobile/temporary accommodation,175,167,8,0,8
S01012908,All household spaces,363,355,8,0,8
S01012908,Whole house or bungalow: Total,210,203,7,0,7
S01012908,Whole house or bungalow: Detached,2,2,0,0,0
S01012908,Whole house or bungalow: Semi-detached,19,19,0,0,0
S01012908,Whole house or bungalow: Terraced (including end-terrace),189,182,7,0,7
S01012908,Flat maisonette or apartment or mobile/temporary accommodation,153,152,1,0,1
S01012909,All household spaces,337,331,6,3,3
S01012909,Whole house or bungalow: Total,205,202,3,0,3
S01012909,Whole house or bungalow: Detached,6,6,0,0,0
S01012909,Whole house or bungalow: Semi-detached,39,39,0,0,0
S01012909,Whole house or bungalow: Terraced (including end-terrace),160,157,3,0,3
S01012909,Flat maisonette or apartment or mobile/temporary accommodation,132,129,3,3,0
S01012910,All household spaces,490,485,5,0,5
S01012910,Whole house or bungalow: Total,185,183,2,0,2
S01012910,Whole house or bungalow: Detached,5,5,0,0,0
S01012910,Whole house or bungalow: Semi-detached,23,23,0,0,0
S01012910,Whole house or bungalow: Terraced (including end-terrace),157,155,2,0,2
S01012910,Flat maisonette or apartment or mobile/temporary accommodation,305,302,3,0,3
S01012911,All household spaces,348,340,8,0,8
S01012911,Whole house or bungalow: Total,239,235,4,0,4
S01012911,Whole house or bungalow: Detached,23,22,1,0,1
S01012911,Whole house or bungalow: Semi-detached,76,73,3,0,3
S01012911,Whole house or bungalow: Terraced (including end-terrace),140,140,0,0,0
S01012911,Flat maisonette or apartment or mobile/temporary accommodation,109,105,4,0,4
S01012912,All household spaces,350,339,11,0,11
S01012912,Whole house or bungalow: Total,204,198,6,0,6
S01012912,Whole house or bungalow: Detached,3,3,0,0,0
S01012912,Whole house or bungalow: Semi-detached,46,46,0,0,0
S01012912,Whole house or bungalow: Terraced (including end-terrace),155,149,6,0,6
S01012912,Flat maisonette or apartment or mobile/temporary accommodation,146,141,5,0,5
S01012913,All household spaces,425,417,8,0,8
S01012913,Whole house or bungalow: Total,271,266,5,0,5
S01012913,Whole house or bungalow: Detached,8,8,0,0,0
S01012913,Whole house or bungalow: Semi-detached,72,71,1,0,1
S01012913,Whole house or bungalow: Terraced (including end-terrace),191,187,4,0,4
S01012913,Flat maisonette or apartment or mobile/temporary accommodation,154,151,3,0,3
S01012914,All household spaces,412,410,2,1,1
S01012914,Whole house or bungalow: Total,227,226,1,0,1
S01012914,Whole house or bungalow: Detached,21,21,0,0,0
S01012914,Whole house or bungalow: Semi-detached,50,49,1,0,1
S01012914,Whole house or bungalow: Terraced (including end-terrace),156,156,0,0,0
S01012914,Flat maisonette or apartment or mobile/temporary accommodation,185,184,1,1,0
S01012915,All household spaces,449,447,2,0,2
S01012915,Whole house or bungalow: Total,278,278,0,0,0
S01012915,Whole house or bungalow: Detached,110,110,0,0,0
S01012915,Whole house or bungalow: Semi-detached,109,109,0,0,0
S01012915,Whole house or bungalow: Terraced (including end-terrace),59,59,0,0,0
S01012915,Flat maisonette or apartment or mobile/temporary accommodation,171,169,2,0,2
S01012916,All household spaces,337,331,6,0,6
S01012916,Whole house or bungalow: Total,194,190,4,0,4
S01012916,Whole house or bungalow: Detached,21,21,0,0,0
S01012916,Whole house or bungalow: Semi-detached,40,40,0,0,0
S01012916,Whole house or bungalow: Terraced (including end-terrace),133,129,4,0,4
S01012916,Flat maisonette or apartment or mobile/temporary accommodation,143,141,2,0,2
S01012917,All household spaces,272,270,2,0,2
S01012917,Whole house or bungalow: Total,262,260,2,0,2
S01012917,Whole house or bungalow: Detached,40,38,2,0,2
S01012917,Whole house or bungalow: Semi-detached,38,38,0,0,0
S01012917,Whole house or bungalow: Terraced (including end-terrace),184,184,0,0,0
S01012917,Flat maisonette or apartment or mobile/temporary accommodation,10,10,0,0,0
S01012918,All household spaces,262,255,7,0,7
S01012918,Whole house or bungalow: Total,115,111,4,0,4
S01012918,Whole house or bungalow: Detached,0,0,0,0,0
S01012918,Whole house or bungalow: Semi-detached,2,2,0,0,0
S01012918,Whole house or bungalow: Terraced (including end-terrace),113,109,4,0,4
S01012918,Flat maisonette or apartment or mobile/temporary accommodation,147,144,3,0,3
S01012919,All household spaces,232,229,3,0,3
S01012919,Whole house or bungalow: Total,161,160,1,0,1
S01012919,Whole house or bungalow: Detached,4,4,0,0,0
S01012919,Whole house or bungalow: Semi-detached,5,5,0,0,0
S01012919,Whole house or bungalow: Terraced (including end-terrace),152,151,1,0,1
S01012919,Flat maisonette or apartment or mobile/temporary accommodation,71,69,2,0,2
S01012920,All household spaces,258,258,0,0,0
S01012920,Whole house or bungalow: Total,185,185,0,0,0
S01012920,Whole house or bungalow: Detached,91,91,0,0,0
S01012920,Whole house or bungalow: Semi-detached,61,61,0,0,0
S01012920,Whole house or bungalow: Terraced (including end-terrace),33,33,0,0,0
S01012920,Flat maisonette or apartment or mobile/temporary accommodation,73,73,0,0,0
S01012921,All household spaces,344,338,6,1,5
S01012921,Whole house or bungalow: Total,198,194,4,1,3
S01012921,Whole house or bungalow: Detached,4,4,0,0,0
S01012921,Whole house or bungalow: Semi-detached,14,14,0,0,0
S01012921,Whole house or bungalow: Terraced (including end-terrace),180,176,4,1,3
S01012921,Flat maisonette or apartment or mobile/temporary accommodation,146,144,2,0,2
S01012922,All household spaces,447,437,10,0,10
S01012922,Whole house or bungalow: Total,311,307,4,0,4
S01012922,Whole house or bungalow: Detached,39,38,1,0,1
S01012922,Whole house or bungalow: Semi-detached,54,52,2,0,2
S01012922,Whole house or bungalow: Terraced (including end-terrace),218,217,1,0,1
S01012922,Flat maisonette or apartment or mobile/temporary accommodation,136,130,6,0,6
S01012923,All household spaces,311,306,5,0,5
S01012923,Whole house or bungalow: Total,209,207,2,0,2
S01012923,Whole house or bungalow: Detached,6,6,0,0,0
S01012923,Whole house or bungalow: Semi-detached,7,7,0,0,0
S01012923,Whole house or bungalow: Terraced (including end-terrace),196,194,2,0,2
S01012923,Flat maisonette or apartment or mobile/temporary accommodation,102,99,3,0,3
S01012924,All household spaces,252,243,9,0,9
S01012924,Whole house or bungalow: Total,149,143,6,0,6
S01012924,Whole house or bungalow: Detached,3,3,0,0,0
S01012924,Whole house or bungalow: Semi-detached,5,5,0,0,0
S01012924,Whole house or bungalow: Terraced (including end-terrace),141,135,6,0,6
S01012924,Flat maisonette or apartment or mobile/temporary accommodation,103,100,3,0,3
S01012925,All household spaces,200,194,6,1,5
S01012925,Whole house or bungalow: Total,150,144,6,1,5
S01012925,Whole house or bungalow: Detached,52,50,2,0,2
S01012925,Whole house or bungalow: Semi-detached,66,63,3,1,2
S01012925,Whole house or bungalow: Terraced (including end-terrace),32,31,1,0,1
S01012925,Flat maisonette or apartment or mobile/temporary accommodation,50,50,0,0,0
S01012926,All household spaces,339,333,6,0,6
S01012926,Whole house or bungalow: Total,184,184,0,0,0
S01012926,Whole house or bungalow: Detached,22,22,0,0,0
S01012926,Whole house or bungalow: Semi-detached,20,20,0,0,0
S01012926,Whole house or bungalow: Terraced (including end-terrace),142,142,0,0,0
S01012926,Flat maisonette or apartment or mobile/temporary accommodation,155,149,6,0,6
S01012927,All household spaces,340,339,1,0,1
S01012927,Whole house or bungalow: Total,227,226,1,0,1
S01012927,Whole house or bungalow: Detached,5,5,0,0,0
S01012927,Whole house or bungalow: Semi-detached,8,8,0,0,0
S01012927,Whole house or bungalow: Terraced (including end-terrace),214,213,1,0,1
S01012927,Flat maisonette or apartment or mobile/temporary accommodation,113,113,0,0,0
S01012928,All household spaces,405,353,52,0,52
S01012928,Whole house or bungalow: Total,237,235,2,0,2
S01012928,Whole house or bungalow: Detached,70,69,1,0,1
S01012928,Whole house or bungalow: Semi-detached,13,13,0,0,0
S01012928,Whole house or bungalow: Terraced (including end-terrace),154,153,1,0,1
S01012928,Flat maisonette or apartment or mobile/temporary accommodation,168,118,50,0,50
S01012929,All household spaces,343,340,3,0,3
S01012929,Whole house or bungalow: Total,254,253,1,0,1
S01012929,Whole house or bungalow: Detached,29,29,0,0,0
S01012929,Whole house or bungalow: Semi-detached,25,24,1,0,1
S01012929,Whole house or bungalow: Terraced (including end-terrace),200,200,0,0,0
S01012929,Flat maisonette or apartment or mobile/temporary accommodation,89,87,2,0,2
S01012930,All household spaces,527,512,15,2,13
S01012930,Whole house or bungalow: Total,157,151,6,0,6
S01012930,Whole house or bungalow: Detached,25,24,1,0,1
S01012930,Whole house or bungalow: Semi-detached,88,85,3,0,3
S01012930,Whole house or bungalow: Terraced (including end-terrace),44,42,2,0,2
S01012930,Flat maisonette or apartment or mobile/temporary accommodation,370,361,9,2,7
S01012931,All household spaces,440,435,5,1,4
S01012931,Whole house or bungalow: Total,202,201,1,0,1
S01012931,Whole house or bungalow: Detached,28,28,0,0,0
S01012931,Whole house or bungalow: Semi-detached,79,79,0,0,0
S01012931,Whole house or bungalow: Terraced (including end-terrace),95,94,1,0,1
S01012931,Flat maisonette or apartment or mobile/temporary accommodation,238,234,4,1,3
S01012932,All household spaces,217,211,6,0,6
S01012932,Whole house or bungalow: Total,174,171,3,0,3
S01012932,Whole house or bungalow: Detached,67,66,1,0,1
S01012932,Whole house or bungalow: Semi-detached,63,61,2,0,2
S01012932,Whole house or bungalow: Terraced (including end-terrace),44,44,0,0,0
S01012932,Flat maisonette or apartment or mobile/temporary accommodation,43,40,3,0,3
S01012933,All household spaces,359,352,7,1,6
S01012933,Whole house or bungalow: Total,293,288,5,0,5
S01012933,Whole house or bungalow: Detached,35,34,1,0,1
S01012933,Whole house or bungalow: Semi-detached,164,163,1,0,1
S01012933,Whole house or bungalow: Terraced (including end-terrace),94,91,3,0,3
S01012933,Flat maisonette or apartment or mobile/temporary accommodation,66,64,2,1,1
S01012934,All household spaces,371,360,11,0,11
S01012934,Whole house or bungalow: Total,188,184,4,0,4
S01012934,Whole house or bungalow: Detached,28,28,0,0,0
S01012934,Whole house or bungalow: Semi-detached,121,118,3,0,3
S01012934,Whole house or bungalow: Terraced (including end-terrace),39,38,1,0,1
S01012934,Flat maisonette or apartment or mobile/temporary accommodation,183,176,7,0,7
S01012935,All household spaces,372,363,9,0,9
S01012935,Whole house or bungalow: Total,327,319,8,0,8
S01012935,Whole house or bungalow: Detached,16,16,0,0,0
S01012935,Whole house or bungalow: Semi-detached,119,118,1,0,1
S01012935,Whole house or bungalow: Terraced (including end-terrace),192,185,7,0,7
S01012935,Flat maisonette or apartment or mobile/temporary accommodation,45,44,1,0,1
S01012936,All household spaces,362,351,11,0,11
S01012936,Whole house or bungalow: Total,141,139,2,0,2
S01012936,Whole house or bungalow: Detached,37,37,0,0,0
S01012936,Whole house or bungalow: Semi-detached,38,38,0,0,0
S01012936,Whole house or bungalow: Terraced (including end-terrace),66,64,2,0,2
S01012936,Flat maisonette or apartment or mobile/temporary accommodation,221,212,9,0,9
S01012937,All household spaces,318,314,4,0,4
S01012937,Whole house or bungalow: Total,173,172,1,0,1
S01012937,Whole house or bungalow: Detached,43,43,0,0,0
S01012937,Whole house or bungalow: Semi-detached,25,24,1,0,1
S01012937,Whole house or bungalow: Terraced (including end-terrace),105,105,0,0,0
S01012937,Flat maisonette or apartment or mobile/temporary accommodation,145,142,3,0,3
S01012938,All household spaces,310,307,3,0,3
S01012938,Whole house or bungalow: Total,262,259,3,0,3
S01012938,Whole house or bungalow: Detached,189,187,2,0,2
S01012938,Whole house or bungalow: Semi-detached,61,61,0,0,0
S01012938,Whole house or bungalow: Terraced (including end-terrace),12,11,1,0,1
S01012938,Flat maisonette or apartment or mobile/temporary accommodation,48,48,0,0,0
S01012939,All household spaces,218,216,2,0,2
S01012939,Whole house or bungalow: Total,214,212,2,0,2
S01012939,Whole house or bungalow: Detached,166,164,2,0,2
S01012939,Whole house or bungalow: Semi-detached,44,44,0,0,0
S01012939,Whole house or bungalow: Terraced (including end-terrace),4,4,0,0,0
S01012939,Flat maisonette or apartment or mobile/temporary accommodation,4,4,0,0,0
S01012940,All household spaces,271,268,3,2,1
S01012940,Whole house or bungalow: Total,220,219,1,0,1
S01012940,Whole house or bungalow: Detached,138,137,1,0,1
S01012940,Whole house or bungalow: Semi-detached,76,76,0,0,0
S01012940,Whole house or bungalow: Terraced (including end-terrace),6,6,0,0,0
S01012940,Flat maisonette or apartment or mobile/temporary accommodation,51,49,2,2,0
S01012941,All household spaces,259,257,2,0,2
S01012941,Whole house or bungalow: Total,254,252,2,0,2
S01012941,Whole house or bungalow: Detached,231,229,2,0,2
S01012941,Whole house or bungalow: Semi-detached,20,20,0,0,0
S01012941,Whole house or bungalow: Terraced (including end-terrace),3,3,0,0,0
S01012941,Flat maisonette or apartment or mobile/temporary accommodation,5,5,0,0,0
S01012942,All household spaces,371,364,7,0,7
S01012942,Whole house or bungalow: Total,225,222,3,0,3
S01012942,Whole house or bungalow: Detached,4,4,0,0,0
S01012942,Whole house or bungalow: Semi-detached,24,24,0,0,0
S01012942,Whole house or bungalow: Terraced (including end-terrace),197,194,3,0,3
S01012942,Flat maisonette or apartment or mobile/temporary accommodation,146,142,4,0,4
S01012943,All household spaces,295,291,4,0,4
S01012943,Whole house or bungalow: Total,265,261,4,0,4
S01012943,Whole house or bungalow: Detached,96,95,1,0,1
S01012943,Whole house or bungalow: Semi-detached,85,84,1,0,1
S01012943,Whole house or bungalow: Terraced (including end-terrace),84,82,2,0,2
S01012943,Flat maisonette or apartment or mobile/temporary accommodation,30,30,0,0,0
S01012944,All household spaces,209,207,2,0,2
S01012944,Whole house or bungalow: Total,206,204,2,0,2
S01012944,Whole house or bungalow: Detached,131,129,2,0,2
S01012944,Whole house or bungalow: Semi-detached,73,73,0,0,0
S01012944,Whole house or bungalow: Terraced (including end-terrace),2,2,0,0,0
S01012944,Flat maisonette or apartment or mobile/temporary accommodation,3,3,0,0,0
S01012945,All household spaces,242,241,1,0,1
S01012945,Whole house or bungalow: Total,229,228,1,0,1
S01012945,Whole house or bungalow: Detached,194,193,1,0,1
S01012945,Whole house or bungalow: Semi-detached,30,30,0,0,0
S01012945,Whole house or bungalow: Terraced (including end-terrace),5,5,0,0,0
S01012945,Flat maisonette or apartment or mobile/temporary accommodation,13,13,0,0,0
S01012946,All household spaces,341,338,3,1,2
S01012946,Whole house or bungalow: Total,261,260,1,0,1
S01012946,Whole house or bungalow: Detached,162,161,1,0,1
S01012946,Whole house or bungalow: Semi-detached,88,88,0,0,0
S01012946,Whole house or bungalow: Terraced (including end-terrace),11,11,0,0,0
S01012946,Flat maisonette or apartment or mobile/temporary accommodation,80,78,2,1,1
S01012947,All household spaces,152,151,1,0,1
S01012947,Whole house or bungalow: Total,150,149,1,0,1
S01012947,Whole house or bungalow: Detached,143,142,1,0,1
S01012947,Whole house or bungalow: Semi-detached,4,4,0,0,0
S01012947,Whole house or bungalow: Terraced (including end-terrace),3,3,0,0,0
S01012947,Flat maisonette or apartment or mobile/temporary accommodation,2,2,0,0,0
S01012948,All household spaces,250,249,1,0,1
S01012948,Whole house or bungalow: Total,247,246,1,0,1
S01012948,Whole house or bungalow: Detached,95,94,1,0,1
S01012948,Whole house or bungalow: Semi-detached,146,146,0,0,0
S01012948,Whole house or bungalow: Terraced (including end-terrace),6,6,0,0,0
S01012948,Flat maisonette or apartment or mobile/temporary accommodation,3,3,0,0,0
S01012949,All household spaces,283,282,1,0,1
S01012949,Whole house or bungalow: Total,255,255,0,0,0
S01012949,Whole house or bungalow: Detached,122,122,0,0,0
S01012949,Whole house or bungalow: Semi-detached,78,78,0,0,0
S01012949,Whole house or bungalow: Terraced (including end-terrace),55,55,0,0,0
S01012949,Flat maisonette or apartment or mobile/temporary accommodation,28,27,1,0,1
S01012950,All household spaces,278,273,5,0,5
S01012950,Whole house or bungalow: Total,265,262,3,0,3
S01012950,Whole house or bungalow: Detached,238,235,3,0,3
S01012950,Whole house or bungalow: Semi-detached,18,18,0,0,0
S01012950,Whole house or bungalow: Terraced (including end-terrace),9,9,0,0,0
S01012950,Flat maisonette or apartment or mobile/temporary accommodation,13,11,2,0,2
S01012951,All household spaces,307,294,13,2,11
S01012951,Whole house or bungalow: Total,282,270,12,2,10
S01012951,Whole house or bungalow: Detached,251,239,12,2,10
S01012951,Whole house or bungalow: Semi-detached,19,19,0,0,0
S01012951,Whole house or bungalow: Terraced (including end-terrace),12,12,0,0,0
S01012951,Flat maisonette or apartment or mobile/temporary accommodation,25,24,1,0,1
S01012952,All household spaces,265,247,18,10,8
S01012952,Whole house or bungalow: Total,200,188,12,8,4
S01012952,Whole house or bungalow: Detached,183,171,12,8,4
S01012952,Whole house or bungalow: Semi-detached,15,15,0,0,0
S01012952,Whole house or bungalow: Terraced (including end-terrace),2,2,0,0,0
S01012952,Flat maisonette or apartment or mobile/temporary accommodation,65,59,6,2,4
S01012953,All household spaces,296,292,4,0,4
S01012953,Whole house or bungalow: Total,253,251,2,0,2
S01012953,Whole house or bungalow: Detached,72,72,0,0,0
S01012953,Whole house or bungalow: Semi-detached,134,134,0,0,0
S01012953,Whole house or bungalow: Terraced (including end-terrace),47,45,2,0,2
S01012953,Flat maisonette or apartment or mobile/temporary accommodation,43,41,2,0,2
S01012954,All household spaces,177,173,4,1,3
S01012954,Whole house or bungalow: Total,169,165,4,1,3
S01012954,Whole house or bungalow: Detached,21,21,0,0,0
S01012954,Whole house or bungalow: Semi-detached,134,131,3,1,2
S01012954,Whole house or bungalow: Terraced (including end-terrace),14,13,1,0,1
S01012954,Flat maisonette or apartment or mobile/temporary accommodation,8,8,0,0,0
S01012955,All household spaces,368,356,12,1,11
S01012955,Whole house or bungalow: Total,244,241,3,1,2
S01012955,Whole house or bungalow: Detached,163,160,3,1,2
S01012955,Whole house or bungalow: Semi-detached,59,59,0,0,0
S01012955,Whole house or bungalow: Terraced (including end-terrace),22,22,0,0,0
S01012955,Flat maisonette or apartment or mobile/temporary accommodation,124,115,9,0,9
S01012956,All household spaces,463,458,5,0,5
S01012956,Whole house or bungalow: Total,296,293,3,0,3
S01012956,Whole house or bungalow: Detached,83,82,1,0,1
S01012956,Whole house or bungalow: Semi-detached,32,32,0,0,0
S01012956,Whole house or bungalow: Terraced (including end-terrace),181,179,2,0,2
S01012956,Flat maisonette or apartment or mobile/temporary accommodation,167,165,2,0,2
S01012957,All household spaces,311,304,7,0,7
S01012957,Whole house or bungalow: Total,215,213,2,0,2
S01012957,Whole house or bungalow: Detached,19,19,0,0,0
S01012957,Whole house or bungalow: Semi-detached,49,49,0,0,0
S01012957,Whole house or bungalow: Terraced (including end-terrace),147,145,2,0,2
S01012957,Flat maisonette or apartment or mobile/temporary accommodation,96,91,5,0,5
S01012958,All household spaces,208,206,2,0,2
S01012958,Whole house or bungalow: Total,202,200,2,0,2
S01012958,Whole house or bungalow: Detached,21,20,1,0,1
S01012958,Whole house or bungalow: Semi-detached,91,91,0,0,0
S01012958,Whole house or bungalow: Terraced (including end-terrace),90,89,1,0,1
S01012958,Flat maisonette or apartment or mobile/temporary accommodation,6,6,0,0,0
S01012959,All household spaces,229,228,1,0,1
S01012959,Whole house or bungalow: Total,203,202,1,0,1
S01012959,Whole house or bungalow: Detached,60,60,0,0,0
S01012959,Whole house or bungalow: Semi-detached,82,82,0,0,0
S01012959,Whole house or bungalow: Terraced (including end-terrace),61,60,1,0,1
S01012959,Flat maisonette or apartment or mobile/temporary accommodation,26,26,0,0,0
S01012960,All household spaces,230,229,1,0,1
S01012960,Whole house or bungalow: Total,223,222,1,0,1
S01012960,Whole house or bungalow: Detached,82,82,0,0,0
S01012960,Whole house or bungalow: Semi-detached,107,106,1,0,1
S01012960,Whole house or bungalow: Terraced (including end-terrace),34,34,0,0,0
S01012960,Flat maisonette or apartment or mobile/temporary accommodation,7,7,0,0,0
S01012961,All household spaces,202,200,2,0,2
S01012961,Whole house or bungalow: Total,192,190,2,0,2
S01012961,Whole house or bungalow: Detached,75,74,1,0,1
S01012961,Whole house or bungalow: Semi-detached,89,89,0,0,0
S01012961,Whole house or bungalow: Terraced (including end-terrace),28,27,1,0,1
S01012961,Flat maisonette or apartment or mobile/temporary accommodation,10,10,0,0,0
S01012962,All household spaces,239,236,3,0,3
S01012962,Whole house or bungalow: Total,220,218,2,0,2
S01012962,Whole house or bungalow: Detached,125,123,2,0,2
S01012962,Whole house or bungalow: Semi-detached,58,58,0,0,0
S01012962,Whole house or bungalow: Terraced (including end-terrace),37,37,0,0,0
S01012962,Flat maisonette or apartment or mobile/temporary accommodation,19,18,1,0,1
S01012963,All household spaces,278,275,3,2,1
S01012963,Whole house or bungalow: Total,277,274,3,2,1
S01012963,Whole house or bungalow: Detached,243,240,3,2,1
S01012963,Whole house or bungalow: Semi-detached,22,22,0,0,0
S01012963,Whole house or bungalow: Terraced (including end-terrace),12,12,0,0,0
S01012963,Flat maisonette or apartment or mobile/temporary accommodation,1,1,0,0,0
S01012964,All household spaces,210,200,10,10,0
S01012964,Whole house or bungalow: Total,207,197,10,10,0
S01012964,Whole house or bungalow: Detached,180,170,10,10,0
S01012964,Whole house or bungalow: Semi-detached,17,17,0,0,0
S01012964,Whole house or bungalow: Terraced (including end-terrace),10,10,0,0,0
S01012964,Flat maisonette or apartment or mobile/temporary accommodation,3,3,0,0,0
S01012965,All household spaces,240,229,11,0,11
S01012965,Whole house or bungalow: Total,181,179,2,0,2
S01012965,Whole house or bungalow: Detached,113,111,2,0,2
S01012965,Whole house or bungalow: Semi-detached,59,59,0,0,0
S01012965,Whole house or bungalow: Terraced (including end-terrace),9,9,0,0,0
S01012965,Flat maisonette or apartment or mobile/temporary accommodation,59,50,9,0,9
S01012966,All household spaces,268,262,6,0,6
S01012966,Whole house or bungalow: Total,250,244,6,0,6
S01012966,Whole house or bungalow: Detached,62,61,1,0,1
S01012966,Whole house or bungalow: Semi-detached,49,48,1,0,1
S01012966,Whole house or bungalow: Terraced (including end-terrace),139,135,4,0,4
S01012966,Flat maisonette or apartment or mobile/temporary accommodation,18,18,0,0,0
S01012967,All household spaces,190,183,7,4,3
S01012967,Whole house or bungalow: Total,186,179,7,4,3
S01012967,Whole house or bungalow: Detached,10,10,0,0,0
S01012967,Whole house or bungalow: Semi-detached,17,17,0,0,0
S01012967,Whole house or bungalow: Terraced (including end-terrace),159,152,7,4,3
S01012967,Flat maisonette or apartment or mobile/temporary accommodation,4,4,0,0,0
S01012968,All household spaces,277,271,6,5,1
S01012968,Whole house or bungalow: Total,205,199,6,5,1
S01012968,Whole house or bungalow: Detached,4,4,0,0,0
S01012968,Whole house or bungalow: Semi-detached,15,15,0,0,0
S01012968,Whole house or bungalow: Terraced (including end-terrace),186,180,6,5,1
S01012968,Flat maisonette or apartment or mobile/temporary accommodation,72,72,0,0,0
S01012969,All household spaces,316,306,10,7,3
S01012969,Whole house or bungalow: Total,266,256,10,7,3
S01012969,Whole house or bungalow: Detached,13,13,0,0,0
S01012969,Whole house or bungalow: Semi-detached,41,41,0,0,0
S01012969,Whole house or bungalow: Terraced (including end-terrace),212,202,10,7,3
S01012969,Flat maisonette or apartment or mobile/temporary accommodation,50,50,0,0,0
S01012970,All household spaces,256,236,20,10,10
S01012970,Whole house or bungalow: Total,248,228,20,10,10
S01012970,Whole house or bungalow: Detached,5,5,0,0,0
S01012970,Whole house or bungalow: Semi-detached,58,58,0,0,0
S01012970,Whole house or bungalow: Terraced (including end-terrace),185,165,20,10,10
S01012970,Flat maisonette or apartment or mobile/temporary accommodation,8,8,0,0,0
S01012971,All household spaces,303,299,4,2,2
S01012971,Whole house or bungalow: Total,263,259,4,2,2
S01012971,Whole house or bungalow: Detached,15,15,0,0,0
S01012971,Whole house or bungalow: Semi-detached,58,58,0,0,0
S01012971,Whole house or bungalow: Terraced (including end-terrace),190,186,4,2,2
S01012971,Flat maisonette or apartment or mobile/temporary accommodation,40,40,0,0,0
S01012972,All household spaces,336,329,7,0,7
S01012972,Whole house or bungalow: Total,270,265,5,0,5
S01012972,Whole house or bungalow: Detached,15,15,0,0,0
S01012972,Whole house or bungalow: Semi-detached,47,47,0,0,0
S01012972,Whole house or bungalow: Terraced (including end-terrace),208,203,5,0,5
S01012972,Flat maisonette or apartment or mobile/temporary accommodation,66,64,2,0,2
S01012973,All household spaces,342,335,7,1,6
S01012973,Whole house or bungalow: Total,287,283,4,1,3
S01012973,Whole house or bungalow: Detached,22,22,0,0,0
S01012973,Whole house or bungalow: Semi-detached,9,9,0,0,0
S01012973,Whole house or bungalow: Terraced (including end-terrace),256,252,4,1,3
S01012973,Flat maisonette or apartment or mobile/temporary accommodation,55,52,3,0,3
S01012974,All household spaces,453,446,7,0,7
S01012974,Whole house or bungalow: Total,300,294,6,0,6
S01012974,Whole house or bungalow: Detached,7,7,0,0,0
S01012974,Whole house or bungalow: Semi-detached,29,28,1,0,1
S01012974,Whole house or bungalow: Terraced (including end-terrace),264,259,5,0,5
S01012974,Flat maisonette or apartment or mobile/temporary accommodation,153,152,1,0,1
S01012975,All household spaces,273,266,7,1,6
S01012975,Whole house or bungalow: Total,201,195,6,1,5
S01012975,Whole house or bungalow: Detached,11,11,0,0,0
S01012975,Whole house or bungalow: Semi-detached,13,13,0,0,0
S01012975,Whole house or bungalow: Terraced (including end-terrace),177,171,6,1,5
S01012975,Flat maisonette or apartment or mobile/temporary accommodation,72,71,1,0,1
S01012976,All household spaces,239,229,10,6,4
S01012976,Whole house or bungalow: Total,188,178,10,6,4
S01012976,Whole house or bungalow: Detached,6,6,0,0,0
S01012976,Whole house or bungalow: Semi-detached,11,11,0,0,0
S01012976,Whole house or bungalow: Terraced (including end-terrace),171,161,10,6,4
S01012976,Flat maisonette or apartment or mobile/temporary accommodation,51,51,0,0,0
S01012977,All household spaces,292,287,5,2,3
S01012977,Whole house or bungalow: Total,218,213,5,2,3
S01012977,Whole house or bungalow: Detached,3,3,0,0,0
S01012977,Whole house or bungalow: Semi-detached,16,16,0,0,0
S01012977,Whole house or bungalow: Terraced (including end-terrace),199,194,5,2,3
S01012977,Flat maisonette or apartment or mobile/temporary accommodation,74,74,0,0,0
S01012978,All household spaces,341,334,7,1,6
S01012978,Whole house or bungalow: Total,264,262,2,1,1
S01012978,Whole house or bungalow: Detached,10,10,0,0,0
S01012978,Whole house or bungalow: Semi-detached,18,18,0,0,0
S01012978,Whole house or bungalow: Terraced (including end-terrace),236,234,2,1,1
S01012978,Flat maisonette or apartment or mobile/temporary accommodation,77,72,5,0,5
S01012979,All household spaces,238,224,14,8,6
S01012979,Whole house or bungalow: Total,232,218,14,8,6
S01012979,Whole house or bungalow: Detached,52,48,4,0,4
S01012979,Whole house or bungalow: Semi-detached,11,11,0,0,0
S01012979,Whole house or bungalow: Terraced (including end-terrace),169,159,10,8,2
S01012979,Flat maisonette or apartment or mobile/temporary accommodation,6,6,0,0,0
S01012980,All household spaces,315,311,4,0,4
S01012980,Whole house or bungalow: Total,139,137,2,0,2
S01012980,Whole house or bungalow: Detached,3,3,0,0,0
S01012980,Whole house or bungalow: Semi-detached,9,9,0,0,0
S01012980,Whole house or bungalow: Terraced (including end-terrace),127,125,2,0,2
S01012980,Flat maisonette or apartment or mobile/temporary accommodation,176,174,2,0,2
S01012981,All household spaces,357,347,10,0,10
S01012981,Whole house or bungalow: Total,184,179,5,0,5
S01012981,Whole house or bungalow: Detached,13,13,0,0,0
S01012981,Whole house or bungalow: Semi-detached,34,32,2,0,2
S01012981,Whole house or bungalow: Terraced (including end-terrace),137,134,3,0,3
S01012981,Flat maisonette or apartment or mobile/temporary accommodation,173,168,5,0,5
S01012982,All household spaces,389,383,6,0,6
S01012982,Whole house or bungalow: Total,211,207,4,0,4
S01012982,Whole house or bungalow: Detached,4,4,0,0,0
S01012982,Whole house or bungalow: Semi-detached,16,16,0,0,0
S01012982,Whole house or bungalow: Terraced (including end-terrace),191,187,4,0,4
S01012982,Flat maisonette or apartment or mobile/temporary accommodation,178,176,2,0,2
S01012983,All household spaces,335,326,9,0,9
S01012983,Whole house or bungalow: Total,270,264,6,0,6
S01012983,Whole house or bungalow: Detached,57,55,2,0,2
S01012983,Whole house or bungalow: Semi-detached,25,25,0,0,0
S01012983,Whole house or bungalow: Terraced (including end-terrace),188,184,4,0,4
S01012983,Flat maisonette or apartment or mobile/temporary accommodation,65,62,3,0,3
S01012984,All household spaces,282,279,3,0,3
S01012984,Whole house or bungalow: Total,194,192,2,0,2
S01012984,Whole house or bungalow: Detached,9,9,0,0,0
S01012984,Whole house or bungalow: Semi-detached,23,23,0,0,0
S01012984,Whole house or bungalow: Terraced (including end-terrace),162,160,2,0,2
S01012984,Flat maisonette or apartment or mobile/temporary accommodation,88,87,1,0,1
S01012985,All household spaces,332,330,2,0,2
S01012985,Whole house or bungalow: Total,289,287,2,0,2
S01012985,Whole house or bungalow: Detached,10,10,0,0,0
S01012985,Whole house or bungalow: Semi-detached,12,12,0,0,0
S01012985,Whole house or bungalow: Terraced (including end-terrace),267,265,2,0,2
S01012985,Flat maisonette or apartment or mobile/temporary accommodation,43,43,0,0,0
S01012986,All household spaces,401,394,7,0,7
S01012986,Whole house or bungalow: Total,188,183,5,0,5
S01012986,Whole house or bungalow: Detached,18,17,1,0,1
S01012986,Whole house or bungalow: Semi-detached,18,18,0,0,0
S01012986,Whole house or bungalow: Terraced (including end-terrace),152,148,4,0,4
S01012986,Flat maisonette or apartment or mobile/temporary accommodation,213,211,2,0,2
S01012987,All household spaces,361,356,5,1,4
S01012987,Whole house or bungalow: Total,253,251,2,0,2
S01012987,Whole house or bungalow: Detached,9,9,0,0,0
S01012987,Whole house or bungalow: Semi-detached,79,78,1,0,1
S01012987,Whole house or bungalow: Terraced (including end-terrace),165,164,1,0,1
S01012987,Flat maisonette or apartment or mobile/temporary accommodation,108,105,3,1,2
S01012988,All household spaces,475,463,12,0,12
S01012988,Whole house or bungalow: Total,242,239,3,0,3
S01012988,Whole house or bungalow: Detached,10,10,0,0,0
S01012988,Whole house or bungalow: Semi-detached,34,34,0,0,0
S01012988,Whole house or bungalow: Terraced (including end-terrace),198,195,3,0,3
S01012988,Flat maisonette or apartment or mobile/temporary accommodation,233,224,9,0,9
S01012989,All household spaces,417,409,8,0,8
S01012989,Whole house or bungalow: Total,279,273,6,0,6
S01012989,Whole house or bungalow: Detached,12,12,0,0,0
S01012989,Whole house or bungalow: Semi-detached,40,39,1,0,1
S01012989,Whole house or bungalow: Terraced (including end-terrace),227,222,5,0,5
S01012989,Flat maisonette or apartment or mobile/temporary accommodation,138,136,2,0,2
S01012990,All household spaces,304,303,1,0,1
S01012990,Whole house or bungalow: Total,187,187,0,0,0
S01012990,Whole house or bungalow: Detached,2,2,0,0,0
S01012990,Whole house or bungalow: Semi-detached,47,47,0,0,0
S01012990,Whole house or bungalow: Terraced (including end-terrace),138,138,0,0,0
S01012990,Flat maisonette or apartment or mobile/temporary accommodation,117,116,1,0,1
S01012991,All household spaces,359,351,8,0,8
S01012991,Whole house or bungalow: Total,260,257,3,0,3
S01012991,Whole house or bungalow: Detached,9,8,1,0,1
S01012991,Whole house or bungalow: Semi-detached,52,52,0,0,0
S01012991,Whole house or bungalow: Terraced (including end-terrace),199,197,2,0,2
S01012991,Flat maisonette or apartment or mobile/temporary accommodation,99,94,5,0,5
S01012992,All household spaces,382,380,2,0,2
S01012992,Whole house or bungalow: Total,244,243,1,0,1
S01012992,Whole house or bungalow: Detached,7,7,0,0,0
S01012992,Whole house or bungalow: Semi-detached,66,66,0,0,0
S01012992,Whole house or bungalow: Terraced (including end-terrace),171,170,1,0,1
S01012992,Flat maisonette or apartment or mobile/temporary accommodation,138,137,1,0,1
S01012993,All household spaces,392,376,16,0,16
S01012993,Whole house or bungalow: Total,177,171,6,0,6
S01012993,Whole house or bungalow: Detached,5,5,0,0,0
S01012993,Whole house or bungalow: Semi-detached,41,39,2,0,2
S01012993,Whole house or bungalow: Terraced (including end-terrace),131,127,4,0,4
S01012993,Flat maisonette or apartment or mobile/temporary accommodation,215,205,10,0,10
S01012994,All household spaces,508,502,6,0,6
S01012994,Whole house or bungalow: Total,143,141,2,0,2
S01012994,Whole house or bungalow: Detached,10,10,0,0,0
S01012994,Whole house or bungalow: Semi-detached,66,65,1,0,1
S01012994,Whole house or bungalow: Terraced (including end-terrace),67,66,1,0,1
S01012994,Flat maisonette or apartment or mobile/temporary accommodation,365,361,4,0,4
S01012995,All household spaces,337,331,6,4,2
S01012995,Whole house or bungalow: Total,327,321,6,4,2
S01012995,Whole house or bungalow: Detached,41,41,0,0,0
S01012995,Whole house or bungalow: Semi-detached,124,123,1,0,1
S01012995,Whole house or bungalow: Terraced (including end-terrace),162,157,5,4,1
S01012995,Flat maisonette or apartment or mobile/temporary accommodation,10,10,0,0,0
S01012996,All household spaces,248,246,2,0,2
S01012996,Whole house or bungalow: Total,204,202,2,0,2
S01012996,Whole house or bungalow: Detached,8,8,0,0,0
S01012996,Whole house or bungalow: Semi-detached,53,52,1,0,1
S01012996,Whole house or bungalow: Terraced (including end-terrace),143,142,1,0,1
S01012996,Flat maisonette or apartment or mobile/temporary accommodation,44,44,0,0,0
S01012997,All household spaces,212,210,2,0,2
S01012997,Whole house or bungalow: Total,177,175,2,0,2
S01012997,Whole house or bungalow: Detached,8,8,0,0,0
S01012997,Whole house or bungalow: Semi-detached,20,20,0,0,0
S01012997,Whole house or bungalow: Terraced (including end-terrace),149,147,2,0,2
S01012997,Flat maisonette or apartment or mobile/temporary accommodation,35,35,0,0,0
S01012998,All household spaces,423,414,9,0,9
S01012998,Whole house or bungalow: Total,322,316,6,0,6
S01012998,Whole house or bungalow: Detached,90,90,0,0,0
S01012998,Whole house or bungalow: Semi-detached,51,51,0,0,0
S01012998,Whole house or bungalow: Terraced (including end-terrace),181,175,6,0,6
S01012998,Flat maisonette or apartment or mobile/temporary accommodation,101,98,3,0,3
S01012999,All household spaces,226,220,6,0,6
S01012999,Whole house or bungalow: Total,130,126,4,0,4
S01012999,Whole house or bungalow: Detached,8,8,0,0,0
S01012999,Whole house or bungalow: Semi-detached,16,15,1,0,1
S01012999,Whole house or bungalow: Terraced (including end-terrace),106,103,3,0,3
S01012999,Flat maisonette or apartment or mobile/temporary accommodation,96,94,2,0,2
S01013000,All household spaces,345,322,23,0,23
S01013000,Whole house or bungalow: Total,223,209,14,0,14
S01013000,Whole house or bungalow: Detached,7,7,0,0,0
S01013000,Whole house or bungalow: Semi-detached,22,22,0,0,0
S01013000,Whole house or bungalow: Terraced (including end-terrace),194,180,14,0,14
S01013000,Flat maisonette or apartment or mobile/temporary accommodation,122,113,9,0,9
S01013001,All household spaces,183,156,27,22,5
S01013001,Whole house or bungalow: Total,163,137,26,21,5
S01013001,Whole house or bungalow: Detached,120,98,22,18,4
S01013001,Whole house or bungalow: Semi-detached,30,26,4,3,1
S01013001,Whole house or bungalow: Terraced (including end-terrace),13,13,0,0,0
S01013001,Flat maisonette or apartment or mobile/temporary accommodation,20,19,1,1,0
S01013002,All household spaces,217,205,12,3,9
S01013002,Whole house or bungalow: Total,187,180,7,3,4
S01013002,Whole house or bungalow: Detached,135,128,7,3,4
S01013002,Whole house or bungalow: Semi-detached,38,38,0,0,0
S01013002,Whole house or bungalow: Terraced (including end-terrace),14,14,0,0,0
S01013002,Flat maisonette or apartment or mobile/temporary accommodation,30,25,5,0,5
S01013003,All household spaces,255,246,9,5,4
S01013003,Whole house or bungalow: Total,248,239,9,5,4
S01013003,Whole house or bungalow: Detached,240,231,9,5,4
S01013003,Whole house or bungalow: Semi-detached,6,6,0,0,0
S01013003,Whole house or bungalow: Terraced (including end-terrace),2,2,0,0,0
S01013003,Flat maisonette or apartment or mobile/temporary accommodation,7,7,0,0,0
S01013004,All household spaces,273,264,9,6,3
S01013004,Whole house or bungalow: Total,261,253,8,6,2
S01013004,Whole house or bungalow: Detached,159,155,4,4,0
S01013004,Whole house or bungalow: Semi-detached,69,67,2,1,1
S01013004,Whole house or bungalow: Terraced (including end-terrace),33,31,2,1,1
S01013004,Flat maisonette or apartment or mobile/temporary accommodation,12,11,1,0,1
S01013005,All household spaces,323,300,23,7,16
S01013005,Whole house or bungalow: Total,296,276,20,7,13
S01013005,Whole house or bungalow: Detached,231,214,17,4,13
S01013005,Whole house or bungalow: Semi-detached,51,49,2,2,0
S01013005,Whole house or bungalow: Terraced (including end-terrace),14,13,1,1,0
S01013005,Flat maisonette or apartment or mobile/temporary accommodation,27,24,3,0,3
S01013006,All household spaces,247,240,7,0,7
S01013006,Whole house or bungalow: Total,224,218,6,0,6
S01013006,Whole house or bungalow: Detached,161,156,5,0,5
S01013006,Whole house or bungalow: Semi-detached,42,41,1,0,1
S01013006,Whole house or bungalow: Terraced (including end-terrace),21,21,0,0,0
S01013006,Flat maisonette or apartment or mobile/temporary accommodation,23,22,1,0,1
S01013007,All household spaces,413,397,16,2,14
S01013007,Whole house or bungalow: Total,288,279,9,0,9
S01013007,Whole house or bungalow: Detached,174,169,5,0,5
S01013007,Whole house or bungalow: Semi-detached,88,84,4,0,4
S01013007,Whole house or bungalow: Terraced (including end-terrace),26,26,0,0,0
S01013007,Flat maisonette or apartment or mobile/temporary accommodation,125,118,7,2,5
S01013008,All household spaces,339,330,9,0,9
S01013008,Whole house or bungalow: Total,286,280,6,0,6
S01013008,Whole house or bungalow: Detached,134,133,1,0,1
S01013008,Whole house or bungalow: Semi-detached,49,46,3,0,3
S01013008,Whole house or bungalow: Terraced (including end-terrace),103,101,2,0,2
S01013008,Flat maisonette or apartment or mobile/temporary accommodation,53,50,3,0,3
S01013009,All household spaces,295,293,2,0,2
S01013009,Whole house or bungalow: Total,273,271,2,0,2
S01013009,Whole house or bungalow: Detached,122,120,2,0,2
S01013009,Whole house or bungalow: Semi-detached,103,103,0,0,0
S01013009,Whole house or bungalow: Terraced (including end-terrace),48,48,0,0,0
S01013009,Flat maisonette or apartment or mobile/temporary accommodation,22,22,0,0,0
S01013010,All household spaces,276,246,30,22,8
S01013010,Whole house or bungalow: Total,253,231,22,19,3
S01013010,Whole house or bungalow: Detached,174,164,10,7,3
S01013010,Whole house or bungalow: Semi-detached,52,43,9,9,0
S01013010,Whole house or bungalow: Terraced (including end-terrace),27,24,3,3,0
S01013010,Flat maisonette or apartment or mobile/temporary accommodation,23,15,8,3,5
S01013011,All household spaces,265,261,4,0,4
S01013011,Whole house or bungalow: Total,237,234,3,0,3
S01013011,Whole house or bungalow: Detached,142,140,2,0,2
S01013011,Whole house or bungalow: Semi-detached,54,53,1,0,1
S01013011,Whole house or bungalow: Terraced (including end-terrace),41,41,0,0,0
S01013011,Flat maisonette or apartment or mobile/temporary accommodation,28,27,1,0,1
S01013012,All household spaces,307,292,15,9,6
S01013012,Whole house or bungalow: Total,196,186,10,7,3
S01013012,Whole house or bungalow: Detached,63,60,3,2,1
S01013012,Whole house or bungalow: Semi-detached,71,70,1,0,1
S01013012,Whole house or bungalow: Terraced (including end-terrace),62,56,6,5,1
S01013012,Flat maisonette or apartment or mobile/temporary accommodation,111,106,5,2,3
S01013013,All household spaces,310,297,13,5,8
S01013013,Whole house or bungalow: Total,287,275,12,4,8
S01013013,Whole house or bungalow: Detached,169,164,5,1,4
S01013013,Whole house or bungalow: Semi-detached,94,90,4,2,2
S01013013,Whole house or bungalow: Terraced (including end-terrace),24,21,3,1,2
S01013013,Flat maisonette or apartment or mobile/temporary accommodation,23,22,1,1,0
S01013014,All household spaces,347,336,11,2,9
S01013014,Whole house or bungalow: Total,294,284,10,2,8
S01013014,Whole house or bungalow: Detached,168,162,6,0,6
S01013014,Whole house or bungalow: Semi-detached,77,73,4,2,2
S01013014,Whole house or bungalow: Terraced (including end-terrace),49,49,0,0,0
S01013014,Flat maisonette or apartment or mobile/temporary accommodation,53,52,1,0,1
S01013015,All household spaces,332,309,23,8,15
S01013015,Whole house or bungalow: Total,298,278,20,6,14
S01013015,Whole house or bungalow: Detached,220,203,17,4,13
S01013015,Whole house or bungalow: Semi-detached,69,66,3,2,1
S01013015,Whole house or bungalow: Terraced (including end-terrace),9,9,0,0,0
S01013015,Flat maisonette or apartment or mobile/temporary accommodation,34,31,3,2,1
S01013016,All household spaces,259,244,15,6,9
S01013016,Whole house or bungalow: Total,245,231,14,6,8
S01013016,Whole house or bungalow: Detached,194,182,12,5,7
S01013016,Whole house or bungalow: Semi-detached,36,34,2,1,1
S01013016,Whole house or bungalow: Terraced (including end-terrace),15,15,0,0,0
S01013016,Flat maisonette or apartment or mobile/temporary accommodation,14,13,1,0,1
S01013017,All household spaces,368,359,9,1,8
S01013017,Whole house or bungalow: Total,308,301,7,1,6
S01013017,Whole house or bungalow: Detached,142,139,3,0,3
S01013017,Whole house or bungalow: Semi-detached,120,118,2,0,2
S01013017,Whole house or bungalow: Terraced (including end-terrace),46,44,2,1,1
S01013017,Flat maisonette or apartment or mobile/temporary accommodation,60,58,2,0,2
S01013018,All household spaces,393,387,6,4,2
S01013018,Whole house or bungalow: Total,374,368,6,4,2
S01013018,Whole house or bungalow: Detached,244,241,3,1,2
S01013018,Whole house or bungalow: Semi-detached,89,87,2,2,0
S01013018,Whole house or bungalow: Terraced (including end-terrace),41,40,1,1,0
S01013018,Flat maisonette or apartment or mobile/temporary accommodation,19,19,0,0,0
S01013019,All household spaces,378,355,23,13,10
S01013019,Whole house or bungalow: Total,271,254,17,12,5
S01013019,Whole house or bungalow: Detached,190,179,11,7,4
S01013019,Whole house or bungalow: Semi-detached,27,27,0,0,0
S01013019,Whole house or bungalow: Terraced (including end-terrace),54,48,6,5,1
S01013019,Flat maisonette or apartment or mobile/temporary accommodation,107,101,6,1,5
S01013020,All household spaces,231,226,5,1,4
S01013020,Whole house or bungalow: Total,193,188,5,1,4
S01013020,Whole house or bungalow: Detached,22,21,1,0,1
S01013020,Whole house or bungalow: Semi-detached,67,67,0,0,0
S01013020,Whole house or bungalow: Terraced (including end-terrace),104,100,4,1,3
S01013020,Flat maisonette or apartment or mobile/temporary accommodation,38,38,0,0,0
S01013021,All household spaces,194,187,7,2,5
S01013021,Whole house or bungalow: Total,190,183,7,2,5
S01013021,Whole house or bungalow: Detached,9,9,0,0,0
S01013021,Whole house or bungalow: Semi-detached,87,86,1,0,1
S01013021,Whole house or bungalow: Terraced (including end-terrace),94,88,6,2,4
S01013021,Flat maisonette or apartment or mobile/temporary accommodation,4,4,0,0,0
S01013022,All household spaces,189,186,3,1,2
S01013022,Whole house or bungalow: Total,118,115,3,1,2
S01013022,Whole house or bungalow: Detached,40,38,2,1,1
S01013022,Whole house or bungalow: Semi-detached,45,45,0,0,0
S01013022,Whole house or bungalow: Terraced (including end-terrace),33,32,1,0,1
S01013022,Flat maisonette or apartment or mobile/temporary accommodation,71,71,0,0,0
S01013023,All household spaces,343,337,6,1,5
S01013023,Whole house or bungalow: Total,318,315,3,1,2
S01013023,Whole house or bungalow: Detached,261,258,3,1,2
S01013023,Whole house or bungalow: Semi-detached,53,53,0,0,0
S01013023,Whole house or bungalow: Terraced (including end-terrace),4,4,0,0,0
S01013023,Flat maisonette or apartment or mobile/temporary accommodation,25,22,3,0,3
S01013024,All household spaces,234,227,7,2,5
S01013024,Whole house or bungalow: Total,203,197,6,1,5
S01013024,Whole house or bungalow: Detached,94,90,4,1,3
S01013024,Whole house or bungalow: Semi-detached,86,85,1,0,1
S01013024,Whole house or bungalow: Terraced (including end-terrace),23,22,1,0,1
S01013024,Flat maisonette or apartment or mobile/temporary accommodation,31,30,1,1,0
S01013025,All household spaces,217,211,6,3,3
S01013025,Whole house or bungalow: Total,209,203,6,3,3
S01013025,Whole house or bungalow: Detached,148,144,4,2,2
S01013025,Whole house or bungalow: Semi-detached,45,44,1,0,1
S01013025,Whole house or bungalow: Terraced (including end-terrace),16,15,1,1,0
S01013025,Flat maisonette or apartment or mobile/temporary accommodation,8,8,0,0,0
S01013026,All household spaces,415,410,5,0,5
S01013026,Whole house or bungalow: Total,323,320,3,0,3
S01013026,Whole house or bungalow: Detached,131,129,2,0,2
S01013026,Whole house or bungalow: Semi-detached,113,113,0,0,0
S01013026,Whole house or bungalow: Terraced (including end-terrace),79,78,1,0,1
S01013026,Flat maisonette or apartment or mobile/temporary accommodation,92,90,2,0,2
S01013027,All household spaces,427,422,5,0,5
S01013027,Whole house or bungalow: Total,381,377,4,0,4
S01013027,Whole house or bungalow: Detached,26,26,0,0,0
S01013027,Whole house or bungalow: Semi-detached,196,193,3,0,3
S01013027,Whole house or bungalow: Terraced (including end-terrace),159,158,1,0,1
S01013027,Flat maisonette or apartment or mobile/temporary accommodation,46,45,1,0,1
S01013028,All household spaces,194,191,3,0,3
S01013028,Whole house or bungalow: Total,186,183,3,0,3
S01013028,Whole house or bungalow: Detached,86,84,2,0,2
S01013028,Whole house or bungalow: Semi-detached,42,41,1,0,1
S01013028,Whole house or bungalow: Terraced (including end-terrace),58,58,0,0,0
S01013028,Flat maisonette or apartment or mobile/temporary accommodation,8,8,0,0,0
S01013029,All household spaces,274,269,5,0,5
S01013029,Whole house or bungalow: Total,246,242,4,0,4
S01013029,Whole house or bungalow: Detached,18,18,0,0,0
S01013029,Whole house or bungalow: Semi-detached,65,63,2,0,2
S01013029,Whole house or bungalow: Terraced (including end-terrace),163,161,2,0,2
S01013029,Flat maisonette or apartment or mobile/temporary accommodation,28,27,1,0,1
S01013030,All household spaces,226,225,1,1,0
S01013030,Whole house or bungalow: Total,219,219,0,0,0
S01013030,Whole house or bungalow: Detached,22,22,0,0,0
S01013030,Whole house or bungalow: Semi-detached,121,121,0,0,0
S01013030,Whole house or bungalow: Terraced (including end-terrace),76,76,0,0,0
S01013030,Flat maisonette or apartment or mobile/temporary accommodation,7,6,1,1,0
S01013031,All household spaces,292,291,1,0,1
S01013031,Whole house or bungalow: Total,252,251,1,0,1
S01013031,Whole house or bungalow: Detached,15,15,0,0,0
S01013031,Whole house or bungalow: Semi-detached,86,86,0,0,0
S01013031,Whole house or bungalow: Terraced (including end-terrace),151,150,1,0,1
S01013031,Flat maisonette or apartment or mobile/temporary accommodation,40,40,0,0,0
S01013032,All household spaces,312,309,3,0,3
S01013032,Whole house or bungalow: Total,289,286,3,0,3
S01013032,Whole house or bungalow: Detached,154,153,1,0,1
S01013032,Whole house or bungalow: Semi-detached,100,98,2,0,2
S01013032,Whole house or bungalow: Terraced (including end-terrace),35,35,0,0,0
S01013032,Flat maisonette or apartment or mobile/temporary accommodation,23,23,0,0,0
S01013033,All household spaces,282,276,6,0,6
S01013033,Whole house or bungalow: Total,225,220,5,0,5
S01013033,Whole house or bungalow: Detached,49,47,2,0,2
S01013033,Whole house or bungalow: Semi-detached,153,150,3,0,3
S01013033,Whole house or bungalow: Terraced (including end-terrace),23,23,0,0,0
S01013033,Flat maisonette or apartment or mobile/temporary accommodation,57,56,1,0,1
S01013034,All household spaces,301,296,5,2,3
S01013034,Whole house or bungalow: Total,287,282,5,2,3
S01013034,Whole house or bungalow: Detached,8,8,0,0,0
S01013034,Whole house or bungalow: Semi-detached,166,165,1,0,1
S01013034,Whole house or bungalow: Terraced (including end-terrace),113,109,4,2,2
S01013034,Flat maisonette or apartment or mobile/temporary accommodation,14,14,0,0,0
S01013035,All household spaces,307,300,7,2,5
S01013035,Whole house or bungalow: Total,272,266,6,2,4
S01013035,Whole house or bungalow: Detached,13,13,0,0,0
S01013035,Whole house or bungalow: Semi-detached,82,80,2,0,2
S01013035,Whole house or bungalow: Terraced (including end-terrace),177,173,4,2,2
S01013035,Flat maisonette or apartment or mobile/temporary accommodation,35,34,1,0,1
S01013036,All household spaces,282,280,2,0,2
S01013036,Whole house or bungalow: Total,272,270,2,0,2
S01013036,Whole house or bungalow: Detached,10,10,0,0,0
S01013036,Whole house or bungalow: Semi-detached,159,158,1,0,1
S01013036,Whole house or bungalow: Terraced (including end-terrace),103,102,1,0,1
S01013036,Flat maisonette or apartment or mobile/temporary accommodation,10,10,0,0,0
S01013037,All household spaces,286,283,3,0,3
S01013037,Whole house or bungalow: Total,259,256,3,0,3
S01013037,Whole house or bungalow: Detached,121,120,1,0,1
S01013037,Whole house or bungalow: Semi-detached,109,107,2,0,2
S01013037,Whole house or bungalow: Terraced (including end-terrace),29,29,0,0,0
S01013037,Flat maisonette or apartment or mobile/temporary accommodation,27,27,0,0,0
S01013038,All household spaces,436,434,2,0,2
S01013038,Whole house or bungalow: Total,272,270,2,0,2
S01013038,Whole house or bungalow: Detached,49,49,0,0,0
S01013038,Whole house or bungalow: Semi-detached,78,78,0,0,0
S01013038,Whole house or bungalow: Terraced (including end-terrace),145,143,2,0,2
S01013038,Flat maisonette or apartment or mobile/temporary accommodation,164,164,0,0,0
S01013039,All household spaces,179,178,1,0,1
S01013039,Whole house or bungalow: Total,172,171,1,0,1
S01013039,Whole house or bungalow: Detached,162,161,1,0,1
S01013039,Whole house or bungalow: Semi-detached,6,6,0,0,0
S01013039,Whole house or bungalow: Terraced (including end-terrace),4,4,0,0,0
S01013039,Flat maisonette or apartment or mobile/temporary accommodation,7,7,0,0,0
S01013040,All household spaces,332,324,8,1,7
S01013040,Whole house or bungalow: Total,195,193,2,1,1
S01013040,Whole house or bungalow: Detached,36,36,0,0,0
S01013040,Whole house or bungalow: Semi-detached,92,92,0,0,0
S01013040,Whole house or bungalow: Terraced (including end-terrace),67,65,2,1,1
S01013040,Flat maisonette or apartment or mobile/temporary accommodation,137,131,6,0,6
S01013041,All household spaces,263,257,6,0,6
S01013041,Whole house or bungalow: Total,208,202,6,0,6
S01013041,Whole house or bungalow: Detached,45,45,0,0,0
S01013041,Whole house or bungalow: Semi-detached,60,57,3,0,3
S01013041,Whole house or bungalow: Terraced (including end-terrace),103,100,3,0,3
S01013041,Flat maisonette or apartment or mobile/temporary accommodation,55,55,0,0,0
S01013042,All household spaces,320,318,2,0,2
S01013042,Whole house or bungalow: Total,290,289,1,0,1
S01013042,Whole house or bungalow: Detached,88,88,0,0,0
S01013042,Whole house or bungalow: Semi-detached,88,88,0,0,0
S01013042,Whole house or bungalow: Terraced (including end-terrace),114,113,1,0,1
S01013042,Flat maisonette or apartment or mobile/temporary accommodation,30,29,1,0,1
S01013043,All household spaces,285,278,7,0,7
S01013043,Whole house or bungalow: Total,277,270,7,0,7
S01013043,Whole house or bungalow: Detached,12,12,0,0,0
S01013043,Whole house or bungalow: Semi-detached,108,105,3,0,3
S01013043,Whole house or bungalow: Terraced (including end-terrace),157,153,4,0,4
S01013043,Flat maisonette or apartment or mobile/temporary accommodation,8,8,0,0,0
S01013044,All household spaces,326,323,3,1,2
S01013044,Whole house or bungalow: Total,319,316,3,1,2
S01013044,Whole house or bungalow: Detached,25,25,0,0,0
S01013044,Whole house or bungalow: Semi-detached,140,139,1,0,1
S01013044,Whole house or bungalow: Terraced (including end-terrace),154,152,2,1,1
S01013044,Flat maisonette or apartment or mobile/temporary accommodation,7,7,0,0,0
S01013045,All household spaces,279,277,2,1,1
S01013045,Whole house or bungalow: Total,254,252,2,1,1
S01013045,Whole house or bungalow: Detached,88,87,1,0,1
S01013045,Whole house or bungalow: Semi-detached,89,89,0,0,0
S01013045,Whole house or bungalow: Terraced (including end-terrace),77,76,1,1,0
S01013045,Flat maisonette or apartment or mobile/temporary accommodation,25,25,0,0,0
S01013046,All household spaces,215,214,1,0,1
S01013046,Whole house or bungalow: Total,201,200,1,0,1
S01013046,Whole house or bungalow: Detached,5,5,0,0,0
S01013046,Whole house or bungalow: Semi-detached,83,82,1,0,1
S01013046,Whole house or bungalow: Terraced (including end-terrace),113,113,0,0,0
S01013046,Flat maisonette or apartment or mobile/temporary accommodation,14,14,0,0,0
S01013047,All household spaces,354,350,4,0,4
S01013047,Whole house or bungalow: Total,342,338,4,0,4
S01013047,Whole house or bungalow: Detached,129,126,3,0,3
S01013047,Whole house or bungalow: Semi-detached,169,168,1,0,1
S01013047,Whole house or bungalow: Terraced (including end-terrace),44,44,0,0,0
S01013047,Flat maisonette or apartment or mobile/temporary accommodation,12,12,0,0,0
S01013048,All household spaces,412,401,11,2,9
S01013048,Whole house or bungalow: Total,268,264,4,2,2
S01013048,Whole house or bungalow: Detached,66,65,1,0,1
S01013048,Whole house or bungalow: Semi-detached,187,184,3,2,1
S01013048,Whole house or bungalow: Terraced (including end-terrace),15,15,0,0,0
S01013048,Flat maisonette or apartment or mobile/temporary accommodation,144,137,7,0,7
S01013049,All household spaces,360,354,6,0,6
S01013049,Whole house or bungalow: Total,278,275,3,0,3
S01013049,Whole house or bungalow: Detached,130,129,1,0,1
S01013049,Whole house or bungalow: Semi-detached,125,123,2,0,2
S01013049,Whole house or bungalow: Terraced (including end-terrace),23,23,0,0,0
S01013049,Flat maisonette or apartment or mobile/temporary accommodation,82,79,3,0,3
S01013050,All household spaces,354,351,3,0,3
S01013050,Whole house or bungalow: Total,234,231,3,0,3
S01013050,Whole house or bungalow: Detached,36,36,0,0,0
S01013050,Whole house or bungalow: Semi-detached,123,121,2,0,2
S01013050,Whole house or bungalow: Terraced (including end-terrace),75,74,1,0,1
S01013050,Flat maisonette or apartment or mobile/temporary accommodation,120,120,0,0,0
S01013051,All household spaces,430,422,8,0,8
S01013051,Whole house or bungalow: Total,313,309,4,0,4
S01013051,Whole house or bungalow: Detached,34,34,0,0,0
S01013051,Whole house or bungalow: Semi-detached,119,117,2,0,2
S01013051,Whole house or bungalow: Terraced (including end-terrace),160,158,2,0,2
S01013051,Flat maisonette or apartment or mobile/temporary accommodation,117,113,4,0,4
S01013052,All household spaces,398,391,7,1,6
S01013052,Whole house or bungalow: Total,296,291,5,0,5
S01013052,Whole house or bungalow: Detached,23,22,1,0,1
S01013052,Whole house or bungalow: Semi-detached,139,138,1,0,1
S01013052,Whole house or bungalow: Terraced (including end-terrace),134,131,3,0,3
S01013052,Flat maisonette or apartment or mobile/temporary accommodation,102,100,2,1,1
S01013053,All household spaces,351,337,14,2,12
S01013053,Whole house or bungalow: Total,96,95,1,0,1
S01013053,Whole house or bungalow: Detached,12,12,0,0,0
S01013053,Whole house or bungalow: Semi-detached,50,49,1,0,1
S01013053,Whole house or bungalow: Terraced (including end-terrace),34,34,0,0,0
S01013053,Flat maisonette or apartment or mobile/temporary accommodation,255,242,13,2,11
S01013054,All household spaces,308,305,3,0,3
S01013054,Whole house or bungalow: Total,272,269,3,0,3
S01013054,Whole house or bungalow: Detached,65,64,1,0,1
S01013054,Whole house or bungalow: Semi-detached,146,144,2,0,2
S01013054,Whole house or bungalow: Terraced (including end-terrace),61,61,0,0,0
S01013054,Flat maisonette or apartment or mobile/temporary accommodation,36,36,0,0,0
S01013055,All household spaces,345,336,9,1,8
S01013055,Whole house or bungalow: Total,233,230,3,0,3
S01013055,Whole house or bungalow: Detached,34,34,0,0,0
S01013055,Whole house or bungalow: Semi-detached,112,111,1,0,1
S01013055,Whole house or bungalow: Terraced (including end-terrace),87,85,2,0,2
S01013055,Flat maisonette or apartment or mobile/temporary accommodation,112,106,6,1,5
S01013056,All household spaces,436,431,5,0,5
S01013056,Whole house or bungalow: Total,352,347,5,0,5
S01013056,Whole house or bungalow: Detached,33,33,0,0,0
S01013056,Whole house or bungalow: Semi-detached,176,174,2,0,2
S01013056,Whole house or bungalow: Terraced (including end-terrace),143,140,3,0,3
S01013056,Flat maisonette or apartment or mobile/temporary accommodation,84,84,0,0,0
S01013057,All household spaces,379,369,10,1,9
S01013057,Whole house or bungalow: Total,236,230,6,1,5
S01013057,Whole house or bungalow: Detached,24,24,0,0,0
S01013057,Whole house or bungalow: Semi-detached,87,86,1,1,0
S01013057,Whole house or bungalow: Terraced (including end-terrace),125,120,5,0,5
S01013057,Flat maisonette or apartment or mobile/temporary accommodation,143,139,4,0,4
S01013058,All household spaces,219,213,6,0,6
S01013058,Whole house or bungalow: Total,200,197,3,0,3
S01013058,Whole house or bungalow: Detached,111,109,2,0,2
S01013058,Whole house or bungalow: Semi-detached,71,71,0,0,0
S01013058,Whole house or bungalow: Terraced (including end-terrace),18,17,1,0,1
S01013058,Flat maisonette or apartment or mobile/temporary accommodation,19,16,3,0,3
S01013059,All household spaces,414,406,8,2,6
S01013059,Whole house or bungalow: Total,243,237,6,0,6
S01013059,Whole house or bungalow: Detached,130,127,3,0,3
S01013059,Whole house or bungalow: Semi-detached,93,91,2,0,2
S01013059,Whole house or bungalow: Terraced (including end-terrace),20,19,1,0,1
S01013059,Flat maisonette or apartment or mobile/temporary accommodation,171,169,2,2,0
S01013060,All household spaces,235,227,8,2,6
S01013060,Whole house or bungalow: Total,151,145,6,2,4
S01013060,Whole house or bungalow: Detached,61,56,5,1,4
S01013060,Whole house or bungalow: Semi-detached,81,80,1,1,0
S01013060,Whole house or bungalow: Terraced (including end-terrace),9,9,0,0,0
S01013060,Flat maisonette or apartment or mobile/temporary accommodation,84,82,2,0,2
S01013061,All household spaces,365,362,3,0,3
S01013061,Whole house or bungalow: Total,335,332,3,0,3
S01013061,Whole house or bungalow: Detached,206,203,3,0,3
S01013061,Whole house or bungalow: Semi-detached,129,129,0,0,0
S01013061,Whole house or bungalow: Terraced (including end-terrace),0,0,0,0,0
S01013061,Flat maisonette or apartment or mobile/temporary accommodation,30,30,0,0,0
S01013062,All household spaces,415,403,12,2,10
S01013062,Whole house or bungalow: Total,179,176,3,0,3
S01013062,Whole house or bungalow: Detached,80,77,3,0,3
S01013062,Whole house or bungalow: Semi-detached,89,89,0,0,0
S01013062,Whole house or bungalow: Terraced (including end-terrace),10,10,0,0,0
S01013062,Flat maisonette or apartment or mobile/temporary accommodation,236,227,9,2,7
S01013063,All household spaces,378,371,7,1,6
S01013063,Whole house or bungalow: Total,181,179,2,0,2
S01013063,Whole house or bungalow: Detached,50,50,0,0,0
S01013063,Whole house or bungalow: Semi-detached,117,115,2,0,2
S01013063,Whole house or bungalow: Terraced (including end-terrace),14,14,0,0,0
S01013063,Flat maisonette or apartment or mobile/temporary accommodation,197,192,5,1,4
S01013064,All household spaces,390,386,4,0,4
S01013064,Whole house or bungalow: Total,354,351,3,0,3
S01013064,Whole house or bungalow: Detached,13,13,0,0,0
S01013064,Whole house or bungalow: Semi-detached,126,124,2,0,2
S01013064,Whole house or bungalow: Terraced (including end-terrace),215,214,1,0,1
S01013064,Flat maisonette or apartment or mobile/temporary accommodation,36,35,1,0,1
S01013065,All household spaces,420,415,5,0,5
S01013065,Whole house or bungalow: Total,210,210,0,0,0
S01013065,Whole house or bungalow: Detached,11,11,0,0,0
S01013065,Whole house or bungalow: Semi-detached,96,96,0,0,0
S01013065,Whole house or bungalow: Terraced (including end-terrace),103,103,0,0,0
S01013065,Flat maisonette or apartment or mobile/temporary accommodation,210,205,5,0,5
S01013066,All household spaces,355,347,8,0,8
S01013066,Whole house or bungalow: Total,223,216,7,0,7
S01013066,Whole house or bungalow: Detached,30,29,1,0,1
S01013066,Whole house or bungalow: Semi-detached,113,109,4,0,4
S01013066,Whole house or bungalow: Terraced (including end-terrace),80,78,2,0,2
S01013066,Flat maisonette or apartment or mobile/temporary accommodation,132,131,1,0,1
S01013067,All household spaces,410,396,14,1,13
S01013067,Whole house or bungalow: Total,18,18,0,0,0
S01013067,Whole house or bungalow: Detached,2,2,0,0,0
S01013067,Whole house or bungalow: Semi-detached,7,7,0,0,0
S01013067,Whole house or bungalow: Terraced (including end-terrace),9,9,0,0,0
S01013067,Flat maisonette or apartment or mobile/temporary accommodation,392,378,14,1,13
S01013068,All household spaces,433,406,27,1,26
S01013068,Whole house or bungalow: Total,47,47,0,0,0
S01013068,Whole house or bungalow: Detached,13,13,0,0,0
S01013068,Whole house or bungalow: Semi-detached,18,18,0,0,0
S01013068,Whole house or bungalow: Terraced (including end-terrace),16,16,0,0,0
S01013068,Flat maisonette or apartment or mobile/temporary accommodation,386,359,27,1,26
S01013069,All household spaces,362,350,12,1,11
S01013069,Whole house or bungalow: Total,59,59,0,0,0
S01013069,Whole house or bungalow: Detached,11,11,0,0,0
S01013069,Whole house or bungalow: Semi-detached,20,20,0,0,0
S01013069,Whole house or bungalow: Terraced (including end-terrace),28,28,0,0,0
S01013069,Flat maisonette or apartment or mobile/temporary accommodation,303,291,12,1,11
S01013070,All household spaces,311,301,10,0,10
S01013070,Whole house or bungalow: Total,62,61,1,0,1
S01013070,Whole house or bungalow: Detached,10,10,0,0,0
S01013070,Whole house or bungalow: Semi-detached,30,30,0,0,0
S01013070,Whole house or bungalow: Terraced (including end-terrace),22,21,1,0,1
S01013070,Flat maisonette or apartment or mobile/temporary accommodation,249,240,9,0,9
S01013071,All household spaces,366,359,7,2,5
S01013071,Whole house or bungalow: Total,18,16,2,1,1
S01013071,Whole house or bungalow: Detached,3,3,0,0,0
S01013071,Whole house or bungalow: Semi-detached,8,7,1,0,1
S01013071,Whole house or bungalow: Terraced (including end-terrace),7,6,1,1,0
S01013071,Flat maisonette or apartment or mobile/temporary accommodation,348,343,5,1,4
S01013072,All household spaces,229,227,2,0,2
S01013072,Whole house or bungalow: Total,146,144,2,0,2
S01013072,Whole house or bungalow: Detached,10,10,0,0,0
S01013072,Whole house or bungalow: Semi-detached,101,100,1,0,1
S01013072,Whole house or bungalow: Terraced (including end-terrace),35,34,1,0,1
S01013072,Flat maisonette or apartment or mobile/temporary accommodation,83,83,0,0,0
S01013073,All household spaces,358,352,6,0,6
S01013073,Whole house or bungalow: Total,114,112,2,0,2
S01013073,Whole house or bungalow: Detached,27,26,1,0,1
S01013073,Whole house or bungalow: Semi-detached,59,58,1,0,1
S01013073,Whole house or bungalow: Terraced (including end-terrace),28,28,0,0,0
S01013073,Flat maisonette or apartment or mobile/temporary accommodation,244,240,4,0,4
S01013074,All household spaces,318,302,16,0,16
S01013074,Whole house or bungalow: Total,89,77,12,0,12
S01013074,Whole house or bungalow: Detached,13,10,3,0,3
S01013074,Whole house or bungalow: Semi-detached,59,50,9,0,9
S01013074,Whole house or bungalow: Terraced (including end-terrace),17,17,0,0,0
S01013074,Flat maisonette or apartment or mobile/temporary accommodation,229,225,4,0,4
S01013075,All household spaces,495,481,14,2,12
S01013075,Whole house or bungalow: Total,135,129,6,2,4
S01013075,Whole house or bungalow: Detached,15,15,0,0,0
S01013075,Whole house or bungalow: Semi-detached,71,68,3,0,3
S01013075,Whole house or bungalow: Terraced (including end-terrace),49,46,3,2,1
S01013075,Flat maisonette or apartment or mobile/temporary accommodation,360,352,8,0,8
S01013076,All household spaces,178,172,6,5,1
S01013076,Whole house or bungalow: Total,131,126,5,5,0
S01013076,Whole house or bungalow: Detached,66,66,0,0,0
S01013076,Whole house or bungalow: Semi-detached,30,30,0,0,0
S01013076,Whole house or bungalow: Terraced (including end-terrace),35,30,5,5,0
S01013076,Flat maisonette or apartment or mobile/temporary accommodation,47,46,1,0,1
S01013077,All household spaces,306,297,9,9,0
S01013077,Whole house or bungalow: Total,218,209,9,9,0
S01013077,Whole house or bungalow: Detached,12,12,0,0,0
S01013077,Whole house or bungalow: Semi-detached,68,68,0,0,0
S01013077,Whole house or bungalow: Terraced (including end-terrace),138,129,9,9,0
S01013077,Flat maisonette or apartment or mobile/temporary accommodation,88,88,0,0,0
S01013078,All household spaces,254,252,2,0,2
S01013078,Whole house or bungalow: Total,144,143,1,0,1
S01013078,Whole house or bungalow: Detached,16,16,0,0,0
S01013078,Whole house or bungalow: Semi-detached,40,40,0,0,0
S01013078,Whole house or bungalow: Terraced (including end-terrace),88,87,1,0,1
S01013078,Flat maisonette or apartment or mobile/temporary accommodation,110,109,1,0,1
S01013079,All household spaces,390,376,14,0,14
S01013079,Whole house or bungalow: Total,332,320,12,0,12
S01013079,Whole house or bungalow: Detached,250,240,10,0,10
S01013079,Whole house or bungalow: Semi-detached,47,47,0,0,0
S01013079,Whole house or bungalow: Terraced (including end-terrace),35,33,2,0,2
S01013079,Flat maisonette or apartment or mobile/temporary accommodation,58,56,2,0,2
S01013080,All household spaces,378,374,4,1,3
S01013080,Whole house or bungalow: Total,274,270,4,1,3
S01013080,Whole house or bungalow: Detached,113,111,2,1,1
S01013080,Whole house or bungalow: Semi-detached,101,101,0,0,0
S01013080,Whole house or bungalow: Terraced (including end-terrace),60,58,2,0,2
S01013080,Flat maisonette or apartment or mobile/temporary accommodation,104,104,0,0,0
S01013081,All household spaces,281,280,1,0,1
S01013081,Whole house or bungalow: Total,263,262,1,0,1
S01013081,Whole house or bungalow: Detached,144,144,0,0,0
S01013081,Whole house or bungalow: Semi-detached,112,111,1,0,1
S01013081,Whole house or bungalow: Terraced (including end-terrace),7,7,0,0,0
S01013081,Flat maisonette or apartment or mobile/temporary accommodation,18,18,0,0,0
S01013082,All household spaces,401,395,6,0,6
S01013082,Whole house or bungalow: Total,393,387,6,0,6
S01013082,Whole house or bungalow: Detached,221,219,2,0,2
S01013082,Whole house or bungalow: Semi-detached,162,158,4,0,4
S01013082,Whole house or bungalow: Terraced (including end-terrace),10,10,0,0,0
S01013082,Flat maisonette or apartment or mobile/temporary accommodation,8,8,0,0,0
S01013083,All household spaces,191,187,4,1,3
S01013083,Whole house or bungalow: Total,179,175,4,1,3
S01013083,Whole house or bungalow: Detached,105,103,2,1,1
S01013083,Whole house or bungalow: Semi-detached,64,62,2,0,2
S01013083,Whole house or bungalow: Terraced (including end-terrace),10,10,0,0,0
S01013083,Flat maisonette or apartment or mobile/temporary accommodation,12,12,0,0,0
S01013084,All household spaces,313,307,6,0,6
S01013084,Whole house or bungalow: Total,308,302,6,0,6
S01013084,Whole house or bungalow: Detached,180,175,5,0,5
S01013084,Whole house or bungalow: Semi-detached,127,126,1,0,1
S01013084,Whole house or bungalow: Terraced (including end-terrace),1,1,0,0,0
S01013084,Flat maisonette or apartment or mobile/temporary accommodation,5,5,0,0,0
S01013085,All household spaces,260,259,1,0,1
S01013085,Whole house or bungalow: Total,203,202,1,0,1
S01013085,Whole house or bungalow: Detached,12,12,0,0,0
S01013085,Whole house or bungalow: Semi-detached,113,113,0,0,0
S01013085,Whole house or bungalow: Terraced (including end-terrace),78,77,1,0,1
S01013085,Flat maisonette or apartment or mobile/temporary accommodation,57,57,0,0,0
S01013086,All household spaces,476,448,28,2,26
S01013086,Whole house or bungalow: Total,163,156,7,0,7
S01013086,Whole house or bungalow: Detached,69,68,1,0,1
S01013086,Whole house or bungalow: Semi-detached,64,62,2,0,2
S01013086,Whole house or bungalow: Terraced (including end-terrace),30,26,4,0,4
S01013086,Flat maisonette or apartment or mobile/temporary accommodation,313,292,21,2,19
S01013087,All household spaces,339,327,12,2,10
S01013087,Whole house or bungalow: Total,213,211,2,0,2
S01013087,Whole house or bungalow: Detached,145,143,2,0,2
S01013087,Whole house or bungalow: Semi-detached,57,57,0,0,0
S01013087,Whole house or bungalow: Terraced (including end-terrace),11,11,0,0,0
S01013087,Flat maisonette or apartment or mobile/temporary accommodation,126,116,10,2,8
S01013088,All household spaces,404,388,16,1,15
S01013088,Whole house or bungalow: Total,335,324,11,0,11
S01013088,Whole house or bungalow: Detached,283,277,6,0,6
S01013088,Whole house or bungalow: Semi-detached,33,28,5,0,5
S01013088,Whole house or bungalow: Terraced (including end-terrace),19,19,0,0,0
S01013088,Flat maisonette or apartment or mobile/temporary accommodation,69,64,5,1,4
S01013089,All household spaces,369,359,10,0,10
S01013089,Whole house or bungalow: Total,185,183,2,0,2
S01013089,Whole house or bungalow: Detached,49,47,2,0,2
S01013089,Whole house or bungalow: Semi-detached,94,94,0,0,0
S01013089,Whole house or bungalow: Terraced (including end-terrace),42,42,0,0,0
S01013089,Flat maisonette or apartment or mobile/temporary accommodation,184,176,8,0,8
S01013090,All household spaces,362,349,13,1,12
S01013090,Whole house or bungalow: Total,127,125,2,0,2
S01013090,Whole house or bungalow: Detached,12,12,0,0,0
S01013090,Whole house or bungalow: Semi-detached,40,40,0,0,0
S01013090,Whole house or bungalow: Terraced (including end-terrace),75,73,2,0,2
S01013090,Flat maisonette or apartment or mobile/temporary accommodation,235,224,11,1,10
S01013091,All household spaces,270,254,16,4,12
S01013091,Whole house or bungalow: Total,23,21,2,0,2
S01013091,Whole house or bungalow: Detached,1,1,0,0,0
S01013091,Whole house or bungalow: Semi-detached,7,7,0,0,0
S01013091,Whole house or bungalow: Terraced (including end-terrace),15,13,2,0,2
S01013091,Flat maisonette or apartment or mobile/temporary accommodation,247,233,14,4,10
S01013092,All household spaces,450,440,10,2,8
S01013092,Whole house or bungalow: Total,200,197,3,0,3
S01013092,Whole house or bungalow: Detached,11,11,0,0,0
S01013092,Whole house or bungalow: Semi-detached,137,136,1,0,1
S01013092,Whole house or bungalow: Terraced (including end-terrace),52,50,2,0,2
S01013092,Flat maisonette or apartment or mobile/temporary accommodation,250,243,7,2,5
S01013093,All household spaces,232,223,9,2,7
S01013093,Whole house or bungalow: Total,210,202,8,2,6
S01013093,Whole house or bungalow: Detached,136,132,4,1,3
S01013093,Whole house or bungalow: Semi-detached,36,32,4,1,3
S01013093,Whole house or bungalow: Terraced (including end-terrace),38,38,0,0,0
S01013093,Flat maisonette or apartment or mobile/temporary accommodation,22,21,1,0,1
S01013094,All household spaces,233,230,3,0,3
S01013094,Whole house or bungalow: Total,233,230,3,0,3
S01013094,Whole house or bungalow: Detached,187,185,2,0,2
S01013094,Whole house or bungalow: Semi-detached,39,38,1,0,1
S01013094,Whole house or bungalow: Terraced (including end-terrace),7,7,0,0,0
S01013094,Flat maisonette or apartment or mobile/temporary accommodation,0,0,0,0,0
S01013095,All household spaces,285,282,3,0,3
S01013095,Whole house or bungalow: Total,276,273,3,0,3
S01013095,Whole house or bungalow: Detached,260,257,3,0,3
S01013095,Whole house or bungalow: Semi-detached,11,11,0,0,0
S01013095,Whole house or bungalow: Terraced (including end-terrace),5,5,0,0,0
S01013095,Flat maisonette or apartment or mobile/temporary accommodation,9,9,0,0,0
S01013096,All household spaces,218,213,5,1,4
S01013096,Whole house or bungalow: Total,183,181,2,0,2
S01013096,Whole house or bungalow: Detached,8,8,0,0,0
S01013096,Whole house or bungalow: Semi-detached,70,70,0,0,0
S01013096,Whole house or bungalow: Terraced (including end-terrace),105,103,2,0,2
S01013096,Flat maisonette or apartment or mobile/temporary accommodation,35,32,3,1,2
S01013097,All household spaces,257,248,9,3,6
S01013097,Whole house or bungalow: Total,228,220,8,3,5
S01013097,Whole house or bungalow: Detached,129,123,6,1,5
S01013097,Whole house or bungalow: Semi-detached,60,59,1,1,0
S01013097,Whole house or bungalow: Terraced (including end-terrace),39,38,1,1,0
S01013097,Flat maisonette or apartment or mobile/temporary accommodation,29,28,1,0,1
S01013098,All household spaces,191,189,2,0,2
S01013098,Whole house or bungalow: Total,188,186,2,0,2
S01013098,Whole house or bungalow: Detached,181,179,2,0,2
S01013098,Whole house or bungalow: Semi-detached,6,6,0,0,0
S01013098,Whole house or bungalow: Terraced (including end-terrace),1,1,0,0,0
S01013098,Flat maisonette or apartment or mobile/temporary accommodation,3,3,0,0,0
S01013099,All household spaces,466,439,27,3,24
S01013099,Whole house or bungalow: Total,266,255,11,1,10
S01013099,Whole house or bungalow: Detached,110,104,6,0,6
S01013099,Whole house or bungalow: Semi-detached,80,77,3,1,2
S01013099,Whole house or bungalow: Terraced (including end-terrace),76,74,2,0,2
S01013099,Flat maisonette or apartment or mobile/temporary accommodation,200,184,16,2,14
S01013100,All household spaces,280,265,15,3,12
S01013100,Whole house or bungalow: Total,233,223,10,1,9
S01013100,Whole house or bungalow: Detached,156,146,10,1,9
S01013100,Whole house or bungalow: Semi-detached,64,64,0,0,0
S01013100,Whole house or bungalow: Terraced (including end-terrace),13,13,0,0,0
S01013100,Flat maisonette or apartment or mobile/temporary accommodation,47,42,5,2,3
S01013101,All household spaces,511,502,9,0,9
S01013101,Whole house or bungalow: Total,301,298,3,0,3
S01013101,Whole house or bungalow: Detached,47,47,0,0,0
S01013101,Whole house or bungalow: Semi-detached,102,100,2,0,2
S01013101,Whole house or bungalow: Terraced (including end-terrace),152,151,1,0,1
S01013101,Flat maisonette or apartment or mobile/temporary accommodation,210,204,6,0,6
S01013102,All household spaces,297,291,6,0,6
S01013102,Whole house or bungalow: Total,206,203,3,0,3
S01013102,Whole house or bungalow: Detached,165,163,2,0,2
S01013102,Whole house or bungalow: Semi-detached,31,30,1,0,1
S01013102,Whole house or bungalow: Terraced (including end-terrace),10,10,0,0,0
S01013102,Flat maisonette or apartment or mobile/temporary accommodation,91,88,3,0,3
S01013103,All household spaces,296,289,7,2,5
S01013103,Whole house or bungalow: Total,294,287,7,2,5
S01013103,Whole house or bungalow: Detached,254,248,6,2,4
S01013103,Whole house or bungalow: Semi-detached,32,32,0,0,0
S01013103,Whole house or bungalow: Terraced (including end-terrace),8,7,1,0,1
S01013103,Flat maisonette or apartment or mobile/temporary accommodation,2,2,0,0,0
S01013104,All household spaces,408,404,4,2,2
S01013104,Whole house or bungalow: Total,388,384,4,2,2
S01013104,Whole house or bungalow: Detached,203,201,2,1,1
S01013104,Whole house or bungalow: Semi-detached,172,170,2,1,1
S01013104,Whole house or bungalow: Terraced (including end-terrace),13,13,0,0,0
S01013104,Flat maisonette or apartment or mobile/temporary accommodation,20,20,0,0,0
S01013105,All household spaces,396,387,9,3,6
S01013105,Whole house or bungalow: Total,274,273,1,1,0
S01013105,Whole house or bungalow: Detached,185,185,0,0,0
S01013105,Whole house or bungalow: Semi-detached,83,82,1,1,0
S01013105,Whole house or bungalow: Terraced (including end-terrace),6,6,0,0,0
S01013105,Flat maisonette or apartment or mobile/temporary accommodation,122,114,8,2,6
S01013106,All household spaces,361,350,11,3,8
S01013106,Whole house or bungalow: Total,239,231,8,2,6
S01013106,Whole house or bungalow: Detached,95,93,2,0,2
S01013106,Whole house or bungalow: Semi-detached,76,76,0,0,0
S01013106,Whole house or bungalow: Terraced (including end-terrace),68,62,6,2,4
S01013106,Flat maisonette or apartment or mobile/temporary accommodation,122,119,3,1,2
S01013107,All household spaces,286,275,11,1,10
S01013107,Whole house or bungalow: Total,275,265,10,1,9
S01013107,Whole house or bungalow: Detached,241,233,8,1,7
S01013107,Whole house or bungalow: Semi-detached,28,28,0,0,0
S01013107,Whole house or bungalow: Terraced (including end-terrace),6,4,2,0,2
S01013107,Flat maisonette or apartment or mobile/temporary accommodation,11,10,1,0,1
S01013108,All household spaces,266,255,11,1,10
S01013108,Whole house or bungalow: Total,206,196,10,1,9
S01013108,Whole house or bungalow: Detached,124,115,9,1,8
S01013108,Whole house or bungalow: Semi-detached,65,64,1,0,1
S01013108,Whole house or bungalow: Terraced (including end-terrace),17,17,0,0,0
S01013108,Flat maisonette or apartment or mobile/temporary accommodation,60,59,1,0,1
S01013109,All household spaces,440,412,28,5,23
S01013109,Whole house or bungalow: Total,428,400,28,5,23
S01013109,Whole house or bungalow: Detached,239,220,19,4,15
S01013109,Whole house or bungalow: Semi-detached,134,128,6,1,5
S01013109,Whole house or bungalow: Terraced (including end-terrace),55,52,3,0,3
S01013109,Flat maisonette or apartment or mobile/temporary accommodation,12,12,0,0,0
S01013110,All household spaces,263,245,18,8,10
S01013110,Whole house or bungalow: Total,250,233,17,7,10
S01013110,Whole house or bungalow: Detached,163,150,13,4,9
S01013110,Whole house or bungalow: Semi-detached,57,55,2,1,1
S01013110,Whole house or bungalow: Terraced (including end-terrace),30,28,2,2,0
S01013110,Flat maisonette or apartment or mobile/temporary accommodation,13,12,1,1,0
S01013111,All household spaces,209,192,17,12,5
S01013111,Whole house or bungalow: Total,194,178,16,11,5
S01013111,Whole house or bungalow: Detached,104,96,8,8,0
S01013111,Whole house or bungalow: Semi-detached,60,55,5,3,2
S01013111,Whole house or bungalow: Terraced (including end-terrace),30,27,3,0,3
S01013111,Flat maisonette or apartment or mobile/temporary accommodation,15,14,1,1,0
S01013112,All household spaces,275,265,10,3,7
S01013112,Whole house or bungalow: Total,202,198,4,3,1
S01013112,Whole house or bungalow: Detached,90,89,1,0,1
S01013112,Whole house or bungalow: Semi-detached,85,85,0,0,0
S01013112,Whole house or bungalow: Terraced (including end-terrace),27,24,3,3,0
S01013112,Flat maisonette or apartment or mobile/temporary accommodation,73,67,6,0,6
S01013113,All household spaces,375,372,3,0,3
S01013113,Whole house or bungalow: Total,357,354,3,0,3
S01013113,Whole house or bungalow: Detached,82,82,0,0,0
S01013113,Whole house or bungalow: Semi-detached,173,170,3,0,3
S01013113,Whole house or bungalow: Terraced (including end-terrace),102,102,0,0,0
S01013113,Flat maisonette or apartment or mobile/temporary accommodation,18,18,0,0,0
S01013114,All household spaces,370,337,33,27,6
S01013114,Whole house or bungalow: Total,327,294,33,27,6
S01013114,Whole house or bungalow: Detached,233,210,23,19,4
S01013114,Whole house or bungalow: Semi-detached,64,55,9,8,1
S01013114,Whole house or bungalow: Terraced (including end-terrace),30,29,1,0,1
S01013114,Flat maisonette or apartment or mobile/temporary accommodation,43,43,0,0,0
S01013115,All household spaces,346,320,26,8,18
S01013115,Whole house or bungalow: Total,144,135,9,7,2
S01013115,Whole house or bungalow: Detached,51,50,1,0,1
S01013115,Whole house or bungalow: Semi-detached,56,56,0,0,0
S01013115,Whole house or bungalow: Terraced (including end-terrace),37,29,8,7,1
S01013115,Flat maisonette or apartment or mobile/temporary accommodation,202,185,17,1,16
S01013116,All household spaces,360,331,29,14,15
S01013116,Whole house or bungalow: Total,304,282,22,9,13
S01013116,Whole house or bungalow: Detached,231,216,15,6,9
S01013116,Whole house or bungalow: Semi-detached,51,46,5,2,3
S01013116,Whole house or bungalow: Terraced (including end-terrace),22,20,2,1,1
S01013116,Flat maisonette or apartment or mobile/temporary accommodation,56,49,7,5,2
S01013117,All household spaces,281,271,10,7,3
S01013117,Whole house or bungalow: Total,190,181,9,7,2
S01013117,Whole house or bungalow: Detached,52,49,3,2,1
S01013117,Whole house or bungalow: Semi-detached,95,94,1,1,0
S01013117,Whole house or bungalow: Terraced (including end-terrace),43,38,5,4,1
S01013117,Flat maisonette or apartment or mobile/temporary accommodation,91,90,1,0,1
S01013118,All household spaces,254,195,59,56,3
S01013118,Whole house or bungalow: Total,243,186,57,54,3
S01013118,Whole house or bungalow: Detached,162,123,39,36,3
S01013118,Whole house or bungalow: Semi-detached,64,56,8,8,0
S01013118,Whole house or bungalow: Terraced (including end-terrace),17,7,10,10,0
S01013118,Flat maisonette or apartment or mobile/temporary accommodation,11,9,2,2,0
S01013119,All household spaces,457,337,120,109,11
S01013119,Whole house or bungalow: Total,428,315,113,104,9
S01013119,Whole house or bungalow: Detached,304,207,97,91,6
S01013119,Whole house or bungalow: Semi-detached,84,74,10,9,1
S01013119,Whole house or bungalow: Terraced (including end-terrace),40,34,6,4,2
S01013119,Flat maisonette or apartment or mobile/temporary accommodation,29,22,7,5,2
S01013120,All household spaces,538,440,98,79,19
S01013120,Whole house or bungalow: Total,456,368,88,76,12
S01013120,Whole house or bungalow: Detached,269,196,73,63,10
S01013120,Whole house or bungalow: Semi-detached,134,127,7,5,2
S01013120,Whole house or bungalow: Terraced (including end-terrace),53,45,8,8,0
S01013120,Flat maisonette or apartment or mobile/temporary accommodation,82,72,10,3,7
S01013121,All household spaces,179,146,33,21,12
S01013121,Whole house or bungalow: Total,166,133,33,21,12
S01013121,Whole house or bungalow: Detached,86,69,17,13,4
S01013121,Whole house or bungalow: Semi-detached,48,39,9,4,5
S01013121,Whole house or bungalow: Terraced (including end-terrace),32,25,7,4,3
S01013121,Flat maisonette or apartment or mobile/temporary accommodation,13,13,0,0,0
S01013122,All household spaces,380,333,47,0,47
S01013122,Whole house or bungalow: Total,44,44,0,0,0
S01013122,Whole house or bungalow: Detached,3,3,0,0,0
S01013122,Whole house or bungalow: Semi-detached,4,4,0,0,0
S01013122,Whole house or bungalow: Terraced (including end-terrace),37,37,0,0,0
S01013122,Flat maisonette or apartment or mobile/temporary accommodation,336,289,47,0,47
S01013123,All household spaces,425,414,11,0,11
S01013123,Whole house or bungalow: Total,107,107,0,0,0
S01013123,Whole house or bungalow: Detached,8,8,0,0,0
S01013123,Whole house or bungalow: Semi-detached,10,10,0,0,0
S01013123,Whole house or bungalow: Terraced (including end-terrace),89,89,0,0,0
S01013123,Flat maisonette or apartment or mobile/temporary accommodation,318,307,11,0,11
S01013124,All household spaces,341,334,7,1,6
S01013124,Whole house or bungalow: Total,147,143,4,1,3
S01013124,Whole house or bungalow: Detached,4,4,0,0,0
S01013124,Whole house or bungalow: Semi-detached,78,76,2,1,1
S01013124,Whole house or bungalow: Terraced (including end-terrace),65,63,2,0,2
S01013124,Flat maisonette or apartment or mobile/temporary accommodation,194,191,3,0,3
S01013125,All household spaces,385,374,11,1,10
S01013125,Whole house or bungalow: Total,207,205,2,1,1
S01013125,Whole house or bungalow: Detached,9,9,0,0,0
S01013125,Whole house or bungalow: Semi-detached,82,82,0,0,0
S01013125,Whole house or bungalow: Terraced (including end-terrace),116,114,2,1,1
S01013125,Flat maisonette or apartment or mobile/temporary accommodation,178,169,9,0,9
S01013126,All household spaces,352,342,10,0,10
S01013126,Whole house or bungalow: Total,135,135,0,0,0
S01013126,Whole house or bungalow: Detached,8,8,0,0,0
S01013126,Whole house or bungalow: Semi-detached,47,47,0,0,0
S01013126,Whole house or bungalow: Terraced (including end-terrace),80,80,0,0,0
S01013126,Flat maisonette or apartment or mobile/temporary accommodation,217,207,10,0,10
S01013127,All household spaces,386,378,8,0,8
S01013127,Whole house or bungalow: Total,142,141,1,0,1
S01013127,Whole house or bungalow: Detached,3,3,0,0,0
S01013127,Whole house or bungalow: Semi-detached,37,36,1,0,1
S01013127,Whole house or bungalow: Terraced (including end-terrace),102,102,0,0,0
S01013127,Flat maisonette or apartment or mobile/temporary accommodation,244,237,7,0,7
S01013128,All household spaces,467,455,12,1,11
S01013128,Whole house or bungalow: Total,52,51,1,0,1
S01013128,Whole house or bungalow: Detached,4,4,0,0,0
S01013128,Whole house or bungalow: Semi-detached,11,11,0,0,0
S01013128,Whole house or bungalow: Terraced (including end-terrace),37,36,1,0,1
S01013128,Flat maisonette or apartment or mobile/temporary accommodation,415,404,11,1,10
S01013129,All household spaces,542,533,9,1,8
S01013129,Whole house or bungalow: Total,203,202,1,0,1
S01013129,Whole house or bungalow: Detached,7,7,0,0,0
S01013129,Whole house or bungalow: Semi-detached,34,34,0,0,0
S01013129,Whole house or bungalow: Terraced (including end-terrace),162,161,1,0,1
S01013129,Flat maisonette or apartment or mobile/temporary accommodation,339,331,8,1,7
S01013130,All household spaces,356,340,16,0,16
S01013130,Whole house or bungalow: Total,62,57,5,0,5
S01013130,Whole house or bungalow: Detached,3,3,0,0,0
S01013130,Whole house or bungalow: Semi-detached,23,22,1,0,1
S01013130,Whole house or bungalow: Terraced (including end-terrace),36,32,4,0,4
S01013130,Flat maisonette or apartment or mobile/temporary accommodation,294,283,11,0,11
S01013131,All household spaces,320,316,4,0,4
S01013131,Whole house or bungalow: Total,118,117,1,0,1
S01013131,Whole house or bungalow: Detached,2,2,0,0,0
S01013131,Whole house or bungalow: Semi-detached,88,88,0,0,0
S01013131,Whole house or bungalow: Terraced (including end-terrace),28,27,1,0,1
S01013131,Flat maisonette or apartment or mobile/temporary accommodation,202,199,3,0,3
S01013132,All household spaces,322,318,4,0,4
S01013132,Whole house or bungalow: Total,65,64,1,0,1
S01013132,Whole house or bungalow: Detached,5,5,0,0,0
S01013132,Whole house or bungalow: Semi-detached,18,18,0,0,0
S01013132,Whole house or bungalow: Terraced (including end-terrace),42,41,1,0,1
S01013132,Flat maisonette or apartment or mobile/temporary accommodation,257,254,3,0,3
S01013133,All household spaces,492,441,51,0,51
S01013133,Whole house or bungalow: Total,103,99,4,0,4
S01013133,Whole house or bungalow: Detached,5,5,0,0,0
S01013133,Whole house or bungalow: Semi-detached,32,31,1,0,1
S01013133,Whole house or bungalow: Terraced (including end-terrace),66,63,3,0,3
S01013133,Flat maisonette or apartment or mobile/temporary accommodation,389,342,47,0,47
S01013134,All household spaces,391,376,15,0,15
S01013134,Whole house or bungalow: Total,228,218,10,0,10
S01013134,Whole house or bungalow: Detached,47,46,1,0,1
S01013134,Whole house or bungalow: Semi-detached,52,50,2,0,2
S01013134,Whole house or bungalow: Terraced (including end-terrace),129,122,7,0,7
S01013134,Flat maisonette or apartment or mobile/temporary accommodation,163,158,5,0,5
S01013135,All household spaces,420,391,29,0,29
S01013135,Whole house or bungalow: Total,73,72,1,0,1
S01013135,Whole house or bungalow: Detached,5,5,0,0,0
S01013135,Whole house or bungalow: Semi-detached,46,46,0,0,0
S01013135,Whole house or bungalow: Terraced (including end-terrace),22,21,1,0,1
S01013135,Flat maisonette or apartment or mobile/temporary accommodation,347,319,28,0,28
S01013136,All household spaces,398,395,3,0,3
S01013136,Whole house or bungalow: Total,147,146,1,0,1
S01013136,Whole house or bungalow: Detached,7,7,0,0,0
S01013136,Whole house or bungalow: Semi-detached,121,120,1,0,1
S01013136,Whole house or bungalow: Terraced (including end-terrace),19,19,0,0,0
S01013136,Flat maisonette or apartment or mobile/temporary accommodation,251,249,2,0,2
S01013137,All household spaces,308,307,1,0,1
S01013137,Whole house or bungalow: Total,203,202,1,0,1
S01013137,Whole house or bungalow: Detached,4,4,0,0,0
S01013137,Whole house or bungalow: Semi-detached,173,172,1,0,1
S01013137,Whole house or bungalow: Terraced (including end-terrace),26,26,0,0,0
S01013137,Flat maisonette or apartment or mobile/temporary accommodation,105,105,0,0,0
S01013138,All household spaces,371,342,29,1,28
S01013138,Whole house or bungalow: Total,62,59,3,0,3
S01013138,Whole house or bungalow: Detached,4,3,1,0,1
S01013138,Whole house or bungalow: Semi-detached,40,39,1,0,1
S01013138,Whole house or bungalow: Terraced (including end-terrace),18,17,1,0,1
S01013138,Flat maisonette or apartment or mobile/temporary accommodation,309,283,26,1,25
S01013139,All household spaces,422,409,13,0,13
S01013139,Whole house or bungalow: Total,172,170,2,0,2
S01013139,Whole house or bungalow: Detached,17,17,0,0,0
S01013139,Whole house or bungalow: Semi-detached,75,75,0,0,0
S01013139,Whole house or bungalow: Terraced (including end-terrace),80,78,2,0,2
S01013139,Flat maisonette or apartment or mobile/temporary accommodation,250,239,11,0,11
S01013140,All household spaces,372,366,6,0,6
S01013140,Whole house or bungalow: Total,177,174,3,0,3
S01013140,Whole house or bungalow: Detached,6,6,0,0,0
S01013140,Whole house or bungalow: Semi-detached,83,81,2,0,2
S01013140,Whole house or bungalow: Terraced (including end-terrace),88,87,1,0,1
S01013140,Flat maisonette or apartment or mobile/temporary accommodation,195,192,3,0,3
S01013141,All household spaces,333,330,3,0,3
S01013141,Whole house or bungalow: Total,98,97,1,0,1
S01013141,Whole house or bungalow: Detached,4,4,0,0,0
S01013141,Whole house or bungalow: Semi-detached,35,34,1,0,1
S01013141,Whole house or bungalow: Terraced (including end-terrace),59,59,0,0,0
S01013141,Flat maisonette or apartment or mobile/temporary accommodation,235,233,2,0,2
S01013142,All household spaces,518,517,1,0,1
S01013142,Whole house or bungalow: Total,69,68,1,0,1
S01013142,Whole house or bungalow: Detached,4,4,0,0,0
S01013142,Whole house or bungalow: Semi-detached,18,18,0,0,0
S01013142,Whole house or bungalow: Terraced (including end-terrace),47,46,1,0,1
S01013142,Flat maisonette or apartment or mobile/temporary accommodation,449,449,0,0,0
S01013143,All household spaces,431,419,12,0,12
S01013143,Whole house or bungalow: Total,148,147,1,0,1
S01013143,Whole house or bungalow: Detached,7,7,0,0,0
S01013143,Whole house or bungalow: Semi-detached,60,59,1,0,1
S01013143,Whole house or bungalow: Terraced (including end-terrace),81,81,0,0,0
S01013143,Flat maisonette or apartment or mobile/temporary accommodation,283,272,11,0,11
S01013144,All household spaces,431,427,4,0,4
S01013144,Whole house or bungalow: Total,156,154,2,0,2
S01013144,Whole house or bungalow: Detached,23,22,1,0,1
S01013144,Whole house or bungalow: Semi-detached,82,82,0,0,0
S01013144,Whole house or bungalow: Terraced (including end-terrace),51,50,1,0,1
S01013144,Flat maisonette or apartment or mobile/temporary accommodation,275,273,2,0,2
S01013145,All household spaces,341,336,5,1,4
S01013145,Whole house or bungalow: Total,123,121,2,1,1
S01013145,Whole house or bungalow: Detached,7,7,0,0,0
S01013145,Whole house or bungalow: Semi-detached,106,104,2,1,1
S01013145,Whole house or bungalow: Terraced (including end-terrace),10,10,0,0,0
S01013145,Flat maisonette or apartment or mobile/temporary accommodation,218,215,3,0,3
S01013146,All household spaces,204,197,7,0,7
S01013146,Whole house or bungalow: Total,62,61,1,0,1
S01013146,Whole house or bungalow: Detached,0,0,0,0,0
S01013146,Whole house or bungalow: Semi-detached,46,45,1,0,1
S01013146,Whole house or bungalow: Terraced (including end-terrace),16,16,0,0,0
S01013146,Flat maisonette or apartment or mobile/temporary accommodation,142,136,6,0,6
S01013147,All household spaces,313,307,6,0,6
S01013147,Whole house or bungalow: Total,217,212,5,0,5
S01013147,Whole house or bungalow: Detached,58,58,0,0,0
S01013147,Whole house or bungalow: Semi-detached,79,76,3,0,3
S01013147,Whole house or bungalow: Terraced (including end-terrace),80,78,2,0,2
S01013147,Flat maisonette or apartment or mobile/temporary accommodation,96,95,1,0,1
S01013148,All household spaces,387,381,6,1,5
S01013148,Whole house or bungalow: Total,142,140,2,1,1
S01013148,Whole house or bungalow: Detached,31,30,1,0,1
S01013148,Whole house or bungalow: Semi-detached,76,75,1,1,0
S01013148,Whole house or bungalow: Terraced (including end-terrace),35,35,0,0,0
S01013148,Flat maisonette or apartment or mobile/temporary accommodation,245,241,4,0,4
S01013149,All household spaces,431,418,13,2,11
S01013149,Whole house or bungalow: Total,131,125,6,2,4
S01013149,Whole house or bungalow: Detached,10,8,2,0,2
S01013149,Whole house or bungalow: Semi-detached,54,54,0,0,0
S01013149,Whole house or bungalow: Terraced (including end-terrace),67,63,4,2,2
S01013149,Flat maisonette or apartment or mobile/temporary accommodation,300,293,7,0,7
S01013150,All household spaces,415,403,12,2,10
S01013150,Whole house or bungalow: Total,267,258,9,2,7
S01013150,Whole house or bungalow: Detached,48,47,1,0,1
S01013150,Whole house or bungalow: Semi-detached,116,112,4,2,2
S01013150,Whole house or bungalow: Terraced (including end-terrace),103,99,4,0,4
S01013150,Flat maisonette or apartment or mobile/temporary accommodation,148,145,3,0,3
S01013151,All household spaces,273,261,12,1,11
S01013151,Whole house or bungalow: Total,144,141,3,1,2
S01013151,Whole house or bungalow: Detached,68,66,2,0,2
S01013151,Whole house or bungalow: Semi-detached,48,47,1,1,0
S01013151,Whole house or bungalow: Terraced (including end-terrace),28,28,0,0,0
S01013151,Flat maisonette or apartment or mobile/temporary accommodation,129,120,9,0,9
S01013152,All household spaces,394,386,8,2,6
S01013152,Whole house or bungalow: Total,271,266,5,2,3
S01013152,Whole house or bungalow: Detached,102,98,4,2,2
S01013152,Whole house or bungalow: Semi-detached,66,66,0,0,0
S01013152,Whole house or bungalow: Terraced (including end-terrace),103,102,1,0,1
S01013152,Flat maisonette or apartment or mobile/temporary accommodation,123,120,3,0,3
S01013153,All household spaces,409,398,11,0,11
S01013153,Whole house or bungalow: Total,178,171,7,0,7
S01013153,Whole house or bungalow: Detached,5,5,0,0,0
S01013153,Whole house or bungalow: Semi-detached,67,67,0,0,0
S01013153,Whole house or bungalow: Terraced (including end-terrace),106,99,7,0,7
S01013153,Flat maisonette or apartment or mobile/temporary accommodation,231,227,4,0,4
S01013154,All household spaces,456,452,4,1,3
S01013154,Whole house or bungalow: Total,180,179,1,0,1
S01013154,Whole house or bungalow: Detached,30,30,0,0,0
S01013154,Whole house or bungalow: Semi-detached,57,57,0,0,0
S01013154,Whole house or bungalow: Terraced (including end-terrace),93,92,1,0,1
S01013154,Flat maisonette or apartment or mobile/temporary accommodation,276,273,3,1,2
S01013155,All household spaces,408,399,9,0,9
S01013155,Whole house or bungalow: Total,39,39,0,0,0
S01013155,Whole house or bungalow: Detached,6,6,0,0,0
S01013155,Whole house or bungalow: Semi-detached,14,14,0,0,0
S01013155,Whole house or bungalow: Terraced (including end-terrace),19,19,0,0,0
S01013155,Flat maisonette or apartment or mobile/temporary accommodation,369,360,9,0,9
S01013156,All household spaces,361,354,7,0,7
S01013156,Whole house or bungalow: Total,120,117,3,0,3
S01013156,Whole house or bungalow: Detached,7,7,0,0,0
S01013156,Whole house or bungalow: Semi-detached,28,26,2,0,2
S01013156,Whole house or bungalow: Terraced (including end-terrace),85,84,1,0,1
S01013156,Flat maisonette or apartment or mobile/temporary accommodation,241,237,4,0,4
S01013157,All household spaces,433,430,3,0,3
S01013157,Whole house or bungalow: Total,153,153,0,0,0
S01013157,Whole house or bungalow: Detached,8,8,0,0,0
S01013157,Whole house or bungalow: Semi-detached,49,49,0,0,0
S01013157,Whole house or bungalow: Terraced (including end-terrace),96,96,0,0,0
S01013157,Flat maisonette or apartment or mobile/temporary accommodation,280,277,3,0,3
S01013158,All household spaces,208,205,3,1,2
S01013158,Whole house or bungalow: Total,199,196,3,1,2
S01013158,Whole house or bungalow: Detached,89,88,1,0,1
S01013158,Whole house or bungalow: Semi-detached,105,103,2,1,1
S01013158,Whole house or bungalow: Terraced (including end-terrace),5,5,0,0,0
S01013158,Flat maisonette or apartment or mobile/temporary accommodation,9,9,0,0,0
S01013159,All household spaces,302,297,5,1,4
S01013159,Whole house or bungalow: Total,268,264,4,1,3
S01013159,Whole house or bungalow: Detached,66,66,0,0,0
S01013159,Whole house or bungalow: Semi-detached,131,127,4,1,3
S01013159,Whole house or bungalow: Terraced (including end-terrace),71,71,0,0,0
S01013159,Flat maisonette or apartment or mobile/temporary accommodation,34,33,1,0,1
S01013160,All household spaces,266,264,2,0,2
S01013160,Whole house or bungalow: Total,260,258,2,0,2
S01013160,Whole house or bungalow: Detached,75,75,0,0,0
S01013160,Whole house or bungalow: Semi-detached,180,178,2,0,2
S01013160,Whole house or bungalow: Terraced (including end-terrace),5,5,0,0,0
S01013160,Flat maisonette or apartment or mobile/temporary accommodation,6,6,0,0,0
S01013161,All household spaces,509,488,21,0,21
S01013161,Whole house or bungalow: Total,186,182,4,0,4
S01013161,Whole house or bungalow: Detached,21,21,0,0,0
S01013161,Whole house or bungalow: Semi-detached,62,62,0,0,0
S01013161,Whole house or bungalow: Terraced (including end-terrace),103,99,4,0,4
S01013161,Flat maisonette or apartment or mobile/temporary accommodation,323,306,17,0,17
S01013162,All household spaces,436,426,10,0,10
S01013162,Whole house or bungalow: Total,157,153,4,0,4
S01013162,Whole house or bungalow: Detached,11,11,0,0,0
S01013162,Whole house or bungalow: Semi-detached,77,76,1,0,1
S01013162,Whole house or bungalow: Terraced (including end-terrace),69,66,3,0,3
S01013162,Flat maisonette or apartment or mobile/temporary accommodation,279,273,6,0,6
S01013163,All household spaces,256,253,3,0,3
S01013163,Whole house or bungalow: Total,229,227,2,0,2
S01013163,Whole house or bungalow: Detached,62,62,0,0,0
S01013163,Whole house or bungalow: Semi-detached,128,126,2,0,2
S01013163,Whole house or bungalow: Terraced (including end-terrace),39,39,0,0,0
S01013163,Flat maisonette or apartment or mobile/temporary accommodation,27,26,1,0,1
S01013164,All household spaces,492,485,7,2,5
S01013164,Whole house or bungalow: Total,259,254,5,2,3
S01013164,Whole house or bungalow: Detached,84,84,0,0,0
S01013164,Whole house or bungalow: Semi-detached,106,102,4,2,2
S01013164,Whole house or bungalow: Terraced (including end-terrace),69,68,1,0,1
S01013164,Flat maisonette or apartment or mobile/temporary accommodation,233,231,2,0,2
S01013165,All household spaces,421,412,9,1,8
S01013165,Whole house or bungalow: Total,259,255,4,0,4
S01013165,Whole house or bungalow: Detached,38,36,2,0,2
S01013165,Whole house or bungalow: Semi-detached,132,131,1,0,1
S01013165,Whole house or bungalow: Terraced (including end-terrace),89,88,1,0,1
S01013165,Flat maisonette or apartment or mobile/temporary accommodation,162,157,5,1,4
S01013166,All household spaces,454,387,67,0,67
S01013166,Whole house or bungalow: Total,28,28,0,0,0
S01013166,Whole house or bungalow: Detached,3,3,0,0,0
S01013166,Whole house or bungalow: Semi-detached,9,9,0,0,0
S01013166,Whole house or bungalow: Terraced (including end-terrace),16,16,0,0,0
S01013166,Flat maisonette or apartment or mobile/temporary accommodation,426,359,67,0,67
S01013167,All household spaces,421,383,38,1,37
S01013167,Whole house or bungalow: Total,41,40,1,0,1
S01013167,Whole house or bungalow: Detached,3,3,0,0,0
S01013167,Whole house or bungalow: Semi-detached,19,18,1,0,1
S01013167,Whole house or bungalow: Terraced (including end-terrace),19,19,0,0,0
S01013167,Flat maisonette or apartment or mobile/temporary accommodation,380,343,37,1,36
S01013168,All household spaces,414,408,6,0,6
S01013168,Whole house or bungalow: Total,271,269,2,0,2
S01013168,Whole house or bungalow: Detached,7,7,0,0,0
S01013168,Whole house or bungalow: Semi-detached,45,44,1,0,1
S01013168,Whole house or bungalow: Terraced (including end-terrace),219,218,1,0,1
S01013168,Flat maisonette or apartment or mobile/temporary accommodation,143,139,4,0,4
S01013169,All household spaces,447,436,11,0,11
S01013169,Whole house or bungalow: Total,149,146,3,0,3
S01013169,Whole house or bungalow: Detached,5,5,0,0,0
S01013169,Whole house or bungalow: Semi-detached,84,83,1,0,1
S01013169,Whole house or bungalow: Terraced (including end-terrace),60,58,2,0,2
S01013169,Flat maisonette or apartment or mobile/temporary accommodation,298,290,8,0,8
S01013170,All household spaces,282,265,17,0,17
S01013170,Whole house or bungalow: Total,131,128,3,0,3
S01013170,Whole house or bungalow: Detached,3,3,0,0,0
S01013170,Whole house or bungalow: Semi-detached,44,43,1,0,1
S01013170,Whole house or bungalow: Terraced (including end-terrace),84,82,2,0,2
S01013170,Flat maisonette or apartment or mobile/temporary accommodation,151,137,14,0,14
S01013171,All household spaces,265,249,16,1,15
S01013171,Whole house or bungalow: Total,205,201,4,1,3
S01013171,Whole house or bungalow: Detached,87,84,3,1,2
S01013171,Whole house or bungalow: Semi-detached,81,81,0,0,0
S01013171,Whole house or bungalow: Terraced (including end-terrace),37,36,1,0,1
S01013171,Flat maisonette or apartment or mobile/temporary accommodation,60,48,12,0,12
S01013172,All household spaces,325,319,6,1,5
S01013172,Whole house or bungalow: Total,222,218,4,0,4
S01013172,Whole house or bungalow: Detached,32,31,1,0,1
S01013172,Whole house or bungalow: Semi-detached,54,54,0,0,0
S01013172,Whole house or bungalow: Terraced (including end-terrace),136,133,3,0,3
S01013172,Flat maisonette or apartment or mobile/temporary accommodation,103,101,2,1,1
S01013173,All household spaces,366,358,8,0,8
S01013173,Whole house or bungalow: Total,202,200,2,0,2
S01013173,Whole house or bungalow: Detached,54,53,1,0,1
S01013173,Whole house or bungalow: Semi-detached,90,90,0,0,0
S01013173,Whole house or bungalow: Terraced (including end-terrace),58,57,1,0,1
S01013173,Flat maisonette or apartment or mobile/temporary accommodation,164,158,6,0,6
S01013174,All household spaces,287,284,3,0,3
S01013174,Whole house or bungalow: Total,275,272,3,0,3
S01013174,Whole house or bungalow: Detached,94,91,3,0,3
S01013174,Whole house or bungalow: Semi-detached,126,126,0,0,0
S01013174,Whole house or bungalow: Terraced (including end-terrace),55,55,0,0,0
S01013174,Flat maisonette or apartment or mobile/temporary accommodation,12,12,0,0,0
S01013175,All household spaces,350,343,7,1,6
S01013175,Whole house or bungalow: Total,290,285,5,1,4
S01013175,Whole house or bungalow: Detached,89,87,2,1,1
S01013175,Whole house or bungalow: Semi-detached,113,112,1,0,1
S01013175,Whole house or bungalow: Terraced (including end-terrace),88,86,2,0,2
S01013175,Flat maisonette or apartment or mobile/temporary accommodation,60,58,2,0,2
S01013176,All household spaces,419,411,8,1,7
S01013176,Whole house or bungalow: Total,133,131,2,1,1
S01013176,Whole house or bungalow: Detached,33,31,2,1,1
S01013176,Whole house or bungalow: Semi-detached,32,32,0,0,0
S01013176,Whole house or bungalow: Terraced (including end-terrace),68,68,0,0,0
S01013176,Flat maisonette or apartment or mobile/temporary accommodation,286,280,6,0,6
S01013177,All household spaces,301,290,11,2,9
S01013177,Whole house or bungalow: Total,155,151,4,2,2
S01013177,Whole house or bungalow: Detached,18,16,2,1,1
S01013177,Whole house or bungalow: Semi-detached,98,97,1,0,1
S01013177,Whole house or bungalow: Terraced (including end-terrace),39,38,1,1,0
S01013177,Flat maisonette or apartment or mobile/temporary accommodation,146,139,7,0,7
S01013178,All household spaces,365,346,19,1,18
S01013178,Whole house or bungalow: Total,98,96,2,0,2
S01013178,Whole house or bungalow: Detached,37,36,1,0,1
S01013178,Whole house or bungalow: Semi-detached,36,35,1,0,1
S01013178,Whole house or bungalow: Terraced (including end-terrace),25,25,0,0,0
S01013178,Flat maisonette or apartment or mobile/temporary accommodation,267,250,17,1,16
S01013179,All household spaces,374,363,11,3,8
S01013179,Whole house or bungalow: Total,268,259,9,3,6
S01013179,Whole house or bungalow: Detached,103,99,4,2,2
S01013179,Whole house or bungalow: Semi-detached,99,97,2,1,1
S01013179,Whole house or bungalow: Terraced (including end-terrace),66,63,3,0,3
S01013179,Flat maisonette or apartment or mobile/temporary accommodation,106,104,2,0,2
S01013180,All household spaces,177,170,7,4,3
S01013180,Whole house or bungalow: Total,165,158,7,4,3
S01013180,Whole house or bungalow: Detached,24,22,2,1,1
S01013180,Whole house or bungalow: Semi-detached,72,68,4,2,2
S01013180,Whole house or bungalow: Terraced (including end-terrace),69,68,1,1,0
S01013180,Flat maisonette or apartment or mobile/temporary accommodation,12,12,0,0,0
S01013181,All household spaces,319,310,9,1,8
S01013181,Whole house or bungalow: Total,267,259,8,1,7
S01013181,Whole house or bungalow: Detached,11,11,0,0,0
S01013181,Whole house or bungalow: Semi-detached,78,76,2,1,1
S01013181,Whole house or bungalow: Terraced (including end-terrace),178,172,6,0,6
S01013181,Flat maisonette or apartment or mobile/temporary accommodation,52,51,1,0,1
S01013182,All household spaces,377,372,5,2,3
S01013182,Whole house or bungalow: Total,152,149,3,2,1
S01013182,Whole house or bungalow: Detached,13,13,0,0,0
S01013182,Whole house or bungalow: Semi-detached,95,92,3,2,1
S01013182,Whole house or bungalow: Terraced (including end-terrace),44,44,0,0,0
S01013182,Flat maisonette or apartment or mobile/temporary accommodation,225,223,2,0,2
S01013183,All household spaces,340,334,6,3,3
S01013183,Whole house or bungalow: Total,281,276,5,3,2
S01013183,Whole house or bungalow: Detached,114,114,0,0,0
S01013183,Whole house or bungalow: Semi-detached,135,130,5,3,2
S01013183,Whole house or bungalow: Terraced (including end-terrace),32,32,0,0,0
S01013183,Flat maisonette or apartment or mobile/temporary accommodation,59,58,1,0,1
S01013184,All household spaces,299,279,20,8,12
S01013184,Whole house or bungalow: Total,78,76,2,1,1
S01013184,Whole house or bungalow: Detached,4,4,0,0,0
S01013184,Whole house or bungalow: Semi-detached,63,61,2,1,1
S01013184,Whole house or bungalow: Terraced (including end-terrace),11,11,0,0,0
S01013184,Flat maisonette or apartment or mobile/temporary accommodation,221,203,18,7,11
S01013185,All household spaces,367,362,5,1,4
S01013185,Whole house or bungalow: Total,188,186,2,0,2
S01013185,Whole house or bungalow: Detached,10,10,0,0,0
S01013185,Whole house or bungalow: Semi-detached,139,137,2,0,2
S01013185,Whole house or bungalow: Terraced (including end-terrace),39,39,0,0,0
S01013185,Flat maisonette or apartment or mobile/temporary accommodation,179,176,3,1,2
S01013186,All household spaces,303,292,11,0,11
S01013186,Whole house or bungalow: Total,139,137,2,0,2
S01013186,Whole house or bungalow: Detached,1,1,0,0,0
S01013186,Whole house or bungalow: Semi-detached,88,88,0,0,0
S01013186,Whole house or bungalow: Terraced (including end-terrace),50,48,2,0,2
S01013186,Flat maisonette or apartment or mobile/temporary accommodation,164,155,9,0,9
S01013187,All household spaces,396,386,10,2,8
S01013187,Whole house or bungalow: Total,199,197,2,2,0
S01013187,Whole house or bungalow: Detached,34,34,0,0,0
S01013187,Whole house or bungalow: Semi-detached,70,68,2,2,0
S01013187,Whole house or bungalow: Terraced (including end-terrace),95,95,0,0,0
S01013187,Flat maisonette or apartment or mobile/temporary accommodation,197,189,8,0,8
S01013188,All household spaces,361,348,13,2,11
S01013188,Whole house or bungalow: Total,272,267,5,2,3
S01013188,Whole house or bungalow: Detached,22,22,0,0,0
S01013188,Whole house or bungalow: Semi-detached,153,151,2,1,1
S01013188,Whole house or bungalow: Terraced (including end-terrace),97,94,3,1,2
S01013188,Flat maisonette or apartment or mobile/temporary accommodation,89,81,8,0,8
S01013189,All household spaces,241,238,3,2,1
S01013189,Whole house or bungalow: Total,216,213,3,2,1
S01013189,Whole house or bungalow: Detached,31,31,0,0,0
S01013189,Whole house or bungalow: Semi-detached,125,122,3,2,1
S01013189,Whole house or bungalow: Terraced (including end-terrace),60,60,0,0,0
S01013189,Flat maisonette or apartment or mobile/temporary accommodation,25,25,0,0,0
S01013190,All household spaces,376,367,9,2,7
S01013190,Whole house or bungalow: Total,149,146,3,1,2
S01013190,Whole house or bungalow: Detached,52,51,1,1,0
S01013190,Whole house or bungalow: Semi-detached,76,74,2,0,2
S01013190,Whole house or bungalow: Terraced (including end-terrace),21,21,0,0,0
S01013190,Flat maisonette or apartment or mobile/temporary accommodation,227,221,6,1,5
S01013191,All household spaces,389,386,3,1,2
S01013191,Whole house or bungalow: Total,346,343,3,1,2
S01013191,Whole house or bungalow: Detached,108,107,1,1,0
S01013191,Whole house or bungalow: Semi-detached,144,143,1,0,1
S01013191,Whole house or bungalow: Terraced (including end-terrace),94,93,1,0,1
S01013191,Flat maisonette or apartment or mobile/temporary accommodation,43,43,0,0,0
S01013192,All household spaces,423,417,6,0,6
S01013192,Whole house or bungalow: Total,186,183,3,0,3
S01013192,Whole house or bungalow: Detached,34,34,0,0,0
S01013192,Whole house or bungalow: Semi-detached,60,60,0,0,0
S01013192,Whole house or bungalow: Terraced (including end-terrace),92,89,3,0,3
S01013192,Flat maisonette or apartment or mobile/temporary accommodation,237,234,3,0,3
S01013193,All household spaces,386,356,30,1,29
S01013193,Whole house or bungalow: Total,95,93,2,0,2
S01013193,Whole house or bungalow: Detached,23,21,2,0,2
S01013193,Whole house or bungalow: Semi-detached,47,47,0,0,0
S01013193,Whole house or bungalow: Terraced (including end-terrace),25,25,0,0,0
S01013193,Flat maisonette or apartment or mobile/temporary accommodation,291,263,28,1,27
S01013194,All household spaces,329,319,10,3,7
S01013194,Whole house or bungalow: Total,74,70,4,3,1
S01013194,Whole house or bungalow: Detached,7,7,0,0,0
S01013194,Whole house or bungalow: Semi-detached,27,23,4,3,1
S01013194,Whole house or bungalow: Terraced (including end-terrace),40,40,0,0,0
S01013194,Flat maisonette or apartment or mobile/temporary accommodation,255,249,6,0,6
S01013195,All household spaces,626,597,29,1,28
S01013195,Whole house or bungalow: Total,74,74,0,0,0
S01013195,Whole house or bungalow: Detached,40,40,0,0,0
S01013195,Whole house or bungalow: Semi-detached,25,25,0,0,0
S01013195,Whole house or bungalow: Terraced (including end-terrace),9,9,0,0,0
S01013195,Flat maisonette or apartment or mobile/temporary accommodation,552,523,29,1,28
S01013196,All household spaces,379,371,8,1,7
S01013196,Whole house or bungalow: Total,61,60,1,0,1
S01013196,Whole house or bungalow: Detached,7,7,0,0,0
S01013196,Whole house or bungalow: Semi-detached,26,25,1,0,1
S01013196,Whole house or bungalow: Terraced (including end-terrace),28,28,0,0,0
S01013196,Flat maisonette or apartment or mobile/temporary accommodation,318,311,7,1,6
S01013197,All household spaces,269,262,7,1,6
S01013197,Whole house or bungalow: Total,175,171,4,1,3
S01013197,Whole house or bungalow: Detached,57,55,2,0,2
S01013197,Whole house or bungalow: Semi-detached,61,61,0,0,0
S01013197,Whole house or bungalow: Terraced (including end-terrace),57,55,2,1,1
S01013197,Flat maisonette or apartment or mobile/temporary accommodation,94,91,3,0,3
S01013198,All household spaces,386,379,7,0,7
S01013198,Whole house or bungalow: Total,190,187,3,0,3
S01013198,Whole house or bungalow: Detached,17,17,0,0,0
S01013198,Whole house or bungalow: Semi-detached,135,132,3,0,3
S01013198,Whole house or bungalow: Terraced (including end-terrace),38,38,0,0,0
S01013198,Flat maisonette or apartment or mobile/temporary accommodation,196,192,4,0,4
S01013199,All household spaces,503,488,15,5,10
S01013199,Whole house or bungalow: Total,157,145,12,5,7
S01013199,Whole house or bungalow: Detached,80,70,10,4,6
S01013199,Whole house or bungalow: Semi-detached,32,30,2,1,1
S01013199,Whole house or bungalow: Terraced (including end-terrace),45,45,0,0,0
S01013199,Flat maisonette or apartment or mobile/temporary accommodation,346,343,3,0,3
S01013200,All household spaces,336,313,23,2,21
S01013200,Whole house or bungalow: Total,157,152,5,0,5
S01013200,Whole house or bungalow: Detached,53,52,1,0,1
S01013200,Whole house or bungalow: Semi-detached,68,66,2,0,2
S01013200,Whole house or bungalow: Terraced (including end-terrace),36,34,2,0,2
S01013200,Flat maisonette or apartment or mobile/temporary accommodation,179,161,18,2,16
S01013201,All household spaces,395,380,15,0,15
S01013201,Whole house or bungalow: Total,132,130,2,0,2
S01013201,Whole house or bungalow: Detached,11,11,0,0,0
S01013201,Whole house or bungalow: Semi-detached,60,60,0,0,0
S01013201,Whole house or bungalow: Terraced (including end-terrace),61,59,2,0,2
S01013201,Flat maisonette or apartment or mobile/temporary accommodation,263,250,13,0,13
S01013202,All household spaces,256,235,21,0,21
S01013202,Whole house or bungalow: Total,130,127,3,0,3
S01013202,Whole house or bungalow: Detached,33,32,1,0,1
S01013202,Whole house or bungalow: Semi-detached,60,59,1,0,1
S01013202,Whole house or bungalow: Terraced (including end-terrace),37,36,1,0,1
S01013202,Flat maisonette or apartment or mobile/temporary accommodation,126,108,18,0,18
S01013203,All household spaces,385,355,30,0,30
S01013203,Whole house or bungalow: Total,240,236,4,0,4
S01013203,Whole house or bungalow: Detached,19,19,0,0,0
S01013203,Whole house or bungalow: Semi-detached,47,46,1,0,1
S01013203,Whole house or bungalow: Terraced (including end-terrace),174,171,3,0,3
S01013203,Flat maisonette or apartment or mobile/temporary accommodation,145,119,26,0,26
S01013204,All household spaces,342,332,10,1,9
S01013204,Whole house or bungalow: Total,294,288,6,0,6
S01013204,Whole house or bungalow: Detached,60,60,0,0,0
S01013204,Whole house or bungalow: Semi-detached,142,138,4,0,4
S01013204,Whole house or bungalow: Terraced (including end-terrace),92,90,2,0,2
S01013204,Flat maisonette or apartment or mobile/temporary accommodation,48,44,4,1,3
S01013205,All household spaces,267,240,27,0,27
S01013205,Whole house or bungalow: Total,200,194,6,0,6
S01013205,Whole house or bungalow: Detached,4,4,0,0,0
S01013205,Whole house or bungalow: Semi-detached,102,101,1,0,1
S01013205,Whole house or bungalow: Terraced (including end-terrace),94,89,5,0,5
S01013205,Flat maisonette or apartment or mobile/temporary accommodation,67,46,21,0,21
S01013206,All household spaces,302,298,4,0,4
S01013206,Whole house or bungalow: Total,225,224,1,0,1
S01013206,Whole house or bungalow: Detached,4,4,0,0,0
S01013206,Whole house or bungalow: Semi-detached,117,117,0,0,0
S01013206,Whole house or bungalow: Terraced (including end-terrace),104,103,1,0,1
S01013206,Flat maisonette or apartment or mobile/temporary accommodation,77,74,3,0,3
S01013207,All household spaces,399,390,9,3,6
S01013207,Whole house or bungalow: Total,172,166,6,3,3
S01013207,Whole house or bungalow: Detached,54,51,3,1,2
S01013207,Whole house or bungalow: Semi-detached,62,62,0,0,0
S01013207,Whole house or bungalow: Terraced (including end-terrace),56,53,3,2,1
S01013207,Flat maisonette or apartment or mobile/temporary accommodation,227,224,3,0,3
S01013208,All household spaces,458,436,22,8,14
S01013208,Whole house or bungalow: Total,258,245,13,8,5
S01013208,Whole house or bungalow: Detached,21,20,1,0,1
S01013208,Whole house or bungalow: Semi-detached,113,109,4,1,3
S01013208,Whole house or bungalow: Terraced (including end-terrace),124,116,8,7,1
S01013208,Flat maisonette or apartment or mobile/temporary accommodation,200,191,9,0,9
S01013209,All household spaces,446,435,11,4,7
S01013209,Whole house or bungalow: Total,99,93,6,4,2
S01013209,Whole house or bungalow: Detached,18,18,0,0,0
S01013209,Whole house or bungalow: Semi-detached,50,49,1,0,1
S01013209,Whole house or bungalow: Terraced (including end-terrace),31,26,5,4,1
S01013209,Flat maisonette or apartment or mobile/temporary accommodation,347,342,5,0,5
S01013210,All household spaces,259,253,6,4,2
S01013210,Whole house or bungalow: Total,166,165,1,0,1
S01013210,Whole house or bungalow: Detached,47,47,0,0,0
S01013210,Whole house or bungalow: Semi-detached,87,86,1,0,1
S01013210,Whole house or bungalow: Terraced (including end-terrace),32,32,0,0,0
S01013210,Flat maisonette or apartment or mobile/temporary accommodation,93,88,5,4,1
S01013211,All household spaces,422,411,11,6,5
S01013211,Whole house or bungalow: Total,232,223,9,6,3
S01013211,Whole house or bungalow: Detached,54,53,1,1,0
S01013211,Whole house or bungalow: Semi-detached,94,92,2,1,1
S01013211,Whole house or bungalow: Terraced (including end-terrace),84,78,6,4,2
S01013211,Flat maisonette or apartment or mobile/temporary accommodation,190,188,2,0,2
S01013212,All household spaces,193,192,1,0,1
S01013212,Whole house or bungalow: Total,189,188,1,0,1
S01013212,Whole house or bungalow: Detached,122,122,0,0,0
S01013212,Whole house or bungalow: Semi-detached,59,58,1,0,1
S01013212,Whole house or bungalow: Terraced (including end-terrace),8,8,0,0,0
S01013212,Flat maisonette or apartment or mobile/temporary accommodation,4,4,0,0,0
S01013213,All household spaces,200,197,3,0,3
S01013213,Whole house or bungalow: Total,194,191,3,0,3
S01013213,Whole house or bungalow: Detached,101,100,1,0,1
S01013213,Whole house or bungalow: Semi-detached,55,54,1,0,1
S01013213,Whole house or bungalow: Terraced (including end-terrace),38,37,1,0,1
S01013213,Flat maisonette or apartment or mobile/temporary accommodation,6,6,0,0,0
S01013214,All household spaces,159,159,0,0,0
S01013214,Whole house or bungalow: Total,156,156,0,0,0
S01013214,Whole house or bungalow: Detached,47,47,0,0,0
S01013214,Whole house or bungalow: Semi-detached,102,102,0,0,0
S01013214,Whole house or bungalow: Terraced (including end-terrace),7,7,0,0,0
S01013214,Flat maisonette or apartment or mobile/temporary accommodation,3,3,0,0,0
S01013215,All household spaces,389,385,4,2,2
S01013215,Whole house or bungalow: Total,221,217,4,2,2
S01013215,Whole house or bungalow: Detached,26,25,1,0,1
S01013215,Whole house or bungalow: Semi-detached,124,123,1,0,1
S01013215,Whole house or bungalow: Terraced (including end-terrace),71,69,2,2,0
S01013215,Flat maisonette or apartment or mobile/temporary accommodation,168,168,0,0,0
S01013216,All household spaces,241,237,4,1,3
S01013216,Whole house or bungalow: Total,205,201,4,1,3
S01013216,Whole house or bungalow: Detached,6,6,0,0,0
S01013216,Whole house or bungalow: Semi-detached,31,30,1,0,1
S01013216,Whole house or bungalow: Terraced (including end-terrace),168,165,3,1,2
S01013216,Flat maisonette or apartment or mobile/temporary accommodation,36,36,0,0,0
S01013217,All household spaces,279,279,0,0,0
S01013217,Whole house or bungalow: Total,247,247,0,0,0
S01013217,Whole house or bungalow: Detached,11,11,0,0,0
S01013217,Whole house or bungalow: Semi-detached,48,48,0,0,0
S01013217,Whole house or bungalow: Terraced (including end-terrace),188,188,0,0,0
S01013217,Flat maisonette or apartment or mobile/temporary accommodation,32,32,0,0,0
S01013218,All household spaces,255,251,4,2,2
S01013218,Whole house or bungalow: Total,238,234,4,2,2
S01013218,Whole house or bungalow: Detached,7,7,0,0,0
S01013218,Whole house or bungalow: Semi-detached,24,24,0,0,0
S01013218,Whole house or bungalow: Terraced (including end-terrace),207,203,4,2,2
S01013218,Flat maisonette or apartment or mobile/temporary accommodation,17,17,0,0,0
S01013219,All household spaces,225,220,5,0,5
S01013219,Whole house or bungalow: Total,215,210,5,0,5
S01013219,Whole house or bungalow: Detached,2,2,0,0,0
S01013219,Whole house or bungalow: Semi-detached,15,15,0,0,0
S01013219,Whole house or bungalow: Terraced (including end-terrace),198,193,5,0,5
S01013219,Flat maisonette or apartment or mobile/temporary accommodation,10,10,0,0,0
S01013220,All household spaces,319,313,6,0,6
S01013220,Whole house or bungalow: Total,195,191,4,0,4
S01013220,Whole house or bungalow: Detached,6,6,0,0,0
S01013220,Whole house or bungalow: Semi-detached,20,20,0,0,0
S01013220,Whole house or bungalow: Terraced (including end-terrace),169,165,4,0,4
S01013220,Flat maisonette or apartment or mobile/temporary accommodation,124,122,2,0,2
S01013221,All household spaces,389,382,7,1,6
S01013221,Whole house or bungalow: Total,322,315,7,1,6
S01013221,Whole house or bungalow: Detached,27,27,0,0,0
S01013221,Whole house or bungalow: Semi-detached,83,81,2,0,2
S01013221,Whole house or bungalow: Terraced (including end-terrace),212,207,5,1,4
S01013221,Flat maisonette or apartment or mobile/temporary accommodation,67,67,0,0,0
S01013222,All household spaces,330,316,14,4,10
S01013222,Whole house or bungalow: Total,177,168,9,4,5
S01013222,Whole house or bungalow: Detached,13,13,0,0,0
S01013222,Whole house or bungalow: Semi-detached,67,66,1,0,1
S01013222,Whole house or bungalow: Terraced (including end-terrace),97,89,8,4,4
S01013222,Flat maisonette or apartment or mobile/temporary accommodation,153,148,5,0,5
S01013223,All household spaces,667,637,30,13,17
S01013223,Whole house or bungalow: Total,175,170,5,2,3
S01013223,Whole house or bungalow: Detached,43,40,3,2,1
S01013223,Whole house or bungalow: Semi-detached,67,65,2,0,2
S01013223,Whole house or bungalow: Terraced (including end-terrace),65,65,0,0,0
S01013223,Flat maisonette or apartment or mobile/temporary accommodation,492,467,25,11,14
S01013224,All household spaces,378,370,8,3,5
S01013224,Whole house or bungalow: Total,208,204,4,3,1
S01013224,Whole house or bungalow: Detached,36,35,1,1,0
S01013224,Whole house or bungalow: Semi-detached,67,64,3,2,1
S01013224,Whole house or bungalow: Terraced (including end-terrace),105,105,0,0,0
S01013224,Flat maisonette or apartment or mobile/temporary accommodation,170,166,4,0,4
S01013225,All household spaces,320,315,5,5,0
S01013225,Whole house or bungalow: Total,225,220,5,5,0
S01013225,Whole house or bungalow: Detached,52,52,0,0,0
S01013225,Whole house or bungalow: Semi-detached,114,113,1,1,0
S01013225,Whole house or bungalow: Terraced (including end-terrace),59,55,4,4,0
S01013225,Flat maisonette or apartment or mobile/temporary accommodation,95,95,0,0,0
S01013226,All household spaces,214,207,7,5,2
S01013226,Whole house or bungalow: Total,151,145,6,5,1
S01013226,Whole house or bungalow: Detached,48,46,2,1,1
S01013226,Whole house or bungalow: Semi-detached,70,69,1,1,0
S01013226,Whole house or bungalow: Terraced (including end-terrace),33,30,3,3,0
S01013226,Flat maisonette or apartment or mobile/temporary accommodation,63,62,1,0,1
S01013227,All household spaces,384,366,18,1,17
S01013227,Whole house or bungalow: Total,195,190,5,1,4
S01013227,Whole house or bungalow: Detached,29,29,0,0,0
S01013227,Whole house or bungalow: Semi-detached,91,88,3,1,2
S01013227,Whole house or bungalow: Terraced (including end-terrace),75,73,2,0,2
S01013227,Flat maisonette or apartment or mobile/temporary accommodation,189,176,13,0,13
S01013228,All household spaces,441,416,25,14,11
S01013228,Whole house or bungalow: Total,67,67,0,0,0
S01013228,Whole house or bungalow: Detached,7,7,0,0,0
S01013228,Whole house or bungalow: Semi-detached,21,21,0,0,0
S01013228,Whole house or bungalow: Terraced (including end-terrace),39,39,0,0,0
S01013228,Flat maisonette or apartment or mobile/temporary accommodation,374,349,25,14,11
S01013229,All household spaces,373,370,3,0,3
S01013229,Whole house or bungalow: Total,249,246,3,0,3
S01013229,Whole house or bungalow: Detached,7,7,0,0,0
S01013229,Whole house or bungalow: Semi-detached,65,65,0,0,0
S01013229,Whole house or bungalow: Terraced (including end-terrace),177,174,3,0,3
S01013229,Flat maisonette or apartment or mobile/temporary accommodation,124,124,0,0,0
S01013230,All household spaces,333,327,6,1,5
S01013230,Whole house or bungalow: Total,247,245,2,0,2
S01013230,Whole house or bungalow: Detached,15,15,0,0,0
S01013230,Whole house or bungalow: Semi-detached,76,76,0,0,0
S01013230,Whole house or bungalow: Terraced (including end-terrace),156,154,2,0,2
S01013230,Flat maisonette or apartment or mobile/temporary accommodation,86,82,4,1,3
S01013231,All household spaces,380,374,6,0,6
S01013231,Whole house or bungalow: Total,208,206,2,0,2
S01013231,Whole house or bungalow: Detached,7,7,0,0,0
S01013231,Whole house or bungalow: Semi-detached,79,78,1,0,1
S01013231,Whole house or bungalow: Terraced (including end-terrace),122,121,1,0,1
S01013231,Flat maisonette or apartment or mobile/temporary accommodation,172,168,4,0,4
S01013232,All household spaces,335,331,4,1,3
S01013232,Whole house or bungalow: Total,194,190,4,1,3
S01013232,Whole house or bungalow: Detached,6,6,0,0,0
S01013232,Whole house or bungalow: Semi-detached,155,154,1,0,1
S01013232,Whole house or bungalow: Terraced (including end-terrace),33,30,3,1,2
S01013232,Flat maisonette or apartment or mobile/temporary accommodation,141,141,0,0,0
S01013233,All household spaces,271,262,9,0,9
S01013233,Whole house or bungalow: Total,186,182,4,0,4
S01013233,Whole house or bungalow: Detached,14,13,1,0,1
S01013233,Whole house or bungalow: Semi-detached,119,116,3,0,3
S01013233,Whole house or bungalow: Terraced (including end-terrace),53,53,0,0,0
S01013233,Flat maisonette or apartment or mobile/temporary accommodation,85,80,5,0,5
S01013234,All household spaces,146,137,9,8,1
S01013234,Whole house or bungalow: Total,139,131,8,7,1
S01013234,Whole house or bungalow: Detached,117,112,5,4,1
S01013234,Whole house or bungalow: Semi-detached,21,18,3,3,0
S01013234,Whole house or bungalow: Terraced (including end-terrace),1,1,0,0,0
S01013234,Flat maisonette or apartment or mobile/temporary accommodation,7,6,1,1,0
S01013235,All household spaces,399,386,13,2,11
S01013235,Whole house or bungalow: Total,263,259,4,2,2
S01013235,Whole house or bungalow: Detached,40,40,0,0,0
S01013235,Whole house or bungalow: Semi-detached,54,52,2,1,1
S01013235,Whole house or bungalow: Terraced (including end-terrace),169,167,2,1,1
S01013235,Flat maisonette or apartment or mobile/temporary accommodation,136,127,9,0,9
S01013236,All household spaces,390,381,9,6,3
S01013236,Whole house or bungalow: Total,309,301,8,6,2
S01013236,Whole house or bungalow: Detached,97,93,4,3,1
S01013236,Whole house or bungalow: Semi-detached,196,193,3,2,1
S01013236,Whole house or bungalow: Terraced (including end-terrace),16,15,1,1,0
S01013236,Flat maisonette or apartment or mobile/temporary accommodation,81,80,1,0,1
S01013237,All household spaces,380,360,20,1,19
S01013237,Whole house or bungalow: Total,244,243,1,1,0
S01013237,Whole house or bungalow: Detached,72,71,1,1,0
S01013237,Whole house or bungalow: Semi-detached,72,72,0,0,0
S01013237,Whole house or bungalow: Terraced (including end-terrace),100,100,0,0,0
S01013237,Flat maisonette or apartment or mobile/temporary accommodation,136,117,19,0,19
S01013238,All household spaces,396,389,7,0,7
S01013238,Whole house or bungalow: Total,266,263,3,0,3
S01013238,Whole house or bungalow: Detached,15,15,0,0,0
S01013238,Whole house or bungalow: Semi-detached,139,136,3,0,3
S01013238,Whole house or bungalow: Terraced (including end-terrace),112,112,0,0,0
S01013238,Flat maisonette or apartment or mobile/temporary accommodation,130,126,4,0,4
S01013239,All household spaces,436,425,11,7,4
S01013239,Whole house or bungalow: Total,341,331,10,7,3
S01013239,Whole house or bungalow: Detached,15,15,0,0,0
S01013239,Whole house or bungalow: Semi-detached,223,213,10,7,3
S01013239,Whole house or bungalow: Terraced (including end-terrace),103,103,0,0,0
S01013239,Flat maisonette or apartment or mobile/temporary accommodation,95,94,1,0,1
S01013240,All household spaces,261,256,5,0,5
S01013240,Whole house or bungalow: Total,160,157,3,0,3
S01013240,Whole house or bungalow: Detached,4,4,0,0,0
S01013240,Whole house or bungalow: Semi-detached,86,85,1,0,1
S01013240,Whole house or bungalow: Terraced (including end-terrace),70,68,2,0,2
S01013240,Flat maisonette or apartment or mobile/temporary accommodation,101,99,2,0,2
S01013241,All household spaces,344,336,8,5,3
S01013241,Whole house or bungalow: Total,333,328,5,2,3
S01013241,Whole house or bungalow: Detached,98,96,2,1,1
S01013241,Whole house or bungalow: Semi-detached,202,199,3,1,2
S01013241,Whole house or bungalow: Terraced (including end-terrace),33,33,0,0,0
S01013241,Flat maisonette or apartment or mobile/temporary accommodation,11,8,3,3,0
S01013242,All household spaces,259,229,30,20,10
S01013242,Whole house or bungalow: Total,239,209,30,20,10
S01013242,Whole house or bungalow: Detached,185,159,26,18,8
S01013242,Whole house or bungalow: Semi-detached,36,32,4,2,2
S01013242,Whole house or bungalow: Terraced (including end-terrace),18,18,0,0,0
S01013242,Flat maisonette or apartment or mobile/temporary accommodation,20,20,0,0,0
S01013243,All household spaces,332,325,7,0,7
S01013243,Whole house or bungalow: Total,245,239,6,0,6
S01013243,Whole house or bungalow: Detached,69,64,5,0,5
S01013243,Whole house or bungalow: Semi-detached,47,47,0,0,0
S01013243,Whole house or bungalow: Terraced (including end-terrace),129,128,1,0,1
S01013243,Flat maisonette or apartment or mobile/temporary accommodation,87,86,1,0,1
S01013244,All household spaces,363,351,12,0,12
S01013244,Whole house or bungalow: Total,279,272,7,0,7
S01013244,Whole house or bungalow: Detached,42,41,1,0,1
S01013244,Whole house or bungalow: Semi-detached,170,166,4,0,4
S01013244,Whole house or bungalow: Terraced (including end-terrace),67,65,2,0,2
S01013244,Flat maisonette or apartment or mobile/temporary accommodation,84,79,5,0,5
S01013245,All household spaces,418,407,11,0,11
S01013245,Whole house or bungalow: Total,359,350,9,0,9
S01013245,Whole house or bungalow: Detached,160,155,5,0,5
S01013245,Whole house or bungalow: Semi-detached,77,76,1,0,1
S01013245,Whole house or bungalow: Terraced (including end-terrace),122,119,3,0,3
S01013245,Flat maisonette or apartment or mobile/temporary accommodation,59,57,2,0,2
S01013246,All household spaces,195,184,11,0,11
S01013246,Whole house or bungalow: Total,182,174,8,0,8
S01013246,Whole house or bungalow: Detached,47,44,3,0,3
S01013246,Whole house or bungalow: Semi-detached,80,78,2,0,2
S01013246,Whole house or bungalow: Terraced (including end-terrace),55,52,3,0,3
S01013246,Flat maisonette or apartment or mobile/temporary accommodation,13,10,3,0,3
S01013247,All household spaces,354,338,16,0,16
S01013247,Whole house or bungalow: Total,154,150,4,0,4
S01013247,Whole house or bungalow: Detached,31,30,1,0,1
S01013247,Whole house or bungalow: Semi-detached,76,74,2,0,2
S01013247,Whole house or bungalow: Terraced (including end-terrace),47,46,1,0,1
S01013247,Flat maisonette or apartment or mobile/temporary accommodation,200,188,12,0,12
S01013248,All household spaces,305,300,5,0,5
S01013248,Whole house or bungalow: Total,193,190,3,0,3
S01013248,Whole house or bungalow: Detached,13,13,0,0,0
S01013248,Whole house or bungalow: Semi-detached,82,81,1,0,1
S01013248,Whole house or bungalow: Terraced (including end-terrace),98,96,2,0,2
S01013248,Flat maisonette or apartment or mobile/temporary accommodation,112,110,2,0,2
S01013249,All household spaces,204,201,3,0,3
S01013249,Whole house or bungalow: Total,195,192,3,0,3
S01013249,Whole house or bungalow: Detached,45,43,2,0,2
S01013249,Whole house or bungalow: Semi-detached,76,76,0,0,0
S01013249,Whole house or bungalow: Terraced (including end-terrace),74,73,1,0,1
S01013249,Flat maisonette or apartment or mobile/temporary accommodation,9,9,0,0,0
S01013250,All household spaces,352,339,13,3,10
S01013250,Whole house or bungalow: Total,299,289,10,3,7
S01013250,Whole house or bungalow: Detached,176,169,7,0,7
S01013250,Whole house or bungalow: Semi-detached,66,64,2,2,0
S01013250,Whole house or bungalow: Terraced (including end-terrace),57,56,1,1,0
S01013250,Flat maisonette or apartment or mobile/temporary accommodation,53,50,3,0,3
S01013251,All household spaces,327,319,8,1,7
S01013251,Whole house or bungalow: Total,153,149,4,1,3
S01013251,Whole house or bungalow: Detached,31,30,1,0,1
S01013251,Whole house or bungalow: Semi-detached,41,41,0,0,0
S01013251,Whole house or bungalow: Terraced (including end-terrace),81,78,3,1,2
S01013251,Flat maisonette or apartment or mobile/temporary accommodation,174,170,4,0,4
S01013252,All household spaces,300,288,12,3,9
S01013252,Whole house or bungalow: Total,233,224,9,3,6
S01013252,Whole house or bungalow: Detached,48,48,0,0,0
S01013252,Whole house or bungalow: Semi-detached,103,100,3,0,3
S01013252,Whole house or bungalow: Terraced (including end-terrace),82,76,6,3,3
S01013252,Flat maisonette or apartment or mobile/temporary accommodation,67,64,3,0,3
S01013253,All household spaces,322,316,6,0,6
S01013253,Whole house or bungalow: Total,273,267,6,0,6
S01013253,Whole house or bungalow: Detached,61,60,1,0,1
S01013253,Whole house or bungalow: Semi-detached,109,106,3,0,3
S01013253,Whole house or bungalow: Terraced (including end-terrace),103,101,2,0,2
S01013253,Flat maisonette or apartment or mobile/temporary accommodation,49,49,0,0,0
S01013254,All household spaces,299,297,2,0,2
S01013254,Whole house or bungalow: Total,190,190,0,0,0
S01013254,Whole house or bungalow: Detached,15,15,0,0,0
S01013254,Whole house or bungalow: Semi-detached,96,96,0,0,0
S01013254,Whole house or bungalow: Terraced (including end-terrace),79,79,0,0,0
S01013254,Flat maisonette or apartment or mobile/temporary accommodation,109,107,2,0,2
S01013255,All household spaces,358,345,13,3,10
S01013255,Whole house or bungalow: Total,315,302,13,3,10
S01013255,Whole house or bungalow: Detached,99,93,6,1,5
S01013255,Whole house or bungalow: Semi-detached,142,140,2,0,2
S01013255,Whole house or bungalow: Terraced (including end-terrace),74,69,5,2,3
S01013255,Flat maisonette or apartment or mobile/temporary accommodation,43,43,0,0,0
S01013256,All household spaces,329,322,7,1,6
S01013256,Whole house or bungalow: Total,182,181,1,0,1
S01013256,Whole house or bungalow: Detached,120,120,0,0,0
S01013256,Whole house or bungalow: Semi-detached,16,16,0,0,0
S01013256,Whole house or bungalow: Terraced (including end-terrace),46,45,1,0,1
S01013256,Flat maisonette or apartment or mobile/temporary accommodation,147,141,6,1,5
S01013257,All household spaces,442,419,23,1,22
S01013257,Whole house or bungalow: Total,218,211,7,1,6
S01013257,Whole house or bungalow: Detached,73,71,2,0,2
S01013257,Whole house or bungalow: Semi-detached,47,44,3,0,3
S01013257,Whole house or bungalow: Terraced (including end-terrace),98,96,2,1,1
S01013257,Flat maisonette or apartment or mobile/temporary accommodation,224,208,16,0,16
S01013258,All household spaces,314,312,2,0,2
S01013258,Whole house or bungalow: Total,288,286,2,0,2
S01013258,Whole house or bungalow: Detached,111,110,1,0,1
S01013258,Whole house or bungalow: Semi-detached,133,132,1,0,1
S01013258,Whole house or bungalow: Terraced (including end-terrace),44,44,0,0,0
S01013258,Flat maisonette or apartment or mobile/temporary accommodation,26,26,0,0,0
S01013259,All household spaces,365,361,4,0,4
S01013259,Whole house or bungalow: Total,236,233,3,0,3
S01013259,Whole house or bungalow: Detached,37,37,0,0,0
S01013259,Whole house or bungalow: Semi-detached,51,51,0,0,0
S01013259,Whole house or bungalow: Terraced (including end-terrace),148,145,3,0,3
S01013259,Flat maisonette or apartment or mobile/temporary accommodation,129,128,1,0,1
S01013260,All household spaces,388,382,6,0,6
S01013260,Whole house or bungalow: Total,274,271,3,0,3
S01013260,Whole house or bungalow: Detached,26,26,0,0,0
S01013260,Whole house or bungalow: Semi-detached,149,148,1,0,1
S01013260,Whole house or bungalow: Terraced (including end-terrace),99,97,2,0,2
S01013260,Flat maisonette or apartment or mobile/temporary accommodation,114,111,3,0,3
S01013261,All household spaces,358,345,13,0,13
S01013261,Whole house or bungalow: Total,330,317,13,0,13
S01013261,Whole house or bungalow: Detached,18,18,0,0,0
S01013261,Whole house or bungalow: Semi-detached,88,84,4,0,4
S01013261,Whole house or bungalow: Terraced (including end-terrace),224,215,9,0,9
S01013261,Flat maisonette or apartment or mobile/temporary accommodation,28,28,0,0,0
S01013262,All household spaces,279,276,3,0,3
S01013262,Whole house or bungalow: Total,262,259,3,0,3
S01013262,Whole house or bungalow: Detached,18,18,0,0,0
S01013262,Whole house or bungalow: Semi-detached,58,57,1,0,1
S01013262,Whole house or bungalow: Terraced (including end-terrace),186,184,2,0,2
S01013262,Flat maisonette or apartment or mobile/temporary accommodation,17,17,0,0,0
S01013263,All household spaces,197,195,2,1,1
S01013263,Whole house or bungalow: Total,179,177,2,1,1
S01013263,Whole house or bungalow: Detached,136,135,1,1,0
S01013263,Whole house or bungalow: Semi-detached,27,26,1,0,1
S01013263,Whole house or bungalow: Terraced (including end-terrace),16,16,0,0,0
S01013263,Flat maisonette or apartment or mobile/temporary accommodation,18,18,0,0,0
S01013264,All household spaces,164,163,1,0,1
S01013264,Whole house or bungalow: Total,164,163,1,0,1
S01013264,Whole house or bungalow: Detached,160,159,1,0,1
S01013264,Whole house or bungalow: Semi-detached,3,3,0,0,0
S01013264,Whole house or bungalow: Terraced (including end-terrace),1,1,0,0,0
S01013264,Flat maisonette or apartment or mobile/temporary accommodation,0,0,0,0,0
S01013265,All household spaces,202,201,1,0,1
S01013265,Whole house or bungalow: Total,202,201,1,0,1
S01013265,Whole house or bungalow: Detached,196,195,1,0,1
S01013265,Whole house or bungalow: Semi-detached,5,5,0,0,0
S01013265,Whole house or bungalow: Terraced (including end-terrace),1,1,0,0,0
S01013265,Flat maisonette or apartment or mobile/temporary accommodation,0,0,0,0,0
S01013266,All household spaces,189,189,0,0,0
S01013266,Whole house or bungalow: Total,187,187,0,0,0
S01013266,Whole house or bungalow: Detached,166,166,0,0,0
S01013266,Whole house or bungalow: Semi-detached,20,20,0,0,0
S01013266,Whole house or bungalow: Terraced (including end-terrace),1,1,0,0,0
S01013266,Flat maisonette or apartment or mobile/temporary accommodation,2,2,0,0,0
S01013267,All household spaces,238,237,1,0,1
S01013267,Whole house or bungalow: Total,227,226,1,0,1
S01013267,Whole house or bungalow: Detached,12,12,0,0,0
S01013267,Whole house or bungalow: Semi-detached,122,121,1,0,1
S01013267,Whole house or bungalow: Terraced (including end-terrace),93,93,0,0,0
S01013267,Flat maisonette or apartment or mobile/temporary accommodation,11,11,0,0,0
S01013268,All household spaces,331,328,3,0,3
S01013268,Whole house or bungalow: Total,324,321,3,0,3
S01013268,Whole house or bungalow: Detached,14,14,0,0,0
S01013268,Whole house or bungalow: Semi-detached,37,37,0,0,0
S01013268,Whole house or bungalow: Terraced (including end-terrace),273,270,3,0,3
S01013268,Flat maisonette or apartment or mobile/temporary accommodation,7,7,0,0,0
S01013269,All household spaces,384,379,5,1,4
S01013269,Whole house or bungalow: Total,312,310,2,0,2
S01013269,Whole house or bungalow: Detached,189,188,1,0,1
S01013269,Whole house or bungalow: Semi-detached,99,98,1,0,1
S01013269,Whole house or bungalow: Terraced (including end-terrace),24,24,0,0,0
S01013269,Flat maisonette or apartment or mobile/temporary accommodation,72,69,3,1,2
S01013270,All household spaces,286,285,1,0,1
S01013270,Whole house or bungalow: Total,286,285,1,0,1
S01013270,Whole house or bungalow: Detached,252,251,1,0,1
S01013270,Whole house or bungalow: Semi-detached,30,30,0,0,0
S01013270,Whole house or bungalow: Terraced (including end-terrace),4,4,0,0,0
S01013270,Flat maisonette or apartment or mobile/temporary accommodation,0,0,0,0,0
S01013271,All household spaces,243,242,1,0,1
S01013271,Whole house or bungalow: Total,242,241,1,0,1
S01013271,Whole house or bungalow: Detached,236,235,1,0,1
S01013271,Whole house or bungalow: Semi-detached,5,5,0,0,0
S01013271,Whole house or bungalow: Terraced (including end-terrace),1,1,0,0,0
S01013271,Flat maisonette or apartment or mobile/temporary accommodation,1,1,0,0,0
S01013272,All household spaces,254,253,1,0,1
S01013272,Whole house or bungalow: Total,250,249,1,0,1
S01013272,Whole house or bungalow: Detached,223,222,1,0,1
S01013272,Whole house or bungalow: Semi-detached,19,19,0,0,0
S01013272,Whole house or bungalow: Terraced (including end-terrace),8,8,0,0,0
S01013272,Flat maisonette or apartment or mobile/temporary accommodation,4,4,0,0,0
S01013273,All household spaces,293,291,2,0,2
S01013273,Whole house or bungalow: Total,293,291,2,0,2
S01013273,Whole house or bungalow: Detached,246,244,2,0,2
S01013273,Whole house or bungalow: Semi-detached,43,43,0,0,0
S01013273,Whole house or bungalow: Terraced (including end-terrace),4,4,0,0,0
S01013273,Flat maisonette or apartment or mobile/temporary accommodation,0,0,0,0,0
S01013274,All household spaces,354,348,6,0,6
S01013274,Whole house or bungalow: Total,329,323,6,0,6
S01013274,Whole house or bungalow: Detached,176,174,2,0,2
S01013274,Whole house or bungalow: Semi-detached,101,100,1,0,1
S01013274,Whole house or bungalow: Terraced (including end-terrace),52,49,3,0,3
S01013274,Flat maisonette or apartment or mobile/temporary accommodation,25,25,0,0,0
S01013275,All household spaces,259,253,6,1,5
S01013275,Whole house or bungalow: Total,253,247,6,1,5
S01013275,Whole house or bungalow: Detached,141,137,4,1,3
S01013275,Whole house or bungalow: Semi-detached,34,34,0,0,0
S01013275,Whole house or bungalow: Terraced (including end-terrace),78,76,2,0,2
S01013275,Flat maisonette or apartment or mobile/temporary accommodation,6,6,0,0,0
S01013276,All household spaces,235,233,2,0,2
S01013276,Whole house or bungalow: Total,224,222,2,0,2
S01013276,Whole house or bungalow: Detached,102,102,0,0,0
S01013276,Whole house or bungalow: Semi-detached,94,92,2,0,2
S01013276,Whole house or bungalow: Terraced (including end-terrace),28,28,0,0,0
S01013276,Flat maisonette or apartment or mobile/temporary accommodation,11,11,0,0,0
S01013277,All household spaces,372,363,9,1,8
S01013277,Whole house or bungalow: Total,364,355,9,1,8
S01013277,Whole house or bungalow: Detached,18,18,0,0,0
S01013277,Whole house or bungalow: Semi-detached,57,56,1,0,1
S01013277,Whole house or bungalow: Terraced (including end-terrace),289,281,8,1,7
S01013277,Flat maisonette or apartment or mobile/temporary accommodation,8,8,0,0,0
S01013278,All household spaces,330,322,8,0,8
S01013278,Whole house or bungalow: Total,298,295,3,0,3
S01013278,Whole house or bungalow: Detached,10,10,0,0,0
S01013278,Whole house or bungalow: Semi-detached,57,57,0,0,0
S01013278,Whole house or bungalow: Terraced (including end-terrace),231,228,3,0,3
S01013278,Flat maisonette or apartment or mobile/temporary accommodation,32,27,5,0,5
S01013279,All household spaces,300,299,1,0,1
S01013279,Whole house or bungalow: Total,227,226,1,0,1
S01013279,Whole house or bungalow: Detached,12,12,0,0,0
S01013279,Whole house or bungalow: Semi-detached,43,43,0,0,0
S01013279,Whole house or bungalow: Terraced (including end-terrace),172,171,1,0,1
S01013279,Flat maisonette or apartment or mobile/temporary accommodation,73,73,0,0,0
S01013280,All household spaces,231,227,4,0,4
S01013280,Whole house or bungalow: Total,227,223,4,0,4
S01013280,Whole house or bungalow: Detached,16,16,0,0,0
S01013280,Whole house or bungalow: Semi-detached,32,32,0,0,0
S01013280,Whole house or bungalow: Terraced (including end-terrace),179,175,4,0,4
S01013280,Flat maisonette or apartment or mobile/temporary accommodation,4,4,0,0,0
S01013281,All household spaces,392,384,8,0,8
S01013281,Whole house or bungalow: Total,346,343,3,0,3
S01013281,Whole house or bungalow: Detached,13,13,0,0,0
S01013281,Whole house or bungalow: Semi-detached,40,40,0,0,0
S01013281,Whole house or bungalow: Terraced (including end-terrace),293,290,3,0,3
S01013281,Flat maisonette or apartment or mobile/temporary accommodation,46,41,5,0,5
S01013282,All household spaces,348,346,2,0,2
S01013282,Whole house or bungalow: Total,267,265,2,0,2
S01013282,Whole house or bungalow: Detached,12,12,0,0,0
S01013282,Whole house or bungalow: Semi-detached,45,45,0,0,0
S01013282,Whole house or bungalow: Terraced (including end-terrace),210,208,2,0,2
S01013282,Flat maisonette or apartment or mobile/temporary accommodation,81,81,0,0,0
S01013283,All household spaces,346,310,36,1,35
S01013283,Whole house or bungalow: Total,117,115,2,0,2
S01013283,Whole house or bungalow: Detached,15,14,1,0,1
S01013283,Whole house or bungalow: Semi-detached,19,19,0,0,0
S01013283,Whole house or bungalow: Terraced (including end-terrace),83,82,1,0,1
S01013283,Flat maisonette or apartment or mobile/temporary accommodation,229,195,34,1,33
S01013284,All household spaces,305,301,4,0,4
S01013284,Whole house or bungalow: Total,249,247,2,0,2
S01013284,Whole house or bungalow: Detached,47,47,0,0,0
S01013284,Whole house or bungalow: Semi-detached,92,91,1,0,1
S01013284,Whole house or bungalow: Terraced (including end-terrace),110,109,1,0,1
S01013284,Flat maisonette or apartment or mobile/temporary accommodation,56,54,2,0,2
S01013285,All household spaces,272,269,3,0,3
S01013285,Whole house or bungalow: Total,222,220,2,0,2
S01013285,Whole house or bungalow: Detached,38,38,0,0,0
S01013285,Whole house or bungalow: Semi-detached,139,138,1,0,1
S01013285,Whole house or bungalow: Terraced (including end-terrace),45,44,1,0,1
S01013285,Flat maisonette or apartment or mobile/temporary accommodation,50,49,1,0,1
S01013286,All household spaces,287,284,3,0,3
S01013286,Whole house or bungalow: Total,277,274,3,0,3
S01013286,Whole house or bungalow: Detached,58,58,0,0,0
S01013286,Whole house or bungalow: Semi-detached,102,101,1,0,1
S01013286,Whole house or bungalow: Terraced (including end-terrace),117,115,2,0,2
S01013286,Flat maisonette or apartment or mobile/temporary accommodation,10,10,0,0,0
S01013287,All household spaces,285,282,3,1,2
S01013287,Whole house or bungalow: Total,281,278,3,1,2
S01013287,Whole house or bungalow: Detached,196,194,2,1,1
S01013287,Whole house or bungalow: Semi-detached,66,65,1,0,1
S01013287,Whole house or bungalow: Terraced (including end-terrace),19,19,0,0,0
S01013287,Flat maisonette or apartment or mobile/temporary accommodation,4,4,0,0,0
S01013288,All household spaces,327,315,12,0,12
S01013288,Whole house or bungalow: Total,231,224,7,0,7
S01013288,Whole house or bungalow: Detached,75,75,0,0,0
S01013288,Whole house or bungalow: Semi-detached,67,64,3,0,3
S01013288,Whole house or bungalow: Terraced (including end-terrace),89,85,4,0,4
S01013288,Flat maisonette or apartment or mobile/temporary accommodation,96,91,5,0,5
S01013289,All household spaces,313,303,10,2,8
S01013289,Whole house or bungalow: Total,306,296,10,2,8
S01013289,Whole house or bungalow: Detached,235,230,5,0,5
S01013289,Whole house or bungalow: Semi-detached,63,58,5,2,3
S01013289,Whole house or bungalow: Terraced (including end-terrace),8,8,0,0,0
S01013289,Flat maisonette or apartment or mobile/temporary accommodation,7,7,0,0,0
S01013290,All household spaces,361,361,0,0,0
S01013290,Whole house or bungalow: Total,324,324,0,0,0
S01013290,Whole house or bungalow: Detached,66,66,0,0,0
S01013290,Whole house or bungalow: Semi-detached,143,143,0,0,0
S01013290,Whole house or bungalow: Terraced (including end-terrace),115,115,0,0,0
S01013290,Flat maisonette or apartment or mobile/temporary accommodation,37,37,0,0,0
S01013291,All household spaces,258,257,1,0,1
S01013291,Whole house or bungalow: Total,255,254,1,0,1
S01013291,Whole house or bungalow: Detached,31,31,0,0,0
S01013291,Whole house or bungalow: Semi-detached,64,64,0,0,0
S01013291,Whole house or bungalow: Terraced (including end-terrace),160,159,1,0,1
S01013291,Flat maisonette or apartment or mobile/temporary accommodation,3,3,0,0,0
S01013292,All household spaces,286,284,2,0,2
S01013292,Whole house or bungalow: Total,263,262,1,0,1
S01013292,Whole house or bungalow: Detached,83,82,1,0,1
S01013292,Whole house or bungalow: Semi-detached,95,95,0,0,0
S01013292,Whole house or bungalow: Terraced (including end-terrace),85,85,0,0,0
S01013292,Flat maisonette or apartment or mobile/temporary accommodation,23,22,1,0,1
S01013293,All household spaces,275,273,2,0,2
S01013293,Whole house or bungalow: Total,258,257,1,0,1
S01013293,Whole house or bungalow: Detached,135,134,1,0,1
S01013293,Whole house or bungalow: Semi-detached,113,113,0,0,0
S01013293,Whole house or bungalow: Terraced (including end-terrace),10,10,0,0,0
S01013293,Flat maisonette or apartment or mobile/temporary accommodation,17,16,1,0,1
S01013294,All household spaces,310,306,4,1,3
S01013294,Whole house or bungalow: Total,259,256,3,0,3
S01013294,Whole house or bungalow: Detached,75,75,0,0,0
S01013294,Whole house or bungalow: Semi-detached,130,129,1,0,1
S01013294,Whole house or bungalow: Terraced (including end-terrace),54,52,2,0,2
S01013294,Flat maisonette or apartment or mobile/temporary accommodation,51,50,1,1,0
S01013295,All household spaces,325,324,1,0,1
S01013295,Whole house or bungalow: Total,280,279,1,0,1
S01013295,Whole house or bungalow: Detached,50,50,0,0,0
S01013295,Whole house or bungalow: Semi-detached,131,130,1,0,1
S01013295,Whole house or bungalow: Terraced (including end-terrace),99,99,0,0,0
S01013295,Flat maisonette or apartment or mobile/temporary accommodation,45,45,0,0,0
S01013296,All household spaces,313,310,3,0,3
S01013296,Whole house or bungalow: Total,279,276,3,0,3
S01013296,Whole house or bungalow: Detached,36,36,0,0,0
S01013296,Whole house or bungalow: Semi-detached,142,141,1,0,1
S01013296,Whole house or bungalow: Terraced (including end-terrace),101,99,2,0,2
S01013296,Flat maisonette or apartment or mobile/temporary accommodation,34,34,0,0,0
S01013297,All household spaces,314,308,6,0,6
S01013297,Whole house or bungalow: Total,265,260,5,0,5
S01013297,Whole house or bungalow: Detached,19,19,0,0,0
S01013297,Whole house or bungalow: Semi-detached,56,54,2,0,2
S01013297,Whole house or bungalow: Terraced (including end-terrace),190,187,3,0,3
S01013297,Flat maisonette or apartment or mobile/temporary accommodation,49,48,1,0,1
S01013298,All household spaces,315,310,5,1,4
S01013298,Whole house or bungalow: Total,282,278,4,1,3
S01013298,Whole house or bungalow: Detached,77,74,3,1,2
S01013298,Whole house or bungalow: Semi-detached,89,89,0,0,0
S01013298,Whole house or bungalow: Terraced (including end-terrace),116,115,1,0,1
S01013298,Flat maisonette or apartment or mobile/temporary accommodation,33,32,1,0,1
S01013299,All household spaces,429,424,5,0,5
S01013299,Whole house or bungalow: Total,398,393,5,0,5
S01013299,Whole house or bungalow: Detached,95,94,1,0,1
S01013299,Whole house or bungalow: Semi-detached,128,125,3,0,3
S01013299,Whole house or bungalow: Terraced (including end-terrace),175,174,1,0,1
S01013299,Flat maisonette or apartment or mobile/temporary accommodation,31,31,0,0,0
S01013300,All household spaces,268,264,4,0,4
S01013300,Whole house or bungalow: Total,243,240,3,0,3
S01013300,Whole house or bungalow: Detached,79,79,0,0,0
S01013300,Whole house or bungalow: Semi-detached,66,63,3,0,3
S01013300,Whole house or bungalow: Terraced (including end-terrace),98,98,0,0,0
S01013300,Flat maisonette or apartment or mobile/temporary accommodation,25,24,1,0,1
S01013301,All household spaces,220,217,3,0,3
S01013301,Whole house or bungalow: Total,209,207,2,0,2
S01013301,Whole house or bungalow: Detached,19,19,0,0,0
S01013301,Whole house or bungalow: Semi-detached,97,95,2,0,2
S01013301,Whole house or bungalow: Terraced (including end-terrace),93,93,0,0,0
S01013301,Flat maisonette or apartment or mobile/temporary accommodation,11,10,1,0,1
S01013302,All household spaces,275,270,5,0,5
S01013302,Whole house or bungalow: Total,261,256,5,0,5
S01013302,Whole house or bungalow: Detached,120,119,1,0,1
S01013302,Whole house or bungalow: Semi-detached,63,61,2,0,2
S01013302,Whole house or bungalow: Terraced (including end-terrace),78,76,2,0,2
S01013302,Flat maisonette or apartment or mobile/temporary accommodation,14,14,0,0,0
S01013303,All household spaces,389,384,5,0,5
S01013303,Whole house or bungalow: Total,342,337,5,0,5
S01013303,Whole house or bungalow: Detached,86,86,0,0,0
S01013303,Whole house or bungalow: Semi-detached,87,85,2,0,2
S01013303,Whole house or bungalow: Terraced (including end-terrace),169,166,3,0,3
S01013303,Flat maisonette or apartment or mobile/temporary accommodation,47,47,0,0,0
S01013304,All household spaces,423,422,1,0,1
S01013304,Whole house or bungalow: Total,291,290,1,0,1
S01013304,Whole house or bungalow: Detached,24,24,0,0,0
S01013304,Whole house or bungalow: Semi-detached,54,54,0,0,0
S01013304,Whole house or bungalow: Terraced (including end-terrace),213,212,1,0,1
S01013304,Flat maisonette or apartment or mobile/temporary accommodation,132,132,0,0,0
S01013305,All household spaces,448,444,4,0,4
S01013305,Whole house or bungalow: Total,313,311,2,0,2
S01013305,Whole house or bungalow: Detached,45,45,0,0,0
S01013305,Whole house or bungalow: Semi-detached,25,25,0,0,0
S01013305,Whole house or bungalow: Terraced (including end-terrace),243,241,2,0,2
S01013305,Flat maisonette or apartment or mobile/temporary accommodation,135,133,2,0,2
S01013306,All household spaces,506,501,5,1,4
S01013306,Whole house or bungalow: Total,193,192,1,0,1
S01013306,Whole house or bungalow: Detached,12,12,0,0,0
S01013306,Whole house or bungalow: Semi-detached,23,23,0,0,0
S01013306,Whole house or bungalow: Terraced (including end-terrace),158,157,1,0,1
S01013306,Flat maisonette or apartment or mobile/temporary accommodation,313,309,4,1,3
S01013307,All household spaces,439,436,3,0,3
S01013307,Whole house or bungalow: Total,339,337,2,0,2
S01013307,Whole house or bungalow: Detached,22,22,0,0,0
S01013307,Whole house or bungalow: Semi-detached,81,81,0,0,0
S01013307,Whole house or bungalow: Terraced (including end-terrace),236,234,2,0,2
S01013307,Flat maisonette or apartment or mobile/temporary accommodation,100,99,1,0,1
S01013308,All household spaces,376,374,2,0,2
S01013308,Whole house or bungalow: Total,277,275,2,0,2
S01013308,Whole house or bungalow: Detached,18,18,0,0,0
S01013308,Whole house or bungalow: Semi-detached,69,69,0,0,0
S01013308,Whole house or bungalow: Terraced (including end-terrace),190,188,2,0,2
S01013308,Flat maisonette or apartment or mobile/temporary accommodation,99,99,0,0,0
S01013309,All household spaces,237,236,1,0,1
S01013309,Whole house or bungalow: Total,178,178,0,0,0
S01013309,Whole house or bungalow: Detached,106,106,0,0,0
S01013309,Whole house or bungalow: Semi-detached,26,26,0,0,0
S01013309,Whole house or bungalow: Terraced (including end-terrace),46,46,0,0,0
S01013309,Flat maisonette or apartment or mobile/temporary accommodation,59,58,1,0,1
S01013310,All household spaces,246,241,5,0,5
S01013310,Whole house or bungalow: Total,243,238,5,0,5
S01013310,Whole house or bungalow: Detached,13,13,0,0,0
S01013310,Whole house or bungalow: Semi-detached,15,14,1,0,1
S01013310,Whole house or bungalow: Terraced (including end-terrace),215,211,4,0,4
S01013310,Flat maisonette or apartment or mobile/temporary accommodation,3,3,0,0,0
S01013311,All household spaces,314,313,1,0,1
S01013311,Whole house or bungalow: Total,308,307,1,0,1
S01013311,Whole house or bungalow: Detached,10,10,0,0,0
S01013311,Whole house or bungalow: Semi-detached,50,50,0,0,0
S01013311,Whole house or bungalow: Terraced (including end-terrace),248,247,1,0,1
S01013311,Flat maisonette or apartment or mobile/temporary accommodation,6,6,0,0,0
S01013312,All household spaces,494,486,8,0,8
S01013312,Whole house or bungalow: Total,317,312,5,0,5
S01013312,Whole house or bungalow: Detached,28,28,0,0,0
S01013312,Whole house or bungalow: Semi-detached,88,85,3,0,3
S01013312,Whole house or bungalow: Terraced (including end-terrace),201,199,2,0,2
S01013312,Flat maisonette or apartment or mobile/temporary accommodation,177,174,3,0,3
S01013313,All household spaces,277,276,1,0,1
S01013313,Whole house or bungalow: Total,217,216,1,0,1
S01013313,Whole house or bungalow: Detached,8,8,0,0,0
S01013313,Whole house or bungalow: Semi-detached,27,27,0,0,0
S01013313,Whole house or bungalow: Terraced (including end-terrace),182,181,1,0,1
S01013313,Flat maisonette or apartment or mobile/temporary accommodation,60,60,0,0,0
S01013314,All household spaces,310,304,6,1,5
S01013314,Whole house or bungalow: Total,263,259,4,0,4
S01013314,Whole house or bungalow: Detached,10,9,1,0,1
S01013314,Whole house or bungalow: Semi-detached,55,55,0,0,0
S01013314,Whole house or bungalow: Terraced (including end-terrace),198,195,3,0,3
S01013314,Flat maisonette or apartment or mobile/temporary accommodation,47,45,2,1,1
S01013315,All household spaces,174,174,0,0,0
S01013315,Whole house or bungalow: Total,173,173,0,0,0
S01013315,Whole house or bungalow: Detached,157,157,0,0,0
S01013315,Whole house or bungalow: Semi-detached,11,11,0,0,0
S01013315,Whole house or bungalow: Terraced (including end-terrace),5,5,0,0,0
S01013315,Flat maisonette or apartment or mobile/temporary accommodation,1,1,0,0,0
S01013316,All household spaces,279,273,6,0,6
S01013316,Whole house or bungalow: Total,271,265,6,0,6
S01013316,Whole house or bungalow: Detached,178,174,4,0,4
S01013316,Whole house or bungalow: Semi-detached,47,45,2,0,2
S01013316,Whole house or bungalow: Terraced (including end-terrace),46,46,0,0,0
S01013316,Flat maisonette or apartment or mobile/temporary accommodation,8,8,0,0,0
S01013317,All household spaces,257,257,0,0,0
S01013317,Whole house or bungalow: Total,207,207,0,0,0
S01013317,Whole house or bungalow: Detached,165,165,0,0,0
S01013317,Whole house or bungalow: Semi-detached,35,35,0,0,0
S01013317,Whole house or bungalow: Terraced (including end-terrace),7,7,0,0,0
S01013317,Flat maisonette or apartment or mobile/temporary accommodation,50,50,0,0,0
S01013318,All household spaces,251,245,6,0,6
S01013318,Whole house or bungalow: Total,224,220,4,0,4
S01013318,Whole house or bungalow: Detached,108,106,2,0,2
S01013318,Whole house or bungalow: Semi-detached,96,94,2,0,2
S01013318,Whole house or bungalow: Terraced (including end-terrace),20,20,0,0,0
S01013318,Flat maisonette or apartment or mobile/temporary accommodation,27,25,2,0,2
S01013319,All household spaces,213,209,4,1,3
S01013319,Whole house or bungalow: Total,195,191,4,1,3
S01013319,Whole house or bungalow: Detached,120,119,1,1,0
S01013319,Whole house or bungalow: Semi-detached,41,39,2,0,2
S01013319,Whole house or bungalow: Terraced (including end-terrace),34,33,1,0,1
S01013319,Flat maisonette or apartment or mobile/temporary accommodation,18,18,0,0,0
S01013320,All household spaces,363,357,6,0,6
S01013320,Whole house or bungalow: Total,328,323,5,0,5
S01013320,Whole house or bungalow: Detached,192,189,3,0,3
S01013320,Whole house or bungalow: Semi-detached,73,71,2,0,2
S01013320,Whole house or bungalow: Terraced (including end-terrace),63,63,0,0,0
S01013320,Flat maisonette or apartment or mobile/temporary accommodation,35,34,1,0,1
S01013321,All household spaces,227,223,4,0,4
S01013321,Whole house or bungalow: Total,156,152,4,0,4
S01013321,Whole house or bungalow: Detached,9,9,0,0,0
S01013321,Whole house or bungalow: Semi-detached,45,45,0,0,0
S01013321,Whole house or bungalow: Terraced (including end-terrace),102,98,4,0,4
S01013321,Flat maisonette or apartment or mobile/temporary accommodation,71,71,0,0,0
S01013322,All household spaces,269,267,2,0,2
S01013322,Whole house or bungalow: Total,257,255,2,0,2
S01013322,Whole house or bungalow: Detached,58,58,0,0,0
S01013322,Whole house or bungalow: Semi-detached,31,31,0,0,0
S01013322,Whole house or bungalow: Terraced (including end-terrace),168,166,2,0,2
S01013322,Flat maisonette or apartment or mobile/temporary accommodation,12,12,0,0,0
S01013323,All household spaces,423,416,7,0,7
S01013323,Whole house or bungalow: Total,326,324,2,0,2
S01013323,Whole house or bungalow: Detached,12,12,0,0,0
S01013323,Whole house or bungalow: Semi-detached,57,57,0,0,0
S01013323,Whole house or bungalow: Terraced (including end-terrace),257,255,2,0,2
S01013323,Flat maisonette or apartment or mobile/temporary accommodation,97,92,5,0,5
S01013324,All household spaces,279,275,4,0,4
S01013324,Whole house or bungalow: Total,224,222,2,0,2
S01013324,Whole house or bungalow: Detached,8,8,0,0,0
S01013324,Whole house or bungalow: Semi-detached,21,21,0,0,0
S01013324,Whole house or bungalow: Terraced (including end-terrace),195,193,2,0,2
S01013324,Flat maisonette or apartment or mobile/temporary accommodation,55,53,2,0,2
S01013325,All household spaces,356,353,3,0,3
S01013325,Whole house or bungalow: Total,332,329,3,0,3
S01013325,Whole house or bungalow: Detached,61,59,2,0,2
S01013325,Whole house or bungalow: Semi-detached,68,68,0,0,0
S01013325,Whole house or bungalow: Terraced (including end-terrace),203,202,1,0,1
S01013325,Flat maisonette or apartment or mobile/temporary accommodation,24,24,0,0,0
S01013326,All household spaces,221,218,3,0,3
S01013326,Whole house or bungalow: Total,183,181,2,0,2
S01013326,Whole house or bungalow: Detached,5,5,0,0,0
S01013326,Whole house or bungalow: Semi-detached,13,13,0,0,0
S01013326,Whole house or bungalow: Terraced (including end-terrace),165,163,2,0,2
S01013326,Flat maisonette or apartment or mobile/temporary accommodation,38,37,1,0,1
S01013327,All household spaces,273,269,4,0,4
S01013327,Whole house or bungalow: Total,254,251,3,0,3
S01013327,Whole house or bungalow: Detached,13,13,0,0,0
S01013327,Whole house or bungalow: Semi-detached,30,30,0,0,0
S01013327,Whole house or bungalow: Terraced (including end-terrace),211,208,3,0,3
S01013327,Flat maisonette or apartment or mobile/temporary accommodation,19,18,1,0,1
S01013328,All household spaces,241,236,5,0,5
S01013328,Whole house or bungalow: Total,231,226,5,0,5
S01013328,Whole house or bungalow: Detached,12,12,0,0,0
S01013328,Whole house or bungalow: Semi-detached,22,22,0,0,0
S01013328,Whole house or bungalow: Terraced (including end-terrace),197,192,5,0,5
S01013328,Flat maisonette or apartment or mobile/temporary accommodation,10,10,0,0,0
S01013329,All household spaces,235,228,7,0,7
S01013329,Whole house or bungalow: Total,228,221,7,0,7
S01013329,Whole house or bungalow: Detached,14,14,0,0,0
S01013329,Whole house or bungalow: Semi-detached,20,20,0,0,0
S01013329,Whole house or bungalow: Terraced (including end-terrace),194,187,7,0,7
S01013329,Flat maisonette or apartment or mobile/temporary accommodation,7,7,0,0,0
S01013330,All household spaces,453,430,23,1,22
S01013330,Whole house or bungalow: Total,239,235,4,0,4
S01013330,Whole house or bungalow: Detached,149,146,3,0,3
S01013330,Whole house or bungalow: Semi-detached,60,59,1,0,1
S01013330,Whole house or bungalow: Terraced (including end-terrace),30,30,0,0,0
S01013330,Flat maisonette or apartment or mobile/temporary accommodation,214,195,19,1,18
S01013331,All household spaces,254,248,6,1,5
S01013331,Whole house or bungalow: Total,175,174,1,0,1
S01013331,Whole house or bungalow: Detached,69,69,0,0,0
S01013331,Whole house or bungalow: Semi-detached,70,69,1,0,1
S01013331,Whole house or bungalow: Terraced (including end-terrace),36,36,0,0,0
S01013331,Flat maisonette or apartment or mobile/temporary accommodation,79,74,5,1,4
S01013332,All household spaces,290,285,5,0,5
S01013332,Whole house or bungalow: Total,285,280,5,0,5
S01013332,Whole house or bungalow: Detached,15,15,0,0,0
S01013332,Whole house or bungalow: Semi-detached,35,34,1,0,1
S01013332,Whole house or bungalow: Terraced (including end-terrace),235,231,4,0,4
S01013332,Flat maisonette or apartment or mobile/temporary accommodation,5,5,0,0,0
S01013333,All household spaces,332,327,5,0,5
S01013333,Whole house or bungalow: Total,327,322,5,0,5
S01013333,Whole house or bungalow: Detached,69,68,1,0,1
S01013333,Whole house or bungalow: Semi-detached,152,148,4,0,4
S01013333,Whole house or bungalow: Terraced (including end-terrace),106,106,0,0,0
S01013333,Flat maisonette or apartment or mobile/temporary accommodation,5,5,0,0,0
S01013334,All household spaces,303,294,9,0,9
S01013334,Whole house or bungalow: Total,250,242,8,0,8
S01013334,Whole house or bungalow: Detached,10,10,0,0,0
S01013334,Whole house or bungalow: Semi-detached,23,23,0,0,0
S01013334,Whole house or bungalow: Terraced (including end-terrace),217,209,8,0,8
S01013334,Flat maisonette or apartment or mobile/temporary accommodation,53,52,1,0,1
S01013335,All household spaces,304,294,10,0,10
S01013335,Whole house or bungalow: Total,297,287,10,0,10
S01013335,Whole house or bungalow: Detached,18,18,0,0,0
S01013335,Whole house or bungalow: Semi-detached,55,55,0,0,0
S01013335,Whole house or bungalow: Terraced (including end-terrace),224,214,10,0,10
S01013335,Flat maisonette or apartment or mobile/temporary accommodation,7,7,0,0,0
S01013336,All household spaces,342,339,3,0,3
S01013336,Whole house or bungalow: Total,305,303,2,0,2
S01013336,Whole house or bungalow: Detached,10,10,0,0,0
S01013336,Whole house or bungalow: Semi-detached,122,121,1,0,1
S01013336,Whole house or bungalow: Terraced (including end-terrace),173,172,1,0,1
S01013336,Flat maisonette or apartment or mobile/temporary accommodation,37,36,1,0,1
S01013337,All household spaces,367,365,2,0,2
S01013337,Whole house or bungalow: Total,365,363,2,0,2
S01013337,Whole house or bungalow: Detached,112,112,0,0,0
S01013337,Whole house or bungalow: Semi-detached,54,53,1,0,1
S01013337,Whole house or bungalow: Terraced (including end-terrace),199,198,1,0,1
S01013337,Flat maisonette or apartment or mobile/temporary accommodation,2,2,0,0,0
S01013338,All household spaces,166,165,1,0,1
S01013338,Whole house or bungalow: Total,164,163,1,0,1
S01013338,Whole house or bungalow: Detached,139,138,1,0,1
S01013338,Whole house or bungalow: Semi-detached,17,17,0,0,0
S01013338,Whole house or bungalow: Terraced (including end-terrace),8,8,0,0,0
S01013338,Flat maisonette or apartment or mobile/temporary accommodation,2,2,0,0,0
S01013339,All household spaces,238,233,5,2,3
S01013339,Whole house or bungalow: Total,226,221,5,2,3
S01013339,Whole house or bungalow: Detached,104,102,2,1,1
S01013339,Whole house or bungalow: Semi-detached,79,77,2,1,1
S01013339,Whole house or bungalow: Terraced (including end-terrace),43,42,1,0,1
S01013339,Flat maisonette or apartment or mobile/temporary accommodation,12,12,0,0,0
S01013340,All household spaces,338,335,3,0,3
S01013340,Whole house or bungalow: Total,333,330,3,0,3
S01013340,Whole house or bungalow: Detached,276,273,3,0,3
S01013340,Whole house or bungalow: Semi-detached,41,41,0,0,0
S01013340,Whole house or bungalow: Terraced (including end-terrace),16,16,0,0,0
S01013340,Flat maisonette or apartment or mobile/temporary accommodation,5,5,0,0,0
S01013341,All household spaces,393,388,5,2,3
S01013341,Whole house or bungalow: Total,252,249,3,1,2
S01013341,Whole house or bungalow: Detached,223,220,3,1,2
S01013341,Whole house or bungalow: Semi-detached,12,12,0,0,0
S01013341,Whole house or bungalow: Terraced (including end-terrace),17,17,0,0,0
S01013341,Flat maisonette or apartment or mobile/temporary accommodation,141,139,2,1,1
S01013342,All household spaces,293,286,7,0,7
S01013342,Whole house or bungalow: Total,222,215,7,0,7
S01013342,Whole house or bungalow: Detached,14,12,2,0,2
S01013342,Whole house or bungalow: Semi-detached,35,35,0,0,0
S01013342,Whole house or bungalow: Terraced (including end-terrace),173,168,5,0,5
S01013342,Flat maisonette or apartment or mobile/temporary accommodation,71,71,0,0,0
S01013343,All household spaces,279,276,3,0,3
S01013343,Whole house or bungalow: Total,275,272,3,0,3
S01013343,Whole house or bungalow: Detached,3,3,0,0,0
S01013343,Whole house or bungalow: Semi-detached,49,49,0,0,0
S01013343,Whole house or bungalow: Terraced (including end-terrace),223,220,3,0,3
S01013343,Flat maisonette or apartment or mobile/temporary accommodation,4,4,0,0,0
S01013344,All household spaces,366,356,10,0,10
S01013344,Whole house or bungalow: Total,291,285,6,0,6
S01013344,Whole house or bungalow: Detached,21,21,0,0,0
S01013344,Whole house or bungalow: Semi-detached,95,95,0,0,0
S01013344,Whole house or bungalow: Terraced (including end-terrace),175,169,6,0,6
S01013344,Flat maisonette or apartment or mobile/temporary accommodation,75,71,4,0,4
S01013345,All household spaces,303,298,5,0,5
S01013345,Whole house or bungalow: Total,296,291,5,0,5
S01013345,Whole house or bungalow: Detached,7,7,0,0,0
S01013345,Whole house or bungalow: Semi-detached,43,43,0,0,0
S01013345,Whole house or bungalow: Terraced (including end-terrace),246,241,5,0,5
S01013345,Flat maisonette or apartment or mobile/temporary accommodation,7,7,0,0,0
S01013346,All household spaces,284,282,2,0,2
S01013346,Whole house or bungalow: Total,264,262,2,0,2
S01013346,Whole house or bungalow: Detached,156,156,0,0,0
S01013346,Whole house or bungalow: Semi-detached,79,77,2,0,2
S01013346,Whole house or bungalow: Terraced (including end-terrace),29,29,0,0,0
S01013346,Flat maisonette or apartment or mobile/temporary accommodation,20,20,0,0,0
S01013347,All household spaces,338,332,6,0,6
S01013347,Whole house or bungalow: Total,285,279,6,0,6
S01013347,Whole house or bungalow: Detached,94,92,2,0,2
S01013347,Whole house or bungalow: Semi-detached,172,168,4,0,4
S01013347,Whole house or bungalow: Terraced (including end-terrace),19,19,0,0,0
S01013347,Flat maisonette or apartment or mobile/temporary accommodation,53,53,0,0,0
S01013348,All household spaces,170,169,1,0,1
S01013348,Whole house or bungalow: Total,170,169,1,0,1
S01013348,Whole house or bungalow: Detached,116,116,0,0,0
S01013348,Whole house or bungalow: Semi-detached,24,24,0,0,0
S01013348,Whole house or bungalow: Terraced (including end-terrace),30,29,1,0,1
S01013348,Flat maisonette or apartment or mobile/temporary accommodation,0,0,0,0,0
S01013349,All household spaces,385,359,26,3,23
S01013349,Whole house or bungalow: Total,151,145,6,0,6
S01013349,Whole house or bungalow: Detached,62,62,0,0,0
S01013349,Whole house or bungalow: Semi-detached,23,23,0,0,0
S01013349,Whole house or bungalow: Terraced (including end-terrace),66,60,6,0,6
S01013349,Flat maisonette or apartment or mobile/temporary accommodation,234,214,20,3,17
S01013350,All household spaces,292,285,7,0,7
S01013350,Whole house or bungalow: Total,213,209,4,0,4
S01013350,Whole house or bungalow: Detached,11,11,0,0,0
S01013350,Whole house or bungalow: Semi-detached,42,42,0,0,0
S01013350,Whole house or bungalow: Terraced (including end-terrace),160,156,4,0,4
S01013350,Flat maisonette or apartment or mobile/temporary accommodation,79,76,3,0,3
S01013351,All household spaces,320,320,0,0,0
S01013351,Whole house or bungalow: Total,304,304,0,0,0
S01013351,Whole house or bungalow: Detached,14,14,0,0,0
S01013351,Whole house or bungalow: Semi-detached,25,25,0,0,0
S01013351,Whole house or bungalow: Terraced (including end-terrace),265,265,0,0,0
S01013351,Flat maisonette or apartment or mobile/temporary accommodation,16,16,0,0,0
S01013352,All household spaces,357,355,2,0,2
S01013352,Whole house or bungalow: Total,349,347,2,0,2
S01013352,Whole house or bungalow: Detached,8,8,0,0,0
S01013352,Whole house or bungalow: Semi-detached,37,37,0,0,0
S01013352,Whole house or bungalow: Terraced (including end-terrace),304,302,2,0,2
S01013352,Flat maisonette or apartment or mobile/temporary accommodation,8,8,0,0,0
S01013353,All household spaces,289,283,6,0,6
S01013353,Whole house or bungalow: Total,276,271,5,0,5
S01013353,Whole house or bungalow: Detached,12,12,0,0,0
S01013353,Whole house or bungalow: Semi-detached,38,38,0,0,0
S01013353,Whole house or bungalow: Terraced (including end-terrace),226,221,5,0,5
S01013353,Flat maisonette or apartment or mobile/temporary accommodation,13,12,1,0,1
S01013354,All household spaces,322,318,4,0,4
S01013354,Whole house or bungalow: Total,301,297,4,0,4
S01013354,Whole house or bungalow: Detached,150,148,2,0,2
S01013354,Whole house or bungalow: Semi-detached,89,88,1,0,1
S01013354,Whole house or bungalow: Terraced (including end-terrace),62,61,1,0,1
S01013354,Flat maisonette or apartment or mobile/temporary accommodation,21,21,0,0,0
S01013355,All household spaces,279,274,5,0,5
S01013355,Whole house or bungalow: Total,246,242,4,0,4
S01013355,Whole house or bungalow: Detached,63,63,0,0,0
S01013355,Whole house or bungalow: Semi-detached,60,60,0,0,0
S01013355,Whole house or bungalow: Terraced (including end-terrace),123,119,4,0,4
S01013355,Flat maisonette or apartment or mobile/temporary accommodation,33,32,1,0,1
S01013356,All household spaces,325,323,2,1,1
S01013356,Whole house or bungalow: Total,266,264,2,1,1
S01013356,Whole house or bungalow: Detached,45,45,0,0,0
S01013356,Whole house or bungalow: Semi-detached,73,73,0,0,0
S01013356,Whole house or bungalow: Terraced (including end-terrace),148,146,2,1,1
S01013356,Flat maisonette or apartment or mobile/temporary accommodation,59,59,0,0,0
S01013357,All household spaces,352,346,6,1,5
S01013357,Whole house or bungalow: Total,296,292,4,0,4
S01013357,Whole house or bungalow: Detached,216,214,2,0,2
S01013357,Whole house or bungalow: Semi-detached,52,52,0,0,0
S01013357,Whole house or bungalow: Terraced (including end-terrace),28,26,2,0,2
S01013357,Flat maisonette or apartment or mobile/temporary accommodation,56,54,2,1,1
S01013358,All household spaces,394,382,12,5,7
S01013358,Whole house or bungalow: Total,287,279,8,4,4
S01013358,Whole house or bungalow: Detached,104,102,2,0,2
S01013358,Whole house or bungalow: Semi-detached,88,86,2,0,2
S01013358,Whole house or bungalow: Terraced (including end-terrace),95,91,4,4,0
S01013358,Flat maisonette or apartment or mobile/temporary accommodation,107,103,4,1,3
S01013359,All household spaces,311,298,13,2,11
S01013359,Whole house or bungalow: Total,127,125,2,2,0
S01013359,Whole house or bungalow: Detached,41,40,1,1,0
S01013359,Whole house or bungalow: Semi-detached,60,60,0,0,0
S01013359,Whole house or bungalow: Terraced (including end-terrace),26,25,1,1,0
S01013359,Flat maisonette or apartment or mobile/temporary accommodation,184,173,11,0,11
S01013360,All household spaces,309,299,10,10,0
S01013360,Whole house or bungalow: Total,267,257,10,10,0
S01013360,Whole house or bungalow: Detached,27,27,0,0,0
S01013360,Whole house or bungalow: Semi-detached,156,156,0,0,0
S01013360,Whole house or bungalow: Terraced (including end-terrace),84,74,10,10,0
S01013360,Flat maisonette or apartment or mobile/temporary accommodation,42,42,0,0,0
S01013361,All household spaces,280,280,0,0,0
S01013361,Whole house or bungalow: Total,220,220,0,0,0
S01013361,Whole house or bungalow: Detached,10,10,0,0,0
S01013361,Whole house or bungalow: Semi-detached,54,54,0,0,0
S01013361,Whole house or bungalow: Terraced (including end-terrace),156,156,0,0,0
S01013361,Flat maisonette or apartment or mobile/temporary accommodation,60,60,0,0,0
S01013362,All household spaces,224,220,4,1,3
S01013362,Whole house or bungalow: Total,179,177,2,1,1
S01013362,Whole house or bungalow: Detached,7,7,0,0,0
S01013362,Whole house or bungalow: Semi-detached,61,61,0,0,0
S01013362,Whole house or bungalow: Terraced (including end-terrace),111,109,2,1,1
S01013362,Flat maisonette or apartment or mobile/temporary accommodation,45,43,2,0,2
S01013363,All household spaces,402,390,12,0,12
S01013363,Whole house or bungalow: Total,199,197,2,0,2
S01013363,Whole house or bungalow: Detached,11,11,0,0,0
S01013363,Whole house or bungalow: Semi-detached,73,72,1,0,1
S01013363,Whole house or bungalow: Terraced (including end-terrace),115,114,1,0,1
S01013363,Flat maisonette or apartment or mobile/temporary accommodation,203,193,10,0,10
S01013364,All household spaces,376,366,10,0,10
S01013364,Whole house or bungalow: Total,361,351,10,0,10
S01013364,Whole house or bungalow: Detached,164,160,4,0,4
S01013364,Whole house or bungalow: Semi-detached,109,105,4,0,4
S01013364,Whole house or bungalow: Terraced (including end-terrace),88,86,2,0,2
S01013364,Flat maisonette or apartment or mobile/temporary accommodation,15,15,0,0,0
S01013365,All household spaces,384,367,17,0,17
S01013365,Whole house or bungalow: Total,321,308,13,0,13
S01013365,Whole house or bungalow: Detached,166,165,1,0,1
S01013365,Whole house or bungalow: Semi-detached,135,126,9,0,9
S01013365,Whole house or bungalow: Terraced (including end-terrace),20,17,3,0,3
S01013365,Flat maisonette or apartment or mobile/temporary accommodation,63,59,4,0,4
S01013366,All household spaces,353,348,5,2,3
S01013366,Whole house or bungalow: Total,342,337,5,2,3
S01013366,Whole house or bungalow: Detached,75,75,0,0,0
S01013366,Whole house or bungalow: Semi-detached,204,203,1,0,1
S01013366,Whole house or bungalow: Terraced (including end-terrace),63,59,4,2,2
S01013366,Flat maisonette or apartment or mobile/temporary accommodation,11,11,0,0,0
S01013367,All household spaces,226,221,5,3,2
S01013367,Whole house or bungalow: Total,213,208,5,3,2
S01013367,Whole house or bungalow: Detached,116,114,2,1,1
S01013367,Whole house or bungalow: Semi-detached,59,59,0,0,0
S01013367,Whole house or bungalow: Terraced (including end-terrace),38,35,3,2,1
S01013367,Flat maisonette or apartment or mobile/temporary accommodation,13,13,0,0,0
S01013368,All household spaces,291,284,7,3,4
S01013368,Whole house or bungalow: Total,262,256,6,3,3
S01013368,Whole house or bungalow: Detached,64,62,2,1,1
S01013368,Whole house or bungalow: Semi-detached,129,129,0,0,0
S01013368,Whole house or bungalow: Terraced (including end-terrace),69,65,4,2,2
S01013368,Flat maisonette or apartment or mobile/temporary accommodation,29,28,1,0,1
S01013369,All household spaces,433,420,13,0,13
S01013369,Whole house or bungalow: Total,172,167,5,0,5
S01013369,Whole house or bungalow: Detached,8,8,0,0,0
S01013369,Whole house or bungalow: Semi-detached,138,134,4,0,4
S01013369,Whole house or bungalow: Terraced (including end-terrace),26,25,1,0,1
S01013369,Flat maisonette or apartment or mobile/temporary accommodation,261,253,8,0,8
S01013370,All household spaces,306,298,8,0,8
S01013370,Whole house or bungalow: Total,175,175,0,0,0
S01013370,Whole house or bungalow: Detached,11,11,0,0,0
S01013370,Whole house or bungalow: Semi-detached,108,108,0,0,0
S01013370,Whole house or bungalow: Terraced (including end-terrace),56,56,0,0,0
S01013370,Flat maisonette or apartment or mobile/temporary accommodation,131,123,8,0,8
S01013371,All household spaces,336,327,9,0,9
S01013371,Whole house or bungalow: Total,265,258,7,0,7
S01013371,Whole house or bungalow: Detached,39,39,0,0,0
S01013371,Whole house or bungalow: Semi-detached,187,182,5,0,5
S01013371,Whole house or bungalow: Terraced (including end-terrace),39,37,2,0,2
S01013371,Flat maisonette or apartment or mobile/temporary accommodation,71,69,2,0,2
S01013372,All household spaces,502,489,13,0,13
S01013372,Whole house or bungalow: Total,312,309,3,0,3
S01013372,Whole house or bungalow: Detached,17,16,1,0,1
S01013372,Whole house or bungalow: Semi-detached,145,144,1,0,1
S01013372,Whole house or bungalow: Terraced (including end-terrace),150,149,1,0,1
S01013372,Flat maisonette or apartment or mobile/temporary accommodation,190,180,10,0,10
S01013373,All household spaces,464,451,13,4,9
S01013373,Whole house or bungalow: Total,316,306,10,4,6
S01013373,Whole house or bungalow: Detached,33,33,0,0,0
S01013373,Whole house or bungalow: Semi-detached,132,129,3,0,3
S01013373,Whole house or bungalow: Terraced (including end-terrace),151,144,7,4,3
S01013373,Flat maisonette or apartment or mobile/temporary accommodation,148,145,3,0,3
S01013374,All household spaces,464,453,11,0,11
S01013374,Whole house or bungalow: Total,124,124,0,0,0
S01013374,Whole house or bungalow: Detached,18,18,0,0,0
S01013374,Whole house or bungalow: Semi-detached,60,60,0,0,0
S01013374,Whole house or bungalow: Terraced (including end-terrace),46,46,0,0,0
S01013374,Flat maisonette or apartment or mobile/temporary accommodation,340,329,11,0,11
S01013375,All household spaces,268,262,6,0,6
S01013375,Whole house or bungalow: Total,200,195,5,0,5
S01013375,Whole house or bungalow: Detached,14,13,1,0,1
S01013375,Whole house or bungalow: Semi-detached,147,143,4,0,4
S01013375,Whole house or bungalow: Terraced (including end-terrace),39,39,0,0,0
S01013375,Flat maisonette or apartment or mobile/temporary accommodation,68,67,1,0,1
S01013376,All household spaces,278,272,6,0,6
S01013376,Whole house or bungalow: Total,207,206,1,0,1
S01013376,Whole house or bungalow: Detached,2,2,0,0,0
S01013376,Whole house or bungalow: Semi-detached,126,126,0,0,0
S01013376,Whole house or bungalow: Terraced (including end-terrace),79,78,1,0,1
S01013376,Flat maisonette or apartment or mobile/temporary accommodation,71,66,5,0,5
S01013377,All household spaces,385,377,8,0,8
S01013377,Whole house or bungalow: Total,279,274,5,0,5
S01013377,Whole house or bungalow: Detached,34,33,1,0,1
S01013377,Whole house or bungalow: Semi-detached,146,143,3,0,3
S01013377,Whole house or bungalow: Terraced (including end-terrace),99,98,1,0,1
S01013377,Flat maisonette or apartment or mobile/temporary accommodation,106,103,3,0,3
S01013378,All household spaces,430,426,4,1,3
S01013378,Whole house or bungalow: Total,264,262,2,1,1
S01013378,Whole house or bungalow: Detached,87,86,1,1,0
S01013378,Whole house or bungalow: Semi-detached,135,135,0,0,0
S01013378,Whole house or bungalow: Terraced (including end-terrace),42,41,1,0,1
S01013378,Flat maisonette or apartment or mobile/temporary accommodation,166,164,2,0,2
S01013379,All household spaces,351,345,6,1,5
S01013379,Whole house or bungalow: Total,321,316,5,1,4
S01013379,Whole house or bungalow: Detached,73,73,0,0,0
S01013379,Whole house or bungalow: Semi-detached,49,48,1,0,1
S01013379,Whole house or bungalow: Terraced (including end-terrace),199,195,4,1,3
S01013379,Flat maisonette or apartment or mobile/temporary accommodation,30,29,1,0,1
S01013380,All household spaces,38,36,2,0,2
S01013380,Whole house or bungalow: Total,37,35,2,0,2
S01013380,Whole house or bungalow: Detached,21,21,0,0,0
S01013380,Whole house or bungalow: Semi-detached,14,14,0,0,0
S01013380,Whole house or bungalow: Terraced (including end-terrace),2,0,2,0,2
S01013380,Flat maisonette or apartment or mobile/temporary accommodation,1,1,0,0,0
S01013381,All household spaces,213,211,2,0,2
S01013381,Whole house or bungalow: Total,210,208,2,0,2
S01013381,Whole house or bungalow: Detached,18,18,0,0,0
S01013381,Whole house or bungalow: Semi-detached,66,66,0,0,0
S01013381,Whole house or bungalow: Terraced (including end-terrace),126,124,2,0,2
S01013381,Flat maisonette or apartment or mobile/temporary accommodation,3,3,0,0,0
S01013382,All household spaces,228,225,3,0,3
S01013382,Whole house or bungalow: Total,223,220,3,0,3
S01013382,Whole house or bungalow: Detached,91,89,2,0,2
S01013382,Whole house or bungalow: Semi-detached,76,76,0,0,0
S01013382,Whole house or bungalow: Terraced (including end-terrace),56,55,1,0,1
S01013382,Flat maisonette or apartment or mobile/temporary accommodation,5,5,0,0,0
S01013383,All household spaces,358,353,5,0,5
S01013383,Whole house or bungalow: Total,226,222,4,0,4
S01013383,Whole house or bungalow: Detached,24,24,0,0,0
S01013383,Whole house or bungalow: Semi-detached,97,97,0,0,0
S01013383,Whole house or bungalow: Terraced (including end-terrace),105,101,4,0,4
S01013383,Flat maisonette or apartment or mobile/temporary accommodation,132,131,1,0,1
S01013384,All household spaces,342,337,5,0,5
S01013384,Whole house or bungalow: Total,256,251,5,0,5
S01013384,Whole house or bungalow: Detached,34,34,0,0,0
S01013384,Whole house or bungalow: Semi-detached,130,127,3,0,3
S01013384,Whole house or bungalow: Terraced (including end-terrace),92,90,2,0,2
S01013384,Flat maisonette or apartment or mobile/temporary accommodation,86,86,0,0,0
S01013385,All household spaces,220,217,3,0,3
S01013385,Whole house or bungalow: Total,198,197,1,0,1
S01013385,Whole house or bungalow: Detached,60,60,0,0,0
S01013385,Whole house or bungalow: Semi-detached,74,73,1,0,1
S01013385,Whole house or bungalow: Terraced (including end-terrace),64,64,0,0,0
S01013385,Flat maisonette or apartment or mobile/temporary accommodation,22,20,2,0,2
S01013386,All household spaces,338,335,3,1,2
S01013386,Whole house or bungalow: Total,317,314,3,1,2
S01013386,Whole house or bungalow: Detached,141,140,1,0,1
S01013386,Whole house or bungalow: Semi-detached,156,156,0,0,0
S01013386,Whole house or bungalow: Terraced (including end-terrace),20,18,2,1,1
S01013386,Flat maisonette or apartment or mobile/temporary accommodation,21,21,0,0,0
S01013387,All household spaces,266,265,1,0,1
S01013387,Whole house or bungalow: Total,260,259,1,0,1
S01013387,Whole house or bungalow: Detached,12,12,0,0,0
S01013387,Whole house or bungalow: Semi-detached,158,158,0,0,0
S01013387,Whole house or bungalow: Terraced (including end-terrace),90,89,1,0,1
S01013387,Flat maisonette or apartment or mobile/temporary accommodation,6,6,0,0,0
S01013388,All household spaces,384,382,2,1,1
S01013388,Whole house or bungalow: Total,308,306,2,1,1
S01013388,Whole house or bungalow: Detached,57,57,0,0,0
S01013388,Whole house or bungalow: Semi-detached,127,126,1,0,1
S01013388,Whole house or bungalow: Terraced (including end-terrace),124,123,1,1,0
S01013388,Flat maisonette or apartment or mobile/temporary accommodation,76,76,0,0,0
S01013389,All household spaces,352,347,5,0,5
S01013389,Whole house or bungalow: Total,237,234,3,0,3
S01013389,Whole house or bungalow: Detached,14,14,0,0,0
S01013389,Whole house or bungalow: Semi-detached,12,12,0,0,0
S01013389,Whole house or bungalow: Terraced (including end-terrace),211,208,3,0,3
S01013389,Flat maisonette or apartment or mobile/temporary accommodation,115,113,2,0,2
S01013390,All household spaces,211,210,1,0,1
S01013390,Whole house or bungalow: Total,173,173,0,0,0
S01013390,Whole house or bungalow: Detached,7,7,0,0,0
S01013390,Whole house or bungalow: Semi-detached,56,56,0,0,0
S01013390,Whole house or bungalow: Terraced (including end-terrace),110,110,0,0,0
S01013390,Flat maisonette or apartment or mobile/temporary accommodation,38,37,1,0,1
S01013391,All household spaces,178,173,5,5,0
S01013391,Whole house or bungalow: Total,166,163,3,3,0
S01013391,Whole house or bungalow: Detached,41,40,1,1,0
S01013391,Whole house or bungalow: Semi-detached,62,62,0,0,0
S01013391,Whole house or bungalow: Terraced (including end-terrace),63,61,2,2,0
S01013391,Flat maisonette or apartment or mobile/temporary accommodation,12,10,2,2,0
S01013392,All household spaces,276,270,6,1,5
S01013392,Whole house or bungalow: Total,268,263,5,1,4
S01013392,Whole house or bungalow: Detached,201,197,4,1,3
S01013392,Whole house or bungalow: Semi-detached,60,59,1,0,1
S01013392,Whole house or bungalow: Terraced (including end-terrace),7,7,0,0,0
S01013392,Flat maisonette or apartment or mobile/temporary accommodation,8,7,1,0,1
S01013393,All household spaces,331,324,7,0,7
S01013393,Whole house or bungalow: Total,233,228,5,0,5
S01013393,Whole house or bungalow: Detached,56,54,2,0,2
S01013393,Whole house or bungalow: Semi-detached,136,133,3,0,3
S01013393,Whole house or bungalow: Terraced (including end-terrace),41,41,0,0,0
S01013393,Flat maisonette or apartment or mobile/temporary accommodation,98,96,2,0,2
S01013394,All household spaces,293,288,5,0,5
S01013394,Whole house or bungalow: Total,175,173,2,0,2
S01013394,Whole house or bungalow: Detached,43,43,0,0,0
S01013394,Whole house or bungalow: Semi-detached,78,77,1,0,1
S01013394,Whole house or bungalow: Terraced (including end-terrace),54,53,1,0,1
S01013394,Flat maisonette or apartment or mobile/temporary accommodation,118,115,3,0,3
S01013395,All household spaces,367,352,15,1,14
S01013395,Whole house or bungalow: Total,58,54,4,1,3
S01013395,Whole house or bungalow: Detached,13,11,2,1,1
S01013395,Whole house or bungalow: Semi-detached,18,17,1,0,1
S01013395,Whole house or bungalow: Terraced (including end-terrace),27,26,1,0,1
S01013395,Flat maisonette or apartment or mobile/temporary accommodation,309,298,11,0,11
S01013396,All household spaces,264,255,9,0,9
S01013396,Whole house or bungalow: Total,253,244,9,0,9
S01013396,Whole house or bungalow: Detached,147,144,3,0,3
S01013396,Whole house or bungalow: Semi-detached,46,46,0,0,0
S01013396,Whole house or bungalow: Terraced (including end-terrace),60,54,6,0,6
S01013396,Flat maisonette or apartment or mobile/temporary accommodation,11,11,0,0,0
S01013397,All household spaces,384,376,8,0,8
S01013397,Whole house or bungalow: Total,325,320,5,0,5
S01013397,Whole house or bungalow: Detached,51,50,1,0,1
S01013397,Whole house or bungalow: Semi-detached,156,154,2,0,2
S01013397,Whole house or bungalow: Terraced (including end-terrace),118,116,2,0,2
S01013397,Flat maisonette or apartment or mobile/temporary accommodation,59,56,3,0,3
S01013398,All household spaces,188,183,5,3,2
S01013398,Whole house or bungalow: Total,187,182,5,3,2
S01013398,Whole house or bungalow: Detached,171,166,5,3,2
S01013398,Whole house or bungalow: Semi-detached,7,7,0,0,0
S01013398,Whole house or bungalow: Terraced (including end-terrace),9,9,0,0,0
S01013398,Flat maisonette or apartment or mobile/temporary accommodation,1,1,0,0,0
S01013399,All household spaces,403,399,4,1,3
S01013399,Whole house or bungalow: Total,389,386,3,0,3
S01013399,Whole house or bungalow: Detached,205,202,3,0,3
S01013399,Whole house or bungalow: Semi-detached,107,107,0,0,0
S01013399,Whole house or bungalow: Terraced (including end-terrace),77,77,0,0,0
S01013399,Flat maisonette or apartment or mobile/temporary accommodation,14,13,1,1,0
S01013400,All household spaces,348,314,34,1,33
S01013400,Whole house or bungalow: Total,189,182,7,0,7
S01013400,Whole house or bungalow: Detached,33,30,3,0,3
S01013400,Whole house or bungalow: Semi-detached,83,81,2,0,2
S01013400,Whole house or bungalow: Terraced (including end-terrace),73,71,2,0,2
S01013400,Flat maisonette or apartment or mobile/temporary accommodation,159,132,27,1,26
S01013401,All household spaces,360,324,36,0,36
S01013401,Whole house or bungalow: Total,250,240,10,0,10
S01013401,Whole house or bungalow: Detached,164,159,5,0,5
S01013401,Whole house or bungalow: Semi-detached,29,29,0,0,0
S01013401,Whole house or bungalow: Terraced (including end-terrace),57,52,5,0,5
S01013401,Flat maisonette or apartment or mobile/temporary accommodation,110,84,26,0,26
S01013402,All household spaces,435,429,6,3,3
S01013402,Whole house or bungalow: Total,277,274,3,0,3
S01013402,Whole house or bungalow: Detached,134,131,3,0,3
S01013402,Whole house or bungalow: Semi-detached,27,27,0,0,0
S01013402,Whole house or bungalow: Terraced (including end-terrace),116,116,0,0,0
S01013402,Flat maisonette or apartment or mobile/temporary accommodation,158,155,3,3,0
S01013403,All household spaces,334,332,2,0,2
S01013403,Whole house or bungalow: Total,227,226,1,0,1
S01013403,Whole house or bungalow: Detached,118,117,1,0,1
S01013403,Whole house or bungalow: Semi-detached,23,23,0,0,0
S01013403,Whole house or bungalow: Terraced (including end-terrace),86,86,0,0,0
S01013403,Flat maisonette or apartment or mobile/temporary accommodation,107,106,1,0,1
S01013404,All household spaces,216,211,5,0,5
S01013404,Whole house or bungalow: Total,184,181,3,0,3
S01013404,Whole house or bungalow: Detached,100,97,3,0,3
S01013404,Whole house or bungalow: Semi-detached,44,44,0,0,0
S01013404,Whole house or bungalow: Terraced (including end-terrace),40,40,0,0,0
S01013404,Flat maisonette or apartment or mobile/temporary accommodation,32,30,2,0,2
S01013405,All household spaces,334,329,5,1,4
S01013405,Whole house or bungalow: Total,300,295,5,1,4
S01013405,Whole house or bungalow: Detached,71,70,1,0,1
S01013405,Whole house or bungalow: Semi-detached,140,136,4,1,3
S01013405,Whole house or bungalow: Terraced (including end-terrace),89,89,0,0,0
S01013405,Flat maisonette or apartment or mobile/temporary accommodation,34,34,0,0,0
S01013406,All household spaces,279,270,9,0,9
S01013406,Whole house or bungalow: Total,244,240,4,0,4
S01013406,Whole house or bungalow: Detached,14,14,0,0,0
S01013406,Whole house or bungalow: Semi-detached,67,67,0,0,0
S01013406,Whole house or bungalow: Terraced (including end-terrace),163,159,4,0,4
S01013406,Flat maisonette or apartment or mobile/temporary accommodation,35,30,5,0,5
S01013407,All household spaces,265,259,6,0,6
S01013407,Whole house or bungalow: Total,226,224,2,0,2
S01013407,Whole house or bungalow: Detached,8,8,0,0,0
S01013407,Whole house or bungalow: Semi-detached,55,54,1,0,1
S01013407,Whole house or bungalow: Terraced (including end-terrace),163,162,1,0,1
S01013407,Flat maisonette or apartment or mobile/temporary accommodation,39,35,4,0,4
S01013408,All household spaces,308,302,6,0,6
S01013408,Whole house or bungalow: Total,224,221,3,0,3
S01013408,Whole house or bungalow: Detached,16,16,0,0,0
S01013408,Whole house or bungalow: Semi-detached,116,114,2,0,2
S01013408,Whole house or bungalow: Terraced (including end-terrace),92,91,1,0,1
S01013408,Flat maisonette or apartment or mobile/temporary accommodation,84,81,3,0,3
S01013409,All household spaces,434,428,6,1,5
S01013409,Whole house or bungalow: Total,411,405,6,1,5
S01013409,Whole house or bungalow: Detached,129,128,1,0,1
S01013409,Whole house or bungalow: Semi-detached,124,124,0,0,0
S01013409,Whole house or bungalow: Terraced (including end-terrace),158,153,5,1,4
S01013409,Flat maisonette or apartment or mobile/temporary accommodation,23,23,0,0,0
S01013410,All household spaces,297,290,7,0,7
S01013410,Whole house or bungalow: Total,155,151,4,0,4
S01013410,Whole house or bungalow: Detached,9,9,0,0,0
S01013410,Whole house or bungalow: Semi-detached,96,95,1,0,1
S01013410,Whole house or bungalow: Terraced (including end-terrace),50,47,3,0,3
S01013410,Flat maisonette or apartment or mobile/temporary accommodation,142,139,3,0,3
S01013411,All household spaces,341,333,8,0,8
S01013411,Whole house or bungalow: Total,204,201,3,0,3
S01013411,Whole house or bungalow: Detached,105,104,1,0,1
S01013411,Whole house or bungalow: Semi-detached,49,48,1,0,1
S01013411,Whole house or bungalow: Terraced (including end-terrace),50,49,1,0,1
S01013411,Flat maisonette or apartment or mobile/temporary accommodation,137,132,5,0,5
S01013412,All household spaces,379,364,15,1,14
S01013412,Whole house or bungalow: Total,199,198,1,0,1
S01013412,Whole house or bungalow: Detached,82,81,1,0,1
S01013412,Whole house or bungalow: Semi-detached,76,76,0,0,0
S01013412,Whole house or bungalow: Terraced (including end-terrace),41,41,0,0,0
S01013412,Flat maisonette or apartment or mobile/temporary accommodation,180,166,14,1,13
S01013413,All household spaces,348,336,12,1,11
S01013413,Whole house or bungalow: Total,245,242,3,0,3
S01013413,Whole house or bungalow: Detached,124,121,3,0,3
S01013413,Whole house or bungalow: Semi-detached,97,97,0,0,0
S01013413,Whole house or bungalow: Terraced (including end-terrace),24,24,0,0,0
S01013413,Flat maisonette or apartment or mobile/temporary accommodation,103,94,9,1,8
S01013414,All household spaces,496,484,12,0,12
S01013414,Whole house or bungalow: Total,143,140,3,0,3
S01013414,Whole house or bungalow: Detached,48,48,0,0,0
S01013414,Whole house or bungalow: Semi-detached,39,39,0,0,0
S01013414,Whole house or bungalow: Terraced (including end-terrace),56,53,3,0,3
S01013414,Flat maisonette or apartment or mobile/temporary accommodation,353,344,9,0,9
S01013415,All household spaces,396,385,11,1,10
S01013415,Whole house or bungalow: Total,96,95,1,1,0
S01013415,Whole house or bungalow: Detached,20,19,1,1,0
S01013415,Whole house or bungalow: Semi-detached,33,33,0,0,0
S01013415,Whole house or bungalow: Terraced (including end-terrace),43,43,0,0,0
S01013415,Flat maisonette or apartment or mobile/temporary accommodation,300,290,10,0,10
S01013416,All household spaces,276,276,0,0,0
S01013416,Whole house or bungalow: Total,175,175,0,0,0
S01013416,Whole house or bungalow: Detached,17,17,0,0,0
S01013416,Whole house or bungalow: Semi-detached,103,103,0,0,0
S01013416,Whole house or bungalow: Terraced (including end-terrace),55,55,0,0,0
S01013416,Flat maisonette or apartment or mobile/temporary accommodation,101,101,0,0,0
S01013417,All household spaces,458,442,16,0,16
S01013417,Whole house or bungalow: Total,195,188,7,0,7
S01013417,Whole house or bungalow: Detached,40,40,0,0,0
S01013417,Whole house or bungalow: Semi-detached,68,67,1,0,1
S01013417,Whole house or bungalow: Terraced (including end-terrace),87,81,6,0,6
S01013417,Flat maisonette or apartment or mobile/temporary accommodation,263,254,9,0,9
S01013418,All household spaces,262,256,6,1,5
S01013418,Whole house or bungalow: Total,224,218,6,1,5
S01013418,Whole house or bungalow: Detached,52,52,0,0,0
S01013418,Whole house or bungalow: Semi-detached,101,98,3,1,2
S01013418,Whole house or bungalow: Terraced (including end-terrace),71,68,3,0,3
S01013418,Flat maisonette or apartment or mobile/temporary accommodation,38,38,0,0,0
S01013419,All household spaces,189,187,2,0,2
S01013419,Whole house or bungalow: Total,177,175,2,0,2
S01013419,Whole house or bungalow: Detached,72,71,1,0,1
S01013419,Whole house or bungalow: Semi-detached,82,82,0,0,0
S01013419,Whole house or bungalow: Terraced (including end-terrace),23,22,1,0,1
S01013419,Flat maisonette or apartment or mobile/temporary accommodation,12,12,0,0,0
S01013420,All household spaces,272,265,7,0,7
S01013420,Whole house or bungalow: Total,222,215,7,0,7
S01013420,Whole house or bungalow: Detached,22,22,0,0,0
S01013420,Whole house or bungalow: Semi-detached,89,87,2,0,2
S01013420,Whole house or bungalow: Terraced (including end-terrace),111,106,5,0,5
S01013420,Flat maisonette or apartment or mobile/temporary accommodation,50,50,0,0,0
S01013421,All household spaces,281,278,3,0,3
S01013421,Whole house or bungalow: Total,271,268,3,0,3
S01013421,Whole house or bungalow: Detached,179,177,2,0,2
S01013421,Whole house or bungalow: Semi-detached,65,64,1,0,1
S01013421,Whole house or bungalow: Terraced (including end-terrace),27,27,0,0,0
S01013421,Flat maisonette or apartment or mobile/temporary accommodation,10,10,0,0,0
S01013422,All household spaces,309,303,6,0,6
S01013422,Whole house or bungalow: Total,304,298,6,0,6
S01013422,Whole house or bungalow: Detached,22,22,0,0,0
S01013422,Whole house or bungalow: Semi-detached,195,189,6,0,6
S01013422,Whole house or bungalow: Terraced (including end-terrace),87,87,0,0,0
S01013422,Flat maisonette or apartment or mobile/temporary accommodation,5,5,0,0,0
S01013423,All household spaces,337,332,5,1,4
S01013423,Whole house or bungalow: Total,319,315,4,1,3
S01013423,Whole house or bungalow: Detached,102,101,1,0,1
S01013423,Whole house or bungalow: Semi-detached,158,156,2,0,2
S01013423,Whole house or bungalow: Terraced (including end-terrace),59,58,1,1,0
S01013423,Flat maisonette or apartment or mobile/temporary accommodation,18,17,1,0,1
S01013424,All household spaces,192,188,4,1,3
S01013424,Whole house or bungalow: Total,182,178,4,1,3
S01013424,Whole house or bungalow: Detached,127,125,2,0,2
S01013424,Whole house or bungalow: Semi-detached,39,37,2,1,1
S01013424,Whole house or bungalow: Terraced (including end-terrace),16,16,0,0,0
S01013424,Flat maisonette or apartment or mobile/temporary accommodation,10,10,0,0,0
S01013425,All household spaces,199,199,0,0,0
S01013425,Whole house or bungalow: Total,143,143,0,0,0
S01013425,Whole house or bungalow: Detached,59,59,0,0,0
S01013425,Whole house or bungalow: Semi-detached,54,54,0,0,0
S01013425,Whole house or bungalow: Terraced (including end-terrace),30,30,0,0,0
S01013425,Flat maisonette or apartment or mobile/temporary accommodation,56,56,0,0,0
S01013426,All household spaces,371,368,3,1,2
S01013426,Whole house or bungalow: Total,337,334,3,1,2
S01013426,Whole house or bungalow: Detached,19,19,0,0,0
S01013426,Whole house or bungalow: Semi-detached,148,147,1,0,1
S01013426,Whole house or bungalow: Terraced (including end-terrace),170,168,2,1,1
S01013426,Flat maisonette or apartment or mobile/temporary accommodation,34,34,0,0,0
S01013427,All household spaces,173,171,2,0,2
S01013427,Whole house or bungalow: Total,135,134,1,0,1
S01013427,Whole house or bungalow: Detached,109,108,1,0,1
S01013427,Whole house or bungalow: Semi-detached,19,19,0,0,0
S01013427,Whole house or bungalow: Terraced (including end-terrace),7,7,0,0,0
S01013427,Flat maisonette or apartment or mobile/temporary accommodation,38,37,1,0,1
S01013428,All household spaces,383,379,4,0,4
S01013428,Whole house or bungalow: Total,294,290,4,0,4
S01013428,Whole house or bungalow: Detached,46,45,1,0,1
S01013428,Whole house or bungalow: Semi-detached,190,187,3,0,3
S01013428,Whole house or bungalow: Terraced (including end-terrace),58,58,0,0,0
S01013428,Flat maisonette or apartment or mobile/temporary accommodation,89,89,0,0,0
S01013429,All household spaces,309,300,9,0,9
S01013429,Whole house or bungalow: Total,266,257,9,0,9
S01013429,Whole house or bungalow: Detached,75,72,3,0,3
S01013429,Whole house or bungalow: Semi-detached,108,102,6,0,6
S01013429,Whole house or bungalow: Terraced (including end-terrace),83,83,0,0,0
S01013429,Flat maisonette or apartment or mobile/temporary accommodation,43,43,0,0,0
S01013430,All household spaces,279,277,2,0,2
S01013430,Whole house or bungalow: Total,269,267,2,0,2
S01013430,Whole house or bungalow: Detached,79,79,0,0,0
S01013430,Whole house or bungalow: Semi-detached,127,126,1,0,1
S01013430,Whole house or bungalow: Terraced (including end-terrace),63,62,1,0,1
S01013430,Flat maisonette or apartment or mobile/temporary accommodation,10,10,0,0,0
S01013431,All household spaces,310,304,6,0,6
S01013431,Whole house or bungalow: Total,261,258,3,0,3
S01013431,Whole house or bungalow: Detached,81,81,0,0,0
S01013431,Whole house or bungalow: Semi-detached,81,79,2,0,2
S01013431,Whole house or bungalow: Terraced (including end-terrace),99,98,1,0,1
S01013431,Flat maisonette or apartment or mobile/temporary accommodation,49,46,3,0,3
S01013432,All household spaces,303,293,10,4,6
S01013432,Whole house or bungalow: Total,281,274,7,4,3
S01013432,Whole house or bungalow: Detached,101,98,3,2,1
S01013432,Whole house or bungalow: Semi-detached,72,71,1,1,0
S01013432,Whole house or bungalow: Terraced (including end-terrace),108,105,3,1,2
S01013432,Flat maisonette or apartment or mobile/temporary accommodation,22,19,3,0,3
S01013433,All household spaces,322,309,13,2,11
S01013433,Whole house or bungalow: Total,299,286,13,2,11
S01013433,Whole house or bungalow: Detached,149,144,5,1,4
S01013433,Whole house or bungalow: Semi-detached,52,52,0,0,0
S01013433,Whole house or bungalow: Terraced (including end-terrace),98,90,8,1,7
S01013433,Flat maisonette or apartment or mobile/temporary accommodation,23,23,0,0,0
S01013434,All household spaces,215,207,8,4,4
S01013434,Whole house or bungalow: Total,199,193,6,4,2
S01013434,Whole house or bungalow: Detached,133,131,2,1,1
S01013434,Whole house or bungalow: Semi-detached,36,33,3,3,0
S01013434,Whole house or bungalow: Terraced (including end-terrace),30,29,1,0,1
S01013434,Flat maisonette or apartment or mobile/temporary accommodation,16,14,2,0,2
S01013435,All household spaces,223,221,2,1,1
S01013435,Whole house or bungalow: Total,204,202,2,1,1
S01013435,Whole house or bungalow: Detached,166,166,0,0,0
S01013435,Whole house or bungalow: Semi-detached,35,34,1,1,0
S01013435,Whole house or bungalow: Terraced (including end-terrace),3,2,1,0,1
S01013435,Flat maisonette or apartment or mobile/temporary accommodation,19,19,0,0,0
S01013436,All household spaces,343,339,4,2,2
S01013436,Whole house or bungalow: Total,330,326,4,2,2
S01013436,Whole house or bungalow: Detached,53,53,0,0,0
S01013436,Whole house or bungalow: Semi-detached,124,122,2,2,0
S01013436,Whole house or bungalow: Terraced (including end-terrace),153,151,2,0,2
S01013436,Flat maisonette or apartment or mobile/temporary accommodation,13,13,0,0,0
S01013437,All household spaces,314,308,6,1,5
S01013437,Whole house or bungalow: Total,160,159,1,0,1
S01013437,Whole house or bungalow: Detached,51,51,0,0,0
S01013437,Whole house or bungalow: Semi-detached,26,26,0,0,0
S01013437,Whole house or bungalow: Terraced (including end-terrace),83,82,1,0,1
S01013437,Flat maisonette or apartment or mobile/temporary accommodation,154,149,5,1,4
S01013438,All household spaces,291,285,6,1,5
S01013438,Whole house or bungalow: Total,143,139,4,0,4
S01013438,Whole house or bungalow: Detached,46,45,1,0,1
S01013438,Whole house or bungalow: Semi-detached,25,25,0,0,0
S01013438,Whole house or bungalow: Terraced (including end-terrace),72,69,3,0,3
S01013438,Flat maisonette or apartment or mobile/temporary accommodation,148,146,2,1,1
S01013439,All household spaces,353,351,2,1,1
S01013439,Whole house or bungalow: Total,348,346,2,1,1
S01013439,Whole house or bungalow: Detached,223,223,0,0,0
S01013439,Whole house or bungalow: Semi-detached,100,99,1,1,0
S01013439,Whole house or bungalow: Terraced (including end-terrace),25,24,1,0,1
S01013439,Flat maisonette or apartment or mobile/temporary accommodation,5,5,0,0,0
S01013440,All household spaces,382,378,4,1,3
S01013440,Whole house or bungalow: Total,379,375,4,1,3
S01013440,Whole house or bungalow: Detached,320,317,3,1,2
S01013440,Whole house or bungalow: Semi-detached,38,37,1,0,1
S01013440,Whole house or bungalow: Terraced (including end-terrace),21,21,0,0,0
S01013440,Flat maisonette or apartment or mobile/temporary accommodation,3,3,0,0,0
S01013441,All household spaces,323,317,6,4,2
S01013441,Whole house or bungalow: Total,244,242,2,1,1
S01013441,Whole house or bungalow: Detached,136,135,1,0,1
S01013441,Whole house or bungalow: Semi-detached,78,78,0,0,0
S01013441,Whole house or bungalow: Terraced (including end-terrace),30,29,1,1,0
S01013441,Flat maisonette or apartment or mobile/temporary accommodation,79,75,4,3,1
S01013442,All household spaces,336,328,8,4,4
S01013442,Whole house or bungalow: Total,215,208,7,4,3
S01013442,Whole house or bungalow: Detached,48,47,1,0,1
S01013442,Whole house or bungalow: Semi-detached,129,129,0,0,0
S01013442,Whole house or bungalow: Terraced (including end-terrace),38,32,6,4,2
S01013442,Flat maisonette or apartment or mobile/temporary accommodation,121,120,1,0,1
S01013443,All household spaces,303,295,8,2,6
S01013443,Whole house or bungalow: Total,168,164,4,1,3
S01013443,Whole house or bungalow: Detached,67,67,0,0,0
S01013443,Whole house or bungalow: Semi-detached,70,67,3,0,3
S01013443,Whole house or bungalow: Terraced (including end-terrace),31,30,1,1,0
S01013443,Flat maisonette or apartment or mobile/temporary accommodation,135,131,4,1,3
S01013444,All household spaces,548,520,28,8,20
S01013444,Whole house or bungalow: Total,103,98,5,1,4
S01013444,Whole house or bungalow: Detached,51,48,3,1,2
S01013444,Whole house or bungalow: Semi-detached,18,16,2,0,2
S01013444,Whole house or bungalow: Terraced (including end-terrace),34,34,0,0,0
S01013444,Flat maisonette or apartment or mobile/temporary accommodation,445,422,23,7,16
S01013445,All household spaces,254,252,2,0,2
S01013445,Whole house or bungalow: Total,186,184,2,0,2
S01013445,Whole house or bungalow: Detached,127,125,2,0,2
S01013445,Whole house or bungalow: Semi-detached,57,57,0,0,0
S01013445,Whole house or bungalow: Terraced (including end-terrace),2,2,0,0,0
S01013445,Flat maisonette or apartment or mobile/temporary accommodation,68,68,0,0,0
S01013446,All household spaces,309,309,0,0,0
S01013446,Whole house or bungalow: Total,274,274,0,0,0
S01013446,Whole house or bungalow: Detached,69,69,0,0,0
S01013446,Whole house or bungalow: Semi-detached,73,73,0,0,0
S01013446,Whole house or bungalow: Terraced (including end-terrace),132,132,0,0,0
S01013446,Flat maisonette or apartment or mobile/temporary accommodation,35,35,0,0,0
S01013447,All household spaces,198,198,0,0,0
S01013447,Whole house or bungalow: Total,173,173,0,0,0
S01013447,Whole house or bungalow: Detached,143,143,0,0,0
S01013447,Whole house or bungalow: Semi-detached,24,24,0,0,0
S01013447,Whole house or bungalow: Terraced (including end-terrace),6,6,0,0,0
S01013447,Flat maisonette or apartment or mobile/temporary accommodation,25,25,0,0,0
S01013448,All household spaces,394,390,4,0,4
S01013448,Whole house or bungalow: Total,248,246,2,0,2
S01013448,Whole house or bungalow: Detached,139,139,0,0,0
S01013448,Whole house or bungalow: Semi-detached,81,79,2,0,2
S01013448,Whole house or bungalow: Terraced (including end-terrace),28,28,0,0,0
S01013448,Flat maisonette or apartment or mobile/temporary accommodation,146,144,2,0,2
S01013449,All household spaces,274,273,1,0,1
S01013449,Whole house or bungalow: Total,253,252,1,0,1
S01013449,Whole house or bungalow: Detached,82,82,0,0,0
S01013449,Whole house or bungalow: Semi-detached,158,157,1,0,1
S01013449,Whole house or bungalow: Terraced (including end-terrace),13,13,0,0,0
S01013449,Flat maisonette or apartment or mobile/temporary accommodation,21,21,0,0,0
S01013450,All household spaces,249,249,0,0,0
S01013450,Whole house or bungalow: Total,229,229,0,0,0
S01013450,Whole house or bungalow: Detached,63,63,0,0,0
S01013450,Whole house or bungalow: Semi-detached,103,103,0,0,0
S01013450,Whole house or bungalow: Terraced (including end-terrace),63,63,0,0,0
S01013450,Flat maisonette or apartment or mobile/temporary accommodation,20,20,0,0,0
S01013451,All household spaces,297,296,1,1,0
S01013451,Whole house or bungalow: Total,292,291,1,1,0
S01013451,Whole house or bungalow: Detached,162,162,0,0,0
S01013451,Whole house or bungalow: Semi-detached,112,111,1,1,0
S01013451,Whole house or bungalow: Terraced (including end-terrace),18,18,0,0,0
S01013451,Flat maisonette or apartment or mobile/temporary accommodation,5,5,0,0,0
S01013452,All household spaces,305,300,5,0,5
S01013452,Whole house or bungalow: Total,277,273,4,0,4
S01013452,Whole house or bungalow: Detached,139,136,3,0,3
S01013452,Whole house or bungalow: Semi-detached,93,93,0,0,0
S01013452,Whole house or bungalow: Terraced (including end-terrace),45,44,1,0,1
S01013452,Flat maisonette or apartment or mobile/temporary accommodation,28,27,1,0,1
S01013453,All household spaces,352,344,8,0,8
S01013453,Whole house or bungalow: Total,184,181,3,0,3
S01013453,Whole house or bungalow: Detached,24,23,1,0,1
S01013453,Whole house or bungalow: Semi-detached,93,93,0,0,0
S01013453,Whole house or bungalow: Terraced (including end-terrace),67,65,2,0,2
S01013453,Flat maisonette or apartment or mobile/temporary accommodation,168,163,5,0,5
S01013454,All household spaces,328,317,11,0,11
S01013454,Whole house or bungalow: Total,274,266,8,0,8
S01013454,Whole house or bungalow: Detached,98,93,5,0,5
S01013454,Whole house or bungalow: Semi-detached,61,59,2,0,2
S01013454,Whole house or bungalow: Terraced (including end-terrace),115,114,1,0,1
S01013454,Flat maisonette or apartment or mobile/temporary accommodation,54,51,3,0,3
S01013455,All household spaces,275,262,13,3,10
S01013455,Whole house or bungalow: Total,204,195,9,3,6
S01013455,Whole house or bungalow: Detached,85,80,5,3,2
S01013455,Whole house or bungalow: Semi-detached,71,67,4,0,4
S01013455,Whole house or bungalow: Terraced (including end-terrace),48,48,0,0,0
S01013455,Flat maisonette or apartment or mobile/temporary accommodation,71,67,4,0,4
S01013456,All household spaces,386,372,14,1,13
S01013456,Whole house or bungalow: Total,310,299,11,1,10
S01013456,Whole house or bungalow: Detached,33,33,0,0,0
S01013456,Whole house or bungalow: Semi-detached,82,82,0,0,0
S01013456,Whole house or bungalow: Terraced (including end-terrace),195,184,11,1,10
S01013456,Flat maisonette or apartment or mobile/temporary accommodation,76,73,3,0,3
S01013457,All household spaces,390,384,6,1,5
S01013457,Whole house or bungalow: Total,238,234,4,1,3
S01013457,Whole house or bungalow: Detached,11,11,0,0,0
S01013457,Whole house or bungalow: Semi-detached,105,103,2,0,2
S01013457,Whole house or bungalow: Terraced (including end-terrace),122,120,2,1,1
S01013457,Flat maisonette or apartment or mobile/temporary accommodation,152,150,2,0,2
S01013458,All household spaces,342,333,9,1,8
S01013458,Whole house or bungalow: Total,215,211,4,0,4
S01013458,Whole house or bungalow: Detached,53,51,2,0,2
S01013458,Whole house or bungalow: Semi-detached,113,112,1,0,1
S01013458,Whole house or bungalow: Terraced (including end-terrace),49,48,1,0,1
S01013458,Flat maisonette or apartment or mobile/temporary accommodation,127,122,5,1,4
S01013459,All household spaces,427,421,6,0,6
S01013459,Whole house or bungalow: Total,143,141,2,0,2
S01013459,Whole house or bungalow: Detached,33,33,0,0,0
S01013459,Whole house or bungalow: Semi-detached,48,46,2,0,2
S01013459,Whole house or bungalow: Terraced (including end-terrace),62,62,0,0,0
S01013459,Flat maisonette or apartment or mobile/temporary accommodation,284,280,4,0,4
S01013460,All household spaces,350,346,4,0,4
S01013460,Whole house or bungalow: Total,283,280,3,0,3
S01013460,Whole house or bungalow: Detached,12,12,0,0,0
S01013460,Whole house or bungalow: Semi-detached,195,193,2,0,2
S01013460,Whole house or bungalow: Terraced (including end-terrace),76,75,1,0,1
S01013460,Flat maisonette or apartment or mobile/temporary accommodation,67,66,1,0,1
S01013461,All household spaces,446,443,3,0,3
S01013461,Whole house or bungalow: Total,389,386,3,0,3
S01013461,Whole house or bungalow: Detached,105,104,1,0,1
S01013461,Whole house or bungalow: Semi-detached,103,103,0,0,0
S01013461,Whole house or bungalow: Terraced (including end-terrace),181,179,2,0,2
S01013461,Flat maisonette or apartment or mobile/temporary accommodation,57,57,0,0,0
S01013462,All household spaces,360,354,6,0,6
S01013462,Whole house or bungalow: Total,314,308,6,0,6
S01013462,Whole house or bungalow: Detached,110,108,2,0,2
S01013462,Whole house or bungalow: Semi-detached,72,72,0,0,0
S01013462,Whole house or bungalow: Terraced (including end-terrace),132,128,4,0,4
S01013462,Flat maisonette or apartment or mobile/temporary accommodation,46,46,0,0,0
S01013463,All household spaces,218,216,2,0,2
S01013463,Whole house or bungalow: Total,194,192,2,0,2
S01013463,Whole house or bungalow: Detached,20,20,0,0,0
S01013463,Whole house or bungalow: Semi-detached,96,95,1,0,1
S01013463,Whole house or bungalow: Terraced (including end-terrace),78,77,1,0,1
S01013463,Flat maisonette or apartment or mobile/temporary accommodation,24,24,0,0,0
S01013464,All household spaces,329,323,6,0,6
S01013464,Whole house or bungalow: Total,300,295,5,0,5
S01013464,Whole house or bungalow: Detached,86,85,1,0,1
S01013464,Whole house or bungalow: Semi-detached,77,76,1,0,1
S01013464,Whole house or bungalow: Terraced (including end-terrace),137,134,3,0,3
S01013464,Flat maisonette or apartment or mobile/temporary accommodation,29,28,1,0,1
S01013465,All household spaces,340,337,3,1,2
S01013465,Whole house or bungalow: Total,282,280,2,0,2
S01013465,Whole house or bungalow: Detached,57,57,0,0,0
S01013465,Whole house or bungalow: Semi-detached,119,118,1,0,1
S01013465,Whole house or bungalow: Terraced (including end-terrace),106,105,1,0,1
S01013465,Flat maisonette or apartment or mobile/temporary accommodation,58,57,1,1,0
S01013466,All household spaces,120,116,4,1,3
S01013466,Whole house or bungalow: Total,113,109,4,1,3
S01013466,Whole house or bungalow: Detached,71,68,3,1,2
S01013466,Whole house or bungalow: Semi-detached,34,33,1,0,1
S01013466,Whole house or bungalow: Terraced (including end-terrace),8,8,0,0,0
S01013466,Flat maisonette or apartment or mobile/temporary accommodation,7,7,0,0,0
S01013467,All household spaces,366,364,2,0,2
S01013467,Whole house or bungalow: Total,362,360,2,0,2
S01013467,Whole house or bungalow: Detached,199,198,1,0,1
S01013467,Whole house or bungalow: Semi-detached,109,108,1,0,1
S01013467,Whole house or bungalow: Terraced (including end-terrace),54,54,0,0,0
S01013467,Flat maisonette or apartment or mobile/temporary accommodation,4,4,0,0,0
S01013468,All household spaces,314,312,2,0,2
S01013468,Whole house or bungalow: Total,133,132,1,0,1
S01013468,Whole house or bungalow: Detached,34,33,1,0,1
S01013468,Whole house or bungalow: Semi-detached,62,62,0,0,0
S01013468,Whole house or bungalow: Terraced (including end-terrace),37,37,0,0,0
S01013468,Flat maisonette or apartment or mobile/temporary accommodation,181,180,1,0,1
S01013469,All household spaces,330,329,1,0,1
S01013469,Whole house or bungalow: Total,305,304,1,0,1
S01013469,Whole house or bungalow: Detached,70,70,0,0,0
S01013469,Whole house or bungalow: Semi-detached,105,105,0,0,0
S01013469,Whole house or bungalow: Terraced (including end-terrace),130,129,1,0,1
S01013469,Flat maisonette or apartment or mobile/temporary accommodation,25,25,0,0,0
S01013470,All household spaces,338,321,17,0,17
S01013470,Whole house or bungalow: Total,146,141,5,0,5
S01013470,Whole house or bungalow: Detached,19,19,0,0,0
S01013470,Whole house or bungalow: Semi-detached,96,91,5,0,5
S01013470,Whole house or bungalow: Terraced (including end-terrace),31,31,0,0,0
S01013470,Flat maisonette or apartment or mobile/temporary accommodation,192,180,12,0,12
S01013471,All household spaces,385,383,2,0,2
S01013471,Whole house or bungalow: Total,340,338,2,0,2
S01013471,Whole house or bungalow: Detached,41,40,1,0,1
S01013471,Whole house or bungalow: Semi-detached,72,71,1,0,1
S01013471,Whole house or bungalow: Terraced (including end-terrace),227,227,0,0,0
S01013471,Flat maisonette or apartment or mobile/temporary accommodation,45,45,0,0,0
S01013472,All household spaces,213,208,5,0,5
S01013472,Whole house or bungalow: Total,204,199,5,0,5
S01013472,Whole house or bungalow: Detached,163,159,4,0,4
S01013472,Whole house or bungalow: Semi-detached,21,21,0,0,0
S01013472,Whole house or bungalow: Terraced (including end-terrace),20,19,1,0,1
S01013472,Flat maisonette or apartment or mobile/temporary accommodation,9,9,0,0,0
S01013473,All household spaces,213,213,0,0,0
S01013473,Whole house or bungalow: Total,208,208,0,0,0
S01013473,Whole house or bungalow: Detached,169,169,0,0,0
S01013473,Whole house or bungalow: Semi-detached,7,7,0,0,0
S01013473,Whole house or bungalow: Terraced (including end-terrace),32,32,0,0,0
S01013473,Flat maisonette or apartment or mobile/temporary accommodation,5,5,0,0,0
S01013474,All household spaces,244,238,6,0,6
S01013474,Whole house or bungalow: Total,222,216,6,0,6
S01013474,Whole house or bungalow: Detached,94,89,5,0,5
S01013474,Whole house or bungalow: Semi-detached,98,97,1,0,1
S01013474,Whole house or bungalow: Terraced (including end-terrace),30,30,0,0,0
S01013474,Flat maisonette or apartment or mobile/temporary accommodation,22,22,0,0,0
S01013475,All household spaces,248,246,2,0,2
S01013475,Whole house or bungalow: Total,231,229,2,0,2
S01013475,Whole house or bungalow: Detached,77,77,0,0,0
S01013475,Whole house or bungalow: Semi-detached,117,117,0,0,0
S01013475,Whole house or bungalow: Terraced (including end-terrace),37,35,2,0,2
S01013475,Flat maisonette or apartment or mobile/temporary accommodation,17,17,0,0,0
S01013476,All household spaces,281,271,10,0,10
S01013476,Whole house or bungalow: Total,205,200,5,0,5
S01013476,Whole house or bungalow: Detached,67,67,0,0,0
S01013476,Whole house or bungalow: Semi-detached,100,96,4,0,4
S01013476,Whole house or bungalow: Terraced (including end-terrace),38,37,1,0,1
S01013476,Flat maisonette or apartment or mobile/temporary accommodation,76,71,5,0,5
S01013477,All household spaces,316,303,13,1,12
S01013477,Whole house or bungalow: Total,148,140,8,1,7
S01013477,Whole house or bungalow: Detached,24,23,1,0,1
S01013477,Whole house or bungalow: Semi-detached,47,44,3,1,2
S01013477,Whole house or bungalow: Terraced (including end-terrace),77,73,4,0,4
S01013477,Flat maisonette or apartment or mobile/temporary accommodation,168,163,5,0,5
S01013478,All household spaces,360,358,2,0,2
S01013478,Whole house or bungalow: Total,235,235,0,0,0
S01013478,Whole house or bungalow: Detached,90,90,0,0,0
S01013478,Whole house or bungalow: Semi-detached,64,64,0,0,0
S01013478,Whole house or bungalow: Terraced (including end-terrace),81,81,0,0,0
S01013478,Flat maisonette or apartment or mobile/temporary accommodation,125,123,2,0,2
S01013479,All household spaces,435,428,7,0,7
S01013479,Whole house or bungalow: Total,188,186,2,0,2
S01013479,Whole house or bungalow: Detached,57,56,1,0,1
S01013479,Whole house or bungalow: Semi-detached,49,49,0,0,0
S01013479,Whole house or bungalow: Terraced (including end-terrace),82,81,1,0,1
S01013479,Flat maisonette or apartment or mobile/temporary accommodation,247,242,5,0,5
S01013480,All household spaces,312,302,10,1,9
S01013480,Whole house or bungalow: Total,295,285,10,1,9
S01013480,Whole house or bungalow: Detached,8,8,0,0,0
S01013480,Whole house or bungalow: Semi-detached,65,64,1,0,1
S01013480,Whole house or bungalow: Terraced (including end-terrace),222,213,9,1,8
S01013480,Flat maisonette or apartment or mobile/temporary accommodation,17,17,0,0,0
S01013481,All household spaces,195,189,6,0,6
S01013481,Whole house or bungalow: Total,167,163,4,0,4
S01013481,Whole house or bungalow: Detached,77,75,2,0,2
S01013481,Whole house or bungalow: Semi-detached,36,36,0,0,0
S01013481,Whole house or bungalow: Terraced (including end-terrace),54,52,2,0,2
S01013481,Flat maisonette or apartment or mobile/temporary accommodation,28,26,2,0,2
